time	species	protein	transcript	ribo_density
0	__protein1_rbs	0.0	0.0	0.0
0	__protein2_rbs	0.0	0.0	0.0
0	__protein3_rbs	0.0	0.0	0.0
0	__ribosome	100.0	0.0	0.0
0	__rnase_site_ext	0.0	0.0	0.0
0	p0	1.0	0.0	0.0
0	p2	1.0	0.0	0.0
0	r1	0.0	0.0	0.0
0	rnapol	4.0	0.0	0.0
1	__protein1_rbs	0.0	0.0	0.0
1	__protein2_rbs	0.0	0.0	0.0
1	__protein3_rbs	0.0	0.0	0.0
1	__ribosome	100.0	0.0	0.0
1	__rnase_site_ext	1.4	0.0	0.0
1	p0	0.2	0.0	0.0
1	p2	0.4	0.0	0.0
1	r1	0.0	0.0	0.0
1	rnapol	2.6	0.0	0.0
2	__protein1_rbs	0.4	0.0	0.0
2	__protein2_rbs	0.0	0.0	0.0
2	__protein3_rbs	0.0	0.0	0.0
2	__ribosome	99.8	0.0	0.0
2	__rnase_site_ext	1.8	0.0	0.0
2	p0	0.6	0.0	0.0
2	p2	0.8	0.0	0.0
2	protein1	0.0	0.6	0.2
2	r1	0.0	0.0	0.0
2	rnapol	2.0	0.0	0.0
3	__protein1_rbs	0.2	0.0	0.0
3	__protein2_rbs	0.0	0.0	0.0
3	__protein3_rbs	0.0	0.0	0.0
3	__ribosome	99.4	0.0	0.0
3	__rnase_site_ext	2.4	0.0	0.0
3	p0	0.8	0.0	0.0
3	p2	1.0	0.0	0.0
3	protein1	0.0	0.8	0.6
3	r1	0.0	0.0	0.0
3	rnapol	1.6	0.0	0.0
4	__protein1_rbs	0.4	0.0	0.0
4	__protein2_rbs	0.0	0.0	0.0
4	__protein3_rbs	0.2	0.0	0.0
4	__ribosome	97.8	0.0	0.0
4	__rnase_site_ext	2.6	0.0	0.0
4	p0	0.8	0.0	0.0
4	p2	0.8	0.0	0.0
4	protein1	0.0	1.4	1.0
4	protein3	0.0	0.8	0.6
4	r1	0.0	0.0	0.0
4	rnapol	1.2	0.0	0.0
5	__protein1_rbs	0.4	0.0	0.0
5	__protein2_rbs	0.0	0.0	0.0
5	__protein3_rbs	0.8	0.0	0.0
5	__ribosome	96.4	0.0	0.0
5	__rnase_site_ext	3.2	0.0	0.0
5	p0	1.0	0.0	0.0
5	p2	0.6	0.0	0.0
5	protein1	0.0	1.4	1.6
5	protein3	0.0	1.0	1.0
5	r1	0.0	0.0	0.0
5	rnapol	0.6	0.0	0.0
6	__protein1_rbs	0.8	0.0	0.0
6	__protein2_rbs	0.0	0.0	0.0
6	__protein3_rbs	0.2	0.0	0.0
6	__ribosome	94.6	0.0	0.0
6	__rnase_site_ext	3.4	0.0	0.0
6	p0	1.0	0.0	0.0
6	p2	1.0	0.0	0.0
6	protein1	0.0	1.8	2.0333334
6	protein3	0.0	1.0	1.8
6	r1	0.0	0.0	0.0
6	rnapol	0.6	0.0	0.0
7	__protein1_rbs	0.8	0.0	0.0
7	__protein2_rbs	0.0	0.0	0.0
7	__protein3_rbs	0.2	0.0	0.0
7	__ribosome	92.6	0.0	0.0
7	__rnase_site_ext	3.6	0.0	0.0
7	p0	0.8	0.0	0.0
7	p2	1.0	0.0	0.0
7	protein1	0.4	1.8	2.5
7	protein3	0.0	1.4	2.3
7	r1	0.0	0.0	0.0
7	rnapol	0.8	0.0	0.0
8	__protein1_rbs	0.2	0.0	0.0
8	__protein2_rbs	0.0	0.0	0.0
8	__protein3_rbs	0.8	0.0	0.0
8	__ribosome	90.4	0.0	0.0
8	__rnase_site_ext	4.2	0.0	0.0
8	p0	1.0	0.0	0.0
8	p2	0.6	0.0	0.0
8	protein1	0.4	2.0	2.8
8	protein3	0.0	1.6	2.6
8	r1	0.4	0.0	0.0
8	rnapol	0.4	0.0	0.0
9	__protein1_rbs	0.2	0.0	0.0
9	__protein2_rbs	0.0	0.0	0.0
9	__protein3_rbs	0.2	0.0	0.0
9	__ribosome	89.8	0.0	0.0
9	__rnase_site_ext	4.0	0.0	0.0
9	p0	1.0	0.0	0.0
9	p2	1.0	0.0	0.0
9	protein1	1.8	2.0	2.9666666
9	protein3	0.8	1.6	2.8
9	r1	0.6	0.0	0.0
9	rnapol	1.0	0.0	0.0
10	__protein1_rbs	1.2	0.0	0.0
10	__protein2_rbs	0.2	0.0	0.0
10	__protein3_rbs	0.8	0.0	0.0
10	__ribosome	89.0	0.0	0.0
10	__rnase_site_ext	4.0	0.0	0.0
10	p0	1.0	0.0	0.0
10	p2	1.0	0.0	0.0
10	protein1	2.4	2.0	2.9666666
10	protein2	0.0	0.2	0.0
10	protein3	1.2	2.2	2.6
10	r1	0.8	0.0	0.0
10	rnapol	1.2	0.0	0.0
11	__protein1_rbs	0.4	0.0	0.0
11	__protein2_rbs	0.0	0.0	0.0
11	__protein3_rbs	0.4	0.0	0.0
11	__ribosome	86.8	0.0	0.0
11	__rnase_site_ext	4.6	0.0	0.0
11	p0	0.8	0.0	0.0
11	p2	0.6	0.0	0.0
11	protein1	3.4	2.0	3.2333334
11	protein2	0.0	0.4	0.4
11	protein3	1.6	2.2	3.1333333999999997
11	r1	0.8	0.0	0.0
11	rnapol	0.8	0.0	0.0
12	__protein1_rbs	0.6	0.0	0.0
12	__protein2_rbs	0.2	0.0	0.0
12	__protein3_rbs	0.2	0.0	0.0
12	__ribosome	86.0	0.0	0.0
12	__rnase_site_ext	5.0	0.0	0.0
12	p0	0.8	0.0	0.0
12	p2	1.0	0.0	0.0
12	protein1	4.6	2.0	3.3333334000000003
12	protein2	0.0	0.6	0.6
12	protein3	2.8	2.0	3.3
12	r1	1.2	0.0	0.0
12	rnapol	0.8	0.0	0.0
13	__protein1_rbs	1.0	0.0	0.0
13	__protein2_rbs	0.4	0.0	0.0
13	__protein3_rbs	1.4	0.0	0.0
13	__ribosome	85.6	0.0	0.0
13	__rnase_site_ext	5.2	0.0	0.0
13	p0	1.0	0.0	0.0
13	p2	1.0	0.0	0.0
13	protein1	5.6	2.6	2.6333332
13	protein2	0.0	0.8	0.9
13	protein3	3.4	2.2	2.9666666
13	r1	1.2	0.0	0.0
13	rnapol	0.8	0.0	0.0
14	__protein1_rbs	0.6	0.0	0.0
14	__protein2_rbs	0.6	0.0	0.0
14	__protein3_rbs	0.2	0.0	0.0
14	__ribosome	83.6	0.0	0.0
14	__rnase_site_ext	5.2	0.0	0.0
14	p0	1.0	0.0	0.0
14	p2	0.8	0.0	0.0
14	protein1	7.2	2.8	2.5000002
14	protein2	0.0	1.2	1.2666666000000002
14	protein3	4.4	2.4	3.3
14	r1	1.4	0.0	0.0
14	rnapol	0.8	0.0	0.0
15	__protein1_rbs	1.0	0.0	0.0
15	__protein2_rbs	0.6	0.0	0.0
15	__protein3_rbs	0.6	0.0	0.0
15	__ribosome	82.2	0.0	0.0
15	__rnase_site_ext	5.4	0.0	0.0
15	p0	1.0	0.0	0.0
15	p2	0.6	0.0	0.0
15	protein1	8.4	2.8	2.6666668
15	protein2	0.2	1.2	1.5333333999999998
15	protein3	5.6	2.4	3.3
15	r1	1.4	0.0	0.0
15	rnapol	0.6	0.0	0.0
16	__protein1_rbs	1.2	0.0	0.0
16	__protein2_rbs	0.8	0.0	0.0
16	__protein3_rbs	0.6	0.0	0.0
16	__ribosome	81.4	0.0	0.0
16	__rnase_site_ext	6.0	0.0	0.0
16	p0	0.8	0.0	0.0
16	p2	0.2	0.0	0.0
16	protein1	9.8	2.8	2.7000002000000003
16	protein2	0.4	1.4	1.6
16	protein3	7.4	2.4	3.3666668
16	r1	1.4	0.0	0.0
16	rnapol	0.6	0.0	0.0
17	__protein1_rbs	0.6	0.0	0.0
17	__protein2_rbs	0.8	0.0	0.0
17	__protein3_rbs	1.2	0.0	0.0
17	__ribosome	80.6	0.0	0.0
17	__rnase_site_ext	6.2	0.0	0.0
17	p0	0.8	0.0	0.0
17	p2	0.6	0.0	0.0
17	protein1	11.2	3.0	2.8
17	protein2	0.8	1.4	1.9
17	protein3	8.6	2.6	3.2
17	r1	1.4	0.0	0.0
17	rnapol	0.4	0.0	0.0
18	__protein1_rbs	1.8	0.0	0.0
18	__protein2_rbs	0.2	0.0	0.0
18	__protein3_rbs	1.2	0.0	0.0
18	__ribosome	78.8	0.0	0.0
18	__rnase_site_ext	6.6	0.0	0.0
18	p0	0.8	0.0	0.0
18	p2	0.4	0.0	0.0
18	protein1	12.6	3.2	2.68
18	protein2	1.2	1.4	2.3
18	protein3	10.0	3.0	2.8000002
18	r1	1.6	0.0	0.0
18	rnapol	0.4	0.0	0.0
19	__protein1_rbs	1.6	0.0	0.0
19	__protein2_rbs	0.6	0.0	0.0
19	__protein3_rbs	1.0	0.0	0.0
19	__ribosome	76.8	0.0	0.0
19	__rnase_site_ext	6.6	0.0	0.0
19	p0	1.0	0.0	0.0
19	p2	0.6	0.0	0.0
19	protein1	14.0	3.4	2.7866668
19	protein2	1.6	1.4	2.6
19	protein3	11.2	3.4	2.78
19	r1	1.6	0.0	0.0
19	rnapol	0.6	0.0	0.0
20	__protein1_rbs	1.6	0.0	0.0
20	__protein2_rbs	0.4	0.0	0.0
20	__protein3_rbs	0.6	0.0	0.0
20	__ribosome	75.2	0.0	0.0
20	__rnase_site_ext	6.8	0.0	0.0
20	p0	0.4	0.0	0.0
20	p2	0.8	0.0	0.0
20	protein1	15.8	3.4	2.7599998
20	protein2	2.4	1.6	2.3666666000000003
20	protein3	13.2	4.0	2.6366666000000003
20	r1	1.8	0.0	0.0
20	rnapol	0.2	0.0	0.0
21	__protein1_rbs	1.2	0.0	0.0
21	__protein2_rbs	1.0	0.0	0.0
21	__protein3_rbs	1.6	0.0	0.0
21	__ribosome	74.0	0.0	0.0
21	__rnase_site_ext	7.0	0.0	0.0
21	p0	0.8	0.0	0.0
21	p2	0.8	0.0	0.0
21	protein1	17.2	3.4	3.09
21	protein2	3.4	1.6	2.1333333999999997
21	protein3	14.8	4.4	2.6166666000000003
21	r1	1.8	0.0	0.0
21	rnapol	0.2	0.0	0.0
22	__protein1_rbs	1.2	0.0	0.0
22	__protein2_rbs	0.2	0.0	0.0
22	__protein3_rbs	1.6	0.0	0.0
22	__ribosome	72.8	0.0	0.0
22	__rnase_site_ext	6.8	0.0	0.0
22	p0	1.0	0.0	0.0
22	p2	1.0	0.0	0.0
22	protein1	19.8	3.8	2.6033334
22	protein2	4.0	1.8	2.7
22	protein3	16.8	4.4	2.74
22	r1	2.0	0.0	0.0
22	rnapol	0.2	0.0	0.0
23	__protein1_rbs	1.0	0.0	0.0
23	__protein2_rbs	0.6	0.0	0.0
23	__protein3_rbs	2.6	0.0	0.0
23	__ribosome	71.4	0.0	0.0
23	__rnase_site_ext	7.0	0.0	0.0
23	p0	0.8	0.0	0.0
23	p2	0.8	0.0	0.0
23	protein1	21.2	3.6	2.9766666
23	protein2	5.2	1.8	2.9333334
23	protein3	18.4	4.6	2.65
23	r1	2.0	0.0	0.0
23	rnapol	0.4	0.0	0.0
24	__protein1_rbs	2.0	0.0	0.0
24	__protein2_rbs	1.0	0.0	0.0
24	__protein3_rbs	1.0	0.0	0.0
24	__ribosome	70.8	0.0	0.0
24	__rnase_site_ext	7.2	0.0	0.0
24	p0	1.0	0.0	0.0
24	p2	0.6	0.0	0.0
24	protein1	22.8	3.8	2.7833334
24	protein2	6.0	2.0	2.6
24	protein3	20.4	4.6	2.93
24	r1	2.0	0.0	0.0
24	rnapol	1.0	0.0	0.0
25	__protein1_rbs	2.4	0.0	0.0
25	__protein2_rbs	0.8	0.0	0.0
25	__protein3_rbs	1.0	0.0	0.0
25	__ribosome	70.2	0.0	0.0
25	__rnase_site_ext	7.2	0.0	0.0
25	p0	1.0	0.0	0.0
25	p2	0.8	0.0	0.0
25	protein1	25.2	3.8	2.6166668
25	protein2	6.8	2.0	2.7333334
25	protein3	23.2	4.6	3.16
25	r1	2.0	0.0	0.0
25	rnapol	1.2	0.0	0.0
26	__protein1_rbs	1.0	0.0	0.0
26	__protein2_rbs	1.0	0.0	0.0
26	__protein3_rbs	3.0	0.0	0.0
26	__ribosome	70.2	0.0	0.0
26	__rnase_site_ext	7.2	0.0	0.0
26	p0	1.0	0.0	0.0
26	p2	0.8	0.0	0.0
26	protein1	27.6	3.8	2.7833332000000004
26	protein2	7.8	2.0	2.9666666
26	protein3	25.6	4.8	2.87
26	r1	2.2	0.0	0.0
26	rnapol	1.6	0.0	0.0
27	__protein1_rbs	1.8	0.0	0.0
27	__protein2_rbs	1.2	0.0	0.0
27	__protein3_rbs	1.4	0.0	0.0
27	__ribosome	68.4	0.0	0.0
27	__rnase_site_ext	7.6	0.0	0.0
27	p0	0.6	0.0	0.0
27	p2	0.4	0.0	0.0
27	protein1	28.8	3.6	3.2333332
27	protein2	8.8	2.0	2.9
27	protein3	27.6	4.8	3.14
27	r1	2.4	0.0	0.0
27	rnapol	1.2	0.0	0.0
28	__protein1_rbs	1.0	0.0	0.0
28	__protein2_rbs	1.2	0.0	0.0
28	__protein3_rbs	2.6	0.0	0.0
28	__ribosome	69.0	0.0	0.0
28	__rnase_site_ext	7.8	0.0	0.0
28	p0	1.0	0.0	0.0
28	p2	1.0	0.0	0.0
28	protein1	31.6	3.6	3.1166666000000003
28	protein2	9.8	2.2	2.7
28	protein3	30.2	5.2	2.8733332000000003
28	r1	2.6	0.0	0.0
28	rnapol	1.2	0.0	0.0
29	__protein1_rbs	1.2	0.0	0.0
29	__protein2_rbs	1.0	0.0	0.0
29	__protein3_rbs	2.4	0.0	0.0
29	__ribosome	68.0	0.0	0.0
29	__rnase_site_ext	8.6	0.0	0.0
29	p0	0.8	0.0	0.0
29	p2	0.2	0.0	0.0
29	protein1	33.2	4.0	2.8733332000000003
29	protein2	11.2	2.6	2.3833333999999997
29	protein3	33.2	5.4	2.7871428000000003
29	r1	2.6	0.0	0.0
29	rnapol	0.4	0.0	0.0
30	__protein1_rbs	1.2	0.0	0.0
30	__protein2_rbs	1.6	0.0	0.0
30	__protein3_rbs	3.6	0.0	0.0
30	__ribosome	68.4	0.0	0.0
30	__rnase_site_ext	8.6	0.0	0.0
30	p0	1.0	0.0	0.0
30	p2	0.8	0.0	0.0
30	protein1	34.8	4.2	3.0533332000000004
30	protein2	12.6	2.6	2.1666666
30	protein3	36.6	5.8	2.3890476
30	r1	2.6	0.0	0.0
30	rnapol	0.4	0.0	0.0
31	__protein1_rbs	2.0	0.0	0.0
31	__protein2_rbs	1.2	0.0	0.0
31	__protein3_rbs	3.4	0.0	0.0
31	__ribosome	68.4	0.0	0.0
31	__rnase_site_ext	8.6	0.0	0.0
31	p0	1.0	0.0	0.0
31	p2	1.0	0.0	0.0
31	protein1	37.4	4.2	2.6866666
31	protein2	13.6	2.6	2.2
31	protein3	38.4	6.4	2.3
31	r1	2.8	0.0	0.0
31	rnapol	0.4	0.0	0.0
32	__protein1_rbs	1.0	0.0	0.0
32	__protein2_rbs	1.4	0.0	0.0
32	__protein3_rbs	2.2	0.0	0.0
32	__ribosome	65.4	0.0	0.0
32	__rnase_site_ext	8.6	0.0	0.0
32	p0	1.0	0.0	0.0
32	p2	0.8	0.0	0.0
32	protein1	39.2	4.2	3.0533334
32	protein2	14.6	2.6	2.3333334
32	protein3	41.8	6.4	2.5226192000000003
32	r1	2.8	0.0	0.0
32	rnapol	0.6	0.0	0.0
33	__protein1_rbs	1.4	0.0	0.0
33	__protein2_rbs	1.6	0.0	0.0
33	__protein3_rbs	2.6	0.0	0.0
33	__ribosome	65.8	0.0	0.0
33	__rnase_site_ext	8.8	0.0	0.0
33	p0	1.0	0.0	0.0
33	p2	0.6	0.0	0.0
33	protein1	42.2	4.2	2.8033334
33	protein2	15.8	2.8	2.2666666
33	protein3	45.2	6.4	2.5878572
33	r1	2.6	0.0	0.0
33	rnapol	0.6	0.0	0.0
34	__protein1_rbs	2.2	0.0	0.0
34	__protein2_rbs	0.8	0.0	0.0
34	__protein3_rbs	2.6	0.0	0.0
34	__ribosome	64.8	0.0	0.0
34	__rnase_site_ext	9.0	0.0	0.0
34	p0	0.8	0.0	0.0
34	p2	0.4	0.0	0.0
34	protein1	44.2	4.2	2.7366667999999996
34	protein2	17.0	2.8	2.2833332000000004
34	protein3	47.4	6.4	2.7278572
34	r1	2.4	0.0	0.0
34	rnapol	0.4	0.0	0.0
35	__protein1_rbs	1.2	0.0	0.0
35	__protein2_rbs	0.4	0.0	0.0
35	__protein3_rbs	3.0	0.0	0.0
35	__ribosome	63.4	0.0	0.0
35	__rnase_site_ext	9.2	0.0	0.0
35	p0	1.0	0.0	0.0
35	p2	0.6	0.0	0.0
35	protein1	47.0	4.2	2.82
35	protein2	18.0	2.8	2.8833333999999997
35	protein3	51.2	6.6	2.5830952000000003
35	r1	2.8	0.0	0.0
35	rnapol	0.6	0.0	0.0
36	__protein1_rbs	1.8	0.0	0.0
36	__protein2_rbs	1.2	0.0	0.0
36	__protein3_rbs	2.0	0.0	0.0
36	__ribosome	61.2	0.0	0.0
36	__rnase_site_ext	9.8	0.0	0.0
36	p0	0.6	0.0	0.0
36	p2	0.8	0.0	0.0
36	protein1	48.8	4.4	2.7933334000000003
36	protein2	19.0	2.4	3.2
36	protein3	53.8	6.8	2.8023812
36	r1	2.8	0.0	0.0
36	rnapol	0.8	0.0	0.0
37	__protein1_rbs	2.4	0.0	0.0
37	__protein2_rbs	1.2	0.0	0.0
37	__protein3_rbs	3.4	0.0	0.0
37	__ribosome	61.2	0.0	0.0
37	__rnase_site_ext	10.2	0.0	0.0
37	p0	0.8	0.0	0.0
37	p2	0.6	0.0	0.0
37	protein1	51.2	4.6	2.5933333999999997
37	protein2	20.4	2.8	2.8333334
37	protein3	57.0	7.2	2.6829363999999996
37	r1	2.8	0.0	0.0
37	rnapol	1.0	0.0	0.0
38	__protein1_rbs	2.4	0.0	0.0
38	__protein2_rbs	1.4	0.0	0.0
38	__protein3_rbs	3.4	0.0	0.0
38	__ribosome	60.8	0.0	0.0
38	__rnase_site_ext	10.4	0.0	0.0
38	p0	0.8	0.0	0.0
38	p2	0.8	0.0	0.0
38	protein1	53.4	4.6	2.5866666
38	protein2	21.6	2.8	2.8333332
38	protein3	60.8	7.8	2.4968254
38	r1	2.8	0.0	0.0
38	rnapol	0.8	0.0	0.0
39	__protein1_rbs	1.8	0.0	0.0
39	__protein2_rbs	1.0	0.0	0.0
39	__protein3_rbs	3.0	0.0	0.0
39	__ribosome	57.8	0.0	0.0
39	__rnase_site_ext	10.4	0.0	0.0
39	p0	1.0	0.0	0.0
39	p2	0.8	0.0	0.0
39	protein1	55.6	4.6	2.73
39	protein2	23.0	2.8	3.0
39	protein3	63.6	8.0	2.6972222
39	r1	2.8	0.0	0.0
39	rnapol	0.6	0.0	0.0
40	__protein1_rbs	3.0	0.0	0.0
40	__protein2_rbs	1.8	0.0	0.0
40	__protein3_rbs	3.6	0.0	0.0
40	__ribosome	59.4	0.0	0.0
40	__rnase_site_ext	10.6	0.0	0.0
40	p0	0.8	0.0	0.0
40	p2	0.8	0.0	0.0
40	protein1	58.2	4.6	2.5066666
40	protein2	24.8	2.8	2.6666668
40	protein3	67.8	8.4	2.5634919999999997
40	r1	2.8	0.0	0.0
40	rnapol	0.2	0.0	0.0
41	__protein1_rbs	1.6	0.0	0.0
41	__protein2_rbs	1.2	0.0	0.0
41	__protein3_rbs	4.2	0.0	0.0
41	__ribosome	60.2	0.0	0.0
41	__rnase_site_ext	10.8	0.0	0.0
41	p0	1.0	0.0	0.0
41	p2	0.8	0.0	0.0
41	protein1	60.8	4.6	2.5333334
41	protein2	26.6	2.8	2.5000002
41	protein3	72.4	8.4	2.486508
41	r1	3.0	0.0	0.0
41	rnapol	0.4	0.0	0.0
42	__protein1_rbs	2.2	0.0	0.0
42	__protein2_rbs	1.2	0.0	0.0
42	__protein3_rbs	4.2	0.0	0.0
42	__ribosome	59.2	0.0	0.0
42	__rnase_site_ext	10.6	0.0	0.0
42	p0	1.0	0.0	0.0
42	p2	0.4	0.0	0.0
42	protein1	63.0	4.8	2.5166666
42	protein2	28.0	2.8	2.3666666000000003
42	protein3	75.6	8.6	2.5666666
42	r1	3.0	0.0	0.0
42	rnapol	0.6	0.0	0.0
43	__protein1_rbs	1.4	0.0	0.0
43	__protein2_rbs	1.0	0.0	0.0
43	__protein3_rbs	3.4	0.0	0.0
43	__ribosome	57.2	0.0	0.0
43	__rnase_site_ext	10.4	0.0	0.0
43	p0	1.0	0.0	0.0
43	p2	0.8	0.0	0.0
43	protein1	65.4	4.8	2.6833334
43	protein2	29.2	3.0	2.35
43	protein3	79.8	8.8	2.6288888
43	r1	3.0	0.0	0.0
43	rnapol	0.6	0.0	0.0
44	__protein1_rbs	2.2	0.0	0.0
44	__protein2_rbs	1.0	0.0	0.0
44	__protein3_rbs	4.2	0.0	0.0
44	__ribosome	57.8	0.0	0.0
44	__rnase_site_ext	10.4	0.0	0.0
44	p0	0.6	0.0	0.0
44	p2	1.0	0.0	0.0
44	protein1	68.2	4.6	2.6
44	protein2	31.0	3.0	2.3666668
44	protein3	84.2	8.8	2.6322222
44	r1	3.2	0.0	0.0
44	rnapol	1.0	0.0	0.0
45	__protein1_rbs	2.4	0.0	0.0
45	__protein2_rbs	1.6	0.0	0.0
45	__protein3_rbs	5.2	0.0	0.0
45	__ribosome	57.6	0.0	0.0
45	__rnase_site_ext	10.2	0.0	0.0
45	p0	0.8	0.0	0.0
45	p2	1.0	0.0	0.0
45	protein1	70.0	5.0	2.6033334
45	protein2	31.8	3.0	2.5
45	protein3	89.0	9.4	2.3619698
45	r1	3.4	0.0	0.0
45	rnapol	1.2	0.0	0.0
46	__protein1_rbs	2.8	0.0	0.0
46	__protein2_rbs	0.8	0.0	0.0
46	__protein3_rbs	4.4	0.0	0.0
46	__ribosome	56.4	0.0	0.0
46	__rnase_site_ext	10.2	0.0	0.0
46	p0	1.0	0.0	0.0
46	p2	1.0	0.0	0.0
46	protein1	72.6	5.2	2.4833334
46	protein2	33.4	3.2	2.6
46	protein3	93.0	9.2	2.4677778
46	r1	3.4	0.0	0.0
46	rnapol	1.4	0.0	0.0
47	__protein1_rbs	3.6	0.0	0.0
47	__protein2_rbs	1.0	0.0	0.0
47	__protein3_rbs	3.4	0.0	0.0
47	__ribosome	54.0	0.0	0.0
47	__rnase_site_ext	10.0	0.0	0.0
47	p0	0.8	0.0	0.0
47	p2	0.6	0.0	0.0
47	protein1	74.8	5.2	2.4066666000000003
47	protein2	34.4	3.4	2.8133332
47	protein3	97.0	9.0	2.708889
47	r1	3.6	0.0	0.0
47	rnapol	1.0	0.0	0.0
48	__protein1_rbs	1.4	0.0	0.0
48	__protein2_rbs	1.8	0.0	0.0
48	__protein3_rbs	4.6	0.0	0.0
48	__ribosome	54.6	0.0	0.0
48	__rnase_site_ext	10.4	0.0	0.0
48	p0	1.0	0.0	0.0
48	p2	0.6	0.0	0.0
48	protein1	77.6	5.0	2.6966666
48	protein2	36.4	3.4	2.5866667999999997
48	protein3	101.6	8.4	2.8099206000000003
48	r1	3.6	0.0	0.0
48	rnapol	0.8	0.0	0.0
49	__protein1_rbs	2.2	0.0	0.0
49	__protein2_rbs	2.2	0.0	0.0
49	__protein3_rbs	4.2	0.0	0.0
49	__ribosome	54.0	0.0	0.0
49	__rnase_site_ext	10.6	0.0	0.0
49	p0	1.0	0.0	0.0
49	p2	0.6	0.0	0.0
49	protein1	80.0	5.2	2.6233334
49	protein2	37.6	3.6	2.5466666
49	protein3	105.8	8.0	2.9404762000000004
49	r1	3.6	0.0	0.0
49	rnapol	0.6	0.0	0.0
50	__protein1_rbs	2.2	0.0	0.0
50	__protein2_rbs	1.8	0.0	0.0
50	__protein3_rbs	3.8	0.0	0.0
50	__ribosome	53.4	0.0	0.0
50	__rnase_site_ext	10.8	0.0	0.0
50	p0	0.8	0.0	0.0
50	p2	0.8	0.0	0.0
50	protein1	82.0	5.0	2.8600000000000003
50	protein2	39.4	3.6	2.5233334
50	protein3	110.0	8.4	2.8701588
50	r1	3.6	0.0	0.0
50	rnapol	0.8	0.0	0.0
51	__protein1_rbs	2.4	0.0	0.0
51	__protein2_rbs	1.6	0.0	0.0
51	__protein3_rbs	5.0	0.0	0.0
51	__ribosome	56.4	0.0	0.0
51	__rnase_site_ext	10.8	0.0	0.0
51	p0	1.0	0.0	0.0
51	p2	0.4	0.0	0.0
51	protein1	85.0	5.2	2.7547620000000004
51	protein2	41.2	3.6	2.4466666
51	protein3	115.8	8.6	2.4692857999999998
51	r1	3.8	0.0	0.0
51	rnapol	1.2	0.0	0.0
52	__protein1_rbs	1.8	0.0	0.0
52	__protein2_rbs	2.2	0.0	0.0
52	__protein3_rbs	4.4	0.0	0.0
52	__ribosome	56.6	0.0	0.0
52	__rnase_site_ext	11.6	0.0	0.0
52	p0	0.8	0.0	0.0
52	p2	0.6	0.0	0.0
52	protein1	87.0	5.2	2.8404762000000003
52	protein2	43.6	3.6	2.15
52	protein3	119.8	8.8	2.444603
52	r1	3.8	0.0	0.0
52	rnapol	0.4	0.0	0.0
53	__protein1_rbs	1.8	0.0	0.0
53	__protein2_rbs	1.2	0.0	0.0
53	__protein3_rbs	3.2	0.0	0.0
53	__ribosome	56.0	0.0	0.0
53	__rnase_site_ext	12.0	0.0	0.0
53	p0	1.0	0.0	0.0
53	p2	0.6	0.0	0.0
53	protein1	90.6	5.4	2.775
53	protein2	45.6	3.8	2.14
53	protein3	125.2	8.8	2.444603
53	r1	3.6	0.0	0.0
53	rnapol	0.2	0.0	0.0
54	__protein1_rbs	2.8	0.0	0.0
54	__protein2_rbs	2.0	0.0	0.0
54	__protein3_rbs	3.2	0.0	0.0
54	__ribosome	54.2	0.0	0.0
54	__rnase_site_ext	12.0	0.0	0.0
54	p0	1.0	0.0	0.0
54	p2	0.8	0.0	0.0
54	protein1	92.8	5.6	2.7133334
54	protein2	46.6	4.0	2.1233332000000003
54	protein3	129.0	9.2	2.4647040000000002
54	r1	3.8	0.0	0.0
54	rnapol	0.2	0.0	0.0
55	__protein1_rbs	3.0	0.0	0.0
55	__protein2_rbs	2.0	0.0	0.0
55	__protein3_rbs	4.8	0.0	0.0
55	__ribosome	52.2	0.0	0.0
55	__rnase_site_ext	12.0	0.0	0.0
55	p0	1.0	0.0	0.0
55	p2	1.0	0.0	0.0
55	protein1	95.2	5.6	2.6516666
55	protein2	48.2	3.8	2.4133332000000003
55	protein3	133.0	9.6	2.4917172
55	r1	4.0	0.0	0.0
55	rnapol	0.4	0.0	0.0
56	__protein1_rbs	2.0	0.0	0.0
56	__protein2_rbs	2.4	0.0	0.0
56	__protein3_rbs	5.2	0.0	0.0
56	__ribosome	51.6	0.0	0.0
56	__rnase_site_ext	12.0	0.0	0.0
56	p0	1.0	0.0	0.0
56	p2	1.0	0.0	0.0
56	protein1	98.2	5.6	2.7333334
56	protein2	50.2	3.8	2.2666668000000003
56	protein3	136.8	9.8	2.5197476
56	r1	4.0	0.0	0.0
56	rnapol	0.8	0.0	0.0
57	__protein1_rbs	2.4	0.0	0.0
57	__protein2_rbs	3.0	0.0	0.0
57	__protein3_rbs	4.8	0.0	0.0
57	__ribosome	51.6	0.0	0.0
57	__rnase_site_ext	12.0	0.0	0.0
57	p0	0.8	0.0	0.0
57	p2	0.6	0.0	0.0
57	protein1	101.6	5.6	2.59
57	protein2	51.6	4.0	2.0366666
57	protein3	140.6	10.0	2.5977273999999997
57	r1	4.2	0.0	0.0
57	rnapol	0.8	0.0	0.0
58	__protein1_rbs	3.0	0.0	0.0
58	__protein2_rbs	2.4	0.0	0.0
58	__protein3_rbs	4.6	0.0	0.0
58	__ribosome	50.6	0.0	0.0
58	__rnase_site_ext	11.8	0.0	0.0
58	p0	1.0	0.0	0.0
58	p2	0.4	0.0	0.0
58	protein1	103.8	5.6	2.6966666
58	protein2	52.8	4.0	2.1433334
58	protein3	145.4	10.0	2.5904546
58	r1	4.2	0.0	0.0
58	rnapol	0.8	0.0	0.0
59	__protein1_rbs	1.8	0.0	0.0
59	__protein2_rbs	1.2	0.0	0.0
59	__protein3_rbs	5.0	0.0	0.0
59	__ribosome	49.2	0.0	0.0
59	__rnase_site_ext	11.8	0.0	0.0
59	p0	1.0	0.0	0.0
59	p2	0.8	0.0	0.0
59	protein1	106.8	5.6	2.87
59	protein2	54.6	4.2	2.3566666
59	protein3	151.8	10.2	2.4800002
59	r1	4.4	0.0	0.0
59	rnapol	1.0	0.0	0.0
60	__protein1_rbs	2.2	0.0	0.0
60	__protein2_rbs	1.8	0.0	0.0
60	__protein3_rbs	4.6	0.0	0.0
60	__ribosome	50.0	0.0	0.0
60	__rnase_site_ext	11.6	0.0	0.0
60	p0	0.8	0.0	0.0
60	p2	0.6	0.0	0.0
60	protein1	110.2	5.4	2.955
60	protein2	56.6	4.2	2.2866666
60	protein3	157.4	10.2	2.4722728
60	r1	4.6	0.0	0.0
60	rnapol	1.0	0.0	0.0
61	__protein1_rbs	2.8	0.0	0.0
61	__protein2_rbs	2.0	0.0	0.0
61	__protein3_rbs	4.2	0.0	0.0
61	__ribosome	47.4	0.0	0.0
61	__rnase_site_ext	12.0	0.0	0.0
61	p0	0.8	0.0	0.0
61	p2	0.6	0.0	0.0
61	protein1	113.0	5.4	2.83
61	protein2	57.8	4.4	2.4066668
61	protein3	161.2	10.4	2.6366666000000003
61	r1	4.4	0.0	0.0
61	rnapol	1.0	0.0	0.0
62	__protein1_rbs	3.2	0.0	0.0
62	__protein2_rbs	2.6	0.0	0.0
62	__protein3_rbs	4.8	0.0	0.0
62	__ribosome	47.8	0.0	0.0
62	__rnase_site_ext	12.2	0.0	0.0
62	p0	1.0	0.0	0.0
62	p2	0.6	0.0	0.0
62	protein1	116.0	5.6	2.7
62	protein2	59.4	4.6	2.2633334
62	protein3	166.6	10.4	2.5916666
62	r1	4.4	0.0	0.0
62	rnapol	1.0	0.0	0.0
63	__protein1_rbs	2.2	0.0	0.0
63	__protein2_rbs	3.2	0.0	0.0
63	__protein3_rbs	4.8	0.0	0.0
63	__ribosome	47.6	0.0	0.0
63	__rnase_site_ext	12.6	0.0	0.0
63	p0	0.6	0.0	0.0
63	p2	0.8	0.0	0.0
63	protein1	118.8	5.6	2.9285714
63	protein2	61.0	4.6	2.28
63	protein3	171.8	10.4	2.5320708
63	r1	4.4	0.0	0.0
63	rnapol	0.6	0.0	0.0
64	__protein1_rbs	2.8	0.0	0.0
64	__protein2_rbs	2.0	0.0	0.0
64	__protein3_rbs	4.6	0.0	0.0
64	__ribosome	48.8	0.0	0.0
64	__rnase_site_ext	12.6	0.0	0.0
64	p0	0.8	0.0	0.0
64	p2	0.8	0.0	0.0
64	protein1	122.2	5.6	2.6845237999999996
64	protein2	63.6	4.6	2.2966666
64	protein3	177.0	10.8	2.4701010000000005
64	r1	4.6	0.0	0.0
64	rnapol	0.4	0.0	0.0
65	__protein1_rbs	2.0	0.0	0.0
65	__protein2_rbs	3.0	0.0	0.0
65	__protein3_rbs	6.2	0.0	0.0
65	__ribosome	49.4	0.0	0.0
65	__rnase_site_ext	12.6	0.0	0.0
65	p0	0.8	0.0	0.0
65	p2	0.8	0.0	0.0
65	protein1	125.4	5.8	2.6611112
65	protein2	66.0	4.4	2.2933334
65	protein3	182.0	11.0	2.3754156
65	r1	4.6	0.0	0.0
65	rnapol	0.4	0.0	0.0
66	__protein1_rbs	3.2	0.0	0.0
66	__protein2_rbs	1.8	0.0	0.0
66	__protein3_rbs	4.0	0.0	0.0
66	__ribosome	47.6	0.0	0.0
66	__rnase_site_ext	13.0	0.0	0.0
66	p0	1.0	0.0	0.0
66	p2	0.8	0.0	0.0
66	protein1	128.0	6.0	2.6055554
66	protein2	68.2	4.6	2.34
66	protein3	188.4	11.2	2.4339394000000003
66	r1	4.6	0.0	0.0
66	rnapol	0.6	0.0	0.0
67	__protein1_rbs	2.8	0.0	0.0
67	__protein2_rbs	2.2	0.0	0.0
67	__protein3_rbs	6.2	0.0	0.0
67	__ribosome	47.8	0.0	0.0
67	__rnase_site_ext	13.0	0.0	0.0
67	p0	1.0	0.0	0.0
67	p2	0.6	0.0	0.0
67	protein1	131.0	6.2	2.5011110000000003
67	protein2	70.0	4.6	2.3733334
67	protein3	192.6	11.2	2.4039394
67	r1	4.6	0.0	0.0
67	rnapol	0.8	0.0	0.0
68	__protein1_rbs	3.2	0.0	0.0
68	__protein2_rbs	3.0	0.0	0.0
68	__protein3_rbs	6.4	0.0	0.0
68	__ribosome	48.2	0.0	0.0
68	__rnase_site_ext	13.4	0.0	0.0
68	p0	0.8	0.0	0.0
68	p2	0.8	0.0	0.0
68	protein1	134.4	6.2	2.3244444
68	protein2	71.6	4.6	2.3833333999999997
68	protein3	198.0	11.6	2.3000866
68	r1	4.8	0.0	0.0
68	rnapol	0.4	0.0	0.0
69	__protein1_rbs	3.2	0.0	0.0
69	__protein2_rbs	2.8	0.0	0.0
69	__protein3_rbs	6.2	0.0	0.0
69	__ribosome	47.4	0.0	0.0
69	__rnase_site_ext	13.6	0.0	0.0
69	p0	1.0	0.0	0.0
69	p2	1.0	0.0	0.0
69	protein1	136.2	6.4	2.4511112
69	protein2	74.2	4.6	2.2166666
69	protein3	203.2	11.6	2.3380088
69	r1	4.8	0.0	0.0
69	rnapol	1.0	0.0	0.0
70	__protein1_rbs	2.8	0.0	0.0
70	__protein2_rbs	1.8	0.0	0.0
70	__protein3_rbs	5.6	0.0	0.0
70	__ribosome	45.4	0.0	0.0
70	__rnase_site_ext	13.0	0.0	0.0
70	p0	1.0	0.0	0.0
70	p2	1.0	0.0	0.0
70	protein1	140.4	6.4	2.2955554
70	protein2	75.6	4.8	2.3833332
70	protein3	207.8	11.6	2.473986
70	r1	5.0	0.0	0.0
70	rnapol	1.4	0.0	0.0
71	__protein1_rbs	3.4	0.0	0.0
71	__protein2_rbs	2.0	0.0	0.0
71	__protein3_rbs	6.6	0.0	0.0
71	__ribosome	45.6	0.0	0.0
71	__rnase_site_ext	13.2	0.0	0.0
71	p0	1.0	0.0	0.0
71	p2	0.8	0.0	0.0
71	protein1	142.6	6.0	2.5755554
71	protein2	77.8	4.8	2.3833332
71	protein3	214.0	11.8	2.341212
71	r1	5.2	0.0	0.0
71	rnapol	1.4	0.0	0.0
72	__protein1_rbs	2.8	0.0	0.0
72	__protein2_rbs	2.4	0.0	0.0
72	__protein3_rbs	6.2	0.0	0.0
72	__ribosome	46.4	0.0	0.0
72	__rnase_site_ext	13.6	0.0	0.0
72	p0	0.8	0.0	0.0
72	p2	0.6	0.0	0.0
72	protein1	145.8	5.8	2.8088888
72	protein2	80.6	5.0	2.0133334
72	protein3	219.2	11.8	2.3637296
72	r1	5.0	0.0	0.0
72	rnapol	1.4	0.0	0.0
73	__protein1_rbs	3.2	0.0	0.0
73	__protein2_rbs	1.6	0.0	0.0
73	__protein3_rbs	4.4	0.0	0.0
73	__ribosome	43.8	0.0	0.0
73	__rnase_site_ext	13.8	0.0	0.0
73	p0	0.8	0.0	0.0
73	p2	0.8	0.0	0.0
73	protein1	148.2	5.8	2.7261112
73	protein2	82.8	5.2	2.1985714
73	protein3	224.4	12.0	2.4587112
73	r1	5.0	0.0	0.0
73	rnapol	1.2	0.0	0.0
74	__protein1_rbs	3.4	0.0	0.0
74	__protein2_rbs	3.0	0.0	0.0
74	__protein3_rbs	5.6	0.0	0.0
74	__ribosome	43.0	0.0	0.0
74	__rnase_site_ext	14.0	0.0	0.0
74	p0	0.8	0.0	0.0
74	p2	0.8	0.0	0.0
74	protein1	151.4	5.8	2.5077778
74	protein2	84.2	5.2	2.47
74	protein3	229.8	12.2	2.454069
74	r1	5.2	0.0	0.0
74	rnapol	1.0	0.0	0.0
75	__protein1_rbs	4.2	0.0	0.0
75	__protein2_rbs	2.6	0.0	0.0
75	__protein3_rbs	6.6	0.0	0.0
75	__ribosome	44.4	0.0	0.0
75	__rnase_site_ext	14.2	0.0	0.0
75	p0	1.0	0.0	0.0
75	p2	0.8	0.0	0.0
75	protein1	155.2	6.2	2.0866666
75	protein2	86.8	5.0	2.5119048
75	protein3	235.6	12.4	2.4700436000000003
75	r1	5.0	0.0	0.0
75	rnapol	1.4	0.0	0.0
76	__protein1_rbs	2.8	0.0	0.0
76	__protein2_rbs	2.8	0.0	0.0
76	__protein3_rbs	7.2	0.0	0.0
76	__ribosome	44.6	0.0	0.0
76	__rnase_site_ext	14.2	0.0	0.0
76	p0	1.0	0.0	0.0
76	p2	0.4	0.0	0.0
76	protein1	158.2	6.2	2.1166666000000003
76	protein2	88.4	5.2	2.6
76	protein3	241.6	12.6	2.3285714
76	r1	4.8	0.0	0.0
76	rnapol	1.0	0.0	0.0
77	__protein1_rbs	3.8	0.0	0.0
77	__protein2_rbs	1.8	0.0	0.0
77	__protein3_rbs	6.2	0.0	0.0
77	__ribosome	42.8	0.0	0.0
77	__rnase_site_ext	14.4	0.0	0.0
77	p0	0.8	0.0	0.0
77	p2	0.6	0.0	0.0
77	protein1	160.2	6.2	2.2366666000000004
77	protein2	91.6	5.2	2.7083334
77	protein3	246.6	12.8	2.3833333999999997
77	r1	4.8	0.0	0.0
77	rnapol	1.0	0.0	0.0
78	__protein1_rbs	3.0	0.0	0.0
78	__protein2_rbs	2.6	0.0	0.0
78	__protein3_rbs	6.2	0.0	0.0
78	__ribosome	43.4	0.0	0.0
78	__rnase_site_ext	14.6	0.0	0.0
78	p0	1.0	0.0	0.0
78	p2	0.8	0.0	0.0
78	protein1	163.6	6.0	2.3200002
78	protein2	94.0	5.0	2.8916668000000003
78	protein3	253.4	13.0	2.3382052000000004
78	r1	4.8	0.0	0.0
78	rnapol	1.0	0.0	0.0
79	__protein1_rbs	2.8	0.0	0.0
79	__protein2_rbs	2.8	0.0	0.0
79	__protein3_rbs	6.8	0.0	0.0
79	__ribosome	42.8	0.0	0.0
79	__rnase_site_ext	14.8	0.0	0.0
79	p0	0.6	0.0	0.0
79	p2	1.0	0.0	0.0
79	protein1	166.0	6.0	2.4733332000000003
79	protein2	96.6	4.8	2.8416666
79	protein3	259.0	13.4	2.2960896
79	r1	4.8	0.0	0.0
79	rnapol	0.8	0.0	0.0
80	__protein1_rbs	3.2	0.0	0.0
80	__protein2_rbs	2.0	0.0	0.0
80	__protein3_rbs	6.6	0.0	0.0
80	__ribosome	40.0	0.0	0.0
80	__rnase_site_ext	14.4	0.0	0.0
80	p0	1.0	0.0	0.0
80	p2	0.8	0.0	0.0
80	protein1	167.8	6.2	2.551515
80	protein2	99.0	4.8	2.8583334
80	protein3	264.8	14.0	2.2842563999999994
80	r1	5.2	0.0	0.0
80	rnapol	1.0	0.0	0.0
81	__protein1_rbs	2.0	0.0	0.0
81	__protein2_rbs	3.0	0.0	0.0
81	__protein3_rbs	7.0	0.0	0.0
81	__ribosome	39.4	0.0	0.0
81	__rnase_site_ext	14.6	0.0	0.0
81	p0	1.0	0.0	0.0
81	p2	0.8	0.0	0.0
81	protein1	170.6	6.2	2.8259738000000003
81	protein2	101.6	4.8	2.7000002000000003
81	protein3	270.8	13.8	2.3208874
81	r1	5.2	0.0	0.0
81	rnapol	1.0	0.0	0.0
82	__protein1_rbs	4.2	0.0	0.0
82	__protein2_rbs	2.8	0.0	0.0
82	__protein3_rbs	7.8	0.0	0.0
82	__ribosome	41.0	0.0	0.0
82	__rnase_site_ext	14.6	0.0	0.0
82	p0	1.0	0.0	0.0
82	p2	0.8	0.0	0.0
82	protein1	173.6	6.4	2.4577922
82	protein2	105.0	5.0	2.2583333999999997
82	protein3	276.0	13.8	2.3676406
82	r1	5.2	0.0	0.0
82	rnapol	1.0	0.0	0.0
83	__protein1_rbs	3.8	0.0	0.0
83	__protein2_rbs	2.6	0.0	0.0
83	__protein3_rbs	7.2	0.0	0.0
83	__ribosome	40.6	0.0	0.0
83	__rnase_site_ext	14.6	0.0	0.0
83	p0	0.8	0.0	0.0
83	p2	1.0	0.0	0.0
83	protein1	176.4	6.4	2.3426406
83	protein2	107.2	5.2	2.2238094
83	protein3	282.8	13.6	2.4
83	r1	4.8	0.0	0.0
83	rnapol	1.0	0.0	0.0
84	__protein1_rbs	3.0	0.0	0.0
84	__protein2_rbs	1.4	0.0	0.0
84	__protein3_rbs	7.4	0.0	0.0
84	__ribosome	41.4	0.0	0.0
84	__rnase_site_ext	14.6	0.0	0.0
84	p0	0.8	0.0	0.0
84	p2	1.0	0.0	0.0
84	protein1	179.8	6.2	2.4280952000000005
84	protein2	109.4	5.2	2.495238
84	protein3	290.0	13.8	2.2580302000000003
84	r1	5.0	0.0	0.0
84	rnapol	1.4	0.0	0.0
85	__protein1_rbs	2.6	0.0	0.0
85	__protein2_rbs	2.0	0.0	0.0
85	__protein3_rbs	7.0	0.0	0.0
85	__ribosome	40.2	0.0	0.0
85	__rnase_site_ext	14.8	0.0	0.0
85	p0	1.0	0.0	0.0
85	p2	0.8	0.0	0.0
85	protein1	182.6	6.4	2.5634197999999997
85	protein2	112.0	5.4	2.3535714
85	protein3	296.0	13.8	2.2830302000000002
85	r1	5.2	0.0	0.0
85	rnapol	1.4	0.0	0.0
86	__protein1_rbs	3.8	0.0	0.0
86	__protein2_rbs	2.2	0.0	0.0
86	__protein3_rbs	7.2	0.0	0.0
86	__ribosome	41.4	0.0	0.0
86	__rnase_site_ext	14.8	0.0	0.0
86	p0	1.0	0.0	0.0
86	p2	0.4	0.0	0.0
86	protein1	186.4	6.6	2.3214284
86	protein2	114.2	5.2	2.5892858
86	protein3	302.2	13.6	2.2481818
86	r1	5.4	0.0	0.0
86	rnapol	1.6	0.0	0.0
87	__protein1_rbs	2.8	0.0	0.0
87	__protein2_rbs	3.0	0.0	0.0
87	__protein3_rbs	7.6	0.0	0.0
87	__ribosome	41.0	0.0	0.0
87	__rnase_site_ext	15.2	0.0	0.0
87	p0	0.8	0.0	0.0
87	p2	0.4	0.0	0.0
87	protein1	189.0	6.6	2.4214284
87	protein2	116.0	5.2	2.6754759999999997
87	protein3	309.2	13.6	2.2051516
87	r1	5.2	0.0	0.0
87	rnapol	1.2	0.0	0.0
88	__protein1_rbs	4.0	0.0	0.0
88	__protein2_rbs	2.4	0.0	0.0
88	__protein3_rbs	6.0	0.0	0.0
88	__ribosome	40.2	0.0	0.0
88	__rnase_site_ext	15.8	0.0	0.0
88	p0	0.6	0.0	0.0
88	p2	0.8	0.0	0.0
88	protein1	191.8	6.8	2.3380952
88	protein2	118.8	5.4	2.7316667999999997
88	protein3	315.4	13.6	2.2606276000000003
88	r1	5.4	0.0	0.0
88	rnapol	0.6	0.0	0.0
89	__protein1_rbs	3.0	0.0	0.0
89	__protein2_rbs	3.0	0.0	0.0
89	__protein3_rbs	6.0	0.0	0.0
89	__ribosome	39.4	0.0	0.0
89	__rnase_site_ext	16.2	0.0	0.0
89	p0	1.0	0.0	0.0
89	p2	0.8	0.0	0.0
89	protein1	194.8	6.8	2.411905
89	protein2	121.4	5.4	2.625
89	protein3	321.4	13.8	2.3042748
89	r1	5.4	0.0	0.0
89	rnapol	0.4	0.0	0.0
90	__protein1_rbs	3.4	0.0	0.0
90	__protein2_rbs	2.2	0.0	0.0
90	__protein3_rbs	6.8	0.0	0.0
90	__ribosome	36.8	0.0	0.0
90	__rnase_site_ext	16.0	0.0	0.0
90	p0	0.8	0.0	0.0
90	p2	0.8	0.0	0.0
90	protein1	198.0	7.2	2.3171428
90	protein2	124.2	5.4	2.5304762000000003
90	protein3	327.2	14.6	2.2977376
90	r1	5.6	0.0	0.0
90	rnapol	0.6	0.0	0.0
91	__protein1_rbs	5.0	0.0	0.0
91	__protein2_rbs	3.0	0.0	0.0
91	__protein3_rbs	9.2	0.0	0.0
91	__ribosome	39.6	0.0	0.0
91	__rnase_site_ext	16.2	0.0	0.0
91	p0	0.6	0.0	0.0
91	p2	0.8	0.0	0.0
91	protein1	200.8	7.0	2.2763636000000003
91	protein2	127.4	5.4	2.2211906000000003
91	protein3	333.2	14.4	2.3001404
91	r1	5.2	0.0	0.0
91	rnapol	0.2	0.0	0.0
92	__protein1_rbs	3.2	0.0	0.0
92	__protein2_rbs	3.4	0.0	0.0
92	__protein3_rbs	8.4	0.0	0.0
92	__ribosome	38.8	0.0	0.0
92	__rnase_site_ext	16.4	0.0	0.0
92	p0	0.8	0.0	0.0
92	p2	0.6	0.0	0.0
92	protein1	204.4	7.2	2.3295454
92	protein2	129.2	5.6	2.2303176
92	protein3	339.4	14.4	2.332157
92	r1	5.2	0.0	0.0
92	rnapol	0.2	0.0	0.0
93	__protein1_rbs	3.8	0.0	0.0
93	__protein2_rbs	2.6	0.0	0.0
93	__protein3_rbs	7.2	0.0	0.0
93	__ribosome	37.0	0.0	0.0
93	__rnase_site_ext	16.0	0.0	0.0
93	p0	1.0	0.0	0.0
93	p2	0.8	0.0	0.0
93	protein1	207.6	7.4	2.2977778
93	protein2	131.8	5.4	2.5104762000000003
93	protein3	345.8	14.8	2.302792
93	r1	5.2	0.0	0.0
93	rnapol	0.6	0.0	0.0
94	__protein1_rbs	4.6	0.0	0.0
94	__protein2_rbs	3.0	0.0	0.0
94	__protein3_rbs	9.4	0.0	0.0
94	__ribosome	38.8	0.0	0.0
94	__rnase_site_ext	16.2	0.0	0.0
94	p0	1.0	0.0	0.0
94	p2	0.4	0.0	0.0
94	protein1	210.2	7.4	2.215
94	protein2	134.0	5.4	2.406508
94	protein3	352.8	14.6	2.1919812000000003
94	r1	5.4	0.0	0.0
94	rnapol	0.4	0.0	0.0
95	__protein1_rbs	4.0	0.0	0.0
95	__protein2_rbs	2.2	0.0	0.0
95	__protein3_rbs	6.4	0.0	0.0
95	__ribosome	38.0	0.0	0.0
95	__rnase_site_ext	16.2	0.0	0.0
95	p0	1.0	0.0	0.0
95	p2	0.8	0.0	0.0
95	protein1	214.0	7.4	2.2127778
95	protein2	136.4	5.2	2.9965080000000004
95	protein3	360.2	14.6	2.2175784
95	r1	5.4	0.0	0.0
95	rnapol	0.8	0.0	0.0
96	__protein1_rbs	3.4	0.0	0.0
96	__protein2_rbs	3.4	0.0	0.0
96	__protein3_rbs	7.6	0.0	0.0
96	__ribosome	37.8	0.0	0.0
96	__rnase_site_ext	16.2	0.0	0.0
96	p0	1.0	0.0	0.0
96	p2	0.6	0.0	0.0
96	protein1	217.0	7.2	2.3158730000000003
96	protein2	138.8	5.2	2.9157142000000005
96	protein3	366.4	14.6	2.2261396
96	r1	5.6	0.0	0.0
96	rnapol	0.6	0.0	0.0
97	__protein1_rbs	4.6	0.0	0.0
97	__protein2_rbs	2.4	0.0	0.0
97	__protein3_rbs	9.0	0.0	0.0
97	__ribosome	38.4	0.0	0.0
97	__rnase_site_ext	16.6	0.0	0.0
97	p0	0.8	0.0	0.0
97	p2	0.8	0.0	0.0
97	protein1	219.8	7.4	2.2805556
97	protein2	141.6	5.4	2.863492
97	protein3	372.8	15.0	2.1377523999999997
97	r1	5.6	0.0	0.0
97	rnapol	1.0	0.0	0.0
98	__protein1_rbs	4.4	0.0	0.0
98	__protein2_rbs	2.4	0.0	0.0
98	__protein3_rbs	8.8	0.0	0.0
98	__ribosome	38.8	0.0	0.0
98	__rnase_site_ext	16.6	0.0	0.0
98	p0	1.0	0.0	0.0
98	p2	1.0	0.0	0.0
98	protein1	224.4	7.4	2.0566666
98	protein2	144.0	5.6	2.7477777999999997
98	protein3	378.6	15.0	2.1915042000000002
98	r1	5.8	0.0	0.0
98	rnapol	1.0	0.0	0.0
99	__protein1_rbs	4.6	0.0	0.0
99	__protein2_rbs	2.8	0.0	0.0
99	__protein3_rbs	8.6	0.0	0.0
99	__ribosome	38.0	0.0	0.0
99	__rnase_site_ext	16.4	0.0	0.0
99	p0	1.0	0.0	0.0
99	p2	0.6	0.0	0.0
99	protein1	226.8	7.8	2.1281818
99	protein2	146.8	5.6	2.5272222
99	protein3	384.8	15.0	2.1644054
99	r1	6.0	0.0	0.0
99	rnapol	0.6	0.0	0.0
100	__protein1_rbs	4.8	0.0	0.0
100	__protein2_rbs	2.6	0.0	0.0
100	__protein3_rbs	7.6	0.0	0.0
100	__ribosome	39.0	0.0	0.0
100	__rnase_site_ext	16.6	0.0	0.0
100	p0	1.0	0.0	0.0
100	p2	1.0	0.0	0.0
100	protein1	230.8	7.8	1.9613636
100	protein2	149.0	5.6	2.8222222
100	protein3	392.0	15.2	2.1349614
100	r1	6.0	0.0	0.0
100	rnapol	0.6	0.0	0.0
101	__protein1_rbs	3.4	0.0	0.0
101	__protein2_rbs	3.4	0.0	0.0
101	__protein3_rbs	7.0	0.0	0.0
101	__ribosome	36.2	0.0	0.0
101	__rnase_site_ext	16.4	0.0	0.0
101	p0	0.6	0.0	0.0
101	p2	0.8	0.0	0.0
101	protein1	234.0	7.8	2.0913636
101	protein2	151.8	6.0	2.1944444
101	protein3	398.4	15.0	2.2689482
101	r1	6.0	0.0	0.0
101	rnapol	0.6	0.0	0.0
102	__protein1_rbs	3.8	0.0	0.0
102	__protein2_rbs	3.2	0.0	0.0
102	__protein3_rbs	8.6	0.0	0.0
102	__ribosome	36.6	0.0	0.0
102	__rnase_site_ext	16.6	0.0	0.0
102	p0	0.8	0.0	0.0
102	p2	0.4	0.0	0.0
102	protein1	236.8	7.6	2.245
102	protein2	154.0	6.0	2.3555556
102	protein3	406.0	14.8	2.1915462000000003
102	r1	6.0	0.0	0.0
102	rnapol	0.6	0.0	0.0
103	__protein1_rbs	5.0	0.0	0.0
103	__protein2_rbs	4.2	0.0	0.0
103	__protein3_rbs	6.4	0.0	0.0
103	__ribosome	37.6	0.0	0.0
103	__rnase_site_ext	17.0	0.0	0.0
103	p0	0.8	0.0	0.0
103	p2	0.6	0.0	0.0
103	protein1	239.6	7.6	2.2833334
103	protein2	158.0	6.0	1.9088888
103	protein3	412.0	14.6	2.333509
103	r1	6.0	0.0	0.0
103	rnapol	0.8	0.0	0.0
104	__protein1_rbs	4.4	0.0	0.0
104	__protein2_rbs	2.8	0.0	0.0
104	__protein3_rbs	7.4	0.0	0.0
104	__ribosome	34.0	0.0	0.0
104	__rnase_site_ext	17.0	0.0	0.0
104	p0	1.0	0.0	0.0
104	p2	1.0	0.0	0.0
104	protein1	242.8	7.6	2.4009524000000004
104	protein2	160.2	6.0	2.1466667999999998
104	protein3	417.0	15.0	2.4235206000000002
104	r1	6.0	0.0	0.0
104	rnapol	0.8	0.0	0.0
105	__protein1_rbs	3.8	0.0	0.0
105	__protein2_rbs	3.8	0.0	0.0
105	__protein3_rbs	9.6	0.0	0.0
105	__ribosome	37.4	0.0	0.0
105	__rnase_site_ext	17.6	0.0	0.0
105	p0	1.0	0.0	0.0
105	p2	0.2	0.0	0.0
105	protein1	246.6	8.0	2.2576192
105	protein2	163.0	6.2	2.1045238
105	protein3	425.8	15.2	2.2041414
105	r1	6.0	0.0	0.0
105	rnapol	0.2	0.0	0.0
106	__protein1_rbs	5.0	0.0	0.0
106	__protein2_rbs	3.2	0.0	0.0
106	__protein3_rbs	8.8	0.0	0.0
106	__ribosome	37.2	0.0	0.0
106	__rnase_site_ext	17.6	0.0	0.0
106	p0	1.0	0.0	0.0
106	p2	0.6	0.0	0.0
106	protein1	250.2	8.0	2.172381
106	protein2	165.2	6.2	2.1311112000000003
106	protein3	432.4	15.4	2.1955376
106	r1	6.0	0.0	0.0
106	rnapol	0.4	0.0	0.0
107	__protein1_rbs	4.2	0.0	0.0
107	__protein2_rbs	2.0	0.0	0.0
107	__protein3_rbs	9.8	0.0	0.0
107	__ribosome	37.4	0.0	0.0
107	__rnase_site_ext	17.4	0.0	0.0
107	p0	1.0	0.0	0.0
107	p2	1.0	0.0	0.0
107	protein1	254.2	8.0	2.1690476000000003
107	protein2	167.6	6.0	2.3985714
107	protein3	438.6	15.4	2.1075982000000004
107	r1	6.0	0.0	0.0
107	rnapol	0.8	0.0	0.0
108	__protein1_rbs	3.8	0.0	0.0
108	__protein2_rbs	3.6	0.0	0.0
108	__protein3_rbs	9.8	0.0	0.0
108	__ribosome	37.4	0.0	0.0
108	__rnase_site_ext	17.4	0.0	0.0
108	p0	1.0	0.0	0.0
108	p2	1.0	0.0	0.0
108	protein1	256.8	8.0	2.3323810000000003
108	protein2	169.6	6.0	2.4192857999999995
108	protein3	446.0	15.4	2.0112744
108	r1	6.2	0.0	0.0
108	rnapol	1.0	0.0	0.0
109	__protein1_rbs	4.6	0.0	0.0
109	__protein2_rbs	2.4	0.0	0.0
109	__protein3_rbs	8.6	0.0	0.0
109	__ribosome	38.8	0.0	0.0
109	__rnase_site_ext	17.8	0.0	0.0
109	p0	0.6	0.0	0.0
109	p2	0.8	0.0	0.0
109	protein1	260.6	8.0	2.14
109	protein2	172.2	6.0	2.2364286
109	protein3	453.4	15.6	1.9926208
109	r1	6.0	0.0	0.0
109	rnapol	0.6	0.0	0.0
110	__protein1_rbs	4.6	0.0	0.0
110	__protein2_rbs	4.2	0.0	0.0
110	__protein3_rbs	8.8	0.0	0.0
110	__ribosome	38.8	0.0	0.0
110	__rnase_site_ext	17.6	0.0	0.0
110	p0	0.6	0.0	0.0
110	p2	0.6	0.0	0.0
110	protein1	264.0	8.4	2.0857142
110	protein2	175.0	6.4	2.0961112
110	protein3	460.4	15.4	2.0010858
110	r1	6.0	0.0	0.0
110	rnapol	0.6	0.0	0.0
111	__protein1_rbs	4.2	0.0	0.0
111	__protein2_rbs	3.6	0.0	0.0
111	__protein3_rbs	8.0	0.0	0.0
111	__ribosome	35.8	0.0	0.0
111	__rnase_site_ext	17.8	0.0	0.0
111	p0	1.0	0.0	0.0
111	p2	0.6	0.0	0.0
111	protein1	266.6	8.4	2.2238096
111	protein2	177.8	6.2	2.14
111	protein3	466.2	15.4	2.1231374
111	r1	6.4	0.0	0.0
111	rnapol	0.8	0.0	0.0
112	__protein1_rbs	4.8	0.0	0.0
112	__protein2_rbs	3.2	0.0	0.0
112	__protein3_rbs	9.4	0.0	0.0
112	__ribosome	34.8	0.0	0.0
112	__rnase_site_ext	17.8	0.0	0.0
112	p0	1.0	0.0	0.0
112	p2	0.8	0.0	0.0
112	protein1	270.4	8.8	2.1428572
112	protein2	181.0	6.2	1.9697619999999998
112	protein3	471.4	15.6	2.1556304
112	r1	6.4	0.0	0.0
112	rnapol	0.8	0.0	0.0
113	__protein1_rbs	4.8	0.0	0.0
113	__protein2_rbs	3.8	0.0	0.0
113	__protein3_rbs	6.8	0.0	0.0
113	__ribosome	32.0	0.0	0.0
113	__rnase_site_ext	17.8	0.0	0.0
113	p0	1.0	0.0	0.0
113	p2	0.8	0.0	0.0
113	protein1	273.4	8.6	2.240909
113	protein2	183.4	6.4	2.0415080000000003
113	protein3	477.6	15.6	2.3073566000000003
113	r1	6.4	0.0	0.0
113	rnapol	0.8	0.0	0.0
114	__protein1_rbs	4.0	0.0	0.0
114	__protein2_rbs	4.2	0.0	0.0
114	__protein3_rbs	11.0	0.0	0.0
114	__ribosome	33.2	0.0	0.0
114	__rnase_site_ext	18.0	0.0	0.0
114	p0	0.8	0.0	0.0
114	p2	0.4	0.0	0.0
114	protein1	277.2	8.4	2.4251080000000003
114	protein2	185.4	6.4	2.1009526000000003
114	protein3	484.8	15.6	2.1707487999999997
114	r1	6.0	0.0	0.0
114	rnapol	1.0	0.0	0.0
115	__protein1_rbs	4.8	0.0	0.0
115	__protein2_rbs	4.0	0.0	0.0
115	__protein3_rbs	8.6	0.0	0.0
115	__ribosome	31.4	0.0	0.0
115	__rnase_site_ext	18.4	0.0	0.0
115	p0	0.8	0.0	0.0
115	p2	0.8	0.0	0.0
115	protein1	279.8	8.6	2.5257576
115	protein2	188.4	6.4	2.1085714
115	protein3	490.4	15.8	2.2017040000000003
115	r1	6.2	0.0	0.0
115	rnapol	0.8	0.0	0.0
116	__protein1_rbs	4.4	0.0	0.0
116	__protein2_rbs	3.4	0.0	0.0
116	__protein3_rbs	8.8	0.0	0.0
116	__ribosome	35.2	0.0	0.0
116	__rnase_site_ext	18.8	0.0	0.0
116	p0	0.4	0.0	0.0
116	p2	0.8	0.0	0.0
116	protein1	285.0	8.6	2.3424244
116	protein2	191.4	6.0	2.1219048000000003
116	protein3	498.6	16.0	2.0767435999999995
116	r1	6.2	0.0	0.0
116	rnapol	0.4	0.0	0.0
117	__protein1_rbs	5.2	0.0	0.0
117	__protein2_rbs	4.0	0.0	0.0
117	__protein3_rbs	7.6	0.0	0.0
117	__ribosome	34.2	0.0	0.0
117	__rnase_site_ext	18.4	0.0	0.0
117	p0	0.8	0.0	0.0
117	p2	0.6	0.0	0.0
117	protein1	289.8	9.0	2.104762
117	protein2	194.4	6.2	1.9616668
117	protein3	504.2	16.4	2.1926368
117	r1	6.0	0.0	0.0
117	rnapol	0.4	0.0	0.0
118	__protein1_rbs	5.4	0.0	0.0
118	__protein2_rbs	3.6	0.0	0.0
118	__protein3_rbs	9.8	0.0	0.0
118	__ribosome	35.6	0.0	0.0
118	__rnase_site_ext	18.2	0.0	0.0
118	p0	0.8	0.0	0.0
118	p2	0.6	0.0	0.0
118	protein1	292.8	8.6	2.2515152
118	protein2	196.8	6.2	1.9427778000000002
118	protein3	512.4	16.6	2.0586170000000004
118	r1	6.2	0.0	0.0
118	rnapol	0.6	0.0	0.0
119	__protein1_rbs	5.0	0.0	0.0
119	__protein2_rbs	3.2	0.0	0.0
119	__protein3_rbs	9.0	0.0	0.0
119	__ribosome	33.2	0.0	0.0
119	__rnase_site_ext	18.6	0.0	0.0
119	p0	1.0	0.0	0.0
119	p2	1.0	0.0	0.0
119	protein1	296.8	8.6	2.221212
119	protein2	199.0	6.2	2.1066667999999997
119	protein3	518.0	16.6	2.1712279999999997
119	r1	6.2	0.0	0.0
119	rnapol	0.6	0.0	0.0
120	__protein1_rbs	5.2	0.0	0.0
120	__protein2_rbs	2.8	0.0	0.0
120	__protein3_rbs	10.2	0.0	0.0
120	__ribosome	33.8	0.0	0.0
120	__rnase_site_ext	18.8	0.0	0.0
120	p0	1.0	0.0	0.0
120	p2	0.8	0.0	0.0
120	protein1	301.0	8.8	2.1142856
120	protein2	201.0	6.2	2.3600000000000003
120	protein3	525.8	16.8	2.0643128
120	r1	6.2	0.0	0.0
120	rnapol	0.4	0.0	0.0
121	__protein1_rbs	5.0	0.0	0.0
121	__protein2_rbs	5.0	0.0	0.0
121	__protein3_rbs	10.4	0.0	0.0
121	__ribosome	37.0	0.0	0.0
121	__rnase_site_ext	18.4	0.0	0.0
121	p0	1.0	0.0	0.0
121	p2	0.8	0.0	0.0
121	protein1	304.6	8.8	2.0443721999999998
121	protein2	204.4	6.2	1.8488888
121	protein3	532.2	16.8	2.073373
121	r1	6.4	0.0	0.0
121	rnapol	0.6	0.0	0.0
122	__protein1_rbs	4.4	0.0	0.0
122	__protein2_rbs	3.2	0.0	0.0
122	__protein3_rbs	9.4	0.0	0.0
122	__ribosome	34.8	0.0	0.0
122	__rnase_site_ext	18.2	0.0	0.0
122	p0	1.0	0.0	0.0
122	p2	0.8	0.0	0.0
122	protein1	308.2	8.6	2.1969697999999998
122	protein2	205.8	6.2	2.1777778000000003
122	protein3	538.8	16.6	2.1089682
122	r1	6.4	0.0	0.0
122	rnapol	0.6	0.0	0.0
123	__protein1_rbs	4.0	0.0	0.0
123	__protein2_rbs	4.2	0.0	0.0
123	__protein3_rbs	10.0	0.0	0.0
123	__ribosome	36.2	0.0	0.0
123	__rnase_site_ext	18.4	0.0	0.0
123	p0	0.8	0.0	0.0
123	p2	0.6	0.0	0.0
123	protein1	312.4	8.4	2.1190476
123	protein2	208.2	6.4	2.157778
123	protein3	546.2	16.8	2.0372996
123	r1	6.6	0.0	0.0
123	rnapol	0.8	0.0	0.0
124	__protein1_rbs	4.0	0.0	0.0
124	__protein2_rbs	3.4	0.0	0.0
124	__protein3_rbs	10.4	0.0	0.0
124	__ribosome	35.4	0.0	0.0
124	__rnase_site_ext	18.6	0.0	0.0
124	p0	0.8	0.0	0.0
124	p2	0.8	0.0	0.0
124	protein1	314.8	8.4	2.3199134
124	protein2	211.4	6.4	1.9733333999999998
124	protein3	552.8	17.0	2.0030826
124	r1	7.0	0.0	0.0
124	rnapol	0.8	0.0	0.0
125	__protein1_rbs	3.2	0.0	0.0
125	__protein2_rbs	3.6	0.0	0.0
125	__protein3_rbs	10.0	0.0	0.0
125	__ribosome	34.4	0.0	0.0
125	__rnase_site_ext	18.8	0.0	0.0
125	p0	0.8	0.0	0.0
125	p2	1.0	0.0	0.0
125	protein1	318.6	8.8	2.3125542
125	protein2	213.8	6.6	1.8666666
125	protein3	560.6	16.6	2.0248684
125	r1	6.8	0.0	0.0
125	rnapol	0.4	0.0	0.0
126	__protein1_rbs	5.4	0.0	0.0
126	__protein2_rbs	4.6	0.0	0.0
126	__protein3_rbs	8.6	0.0	0.0
126	__ribosome	32.4	0.0	0.0
126	__rnase_site_ext	19.0	0.0	0.0
126	p0	0.8	0.0	0.0
126	p2	1.0	0.0	0.0
126	protein1	321.4	8.8	2.4060938
126	protein2	215.6	7.0	1.841111
126	protein3	568.0	16.6	2.063917
126	r1	7.4	0.0	0.0
126	rnapol	0.4	0.0	0.0
127	__protein1_rbs	6.4	0.0	0.0
127	__protein2_rbs	4.4	0.0	0.0
127	__protein3_rbs	9.8	0.0	0.0
127	__ribosome	33.0	0.0	0.0
127	__rnase_site_ext	18.8	0.0	0.0
127	p0	1.0	0.0	0.0
127	p2	0.6	0.0	0.0
127	protein1	325.4	9.2	2.1761904000000003
127	protein2	217.8	7.2	1.8377778000000002
127	protein3	574.4	16.8	2.0756608
127	r1	7.2	0.0	0.0
127	rnapol	0.2	0.0	0.0
128	__protein1_rbs	5.8	0.0	0.0
128	__protein2_rbs	4.4	0.0	0.0
128	__protein3_rbs	10.8	0.0	0.0
128	__ribosome	34.8	0.0	0.0
128	__rnase_site_ext	18.8	0.0	0.0
128	p0	1.0	0.0	0.0
128	p2	1.0	0.0	0.0
128	protein1	329.2	9.0	2.1419914
128	protein2	221.2	7.2	1.7466666000000002
128	protein3	580.6	16.6	2.0652790000000003
128	r1	7.2	0.0	0.0
128	rnapol	0.4	0.0	0.0
129	__protein1_rbs	4.8	0.0	0.0
129	__protein2_rbs	3.8	0.0	0.0
129	__protein3_rbs	8.4	0.0	0.0
129	__ribosome	34.2	0.0	0.0
129	__rnase_site_ext	18.6	0.0	0.0
129	p0	1.0	0.0	0.0
129	p2	0.4	0.0	0.0
129	protein1	332.8	9.0	2.2160173999999997
129	protein2	224.4	7.2	1.7422221999999998
129	protein3	588.6	16.8	2.061636
129	r1	7.2	0.0	0.0
129	rnapol	0.4	0.0	0.0
130	__protein1_rbs	4.2	0.0	0.0
130	__protein2_rbs	4.4	0.0	0.0
130	__protein3_rbs	10.4	0.0	0.0
130	__ribosome	34.4	0.0	0.0
130	__rnase_site_ext	18.6	0.0	0.0
130	p0	1.0	0.0	0.0
130	p2	0.6	0.0	0.0
130	protein1	337.8	9.0	2.1818183999999996
130	protein2	227.2	7.2	1.7355553999999995
130	protein3	593.6	17.0	2.0518552
130	r1	7.0	0.0	0.0
130	rnapol	0.6	0.0	0.0
131	__protein1_rbs	5.2	0.0	0.0
131	__protein2_rbs	4.2	0.0	0.0
131	__protein3_rbs	7.0	0.0	0.0
131	__ribosome	33.2	0.0	0.0
131	__rnase_site_ext	18.8	0.0	0.0
131	p0	0.8	0.0	0.0
131	p2	0.6	0.0	0.0
131	protein1	342.0	8.8	2.1172496
131	protein2	229.2	7.2	1.8955554000000001
131	protein3	601.8	16.6	2.1612096000000003
131	r1	7.0	0.0	0.0
131	rnapol	0.6	0.0	0.0
132	__protein1_rbs	5.6	0.0	0.0
132	__protein2_rbs	3.6	0.0	0.0
132	__protein3_rbs	9.8	0.0	0.0
132	__ribosome	33.2	0.0	0.0
132	__rnase_site_ext	18.8	0.0	0.0
132	p0	1.0	0.0	0.0
132	p2	0.6	0.0	0.0
132	protein1	344.6	8.6	2.1379488
132	protein2	231.4	7.2	2.117778
132	protein3	608.8	16.6	2.047088
132	r1	7.0	0.0	0.0
132	rnapol	0.8	0.0	0.0
133	__protein1_rbs	5.0	0.0	0.0
133	__protein2_rbs	5.6	0.0	0.0
133	__protein3_rbs	9.6	0.0	0.0
133	__ribosome	31.6	0.0	0.0
133	__rnase_site_ext	18.6	0.0	0.0
133	p0	1.0	0.0	0.0
133	p2	0.4	0.0	0.0
133	protein1	347.6	8.8	2.1696702
133	protein2	233.2	7.2	2.08
133	protein3	614.8	17.0	2.072262
133	r1	6.8	0.0	0.0
133	rnapol	0.8	0.0	0.0
134	__protein1_rbs	4.2	0.0	0.0
134	__protein2_rbs	4.8	0.0	0.0
134	__protein3_rbs	11.2	0.0	0.0
134	__ribosome	32.8	0.0	0.0
134	__rnase_site_ext	19.2	0.0	0.0
134	p0	0.8	0.0	0.0
134	p2	0.8	0.0	0.0
134	protein1	352.0	8.6	2.227619
134	protein2	236.6	7.4	2.0824244
134	protein3	622.0	17.2	1.9892858
134	r1	6.8	0.0	0.0
134	rnapol	0.4	0.0	0.0
135	__protein1_rbs	4.4	0.0	0.0
135	__protein2_rbs	5.6	0.0	0.0
135	__protein3_rbs	9.6	0.0	0.0
135	__ribosome	34.8	0.0	0.0
135	__rnase_site_ext	19.0	0.0	0.0
135	p0	1.0	0.0	0.0
135	p2	0.8	0.0	0.0
135	protein1	356.2	8.6	2.1238094
135	protein2	239.6	7.2	1.8927272000000002
135	protein3	628.6	17.4	2.0186876
135	r1	6.8	0.0	0.0
135	rnapol	0.8	0.0	0.0
136	__protein1_rbs	3.8	0.0	0.0
136	__protein2_rbs	4.0	0.0	0.0
136	__protein3_rbs	10.4	0.0	0.0
136	__ribosome	36.0	0.0	0.0
136	__rnase_site_ext	19.4	0.0	0.0
136	p0	1.0	0.0	0.0
136	p2	0.6	0.0	0.0
136	protein1	360.6	8.6	2.2238096
136	protein2	243.0	6.8	2.0226262
136	protein3	637.6	18.0	1.8544256
136	r1	6.6	0.0	0.0
136	rnapol	0.4	0.0	0.0
137	__protein1_rbs	4.6	0.0	0.0
137	__protein2_rbs	4.2	0.0	0.0
137	__protein3_rbs	11.4	0.0	0.0
137	__ribosome	33.4	0.0	0.0
137	__rnase_site_ext	19.2	0.0	0.0
137	p0	0.8	0.0	0.0
137	p2	0.6	0.0	0.0
137	protein1	363.0	8.6	2.386111
137	protein2	245.8	6.8	1.9548484
137	protein3	642.4	18.2	1.9438842
137	r1	6.6	0.0	0.0
137	rnapol	0.4	0.0	0.0
138	__protein1_rbs	4.6	0.0	0.0
138	__protein2_rbs	4.0	0.0	0.0
138	__protein3_rbs	11.2	0.0	0.0
138	__ribosome	33.6	0.0	0.0
138	__rnase_site_ext	19.4	0.0	0.0
138	p0	1.0	0.0	0.0
138	p2	0.6	0.0	0.0
138	protein1	366.4	8.8	2.379365
138	protein2	248.6	6.8	1.7529293999999997
138	protein3	650.0	18.6	1.8852778
138	r1	6.6	0.0	0.0
138	rnapol	0.6	0.0	0.0
139	__protein1_rbs	5.2	0.0	0.0
139	__protein2_rbs	4.2	0.0	0.0
139	__protein3_rbs	10.2	0.0	0.0
139	__ribosome	33.0	0.0	0.0
139	__rnase_site_ext	19.2	0.0	0.0
139	p0	1.0	0.0	0.0
139	p2	0.6	0.0	0.0
139	protein1	370.6	8.8	2.2988093999999997
139	protein2	250.6	6.6	1.8419192
139	protein3	656.8	18.2	1.9635293999999999
139	r1	6.6	0.0	0.0
139	rnapol	1.0	0.0	0.0
140	__protein1_rbs	4.8	0.0	0.0
140	__protein2_rbs	3.6	0.0	0.0
140	__protein3_rbs	11.0	0.0	0.0
140	__ribosome	31.4	0.0	0.0
140	__rnase_site_ext	19.0	0.0	0.0
140	p0	1.0	0.0	0.0
140	p2	1.0	0.0	0.0
140	protein1	375.6	8.6	2.261111
140	protein2	252.2	6.6	2.040909
140	protein3	662.2	18.4	2.0111672
140	r1	6.2	0.0	0.0
140	rnapol	1.2	0.0	0.0
141	__protein1_rbs	5.8	0.0	0.0
141	__protein2_rbs	4.6	0.0	0.0
141	__protein3_rbs	11.4	0.0	0.0
141	__ribosome	35.4	0.0	0.0
141	__rnase_site_ext	19.4	0.0	0.0
141	p0	0.8	0.0	0.0
141	p2	0.6	0.0	0.0
141	protein1	380.0	8.6	2.0555556
141	protein2	254.4	6.6	1.9013131999999997
141	protein3	670.8	18.4	1.9356506000000002
141	r1	6.4	0.0	0.0
141	rnapol	1.0	0.0	0.0
142	__protein1_rbs	5.6	0.0	0.0
142	__protein2_rbs	3.4	0.0	0.0
142	__protein3_rbs	10.2	0.0	0.0
142	__ribosome	33.6	0.0	0.0
142	__rnase_site_ext	19.8	0.0	0.0
142	p0	1.0	0.0	0.0
142	p2	0.8	0.0	0.0
142	protein1	383.6	8.6	1.9500002
142	protein2	257.0	6.6	2.059091
142	protein3	677.6	18.6	2.0170586
142	r1	6.2	0.0	0.0
142	rnapol	1.0	0.0	0.0
143	__protein1_rbs	5.0	0.0	0.0
143	__protein2_rbs	2.8	0.0	0.0
143	__protein3_rbs	10.0	0.0	0.0
143	__ribosome	31.8	0.0	0.0
143	__rnase_site_ext	20.0	0.0	0.0
143	p0	0.8	0.0	0.0
143	p2	0.8	0.0	0.0
143	protein1	387.0	8.8	1.9083333999999998
143	protein2	259.8	6.4	2.2340910000000003
143	protein3	684.8	18.6	2.0714004
143	r1	6.2	0.0	0.0
143	rnapol	1.0	0.0	0.0
144	__protein1_rbs	6.0	0.0	0.0
144	__protein2_rbs	3.8	0.0	0.0
144	__protein3_rbs	13.0	0.0	0.0
144	__ribosome	35.0	0.0	0.0
144	__rnase_site_ext	19.2	0.0	0.0
144	p0	1.0	0.0	0.0
144	p2	0.8	0.0	0.0
144	protein1	391.4	8.6	1.7575398000000002
144	protein2	261.8	6.2	2.335
144	protein3	692.4	19.0	1.9445454
144	r1	6.2	0.0	0.0
144	rnapol	1.0	0.0	0.0
145	__protein1_rbs	5.0	0.0	0.0
145	__protein2_rbs	4.2	0.0	0.0
145	__protein3_rbs	11.6	0.0	0.0
145	__ribosome	34.8	0.0	0.0
145	__rnase_site_ext	19.8	0.0	0.0
145	p0	0.8	0.0	0.0
145	p2	1.0	0.0	0.0
145	protein1	394.8	8.8	1.7400793999999995
145	protein2	265.2	6.2	1.9816666
145	protein3	699.0	18.8	2.0637662
145	r1	6.2	0.0	0.0
145	rnapol	0.8	0.0	0.0
146	__protein1_rbs	4.6	0.0	0.0
146	__protein2_rbs	3.6	0.0	0.0
146	__protein3_rbs	10.6	0.0	0.0
146	__ribosome	32.2	0.0	0.0
146	__rnase_site_ext	20.2	0.0	0.0
146	p0	0.8	0.0	0.0
146	p2	1.0	0.0	0.0
146	protein1	397.4	9.0	1.9055556
146	protein2	267.2	6.2	2.1166666000000003
146	protein3	706.4	18.6	2.0992040000000003
146	r1	6.0	0.0	0.0
146	rnapol	0.8	0.0	0.0
147	__protein1_rbs	6.2	0.0	0.0
147	__protein2_rbs	3.8	0.0	0.0
147	__protein3_rbs	9.8	0.0	0.0
147	__ribosome	33.8	0.0	0.0
147	__rnase_site_ext	20.6	0.0	0.0
147	p0	0.8	0.0	0.0
147	p2	0.6	0.0	0.0
147	protein1	400.2	9.0	1.8416668
147	protein2	269.8	6.2	2.015
147	protein3	715.4	18.4	2.0480218
147	r1	6.0	0.0	0.0
147	rnapol	0.6	0.0	0.0
148	__protein1_rbs	4.4	0.0	0.0
148	__protein2_rbs	3.6	0.0	0.0
148	__protein3_rbs	9.8	0.0	0.0
148	__ribosome	33.0	0.0	0.0
148	__rnase_site_ext	20.6	0.0	0.0
148	p0	0.6	0.0	0.0
148	p2	0.8	0.0	0.0
148	protein1	404.2	9.2	1.913889
148	protein2	273.2	6.0	2.0616668
148	protein3	722.6	18.4	2.0821124
148	r1	5.8	0.0	0.0
148	rnapol	0.6	0.0	0.0
149	__protein1_rbs	6.2	0.0	0.0
149	__protein2_rbs	4.4	0.0	0.0
149	__protein3_rbs	10.8	0.0	0.0
149	__ribosome	32.6	0.0	0.0
149	__rnase_site_ext	20.6	0.0	0.0
149	p0	1.0	0.0	0.0
149	p2	0.8	0.0	0.0
149	protein1	406.8	9.2	2.0392858
149	protein2	274.8	6.2	1.983889
149	protein3	730.0	18.6	2.056398
149	r1	6.0	0.0	0.0
149	rnapol	0.8	0.0	0.0
150	__protein1_rbs	4.8	0.0	0.0
150	__protein2_rbs	3.0	0.0	0.0
150	__protein3_rbs	10.8	0.0	0.0
150	__ribosome	32.0	0.0	0.0
150	__rnase_site_ext	20.6	0.0	0.0
150	p0	1.0	0.0	0.0
150	p2	1.0	0.0	0.0
150	protein1	410.4	9.4	2.0698414
150	protein2	277.8	6.0	2.0990476000000005
150	protein3	738.0	18.6	2.047413
150	r1	6.2	0.0	0.0
150	rnapol	1.0	0.0	0.0
151	__protein1_rbs	5.8	0.0	0.0
151	__protein2_rbs	3.2	0.0	0.0
151	__protein3_rbs	11.0	0.0	0.0
151	__ribosome	30.8	0.0	0.0
151	__rnase_site_ext	20.4	0.0	0.0
151	p0	0.8	0.0	0.0
151	p2	0.6	0.0	0.0
151	protein1	414.6	9.2	2.0039683999999998
151	protein2	279.8	6.0	2.3333332
151	protein3	744.2	18.2	2.1247868
151	r1	6.2	0.0	0.0
151	rnapol	0.6	0.0	0.0
152	__protein1_rbs	5.2	0.0	0.0
152	__protein2_rbs	4.6	0.0	0.0
152	__protein3_rbs	11.2	0.0	0.0
152	__ribosome	32.0	0.0	0.0
152	__rnase_site_ext	20.2	0.0	0.0
152	p0	1.0	0.0	0.0
152	p2	1.0	0.0	0.0
152	protein1	417.4	9.0	2.213492
152	protein2	282.6	6.2	2.0555554000000003
152	protein3	751.4	18.2	2.0844444
152	r1	6.2	0.0	0.0
152	rnapol	1.0	0.0	0.0
153	__protein1_rbs	4.4	0.0	0.0
153	__protein2_rbs	2.4	0.0	0.0
153	__protein3_rbs	10.6	0.0	0.0
153	__ribosome	33.0	0.0	0.0
153	__rnase_site_ext	20.0	0.0	0.0
153	p0	0.8	0.0	0.0
153	p2	0.8	0.0	0.0
153	protein1	421.8	8.8	2.1478572
153	protein2	285.4	6.2	2.2079364
153	protein3	760.2	18.4	1.977243
153	r1	6.4	0.0	0.0
153	rnapol	0.8	0.0	0.0
154	__protein1_rbs	5.2	0.0	0.0
154	__protein2_rbs	3.4	0.0	0.0
154	__protein3_rbs	10.8	0.0	0.0
154	__ribosome	34.0	0.0	0.0
154	__rnase_site_ext	19.6	0.0	0.0
154	p0	1.0	0.0	0.0
154	p2	0.8	0.0	0.0
154	protein1	425.0	9.0	2.0749206
154	protein2	287.6	6.4	2.0198414000000002
154	protein3	768.0	18.2	1.9548488000000002
154	r1	6.6	0.0	0.0
154	rnapol	0.8	0.0	0.0
155	__protein1_rbs	5.6	0.0	0.0
155	__protein2_rbs	3.4	0.0	0.0
155	__protein3_rbs	10.2	0.0	0.0
155	__ribosome	34.4	0.0	0.0
155	__rnase_site_ext	19.4	0.0	0.0
155	p0	1.0	0.0	0.0
155	p2	0.8	0.0	0.0
155	protein1	428.6	8.6	2.155873
155	protein2	290.6	6.4	1.9552382
155	protein3	776.2	18.4	1.9578446
155	r1	6.8	0.0	0.0
155	rnapol	1.2	0.0	0.0
156	__protein1_rbs	4.6	0.0	0.0
156	__protein2_rbs	4.2	0.0	0.0
156	__protein3_rbs	10.0	0.0	0.0
156	__ribosome	32.6	0.0	0.0
156	__rnase_site_ext	19.6	0.0	0.0
156	p0	1.0	0.0	0.0
156	p2	0.6	0.0	0.0
156	protein1	431.6	8.4	2.3266666000000003
156	protein2	292.8	6.6	1.9019047999999998
156	protein3	783.0	18.4	2.0202564
156	r1	7.0	0.0	0.0
156	rnapol	1.0	0.0	0.0
157	__protein1_rbs	5.2	0.0	0.0
157	__protein2_rbs	4.2	0.0	0.0
157	__protein3_rbs	12.2	0.0	0.0
157	__ribosome	32.2	0.0	0.0
157	__rnase_site_ext	19.8	0.0	0.0
157	p0	0.8	0.0	0.0
157	p2	0.8	0.0	0.0
157	protein1	435.6	8.4	2.1488888
157	protein2	294.6	6.8	1.9838096
157	protein3	789.4	18.2	2.0791982
157	r1	7.0	0.0	0.0
157	rnapol	0.8	0.0	0.0
158	__protein1_rbs	6.8	0.0	0.0
158	__protein2_rbs	3.4	0.0	0.0
158	__protein3_rbs	10.4	0.0	0.0
158	__ribosome	33.0	0.0	0.0
158	__rnase_site_ext	19.8	0.0	0.0
158	p0	0.6	0.0	0.0
158	p2	0.6	0.0	0.0
158	protein1	439.6	8.8	1.7777777999999995
158	protein2	297.8	7.0	1.9036363999999997
158	protein3	796.6	18.0	2.1808856000000003
158	r1	7.0	0.0	0.0
158	rnapol	0.2	0.0	0.0
159	__protein1_rbs	5.4	0.0	0.0
159	__protein2_rbs	4.2	0.0	0.0
159	__protein3_rbs	11.6	0.0	0.0
159	__ribosome	33.8	0.0	0.0
159	__rnase_site_ext	20.0	0.0	0.0
159	p0	0.8	0.0	0.0
159	p2	1.0	0.0	0.0
159	protein1	443.6	8.8	1.785238
159	protein2	300.6	7.0	1.879827
159	protein3	804.6	18.2	2.1715654
159	r1	7.0	0.0	0.0
159	rnapol	0.6	0.0	0.0
160	__protein1_rbs	6.8	0.0	0.0
160	__protein2_rbs	4.4	0.0	0.0
160	__protein3_rbs	11.6	0.0	0.0
160	__ribosome	34.2	0.0	0.0
160	__rnase_site_ext	20.4	0.0	0.0
160	p0	1.0	0.0	0.0
160	p2	0.6	0.0	0.0
160	protein1	446.2	9.0	1.7130157999999998
160	protein2	302.8	7.0	1.9283118
160	protein3	811.8	18.4	2.1131966
160	r1	7.0	0.0	0.0
160	rnapol	0.4	0.0	0.0
161	__protein1_rbs	6.0	0.0	0.0
161	__protein2_rbs	4.2	0.0	0.0
161	__protein3_rbs	11.0	0.0	0.0
161	__ribosome	35.4	0.0	0.0
161	__rnase_site_ext	20.2	0.0	0.0
161	p0	0.8	0.0	0.0
161	p2	0.6	0.0	0.0
161	protein1	450.2	9.2	1.6430953999999998
161	protein2	304.8	7.0	2.0968831999999997
161	protein3	821.0	18.2	2.0550286
161	r1	6.8	0.0	0.0
161	rnapol	0.4	0.0	0.0
162	__protein1_rbs	5.4	0.0	0.0
162	__protein2_rbs	4.8	0.0	0.0
162	__protein3_rbs	10.6	0.0	0.0
162	__ribosome	34.8	0.0	0.0
162	__rnase_site_ext	19.8	0.0	0.0
162	p0	1.0	0.0	0.0
162	p2	0.6	0.0	0.0
162	protein1	453.4	9.0	1.7161906000000002
162	protein2	307.8	7.0	1.9538528000000002
162	protein3	827.8	18.2	2.1084712000000003
162	r1	6.6	0.0	0.0
162	rnapol	0.6	0.0	0.0
163	__protein1_rbs	3.2	0.0	0.0
163	__protein2_rbs	4.0	0.0	0.0
163	__protein3_rbs	11.0	0.0	0.0
163	__ribosome	32.8	0.0	0.0
163	__rnase_site_ext	19.6	0.0	0.0
163	p0	1.0	0.0	0.0
163	p2	0.8	0.0	0.0
163	protein1	455.6	8.6	2.2368254000000003
163	protein2	310.6	6.8	2.1093072
163	protein3	835.0	18.0	2.0882038
163	r1	6.6	0.0	0.0
163	rnapol	0.8	0.0	0.0
164	__protein1_rbs	5.8	0.0	0.0
164	__protein2_rbs	4.0	0.0	0.0
164	__protein3_rbs	10.6	0.0	0.0
164	__ribosome	33.4	0.0	0.0
164	__rnase_site_ext	19.8	0.0	0.0
164	p0	0.4	0.0	0.0
164	p2	1.0	0.0	0.0
164	protein1	459.2	8.6	2.079365
164	protein2	313.2	6.6	2.2130302000000004
164	protein3	842.0	18.4	2.0254982
164	r1	6.8	0.0	0.0
164	rnapol	0.6	0.0	0.0
165	__protein1_rbs	6.0	0.0	0.0
165	__protein2_rbs	4.2	0.0	0.0
165	__protein3_rbs	11.2	0.0	0.0
165	__ribosome	34.2	0.0	0.0
165	__rnase_site_ext	19.6	0.0	0.0
165	p0	1.0	0.0	0.0
165	p2	1.0	0.0	0.0
165	protein1	461.2	9.0	2.0075398
165	protein2	316.6	6.6	2.0193938
165	protein3	851.2	18.4	1.9729169999999998
165	r1	7.0	0.0	0.0
165	rnapol	1.0	0.0	0.0
166	__protein1_rbs	5.6	0.0	0.0
166	__protein2_rbs	4.2	0.0	0.0
166	__protein3_rbs	11.4	0.0	0.0
166	__ribosome	34.8	0.0	0.0
166	__rnase_site_ext	19.8	0.0	0.0
166	p0	1.0	0.0	0.0
166	p2	0.8	0.0	0.0
166	protein1	465.2	9.0	1.8626984
166	protein2	319.0	6.8	1.940909
166	protein3	858.0	18.2	1.9987058
166	r1	6.8	0.0	0.0
166	rnapol	1.0	0.0	0.0
167	__protein1_rbs	5.8	0.0	0.0
167	__protein2_rbs	4.4	0.0	0.0
167	__protein3_rbs	9.6	0.0	0.0
167	__ribosome	33.4	0.0	0.0
167	__rnase_site_ext	20.0	0.0	0.0
167	p0	1.0	0.0	0.0
167	p2	0.6	0.0	0.0
167	protein1	468.2	9.0	1.9170636000000003
167	protein2	321.6	7.0	1.9378788
167	protein3	865.6	18.0	2.0800214
167	r1	6.8	0.0	0.0
167	rnapol	1.0	0.0	0.0
168	__protein1_rbs	6.0	0.0	0.0
168	__protein2_rbs	4.8	0.0	0.0
168	__protein3_rbs	9.6	0.0	0.0
168	__ribosome	32.2	0.0	0.0
168	__rnase_site_ext	20.6	0.0	0.0
168	p0	0.6	0.0	0.0
168	p2	1.0	0.0	0.0
168	protein1	472.6	9.0	1.8059526000000001
168	protein2	323.6	7.0	2.033766
168	protein3	872.0	17.8	2.1957426
168	r1	6.8	0.0	0.0
168	rnapol	0.6	0.0	0.0
169	__protein1_rbs	5.4	0.0	0.0
169	__protein2_rbs	4.2	0.0	0.0
169	__protein3_rbs	10.6	0.0	0.0
169	__ribosome	33.8	0.0	0.0
169	__rnase_site_ext	20.6	0.0	0.0
169	p0	1.0	0.0	0.0
169	p2	0.6	0.0	0.0
169	protein1	476.2	9.2	1.7564286
169	protein2	326.8	7.0	1.8463206
169	protein3	880.2	18.0	2.1203124
169	r1	6.6	0.0	0.0
169	rnapol	0.6	0.0	0.0
170	__protein1_rbs	4.8	0.0	0.0
170	__protein2_rbs	3.8	0.0	0.0
170	__protein3_rbs	10.2	0.0	0.0
170	__ribosome	32.8	0.0	0.0
170	__rnase_site_ext	20.8	0.0	0.0
170	p0	1.0	0.0	0.0
170	p2	0.4	0.0	0.0
170	protein1	479.2	9.4	1.8983334
170	protein2	329.2	7.0	1.8805196
170	protein3	888.4	18.2	2.0711014
170	r1	6.6	0.0	0.0
170	rnapol	0.8	0.0	0.0
171	__protein1_rbs	5.8	0.0	0.0
171	__protein2_rbs	4.0	0.0	0.0
171	__protein3_rbs	10.4	0.0	0.0
171	__ribosome	30.8	0.0	0.0
171	__rnase_site_ext	21.0	0.0	0.0
171	p0	1.0	0.0	0.0
171	p2	0.6	0.0	0.0
171	protein1	482.0	9.2	2.0947618
171	protein2	331.6	6.8	2.0010822
171	protein3	895.6	18.4	2.0842726000000003
171	r1	7.0	0.0	0.0
171	rnapol	0.8	0.0	0.0
172	__protein1_rbs	6.8	0.0	0.0
172	__protein2_rbs	2.8	0.0	0.0
172	__protein3_rbs	10.2	0.0	0.0
172	__ribosome	30.6	0.0	0.0
172	__rnase_site_ext	21.0	0.0	0.0
172	p0	1.0	0.0	0.0
172	p2	0.4	0.0	0.0
172	protein1	485.4	9.4	1.8940476000000002
172	protein2	334.6	6.6	2.2432898000000003
172	protein3	903.0	18.8	2.0707052
172	r1	7.0	0.0	0.0
172	rnapol	0.4	0.0	0.0
173	__protein1_rbs	5.0	0.0	0.0
173	__protein2_rbs	5.4	0.0	0.0
173	__protein3_rbs	11.4	0.0	0.0
173	__ribosome	30.2	0.0	0.0
173	__rnase_site_ext	21.0	0.0	0.0
173	p0	1.0	0.0	0.0
173	p2	0.6	0.0	0.0
173	protein1	488.4	9.4	2.1369444
173	protein2	337.0	7.0	1.9426406000000003
173	protein3	910.6	19.0	2.0301766
173	r1	7.0	0.0	0.0
173	rnapol	0.2	0.0	0.0
174	__protein1_rbs	7.0	0.0	0.0
174	__protein2_rbs	4.6	0.0	0.0
174	__protein3_rbs	12.2	0.0	0.0
174	__ribosome	32.8	0.0	0.0
174	__rnase_site_ext	21.0	0.0	0.0
174	p0	1.0	0.0	0.0
174	p2	0.8	0.0	0.0
174	protein1	492.8	9.2	1.8991666000000005
174	protein2	339.0	7.0	1.9867966000000001
174	protein3	918.4	19.2	1.9567564
174	r1	6.6	0.0	0.0
174	rnapol	0.4	0.0	0.0
175	__protein1_rbs	5.8	0.0	0.0
175	__protein2_rbs	4.8	0.0	0.0
175	__protein3_rbs	10.8	0.0	0.0
175	__ribosome	35.8	0.0	0.0
175	__rnase_site_ext	21.2	0.0	0.0
175	p0	0.6	0.0	0.0
175	p2	0.8	0.0	0.0
175	protein1	497.2	9.0	1.8283334
175	protein2	343.0	7.0	1.6575756000000001
175	protein3	926.4	19.6	1.9610326
175	r1	6.6	0.0	0.0
175	rnapol	0.2	0.0	0.0
176	__protein1_rbs	5.6	0.0	0.0
176	__protein2_rbs	4.2	0.0	0.0
176	__protein3_rbs	11.8	0.0	0.0
176	__ribosome	35.6	0.0	0.0
176	__rnase_site_ext	21.2	0.0	0.0
176	p0	1.0	0.0	0.0
176	p2	1.0	0.0	0.0
176	protein1	500.4	9.0	1.7966666
176	protein2	346.2	7.0	1.5971862
176	protein3	933.4	19.8	1.9612838
176	r1	6.8	0.0	0.0
176	rnapol	0.4	0.0	0.0
177	__protein1_rbs	6.0	0.0	0.0
177	__protein2_rbs	3.6	0.0	0.0
177	__protein3_rbs	10.8	0.0	0.0
177	__ribosome	33.8	0.0	0.0
177	__rnase_site_ext	21.0	0.0	0.0
177	p0	1.0	0.0	0.0
177	p2	0.4	0.0	0.0
177	protein1	502.8	9.2	1.8208334
177	protein2	347.8	6.8	1.853788
177	protein3	942.6	20.0	1.9288424
177	r1	6.8	0.0	0.0
177	rnapol	0.6	0.0	0.0
178	__protein1_rbs	4.6	0.0	0.0
178	__protein2_rbs	4.4	0.0	0.0
178	__protein3_rbs	12.0	0.0	0.0
178	__ribosome	32.8	0.0	0.0
178	__rnase_site_ext	21.0	0.0	0.0
178	p0	0.8	0.0	0.0
178	p2	0.6	0.0	0.0
178	protein1	507.4	9.2	1.8041666
178	protein2	350.2	6.8	1.9083332
178	protein3	949.2	19.8	2.034459
178	r1	6.6	0.0	0.0
178	rnapol	0.8	0.0	0.0
179	__protein1_rbs	5.6	0.0	0.0
179	__protein2_rbs	4.0	0.0	0.0
179	__protein3_rbs	11.8	0.0	0.0
179	__ribosome	30.0	0.0	0.0
179	__rnase_site_ext	20.6	0.0	0.0
179	p0	0.8	0.0	0.0
179	p2	1.0	0.0	0.0
179	protein1	510.0	9.4	1.8857842
179	protein2	352.6	6.8	2.0566668000000004
179	protein3	955.8	19.8	2.0585496
179	r1	6.8	0.0	0.0
179	rnapol	1.0	0.0	0.0
180	__protein1_rbs	5.4	0.0	0.0
180	__protein2_rbs	5.0	0.0	0.0
180	__protein3_rbs	13.0	0.0	0.0
180	__ribosome	29.2	0.0	0.0
180	__rnase_site_ext	20.8	0.0	0.0
180	p0	1.0	0.0	0.0
180	p2	0.8	0.0	0.0
180	protein1	512.6	9.4	1.9592716000000003
180	protein2	354.0	7.0	2.1930954
180	protein3	962.8	19.2	2.0514650000000003
180	r1	6.8	0.0	0.0
180	rnapol	0.8	0.0	0.0
181	__protein1_rbs	6.0	0.0	0.0
181	__protein2_rbs	4.4	0.0	0.0
181	__protein3_rbs	10.8	0.0	0.0
181	__ribosome	29.6	0.0	0.0
181	__rnase_site_ext	21.0	0.0	0.0
181	p0	1.0	0.0	0.0
181	p2	0.6	0.0	0.0
181	protein1	515.2	9.6	1.98383
181	protein2	357.0	6.8	2.1171862
181	protein3	971.6	19.4	1.9844444
181	r1	6.8	0.0	0.0
181	rnapol	1.0	0.0	0.0
182	__protein1_rbs	6.2	0.0	0.0
182	__protein2_rbs	3.2	0.0	0.0
182	__protein3_rbs	13.8	0.0	0.0
182	__ribosome	32.8	0.0	0.0
182	__rnase_site_ext	21.6	0.0	0.0
182	p0	0.6	0.0	0.0
182	p2	0.4	0.0	0.0
182	protein1	517.4	9.6	2.157423
182	protein2	361.0	6.8	1.9572728
182	protein3	981.0	19.2	1.8099112
182	r1	6.8	0.0	0.0
182	rnapol	0.6	0.0	0.0
183	__protein1_rbs	4.8	0.0	0.0
183	__protein2_rbs	4.2	0.0	0.0
183	__protein3_rbs	12.2	0.0	0.0
183	__ribosome	33.2	0.0	0.0
183	__rnase_site_ext	21.2	0.0	0.0
183	p0	1.0	0.0	0.0
183	p2	1.0	0.0	0.0
183	protein1	522.8	9.8	2.0722688000000002
183	protein2	363.2	6.8	2.0480738
183	protein3	989.0	19.2	1.8342015999999999
183	r1	6.8	0.0	0.0
183	rnapol	0.8	0.0	0.0
184	__protein1_rbs	5.4	0.0	0.0
184	__protein2_rbs	3.2	0.0	0.0
184	__protein3_rbs	9.0	0.0	0.0
184	__ribosome	30.4	0.0	0.0
184	__rnase_site_ext	21.2	0.0	0.0
184	p0	1.0	0.0	0.0
184	p2	0.6	0.0	0.0
184	protein1	526.6	9.6	2.085
184	protein2	366.6	6.8	2.0656062
184	protein3	995.8	18.8	2.0327200000000003
184	r1	6.8	0.0	0.0
184	rnapol	0.6	0.0	0.0
185	__protein1_rbs	5.8	0.0	0.0
185	__protein2_rbs	5.8	0.0	0.0
185	__protein3_rbs	12.8	0.0	0.0
185	__ribosome	31.8	0.0	0.0
185	__rnase_site_ext	21.2	0.0	0.0
185	p0	0.8	0.0	0.0
185	p2	0.6	0.0	0.0
185	protein1	530.8	9.6	2.0359522
185	protein2	368.6	7.0	1.830909
185	protein3	1002.2	19.2	1.9760474
185	r1	6.8	0.0	0.0
185	rnapol	0.4	0.0	0.0
186	__protein1_rbs	5.4	0.0	0.0
186	__protein2_rbs	3.4	0.0	0.0
186	__protein3_rbs	12.4	0.0	0.0
186	__ribosome	32.0	0.0	0.0
186	__rnase_site_ext	21.4	0.0	0.0
186	p0	0.8	0.0	0.0
186	p2	1.0	0.0	0.0
186	protein1	535.0	9.6	2.0472943999999997
186	protein2	371.0	6.8	2.1159958
186	protein3	1009.6	19.2	1.9117382000000005
186	r1	6.6	0.0	0.0
186	rnapol	0.2	0.0	0.0
187	__protein1_rbs	6.2	0.0	0.0
187	__protein2_rbs	4.4	0.0	0.0
187	__protein3_rbs	10.2	0.0	0.0
187	__ribosome	28.8	0.0	0.0
187	__rnase_site_ext	20.8	0.0	0.0
187	p0	1.0	0.0	0.0
187	p2	1.0	0.0	0.0
187	protein1	537.8	9.6	2.1380953999999996
187	protein2	373.6	7.0	2.1616666
187	protein3	1016.2	19.2	2.0729606
187	r1	6.8	0.0	0.0
187	rnapol	0.6	0.0	0.0
188	__protein1_rbs	5.0	0.0	0.0
188	__protein2_rbs	5.0	0.0	0.0
188	__protein3_rbs	14.0	0.0	0.0
188	__ribosome	33.0	0.0	0.0
188	__rnase_site_ext	21.0	0.0	0.0
188	p0	0.4	0.0	0.0
188	p2	1.0	0.0	0.0
188	protein1	542.0	9.4	2.0921428
188	protein2	377.2	6.8	1.9464286
188	protein3	1023.4	19.6	1.9020958
188	r1	6.6	0.0	0.0
188	rnapol	0.4	0.0	0.0
189	__protein1_rbs	6.6	0.0	0.0
189	__protein2_rbs	2.8	0.0	0.0
189	__protein3_rbs	10.6	0.0	0.0
189	__ribosome	33.2	0.0	0.0
189	__rnase_site_ext	21.2	0.0	0.0
189	p0	1.0	0.0	0.0
189	p2	0.8	0.0	0.0
189	protein1	546.6	9.8	1.8135714
189	protein2	380.0	6.8	2.3644444
189	protein3	1032.6	19.0	1.8901398
189	r1	6.6	0.0	0.0
189	rnapol	0.8	0.0	0.0
190	__protein1_rbs	6.2	0.0	0.0
190	__protein2_rbs	4.6	0.0	0.0
190	__protein3_rbs	11.2	0.0	0.0
190	__ribosome	31.0	0.0	0.0
190	__rnase_site_ext	21.6	0.0	0.0
190	p0	0.8	0.0	0.0
190	p2	0.8	0.0	0.0
190	protein1	549.6	10.0	1.8855844
190	protein2	380.8	6.8	2.3322222000000004
190	protein3	1039.8	19.0	1.9155244
190	r1	6.6	0.0	0.0
190	rnapol	0.6	0.0	0.0
191	__protein1_rbs	6.2	0.0	0.0
191	__protein2_rbs	4.0	0.0	0.0
191	__protein3_rbs	11.6	0.0	0.0
191	__ribosome	32.2	0.0	0.0
191	__rnase_site_ext	21.2	0.0	0.0
191	p0	0.8	0.0	0.0
191	p2	1.0	0.0	0.0
191	protein1	553.2	10.0	1.8744804
191	protein2	385.0	7.0	2.0388888
191	protein3	1046.8	18.8	1.9878788
191	r1	6.6	0.0	0.0
191	rnapol	0.8	0.0	0.0
192	__protein1_rbs	6.4	0.0	0.0
192	__protein2_rbs	4.6	0.0	0.0
192	__protein3_rbs	10.8	0.0	0.0
192	__ribosome	33.0	0.0	0.0
192	__rnase_site_ext	21.4	0.0	0.0
192	p0	1.0	0.0	0.0
192	p2	0.6	0.0	0.0
192	protein1	557.6	10.0	1.8978354
192	protein2	387.8	6.6	1.9066668000000002
192	protein3	1054.6	19.0	1.9778788000000005
192	r1	6.4	0.0	0.0
192	rnapol	1.0	0.0	0.0
193	__protein1_rbs	6.8	0.0	0.0
193	__protein2_rbs	3.6	0.0	0.0
193	__protein3_rbs	11.8	0.0	0.0
193	__ribosome	32.2	0.0	0.0
193	__rnase_site_ext	21.4	0.0	0.0
193	p0	0.8	0.0	0.0
193	p2	0.6	0.0	0.0
193	protein1	561.2	10.2	1.8450576
193	protein2	390.0	6.6	2.0257576
193	protein3	1061.2	18.6	2.0014286
193	r1	6.2	0.0	0.0
193	rnapol	1.2	0.0	0.0
194	__protein1_rbs	6.4	0.0	0.0
194	__protein2_rbs	5.0	0.0	0.0
194	__protein3_rbs	11.4	0.0	0.0
194	__ribosome	31.4	0.0	0.0
194	__rnase_site_ext	21.0	0.0	0.0
194	p0	1.0	0.0	0.0
194	p2	0.8	0.0	0.0
194	protein1	564.0	10.2	2.0095958
194	protein2	393.2	6.6	1.9060606
194	protein3	1068.4	18.8	2.0657144
194	r1	6.2	0.0	0.0
194	rnapol	1.6	0.0	0.0
195	__protein1_rbs	5.4	0.0	0.0
195	__protein2_rbs	3.4	0.0	0.0
195	__protein3_rbs	9.6	0.0	0.0
195	__ribosome	28.8	0.0	0.0
195	__rnase_site_ext	20.8	0.0	0.0
195	p0	0.8	0.0	0.0
195	p2	0.8	0.0	0.0
195	protein1	567.8	10.0	2.1063492000000004
195	protein2	395.0	6.4	2.1272728
195	protein3	1077.2	18.6	2.0933333999999997
195	r1	6.2	0.0	0.0
195	rnapol	1.4	0.0	0.0
196	__protein1_rbs	6.6	0.0	0.0
196	__protein2_rbs	3.0	0.0	0.0
196	__protein3_rbs	12.4	0.0	0.0
196	__ribosome	30.8	0.0	0.0
196	__rnase_site_ext	21.0	0.0	0.0
196	p0	0.8	0.0	0.0
196	p2	0.6	0.0	0.0
196	protein1	572.8	10.2	1.8526986
196	protein2	398.2	6.2	2.1654546000000003
196	protein3	1082.8	18.8	2.0442858
196	r1	6.0	0.0	0.0
196	rnapol	1.0	0.0	0.0
197	__protein1_rbs	6.4	0.0	0.0
197	__protein2_rbs	4.4	0.0	0.0
197	__protein3_rbs	11.8	0.0	0.0
197	__ribosome	31.6	0.0	0.0
197	__rnase_site_ext	21.2	0.0	0.0
197	p0	1.0	0.0	0.0
197	p2	0.8	0.0	0.0
197	protein1	576.0	9.8	1.9392957999999998
197	protein2	400.0	6.2	2.1272728
197	protein3	1091.0	18.6	1.995138
197	r1	6.0	0.0	0.0
197	rnapol	0.8	0.0	0.0
198	__protein1_rbs	6.2	0.0	0.0
198	__protein2_rbs	4.2	0.0	0.0
198	__protein3_rbs	11.0	0.0	0.0
198	__ribosome	34.4	0.0	0.0
198	__rnase_site_ext	21.2	0.0	0.0
198	p0	0.8	0.0	0.0
198	p2	0.6	0.0	0.0
198	protein1	580.0	10.2	1.846039
198	protein2	403.0	6.2	1.9640910000000005
198	protein3	1099.8	18.4	1.9260128
198	r1	6.0	0.0	0.0
198	rnapol	0.8	0.0	0.0
199	__protein1_rbs	5.4	0.0	0.0
199	__protein2_rbs	3.2	0.0	0.0
199	__protein3_rbs	12.0	0.0	0.0
199	__ribosome	34.0	0.0	0.0
199	__rnase_site_ext	21.6	0.0	0.0
199	p0	1.0	0.0	0.0
199	p2	0.8	0.0	0.0
199	protein1	584.4	10.0	1.9224826000000002
199	protein2	405.4	6.0	2.125
199	protein3	1106.2	18.6	1.8889928
199	r1	6.2	0.0	0.0
199	rnapol	0.8	0.0	0.0
200	__protein1_rbs	5.2	0.0	0.0
200	__protein2_rbs	3.8	0.0	0.0
200	__protein3_rbs	10.2	0.0	0.0
200	__ribosome	34.2	0.0	0.0
200	__rnase_site_ext	21.4	0.0	0.0
200	p0	1.0	0.0	0.0
200	p2	0.6	0.0	0.0
200	protein1	588.8	10.2	1.8708974
200	protein2	408.0	6.0	1.9683334
200	protein3	1114.4	18.8	1.9036796
200	r1	5.8	0.0	0.0
200	rnapol	0.8	0.0	0.0
201	__protein1_rbs	5.0	0.0	0.0
201	__protein2_rbs	2.8	0.0	0.0
201	__protein3_rbs	10.6	0.0	0.0
201	__ribosome	30.8	0.0	0.0
201	__rnase_site_ext	21.8	0.0	0.0
201	p0	1.0	0.0	0.0
201	p2	0.8	0.0	0.0
201	protein1	591.6	10.0	2.1383332000000004
201	protein2	410.4	6.2	2.0366666
201	protein3	1122.0	18.8	1.9767964
201	r1	5.8	0.0	0.0
201	rnapol	0.6	0.0	0.0
202	__protein1_rbs	6.8	0.0	0.0
202	__protein2_rbs	4.0	0.0	0.0
202	__protein3_rbs	12.2	0.0	0.0
202	__ribosome	31.6	0.0	0.0
202	__rnase_site_ext	22.0	0.0	0.0
202	p0	0.8	0.0	0.0
202	p2	0.8	0.0	0.0
202	protein1	595.2	10.0	2.1383334
202	protein2	412.8	6.2	1.853889
202	protein3	1129.0	18.8	1.9613851999999998
202	r1	6.0	0.0	0.0
202	rnapol	0.6	0.0	0.0
203	__protein1_rbs	4.8	0.0	0.0
203	__protein2_rbs	3.4	0.0	0.0
203	__protein3_rbs	11.6	0.0	0.0
203	__ribosome	30.2	0.0	0.0
203	__rnase_site_ext	21.8	0.0	0.0
203	p0	1.0	0.0	0.0
203	p2	0.6	0.0	0.0
203	protein1	599.4	10.2	2.2129488
203	protein2	415.4	5.8	1.9204762
203	protein3	1135.8	19.2	1.9337229999999999
203	r1	6.2	0.0	0.0
203	rnapol	0.4	0.0	0.0
204	__protein1_rbs	6.0	0.0	0.0
204	__protein2_rbs	3.4	0.0	0.0
204	__protein3_rbs	10.8	0.0	0.0
204	__ribosome	28.6	0.0	0.0
204	__rnase_site_ext	21.2	0.0	0.0
204	p0	1.0	0.0	0.0
204	p2	0.8	0.0	0.0
204	protein1	604.4	9.8	2.1842308
204	protein2	417.8	6.0	1.9435714
204	protein3	1141.6	19.0	2.1208658
204	r1	6.6	0.0	0.0
204	rnapol	0.8	0.0	0.0
205	__protein1_rbs	7.6	0.0	0.0
205	__protein2_rbs	3.6	0.0	0.0
205	__protein3_rbs	11.0	0.0	0.0
205	__ribosome	31.0	0.0	0.0
205	__rnase_site_ext	21.0	0.0	0.0
205	p0	1.0	0.0	0.0
205	p2	0.8	0.0	0.0
205	protein1	607.8	9.4	2.1273807999999996
205	protein2	420.2	6.2	1.895238
205	protein3	1149.8	19.4	1.982458
205	r1	6.6	0.0	0.0
205	rnapol	0.8	0.0	0.0
206	__protein1_rbs	3.2	0.0	0.0
206	__protein2_rbs	4.2	0.0	0.0
206	__protein3_rbs	11.4	0.0	0.0
206	__ribosome	31.0	0.0	0.0
206	__rnase_site_ext	21.0	0.0	0.0
206	p0	1.0	0.0	0.0
206	p2	0.6	0.0	0.0
206	protein1	612.6	9.2	2.2998052
206	protein2	421.8	6.6	1.8861112
206	protein3	1158.6	19.2	1.9443912
206	r1	6.6	0.0	0.0
206	rnapol	0.8	0.0	0.0
207	__protein1_rbs	5.4	0.0	0.0
207	__protein2_rbs	3.4	0.0	0.0
207	__protein3_rbs	11.2	0.0	0.0
207	__ribosome	30.2	0.0	0.0
207	__rnase_site_ext	21.2	0.0	0.0
207	p0	0.8	0.0	0.0
207	p2	0.6	0.0	0.0
207	protein1	616.8	9.2	2.2284414
207	protein2	424.4	6.6	1.9222223999999999
207	protein3	1166.0	19.2	1.9387878
207	r1	6.4	0.0	0.0
207	rnapol	0.6	0.0	0.0
208	__protein1_rbs	4.8	0.0	0.0
208	__protein2_rbs	4.4	0.0	0.0
208	__protein3_rbs	11.6	0.0	0.0
208	__ribosome	31.6	0.0	0.0
208	__rnase_site_ext	21.2	0.0	0.0
208	p0	0.8	0.0	0.0
208	p2	0.8	0.0	0.0
208	protein1	621.2	9.4	2.13
208	protein2	426.6	6.6	1.8166668
208	protein3	1173.2	18.8	1.95285
208	r1	6.0	0.0	0.0
208	rnapol	0.6	0.0	0.0
209	__protein1_rbs	5.0	0.0	0.0
209	__protein2_rbs	4.2	0.0	0.0
209	__protein3_rbs	11.0	0.0	0.0
209	__ribosome	31.4	0.0	0.0
209	__rnase_site_ext	21.2	0.0	0.0
209	p0	1.0	0.0	0.0
209	p2	0.4	0.0	0.0
209	protein1	625.4	9.2	2.1390260000000003
209	protein2	429.4	6.6	1.8027778
209	protein3	1180.4	19.0	1.9639716
209	r1	6.2	0.0	0.0
209	rnapol	0.8	0.0	0.0
210	__protein1_rbs	7.2	0.0	0.0
210	__protein2_rbs	3.6	0.0	0.0
210	__protein3_rbs	11.4	0.0	0.0
210	__ribosome	33.2	0.0	0.0
210	__rnase_site_ext	21.0	0.0	0.0
210	p0	1.0	0.0	0.0
210	p2	0.4	0.0	0.0
210	protein1	628.6	9.4	1.9372728
210	protein2	432.0	6.2	1.9166666
210	protein3	1188.4	19.0	1.9437626
210	r1	6.0	0.0	0.0
210	rnapol	1.0	0.0	0.0
211	__protein1_rbs	5.2	0.0	0.0
211	__protein2_rbs	4.2	0.0	0.0
211	__protein3_rbs	9.6	0.0	0.0
211	__ribosome	33.8	0.0	0.0
211	__rnase_site_ext	21.0	0.0	0.0
211	p0	1.0	0.0	0.0
211	p2	0.6	0.0	0.0
211	protein1	633.8	9.2	1.8275326
211	protein2	434.2	6.2	2.023889
211	protein3	1196.2	19.0	1.9700958
211	r1	5.8	0.0	0.0
211	rnapol	1.2	0.0	0.0
212	__protein1_rbs	5.8	0.0	0.0
212	__protein2_rbs	4.6	0.0	0.0
212	__protein3_rbs	11.0	0.0	0.0
212	__ribosome	33.4	0.0	0.0
212	__rnase_site_ext	21.0	0.0	0.0
212	p0	0.8	0.0	0.0
212	p2	0.8	0.0	0.0
212	protein1	637.0	9.2	1.8711689999999999
212	protein2	437.2	6.2	1.9072224
212	protein3	1203.4	19.0	1.9877072
212	r1	5.8	0.0	0.0
212	rnapol	0.8	0.0	0.0
213	__protein1_rbs	5.6	0.0	0.0
213	__protein2_rbs	3.0	0.0	0.0
213	__protein3_rbs	10.6	0.0	0.0
213	__ribosome	31.2	0.0	0.0
213	__rnase_site_ext	21.2	0.0	0.0
213	p0	1.0	0.0	0.0
213	p2	0.8	0.0	0.0
213	protein1	641.0	9.0	1.8207792
213	protein2	439.0	6.2	2.1322222
213	protein3	1210.4	19.0	2.1034894
213	r1	5.8	0.0	0.0
213	rnapol	0.8	0.0	0.0
214	__protein1_rbs	5.0	0.0	0.0
214	__protein2_rbs	3.4	0.0	0.0
214	__protein3_rbs	10.2	0.0	0.0
214	__ribosome	32.4	0.0	0.0
214	__rnase_site_ext	21.6	0.0	0.0
214	p0	0.8	0.0	0.0
214	p2	0.6	0.0	0.0
214	protein1	644.4	9.2	1.7891776000000001
214	protein2	441.8	5.8	2.1416668000000003
214	protein3	1218.8	19.6	2.0111636
214	r1	5.8	0.0	0.0
214	rnapol	0.6	0.0	0.0
215	__protein1_rbs	5.8	0.0	0.0
215	__protein2_rbs	4.0	0.0	0.0
215	__protein3_rbs	12.2	0.0	0.0
215	__ribosome	31.8	0.0	0.0
215	__rnase_site_ext	21.8	0.0	0.0
215	p0	1.0	0.0	0.0
215	p2	0.6	0.0	0.0
215	protein1	647.0	9.2	1.8372293999999998
215	protein2	443.8	6.0	2.05
215	protein3	1225.6	19.2	2.0877991999999996
215	r1	6.0	0.0	0.0
215	rnapol	0.4	0.0	0.0
216	__protein1_rbs	6.8	0.0	0.0
216	__protein2_rbs	2.4	0.0	0.0
216	__protein3_rbs	10.6	0.0	0.0
216	__ribosome	32.4	0.0	0.0
216	__rnase_site_ext	21.6	0.0	0.0
216	p0	1.0	0.0	0.0
216	p2	0.6	0.0	0.0
216	protein1	650.6	9.2	1.8227274
216	protein2	446.8	6.0	2.1966666
216	protein3	1234.8	19.2	2.0745192
216	r1	5.6	0.0	0.0
216	rnapol	0.6	0.0	0.0
217	__protein1_rbs	5.0	0.0	0.0
217	__protein2_rbs	4.8	0.0	0.0
217	__protein3_rbs	10.6	0.0	0.0
217	__ribosome	32.6	0.0	0.0
217	__rnase_site_ext	21.6	0.0	0.0
217	p0	1.0	0.0	0.0
217	p2	1.0	0.0	0.0
217	protein1	654.8	9.2	1.7742424
217	protein2	449.0	6.0	1.7861906000000003
217	protein3	1242.0	19.6	2.0900252000000004
217	r1	5.2	0.0	0.0
217	rnapol	1.0	0.0	0.0
218	__protein1_rbs	5.4	0.0	0.0
218	__protein2_rbs	3.2	0.0	0.0
218	__protein3_rbs	12.0	0.0	0.0
218	__ribosome	33.2	0.0	0.0
218	__rnase_site_ext	21.8	0.0	0.0
218	p0	0.6	0.0	0.0
218	p2	0.8	0.0	0.0
218	protein1	658.0	9.0	1.8357576
218	protein2	451.6	5.6	1.9357142
218	protein3	1249.0	19.2	2.1040724
218	r1	5.2	0.0	0.0
218	rnapol	0.4	0.0	0.0
219	__protein1_rbs	6.2	0.0	0.0
219	__protein2_rbs	2.6	0.0	0.0
219	__protein3_rbs	11.6	0.0	0.0
219	__ribosome	33.8	0.0	0.0
219	__rnase_site_ext	22.0	0.0	0.0
219	p0	1.0	0.0	0.0
219	p2	0.8	0.0	0.0
219	protein1	661.4	8.8	1.7900000000000005
219	protein2	453.6	5.4	2.2166666
219	protein3	1258.6	19.4	2.0357732
219	r1	5.2	0.0	0.0
219	rnapol	1.0	0.0	0.0
220	__protein1_rbs	5.0	0.0	0.0
220	__protein2_rbs	3.2	0.0	0.0
220	__protein3_rbs	10.8	0.0	0.0
220	__ribosome	32.6	0.0	0.0
220	__rnase_site_ext	22.2	0.0	0.0
220	p0	0.8	0.0	0.0
220	p2	0.8	0.0	0.0
220	protein1	665.0	9.2	1.7676923999999998
220	protein2	455.6	5.2	2.31
220	protein3	1266.8	19.6	2.0028998
220	r1	5.4	0.0	0.0
220	rnapol	1.4	0.0	0.0
221	__protein1_rbs	5.6	0.0	0.0
221	__protein2_rbs	2.6	0.0	0.0
221	__protein3_rbs	10.6	0.0	0.0
221	__ribosome	31.6	0.0	0.0
221	__rnase_site_ext	22.2	0.0	0.0
221	p0	0.8	0.0	0.0
221	p2	0.8	0.0	0.0
221	protein1	667.6	9.2	1.8764104
221	protein2	458.0	5.2	2.4328572
221	protein3	1274.6	19.6	1.9966394
221	r1	5.2	0.0	0.0
221	rnapol	1.2	0.0	0.0
222	__protein1_rbs	5.6	0.0	0.0
222	__protein2_rbs	3.6	0.0	0.0
222	__protein3_rbs	11.8	0.0	0.0
222	__ribosome	31.8	0.0	0.0
222	__rnase_site_ext	22.6	0.0	0.0
222	p0	0.6	0.0	0.0
222	p2	0.8	0.0	0.0
222	protein1	671.0	9.4	1.872774
222	protein2	460.4	5.4	2.164762
222	protein3	1282.2	19.8	1.981011
222	r1	5.2	0.0	0.0
222	rnapol	0.8	0.0	0.0
223	__protein1_rbs	6.8	0.0	0.0
223	__protein2_rbs	3.2	0.0	0.0
223	__protein3_rbs	13.2	0.0	0.0
223	__ribosome	33.0	0.0	0.0
223	__rnase_site_ext	22.6	0.0	0.0
223	p0	0.8	0.0	0.0
223	p2	1.0	0.0	0.0
223	protein1	674.2	10.0	1.7718614
223	protein2	463.0	5.2	2.1714286
223	protein3	1289.6	19.8	1.944891
223	r1	5.0	0.0	0.0
223	rnapol	0.8	0.0	0.0
224	__protein1_rbs	6.0	0.0	0.0
224	__protein2_rbs	2.6	0.0	0.0
224	__protein3_rbs	12.4	0.0	0.0
224	__ribosome	33.0	0.0	0.0
224	__rnase_site_ext	22.8	0.0	0.0
224	p0	1.0	0.0	0.0
224	p2	1.0	0.0	0.0
224	protein1	677.8	10.0	1.7731768
224	protein2	464.8	5.2	2.2171428000000004
224	protein3	1297.4	19.6	1.9212192
224	r1	5.0	0.0	0.0
224	rnapol	1.0	0.0	0.0
225	__protein1_rbs	5.8	0.0	0.0
225	__protein2_rbs	3.2	0.0	0.0
225	__protein3_rbs	12.4	0.0	0.0
225	__ribosome	33.8	0.0	0.0
225	__rnase_site_ext	23.2	0.0	0.0
225	p0	0.6	0.0	0.0
225	p2	1.0	0.0	0.0
225	protein1	681.0	10.4	1.8799368
225	protein2	468.2	5.2	1.9528572
225	protein3	1306.0	19.0	1.9365852000000003
225	r1	5.2	0.0	0.0
225	rnapol	0.6	0.0	0.0
226	__protein1_rbs	8.0	0.0	0.0
226	__protein2_rbs	3.2	0.0	0.0
226	__protein3_rbs	10.4	0.0	0.0
226	__ribosome	34.0	0.0	0.0
226	__rnase_site_ext	23.2	0.0	0.0
226	p0	0.6	0.0	0.0
226	p2	0.8	0.0	0.0
226	protein1	684.2	10.6	1.7704546
226	protein2	469.8	5.0	2.1614286
226	protein3	1314.4	19.0	1.9386306
226	r1	5.4	0.0	0.0
226	rnapol	0.4	0.0	0.0
227	__protein1_rbs	7.2	0.0	0.0
227	__protein2_rbs	4.2	0.0	0.0
227	__protein3_rbs	8.8	0.0	0.0
227	__ribosome	33.6	0.0	0.0
227	__rnase_site_ext	23.8	0.0	0.0
227	p0	1.0	0.0	0.0
227	p2	0.6	0.0	0.0
227	protein1	688.2	10.8	1.7132396
227	protein2	472.2	5.4	1.7142858
227	protein3	1322.2	19.0	2.0264336
227	r1	5.4	0.0	0.0
227	rnapol	0.2	0.0	0.0
228	__protein1_rbs	7.4	0.0	0.0
228	__protein2_rbs	3.2	0.0	0.0
228	__protein3_rbs	9.2	0.0	0.0
228	__ribosome	33.4	0.0	0.0
228	__rnase_site_ext	23.8	0.0	0.0
228	p0	0.8	0.0	0.0
228	p2	1.0	0.0	0.0
228	protein1	692.8	11.2	1.5697801999999998
228	protein2	474.4	5.4	1.7142858
228	protein3	1329.8	18.8	2.1392124000000003
228	r1	5.8	0.0	0.0
228	rnapol	0.6	0.0	0.0
229	__protein1_rbs	6.6	0.0	0.0
229	__protein2_rbs	3.0	0.0	0.0
229	__protein3_rbs	12.8	0.0	0.0
229	__ribosome	30.6	0.0	0.0
229	__rnase_site_ext	23.6	0.0	0.0
229	p0	0.8	0.0	0.0
229	p2	1.0	0.0	0.0
229	protein1	696.0	11.2	1.7958485999999998
229	protein2	476.6	5.4	1.7942858000000002
229	protein3	1336.0	19.0	2.1373992000000004
229	r1	5.8	0.0	0.0
229	rnapol	0.6	0.0	0.0
230	__protein1_rbs	7.0	0.0	0.0
230	__protein2_rbs	2.8	0.0	0.0
230	__protein3_rbs	11.6	0.0	0.0
230	__ribosome	31.6	0.0	0.0
230	__rnase_site_ext	23.6	0.0	0.0
230	p0	1.0	0.0	0.0
230	p2	1.0	0.0	0.0
230	protein1	701.2	11.0	1.7217949999999995
230	protein2	478.8	6.0	1.785
230	protein3	1343.8	19.0	2.1186686000000003
230	r1	5.6	0.0	0.0
230	rnapol	0.6	0.0	0.0
231	__protein1_rbs	6.0	0.0	0.0
231	__protein2_rbs	3.8	0.0	0.0
231	__protein3_rbs	12.4	0.0	0.0
231	__ribosome	29.4	0.0	0.0
231	__rnase_site_ext	23.4	0.0	0.0
231	p0	0.8	0.0	0.0
231	p2	0.6	0.0	0.0
231	protein1	703.4	11.0	1.948718
231	protein2	479.8	6.0	1.9595238000000001
231	protein3	1351.4	19.0	2.0681008000000003
231	r1	5.8	0.0	0.0
231	rnapol	0.4	0.0	0.0
232	__protein1_rbs	6.8	0.0	0.0
232	__protein2_rbs	3.0	0.0	0.0
232	__protein3_rbs	10.8	0.0	0.0
232	__ribosome	29.4	0.0	0.0
232	__rnase_site_ext	23.4	0.0	0.0
232	p0	1.0	0.0	0.0
232	p2	0.8	0.0	0.0
232	protein1	706.8	11.0	2.0087606
232	protein2	482.0	5.8	2.1711112
232	protein3	1361.0	18.8	2.010879
232	r1	6.2	0.0	0.0
232	rnapol	0.4	0.0	0.0
233	__protein1_rbs	5.2	0.0	0.0
233	__protein2_rbs	3.6	0.0	0.0
233	__protein3_rbs	12.2	0.0	0.0
233	__ribosome	33.0	0.0	0.0
233	__rnase_site_ext	22.8	0.0	0.0
233	p0	1.0	0.0	0.0
233	p2	0.8	0.0	0.0
233	protein1	711.4	11.2	1.9927654
233	protein2	484.2	6.0	2.0628572
233	protein3	1370.6	18.4	1.8029488
233	r1	6.4	0.0	0.0
233	rnapol	0.6	0.0	0.0
234	__protein1_rbs	6.8	0.0	0.0
234	__protein2_rbs	3.0	0.0	0.0
234	__protein3_rbs	10.8	0.0	0.0
234	__ribosome	31.0	0.0	0.0
234	__rnase_site_ext	23.0	0.0	0.0
234	p0	1.0	0.0	0.0
234	p2	0.4	0.0	0.0
234	protein1	715.4	11.0	2.047619
234	protein2	486.6	6.2	2.044762
234	protein3	1377.0	18.4	1.8747619999999998
234	r1	6.4	0.0	0.0
234	rnapol	0.4	0.0	0.0
235	__protein1_rbs	6.0	0.0	0.0
235	__protein2_rbs	4.4	0.0	0.0
235	__protein3_rbs	10.6	0.0	0.0
235	__ribosome	31.8	0.0	0.0
235	__rnase_site_ext	22.8	0.0	0.0
235	p0	0.8	0.0	0.0
235	p2	0.0	0.0	0.0
235	protein1	719.8	11.0	2.1059523999999996
235	protein2	490.0	6.4	1.7378572
235	protein3	1383.8	17.8	1.934925
235	r1	6.6	0.0	0.0
235	rnapol	0.4	0.0	0.0
236	__protein1_rbs	7.6	0.0	0.0
236	__protein2_rbs	4.2	0.0	0.0
236	__protein3_rbs	12.6	0.0	0.0
236	__ribosome	33.4	0.0	0.0
236	__rnase_site_ext	22.4	0.0	0.0
236	p0	1.0	0.0	0.0
236	p2	0.6	0.0	0.0
236	protein1	724.6	11.0	1.9150794
236	protein2	492.0	6.4	1.7597619999999998
236	protein3	1389.6	18.0	1.9331136000000002
236	r1	6.6	0.0	0.0
236	rnapol	0.4	0.0	0.0
237	__protein1_rbs	6.0	0.0	0.0
237	__protein2_rbs	3.8	0.0	0.0
237	__protein3_rbs	10.8	0.0	0.0
237	__ribosome	33.0	0.0	0.0
237	__rnase_site_ext	22.4	0.0	0.0
237	p0	1.0	0.0	0.0
237	p2	0.4	0.0	0.0
237	protein1	728.4	11.0	2.0464286
237	protein2	494.6	6.6	1.73
237	protein3	1398.2	18.2	1.8281551999999999
237	r1	6.6	0.0	0.0
237	rnapol	0.4	0.0	0.0
238	__protein1_rbs	6.8	0.0	0.0
238	__protein2_rbs	3.0	0.0	0.0
238	__protein3_rbs	11.2	0.0	0.0
238	__ribosome	31.8	0.0	0.0
238	__rnase_site_ext	22.2	0.0	0.0
238	p0	0.8	0.0	0.0
238	p2	0.4	0.0	0.0
238	protein1	734.2	10.8	1.9735042
238	protein2	496.6	6.6	1.9866666000000002
238	protein3	1405.0	18.2	1.8705526000000001
238	r1	6.6	0.0	0.0
238	rnapol	0.2	0.0	0.0
239	__protein1_rbs	6.4	0.0	0.0
239	__protein2_rbs	4.0	0.0	0.0
239	__protein3_rbs	10.4	0.0	0.0
239	__ribosome	31.8	0.0	0.0
239	__rnase_site_ext	22.2	0.0	0.0
239	p0	1.0	0.0	0.0
239	p2	0.6	0.0	0.0
239	protein1	738.6	10.4	2.0060828
239	protein2	499.4	6.6	2.0016666
239	protein3	1412.2	18.0	1.9059907999999999
239	r1	6.8	0.0	0.0
239	rnapol	0.2	0.0	0.0
240	__protein1_rbs	6.2	0.0	0.0
240	__protein2_rbs	4.8	0.0	0.0
240	__protein3_rbs	10.4	0.0	0.0
240	__ribosome	32.0	0.0	0.0
240	__rnase_site_ext	22.0	0.0	0.0
240	p0	1.0	0.0	0.0
240	p2	0.8	0.0	0.0
240	protein1	742.8	10.6	1.996277
240	protein2	501.4	6.6	1.9450000000000005
240	protein3	1419.8	18.0	1.8838543999999997
240	r1	6.8	0.0	0.0
240	rnapol	0.4	0.0	0.0
241	__protein1_rbs	6.0	0.0	0.0
241	__protein2_rbs	4.4	0.0	0.0
241	__protein3_rbs	13.0	0.0	0.0
241	__ribosome	30.4	0.0	0.0
241	__rnase_site_ext	21.6	0.0	0.0
241	p0	1.0	0.0	0.0
241	p2	0.8	0.0	0.0
241	protein1	747.0	10.2	2.0767532
241	protein2	503.2	6.8	2.088889
241	protein3	1424.8	18.6	1.856251
241	r1	6.8	0.0	0.0
241	rnapol	0.4	0.0	0.0
242	__protein1_rbs	6.4	0.0	0.0
242	__protein2_rbs	3.6	0.0	0.0
242	__protein3_rbs	10.2	0.0	0.0
242	__ribosome	30.4	0.0	0.0
242	__rnase_site_ext	21.4	0.0	0.0
242	p0	1.0	0.0	0.0
242	p2	1.0	0.0	0.0
242	protein1	750.4	10.0	2.1119912
242	protein2	507.0	6.8	1.9638887999999999
242	protein3	1432.4	19.0	1.8554606
242	r1	6.8	0.0	0.0
242	rnapol	0.8	0.0	0.0
243	__protein1_rbs	6.4	0.0	0.0
243	__protein2_rbs	4.4	0.0	0.0
243	__protein3_rbs	12.0	0.0	0.0
243	__ribosome	32.4	0.0	0.0
243	__rnase_site_ext	21.8	0.0	0.0
243	p0	0.8	0.0	0.0
243	p2	0.6	0.0	0.0
243	protein1	756.0	10.0	1.9351516
243	protein2	510.2	6.8	1.8433334
243	protein3	1438.6	19.0	1.9038046
243	r1	6.6	0.0	0.0
243	rnapol	1.2	0.0	0.0
244	__protein1_rbs	7.0	0.0	0.0
244	__protein2_rbs	4.8	0.0	0.0
244	__protein3_rbs	12.0	0.0	0.0
244	__ribosome	34.0	0.0	0.0
244	__rnase_site_ext	21.8	0.0	0.0
244	p0	1.0	0.0	0.0
244	p2	1.0	0.0	0.0
244	protein1	760.2	10.0	1.8566666
244	protein2	512.6	7.0	1.7777777999999995
244	protein3	1446.6	19.0	1.8235766
244	r1	6.6	0.0	0.0
244	rnapol	1.6	0.0	0.0
245	__protein1_rbs	5.6	0.0	0.0
245	__protein2_rbs	3.4	0.0	0.0
245	__protein3_rbs	11.4	0.0	0.0
245	__ribosome	33.6	0.0	0.0
245	__rnase_site_ext	22.6	0.0	0.0
245	p0	0.6	0.0	0.0
245	p2	0.4	0.0	0.0
245	protein1	764.2	10.2	1.9033334
245	protein2	515.8	6.8	1.9233334
245	protein3	1454.2	18.6	1.850356
245	r1	6.6	0.0	0.0
245	rnapol	0.8	0.0	0.0
246	__protein1_rbs	6.4	0.0	0.0
246	__protein2_rbs	3.0	0.0	0.0
246	__protein3_rbs	10.0	0.0	0.0
246	__ribosome	27.8	0.0	0.0
246	__rnase_site_ext	23.0	0.0	0.0
246	p0	0.4	0.0	0.0
246	p2	0.8	0.0	0.0
246	protein1	767.6	10.6	1.971795
246	protein2	517.0	6.6	2.3222222
246	protein3	1460.0	18.8	1.9908835999999999
246	r1	6.6	0.0	0.0
246	rnapol	0.6	0.0	0.0
247	__protein1_rbs	6.4	0.0	0.0
247	__protein2_rbs	3.8	0.0	0.0
247	__protein3_rbs	10.2	0.0	0.0
247	__ribosome	30.0	0.0	0.0
247	__rnase_site_ext	23.2	0.0	0.0
247	p0	0.8	0.0	0.0
247	p2	1.0	0.0	0.0
247	protein1	772.4	10.8	1.9124876
247	protein2	520.4	6.6	2.2355556
247	protein3	1468.0	18.4	1.97442
247	r1	6.6	0.0	0.0
247	rnapol	0.8	0.0	0.0
248	__protein1_rbs	6.0	0.0	0.0
248	__protein2_rbs	4.0	0.0	0.0
248	__protein3_rbs	11.8	0.0	0.0
248	__ribosome	29.0	0.0	0.0
248	__rnase_site_ext	23.2	0.0	0.0
248	p0	1.0	0.0	0.0
248	p2	0.8	0.0	0.0
248	protein1	776.0	10.8	1.9489112000000002
248	protein2	523.0	6.6	2.2244446
248	protein3	1475.0	19.2	1.9162570000000003
248	r1	6.6	0.0	0.0
248	rnapol	1.0	0.0	0.0
249	__protein1_rbs	6.2	0.0	0.0
249	__protein2_rbs	5.2	0.0	0.0
249	__protein3_rbs	12.2	0.0	0.0
249	__ribosome	30.0	0.0	0.0
249	__rnase_site_ext	23.4	0.0	0.0
249	p0	0.8	0.0	0.0
249	p2	0.6	0.0	0.0
249	protein1	780.0	11.0	1.9711356
249	protein2	524.6	6.6	2.1911112
249	protein3	1482.6	19.0	1.857165
249	r1	6.6	0.0	0.0
249	rnapol	0.8	0.0	0.0
250	__protein1_rbs	6.6	0.0	0.0
250	__protein2_rbs	3.4	0.0	0.0
250	__protein3_rbs	11.2	0.0	0.0
250	__ribosome	29.2	0.0	0.0
250	__rnase_site_ext	23.0	0.0	0.0
250	p0	1.0	0.0	0.0
250	p2	1.0	0.0	0.0
250	protein1	784.8	11.2	1.8846154
250	protein2	528.8	6.6	2.0530158
250	protein3	1488.4	19.0	1.9574619999999998
250	r1	6.2	0.0	0.0
250	rnapol	0.8	0.0	0.0
