time	species	protein	transcript	ribo_density
0	__protein1_rbs	0.0	0.0	0.0
0	__protein2_rbs	0.0	0.0	0.0
0	__protein3_rbs	0.0	0.0	0.0
0	__ribosome	100.0	0.0	0.0
0	__rnase_site_ext	0.0	0.0	0.0
0	p0	1.0	0.0	0.0
0	p2	1.0	0.0	0.0
0	rnapol	4.0	0.0	0.0
1	__protein1_rbs	0.0	0.0	0.0
1	__protein2_rbs	0.0	0.0	0.0
1	__protein3_rbs	0.0	0.0	0.0
1	__ribosome	80.0	0.0	0.0
1	__rnase_site_ext	0.4	0.0	0.0
1	p0	0.2	0.0	0.0
1	p2	0.8	0.0	0.0
1	rnapol	2.4	0.0	0.0
2	__protein1_rbs	0.4	0.0	0.0
2	__protein2_rbs	0.0	0.0	0.0
2	__protein3_rbs	0.0	0.0	0.0
2	__ribosome	80.0	0.0	0.0
2	__rnase_site_ext	1.2	0.0	0.0
2	p0	0.6	0.0	0.0
2	p2	0.6	0.0	0.0
2	protein1	0.0	0.4	0.0
2	rnapol	2.0	0.0	0.0
3	__protein1_rbs	0.6	0.0	0.0
3	__protein2_rbs	0.0	0.0	0.0
3	__protein3_rbs	0.0	0.0	0.0
3	__ribosome	139.8	0.0	0.0
3	__rnase_site_ext	1.4	0.0	0.0
3	p0	0.6	0.0	0.0
3	p2	1.4	0.0	0.0
3	protein1	0.0	0.8	0.2
3	rnapol	3.4	0.0	0.0
4	__protein1_rbs	0.2	0.0	0.0
4	__protein2_rbs	0.0	0.0	0.0
4	__protein3_rbs	0.2	0.0	0.0
4	__ribosome	98.8	0.0	0.0
4	__rnase_site_ext	1.8	0.0	0.0
4	p0	1.0	0.0	0.0
4	p2	1.0	0.0	0.0
4	protein1	0.0	1.0	0.9
4	protein3	0.0	0.2	0.0
4	rnapol	2.0	0.0	0.0
5	__protein1_rbs	0.6	0.0	0.0
5	__protein2_rbs	0.0	0.0	0.0
5	__protein3_rbs	0.0	0.0	0.0
5	__ribosome	97.6	0.0	0.0
5	__rnase_site_ext	2.0	0.0	0.0
5	p0	1.0	0.0	0.0
5	p2	0.8	0.0	0.0
5	protein1	0.0	1.4	1.4
5	protein3	0.0	0.4	0.4
5	rnapol	1.8	0.0	0.0
6	__protein1_rbs	0.8	0.0	0.0
6	__protein2_rbs	0.0	0.0	0.0
6	__protein3_rbs	0.2	0.0	0.0
6	__ribosome	96.6	0.0	0.0
6	__rnase_site_ext	2.2	0.0	0.0
6	p0	0.8	0.0	0.0
6	p2	1.0	0.0	0.0
6	protein1	0.0	1.4	2.0
6	protein3	0.0	0.4	0.6
6	rnapol	1.6	0.0	0.0
7	__protein1_rbs	0.0	0.0	0.0
7	__protein2_rbs	0.0	0.0	0.0
7	__protein3_rbs	0.2	0.0	0.0
7	__ribosome	95.2	0.0	0.0
7	__rnase_site_ext	2.2	0.0	0.0
7	p0	1.0	0.0	0.0
7	p2	1.0	0.0	0.0
7	protein1	0.0	1.4	2.8
7	protein3	0.0	0.4	0.8
7	rnapol	1.6	0.0	0.0
8	__protein1_rbs	0.6	0.0	0.0
8	__protein2_rbs	0.0	0.0	0.0
8	__protein3_rbs	0.4	0.0	0.0
8	__ribosome	94.0	0.0	0.0
8	__rnase_site_ext	2.2	0.0	0.0
8	p0	1.0	0.0	0.0
8	p2	1.0	0.0	0.0
8	protein1	0.2	1.6	3.3
8	protein3	0.0	0.6	1.0
8	rnapol	1.6	0.0	0.0
9	__protein1_rbs	0.6	0.0	0.0
9	__protein2_rbs	0.0	0.0	0.0
9	__protein3_rbs	0.0	0.0	0.0
9	__ribosome	93.6	0.0	0.0
9	__rnase_site_ext	2.4	0.0	0.0
9	p0	1.0	0.0	0.0
9	p2	1.0	0.0	0.0
9	protein1	1.2	1.6	3.1
9	protein3	0.2	0.6	1.4
9	rnapol	1.8	0.0	0.0
10	__protein1_rbs	0.2	0.0	0.0
10	__protein2_rbs	0.4	0.0	0.0
10	__protein3_rbs	0.2	0.0	0.0
10	__ribosome	92.8	0.0	0.0
10	__rnase_site_ext	2.4	0.0	0.0
10	p0	1.0	0.0	0.0
10	p2	1.0	0.0	0.0
10	protein1	2.0	1.8	3.3666666
10	protein2	0.0	0.4	0.0
10	protein3	0.4	0.6	1.6
10	rnapol	1.6	0.0	0.0
11	__protein1_rbs	0.2	0.0	0.0
11	__protein2_rbs	0.4	0.0	0.0
11	__protein3_rbs	0.2	0.0	0.0
11	__ribosome	91.4	0.0	0.0
11	__rnase_site_ext	2.4	0.0	0.0
11	p0	1.0	0.0	0.0
11	p2	1.0	0.0	0.0
11	protein1	2.6	2.0	3.5
11	protein2	0.0	0.8	0.4
11	protein3	0.6	0.6	1.6
11	rnapol	1.6	0.0	0.0
12	__protein1_rbs	0.2	0.0	0.0
12	__protein2_rbs	0.2	0.0	0.0
12	__protein3_rbs	0.2	0.0	0.0
12	__ribosome	90.0	0.0	0.0
12	__rnase_site_ext	2.6	0.0	0.0
12	p0	0.8	0.0	0.0
12	p2	1.0	0.0	0.0
12	protein1	3.6	1.8	3.8333334000000003
12	protein2	0.0	1.4	0.8
12	protein3	0.8	0.6	1.8
12	rnapol	1.6	0.0	0.0
13	__protein1_rbs	0.8	0.0	0.0
13	__protein2_rbs	0.8	0.0	0.0
13	__protein3_rbs	0.2	0.0	0.0
13	__ribosome	89.2	0.0	0.0
13	__rnase_site_ext	2.8	0.0	0.0
13	p0	1.0	0.0	0.0
13	p2	0.6	0.0	0.0
13	protein1	5.0	2.0	3.2333334
13	protein2	0.0	1.6	1.2
13	protein3	0.8	0.6	2.2
13	rnapol	1.2	0.0	0.0
14	__protein1_rbs	0.8	0.0	0.0
14	__protein2_rbs	0.8	0.0	0.0
14	__protein3_rbs	0.0	0.0	0.0
14	__ribosome	87.8	0.0	0.0
14	__rnase_site_ext	3.4	0.0	0.0
14	p0	1.0	0.0	0.0
14	p2	0.6	0.0	0.0
14	protein1	5.8	2.0	3.5333334
14	protein2	0.0	1.8	1.7
14	protein3	1.4	0.6	2.2
14	rnapol	0.8	0.0	0.0
15	__protein1_rbs	0.4	0.0	0.0
15	__protein2_rbs	0.4	0.0	0.0
15	__protein3_rbs	0.4	0.0	0.0
15	__ribosome	86.2	0.0	0.0
15	__rnase_site_ext	3.4	0.0	0.0
15	p0	1.0	0.0	0.0
15	p2	0.6	0.0	0.0
15	protein1	7.0	2.2	3.4666666
15	protein2	0.0	1.8	2.5
15	protein3	2.0	0.8	1.8
15	rnapol	0.8	0.0	0.0
16	__protein1_rbs	1.2	0.0	0.0
16	__protein2_rbs	0.8	0.0	0.0
16	__protein3_rbs	0.6	0.0	0.0
16	__ribosome	86.2	0.0	0.0
16	__rnase_site_ext	3.4	0.0	0.0
16	p0	1.0	0.0	0.0
16	p2	0.4	0.0	0.0
16	protein1	8.8	2.2	2.9333334
16	protein2	0.4	1.8	2.9
16	protein3	2.2	1.0	1.8
16	rnapol	0.8	0.0	0.0
17	__protein1_rbs	1.0	0.0	0.0
17	__protein2_rbs	0.2	0.0	0.0
17	__protein3_rbs	0.2	0.0	0.0
17	__ribosome	85.4	0.0	0.0
17	__rnase_site_ext	3.6	0.0	0.0
17	p0	0.8	0.0	0.0
17	p2	0.4	0.0	0.0
17	protein1	10.4	2.2	2.8
17	protein2	1.2	1.8	3.3
17	protein3	2.8	1.2	2.1
17	rnapol	0.4	0.0	0.0
18	__protein1_rbs	1.0	0.0	0.0
18	__protein2_rbs	0.6	0.0	0.0
18	__protein3_rbs	1.0	0.0	0.0
18	__ribosome	84.0	0.0	0.0
18	__rnase_site_ext	3.8	0.0	0.0
18	p0	1.0	0.0	0.0
18	p2	0.6	0.0	0.0
18	protein1	11.2	2.2	2.9666666
18	protein2	2.0	2.2	3.1666666
18	protein3	3.0	1.6	2.0
18	rnapol	0.4	0.0	0.0
19	__protein1_rbs	1.2	0.0	0.0
19	__protein2_rbs	0.4	0.0	0.0
19	__protein3_rbs	1.0	0.0	0.0
19	__ribosome	82.8	0.0	0.0
19	__rnase_site_ext	3.8	0.0	0.0
19	p0	1.0	0.0	0.0
19	p2	0.8	0.0	0.0
19	protein1	12.6	2.4	2.6666668
19	protein2	2.8	2.2	3.4333334000000004
19	protein3	3.4	2.0	1.7666666000000002
19	rnapol	0.4	0.0	0.0
20	__protein1_rbs	0.2	0.0	0.0
20	__protein2_rbs	1.2	0.0	0.0
20	__protein3_rbs	0.6	0.0	0.0
20	__ribosome	81.6	0.0	0.0
20	__rnase_site_ext	3.8	0.0	0.0
20	p0	1.0	0.0	0.0
20	p2	0.8	0.0	0.0
20	protein1	14.2	2.4	2.8333334
20	protein2	4.2	2.0	3.7666666
20	protein3	3.8	2.6	2.1
20	rnapol	0.6	0.0	0.0
21	__protein1_rbs	1.0	0.0	0.0
21	__protein2_rbs	0.6	0.0	0.0
21	__protein3_rbs	1.0	0.0	0.0
21	__ribosome	79.0	0.0	0.0
21	__rnase_site_ext	3.8	0.0	0.0
21	p0	1.0	0.0	0.0
21	p2	0.8	0.0	0.0
21	protein1	15.2	2.4	3.0
21	protein2	5.2	2.2	3.6333334
21	protein3	4.2	3.0	2.2733334
21	rnapol	0.6	0.0	0.0
22	__protein1_rbs	1.2	0.0	0.0
22	__protein2_rbs	1.2	0.0	0.0
22	__protein3_rbs	1.0	0.0	0.0
22	__ribosome	79.2	0.0	0.0
22	__rnase_site_ext	4.0	0.0	0.0
22	p0	1.0	0.0	0.0
22	p2	1.0	0.0	0.0
22	protein1	16.6	2.4	2.8
22	protein2	6.6	2.4	2.8666668
22	protein3	5.4	3.0	2.3533332
22	rnapol	0.8	0.0	0.0
23	__protein1_rbs	0.8	0.0	0.0
23	__protein2_rbs	0.8	0.0	0.0
23	__protein3_rbs	0.8	0.0	0.0
23	__ribosome	77.6	0.0	0.0
23	__rnase_site_ext	4.2	0.0	0.0
23	p0	0.6	0.0	0.0
23	p2	0.6	0.0	0.0
23	protein1	18.0	2.4	2.9333332000000003
23	protein2	8.0	2.4	2.8666666000000003
23	protein3	5.8	3.2	2.7199998
23	rnapol	0.8	0.0	0.0
24	__protein1_rbs	1.0	0.0	0.0
24	__protein2_rbs	1.0	0.0	0.0
24	__protein3_rbs	0.8	0.0	0.0
24	__ribosome	76.0	0.0	0.0
24	__rnase_site_ext	4.6	0.0	0.0
24	p0	0.6	0.0	0.0
24	p2	0.6	0.0	0.0
24	protein1	19.2	2.6	2.6666668
24	protein2	9.2	2.4	3.0
24	protein3	7.2	3.4	2.9
24	rnapol	1.4	0.0	0.0
25	__protein1_rbs	1.6	0.0	0.0
25	__protein2_rbs	1.0	0.0	0.0
25	__protein3_rbs	1.6	0.0	0.0
25	__ribosome	76.0	0.0	0.0
25	__rnase_site_ext	4.6	0.0	0.0
25	p0	0.8	0.0	0.0
25	p2	1.0	0.0	0.0
25	protein1	20.2	3.0	2.55
25	protein2	10.8	2.4	2.9
25	protein3	8.8	3.4	2.84
25	rnapol	1.4	0.0	0.0
26	__protein1_rbs	0.6	0.0	0.0
26	__protein2_rbs	1.0	0.0	0.0
26	__protein3_rbs	1.4	0.0	0.0
26	__ribosome	74.0	0.0	0.0
26	__rnase_site_ext	5.0	0.0	0.0
26	p0	0.6	0.0	0.0
26	p2	0.8	0.0	0.0
26	protein1	21.6	3.0	2.75
26	protein2	11.6	2.6	2.9666666
26	protein3	10.4	3.6	2.89
26	rnapol	1.4	0.0	0.0
27	__protein1_rbs	1.4	0.0	0.0
27	__protein2_rbs	0.4	0.0	0.0
27	__protein3_rbs	1.6	0.0	0.0
27	__ribosome	73.2	0.0	0.0
27	__rnase_site_ext	5.0	0.0	0.0
27	p0	1.0	0.0	0.0
27	p2	0.4	0.0	0.0
27	protein1	23.4	3.4	2.4
27	protein2	13.2	2.4	3.4333334000000004
27	protein3	12.2	3.8	2.8366666
27	rnapol	1.4	0.0	0.0
28	__protein1_rbs	1.6	0.0	0.0
28	__protein2_rbs	1.2	0.0	0.0
28	__protein3_rbs	1.2	0.0	0.0
28	__ribosome	72.2	0.0	0.0
28	__rnase_site_ext	5.4	0.0	0.0
28	p0	1.0	0.0	0.0
28	p2	0.6	0.0	0.0
28	protein1	24.6	3.6	2.55
28	protein2	15.0	2.4	3.1
28	protein3	14.0	3.8	3.05
28	rnapol	1.2	0.0	0.0
29	__protein1_rbs	1.8	0.0	0.0
29	__protein2_rbs	1.6	0.0	0.0
29	__protein3_rbs	1.6	0.0	0.0
29	__ribosome	73.4	0.0	0.0
29	__rnase_site_ext	5.4	0.0	0.0
29	p0	1.0	0.0	0.0
29	p2	1.0	0.0	0.0
29	protein1	26.2	3.6	2.5066666
29	protein2	16.6	2.4	2.8
29	protein3	16.4	3.6	3.22
29	rnapol	1.4	0.0	0.0
30	__protein1_rbs	0.8	0.0	0.0
30	__protein2_rbs	0.6	0.0	0.0
30	__protein3_rbs	1.2	0.0	0.0
30	__ribosome	70.6	0.0	0.0
30	__rnase_site_ext	5.6	0.0	0.0
30	p0	1.0	0.0	0.0
30	p2	1.0	0.0	0.0
30	protein1	27.8	3.6	2.8533334
30	protein2	17.6	2.4	3.1333333999999997
30	protein3	18.4	4.2	2.85
30	rnapol	1.2	0.0	0.0
31	__protein1_rbs	1.6	0.0	0.0
31	__protein2_rbs	1.2	0.0	0.0
31	__protein3_rbs	2.4	0.0	0.0
31	__ribosome	71.6	0.0	0.0
31	__rnase_site_ext	5.8	0.0	0.0
31	p0	0.8	0.0	0.0
31	p2	0.8	0.0	0.0
31	protein1	29.4	3.8	2.7433334
31	protein2	19.2	2.4	2.7666666
31	protein3	20.8	4.4	2.4833332
31	rnapol	1.4	0.0	0.0
32	__protein1_rbs	1.8	0.0	0.0
32	__protein2_rbs	1.0	0.0	0.0
32	__protein3_rbs	1.2	0.0	0.0
32	__ribosome	70.6	0.0	0.0
32	__rnase_site_ext	5.8	0.0	0.0
32	p0	1.0	0.0	0.0
32	p2	0.8	0.0	0.0
32	protein1	31.4	3.8	2.67
32	protein2	20.8	2.6	2.6666668
32	protein3	23.0	4.4	2.7833336
32	rnapol	1.4	0.0	0.0
33	__protein1_rbs	1.8	0.0	0.0
33	__protein2_rbs	1.0	0.0	0.0
33	__protein3_rbs	2.6	0.0	0.0
33	__ribosome	69.6	0.0	0.0
33	__rnase_site_ext	5.6	0.0	0.0
33	p0	1.0	0.0	0.0
33	p2	1.0	0.0	0.0
33	protein1	33.2	4.0	2.6366666000000003
33	protein2	21.4	3.0	2.8
33	protein3	24.8	4.4	2.6666666
33	rnapol	1.2	0.0	0.0
34	__protein1_rbs	1.6	0.0	0.0
34	__protein2_rbs	1.2	0.0	0.0
34	__protein3_rbs	2.0	0.0	0.0
34	__ribosome	68.0	0.0	0.0
34	__rnase_site_ext	5.6	0.0	0.0
34	p0	1.0	0.0	0.0
34	p2	1.0	0.0	0.0
34	protein1	35.2	4.2	2.71
34	protein2	23.2	3.2	2.5833334
34	protein3	26.8	4.4	2.8
34	rnapol	1.4	0.0	0.0
35	__protein1_rbs	2.0	0.0	0.0
35	__protein2_rbs	2.0	0.0	0.0
35	__protein3_rbs	1.8	0.0	0.0
35	__ribosome	67.8	0.0	0.0
35	__rnase_site_ext	6.0	0.0	0.0
35	p0	0.6	0.0	0.0
35	p2	1.0	0.0	0.0
35	protein1	37.0	4.2	2.8
35	protein2	24.6	3.6	2.35
35	protein3	29.8	4.6	2.6000002
35	rnapol	1.4	0.0	0.0
36	__protein1_rbs	2.0	0.0	0.0
36	__protein2_rbs	1.4	0.0	0.0
36	__protein3_rbs	1.2	0.0	0.0
36	__ribosome	65.6	0.0	0.0
36	__rnase_site_ext	6.2	0.0	0.0
36	p0	1.0	0.0	0.0
36	p2	0.8	0.0	0.0
36	protein1	39.6	4.4	2.65
36	protein2	26.0	3.6	2.56
36	protein3	31.6	4.2	3.2733334
36	rnapol	1.4	0.0	0.0
37	__protein1_rbs	2.2	0.0	0.0
37	__protein2_rbs	1.8	0.0	0.0
37	__protein3_rbs	1.8	0.0	0.0
37	__ribosome	66.6	0.0	0.0
37	__rnase_site_ext	6.0	0.0	0.0
37	p0	1.0	0.0	0.0
37	p2	0.8	0.0	0.0
37	protein1	41.2	4.6	2.62
37	protein2	27.6	3.6	2.51
37	protein3	34.6	4.2	2.9266666
37	rnapol	1.4	0.0	0.0
38	__protein1_rbs	1.4	0.0	0.0
38	__protein2_rbs	1.4	0.0	0.0
38	__protein3_rbs	1.0	0.0	0.0
38	__ribosome	63.8	0.0	0.0
38	__rnase_site_ext	6.0	0.0	0.0
38	p0	1.0	0.0	0.0
38	p2	0.6	0.0	0.0
38	protein1	43.8	4.4	2.85
38	protein2	29.0	3.8	2.71
38	protein3	36.0	4.0	3.5233332000000006
38	rnapol	1.4	0.0	0.0
39	__protein1_rbs	1.6	0.0	0.0
39	__protein2_rbs	1.2	0.0	0.0
39	__protein3_rbs	2.0	0.0	0.0
39	__ribosome	64.0	0.0	0.0
39	__rnase_site_ext	5.6	0.0	0.0
39	p0	0.8	0.0	0.0
39	p2	0.2	0.0	0.0
39	protein1	46.6	4.4	2.81
39	protein2	30.8	3.8	2.79
39	protein3	38.4	4.2	3.09
39	rnapol	1.2	0.0	0.0
40	__protein1_rbs	1.0	0.0	0.0
40	__protein2_rbs	2.2	0.0	0.0
40	__protein3_rbs	1.2	0.0	0.0
40	__ribosome	63.8	0.0	0.0
40	__rnase_site_ext	5.6	0.0	0.0
40	p0	1.0	0.0	0.0
40	p2	0.6	0.0	0.0
40	protein1	49.0	4.0	3.3633332
40	protein2	32.8	4.0	2.6333333999999997
40	protein3	41.4	4.4	2.8333332
40	rnapol	1.4	0.0	0.0
41	__protein1_rbs	2.8	0.0	0.0
41	__protein2_rbs	1.2	0.0	0.0
41	__protein3_rbs	2.0	0.0	0.0
41	__ribosome	65.0	0.0	0.0
41	__rnase_site_ext	5.2	0.0	0.0
41	p0	1.0	0.0	0.0
41	p2	1.0	0.0	0.0
41	protein1	51.6	4.2	2.79
41	protein2	35.0	4.2	2.59
41	protein3	44.2	4.6	2.6666666
41	rnapol	1.4	0.0	0.0
42	__protein1_rbs	1.8	0.0	0.0
42	__protein2_rbs	1.0	0.0	0.0
42	__protein3_rbs	2.4	0.0	0.0
42	__ribosome	62.4	0.0	0.0
42	__rnase_site_ext	5.4	0.0	0.0
42	p0	0.8	0.0	0.0
42	p2	0.8	0.0	0.0
42	protein1	53.6	4.0	3.1133333999999997
42	protein2	36.6	4.2	2.98
42	protein3	46.6	5.0	2.6190476
42	rnapol	1.0	0.0	0.0
43	__protein1_rbs	2.0	0.0	0.0
43	__protein2_rbs	1.4	0.0	0.0
43	__protein3_rbs	2.4	0.0	0.0
43	__ribosome	61.6	0.0	0.0
43	__rnase_site_ext	5.6	0.0	0.0
43	p0	1.0	0.0	0.0
43	p2	1.0	0.0	0.0
43	protein1	55.8	4.0	3.1533333999999997
43	protein2	39.0	4.2	3.0
43	protein3	49.0	5.2	2.6261906
43	rnapol	1.2	0.0	0.0
44	__protein1_rbs	2.4	0.0	0.0
44	__protein2_rbs	2.2	0.0	0.0
44	__protein3_rbs	2.4	0.0	0.0
44	__ribosome	62.0	0.0	0.0
44	__rnase_site_ext	5.8	0.0	0.0
44	p0	0.8	0.0	0.0
44	p2	0.6	0.0	0.0
44	protein1	58.2	4.2	2.7766666
44	protein2	41.0	4.4	2.87
44	protein3	51.4	5.0	2.8833332
44	rnapol	1.0	0.0	0.0
45	__protein1_rbs	2.0	0.0	0.0
45	__protein2_rbs	2.0	0.0	0.0
45	__protein3_rbs	2.2	0.0	0.0
45	__ribosome	61.4	0.0	0.0
45	__rnase_site_ext	5.8	0.0	0.0
45	p0	1.0	0.0	0.0
45	p2	0.8	0.0	0.0
45	protein1	61.4	4.2	2.6100000000000003
45	protein2	42.8	4.6	2.97
45	protein3	54.0	5.0	2.8433332
45	rnapol	1.2	0.0	0.0
46	__protein1_rbs	2.2	0.0	0.0
46	__protein2_rbs	3.4	0.0	0.0
46	__protein3_rbs	1.8	0.0	0.0
46	__ribosome	61.6	0.0	0.0
46	__rnase_site_ext	6.0	0.0	0.0
46	p0	0.8	0.0	0.0
46	p2	1.0	0.0	0.0
46	protein1	63.6	4.4	2.5900000000000003
46	protein2	45.8	4.6	2.58
46	protein3	55.8	5.0	3.1233332000000003
46	rnapol	1.4	0.0	0.0
47	__protein1_rbs	3.0	0.0	0.0
47	__protein2_rbs	1.2	0.0	0.0
47	__protein3_rbs	2.4	0.0	0.0
47	__ribosome	63.6	0.0	0.0
47	__rnase_site_ext	6.0	0.0	0.0
47	p0	1.0	0.0	0.0
47	p2	0.8	0.0	0.0
47	protein1	65.6	4.4	2.3866668
47	protein2	48.8	4.6	2.59
47	protein3	59.8	5.2	2.7752380000000003
47	rnapol	1.6	0.0	0.0
48	__protein1_rbs	1.6	0.0	0.0
48	__protein2_rbs	1.6	0.0	0.0
48	__protein3_rbs	1.8	0.0	0.0
48	__ribosome	61.8	0.0	0.0
48	__rnase_site_ext	6.4	0.0	0.0
48	p0	0.8	0.0	0.0
48	p2	0.6	0.0	0.0
48	protein1	68.0	4.6	2.4466666
48	protein2	51.2	4.6	2.63
48	protein3	62.0	5.4	2.8357142000000004
48	rnapol	1.6	0.0	0.0
49	__protein1_rbs	2.4	0.0	0.0
49	__protein2_rbs	2.2	0.0	0.0
49	__protein3_rbs	1.8	0.0	0.0
49	__ribosome	59.6	0.0	0.0
49	__rnase_site_ext	6.8	0.0	0.0
49	p0	0.8	0.0	0.0
49	p2	0.6	0.0	0.0
49	protein1	69.6	4.8	2.4933334
49	protein2	53.6	4.8	2.53
49	protein3	64.6	5.4	3.0647620000000004
49	rnapol	1.2	0.0	0.0
50	__protein1_rbs	1.4	0.0	0.0
50	__protein2_rbs	1.6	0.0	0.0
50	__protein3_rbs	2.8	0.0	0.0
50	__ribosome	59.2	0.0	0.0
50	__rnase_site_ext	6.8	0.0	0.0
50	p0	1.0	0.0	0.0
50	p2	0.8	0.0	0.0
50	protein1	72.2	4.8	2.5833334
50	protein2	56.2	4.8	2.5366666
50	protein3	67.4	5.6	2.9142857999999996
50	rnapol	1.4	0.0	0.0
51	__protein1_rbs	1.4	0.0	0.0
51	__protein2_rbs	2.4	0.0	0.0
51	__protein3_rbs	2.8	0.0	0.0
51	__ribosome	57.6	0.0	0.0
51	__rnase_site_ext	6.8	0.0	0.0
51	p0	1.0	0.0	0.0
51	p2	0.6	0.0	0.0
51	protein1	74.2	5.0	2.64
51	protein2	57.2	4.8	2.7966666
51	protein3	71.0	5.8	2.71
51	rnapol	1.4	0.0	0.0
52	__protein1_rbs	3.2	0.0	0.0
52	__protein2_rbs	1.8	0.0	0.0
52	__protein3_rbs	2.6	0.0	0.0
52	__ribosome	57.6	0.0	0.0
52	__rnase_site_ext	7.2	0.0	0.0
52	p0	1.0	0.0	0.0
52	p2	0.6	0.0	0.0
52	protein1	76.4	5.0	2.5466667999999997
52	protein2	59.8	4.8	2.84
52	protein3	74.2	6.2	2.6366666000000003
52	rnapol	1.0	0.0	0.0
53	__protein1_rbs	2.4	0.0	0.0
53	__protein2_rbs	1.6	0.0	0.0
53	__protein3_rbs	1.8	0.0	0.0
53	__ribosome	55.0	0.0	0.0
53	__rnase_site_ext	7.2	0.0	0.0
53	p0	1.0	0.0	0.0
53	p2	0.8	0.0	0.0
53	protein1	79.0	5.0	2.6866668
53	protein2	62.8	4.8	2.8400000000000003
53	protein3	76.8	6.2	2.8866666000000003
53	rnapol	1.0	0.0	0.0
54	__protein1_rbs	1.6	0.0	0.0
54	__protein2_rbs	2.6	0.0	0.0
54	__protein3_rbs	4.0	0.0	0.0
54	__ribosome	54.6	0.0	0.0
54	__rnase_site_ext	7.6	0.0	0.0
54	p0	0.8	0.0	0.0
54	p2	0.6	0.0	0.0
54	protein1	80.6	4.8	3.16
54	protein2	65.2	5.0	2.7233334000000005
54	protein3	80.2	6.4	2.625
54	rnapol	0.6	0.0	0.0
55	__protein1_rbs	2.2	0.0	0.0
55	__protein2_rbs	2.0	0.0	0.0
55	__protein3_rbs	2.4	0.0	0.0
55	__ribosome	52.4	0.0	0.0
55	__rnase_site_ext	7.8	0.0	0.0
55	p0	1.0	0.0	0.0
55	p2	0.6	0.0	0.0
55	protein1	83.2	5.0	3.05
55	protein2	67.6	5.0	2.8733334
55	protein3	83.0	6.8	2.7623016
55	rnapol	0.8	0.0	0.0
56	__protein1_rbs	2.2	0.0	0.0
56	__protein2_rbs	2.0	0.0	0.0
56	__protein3_rbs	2.2	0.0	0.0
56	__ribosome	53.8	0.0	0.0
56	__rnase_site_ext	7.6	0.0	0.0
56	p0	1.0	0.0	0.0
56	p2	1.0	0.0	0.0
56	protein1	87.0	5.0	2.7033334
56	protein2	69.8	4.8	3.2266666
56	protein3	86.6	7.0	2.5568254
56	rnapol	1.2	0.0	0.0
57	__protein1_rbs	1.4	0.0	0.0
57	__protein2_rbs	2.4	0.0	0.0
57	__protein3_rbs	3.8	0.0	0.0
57	__ribosome	53.6	0.0	0.0
57	__rnase_site_ext	7.8	0.0	0.0
57	p0	1.0	0.0	0.0
57	p2	0.8	0.0	0.0
57	protein1	89.4	4.8	3.0499998
57	protein2	72.8	4.8	3.0200000000000005
57	protein3	89.8	7.4	2.3773807999999996
57	rnapol	1.0	0.0	0.0
58	__protein1_rbs	2.2	0.0	0.0
58	__protein2_rbs	3.0	0.0	0.0
58	__protein3_rbs	2.8	0.0	0.0
58	__ribosome	54.6	0.0	0.0
58	__rnase_site_ext	8.0	0.0	0.0
58	p0	0.8	0.0	0.0
58	p2	0.8	0.0	0.0
58	protein1	92.0	4.8	2.9633334
58	protein2	76.0	5.0	2.6133332
58	protein3	93.4	7.6	2.405
58	rnapol	0.8	0.0	0.0
59	__protein1_rbs	2.4	0.0	0.0
59	__protein2_rbs	3.2	0.0	0.0
59	__protein3_rbs	4.2	0.0	0.0
59	__ribosome	56.8	0.0	0.0
59	__rnase_site_ext	8.0	0.0	0.0
59	p0	1.0	0.0	0.0
59	p2	0.6	0.0	0.0
59	protein1	95.8	4.8	2.6433334
59	protein2	78.8	5.0	2.4166666
59	protein3	96.4	7.8	2.3554762000000005
59	rnapol	1.2	0.0	0.0
60	__protein1_rbs	2.2	0.0	0.0
60	__protein2_rbs	2.4	0.0	0.0
60	__protein3_rbs	4.2	0.0	0.0
60	__ribosome	55.4	0.0	0.0
60	__rnase_site_ext	8.0	0.0	0.0
60	p0	1.0	0.0	0.0
60	p2	0.8	0.0	0.0
60	protein1	97.8	5.0	2.6
60	protein2	81.4	5.0	2.52
60	protein3	99.2	7.8	2.4207142000000004
60	rnapol	1.8	0.0	0.0
61	__protein1_rbs	2.2	0.0	0.0
61	__protein2_rbs	2.6	0.0	0.0
61	__protein3_rbs	3.2	0.0	0.0
61	__ribosome	56.4	0.0	0.0
61	__rnase_site_ext	8.2	0.0	0.0
61	p0	0.6	0.0	0.0
61	p2	1.0	0.0	0.0
61	protein1	100.4	5.0	2.6066666
61	protein2	84.4	5.0	2.4366666
61	protein3	103.8	8.0	2.3133334000000003
61	rnapol	1.6	0.0	0.0
62	__protein1_rbs	2.4	0.0	0.0
62	__protein2_rbs	1.6	0.0	0.0
62	__protein3_rbs	2.8	0.0	0.0
62	__ribosome	54.8	0.0	0.0
62	__rnase_site_ext	8.4	0.0	0.0
62	p0	1.0	0.0	0.0
62	p2	0.8	0.0	0.0
62	protein1	103.2	5.0	2.4933334
62	protein2	86.8	5.0	2.5366666
62	protein3	106.8	8.2	2.471111
62	rnapol	1.8	0.0	0.0
63	__protein1_rbs	2.6	0.0	0.0
63	__protein2_rbs	3.2	0.0	0.0
63	__protein3_rbs	4.2	0.0	0.0
63	__ribosome	54.4	0.0	0.0
63	__rnase_site_ext	8.4	0.0	0.0
63	p0	1.0	0.0	0.0
63	p2	0.8	0.0	0.0
63	protein1	105.6	5.4	2.4466666
63	protein2	88.4	5.2	2.5847620000000004
63	protein3	111.4	8.4	2.3457935999999995
63	rnapol	1.8	0.0	0.0
64	__protein1_rbs	2.0	0.0	0.0
64	__protein2_rbs	2.8	0.0	0.0
64	__protein3_rbs	3.8	0.0	0.0
64	__ribosome	52.0	0.0	0.0
64	__rnase_site_ext	8.6	0.0	0.0
64	p0	1.0	0.0	0.0
64	p2	0.6	0.0	0.0
64	protein1	108.0	5.4	2.5838094
64	protein2	90.6	5.2	2.62
64	protein3	115.2	8.6	2.4222222
64	rnapol	1.8	0.0	0.0
65	__protein1_rbs	2.6	0.0	0.0
65	__protein2_rbs	1.8	0.0	0.0
65	__protein3_rbs	3.6	0.0	0.0
65	__ribosome	49.4	0.0	0.0
65	__rnase_site_ext	8.4	0.0	0.0
65	p0	1.0	0.0	0.0
65	p2	1.0	0.0	0.0
65	protein1	110.8	5.4	2.6666666
65	protein2	94.0	5.2	2.645238
65	protein3	118.0	8.4	2.7760316000000005
65	rnapol	1.8	0.0	0.0
66	__protein1_rbs	2.8	0.0	0.0
66	__protein2_rbs	2.6	0.0	0.0
66	__protein3_rbs	3.8	0.0	0.0
66	__ribosome	47.2	0.0	0.0
66	__rnase_site_ext	8.6	0.0	0.0
66	p0	0.8	0.0	0.0
66	p2	1.0	0.0	0.0
66	protein1	112.8	5.4	2.6219046
66	protein2	96.4	5.4	2.5704762000000003
66	protein3	120.8	8.6	2.9144446000000004
66	rnapol	1.6	0.0	0.0
67	__protein1_rbs	2.4	0.0	0.0
67	__protein2_rbs	2.0	0.0	0.0
67	__protein3_rbs	5.2	0.0	0.0
67	__ribosome	48.4	0.0	0.0
67	__rnase_site_ext	8.6	0.0	0.0
67	p0	1.0	0.0	0.0
67	p2	1.0	0.0	0.0
67	protein1	115.6	5.4	2.8819048
67	protein2	98.8	5.4	2.6657142000000005
67	protein3	125.6	9.0	2.5838887999999995
67	rnapol	1.8	0.0	0.0
68	__protein1_rbs	3.4	0.0	0.0
68	__protein2_rbs	2.6	0.0	0.0
68	__protein3_rbs	4.4	0.0	0.0
68	__ribosome	49.2	0.0	0.0
68	__rnase_site_ext	8.6	0.0	0.0
68	p0	1.0	0.0	0.0
68	p2	0.8	0.0	0.0
68	protein1	118.4	5.4	2.6619048
68	protein2	101.0	5.2	2.84
68	protein3	131.0	9.0	2.5511112000000002
68	rnapol	2.2	0.0	0.0
69	__protein1_rbs	2.8	0.0	0.0
69	__protein2_rbs	1.8	0.0	0.0
69	__protein3_rbs	3.6	0.0	0.0
69	__ribosome	50.2	0.0	0.0
69	__rnase_site_ext	8.4	0.0	0.0
69	p0	0.8	0.0	0.0
69	p2	0.8	0.0	0.0
69	protein1	121.6	5.4	2.4133334
69	protein2	104.0	5.2	2.6966667999999996
69	protein3	135.6	8.8	2.6355556000000004
69	rnapol	2.2	0.0	0.0
70	__protein1_rbs	2.4	0.0	0.0
70	__protein2_rbs	3.2	0.0	0.0
70	__protein3_rbs	4.0	0.0	0.0
70	__ribosome	52.0	0.0	0.0
70	__rnase_site_ext	8.4	0.0	0.0
70	p0	1.0	0.0	0.0
70	p2	1.0	0.0	0.0
70	protein1	124.8	5.2	2.4714286
70	protein2	107.2	5.4	2.3933334000000004
70	protein3	140.6	8.8	2.533889
70	rnapol	2.2	0.0	0.0
71	__protein1_rbs	2.6	0.0	0.0
71	__protein2_rbs	3.4	0.0	0.0
71	__protein3_rbs	5.0	0.0	0.0
71	__ribosome	51.0	0.0	0.0
71	__rnase_site_ext	8.4	0.0	0.0
71	p0	1.0	0.0	0.0
71	p2	0.8	0.0	0.0
71	protein1	127.2	5.2	2.56
71	protein2	109.4	5.6	2.342381
71	protein3	144.2	8.8	2.6181818
71	rnapol	2.4	0.0	0.0
72	__protein1_rbs	2.8	0.0	0.0
72	__protein2_rbs	1.8	0.0	0.0
72	__protein3_rbs	3.8	0.0	0.0
72	__ribosome	52.2	0.0	0.0
72	__rnase_site_ext	8.8	0.0	0.0
72	p0	0.6	0.0	0.0
72	p2	0.8	0.0	0.0
72	protein1	130.0	5.2	2.3857142000000002
72	protein2	113.0	5.4	2.5142857999999997
72	protein3	149.0	8.6	2.6634919999999997
72	rnapol	2.0	0.0	0.0
73	__protein1_rbs	1.6	0.0	0.0
73	__protein2_rbs	2.8	0.0	0.0
73	__protein3_rbs	4.2	0.0	0.0
73	__ribosome	50.2	0.0	0.0
73	__rnase_site_ext	9.2	0.0	0.0
73	p0	1.0	0.0	0.0
73	p2	0.8	0.0	0.0
73	protein1	131.4	5.4	2.7107142000000004
73	protein2	115.0	5.4	2.6104762000000004
73	protein3	153.4	8.6	2.6242424
73	rnapol	2.0	0.0	0.0
74	__protein1_rbs	2.0	0.0	0.0
74	__protein2_rbs	2.0	0.0	0.0
74	__protein3_rbs	4.2	0.0	0.0
74	__ribosome	49.8	0.0	0.0
74	__rnase_site_ext	9.4	0.0	0.0
74	p0	0.6	0.0	0.0
74	p2	0.8	0.0	0.0
74	protein1	134.8	5.6	2.6459523999999996
74	protein2	117.6	5.4	2.7076189999999998
74	protein3	158.0	8.8	2.5060604
74	rnapol	1.4	0.0	0.0
75	__protein1_rbs	3.2	0.0	0.0
75	__protein2_rbs	3.8	0.0	0.0
75	__protein3_rbs	4.2	0.0	0.0
75	__ribosome	51.2	0.0	0.0
75	__rnase_site_ext	9.6	0.0	0.0
75	p0	1.0	0.0	0.0
75	p2	0.6	0.0	0.0
75	protein1	137.0	5.6	2.414762
75	protein2	120.2	5.6	2.4990476000000004
75	protein3	162.6	8.8	2.4744588
75	rnapol	1.4	0.0	0.0
76	__protein1_rbs	3.0	0.0	0.0
76	__protein2_rbs	3.2	0.0	0.0
76	__protein3_rbs	4.2	0.0	0.0
76	__ribosome	50.8	0.0	0.0
76	__rnase_site_ext	9.4	0.0	0.0
76	p0	1.0	0.0	0.0
76	p2	0.6	0.0	0.0
76	protein1	139.8	6.0	2.4378572
76	protein2	122.4	5.6	2.5666667999999997
76	protein3	167.0	9.0	2.3654040000000003
76	rnapol	1.6	0.0	0.0
77	__protein1_rbs	3.0	0.0	0.0
77	__protein2_rbs	2.6	0.0	0.0
77	__protein3_rbs	4.2	0.0	0.0
77	__ribosome	49.6	0.0	0.0
77	__rnase_site_ext	9.6	0.0	0.0
77	p0	0.8	0.0	0.0
77	p2	1.0	0.0	0.0
77	protein1	141.6	6.0	2.6064286
77	protein2	125.6	5.6	2.535238
77	protein3	171.4	9.0	2.3594444
77	rnapol	1.4	0.0	0.0
78	__protein1_rbs	3.0	0.0	0.0
78	__protein2_rbs	4.0	0.0	0.0
78	__protein3_rbs	4.8	0.0	0.0
78	__ribosome	49.8	0.0	0.0
78	__rnase_site_ext	10.0	0.0	0.0
78	p0	0.8	0.0	0.0
78	p2	1.0	0.0	0.0
78	protein1	145.0	6.0	2.4092857999999997
78	protein2	127.6	5.6	2.4580952000000003
78	protein3	175.4	9.0	2.4383334
78	rnapol	1.2	0.0	0.0
79	__protein1_rbs	3.2	0.0	0.0
79	__protein2_rbs	2.8	0.0	0.0
79	__protein3_rbs	4.6	0.0	0.0
79	__ribosome	50.0	0.0	0.0
79	__rnase_site_ext	9.8	0.0	0.0
79	p0	0.8	0.0	0.0
79	p2	0.8	0.0	0.0
79	protein1	147.8	6.0	2.4545237999999996
79	protein2	131.2	5.8	2.2571428
79	protein3	179.4	9.4	2.4031818
79	rnapol	1.0	0.0	0.0
80	__protein1_rbs	4.0	0.0	0.0
80	__protein2_rbs	3.2	0.0	0.0
80	__protein3_rbs	4.0	0.0	0.0
80	__ribosome	48.6	0.0	0.0
80	__rnase_site_ext	9.8	0.0	0.0
80	p0	1.0	0.0	0.0
80	p2	0.6	0.0	0.0
80	protein1	150.8	5.8	2.3788093999999997
80	protein2	133.8	5.6	2.2857142
80	protein3	182.6	9.6	2.6372728000000003
80	rnapol	1.2	0.0	0.0
81	__protein1_rbs	3.2	0.0	0.0
81	__protein2_rbs	3.0	0.0	0.0
81	__protein3_rbs	4.6	0.0	0.0
81	__ribosome	50.0	0.0	0.0
81	__rnase_site_ext	9.8	0.0	0.0
81	p0	0.8	0.0	0.0
81	p2	0.8	0.0	0.0
81	protein1	153.8	6.0	2.2109523999999996
81	protein2	136.8	6.0	2.1333333999999997
81	protein3	187.8	9.6	2.5390908
81	rnapol	0.8	0.0	0.0
82	__protein1_rbs	3.2	0.0	0.0
82	__protein2_rbs	3.0	0.0	0.0
82	__protein3_rbs	4.6	0.0	0.0
82	__ribosome	50.2	0.0	0.0
82	__rnase_site_ext	10.2	0.0	0.0
82	p0	1.0	0.0	0.0
82	p2	1.0	0.0	0.0
82	protein1	156.8	6.0	2.1971428
82	protein2	139.4	6.0	2.0571428
82	protein3	192.8	9.6	2.5322728000000003
82	rnapol	1.0	0.0	0.0
83	__protein1_rbs	3.0	0.0	0.0
83	__protein2_rbs	3.0	0.0	0.0
83	__protein3_rbs	5.4	0.0	0.0
83	__ribosome	49.0	0.0	0.0
83	__rnase_site_ext	10.2	0.0	0.0
83	p0	1.0	0.0	0.0
83	p2	0.6	0.0	0.0
83	protein1	159.6	6.2	2.2233334
83	protein2	141.8	6.4	2.1
83	protein3	196.8	10.0	2.4621212000000003
83	rnapol	0.8	0.0	0.0
84	__protein1_rbs	2.4	0.0	0.0
84	__protein2_rbs	3.6	0.0	0.0
84	__protein3_rbs	4.6	0.0	0.0
84	__ribosome	47.0	0.0	0.0
84	__rnase_site_ext	10.4	0.0	0.0
84	p0	1.0	0.0	0.0
84	p2	0.8	0.0	0.0
84	protein1	162.2	6.0	2.3600000000000003
84	protein2	144.0	6.4	2.0833334
84	protein3	201.6	10.0	2.5419192
84	rnapol	1.0	0.0	0.0
85	__protein1_rbs	2.8	0.0	0.0
85	__protein2_rbs	2.8	0.0	0.0
85	__protein3_rbs	4.2	0.0	0.0
85	__ribosome	46.8	0.0	0.0
85	__rnase_site_ext	10.0	0.0	0.0
85	p0	1.0	0.0	0.0
85	p2	1.0	0.0	0.0
85	protein1	164.6	6.0	2.405
85	protein2	147.2	6.2	2.1273807999999996
85	protein3	207.2	10.0	2.5612988
85	rnapol	1.0	0.0	0.0
86	__protein1_rbs	3.0	0.0	0.0
86	__protein2_rbs	4.0	0.0	0.0
86	__protein3_rbs	5.4	0.0	0.0
86	__ribosome	46.2	0.0	0.0
86	__rnase_site_ext	10.0	0.0	0.0
86	p0	1.0	0.0	0.0
86	p2	0.6	0.0	0.0
86	protein1	166.6	5.8	2.5378572000000004
86	protein2	149.2	6.2	2.325
86	protein3	211.6	10.2	2.460909
86	rnapol	1.2	0.0	0.0
87	__protein1_rbs	3.4	0.0	0.0
87	__protein2_rbs	3.2	0.0	0.0
87	__protein3_rbs	4.8	0.0	0.0
87	__ribosome	44.6	0.0	0.0
87	__rnase_site_ext	9.8	0.0	0.0
87	p0	1.0	0.0	0.0
87	p2	0.8	0.0	0.0
87	protein1	168.8	5.8	2.5478572
87	protein2	151.8	6.4	2.3616666000000004
87	protein3	216.2	10.4	2.4776423999999997
87	rnapol	1.2	0.0	0.0
88	__protein1_rbs	3.4	0.0	0.0
88	__protein2_rbs	4.0	0.0	0.0
88	__protein3_rbs	4.8	0.0	0.0
88	__ribosome	45.2	0.0	0.0
88	__rnase_site_ext	9.8	0.0	0.0
88	p0	1.0	0.0	0.0
88	p2	0.6	0.0	0.0
88	protein1	171.8	5.8	2.3714286
88	protein2	154.8	6.4	2.2516666
88	protein3	221.0	10.2	2.6022380000000003
88	rnapol	1.6	0.0	0.0
89	__protein1_rbs	2.4	0.0	0.0
89	__protein2_rbs	2.8	0.0	0.0
89	__protein3_rbs	4.8	0.0	0.0
89	__ribosome	43.6	0.0	0.0
89	__rnase_site_ext	9.8	0.0	0.0
89	p0	1.0	0.0	0.0
89	p2	0.4	0.0	0.0
89	protein1	175.6	5.8	2.3421428000000004
89	protein2	157.4	6.6	2.3600000000000003
89	protein3	225.6	10.6	2.533147
89	rnapol	1.6	0.0	0.0
90	__protein1_rbs	4.0	0.0	0.0
90	__protein2_rbs	2.8	0.0	0.0
90	__protein3_rbs	6.6	0.0	0.0
90	__ribosome	45.8	0.0	0.0
90	__rnase_site_ext	10.0	0.0	0.0
90	p0	0.8	0.0	0.0
90	p2	1.0	0.0	0.0
90	protein1	178.8	5.6	2.1828572
90	protein2	160.8	6.8	2.2466666
90	protein3	230.6	10.2	2.5549338
90	rnapol	1.6	0.0	0.0
91	__protein1_rbs	1.8	0.0	0.0
91	__protein2_rbs	4.0	0.0	0.0
91	__protein3_rbs	6.0	0.0	0.0
91	__ribosome	45.8	0.0	0.0
91	__rnase_site_ext	10.0	0.0	0.0
91	p0	1.0	0.0	0.0
91	p2	0.6	0.0	0.0
91	protein1	180.8	5.6	2.5171428
91	protein2	163.8	6.8	2.355
91	protein3	236.8	10.4	2.3319956000000004
91	rnapol	1.6	0.0	0.0
92	__protein1_rbs	3.6	0.0	0.0
92	__protein2_rbs	4.0	0.0	0.0
92	__protein3_rbs	5.0	0.0	0.0
92	__ribosome	45.4	0.0	0.0
92	__rnase_site_ext	10.0	0.0	0.0
92	p0	1.0	0.0	0.0
92	p2	0.8	0.0	0.0
92	protein1	183.2	5.8	2.3538094000000003
92	protein2	166.4	6.8	2.3866666000000003
92	protein3	241.8	10.8	2.2792736
92	rnapol	1.8	0.0	0.0
93	__protein1_rbs	3.0	0.0	0.0
93	__protein2_rbs	1.6	0.0	0.0
93	__protein3_rbs	5.2	0.0	0.0
93	__ribosome	42.2	0.0	0.0
93	__rnase_site_ext	10.0	0.0	0.0
93	p0	0.6	0.0	0.0
93	p2	0.8	0.0	0.0
93	protein1	185.8	5.8	2.4185714000000003
93	protein2	168.6	6.6	2.875
93	protein3	246.2	10.8	2.313889
93	rnapol	1.6	0.0	0.0
94	__protein1_rbs	2.6	0.0	0.0
94	__protein2_rbs	3.6	0.0	0.0
94	__protein3_rbs	4.6	0.0	0.0
94	__ribosome	44.4	0.0	0.0
94	__rnase_site_ext	10.4	0.0	0.0
94	p0	0.6	0.0	0.0
94	p2	0.6	0.0	0.0
94	protein1	189.2	5.8	2.3238093999999996
94	protein2	172.6	6.2	2.7733334
94	protein3	252.0	11.0	2.298718
94	rnapol	1.4	0.0	0.0
95	__protein1_rbs	3.6	0.0	0.0
95	__protein2_rbs	3.0	0.0	0.0
95	__protein3_rbs	5.8	0.0	0.0
95	__ribosome	44.8	0.0	0.0
95	__rnase_site_ext	11.2	0.0	0.0
95	p0	0.6	0.0	0.0
95	p2	0.6	0.0	0.0
95	protein1	191.6	6.2	2.1771428
95	protein2	176.4	6.2	2.6766666
95	protein3	256.0	11.2	2.2763248000000003
95	rnapol	0.8	0.0	0.0
96	__protein1_rbs	2.8	0.0	0.0
96	__protein2_rbs	3.0	0.0	0.0
96	__protein3_rbs	5.2	0.0	0.0
96	__ribosome	43.8	0.0	0.0
96	__rnase_site_ext	11.4	0.0	0.0
96	p0	0.8	0.0	0.0
96	p2	0.8	0.0	0.0
96	protein1	194.6	6.6	2.1073807999999996
96	protein2	180.0	6.2	2.53
96	protein3	260.4	11.0	2.4405982
96	rnapol	0.8	0.0	0.0
97	__protein1_rbs	3.4	0.0	0.0
97	__protein2_rbs	3.0	0.0	0.0
97	__protein3_rbs	6.6	0.0	0.0
97	__ribosome	41.2	0.0	0.0
97	__rnase_site_ext	11.4	0.0	0.0
97	p0	0.8	0.0	0.0
97	p2	0.8	0.0	0.0
97	protein1	196.8	6.6	2.2827778000000003
97	protein2	183.0	6.0	2.785
97	protein3	264.6	11.4	2.4625638
97	rnapol	1.0	0.0	0.0
98	__protein1_rbs	3.0	0.0	0.0
98	__protein2_rbs	3.4	0.0	0.0
98	__protein3_rbs	4.6	0.0	0.0
98	__ribosome	41.8	0.0	0.0
98	__rnase_site_ext	12.0	0.0	0.0
98	p0	1.0	0.0	0.0
98	p2	0.6	0.0	0.0
98	protein1	199.8	6.6	2.3433333999999997
98	protein2	186.4	6.0	2.48
98	protein3	271.2	11.6	2.4594504
98	rnapol	0.6	0.0	0.0
99	__protein1_rbs	4.2	0.0	0.0
99	__protein2_rbs	2.8	0.0	0.0
99	__protein3_rbs	7.2	0.0	0.0
99	__ribosome	41.6	0.0	0.0
99	__rnase_site_ext	12.0	0.0	0.0
99	p0	0.8	0.0	0.0
99	p2	1.0	0.0	0.0
99	protein1	202.2	6.8	2.2383333999999997
99	protein2	189.6	6.2	2.5433334000000003
99	protein3	275.8	11.8	2.4070816
99	rnapol	0.6	0.0	0.0
100	__protein1_rbs	3.8	0.0	0.0
100	__protein2_rbs	2.8	0.0	0.0
100	__protein3_rbs	6.0	0.0	0.0
100	__ribosome	38.6	0.0	0.0
100	__rnase_site_ext	12.0	0.0	0.0
100	p0	1.0	0.0	0.0
100	p2	1.0	0.0	0.0
100	protein1	204.4	6.8	2.3694444
100	protein2	192.0	6.2	2.5366666
100	protein3	280.0	12.2	2.4879366000000003
100	rnapol	0.8	0.0	0.0
101	__protein1_rbs	3.6	0.0	0.0
101	__protein2_rbs	2.6	0.0	0.0
101	__protein3_rbs	6.4	0.0	0.0
101	__ribosome	41.0	0.0	0.0
101	__rnase_site_ext	11.8	0.0	0.0
101	p0	1.0	0.0	0.0
101	p2	1.0	0.0	0.0
101	protein1	208.0	6.8	2.4059524
101	protein2	196.2	6.0	2.4240476
101	protein3	286.4	12.2	2.428254
101	rnapol	1.0	0.0	0.0
102	__protein1_rbs	3.4	0.0	0.0
102	__protein2_rbs	4.2	0.0	0.0
102	__protein3_rbs	5.8	0.0	0.0
102	__ribosome	41.2	0.0	0.0
102	__rnase_site_ext	11.8	0.0	0.0
102	p0	1.0	0.0	0.0
102	p2	0.8	0.0	0.0
102	protein1	211.2	6.6	2.4071428
102	protein2	198.4	6.4	2.2707142000000005
102	protein3	293.2	12.2	2.3961906
102	rnapol	1.0	0.0	0.0
103	__protein1_rbs	3.8	0.0	0.0
103	__protein2_rbs	4.2	0.0	0.0
103	__protein3_rbs	5.8	0.0	0.0
103	__ribosome	42.2	0.0	0.0
103	__rnase_site_ext	12.2	0.0	0.0
103	p0	0.8	0.0	0.0
103	p2	0.8	0.0	0.0
103	protein1	213.8	6.4	2.4416667999999997
103	protein2	201.6	6.6	2.065
103	protein3	298.8	12.2	2.3933334
103	rnapol	0.8	0.0	0.0
104	__protein1_rbs	4.0	0.0	0.0
104	__protein2_rbs	3.0	0.0	0.0
104	__protein3_rbs	6.4	0.0	0.0
104	__ribosome	42.4	0.0	0.0
104	__rnase_site_ext	12.2	0.0	0.0
104	p0	1.0	0.0	0.0
104	p2	0.8	0.0	0.0
104	protein1	217.4	6.6	2.2654762
104	protein2	204.2	6.8	2.1990476
104	protein3	304.6	12.0	2.384542
104	rnapol	1.0	0.0	0.0
105	__protein1_rbs	3.6	0.0	0.0
105	__protein2_rbs	3.6	0.0	0.0
105	__protein3_rbs	6.4	0.0	0.0
105	__ribosome	42.8	0.0	0.0
105	__rnase_site_ext	12.2	0.0	0.0
105	p0	1.0	0.0	0.0
105	p2	1.0	0.0	0.0
105	protein1	220.2	6.6	2.1773808
105	protein2	208.0	7.0	1.9571428
105	protein3	309.2	12.2	2.4243956
105	rnapol	1.4	0.0	0.0
106	__protein1_rbs	4.2	0.0	0.0
106	__protein2_rbs	3.6	0.0	0.0
106	__protein3_rbs	6.2	0.0	0.0
106	__ribosome	43.8	0.0	0.0
106	__rnase_site_ext	12.4	0.0	0.0
106	p0	0.8	0.0	0.0
106	p2	1.0	0.0	0.0
106	protein1	223.0	6.6	2.1285714
106	protein2	210.2	7.0	2.0624601999999994
106	protein3	316.2	12.4	2.2234432
106	rnapol	1.4	0.0	0.0
107	__protein1_rbs	3.2	0.0	0.0
107	__protein2_rbs	3.6	0.0	0.0
107	__protein3_rbs	5.4	0.0	0.0
107	__ribosome	40.2	0.0	0.0
107	__rnase_site_ext	12.4	0.0	0.0
107	p0	1.0	0.0	0.0
107	p2	0.6	0.0	0.0
107	protein1	226.6	6.8	2.1559526
107	protein2	212.0	7.2	2.2111112
107	protein3	320.8	12.6	2.3314286
107	rnapol	1.4	0.0	0.0
108	__protein1_rbs	4.2	0.0	0.0
108	__protein2_rbs	3.8	0.0	0.0
108	__protein3_rbs	6.2	0.0	0.0
108	__ribosome	38.8	0.0	0.0
108	__rnase_site_ext	12.8	0.0	0.0
108	p0	0.6	0.0	0.0
108	p2	0.2	0.0	0.0
108	protein1	228.8	6.8	2.1960318
108	protein2	214.6	7.4	2.3194444
108	protein3	327.2	12.6	2.3180952
108	rnapol	1.0	0.0	0.0
109	__protein1_rbs	4.2	0.0	0.0
109	__protein2_rbs	4.4	0.0	0.0
109	__protein3_rbs	6.6	0.0	0.0
109	__ribosome	39.2	0.0	0.0
109	__rnase_site_ext	12.6	0.0	0.0
109	p0	0.8	0.0	0.0
109	p2	0.6	0.0	0.0
109	protein1	231.8	7.2	2.0161112
109	protein2	218.2	7.4	2.2472222000000004
109	protein3	332.2	12.4	2.35663
109	rnapol	0.8	0.0	0.0
110	__protein1_rbs	4.0	0.0	0.0
110	__protein2_rbs	4.2	0.0	0.0
110	__protein3_rbs	6.8	0.0	0.0
110	__ribosome	40.8	0.0	0.0
110	__rnase_site_ext	13.0	0.0	0.0
110	p0	0.6	0.0	0.0
110	p2	0.6	0.0	0.0
110	protein1	234.8	7.2	2.0355556
110	protein2	221.4	7.4	2.1472222000000003
110	protein3	338.4	12.6	2.2372162
110	rnapol	0.4	0.0	0.0
111	__protein1_rbs	4.8	0.0	0.0
111	__protein2_rbs	3.6	0.0	0.0
111	__protein3_rbs	6.6	0.0	0.0
111	__ribosome	39.6	0.0	0.0
111	__rnase_site_ext	13.6	0.0	0.0
111	p0	0.8	0.0	0.0
111	p2	0.8	0.0	0.0
111	protein1	237.0	7.6	1.9579363999999997
111	protein2	224.4	7.4	2.2805554
111	protein3	344.0	12.6	2.2588544
111	rnapol	0.6	0.0	0.0
112	__protein1_rbs	5.0	0.0	0.0
112	__protein2_rbs	5.2	0.0	0.0
112	__protein3_rbs	6.0	0.0	0.0
112	__ribosome	40.6	0.0	0.0
112	__rnase_site_ext	13.6	0.0	0.0
112	p0	1.0	0.0	0.0
112	p2	0.8	0.0	0.0
112	protein1	240.8	8.0	1.7416665999999998
112	protein2	227.2	7.2	2.3133334000000003
112	protein3	349.6	12.8	2.265108
112	rnapol	0.6	0.0	0.0
113	__protein1_rbs	5.0	0.0	0.0
113	__protein2_rbs	3.2	0.0	0.0
113	__protein3_rbs	6.4	0.0	0.0
113	__ribosome	39.8	0.0	0.0
113	__rnase_site_ext	13.4	0.0	0.0
113	p0	1.0	0.0	0.0
113	p2	0.6	0.0	0.0
113	protein1	243.4	8.2	1.7577778000000002
113	protein2	231.6	7.2	2.2065872000000004
113	protein3	355.0	13.0	2.3078642000000005
113	rnapol	0.6	0.0	0.0
114	__protein1_rbs	3.8	0.0	0.0
114	__protein2_rbs	3.4	0.0	0.0
114	__protein3_rbs	7.0	0.0	0.0
114	__ribosome	36.8	0.0	0.0
114	__rnase_site_ext	13.4	0.0	0.0
114	p0	1.0	0.0	0.0
114	p2	0.8	0.0	0.0
114	protein1	246.2	8.0	1.9662698
114	protein2	234.2	7.4	2.4164286
114	protein3	360.2	12.8	2.395099
114	rnapol	0.6	0.0	0.0
115	__protein1_rbs	4.6	0.0	0.0
115	__protein2_rbs	4.2	0.0	0.0
115	__protein3_rbs	7.8	0.0	0.0
115	__ribosome	39.2	0.0	0.0
115	__rnase_site_ext	13.4	0.0	0.0
115	p0	1.0	0.0	0.0
115	p2	1.0	0.0	0.0
115	protein1	249.2	8.0	1.9740476000000002
115	protein2	238.0	7.2	2.2694444000000003
115	protein3	366.4	13.0	2.2938248
115	rnapol	0.8	0.0	0.0
116	__protein1_rbs	4.2	0.0	0.0
116	__protein2_rbs	3.8	0.0	0.0
116	__protein3_rbs	6.4	0.0	0.0
116	__ribosome	35.8	0.0	0.0
116	__rnase_site_ext	13.2	0.0	0.0
116	p0	1.0	0.0	0.0
116	p2	1.0	0.0	0.0
116	protein1	251.6	8.0	2.1292857999999995
116	protein2	241.2	7.4	2.3142857999999995
116	protein3	371.4	13.0	2.3899786
116	rnapol	1.0	0.0	0.0
117	__protein1_rbs	3.8	0.0	0.0
117	__protein2_rbs	3.8	0.0	0.0
117	__protein3_rbs	7.6	0.0	0.0
117	__ribosome	36.4	0.0	0.0
117	__rnase_site_ext	12.8	0.0	0.0
117	p0	1.0	0.0	0.0
117	p2	0.8	0.0	0.0
117	protein1	254.8	7.8	2.244127
117	protein2	243.6	7.4	2.3960316
117	protein3	378.4	13.2	2.2178204
117	rnapol	1.4	0.0	0.0
118	__protein1_rbs	3.8	0.0	0.0
118	__protein2_rbs	4.2	0.0	0.0
118	__protein3_rbs	6.2	0.0	0.0
118	__ribosome	35.0	0.0	0.0
118	__rnase_site_ext	12.8	0.0	0.0
118	p0	0.8	0.0	0.0
118	p2	0.8	0.0	0.0
118	protein1	257.0	7.8	2.4365078
118	protein2	247.2	7.4	2.3416666
118	protein3	384.4	13.0	2.280586
118	rnapol	1.4	0.0	0.0
119	__protein1_rbs	5.0	0.0	0.0
119	__protein2_rbs	4.4	0.0	0.0
119	__protein3_rbs	7.0	0.0	0.0
119	__ribosome	37.2	0.0	0.0
119	__rnase_site_ext	12.8	0.0	0.0
119	p0	0.8	0.0	0.0
119	p2	0.8	0.0	0.0
119	protein1	261.4	7.6	2.2571428
119	protein2	250.8	8.0	2.1333333999999997
119	protein3	390.4	13.0	2.2595696
119	rnapol	1.4	0.0	0.0
120	__protein1_rbs	3.4	0.0	0.0
120	__protein2_rbs	4.6	0.0	0.0
120	__protein3_rbs	8.2	0.0	0.0
120	__ribosome	36.6	0.0	0.0
120	__rnase_site_ext	12.8	0.0	0.0
120	p0	0.8	0.0	0.0
120	p2	0.8	0.0	0.0
120	protein1	264.6	7.6	2.4050796
120	protein2	253.8	8.2	2.1211112
120	protein3	395.4	12.8	2.2228478
120	rnapol	1.4	0.0	0.0
121	__protein1_rbs	4.6	0.0	0.0
121	__protein2_rbs	4.2	0.0	0.0
121	__protein3_rbs	7.6	0.0	0.0
121	__ribosome	37.6	0.0	0.0
121	__rnase_site_ext	13.0	0.0	0.0
121	p0	0.8	0.0	0.0
121	p2	0.6	0.0	0.0
121	protein1	267.4	7.4	2.489762
121	protein2	257.4	8.2	2.1394444
121	protein3	401.6	12.8	2.1455432
121	rnapol	1.0	0.0	0.0
122	__protein1_rbs	2.8	0.0	0.0
122	__protein2_rbs	4.8	0.0	0.0
122	__protein3_rbs	7.4	0.0	0.0
122	__ribosome	36.6	0.0	0.0
122	__rnase_site_ext	13.0	0.0	0.0
122	p0	1.0	0.0	0.0
122	p2	0.6	0.0	0.0
122	protein1	271.4	7.4	2.5342857999999997
122	protein2	260.8	8.2	2.1727778
122	protein3	407.0	13.0	2.1246582000000003
122	rnapol	1.2	0.0	0.0
123	__protein1_rbs	4.0	0.0	0.0
123	__protein2_rbs	4.0	0.0	0.0
123	__protein3_rbs	7.6	0.0	0.0
123	__ribosome	37.6	0.0	0.0
123	__rnase_site_ext	12.8	0.0	0.0
123	p0	1.0	0.0	0.0
123	p2	0.8	0.0	0.0
123	protein1	275.4	7.6	2.3380954000000003
123	protein2	263.8	8.2	2.2705556
123	protein3	413.6	13.2	2.0179337999999998
123	rnapol	1.2	0.0	0.0
124	__protein1_rbs	3.0	0.0	0.0
124	__protein2_rbs	4.0	0.0	0.0
124	__protein3_rbs	9.2	0.0	0.0
124	__ribosome	40.2	0.0	0.0
124	__rnase_site_ext	12.8	0.0	0.0
124	p0	1.0	0.0	0.0
124	p2	0.0	0.0	0.0
124	protein1	278.6	7.6	2.309524
124	protein2	267.6	8.2	2.245
124	protein3	419.4	13.2	1.8812520000000001
124	rnapol	1.0	0.0	0.0
125	__protein1_rbs	3.2	0.0	0.0
125	__protein2_rbs	3.6	0.0	0.0
125	__protein3_rbs	7.6	0.0	0.0
125	__ribosome	36.0	0.0	0.0
125	__rnase_site_ext	13.0	0.0	0.0
125	p0	1.0	0.0	0.0
125	p2	0.6	0.0	0.0
125	protein1	282.0	7.6	2.3634918
125	protein2	270.8	8.2	2.3788888
125	protein3	423.6	13.6	2.0295518
125	rnapol	1.0	0.0	0.0
126	__protein1_rbs	5.0	0.0	0.0
126	__protein2_rbs	4.2	0.0	0.0
126	__protein3_rbs	7.4	0.0	0.0
126	__ribosome	35.4	0.0	0.0
126	__rnase_site_ext	13.0	0.0	0.0
126	p0	1.0	0.0	0.0
126	p2	0.8	0.0	0.0
126	protein1	284.6	7.6	2.2980952
126	protein2	275.4	8.2	2.2583333999999997
126	protein3	428.2	13.4	2.167262
126	rnapol	0.8	0.0	0.0
127	__protein1_rbs	3.2	0.0	0.0
127	__protein2_rbs	4.8	0.0	0.0
127	__protein3_rbs	9.4	0.0	0.0
127	__ribosome	37.0	0.0	0.0
127	__rnase_site_ext	13.2	0.0	0.0
127	p0	1.0	0.0	0.0
127	p2	0.8	0.0	0.0
127	protein1	289.0	7.4	2.3339682
127	protein2	278.6	8.6	2.1714286
127	protein3	434.0	14.2	1.9370880000000001
127	rnapol	0.6	0.0	0.0
128	__protein1_rbs	4.6	0.0	0.0
128	__protein2_rbs	4.8	0.0	0.0
128	__protein3_rbs	6.8	0.0	0.0
128	__ribosome	36.4	0.0	0.0
128	__rnase_site_ext	13.0	0.0	0.0
128	p0	1.0	0.0	0.0
128	p2	1.0	0.0	0.0
128	protein1	291.8	7.2	2.2990473999999996
128	protein2	282.0	8.4	2.2242856
128	protein3	440.2	14.2	2.0411764
128	rnapol	1.0	0.0	0.0
129	__protein1_rbs	4.4	0.0	0.0
129	__protein2_rbs	4.8	0.0	0.0
129	__protein3_rbs	7.6	0.0	0.0
129	__ribosome	35.8	0.0	0.0
129	__rnase_site_ext	12.8	0.0	0.0
129	p0	1.0	0.0	0.0
129	p2	1.0	0.0	0.0
129	protein1	295.4	7.0	2.2238094
129	protein2	285.6	8.4	2.1771428
129	protein3	444.4	14.6	2.1592356
129	rnapol	1.0	0.0	0.0
130	__protein1_rbs	3.0	0.0	0.0
130	__protein2_rbs	4.0	0.0	0.0
130	__protein3_rbs	7.4	0.0	0.0
130	__ribosome	32.6	0.0	0.0
130	__rnase_site_ext	13.0	0.0	0.0
130	p0	0.8	0.0	0.0
130	p2	1.0	0.0	0.0
130	protein1	299.2	7.0	2.2301585999999998
130	protein2	289.2	8.8	2.2035786
130	protein3	449.4	14.8	2.26199
130	rnapol	1.0	0.0	0.0
131	__protein1_rbs	5.0	0.0	0.0
131	__protein2_rbs	5.0	0.0	0.0
131	__protein3_rbs	8.0	0.0	0.0
131	__ribosome	35.8	0.0	0.0
131	__rnase_site_ext	13.0	0.0	0.0
131	p0	0.8	0.0	0.0
131	p2	1.0	0.0	0.0
131	protein1	301.8	7.2	2.1423809999999994
131	protein2	293.8	8.8	2.0384991999999995
131	protein3	456.4	14.6	2.212193
131	rnapol	1.0	0.0	0.0
132	__protein1_rbs	3.8	0.0	0.0
132	__protein2_rbs	4.0	0.0	0.0
132	__protein3_rbs	7.8	0.0	0.0
132	__ribosome	35.0	0.0	0.0
132	__rnase_site_ext	13.4	0.0	0.0
132	p0	0.8	0.0	0.0
132	p2	0.6	0.0	0.0
132	protein1	305.8	7.2	2.0009526
132	protein2	296.6	8.8	2.1434342
132	protein3	461.6	14.4	2.2686577999999997
132	rnapol	1.2	0.0	0.0
133	__protein1_rbs	4.2	0.0	0.0
133	__protein2_rbs	5.2	0.0	0.0
133	__protein3_rbs	8.8	0.0	0.0
133	__ribosome	36.0	0.0	0.0
133	__rnase_site_ext	13.6	0.0	0.0
133	p0	0.8	0.0	0.0
133	p2	0.8	0.0	0.0
133	protein1	307.4	7.4	2.0460317999999997
133	protein2	300.4	8.4	2.174026
133	protein3	467.8	14.4	2.2111976
133	rnapol	1.8	0.0	0.0
134	__protein1_rbs	4.6	0.0	0.0
134	__protein2_rbs	5.2	0.0	0.0
134	__protein3_rbs	8.8	0.0	0.0
134	__ribosome	38.8	0.0	0.0
134	__rnase_site_ext	14.0	0.0	0.0
134	p0	0.6	0.0	0.0
134	p2	1.0	0.0	0.0
134	protein1	310.8	7.6	1.7916666
134	protein2	304.0	8.2	2.2142858
134	protein3	475.4	14.4	2.0618602
134	rnapol	1.6	0.0	0.0
135	__protein1_rbs	4.6	0.0	0.0
135	__protein2_rbs	3.6	0.0	0.0
135	__protein3_rbs	8.4	0.0	0.0
135	__ribosome	39.8	0.0	0.0
135	__rnase_site_ext	14.0	0.0	0.0
135	p0	1.0	0.0	0.0
135	p2	0.4	0.0	0.0
135	protein1	314.4	7.6	1.7333333999999998
135	protein2	307.6	8.0	2.2809522
135	protein3	481.8	14.4	2.012584
135	rnapol	1.6	0.0	0.0
136	__protein1_rbs	4.4	0.0	0.0
136	__protein2_rbs	5.6	0.0	0.0
136	__protein3_rbs	7.6	0.0	0.0
136	__ribosome	38.8	0.0	0.0
136	__rnase_site_ext	14.0	0.0	0.0
136	p0	1.0	0.0	0.0
136	p2	0.6	0.0	0.0
136	protein1	316.6	7.8	1.8898414000000001
136	protein2	311.8	8.0	2.0714286
136	protein3	487.0	14.8	2.0844256000000003
136	rnapol	1.6	0.0	0.0
137	__protein1_rbs	4.0	0.0	0.0
137	__protein2_rbs	3.8	0.0	0.0
137	__protein3_rbs	8.8	0.0	0.0
137	__ribosome	36.6	0.0	0.0
137	__rnase_site_ext	14.0	0.0	0.0
137	p0	1.0	0.0	0.0
137	p2	0.8	0.0	0.0
137	protein1	318.6	7.8	2.1030952000000003
137	protein2	315.0	7.6	2.3282540000000003
137	protein3	493.0	14.8	2.0389728000000003
137	rnapol	1.4	0.0	0.0
138	__protein1_rbs	4.6	0.0	0.0
138	__protein2_rbs	4.2	0.0	0.0
138	__protein3_rbs	8.2	0.0	0.0
138	__ribosome	37.0	0.0	0.0
138	__rnase_site_ext	14.2	0.0	0.0
138	p0	0.6	0.0	0.0
138	p2	1.0	0.0	0.0
138	protein1	321.2	7.8	2.170238
138	protein2	318.2	7.6	2.2514286
138	protein3	499.4	15.0	1.9937822
138	rnapol	1.0	0.0	0.0
139	__protein1_rbs	4.6	0.0	0.0
139	__protein2_rbs	3.6	0.0	0.0
139	__protein3_rbs	9.2	0.0	0.0
139	__ribosome	34.4	0.0	0.0
139	__rnase_site_ext	14.4	0.0	0.0
139	p0	1.0	0.0	0.0
139	p2	0.8	0.0	0.0
139	protein1	324.2	7.8	2.1484919999999996
139	protein2	320.6	7.8	2.4076192
139	protein3	504.4	15.2	2.0759526000000004
139	rnapol	1.0	0.0	0.0
140	__protein1_rbs	3.6	0.0	0.0
140	__protein2_rbs	5.2	0.0	0.0
140	__protein3_rbs	9.8	0.0	0.0
140	__ribosome	34.6	0.0	0.0
140	__rnase_site_ext	14.6	0.0	0.0
140	p0	1.0	0.0	0.0
140	p2	1.0	0.0	0.0
140	protein1	326.8	8.0	2.3131818
140	protein2	325.6	8.0	2.075238
140	protein3	510.0	15.4	2.033243
140	rnapol	1.0	0.0	0.0
141	__protein1_rbs	5.2	0.0	0.0
141	__protein2_rbs	4.2	0.0	0.0
141	__protein3_rbs	7.8	0.0	0.0
141	__ribosome	34.8	0.0	0.0
141	__rnase_site_ext	14.6	0.0	0.0
141	p0	1.0	0.0	0.0
141	p2	0.8	0.0	0.0
141	protein1	330.6	8.0	2.1554546
141	protein2	328.6	8.0	2.1495238
141	protein3	516.2	15.4	2.0909272000000003
141	rnapol	1.4	0.0	0.0
142	__protein1_rbs	3.6	0.0	0.0
142	__protein2_rbs	4.6	0.0	0.0
142	__protein3_rbs	9.2	0.0	0.0
142	__ribosome	33.4	0.0	0.0
142	__rnase_site_ext	14.6	0.0	0.0
142	p0	1.0	0.0	0.0
142	p2	0.6	0.0	0.0
142	protein1	334.6	8.0	2.2304546000000003
142	protein2	331.2	8.0	2.2366666000000004
142	protein3	522.2	15.6	2.0611546
142	rnapol	1.2	0.0	0.0
143	__protein1_rbs	4.4	0.0	0.0
143	__protein2_rbs	4.0	0.0	0.0
143	__protein3_rbs	9.6	0.0	0.0
143	__ribosome	34.6	0.0	0.0
143	__rnase_site_ext	15.2	0.0	0.0
143	p0	0.8	0.0	0.0
143	p2	0.8	0.0	0.0
143	protein1	338.0	8.0	2.2181818
143	protein2	335.0	8.0	2.255
143	protein3	529.4	15.6	1.9670636
143	rnapol	1.0	0.0	0.0
144	__protein1_rbs	4.0	0.0	0.0
144	__protein2_rbs	6.0	0.0	0.0
144	__protein3_rbs	9.2	0.0	0.0
144	__ribosome	34.2	0.0	0.0
144	__rnase_site_ext	15.2	0.0	0.0
144	p0	1.0	0.0	0.0
144	p2	0.8	0.0	0.0
144	protein1	340.8	8.0	2.4169120000000004
144	protein2	339.0	8.0	1.9764286
144	protein3	534.0	15.4	2.1020138
144	rnapol	1.2	0.0	0.0
145	__protein1_rbs	4.6	0.0	0.0
145	__protein2_rbs	4.2	0.0	0.0
145	__protein3_rbs	8.6	0.0	0.0
145	__ribosome	31.8	0.0	0.0
145	__rnase_site_ext	15.0	0.0	0.0
145	p0	1.0	0.0	0.0
145	p2	0.6	0.0	0.0
145	protein1	344.6	8.0	2.2757936
145	protein2	340.8	8.0	2.3885714
145	protein3	541.0	15.8	2.0763862
145	rnapol	1.4	0.0	0.0
146	__protein1_rbs	4.8	0.0	0.0
146	__protein2_rbs	5.0	0.0	0.0
146	__protein3_rbs	8.6	0.0	0.0
146	__ribosome	34.0	0.0	0.0
146	__rnase_site_ext	14.8	0.0	0.0
146	p0	1.0	0.0	0.0
146	p2	0.8	0.0	0.0
146	protein1	347.6	8.0	2.2366666
146	protein2	345.6	8.0	2.0664286
146	protein3	547.2	16.0	2.0432332000000004
146	rnapol	1.2	0.0	0.0
147	__protein1_rbs	4.4	0.0	0.0
147	__protein2_rbs	4.6	0.0	0.0
147	__protein3_rbs	8.6	0.0	0.0
147	__ribosome	33.0	0.0	0.0
147	__rnase_site_ext	14.8	0.0	0.0
147	p0	1.0	0.0	0.0
147	p2	0.6	0.0	0.0
147	protein1	352.2	8.0	2.071342
147	protein2	348.0	8.2	2.18
147	protein3	552.6	16.0	2.113985
147	rnapol	1.2	0.0	0.0
148	__protein1_rbs	4.6	0.0	0.0
148	__protein2_rbs	4.8	0.0	0.0
148	__protein3_rbs	9.0	0.0	0.0
148	__ribosome	35.0	0.0	0.0
148	__rnase_site_ext	15.0	0.0	0.0
148	p0	1.0	0.0	0.0
148	p2	0.8	0.0	0.0
148	protein1	355.2	8.0	2.0739394
148	protein2	352.0	8.4	2.060909
148	protein3	560.6	16.4	1.9761592
148	rnapol	1.4	0.0	0.0
149	__protein1_rbs	3.6	0.0	0.0
149	__protein2_rbs	4.4	0.0	0.0
149	__protein3_rbs	9.0	0.0	0.0
149	__ribosome	34.0	0.0	0.0
149	__rnase_site_ext	15.0	0.0	0.0
149	p0	1.0	0.0	0.0
149	p2	0.6	0.0	0.0
149	protein1	358.4	8.0	2.1563276
149	protein2	355.4	8.4	2.0727272
149	protein3	566.6	16.0	2.0400792
149	rnapol	1.4	0.0	0.0
150	__protein1_rbs	5.6	0.0	0.0
150	__protein2_rbs	5.2	0.0	0.0
150	__protein3_rbs	11.8	0.0	0.0
150	__ribosome	36.2	0.0	0.0
150	__rnase_site_ext	15.2	0.0	0.0
150	p0	1.0	0.0	0.0
150	p2	0.8	0.0	0.0
150	protein1	361.2	8.0	2.0683118
150	protein2	359.0	8.4	2.0322728
150	protein3	572.4	16.0	1.9423932
150	rnapol	1.6	0.0	0.0
151	__protein1_rbs	3.0	0.0	0.0
151	__protein2_rbs	5.4	0.0	0.0
151	__protein3_rbs	8.2	0.0	0.0
151	__ribosome	31.8	0.0	0.0
151	__rnase_site_ext	15.4	0.0	0.0
151	p0	0.8	0.0	0.0
151	p2	0.6	0.0	0.0
151	protein1	364.4	8.0	2.3416666
151	protein2	361.8	8.4	2.0600506000000003
151	protein3	578.2	16.2	2.0528846
151	rnapol	1.2	0.0	0.0
152	__protein1_rbs	4.6	0.0	0.0
152	__protein2_rbs	5.4	0.0	0.0
152	__protein3_rbs	9.2	0.0	0.0
152	__ribosome	32.2	0.0	0.0
152	__rnase_site_ext	15.8	0.0	0.0
152	p0	1.0	0.0	0.0
152	p2	0.8	0.0	0.0
152	protein1	367.8	8.0	2.2726262000000004
152	protein2	364.4	8.4	2.139495
152	protein3	585.2	15.8	2.045668
152	rnapol	1.4	0.0	0.0
153	__protein1_rbs	5.6	0.0	0.0
153	__protein2_rbs	5.4	0.0	0.0
153	__protein3_rbs	8.0	0.0	0.0
153	__ribosome	33.6	0.0	0.0
153	__rnase_site_ext	15.4	0.0	0.0
153	p0	1.0	0.0	0.0
153	p2	0.6	0.0	0.0
153	protein1	370.6	8.2	2.1096103999999998
153	protein2	368.4	8.4	1.9732322000000004
153	protein3	591.8	15.8	2.0884752
153	rnapol	1.6	0.0	0.0
154	__protein1_rbs	4.6	0.0	0.0
154	__protein2_rbs	4.8	0.0	0.0
154	__protein3_rbs	9.4	0.0	0.0
154	__ribosome	34.6	0.0	0.0
154	__rnase_site_ext	15.0	0.0	0.0
154	p0	1.0	0.0	0.0
154	p2	0.8	0.0	0.0
154	protein1	374.8	8.0	2.030938
154	protein2	372.2	8.4	1.9203029999999999
154	protein3	598.0	16.2	2.0834334
154	rnapol	1.8	0.0	0.0
155	__protein1_rbs	3.6	0.0	0.0
155	__protein2_rbs	4.0	0.0	0.0
155	__protein3_rbs	9.8	0.0	0.0
155	__ribosome	32.2	0.0	0.0
155	__rnase_site_ext	15.0	0.0	0.0
155	p0	1.0	0.0	0.0
155	p2	1.0	0.0	0.0
155	protein1	377.6	8.0	2.1900937999999996
155	protein2	376.0	8.2	2.0230808000000002
155	protein3	603.6	16.2	2.1223482
155	rnapol	2.0	0.0	0.0
156	__protein1_rbs	4.8	0.0	0.0
156	__protein2_rbs	5.0	0.0	0.0
156	__protein3_rbs	8.8	0.0	0.0
156	__ribosome	34.4	0.0	0.0
156	__rnase_site_ext	14.8	0.0	0.0
156	p0	1.0	0.0	0.0
156	p2	0.6	0.0	0.0
156	protein1	382.2	7.8	1.9510102
156	protein2	378.8	8.2	2.035303
156	protein3	610.8	16.2	2.1300636
156	rnapol	2.2	0.0	0.0
157	__protein1_rbs	4.4	0.0	0.0
157	__protein2_rbs	5.0	0.0	0.0
157	__protein3_rbs	8.2	0.0	0.0
157	__ribosome	33.4	0.0	0.0
157	__rnase_site_ext	15.4	0.0	0.0
157	p0	0.4	0.0	0.0
157	p2	1.0	0.0	0.0
157	protein1	385.2	7.8	2.0611616
157	protein2	382.0	8.2	1.945808
157	protein3	616.8	16.2	2.2275453999999995
157	rnapol	2.0	0.0	0.0
158	__protein1_rbs	4.8	0.0	0.0
158	__protein2_rbs	5.0	0.0	0.0
158	__protein3_rbs	10.6	0.0	0.0
158	__ribosome	34.4	0.0	0.0
158	__rnase_site_ext	15.4	0.0	0.0
158	p0	0.6	0.0	0.0
158	p2	0.8	0.0	0.0
158	protein1	387.2	8.0	2.2033332000000003
158	protein2	384.8	8.2	2.035303
158	protein3	624.0	16.2	2.0487178
158	rnapol	1.8	0.0	0.0
159	__protein1_rbs	5.4	0.0	0.0
159	__protein2_rbs	4.8	0.0	0.0
159	__protein3_rbs	9.8	0.0	0.0
159	__ribosome	35.8	0.0	0.0
159	__rnase_site_ext	15.6	0.0	0.0
159	p0	0.6	0.0	0.0
159	p2	1.0	0.0	0.0
159	protein1	390.8	8.2	2.0514286000000004
159	protein2	388.2	8.2	1.9829294
159	protein3	631.0	16.0	2.031282
159	rnapol	1.4	0.0	0.0
160	__protein1_rbs	4.6	0.0	0.0
160	__protein2_rbs	5.2	0.0	0.0
160	__protein3_rbs	9.4	0.0	0.0
160	__ribosome	36.0	0.0	0.0
160	__rnase_site_ext	16.0	0.0	0.0
160	p0	0.8	0.0	0.0
160	p2	1.0	0.0	0.0
160	protein1	394.0	8.6	2.1084616
160	protein2	392.2	8.0	1.8549784
160	protein3	637.4	16.0	2.0366668000000003
160	rnapol	1.6	0.0	0.0
161	__protein1_rbs	5.4	0.0	0.0
161	__protein2_rbs	4.0	0.0	0.0
161	__protein3_rbs	8.8	0.0	0.0
161	__ribosome	33.6	0.0	0.0
161	__rnase_site_ext	15.8	0.0	0.0
161	p0	0.8	0.0	0.0
161	p2	0.6	0.0	0.0
161	protein1	397.4	9.0	1.948077
161	protein2	394.4	8.2	2.1058586000000004
161	protein3	644.0	16.0	2.0382418
161	rnapol	1.0	0.0	0.0
162	__protein1_rbs	5.0	0.0	0.0
162	__protein2_rbs	5.0	0.0	0.0
162	__protein3_rbs	9.8	0.0	0.0
162	__ribosome	35.0	0.0	0.0
162	__rnase_site_ext	16.0	0.0	0.0
162	p0	1.0	0.0	0.0
162	p2	1.0	0.0	0.0
162	protein1	400.6	8.8	2.0438462
162	protein2	397.6	8.2	2.039596
162	protein3	651.6	15.6	1.997828
162	rnapol	1.2	0.0	0.0
163	__protein1_rbs	6.4	0.0	0.0
163	__protein2_rbs	4.4	0.0	0.0
163	__protein3_rbs	10.6	0.0	0.0
163	__ribosome	35.0	0.0	0.0
163	__rnase_site_ext	15.8	0.0	0.0
163	p0	0.8	0.0	0.0
163	p2	1.0	0.0	0.0
163	protein1	404.2	9.0	1.831795
163	protein2	400.6	8.2	2.1288888
163	protein3	656.0	15.8	1.9874984
163	rnapol	1.0	0.0	0.0
164	__protein1_rbs	5.0	0.0	0.0
164	__protein2_rbs	5.0	0.0	0.0
164	__protein3_rbs	9.4	0.0	0.0
164	__ribosome	35.0	0.0	0.0
164	__rnase_site_ext	15.8	0.0	0.0
164	p0	1.0	0.0	0.0
164	p2	1.0	0.0	0.0
164	protein1	407.4	8.6	2.108077
164	protein2	403.6	8.2	2.1079942000000003
164	protein3	662.8	15.8	2.0425396000000005
164	rnapol	1.4	0.0	0.0
165	__protein1_rbs	5.2	0.0	0.0
165	__protein2_rbs	4.8	0.0	0.0
165	__protein3_rbs	9.6	0.0	0.0
165	__ribosome	35.8	0.0	0.0
165	__rnase_site_ext	16.0	0.0	0.0
165	p0	0.8	0.0	0.0
165	p2	0.8	0.0	0.0
165	protein1	412.0	8.6	2.0500998
165	protein2	406.8	8.4	2.1644444
165	protein3	668.8	15.8	1.9879363999999997
165	rnapol	1.4	0.0	0.0
166	__protein1_rbs	4.6	0.0	0.0
166	__protein2_rbs	4.6	0.0	0.0
166	__protein3_rbs	9.6	0.0	0.0
166	__ribosome	35.2	0.0	0.0
166	__rnase_site_ext	15.8	0.0	0.0
166	p0	0.8	0.0	0.0
166	p2	0.8	0.0	0.0
166	protein1	414.8	8.8	2.1
166	protein2	411.0	8.8	1.9866666000000002
166	protein3	675.0	15.8	1.9774602
166	rnapol	1.2	0.0	0.0
167	__protein1_rbs	5.2	0.0	0.0
167	__protein2_rbs	6.0	0.0	0.0
167	__protein3_rbs	8.8	0.0	0.0
167	__ribosome	35.6	0.0	0.0
167	__rnase_site_ext	16.0	0.0	0.0
167	p0	1.0	0.0	0.0
167	p2	0.8	0.0	0.0
167	protein1	418.4	8.8	2.0324676
167	protein2	413.6	9.0	1.97
167	protein3	682.2	15.8	1.9396824000000001
167	rnapol	1.0	0.0	0.0
168	__protein1_rbs	5.4	0.0	0.0
168	__protein2_rbs	5.8	0.0	0.0
168	__protein3_rbs	9.8	0.0	0.0
168	__ribosome	33.2	0.0	0.0
168	__rnase_site_ext	16.2	0.0	0.0
168	p0	0.8	0.0	0.0
168	p2	0.8	0.0	0.0
168	protein1	420.8	9.0	2.05487
168	protein2	417.2	9.4	1.8564104
168	protein3	686.6	15.6	2.0234734
168	rnapol	0.8	0.0	0.0
169	__protein1_rbs	4.2	0.0	0.0
169	__protein2_rbs	6.0	0.0	0.0
169	__protein3_rbs	8.2	0.0	0.0
169	__ribosome	32.4	0.0	0.0
169	__rnase_site_ext	16.4	0.0	0.0
169	p0	1.0	0.0	0.0
169	p2	0.8	0.0	0.0
169	protein1	424.4	9.0	2.1201397999999996
169	protein2	421.4	9.4	1.7286132000000003
169	protein3	692.8	15.6	2.0653116
169	rnapol	0.8	0.0	0.0
170	__protein1_rbs	4.8	0.0	0.0
170	__protein2_rbs	5.8	0.0	0.0
170	__protein3_rbs	9.2	0.0	0.0
170	__ribosome	30.6	0.0	0.0
170	__rnase_site_ext	16.8	0.0	0.0
170	p0	1.0	0.0	0.0
170	p2	0.6	0.0	0.0
170	protein1	427.4	9.0	2.2337064
170	protein2	423.6	9.4	1.8854702
170	protein3	699.4	15.8	2.0276283999999998
170	rnapol	0.6	0.0	0.0
171	__protein1_rbs	4.4	0.0	0.0
171	__protein2_rbs	4.6	0.0	0.0
171	__protein3_rbs	9.8	0.0	0.0
171	__ribosome	30.4	0.0	0.0
171	__rnase_site_ext	16.8	0.0	0.0
171	p0	1.0	0.0	0.0
171	p2	0.4	0.0	0.0
171	protein1	431.0	9.0	2.3027272
171	protein2	428.0	9.4	1.8691810000000002
171	protein3	705.2	15.8	2.0246796
171	rnapol	0.4	0.0	0.0
172	__protein1_rbs	5.4	0.0	0.0
172	__protein2_rbs	5.8	0.0	0.0
172	__protein3_rbs	9.4	0.0	0.0
172	__ribosome	31.6	0.0	0.0
172	__rnase_site_ext	16.8	0.0	0.0
172	p0	1.0	0.0	0.0
172	p2	0.6	0.0	0.0
172	protein1	435.0	9.2	2.1755944
172	protein2	431.2	9.6	1.8791209999999998
172	protein3	711.6	16.0	1.9865568
172	rnapol	0.4	0.0	0.0
173	__protein1_rbs	6.0	0.0	0.0
173	__protein2_rbs	5.0	0.0	0.0
173	__protein3_rbs	10.8	0.0	0.0
173	__ribosome	30.4	0.0	0.0
173	__rnase_site_ext	16.6	0.0	0.0
173	p0	1.0	0.0	0.0
173	p2	0.6	0.0	0.0
173	protein1	438.2	9.2	2.1418376
173	protein2	434.6	9.8	1.9964286
173	protein3	717.2	16.2	1.9783334
173	rnapol	0.6	0.0	0.0
174	__protein1_rbs	5.8	0.0	0.0
174	__protein2_rbs	5.8	0.0	0.0
174	__protein3_rbs	10.6	0.0	0.0
174	__ribosome	32.0	0.0	0.0
174	__rnase_site_ext	16.2	0.0	0.0
174	p0	1.0	0.0	0.0
174	p2	0.4	0.0	0.0
174	protein1	443.0	9.0	2.0230576
174	protein2	437.6	9.6	2.1678572
174	protein3	723.6	16.4	1.961183
174	rnapol	0.6	0.0	0.0
175	__protein1_rbs	5.8	0.0	0.0
175	__protein2_rbs	4.0	0.0	0.0
175	__protein3_rbs	10.2	0.0	0.0
175	__ribosome	32.6	0.0	0.0
175	__rnase_site_ext	16.0	0.0	0.0
175	p0	0.8	0.0	0.0
175	p2	0.8	0.0	0.0
175	protein1	446.4	8.6	1.995
175	protein2	441.8	9.8	2.2583333999999997
175	protein3	730.4	16.6	1.8575723999999998
175	rnapol	0.8	0.0	0.0
176	__protein1_rbs	5.2	0.0	0.0
176	__protein2_rbs	5.6	0.0	0.0
176	__protein3_rbs	9.8	0.0	0.0
176	__ribosome	31.6	0.0	0.0
176	__rnase_site_ext	16.2	0.0	0.0
176	p0	0.8	0.0	0.0
176	p2	0.6	0.0	0.0
176	protein1	450.2	8.4	1.9366666000000001
176	protein2	445.0	9.8	2.2536793999999998
176	protein3	736.0	17.0	1.8893980000000004
176	rnapol	0.4	0.0	0.0
177	__protein1_rbs	4.6	0.0	0.0
177	__protein2_rbs	4.8	0.0	0.0
177	__protein3_rbs	9.0	0.0	0.0
177	__ribosome	31.0	0.0	0.0
177	__rnase_site_ext	16.4	0.0	0.0
177	p0	0.8	0.0	0.0
177	p2	0.4	0.0	0.0
177	protein1	454.0	8.4	1.860238
177	protein2	449.2	9.8	2.2353174
177	protein3	743.0	17.4	1.8797704000000004
177	rnapol	0.2	0.0	0.0
178	__protein1_rbs	4.8	0.0	0.0
178	__protein2_rbs	5.6	0.0	0.0
178	__protein3_rbs	10.8	0.0	0.0
178	__ribosome	29.4	0.0	0.0
178	__rnase_site_ext	16.6	0.0	0.0
178	p0	0.8	0.0	0.0
178	p2	0.6	0.0	0.0
178	protein1	456.8	8.6	1.94
178	protein2	452.8	9.6	2.2789683999999997
178	protein3	749.2	17.4	1.9332126000000005
178	rnapol	0.2	0.0	0.0
179	__protein1_rbs	6.0	0.0	0.0
179	__protein2_rbs	6.6	0.0	0.0
179	__protein3_rbs	11.0	0.0	0.0
179	__ribosome	31.8	0.0	0.0
179	__rnase_site_ext	16.4	0.0	0.0
179	p0	1.0	0.0	0.0
179	p2	0.8	0.0	0.0
179	protein1	460.2	8.6	1.8666666
179	protein2	457.0	9.4	2.2166666
179	protein3	754.6	17.6	1.8828018
179	rnapol	0.8	0.0	0.0
180	__protein1_rbs	4.2	0.0	0.0
180	__protein2_rbs	7.0	0.0	0.0
180	__protein3_rbs	11.8	0.0	0.0
180	__ribosome	31.6	0.0	0.0
180	__rnase_site_ext	16.4	0.0	0.0
180	p0	1.0	0.0	0.0
180	p2	1.0	0.0	0.0
180	protein1	461.6	8.8	2.136212
180	protein2	461.8	9.4	1.9230014
180	protein3	760.8	18.0	1.8444444
180	rnapol	0.8	0.0	0.0
181	__protein1_rbs	5.2	0.0	0.0
181	__protein2_rbs	5.4	0.0	0.0
181	__protein3_rbs	10.2	0.0	0.0
181	__ribosome	30.8	0.0	0.0
181	__rnase_site_ext	16.4	0.0	0.0
181	p0	1.0	0.0	0.0
181	p2	0.8	0.0	0.0
181	protein1	466.0	8.8	2.0466666
181	protein2	465.0	9.4	1.9715586000000005
181	protein3	767.2	17.8	1.9342996
181	rnapol	1.2	0.0	0.0
182	__protein1_rbs	4.8	0.0	0.0
182	__protein2_rbs	6.0	0.0	0.0
182	__protein3_rbs	11.2	0.0	0.0
182	__ribosome	33.8	0.0	0.0
182	__rnase_site_ext	16.2	0.0	0.0
182	p0	0.4	0.0	0.0
182	p2	0.6	0.0	0.0
182	protein1	469.8	8.8	1.983788
182	protein2	469.6	9.4	1.7324388
182	protein3	774.4	17.8	1.9056372
182	rnapol	0.8	0.0	0.0
183	__protein1_rbs	5.0	0.0	0.0
183	__protein2_rbs	5.4	0.0	0.0
183	__protein3_rbs	10.2	0.0	0.0
183	__ribosome	31.4	0.0	0.0
183	__rnase_site_ext	16.6	0.0	0.0
183	p0	0.8	0.0	0.0
183	p2	1.0	0.0	0.0
183	protein1	472.4	8.8	2.1785714
183	protein2	473.6	9.2	1.7711150000000002
183	protein3	780.6	17.8	1.9549018
183	rnapol	0.8	0.0	0.0
184	__protein1_rbs	4.6	0.0	0.0
184	__protein2_rbs	6.2	0.0	0.0
184	__protein3_rbs	9.8	0.0	0.0
184	__ribosome	27.8	0.0	0.0
184	__rnase_site_ext	16.6	0.0	0.0
184	p0	1.0	0.0	0.0
184	p2	0.8	0.0	0.0
184	protein1	475.0	9.4	2.2901586
184	protein2	475.6	9.6	1.8117328
184	protein3	787.4	17.8	1.9583334
184	rnapol	1.0	0.0	0.0
185	__protein1_rbs	5.8	0.0	0.0
185	__protein2_rbs	5.6	0.0	0.0
185	__protein3_rbs	10.8	0.0	0.0
185	__ribosome	28.2	0.0	0.0
185	__rnase_site_ext	16.6	0.0	0.0
185	p0	1.0	0.0	0.0
185	p2	0.6	0.0	0.0
185	protein1	479.6	9.4	2.218315
185	protein2	478.8	9.6	1.8477858
185	protein3	793.6	18.0	1.9432866000000002
185	rnapol	1.4	0.0	0.0
186	__protein1_rbs	6.2	0.0	0.0
186	__protein2_rbs	6.2	0.0	0.0
186	__protein3_rbs	13.0	0.0	0.0
186	__ribosome	28.8	0.0	0.0
186	__rnase_site_ext	16.6	0.0	0.0
186	p0	1.0	0.0	0.0
186	p2	0.8	0.0	0.0
186	protein1	483.2	9.4	2.1086202000000003
186	protein2	482.0	9.8	1.7839162000000002
186	protein3	799.2	18.0	1.9456203999999997
186	rnapol	1.6	0.0	0.0
187	__protein1_rbs	7.4	0.0	0.0
187	__protein2_rbs	5.2	0.0	0.0
187	__protein3_rbs	11.2	0.0	0.0
187	__ribosome	32.6	0.0	0.0
187	__rnase_site_ext	16.2	0.0	0.0
187	p0	0.8	0.0	0.0
187	p2	1.0	0.0	0.0
187	protein1	487.2	9.2	1.9490598
187	protein2	485.8	10.0	1.8369229999999999
187	protein3	807.0	17.6	1.869757
187	rnapol	1.4	0.0	0.0
188	__protein1_rbs	4.8	0.0	0.0
188	__protein2_rbs	6.2	0.0	0.0
188	__protein3_rbs	11.2	0.0	0.0
188	__ribosome	31.8	0.0	0.0
188	__rnase_site_ext	16.6	0.0	0.0
188	p0	1.0	0.0	0.0
188	p2	1.0	0.0	0.0
188	protein1	490.8	9.0	2.0366666
188	protein2	489.0	9.8	1.9484616000000003
188	protein3	813.6	17.8	1.8678068
188	rnapol	1.2	0.0	0.0
189	__protein1_rbs	5.6	0.0	0.0
189	__protein2_rbs	6.2	0.0	0.0
189	__protein3_rbs	11.0	0.0	0.0
189	__ribosome	34.4	0.0	0.0
189	__rnase_site_ext	16.4	0.0	0.0
189	p0	1.0	0.0	0.0
189	p2	0.8	0.0	0.0
189	protein1	495.4	9.2	1.8106838000000005
189	protein2	492.4	9.8	1.9545298
189	protein3	821.4	17.8	1.7862745999999998
189	rnapol	1.2	0.0	0.0
190	__protein1_rbs	4.2	0.0	0.0
190	__protein2_rbs	6.4	0.0	0.0
190	__protein3_rbs	10.2	0.0	0.0
190	__ribosome	32.0	0.0	0.0
190	__rnase_site_ext	16.0	0.0	0.0
190	p0	1.0	0.0	0.0
190	p2	0.6	0.0	0.0
190	protein1	498.4	8.8	2.0788888
190	protein2	495.6	9.0	2.1434848
190	protein3	828.0	18.0	1.8152058
190	rnapol	1.4	0.0	0.0
191	__protein1_rbs	4.6	0.0	0.0
191	__protein2_rbs	5.8	0.0	0.0
191	__protein3_rbs	9.6	0.0	0.0
191	__ribosome	30.8	0.0	0.0
191	__rnase_site_ext	15.8	0.0	0.0
191	p0	1.0	0.0	0.0
191	p2	0.8	0.0	0.0
191	protein1	501.6	8.4	2.1724244
191	protein2	499.0	9.2	2.0844443999999998
191	protein3	834.4	17.6	1.9319118000000002
191	rnapol	1.4	0.0	0.0
192	__protein1_rbs	4.0	0.0	0.0
192	__protein2_rbs	6.2	0.0	0.0
192	__protein3_rbs	11.2	0.0	0.0
192	__ribosome	28.0	0.0	0.0
192	__rnase_site_ext	15.6	0.0	0.0
192	p0	1.0	0.0	0.0
192	p2	0.8	0.0	0.0
192	protein1	504.0	8.2	2.366212
192	protein2	502.8	9.4	2.0378632000000003
192	protein3	839.4	18.0	1.9732842
192	rnapol	1.2	0.0	0.0
193	__protein1_rbs	6.2	0.0	0.0
193	__protein2_rbs	4.4	0.0	0.0
193	__protein3_rbs	11.2	0.0	0.0
193	__ribosome	29.4	0.0	0.0
193	__rnase_site_ext	15.6	0.0	0.0
193	p0	1.0	0.0	0.0
193	p2	0.6	0.0	0.0
193	protein1	508.0	8.4	1.9719698
193	protein2	506.4	9.6	2.1135040000000003
193	protein3	846.2	18.0	1.9844118
193	rnapol	1.2	0.0	0.0
194	__protein1_rbs	5.0	0.0	0.0
194	__protein2_rbs	6.0	0.0	0.0
194	__protein3_rbs	10.6	0.0	0.0
194	__ribosome	30.0	0.0	0.0
194	__rnase_site_ext	16.2	0.0	0.0
194	p0	0.8	0.0	0.0
194	p2	1.0	0.0	0.0
194	protein1	511.4	8.4	1.9333334
194	protein2	510.6	9.6	2.0064528000000004
194	protein3	852.2	18.2	1.9969446
194	rnapol	1.0	0.0	0.0
195	__protein1_rbs	4.8	0.0	0.0
195	__protein2_rbs	5.8	0.0	0.0
195	__protein3_rbs	11.8	0.0	0.0
195	__ribosome	31.2	0.0	0.0
195	__rnase_site_ext	16.2	0.0	0.0
195	p0	1.0	0.0	0.0
195	p2	1.0	0.0	0.0
195	protein1	515.6	8.6	1.801515
195	protein2	513.8	9.6	2.0457264000000004
195	protein3	859.0	18.0	1.9676633999999997
195	rnapol	1.2	0.0	0.0
196	__protein1_rbs	4.6	0.0	0.0
196	__protein2_rbs	5.6	0.0	0.0
196	__protein3_rbs	11.2	0.0	0.0
196	__ribosome	29.6	0.0	0.0
196	__rnase_site_ext	15.8	0.0	0.0
196	p0	1.0	0.0	0.0
196	p2	0.8	0.0	0.0
196	protein1	518.6	8.6	1.8863636000000001
196	protein2	517.0	9.6	2.1254702
196	protein3	866.8	18.2	1.9419297999999998
196	rnapol	1.4	0.0	0.0
197	__protein1_rbs	5.0	0.0	0.0
197	__protein2_rbs	6.4	0.0	0.0
197	__protein3_rbs	10.0	0.0	0.0
197	__ribosome	29.0	0.0	0.0
197	__rnase_site_ext	15.6	0.0	0.0
197	p0	1.0	0.0	0.0
197	p2	0.6	0.0	0.0
197	protein1	521.8	8.6	1.9833332
197	protein2	519.8	9.6	2.2343346000000004
197	protein3	874.2	18.0	1.9528824
197	rnapol	1.4	0.0	0.0
198	__protein1_rbs	5.6	0.0	0.0
198	__protein2_rbs	6.4	0.0	0.0
198	__protein3_rbs	8.6	0.0	0.0
198	__ribosome	28.4	0.0	0.0
198	__rnase_site_ext	15.6	0.0	0.0
198	p0	1.0	0.0	0.0
198	p2	0.4	0.0	0.0
198	protein1	524.4	8.2	2.1560607999999997
198	protein2	524.0	9.6	2.1094262
198	protein3	880.6	17.6	2.0727811999999997
198	rnapol	1.8	0.0	0.0
199	__protein1_rbs	4.6	0.0	0.0
199	__protein2_rbs	5.2	0.0	0.0
199	__protein3_rbs	10.8	0.0	0.0
199	__ribosome	28.6	0.0	0.0
199	__rnase_site_ext	15.4	0.0	0.0
199	p0	1.0	0.0	0.0
199	p2	0.8	0.0	0.0
199	protein1	527.2	8.2	2.1198486
199	protein2	528.2	9.6	2.1446642
199	protein3	887.2	17.6	2.0493338000000003
199	rnapol	2.0	0.0	0.0
200	__protein1_rbs	4.6	0.0	0.0
200	__protein2_rbs	5.2	0.0	0.0
200	__protein3_rbs	11.6	0.0	0.0
200	__ribosome	30.0	0.0	0.0
200	__rnase_site_ext	15.8	0.0	0.0
200	p0	1.0	0.0	0.0
200	p2	0.6	0.0	0.0
200	protein1	530.8	8.0	2.1139394
200	protein2	532.6	9.8	1.9036631999999998
200	protein3	893.6	17.6	2.0315666
200	rnapol	1.6	0.0	0.0
201	__protein1_rbs	4.4	0.0	0.0
201	__protein2_rbs	6.0	0.0	0.0
201	__protein3_rbs	11.0	0.0	0.0
201	__ribosome	30.2	0.0	0.0
201	__rnase_site_ext	16.0	0.0	0.0
201	p0	1.0	0.0	0.0
201	p2	1.0	0.0	0.0
201	protein1	534.4	8.0	2.0960606000000004
201	protein2	535.8	9.6	2.0571428000000003
201	protein3	900.8	18.0	1.9567354
201	rnapol	2.0	0.0	0.0
202	__protein1_rbs	4.8	0.0	0.0
202	__protein2_rbs	6.2	0.0	0.0
202	__protein3_rbs	10.0	0.0	0.0
202	__ribosome	29.8	0.0	0.0
202	__rnase_site_ext	16.4	0.0	0.0
202	p0	0.8	0.0	0.0
202	p2	0.8	0.0	0.0
202	protein1	536.6	8.2	2.1317172
202	protein2	539.8	9.8	2.0135532
202	protein3	908.8	18.2	1.9393698
202	rnapol	1.6	0.0	0.0
203	__protein1_rbs	4.6	0.0	0.0
203	__protein2_rbs	6.2	0.0	0.0
203	__protein3_rbs	11.6	0.0	0.0
203	__ribosome	28.8	0.0	0.0
203	__rnase_site_ext	16.8	0.0	0.0
203	p0	0.6	0.0	0.0
203	p2	0.6	0.0	0.0
203	protein1	540.2	8.2	2.1406062
203	protein2	543.0	9.6	1.9819292
203	protein3	914.6	18.6	1.9661848000000002
203	rnapol	1.0	0.0	0.0
204	__protein1_rbs	5.4	0.0	0.0
204	__protein2_rbs	5.8	0.0	0.0
204	__protein3_rbs	10.4	0.0	0.0
204	__ribosome	30.2	0.0	0.0
204	__rnase_site_ext	17.0	0.0	0.0
204	p0	1.0	0.0	0.0
204	p2	1.0	0.0	0.0
204	protein1	543.8	8.6	1.8666666
204	protein2	546.8	9.6	1.984005
204	protein3	922.6	18.8	1.9581124000000003
204	rnapol	1.0	0.0	0.0
205	__protein1_rbs	6.6	0.0	0.0
205	__protein2_rbs	6.2	0.0	0.0
205	__protein3_rbs	12.2	0.0	0.0
205	__ribosome	31.4	0.0	0.0
205	__rnase_site_ext	16.6	0.0	0.0
205	p0	0.8	0.0	0.0
205	p2	0.8	0.0	0.0
205	protein1	547.0	8.8	1.7054543999999998
205	protein2	551.4	9.2	1.9897436000000002
205	protein3	928.8	18.6	2.0728508000000003
205	rnapol	0.6	0.0	0.0
206	__protein1_rbs	5.2	0.0	0.0
206	__protein2_rbs	5.4	0.0	0.0
206	__protein3_rbs	11.8	0.0	0.0
206	__ribosome	32.2	0.0	0.0
206	__rnase_site_ext	17.0	0.0	0.0
206	p0	0.8	0.0	0.0
206	p2	0.8	0.0	0.0
206	protein1	550.2	8.8	1.7587880000000002
206	protein2	555.4	9.0	1.888889
206	protein3	935.8	19.0	1.9537959999999999
206	rnapol	0.8	0.0	0.0
207	__protein1_rbs	6.0	0.0	0.0
207	__protein2_rbs	5.4	0.0	0.0
207	__protein3_rbs	9.6	0.0	0.0
207	__ribosome	32.2	0.0	0.0
207	__rnase_site_ext	17.0	0.0	0.0
207	p0	1.0	0.0	0.0
207	p2	0.8	0.0	0.0
207	protein1	553.4	9.0	1.6575756
207	protein2	558.6	8.6	1.9098484
207	protein3	943.0	18.4	2.0645432
207	rnapol	1.0	0.0	0.0
208	__protein1_rbs	3.8	0.0	0.0
208	__protein2_rbs	6.0	0.0	0.0
208	__protein3_rbs	11.6	0.0	0.0
208	__ribosome	30.0	0.0	0.0
208	__rnase_site_ext	17.0	0.0	0.0
208	p0	1.0	0.0	0.0
208	p2	0.8	0.0	0.0
208	protein1	555.8	9.0	2.0363637999999997
208	protein2	561.8	8.6	1.8916666000000002
208	protein3	949.6	18.4	2.0250618000000005
208	rnapol	1.2	0.0	0.0
209	__protein1_rbs	5.8	0.0	0.0
209	__protein2_rbs	4.2	0.0	0.0
209	__protein3_rbs	11.2	0.0	0.0
209	__ribosome	32.6	0.0	0.0
209	__rnase_site_ext	17.2	0.0	0.0
209	p0	1.0	0.0	0.0
209	p2	0.8	0.0	0.0
209	protein1	559.4	9.2	1.8272727999999998
209	protein2	565.6	8.6	1.8931818
209	protein3	958.2	18.0	1.978415
209	rnapol	1.2	0.0	0.0
210	__protein1_rbs	6.0	0.0	0.0
210	__protein2_rbs	5.6	0.0	0.0
210	__protein3_rbs	10.2	0.0	0.0
210	__ribosome	30.8	0.0	0.0
210	__rnase_site_ext	17.2	0.0	0.0
210	p0	1.0	0.0	0.0
210	p2	1.0	0.0	0.0
210	protein1	562.0	9.2	1.878788
210	protein2	569.2	8.8	1.848485
210	protein3	964.2	18.0	2.0565686000000003
210	rnapol	1.0	0.0	0.0
211	__protein1_rbs	5.0	0.0	0.0
211	__protein2_rbs	6.6	0.0	0.0
211	__protein3_rbs	11.2	0.0	0.0
211	__ribosome	31.6	0.0	0.0
211	__rnase_site_ext	17.2	0.0	0.0
211	p0	0.8	0.0	0.0
211	p2	1.0	0.0	0.0
211	protein1	565.0	9.4	1.9409092
211	protein2	572.2	8.8	1.7969698
211	protein3	971.2	18.0	2.0353622
211	rnapol	1.2	0.0	0.0
212	__protein1_rbs	5.0	0.0	0.0
212	__protein2_rbs	4.2	0.0	0.0
212	__protein3_rbs	11.8	0.0	0.0
212	__ribosome	31.4	0.0	0.0
212	__rnase_site_ext	17.4	0.0	0.0
212	p0	0.8	0.0	0.0
212	p2	0.8	0.0	0.0
212	protein1	569.0	9.4	1.9727272
212	protein2	575.4	8.8	1.922511
212	protein3	979.2	18.2	1.9381382000000005
212	rnapol	0.8	0.0	0.0
213	__protein1_rbs	5.8	0.0	0.0
213	__protein2_rbs	6.4	0.0	0.0
213	__protein3_rbs	11.6	0.0	0.0
213	__ribosome	32.4	0.0	0.0
213	__rnase_site_ext	17.6	0.0	0.0
213	p0	1.0	0.0	0.0
213	p2	1.0	0.0	0.0
213	protein1	572.0	9.4	1.9614284
213	protein2	578.2	9.0	1.9242422
213	protein3	986.4	18.2	1.8610858
213	rnapol	1.0	0.0	0.0
214	__protein1_rbs	5.2	0.0	0.0
214	__protein2_rbs	5.2	0.0	0.0
214	__protein3_rbs	9.6	0.0	0.0
214	__ribosome	29.4	0.0	0.0
214	__rnase_site_ext	17.6	0.0	0.0
214	p0	0.8	0.0	0.0
214	p2	0.8	0.0	0.0
214	protein1	575.6	9.6	2.0829004
214	protein2	581.2	9.0	2.0427272000000003
214	protein3	993.4	18.0	1.9553247999999999
214	rnapol	1.0	0.0	0.0
215	__protein1_rbs	6.6	0.0	0.0
215	__protein2_rbs	5.8	0.0	0.0
215	__protein3_rbs	10.8	0.0	0.0
215	__ribosome	30.8	0.0	0.0
215	__rnase_site_ext	17.8	0.0	0.0
215	p0	1.0	0.0	0.0
215	p2	0.8	0.0	0.0
215	protein1	578.8	9.6	2.0281384
215	protein2	585.0	9.4	1.8367963999999999
215	protein3	1000.0	18.0	1.9219834
215	rnapol	1.0	0.0	0.0
216	__protein1_rbs	7.4	0.0	0.0
216	__protein2_rbs	6.0	0.0	0.0
216	__protein3_rbs	11.0	0.0	0.0
216	__ribosome	30.6	0.0	0.0
216	__rnase_site_ext	17.8	0.0	0.0
216	p0	1.0	0.0	0.0
216	p2	1.0	0.0	0.0
216	protein1	582.8	9.8	1.824026
216	protein2	588.0	9.4	1.9099566000000003
216	protein3	1006.2	18.0	1.9542046000000002
216	rnapol	1.2	0.0	0.0
217	__protein1_rbs	5.4	0.0	0.0
217	__protein2_rbs	6.4	0.0	0.0
217	__protein3_rbs	9.8	0.0	0.0
217	__ribosome	29.6	0.0	0.0
217	__rnase_site_ext	18.0	0.0	0.0
217	p0	0.8	0.0	0.0
217	p2	0.4	0.0	0.0
217	protein1	586.2	9.8	1.9357142
217	protein2	591.6	9.4	1.9251080000000005
217	protein3	1013.2	17.8	1.9764402
217	rnapol	1.2	0.0	0.0
218	__protein1_rbs	5.8	0.0	0.0
218	__protein2_rbs	5.8	0.0	0.0
218	__protein3_rbs	11.6	0.0	0.0
218	__ribosome	30.4	0.0	0.0
218	__rnase_site_ext	17.8	0.0	0.0
218	p0	1.0	0.0	0.0
218	p2	0.6	0.0	0.0
218	protein1	590.6	9.8	1.8690476000000003
218	protein2	594.4	9.4	1.9209957999999998
218	protein3	1019.8	18.0	1.9438802
218	rnapol	1.2	0.0	0.0
219	__protein1_rbs	6.2	0.0	0.0
219	__protein2_rbs	5.8	0.0	0.0
219	__protein3_rbs	12.4	0.0	0.0
219	__ribosome	33.6	0.0	0.0
219	__rnase_site_ext	17.8	0.0	0.0
219	p0	1.0	0.0	0.0
219	p2	1.0	0.0	0.0
219	protein1	594.2	10.0	1.7064936000000002
219	protein2	597.8	9.6	1.9212122
219	protein3	1028.2	18.0	1.7699630000000002
219	rnapol	1.2	0.0	0.0
220	__protein1_rbs	6.2	0.0	0.0
220	__protein2_rbs	6.2	0.0	0.0
220	__protein3_rbs	12.4	0.0	0.0
220	__ribosome	33.2	0.0	0.0
220	__rnase_site_ext	17.8	0.0	0.0
220	p0	1.0	0.0	0.0
220	p2	0.6	0.0	0.0
220	protein1	597.4	10.0	1.7600650000000002
220	protein2	601.6	9.6	1.9285714
220	protein3	1033.4	18.0	1.7954013999999998
220	rnapol	1.2	0.0	0.0
221	__protein1_rbs	6.6	0.0	0.0
221	__protein2_rbs	5.2	0.0	0.0
221	__protein3_rbs	10.4	0.0	0.0
221	__ribosome	31.2	0.0	0.0
221	__rnase_site_ext	17.6	0.0	0.0
221	p0	0.8	0.0	0.0
221	p2	0.8	0.0	0.0
221	protein1	599.8	10.0	1.8556276000000003
221	protein2	605.8	10.0	1.8416666000000002
221	protein3	1039.8	17.8	1.932752
221	rnapol	1.2	0.0	0.0
222	__protein1_rbs	6.4	0.0	0.0
222	__protein2_rbs	6.8	0.0	0.0
222	__protein3_rbs	9.4	0.0	0.0
222	__ribosome	32.8	0.0	0.0
222	__rnase_site_ext	17.6	0.0	0.0
222	p0	1.0	0.0	0.0
222	p2	0.8	0.0	0.0
222	protein1	604.0	10.0	1.7752164
222	protein2	608.4	10.0	1.85
222	protein3	1048.8	17.8	1.8771582
222	rnapol	1.4	0.0	0.0
223	__protein1_rbs	6.0	0.0	0.0
223	__protein2_rbs	6.0	0.0	0.0
223	__protein3_rbs	9.8	0.0	0.0
223	__ribosome	29.0	0.0	0.0
223	__rnase_site_ext	17.8	0.0	0.0
223	p0	1.0	0.0	0.0
223	p2	0.8	0.0	0.0
223	protein1	607.4	10.2	1.8821428
223	protein2	611.6	10.0	1.925
223	protein3	1053.4	17.8	1.952721
223	rnapol	1.2	0.0	0.0
224	__protein1_rbs	6.2	0.0	0.0
224	__protein2_rbs	8.0	0.0	0.0
224	__protein3_rbs	10.8	0.0	0.0
224	__ribosome	30.0	0.0	0.0
224	__rnase_site_ext	17.8	0.0	0.0
224	p0	1.0	0.0	0.0
224	p2	0.8	0.0	0.0
224	protein1	611.2	10.2	1.9678572
224	protein2	615.8	10.0	1.6714284
224	protein3	1059.4	17.4	2.0198184
224	rnapol	1.4	0.0	0.0
225	__protein1_rbs	6.0	0.0	0.0
225	__protein2_rbs	7.2	0.0	0.0
225	__protein3_rbs	11.6	0.0	0.0
225	__ribosome	32.2	0.0	0.0
225	__rnase_site_ext	18.0	0.0	0.0
225	p0	1.0	0.0	0.0
225	p2	0.6	0.0	0.0
225	protein1	614.8	10.2	1.9559526000000005
225	protein2	619.4	10.0	1.6095237999999998
225	protein3	1066.4	17.4	1.9035644
225	rnapol	1.4	0.0	0.0
226	__protein1_rbs	5.8	0.0	0.0
226	__protein2_rbs	5.4	0.0	0.0
226	__protein3_rbs	11.8	0.0	0.0
226	__ribosome	29.0	0.0	0.0
226	__rnase_site_ext	17.6	0.0	0.0
226	p0	1.0	0.0	0.0
226	p2	0.4	0.0	0.0
226	protein1	618.0	10.2	2.040476
226	protein2	622.6	10.2	1.775
226	protein3	1072.0	17.6	1.8997549999999999
226	rnapol	1.6	0.0	0.0
227	__protein1_rbs	6.6	0.0	0.0
227	__protein2_rbs	7.0	0.0	0.0
227	__protein3_rbs	12.2	0.0	0.0
227	__ribosome	32.8	0.0	0.0
227	__rnase_site_ext	17.8	0.0	0.0
227	p0	1.0	0.0	0.0
227	p2	0.8	0.0	0.0
227	protein1	621.4	10.2	2.0690476
227	protein2	626.4	10.2	1.6964286000000002
227	protein3	1080.2	17.6	1.7056159999999998
227	rnapol	1.4	0.0	0.0
228	__protein1_rbs	6.0	0.0	0.0
228	__protein2_rbs	6.0	0.0	0.0
228	__protein3_rbs	11.6	0.0	0.0
228	__ribosome	34.4	0.0	0.0
228	__rnase_site_ext	17.8	0.0	0.0
228	p0	0.8	0.0	0.0
228	p2	1.0	0.0	0.0
228	protein1	625.8	10.2	2.0035714
228	protein2	629.8	10.0	1.7954546000000002
228	protein3	1088.4	17.8	1.5899468000000003
228	rnapol	1.6	0.0	0.0
229	__protein1_rbs	6.8	0.0	0.0
229	__protein2_rbs	6.2	0.0	0.0
229	__protein3_rbs	10.2	0.0	0.0
229	__ribosome	32.0	0.0	0.0
229	__rnase_site_ext	17.6	0.0	0.0
229	p0	1.0	0.0	0.0
229	p2	0.8	0.0	0.0
229	protein1	629.6	10.4	1.9063491999999997
229	protein2	632.2	10.0	1.9240259999999998
229	protein3	1093.8	17.8	1.6541696
229	rnapol	1.8	0.0	0.0
230	__protein1_rbs	5.8	0.0	0.0
230	__protein2_rbs	5.8	0.0	0.0
230	__protein3_rbs	9.8	0.0	0.0
230	__ribosome	29.6	0.0	0.0
230	__rnase_site_ext	18.0	0.0	0.0
230	p0	1.0	0.0	0.0
230	p2	0.8	0.0	0.0
230	protein1	633.6	10.2	1.9857142
230	protein2	635.4	10.2	2.047619
230	protein3	1100.2	17.8	1.722838
230	rnapol	1.4	0.0	0.0
231	__protein1_rbs	6.2	0.0	0.0
231	__protein2_rbs	6.4	0.0	0.0
231	__protein3_rbs	10.6	0.0	0.0
231	__ribosome	28.2	0.0	0.0
231	__rnase_site_ext	17.8	0.0	0.0
231	p0	1.0	0.0	0.0
231	p2	0.8	0.0	0.0
231	protein1	637.6	10.4	1.9298534
231	protein2	639.8	10.2	1.9321428
231	protein3	1104.6	17.6	1.8669133999999998
231	rnapol	1.4	0.0	0.0
232	__protein1_rbs	6.4	0.0	0.0
232	__protein2_rbs	5.8	0.0	0.0
232	__protein3_rbs	11.8	0.0	0.0
232	__ribosome	26.8	0.0	0.0
232	__rnase_site_ext	18.0	0.0	0.0
232	p0	0.8	0.0	0.0
232	p2	0.8	0.0	0.0
232	protein1	641.4	10.2	1.9813186000000005
232	protein2	643.4	10.2	1.9988093999999996
232	protein3	1109.4	17.6	1.9388092
232	rnapol	1.4	0.0	0.0
233	__protein1_rbs	6.8	0.0	0.0
233	__protein2_rbs	5.8	0.0	0.0
233	__protein3_rbs	10.2	0.0	0.0
233	__ribosome	26.6	0.0	0.0
233	__rnase_site_ext	18.0	0.0	0.0
233	p0	1.0	0.0	0.0
233	p2	0.6	0.0	0.0
233	protein1	645.4	10.2	1.8587912
233	protein2	647.0	10.2	2.0392858
233	protein3	1115.4	17.8	1.9957368000000002
233	rnapol	1.4	0.0	0.0
234	__protein1_rbs	7.6	0.0	0.0
234	__protein2_rbs	6.8	0.0	0.0
234	__protein3_rbs	10.8	0.0	0.0
234	__ribosome	29.2	0.0	0.0
234	__rnase_site_ext	17.8	0.0	0.0
234	p0	0.8	0.0	0.0
234	p2	1.0	0.0	0.0
234	protein1	649.0	10.4	1.6749083999999999
234	protein2	651.0	10.2	1.9321428
234	protein3	1122.8	18.0	1.9561648
234	rnapol	1.8	0.0	0.0
235	__protein1_rbs	6.6	0.0	0.0
235	__protein2_rbs	6.2	0.0	0.0
235	__protein3_rbs	11.4	0.0	0.0
235	__ribosome	30.2	0.0	0.0
235	__rnase_site_ext	18.0	0.0	0.0
235	p0	0.8	0.0	0.0
235	p2	0.8	0.0	0.0
235	protein1	653.0	10.0	1.6959706
235	protein2	654.4	10.2	1.9166666
235	protein3	1129.6	18.0	1.8921013999999998
235	rnapol	1.6	0.0	0.0
236	__protein1_rbs	6.4	0.0	0.0
236	__protein2_rbs	6.4	0.0	0.0
236	__protein3_rbs	11.0	0.0	0.0
236	__ribosome	32.0	0.0	0.0
236	__rnase_site_ext	18.0	0.0	0.0
236	p0	1.0	0.0	0.0
236	p2	0.6	0.0	0.0
236	protein1	656.4	10.2	1.726923
236	protein2	658.8	10.2	1.8714286
236	protein3	1137.4	18.4	1.8008623999999998
236	rnapol	1.4	0.0	0.0
237	__protein1_rbs	5.6	0.0	0.0
237	__protein2_rbs	6.0	0.0	0.0
237	__protein3_rbs	11.6	0.0	0.0
237	__ribosome	30.8	0.0	0.0
237	__rnase_site_ext	17.8	0.0	0.0
237	p0	1.0	0.0	0.0
237	p2	0.8	0.0	0.0
237	protein1	661.2	10.2	1.6157144000000003
237	protein2	662.4	10.4	1.888095
237	protein3	1142.6	18.2	1.8829284
237	rnapol	1.0	0.0	0.0
238	__protein1_rbs	6.4	0.0	0.0
238	__protein2_rbs	6.8	0.0	0.0
238	__protein3_rbs	11.8	0.0	0.0
238	__ribosome	30.8	0.0	0.0
238	__rnase_site_ext	17.6	0.0	0.0
238	p0	1.0	0.0	0.0
238	p2	1.0	0.0	0.0
238	protein1	664.0	10.4	1.6936148000000002
238	protein2	666.8	10.4	1.8111112000000005
238	protein3	1149.2	18.4	1.8588492
238	rnapol	1.4	0.0	0.0
239	__protein1_rbs	6.6	0.0	0.0
239	__protein2_rbs	6.0	0.0	0.0
239	__protein3_rbs	10.2	0.0	0.0
239	__ribosome	27.0	0.0	0.0
239	__rnase_site_ext	17.8	0.0	0.0
239	p0	1.0	0.0	0.0
239	p2	0.8	0.0	0.0
239	protein1	666.0	10.2	1.8433334
239	protein2	669.4	10.6	1.9609889999999999
239	protein3	1156.2	18.4	1.8966108
239	rnapol	1.4	0.0	0.0
240	__protein1_rbs	7.8	0.0	0.0
240	__protein2_rbs	7.2	0.0	0.0
240	__protein3_rbs	10.0	0.0	0.0
240	__ribosome	29.4	0.0	0.0
240	__rnase_site_ext	18.0	0.0	0.0
240	p0	1.0	0.0	0.0
240	p2	0.8	0.0	0.0
240	protein1	670.0	10.0	1.7172078000000002
240	protein2	673.6	10.6	1.8687422
240	protein3	1163.6	18.0	1.9485854
240	rnapol	1.4	0.0	0.0
241	__protein1_rbs	6.8	0.0	0.0
241	__protein2_rbs	6.2	0.0	0.0
241	__protein3_rbs	11.0	0.0	0.0
241	__ribosome	25.8	0.0	0.0
241	__rnase_site_ext	18.2	0.0	0.0
241	p0	1.0	0.0	0.0
241	p2	0.8	0.0	0.0
241	protein1	672.8	10.0	1.7797401999999998
241	protein2	676.6	10.8	1.9869962
241	protein3	1169.2	18.2	1.9987938000000003
241	rnapol	1.6	0.0	0.0
242	__protein1_rbs	5.6	0.0	0.0
242	__protein2_rbs	7.8	0.0	0.0
242	__protein3_rbs	10.0	0.0	0.0
242	__ribosome	28.0	0.0	0.0
242	__rnase_site_ext	18.0	0.0	0.0
242	p0	1.0	0.0	0.0
242	p2	0.8	0.0	0.0
242	protein1	677.0	10.0	1.7584414000000002
242	protein2	681.4	10.8	1.8200856
242	protein3	1176.4	18.2	1.9670238
242	rnapol	1.6	0.0	0.0
243	__protein1_rbs	4.8	0.0	0.0
243	__protein2_rbs	7.4	0.0	0.0
243	__protein3_rbs	13.2	0.0	0.0
243	__ribosome	27.6	0.0	0.0
243	__rnase_site_ext	18.0	0.0	0.0
243	p0	1.0	0.0	0.0
243	p2	0.8	0.0	0.0
243	protein1	680.6	9.8	1.8766232
243	protein2	685.2	10.8	1.7983518
243	protein3	1182.4	18.6	1.9281606
243	rnapol	1.4	0.0	0.0
244	__protein1_rbs	5.6	0.0	0.0
244	__protein2_rbs	7.0	0.0	0.0
244	__protein3_rbs	12.4	0.0	0.0
244	__ribosome	29.4	0.0	0.0
244	__rnase_site_ext	17.8	0.0	0.0
244	p0	1.0	0.0	0.0
244	p2	0.6	0.0	0.0
244	protein1	684.2	9.6	1.9156594
244	protein2	690.2	11.0	1.6619412
244	protein3	1189.6	18.6	1.8652054
244	rnapol	1.4	0.0	0.0
245	__protein1_rbs	5.6	0.0	0.0
245	__protein2_rbs	7.0	0.0	0.0
245	__protein3_rbs	11.8	0.0	0.0
245	__ribosome	29.0	0.0	0.0
245	__rnase_site_ext	18.0	0.0	0.0
245	p0	0.6	0.0	0.0
245	p2	1.0	0.0	0.0
245	protein1	686.6	9.2	2.1083334
245	protein2	693.4	11.0	1.7706960000000005
245	protein3	1198.0	18.8	1.7627777999999998
245	rnapol	1.0	0.0	0.0
246	__protein1_rbs	5.2	0.0	0.0
246	__protein2_rbs	6.2	0.0	0.0
246	__protein3_rbs	12.0	0.0	0.0
246	__ribosome	26.6	0.0	0.0
246	__rnase_site_ext	18.2	0.0	0.0
246	p0	1.0	0.0	0.0
246	p2	0.8	0.0	0.0
246	protein1	689.8	9.6	2.1083334
246	protein2	698.2	11.0	1.8315934000000005
246	protein3	1204.0	19.0	1.8145098
246	rnapol	1.2	0.0	0.0
247	__protein1_rbs	6.0	0.0	0.0
247	__protein2_rbs	6.4	0.0	0.0
247	__protein3_rbs	11.4	0.0	0.0
247	__ribosome	27.8	0.0	0.0
247	__rnase_site_ext	18.4	0.0	0.0
247	p0	0.8	0.0	0.0
247	p2	0.6	0.0	0.0
247	protein1	693.6	9.8	1.9898484
247	protein2	700.4	11.0	1.935989
247	protein3	1213.0	19.2	1.6887485999999998
247	rnapol	0.6	0.0	0.0
248	__protein1_rbs	6.2	0.0	0.0
248	__protein2_rbs	5.8	0.0	0.0
248	__protein3_rbs	12.2	0.0	0.0
248	__ribosome	27.8	0.0	0.0
248	__rnase_site_ext	18.6	0.0	0.0
248	p0	1.0	0.0	0.0
248	p2	1.0	0.0	0.0
248	protein1	698.0	10.0	1.8427349999999998
248	protein2	704.8	11.0	1.9203296
248	protein3	1217.4	19.0	1.7893566000000003
248	rnapol	0.6	0.0	0.0
249	__protein1_rbs	6.6	0.0	0.0
249	__protein2_rbs	7.0	0.0	0.0
249	__protein3_rbs	11.6	0.0	0.0
249	__ribosome	27.4	0.0	0.0
249	__rnase_site_ext	18.8	0.0	0.0
249	p0	1.0	0.0	0.0
249	p2	0.6	0.0	0.0
249	protein1	701.4	9.8	1.9121796000000002
249	protein2	708.6	11.0	1.9228022
249	protein3	1224.4	19.2	1.7639064000000002
249	rnapol	0.4	0.0	0.0
250	__protein1_rbs	5.6	0.0	0.0
250	__protein2_rbs	7.0	0.0	0.0
250	__protein3_rbs	12.4	0.0	0.0
250	__ribosome	26.4	0.0	0.0
250	__rnase_site_ext	18.8	0.0	0.0
250	p0	1.0	0.0	0.0
250	p2	0.8	0.0	0.0
250	protein1	705.2	9.8	1.9555556
250	protein2	712.4	10.8	1.9405678
250	protein3	1230.6	19.6	1.7433218000000001
250	rnapol	0.8	0.0	0.0
