time	species	protein	transcript	ribo_density
0	__protein1_rbs	0.0	0.0	0.0
0	__protein2_rbs	0.0	0.0	0.0
0	__protein3_rbs	0.0	0.0	0.0
0	__ribosome	100.0	0.0	0.0
0	__rnase_site_ext	0.0	0.0	0.0
0	p0	1.0	0.0	0.0
0	p2	1.0	0.0	0.0
0	r1	0.0	0.0	0.0
0	rnapol	4.0	0.0	0.0
1	__protein1_rbs	0.0	0.0	0.0
1	__protein2_rbs	0.0	0.0	0.0
1	__protein3_rbs	0.0	0.0	0.0
1	__ribosome	80.0	0.0	0.0
1	__rnase_site_ext	0.4	0.0	0.0
1	p0	0.6	0.0	0.0
1	p2	0.2	0.0	0.0
1	r1	0.0	0.0	0.0
1	rnapol	2.4	0.0	0.0
2	__protein1_rbs	0.0	0.0	0.0
2	__protein2_rbs	0.0	0.0	0.0
2	__protein3_rbs	0.0	0.0	0.0
2	__ribosome	120.0	0.0	0.0
2	__rnase_site_ext	1.2	0.0	0.0
2	p0	0.8	0.0	0.0
2	p2	0.6	0.0	0.0
2	r1	0.0	0.0	0.0
2	rnapol	3.2	0.0	0.0
3	__protein1_rbs	0.0	0.0	0.0
3	__protein2_rbs	0.0	0.0	0.0
3	__protein3_rbs	0.2	0.0	0.0
3	__ribosome	99.8	0.0	0.0
3	__rnase_site_ext	1.8	0.0	0.0
3	p0	0.8	0.0	0.0
3	p2	0.8	0.0	0.0
3	protein1	0.0	0.2	0.2
3	protein3	0.0	0.2	0.0
3	r1	0.0	0.0	0.0
3	rnapol	2.2	0.0	0.0
4	__protein1_rbs	0.0	0.0	0.0
4	__protein2_rbs	0.0	0.0	0.0
4	__protein3_rbs	0.2	0.0	0.0
4	__ribosome	99.0	0.0	0.0
4	__rnase_site_ext	2.4	0.0	0.0
4	p0	0.6	0.0	0.0
4	p2	1.0	0.0	0.0
4	protein1	0.0	0.4	0.6
4	protein3	0.0	0.6	0.4
4	r1	0.0	0.0	0.0
4	rnapol	1.6	0.0	0.0
5	__protein1_rbs	0.4	0.0	0.0
5	__protein2_rbs	0.0	0.0	0.0
5	__protein3_rbs	0.2	0.0	0.0
5	__ribosome	98.0	0.0	0.0
5	__rnase_site_ext	3.0	0.0	0.0
5	p0	0.8	0.0	0.0
5	p2	0.6	0.0	0.0
5	protein1	0.0	0.8	0.6
5	protein3	0.0	1.0	1.2
5	r1	0.0	0.0	0.0
5	rnapol	1.0	0.0	0.0
6	__protein1_rbs	0.4	0.0	0.0
6	__protein2_rbs	0.0	0.0	0.0
6	__protein3_rbs	0.6	0.0	0.0
6	__ribosome	96.6	0.0	0.0
6	__rnase_site_ext	3.2	0.0	0.0
6	p0	1.0	0.0	0.0
6	p2	0.8	0.0	0.0
6	protein1	0.0	1.0	1.2
6	protein3	0.0	1.4	1.5
6	r1	0.0	0.0	0.0
6	rnapol	0.8	0.0	0.0
7	__protein1_rbs	0.6	0.0	0.0
7	__protein2_rbs	0.0	0.0	0.0
7	__protein3_rbs	0.6	0.0	0.0
7	__ribosome	95.2	0.0	0.0
7	__rnase_site_ext	3.2	0.0	0.0
7	p0	1.0	0.0	0.0
7	p2	0.8	0.0	0.0
7	protein1	0.0	1.2	1.3
7	protein3	0.0	1.4	2.1
7	r1	0.0	0.0	0.0
7	rnapol	0.6	0.0	0.0
8	__protein1_rbs	0.0	0.0	0.0
8	__protein2_rbs	0.0	0.0	0.0
8	__protein3_rbs	0.8	0.0	0.0
8	__ribosome	93.4	0.0	0.0
8	__rnase_site_ext	3.4	0.0	0.0
8	p0	1.0	0.0	0.0
8	p2	0.8	0.0	0.0
8	protein1	0.4	1.2	1.8
8	protein3	0.0	2.0	2.1333333999999997
8	r1	0.0	0.0	0.0
8	rnapol	0.8	0.0	0.0
9	__protein1_rbs	0.4	0.0	0.0
9	__protein2_rbs	0.0	0.0	0.0
9	__protein3_rbs	0.6	0.0	0.0
9	__ribosome	91.2	0.0	0.0
9	__rnase_site_ext	4.0	0.0	0.0
9	p0	0.8	0.0	0.0
9	p2	0.6	0.0	0.0
9	protein1	0.4	1.2	2.3
9	protein3	0.2	2.2	2.6666666
9	r1	0.0	0.0	0.0
9	rnapol	0.6	0.0	0.0
10	__protein1_rbs	0.4	0.0	0.0
10	__protein2_rbs	0.0	0.0	0.0
10	__protein3_rbs	0.8	0.0	0.0
10	__ribosome	90.8	0.0	0.0
10	__rnase_site_ext	4.4	0.0	0.0
10	p0	1.0	0.0	0.0
10	p2	0.6	0.0	0.0
10	protein1	0.8	1.2	2.3
10	protein3	1.0	2.2	2.7666668000000003
10	r1	0.2	0.0	0.0
10	rnapol	1.0	0.0	0.0
11	__protein1_rbs	0.6	0.0	0.0
11	__protein2_rbs	0.0	0.0	0.0
11	__protein3_rbs	0.8	0.0	0.0
11	__ribosome	89.4	0.0	0.0
11	__rnase_site_ext	4.8	0.0	0.0
11	p0	0.8	0.0	0.0
11	p2	0.8	0.0	0.0
11	protein1	1.6	1.4	2.3
11	protein3	1.8	2.6	2.6666666
11	r1	0.2	0.0	0.0
11	rnapol	1.0	0.0	0.0
12	__protein1_rbs	0.4	0.0	0.0
12	__protein2_rbs	0.2	0.0	0.0
12	__protein3_rbs	1.4	0.0	0.0
12	__ribosome	88.4	0.0	0.0
12	__rnase_site_ext	4.8	0.0	0.0
12	p0	1.0	0.0	0.0
12	p2	0.6	0.0	0.0
12	protein1	2.0	1.4	2.9
12	protein2	0.0	0.2	0.0
12	protein3	2.8	3.0	2.45
12	r1	0.4	0.0	0.0
12	rnapol	1.0	0.0	0.0
13	__protein1_rbs	0.4	0.0	0.0
13	__protein2_rbs	0.0	0.0	0.0
13	__protein3_rbs	0.8	0.0	0.0
13	__ribosome	88.2	0.0	0.0
13	__rnase_site_ext	5.2	0.0	0.0
13	p0	1.0	0.0	0.0
13	p2	1.0	0.0	0.0
13	protein1	3.0	1.6	2.4
13	protein2	0.0	0.2	0.2
13	protein3	4.2	3.0	2.5166668000000003
13	r1	0.4	0.0	0.0
13	rnapol	1.4	0.0	0.0
14	__protein1_rbs	0.4	0.0	0.0
14	__protein2_rbs	0.0	0.0	0.0
14	__protein3_rbs	1.4	0.0	0.0
14	__ribosome	86.2	0.0	0.0
14	__rnase_site_ext	5.6	0.0	0.0
14	p0	0.6	0.0	0.0
14	p2	1.0	0.0	0.0
14	protein1	3.6	1.6	2.7
14	protein2	0.0	0.4	0.3
14	protein3	5.4	3.2	2.7333334
14	r1	0.4	0.0	0.0
14	rnapol	1.0	0.0	0.0
15	__protein1_rbs	0.6	0.0	0.0
15	__protein2_rbs	0.2	0.0	0.0
15	__protein3_rbs	1.2	0.0	0.0
15	__ribosome	84.8	0.0	0.0
15	__rnase_site_ext	6.0	0.0	0.0
15	p0	1.0	0.0	0.0
15	p2	0.8	0.0	0.0
15	protein1	4.2	1.6	3.0
15	protein2	0.0	0.4	0.4
15	protein3	6.8	3.6	2.71
15	r1	0.4	0.0	0.0
15	rnapol	1.0	0.0	0.0
16	__protein1_rbs	1.4	0.0	0.0
16	__protein2_rbs	0.2	0.0	0.0
16	__protein3_rbs	1.8	0.0	0.0
16	__ribosome	84.6	0.0	0.0
16	__rnase_site_ext	6.6	0.0	0.0
16	p0	1.0	0.0	0.0
16	p2	0.8	0.0	0.0
16	protein1	5.4	2.0	2.0333334
16	protein2	0.0	0.4	0.6
16	protein3	8.2	3.8	2.8166666
16	r1	0.6	0.0	0.0
16	rnapol	0.8	0.0	0.0
17	__protein1_rbs	0.4	0.0	0.0
17	__protein2_rbs	0.2	0.0	0.0
17	__protein3_rbs	1.0	0.0	0.0
17	__ribosome	81.2	0.0	0.0
17	__rnase_site_ext	6.8	0.0	0.0
17	p0	0.8	0.0	0.0
17	p2	0.8	0.0	0.0
17	protein1	5.4	2.2	2.6666668
17	protein2	0.0	0.4	0.7
17	protein3	9.8	4.0	2.9333334
17	r1	0.6	0.0	0.0
17	rnapol	0.8	0.0	0.0
18	__protein1_rbs	0.6	0.0	0.0
18	__protein2_rbs	0.2	0.0	0.0
18	__protein3_rbs	2.0	0.0	0.0
18	__ribosome	81.0	0.0	0.0
18	__rnase_site_ext	7.0	0.0	0.0
18	p0	0.8	0.0	0.0
18	p2	0.6	0.0	0.0
18	protein1	6.8	2.4	2.6833334
18	protein2	0.2	0.6	0.8
18	protein3	12.4	4.2	2.69
18	r1	0.8	0.0	0.0
18	rnapol	0.8	0.0	0.0
19	__protein1_rbs	1.4	0.0	0.0
19	__protein2_rbs	0.2	0.0	0.0
19	__protein3_rbs	1.4	0.0	0.0
19	__ribosome	80.2	0.0	0.0
19	__rnase_site_ext	7.2	0.0	0.0
19	p0	1.0	0.0	0.0
19	p2	0.4	0.0	0.0
19	protein1	8.0	2.6	2.2666668000000003
19	protein2	0.6	0.6	0.9
19	protein3	14.4	4.4	2.8266666000000003
19	r1	0.8	0.0	0.0
19	rnapol	0.4	0.0	0.0
20	__protein1_rbs	1.2	0.0	0.0
20	__protein2_rbs	0.4	0.0	0.0
20	__protein3_rbs	2.4	0.0	0.0
20	__ribosome	78.8	0.0	0.0
20	__rnase_site_ext	7.6	0.0	0.0
20	p0	1.0	0.0	0.0
20	p2	1.0	0.0	0.0
20	protein1	8.4	2.6	2.6166668
20	protein2	1.0	0.8	1.0
20	protein3	16.0	4.6	2.8466666000000003
20	r1	0.8	0.0	0.0
20	rnapol	0.6	0.0	0.0
21	__protein1_rbs	1.2	0.0	0.0
21	__protein2_rbs	0.2	0.0	0.0
21	__protein3_rbs	1.8	0.0	0.0
21	__ribosome	78.2	0.0	0.0
21	__rnase_site_ext	7.2	0.0	0.0
21	p0	1.0	0.0	0.0
21	p2	1.0	0.0	0.0
21	protein1	10.0	2.4	2.6666668
21	protein2	1.4	0.8	1.3
21	protein3	18.0	4.8	2.79
21	r1	1.0	0.0	0.0
21	rnapol	0.8	0.0	0.0
22	__protein1_rbs	0.4	0.0	0.0
22	__protein2_rbs	0.4	0.0	0.0
22	__protein3_rbs	2.2	0.0	0.0
22	__ribosome	77.2	0.0	0.0
22	__rnase_site_ext	7.4	0.0	0.0
22	p0	1.0	0.0	0.0
22	p2	0.8	0.0	0.0
22	protein1	11.0	2.4	3.0333334
22	protein2	1.6	0.8	1.4
22	protein3	21.0	5.2	2.5342857999999997
22	r1	1.2	0.0	0.0
22	rnapol	1.0	0.0	0.0
23	__protein1_rbs	1.6	0.0	0.0
23	__protein2_rbs	0.4	0.0	0.0
23	__protein3_rbs	2.0	0.0	0.0
23	__ribosome	75.6	0.0	0.0
23	__rnase_site_ext	7.8	0.0	0.0
23	p0	0.8	0.0	0.0
23	p2	0.6	0.0	0.0
23	protein1	12.0	2.4	2.9333334
23	protein2	1.6	1.2	1.7
23	protein3	23.0	5.4	2.6714286
23	r1	1.2	0.0	0.0
23	rnapol	1.0	0.0	0.0
24	__protein1_rbs	0.8	0.0	0.0
24	__protein2_rbs	0.4	0.0	0.0
24	__protein3_rbs	1.8	0.0	0.0
24	__ribosome	74.8	0.0	0.0
24	__rnase_site_ext	7.8	0.0	0.0
24	p0	0.8	0.0	0.0
24	p2	0.8	0.0	0.0
24	protein1	13.6	2.6	2.8333334
24	protein2	2.0	1.2	1.8
24	protein3	26.4	5.4	2.7828572
24	r1	1.4	0.0	0.0
24	rnapol	0.6	0.0	0.0
25	__protein1_rbs	0.8	0.0	0.0
25	__protein2_rbs	0.4	0.0	0.0
25	__protein3_rbs	1.8	0.0	0.0
25	__ribosome	72.4	0.0	0.0
25	__rnase_site_ext	8.2	0.0	0.0
25	p0	0.8	0.0	0.0
25	p2	0.8	0.0	0.0
25	protein1	14.6	2.4	3.4666666
25	protein2	2.6	1.2	1.9
25	protein3	28.4	5.4	3.1266666
25	r1	1.6	0.0	0.0
25	rnapol	0.6	0.0	0.0
26	__protein1_rbs	2.0	0.0	0.0
26	__protein2_rbs	0.4	0.0	0.0
26	__protein3_rbs	1.8	0.0	0.0
26	__ribosome	72.4	0.0	0.0
26	__rnase_site_ext	8.0	0.0	0.0
26	p0	0.8	0.0	0.0
26	p2	1.0	0.0	0.0
26	protein1	16.6	2.8	2.5833334
26	protein2	3.0	1.4	2.1
26	protein3	31.4	5.8	3.1123808000000004
26	r1	1.6	0.0	0.0
26	rnapol	0.8	0.0	0.0
27	__protein1_rbs	0.8	0.0	0.0
27	__protein2_rbs	0.4	0.0	0.0
27	__protein3_rbs	1.4	0.0	0.0
27	__ribosome	69.4	0.0	0.0
27	__rnase_site_ext	8.2	0.0	0.0
27	p0	1.0	0.0	0.0
27	p2	0.6	0.0	0.0
27	protein1	17.8	2.8	2.9166666
27	protein2	3.4	1.6	2.6
27	protein3	33.6	6.0	3.2930952000000007
27	r1	1.6	0.0	0.0
27	rnapol	1.2	0.0	0.0
28	__protein1_rbs	1.4	0.0	0.0
28	__protein2_rbs	0.6	0.0	0.0
28	__protein3_rbs	3.0	0.0	0.0
28	__ribosome	70.0	0.0	0.0
28	__rnase_site_ext	8.2	0.0	0.0
28	p0	1.0	0.0	0.0
28	p2	0.6	0.0	0.0
28	protein1	19.6	3.0	2.5
28	protein2	4.0	1.6	2.8
28	protein3	37.2	6.2	3.0178572
28	r1	1.6	0.0	0.0
28	rnapol	1.2	0.0	0.0
29	__protein1_rbs	1.4	0.0	0.0
29	__protein2_rbs	0.8	0.0	0.0
29	__protein3_rbs	2.0	0.0	0.0
29	__ribosome	69.6	0.0	0.0
29	__rnase_site_ext	8.2	0.0	0.0
29	p0	0.8	0.0	0.0
29	p2	1.0	0.0	0.0
29	protein1	21.2	3.0	2.45
29	protein2	4.8	1.6	2.6
29	protein3	40.8	6.2	3.0264286
29	r1	1.6	0.0	0.0
29	rnapol	1.2	0.0	0.0
30	__protein1_rbs	1.4	0.0	0.0
30	__protein2_rbs	0.6	0.0	0.0
30	__protein3_rbs	2.2	0.0	0.0
30	__ribosome	68.4	0.0	0.0
30	__rnase_site_ext	8.4	0.0	0.0
30	p0	1.0	0.0	0.0
30	p2	0.6	0.0	0.0
30	protein1	22.6	3.2	2.5
30	protein2	5.2	1.6	3.1
30	protein3	44.8	6.6	2.7495238
30	r1	1.8	0.0	0.0
30	rnapol	0.8	0.0	0.0
31	__protein1_rbs	1.8	0.0	0.0
31	__protein2_rbs	0.4	0.0	0.0
31	__protein3_rbs	2.6	0.0	0.0
31	__ribosome	66.6	0.0	0.0
31	__rnase_site_ext	8.6	0.0	0.0
31	p0	1.0	0.0	0.0
31	p2	0.8	0.0	0.0
31	protein1	23.2	3.2	2.7000002000000003
31	protein2	6.4	1.6	3.2
31	protein3	47.6	6.4	3.0414286
31	r1	2.0	0.0	0.0
31	rnapol	1.0	0.0	0.0
32	__protein1_rbs	0.4	0.0	0.0
32	__protein2_rbs	0.8	0.0	0.0
32	__protein3_rbs	2.8	0.0	0.0
32	__ribosome	67.0	0.0	0.0
32	__rnase_site_ext	9.0	0.0	0.0
32	p0	0.6	0.0	0.0
32	p2	0.6	0.0	0.0
32	protein1	25.4	3.2	2.85
32	protein2	7.4	1.8	3.0
32	protein3	51.8	6.6	2.8371428
32	r1	2.2	0.0	0.0
32	rnapol	0.8	0.0	0.0
33	__protein1_rbs	1.8	0.0	0.0
33	__protein2_rbs	1.0	0.0	0.0
33	__protein3_rbs	3.4	0.0	0.0
33	__ribosome	66.0	0.0	0.0
33	__rnase_site_ext	9.4	0.0	0.0
33	p0	1.0	0.0	0.0
33	p2	0.8	0.0	0.0
33	protein1	26.4	3.4	2.8000002000000004
33	protein2	8.0	2.0	2.7
33	protein3	54.8	6.8	2.8333332
33	r1	2.0	0.0	0.0
33	rnapol	0.8	0.0	0.0
34	__protein1_rbs	1.4	0.0	0.0
34	__protein2_rbs	0.8	0.0	0.0
34	__protein3_rbs	2.8	0.0	0.0
34	__ribosome	64.0	0.0	0.0
34	__rnase_site_ext	9.0	0.0	0.0
34	p0	1.0	0.0	0.0
34	p2	0.8	0.0	0.0
34	protein1	28.4	3.6	2.7666668000000003
34	protein2	9.2	2.2	2.6333333999999997
34	protein3	58.0	7.2	2.8686510000000003
34	r1	2.2	0.0	0.0
34	rnapol	0.8	0.0	0.0
35	__protein1_rbs	0.8	0.0	0.0
35	__protein2_rbs	0.8	0.0	0.0
35	__protein3_rbs	3.2	0.0	0.0
35	__ribosome	64.0	0.0	0.0
35	__rnase_site_ext	9.2	0.0	0.0
35	p0	0.8	0.0	0.0
35	p2	1.0	0.0	0.0
35	protein1	30.4	3.4	3.0000002
35	protein2	10.4	2.2	2.7666666
35	protein3	62.6	7.2	2.7603176
35	r1	2.2	0.0	0.0
35	rnapol	1.0	0.0	0.0
36	__protein1_rbs	1.6	0.0	0.0
36	__protein2_rbs	1.0	0.0	0.0
36	__protein3_rbs	2.8	0.0	0.0
36	__ribosome	62.6	0.0	0.0
36	__rnase_site_ext	9.2	0.0	0.0
36	p0	0.8	0.0	0.0
36	p2	0.8	0.0	0.0
36	protein1	32.0	3.4	2.9833334
36	protein2	11.2	2.2	2.8
36	protein3	66.4	7.4	2.8392858
36	r1	2.2	0.0	0.0
36	rnapol	0.8	0.0	0.0
37	__protein1_rbs	1.8	0.0	0.0
37	__protein2_rbs	0.6	0.0	0.0
37	__protein3_rbs	3.0	0.0	0.0
37	__ribosome	63.2	0.0	0.0
37	__rnase_site_ext	9.6	0.0	0.0
37	p0	1.0	0.0	0.0
37	p2	0.4	0.0	0.0
37	protein1	34.2	3.4	2.65
37	protein2	12.2	2.2	3.0
37	protein3	70.4	7.6	2.8307933999999997
37	r1	2.2	0.0	0.0
37	rnapol	0.8	0.0	0.0
38	__protein1_rbs	1.4	0.0	0.0
38	__protein2_rbs	1.4	0.0	0.0
38	__protein3_rbs	3.0	0.0	0.0
38	__ribosome	61.6	0.0	0.0
38	__rnase_site_ext	9.8	0.0	0.0
38	p0	1.0	0.0	0.0
38	p2	0.4	0.0	0.0
38	protein1	35.4	3.6	2.79
38	protein2	13.2	2.2	2.9333334
38	protein3	73.4	7.4	3.0269844
38	r1	2.4	0.0	0.0
38	rnapol	1.0	0.0	0.0
39	__protein1_rbs	1.4	0.0	0.0
39	__protein2_rbs	0.8	0.0	0.0
39	__protein3_rbs	2.6	0.0	0.0
39	__ribosome	63.2	0.0	0.0
39	__rnase_site_ext	10.0	0.0	0.0
39	p0	1.0	0.0	0.0
39	p2	0.8	0.0	0.0
39	protein1	38.0	3.6	2.56
39	protein2	15.0	2.2	2.7666666
39	protein3	78.4	7.6	2.911746
39	r1	2.4	0.0	0.0
39	rnapol	1.2	0.0	0.0
40	__protein1_rbs	0.6	0.0	0.0
40	__protein2_rbs	1.0	0.0	0.0
40	__protein3_rbs	3.2	0.0	0.0
40	__ribosome	60.8	0.0	0.0
40	__rnase_site_ext	10.2	0.0	0.0
40	p0	1.0	0.0	0.0
40	p2	0.6	0.0	0.0
40	protein1	39.8	3.6	2.8133334000000003
40	protein2	16.2	2.4	2.7
40	protein3	81.2	7.8	2.988254
40	r1	2.6	0.0	0.0
40	rnapol	0.8	0.0	0.0
41	__protein1_rbs	2.0	0.0	0.0
41	__protein2_rbs	1.2	0.0	0.0
41	__protein3_rbs	4.0	0.0	0.0
41	__ribosome	61.4	0.0	0.0
41	__rnase_site_ext	10.0	0.0	0.0
41	p0	1.0	0.0	0.0
41	p2	0.6	0.0	0.0
41	protein1	41.2	3.8	2.6766666
41	protein2	17.4	2.4	2.75
41	protein3	86.6	8.6	2.5955990000000004
41	r1	2.6	0.0	0.0
41	rnapol	0.6	0.0	0.0
42	__protein1_rbs	1.4	0.0	0.0
42	__protein2_rbs	1.0	0.0	0.0
42	__protein3_rbs	3.8	0.0	0.0
42	__ribosome	59.8	0.0	0.0
42	__rnase_site_ext	10.4	0.0	0.0
42	p0	0.8	0.0	0.0
42	p2	1.0	0.0	0.0
42	protein1	42.6	3.8	2.9166668
42	protein2	18.4	2.6	2.7
42	protein3	91.0	8.6	2.6237014000000003
42	r1	2.6	0.0	0.0
42	rnapol	0.8	0.0	0.0
43	__protein1_rbs	1.0	0.0	0.0
43	__protein2_rbs	0.6	0.0	0.0
43	__protein3_rbs	3.4	0.0	0.0
43	__ribosome	58.4	0.0	0.0
43	__rnase_site_ext	10.6	0.0	0.0
43	p0	0.8	0.0	0.0
43	p2	0.8	0.0	0.0
43	protein1	45.0	3.6	3.1333332
43	protein2	19.8	2.6	2.7333334
43	protein3	95.2	8.8	2.65
43	r1	2.8	0.0	0.0
43	rnapol	0.6	0.0	0.0
44	__protein1_rbs	1.8	0.0	0.0
44	__protein2_rbs	1.2	0.0	0.0
44	__protein3_rbs	4.0	0.0	0.0
44	__ribosome	57.2	0.0	0.0
44	__rnase_site_ext	10.8	0.0	0.0
44	p0	1.0	0.0	0.0
44	p2	0.8	0.0	0.0
44	protein1	46.8	3.8	2.98
44	protein2	20.6	2.8	2.8
44	protein3	99.6	9.2	2.5738888
44	r1	2.8	0.0	0.0
44	rnapol	1.0	0.0	0.0
45	__protein1_rbs	1.6	0.0	0.0
45	__protein2_rbs	1.4	0.0	0.0
45	__protein3_rbs	4.8	0.0	0.0
45	__ribosome	58.4	0.0	0.0
45	__rnase_site_ext	11.0	0.0	0.0
45	p0	0.8	0.0	0.0
45	p2	0.6	0.0	0.0
45	protein1	49.0	4.0	2.7499998
45	protein2	22.6	2.8	2.3833332
45	protein3	104.4	9.2	2.6024748
45	r1	2.8	0.0	0.0
45	rnapol	0.6	0.0	0.0
46	__protein1_rbs	1.6	0.0	0.0
46	__protein2_rbs	1.0	0.0	0.0
46	__protein3_rbs	3.4	0.0	0.0
46	__ribosome	56.6	0.0	0.0
46	__rnase_site_ext	11.0	0.0	0.0
46	p0	1.0	0.0	0.0
46	p2	1.0	0.0	0.0
46	protein1	51.0	4.0	2.8
46	protein2	23.2	2.8	2.8
46	protein3	109.4	9.2	2.6252022
46	r1	3.0	0.0	0.0
46	rnapol	0.8	0.0	0.0
47	__protein1_rbs	2.0	0.0	0.0
47	__protein2_rbs	1.6	0.0	0.0
47	__protein3_rbs	4.8	0.0	0.0
47	__ribosome	56.0	0.0	0.0
47	__rnase_site_ext	11.0	0.0	0.0
47	p0	1.0	0.0	0.0
47	p2	0.8	0.0	0.0
47	protein1	52.6	4.2	2.86
47	protein2	25.0	2.8	2.5
47	protein3	113.4	9.4	2.6311617999999997
47	r1	3.0	0.0	0.0
47	rnapol	1.2	0.0	0.0
48	__protein1_rbs	2.0	0.0	0.0
48	__protein2_rbs	2.0	0.0	0.0
48	__protein3_rbs	4.6	0.0	0.0
48	__ribosome	57.6	0.0	0.0
48	__rnase_site_ext	11.2	0.0	0.0
48	p0	0.6	0.0	0.0
48	p2	0.6	0.0	0.0
48	protein1	55.4	4.2	2.8033334
48	protein2	26.4	3.0	2.2
48	protein3	118.8	9.6	2.5782826
48	r1	3.0	0.0	0.0
48	rnapol	1.2	0.0	0.0
49	__protein1_rbs	1.4	0.0	0.0
49	__protein2_rbs	1.6	0.0	0.0
49	__protein3_rbs	2.4	0.0	0.0
49	__ribosome	55.4	0.0	0.0
49	__rnase_site_ext	11.4	0.0	0.0
49	p0	0.8	0.0	0.0
49	p2	0.6	0.0	0.0
49	protein1	58.0	4.2	2.7033334
49	protein2	27.6	3.0	2.3166666
49	protein3	122.6	9.4	2.8338386000000004
49	r1	2.8	0.0	0.0
49	rnapol	1.0	0.0	0.0
50	__protein1_rbs	2.4	0.0	0.0
50	__protein2_rbs	1.2	0.0	0.0
50	__protein3_rbs	4.2	0.0	0.0
50	__ribosome	55.4	0.0	0.0
50	__rnase_site_ext	11.8	0.0	0.0
50	p0	0.8	0.0	0.0
50	p2	1.0	0.0	0.0
50	protein1	59.8	4.4	2.5866666
50	protein2	29.0	3.0	2.4166666
50	protein3	127.8	9.4	2.8073232000000004
50	r1	3.0	0.0	0.0
50	rnapol	0.8	0.0	0.0
51	__protein1_rbs	1.6	0.0	0.0
51	__protein2_rbs	1.2	0.0	0.0
51	__protein3_rbs	3.8	0.0	0.0
51	__ribosome	55.4	0.0	0.0
51	__rnase_site_ext	12.0	0.0	0.0
51	p0	1.0	0.0	0.0
51	p2	1.0	0.0	0.0
51	protein1	62.4	4.6	2.4666666
51	protein2	30.6	2.8	2.55
51	protein3	133.0	9.6	2.6967172
51	r1	3.0	0.0	0.0
51	rnapol	1.4	0.0	0.0
52	__protein1_rbs	2.0	0.0	0.0
52	__protein2_rbs	1.8	0.0	0.0
52	__protein3_rbs	4.0	0.0	0.0
52	__ribosome	55.2	0.0	0.0
52	__rnase_site_ext	12.2	0.0	0.0
52	p0	1.0	0.0	0.0
52	p2	0.8	0.0	0.0
52	protein1	64.6	4.8	2.4933334
52	protein2	31.6	3.0	2.3666666000000003
52	protein3	138.4	10.0	2.599091
52	r1	3.0	0.0	0.0
52	rnapol	1.6	0.0	0.0
53	__protein1_rbs	2.6	0.0	0.0
53	__protein2_rbs	1.4	0.0	0.0
53	__protein3_rbs	4.2	0.0	0.0
53	__ribosome	53.4	0.0	0.0
53	__rnase_site_ext	12.0	0.0	0.0
53	p0	0.8	0.0	0.0
53	p2	0.6	0.0	0.0
53	protein1	66.0	4.8	2.6166666000000003
53	protein2	33.4	3.2	2.2
53	protein3	142.6	10.0	2.7336364
53	r1	3.0	0.0	0.0
53	rnapol	1.2	0.0	0.0
54	__protein1_rbs	2.6	0.0	0.0
54	__protein2_rbs	1.2	0.0	0.0
54	__protein3_rbs	3.8	0.0	0.0
54	__ribosome	52.6	0.0	0.0
54	__rnase_site_ext	12.2	0.0	0.0
54	p0	1.0	0.0	0.0
54	p2	0.4	0.0	0.0
54	protein1	69.0	4.8	2.41
54	protein2	34.2	3.0	2.72
54	protein3	148.0	10.0	2.7936363999999996
54	r1	3.0	0.0	0.0
54	rnapol	1.0	0.0	0.0
55	__protein1_rbs	1.2	0.0	0.0
55	__protein2_rbs	1.6	0.0	0.0
55	__protein3_rbs	5.0	0.0	0.0
55	__ribosome	51.0	0.0	0.0
55	__rnase_site_ext	12.8	0.0	0.0
55	p0	1.0	0.0	0.0
55	p2	0.8	0.0	0.0
55	protein1	70.6	4.8	2.78
55	protein2	36.2	3.0	2.38
55	protein3	152.6	10.2	2.8177272
55	r1	3.2	0.0	0.0
55	rnapol	0.8	0.0	0.0
56	__protein1_rbs	2.4	0.0	0.0
56	__protein2_rbs	2.0	0.0	0.0
56	__protein3_rbs	4.8	0.0	0.0
56	__ribosome	52.4	0.0	0.0
56	__rnase_site_ext	13.2	0.0	0.0
56	p0	1.0	0.0	0.0
56	p2	0.4	0.0	0.0
56	protein1	73.4	5.0	2.58
56	protein2	37.4	3.0	2.29
56	protein3	158.0	10.0	2.8211688
56	r1	3.0	0.0	0.0
56	rnapol	0.8	0.0	0.0
57	__protein1_rbs	2.4	0.0	0.0
57	__protein2_rbs	2.2	0.0	0.0
57	__protein3_rbs	5.4	0.0	0.0
57	__ribosome	53.8	0.0	0.0
57	__rnase_site_ext	13.4	0.0	0.0
57	p0	1.0	0.0	0.0
57	p2	0.2	0.0	0.0
57	protein1	76.4	5.0	2.4833334
57	protein2	38.2	3.2	2.2666666
57	protein3	163.8	10.6	2.5392424
57	r1	3.0	0.0	0.0
57	rnapol	1.0	0.0	0.0
58	__protein1_rbs	2.4	0.0	0.0
58	__protein2_rbs	1.6	0.0	0.0
58	__protein3_rbs	5.4	0.0	0.0
58	__ribosome	55.8	0.0	0.0
58	__rnase_site_ext	13.2	0.0	0.0
58	p0	1.0	0.0	0.0
58	p2	0.8	0.0	0.0
58	protein1	78.8	5.0	2.4866666
58	protein2	40.2	3.0	2.08
58	protein3	170.4	11.2	2.2676768000000003
58	r1	3.0	0.0	0.0
58	rnapol	1.0	0.0	0.0
59	__protein1_rbs	2.2	0.0	0.0
59	__protein2_rbs	1.0	0.0	0.0
59	__protein3_rbs	5.2	0.0	0.0
59	__ribosome	53.0	0.0	0.0
59	__rnase_site_ext	13.4	0.0	0.0
59	p0	1.0	0.0	0.0
59	p2	0.8	0.0	0.0
59	protein1	80.8	5.0	2.7233334000000005
59	protein2	42.2	3.0	2.04
59	protein3	175.0	11.6	2.3261628
59	r1	3.0	0.0	0.0
59	rnapol	0.6	0.0	0.0
60	__protein1_rbs	3.4	0.0	0.0
60	__protein2_rbs	1.6	0.0	0.0
60	__protein3_rbs	5.0	0.0	0.0
60	__ribosome	53.2	0.0	0.0
60	__rnase_site_ext	13.6	0.0	0.0
60	p0	1.0	0.0	0.0
60	p2	0.8	0.0	0.0
60	protein1	83.6	5.2	2.42
60	protein2	43.0	3.0	2.34
60	protein3	181.0	11.8	2.2957442
60	r1	3.0	0.0	0.0
60	rnapol	0.8	0.0	0.0
61	__protein1_rbs	2.0	0.0	0.0
61	__protein2_rbs	1.8	0.0	0.0
61	__protein3_rbs	6.4	0.0	0.0
61	__ribosome	51.4	0.0	0.0
61	__rnase_site_ext	13.4	0.0	0.0
61	p0	0.8	0.0	0.0
61	p2	0.8	0.0	0.0
61	protein1	85.6	5.2	2.6266666
61	protein2	44.4	3.0	2.28
61	protein3	185.2	11.4	2.502271
61	r1	3.0	0.0	0.0
61	rnapol	0.8	0.0	0.0
62	__protein1_rbs	2.4	0.0	0.0
62	__protein2_rbs	1.6	0.0	0.0
62	__protein3_rbs	5.2	0.0	0.0
62	__ribosome	49.0	0.0	0.0
62	__rnase_site_ext	13.4	0.0	0.0
62	p0	1.0	0.0	0.0
62	p2	0.8	0.0	0.0
62	protein1	88.2	5.2	2.77
62	protein2	45.4	3.0	2.43
62	protein3	190.0	11.6	2.6043706
62	r1	3.0	0.0	0.0
62	rnapol	1.2	0.0	0.0
63	__protein1_rbs	2.4	0.0	0.0
63	__protein2_rbs	2.0	0.0	0.0
63	__protein3_rbs	6.6	0.0	0.0
63	__ribosome	49.4	0.0	0.0
63	__rnase_site_ext	13.6	0.0	0.0
63	p0	0.8	0.0	0.0
63	p2	0.8	0.0	0.0
63	protein1	91.2	5.2	2.6966666
63	protein2	46.6	3.0	2.39
63	protein3	195.2	11.8	2.5811189999999997
63	r1	3.0	0.0	0.0
63	rnapol	0.8	0.0	0.0
64	__protein1_rbs	2.2	0.0	0.0
64	__protein2_rbs	0.8	0.0	0.0
64	__protein3_rbs	5.8	0.0	0.0
64	__ribosome	47.8	0.0	0.0
64	__rnase_site_ext	13.6	0.0	0.0
64	p0	1.0	0.0	0.0
64	p2	0.8	0.0	0.0
64	protein1	93.8	5.6	2.6514286
64	protein2	48.4	3.2	2.55
64	protein3	201.0	12.0	2.5534633999999996
64	r1	3.0	0.0	0.0
64	rnapol	1.2	0.0	0.0
65	__protein1_rbs	2.4	0.0	0.0
65	__protein2_rbs	1.8	0.0	0.0
65	__protein3_rbs	6.8	0.0	0.0
65	__ribosome	47.6	0.0	0.0
65	__rnase_site_ext	14.0	0.0	0.0
65	p0	0.6	0.0	0.0
65	p2	0.8	0.0	0.0
65	protein1	95.8	5.4	2.8733334
65	protein2	49.2	3.0	2.8
65	protein3	207.2	12.0	2.4621934000000003
65	r1	3.2	0.0	0.0
65	rnapol	1.0	0.0	0.0
66	__protein1_rbs	3.6	0.0	0.0
66	__protein2_rbs	1.4	0.0	0.0
66	__protein3_rbs	5.8	0.0	0.0
66	__ribosome	49.2	0.0	0.0
66	__rnase_site_ext	14.2	0.0	0.0
66	p0	0.8	0.0	0.0
66	p2	0.8	0.0	0.0
66	protein1	99.2	5.0	2.6185714
66	protein2	51.0	3.0	2.68
66	protein3	212.6	12.0	2.513431
66	r1	3.2	0.0	0.0
66	rnapol	0.8	0.0	0.0
67	__protein1_rbs	2.8	0.0	0.0
67	__protein2_rbs	1.2	0.0	0.0
67	__protein3_rbs	6.2	0.0	0.0
67	__ribosome	49.6	0.0	0.0
67	__rnase_site_ext	14.6	0.0	0.0
67	p0	1.0	0.0	0.0
67	p2	0.8	0.0	0.0
67	protein1	102.4	5.4	2.335
67	protein2	52.4	3.0	2.7
67	protein3	218.6	12.0	2.5576924
67	r1	3.2	0.0	0.0
67	rnapol	0.8	0.0	0.0
68	__protein1_rbs	2.6	0.0	0.0
68	__protein2_rbs	1.2	0.0	0.0
68	__protein3_rbs	6.0	0.0	0.0
68	__ribosome	47.8	0.0	0.0
68	__rnase_site_ext	14.6	0.0	0.0
68	p0	0.8	0.0	0.0
68	p2	0.6	0.0	0.0
68	protein1	104.0	5.6	2.53
68	protein2	53.6	3.2	2.6733334
68	protein3	224.4	12.0	2.51801
68	r1	3.2	0.0	0.0
68	rnapol	0.6	0.0	0.0
69	__protein1_rbs	2.4	0.0	0.0
69	__protein2_rbs	2.0	0.0	0.0
69	__protein3_rbs	5.0	0.0	0.0
69	__ribosome	49.6	0.0	0.0
69	__rnase_site_ext	14.6	0.0	0.0
69	p0	0.8	0.0	0.0
69	p2	1.0	0.0	0.0
69	protein1	107.4	5.6	2.4766666
69	protein2	55.8	3.2	2.3266668
69	protein3	231.2	12.0	2.4910200000000002
69	r1	3.4	0.0	0.0
69	rnapol	1.0	0.0	0.0
70	__protein1_rbs	2.2	0.0	0.0
70	__protein2_rbs	1.4	0.0	0.0
70	__protein3_rbs	5.8	0.0	0.0
70	__ribosome	47.8	0.0	0.0
70	__rnase_site_ext	14.6	0.0	0.0
70	p0	1.0	0.0	0.0
70	p2	0.8	0.0	0.0
70	protein1	110.0	5.6	2.53
70	protein2	57.0	3.2	2.4166668
70	protein3	236.0	12.2	2.5083585999999998
70	r1	3.6	0.0	0.0
70	rnapol	0.6	0.0	0.0
71	__protein1_rbs	3.2	0.0	0.0
71	__protein2_rbs	1.8	0.0	0.0
71	__protein3_rbs	6.4	0.0	0.0
71	__ribosome	46.8	0.0	0.0
71	__rnase_site_ext	14.8	0.0	0.0
71	p0	1.0	0.0	0.0
71	p2	0.8	0.0	0.0
71	protein1	111.6	5.8	2.7111110000000003
71	protein2	58.6	3.6	2.37
71	protein3	242.0	12.6	2.4346522
71	r1	3.6	0.0	0.0
71	rnapol	0.6	0.0	0.0
72	__protein1_rbs	2.0	0.0	0.0
72	__protein2_rbs	2.4	0.0	0.0
72	__protein3_rbs	5.6	0.0	0.0
72	__ribosome	45.6	0.0	0.0
72	__rnase_site_ext	15.0	0.0	0.0
72	p0	0.8	0.0	0.0
72	p2	0.4	0.0	0.0
72	protein1	114.6	5.8	2.7533334
72	protein2	60.0	3.6	2.1966666
72	protein3	247.2	12.4	2.5381616
72	r1	3.8	0.0	0.0
72	rnapol	0.4	0.0	0.0
73	__protein1_rbs	2.8	0.0	0.0
73	__protein2_rbs	1.8	0.0	0.0
73	__protein3_rbs	6.2	0.0	0.0
73	__ribosome	45.0	0.0	0.0
73	__rnase_site_ext	15.2	0.0	0.0
73	p0	1.0	0.0	0.0
73	p2	0.6	0.0	0.0
73	protein1	117.2	6.0	2.6222222
73	protein2	61.8	3.6	2.19
73	protein3	253.0	12.4	2.5601397999999995
73	r1	4.0	0.0	0.0
73	rnapol	0.4	0.0	0.0
74	__protein1_rbs	2.0	0.0	0.0
74	__protein2_rbs	2.6	0.0	0.0
74	__protein3_rbs	5.8	0.0	0.0
74	__ribosome	45.6	0.0	0.0
74	__rnase_site_ext	15.2	0.0	0.0
74	p0	1.0	0.0	0.0
74	p2	0.8	0.0	0.0
74	protein1	120.4	6.0	2.7444444
74	protein2	63.2	3.8	2.1333332
74	protein3	260.0	12.4	2.4795537999999997
74	r1	4.0	0.0	0.0
74	rnapol	0.6	0.0	0.0
75	__protein1_rbs	4.2	0.0	0.0
75	__protein2_rbs	2.0	0.0	0.0
75	__protein3_rbs	7.0	0.0	0.0
75	__ribosome	46.8	0.0	0.0
75	__rnase_site_ext	15.0	0.0	0.0
75	p0	1.0	0.0	0.0
75	p2	0.8	0.0	0.0
75	protein1	123.0	6.0	2.5111112
75	protein2	65.2	4.0	1.9833333999999998
75	protein3	265.4	12.8	2.3767232000000003
75	r1	4.0	0.0	0.0
75	rnapol	0.8	0.0	0.0
76	__protein1_rbs	3.2	0.0	0.0
76	__protein2_rbs	2.2	0.0	0.0
76	__protein3_rbs	7.4	0.0	0.0
76	__ribosome	47.4	0.0	0.0
76	__rnase_site_ext	15.0	0.0	0.0
76	p0	1.0	0.0	0.0
76	p2	0.6	0.0	0.0
76	protein1	125.6	5.8	2.6022224
76	protein2	66.4	4.0	2.1333333999999997
76	protein3	271.8	12.6	2.3238259999999995
76	r1	4.0	0.0	0.0
76	rnapol	1.0	0.0	0.0
77	__protein1_rbs	3.0	0.0	0.0
77	__protein2_rbs	1.8	0.0	0.0
77	__protein3_rbs	6.6	0.0	0.0
77	__ribosome	47.0	0.0	0.0
77	__rnase_site_ext	15.2	0.0	0.0
77	p0	0.8	0.0	0.0
77	p2	0.6	0.0	0.0
77	protein1	129.4	6.0	2.3333332
77	protein2	67.6	4.0	2.3666666000000003
77	protein3	278.0	12.8	2.3262737999999996
77	r1	4.2	0.0	0.0
77	rnapol	0.4	0.0	0.0
78	__protein1_rbs	2.8	0.0	0.0
78	__protein2_rbs	1.2	0.0	0.0
78	__protein3_rbs	6.4	0.0	0.0
78	__ribosome	44.8	0.0	0.0
78	__rnase_site_ext	15.8	0.0	0.0
78	p0	1.0	0.0	0.0
78	p2	0.8	0.0	0.0
78	protein1	132.2	6.2	2.3222222
78	protein2	69.0	4.0	2.65
78	protein3	283.6	12.8	2.3987014
78	r1	4.2	0.0	0.0
78	rnapol	0.4	0.0	0.0
79	__protein1_rbs	3.2	0.0	0.0
79	__protein2_rbs	2.2	0.0	0.0
79	__protein3_rbs	6.6	0.0	0.0
79	__ribosome	46.4	0.0	0.0
79	__rnase_site_ext	16.0	0.0	0.0
79	p0	0.8	0.0	0.0
79	p2	0.6	0.0	0.0
79	protein1	136.0	6.2	2.1611112
79	protein2	71.0	4.2	2.5357142
79	protein3	290.0	13.0	2.2996004
79	r1	4.4	0.0	0.0
79	rnapol	0.6	0.0	0.0
80	__protein1_rbs	3.2	0.0	0.0
80	__protein2_rbs	1.6	0.0	0.0
80	__protein3_rbs	7.2	0.0	0.0
80	__ribosome	44.8	0.0	0.0
80	__rnase_site_ext	15.8	0.0	0.0
80	p0	1.0	0.0	0.0
80	p2	0.8	0.0	0.0
80	protein1	138.0	6.4	2.245238
80	protein2	73.2	4.2	2.6238096000000004
80	protein3	295.6	13.6	2.2280952000000003
80	r1	4.2	0.0	0.0
80	rnapol	1.0	0.0	0.0
81	__protein1_rbs	3.8	0.0	0.0
81	__protein2_rbs	2.4	0.0	0.0
81	__protein3_rbs	6.2	0.0	0.0
81	__ribosome	44.2	0.0	0.0
81	__rnase_site_ext	15.8	0.0	0.0
81	p0	1.0	0.0	0.0
81	p2	1.0	0.0	0.0
81	protein1	140.6	6.4	2.2674602000000004
81	protein2	74.8	4.4	2.5095238
81	protein3	301.8	13.6	2.245055
81	r1	4.2	0.0	0.0
81	rnapol	1.2	0.0	0.0
82	__protein1_rbs	4.2	0.0	0.0
82	__protein2_rbs	2.2	0.0	0.0
82	__protein3_rbs	6.8	0.0	0.0
82	__ribosome	45.4	0.0	0.0
82	__rnase_site_ext	16.0	0.0	0.0
82	p0	0.8	0.0	0.0
82	p2	1.0	0.0	0.0
82	protein1	143.4	6.4	2.2166666
82	protein2	76.6	4.2	2.6952382000000004
82	protein3	308.4	13.8	2.1549452
82	r1	4.2	0.0	0.0
82	rnapol	1.2	0.0	0.0
83	__protein1_rbs	3.2	0.0	0.0
83	__protein2_rbs	1.6	0.0	0.0
83	__protein3_rbs	6.8	0.0	0.0
83	__ribosome	43.6	0.0	0.0
83	__rnase_site_ext	16.2	0.0	0.0
83	p0	1.0	0.0	0.0
83	p2	0.4	0.0	0.0
83	protein1	146.2	6.6	2.2082537999999996
83	protein2	79.2	4.2	2.6190474
83	protein3	314.0	13.8	2.2505494
83	r1	4.0	0.0	0.0
83	rnapol	0.8	0.0	0.0
84	__protein1_rbs	3.4	0.0	0.0
84	__protein2_rbs	1.8	0.0	0.0
84	__protein3_rbs	6.6	0.0	0.0
84	__ribosome	42.0	0.0	0.0
84	__rnase_site_ext	16.0	0.0	0.0
84	p0	0.6	0.0	0.0
84	p2	0.6	0.0	0.0
84	protein1	148.6	6.4	2.383492
84	protein2	81.4	4.2	2.5571428000000003
84	protein3	319.4	13.6	2.365934
84	r1	4.2	0.0	0.0
84	rnapol	0.8	0.0	0.0
85	__protein1_rbs	3.2	0.0	0.0
85	__protein2_rbs	2.6	0.0	0.0
85	__protein3_rbs	6.0	0.0	0.0
85	__ribosome	41.2	0.0	0.0
85	__rnase_site_ext	16.2	0.0	0.0
85	p0	0.8	0.0	0.0
85	p2	0.8	0.0	0.0
85	protein1	151.8	6.2	2.4880952
85	protein2	83.8	4.4	2.3204759999999998
85	protein3	324.8	14.0	2.4018314
85	r1	4.2	0.0	0.0
85	rnapol	1.2	0.0	0.0
86	__protein1_rbs	2.8	0.0	0.0
86	__protein2_rbs	2.4	0.0	0.0
86	__protein3_rbs	7.2	0.0	0.0
86	__ribosome	41.6	0.0	0.0
86	__rnase_site_ext	16.4	0.0	0.0
86	p0	1.0	0.0	0.0
86	p2	0.8	0.0	0.0
86	protein1	155.0	6.6	2.2914284
86	protein2	85.4	4.4	2.4247620000000003
86	protein3	332.0	14.0	2.3571426
86	r1	4.4	0.0	0.0
86	rnapol	1.2	0.0	0.0
87	__protein1_rbs	4.2	0.0	0.0
87	__protein2_rbs	2.2	0.0	0.0
87	__protein3_rbs	7.6	0.0	0.0
87	__ribosome	41.0	0.0	0.0
87	__rnase_site_ext	16.6	0.0	0.0
87	p0	0.8	0.0	0.0
87	p2	0.6	0.0	0.0
87	protein1	157.0	6.8	2.3625396
87	protein2	87.6	4.2	2.3419048
87	protein3	337.8	14.2	2.32
87	r1	4.4	0.0	0.0
87	rnapol	1.0	0.0	0.0
88	__protein1_rbs	3.8	0.0	0.0
88	__protein2_rbs	1.8	0.0	0.0
88	__protein3_rbs	5.8	0.0	0.0
88	__ribosome	39.2	0.0	0.0
88	__rnase_site_ext	17.2	0.0	0.0
88	p0	1.0	0.0	0.0
88	p2	0.8	0.0	0.0
88	protein1	160.2	6.8	2.3006349999999998
88	protein2	89.4	4.4	2.435238
88	protein3	344.2	14.2	2.4476194
88	r1	4.4	0.0	0.0
88	rnapol	1.0	0.0	0.0
89	__protein1_rbs	3.4	0.0	0.0
89	__protein2_rbs	2.0	0.0	0.0
89	__protein3_rbs	7.0	0.0	0.0
89	__ribosome	40.0	0.0	0.0
89	__rnase_site_ext	17.2	0.0	0.0
89	p0	1.0	0.0	0.0
89	p2	0.8	0.0	0.0
89	protein1	163.4	7.0	2.2238093999999995
89	protein2	92.0	4.4	2.2571428
89	protein3	351.6	14.4	2.3790478
89	r1	4.4	0.0	0.0
89	rnapol	1.0	0.0	0.0
90	__protein1_rbs	4.4	0.0	0.0
90	__protein2_rbs	2.4	0.0	0.0
90	__protein3_rbs	8.6	0.0	0.0
90	__ribosome	41.4	0.0	0.0
90	__rnase_site_ext	17.2	0.0	0.0
90	p0	1.0	0.0	0.0
90	p2	0.6	0.0	0.0
90	protein1	166.8	7.0	2.1238097999999996
90	protein2	93.6	4.4	2.384762
90	protein3	358.0	14.8	2.2600002
90	r1	4.4	0.0	0.0
90	rnapol	1.0	0.0	0.0
91	__protein1_rbs	3.8	0.0	0.0
91	__protein2_rbs	1.8	0.0	0.0
91	__protein3_rbs	8.2	0.0	0.0
91	__ribosome	41.0	0.0	0.0
91	__rnase_site_ext	17.6	0.0	0.0
91	p0	1.0	0.0	0.0
91	p2	0.6	0.0	0.0
91	protein1	170.2	7.0	2.0857142
91	protein2	95.4	4.6	2.4552382
91	protein3	364.8	15.0	2.2055954
91	r1	4.4	0.0	0.0
91	rnapol	1.4	0.0	0.0
92	__protein1_rbs	3.8	0.0	0.0
92	__protein2_rbs	2.8	0.0	0.0
92	__protein3_rbs	7.8	0.0	0.0
92	__ribosome	40.8	0.0	0.0
92	__rnase_site_ext	17.2	0.0	0.0
92	p0	1.0	0.0	0.0
92	p2	0.8	0.0	0.0
92	protein1	172.6	7.0	2.2
92	protein2	98.0	4.4	2.3380952
92	protein3	370.8	14.8	2.2684526000000003
92	r1	4.6	0.0	0.0
92	rnapol	1.4	0.0	0.0
93	__protein1_rbs	4.0	0.0	0.0
93	__protein2_rbs	2.4	0.0	0.0
93	__protein3_rbs	7.8	0.0	0.0
93	__ribosome	39.6	0.0	0.0
93	__rnase_site_ext	17.6	0.0	0.0
93	p0	0.8	0.0	0.0
93	p2	0.6	0.0	0.0
93	protein1	175.4	7.0	2.2409522
93	protein2	99.6	4.6	2.3319048
93	protein3	377.8	15.4	2.2216876
93	r1	4.6	0.0	0.0
93	rnapol	1.2	0.0	0.0
94	__protein1_rbs	3.8	0.0	0.0
94	__protein2_rbs	2.8	0.0	0.0
94	__protein3_rbs	8.6	0.0	0.0
94	__ribosome	41.2	0.0	0.0
94	__rnase_site_ext	18.0	0.0	0.0
94	p0	1.0	0.0	0.0
94	p2	0.8	0.0	0.0
94	protein1	178.8	7.0	2.2457142000000005
94	protein2	101.8	4.6	2.28
94	protein3	385.2	15.4	2.1456514
94	r1	4.6	0.0	0.0
94	rnapol	1.2	0.0	0.0
95	__protein1_rbs	3.8	0.0	0.0
95	__protein2_rbs	2.2	0.0	0.0
95	__protein3_rbs	9.0	0.0	0.0
95	__ribosome	40.6	0.0	0.0
95	__rnase_site_ext	17.8	0.0	0.0
95	p0	1.0	0.0	0.0
95	p2	0.6	0.0	0.0
95	protein1	181.8	7.2	2.1554762000000003
95	protein2	104.2	4.6	2.3733334
95	protein3	390.8	15.2	2.211859
95	r1	4.6	0.0	0.0
95	rnapol	1.4	0.0	0.0
96	__protein1_rbs	4.8	0.0	0.0
96	__protein2_rbs	2.6	0.0	0.0
96	__protein3_rbs	7.6	0.0	0.0
96	__ribosome	39.4	0.0	0.0
96	__rnase_site_ext	17.6	0.0	0.0
96	p0	1.0	0.0	0.0
96	p2	0.8	0.0	0.0
96	protein1	184.8	7.2	2.0871428
96	protein2	106.4	4.6	2.334762
96	protein3	397.0	15.6	2.2680428
96	r1	4.6	0.0	0.0
96	rnapol	1.4	0.0	0.0
97	__protein1_rbs	4.4	0.0	0.0
97	__protein2_rbs	2.4	0.0	0.0
97	__protein3_rbs	8.6	0.0	0.0
97	__ribosome	40.6	0.0	0.0
97	__rnase_site_ext	18.2	0.0	0.0
97	p0	0.8	0.0	0.0
97	p2	1.0	0.0	0.0
97	protein1	188.0	6.8	2.1142857999999998
97	protein2	108.2	4.6	2.4014286
97	protein3	404.0	15.6	2.2174774000000004
97	r1	4.6	0.0	0.0
97	rnapol	1.4	0.0	0.0
98	__protein1_rbs	3.6	0.0	0.0
98	__protein2_rbs	2.6	0.0	0.0
98	__protein3_rbs	7.6	0.0	0.0
98	__ribosome	39.0	0.0	0.0
98	__rnase_site_ext	18.4	0.0	0.0
98	p0	1.0	0.0	0.0
98	p2	0.6	0.0	0.0
98	protein1	191.6	7.0	2.0438096000000003
98	protein2	110.2	4.6	2.3333334
98	protein3	410.0	15.8	2.3231900000000003
98	r1	4.6	0.0	0.0
98	rnapol	1.4	0.0	0.0
99	__protein1_rbs	4.4	0.0	0.0
99	__protein2_rbs	1.6	0.0	0.0
99	__protein3_rbs	8.6	0.0	0.0
99	__ribosome	38.8	0.0	0.0
99	__rnase_site_ext	18.6	0.0	0.0
99	p0	1.0	0.0	0.0
99	p2	0.6	0.0	0.0
99	protein1	194.0	7.0	2.0238093999999998
99	protein2	112.0	4.6	2.5438094
99	protein3	417.8	16.0	2.2236112
99	r1	4.6	0.0	0.0
99	rnapol	1.0	0.0	0.0
100	__protein1_rbs	3.6	0.0	0.0
100	__protein2_rbs	2.6	0.0	0.0
100	__protein3_rbs	10.8	0.0	0.0
100	__ribosome	40.4	0.0	0.0
100	__rnase_site_ext	19.0	0.0	0.0
100	p0	0.8	0.0	0.0
100	p2	1.0	0.0	0.0
100	protein1	196.6	7.0	2.1514286
100	protein2	114.6	4.6	2.3466666000000003
100	protein3	423.8	16.2	2.1275
100	r1	4.6	0.0	0.0
100	rnapol	1.0	0.0	0.0
101	__protein1_rbs	4.0	0.0	0.0
101	__protein2_rbs	2.2	0.0	0.0
101	__protein3_rbs	9.6	0.0	0.0
101	__ribosome	40.4	0.0	0.0
101	__rnase_site_ext	18.8	0.0	0.0
101	p0	0.8	0.0	0.0
101	p2	1.0	0.0	0.0
101	protein1	199.6	7.0	2.2085714
101	protein2	116.6	4.6	2.3357142000000004
101	protein3	431.6	16.6	2.037807
101	r1	4.8	0.0	0.0
101	rnapol	1.2	0.0	0.0
102	__protein1_rbs	4.4	0.0	0.0
102	__protein2_rbs	2.6	0.0	0.0
102	__protein3_rbs	8.0	0.0	0.0
102	__ribosome	37.8	0.0	0.0
102	__rnase_site_ext	19.4	0.0	0.0
102	p0	0.6	0.0	0.0
102	p2	0.8	0.0	0.0
102	protein1	202.4	7.4	2.0588094000000003
102	protein2	118.4	4.8	2.3357142000000004
102	protein3	438.2	16.8	2.1428794
102	r1	4.8	0.0	0.0
102	rnapol	0.8	0.0	0.0
103	__protein1_rbs	4.4	0.0	0.0
103	__protein2_rbs	2.2	0.0	0.0
103	__protein3_rbs	8.8	0.0	0.0
103	__ribosome	37.8	0.0	0.0
103	__rnase_site_ext	19.4	0.0	0.0
103	p0	1.0	0.0	0.0
103	p2	0.8	0.0	0.0
103	protein1	205.2	7.6	2.032381
103	protein2	120.4	4.8	2.5533334000000005
103	protein3	446.2	16.6	2.1239217999999997
103	r1	4.8	0.0	0.0
103	rnapol	0.8	0.0	0.0
104	__protein1_rbs	4.8	0.0	0.0
104	__protein2_rbs	2.6	0.0	0.0
104	__protein3_rbs	9.4	0.0	0.0
104	__ribosome	37.6	0.0	0.0
104	__rnase_site_ext	19.4	0.0	0.0
104	p0	1.0	0.0	0.0
104	p2	1.0	0.0	0.0
104	protein1	208.2	8.0	1.9548342
104	protein2	122.2	4.8	2.6428572
104	protein3	452.6	16.2	2.1730904
104	r1	5.0	0.0	0.0
104	rnapol	1.0	0.0	0.0
105	__protein1_rbs	4.2	0.0	0.0
105	__protein2_rbs	2.0	0.0	0.0
105	__protein3_rbs	7.6	0.0	0.0
105	__ribosome	35.4	0.0	0.0
105	__rnase_site_ext	19.2	0.0	0.0
105	p0	1.0	0.0	0.0
105	p2	0.8	0.0	0.0
105	protein1	212.0	8.0	1.9738816000000003
105	protein2	124.8	4.8	2.594762
105	protein3	459.0	16.2	2.2971754
105	r1	4.8	0.0	0.0
105	rnapol	1.0	0.0	0.0
106	__protein1_rbs	4.8	0.0	0.0
106	__protein2_rbs	3.6	0.0	0.0
106	__protein3_rbs	10.0	0.0	0.0
106	__ribosome	37.2	0.0	0.0
106	__rnase_site_ext	19.0	0.0	0.0
106	p0	1.0	0.0	0.0
106	p2	0.4	0.0	0.0
106	protein1	214.8	8.0	1.9779221999999999
106	protein2	127.4	5.0	2.2128572
106	protein3	466.0	16.2	2.2513422000000003
106	r1	4.8	0.0	0.0
106	rnapol	0.8	0.0	0.0
107	__protein1_rbs	4.6	0.0	0.0
107	__protein2_rbs	2.6	0.0	0.0
107	__protein3_rbs	9.6	0.0	0.0
107	__ribosome	37.0	0.0	0.0
107	__rnase_site_ext	18.6	0.0	0.0
107	p0	1.0	0.0	0.0
107	p2	0.6	0.0	0.0
107	protein1	217.0	8.0	2.1079366000000004
107	protein2	129.6	4.8	2.3780952
107	protein3	473.8	16.2	2.1833428
107	r1	5.0	0.0	0.0
107	rnapol	1.2	0.0	0.0
108	__protein1_rbs	5.2	0.0	0.0
108	__protein2_rbs	3.0	0.0	0.0
108	__protein3_rbs	8.0	0.0	0.0
108	__ribosome	36.4	0.0	0.0
108	__rnase_site_ext	18.8	0.0	0.0
108	p0	0.6	0.0	0.0
108	p2	1.0	0.0	0.0
108	protein1	221.0	8.0	1.9598848000000002
108	protein2	131.6	4.8	2.2928572
108	protein3	480.2	16.4	2.2943416
108	r1	5.2	0.0	0.0
108	rnapol	1.0	0.0	0.0
109	__protein1_rbs	4.8	0.0	0.0
109	__protein2_rbs	2.2	0.0	0.0
109	__protein3_rbs	10.2	0.0	0.0
109	__ribosome	38.2	0.0	0.0
109	__rnase_site_ext	18.6	0.0	0.0
109	p0	1.0	0.0	0.0
109	p2	1.0	0.0	0.0
109	protein1	224.0	8.2	1.984127
109	protein2	134.2	5.0	2.16
109	protein3	488.2	16.4	2.140376
109	r1	5.4	0.0	0.0
109	rnapol	1.0	0.0	0.0
110	__protein1_rbs	5.2	0.0	0.0
110	__protein2_rbs	2.8	0.0	0.0
110	__protein3_rbs	8.2	0.0	0.0
110	__ribosome	39.6	0.0	0.0
110	__rnase_site_ext	18.6	0.0	0.0
110	p0	0.6	0.0	0.0
110	p2	0.8	0.0	0.0
110	protein1	227.8	8.4	1.825
110	protein2	136.8	5.2	2.104762
110	protein3	496.0	15.8	2.1862256
110	r1	5.2	0.0	0.0
110	rnapol	0.8	0.0	0.0
111	__protein1_rbs	4.6	0.0	0.0
111	__protein2_rbs	3.0	0.0	0.0
111	__protein3_rbs	7.6	0.0	0.0
111	__ribosome	37.4	0.0	0.0
111	__rnase_site_ext	18.4	0.0	0.0
111	p0	1.0	0.0	0.0
111	p2	0.8	0.0	0.0
111	protein1	231.0	8.4	1.8980158
111	protein2	138.8	5.4	2.0633332
111	protein3	502.6	15.4	2.3375
111	r1	5.2	0.0	0.0
111	rnapol	0.8	0.0	0.0
112	__protein1_rbs	4.6	0.0	0.0
112	__protein2_rbs	3.6	0.0	0.0
112	__protein3_rbs	8.0	0.0	0.0
112	__ribosome	36.4	0.0	0.0
112	__rnase_site_ext	18.4	0.0	0.0
112	p0	1.0	0.0	0.0
112	p2	1.0	0.0	0.0
112	protein1	233.4	8.6	1.9552382
112	protein2	140.8	5.4	2.0816668000000003
112	protein3	509.4	15.2	2.385
112	r1	5.2	0.0	0.0
112	rnapol	1.2	0.0	0.0
113	__protein1_rbs	4.4	0.0	0.0
113	__protein2_rbs	2.8	0.0	0.0
113	__protein3_rbs	10.2	0.0	0.0
113	__ribosome	39.6	0.0	0.0
113	__rnase_site_ext	18.4	0.0	0.0
113	p0	0.8	0.0	0.0
113	p2	0.8	0.0	0.0
113	protein1	236.6	8.4	1.9813494
113	protein2	142.4	5.2	2.4333334
113	protein3	517.6	15.0	2.1466666
113	r1	5.2	0.0	0.0
113	rnapol	1.2	0.0	0.0
114	__protein1_rbs	4.0	0.0	0.0
114	__protein2_rbs	2.2	0.0	0.0
114	__protein3_rbs	8.4	0.0	0.0
114	__ribosome	37.8	0.0	0.0
114	__rnase_site_ext	18.0	0.0	0.0
114	p0	1.0	0.0	0.0
114	p2	0.4	0.0	0.0
114	protein1	240.0	8.2	2.1136508
114	protein2	144.6	5.2	2.5333332000000004
114	protein3	523.4	15.0	2.2001192
114	r1	5.2	0.0	0.0
114	rnapol	1.6	0.0	0.0
115	__protein1_rbs	4.2	0.0	0.0
115	__protein2_rbs	2.2	0.0	0.0
115	__protein3_rbs	7.6	0.0	0.0
115	__ribosome	38.4	0.0	0.0
115	__rnase_site_ext	18.4	0.0	0.0
115	p0	1.0	0.0	0.0
115	p2	0.4	0.0	0.0
115	protein1	243.4	8.2	2.2003174000000003
115	protein2	146.8	5.2	2.5633334000000003
115	protein3	531.2	14.8	2.124880800000001
115	r1	5.4	0.0	0.0
115	rnapol	1.4	0.0	0.0
116	__protein1_rbs	6.0	0.0	0.0
116	__protein2_rbs	2.8	0.0	0.0
116	__protein3_rbs	8.4	0.0	0.0
116	__ribosome	41.0	0.0	0.0
116	__rnase_site_ext	18.6	0.0	0.0
116	p0	0.8	0.0	0.0
116	p2	0.6	0.0	0.0
116	protein1	246.4	8.2	2.2528572000000002
116	protein2	149.8	5.2	2.295
116	protein3	538.4	15.0	2.0235293999999997
116	r1	5.6	0.0	0.0
116	rnapol	1.0	0.0	0.0
117	__protein1_rbs	5.6	0.0	0.0
117	__protein2_rbs	3.4	0.0	0.0
117	__protein3_rbs	7.6	0.0	0.0
117	__ribosome	38.6	0.0	0.0
117	__rnase_site_ext	18.6	0.0	0.0
117	p0	1.0	0.0	0.0
117	p2	0.8	0.0	0.0
117	protein1	249.4	8.2	2.1695238
117	protein2	151.6	5.4	2.3211112000000003
117	protein3	544.0	15.4	2.1403922000000004
117	r1	5.6	0.0	0.0
117	rnapol	1.2	0.0	0.0
118	__protein1_rbs	4.4	0.0	0.0
118	__protein2_rbs	3.4	0.0	0.0
118	__protein3_rbs	8.0	0.0	0.0
118	__ribosome	37.2	0.0	0.0
118	__rnase_site_ext	18.8	0.0	0.0
118	p0	0.8	0.0	0.0
118	p2	1.0	0.0	0.0
118	protein1	253.2	8.4	2.0968254
118	protein2	153.4	5.6	2.3244444
118	protein3	550.8	16.0	2.0875
118	r1	5.8	0.0	0.0
118	rnapol	1.2	0.0	0.0
119	__protein1_rbs	5.2	0.0	0.0
119	__protein2_rbs	3.8	0.0	0.0
119	__protein3_rbs	9.6	0.0	0.0
119	__ribosome	38.0	0.0	0.0
119	__rnase_site_ext	19.2	0.0	0.0
119	p0	0.8	0.0	0.0
119	p2	0.8	0.0	0.0
119	protein1	257.0	8.6	1.931111
119	protein2	156.6	5.8	2.0466668
119	protein3	556.8	16.0	2.1261112
119	r1	5.8	0.0	0.0
119	rnapol	0.8	0.0	0.0
120	__protein1_rbs	4.4	0.0	0.0
120	__protein2_rbs	2.8	0.0	0.0
120	__protein3_rbs	9.4	0.0	0.0
120	__ribosome	36.8	0.0	0.0
120	__rnase_site_ext	19.2	0.0	0.0
120	p0	1.0	0.0	0.0
120	p2	0.8	0.0	0.0
120	protein1	260.8	8.8	1.9237085999999999
120	protein2	158.8	5.8	2.14
120	protein3	563.2	16.0	2.146111
120	r1	6.0	0.0	0.0
120	rnapol	0.6	0.0	0.0
121	__protein1_rbs	4.6	0.0	0.0
121	__protein2_rbs	3.8	0.0	0.0
121	__protein3_rbs	8.8	0.0	0.0
121	__ribosome	35.2	0.0	0.0
121	__rnase_site_ext	19.2	0.0	0.0
121	p0	0.8	0.0	0.0
121	p2	0.8	0.0	0.0
121	protein1	263.4	8.6	2.0960316000000003
121	protein2	161.2	5.8	2.1266666
121	protein3	569.0	16.0	2.202353
121	r1	6.0	0.0	0.0
121	rnapol	0.6	0.0	0.0
122	__protein1_rbs	4.6	0.0	0.0
122	__protein2_rbs	2.8	0.0	0.0
122	__protein3_rbs	9.8	0.0	0.0
122	__ribosome	33.2	0.0	0.0
122	__rnase_site_ext	19.0	0.0	0.0
122	p0	0.8	0.0	0.0
122	p2	0.8	0.0	0.0
122	protein1	266.0	8.4	2.3212696
122	protein2	163.4	6.0	2.1485714
122	protein3	575.4	16.0	2.1741175999999998
122	r1	6.0	0.0	0.0
122	rnapol	1.0	0.0	0.0
123	__protein1_rbs	5.6	0.0	0.0
123	__protein2_rbs	3.0	0.0	0.0
123	__protein3_rbs	8.4	0.0	0.0
123	__ribosome	34.4	0.0	0.0
123	__rnase_site_ext	18.8	0.0	0.0
123	p0	0.8	0.0	0.0
123	p2	0.4	0.0	0.0
123	protein1	269.8	8.6	2.1174602000000005
123	protein2	166.4	6.0	2.1209523999999997
123	protein3	583.4	16.2	2.1570588
123	r1	6.0	0.0	0.0
123	rnapol	1.0	0.0	0.0
124	__protein1_rbs	4.8	0.0	0.0
124	__protein2_rbs	2.8	0.0	0.0
124	__protein3_rbs	8.0	0.0	0.0
124	__ribosome	33.8	0.0	0.0
124	__rnase_site_ext	19.2	0.0	0.0
124	p0	1.0	0.0	0.0
124	p2	0.6	0.0	0.0
124	protein1	273.6	8.4	2.250707
124	protein2	168.4	6.0	2.4200000000000004
124	protein3	591.2	16.2	2.1311276
124	r1	6.2	0.0	0.0
124	rnapol	0.8	0.0	0.0
125	__protein1_rbs	5.8	0.0	0.0
125	__protein2_rbs	3.6	0.0	0.0
125	__protein3_rbs	10.8	0.0	0.0
125	__ribosome	36.2	0.0	0.0
125	__rnase_site_ext	19.4	0.0	0.0
125	p0	1.0	0.0	0.0
125	p2	0.8	0.0	0.0
125	protein1	277.0	8.4	2.141212
125	protein2	171.4	6.0	2.2561906
125	protein3	597.0	16.4	2.0500490000000005
125	r1	6.0	0.0	0.0
125	rnapol	0.8	0.0	0.0
126	__protein1_rbs	3.0	0.0	0.0
126	__protein2_rbs	3.0	0.0	0.0
126	__protein3_rbs	8.6	0.0	0.0
126	__ribosome	32.6	0.0	0.0
126	__rnase_site_ext	19.6	0.0	0.0
126	p0	0.8	0.0	0.0
126	p2	0.6	0.0	0.0
126	protein1	281.0	8.4	2.3753534000000003
126	protein2	173.2	6.4	2.2771428
126	protein3	604.2	16.4	2.0704412
126	r1	6.2	0.0	0.0
126	rnapol	0.6	0.0	0.0
127	__protein1_rbs	5.0	0.0	0.0
127	__protein2_rbs	4.4	0.0	0.0
127	__protein3_rbs	10.0	0.0	0.0
127	__ribosome	34.0	0.0	0.0
127	__rnase_site_ext	20.2	0.0	0.0
127	p0	0.8	0.0	0.0
127	p2	1.0	0.0	0.0
127	protein1	285.4	8.6	2.1256564
127	protein2	175.2	6.2	2.3126982000000003
127	protein3	610.2	16.6	2.0737418
127	r1	6.0	0.0	0.0
127	rnapol	0.2	0.0	0.0
128	__protein1_rbs	4.8	0.0	0.0
128	__protein2_rbs	3.2	0.0	0.0
128	__protein3_rbs	9.2	0.0	0.0
128	__ribosome	34.0	0.0	0.0
128	__rnase_site_ext	20.2	0.0	0.0
128	p0	1.0	0.0	0.0
128	p2	0.8	0.0	0.0
128	protein1	288.8	8.8	2.0541414000000002
128	protein2	178.2	6.2	2.345
128	protein3	617.4	16.8	2.0448194
128	r1	6.2	0.0	0.0
128	rnapol	0.4	0.0	0.0
129	__protein1_rbs	6.2	0.0	0.0
129	__protein2_rbs	3.4	0.0	0.0
129	__protein3_rbs	9.2	0.0	0.0
129	__ribosome	33.4	0.0	0.0
129	__rnase_site_ext	20.2	0.0	0.0
129	p0	0.8	0.0	0.0
129	p2	0.8	0.0	0.0
129	protein1	292.0	8.8	2.0427128
129	protein2	181.6	6.2	2.248889
129	protein3	623.6	17.4	2.0463236
129	r1	6.2	0.0	0.0
129	rnapol	0.2	0.0	0.0
130	__protein1_rbs	5.0	0.0	0.0
130	__protein2_rbs	4.6	0.0	0.0
130	__protein3_rbs	9.0	0.0	0.0
130	__ribosome	32.8	0.0	0.0
130	__rnase_site_ext	20.2	0.0	0.0
130	p0	1.0	0.0	0.0
130	p2	0.4	0.0	0.0
130	protein1	295.0	9.0	2.181039
130	protein2	184.2	6.2	1.9966666000000002
130	protein3	630.8	17.4	2.079281
130	r1	6.4	0.0	0.0
130	rnapol	0.2	0.0	0.0
131	__protein1_rbs	4.8	0.0	0.0
131	__protein2_rbs	3.6	0.0	0.0
131	__protein3_rbs	9.6	0.0	0.0
131	__ribosome	34.6	0.0	0.0
131	__rnase_site_ext	20.0	0.0	0.0
131	p0	1.0	0.0	0.0
131	p2	0.8	0.0	0.0
131	protein1	300.2	9.0	2.0072728
131	protein2	187.4	6.2	1.885
131	protein3	638.4	17.4	2.0794479999999997
131	r1	6.4	0.0	0.0
131	rnapol	0.8	0.0	0.0
132	__protein1_rbs	5.4	0.0	0.0
132	__protein2_rbs	4.4	0.0	0.0
132	__protein3_rbs	9.2	0.0	0.0
132	__ribosome	33.2	0.0	0.0
132	__rnase_site_ext	20.0	0.0	0.0
132	p0	1.0	0.0	0.0
132	p2	0.4	0.0	0.0
132	protein1	303.2	9.0	2.0540259999999995
132	protein2	190.0	6.4	1.7135714
132	protein3	645.2	17.4	2.16935
132	r1	6.6	0.0	0.0
132	rnapol	0.8	0.0	0.0
133	__protein1_rbs	5.2	0.0	0.0
133	__protein2_rbs	3.2	0.0	0.0
133	__protein3_rbs	9.2	0.0	0.0
133	__ribosome	30.4	0.0	0.0
133	__rnase_site_ext	20.0	0.0	0.0
133	p0	0.6	0.0	0.0
133	p2	0.6	0.0	0.0
133	protein1	307.0	9.0	2.0701298
133	protein2	192.0	6.4	1.9032538000000003
133	protein3	651.4	17.8	2.2221146000000003
133	r1	6.6	0.0	0.0
133	rnapol	0.4	0.0	0.0
134	__protein1_rbs	5.6	0.0	0.0
134	__protein2_rbs	4.4	0.0	0.0
134	__protein3_rbs	10.4	0.0	0.0
134	__ribosome	32.2	0.0	0.0
134	__rnase_site_ext	20.4	0.0	0.0
134	p0	1.0	0.0	0.0
134	p2	0.8	0.0	0.0
134	protein1	310.4	9.0	2.0712696
134	protein2	194.6	6.6	1.6752379999999998
134	protein3	659.6	17.8	2.1553922
134	r1	6.6	0.0	0.0
134	rnapol	0.6	0.0	0.0
135	__protein1_rbs	5.2	0.0	0.0
135	__protein2_rbs	3.8	0.0	0.0
135	__protein3_rbs	10.8	0.0	0.0
135	__ribosome	31.2	0.0	0.0
135	__rnase_site_ext	20.6	0.0	0.0
135	p0	0.6	0.0	0.0
135	p2	0.8	0.0	0.0
135	protein1	313.6	9.2	2.0125974
135	protein2	196.0	6.6	1.9889684
135	protein3	667.0	17.8	2.0990712000000005
135	r1	6.4	0.0	0.0
135	rnapol	0.6	0.0	0.0
136	__protein1_rbs	5.8	0.0	0.0
136	__protein2_rbs	4.0	0.0	0.0
136	__protein3_rbs	9.8	0.0	0.0
136	__ribosome	31.4	0.0	0.0
136	__rnase_site_ext	20.4	0.0	0.0
136	p0	1.0	0.0	0.0
136	p2	0.8	0.0	0.0
136	protein1	318.0	9.2	1.864091
136	protein2	198.8	6.8	1.9968254
136	protein3	673.8	18.0	2.1451084
136	r1	6.4	0.0	0.0
136	rnapol	0.4	0.0	0.0
137	__protein1_rbs	6.4	0.0	0.0
137	__protein2_rbs	2.6	0.0	0.0
137	__protein3_rbs	10.2	0.0	0.0
137	__ribosome	31.6	0.0	0.0
137	__rnase_site_ext	20.6	0.0	0.0
137	p0	0.8	0.0	0.0
137	p2	0.8	0.0	0.0
137	protein1	321.2	9.6	1.7785714
137	protein2	201.2	6.6	2.2555554
137	protein3	682.6	18.2	2.0430238000000003
137	r1	6.4	0.0	0.0
137	rnapol	0.2	0.0	0.0
138	__protein1_rbs	5.4	0.0	0.0
138	__protein2_rbs	3.2	0.0	0.0
138	__protein3_rbs	12.0	0.0	0.0
138	__ribosome	30.4	0.0	0.0
138	__rnase_site_ext	20.6	0.0	0.0
138	p0	0.8	0.0	0.0
138	p2	0.8	0.0	0.0
138	protein1	324.2	9.4	1.9666666000000002
138	protein2	203.6	6.6	2.3444446
138	protein3	689.6	17.8	2.0636112
138	r1	6.4	0.0	0.0
138	rnapol	0.2	0.0	0.0
139	__protein1_rbs	6.4	0.0	0.0
139	__protein2_rbs	4.8	0.0	0.0
139	__protein3_rbs	10.2	0.0	0.0
139	__ribosome	33.6	0.0	0.0
139	__rnase_site_ext	20.8	0.0	0.0
139	p0	1.0	0.0	0.0
139	p2	0.8	0.0	0.0
139	protein1	328.0	9.6	1.8580808
139	protein2	207.2	6.4	2.1198414
139	protein3	698.0	17.8	2.0373392
139	r1	6.4	0.0	0.0
139	rnapol	0.6	0.0	0.0
140	__protein1_rbs	5.6	0.0	0.0
140	__protein2_rbs	4.0	0.0	0.0
140	__protein3_rbs	10.0	0.0	0.0
140	__ribosome	30.8	0.0	0.0
140	__rnase_site_ext	20.8	0.0	0.0
140	p0	1.0	0.0	0.0
140	p2	0.8	0.0	0.0
140	protein1	331.6	9.8	1.8762858
140	protein2	209.0	6.4	2.236508
140	protein3	703.4	17.8	2.1253794
140	r1	6.8	0.0	0.0
140	rnapol	1.2	0.0	0.0
141	__protein1_rbs	6.2	0.0	0.0
141	__protein2_rbs	4.6	0.0	0.0
141	__protein3_rbs	10.8	0.0	0.0
141	__ribosome	32.8	0.0	0.0
141	__rnase_site_ext	21.4	0.0	0.0
141	p0	0.8	0.0	0.0
141	p2	0.4	0.0	0.0
141	protein1	335.0	9.8	1.828034
141	protein2	211.8	6.4	2.1079364000000003
141	protein3	711.4	18.0	2.0360354
141	r1	6.8	0.0	0.0
141	rnapol	0.6	0.0	0.0
142	__protein1_rbs	5.8	0.0	0.0
142	__protein2_rbs	4.4	0.0	0.0
142	__protein3_rbs	9.8	0.0	0.0
142	__ribosome	33.6	0.0	0.0
142	__rnase_site_ext	21.4	0.0	0.0
142	p0	0.8	0.0	0.0
142	p2	0.8	0.0	0.0
142	protein1	338.2	10.0	1.9058741999999997
142	protein2	215.6	6.8	1.8528572
142	protein3	720.0	18.0	1.9773624
142	r1	7.2	0.0	0.0
142	rnapol	0.6	0.0	0.0
143	__protein1_rbs	5.6	0.0	0.0
143	__protein2_rbs	4.0	0.0	0.0
143	__protein3_rbs	10.6	0.0	0.0
143	__ribosome	34.0	0.0	0.0
143	__rnase_site_ext	21.4	0.0	0.0
143	p0	1.0	0.0	0.0
143	p2	1.0	0.0	0.0
143	protein1	342.8	10.0	1.8095706000000003
143	protein2	219.0	6.8	1.6957141999999998
143	protein3	726.4	18.2	2.0278362000000003
143	r1	7.2	0.0	0.0
143	rnapol	0.6	0.0	0.0
144	__protein1_rbs	6.8	0.0	0.0
144	__protein2_rbs	3.2	0.0	0.0
144	__protein3_rbs	11.4	0.0	0.0
144	__ribosome	32.8	0.0	0.0
144	__rnase_site_ext	21.4	0.0	0.0
144	p0	1.0	0.0	0.0
144	p2	1.0	0.0	0.0
144	protein1	346.0	10.0	1.8287026
144	protein2	220.0	7.2	1.9195887999999999
144	protein3	734.4	18.6	1.9288368
144	r1	7.4	0.0	0.0
144	rnapol	1.0	0.0	0.0
145	__protein1_rbs	5.8	0.0	0.0
145	__protein2_rbs	4.8	0.0	0.0
145	__protein3_rbs	11.0	0.0	0.0
145	__ribosome	32.0	0.0	0.0
145	__rnase_site_ext	21.4	0.0	0.0
145	p0	1.0	0.0	0.0
145	p2	1.0	0.0	0.0
145	protein1	348.6	10.0	1.9777778
145	protein2	222.6	7.2	1.8457792
145	protein3	741.6	18.4	1.9147523999999998
145	r1	7.6	0.0	0.0
145	rnapol	1.0	0.0	0.0
146	__protein1_rbs	5.8	0.0	0.0
146	__protein2_rbs	5.0	0.0	0.0
146	__protein3_rbs	10.2	0.0	0.0
146	__ribosome	29.6	0.0	0.0
146	__rnase_site_ext	21.6	0.0	0.0
146	p0	0.8	0.0	0.0
146	p2	0.6	0.0	0.0
146	protein1	352.4	10.0	1.9819292
146	protein2	225.4	7.4	1.6957793999999997
146	protein3	747.8	18.4	2.0775912
146	r1	7.6	0.0	0.0
146	rnapol	1.0	0.0	0.0
147	__protein1_rbs	6.6	0.0	0.0
147	__protein2_rbs	3.8	0.0	0.0
147	__protein3_rbs	10.4	0.0	0.0
147	__ribosome	29.8	0.0	0.0
147	__rnase_site_ext	22.0	0.0	0.0
147	p0	0.8	0.0	0.0
147	p2	0.2	0.0	0.0
147	protein1	357.2	10.0	1.830645
147	protein2	227.8	7.4	1.7892858
147	protein3	755.4	18.4	2.0998134
147	r1	7.6	0.0	0.0
147	rnapol	0.6	0.0	0.0
148	__protein1_rbs	6.6	0.0	0.0
148	__protein2_rbs	4.0	0.0	0.0
148	__protein3_rbs	12.4	0.0	0.0
148	__ribosome	29.6	0.0	0.0
148	__rnase_site_ext	22.2	0.0	0.0
148	p0	1.0	0.0	0.0
148	p2	0.4	0.0	0.0
148	protein1	360.4	10.2	1.8771796000000005
148	protein2	230.2	7.6	1.904762
148	protein3	762.8	18.4	2.005789
148	r1	7.4	0.0	0.0
148	rnapol	1.0	0.0	0.0
149	__protein1_rbs	7.2	0.0	0.0
149	__protein2_rbs	4.6	0.0	0.0
149	__protein3_rbs	10.8	0.0	0.0
149	__ribosome	30.2	0.0	0.0
149	__rnase_site_ext	22.6	0.0	0.0
149	p0	1.0	0.0	0.0
149	p2	0.4	0.0	0.0
149	protein1	365.2	10.4	1.6649768000000005
149	protein2	233.2	7.6	1.9666666000000002
149	protein3	769.4	18.8	2.0155392
149	r1	7.6	0.0	0.0
149	rnapol	1.2	0.0	0.0
150	__protein1_rbs	6.2	0.0	0.0
150	__protein2_rbs	4.6	0.0	0.0
150	__protein3_rbs	12.8	0.0	0.0
150	__ribosome	29.8	0.0	0.0
150	__rnase_site_ext	22.0	0.0	0.0
150	p0	1.0	0.0	0.0
150	p2	0.8	0.0	0.0
150	protein1	368.0	10.4	1.7740288
150	protein2	236.0	7.4	2.025
150	protein3	777.4	19.2	1.924943
150	r1	7.6	0.0	0.0
150	rnapol	1.2	0.0	0.0
151	__protein1_rbs	6.2	0.0	0.0
151	__protein2_rbs	4.0	0.0	0.0
151	__protein3_rbs	12.0	0.0	0.0
151	__ribosome	30.4	0.0	0.0
151	__rnase_site_ext	22.4	0.0	0.0
151	p0	1.0	0.0	0.0
151	p2	0.6	0.0	0.0
151	protein1	372.4	10.0	1.7603536000000002
151	protein2	238.2	7.6	2.1464286
151	protein3	785.8	19.6	1.8327968000000001
151	r1	7.4	0.0	0.0
151	rnapol	0.8	0.0	0.0
152	__protein1_rbs	6.4	0.0	0.0
152	__protein2_rbs	5.8	0.0	0.0
152	__protein3_rbs	12.6	0.0	0.0
152	__ribosome	30.8	0.0	0.0
152	__rnase_site_ext	22.4	0.0	0.0
152	p0	0.8	0.0	0.0
152	p2	0.6	0.0	0.0
152	protein1	376.2	10.0	1.718687
152	protein2	241.8	7.6	1.9415586
152	protein3	792.2	20.0	1.8873099999999998
152	r1	7.4	0.0	0.0
152	rnapol	0.6	0.0	0.0
153	__protein1_rbs	6.4	0.0	0.0
153	__protein2_rbs	3.8	0.0	0.0
153	__protein3_rbs	12.8	0.0	0.0
153	__ribosome	30.0	0.0	0.0
153	__rnase_site_ext	23.0	0.0	0.0
153	p0	1.0	0.0	0.0
153	p2	0.6	0.0	0.0
153	protein1	379.0	10.2	1.749495
153	protein2	245.0	7.6	2.063961
153	protein3	800.6	20.0	1.8328653999999998
153	r1	7.4	0.0	0.0
153	rnapol	0.2	0.0	0.0
154	__protein1_rbs	6.4	0.0	0.0
154	__protein2_rbs	5.2	0.0	0.0
154	__protein3_rbs	11.2	0.0	0.0
154	__ribosome	31.0	0.0	0.0
154	__rnase_site_ext	22.8	0.0	0.0
154	p0	0.8	0.0	0.0
154	p2	1.0	0.0	0.0
154	protein1	382.4	10.2	1.8626261999999998
154	protein2	249.0	7.4	2.029329
154	protein3	808.4	20.0	1.8166666
154	r1	7.4	0.0	0.0
154	rnapol	1.0	0.0	0.0
155	__protein1_rbs	7.2	0.0	0.0
155	__protein2_rbs	5.2	0.0	0.0
155	__protein3_rbs	12.0	0.0	0.0
155	__ribosome	29.6	0.0	0.0
155	__rnase_site_ext	22.4	0.0	0.0
155	p0	1.0	0.0	0.0
155	p2	1.0	0.0	0.0
155	protein1	385.6	10.0	1.8623738
155	protein2	251.0	7.4	1.9922078
155	protein3	814.6	20.2	1.8878366000000002
155	r1	7.4	0.0	0.0
155	rnapol	1.2	0.0	0.0
156	__protein1_rbs	6.6	0.0	0.0
156	__protein2_rbs	5.0	0.0	0.0
156	__protein3_rbs	11.0	0.0	0.0
156	__ribosome	30.6	0.0	0.0
156	__rnase_site_ext	22.4	0.0	0.0
156	p0	1.0	0.0	0.0
156	p2	0.8	0.0	0.0
156	protein1	390.4	10.0	1.7327273999999997
156	protein2	253.8	7.4	1.9844156
156	protein3	823.0	20.4	1.9022514
156	r1	7.4	0.0	0.0
156	rnapol	1.4	0.0	0.0
157	__protein1_rbs	6.4	0.0	0.0
157	__protein2_rbs	4.2	0.0	0.0
157	__protein3_rbs	13.0	0.0	0.0
157	__ribosome	28.4	0.0	0.0
157	__rnase_site_ext	22.4	0.0	0.0
157	p0	1.0	0.0	0.0
157	p2	1.0	0.0	0.0
157	protein1	393.2	9.6	1.8093436
157	protein2	257.4	7.4	2.0019482
157	protein3	828.8	20.4	1.99901
157	r1	7.4	0.0	0.0
157	rnapol	1.8	0.0	0.0
158	__protein1_rbs	6.6	0.0	0.0
158	__protein2_rbs	4.4	0.0	0.0
158	__protein3_rbs	10.6	0.0	0.0
158	__ribosome	27.2	0.0	0.0
158	__rnase_site_ext	22.8	0.0	0.0
158	p0	0.6	0.0	0.0
158	p2	0.8	0.0	0.0
158	protein1	396.8	9.6	1.7648989999999998
158	protein2	260.8	7.4	1.8733768
158	protein3	836.4	20.6	2.097076
158	r1	7.6	0.0	0.0
158	rnapol	1.4	0.0	0.0
159	__protein1_rbs	5.2	0.0	0.0
159	__protein2_rbs	5.4	0.0	0.0
159	__protein3_rbs	13.2	0.0	0.0
159	__ribosome	27.6	0.0	0.0
159	__rnase_site_ext	23.2	0.0	0.0
159	p0	1.0	0.0	0.0
159	p2	0.6	0.0	0.0
159	protein1	400.8	9.6	1.7911618000000002
159	protein2	262.8	7.4	1.8067102
159	protein3	844.0	20.6	2.0873376
159	r1	7.6	0.0	0.0
159	rnapol	1.2	0.0	0.0
160	__protein1_rbs	7.4	0.0	0.0
160	__protein2_rbs	5.8	0.0	0.0
160	__protein3_rbs	12.0	0.0	0.0
160	__ribosome	29.4	0.0	0.0
160	__rnase_site_ext	23.6	0.0	0.0
160	p0	0.4	0.0	0.0
160	p2	1.0	0.0	0.0
160	protein1	404.2	10.0	1.619697
160	protein2	265.4	7.4	1.6104978
160	protein3	852.2	20.8	2.0886176
160	r1	7.6	0.0	0.0
160	rnapol	1.0	0.0	0.0
161	__protein1_rbs	6.0	0.0	0.0
161	__protein2_rbs	4.6	0.0	0.0
161	__protein3_rbs	12.8	0.0	0.0
161	__ribosome	30.8	0.0	0.0
161	__rnase_site_ext	24.0	0.0	0.0
161	p0	0.8	0.0	0.0
161	p2	0.8	0.0	0.0
161	protein1	407.6	10.0	1.6318688
161	protein2	268.0	7.6	1.6051948
161	protein3	862.2	21.0	1.9409172
161	r1	7.6	0.0	0.0
161	rnapol	0.8	0.0	0.0
162	__protein1_rbs	6.2	0.0	0.0
162	__protein2_rbs	5.0	0.0	0.0
162	__protein3_rbs	14.6	0.0	0.0
162	__ribosome	31.4	0.0	0.0
162	__rnase_site_ext	24.2	0.0	0.0
162	p0	0.8	0.0	0.0
162	p2	1.0	0.0	0.0
162	protein1	410.4	10.4	1.6837452000000002
162	protein2	271.4	7.6	1.4866882
162	protein3	870.2	21.4	1.8789092
162	r1	7.6	0.0	0.0
162	rnapol	0.6	0.0	0.0
163	__protein1_rbs	6.4	0.0	0.0
163	__protein2_rbs	5.2	0.0	0.0
163	__protein3_rbs	12.2	0.0	0.0
163	__ribosome	30.8	0.0	0.0
163	__rnase_site_ext	24.4	0.0	0.0
163	p0	0.8	0.0	0.0
163	p2	1.0	0.0	0.0
163	protein1	414.2	10.8	1.6605128
163	protein2	273.2	7.6	1.6042207999999998
163	protein3	879.4	21.4	1.8703434
163	r1	7.6	0.0	0.0
163	rnapol	0.6	0.0	0.0
164	__protein1_rbs	7.6	0.0	0.0
164	__protein2_rbs	5.2	0.0	0.0
164	__protein3_rbs	12.0	0.0	0.0
164	__ribosome	28.6	0.0	0.0
164	__rnase_site_ext	24.6	0.0	0.0
164	p0	0.8	0.0	0.0
164	p2	1.0	0.0	0.0
164	protein1	418.2	11.0	1.6155088
164	protein2	275.0	7.8	1.6324025999999996
164	protein3	886.0	21.6	1.931357
164	r1	7.6	0.0	0.0
164	rnapol	0.4	0.0	0.0
165	__protein1_rbs	7.0	0.0	0.0
165	__protein2_rbs	4.4	0.0	0.0
165	__protein3_rbs	14.2	0.0	0.0
165	__ribosome	27.8	0.0	0.0
165	__rnase_site_ext	25.0	0.0	0.0
165	p0	0.8	0.0	0.0
165	p2	0.8	0.0	0.0
165	protein1	420.8	11.0	1.7652682000000002
165	protein2	277.2	7.6	1.7514286000000001
165	protein3	895.0	21.4	1.8557662
165	r1	7.6	0.0	0.0
165	rnapol	0.4	0.0	0.0
166	__protein1_rbs	7.6	0.0	0.0
166	__protein2_rbs	5.4	0.0	0.0
166	__protein3_rbs	13.2	0.0	0.0
166	__ribosome	28.6	0.0	0.0
166	__rnase_site_ext	25.0	0.0	0.0
166	p0	1.0	0.0	0.0
166	p2	0.2	0.0	0.0
166	protein1	425.0	11.4	1.6623932000000001
166	protein2	279.4	7.6	1.7914286
166	protein3	903.6	21.2	1.8558454
166	r1	7.8	0.0	0.0
166	rnapol	0.4	0.0	0.0
167	__protein1_rbs	8.0	0.0	0.0
167	__protein2_rbs	4.4	0.0	0.0
167	__protein3_rbs	14.2	0.0	0.0
167	__ribosome	27.6	0.0	0.0
167	__rnase_site_ext	24.8	0.0	0.0
167	p0	1.0	0.0	0.0
167	p2	0.8	0.0	0.0
167	protein1	428.6	11.6	1.6002566000000005
167	protein2	282.0	7.6	1.8464286
167	protein3	910.6	21.2	1.8711974
167	r1	8.4	0.0	0.0
167	rnapol	0.6	0.0	0.0
168	__protein1_rbs	7.8	0.0	0.0
168	__protein2_rbs	5.6	0.0	0.0
168	__protein3_rbs	15.4	0.0	0.0
168	__ribosome	30.8	0.0	0.0
168	__rnase_site_ext	24.6	0.0	0.0
168	p0	1.0	0.0	0.0
168	p2	0.8	0.0	0.0
168	protein1	432.4	11.4	1.5832168
168	protein2	285.2	7.8	1.7200000000000002
168	protein3	918.2	21.0	1.7966292000000001
168	r1	7.8	0.0	0.0
168	rnapol	0.8	0.0	0.0
169	__protein1_rbs	5.8	0.0	0.0
169	__protein2_rbs	5.4	0.0	0.0
169	__protein3_rbs	12.0	0.0	0.0
169	__ribosome	29.0	0.0	0.0
169	__rnase_site_ext	24.6	0.0	0.0
169	p0	1.0	0.0	0.0
169	p2	1.0	0.0	0.0
169	protein1	435.8	11.0	1.8292308000000002
169	protein2	288.0	8.4	1.5904546
169	protein3	928.4	21.8	1.7167272
169	r1	8.0	0.0	0.0
169	rnapol	0.8	0.0	0.0
170	__protein1_rbs	6.6	0.0	0.0
170	__protein2_rbs	5.8	0.0	0.0
170	__protein3_rbs	12.0	0.0	0.0
170	__ribosome	27.6	0.0	0.0
170	__rnase_site_ext	24.8	0.0	0.0
170	p0	0.6	0.0	0.0
170	p2	1.0	0.0	0.0
170	protein1	440.4	11.0	1.8076924
170	protein2	290.8	8.6	1.5143434
170	protein3	935.6	21.4	1.8623476
170	r1	8.0	0.0	0.0
170	rnapol	0.8	0.0	0.0
171	__protein1_rbs	7.6	0.0	0.0
171	__protein2_rbs	4.0	0.0	0.0
171	__protein3_rbs	13.8	0.0	0.0
171	__ribosome	26.8	0.0	0.0
171	__rnase_site_ext	25.0	0.0	0.0
171	p0	1.0	0.0	0.0
171	p2	1.0	0.0	0.0
171	protein1	443.0	11.0	1.8658118
171	protein2	293.8	8.2	1.7777778000000002
171	protein3	943.4	21.4	1.8068613999999998
171	r1	8.2	0.0	0.0
171	rnapol	0.8	0.0	0.0
172	__protein1_rbs	8.2	0.0	0.0
172	__protein2_rbs	6.0	0.0	0.0
172	__protein3_rbs	12.8	0.0	0.0
172	__ribosome	27.0	0.0	0.0
172	__rnase_site_ext	24.8	0.0	0.0
172	p0	0.8	0.0	0.0
172	p2	0.6	0.0	0.0
172	protein1	447.8	11.4	1.6765036000000002
172	protein2	295.8	8.0	1.85
172	protein3	950.4	21.4	1.8635930000000005
172	r1	8.4	0.0	0.0
172	rnapol	0.6	0.0	0.0
173	__protein1_rbs	7.0	0.0	0.0
173	__protein2_rbs	6.2	0.0	0.0
173	__protein3_rbs	15.0	0.0	0.0
173	__ribosome	25.4	0.0	0.0
173	__rnase_site_ext	24.8	0.0	0.0
173	p0	1.0	0.0	0.0
173	p2	0.6	0.0	0.0
173	protein1	451.8	11.2	1.7907692000000002
173	protein2	298.6	8.2	1.7455556
173	protein3	956.0	21.4	1.9178788
173	r1	8.4	0.0	0.0
173	rnapol	1.0	0.0	0.0
174	__protein1_rbs	6.8	0.0	0.0
174	__protein2_rbs	4.8	0.0	0.0
174	__protein3_rbs	12.2	0.0	0.0
174	__ribosome	26.4	0.0	0.0
174	__rnase_site_ext	24.8	0.0	0.0
174	p0	1.0	0.0	0.0
174	p2	0.4	0.0	0.0
174	protein1	456.0	11.2	1.7211190000000005
174	protein2	301.8	8.2	1.7600002000000001
174	protein3	966.2	21.4	1.8863636000000001
174	r1	8.2	0.0	0.0
174	rnapol	1.4	0.0	0.0
175	__protein1_rbs	7.8	0.0	0.0
175	__protein2_rbs	5.8	0.0	0.0
175	__protein3_rbs	12.8	0.0	0.0
175	__ribosome	28.6	0.0	0.0
175	__rnase_site_ext	25.0	0.0	0.0
175	p0	0.8	0.0	0.0
175	p2	0.6	0.0	0.0
175	protein1	459.6	11.2	1.6990678
175	protein2	303.8	8.4	1.7222221999999998
175	protein3	975.8	21.4	1.7789395999999995
175	r1	8.4	0.0	0.0
175	rnapol	1.2	0.0	0.0
176	__protein1_rbs	6.6	0.0	0.0
176	__protein2_rbs	5.4	0.0	0.0
176	__protein3_rbs	13.6	0.0	0.0
176	__ribosome	26.2	0.0	0.0
176	__rnase_site_ext	25.2	0.0	0.0
176	p0	1.0	0.0	0.0
176	p2	1.0	0.0	0.0
176	protein1	463.4	11.4	1.7685316000000002
176	protein2	307.6	8.2	1.6588889999999998
176	protein3	982.2	21.8	1.8485456000000002
176	r1	8.4	0.0	0.0
176	rnapol	1.2	0.0	0.0
177	__protein1_rbs	7.8	0.0	0.0
177	__protein2_rbs	5.4	0.0	0.0
177	__protein3_rbs	15.2	0.0	0.0
177	__ribosome	27.6	0.0	0.0
177	__rnase_site_ext	25.2	0.0	0.0
177	p0	1.0	0.0	0.0
177	p2	0.8	0.0	0.0
177	protein1	467.0	11.4	1.811725
177	protein2	310.4	8.4	1.5997979999999998
177	protein3	990.6	22.2	1.7480000000000002
177	r1	8.6	0.0	0.0
177	rnapol	1.4	0.0	0.0
178	__protein1_rbs	6.2	0.0	0.0
178	__protein2_rbs	6.0	0.0	0.0
178	__protein3_rbs	14.2	0.0	0.0
178	__ribosome	25.8	0.0	0.0
178	__rnase_site_ext	25.0	0.0	0.0
178	p0	1.0	0.0	0.0
178	p2	0.6	0.0	0.0
178	protein1	471.2	11.4	1.8901398
178	protein2	313.0	8.4	1.5457576000000002
178	protein3	997.8	22.6	1.7654498
178	r1	8.6	0.0	0.0
178	rnapol	1.0	0.0	0.0
179	__protein1_rbs	6.8	0.0	0.0
179	__protein2_rbs	5.0	0.0	0.0
179	__protein3_rbs	14.8	0.0	0.0
179	__ribosome	25.8	0.0	0.0
179	__rnase_site_ext	25.4	0.0	0.0
179	p0	0.8	0.0	0.0
179	p2	0.8	0.0	0.0
179	protein1	475.6	11.0	1.9027272000000002
179	protein2	316.0	8.6	1.5971212
179	protein3	1006.0	22.6	1.7534944
179	r1	8.8	0.0	0.0
179	rnapol	0.6	0.0	0.0
180	__protein1_rbs	7.8	0.0	0.0
180	__protein2_rbs	5.8	0.0	0.0
180	__protein3_rbs	14.6	0.0	0.0
180	__ribosome	27.0	0.0	0.0
180	__rnase_site_ext	25.2	0.0	0.0
180	p0	1.0	0.0	0.0
180	p2	0.6	0.0	0.0
180	protein1	479.2	11.2	1.859091
180	protein2	319.0	8.6	1.5875252
180	protein3	1014.8	23.0	1.686318
180	r1	8.6	0.0	0.0
180	rnapol	0.6	0.0	0.0
181	__protein1_rbs	6.4	0.0	0.0
181	__protein2_rbs	5.2	0.0	0.0
181	__protein3_rbs	14.2	0.0	0.0
181	__ribosome	22.6	0.0	0.0
181	__rnase_site_ext	25.2	0.0	0.0
181	p0	1.0	0.0	0.0
181	p2	0.8	0.0	0.0
181	protein1	484.4	11.4	1.8045456
181	protein2	320.8	8.8	1.8151515999999999
181	protein3	1021.6	22.8	1.8120554
181	r1	8.4	0.0	0.0
181	rnapol	1.0	0.0	0.0
182	__protein1_rbs	7.0	0.0	0.0
182	__protein2_rbs	6.4	0.0	0.0
182	__protein3_rbs	14.6	0.0	0.0
182	__ribosome	25.0	0.0	0.0
182	__rnase_site_ext	25.6	0.0	0.0
182	p0	0.6	0.0	0.0
182	p2	1.0	0.0	0.0
182	protein1	488.6	11.4	1.7818182
182	protein2	324.0	8.8	1.6757578000000002
182	protein3	1030.6	23.0	1.7448013999999998
182	r1	8.6	0.0	0.0
182	rnapol	1.0	0.0	0.0
183	__protein1_rbs	8.6	0.0	0.0
183	__protein2_rbs	5.4	0.0	0.0
183	__protein3_rbs	15.4	0.0	0.0
183	__ribosome	24.4	0.0	0.0
183	__rnase_site_ext	25.6	0.0	0.0
183	p0	0.8	0.0	0.0
183	p2	0.8	0.0	0.0
183	protein1	492.4	11.6	1.7414919999999998
183	protein2	326.6	8.6	1.85
183	protein3	1037.8	22.8	1.7656864000000003
183	r1	8.6	0.0	0.0
183	rnapol	0.6	0.0	0.0
184	__protein1_rbs	7.8	0.0	0.0
184	__protein2_rbs	5.4	0.0	0.0
184	__protein3_rbs	14.0	0.0	0.0
184	__ribosome	24.4	0.0	0.0
184	__rnase_site_ext	25.4	0.0	0.0
184	p0	1.0	0.0	0.0
184	p2	0.8	0.0	0.0
184	protein1	496.2	11.6	1.7454546000000002
184	protein2	330.0	8.6	1.814026
184	protein3	1046.8	23.0	1.7620721999999998
184	r1	8.6	0.0	0.0
184	rnapol	0.8	0.0	0.0
185	__protein1_rbs	6.6	0.0	0.0
185	__protein2_rbs	5.8	0.0	0.0
185	__protein3_rbs	15.4	0.0	0.0
185	__ribosome	25.8	0.0	0.0
185	__rnase_site_ext	25.0	0.0	0.0
185	p0	1.0	0.0	0.0
185	p2	0.8	0.0	0.0
185	protein1	500.8	11.2	1.8199998
185	protein2	333.6	8.6	1.7672728
185	protein3	1054.8	23.2	1.7238392
185	r1	8.4	0.0	0.0
185	rnapol	1.2	0.0	0.0
186	__protein1_rbs	7.8	0.0	0.0
186	__protein2_rbs	6.0	0.0	0.0
186	__protein3_rbs	13.2	0.0	0.0
186	__ribosome	25.2	0.0	0.0
186	__rnase_site_ext	25.0	0.0	0.0
186	p0	0.8	0.0	0.0
186	p2	0.8	0.0	0.0
186	protein1	505.0	11.0	1.7287878000000003
186	protein2	336.2	8.6	1.7555843999999998
186	protein3	1062.0	22.8	1.8284328
186	r1	8.6	0.0	0.0
186	rnapol	1.0	0.0	0.0
187	__protein1_rbs	7.0	0.0	0.0
187	__protein2_rbs	6.0	0.0	0.0
187	__protein3_rbs	14.4	0.0	0.0
187	__ribosome	27.0	0.0	0.0
187	__rnase_site_ext	25.0	0.0	0.0
187	p0	1.0	0.0	0.0
187	p2	0.8	0.0	0.0
187	protein1	510.2	11.2	1.6433331999999998
187	protein2	339.2	8.6	1.6106494000000002
187	protein3	1070.2	23.0	1.8047196
187	r1	8.6	0.0	0.0
187	rnapol	1.0	0.0	0.0
188	__protein1_rbs	7.4	0.0	0.0
188	__protein2_rbs	6.0	0.0	0.0
188	__protein3_rbs	14.6	0.0	0.0
188	__ribosome	25.4	0.0	0.0
188	__rnase_site_ext	25.0	0.0	0.0
188	p0	0.8	0.0	0.0
188	p2	0.8	0.0	0.0
188	protein1	513.2	11.2	1.6933334000000002
188	protein2	341.8	9.0	1.6113636
188	protein3	1078.2	22.8	1.825397
188	r1	8.6	0.0	0.0
188	rnapol	1.2	0.0	0.0
189	__protein1_rbs	7.0	0.0	0.0
189	__protein2_rbs	5.8	0.0	0.0
189	__protein3_rbs	15.6	0.0	0.0
189	__ribosome	27.2	0.0	0.0
189	__rnase_site_ext	25.0	0.0	0.0
189	p0	0.6	0.0	0.0
189	p2	0.8	0.0	0.0
189	protein1	517.2	11.0	1.7355554000000002
189	protein2	346.0	8.6	1.4822222
189	protein3	1086.4	23.0	1.7836783999999999
189	r1	8.8	0.0	0.0
189	rnapol	0.8	0.0	0.0
190	__protein1_rbs	9.0	0.0	0.0
190	__protein2_rbs	5.8	0.0	0.0
190	__protein3_rbs	14.0	0.0	0.0
190	__ribosome	26.0	0.0	0.0
190	__rnase_site_ext	24.8	0.0	0.0
190	p0	1.0	0.0	0.0
190	p2	1.0	0.0	0.0
190	protein1	520.4	11.4	1.6523076
190	protein2	347.8	8.6	1.61
190	protein3	1094.8	23.0	1.7924429999999998
190	r1	8.6	0.0	0.0
190	rnapol	1.2	0.0	0.0
191	__protein1_rbs	7.0	0.0	0.0
191	__protein2_rbs	6.0	0.0	0.0
191	__protein3_rbs	15.0	0.0	0.0
191	__ribosome	25.2	0.0	0.0
191	__rnase_site_ext	24.2	0.0	0.0
191	p0	1.0	0.0	0.0
191	p2	1.0	0.0	0.0
191	protein1	524.4	11.4	1.6748718
191	protein2	350.2	9.0	1.5785714
191	protein3	1102.4	23.0	1.8031394000000005
191	r1	8.6	0.0	0.0
191	rnapol	1.2	0.0	0.0
192	__protein1_rbs	7.6	0.0	0.0
192	__protein2_rbs	6.2	0.0	0.0
192	__protein3_rbs	14.4	0.0	0.0
192	__ribosome	28.0	0.0	0.0
192	__rnase_site_ext	23.6	0.0	0.0
192	p0	1.0	0.0	0.0
192	p2	0.8	0.0	0.0
192	protein1	528.2	11.2	1.7058118000000002
192	protein2	353.8	9.0	1.5259308
192	protein3	1112.0	22.6	1.7362502
192	r1	8.6	0.0	0.0
192	rnapol	1.2	0.0	0.0
193	__protein1_rbs	7.4	0.0	0.0
193	__protein2_rbs	5.0	0.0	0.0
193	__protein3_rbs	15.2	0.0	0.0
193	__ribosome	28.2	0.0	0.0
193	__rnase_site_ext	23.6	0.0	0.0
193	p0	0.8	0.0	0.0
193	p2	0.4	0.0	0.0
193	protein1	532.8	11.0	1.6726883999999995
193	protein2	356.2	8.8	1.7629869999999999
193	protein3	1120.0	22.6	1.685342
193	r1	8.8	0.0	0.0
193	rnapol	1.0	0.0	0.0
194	__protein1_rbs	7.2	0.0	0.0
194	__protein2_rbs	6.0	0.0	0.0
194	__protein3_rbs	14.0	0.0	0.0
194	__ribosome	27.0	0.0	0.0
194	__rnase_site_ext	23.8	0.0	0.0
194	p0	0.6	0.0	0.0
194	p2	0.8	0.0	0.0
194	protein1	537.2	11.2	1.5856252000000002
194	protein2	358.8	8.6	1.7943364000000002
194	protein3	1126.4	22.0	1.8181817999999998
194	r1	8.8	0.0	0.0
194	rnapol	1.0	0.0	0.0
195	__protein1_rbs	5.8	0.0	0.0
195	__protein2_rbs	5.2	0.0	0.0
195	__protein3_rbs	15.0	0.0	0.0
195	__ribosome	26.4	0.0	0.0
195	__rnase_site_ext	24.4	0.0	0.0
195	p0	0.6	0.0	0.0
195	p2	0.6	0.0	0.0
195	protein1	539.8	11.2	1.8090522
195	protein2	362.0	8.8	1.7520922
195	protein3	1135.2	22.0	1.7412698
195	r1	8.8	0.0	0.0
195	rnapol	0.6	0.0	0.0
196	__protein1_rbs	7.4	0.0	0.0
196	__protein2_rbs	5.8	0.0	0.0
196	__protein3_rbs	14.2	0.0	0.0
196	__ribosome	26.0	0.0	0.0
196	__rnase_site_ext	24.0	0.0	0.0
196	p0	1.0	0.0	0.0
196	p2	0.4	0.0	0.0
196	protein1	544.8	12.0	1.637363
196	protein2	365.2	8.8	1.7197689999999999
196	protein3	1142.2	22.2	1.7976554
196	r1	8.6	0.0	0.0
196	rnapol	0.8	0.0	0.0
197	__protein1_rbs	7.8	0.0	0.0
197	__protein2_rbs	6.4	0.0	0.0
197	__protein3_rbs	15.8	0.0	0.0
197	__ribosome	26.2	0.0	0.0
197	__rnase_site_ext	24.0	0.0	0.0
197	p0	0.8	0.0	0.0
197	p2	0.8	0.0	0.0
197	protein1	547.6	12.0	1.7943223999999998
197	protein2	367.8	9.0	1.6264502
197	protein3	1151.2	22.4	1.69648
197	r1	8.4	0.0	0.0
197	rnapol	0.6	0.0	0.0
198	__protein1_rbs	7.2	0.0	0.0
198	__protein2_rbs	5.6	0.0	0.0
198	__protein3_rbs	13.6	0.0	0.0
198	__ribosome	26.2	0.0	0.0
198	__rnase_site_ext	24.2	0.0	0.0
198	p0	1.0	0.0	0.0
198	p2	0.8	0.0	0.0
198	protein1	552.2	12.0	1.747497
198	protein2	371.4	8.8	1.6481096000000002
198	protein3	1158.6	22.0	1.7574026000000003
198	r1	8.4	0.0	0.0
198	rnapol	0.4	0.0	0.0
199	__protein1_rbs	7.4	0.0	0.0
199	__protein2_rbs	5.2	0.0	0.0
199	__protein3_rbs	14.4	0.0	0.0
199	__ribosome	25.0	0.0	0.0
199	__rnase_site_ext	24.2	0.0	0.0
199	p0	1.0	0.0	0.0
199	p2	0.8	0.0	0.0
199	protein1	556.0	12.2	1.8220512
199	protein2	374.2	8.6	1.6998554
199	protein3	1166.0	21.4	1.805627
199	r1	8.4	0.0	0.0
199	rnapol	0.4	0.0	0.0
200	__protein1_rbs	7.6	0.0	0.0
200	__protein2_rbs	5.2	0.0	0.0
200	__protein3_rbs	15.0	0.0	0.0
200	__ribosome	26.6	0.0	0.0
200	__rnase_site_ext	24.4	0.0	0.0
200	p0	1.0	0.0	0.0
200	p2	0.6	0.0	0.0
200	protein1	560.4	12.2	1.8068376
200	protein2	377.6	8.4	1.7494588
200	protein3	1173.4	21.6	1.7328516
200	r1	8.4	0.0	0.0
200	rnapol	0.6	0.0	0.0
201	__protein1_rbs	8.0	0.0	0.0
201	__protein2_rbs	4.6	0.0	0.0
201	__protein3_rbs	13.2	0.0	0.0
201	__ribosome	24.6	0.0	0.0
201	__rnase_site_ext	23.8	0.0	0.0
201	p0	1.0	0.0	0.0
201	p2	0.8	0.0	0.0
201	protein1	564.6	12.4	1.8370088
201	protein2	380.2	8.4	1.8560606
201	protein3	1181.4	21.8	1.7361928
201	r1	8.4	0.0	0.0
201	rnapol	1.2	0.0	0.0
202	__protein1_rbs	7.4	0.0	0.0
202	__protein2_rbs	6.6	0.0	0.0
202	__protein3_rbs	12.8	0.0	0.0
202	__ribosome	24.8	0.0	0.0
202	__rnase_site_ext	23.8	0.0	0.0
202	p0	0.8	0.0	0.0
202	p2	0.8	0.0	0.0
202	protein1	569.2	12.2	1.8838462
202	protein2	382.8	8.4	1.7948773999999998
202	protein3	1189.6	21.6	1.7421444
202	r1	8.8	0.0	0.0
202	rnapol	1.2	0.0	0.0
203	__protein1_rbs	8.6	0.0	0.0
203	__protein2_rbs	5.2	0.0	0.0
203	__protein3_rbs	15.0	0.0	0.0
203	__ribosome	25.4	0.0	0.0
203	__rnase_site_ext	23.8	0.0	0.0
203	p0	1.0	0.0	0.0
203	p2	1.0	0.0	0.0
203	protein1	573.4	12.2	1.8851284
203	protein2	385.8	8.4	1.7693363999999998
203	protein3	1197.0	21.6	1.7192298
203	r1	8.8	0.0	0.0
203	rnapol	1.6	0.0	0.0
204	__protein1_rbs	7.8	0.0	0.0
204	__protein2_rbs	5.8	0.0	0.0
204	__protein3_rbs	13.4	0.0	0.0
204	__ribosome	24.2	0.0	0.0
204	__rnase_site_ext	24.2	0.0	0.0
204	p0	0.8	0.0	0.0
204	p2	0.8	0.0	0.0
204	protein1	578.2	12.2	1.8333334
204	protein2	388.4	8.8	1.7179870000000002
204	protein3	1203.8	21.6	1.7667122
204	r1	9.0	0.0	0.0
204	rnapol	0.8	0.0	0.0
205	__protein1_rbs	8.4	0.0	0.0
205	__protein2_rbs	6.4	0.0	0.0
205	__protein3_rbs	15.0	0.0	0.0
205	__ribosome	28.8	0.0	0.0
205	__rnase_site_ext	24.4	0.0	0.0
205	p0	0.8	0.0	0.0
205	p2	1.0	0.0	0.0
205	protein1	583.2	12.4	1.7453847999999996
205	protein2	392.8	8.8	1.480909
205	protein3	1211.4	21.2	1.7117824000000001
205	r1	8.8	0.0	0.0
205	rnapol	1.0	0.0	0.0
206	__protein1_rbs	7.8	0.0	0.0
206	__protein2_rbs	5.4	0.0	0.0
206	__protein3_rbs	14.0	0.0	0.0
206	__ribosome	29.8	0.0	0.0
206	__rnase_site_ext	24.2	0.0	0.0
206	p0	1.0	0.0	0.0
206	p2	1.0	0.0	0.0
206	protein1	587.8	12.8	1.6603203999999998
206	protein2	396.0	9.0	1.4576623999999998
206	protein3	1219.2	21.4	1.6757220000000002
206	r1	9.0	0.0	0.0
206	rnapol	1.2	0.0	0.0
207	__protein1_rbs	7.6	0.0	0.0
207	__protein2_rbs	5.6	0.0	0.0
207	__protein3_rbs	11.4	0.0	0.0
207	__ribosome	28.6	0.0	0.0
207	__rnase_site_ext	24.0	0.0	0.0
207	p0	1.0	0.0	0.0
207	p2	0.6	0.0	0.0
207	protein1	592.6	12.6	1.6991668000000002
207	protein2	398.2	8.8	1.5294443999999998
207	protein3	1227.6	21.4	1.7220830000000003
207	r1	9.0	0.0	0.0
207	rnapol	0.8	0.0	0.0
208	__protein1_rbs	8.4	0.0	0.0
208	__protein2_rbs	5.6	0.0	0.0
208	__protein3_rbs	12.8	0.0	0.0
208	__ribosome	27.2	0.0	0.0
208	__rnase_site_ext	23.6	0.0	0.0
208	p0	1.0	0.0	0.0
208	p2	0.2	0.0	0.0
208	protein1	597.2	12.6	1.720705
208	protein2	401.0	8.8	1.5430157999999998
208	protein3	1234.6	21.2	1.7780564
208	r1	9.0	0.0	0.0
208	rnapol	1.0	0.0	0.0
209	__protein1_rbs	7.2	0.0	0.0
209	__protein2_rbs	4.8	0.0	0.0
209	__protein3_rbs	12.2	0.0	0.0
209	__ribosome	22.0	0.0	0.0
209	__rnase_site_ext	23.6	0.0	0.0
209	p0	1.0	0.0	0.0
209	p2	0.6	0.0	0.0
209	protein1	601.0	12.6	1.8440384
209	protein2	404.0	9.0	1.661407
209	protein3	1241.4	21.0	1.9059572
209	r1	9.2	0.0	0.0
209	rnapol	0.6	0.0	0.0
210	__protein1_rbs	9.2	0.0	0.0
210	__protein2_rbs	6.6	0.0	0.0
210	__protein3_rbs	15.6	0.0	0.0
210	__ribosome	23.2	0.0	0.0
210	__rnase_site_ext	23.8	0.0	0.0
210	p0	0.8	0.0	0.0
210	p2	0.8	0.0	0.0
210	protein1	605.0	12.8	1.7920512000000002
210	protein2	405.8	9.0	1.735772
210	protein3	1248.4	21.2	1.8340872
210	r1	9.4	0.0	0.0
210	rnapol	0.8	0.0	0.0
211	__protein1_rbs	8.6	0.0	0.0
211	__protein2_rbs	6.2	0.0	0.0
211	__protein3_rbs	14.6	0.0	0.0
211	__ribosome	22.8	0.0	0.0
211	__rnase_site_ext	24.0	0.0	0.0
211	p0	1.0	0.0	0.0
211	p2	0.8	0.0	0.0
211	protein1	609.2	13.0	1.7686996
211	protein2	409.4	9.4	1.6436866
211	protein3	1254.6	21.2	1.8382876000000004
211	r1	9.4	0.0	0.0
211	rnapol	0.8	0.0	0.0
212	__protein1_rbs	10.0	0.0	0.0
212	__protein2_rbs	5.0	0.0	0.0
212	__protein3_rbs	13.4	0.0	0.0
212	__ribosome	24.8	0.0	0.0
212	__rnase_site_ext	23.4	0.0	0.0
212	p0	1.0	0.0	0.0
212	p2	1.0	0.0	0.0
212	protein1	613.8	12.8	1.6716726000000002
212	protein2	412.0	9.4	1.8563131999999998
212	protein3	1264.0	20.6	1.7944634000000002
212	r1	9.4	0.0	0.0
212	rnapol	1.0	0.0	0.0
213	__protein1_rbs	7.8	0.0	0.0
213	__protein2_rbs	6.8	0.0	0.0
213	__protein3_rbs	14.4	0.0	0.0
213	__ribosome	25.2	0.0	0.0
213	__rnase_site_ext	23.2	0.0	0.0
213	p0	0.8	0.0	0.0
213	p2	0.8	0.0	0.0
213	protein1	619.0	12.6	1.6761988000000003
213	protein2	414.4	9.4	1.90298
213	protein3	1272.0	20.8	1.7464216
213	r1	9.4	0.0	0.0
213	rnapol	0.8	0.0	0.0
214	__protein1_rbs	8.8	0.0	0.0
214	__protein2_rbs	6.4	0.0	0.0
214	__protein3_rbs	11.2	0.0	0.0
214	__ribosome	27.2	0.0	0.0
214	__rnase_site_ext	23.2	0.0	0.0
214	p0	0.8	0.0	0.0
214	p2	0.6	0.0	0.0
214	protein1	624.0	12.8	1.626559
214	protein2	419.2	9.4	1.6993938000000002
214	protein3	1280.2	20.6	1.7696212
214	r1	9.4	0.0	0.0
214	rnapol	0.8	0.0	0.0
215	__protein1_rbs	7.2	0.0	0.0
215	__protein2_rbs	5.2	0.0	0.0
215	__protein3_rbs	12.8	0.0	0.0
215	__ribosome	24.6	0.0	0.0
215	__rnase_site_ext	23.0	0.0	0.0
215	p0	1.0	0.0	0.0
215	p2	0.4	0.0	0.0
215	protein1	628.2	12.8	1.7479046000000003
215	protein2	422.0	9.4	1.823384
215	protein3	1287.4	20.0	1.802401
215	r1	9.4	0.0	0.0
215	rnapol	1.0	0.0	0.0
216	__protein1_rbs	8.8	0.0	0.0
216	__protein2_rbs	5.8	0.0	0.0
216	__protein3_rbs	13.4	0.0	0.0
216	__ribosome	25.4	0.0	0.0
216	__rnase_site_ext	22.6	0.0	0.0
216	p0	0.8	0.0	0.0
216	p2	0.8	0.0	0.0
216	protein1	633.2	12.8	1.6705718
216	protein2	425.8	9.4	1.8177272
216	protein3	1293.6	20.0	1.8131992
216	r1	9.4	0.0	0.0
216	rnapol	1.4	0.0	0.0
217	__protein1_rbs	8.0	0.0	0.0
217	__protein2_rbs	6.6	0.0	0.0
217	__protein3_rbs	11.4	0.0	0.0
217	__ribosome	22.6	0.0	0.0
217	__rnase_site_ext	23.0	0.0	0.0
217	p0	1.0	0.0	0.0
217	p2	0.8	0.0	0.0
217	protein1	635.8	12.6	1.8587812
217	protein2	428.8	9.4	1.8023232
217	protein3	1300.6	19.8	1.8881042
217	r1	9.2	0.0	0.0
217	rnapol	1.4	0.0	0.0
218	__protein1_rbs	8.8	0.0	0.0
218	__protein2_rbs	5.6	0.0	0.0
218	__protein3_rbs	11.8	0.0	0.0
218	__ribosome	24.8	0.0	0.0
218	__rnase_site_ext	23.2	0.0	0.0
218	p0	0.8	0.0	0.0
218	p2	0.8	0.0	0.0
218	protein1	641.0	13.0	1.6815468
218	protein2	432.4	9.4	1.8627272
218	protein3	1309.0	19.8	1.815703
218	r1	9.2	0.0	0.0
218	rnapol	1.6	0.0	0.0
219	__protein1_rbs	7.0	0.0	0.0
219	__protein2_rbs	5.0	0.0	0.0
219	__protein3_rbs	12.8	0.0	0.0
219	__ribosome	23.8	0.0	0.0
219	__rnase_site_ext	23.4	0.0	0.0
219	p0	0.6	0.0	0.0
219	p2	0.4	0.0	0.0
219	protein1	645.4	12.8	1.7697198
219	protein2	435.6	9.2	1.9532826
219	protein3	1315.8	19.8	1.7830754
219	r1	9.4	0.0	0.0
219	rnapol	0.6	0.0	0.0
220	__protein1_rbs	8.0	0.0	0.0
220	__protein2_rbs	6.6	0.0	0.0
220	__protein3_rbs	14.2	0.0	0.0
220	__ribosome	25.8	0.0	0.0
220	__rnase_site_ext	23.6	0.0	0.0
220	p0	1.0	0.0	0.0
220	p2	1.0	0.0	0.0
220	protein1	650.4	13.2	1.6877684000000002
220	protein2	438.8	9.2	1.8724748
220	protein3	1323.0	19.8	1.7545056000000003
220	r1	9.4	0.0	0.0
220	rnapol	0.6	0.0	0.0
221	__protein1_rbs	9.2	0.0	0.0
221	__protein2_rbs	6.2	0.0	0.0
221	__protein3_rbs	12.8	0.0	0.0
221	__ribosome	28.0	0.0	0.0
221	__rnase_site_ext	23.8	0.0	0.0
221	p0	1.0	0.0	0.0
221	p2	0.8	0.0	0.0
221	protein1	655.8	13.4	1.5331826000000002
221	protein2	442.0	9.4	1.794798
221	protein3	1329.6	20.0	1.7442462
221	r1	9.6	0.0	0.0
221	rnapol	0.6	0.0	0.0
222	__protein1_rbs	6.6	0.0	0.0
222	__protein2_rbs	6.0	0.0	0.0
222	__protein3_rbs	11.8	0.0	0.0
222	__ribosome	23.8	0.0	0.0
222	__rnase_site_ext	23.8	0.0	0.0
222	p0	1.0	0.0	0.0
222	p2	0.8	0.0	0.0
222	protein1	659.4	13.4	1.804216
222	protein2	445.6	9.4	1.8020202
222	protein3	1337.2	20.2	1.7762572
222	r1	9.6	0.0	0.0
222	rnapol	1.2	0.0	0.0
223	__protein1_rbs	9.0	0.0	0.0
223	__protein2_rbs	5.6	0.0	0.0
223	__protein3_rbs	12.4	0.0	0.0
223	__ribosome	24.8	0.0	0.0
223	__rnase_site_ext	24.4	0.0	0.0
223	p0	0.8	0.0	0.0
223	p2	0.6	0.0	0.0
223	protein1	664.0	13.2	1.7647526000000002
223	protein2	449.6	9.6	1.7876261999999998
223	protein3	1344.2	19.6	1.8117896
223	r1	9.6	0.0	0.0
223	rnapol	0.8	0.0	0.0
224	__protein1_rbs	8.6	0.0	0.0
224	__protein2_rbs	6.4	0.0	0.0
224	__protein3_rbs	13.0	0.0	0.0
224	__ribosome	26.6	0.0	0.0
224	__rnase_site_ext	24.4	0.0	0.0
224	p0	0.8	0.0	0.0
224	p2	1.0	0.0	0.0
224	protein1	667.4	13.2	1.8143326
224	protein2	453.4	9.6	1.7068182
224	protein3	1352.4	19.8	1.7087631999999997
224	r1	9.6	0.0	0.0
224	rnapol	0.8	0.0	0.0
225	__protein1_rbs	8.2	0.0	0.0
225	__protein2_rbs	4.6	0.0	0.0
225	__protein3_rbs	13.6	0.0	0.0
225	__ribosome	23.4	0.0	0.0
225	__rnase_site_ext	24.6	0.0	0.0
225	p0	1.0	0.0	0.0
225	p2	0.6	0.0	0.0
225	protein1	673.4	13.4	1.7175629999999995
225	protein2	456.2	9.6	1.9257576
225	protein3	1357.6	20.0	1.7898421999999998
225	r1	9.8	0.0	0.0
225	rnapol	0.8	0.0	0.0
226	__protein1_rbs	10.0	0.0	0.0
226	__protein2_rbs	6.0	0.0	0.0
226	__protein3_rbs	14.0	0.0	0.0
226	__ribosome	25.4	0.0	0.0
226	__rnase_site_ext	24.2	0.0	0.0
226	p0	0.6	0.0	0.0
226	p2	1.0	0.0	0.0
226	protein1	677.6	13.4	1.7060596
226	protein2	459.4	9.6	1.9563132
226	protein3	1365.8	20.4	1.6573068
226	r1	10.0	0.0	0.0
226	rnapol	0.6	0.0	0.0
227	__protein1_rbs	9.2	0.0	0.0
227	__protein2_rbs	6.2	0.0	0.0
227	__protein3_rbs	13.6	0.0	0.0
227	__ribosome	25.2	0.0	0.0
227	__rnase_site_ext	24.4	0.0	0.0
227	p0	0.8	0.0	0.0
227	p2	1.0	0.0	0.0
227	protein1	682.6	13.4	1.6638008000000002
227	protein2	463.0	9.8	1.8858586
227	protein3	1372.2	20.4	1.7031224000000005
227	r1	10.0	0.0	0.0
227	rnapol	0.8	0.0	0.0
228	__protein1_rbs	7.4	0.0	0.0
228	__protein2_rbs	8.0	0.0	0.0
228	__protein3_rbs	13.2	0.0	0.0
228	__ribosome	26.2	0.0	0.0
228	__rnase_site_ext	24.4	0.0	0.0
228	p0	1.0	0.0	0.0
228	p2	0.6	0.0	0.0
228	protein1	687.2	13.6	1.7536726000000002
228	protein2	466.8	10.2	1.6423582
228	protein3	1379.2	20.8	1.6483250000000005
228	r1	9.8	0.0	0.0
228	rnapol	0.8	0.0	0.0
229	__protein1_rbs	8.0	0.0	0.0
229	__protein2_rbs	6.4	0.0	0.0
229	__protein3_rbs	15.6	0.0	0.0
229	__ribosome	24.8	0.0	0.0
229	__rnase_site_ext	24.4	0.0	0.0
229	p0	0.8	0.0	0.0
229	p2	1.0	0.0	0.0
229	protein1	691.0	13.6	1.9671288
229	protein2	470.2	10.2	1.687269
229	protein3	1386.8	20.4	1.590262
229	r1	9.8	0.0	0.0
229	rnapol	1.0	0.0	0.0
230	__protein1_rbs	9.0	0.0	0.0
230	__protein2_rbs	6.6	0.0	0.0
230	__protein3_rbs	13.2	0.0	0.0
230	__ribosome	25.2	0.0	0.0
230	__rnase_site_ext	23.8	0.0	0.0
230	p0	1.0	0.0	0.0
230	p2	1.0	0.0	0.0
230	protein1	695.4	13.6	1.9757938000000004
230	protein2	474.6	10.0	1.6469698000000002
230	protein3	1394.2	20.6	1.6075714
230	r1	9.6	0.0	0.0
230	rnapol	1.4	0.0	0.0
231	__protein1_rbs	8.6	0.0	0.0
231	__protein2_rbs	6.8	0.0	0.0
231	__protein3_rbs	13.4	0.0	0.0
231	__ribosome	24.4	0.0	0.0
231	__rnase_site_ext	24.0	0.0	0.0
231	p0	0.6	0.0	0.0
231	p2	0.6	0.0	0.0
231	protein1	700.8	13.4	1.9861344000000003
231	protein2	478.6	9.8	1.575
231	protein3	1399.0	20.6	1.7079999999999995
231	r1	9.4	0.0	0.0
231	rnapol	1.0	0.0	0.0
232	__protein1_rbs	8.6	0.0	0.0
232	__protein2_rbs	6.0	0.0	0.0
232	__protein3_rbs	14.6	0.0	0.0
232	__ribosome	25.6	0.0	0.0
232	__rnase_site_ext	24.0	0.0	0.0
232	p0	1.0	0.0	0.0
232	p2	0.4	0.0	0.0
232	protein1	705.0	13.4	1.9642245999999999
232	protein2	481.8	9.8	1.61
232	protein3	1406.6	20.4	1.6400952000000004
232	r1	9.4	0.0	0.0
232	rnapol	1.0	0.0	0.0
233	__protein1_rbs	8.4	0.0	0.0
233	__protein2_rbs	6.8	0.0	0.0
233	__protein3_rbs	11.4	0.0	0.0
233	__ribosome	26.4	0.0	0.0
233	__rnase_site_ext	24.0	0.0	0.0
233	p0	0.8	0.0	0.0
233	p2	0.8	0.0	0.0
233	protein1	710.6	13.4	1.856202
233	protein2	484.4	9.6	1.6350000000000002
233	protein3	1414.4	20.0	1.7006640000000002
233	r1	9.8	0.0	0.0
233	rnapol	1.0	0.0	0.0
234	__protein1_rbs	8.2	0.0	0.0
234	__protein2_rbs	5.8	0.0	0.0
234	__protein3_rbs	12.4	0.0	0.0
234	__ribosome	25.0	0.0	0.0
234	__rnase_site_ext	24.4	0.0	0.0
234	p0	1.0	0.0	0.0
234	p2	0.8	0.0	0.0
234	protein1	715.8	13.2	1.8894538
234	protein2	487.8	9.4	1.6788890000000003
234	protein3	1420.4	20.4	1.7296259999999997
234	r1	10.0	0.0	0.0
234	rnapol	0.8	0.0	0.0
235	__protein1_rbs	9.4	0.0	0.0
235	__protein2_rbs	7.2	0.0	0.0
235	__protein3_rbs	13.4	0.0	0.0
235	__ribosome	28.4	0.0	0.0
235	__rnase_site_ext	24.2	0.0	0.0
235	p0	1.0	0.0	0.0
235	p2	1.0	0.0	0.0
235	protein1	722.8	13.6	1.6150000000000002
235	protein2	490.8	9.8	1.591923
235	protein3	1427.6	20.8	1.6648613999999997
235	r1	10.0	0.0	0.0
235	rnapol	0.8	0.0	0.0
236	__protein1_rbs	10.2	0.0	0.0
236	__protein2_rbs	6.0	0.0	0.0
236	__protein3_rbs	12.6	0.0	0.0
236	__ribosome	24.4	0.0	0.0
236	__rnase_site_ext	24.0	0.0	0.0
236	p0	0.8	0.0	0.0
236	p2	0.8	0.0	0.0
236	protein1	727.0	13.6	1.5892856000000002
236	protein2	493.0	10.0	1.7512394
236	protein3	1434.2	21.0	1.7512530000000002
236	r1	10.0	0.0	0.0
236	rnapol	0.6	0.0	0.0
237	__protein1_rbs	7.8	0.0	0.0
237	__protein2_rbs	5.4	0.0	0.0
237	__protein3_rbs	14.6	0.0	0.0
237	__ribosome	24.2	0.0	0.0
237	__rnase_site_ext	24.0	0.0	0.0
237	p0	1.0	0.0	0.0
237	p2	1.0	0.0	0.0
237	protein1	730.8	13.2	1.7408333999999999
237	protein2	497.4	10.0	1.6994018
237	protein3	1441.0	21.0	1.729518
237	r1	10.2	0.0	0.0
237	rnapol	0.6	0.0	0.0
238	__protein1_rbs	8.4	0.0	0.0
238	__protein2_rbs	5.0	0.0	0.0
238	__protein3_rbs	13.4	0.0	0.0
238	__ribosome	23.0	0.0	0.0
238	__rnase_site_ext	24.2	0.0	0.0
238	p0	1.0	0.0	0.0
238	p2	0.6	0.0	0.0
238	protein1	735.8	13.2	1.7369047999999998
238	protein2	500.8	10.0	1.854596
238	protein3	1448.6	21.0	1.7236871999999999
238	r1	10.2	0.0	0.0
238	rnapol	0.4	0.0	0.0
239	__protein1_rbs	8.4	0.0	0.0
239	__protein2_rbs	6.6	0.0	0.0
239	__protein3_rbs	15.2	0.0	0.0
239	__ribosome	24.4	0.0	0.0
239	__rnase_site_ext	24.4	0.0	0.0
239	p0	0.8	0.0	0.0
239	p2	0.6	0.0	0.0
239	protein1	741.6	13.0	1.6271428
239	protein2	503.8	10.2	1.8184848
239	protein3	1455.4	21.2	1.7003322
239	r1	10.2	0.0	0.0
239	rnapol	0.2	0.0	0.0
240	__protein1_rbs	9.2	0.0	0.0
240	__protein2_rbs	6.0	0.0	0.0
240	__protein3_rbs	14.0	0.0	0.0
240	__ribosome	21.6	0.0	0.0
240	__rnase_site_ext	24.4	0.0	0.0
240	p0	1.0	0.0	0.0
240	p2	0.4	0.0	0.0
240	protein1	744.8	13.0	1.6847618000000002
240	protein2	506.8	10.2	1.908889
240	protein3	1462.2	21.2	1.774574
240	r1	10.4	0.0	0.0
240	rnapol	0.6	0.0	0.0
241	__protein1_rbs	8.8	0.0	0.0
241	__protein2_rbs	6.2	0.0	0.0
241	__protein3_rbs	15.0	0.0	0.0
241	__ribosome	23.4	0.0	0.0
241	__rnase_site_ext	24.6	0.0	0.0
241	p0	0.8	0.0	0.0
241	p2	0.8	0.0	0.0
241	protein1	748.8	13.2	1.6645238000000002
241	protein2	510.6	10.2	1.89
241	protein3	1470.0	21.4	1.6812738
241	r1	10.4	0.0	0.0
241	rnapol	1.0	0.0	0.0
242	__protein1_rbs	8.4	0.0	0.0
242	__protein2_rbs	7.8	0.0	0.0
242	__protein3_rbs	14.0	0.0	0.0
242	__ribosome	26.2	0.0	0.0
242	__rnase_site_ext	24.6	0.0	0.0
242	p0	1.0	0.0	0.0
242	p2	0.8	0.0	0.0
242	protein1	753.8	13.2	1.6819048000000003
242	protein2	515.0	10.6	1.6569698
242	protein3	1478.2	21.6	1.5983349999999998
242	r1	10.2	0.0	0.0
242	rnapol	1.2	0.0	0.0
243	__protein1_rbs	7.8	0.0	0.0
243	__protein2_rbs	7.0	0.0	0.0
243	__protein3_rbs	14.8	0.0	0.0
243	__ribosome	29.4	0.0	0.0
243	__rnase_site_ext	23.8	0.0	0.0
243	p0	1.0	0.0	0.0
243	p2	0.8	0.0	0.0
243	protein1	759.4	13.4	1.6209524000000002
243	protein2	519.6	10.4	1.5990910000000005
243	protein3	1486.6	22.0	1.5043358000000002
243	r1	10.2	0.0	0.0
243	rnapol	1.2	0.0	0.0
244	__protein1_rbs	8.2	0.0	0.0
244	__protein2_rbs	5.8	0.0	0.0
244	__protein3_rbs	14.4	0.0	0.0
244	__ribosome	23.8	0.0	0.0
244	__rnase_site_ext	24.0	0.0	0.0
244	p0	0.8	0.0	0.0
244	p2	0.4	0.0	0.0
244	protein1	762.8	13.2	1.7511688
244	protein2	522.8	10.4	1.740606
244	protein3	1492.6	22.0	1.6148642000000002
244	r1	10.0	0.0	0.0
244	rnapol	1.0	0.0	0.0
245	__protein1_rbs	7.6	0.0	0.0
245	__protein2_rbs	7.4	0.0	0.0
245	__protein3_rbs	14.2	0.0	0.0
245	__ribosome	21.2	0.0	0.0
245	__rnase_site_ext	24.4	0.0	0.0
245	p0	1.0	0.0	0.0
245	p2	0.4	0.0	0.0
245	protein1	766.2	13.4	1.8531348
245	protein2	526.4	10.4	1.7076768000000002
245	protein3	1499.0	22.0	1.6514318
245	r1	9.8	0.0	0.0
245	rnapol	0.8	0.0	0.0
246	__protein1_rbs	8.4	0.0	0.0
246	__protein2_rbs	8.0	0.0	0.0
246	__protein3_rbs	14.4	0.0	0.0
246	__ribosome	21.8	0.0	0.0
246	__rnase_site_ext	24.0	0.0	0.0
246	p0	1.0	0.0	0.0
246	p2	0.6	0.0	0.0
246	protein1	771.0	13.4	1.8676443999999999
246	protein2	529.8	10.2	1.6764646
246	protein3	1505.4	21.8	1.6858672
246	r1	9.8	0.0	0.0
246	rnapol	0.8	0.0	0.0
247	__protein1_rbs	7.2	0.0	0.0
247	__protein2_rbs	6.8	0.0	0.0
247	__protein3_rbs	15.0	0.0	0.0
247	__ribosome	20.8	0.0	0.0
247	__rnase_site_ext	23.8	0.0	0.0
247	p0	1.0	0.0	0.0
247	p2	0.6	0.0	0.0
247	protein1	775.6	13.2	1.984766
247	protein2	533.0	9.8	1.7606061999999998
247	protein3	1512.4	21.6	1.7021621999999996
247	r1	10.0	0.0	0.0
247	rnapol	1.0	0.0	0.0
248	__protein1_rbs	9.0	0.0	0.0
248	__protein2_rbs	7.6	0.0	0.0
248	__protein3_rbs	13.2	0.0	0.0
248	__ribosome	21.8	0.0	0.0
248	__rnase_site_ext	23.8	0.0	0.0
248	p0	0.8	0.0	0.0
248	p2	0.8	0.0	0.0
248	protein1	779.6	13.0	2.0385958000000004
248	protein2	536.0	9.8	1.6939396000000002
248	protein3	1521.0	21.6	1.6691644
248	r1	9.8	0.0	0.0
248	rnapol	1.2	0.0	0.0
249	__protein1_rbs	7.2	0.0	0.0
249	__protein2_rbs	5.8	0.0	0.0
249	__protein3_rbs	14.6	0.0	0.0
249	__ribosome	23.4	0.0	0.0
249	__rnase_site_ext	24.0	0.0	0.0
249	p0	0.6	0.0	0.0
249	p2	0.8	0.0	0.0
249	protein1	786.0	13.2	1.995559
249	protein2	541.4	10.0	1.4772728000000002
249	protein3	1527.8	21.8	1.6572437999999998
249	r1	9.8	0.0	0.0
249	rnapol	1.0	0.0	0.0
250	__protein1_rbs	9.8	0.0	0.0
250	__protein2_rbs	6.2	0.0	0.0
250	__protein3_rbs	14.4	0.0	0.0
250	__ribosome	24.2	0.0	0.0
250	__rnase_site_ext	23.6	0.0	0.0
250	p0	1.0	0.0	0.0
250	p2	0.6	0.0	0.0
250	protein1	791.0	13.4	1.847507
250	protein2	544.4	10.0	1.4921718000000002
250	protein3	1535.2	22.0	1.6717976000000003
250	r1	9.8	0.0	0.0
250	rnapol	0.8	0.0	0.0
