time	species	protein	transcript	ribo_density
0	__protein1_rbs	0.0	0.0	0.0
0	__protein2_rbs	0.0	0.0	0.0
0	__protein3_rbs	0.0	0.0	0.0
0	__ribosome	100.0	0.0	0.0
0	__rnase_site_ext	0.0	0.0	0.0
0	p0	1.0	0.0	0.0
0	p1	1.0	0.0	0.0
0	p2	1.0	0.0	0.0
0	rnapol	4.0	0.0	0.0
1	__protein1_rbs	0.0	0.0	0.0
1	__protein2_rbs	0.0	0.0	0.0
1	__protein3_rbs	0.0	0.0	0.0
1	__ribosome	60.0	0.0	0.0
1	__rnase_site_ext	0.8	0.0	0.0
1	p0	0.4	0.0	0.0
1	p1	0.6	0.0	0.0
1	p2	0.4	0.0	0.0
1	rnapol	1.6	0.0	0.0
2	__protein1_rbs	0.0	0.0	0.0
2	__protein2_rbs	0.0	0.0	0.0
2	__protein3_rbs	0.0	0.0	0.0
2	__ribosome	139.6	0.0	0.0
2	__rnase_site_ext	1.6	0.0	0.0
2	p0	1.0	0.0	0.0
2	p1	1.4	0.0	0.0
2	p2	0.8	0.0	0.0
2	protein1	0.0	0.4	0.4
2	rnapol	3.4	0.0	0.0
3	__protein1_rbs	0.4	0.0	0.0
3	__protein2_rbs	0.0	0.0	0.0
3	__protein3_rbs	0.2	0.0	0.0
3	__ribosome	99.4	0.0	0.0
3	__rnase_site_ext	2.6	0.0	0.0
3	p0	0.4	0.0	0.0
3	p1	1.0	0.0	0.0
3	p2	0.6	0.0	0.0
3	protein1	0.0	0.6	0.4
3	protein3	0.0	0.2	0.0
3	rnapol	1.2	0.0	0.0
4	__protein1_rbs	0.4	0.0	0.0
4	__protein2_rbs	0.0	0.0	0.0
4	__protein3_rbs	0.4	0.0	0.0
4	__ribosome	98.6	0.0	0.0
4	__rnase_site_ext	3.2	0.0	0.0
4	p0	0.8	0.0	0.0
4	p1	0.8	0.0	0.0
4	p2	0.8	0.0	0.0
4	protein1	0.0	0.8	0.9
4	protein3	0.0	0.6	0.1
4	rnapol	0.6	0.0	0.0
5	__protein1_rbs	0.6	0.0	0.0
5	__protein2_rbs	0.0	0.0	0.0
5	__protein3_rbs	0.8	0.0	0.0
5	__ribosome	97.2	0.0	0.0
5	__rnase_site_ext	3.2	0.0	0.0
5	p0	1.0	0.0	0.0
5	p1	1.0	0.0	0.0
5	p2	0.8	0.0	0.0
5	protein1	0.0	1.6	0.9
5	protein3	0.0	1.2	0.3
5	rnapol	0.4	0.0	0.0
6	__protein1_rbs	0.6	0.0	0.0
6	__protein2_rbs	0.0	0.0	0.0
6	__protein3_rbs	0.2	0.0	0.0
6	__ribosome	94.8	0.0	0.0
6	__rnase_site_ext	3.4	0.0	0.0
6	p0	1.0	0.0	0.0
6	p1	0.8	0.0	0.0
6	p2	1.0	0.0	0.0
6	protein1	0.0	1.6	1.4
6	protein3	0.0	1.6	1.0333334
6	rnapol	0.4	0.0	0.0
7	__protein1_rbs	0.2	0.0	0.0
7	__protein2_rbs	0.0	0.0	0.0
7	__protein3_rbs	0.6	0.0	0.0
7	__ribosome	92.8	0.0	0.0
7	__rnase_site_ext	3.4	0.0	0.0
7	p0	0.8	0.0	0.0
7	p1	0.6	0.0	0.0
7	p2	1.0	0.0	0.0
7	protein1	0.2	1.6	2.0333334
7	protein2	0.0	0.2	0.2
7	protein3	0.0	1.4	inf
7	rnapol	0.2	0.0	0.0
8	__protein1_rbs	0.6	0.0	0.0
8	__protein2_rbs	0.2	0.0	0.0
8	__protein3_rbs	0.6	0.0	0.0
8	__ribosome	91.4	0.0	0.0
8	__rnase_site_ext	3.2	0.0	0.0
8	p0	1.0	0.0	0.0
8	p1	0.8	0.0	0.0
8	p2	1.0	0.0	0.0
8	protein1	0.6	1.8	2.2333334
8	protein2	0.0	0.2	0.2
8	protein3	0.0	1.6	inf
8	rnapol	0.4	0.0	0.0
9	__protein1_rbs	0.6	0.0	0.0
9	__protein2_rbs	0.0	0.0	0.0
9	__protein3_rbs	0.6	0.0	0.0
9	__ribosome	89.8	0.0	0.0
9	__rnase_site_ext	3.4	0.0	0.0
9	p0	1.0	0.0	0.0
9	p1	0.6	0.0	0.0
9	p2	0.8	0.0	0.0
9	protein1	1.0	1.6	2.7333334
9	protein2	0.0	0.2	0.4
9	protein3	0.2	1.6	inf
9	rnapol	0.8	0.0	0.0
10	__protein1_rbs	0.6	0.0	0.0
10	__protein2_rbs	0.2	0.0	0.0
10	__protein3_rbs	0.4	0.0	0.0
10	__ribosome	89.2	0.0	0.0
10	__rnase_site_ext	3.4	0.0	0.0
10	p0	1.0	0.0	0.0
10	p1	0.2	0.0	0.0
10	p2	0.8	0.0	0.0
10	protein1	1.8	1.4	3.0
10	protein2	0.0	0.4	0.6
10	protein3	0.8	1.6	inf
10	rnapol	1.0	0.0	0.0
11	__protein1_rbs	0.6	0.0	0.0
11	__protein2_rbs	0.2	0.0	0.0
11	__protein3_rbs	0.4	0.0	0.0
11	__ribosome	88.8	0.0	0.0
11	__rnase_site_ext	3.4	0.0	0.0
11	p0	1.0	0.0	0.0
11	p1	0.6	0.0	0.0
11	p2	0.8	0.0	0.0
11	protein1	2.8	1.4	2.9
11	protein2	0.0	0.6	1.0
11	protein3	1.6	1.6	2.5666666
11	rnapol	1.4	0.0	0.0
12	__protein1_rbs	0.6	0.0	0.0
12	__protein2_rbs	0.4	0.0	0.0
12	__protein3_rbs	0.4	0.0	0.0
12	__ribosome	88.8	0.0	0.0
12	__rnase_site_ext	3.4	0.0	0.0
12	p0	1.0	0.0	0.0
12	p1	1.0	0.0	0.0
12	p2	0.8	0.0	0.0
12	protein1	4.2	1.4	2.6
12	protein2	0.2	1.0	1.2
12	protein3	2.6	1.8	2.65
12	rnapol	1.4	0.0	0.0
13	__protein1_rbs	0.4	0.0	0.0
13	__protein2_rbs	0.4	0.0	0.0
13	__protein3_rbs	0.2	0.0	0.0
13	__ribosome	86.8	0.0	0.0
13	__rnase_site_ext	3.6	0.0	0.0
13	p0	0.6	0.0	0.0
13	p1	0.8	0.0	0.0
13	p2	0.8	0.0	0.0
13	protein1	5.0	1.4	2.8
13	protein2	0.2	1.2	1.6666666
13	protein3	3.4	2.0	2.6666666
13	rnapol	1.0	0.0	0.0
14	__protein1_rbs	0.0	0.0	0.0
14	__protein2_rbs	0.6	0.0	0.0
14	__protein3_rbs	0.8	0.0	0.0
14	__ribosome	85.8	0.0	0.0
14	__rnase_site_ext	3.8	0.0	0.0
14	p0	0.8	0.0	0.0
14	p1	0.8	0.0	0.0
14	p2	0.8	0.0	0.0
14	protein1	6.0	1.4	3.3
14	protein2	0.4	1.8	1.8333334
14	protein3	4.6	2.0	2.74
14	rnapol	0.6	0.0	0.0
15	__protein1_rbs	0.6	0.0	0.0
15	__protein2_rbs	0.8	0.0	0.0
15	__protein3_rbs	0.4	0.0	0.0
15	__ribosome	85.0	0.0	0.0
15	__rnase_site_ext	4.6	0.0	0.0
15	p0	0.8	0.0	0.0
15	p1	1.0	0.0	0.0
15	p2	0.8	0.0	0.0
15	protein1	7.0	1.6	2.8666666000000003
15	protein2	0.6	1.8	2.1
15	protein3	5.8	2.0	2.56
15	rnapol	0.2	0.0	0.0
16	__protein1_rbs	0.8	0.0	0.0
16	__protein2_rbs	1.0	0.0	0.0
16	__protein3_rbs	1.4	0.0	0.0
16	__ribosome	84.0	0.0	0.0
16	__rnase_site_ext	4.6	0.0	0.0
16	p0	1.0	0.0	0.0
16	p1	1.0	0.0	0.0
16	p2	0.6	0.0	0.0
16	protein1	7.4	2.0	2.6
16	protein2	1.0	1.8	2.2333334
16	protein3	6.6	2.2	2.3866666000000003
16	rnapol	0.2	0.0	0.0
17	__protein1_rbs	0.4	0.0	0.0
17	__protein2_rbs	0.2	0.0	0.0
17	__protein3_rbs	0.6	0.0	0.0
17	__ribosome	81.2	0.0	0.0
17	__rnase_site_ext	4.6	0.0	0.0
17	p0	1.0	0.0	0.0
17	p1	1.0	0.0	0.0
17	p2	0.6	0.0	0.0
17	protein1	8.2	2.0	3.2333334
17	protein2	1.2	2.0	2.7333332
17	protein3	8.0	2.4	2.2333334
17	rnapol	0.4	0.0	0.0
18	__protein1_rbs	0.8	0.0	0.0
18	__protein2_rbs	1.0	0.0	0.0
18	__protein3_rbs	0.8	0.0	0.0
18	__ribosome	80.8	0.0	0.0
18	__rnase_site_ext	4.4	0.0	0.0
18	p0	1.0	0.0	0.0
18	p1	1.0	0.0	0.0
18	p2	0.4	0.0	0.0
18	protein1	9.6	2.0	2.9333334
18	protein2	2.0	2.0	2.8
18	protein3	8.6	2.6	2.4999998000000003
18	rnapol	0.6	0.0	0.0
19	__protein1_rbs	0.6	0.0	0.0
19	__protein2_rbs	0.6	0.0	0.0
19	__protein3_rbs	0.6	0.0	0.0
19	__ribosome	80.4	0.0	0.0
19	__rnase_site_ext	4.4	0.0	0.0
19	p0	1.0	0.0	0.0
19	p1	0.6	0.0	0.0
19	p2	0.2	0.0	0.0
19	protein1	11.0	2.0	3.0
19	protein2	3.2	2.0	2.7
19	protein3	10.0	2.8	2.3333334
19	rnapol	0.6	0.0	0.0
20	__protein1_rbs	0.6	0.0	0.0
20	__protein2_rbs	0.8	0.0	0.0
20	__protein3_rbs	1.2	0.0	0.0
20	__ribosome	80.0	0.0	0.0
20	__rnase_site_ext	4.4	0.0	0.0
20	p0	1.0	0.0	0.0
20	p1	0.8	0.0	0.0
20	p2	0.4	0.0	0.0
20	protein1	11.6	2.0	3.2333334
20	protein2	4.2	2.0	2.8666668
20	protein3	11.6	3.2	2.3333332
20	rnapol	0.6	0.0	0.0
21	__protein1_rbs	1.0	0.0	0.0
21	__protein2_rbs	0.8	0.0	0.0
21	__protein3_rbs	1.2	0.0	0.0
21	__ribosome	80.4	0.0	0.0
21	__rnase_site_ext	4.4	0.0	0.0
21	p0	0.8	0.0	0.0
21	p1	0.6	0.0	0.0
21	p2	1.0	0.0	0.0
21	protein1	13.2	2.0	3.0333334
21	protein2	5.4	2.0	3.0
21	protein3	13.2	3.2	2.3333332
21	rnapol	0.6	0.0	0.0
22	__protein1_rbs	0.8	0.0	0.0
22	__protein2_rbs	1.2	0.0	0.0
22	__protein3_rbs	2.2	0.0	0.0
22	__ribosome	80.0	0.0	0.0
22	__rnase_site_ext	4.4	0.0	0.0
22	p0	1.0	0.0	0.0
22	p1	0.6	0.0	0.0
22	p2	0.8	0.0	0.0
22	protein1	14.8	2.0	2.9
22	protein2	6.4	2.4	2.4333332000000003
22	protein3	14.6	3.8	2.1833332000000003
22	rnapol	0.6	0.0	0.0
23	__protein1_rbs	1.2	0.0	0.0
23	__protein2_rbs	0.6	0.0	0.0
23	__protein3_rbs	1.0	0.0	0.0
23	__ribosome	76.6	0.0	0.0
23	__rnase_site_ext	5.0	0.0	0.0
23	p0	0.6	0.0	0.0
23	p1	1.0	0.0	0.0
23	p2	0.8	0.0	0.0
23	protein1	15.2	2.0	3.3333332
23	protein2	7.0	2.4	2.9666667999999996
23	protein3	15.8	4.2	2.4142857999999996
23	rnapol	0.4	0.0	0.0
24	__protein1_rbs	0.6	0.0	0.0
24	__protein2_rbs	1.0	0.0	0.0
24	__protein3_rbs	2.4	0.0	0.0
24	__ribosome	76.8	0.0	0.0
24	__rnase_site_ext	4.8	0.0	0.0
24	p0	0.8	0.0	0.0
24	p1	1.0	0.0	0.0
24	p2	1.0	0.0	0.0
24	protein1	16.8	2.4	2.6333333999999997
24	protein2	8.4	2.4	2.8000002000000004
24	protein3	17.4	4.2	2.495238
24	rnapol	0.6	0.0	0.0
25	__protein1_rbs	1.6	0.0	0.0
25	__protein2_rbs	1.6	0.0	0.0
25	__protein3_rbs	1.6	0.0	0.0
25	__ribosome	76.8	0.0	0.0
25	__rnase_site_ext	5.0	0.0	0.0
25	p0	1.0	0.0	0.0
25	p1	1.0	0.0	0.0
25	p2	0.8	0.0	0.0
25	protein1	18.4	2.4	2.3166666
25	protein2	9.6	2.8	2.4
25	protein3	19.0	4.4	2.6238094
25	rnapol	0.4	0.0	0.0
26	__protein1_rbs	1.4	0.0	0.0
26	__protein2_rbs	0.6	0.0	0.0
26	__protein3_rbs	1.2	0.0	0.0
26	__ribosome	75.8	0.0	0.0
26	__rnase_site_ext	5.2	0.0	0.0
26	p0	1.0	0.0	0.0
26	p1	0.8	0.0	0.0
26	p2	1.0	0.0	0.0
26	protein1	19.2	2.4	2.42
26	protein2	11.4	2.6	2.9333334
26	protein3	21.2	4.4	2.6642857999999996
26	rnapol	0.6	0.0	0.0
27	__protein1_rbs	0.8	0.0	0.0
27	__protein2_rbs	1.2	0.0	0.0
27	__protein3_rbs	2.6	0.0	0.0
27	__ribosome	75.0	0.0	0.0
27	__rnase_site_ext	5.6	0.0	0.0
27	p0	1.0	0.0	0.0
27	p1	0.8	0.0	0.0
27	p2	0.2	0.0	0.0
27	protein1	20.2	2.4	2.7
27	protein2	12.4	2.4	3.1666666
27	protein3	22.6	4.4	2.5976192000000005
27	rnapol	0.6	0.0	0.0
28	__protein1_rbs	1.4	0.0	0.0
28	__protein2_rbs	1.2	0.0	0.0
28	__protein3_rbs	1.2	0.0	0.0
28	__ribosome	73.0	0.0	0.0
28	__rnase_site_ext	5.6	0.0	0.0
28	p0	1.0	0.0	0.0
28	p1	0.8	0.0	0.0
28	p2	0.6	0.0	0.0
28	protein1	20.8	2.6	2.7466666
28	protein2	13.6	2.6	3.15
28	protein3	25.4	4.6	2.7042857999999996
28	rnapol	1.0	0.0	0.0
29	__protein1_rbs	0.6	0.0	0.0
29	__protein2_rbs	1.2	0.0	0.0
29	__protein3_rbs	2.6	0.0	0.0
29	__ribosome	72.8	0.0	0.0
29	__rnase_site_ext	5.8	0.0	0.0
29	p0	1.0	0.0	0.0
29	p1	0.6	0.0	0.0
29	p2	0.6	0.0	0.0
29	protein1	22.4	2.6	2.8533334
29	protein2	15.0	2.6	3.0666666
29	protein3	27.2	4.6	2.7223808
29	rnapol	0.6	0.0	0.0
30	__protein1_rbs	1.2	0.0	0.0
30	__protein2_rbs	1.4	0.0	0.0
30	__protein3_rbs	1.6	0.0	0.0
30	__ribosome	72.4	0.0	0.0
30	__rnase_site_ext	6.4	0.0	0.0
30	p0	0.8	0.0	0.0
30	p1	0.6	0.0	0.0
30	p2	0.4	0.0	0.0
30	protein1	23.6	2.6	2.6
30	protein2	16.2	2.6	3.1
30	protein3	30.2	4.8	2.65
30	rnapol	0.2	0.0	0.0
31	__protein1_rbs	1.0	0.0	0.0
31	__protein2_rbs	1.0	0.0	0.0
31	__protein3_rbs	1.6	0.0	0.0
31	__ribosome	70.4	0.0	0.0
31	__rnase_site_ext	6.2	0.0	0.0
31	p0	1.0	0.0	0.0
31	p1	0.8	0.0	0.0
31	p2	0.6	0.0	0.0
31	protein1	24.2	2.8	2.9666666
31	protein2	18.2	2.8	2.7666668000000003
31	protein3	32.2	5.4	2.565
31	rnapol	0.2	0.0	0.0
32	__protein1_rbs	1.4	0.0	0.0
32	__protein2_rbs	0.8	0.0	0.0
32	__protein3_rbs	2.0	0.0	0.0
32	__ribosome	70.2	0.0	0.0
32	__rnase_site_ext	6.2	0.0	0.0
32	p0	1.0	0.0	0.0
32	p1	1.0	0.0	0.0
32	p2	1.0	0.0	0.0
32	protein1	25.8	2.6	2.9166666
32	protein2	20.2	2.6	2.8333334
32	protein3	34.6	5.6	2.58
32	rnapol	0.2	0.0	0.0
33	__protein1_rbs	1.0	0.0	0.0
33	__protein2_rbs	1.4	0.0	0.0
33	__protein3_rbs	2.2	0.0	0.0
33	__ribosome	67.8	0.0	0.0
33	__rnase_site_ext	6.4	0.0	0.0
33	p0	1.0	0.0	0.0
33	p1	0.6	0.0	0.0
33	p2	0.8	0.0	0.0
33	protein1	27.2	2.6	3.1333333999999997
33	protein2	21.2	3.0	2.7833334
33	protein3	37.0	5.8	2.7716666
33	rnapol	0.2	0.0	0.0
34	__protein1_rbs	1.2	0.0	0.0
34	__protein2_rbs	0.8	0.0	0.0
34	__protein3_rbs	3.0	0.0	0.0
34	__ribosome	67.6	0.0	0.0
34	__rnase_site_ext	6.4	0.0	0.0
34	p0	1.0	0.0	0.0
34	p1	1.0	0.0	0.0
34	p2	0.8	0.0	0.0
34	protein1	29.0	2.6	2.9833334
34	protein2	22.8	3.2	2.8733334
34	protein3	39.8	6.2	2.5844446000000003
34	rnapol	0.4	0.0	0.0
35	__protein1_rbs	1.2	0.0	0.0
35	__protein2_rbs	1.2	0.0	0.0
35	__protein3_rbs	2.0	0.0	0.0
35	__ribosome	66.0	0.0	0.0
35	__rnase_site_ext	6.4	0.0	0.0
35	p0	1.0	0.0	0.0
35	p1	0.8	0.0	0.0
35	p2	1.0	0.0	0.0
35	protein1	30.6	2.6	2.95
35	protein2	24.2	3.2	3.0066666
35	protein3	42.2	6.2	2.8311112
35	rnapol	0.8	0.0	0.0
36	__protein1_rbs	1.6	0.0	0.0
36	__protein2_rbs	1.8	0.0	0.0
36	__protein3_rbs	3.4	0.0	0.0
36	__ribosome	66.6	0.0	0.0
36	__rnase_site_ext	6.0	0.0	0.0
36	p0	1.0	0.0	0.0
36	p1	0.6	0.0	0.0
36	p2	0.8	0.0	0.0
36	protein1	32.0	2.6	2.7166666
36	protein2	25.8	3.6	2.59
36	protein3	45.2	6.4	2.7596826
36	rnapol	0.8	0.0	0.0
37	__protein1_rbs	1.4	0.0	0.0
37	__protein2_rbs	1.4	0.0	0.0
37	__protein3_rbs	1.6	0.0	0.0
37	__ribosome	66.4	0.0	0.0
37	__rnase_site_ext	6.2	0.0	0.0
37	p0	1.0	0.0	0.0
37	p1	0.8	0.0	0.0
37	p2	0.6	0.0	0.0
37	protein1	34.2	2.6	2.4333334
37	protein2	27.6	3.6	2.6466666
37	protein3	48.8	6.4	2.8260316000000003
37	rnapol	1.2	0.0	0.0
38	__protein1_rbs	1.2	0.0	0.0
38	__protein2_rbs	2.0	0.0	0.0
38	__protein3_rbs	3.0	0.0	0.0
38	__ribosome	67.0	0.0	0.0
38	__rnase_site_ext	6.2	0.0	0.0
38	p0	0.8	0.0	0.0
38	p1	1.0	0.0	0.0
38	p2	0.8	0.0	0.0
38	protein1	35.4	2.6	2.5833334
38	protein2	29.2	3.6	2.4233334
38	protein3	52.0	6.4	2.7901586
38	rnapol	1.4	0.0	0.0
39	__protein1_rbs	1.6	0.0	0.0
39	__protein2_rbs	1.2	0.0	0.0
39	__protein3_rbs	2.2	0.0	0.0
39	__ribosome	65.8	0.0	0.0
39	__rnase_site_ext	6.0	0.0	0.0
39	p0	1.0	0.0	0.0
39	p1	1.0	0.0	0.0
39	p2	0.6	0.0	0.0
39	protein1	36.6	2.6	2.76
39	protein2	31.2	3.8	2.49
39	protein3	55.0	6.2	2.9373016
39	rnapol	1.8	0.0	0.0
40	__protein1_rbs	0.4	0.0	0.0
40	__protein2_rbs	1.0	0.0	0.0
40	__protein3_rbs	3.0	0.0	0.0
40	__ribosome	64.8	0.0	0.0
40	__rnase_site_ext	6.4	0.0	0.0
40	p0	1.0	0.0	0.0
40	p1	1.0	0.0	0.0
40	p2	0.6	0.0	0.0
40	protein1	38.0	2.4	2.9333334
40	protein2	32.8	3.8	2.7533332
40	protein3	58.6	6.6	2.7390476
40	rnapol	1.4	0.0	0.0
41	__protein1_rbs	1.4	0.0	0.0
41	__protein2_rbs	1.2	0.0	0.0
41	__protein3_rbs	3.2	0.0	0.0
41	__ribosome	65.4	0.0	0.0
41	__rnase_site_ext	6.4	0.0	0.0
41	p0	0.8	0.0	0.0
41	p1	1.0	0.0	0.0
41	p2	0.6	0.0	0.0
41	protein1	39.4	2.6	2.6666666
41	protein2	34.6	3.8	2.7566666
41	protein3	62.4	6.4	2.7221428
41	rnapol	1.0	0.0	0.0
42	__protein1_rbs	1.6	0.0	0.0
42	__protein2_rbs	1.6	0.0	0.0
42	__protein3_rbs	2.4	0.0	0.0
42	__ribosome	64.8	0.0	0.0
42	__rnase_site_ext	6.6	0.0	0.0
42	p0	0.8	0.0	0.0
42	p1	1.0	0.0	0.0
42	p2	0.8	0.0	0.0
42	protein1	40.4	2.6	2.9833334
42	protein2	36.4	3.6	3.1066667999999997
42	protein3	66.2	6.8	2.575
42	rnapol	1.0	0.0	0.0
43	__protein1_rbs	1.2	0.0	0.0
43	__protein2_rbs	1.8	0.0	0.0
43	__protein3_rbs	2.6	0.0	0.0
43	__ribosome	64.8	0.0	0.0
43	__rnase_site_ext	6.6	0.0	0.0
43	p0	1.0	0.0	0.0
43	p1	1.0	0.0	0.0
43	p2	1.0	0.0	0.0
43	protein1	41.8	2.4	3.0
43	protein2	38.0	3.6	3.1166668
43	protein3	69.4	6.6	2.7416666000000003
43	rnapol	1.0	0.0	0.0
44	__protein1_rbs	1.2	0.0	0.0
44	__protein2_rbs	1.8	0.0	0.0
44	__protein3_rbs	2.2	0.0	0.0
44	__ribosome	64.8	0.0	0.0
44	__rnase_site_ext	6.6	0.0	0.0
44	p0	1.0	0.0	0.0
44	p1	0.8	0.0	0.0
44	p2	0.6	0.0	0.0
44	protein1	42.8	2.6	2.9
44	protein2	40.0	3.6	2.9933334
44	protein3	73.2	7.0	2.6590476
44	rnapol	1.2	0.0	0.0
45	__protein1_rbs	1.2	0.0	0.0
45	__protein2_rbs	1.4	0.0	0.0
45	__protein3_rbs	2.2	0.0	0.0
45	__ribosome	63.6	0.0	0.0
45	__rnase_site_ext	6.8	0.0	0.0
45	p0	0.4	0.0	0.0
45	p1	0.6	0.0	0.0
45	p2	0.8	0.0	0.0
45	protein1	44.6	2.6	2.7
45	protein2	42.0	3.6	3.0000002
45	protein3	76.4	7.2	2.6769048
45	rnapol	1.0	0.0	0.0
46	__protein1_rbs	1.4	0.0	0.0
46	__protein2_rbs	1.6	0.0	0.0
46	__protein3_rbs	3.6	0.0	0.0
46	__ribosome	65.4	0.0	0.0
46	__rnase_site_ext	7.2	0.0	0.0
46	p0	1.0	0.0	0.0
46	p1	0.8	0.0	0.0
46	p2	0.8	0.0	0.0
46	protein1	46.0	2.6	2.4
46	protein2	44.8	3.4	3.0866666
46	protein3	79.8	7.2	2.6123807999999995
46	rnapol	0.8	0.0	0.0
47	__protein1_rbs	1.2	0.0	0.0
47	__protein2_rbs	1.6	0.0	0.0
47	__protein3_rbs	3.8	0.0	0.0
47	__ribosome	63.8	0.0	0.0
47	__rnase_site_ext	7.6	0.0	0.0
47	p0	1.0	0.0	0.0
47	p1	0.8	0.0	0.0
47	p2	0.6	0.0	0.0
47	protein1	46.6	3.2	2.44
47	protein2	47.2	3.6	2.8
47	protein3	83.2	7.4	2.6798052
47	rnapol	1.0	0.0	0.0
48	__protein1_rbs	1.4	0.0	0.0
48	__protein2_rbs	1.6	0.0	0.0
48	__protein3_rbs	3.6	0.0	0.0
48	__ribosome	63.2	0.0	0.0
48	__rnase_site_ext	8.0	0.0	0.0
48	p0	1.0	0.0	0.0
48	p1	0.6	0.0	0.0
48	p2	0.8	0.0	0.0
48	protein1	47.8	3.2	2.5
48	protein2	49.4	3.6	2.6500002
48	protein3	87.0	7.6	2.6757576000000003
48	rnapol	0.8	0.0	0.0
49	__protein1_rbs	1.2	0.0	0.0
49	__protein2_rbs	1.8	0.0	0.0
49	__protein3_rbs	3.0	0.0	0.0
49	__ribosome	61.6	0.0	0.0
49	__rnase_site_ext	8.2	0.0	0.0
49	p0	0.8	0.0	0.0
49	p1	0.8	0.0	0.0
49	p2	0.8	0.0	0.0
49	protein1	49.2	3.2	2.5066666
49	protein2	50.6	3.8	2.6333332
49	protein3	89.8	7.8	2.7479798000000004
49	rnapol	0.6	0.0	0.0
50	__protein1_rbs	2.4	0.0	0.0
50	__protein2_rbs	1.0	0.0	0.0
50	__protein3_rbs	4.0	0.0	0.0
50	__ribosome	61.8	0.0	0.0
50	__rnase_site_ext	8.4	0.0	0.0
50	p0	1.0	0.0	0.0
50	p1	1.0	0.0	0.0
50	p2	1.0	0.0	0.0
50	protein1	50.2	3.4	2.3333334
50	protein2	52.4	3.6	2.8600000000000003
50	protein3	95.0	8.2	2.4676768000000004
50	rnapol	1.0	0.0	0.0
51	__protein1_rbs	1.4	0.0	0.0
51	__protein2_rbs	2.8	0.0	0.0
51	__protein3_rbs	2.4	0.0	0.0
51	__ribosome	60.4	0.0	0.0
51	__rnase_site_ext	8.4	0.0	0.0
51	p0	0.8	0.0	0.0
51	p1	0.8	0.0	0.0
51	p2	1.0	0.0	0.0
51	protein1	52.0	3.4	2.3466666000000003
51	protein2	54.2	4.0	2.38
51	protein3	98.8	8.2	2.660606
51	rnapol	0.8	0.0	0.0
52	__protein1_rbs	1.4	0.0	0.0
52	__protein2_rbs	1.0	0.0	0.0
52	__protein3_rbs	4.8	0.0	0.0
52	__ribosome	59.8	0.0	0.0
52	__rnase_site_ext	8.8	0.0	0.0
52	p0	1.0	0.0	0.0
52	p1	0.6	0.0	0.0
52	p2	0.4	0.0	0.0
52	protein1	53.4	3.4	2.68
52	protein2	56.4	4.0	2.5566668
52	protein3	102.8	8.4	2.5222222000000003
52	rnapol	0.4	0.0	0.0
53	__protein1_rbs	1.4	0.0	0.0
53	__protein2_rbs	2.4	0.0	0.0
53	__protein3_rbs	3.6	0.0	0.0
53	__ribosome	58.6	0.0	0.0
53	__rnase_site_ext	9.0	0.0	0.0
53	p0	1.0	0.0	0.0
53	p1	0.8	0.0	0.0
53	p2	0.8	0.0	0.0
53	protein1	55.4	3.8	2.2333334
53	protein2	57.6	4.0	2.72
53	protein3	107.0	8.4	2.5666666
53	rnapol	0.6	0.0	0.0
54	__protein1_rbs	2.0	0.0	0.0
54	__protein2_rbs	1.2	0.0	0.0
54	__protein3_rbs	3.4	0.0	0.0
54	__ribosome	57.4	0.0	0.0
54	__rnase_site_ext	9.2	0.0	0.0
54	p0	1.0	0.0	0.0
54	p1	1.0	0.0	0.0
54	p2	0.8	0.0	0.0
54	protein1	57.0	3.8	2.4133334
54	protein2	59.8	4.2	2.6966666
54	protein3	110.6	8.4	2.6666668
54	rnapol	0.6	0.0	0.0
55	__protein1_rbs	1.2	0.0	0.0
55	__protein2_rbs	2.0	0.0	0.0
55	__protein3_rbs	3.6	0.0	0.0
55	__ribosome	57.2	0.0	0.0
55	__rnase_site_ext	9.2	0.0	0.0
55	p0	1.0	0.0	0.0
55	p1	0.8	0.0	0.0
55	p2	0.6	0.0	0.0
55	protein1	58.0	3.8	2.5066666
55	protein2	62.4	4.4	2.3666666000000003
55	protein3	115.0	9.0	2.4713798
55	rnapol	1.0	0.0	0.0
56	__protein1_rbs	1.6	0.0	0.0
56	__protein2_rbs	2.0	0.0	0.0
56	__protein3_rbs	3.6	0.0	0.0
56	__ribosome	55.8	0.0	0.0
56	__rnase_site_ext	9.8	0.0	0.0
56	p0	0.8	0.0	0.0
56	p1	1.0	0.0	0.0
56	p2	0.6	0.0	0.0
56	protein1	59.8	3.8	2.4
56	protein2	63.8	4.4	2.5866666
56	protein3	118.8	8.8	2.6458732000000005
56	rnapol	0.6	0.0	0.0
57	__protein1_rbs	2.4	0.0	0.0
57	__protein2_rbs	2.2	0.0	0.0
57	__protein3_rbs	5.0	0.0	0.0
57	__ribosome	58.2	0.0	0.0
57	__rnase_site_ext	10.0	0.0	0.0
57	p0	1.0	0.0	0.0
57	p1	1.0	0.0	0.0
57	p2	0.6	0.0	0.0
57	protein1	62.2	3.8	2.3333332
57	protein2	65.6	4.2	2.63
57	protein3	123.8	8.8	2.4420636000000004
57	rnapol	0.6	0.0	0.0
58	__protein1_rbs	1.2	0.0	0.0
58	__protein2_rbs	2.6	0.0	0.0
58	__protein3_rbs	4.2	0.0	0.0
58	__ribosome	56.8	0.0	0.0
58	__rnase_site_ext	10.4	0.0	0.0
58	p0	1.0	0.0	0.0
58	p1	0.6	0.0	0.0
58	p2	0.6	0.0	0.0
58	protein1	64.0	4.0	2.4833334
58	protein2	67.6	4.4	2.4199998000000003
58	protein3	128.2	9.2	2.4247620000000003
58	rnapol	0.0	0.0	0.0
59	__protein1_rbs	2.0	0.0	0.0
59	__protein2_rbs	2.4	0.0	0.0
59	__protein3_rbs	4.8	0.0	0.0
59	__ribosome	58.0	0.0	0.0
59	__rnase_site_ext	10.2	0.0	0.0
59	p0	1.0	0.0	0.0
59	p1	0.8	0.0	0.0
59	p2	0.8	0.0	0.0
59	protein1	66.0	3.8	2.7833334
59	protein2	70.6	4.2	2.2733332
59	protein3	132.4	9.6	2.389505600000001
59	rnapol	0.2	0.0	0.0
60	__protein1_rbs	1.8	0.0	0.0
60	__protein2_rbs	1.6	0.0	0.0
60	__protein3_rbs	4.0	0.0	0.0
60	__ribosome	55.0	0.0	0.0
60	__rnase_site_ext	10.2	0.0	0.0
60	p0	1.0	0.0	0.0
60	p1	1.0	0.0	0.0
60	p2	0.4	0.0	0.0
60	protein1	68.0	3.8	2.7366667999999996
60	protein2	72.4	4.2	2.4266666
60	protein3	136.4	10.4	2.4906203999999996
60	rnapol	0.2	0.0	0.0
61	__protein1_rbs	2.2	0.0	0.0
61	__protein2_rbs	2.6	0.0	0.0
61	__protein3_rbs	4.4	0.0	0.0
61	__ribosome	55.2	0.0	0.0
61	__rnase_site_ext	10.4	0.0	0.0
61	p0	0.8	0.0	0.0
61	p1	1.0	0.0	0.0
61	p2	0.6	0.0	0.0
61	protein1	69.2	3.8	2.6366666000000003
61	protein2	74.8	4.2	2.19
61	protein3	141.2	10.4	2.5079366000000003
61	rnapol	0.4	0.0	0.0
62	__protein1_rbs	1.0	0.0	0.0
62	__protein2_rbs	1.2	0.0	0.0
62	__protein3_rbs	5.4	0.0	0.0
62	__ribosome	52.6	0.0	0.0
62	__rnase_site_ext	10.6	0.0	0.0
62	p0	1.0	0.0	0.0
62	p1	1.0	0.0	0.0
62	p2	0.8	0.0	0.0
62	protein1	71.4	3.8	2.7366666
62	protein2	76.4	4.4	2.3333334
62	protein3	145.2	10.0	2.86456
62	rnapol	0.4	0.0	0.0
63	__protein1_rbs	2.2	0.0	0.0
63	__protein2_rbs	2.6	0.0	0.0
63	__protein3_rbs	4.8	0.0	0.0
63	__ribosome	52.6	0.0	0.0
63	__rnase_site_ext	11.0	0.0	0.0
63	p0	1.0	0.0	0.0
63	p1	0.8	0.0	0.0
63	p2	0.4	0.0	0.0
63	protein1	73.8	4.0	2.2666666
63	protein2	78.2	4.4	2.4333334
63	protein3	150.4	10.6	2.6506925999999997
63	rnapol	0.4	0.0	0.0
64	__protein1_rbs	2.2	0.0	0.0
64	__protein2_rbs	1.8	0.0	0.0
64	__protein3_rbs	5.8	0.0	0.0
64	__ribosome	50.2	0.0	0.0
64	__rnase_site_ext	11.0	0.0	0.0
64	p0	1.0	0.0	0.0
64	p1	1.0	0.0	0.0
64	p2	1.0	0.0	0.0
64	protein1	75.2	4.0	2.23
64	protein2	79.8	4.4	2.6333332
64	protein3	155.0	10.8	2.6278356
64	rnapol	0.8	0.0	0.0
65	__protein1_rbs	1.2	0.0	0.0
65	__protein2_rbs	2.2	0.0	0.0
65	__protein3_rbs	5.2	0.0	0.0
65	__ribosome	51.6	0.0	0.0
65	__rnase_site_ext	11.2	0.0	0.0
65	p0	0.8	0.0	0.0
65	p1	1.0	0.0	0.0
65	p2	0.8	0.0	0.0
65	protein1	77.4	4.0	2.4966666
65	protein2	82.8	4.4	2.4333334
65	protein3	161.0	11.0	2.4595204
65	rnapol	1.2	0.0	0.0
66	__protein1_rbs	1.8	0.0	0.0
66	__protein2_rbs	1.8	0.0	0.0
66	__protein3_rbs	6.0	0.0	0.0
66	__ribosome	50.4	0.0	0.0
66	__rnase_site_ext	11.4	0.0	0.0
66	p0	1.0	0.0	0.0
66	p1	1.0	0.0	0.0
66	p2	0.6	0.0	0.0
66	protein1	78.8	4.0	2.6666666
66	protein2	84.0	4.6	2.6166666000000003
66	protein3	166.0	11.2	2.4045454
66	rnapol	1.4	0.0	0.0
67	__protein1_rbs	1.8	0.0	0.0
67	__protein2_rbs	2.4	0.0	0.0
67	__protein3_rbs	5.2	0.0	0.0
67	__ribosome	49.6	0.0	0.0
67	__rnase_site_ext	11.4	0.0	0.0
67	p0	0.8	0.0	0.0
67	p1	0.8	0.0	0.0
67	p2	0.4	0.0	0.0
67	protein1	81.0	4.0	2.6266666
67	protein2	86.2	4.6	2.5666667999999997
67	protein3	171.8	11.2	2.4902598
67	rnapol	1.4	0.0	0.0
68	__protein1_rbs	2.0	0.0	0.0
68	__protein2_rbs	2.2	0.0	0.0
68	__protein3_rbs	5.0	0.0	0.0
68	__ribosome	49.8	0.0	0.0
68	__rnase_site_ext	11.4	0.0	0.0
68	p0	0.8	0.0	0.0
68	p1	0.8	0.0	0.0
68	p2	1.0	0.0	0.0
68	protein1	83.0	4.2	2.3933334000000004
68	protein2	88.6	4.6	2.5166668000000003
68	protein3	177.4	11.4	2.4836164000000003
68	rnapol	1.4	0.0	0.0
69	__protein1_rbs	2.2	0.0	0.0
69	__protein2_rbs	2.0	0.0	0.0
69	__protein3_rbs	7.2	0.0	0.0
69	__ribosome	50.8	0.0	0.0
69	__rnase_site_ext	12.0	0.0	0.0
69	p0	0.8	0.0	0.0
69	p1	1.0	0.0	0.0
69	p2	0.6	0.0	0.0
69	protein1	85.0	4.2	2.38
69	protein2	91.2	4.6	2.3833333999999997
69	protein3	182.4	12.0	2.3326406000000004
69	rnapol	0.8	0.0	0.0
70	__protein1_rbs	2.0	0.0	0.0
70	__protein2_rbs	2.2	0.0	0.0
70	__protein3_rbs	6.4	0.0	0.0
70	__ribosome	49.4	0.0	0.0
70	__rnase_site_ext	12.0	0.0	0.0
70	p0	1.0	0.0	0.0
70	p1	1.0	0.0	0.0
70	p2	0.8	0.0	0.0
70	protein1	87.2	4.2	2.48
70	protein2	93.0	4.6	2.5666666
70	protein3	187.4	11.8	2.4254012
70	rnapol	1.0	0.0	0.0
71	__protein1_rbs	2.2	0.0	0.0
71	__protein2_rbs	2.4	0.0	0.0
71	__protein3_rbs	5.2	0.0	0.0
71	__ribosome	51.2	0.0	0.0
71	__rnase_site_ext	12.0	0.0	0.0
71	p0	1.0	0.0	0.0
71	p1	0.8	0.0	0.0
71	p2	0.6	0.0	0.0
71	protein1	89.4	4.4	2.3033334000000005
71	protein2	95.6	4.8	2.34
71	protein3	194.0	12.0	2.3296452000000003
71	rnapol	1.0	0.0	0.0
72	__protein1_rbs	2.6	0.0	0.0
72	__protein2_rbs	2.6	0.0	0.0
72	__protein3_rbs	4.8	0.0	0.0
72	__ribosome	50.0	0.0	0.0
72	__rnase_site_ext	12.2	0.0	0.0
72	p0	0.8	0.0	0.0
72	p1	0.6	0.0	0.0
72	p2	0.6	0.0	0.0
72	protein1	91.2	4.4	2.3133334000000003
72	protein2	97.6	4.8	2.27
72	protein3	198.4	11.6	2.5429777999999996
72	rnapol	0.8	0.0	0.0
73	__protein1_rbs	2.6	0.0	0.0
73	__protein2_rbs	2.2	0.0	0.0
73	__protein3_rbs	4.8	0.0	0.0
73	__ribosome	49.0	0.0	0.0
73	__rnase_site_ext	12.8	0.0	0.0
73	p0	1.0	0.0	0.0
73	p1	0.8	0.0	0.0
73	p2	0.8	0.0	0.0
73	protein1	93.2	4.4	2.3266666000000003
73	protein2	99.6	4.8	2.37
73	protein3	204.6	11.8	2.5478544
73	rnapol	0.8	0.0	0.0
74	__protein1_rbs	2.6	0.0	0.0
74	__protein2_rbs	2.2	0.0	0.0
74	__protein3_rbs	6.2	0.0	0.0
74	__ribosome	48.6	0.0	0.0
74	__rnase_site_ext	12.8	0.0	0.0
74	p0	1.0	0.0	0.0
74	p1	0.8	0.0	0.0
74	p2	0.8	0.0	0.0
74	protein1	95.4	4.6	2.1185713999999995
74	protein2	102.0	4.8	2.4366668
74	protein3	209.4	12.0	2.5306048
74	rnapol	1.0	0.0	0.0
75	__protein1_rbs	1.8	0.0	0.0
75	__protein2_rbs	1.6	0.0	0.0
75	__protein3_rbs	7.6	0.0	0.0
75	__ribosome	47.4	0.0	0.0
75	__rnase_site_ext	12.2	0.0	0.0
75	p0	1.0	0.0	0.0
75	p1	0.6	0.0	0.0
75	p2	1.0	0.0	0.0
75	protein1	97.6	4.6	2.1985714
75	protein2	104.2	5.0	2.5733334
75	protein3	214.0	12.4	2.3558824
75	rnapol	1.0	0.0	0.0
76	__protein1_rbs	2.6	0.0	0.0
76	__protein2_rbs	2.8	0.0	0.0
76	__protein3_rbs	6.6	0.0	0.0
76	__ribosome	45.4	0.0	0.0
76	__rnase_site_ext	12.8	0.0	0.0
76	p0	0.8	0.0	0.0
76	p1	0.8	0.0	0.0
76	p2	0.4	0.0	0.0
76	protein1	99.2	4.6	2.3785714
76	protein2	105.4	5.2	2.6433334000000004
76	protein3	220.0	12.6	2.3502478
76	rnapol	0.8	0.0	0.0
77	__protein1_rbs	2.6	0.0	0.0
77	__protein2_rbs	2.2	0.0	0.0
77	__protein3_rbs	5.4	0.0	0.0
77	__ribosome	45.4	0.0	0.0
77	__rnase_site_ext	12.8	0.0	0.0
77	p0	0.8	0.0	0.0
77	p1	0.8	0.0	0.0
77	p2	0.8	0.0	0.0
77	protein1	101.4	4.8	2.335
77	protein2	107.6	5.2	2.830476
77	protein3	227.4	12.6	2.3309522
77	rnapol	0.6	0.0	0.0
78	__protein1_rbs	2.6	0.0	0.0
78	__protein2_rbs	3.2	0.0	0.0
78	__protein3_rbs	5.8	0.0	0.0
78	__ribosome	44.8	0.0	0.0
78	__rnase_site_ext	13.0	0.0	0.0
78	p0	1.0	0.0	0.0
78	p1	1.0	0.0	0.0
78	p2	1.0	0.0	0.0
78	protein1	103.0	4.8	2.445
78	protein2	110.2	5.4	2.750476
78	protein3	232.4	12.0	2.4648052000000003
78	rnapol	0.8	0.0	0.0
79	__protein1_rbs	2.4	0.0	0.0
79	__protein2_rbs	3.2	0.0	0.0
79	__protein3_rbs	5.6	0.0	0.0
79	__ribosome	46.2	0.0	0.0
79	__rnase_site_ext	13.0	0.0	0.0
79	p0	0.8	0.0	0.0
79	p1	0.8	0.0	0.0
79	p2	1.0	0.0	0.0
79	protein1	104.8	4.8	3.0716666
79	protein2	113.8	5.6	2.3619048
79	protein3	238.2	12.0	2.487143
79	rnapol	0.6	0.0	0.0
80	__protein1_rbs	2.4	0.0	0.0
80	__protein2_rbs	3.0	0.0	0.0
80	__protein3_rbs	5.6	0.0	0.0
80	__ribosome	46.6	0.0	0.0
80	__rnase_site_ext	13.2	0.0	0.0
80	p0	0.6	0.0	0.0
80	p1	0.8	0.0	0.0
80	p2	0.6	0.0	0.0
80	protein1	108.0	4.8	2.2519047999999997
80	protein2	116.8	5.8	2.1952382000000004
80	protein3	243.8	12.0	2.5357144000000003
80	rnapol	0.4	0.0	0.0
81	__protein1_rbs	2.8	0.0	0.0
81	__protein2_rbs	2.0	0.0	0.0
81	__protein3_rbs	6.4	0.0	0.0
81	__ribosome	45.4	0.0	0.0
81	__rnase_site_ext	13.2	0.0	0.0
81	p0	1.0	0.0	0.0
81	p1	0.6	0.0	0.0
81	p2	0.8	0.0	0.0
81	protein1	109.6	4.8	2.3704762
81	protein2	118.6	5.8	2.5261906
81	protein3	249.6	12.0	2.4085714
81	rnapol	0.6	0.0	0.0
82	__protein1_rbs	2.8	0.0	0.0
82	__protein2_rbs	3.6	0.0	0.0
82	__protein3_rbs	5.8	0.0	0.0
82	__ribosome	48.4	0.0	0.0
82	__rnase_site_ext	13.4	0.0	0.0
82	p0	1.0	0.0	0.0
82	p1	0.8	0.0	0.0
82	p2	0.6	0.0	0.0
82	protein1	112.2	5.2	2.0428572
82	protein2	121.6	5.8	2.3190474
82	protein3	256.0	12.0	2.374762
82	rnapol	0.6	0.0	0.0
83	__protein1_rbs	3.2	0.0	0.0
83	__protein2_rbs	2.2	0.0	0.0
83	__protein3_rbs	6.2	0.0	0.0
83	__ribosome	46.0	0.0	0.0
83	__rnase_site_ext	13.8	0.0	0.0
83	p0	1.0	0.0	0.0
83	p1	1.0	0.0	0.0
83	p2	0.6	0.0	0.0
83	protein1	114.0	5.2	2.1171428000000003
83	protein2	124.0	6.0	2.4523808
83	protein3	261.4	12.2	2.3511904
83	rnapol	0.4	0.0	0.0
84	__protein1_rbs	3.0	0.0	0.0
84	__protein2_rbs	2.8	0.0	0.0
84	__protein3_rbs	6.4	0.0	0.0
84	__ribosome	45.6	0.0	0.0
84	__rnase_site_ext	14.0	0.0	0.0
84	p0	1.0	0.0	0.0
84	p1	0.8	0.0	0.0
84	p2	0.6	0.0	0.0
84	protein1	116.4	5.2	2.1571428
84	protein2	126.4	6.0	2.5595237999999996
84	protein3	267.8	12.6	2.2323414
84	rnapol	0.4	0.0	0.0
85	__protein1_rbs	2.0	0.0	0.0
85	__protein2_rbs	2.8	0.0	0.0
85	__protein3_rbs	7.0	0.0	0.0
85	__ribosome	44.0	0.0	0.0
85	__rnase_site_ext	13.8	0.0	0.0
85	p0	1.0	0.0	0.0
85	p1	0.6	0.0	0.0
85	p2	0.4	0.0	0.0
85	protein1	118.2	5.2	2.46
85	protein2	129.0	6.0	2.6926192
85	protein3	273.6	13.2	2.1796368
85	rnapol	0.6	0.0	0.0
86	__protein1_rbs	3.2	0.0	0.0
86	__protein2_rbs	3.2	0.0	0.0
86	__protein3_rbs	6.8	0.0	0.0
86	__ribosome	44.2	0.0	0.0
86	__rnase_site_ext	13.8	0.0	0.0
86	p0	0.8	0.0	0.0
86	p1	0.8	0.0	0.0
86	p2	0.8	0.0	0.0
86	protein1	120.4	5.0	2.492857
86	protein2	132.8	6.0	2.4916666000000003
86	protein3	278.4	13.0	2.3044232000000004
86	rnapol	0.2	0.0	0.0
87	__protein1_rbs	2.4	0.0	0.0
87	__protein2_rbs	2.8	0.0	0.0
87	__protein3_rbs	5.8	0.0	0.0
87	__ribosome	40.6	0.0	0.0
87	__rnase_site_ext	14.0	0.0	0.0
87	p0	1.0	0.0	0.0
87	p1	0.6	0.0	0.0
87	p2	0.8	0.0	0.0
87	protein1	122.6	5.0	2.4428572
87	protein2	134.8	5.8	2.7983334
87	protein3	283.2	13.4	2.3754487999999996
87	rnapol	0.2	0.0	0.0
88	__protein1_rbs	3.2	0.0	0.0
88	__protein2_rbs	3.8	0.0	0.0
88	__protein3_rbs	6.8	0.0	0.0
88	__ribosome	42.8	0.0	0.0
88	__rnase_site_ext	14.2	0.0	0.0
88	p0	1.0	0.0	0.0
88	p1	1.0	0.0	0.0
88	p2	0.6	0.0	0.0
88	protein1	124.6	5.2	2.3657142
88	protein2	138.4	6.2	2.3116666
88	protein3	289.6	13.8	2.265833
88	rnapol	0.2	0.0	0.0
89	__protein1_rbs	2.0	0.0	0.0
89	__protein2_rbs	3.2	0.0	0.0
89	__protein3_rbs	6.4	0.0	0.0
89	__ribosome	41.8	0.0	0.0
89	__rnase_site_ext	14.2	0.0	0.0
89	p0	1.0	0.0	0.0
89	p1	1.0	0.0	0.0
89	p2	0.8	0.0	0.0
89	protein1	127.6	5.2	2.3114286
89	protein2	140.8	6.2	2.2783333999999997
89	protein3	295.6	13.8	2.3419334
89	rnapol	0.6	0.0	0.0
90	__protein1_rbs	3.2	0.0	0.0
90	__protein2_rbs	4.2	0.0	0.0
90	__protein3_rbs	7.8	0.0	0.0
90	__ribosome	44.2	0.0	0.0
90	__rnase_site_ext	14.0	0.0	0.0
90	p0	1.0	0.0	0.0
90	p1	1.0	0.0	0.0
90	p2	0.8	0.0	0.0
90	protein1	130.0	5.2	2.1542858
90	protein2	144.2	6.4	1.9916666
90	protein3	301.4	14.0	2.2871482000000003
90	rnapol	0.8	0.0	0.0
91	__protein1_rbs	3.0	0.0	0.0
91	__protein2_rbs	3.2	0.0	0.0
91	__protein3_rbs	7.8	0.0	0.0
91	__ribosome	43.4	0.0	0.0
91	__rnase_site_ext	14.0	0.0	0.0
91	p0	0.8	0.0	0.0
91	p1	1.0	0.0	0.0
91	p2	1.0	0.0	0.0
91	protein1	131.8	5.0	2.4057142000000002
91	protein2	147.6	6.6	1.9671428
91	protein3	308.0	14.2	2.215161
91	rnapol	1.0	0.0	0.0
92	__protein1_rbs	2.8	0.0	0.0
92	__protein2_rbs	3.4	0.0	0.0
92	__protein3_rbs	9.2	0.0	0.0
92	__ribosome	42.4	0.0	0.0
92	__rnase_site_ext	14.0	0.0	0.0
92	p0	0.8	0.0	0.0
92	p1	0.8	0.0	0.0
92	p2	0.8	0.0	0.0
92	protein1	134.0	4.8	2.56
92	protein2	149.6	6.6	2.0778572
92	protein3	313.4	14.6	2.1469096000000003
92	rnapol	1.0	0.0	0.0
93	__protein1_rbs	2.4	0.0	0.0
93	__protein2_rbs	4.0	0.0	0.0
93	__protein3_rbs	9.0	0.0	0.0
93	__ribosome	44.6	0.0	0.0
93	__rnase_site_ext	14.2	0.0	0.0
93	p0	1.0	0.0	0.0
93	p1	1.0	0.0	0.0
93	p2	0.8	0.0	0.0
93	protein1	136.4	4.8	2.5500002000000004
93	protein2	152.2	6.6	2.1185714
93	protein3	320.8	14.6	2.0086756
93	rnapol	1.4	0.0	0.0
94	__protein1_rbs	2.4	0.0	0.0
94	__protein2_rbs	2.6	0.0	0.0
94	__protein3_rbs	8.0	0.0	0.0
94	__ribosome	42.6	0.0	0.0
94	__rnase_site_ext	14.2	0.0	0.0
94	p0	0.8	0.0	0.0
94	p1	1.0	0.0	0.0
94	p2	0.8	0.0	0.0
94	protein1	139.4	5.0	2.3066666
94	protein2	154.2	6.6	2.3992858000000004
94	protein3	326.8	14.6	2.0280112000000003
94	rnapol	1.2	0.0	0.0
95	__protein1_rbs	2.8	0.0	0.0
95	__protein2_rbs	4.4	0.0	0.0
95	__protein3_rbs	8.6	0.0	0.0
95	__ribosome	42.8	0.0	0.0
95	__rnase_site_ext	14.6	0.0	0.0
95	p0	0.8	0.0	0.0
95	p1	1.0	0.0	0.0
95	p2	0.2	0.0	0.0
95	protein1	141.8	5.2	2.3304762
95	protein2	156.8	6.8	2.28
95	protein3	332.8	14.6	1.9939991999999997
95	rnapol	0.6	0.0	0.0
96	__protein1_rbs	2.0	0.0	0.0
96	__protein2_rbs	3.6	0.0	0.0
96	__protein3_rbs	7.6	0.0	0.0
96	__ribosome	43.2	0.0	0.0
96	__rnase_site_ext	14.4	0.0	0.0
96	p0	1.0	0.0	0.0
96	p1	1.0	0.0	0.0
96	p2	0.8	0.0	0.0
96	protein1	144.4	5.4	2.3723808
96	protein2	160.6	6.4	2.2607142000000002
96	protein3	339.2	14.8	1.999487
96	rnapol	1.0	0.0	0.0
97	__protein1_rbs	2.2	0.0	0.0
97	__protein2_rbs	3.8	0.0	0.0
97	__protein3_rbs	8.8	0.0	0.0
97	__ribosome	40.8	0.0	0.0
97	__rnase_site_ext	14.6	0.0	0.0
97	p0	0.8	0.0	0.0
97	p1	0.8	0.0	0.0
97	p2	1.0	0.0	0.0
97	protein1	146.4	5.4	2.3914286
97	protein2	162.6	6.2	2.5242858000000004
97	protein3	344.4	15.2	1.9950606
97	rnapol	1.0	0.0	0.0
98	__protein1_rbs	4.0	0.0	0.0
98	__protein2_rbs	3.6	0.0	0.0
98	__protein3_rbs	8.4	0.0	0.0
98	__ribosome	39.6	0.0	0.0
98	__rnase_site_ext	14.4	0.0	0.0
98	p0	0.8	0.0	0.0
98	p1	0.6	0.0	0.0
98	p2	0.8	0.0	0.0
98	protein1	148.2	5.6	2.38
98	protein2	166.2	6.2	2.3640476
98	protein3	349.2	15.6	2.1119297999999995
98	rnapol	0.8	0.0	0.0
99	__protein1_rbs	4.2	0.0	0.0
99	__protein2_rbs	2.8	0.0	0.0
99	__protein3_rbs	7.4	0.0	0.0
99	__ribosome	41.4	0.0	0.0
99	__rnase_site_ext	14.6	0.0	0.0
99	p0	0.8	0.0	0.0
99	p1	0.6	0.0	0.0
99	p2	1.0	0.0	0.0
99	protein1	151.8	5.6	2.0
99	protein2	169.8	6.2	2.2557142000000003
99	protein3	356.0	15.4	2.173611
99	rnapol	0.6	0.0	0.0
100	__protein1_rbs	3.4	0.0	0.0
100	__protein2_rbs	3.6	0.0	0.0
100	__protein3_rbs	8.2	0.0	0.0
100	__ribosome	40.0	0.0	0.0
100	__rnase_site_ext	14.4	0.0	0.0
100	p0	0.8	0.0	0.0
100	p1	0.8	0.0	0.0
100	p2	0.8	0.0	0.0
100	protein1	153.6	5.8	1.9123808
100	protein2	172.4	6.2	2.2350000000000003
100	protein3	361.0	15.4	2.2647222
100	rnapol	0.4	0.0	0.0
101	__protein1_rbs	3.8	0.0	0.0
101	__protein2_rbs	4.0	0.0	0.0
101	__protein3_rbs	8.0	0.0	0.0
101	__ribosome	42.0	0.0	0.0
101	__rnase_site_ext	14.4	0.0	0.0
101	p0	1.0	0.0	0.0
101	p1	0.8	0.0	0.0
101	p2	1.0	0.0	0.0
101	protein1	156.6	6.0	1.7402380000000002
101	protein2	175.6	6.6	1.9976192
101	protein3	368.8	15.4	2.2254903999999995
101	rnapol	0.6	0.0	0.0
102	__protein1_rbs	2.8	0.0	0.0
102	__protein2_rbs	3.4	0.0	0.0
102	__protein3_rbs	7.6	0.0	0.0
102	__ribosome	39.6	0.0	0.0
102	__rnase_site_ext	14.2	0.0	0.0
102	p0	1.0	0.0	0.0
102	p1	0.8	0.0	0.0
102	p2	1.0	0.0	0.0
102	protein1	159.6	6.2	1.8190476000000002
102	protein2	177.8	6.6	2.0234126
102	protein3	374.2	14.8	2.4174992000000004
102	rnapol	1.0	0.0	0.0
103	__protein1_rbs	3.6	0.0	0.0
103	__protein2_rbs	4.0	0.0	0.0
103	__protein3_rbs	8.2	0.0	0.0
103	__ribosome	39.8	0.0	0.0
103	__rnase_site_ext	14.6	0.0	0.0
103	p0	1.0	0.0	0.0
103	p1	0.8	0.0	0.0
103	p2	0.4	0.0	0.0
103	protein1	161.6	5.8	1.9578572
103	protein2	179.8	6.6	2.1345238
103	protein3	380.8	14.4	2.4908712000000004
103	rnapol	1.0	0.0	0.0
104	__protein1_rbs	3.2	0.0	0.0
104	__protein2_rbs	3.4	0.0	0.0
104	__protein3_rbs	7.2	0.0	0.0
104	__ribosome	39.2	0.0	0.0
104	__rnase_site_ext	15.0	0.0	0.0
104	p0	0.6	0.0	0.0
104	p1	0.8	0.0	0.0
104	p2	0.6	0.0	0.0
104	protein1	163.0	5.8	2.2407142
104	protein2	183.4	6.6	2.0412698000000002
104	protein3	388.6	14.4	2.4822511999999994
104	rnapol	0.4	0.0	0.0
105	__protein1_rbs	3.2	0.0	0.0
105	__protein2_rbs	3.6	0.0	0.0
105	__protein3_rbs	7.8	0.0	0.0
105	__ribosome	38.4	0.0	0.0
105	__rnase_site_ext	15.4	0.0	0.0
105	p0	1.0	0.0	0.0
105	p1	0.8	0.0	0.0
105	p2	0.6	0.0	0.0
105	protein1	165.2	5.8	2.2171428
105	protein2	186.0	6.8	2.1666668
105	protein3	394.8	14.6	2.4241257999999997
105	rnapol	0.4	0.0	0.0
106	__protein1_rbs	3.6	0.0	0.0
106	__protein2_rbs	3.6	0.0	0.0
106	__protein3_rbs	8.4	0.0	0.0
106	__ribosome	39.6	0.0	0.0
106	__rnase_site_ext	15.4	0.0	0.0
106	p0	1.0	0.0	0.0
106	p1	0.6	0.0	0.0
106	p2	0.8	0.0	0.0
106	protein1	168.4	6.0	2.0535714
106	protein2	188.8	6.8	2.2250002
106	protein3	402.4	15.0	2.2797987999999996
106	rnapol	0.6	0.0	0.0
107	__protein1_rbs	3.6	0.0	0.0
107	__protein2_rbs	4.8	0.0	0.0
107	__protein3_rbs	7.0	0.0	0.0
107	__ribosome	38.8	0.0	0.0
107	__rnase_site_ext	15.2	0.0	0.0
107	p0	1.0	0.0	0.0
107	p1	0.6	0.0	0.0
107	p2	0.8	0.0	0.0
107	protein1	170.6	5.8	2.1135714
107	protein2	191.2	6.8	2.095238
107	protein3	409.4	15.2	2.3155208000000003
107	rnapol	0.6	0.0	0.0
108	__protein1_rbs	3.6	0.0	0.0
108	__protein2_rbs	3.4	0.0	0.0
108	__protein3_rbs	8.4	0.0	0.0
108	__ribosome	37.6	0.0	0.0
108	__rnase_site_ext	15.2	0.0	0.0
108	p0	1.0	0.0	0.0
108	p1	1.0	0.0	0.0
108	p2	0.8	0.0	0.0
108	protein1	172.8	5.8	2.1057142000000004
108	protein2	194.0	6.8	2.1321428
108	protein3	415.4	15.4	2.3174372
108	rnapol	0.6	0.0	0.0
109	__protein1_rbs	3.0	0.0	0.0
109	__protein2_rbs	3.8	0.0	0.0
109	__protein3_rbs	9.6	0.0	0.0
109	__ribosome	39.2	0.0	0.0
109	__rnase_site_ext	15.2	0.0	0.0
109	p0	0.8	0.0	0.0
109	p1	1.0	0.0	0.0
109	p2	1.0	0.0	0.0
109	protein1	174.6	5.8	2.1921428
109	protein2	197.4	7.0	2.0242064
109	protein3	423.2	15.6	2.1435644
109	rnapol	0.6	0.0	0.0
110	__protein1_rbs	3.0	0.0	0.0
110	__protein2_rbs	3.6	0.0	0.0
110	__protein3_rbs	7.2	0.0	0.0
110	__ribosome	38.0	0.0	0.0
110	__rnase_site_ext	15.2	0.0	0.0
110	p0	1.0	0.0	0.0
110	p1	0.6	0.0	0.0
110	p2	0.8	0.0	0.0
110	protein1	177.6	5.8	2.2278572
110	protein2	200.0	7.0	2.0321428
110	protein3	429.4	15.8	2.2423076
110	rnapol	0.8	0.0	0.0
111	__protein1_rbs	2.4	0.0	0.0
111	__protein2_rbs	3.8	0.0	0.0
111	__protein3_rbs	6.8	0.0	0.0
111	__ribosome	36.6	0.0	0.0
111	__rnase_site_ext	15.4	0.0	0.0
111	p0	0.8	0.0	0.0
111	p1	0.6	0.0	0.0
111	p2	0.4	0.0	0.0
111	protein1	180.8	6.0	2.1502380000000003
111	protein2	203.0	7.0	2.0007936
111	protein3	436.2	15.8	2.310411
111	rnapol	0.8	0.0	0.0
112	__protein1_rbs	3.4	0.0	0.0
112	__protein2_rbs	4.2	0.0	0.0
112	__protein3_rbs	9.6	0.0	0.0
112	__ribosome	38.6	0.0	0.0
112	__rnase_site_ext	15.4	0.0	0.0
112	p0	1.0	0.0	0.0
112	p1	1.0	0.0	0.0
112	p2	0.8	0.0	0.0
112	protein1	183.2	6.0	2.1509523999999995
112	protein2	205.2	7.0	2.0456348
112	protein3	444.0	15.8	2.188749
112	rnapol	1.2	0.0	0.0
113	__protein1_rbs	2.8	0.0	0.0
113	__protein2_rbs	3.4	0.0	0.0
113	__protein3_rbs	9.2	0.0	0.0
113	__ribosome	35.8	0.0	0.0
113	__rnase_site_ext	15.6	0.0	0.0
113	p0	0.8	0.0	0.0
113	p1	1.0	0.0	0.0
113	p2	0.8	0.0	0.0
113	protein1	185.0	6.2	2.4028572
113	protein2	208.0	7.0	2.1928572
113	protein3	450.2	15.8	2.234188
113	rnapol	1.0	0.0	0.0
114	__protein1_rbs	3.6	0.0	0.0
114	__protein2_rbs	4.6	0.0	0.0
114	__protein3_rbs	9.8	0.0	0.0
114	__ribosome	36.6	0.0	0.0
114	__rnase_site_ext	16.4	0.0	0.0
114	p0	1.0	0.0	0.0
114	p1	0.8	0.0	0.0
114	p2	0.4	0.0	0.0
114	protein1	187.4	6.2	2.4216666
114	protein2	211.2	7.2	2.0321428
114	protein3	456.0	15.6	2.23634
114	rnapol	0.8	0.0	0.0
115	__protein1_rbs	3.0	0.0	0.0
115	__protein2_rbs	3.8	0.0	0.0
115	__protein3_rbs	8.8	0.0	0.0
115	__ribosome	35.0	0.0	0.0
115	__rnase_site_ext	16.6	0.0	0.0
115	p0	1.0	0.0	0.0
115	p1	1.0	0.0	0.0
115	p2	0.4	0.0	0.0
115	protein1	189.8	6.4	2.4583334
115	protein2	213.8	7.4	2.1194444
115	protein3	463.0	15.6	2.1993766
115	rnapol	0.6	0.0	0.0
116	__protein1_rbs	4.8	0.0	0.0
116	__protein2_rbs	4.4	0.0	0.0
116	__protein3_rbs	9.8	0.0	0.0
116	__ribosome	40.0	0.0	0.0
116	__rnase_site_ext	16.6	0.0	0.0
116	p0	0.8	0.0	0.0
116	p1	0.8	0.0	0.0
116	p2	0.8	0.0	0.0
116	protein1	193.4	6.4	2.08
116	protein2	217.4	7.4	2.025
116	protein3	471.4	16.0	1.9937441999999999
116	rnapol	0.4	0.0	0.0
117	__protein1_rbs	3.2	0.0	0.0
117	__protein2_rbs	3.8	0.0	0.0
117	__protein3_rbs	9.6	0.0	0.0
117	__ribosome	38.0	0.0	0.0
117	__rnase_site_ext	16.6	0.0	0.0
117	p0	1.0	0.0	0.0
117	p1	0.8	0.0	0.0
117	p2	1.0	0.0	0.0
117	protein1	196.0	6.2	2.2876192000000004
117	protein2	219.8	7.6	2.1916666
117	protein3	477.8	16.4	1.9492192
117	rnapol	0.2	0.0	0.0
118	__protein1_rbs	3.0	0.0	0.0
118	__protein2_rbs	5.2	0.0	0.0
118	__protein3_rbs	9.8	0.0	0.0
118	__ribosome	37.0	0.0	0.0
118	__rnase_site_ext	16.4	0.0	0.0
118	p0	1.0	0.0	0.0
118	p1	1.0	0.0	0.0
118	p2	1.0	0.0	0.0
118	protein1	197.8	6.2	2.4811906
118	protein2	223.4	7.8	2.01
118	protein3	483.8	16.8	1.9125686
118	rnapol	0.2	0.0	0.0
119	__protein1_rbs	4.2	0.0	0.0
119	__protein2_rbs	4.4	0.0	0.0
119	__protein3_rbs	9.6	0.0	0.0
119	__ribosome	36.8	0.0	0.0
119	__rnase_site_ext	16.4	0.0	0.0
119	p0	1.0	0.0	0.0
119	p1	1.0	0.0	0.0
119	p2	0.6	0.0	0.0
119	protein1	201.6	6.0	2.6035714
119	protein2	225.6	7.8	2.1844444000000003
119	protein3	490.6	17.2	1.8855971999999999
119	rnapol	0.6	0.0	0.0
120	__protein1_rbs	4.4	0.0	0.0
120	__protein2_rbs	4.0	0.0	0.0
120	__protein3_rbs	8.8	0.0	0.0
120	__ribosome	36.6	0.0	0.0
120	__rnase_site_ext	16.6	0.0	0.0
120	p0	1.0	0.0	0.0
120	p1	0.8	0.0	0.0
120	p2	0.6	0.0	0.0
120	protein1	204.2	6.0	2.5435714
120	protein2	229.8	8.0	2.0277778000000004
120	protein3	497.4	17.0	2.02
120	rnapol	0.6	0.0	0.0
121	__protein1_rbs	2.0	0.0	0.0
121	__protein2_rbs	5.8	0.0	0.0
121	__protein3_rbs	10.4	0.0	0.0
121	__ribosome	33.2	0.0	0.0
121	__rnase_site_ext	16.6	0.0	0.0
121	p0	1.0	0.0	0.0
121	p1	0.8	0.0	0.0
121	p2	0.8	0.0	0.0
121	protein1	206.6	6.0	2.6742858000000003
121	protein2	232.2	8.0	2.0833334
121	protein3	501.6	16.8	2.167208
121	rnapol	0.6	0.0	0.0
122	__protein1_rbs	3.4	0.0	0.0
122	__protein2_rbs	4.2	0.0	0.0
122	__protein3_rbs	10.0	0.0	0.0
122	__ribosome	34.2	0.0	0.0
122	__rnase_site_ext	16.8	0.0	0.0
122	p0	1.0	0.0	0.0
122	p1	1.0	0.0	0.0
122	p2	0.6	0.0	0.0
122	protein1	209.8	6.0	2.3714286
122	protein2	235.8	7.8	2.1494444
122	protein3	508.8	17.2	2.0848552
122	rnapol	1.0	0.0	0.0
123	__protein1_rbs	2.6	0.0	0.0
123	__protein2_rbs	4.6	0.0	0.0
123	__protein3_rbs	10.8	0.0	0.0
123	__ribosome	36.6	0.0	0.0
123	__rnase_site_ext	17.0	0.0	0.0
123	p0	0.8	0.0	0.0
123	p1	0.8	0.0	0.0
123	p2	0.4	0.0	0.0
123	protein1	213.4	6.0	2.1679366
123	protein2	239.2	7.6	2.1522222
123	protein3	515.4	17.4	1.9933334000000005
123	rnapol	1.2	0.0	0.0
124	__protein1_rbs	3.2	0.0	0.0
124	__protein2_rbs	4.4	0.0	0.0
124	__protein3_rbs	10.0	0.0	0.0
124	__ribosome	36.8	0.0	0.0
124	__rnase_site_ext	17.6	0.0	0.0
124	p0	0.8	0.0	0.0
124	p1	0.8	0.0	0.0
124	p2	0.6	0.0	0.0
124	protein1	215.2	6.0	2.3336507999999996
124	protein2	242.4	7.8	2.0827778
124	protein3	523.2	17.6	1.9067168
124	rnapol	1.0	0.0	0.0
125	__protein1_rbs	4.0	0.0	0.0
125	__protein2_rbs	4.2	0.0	0.0
125	__protein3_rbs	10.0	0.0	0.0
125	__ribosome	34.2	0.0	0.0
125	__rnase_site_ext	17.8	0.0	0.0
125	p0	0.8	0.0	0.0
125	p1	1.0	0.0	0.0
125	p2	0.2	0.0	0.0
125	protein1	217.4	6.4	2.036111
125	protein2	245.0	7.6	2.2427778
125	protein3	529.6	17.6	1.994386
125	rnapol	0.4	0.0	0.0
126	__protein1_rbs	3.2	0.0	0.0
126	__protein2_rbs	4.8	0.0	0.0
126	__protein3_rbs	9.6	0.0	0.0
126	__ribosome	35.2	0.0	0.0
126	__rnase_site_ext	17.6	0.0	0.0
126	p0	1.0	0.0	0.0
126	p1	1.0	0.0	0.0
126	p2	1.0	0.0	0.0
126	protein1	220.8	6.2	2.01
126	protein2	248.4	7.8	2.14
126	protein3	537.0	17.6	1.9922220000000002
126	rnapol	0.4	0.0	0.0
127	__protein1_rbs	4.0	0.0	0.0
127	__protein2_rbs	5.6	0.0	0.0
127	__protein3_rbs	9.2	0.0	0.0
127	__ribosome	35.0	0.0	0.0
127	__rnase_site_ext	17.8	0.0	0.0
127	p0	0.8	0.0	0.0
127	p1	0.8	0.0	0.0
127	p2	1.0	0.0	0.0
127	protein1	223.0	6.4	2.0333334
127	protein2	252.0	8.0	1.8944444
127	protein3	543.6	17.8	2.0484126
127	rnapol	0.4	0.0	0.0
128	__protein1_rbs	3.8	0.0	0.0
128	__protein2_rbs	4.6	0.0	0.0
128	__protein3_rbs	10.6	0.0	0.0
128	__ribosome	33.8	0.0	0.0
128	__rnase_site_ext	17.8	0.0	0.0
128	p0	1.0	0.0	0.0
128	p1	0.8	0.0	0.0
128	p2	0.8	0.0	0.0
128	protein1	226.0	6.4	1.9866666000000002
128	protein2	255.4	8.0	1.825
128	protein3	549.4	18.4	2.0894862
128	rnapol	0.6	0.0	0.0
129	__protein1_rbs	3.2	0.0	0.0
129	__protein2_rbs	4.4	0.0	0.0
129	__protein3_rbs	11.8	0.0	0.0
129	__ribosome	32.8	0.0	0.0
129	__rnase_site_ext	17.8	0.0	0.0
129	p0	1.0	0.0	0.0
129	p1	1.0	0.0	0.0
129	p2	0.8	0.0	0.0
129	protein1	228.6	6.6	2.0644443999999997
129	protein2	257.8	8.0	1.9522221999999998
129	protein3	556.6	18.4	2.0532644
129	rnapol	0.8	0.0	0.0
130	__protein1_rbs	4.0	0.0	0.0
130	__protein2_rbs	4.2	0.0	0.0
130	__protein3_rbs	11.4	0.0	0.0
130	__ribosome	33.8	0.0	0.0
130	__rnase_site_ext	17.6	0.0	0.0
130	p0	0.6	0.0	0.0
130	p1	0.6	0.0	0.0
130	p2	0.8	0.0	0.0
130	protein1	231.0	6.6	2.1533332
130	protein2	261.4	8.0	1.8894444
130	protein3	564.4	18.0	2.0273683999999994
130	rnapol	0.8	0.0	0.0
131	__protein1_rbs	4.8	0.0	0.0
131	__protein2_rbs	5.4	0.0	0.0
131	__protein3_rbs	10.4	0.0	0.0
131	__ribosome	35.6	0.0	0.0
131	__rnase_site_ext	18.2	0.0	0.0
131	p0	0.8	0.0	0.0
131	p1	0.6	0.0	0.0
131	p2	0.6	0.0	0.0
131	protein1	234.0	6.4	2.0844443999999998
131	protein2	264.4	8.2	1.8227778
131	protein3	572.0	18.0	1.9921302
131	rnapol	0.6	0.0	0.0
132	__protein1_rbs	4.0	0.0	0.0
132	__protein2_rbs	4.0	0.0	0.0
132	__protein3_rbs	9.0	0.0	0.0
132	__ribosome	33.6	0.0	0.0
132	__rnase_site_ext	18.2	0.0	0.0
132	p0	1.0	0.0	0.0
132	p1	0.8	0.0	0.0
132	p2	0.6	0.0	0.0
132	protein1	236.2	6.8	1.9109523999999998
132	protein2	267.0	8.2	2.0016666
132	protein3	579.6	18.2	1.9929824000000005
132	rnapol	1.2	0.0	0.0
133	__protein1_rbs	4.4	0.0	0.0
133	__protein2_rbs	6.2	0.0	0.0
133	__protein3_rbs	10.8	0.0	0.0
133	__ribosome	35.6	0.0	0.0
133	__rnase_site_ext	18.4	0.0	0.0
133	p0	0.8	0.0	0.0
133	p1	1.0	0.0	0.0
133	p2	0.8	0.0	0.0
133	protein1	239.2	6.6	1.8522221999999997
133	protein2	269.8	8.2	1.886984
133	protein3	587.6	18.4	1.9454636000000003
133	rnapol	0.8	0.0	0.0
134	__protein1_rbs	3.2	0.0	0.0
134	__protein2_rbs	4.2	0.0	0.0
134	__protein3_rbs	11.4	0.0	0.0
134	__ribosome	34.4	0.0	0.0
134	__rnase_site_ext	18.6	0.0	0.0
134	p0	1.0	0.0	0.0
134	p1	0.8	0.0	0.0
134	p2	0.8	0.0	0.0
134	protein1	242.6	6.6	1.8988888
134	protein2	273.4	8.4	1.9444444
134	protein3	593.8	18.6	1.962619
134	rnapol	0.8	0.0	0.0
135	__protein1_rbs	3.6	0.0	0.0
135	__protein2_rbs	4.8	0.0	0.0
135	__protein3_rbs	10.0	0.0	0.0
135	__ribosome	30.8	0.0	0.0
135	__rnase_site_ext	18.8	0.0	0.0
135	p0	0.8	0.0	0.0
135	p1	1.0	0.0	0.0
135	p2	0.8	0.0	0.0
135	protein1	244.6	6.8	1.9722222000000005
135	protein2	276.8	8.2	2.0355556
135	protein3	599.6	19.0	2.0692366
135	rnapol	0.4	0.0	0.0
136	__protein1_rbs	4.0	0.0	0.0
136	__protein2_rbs	4.6	0.0	0.0
136	__protein3_rbs	12.2	0.0	0.0
136	__ribosome	29.8	0.0	0.0
136	__rnase_site_ext	19.0	0.0	0.0
136	p0	1.0	0.0	0.0
136	p1	0.8	0.0	0.0
136	p2	0.8	0.0	0.0
136	protein1	246.8	6.8	2.0
136	protein2	279.0	8.2	2.2888888
136	protein3	606.8	19.2	1.9952778
136	rnapol	0.4	0.0	0.0
137	__protein1_rbs	3.6	0.0	0.0
137	__protein2_rbs	5.0	0.0	0.0
137	__protein3_rbs	11.0	0.0	0.0
137	__ribosome	31.6	0.0	0.0
137	__rnase_site_ext	18.8	0.0	0.0
137	p0	1.0	0.0	0.0
137	p1	0.6	0.0	0.0
137	p2	1.0	0.0	0.0
137	protein1	249.6	7.0	2.0533334
137	protein2	282.6	8.2	2.1022222000000004
137	protein3	615.6	19.4	1.9232034
137	rnapol	0.6	0.0	0.0
138	__protein1_rbs	5.0	0.0	0.0
138	__protein2_rbs	4.6	0.0	0.0
138	__protein3_rbs	11.0	0.0	0.0
138	__ribosome	30.8	0.0	0.0
138	__rnase_site_ext	18.6	0.0	0.0
138	p0	1.0	0.0	0.0
138	p1	0.4	0.0	0.0
138	p2	0.8	0.0	0.0
138	protein1	251.6	7.0	2.0566666
138	protein2	285.8	8.2	2.1172222
138	protein3	622.6	19.4	1.9588502
138	rnapol	0.8	0.0	0.0
139	__protein1_rbs	2.8	0.0	0.0
139	__protein2_rbs	5.2	0.0	0.0
139	__protein3_rbs	12.0	0.0	0.0
139	__ribosome	31.6	0.0	0.0
139	__rnase_site_ext	18.6	0.0	0.0
139	p0	1.0	0.0	0.0
139	p1	0.8	0.0	0.0
139	p2	0.8	0.0	0.0
139	protein1	254.8	6.8	2.2488888
139	protein2	289.6	8.2	2.0422222000000003
139	protein3	630.2	19.0	1.9498727999999999
139	rnapol	1.0	0.0	0.0
140	__protein1_rbs	4.0	0.0	0.0
140	__protein2_rbs	5.0	0.0	0.0
140	__protein3_rbs	9.8	0.0	0.0
140	__ribosome	32.2	0.0	0.0
140	__rnase_site_ext	18.4	0.0	0.0
140	p0	0.8	0.0	0.0
140	p1	1.0	0.0	0.0
140	p2	0.8	0.0	0.0
140	protein1	257.2	6.8	2.3488888
140	protein2	293.4	8.2	1.885
140	protein3	639.0	19.0	1.9565546
140	rnapol	1.2	0.0	0.0
141	__protein1_rbs	3.4	0.0	0.0
141	__protein2_rbs	5.0	0.0	0.0
141	__protein3_rbs	10.6	0.0	0.0
141	__ribosome	30.0	0.0	0.0
141	__rnase_site_ext	19.0	0.0	0.0
141	p0	0.8	0.0	0.0
141	p1	1.0	0.0	0.0
141	p2	0.4	0.0	0.0
141	protein1	260.4	6.6	2.3200000000000003
141	protein2	296.8	8.8	1.828889
141	protein3	644.8	18.8	2.0653048
141	rnapol	0.8	0.0	0.0
142	__protein1_rbs	3.6	0.0	0.0
142	__protein2_rbs	5.6	0.0	0.0
142	__protein3_rbs	11.6	0.0	0.0
142	__ribosome	31.2	0.0	0.0
142	__rnase_site_ext	19.4	0.0	0.0
142	p0	0.6	0.0	0.0
142	p1	0.8	0.0	0.0
142	p2	1.0	0.0	0.0
142	protein1	263.4	6.6	2.3150793999999997
142	protein2	299.8	9.0	1.7983838
142	protein3	652.4	19.0	1.9986388
142	rnapol	0.6	0.0	0.0
143	__protein1_rbs	4.2	0.0	0.0
143	__protein2_rbs	5.2	0.0	0.0
143	__protein3_rbs	12.2	0.0	0.0
143	__ribosome	30.6	0.0	0.0
143	__rnase_site_ext	19.2	0.0	0.0
143	p0	0.8	0.0	0.0
143	p1	0.8	0.0	0.0
143	p2	0.8	0.0	0.0
143	protein1	266.4	6.8	2.1123808
143	protein2	302.8	9.0	1.8961618
143	protein3	659.2	19.2	1.9964992
143	rnapol	0.4	0.0	0.0
144	__protein1_rbs	4.0	0.0	0.0
144	__protein2_rbs	4.6	0.0	0.0
144	__protein3_rbs	13.0	0.0	0.0
144	__ribosome	30.8	0.0	0.0
144	__rnase_site_ext	19.6	0.0	0.0
144	p0	1.0	0.0	0.0
144	p1	1.0	0.0	0.0
144	p2	0.6	0.0	0.0
144	protein1	269.4	7.2	2.041111
144	protein2	305.0	9.0	2.0672728000000005
144	protein3	667.2	19.6	1.8657448000000003
144	rnapol	0.4	0.0	0.0
145	__protein1_rbs	4.2	0.0	0.0
145	__protein2_rbs	6.8	0.0	0.0
145	__protein3_rbs	10.4	0.0	0.0
145	__ribosome	29.6	0.0	0.0
145	__rnase_site_ext	19.6	0.0	0.0
145	p0	1.0	0.0	0.0
145	p1	1.0	0.0	0.0
145	p2	0.6	0.0	0.0
145	protein1	271.4	7.4	2.1343650000000003
145	protein2	308.8	9.2	1.8838384
145	protein3	675.4	19.6	1.9423709999999998
145	rnapol	0.2	0.0	0.0
146	__protein1_rbs	4.0	0.0	0.0
146	__protein2_rbs	5.6	0.0	0.0
146	__protein3_rbs	11.4	0.0	0.0
146	__ribosome	31.0	0.0	0.0
146	__rnase_site_ext	19.8	0.0	0.0
146	p0	1.0	0.0	0.0
146	p1	1.0	0.0	0.0
146	p2	0.4	0.0	0.0
146	protein1	274.4	7.2	2.1855556000000003
146	protein2	312.2	9.2	1.8474026
146	protein3	683.2	19.6	1.8878248
146	rnapol	0.4	0.0	0.0
147	__protein1_rbs	4.6	0.0	0.0
147	__protein2_rbs	5.6	0.0	0.0
147	__protein3_rbs	10.6	0.0	0.0
147	__ribosome	30.8	0.0	0.0
147	__rnase_site_ext	20.2	0.0	0.0
147	p0	1.0	0.0	0.0
147	p1	0.6	0.0	0.0
147	p2	0.8	0.0	0.0
147	protein1	277.2	7.2	2.1222222000000004
147	protein2	316.0	9.0	1.8128066000000003
147	protein3	690.8	19.8	1.9150074
147	rnapol	0.4	0.0	0.0
148	__protein1_rbs	4.4	0.0	0.0
148	__protein2_rbs	5.2	0.0	0.0
148	__protein3_rbs	13.0	0.0	0.0
148	__ribosome	30.6	0.0	0.0
148	__rnase_site_ext	20.4	0.0	0.0
148	p0	0.6	0.0	0.0
148	p1	0.6	0.0	0.0
148	p2	0.8	0.0	0.0
148	protein1	280.6	7.4	2.0111112
148	protein2	319.6	9.0	1.7594156
148	protein3	696.4	20.0	1.9555726000000002
148	rnapol	0.0	0.0	0.0
149	__protein1_rbs	5.0	0.0	0.0
149	__protein2_rbs	4.8	0.0	0.0
149	__protein3_rbs	11.0	0.0	0.0
149	__ribosome	29.0	0.0	0.0
149	__rnase_site_ext	20.6	0.0	0.0
149	p0	1.0	0.0	0.0
149	p1	0.6	0.0	0.0
149	p2	1.0	0.0	0.0
149	protein1	283.6	7.6	1.9416666
149	protein2	322.6	8.6	1.9349207999999998
149	protein3	704.2	20.2	1.9940988
149	rnapol	0.2	0.0	0.0
150	__protein1_rbs	4.2	0.0	0.0
150	__protein2_rbs	6.2	0.0	0.0
150	__protein3_rbs	13.2	0.0	0.0
150	__ribosome	29.2	0.0	0.0
150	__rnase_site_ext	20.6	0.0	0.0
150	p0	1.0	0.0	0.0
150	p1	0.8	0.0	0.0
150	p2	0.8	0.0	0.0
150	protein1	287.2	7.8	1.8522221999999997
150	protein2	325.0	8.8	1.8950794
150	protein3	711.2	20.4	1.9789476
150	rnapol	0.4	0.0	0.0
151	__protein1_rbs	4.4	0.0	0.0
151	__protein2_rbs	6.4	0.0	0.0
151	__protein3_rbs	13.4	0.0	0.0
151	__ribosome	29.4	0.0	0.0
151	__rnase_site_ext	20.6	0.0	0.0
151	p0	1.0	0.0	0.0
151	p1	0.8	0.0	0.0
151	p2	0.6	0.0	0.0
151	protein1	289.6	7.8	1.8955556
151	protein2	328.4	9.2	1.7055555999999998
151	protein3	719.6	20.6	1.9541648000000005
151	rnapol	0.8	0.0	0.0
152	__protein1_rbs	4.6	0.0	0.0
152	__protein2_rbs	6.8	0.0	0.0
152	__protein3_rbs	12.8	0.0	0.0
152	__ribosome	31.2	0.0	0.0
152	__rnase_site_ext	20.2	0.0	0.0
152	p0	1.0	0.0	0.0
152	p1	1.0	0.0	0.0
152	p2	1.0	0.0	0.0
152	protein1	291.8	7.8	1.991111
152	protein2	332.2	9.4	1.5755556
152	protein3	728.8	20.4	1.9074894
152	rnapol	1.0	0.0	0.0
153	__protein1_rbs	4.4	0.0	0.0
153	__protein2_rbs	5.8	0.0	0.0
153	__protein3_rbs	13.0	0.0	0.0
153	__ribosome	32.0	0.0	0.0
153	__rnase_site_ext	20.4	0.0	0.0
153	p0	0.6	0.0	0.0
153	p1	0.8	0.0	0.0
153	p2	1.0	0.0	0.0
153	protein1	295.8	7.6	1.8701588
153	protein2	335.8	9.4	1.5505556
153	protein3	735.0	20.4	1.9244268
153	rnapol	0.6	0.0	0.0
154	__protein1_rbs	5.2	0.0	0.0
154	__protein2_rbs	5.0	0.0	0.0
154	__protein3_rbs	12.6	0.0	0.0
154	__ribosome	30.0	0.0	0.0
154	__rnase_site_ext	20.6	0.0	0.0
154	p0	1.0	0.0	0.0
154	p1	0.4	0.0	0.0
154	p2	0.8	0.0	0.0
154	protein1	297.2	8.0	1.9949493999999999
154	protein2	338.8	9.6	1.6464646000000005
154	protein3	744.4	20.8	1.8488976
154	rnapol	1.2	0.0	0.0
155	__protein1_rbs	5.0	0.0	0.0
155	__protein2_rbs	5.6	0.0	0.0
155	__protein3_rbs	13.2	0.0	0.0
155	__ribosome	30.4	0.0	0.0
155	__rnase_site_ext	20.8	0.0	0.0
155	p0	1.0	0.0	0.0
155	p1	0.6	0.0	0.0
155	p2	0.6	0.0	0.0
155	protein1	301.6	8.0	1.7353534
155	protein2	342.0	9.4	1.7668688000000001
155	protein3	751.6	20.4	1.9036486000000001
155	rnapol	0.8	0.0	0.0
156	__protein1_rbs	3.2	0.0	0.0
156	__protein2_rbs	6.2	0.0	0.0
156	__protein3_rbs	12.8	0.0	0.0
156	__ribosome	28.8	0.0	0.0
156	__rnase_site_ext	20.8	0.0	0.0
156	p0	0.6	0.0	0.0
156	p1	1.0	0.0	0.0
156	p2	0.4	0.0	0.0
156	protein1	304.0	7.8	2.0604546000000004
156	protein2	344.4	9.4	1.8122728
156	protein3	760.2	20.6	1.8583150000000002
156	rnapol	0.4	0.0	0.0
157	__protein1_rbs	4.4	0.0	0.0
157	__protein2_rbs	5.4	0.0	0.0
157	__protein3_rbs	12.4	0.0	0.0
157	__ribosome	27.2	0.0	0.0
157	__rnase_site_ext	21.2	0.0	0.0
157	p0	0.6	0.0	0.0
157	p1	1.0	0.0	0.0
157	p2	0.6	0.0	0.0
157	protein1	307.2	7.8	2.0400506000000003
157	protein2	346.4	9.4	1.9736364
157	protein3	767.4	20.8	1.8333984
157	rnapol	0.4	0.0	0.0
158	__protein1_rbs	4.6	0.0	0.0
158	__protein2_rbs	6.4	0.0	0.0
158	__protein3_rbs	14.2	0.0	0.0
158	__ribosome	28.0	0.0	0.0
158	__rnase_site_ext	21.0	0.0	0.0
158	p0	0.8	0.0	0.0
158	p1	0.8	0.0	0.0
158	p2	0.8	0.0	0.0
158	protein1	310.0	8.0	2.0426768
158	protein2	350.4	9.6	1.8573232
158	protein3	774.4	21.0	1.8089306
158	rnapol	0.2	0.0	0.0
159	__protein1_rbs	5.6	0.0	0.0
159	__protein2_rbs	6.2	0.0	0.0
159	__protein3_rbs	14.4	0.0	0.0
159	__ribosome	30.2	0.0	0.0
159	__rnase_site_ext	20.8	0.0	0.0
159	p0	1.0	0.0	0.0
159	p1	0.6	0.0	0.0
159	p2	0.6	0.0	0.0
159	protein1	313.6	8.2	1.9060603999999999
159	protein2	354.4	9.6	1.8014142
159	protein3	782.4	21.6	1.7119235999999998
159	rnapol	0.4	0.0	0.0
160	__protein1_rbs	4.8	0.0	0.0
160	__protein2_rbs	6.4	0.0	0.0
160	__protein3_rbs	14.4	0.0	0.0
160	__ribosome	28.8	0.0	0.0
160	__rnase_site_ext	20.8	0.0	0.0
160	p0	1.0	0.0	0.0
160	p1	0.8	0.0	0.0
160	p2	1.0	0.0	0.0
160	protein1	316.4	8.2	2.010101
160	protein2	357.0	9.4	1.8841919999999999
160	protein3	789.4	21.8	1.7125578
160	rnapol	0.4	0.0	0.0
161	__protein1_rbs	5.2	0.0	0.0
161	__protein2_rbs	6.6	0.0	0.0
161	__protein3_rbs	13.6	0.0	0.0
161	__ribosome	31.4	0.0	0.0
161	__rnase_site_ext	20.6	0.0	0.0
161	p0	1.0	0.0	0.0
161	p1	1.0	0.0	0.0
161	p2	0.8	0.0	0.0
161	protein1	319.8	8.0	1.9333332000000003
161	protein2	361.4	9.4	1.7032828000000002
161	protein3	797.6	21.8	1.7074649999999998
161	rnapol	0.0	0.0	0.0
162	__protein1_rbs	4.6	0.0	0.0
162	__protein2_rbs	4.8	0.0	0.0
162	__protein3_rbs	14.6	0.0	0.0
162	__ribosome	31.0	0.0	0.0
162	__rnase_site_ext	20.4	0.0	0.0
162	p0	1.0	0.0	0.0
162	p1	1.0	0.0	0.0
162	p2	0.6	0.0	0.0
162	protein1	323.4	7.8	1.9085714
162	protein2	364.6	9.6	1.7614646
162	protein3	804.4	21.8	1.7224110000000001
162	rnapol	0.6	0.0	0.0
163	__protein1_rbs	5.2	0.0	0.0
163	__protein2_rbs	6.6	0.0	0.0
163	__protein3_rbs	10.8	0.0	0.0
163	__ribosome	29.2	0.0	0.0
163	__rnase_site_ext	20.6	0.0	0.0
163	p0	1.0	0.0	0.0
163	p1	0.8	0.0	0.0
163	p2	0.4	0.0	0.0
163	protein1	326.2	7.6	1.874127
163	protein2	368.4	9.4	1.7386363999999999
163	protein3	812.4	21.8	1.8436709999999998
163	rnapol	0.6	0.0	0.0
164	__protein1_rbs	4.0	0.0	0.0
164	__protein2_rbs	6.4	0.0	0.0
164	__protein3_rbs	15.4	0.0	0.0
164	__ribosome	31.4	0.0	0.0
164	__rnase_site_ext	20.4	0.0	0.0
164	p0	1.0	0.0	0.0
164	p1	0.4	0.0	0.0
164	p2	0.8	0.0	0.0
164	protein1	329.2	7.6	1.9862698
164	protein2	371.8	9.4	1.7117171999999996
164	protein3	820.0	21.8	1.719002
164	rnapol	0.8	0.0	0.0
165	__protein1_rbs	5.2	0.0	0.0
165	__protein2_rbs	5.6	0.0	0.0
165	__protein3_rbs	13.0	0.0	0.0
165	__ribosome	29.6	0.0	0.0
165	__rnase_site_ext	20.4	0.0	0.0
165	p0	0.8	0.0	0.0
165	p1	0.8	0.0	0.0
165	p2	1.0	0.0	0.0
165	protein1	333.0	7.6	1.7716666
165	protein2	374.2	9.4	1.8779293999999997
165	protein3	826.4	21.8	1.8097642
165	rnapol	1.0	0.0	0.0
166	__protein1_rbs	6.0	0.0	0.0
166	__protein2_rbs	5.6	0.0	0.0
166	__protein3_rbs	14.0	0.0	0.0
166	__ribosome	30.2	0.0	0.0
166	__rnase_site_ext	20.6	0.0	0.0
166	p0	1.0	0.0	0.0
166	p1	1.0	0.0	0.0
166	p2	0.8	0.0	0.0
166	protein1	335.6	7.8	1.6507936
166	protein2	377.6	9.4	1.8882324
166	protein3	834.4	22.0	1.7922045999999998
166	rnapol	0.6	0.0	0.0
167	__protein1_rbs	4.8	0.0	0.0
167	__protein2_rbs	6.0	0.0	0.0
167	__protein3_rbs	13.6	0.0	0.0
167	__ribosome	29.6	0.0	0.0
167	__rnase_site_ext	20.8	0.0	0.0
167	p0	1.0	0.0	0.0
167	p1	0.8	0.0	0.0
167	p2	0.6	0.0	0.0
167	protein1	338.6	7.8	1.6252380000000002
167	protein2	381.4	9.8	1.79798
167	protein3	841.4	21.8	1.8597764
167	rnapol	0.8	0.0	0.0
168	__protein1_rbs	5.4	0.0	0.0
168	__protein2_rbs	6.2	0.0	0.0
168	__protein3_rbs	14.4	0.0	0.0
168	__ribosome	30.4	0.0	0.0
168	__rnase_site_ext	20.6	0.0	0.0
168	p0	1.0	0.0	0.0
168	p1	0.8	0.0	0.0
168	p2	0.6	0.0	0.0
168	protein1	340.8	7.8	1.6824602
168	protein2	385.0	10.0	1.7664648
168	protein3	850.0	21.8	1.8014458
168	rnapol	0.8	0.0	0.0
169	__protein1_rbs	4.4	0.0	0.0
169	__protein2_rbs	6.0	0.0	0.0
169	__protein3_rbs	14.4	0.0	0.0
169	__ribosome	28.2	0.0	0.0
169	__rnase_site_ext	20.6	0.0	0.0
169	p0	0.8	0.0	0.0
169	p1	1.0	0.0	0.0
169	p2	0.6	0.0	0.0
169	protein1	344.4	7.6	1.705
169	protein2	387.6	9.8	1.9418182
169	protein3	857.0	22.0	1.8301547999999999
169	rnapol	0.6	0.0	0.0
170	__protein1_rbs	4.6	0.0	0.0
170	__protein2_rbs	6.0	0.0	0.0
170	__protein3_rbs	13.2	0.0	0.0
170	__ribosome	29.2	0.0	0.0
170	__rnase_site_ext	21.0	0.0	0.0
170	p0	0.8	0.0	0.0
170	p1	1.0	0.0	0.0
170	p2	0.8	0.0	0.0
170	protein1	346.4	7.4	1.8733334
170	protein2	392.2	10.0	1.8240404
170	protein3	865.6	22.2	1.7798632
170	rnapol	0.4	0.0	0.0
171	__protein1_rbs	5.2	0.0	0.0
171	__protein2_rbs	5.6	0.0	0.0
171	__protein3_rbs	14.2	0.0	0.0
171	__ribosome	26.6	0.0	0.0
171	__rnase_site_ext	21.2	0.0	0.0
171	p0	1.0	0.0	0.0
171	p1	0.8	0.0	0.0
171	p2	1.0	0.0	0.0
171	protein1	348.0	7.8	1.8177778000000002
171	protein2	395.2	10.0	1.9363636000000002
171	protein3	872.4	22.0	1.829668
171	rnapol	0.6	0.0	0.0
172	__protein1_rbs	4.0	0.0	0.0
172	__protein2_rbs	7.4	0.0	0.0
172	__protein3_rbs	12.8	0.0	0.0
172	__ribosome	29.0	0.0	0.0
172	__rnase_site_ext	20.8	0.0	0.0
172	p0	1.0	0.0	0.0
172	p1	0.8	0.0	0.0
172	p2	0.4	0.0	0.0
172	protein1	351.6	8.0	1.6600002
172	protein2	398.8	10.0	1.7832324000000002
172	protein3	880.8	22.2	1.79093
172	rnapol	0.8	0.0	0.0
173	__protein1_rbs	4.6	0.0	0.0
173	__protein2_rbs	6.6	0.0	0.0
173	__protein3_rbs	12.8	0.0	0.0
173	__ribosome	26.6	0.0	0.0
173	__rnase_site_ext	20.6	0.0	0.0
173	p0	0.8	0.0	0.0
173	p1	1.0	0.0	0.0
173	p2	0.4	0.0	0.0
173	protein1	353.8	7.6	1.8705556
173	protein2	402.4	10.0	1.7765657999999998
173	protein3	888.4	22.4	1.8553718000000001
173	rnapol	0.8	0.0	0.0
174	__protein1_rbs	4.2	0.0	0.0
174	__protein2_rbs	4.6	0.0	0.0
174	__protein3_rbs	14.0	0.0	0.0
174	__ribosome	27.2	0.0	0.0
174	__rnase_site_ext	20.2	0.0	0.0
174	p0	0.8	0.0	0.0
174	p1	1.0	0.0	0.0
174	p2	0.8	0.0	0.0
174	protein1	356.6	7.6	1.8816666
174	protein2	407.2	10.0	1.798788
174	protein3	896.2	22.4	1.8222304
174	rnapol	0.8	0.0	0.0
175	__protein1_rbs	4.8	0.0	0.0
175	__protein2_rbs	6.8	0.0	0.0
175	__protein3_rbs	13.8	0.0	0.0
175	__ribosome	28.4	0.0	0.0
175	__rnase_site_ext	20.6	0.0	0.0
175	p0	0.8	0.0	0.0
175	p1	1.0	0.0	0.0
175	p2	0.8	0.0	0.0
175	protein1	359.6	7.6	1.88
175	protein2	410.6	9.8	1.8103032
175	protein3	904.8	22.2	1.7999193999999998
175	rnapol	1.0	0.0	0.0
176	__protein1_rbs	5.0	0.0	0.0
176	__protein2_rbs	6.8	0.0	0.0
176	__protein3_rbs	13.2	0.0	0.0
176	__ribosome	27.4	0.0	0.0
176	__rnase_site_ext	21.0	0.0	0.0
176	p0	0.8	0.0	0.0
176	p1	0.6	0.0	0.0
176	p2	0.4	0.0	0.0
176	protein1	361.6	7.8	1.9622221999999998
176	protein2	414.8	9.6	1.6797978
176	protein3	911.6	22.4	1.8486046
176	rnapol	0.6	0.0	0.0
177	__protein1_rbs	5.8	0.0	0.0
177	__protein2_rbs	6.2	0.0	0.0
177	__protein3_rbs	13.8	0.0	0.0
177	__ribosome	26.4	0.0	0.0
177	__rnase_site_ext	21.2	0.0	0.0
177	p0	1.0	0.0	0.0
177	p1	0.8	0.0	0.0
177	p2	1.0	0.0	0.0
177	protein1	364.8	8.0	1.8053970000000001
177	protein2	416.2	9.6	1.909495
177	protein3	919.8	22.2	1.8582398
177	rnapol	1.0	0.0	0.0
178	__protein1_rbs	4.8	0.0	0.0
178	__protein2_rbs	5.8	0.0	0.0
178	__protein3_rbs	13.8	0.0	0.0
178	__ribosome	26.6	0.0	0.0
178	__rnase_site_ext	21.4	0.0	0.0
178	p0	1.0	0.0	0.0
178	p1	0.8	0.0	0.0
178	p2	0.8	0.0	0.0
178	protein1	367.4	8.2	1.824127
178	protein2	420.6	9.2	1.8444446
178	protein3	927.0	22.0	1.8931712
178	rnapol	0.6	0.0	0.0
179	__protein1_rbs	5.2	0.0	0.0
179	__protein2_rbs	6.4	0.0	0.0
179	__protein3_rbs	12.0	0.0	0.0
179	__ribosome	27.6	0.0	0.0
179	__rnase_site_ext	21.2	0.0	0.0
179	p0	1.0	0.0	0.0
179	p1	0.8	0.0	0.0
179	p2	0.8	0.0	0.0
179	protein1	370.8	8.2	1.7828572
179	protein2	424.6	9.4	1.6666668000000002
179	protein3	935.6	22.2	1.914065
179	rnapol	0.6	0.0	0.0
180	__protein1_rbs	5.2	0.0	0.0
180	__protein2_rbs	5.8	0.0	0.0
180	__protein3_rbs	13.4	0.0	0.0
180	__ribosome	29.2	0.0	0.0
180	__rnase_site_ext	21.4	0.0	0.0
180	p0	1.0	0.0	0.0
180	p1	0.6	0.0	0.0
180	p2	0.6	0.0	0.0
180	protein1	374.0	8.0	1.7311112000000002
180	protein2	428.2	9.2	1.6755555999999998
180	protein3	944.4	22.4	1.8710672
180	rnapol	0.4	0.0	0.0
181	__protein1_rbs	4.4	0.0	0.0
181	__protein2_rbs	6.0	0.0	0.0
181	__protein3_rbs	14.2	0.0	0.0
181	__ribosome	26.8	0.0	0.0
181	__rnase_site_ext	21.6	0.0	0.0
181	p0	0.8	0.0	0.0
181	p1	0.6	0.0	0.0
181	p2	0.6	0.0	0.0
181	protein1	376.6	8.0	1.8466668000000002
181	protein2	430.4	9.4	1.7688890000000002
181	protein3	953.0	22.6	1.8706062
181	rnapol	0.2	0.0	0.0
182	__protein1_rbs	6.2	0.0	0.0
182	__protein2_rbs	5.4	0.0	0.0
182	__protein3_rbs	15.4	0.0	0.0
182	__ribosome	26.4	0.0	0.0
182	__rnase_site_ext	21.8	0.0	0.0
182	p0	1.0	0.0	0.0
182	p1	0.8	0.0	0.0
182	p2	1.0	0.0	0.0
182	protein1	379.4	8.2	1.7466668000000003
182	protein2	433.8	9.4	1.8266668000000001
182	protein3	959.4	22.8	1.8678322
182	rnapol	0.4	0.0	0.0
183	__protein1_rbs	5.2	0.0	0.0
183	__protein2_rbs	5.0	0.0	0.0
183	__protein3_rbs	15.4	0.0	0.0
183	__ribosome	25.4	0.0	0.0
183	__rnase_site_ext	21.6	0.0	0.0
183	p0	1.0	0.0	0.0
183	p1	0.8	0.0	0.0
183	p2	1.0	0.0	0.0
183	protein1	381.4	8.2	1.8533334
183	protein2	436.4	9.6	1.9777778
183	protein3	968.6	23.0	1.7673146
183	rnapol	0.6	0.0	0.0
184	__protein1_rbs	4.0	0.0	0.0
184	__protein2_rbs	6.2	0.0	0.0
184	__protein3_rbs	14.4	0.0	0.0
184	__ribosome	24.2	0.0	0.0
184	__rnase_site_ext	21.8	0.0	0.0
184	p0	1.0	0.0	0.0
184	p1	1.0	0.0	0.0
184	p2	0.6	0.0	0.0
184	protein1	384.8	8.2	1.9399998
184	protein2	439.4	9.6	1.9466668
184	protein3	976.4	23.0	1.8148292
184	rnapol	0.8	0.0	0.0
185	__protein1_rbs	3.8	0.0	0.0
185	__protein2_rbs	5.4	0.0	0.0
185	__protein3_rbs	14.4	0.0	0.0
185	__ribosome	26.2	0.0	0.0
185	__rnase_site_ext	21.2	0.0	0.0
185	p0	1.0	0.0	0.0
185	p1	1.0	0.0	0.0
185	p2	0.6	0.0	0.0
185	protein1	387.2	8.2	2.0844443999999998
185	protein2	443.6	9.8	1.8888888
185	protein3	986.8	22.8	1.7004616
185	rnapol	1.0	0.0	0.0
186	__protein1_rbs	4.2	0.0	0.0
186	__protein2_rbs	6.6	0.0	0.0
186	__protein3_rbs	13.0	0.0	0.0
186	__ribosome	25.8	0.0	0.0
186	__rnase_site_ext	20.8	0.0	0.0
186	p0	1.0	0.0	0.0
186	p1	0.8	0.0	0.0
186	p2	0.8	0.0	0.0
186	protein1	390.6	8.2	2.0177778
186	protein2	447.0	9.8	1.8466666
186	protein3	995.2	22.6	1.7565085999999999
186	rnapol	1.0	0.0	0.0
187	__protein1_rbs	4.8	0.0	0.0
187	__protein2_rbs	7.0	0.0	0.0
187	__protein3_rbs	15.0	0.0	0.0
187	__ribosome	26.4	0.0	0.0
187	__rnase_site_ext	20.8	0.0	0.0
187	p0	0.8	0.0	0.0
187	p1	0.8	0.0	0.0
187	p2	0.8	0.0	0.0
187	protein1	393.2	8.0	2.1133332
187	protein2	450.8	10.0	1.7600000000000002
187	protein3	1002.4	23.0	1.7336198
187	rnapol	0.8	0.0	0.0
188	__protein1_rbs	4.4	0.0	0.0
188	__protein2_rbs	5.6	0.0	0.0
188	__protein3_rbs	13.8	0.0	0.0
188	__ribosome	24.6	0.0	0.0
188	__rnase_site_ext	20.8	0.0	0.0
188	p0	1.0	0.0	0.0
188	p1	0.8	0.0	0.0
188	p2	0.8	0.0	0.0
188	protein1	396.4	8.0	2.12
188	protein2	455.8	9.6	1.7828572
188	protein3	1008.4	23.0	1.8443506
188	rnapol	1.2	0.0	0.0
189	__protein1_rbs	5.0	0.0	0.0
189	__protein2_rbs	7.0	0.0	0.0
189	__protein3_rbs	16.4	0.0	0.0
189	__ribosome	26.6	0.0	0.0
189	__rnase_site_ext	20.6	0.0	0.0
189	p0	1.0	0.0	0.0
189	p1	1.0	0.0	0.0
189	p2	0.6	0.0	0.0
189	protein1	400.0	8.0	2.0844444
189	protein2	457.8	9.6	1.8392207999999999
189	protein3	1016.4	23.0	1.7579436000000002
189	rnapol	1.4	0.0	0.0
190	__protein1_rbs	5.0	0.0	0.0
190	__protein2_rbs	5.4	0.0	0.0
190	__protein3_rbs	13.2	0.0	0.0
190	__ribosome	26.4	0.0	0.0
190	__rnase_site_ext	20.4	0.0	0.0
190	p0	1.0	0.0	0.0
190	p1	1.0	0.0	0.0
190	p2	0.6	0.0	0.0
190	protein1	403.2	8.0	1.9240404
190	protein2	461.6	9.0	1.949293
190	protein3	1025.2	23.2	1.7801082
190	rnapol	1.4	0.0	0.0
191	__protein1_rbs	4.8	0.0	0.0
191	__protein2_rbs	7.0	0.0	0.0
191	__protein3_rbs	16.4	0.0	0.0
191	__ribosome	30.0	0.0	0.0
191	__rnase_site_ext	20.6	0.0	0.0
191	p0	0.6	0.0	0.0
191	p1	1.0	0.0	0.0
191	p2	0.8	0.0	0.0
191	protein1	406.2	7.8	2.0966666000000003
191	protein2	464.4	9.0	1.8113133999999997
191	protein3	1034.6	23.2	1.6439191999999998
191	rnapol	0.8	0.0	0.0
192	__protein1_rbs	4.6	0.0	0.0
192	__protein2_rbs	6.2	0.0	0.0
192	__protein3_rbs	13.6	0.0	0.0
192	__ribosome	29.4	0.0	0.0
192	__rnase_site_ext	21.4	0.0	0.0
192	p0	0.6	0.0	0.0
192	p1	1.0	0.0	0.0
192	p2	0.8	0.0	0.0
192	protein1	409.0	7.8	2.0744444
192	protein2	468.4	9.0	1.6175757999999998
192	protein3	1041.6	23.0	1.7501808
192	rnapol	0.8	0.0	0.0
193	__protein1_rbs	5.2	0.0	0.0
193	__protein2_rbs	5.8	0.0	0.0
193	__protein3_rbs	14.8	0.0	0.0
193	__ribosome	30.4	0.0	0.0
193	__rnase_site_ext	21.4	0.0	0.0
193	p0	0.8	0.0	0.0
193	p1	1.0	0.0	0.0
193	p2	0.4	0.0	0.0
193	protein1	413.6	8.4	1.6933333999999998
193	protein2	471.0	9.0	1.6810101999999998
193	protein3	1050.0	22.8	1.7628998
193	rnapol	0.6	0.0	0.0
194	__protein1_rbs	5.6	0.0	0.0
194	__protein2_rbs	5.8	0.0	0.0
194	__protein3_rbs	13.4	0.0	0.0
194	__ribosome	28.2	0.0	0.0
194	__rnase_site_ext	21.6	0.0	0.0
194	p0	0.8	0.0	0.0
194	p1	0.8	0.0	0.0
194	p2	0.8	0.0	0.0
194	protein1	416.2	8.4	1.6951516000000002
194	protein2	474.6	9.0	1.6535355999999999
194	protein3	1056.8	22.8	1.8765468
194	rnapol	0.6	0.0	0.0
195	__protein1_rbs	4.4	0.0	0.0
195	__protein2_rbs	5.8	0.0	0.0
195	__protein3_rbs	15.2	0.0	0.0
195	__ribosome	27.0	0.0	0.0
195	__rnase_site_ext	21.6	0.0	0.0
195	p0	1.0	0.0	0.0
195	p1	0.8	0.0	0.0
195	p2	0.8	0.0	0.0
195	protein1	418.6	8.6	1.849697
195	protein2	477.6	9.0	1.6707070000000002
195	protein3	1065.4	23.2	1.8190792
195	rnapol	0.6	0.0	0.0
196	__protein1_rbs	5.8	0.0	0.0
196	__protein2_rbs	5.6	0.0	0.0
196	__protein3_rbs	16.6	0.0	0.0
196	__ribosome	29.4	0.0	0.0
196	__rnase_site_ext	21.4	0.0	0.0
196	p0	1.0	0.0	0.0
196	p1	1.0	0.0	0.0
196	p2	0.8	0.0	0.0
196	protein1	422.2	8.6	1.7575756000000002
196	protein2	480.4	8.8	1.6905556000000002
196	protein3	1073.6	23.2	1.7544243999999998
196	rnapol	0.6	0.0	0.0
197	__protein1_rbs	4.8	0.0	0.0
197	__protein2_rbs	4.6	0.0	0.0
197	__protein3_rbs	13.4	0.0	0.0
197	__ribosome	25.8	0.0	0.0
197	__rnase_site_ext	21.4	0.0	0.0
197	p0	1.0	0.0	0.0
197	p1	0.8	0.0	0.0
197	p2	0.6	0.0	0.0
197	protein1	424.6	8.4	1.9769696
197	protein2	483.4	8.8	1.8391919999999997
197	protein3	1082.2	23.0	1.8193333999999999
197	rnapol	1.0	0.0	0.0
198	__protein1_rbs	5.0	0.0	0.0
198	__protein2_rbs	5.6	0.0	0.0
198	__protein3_rbs	14.6	0.0	0.0
198	__ribosome	25.4	0.0	0.0
198	__rnase_site_ext	21.8	0.0	0.0
198	p0	0.8	0.0	0.0
198	p1	0.4	0.0	0.0
198	p2	0.8	0.0	0.0
198	protein1	428.0	8.4	1.9525254
198	protein2	486.2	9.0	1.8441919999999998
198	protein3	1089.8	23.0	1.825971
198	rnapol	0.8	0.0	0.0
199	__protein1_rbs	6.0	0.0	0.0
199	__protein2_rbs	6.4	0.0	0.0
199	__protein3_rbs	14.6	0.0	0.0
199	__ribosome	27.8	0.0	0.0
199	__rnase_site_ext	22.0	0.0	0.0
199	p0	1.0	0.0	0.0
199	p1	0.4	0.0	0.0
199	p2	1.0	0.0	0.0
199	protein1	430.8	8.4	1.8854546
199	protein2	489.0	8.8	1.8478284000000005
199	protein3	1099.0	22.8	1.7714282
199	rnapol	1.0	0.0	0.0
200	__protein1_rbs	5.0	0.0	0.0
200	__protein2_rbs	5.4	0.0	0.0
200	__protein3_rbs	15.4	0.0	0.0
200	__ribosome	27.0	0.0	0.0
200	__rnase_site_ext	22.0	0.0	0.0
200	p0	1.0	0.0	0.0
200	p1	0.6	0.0	0.0
200	p2	1.0	0.0	0.0
200	protein1	434.0	8.8	1.9321788
200	protein2	492.4	8.8	1.8989394
200	protein3	1107.0	23.2	1.7211383999999998
200	rnapol	1.0	0.0	0.0
201	__protein1_rbs	5.6	0.0	0.0
201	__protein2_rbs	5.2	0.0	0.0
201	__protein3_rbs	14.8	0.0	0.0
201	__ribosome	25.8	0.0	0.0
201	__rnase_site_ext	22.2	0.0	0.0
201	p0	1.0	0.0	0.0
201	p1	0.8	0.0	0.0
201	p2	0.4	0.0	0.0
201	protein1	437.2	8.8	1.8979796000000002
201	protein2	495.2	8.8	1.9807072
201	protein3	1115.4	23.4	1.7358572
201	rnapol	1.0	0.0	0.0
202	__protein1_rbs	6.2	0.0	0.0
202	__protein2_rbs	6.2	0.0	0.0
202	__protein3_rbs	15.6	0.0	0.0
202	__ribosome	27.6	0.0	0.0
202	__rnase_site_ext	22.6	0.0	0.0
202	p0	1.0	0.0	0.0
202	p1	0.8	0.0	0.0
202	p2	0.8	0.0	0.0
202	protein1	441.2	8.8	1.6633478
202	protein2	499.2	9.2	1.7525973999999995
202	protein3	1121.6	23.4	1.7968302
202	rnapol	0.6	0.0	0.0
203	__protein1_rbs	4.8	0.0	0.0
203	__protein2_rbs	5.4	0.0	0.0
203	__protein3_rbs	14.4	0.0	0.0
203	__ribosome	26.4	0.0	0.0
203	__rnase_site_ext	22.4	0.0	0.0
203	p0	0.8	0.0	0.0
203	p1	1.0	0.0	0.0
203	p2	0.6	0.0	0.0
203	protein1	444.0	8.8	1.755267
203	protein2	502.4	9.4	1.7655412
203	protein3	1131.0	23.4	1.7946853999999999
203	rnapol	0.2	0.0	0.0
204	__protein1_rbs	6.0	0.0	0.0
204	__protein2_rbs	6.0	0.0	0.0
204	__protein3_rbs	15.2	0.0	0.0
204	__ribosome	26.4	0.0	0.0
204	__rnase_site_ext	22.6	0.0	0.0
204	p0	1.0	0.0	0.0
204	p1	0.8	0.0	0.0
204	p2	1.0	0.0	0.0
204	protein1	446.8	8.8	1.7290044000000002
204	protein2	506.0	9.6	1.6815007999999998
204	protein3	1139.2	24.0	1.7874907999999998
204	rnapol	0.2	0.0	0.0
205	__protein1_rbs	6.0	0.0	0.0
205	__protein2_rbs	6.8	0.0	0.0
205	__protein3_rbs	15.8	0.0	0.0
205	__ribosome	29.2	0.0	0.0
205	__rnase_site_ext	22.4	0.0	0.0
205	p0	1.0	0.0	0.0
205	p1	0.6	0.0	0.0
205	p2	0.8	0.0	0.0
205	protein1	450.4	9.0	1.6196536
205	protein2	509.0	9.6	1.6556276
205	protein3	1148.8	24.0	1.7132381999999997
205	rnapol	0.4	0.0	0.0
206	__protein1_rbs	5.0	0.0	0.0
206	__protein2_rbs	6.0	0.0	0.0
206	__protein3_rbs	14.0	0.0	0.0
206	__ribosome	26.6	0.0	0.0
206	__rnase_site_ext	22.6	0.0	0.0
206	p0	1.0	0.0	0.0
206	p1	1.0	0.0	0.0
206	p2	0.8	0.0	0.0
206	protein1	452.8	8.8	1.8171428
206	protein2	512.2	9.4	1.7315150000000001
206	protein3	1156.0	23.4	1.8221144
206	rnapol	0.4	0.0	0.0
207	__protein1_rbs	6.2	0.0	0.0
207	__protein2_rbs	5.6	0.0	0.0
207	__protein3_rbs	14.4	0.0	0.0
207	__ribosome	25.6	0.0	0.0
207	__rnase_site_ext	22.2	0.0	0.0
207	p0	1.0	0.0	0.0
207	p1	1.0	0.0	0.0
207	p2	0.4	0.0	0.0
207	protein1	456.0	8.8	1.7722078
207	protein2	515.2	9.2	1.8332034
207	protein3	1163.4	22.4	1.9500012
207	rnapol	0.4	0.0	0.0
208	__protein1_rbs	6.0	0.0	0.0
208	__protein2_rbs	5.8	0.0	0.0
208	__protein3_rbs	14.2	0.0	0.0
208	__ribosome	26.4	0.0	0.0
208	__rnase_site_ext	21.8	0.0	0.0
208	p0	1.0	0.0	0.0
208	p1	1.0	0.0	0.0
208	p2	0.4	0.0	0.0
208	protein1	459.2	8.6	1.7057141999999998
208	protein2	518.4	9.6	1.7310606
208	protein3	1172.0	22.8	1.9128172
208	rnapol	0.4	0.0	0.0
209	__protein1_rbs	6.0	0.0	0.0
209	__protein2_rbs	7.6	0.0	0.0
209	__protein3_rbs	13.0	0.0	0.0
209	__ribosome	28.6	0.0	0.0
209	__rnase_site_ext	21.4	0.0	0.0
209	p0	1.0	0.0	0.0
209	p1	1.0	0.0	0.0
209	p2	0.4	0.0	0.0
209	protein1	461.6	8.4	1.7399999999999998
209	protein2	521.6	9.6	1.6196968000000005
209	protein3	1181.8	22.6	1.852108
209	rnapol	1.0	0.0	0.0
210	__protein1_rbs	4.6	0.0	0.0
210	__protein2_rbs	5.4	0.0	0.0
210	__protein3_rbs	11.6	0.0	0.0
210	__ribosome	23.2	0.0	0.0
210	__rnase_site_ext	21.4	0.0	0.0
210	p0	1.0	0.0	0.0
210	p1	0.8	0.0	0.0
210	p2	0.8	0.0	0.0
210	protein1	464.6	8.4	1.8466666
210	protein2	523.8	9.6	1.7659092
210	protein3	1189.2	22.8	1.9717666
210	rnapol	1.0	0.0	0.0
211	__protein1_rbs	5.4	0.0	0.0
211	__protein2_rbs	6.6	0.0	0.0
211	__protein3_rbs	15.6	0.0	0.0
211	__ribosome	26.2	0.0	0.0
211	__rnase_site_ext	21.6	0.0	0.0
211	p0	1.0	0.0	0.0
211	p1	1.0	0.0	0.0
211	p2	0.6	0.0	0.0
211	protein1	467.8	8.2	1.7711112
211	protein2	527.4	9.6	1.657576
211	protein3	1197.4	22.8	1.9111306000000003
211	rnapol	1.4	0.0	0.0
212	__protein1_rbs	4.4	0.0	0.0
212	__protein2_rbs	4.6	0.0	0.0
212	__protein3_rbs	15.8	0.0	0.0
212	__ribosome	28.0	0.0	0.0
212	__rnase_site_ext	21.6	0.0	0.0
212	p0	0.8	0.0	0.0
212	p1	1.0	0.0	0.0
212	p2	0.8	0.0	0.0
212	protein1	471.4	8.2	1.7577778000000002
212	protein2	530.6	9.4	1.784091
212	protein3	1207.2	23.0	1.7819261999999998
212	rnapol	1.0	0.0	0.0
213	__protein1_rbs	4.4	0.0	0.0
213	__protein2_rbs	7.0	0.0	0.0
213	__protein3_rbs	13.8	0.0	0.0
213	__ribosome	28.0	0.0	0.0
213	__rnase_site_ext	21.6	0.0	0.0
213	p0	0.8	0.0	0.0
213	p1	1.0	0.0	0.0
213	p2	0.6	0.0	0.0
213	protein1	474.0	8.0	1.8733334000000004
213	protein2	534.4	9.6	1.5530304
213	protein3	1214.0	23.0	1.8407868000000003
213	rnapol	0.8	0.0	0.0
214	__protein1_rbs	5.6	0.0	0.0
214	__protein2_rbs	6.2	0.0	0.0
214	__protein3_rbs	14.4	0.0	0.0
214	__ribosome	28.0	0.0	0.0
214	__rnase_site_ext	21.6	0.0	0.0
214	p0	1.0	0.0	0.0
214	p1	1.0	0.0	0.0
214	p2	0.6	0.0	0.0
214	protein1	476.8	8.2	1.8711112
214	protein2	537.2	9.6	1.6128790000000002
214	protein3	1222.4	23.2	1.7971669999999997
214	rnapol	0.8	0.0	0.0
215	__protein1_rbs	5.2	0.0	0.0
215	__protein2_rbs	6.8	0.0	0.0
215	__protein3_rbs	15.2	0.0	0.0
215	__ribosome	28.2	0.0	0.0
215	__rnase_site_ext	21.8	0.0	0.0
215	p0	1.0	0.0	0.0
215	p1	1.0	0.0	0.0
215	p2	1.0	0.0	0.0
215	protein1	478.4	8.4	2.0298412000000003
215	protein2	540.6	9.4	1.5833334
215	protein3	1232.4	23.4	1.73307
215	rnapol	1.2	0.0	0.0
216	__protein1_rbs	4.8	0.0	0.0
216	__protein2_rbs	5.0	0.0	0.0
216	__protein3_rbs	13.4	0.0	0.0
216	__ribosome	24.0	0.0	0.0
216	__rnase_site_ext	21.8	0.0	0.0
216	p0	0.8	0.0	0.0
216	p1	1.0	0.0	0.0
216	p2	1.0	0.0	0.0
216	protein1	481.8	8.4	2.0149206000000004
216	protein2	542.4	9.4	1.7856062
216	protein3	1240.0	23.4	1.8352424
216	rnapol	1.2	0.0	0.0
217	__protein1_rbs	5.6	0.0	0.0
217	__protein2_rbs	5.8	0.0	0.0
217	__protein3_rbs	14.0	0.0	0.0
217	__ribosome	23.8	0.0	0.0
217	__rnase_site_ext	22.0	0.0	0.0
217	p0	1.0	0.0	0.0
217	p1	1.0	0.0	0.0
217	p2	0.8	0.0	0.0
217	protein1	485.0	8.4	1.9530159999999996
217	protein2	546.6	9.4	1.7196971999999997
217	protein3	1247.4	23.4	1.8930698000000001
217	rnapol	1.4	0.0	0.0
218	__protein1_rbs	5.8	0.0	0.0
218	__protein2_rbs	6.8	0.0	0.0
218	__protein3_rbs	15.0	0.0	0.0
218	__ribosome	25.8	0.0	0.0
218	__rnase_site_ext	22.4	0.0	0.0
218	p0	0.8	0.0	0.0
218	p1	0.8	0.0	0.0
218	p2	0.8	0.0	0.0
218	protein1	489.6	8.6	1.6471862000000002
218	protein2	549.0	9.4	1.6780304
218	protein3	1255.4	23.4	1.9005216
218	rnapol	1.2	0.0	0.0
219	__protein1_rbs	6.4	0.0	0.0
219	__protein2_rbs	7.0	0.0	0.0
219	__protein3_rbs	15.6	0.0	0.0
219	__ribosome	28.2	0.0	0.0
219	__rnase_site_ext	22.8	0.0	0.0
219	p0	0.8	0.0	0.0
219	p1	0.8	0.0	0.0
219	p2	1.0	0.0	0.0
219	protein1	490.8	8.6	1.8528138
219	protein2	553.4	9.4	1.4742426000000002
219	protein3	1264.8	23.2	1.8388669999999998
219	rnapol	1.0	0.0	0.0
220	__protein1_rbs	5.4	0.0	0.0
220	__protein2_rbs	6.0	0.0	0.0
220	__protein3_rbs	14.6	0.0	0.0
220	__ribosome	26.8	0.0	0.0
220	__rnase_site_ext	22.8	0.0	0.0
220	p0	0.6	0.0	0.0
220	p1	0.8	0.0	0.0
220	p2	1.0	0.0	0.0
220	protein1	494.4	9.0	1.7294443999999998
220	protein2	555.8	9.4	1.565909
220	protein3	1273.2	23.6	1.8417076
220	rnapol	1.0	0.0	0.0
221	__protein1_rbs	5.0	0.0	0.0
221	__protein2_rbs	5.8	0.0	0.0
221	__protein3_rbs	16.4	0.0	0.0
221	__ribosome	29.6	0.0	0.0
221	__rnase_site_ext	22.8	0.0	0.0
221	p0	1.0	0.0	0.0
221	p1	1.0	0.0	0.0
221	p2	1.0	0.0	0.0
221	protein1	497.8	9.2	1.6855554
221	protein2	560.2	9.4	1.469697
221	protein3	1281.6	24.0	1.72573
221	rnapol	0.8	0.0	0.0
222	__protein1_rbs	6.0	0.0	0.0
222	__protein2_rbs	5.6	0.0	0.0
222	__protein3_rbs	12.8	0.0	0.0
222	__ribosome	26.2	0.0	0.0
222	__rnase_site_ext	22.6	0.0	0.0
222	p0	1.0	0.0	0.0
222	p1	1.0	0.0	0.0
222	p2	0.8	0.0	0.0
222	protein1	500.4	9.2	1.7859598
222	protein2	563.0	9.6	1.5696972000000002
222	protein3	1290.4	23.6	1.8351176
222	rnapol	1.2	0.0	0.0
223	__protein1_rbs	6.2	0.0	0.0
223	__protein2_rbs	7.0	0.0	0.0
223	__protein3_rbs	14.6	0.0	0.0
223	__ribosome	27.6	0.0	0.0
223	__rnase_site_ext	22.8	0.0	0.0
223	p0	1.0	0.0	0.0
223	p1	0.8	0.0	0.0
223	p2	0.8	0.0	0.0
223	protein1	503.6	9.2	1.7126261999999999
223	protein2	564.8	9.6	1.6172078
223	protein3	1299.4	23.4	1.7734274
223	rnapol	1.2	0.0	0.0
224	__protein1_rbs	6.2	0.0	0.0
224	__protein2_rbs	6.8	0.0	0.0
224	__protein3_rbs	14.6	0.0	0.0
224	__ribosome	26.8	0.0	0.0
224	__rnase_site_ext	23.4	0.0	0.0
224	p0	0.8	0.0	0.0
224	p1	0.8	0.0	0.0
224	p2	0.4	0.0	0.0
224	protein1	506.4	9.2	1.689293
224	protein2	566.6	9.6	1.7860392
224	protein3	1307.6	23.0	1.7816330000000002
224	rnapol	0.8	0.0	0.0
225	__protein1_rbs	6.0	0.0	0.0
225	__protein2_rbs	7.0	0.0	0.0
225	__protein3_rbs	14.2	0.0	0.0
225	__ribosome	27.6	0.0	0.0
225	__rnase_site_ext	23.2	0.0	0.0
225	p0	0.8	0.0	0.0
225	p1	0.8	0.0	0.0
225	p2	1.0	0.0	0.0
225	protein1	509.8	9.4	1.7222068
225	protein2	570.4	9.4	1.7142855999999995
225	protein3	1315.4	22.8	1.7946148000000002
225	rnapol	1.0	0.0	0.0
226	__protein1_rbs	5.6	0.0	0.0
226	__protein2_rbs	6.2	0.0	0.0
226	__protein3_rbs	12.0	0.0	0.0
226	__ribosome	27.4	0.0	0.0
226	__rnase_site_ext	22.8	0.0	0.0
226	p0	1.0	0.0	0.0
226	p1	0.6	0.0	0.0
226	p2	0.8	0.0	0.0
226	protein1	513.0	9.0	1.7747473999999999
226	protein2	574.0	9.4	1.631169
226	protein3	1323.8	23.2	1.8078918
226	rnapol	1.0	0.0	0.0
227	__protein1_rbs	5.8	0.0	0.0
227	__protein2_rbs	5.8	0.0	0.0
227	__protein3_rbs	15.2	0.0	0.0
227	__ribosome	27.0	0.0	0.0
227	__rnase_site_ext	23.2	0.0	0.0
227	p0	0.6	0.0	0.0
227	p1	0.8	0.0	0.0
227	p2	0.8	0.0	0.0
227	protein1	516.4	9.0	1.6366666
227	protein2	577.4	9.2	1.6535066000000003
227	protein3	1330.8	23.4	1.8387668
227	rnapol	0.6	0.0	0.0
228	__protein1_rbs	5.2	0.0	0.0
228	__protein2_rbs	4.4	0.0	0.0
228	__protein3_rbs	16.0	0.0	0.0
228	__ribosome	26.4	0.0	0.0
228	__rnase_site_ext	22.6	0.0	0.0
228	p0	1.0	0.0	0.0
228	p1	0.8	0.0	0.0
228	p2	0.8	0.0	0.0
228	protein1	519.2	9.0	1.6991919999999998
228	protein2	579.6	9.2	1.9514286
228	protein3	1341.0	23.4	1.7065613999999998
228	rnapol	0.8	0.0	0.0
229	__protein1_rbs	6.0	0.0	0.0
229	__protein2_rbs	5.8	0.0	0.0
229	__protein3_rbs	14.8	0.0	0.0
229	__ribosome	26.8	0.0	0.0
229	__rnase_site_ext	22.6	0.0	0.0
229	p0	1.0	0.0	0.0
229	p1	1.0	0.0	0.0
229	p2	0.8	0.0	0.0
229	protein1	522.0	9.2	1.6595959999999998
229	protein2	583.4	9.2	1.9018832
229	protein3	1349.2	23.4	1.7177764
229	rnapol	0.8	0.0	0.0
230	__protein1_rbs	6.6	0.0	0.0
230	__protein2_rbs	6.8	0.0	0.0
230	__protein3_rbs	15.4	0.0	0.0
230	__ribosome	26.6	0.0	0.0
230	__rnase_site_ext	22.4	0.0	0.0
230	p0	1.0	0.0	0.0
230	p1	0.8	0.0	0.0
230	p2	1.0	0.0	0.0
230	protein1	525.2	9.2	1.5670706
230	protein2	586.0	9.8	1.8298990000000002
230	protein3	1356.8	23.4	1.732287
230	rnapol	1.0	0.0	0.0
231	__protein1_rbs	5.2	0.0	0.0
231	__protein2_rbs	6.4	0.0	0.0
231	__protein3_rbs	16.6	0.0	0.0
231	__ribosome	28.2	0.0	0.0
231	__rnase_site_ext	22.0	0.0	0.0
231	p0	1.0	0.0	0.0
231	p1	0.6	0.0	0.0
231	p2	0.4	0.0	0.0
231	protein1	528.6	9.2	1.6703031999999998
231	protein2	588.8	9.8	1.9307792000000001
231	protein3	1366.4	23.4	1.6107706
231	rnapol	1.0	0.0	0.0
232	__protein1_rbs	6.6	0.0	0.0
232	__protein2_rbs	6.2	0.0	0.0
232	__protein3_rbs	12.4	0.0	0.0
232	__ribosome	25.6	0.0	0.0
232	__rnase_site_ext	22.4	0.0	0.0
232	p0	0.8	0.0	0.0
232	p1	0.8	0.0	0.0
232	p2	0.4	0.0	0.0
232	protein1	530.8	9.0	1.7707072
232	protein2	593.2	9.8	1.8221068
232	protein3	1373.6	22.8	1.7985833999999998
232	rnapol	0.8	0.0	0.0
233	__protein1_rbs	5.4	0.0	0.0
233	__protein2_rbs	6.0	0.0	0.0
233	__protein3_rbs	14.0	0.0	0.0
233	__ribosome	24.2	0.0	0.0
233	__rnase_site_ext	22.6	0.0	0.0
233	p0	1.0	0.0	0.0
233	p1	0.6	0.0	0.0
233	p2	0.8	0.0	0.0
233	protein1	533.8	9.0	1.7969698
233	protein2	597.2	9.8	1.7973593999999997
233	protein3	1380.0	22.6	1.8667418
233	rnapol	0.8	0.0	0.0
234	__protein1_rbs	5.6	0.0	0.0
234	__protein2_rbs	6.2	0.0	0.0
234	__protein3_rbs	13.4	0.0	0.0
234	__ribosome	25.4	0.0	0.0
234	__rnase_site_ext	22.4	0.0	0.0
234	p0	0.8	0.0	0.0
234	p1	0.8	0.0	0.0
234	p2	0.8	0.0	0.0
234	protein1	538.2	9.2	1.6811111999999997
234	protein2	601.2	10.0	1.6921436
234	protein3	1388.6	23.0	1.8422464
234	rnapol	0.4	0.0	0.0
235	__protein1_rbs	5.8	0.0	0.0
235	__protein2_rbs	7.4	0.0	0.0
235	__protein3_rbs	14.4	0.0	0.0
235	__ribosome	25.2	0.0	0.0
235	__rnase_site_ext	22.0	0.0	0.0
235	p0	1.0	0.0	0.0
235	p1	1.0	0.0	0.0
235	p2	0.4	0.0	0.0
235	protein1	540.2	8.8	1.8604762
235	protein2	603.0	10.2	1.7600700000000002
235	protein3	1397.6	23.2	1.7711697999999998
235	rnapol	0.6	0.0	0.0
236	__protein1_rbs	5.4	0.0	0.0
236	__protein2_rbs	6.6	0.0	0.0
236	__protein3_rbs	15.2	0.0	0.0
236	__ribosome	23.2	0.0	0.0
236	__rnase_site_ext	22.4	0.0	0.0
236	p0	1.0	0.0	0.0
236	p1	1.0	0.0	0.0
236	p2	0.6	0.0	0.0
236	protein1	543.4	8.6	1.9106062
236	protein2	607.2	10.4	1.6944524
236	protein3	1404.0	23.2	1.8759318
236	rnapol	0.4	0.0	0.0
237	__protein1_rbs	6.0	0.0	0.0
237	__protein2_rbs	7.6	0.0	0.0
237	__protein3_rbs	15.4	0.0	0.0
237	__ribosome	26.2	0.0	0.0
237	__rnase_site_ext	22.4	0.0	0.0
237	p0	1.0	0.0	0.0
237	p1	1.0	0.0	0.0
237	p2	1.0	0.0	0.0
237	protein1	547.2	8.6	1.6825756000000005
237	protein2	610.6	10.6	1.6114995999999997
237	protein3	1412.4	23.4	1.8369048
237	rnapol	0.6	0.0	0.0
238	__protein1_rbs	5.4	0.0	0.0
238	__protein2_rbs	6.6	0.0	0.0
238	__protein3_rbs	15.2	0.0	0.0
238	__ribosome	25.2	0.0	0.0
238	__rnase_site_ext	22.4	0.0	0.0
238	p0	1.0	0.0	0.0
238	p1	1.0	0.0	0.0
238	p2	0.8	0.0	0.0
238	protein1	548.8	8.6	1.8954546
238	protein2	614.2	10.6	1.6450662
238	protein3	1421.8	24.0	1.7430671999999998
238	rnapol	0.8	0.0	0.0
239	__protein1_rbs	4.8	0.0	0.0
239	__protein2_rbs	7.4	0.0	0.0
239	__protein3_rbs	18.0	0.0	0.0
239	__ribosome	27.4	0.0	0.0
239	__rnase_site_ext	22.8	0.0	0.0
239	p0	0.8	0.0	0.0
239	p1	0.8	0.0	0.0
239	p2	0.8	0.0	0.0
239	protein1	552.4	8.6	1.9469698
239	protein2	616.8	10.4	1.7385004000000002
239	protein3	1430.4	24.2	1.6029394
239	rnapol	0.6	0.0	0.0
240	__protein1_rbs	5.6	0.0	0.0
240	__protein2_rbs	6.2	0.0	0.0
240	__protein3_rbs	15.0	0.0	0.0
240	__ribosome	29.0	0.0	0.0
240	__rnase_site_ext	22.8	0.0	0.0
240	p0	1.0	0.0	0.0
240	p1	0.8	0.0	0.0
240	p2	0.6	0.0	0.0
240	protein1	556.6	8.8	1.6665586
240	protein2	621.2	10.4	1.760509
240	protein3	1438.4	24.0	1.6051383999999997
240	rnapol	0.8	0.0	0.0
241	__protein1_rbs	4.6	0.0	0.0
241	__protein2_rbs	7.2	0.0	0.0
241	__protein3_rbs	14.0	0.0	0.0
241	__ribosome	26.6	0.0	0.0
241	__rnase_site_ext	23.2	0.0	0.0
241	p0	1.0	0.0	0.0
241	p1	0.8	0.0	0.0
241	p2	0.2	0.0	0.0
241	protein1	558.6	8.8	1.8527056
241	protein2	624.4	10.2	1.7170386000000002
241	protein3	1446.8	24.2	1.6375756000000001
241	rnapol	0.4	0.0	0.0
242	__protein1_rbs	5.6	0.0	0.0
242	__protein2_rbs	6.0	0.0	0.0
242	__protein3_rbs	14.2	0.0	0.0
242	__ribosome	24.0	0.0	0.0
242	__rnase_site_ext	23.2	0.0	0.0
242	p0	1.0	0.0	0.0
242	p1	1.0	0.0	0.0
242	p2	0.6	0.0	0.0
242	protein1	561.8	8.8	1.9192639999999999
242	protein2	627.2	10.0	1.8279944
242	protein3	1454.6	24.2	1.6979566000000001
242	rnapol	0.8	0.0	0.0
243	__protein1_rbs	5.8	0.0	0.0
243	__protein2_rbs	6.6	0.0	0.0
243	__protein3_rbs	16.6	0.0	0.0
243	__ribosome	25.4	0.0	0.0
243	__rnase_site_ext	22.8	0.0	0.0
243	p0	0.8	0.0	0.0
243	p1	1.0	0.0	0.0
243	p2	1.0	0.0	0.0
243	protein1	564.2	8.8	1.925
243	protein2	630.8	10.0	1.8441114
243	protein3	1462.4	24.2	1.6389566000000002
243	rnapol	1.0	0.0	0.0
244	__protein1_rbs	5.6	0.0	0.0
244	__protein2_rbs	6.2	0.0	0.0
244	__protein3_rbs	15.4	0.0	0.0
244	__ribosome	23.6	0.0	0.0
244	__rnase_site_ext	22.8	0.0	0.0
244	p0	0.8	0.0	0.0
244	p1	1.0	0.0	0.0
244	p2	0.8	0.0	0.0
244	protein1	567.4	8.6	1.9222944
244	protein2	634.8	9.8	1.8164936
244	protein3	1469.2	24.8	1.6989566000000003
244	rnapol	1.0	0.0	0.0
245	__protein1_rbs	6.0	0.0	0.0
245	__protein2_rbs	5.6	0.0	0.0
245	__protein3_rbs	16.6	0.0	0.0
245	__ribosome	23.4	0.0	0.0
245	__rnase_site_ext	22.8	0.0	0.0
245	p0	0.8	0.0	0.0
245	p1	0.8	0.0	0.0
245	p2	0.8	0.0	0.0
245	protein1	571.2	8.4	1.7563204
245	protein2	638.2	10.0	1.8994950000000004
245	protein3	1476.8	24.8	1.7237858
245	rnapol	0.6	0.0	0.0
246	__protein1_rbs	5.4	0.0	0.0
246	__protein2_rbs	7.0	0.0	0.0
246	__protein3_rbs	17.0	0.0	0.0
246	__ribosome	24.6	0.0	0.0
246	__rnase_site_ext	22.8	0.0	0.0
246	p0	1.0	0.0	0.0
246	p1	0.8	0.0	0.0
246	p2	1.0	0.0	0.0
246	protein1	574.0	8.6	1.7637880000000004
246	protein2	641.6	10.0	1.798918
246	protein3	1485.2	24.6	1.7068964000000002
246	rnapol	0.6	0.0	0.0
247	__protein1_rbs	6.4	0.0	0.0
247	__protein2_rbs	5.8	0.0	0.0
247	__protein3_rbs	16.0	0.0	0.0
247	__ribosome	26.8	0.0	0.0
247	__rnase_site_ext	22.8	0.0	0.0
247	p0	1.0	0.0	0.0
247	p1	1.0	0.0	0.0
247	p2	1.0	0.0	0.0
247	protein1	577.2	8.8	1.6069482000000002
247	protein2	645.2	10.0	1.918687
247	protein3	1495.0	24.4	1.6379219999999999
247	rnapol	0.8	0.0	0.0
248	__protein1_rbs	5.8	0.0	0.0
248	__protein2_rbs	7.2	0.0	0.0
248	__protein3_rbs	13.2	0.0	0.0
248	__ribosome	23.2	0.0	0.0
248	__rnase_site_ext	23.0	0.0	0.0
248	p0	0.6	0.0	0.0
248	p1	1.0	0.0	0.0
248	p2	0.6	0.0	0.0
248	protein1	580.6	8.8	1.5661688
248	protein2	648.8	10.0	1.7959596000000002
248	protein3	1501.0	24.4	1.8523534
248	rnapol	0.6	0.0	0.0
249	__protein1_rbs	6.0	0.0	0.0
249	__protein2_rbs	6.8	0.0	0.0
249	__protein3_rbs	15.6	0.0	0.0
249	__ribosome	26.8	0.0	0.0
249	__rnase_site_ext	22.6	0.0	0.0
249	p0	1.0	0.0	0.0
249	p1	0.8	0.0	0.0
249	p2	0.8	0.0	0.0
249	protein1	583.4	8.6	1.6154761999999998
249	protein2	652.8	10.0	1.7035354000000005
249	protein3	1511.2	24.4	1.7519812
249	rnapol	1.0	0.0	0.0
250	__protein1_rbs	6.0	0.0	0.0
250	__protein2_rbs	6.0	0.0	0.0
250	__protein3_rbs	13.0	0.0	0.0
250	__ribosome	22.2	0.0	0.0
250	__rnase_site_ext	22.8	0.0	0.0
250	p0	1.0	0.0	0.0
250	p1	0.8	0.0	0.0
250	p2	0.8	0.0	0.0
250	protein1	586.0	8.6	1.5762986
250	protein2	655.2	10.0	1.8699493999999999
250	protein3	1519.4	24.4	1.875816
250	rnapol	1.4	0.0	0.0
