time	species	protein	transcript	ribo_density
0	__protein1_rbs	0.0	0.0	0.0
0	__protein2_rbs	0.0	0.0	0.0
0	__protein3_rbs	0.0	0.0	0.0
0	__ribosome	100.0	0.0	0.0
0	__rnase_site_ext	0.0	0.0	0.0
0	p0	1.0	0.0	0.0
0	p2	1.0	0.0	0.0
0	r1	0.0	0.0	0.0
0	rnapol	4.0	0.0	0.0
1	__protein1_rbs	0.0	0.0	0.0
1	__protein2_rbs	0.0	0.0	0.0
1	__protein3_rbs	0.0	0.0	0.0
1	__ribosome	80.0	0.0	0.0
1	__rnase_site_ext	0.4	0.0	0.0
1	p0	0.4	0.0	0.0
1	p2	0.2	0.0	0.0
1	r1	0.0	0.0	0.0
1	rnapol	2.2	0.0	0.0
2	__protein1_rbs	0.0	0.0	0.0
2	__protein2_rbs	0.0	0.0	0.0
2	__protein3_rbs	0.0	0.0	0.0
2	__ribosome	80.0	0.0	0.0
2	__rnase_site_ext	1.4	0.0	0.0
2	p0	0.6	0.0	0.0
2	p2	0.2	0.0	0.0
2	r1	0.0	0.0	0.0
2	rnapol	1.6	0.0	0.0
3	__protein1_rbs	0.2	0.0	0.0
3	__protein2_rbs	0.0	0.0	0.0
3	__protein3_rbs	0.2	0.0	0.0
3	__ribosome	139.8	0.0	0.0
3	__rnase_site_ext	2.0	0.0	0.0
3	p0	0.6	0.0	0.0
3	p2	1.0	0.0	0.0
3	protein1	0.0	0.4	0.2
3	protein3	0.0	0.2	0.0
3	r1	0.0	0.0	0.0
3	rnapol	2.8	0.0	0.0
4	__protein1_rbs	0.0	0.0	0.0
4	__protein2_rbs	0.0	0.0	0.0
4	__protein3_rbs	0.2	0.0	0.0
4	__ribosome	98.8	0.0	0.0
4	__rnase_site_ext	2.6	0.0	0.0
4	p0	1.0	0.0	0.0
4	p2	0.8	0.0	0.0
4	protein1	0.0	0.6	0.8
4	protein3	0.0	0.6	0.4
4	r1	0.0	0.0	0.0
4	rnapol	1.4	0.0	0.0
5	__protein1_rbs	0.4	0.0	0.0
5	__protein2_rbs	0.0	0.0	0.0
5	__protein3_rbs	0.4	0.0	0.0
5	__ribosome	97.4	0.0	0.0
5	__rnase_site_ext	2.8	0.0	0.0
5	p0	0.8	0.0	0.0
5	p2	1.0	0.0	0.0
5	protein1	0.0	1.0	1.2
5	protein3	0.0	1.0	0.8
5	r1	0.0	0.0	0.0
5	rnapol	1.0	0.0	0.0
6	__protein1_rbs	0.6	0.0	0.0
6	__protein2_rbs	0.0	0.0	0.0
6	__protein3_rbs	0.4	0.0	0.0
6	__ribosome	96.2	0.0	0.0
6	__rnase_site_ext	3.0	0.0	0.0
6	p0	0.8	0.0	0.0
6	p2	1.0	0.0	0.0
6	protein1	0.0	1.0	1.6
6	protein3	0.0	1.4	1.0333334
6	r1	0.0	0.0	0.0
6	rnapol	0.8	0.0	0.0
7	__protein1_rbs	0.2	0.0	0.0
7	__protein2_rbs	0.0	0.0	0.0
7	__protein3_rbs	0.8	0.0	0.0
7	__ribosome	94.2	0.0	0.0
7	__rnase_site_ext	3.0	0.0	0.0
7	p0	1.0	0.0	0.0
7	p2	1.0	0.0	0.0
7	protein1	0.0	1.2	2.4
7	protein3	0.0	1.8	1.6
7	r1	0.0	0.0	0.0
7	rnapol	0.6	0.0	0.0
8	__protein1_rbs	0.4	0.0	0.0
8	__protein2_rbs	0.0	0.0	0.0
8	__protein3_rbs	0.6	0.0	0.0
8	__ribosome	92.2	0.0	0.0
8	__rnase_site_ext	3.4	0.0	0.0
8	p0	0.8	0.0	0.0
8	p2	0.6	0.0	0.0
8	protein1	0.2	1.4	2.8
8	protein3	0.0	1.8	2.2666668000000003
8	r1	0.0	0.0	0.0
8	rnapol	0.2	0.0	0.0
9	__protein1_rbs	0.6	0.0	0.0
9	__protein2_rbs	0.0	0.0	0.0
9	__protein3_rbs	0.4	0.0	0.0
9	__ribosome	91.0	0.0	0.0
9	__rnase_site_ext	3.6	0.0	0.0
9	p0	1.0	0.0	0.0
9	p2	1.0	0.0	0.0
9	protein1	1.0	1.4	2.8
9	protein3	0.2	1.8	2.8
9	r1	0.4	0.0	0.0
9	rnapol	0.8	0.0	0.0
10	__protein1_rbs	1.0	0.0	0.0
10	__protein2_rbs	0.2	0.0	0.0
10	__protein3_rbs	0.6	0.0	0.0
10	__ribosome	90.6	0.0	0.0
10	__rnase_site_ext	3.8	0.0	0.0
10	p0	0.8	0.0	0.0
10	p2	1.0	0.0	0.0
10	protein1	1.8	1.6	2.4
10	protein2	0.0	0.2	0.0
10	protein3	0.8	1.6	inf
10	r1	0.6	0.0	0.0
10	rnapol	1.0	0.0	0.0
11	__protein1_rbs	0.8	0.0	0.0
11	__protein2_rbs	0.0	0.0	0.0
11	__protein3_rbs	0.8	0.0	0.0
11	__ribosome	89.6	0.0	0.0
11	__rnase_site_ext	4.2	0.0	0.0
11	p0	0.8	0.0	0.0
11	p2	0.8	0.0	0.0
11	protein1	2.0	1.6	2.6
11	protein2	0.0	0.4	0.4
11	protein3	1.6	2.0	inf
11	r1	0.8	0.0	0.0
11	rnapol	0.8	0.0	0.0
12	__protein1_rbs	0.6	0.0	0.0
12	__protein2_rbs	0.2	0.0	0.0
12	__protein3_rbs	0.6	0.0	0.0
12	__ribosome	88.6	0.0	0.0
12	__rnase_site_ext	4.2	0.0	0.0
12	p0	1.0	0.0	0.0
12	p2	1.0	0.0	0.0
12	protein1	3.0	2.0	2.2
12	protein2	0.0	0.6	0.8
12	protein3	2.8	2.0	inf
12	r1	0.8	0.0	0.0
12	rnapol	1.6	0.0	0.0
13	__protein1_rbs	0.6	0.0	0.0
13	__protein2_rbs	0.4	0.0	0.0
13	__protein3_rbs	1.0	0.0	0.0
13	__ribosome	87.2	0.0	0.0
13	__rnase_site_ext	4.4	0.0	0.0
13	p0	0.8	0.0	0.0
13	p2	0.8	0.0	0.0
13	protein1	3.6	2.0	2.6
13	protein2	0.0	0.8	0.9
13	protein3	3.6	2.0	inf
13	r1	0.8	0.0	0.0
13	rnapol	1.4	0.0	0.0
14	__protein1_rbs	0.6	0.0	0.0
14	__protein2_rbs	0.2	0.0	0.0
14	__protein3_rbs	0.6	0.0	0.0
14	__ribosome	86.2	0.0	0.0
14	__rnase_site_ext	5.0	0.0	0.0
14	p0	1.0	0.0	0.0
14	p2	0.6	0.0	0.0
14	protein1	4.4	2.0	2.8
14	protein2	0.0	0.8	1.4
14	protein3	5.2	2.2	2.7666666
14	r1	1.0	0.0	0.0
14	rnapol	1.2	0.0	0.0
15	__protein1_rbs	0.4	0.0	0.0
15	__protein2_rbs	0.4	0.0	0.0
15	__protein3_rbs	1.0	0.0	0.0
15	__ribosome	84.6	0.0	0.0
15	__rnase_site_ext	4.8	0.0	0.0
15	p0	1.0	0.0	0.0
15	p2	0.6	0.0	0.0
15	protein1	5.2	2.4	2.8
15	protein2	0.0	0.8	1.8
15	protein3	6.0	2.2	2.9666667999999996
15	r1	1.0	0.0	0.0
15	rnapol	1.2	0.0	0.0
16	__protein1_rbs	0.8	0.0	0.0
16	__protein2_rbs	0.4	0.0	0.0
16	__protein3_rbs	0.8	0.0	0.0
16	__ribosome	84.2	0.0	0.0
16	__rnase_site_ext	4.6	0.0	0.0
16	p0	0.8	0.0	0.0
16	p2	0.6	0.0	0.0
16	protein1	6.4	2.4	2.8666666000000003
16	protein2	0.4	1.0	1.4
16	protein3	7.6	2.6	2.7
16	r1	1.0	0.0	0.0
16	rnapol	1.4	0.0	0.0
17	__protein1_rbs	1.0	0.0	0.0
17	__protein2_rbs	0.2	0.0	0.0
17	__protein3_rbs	1.2	0.0	0.0
17	__ribosome	82.8	0.0	0.0
17	__rnase_site_ext	4.8	0.0	0.0
17	p0	1.0	0.0	0.0
17	p2	0.6	0.0	0.0
17	protein1	7.0	2.0	3.6
17	protein2	0.6	1.0	2.0
17	protein3	8.8	2.6	2.7
17	r1	1.2	0.0	0.0
17	rnapol	1.4	0.0	0.0
18	__protein1_rbs	0.6	0.0	0.0
18	__protein2_rbs	0.2	0.0	0.0
18	__protein3_rbs	1.2	0.0	0.0
18	__ribosome	82.8	0.0	0.0
18	__rnase_site_ext	5.0	0.0	0.0
18	p0	1.0	0.0	0.0
18	p2	0.4	0.0	0.0
18	protein1	8.4	2.2	3.5
18	protein2	1.2	1.0	1.7
18	protein3	10.4	2.8	2.5166666
18	r1	1.4	0.0	0.0
18	rnapol	1.0	0.0	0.0
19	__protein1_rbs	0.4	0.0	0.0
19	__protein2_rbs	0.4	0.0	0.0
19	__protein3_rbs	1.6	0.0	0.0
19	__ribosome	81.4	0.0	0.0
19	__rnase_site_ext	5.6	0.0	0.0
19	p0	0.6	0.0	0.0
19	p2	1.0	0.0	0.0
19	protein1	9.4	2.2	3.7666666
19	protein2	1.6	1.4	2.1
19	protein3	11.4	3.0	2.4333334
19	r1	1.4	0.0	0.0
19	rnapol	0.8	0.0	0.0
20	__protein1_rbs	1.2	0.0	0.0
20	__protein2_rbs	0.2	0.0	0.0
20	__protein3_rbs	1.2	0.0	0.0
20	__ribosome	79.8	0.0	0.0
20	__rnase_site_ext	5.6	0.0	0.0
20	p0	1.0	0.0	0.0
20	p2	0.8	0.0	0.0
20	protein1	11.2	2.4	3.1666666
20	protein2	1.8	1.4	2.8
20	protein3	12.6	3.8	2.2333334
20	r1	1.6	0.0	0.0
20	rnapol	0.8	0.0	0.0
21	__protein1_rbs	0.8	0.0	0.0
21	__protein2_rbs	0.6	0.0	0.0
21	__protein3_rbs	1.8	0.0	0.0
21	__ribosome	79.6	0.0	0.0
21	__rnase_site_ext	5.6	0.0	0.0
21	p0	1.0	0.0	0.0
21	p2	0.8	0.0	0.0
21	protein1	12.4	2.6	3.0666666
21	protein2	2.8	1.4	2.5
21	protein3	14.0	3.8	2.3066666000000002
21	r1	1.8	0.0	0.0
21	rnapol	1.0	0.0	0.0
22	__protein1_rbs	0.4	0.0	0.0
22	__protein2_rbs	0.8	0.0	0.0
22	__protein3_rbs	1.6	0.0	0.0
22	__ribosome	78.2	0.0	0.0
22	__rnase_site_ext	6.0	0.0	0.0
22	p0	1.0	0.0	0.0
22	p2	0.6	0.0	0.0
22	protein1	14.0	2.6	3.1333332
22	protein2	3.2	1.6	2.4666666
22	protein3	15.6	3.8	2.51
22	r1	1.8	0.0	0.0
22	rnapol	0.8	0.0	0.0
23	__protein1_rbs	1.0	0.0	0.0
23	__protein2_rbs	0.6	0.0	0.0
23	__protein3_rbs	1.2	0.0	0.0
23	__ribosome	76.0	0.0	0.0
23	__rnase_site_ext	6.2	0.0	0.0
23	p0	1.0	0.0	0.0
23	p2	0.8	0.0	0.0
23	protein1	15.6	2.6	3.1666666
23	protein2	3.8	1.8	2.7333334
23	protein3	17.0	4.0	2.7666666
23	r1	1.8	0.0	0.0
23	rnapol	0.8	0.0	0.0
24	__protein1_rbs	1.2	0.0	0.0
24	__protein2_rbs	0.8	0.0	0.0
24	__protein3_rbs	1.8	0.0	0.0
24	__ribosome	76.0	0.0	0.0
24	__rnase_site_ext	6.2	0.0	0.0
24	p0	1.0	0.0	0.0
24	p2	0.6	0.0	0.0
24	protein1	17.2	2.6	3.0333334
24	protein2	4.6	1.8	2.7333334
24	protein3	19.0	4.2	2.8
24	r1	2.0	0.0	0.0
24	rnapol	0.8	0.0	0.0
25	__protein1_rbs	0.6	0.0	0.0
25	__protein2_rbs	0.4	0.0	0.0
25	__protein3_rbs	1.6	0.0	0.0
25	__ribosome	75.0	0.0	0.0
25	__rnase_site_ext	6.4	0.0	0.0
25	p0	0.8	0.0	0.0
25	p2	0.8	0.0	0.0
25	protein1	18.4	2.6	3.0666666
25	protein2	5.8	1.8	2.9
25	protein3	21.0	4.4	2.81
25	r1	2.0	0.0	0.0
25	rnapol	0.8	0.0	0.0
26	__protein1_rbs	0.4	0.0	0.0
26	__protein2_rbs	1.0	0.0	0.0
26	__protein3_rbs	2.4	0.0	0.0
26	__ribosome	73.4	0.0	0.0
26	__rnase_site_ext	7.0	0.0	0.0
26	p0	1.0	0.0	0.0
26	p2	0.6	0.0	0.0
26	protein1	19.6	2.8	3.3
26	protein2	6.2	2.0	2.6333333999999997
26	protein3	23.0	4.6	2.7166667999999996
26	r1	2.2	0.0	0.0
26	rnapol	1.0	0.0	0.0
27	__protein1_rbs	2.0	0.0	0.0
27	__protein2_rbs	1.6	0.0	0.0
27	__protein3_rbs	2.0	0.0	0.0
27	__ribosome	74.6	0.0	0.0
27	__rnase_site_ext	7.0	0.0	0.0
27	p0	0.8	0.0	0.0
27	p2	0.6	0.0	0.0
27	protein1	22.0	3.0	2.5833334
27	protein2	7.2	2.0	2.4333334
27	protein3	25.4	5.0	2.6642857999999996
27	r1	2.4	0.0	0.0
27	rnapol	0.8	0.0	0.0
28	__protein1_rbs	0.8	0.0	0.0
28	__protein2_rbs	1.0	0.0	0.0
28	__protein3_rbs	2.0	0.0	0.0
28	__ribosome	72.8	0.0	0.0
28	__rnase_site_ext	7.0	0.0	0.0
28	p0	1.0	0.0	0.0
28	p2	0.6	0.0	0.0
28	protein1	23.6	3.0	2.6833334
28	protein2	8.0	2.2	2.5
28	protein3	27.2	5.2	2.7404762000000003
28	r1	2.4	0.0	0.0
28	rnapol	1.0	0.0	0.0
29	__protein1_rbs	1.6	0.0	0.0
29	__protein2_rbs	1.2	0.0	0.0
29	__protein3_rbs	2.2	0.0	0.0
29	__ribosome	72.4	0.0	0.0
29	__rnase_site_ext	7.6	0.0	0.0
29	p0	1.0	0.0	0.0
29	p2	0.2	0.0	0.0
29	protein1	24.6	3.2	2.7533334
29	protein2	9.4	2.4	2.2166666
29	protein3	30.6	5.4	2.5142857999999997
29	r1	2.0	0.0	0.0
29	rnapol	0.2	0.0	0.0
30	__protein1_rbs	1.4	0.0	0.0
30	__protein2_rbs	0.8	0.0	0.0
30	__protein3_rbs	1.8	0.0	0.0
30	__ribosome	69.2	0.0	0.0
30	__rnase_site_ext	8.0	0.0	0.0
30	p0	0.8	0.0	0.0
30	p2	0.8	0.0	0.0
30	protein1	26.2	3.4	2.77
30	protein2	10.0	2.4	2.6
30	protein3	32.8	5.6	2.7057142000000005
30	r1	2.0	0.0	0.0
30	rnapol	0.4	0.0	0.0
31	__protein1_rbs	1.0	0.0	0.0
31	__protein2_rbs	0.8	0.0	0.0
31	__protein3_rbs	2.0	0.0	0.0
31	__ribosome	68.4	0.0	0.0
31	__rnase_site_ext	8.4	0.0	0.0
31	p0	0.8	0.0	0.0
31	p2	0.6	0.0	0.0
31	protein1	28.4	3.4	2.76
31	protein2	11.6	2.2	3.1
31	protein3	35.2	5.8	2.785
31	r1	2.0	0.0	0.0
31	rnapol	0.4	0.0	0.0
32	__protein1_rbs	1.8	0.0	0.0
32	__protein2_rbs	0.6	0.0	0.0
32	__protein3_rbs	2.2	0.0	0.0
32	__ribosome	66.4	0.0	0.0
32	__rnase_site_ext	8.4	0.0	0.0
32	p0	0.8	0.0	0.0
32	p2	0.6	0.0	0.0
32	protein1	29.4	3.6	2.7299999999999995
32	protein2	12.6	2.0	3.4
32	protein3	38.2	6.4	2.7216668000000004
32	r1	2.0	0.0	0.0
32	rnapol	0.4	0.0	0.0
33	__protein1_rbs	1.0	0.0	0.0
33	__protein2_rbs	1.4	0.0	0.0
33	__protein3_rbs	2.2	0.0	0.0
33	__ribosome	64.0	0.0	0.0
33	__rnase_site_ext	8.8	0.0	0.0
33	p0	1.0	0.0	0.0
33	p2	0.8	0.0	0.0
33	protein1	31.2	3.8	2.81
33	protein2	13.2	2.0	3.5333334
33	protein3	40.4	6.4	2.9155556
33	r1	2.2	0.0	0.0
33	rnapol	0.8	0.0	0.0
34	__protein1_rbs	2.0	0.0	0.0
34	__protein2_rbs	0.8	0.0	0.0
34	__protein3_rbs	2.4	0.0	0.0
34	__ribosome	64.0	0.0	0.0
34	__rnase_site_ext	8.6	0.0	0.0
34	p0	1.0	0.0	0.0
34	p2	0.8	0.0	0.0
34	protein1	33.4	4.0	2.64
34	protein2	14.4	2.0	3.4
34	protein3	43.8	6.6	2.8505556000000003
34	r1	2.2	0.0	0.0
34	rnapol	1.2	0.0	0.0
35	__protein1_rbs	2.2	0.0	0.0
35	__protein2_rbs	1.0	0.0	0.0
35	__protein3_rbs	3.4	0.0	0.0
35	__ribosome	65.2	0.0	0.0
35	__rnase_site_ext	8.2	0.0	0.0
35	p0	1.0	0.0	0.0
35	p2	1.0	0.0	0.0
35	protein1	35.4	4.0	2.57
35	protein2	16.2	2.2	2.7
35	protein3	47.2	7.0	2.7328572
35	r1	2.2	0.0	0.0
35	rnapol	1.4	0.0	0.0
36	__protein1_rbs	2.0	0.0	0.0
36	__protein2_rbs	0.6	0.0	0.0
36	__protein3_rbs	3.0	0.0	0.0
36	__ribosome	65.6	0.0	0.0
36	__rnase_site_ext	8.0	0.0	0.0
36	p0	0.8	0.0	0.0
36	p2	1.0	0.0	0.0
36	protein1	37.2	3.6	2.8566666
36	protein2	17.8	2.2	2.5833334
36	protein3	50.8	7.0	2.764285800000001
36	r1	2.2	0.0	0.0
36	rnapol	1.6	0.0	0.0
37	__protein1_rbs	1.0	0.0	0.0
37	__protein2_rbs	0.6	0.0	0.0
37	__protein3_rbs	2.4	0.0	0.0
37	__ribosome	63.0	0.0	0.0
37	__rnase_site_ext	8.0	0.0	0.0
37	p0	1.0	0.0	0.0
37	p2	1.0	0.0	0.0
37	protein1	38.8	3.6	3.2166667999999996
37	protein2	19.0	2.2	2.9
37	protein3	54.2	7.2	2.8545238
37	r1	2.2	0.0	0.0
37	rnapol	1.6	0.0	0.0
38	__protein1_rbs	1.6	0.0	0.0
38	__protein2_rbs	1.2	0.0	0.0
38	__protein3_rbs	3.0	0.0	0.0
38	__ribosome	64.0	0.0	0.0
38	__rnase_site_ext	8.0	0.0	0.0
38	p0	0.6	0.0	0.0
38	p2	1.0	0.0	0.0
38	protein1	41.4	3.6	2.7666666
38	protein2	20.0	2.2	2.85
38	protein3	58.2	7.0	2.9306349999999997
38	r1	2.6	0.0	0.0
38	rnapol	1.8	0.0	0.0
39	__protein1_rbs	1.2	0.0	0.0
39	__protein2_rbs	0.4	0.0	0.0
39	__protein3_rbs	2.6	0.0	0.0
39	__ribosome	62.4	0.0	0.0
39	__rnase_site_ext	8.8	0.0	0.0
39	p0	0.8	0.0	0.0
39	p2	0.4	0.0	0.0
39	protein1	43.4	3.6	2.8166667999999997
39	protein2	20.8	2.4	2.8333334
39	protein3	62.2	6.8	3.1678572
39	r1	2.8	0.0	0.0
39	rnapol	1.4	0.0	0.0
40	__protein1_rbs	2.0	0.0	0.0
40	__protein2_rbs	2.0	0.0	0.0
40	__protein3_rbs	3.4	0.0	0.0
40	__ribosome	63.6	0.0	0.0
40	__rnase_site_ext	8.4	0.0	0.0
40	p0	0.8	0.0	0.0
40	p2	0.8	0.0	0.0
40	protein1	45.2	4.2	2.4333334
40	protein2	22.2	2.6	2.2166666
40	protein3	66.4	6.8	3.0511906000000004
40	r1	2.8	0.0	0.0
40	rnapol	1.6	0.0	0.0
41	__protein1_rbs	1.8	0.0	0.0
41	__protein2_rbs	0.8	0.0	0.0
41	__protein3_rbs	3.2	0.0	0.0
41	__ribosome	61.8	0.0	0.0
41	__rnase_site_ext	8.4	0.0	0.0
41	p0	1.0	0.0	0.0
41	p2	1.0	0.0	0.0
41	protein1	46.6	3.8	3.03
41	protein2	23.4	2.8	2.2833334
41	protein3	69.8	7.0	3.0666666
41	r1	2.8	0.0	0.0
41	rnapol	1.8	0.0	0.0
42	__protein1_rbs	1.4	0.0	0.0
42	__protein2_rbs	1.6	0.0	0.0
42	__protein3_rbs	3.4	0.0	0.0
42	__ribosome	62.6	0.0	0.0
42	__rnase_site_ext	8.6	0.0	0.0
42	p0	0.6	0.0	0.0
42	p2	1.0	0.0	0.0
42	protein1	48.6	4.0	2.8666666000000003
42	protein2	24.6	2.8	2.0833334
42	protein3	74.6	7.2	2.9066666000000003
42	r1	2.8	0.0	0.0
42	rnapol	1.6	0.0	0.0
43	__protein1_rbs	1.6	0.0	0.0
43	__protein2_rbs	0.6	0.0	0.0
43	__protein3_rbs	2.6	0.0	0.0
43	__ribosome	61.2	0.0	0.0
43	__rnase_site_ext	9.0	0.0	0.0
43	p0	0.8	0.0	0.0
43	p2	0.6	0.0	0.0
43	protein1	50.8	4.0	3.0
43	protein2	26.0	2.8	2.4
43	protein3	77.8	7.2	3.06
43	r1	2.8	0.0	0.0
43	rnapol	1.2	0.0	0.0
44	__protein1_rbs	2.6	0.0	0.0
44	__protein2_rbs	0.6	0.0	0.0
44	__protein3_rbs	3.2	0.0	0.0
44	__ribosome	62.0	0.0	0.0
44	__rnase_site_ext	9.2	0.0	0.0
44	p0	0.8	0.0	0.0
44	p2	0.4	0.0	0.0
44	protein1	52.6	4.4	2.58
44	protein2	27.2	2.8	2.6333333999999997
44	protein3	82.4	7.0	2.9194446
44	r1	2.8	0.0	0.0
44	rnapol	1.0	0.0	0.0
45	__protein1_rbs	2.2	0.0	0.0
45	__protein2_rbs	1.4	0.0	0.0
45	__protein3_rbs	2.2	0.0	0.0
45	__ribosome	61.8	0.0	0.0
45	__rnase_site_ext	9.4	0.0	0.0
45	p0	1.0	0.0	0.0
45	p2	0.6	0.0	0.0
45	protein1	54.8	4.6	2.384762
45	protein2	28.4	2.8	2.7166666
45	protein3	87.0	7.2	2.8138888
45	r1	3.0	0.0	0.0
45	rnapol	1.0	0.0	0.0
46	__protein1_rbs	1.0	0.0	0.0
46	__protein2_rbs	1.2	0.0	0.0
46	__protein3_rbs	2.0	0.0	0.0
46	__ribosome	59.6	0.0	0.0
46	__rnase_site_ext	10.0	0.0	0.0
46	p0	0.8	0.0	0.0
46	p2	0.6	0.0	0.0
46	protein1	56.6	4.6	2.7838093999999995
46	protein2	29.8	2.8	2.7166667999999996
46	protein3	90.4	7.2	2.9527778
46	r1	3.0	0.0	0.0
46	rnapol	0.8	0.0	0.0
47	__protein1_rbs	1.4	0.0	0.0
47	__protein2_rbs	1.6	0.0	0.0
47	__protein3_rbs	2.6	0.0	0.0
47	__ribosome	57.8	0.0	0.0
47	__rnase_site_ext	10.2	0.0	0.0
47	p0	0.6	0.0	0.0
47	p2	0.8	0.0	0.0
47	protein1	58.8	4.8	2.7061906
47	protein2	30.6	3.0	2.8666666000000003
47	protein3	94.4	7.2	3.0120634
47	r1	3.2	0.0	0.0
47	rnapol	0.6	0.0	0.0
48	__protein1_rbs	2.4	0.0	0.0
48	__protein2_rbs	2.0	0.0	0.0
48	__protein3_rbs	4.0	0.0	0.0
48	__ribosome	59.0	0.0	0.0
48	__rnase_site_ext	10.4	0.0	0.0
48	p0	1.0	0.0	0.0
48	p2	1.0	0.0	0.0
48	protein1	61.0	5.0	2.7966666
48	protein2	32.4	3.2	2.3833333999999997
48	protein3	98.4	7.8	2.6680952
48	r1	3.0	0.0	0.0
48	rnapol	0.8	0.0	0.0
49	__protein1_rbs	2.4	0.0	0.0
49	__protein2_rbs	2.0	0.0	0.0
49	__protein3_rbs	2.2	0.0	0.0
49	__ribosome	57.0	0.0	0.0
49	__rnase_site_ext	10.4	0.0	0.0
49	p0	1.0	0.0	0.0
49	p2	1.0	0.0	0.0
49	protein1	62.8	5.2	2.705
49	protein2	34.6	3.2	2.15
49	protein3	101.6	7.8	2.919762
49	r1	3.4	0.0	0.0
49	rnapol	0.8	0.0	0.0
50	__protein1_rbs	2.2	0.0	0.0
50	__protein2_rbs	1.4	0.0	0.0
50	__protein3_rbs	3.6	0.0	0.0
50	__ribosome	57.2	0.0	0.0
50	__rnase_site_ext	10.2	0.0	0.0
50	p0	0.8	0.0	0.0
50	p2	0.8	0.0	0.0
50	protein1	65.0	5.2	2.695
50	protein2	35.8	3.2	2.45
50	protein3	106.8	8.0	2.7217460000000004
50	r1	3.6	0.0	0.0
50	rnapol	0.6	0.0	0.0
51	__protein1_rbs	2.2	0.0	0.0
51	__protein2_rbs	1.4	0.0	0.0
51	__protein3_rbs	3.8	0.0	0.0
51	__ribosome	55.0	0.0	0.0
51	__rnase_site_ext	10.2	0.0	0.0
51	p0	1.0	0.0	0.0
51	p2	0.8	0.0	0.0
51	protein1	67.4	5.4	2.665
51	protein2	37.2	3.4	2.59
51	protein3	109.8	8.0	2.835635
51	r1	3.6	0.0	0.0
51	rnapol	0.8	0.0	0.0
52	__protein1_rbs	2.4	0.0	0.0
52	__protein2_rbs	1.8	0.0	0.0
52	__protein3_rbs	4.2	0.0	0.0
52	__ribosome	56.0	0.0	0.0
52	__rnase_site_ext	10.0	0.0	0.0
52	p0	1.0	0.0	0.0
52	p2	0.8	0.0	0.0
52	protein1	70.6	5.2	2.705
52	protein2	38.4	3.6	2.65
52	protein3	114.4	8.0	2.7309523999999996
52	r1	3.8	0.0	0.0
52	rnapol	1.2	0.0	0.0
53	__protein1_rbs	2.6	0.0	0.0
53	__protein2_rbs	1.4	0.0	0.0
53	__protein3_rbs	2.6	0.0	0.0
53	__ribosome	54.0	0.0	0.0
53	__rnase_site_ext	10.0	0.0	0.0
53	p0	1.0	0.0	0.0
53	p2	0.8	0.0	0.0
53	protein1	73.4	5.2	2.68
53	protein2	39.4	3.6	2.8033334
53	protein3	118.6	8.0	2.8519842
53	r1	3.8	0.0	0.0
53	rnapol	1.8	0.0	0.0
54	__protein1_rbs	2.8	0.0	0.0
54	__protein2_rbs	1.2	0.0	0.0
54	__protein3_rbs	3.6	0.0	0.0
54	__ribosome	54.2	0.0	0.0
54	__rnase_site_ext	10.0	0.0	0.0
54	p0	0.8	0.0	0.0
54	p2	0.8	0.0	0.0
54	protein1	76.0	5.2	2.64
54	protein2	41.0	3.8	2.88
54	protein3	123.6	7.8	2.824127
54	r1	3.8	0.0	0.0
54	rnapol	1.8	0.0	0.0
55	__protein1_rbs	3.4	0.0	0.0
55	__protein2_rbs	2.2	0.0	0.0
55	__protein3_rbs	3.4	0.0	0.0
55	__ribosome	54.6	0.0	0.0
55	__rnase_site_ext	10.0	0.0	0.0
55	p0	0.8	0.0	0.0
55	p2	0.6	0.0	0.0
55	protein1	78.4	5.2	2.57
55	protein2	42.4	3.8	2.75
55	protein3	128.0	7.8	2.8472223999999997
55	r1	3.8	0.0	0.0
55	rnapol	1.8	0.0	0.0
56	__protein1_rbs	1.6	0.0	0.0
56	__protein2_rbs	2.0	0.0	0.0
56	__protein3_rbs	4.2	0.0	0.0
56	__ribosome	56.8	0.0	0.0
56	__rnase_site_ext	10.4	0.0	0.0
56	p0	1.0	0.0	0.0
56	p2	0.6	0.0	0.0
56	protein1	81.6	5.2	2.525
56	protein2	45.4	3.8	2.3866666000000003
56	protein3	132.8	8.0	2.6646826
56	r1	3.6	0.0	0.0
56	rnapol	1.6	0.0	0.0
57	__protein1_rbs	2.4	0.0	0.0
57	__protein2_rbs	1.4	0.0	0.0
57	__protein3_rbs	3.2	0.0	0.0
57	__ribosome	54.8	0.0	0.0
57	__rnase_site_ext	10.6	0.0	0.0
57	p0	0.8	0.0	0.0
57	p2	1.0	0.0	0.0
57	protein1	84.2	5.6	2.3966666
57	protein2	47.6	3.8	2.4133334
57	protein3	136.0	8.0	2.8321428000000006
57	r1	3.8	0.0	0.0
57	rnapol	1.4	0.0	0.0
58	__protein1_rbs	2.8	0.0	0.0
58	__protein2_rbs	2.0	0.0	0.0
58	__protein3_rbs	3.0	0.0	0.0
58	__ribosome	55.2	0.0	0.0
58	__rnase_site_ext	10.6	0.0	0.0
58	p0	0.8	0.0	0.0
58	p2	1.0	0.0	0.0
58	protein1	87.4	5.8	2.3114286
58	protein2	48.8	4.0	2.3133334000000003
58	protein3	141.4	8.2	2.6600792
58	r1	3.8	0.0	0.0
58	rnapol	1.4	0.0	0.0
59	__protein1_rbs	2.2	0.0	0.0
59	__protein2_rbs	2.2	0.0	0.0
59	__protein3_rbs	2.8	0.0	0.0
59	__ribosome	54.8	0.0	0.0
59	__rnase_site_ext	10.8	0.0	0.0
59	p0	1.0	0.0	0.0
59	p2	0.0	0.0	0.0
59	protein1	89.6	5.8	2.3821428000000004
59	protein2	50.8	3.8	2.3833333999999997
59	protein3	146.2	8.6	2.5967460000000004
59	r1	3.8	0.0	0.0
59	rnapol	0.6	0.0	0.0
60	__protein1_rbs	2.8	0.0	0.0
60	__protein2_rbs	1.4	0.0	0.0
60	__protein3_rbs	3.8	0.0	0.0
60	__ribosome	53.2	0.0	0.0
60	__rnase_site_ext	11.2	0.0	0.0
60	p0	1.0	0.0	0.0
60	p2	0.8	0.0	0.0
60	protein1	91.2	5.8	2.6595238
60	protein2	53.0	3.8	2.35
60	protein3	150.2	8.6	2.6517459999999997
60	r1	3.8	0.0	0.0
60	rnapol	0.8	0.0	0.0
61	__protein1_rbs	2.2	0.0	0.0
61	__protein2_rbs	2.4	0.0	0.0
61	__protein3_rbs	3.8	0.0	0.0
61	__ribosome	52.0	0.0	0.0
61	__rnase_site_ext	11.2	0.0	0.0
61	p0	1.0	0.0	0.0
61	p2	1.0	0.0	0.0
61	protein1	94.4	5.8	2.6547620000000003
61	protein2	54.4	3.8	2.35
61	protein3	153.4	8.8	2.696111
61	r1	4.0	0.0	0.0
61	rnapol	1.2	0.0	0.0
62	__protein1_rbs	3.6	0.0	0.0
62	__protein2_rbs	1.0	0.0	0.0
62	__protein3_rbs	5.0	0.0	0.0
62	__ribosome	51.8	0.0	0.0
62	__rnase_site_ext	11.0	0.0	0.0
62	p0	1.0	0.0	0.0
62	p2	0.8	0.0	0.0
62	protein1	97.0	5.8	2.6011906000000002
62	protein2	55.8	3.8	2.75
62	protein3	158.6	9.4	2.4483838
62	r1	4.0	0.0	0.0
62	rnapol	1.2	0.0	0.0
63	__protein1_rbs	2.4	0.0	0.0
63	__protein2_rbs	1.4	0.0	0.0
63	__protein3_rbs	4.4	0.0	0.0
63	__ribosome	51.0	0.0	0.0
63	__rnase_site_ext	11.6	0.0	0.0
63	p0	0.8	0.0	0.0
63	p2	0.6	0.0	0.0
63	protein1	99.8	5.6	2.6952380000000002
63	protein2	58.2	4.0	2.5066666
63	protein3	162.8	9.6	2.4742424
63	r1	4.2	0.0	0.0
63	rnapol	0.8	0.0	0.0
64	__protein1_rbs	2.4	0.0	0.0
64	__protein2_rbs	1.4	0.0	0.0
64	__protein3_rbs	4.2	0.0	0.0
64	__ribosome	48.8	0.0	0.0
64	__rnase_site_ext	11.4	0.0	0.0
64	p0	1.0	0.0	0.0
64	p2	0.8	0.0	0.0
64	protein1	101.8	5.8	2.9119048
64	protein2	59.4	4.0	2.7566667999999996
64	protein3	168.0	9.4	2.5197978
64	r1	4.0	0.0	0.0
64	rnapol	1.2	0.0	0.0
65	__protein1_rbs	2.8	0.0	0.0
65	__protein2_rbs	1.6	0.0	0.0
65	__protein3_rbs	4.4	0.0	0.0
65	__ribosome	49.6	0.0	0.0
65	__rnase_site_ext	11.0	0.0	0.0
65	p0	0.8	0.0	0.0
65	p2	1.0	0.0	0.0
65	protein1	105.6	5.8	2.6928572
65	protein2	61.6	4.2	2.59
65	protein3	171.6	9.6	2.5407216
65	r1	4.0	0.0	0.0
65	rnapol	1.0	0.0	0.0
66	__protein1_rbs	2.4	0.0	0.0
66	__protein2_rbs	1.4	0.0	0.0
66	__protein3_rbs	3.8	0.0	0.0
66	__ribosome	49.4	0.0	0.0
66	__rnase_site_ext	11.4	0.0	0.0
66	p0	1.0	0.0	0.0
66	p2	0.6	0.0	0.0
66	protein1	109.2	5.2	2.8316668
66	protein2	63.8	4.2	2.6766666
66	protein3	177.0	10.0	2.5180954
66	r1	4.4	0.0	0.0
66	rnapol	1.2	0.0	0.0
67	__protein1_rbs	3.0	0.0	0.0
67	__protein2_rbs	1.4	0.0	0.0
67	__protein3_rbs	5.2	0.0	0.0
67	__ribosome	48.2	0.0	0.0
67	__rnase_site_ext	11.6	0.0	0.0
67	p0	0.8	0.0	0.0
67	p2	0.8	0.0	0.0
67	protein1	111.6	5.4	2.7611112
67	protein2	65.4	4.2	3.0890476000000002
67	protein3	181.2	10.2	2.4966666
67	r1	4.4	0.0	0.0
67	rnapol	1.4	0.0	0.0
68	__protein1_rbs	3.2	0.0	0.0
68	__protein2_rbs	2.4	0.0	0.0
68	__protein3_rbs	4.6	0.0	0.0
68	__ribosome	49.2	0.0	0.0
68	__rnase_site_ext	11.6	0.0	0.0
68	p0	1.0	0.0	0.0
68	p2	1.0	0.0	0.0
68	protein1	114.8	5.4	2.6322222
68	protein2	67.6	4.4	2.6671428
68	protein3	187.0	10.2	2.4675324
68	r1	4.2	0.0	0.0
68	rnapol	1.4	0.0	0.0
69	__protein1_rbs	2.6	0.0	0.0
69	__protein2_rbs	2.0	0.0	0.0
69	__protein3_rbs	3.8	0.0	0.0
69	__ribosome	46.6	0.0	0.0
69	__rnase_site_ext	11.4	0.0	0.0
69	p0	1.0	0.0	0.0
69	p2	0.8	0.0	0.0
69	protein1	118.4	5.6	2.5
69	protein2	69.4	4.4	2.7757142000000004
69	protein3	190.8	10.0	2.7459742
69	r1	4.2	0.0	0.0
69	rnapol	1.8	0.0	0.0
70	__protein1_rbs	3.0	0.0	0.0
70	__protein2_rbs	1.4	0.0	0.0
70	__protein3_rbs	4.6	0.0	0.0
70	__ribosome	46.2	0.0	0.0
70	__rnase_site_ext	11.2	0.0	0.0
70	p0	1.0	0.0	0.0
70	p2	0.6	0.0	0.0
70	protein1	120.8	5.6	2.4133332000000003
70	protein2	72.0	4.4	2.7328572
70	protein3	195.4	10.2	2.7360172
70	r1	4.2	0.0	0.0
70	rnapol	1.8	0.0	0.0
71	__protein1_rbs	3.2	0.0	0.0
71	__protein2_rbs	2.0	0.0	0.0
71	__protein3_rbs	5.2	0.0	0.0
71	__ribosome	47.4	0.0	0.0
71	__rnase_site_ext	11.6	0.0	0.0
71	p0	0.6	0.0	0.0
71	p2	1.0	0.0	0.0
71	protein1	123.8	5.6	2.33
71	protein2	74.4	4.2	2.8214286
71	protein3	200.4	10.2	2.6978354
71	r1	4.2	0.0	0.0
71	rnapol	1.8	0.0	0.0
72	__protein1_rbs	3.0	0.0	0.0
72	__protein2_rbs	1.6	0.0	0.0
72	__protein3_rbs	5.4	0.0	0.0
72	__ribosome	47.2	0.0	0.0
72	__rnase_site_ext	11.8	0.0	0.0
72	p0	1.0	0.0	0.0
72	p2	0.4	0.0	0.0
72	protein1	125.0	6.0	2.3633334
72	protein2	76.6	4.2	2.9642858
72	protein3	206.4	10.4	2.5010606
72	r1	4.2	0.0	0.0
72	rnapol	1.8	0.0	0.0
73	__protein1_rbs	2.4	0.0	0.0
73	__protein2_rbs	1.8	0.0	0.0
73	__protein3_rbs	5.8	0.0	0.0
73	__ribosome	48.2	0.0	0.0
73	__rnase_site_ext	11.6	0.0	0.0
73	p0	0.8	0.0	0.0
73	p2	0.8	0.0	0.0
73	protein1	128.8	6.0	2.3766666
73	protein2	79.0	4.2	2.7428572
73	protein3	211.0	10.0	2.5922728
73	r1	4.4	0.0	0.0
73	rnapol	1.6	0.0	0.0
74	__protein1_rbs	2.0	0.0	0.0
74	__protein2_rbs	2.4	0.0	0.0
74	__protein3_rbs	5.4	0.0	0.0
74	__ribosome	49.8	0.0	0.0
74	__rnase_site_ext	12.0	0.0	0.0
74	p0	0.8	0.0	0.0
74	p2	0.8	0.0	0.0
74	protein1	131.4	5.8	2.7666666
74	protein2	81.4	4.2	2.5214286
74	protein3	217.6	10.0	2.4055556
74	r1	4.6	0.0	0.0
74	rnapol	1.2	0.0	0.0
75	__protein1_rbs	3.2	0.0	0.0
75	__protein2_rbs	3.2	0.0	0.0
75	__protein3_rbs	4.2	0.0	0.0
75	__ribosome	50.8	0.0	0.0
75	__rnase_site_ext	12.4	0.0	0.0
75	p0	0.8	0.0	0.0
75	p2	1.0	0.0	0.0
75	protein1	133.8	6.2	2.6000002
75	protein2	84.0	4.4	2.1685714000000003
75	protein3	223.2	10.2	2.4081197999999997
75	r1	4.6	0.0	0.0
75	rnapol	1.2	0.0	0.0
76	__protein1_rbs	4.0	0.0	0.0
76	__protein2_rbs	2.0	0.0	0.0
76	__protein3_rbs	5.4	0.0	0.0
76	__ribosome	48.6	0.0	0.0
76	__rnase_site_ext	12.6	0.0	0.0
76	p0	0.8	0.0	0.0
76	p2	0.8	0.0	0.0
76	protein1	136.4	6.6	2.5266667999999997
76	protein2	86.2	4.4	2.3614286
76	protein3	227.0	10.4	2.4893162
76	r1	4.6	0.0	0.0
76	rnapol	0.8	0.0	0.0
77	__protein1_rbs	2.8	0.0	0.0
77	__protein2_rbs	2.2	0.0	0.0
77	__protein3_rbs	6.4	0.0	0.0
77	__ribosome	50.4	0.0	0.0
77	__rnase_site_ext	13.0	0.0	0.0
77	p0	1.0	0.0	0.0
77	p2	1.0	0.0	0.0
77	protein1	139.2	6.6	2.5895238
77	protein2	89.4	4.6	2.0904762
77	protein3	232.8	10.4	2.3133642000000005
77	r1	4.6	0.0	0.0
77	rnapol	0.8	0.0	0.0
78	__protein1_rbs	4.2	0.0	0.0
78	__protein2_rbs	2.6	0.0	0.0
78	__protein3_rbs	3.2	0.0	0.0
78	__ribosome	47.8	0.0	0.0
78	__rnase_site_ext	13.2	0.0	0.0
78	p0	1.0	0.0	0.0
78	p2	0.8	0.0	0.0
78	protein1	142.8	7.0	2.3965366
78	protein2	91.2	4.6	2.1642857999999996
78	protein3	236.8	10.4	2.5786132000000004
78	r1	4.8	0.0	0.0
78	rnapol	0.8	0.0	0.0
79	__protein1_rbs	2.8	0.0	0.0
79	__protein2_rbs	3.2	0.0	0.0
79	__protein3_rbs	5.0	0.0	0.0
79	__ribosome	47.2	0.0	0.0
79	__rnase_site_ext	13.0	0.0	0.0
79	p0	1.0	0.0	0.0
79	p2	0.8	0.0	0.0
79	protein1	145.8	7.0	2.5982686000000004
79	protein2	93.0	4.6	1.9071428
79	protein3	241.8	10.6	2.5841104
79	r1	4.4	0.0	0.0
79	rnapol	1.2	0.0	0.0
80	__protein1_rbs	3.6	0.0	0.0
80	__protein2_rbs	1.0	0.0	0.0
80	__protein3_rbs	5.6	0.0	0.0
80	__ribosome	46.8	0.0	0.0
80	__rnase_site_ext	12.8	0.0	0.0
80	p0	1.0	0.0	0.0
80	p2	0.6	0.0	0.0
80	protein1	149.4	7.0	2.4147184
80	protein2	94.2	4.8	2.2119047999999997
80	protein3	247.4	10.6	2.4756023999999996
80	r1	4.2	0.0	0.0
80	rnapol	1.8	0.0	0.0
81	__protein1_rbs	3.4	0.0	0.0
81	__protein2_rbs	3.0	0.0	0.0
81	__protein3_rbs	4.0	0.0	0.0
81	__ribosome	44.4	0.0	0.0
81	__rnase_site_ext	13.0	0.0	0.0
81	p0	0.6	0.0	0.0
81	p2	0.8	0.0	0.0
81	protein1	152.6	6.6	2.4942857999999997
81	protein2	96.2	4.6	2.3285714
81	protein3	251.4	10.8	2.71057
81	r1	4.2	0.0	0.0
81	rnapol	1.6	0.0	0.0
82	__protein1_rbs	2.6	0.0	0.0
82	__protein2_rbs	2.2	0.0	0.0
82	__protein3_rbs	5.6	0.0	0.0
82	__ribosome	43.6	0.0	0.0
82	__rnase_site_ext	13.2	0.0	0.0
82	p0	1.0	0.0	0.0
82	p2	0.8	0.0	0.0
82	protein1	155.2	6.8	2.5261906
82	protein2	98.4	4.2	2.5666666
82	protein3	256.6	10.6	2.7650794
82	r1	4.4	0.0	0.0
82	rnapol	1.4	0.0	0.0
83	__protein1_rbs	5.0	0.0	0.0
83	__protein2_rbs	1.4	0.0	0.0
83	__protein3_rbs	7.2	0.0	0.0
83	__ribosome	46.0	0.0	0.0
83	__rnase_site_ext	13.8	0.0	0.0
83	p0	0.8	0.0	0.0
83	p2	0.6	0.0	0.0
83	protein1	159.0	6.8	2.3042858
83	protein2	100.0	4.4	2.7571428
83	protein3	262.4	11.0	2.500635
83	r1	4.6	0.0	0.0
83	rnapol	1.0	0.0	0.0
84	__protein1_rbs	3.6	0.0	0.0
84	__protein2_rbs	1.4	0.0	0.0
84	__protein3_rbs	4.4	0.0	0.0
84	__ribosome	43.8	0.0	0.0
84	__rnase_site_ext	14.0	0.0	0.0
84	p0	1.0	0.0	0.0
84	p2	0.8	0.0	0.0
84	protein1	162.2	7.0	2.2073807999999997
84	protein2	101.6	4.4	2.9095238
84	protein3	268.4	11.2	2.5327718
84	r1	4.8	0.0	0.0
84	rnapol	1.0	0.0	0.0
85	__protein1_rbs	4.2	0.0	0.0
85	__protein2_rbs	1.6	0.0	0.0
85	__protein3_rbs	5.6	0.0	0.0
85	__ribosome	45.2	0.0	0.0
85	__rnase_site_ext	14.0	0.0	0.0
85	p0	1.0	0.0	0.0
85	p2	0.8	0.0	0.0
85	protein1	165.2	7.0	2.1761906000000004
85	protein2	104.8	4.4	2.8142857999999995
85	protein3	274.6	11.2	2.4595238
85	r1	4.8	0.0	0.0
85	rnapol	1.0	0.0	0.0
86	__protein1_rbs	3.8	0.0	0.0
86	__protein2_rbs	3.2	0.0	0.0
86	__protein3_rbs	6.8	0.0	0.0
86	__ribosome	45.8	0.0	0.0
86	__rnase_site_ext	14.6	0.0	0.0
86	p0	1.0	0.0	0.0
86	p2	0.6	0.0	0.0
86	protein1	168.4	7.0	2.2261906000000002
86	protein2	106.4	4.8	2.6309526
86	protein3	279.8	11.6	2.3079651999999995
86	r1	4.8	0.0	0.0
86	rnapol	0.8	0.0	0.0
87	__protein1_rbs	2.8	0.0	0.0
87	__protein2_rbs	2.0	0.0	0.0
87	__protein3_rbs	4.0	0.0	0.0
87	__ribosome	44.2	0.0	0.0
87	__rnase_site_ext	14.8	0.0	0.0
87	p0	0.8	0.0	0.0
87	p2	1.0	0.0	0.0
87	protein1	172.0	7.2	2.1371428000000003
87	protein2	108.8	4.8	2.6714286
87	protein3	285.8	11.6	2.3987012
87	r1	5.0	0.0	0.0
87	rnapol	0.8	0.0	0.0
88	__protein1_rbs	3.8	0.0	0.0
88	__protein2_rbs	3.0	0.0	0.0
88	__protein3_rbs	7.2	0.0	0.0
88	__ribosome	42.2	0.0	0.0
88	__rnase_site_ext	14.6	0.0	0.0
88	p0	1.0	0.0	0.0
88	p2	0.8	0.0	0.0
88	protein1	174.2	7.2	2.3707144
88	protein2	111.2	4.8	2.5642856
88	protein3	289.4	12.0	2.4224244
88	r1	4.8	0.0	0.0
88	rnapol	1.2	0.0	0.0
89	__protein1_rbs	5.0	0.0	0.0
89	__protein2_rbs	2.6	0.0	0.0
89	__protein3_rbs	6.4	0.0	0.0
89	__ribosome	43.8	0.0	0.0
89	__rnase_site_ext	14.8	0.0	0.0
89	p0	1.0	0.0	0.0
89	p2	0.6	0.0	0.0
89	protein1	177.4	7.4	2.3133117999999997
89	protein2	113.8	5.0	2.3404762000000003
89	protein3	296.0	12.2	2.3139392000000005
89	r1	4.8	0.0	0.0
89	rnapol	1.4	0.0	0.0
90	__protein1_rbs	4.2	0.0	0.0
90	__protein2_rbs	2.8	0.0	0.0
90	__protein3_rbs	6.6	0.0	0.0
90	__ribosome	45.0	0.0	0.0
90	__rnase_site_ext	15.0	0.0	0.0
90	p0	1.0	0.0	0.0
90	p2	0.6	0.0	0.0
90	protein1	180.8	7.4	2.292857
90	protein2	117.0	5.0	2.0880952
90	protein3	301.6	12.2	2.3239392000000003
90	r1	4.8	0.0	0.0
90	rnapol	1.4	0.0	0.0
91	__protein1_rbs	3.0	0.0	0.0
91	__protein2_rbs	3.0	0.0	0.0
91	__protein3_rbs	6.2	0.0	0.0
91	__ribosome	41.8	0.0	0.0
91	__rnase_site_ext	15.0	0.0	0.0
91	p0	0.8	0.0	0.0
91	p2	0.8	0.0	0.0
91	protein1	184.0	7.6	2.2642857999999997
91	protein2	118.2	5.0	2.197619
91	protein3	305.4	12.0	2.5424242
91	r1	4.8	0.0	0.0
91	rnapol	1.6	0.0	0.0
92	__protein1_rbs	3.8	0.0	0.0
92	__protein2_rbs	2.6	0.0	0.0
92	__protein3_rbs	8.2	0.0	0.0
92	__ribosome	45.8	0.0	0.0
92	__rnase_site_ext	15.2	0.0	0.0
92	p0	1.0	0.0	0.0
92	p2	1.0	0.0	0.0
92	protein1	188.0	7.6	2.1506494
92	protein2	120.8	4.8	2.3404762000000003
92	protein3	312.6	12.4	2.2189918
92	r1	4.8	0.0	0.0
92	rnapol	2.0	0.0	0.0
93	__protein1_rbs	5.4	0.0	0.0
93	__protein2_rbs	1.8	0.0	0.0
93	__protein3_rbs	6.4	0.0	0.0
93	__ribosome	44.8	0.0	0.0
93	__rnase_site_ext	15.4	0.0	0.0
93	p0	0.6	0.0	0.0
93	p2	0.6	0.0	0.0
93	protein1	191.2	7.8	2.0384919999999997
93	protein2	123.0	4.8	2.359524
93	protein3	318.0	12.8	2.2442307999999995
93	r1	4.8	0.0	0.0
93	rnapol	1.8	0.0	0.0
94	__protein1_rbs	4.6	0.0	0.0
94	__protein2_rbs	2.2	0.0	0.0
94	__protein3_rbs	7.2	0.0	0.0
94	__ribosome	46.0	0.0	0.0
94	__rnase_site_ext	16.0	0.0	0.0
94	p0	0.8	0.0	0.0
94	p2	0.8	0.0	0.0
94	protein1	194.8	7.8	1.9946970000000002
94	protein2	125.0	4.8	2.3904762
94	protein3	323.8	12.8	2.1921793999999997
94	r1	4.8	0.0	0.0
94	rnapol	1.6	0.0	0.0
95	__protein1_rbs	4.2	0.0	0.0
95	__protein2_rbs	2.0	0.0	0.0
95	__protein3_rbs	6.0	0.0	0.0
95	__ribosome	43.6	0.0	0.0
95	__rnase_site_ext	16.0	0.0	0.0
95	p0	1.0	0.0	0.0
95	p2	1.0	0.0	0.0
95	protein1	197.0	8.2	2.1930952
95	protein2	127.0	4.8	2.5214286
95	protein3	330.4	12.8	2.1717948
95	r1	4.8	0.0	0.0
95	rnapol	2.0	0.0	0.0
96	__protein1_rbs	4.4	0.0	0.0
96	__protein2_rbs	3.2	0.0	0.0
96	__protein3_rbs	6.0	0.0	0.0
96	__ribosome	43.0	0.0	0.0
96	__rnase_site_ext	16.2	0.0	0.0
96	p0	1.0	0.0	0.0
96	p2	0.8	0.0	0.0
96	protein1	200.4	8.4	2.1539682
96	protein2	129.4	4.8	2.4285714
96	protein3	335.6	13.0	2.2488096000000004
96	r1	4.8	0.0	0.0
96	rnapol	1.8	0.0	0.0
97	__protein1_rbs	4.2	0.0	0.0
97	__protein2_rbs	2.6	0.0	0.0
97	__protein3_rbs	6.8	0.0	0.0
97	__ribosome	40.0	0.0	0.0
97	__rnase_site_ext	16.6	0.0	0.0
97	p0	1.0	0.0	0.0
97	p2	0.6	0.0	0.0
97	protein1	203.4	8.4	2.229091
97	protein2	131.4	4.8	2.547619
97	protein3	339.8	12.6	2.3763982
97	r1	4.8	0.0	0.0
97	rnapol	1.2	0.0	0.0
98	__protein1_rbs	5.8	0.0	0.0
98	__protein2_rbs	2.6	0.0	0.0
98	__protein3_rbs	6.8	0.0	0.0
98	__ribosome	41.2	0.0	0.0
98	__rnase_site_ext	16.8	0.0	0.0
98	p0	0.8	0.0	0.0
98	p2	0.8	0.0	0.0
98	protein1	207.0	8.6	2.0713636
98	protein2	133.0	4.8	2.6595236
98	protein3	345.4	12.6	2.2835897999999997
98	r1	4.8	0.0	0.0
98	rnapol	1.4	0.0	0.0
99	__protein1_rbs	3.8	0.0	0.0
99	__protein2_rbs	2.0	0.0	0.0
99	__protein3_rbs	7.0	0.0	0.0
99	__ribosome	39.6	0.0	0.0
99	__rnase_site_ext	17.2	0.0	0.0
99	p0	0.8	0.0	0.0
99	p2	0.8	0.0	0.0
99	protein1	210.2	8.6	2.300909
99	protein2	135.4	4.8	2.7333332
99	protein3	351.0	13.2	2.1594140000000004
99	r1	4.8	0.0	0.0
99	rnapol	1.2	0.0	0.0
100	__protein1_rbs	5.8	0.0	0.0
100	__protein2_rbs	3.0	0.0	0.0
100	__protein3_rbs	6.2	0.0	0.0
100	__ribosome	41.0	0.0	0.0
100	__rnase_site_ext	17.2	0.0	0.0
100	p0	1.0	0.0	0.0
100	p2	0.8	0.0	0.0
100	protein1	213.8	9.0	2.1581818
100	protein2	138.4	4.8	2.4
100	protein3	357.4	13.0	2.2485714
100	r1	5.2	0.0	0.0
100	rnapol	1.4	0.0	0.0
101	__protein1_rbs	5.2	0.0	0.0
101	__protein2_rbs	2.6	0.0	0.0
101	__protein3_rbs	6.6	0.0	0.0
101	__ribosome	42.0	0.0	0.0
101	__rnase_site_ext	17.0	0.0	0.0
101	p0	0.8	0.0	0.0
101	p2	1.0	0.0	0.0
101	protein1	218.2	9.0	2.1262626
101	protein2	141.0	4.8	2.0619048
101	protein3	363.0	13.2	2.2296704000000003
101	r1	5.2	0.0	0.0
101	rnapol	1.6	0.0	0.0
102	__protein1_rbs	5.0	0.0	0.0
102	__protein2_rbs	2.2	0.0	0.0
102	__protein3_rbs	6.2	0.0	0.0
102	__ribosome	40.8	0.0	0.0
102	__rnase_site_ext	16.6	0.0	0.0
102	p0	0.8	0.0	0.0
102	p2	1.0	0.0	0.0
102	protein1	222.6	8.8	2.1070706
102	protein2	143.2	5.2	2.1083334
102	protein3	368.6	13.2	2.3401922
102	r1	5.4	0.0	0.0
102	rnapol	1.4	0.0	0.0
103	__protein1_rbs	4.6	0.0	0.0
103	__protein2_rbs	3.0	0.0	0.0
103	__protein3_rbs	7.8	0.0	0.0
103	__ribosome	41.0	0.0	0.0
103	__rnase_site_ext	16.8	0.0	0.0
103	p0	1.0	0.0	0.0
103	p2	0.8	0.0	0.0
103	protein1	227.0	8.8	2.0858586000000003
103	protein2	145.2	5.2	1.9583332
103	protein3	374.0	13.4	2.3301372
103	r1	5.6	0.0	0.0
103	rnapol	1.4	0.0	0.0
104	__protein1_rbs	4.6	0.0	0.0
104	__protein2_rbs	2.6	0.0	0.0
104	__protein3_rbs	6.2	0.0	0.0
104	__ribosome	37.4	0.0	0.0
104	__rnase_site_ext	16.4	0.0	0.0
104	p0	0.8	0.0	0.0
104	p2	1.0	0.0	0.0
104	protein1	230.6	8.6	2.2111110000000003
104	protein2	146.8	5.4	2.0583334
104	protein3	379.6	13.4	2.4498902
104	r1	5.6	0.0	0.0
104	rnapol	1.4	0.0	0.0
105	__protein1_rbs	4.6	0.0	0.0
105	__protein2_rbs	3.4	0.0	0.0
105	__protein3_rbs	7.4	0.0	0.0
105	__ribosome	37.0	0.0	0.0
105	__rnase_site_ext	16.8	0.0	0.0
105	p0	1.0	0.0	0.0
105	p2	0.8	0.0	0.0
105	protein1	233.6	8.4	2.2844446000000005
105	protein2	148.8	5.6	2.0016666
105	protein3	385.0	13.2	2.4813187999999995
105	r1	5.6	0.0	0.0
105	rnapol	1.4	0.0	0.0
106	__protein1_rbs	4.6	0.0	0.0
106	__protein2_rbs	3.2	0.0	0.0
106	__protein3_rbs	6.8	0.0	0.0
106	__ribosome	36.6	0.0	0.0
106	__rnase_site_ext	16.8	0.0	0.0
106	p0	1.0	0.0	0.0
106	p2	0.8	0.0	0.0
106	protein1	237.0	8.6	2.2266666
106	protein2	150.4	5.6	2.1716666
106	protein3	391.6	13.2	2.434502
106	r1	5.8	0.0	0.0
106	rnapol	1.6	0.0	0.0
107	__protein1_rbs	4.6	0.0	0.0
107	__protein2_rbs	3.0	0.0	0.0
107	__protein3_rbs	6.6	0.0	0.0
107	__ribosome	39.2	0.0	0.0
107	__rnase_site_ext	17.2	0.0	0.0
107	p0	0.4	0.0	0.0
107	p2	0.6	0.0	0.0
107	protein1	241.0	8.4	2.218889
107	protein2	153.6	5.8	2.0333332
107	protein3	398.8	13.4	2.2695237999999995
107	r1	5.8	0.0	0.0
107	rnapol	1.0	0.0	0.0
108	__protein1_rbs	4.6	0.0	0.0
108	__protein2_rbs	3.4	0.0	0.0
108	__protein3_rbs	7.2	0.0	0.0
108	__ribosome	39.2	0.0	0.0
108	__rnase_site_ext	17.2	0.0	0.0
108	p0	1.0	0.0	0.0
108	p2	0.8	0.0	0.0
108	protein1	244.8	8.4	2.237778
108	protein2	155.4	5.8	2.0666666
108	protein3	405.4	13.6	2.2099434
108	r1	5.6	0.0	0.0
108	rnapol	0.8	0.0	0.0
109	__protein1_rbs	4.4	0.0	0.0
109	__protein2_rbs	3.2	0.0	0.0
109	__protein3_rbs	8.0	0.0	0.0
109	__ribosome	39.4	0.0	0.0
109	__rnase_site_ext	17.2	0.0	0.0
109	p0	0.8	0.0	0.0
109	p2	0.6	0.0	0.0
109	protein1	249.2	8.6	2.2598846000000004
109	protein2	158.2	5.8	2.1416668000000003
109	protein3	411.4	13.8	2.2269872000000004
109	r1	6.0	0.0	0.0
109	rnapol	0.6	0.0	0.0
110	__protein1_rbs	4.8	0.0	0.0
110	__protein2_rbs	3.4	0.0	0.0
110	__protein3_rbs	6.0	0.0	0.0
110	__ribosome	38.4	0.0	0.0
110	__rnase_site_ext	17.0	0.0	0.0
110	p0	1.0	0.0	0.0
110	p2	0.8	0.0	0.0
110	protein1	252.8	8.6	2.2287736
110	protein2	161.0	5.8	2.0166668000000003
110	protein3	417.0	13.6	2.3849544000000003
110	r1	6.0	0.0	0.0
110	rnapol	0.6	0.0	0.0
111	__protein1_rbs	4.8	0.0	0.0
111	__protein2_rbs	3.6	0.0	0.0
111	__protein3_rbs	8.0	0.0	0.0
111	__ribosome	38.8	0.0	0.0
111	__rnase_site_ext	16.8	0.0	0.0
111	p0	0.8	0.0	0.0
111	p2	1.0	0.0	0.0
111	protein1	256.2	8.6	2.2966666
111	protein2	163.0	6.0	2.0194444000000003
111	protein3	423.0	13.8	2.2867858
111	r1	6.2	0.0	0.0
111	rnapol	0.6	0.0	0.0
112	__protein1_rbs	5.8	0.0	0.0
112	__protein2_rbs	2.4	0.0	0.0
112	__protein3_rbs	7.6	0.0	0.0
112	__ribosome	37.8	0.0	0.0
112	__rnase_site_ext	16.4	0.0	0.0
112	p0	1.0	0.0	0.0
112	p2	0.8	0.0	0.0
112	protein1	260.2	8.8	2.0828284000000004
112	protein2	165.4	6.0	2.2027778
112	protein3	428.2	14.0	2.3029652
112	r1	6.2	0.0	0.0
112	rnapol	1.0	0.0	0.0
113	__protein1_rbs	5.0	0.0	0.0
113	__protein2_rbs	3.6	0.0	0.0
113	__protein3_rbs	8.0	0.0	0.0
113	__ribosome	37.8	0.0	0.0
113	__rnase_site_ext	16.4	0.0	0.0
113	p0	1.0	0.0	0.0
113	p2	1.0	0.0	0.0
113	protein1	262.6	8.6	2.2588888000000003
113	protein2	167.8	6.2	2.1805556000000004
113	protein3	435.4	13.8	2.2290042000000003
113	r1	6.2	0.0	0.0
113	rnapol	1.2	0.0	0.0
114	__protein1_rbs	4.6	0.0	0.0
114	__protein2_rbs	4.2	0.0	0.0
114	__protein3_rbs	6.8	0.0	0.0
114	__ribosome	38.4	0.0	0.0
114	__rnase_site_ext	16.4	0.0	0.0
114	p0	1.0	0.0	0.0
114	p2	0.6	0.0	0.0
114	protein1	267.8	8.4	2.1388887999999997
114	protein2	170.2	6.2	2.1527778
114	protein3	441.2	13.8	2.2543722
114	r1	6.2	0.0	0.0
114	rnapol	1.4	0.0	0.0
115	__protein1_rbs	5.6	0.0	0.0
115	__protein2_rbs	3.6	0.0	0.0
115	__protein3_rbs	7.8	0.0	0.0
115	__ribosome	39.2	0.0	0.0
115	__rnase_site_ext	16.6	0.0	0.0
115	p0	0.8	0.0	0.0
115	p2	1.0	0.0	0.0
115	protein1	270.4	8.4	2.1722224
115	protein2	172.4	6.2	2.2472222000000004
115	protein3	448.6	13.8	2.1335066
115	r1	6.2	0.0	0.0
115	rnapol	1.0	0.0	0.0
116	__protein1_rbs	5.6	0.0	0.0
116	__protein2_rbs	3.4	0.0	0.0
116	__protein3_rbs	7.4	0.0	0.0
116	__ribosome	38.4	0.0	0.0
116	__rnase_site_ext	16.4	0.0	0.0
116	p0	1.0	0.0	0.0
116	p2	0.4	0.0	0.0
116	protein1	274.6	8.8	2.0336508
116	protein2	175.0	6.2	2.2472222000000004
116	protein3	453.8	13.8	2.2108223999999996
116	r1	6.2	0.0	0.0
116	rnapol	1.2	0.0	0.0
117	__protein1_rbs	4.4	0.0	0.0
117	__protein2_rbs	3.4	0.0	0.0
117	__protein3_rbs	8.0	0.0	0.0
117	__ribosome	36.2	0.0	0.0
117	__rnase_site_ext	16.0	0.0	0.0
117	p0	1.0	0.0	0.0
117	p2	0.6	0.0	0.0
117	protein1	277.2	8.6	2.2667532
117	protein2	178.4	6.4	2.1633334
117	protein3	459.6	14.2	2.2222436
117	r1	6.0	0.0	0.0
117	rnapol	1.4	0.0	0.0
118	__protein1_rbs	4.2	0.0	0.0
118	__protein2_rbs	3.0	0.0	0.0
118	__protein3_rbs	7.6	0.0	0.0
118	__ribosome	37.0	0.0	0.0
118	__rnase_site_ext	16.4	0.0	0.0
118	p0	1.0	0.0	0.0
118	p2	0.6	0.0	0.0
118	protein1	281.4	8.4	2.3134848
118	protein2	180.8	6.4	2.2416666000000003
118	protein3	466.2	13.8	2.207649
118	r1	6.2	0.0	0.0
118	rnapol	1.2	0.0	0.0
119	__protein1_rbs	4.0	0.0	0.0
119	__protein2_rbs	3.8	0.0	0.0
119	__protein3_rbs	8.4	0.0	0.0
119	__ribosome	36.4	0.0	0.0
119	__rnase_site_ext	16.0	0.0	0.0
119	p0	1.0	0.0	0.0
119	p2	0.8	0.0	0.0
119	protein1	284.2	8.4	2.4827272
119	protein2	183.4	6.4	2.2333334
119	protein3	473.2	14.2	2.092269
119	r1	6.0	0.0	0.0
119	rnapol	1.0	0.0	0.0
120	__protein1_rbs	4.2	0.0	0.0
120	__protein2_rbs	3.6	0.0	0.0
120	__protein3_rbs	8.2	0.0	0.0
120	__ribosome	37.8	0.0	0.0
120	__rnase_site_ext	15.6	0.0	0.0
120	p0	1.0	0.0	0.0
120	p2	1.0	0.0	0.0
120	protein1	289.0	7.8	2.4279364
120	protein2	186.0	6.2	2.2444444
120	protein3	478.6	14.2	2.1668510000000003
120	r1	6.0	0.0	0.0
120	rnapol	1.4	0.0	0.0
121	__protein1_rbs	4.0	0.0	0.0
121	__protein2_rbs	3.2	0.0	0.0
121	__protein3_rbs	8.8	0.0	0.0
121	__ribosome	38.2	0.0	0.0
121	__rnase_site_ext	15.6	0.0	0.0
121	p0	0.8	0.0	0.0
121	p2	0.8	0.0	0.0
121	protein1	292.4	7.6	2.5695238
121	protein2	189.0	6.2	2.2916666
121	protein3	485.0	14.4	2.0362396
121	r1	6.0	0.0	0.0
121	rnapol	1.2	0.0	0.0
122	__protein1_rbs	3.8	0.0	0.0
122	__protein2_rbs	4.2	0.0	0.0
122	__protein3_rbs	8.0	0.0	0.0
122	__ribosome	39.4	0.0	0.0
122	__rnase_site_ext	15.8	0.0	0.0
122	p0	1.0	0.0	0.0
122	p2	0.8	0.0	0.0
122	protein1	297.2	7.4	2.3985714
122	protein2	192.4	6.0	2.2083332
122	protein3	490.2	14.6	2.1583192
122	r1	6.0	0.0	0.0
122	rnapol	1.8	0.0	0.0
123	__protein1_rbs	4.2	0.0	0.0
123	__protein2_rbs	2.2	0.0	0.0
123	__protein3_rbs	8.6	0.0	0.0
123	__ribosome	37.6	0.0	0.0
123	__rnase_site_ext	15.2	0.0	0.0
123	p0	1.0	0.0	0.0
123	p2	0.8	0.0	0.0
123	protein1	300.4	7.6	2.2988093999999997
123	protein2	194.6	6.0	2.5055556
123	protein3	495.8	14.6	2.1290336
123	r1	6.0	0.0	0.0
123	rnapol	1.8	0.0	0.0
124	__protein1_rbs	4.4	0.0	0.0
124	__protein2_rbs	3.0	0.0	0.0
124	__protein3_rbs	7.0	0.0	0.0
124	__ribosome	38.0	0.0	0.0
124	__rnase_site_ext	15.4	0.0	0.0
124	p0	0.8	0.0	0.0
124	p2	0.6	0.0	0.0
124	protein1	304.4	7.6	2.2042856
124	protein2	197.2	6.0	2.5166666
124	protein3	502.6	14.6	2.1592320000000003
124	r1	6.0	0.0	0.0
124	rnapol	2.0	0.0	0.0
125	__protein1_rbs	3.8	0.0	0.0
125	__protein2_rbs	2.2	0.0	0.0
125	__protein3_rbs	8.4	0.0	0.0
125	__ribosome	37.4	0.0	0.0
125	__rnase_site_ext	15.8	0.0	0.0
125	p0	0.8	0.0	0.0
125	p2	0.6	0.0	0.0
125	protein1	308.0	7.4	2.2813492
125	protein2	200.8	6.0	2.5666666
125	protein3	508.6	14.8	2.1550002
125	r1	6.0	0.0	0.0
125	rnapol	2.2	0.0	0.0
126	__protein1_rbs	5.0	0.0	0.0
126	__protein2_rbs	3.0	0.0	0.0
126	__protein3_rbs	10.6	0.0	0.0
126	__ribosome	39.0	0.0	0.0
126	__rnase_site_ext	16.0	0.0	0.0
126	p0	1.0	0.0	0.0
126	p2	0.6	0.0	0.0
126	protein1	310.6	7.2	2.270238
126	protein2	203.6	6.0	2.5166666
126	protein3	514.4	15.0	1.9950000000000003
126	r1	5.8	0.0	0.0
126	rnapol	1.8	0.0	0.0
127	__protein1_rbs	4.2	0.0	0.0
127	__protein2_rbs	3.0	0.0	0.0
127	__protein3_rbs	8.6	0.0	0.0
127	__ribosome	38.2	0.0	0.0
127	__rnase_site_ext	16.2	0.0	0.0
127	p0	0.8	0.0	0.0
127	p2	0.8	0.0	0.0
127	protein1	314.8	7.4	2.0892858
127	protein2	206.4	6.0	2.4694446
127	protein3	520.0	15.0	2.1367857999999997
127	r1	5.8	0.0	0.0
127	rnapol	1.6	0.0	0.0
128	__protein1_rbs	4.8	0.0	0.0
128	__protein2_rbs	3.2	0.0	0.0
128	__protein3_rbs	8.8	0.0	0.0
128	__ribosome	39.0	0.0	0.0
128	__rnase_site_ext	16.4	0.0	0.0
128	p0	1.0	0.0	0.0
128	p2	1.0	0.0	0.0
128	protein1	318.0	7.4	2.0857142
128	protein2	209.6	6.0	2.3222222
128	protein3	525.8	15.2	2.1288888
128	r1	5.8	0.0	0.0
128	rnapol	1.4	0.0	0.0
129	__protein1_rbs	4.6	0.0	0.0
129	__protein2_rbs	3.2	0.0	0.0
129	__protein3_rbs	8.0	0.0	0.0
129	__ribosome	39.8	0.0	0.0
129	__rnase_site_ext	16.4	0.0	0.0
129	p0	1.0	0.0	0.0
129	p2	0.8	0.0	0.0
129	protein1	321.4	7.8	1.9960318
129	protein2	212.4	5.8	2.192857
129	protein3	533.2	15.4	2.1107223999999998
129	r1	6.0	0.0	0.0
129	rnapol	1.2	0.0	0.0
130	__protein1_rbs	4.0	0.0	0.0
130	__protein2_rbs	3.0	0.0	0.0
130	__protein3_rbs	8.2	0.0	0.0
130	__ribosome	38.6	0.0	0.0
130	__rnase_site_ext	16.8	0.0	0.0
130	p0	0.8	0.0	0.0
130	p2	0.8	0.0	0.0
130	protein1	324.8	7.6	2.0817462
130	protein2	215.0	6.0	2.1650793999999998
130	protein3	539.4	15.6	2.1427942000000004
130	r1	6.0	0.0	0.0
130	rnapol	1.2	0.0	0.0
131	__protein1_rbs	4.2	0.0	0.0
131	__protein2_rbs	4.8	0.0	0.0
131	__protein3_rbs	8.6	0.0	0.0
131	__ribosome	37.2	0.0	0.0
131	__rnase_site_ext	16.8	0.0	0.0
131	p0	0.8	0.0	0.0
131	p2	0.8	0.0	0.0
131	protein1	326.8	7.8	2.1484127999999996
131	protein2	218.2	6.0	1.9901586
131	protein3	545.2	15.4	2.285231
131	r1	5.8	0.0	0.0
131	rnapol	1.0	0.0	0.0
132	__protein1_rbs	4.2	0.0	0.0
132	__protein2_rbs	3.0	0.0	0.0
132	__protein3_rbs	9.0	0.0	0.0
132	__ribosome	36.4	0.0	0.0
132	__rnase_site_ext	16.8	0.0	0.0
132	p0	1.0	0.0	0.0
132	p2	1.0	0.0	0.0
132	protein1	330.0	8.0	2.1527778
132	protein2	221.0	6.0	2.08
132	protein3	551.4	15.4	2.3408729999999998
132	r1	6.0	0.0	0.0
132	rnapol	1.4	0.0	0.0
133	__protein1_rbs	5.6	0.0	0.0
133	__protein2_rbs	3.8	0.0	0.0
133	__protein3_rbs	9.0	0.0	0.0
133	__ribosome	38.6	0.0	0.0
133	__rnase_site_ext	16.8	0.0	0.0
133	p0	1.0	0.0	0.0
133	p2	0.8	0.0	0.0
133	protein1	334.0	8.0	1.9027776000000003
133	protein2	223.4	6.0	2.0483331999999996
133	protein3	558.2	15.6	2.2355556
133	r1	6.0	0.0	0.0
133	rnapol	1.6	0.0	0.0
134	__protein1_rbs	4.0	0.0	0.0
134	__protein2_rbs	2.6	0.0	0.0
134	__protein3_rbs	9.6	0.0	0.0
134	__ribosome	38.6	0.0	0.0
134	__rnase_site_ext	17.2	0.0	0.0
134	p0	0.8	0.0	0.0
134	p2	0.8	0.0	0.0
134	protein1	337.2	8.0	2.0333334
134	protein2	225.4	6.0	2.2704762
134	protein3	566.4	15.6	2.0748392000000004
134	r1	6.2	0.0	0.0
134	rnapol	1.6	0.0	0.0
135	__protein1_rbs	4.0	0.0	0.0
135	__protein2_rbs	2.8	0.0	0.0
135	__protein3_rbs	10.0	0.0	0.0
135	__ribosome	38.8	0.0	0.0
135	__rnase_site_ext	16.4	0.0	0.0
135	p0	1.0	0.0	0.0
135	p2	0.8	0.0	0.0
135	protein1	340.2	8.2	2.136111
135	protein2	228.8	6.0	2.264127
135	protein3	572.6	15.2	2.0288888
135	r1	6.4	0.0	0.0
135	rnapol	1.6	0.0	0.0
136	__protein1_rbs	4.4	0.0	0.0
136	__protein2_rbs	3.6	0.0	0.0
136	__protein3_rbs	8.6	0.0	0.0
136	__ribosome	38.8	0.0	0.0
136	__rnase_site_ext	17.0	0.0	0.0
136	p0	1.0	0.0	0.0
136	p2	0.2	0.0	0.0
136	protein1	344.2	7.6	2.195
136	protein2	230.2	6.4	2.3494444000000003
136	protein3	579.4	15.2	2.0411696
136	r1	6.2	0.0	0.0
136	rnapol	1.0	0.0	0.0
137	__protein1_rbs	4.4	0.0	0.0
137	__protein2_rbs	4.4	0.0	0.0
137	__protein3_rbs	7.2	0.0	0.0
137	__ribosome	39.4	0.0	0.0
137	__rnase_site_ext	17.4	0.0	0.0
137	p0	1.0	0.0	0.0
137	p2	0.6	0.0	0.0
137	protein1	346.4	7.6	2.375
137	protein2	233.4	6.4	2.0594444000000003
137	protein3	587.2	15.0	2.056813
137	r1	6.2	0.0	0.0
137	rnapol	0.8	0.0	0.0
138	__protein1_rbs	3.8	0.0	0.0
138	__protein2_rbs	3.0	0.0	0.0
138	__protein3_rbs	8.6	0.0	0.0
138	__ribosome	35.6	0.0	0.0
138	__rnase_site_ext	17.6	0.0	0.0
138	p0	1.0	0.0	0.0
138	p2	0.8	0.0	0.0
138	protein1	350.0	7.8	2.4122222
138	protein2	235.4	6.6	2.32
138	protein3	592.4	15.2	2.1580264
138	r1	6.0	0.0	0.0
138	rnapol	1.0	0.0	0.0
139	__protein1_rbs	4.8	0.0	0.0
139	__protein2_rbs	4.2	0.0	0.0
139	__protein3_rbs	9.8	0.0	0.0
139	__ribosome	38.2	0.0	0.0
139	__rnase_site_ext	17.6	0.0	0.0
139	p0	0.8	0.0	0.0
139	p2	0.8	0.0	0.0
139	protein1	353.6	7.8	2.3238888
139	protein2	239.0	6.4	2.1477777999999996
139	protein3	599.6	15.8	2.033421
139	r1	6.0	0.0	0.0
139	rnapol	1.0	0.0	0.0
140	__protein1_rbs	4.4	0.0	0.0
140	__protein2_rbs	3.4	0.0	0.0
140	__protein3_rbs	9.4	0.0	0.0
140	__ribosome	38.2	0.0	0.0
140	__rnase_site_ext	17.8	0.0	0.0
140	p0	1.0	0.0	0.0
140	p2	0.6	0.0	0.0
140	protein1	357.8	8.0	2.0861110000000003
140	protein2	242.2	6.0	2.21
140	protein3	604.6	16.2	2.0390756000000003
140	r1	6.2	0.0	0.0
140	rnapol	0.6	0.0	0.0
141	__protein1_rbs	3.6	0.0	0.0
141	__protein2_rbs	3.0	0.0	0.0
141	__protein3_rbs	10.0	0.0	0.0
141	__ribosome	35.2	0.0	0.0
141	__rnase_site_ext	18.2	0.0	0.0
141	p0	1.0	0.0	0.0
141	p2	0.4	0.0	0.0
141	protein1	360.8	7.8	2.2972222
141	protein2	244.2	6.0	2.3344444
141	protein3	610.6	16.2	2.0725333999999997
141	r1	6.2	0.0	0.0
141	rnapol	0.4	0.0	0.0
142	__protein1_rbs	5.0	0.0	0.0
142	__protein2_rbs	3.2	0.0	0.0
142	__protein3_rbs	10.4	0.0	0.0
142	__ribosome	35.8	0.0	0.0
142	__rnase_site_ext	17.4	0.0	0.0
142	p0	1.0	0.0	0.0
142	p2	1.0	0.0	0.0
142	protein1	364.6	8.0	2.1277778
142	protein2	247.4	6.2	2.1316666
142	protein3	616.6	16.4	2.097124
142	r1	6.2	0.0	0.0
142	rnapol	0.4	0.0	0.0
143	__protein1_rbs	4.0	0.0	0.0
143	__protein2_rbs	3.6	0.0	0.0
143	__protein3_rbs	8.8	0.0	0.0
143	__ribosome	37.0	0.0	0.0
143	__rnase_site_ext	17.2	0.0	0.0
143	p0	0.8	0.0	0.0
143	p2	0.8	0.0	0.0
143	protein1	369.0	8.0	2.0472221999999998
143	protein2	250.8	6.2	2.0722221999999997
143	protein3	624.8	16.6	2.0477942
143	r1	6.2	0.0	0.0
143	rnapol	0.6	0.0	0.0
144	__protein1_rbs	4.8	0.0	0.0
144	__protein2_rbs	2.8	0.0	0.0
144	__protein3_rbs	9.4	0.0	0.0
144	__ribosome	34.6	0.0	0.0
144	__rnase_site_ext	17.2	0.0	0.0
144	p0	1.0	0.0	0.0
144	p2	0.8	0.0	0.0
144	protein1	372.2	7.8	2.1083334
144	protein2	252.6	6.2	2.355
144	protein3	631.6	16.8	2.1188234
144	r1	6.4	0.0	0.0
144	rnapol	1.0	0.0	0.0
145	__protein1_rbs	4.8	0.0	0.0
145	__protein2_rbs	4.0	0.0	0.0
145	__protein3_rbs	9.8	0.0	0.0
145	__ribosome	34.4	0.0	0.0
145	__rnase_site_ext	17.2	0.0	0.0
145	p0	1.0	0.0	0.0
145	p2	1.0	0.0	0.0
145	protein1	375.8	7.8	2.0257936
145	protein2	255.0	6.2	2.3200000000000003
145	protein3	637.6	16.2	2.2799348000000004
145	r1	6.6	0.0	0.0
145	rnapol	1.2	0.0	0.0
146	__protein1_rbs	4.8	0.0	0.0
146	__protein2_rbs	3.2	0.0	0.0
146	__protein3_rbs	11.2	0.0	0.0
146	__ribosome	35.6	0.0	0.0
146	__rnase_site_ext	16.8	0.0	0.0
146	p0	0.8	0.0	0.0
146	p2	0.6	0.0	0.0
146	protein1	378.8	7.6	2.0265872000000003
146	protein2	258.0	6.4	2.2922222000000003
146	protein3	644.6	16.6	2.1766666
146	r1	6.4	0.0	0.0
146	rnapol	1.0	0.0	0.0
147	__protein1_rbs	3.4	0.0	0.0
147	__protein2_rbs	4.0	0.0	0.0
147	__protein3_rbs	8.8	0.0	0.0
147	__ribosome	33.0	0.0	0.0
147	__rnase_site_ext	17.2	0.0	0.0
147	p0	1.0	0.0	0.0
147	p2	0.8	0.0	0.0
147	protein1	381.4	7.4	2.3238093999999996
147	protein2	260.8	6.6	2.1472222000000003
147	protein3	651.8	16.6	2.2134814
147	r1	6.4	0.0	0.0
147	rnapol	1.4	0.0	0.0
148	__protein1_rbs	3.6	0.0	0.0
148	__protein2_rbs	4.2	0.0	0.0
148	__protein3_rbs	9.0	0.0	0.0
148	__ribosome	36.2	0.0	0.0
148	__rnase_site_ext	17.2	0.0	0.0
148	p0	1.0	0.0	0.0
148	p2	1.0	0.0	0.0
148	protein1	386.0	7.4	2.154127
148	protein2	263.8	6.6	2.0222222000000003
148	protein3	659.2	16.4	2.1773206000000003
148	r1	6.4	0.0	0.0
148	rnapol	1.6	0.0	0.0
149	__protein1_rbs	4.6	0.0	0.0
149	__protein2_rbs	4.0	0.0	0.0
149	__protein3_rbs	9.0	0.0	0.0
149	__ribosome	37.2	0.0	0.0
149	__rnase_site_ext	17.4	0.0	0.0
149	p0	1.0	0.0	0.0
149	p2	0.8	0.0	0.0
149	protein1	388.8	7.4	2.1297620000000004
149	protein2	266.6	6.6	2.0022224
149	protein3	667.0	16.4	2.186013
149	r1	6.4	0.0	0.0
149	rnapol	1.8	0.0	0.0
150	__protein1_rbs	3.4	0.0	0.0
150	__protein2_rbs	3.0	0.0	0.0
150	__protein3_rbs	10.6	0.0	0.0
150	__ribosome	36.8	0.0	0.0
150	__rnase_site_ext	17.2	0.0	0.0
150	p0	0.6	0.0	0.0
150	p2	0.8	0.0	0.0
150	protein1	392.4	7.4	2.1370636000000003
150	protein2	268.6	6.4	2.3233334
150	protein3	674.4	16.6	2.0333985999999995
150	r1	6.4	0.0	0.0
150	rnapol	1.4	0.0	0.0
151	__protein1_rbs	4.8	0.0	0.0
151	__protein2_rbs	2.4	0.0	0.0
151	__protein3_rbs	8.2	0.0	0.0
151	__ribosome	34.8	0.0	0.0
151	__rnase_site_ext	17.4	0.0	0.0
151	p0	1.0	0.0	0.0
151	p2	1.0	0.0	0.0
151	protein1	395.4	7.2	2.14373
151	protein2	272.2	6.4	2.3277778
151	protein3	681.2	16.8	2.1366666000000003
151	r1	6.6	0.0	0.0
151	rnapol	1.8	0.0	0.0
152	__protein1_rbs	4.6	0.0	0.0
152	__protein2_rbs	4.4	0.0	0.0
152	__protein3_rbs	9.8	0.0	0.0
152	__ribosome	36.4	0.0	0.0
152	__rnase_site_ext	17.6	0.0	0.0
152	p0	1.0	0.0	0.0
152	p2	0.6	0.0	0.0
152	protein1	397.8	7.6	2.1018251999999995
152	protein2	275.2	6.6	2.1155556
152	protein3	689.4	16.8	2.0277776000000003
152	r1	6.6	0.0	0.0
152	rnapol	1.8	0.0	0.0
153	__protein1_rbs	4.8	0.0	0.0
153	__protein2_rbs	4.2	0.0	0.0
153	__protein3_rbs	11.0	0.0	0.0
153	__ribosome	36.2	0.0	0.0
153	__rnase_site_ext	17.8	0.0	0.0
153	p0	0.8	0.0	0.0
153	p2	0.8	0.0	0.0
153	protein1	401.2	7.6	2.0131745999999997
153	protein2	277.2	6.6	2.2
153	protein3	695.8	16.6	2.0805849999999997
153	r1	6.6	0.0	0.0
153	rnapol	1.6	0.0	0.0
154	__protein1_rbs	5.0	0.0	0.0
154	__protein2_rbs	4.0	0.0	0.0
154	__protein3_rbs	7.6	0.0	0.0
154	__ribosome	37.0	0.0	0.0
154	__rnase_site_ext	17.6	0.0	0.0
154	p0	1.0	0.0	0.0
154	p2	0.6	0.0	0.0
154	protein1	404.8	7.8	1.8206349999999998
154	protein2	280.6	6.6	2.0
154	protein3	703.4	16.6	2.1513242000000004
154	r1	6.6	0.0	0.0
154	rnapol	1.8	0.0	0.0
155	__protein1_rbs	4.6	0.0	0.0
155	__protein2_rbs	3.8	0.0	0.0
155	__protein3_rbs	10.2	0.0	0.0
155	__ribosome	35.2	0.0	0.0
155	__rnase_site_ext	17.8	0.0	0.0
155	p0	0.6	0.0	0.0
155	p2	0.8	0.0	0.0
155	protein1	408.6	7.6	1.8178572
155	protein2	282.6	6.8	2.1155554000000003
155	protein3	709.0	16.8	2.2044444
155	r1	6.4	0.0	0.0
155	rnapol	1.2	0.0	0.0
156	__protein1_rbs	5.2	0.0	0.0
156	__protein2_rbs	4.2	0.0	0.0
156	__protein3_rbs	9.0	0.0	0.0
156	__ribosome	36.8	0.0	0.0
156	__rnase_site_ext	18.2	0.0	0.0
156	p0	0.8	0.0	0.0
156	p2	0.8	0.0	0.0
156	protein1	411.4	7.6	1.7873016
156	protein2	286.8	6.8	1.9644443999999999
156	protein3	716.6	16.6	2.2410458
156	r1	6.4	0.0	0.0
156	rnapol	1.6	0.0	0.0
157	__protein1_rbs	4.2	0.0	0.0
157	__protein2_rbs	3.4	0.0	0.0
157	__protein3_rbs	10.2	0.0	0.0
157	__ribosome	35.0	0.0	0.0
157	__rnase_site_ext	18.4	0.0	0.0
157	p0	1.0	0.0	0.0
157	p2	0.6	0.0	0.0
157	protein1	413.2	7.8	2.0892858
157	protein2	289.2	6.6	2.1022222000000004
157	protein3	724.4	16.8	2.1188716
157	r1	6.2	0.0	0.0
157	rnapol	1.2	0.0	0.0
158	__protein1_rbs	4.8	0.0	0.0
158	__protein2_rbs	4.4	0.0	0.0
158	__protein3_rbs	8.6	0.0	0.0
158	__ribosome	33.8	0.0	0.0
158	__rnase_site_ext	18.4	0.0	0.0
158	p0	1.0	0.0	0.0
158	p2	0.6	0.0	0.0
158	protein1	416.8	8.0	2.0666668
158	protein2	292.0	6.6	2.0533334
158	protein3	731.2	17.0	2.206904
158	r1	6.2	0.0	0.0
158	rnapol	1.2	0.0	0.0
159	__protein1_rbs	4.0	0.0	0.0
159	__protein2_rbs	2.8	0.0	0.0
159	__protein3_rbs	10.4	0.0	0.0
159	__ribosome	34.2	0.0	0.0
159	__rnase_site_ext	18.8	0.0	0.0
159	p0	0.8	0.0	0.0
159	p2	0.8	0.0	0.0
159	protein1	420.0	8.0	2.1638094
159	protein2	294.6	6.2	2.2698414000000002
159	protein3	739.6	17.4	2.0170222
159	r1	6.0	0.0	0.0
159	rnapol	1.0	0.0	0.0
160	__protein1_rbs	3.8	0.0	0.0
160	__protein2_rbs	4.2	0.0	0.0
160	__protein3_rbs	10.4	0.0	0.0
160	__ribosome	32.6	0.0	0.0
160	__rnase_site_ext	18.6	0.0	0.0
160	p0	1.0	0.0	0.0
160	p2	0.8	0.0	0.0
160	protein1	422.6	8.0	2.3834922
160	protein2	297.6	6.2	2.1796826
160	protein3	745.8	17.4	2.0570222
160	r1	5.8	0.0	0.0
160	rnapol	1.0	0.0	0.0
161	__protein1_rbs	5.6	0.0	0.0
161	__protein2_rbs	4.2	0.0	0.0
161	__protein3_rbs	9.8	0.0	0.0
161	__ribosome	33.2	0.0	0.0
161	__rnase_site_ext	18.8	0.0	0.0
161	p0	0.6	0.0	0.0
161	p2	0.6	0.0	0.0
161	protein1	426.0	8.4	2.1757936
161	protein2	300.4	6.2	2.1733334
161	protein3	753.4	17.6	2.0311112
161	r1	6.0	0.0	0.0
161	rnapol	0.8	0.0	0.0
162	__protein1_rbs	5.2	0.0	0.0
162	__protein2_rbs	3.2	0.0	0.0
162	__protein3_rbs	9.2	0.0	0.0
162	__ribosome	32.6	0.0	0.0
162	__rnase_site_ext	18.8	0.0	0.0
162	p0	1.0	0.0	0.0
162	p2	1.0	0.0	0.0
162	protein1	430.2	8.4	2.099603
162	protein2	302.8	5.8	2.29
162	protein3	759.8	17.8	2.1254384
162	r1	6.2	0.0	0.0
162	rnapol	1.0	0.0	0.0
163	__protein1_rbs	4.6	0.0	0.0
163	__protein2_rbs	3.6	0.0	0.0
163	__protein3_rbs	9.8	0.0	0.0
163	__ribosome	33.2	0.0	0.0
163	__rnase_site_ext	19.0	0.0	0.0
163	p0	1.0	0.0	0.0
163	p2	1.0	0.0	0.0
163	protein1	433.4	8.6	2.1194444
163	protein2	305.4	6.0	2.16
163	protein3	768.6	17.4	2.1252287999999995
163	r1	6.2	0.0	0.0
163	rnapol	1.0	0.0	0.0
164	__protein1_rbs	4.6	0.0	0.0
164	__protein2_rbs	3.6	0.0	0.0
164	__protein3_rbs	8.6	0.0	0.0
164	__ribosome	32.6	0.0	0.0
164	__rnase_site_ext	19.2	0.0	0.0
164	p0	0.8	0.0	0.0
164	p2	1.0	0.0	0.0
164	protein1	437.4	8.6	2.1266666
164	protein2	308.4	6.2	2.0116666000000003
164	protein3	775.0	17.6	2.2016512
164	r1	6.4	0.0	0.0
164	rnapol	1.2	0.0	0.0
165	__protein1_rbs	5.8	0.0	0.0
165	__protein2_rbs	3.8	0.0	0.0
165	__protein3_rbs	9.4	0.0	0.0
165	__ribosome	32.2	0.0	0.0
165	__rnase_site_ext	19.6	0.0	0.0
165	p0	1.0	0.0	0.0
165	p2	0.6	0.0	0.0
165	protein1	441.6	8.8	1.9541026
165	protein2	311.0	6.4	1.8611112000000003
165	protein3	781.8	17.4	2.3079464
165	r1	6.4	0.0	0.0
165	rnapol	1.0	0.0	0.0
166	__protein1_rbs	4.8	0.0	0.0
166	__protein2_rbs	4.2	0.0	0.0
166	__protein3_rbs	9.6	0.0	0.0
166	__ribosome	31.2	0.0	0.0
166	__rnase_site_ext	19.2	0.0	0.0
166	p0	1.0	0.0	0.0
166	p2	1.0	0.0	0.0
166	protein1	444.0	8.8	2.1062638
166	protein2	313.4	6.4	1.8433334
166	protein3	789.6	17.2	2.3321196
166	r1	6.6	0.0	0.0
166	rnapol	1.4	0.0	0.0
167	__protein1_rbs	4.4	0.0	0.0
167	__protein2_rbs	3.2	0.0	0.0
167	__protein3_rbs	11.2	0.0	0.0
167	__ribosome	33.2	0.0	0.0
167	__rnase_site_ext	19.4	0.0	0.0
167	p0	1.0	0.0	0.0
167	p2	1.0	0.0	0.0
167	protein1	447.6	8.8	2.1750916
167	protein2	315.8	6.4	1.9227778000000002
167	protein3	798.6	17.4	2.0630324
167	r1	6.6	0.0	0.0
167	rnapol	1.6	0.0	0.0
168	__protein1_rbs	5.8	0.0	0.0
168	__protein2_rbs	3.6	0.0	0.0
168	__protein3_rbs	10.6	0.0	0.0
168	__ribosome	33.6	0.0	0.0
168	__rnase_site_ext	19.6	0.0	0.0
168	p0	0.8	0.0	0.0
168	p2	0.8	0.0	0.0
168	protein1	451.4	8.8	2.0071796
168	protein2	317.8	6.6	2.015
168	protein3	806.4	17.6	2.0634086000000003
168	r1	6.4	0.0	0.0
168	rnapol	1.6	0.0	0.0
169	__protein1_rbs	5.0	0.0	0.0
169	__protein2_rbs	3.4	0.0	0.0
169	__protein3_rbs	11.0	0.0	0.0
169	__ribosome	35.2	0.0	0.0
169	__rnase_site_ext	19.6	0.0	0.0
169	p0	1.0	0.0	0.0
169	p2	0.4	0.0	0.0
169	protein1	455.8	8.8	1.9752748
169	protein2	320.4	6.6	2.04
169	protein3	814.6	17.2	2.0243768
169	r1	6.8	0.0	0.0
169	rnapol	1.8	0.0	0.0
170	__protein1_rbs	4.6	0.0	0.0
170	__protein2_rbs	3.8	0.0	0.0
170	__protein3_rbs	9.4	0.0	0.0
170	__ribosome	35.0	0.0	0.0
170	__rnase_site_ext	19.6	0.0	0.0
170	p0	1.0	0.0	0.0
170	p2	1.0	0.0	0.0
170	protein1	458.6	9.0	2.1178022000000003
170	protein2	323.2	6.4	2.075
170	protein3	823.2	17.4	1.9337491999999998
170	r1	6.6	0.0	0.0
170	rnapol	1.8	0.0	0.0
171	__protein1_rbs	6.0	0.0	0.0
171	__protein2_rbs	5.2	0.0	0.0
171	__protein3_rbs	10.0	0.0	0.0
171	__ribosome	34.4	0.0	0.0
171	__rnase_site_ext	19.8	0.0	0.0
171	p0	0.6	0.0	0.0
171	p2	1.0	0.0	0.0
171	protein1	463.2	9.0	1.9295056
171	protein2	326.0	6.8	1.7566666000000002
171	protein3	827.8	17.6	2.0753688
171	r1	6.8	0.0	0.0
171	rnapol	1.4	0.0	0.0
172	__protein1_rbs	5.8	0.0	0.0
172	__protein2_rbs	3.4	0.0	0.0
172	__protein3_rbs	11.0	0.0	0.0
172	__ribosome	32.8	0.0	0.0
172	__rnase_site_ext	20.4	0.0	0.0
172	p0	0.6	0.0	0.0
172	p2	0.4	0.0	0.0
172	protein1	466.6	9.2	1.9477023999999998
172	protein2	327.6	6.6	1.975238
172	protein3	834.8	18.0	2.0405797999999997
172	r1	6.4	0.0	0.0
172	rnapol	1.2	0.0	0.0
173	__protein1_rbs	4.6	0.0	0.0
173	__protein2_rbs	4.2	0.0	0.0
173	__protein3_rbs	9.8	0.0	0.0
173	__ribosome	32.8	0.0	0.0
173	__rnase_site_ext	20.6	0.0	0.0
173	p0	0.8	0.0	0.0
173	p2	0.8	0.0	0.0
173	protein1	470.0	9.2	2.0699552
173	protein2	330.8	6.8	1.8475324
173	protein3	842.8	17.6	2.0420722
173	r1	6.4	0.0	0.0
173	rnapol	1.0	0.0	0.0
174	__protein1_rbs	5.2	0.0	0.0
174	__protein2_rbs	3.4	0.0	0.0
174	__protein3_rbs	9.6	0.0	0.0
174	__ribosome	31.6	0.0	0.0
174	__rnase_site_ext	20.6	0.0	0.0
174	p0	1.0	0.0	0.0
174	p2	0.8	0.0	0.0
174	protein1	473.2	9.6	2.0051282
174	protein2	333.4	6.8	1.9110822
174	protein3	849.0	17.8	2.0857142
174	r1	6.4	0.0	0.0
174	rnapol	0.8	0.0	0.0
175	__protein1_rbs	5.0	0.0	0.0
175	__protein2_rbs	4.0	0.0	0.0
175	__protein3_rbs	10.6	0.0	0.0
175	__ribosome	31.0	0.0	0.0
175	__rnase_site_ext	20.6	0.0	0.0
175	p0	1.0	0.0	0.0
175	p2	0.6	0.0	0.0
175	protein1	477.8	9.6	2.0204214
175	protein2	336.2	6.4	2.1193937999999997
175	protein3	855.4	17.6	2.1409896
175	r1	6.2	0.0	0.0
175	rnapol	1.0	0.0	0.0
176	__protein1_rbs	5.8	0.0	0.0
176	__protein2_rbs	4.2	0.0	0.0
176	__protein3_rbs	10.0	0.0	0.0
176	__ribosome	31.2	0.0	0.0
176	__rnase_site_ext	20.4	0.0	0.0
176	p0	0.8	0.0	0.0
176	p2	0.8	0.0	0.0
176	protein1	480.4	9.6	2.0836082
176	protein2	338.4	6.4	2.1142422
176	protein3	864.2	17.8	2.0885482000000004
176	r1	6.2	0.0	0.0
176	rnapol	1.2	0.0	0.0
177	__protein1_rbs	5.6	0.0	0.0
177	__protein2_rbs	4.2	0.0	0.0
177	__protein3_rbs	11.4	0.0	0.0
177	__ribosome	35.4	0.0	0.0
177	__rnase_site_ext	20.6	0.0	0.0
177	p0	0.8	0.0	0.0
177	p2	0.8	0.0	0.0
177	protein1	484.4	9.6	1.9975274
177	protein2	341.6	6.6	1.9103464000000003
177	protein3	872.6	17.6	1.9382172
177	r1	6.2	0.0	0.0
177	rnapol	1.4	0.0	0.0
178	__protein1_rbs	5.0	0.0	0.0
178	__protein2_rbs	3.6	0.0	0.0
178	__protein3_rbs	9.6	0.0	0.0
178	__ribosome	31.2	0.0	0.0
178	__rnase_site_ext	21.2	0.0	0.0
178	p0	0.6	0.0	0.0
178	p2	1.0	0.0	0.0
178	protein1	488.2	9.8	2.0596154
178	protein2	343.2	6.2	2.4034633999999997
178	protein3	879.4	17.8	2.0174602
178	r1	6.2	0.0	0.0
178	rnapol	1.0	0.0	0.0
179	__protein1_rbs	6.2	0.0	0.0
179	__protein2_rbs	4.2	0.0	0.0
179	__protein3_rbs	11.8	0.0	0.0
179	__ribosome	33.6	0.0	0.0
179	__rnase_site_ext	21.6	0.0	0.0
179	p0	0.6	0.0	0.0
179	p2	1.0	0.0	0.0
179	protein1	492.0	10.0	2.0636752
179	protein2	346.8	6.2	2.0582252
179	protein3	886.8	17.8	1.9466497999999999
179	r1	6.4	0.0	0.0
179	rnapol	0.6	0.0	0.0
180	__protein1_rbs	5.4	0.0	0.0
180	__protein2_rbs	4.0	0.0	0.0
180	__protein3_rbs	12.0	0.0	0.0
180	__ribosome	32.4	0.0	0.0
180	__rnase_site_ext	21.8	0.0	0.0
180	p0	1.0	0.0	0.0
180	p2	1.0	0.0	0.0
180	protein1	496.6	10.8	1.9971734
180	protein2	348.8	6.2	2.0913421999999997
180	protein3	892.8	18.2	1.8794151999999997
180	r1	6.6	0.0	0.0
180	rnapol	1.0	0.0	0.0
181	__protein1_rbs	6.6	0.0	0.0
181	__protein2_rbs	4.2	0.0	0.0
181	__protein3_rbs	10.8	0.0	0.0
181	__ribosome	33.0	0.0	0.0
181	__rnase_site_ext	21.8	0.0	0.0
181	p0	1.0	0.0	0.0
181	p2	0.8	0.0	0.0
181	protein1	500.0	11.0	2.0092734
181	protein2	351.4	6.2	1.9430736000000002
181	protein3	901.0	18.0	1.8826901999999999
181	r1	6.6	0.0	0.0
181	rnapol	1.0	0.0	0.0
182	__protein1_rbs	7.0	0.0	0.0
182	__protein2_rbs	4.6	0.0	0.0
182	__protein3_rbs	10.2	0.0	0.0
182	__ribosome	34.6	0.0	0.0
182	__rnase_site_ext	21.6	0.0	0.0
182	p0	1.0	0.0	0.0
182	p2	0.6	0.0	0.0
182	protein1	504.8	11.0	1.936282
182	protein2	354.0	6.6	1.6400434000000002
182	protein3	908.0	18.0	1.8933331999999998
182	r1	6.6	0.0	0.0
182	rnapol	1.2	0.0	0.0
183	__protein1_rbs	6.0	0.0	0.0
183	__protein2_rbs	4.2	0.0	0.0
183	__protein3_rbs	11.6	0.0	0.0
183	__ribosome	33.4	0.0	0.0
183	__rnase_site_ext	21.4	0.0	0.0
183	p0	0.8	0.0	0.0
183	p2	0.8	0.0	0.0
183	protein1	508.4	11.0	2.1273932
183	protein2	356.8	6.6	1.5233768
183	protein3	915.2	18.0	1.8837426
183	r1	6.8	0.0	0.0
183	rnapol	1.0	0.0	0.0
184	__protein1_rbs	6.0	0.0	0.0
184	__protein2_rbs	3.4	0.0	0.0
184	__protein3_rbs	10.4	0.0	0.0
184	__ribosome	31.6	0.0	0.0
184	__rnase_site_ext	21.4	0.0	0.0
184	p0	0.6	0.0	0.0
184	p2	0.8	0.0	0.0
184	protein1	512.8	10.6	2.1690598000000003
184	protein2	358.8	6.6	1.5856062
184	protein3	921.2	18.0	1.9409356
184	r1	6.8	0.0	0.0
184	rnapol	0.8	0.0	0.0
185	__protein1_rbs	6.4	0.0	0.0
185	__protein2_rbs	4.4	0.0	0.0
185	__protein3_rbs	11.4	0.0	0.0
185	__ribosome	31.8	0.0	0.0
185	__rnase_site_ext	21.6	0.0	0.0
185	p0	1.0	0.0	0.0
185	p2	0.4	0.0	0.0
185	protein1	518.4	10.4	2.0688034
185	protein2	361.2	6.8	1.6176406
185	protein3	927.2	18.4	1.9875876000000001
185	r1	7.6	0.0	0.0
185	rnapol	0.8	0.0	0.0
186	__protein1_rbs	5.0	0.0	0.0
186	__protein2_rbs	3.0	0.0	0.0
186	__protein3_rbs	11.2	0.0	0.0
186	__ribosome	30.4	0.0	0.0
186	__rnase_site_ext	21.6	0.0	0.0
186	p0	1.0	0.0	0.0
186	p2	0.6	0.0	0.0
186	protein1	522.8	10.4	2.1717948
186	protein2	362.6	7.0	1.8844804
186	protein3	935.2	17.8	1.9453802
186	r1	7.8	0.0	0.0
186	rnapol	0.8	0.0	0.0
187	__protein1_rbs	5.6	0.0	0.0
187	__protein2_rbs	5.8	0.0	0.0
187	__protein3_rbs	10.2	0.0	0.0
187	__ribosome	29.4	0.0	0.0
187	__rnase_site_ext	21.4	0.0	0.0
187	p0	1.0	0.0	0.0
187	p2	0.8	0.0	0.0
187	protein1	526.2	10.4	2.2482906000000002
187	protein2	364.6	7.2	1.7231312000000003
187	protein3	942.6	18.2	1.9396492
187	r1	7.8	0.0	0.0
187	rnapol	0.6	0.0	0.0
188	__protein1_rbs	6.0	0.0	0.0
188	__protein2_rbs	4.8	0.0	0.0
188	__protein3_rbs	10.8	0.0	0.0
188	__ribosome	29.6	0.0	0.0
188	__rnase_site_ext	21.2	0.0	0.0
188	p0	1.0	0.0	0.0
188	p2	1.0	0.0	0.0
188	protein1	531.6	10.2	2.1414527999999997
188	protein2	366.8	7.8	1.7505555999999998
188	protein3	949.4	18.2	1.9706434
188	r1	7.8	0.0	0.0
188	rnapol	0.6	0.0	0.0
189	__protein1_rbs	7.6	0.0	0.0
189	__protein2_rbs	4.4	0.0	0.0
189	__protein3_rbs	11.8	0.0	0.0
189	__ribosome	31.6	0.0	0.0
189	__rnase_site_ext	21.2	0.0	0.0
189	p0	1.0	0.0	0.0
189	p2	0.8	0.0	0.0
189	protein1	535.4	10.0	2.0801282
189	protein2	370.0	7.8	1.7033334
189	protein3	956.6	18.8	1.878421
189	r1	7.8	0.0	0.0
189	rnapol	0.8	0.0	0.0
190	__protein1_rbs	5.2	0.0	0.0
190	__protein2_rbs	5.2	0.0	0.0
190	__protein3_rbs	10.6	0.0	0.0
190	__ribosome	29.8	0.0	0.0
190	__rnase_site_ext	21.4	0.0	0.0
190	p0	1.0	0.0	0.0
190	p2	0.8	0.0	0.0
190	protein1	539.4	10.0	2.151282
190	protein2	372.0	7.8	1.7738889999999998
190	protein3	964.8	18.4	1.9254136000000002
190	r1	8.0	0.0	0.0
190	rnapol	0.8	0.0	0.0
191	__protein1_rbs	6.4	0.0	0.0
191	__protein2_rbs	5.6	0.0	0.0
191	__protein3_rbs	10.6	0.0	0.0
191	__ribosome	33.2	0.0	0.0
191	__rnase_site_ext	21.4	0.0	0.0
191	p0	0.8	0.0	0.0
191	p2	0.6	0.0	0.0
191	protein1	545.0	10.0	1.8634616
191	protein2	375.2	7.8	1.7261112
191	protein3	971.8	18.2	1.9745112
191	r1	8.4	0.0	0.0
191	rnapol	0.8	0.0	0.0
192	__protein1_rbs	5.8	0.0	0.0
192	__protein2_rbs	5.2	0.0	0.0
192	__protein3_rbs	10.8	0.0	0.0
192	__ribosome	32.2	0.0	0.0
192	__rnase_site_ext	21.2	0.0	0.0
192	p0	0.8	0.0	0.0
192	p2	0.4	0.0	0.0
192	protein1	548.8	10.0	1.9076924
192	protein2	377.6	8.2	1.6851281999999999
192	protein3	978.6	18.4	1.958421
192	r1	8.4	0.0	0.0
192	rnapol	1.0	0.0	0.0
193	__protein1_rbs	5.2	0.0	0.0
193	__protein2_rbs	5.0	0.0	0.0
193	__protein3_rbs	11.4	0.0	0.0
193	__ribosome	32.2	0.0	0.0
193	__rnase_site_ext	21.8	0.0	0.0
193	p0	0.6	0.0	0.0
193	p2	0.6	0.0	0.0
193	protein1	553.4	10.0	1.9805556
193	protein2	380.4	8.4	1.7005127999999998
193	protein3	985.8	18.6	1.8961404
193	r1	8.4	0.0	0.0
193	rnapol	0.8	0.0	0.0
194	__protein1_rbs	6.2	0.0	0.0
194	__protein2_rbs	5.4	0.0	0.0
194	__protein3_rbs	10.0	0.0	0.0
194	__ribosome	29.8	0.0	0.0
194	__rnase_site_ext	21.4	0.0	0.0
194	p0	1.0	0.0	0.0
194	p2	1.0	0.0	0.0
194	protein1	556.6	10.2	2.0340658
194	protein2	383.4	8.4	1.7430770000000002
194	protein3	992.8	18.4	2.0140186
194	r1	8.4	0.0	0.0
194	rnapol	1.2	0.0	0.0
195	__protein1_rbs	6.8	0.0	0.0
195	__protein2_rbs	5.0	0.0	0.0
195	__protein3_rbs	12.0	0.0	0.0
195	__ribosome	28.6	0.0	0.0
195	__rnase_site_ext	21.4	0.0	0.0
195	p0	1.0	0.0	0.0
195	p2	0.8	0.0	0.0
195	protein1	560.6	10.2	2.0103478
195	protein2	385.4	8.4	1.9270086
195	protein3	1000.4	19.0	1.9241354
195	r1	8.2	0.0	0.0
195	rnapol	1.0	0.0	0.0
196	__protein1_rbs	6.8	0.0	0.0
196	__protein2_rbs	4.0	0.0	0.0
196	__protein3_rbs	11.4	0.0	0.0
196	__ribosome	28.2	0.0	0.0
196	__rnase_site_ext	21.4	0.0	0.0
196	p0	1.0	0.0	0.0
196	p2	0.4	0.0	0.0
196	protein1	564.0	10.0	2.026923
196	protein2	388.2	8.4	2.0644443999999997
196	protein3	1008.0	19.2	1.8614286
196	r1	7.8	0.0	0.0
196	rnapol	0.8	0.0	0.0
197	__protein1_rbs	6.0	0.0	0.0
197	__protein2_rbs	6.0	0.0	0.0
197	__protein3_rbs	12.6	0.0	0.0
197	__ribosome	29.8	0.0	0.0
197	__rnase_site_ext	21.6	0.0	0.0
197	p0	0.8	0.0	0.0
197	p2	0.6	0.0	0.0
197	protein1	567.8	10.0	2.0697799999999997
197	protein2	391.8	8.4	2.012137
197	protein3	1014.8	19.0	1.84
197	r1	7.6	0.0	0.0
197	rnapol	0.8	0.0	0.0
198	__protein1_rbs	6.0	0.0	0.0
198	__protein2_rbs	6.0	0.0	0.0
198	__protein3_rbs	11.4	0.0	0.0
198	__ribosome	31.0	0.0	0.0
198	__rnase_site_ext	22.0	0.0	0.0
198	p0	1.0	0.0	0.0
198	p2	0.4	0.0	0.0
198	protein1	572.0	10.0	2.0266484
198	protein2	395.2	8.2	1.8922222
198	protein3	1022.8	19.4	1.8119048
198	r1	7.2	0.0	0.0
198	rnapol	0.6	0.0	0.0
199	__protein1_rbs	5.8	0.0	0.0
199	__protein2_rbs	4.4	0.0	0.0
199	__protein3_rbs	12.8	0.0	0.0
199	__ribosome	29.8	0.0	0.0
199	__rnase_site_ext	22.4	0.0	0.0
199	p0	1.0	0.0	0.0
199	p2	0.8	0.0	0.0
199	protein1	576.6	10.2	1.937271
199	protein2	397.6	7.8	2.1030808
199	protein3	1029.0	19.8	1.8091668
199	r1	7.4	0.0	0.0
199	rnapol	0.8	0.0	0.0
200	__protein1_rbs	6.0	0.0	0.0
200	__protein2_rbs	5.4	0.0	0.0
200	__protein3_rbs	12.8	0.0	0.0
200	__ribosome	31.6	0.0	0.0
200	__rnase_site_ext	22.4	0.0	0.0
200	p0	0.8	0.0	0.0
200	p2	1.0	0.0	0.0
200	protein1	580.4	10.2	1.898956
200	protein2	401.4	7.6	2.0202022
200	protein3	1036.8	19.8	1.7740478
200	r1	7.4	0.0	0.0
200	rnapol	1.2	0.0	0.0
201	__protein1_rbs	7.2	0.0	0.0
201	__protein2_rbs	4.4	0.0	0.0
201	__protein3_rbs	13.0	0.0	0.0
201	__ribosome	31.8	0.0	0.0
201	__rnase_site_ext	22.4	0.0	0.0
201	p0	1.0	0.0	0.0
201	p2	0.6	0.0	0.0
201	protein1	583.8	10.4	1.7897619999999999
201	protein2	405.4	7.6	1.884091
201	protein3	1043.4	20.6	1.7461677999999998
201	r1	7.4	0.0	0.0
201	rnapol	1.0	0.0	0.0
202	__protein1_rbs	5.6	0.0	0.0
202	__protein2_rbs	4.2	0.0	0.0
202	__protein3_rbs	12.2	0.0	0.0
202	__ribosome	29.4	0.0	0.0
202	__rnase_site_ext	22.6	0.0	0.0
202	p0	0.8	0.0	0.0
202	p2	1.0	0.0	0.0
202	protein1	588.2	10.0	1.8333336
202	protein2	408.0	7.6	1.9694804
202	protein3	1050.4	20.6	1.8506492
202	r1	7.4	0.0	0.0
202	rnapol	0.8	0.0	0.0
203	__protein1_rbs	6.0	0.0	0.0
203	__protein2_rbs	4.8	0.0	0.0
203	__protein3_rbs	14.0	0.0	0.0
203	__ribosome	28.8	0.0	0.0
203	__rnase_site_ext	22.4	0.0	0.0
203	p0	0.8	0.0	0.0
203	p2	1.0	0.0	0.0
203	protein1	592.2	10.0	1.7876189999999998
203	protein2	410.4	7.4	2.0435714000000003
203	protein3	1057.4	20.8	1.8494946
203	r1	7.4	0.0	0.0
203	rnapol	1.0	0.0	0.0
204	__protein1_rbs	7.2	0.0	0.0
204	__protein2_rbs	4.6	0.0	0.0
204	__protein3_rbs	12.4	0.0	0.0
204	__ribosome	28.6	0.0	0.0
204	__rnase_site_ext	22.2	0.0	0.0
204	p0	0.8	0.0	0.0
204	p2	1.0	0.0	0.0
204	protein1	595.8	10.0	1.7914286
204	protein2	413.8	7.4	1.9921428
204	protein3	1064.2	21.0	1.8966056
204	r1	7.6	0.0	0.0
204	rnapol	1.2	0.0	0.0
205	__protein1_rbs	6.2	0.0	0.0
205	__protein2_rbs	4.2	0.0	0.0
205	__protein3_rbs	14.2	0.0	0.0
205	__ribosome	27.4	0.0	0.0
205	__rnase_site_ext	22.6	0.0	0.0
205	p0	1.0	0.0	0.0
205	p2	0.6	0.0	0.0
205	protein1	599.0	10.0	1.8628572
205	protein2	416.0	7.4	2.0778572
205	protein3	1071.8	21.0	1.8721502
205	r1	7.4	0.0	0.0
205	rnapol	1.4	0.0	0.0
206	__protein1_rbs	7.8	0.0	0.0
206	__protein2_rbs	3.2	0.0	0.0
206	__protein3_rbs	13.8	0.0	0.0
206	__ribosome	31.0	0.0	0.0
206	__rnase_site_ext	22.0	0.0	0.0
206	p0	0.8	0.0	0.0
206	p2	0.6	0.0	0.0
206	protein1	602.6	10.0	1.8116664
206	protein2	419.2	7.4	2.195
206	protein3	1081.2	20.8	1.7201004000000002
206	r1	7.4	0.0	0.0
206	rnapol	1.8	0.0	0.0
207	__protein1_rbs	5.4	0.0	0.0
207	__protein2_rbs	5.2	0.0	0.0
207	__protein3_rbs	12.0	0.0	0.0
207	__ribosome	30.2	0.0	0.0
207	__rnase_site_ext	22.2	0.0	0.0
207	p0	1.0	0.0	0.0
207	p2	0.8	0.0	0.0
207	protein1	606.6	10.0	1.8613094
207	protein2	421.6	7.6	2.164762
207	protein3	1089.6	20.8	1.7295513999999996
207	r1	7.2	0.0	0.0
207	rnapol	1.8	0.0	0.0
208	__protein1_rbs	6.6	0.0	0.0
208	__protein2_rbs	4.6	0.0	0.0
208	__protein3_rbs	11.8	0.0	0.0
208	__ribosome	29.4	0.0	0.0
208	__rnase_site_ext	22.6	0.0	0.0
208	p0	0.8	0.0	0.0
208	p2	0.8	0.0	0.0
208	protein1	610.4	10.0	1.9005952
208	protein2	425.4	7.4	2.144762
208	protein3	1096.6	20.8	1.8122442
208	r1	7.2	0.0	0.0
208	rnapol	1.6	0.0	0.0
209	__protein1_rbs	6.2	0.0	0.0
209	__protein2_rbs	4.6	0.0	0.0
209	__protein3_rbs	11.6	0.0	0.0
209	__ribosome	29.0	0.0	0.0
209	__rnase_site_ext	22.4	0.0	0.0
209	p0	0.8	0.0	0.0
209	p2	1.0	0.0	0.0
209	protein1	614.6	10.0	1.8327381999999999
209	protein2	428.8	7.4	2.0139682
209	protein3	1104.4	21.0	1.8600196
209	r1	7.4	0.0	0.0
209	rnapol	1.4	0.0	0.0
210	__protein1_rbs	5.2	0.0	0.0
210	__protein2_rbs	4.4	0.0	0.0
210	__protein3_rbs	13.8	0.0	0.0
210	__ribosome	28.0	0.0	0.0
210	__rnase_site_ext	21.8	0.0	0.0
210	p0	0.8	0.0	0.0
210	p2	0.8	0.0	0.0
210	protein1	618.0	10.0	1.9857142
210	protein2	431.8	7.2	2.0826984
210	protein3	1111.8	21.4	1.8311546000000003
210	r1	7.6	0.0	0.0
210	rnapol	1.0	0.0	0.0
211	__protein1_rbs	7.4	0.0	0.0
211	__protein2_rbs	4.2	0.0	0.0
211	__protein3_rbs	14.4	0.0	0.0
211	__ribosome	30.6	0.0	0.0
211	__rnase_site_ext	21.6	0.0	0.0
211	p0	1.0	0.0	0.0
211	p2	0.6	0.0	0.0
211	protein1	621.4	10.0	1.904762
211	protein2	436.0	7.6	1.8490043999999999
211	protein3	1120.0	21.2	1.7883836000000002
211	r1	7.8	0.0	0.0
211	rnapol	0.8	0.0	0.0
212	__protein1_rbs	6.2	0.0	0.0
212	__protein2_rbs	4.6	0.0	0.0
212	__protein3_rbs	12.2	0.0	0.0
212	__ribosome	27.2	0.0	0.0
212	__rnase_site_ext	21.6	0.0	0.0
212	p0	1.0	0.0	0.0
212	p2	0.8	0.0	0.0
212	protein1	625.4	10.0	1.9273808000000001
212	protein2	438.4	7.6	1.994632
212	protein3	1126.2	20.8	1.9533036000000004
212	r1	7.8	0.0	0.0
212	rnapol	0.8	0.0	0.0
213	__protein1_rbs	5.6	0.0	0.0
213	__protein2_rbs	6.0	0.0	0.0
213	__protein3_rbs	14.0	0.0	0.0
213	__ribosome	29.6	0.0	0.0
213	__rnase_site_ext	21.6	0.0	0.0
213	p0	1.0	0.0	0.0
213	p2	0.8	0.0	0.0
213	protein1	628.6	9.8	2.0682142000000003
213	protein2	441.2	7.8	1.7764502
213	protein3	1135.2	20.6	1.8529366000000003
213	r1	7.8	0.0	0.0
213	rnapol	1.0	0.0	0.0
214	__protein1_rbs	7.2	0.0	0.0
214	__protein2_rbs	3.6	0.0	0.0
214	__protein3_rbs	12.4	0.0	0.0
214	__ribosome	30.0	0.0	0.0
214	__rnase_site_ext	22.0	0.0	0.0
214	p0	0.8	0.0	0.0
214	p2	1.0	0.0	0.0
214	protein1	633.6	9.8	1.9092858
214	protein2	443.2	7.8	2.0993364000000003
214	protein3	1143.8	20.2	1.8535747999999999
214	r1	8.0	0.0	0.0
214	rnapol	1.0	0.0	0.0
215	__protein1_rbs	5.6	0.0	0.0
215	__protein2_rbs	4.4	0.0	0.0
215	__protein3_rbs	12.0	0.0	0.0
215	__ribosome	30.4	0.0	0.0
215	__rnase_site_ext	22.2	0.0	0.0
215	p0	1.0	0.0	0.0
215	p2	0.4	0.0	0.0
215	protein1	637.4	10.0	1.8690756000000002
215	protein2	446.8	8.0	2.1197402000000003
215	protein3	1152.0	20.0	1.8220138
215	r1	7.8	0.0	0.0
215	rnapol	1.4	0.0	0.0
216	__protein1_rbs	6.0	0.0	0.0
216	__protein2_rbs	4.6	0.0	0.0
216	__protein3_rbs	12.0	0.0	0.0
216	__ribosome	31.4	0.0	0.0
216	__rnase_site_ext	22.8	0.0	0.0
216	p0	0.6	0.0	0.0
216	p2	0.8	0.0	0.0
216	protein1	640.6	10.0	1.9236976000000003
216	protein2	450.2	8.0	1.9540259999999998
216	protein3	1160.4	19.8	1.801073
216	r1	7.8	0.0	0.0
216	rnapol	1.0	0.0	0.0
217	__protein1_rbs	5.8	0.0	0.0
217	__protein2_rbs	4.8	0.0	0.0
217	__protein3_rbs	11.4	0.0	0.0
217	__ribosome	29.4	0.0	0.0
217	__rnase_site_ext	22.4	0.0	0.0
217	p0	1.0	0.0	0.0
217	p2	0.8	0.0	0.0
217	protein1	644.0	10.4	1.9745658
217	protein2	452.6	8.0	2.0541124
217	protein3	1168.0	19.8	1.7992423999999998
217	r1	7.8	0.0	0.0
217	rnapol	1.2	0.0	0.0
218	__protein1_rbs	7.6	0.0	0.0
218	__protein2_rbs	4.6	0.0	0.0
218	__protein3_rbs	12.8	0.0	0.0
218	__ribosome	29.6	0.0	0.0
218	__rnase_site_ext	22.4	0.0	0.0
218	p0	1.0	0.0	0.0
218	p2	1.0	0.0	0.0
218	protein1	648.2	10.4	1.837507
218	protein2	455.6	7.8	2.1333333999999997
218	protein3	1174.4	20.2	1.809306
218	r1	7.6	0.0	0.0
218	rnapol	1.2	0.0	0.0
219	__protein1_rbs	5.6	0.0	0.0
219	__protein2_rbs	5.0	0.0	0.0
219	__protein3_rbs	10.2	0.0	0.0
219	__ribosome	26.8	0.0	0.0
219	__rnase_site_ext	22.2	0.0	0.0
219	p0	1.0	0.0	0.0
219	p2	1.0	0.0	0.0
219	protein1	651.2	10.4	2.0430252
219	protein2	459.4	8.0	1.8721214
219	protein3	1181.6	20.4	1.9229346
219	r1	7.4	0.0	0.0
219	rnapol	1.4	0.0	0.0
220	__protein1_rbs	7.0	0.0	0.0
220	__protein2_rbs	4.6	0.0	0.0
220	__protein3_rbs	13.2	0.0	0.0
220	__ribosome	28.4	0.0	0.0
220	__rnase_site_ext	22.6	0.0	0.0
220	p0	1.0	0.0	0.0
220	p2	0.4	0.0	0.0
220	protein1	655.2	10.4	1.9929270000000001
220	protein2	462.6	7.8	1.9763636
220	protein3	1189.2	20.0	1.9135992
220	r1	7.4	0.0	0.0
220	rnapol	1.4	0.0	0.0
221	__protein1_rbs	6.6	0.0	0.0
221	__protein2_rbs	5.2	0.0	0.0
221	__protein3_rbs	13.4	0.0	0.0
221	__ribosome	29.8	0.0	0.0
221	__rnase_site_ext	22.6	0.0	0.0
221	p0	0.8	0.0	0.0
221	p2	0.8	0.0	0.0
221	protein1	659.4	10.4	1.8809804
221	protein2	465.4	7.6	2.0060606
221	protein3	1196.8	20.0	1.8805264
221	r1	7.6	0.0	0.0
221	rnapol	1.2	0.0	0.0
222	__protein1_rbs	7.2	0.0	0.0
222	__protein2_rbs	4.0	0.0	0.0
222	__protein3_rbs	11.8	0.0	0.0
222	__ribosome	30.2	0.0	0.0
222	__rnase_site_ext	22.6	0.0	0.0
222	p0	1.0	0.0	0.0
222	p2	1.0	0.0	0.0
222	protein1	664.4	10.4	1.7278572
222	protein2	468.0	7.4	2.14
222	protein3	1204.6	20.2	1.8857144000000001
222	r1	7.2	0.0	0.0
222	rnapol	1.4	0.0	0.0
223	__protein1_rbs	7.0	0.0	0.0
223	__protein2_rbs	4.8	0.0	0.0
223	__protein3_rbs	12.4	0.0	0.0
223	__ribosome	30.6	0.0	0.0
223	__rnase_site_ext	22.6	0.0	0.0
223	p0	1.0	0.0	0.0
223	p2	0.6	0.0	0.0
223	protein1	668.0	10.6	1.6909873999999998
223	protein2	471.2	7.6	2.06
223	protein3	1212.4	20.4	1.8435098
223	r1	7.2	0.0	0.0
223	rnapol	1.6	0.0	0.0
224	__protein1_rbs	6.8	0.0	0.0
224	__protein2_rbs	4.6	0.0	0.0
224	__protein3_rbs	11.8	0.0	0.0
224	__ribosome	31.2	0.0	0.0
224	__rnase_site_ext	22.2	0.0	0.0
224	p0	1.0	0.0	0.0
224	p2	0.8	0.0	0.0
224	protein1	671.6	10.4	1.7252101999999998
224	protein2	474.6	7.4	2.050303
224	protein3	1221.2	20.6	1.8247606
224	r1	7.2	0.0	0.0
224	rnapol	2.0	0.0	0.0
225	__protein1_rbs	7.4	0.0	0.0
225	__protein2_rbs	4.6	0.0	0.0
225	__protein3_rbs	12.0	0.0	0.0
225	__ribosome	32.2	0.0	0.0
225	__rnase_site_ext	22.2	0.0	0.0
225	p0	0.8	0.0	0.0
225	p2	1.0	0.0	0.0
225	protein1	674.6	10.0	1.7216805999999998
225	protein2	478.0	7.4	2.0181820000000004
225	protein3	1228.8	20.6	1.8487896000000001
225	r1	7.2	0.0	0.0
225	rnapol	1.8	0.0	0.0
226	__protein1_rbs	6.6	0.0	0.0
226	__protein2_rbs	4.8	0.0	0.0
226	__protein3_rbs	11.0	0.0	0.0
226	__ribosome	29.2	0.0	0.0
226	__rnase_site_ext	22.4	0.0	0.0
226	p0	0.8	0.0	0.0
226	p2	0.8	0.0	0.0
226	protein1	678.2	10.0	1.7508682
226	protein2	480.0	7.2	2.1309092
226	protein3	1236.2	20.6	1.9596652
226	r1	7.2	0.0	0.0
226	rnapol	1.4	0.0	0.0
227	__protein1_rbs	7.0	0.0	0.0
227	__protein2_rbs	4.4	0.0	0.0
227	__protein3_rbs	13.2	0.0	0.0
227	__ribosome	30.6	0.0	0.0
227	__rnase_site_ext	22.2	0.0	0.0
227	p0	0.8	0.0	0.0
227	p2	0.8	0.0	0.0
227	protein1	682.2	10.0	1.6139215999999998
227	protein2	483.0	7.2	2.1709089999999995
227	protein3	1244.4	20.6	1.9332084
227	r1	7.2	0.0	0.0
227	rnapol	1.4	0.0	0.0
228	__protein1_rbs	5.4	0.0	0.0
228	__protein2_rbs	4.2	0.0	0.0
228	__protein3_rbs	9.6	0.0	0.0
228	__ribosome	27.4	0.0	0.0
228	__rnase_site_ext	22.2	0.0	0.0
228	p0	0.8	0.0	0.0
228	p2	0.8	0.0	0.0
228	protein1	685.6	9.6	1.8580912
228	protein2	486.0	7.2	2.1290908
228	protein3	1252.2	20.8	2.0255418
228	r1	7.4	0.0	0.0
228	rnapol	1.4	0.0	0.0
229	__protein1_rbs	6.2	0.0	0.0
229	__protein2_rbs	5.0	0.0	0.0
229	__protein3_rbs	13.2	0.0	0.0
229	__ribosome	29.2	0.0	0.0
229	__rnase_site_ext	22.4	0.0	0.0
229	p0	1.0	0.0	0.0
229	p2	0.6	0.0	0.0
229	protein1	688.6	10.0	1.8438656
229	protein2	489.2	7.2	1.8863636000000001
229	protein3	1259.8	20.6	2.0015598000000003
229	r1	7.4	0.0	0.0
229	rnapol	1.4	0.0	0.0
230	__protein1_rbs	7.0	0.0	0.0
230	__protein2_rbs	5.8	0.0	0.0
230	__protein3_rbs	12.4	0.0	0.0
230	__ribosome	30.4	0.0	0.0
230	__rnase_site_ext	22.4	0.0	0.0
230	p0	1.0	0.0	0.0
230	p2	0.6	0.0	0.0
230	protein1	692.2	10.2	1.6955881999999998
230	protein2	491.8	7.2	1.75
230	protein3	1268.2	20.8	1.9761614
230	r1	7.4	0.0	0.0
230	rnapol	1.4	0.0	0.0
231	__protein1_rbs	6.6	0.0	0.0
231	__protein2_rbs	4.8	0.0	0.0
231	__protein3_rbs	11.8	0.0	0.0
231	__ribosome	30.6	0.0	0.0
231	__rnase_site_ext	22.4	0.0	0.0
231	p0	1.0	0.0	0.0
231	p2	1.0	0.0	0.0
231	protein1	694.8	10.0	1.9901908
231	protein2	495.0	7.4	1.5457576000000002
231	protein3	1278.0	20.4	1.9567728
231	r1	7.4	0.0	0.0
231	rnapol	1.4	0.0	0.0
232	__protein1_rbs	6.2	0.0	0.0
232	__protein2_rbs	5.6	0.0	0.0
232	__protein3_rbs	12.2	0.0	0.0
232	__ribosome	30.6	0.0	0.0
232	__rnase_site_ext	22.2	0.0	0.0
232	p0	0.8	0.0	0.0
232	p2	1.0	0.0	0.0
232	protein1	698.2	10.0	2.0069684000000003
232	protein2	497.8	7.4	1.3772728
232	protein3	1286.4	20.6	1.9507196000000004
232	r1	7.6	0.0	0.0
232	rnapol	1.2	0.0	0.0
233	__protein1_rbs	7.6	0.0	0.0
233	__protein2_rbs	4.0	0.0	0.0
233	__protein3_rbs	11.6	0.0	0.0
233	__ribosome	29.4	0.0	0.0
233	__rnase_site_ext	22.6	0.0	0.0
233	p0	0.8	0.0	0.0
233	p2	0.6	0.0	0.0
233	protein1	701.8	10.2	1.8089582
233	protein2	500.6	7.4	1.4854546000000002
233	protein3	1294.0	20.8	2.0152322000000003
233	r1	7.6	0.0	0.0
233	rnapol	1.2	0.0	0.0
234	__protein1_rbs	5.2	0.0	0.0
234	__protein2_rbs	5.0	0.0	0.0
234	__protein3_rbs	12.2	0.0	0.0
234	__ribosome	28.4	0.0	0.0
234	__rnase_site_ext	22.2	0.0	0.0
234	p0	1.0	0.0	0.0
234	p2	0.8	0.0	0.0
234	protein1	706.0	10.4	1.9192578
234	protein2	502.6	7.6	1.4239393999999999
234	protein3	1302.2	20.6	2.0365599999999997
234	r1	7.6	0.0	0.0
234	rnapol	1.6	0.0	0.0
235	__protein1_rbs	6.8	0.0	0.0
235	__protein2_rbs	4.0	0.0	0.0
235	__protein3_rbs	13.6	0.0	0.0
235	__ribosome	28.2	0.0	0.0
235	__rnase_site_ext	22.6	0.0	0.0
235	p0	0.8	0.0	0.0
235	p2	0.6	0.0	0.0
235	protein1	709.6	10.4	1.9507704
235	protein2	504.2	7.6	1.7139396000000002
235	protein3	1310.4	20.2	2.0035362
235	r1	7.8	0.0	0.0
235	rnapol	1.2	0.0	0.0
236	__protein1_rbs	5.8	0.0	0.0
236	__protein2_rbs	4.6	0.0	0.0
236	__protein3_rbs	12.8	0.0	0.0
236	__ribosome	28.0	0.0	0.0
236	__rnase_site_ext	22.6	0.0	0.0
236	p0	0.8	0.0	0.0
236	p2	1.0	0.0	0.0
236	protein1	713.6	10.4	2.0203082
236	protein2	506.4	7.8	1.7840092
236	protein3	1318.6	20.0	1.9655556
236	r1	7.8	0.0	0.0
236	rnapol	1.2	0.0	0.0
237	__protein1_rbs	8.4	0.0	0.0
237	__protein2_rbs	4.8	0.0	0.0
237	__protein3_rbs	10.8	0.0	0.0
237	__ribosome	30.8	0.0	0.0
237	__rnase_site_ext	22.4	0.0	0.0
237	p0	0.8	0.0	0.0
237	p2	1.0	0.0	0.0
237	protein1	717.6	10.6	1.8006301999999998
237	protein2	509.4	7.8	1.6471095999999998
237	protein3	1328.4	20.0	1.9496174
237	r1	7.8	0.0	0.0
237	rnapol	1.2	0.0	0.0
238	__protein1_rbs	6.4	0.0	0.0
238	__protein2_rbs	5.2	0.0	0.0
238	__protein3_rbs	12.6	0.0	0.0
238	__ribosome	30.4	0.0	0.0
238	__rnase_site_ext	22.2	0.0	0.0
238	p0	1.0	0.0	0.0
238	p2	0.8	0.0	0.0
238	protein1	720.2	10.6	1.9140272
238	protein2	511.6	7.8	1.6065733999999998
238	protein3	1337.0	20.0	1.861284
238	r1	7.6	0.0	0.0
238	rnapol	1.8	0.0	0.0
239	__protein1_rbs	6.4	0.0	0.0
239	__protein2_rbs	6.0	0.0	0.0
239	__protein3_rbs	11.6	0.0	0.0
239	__ribosome	30.8	0.0	0.0
239	__rnase_site_ext	22.0	0.0	0.0
239	p0	0.8	0.0	0.0
239	p2	0.8	0.0	0.0
239	protein1	725.0	10.6	1.8678572
239	protein2	514.6	7.8	1.5758508
239	protein3	1343.8	19.6	2.0017676
239	r1	7.4	0.0	0.0
239	rnapol	2.0	0.0	0.0
240	__protein1_rbs	5.8	0.0	0.0
240	__protein2_rbs	3.6	0.0	0.0
240	__protein3_rbs	11.8	0.0	0.0
240	__ribosome	29.4	0.0	0.0
240	__rnase_site_ext	22.6	0.0	0.0
240	p0	0.6	0.0	0.0
240	p2	0.8	0.0	0.0
240	protein1	729.4	10.4	1.8964288
240	protein2	517.2	7.8	1.7226806000000001
240	protein3	1351.2	19.4	2.0190954
240	r1	7.4	0.0	0.0
240	rnapol	1.8	0.0	0.0
241	__protein1_rbs	7.6	0.0	0.0
241	__protein2_rbs	4.8	0.0	0.0
241	__protein3_rbs	12.4	0.0	0.0
241	__ribosome	30.8	0.0	0.0
241	__rnase_site_ext	22.4	0.0	0.0
241	p0	0.6	0.0	0.0
241	p2	0.8	0.0	0.0
241	protein1	733.6	10.6	1.7625
241	protein2	519.2	7.4	1.7545453999999998
241	protein3	1358.6	19.4	2.0140872
241	r1	7.2	0.0	0.0
241	rnapol	1.6	0.0	0.0
242	__protein1_rbs	7.2	0.0	0.0
242	__protein2_rbs	4.6	0.0	0.0
242	__protein3_rbs	11.2	0.0	0.0
242	__ribosome	31.2	0.0	0.0
242	__rnase_site_ext	22.0	0.0	0.0
242	p0	1.0	0.0	0.0
242	p2	0.8	0.0	0.0
242	protein1	736.0	11.0	1.7319327999999998
242	protein2	521.8	7.4	1.8103029999999998
242	protein3	1367.2	19.2	2.0083333999999997
242	r1	7.0	0.0	0.0
242	rnapol	2.0	0.0	0.0
243	__protein1_rbs	6.0	0.0	0.0
243	__protein2_rbs	4.6	0.0	0.0
243	__protein3_rbs	12.2	0.0	0.0
243	__ribosome	33.4	0.0	0.0
243	__rnase_site_ext	22.0	0.0	0.0
243	p0	0.8	0.0	0.0
243	p2	1.0	0.0	0.0
243	protein1	741.4	10.8	1.7955882
243	protein2	525.0	7.2	1.6736364
243	protein3	1375.6	19.4	1.9499444
243	r1	7.0	0.0	0.0
243	rnapol	1.8	0.0	0.0
244	__protein1_rbs	5.8	0.0	0.0
244	__protein2_rbs	4.2	0.0	0.0
244	__protein3_rbs	10.8	0.0	0.0
244	__ribosome	31.6	0.0	0.0
244	__rnase_site_ext	22.4	0.0	0.0
244	p0	1.0	0.0	0.0
244	p2	0.8	0.0	0.0
244	protein1	745.0	10.6	1.9262604
244	protein2	526.6	7.0	1.9054546
244	protein3	1384.4	19.2	1.931111
244	r1	7.0	0.0	0.0
244	rnapol	1.6	0.0	0.0
245	__protein1_rbs	7.4	0.0	0.0
245	__protein2_rbs	3.8	0.0	0.0
245	__protein3_rbs	13.0	0.0	0.0
245	__ribosome	30.8	0.0	0.0
245	__rnase_site_ext	22.0	0.0	0.0
245	p0	0.8	0.0	0.0
245	p2	1.0	0.0	0.0
245	protein1	748.4	10.8	1.964496
245	protein2	530.0	7.0	2.029091
245	protein3	1390.4	19.2	1.9488994
245	r1	7.2	0.0	0.0
245	rnapol	1.6	0.0	0.0
246	__protein1_rbs	6.4	0.0	0.0
246	__protein2_rbs	3.8	0.0	0.0
246	__protein3_rbs	11.6	0.0	0.0
246	__ribosome	28.4	0.0	0.0
246	__rnase_site_ext	21.6	0.0	0.0
246	p0	0.6	0.0	0.0
246	p2	1.0	0.0	0.0
246	protein1	751.8	10.6	1.980357
246	protein2	531.6	7.0	2.1836363999999997
246	protein3	1398.0	19.2	1.9686276000000003
246	r1	7.2	0.0	0.0
246	rnapol	2.0	0.0	0.0
247	__protein1_rbs	8.2	0.0	0.0
247	__protein2_rbs	4.6	0.0	0.0
247	__protein3_rbs	12.8	0.0	0.0
247	__ribosome	30.4	0.0	0.0
247	__rnase_site_ext	22.0	0.0	0.0
247	p0	0.8	0.0	0.0
247	p2	0.6	0.0	0.0
247	protein1	755.2	10.4	1.9402473999999998
247	protein2	534.2	7.2	2.039091
247	protein3	1405.6	19.4	1.90317
247	r1	7.4	0.0	0.0
247	rnapol	1.4	0.0	0.0
248	__protein1_rbs	8.0	0.0	0.0
248	__protein2_rbs	4.0	0.0	0.0
248	__protein3_rbs	12.2	0.0	0.0
248	__ribosome	33.2	0.0	0.0
248	__rnase_site_ext	20.8	0.0	0.0
248	p0	0.6	0.0	0.0
248	p2	1.0	0.0	0.0
248	protein1	760.0	10.8	1.7175916000000002
248	protein2	536.6	7.4	2.1657574
248	protein3	1414.0	19.2	1.8222048
248	r1	7.6	0.0	0.0
248	rnapol	1.4	0.0	0.0
249	__protein1_rbs	6.6	0.0	0.0
249	__protein2_rbs	5.6	0.0	0.0
249	__protein3_rbs	11.4	0.0	0.0
249	__ribosome	34.8	0.0	0.0
249	__rnase_site_ext	21.2	0.0	0.0
249	p0	0.8	0.0	0.0
249	p2	1.0	0.0	0.0
249	protein1	765.2	10.8	1.6257480000000002
249	protein2	540.2	7.4	1.9884848
249	protein3	1421.0	19.2	1.8698099999999998
249	r1	7.6	0.0	0.0
249	rnapol	1.6	0.0	0.0
250	__protein1_rbs	4.0	0.0	0.0
250	__protein2_rbs	3.6	0.0	0.0
250	__protein3_rbs	8.6	0.0	0.0
250	__ribosome	22.0	0.0	0.0
250	__rnase_site_ext	16.8	0.0	0.0
250	p0	0.6	0.0	0.0
250	p2	0.6	0.0	0.0
250	protein1	650.0	9.2	1.4083333999999998
250	protein2	457.4	6.6	1.6757576
250	protein3	1109.6	15.2	1.6147728
250	r1	6.4	0.0	0.0
250	rnapol	0.8	0.0	0.0
