time	species	protein	transcript	ribo_density
0	__protein1_rbs	0.0	0.0	0.0
0	__protein2_rbs	0.0	0.0	0.0
0	__protein3_rbs	0.0	0.0	0.0
0	__ribosome	100.0	0.0	0.0
0	__rnase_site_ext	0.0	0.0	0.0
0	p0	1.0	0.0	0.0
0	p1	1.0	0.0	0.0
0	p2	1.0	0.0	0.0
0	r1	0.0	0.0	0.0
0	rnapol	4.0	0.0	0.0
1	__protein1_rbs	0.0	0.0	0.0
1	__protein2_rbs	0.0	0.0	0.0
1	__protein3_rbs	0.0	0.0	0.0
1	__ribosome	100.0	0.0	0.0
1	__rnase_site_ext	0.6	0.0	0.0
1	p0	0.6	0.0	0.0
1	p1	1.0	0.0	0.0
1	p2	0.4	0.0	0.0
1	r1	0.0	0.0	0.0
1	rnapol	3.0	0.0	0.0
2	__protein1_rbs	0.0	0.0	0.0
2	__protein2_rbs	0.0	0.0	0.0
2	__protein3_rbs	0.0	0.0	0.0
2	__ribosome	100.0	0.0	0.0
2	__rnase_site_ext	1.2	0.0	0.0
2	p0	0.4	0.0	0.0
2	p1	1.0	0.0	0.0
2	p2	0.6	0.0	0.0
2	r1	0.0	0.0	0.0
2	rnapol	2.2	0.0	0.0
3	__protein1_rbs	0.2	0.0	0.0
3	__protein2_rbs	0.0	0.0	0.0
3	__protein3_rbs	0.0	0.0	0.0
3	__ribosome	99.8	0.0	0.0
3	__rnase_site_ext	2.2	0.0	0.0
3	p0	1.0	0.0	0.0
3	p1	0.8	0.0	0.0
3	p2	0.8	0.0	0.0
3	protein1	0.0	0.4	0.2
3	r1	0.0	0.0	0.0
3	rnapol	1.8	0.0	0.0
4	__protein1_rbs	0.2	0.0	0.0
4	__protein2_rbs	0.2	0.0	0.0
4	__protein3_rbs	0.0	0.0	0.0
4	__ribosome	98.4	0.0	0.0
4	__rnase_site_ext	2.6	0.0	0.0
4	p0	0.6	0.0	0.0
4	p1	0.8	0.0	0.0
4	p2	1.0	0.0	0.0
4	protein1	0.0	0.8	0.8
4	protein2	0.0	0.4	0.2
4	protein3	0.0	0.6	0.6
4	r1	0.0	0.0	0.0
4	rnapol	1.2	0.0	0.0
5	__protein1_rbs	0.0	0.0	0.0
5	__protein2_rbs	0.0	0.0	0.0
5	__protein3_rbs	0.0	0.0	0.0
5	__ribosome	96.4	0.0	0.0
5	__rnase_site_ext	2.8	0.0	0.0
5	p0	1.0	0.0	0.0
5	p1	1.0	0.0	0.0
5	p2	1.0	0.0	0.0
5	protein1	0.0	0.8	1.4
5	protein2	0.0	0.4	0.6
5	protein3	0.0	1.0	1.3
5	r1	0.0	0.0	0.0
5	rnapol	1.2	0.0	0.0
6	__protein1_rbs	0.8	0.0	0.0
6	__protein2_rbs	0.2	0.0	0.0
6	__protein3_rbs	0.4	0.0	0.0
6	__ribosome	95.0	0.0	0.0
6	__rnase_site_ext	2.8	0.0	0.0
6	p0	1.0	0.0	0.0
6	p1	1.0	0.0	0.0
6	p2	0.6	0.0	0.0
6	protein1	0.0	1.2	1.2
6	protein2	0.0	0.4	0.8
6	protein3	0.0	1.2	1.6
6	r1	0.0	0.0	0.0
6	rnapol	0.8	0.0	0.0
7	__protein1_rbs	0.6	0.0	0.0
7	__protein2_rbs	0.0	0.0	0.0
7	__protein3_rbs	0.6	0.0	0.0
7	__ribosome	93.6	0.0	0.0
7	__rnase_site_ext	3.2	0.0	0.0
7	p0	0.8	0.0	0.0
7	p1	1.0	0.0	0.0
7	p2	0.8	0.0	0.0
7	protein1	0.0	1.2	1.7
7	protein2	0.0	0.4	1.0
7	protein3	0.0	1.2	1.9
7	r1	0.0	0.0	0.0
7	rnapol	0.6	0.0	0.0
8	__protein1_rbs	0.2	0.0	0.0
8	__protein2_rbs	0.2	0.0	0.0
8	__protein3_rbs	0.0	0.0	0.0
8	__ribosome	92.0	0.0	0.0
8	__rnase_site_ext	3.6	0.0	0.0
8	p0	1.0	0.0	0.0
8	p1	1.0	0.0	0.0
8	p2	0.4	0.0	0.0
8	protein1	0.4	1.4	2.1666666
8	protein2	0.0	0.4	1.2
8	protein3	0.2	1.2	2.4
8	r1	0.0	0.0	0.0
8	rnapol	0.6	0.0	0.0
9	__protein1_rbs	0.2	0.0	0.0
9	__protein2_rbs	0.0	0.0	0.0
9	__protein3_rbs	0.0	0.0	0.0
9	__ribosome	90.0	0.0	0.0
9	__rnase_site_ext	3.8	0.0	0.0
9	p0	0.8	0.0	0.0
9	p1	0.8	0.0	0.0
9	p2	0.4	0.0	0.0
9	protein1	0.6	1.4	2.6
9	protein2	0.2	0.4	1.4
9	protein3	0.6	1.4	3.1
9	r1	0.2	0.0	0.0
9	rnapol	0.8	0.0	0.0
10	__protein1_rbs	0.4	0.0	0.0
10	__protein2_rbs	0.4	0.0	0.0
10	__protein3_rbs	0.4	0.0	0.0
10	__ribosome	90.2	0.0	0.0
10	__rnase_site_ext	4.0	0.0	0.0
10	p0	1.0	0.0	0.0
10	p1	0.6	0.0	0.0
10	p2	1.0	0.0	0.0
10	protein1	1.4	1.4	2.5333334
10	protein2	0.6	0.6	0.8
10	protein3	1.6	1.6	2.6
10	r1	0.4	0.0	0.0
10	rnapol	1.0	0.0	0.0
11	__protein1_rbs	0.4	0.0	0.0
11	__protein2_rbs	0.6	0.0	0.0
11	__protein3_rbs	0.4	0.0	0.0
11	__ribosome	88.4	0.0	0.0
11	__rnase_site_ext	4.2	0.0	0.0
11	p0	1.0	0.0	0.0
11	p1	0.6	0.0	0.0
11	p2	1.0	0.0	0.0
11	protein1	2.0	1.6	2.5
11	protein2	0.8	0.8	1.0
11	protein3	1.8	2.0	2.6333333999999997
11	r1	0.6	0.0	0.0
11	rnapol	1.2	0.0	0.0
12	__protein1_rbs	0.6	0.0	0.0
12	__protein2_rbs	0.6	0.0	0.0
12	__protein3_rbs	1.0	0.0	0.0
12	__ribosome	87.2	0.0	0.0
12	__rnase_site_ext	4.8	0.0	0.0
12	p0	0.8	0.0	0.0
12	p1	0.6	0.0	0.0
12	p2	1.0	0.0	0.0
12	protein1	2.4	1.6	2.6666666
12	protein2	1.0	1.2	1.1
12	protein3	2.6	2.4	2.2333334
12	r1	0.6	0.0	0.0
12	rnapol	0.8	0.0	0.0
13	__protein1_rbs	0.8	0.0	0.0
13	__protein2_rbs	0.2	0.0	0.0
13	__protein3_rbs	0.4	0.0	0.0
13	__ribosome	85.6	0.0	0.0
13	__rnase_site_ext	4.8	0.0	0.0
13	p0	1.0	0.0	0.0
13	p1	0.8	0.0	0.0
13	p2	0.6	0.0	0.0
13	protein1	3.0	1.8	2.6
13	protein2	1.2	1.4	1.4333334
13	protein3	3.6	2.4	2.4666666
13	r1	0.6	0.0	0.0
13	rnapol	0.4	0.0	0.0
14	__protein1_rbs	0.6	0.0	0.0
14	__protein2_rbs	0.6	0.0	0.0
14	__protein3_rbs	1.8	0.0	0.0
14	__ribosome	85.4	0.0	0.0
14	__rnase_site_ext	4.8	0.0	0.0
14	p0	1.0	0.0	0.0
14	p1	1.0	0.0	0.0
14	p2	0.8	0.0	0.0
14	protein1	4.6	1.8	2.2
14	protein2	1.4	1.6	1.9666666000000002
14	protein3	4.6	2.4	2.3666666000000003
14	r1	0.6	0.0	0.0
14	rnapol	0.6	0.0	0.0
15	__protein1_rbs	0.4	0.0	0.0
15	__protein2_rbs	0.8	0.0	0.0
15	__protein3_rbs	1.0	0.0	0.0
15	__ribosome	84.2	0.0	0.0
15	__rnase_site_ext	5.0	0.0	0.0
15	p0	0.8	0.0	0.0
15	p1	1.0	0.0	0.0
15	p2	0.6	0.0	0.0
15	protein1	5.8	1.8	2.1333333999999997
15	protein2	1.8	1.8	2.2666666
15	protein3	5.4	2.6	2.5166666
15	r1	0.6	0.0	0.0
15	rnapol	0.8	0.0	0.0
16	__protein1_rbs	1.2	0.0	0.0
16	__protein2_rbs	0.8	0.0	0.0
16	__protein3_rbs	1.6	0.0	0.0
16	__ribosome	82.8	0.0	0.0
16	__rnase_site_ext	5.4	0.0	0.0
16	p0	0.8	0.0	0.0
16	p1	1.0	0.0	0.0
16	p2	0.6	0.0	0.0
16	protein1	6.0	2.0	2.4
16	protein2	2.2	1.8	2.7333332
16	protein3	6.8	3.0	2.3
16	r1	0.8	0.0	0.0
16	rnapol	0.8	0.0	0.0
17	__protein1_rbs	0.4	0.0	0.0
17	__protein2_rbs	0.4	0.0	0.0
17	__protein3_rbs	1.0	0.0	0.0
17	__ribosome	81.8	0.0	0.0
17	__rnase_site_ext	5.0	0.0	0.0
17	p0	0.8	0.0	0.0
17	p1	0.8	0.0	0.0
17	p2	0.6	0.0	0.0
17	protein1	7.4	2.0	2.5
17	protein2	2.6	1.8	3.2
17	protein3	8.4	2.8	2.35
17	r1	0.8	0.0	0.0
17	rnapol	1.2	0.0	0.0
18	__protein1_rbs	1.0	0.0	0.0
18	__protein2_rbs	0.6	0.0	0.0
18	__protein3_rbs	1.0	0.0	0.0
18	__ribosome	80.8	0.0	0.0
18	__rnase_site_ext	5.2	0.0	0.0
18	p0	0.8	0.0	0.0
18	p1	0.8	0.0	0.0
18	p2	0.4	0.0	0.0
18	protein1	8.4	2.4	2.2166666
18	protein2	3.2	1.8	3.6666665999999997
18	protein3	9.8	2.8	2.72
18	r1	0.8	0.0	0.0
18	rnapol	1.0	0.0	0.0
19	__protein1_rbs	0.8	0.0	0.0
19	__protein2_rbs	0.8	0.0	0.0
19	__protein3_rbs	0.6	0.0	0.0
19	__ribosome	79.6	0.0	0.0
19	__rnase_site_ext	6.0	0.0	0.0
19	p0	0.8	0.0	0.0
19	p1	1.0	0.0	0.0
19	p2	0.6	0.0	0.0
19	protein1	9.2	2.4	2.3666666000000003
19	protein2	4.4	2.0	3.0333334
19	protein3	11.0	3.0	2.6933333999999998
19	r1	0.8	0.0	0.0
19	rnapol	0.8	0.0	0.0
20	__protein1_rbs	0.6	0.0	0.0
20	__protein2_rbs	0.6	0.0	0.0
20	__protein3_rbs	1.2	0.0	0.0
20	__ribosome	77.2	0.0	0.0
20	__rnase_site_ext	6.0	0.0	0.0
20	p0	1.0	0.0	0.0
20	p1	1.0	0.0	0.0
20	p2	0.6	0.0	0.0
20	protein1	10.4	2.6	2.8466666000000003
20	protein2	5.6	2.0	2.9666666
20	protein3	11.2	3.4	2.8166667999999997
20	r1	0.8	0.0	0.0
20	rnapol	0.6	0.0	0.0
21	__protein1_rbs	1.0	0.0	0.0
21	__protein2_rbs	0.4	0.0	0.0
21	__protein3_rbs	1.6	0.0	0.0
21	__ribosome	75.8	0.0	0.0
21	__rnase_site_ext	5.8	0.0	0.0
21	p0	0.8	0.0	0.0
21	p1	1.0	0.0	0.0
21	p2	0.6	0.0	0.0
21	protein1	11.2	2.8	2.8
21	protein2	6.6	2.0	3.3
21	protein3	13.0	3.6	2.8
21	r1	1.0	0.0	0.0
21	rnapol	0.6	0.0	0.0
22	__protein1_rbs	0.4	0.0	0.0
22	__protein2_rbs	1.0	0.0	0.0
22	__protein3_rbs	1.2	0.0	0.0
22	__ribosome	75.2	0.0	0.0
22	__rnase_site_ext	6.4	0.0	0.0
22	p0	1.0	0.0	0.0
22	p1	1.0	0.0	0.0
22	p2	0.8	0.0	0.0
22	protein1	12.8	2.6	3.2
22	protein2	7.8	2.0	3.0666667999999997
22	protein3	15.0	3.8	2.75
22	r1	1.0	0.0	0.0
22	rnapol	0.6	0.0	0.0
23	__protein1_rbs	1.0	0.0	0.0
23	__protein2_rbs	0.6	0.0	0.0
23	__protein3_rbs	1.4	0.0	0.0
23	__ribosome	73.8	0.0	0.0
23	__rnase_site_ext	6.0	0.0	0.0
23	p0	1.0	0.0	0.0
23	p1	0.8	0.0	0.0
23	p2	0.6	0.0	0.0
23	protein1	14.0	2.6	3.4
23	protein2	8.6	2.0	3.1333333999999997
23	protein3	16.6	4.0	2.75
23	r1	1.0	0.0	0.0
23	rnapol	0.6	0.0	0.0
24	__protein1_rbs	0.6	0.0	0.0
24	__protein2_rbs	1.2	0.0	0.0
24	__protein3_rbs	1.6	0.0	0.0
24	__ribosome	72.6	0.0	0.0
24	__rnase_site_ext	6.2	0.0	0.0
24	p0	1.0	0.0	0.0
24	p1	1.0	0.0	0.0
24	p2	0.8	0.0	0.0
24	protein1	15.4	2.6	3.45
24	protein2	9.8	2.2	2.9
24	protein3	18.6	4.6	2.794762
24	r1	1.0	0.0	0.0
24	rnapol	1.2	0.0	0.0
25	__protein1_rbs	1.0	0.0	0.0
25	__protein2_rbs	0.6	0.0	0.0
25	__protein3_rbs	2.0	0.0	0.0
25	__ribosome	73.0	0.0	0.0
25	__rnase_site_ext	6.8	0.0	0.0
25	p0	1.0	0.0	0.0
25	p1	1.0	0.0	0.0
25	p2	0.6	0.0	0.0
25	protein1	17.0	2.4	3.8
25	protein2	11.4	2.2	2.7
25	protein3	20.6	4.6	2.7514286
25	r1	1.0	0.0	0.0
25	rnapol	0.8	0.0	0.0
26	__protein1_rbs	1.0	0.0	0.0
26	__protein2_rbs	1.0	0.0	0.0
26	__protein3_rbs	2.0	0.0	0.0
26	__ribosome	72.4	0.0	0.0
26	__rnase_site_ext	7.0	0.0	0.0
26	p0	1.0	0.0	0.0
26	p1	1.0	0.0	0.0
26	p2	1.0	0.0	0.0
26	protein1	19.0	2.4	3.65
26	protein2	12.6	2.2	2.6
26	protein3	22.6	5.0	2.8514286
26	r1	1.0	0.0	0.0
26	rnapol	1.4	0.0	0.0
27	__protein1_rbs	1.2	0.0	0.0
27	__protein2_rbs	1.2	0.0	0.0
27	__protein3_rbs	1.8	0.0	0.0
27	__ribosome	72.0	0.0	0.0
27	__rnase_site_ext	7.4	0.0	0.0
27	p0	1.0	0.0	0.0
27	p1	1.0	0.0	0.0
27	p2	0.6	0.0	0.0
27	protein1	20.4	2.4	3.3
27	protein2	13.6	2.2	2.5
27	protein3	25.2	5.2	2.8316666
27	r1	1.2	0.0	0.0
27	rnapol	1.2	0.0	0.0
28	__protein1_rbs	0.4	0.0	0.0
28	__protein2_rbs	1.0	0.0	0.0
28	__protein3_rbs	3.4	0.0	0.0
28	__ribosome	73.2	0.0	0.0
28	__rnase_site_ext	6.8	0.0	0.0
28	p0	1.0	0.0	0.0
28	p1	0.8	0.0	0.0
28	p2	0.8	0.0	0.0
28	protein1	22.8	2.4	3.25
28	protein2	14.6	2.2	2.8
28	protein3	28.0	5.4	2.41
28	r1	1.4	0.0	0.0
28	rnapol	1.6	0.0	0.0
29	__protein1_rbs	1.6	0.0	0.0
29	__protein2_rbs	0.8	0.0	0.0
29	__protein3_rbs	3.4	0.0	0.0
29	__ribosome	73.4	0.0	0.0
29	__rnase_site_ext	7.2	0.0	0.0
29	p0	0.8	0.0	0.0
29	p1	0.6	0.0	0.0
29	p2	0.6	0.0	0.0
29	protein1	24.0	2.4	3.0
29	protein2	16.0	2.4	2.4333334
29	protein3	30.4	5.4	2.47
29	r1	1.4	0.0	0.0
29	rnapol	1.6	0.0	0.0
30	__protein1_rbs	0.6	0.0	0.0
30	__protein2_rbs	0.8	0.0	0.0
30	__protein3_rbs	2.6	0.0	0.0
30	__ribosome	72.8	0.0	0.0
30	__rnase_site_ext	8.0	0.0	0.0
30	p0	0.8	0.0	0.0
30	p1	0.6	0.0	0.0
30	p2	0.6	0.0	0.0
30	protein1	25.6	2.4	3.05
30	protein2	17.4	2.4	2.4333334
30	protein3	33.4	5.8	2.3433334
30	r1	1.6	0.0	0.0
30	rnapol	0.8	0.0	0.0
31	__protein1_rbs	1.0	0.0	0.0
31	__protein2_rbs	0.6	0.0	0.0
31	__protein3_rbs	1.8	0.0	0.0
31	__ribosome	69.6	0.0	0.0
31	__rnase_site_ext	8.2	0.0	0.0
31	p0	1.0	0.0	0.0
31	p1	0.8	0.0	0.0
31	p2	0.6	0.0	0.0
31	protein1	26.8	2.6	2.99
31	protein2	18.0	2.8	2.6333332
31	protein3	36.2	5.6	2.6819048
31	r1	1.6	0.0	0.0
31	rnapol	0.8	0.0	0.0
32	__protein1_rbs	1.4	0.0	0.0
32	__protein2_rbs	1.0	0.0	0.0
32	__protein3_rbs	2.4	0.0	0.0
32	__ribosome	68.2	0.0	0.0
32	__rnase_site_ext	8.0	0.0	0.0
32	p0	0.8	0.0	0.0
32	p1	0.8	0.0	0.0
32	p2	1.0	0.0	0.0
32	protein1	28.6	2.6	3.4
32	protein2	19.2	2.8	2.8333334
32	protein3	38.6	6.2	2.6364286
32	r1	1.6	0.0	0.0
32	rnapol	0.8	0.0	0.0
33	__protein1_rbs	0.8	0.0	0.0
33	__protein2_rbs	0.8	0.0	0.0
33	__protein3_rbs	2.0	0.0	0.0
33	__ribosome	66.6	0.0	0.0
33	__rnase_site_ext	8.6	0.0	0.0
33	p0	1.0	0.0	0.0
33	p1	1.0	0.0	0.0
33	p2	0.8	0.0	0.0
33	protein1	30.2	2.6	3.12
33	protein2	20.4	3.0	2.8
33	protein3	41.2	6.2	2.789762
33	r1	1.6	0.0	0.0
33	rnapol	0.8	0.0	0.0
34	__protein1_rbs	0.8	0.0	0.0
34	__protein2_rbs	1.0	0.0	0.0
34	__protein3_rbs	2.0	0.0	0.0
34	__ribosome	64.2	0.0	0.0
34	__rnase_site_ext	9.0	0.0	0.0
34	p0	1.0	0.0	0.0
34	p1	1.0	0.0	0.0
34	p2	0.6	0.0	0.0
34	protein1	31.2	2.8	3.24
34	protein2	22.2	3.0	2.9
34	protein3	43.6	6.6	2.9073808
34	r1	1.6	0.0	0.0
34	rnapol	0.4	0.0	0.0
35	__protein1_rbs	1.0	0.0	0.0
35	__protein2_rbs	0.6	0.0	0.0
35	__protein3_rbs	2.2	0.0	0.0
35	__ribosome	63.2	0.0	0.0
35	__rnase_site_ext	9.2	0.0	0.0
35	p0	1.0	0.0	0.0
35	p1	1.0	0.0	0.0
35	p2	0.6	0.0	0.0
35	protein1	33.0	3.0	2.9
35	protein2	23.6	3.0	3.1666666
35	protein3	47.4	6.6	2.9340476000000004
35	r1	1.2	0.0	0.0
35	rnapol	0.6	0.0	0.0
36	__protein1_rbs	1.8	0.0	0.0
36	__protein2_rbs	1.2	0.0	0.0
36	__protein3_rbs	2.6	0.0	0.0
36	__ribosome	62.6	0.0	0.0
36	__rnase_site_ext	9.0	0.0	0.0
36	p0	1.0	0.0	0.0
36	p1	1.0	0.0	0.0
36	p2	1.0	0.0	0.0
36	protein1	34.2	3.0	2.92
36	protein2	25.0	3.0	3.1833334
36	protein3	49.4	7.0	2.8559523999999996
36	r1	1.0	0.0	0.0
36	rnapol	1.0	0.0	0.0
37	__protein1_rbs	1.0	0.0	0.0
37	__protein2_rbs	1.6	0.0	0.0
37	__protein3_rbs	3.6	0.0	0.0
37	__ribosome	63.4	0.0	0.0
37	__rnase_site_ext	8.6	0.0	0.0
37	p0	1.0	0.0	0.0
37	p1	1.0	0.0	0.0
37	p2	0.8	0.0	0.0
37	protein1	36.0	3.0	2.8600000000000003
37	protein2	26.6	3.0	3.0666666
37	protein3	54.4	7.4	2.6035716
37	r1	1.0	0.0	0.0
37	rnapol	1.8	0.0	0.0
38	__protein1_rbs	1.0	0.0	0.0
38	__protein2_rbs	1.2	0.0	0.0
38	__protein3_rbs	2.2	0.0	0.0
38	__ribosome	62.0	0.0	0.0
38	__rnase_site_ext	9.2	0.0	0.0
38	p0	0.6	0.0	0.0
38	p1	1.0	0.0	0.0
38	p2	1.0	0.0	0.0
38	protein1	38.0	3.0	2.92
38	protein2	28.4	3.0	2.95
38	protein3	58.2	7.8	2.700397
38	r1	0.8	0.0	0.0
38	rnapol	1.4	0.0	0.0
39	__protein1_rbs	1.8	0.0	0.0
39	__protein2_rbs	1.2	0.0	0.0
39	__protein3_rbs	4.0	0.0	0.0
39	__ribosome	62.2	0.0	0.0
39	__rnase_site_ext	9.6	0.0	0.0
39	p0	1.0	0.0	0.0
39	p1	1.0	0.0	0.0
39	p2	1.0	0.0	0.0
39	protein1	39.2	3.4	2.7066666
39	protein2	30.0	3.0	3.05
39	protein3	61.4	7.8	2.6234128
39	r1	0.8	0.0	0.0
39	rnapol	2.0	0.0	0.0
40	__protein1_rbs	1.4	0.0	0.0
40	__protein2_rbs	0.6	0.0	0.0
40	__protein3_rbs	3.0	0.0	0.0
40	__ribosome	60.2	0.0	0.0
40	__rnase_site_ext	9.4	0.0	0.0
40	p0	1.0	0.0	0.0
40	p1	1.0	0.0	0.0
40	p2	1.0	0.0	0.0
40	protein1	41.2	3.6	2.8066668
40	protein2	31.8	2.6	3.8333334000000003
40	protein3	65.4	8.0	2.7261906000000002
40	r1	0.8	0.0	0.0
40	rnapol	2.0	0.0	0.0
41	__protein1_rbs	1.0	0.0	0.0
41	__protein2_rbs	0.8	0.0	0.0
41	__protein3_rbs	3.2	0.0	0.0
41	__ribosome	60.2	0.0	0.0
41	__rnase_site_ext	9.8	0.0	0.0
41	p0	0.4	0.0	0.0
41	p1	1.0	0.0	0.0
41	p2	1.0	0.0	0.0
41	protein1	42.2	3.6	3.0466666
41	protein2	34.2	2.4	3.5166666
41	protein3	69.6	7.8	2.7357142000000003
41	r1	0.8	0.0	0.0
41	rnapol	1.6	0.0	0.0
42	__protein1_rbs	2.2	0.0	0.0
42	__protein2_rbs	1.6	0.0	0.0
42	__protein3_rbs	4.6	0.0	0.0
42	__ribosome	61.8	0.0	0.0
42	__rnase_site_ext	10.6	0.0	0.0
42	p0	0.8	0.0	0.0
42	p1	1.0	0.0	0.0
42	p2	0.8	0.0	0.0
42	protein1	44.0	4.0	2.7666668000000003
42	protein2	35.4	2.4	3.1333333999999997
42	protein3	73.4	7.8	2.6321428
42	r1	0.8	0.0	0.0
42	rnapol	1.8	0.0	0.0
43	__protein1_rbs	1.6	0.0	0.0
43	__protein2_rbs	0.8	0.0	0.0
43	__protein3_rbs	3.2	0.0	0.0
43	__ribosome	61.0	0.0	0.0
43	__rnase_site_ext	10.0	0.0	0.0
43	p0	1.0	0.0	0.0
43	p1	1.0	0.0	0.0
43	p2	0.8	0.0	0.0
43	protein1	46.0	4.2	2.55
43	protein2	37.4	2.2	3.4
43	protein3	77.4	7.8	2.7107142000000004
43	r1	0.8	0.0	0.0
43	rnapol	2.2	0.0	0.0
44	__protein1_rbs	2.2	0.0	0.0
44	__protein2_rbs	0.6	0.0	0.0
44	__protein3_rbs	3.8	0.0	0.0
44	__ribosome	61.0	0.0	0.0
44	__rnase_site_ext	11.2	0.0	0.0
44	p0	0.6	0.0	0.0
44	p1	0.8	0.0	0.0
44	p2	0.6	0.0	0.0
44	protein1	47.8	4.2	2.5833332
44	protein2	38.2	2.2	3.7666666
44	protein3	81.6	7.8	2.6107142000000003
44	r1	0.6	0.0	0.0
44	rnapol	1.6	0.0	0.0
45	__protein1_rbs	1.6	0.0	0.0
45	__protein2_rbs	1.2	0.0	0.0
45	__protein3_rbs	3.8	0.0	0.0
45	__ribosome	62.6	0.0	0.0
45	__rnase_site_ext	11.4	0.0	0.0
45	p0	1.0	0.0	0.0
45	p1	1.0	0.0	0.0
45	p2	0.8	0.0	0.0
45	protein1	49.8	4.4	2.7071428
45	protein2	40.6	2.4	2.65
45	protein3	86.6	8.0	2.468254
45	r1	0.6	0.0	0.0
45	rnapol	1.6	0.0	0.0
46	__protein1_rbs	2.0	0.0	0.0
46	__protein2_rbs	1.0	0.0	0.0
46	__protein3_rbs	4.4	0.0	0.0
46	__ribosome	62.0	0.0	0.0
46	__rnase_site_ext	10.8	0.0	0.0
46	p0	1.0	0.0	0.0
46	p1	1.0	0.0	0.0
46	p2	1.0	0.0	0.0
46	protein1	52.2	4.6	2.5714284
46	protein2	42.2	2.4	2.55
46	protein3	90.0	8.4	2.4694444
46	r1	0.6	0.0	0.0
46	rnapol	1.6	0.0	0.0
47	__protein1_rbs	1.6	0.0	0.0
47	__protein2_rbs	1.4	0.0	0.0
47	__protein3_rbs	5.2	0.0	0.0
47	__ribosome	60.4	0.0	0.0
47	__rnase_site_ext	11.8	0.0	0.0
47	p0	1.0	0.0	0.0
47	p1	1.0	0.0	0.0
47	p2	0.6	0.0	0.0
47	protein1	53.8	4.2	inf
47	protein2	43.0	2.4	2.9
47	protein3	93.6	8.6	2.4333332000000003
47	r1	0.6	0.0	0.0
47	rnapol	1.4	0.0	0.0
48	__protein1_rbs	2.2	0.0	0.0
48	__protein2_rbs	0.6	0.0	0.0
48	__protein3_rbs	3.4	0.0	0.0
48	__ribosome	59.0	0.0	0.0
48	__rnase_site_ext	11.2	0.0	0.0
48	p0	0.8	0.0	0.0
48	p1	1.0	0.0	0.0
48	p2	1.0	0.0	0.0
48	protein1	56.0	4.2	inf
48	protein2	44.0	2.4	2.95
48	protein3	97.2	8.6	2.6095238
48	r1	1.0	0.0	0.0
48	rnapol	1.2	0.0	0.0
49	__protein1_rbs	2.4	0.0	0.0
49	__protein2_rbs	0.6	0.0	0.0
49	__protein3_rbs	3.2	0.0	0.0
49	__ribosome	58.0	0.0	0.0
49	__rnase_site_ext	11.2	0.0	0.0
49	p0	1.0	0.0	0.0
49	p1	0.6	0.0	0.0
49	p2	0.8	0.0	0.0
49	protein1	58.2	4.2	inf
49	protein2	45.0	2.2	3.3
49	protein3	102.2	9.0	2.591746
49	r1	1.2	0.0	0.0
49	rnapol	1.0	0.0	0.0
50	__protein1_rbs	2.2	0.0	0.0
50	__protein2_rbs	1.0	0.0	0.0
50	__protein3_rbs	3.6	0.0	0.0
50	__ribosome	57.8	0.0	0.0
50	__rnase_site_ext	11.8	0.0	0.0
50	p0	0.8	0.0	0.0
50	p1	0.8	0.0	0.0
50	p2	1.0	0.0	0.0
50	protein1	60.6	4.4	2.5714286
50	protein2	46.4	2.4	2.9266666
50	protein3	106.6	9.0	2.6231746
50	r1	1.2	0.0	0.0
50	rnapol	1.2	0.0	0.0
51	__protein1_rbs	1.4	0.0	0.0
51	__protein2_rbs	1.2	0.0	0.0
51	__protein3_rbs	4.4	0.0	0.0
51	__ribosome	57.8	0.0	0.0
51	__rnase_site_ext	12.0	0.0	0.0
51	p0	1.0	0.0	0.0
51	p1	0.6	0.0	0.0
51	p2	1.0	0.0	0.0
51	protein1	63.4	4.4	2.7023808
51	protein2	48.0	2.4	2.5833332
51	protein3	110.4	9.2	2.6439828
51	r1	1.2	0.0	0.0
51	rnapol	1.2	0.0	0.0
52	__protein1_rbs	2.0	0.0	0.0
52	__protein2_rbs	1.0	0.0	0.0
52	__protein3_rbs	3.0	0.0	0.0
52	__ribosome	54.6	0.0	0.0
52	__rnase_site_ext	12.0	0.0	0.0
52	p0	1.0	0.0	0.0
52	p1	0.8	0.0	0.0
52	p2	0.8	0.0	0.0
52	protein1	65.6	4.6	2.7
52	protein2	48.8	2.6	2.6833334
52	protein3	114.2	9.2	2.8585858
52	r1	1.4	0.0	0.0
52	rnapol	1.4	0.0	0.0
53	__protein1_rbs	1.6	0.0	0.0
53	__protein2_rbs	1.0	0.0	0.0
53	__protein3_rbs	5.0	0.0	0.0
53	__ribosome	55.8	0.0	0.0
53	__rnase_site_ext	12.0	0.0	0.0
53	p0	1.0	0.0	0.0
53	p1	1.0	0.0	0.0
53	p2	0.8	0.0	0.0
53	protein1	68.0	4.4	2.74
53	protein2	50.4	2.6	2.5666666
53	protein3	118.8	9.2	2.7868688
53	r1	1.4	0.0	0.0
53	rnapol	1.4	0.0	0.0
54	__protein1_rbs	2.0	0.0	0.0
54	__protein2_rbs	1.6	0.0	0.0
54	__protein3_rbs	5.2	0.0	0.0
54	__ribosome	57.6	0.0	0.0
54	__rnase_site_ext	12.6	0.0	0.0
54	p0	1.0	0.0	0.0
54	p1	0.6	0.0	0.0
54	p2	0.4	0.0	0.0
54	protein1	70.2	4.4	2.73
54	protein2	51.4	2.6	2.5666667999999997
54	protein3	124.6	9.4	2.4998554
54	r1	1.4	0.0	0.0
54	rnapol	1.2	0.0	0.0
55	__protein1_rbs	2.4	0.0	0.0
55	__protein2_rbs	1.2	0.0	0.0
55	__protein3_rbs	4.4	0.0	0.0
55	__ribosome	58.6	0.0	0.0
55	__rnase_site_ext	12.0	0.0	0.0
55	p0	1.0	0.0	0.0
55	p1	0.8	0.0	0.0
55	p2	0.6	0.0	0.0
55	protein1	72.8	4.4	2.415
55	protein2	53.2	3.2	2.3833333999999997
55	protein3	130.0	9.2	2.4929294
55	r1	1.4	0.0	0.0
55	rnapol	1.2	0.0	0.0
56	__protein1_rbs	1.6	0.0	0.0
56	__protein2_rbs	2.0	0.0	0.0
56	__protein3_rbs	4.0	0.0	0.0
56	__ribosome	56.0	0.0	0.0
56	__rnase_site_ext	12.6	0.0	0.0
56	p0	1.0	0.0	0.0
56	p1	1.0	0.0	0.0
56	p2	0.2	0.0	0.0
56	protein1	75.0	4.2	2.5828572
56	protein2	54.2	3.0	2.5666666
56	protein3	133.4	9.4	2.660029
56	r1	1.4	0.0	0.0
56	rnapol	0.8	0.0	0.0
57	__protein1_rbs	2.0	0.0	0.0
57	__protein2_rbs	1.0	0.0	0.0
57	__protein3_rbs	5.4	0.0	0.0
57	__ribosome	57.2	0.0	0.0
57	__rnase_site_ext	12.6	0.0	0.0
57	p0	1.0	0.0	0.0
57	p1	1.0	0.0	0.0
57	p2	0.4	0.0	0.0
57	protein1	77.0	4.2	2.5714286
57	protein2	55.6	2.8	2.8666666000000003
57	protein3	139.0	9.2	2.5896102
57	r1	1.2	0.0	0.0
57	rnapol	0.8	0.0	0.0
58	__protein1_rbs	2.4	0.0	0.0
58	__protein2_rbs	0.8	0.0	0.0
58	__protein3_rbs	4.6	0.0	0.0
58	__ribosome	56.0	0.0	0.0
58	__rnase_site_ext	12.4	0.0	0.0
58	p0	0.8	0.0	0.0
58	p1	1.0	0.0	0.0
58	p2	1.0	0.0	0.0
58	protein1	79.0	4.2	2.6414286
58	protein2	57.4	2.8	3.0
58	protein3	142.8	9.4	2.6128572
58	r1	1.4	0.0	0.0
58	rnapol	0.6	0.0	0.0
59	__protein1_rbs	1.0	0.0	0.0
59	__protein2_rbs	1.4	0.0	0.0
59	__protein3_rbs	4.6	0.0	0.0
59	__ribosome	54.6	0.0	0.0
59	__rnase_site_ext	12.8	0.0	0.0
59	p0	1.0	0.0	0.0
59	p1	0.8	0.0	0.0
59	p2	0.6	0.0	0.0
59	protein1	81.4	4.4	2.8628572
59	protein2	58.8	2.8	2.8666668
59	protein3	147.0	10.0	2.5571426
59	r1	1.2	0.0	0.0
59	rnapol	0.8	0.0	0.0
60	__protein1_rbs	2.4	0.0	0.0
60	__protein2_rbs	1.4	0.0	0.0
60	__protein3_rbs	4.2	0.0	0.0
60	__ribosome	53.0	0.0	0.0
60	__rnase_site_ext	12.2	0.0	0.0
60	p0	0.8	0.0	0.0
60	p1	0.8	0.0	0.0
60	p2	0.6	0.0	0.0
60	protein1	82.8	4.4	3.1928572
60	protein2	60.4	3.0	2.5666667999999997
60	protein3	152.0	10.4	2.5417522000000004
60	r1	1.0	0.0	0.0
60	rnapol	0.8	0.0	0.0
61	__protein1_rbs	1.4	0.0	0.0
61	__protein2_rbs	1.6	0.0	0.0
61	__protein3_rbs	6.0	0.0	0.0
61	__ribosome	54.6	0.0	0.0
61	__rnase_site_ext	13.2	0.0	0.0
61	p0	1.0	0.0	0.0
61	p1	1.0	0.0	0.0
61	p2	1.0	0.0	0.0
61	protein1	85.6	4.6	2.6871428
61	protein2	62.0	3.0	2.5166666
61	protein3	157.6	10.2	2.4322764
61	r1	1.0	0.0	0.0
61	rnapol	0.6	0.0	0.0
62	__protein1_rbs	2.2	0.0	0.0
62	__protein2_rbs	1.6	0.0	0.0
62	__protein3_rbs	4.0	0.0	0.0
62	__ribosome	55.4	0.0	0.0
62	__rnase_site_ext	13.6	0.0	0.0
62	p0	1.0	0.0	0.0
62	p1	1.0	0.0	0.0
62	p2	0.8	0.0	0.0
62	protein1	88.2	4.6	2.5914286
62	protein2	63.6	2.8	2.6666668
62	protein3	163.0	10.4	2.4167834000000004
62	r1	1.0	0.0	0.0
62	rnapol	0.4	0.0	0.0
63	__protein1_rbs	2.0	0.0	0.0
63	__protein2_rbs	1.2	0.0	0.0
63	__protein3_rbs	5.6	0.0	0.0
63	__ribosome	53.6	0.0	0.0
63	__rnase_site_ext	13.4	0.0	0.0
63	p0	1.0	0.0	0.0
63	p1	1.0	0.0	0.0
63	p2	1.0	0.0	0.0
63	protein1	90.4	4.8	2.6914286
63	protein2	64.8	2.6	3.25
63	protein3	166.8	11.0	2.3902486
63	r1	1.0	0.0	0.0
63	rnapol	1.4	0.0	0.0
64	__protein1_rbs	1.8	0.0	0.0
64	__protein2_rbs	1.6	0.0	0.0
64	__protein3_rbs	6.0	0.0	0.0
64	__ribosome	55.4	0.0	0.0
64	__rnase_site_ext	13.2	0.0	0.0
64	p0	0.6	0.0	0.0
64	p1	1.0	0.0	0.0
64	p2	1.0	0.0	0.0
64	protein1	93.6	4.6	2.7157142000000003
64	protein2	66.0	2.6	3.35
64	protein3	173.0	11.0	2.3101168000000003
64	r1	1.0	0.0	0.0
64	rnapol	1.2	0.0	0.0
65	__protein1_rbs	2.2	0.0	0.0
65	__protein2_rbs	0.8	0.0	0.0
65	__protein3_rbs	5.2	0.0	0.0
65	__ribosome	54.8	0.0	0.0
65	__rnase_site_ext	14.0	0.0	0.0
65	p0	1.0	0.0	0.0
65	p1	0.8	0.0	0.0
65	p2	0.4	0.0	0.0
65	protein1	95.8	4.6	2.7142858
65	protein2	67.2	2.4	3.4666666
65	protein3	177.6	11.2	2.3276924
65	r1	0.8	0.0	0.0
65	rnapol	1.2	0.0	0.0
66	__protein1_rbs	2.4	0.0	0.0
66	__protein2_rbs	1.0	0.0	0.0
66	__protein3_rbs	4.4	0.0	0.0
66	__ribosome	53.6	0.0	0.0
66	__rnase_site_ext	14.0	0.0	0.0
66	p0	0.8	0.0	0.0
66	p1	1.0	0.0	0.0
66	p2	1.0	0.0	0.0
66	protein1	98.6	4.8	2.4904762000000003
66	protein2	69.2	2.6	3.05
66	protein3	181.6	11.0	2.5654314
66	r1	0.8	0.0	0.0
66	rnapol	1.2	0.0	0.0
67	__protein1_rbs	2.0	0.0	0.0
67	__protein2_rbs	1.2	0.0	0.0
67	__protein3_rbs	6.2	0.0	0.0
67	__ribosome	54.6	0.0	0.0
67	__rnase_site_ext	14.2	0.0	0.0
67	p0	1.0	0.0	0.0
67	p1	1.0	0.0	0.0
67	p2	1.0	0.0	0.0
67	protein1	100.4	4.8	2.6847618
67	protein2	70.8	2.6	2.85
67	protein3	187.8	10.8	2.462735
67	r1	0.8	0.0	0.0
67	rnapol	1.2	0.0	0.0
68	__protein1_rbs	2.2	0.0	0.0
68	__protein2_rbs	0.0	0.0	0.0
68	__protein3_rbs	4.8	0.0	0.0
68	__ribosome	52.0	0.0	0.0
68	__rnase_site_ext	13.8	0.0	0.0
68	p0	0.8	0.0	0.0
68	p1	1.0	0.0	0.0
68	p2	0.8	0.0	0.0
68	protein1	102.4	4.8	2.744762
68	protein2	71.8	2.4	3.3166665999999996
68	protein3	192.6	11.4	2.4604327999999995
68	r1	0.8	0.0	0.0
68	rnapol	1.4	0.0	0.0
69	__protein1_rbs	1.8	0.0	0.0
69	__protein2_rbs	1.8	0.0	0.0
69	__protein3_rbs	5.0	0.0	0.0
69	__ribosome	52.0	0.0	0.0
69	__rnase_site_ext	13.6	0.0	0.0
69	p0	0.6	0.0	0.0
69	p1	1.0	0.0	0.0
69	p2	0.6	0.0	0.0
69	protein1	104.6	4.6	2.7309523999999996
69	protein2	73.0	2.4	2.85
69	protein3	197.8	11.4	2.5048920000000003
69	r1	0.6	0.0	0.0
69	rnapol	1.2	0.0	0.0
70	__protein1_rbs	1.6	0.0	0.0
70	__protein2_rbs	0.8	0.0	0.0
70	__protein3_rbs	6.0	0.0	0.0
70	__ribosome	51.4	0.0	0.0
70	__rnase_site_ext	13.8	0.0	0.0
70	p0	1.0	0.0	0.0
70	p1	0.8	0.0	0.0
70	p2	0.8	0.0	0.0
70	protein1	107.2	4.8	2.8130952
70	protein2	74.2	2.2	3.25
70	protein3	202.4	11.4	2.506147
70	r1	0.6	0.0	0.0
70	rnapol	1.4	0.0	0.0
71	__protein1_rbs	4.0	0.0	0.0
71	__protein2_rbs	1.6	0.0	0.0
71	__protein3_rbs	4.8	0.0	0.0
71	__ribosome	52.4	0.0	0.0
71	__rnase_site_ext	14.2	0.0	0.0
71	p0	1.0	0.0	0.0
71	p1	1.0	0.0	0.0
71	p2	0.8	0.0	0.0
71	protein1	109.6	5.0	2.4690474
71	protein2	76.2	2.4	2.3666666000000003
71	protein3	208.4	11.4	2.6175758
71	r1	0.6	0.0	0.0
71	rnapol	1.2	0.0	0.0
72	__protein1_rbs	2.8	0.0	0.0
72	__protein2_rbs	0.8	0.0	0.0
72	__protein3_rbs	6.0	0.0	0.0
72	__ribosome	51.2	0.0	0.0
72	__rnase_site_ext	14.4	0.0	0.0
72	p0	1.0	0.0	0.0
72	p1	1.0	0.0	0.0
72	p2	0.6	0.0	0.0
72	protein1	112.2	5.0	2.4642858
72	protein2	77.0	2.4	2.7833334
72	protein3	213.0	11.8	2.5927272
72	r1	0.6	0.0	0.0
72	rnapol	0.8	0.0	0.0
73	__protein1_rbs	2.4	0.0	0.0
73	__protein2_rbs	1.2	0.0	0.0
73	__protein3_rbs	5.0	0.0	0.0
73	__ribosome	51.8	0.0	0.0
73	__rnase_site_ext	14.4	0.0	0.0
73	p0	0.8	0.0	0.0
73	p1	1.0	0.0	0.0
73	p2	1.0	0.0	0.0
73	protein1	114.4	4.8	2.8650794
73	protein2	78.8	2.4	2.5166666
73	protein3	219.2	11.2	2.669091
73	r1	0.8	0.0	0.0
73	rnapol	1.0	0.0	0.0
74	__protein1_rbs	2.2	0.0	0.0
74	__protein2_rbs	1.0	0.0	0.0
74	__protein3_rbs	5.4	0.0	0.0
74	__ribosome	50.4	0.0	0.0
74	__rnase_site_ext	14.4	0.0	0.0
74	p0	1.0	0.0	0.0
74	p1	0.8	0.0	0.0
74	p2	0.8	0.0	0.0
74	protein1	116.8	4.6	3.4023808000000004
74	protein2	79.8	2.4	2.6666666
74	protein3	224.4	11.2	2.7520279999999997
74	r1	0.8	0.0	0.0
74	rnapol	0.8	0.0	0.0
75	__protein1_rbs	2.4	0.0	0.0
75	__protein2_rbs	1.0	0.0	0.0
75	__protein3_rbs	5.4	0.0	0.0
75	__ribosome	51.8	0.0	0.0
75	__rnase_site_ext	15.0	0.0	0.0
75	p0	0.8	0.0	0.0
75	p1	0.8	0.0	0.0
75	p2	0.8	0.0	0.0
75	protein1	119.6	5.0	3.1485714
75	protein2	81.0	2.2	3.1166666000000003
75	protein3	230.8	11.6	2.5808857999999995
75	r1	0.8	0.0	0.0
75	rnapol	0.4	0.0	0.0
76	__protein1_rbs	2.8	0.0	0.0
76	__protein2_rbs	1.2	0.0	0.0
76	__protein3_rbs	5.4	0.0	0.0
76	__ribosome	50.6	0.0	0.0
76	__rnase_site_ext	15.0	0.0	0.0
76	p0	1.0	0.0	0.0
76	p1	1.0	0.0	0.0
76	p2	0.8	0.0	0.0
76	protein1	121.2	5.2	2.6742858000000003
76	protein2	82.0	2.4	2.85
76	protein3	236.4	11.4	2.6641802
76	r1	1.0	0.0	0.0
76	rnapol	0.6	0.0	0.0
77	__protein1_rbs	3.0	0.0	0.0
77	__protein2_rbs	1.2	0.0	0.0
77	__protein3_rbs	4.8	0.0	0.0
77	__ribosome	52.4	0.0	0.0
77	__rnase_site_ext	14.6	0.0	0.0
77	p0	1.0	0.0	0.0
77	p1	0.8	0.0	0.0
77	p2	1.0	0.0	0.0
77	protein1	123.8	5.2	2.4609523999999996
77	protein2	83.6	2.2	2.7
77	protein3	243.2	11.4	2.6090598
77	r1	1.2	0.0	0.0
77	rnapol	1.2	0.0	0.0
78	__protein1_rbs	1.8	0.0	0.0
78	__protein2_rbs	1.0	0.0	0.0
78	__protein3_rbs	5.4	0.0	0.0
78	__ribosome	52.2	0.0	0.0
78	__rnase_site_ext	15.0	0.0	0.0
78	p0	0.8	0.0	0.0
78	p1	0.6	0.0	0.0
78	p2	0.8	0.0	0.0
78	protein1	126.6	5.2	2.3809524
78	protein2	84.6	2.2	2.75
78	protein3	249.6	11.6	2.5071793999999996
78	r1	1.2	0.0	0.0
78	rnapol	1.0	0.0	0.0
79	__protein1_rbs	2.6	0.0	0.0
79	__protein2_rbs	1.8	0.0	0.0
79	__protein3_rbs	5.0	0.0	0.0
79	__ribosome	51.2	0.0	0.0
79	__rnase_site_ext	15.0	0.0	0.0
79	p0	1.0	0.0	0.0
79	p1	1.0	0.0	0.0
79	p2	1.0	0.0	0.0
79	protein1	128.8	5.4	2.3328572000000003
79	protein2	85.6	2.6	2.3833333999999997
79	protein3	254.8	11.4	2.6023076
79	r1	1.2	0.0	0.0
79	rnapol	1.4	0.0	0.0
80	__protein1_rbs	2.4	0.0	0.0
80	__protein2_rbs	1.0	0.0	0.0
80	__protein3_rbs	5.0	0.0	0.0
80	__ribosome	50.2	0.0	0.0
80	__rnase_site_ext	15.0	0.0	0.0
80	p0	1.0	0.0	0.0
80	p1	1.0	0.0	0.0
80	p2	0.4	0.0	0.0
80	protein1	131.2	5.4	2.4414286
80	protein2	87.2	2.6	2.35
80	protein3	260.4	11.2	2.6958976000000003
80	r1	1.4	0.0	0.0
80	rnapol	1.4	0.0	0.0
81	__protein1_rbs	3.0	0.0	0.0
81	__protein2_rbs	1.0	0.0	0.0
81	__protein3_rbs	5.8	0.0	0.0
81	__ribosome	50.6	0.0	0.0
81	__rnase_site_ext	15.6	0.0	0.0
81	p0	0.8	0.0	0.0
81	p1	1.0	0.0	0.0
81	p2	0.6	0.0	0.0
81	protein1	133.4	5.2	2.6657142000000005
81	protein2	88.4	2.6	2.4166666
81	protein3	265.8	11.4	2.6051284
81	r1	1.4	0.0	0.0
81	rnapol	1.2	0.0	0.0
82	__protein1_rbs	3.0	0.0	0.0
82	__protein2_rbs	1.6	0.0	0.0
82	__protein3_rbs	4.6	0.0	0.0
82	__ribosome	51.4	0.0	0.0
82	__rnase_site_ext	15.4	0.0	0.0
82	p0	1.0	0.0	0.0
82	p1	0.8	0.0	0.0
82	p2	1.0	0.0	0.0
82	protein1	136.2	5.4	2.4405556
82	protein2	89.4	2.6	2.3833333999999997
82	protein3	272.8	11.2	2.5803498
82	r1	1.4	0.0	0.0
82	rnapol	1.6	0.0	0.0
83	__protein1_rbs	2.4	0.0	0.0
83	__protein2_rbs	1.2	0.0	0.0
83	__protein3_rbs	5.8	0.0	0.0
83	__ribosome	49.8	0.0	0.0
83	__rnase_site_ext	15.6	0.0	0.0
83	p0	1.0	0.0	0.0
83	p1	0.8	0.0	0.0
83	p2	0.4	0.0	0.0
83	protein1	139.0	5.4	2.6155556
83	protein2	90.0	2.8	2.5333332000000004
83	protein3	278.0	11.6	2.5352914
83	r1	1.4	0.0	0.0
83	rnapol	1.4	0.0	0.0
84	__protein1_rbs	2.6	0.0	0.0
84	__protein2_rbs	1.2	0.0	0.0
84	__protein3_rbs	5.4	0.0	0.0
84	__ribosome	50.2	0.0	0.0
84	__rnase_site_ext	15.6	0.0	0.0
84	p0	1.0	0.0	0.0
84	p1	0.8	0.0	0.0
84	p2	0.2	0.0	0.0
84	protein1	141.8	5.2	2.7166666
84	protein2	91.0	2.8	2.6666666
84	protein3	284.2	12.0	2.4231936000000003
84	r1	1.4	0.0	0.0
84	rnapol	1.2	0.0	0.0
85	__protein1_rbs	2.4	0.0	0.0
85	__protein2_rbs	1.6	0.0	0.0
85	__protein3_rbs	5.2	0.0	0.0
85	__ribosome	50.4	0.0	0.0
85	__rnase_site_ext	16.4	0.0	0.0
85	p0	1.0	0.0	0.0
85	p1	1.0	0.0	0.0
85	p2	0.8	0.0	0.0
85	protein1	145.4	5.2	2.7444444
85	protein2	92.8	3.0	2.4333334
85	protein3	289.8	12.0	2.5247088
85	r1	1.4	0.0	0.0
85	rnapol	1.2	0.0	0.0
86	__protein1_rbs	2.2	0.0	0.0
86	__protein2_rbs	1.4	0.0	0.0
86	__protein3_rbs	7.0	0.0	0.0
86	__ribosome	51.0	0.0	0.0
86	__rnase_site_ext	16.4	0.0	0.0
86	p0	1.0	0.0	0.0
86	p1	1.0	0.0	0.0
86	p2	1.0	0.0	0.0
86	protein1	147.8	5.2	2.7694444000000003
86	protein2	94.2	2.8	2.4133334
86	protein3	295.0	12.4	2.4083248
86	r1	1.4	0.0	0.0
86	rnapol	1.4	0.0	0.0
87	__protein1_rbs	2.8	0.0	0.0
87	__protein2_rbs	1.2	0.0	0.0
87	__protein3_rbs	5.6	0.0	0.0
87	__ribosome	48.6	0.0	0.0
87	__rnase_site_ext	16.4	0.0	0.0
87	p0	1.0	0.0	0.0
87	p1	1.0	0.0	0.0
87	p2	0.6	0.0	0.0
87	protein1	149.8	5.2	2.5611112
87	protein2	95.4	2.8	2.64
87	protein3	300.4	12.8	2.4666667999999996
87	r1	1.4	0.0	0.0
87	rnapol	1.4	0.0	0.0
88	__protein1_rbs	1.8	0.0	0.0
88	__protein2_rbs	2.0	0.0	0.0
88	__protein3_rbs	6.8	0.0	0.0
88	__ribosome	48.4	0.0	0.0
88	__rnase_site_ext	16.8	0.0	0.0
88	p0	0.6	0.0	0.0
88	p1	1.0	0.0	0.0
88	p2	0.4	0.0	0.0
88	protein1	152.2	5.2	2.9083334
88	protein2	96.8	2.8	2.4333334
88	protein3	306.8	13.0	2.4200002
88	r1	1.4	0.0	0.0
88	rnapol	0.8	0.0	0.0
89	__protein1_rbs	3.4	0.0	0.0
89	__protein2_rbs	0.8	0.0	0.0
89	__protein3_rbs	5.6	0.0	0.0
89	__ribosome	47.8	0.0	0.0
89	__rnase_site_ext	16.4	0.0	0.0
89	p0	1.0	0.0	0.0
89	p1	1.0	0.0	0.0
89	p2	0.8	0.0	0.0
89	protein1	154.8	5.4	2.53
89	protein2	98.6	2.8	2.7333334
89	protein3	312.6	13.0	2.481905
89	r1	1.4	0.0	0.0
89	rnapol	1.0	0.0	0.0
90	__protein1_rbs	2.4	0.0	0.0
90	__protein2_rbs	1.2	0.0	0.0
90	__protein3_rbs	5.4	0.0	0.0
90	__ribosome	46.8	0.0	0.0
90	__rnase_site_ext	16.8	0.0	0.0
90	p0	1.0	0.0	0.0
90	p1	1.0	0.0	0.0
90	p2	0.8	0.0	0.0
90	protein1	157.6	5.6	2.7377778
90	protein2	100.0	2.8	2.6733334
90	protein3	319.6	13.2	2.4878538000000003
90	r1	1.4	0.0	0.0
90	rnapol	1.0	0.0	0.0
91	__protein1_rbs	3.0	0.0	0.0
91	__protein2_rbs	1.0	0.0	0.0
91	__protein3_rbs	8.6	0.0	0.0
91	__ribosome	45.6	0.0	0.0
91	__rnase_site_ext	16.4	0.0	0.0
91	p0	0.8	0.0	0.0
91	p1	1.0	0.0	0.0
91	p2	1.0	0.0	0.0
91	protein1	160.0	5.6	2.4055556
91	protein2	101.4	2.8	2.8466666000000003
91	protein3	323.6	13.4	2.5371428000000003
91	r1	1.4	0.0	0.0
91	rnapol	1.4	0.0	0.0
92	__protein1_rbs	2.0	0.0	0.0
92	__protein2_rbs	1.8	0.0	0.0
92	__protein3_rbs	6.6	0.0	0.0
92	__ribosome	47.0	0.0	0.0
92	__rnase_site_ext	16.4	0.0	0.0
92	p0	0.8	0.0	0.0
92	p1	1.0	0.0	0.0
92	p2	1.0	0.0	0.0
92	protein1	162.6	5.6	2.54
92	protein2	102.8	2.8	2.5066666
92	protein3	331.2	12.6	2.5634188
92	r1	1.4	0.0	0.0
92	rnapol	1.6	0.0	0.0
93	__protein1_rbs	3.8	0.0	0.0
93	__protein2_rbs	0.8	0.0	0.0
93	__protein3_rbs	6.2	0.0	0.0
93	__ribosome	48.6	0.0	0.0
93	__rnase_site_ext	16.8	0.0	0.0
93	p0	0.8	0.0	0.0
93	p1	1.0	0.0	0.0
93	p2	0.6	0.0	0.0
93	protein1	165.4	5.6	2.21
93	protein2	104.0	2.8	2.78
93	protein3	337.4	12.8	2.4333332000000003
93	r1	1.4	0.0	0.0
93	rnapol	0.8	0.0	0.0
94	__protein1_rbs	2.8	0.0	0.0
94	__protein2_rbs	2.0	0.0	0.0
94	__protein3_rbs	5.2	0.0	0.0
94	__ribosome	48.8	0.0	0.0
94	__rnase_site_ext	17.6	0.0	0.0
94	p0	1.0	0.0	0.0
94	p1	1.0	0.0	0.0
94	p2	1.0	0.0	0.0
94	protein1	167.8	5.8	2.22
94	protein2	105.6	2.8	2.44
94	protein3	344.0	12.8	2.484188
94	r1	1.4	0.0	0.0
94	rnapol	0.8	0.0	0.0
95	__protein1_rbs	2.4	0.0	0.0
95	__protein2_rbs	1.6	0.0	0.0
95	__protein3_rbs	6.4	0.0	0.0
95	__ribosome	49.4	0.0	0.0
95	__rnase_site_ext	17.4	0.0	0.0
95	p0	0.8	0.0	0.0
95	p1	1.0	0.0	0.0
95	p2	1.0	0.0	0.0
95	protein1	170.4	5.8	2.26
95	protein2	107.0	2.8	2.34
95	protein3	351.8	13.0	2.3874846
95	r1	1.4	0.0	0.0
95	rnapol	1.0	0.0	0.0
96	__protein1_rbs	2.4	0.0	0.0
96	__protein2_rbs	1.6	0.0	0.0
96	__protein3_rbs	6.6	0.0	0.0
96	__ribosome	48.2	0.0	0.0
96	__rnase_site_ext	17.6	0.0	0.0
96	p0	0.8	0.0	0.0
96	p1	1.0	0.0	0.0
96	p2	1.0	0.0	0.0
96	protein1	173.4	5.8	2.38
96	protein2	108.4	2.8	2.3266666000000003
96	protein3	356.8	13.4	2.4234342
96	r1	1.6	0.0	0.0
96	rnapol	1.4	0.0	0.0
97	__protein1_rbs	2.2	0.0	0.0
97	__protein2_rbs	1.2	0.0	0.0
97	__protein3_rbs	4.8	0.0	0.0
97	__ribosome	45.0	0.0	0.0
97	__rnase_site_ext	17.4	0.0	0.0
97	p0	0.8	0.0	0.0
97	p1	0.8	0.0	0.0
97	p2	0.8	0.0	0.0
97	protein1	176.0	5.8	2.4333334
97	protein2	109.6	2.8	2.3733334
97	protein3	362.8	13.4	2.5806318
97	r1	1.6	0.0	0.0
97	rnapol	1.2	0.0	0.0
98	__protein1_rbs	2.2	0.0	0.0
98	__protein2_rbs	0.8	0.0	0.0
98	__protein3_rbs	6.6	0.0	0.0
98	__ribosome	44.2	0.0	0.0
98	__rnase_site_ext	17.2	0.0	0.0
98	p0	0.8	0.0	0.0
98	p1	0.8	0.0	0.0
98	p2	0.6	0.0	0.0
98	protein1	178.0	5.8	2.5371428000000003
98	protein2	111.4	2.8	2.3
98	protein3	368.6	13.4	2.5817034
98	r1	1.6	0.0	0.0
98	rnapol	1.0	0.0	0.0
99	__protein1_rbs	3.0	0.0	0.0
99	__protein2_rbs	1.8	0.0	0.0
99	__protein3_rbs	6.6	0.0	0.0
99	__ribosome	44.6	0.0	0.0
99	__rnase_site_ext	18.0	0.0	0.0
99	p0	0.8	0.0	0.0
99	p1	0.8	0.0	0.0
99	p2	1.0	0.0	0.0
99	protein1	181.4	5.8	2.433016
99	protein2	112.2	3.0	2.24
99	protein3	375.0	13.4	2.589176
99	r1	2.0	0.0	0.0
99	rnapol	0.6	0.0	0.0
100	__protein1_rbs	4.4	0.0	0.0
100	__protein2_rbs	1.8	0.0	0.0
100	__protein3_rbs	7.8	0.0	0.0
100	__ribosome	45.0	0.0	0.0
100	__rnase_site_ext	18.4	0.0	0.0
100	p0	1.0	0.0	0.0
100	p1	0.8	0.0	0.0
100	p2	1.0	0.0	0.0
100	protein1	184.0	6.4	2.1614286
100	protein2	113.2	3.2	2.2233334
100	protein3	381.2	13.6	2.5357144
100	r1	2.2	0.0	0.0
100	rnapol	0.8	0.0	0.0
101	__protein1_rbs	4.2	0.0	0.0
101	__protein2_rbs	1.4	0.0	0.0
101	__protein3_rbs	8.0	0.0	0.0
101	__ribosome	46.2	0.0	0.0
101	__rnase_site_ext	18.2	0.0	0.0
101	p0	1.0	0.0	0.0
101	p1	0.4	0.0	0.0
101	p2	1.0	0.0	0.0
101	protein1	187.0	6.4	2.1919048
101	protein2	114.8	3.4	2.2
101	protein3	388.4	13.4	2.5032966
101	r1	2.2	0.0	0.0
101	rnapol	1.0	0.0	0.0
102	__protein1_rbs	3.0	0.0	0.0
102	__protein2_rbs	2.0	0.0	0.0
102	__protein3_rbs	6.8	0.0	0.0
102	__ribosome	45.0	0.0	0.0
102	__rnase_site_ext	17.6	0.0	0.0
102	p0	0.8	0.0	0.0
102	p1	0.8	0.0	0.0
102	p2	0.8	0.0	0.0
102	protein1	190.2	6.4	2.1933333999999998
102	protein2	115.4	3.8	2.2066666
102	protein3	395.0	13.2	2.5121676
102	r1	2.2	0.0	0.0
102	rnapol	1.0	0.0	0.0
103	__protein1_rbs	3.2	0.0	0.0
103	__protein2_rbs	3.0	0.0	0.0
103	__protein3_rbs	5.6	0.0	0.0
103	__ribosome	45.8	0.0	0.0
103	__rnase_site_ext	18.6	0.0	0.0
103	p0	0.8	0.0	0.0
103	p1	1.0	0.0	0.0
103	p2	0.4	0.0	0.0
103	protein1	193.0	6.4	2.2495238
103	protein2	117.2	4.0	1.9466668000000005
103	protein3	402.6	13.2	2.4733096000000003
103	r1	2.4	0.0	0.0
103	rnapol	0.4	0.0	0.0
104	__protein1_rbs	3.2	0.0	0.0
104	__protein2_rbs	2.2	0.0	0.0
104	__protein3_rbs	6.6	0.0	0.0
104	__ribosome	45.6	0.0	0.0
104	__rnase_site_ext	18.6	0.0	0.0
104	p0	0.8	0.0	0.0
104	p1	0.8	0.0	0.0
104	p2	0.8	0.0	0.0
104	protein1	196.0	6.4	2.2333334
104	protein2	118.8	4.0	2.1100000000000003
104	protein3	409.0	13.2	2.4014048
104	r1	2.4	0.0	0.0
104	rnapol	0.8	0.0	0.0
105	__protein1_rbs	3.2	0.0	0.0
105	__protein2_rbs	2.2	0.0	0.0
105	__protein3_rbs	6.6	0.0	0.0
105	__ribosome	44.8	0.0	0.0
105	__rnase_site_ext	18.6	0.0	0.0
105	p0	0.8	0.0	0.0
105	p1	0.8	0.0	0.0
105	p2	0.8	0.0	0.0
105	protein1	198.8	6.6	2.3283334
105	protein2	120.0	4.0	2.2166666
105	protein3	415.0	13.0	2.4171494000000004
105	r1	2.2	0.0	0.0
105	rnapol	1.0	0.0	0.0
106	__protein1_rbs	3.2	0.0	0.0
106	__protein2_rbs	2.6	0.0	0.0
106	__protein3_rbs	7.2	0.0	0.0
106	__ribosome	44.0	0.0	0.0
106	__rnase_site_ext	19.0	0.0	0.0
106	p0	1.0	0.0	0.0
106	p1	1.0	0.0	0.0
106	p2	0.6	0.0	0.0
106	protein1	201.0	6.8	2.365
106	protein2	121.8	4.2	2.0714286
106	protein3	421.0	13.6	2.3175324
106	r1	2.4	0.0	0.0
106	rnapol	1.2	0.0	0.0
107	__protein1_rbs	3.8	0.0	0.0
107	__protein2_rbs	1.6	0.0	0.0
107	__protein3_rbs	8.2	0.0	0.0
107	__ribosome	43.2	0.0	0.0
107	__rnase_site_ext	18.4	0.0	0.0
107	p0	1.0	0.0	0.0
107	p1	0.8	0.0	0.0
107	p2	0.2	0.0	0.0
107	protein1	204.8	6.8	2.3171428
107	protein2	123.8	4.0	2.1866666
107	protein3	426.6	13.6	2.3849883999999997
107	r1	2.4	0.0	0.0
107	rnapol	1.0	0.0	0.0
108	__protein1_rbs	3.6	0.0	0.0
108	__protein2_rbs	2.4	0.0	0.0
108	__protein3_rbs	6.4	0.0	0.0
108	__ribosome	41.8	0.0	0.0
108	__rnase_site_ext	18.0	0.0	0.0
108	p0	1.0	0.0	0.0
108	p1	0.8	0.0	0.0
108	p2	0.8	0.0	0.0
108	protein1	207.6	6.8	2.3657142
108	protein2	125.4	4.0	2.2266666
108	protein3	433.8	13.8	2.4316737999999996
108	r1	2.4	0.0	0.0
108	rnapol	1.0	0.0	0.0
109	__protein1_rbs	3.8	0.0	0.0
109	__protein2_rbs	2.0	0.0	0.0
109	__protein3_rbs	7.0	0.0	0.0
109	__ribosome	44.0	0.0	0.0
109	__rnase_site_ext	18.6	0.0	0.0
109	p0	0.8	0.0	0.0
109	p1	1.0	0.0	0.0
109	p2	1.0	0.0	0.0
109	protein1	211.2	6.8	2.2885714
109	protein2	127.4	4.0	2.1833332000000003
109	protein3	440.0	13.6	2.3720056
109	r1	2.4	0.0	0.0
109	rnapol	1.0	0.0	0.0
110	__protein1_rbs	4.2	0.0	0.0
110	__protein2_rbs	1.8	0.0	0.0
110	__protein3_rbs	9.2	0.0	0.0
110	__ribosome	42.4	0.0	0.0
110	__rnase_site_ext	18.6	0.0	0.0
110	p0	0.8	0.0	0.0
110	p1	1.0	0.0	0.0
110	p2	0.8	0.0	0.0
110	protein1	213.6	7.0	2.2578572
110	protein2	128.2	4.0	2.5833332
110	protein3	445.6	14.4	2.2111110000000003
110	r1	2.4	0.0	0.0
110	rnapol	0.8	0.0	0.0
111	__protein1_rbs	3.4	0.0	0.0
111	__protein2_rbs	0.8	0.0	0.0
111	__protein3_rbs	7.8	0.0	0.0
111	__ribosome	44.2	0.0	0.0
111	__rnase_site_ext	18.6	0.0	0.0
111	p0	1.0	0.0	0.0
111	p1	0.8	0.0	0.0
111	p2	0.4	0.0	0.0
111	protein1	218.6	7.0	2.0485714
111	protein2	130.2	3.6	3.0833334
111	protein3	452.2	14.2	2.18
111	r1	2.4	0.0	0.0
111	rnapol	1.0	0.0	0.0
112	__protein1_rbs	4.4	0.0	0.0
112	__protein2_rbs	2.8	0.0	0.0
112	__protein3_rbs	7.4	0.0	0.0
112	__ribosome	44.4	0.0	0.0
112	__rnase_site_ext	18.4	0.0	0.0
112	p0	1.0	0.0	0.0
112	p1	1.0	0.0	0.0
112	p2	0.8	0.0	0.0
112	protein1	220.2	7.0	2.1590476
112	protein2	132.4	3.8	2.4452382000000004
112	protein3	458.8	14.4	2.1704364
112	r1	2.6	0.0	0.0
112	rnapol	1.0	0.0	0.0
113	__protein1_rbs	3.0	0.0	0.0
113	__protein2_rbs	2.0	0.0	0.0
113	__protein3_rbs	7.2	0.0	0.0
113	__ribosome	44.6	0.0	0.0
113	__rnase_site_ext	18.4	0.0	0.0
113	p0	1.0	0.0	0.0
113	p1	0.8	0.0	0.0
113	p2	0.6	0.0	0.0
113	protein1	224.4	7.0	2.1819048000000003
113	protein2	134.2	3.8	2.6380952
113	protein3	466.2	14.6	2.1242064
113	r1	2.6	0.0	0.0
113	rnapol	0.6	0.0	0.0
114	__protein1_rbs	3.4	0.0	0.0
114	__protein2_rbs	2.4	0.0	0.0
114	__protein3_rbs	7.2	0.0	0.0
114	__ribosome	41.8	0.0	0.0
114	__rnase_site_ext	18.6	0.0	0.0
114	p0	1.0	0.0	0.0
114	p1	0.8	0.0	0.0
114	p2	0.8	0.0	0.0
114	protein1	226.4	7.2	2.397143
114	protein2	136.2	3.8	2.4547618
114	protein3	471.4	14.8	2.1996336000000003
114	r1	2.6	0.0	0.0
114	rnapol	0.8	0.0	0.0
115	__protein1_rbs	3.0	0.0	0.0
115	__protein2_rbs	2.2	0.0	0.0
115	__protein3_rbs	7.8	0.0	0.0
115	__ribosome	41.2	0.0	0.0
115	__rnase_site_ext	19.4	0.0	0.0
115	p0	0.8	0.0	0.0
115	p1	1.0	0.0	0.0
115	p2	0.6	0.0	0.0
115	protein1	229.4	7.0	2.5801732000000004
115	protein2	138.6	3.8	2.2666668000000003
115	protein3	477.8	14.6	2.2631624
115	r1	2.6	0.0	0.0
115	rnapol	0.6	0.0	0.0
116	__protein1_rbs	4.6	0.0	0.0
116	__protein2_rbs	2.4	0.0	0.0
116	__protein3_rbs	7.2	0.0	0.0
116	__ribosome	39.2	0.0	0.0
116	__rnase_site_ext	19.2	0.0	0.0
116	p0	1.0	0.0	0.0
116	p1	1.0	0.0	0.0
116	p2	0.8	0.0	0.0
116	protein1	232.6	7.2	2.4131818
116	protein2	140.0	3.8	2.2571428
116	protein3	483.2	15.0	2.3482904
116	r1	2.6	0.0	0.0
116	rnapol	0.8	0.0	0.0
117	__protein1_rbs	4.0	0.0	0.0
117	__protein2_rbs	2.8	0.0	0.0
117	__protein3_rbs	8.2	0.0	0.0
117	__ribosome	41.0	0.0	0.0
117	__rnase_site_ext	19.4	0.0	0.0
117	p0	0.6	0.0	0.0
117	p1	1.0	0.0	0.0
117	p2	1.0	0.0	0.0
117	protein1	235.4	7.2	2.4662122
117	protein2	141.8	3.8	2.0
117	protein3	491.2	15.6	2.1589357999999996
117	r1	2.8	0.0	0.0
117	rnapol	0.4	0.0	0.0
118	__protein1_rbs	3.0	0.0	0.0
118	__protein2_rbs	1.4	0.0	0.0
118	__protein3_rbs	8.0	0.0	0.0
118	__ribosome	38.2	0.0	0.0
118	__rnase_site_ext	19.8	0.0	0.0
118	p0	0.6	0.0	0.0
118	p1	0.8	0.0	0.0
118	p2	0.8	0.0	0.0
118	protein1	239.6	7.0	2.4633334
118	protein2	143.6	3.8	2.2380952
118	protein3	496.6	15.8	2.2954887999999998
118	r1	2.8	0.0	0.0
118	rnapol	0.6	0.0	0.0
119	__protein1_rbs	4.0	0.0	0.0
119	__protein2_rbs	2.6	0.0	0.0
119	__protein3_rbs	6.8	0.0	0.0
119	__ribosome	40.0	0.0	0.0
119	__rnase_site_ext	20.4	0.0	0.0
119	p0	1.0	0.0	0.0
119	p1	0.8	0.0	0.0
119	p2	0.4	0.0	0.0
119	protein1	243.4	7.2	2.2133334
119	protein2	145.8	3.8	1.9142856
119	protein3	504.4	15.6	2.354027
119	r1	2.8	0.0	0.0
119	rnapol	0.6	0.0	0.0
120	__protein1_rbs	4.2	0.0	0.0
120	__protein2_rbs	1.2	0.0	0.0
120	__protein3_rbs	9.4	0.0	0.0
120	__ribosome	38.4	0.0	0.0
120	__rnase_site_ext	20.4	0.0	0.0
120	p0	1.0	0.0	0.0
120	p1	1.0	0.0	0.0
120	p2	1.0	0.0	0.0
120	protein1	246.4	7.6	2.0834414
120	protein2	147.2	4.0	2.3
120	protein3	510.6	15.6	2.3674668
120	r1	2.8	0.0	0.0
120	rnapol	1.0	0.0	0.0
121	__protein1_rbs	3.0	0.0	0.0
121	__protein2_rbs	2.4	0.0	0.0
121	__protein3_rbs	9.6	0.0	0.0
121	__ribosome	38.4	0.0	0.0
121	__rnase_site_ext	19.6	0.0	0.0
121	p0	1.0	0.0	0.0
121	p1	1.0	0.0	0.0
121	p2	1.0	0.0	0.0
121	protein1	249.8	7.6	2.2459956
121	protein2	149.0	4.0	2.15
121	protein3	518.6	16.0	2.2389948000000004
121	r1	2.8	0.0	0.0
121	rnapol	1.8	0.0	0.0
122	__protein1_rbs	4.4	0.0	0.0
122	__protein2_rbs	2.2	0.0	0.0
122	__protein3_rbs	8.6	0.0	0.0
122	__ribosome	37.0	0.0	0.0
122	__rnase_site_ext	20.0	0.0	0.0
122	p0	0.8	0.0	0.0
122	p1	1.0	0.0	0.0
122	p2	0.8	0.0	0.0
122	protein1	252.8	7.2	2.335
122	protein2	149.6	4.0	2.575
122	protein3	525.4	16.4	2.2102714
122	r1	2.8	0.0	0.0
122	rnapol	1.8	0.0	0.0
123	__protein1_rbs	4.0	0.0	0.0
123	__protein2_rbs	2.0	0.0	0.0
123	__protein3_rbs	8.2	0.0	0.0
123	__ribosome	38.0	0.0	0.0
123	__rnase_site_ext	20.0	0.0	0.0
123	p0	1.0	0.0	0.0
123	p1	1.0	0.0	0.0
123	p2	0.8	0.0	0.0
123	protein1	256.6	7.4	2.1728572
123	protein2	151.6	4.0	2.5083333999999997
123	protein3	532.8	16.4	2.2275112
123	r1	2.8	0.0	0.0
123	rnapol	1.6	0.0	0.0
124	__protein1_rbs	2.8	0.0	0.0
124	__protein2_rbs	3.0	0.0	0.0
124	__protein3_rbs	7.8	0.0	0.0
124	__ribosome	38.4	0.0	0.0
124	__rnase_site_ext	20.2	0.0	0.0
124	p0	0.8	0.0	0.0
124	p1	1.0	0.0	0.0
124	p2	0.6	0.0	0.0
124	protein1	260.2	7.2	2.367619
124	protein2	153.4	4.0	2.2416664
124	protein3	541.6	15.8	2.3141732000000004
124	r1	3.0	0.0	0.0
124	rnapol	1.6	0.0	0.0
125	__protein1_rbs	4.6	0.0	0.0
125	__protein2_rbs	1.8	0.0	0.0
125	__protein3_rbs	8.4	0.0	0.0
125	__ribosome	37.0	0.0	0.0
125	__rnase_site_ext	20.4	0.0	0.0
125	p0	1.0	0.0	0.0
125	p1	1.0	0.0	0.0
125	p2	0.6	0.0	0.0
125	protein1	263.2	7.4	2.2571428
125	protein2	155.2	3.8	2.675
125	protein3	547.0	15.4	2.4862902
125	r1	3.0	0.0	0.0
125	rnapol	1.6	0.0	0.0
126	__protein1_rbs	4.4	0.0	0.0
126	__protein2_rbs	2.0	0.0	0.0
126	__protein3_rbs	9.4	0.0	0.0
126	__ribosome	37.8	0.0	0.0
126	__rnase_site_ext	19.8	0.0	0.0
126	p0	1.0	0.0	0.0
126	p1	0.8	0.0	0.0
126	p2	0.6	0.0	0.0
126	protein1	266.4	7.4	2.2407142
126	protein2	157.2	3.6	2.725
126	protein3	554.0	15.8	2.3882956
126	r1	3.0	0.0	0.0
126	rnapol	1.8	0.0	0.0
127	__protein1_rbs	3.6	0.0	0.0
127	__protein2_rbs	1.4	0.0	0.0
127	__protein3_rbs	7.8	0.0	0.0
127	__ribosome	38.4	0.0	0.0
127	__rnase_site_ext	19.8	0.0	0.0
127	p0	1.0	0.0	0.0
127	p1	1.0	0.0	0.0
127	p2	1.0	0.0	0.0
127	protein1	270.6	7.4	2.1757142000000003
127	protein2	159.2	3.8	2.5333332000000004
127	protein3	561.4	16.0	2.3615008000000004
127	r1	3.0	0.0	0.0
127	rnapol	2.0	0.0	0.0
128	__protein1_rbs	4.2	0.0	0.0
128	__protein2_rbs	2.6	0.0	0.0
128	__protein3_rbs	10.2	0.0	0.0
128	__ribosome	39.6	0.0	0.0
128	__rnase_site_ext	20.4	0.0	0.0
128	p0	0.8	0.0	0.0
128	p1	0.8	0.0	0.0
128	p2	0.6	0.0	0.0
128	protein1	272.6	7.4	2.2690476000000004
128	protein2	160.8	3.8	2.3583334
128	protein3	570.0	16.4	2.1950979999999998
128	r1	3.0	0.0	0.0
128	rnapol	1.2	0.0	0.0
129	__protein1_rbs	5.2	0.0	0.0
129	__protein2_rbs	1.4	0.0	0.0
129	__protein3_rbs	9.0	0.0	0.0
129	__ribosome	39.2	0.0	0.0
129	__rnase_site_ext	20.8	0.0	0.0
129	p0	0.8	0.0	0.0
129	p1	1.0	0.0	0.0
129	p2	0.8	0.0	0.0
129	protein1	277.0	7.6	1.946104
129	protein2	161.8	4.0	2.725
129	protein3	577.4	16.0	2.2876190000000003
129	r1	3.2	0.0	0.0
129	rnapol	0.8	0.0	0.0
130	__protein1_rbs	4.6	0.0	0.0
130	__protein2_rbs	1.6	0.0	0.0
130	__protein3_rbs	8.0	0.0	0.0
130	__ribosome	39.6	0.0	0.0
130	__rnase_site_ext	20.6	0.0	0.0
130	p0	1.0	0.0	0.0
130	p1	0.8	0.0	0.0
130	p2	0.8	0.0	0.0
130	protein1	280.8	7.6	1.863961
130	protein2	164.2	4.0	2.45
130	protein3	585.0	15.6	2.3971428
130	r1	3.2	0.0	0.0
130	rnapol	0.8	0.0	0.0
131	__protein1_rbs	3.6	0.0	0.0
131	__protein2_rbs	2.8	0.0	0.0
131	__protein3_rbs	9.0	0.0	0.0
131	__ribosome	37.2	0.0	0.0
131	__rnase_site_ext	20.4	0.0	0.0
131	p0	1.0	0.0	0.0
131	p1	1.0	0.0	0.0
131	p2	0.8	0.0	0.0
131	protein1	283.2	7.6	2.0619048
131	protein2	165.4	4.2	2.4833334
131	protein3	592.2	16.2	2.3316668
131	r1	3.4	0.0	0.0
131	rnapol	1.2	0.0	0.0
132	__protein1_rbs	4.6	0.0	0.0
132	__protein2_rbs	2.8	0.0	0.0
132	__protein3_rbs	8.6	0.0	0.0
132	__ribosome	40.0	0.0	0.0
132	__rnase_site_ext	20.0	0.0	0.0
132	p0	1.0	0.0	0.0
132	p1	0.8	0.0	0.0
132	p2	0.6	0.0	0.0
132	protein1	285.8	7.4	2.0818182000000003
132	protein2	167.8	4.0	2.175
132	protein3	600.4	16.2	2.2492857999999996
132	r1	3.4	0.0	0.0
132	rnapol	1.2	0.0	0.0
133	__protein1_rbs	3.2	0.0	0.0
133	__protein2_rbs	2.8	0.0	0.0
133	__protein3_rbs	8.8	0.0	0.0
133	__ribosome	39.0	0.0	0.0
133	__rnase_site_ext	19.6	0.0	0.0
133	p0	1.0	0.0	0.0
133	p1	0.8	0.0	0.0
133	p2	0.6	0.0	0.0
133	protein1	289.2	7.4	2.1134197999999995
133	protein2	169.4	4.0	2.075
133	protein3	606.6	16.2	2.3008334
133	r1	3.4	0.0	0.0
133	rnapol	1.6	0.0	0.0
134	__protein1_rbs	4.4	0.0	0.0
134	__protein2_rbs	2.6	0.0	0.0
134	__protein3_rbs	9.8	0.0	0.0
134	__ribosome	41.0	0.0	0.0
134	__rnase_site_ext	19.6	0.0	0.0
134	p0	0.8	0.0	0.0
134	p1	1.0	0.0	0.0
134	p2	0.8	0.0	0.0
134	protein1	291.6	7.0	2.2990476
134	protein2	172.2	4.2	1.75
134	protein3	614.2	16.0	2.2798808
134	r1	3.2	0.0	0.0
134	rnapol	1.6	0.0	0.0
135	__protein1_rbs	4.2	0.0	0.0
135	__protein2_rbs	1.6	0.0	0.0
135	__protein3_rbs	7.4	0.0	0.0
135	__ribosome	39.0	0.0	0.0
135	__rnase_site_ext	20.0	0.0	0.0
135	p0	0.8	0.0	0.0
135	p1	0.6	0.0	0.0
135	p2	1.0	0.0	0.0
135	protein1	295.0	7.0	2.3275324
135	protein2	173.8	4.2	2.0666666
135	protein3	622.4	16.0	2.3173807999999996
135	r1	3.2	0.0	0.0
135	rnapol	1.6	0.0	0.0
136	__protein1_rbs	3.2	0.0	0.0
136	__protein2_rbs	2.8	0.0	0.0
136	__protein3_rbs	8.8	0.0	0.0
136	__ribosome	39.8	0.0	0.0
136	__rnase_site_ext	19.8	0.0	0.0
136	p0	1.0	0.0	0.0
136	p1	1.0	0.0	0.0
136	p2	0.6	0.0	0.0
136	protein1	298.6	7.2	2.2922944000000003
136	protein2	175.4	4.6	1.9466668
136	protein3	629.6	16.2	2.2158334
136	r1	3.2	0.0	0.0
136	rnapol	1.6	0.0	0.0
137	__protein1_rbs	3.6	0.0	0.0
137	__protein2_rbs	2.4	0.0	0.0
137	__protein3_rbs	10.6	0.0	0.0
137	__ribosome	40.6	0.0	0.0
137	__rnase_site_ext	19.6	0.0	0.0
137	p0	0.8	0.0	0.0
137	p1	1.0	0.0	0.0
137	p2	0.6	0.0	0.0
137	protein1	300.8	7.0	2.5096104
137	protein2	177.0	4.6	2.0866668
137	protein3	637.8	16.2	2.0652638
137	r1	3.2	0.0	0.0
137	rnapol	1.4	0.0	0.0
138	__protein1_rbs	4.2	0.0	0.0
138	__protein2_rbs	2.6	0.0	0.0
138	__protein3_rbs	7.8	0.0	0.0
138	__ribosome	40.0	0.0	0.0
138	__rnase_site_ext	20.2	0.0	0.0
138	p0	0.6	0.0	0.0
138	p1	1.0	0.0	0.0
138	p2	0.8	0.0	0.0
138	protein1	305.6	7.0	2.2067532
138	protein2	178.2	4.4	2.4066666000000003
138	protein3	644.2	16.2	2.1720377999999996
138	r1	3.2	0.0	0.0
138	rnapol	1.0	0.0	0.0
139	__protein1_rbs	4.2	0.0	0.0
139	__protein2_rbs	2.0	0.0	0.0
139	__protein3_rbs	9.0	0.0	0.0
139	__ribosome	38.2	0.0	0.0
139	__rnase_site_ext	20.8	0.0	0.0
139	p0	1.0	0.0	0.0
139	p1	1.0	0.0	0.0
139	p2	0.6	0.0	0.0
139	protein1	308.0	7.4	2.2491558
139	protein2	180.2	4.4	2.5533334
139	protein3	651.6	16.4	2.1379904
139	r1	3.2	0.0	0.0
139	rnapol	1.0	0.0	0.0
140	__protein1_rbs	3.4	0.0	0.0
140	__protein2_rbs	3.4	0.0	0.0
140	__protein3_rbs	9.4	0.0	0.0
140	__ribosome	40.4	0.0	0.0
140	__rnase_site_ext	21.2	0.0	0.0
140	p0	0.8	0.0	0.0
140	p1	1.0	0.0	0.0
140	p2	0.6	0.0	0.0
140	protein1	311.8	8.0	2.036508
140	protein2	182.8	4.4	1.9666666000000002
140	protein3	659.4	16.0	2.1860714000000003
140	r1	3.2	0.0	0.0
140	rnapol	0.8	0.0	0.0
141	__protein1_rbs	5.6	0.0	0.0
141	__protein2_rbs	2.0	0.0	0.0
141	__protein3_rbs	7.4	0.0	0.0
141	__ribosome	38.6	0.0	0.0
141	__rnase_site_ext	21.6	0.0	0.0
141	p0	0.8	0.0	0.0
141	p1	0.8	0.0	0.0
141	p2	0.8	0.0	0.0
141	protein1	314.6	8.2	2.0190476000000004
141	protein2	184.4	4.4	2.2
141	protein3	666.8	16.0	2.2080954000000004
141	r1	3.2	0.0	0.0
141	rnapol	0.6	0.0	0.0
142	__protein1_rbs	5.0	0.0	0.0
142	__protein2_rbs	2.8	0.0	0.0
142	__protein3_rbs	10.6	0.0	0.0
142	__ribosome	39.6	0.0	0.0
142	__rnase_site_ext	21.0	0.0	0.0
142	p0	1.0	0.0	0.0
142	p1	1.0	0.0	0.0
142	p2	1.0	0.0	0.0
142	protein1	318.4	8.4	1.9117216000000001
142	protein2	186.6	4.6	1.9533334
142	protein3	672.2	16.2	2.2076189999999998
142	r1	3.4	0.0	0.0
142	rnapol	0.8	0.0	0.0
143	__protein1_rbs	4.8	0.0	0.0
143	__protein2_rbs	2.4	0.0	0.0
143	__protein3_rbs	8.4	0.0	0.0
143	__ribosome	37.2	0.0	0.0
143	__rnase_site_ext	21.6	0.0	0.0
143	p0	0.8	0.0	0.0
143	p1	0.8	0.0	0.0
143	p2	0.8	0.0	0.0
143	protein1	321.0	8.4	2.0710622
143	protein2	188.6	4.6	1.9466666000000001
143	protein3	679.4	16.4	2.2568424
143	r1	3.2	0.0	0.0
143	rnapol	0.6	0.0	0.0
144	__protein1_rbs	3.6	0.0	0.0
144	__protein2_rbs	3.2	0.0	0.0
144	__protein3_rbs	9.4	0.0	0.0
144	__ribosome	37.0	0.0	0.0
144	__rnase_site_ext	21.4	0.0	0.0
144	p0	0.8	0.0	0.0
144	p1	1.0	0.0	0.0
144	p2	1.0	0.0	0.0
144	protein1	325.2	8.4	2.1296704
144	protein2	190.0	4.8	1.9733332
144	protein3	686.8	16.6	2.195065
144	r1	3.6	0.0	0.0
144	rnapol	0.8	0.0	0.0
145	__protein1_rbs	5.0	0.0	0.0
145	__protein2_rbs	3.0	0.0	0.0
145	__protein3_rbs	9.2	0.0	0.0
145	__ribosome	38.2	0.0	0.0
145	__rnase_site_ext	21.2	0.0	0.0
145	p0	1.0	0.0	0.0
145	p1	0.8	0.0	0.0
145	p2	1.0	0.0	0.0
145	protein1	329.2	8.2	2.1285714
145	protein2	192.0	4.8	1.9333332
145	protein3	694.4	16.6	2.158153
145	r1	4.0	0.0	0.0
145	rnapol	0.8	0.0	0.0
146	__protein1_rbs	4.4	0.0	0.0
146	__protein2_rbs	2.4	0.0	0.0
146	__protein3_rbs	9.0	0.0	0.0
146	__ribosome	36.4	0.0	0.0
146	__rnase_site_ext	21.0	0.0	0.0
146	p0	1.0	0.0	0.0
146	p1	0.4	0.0	0.0
146	p2	0.4	0.0	0.0
146	protein1	331.4	8.2	2.3310606
146	protein2	194.0	4.8	2.0400002
146	protein3	702.2	16.6	2.1350902
146	r1	4.2	0.0	0.0
146	rnapol	0.6	0.0	0.0
147	__protein1_rbs	5.2	0.0	0.0
147	__protein2_rbs	2.8	0.0	0.0
147	__protein3_rbs	9.4	0.0	0.0
147	__ribosome	34.0	0.0	0.0
147	__rnase_site_ext	21.2	0.0	0.0
147	p0	1.0	0.0	0.0
147	p1	0.6	0.0	0.0
147	p2	0.8	0.0	0.0
147	protein1	335.0	8.0	2.275909
147	protein2	195.2	5.4	1.99
147	protein3	708.0	16.4	2.2780666000000003
147	r1	4.2	0.0	0.0
147	rnapol	0.8	0.0	0.0
148	__protein1_rbs	4.6	0.0	0.0
148	__protein2_rbs	3.8	0.0	0.0
148	__protein3_rbs	9.0	0.0	0.0
148	__ribosome	37.6	0.0	0.0
148	__rnase_site_ext	21.6	0.0	0.0
148	p0	1.0	0.0	0.0
148	p1	0.4	0.0	0.0
148	p2	0.6	0.0	0.0
148	protein1	338.8	8.2	2.195505
148	protein2	198.2	5.2	1.7555556
148	protein3	716.2	16.4	2.1970986
148	r1	4.2	0.0	0.0
148	rnapol	0.6	0.0	0.0
149	__protein1_rbs	5.8	0.0	0.0
149	__protein2_rbs	2.6	0.0	0.0
149	__protein3_rbs	8.6	0.0	0.0
149	__ribosome	36.2	0.0	0.0
149	__rnase_site_ext	20.8	0.0	0.0
149	p0	1.0	0.0	0.0
149	p1	0.8	0.0	0.0
149	p2	0.8	0.0	0.0
149	protein1	343.4	8.4	1.9333334
149	protein2	199.8	5.6	1.8522221999999997
149	protein3	722.8	16.6	2.2792388
149	r1	4.4	0.0	0.0
149	rnapol	0.8	0.0	0.0
150	__protein1_rbs	4.0	0.0	0.0
150	__protein2_rbs	2.6	0.0	0.0
150	__protein3_rbs	9.6	0.0	0.0
150	__ribosome	34.2	0.0	0.0
150	__rnase_site_ext	21.4	0.0	0.0
150	p0	0.8	0.0	0.0
150	p1	0.6	0.0	0.0
150	p2	1.0	0.0	0.0
150	protein1	347.0	8.0	2.1483334
150	protein2	200.8	5.8	2.2122222
150	protein3	730.6	17.0	2.1570324
150	r1	4.4	0.0	0.0
150	rnapol	0.4	0.0	0.0
151	__protein1_rbs	5.8	0.0	0.0
151	__protein2_rbs	3.8	0.0	0.0
151	__protein3_rbs	10.4	0.0	0.0
151	__ribosome	38.8	0.0	0.0
151	__rnase_site_ext	21.8	0.0	0.0
151	p0	1.0	0.0	0.0
151	p1	0.8	0.0	0.0
151	p2	0.4	0.0	0.0
151	protein1	350.8	8.4	1.8888888
151	protein2	204.0	5.8	2.1133334
151	protein3	738.6	17.0	2.0386888
151	r1	4.4	0.0	0.0
151	rnapol	0.6	0.0	0.0
152	__protein1_rbs	5.2	0.0	0.0
152	__protein2_rbs	3.2	0.0	0.0
152	__protein3_rbs	9.4	0.0	0.0
152	__ribosome	36.4	0.0	0.0
152	__rnase_site_ext	21.2	0.0	0.0
152	p0	1.0	0.0	0.0
152	p1	1.0	0.0	0.0
152	p2	0.4	0.0	0.0
152	protein1	353.6	8.4	1.9788464
152	protein2	206.2	5.8	2.1566668
152	protein3	744.6	16.6	2.1694794
152	r1	4.4	0.0	0.0
152	rnapol	0.6	0.0	0.0
153	__protein1_rbs	4.6	0.0	0.0
153	__protein2_rbs	3.6	0.0	0.0
153	__protein3_rbs	9.0	0.0	0.0
153	__ribosome	35.8	0.0	0.0
153	__rnase_site_ext	21.2	0.0	0.0
153	p0	1.0	0.0	0.0
153	p1	1.0	0.0	0.0
153	p2	0.6	0.0	0.0
153	protein1	356.8	8.4	2.0873932
153	protein2	208.0	5.8	2.2466668
153	protein3	752.8	16.6	2.1337528
153	r1	4.6	0.0	0.0
153	rnapol	0.4	0.0	0.0
154	__protein1_rbs	4.4	0.0	0.0
154	__protein2_rbs	3.6	0.0	0.0
154	__protein3_rbs	9.2	0.0	0.0
154	__ribosome	36.6	0.0	0.0
154	__rnase_site_ext	21.6	0.0	0.0
154	p0	0.8	0.0	0.0
154	p1	0.8	0.0	0.0
154	p2	0.6	0.0	0.0
154	protein1	361.0	8.6	2.0003664
154	protein2	210.2	5.8	2.2922222000000003
154	protein3	760.8	16.8	2.0719444
154	r1	4.4	0.0	0.0
154	rnapol	0.4	0.0	0.0
155	__protein1_rbs	5.8	0.0	0.0
155	__protein2_rbs	2.6	0.0	0.0
155	__protein3_rbs	10.2	0.0	0.0
155	__ribosome	34.2	0.0	0.0
155	__rnase_site_ext	21.4	0.0	0.0
155	p0	0.6	0.0	0.0
155	p1	0.8	0.0	0.0
155	p2	0.8	0.0	0.0
155	protein1	364.0	8.6	1.9297618000000003
155	protein2	213.2	5.8	2.3633333999999997
155	protein3	766.0	17.0	2.1325830000000003
155	r1	4.6	0.0	0.0
155	rnapol	0.4	0.0	0.0
156	__protein1_rbs	5.6	0.0	0.0
156	__protein2_rbs	3.2	0.0	0.0
156	__protein3_rbs	7.8	0.0	0.0
156	__ribosome	36.0	0.0	0.0
156	__rnase_site_ext	21.8	0.0	0.0
156	p0	0.8	0.0	0.0
156	p1	0.8	0.0	0.0
156	p2	0.6	0.0	0.0
156	protein1	368.2	8.6	1.8206349999999998
156	protein2	215.6	6.0	2.2233334
156	protein3	774.6	17.2	2.093554
156	r1	4.6	0.0	0.0
156	rnapol	0.4	0.0	0.0
157	__protein1_rbs	5.8	0.0	0.0
157	__protein2_rbs	3.2	0.0	0.0
157	__protein3_rbs	10.2	0.0	0.0
157	__ribosome	32.8	0.0	0.0
157	__rnase_site_ext	21.8	0.0	0.0
157	p0	1.0	0.0	0.0
157	p1	0.8	0.0	0.0
157	p2	1.0	0.0	0.0
157	protein1	370.6	9.0	1.8942856
157	protein2	218.2	6.2	2.2
157	protein3	780.8	17.6	2.1285638
157	r1	5.0	0.0	0.0
157	rnapol	0.4	0.0	0.0
158	__protein1_rbs	5.4	0.0	0.0
158	__protein2_rbs	4.2	0.0	0.0
158	__protein3_rbs	10.2	0.0	0.0
158	__ribosome	32.2	0.0	0.0
158	__rnase_site_ext	21.6	0.0	0.0
158	p0	1.0	0.0	0.0
158	p1	0.6	0.0	0.0
158	p2	1.0	0.0	0.0
158	protein1	373.6	9.0	1.9760238
158	protein2	221.0	6.2	2.0933334
158	protein3	788.0	17.4	2.1420934
158	r1	4.6	0.0	0.0
158	rnapol	0.4	0.0	0.0
159	__protein1_rbs	4.8	0.0	0.0
159	__protein2_rbs	3.8	0.0	0.0
159	__protein3_rbs	11.2	0.0	0.0
159	__ribosome	33.4	0.0	0.0
159	__rnase_site_ext	21.6	0.0	0.0
159	p0	1.0	0.0	0.0
159	p1	0.8	0.0	0.0
159	p2	1.0	0.0	0.0
159	protein1	378.4	9.0	1.9662338
159	protein2	223.4	6.2	2.2066666
159	protein3	795.6	17.8	2.0389108
159	r1	4.6	0.0	0.0
159	rnapol	0.8	0.0	0.0
160	__protein1_rbs	5.6	0.0	0.0
160	__protein2_rbs	3.4	0.0	0.0
160	__protein3_rbs	11.4	0.0	0.0
160	__ribosome	33.6	0.0	0.0
160	__rnase_site_ext	21.4	0.0	0.0
160	p0	0.8	0.0	0.0
160	p1	1.0	0.0	0.0
160	p2	0.8	0.0	0.0
160	protein1	380.8	9.0	2.1118882
160	protein2	226.6	6.4	2.06
160	protein3	803.0	17.8	1.9913957999999998
160	r1	4.8	0.0	0.0
160	rnapol	1.2	0.0	0.0
161	__protein1_rbs	6.4	0.0	0.0
161	__protein2_rbs	4.0	0.0	0.0
161	__protein3_rbs	11.2	0.0	0.0
161	__ribosome	34.6	0.0	0.0
161	__rnase_site_ext	21.4	0.0	0.0
161	p0	0.8	0.0	0.0
161	p1	0.8	0.0	0.0
161	p2	1.0	0.0	0.0
161	protein1	384.2	9.2	2.0385865999999995
161	protein2	228.6	6.2	2.1961906000000004
161	protein3	810.4	17.8	1.9519378
161	r1	4.6	0.0	0.0
161	rnapol	1.4	0.0	0.0
162	__protein1_rbs	5.2	0.0	0.0
162	__protein2_rbs	5.0	0.0	0.0
162	__protein3_rbs	10.8	0.0	0.0
162	__ribosome	37.0	0.0	0.0
162	__rnase_site_ext	21.4	0.0	0.0
162	p0	1.0	0.0	0.0
162	p1	0.8	0.0	0.0
162	p2	0.6	0.0	0.0
162	protein1	388.0	9.0	2.1342908
162	protein2	232.0	6.0	1.8371428
162	protein3	818.4	17.6	1.953988
162	r1	4.8	0.0	0.0
162	rnapol	1.6	0.0	0.0
163	__protein1_rbs	5.4	0.0	0.0
163	__protein2_rbs	3.6	0.0	0.0
163	__protein3_rbs	10.4	0.0	0.0
163	__ribosome	37.6	0.0	0.0
163	__rnase_site_ext	21.4	0.0	0.0
163	p0	0.8	0.0	0.0
163	p1	0.8	0.0	0.0
163	p2	0.8	0.0	0.0
163	protein1	392.8	9.0	1.9256593999999998
163	protein2	234.2	6.2	1.815
163	protein3	826.2	17.4	2.0322214
163	r1	4.8	0.0	0.0
163	rnapol	1.6	0.0	0.0
164	__protein1_rbs	5.6	0.0	0.0
164	__protein2_rbs	2.8	0.0	0.0
164	__protein3_rbs	10.0	0.0	0.0
164	__ribosome	34.8	0.0	0.0
164	__rnase_site_ext	21.4	0.0	0.0
164	p0	1.0	0.0	0.0
164	p1	0.8	0.0	0.0
164	p2	0.6	0.0	0.0
164	protein1	397.0	9.2	1.8634066
164	protein2	236.8	6.2	2.0
164	protein3	831.8	17.6	2.1611472000000003
164	r1	5.0	0.0	0.0
164	rnapol	1.4	0.0	0.0
165	__protein1_rbs	4.8	0.0	0.0
165	__protein2_rbs	3.8	0.0	0.0
165	__protein3_rbs	10.8	0.0	0.0
165	__ribosome	33.4	0.0	0.0
165	__rnase_site_ext	21.2	0.0	0.0
165	p0	1.0	0.0	0.0
165	p1	1.0	0.0	0.0
165	p2	0.6	0.0	0.0
165	protein1	400.0	8.8	2.0945236
165	protein2	238.8	6.4	1.89
165	protein3	839.2	17.6	2.1402842000000004
165	r1	5.0	0.0	0.0
165	rnapol	1.0	0.0	0.0
166	__protein1_rbs	6.0	0.0	0.0
166	__protein2_rbs	3.8	0.0	0.0
166	__protein3_rbs	10.6	0.0	0.0
166	__ribosome	35.4	0.0	0.0
166	__rnase_site_ext	21.8	0.0	0.0
166	p0	0.6	0.0	0.0
166	p1	0.8	0.0	0.0
166	p2	1.0	0.0	0.0
166	protein1	403.0	8.6	2.1057142000000004
166	protein2	241.2	6.4	1.93
166	protein3	847.6	17.8	2.0042638000000004
166	r1	4.8	0.0	0.0
166	rnapol	0.8	0.0	0.0
167	__protein1_rbs	5.0	0.0	0.0
167	__protein2_rbs	4.6	0.0	0.0
167	__protein3_rbs	8.6	0.0	0.0
167	__ribosome	33.4	0.0	0.0
167	__rnase_site_ext	22.2	0.0	0.0
167	p0	0.8	0.0	0.0
167	p1	1.0	0.0	0.0
167	p2	0.8	0.0	0.0
167	protein1	406.6	8.8	2.0788094
167	protein2	243.4	6.6	1.8672728
167	protein3	855.0	18.0	2.083221
167	r1	4.8	0.0	0.0
167	rnapol	0.6	0.0	0.0
168	__protein1_rbs	5.6	0.0	0.0
168	__protein2_rbs	4.2	0.0	0.0
168	__protein3_rbs	10.8	0.0	0.0
168	__ribosome	32.0	0.0	0.0
168	__rnase_site_ext	22.0	0.0	0.0
168	p0	1.0	0.0	0.0
168	p1	1.0	0.0	0.0
168	p2	0.8	0.0	0.0
168	protein1	410.8	9.0	1.9865802
168	protein2	244.4	6.8	2.1637880000000003
168	protein3	862.0	18.4	2.0062544000000004
168	r1	5.0	0.0	0.0
168	rnapol	0.4	0.0	0.0
169	__protein1_rbs	4.4	0.0	0.0
169	__protein2_rbs	3.2	0.0	0.0
169	__protein3_rbs	11.4	0.0	0.0
169	__ribosome	32.8	0.0	0.0
169	__rnase_site_ext	21.4	0.0	0.0
169	p0	0.8	0.0	0.0
169	p1	0.8	0.0	0.0
169	p2	0.4	0.0	0.0
169	protein1	414.8	8.8	2.1080808
169	protein2	248.2	6.8	2.1019697999999996
169	protein3	870.0	18.2	1.9945773999999998
169	r1	5.0	0.0	0.0
169	rnapol	0.6	0.0	0.0
170	__protein1_rbs	5.2	0.0	0.0
170	__protein2_rbs	3.6	0.0	0.0
170	__protein3_rbs	11.4	0.0	0.0
170	__ribosome	32.6	0.0	0.0
170	__rnase_site_ext	22.0	0.0	0.0
170	p0	1.0	0.0	0.0
170	p1	0.8	0.0	0.0
170	p2	0.6	0.0	0.0
170	protein1	418.2	8.8	2.0722222
170	protein2	251.2	6.8	2.0401516
170	protein3	876.6	18.2	2.0264523999999997
170	r1	4.8	0.0	0.0
170	rnapol	1.0	0.0	0.0
171	__protein1_rbs	5.4	0.0	0.0
171	__protein2_rbs	4.6	0.0	0.0
171	__protein3_rbs	10.2	0.0	0.0
171	__ribosome	33.0	0.0	0.0
171	__rnase_site_ext	21.4	0.0	0.0
171	p0	1.0	0.0	0.0
171	p1	1.0	0.0	0.0
171	p2	0.8	0.0	0.0
171	protein1	422.0	9.0	2.0084848
171	protein2	254.4	6.8	1.964091
171	protein3	883.8	18.2	2.0651134000000004
171	r1	4.8	0.0	0.0
171	rnapol	1.4	0.0	0.0
172	__protein1_rbs	6.0	0.0	0.0
172	__protein2_rbs	3.4	0.0	0.0
172	__protein3_rbs	12.0	0.0	0.0
172	__ribosome	31.8	0.0	0.0
172	__rnase_site_ext	21.4	0.0	0.0
172	p0	0.8	0.0	0.0
172	p1	1.0	0.0	0.0
172	p2	0.8	0.0	0.0
172	protein1	424.6	8.8	2.1396968
172	protein2	256.2	6.8	2.0913636
172	protein3	890.8	18.4	2.0041081999999997
172	r1	4.8	0.0	0.0
172	rnapol	1.4	0.0	0.0
173	__protein1_rbs	5.0	0.0	0.0
173	__protein2_rbs	4.8	0.0	0.0
173	__protein3_rbs	11.6	0.0	0.0
173	__ribosome	33.4	0.0	0.0
173	__rnase_site_ext	21.2	0.0	0.0
173	p0	1.0	0.0	0.0
173	p1	1.0	0.0	0.0
173	p2	0.6	0.0	0.0
173	protein1	428.6	8.8	2.0881818
173	protein2	258.8	6.8	2.0068182
173	protein3	898.4	18.4	1.9573052
173	r1	5.0	0.0	0.0
173	rnapol	1.6	0.0	0.0
174	__protein1_rbs	4.8	0.0	0.0
174	__protein2_rbs	4.6	0.0	0.0
174	__protein3_rbs	9.6	0.0	0.0
174	__ribosome	34.6	0.0	0.0
174	__rnase_site_ext	21.6	0.0	0.0
174	p0	0.8	0.0	0.0
174	p1	0.8	0.0	0.0
174	p2	0.8	0.0	0.0
174	protein1	432.8	8.8	1.9763636
174	protein2	261.6	6.8	1.9086363999999998
174	protein3	907.8	18.4	1.9369516
174	r1	5.2	0.0	0.0
174	rnapol	1.2	0.0	0.0
175	__protein1_rbs	5.8	0.0	0.0
175	__protein2_rbs	4.4	0.0	0.0
175	__protein3_rbs	10.6	0.0	0.0
175	__ribosome	32.6	0.0	0.0
175	__rnase_site_ext	21.4	0.0	0.0
175	p0	1.0	0.0	0.0
175	p1	0.6	0.0	0.0
175	p2	0.6	0.0	0.0
175	protein1	436.0	9.0	2.0115152
175	protein2	265.0	6.6	1.979091
175	protein3	913.2	18.2	2.0861652
175	r1	5.2	0.0	0.0
175	rnapol	0.8	0.0	0.0
176	__protein1_rbs	4.0	0.0	0.0
176	__protein2_rbs	4.4	0.0	0.0
176	__protein3_rbs	11.0	0.0	0.0
176	__ribosome	32.0	0.0	0.0
176	__rnase_site_ext	21.8	0.0	0.0
176	p0	1.0	0.0	0.0
176	p1	0.8	0.0	0.0
176	p2	0.6	0.0	0.0
176	protein1	440.0	8.6	2.1666666
176	protein2	267.4	6.8	1.9416666
176	protein3	921.0	18.2	2.0763386
176	r1	4.8	0.0	0.0
176	rnapol	1.0	0.0	0.0
177	__protein1_rbs	5.2	0.0	0.0
177	__protein2_rbs	4.0	0.0	0.0
177	__protein3_rbs	10.6	0.0	0.0
177	__ribosome	33.0	0.0	0.0
177	__rnase_site_ext	21.0	0.0	0.0
177	p0	1.0	0.0	0.0
177	p1	1.0	0.0	0.0
177	p2	0.8	0.0	0.0
177	protein1	443.2	8.6	2.129293
177	protein2	271.0	6.8	1.8583333999999998
177	protein3	928.2	18.4	2.0495334
177	r1	4.8	0.0	0.0
177	rnapol	0.8	0.0	0.0
178	__protein1_rbs	5.4	0.0	0.0
178	__protein2_rbs	4.6	0.0	0.0
178	__protein3_rbs	11.0	0.0	0.0
178	__ribosome	31.2	0.0	0.0
178	__rnase_site_ext	21.2	0.0	0.0
178	p0	0.8	0.0	0.0
178	p1	0.8	0.0	0.0
178	p2	1.0	0.0	0.0
178	protein1	446.0	8.6	2.1989897999999997
178	protein2	272.8	6.8	1.875
178	protein3	934.6	18.8	2.0467556
178	r1	4.8	0.0	0.0
178	rnapol	0.8	0.0	0.0
179	__protein1_rbs	5.4	0.0	0.0
179	__protein2_rbs	4.2	0.0	0.0
179	__protein3_rbs	9.4	0.0	0.0
179	__ribosome	32.4	0.0	0.0
179	__rnase_site_ext	21.4	0.0	0.0
179	p0	1.0	0.0	0.0
179	p1	0.8	0.0	0.0
179	p2	0.8	0.0	0.0
179	protein1	451.2	8.8	1.9747473999999998
179	protein2	275.4	6.8	1.8207792
179	protein3	943.0	18.6	2.112564
179	r1	5.0	0.0	0.0
179	rnapol	0.8	0.0	0.0
180	__protein1_rbs	5.6	0.0	0.0
180	__protein2_rbs	3.0	0.0	0.0
180	__protein3_rbs	12.4	0.0	0.0
180	__ribosome	35.4	0.0	0.0
180	__rnase_site_ext	21.8	0.0	0.0
180	p0	0.8	0.0	0.0
180	p1	1.0	0.0	0.0
180	p2	0.8	0.0	0.0
180	protein1	455.2	8.8	1.8646464
180	protein2	278.2	6.6	1.8957142
180	protein3	951.6	18.6	1.9513612
180	r1	5.0	0.0	0.0
180	rnapol	0.6	0.0	0.0
181	__protein1_rbs	5.4	0.0	0.0
181	__protein2_rbs	4.0	0.0	0.0
181	__protein3_rbs	10.4	0.0	0.0
181	__ribosome	34.0	0.0	0.0
181	__rnase_site_ext	22.0	0.0	0.0
181	p0	1.0	0.0	0.0
181	p1	0.8	0.0	0.0
181	p2	0.6	0.0	0.0
181	protein1	458.0	8.8	1.9095962
181	protein2	280.6	6.4	2.1430952000000003
181	protein3	959.2	18.6	1.9882351999999999
181	r1	5.2	0.0	0.0
181	rnapol	1.0	0.0	0.0
182	__protein1_rbs	5.4	0.0	0.0
182	__protein2_rbs	3.8	0.0	0.0
182	__protein3_rbs	9.4	0.0	0.0
182	__ribosome	32.6	0.0	0.0
182	__rnase_site_ext	22.0	0.0	0.0
182	p0	1.0	0.0	0.0
182	p1	0.8	0.0	0.0
182	p2	0.8	0.0	0.0
182	protein1	461.6	9.0	1.8634034
182	protein2	283.4	6.4	2.1645237999999996
182	protein3	966.8	18.6	2.0717392
182	r1	5.2	0.0	0.0
182	rnapol	1.2	0.0	0.0
183	__protein1_rbs	5.0	0.0	0.0
183	__protein2_rbs	3.4	0.0	0.0
183	__protein3_rbs	9.6	0.0	0.0
183	__ribosome	33.0	0.0	0.0
183	__rnase_site_ext	21.8	0.0	0.0
183	p0	1.0	0.0	0.0
183	p1	0.8	0.0	0.0
183	p2	0.8	0.0	0.0
183	protein1	465.4	9.0	1.8206683999999997
183	protein2	286.2	6.4	2.1745238
183	protein3	974.8	18.8	2.0401516
183	r1	5.4	0.0	0.0
183	rnapol	1.4	0.0	0.0
184	__protein1_rbs	5.8	0.0	0.0
184	__protein2_rbs	4.6	0.0	0.0
184	__protein3_rbs	11.4	0.0	0.0
184	__ribosome	32.6	0.0	0.0
184	__rnase_site_ext	22.0	0.0	0.0
184	p0	1.0	0.0	0.0
184	p1	0.8	0.0	0.0
184	p2	0.8	0.0	0.0
184	protein1	468.0	8.8	1.8136363999999998
184	protein2	288.0	6.6	2.2203176
184	protein3	982.0	18.8	2.0663548
184	r1	5.6	0.0	0.0
184	rnapol	1.2	0.0	0.0
185	__protein1_rbs	5.6	0.0	0.0
185	__protein2_rbs	3.4	0.0	0.0
185	__protein3_rbs	10.4	0.0	0.0
185	__ribosome	30.4	0.0	0.0
185	__rnase_site_ext	21.8	0.0	0.0
185	p0	1.0	0.0	0.0
185	p1	0.6	0.0	0.0
185	p2	0.4	0.0	0.0
185	protein1	471.4	9.0	1.8326118000000002
185	protein2	291.8	6.4	1.9984128
185	protein3	987.6	19.0	2.1868093999999996
185	r1	5.6	0.0	0.0
185	rnapol	1.0	0.0	0.0
186	__protein1_rbs	4.2	0.0	0.0
186	__protein2_rbs	3.2	0.0	0.0
186	__protein3_rbs	13.8	0.0	0.0
186	__ribosome	31.6	0.0	0.0
186	__rnase_site_ext	22.0	0.0	0.0
186	p0	0.8	0.0	0.0
186	p1	0.8	0.0	0.0
186	p2	0.8	0.0	0.0
186	protein1	475.0	9.0	1.9478354
186	protein2	294.6	6.6	2.1225398
186	protein3	995.6	19.0	2.055
186	r1	5.6	0.0	0.0
186	rnapol	0.8	0.0	0.0
187	__protein1_rbs	5.4	0.0	0.0
187	__protein2_rbs	3.8	0.0	0.0
187	__protein3_rbs	12.2	0.0	0.0
187	__ribosome	31.6	0.0	0.0
187	__rnase_site_ext	22.4	0.0	0.0
187	p0	1.0	0.0	0.0
187	p1	1.0	0.0	0.0
187	p2	0.8	0.0	0.0
187	protein1	478.4	9.2	1.9704543999999997
187	protein2	296.6	6.8	2.0842858
187	protein3	1004.4	19.2	1.9530588
187	r1	5.4	0.0	0.0
187	rnapol	1.0	0.0	0.0
188	__protein1_rbs	6.2	0.0	0.0
188	__protein2_rbs	4.0	0.0	0.0
188	__protein3_rbs	10.8	0.0	0.0
188	__ribosome	34.2	0.0	0.0
188	__rnase_site_ext	22.2	0.0	0.0
188	p0	1.0	0.0	0.0
188	p1	0.8	0.0	0.0
188	p2	0.8	0.0	0.0
188	protein1	482.6	9.2	1.8606060000000002
188	protein2	299.2	6.8	2.070635
188	protein3	1014.0	19.4	1.8511444
188	r1	5.4	0.0	0.0
188	rnapol	1.0	0.0	0.0
189	__protein1_rbs	4.8	0.0	0.0
189	__protein2_rbs	4.6	0.0	0.0
189	__protein3_rbs	13.4	0.0	0.0
189	__ribosome	34.8	0.0	0.0
189	__rnase_site_ext	22.2	0.0	0.0
189	p0	1.0	0.0	0.0
189	p1	0.8	0.0	0.0
189	p2	0.6	0.0	0.0
189	protein1	486.0	9.0	2.0239898000000003
189	protein2	302.2	6.8	1.934762
189	protein3	1021.0	19.4	1.7894036
189	r1	5.4	0.0	0.0
189	rnapol	1.0	0.0	0.0
190	__protein1_rbs	5.8	0.0	0.0
190	__protein2_rbs	3.4	0.0	0.0
190	__protein3_rbs	10.4	0.0	0.0
190	__ribosome	33.0	0.0	0.0
190	__rnase_site_ext	22.2	0.0	0.0
190	p0	0.8	0.0	0.0
190	p1	0.8	0.0	0.0
190	p2	0.8	0.0	0.0
190	protein1	489.8	8.8	1.961039
190	protein2	304.8	7.0	2.0763491999999997
190	protein3	1029.0	19.6	1.8249036
190	r1	5.6	0.0	0.0
190	rnapol	0.8	0.0	0.0
191	__protein1_rbs	4.8	0.0	0.0
191	__protein2_rbs	5.2	0.0	0.0
191	__protein3_rbs	13.8	0.0	0.0
191	__ribosome	33.6	0.0	0.0
191	__rnase_site_ext	22.2	0.0	0.0
191	p0	1.0	0.0	0.0
191	p1	1.0	0.0	0.0
191	p2	0.4	0.0	0.0
191	protein1	493.6	8.6	2.109899
191	protein2	307.4	6.8	1.9433334
191	protein3	1035.8	19.6	1.8556124
191	r1	5.6	0.0	0.0
191	rnapol	0.4	0.0	0.0
192	__protein1_rbs	5.6	0.0	0.0
192	__protein2_rbs	4.8	0.0	0.0
192	__protein3_rbs	11.0	0.0	0.0
192	__ribosome	32.0	0.0	0.0
192	__rnase_site_ext	22.2	0.0	0.0
192	p0	1.0	0.0	0.0
192	p1	0.8	0.0	0.0
192	p2	1.0	0.0	0.0
192	protein1	497.2	8.8	2.0550650000000004
192	protein2	310.6	6.6	1.8895238
192	protein3	1041.2	19.6	2.0156862
192	r1	5.6	0.0	0.0
192	rnapol	1.0	0.0	0.0
193	__protein1_rbs	4.6	0.0	0.0
193	__protein2_rbs	4.0	0.0	0.0
193	__protein3_rbs	11.6	0.0	0.0
193	__ribosome	30.4	0.0	0.0
193	__rnase_site_ext	22.0	0.0	0.0
193	p0	0.8	0.0	0.0
193	p1	1.0	0.0	0.0
193	p2	0.8	0.0	0.0
193	protein1	500.0	8.8	2.2425973999999997
193	protein2	313.0	6.6	1.96
193	protein3	1049.2	19.8	1.9852254
193	r1	5.6	0.0	0.0
193	rnapol	0.8	0.0	0.0
194	__protein1_rbs	5.2	0.0	0.0
194	__protein2_rbs	4.2	0.0	0.0
194	__protein3_rbs	11.2	0.0	0.0
194	__ribosome	31.6	0.0	0.0
194	__rnase_site_ext	21.6	0.0	0.0
194	p0	1.0	0.0	0.0
194	p1	1.0	0.0	0.0
194	p2	0.8	0.0	0.0
194	protein1	504.2	8.8	2.1207792000000003
194	protein2	315.6	6.4	2.085
194	protein3	1057.6	20.0	1.9456778000000001
194	r1	5.6	0.0	0.0
194	rnapol	1.0	0.0	0.0
195	__protein1_rbs	6.4	0.0	0.0
195	__protein2_rbs	3.2	0.0	0.0
195	__protein3_rbs	11.2	0.0	0.0
195	__ribosome	33.4	0.0	0.0
195	__rnase_site_ext	22.0	0.0	0.0
195	p0	0.8	0.0	0.0
195	p1	1.0	0.0	0.0
195	p2	0.6	0.0	0.0
195	protein1	508.6	9.0	1.8891776000000002
195	protein2	318.8	6.2	2.0672222
195	protein3	1066.8	19.6	1.9676426
195	r1	5.6	0.0	0.0
195	rnapol	1.0	0.0	0.0
196	__protein1_rbs	6.0	0.0	0.0
196	__protein2_rbs	4.6	0.0	0.0
196	__protein3_rbs	12.0	0.0	0.0
196	__ribosome	31.4	0.0	0.0
196	__rnase_site_ext	21.8	0.0	0.0
196	p0	1.0	0.0	0.0
196	p1	1.0	0.0	0.0
196	p2	0.6	0.0	0.0
196	protein1	511.4	9.2	1.8332468000000002
196	protein2	320.8	6.2	1.9744443999999999
196	protein3	1072.4	19.4	2.1037004
196	r1	5.6	0.0	0.0
196	rnapol	1.2	0.0	0.0
197	__protein1_rbs	5.6	0.0	0.0
197	__protein2_rbs	3.8	0.0	0.0
197	__protein3_rbs	10.8	0.0	0.0
197	__ribosome	31.8	0.0	0.0
197	__rnase_site_ext	22.0	0.0	0.0
197	p0	1.0	0.0	0.0
197	p1	1.0	0.0	0.0
197	p2	0.8	0.0	0.0
197	protein1	516.0	9.2	1.6963202000000002
197	protein2	323.0	6.2	1.9494444
197	protein3	1080.8	19.6	2.1031183999999996
197	r1	5.8	0.0	0.0
197	rnapol	1.6	0.0	0.0
198	__protein1_rbs	5.6	0.0	0.0
198	__protein2_rbs	3.4	0.0	0.0
198	__protein3_rbs	11.4	0.0	0.0
198	__ribosome	32.2	0.0	0.0
198	__rnase_site_ext	21.2	0.0	0.0
198	p0	1.0	0.0	0.0
198	p1	0.8	0.0	0.0
198	p2	0.6	0.0	0.0
198	protein1	519.6	9.2	1.692511
198	protein2	325.4	6.2	2.0444446
198	protein3	1089.4	19.8	2.0440408000000003
198	r1	5.8	0.0	0.0
198	rnapol	1.8	0.0	0.0
199	__protein1_rbs	5.2	0.0	0.0
199	__protein2_rbs	3.2	0.0	0.0
199	__protein3_rbs	10.6	0.0	0.0
199	__ribosome	31.2	0.0	0.0
199	__rnase_site_ext	21.2	0.0	0.0
199	p0	1.0	0.0	0.0
199	p1	0.6	0.0	0.0
199	p2	0.8	0.0	0.0
199	protein1	522.6	8.8	1.8023088
199	protein2	328.4	6.2	1.9916666
199	protein3	1097.2	19.4	2.1370972000000004
199	r1	5.8	0.0	0.0
199	rnapol	1.6	0.0	0.0
200	__protein1_rbs	6.0	0.0	0.0
200	__protein2_rbs	3.4	0.0	0.0
200	__protein3_rbs	13.2	0.0	0.0
200	__ribosome	33.0	0.0	0.0
200	__rnase_site_ext	21.2	0.0	0.0
200	p0	0.8	0.0	0.0
200	p1	0.8	0.0	0.0
200	p2	0.6	0.0	0.0
200	protein1	525.6	8.4	1.8572581999999997
200	protein2	331.0	6.6	1.9369048
200	protein3	1105.4	19.6	2.0734316
200	r1	5.8	0.0	0.0
200	rnapol	0.8	0.0	0.0
201	__protein1_rbs	6.2	0.0	0.0
201	__protein2_rbs	3.8	0.0	0.0
201	__protein3_rbs	10.4	0.0	0.0
201	__ribosome	31.2	0.0	0.0
201	__rnase_site_ext	21.0	0.0	0.0
201	p0	1.0	0.0	0.0
201	p1	1.0	0.0	0.0
201	p2	0.8	0.0	0.0
201	protein1	529.0	8.8	1.6449205999999996
201	protein2	332.6	6.6	2.0466666
201	protein3	1113.6	19.6	2.1455556
201	r1	5.8	0.0	0.0
201	rnapol	1.2	0.0	0.0
202	__protein1_rbs	5.4	0.0	0.0
202	__protein2_rbs	4.4	0.0	0.0
202	__protein3_rbs	11.0	0.0	0.0
202	__ribosome	31.6	0.0	0.0
202	__rnase_site_ext	21.4	0.0	0.0
202	p0	0.8	0.0	0.0
202	p1	0.8	0.0	0.0
202	p2	1.0	0.0	0.0
202	protein1	532.4	8.6	1.7476191999999997
202	protein2	335.2	6.6	1.970238
202	protein3	1122.0	19.6	2.1544314
202	r1	5.6	0.0	0.0
202	rnapol	1.2	0.0	0.0
203	__protein1_rbs	5.6	0.0	0.0
203	__protein2_rbs	4.6	0.0	0.0
203	__protein3_rbs	12.4	0.0	0.0
203	__ribosome	32.8	0.0	0.0
203	__rnase_site_ext	21.8	0.0	0.0
203	p0	0.8	0.0	0.0
203	p1	1.0	0.0	0.0
203	p2	0.2	0.0	0.0
203	protein1	535.4	8.8	1.6916666
203	protein2	337.6	6.8	1.915
203	protein3	1130.4	19.6	2.0846276
203	r1	5.6	0.0	0.0
203	rnapol	0.8	0.0	0.0
204	__protein1_rbs	6.6	0.0	0.0
204	__protein2_rbs	4.8	0.0	0.0
204	__protein3_rbs	11.4	0.0	0.0
204	__ribosome	34.2	0.0	0.0
204	__rnase_site_ext	22.0	0.0	0.0
204	p0	1.0	0.0	0.0
204	p1	1.0	0.0	0.0
204	p2	0.6	0.0	0.0
204	protein1	539.0	9.0	1.6077778000000005
204	protein2	340.6	6.8	1.8042858
204	protein3	1139.0	19.4	2.0576692000000003
204	r1	5.6	0.0	0.0
204	rnapol	0.6	0.0	0.0
205	__protein1_rbs	5.4	0.0	0.0
205	__protein2_rbs	4.0	0.0	0.0
205	__protein3_rbs	11.8	0.0	0.0
205	__ribosome	33.2	0.0	0.0
205	__rnase_site_ext	21.8	0.0	0.0
205	p0	1.0	0.0	0.0
205	p1	1.0	0.0	0.0
205	p2	0.8	0.0	0.0
205	protein1	541.0	9.0	1.8027778
205	protein2	343.8	6.6	1.9071428
205	protein3	1147.4	18.8	2.115196
205	r1	5.6	0.0	0.0
205	rnapol	0.8	0.0	0.0
206	__protein1_rbs	5.0	0.0	0.0
206	__protein2_rbs	4.0	0.0	0.0
206	__protein3_rbs	13.2	0.0	0.0
206	__ribosome	34.0	0.0	0.0
206	__rnase_site_ext	21.6	0.0	0.0
206	p0	1.0	0.0	0.0
206	p1	1.0	0.0	0.0
206	p2	1.0	0.0	0.0
206	protein1	544.0	9.0	1.9355556
206	protein2	346.2	6.6	1.8592858
206	protein3	1155.8	19.6	1.9327778
206	r1	5.8	0.0	0.0
206	rnapol	1.0	0.0	0.0
207	__protein1_rbs	4.4	0.0	0.0
207	__protein2_rbs	4.8	0.0	0.0
207	__protein3_rbs	13.0	0.0	0.0
207	__ribosome	36.2	0.0	0.0
207	__rnase_site_ext	21.6	0.0	0.0
207	p0	1.0	0.0	0.0
207	p1	0.8	0.0	0.0
207	p2	0.8	0.0	0.0
207	protein1	547.6	8.8	2.015873
207	protein2	349.2	6.4	1.7085714
207	protein3	1163.6	19.4	1.8822221999999997
207	r1	6.0	0.0	0.0
207	rnapol	1.4	0.0	0.0
208	__protein1_rbs	5.2	0.0	0.0
208	__protein2_rbs	3.6	0.0	0.0
208	__protein3_rbs	11.0	0.0	0.0
208	__ribosome	34.2	0.0	0.0
208	__rnase_site_ext	21.6	0.0	0.0
208	p0	1.0	0.0	0.0
208	p1	0.6	0.0	0.0
208	p2	0.6	0.0	0.0
208	protein1	550.8	8.8	2.054823
208	protein2	351.0	6.4	1.8514286
208	protein3	1171.4	19.2	1.9520064
208	r1	6.2	0.0	0.0
208	rnapol	1.4	0.0	0.0
209	__protein1_rbs	5.0	0.0	0.0
209	__protein2_rbs	3.4	0.0	0.0
209	__protein3_rbs	11.8	0.0	0.0
209	__ribosome	33.8	0.0	0.0
209	__rnase_site_ext	21.8	0.0	0.0
209	p0	0.8	0.0	0.0
209	p1	0.6	0.0	0.0
209	p2	0.6	0.0	0.0
209	protein1	553.8	8.8	2.207326
209	protein2	353.2	6.6	1.92
209	protein3	1179.8	19.0	1.8990773999999997
209	r1	6.2	0.0	0.0
209	rnapol	0.8	0.0	0.0
210	__protein1_rbs	4.8	0.0	0.0
210	__protein2_rbs	3.8	0.0	0.0
210	__protein3_rbs	10.8	0.0	0.0
210	__ribosome	34.0	0.0	0.0
210	__rnase_site_ext	22.2	0.0	0.0
210	p0	0.8	0.0	0.0
210	p1	0.8	0.0	0.0
210	p2	1.0	0.0	0.0
210	protein1	557.6	8.8	2.2004884
210	protein2	355.8	6.8	1.7931168000000002
210	protein3	1187.8	18.8	1.901816
210	r1	6.4	0.0	0.0
210	rnapol	0.6	0.0	0.0
211	__protein1_rbs	5.2	0.0	0.0
211	__protein2_rbs	5.2	0.0	0.0
211	__protein3_rbs	11.0	0.0	0.0
211	__ribosome	33.6	0.0	0.0
211	__rnase_site_ext	21.8	0.0	0.0
211	p0	1.0	0.0	0.0
211	p1	0.8	0.0	0.0
211	p2	1.0	0.0	0.0
211	protein1	561.6	8.8	2.1
211	protein2	358.6	7.0	1.7117531999999998
211	protein3	1195.0	19.2	1.9502876
211	r1	6.2	0.0	0.0
211	rnapol	1.4	0.0	0.0
212	__protein1_rbs	5.0	0.0	0.0
212	__protein2_rbs	3.6	0.0	0.0
212	__protein3_rbs	11.4	0.0	0.0
212	__ribosome	31.0	0.0	0.0
212	__rnase_site_ext	22.0	0.0	0.0
212	p0	1.0	0.0	0.0
212	p1	1.0	0.0	0.0
212	p2	0.4	0.0	0.0
212	protein1	565.4	8.8	2.15
212	protein2	360.6	7.2	1.8998700000000002
212	protein3	1202.0	19.2	1.9872324000000001
212	r1	5.8	0.0	0.0
212	rnapol	1.0	0.0	0.0
213	__protein1_rbs	5.8	0.0	0.0
213	__protein2_rbs	5.0	0.0	0.0
213	__protein3_rbs	11.0	0.0	0.0
213	__ribosome	31.0	0.0	0.0
213	__rnase_site_ext	22.2	0.0	0.0
213	p0	1.0	0.0	0.0
213	p1	1.0	0.0	0.0
213	p2	0.6	0.0	0.0
213	protein1	570.2	8.8	1.9144446
213	protein2	362.8	7.2	2.0081168000000003
213	protein3	1208.4	19.2	2.062857
213	r1	6.0	0.0	0.0
213	rnapol	0.8	0.0	0.0
214	__protein1_rbs	5.6	0.0	0.0
214	__protein2_rbs	3.8	0.0	0.0
214	__protein3_rbs	11.6	0.0	0.0
214	__ribosome	27.8	0.0	0.0
214	__rnase_site_ext	21.8	0.0	0.0
214	p0	0.8	0.0	0.0
214	p1	1.0	0.0	0.0
214	p2	0.6	0.0	0.0
214	protein1	573.0	8.8	1.9625398
214	protein2	365.2	7.2	2.2657792000000003
214	protein3	1215.8	19.6	2.0623146
214	r1	6.0	0.0	0.0
214	rnapol	0.6	0.0	0.0
215	__protein1_rbs	5.0	0.0	0.0
215	__protein2_rbs	3.2	0.0	0.0
215	__protein3_rbs	13.2	0.0	0.0
215	__ribosome	30.4	0.0	0.0
215	__rnase_site_ext	22.2	0.0	0.0
215	p0	1.0	0.0	0.0
215	p1	0.8	0.0	0.0
215	p2	0.6	0.0	0.0
215	protein1	577.2	8.2	2.0125324
215	protein2	368.2	7.0	2.3768182
215	protein3	1224.6	19.6	1.9443484
215	r1	6.2	0.0	0.0
215	rnapol	0.6	0.0	0.0
216	__protein1_rbs	5.2	0.0	0.0
216	__protein2_rbs	5.0	0.0	0.0
216	__protein3_rbs	13.2	0.0	0.0
216	__ribosome	33.0	0.0	0.0
216	__rnase_site_ext	22.2	0.0	0.0
216	p0	0.8	0.0	0.0
216	p1	0.8	0.0	0.0
216	p2	0.8	0.0	0.0
216	protein1	581.2	8.4	1.974091
216	protein2	370.4	6.8	2.5416668
216	protein3	1233.6	20.0	1.8116624
216	r1	6.2	0.0	0.0
216	rnapol	0.8	0.0	0.0
217	__protein1_rbs	4.8	0.0	0.0
217	__protein2_rbs	4.6	0.0	0.0
217	__protein3_rbs	14.4	0.0	0.0
217	__ribosome	34.4	0.0	0.0
217	__rnase_site_ext	22.2	0.0	0.0
217	p0	1.0	0.0	0.0
217	p1	0.8	0.0	0.0
217	p2	0.8	0.0	0.0
217	protein1	584.6	8.4	2.0272728
217	protein2	374.6	6.8	2.075
217	protein3	1240.6	20.4	1.778806
217	r1	6.4	0.0	0.0
217	rnapol	0.8	0.0	0.0
218	__protein1_rbs	5.0	0.0	0.0
218	__protein2_rbs	4.0	0.0	0.0
218	__protein3_rbs	13.8	0.0	0.0
218	__ribosome	35.2	0.0	0.0
218	__rnase_site_ext	22.2	0.0	0.0
218	p0	1.0	0.0	0.0
218	p1	0.8	0.0	0.0
218	p2	0.8	0.0	0.0
218	protein1	587.8	8.4	2.0186363999999997
218	protein2	377.2	7.0	2.0722221999999997
218	protein3	1249.0	20.6	1.7007004
218	r1	6.4	0.0	0.0
218	rnapol	0.6	0.0	0.0
219	__protein1_rbs	5.4	0.0	0.0
219	__protein2_rbs	5.0	0.0	0.0
219	__protein3_rbs	11.6	0.0	0.0
219	__ribosome	33.8	0.0	0.0
219	__rnase_site_ext	22.4	0.0	0.0
219	p0	1.0	0.0	0.0
219	p1	0.8	0.0	0.0
219	p2	1.0	0.0	0.0
219	protein1	590.6	8.4	2.1154546
219	protein2	380.8	7.0	1.8888888
219	protein3	1256.6	20.8	1.7638592000000002
219	r1	6.2	0.0	0.0
219	rnapol	1.0	0.0	0.0
220	__protein1_rbs	6.6	0.0	0.0
220	__protein2_rbs	4.2	0.0	0.0
220	__protein3_rbs	13.2	0.0	0.0
220	__ribosome	35.4	0.0	0.0
220	__rnase_site_ext	22.8	0.0	0.0
220	p0	0.8	0.0	0.0
220	p1	1.0	0.0	0.0
220	p2	0.6	0.0	0.0
220	protein1	594.4	8.4	1.900909
220	protein2	383.4	7.2	1.9411112000000001
220	protein3	1264.4	20.4	1.7685924
220	r1	6.2	0.0	0.0
220	rnapol	1.0	0.0	0.0
221	__protein1_rbs	4.4	0.0	0.0
221	__protein2_rbs	4.4	0.0	0.0
221	__protein3_rbs	13.4	0.0	0.0
221	__ribosome	32.4	0.0	0.0
221	__rnase_site_ext	22.4	0.0	0.0
221	p0	1.0	0.0	0.0
221	p1	1.0	0.0	0.0
221	p2	0.8	0.0	0.0
221	protein1	597.2	8.4	2.1454546000000003
221	protein2	386.0	7.2	1.9222223999999999
221	protein3	1271.4	20.6	1.7808125999999995
221	r1	6.4	0.0	0.0
221	rnapol	1.4	0.0	0.0
222	__protein1_rbs	6.0	0.0	0.0
222	__protein2_rbs	4.2	0.0	0.0
222	__protein3_rbs	12.0	0.0	0.0
222	__ribosome	30.2	0.0	0.0
222	__rnase_site_ext	22.2	0.0	0.0
222	p0	0.8	0.0	0.0
222	p1	0.8	0.0	0.0
222	p2	1.0	0.0	0.0
222	protein1	601.2	8.6	1.9227272000000002
222	protein2	388.0	7.2	2.071111
222	protein3	1277.6	20.8	1.9044818
222	r1	6.2	0.0	0.0
222	rnapol	1.8	0.0	0.0
223	__protein1_rbs	5.4	0.0	0.0
223	__protein2_rbs	4.4	0.0	0.0
223	__protein3_rbs	11.4	0.0	0.0
223	__ribosome	31.2	0.0	0.0
223	__rnase_site_ext	22.8	0.0	0.0
223	p0	0.6	0.0	0.0
223	p1	0.8	0.0	0.0
223	p2	0.4	0.0	0.0
223	protein1	605.2	8.4	1.7766666000000002
223	protein2	391.8	7.2	1.9366666000000001
223	protein3	1285.0	20.6	1.9848262
223	r1	6.4	0.0	0.0
223	rnapol	1.2	0.0	0.0
224	__protein1_rbs	4.8	0.0	0.0
224	__protein2_rbs	4.8	0.0	0.0
224	__protein3_rbs	12.8	0.0	0.0
224	__ribosome	32.2	0.0	0.0
224	__rnase_site_ext	22.8	0.0	0.0
224	p0	1.0	0.0	0.0
224	p1	0.8	0.0	0.0
224	p2	0.6	0.0	0.0
224	protein1	608.2	8.8	1.8632468
224	protein2	394.4	7.4	1.82
224	protein3	1294.8	20.6	1.8755088
224	r1	6.4	0.0	0.0
224	rnapol	1.2	0.0	0.0
225	__protein1_rbs	5.8	0.0	0.0
225	__protein2_rbs	5.4	0.0	0.0
225	__protein3_rbs	12.2	0.0	0.0
225	__ribosome	31.0	0.0	0.0
225	__rnase_site_ext	23.2	0.0	0.0
225	p0	1.0	0.0	0.0
225	p1	1.0	0.0	0.0
225	p2	0.8	0.0	0.0
225	protein1	611.0	9.0	1.8337662000000001
225	protein2	396.8	7.4	1.7422221999999998
225	protein3	1301.4	20.4	1.9824232
225	r1	6.2	0.0	0.0
225	rnapol	1.0	0.0	0.0
226	__protein1_rbs	7.0	0.0	0.0
226	__protein2_rbs	4.0	0.0	0.0
226	__protein3_rbs	10.6	0.0	0.0
226	__ribosome	29.2	0.0	0.0
226	__rnase_site_ext	23.0	0.0	0.0
226	p0	0.8	0.0	0.0
226	p1	1.0	0.0	0.0
226	p2	1.0	0.0	0.0
226	protein1	614.8	9.0	1.6564936000000001
226	protein2	400.2	7.4	1.9044446
226	protein3	1308.6	21.0	2.0676858
226	r1	6.2	0.0	0.0
226	rnapol	1.0	0.0	0.0
227	__protein1_rbs	5.8	0.0	0.0
227	__protein2_rbs	3.8	0.0	0.0
227	__protein3_rbs	15.0	0.0	0.0
227	__ribosome	30.4	0.0	0.0
227	__rnase_site_ext	23.0	0.0	0.0
227	p0	1.0	0.0	0.0
227	p1	1.0	0.0	0.0
227	p2	0.8	0.0	0.0
227	protein1	617.6	9.2	1.7849206000000002
227	protein2	403.4	7.2	1.9115152
227	protein3	1318.0	21.4	1.8732886
227	r1	6.2	0.0	0.0
227	rnapol	1.0	0.0	0.0
228	__protein1_rbs	5.4	0.0	0.0
228	__protein2_rbs	3.4	0.0	0.0
228	__protein3_rbs	12.2	0.0	0.0
228	__ribosome	27.4	0.0	0.0
228	__rnase_site_ext	22.6	0.0	0.0
228	p0	1.0	0.0	0.0
228	p1	0.8	0.0	0.0
228	p2	0.8	0.0	0.0
228	protein1	621.0	9.2	1.759127
228	protein2	406.4	7.2	2.0365658
228	protein3	1324.6	21.2	2.0183946
228	r1	6.2	0.0	0.0
228	rnapol	1.2	0.0	0.0
229	__protein1_rbs	4.4	0.0	0.0
229	__protein2_rbs	4.8	0.0	0.0
229	__protein3_rbs	13.2	0.0	0.0
229	__ribosome	28.2	0.0	0.0
229	__rnase_site_ext	22.8	0.0	0.0
229	p0	0.8	0.0	0.0
229	p1	0.8	0.0	0.0
229	p2	0.8	0.0	0.0
229	protein1	625.0	9.2	1.8180014
229	protein2	407.8	7.0	2.2454546000000004
229	protein3	1334.2	20.8	1.9715383999999998
229	r1	6.2	0.0	0.0
229	rnapol	1.4	0.0	0.0
230	__protein1_rbs	7.2	0.0	0.0
230	__protein2_rbs	4.0	0.0	0.0
230	__protein3_rbs	11.6	0.0	0.0
230	__ribosome	28.6	0.0	0.0
230	__rnase_site_ext	23.0	0.0	0.0
230	p0	1.0	0.0	0.0
230	p1	1.0	0.0	0.0
230	p2	0.8	0.0	0.0
230	protein1	627.6	9.0	1.8424676
230	protein2	411.0	7.2	2.1637877999999997
230	protein3	1343.6	20.6	1.9725926
230	r1	6.0	0.0	0.0
230	rnapol	1.4	0.0	0.0
231	__protein1_rbs	5.0	0.0	0.0
231	__protein2_rbs	4.4	0.0	0.0
231	__protein3_rbs	12.6	0.0	0.0
231	__ribosome	28.6	0.0	0.0
231	__rnase_site_ext	22.8	0.0	0.0
231	p0	0.8	0.0	0.0
231	p1	1.0	0.0	0.0
231	p2	0.6	0.0	0.0
231	protein1	630.2	9.2	1.9331168
231	protein2	414.4	7.0	2.1196538000000005
231	protein3	1352.0	20.8	1.910489
231	r1	6.0	0.0	0.0
231	rnapol	1.6	0.0	0.0
232	__protein1_rbs	6.0	0.0	0.0
232	__protein2_rbs	4.0	0.0	0.0
232	__protein3_rbs	13.4	0.0	0.0
232	__ribosome	29.6	0.0	0.0
232	__rnase_site_ext	23.6	0.0	0.0
232	p0	0.8	0.0	0.0
232	p1	1.0	0.0	0.0
232	p2	0.8	0.0	0.0
232	protein1	634.0	9.2	1.8514792000000002
232	protein2	417.4	6.8	2.1638094000000003
232	protein3	1359.8	20.4	1.9460218
232	r1	6.2	0.0	0.0
232	rnapol	1.2	0.0	0.0
233	__protein1_rbs	5.4	0.0	0.0
233	__protein2_rbs	4.0	0.0	0.0
233	__protein3_rbs	12.2	0.0	0.0
233	__ribosome	31.6	0.0	0.0
233	__rnase_site_ext	23.4	0.0	0.0
233	p0	1.0	0.0	0.0
233	p1	1.0	0.0	0.0
233	p2	1.0	0.0	0.0
233	protein1	638.0	9.6	1.7769841999999998
233	protein2	421.4	6.6	1.955873
233	protein3	1368.8	20.6	1.9013918
233	r1	6.2	0.0	0.0
233	rnapol	1.4	0.0	0.0
234	__protein1_rbs	5.6	0.0	0.0
234	__protein2_rbs	4.2	0.0	0.0
234	__protein3_rbs	13.0	0.0	0.0
234	__ribosome	31.6	0.0	0.0
234	__rnase_site_ext	23.0	0.0	0.0
234	p0	1.0	0.0	0.0
234	p1	0.8	0.0	0.0
234	p2	0.8	0.0	0.0
234	protein1	641.2	9.8	1.7642858
234	protein2	423.6	6.6	1.9885714
234	protein3	1376.8	21.0	1.8353802
234	r1	6.2	0.0	0.0
234	rnapol	1.2	0.0	0.0
235	__protein1_rbs	5.2	0.0	0.0
235	__protein2_rbs	3.8	0.0	0.0
235	__protein3_rbs	12.0	0.0	0.0
235	__ribosome	29.6	0.0	0.0
235	__rnase_site_ext	23.0	0.0	0.0
235	p0	1.0	0.0	0.0
235	p1	1.0	0.0	0.0
235	p2	0.8	0.0	0.0
235	protein1	645.0	10.0	1.854762
235	protein2	426.4	6.6	1.9828572
235	protein3	1384.6	20.8	1.8964276
235	r1	6.0	0.0	0.0
235	rnapol	1.0	0.0	0.0
236	__protein1_rbs	5.6	0.0	0.0
236	__protein2_rbs	3.8	0.0	0.0
236	__protein3_rbs	12.0	0.0	0.0
236	__ribosome	29.6	0.0	0.0
236	__rnase_site_ext	23.0	0.0	0.0
236	p0	1.0	0.0	0.0
236	p1	1.0	0.0	0.0
236	p2	0.8	0.0	0.0
236	protein1	649.4	9.8	1.8576192
236	protein2	429.4	6.6	1.9504761999999998
236	protein3	1393.2	20.8	1.914753
236	r1	6.2	0.0	0.0
236	rnapol	1.4	0.0	0.0
237	__protein1_rbs	5.4	0.0	0.0
237	__protein2_rbs	4.6	0.0	0.0
237	__protein3_rbs	12.4	0.0	0.0
237	__ribosome	28.6	0.0	0.0
237	__rnase_site_ext	23.2	0.0	0.0
237	p0	0.8	0.0	0.0
237	p1	0.8	0.0	0.0
237	p2	0.8	0.0	0.0
237	protein1	652.0	9.8	2.0666666
237	protein2	432.6	6.6	1.8444444
237	protein3	1400.2	20.6	1.968774
237	r1	6.2	0.0	0.0
237	rnapol	1.4	0.0	0.0
238	__protein1_rbs	5.0	0.0	0.0
238	__protein2_rbs	4.0	0.0	0.0
238	__protein3_rbs	11.6	0.0	0.0
238	__ribosome	26.2	0.0	0.0
238	__rnase_site_ext	23.6	0.0	0.0
238	p0	0.8	0.0	0.0
238	p1	1.0	0.0	0.0
238	p2	0.4	0.0	0.0
238	protein1	655.2	9.6	2.2860196
238	protein2	434.6	6.8	1.8971428
238	protein3	1408.6	20.6	1.982619
238	r1	6.2	0.0	0.0
238	rnapol	1.2	0.0	0.0
239	__protein1_rbs	5.6	0.0	0.0
239	__protein2_rbs	4.8	0.0	0.0
239	__protein3_rbs	14.4	0.0	0.0
239	__ribosome	31.0	0.0	0.0
239	__rnase_site_ext	24.0	0.0	0.0
239	p0	1.0	0.0	0.0
239	p1	1.0	0.0	0.0
239	p2	0.8	0.0	0.0
239	protein1	659.6	9.6	2.141636
239	protein2	437.4	6.8	1.7879366
239	protein3	1417.8	21.0	1.7864761999999998
239	r1	6.2	0.0	0.0
239	rnapol	1.4	0.0	0.0
240	__protein1_rbs	6.6	0.0	0.0
240	__protein2_rbs	3.2	0.0	0.0
240	__protein3_rbs	12.4	0.0	0.0
240	__ribosome	28.6	0.0	0.0
240	__rnase_site_ext	23.8	0.0	0.0
240	p0	0.8	0.0	0.0
240	p1	1.0	0.0	0.0
240	p2	0.8	0.0	0.0
240	protein1	664.4	9.8	1.9239928
240	protein2	439.6	6.6	2.0252380000000003
240	protein3	1424.6	21.4	1.8739546000000002
240	r1	6.2	0.0	0.0
240	rnapol	1.2	0.0	0.0
241	__protein1_rbs	5.4	0.0	0.0
241	__protein2_rbs	4.6	0.0	0.0
241	__protein3_rbs	12.8	0.0	0.0
241	__ribosome	30.0	0.0	0.0
241	__rnase_site_ext	24.0	0.0	0.0
241	p0	0.6	0.0	0.0
241	p1	1.0	0.0	0.0
241	p2	1.0	0.0	0.0
241	protein1	668.8	9.6	1.9829060000000005
241	protein2	442.4	6.6	1.8890478
241	protein3	1433.0	21.4	1.8509046
241	r1	6.2	0.0	0.0
241	rnapol	1.0	0.0	0.0
242	__protein1_rbs	6.2	0.0	0.0
242	__protein2_rbs	3.6	0.0	0.0
242	__protein3_rbs	13.2	0.0	0.0
242	__ribosome	28.4	0.0	0.0
242	__rnase_site_ext	23.6	0.0	0.0
242	p0	1.0	0.0	0.0
242	p1	1.0	0.0	0.0
242	p2	0.8	0.0	0.0
242	protein1	672.2	9.6	2.09725
242	protein2	444.2	6.6	1.9935714
242	protein3	1440.6	21.8	1.8218336
242	r1	6.2	0.0	0.0
242	rnapol	1.0	0.0	0.0
243	__protein1_rbs	6.8	0.0	0.0
243	__protein2_rbs	5.4	0.0	0.0
243	__protein3_rbs	13.2	0.0	0.0
243	__ribosome	31.2	0.0	0.0
243	__rnase_site_ext	23.8	0.0	0.0
243	p0	0.8	0.0	0.0
243	p1	1.0	0.0	0.0
243	p2	0.6	0.0	0.0
243	protein1	676.2	9.8	1.8758742
243	protein2	447.2	6.6	1.7990478
243	protein3	1448.2	21.2	1.8588669999999998
243	r1	6.2	0.0	0.0
243	rnapol	0.8	0.0	0.0
244	__protein1_rbs	6.0	0.0	0.0
244	__protein2_rbs	3.0	0.0	0.0
244	__protein3_rbs	11.8	0.0	0.0
244	__ribosome	31.0	0.0	0.0
244	__rnase_site_ext	23.4	0.0	0.0
244	p0	1.0	0.0	0.0
244	p1	1.0	0.0	0.0
244	p2	0.6	0.0	0.0
244	protein1	680.4	10.0	1.8908118000000005
244	protein2	450.0	6.6	1.8754761999999998
244	protein3	1457.6	21.0	1.8330810000000002
244	r1	6.4	0.0	0.0
244	rnapol	0.8	0.0	0.0
245	__protein1_rbs	4.8	0.0	0.0
245	__protein2_rbs	4.0	0.0	0.0
245	__protein3_rbs	12.8	0.0	0.0
245	__ribosome	29.8	0.0	0.0
245	__rnase_site_ext	23.8	0.0	0.0
245	p0	0.8	0.0	0.0
245	p1	0.8	0.0	0.0
245	p2	1.0	0.0	0.0
245	protein1	684.6	9.8	1.9357754
245	protein2	452.8	6.6	1.8630952
245	protein3	1464.4	21.0	1.8758311999999997
245	r1	6.6	0.0	0.0
245	rnapol	1.2	0.0	0.0
246	__protein1_rbs	6.8	0.0	0.0
246	__protein2_rbs	3.6	0.0	0.0
246	__protein3_rbs	13.8	0.0	0.0
246	__ribosome	29.6	0.0	0.0
246	__rnase_site_ext	24.4	0.0	0.0
246	p0	0.8	0.0	0.0
246	p1	0.6	0.0	0.0
246	p2	0.8	0.0	0.0
246	protein1	688.6	9.8	1.8195972
246	protein2	454.8	6.8	2.054603
246	protein3	1473.0	21.2	1.8588876
246	r1	6.6	0.0	0.0
246	rnapol	0.8	0.0	0.0
247	__protein1_rbs	5.8	0.0	0.0
247	__protein2_rbs	4.8	0.0	0.0
247	__protein3_rbs	12.8	0.0	0.0
247	__ribosome	29.0	0.0	0.0
247	__rnase_site_ext	24.2	0.0	0.0
247	p0	1.0	0.0	0.0
247	p1	0.8	0.0	0.0
247	p2	0.8	0.0	0.0
247	protein1	692.4	10.0	1.8234433999999997
247	protein2	458.2	6.8	1.8542855999999999
247	protein3	1480.2	20.6	1.9843004000000002
247	r1	6.6	0.0	0.0
247	rnapol	1.0	0.0	0.0
248	__protein1_rbs	7.2	0.0	0.0
248	__protein2_rbs	4.6	0.0	0.0
248	__protein3_rbs	12.6	0.0	0.0
248	__ribosome	28.0	0.0	0.0
248	__rnase_site_ext	24.4	0.0	0.0
248	p0	0.6	0.0	0.0
248	p1	1.0	0.0	0.0
248	p2	1.0	0.0	0.0
248	protein1	696.2	10.4	1.7750002000000005
248	protein2	459.2	7.0	2.0680952
248	protein3	1489.2	20.6	1.9408918000000002
248	r1	6.6	0.0	0.0
248	rnapol	0.8	0.0	0.0
249	__protein1_rbs	6.6	0.0	0.0
249	__protein2_rbs	4.8	0.0	0.0
249	__protein3_rbs	13.2	0.0	0.0
249	__ribosome	28.2	0.0	0.0
249	__rnase_site_ext	24.4	0.0	0.0
249	p0	1.0	0.0	0.0
249	p1	0.8	0.0	0.0
249	p2	1.0	0.0	0.0
249	protein1	699.6	10.6	1.7825398000000001
249	protein2	462.2	7.0	1.9202380000000001
249	protein3	1497.2	20.6	1.9577956000000003
249	r1	6.8	0.0	0.0
249	rnapol	0.8	0.0	0.0
250	__protein1_rbs	5.6	0.0	0.0
250	__protein2_rbs	4.4	0.0	0.0
250	__protein3_rbs	12.0	0.0	0.0
250	__ribosome	28.2	0.0	0.0
250	__rnase_site_ext	24.4	0.0	0.0
250	p0	1.0	0.0	0.0
250	p1	0.8	0.0	0.0
250	p2	0.8	0.0	0.0
250	protein1	703.6	10.6	1.8793650000000002
250	protein2	465.4	7.2	1.8158732
250	protein3	1505.4	20.4	1.959352
250	r1	6.6	0.0	0.0
250	rnapol	0.8	0.0	0.0
