time	species	protein	transcript	ribo_density
0	__protein1_rbs	0.0	0.0	0.0
0	__protein2_rbs	0.0	0.0	0.0
0	__protein3_rbs	0.0	0.0	0.0
0	__ribosome	100.0	0.0	0.0
0	__rnase_site_ext	0.0	0.0	0.0
0	p0	1.0	0.0	0.0
0	p2	1.0	0.0	0.0
0	r0	0.0	0.0	0.0
0	r1	0.0	0.0	0.0
0	rnapol	4.0	0.0	0.0
1	__protein1_rbs	0.0	0.0	0.0
1	__protein2_rbs	0.0	0.0	0.0
1	__protein3_rbs	0.0	0.0	0.0
1	__ribosome	100.0	0.0	0.0
1	__rnase_site_ext	1.6	0.0	0.0
1	p0	0.6	0.0	0.0
1	p2	0.2	0.0	0.0
1	r0	0.2	0.0	0.0
1	r1	0.0	0.0	0.0
1	rnapol	2.0	0.0	0.0
2	__protein1_rbs	0.2	0.0	0.0
2	__protein2_rbs	0.0	0.0	0.0
2	__protein3_rbs	0.6	0.0	0.0
2	__ribosome	99.8	0.0	0.0
2	__rnase_site_ext	3.0	0.0	0.0
2	p0	0.8	0.0	0.0
2	p2	0.2	0.0	0.0
2	protein1	0.0	0.4	0.2
2	protein3	0.0	0.6	0.0
2	r0	0.8	0.0	0.0
2	r1	0.0	0.0	0.0
2	rnapol	1.0	0.0	0.0
3	__protein1_rbs	0.4	0.0	0.0
3	__protein2_rbs	0.0	0.0	0.0
3	__protein3_rbs	0.0	0.0	0.0
3	__ribosome	98.2	0.0	0.0
3	__rnase_site_ext	3.6	0.0	0.0
3	p0	1.0	0.0	0.0
3	p2	0.4	0.0	0.0
3	protein1	0.0	1.0	0.8
3	protein3	0.0	1.0	1.0
3	r0	1.0	0.0	0.0
3	r1	0.0	0.0	0.0
3	rnapol	0.2	0.0	0.0
4	__protein1_rbs	0.4	0.0	0.0
4	__protein2_rbs	0.0	0.0	0.0
4	__protein3_rbs	0.6	0.0	0.0
4	__ribosome	96.4	0.0	0.0
4	__rnase_site_ext	4.0	0.0	0.0
4	p0	0.8	0.0	0.0
4	p2	1.0	0.0	0.0
4	protein1	0.0	1.2	1.2
4	protein3	0.0	2.0	1.1
4	r0	1.2	0.0	0.0
4	r1	0.0	0.0	0.0
4	rnapol	0.0	0.0	0.0
5	__protein1_rbs	0.4	0.0	0.0
5	__protein2_rbs	0.0	0.0	0.0
5	__protein3_rbs	1.0	0.0	0.0
5	__ribosome	94.2	0.0	0.0
5	__rnase_site_ext	4.0	0.0	0.0
5	p0	1.0	0.0	0.0
5	p2	1.0	0.0	0.0
5	protein1	0.0	1.2	1.9
5	protein3	0.0	2.4	1.5666666
5	r0	1.4	0.0	0.0
5	r1	0.0	0.0	0.0
5	rnapol	0.0	0.0	0.0
6	__protein1_rbs	0.6	0.0	0.0
6	__protein2_rbs	0.0	0.0	0.0
6	__protein3_rbs	0.8	0.0	0.0
6	__ribosome	91.6	0.0	0.0
6	__rnase_site_ext	4.0	0.0	0.0
6	p0	1.0	0.0	0.0
6	p2	1.0	0.0	0.0
6	protein1	0.0	1.4	2.2
6	protein3	0.0	2.6	2.1333333999999997
6	r0	1.4	0.0	0.0
6	r1	0.0	0.0	0.0
6	rnapol	0.2	0.0	0.0
7	__protein1_rbs	0.4	0.0	0.0
7	__protein2_rbs	0.0	0.0	0.0
7	__protein3_rbs	0.4	0.0	0.0
7	__ribosome	88.8	0.0	0.0
7	__rnase_site_ext	4.2	0.0	0.0
7	p0	0.8	0.0	0.0
7	p2	0.4	0.0	0.0
7	protein1	0.0	1.4	3.0
7	protein3	0.2	2.6	2.8333334
7	r0	1.4	0.0	0.0
7	r1	0.2	0.0	0.0
7	rnapol	0.2	0.0	0.0
8	__protein1_rbs	0.6	0.0	0.0
8	__protein2_rbs	0.0	0.0	0.0
8	__protein3_rbs	1.0	0.0	0.0
8	__ribosome	87.8	0.0	0.0
8	__rnase_site_ext	4.8	0.0	0.0
8	p0	0.6	0.0	0.0
8	p2	0.8	0.0	0.0
8	protein1	0.8	1.2	inf
8	protein3	0.6	2.6	3.0999998
8	r0	1.4	0.0	0.0
8	r1	0.2	0.0	0.0
8	rnapol	0.2	0.0	0.0
9	__protein1_rbs	0.2	0.0	0.0
9	__protein2_rbs	0.0	0.0	0.0
9	__protein3_rbs	1.0	0.0	0.0
9	__ribosome	87.6	0.0	0.0
9	__rnase_site_ext	5.2	0.0	0.0
9	p0	0.6	0.0	0.0
9	p2	0.8	0.0	0.0
9	protein1	1.8	1.4	inf
9	protein3	2.0	2.8	3.0333334
9	r0	1.4	0.0	0.0
9	r1	0.4	0.0	0.0
9	rnapol	0.4	0.0	0.0
10	__protein1_rbs	1.0	0.0	0.0
10	__protein2_rbs	0.0	0.0	0.0
10	__protein3_rbs	0.8	0.0	0.0
10	__ribosome	86.4	0.0	0.0
10	__rnase_site_ext	6.2	0.0	0.0
10	p0	0.2	0.0	0.0
10	p2	0.6	0.0	0.0
10	protein1	2.0	1.8	inf
10	protein2	0.0	0.2	0.2
10	protein3	3.4	3.0	3.0
10	r0	2.0	0.0	0.0
10	r1	0.6	0.0	0.0
10	rnapol	0.2	0.0	0.0
11	__protein1_rbs	0.8	0.0	0.0
11	__protein2_rbs	0.2	0.0	0.0
11	__protein3_rbs	1.8	0.0	0.0
11	__ribosome	86.2	0.0	0.0
11	__rnase_site_ext	6.8	0.0	0.0
11	p0	0.8	0.0	0.0
11	p2	1.0	0.0	0.0
11	protein1	3.0	2.2	1.8666666
11	protein2	0.0	0.4	0.4
11	protein3	4.8	3.4	2.75
11	r0	2.6	0.0	0.0
11	r1	0.6	0.0	0.0
11	rnapol	0.0	0.0	0.0
12	__protein1_rbs	1.0	0.0	0.0
12	__protein2_rbs	0.2	0.0	0.0
12	__protein3_rbs	0.2	0.0	0.0
12	__ribosome	83.2	0.0	0.0
12	__rnase_site_ext	6.6	0.0	0.0
12	p0	1.0	0.0	0.0
12	p2	1.0	0.0	0.0
12	protein1	3.8	2.6	2.0833332
12	protein2	0.0	0.6	1.0
12	protein3	6.6	3.8	2.7666666
12	r0	2.6	0.0	0.0
12	r1	0.6	0.0	0.0
12	rnapol	0.0	0.0	0.0
13	__protein1_rbs	1.0	0.0	0.0
13	__protein2_rbs	0.2	0.0	0.0
13	__protein3_rbs	0.8	0.0	0.0
13	__ribosome	80.8	0.0	0.0
13	__rnase_site_ext	6.6	0.0	0.0
13	p0	1.0	0.0	0.0
13	p2	1.0	0.0	0.0
13	protein1	4.4	2.6	2.4166666
13	protein2	0.0	0.6	1.4
13	protein3	8.6	4.0	2.9
13	r0	2.6	0.0	0.0
13	r1	0.6	0.0	0.0
13	rnapol	0.0	0.0	0.0
14	__protein1_rbs	1.0	0.0	0.0
14	__protein2_rbs	0.0	0.0	0.0
14	__protein3_rbs	1.4	0.0	0.0
14	__ribosome	79.4	0.0	0.0
14	__rnase_site_ext	6.6	0.0	0.0
14	p0	1.0	0.0	0.0
14	p2	0.8	0.0	0.0
14	protein1	5.6	2.6	2.6166668
14	protein2	0.0	0.6	1.8
14	protein3	10.0	4.0	3.05
14	r0	2.6	0.0	0.0
14	r1	0.6	0.0	0.0
14	rnapol	0.4	0.0	0.0
15	__protein1_rbs	1.6	0.0	0.0
15	__protein2_rbs	0.2	0.0	0.0
15	__protein3_rbs	1.0	0.0	0.0
15	__ribosome	77.8	0.0	0.0
15	__rnase_site_ext	6.8	0.0	0.0
15	p0	0.8	0.0	0.0
15	p2	0.6	0.0	0.0
15	protein1	6.0	2.6	2.9333334
15	protein2	0.2	0.6	2.0
15	protein3	12.4	4.0	3.2
15	r0	2.6	0.0	0.0
15	r1	0.8	0.0	0.0
15	rnapol	0.2	0.0	0.0
16	__protein1_rbs	1.0	0.0	0.0
16	__protein2_rbs	0.2	0.0	0.0
16	__protein3_rbs	1.8	0.0	0.0
16	__ribosome	77.4	0.0	0.0
16	__rnase_site_ext	7.6	0.0	0.0
16	p0	0.8	0.0	0.0
16	p2	0.4	0.0	0.0
16	protein1	7.8	2.8	2.9333334
16	protein2	0.4	0.6	2.0
16	protein3	13.8	4.0	3.34
16	r0	2.6	0.0	0.0
16	r1	1.0	0.0	0.0
16	rnapol	0.2	0.0	0.0
17	__protein1_rbs	0.4	0.0	0.0
17	__protein2_rbs	0.2	0.0	0.0
17	__protein3_rbs	1.6	0.0	0.0
17	__ribosome	77.6	0.0	0.0
17	__rnase_site_ext	7.8	0.0	0.0
17	p0	0.6	0.0	0.0
17	p2	0.6	0.0	0.0
17	protein1	9.2	2.6	3.2
17	protein2	1.0	0.8	2.0
17	protein3	17.0	4.4	2.9366666
17	r0	3.0	0.0	0.0
17	r1	1.4	0.0	0.0
17	rnapol	0.0	0.0	0.0
18	__protein1_rbs	1.2	0.0	0.0
18	__protein2_rbs	0.8	0.0	0.0
18	__protein3_rbs	1.6	0.0	0.0
18	__ribosome	77.2	0.0	0.0
18	__rnase_site_ext	8.4	0.0	0.0
18	p0	1.0	0.0	0.0
18	p2	0.8	0.0	0.0
18	protein1	10.6	3.0	2.72
18	protein2	1.2	1.0	1.7
18	protein3	19.6	4.8	2.72
18	r0	3.4	0.0	0.0
18	r1	1.6	0.0	0.0
18	rnapol	0.0	0.0	0.0
19	__protein1_rbs	1.0	0.0	0.0
19	__protein2_rbs	0.4	0.0	0.0
19	__protein3_rbs	2.4	0.0	0.0
19	__ribosome	75.8	0.0	0.0
19	__rnase_site_ext	8.0	0.0	0.0
19	p0	1.0	0.0	0.0
19	p2	0.8	0.0	0.0
19	protein1	12.0	3.4	2.5333332000000004
19	protein2	1.8	1.2	1.7
19	protein3	21.8	5.2	2.6333332
19	r0	3.4	0.0	0.0
19	r1	1.6	0.0	0.0
19	rnapol	0.0	0.0	0.0
20	__protein1_rbs	0.6	0.0	0.0
20	__protein2_rbs	0.6	0.0	0.0
20	__protein3_rbs	1.8	0.0	0.0
20	__ribosome	73.4	0.0	0.0
20	__rnase_site_ext	8.0	0.0	0.0
20	p0	1.0	0.0	0.0
20	p2	0.8	0.0	0.0
20	protein1	13.4	3.4	2.9066668000000004
20	protein2	2.2	1.4	1.9
20	protein3	24.2	5.4	2.5933333999999997
20	r0	3.4	0.0	0.0
20	r1	1.6	0.0	0.0
20	rnapol	0.0	0.0	0.0
21	__protein1_rbs	1.6	0.0	0.0
21	__protein2_rbs	0.4	0.0	0.0
21	__protein3_rbs	1.8	0.0	0.0
21	__ribosome	72.2	0.0	0.0
21	__rnase_site_ext	8.0	0.0	0.0
21	p0	1.0	0.0	0.0
21	p2	0.8	0.0	0.0
21	protein1	15.4	3.4	2.8266666000000003
21	protein2	2.4	1.6	2.4
21	protein3	27.0	5.4	2.7690474
21	r0	3.4	0.0	0.0
21	r1	1.6	0.0	0.0
21	rnapol	0.4	0.0	0.0
22	__protein1_rbs	1.4	0.0	0.0
22	__protein2_rbs	0.6	0.0	0.0
22	__protein3_rbs	1.6	0.0	0.0
22	__ribosome	69.8	0.0	0.0
22	__rnase_site_ext	8.0	0.0	0.0
22	p0	0.8	0.0	0.0
22	p2	0.8	0.0	0.0
22	protein1	16.6	3.2	3.2866665999999998
22	protein2	2.8	1.6	2.4333334
22	protein3	28.6	5.2	3.1595238
22	r0	3.2	0.0	0.0
22	r1	1.2	0.0	0.0
22	rnapol	0.2	0.0	0.0
23	__protein1_rbs	1.6	0.0	0.0
23	__protein2_rbs	0.4	0.0	0.0
23	__protein3_rbs	1.6	0.0	0.0
23	__ribosome	68.8	0.0	0.0
23	__rnase_site_ext	8.4	0.0	0.0
23	p0	1.0	0.0	0.0
23	p2	0.6	0.0	0.0
23	protein1	18.0	3.4	3.0666667999999997
23	protein2	3.2	1.6	3.0
23	protein3	32.0	5.2	3.0633332
23	r0	3.4	0.0	0.0
23	r1	1.2	0.0	0.0
23	rnapol	0.2	0.0	0.0
24	__protein1_rbs	1.8	0.0	0.0
24	__protein2_rbs	1.0	0.0	0.0
24	__protein3_rbs	2.4	0.0	0.0
24	__ribosome	69.8	0.0	0.0
24	__rnase_site_ext	8.8	0.0	0.0
24	p0	1.0	0.0	0.0
24	p2	0.4	0.0	0.0
24	protein1	20.4	3.4	2.8933334
24	protein2	3.8	1.6	3.0
24	protein3	34.8	5.2	3.0066667999999996
24	r0	3.4	0.0	0.0
24	r1	1.6	0.0	0.0
24	rnapol	0.6	0.0	0.0
25	__protein1_rbs	1.0	0.0	0.0
25	__protein2_rbs	0.6	0.0	0.0
25	__protein3_rbs	2.2	0.0	0.0
25	__ribosome	69.8	0.0	0.0
25	__rnase_site_ext	9.6	0.0	0.0
25	p0	0.8	0.0	0.0
25	p2	0.6	0.0	0.0
25	protein1	23.0	3.6	2.6766667999999996
25	protein2	4.6	1.6	3.1333333999999997
25	protein3	38.2	5.8	2.6790474
25	r0	3.6	0.0	0.0
25	r1	1.4	0.0	0.0
25	rnapol	0.2	0.0	0.0
26	__protein1_rbs	1.4	0.0	0.0
26	__protein2_rbs	0.8	0.0	0.0
26	__protein3_rbs	3.2	0.0	0.0
26	__ribosome	69.2	0.0	0.0
26	__rnase_site_ext	9.4	0.0	0.0
26	p0	0.8	0.0	0.0
26	p2	0.6	0.0	0.0
26	protein1	25.0	3.8	2.6166666000000003
26	protein2	5.8	1.6	2.9
26	protein3	40.4	6.0	2.7242858000000005
26	r0	4.0	0.0	0.0
26	r1	1.4	0.0	0.0
26	rnapol	0.2	0.0	0.0
27	__protein1_rbs	2.0	0.0	0.0
27	__protein2_rbs	1.0	0.0	0.0
27	__protein3_rbs	3.0	0.0	0.0
27	__ribosome	69.0	0.0	0.0
27	__rnase_site_ext	9.8	0.0	0.0
27	p0	1.0	0.0	0.0
27	p2	0.8	0.0	0.0
27	protein1	26.2	4.0	2.68
27	protein2	6.8	1.6	2.6
27	protein3	44.4	6.6	2.3607142000000003
27	r0	4.2	0.0	0.0
27	r1	1.4	0.0	0.0
27	rnapol	0.2	0.0	0.0
28	__protein1_rbs	2.6	0.0	0.0
28	__protein2_rbs	0.4	0.0	0.0
28	__protein3_rbs	1.6	0.0	0.0
28	__ribosome	66.8	0.0	0.0
28	__rnase_site_ext	9.8	0.0	0.0
28	p0	1.0	0.0	0.0
28	p2	0.8	0.0	0.0
28	protein1	28.2	4.2	2.5
28	protein2	7.2	1.4	3.7
28	protein3	47.2	6.4	2.7238094
28	r0	4.2	0.0	0.0
28	r1	1.4	0.0	0.0
28	rnapol	0.0	0.0	0.0
29	__protein1_rbs	1.2	0.0	0.0
29	__protein2_rbs	0.2	0.0	0.0
29	__protein3_rbs	3.8	0.0	0.0
29	__ribosome	66.2	0.0	0.0
29	__rnase_site_ext	9.4	0.0	0.0
29	p0	1.0	0.0	0.0
29	p2	1.0	0.0	0.0
29	protein1	30.2	4.2	2.64
29	protein2	8.4	1.4	3.3
29	protein3	49.6	7.0	2.5714286
29	r0	4.2	0.0	0.0
29	r1	1.4	0.0	0.0
29	rnapol	0.0	0.0	0.0
30	__protein1_rbs	1.6	0.0	0.0
30	__protein2_rbs	0.6	0.0	0.0
30	__protein3_rbs	2.6	0.0	0.0
30	__ribosome	66.2	0.0	0.0
30	__rnase_site_ext	9.6	0.0	0.0
30	p0	0.6	0.0	0.0
30	p2	1.0	0.0	0.0
30	protein1	32.4	4.2	2.6366666000000003
30	protein2	9.6	1.4	3.0
30	protein3	53.6	7.0	2.6428572000000004
30	r0	4.0	0.0	0.0
30	r1	1.6	0.0	0.0
30	rnapol	0.4	0.0	0.0
31	__protein1_rbs	1.6	0.0	0.0
31	__protein2_rbs	0.6	0.0	0.0
31	__protein3_rbs	2.4	0.0	0.0
31	__ribosome	65.0	0.0	0.0
31	__rnase_site_ext	9.8	0.0	0.0
31	p0	0.6	0.0	0.0
31	p2	0.6	0.0	0.0
31	protein1	34.2	4.0	2.8466666000000003
31	protein2	10.4	1.4	2.9
31	protein3	56.6	6.8	2.8285714000000004
31	r0	4.4	0.0	0.0
31	r1	1.8	0.0	0.0
31	rnapol	0.2	0.0	0.0
32	__protein1_rbs	2.0	0.0	0.0
32	__protein2_rbs	1.0	0.0	0.0
32	__protein3_rbs	3.4	0.0	0.0
32	__ribosome	64.4	0.0	0.0
32	__rnase_site_ext	10.2	0.0	0.0
32	p0	0.8	0.0	0.0
32	p2	0.4	0.0	0.0
32	protein1	36.6	4.6	2.5
32	protein2	11.2	1.8	2.4
32	protein3	59.6	6.6	2.982857
32	r0	4.8	0.0	0.0
32	r1	2.0	0.0	0.0
32	rnapol	0.4	0.0	0.0
33	__protein1_rbs	1.6	0.0	0.0
33	__protein2_rbs	1.0	0.0	0.0
33	__protein3_rbs	2.6	0.0	0.0
33	__ribosome	63.2	0.0	0.0
33	__rnase_site_ext	10.8	0.0	0.0
33	p0	1.0	0.0	0.0
33	p2	0.6	0.0	0.0
33	protein1	38.4	4.8	2.65
33	protein2	12.0	2.0	2.3
33	protein3	64.0	6.8	2.8714286
33	r0	5.0	0.0	0.0
33	r1	2.0	0.0	0.0
33	rnapol	0.2	0.0	0.0
34	__protein1_rbs	1.8	0.0	0.0
34	__protein2_rbs	0.4	0.0	0.0
34	__protein3_rbs	3.8	0.0	0.0
34	__ribosome	61.4	0.0	0.0
34	__rnase_site_ext	11.2	0.0	0.0
34	p0	0.8	0.0	0.0
34	p2	0.6	0.0	0.0
34	protein1	40.4	5.0	2.7533334000000003
34	protein2	12.6	2.0	3.3
34	protein3	67.4	7.4	2.617857
34	r0	5.0	0.0	0.0
34	r1	1.8	0.0	0.0
34	rnapol	0.0	0.0	0.0
35	__protein1_rbs	2.0	0.0	0.0
35	__protein2_rbs	0.6	0.0	0.0
35	__protein3_rbs	3.0	0.0	0.0
35	__ribosome	58.6	0.0	0.0
35	__rnase_site_ext	11.4	0.0	0.0
35	p0	1.0	0.0	0.0
35	p2	1.0	0.0	0.0
35	protein1	42.2	5.0	3.01
35	protein2	13.4	2.0	3.2333334
35	protein3	70.8	7.8	2.7107142000000004
35	r0	5.2	0.0	0.0
35	r1	1.6	0.0	0.0
35	rnapol	0.2	0.0	0.0
36	__protein1_rbs	1.8	0.0	0.0
36	__protein2_rbs	1.0	0.0	0.0
36	__protein3_rbs	2.8	0.0	0.0
36	__ribosome	59.0	0.0	0.0
36	__rnase_site_ext	11.6	0.0	0.0
36	p0	1.0	0.0	0.0
36	p2	0.8	0.0	0.0
36	protein1	45.0	5.2	2.9485714
36	protein2	14.2	2.0	3.0333334
36	protein3	75.8	8.2	2.4916666000000003
36	r0	5.2	0.0	0.0
36	r1	1.6	0.0	0.0
36	rnapol	0.0	0.0	0.0
37	__protein1_rbs	1.8	0.0	0.0
37	__protein2_rbs	0.6	0.0	0.0
37	__protein3_rbs	3.8	0.0	0.0
37	__ribosome	58.4	0.0	0.0
37	__rnase_site_ext	11.8	0.0	0.0
37	p0	1.0	0.0	0.0
37	p2	0.4	0.0	0.0
37	protein1	48.0	5.2	2.8442857999999998
37	protein2	15.8	2.0	2.9
37	protein3	79.2	8.4	2.5222222000000003
37	r0	5.2	0.0	0.0
37	r1	1.8	0.0	0.0
37	rnapol	0.0	0.0	0.0
38	__protein1_rbs	3.4	0.0	0.0
38	__protein2_rbs	1.2	0.0	0.0
38	__protein3_rbs	3.2	0.0	0.0
38	__ribosome	57.4	0.0	0.0
38	__rnase_site_ext	11.8	0.0	0.0
38	p0	1.0	0.0	0.0
38	p2	0.8	0.0	0.0
38	protein1	49.8	5.2	2.9442858000000003
38	protein2	16.8	1.6	3.4
38	protein3	82.6	8.4	2.663889
38	r0	5.2	0.0	0.0
38	r1	2.2	0.0	0.0
38	rnapol	0.2	0.0	0.0
39	__protein1_rbs	2.6	0.0	0.0
39	__protein2_rbs	0.8	0.0	0.0
39	__protein3_rbs	4.0	0.0	0.0
39	__ribosome	56.0	0.0	0.0
39	__rnase_site_ext	12.0	0.0	0.0
39	p0	0.8	0.0	0.0
39	p2	0.8	0.0	0.0
39	protein1	53.0	5.2	2.8928572000000004
39	protein2	17.2	1.6	3.8666666
39	protein3	86.6	8.8	2.6377778000000003
39	r0	5.2	0.0	0.0
39	r1	2.4	0.0	0.0
39	rnapol	0.2	0.0	0.0
40	__protein1_rbs	2.6	0.0	0.0
40	__protein2_rbs	0.8	0.0	0.0
40	__protein3_rbs	4.6	0.0	0.0
40	__ribosome	58.0	0.0	0.0
40	__rnase_site_ext	12.2	0.0	0.0
40	p0	0.8	0.0	0.0
40	p2	0.4	0.0	0.0
40	protein1	56.6	5.2	2.5771428
40	protein2	18.6	2.0	2.7666666
40	protein3	91.4	9.0	2.5816668
40	r0	5.6	0.0	0.0
40	r1	2.4	0.0	0.0
40	rnapol	0.2	0.0	0.0
41	__protein1_rbs	2.6	0.0	0.0
41	__protein2_rbs	1.0	0.0	0.0
41	__protein3_rbs	4.8	0.0	0.0
41	__ribosome	56.4	0.0	0.0
41	__rnase_site_ext	13.2	0.0	0.0
41	p0	1.0	0.0	0.0
41	p2	0.6	0.0	0.0
41	protein1	59.0	5.6	2.5533334
41	protein2	20.2	2.4	2.0666666
41	protein3	95.0	9.2	2.6766667999999996
41	r0	5.8	0.0	0.0
41	r1	2.6	0.0	0.0
41	rnapol	0.0	0.0	0.0
42	__protein1_rbs	3.0	0.0	0.0
42	__protein2_rbs	1.0	0.0	0.0
42	__protein3_rbs	3.4	0.0	0.0
42	__ribosome	55.0	0.0	0.0
42	__rnase_site_ext	13.2	0.0	0.0
42	p0	0.8	0.0	0.0
42	p2	0.8	0.0	0.0
42	protein1	62.2	6.0	2.3016666
42	protein2	21.2	2.6	2.1333332
42	protein3	99.6	9.4	2.7293436
42	r0	6.0	0.0	0.0
42	r1	2.6	0.0	0.0
42	rnapol	0.0	0.0	0.0
43	__protein1_rbs	2.8	0.0	0.0
43	__protein2_rbs	1.0	0.0	0.0
43	__protein3_rbs	3.4	0.0	0.0
43	__ribosome	53.0	0.0	0.0
43	__rnase_site_ext	13.0	0.0	0.0
43	p0	1.0	0.0	0.0
43	p2	1.0	0.0	0.0
43	protein1	64.4	6.0	2.4666666000000004
43	protein2	22.4	2.6	2.2666666
43	protein3	104.6	9.6	2.7454546000000004
43	r0	6.2	0.0	0.0
43	r1	2.6	0.0	0.0
43	rnapol	0.0	0.0	0.0
44	__protein1_rbs	3.6	0.0	0.0
44	__protein2_rbs	1.6	0.0	0.0
44	__protein3_rbs	4.6	0.0	0.0
44	__ribosome	53.2	0.0	0.0
44	__rnase_site_ext	13.0	0.0	0.0
44	p0	0.8	0.0	0.0
44	p2	1.0	0.0	0.0
44	protein1	67.6	6.2	2.3766666
44	protein2	22.8	2.6	2.4
44	protein3	109.2	9.6	2.6810606
44	r0	6.2	0.0	0.0
44	r1	2.6	0.0	0.0
44	rnapol	0.4	0.0	0.0
45	__protein1_rbs	3.2	0.0	0.0
45	__protein2_rbs	1.8	0.0	0.0
45	__protein3_rbs	4.0	0.0	0.0
45	__ribosome	54.2	0.0	0.0
45	__rnase_site_ext	13.6	0.0	0.0
45	p0	0.8	0.0	0.0
45	p2	0.6	0.0	0.0
45	protein1	70.4	6.2	2.4016666
45	protein2	23.6	2.6	2.3666666000000003
45	protein3	115.2	9.0	2.7693652
45	r0	6.2	0.0	0.0
45	r1	2.6	0.0	0.0
45	rnapol	0.0	0.0	0.0
46	__protein1_rbs	2.4	0.0	0.0
46	__protein2_rbs	1.4	0.0	0.0
46	__protein3_rbs	4.6	0.0	0.0
46	__ribosome	51.8	0.0	0.0
46	__rnase_site_ext	13.0	0.0	0.0
46	p0	1.0	0.0	0.0
46	p2	0.4	0.0	0.0
46	protein1	73.0	6.2	2.6116666000000004
46	protein2	24.6	2.6	2.3666666000000003
46	protein3	118.6	9.2	2.8019048
46	r0	6.4	0.0	0.0
46	r1	2.6	0.0	0.0
46	rnapol	0.4	0.0	0.0
47	__protein1_rbs	3.2	0.0	0.0
47	__protein2_rbs	1.6	0.0	0.0
47	__protein3_rbs	4.6	0.0	0.0
47	__ribosome	51.8	0.0	0.0
47	__rnase_site_ext	13.4	0.0	0.0
47	p0	0.8	0.0	0.0
47	p2	0.2	0.0	0.0
47	protein1	75.6	6.0	2.87
47	protein2	26.2	2.6	2.2333334
47	protein3	124.2	9.4	2.7226374
47	r0	6.0	0.0	0.0
47	r1	2.8	0.0	0.0
47	rnapol	0.2	0.0	0.0
48	__protein1_rbs	2.0	0.0	0.0
48	__protein2_rbs	2.0	0.0	0.0
48	__protein3_rbs	3.8	0.0	0.0
48	__ribosome	53.8	0.0	0.0
48	__rnase_site_ext	13.4	0.0	0.0
48	p0	1.0	0.0	0.0
48	p2	0.6	0.0	0.0
48	protein1	79.4	6.0	2.8866666000000003
48	protein2	27.8	2.6	1.8999998
48	protein3	130.0	9.6	2.4631168
48	r0	6.2	0.0	0.0
48	r1	3.2	0.0	0.0
48	rnapol	0.6	0.0	0.0
49	__protein1_rbs	3.4	0.0	0.0
49	__protein2_rbs	1.0	0.0	0.0
49	__protein3_rbs	2.6	0.0	0.0
49	__ribosome	52.2	0.0	0.0
49	__rnase_site_ext	13.8	0.0	0.0
49	p0	1.0	0.0	0.0
49	p2	0.6	0.0	0.0
49	protein1	83.0	6.0	2.6761904000000003
49	protein2	29.0	2.8	2.0666666
49	protein3	134.4	10.0	2.5858042
49	r0	6.2	0.0	0.0
49	r1	3.2	0.0	0.0
49	rnapol	0.2	0.0	0.0
50	__protein1_rbs	2.4	0.0	0.0
50	__protein2_rbs	0.6	0.0	0.0
50	__protein3_rbs	5.6	0.0	0.0
50	__ribosome	50.2	0.0	0.0
50	__rnase_site_ext	13.8	0.0	0.0
50	p0	1.0	0.0	0.0
50	p2	0.8	0.0	0.0
50	protein1	85.2	6.2	2.7714286
50	protein2	29.8	3.0	2.4
50	protein3	139.4	10.6	2.3776924
50	r0	6.2	0.0	0.0
50	r1	3.4	0.0	0.0
50	rnapol	0.0	0.0	0.0
51	__protein1_rbs	3.6	0.0	0.0
51	__protein2_rbs	1.8	0.0	0.0
51	__protein3_rbs	5.8	0.0	0.0
51	__ribosome	51.2	0.0	0.0
51	__rnase_site_ext	13.6	0.0	0.0
51	p0	1.0	0.0	0.0
51	p2	1.0	0.0	0.0
51	protein1	89.2	6.2	2.542857
51	protein2	31.2	3.2	2.3
51	protein3	144.0	11.0	2.3164104
51	r0	6.2	0.0	0.0
51	r1	3.6	0.0	0.0
51	rnapol	0.2	0.0	0.0
52	__protein1_rbs	2.8	0.0	0.0
52	__protein2_rbs	1.6	0.0	0.0
52	__protein3_rbs	6.0	0.0	0.0
52	__ribosome	49.4	0.0	0.0
52	__rnase_site_ext	13.8	0.0	0.0
52	p0	1.0	0.0	0.0
52	p2	0.8	0.0	0.0
52	protein1	92.8	6.2	2.462857
52	protein2	32.0	3.4	2.4666666
52	protein3	147.6	10.8	2.4894016
52	r0	6.0	0.0	0.0
52	r1	3.8	0.0	0.0
52	rnapol	0.0	0.0	0.0
53	__protein1_rbs	2.0	0.0	0.0
53	__protein2_rbs	2.2	0.0	0.0
53	__protein3_rbs	4.6	0.0	0.0
53	__ribosome	49.4	0.0	0.0
53	__rnase_site_ext	14.0	0.0	0.0
53	p0	1.0	0.0	0.0
53	p2	0.8	0.0	0.0
53	protein1	96.2	6.0	2.6399998
53	protein2	33.6	3.4	2.3333334
53	protein3	153.4	10.8	2.4881196
53	r0	6.0	0.0	0.0
53	r1	3.8	0.0	0.0
53	rnapol	0.2	0.0	0.0
54	__protein1_rbs	2.6	0.0	0.0
54	__protein2_rbs	1.2	0.0	0.0
54	__protein3_rbs	5.0	0.0	0.0
54	__ribosome	47.8	0.0	0.0
54	__rnase_site_ext	14.4	0.0	0.0
54	p0	1.0	0.0	0.0
54	p2	0.2	0.0	0.0
54	protein1	98.8	6.0	2.7885714
54	protein2	34.6	3.8	2.4333334
54	protein3	158.8	10.6	2.5198136000000004
54	r0	6.0	0.0	0.0
54	r1	3.8	0.0	0.0
54	rnapol	0.2	0.0	0.0
55	__protein1_rbs	2.8	0.0	0.0
55	__protein2_rbs	2.2	0.0	0.0
55	__protein3_rbs	6.0	0.0	0.0
55	__ribosome	48.2	0.0	0.0
55	__rnase_site_ext	15.0	0.0	0.0
55	p0	1.0	0.0	0.0
55	p2	0.4	0.0	0.0
55	protein1	102.2	6.0	2.7271428
55	protein2	36.8	3.8	2.1933333999999998
55	protein3	163.6	10.8	2.5344877999999995
55	r0	6.0	0.0	0.0
55	r1	3.8	0.0	0.0
55	rnapol	0.4	0.0	0.0
56	__protein1_rbs	2.6	0.0	0.0
56	__protein2_rbs	1.6	0.0	0.0
56	__protein3_rbs	5.0	0.0	0.0
56	__ribosome	47.8	0.0	0.0
56	__rnase_site_ext	15.4	0.0	0.0
56	p0	0.6	0.0	0.0
56	p2	0.6	0.0	0.0
56	protein1	105.2	5.8	2.7285714
56	protein2	38.2	3.8	2.3766666
56	protein3	169.0	11.4	2.4335356
56	r0	6.0	0.0	0.0
56	r1	4.0	0.0	0.0
56	rnapol	0.4	0.0	0.0
57	__protein1_rbs	3.0	0.0	0.0
57	__protein2_rbs	1.8	0.0	0.0
57	__protein3_rbs	5.6	0.0	0.0
57	__ribosome	46.4	0.0	0.0
57	__rnase_site_ext	15.8	0.0	0.0
57	p0	0.6	0.0	0.0
57	p2	0.8	0.0	0.0
57	protein1	108.2	6.4	2.5564286000000003
57	protein2	40.0	3.8	2.4666667999999996
57	protein3	174.0	11.8	2.3881818000000004
57	r0	6.4	0.0	0.0
57	r1	4.0	0.0	0.0
57	rnapol	0.0	0.0	0.0
58	__protein1_rbs	3.2	0.0	0.0
58	__protein2_rbs	2.0	0.0	0.0
58	__protein3_rbs	6.0	0.0	0.0
58	__ribosome	47.2	0.0	0.0
58	__rnase_site_ext	15.8	0.0	0.0
58	p0	1.0	0.0	0.0
58	p2	0.8	0.0	0.0
58	protein1	111.6	6.4	2.4878572
58	protein2	41.4	4.0	2.4766666
58	protein3	180.0	11.8	2.335065
58	r0	6.8	0.0	0.0
58	r1	4.0	0.0	0.0
58	rnapol	0.0	0.0	0.0
59	__protein1_rbs	3.4	0.0	0.0
59	__protein2_rbs	1.8	0.0	0.0
59	__protein3_rbs	6.0	0.0	0.0
59	__ribosome	46.8	0.0	0.0
59	__rnase_site_ext	15.8	0.0	0.0
59	p0	1.0	0.0	0.0
59	p2	0.8	0.0	0.0
59	protein1	114.8	6.8	2.2710316
59	protein2	43.8	4.0	2.5166668000000003
59	protein3	185.2	12.2	2.3037064000000003
59	r0	6.8	0.0	0.0
59	r1	4.0	0.0	0.0
59	rnapol	0.0	0.0	0.0
60	__protein1_rbs	2.4	0.0	0.0
60	__protein2_rbs	2.4	0.0	0.0
60	__protein3_rbs	7.0	0.0	0.0
60	__ribosome	45.4	0.0	0.0
60	__rnase_site_ext	15.6	0.0	0.0
60	p0	1.0	0.0	0.0
60	p2	0.4	0.0	0.0
60	protein1	117.6	6.8	2.5139683999999995
60	protein2	45.2	4.0	2.4833334
60	protein3	190.0	12.2	2.2979642000000005
60	r0	6.6	0.0	0.0
60	r1	3.8	0.0	0.0
60	rnapol	0.0	0.0	0.0
61	__protein1_rbs	3.2	0.0	0.0
61	__protein2_rbs	1.4	0.0	0.0
61	__protein3_rbs	7.2	0.0	0.0
61	__ribosome	45.6	0.0	0.0
61	__rnase_site_ext	16.0	0.0	0.0
61	p0	0.6	0.0	0.0
61	p2	0.8	0.0	0.0
61	protein1	121.4	6.6	2.4748414
61	protein2	46.6	4.0	2.6833334
61	protein3	195.6	12.4	2.25441
61	r0	6.6	0.0	0.0
61	r1	3.8	0.0	0.0
61	rnapol	0.2	0.0	0.0
62	__protein1_rbs	4.2	0.0	0.0
62	__protein2_rbs	1.8	0.0	0.0
62	__protein3_rbs	7.8	0.0	0.0
62	__ribosome	48.4	0.0	0.0
62	__rnase_site_ext	16.6	0.0	0.0
62	p0	0.6	0.0	0.0
62	p2	0.8	0.0	0.0
62	protein1	124.8	6.6	2.3439683999999996
62	protein2	49.0	4.0	2.5333334
62	protein3	202.0	12.8	2.072425
62	r0	7.0	0.0	0.0
62	r1	3.6	0.0	0.0
62	rnapol	0.0	0.0	0.0
63	__protein1_rbs	2.8	0.0	0.0
63	__protein2_rbs	1.8	0.0	0.0
63	__protein3_rbs	6.2	0.0	0.0
63	__ribosome	47.0	0.0	0.0
63	__rnase_site_ext	16.0	0.0	0.0
63	p0	1.0	0.0	0.0
63	p2	0.6	0.0	0.0
63	protein1	128.2	7.0	2.2570636000000004
63	protein2	51.2	4.0	2.4666666
63	protein3	207.8	13.0	2.1148534
63	r0	7.4	0.0	0.0
63	r1	4.2	0.0	0.0
63	rnapol	0.4	0.0	0.0
64	__protein1_rbs	3.0	0.0	0.0
64	__protein2_rbs	1.6	0.0	0.0
64	__protein3_rbs	6.2	0.0	0.0
64	__ribosome	43.8	0.0	0.0
64	__rnase_site_ext	16.2	0.0	0.0
64	p0	0.8	0.0	0.0
64	p2	0.6	0.0	0.0
64	protein1	130.6	7.0	2.4942857999999997
64	protein2	53.0	3.8	2.7833334
64	protein3	213.0	13.2	2.1932144
64	r0	7.0	0.0	0.0
64	r1	4.2	0.0	0.0
64	rnapol	0.2	0.0	0.0
65	__protein1_rbs	2.4	0.0	0.0
65	__protein2_rbs	1.6	0.0	0.0
65	__protein3_rbs	5.2	0.0	0.0
65	__ribosome	42.0	0.0	0.0
65	__rnase_site_ext	16.6	0.0	0.0
65	p0	1.0	0.0	0.0
65	p2	0.8	0.0	0.0
65	protein1	134.6	7.0	2.3987302
65	protein2	54.4	4.0	2.84
65	protein3	218.8	12.8	2.3767948
65	r0	7.2	0.0	0.0
65	r1	4.4	0.0	0.0
65	rnapol	0.2	0.0	0.0
66	__protein1_rbs	4.2	0.0	0.0
66	__protein2_rbs	2.8	0.0	0.0
66	__protein3_rbs	7.0	0.0	0.0
66	__ribosome	41.4	0.0	0.0
66	__rnase_site_ext	16.4	0.0	0.0
66	p0	1.0	0.0	0.0
66	p2	0.8	0.0	0.0
66	protein1	137.8	7.2	2.3330158
66	protein2	56.4	4.2	2.5066667999999996
66	protein3	223.0	13.4	2.3959664000000003
66	r0	7.2	0.0	0.0
66	r1	4.2	0.0	0.0
66	rnapol	0.0	0.0	0.0
67	__protein1_rbs	3.0	0.0	0.0
67	__protein2_rbs	2.8	0.0	0.0
67	__protein3_rbs	7.4	0.0	0.0
67	__ribosome	40.6	0.0	0.0
67	__rnase_site_ext	16.8	0.0	0.0
67	p0	0.8	0.0	0.0
67	p2	1.0	0.0	0.0
67	protein1	140.6	7.2	2.483492
67	protein2	58.8	4.4	2.1333332
67	protein3	228.6	13.6	2.3984314
67	r0	7.4	0.0	0.0
67	r1	4.0	0.0	0.0
67	rnapol	0.6	0.0	0.0
68	__protein1_rbs	4.2	0.0	0.0
68	__protein2_rbs	1.8	0.0	0.0
68	__protein3_rbs	7.4	0.0	0.0
68	__ribosome	41.4	0.0	0.0
68	__rnase_site_ext	17.4	0.0	0.0
68	p0	1.0	0.0	0.0
68	p2	0.4	0.0	0.0
68	protein1	144.2	7.4	2.341746
68	protein2	61.0	4.4	2.2133334
68	protein3	235.2	13.8	2.3524093999999995
68	r0	7.6	0.0	0.0
68	r1	4.2	0.0	0.0
68	rnapol	0.0	0.0	0.0
69	__protein1_rbs	4.4	0.0	0.0
69	__protein2_rbs	2.4	0.0	0.0
69	__protein3_rbs	6.2	0.0	0.0
69	__ribosome	41.2	0.0	0.0
69	__rnase_site_ext	17.2	0.0	0.0
69	p0	1.0	0.0	0.0
69	p2	1.0	0.0	0.0
69	protein1	147.2	7.6	2.3607936
69	protein2	62.8	4.4	2.2466666
69	protein3	242.2	13.4	2.3855767999999995
69	r0	7.6	0.0	0.0
69	r1	4.4	0.0	0.0
69	rnapol	0.2	0.0	0.0
70	__protein1_rbs	5.2	0.0	0.0
70	__protein2_rbs	1.8	0.0	0.0
70	__protein3_rbs	7.6	0.0	0.0
70	__ribosome	42.4	0.0	0.0
70	__rnase_site_ext	17.2	0.0	0.0
70	p0	0.8	0.0	0.0
70	p2	1.0	0.0	0.0
70	protein1	151.0	7.6	2.2013492
70	protein2	65.2	4.2	2.4533332000000003
70	protein3	248.6	14.0	2.2416867999999996
70	r0	7.6	0.0	0.0
70	r1	4.4	0.0	0.0
70	rnapol	0.0	0.0	0.0
71	__protein1_rbs	2.8	0.0	0.0
71	__protein2_rbs	2.2	0.0	0.0
71	__protein3_rbs	7.2	0.0	0.0
71	__ribosome	39.6	0.0	0.0
71	__rnase_site_ext	17.4	0.0	0.0
71	p0	1.0	0.0	0.0
71	p2	0.2	0.0	0.0
71	protein1	153.6	7.6	2.4160316
71	protein2	66.8	4.2	2.9066668
71	protein3	254.8	13.8	2.2752272000000002
71	r0	7.8	0.0	0.0
71	r1	4.4	0.0	0.0
71	rnapol	0.4	0.0	0.0
72	__protein1_rbs	4.4	0.0	0.0
72	__protein2_rbs	2.2	0.0	0.0
72	__protein3_rbs	7.6	0.0	0.0
72	__ribosome	40.6	0.0	0.0
72	__rnase_site_ext	17.8	0.0	0.0
72	p0	0.6	0.0	0.0
72	p2	0.6	0.0	0.0
72	protein1	158.8	7.6	2.1735714
72	protein2	68.2	4.6	3.0333334
72	protein3	260.4	13.8	2.347277
72	r0	7.6	0.0	0.0
72	r1	4.6	0.0	0.0
72	rnapol	0.2	0.0	0.0
73	__protein1_rbs	5.2	0.0	0.0
73	__protein2_rbs	2.4	0.0	0.0
73	__protein3_rbs	5.4	0.0	0.0
73	__ribosome	39.2	0.0	0.0
73	__rnase_site_ext	18.0	0.0	0.0
73	p0	1.0	0.0	0.0
73	p2	0.8	0.0	0.0
73	protein1	160.6	7.6	2.2380158
73	protein2	71.0	4.4	2.72
73	protein3	267.4	14.2	2.38105
73	r0	8.0	0.0	0.0
73	r1	4.4	0.0	0.0
73	rnapol	0.2	0.0	0.0
74	__protein1_rbs	4.0	0.0	0.0
74	__protein2_rbs	2.0	0.0	0.0
74	__protein3_rbs	8.0	0.0	0.0
74	__ribosome	39.0	0.0	0.0
74	__rnase_site_ext	18.2	0.0	0.0
74	p0	0.8	0.0	0.0
74	p2	0.8	0.0	0.0
74	protein1	164.6	8.0	2.1433334000000004
74	protein2	72.8	4.6	2.38
74	protein3	273.8	14.8	2.2470237999999996
74	r0	8.0	0.0	0.0
74	r1	4.6	0.0	0.0
74	rnapol	0.0	0.0	0.0
75	__protein1_rbs	5.8	0.0	0.0
75	__protein2_rbs	1.2	0.0	0.0
75	__protein3_rbs	8.8	0.0	0.0
75	__ribosome	38.4	0.0	0.0
75	__rnase_site_ext	17.8	0.0	0.0
75	p0	0.8	0.0	0.0
75	p2	0.8	0.0	0.0
75	protein1	167.0	7.8	2.1430158
75	protein2	74.6	4.6	2.5833332
75	protein3	279.2	14.8	2.2172620000000003
75	r0	8.0	0.0	0.0
75	r1	4.6	0.0	0.0
75	rnapol	0.2	0.0	0.0
76	__protein1_rbs	4.6	0.0	0.0
76	__protein2_rbs	2.2	0.0	0.0
76	__protein3_rbs	7.6	0.0	0.0
76	__ribosome	37.6	0.0	0.0
76	__rnase_site_ext	17.8	0.0	0.0
76	p0	0.8	0.0	0.0
76	p2	1.0	0.0	0.0
76	protein1	170.4	8.0	2.1394444
76	protein2	77.0	4.4	2.7166666
76	protein3	285.8	15.0	2.2653362
76	r0	7.8	0.0	0.0
76	r1	4.4	0.0	0.0
76	rnapol	0.0	0.0	0.0
77	__protein1_rbs	4.6	0.0	0.0
77	__protein2_rbs	2.2	0.0	0.0
77	__protein3_rbs	9.4	0.0	0.0
77	__ribosome	39.4	0.0	0.0
77	__rnase_site_ext	18.0	0.0	0.0
77	p0	1.0	0.0	0.0
77	p2	0.4	0.0	0.0
77	protein1	174.0	7.6	2.105
77	protein2	79.4	4.6	2.595238
77	protein3	292.4	15.0	2.192666
77	r0	7.8	0.0	0.0
77	r1	4.4	0.0	0.0
77	rnapol	0.0	0.0	0.0
78	__protein1_rbs	4.8	0.0	0.0
78	__protein2_rbs	1.6	0.0	0.0
78	__protein3_rbs	5.8	0.0	0.0
78	__ribosome	38.6	0.0	0.0
78	__rnase_site_ext	18.2	0.0	0.0
78	p0	1.0	0.0	0.0
78	p2	0.4	0.0	0.0
78	protein1	176.8	7.8	2.0888888000000003
78	protein2	81.6	4.6	2.7238094
78	protein3	300.0	14.8	2.2478318
78	r0	7.8	0.0	0.0
78	r1	4.6	0.0	0.0
78	rnapol	0.4	0.0	0.0
79	__protein1_rbs	4.2	0.0	0.0
79	__protein2_rbs	1.6	0.0	0.0
79	__protein3_rbs	9.0	0.0	0.0
79	__ribosome	39.2	0.0	0.0
79	__rnase_site_ext	18.4	0.0	0.0
79	p0	0.8	0.0	0.0
79	p2	0.4	0.0	0.0
79	protein1	180.8	7.8	2.0144444
79	protein2	83.6	4.6	2.8904762
79	protein3	306.6	14.8	2.1749433999999996
79	r0	7.8	0.0	0.0
79	r1	5.0	0.0	0.0
79	rnapol	0.2	0.0	0.0
80	__protein1_rbs	4.0	0.0	0.0
80	__protein2_rbs	2.0	0.0	0.0
80	__protein3_rbs	9.0	0.0	0.0
80	__ribosome	39.2	0.0	0.0
80	__rnase_site_ext	18.8	0.0	0.0
80	p0	0.4	0.0	0.0
80	p2	0.8	0.0	0.0
80	protein1	184.6	7.8	1.9983334
80	protein2	86.6	4.6	2.7761906
80	protein3	311.6	15.6	2.1482644
80	r0	7.8	0.0	0.0
80	r1	5.0	0.0	0.0
80	rnapol	0.2	0.0	0.0
81	__protein1_rbs	4.4	0.0	0.0
81	__protein2_rbs	3.0	0.0	0.0
81	__protein3_rbs	8.6	0.0	0.0
81	__ribosome	38.8	0.0	0.0
81	__rnase_site_ext	19.0	0.0	0.0
81	p0	1.0	0.0	0.0
81	p2	1.0	0.0	0.0
81	protein1	187.2	8.2	1.9694444000000004
81	protein2	88.6	5.0	2.3666666000000003
81	protein3	318.6	15.4	2.2026154
81	r0	8.2	0.0	0.0
81	r1	5.0	0.0	0.0
81	rnapol	0.2	0.0	0.0
82	__protein1_rbs	4.8	0.0	0.0
82	__protein2_rbs	2.6	0.0	0.0
82	__protein3_rbs	10.0	0.0	0.0
82	__ribosome	38.6	0.0	0.0
82	__rnase_site_ext	19.0	0.0	0.0
82	p0	1.0	0.0	0.0
82	p2	0.6	0.0	0.0
82	protein1	189.8	8.2	2.1305554
82	protein2	90.8	5.0	2.3416666
82	protein3	325.4	15.8	2.0646592
82	r0	8.0	0.0	0.0
82	r1	5.4	0.0	0.0
82	rnapol	0.0	0.0	0.0
83	__protein1_rbs	4.0	0.0	0.0
83	__protein2_rbs	2.4	0.0	0.0
83	__protein3_rbs	7.6	0.0	0.0
83	__ribosome	37.8	0.0	0.0
83	__rnase_site_ext	18.6	0.0	0.0
83	p0	1.0	0.0	0.0
83	p2	0.8	0.0	0.0
83	protein1	193.4	8.0	2.2460316000000002
83	protein2	93.4	5.0	2.375
83	protein3	332.8	15.8	2.0912231999999995
83	r0	8.0	0.0	0.0
83	r1	5.4	0.0	0.0
83	rnapol	0.2	0.0	0.0
84	__protein1_rbs	4.6	0.0	0.0
84	__protein2_rbs	2.4	0.0	0.0
84	__protein3_rbs	8.6	0.0	0.0
84	__ribosome	37.4	0.0	0.0
84	__rnase_site_ext	18.8	0.0	0.0
84	p0	0.8	0.0	0.0
84	p2	1.0	0.0	0.0
84	protein1	197.0	8.0	2.179365
84	protein2	95.2	5.4	2.2
84	protein3	339.6	16.0	2.0690476
84	r0	8.0	0.0	0.0
84	r1	5.6	0.0	0.0
84	rnapol	0.0	0.0	0.0
85	__protein1_rbs	5.0	0.0	0.0
85	__protein2_rbs	3.2	0.0	0.0
85	__protein3_rbs	8.4	0.0	0.0
85	__ribosome	39.0	0.0	0.0
85	__rnase_site_ext	18.8	0.0	0.0
85	p0	0.8	0.0	0.0
85	p2	1.0	0.0	0.0
85	protein1	199.8	8.0	2.1619048
85	protein2	98.2	5.4	1.9583334
85	protein3	345.8	15.6	2.125691600000001
85	r0	8.2	0.0	0.0
85	r1	5.6	0.0	0.0
85	rnapol	0.2	0.0	0.0
86	__protein1_rbs	4.2	0.0	0.0
86	__protein2_rbs	3.0	0.0	0.0
86	__protein3_rbs	9.0	0.0	0.0
86	__ribosome	37.4	0.0	0.0
86	__rnase_site_ext	19.0	0.0	0.0
86	p0	0.8	0.0	0.0
86	p2	0.6	0.0	0.0
86	protein1	203.6	8.2	2.0634919999999997
86	protein2	100.0	5.6	2.0483334
86	protein3	351.4	15.8	2.1524647999999997
86	r0	8.4	0.0	0.0
86	r1	5.6	0.0	0.0
86	rnapol	0.6	0.0	0.0
87	__protein1_rbs	5.8	0.0	0.0
87	__protein2_rbs	3.8	0.0	0.0
87	__protein3_rbs	8.6	0.0	0.0
87	__ribosome	37.8	0.0	0.0
87	__rnase_site_ext	19.6	0.0	0.0
87	p0	1.0	0.0	0.0
87	p2	0.6	0.0	0.0
87	protein1	207.0	8.4	1.9580952
87	protein2	102.0	5.6	2.1383334
87	protein3	358.0	15.4	2.193819
87	r0	8.6	0.0	0.0
87	r1	6.0	0.0	0.0
87	rnapol	0.4	0.0	0.0
88	__protein1_rbs	5.4	0.0	0.0
88	__protein2_rbs	3.6	0.0	0.0
88	__protein3_rbs	9.2	0.0	0.0
88	__ribosome	39.0	0.0	0.0
88	__rnase_site_ext	19.4	0.0	0.0
88	p0	1.0	0.0	0.0
88	p2	0.6	0.0	0.0
88	protein1	211.0	8.6	1.8863492
88	protein2	104.2	5.6	2.205
88	protein3	365.4	15.8	2.0744546
88	r0	8.6	0.0	0.0
88	r1	5.8	0.0	0.0
88	rnapol	0.4	0.0	0.0
89	__protein1_rbs	4.2	0.0	0.0
89	__protein2_rbs	2.8	0.0	0.0
89	__protein3_rbs	8.6	0.0	0.0
89	__ribosome	37.4	0.0	0.0
89	__rnase_site_ext	19.8	0.0	0.0
89	p0	0.6	0.0	0.0
89	p2	0.8	0.0	0.0
89	protein1	214.2	8.6	1.9644444000000003
89	protein2	106.4	6.0	2.0333332
89	protein3	372.0	16.0	2.0706894
89	r0	8.4	0.0	0.0
89	r1	5.6	0.0	0.0
89	rnapol	0.2	0.0	0.0
90	__protein1_rbs	5.4	0.0	0.0
90	__protein2_rbs	4.6	0.0	0.0
90	__protein3_rbs	9.0	0.0	0.0
90	__ribosome	38.4	0.0	0.0
90	__rnase_site_ext	20.0	0.0	0.0
90	p0	0.8	0.0	0.0
90	p2	0.4	0.0	0.0
90	protein1	217.0	8.4	2.0807142
90	protein2	109.8	6.0	1.735
90	protein3	377.8	16.2	2.0795268000000005
90	r0	8.8	0.0	0.0
90	r1	5.2	0.0	0.0
90	rnapol	0.2	0.0	0.0
91	__protein1_rbs	4.8	0.0	0.0
91	__protein2_rbs	2.2	0.0	0.0
91	__protein3_rbs	9.4	0.0	0.0
91	__ribosome	37.6	0.0	0.0
91	__rnase_site_ext	20.0	0.0	0.0
91	p0	1.0	0.0	0.0
91	p2	0.6	0.0	0.0
91	protein1	221.2	8.6	1.9414286
91	protein2	111.8	5.8	2.1171428000000003
91	protein3	385.4	16.4	2.0502714
91	r0	8.8	0.0	0.0
91	r1	5.2	0.0	0.0
91	rnapol	0.0	0.0	0.0
92	__protein1_rbs	4.8	0.0	0.0
92	__protein2_rbs	3.6	0.0	0.0
92	__protein3_rbs	9.6	0.0	0.0
92	__ribosome	35.0	0.0	0.0
92	__rnase_site_ext	19.8	0.0	0.0
92	p0	1.0	0.0	0.0
92	p2	0.8	0.0	0.0
92	protein1	223.0	8.8	2.153492
92	protein2	114.0	5.8	2.1766666
92	protein3	391.8	16.6	2.0481397999999995
92	r0	8.6	0.0	0.0
92	r1	5.2	0.0	0.0
92	rnapol	0.0	0.0	0.0
93	__protein1_rbs	5.6	0.0	0.0
93	__protein2_rbs	2.6	0.0	0.0
93	__protein3_rbs	11.0	0.0	0.0
93	__ribosome	35.4	0.0	0.0
93	__rnase_site_ext	20.0	0.0	0.0
93	p0	0.8	0.0	0.0
93	p2	0.6	0.0	0.0
93	protein1	226.8	8.6	2.124762
93	protein2	116.4	5.8	2.2416668
93	protein3	397.8	16.8	2.020166
93	r0	8.6	0.0	0.0
93	r1	5.4	0.0	0.0
93	rnapol	0.0	0.0	0.0
94	__protein1_rbs	5.2	0.0	0.0
94	__protein2_rbs	2.6	0.0	0.0
94	__protein3_rbs	9.8	0.0	0.0
94	__ribosome	37.8	0.0	0.0
94	__rnase_site_ext	19.6	0.0	0.0
94	p0	1.0	0.0	0.0
94	p2	0.6	0.0	0.0
94	protein1	231.0	8.6	2.0339681999999994
94	protein2	119.4	5.4	2.26
94	protein3	404.2	16.6	2.0145284
94	r0	8.8	0.0	0.0
94	r1	5.6	0.0	0.0
94	rnapol	0.0	0.0	0.0
95	__protein1_rbs	4.8	0.0	0.0
95	__protein2_rbs	2.8	0.0	0.0
95	__protein3_rbs	9.2	0.0	0.0
95	__ribosome	36.4	0.0	0.0
95	__rnase_site_ext	19.6	0.0	0.0
95	p0	0.4	0.0	0.0
95	p2	0.4	0.0	0.0
95	protein1	234.6	8.8	1.9969047999999998
95	protein2	120.8	5.2	2.5
95	protein3	412.4	17.0	1.97
95	r0	8.6	0.0	0.0
95	r1	5.6	0.0	0.0
95	rnapol	0.2	0.0	0.0
96	__protein1_rbs	5.6	0.0	0.0
96	__protein2_rbs	2.8	0.0	0.0
96	__protein3_rbs	9.6	0.0	0.0
96	__ribosome	37.2	0.0	0.0
96	__rnase_site_ext	20.0	0.0	0.0
96	p0	0.6	0.0	0.0
96	p2	1.0	0.0	0.0
96	protein1	238.0	8.6	2.0861038
96	protein2	123.6	5.6	2.3219048
96	protein3	419.2	17.2	1.9111904
96	r0	9.0	0.0	0.0
96	r1	5.8	0.0	0.0
96	rnapol	0.2	0.0	0.0
97	__protein1_rbs	4.8	0.0	0.0
97	__protein2_rbs	3.0	0.0	0.0
97	__protein3_rbs	9.0	0.0	0.0
97	__ribosome	35.6	0.0	0.0
97	__rnase_site_ext	19.8	0.0	0.0
97	p0	1.0	0.0	0.0
97	p2	0.8	0.0	0.0
97	protein1	241.6	9.2	2.0446608
97	protein2	125.8	5.6	2.2204762000000002
97	protein3	425.4	16.8	2.0161835999999997
97	r0	9.2	0.0	0.0
97	r1	5.8	0.0	0.0
97	rnapol	0.2	0.0	0.0
98	__protein1_rbs	5.6	0.0	0.0
98	__protein2_rbs	3.0	0.0	0.0
98	__protein3_rbs	10.2	0.0	0.0
98	__ribosome	34.6	0.0	0.0
98	__rnase_site_ext	19.8	0.0	0.0
98	p0	1.0	0.0	0.0
98	p2	0.6	0.0	0.0
98	protein1	244.8	9.2	2.0476912
98	protein2	128.6	5.8	2.1407142000000006
98	protein3	430.8	16.8	2.0921990000000004
98	r0	8.8	0.0	0.0
98	r1	6.0	0.0	0.0
98	rnapol	0.0	0.0	0.0
99	__protein1_rbs	4.8	0.0	0.0
99	__protein2_rbs	3.2	0.0	0.0
99	__protein3_rbs	10.4	0.0	0.0
99	__ribosome	33.4	0.0	0.0
99	__rnase_site_ext	19.8	0.0	0.0
99	p0	0.8	0.0	0.0
99	p2	0.8	0.0	0.0
99	protein1	248.2	8.8	2.3840404
99	protein2	131.2	5.8	2.0938093999999996
99	protein3	437.4	17.0	2.0924604
99	r0	8.8	0.0	0.0
99	r1	5.8	0.0	0.0
99	rnapol	0.0	0.0	0.0
100	__protein1_rbs	4.8	0.0	0.0
100	__protein2_rbs	4.8	0.0	0.0
100	__protein3_rbs	9.6	0.0	0.0
100	__ribosome	33.6	0.0	0.0
100	__rnase_site_ext	20.2	0.0	0.0
100	p0	0.6	0.0	0.0
100	p2	0.8	0.0	0.0
100	protein1	252.4	8.8	2.3321357999999996
100	protein2	133.2	6.0	1.9
100	protein3	444.4	17.2	2.1201768000000003
100	r0	9.0	0.0	0.0
100	r1	6.0	0.0	0.0
100	rnapol	0.0	0.0	0.0
101	__protein1_rbs	4.2	0.0	0.0
101	__protein2_rbs	3.8	0.0	0.0
101	__protein3_rbs	9.6	0.0	0.0
101	__ribosome	32.0	0.0	0.0
101	__rnase_site_ext	20.4	0.0	0.0
101	p0	1.0	0.0	0.0
101	p2	1.0	0.0	0.0
101	protein1	255.6	9.0	2.3873018000000004
101	protein2	135.6	6.0	1.854762
101	protein3	451.6	17.2	2.1280556
101	r0	9.4	0.0	0.0
101	r1	5.8	0.0	0.0
101	rnapol	0.2	0.0	0.0
102	__protein1_rbs	6.0	0.0	0.0
102	__protein2_rbs	2.8	0.0	0.0
102	__protein3_rbs	9.8	0.0	0.0
102	__ribosome	32.6	0.0	0.0
102	__rnase_site_ext	20.2	0.0	0.0
102	p0	1.0	0.0	0.0
102	p2	0.2	0.0	0.0
102	protein1	259.4	9.2	2.2102098
102	protein2	137.4	5.8	2.1754759999999997
102	protein3	460.2	17.4	2.0615978
102	r0	9.2	0.0	0.0
102	r1	6.0	0.0	0.0
102	rnapol	0.4	0.0	0.0
103	__protein1_rbs	4.8	0.0	0.0
103	__protein2_rbs	3.4	0.0	0.0
103	__protein3_rbs	10.0	0.0	0.0
103	__ribosome	33.8	0.0	0.0
103	__rnase_site_ext	20.4	0.0	0.0
103	p0	0.8	0.0	0.0
103	p2	0.6	0.0	0.0
103	protein1	263.6	9.2	2.152261
103	protein2	141.0	6.0	1.8735714
103	protein3	466.8	17.2	2.1117063999999997
103	r0	9.2	0.0	0.0
103	r1	6.2	0.0	0.0
103	rnapol	0.0	0.0	0.0
104	__protein1_rbs	4.6	0.0	0.0
104	__protein2_rbs	3.0	0.0	0.0
104	__protein3_rbs	10.0	0.0	0.0
104	__ribosome	32.6	0.0	0.0
104	__rnase_site_ext	20.4	0.0	0.0
104	p0	1.0	0.0	0.0
104	p2	0.8	0.0	0.0
104	protein1	268.4	9.0	2.1436296
104	protein2	143.0	6.0	1.9761906000000002
104	protein3	473.2	17.6	2.1012493999999995
104	r0	9.2	0.0	0.0
104	r1	6.2	0.0	0.0
104	rnapol	0.2	0.0	0.0
105	__protein1_rbs	5.2	0.0	0.0
105	__protein2_rbs	3.6	0.0	0.0
105	__protein3_rbs	9.6	0.0	0.0
105	__ribosome	30.4	0.0	0.0
105	__rnase_site_ext	20.0	0.0	0.0
105	p0	0.8	0.0	0.0
105	p2	1.0	0.0	0.0
105	protein1	271.8	9.2	2.2631744
105	protein2	144.8	6.4	2.0215080000000003
105	protein3	480.0	17.8	2.1063396
105	r0	9.2	0.0	0.0
105	r1	6.0	0.0	0.0
105	rnapol	0.0	0.0	0.0
106	__protein1_rbs	5.6	0.0	0.0
106	__protein2_rbs	4.4	0.0	0.0
106	__protein3_rbs	10.8	0.0	0.0
106	__ribosome	33.2	0.0	0.0
106	__rnase_site_ext	20.0	0.0	0.0
106	p0	0.6	0.0	0.0
106	p2	0.6	0.0	0.0
106	protein1	275.8	8.8	2.1643822
106	protein2	147.4	6.4	1.9764286
106	protein3	487.8	17.8	2.0754452000000003
106	r0	8.8	0.0	0.0
106	r1	5.8	0.0	0.0
106	rnapol	0.0	0.0	0.0
107	__protein1_rbs	5.6	0.0	0.0
107	__protein2_rbs	3.4	0.0	0.0
107	__protein3_rbs	10.0	0.0	0.0
107	__ribosome	31.2	0.0	0.0
107	__rnase_site_ext	20.4	0.0	0.0
107	p0	1.0	0.0	0.0
107	p2	0.8	0.0	0.0
107	protein1	278.6	8.8	2.2055556000000003
107	protein2	149.6	6.2	2.0644446
107	protein3	495.4	17.8	2.1400398000000003
107	r0	9.0	0.0	0.0
107	r1	5.8	0.0	0.0
107	rnapol	0.2	0.0	0.0
108	__protein1_rbs	6.0	0.0	0.0
108	__protein2_rbs	3.0	0.0	0.0
108	__protein3_rbs	11.2	0.0	0.0
108	__ribosome	33.4	0.0	0.0
108	__rnase_site_ext	20.6	0.0	0.0
108	p0	0.8	0.0	0.0
108	p2	1.0	0.0	0.0
108	protein1	284.0	9.0	1.8476192
108	protein2	151.8	6.0	2.2755554000000004
108	protein3	502.6	17.6	2.1421994
108	r0	9.0	0.0	0.0
108	r1	6.0	0.0	0.0
108	rnapol	0.0	0.0	0.0
109	__protein1_rbs	4.4	0.0	0.0
109	__protein2_rbs	3.2	0.0	0.0
109	__protein3_rbs	8.8	0.0	0.0
109	__ribosome	31.2	0.0	0.0
109	__rnase_site_ext	20.8	0.0	0.0
109	p0	0.8	0.0	0.0
109	p2	0.6	0.0	0.0
109	protein1	287.4	9.0	1.9011904
109	protein2	154.0	6.0	2.3988888000000004
109	protein3	510.0	17.8	2.1832288
109	r0	9.2	0.0	0.0
109	r1	6.0	0.0	0.0
109	rnapol	0.2	0.0	0.0
110	__protein1_rbs	4.8	0.0	0.0
110	__protein2_rbs	4.2	0.0	0.0
110	__protein3_rbs	10.6	0.0	0.0
110	__ribosome	33.4	0.0	0.0
110	__rnase_site_ext	20.6	0.0	0.0
110	p0	1.0	0.0	0.0
110	p2	0.4	0.0	0.0
110	protein1	291.0	9.2	1.8916666000000002
110	protein2	157.4	6.2	1.9833332
110	protein3	517.6	17.6	2.1636386
110	r0	9.4	0.0	0.0
110	r1	5.6	0.0	0.0
110	rnapol	0.4	0.0	0.0
111	__protein1_rbs	4.6	0.0	0.0
111	__protein2_rbs	2.6	0.0	0.0
111	__protein3_rbs	11.2	0.0	0.0
111	__ribosome	33.0	0.0	0.0
111	__rnase_site_ext	20.6	0.0	0.0
111	p0	0.6	0.0	0.0
111	p2	0.4	0.0	0.0
111	protein1	294.6	9.2	1.9666666000000002
111	protein2	159.6	6.0	2.18
111	protein3	525.6	17.6	2.0863046
111	r0	9.2	0.0	0.0
111	r1	5.6	0.0	0.0
111	rnapol	0.0	0.0	0.0
112	__protein1_rbs	5.8	0.0	0.0
112	__protein2_rbs	3.6	0.0	0.0
112	__protein3_rbs	11.0	0.0	0.0
112	__ribosome	34.0	0.0	0.0
112	__rnase_site_ext	20.4	0.0	0.0
112	p0	0.8	0.0	0.0
112	p2	0.6	0.0	0.0
112	protein1	297.6	9.4	1.9595238000000001
112	protein2	161.6	6.0	2.1733333999999997
112	protein3	533.2	17.8	2.0138689999999997
112	r0	9.6	0.0	0.0
112	r1	5.8	0.0	0.0
112	rnapol	0.0	0.0	0.0
113	__protein1_rbs	5.0	0.0	0.0
113	__protein2_rbs	3.6	0.0	0.0
113	__protein3_rbs	10.8	0.0	0.0
113	__ribosome	33.8	0.0	0.0
113	__rnase_site_ext	20.6	0.0	0.0
113	p0	1.0	0.0	0.0
113	p2	1.0	0.0	0.0
113	protein1	301.4	9.4	2.0047618000000003
113	protein2	164.4	6.2	2.1511112000000003
113	protein3	540.6	17.4	2.0536366000000004
113	r0	9.4	0.0	0.0
113	r1	5.8	0.0	0.0
113	rnapol	0.2	0.0	0.0
114	__protein1_rbs	5.6	0.0	0.0
114	__protein2_rbs	4.0	0.0	0.0
114	__protein3_rbs	9.0	0.0	0.0
114	__ribosome	33.0	0.0	0.0
114	__rnase_site_ext	20.8	0.0	0.0
114	p0	0.8	0.0	0.0
114	p2	1.0	0.0	0.0
114	protein1	304.6	9.4	2.1551282000000005
114	protein2	167.2	5.6	inf
114	protein3	547.8	18.0	2.0653954000000003
114	r0	9.4	0.0	0.0
114	r1	5.8	0.0	0.0
114	rnapol	0.2	0.0	0.0
115	__protein1_rbs	6.4	0.0	0.0
115	__protein2_rbs	3.0	0.0	0.0
115	__protein3_rbs	12.6	0.0	0.0
115	__ribosome	34.2	0.0	0.0
115	__rnase_site_ext	20.6	0.0	0.0
115	p0	1.0	0.0	0.0
115	p2	0.4	0.0	0.0
115	protein1	308.4	9.6	2.0108973999999997
115	protein2	169.2	5.8	2.79
115	protein3	555.2	18.0	1.9615356
115	r0	9.6	0.0	0.0
115	r1	6.0	0.0	0.0
115	rnapol	0.0	0.0	0.0
116	__protein1_rbs	6.2	0.0	0.0
116	__protein2_rbs	4.2	0.0	0.0
116	__protein3_rbs	11.0	0.0	0.0
116	__ribosome	35.2	0.0	0.0
116	__rnase_site_ext	20.4	0.0	0.0
116	p0	1.0	0.0	0.0
116	p2	0.8	0.0	0.0
116	protein1	311.8	9.6	2.0144688000000004
116	protein2	171.6	6.0	1.9955556
116	protein3	562.6	18.0	1.962512
116	r0	9.6	0.0	0.0
116	r1	6.0	0.0	0.0
116	rnapol	0.4	0.0	0.0
117	__protein1_rbs	5.4	0.0	0.0
117	__protein2_rbs	3.8	0.0	0.0
117	__protein3_rbs	10.0	0.0	0.0
117	__ribosome	34.6	0.0	0.0
117	__rnase_site_ext	20.2	0.0	0.0
117	p0	1.0	0.0	0.0
117	p2	0.4	0.0	0.0
117	protein1	315.8	9.4	2.0166666
117	protein2	174.4	6.0	1.5833334
117	protein3	568.8	17.8	2.0480709999999998
117	r0	9.2	0.0	0.0
117	r1	6.0	0.0	0.0
117	rnapol	0.0	0.0	0.0
118	__protein1_rbs	4.6	0.0	0.0
118	__protein2_rbs	3.4	0.0	0.0
118	__protein3_rbs	9.8	0.0	0.0
118	__ribosome	34.0	0.0	0.0
118	__rnase_site_ext	20.2	0.0	0.0
118	p0	1.0	0.0	0.0
118	p2	1.0	0.0	0.0
118	protein1	320.2	9.4	2.0523808
118	protein2	176.6	6.0	1.7177778000000001
118	protein3	576.4	17.8	2.04108
118	r0	9.4	0.0	0.0
118	r1	5.8	0.0	0.0
118	rnapol	0.0	0.0	0.0
119	__protein1_rbs	6.0	0.0	0.0
119	__protein2_rbs	3.6	0.0	0.0
119	__protein3_rbs	10.4	0.0	0.0
119	__ribosome	35.0	0.0	0.0
119	__rnase_site_ext	20.2	0.0	0.0
119	p0	0.8	0.0	0.0
119	p2	0.6	0.0	0.0
119	protein1	324.6	9.2	1.9845238
119	protein2	179.2	6.2	1.6711112000000001
119	protein3	583.6	18.4	1.9863598
119	r0	9.0	0.0	0.0
119	r1	5.8	0.0	0.0
119	rnapol	0.6	0.0	0.0
120	__protein1_rbs	4.0	0.0	0.0
120	__protein2_rbs	5.0	0.0	0.0
120	__protein3_rbs	10.8	0.0	0.0
120	__ribosome	33.0	0.0	0.0
120	__rnase_site_ext	20.8	0.0	0.0
120	p0	0.8	0.0	0.0
120	p2	0.4	0.0	0.0
120	protein1	327.2	8.8	2.4438093999999997
120	protein2	180.8	6.4	1.588889
120	protein3	590.2	18.2	2.032264
120	r0	9.0	0.0	0.0
120	r1	5.8	0.0	0.0
120	rnapol	0.2	0.0	0.0
121	__protein1_rbs	5.0	0.0	0.0
121	__protein2_rbs	3.4	0.0	0.0
121	__protein3_rbs	9.4	0.0	0.0
121	__ribosome	32.0	0.0	0.0
121	__rnase_site_ext	20.4	0.0	0.0
121	p0	1.0	0.0	0.0
121	p2	0.6	0.0	0.0
121	protein1	331.0	9.2	2.316795
121	protein2	183.0	6.0	1.8972222000000003
121	protein3	598.0	18.2	2.0828432
121	r0	9.2	0.0	0.0
121	r1	5.8	0.0	0.0
121	rnapol	0.2	0.0	0.0
122	__protein1_rbs	4.4	0.0	0.0
122	__protein2_rbs	3.6	0.0	0.0
122	__protein3_rbs	11.2	0.0	0.0
122	__ribosome	30.6	0.0	0.0
122	__rnase_site_ext	20.2	0.0	0.0
122	p0	0.6	0.0	0.0
122	p2	0.8	0.0	0.0
122	protein1	333.8	8.8	2.4477272
122	protein2	185.6	6.2	1.9733333999999998
122	protein3	604.6	18.6	2.0266338
122	r0	8.6	0.0	0.0
122	r1	5.8	0.0	0.0
122	rnapol	0.2	0.0	0.0
123	__protein1_rbs	5.0	0.0	0.0
123	__protein2_rbs	3.8	0.0	0.0
123	__protein3_rbs	10.6	0.0	0.0
123	__ribosome	33.4	0.0	0.0
123	__rnase_site_ext	20.8	0.0	0.0
123	p0	1.0	0.0	0.0
123	p2	0.6	0.0	0.0
123	protein1	339.0	8.6	2.1879652000000003
123	protein2	187.6	5.8	2.0104762000000003
123	protein3	612.0	18.6	2.026265
123	r0	9.0	0.0	0.0
123	r1	5.8	0.0	0.0
123	rnapol	0.2	0.0	0.0
124	__protein1_rbs	4.8	0.0	0.0
124	__protein2_rbs	2.8	0.0	0.0
124	__protein3_rbs	10.8	0.0	0.0
124	__ribosome	32.0	0.0	0.0
124	__rnase_site_ext	21.2	0.0	0.0
124	p0	1.0	0.0	0.0
124	p2	0.4	0.0	0.0
124	protein1	343.0	9.0	2.0714286
124	protein2	190.0	5.8	2.1485714
124	protein3	618.8	18.8	2.0352401999999996
124	r0	9.0	0.0	0.0
124	r1	5.8	0.0	0.0
124	rnapol	0.4	0.0	0.0
125	__protein1_rbs	5.0	0.0	0.0
125	__protein2_rbs	2.2	0.0	0.0
125	__protein3_rbs	11.8	0.0	0.0
125	__ribosome	31.8	0.0	0.0
125	__rnase_site_ext	21.8	0.0	0.0
125	p0	1.0	0.0	0.0
125	p2	0.4	0.0	0.0
125	protein1	346.2	9.0	2.25
125	protein2	191.6	5.8	2.265238
125	protein3	627.4	18.8	1.9204493999999999
125	r0	9.2	0.0	0.0
125	r1	5.8	0.0	0.0
125	rnapol	0.2	0.0	0.0
126	__protein1_rbs	6.0	0.0	0.0
126	__protein2_rbs	3.0	0.0	0.0
126	__protein3_rbs	10.4	0.0	0.0
126	__ribosome	32.0	0.0	0.0
126	__rnase_site_ext	21.4	0.0	0.0
126	p0	0.8	0.0	0.0
126	p2	0.8	0.0	0.0
126	protein1	350.4	9.2	2.0182538
126	protein2	194.0	5.8	2.3857142000000002
126	protein3	634.6	19.2	1.9359904
126	r0	9.2	0.0	0.0
126	r1	5.6	0.0	0.0
126	rnapol	0.2	0.0	0.0
127	__protein1_rbs	5.2	0.0	0.0
127	__protein2_rbs	3.6	0.0	0.0
127	__protein3_rbs	13.0	0.0	0.0
127	__ribosome	32.2	0.0	0.0
127	__rnase_site_ext	21.8	0.0	0.0
127	p0	0.8	0.0	0.0
127	p2	0.6	0.0	0.0
127	protein1	353.6	9.2	2.0626982
127	protein2	196.6	5.8	2.2990476
127	protein3	641.4	19.6	1.8688596000000002
127	r0	9.4	0.0	0.0
127	r1	5.6	0.0	0.0
127	rnapol	0.0	0.0	0.0
128	__protein1_rbs	5.6	0.0	0.0
128	__protein2_rbs	2.4	0.0	0.0
128	__protein3_rbs	11.2	0.0	0.0
128	__ribosome	32.4	0.0	0.0
128	__rnase_site_ext	22.6	0.0	0.0
128	p0	0.6	0.0	0.0
128	p2	0.6	0.0	0.0
128	protein1	358.0	9.2	2.0063131999999997
128	protein2	199.0	5.6	2.539365
128	protein3	649.8	19.6	1.8331866
128	r0	9.4	0.0	0.0
128	r1	5.6	0.0	0.0
128	rnapol	0.2	0.0	0.0
129	__protein1_rbs	5.4	0.0	0.0
129	__protein2_rbs	3.4	0.0	0.0
129	__protein3_rbs	12.2	0.0	0.0
129	__ribosome	32.4	0.0	0.0
129	__rnase_site_ext	22.6	0.0	0.0
129	p0	1.0	0.0	0.0
129	p2	0.8	0.0	0.0
129	protein1	361.6	9.4	1.9698414
129	protein2	201.2	5.6	2.3515872000000004
129	protein3	656.2	19.8	1.8551693999999999
129	r0	9.8	0.0	0.0
129	r1	5.4	0.0	0.0
129	rnapol	0.4	0.0	0.0
130	__protein1_rbs	6.0	0.0	0.0
130	__protein2_rbs	3.8	0.0	0.0
130	__protein3_rbs	11.0	0.0	0.0
130	__ribosome	32.4	0.0	0.0
130	__rnase_site_ext	22.4	0.0	0.0
130	p0	0.8	0.0	0.0
130	p2	0.6	0.0	0.0
130	protein1	365.6	9.6	1.8036364
130	protein2	204.2	5.8	2.2350000000000003
130	protein3	663.0	19.4	2.0066176
130	r0	9.6	0.0	0.0
130	r1	5.0	0.0	0.0
130	rnapol	0.0	0.0	0.0
131	__protein1_rbs	5.2	0.0	0.0
131	__protein2_rbs	3.8	0.0	0.0
131	__protein3_rbs	11.4	0.0	0.0
131	__ribosome	33.0	0.0	0.0
131	__rnase_site_ext	23.0	0.0	0.0
131	p0	1.0	0.0	0.0
131	p2	1.0	0.0	0.0
131	protein1	368.6	9.4	1.959762
131	protein2	207.8	5.6	2.0911112000000003
131	protein3	671.2	19.8	1.9501666000000002
131	r0	9.6	0.0	0.0
131	r1	4.8	0.0	0.0
131	rnapol	0.2	0.0	0.0
132	__protein1_rbs	5.4	0.0	0.0
132	__protein2_rbs	3.6	0.0	0.0
132	__protein3_rbs	11.8	0.0	0.0
132	__ribosome	29.8	0.0	0.0
132	__rnase_site_ext	23.2	0.0	0.0
132	p0	1.0	0.0	0.0
132	p2	0.4	0.0	0.0
132	protein1	372.0	9.8	2.0031818
132	protein2	210.0	5.6	2.1283334
132	protein3	677.2	19.8	2.0682221999999997
132	r0	9.8	0.0	0.0
132	r1	4.8	0.0	0.0
132	rnapol	0.2	0.0	0.0
133	__protein1_rbs	5.0	0.0	0.0
133	__protein2_rbs	3.6	0.0	0.0
133	__protein3_rbs	12.0	0.0	0.0
133	__ribosome	30.0	0.0	0.0
133	__rnase_site_ext	23.0	0.0	0.0
133	p0	1.0	0.0	0.0
133	p2	0.8	0.0	0.0
133	protein1	375.4	9.8	2.0665152
133	protein2	212.2	5.2	2.1259526
133	protein3	685.2	19.8	2.0382456
133	r0	9.8	0.0	0.0
133	r1	4.8	0.0	0.0
133	rnapol	0.4	0.0	0.0
134	__protein1_rbs	6.8	0.0	0.0
134	__protein2_rbs	2.8	0.0	0.0
134	__protein3_rbs	11.4	0.0	0.0
134	__ribosome	31.2	0.0	0.0
134	__rnase_site_ext	22.8	0.0	0.0
134	p0	1.0	0.0	0.0
134	p2	0.6	0.0	0.0
134	protein1	378.8	9.6	2.0527706
134	protein2	214.4	5.2	2.0266666
134	protein3	694.4	20.0	1.9964286
134	r0	9.6	0.0	0.0
134	r1	4.4	0.0	0.0
134	rnapol	0.4	0.0	0.0
135	__protein1_rbs	5.2	0.0	0.0
135	__protein2_rbs	3.0	0.0	0.0
135	__protein3_rbs	11.0	0.0	0.0
135	__ribosome	31.0	0.0	0.0
135	__rnase_site_ext	22.6	0.0	0.0
135	p0	1.0	0.0	0.0
135	p2	0.6	0.0	0.0
135	protein1	382.6	9.6	2.134199
135	protein2	217.2	5.0	2.0066666
135	protein3	701.8	20.0	1.9876752
135	r0	9.6	0.0	0.0
135	r1	4.8	0.0	0.0
135	rnapol	0.6	0.0	0.0
136	__protein1_rbs	5.6	0.0	0.0
136	__protein2_rbs	4.0	0.0	0.0
136	__protein3_rbs	13.4	0.0	0.0
136	__ribosome	34.4	0.0	0.0
136	__rnase_site_ext	23.2	0.0	0.0
136	p0	0.8	0.0	0.0
136	p2	0.6	0.0	0.0
136	protein1	387.6	9.6	1.958723
136	protein2	218.0	5.0	2.0483334
136	protein3	710.6	20.2	1.8624776
136	r0	9.6	0.0	0.0
136	r1	4.6	0.0	0.0
136	rnapol	0.4	0.0	0.0
137	__protein1_rbs	5.4	0.0	0.0
137	__protein2_rbs	2.6	0.0	0.0
137	__protein3_rbs	10.4	0.0	0.0
137	__ribosome	32.2	0.0	0.0
137	__rnase_site_ext	23.4	0.0	0.0
137	p0	0.8	0.0	0.0
137	p2	0.8	0.0	0.0
137	protein1	391.6	9.4	1.9999349999999998
137	protein2	220.8	5.0	1.92
137	protein3	716.8	19.8	2.0599621999999997
137	r0	9.6	0.0	0.0
137	r1	4.8	0.0	0.0
137	rnapol	0.2	0.0	0.0
138	__protein1_rbs	5.6	0.0	0.0
138	__protein2_rbs	3.0	0.0	0.0
138	__protein3_rbs	11.6	0.0	0.0
138	__ribosome	33.0	0.0	0.0
138	__rnase_site_ext	23.0	0.0	0.0
138	p0	1.0	0.0	0.0
138	p2	0.8	0.0	0.0
138	protein1	395.6	9.6	1.9931818
138	protein2	223.0	4.8	1.8228572
138	protein3	725.2	20.0	2.0229702
138	r0	9.8	0.0	0.0
138	r1	4.6	0.0	0.0
138	rnapol	0.0	0.0	0.0
139	__protein1_rbs	6.6	0.0	0.0
139	__protein2_rbs	2.2	0.0	0.0
139	__protein3_rbs	11.2	0.0	0.0
139	__ribosome	31.2	0.0	0.0
139	__rnase_site_ext	23.4	0.0	0.0
139	p0	1.0	0.0	0.0
139	p2	0.6	0.0	0.0
139	protein1	398.6	9.6	2.045
139	protein2	224.6	4.8	2.0252380000000003
139	protein3	732.8	19.8	2.0559256
139	r0	9.6	0.0	0.0
139	r1	4.6	0.0	0.0
139	rnapol	0.4	0.0	0.0
140	__protein1_rbs	5.6	0.0	0.0
140	__protein2_rbs	3.4	0.0	0.0
140	__protein3_rbs	11.0	0.0	0.0
140	__ribosome	31.8	0.0	0.0
140	__rnase_site_ext	23.4	0.0	0.0
140	p0	1.0	0.0	0.0
140	p2	0.6	0.0	0.0
140	protein1	402.6	9.6	2.1083334
140	protein2	226.4	4.8	1.9419047999999999
140	protein3	741.2	19.4	2.0680576
140	r0	9.6	0.0	0.0
140	r1	4.6	0.0	0.0
140	rnapol	0.2	0.0	0.0
141	__protein1_rbs	6.2	0.0	0.0
141	__protein2_rbs	2.4	0.0	0.0
141	__protein3_rbs	12.0	0.0	0.0
141	__ribosome	30.8	0.0	0.0
141	__rnase_site_ext	23.6	0.0	0.0
141	p0	0.8	0.0	0.0
141	p2	0.6	0.0	0.0
141	protein1	407.0	9.6	1.9483334
141	protein2	227.6	4.6	2.3085714
141	protein3	748.2	19.6	2.1195002
141	r0	9.6	0.0	0.0
141	r1	4.6	0.0	0.0
141	rnapol	0.2	0.0	0.0
142	__protein1_rbs	5.4	0.0	0.0
142	__protein2_rbs	3.2	0.0	0.0
142	__protein3_rbs	10.8	0.0	0.0
142	__ribosome	30.4	0.0	0.0
142	__rnase_site_ext	23.8	0.0	0.0
142	p0	1.0	0.0	0.0
142	p2	0.6	0.0	0.0
142	protein1	410.4	9.6	2.015
142	protein2	229.6	4.6	2.1885714
142	protein3	756.6	20.0	2.0733332
142	r0	9.8	0.0	0.0
142	r1	4.4	0.0	0.0
142	rnapol	0.2	0.0	0.0
143	__protein1_rbs	6.6	0.0	0.0
143	__protein2_rbs	3.6	0.0	0.0
143	__protein3_rbs	10.4	0.0	0.0
143	__ribosome	30.8	0.0	0.0
143	__rnase_site_ext	23.4	0.0	0.0
143	p0	0.6	0.0	0.0
143	p2	0.6	0.0	0.0
143	protein1	414.4	9.6	1.8832468
143	protein2	231.6	4.6	2.0076192
143	protein3	764.6	20.2	2.1262576
143	r0	9.6	0.0	0.0
143	r1	4.6	0.0	0.0
143	rnapol	0.2	0.0	0.0
144	__protein1_rbs	6.0	0.0	0.0
144	__protein2_rbs	2.8	0.0	0.0
144	__protein3_rbs	12.0	0.0	0.0
144	__ribosome	32.2	0.0	0.0
144	__rnase_site_ext	23.6	0.0	0.0
144	p0	1.0	0.0	0.0
144	p2	0.6	0.0	0.0
144	protein1	418.0	9.8	1.8654894
144	protein2	234.2	4.6	1.9390474
144	protein3	773.0	20.2	2.0540848
144	r0	10.0	0.0	0.0
144	r1	4.6	0.0	0.0
144	rnapol	0.6	0.0	0.0
145	__protein1_rbs	6.0	0.0	0.0
145	__protein2_rbs	3.4	0.0	0.0
145	__protein3_rbs	11.6	0.0	0.0
145	__ribosome	33.0	0.0	0.0
145	__rnase_site_ext	24.0	0.0	0.0
145	p0	0.8	0.0	0.0
145	p2	0.4	0.0	0.0
145	protein1	421.8	10.0	1.8251282
145	protein2	236.2	4.6	1.7923808
145	protein3	781.2	19.8	2.0795716
145	r0	9.8	0.0	0.0
145	r1	4.8	0.0	0.0
145	rnapol	0.0	0.0	0.0
146	__protein1_rbs	6.6	0.0	0.0
146	__protein2_rbs	1.6	0.0	0.0
146	__protein3_rbs	10.8	0.0	0.0
146	__ribosome	31.4	0.0	0.0
146	__rnase_site_ext	23.8	0.0	0.0
146	p0	0.8	0.0	0.0
146	p2	0.8	0.0	0.0
146	protein1	426.0	9.8	1.8071428
146	protein2	238.2	4.6	1.934762
146	protein3	789.0	20.2	2.1337714
146	r0	10.0	0.0	0.0
146	r1	4.8	0.0	0.0
146	rnapol	0.2	0.0	0.0
147	__protein1_rbs	6.8	0.0	0.0
147	__protein2_rbs	2.4	0.0	0.0
147	__protein3_rbs	13.0	0.0	0.0
147	__ribosome	31.2	0.0	0.0
147	__rnase_site_ext	23.8	0.0	0.0
147	p0	1.0	0.0	0.0
147	p2	0.8	0.0	0.0
147	protein1	429.2	10.0	1.7474604
147	protein2	239.4	4.6	2.1933333999999998
147	protein3	797.6	20.6	2.0543568
147	r0	10.2	0.0	0.0
147	r1	4.8	0.0	0.0
147	rnapol	0.2	0.0	0.0
148	__protein1_rbs	4.8	0.0	0.0
148	__protein2_rbs	3.0	0.0	0.0
148	__protein3_rbs	14.0	0.0	0.0
148	__ribosome	30.0	0.0	0.0
148	__rnase_site_ext	23.6	0.0	0.0
148	p0	0.8	0.0	0.0
148	p2	0.8	0.0	0.0
148	protein1	432.4	10.2	1.9004762
148	protein2	241.0	4.8	2.0933333999999997
148	protein3	805.8	20.4	2.0238494
148	r0	10.0	0.0	0.0
148	r1	5.0	0.0	0.0
148	rnapol	0.0	0.0	0.0
149	__protein1_rbs	6.4	0.0	0.0
149	__protein2_rbs	3.4	0.0	0.0
149	__protein3_rbs	10.6	0.0	0.0
149	__ribosome	31.2	0.0	0.0
149	__rnase_site_ext	23.4	0.0	0.0
149	p0	0.4	0.0	0.0
149	p2	1.0	0.0	0.0
149	protein1	437.0	10.0	1.8216668000000005
149	protein2	242.8	4.8	2.0833334
149	protein3	814.6	19.8	2.0892652
149	r0	9.8	0.0	0.0
149	r1	5.0	0.0	0.0
149	rnapol	0.0	0.0	0.0
150	__protein1_rbs	5.6	0.0	0.0
150	__protein2_rbs	3.2	0.0	0.0
150	__protein3_rbs	12.0	0.0	0.0
150	__ribosome	30.4	0.0	0.0
150	__rnase_site_ext	23.6	0.0	0.0
150	p0	1.0	0.0	0.0
150	p2	1.0	0.0	0.0
150	protein1	439.8	10.0	1.9346970000000001
150	protein2	244.6	4.8	2.0066666
150	protein3	822.2	19.8	2.0843412
150	r0	10.4	0.0	0.0
150	r1	5.0	0.0	0.0
150	rnapol	0.0	0.0	0.0
151	__protein1_rbs	5.6	0.0	0.0
151	__protein2_rbs	2.4	0.0	0.0
151	__protein3_rbs	10.4	0.0	0.0
151	__ribosome	31.4	0.0	0.0
151	__rnase_site_ext	23.2	0.0	0.0
151	p0	0.6	0.0	0.0
151	p2	1.0	0.0	0.0
151	protein1	443.4	10.4	1.9135354
151	protein2	247.0	5.0	1.9216666000000004
151	protein3	832.6	19.2	2.0364645999999995
151	r0	10.4	0.0	0.0
151	r1	5.0	0.0	0.0
151	rnapol	0.2	0.0	0.0
152	__protein1_rbs	6.0	0.0	0.0
152	__protein2_rbs	3.6	0.0	0.0
152	__protein3_rbs	11.0	0.0	0.0
152	__ribosome	30.2	0.0	0.0
152	__rnase_site_ext	22.8	0.0	0.0
152	p0	1.0	0.0	0.0
152	p2	0.6	0.0	0.0
152	protein1	446.4	10.4	1.9951824
152	protein2	248.6	5.0	1.8966666
152	protein3	839.6	19.0	2.0825728
152	r0	10.8	0.0	0.0
152	r1	5.0	0.0	0.0
152	rnapol	0.6	0.0	0.0
153	__protein1_rbs	7.6	0.0	0.0
153	__protein2_rbs	2.8	0.0	0.0
153	__protein3_rbs	10.6	0.0	0.0
153	__ribosome	32.6	0.0	0.0
153	__rnase_site_ext	23.2	0.0	0.0
153	p0	1.0	0.0	0.0
153	p2	0.6	0.0	0.0
153	protein1	452.2	10.8	1.7384992
153	protein2	250.8	5.2	1.9188888
153	protein3	847.2	18.0	2.183809
153	r0	10.8	0.0	0.0
153	r1	5.2	0.0	0.0
153	rnapol	0.0	0.0	0.0
154	__protein1_rbs	5.4	0.0	0.0
154	__protein2_rbs	3.2	0.0	0.0
154	__protein3_rbs	10.8	0.0	0.0
154	__ribosome	33.2	0.0	0.0
154	__rnase_site_ext	23.2	0.0	0.0
154	p0	1.0	0.0	0.0
154	p2	0.8	0.0	0.0
154	protein1	455.8	10.6	1.9013362
154	protein2	252.8	5.2	1.8488888000000003
154	protein3	855.8	18.0	2.0871657999999997
154	r0	10.6	0.0	0.0
154	r1	5.4	0.0	0.0
154	rnapol	0.2	0.0	0.0
155	__protein1_rbs	6.4	0.0	0.0
155	__protein2_rbs	3.0	0.0	0.0
155	__protein3_rbs	10.4	0.0	0.0
155	__ribosome	33.4	0.0	0.0
155	__rnase_site_ext	23.4	0.0	0.0
155	p0	0.8	0.0	0.0
155	p2	0.8	0.0	0.0
155	protein1	459.4	10.6	1.9442424000000005
155	protein2	253.8	5.0	2.0555554000000003
155	protein3	863.8	17.8	2.0494736
155	r0	10.6	0.0	0.0
155	r1	5.6	0.0	0.0
155	rnapol	0.2	0.0	0.0
156	__protein1_rbs	5.6	0.0	0.0
156	__protein2_rbs	3.2	0.0	0.0
156	__protein3_rbs	11.0	0.0	0.0
156	__ribosome	35.6	0.0	0.0
156	__rnase_site_ext	23.8	0.0	0.0
156	p0	1.0	0.0	0.0
156	p2	0.8	0.0	0.0
156	protein1	463.6	10.6	2.0198602
156	protein2	256.4	5.4	1.7311112000000002
156	protein3	872.4	17.6	1.9267416
156	r0	11.0	0.0	0.0
156	r1	5.8	0.0	0.0
156	rnapol	0.0	0.0	0.0
157	__protein1_rbs	6.4	0.0	0.0
157	__protein2_rbs	3.6	0.0	0.0
157	__protein3_rbs	8.8	0.0	0.0
157	__ribosome	32.4	0.0	0.0
157	__rnase_site_ext	23.4	0.0	0.0
157	p0	1.0	0.0	0.0
157	p2	0.8	0.0	0.0
157	protein1	467.4	11.0	2.0046154
157	protein2	257.8	5.6	1.8055556000000001
157	protein3	879.2	17.6	2.0445718
157	r0	11.0	0.0	0.0
157	r1	5.8	0.0	0.0
157	rnapol	0.0	0.0	0.0
158	__protein1_rbs	5.8	0.0	0.0
158	__protein2_rbs	3.6	0.0	0.0
158	__protein3_rbs	9.8	0.0	0.0
158	__ribosome	32.8	0.0	0.0
158	__rnase_site_ext	23.4	0.0	0.0
158	p0	1.0	0.0	0.0
158	p2	1.0	0.0	0.0
158	protein1	471.8	10.8	2.0683916
158	protein2	260.0	5.6	1.7633333999999998
158	protein3	886.4	17.6	2.017193
158	r0	10.8	0.0	0.0
158	r1	6.0	0.0	0.0
158	rnapol	0.0	0.0	0.0
159	__protein1_rbs	6.8	0.0	0.0
159	__protein2_rbs	2.8	0.0	0.0
159	__protein3_rbs	10.2	0.0	0.0
159	__ribosome	31.6	0.0	0.0
159	__rnase_site_ext	23.6	0.0	0.0
159	p0	0.8	0.0	0.0
159	p2	0.6	0.0	0.0
159	protein1	476.0	10.8	2.0548252
159	protein2	262.0	6.0	1.7977778000000002
159	protein3	893.8	17.6	2.0200464
159	r0	10.8	0.0	0.0
159	r1	6.0	0.0	0.0
159	rnapol	0.0	0.0	0.0
160	__protein1_rbs	5.8	0.0	0.0
160	__protein2_rbs	4.2	0.0	0.0
160	__protein3_rbs	10.8	0.0	0.0
160	__ribosome	31.6	0.0	0.0
160	__rnase_site_ext	23.4	0.0	0.0
160	p0	0.8	0.0	0.0
160	p2	0.6	0.0	0.0
160	protein1	480.8	10.6	2.062331
160	protein2	263.4	6.2	1.8520636000000001
160	protein3	900.0	17.6	2.0127322
160	r0	10.8	0.0	0.0
160	r1	6.2	0.0	0.0
160	rnapol	0.2	0.0	0.0
161	__protein1_rbs	8.4	0.0	0.0
161	__protein2_rbs	4.8	0.0	0.0
161	__protein3_rbs	10.8	0.0	0.0
161	__ribosome	33.2	0.0	0.0
161	__rnase_site_ext	23.8	0.0	0.0
161	p0	1.0	0.0	0.0
161	p2	0.8	0.0	0.0
161	protein1	485.4	10.8	1.8135510000000004
161	protein2	265.6	6.2	1.7319048
161	protein3	906.0	17.8	2.0752674
161	r0	11.0	0.0	0.0
161	r1	6.2	0.0	0.0
161	rnapol	0.0	0.0	0.0
162	__protein1_rbs	5.2	0.0	0.0
162	__protein2_rbs	2.6	0.0	0.0
162	__protein3_rbs	11.4	0.0	0.0
162	__ribosome	31.0	0.0	0.0
162	__rnase_site_ext	23.8	0.0	0.0
162	p0	1.0	0.0	0.0
162	p2	0.6	0.0	0.0
162	protein1	489.0	10.8	2.030109
162	protein2	267.6	6.4	2.0033334
162	protein3	913.6	17.8	1.9694703999999998
162	r0	10.8	0.0	0.0
162	r1	6.4	0.0	0.0
162	rnapol	0.4	0.0	0.0
163	__protein1_rbs	4.6	0.0	0.0
163	__protein2_rbs	4.2	0.0	0.0
163	__protein3_rbs	9.4	0.0	0.0
163	__ribosome	31.2	0.0	0.0
163	__rnase_site_ext	24.0	0.0	0.0
163	p0	0.6	0.0	0.0
163	p2	0.8	0.0	0.0
163	protein1	493.8	10.8	2.0369851999999997
163	protein2	269.8	6.2	2.065
163	protein3	921.8	17.8	1.9677778000000001
163	r0	10.8	0.0	0.0
163	r1	6.6	0.0	0.0
163	rnapol	0.2	0.0	0.0
164	__protein1_rbs	8.0	0.0	0.0
164	__protein2_rbs	4.0	0.0	0.0
164	__protein3_rbs	10.6	0.0	0.0
164	__ribosome	32.8	0.0	0.0
164	__rnase_site_ext	23.2	0.0	0.0
164	p0	1.0	0.0	0.0
164	p2	0.6	0.0	0.0
164	protein1	497.2	10.8	1.9538849999999999
164	protein2	273.0	6.4	1.8083332
164	protein3	929.4	18.0	1.9538887999999999
164	r0	11.2	0.0	0.0
164	r1	6.6	0.0	0.0
164	rnapol	0.2	0.0	0.0
165	__protein1_rbs	7.0	0.0	0.0
165	__protein2_rbs	3.6	0.0	0.0
165	__protein3_rbs	11.8	0.0	0.0
165	__ribosome	34.0	0.0	0.0
165	__rnase_site_ext	22.8	0.0	0.0
165	p0	1.0	0.0	0.0
165	p2	0.4	0.0	0.0
165	protein1	502.8	10.8	1.7813131999999998
165	protein2	275.0	6.6	1.9111112
165	protein3	935.8	18.0	1.9345588
165	r0	11.0	0.0	0.0
165	r1	6.6	0.0	0.0
165	rnapol	0.0	0.0	0.0
166	__protein1_rbs	6.2	0.0	0.0
166	__protein2_rbs	3.0	0.0	0.0
166	__protein3_rbs	10.8	0.0	0.0
166	__ribosome	31.8	0.0	0.0
166	__rnase_site_ext	23.0	0.0	0.0
166	p0	0.8	0.0	0.0
166	p2	0.6	0.0	0.0
166	protein1	506.4	11.0	1.7992928
166	protein2	277.2	6.6	2.0166668000000003
166	protein3	942.4	17.8	2.0008978
166	r0	10.8	0.0	0.0
166	r1	6.4	0.0	0.0
166	rnapol	0.0	0.0	0.0
167	__protein1_rbs	6.0	0.0	0.0
167	__protein2_rbs	3.6	0.0	0.0
167	__protein3_rbs	10.8	0.0	0.0
167	__ribosome	30.4	0.0	0.0
167	__rnase_site_ext	23.2	0.0	0.0
167	p0	1.0	0.0	0.0
167	p2	0.4	0.0	0.0
167	protein1	510.6	10.8	1.8685470000000002
167	protein2	279.4	6.6	2.063889
167	protein3	948.8	17.6	2.0589286
167	r0	11.0	0.0	0.0
167	r1	6.6	0.0	0.0
167	rnapol	0.0	0.0	0.0
168	__protein1_rbs	6.4	0.0	0.0
168	__protein2_rbs	3.8	0.0	0.0
168	__protein3_rbs	8.8	0.0	0.0
168	__ribosome	30.4	0.0	0.0
168	__rnase_site_ext	22.2	0.0	0.0
168	p0	0.8	0.0	0.0
168	p2	0.6	0.0	0.0
168	protein1	515.0	11.0	1.9125642
168	protein2	282.2	6.6	1.988889
168	protein3	957.8	18.0	1.9861811999999999
168	r0	10.6	0.0	0.0
168	r1	6.8	0.0	0.0
168	rnapol	0.0	0.0	0.0
169	__protein1_rbs	5.2	0.0	0.0
169	__protein2_rbs	4.4	0.0	0.0
169	__protein3_rbs	10.0	0.0	0.0
169	__ribosome	27.2	0.0	0.0
169	__rnase_site_ext	22.2	0.0	0.0
169	p0	1.0	0.0	0.0
169	p2	0.8	0.0	0.0
169	protein1	517.8	10.4	2.3229914000000003
169	protein2	284.8	6.6	1.9083333999999998
169	protein3	964.0	18.4	1.9968058
169	r0	10.6	0.0	0.0
169	r1	6.6	0.0	0.0
169	rnapol	0.0	0.0	0.0
170	__protein1_rbs	6.4	0.0	0.0
170	__protein2_rbs	3.8	0.0	0.0
170	__protein3_rbs	9.8	0.0	0.0
170	__ribosome	25.4	0.0	0.0
170	__rnase_site_ext	22.4	0.0	0.0
170	p0	0.8	0.0	0.0
170	p2	0.8	0.0	0.0
170	protein1	521.4	10.4	2.3103846000000003
170	protein2	287.0	6.8	1.9338888
170	protein3	970.6	18.0	2.1407938
170	r0	10.4	0.0	0.0
170	r1	6.8	0.0	0.0
170	rnapol	0.4	0.0	0.0
171	__protein1_rbs	7.0	0.0	0.0
171	__protein2_rbs	4.4	0.0	0.0
171	__protein3_rbs	10.8	0.0	0.0
171	__ribosome	29.0	0.0	0.0
171	__rnase_site_ext	22.2	0.0	0.0
171	p0	0.8	0.0	0.0
171	p2	0.6	0.0	0.0
171	protein1	526.4	10.4	2.113077
171	protein2	290.0	6.8	1.8983334
171	protein3	979.2	18.0	2.0649604
171	r0	10.6	0.0	0.0
171	r1	7.0	0.0	0.0
171	rnapol	0.2	0.0	0.0
172	__protein1_rbs	7.8	0.0	0.0
172	__protein2_rbs	4.6	0.0	0.0
172	__protein3_rbs	11.4	0.0	0.0
172	__ribosome	31.0	0.0	0.0
172	__rnase_site_ext	22.4	0.0	0.0
172	p0	1.0	0.0	0.0
172	p2	1.0	0.0	0.0
172	protein1	531.8	10.6	1.829021
172	protein2	292.4	7.0	1.8366668
172	protein3	984.8	18.0	2.0964156000000003
172	r0	10.8	0.0	0.0
172	r1	7.0	0.0	0.0
172	rnapol	0.4	0.0	0.0
173	__protein1_rbs	6.8	0.0	0.0
173	__protein2_rbs	3.6	0.0	0.0
173	__protein3_rbs	12.0	0.0	0.0
173	__ribosome	33.2	0.0	0.0
173	__rnase_site_ext	22.8	0.0	0.0
173	p0	1.0	0.0	0.0
173	p2	0.2	0.0	0.0
173	protein1	536.6	10.8	1.7115386
173	protein2	295.0	7.0	1.8771428
173	protein3	992.8	17.8	2.0134442
173	r0	10.8	0.0	0.0
173	r1	7.2	0.0	0.0
173	rnapol	0.0	0.0	0.0
174	__protein1_rbs	6.2	0.0	0.0
174	__protein2_rbs	4.0	0.0	0.0
174	__protein3_rbs	9.2	0.0	0.0
174	__ribosome	32.4	0.0	0.0
174	__rnase_site_ext	22.8	0.0	0.0
174	p0	1.0	0.0	0.0
174	p2	1.0	0.0	0.0
174	protein1	541.4	10.8	1.6666666
174	protein2	298.0	7.0	1.9161906
174	protein3	1000.6	17.8	2.0656953999999996
174	r0	10.6	0.0	0.0
174	r1	7.0	0.0	0.0
174	rnapol	0.6	0.0	0.0
175	__protein1_rbs	6.8	0.0	0.0
175	__protein2_rbs	4.8	0.0	0.0
175	__protein3_rbs	12.8	0.0	0.0
175	__ribosome	35.0	0.0	0.0
175	__rnase_site_ext	22.2	0.0	0.0
175	p0	0.4	0.0	0.0
175	p2	0.8	0.0	0.0
175	protein1	545.0	10.6	1.7277971999999997
175	protein2	300.2	7.2	1.9578572
175	protein3	1009.4	18.4	1.8059332
175	r0	10.6	0.0	0.0
175	r1	7.2	0.0	0.0
175	rnapol	0.0	0.0	0.0
176	__protein1_rbs	6.4	0.0	0.0
176	__protein2_rbs	2.8	0.0	0.0
176	__protein3_rbs	10.4	0.0	0.0
176	__ribosome	32.2	0.0	0.0
176	__rnase_site_ext	22.4	0.0	0.0
176	p0	0.8	0.0	0.0
176	p2	0.4	0.0	0.0
176	protein1	547.6	10.8	1.7669081999999998
176	protein2	303.6	7.2	2.1380952
176	protein3	1016.6	18.0	1.8903948
176	r0	11.0	0.0	0.0
176	r1	7.2	0.0	0.0
176	rnapol	0.0	0.0	0.0
177	__protein1_rbs	7.0	0.0	0.0
177	__protein2_rbs	4.6	0.0	0.0
177	__protein3_rbs	11.0	0.0	0.0
177	__ribosome	31.2	0.0	0.0
177	__rnase_site_ext	22.6	0.0	0.0
177	p0	0.8	0.0	0.0
177	p2	0.8	0.0	0.0
177	protein1	551.4	10.8	1.7923854
177	protein2	305.4	7.4	2.2016666000000003
177	protein3	1023.2	17.2	1.9574672
177	r0	11.0	0.0	0.0
177	r1	7.0	0.0	0.0
177	rnapol	0.0	0.0	0.0
178	__protein1_rbs	5.8	0.0	0.0
178	__protein2_rbs	3.2	0.0	0.0
178	__protein3_rbs	13.2	0.0	0.0
178	__ribosome	30.6	0.0	0.0
178	__rnase_site_ext	22.4	0.0	0.0
178	p0	1.0	0.0	0.0
178	p2	0.4	0.0	0.0
178	protein1	554.8	11.0	1.8888114000000005
178	protein2	308.8	7.2	2.3161906
178	protein3	1029.8	17.4	1.8648692
178	r0	11.2	0.0	0.0
178	r1	7.2	0.0	0.0
178	rnapol	0.0	0.0	0.0
179	__protein1_rbs	5.4	0.0	0.0
179	__protein2_rbs	3.8	0.0	0.0
179	__protein3_rbs	10.8	0.0	0.0
179	__ribosome	31.4	0.0	0.0
179	__rnase_site_ext	22.6	0.0	0.0
179	p0	0.8	0.0	0.0
179	p2	0.8	0.0	0.0
179	protein1	559.6	11.2	1.9118726
179	protein2	312.0	7.2	2.2778572
179	protein3	1037.4	17.8	1.7718136000000002
179	r0	11.2	0.0	0.0
179	r1	7.4	0.0	0.0
179	rnapol	0.0	0.0	0.0
180	__protein1_rbs	8.0	0.0	0.0
180	__protein2_rbs	5.0	0.0	0.0
180	__protein3_rbs	9.2	0.0	0.0
180	__ribosome	30.0	0.0	0.0
180	__rnase_site_ext	22.4	0.0	0.0
180	p0	0.8	0.0	0.0
180	p2	0.8	0.0	0.0
180	protein1	563.2	11.2	1.8319038000000003
180	protein2	314.6	7.4	2.2271428
180	protein3	1043.4	17.2	1.9623914
180	r0	11.4	0.0	0.0
180	r1	7.4	0.0	0.0
180	rnapol	0.4	0.0	0.0
181	__protein1_rbs	5.4	0.0	0.0
181	__protein2_rbs	5.4	0.0	0.0
181	__protein3_rbs	10.2	0.0	0.0
181	__ribosome	31.0	0.0	0.0
181	__rnase_site_ext	22.8	0.0	0.0
181	p0	0.8	0.0	0.0
181	p2	0.8	0.0	0.0
181	protein1	567.0	11.2	2.0445554
181	protein2	318.8	7.4	1.9485714
181	protein3	1051.2	17.6	1.8636508
181	r0	11.2	0.0	0.0
181	r1	7.2	0.0	0.0
181	rnapol	0.2	0.0	0.0
182	__protein1_rbs	5.8	0.0	0.0
182	__protein2_rbs	5.0	0.0	0.0
182	__protein3_rbs	11.2	0.0	0.0
182	__ribosome	30.4	0.0	0.0
182	__rnase_site_ext	23.0	0.0	0.0
182	p0	1.0	0.0	0.0
182	p2	0.8	0.0	0.0
182	protein1	571.0	11.4	2.0446154
182	protein2	321.8	7.4	1.8495238
182	protein3	1057.6	17.8	1.8653131999999997
182	r0	11.4	0.0	0.0
182	r1	7.6	0.0	0.0
182	rnapol	0.2	0.0	0.0
183	__protein1_rbs	5.8	0.0	0.0
183	__protein2_rbs	4.4	0.0	0.0
183	__protein3_rbs	11.8	0.0	0.0
183	__ribosome	28.6	0.0	0.0
183	__rnase_site_ext	22.8	0.0	0.0
183	p0	1.0	0.0	0.0
183	p2	0.6	0.0	0.0
183	protein1	576.0	11.4	2.0797092000000004
183	protein2	324.6	7.4	1.9447618
183	protein3	1062.4	17.8	1.915405
183	r0	11.4	0.0	0.0
183	r1	7.6	0.0	0.0
183	rnapol	0.0	0.0	0.0
184	__protein1_rbs	6.0	0.0	0.0
184	__protein2_rbs	4.0	0.0	0.0
184	__protein3_rbs	9.8	0.0	0.0
184	__ribosome	28.2	0.0	0.0
184	__rnase_site_ext	23.0	0.0	0.0
184	p0	1.0	0.0	0.0
184	p2	0.8	0.0	0.0
184	protein1	580.8	11.4	2.0952892
184	protein2	328.6	7.6	1.7933334000000003
184	protein3	1069.4	18.0	1.9318631999999998
184	r0	11.2	0.0	0.0
184	r1	7.6	0.0	0.0
184	rnapol	0.2	0.0	0.0
185	__protein1_rbs	7.6	0.0	0.0
185	__protein2_rbs	4.8	0.0	0.0
185	__protein3_rbs	13.2	0.0	0.0
185	__ribosome	31.6	0.0	0.0
185	__rnase_site_ext	23.0	0.0	0.0
185	p0	0.8	0.0	0.0
185	p2	1.0	0.0	0.0
185	protein1	585.2	11.2	2.1050949999999995
185	protein2	331.0	7.8	1.8150432
185	protein3	1077.2	18.2	1.7584878000000002
185	r0	11.2	0.0	0.0
185	r1	7.6	0.0	0.0
185	rnapol	0.2	0.0	0.0
186	__protein1_rbs	7.4	0.0	0.0
186	__protein2_rbs	4.0	0.0	0.0
186	__protein3_rbs	11.2	0.0	0.0
186	__ribosome	30.4	0.0	0.0
186	__rnase_site_ext	22.8	0.0	0.0
186	p0	0.6	0.0	0.0
186	p2	0.8	0.0	0.0
186	protein1	589.4	11.2	2.0426322
186	protein2	333.4	7.8	1.8886363999999998
186	protein3	1083.4	18.4	1.7773016
186	r0	11.2	0.0	0.0
186	r1	7.8	0.0	0.0
186	rnapol	0.0	0.0	0.0
187	__protein1_rbs	6.6	0.0	0.0
187	__protein2_rbs	5.4	0.0	0.0
187	__protein3_rbs	11.2	0.0	0.0
187	__ribosome	31.8	0.0	0.0
187	__rnase_site_ext	23.0	0.0	0.0
187	p0	0.8	0.0	0.0
187	p2	0.8	0.0	0.0
187	protein1	595.0	11.2	1.9933068
187	protein2	336.4	7.6	1.8182468
187	protein3	1090.2	18.4	1.8004762
187	r0	11.4	0.0	0.0
187	r1	7.8	0.0	0.0
187	rnapol	0.0	0.0	0.0
188	__protein1_rbs	7.2	0.0	0.0
188	__protein2_rbs	4.8	0.0	0.0
188	__protein3_rbs	11.0	0.0	0.0
188	__ribosome	29.4	0.0	0.0
188	__rnase_site_ext	23.2	0.0	0.0
188	p0	1.0	0.0	0.0
188	p2	0.6	0.0	0.0
188	protein1	599.6	11.4	1.9616596
188	protein2	339.2	7.6	1.8285714
188	protein3	1096.6	18.6	1.894929
188	r0	11.4	0.0	0.0
188	r1	7.6	0.0	0.0
188	rnapol	0.2	0.0	0.0
189	__protein1_rbs	6.8	0.0	0.0
189	__protein2_rbs	4.0	0.0	0.0
189	__protein3_rbs	11.8	0.0	0.0
189	__ribosome	30.4	0.0	0.0
189	__rnase_site_ext	23.2	0.0	0.0
189	p0	1.0	0.0	0.0
189	p2	0.6	0.0	0.0
189	protein1	605.2	11.4	1.8978572
189	protein2	341.6	7.8	2.0109524
189	protein3	1104.2	17.8	1.897003
189	r0	11.4	0.0	0.0
189	r1	7.6	0.0	0.0
189	rnapol	0.0	0.0	0.0
190	__protein1_rbs	7.4	0.0	0.0
190	__protein2_rbs	4.4	0.0	0.0
190	__protein3_rbs	10.8	0.0	0.0
190	__ribosome	26.6	0.0	0.0
190	__rnase_site_ext	23.2	0.0	0.0
190	p0	1.0	0.0	0.0
190	p2	0.4	0.0	0.0
190	protein1	608.2	11.4	1.9921358
190	protein2	345.0	8.2	1.9583332
190	protein3	1109.4	18.2	1.9565613999999998
190	r0	11.0	0.0	0.0
190	r1	7.6	0.0	0.0
190	rnapol	0.0	0.0	0.0
191	__protein1_rbs	6.8	0.0	0.0
191	__protein2_rbs	5.2	0.0	0.0
191	__protein3_rbs	11.0	0.0	0.0
191	__ribosome	26.8	0.0	0.0
191	__rnase_site_ext	23.2	0.0	0.0
191	p0	0.8	0.0	0.0
191	p2	0.4	0.0	0.0
191	protein1	612.2	10.8	2.1999206
191	protein2	348.4	8.2	1.9166666
191	protein3	1116.6	18.6	1.9322404
191	r0	10.8	0.0	0.0
191	r1	7.6	0.0	0.0
191	rnapol	0.2	0.0	0.0
192	__protein1_rbs	7.4	0.0	0.0
192	__protein2_rbs	5.6	0.0	0.0
192	__protein3_rbs	11.0	0.0	0.0
192	__ribosome	27.0	0.0	0.0
192	__rnase_site_ext	23.4	0.0	0.0
192	p0	0.8	0.0	0.0
192	p2	0.6	0.0	0.0
192	protein1	616.8	10.8	2.0795238
192	protein2	350.8	7.6	2.0025974
192	protein3	1122.8	19.0	1.9483752
192	r0	10.8	0.0	0.0
192	r1	7.4	0.0	0.0
192	rnapol	0.4	0.0	0.0
193	__protein1_rbs	6.4	0.0	0.0
193	__protein2_rbs	4.0	0.0	0.0
193	__protein3_rbs	11.8	0.0	0.0
193	__ribosome	27.8	0.0	0.0
193	__rnase_site_ext	23.2	0.0	0.0
193	p0	0.8	0.0	0.0
193	p2	0.8	0.0	0.0
193	protein1	622.2	11.0	2.0488888
193	protein2	354.2	7.6	1.9969696
193	protein3	1131.2	19.8	1.8602778
193	r0	11.0	0.0	0.0
193	r1	7.6	0.0	0.0
193	rnapol	0.2	0.0	0.0
194	__protein1_rbs	6.4	0.0	0.0
194	__protein2_rbs	4.2	0.0	0.0
194	__protein3_rbs	11.6	0.0	0.0
194	__ribosome	27.6	0.0	0.0
194	__rnase_site_ext	23.4	0.0	0.0
194	p0	0.8	0.0	0.0
194	p2	1.0	0.0	0.0
194	protein1	625.8	10.6	2.25
194	protein2	358.2	7.6	1.8930738000000005
194	protein3	1138.4	19.6	1.89794
194	r0	10.8	0.0	0.0
194	r1	7.4	0.0	0.0
194	rnapol	0.0	0.0	0.0
195	__protein1_rbs	6.6	0.0	0.0
195	__protein2_rbs	4.8	0.0	0.0
195	__protein3_rbs	10.6	0.0	0.0
195	__ribosome	26.8	0.0	0.0
195	__rnase_site_ext	23.4	0.0	0.0
195	p0	1.0	0.0	0.0
195	p2	0.6	0.0	0.0
195	protein1	630.4	10.8	2.1627778
195	protein2	361.2	7.4	1.8668832
195	protein3	1145.4	19.8	1.9812698
195	r0	11.0	0.0	0.0
195	r1	7.4	0.0	0.0
195	rnapol	0.4	0.0	0.0
196	__protein1_rbs	7.6	0.0	0.0
196	__protein2_rbs	4.0	0.0	0.0
196	__protein3_rbs	12.8	0.0	0.0
196	__ribosome	26.2	0.0	0.0
196	__rnase_site_ext	23.6	0.0	0.0
196	p0	1.0	0.0	0.0
196	p2	0.4	0.0	0.0
196	protein1	634.2	10.8	2.0844444
196	protein2	363.4	7.6	2.0161906000000003
196	protein3	1152.6	19.8	1.9624206
196	r0	10.8	0.0	0.0
196	r1	7.4	0.0	0.0
196	rnapol	0.2	0.0	0.0
197	__protein1_rbs	7.2	0.0	0.0
197	__protein2_rbs	5.4	0.0	0.0
197	__protein3_rbs	12.0	0.0	0.0
197	__ribosome	26.6	0.0	0.0
197	__rnase_site_ext	24.2	0.0	0.0
197	p0	0.4	0.0	0.0
197	p2	0.6	0.0	0.0
197	protein1	638.6	10.8	1.9105556000000001
197	protein2	366.4	7.6	1.8695238
197	protein3	1159.4	20.2	2.0069762
197	r0	10.8	0.0	0.0
197	r1	7.0	0.0	0.0
197	rnapol	0.2	0.0	0.0
198	__protein1_rbs	6.6	0.0	0.0
198	__protein2_rbs	5.0	0.0	0.0
198	__protein3_rbs	12.6	0.0	0.0
198	__ribosome	30.8	0.0	0.0
198	__rnase_site_ext	24.6	0.0	0.0
198	p0	0.6	0.0	0.0
198	p2	0.8	0.0	0.0
198	protein1	643.0	10.8	1.8472220000000001
198	protein2	369.8	7.4	1.7780738
198	protein3	1169.0	20.4	1.8535886
198	r0	11.4	0.0	0.0
198	r1	7.0	0.0	0.0
198	rnapol	0.4	0.0	0.0
199	__protein1_rbs	7.0	0.0	0.0
199	__protein2_rbs	4.8	0.0	0.0
199	__protein3_rbs	12.6	0.0	0.0
199	__ribosome	29.4	0.0	0.0
199	__rnase_site_ext	24.8	0.0	0.0
199	p0	0.6	0.0	0.0
199	p2	0.8	0.0	0.0
199	protein1	647.0	11.2	1.7703572
199	protein2	372.8	7.4	1.7447404
199	protein3	1176.0	21.0	1.8483214
199	r0	11.2	0.0	0.0
199	r1	7.0	0.0	0.0
199	rnapol	0.2	0.0	0.0
200	__protein1_rbs	7.8	0.0	0.0
200	__protein2_rbs	4.0	0.0	0.0
200	__protein3_rbs	12.4	0.0	0.0
200	__ribosome	28.4	0.0	0.0
200	__rnase_site_ext	25.0	0.0	0.0
200	p0	1.0	0.0	0.0
200	p2	0.6	0.0	0.0
200	protein1	651.0	11.2	1.6713093999999995
200	protein2	374.4	7.2	2.0408009999999996
200	protein3	1184.2	20.8	1.8624599999999998
200	r0	11.6	0.0	0.0
200	r1	7.2	0.0	0.0
200	rnapol	0.0	0.0	0.0
201	__protein1_rbs	6.8	0.0	0.0
201	__protein2_rbs	5.2	0.0	0.0
201	__protein3_rbs	13.6	0.0	0.0
201	__ribosome	28.8	0.0	0.0
201	__rnase_site_ext	24.8	0.0	0.0
201	p0	1.0	0.0	0.0
201	p2	1.0	0.0	0.0
201	protein1	655.0	11.4	1.6540080000000004
201	protein2	378.4	7.2	1.8439394
201	protein3	1191.0	20.8	1.9172012000000005
201	r0	11.4	0.0	0.0
201	r1	7.2	0.0	0.0
201	rnapol	0.0	0.0	0.0
202	__protein1_rbs	6.4	0.0	0.0
202	__protein2_rbs	4.4	0.0	0.0
202	__protein3_rbs	13.4	0.0	0.0
202	__ribosome	28.2	0.0	0.0
202	__rnase_site_ext	24.6	0.0	0.0
202	p0	1.0	0.0	0.0
202	p2	0.6	0.0	0.0
202	protein1	659.0	11.0	1.7769443999999999
202	protein2	380.6	7.2	1.9088744
202	protein3	1198.8	20.8	1.9172356
202	r0	10.8	0.0	0.0
202	r1	7.2	0.0	0.0
202	rnapol	0.2	0.0	0.0
203	__protein1_rbs	6.8	0.0	0.0
203	__protein2_rbs	4.0	0.0	0.0
203	__protein3_rbs	13.2	0.0	0.0
203	__ribosome	26.2	0.0	0.0
203	__rnase_site_ext	24.2	0.0	0.0
203	p0	1.0	0.0	0.0
203	p2	0.6	0.0	0.0
203	protein1	661.6	10.8	1.9482538000000005
203	protein2	382.6	7.2	2.0019048
203	protein3	1206.2	20.6	1.9085186
203	r0	10.6	0.0	0.0
203	r1	7.2	0.0	0.0
203	rnapol	0.2	0.0	0.0
204	__protein1_rbs	6.8	0.0	0.0
204	__protein2_rbs	5.0	0.0	0.0
204	__protein3_rbs	13.2	0.0	0.0
204	__ribosome	30.4	0.0	0.0
204	__rnase_site_ext	24.6	0.0	0.0
204	p0	1.0	0.0	0.0
204	p2	0.4	0.0	0.0
204	protein1	666.6	10.4	1.8958732
204	protein2	386.0	7.2	1.8549784
204	protein3	1215.0	20.6	1.8176192
204	r0	10.2	0.0	0.0
204	r1	7.4	0.0	0.0
204	rnapol	0.4	0.0	0.0
205	__protein1_rbs	6.0	0.0	0.0
205	__protein2_rbs	3.2	0.0	0.0
205	__protein3_rbs	11.0	0.0	0.0
205	__ribosome	29.6	0.0	0.0
205	__rnase_site_ext	25.2	0.0	0.0
205	p0	0.8	0.0	0.0
205	p2	1.0	0.0	0.0
205	protein1	670.4	10.2	1.880049
205	protein2	389.4	7.2	1.8892639999999998
205	protein3	1223.2	20.8	1.8719046000000001
205	r0	10.4	0.0	0.0
205	r1	7.6	0.0	0.0
205	rnapol	0.0	0.0	0.0
206	__protein1_rbs	7.2	0.0	0.0
206	__protein2_rbs	4.6	0.0	0.0
206	__protein3_rbs	13.6	0.0	0.0
206	__ribosome	28.8	0.0	0.0
206	__rnase_site_ext	25.2	0.0	0.0
206	p0	1.0	0.0	0.0
206	p2	0.8	0.0	0.0
206	protein1	674.6	10.6	1.7172619999999998
206	protein2	392.0	7.2	1.8943723999999997
206	protein3	1229.2	21.2	1.8903462
206	r0	10.4	0.0	0.0
206	r1	7.4	0.0	0.0
206	rnapol	0.2	0.0	0.0
207	__protein1_rbs	5.6	0.0	0.0
207	__protein2_rbs	4.4	0.0	0.0
207	__protein3_rbs	13.8	0.0	0.0
207	__ribosome	28.8	0.0	0.0
207	__rnase_site_ext	25.0	0.0	0.0
207	p0	0.8	0.0	0.0
207	p2	0.8	0.0	0.0
207	protein1	678.2	10.2	1.8396826
207	protein2	394.4	8.0	1.8297619999999999
207	protein3	1238.0	21.2	1.8345453999999999
207	r0	10.2	0.0	0.0
207	r1	7.6	0.0	0.0
207	rnapol	0.2	0.0	0.0
208	__protein1_rbs	6.8	0.0	0.0
208	__protein2_rbs	5.2	0.0	0.0
208	__protein3_rbs	14.2	0.0	0.0
208	__ribosome	28.0	0.0	0.0
208	__rnase_site_ext	24.8	0.0	0.0
208	p0	1.0	0.0	0.0
208	p2	0.8	0.0	0.0
208	protein1	682.0	10.2	1.7761906000000003
208	protein2	397.0	8.0	1.8738096000000002
208	protein3	1244.0	21.2	1.8840404
208	r0	10.0	0.0	0.0
208	r1	7.6	0.0	0.0
208	rnapol	0.2	0.0	0.0
209	__protein1_rbs	6.6	0.0	0.0
209	__protein2_rbs	4.6	0.0	0.0
209	__protein3_rbs	12.2	0.0	0.0
209	__ribosome	29.4	0.0	0.0
209	__rnase_site_ext	24.8	0.0	0.0
209	p0	1.0	0.0	0.0
209	p2	0.6	0.0	0.0
209	protein1	685.6	10.0	1.8233211999999999
209	protein2	400.6	7.8	1.8354761999999998
209	protein3	1254.0	21.0	1.847446
209	r0	10.0	0.0	0.0
209	r1	7.6	0.0	0.0
209	rnapol	0.2	0.0	0.0
210	__protein1_rbs	6.2	0.0	0.0
210	__protein2_rbs	5.0	0.0	0.0
210	__protein3_rbs	14.2	0.0	0.0
210	__ribosome	31.6	0.0	0.0
210	__rnase_site_ext	25.0	0.0	0.0
210	p0	0.6	0.0	0.0
210	p2	0.8	0.0	0.0
210	protein1	690.0	9.8	1.8634921999999998
210	protein2	403.2	7.6	1.9092858
210	protein3	1261.4	20.8	1.793468
210	r0	9.8	0.0	0.0
210	r1	7.4	0.0	0.0
210	rnapol	0.6	0.0	0.0
211	__protein1_rbs	5.0	0.0	0.0
211	__protein2_rbs	3.4	0.0	0.0
211	__protein3_rbs	12.0	0.0	0.0
211	__ribosome	28.0	0.0	0.0
211	__rnase_site_ext	25.0	0.0	0.0
211	p0	1.0	0.0	0.0
211	p2	0.6	0.0	0.0
211	protein1	692.4	9.6	2.0871572
211	protein2	405.6	7.6	2.135
211	protein3	1270.4	20.8	1.7835815999999998
211	r0	10.0	0.0	0.0
211	r1	7.2	0.0	0.0
211	rnapol	0.2	0.0	0.0
212	__protein1_rbs	6.0	0.0	0.0
212	__protein2_rbs	4.6	0.0	0.0
212	__protein3_rbs	13.0	0.0	0.0
212	__ribosome	28.0	0.0	0.0
212	__rnase_site_ext	25.2	0.0	0.0
212	p0	1.0	0.0	0.0
212	p2	0.0	0.0	0.0
212	protein1	697.2	9.8	1.965
212	protein2	408.8	7.6	2.0835714
212	protein3	1276.8	21.0	1.8516476
212	r0	9.8	0.0	0.0
212	r1	7.4	0.0	0.0
212	rnapol	0.2	0.0	0.0
213	__protein1_rbs	6.2	0.0	0.0
213	__protein2_rbs	5.6	0.0	0.0
213	__protein3_rbs	13.0	0.0	0.0
213	__ribosome	28.6	0.0	0.0
213	__rnase_site_ext	25.4	0.0	0.0
213	p0	0.8	0.0	0.0
213	p2	0.4	0.0	0.0
213	protein1	701.4	9.8	1.825
213	protein2	412.0	7.4	1.9514286
213	protein3	1283.6	21.2	1.9055964
213	r0	9.8	0.0	0.0
213	r1	7.2	0.0	0.0
213	rnapol	0.0	0.0	0.0
214	__protein1_rbs	6.6	0.0	0.0
214	__protein2_rbs	3.8	0.0	0.0
214	__protein3_rbs	14.6	0.0	0.0
214	__ribosome	27.4	0.0	0.0
214	__rnase_site_ext	25.4	0.0	0.0
214	p0	1.0	0.0	0.0
214	p2	0.6	0.0	0.0
214	protein1	704.8	9.6	1.8619048
214	protein2	414.2	7.4	2.1157144000000003
214	protein3	1291.0	21.8	1.8748968
214	r0	9.8	0.0	0.0
214	r1	7.4	0.0	0.0
214	rnapol	0.0	0.0	0.0
215	__protein1_rbs	6.6	0.0	0.0
215	__protein2_rbs	3.6	0.0	0.0
215	__protein3_rbs	12.8	0.0	0.0
215	__ribosome	25.4	0.0	0.0
215	__rnase_site_ext	25.2	0.0	0.0
215	p0	0.8	0.0	0.0
215	p2	0.8	0.0	0.0
215	protein1	708.2	9.8	1.815909
215	protein2	417.0	7.4	2.1985714
215	protein3	1299.8	22.8	1.8429116
215	r0	9.8	0.0	0.0
215	r1	7.2	0.0	0.0
215	rnapol	0.0	0.0	0.0
216	__protein1_rbs	7.4	0.0	0.0
216	__protein2_rbs	5.0	0.0	0.0
216	__protein3_rbs	14.6	0.0	0.0
216	__ribosome	29.4	0.0	0.0
216	__rnase_site_ext	25.2	0.0	0.0
216	p0	1.0	0.0	0.0
216	p2	0.8	0.0	0.0
216	protein1	712.6	9.8	1.6116232
216	protein2	421.0	7.6	1.8761906000000004
216	protein3	1307.6	22.4	1.892314
216	r0	9.8	0.0	0.0
216	r1	7.0	0.0	0.0
216	rnapol	0.2	0.0	0.0
217	__protein1_rbs	6.8	0.0	0.0
217	__protein2_rbs	4.2	0.0	0.0
217	__protein3_rbs	14.6	0.0	0.0
217	__ribosome	29.6	0.0	0.0
217	__rnase_site_ext	25.4	0.0	0.0
217	p0	0.8	0.0	0.0
217	p2	0.8	0.0	0.0
217	protein1	716.4	10.0	1.5890044
217	protein2	424.4	7.4	1.94127
217	protein3	1316.0	22.0	1.9003264
217	r0	9.6	0.0	0.0
217	r1	7.2	0.0	0.0
217	rnapol	0.0	0.0	0.0
218	__protein1_rbs	6.6	0.0	0.0
218	__protein2_rbs	4.8	0.0	0.0
218	__protein3_rbs	12.4	0.0	0.0
218	__ribosome	27.0	0.0	0.0
218	__rnase_site_ext	25.2	0.0	0.0
218	p0	1.0	0.0	0.0
218	p2	1.0	0.0	0.0
218	protein1	719.2	9.8	1.7178353999999998
218	protein2	425.8	7.4	2.144762
218	protein3	1324.4	22.0	1.9168547999999999
218	r0	9.8	0.0	0.0
218	r1	7.2	0.0	0.0
218	rnapol	0.4	0.0	0.0
219	__protein1_rbs	6.6	0.0	0.0
219	__protein2_rbs	5.0	0.0	0.0
219	__protein3_rbs	14.2	0.0	0.0
219	__ribosome	29.0	0.0	0.0
219	__rnase_site_ext	25.0	0.0	0.0
219	p0	0.6	0.0	0.0
219	p2	0.4	0.0	0.0
219	protein1	722.4	9.8	1.7336363999999997
219	protein2	429.8	7.2	1.8835714
219	protein3	1332.6	22.2	1.8774802
219	r0	9.8	0.0	0.0
219	r1	6.6	0.0	0.0
219	rnapol	0.0	0.0	0.0
220	__protein1_rbs	5.4	0.0	0.0
220	__protein2_rbs	3.6	0.0	0.0
220	__protein3_rbs	13.2	0.0	0.0
220	__ribosome	28.2	0.0	0.0
220	__rnase_site_ext	25.6	0.0	0.0
220	p0	0.8	0.0	0.0
220	p2	0.8	0.0	0.0
220	protein1	726.4	9.6	1.8040476
220	protein2	432.2	7.2	2.0173808
220	protein3	1341.8	22.2	1.8811012
220	r0	9.8	0.0	0.0
220	r1	6.8	0.0	0.0
220	rnapol	0.2	0.0	0.0
221	__protein1_rbs	6.0	0.0	0.0
221	__protein2_rbs	4.8	0.0	0.0
221	__protein3_rbs	13.4	0.0	0.0
221	__ribosome	28.6	0.0	0.0
221	__rnase_site_ext	25.8	0.0	0.0
221	p0	0.8	0.0	0.0
221	p2	0.4	0.0	0.0
221	protein1	730.2	9.6	1.7559248
221	protein2	435.2	7.2	1.8609523999999997
221	protein3	1350.0	22.2	1.9360134
221	r0	9.8	0.0	0.0
221	r1	6.6	0.0	0.0
221	rnapol	0.2	0.0	0.0
222	__protein1_rbs	6.4	0.0	0.0
222	__protein2_rbs	4.6	0.0	0.0
222	__protein3_rbs	15.6	0.0	0.0
222	__ribosome	29.0	0.0	0.0
222	__rnase_site_ext	26.0	0.0	0.0
222	p0	1.0	0.0	0.0
222	p2	1.0	0.0	0.0
222	protein1	732.6	9.8	1.8537158
222	protein2	438.6	7.4	1.82
222	protein3	1358.4	22.8	1.8043448
222	r0	10.0	0.0	0.0
222	r1	6.8	0.0	0.0
222	rnapol	0.2	0.0	0.0
223	__protein1_rbs	6.2	0.0	0.0
223	__protein2_rbs	3.8	0.0	0.0
223	__protein3_rbs	14.0	0.0	0.0
223	__ribosome	27.0	0.0	0.0
223	__rnase_site_ext	26.2	0.0	0.0
223	p0	0.8	0.0	0.0
223	p2	0.8	0.0	0.0
223	protein1	736.4	10.0	1.8438674
223	protein2	440.8	6.8	2.1333333999999997
223	protein3	1367.6	23.2	1.8009457999999998
223	r0	10.0	0.0	0.0
223	r1	6.8	0.0	0.0
223	rnapol	0.2	0.0	0.0
224	__protein1_rbs	7.2	0.0	0.0
224	__protein2_rbs	3.8	0.0	0.0
224	__protein3_rbs	15.2	0.0	0.0
224	__ribosome	27.6	0.0	0.0
224	__rnase_site_ext	26.0	0.0	0.0
224	p0	1.0	0.0	0.0
224	p2	0.8	0.0	0.0
224	protein1	739.4	9.8	1.867208
224	protein2	444.0	6.6	2.0940476
224	protein3	1375.2	23.2	1.8188672
224	r0	10.0	0.0	0.0
224	r1	6.6	0.0	0.0
224	rnapol	0.2	0.0	0.0
225	__protein1_rbs	6.4	0.0	0.0
225	__protein2_rbs	4.8	0.0	0.0
225	__protein3_rbs	14.0	0.0	0.0
225	__ribosome	28.0	0.0	0.0
225	__rnase_site_ext	26.2	0.0	0.0
225	p0	1.0	0.0	0.0
225	p2	0.6	0.0	0.0
225	protein1	744.0	10.0	1.7523812
225	protein2	446.4	7.0	1.9033334
225	protein3	1384.4	23.2	1.8466986
225	r0	10.0	0.0	0.0
225	r1	6.4	0.0	0.0
225	rnapol	0.4	0.0	0.0
226	__protein1_rbs	6.2	0.0	0.0
226	__protein2_rbs	5.0	0.0	0.0
226	__protein3_rbs	15.6	0.0	0.0
226	__ribosome	29.2	0.0	0.0
226	__rnase_site_ext	26.2	0.0	0.0
226	p0	0.6	0.0	0.0
226	p2	0.8	0.0	0.0
226	protein1	748.0	10.0	1.7654761999999995
226	protein2	449.2	7.0	1.7483334
226	protein3	1392.4	22.6	1.864099
226	r0	10.0	0.0	0.0
226	r1	6.8	0.0	0.0
226	rnapol	0.2	0.0	0.0
227	__protein1_rbs	6.2	0.0	0.0
227	__protein2_rbs	4.4	0.0	0.0
227	__protein3_rbs	14.4	0.0	0.0
227	__ribosome	28.0	0.0	0.0
227	__rnase_site_ext	26.8	0.0	0.0
227	p0	1.0	0.0	0.0
227	p2	0.2	0.0	0.0
227	protein1	750.8	10.2	1.8539682000000002
227	protein2	452.0	6.8	1.7985713999999997
227	protein3	1400.6	22.6	1.8866068000000005
227	r0	10.4	0.0	0.0
227	r1	6.8	0.0	0.0
227	rnapol	0.0	0.0	0.0
228	__protein1_rbs	5.8	0.0	0.0
228	__protein2_rbs	4.2	0.0	0.0
228	__protein3_rbs	13.8	0.0	0.0
228	__ribosome	29.6	0.0	0.0
228	__rnase_site_ext	26.4	0.0	0.0
228	p0	1.0	0.0	0.0
228	p2	0.6	0.0	0.0
228	protein1	754.6	10.4	1.8075398
228	protein2	454.8	6.6	1.77
228	protein3	1410.0	22.4	1.8266328
228	r0	10.0	0.0	0.0
228	r1	6.6	0.0	0.0
228	rnapol	0.4	0.0	0.0
229	__protein1_rbs	7.2	0.0	0.0
229	__protein2_rbs	3.8	0.0	0.0
229	__protein3_rbs	14.4	0.0	0.0
229	__ribosome	29.6	0.0	0.0
229	__rnase_site_ext	26.4	0.0	0.0
229	p0	1.0	0.0	0.0
229	p2	1.0	0.0	0.0
229	protein1	758.0	10.0	1.8595238
229	protein2	458.2	7.0	1.6888887999999995
229	protein3	1418.0	23.0	1.8225674
229	r0	10.0	0.0	0.0
229	r1	6.4	0.0	0.0
229	rnapol	0.6	0.0	0.0
230	__protein1_rbs	6.4	0.0	0.0
230	__protein2_rbs	4.8	0.0	0.0
230	__protein3_rbs	14.4	0.0	0.0
230	__ribosome	25.8	0.0	0.0
230	__rnase_site_ext	26.8	0.0	0.0
230	p0	1.0	0.0	0.0
230	p2	0.4	0.0	0.0
230	protein1	761.0	9.8	2.0559524
230	protein2	459.6	7.0	1.8222222
230	protein3	1426.6	23.2	1.8671074
230	r0	9.8	0.0	0.0
230	r1	6.6	0.0	0.0
230	rnapol	0.2	0.0	0.0
231	__protein1_rbs	5.4	0.0	0.0
231	__protein2_rbs	4.0	0.0	0.0
231	__protein3_rbs	15.0	0.0	0.0
231	__ribosome	27.2	0.0	0.0
231	__rnase_site_ext	26.6	0.0	0.0
231	p0	0.8	0.0	0.0
231	p2	0.6	0.0	0.0
231	protein1	765.0	9.4	2.1438312
231	protein2	462.6	7.0	1.7622221999999998
231	protein3	1435.4	23.4	1.8004658
231	r0	9.4	0.0	0.0
231	r1	6.2	0.0	0.0
231	rnapol	0.0	0.0	0.0
232	__protein1_rbs	6.4	0.0	0.0
232	__protein2_rbs	3.8	0.0	0.0
232	__protein3_rbs	15.4	0.0	0.0
232	__ribosome	25.8	0.0	0.0
232	__rnase_site_ext	26.4	0.0	0.0
232	p0	1.0	0.0	0.0
232	p2	1.0	0.0	0.0
232	protein1	769.0	9.2	2.0271644
232	protein2	464.6	6.6	1.9861112000000003
232	protein3	1442.0	23.4	1.9161013999999998
232	r0	9.4	0.0	0.0
232	r1	6.0	0.0	0.0
232	rnapol	0.4	0.0	0.0
233	__protein1_rbs	5.6	0.0	0.0
233	__protein2_rbs	3.6	0.0	0.0
233	__protein3_rbs	15.8	0.0	0.0
233	__ribosome	26.6	0.0	0.0
233	__rnase_site_ext	26.2	0.0	0.0
233	p0	0.6	0.0	0.0
233	p2	0.8	0.0	0.0
233	protein1	773.6	9.4	1.9059526
233	protein2	466.6	6.6	2.1222222000000004
233	protein3	1451.0	23.6	1.867797
233	r0	9.4	0.0	0.0
233	r1	6.2	0.0	0.0
233	rnapol	0.4	0.0	0.0
234	__protein1_rbs	6.2	0.0	0.0
234	__protein2_rbs	4.2	0.0	0.0
234	__protein3_rbs	15.2	0.0	0.0
234	__ribosome	30.6	0.0	0.0
234	__rnase_site_ext	26.6	0.0	0.0
234	p0	0.8	0.0	0.0
234	p2	0.4	0.0	0.0
234	protein1	777.2	9.2	1.804004
234	protein2	470.2	6.6	1.9877778000000002
234	protein3	1462.2	23.8	1.7412900000000002
234	r0	9.4	0.0	0.0
234	r1	6.2	0.0	0.0
234	rnapol	0.2	0.0	0.0
235	__protein1_rbs	5.4	0.0	0.0
235	__protein2_rbs	3.2	0.0	0.0
235	__protein3_rbs	14.4	0.0	0.0
235	__ribosome	28.4	0.0	0.0
235	__rnase_site_ext	26.6	0.0	0.0
235	p0	0.4	0.0	0.0
235	p2	0.4	0.0	0.0
235	protein1	780.2	9.4	1.8180952
235	protein2	472.2	6.2	2.3277778
235	protein3	1470.6	23.0	1.8166706
235	r0	9.6	0.0	0.0
235	r1	6.2	0.0	0.0
235	rnapol	0.4	0.0	0.0
236	__protein1_rbs	6.4	0.0	0.0
236	__protein2_rbs	3.8	0.0	0.0
236	__protein3_rbs	13.6	0.0	0.0
236	__ribosome	27.0	0.0	0.0
236	__rnase_site_ext	26.6	0.0	0.0
236	p0	1.0	0.0	0.0
236	p2	0.8	0.0	0.0
236	protein1	783.2	9.6	1.7941666
236	protein2	474.4	6.2	2.2611112
236	protein3	1478.2	23.2	1.8782881999999999
236	r0	10.2	0.0	0.0
236	r1	6.2	0.0	0.0
236	rnapol	0.2	0.0	0.0
237	__protein1_rbs	8.0	0.0	0.0
237	__protein2_rbs	3.4	0.0	0.0
237	__protein3_rbs	15.0	0.0	0.0
237	__ribosome	28.4	0.0	0.0
237	__rnase_site_ext	26.4	0.0	0.0
237	p0	0.8	0.0	0.0
237	p2	0.8	0.0	0.0
237	protein1	787.6	10.2	1.4473302
237	protein2	477.0	6.2	2.1888888
237	protein3	1486.2	23.0	1.9404308
237	r0	10.2	0.0	0.0
237	r1	6.0	0.0	0.0
237	rnapol	0.4	0.0	0.0
238	__protein1_rbs	6.6	0.0	0.0
238	__protein2_rbs	4.2	0.0	0.0
238	__protein3_rbs	15.8	0.0	0.0
238	__ribosome	29.8	0.0	0.0
238	__rnase_site_ext	26.6	0.0	0.0
238	p0	1.0	0.0	0.0
238	p2	0.6	0.0	0.0
238	protein1	790.2	10.4	1.5136978
238	protein2	480.4	6.2	2.0611112
238	protein3	1495.2	22.8	1.915916
238	r0	10.2	0.0	0.0
238	r1	6.0	0.0	0.0
238	rnapol	0.2	0.0	0.0
239	__protein1_rbs	5.4	0.0	0.0
239	__protein2_rbs	4.2	0.0	0.0
239	__protein3_rbs	13.8	0.0	0.0
239	__ribosome	28.0	0.0	0.0
239	__rnase_site_ext	27.0	0.0	0.0
239	p0	1.0	0.0	0.0
239	p2	0.8	0.0	0.0
239	protein1	793.6	10.2	1.7328580000000002
239	protein2	482.8	6.2	1.963889
239	protein3	1503.6	22.4	1.980872
239	r0	10.0	0.0	0.0
239	r1	6.0	0.0	0.0
239	rnapol	0.0	0.0	0.0
240	__protein1_rbs	6.8	0.0	0.0
240	__protein2_rbs	5.2	0.0	0.0
240	__protein3_rbs	12.8	0.0	0.0
240	__ribosome	30.6	0.0	0.0
240	__rnase_site_ext	26.6	0.0	0.0
240	p0	1.0	0.0	0.0
240	p2	0.8	0.0	0.0
240	protein1	797.2	10.0	1.7151308
240	protein2	486.2	6.2	1.5638888000000002
240	protein3	1512.6	23.2	1.9245868
240	r0	10.0	0.0	0.0
240	r1	6.2	0.0	0.0
240	rnapol	0.2	0.0	0.0
241	__protein1_rbs	5.2	0.0	0.0
241	__protein2_rbs	4.0	0.0	0.0
241	__protein3_rbs	13.8	0.0	0.0
241	__ribosome	28.8	0.0	0.0
241	__rnase_site_ext	26.8	0.0	0.0
241	p0	1.0	0.0	0.0
241	p2	0.8	0.0	0.0
241	protein1	799.4	9.8	1.9193464
241	protein2	488.0	6.0	1.6611112000000001
241	protein3	1522.8	23.0	1.9090407999999999
241	r0	9.6	0.0	0.0
241	r1	6.8	0.0	0.0
241	rnapol	0.4	0.0	0.0
242	__protein1_rbs	5.4	0.0	0.0
242	__protein2_rbs	4.8	0.0	0.0
242	__protein3_rbs	15.4	0.0	0.0
242	__ribosome	29.4	0.0	0.0
242	__rnase_site_ext	26.8	0.0	0.0
242	p0	0.8	0.0	0.0
242	p2	0.8	0.0	0.0
242	protein1	802.2	9.6	2.089127
242	protein2	490.8	6.2	1.405
242	protein3	1531.0	23.0	1.8857852
242	r0	9.6	0.0	0.0
242	r1	7.0	0.0	0.0
242	rnapol	0.2	0.0	0.0
243	__protein1_rbs	5.8	0.0	0.0
243	__protein2_rbs	3.8	0.0	0.0
243	__protein3_rbs	13.0	0.0	0.0
243	__ribosome	29.2	0.0	0.0
243	__rnase_site_ext	27.6	0.0	0.0
243	p0	1.0	0.0	0.0
243	p2	0.8	0.0	0.0
243	protein1	806.6	9.6	1.9198414000000001
243	protein2	493.0	6.4	1.395
243	protein3	1539.2	23.0	1.914352
243	r0	10.0	0.0	0.0
243	r1	6.8	0.0	0.0
243	rnapol	0.0	0.0	0.0
244	__protein1_rbs	5.8	0.0	0.0
244	__protein2_rbs	3.6	0.0	0.0
244	__protein3_rbs	14.0	0.0	0.0
244	__ribosome	27.2	0.0	0.0
244	__rnase_site_ext	27.4	0.0	0.0
244	p0	1.0	0.0	0.0
244	p2	1.0	0.0	0.0
244	protein1	810.8	9.8	1.860534
244	protein2	494.4	7.0	1.5037661999999998
244	protein3	1547.4	23.2	1.9107387999999998
244	r0	9.8	0.0	0.0
244	r1	6.8	0.0	0.0
244	rnapol	0.2	0.0	0.0
245	__protein1_rbs	6.0	0.0	0.0
245	__protein2_rbs	5.4	0.0	0.0
245	__protein3_rbs	13.8	0.0	0.0
245	__ribosome	29.4	0.0	0.0
245	__rnase_site_ext	27.2	0.0	0.0
245	p0	1.0	0.0	0.0
245	p2	0.8	0.0	0.0
245	protein1	814.2	9.6	1.903788
245	protein2	496.6	7.4	1.3984413999999998
245	protein3	1558.6	23.4	1.8499292
245	r0	9.6	0.0	0.0
245	r1	6.8	0.0	0.0
245	rnapol	0.2	0.0	0.0
246	__protein1_rbs	6.4	0.0	0.0
246	__protein2_rbs	4.4	0.0	0.0
246	__protein3_rbs	15.0	0.0	0.0
246	__ribosome	29.4	0.0	0.0
246	__rnase_site_ext	27.2	0.0	0.0
246	p0	0.8	0.0	0.0
246	p2	0.8	0.0	0.0
246	protein1	817.8	9.4	1.9272728
246	protein2	498.2	7.4	1.5764286
246	protein3	1567.2	23.0	1.8375207999999998
246	r0	9.4	0.0	0.0
246	r1	6.4	0.0	0.0
246	rnapol	0.2	0.0	0.0
247	__protein1_rbs	4.8	0.0	0.0
247	__protein2_rbs	4.6	0.0	0.0
247	__protein3_rbs	14.0	0.0	0.0
247	__ribosome	28.0	0.0	0.0
247	__rnase_site_ext	27.4	0.0	0.0
247	p0	1.0	0.0	0.0
247	p2	0.6	0.0	0.0
247	protein1	823.0	9.2	1.8644446
247	protein2	499.4	6.8	2.3866666000000003
247	protein3	1575.2	23.2	1.8611124
247	r0	9.4	0.0	0.0
247	r1	6.4	0.0	0.0
247	rnapol	0.2	0.0	0.0
248	__protein1_rbs	6.4	0.0	0.0
248	__protein2_rbs	5.2	0.0	0.0
248	__protein3_rbs	16.6	0.0	0.0
248	__ribosome	29.6	0.0	0.0
248	__rnase_site_ext	27.8	0.0	0.0
248	p0	0.6	0.0	0.0
248	p2	0.6	0.0	0.0
248	protein1	825.6	9.4	1.8987878
248	protein2	502.4	6.8	2.21
248	protein3	1582.6	23.0	1.8712518
248	r0	9.2	0.0	0.0
248	r1	6.4	0.0	0.0
248	rnapol	0.2	0.0	0.0
249	__protein1_rbs	5.8	0.0	0.0
249	__protein2_rbs	3.8	0.0	0.0
249	__protein3_rbs	14.0	0.0	0.0
249	__ribosome	28.8	0.0	0.0
249	__rnase_site_ext	27.4	0.0	0.0
249	p0	1.0	0.0	0.0
249	p2	0.2	0.0	0.0
249	protein1	829.4	9.2	1.9675756000000002
249	protein2	505.0	6.6	2.0928572
249	protein3	1592.8	22.8	1.8809764
249	r0	9.6	0.0	0.0
249	r1	6.2	0.0	0.0
249	rnapol	0.4	0.0	0.0
250	__protein1_rbs	4.0	0.0	0.0
250	__protein2_rbs	2.4	0.0	0.0
250	__protein3_rbs	12.2	0.0	0.0
250	__ribosome	26.6	0.0	0.0
250	__rnase_site_ext	21.2	0.0	0.0
250	p0	0.8	0.0	0.0
250	p2	0.4	0.0	0.0
250	protein1	636.4	6.6	1.5012986000000001
250	protein2	377.0	4.0	2.457143
250	protein3	1318.6	17.8	1.5208334
250	r0	6.4	0.0	0.0
250	r1	4.2	0.0	0.0
250	rnapol	0.2	0.0	0.0
