time	species	protein	transcript	ribo_density
0	__protein1_rbs	0.0	0.0	0.0
0	__protein2_rbs	0.0	0.0	0.0
0	__protein3_rbs	0.0	0.0	0.0
0	__ribosome	100.0	0.0	0.0
0	__rnase_site_ext	0.0	0.0	0.0
0	p0	1.0	0.0	0.0
0	p1	1.0	0.0	0.0
0	p2	1.0	0.0	0.0
0	r0	0.0	0.0	0.0
0	r1	0.0	0.0	0.0
0	rnapol	4.0	0.0	0.0
1	__protein1_rbs	0.0	0.0	0.0
1	__protein2_rbs	0.0	0.0	0.0
1	__protein3_rbs	0.0	0.0	0.0
1	__ribosome	100.0	0.0	0.0
1	__rnase_site_ext	2.0	0.0	0.0
1	p0	0.0	0.0	0.0
1	p1	1.0	0.0	0.0
1	p2	0.4	0.0	0.0
1	r0	0.0	0.0	0.0
1	r1	0.0	0.0	0.0
1	rnapol	1.4	0.0	0.0
2	__protein1_rbs	0.4	0.0	0.0
2	__protein2_rbs	0.0	0.0	0.0
2	__protein3_rbs	0.2	0.0	0.0
2	__ribosome	100.0	0.0	0.0
2	__rnase_site_ext	3.6	0.0	0.0
2	p0	0.8	0.0	0.0
2	p1	1.0	0.0	0.0
2	p2	0.4	0.0	0.0
2	protein1	0.0	0.4	0.0
2	protein3	0.0	0.2	0.0
2	r0	1.2	0.0	0.0
2	r1	0.0	0.0	0.0
2	rnapol	0.4	0.0	0.0
3	__protein1_rbs	0.4	0.0	0.0
3	__protein2_rbs	0.0	0.0	0.0
3	__protein3_rbs	0.4	0.0	0.0
3	__ribosome	98.4	0.0	0.0
3	__rnase_site_ext	4.0	0.0	0.0
3	p0	1.0	0.0	0.0
3	p1	1.0	0.0	0.0
3	p2	0.6	0.0	0.0
3	protein1	0.0	1.4	0.7
3	protein3	0.0	1.0	0.6
3	r0	1.6	0.0	0.0
3	r1	0.0	0.0	0.0
3	rnapol	0.0	0.0	0.0
4	__protein1_rbs	0.6	0.0	0.0
4	__protein2_rbs	0.0	0.0	0.0
4	__protein3_rbs	0.8	0.0	0.0
4	__ribosome	96.4	0.0	0.0
4	__rnase_site_ext	4.0	0.0	0.0
4	p0	1.0	0.0	0.0
4	p1	1.0	0.0	0.0
4	p2	1.0	0.0	0.0
4	protein1	0.0	1.6	1.3
4	protein3	0.0	2.0	0.8
4	r0	1.6	0.0	0.0
4	r1	0.0	0.0	0.0
4	rnapol	0.0	0.0	0.0
5	__protein1_rbs	0.6	0.0	0.0
5	__protein2_rbs	0.0	0.0	0.0
5	__protein3_rbs	0.8	0.0	0.0
5	__ribosome	94.4	0.0	0.0
5	__rnase_site_ext	4.0	0.0	0.0
5	p0	1.0	0.0	0.0
5	p1	1.0	0.0	0.0
5	p2	1.0	0.0	0.0
5	protein1	0.0	1.6	1.8
5	protein3	0.0	2.4	1.2333333999999998
5	r0	1.6	0.0	0.0
5	r1	0.0	0.0	0.0
5	rnapol	0.0	0.0	0.0
6	__protein1_rbs	0.2	0.0	0.0
6	__protein2_rbs	0.0	0.0	0.0
6	__protein3_rbs	0.6	0.0	0.0
6	__ribosome	91.6	0.0	0.0
6	__rnase_site_ext	4.0	0.0	0.0
6	p0	1.0	0.0	0.0
6	p1	0.6	0.0	0.0
6	p2	1.0	0.0	0.0
6	protein1	0.0	1.6	2.4
6	protein3	0.0	2.4	2.0
6	r0	1.6	0.0	0.0
6	r1	0.0	0.0	0.0
6	rnapol	0.0	0.0	0.0
7	__protein1_rbs	0.2	0.0	0.0
7	__protein2_rbs	0.0	0.0	0.0
7	__protein3_rbs	0.8	0.0	0.0
7	__ribosome	88.6	0.0	0.0
7	__rnase_site_ext	4.0	0.0	0.0
7	p0	0.8	0.0	0.0
7	p1	0.0	0.0	0.0
7	p2	1.0	0.0	0.0
7	protein1	0.2	1.6	3.0
7	protein3	0.0	2.4	2.7
7	r0	1.6	0.0	0.0
7	r1	0.0	0.0	0.0
7	rnapol	0.4	0.0	0.0
8	__protein1_rbs	0.8	0.0	0.0
8	__protein2_rbs	0.0	0.0	0.0
8	__protein3_rbs	1.0	0.0	0.0
8	__ribosome	88.2	0.0	0.0
8	__rnase_site_ext	4.6	0.0	0.0
8	p0	1.0	0.0	0.0
8	p1	0.0	0.0	0.0
8	p2	0.6	0.0	0.0
8	protein1	1.2	1.6	2.7
8	protein3	0.4	2.4	3.1
8	r0	1.8	0.0	0.0
8	r1	0.2	0.0	0.0
8	rnapol	0.6	0.0	0.0
9	__protein1_rbs	0.8	0.0	0.0
9	__protein2_rbs	0.0	0.0	0.0
9	__protein3_rbs	1.2	0.0	0.0
9	__ribosome	87.0	0.0	0.0
9	__rnase_site_ext	5.6	0.0	0.0
9	p0	0.4	0.0	0.0
9	p1	0.8	0.0	0.0
9	p2	0.6	0.0	0.0
9	protein1	1.6	1.8	2.9333334
9	protein3	1.2	2.4	3.3333334000000003
9	r0	2.0	0.0	0.0
9	r1	0.8	0.0	0.0
9	rnapol	0.2	0.0	0.0
10	__protein1_rbs	1.0	0.0	0.0
10	__protein2_rbs	0.0	0.0	0.0
10	__protein3_rbs	0.8	0.0	0.0
10	__ribosome	86.8	0.0	0.0
10	__rnase_site_ext	6.4	0.0	0.0
10	p0	0.8	0.0	0.0
10	p1	1.0	0.0	0.0
10	p2	0.4	0.0	0.0
10	protein1	2.6	2.0	2.7
10	protein3	3.0	2.8	2.9
10	r0	2.4	0.0	0.0
10	r1	1.4	0.0	0.0
10	rnapol	0.2	0.0	0.0
11	__protein1_rbs	1.0	0.0	0.0
11	__protein2_rbs	0.4	0.0	0.0
11	__protein3_rbs	1.4	0.0	0.0
11	__ribosome	86.6	0.0	0.0
11	__rnase_site_ext	6.6	0.0	0.0
11	p0	1.0	0.0	0.0
11	p1	1.0	0.0	0.0
11	p2	0.8	0.0	0.0
11	protein1	4.2	2.6	2.0666666
11	protein2	0.0	0.6	0.2
11	protein3	4.8	3.2	2.4833334
11	r0	2.6	0.0	0.0
11	r1	1.4	0.0	0.0
11	rnapol	0.0	0.0	0.0
12	__protein1_rbs	1.2	0.0	0.0
12	__protein2_rbs	0.8	0.0	0.0
12	__protein3_rbs	0.8	0.0	0.0
12	__ribosome	83.8	0.0	0.0
12	__rnase_site_ext	6.6	0.0	0.0
12	p0	1.0	0.0	0.0
12	p1	1.0	0.0	0.0
12	p2	1.0	0.0	0.0
12	protein1	5.2	2.6	2.2666666
12	protein2	0.0	1.2	0.6
12	protein3	6.0	3.8	2.6033334
12	r0	2.6	0.0	0.0
12	r1	1.4	0.0	0.0
12	rnapol	0.0	0.0	0.0
13	__protein1_rbs	0.6	0.0	0.0
13	__protein2_rbs	0.4	0.0	0.0
13	__protein3_rbs	0.8	0.0	0.0
13	__ribosome	80.4	0.0	0.0
13	__rnase_site_ext	6.6	0.0	0.0
13	p0	1.0	0.0	0.0
13	p1	1.0	0.0	0.0
13	p2	1.0	0.0	0.0
13	protein1	5.8	2.6	2.6833334
13	protein2	0.0	1.4	1.4
13	protein3	7.2	4.0	2.7533334
13	r0	2.6	0.0	0.0
13	r1	1.4	0.0	0.0
13	rnapol	0.0	0.0	0.0
14	__protein1_rbs	1.2	0.0	0.0
14	__protein2_rbs	0.6	0.0	0.0
14	__protein3_rbs	1.8	0.0	0.0
14	__ribosome	79.4	0.0	0.0
14	__rnase_site_ext	6.6	0.0	0.0
14	p0	1.0	0.0	0.0
14	p1	0.6	0.0	0.0
14	p2	1.0	0.0	0.0
14	protein1	7.0	2.6	2.7166666
14	protein2	0.0	1.4	1.8
14	protein3	8.8	4.0	2.89
14	r0	2.6	0.0	0.0
14	r1	1.4	0.0	0.0
14	rnapol	0.2	0.0	0.0
15	__protein1_rbs	0.6	0.0	0.0
15	__protein2_rbs	1.0	0.0	0.0
15	__protein3_rbs	1.8	0.0	0.0
15	__ribosome	77.6	0.0	0.0
15	__rnase_site_ext	6.8	0.0	0.0
15	p0	0.8	0.0	0.0
15	p1	0.2	0.0	0.0
15	p2	0.6	0.0	0.0
15	protein1	7.6	2.6	3.1833334
15	protein2	0.0	1.4	2.2
15	protein3	11.0	4.0	2.8133334000000003
15	r0	2.6	0.0	0.0
15	r1	1.4	0.0	0.0
15	rnapol	0.0	0.0	0.0
16	__protein1_rbs	1.4	0.0	0.0
16	__protein2_rbs	0.6	0.0	0.0
16	__protein3_rbs	1.6	0.0	0.0
16	__ribosome	76.8	0.0	0.0
16	__rnase_site_ext	7.0	0.0	0.0
16	p0	1.0	0.0	0.0
16	p1	0.6	0.0	0.0
16	p2	0.8	0.0	0.0
16	protein1	9.0	2.6	2.9666666
16	protein2	0.2	1.4	2.3
16	protein3	12.8	4.0	2.9966666
16	r0	2.6	0.0	0.0
16	r1	1.8	0.0	0.0
16	rnapol	0.2	0.0	0.0
17	__protein1_rbs	1.4	0.0	0.0
17	__protein2_rbs	0.6	0.0	0.0
17	__protein3_rbs	1.8	0.0	0.0
17	__ribosome	76.8	0.0	0.0
17	__rnase_site_ext	7.6	0.0	0.0
17	p0	0.8	0.0	0.0
17	p1	1.0	0.0	0.0
17	p2	0.4	0.0	0.0
17	protein1	10.4	2.8	3.0
17	protein2	1.0	1.4	2.3
17	protein3	15.2	4.2	2.7833334
17	r0	2.8	0.0	0.0
17	r1	2.2	0.0	0.0
17	rnapol	0.4	0.0	0.0
18	__protein1_rbs	1.0	0.0	0.0
18	__protein2_rbs	0.2	0.0	0.0
18	__protein3_rbs	1.0	0.0	0.0
18	__ribosome	76.0	0.0	0.0
18	__rnase_site_ext	7.6	0.0	0.0
18	p0	0.6	0.0	0.0
18	p1	1.0	0.0	0.0
18	p2	0.2	0.0	0.0
18	protein1	12.2	3.0	2.8
18	protein2	2.0	1.4	2.5
18	protein3	17.8	4.2	2.9
18	r0	3.0	0.0	0.0
18	r1	2.4	0.0	0.0
18	rnapol	0.2	0.0	0.0
19	__protein1_rbs	1.4	0.0	0.0
19	__protein2_rbs	0.8	0.0	0.0
19	__protein3_rbs	1.4	0.0	0.0
19	__ribosome	75.2	0.0	0.0
19	__rnase_site_ext	7.8	0.0	0.0
19	p0	0.8	0.0	0.0
19	p1	1.0	0.0	0.0
19	p2	0.6	0.0	0.0
19	protein1	13.8	3.0	2.7333334
19	protein2	2.4	1.8	2.2
19	protein3	20.2	4.4	2.8333334
19	r0	3.4	0.0	0.0
19	r1	2.4	0.0	0.0
19	rnapol	0.0	0.0	0.0
20	__protein1_rbs	1.4	0.0	0.0
20	__protein2_rbs	0.8	0.0	0.0
20	__protein3_rbs	2.2	0.0	0.0
20	__ribosome	73.4	0.0	0.0
20	__rnase_site_ext	7.8	0.0	0.0
20	p0	1.0	0.0	0.0
20	p1	1.0	0.0	0.0
20	p2	0.8	0.0	0.0
20	protein1	15.2	3.6	2.4166668
20	protein2	3.2	2.2	2.1
20	protein3	22.0	5.0	2.6133334
20	r0	3.6	0.0	0.0
20	r1	2.4	0.0	0.0
20	rnapol	0.0	0.0	0.0
21	__protein1_rbs	1.8	0.0	0.0
21	__protein2_rbs	0.8	0.0	0.0
21	__protein3_rbs	1.2	0.0	0.0
21	__ribosome	70.6	0.0	0.0
21	__rnase_site_ext	7.8	0.0	0.0
21	p0	1.0	0.0	0.0
21	p1	1.0	0.0	0.0
21	p2	1.0	0.0	0.0
21	protein1	17.2	3.6	2.4
21	protein2	3.4	2.4	2.4333334
21	protein3	24.2	5.2	2.8966667999999998
21	r0	3.6	0.0	0.0
21	r1	2.4	0.0	0.0
21	rnapol	0.0	0.0	0.0
22	__protein1_rbs	2.0	0.0	0.0
22	__protein2_rbs	1.0	0.0	0.0
22	__protein3_rbs	2.8	0.0	0.0
22	__ribosome	70.6	0.0	0.0
22	__rnase_site_ext	8.0	0.0	0.0
22	p0	1.0	0.0	0.0
22	p1	0.6	0.0	0.0
22	p2	0.6	0.0	0.0
22	protein1	18.4	3.6	2.4833332
22	protein2	4.4	2.4	2.6333333999999997
22	protein3	26.6	5.2	2.7466666
22	r0	3.6	0.0	0.0
22	r1	2.4	0.0	0.0
22	rnapol	0.0	0.0	0.0
23	__protein1_rbs	1.4	0.0	0.0
23	__protein2_rbs	0.8	0.0	0.0
23	__protein3_rbs	1.6	0.0	0.0
23	__ribosome	68.2	0.0	0.0
23	__rnase_site_ext	8.2	0.0	0.0
23	p0	1.0	0.0	0.0
23	p1	0.4	0.0	0.0
23	p2	0.8	0.0	0.0
23	protein1	20.2	3.6	2.5
23	protein2	5.0	2.4	3.0666666
23	protein3	29.0	5.4	2.8733332000000003
23	r0	3.6	0.0	0.0
23	r1	2.4	0.0	0.0
23	rnapol	0.0	0.0	0.0
24	__protein1_rbs	1.0	0.0	0.0
24	__protein2_rbs	1.0	0.0	0.0
24	__protein3_rbs	2.4	0.0	0.0
24	__ribosome	68.4	0.0	0.0
24	__rnase_site_ext	8.6	0.0	0.0
24	p0	0.8	0.0	0.0
24	p1	0.6	0.0	0.0
24	p2	0.4	0.0	0.0
24	protein1	21.8	3.6	2.7333334
24	protein2	6.6	2.4	2.8333334
24	protein3	32.2	5.6	2.6857142
24	r0	3.6	0.0	0.0
24	r1	2.6	0.0	0.0
24	rnapol	0.0	0.0	0.0
25	__protein1_rbs	1.6	0.0	0.0
25	__protein2_rbs	1.0	0.0	0.0
25	__protein3_rbs	1.6	0.0	0.0
25	__ribosome	67.6	0.0	0.0
25	__rnase_site_ext	9.0	0.0	0.0
25	p0	0.8	0.0	0.0
25	p1	0.8	0.0	0.0
25	p2	0.4	0.0	0.0
25	protein1	24.0	3.6	2.7
25	protein2	7.6	2.4	2.9666666
25	protein3	35.4	5.8	2.72
25	r0	3.8	0.0	0.0
25	r1	2.8	0.0	0.0
25	rnapol	0.2	0.0	0.0
26	__protein1_rbs	1.2	0.0	0.0
26	__protein2_rbs	0.6	0.0	0.0
26	__protein3_rbs	2.8	0.0	0.0
26	__ribosome	67.2	0.0	0.0
26	__rnase_site_ext	9.2	0.0	0.0
26	p0	0.6	0.0	0.0
26	p1	1.0	0.0	0.0
26	p2	0.4	0.0	0.0
26	protein1	26.2	3.8	2.6
26	protein2	9.0	2.4	3.1666666
26	protein3	38.4	6.0	2.58
26	r0	4.0	0.0	0.0
26	r1	3.0	0.0	0.0
26	rnapol	0.2	0.0	0.0
27	__protein1_rbs	1.2	0.0	0.0
27	__protein2_rbs	1.8	0.0	0.0
27	__protein3_rbs	3.4	0.0	0.0
27	__ribosome	66.2	0.0	0.0
27	__rnase_site_ext	9.8	0.0	0.0
27	p0	0.8	0.0	0.0
27	p1	1.0	0.0	0.0
27	p2	0.6	0.0	0.0
27	protein1	27.4	4.0	2.7
27	protein2	10.4	2.8	2.5666666
27	protein3	40.8	6.4	2.4771428
27	r0	4.4	0.0	0.0
27	r1	3.2	0.0	0.0
27	rnapol	0.0	0.0	0.0
28	__protein1_rbs	2.0	0.0	0.0
28	__protein2_rbs	1.2	0.0	0.0
28	__protein3_rbs	3.4	0.0	0.0
28	__ribosome	65.2	0.0	0.0
28	__rnase_site_ext	10.0	0.0	0.0
28	p0	0.8	0.0	0.0
28	p1	1.0	0.0	0.0
28	p2	0.8	0.0	0.0
28	protein1	29.2	4.4	2.6866666
28	protein2	12.0	2.8	2.6
28	protein3	44.0	6.6	2.4226192
28	r0	4.6	0.0	0.0
28	r1	3.2	0.0	0.0
28	rnapol	0.0	0.0	0.0
29	__protein1_rbs	2.0	0.0	0.0
29	__protein2_rbs	1.6	0.0	0.0
29	__protein3_rbs	3.2	0.0	0.0
29	__ribosome	65.2	0.0	0.0
29	__rnase_site_ext	10.0	0.0	0.0
29	p0	1.0	0.0	0.0
29	p1	1.0	0.0	0.0
29	p2	1.0	0.0	0.0
29	protein1	31.8	4.6	2.48
29	protein2	13.6	3.2	2.25
29	protein3	47.4	7.2	2.2428572
29	r0	4.8	0.0	0.0
29	r1	3.2	0.0	0.0
29	rnapol	0.2	0.0	0.0
30	__protein1_rbs	2.4	0.0	0.0
30	__protein2_rbs	2.0	0.0	0.0
30	__protein3_rbs	2.4	0.0	0.0
30	__ribosome	61.4	0.0	0.0
30	__rnase_site_ext	10.0	0.0	0.0
30	p0	0.8	0.0	0.0
30	p1	0.8	0.0	0.0
30	p2	0.8	0.0	0.0
30	protein1	33.4	4.8	2.52
30	protein2	14.6	3.2	2.2666666
30	protein3	49.6	7.4	2.5845238
30	r0	4.8	0.0	0.0
30	r1	3.2	0.0	0.0
30	rnapol	0.0	0.0	0.0
31	__protein1_rbs	2.0	0.0	0.0
31	__protein2_rbs	1.6	0.0	0.0
31	__protein3_rbs	3.8	0.0	0.0
31	__ribosome	61.6	0.0	0.0
31	__rnase_site_ext	10.0	0.0	0.0
31	p0	1.0	0.0	0.0
31	p1	0.6	0.0	0.0
31	p2	0.8	0.0	0.0
31	protein1	35.4	4.8	2.69
31	protein2	16.6	3.2	2.15
31	protein3	53.4	7.4	2.5190476000000004
31	r0	5.0	0.0	0.0
31	r1	3.2	0.0	0.0
31	rnapol	0.0	0.0	0.0
32	__protein1_rbs	3.0	0.0	0.0
32	__protein2_rbs	1.4	0.0	0.0
32	__protein3_rbs	2.8	0.0	0.0
32	__ribosome	61.0	0.0	0.0
32	__rnase_site_ext	10.0	0.0	0.0
32	p0	1.0	0.0	0.0
32	p1	0.6	0.0	0.0
32	p2	0.8	0.0	0.0
32	protein1	38.4	4.8	2.53
32	protein2	17.6	3.2	2.45
32	protein3	56.6	7.4	2.6862698
32	r0	4.8	0.0	0.0
32	r1	3.4	0.0	0.0
32	rnapol	0.4	0.0	0.0
33	__protein1_rbs	2.0	0.0	0.0
33	__protein2_rbs	1.4	0.0	0.0
33	__protein3_rbs	3.6	0.0	0.0
33	__ribosome	60.0	0.0	0.0
33	__rnase_site_ext	10.6	0.0	0.0
33	p0	0.6	0.0	0.0
33	p1	0.4	0.0	0.0
33	p2	0.6	0.0	0.0
33	protein1	40.8	4.8	2.56
33	protein2	18.8	3.2	2.5833334
33	protein3	59.8	7.4	2.7376192
33	r0	5.0	0.0	0.0
33	r1	3.6	0.0	0.0
33	rnapol	0.0	0.0	0.0
34	__protein1_rbs	2.0	0.0	0.0
34	__protein2_rbs	1.6	0.0	0.0
34	__protein3_rbs	4.2	0.0	0.0
34	__ribosome	58.2	0.0	0.0
34	__rnase_site_ext	11.0	0.0	0.0
34	p0	1.0	0.0	0.0
34	p1	0.8	0.0	0.0
34	p2	0.4	0.0	0.0
34	protein1	43.4	5.2	2.54
34	protein2	20.6	3.4	2.3499998
34	protein3	63.0	7.6	2.7333334
34	r0	5.4	0.0	0.0
34	r1	3.6	0.0	0.0
34	rnapol	0.0	0.0	0.0
35	__protein1_rbs	2.8	0.0	0.0
35	__protein2_rbs	1.6	0.0	0.0
35	__protein3_rbs	3.0	0.0	0.0
35	__ribosome	57.6	0.0	0.0
35	__rnase_site_ext	11.0	0.0	0.0
35	p0	1.0	0.0	0.0
35	p1	0.8	0.0	0.0
35	p2	0.6	0.0	0.0
35	protein1	45.4	5.4	2.5333332000000004
35	protein2	22.0	3.6	2.2666666
35	protein3	67.6	7.8	2.7188093999999996
35	r0	5.4	0.0	0.0
35	r1	4.2	0.0	0.0
35	rnapol	0.2	0.0	0.0
36	__protein1_rbs	2.2	0.0	0.0
36	__protein2_rbs	2.4	0.0	0.0
36	__protein3_rbs	4.6	0.0	0.0
36	__ribosome	57.8	0.0	0.0
36	__rnase_site_ext	11.2	0.0	0.0
36	p0	1.0	0.0	0.0
36	p1	0.8	0.0	0.0
36	p2	0.6	0.0	0.0
36	protein1	48.2	5.4	2.64
36	protein2	23.4	3.6	2.2333334
36	protein3	71.0	8.2	2.4844444
36	r0	5.2	0.0	0.0
36	r1	4.4	0.0	0.0
36	rnapol	0.0	0.0	0.0
37	__protein1_rbs	2.8	0.0	0.0
37	__protein2_rbs	2.0	0.0	0.0
37	__protein3_rbs	3.2	0.0	0.0
37	__ribosome	56.8	0.0	0.0
37	__rnase_site_ext	11.2	0.0	0.0
37	p0	1.0	0.0	0.0
37	p1	0.8	0.0	0.0
37	p2	1.0	0.0	0.0
37	protein1	50.6	5.0	2.7666666
37	protein2	25.0	3.8	2.15
37	protein3	75.0	8.4	2.5577778
37	r0	5.0	0.0	0.0
37	r1	4.4	0.0	0.0
37	rnapol	0.2	0.0	0.0
38	__protein1_rbs	1.8	0.0	0.0
38	__protein2_rbs	1.8	0.0	0.0
38	__protein3_rbs	5.0	0.0	0.0
38	__ribosome	55.4	0.0	0.0
38	__rnase_site_ext	11.2	0.0	0.0
38	p0	1.0	0.0	0.0
38	p1	0.6	0.0	0.0
38	p2	1.0	0.0	0.0
38	protein1	52.8	5.0	2.8933334000000004
38	protein2	26.4	4.2	2.17
38	protein3	79.0	9.0	2.3385714
38	r0	5.0	0.0	0.0
38	r1	4.4	0.0	0.0
38	rnapol	0.0	0.0	0.0
39	__protein1_rbs	2.0	0.0	0.0
39	__protein2_rbs	1.6	0.0	0.0
39	__protein3_rbs	4.2	0.0	0.0
39	__ribosome	54.8	0.0	0.0
39	__rnase_site_ext	11.6	0.0	0.0
39	p0	1.0	0.0	0.0
39	p1	0.6	0.0	0.0
39	p2	0.6	0.0	0.0
39	protein1	55.8	5.0	2.8266666000000003
39	protein2	28.2	4.4	2.27
39	protein3	83.8	9.0	2.3535714000000003
39	r0	5.0	0.0	0.0
39	r1	4.6	0.0	0.0
39	rnapol	0.2	0.0	0.0
40	__protein1_rbs	2.0	0.0	0.0
40	__protein2_rbs	2.6	0.0	0.0
40	__protein3_rbs	5.0	0.0	0.0
40	__ribosome	53.0	0.0	0.0
40	__rnase_site_ext	11.6	0.0	0.0
40	p0	0.8	0.0	0.0
40	p1	0.8	0.0	0.0
40	p2	0.6	0.0	0.0
40	protein1	58.8	5.0	2.8233334
40	protein2	29.8	4.4	2.31
40	protein3	87.2	9.2	2.497013
40	r0	5.0	0.0	0.0
40	r1	4.8	0.0	0.0
40	rnapol	0.0	0.0	0.0
41	__protein1_rbs	2.8	0.0	0.0
41	__protein2_rbs	2.6	0.0	0.0
41	__protein3_rbs	5.6	0.0	0.0
41	__ribosome	53.0	0.0	0.0
41	__rnase_site_ext	12.0	0.0	0.0
41	p0	1.0	0.0	0.0
41	p1	1.0	0.0	0.0
41	p2	0.6	0.0	0.0
41	protein1	61.6	5.0	2.6633334
41	protein2	31.2	4.6	2.38
41	protein3	91.2	9.4	2.4628572
41	r0	5.0	0.0	0.0
41	r1	4.8	0.0	0.0
41	rnapol	0.2	0.0	0.0
42	__protein1_rbs	1.8	0.0	0.0
42	__protein2_rbs	2.0	0.0	0.0
42	__protein3_rbs	3.8	0.0	0.0
42	__ribosome	51.0	0.0	0.0
42	__rnase_site_ext	12.0	0.0	0.0
42	p0	0.6	0.0	0.0
42	p1	1.0	0.0	0.0
42	p2	0.8	0.0	0.0
42	protein1	64.2	5.0	2.71
42	protein2	33.6	4.6	2.4200000000000004
42	protein3	95.0	9.4	2.635101
42	r0	5.0	0.0	0.0
42	r1	5.0	0.0	0.0
42	rnapol	0.0	0.0	0.0
43	__protein1_rbs	2.2	0.0	0.0
43	__protein2_rbs	2.2	0.0	0.0
43	__protein3_rbs	4.4	0.0	0.0
43	__ribosome	50.8	0.0	0.0
43	__rnase_site_ext	12.2	0.0	0.0
43	p0	0.8	0.0	0.0
43	p1	1.0	0.0	0.0
43	p2	0.6	0.0	0.0
43	protein1	67.2	5.0	2.63
43	protein2	35.4	4.8	2.4200000000000004
43	protein3	99.4	9.8	2.581793
43	r0	4.8	0.0	0.0
43	r1	5.0	0.0	0.0
43	rnapol	0.2	0.0	0.0
44	__protein1_rbs	2.2	0.0	0.0
44	__protein2_rbs	2.8	0.0	0.0
44	__protein3_rbs	4.0	0.0	0.0
44	__ribosome	50.4	0.0	0.0
44	__rnase_site_ext	12.6	0.0	0.0
44	p0	0.8	0.0	0.0
44	p1	1.0	0.0	0.0
44	p2	0.4	0.0	0.0
44	protein1	69.6	5.0	2.7
44	protein2	37.8	5.0	2.2466666
44	protein3	104.4	10.0	2.5596502
44	r0	5.0	0.0	0.0
44	r1	5.0	0.0	0.0
44	rnapol	0.0	0.0	0.0
45	__protein1_rbs	1.8	0.0	0.0
45	__protein2_rbs	2.0	0.0	0.0
45	__protein3_rbs	4.8	0.0	0.0
45	__ribosome	49.2	0.0	0.0
45	__rnase_site_ext	12.6	0.0	0.0
45	p0	0.8	0.0	0.0
45	p1	1.0	0.0	0.0
45	p2	0.4	0.0	0.0
45	protein1	72.2	5.0	2.6966667999999996
45	protein2	39.8	5.0	2.4333334
45	protein3	109.4	10.2	2.493007
45	r0	5.2	0.0	0.0
45	r1	5.0	0.0	0.0
45	rnapol	0.0	0.0	0.0
46	__protein1_rbs	3.2	0.0	0.0
46	__protein2_rbs	2.0	0.0	0.0
46	__protein3_rbs	5.6	0.0	0.0
46	__ribosome	48.0	0.0	0.0
46	__rnase_site_ext	12.8	0.0	0.0
46	p0	1.0	0.0	0.0
46	p1	1.0	0.0	0.0
46	p2	0.6	0.0	0.0
46	protein1	74.2	5.2	2.5833334
46	protein2	41.6	5.0	2.59
46	protein3	113.6	10.4	2.4971252
46	r0	5.4	0.0	0.0
46	r1	4.8	0.0	0.0
46	rnapol	0.2	0.0	0.0
47	__protein1_rbs	3.0	0.0	0.0
47	__protein2_rbs	1.8	0.0	0.0
47	__protein3_rbs	4.2	0.0	0.0
47	__ribosome	47.0	0.0	0.0
47	__rnase_site_ext	12.8	0.0	0.0
47	p0	0.8	0.0	0.0
47	p1	0.8	0.0	0.0
47	p2	0.6	0.0	0.0
47	protein1	77.0	5.4	2.3733334
47	protein2	44.6	5.0	2.4466666
47	protein3	117.6	10.8	2.5806062
47	r0	5.4	0.0	0.0
47	r1	4.6	0.0	0.0
47	rnapol	0.0	0.0	0.0
48	__protein1_rbs	2.4	0.0	0.0
48	__protein2_rbs	3.4	0.0	0.0
48	__protein3_rbs	5.6	0.0	0.0
48	__ribosome	46.6	0.0	0.0
48	__rnase_site_ext	12.8	0.0	0.0
48	p0	1.0	0.0	0.0
48	p1	0.8	0.0	0.0
48	p2	0.8	0.0	0.0
48	protein1	80.0	5.6	2.3452382000000003
48	protein2	46.2	5.0	2.4233334
48	protein3	123.4	11.0	2.62
48	r0	5.6	0.0	0.0
48	r1	4.2	0.0	0.0
48	rnapol	0.4	0.0	0.0
49	__protein1_rbs	3.2	0.0	0.0
49	__protein2_rbs	2.6	0.0	0.0
49	__protein3_rbs	6.2	0.0	0.0
49	__ribosome	47.6	0.0	0.0
49	__rnase_site_ext	12.4	0.0	0.0
49	p0	1.0	0.0	0.0
49	p1	0.6	0.0	0.0
49	p2	0.8	0.0	0.0
49	protein1	82.4	5.6	2.3295238
49	protein2	48.0	4.8	2.6433334000000004
49	protein3	128.6	11.0	2.5202596
49	r0	5.4	0.0	0.0
49	r1	4.4	0.0	0.0
49	rnapol	0.2	0.0	0.0
50	__protein1_rbs	2.2	0.0	0.0
50	__protein2_rbs	2.2	0.0	0.0
50	__protein3_rbs	6.2	0.0	0.0
50	__ribosome	47.8	0.0	0.0
50	__rnase_site_ext	12.6	0.0	0.0
50	p0	1.0	0.0	0.0
50	p1	0.6	0.0	0.0
50	p2	0.6	0.0	0.0
50	protein1	85.4	5.2	2.5166666
50	protein2	51.4	4.6	2.5
50	protein3	133.2	11.6	2.4183334000000003
50	r0	5.2	0.0	0.0
50	r1	4.2	0.0	0.0
50	rnapol	0.2	0.0	0.0
51	__protein1_rbs	1.8	0.0	0.0
51	__protein2_rbs	2.2	0.0	0.0
51	__protein3_rbs	6.6	0.0	0.0
51	__ribosome	48.0	0.0	0.0
51	__rnase_site_ext	13.0	0.0	0.0
51	p0	1.0	0.0	0.0
51	p1	0.6	0.0	0.0
51	p2	0.6	0.0	0.0
51	protein1	87.2	5.4	2.7785714
51	protein2	54.0	4.4	2.58
51	protein3	138.8	11.2	2.3390910000000003
51	r0	5.6	0.0	0.0
51	r1	4.6	0.0	0.0
51	rnapol	0.0	0.0	0.0
52	__protein1_rbs	2.6	0.0	0.0
52	__protein2_rbs	2.8	0.0	0.0
52	__protein3_rbs	4.0	0.0	0.0
52	__ribosome	48.8	0.0	0.0
52	__rnase_site_ext	13.4	0.0	0.0
52	p0	0.8	0.0	0.0
52	p1	1.0	0.0	0.0
52	p2	0.8	0.0	0.0
52	protein1	90.0	5.6	2.5916666
52	protein2	57.2	4.4	2.1333333999999997
52	protein3	144.2	11.2	2.4371212000000004
52	r0	5.6	0.0	0.0
52	r1	4.4	0.0	0.0
52	rnapol	0.0	0.0	0.0
53	__protein1_rbs	3.0	0.0	0.0
53	__protein2_rbs	1.8	0.0	0.0
53	__protein3_rbs	4.8	0.0	0.0
53	__ribosome	46.6	0.0	0.0
53	__rnase_site_ext	13.8	0.0	0.0
53	p0	1.0	0.0	0.0
53	p1	0.8	0.0	0.0
53	p2	0.4	0.0	0.0
53	protein1	92.8	5.6	2.5083332
53	protein2	58.0	4.4	2.5666667999999997
53	protein3	150.0	11.8	2.3751516
53	r0	5.8	0.0	0.0
53	r1	4.8	0.0	0.0
53	rnapol	0.0	0.0	0.0
54	__protein1_rbs	3.4	0.0	0.0
54	__protein2_rbs	2.0	0.0	0.0
54	__protein3_rbs	6.8	0.0	0.0
54	__ribosome	47.8	0.0	0.0
54	__rnase_site_ext	13.8	0.0	0.0
54	p0	1.0	0.0	0.0
54	p1	1.0	0.0	0.0
54	p2	0.8	0.0	0.0
54	protein1	95.4	5.8	2.3233334
54	protein2	60.8	4.6	2.5000002
54	protein3	156.0	12.0	2.254934
54	r0	5.8	0.0	0.0
54	r1	4.8	0.0	0.0
54	rnapol	0.0	0.0	0.0
55	__protein1_rbs	3.8	0.0	0.0
55	__protein2_rbs	2.2	0.0	0.0
55	__protein3_rbs	6.0	0.0	0.0
55	__ribosome	46.4	0.0	0.0
55	__rnase_site_ext	14.0	0.0	0.0
55	p0	0.8	0.0	0.0
55	p1	0.8	0.0	0.0
55	p2	0.8	0.0	0.0
55	protein1	98.2	5.8	2.1933333999999998
55	protein2	63.4	5.0	2.1833334
55	protein3	160.2	12.6	2.3507759999999998
55	r0	5.8	0.0	0.0
55	r1	5.0	0.0	0.0
55	rnapol	0.0	0.0	0.0
56	__protein1_rbs	2.4	0.0	0.0
56	__protein2_rbs	3.0	0.0	0.0
56	__protein3_rbs	4.4	0.0	0.0
56	__ribosome	44.8	0.0	0.0
56	__rnase_site_ext	14.4	0.0	0.0
56	p0	1.0	0.0	0.0
56	p1	1.0	0.0	0.0
56	p2	0.8	0.0	0.0
56	protein1	101.4	5.8	2.28
56	protein2	65.0	4.8	2.3366666
56	protein3	166.6	12.6	2.4529402
56	r0	6.0	0.0	0.0
56	r1	5.0	0.0	0.0
56	rnapol	0.0	0.0	0.0
57	__protein1_rbs	3.8	0.0	0.0
57	__protein2_rbs	2.2	0.0	0.0
57	__protein3_rbs	7.0	0.0	0.0
57	__ribosome	44.8	0.0	0.0
57	__rnase_site_ext	14.4	0.0	0.0
57	p0	1.0	0.0	0.0
57	p1	0.8	0.0	0.0
57	p2	0.8	0.0	0.0
57	protein1	103.8	6.0	2.0583332
57	protein2	66.8	4.8	2.5166666
57	protein3	171.2	12.8	2.4725672000000003
57	r0	6.0	0.0	0.0
57	r1	5.0	0.0	0.0
57	rnapol	0.0	0.0	0.0
58	__protein1_rbs	3.4	0.0	0.0
58	__protein2_rbs	3.0	0.0	0.0
58	__protein3_rbs	5.4	0.0	0.0
58	__ribosome	43.8	0.0	0.0
58	__rnase_site_ext	14.4	0.0	0.0
58	p0	1.0	0.0	0.0
58	p1	0.6	0.0	0.0
58	p2	0.6	0.0	0.0
58	protein1	105.8	6.0	2.1083332
58	protein2	68.8	5.0	2.4
58	protein3	177.6	13.0	2.4891376000000003
58	r0	6.0	0.0	0.0
58	r1	4.8	0.0	0.0
58	rnapol	0.2	0.0	0.0
59	__protein1_rbs	3.0	0.0	0.0
59	__protein2_rbs	1.8	0.0	0.0
59	__protein3_rbs	6.4	0.0	0.0
59	__ribosome	41.6	0.0	0.0
59	__rnase_site_ext	14.4	0.0	0.0
59	p0	0.8	0.0	0.0
59	p1	0.8	0.0	0.0
59	p2	0.6	0.0	0.0
59	protein1	108.6	6.0	2.175
59	protein2	71.6	5.0	2.3666668
59	protein3	182.0	13.0	2.624522
59	r0	6.0	0.0	0.0
59	r1	5.0	0.0	0.0
59	rnapol	0.0	0.0	0.0
60	__protein1_rbs	3.0	0.0	0.0
60	__protein2_rbs	2.0	0.0	0.0
60	__protein3_rbs	5.8	0.0	0.0
60	__ribosome	40.6	0.0	0.0
60	__rnase_site_ext	14.8	0.0	0.0
60	p0	0.8	0.0	0.0
60	p1	1.0	0.0	0.0
60	p2	0.6	0.0	0.0
60	protein1	110.6	6.0	2.35
60	protein2	74.2	5.0	2.3285714
60	protein3	188.6	13.2	2.6318938
60	r0	6.2	0.0	0.0
60	r1	5.0	0.0	0.0
60	rnapol	0.0	0.0	0.0
61	__protein1_rbs	3.2	0.0	0.0
61	__protein2_rbs	3.2	0.0	0.0
61	__protein3_rbs	8.2	0.0	0.0
61	__ribosome	43.0	0.0	0.0
61	__rnase_site_ext	15.4	0.0	0.0
61	p0	0.8	0.0	0.0
61	p1	0.8	0.0	0.0
61	p2	0.4	0.0	0.0
61	protein1	113.8	6.2	2.2380954
61	protein2	76.2	5.2	2.2083334
61	protein3	195.4	13.6	2.3966064
61	r0	6.0	0.0	0.0
61	r1	5.0	0.0	0.0
61	rnapol	0.0	0.0	0.0
62	__protein1_rbs	3.4	0.0	0.0
62	__protein2_rbs	2.4	0.0	0.0
62	__protein3_rbs	6.6	0.0	0.0
62	__ribosome	41.0	0.0	0.0
62	__rnase_site_ext	15.4	0.0	0.0
62	p0	1.0	0.0	0.0
62	p1	0.8	0.0	0.0
62	p2	0.6	0.0	0.0
62	protein1	115.0	6.2	2.3780952
62	protein2	77.8	5.0	2.3952382
62	protein3	202.4	13.6	2.367798
62	r0	6.4	0.0	0.0
62	r1	5.0	0.0	0.0
62	rnapol	0.2	0.0	0.0
63	__protein1_rbs	2.6	0.0	0.0
63	__protein2_rbs	2.4	0.0	0.0
63	__protein3_rbs	7.6	0.0	0.0
63	__ribosome	41.4	0.0	0.0
63	__rnase_site_ext	15.4	0.0	0.0
63	p0	0.8	0.0	0.0
63	p1	1.0	0.0	0.0
63	p2	0.6	0.0	0.0
63	protein1	118.2	6.4	2.3066666
63	protein2	80.4	5.0	2.262381
63	protein3	209.2	14.2	2.2399784
63	r0	6.4	0.0	0.0
63	r1	5.2	0.0	0.0
63	rnapol	0.0	0.0	0.0
64	__protein1_rbs	3.8	0.0	0.0
64	__protein2_rbs	2.0	0.0	0.0
64	__protein3_rbs	8.2	0.0	0.0
64	__ribosome	41.4	0.0	0.0
64	__rnase_site_ext	15.4	0.0	0.0
64	p0	1.0	0.0	0.0
64	p1	1.0	0.0	0.0
64	p2	0.8	0.0	0.0
64	protein1	121.6	6.2	2.1942856
64	protein2	82.6	5.0	2.4457142000000003
64	protein3	215.2	14.6	2.2245636
64	r0	6.4	0.0	0.0
64	r1	5.2	0.0	0.0
64	rnapol	0.2	0.0	0.0
65	__protein1_rbs	3.8	0.0	0.0
65	__protein2_rbs	2.2	0.0	0.0
65	__protein3_rbs	6.2	0.0	0.0
65	__ribosome	39.8	0.0	0.0
65	__rnase_site_ext	15.4	0.0	0.0
65	p0	1.0	0.0	0.0
65	p1	1.0	0.0	0.0
65	p2	0.8	0.0	0.0
65	protein1	123.8	6.4	2.2323807999999996
65	protein2	84.8	5.0	2.4371428
65	protein3	222.4	14.6	2.2850516
65	r0	6.2	0.0	0.0
65	r1	5.2	0.0	0.0
65	rnapol	0.0	0.0	0.0
66	__protein1_rbs	2.6	0.0	0.0
66	__protein2_rbs	2.4	0.0	0.0
66	__protein3_rbs	7.6	0.0	0.0
66	__ribosome	38.6	0.0	0.0
66	__rnase_site_ext	15.8	0.0	0.0
66	p0	0.8	0.0	0.0
66	p1	0.8	0.0	0.0
66	p2	0.6	0.0	0.0
66	protein1	127.2	6.2	2.3104762
66	protein2	86.8	5.2	2.5238093999999998
66	protein3	228.4	14.8	2.285593
66	r0	6.2	0.0	0.0
66	r1	5.2	0.0	0.0
66	rnapol	0.2	0.0	0.0
67	__protein1_rbs	3.8	0.0	0.0
67	__protein2_rbs	2.8	0.0	0.0
67	__protein3_rbs	7.6	0.0	0.0
67	__ribosome	38.4	0.0	0.0
67	__rnase_site_ext	16.0	0.0	0.0
67	p0	0.8	0.0	0.0
67	p1	0.6	0.0	0.0
67	p2	0.4	0.0	0.0
67	protein1	130.0	6.2	2.24
67	protein2	89.0	5.2	2.5057142000000003
67	protein3	234.2	15.0	2.3193072
67	r0	6.4	0.0	0.0
67	r1	5.2	0.0	0.0
67	rnapol	0.2	0.0	0.0
68	__protein1_rbs	3.8	0.0	0.0
68	__protein2_rbs	3.2	0.0	0.0
68	__protein3_rbs	8.8	0.0	0.0
68	__ribosome	41.2	0.0	0.0
68	__rnase_site_ext	16.2	0.0	0.0
68	p0	1.0	0.0	0.0
68	p1	0.6	0.0	0.0
68	p2	0.8	0.0	0.0
68	protein1	132.2	6.4	2.1733334
68	protein2	92.0	5.2	2.2771428
68	protein3	241.4	15.0	2.2109584
68	r0	6.6	0.0	0.0
68	r1	5.4	0.0	0.0
68	rnapol	0.2	0.0	0.0
69	__protein1_rbs	3.0	0.0	0.0
69	__protein2_rbs	2.8	0.0	0.0
69	__protein3_rbs	8.2	0.0	0.0
69	__ribosome	40.4	0.0	0.0
69	__rnase_site_ext	16.0	0.0	0.0
69	p0	0.8	0.0	0.0
69	p1	0.8	0.0	0.0
69	p2	0.4	0.0	0.0
69	protein1	135.4	6.4	2.2057142000000005
69	protein2	94.4	5.2	2.2838093999999995
69	protein3	248.0	15.2	2.1932562
69	r0	6.4	0.0	0.0
69	r1	5.6	0.0	0.0
69	rnapol	0.0	0.0	0.0
70	__protein1_rbs	2.6	0.0	0.0
70	__protein2_rbs	3.2	0.0	0.0
70	__protein3_rbs	8.4	0.0	0.0
70	__ribosome	38.6	0.0	0.0
70	__rnase_site_ext	16.0	0.0	0.0
70	p0	1.0	0.0	0.0
70	p1	0.8	0.0	0.0
70	p2	0.8	0.0	0.0
70	protein1	137.4	6.4	2.3528569999999998
70	protein2	97.0	5.4	2.2114286
70	protein3	254.0	15.2	2.2553362
70	r0	6.6	0.0	0.0
70	r1	5.8	0.0	0.0
70	rnapol	0.4	0.0	0.0
71	__protein1_rbs	4.0	0.0	0.0
71	__protein2_rbs	2.4	0.0	0.0
71	__protein3_rbs	7.6	0.0	0.0
71	__ribosome	40.2	0.0	0.0
71	__rnase_site_ext	16.4	0.0	0.0
71	p0	1.0	0.0	0.0
71	p1	1.0	0.0	0.0
71	p2	0.6	0.0	0.0
71	protein1	140.8	6.4	2.1438096
71	protein2	99.6	5.4	2.1428572
71	protein3	261.2	15.4	2.2489286
71	r0	6.6	0.0	0.0
71	r1	5.8	0.0	0.0
71	rnapol	0.0	0.0	0.0
72	__protein1_rbs	3.4	0.0	0.0
72	__protein2_rbs	3.2	0.0	0.0
72	__protein3_rbs	8.8	0.0	0.0
72	__ribosome	40.8	0.0	0.0
72	__rnase_site_ext	16.8	0.0	0.0
72	p0	1.0	0.0	0.0
72	p1	0.8	0.0	0.0
72	p2	1.0	0.0	0.0
72	protein1	144.2	6.6	2.0577778
72	protein2	101.6	5.8	2.0457144
72	protein3	267.8	15.0	2.2527172
72	r0	6.6	0.0	0.0
72	r1	6.0	0.0	0.0
72	rnapol	0.0	0.0	0.0
73	__protein1_rbs	4.0	0.0	0.0
73	__protein2_rbs	3.0	0.0	0.0
73	__protein3_rbs	6.6	0.0	0.0
73	__ribosome	37.8	0.0	0.0
73	__rnase_site_ext	16.4	0.0	0.0
73	p0	1.0	0.0	0.0
73	p1	0.6	0.0	0.0
73	p2	0.8	0.0	0.0
73	protein1	146.2	6.6	2.1827777999999998
73	protein2	103.4	5.8	2.1776192
73	protein3	274.4	15.0	2.3727732000000006
73	r0	6.6	0.0	0.0
73	r1	6.0	0.0	0.0
73	rnapol	0.2	0.0	0.0
74	__protein1_rbs	3.6	0.0	0.0
74	__protein2_rbs	3.0	0.0	0.0
74	__protein3_rbs	7.4	0.0	0.0
74	__ribosome	36.2	0.0	0.0
74	__rnase_site_ext	16.4	0.0	0.0
74	p0	0.6	0.0	0.0
74	p1	1.0	0.0	0.0
74	p2	1.0	0.0	0.0
74	protein1	148.6	6.6	2.2216666000000003
74	protein2	106.4	6.0	2.0495238
74	protein3	280.6	15.2	2.421736800000001
74	r0	6.6	0.0	0.0
74	r1	6.0	0.0	0.0
74	rnapol	0.4	0.0	0.0
75	__protein1_rbs	2.8	0.0	0.0
75	__protein2_rbs	3.4	0.0	0.0
75	__protein3_rbs	9.0	0.0	0.0
75	__ribosome	37.8	0.0	0.0
75	__rnase_site_ext	17.0	0.0	0.0
75	p0	0.6	0.0	0.0
75	p1	0.8	0.0	0.0
75	p2	0.6	0.0	0.0
75	protein1	151.8	6.6	2.2383332000000005
75	protein2	108.8	6.0	2.0076192
75	protein3	287.4	15.0	2.3410714
75	r0	7.0	0.0	0.0
75	r1	6.2	0.0	0.0
75	rnapol	0.0	0.0	0.0
76	__protein1_rbs	4.4	0.0	0.0
76	__protein2_rbs	3.8	0.0	0.0
76	__protein3_rbs	7.4	0.0	0.0
76	__ribosome	38.2	0.0	0.0
76	__rnase_site_ext	17.4	0.0	0.0
76	p0	0.8	0.0	0.0
76	p1	0.8	0.0	0.0
76	p2	0.8	0.0	0.0
76	protein1	155.0	7.2	1.9777778
76	protein2	111.2	6.0	1.9771428
76	protein3	294.6	14.8	2.4152382
76	r0	7.4	0.0	0.0
76	r1	6.2	0.0	0.0
76	rnapol	0.2	0.0	0.0
77	__protein1_rbs	4.2	0.0	0.0
77	__protein2_rbs	2.4	0.0	0.0
77	__protein3_rbs	7.4	0.0	0.0
77	__ribosome	36.4	0.0	0.0
77	__rnase_site_ext	17.8	0.0	0.0
77	p0	1.0	0.0	0.0
77	p1	0.8	0.0	0.0
77	p2	0.8	0.0	0.0
77	protein1	158.6	7.2	1.92
77	protein2	113.4	6.4	2.14
77	protein3	301.6	15.2	2.3709523999999997
77	r0	7.4	0.0	0.0
77	r1	6.2	0.0	0.0
77	rnapol	0.0	0.0	0.0
78	__protein1_rbs	3.4	0.0	0.0
78	__protein2_rbs	3.6	0.0	0.0
78	__protein3_rbs	8.8	0.0	0.0
78	__ribosome	35.0	0.0	0.0
78	__rnase_site_ext	17.8	0.0	0.0
78	p0	1.0	0.0	0.0
78	p1	0.8	0.0	0.0
78	p2	0.8	0.0	0.0
78	protein1	160.2	7.4	2.1208080000000002
78	protein2	116.6	6.4	2.0214286
78	protein3	308.2	15.4	2.3495168
78	r0	7.4	0.0	0.0
78	r1	6.4	0.0	0.0
78	rnapol	0.2	0.0	0.0
79	__protein1_rbs	4.0	0.0	0.0
79	__protein2_rbs	4.4	0.0	0.0
79	__protein3_rbs	9.2	0.0	0.0
79	__ribosome	36.8	0.0	0.0
79	__rnase_site_ext	18.2	0.0	0.0
79	p0	0.8	0.0	0.0
79	p1	0.8	0.0	0.0
79	p2	0.6	0.0	0.0
79	protein1	163.0	7.2	2.1349494
79	protein2	118.8	6.2	2.0285716000000003
79	protein3	315.2	15.6	2.2410506000000003
79	r0	7.2	0.0	0.0
79	r1	6.4	0.0	0.0
79	rnapol	0.2	0.0	0.0
80	__protein1_rbs	4.0	0.0	0.0
80	__protein2_rbs	2.8	0.0	0.0
80	__protein3_rbs	8.8	0.0	0.0
80	__ribosome	36.6	0.0	0.0
80	__rnase_site_ext	18.2	0.0	0.0
80	p0	0.8	0.0	0.0
80	p1	0.6	0.0	0.0
80	p2	1.0	0.0	0.0
80	protein1	165.8	7.4	2.1715150000000003
80	protein2	121.0	6.4	2.1885714
80	protein3	322.8	15.6	2.1379902000000004
80	r0	7.4	0.0	0.0
80	r1	6.4	0.0	0.0
80	rnapol	0.0	0.0	0.0
81	__protein1_rbs	4.8	0.0	0.0
81	__protein2_rbs	3.4	0.0	0.0
81	__protein3_rbs	8.6	0.0	0.0
81	__ribosome	36.8	0.0	0.0
81	__rnase_site_ext	17.8	0.0	0.0
81	p0	0.8	0.0	0.0
81	p1	0.6	0.0	0.0
81	p2	0.8	0.0	0.0
81	protein1	169.0	7.6	1.9895238000000002
81	protein2	123.2	6.4	2.3871428
81	protein3	330.0	16.0	2.0458334
81	r0	7.6	0.0	0.0
81	r1	6.6	0.0	0.0
81	rnapol	0.0	0.0	0.0
82	__protein1_rbs	4.0	0.0	0.0
82	__protein2_rbs	3.6	0.0	0.0
82	__protein3_rbs	6.4	0.0	0.0
82	__ribosome	34.6	0.0	0.0
82	__rnase_site_ext	18.2	0.0	0.0
82	p0	1.0	0.0	0.0
82	p1	0.6	0.0	0.0
82	p2	1.0	0.0	0.0
82	protein1	172.2	7.6	1.9809523999999998
82	protein2	126.2	6.4	2.47
82	protein3	337.4	15.8	2.2128103999999995
82	r0	7.8	0.0	0.0
82	r1	6.6	0.0	0.0
82	rnapol	0.2	0.0	0.0
83	__protein1_rbs	4.0	0.0	0.0
83	__protein2_rbs	4.0	0.0	0.0
83	__protein3_rbs	10.2	0.0	0.0
83	__ribosome	35.6	0.0	0.0
83	__rnase_site_ext	18.6	0.0	0.0
83	p0	1.0	0.0	0.0
83	p1	0.8	0.0	0.0
83	p2	0.8	0.0	0.0
83	protein1	175.8	7.8	1.94
83	protein2	129.2	6.4	2.4171428
83	protein3	343.6	15.4	2.2304487999999996
83	r0	7.8	0.0	0.0
83	r1	6.8	0.0	0.0
83	rnapol	0.2	0.0	0.0
84	__protein1_rbs	5.2	0.0	0.0
84	__protein2_rbs	3.6	0.0	0.0
84	__protein3_rbs	8.2	0.0	0.0
84	__ribosome	33.6	0.0	0.0
84	__rnase_site_ext	18.8	0.0	0.0
84	p0	1.0	0.0	0.0
84	p1	0.8	0.0	0.0
84	p2	0.4	0.0	0.0
84	protein1	178.8	7.8	1.8665656
84	protein2	131.2	6.8	2.3165872000000003
84	protein3	349.0	15.6	2.3337478000000003
84	r0	7.8	0.0	0.0
84	r1	7.0	0.0	0.0
84	rnapol	0.2	0.0	0.0
85	__protein1_rbs	4.4	0.0	0.0
85	__protein2_rbs	5.0	0.0	0.0
85	__protein3_rbs	9.2	0.0	0.0
85	__ribosome	34.8	0.0	0.0
85	__rnase_site_ext	19.0	0.0	0.0
85	p0	0.6	0.0	0.0
85	p1	0.8	0.0	0.0
85	p2	0.8	0.0	0.0
85	protein1	180.6	7.8	2.0594444000000003
85	protein2	135.4	7.0	2.0069842
85	protein3	356.2	16.0	2.232555
85	r0	7.8	0.0	0.0
85	r1	6.6	0.0	0.0
85	rnapol	0.0	0.0	0.0
86	__protein1_rbs	5.6	0.0	0.0
86	__protein2_rbs	3.4	0.0	0.0
86	__protein3_rbs	11.0	0.0	0.0
86	__ribosome	37.2	0.0	0.0
86	__rnase_site_ext	18.8	0.0	0.0
86	p0	1.0	0.0	0.0
86	p1	0.8	0.0	0.0
86	p2	0.8	0.0	0.0
86	protein1	183.6	8.0	1.9278428
86	protein2	138.4	7.0	2.0744444
86	protein3	363.0	16.4	2.0384126
86	r0	8.2	0.0	0.0
86	r1	6.6	0.0	0.0
86	rnapol	0.2	0.0	0.0
87	__protein1_rbs	4.6	0.0	0.0
87	__protein2_rbs	3.6	0.0	0.0
87	__protein3_rbs	8.8	0.0	0.0
87	__ribosome	36.6	0.0	0.0
87	__rnase_site_ext	19.0	0.0	0.0
87	p0	1.0	0.0	0.0
87	p1	0.8	0.0	0.0
87	p2	0.8	0.0	0.0
87	protein1	186.8	8.2	1.9400794
87	protein2	141.0	7.2	2.12
87	protein3	371.4	16.4	1.9526106
87	r0	8.2	0.0	0.0
87	r1	6.8	0.0	0.0
87	rnapol	0.2	0.0	0.0
88	__protein1_rbs	4.6	0.0	0.0
88	__protein2_rbs	4.6	0.0	0.0
88	__protein3_rbs	9.4	0.0	0.0
88	__ribosome	37.0	0.0	0.0
88	__rnase_site_ext	18.8	0.0	0.0
88	p0	1.0	0.0	0.0
88	p1	0.8	0.0	0.0
88	p2	0.8	0.0	0.0
88	protein1	190.8	8.2	1.826984
88	protein2	143.8	6.8	2.1157142
88	protein3	377.6	16.2	2.0532268
88	r0	8.2	0.0	0.0
88	r1	7.0	0.0	0.0
88	rnapol	0.0	0.0	0.0
89	__protein1_rbs	5.4	0.0	0.0
89	__protein2_rbs	4.8	0.0	0.0
89	__protein3_rbs	9.6	0.0	0.0
89	__ribosome	38.4	0.0	0.0
89	__rnase_site_ext	19.0	0.0	0.0
89	p0	0.8	0.0	0.0
89	p1	1.0	0.0	0.0
89	p2	0.8	0.0	0.0
89	protein1	193.4	8.0	1.9969696
89	protein2	146.8	6.8	2.0657144
89	protein3	385.4	16.6	1.916621
89	r0	8.0	0.0	0.0
89	r1	7.2	0.0	0.0
89	rnapol	0.0	0.0	0.0
90	__protein1_rbs	3.6	0.0	0.0
90	__protein2_rbs	3.0	0.0	0.0
90	__protein3_rbs	9.6	0.0	0.0
90	__ribosome	35.6	0.0	0.0
90	__rnase_site_ext	18.4	0.0	0.0
90	p0	0.8	0.0	0.0
90	p1	1.0	0.0	0.0
90	p2	0.6	0.0	0.0
90	protein1	196.4	8.0	2.1734850000000003
90	protein2	149.6	6.8	2.1371428000000003
90	protein3	391.0	16.8	1.9362848000000001
90	r0	8.2	0.0	0.0
90	r1	7.2	0.0	0.0
90	rnapol	0.2	0.0	0.0
91	__protein1_rbs	3.8	0.0	0.0
91	__protein2_rbs	4.2	0.0	0.0
91	__protein3_rbs	9.0	0.0	0.0
91	__ribosome	32.8	0.0	0.0
91	__rnase_site_ext	18.2	0.0	0.0
91	p0	0.8	0.0	0.0
91	p1	0.6	0.0	0.0
91	p2	0.6	0.0	0.0
91	protein1	199.0	8.0	2.2862556
91	protein2	152.4	7.0	2.1380952
91	protein3	396.0	16.6	2.0898412
91	r0	7.6	0.0	0.0
91	r1	7.0	0.0	0.0
91	rnapol	0.2	0.0	0.0
92	__protein1_rbs	3.8	0.0	0.0
92	__protein2_rbs	4.0	0.0	0.0
92	__protein3_rbs	9.6	0.0	0.0
92	__ribosome	34.6	0.0	0.0
92	__rnase_site_ext	18.6	0.0	0.0
92	p0	0.6	0.0	0.0
92	p1	1.0	0.0	0.0
92	p2	0.6	0.0	0.0
92	protein1	202.4	7.2	2.4166666
92	protein2	156.0	7.2	1.9742856
92	protein3	403.0	16.8	2.0530616000000004
92	r0	7.4	0.0	0.0
92	r1	6.8	0.0	0.0
92	rnapol	0.2	0.0	0.0
93	__protein1_rbs	5.6	0.0	0.0
93	__protein2_rbs	4.0	0.0	0.0
93	__protein3_rbs	10.4	0.0	0.0
93	__ribosome	36.4	0.0	0.0
93	__rnase_site_ext	18.6	0.0	0.0
93	p0	1.0	0.0	0.0
93	p1	1.0	0.0	0.0
93	p2	0.6	0.0	0.0
93	protein1	206.0	7.8	2.0384919999999997
93	protein2	158.4	7.2	2.0057142
93	protein3	409.8	17.0	1.9900818
93	r0	7.8	0.0	0.0
93	r1	6.8	0.0	0.0
93	rnapol	0.0	0.0	0.0
94	__protein1_rbs	4.2	0.0	0.0
94	__protein2_rbs	5.0	0.0	0.0
94	__protein3_rbs	10.2	0.0	0.0
94	__ribosome	35.0	0.0	0.0
94	__rnase_site_ext	18.8	0.0	0.0
94	p0	0.8	0.0	0.0
94	p1	1.0	0.0	0.0
94	p2	0.8	0.0	0.0
94	protein1	209.0	7.8	2.167857
94	protein2	161.0	7.2	1.9257144
94	protein3	416.2	17.4	2.0142858
94	r0	8.0	0.0	0.0
94	r1	6.8	0.0	0.0
94	rnapol	0.2	0.0	0.0
95	__protein1_rbs	4.2	0.0	0.0
95	__protein2_rbs	3.4	0.0	0.0
95	__protein3_rbs	11.6	0.0	0.0
95	__ribosome	37.4	0.0	0.0
95	__rnase_site_ext	18.8	0.0	0.0
95	p0	1.0	0.0	0.0
95	p1	0.8	0.0	0.0
95	p2	0.6	0.0	0.0
95	protein1	213.4	8.0	1.9507936
95	protein2	164.8	7.2	1.8942858
95	protein3	423.0	17.2	1.9616584
95	r0	8.4	0.0	0.0
95	r1	6.6	0.0	0.0
95	rnapol	0.0	0.0	0.0
96	__protein1_rbs	4.2	0.0	0.0
96	__protein2_rbs	4.0	0.0	0.0
96	__protein3_rbs	10.2	0.0	0.0
96	__ribosome	35.2	0.0	0.0
96	__rnase_site_ext	18.4	0.0	0.0
96	p0	1.0	0.0	0.0
96	p1	0.6	0.0	0.0
96	p2	1.0	0.0	0.0
96	protein1	216.6	8.2	2.0615872
96	protein2	167.4	7.0	1.8933334
96	protein3	429.6	17.6	1.9760887999999999
96	r0	8.2	0.0	0.0
96	r1	6.6	0.0	0.0
96	rnapol	0.0	0.0	0.0
97	__protein1_rbs	6.0	0.0	0.0
97	__protein2_rbs	4.0	0.0	0.0
97	__protein3_rbs	10.4	0.0	0.0
97	__ribosome	34.2	0.0	0.0
97	__rnase_site_ext	18.2	0.0	0.0
97	p0	0.8	0.0	0.0
97	p1	0.4	0.0	0.0
97	p2	0.8	0.0	0.0
97	protein1	219.4	8.2	2.0651588000000003
97	protein2	169.4	6.8	2.0704759999999998
97	protein3	436.2	18.0	1.9547848
97	r0	8.0	0.0	0.0
97	r1	6.8	0.0	0.0
97	rnapol	0.0	0.0	0.0
98	__protein1_rbs	4.0	0.0	0.0
98	__protein2_rbs	3.8	0.0	0.0
98	__protein3_rbs	8.8	0.0	0.0
98	__ribosome	31.4	0.0	0.0
98	__rnase_site_ext	18.4	0.0	0.0
98	p0	0.6	0.0	0.0
98	p1	0.6	0.0	0.0
98	p2	0.8	0.0	0.0
98	protein1	221.8	8.0	2.3260316000000003
98	protein2	172.4	6.6	2.0933333999999997
98	protein3	443.2	17.6	2.09817
98	r0	8.2	0.0	0.0
98	r1	7.0	0.0	0.0
98	rnapol	0.0	0.0	0.0
99	__protein1_rbs	4.8	0.0	0.0
99	__protein2_rbs	2.6	0.0	0.0
99	__protein3_rbs	9.8	0.0	0.0
99	__ribosome	31.2	0.0	0.0
99	__rnase_site_ext	18.2	0.0	0.0
99	p0	1.0	0.0	0.0
99	p1	0.8	0.0	0.0
99	p2	0.6	0.0	0.0
99	protein1	225.0	8.2	2.2453967999999995
99	protein2	174.4	6.6	2.3104762
99	protein3	451.4	17.2	2.0718568
99	r0	8.4	0.0	0.0
99	r1	7.4	0.0	0.0
99	rnapol	0.2	0.0	0.0
100	__protein1_rbs	3.8	0.0	0.0
100	__protein2_rbs	5.0	0.0	0.0
100	__protein3_rbs	11.4	0.0	0.0
100	__ribosome	33.4	0.0	0.0
100	__rnase_site_ext	18.2	0.0	0.0
100	p0	1.0	0.0	0.0
100	p1	0.6	0.0	0.0
100	p2	1.0	0.0	0.0
100	protein1	229.6	8.4	2.1500722000000003
100	protein2	178.4	6.8	1.8761903999999998
100	protein3	456.4	17.2	2.1029240000000002
100	r0	8.4	0.0	0.0
100	r1	7.6	0.0	0.0
100	rnapol	0.2	0.0	0.0
101	__protein1_rbs	5.2	0.0	0.0
101	__protein2_rbs	4.6	0.0	0.0
101	__protein3_rbs	8.8	0.0	0.0
101	__ribosome	33.6	0.0	0.0
101	__rnase_site_ext	18.4	0.0	0.0
101	p0	1.0	0.0	0.0
101	p1	0.8	0.0	0.0
101	p2	0.8	0.0	0.0
101	protein1	233.8	8.4	2.0029944
101	protein2	180.8	7.4	1.803788
101	protein3	464.2	17.2	2.155397
101	r0	8.4	0.0	0.0
101	r1	7.8	0.0	0.0
101	rnapol	0.2	0.0	0.0
102	__protein1_rbs	4.8	0.0	0.0
102	__protein2_rbs	5.2	0.0	0.0
102	__protein3_rbs	11.8	0.0	0.0
102	__ribosome	34.4	0.0	0.0
102	__rnase_site_ext	18.2	0.0	0.0
102	p0	1.0	0.0	0.0
102	p1	0.8	0.0	0.0
102	p2	0.8	0.0	0.0
102	protein1	235.8	8.4	2.1429294
102	protein2	183.2	7.4	1.7272725999999998
102	protein3	470.6	17.2	2.0890476000000002
102	r0	8.4	0.0	0.0
102	r1	8.0	0.0	0.0
102	rnapol	0.2	0.0	0.0
103	__protein1_rbs	4.6	0.0	0.0
103	__protein2_rbs	4.0	0.0	0.0
103	__protein3_rbs	10.0	0.0	0.0
103	__ribosome	34.6	0.0	0.0
103	__rnase_site_ext	18.2	0.0	0.0
103	p0	1.0	0.0	0.0
103	p1	1.0	0.0	0.0
103	p2	0.8	0.0	0.0
103	protein1	240.4	8.4	2.0650793999999997
103	protein2	185.0	7.6	1.9080810000000001
103	protein3	478.8	17.0	2.0336136000000002
103	r0	8.6	0.0	0.0
103	r1	8.0	0.0	0.0
103	rnapol	0.2	0.0	0.0
104	__protein1_rbs	4.2	0.0	0.0
104	__protein2_rbs	5.4	0.0	0.0
104	__protein3_rbs	9.2	0.0	0.0
104	__ribosome	33.2	0.0	0.0
104	__rnase_site_ext	18.4	0.0	0.0
104	p0	1.0	0.0	0.0
104	p1	0.4	0.0	0.0
104	p2	1.0	0.0	0.0
104	protein1	242.8	8.6	2.1781167999999997
104	protein2	188.2	8.0	1.731746
104	protein3	485.8	16.8	2.0652068
104	r0	8.4	0.0	0.0
104	r1	8.2	0.0	0.0
104	rnapol	0.0	0.0	0.0
105	__protein1_rbs	5.6	0.0	0.0
105	__protein2_rbs	5.0	0.0	0.0
105	__protein3_rbs	7.8	0.0	0.0
105	__ribosome	32.6	0.0	0.0
105	__rnase_site_ext	18.6	0.0	0.0
105	p0	1.0	0.0	0.0
105	p1	0.6	0.0	0.0
105	p2	1.0	0.0	0.0
105	protein1	247.6	8.4	1.9842858
105	protein2	191.0	8.0	1.7730159999999997
105	protein3	492.0	17.0	2.1477192000000005
105	r0	8.8	0.0	0.0
105	r1	7.8	0.0	0.0
105	rnapol	0.2	0.0	0.0
106	__protein1_rbs	5.4	0.0	0.0
106	__protein2_rbs	5.4	0.0	0.0
106	__protein3_rbs	10.2	0.0	0.0
106	__ribosome	34.6	0.0	0.0
106	__rnase_site_ext	19.2	0.0	0.0
106	p0	1.0	0.0	0.0
106	p1	1.0	0.0	0.0
106	p2	0.4	0.0	0.0
106	protein1	250.2	8.8	1.9987014000000003
106	protein2	194.0	8.0	1.6428572
106	protein3	500.4	16.8	2.0575878
106	r0	8.8	0.0	0.0
106	r1	7.4	0.0	0.0
106	rnapol	0.2	0.0	0.0
107	__protein1_rbs	5.0	0.0	0.0
107	__protein2_rbs	5.8	0.0	0.0
107	__protein3_rbs	8.6	0.0	0.0
107	__ribosome	31.2	0.0	0.0
107	__rnase_site_ext	19.2	0.0	0.0
107	p0	0.8	0.0	0.0
107	p1	1.0	0.0	0.0
107	p2	0.8	0.0	0.0
107	protein1	253.6	9.0	2.0077922
107	protein2	196.8	8.2	1.5396828000000002
107	protein3	504.4	16.6	2.2776316000000003
107	r0	9.0	0.0	0.0
107	r1	7.4	0.0	0.0
107	rnapol	0.2	0.0	0.0
108	__protein1_rbs	5.2	0.0	0.0
108	__protein2_rbs	5.0	0.0	0.0
108	__protein3_rbs	10.0	0.0	0.0
108	__ribosome	33.2	0.0	0.0
108	__rnase_site_ext	19.2	0.0	0.0
108	p0	1.0	0.0	0.0
108	p1	0.8	0.0	0.0
108	p2	0.4	0.0	0.0
108	protein1	257.4	8.8	2.025065
108	protein2	199.4	8.4	1.5747618
108	protein3	512.8	17.0	2.0989822
108	r0	9.0	0.0	0.0
108	r1	7.4	0.0	0.0
108	rnapol	0.2	0.0	0.0
109	__protein1_rbs	5.2	0.0	0.0
109	__protein2_rbs	2.8	0.0	0.0
109	__protein3_rbs	9.6	0.0	0.0
109	__ribosome	29.0	0.0	0.0
109	__rnase_site_ext	18.8	0.0	0.0
109	p0	0.8	0.0	0.0
109	p1	1.0	0.0	0.0
109	p2	0.8	0.0	0.0
109	protein1	261.0	9.0	1.9404546000000003
109	protein2	201.4	8.0	1.9980953999999997
109	protein3	518.6	17.0	2.1886438
109	r0	8.8	0.0	0.0
109	r1	7.2	0.0	0.0
109	rnapol	0.4	0.0	0.0
110	__protein1_rbs	4.6	0.0	0.0
110	__protein2_rbs	5.2	0.0	0.0
110	__protein3_rbs	10.4	0.0	0.0
110	__ribosome	33.0	0.0	0.0
110	__rnase_site_ext	19.4	0.0	0.0
110	p0	1.0	0.0	0.0
110	p1	0.6	0.0	0.0
110	p2	0.4	0.0	0.0
110	protein1	264.4	8.6	2.1135714
110	protein2	204.6	7.6	2.0111112
110	protein3	529.0	17.4	1.9177778000000003
110	r0	8.6	0.0	0.0
110	r1	7.2	0.0	0.0
110	rnapol	0.0	0.0	0.0
111	__protein1_rbs	4.2	0.0	0.0
111	__protein2_rbs	4.2	0.0	0.0
111	__protein3_rbs	11.0	0.0	0.0
111	__ribosome	32.2	0.0	0.0
111	__rnase_site_ext	19.2	0.0	0.0
111	p0	1.0	0.0	0.0
111	p1	0.6	0.0	0.0
111	p2	0.6	0.0	0.0
111	protein1	267.6	8.4	2.26
111	protein2	207.4	7.4	2.1174604
111	protein3	535.2	17.8	1.8703164
111	r0	8.4	0.0	0.0
111	r1	7.2	0.0	0.0
111	rnapol	0.0	0.0	0.0
112	__protein1_rbs	5.0	0.0	0.0
112	__protein2_rbs	4.6	0.0	0.0
112	__protein3_rbs	11.4	0.0	0.0
112	__ribosome	31.8	0.0	0.0
112	__rnase_site_ext	19.0	0.0	0.0
112	p0	1.0	0.0	0.0
112	p1	0.8	0.0	0.0
112	p2	0.8	0.0	0.0
112	protein1	271.2	8.4	2.1821428000000003
112	protein2	210.0	7.2	2.2
112	protein3	541.2	18.4	1.8419892
112	r0	8.4	0.0	0.0
112	r1	7.4	0.0	0.0
112	rnapol	0.2	0.0	0.0
113	__protein1_rbs	4.6	0.0	0.0
113	__protein2_rbs	4.0	0.0	0.0
113	__protein3_rbs	10.6	0.0	0.0
113	__ribosome	31.4	0.0	0.0
113	__rnase_site_ext	19.4	0.0	0.0
113	p0	0.6	0.0	0.0
113	p1	0.8	0.0	0.0
113	p2	0.8	0.0	0.0
113	protein1	275.2	8.4	2.1471428
113	protein2	213.0	7.2	2.2015872
113	protein3	548.4	18.6	1.8641958000000003
113	r0	8.4	0.0	0.0
113	r1	7.4	0.0	0.0
113	rnapol	0.2	0.0	0.0
114	__protein1_rbs	4.6	0.0	0.0
114	__protein2_rbs	3.6	0.0	0.0
114	__protein3_rbs	10.2	0.0	0.0
114	__ribosome	32.0	0.0	0.0
114	__rnase_site_ext	19.6	0.0	0.0
114	p0	0.8	0.0	0.0
114	p1	1.0	0.0	0.0
114	p2	0.8	0.0	0.0
114	protein1	278.2	8.6	2.1583118
114	protein2	216.6	7.2	2.15873
114	protein3	556.2	18.0	1.9118422
114	r0	8.8	0.0	0.0
114	r1	7.4	0.0	0.0
114	rnapol	0.2	0.0	0.0
115	__protein1_rbs	6.0	0.0	0.0
115	__protein2_rbs	4.0	0.0	0.0
115	__protein3_rbs	10.6	0.0	0.0
115	__ribosome	31.8	0.0	0.0
115	__rnase_site_ext	19.6	0.0	0.0
115	p0	1.0	0.0	0.0
115	p1	1.0	0.0	0.0
115	p2	0.6	0.0	0.0
115	protein1	281.6	9.0	1.9694806
115	protein2	220.2	7.6	2.0420634
115	protein3	562.0	17.6	2.0330826
115	r0	9.0	0.0	0.0
115	r1	7.6	0.0	0.0
115	rnapol	0.0	0.0	0.0
116	__protein1_rbs	5.8	0.0	0.0
116	__protein2_rbs	4.6	0.0	0.0
116	__protein3_rbs	10.2	0.0	0.0
116	__ribosome	32.0	0.0	0.0
116	__rnase_site_ext	20.0	0.0	0.0
116	p0	0.6	0.0	0.0
116	p1	0.8	0.0	0.0
116	p2	0.4	0.0	0.0
116	protein1	285.8	9.0	1.7977272000000002
116	protein2	223.2	7.6	2.0621428
116	protein3	568.2	17.8	2.0771012
116	r0	9.0	0.0	0.0
116	r1	7.4	0.0	0.0
116	rnapol	0.0	0.0	0.0
117	__protein1_rbs	4.8	0.0	0.0
117	__protein2_rbs	4.8	0.0	0.0
117	__protein3_rbs	10.2	0.0	0.0
117	__ribosome	30.4	0.0	0.0
117	__rnase_site_ext	20.4	0.0	0.0
117	p0	1.0	0.0	0.0
117	p1	1.0	0.0	0.0
117	p2	0.6	0.0	0.0
117	protein1	289.4	9.2	1.8613636000000002
117	protein2	225.8	7.4	2.1071428
117	protein3	575.0	18.2	2.0922638
117	r0	9.4	0.0	0.0
117	r1	7.6	0.0	0.0
117	rnapol	0.0	0.0	0.0
118	__protein1_rbs	5.6	0.0	0.0
118	__protein2_rbs	5.2	0.0	0.0
118	__protein3_rbs	13.0	0.0	0.0
118	__ribosome	32.8	0.0	0.0
118	__rnase_site_ext	20.4	0.0	0.0
118	p0	1.0	0.0	0.0
118	p1	0.8	0.0	0.0
118	p2	1.0	0.0	0.0
118	protein1	292.0	9.2	1.8468182
118	protein2	229.0	7.6	1.8930952
118	protein3	583.0	18.6	1.9707828
118	r0	9.2	0.0	0.0
118	r1	7.6	0.0	0.0
118	rnapol	0.0	0.0	0.0
119	__protein1_rbs	4.8	0.0	0.0
119	__protein2_rbs	4.2	0.0	0.0
119	__protein3_rbs	12.0	0.0	0.0
119	__ribosome	31.2	0.0	0.0
119	__rnase_site_ext	20.4	0.0	0.0
119	p0	1.0	0.0	0.0
119	p1	0.6	0.0	0.0
119	p2	0.8	0.0	0.0
119	protein1	295.4	9.2	1.9323232
119	protein2	232.0	7.6	1.9026192
119	protein3	589.4	18.8	1.960401
119	r0	9.2	0.0	0.0
119	r1	7.6	0.0	0.0
119	rnapol	0.2	0.0	0.0
120	__protein1_rbs	5.6	0.0	0.0
120	__protein2_rbs	4.2	0.0	0.0
120	__protein3_rbs	9.6	0.0	0.0
120	__ribosome	28.6	0.0	0.0
120	__rnase_site_ext	20.2	0.0	0.0
120	p0	0.8	0.0	0.0
120	p1	0.6	0.0	0.0
120	p2	0.8	0.0	0.0
120	protein1	299.4	9.2	1.9355556
120	protein2	235.0	7.6	2.0285714
120	protein3	596.4	18.8	2.0862154
120	r0	9.2	0.0	0.0
120	r1	7.6	0.0	0.0
120	rnapol	0.0	0.0	0.0
121	__protein1_rbs	6.0	0.0	0.0
121	__protein2_rbs	4.0	0.0	0.0
121	__protein3_rbs	10.0	0.0	0.0
121	__ribosome	29.0	0.0	0.0
121	__rnase_site_ext	20.2	0.0	0.0
121	p0	1.0	0.0	0.0
121	p1	0.8	0.0	0.0
121	p2	0.8	0.0	0.0
121	protein1	302.4	9.0	1.9413492
121	protein2	237.8	7.6	1.9835714
121	protein3	605.4	18.8	2.0921394
121	r0	9.0	0.0	0.0
121	r1	8.0	0.0	0.0
121	rnapol	0.0	0.0	0.0
122	__protein1_rbs	5.4	0.0	0.0
122	__protein2_rbs	4.6	0.0	0.0
122	__protein3_rbs	12.0	0.0	0.0
122	__ribosome	31.8	0.0	0.0
122	__rnase_site_ext	20.6	0.0	0.0
122	p0	0.8	0.0	0.0
122	p1	0.6	0.0	0.0
122	p2	0.4	0.0	0.0
122	protein1	305.8	9.0	2.0098412
122	protein2	240.8	7.6	1.8628572
122	protein3	613.0	19.0	1.9477102
122	r0	9.0	0.0	0.0
122	r1	8.2	0.0	0.0
122	rnapol	0.0	0.0	0.0
123	__protein1_rbs	6.2	0.0	0.0
123	__protein2_rbs	4.4	0.0	0.0
123	__protein3_rbs	10.8	0.0	0.0
123	__ribosome	30.4	0.0	0.0
123	__rnase_site_ext	21.0	0.0	0.0
123	p0	1.0	0.0	0.0
123	p1	0.8	0.0	0.0
123	p2	0.8	0.0	0.0
123	protein1	309.2	9.0	1.9147619999999999
123	protein2	242.6	7.8	2.0196826
123	protein3	619.6	18.8	2.0012696
123	r0	9.2	0.0	0.0
123	r1	8.2	0.0	0.0
123	rnapol	0.2	0.0	0.0
124	__protein1_rbs	5.8	0.0	0.0
124	__protein2_rbs	5.0	0.0	0.0
124	__protein3_rbs	12.2	0.0	0.0
124	__ribosome	31.8	0.0	0.0
124	__rnase_site_ext	21.6	0.0	0.0
124	p0	1.0	0.0	0.0
124	p1	1.0	0.0	0.0
124	p2	0.4	0.0	0.0
124	protein1	312.4	9.2	1.8835410000000004
124	protein2	246.0	8.2	1.7887880000000005
124	protein3	627.4	19.4	1.8769264
124	r0	9.2	0.0	0.0
124	r1	8.0	0.0	0.0
124	rnapol	0.0	0.0	0.0
125	__protein1_rbs	4.8	0.0	0.0
125	__protein2_rbs	4.6	0.0	0.0
125	__protein3_rbs	13.6	0.0	0.0
125	__ribosome	32.8	0.0	0.0
125	__rnase_site_ext	21.6	0.0	0.0
125	p0	1.0	0.0	0.0
125	p1	1.0	0.0	0.0
125	p2	1.0	0.0	0.0
125	protein1	316.8	9.2	1.7898656000000002
125	protein2	249.2	8.2	1.7838888000000002
125	protein3	634.8	19.8	1.8283984
125	r0	9.2	0.0	0.0
125	r1	7.4	0.0	0.0
125	rnapol	0.0	0.0	0.0
126	__protein1_rbs	5.6	0.0	0.0
126	__protein2_rbs	5.8	0.0	0.0
126	__protein3_rbs	12.2	0.0	0.0
126	__ribosome	34.2	0.0	0.0
126	__rnase_site_ext	21.0	0.0	0.0
126	p0	1.0	0.0	0.0
126	p1	0.8	0.0	0.0
126	p2	1.0	0.0	0.0
126	protein1	320.0	9.2	1.8327471999999998
126	protein2	252.4	8.4	1.6260101999999999
126	protein3	643.0	20.4	1.7427274
126	r0	9.2	0.0	0.0
126	r1	7.4	0.0	0.0
126	rnapol	0.0	0.0	0.0
127	__protein1_rbs	5.2	0.0	0.0
127	__protein2_rbs	5.8	0.0	0.0
127	__protein3_rbs	10.6	0.0	0.0
127	__ribosome	31.6	0.0	0.0
127	__rnase_site_ext	21.6	0.0	0.0
127	p0	0.8	0.0	0.0
127	p1	1.0	0.0	0.0
127	p2	0.6	0.0	0.0
127	protein1	324.0	9.2	1.8789498
127	protein2	254.6	8.4	1.7200506000000002
127	protein3	649.8	20.0	1.8831254
127	r0	8.8	0.0	0.0
127	r1	7.4	0.0	0.0
127	rnapol	0.0	0.0	0.0
128	__protein1_rbs	4.4	0.0	0.0
128	__protein2_rbs	4.8	0.0	0.0
128	__protein3_rbs	11.6	0.0	0.0
128	__ribosome	29.4	0.0	0.0
128	__rnase_site_ext	21.6	0.0	0.0
128	p0	1.0	0.0	0.0
128	p1	0.8	0.0	0.0
128	p2	1.0	0.0	0.0
128	protein1	326.2	9.0	2.2142856
128	protein2	257.8	7.8	1.775469
128	protein3	657.0	19.6	1.9420453999999998
128	r0	9.0	0.0	0.0
128	r1	7.4	0.0	0.0
128	rnapol	0.0	0.0	0.0
129	__protein1_rbs	5.2	0.0	0.0
129	__protein2_rbs	3.4	0.0	0.0
129	__protein3_rbs	12.0	0.0	0.0
129	__ribosome	28.0	0.0	0.0
129	__rnase_site_ext	21.8	0.0	0.0
129	p0	0.6	0.0	0.0
129	p1	0.8	0.0	0.0
129	p2	0.8	0.0	0.0
129	protein1	329.4	9.0	2.257143
129	protein2	261.0	7.4	2.0555554000000003
129	protein3	665.0	19.8	1.9402772000000001
129	r0	8.8	0.0	0.0
129	r1	7.4	0.0	0.0
129	rnapol	0.2	0.0	0.0
130	__protein1_rbs	6.4	0.0	0.0
130	__protein2_rbs	5.2	0.0	0.0
130	__protein3_rbs	12.4	0.0	0.0
130	__ribosome	30.2	0.0	0.0
130	__rnase_site_ext	22.0	0.0	0.0
130	p0	0.8	0.0	0.0
130	p1	0.8	0.0	0.0
130	p2	0.6	0.0	0.0
130	protein1	333.4	8.8	2.0492063999999997
130	protein2	263.6	7.4	1.8661112000000002
130	protein3	671.0	19.8	1.9854328
130	r0	9.2	0.0	0.0
130	r1	7.4	0.0	0.0
130	rnapol	0.2	0.0	0.0
131	__protein1_rbs	5.0	0.0	0.0
131	__protein2_rbs	4.2	0.0	0.0
131	__protein3_rbs	12.2	0.0	0.0
131	__ribosome	30.6	0.0	0.0
131	__rnase_site_ext	23.0	0.0	0.0
131	p0	0.8	0.0	0.0
131	p1	0.8	0.0	0.0
131	p2	0.4	0.0	0.0
131	protein1	338.0	9.2	1.9686506
131	protein2	266.6	7.4	1.9005556000000001
131	protein3	678.4	19.8	1.9601336
131	r0	9.6	0.0	0.0
131	r1	7.6	0.0	0.0
131	rnapol	0.0	0.0	0.0
132	__protein1_rbs	6.4	0.0	0.0
132	__protein2_rbs	3.6	0.0	0.0
132	__protein3_rbs	13.0	0.0	0.0
132	__ribosome	30.2	0.0	0.0
132	__rnase_site_ext	22.6	0.0	0.0
132	p0	0.8	0.0	0.0
132	p1	1.0	0.0	0.0
132	p2	0.8	0.0	0.0
132	protein1	340.8	9.6	1.8896826
132	protein2	268.6	7.4	2.1183334
132	protein3	687.0	20.0	1.8567386000000003
132	r0	9.8	0.0	0.0
132	r1	7.6	0.0	0.0
132	rnapol	0.0	0.0	0.0
133	__protein1_rbs	5.8	0.0	0.0
133	__protein2_rbs	4.0	0.0	0.0
133	__protein3_rbs	13.2	0.0	0.0
133	__ribosome	32.8	0.0	0.0
133	__rnase_site_ext	22.4	0.0	0.0
133	p0	1.0	0.0	0.0
133	p1	0.8	0.0	0.0
133	p2	0.6	0.0	0.0
133	protein1	345.6	9.6	1.7715814
133	protein2	271.8	7.6	2.03
133	protein3	695.4	20.4	1.7626708
133	r0	9.8	0.0	0.0
133	r1	7.6	0.0	0.0
133	rnapol	0.0	0.0	0.0
134	__protein1_rbs	5.8	0.0	0.0
134	__protein2_rbs	5.4	0.0	0.0
134	__protein3_rbs	11.2	0.0	0.0
134	__ribosome	32.2	0.0	0.0
134	__rnase_site_ext	22.8	0.0	0.0
134	p0	0.8	0.0	0.0
134	p1	0.8	0.0	0.0
134	p2	0.6	0.0	0.0
134	protein1	349.0	9.8	1.7566240000000002
134	protein2	275.0	7.8	1.8325756
134	protein3	702.6	19.8	1.89
134	r0	9.8	0.0	0.0
134	r1	7.6	0.0	0.0
134	rnapol	0.2	0.0	0.0
135	__protein1_rbs	6.2	0.0	0.0
135	__protein2_rbs	4.2	0.0	0.0
135	__protein3_rbs	10.8	0.0	0.0
135	__ribosome	28.4	0.0	0.0
135	__rnase_site_ext	22.4	0.0	0.0
135	p0	1.0	0.0	0.0
135	p1	0.4	0.0	0.0
135	p2	1.0	0.0	0.0
135	protein1	351.6	10.0	1.831795
135	protein2	277.0	7.8	2.050303
135	protein3	709.8	19.8	1.9459212
135	r0	10.0	0.0	0.0
135	r1	7.6	0.0	0.0
135	rnapol	0.0	0.0	0.0
136	__protein1_rbs	6.6	0.0	0.0
136	__protein2_rbs	4.6	0.0	0.0
136	__protein3_rbs	11.4	0.0	0.0
136	__ribosome	26.6	0.0	0.0
136	__rnase_site_ext	22.4	0.0	0.0
136	p0	1.0	0.0	0.0
136	p1	0.6	0.0	0.0
136	p2	1.0	0.0	0.0
136	protein1	355.2	10.0	1.8341882
136	protein2	280.6	7.6	1.9616666
136	protein3	715.6	20.2	2.0274308000000003
136	r0	9.8	0.0	0.0
136	r1	7.4	0.0	0.0
136	rnapol	0.2	0.0	0.0
137	__protein1_rbs	6.4	0.0	0.0
137	__protein2_rbs	5.2	0.0	0.0
137	__protein3_rbs	12.2	0.0	0.0
137	__ribosome	29.4	0.0	0.0
137	__rnase_site_ext	22.6	0.0	0.0
137	p0	1.0	0.0	0.0
137	p1	0.6	0.0	0.0
137	p2	1.0	0.0	0.0
137	protein1	359.0	9.8	1.8660258
137	protein2	283.4	7.8	1.8795453999999998
137	protein3	724.6	20.0	1.9478984
137	r0	10.0	0.0	0.0
137	r1	7.8	0.0	0.0
137	rnapol	0.0	0.0	0.0
138	__protein1_rbs	6.2	0.0	0.0
138	__protein2_rbs	4.8	0.0	0.0
138	__protein3_rbs	12.8	0.0	0.0
138	__ribosome	27.8	0.0	0.0
138	__rnase_site_ext	23.0	0.0	0.0
138	p0	0.6	0.0	0.0
138	p1	0.8	0.0	0.0
138	p2	1.0	0.0	0.0
138	protein1	361.2	10.0	1.9929363999999998
138	protein2	286.4	7.6	1.9863636000000002
138	protein3	730.8	20.0	1.981377
138	r0	10.0	0.0	0.0
138	r1	8.0	0.0	0.0
138	rnapol	0.0	0.0	0.0
139	__protein1_rbs	5.8	0.0	0.0
139	__protein2_rbs	4.2	0.0	0.0
139	__protein3_rbs	13.2	0.0	0.0
139	__ribosome	30.0	0.0	0.0
139	__rnase_site_ext	23.4	0.0	0.0
139	p0	0.8	0.0	0.0
139	p1	0.6	0.0	0.0
139	p2	0.8	0.0	0.0
139	protein1	365.8	10.0	1.8542063999999998
139	protein2	289.0	8.0	1.8641558
139	protein3	739.0	19.8	1.9076338
139	r0	10.4	0.0	0.0
139	r1	8.4	0.0	0.0
139	rnapol	0.0	0.0	0.0
140	__protein1_rbs	5.8	0.0	0.0
140	__protein2_rbs	5.2	0.0	0.0
140	__protein3_rbs	11.6	0.0	0.0
140	__ribosome	28.4	0.0	0.0
140	__rnase_site_ext	23.4	0.0	0.0
140	p0	0.8	0.0	0.0
140	p1	0.6	0.0	0.0
140	p2	0.8	0.0	0.0
140	protein1	369.0	10.4	1.91
140	protein2	291.4	8.2	1.8946466
140	protein3	747.6	19.8	1.8930373999999999
140	r0	10.6	0.0	0.0
140	r1	8.4	0.0	0.0
140	rnapol	0.2	0.0	0.0
141	__protein1_rbs	7.0	0.0	0.0
141	__protein2_rbs	4.8	0.0	0.0
141	__protein3_rbs	12.8	0.0	0.0
141	__ribosome	32.2	0.0	0.0
141	__rnase_site_ext	23.8	0.0	0.0
141	p0	0.8	0.0	0.0
141	p1	0.8	0.0	0.0
141	p2	0.6	0.0	0.0
141	protein1	373.2	10.6	1.7972728
141	protein2	295.0	8.2	1.7865658
141	protein3	756.2	20.0	1.762879
141	r0	10.8	0.0	0.0
141	r1	8.8	0.0	0.0
141	rnapol	0.2	0.0	0.0
142	__protein1_rbs	6.4	0.0	0.0
142	__protein2_rbs	4.8	0.0	0.0
142	__protein3_rbs	13.6	0.0	0.0
142	__ribosome	30.4	0.0	0.0
142	__rnase_site_ext	23.8	0.0	0.0
142	p0	1.0	0.0	0.0
142	p1	0.8	0.0	0.0
142	p2	0.8	0.0	0.0
142	protein1	376.4	10.8	1.8697404
142	protein2	297.4	8.4	1.8154546000000003
142	protein3	762.6	20.0	1.7452022
142	r0	11.0	0.0	0.0
142	r1	8.6	0.0	0.0
142	rnapol	0.0	0.0	0.0
143	__protein1_rbs	6.2	0.0	0.0
143	__protein2_rbs	4.8	0.0	0.0
143	__protein3_rbs	13.4	0.0	0.0
143	__ribosome	27.6	0.0	0.0
143	__rnase_site_ext	23.6	0.0	0.0
143	p0	1.0	0.0	0.0
143	p1	0.8	0.0	0.0
143	p2	1.0	0.0	0.0
143	protein1	380.2	11.0	1.9131818
143	protein2	299.4	8.4	1.9319698000000003
143	protein3	769.2	20.6	1.719037
143	r0	10.8	0.0	0.0
143	r1	8.6	0.0	0.0
143	rnapol	0.0	0.0	0.0
144	__protein1_rbs	6.4	0.0	0.0
144	__protein2_rbs	5.6	0.0	0.0
144	__protein3_rbs	15.4	0.0	0.0
144	__ribosome	29.0	0.0	0.0
144	__rnase_site_ext	23.0	0.0	0.0
144	p0	1.0	0.0	0.0
144	p1	0.6	0.0	0.0
144	p2	1.0	0.0	0.0
144	protein1	383.8	10.8	1.9901516
144	protein2	303.2	8.8	1.8409092
144	protein3	776.2	20.4	1.6702164000000004
144	r0	10.8	0.0	0.0
144	r1	8.8	0.0	0.0
144	rnapol	0.2	0.0	0.0
145	__protein1_rbs	5.6	0.0	0.0
145	__protein2_rbs	5.8	0.0	0.0
145	__protein3_rbs	12.8	0.0	0.0
145	__ribosome	29.0	0.0	0.0
145	__rnase_site_ext	23.4	0.0	0.0
145	p0	0.8	0.0	0.0
145	p1	0.8	0.0	0.0
145	p2	0.6	0.0	0.0
145	protein1	388.0	10.6	2.0753246
145	protein2	306.6	9.0	1.659091
145	protein3	784.4	20.0	1.6787054
145	r0	10.4	0.0	0.0
145	r1	8.8	0.0	0.0
145	rnapol	0.0	0.0	0.0
146	__protein1_rbs	6.0	0.0	0.0
146	__protein2_rbs	6.2	0.0	0.0
146	__protein3_rbs	12.4	0.0	0.0
146	__ribosome	27.6	0.0	0.0
146	__rnase_site_ext	23.4	0.0	0.0
146	p0	0.6	0.0	0.0
146	p1	0.6	0.0	0.0
146	p2	0.8	0.0	0.0
146	protein1	392.0	10.6	2.159127
146	protein2	309.4	9.0	1.7001516000000003
146	protein3	791.0	19.6	1.7747826
146	r0	10.6	0.0	0.0
146	r1	9.2	0.0	0.0
146	rnapol	0.0	0.0	0.0
147	__protein1_rbs	6.2	0.0	0.0
147	__protein2_rbs	5.4	0.0	0.0
147	__protein3_rbs	11.4	0.0	0.0
147	__ribosome	26.6	0.0	0.0
147	__rnase_site_ext	23.2	0.0	0.0
147	p0	0.8	0.0	0.0
147	p1	0.8	0.0	0.0
147	p2	1.0	0.0	0.0
147	protein1	396.6	10.8	2.0870490000000004
147	protein2	312.8	8.8	1.8233334
147	protein3	796.8	19.2	1.8862318
147	r0	10.6	0.0	0.0
147	r1	9.0	0.0	0.0
147	rnapol	0.0	0.0	0.0
148	__protein1_rbs	6.6	0.0	0.0
148	__protein2_rbs	5.2	0.0	0.0
148	__protein3_rbs	12.0	0.0	0.0
148	__ribosome	28.0	0.0	0.0
148	__rnase_site_ext	23.6	0.0	0.0
148	p0	0.6	0.0	0.0
148	p1	1.0	0.0	0.0
148	p2	0.8	0.0	0.0
148	protein1	400.6	10.6	2.0201444
148	protein2	315.8	9.0	1.7933334
148	protein3	804.2	19.4	1.853002
148	r0	10.8	0.0	0.0
148	r1	9.2	0.0	0.0
148	rnapol	0.0	0.0	0.0
149	__protein1_rbs	7.4	0.0	0.0
149	__protein2_rbs	6.0	0.0	0.0
149	__protein3_rbs	12.0	0.0	0.0
149	__ribosome	27.8	0.0	0.0
149	__rnase_site_ext	23.8	0.0	0.0
149	p0	1.0	0.0	0.0
149	p1	1.0	0.0	0.0
149	p2	0.8	0.0	0.0
149	protein1	405.2	10.8	1.8602022
149	protein2	318.6	9.2	1.7422221999999998
149	protein3	810.6	19.4	1.9019409999999999
149	r0	11.2	0.0	0.0
149	r1	9.4	0.0	0.0
149	rnapol	0.0	0.0	0.0
150	__protein1_rbs	6.4	0.0	0.0
150	__protein2_rbs	5.0	0.0	0.0
150	__protein3_rbs	11.6	0.0	0.0
150	__ribosome	26.8	0.0	0.0
150	__rnase_site_ext	23.6	0.0	0.0
150	p0	1.0	0.0	0.0
150	p1	1.0	0.0	0.0
150	p2	0.8	0.0	0.0
150	protein1	410.6	11.2	1.7509524
150	protein2	320.8	9.4	1.9633334
150	protein3	818.2	19.4	1.8927536
150	r0	11.2	0.0	0.0
150	r1	9.2	0.0	0.0
150	rnapol	0.0	0.0	0.0
151	__protein1_rbs	8.0	0.0	0.0
151	__protein2_rbs	6.6	0.0	0.0
151	__protein3_rbs	12.2	0.0	0.0
151	__ribosome	30.4	0.0	0.0
151	__rnase_site_ext	23.6	0.0	0.0
151	p0	1.0	0.0	0.0
151	p1	0.8	0.0	0.0
151	p2	0.6	0.0	0.0
151	protein1	414.8	11.2	1.55
151	protein2	324.4	9.4	1.8733334
151	protein3	825.6	19.8	1.8282868000000003
151	r0	11.0	0.0	0.0
151	r1	9.2	0.0	0.0
151	rnapol	0.0	0.0	0.0
152	__protein1_rbs	6.4	0.0	0.0
152	__protein2_rbs	5.4	0.0	0.0
152	__protein3_rbs	11.0	0.0	0.0
152	__ribosome	28.0	0.0	0.0
152	__rnase_site_ext	23.4	0.0	0.0
152	p0	1.0	0.0	0.0
152	p1	0.6	0.0	0.0
152	p2	0.8	0.0	0.0
152	protein1	418.4	11.0	1.6835896000000001
152	protein2	328.4	9.4	1.7733334000000005
152	protein3	832.0	19.6	1.925207
152	r0	11.0	0.0	0.0
152	r1	9.2	0.0	0.0
152	rnapol	0.2	0.0	0.0
153	__protein1_rbs	8.0	0.0	0.0
153	__protein2_rbs	5.0	0.0	0.0
153	__protein3_rbs	12.0	0.0	0.0
153	__ribosome	28.0	0.0	0.0
153	__rnase_site_ext	23.6	0.0	0.0
153	p0	0.6	0.0	0.0
153	p1	0.6	0.0	0.0
153	p2	0.8	0.0	0.0
153	protein1	422.0	10.6	1.647226
153	protein2	331.0	9.4	2.0066666
153	protein3	839.4	19.6	1.8991406
153	r0	10.6	0.0	0.0
153	r1	9.4	0.0	0.0
153	rnapol	0.0	0.0	0.0
154	__protein1_rbs	7.6	0.0	0.0
154	__protein2_rbs	6.4	0.0	0.0
154	__protein3_rbs	13.4	0.0	0.0
154	__ribosome	29.4	0.0	0.0
154	__rnase_site_ext	23.4	0.0	0.0
154	p0	1.0	0.0	0.0
154	p1	0.4	0.0	0.0
154	p2	1.0	0.0	0.0
154	protein1	425.2	11.0	1.6097899999999998
154	protein2	334.6	9.2	1.9388888
154	protein3	846.8	20.0	1.8375538
154	r0	11.0	0.0	0.0
154	r1	9.8	0.0	0.0
154	rnapol	0.2	0.0	0.0
155	__protein1_rbs	6.2	0.0	0.0
155	__protein2_rbs	5.4	0.0	0.0
155	__protein3_rbs	11.6	0.0	0.0
155	__ribosome	28.4	0.0	0.0
155	__rnase_site_ext	23.2	0.0	0.0
155	p0	1.0	0.0	0.0
155	p1	0.8	0.0	0.0
155	p2	0.6	0.0	0.0
155	protein1	429.0	11.0	1.7075368000000002
155	protein2	338.0	9.2	1.9922222
155	protein3	854.8	20.0	1.7894348000000002
155	r0	10.8	0.0	0.0
155	r1	9.8	0.0	0.0
155	rnapol	0.2	0.0	0.0
156	__protein1_rbs	7.2	0.0	0.0
156	__protein2_rbs	4.8	0.0	0.0
156	__protein3_rbs	12.2	0.0	0.0
156	__ribosome	24.8	0.0	0.0
156	__rnase_site_ext	23.6	0.0	0.0
156	p0	0.8	0.0	0.0
156	p1	1.0	0.0	0.0
156	p2	0.6	0.0	0.0
156	protein1	431.8	10.6	1.8264646
156	protein2	340.6	9.8	2.0906062
156	protein3	861.6	19.8	1.8515144000000001
156	r0	10.6	0.0	0.0
156	r1	10.2	0.0	0.0
156	rnapol	0.0	0.0	0.0
157	__protein1_rbs	7.2	0.0	0.0
157	__protein2_rbs	6.4	0.0	0.0
157	__protein3_rbs	13.6	0.0	0.0
157	__ribosome	28.8	0.0	0.0
157	__rnase_site_ext	23.6	0.0	0.0
157	p0	0.8	0.0	0.0
157	p1	1.0	0.0	0.0
157	p2	0.6	0.0	0.0
157	protein1	436.6	10.6	1.7067678000000002
157	protein2	344.2	9.8	1.959091
157	protein3	869.0	19.6	1.8087424
157	r0	10.8	0.0	0.0
157	r1	10.4	0.0	0.0
157	rnapol	0.2	0.0	0.0
158	__protein1_rbs	7.6	0.0	0.0
158	__protein2_rbs	6.6	0.0	0.0
158	__protein3_rbs	12.0	0.0	0.0
158	__ribosome	29.0	0.0	0.0
158	__rnase_site_ext	23.8	0.0	0.0
158	p0	0.8	0.0	0.0
158	p1	0.8	0.0	0.0
158	p2	0.6	0.0	0.0
158	protein1	439.8	10.8	1.6526186000000005
158	protein2	348.8	10.0	1.850606
158	protein3	876.4	20.2	1.7623676
158	r0	11.0	0.0	0.0
158	r1	10.0	0.0	0.0
158	rnapol	0.4	0.0	0.0
159	__protein1_rbs	7.0	0.0	0.0
159	__protein2_rbs	5.8	0.0	0.0
159	__protein3_rbs	13.6	0.0	0.0
159	__ribosome	25.6	0.0	0.0
159	__rnase_site_ext	23.6	0.0	0.0
159	p0	0.8	0.0	0.0
159	p1	0.6	0.0	0.0
159	p2	0.8	0.0	0.0
159	protein1	442.0	10.8	1.7592851999999999
159	protein2	351.4	10.4	1.9469698
159	protein3	882.6	20.4	1.7701566000000002
159	r0	11.0	0.0	0.0
159	r1	9.6	0.0	0.0
159	rnapol	0.0	0.0	0.0
160	__protein1_rbs	7.2	0.0	0.0
160	__protein2_rbs	5.4	0.0	0.0
160	__protein3_rbs	10.4	0.0	0.0
160	__ribosome	24.2	0.0	0.0
160	__rnase_site_ext	23.6	0.0	0.0
160	p0	0.8	0.0	0.0
160	p1	1.0	0.0	0.0
160	p2	0.8	0.0	0.0
160	protein1	446.8	11.0	1.569091
160	protein2	355.0	10.4	2.0363636
160	protein3	890.0	20.4	1.9205212
160	r0	11.0	0.0	0.0
160	r1	9.6	0.0	0.0
160	rnapol	0.0	0.0	0.0
161	__protein1_rbs	6.2	0.0	0.0
161	__protein2_rbs	7.2	0.0	0.0
161	__protein3_rbs	12.8	0.0	0.0
161	__ribosome	25.4	0.0	0.0
161	__rnase_site_ext	23.8	0.0	0.0
161	p0	1.0	0.0	0.0
161	p1	1.0	0.0	0.0
161	p2	1.0	0.0	0.0
161	protein1	450.8	11.0	1.6337662000000002
161	protein2	359.4	10.4	1.9469698
161	protein3	897.0	20.2	1.9135432
161	r0	11.2	0.0	0.0
161	r1	9.8	0.0	0.0
161	rnapol	0.0	0.0	0.0
162	__protein1_rbs	7.0	0.0	0.0
162	__protein2_rbs	5.8	0.0	0.0
162	__protein3_rbs	14.0	0.0	0.0
162	__ribosome	25.0	0.0	0.0
162	__rnase_site_ext	23.6	0.0	0.0
162	p0	1.0	0.0	0.0
162	p1	0.8	0.0	0.0
162	p2	0.8	0.0	0.0
162	protein1	454.2	11.0	1.6412588
162	protein2	363.2	10.0	2.099091
162	protein3	903.8	20.4	1.8725874
162	r0	11.0	0.0	0.0
162	r1	9.4	0.0	0.0
162	rnapol	0.2	0.0	0.0
163	__protein1_rbs	7.6	0.0	0.0
163	__protein2_rbs	7.0	0.0	0.0
163	__protein3_rbs	11.2	0.0	0.0
163	__ribosome	25.6	0.0	0.0
163	__rnase_site_ext	23.8	0.0	0.0
163	p0	0.6	0.0	0.0
163	p1	0.8	0.0	0.0
163	p2	0.4	0.0	0.0
163	protein1	457.4	11.0	1.624056
163	protein2	367.4	10.0	2.0433334
163	protein3	912.2	20.4	1.954895
163	r0	11.0	0.0	0.0
163	r1	9.4	0.0	0.0
163	rnapol	0.0	0.0	0.0
164	__protein1_rbs	7.4	0.0	0.0
164	__protein2_rbs	5.2	0.0	0.0
164	__protein3_rbs	13.2	0.0	0.0
164	__ribosome	24.6	0.0	0.0
164	__rnase_site_ext	24.2	0.0	0.0
164	p0	0.8	0.0	0.0
164	p1	0.6	0.0	0.0
164	p2	0.6	0.0	0.0
164	protein1	460.2	11.2	1.6748254000000002
164	protein2	371.6	9.8	2.0984849999999997
164	protein3	918.6	20.2	1.918642
164	r0	11.4	0.0	0.0
164	r1	9.4	0.0	0.0
164	rnapol	0.0	0.0	0.0
165	__protein1_rbs	7.4	0.0	0.0
165	__protein2_rbs	6.0	0.0	0.0
165	__protein3_rbs	12.4	0.0	0.0
165	__ribosome	26.0	0.0	0.0
165	__rnase_site_ext	24.0	0.0	0.0
165	p0	0.8	0.0	0.0
165	p1	0.6	0.0	0.0
165	p2	0.6	0.0	0.0
165	protein1	464.4	11.4	1.6287646000000002
165	protein2	376.0	9.8	1.8636363999999999
165	protein3	926.4	20.0	1.9376144000000004
165	r0	11.6	0.0	0.0
165	r1	9.6	0.0	0.0
165	rnapol	0.2	0.0	0.0
166	__protein1_rbs	6.6	0.0	0.0
166	__protein2_rbs	5.4	0.0	0.0
166	__protein3_rbs	13.4	0.0	0.0
166	__ribosome	26.4	0.0	0.0
166	__rnase_site_ext	24.0	0.0	0.0
166	p0	1.0	0.0	0.0
166	p1	1.0	0.0	0.0
166	p2	0.4	0.0	0.0
166	protein1	468.2	11.6	1.680979
166	protein2	379.0	9.4	1.7654546000000002
166	protein3	934.0	20.4	1.8377388000000003
166	r0	11.8	0.0	0.0
166	r1	9.8	0.0	0.0
166	rnapol	0.0	0.0	0.0
167	__protein1_rbs	6.4	0.0	0.0
167	__protein2_rbs	6.0	0.0	0.0
167	__protein3_rbs	12.6	0.0	0.0
167	__ribosome	25.4	0.0	0.0
167	__rnase_site_ext	24.2	0.0	0.0
167	p0	1.0	0.0	0.0
167	p1	0.8	0.0	0.0
167	p2	0.8	0.0	0.0
167	protein1	471.8	11.8	1.7791608
167	protein2	382.8	9.6	1.7763638
167	protein3	941.4	20.0	1.8807691999999998
167	r0	11.6	0.0	0.0
167	r1	9.8	0.0	0.0
167	rnapol	0.0	0.0	0.0
168	__protein1_rbs	7.2	0.0	0.0
168	__protein2_rbs	5.8	0.0	0.0
168	__protein3_rbs	12.6	0.0	0.0
168	__ribosome	26.2	0.0	0.0
168	__rnase_site_ext	24.2	0.0	0.0
168	p0	1.0	0.0	0.0
168	p1	0.8	0.0	0.0
168	p2	1.0	0.0	0.0
168	protein1	475.6	11.2	1.9296736
168	protein2	386.4	9.8	1.8172728
168	protein3	949.8	20.6	1.7218846
168	r0	11.2	0.0	0.0
168	r1	9.8	0.0	0.0
168	rnapol	0.0	0.0	0.0
169	__protein1_rbs	7.8	0.0	0.0
169	__protein2_rbs	6.2	0.0	0.0
169	__protein3_rbs	14.0	0.0	0.0
169	__ribosome	24.0	0.0	0.0
169	__rnase_site_ext	24.0	0.0	0.0
169	p0	0.8	0.0	0.0
169	p1	1.0	0.0	0.0
169	p2	0.8	0.0	0.0
169	protein1	478.6	11.2	2.0058274000000003
169	protein2	389.0	9.8	1.8336363999999998
169	protein3	956.2	20.8	1.7083688000000001
169	r0	11.2	0.0	0.0
169	r1	9.8	0.0	0.0
169	rnapol	0.0	0.0	0.0
170	__protein1_rbs	6.4	0.0	0.0
170	__protein2_rbs	7.0	0.0	0.0
170	__protein3_rbs	13.8	0.0	0.0
170	__ribosome	27.2	0.0	0.0
170	__rnase_site_ext	23.6	0.0	0.0
170	p0	0.8	0.0	0.0
170	p1	0.8	0.0	0.0
170	p2	0.4	0.0	0.0
170	protein1	483.8	11.2	1.9133334
170	protein2	393.0	9.8	1.733007
170	protein3	963.4	20.8	1.6898936000000002
170	r0	11.2	0.0	0.0
170	r1	9.8	0.0	0.0
170	rnapol	0.0	0.0	0.0
171	__protein1_rbs	7.2	0.0	0.0
171	__protein2_rbs	5.8	0.0	0.0
171	__protein3_rbs	12.6	0.0	0.0
171	__ribosome	26.2	0.0	0.0
171	__rnase_site_ext	23.8	0.0	0.0
171	p0	1.0	0.0	0.0
171	p1	0.6	0.0	0.0
171	p2	0.8	0.0	0.0
171	protein1	487.2	11.0	2.0075756
171	protein2	397.0	10.0	1.8019348
171	protein3	970.8	20.8	1.6999276
171	r0	11.0	0.0	0.0
171	r1	9.6	0.0	0.0
171	rnapol	0.4	0.0	0.0
172	__protein1_rbs	7.0	0.0	0.0
172	__protein2_rbs	7.2	0.0	0.0
172	__protein3_rbs	13.4	0.0	0.0
172	__ribosome	27.0	0.0	0.0
172	__rnase_site_ext	24.4	0.0	0.0
172	p0	1.0	0.0	0.0
172	p1	0.6	0.0	0.0
172	p2	0.8	0.0	0.0
172	protein1	491.8	11.0	1.9151516
172	protein2	400.0	10.0	1.7610956000000002
172	protein3	977.6	21.0	1.6813096
172	r0	11.0	0.0	0.0
172	r1	9.8	0.0	0.0
172	rnapol	0.4	0.0	0.0
173	__protein1_rbs	7.6	0.0	0.0
173	__protein2_rbs	6.0	0.0	0.0
173	__protein3_rbs	12.4	0.0	0.0
173	__ribosome	28.0	0.0	0.0
173	__rnase_site_ext	25.4	0.0	0.0
173	p0	0.4	0.0	0.0
173	p1	1.0	0.0	0.0
173	p2	0.4	0.0	0.0
173	protein1	496.8	11.0	1.7457576000000001
173	protein2	404.0	9.8	1.7311888
173	protein3	984.6	21.0	1.7443782
173	r0	11.0	0.0	0.0
173	r1	10.2	0.0	0.0
173	rnapol	0.2	0.0	0.0
174	__protein1_rbs	8.0	0.0	0.0
174	__protein2_rbs	5.4	0.0	0.0
174	__protein3_rbs	14.2	0.0	0.0
174	__ribosome	26.6	0.0	0.0
174	__rnase_site_ext	25.6	0.0	0.0
174	p0	0.8	0.0	0.0
174	p1	1.0	0.0	0.0
174	p2	1.0	0.0	0.0
174	protein1	500.8	11.4	1.6439394
174	protein2	406.8	9.6	1.899091
174	protein3	990.8	21.4	1.7586259999999998
174	r0	11.4	0.0	0.0
174	r1	10.2	0.0	0.0
174	rnapol	0.0	0.0	0.0
175	__protein1_rbs	7.8	0.0	0.0
175	__protein2_rbs	6.6	0.0	0.0
175	__protein3_rbs	14.2	0.0	0.0
175	__ribosome	28.8	0.0	0.0
175	__rnase_site_ext	25.6	0.0	0.0
175	p0	1.0	0.0	0.0
175	p1	0.8	0.0	0.0
175	p2	0.8	0.0	0.0
175	protein1	505.8	11.4	1.507296
175	protein2	409.6	9.8	1.8909092
175	protein3	998.0	22.0	1.6880395999999998
175	r0	11.6	0.0	0.0
175	r1	9.8	0.0	0.0
175	rnapol	0.0	0.0	0.0
176	__protein1_rbs	6.8	0.0	0.0
176	__protein2_rbs	6.6	0.0	0.0
176	__protein3_rbs	12.6	0.0	0.0
176	__ribosome	25.4	0.0	0.0
176	__rnase_site_ext	25.2	0.0	0.0
176	p0	1.0	0.0	0.0
176	p1	0.6	0.0	0.0
176	p2	0.6	0.0	0.0
176	protein1	509.0	11.6	1.5994408000000002
176	protein2	413.0	10.2	1.8136363999999998
176	protein3	1005.0	22.0	1.7975815999999998
176	r0	11.6	0.0	0.0
176	r1	9.8	0.0	0.0
176	rnapol	0.0	0.0	0.0
177	__protein1_rbs	8.0	0.0	0.0
177	__protein2_rbs	6.8	0.0	0.0
177	__protein3_rbs	12.8	0.0	0.0
177	__ribosome	23.6	0.0	0.0
177	__rnase_site_ext	25.2	0.0	0.0
177	p0	1.0	0.0	0.0
177	p1	0.8	0.0	0.0
177	p2	0.8	0.0	0.0
177	protein1	513.8	11.6	1.5244756000000002
177	protein2	416.4	10.2	1.7621212
177	protein3	1011.8	22.0	1.9249612
177	r0	11.4	0.0	0.0
177	r1	10.0	0.0	0.0
177	rnapol	0.2	0.0	0.0
178	__protein1_rbs	6.6	0.0	0.0
178	__protein2_rbs	7.2	0.0	0.0
178	__protein3_rbs	13.6	0.0	0.0
178	__ribosome	24.6	0.0	0.0
178	__rnase_site_ext	25.2	0.0	0.0
178	p0	0.8	0.0	0.0
178	p1	0.6	0.0	0.0
178	p2	0.8	0.0	0.0
178	protein1	517.2	11.4	1.6442192000000002
178	protein2	420.2	10.2	1.6924241999999998
178	protein3	1021.0	22.0	1.863753
178	r0	11.4	0.0	0.0
178	r1	9.8	0.0	0.0
178	rnapol	0.2	0.0	0.0
179	__protein1_rbs	8.0	0.0	0.0
179	__protein2_rbs	6.8	0.0	0.0
179	__protein3_rbs	13.8	0.0	0.0
179	__ribosome	25.8	0.0	0.0
179	__rnase_site_ext	25.8	0.0	0.0
179	p0	0.6	0.0	0.0
179	p1	0.4	0.0	0.0
179	p2	0.8	0.0	0.0
179	protein1	520.2	11.4	1.6762706000000003
179	protein2	424.0	10.0	1.531515
179	protein3	1028.8	21.6	1.868861
179	r0	11.6	0.0	0.0
179	r1	10.0	0.0	0.0
179	rnapol	0.2	0.0	0.0
180	__protein1_rbs	8.4	0.0	0.0
180	__protein2_rbs	7.2	0.0	0.0
180	__protein3_rbs	13.6	0.0	0.0
180	__ribosome	23.8	0.0	0.0
180	__rnase_site_ext	26.0	0.0	0.0
180	p0	0.6	0.0	0.0
180	p1	0.8	0.0	0.0
180	p2	0.8	0.0	0.0
180	protein1	522.8	11.6	1.6996037999999998
180	protein2	426.8	10.0	1.4960606
180	protein3	1034.8	21.8	1.9195256
180	r0	11.8	0.0	0.0
180	r1	10.0	0.0	0.0
180	rnapol	0.0	0.0	0.0
181	__protein1_rbs	7.6	0.0	0.0
181	__protein2_rbs	6.0	0.0	0.0
181	__protein3_rbs	14.0	0.0	0.0
181	__ribosome	26.2	0.0	0.0
181	__rnase_site_ext	26.6	0.0	0.0
181	p0	0.8	0.0	0.0
181	p1	0.8	0.0	0.0
181	p2	0.6	0.0	0.0
181	protein1	528.0	11.8	1.5670164
181	protein2	430.0	10.2	1.5684847999999998
181	protein3	1043.4	21.8	1.8321228
181	r0	12.0	0.0	0.0
181	r1	9.8	0.0	0.0
181	rnapol	0.0	0.0	0.0
182	__protein1_rbs	8.2	0.0	0.0
182	__protein2_rbs	6.6	0.0	0.0
182	__protein3_rbs	13.8	0.0	0.0
182	__ribosome	26.6	0.0	0.0
182	__rnase_site_ext	26.0	0.0	0.0
182	p0	1.0	0.0	0.0
182	p1	1.0	0.0	0.0
182	p2	0.6	0.0	0.0
182	protein1	531.8	11.8	1.5982518000000001
182	protein2	433.4	10.0	1.558182
182	protein3	1052.2	22.0	1.7822020000000005
182	r0	12.0	0.0	0.0
182	r1	9.8	0.0	0.0
182	rnapol	0.0	0.0	0.0
183	__protein1_rbs	7.8	0.0	0.0
183	__protein2_rbs	6.2	0.0	0.0
183	__protein3_rbs	15.6	0.0	0.0
183	__ribosome	26.4	0.0	0.0
183	__rnase_site_ext	26.0	0.0	0.0
183	p0	1.0	0.0	0.0
183	p1	1.0	0.0	0.0
183	p2	0.6	0.0	0.0
183	protein1	535.8	11.8	1.6270562000000002
183	protein2	436.6	10.4	1.6696968
183	protein3	1059.8	22.2	1.7064169999999999
183	r0	11.8	0.0	0.0
183	r1	9.8	0.0	0.0
183	rnapol	0.4	0.0	0.0
184	__protein1_rbs	6.6	0.0	0.0
184	__protein2_rbs	6.6	0.0	0.0
184	__protein3_rbs	13.0	0.0	0.0
184	__ribosome	25.0	0.0	0.0
184	__rnase_site_ext	25.8	0.0	0.0
184	p0	0.8	0.0	0.0
184	p1	0.8	0.0	0.0
184	p2	1.0	0.0	0.0
184	protein1	539.4	11.8	1.7298702000000001
184	protein2	440.0	10.0	1.7328284
184	protein3	1068.6	21.8	1.7652768
184	r0	12.0	0.0	0.0
184	r1	9.6	0.0	0.0
184	rnapol	0.0	0.0	0.0
185	__protein1_rbs	7.6	0.0	0.0
185	__protein2_rbs	6.2	0.0	0.0
185	__protein3_rbs	15.8	0.0	0.0
185	__ribosome	23.8	0.0	0.0
185	__rnase_site_ext	25.4	0.0	0.0
185	p0	1.0	0.0	0.0
185	p1	0.4	0.0	0.0
185	p2	0.8	0.0	0.0
185	protein1	542.2	12.2	1.8035966
185	protein2	442.8	10.0	1.764358
185	protein3	1075.2	21.8	1.7327897999999995
185	r0	12.2	0.0	0.0
185	r1	9.4	0.0	0.0
185	rnapol	0.0	0.0	0.0
186	__protein1_rbs	8.4	0.0	0.0
186	__protein2_rbs	5.4	0.0	0.0
186	__protein3_rbs	13.6	0.0	0.0
186	__ribosome	23.8	0.0	0.0
186	__rnase_site_ext	25.6	0.0	0.0
186	p0	0.8	0.0	0.0
186	p1	0.6	0.0	0.0
186	p2	0.8	0.0	0.0
186	protein1	546.4	12.0	1.773207
186	protein2	445.8	9.8	1.8324532
186	protein3	1082.4	21.6	1.7453933999999998
186	r0	12.0	0.0	0.0
186	r1	9.8	0.0	0.0
186	rnapol	0.0	0.0	0.0
187	__protein1_rbs	7.8	0.0	0.0
187	__protein2_rbs	6.0	0.0	0.0
187	__protein3_rbs	14.8	0.0	0.0
187	__ribosome	24.8	0.0	0.0
187	__rnase_site_ext	25.6	0.0	0.0
187	p0	0.6	0.0	0.0
187	p1	0.6	0.0	0.0
187	p2	0.8	0.0	0.0
187	protein1	550.8	12.0	1.7481252
187	protein2	449.0	9.8	1.8771572
187	protein3	1089.8	21.6	1.7088854000000002
187	r0	12.2	0.0	0.0
187	r1	9.8	0.0	0.0
187	rnapol	0.0	0.0	0.0
188	__protein1_rbs	8.4	0.0	0.0
188	__protein2_rbs	5.8	0.0	0.0
188	__protein3_rbs	13.8	0.0	0.0
188	__ribosome	27.4	0.0	0.0
188	__rnase_site_ext	25.4	0.0	0.0
188	p0	1.0	0.0	0.0
188	p1	0.8	0.0	0.0
188	p2	0.8	0.0	0.0
188	protein1	555.2	12.2	1.7010189999999998
188	protein2	453.8	9.4	1.8144588
188	protein3	1098.0	21.0	1.6957858
188	r0	12.4	0.0	0.0
188	r1	9.6	0.0	0.0
188	rnapol	0.2	0.0	0.0
189	__protein1_rbs	8.0	0.0	0.0
189	__protein2_rbs	7.0	0.0	0.0
189	__protein3_rbs	14.6	0.0	0.0
189	__ribosome	28.4	0.0	0.0
189	__rnase_site_ext	25.6	0.0	0.0
189	p0	0.8	0.0	0.0
189	p1	0.8	0.0	0.0
189	p2	0.6	0.0	0.0
189	protein1	559.8	12.0	1.7237651999999999
189	protein2	456.6	10.0	1.7449494
189	protein3	1105.2	21.4	1.5972966
189	r0	12.2	0.0	0.0
189	r1	9.8	0.0	0.0
189	rnapol	0.0	0.0	0.0
190	__protein1_rbs	7.8	0.0	0.0
190	__protein2_rbs	6.2	0.0	0.0
190	__protein3_rbs	12.0	0.0	0.0
190	__ribosome	25.8	0.0	0.0
190	__rnase_site_ext	25.6	0.0	0.0
190	p0	1.0	0.0	0.0
190	p1	0.6	0.0	0.0
190	p2	0.8	0.0	0.0
190	protein1	564.0	12.2	1.6683316
190	protein2	459.8	9.8	1.8487158
190	protein3	1112.0	21.4	1.7128066000000002
190	r0	12.4	0.0	0.0
190	r1	9.8	0.0	0.0
190	rnapol	0.4	0.0	0.0
191	__protein1_rbs	7.8	0.0	0.0
191	__protein2_rbs	6.4	0.0	0.0
191	__protein3_rbs	13.2	0.0	0.0
191	__ribosome	26.0	0.0	0.0
191	__rnase_site_ext	25.6	0.0	0.0
191	p0	1.0	0.0	0.0
191	p1	0.8	0.0	0.0
191	p2	1.0	0.0	0.0
191	protein1	567.8	12.4	1.6984738000000001
191	protein2	463.6	10.0	1.7709091999999995
191	protein3	1119.6	21.2	1.7221849999999999
191	r0	12.4	0.0	0.0
191	r1	10.0	0.0	0.0
191	rnapol	0.2	0.0	0.0
192	__protein1_rbs	8.0	0.0	0.0
192	__protein2_rbs	7.4	0.0	0.0
192	__protein3_rbs	14.4	0.0	0.0
192	__ribosome	25.8	0.0	0.0
192	__rnase_site_ext	25.8	0.0	0.0
192	p0	1.0	0.0	0.0
192	p1	1.0	0.0	0.0
192	p2	0.6	0.0	0.0
192	protein1	571.6	12.4	1.6987790000000005
192	protein2	467.4	10.0	1.7668182
192	protein3	1125.6	21.4	1.7085450000000002
192	r0	12.4	0.0	0.0
192	r1	10.0	0.0	0.0
192	rnapol	0.0	0.0	0.0
193	__protein1_rbs	9.6	0.0	0.0
193	__protein2_rbs	4.8	0.0	0.0
193	__protein3_rbs	11.8	0.0	0.0
193	__ribosome	23.8	0.0	0.0
193	__rnase_site_ext	26.0	0.0	0.0
193	p0	1.0	0.0	0.0
193	p1	0.6	0.0	0.0
193	p2	1.0	0.0	0.0
193	protein1	575.8	12.6	1.5467400000000002
193	protein2	470.8	9.8	1.9154546000000001
193	protein3	1132.2	21.2	1.8210344
193	r0	12.6	0.0	0.0
193	r1	10.0	0.0	0.0
193	rnapol	0.0	0.0	0.0
194	__protein1_rbs	8.6	0.0	0.0
194	__protein2_rbs	6.6	0.0	0.0
194	__protein3_rbs	15.8	0.0	0.0
194	__ribosome	25.2	0.0	0.0
194	__rnase_site_ext	25.6	0.0	0.0
194	p0	1.0	0.0	0.0
194	p1	0.8	0.0	0.0
194	p2	0.8	0.0	0.0
194	protein1	579.8	12.6	1.6323076
194	protein2	474.0	10.0	1.875
194	protein3	1139.4	21.6	1.6643193999999997
194	r0	12.6	0.0	0.0
194	r1	10.0	0.0	0.0
194	rnapol	0.2	0.0	0.0
195	__protein1_rbs	8.0	0.0	0.0
195	__protein2_rbs	6.6	0.0	0.0
195	__protein3_rbs	13.6	0.0	0.0
195	__ribosome	25.0	0.0	0.0
195	__rnase_site_ext	25.6	0.0	0.0
195	p0	1.0	0.0	0.0
195	p1	0.6	0.0	0.0
195	p2	0.6	0.0	0.0
195	protein1	583.6	12.6	1.7034068000000002
195	protein2	477.6	10.0	1.8931818
195	protein3	1147.8	21.6	1.6203139999999998
195	r0	12.6	0.0	0.0
195	r1	10.2	0.0	0.0
195	rnapol	0.2	0.0	0.0
196	__protein1_rbs	7.4	0.0	0.0
196	__protein2_rbs	7.8	0.0	0.0
196	__protein3_rbs	15.0	0.0	0.0
196	__ribosome	26.8	0.0	0.0
196	__rnase_site_ext	25.8	0.0	0.0
196	p0	0.8	0.0	0.0
196	p1	0.8	0.0	0.0
196	p2	0.6	0.0	0.0
196	protein1	588.0	12.6	1.7286811999999998
196	protein2	481.0	10.0	1.7663636000000003
196	protein3	1155.8	21.4	1.5854502000000001
196	r0	12.4	0.0	0.0
196	r1	10.0	0.0	0.0
196	rnapol	0.0	0.0	0.0
197	__protein1_rbs	7.4	0.0	0.0
197	__protein2_rbs	6.2	0.0	0.0
197	__protein3_rbs	13.8	0.0	0.0
197	__ribosome	26.0	0.0	0.0
197	__rnase_site_ext	25.4	0.0	0.0
197	p0	0.8	0.0	0.0
197	p1	1.0	0.0	0.0
197	p2	0.2	0.0	0.0
197	protein1	592.6	12.4	1.7831499999999998
197	protein2	484.8	10.2	1.7495456000000003
197	protein3	1162.4	21.0	1.6319326
197	r0	12.6	0.0	0.0
197	r1	10.0	0.0	0.0
197	rnapol	0.2	0.0	0.0
198	__protein1_rbs	7.8	0.0	0.0
198	__protein2_rbs	6.4	0.0	0.0
198	__protein3_rbs	14.2	0.0	0.0
198	__ribosome	24.8	0.0	0.0
198	__rnase_site_ext	25.4	0.0	0.0
198	p0	1.0	0.0	0.0
198	p1	0.8	0.0	0.0
198	p2	0.6	0.0	0.0
198	protein1	595.6	12.6	1.9245054
198	protein2	489.0	10.4	1.759394
198	protein3	1170.0	21.4	1.5686394
198	r0	12.4	0.0	0.0
198	r1	10.0	0.0	0.0
198	rnapol	0.0	0.0	0.0
199	__protein1_rbs	9.0	0.0	0.0
199	__protein2_rbs	7.6	0.0	0.0
199	__protein3_rbs	13.0	0.0	0.0
199	__ribosome	24.4	0.0	0.0
199	__rnase_site_ext	25.2	0.0	0.0
199	p0	1.0	0.0	0.0
199	p1	1.0	0.0	0.0
199	p2	0.8	0.0	0.0
199	protein1	600.6	12.4	1.8431034
199	protein2	492.6	10.6	1.7016668000000001
199	protein3	1176.2	21.6	1.6597996
199	r0	12.2	0.0	0.0
199	r1	10.0	0.0	0.0
199	rnapol	0.2	0.0	0.0
200	__protein1_rbs	8.0	0.0	0.0
200	__protein2_rbs	6.6	0.0	0.0
200	__protein3_rbs	14.6	0.0	0.0
200	__ribosome	24.8	0.0	0.0
200	__rnase_site_ext	25.2	0.0	0.0
200	p0	0.8	0.0	0.0
200	p1	1.0	0.0	0.0
200	p2	1.0	0.0	0.0
200	protein1	605.0	12.0	1.8717948
200	protein2	495.8	10.2	1.7881817999999998
200	protein3	1183.2	22.0	1.6295454
200	r0	12.0	0.0	0.0
200	r1	10.0	0.0	0.0
200	rnapol	0.0	0.0	0.0
201	__protein1_rbs	7.6	0.0	0.0
201	__protein2_rbs	6.2	0.0	0.0
201	__protein3_rbs	16.0	0.0	0.0
201	__ribosome	24.0	0.0	0.0
201	__rnase_site_ext	25.2	0.0	0.0
201	p0	0.8	0.0	0.0
201	p1	1.0	0.0	0.0
201	p2	0.6	0.0	0.0
201	protein1	609.8	12.0	1.8617092
201	protein2	498.6	10.0	1.8862626
201	protein3	1188.6	22.0	1.6418952000000002
201	r0	12.0	0.0	0.0
201	r1	9.8	0.0	0.0
201	rnapol	0.0	0.0	0.0
202	__protein1_rbs	6.2	0.0	0.0
202	__protein2_rbs	6.4	0.0	0.0
202	__protein3_rbs	14.2	0.0	0.0
202	__ribosome	26.0	0.0	0.0
202	__rnase_site_ext	25.2	0.0	0.0
202	p0	0.8	0.0	0.0
202	p1	0.8	0.0	0.0
202	p2	0.8	0.0	0.0
202	protein1	614.4	12.0	1.8758974
202	protein2	503.4	10.2	1.6704546000000002
202	protein3	1197.2	21.8	1.6085902
202	r0	12.0	0.0	0.0
202	r1	9.6	0.0	0.0
202	rnapol	0.0	0.0	0.0
203	__protein1_rbs	8.2	0.0	0.0
203	__protein2_rbs	7.6	0.0	0.0
203	__protein3_rbs	12.4	0.0	0.0
203	__ribosome	25.0	0.0	0.0
203	__rnase_site_ext	25.2	0.0	0.0
203	p0	1.0	0.0	0.0
203	p1	0.6	0.0	0.0
203	p2	0.6	0.0	0.0
203	protein1	618.8	11.8	1.8346854
203	protein2	507.2	10.2	1.5524243999999998
203	protein3	1203.6	21.6	1.7583682
203	r0	12.0	0.0	0.0
203	r1	9.4	0.0	0.0
203	rnapol	0.2	0.0	0.0
204	__protein1_rbs	7.8	0.0	0.0
204	__protein2_rbs	5.8	0.0	0.0
204	__protein3_rbs	13.4	0.0	0.0
204	__ribosome	24.2	0.0	0.0
204	__rnase_site_ext	25.4	0.0	0.0
204	p0	0.8	0.0	0.0
204	p1	0.8	0.0	0.0
204	p2	0.4	0.0	0.0
204	protein1	622.2	11.8	1.9021212000000003
204	protein2	510.6	9.8	1.618788
204	protein3	1212.0	21.8	1.7390387999999999
204	r0	11.8	0.0	0.0
204	r1	9.6	0.0	0.0
204	rnapol	0.4	0.0	0.0
205	__protein1_rbs	6.8	0.0	0.0
205	__protein2_rbs	5.8	0.0	0.0
205	__protein3_rbs	13.6	0.0	0.0
205	__ribosome	23.8	0.0	0.0
205	__rnase_site_ext	25.8	0.0	0.0
205	p0	0.8	0.0	0.0
205	p1	1.0	0.0	0.0
205	p2	0.6	0.0	0.0
205	protein1	627.0	11.8	1.9254546
205	protein2	514.2	9.8	1.6359089999999998
205	protein3	1218.8	21.6	1.7714012000000003
205	r0	12.2	0.0	0.0
205	r1	9.8	0.0	0.0
205	rnapol	0.2	0.0	0.0
206	__protein1_rbs	8.2	0.0	0.0
206	__protein2_rbs	7.4	0.0	0.0
206	__protein3_rbs	14.8	0.0	0.0
206	__ribosome	24.0	0.0	0.0
206	__rnase_site_ext	25.4	0.0	0.0
206	p0	1.0	0.0	0.0
206	p1	0.8	0.0	0.0
206	p2	0.6	0.0	0.0
206	protein1	631.4	12.4	1.8140092
206	protein2	516.8	9.6	1.6778137999999998
206	protein3	1225.8	21.8	1.7607779999999995
206	r0	12.2	0.0	0.0
206	r1	9.8	0.0	0.0
206	rnapol	0.2	0.0	0.0
207	__protein1_rbs	8.0	0.0	0.0
207	__protein2_rbs	6.8	0.0	0.0
207	__protein3_rbs	15.0	0.0	0.0
207	__ribosome	26.6	0.0	0.0
207	__rnase_site_ext	25.8	0.0	0.0
207	p0	0.8	0.0	0.0
207	p1	0.8	0.0	0.0
207	p2	1.0	0.0	0.0
207	protein1	636.4	12.0	1.7866667999999997
207	protein2	520.4	9.6	1.6105196000000002
207	protein3	1233.0	22.0	1.7073874
207	r0	12.0	0.0	0.0
207	r1	9.8	0.0	0.0
207	rnapol	0.0	0.0	0.0
208	__protein1_rbs	7.0	0.0	0.0
208	__protein2_rbs	6.8	0.0	0.0
208	__protein3_rbs	14.2	0.0	0.0
208	__ribosome	24.8	0.0	0.0
208	__rnase_site_ext	25.8	0.0	0.0
208	p0	1.0	0.0	0.0
208	p1	0.6	0.0	0.0
208	p2	0.8	0.0	0.0
208	protein1	640.6	12.0	1.8406062
208	protein2	523.0	9.8	1.5942713999999998
208	protein3	1240.6	22.0	1.735559
208	r0	12.0	0.0	0.0
208	r1	10.0	0.0	0.0
208	rnapol	0.0	0.0	0.0
209	__protein1_rbs	7.2	0.0	0.0
209	__protein2_rbs	6.2	0.0	0.0
209	__protein3_rbs	14.0	0.0	0.0
209	__ribosome	27.2	0.0	0.0
209	__rnase_site_ext	26.0	0.0	0.0
209	p0	0.8	0.0	0.0
209	p1	1.0	0.0	0.0
209	p2	0.8	0.0	0.0
209	protein1	644.6	12.0	1.8548486000000002
209	protein2	527.0	9.8	1.5378931999999998
209	protein3	1250.0	22.0	1.6373248
209	r0	12.0	0.0	0.0
209	r1	10.0	0.0	0.0
209	rnapol	0.0	0.0	0.0
210	__protein1_rbs	7.6	0.0	0.0
210	__protein2_rbs	6.6	0.0	0.0
210	__protein3_rbs	13.4	0.0	0.0
210	__ribosome	25.4	0.0	0.0
210	__rnase_site_ext	25.6	0.0	0.0
210	p0	1.0	0.0	0.0
210	p1	0.6	0.0	0.0
210	p2	0.6	0.0	0.0
210	protein1	648.8	12.0	1.8863638
210	protein2	530.2	10.0	1.540909
210	protein3	1257.0	22.0	1.6851032
210	r0	12.2	0.0	0.0
210	r1	10.4	0.0	0.0
210	rnapol	0.4	0.0	0.0
211	__protein1_rbs	8.0	0.0	0.0
211	__protein2_rbs	6.8	0.0	0.0
211	__protein3_rbs	13.2	0.0	0.0
211	__ribosome	24.4	0.0	0.0
211	__rnase_site_ext	26.4	0.0	0.0
211	p0	0.6	0.0	0.0
211	p1	0.6	0.0	0.0
211	p2	0.8	0.0	0.0
211	protein1	653.6	12.0	1.8142424
211	protein2	533.2	10.0	1.5642424
211	protein3	1264.2	21.6	1.7938093999999998
211	r0	12.0	0.0	0.0
211	r1	10.4	0.0	0.0
211	rnapol	0.0	0.0	0.0
212	__protein1_rbs	7.6	0.0	0.0
212	__protein2_rbs	7.0	0.0	0.0
212	__protein3_rbs	13.4	0.0	0.0
212	__ribosome	22.0	0.0	0.0
212	__rnase_site_ext	26.6	0.0	0.0
212	p0	0.8	0.0	0.0
212	p1	0.8	0.0	0.0
212	p2	1.0	0.0	0.0
212	protein1	658.2	12.0	1.7993938000000003
212	protein2	535.4	10.2	1.6174244000000002
212	protein3	1270.6	21.8	1.8529366
212	r0	12.4	0.0	0.0
212	r1	10.8	0.0	0.0
212	rnapol	0.0	0.0	0.0
213	__protein1_rbs	7.8	0.0	0.0
213	__protein2_rbs	6.2	0.0	0.0
213	__protein3_rbs	16.8	0.0	0.0
213	__ribosome	23.8	0.0	0.0
213	__rnase_site_ext	26.6	0.0	0.0
213	p0	1.0	0.0	0.0
213	p1	0.8	0.0	0.0
213	p2	0.6	0.0	0.0
213	protein1	662.2	12.4	1.724802
213	protein2	538.4	10.4	1.6783333999999999
213	protein3	1278.4	21.8	1.7330828
213	r0	12.6	0.0	0.0
213	r1	10.8	0.0	0.0
213	rnapol	0.0	0.0	0.0
214	__protein1_rbs	8.6	0.0	0.0
214	__protein2_rbs	8.0	0.0	0.0
214	__protein3_rbs	14.6	0.0	0.0
214	__ribosome	26.6	0.0	0.0
214	__rnase_site_ext	26.4	0.0	0.0
214	p0	1.0	0.0	0.0
214	p1	1.0	0.0	0.0
214	p2	0.6	0.0	0.0
214	protein1	667.0	12.6	1.6338093999999999
214	protein2	542.2	10.6	1.5694872
214	protein3	1286.6	22.0	1.6804586
214	r0	12.4	0.0	0.0
214	r1	10.8	0.0	0.0
214	rnapol	0.0	0.0	0.0
215	__protein1_rbs	7.2	0.0	0.0
215	__protein2_rbs	8.0	0.0	0.0
215	__protein3_rbs	14.4	0.0	0.0
215	__ribosome	27.6	0.0	0.0
215	__rnase_site_ext	26.2	0.0	0.0
215	p0	1.0	0.0	0.0
215	p1	0.8	0.0	0.0
215	p2	0.8	0.0	0.0
215	protein1	672.2	12.4	1.6422944000000002
215	protein2	546.0	11.0	1.4238928000000002
215	protein3	1293.8	22.2	1.6753634000000002
215	r0	12.2	0.0	0.0
215	r1	10.6	0.0	0.0
215	rnapol	0.0	0.0	0.0
216	__protein1_rbs	6.6	0.0	0.0
216	__protein2_rbs	7.4	0.0	0.0
216	__protein3_rbs	14.8	0.0	0.0
216	__ribosome	27.0	0.0	0.0
216	__rnase_site_ext	26.0	0.0	0.0
216	p0	1.0	0.0	0.0
216	p1	1.0	0.0	0.0
216	p2	0.8	0.0	0.0
216	protein1	676.4	11.8	1.8619047999999998
216	protein2	549.0	10.8	1.4757573999999998
216	protein3	1301.6	21.8	1.6727802
216	r0	11.8	0.0	0.0
216	r1	10.4	0.0	0.0
216	rnapol	0.0	0.0	0.0
217	__protein1_rbs	6.8	0.0	0.0
217	__protein2_rbs	6.6	0.0	0.0
217	__protein3_rbs	13.6	0.0	0.0
217	__ribosome	24.6	0.0	0.0
217	__rnase_site_ext	25.6	0.0	0.0
217	p0	1.0	0.0	0.0
217	p1	0.6	0.0	0.0
217	p2	1.0	0.0	0.0
217	protein1	679.6	11.8	1.930647
217	protein2	552.4	10.8	1.5310606000000002
217	protein3	1309.8	21.8	1.6826526000000002
217	r0	11.6	0.0	0.0
217	r1	10.6	0.0	0.0
217	rnapol	0.2	0.0	0.0
218	__protein1_rbs	8.2	0.0	0.0
218	__protein2_rbs	8.2	0.0	0.0
218	__protein3_rbs	12.8	0.0	0.0
218	__ribosome	23.4	0.0	0.0
218	__rnase_site_ext	25.4	0.0	0.0
218	p0	1.0	0.0	0.0
218	p1	0.6	0.0	0.0
218	p2	0.4	0.0	0.0
218	protein1	683.6	11.6	1.8761906000000004
218	protein2	555.4	11.0	1.4732323999999999
218	protein3	1316.2	21.8	1.7829217999999998
218	r0	11.2	0.0	0.0
218	r1	10.6	0.0	0.0
218	rnapol	0.0	0.0	0.0
219	__protein1_rbs	6.4	0.0	0.0
219	__protein2_rbs	7.0	0.0	0.0
219	__protein3_rbs	14.0	0.0	0.0
219	__ribosome	23.0	0.0	0.0
219	__rnase_site_ext	25.4	0.0	0.0
219	p0	0.8	0.0	0.0
219	p1	0.8	0.0	0.0
219	p2	0.6	0.0	0.0
219	protein1	687.6	11.2	2.0261906
219	protein2	559.0	11.0	1.5030302
219	protein3	1324.4	22.0	1.7267206000000002
219	r0	11.2	0.0	0.0
219	r1	10.4	0.0	0.0
219	rnapol	0.2	0.0	0.0
220	__protein1_rbs	8.0	0.0	0.0
220	__protein2_rbs	7.4	0.0	0.0
220	__protein3_rbs	14.0	0.0	0.0
220	__ribosome	23.2	0.0	0.0
220	__rnase_site_ext	25.8	0.0	0.0
220	p0	1.0	0.0	0.0
220	p1	1.0	0.0	0.0
220	p2	0.6	0.0	0.0
220	protein1	692.4	11.0	1.8980738000000001
220	protein2	561.4	10.6	1.6341413999999999
220	protein3	1331.2	22.0	1.7762036
220	r0	11.2	0.0	0.0
220	r1	10.2	0.0	0.0
220	rnapol	0.2	0.0	0.0
221	__protein1_rbs	8.6	0.0	0.0
221	__protein2_rbs	7.2	0.0	0.0
221	__protein3_rbs	13.6	0.0	0.0
221	__ribosome	25.4	0.0	0.0
221	__rnase_site_ext	25.6	0.0	0.0
221	p0	1.0	0.0	0.0
221	p1	0.8	0.0	0.0
221	p2	0.6	0.0	0.0
221	protein1	697.8	11.2	1.6116666000000002
221	protein2	564.4	10.8	1.6222222000000002
221	protein3	1338.8	22.0	1.7996665999999997
221	r0	11.2	0.0	0.0
221	r1	10.4	0.0	0.0
221	rnapol	0.4	0.0	0.0
222	__protein1_rbs	8.0	0.0	0.0
222	__protein2_rbs	7.2	0.0	0.0
222	__protein3_rbs	14.4	0.0	0.0
222	__ribosome	27.4	0.0	0.0
222	__rnase_site_ext	25.8	0.0	0.0
222	p0	0.8	0.0	0.0
222	p1	0.8	0.0	0.0
222	p2	0.2	0.0	0.0
222	protein1	702.2	11.2	1.53
222	protein2	568.4	10.8	1.6093086
222	protein3	1346.8	22.2	1.7262469999999996
222	r0	11.2	0.0	0.0
222	r1	10.2	0.0	0.0
222	rnapol	0.0	0.0	0.0
223	__protein1_rbs	6.8	0.0	0.0
223	__protein2_rbs	6.4	0.0	0.0
223	__protein3_rbs	13.4	0.0	0.0
223	__ribosome	27.4	0.0	0.0
223	__rnase_site_ext	26.0	0.0	0.0
223	p0	1.0	0.0	0.0
223	p1	1.0	0.0	0.0
223	p2	1.0	0.0	0.0
223	protein1	706.6	11.2	1.5723808000000001
223	protein2	572.4	10.6	1.6257576
223	protein3	1355.4	22.0	1.7510080000000001
223	r0	11.4	0.0	0.0
223	r1	10.2	0.0	0.0
223	rnapol	0.0	0.0	0.0
224	__protein1_rbs	7.6	0.0	0.0
224	__protein2_rbs	5.4	0.0	0.0
224	__protein3_rbs	15.2	0.0	0.0
224	__ribosome	25.6	0.0	0.0
224	__rnase_site_ext	26.0	0.0	0.0
224	p0	0.8	0.0	0.0
224	p1	1.0	0.0	0.0
224	p2	0.8	0.0	0.0
224	protein1	709.4	11.2	1.6136363999999999
224	protein2	575.6	10.4	1.7873736
224	protein3	1363.0	22.6	1.6987272
224	r0	11.2	0.0	0.0
224	r1	10.2	0.0	0.0
224	rnapol	0.0	0.0	0.0
225	__protein1_rbs	6.6	0.0	0.0
225	__protein2_rbs	7.2	0.0	0.0
225	__protein3_rbs	13.2	0.0	0.0
225	__ribosome	22.8	0.0	0.0
225	__rnase_site_ext	26.2	0.0	0.0
225	p0	0.8	0.0	0.0
225	p1	0.8	0.0	0.0
225	p2	0.4	0.0	0.0
225	protein1	712.8	11.2	1.7306061999999998
225	protein2	578.8	10.4	1.808081
225	protein3	1370.6	22.4	1.7772137999999995
225	r0	11.4	0.0	0.0
225	r1	10.0	0.0	0.0
225	rnapol	0.2	0.0	0.0
226	__protein1_rbs	7.4	0.0	0.0
226	__protein2_rbs	7.4	0.0	0.0
226	__protein3_rbs	15.4	0.0	0.0
226	__ribosome	25.6	0.0	0.0
226	__rnase_site_ext	26.4	0.0	0.0
226	p0	0.8	0.0	0.0
226	p1	0.8	0.0	0.0
226	p2	0.6	0.0	0.0
226	protein1	717.2	11.4	1.6557576
226	protein2	582.4	10.4	1.7324244
226	protein3	1378.4	22.2	1.7202191999999998
226	r0	11.6	0.0	0.0
226	r1	10.0	0.0	0.0
226	rnapol	0.0	0.0	0.0
227	__protein1_rbs	7.4	0.0	0.0
227	__protein2_rbs	7.4	0.0	0.0
227	__protein3_rbs	14.6	0.0	0.0
227	__ribosome	25.2	0.0	0.0
227	__rnase_site_ext	26.4	0.0	0.0
227	p0	1.0	0.0	0.0
227	p1	1.0	0.0	0.0
227	p2	0.8	0.0	0.0
227	protein1	719.8	11.6	1.7208516000000005
227	protein2	585.4	10.4	1.6813131999999997
227	protein3	1387.0	22.4	1.6875334
227	r0	11.6	0.0	0.0
227	r1	10.0	0.0	0.0
227	rnapol	0.2	0.0	0.0
228	__protein1_rbs	8.2	0.0	0.0
228	__protein2_rbs	7.4	0.0	0.0
228	__protein3_rbs	13.0	0.0	0.0
228	__ribosome	24.6	0.0	0.0
228	__rnase_site_ext	26.6	0.0	0.0
228	p0	1.0	0.0	0.0
228	p1	0.8	0.0	0.0
228	p2	0.6	0.0	0.0
228	protein1	723.6	11.6	1.6575756000000001
228	protein2	589.2	10.2	1.6555556
228	protein3	1394.6	22.8	1.7502704000000002
228	r0	11.4	0.0	0.0
228	r1	10.0	0.0	0.0
228	rnapol	0.0	0.0	0.0
229	__protein1_rbs	7.6	0.0	0.0
229	__protein2_rbs	5.8	0.0	0.0
229	__protein3_rbs	15.0	0.0	0.0
229	__ribosome	25.4	0.0	0.0
229	__rnase_site_ext	26.6	0.0	0.0
229	p0	0.6	0.0	0.0
229	p1	0.8	0.0	0.0
229	p2	0.4	0.0	0.0
229	protein1	727.4	11.4	1.693615
229	protein2	594.4	10.0	1.6119191999999998
229	protein3	1402.2	23.0	1.7303358
229	r0	11.4	0.0	0.0
229	r1	9.6	0.0	0.0
229	rnapol	0.0	0.0	0.0
230	__protein1_rbs	6.2	0.0	0.0
230	__protein2_rbs	7.2	0.0	0.0
230	__protein3_rbs	15.2	0.0	0.0
230	__ribosome	25.0	0.0	0.0
230	__rnase_site_ext	27.0	0.0	0.0
230	p0	1.0	0.0	0.0
230	p1	0.8	0.0	0.0
230	p2	0.6	0.0	0.0
230	protein1	731.6	11.4	1.7073593999999996
230	protein2	597.8	10.2	1.5588888
230	protein3	1409.4	23.4	1.7105921999999998
230	r0	11.8	0.0	0.0
230	r1	9.2	0.0	0.0
230	rnapol	0.0	0.0	0.0
231	__protein1_rbs	8.4	0.0	0.0
231	__protein2_rbs	6.4	0.0	0.0
231	__protein3_rbs	16.6	0.0	0.0
231	__ribosome	24.6	0.0	0.0
231	__rnase_site_ext	26.2	0.0	0.0
231	p0	1.0	0.0	0.0
231	p1	0.6	0.0	0.0
231	p2	1.0	0.0	0.0
231	protein1	735.2	11.8	1.6466666
231	protein2	600.0	10.0	1.7388888000000002
231	protein3	1417.4	23.6	1.6447834
231	r0	11.6	0.0	0.0
231	r1	9.2	0.0	0.0
231	rnapol	0.0	0.0	0.0
232	__protein1_rbs	8.0	0.0	0.0
232	__protein2_rbs	5.4	0.0	0.0
232	__protein3_rbs	17.0	0.0	0.0
232	__ribosome	26.2	0.0	0.0
232	__rnase_site_ext	26.0	0.0	0.0
232	p0	1.0	0.0	0.0
232	p1	0.8	0.0	0.0
232	p2	0.4	0.0	0.0
232	protein1	738.8	11.6	1.6722728
232	protein2	602.8	10.0	1.86
232	protein3	1426.0	23.6	1.5332421999999999
232	r0	11.6	0.0	0.0
232	r1	9.2	0.0	0.0
232	rnapol	0.0	0.0	0.0
233	__protein1_rbs	7.2	0.0	0.0
233	__protein2_rbs	6.4	0.0	0.0
233	__protein3_rbs	14.2	0.0	0.0
233	__ribosome	25.8	0.0	0.0
233	__rnase_site_ext	25.4	0.0	0.0
233	p0	1.0	0.0	0.0
233	p1	1.0	0.0	0.0
233	p2	0.6	0.0	0.0
233	protein1	743.4	11.4	1.6592426
233	protein2	607.2	10.0	1.7752020000000002
233	protein3	1433.8	23.6	1.6081112000000002
233	r0	11.2	0.0	0.0
233	r1	9.4	0.0	0.0
233	rnapol	0.4	0.0	0.0
234	__protein1_rbs	6.2	0.0	0.0
234	__protein2_rbs	5.6	0.0	0.0
234	__protein3_rbs	17.0	0.0	0.0
234	__ribosome	26.2	0.0	0.0
234	__rnase_site_ext	25.8	0.0	0.0
234	p0	0.8	0.0	0.0
234	p1	0.8	0.0	0.0
234	p2	0.8	0.0	0.0
234	protein1	746.8	10.4	1.9142858
234	protein2	610.2	9.4	1.9398414
234	protein3	1442.0	23.8	1.5393396
234	r0	10.4	0.0	0.0
234	r1	9.4	0.0	0.0
234	rnapol	0.2	0.0	0.0
235	__protein1_rbs	7.0	0.0	0.0
235	__protein2_rbs	6.6	0.0	0.0
235	__protein3_rbs	15.6	0.0	0.0
235	__ribosome	26.6	0.0	0.0
235	__rnase_site_ext	25.6	0.0	0.0
235	p0	0.8	0.0	0.0
235	p1	0.8	0.0	0.0
235	p2	0.6	0.0	0.0
235	protein1	751.2	10.4	1.7969698
235	protein2	613.6	9.6	1.8855556
235	protein3	1450.0	24.0	1.5549307999999995
235	r0	10.6	0.0	0.0
235	r1	9.4	0.0	0.0
235	rnapol	0.0	0.0	0.0
236	__protein1_rbs	6.6	0.0	0.0
236	__protein2_rbs	5.8	0.0	0.0
236	__protein3_rbs	16.0	0.0	0.0
236	__ribosome	26.4	0.0	0.0
236	__rnase_site_ext	25.8	0.0	0.0
236	p0	0.6	0.0	0.0
236	p1	0.6	0.0	0.0
236	p2	1.0	0.0	0.0
236	protein1	755.6	10.6	1.7305195999999998
236	protein2	617.2	9.4	1.9083333999999998
236	protein3	1456.2	24.0	1.5798178
236	r0	10.8	0.0	0.0
236	r1	9.4	0.0	0.0
236	rnapol	0.0	0.0	0.0
237	__protein1_rbs	6.8	0.0	0.0
237	__protein2_rbs	7.0	0.0	0.0
237	__protein3_rbs	16.2	0.0	0.0
237	__ribosome	26.6	0.0	0.0
237	__rnase_site_ext	26.0	0.0	0.0
237	p0	1.0	0.0	0.0
237	p1	1.0	0.0	0.0
237	p2	1.0	0.0	0.0
237	protein1	758.2	10.8	1.7590910000000002
237	protein2	621.0	9.4	1.7060606
237	protein3	1463.2	23.2	1.6420105999999999
237	r0	11.2	0.0	0.0
237	r1	9.4	0.0	0.0
237	rnapol	0.2	0.0	0.0
238	__protein1_rbs	7.8	0.0	0.0
238	__protein2_rbs	6.2	0.0	0.0
238	__protein3_rbs	13.6	0.0	0.0
238	__ribosome	26.8	0.0	0.0
238	__rnase_site_ext	26.4	0.0	0.0
238	p0	1.0	0.0	0.0
238	p1	1.0	0.0	0.0
238	p2	0.8	0.0	0.0
238	protein1	762.4	11.2	1.6447554
238	protein2	624.6	9.4	1.6218688
238	protein3	1470.8	22.8	1.7356906
238	r0	11.2	0.0	0.0
238	r1	9.6	0.0	0.0
238	rnapol	0.0	0.0	0.0
239	__protein1_rbs	6.8	0.0	0.0
239	__protein2_rbs	5.8	0.0	0.0
239	__protein3_rbs	13.8	0.0	0.0
239	__ribosome	26.8	0.0	0.0
239	__rnase_site_ext	26.4	0.0	0.0
239	p0	0.8	0.0	0.0
239	p1	1.0	0.0	0.0
239	p2	0.8	0.0	0.0
239	protein1	767.2	11.2	1.5837164
239	protein2	628.0	9.6	1.5870202
239	protein3	1479.0	22.8	1.7594682000000001
239	r0	11.2	0.0	0.0
239	r1	9.6	0.0	0.0
239	rnapol	0.2	0.0	0.0
240	__protein1_rbs	7.4	0.0	0.0
240	__protein2_rbs	7.0	0.0	0.0
240	__protein3_rbs	15.4	0.0	0.0
240	__ribosome	26.2	0.0	0.0
240	__rnase_site_ext	26.8	0.0	0.0
240	p0	0.8	0.0	0.0
240	p1	0.8	0.0	0.0
240	p2	0.8	0.0	0.0
240	protein1	770.4	11.2	1.6380622000000002
240	protein2	631.6	9.8	1.540909
240	protein3	1486.4	23.0	1.7694439999999998
240	r0	11.4	0.0	0.0
240	r1	9.6	0.0	0.0
240	rnapol	0.2	0.0	0.0
241	__protein1_rbs	7.2	0.0	0.0
241	__protein2_rbs	6.0	0.0	0.0
241	__protein3_rbs	14.8	0.0	0.0
241	__ribosome	24.4	0.0	0.0
241	__rnase_site_ext	27.4	0.0	0.0
241	p0	0.8	0.0	0.0
241	p1	0.6	0.0	0.0
241	p2	0.4	0.0	0.0
241	protein1	773.6	11.4	1.7367797999999997
241	protein2	634.2	9.6	1.6924243999999995
241	protein3	1495.2	22.8	1.7578038
241	r0	11.6	0.0	0.0
241	r1	9.6	0.0	0.0
241	rnapol	0.0	0.0	0.0
242	__protein1_rbs	7.8	0.0	0.0
242	__protein2_rbs	6.0	0.0	0.0
242	__protein3_rbs	15.8	0.0	0.0
242	__ribosome	22.8	0.0	0.0
242	__rnase_site_ext	27.2	0.0	0.0
242	p0	0.6	0.0	0.0
242	p1	0.4	0.0	0.0
242	p2	0.4	0.0	0.0
242	protein1	777.8	11.8	1.6443223999999999
242	protein2	637.4	9.6	1.7750506
242	protein3	1502.0	23.0	1.7945791999999998
242	r0	11.8	0.0	0.0
242	r1	9.6	0.0	0.0
242	rnapol	0.0	0.0	0.0
243	__protein1_rbs	7.6	0.0	0.0
243	__protein2_rbs	7.4	0.0	0.0
243	__protein3_rbs	16.4	0.0	0.0
243	__ribosome	25.8	0.0	0.0
243	__rnase_site_ext	27.0	0.0	0.0
243	p0	1.0	0.0	0.0
243	p1	0.6	0.0	0.0
243	p2	0.6	0.0	0.0
243	protein1	781.8	11.4	1.662033
243	protein2	640.4	9.6	1.7420202000000002
243	protein3	1510.6	23.2	1.7029482000000002
243	r0	11.8	0.0	0.0
243	r1	9.6	0.0	0.0
243	rnapol	0.0	0.0	0.0
244	__protein1_rbs	5.8	0.0	0.0
244	__protein2_rbs	5.4	0.0	0.0
244	__protein3_rbs	15.0	0.0	0.0
244	__ribosome	23.6	0.0	0.0
244	__rnase_site_ext	26.8	0.0	0.0
244	p0	1.0	0.0	0.0
244	p1	1.0	0.0	0.0
244	p2	0.8	0.0	0.0
244	protein1	785.0	11.6	1.781502
244	protein2	644.0	9.6	1.798788
244	protein3	1519.8	23.4	1.6801046000000002
244	r0	11.6	0.0	0.0
244	r1	9.8	0.0	0.0
244	rnapol	0.0	0.0	0.0
245	__protein1_rbs	7.2	0.0	0.0
245	__protein2_rbs	5.4	0.0	0.0
245	__protein3_rbs	17.4	0.0	0.0
245	__ribosome	23.6	0.0	0.0
245	__rnase_site_ext	26.8	0.0	0.0
245	p0	0.8	0.0	0.0
245	p1	0.8	0.0	0.0
245	p2	0.6	0.0	0.0
245	protein1	789.2	11.6	1.7972164000000002
245	protein2	647.0	9.8	1.8972222000000003
245	protein3	1527.2	23.4	1.6127858
245	r0	11.4	0.0	0.0
245	r1	9.8	0.0	0.0
245	rnapol	0.0	0.0	0.0
246	__protein1_rbs	8.0	0.0	0.0
246	__protein2_rbs	6.2	0.0	0.0
246	__protein3_rbs	15.4	0.0	0.0
246	__ribosome	27.2	0.0	0.0
246	__rnase_site_ext	26.8	0.0	0.0
246	p0	1.0	0.0	0.0
246	p1	0.4	0.0	0.0
246	p2	0.8	0.0	0.0
246	protein1	793.2	11.4	1.774127
246	protein2	651.6	9.8	1.7423807999999998
246	protein3	1536.0	23.4	1.5534002
246	r0	11.6	0.0	0.0
246	r1	9.8	0.0	0.0
246	rnapol	0.0	0.0	0.0
247	__protein1_rbs	8.2	0.0	0.0
247	__protein2_rbs	6.6	0.0	0.0
247	__protein3_rbs	14.4	0.0	0.0
247	__ribosome	24.4	0.0	0.0
247	__rnase_site_ext	26.8	0.0	0.0
247	p0	0.8	0.0	0.0
247	p1	0.6	0.0	0.0
247	p2	0.8	0.0	0.0
247	protein1	797.0	11.6	1.7088746
247	protein2	654.2	10.2	1.7092307999999998
247	protein3	1542.6	23.4	1.650881
247	r0	11.6	0.0	0.0
247	r1	9.4	0.0	0.0
247	rnapol	0.0	0.0	0.0
248	__protein1_rbs	6.6	0.0	0.0
248	__protein2_rbs	7.2	0.0	0.0
248	__protein3_rbs	17.0	0.0	0.0
248	__ribosome	26.4	0.0	0.0
248	__rnase_site_ext	27.0	0.0	0.0
248	p0	0.6	0.0	0.0
248	p1	0.6	0.0	0.0
248	p2	1.0	0.0	0.0
248	protein1	800.4	11.6	1.8318182
248	protein2	657.4	10.0	1.666282
248	protein3	1551.4	23.4	1.5341768000000002
248	r0	11.8	0.0	0.0
248	r1	9.4	0.0	0.0
248	rnapol	0.2	0.0	0.0
249	__protein1_rbs	7.4	0.0	0.0
249	__protein2_rbs	6.2	0.0	0.0
249	__protein3_rbs	14.6	0.0	0.0
249	__ribosome	25.4	0.0	0.0
249	__rnase_site_ext	27.4	0.0	0.0
249	p0	0.8	0.0	0.0
249	p1	0.6	0.0	0.0
249	p2	0.4	0.0	0.0
249	protein1	806.0	11.8	1.7051516
249	protein2	660.2	9.8	1.8044446
249	protein3	1558.6	23.6	1.5891341999999995
249	r0	12.0	0.0	0.0
249	r1	9.6	0.0	0.0
249	rnapol	0.0	0.0	0.0
250	__protein1_rbs	9.2	0.0	0.0
250	__protein2_rbs	6.2	0.0	0.0
250	__protein3_rbs	13.2	0.0	0.0
250	__ribosome	25.4	0.0	0.0
250	__rnase_site_ext	27.6	0.0	0.0
250	p0	1.0	0.0	0.0
250	p1	1.0	0.0	0.0
250	p2	1.0	0.0	0.0
250	protein1	810.4	12.0	1.511869
250	protein2	665.0	9.8	1.7042979999999996
250	protein3	1565.4	23.4	1.7460174
250	r0	12.0	0.0	0.0
250	r1	10.0	0.0	0.0
250	rnapol	0.0	0.0	0.0
