time	species	protein	transcript	ribo_density
0	__protein1_rbs	0.0	0.0	0.0
0	__protein2_rbs	0.0	0.0	0.0
0	__protein3_rbs	0.0	0.0	0.0
0	__ribosome	100.0	0.0	0.0
0	__rnase_site_ext	0.0	0.0	0.0
0	p0	1.0	0.0	0.0
0	p2	1.0	0.0	0.0
0	r0	0.0	0.0	0.0
0	r1	0.0	0.0	0.0
0	r2	0.0	0.0	0.0
0	rnapol	4.0	0.0	0.0
1	__protein1_rbs	1.0	0.0	0.0
1	__protein2_rbs	0.0	0.0	0.0
1	__protein3_rbs	0.0	0.0	0.0
1	__ribosome	100.0	0.0	0.0
1	__rnase_site_ext	1.6666666666666667	0.0	0.0
1	p0	0.0	0.0	0.0
1	p2	0.6666666666666666	0.0	0.0
1	protein1	0.0	1.0	0.0
1	r0	1.6666666666666667	0.0	0.0
1	r1	0.0	0.0	0.0
1	r2	0.0	0.0	0.0
1	rnapol	1.0	0.0	0.0
2	__protein1_rbs	1.6666666666666667	0.0	0.0
2	__protein2_rbs	0.0	0.0	0.0
2	__protein3_rbs	0.0	0.0	0.0
2	__ribosome	98.33333333333331	0.0	0.0
2	__rnase_site_ext	3.6666666666666665	0.0	0.0
2	p0	0.6666666666666666	0.0	0.0
2	p2	1.0	0.0	0.0
2	protein1	0.0	2.333333333333333	0.5555556666666667
2	r0	2.0	0.0	0.0
2	r1	0.0	0.0	0.0
2	r2	1.0	0.0	0.0
2	rnapol	0.0	0.0	0.0
3	__protein1_rbs	1.3333333333333333	0.0	0.0
3	__protein2_rbs	0.0	0.0	0.0
3	__protein3_rbs	0.3333333333333333	0.0	0.0
3	__ribosome	94.66666666666669	0.0	0.0
3	__rnase_site_ext	4.0	0.0	0.0
3	p0	1.0	0.0	0.0
3	p2	1.0	0.0	0.0
3	protein1	0.0	3.0	1.5555556666666668
3	protein3	0.0	0.6666666666666666	0.6666666666666666
3	r0	2.6666666666666665	0.0	0.0
3	r1	0.0	0.0	0.0
3	r2	1.0	0.0	0.0
3	rnapol	0.0	0.0	0.0
4	__protein1_rbs	1.6666666666666667	0.0	0.0
4	__protein2_rbs	0.3333333333333333	0.0	0.0
4	__protein3_rbs	0.6666666666666666	0.0	0.0
4	__ribosome	91.33333333333331	0.0	0.0
4	__rnase_site_ext	3.6666666666666665	0.0	0.0
4	p0	1.0	0.0	0.0
4	p2	1.0	0.0	0.0
4	protein1	0.3333333333333333	3.0	2.555555333333333
4	protein2	0.0	0.3333333333333333	0.0
4	protein3	0.0	0.6666666666666666	1.0
4	r0	2.333333333333333	0.0	0.0
4	r1	1.0	0.0	0.0
4	r2	1.0	0.0	0.0
4	rnapol	0.3333333333333333	0.0	0.0
5	__protein1_rbs	2.0	0.0	0.0
5	__protein2_rbs	0.6666666666666666	0.0	0.0
5	__protein3_rbs	0.0	0.0	0.0
5	__ribosome	87.33333333333331	0.0	0.0
5	__rnase_site_ext	4.333333333333333	0.0	0.0
5	p0	1.0	0.0	0.0
5	p2	1.0	0.0	0.0
5	protein1	1.0	3.333333333333333	2.944444333333333
5	protein2	0.0	1.0	0.5
5	protein3	0.0	0.6666666666666666	2.333333333333333
5	r0	2.6666666666666665	0.0	0.0
5	r1	2.0	0.0	0.0
5	r2	1.0	0.0	0.0
5	rnapol	0.6666666666666666	0.0	0.0
6	__protein1_rbs	1.6666666666666667	0.0	0.0
6	__protein2_rbs	1.0	0.0	0.0
6	__protein3_rbs	0.3333333333333333	0.0	0.0
6	__ribosome	85.0	0.0	0.0
6	__rnase_site_ext	5.0	0.0	0.0
6	p0	1.0	0.0	0.0
6	p2	1.0	0.0	0.0
6	protein1	3.6666666666666665	3.333333333333333	3.027778
6	protein2	0.0	1.6666666666666667	1.1666666666666667
6	protein3	0.0	0.6666666666666666	3.0
6	r0	3.6666666666666665	0.0	0.0
6	r1	3.0	0.0	0.0
6	r2	1.0	0.0	0.0
6	rnapol	0.3333333333333333	0.0	0.0
7	__protein1_rbs	1.3333333333333333	0.0	0.0
7	__protein2_rbs	2.0	0.0	0.0
7	__protein3_rbs	0.3333333333333333	0.0	0.0
7	__ribosome	81.0	0.0	0.0
7	__rnase_site_ext	5.0	0.0	0.0
7	p0	1.0	0.0	0.0
7	p2	1.0	0.0	0.0
7	protein1	7.0	4.333333333333333	2.8611113333333336
7	protein2	0.0	2.6666666666666665	1.611111
7	protein3	0.3333333333333333	0.6666666666666666	3.333333333333333
7	r0	3.333333333333333	0.0	0.0
7	r1	3.333333333333333	0.0	0.0
7	r2	1.0	0.0	0.0
7	rnapol	0.0	0.0	0.0
8	__protein1_rbs	2.333333333333333	0.0	0.0
8	__protein2_rbs	1.3333333333333333	0.0	0.0
8	__protein3_rbs	0.3333333333333333	0.0	0.0
8	__ribosome	75.66666666666667	0.0	0.0
8	__rnase_site_ext	5.0	0.0	0.0
8	p0	1.0	0.0	0.0
8	p2	0.6666666666666666	0.0	0.0
8	protein1	9.333333333333334	4.333333333333333	3.1666666666666665
8	protein2	0.0	2.6666666666666665	2.7222223333333333
8	protein3	0.6666666666666666	0.6666666666666666	4.0
8	r0	4.0	0.0	0.0
8	r1	3.333333333333333	0.0	0.0
8	r2	1.3333333333333333	0.0	0.0
8	rnapol	0.0	0.0	0.0
9	__protein1_rbs	2.6666666666666665	0.0	0.0
9	__protein2_rbs	1.3333333333333333	0.0	0.0
9	__protein3_rbs	0.6666666666666666	0.0	0.0
9	__ribosome	73.66666666666667	0.0	0.0
9	__rnase_site_ext	5.666666666666668	0.0	0.0
9	p0	1.0	0.0	0.0
9	p2	0.6666666666666666	0.0	0.0
9	protein1	12.666666666666664	4.333333333333333	3.083333333333333
9	protein2	0.6666666666666666	2.6666666666666665	3.3888890000000003
9	protein3	1.3333333333333333	1.0	2.6666666666666665
9	r0	4.333333333333333	0.0	0.0
9	r1	3.0	0.0	0.0
9	r2	2.333333333333333	0.0	0.0
9	rnapol	0.0	0.0	0.0
10	__protein1_rbs	2.6666666666666665	0.0	0.0
10	__protein2_rbs	2.333333333333333	0.0	0.0
10	__protein3_rbs	1.3333333333333333	0.0	0.0
10	__ribosome	73.0	0.0	0.0
10	__rnase_site_ext	5.666666666666668	0.0	0.0
10	p0	1.0	0.0	0.0
10	p2	0.6666666666666666	0.0	0.0
10	protein1	17.0	4.333333333333333	2.9166666666666665
10	protein2	1.0	3.0	3.555555666666667
10	protein3	2.0	1.3333333333333333	2.833333333333333
10	r0	3.333333333333333	0.0	0.0
10	r1	4.0	0.0	0.0
10	r2	3.6666666666666665	0.0	0.0
10	rnapol	1.0	0.0	0.0
11	__protein1_rbs	3.6666666666666665	0.0	0.0
11	__protein2_rbs	2.333333333333333	0.0	0.0
11	__protein3_rbs	0.3333333333333333	0.0	0.0
11	__ribosome	74.0	0.0	0.0
11	__rnase_site_ext	7.666666666666668	0.0	0.0
11	p0	1.0	0.0	0.0
11	p2	1.0	0.0	0.0
11	protein1	20.666666666666668	5.666666666666668	2.2333333333333334
11	protein2	4.333333333333333	3.0	2.999999666666667
11	protein3	3.333333333333333	1.3333333333333333	3.0
11	r0	5.666666666666668	0.0	0.0
11	r1	4.0	0.0	0.0
11	r2	4.333333333333333	0.0	0.0
11	rnapol	0.3333333333333333	0.0	0.0
12	__protein1_rbs	2.6666666666666665	0.0	0.0
12	__protein2_rbs	1.0	0.0	0.0
12	__protein3_rbs	1.3333333333333333	0.0	0.0
12	__ribosome	69.33333333333333	0.0	0.0
12	__rnase_site_ext	7.666666666666668	0.0	0.0
12	p0	1.0	0.0	0.0
12	p2	1.0	0.0	0.0
12	protein1	22.66666666666667	6.0	2.625
12	protein2	6.666666666666668	3.0	3.333333333333333
12	protein3	3.6666666666666665	2.0	2.833333333333333
12	r0	5.333333333333333	0.0	0.0
12	r1	4.0	0.0	0.0
12	r2	4.333333333333333	0.0	0.0
12	rnapol	0.0	0.0	0.0
13	__protein1_rbs	3.333333333333333	0.0	0.0
13	__protein2_rbs	2.6666666666666665	0.0	0.0
13	__protein3_rbs	0.3333333333333333	0.0	0.0
13	__ribosome	70.0	0.0	0.0
13	__rnase_site_ext	8.0	0.0	0.0
13	p0	0.3333333333333333	0.0	0.0
13	p2	0.6666666666666666	0.0	0.0
13	protein1	29.0	6.333333333333332	2.3511903333333333
13	protein2	9.333333333333334	3.0	3.2222220000000004
13	protein3	5.333333333333333	2.0	2.7777776666666667
13	r0	6.0	0.0	0.0
13	r1	4.0	0.0	0.0
13	r2	4.666666666666667	0.0	0.0
13	rnapol	0.3333333333333333	0.0	0.0
14	__protein1_rbs	4.0	0.0	0.0
14	__protein2_rbs	2.333333333333333	0.0	0.0
14	__protein3_rbs	0.6666666666666666	0.0	0.0
14	__ribosome	66.0	0.0	0.0
14	__rnase_site_ext	8.666666666666666	0.0	0.0
14	p0	1.0	0.0	0.0
14	p2	1.0	0.0	0.0
14	protein1	32.333333333333336	7.333333333333332	2.4268520000000002
14	protein2	11.333333333333336	3.333333333333333	3.0277776666666667
14	protein3	6.0	2.0	3.5
14	r0	6.333333333333332	0.0	0.0
14	r1	4.666666666666667	0.0	0.0
14	r2	5.0	0.0	0.0
14	rnapol	0.3333333333333333	0.0	0.0
15	__protein1_rbs	4.666666666666667	0.0	0.0
15	__protein2_rbs	2.0	0.0	0.0
15	__protein3_rbs	1.3333333333333333	0.0	0.0
15	__ribosome	62.33333333333334	0.0	0.0
15	__rnase_site_ext	9.666666666666666	0.0	0.0
15	p0	0.6666666666666666	0.0	0.0
15	p2	1.0	0.0	0.0
15	protein1	36.333333333333336	7.666666666666668	2.558333333333333
15	protein2	12.666666666666664	4.0	3.0
15	protein3	7.0	2.0	3.888889
15	r0	7.0	0.0	0.0
15	r1	5.666666666666668	0.0	0.0
15	r2	5.0	0.0	0.0
15	rnapol	0.0	0.0	0.0
16	__protein1_rbs	5.333333333333333	0.0	0.0
16	__protein2_rbs	2.333333333333333	0.0	0.0
16	__protein3_rbs	1.3333333333333333	0.0	0.0
16	__ribosome	61.66666666666666	0.0	0.0
16	__rnase_site_ext	10.333333333333334	0.0	0.0
16	p0	1.0	0.0	0.0
16	p2	1.0	0.0	0.0
16	protein1	42.333333333333336	8.666666666666666	2.208333333333333
16	protein2	15.666666666666664	4.333333333333333	2.7111110000000003
16	protein3	7.666666666666668	2.0	3.944444333333333
16	r0	8.0	0.0	0.0
16	r1	6.0	0.0	0.0
16	r2	5.0	0.0	0.0
16	rnapol	0.0	0.0	0.0
17	__protein1_rbs	4.666666666666667	0.0	0.0
17	__protein2_rbs	3.0	0.0	0.0
17	__protein3_rbs	1.3333333333333333	0.0	0.0
17	__ribosome	58.33333333333334	0.0	0.0
17	__rnase_site_ext	10.333333333333334	0.0	0.0
17	p0	0.6666666666666666	0.0	0.0
17	p2	1.0	0.0	0.0
17	protein1	47.0	8.666666666666666	2.5
17	protein2	19.0	5.333333333333333	2.444444333333333
17	protein3	9.666666666666666	2.0	4.0
17	r0	7.666666666666668	0.0	0.0
17	r1	7.0	0.0	0.0
17	r2	4.666666666666667	0.0	0.0
17	rnapol	0.0	0.0	0.0
18	__protein1_rbs	5.666666666666668	0.0	0.0
18	__protein2_rbs	4.666666666666667	0.0	0.0
18	__protein3_rbs	1.6666666666666667	0.0	0.0
18	__ribosome	56.33333333333334	0.0	0.0
18	__rnase_site_ext	10.0	0.0	0.0
18	p0	1.0	0.0	0.0
18	p2	0.3333333333333333	0.0	0.0
18	protein1	52.33333333333334	8.666666666666666	2.6435186666666666
18	protein2	20.666666666666668	5.333333333333333	2.555555666666667
18	protein3	11.333333333333336	2.0	4.0
18	r0	7.333333333333332	0.0	0.0
18	r1	7.0	0.0	0.0
18	r2	4.666666666666667	0.0	0.0
18	rnapol	0.0	0.0	0.0
19	__protein1_rbs	6.0	0.0	0.0
19	__protein2_rbs	4.0	0.0	0.0
19	__protein3_rbs	1.6666666666666667	0.0	0.0
19	__ribosome	59.0	0.0	0.0
19	__rnase_site_ext	10.666666666666666	0.0	0.0
19	p0	0.6666666666666666	0.0	0.0
19	p2	0.6666666666666666	0.0	0.0
19	protein1	59.33333333333334	8.666666666666666	2.384259
19	protein2	22.66666666666667	5.666666666666668	2.5777776666666665
19	protein3	14.0	2.333333333333333	2.555555666666667
19	r0	8.666666666666666	0.0	0.0
19	r1	8.0	0.0	0.0
19	r2	5.666666666666668	0.0	0.0
19	rnapol	0.3333333333333333	0.0	0.0
20	__protein1_rbs	5.666666666666668	0.0	0.0
20	__protein2_rbs	4.333333333333333	0.0	0.0
20	__protein3_rbs	1.6666666666666667	0.0	0.0
20	__ribosome	56.0	0.0	0.0
20	__rnase_site_ext	11.0	0.0	0.0
20	p0	1.0	0.0	0.0
20	p2	1.0	0.0	0.0
20	protein1	65.33333333333333	9.666666666666666	2.313131333333333
20	protein2	26.0	6.0	2.444444333333333
20	protein3	15.0	2.6666666666666665	2.611111333333333
20	r0	8.333333333333334	0.0	0.0
20	r1	8.333333333333334	0.0	0.0
20	r2	6.333333333333332	0.0	0.0
20	rnapol	0.0	0.0	0.0
21	__protein1_rbs	5.333333333333333	0.0	0.0
21	__protein2_rbs	3.333333333333333	0.0	0.0
21	__protein3_rbs	2.6666666666666665	0.0	0.0
21	__ribosome	56.0	0.0	0.0
21	__rnase_site_ext	10.666666666666666	0.0	0.0
21	p0	0.6666666666666666	0.0	0.0
21	p2	1.0	0.0	0.0
21	protein1	73.0	9.333333333333334	2.2575756666666664
21	protein2	30.0	6.0	2.7222223333333333
21	protein3	17.0	3.333333333333333	2.055555666666667
21	r0	9.0	0.0	0.0
21	r1	8.666666666666666	0.0	0.0
21	r2	7.0	0.0	0.0
21	rnapol	0.0	0.0	0.0
22	__protein1_rbs	5.333333333333333	0.0	0.0
22	__protein2_rbs	4.0	0.0	0.0
22	__protein3_rbs	2.6666666666666665	0.0	0.0
22	__ribosome	52.0	0.0	0.0
22	__rnase_site_ext	11.0	0.0	0.0
22	p0	0.6666666666666666	0.0	0.0
22	p2	1.0	0.0	0.0
22	protein1	78.0	9.333333333333334	2.414814666666667
22	protein2	33.0	6.333333333333332	2.690476333333333
22	protein3	17.333333333333332	3.333333333333333	2.555555333333333
22	r0	8.0	0.0	0.0
22	r1	9.0	0.0	0.0
22	r2	7.0	0.0	0.0
22	rnapol	0.3333333333333333	0.0	0.0
23	__protein1_rbs	6.666666666666668	0.0	0.0
23	__protein2_rbs	4.666666666666667	0.0	0.0
23	__protein3_rbs	2.0	0.0	0.0
23	__ribosome	48.33333333333334	0.0	0.0
23	__rnase_site_ext	11.666666666666664	0.0	0.0
23	p0	1.0	0.0	0.0
23	p2	0.6666666666666666	0.0	0.0
23	protein1	84.0	10.0	2.3700336666666666
23	protein2	35.666666666666664	6.333333333333332	3.0
23	protein3	19.33333333333333	3.333333333333333	2.694444666666667
23	r0	10.0	0.0	0.0
23	r1	9.333333333333334	0.0	0.0
23	r2	7.0	0.0	0.0
23	rnapol	0.0	0.0	0.0
24	__protein1_rbs	6.666666666666668	0.0	0.0
24	__protein2_rbs	5.333333333333333	0.0	0.0
24	__protein3_rbs	2.333333333333333	0.0	0.0
24	__ribosome	47.33333333333334	0.0	0.0
24	__rnase_site_ext	12.0	0.0	0.0
24	p0	1.0	0.0	0.0
24	p2	1.0	0.0	0.0
24	protein1	91.66666666666669	10.666666666666666	2.316666666666667
24	protein2	41.0	6.666666666666668	2.468254
24	protein3	20.33333333333333	3.333333333333333	3.3888890000000003
24	r0	9.333333333333334	0.0	0.0
24	r1	9.333333333333334	0.0	0.0
24	r2	7.333333333333332	0.0	0.0
24	rnapol	0.3333333333333333	0.0	0.0
25	__protein1_rbs	8.333333333333334	0.0	0.0
25	__protein2_rbs	4.0	0.0	0.0
25	__protein3_rbs	2.6666666666666665	0.0	0.0
25	__ribosome	45.33333333333334	0.0	0.0
25	__rnase_site_ext	11.666666666666664	0.0	0.0
25	p0	1.0	0.0	0.0
25	p2	1.0	0.0	0.0
25	protein1	97.33333333333331	10.666666666666666	2.483333333333333
25	protein2	44.33333333333334	6.666666666666668	2.690476333333333
25	protein3	22.66666666666667	3.333333333333333	3.194444333333333
25	r0	10.666666666666666	0.0	0.0
25	r1	9.666666666666666	0.0	0.0
25	r2	7.0	0.0	0.0
25	rnapol	0.0	0.0	0.0
26	__protein1_rbs	7.666666666666668	0.0	0.0
26	__protein2_rbs	4.333333333333333	0.0	0.0
26	__protein3_rbs	2.333333333333333	0.0	0.0
26	__ribosome	47.33333333333334	0.0	0.0
26	__rnase_site_ext	12.0	0.0	0.0
26	p0	1.0	0.0	0.0
26	p2	0.6666666666666666	0.0	0.0
26	protein1	106.33333333333331	11.333333333333336	2.1464646666666667
26	protein2	48.66666666666666	7.0	2.611111
26	protein3	25.33333333333333	3.333333333333333	3.1388890000000003
26	r0	9.666666666666666	0.0	0.0
26	r1	10.333333333333334	0.0	0.0
26	r2	7.333333333333332	0.0	0.0
26	rnapol	0.3333333333333333	0.0	0.0
27	__protein1_rbs	7.0	0.0	0.0
27	__protein2_rbs	3.6666666666666665	0.0	0.0
27	__protein3_rbs	1.0	0.0	0.0
27	__ribosome	46.33333333333334	0.0	0.0
27	__rnase_site_ext	13.666666666666664	0.0	0.0
27	p0	1.0	0.0	0.0
27	p2	0.6666666666666666	0.0	0.0
27	protein1	114.66666666666669	11.333333333333336	2.1742423333333334
27	protein2	53.66666666666666	7.666666666666668	2.333333333333333
27	protein3	27.33333333333333	3.333333333333333	3.361111
27	r0	11.0	0.0	0.0
27	r1	11.0	0.0	0.0
27	r2	8.0	0.0	0.0
27	rnapol	0.3333333333333333	0.0	0.0
28	__protein1_rbs	8.666666666666666	0.0	0.0
28	__protein2_rbs	6.0	0.0	0.0
28	__protein3_rbs	2.6666666666666665	0.0	0.0
28	__ribosome	48.0	0.0	0.0
28	__rnase_site_ext	14.333333333333336	0.0	0.0
28	p0	1.0	0.0	0.0
28	p2	1.0	0.0	0.0
28	protein1	121.66666666666669	12.333333333333336	1.9465813333333333
28	protein2	57.66666666666666	7.666666666666668	2.5238093333333333
28	protein3	31.0	3.333333333333333	2.722222
28	r0	12.333333333333336	0.0	0.0
28	r1	11.0	0.0	0.0
28	r2	8.333333333333334	0.0	0.0
28	rnapol	0.3333333333333333	0.0	0.0
29	__protein1_rbs	8.666666666666666	0.0	0.0
29	__protein2_rbs	4.333333333333333	0.0	0.0
29	__protein3_rbs	3.0	0.0	0.0
29	__ribosome	41.66666666666666	0.0	0.0
29	__rnase_site_ext	14.666666666666664	0.0	0.0
29	p0	1.0	0.0	0.0
29	p2	1.0	0.0	0.0
29	protein1	128.0	13.0	1.948718
29	protein2	60.33333333333334	8.0	2.818121666666667
29	protein3	32.333333333333336	3.333333333333333	3.25
29	r0	11.333333333333336	0.0	0.0
29	r1	11.333333333333336	0.0	0.0
29	r2	8.666666666666666	0.0	0.0
29	rnapol	0.3333333333333333	0.0	0.0
30	__protein1_rbs	9.333333333333334	0.0	0.0
30	__protein2_rbs	6.0	0.0	0.0
30	__protein3_rbs	3.0	0.0	0.0
30	__ribosome	43.0	0.0	0.0
30	__rnase_site_ext	15.333333333333336	0.0	0.0
30	p0	1.0	0.0	0.0
30	p2	1.0	0.0	0.0
30	protein1	136.0	13.333333333333336	1.826007333333333
30	protein2	65.0	8.0	2.736111
30	protein3	34.0	3.333333333333333	3.333333333333333
30	r0	13.0	0.0	0.0
30	r1	11.666666666666664	0.0	0.0
30	r2	9.333333333333334	0.0	0.0
30	rnapol	0.0	0.0	0.0
31	__protein1_rbs	9.333333333333334	0.0	0.0
31	__protein2_rbs	5.0	0.0	0.0
31	__protein3_rbs	3.333333333333333	0.0	0.0
31	__ribosome	44.33333333333334	0.0	0.0
31	__rnase_site_ext	14.666666666666664	0.0	0.0
31	p0	1.0	0.0	0.0
31	p2	1.0	0.0	0.0
31	protein1	143.33333333333334	13.333333333333336	1.824176
31	protein2	71.0	8.0	2.5978836666666667
31	protein3	36.333333333333336	4.0	2.7
31	r0	11.666666666666664	0.0	0.0
31	r1	12.0	0.0	0.0
31	r2	10.0	0.0	0.0
31	rnapol	0.0	0.0	0.0
32	__protein1_rbs	9.666666666666666	0.0	0.0
32	__protein2_rbs	6.0	0.0	0.0
32	__protein3_rbs	3.333333333333333	0.0	0.0
32	__ribosome	45.66666666666666	0.0	0.0
32	__rnase_site_ext	15.0	0.0	0.0
32	p0	1.0	0.0	0.0
32	p2	1.0	0.0	0.0
32	protein1	150.66666666666666	13.0	1.85348
32	protein2	76.66666666666667	8.333333333333334	2.4021163333333333
32	protein3	39.333333333333336	4.0	2.661111
32	r0	12.333333333333336	0.0	0.0
32	r1	12.666666666666664	0.0	0.0
32	r2	10.0	0.0	0.0
32	rnapol	0.3333333333333333	0.0	0.0
33	__protein1_rbs	10.0	0.0	0.0
33	__protein2_rbs	4.666666666666667	0.0	0.0
33	__protein3_rbs	2.0	0.0	0.0
33	__ribosome	43.0	0.0	0.0
33	__rnase_site_ext	15.666666666666664	0.0	0.0
33	p0	1.0	0.0	0.0
33	p2	0.6666666666666666	0.0	0.0
33	protein1	158.66666666666666	13.666666666666664	1.7880953333333334
33	protein2	81.0	8.666666666666666	2.399471
33	protein3	41.66666666666666	4.333333333333333	2.822222333333333
33	r0	12.0	0.0	0.0
33	r1	13.0	0.0	0.0
33	r2	10.333333333333334	0.0	0.0
33	rnapol	0.0	0.0	0.0
34	__protein1_rbs	9.666666666666666	0.0	0.0
34	__protein2_rbs	5.0	0.0	0.0
34	__protein3_rbs	2.6666666666666665	0.0	0.0
34	__ribosome	43.0	0.0	0.0
34	__rnase_site_ext	15.666666666666664	0.0	0.0
34	p0	1.0	0.0	0.0
34	p2	0.3333333333333333	0.0	0.0
34	protein1	166.0	13.333333333333336	1.7460316666666664
34	protein2	86.33333333333331	8.666666666666666	2.4851853333333334
34	protein3	44.33333333333334	4.333333333333333	2.733333333333333
34	r0	12.666666666666664	0.0	0.0
34	r1	13.0	0.0	0.0
34	r2	11.0	0.0	0.0
34	rnapol	0.6666666666666666	0.0	0.0
35	__protein1_rbs	10.666666666666666	0.0	0.0
35	__protein2_rbs	6.0	0.0	0.0
35	__protein3_rbs	3.6666666666666665	0.0	0.0
35	__ribosome	40.0	0.0	0.0
35	__rnase_site_ext	17.0	0.0	0.0
35	p0	0.6666666666666666	0.0	0.0
35	p2	0.6666666666666666	0.0	0.0
35	protein1	172.0	14.0	1.7318683333333331
35	protein2	90.33333333333331	8.666666666666666	2.679365333333333
35	protein3	46.0	4.333333333333333	2.7777776666666667
35	r0	13.666666666666664	0.0	0.0
35	r1	13.333333333333336	0.0	0.0
35	r2	11.333333333333336	0.0	0.0
35	rnapol	0.3333333333333333	0.0	0.0
36	__protein1_rbs	10.333333333333334	0.0	0.0
36	__protein2_rbs	7.0	0.0	0.0
36	__protein3_rbs	2.6666666666666665	0.0	0.0
36	__ribosome	42.66666666666666	0.0	0.0
36	__rnase_site_ext	17.0	0.0	0.0
36	p0	1.0	0.0	0.0
36	p2	0.6666666666666666	0.0	0.0
36	protein1	180.0	15.0	1.5482143333333334
36	protein2	96.33333333333331	8.666666666666666	2.4576716666666667
36	protein3	48.66666666666666	4.666666666666667	2.6666666666666665
36	r0	13.666666666666664	0.0	0.0
36	r1	13.333333333333336	0.0	0.0
36	r2	11.333333333333336	0.0	0.0
36	rnapol	0.0	0.0	0.0
37	__protein1_rbs	10.666666666666666	0.0	0.0
37	__protein2_rbs	6.333333333333332	0.0	0.0
37	__protein3_rbs	2.6666666666666665	0.0	0.0
37	__ribosome	41.333333333333336	0.0	0.0
37	__rnase_site_ext	18.0	0.0	0.0
37	p0	1.0	0.0	0.0
37	p2	1.0	0.0	0.0
37	protein1	186.66666666666663	15.333333333333336	1.584722
37	protein2	100.66666666666669	9.0	2.4250000000000003
37	protein3	51.33333333333334	4.333333333333333	2.95
37	r0	14.333333333333336	0.0	0.0
37	r1	13.666666666666664	0.0	0.0
37	r2	12.0	0.0	0.0
37	rnapol	0.3333333333333333	0.0	0.0
38	__protein1_rbs	11.0	0.0	0.0
38	__protein2_rbs	6.333333333333332	0.0	0.0
38	__protein3_rbs	3.6666666666666665	0.0	0.0
38	__ribosome	41.0	0.0	0.0
38	__rnase_site_ext	19.0	0.0	0.0
38	p0	1.0	0.0	0.0
38	p2	1.0	0.0	0.0
38	protein1	194.33333333333331	15.666666666666664	1.6375
38	protein2	107.0	9.333333333333334	2.2037036666666667
38	protein3	54.33333333333334	4.666666666666667	2.833333333333333
38	r0	14.666666666666664	0.0	0.0
38	r1	13.666666666666664	0.0	0.0
38	r2	12.0	0.0	0.0
38	rnapol	0.0	0.0	0.0
39	__protein1_rbs	11.666666666666664	0.0	0.0
39	__protein2_rbs	5.0	0.0	0.0
39	__protein3_rbs	3.6666666666666665	0.0	0.0
39	__ribosome	35.333333333333336	0.0	0.0
39	__rnase_site_ext	18.666666666666668	0.0	0.0
39	p0	0.3333333333333333	0.0	0.0
39	p2	1.0	0.0	0.0
39	protein1	199.33333333333331	15.333333333333336	1.8916666666666664
39	protein2	111.66666666666669	10.0	2.2693600000000003
39	protein3	57.0	4.666666666666667	2.8888890000000003
39	r0	15.0	0.0	0.0
39	r1	15.0	0.0	0.0
39	r2	12.0	0.0	0.0
39	rnapol	0.6666666666666666	0.0	0.0
40	__protein1_rbs	11.666666666666664	0.0	0.0
40	__protein2_rbs	7.333333333333332	0.0	0.0
40	__protein3_rbs	3.6666666666666665	0.0	0.0
40	__ribosome	33.666666666666664	0.0	0.0
40	__rnase_site_ext	19.666666666666668	0.0	0.0
40	p0	1.0	0.0	0.0
40	p2	1.0	0.0	0.0
40	protein1	207.66666666666663	15.666666666666664	2.059722333333333
40	protein2	117.33333333333331	10.333333333333334	2.175925666666666
40	protein3	59.66666666666666	4.666666666666667	2.583333333333333
40	r0	15.0	0.0	0.0
40	r1	15.333333333333336	0.0	0.0
40	r2	12.333333333333336	0.0	0.0
40	rnapol	0.0	0.0	0.0
41	__protein1_rbs	13.333333333333336	0.0	0.0
41	__protein2_rbs	7.333333333333332	0.0	0.0
41	__protein3_rbs	4.0	0.0	0.0
41	__ribosome	35.333333333333336	0.0	0.0
41	__rnase_site_ext	19.33333333333333	0.0	0.0
41	p0	1.0	0.0	0.0
41	p2	0.6666666666666666	0.0	0.0
41	protein1	217.66666666666663	16.0	1.8074073333333336
41	protein2	122.0	10.333333333333334	2.3939393333333334
41	protein3	62.66666666666666	5.0	2.261111
41	r0	15.333333333333336	0.0	0.0
41	r1	15.0	0.0	0.0
41	r2	13.0	0.0	0.0
41	rnapol	0.3333333333333333	0.0	0.0
42	__protein1_rbs	12.0	0.0	0.0
42	__protein2_rbs	9.333333333333334	0.0	0.0
42	__protein3_rbs	4.0	0.0	0.0
42	__ribosome	41.0	0.0	0.0
42	__rnase_site_ext	19.33333333333333	0.0	0.0
42	p0	0.6666666666666666	0.0	0.0
42	p2	1.0	0.0	0.0
42	protein1	227.66666666666663	16.0	1.6037036666666664
42	protein2	126.66666666666669	10.333333333333334	2.305555666666667
42	protein3	66.66666666666667	5.0	2.0277776666666667
42	r0	14.666666666666664	0.0	0.0
42	r1	15.0	0.0	0.0
42	r2	13.333333333333336	0.0	0.0
42	rnapol	0.6666666666666666	0.0	0.0
43	__protein1_rbs	11.0	0.0	0.0
43	__protein2_rbs	7.333333333333332	0.0	0.0
43	__protein3_rbs	4.333333333333333	0.0	0.0
43	__ribosome	40.333333333333336	0.0	0.0
43	__rnase_site_ext	20.666666666666668	0.0	0.0
43	p0	0.6666666666666666	0.0	0.0
43	p2	0.3333333333333333	0.0	0.0
43	protein1	237.33333333333331	16.333333333333332	1.5907410000000002
43	protein2	133.0	10.666666666666666	2.2643096666666658
43	protein3	69.0	5.333333333333333	1.8222223333333332
43	r0	16.333333333333332	0.0	0.0
43	r1	15.666666666666664	0.0	0.0
43	r2	14.0	0.0	0.0
43	rnapol	0.0	0.0	0.0
44	__protein1_rbs	10.666666666666666	0.0	0.0
44	__protein2_rbs	7.666666666666668	0.0	0.0
44	__protein3_rbs	4.666666666666667	0.0	0.0
44	__ribosome	32.666666666666664	0.0	0.0
44	__rnase_site_ext	19.33333333333333	0.0	0.0
44	p0	0.3333333333333333	0.0	0.0
44	p2	1.0	0.0	0.0
44	protein1	244.33333333333331	16.666666666666668	1.914352
44	protein2	139.66666666666666	10.666666666666666	2.290404
44	protein3	71.0	5.666666666666668	1.9238096666666664
44	r0	14.666666666666664	0.0	0.0
44	r1	16.0	0.0	0.0
44	r2	14.666666666666664	0.0	0.0
44	rnapol	0.0	0.0	0.0
45	__protein1_rbs	12.333333333333336	0.0	0.0
45	__protein2_rbs	9.333333333333334	0.0	0.0
45	__protein3_rbs	5.0	0.0	0.0
45	__ribosome	31.66666666666667	0.0	0.0
45	__rnase_site_ext	21.0	0.0	0.0
45	p0	1.0	0.0	0.0
45	p2	1.0	0.0	0.0
45	protein1	250.66666666666663	17.333333333333332	2.029411666666667
45	protein2	145.0	11.0	2.0434343333333334
45	protein3	73.33333333333333	6.0	1.739682333333333
45	r0	16.0	0.0	0.0
45	r1	16.0	0.0	0.0
45	r2	14.666666666666664	0.0	0.0
45	rnapol	0.0	0.0	0.0
46	__protein1_rbs	12.333333333333336	0.0	0.0
46	__protein2_rbs	9.333333333333334	0.0	0.0
46	__protein3_rbs	4.0	0.0	0.0
46	__ribosome	35.333333333333336	0.0	0.0
46	__rnase_site_ext	21.66666666666667	0.0	0.0
46	p0	1.0	0.0	0.0
46	p2	0.6666666666666666	0.0	0.0
46	protein1	262.3333333333333	17.666666666666668	1.8039213333333333
46	protein2	150.0	11.0	1.9525253333333328
46	protein3	76.33333333333333	6.333333333333332	1.704762
46	r0	16.333333333333332	0.0	0.0
46	r1	16.666666666666668	0.0	0.0
46	r2	14.666666666666664	0.0	0.0
46	rnapol	0.3333333333333333	0.0	0.0
47	__protein1_rbs	12.333333333333336	0.0	0.0
47	__protein2_rbs	6.0	0.0	0.0
47	__protein3_rbs	4.666666666666667	0.0	0.0
47	__ribosome	34.333333333333336	0.0	0.0
47	__rnase_site_ext	22.0	0.0	0.0
47	p0	0.6666666666666666	0.0	0.0
47	p2	1.0	0.0	0.0
47	protein1	274.0	18.0	1.6416123333333337
47	protein2	156.66666666666666	11.0	2.1333333333333333
47	protein3	77.33333333333333	6.333333333333332	1.9142856666666663
47	r0	16.333333333333332	0.0	0.0
47	r1	16.666666666666668	0.0	0.0
47	r2	15.333333333333336	0.0	0.0
47	rnapol	0.3333333333333333	0.0	0.0
48	__protein1_rbs	14.333333333333336	0.0	0.0
48	__protein2_rbs	8.0	0.0	0.0
48	__protein3_rbs	3.6666666666666665	0.0	0.0
48	__ribosome	35.333333333333336	0.0	0.0
48	__rnase_site_ext	22.66666666666667	0.0	0.0
48	p0	0.3333333333333333	0.0	0.0
48	p2	1.0	0.0	0.0
48	protein1	282.6666666666667	18.0	1.643640666666667
48	protein2	163.33333333333334	11.333333333333336	1.8876456666666663
48	protein3	80.33333333333333	6.333333333333332	2.0761903333333334
48	r0	16.666666666666668	0.0	0.0
48	r1	17.333333333333332	0.0	0.0
48	r2	15.666666666666664	0.0	0.0
48	rnapol	0.0	0.0	0.0
49	__protein1_rbs	15.0	0.0	0.0
49	__protein2_rbs	9.0	0.0	0.0
49	__protein3_rbs	5.333333333333333	0.0	0.0
49	__ribosome	35.0	0.0	0.0
49	__rnase_site_ext	24.0	0.0	0.0
49	p0	1.0	0.0	0.0
49	p2	0.6666666666666666	0.0	0.0
49	protein1	292.0	19.33333333333333	1.5318856666666667
49	protein2	167.33333333333334	11.666666666666664	1.9440560000000002
49	protein3	83.0	6.333333333333332	1.942857
49	r0	18.666666666666668	0.0	0.0
49	r1	17.666666666666668	0.0	0.0
49	r2	15.0	0.0	0.0
49	rnapol	0.3333333333333333	0.0	0.0
50	__protein1_rbs	14.0	0.0	0.0
50	__protein2_rbs	8.0	0.0	0.0
50	__protein3_rbs	4.333333333333333	0.0	0.0
50	__ribosome	27.66666666666667	0.0	0.0
50	__rnase_site_ext	23.66666666666667	0.0	0.0
50	p0	1.0	0.0	0.0
50	p2	1.0	0.0	0.0
50	protein1	301.3333333333333	19.33333333333333	1.639794
50	protein2	171.0	11.666666666666664	2.324009
50	protein3	85.0	6.333333333333332	2.123809666666667
50	r0	18.33333333333333	0.0	0.0
50	r1	17.666666666666668	0.0	0.0
50	r2	15.333333333333336	0.0	0.0
50	rnapol	0.0	0.0	0.0
51	__protein1_rbs	13.666666666666664	0.0	0.0
51	__protein2_rbs	8.666666666666666	0.0	0.0
51	__protein3_rbs	4.333333333333333	0.0	0.0
51	__ribosome	29.33333333333333	0.0	0.0
51	__rnase_site_ext	23.33333333333333	0.0	0.0
51	p0	1.0	0.0	0.0
51	p2	1.0	0.0	0.0
51	protein1	309.6666666666667	19.0	1.6507939999999999
51	protein2	178.0	11.666666666666664	2.298368
51	protein3	89.33333333333331	6.666666666666668	1.897619
51	r0	18.0	0.0	0.0
51	r1	18.0	0.0	0.0
51	r2	15.333333333333336	0.0	0.0
51	rnapol	0.3333333333333333	0.0	0.0
52	__protein1_rbs	13.666666666666664	0.0	0.0
52	__protein2_rbs	9.0	0.0	0.0
52	__protein3_rbs	5.333333333333333	0.0	0.0
52	__ribosome	30.66666666666667	0.0	0.0
52	__rnase_site_ext	23.33333333333333	0.0	0.0
52	p0	0.6666666666666666	0.0	0.0
52	p2	1.0	0.0	0.0
52	protein1	320.0	19.0	1.6402116666666666
52	protein2	185.0	12.0	2.099456
52	protein3	92.0	7.0	1.8166666666666669
52	r0	18.33333333333333	0.0	0.0
52	r1	19.33333333333333	0.0	0.0
52	r2	16.0	0.0	0.0
52	rnapol	0.3333333333333333	0.0	0.0
53	__protein1_rbs	13.333333333333336	0.0	0.0
53	__protein2_rbs	11.333333333333336	0.0	0.0
53	__protein3_rbs	5.0	0.0	0.0
53	__ribosome	31.33333333333333	0.0	0.0
53	__rnase_site_ext	24.66666666666667	0.0	0.0
53	p0	0.6666666666666666	0.0	0.0
53	p2	1.0	0.0	0.0
53	protein1	330.0	19.33333333333333	1.5925926666666668
53	protein2	190.33333333333331	12.666666666666664	1.9230770000000001
53	protein3	95.33333333333331	7.0	1.9833333333333332
53	r0	18.33333333333333	0.0	0.0
53	r1	20.33333333333333	0.0	0.0
53	r2	16.333333333333332	0.0	0.0
53	rnapol	0.3333333333333333	0.0	0.0
54	__protein1_rbs	13.333333333333336	0.0	0.0
54	__protein2_rbs	8.0	0.0	0.0
54	__protein3_rbs	5.0	0.0	0.0
54	__ribosome	28.0	0.0	0.0
54	__rnase_site_ext	23.66666666666667	0.0	0.0
54	p0	0.6666666666666666	0.0	0.0
54	p2	1.0	0.0	0.0
54	protein1	339.3333333333333	19.33333333333333	1.602061
54	protein2	196.33333333333331	12.666666666666664	2.102564
54	protein3	97.66666666666669	7.0	2.058201
54	r0	16.666666666666668	0.0	0.0
54	r1	20.0	0.0	0.0
54	r2	16.0	0.0	0.0
54	rnapol	0.0	0.0	0.0
55	__protein1_rbs	13.666666666666664	0.0	0.0
55	__protein2_rbs	8.666666666666666	0.0	0.0
55	__protein3_rbs	5.333333333333333	0.0	0.0
55	__ribosome	28.0	0.0	0.0
55	__rnase_site_ext	23.66666666666667	0.0	0.0
55	p0	1.0	0.0	0.0
55	p2	0.6666666666666666	0.0	0.0
55	protein1	349.33333333333326	19.0	1.634085
55	protein2	202.66666666666663	12.666666666666664	2.1559826666666666
55	protein3	100.33333333333331	6.666666666666668	2.170370333333333
55	r0	16.333333333333332	0.0	0.0
55	r1	19.666666666666668	0.0	0.0
55	r2	16.333333333333332	0.0	0.0
55	rnapol	0.0	0.0	0.0
56	__protein1_rbs	15.333333333333336	0.0	0.0
56	__protein2_rbs	9.666666666666666	0.0	0.0
56	__protein3_rbs	5.666666666666668	0.0	0.0
56	__ribosome	30.66666666666667	0.0	0.0
56	__rnase_site_ext	25.0	0.0	0.0
56	p0	1.0	0.0	0.0
56	p2	1.0	0.0	0.0
56	protein1	359.66666666666674	20.0	1.5476186666666667
56	protein2	208.66666666666663	12.666666666666664	2.0448716666666664
56	protein3	104.33333333333331	6.666666666666668	1.9740743333333333
56	r0	18.666666666666668	0.0	0.0
56	r1	19.666666666666668	0.0	0.0
56	r2	16.666666666666668	0.0	0.0
56	rnapol	0.0	0.0	0.0
57	__protein1_rbs	14.666666666666664	0.0	0.0
57	__protein2_rbs	10.666666666666666	0.0	0.0
57	__protein3_rbs	4.333333333333333	0.0	0.0
57	__ribosome	27.33333333333333	0.0	0.0
57	__rnase_site_ext	24.66666666666667	0.0	0.0
57	p0	1.0	0.0	0.0
57	p2	1.0	0.0	0.0
57	protein1	368.33333333333326	19.666666666666668	1.590476
57	protein2	214.0	13.666666666666664	1.9578753333333327
57	protein3	107.0	7.666666666666668	1.976852
57	r0	18.0	0.0	0.0
57	r1	20.0	0.0	0.0
57	r2	17.333333333333332	0.0	0.0
57	rnapol	0.3333333333333333	0.0	0.0
58	__protein1_rbs	15.0	0.0	0.0
58	__protein2_rbs	10.0	0.0	0.0
58	__protein3_rbs	5.666666666666668	0.0	0.0
58	__ribosome	29.33333333333333	0.0	0.0
58	__rnase_site_ext	25.0	0.0	0.0
58	p0	1.0	0.0	0.0
58	p2	1.0	0.0	0.0
58	protein1	377.0	19.666666666666668	1.569312
58	protein2	222.66666666666663	13.666666666666664	1.8131866666666667
58	protein3	111.33333333333331	7.666666666666668	2.032407333333333
58	r0	18.33333333333333	0.0	0.0
58	r1	20.33333333333333	0.0	0.0
58	r2	17.0	0.0	0.0
58	rnapol	0.0	0.0	0.0
59	__protein1_rbs	15.333333333333336	0.0	0.0
59	__protein2_rbs	11.0	0.0	0.0
59	__protein3_rbs	5.666666666666668	0.0	0.0
59	__ribosome	28.0	0.0	0.0
59	__rnase_site_ext	24.33333333333333	0.0	0.0
59	p0	0.6666666666666666	0.0	0.0
59	p2	1.0	0.0	0.0
59	protein1	388.0	20.0	1.5590909999999998
59	protein2	229.66666666666663	14.0	1.7142856666666668
59	protein3	114.0	7.666666666666668	2.199074
59	r0	19.33333333333333	0.0	0.0
59	r1	21.33333333333333	0.0	0.0
59	r2	16.666666666666668	0.0	0.0
59	rnapol	0.3333333333333333	0.0	0.0
60	__protein1_rbs	17.333333333333332	0.0	0.0
60	__protein2_rbs	10.0	0.0	0.0
60	__protein3_rbs	6.0	0.0	0.0
60	__ribosome	25.66666666666667	0.0	0.0
60	__rnase_site_ext	25.0	0.0	0.0
60	p0	0.6666666666666666	0.0	0.0
60	p2	0.3333333333333333	0.0	0.0
60	protein1	398.0	20.666666666666668	1.4080093333333332
60	protein2	234.66666666666663	13.333333333333336	1.988095
60	protein3	116.33333333333331	7.666666666666668	2.435185333333333
60	r0	20.0	0.0	0.0
60	r1	20.666666666666668	0.0	0.0
60	r2	16.666666666666668	0.0	0.0
60	rnapol	0.0	0.0	0.0
61	__protein1_rbs	14.666666666666664	0.0	0.0
61	__protein2_rbs	9.666666666666666	0.0	0.0
61	__protein3_rbs	6.666666666666668	0.0	0.0
61	__ribosome	23.33333333333333	0.0	0.0
61	__rnase_site_ext	25.0	0.0	0.0
61	p0	0.6666666666666666	0.0	0.0
61	p2	1.0	0.0	0.0
61	protein1	406.33333333333326	21.33333333333333	1.4665633333333332
61	protein2	239.33333333333331	13.333333333333336	2.1071426666666664
61	protein3	120.33333333333331	7.666666666666668	2.236111
61	r0	19.666666666666668	0.0	0.0
61	r1	20.0	0.0	0.0
61	r2	17.333333333333332	0.0	0.0
61	rnapol	0.6666666666666666	0.0	0.0
62	__protein1_rbs	14.666666666666664	0.0	0.0
62	__protein2_rbs	11.666666666666664	0.0	0.0
62	__protein3_rbs	5.666666666666668	0.0	0.0
62	__ribosome	26.66666666666667	0.0	0.0
62	__rnase_site_ext	25.0	0.0	0.0
62	p0	0.6666666666666666	0.0	0.0
62	p2	0.6666666666666666	0.0	0.0
62	protein1	418.0	20.666666666666668	1.4927089999999998
62	protein2	247.33333333333331	13.666666666666664	1.846825333333333
62	protein3	124.66666666666669	8.0	2.138227333333333
62	r0	19.666666666666668	0.0	0.0
62	r1	20.666666666666668	0.0	0.0
62	r2	17.666666666666668	0.0	0.0
62	rnapol	0.0	0.0	0.0
63	__protein1_rbs	17.0	0.0	0.0
63	__protein2_rbs	11.333333333333336	0.0	0.0
63	__protein3_rbs	6.333333333333332	0.0	0.0
63	__ribosome	25.66666666666667	0.0	0.0
63	__rnase_site_ext	25.0	0.0	0.0
63	p0	0.6666666666666666	0.0	0.0
63	p2	1.0	0.0	0.0
63	protein1	427.0	21.33333333333333	1.4660896666666667
63	protein2	252.33333333333331	14.333333333333336	1.8846153333333333
63	protein3	130.0	8.0	2.01918
63	r0	20.33333333333333	0.0	0.0
63	r1	21.0	0.0	0.0
63	r2	17.666666666666668	0.0	0.0
63	rnapol	0.0	0.0	0.0
64	__protein1_rbs	15.0	0.0	0.0
64	__protein2_rbs	10.0	0.0	0.0
64	__protein3_rbs	5.666666666666668	0.0	0.0
64	__ribosome	22.0	0.0	0.0
64	__rnase_site_ext	25.33333333333333	0.0	0.0
64	p0	1.0	0.0	0.0
64	p2	1.0	0.0	0.0
64	protein1	435.0	21.33333333333333	1.6998556666666669
64	protein2	261.0	14.333333333333336	1.7916666666666667
64	protein3	134.0	8.0	2.050926
64	r0	20.0	0.0	0.0
64	r1	21.33333333333333	0.0	0.0
64	r2	17.666666666666668	0.0	0.0
64	rnapol	0.3333333333333333	0.0	0.0
65	__protein1_rbs	18.0	0.0	0.0
65	__protein2_rbs	10.666666666666666	0.0	0.0
65	__protein3_rbs	6.333333333333332	0.0	0.0
65	__ribosome	22.66666666666667	0.0	0.0
65	__rnase_site_ext	26.0	0.0	0.0
65	p0	1.0	0.0	0.0
65	p2	1.0	0.0	0.0
65	protein1	445.33333333333326	22.0	1.5787376666666668
65	protein2	266.3333333333333	14.666666666666664	1.787286333333333
65	protein3	137.0	8.0	2.126322666666667
65	r0	21.0	0.0	0.0
65	r1	21.66666666666667	0.0	0.0
65	r2	17.666666666666668	0.0	0.0
65	rnapol	0.0	0.0	0.0
66	__protein1_rbs	15.666666666666664	0.0	0.0
66	__protein2_rbs	12.666666666666664	0.0	0.0
66	__protein3_rbs	6.0	0.0	0.0
66	__ribosome	21.0	0.0	0.0
66	__rnase_site_ext	25.33333333333333	0.0	0.0
66	p0	1.0	0.0	0.0
66	p2	0.6666666666666666	0.0	0.0
66	protein1	457.0	21.33333333333333	1.659975
66	protein2	273.0	15.333333333333336	1.7082166666666667
66	protein3	139.66666666666666	8.0	2.201719333333333
66	r0	20.666666666666668	0.0	0.0
66	r1	22.33333333333333	0.0	0.0
66	r2	18.33333333333333	0.0	0.0
66	rnapol	0.0	0.0	0.0
67	__protein1_rbs	16.333333333333332	0.0	0.0
67	__protein2_rbs	13.666666666666664	0.0	0.0
67	__protein3_rbs	7.0	0.0	0.0
67	__ribosome	25.0	0.0	0.0
67	__rnase_site_ext	26.0	0.0	0.0
67	p0	1.0	0.0	0.0
67	p2	1.0	0.0	0.0
67	protein1	468.66666666666674	22.0	1.567929333333333
67	protein2	279.0	15.333333333333336	1.6375663333333332
67	protein3	145.33333333333334	8.333333333333334	1.9100526666666664
67	r0	21.33333333333333	0.0	0.0
67	r1	23.0	0.0	0.0
67	r2	18.666666666666668	0.0	0.0
67	rnapol	0.3333333333333333	0.0	0.0
68	__protein1_rbs	16.333333333333332	0.0	0.0
68	__protein2_rbs	13.333333333333336	0.0	0.0
68	__protein3_rbs	6.333333333333332	0.0	0.0
68	__ribosome	25.33333333333333	0.0	0.0
68	__rnase_site_ext	25.66666666666667	0.0	0.0
68	p0	1.0	0.0	0.0
68	p2	1.0	0.0	0.0
68	protein1	478.33333333333326	22.33333333333333	1.6177780000000002
68	protein2	285.6666666666667	15.333333333333336	1.5797383333333332
68	protein3	150.0	8.333333333333334	1.687830333333333
68	r0	21.33333333333333	0.0	0.0
68	r1	22.0	0.0	0.0
68	r2	18.33333333333333	0.0	0.0
68	rnapol	0.0	0.0	0.0
69	__protein1_rbs	16.666666666666668	0.0	0.0
69	__protein2_rbs	10.0	0.0	0.0
69	__protein3_rbs	5.666666666666668	0.0	0.0
69	__ribosome	25.66666666666667	0.0	0.0
69	__rnase_site_ext	25.33333333333333	0.0	0.0
69	p0	1.0	0.0	0.0
69	p2	0.3333333333333333	0.0	0.0
69	protein1	490.66666666666674	22.33333333333333	1.5269843333333333
69	protein2	292.3333333333333	14.666666666666664	1.793651
69	protein3	154.33333333333334	8.0	1.7857143333333332
69	r0	20.33333333333333	0.0	0.0
69	r1	22.0	0.0	0.0
69	r2	18.0	0.0	0.0
69	rnapol	0.3333333333333333	0.0	0.0
70	__protein1_rbs	17.333333333333332	0.0	0.0
70	__protein2_rbs	11.333333333333336	0.0	0.0
70	__protein3_rbs	5.0	0.0	0.0
70	__ribosome	25.33333333333333	0.0	0.0
70	__rnase_site_ext	26.33333333333333	0.0	0.0
70	p0	0.6666666666666666	0.0	0.0
70	p2	0.3333333333333333	0.0	0.0
70	protein1	501.66666666666674	22.66666666666667	1.4692353333333334
70	protein2	300.3333333333333	14.666666666666664	1.726984
70	protein3	157.0	7.666666666666668	2.142857
70	r0	21.66666666666667	0.0	0.0
70	r1	22.33333333333333	0.0	0.0
70	r2	18.33333333333333	0.0	0.0
70	rnapol	0.0	0.0	0.0
71	__protein1_rbs	17.333333333333332	0.0	0.0
71	__protein2_rbs	12.0	0.0	0.0
71	__protein3_rbs	5.0	0.0	0.0
71	__ribosome	26.33333333333333	0.0	0.0
71	__rnase_site_ext	26.66666666666667	0.0	0.0
71	p0	0.6666666666666666	0.0	0.0
71	p2	0.6666666666666666	0.0	0.0
71	protein1	513.3333333333334	22.66666666666667	1.3863636666666668
71	protein2	305.3333333333333	14.666666666666664	1.6785713333333334
71	protein3	160.0	8.333333333333334	2.151190333333333
71	r0	22.0	0.0	0.0
71	r1	22.66666666666667	0.0	0.0
71	r2	19.0	0.0	0.0
71	rnapol	0.0	0.0	0.0
72	__protein1_rbs	16.666666666666668	0.0	0.0
72	__protein2_rbs	11.333333333333336	0.0	0.0
72	__protein3_rbs	7.0	0.0	0.0
72	__ribosome	19.0	0.0	0.0
72	__rnase_site_ext	26.66666666666667	0.0	0.0
72	p0	1.0	0.0	0.0
72	p2	1.0	0.0	0.0
72	protein1	521.0	23.33333333333333	1.5289853333333332
72	protein2	310.6666666666667	14.666666666666664	1.8333333333333333
72	protein3	163.66666666666666	8.666666666666666	2.125
72	r0	21.66666666666667	0.0	0.0
72	r1	22.66666666666667	0.0	0.0
72	r2	19.33333333333333	0.0	0.0
72	rnapol	0.3333333333333333	0.0	0.0
73	__protein1_rbs	19.0	0.0	0.0
73	__protein2_rbs	11.666666666666664	0.0	0.0
73	__protein3_rbs	7.0	0.0	0.0
73	__ribosome	22.33333333333333	0.0	0.0
73	__rnase_site_ext	27.0	0.0	0.0
73	p0	0.6666666666666666	0.0	0.0
73	p2	1.0	0.0	0.0
73	protein1	532.0	23.66666666666667	1.493961
73	protein2	318.0	15.0	1.703081
73	protein3	168.66666666666666	8.666666666666666	1.9333333333333331
73	r0	23.0	0.0	0.0
73	r1	22.66666666666667	0.0	0.0
73	r2	19.33333333333333	0.0	0.0
73	rnapol	0.0	0.0	0.0
74	__protein1_rbs	17.666666666666668	0.0	0.0
74	__protein2_rbs	11.0	0.0	0.0
74	__protein3_rbs	7.0	0.0	0.0
74	__ribosome	24.66666666666667	0.0	0.0
74	__rnase_site_ext	28.0	0.0	0.0
74	p0	0.6666666666666666	0.0	0.0
74	p2	0.3333333333333333	0.0	0.0
74	protein1	543.0	23.66666666666667	1.451087
74	protein2	325.6666666666667	14.0	1.6484413333333334
74	protein3	172.0	8.666666666666666	2.0166666666666666
74	r0	23.0	0.0	0.0
74	r1	22.66666666666667	0.0	0.0
74	r2	19.666666666666668	0.0	0.0
74	rnapol	0.0	0.0	0.0
75	__protein1_rbs	19.0	0.0	0.0
75	__protein2_rbs	10.666666666666666	0.0	0.0
75	__protein3_rbs	6.0	0.0	0.0
75	__ribosome	24.66666666666667	0.0	0.0
75	__rnase_site_ext	29.0	0.0	0.0
75	p0	0.6666666666666666	0.0	0.0
75	p2	1.0	0.0	0.0
75	protein1	555.0	24.66666666666667	1.325855
75	protein2	330.0	14.333333333333336	1.7360483333333334
75	protein3	176.33333333333337	8.666666666666666	2.033333333333333
75	r0	23.33333333333333	0.0	0.0
75	r1	23.0	0.0	0.0
75	r2	19.666666666666668	0.0	0.0
75	rnapol	0.0	0.0	0.0
76	__protein1_rbs	20.33333333333333	0.0	0.0
76	__protein2_rbs	13.333333333333336	0.0	0.0
76	__protein3_rbs	7.0	0.0	0.0
76	__ribosome	31.0	0.0	0.0
76	__rnase_site_ext	28.66666666666667	0.0	0.0
76	p0	1.0	0.0	0.0
76	p2	1.0	0.0	0.0
76	protein1	565.3333333333334	25.33333333333333	1.2254273333333334
76	protein2	338.0	14.666666666666664	1.5226246666666663
76	protein3	181.0	8.333333333333334	1.8738096666666664
76	r0	23.33333333333333	0.0	0.0
76	r1	22.66666666666667	0.0	0.0
76	r2	19.33333333333333	0.0	0.0
76	rnapol	0.0	0.0	0.0
77	__protein1_rbs	18.33333333333333	0.0	0.0
77	__protein2_rbs	10.0	0.0	0.0
77	__protein3_rbs	6.666666666666668	0.0	0.0
77	__ribosome	27.66666666666667	0.0	0.0
77	__rnase_site_ext	28.0	0.0	0.0
77	p0	1.0	0.0	0.0
77	p2	1.0	0.0	0.0
77	protein1	575.3333333333334	24.33333333333333	1.332774
77	protein2	344.66666666666674	15.0	1.6582203333333332
77	protein3	184.33333333333331	8.333333333333334	1.796428666666667
77	r0	23.0	0.0	0.0
77	r1	23.0	0.0	0.0
77	r2	19.0	0.0	0.0
77	rnapol	0.0	0.0	0.0
78	__protein1_rbs	20.666666666666668	0.0	0.0
78	__protein2_rbs	11.0	0.0	0.0
78	__protein3_rbs	6.666666666666668	0.0	0.0
78	__ribosome	28.33333333333333	0.0	0.0
78	__rnase_site_ext	28.33333333333333	0.0	0.0
78	p0	1.0	0.0	0.0
78	p2	0.6666666666666666	0.0	0.0
78	protein1	587.3333333333334	24.66666666666667	1.1719286666666668
78	protein2	349.0	14.666666666666664	1.8840813333333333
78	protein3	188.33333333333331	8.0	1.9
78	r0	23.66666666666667	0.0	0.0
78	r1	24.0	0.0	0.0
78	r2	18.666666666666668	0.0	0.0
78	rnapol	0.3333333333333333	0.0	0.0
79	__protein1_rbs	18.666666666666668	0.0	0.0
79	__protein2_rbs	13.0	0.0	0.0
79	__protein3_rbs	6.666666666666668	0.0	0.0
79	__ribosome	24.33333333333333	0.0	0.0
79	__rnase_site_ext	28.33333333333333	0.0	0.0
79	p0	1.0	0.0	0.0
79	p2	1.0	0.0	0.0
79	protein1	595.0	24.33333333333333	1.3524636666666667
79	protein2	354.33333333333326	16.0	1.8220553333333331
79	protein3	193.66666666666663	8.333333333333334	1.5904763333333334
79	r0	24.0	0.0	0.0
79	r1	24.33333333333333	0.0	0.0
79	r2	18.33333333333333	0.0	0.0
79	rnapol	0.3333333333333333	0.0	0.0
80	__protein1_rbs	18.666666666666668	0.0	0.0
80	__protein2_rbs	12.333333333333336	0.0	0.0
80	__protein3_rbs	7.666666666666668	0.0	0.0
80	__ribosome	22.66666666666667	0.0	0.0
80	__rnase_site_ext	28.66666666666667	0.0	0.0
80	p0	1.0	0.0	0.0
80	p2	0.6666666666666666	0.0	0.0
80	protein1	606.3333333333334	25.0	1.3279059999999998
80	protein2	360.33333333333326	15.666666666666664	1.9824560000000002
80	protein3	196.66666666666663	8.333333333333334	1.5630953333333333
80	r0	24.33333333333333	0.0	0.0
80	r1	24.66666666666667	0.0	0.0
80	r2	18.666666666666668	0.0	0.0
80	rnapol	0.0	0.0	0.0
81	__protein1_rbs	21.0	0.0	0.0
81	__protein2_rbs	13.0	0.0	0.0
81	__protein3_rbs	7.333333333333332	0.0	0.0
81	__ribosome	25.33333333333333	0.0	0.0
81	__rnase_site_ext	27.66666666666667	0.0	0.0
81	p0	1.0	0.0	0.0
81	p2	0.6666666666666666	0.0	0.0
81	protein1	616.0	24.66666666666667	1.2972223333333333
81	protein2	369.33333333333326	16.0	1.7809523333333332
81	protein3	198.33333333333331	8.666666666666666	1.6957669999999998
81	r0	24.33333333333333	0.0	0.0
81	r1	25.0	0.0	0.0
81	r2	18.666666666666668	0.0	0.0
81	rnapol	0.3333333333333333	0.0	0.0
82	__protein1_rbs	18.666666666666668	0.0	0.0
82	__protein2_rbs	13.0	0.0	0.0
82	__protein3_rbs	6.666666666666668	0.0	0.0
82	__ribosome	26.66666666666667	0.0	0.0
82	__rnase_site_ext	26.33333333333333	0.0	0.0
82	p0	0.6666666666666666	0.0	0.0
82	p2	1.0	0.0	0.0
82	protein1	628.0	24.0	1.3199276666666666
82	protein2	377.66666666666674	16.0	1.654761666666667
82	protein3	202.66666666666663	8.666666666666666	1.7624336666666665
82	r0	22.33333333333333	0.0	0.0
82	r1	25.0	0.0	0.0
82	r2	18.33333333333333	0.0	0.0
82	rnapol	0.0	0.0	0.0
83	__protein1_rbs	19.0	0.0	0.0
83	__protein2_rbs	13.0	0.0	0.0
83	__protein3_rbs	7.0	0.0	0.0
83	__ribosome	28.0	0.0	0.0
83	__rnase_site_ext	27.0	0.0	0.0
83	p0	0.3333333333333333	0.0	0.0
83	p2	1.0	0.0	0.0
83	protein1	637.3333333333334	23.66666666666667	1.3194203333333332
83	protein2	384.66666666666674	15.666666666666664	1.6917296666666666
83	protein3	206.66666666666663	8.333333333333334	1.7023810000000001
83	r0	22.33333333333333	0.0	0.0
83	r1	25.33333333333333	0.0	0.0
83	r2	19.0	0.0	0.0
83	rnapol	0.0	0.0	0.0
84	__protein1_rbs	18.33333333333333	0.0	0.0
84	__protein2_rbs	10.0	0.0	0.0
84	__protein3_rbs	6.666666666666668	0.0	0.0
84	__ribosome	26.33333333333333	0.0	0.0
84	__rnase_site_ext	27.33333333333333	0.0	0.0
84	p0	0.6666666666666666	0.0	0.0
84	p2	1.0	0.0	0.0
84	protein1	648.3333333333334	25.33333333333333	1.229259
84	protein2	392.0	14.333333333333336	1.917044
84	protein3	209.66666666666663	8.333333333333334	1.7809523333333337
84	r0	22.0	0.0	0.0
84	r1	24.0	0.0	0.0
84	r2	19.0	0.0	0.0
84	rnapol	0.0	0.0	0.0
85	__protein1_rbs	21.0	0.0	0.0
85	__protein2_rbs	13.0	0.0	0.0
85	__protein3_rbs	7.333333333333332	0.0	0.0
85	__ribosome	28.66666666666667	0.0	0.0
85	__rnase_site_ext	28.0	0.0	0.0
85	p0	0.6666666666666666	0.0	0.0
85	p2	1.0	0.0	0.0
85	protein1	658.3333333333334	25.33333333333333	1.2876923333333334
85	protein2	398.0	14.333333333333336	1.7933636666666668
85	protein3	213.66666666666663	8.0	1.6285716666666668
85	r0	24.33333333333333	0.0	0.0
85	r1	23.66666666666667	0.0	0.0
85	r2	18.666666666666668	0.0	0.0
85	rnapol	0.0	0.0	0.0
86	__protein1_rbs	19.0	0.0	0.0
86	__protein2_rbs	10.0	0.0	0.0
86	__protein3_rbs	6.333333333333332	0.0	0.0
86	__ribosome	27.0	0.0	0.0
86	__rnase_site_ext	28.33333333333333	0.0	0.0
86	p0	1.0	0.0	0.0
86	p2	1.0	0.0	0.0
86	protein1	667.0	26.0	1.3608926666666663
86	protein2	405.66666666666674	14.0	1.809295
86	protein3	217.0	7.666666666666668	1.620634666666667
86	r0	24.33333333333333	0.0	0.0
86	r1	24.33333333333333	0.0	0.0
86	r2	18.0	0.0	0.0
86	rnapol	0.0	0.0	0.0
87	__protein1_rbs	22.33333333333333	0.0	0.0
87	__protein2_rbs	10.666666666666666	0.0	0.0
87	__protein3_rbs	6.0	0.0	0.0
87	__ribosome	25.33333333333333	0.0	0.0
87	__rnase_site_ext	29.66666666666667	0.0	0.0
87	p0	1.0	0.0	0.0
87	p2	1.0	0.0	0.0
87	protein1	679.0	26.33333333333333	1.265907
87	protein2	412.0	14.666666666666664	1.8561729999999999
87	protein3	219.66666666666663	7.0	2.0357143333333334
87	r0	26.0	0.0	0.0
87	r1	25.0	0.0	0.0
87	r2	18.33333333333333	0.0	0.0
87	rnapol	0.0	0.0	0.0
88	__protein1_rbs	17.333333333333332	0.0	0.0
88	__protein2_rbs	11.666666666666664	0.0	0.0
88	__protein3_rbs	5.666666666666668	0.0	0.0
88	__ribosome	23.0	0.0	0.0
88	__rnase_site_ext	29.0	0.0	0.0
88	p0	1.0	0.0	0.0
88	p2	1.0	0.0	0.0
88	protein1	690.6666666666665	26.66666666666667	1.427825
88	protein2	420.0	15.333333333333336	1.6636903333333333
88	protein3	224.0	7.0	1.904762
88	r0	24.33333333333333	0.0	0.0
88	r1	25.33333333333333	0.0	0.0
88	r2	18.0	0.0	0.0
88	rnapol	0.3333333333333333	0.0	0.0
89	__protein1_rbs	22.66666666666667	0.0	0.0
89	__protein2_rbs	10.666666666666666	0.0	0.0
89	__protein3_rbs	5.666666666666668	0.0	0.0
89	__ribosome	22.33333333333333	0.0	0.0
89	__rnase_site_ext	30.0	0.0	0.0
89	p0	1.0	0.0	0.0
89	p2	1.0	0.0	0.0
89	protein1	700.0	27.0	1.3858363333333334
89	protein2	424.66666666666674	14.666666666666664	1.8126983333333333
89	protein3	226.66666666666663	7.0	1.9404763333333332
89	r0	27.33333333333333	0.0	0.0
89	r1	25.0	0.0	0.0
89	r2	18.0	0.0	0.0
89	rnapol	0.0	0.0	0.0
90	__protein1_rbs	22.33333333333333	0.0	0.0
90	__protein2_rbs	12.666666666666664	0.0	0.0
90	__protein3_rbs	5.333333333333333	0.0	0.0
90	__ribosome	23.0	0.0	0.0
90	__rnase_site_ext	29.66666666666667	0.0	0.0
90	p0	1.0	0.0	0.0
90	p2	0.6666666666666666	0.0	0.0
90	protein1	711.6666666666665	27.33333333333333	1.3534796666666666
90	protein2	432.0	15.333333333333336	1.6277780000000002
90	protein3	229.0	6.666666666666668	2.25
90	r0	26.0	0.0	0.0
90	r1	26.33333333333333	0.0	0.0
90	r2	18.0	0.0	0.0
90	rnapol	0.0	0.0	0.0
91	__protein1_rbs	19.33333333333333	0.0	0.0
91	__protein2_rbs	12.333333333333336	0.0	0.0
91	__protein3_rbs	5.666666666666668	0.0	0.0
91	__ribosome	27.0	0.0	0.0
91	__rnase_site_ext	30.0	0.0	0.0
91	p0	1.0	0.0	0.0
91	p2	0.3333333333333333	0.0	0.0
91	protein1	726.6666666666665	27.0	1.2733333333333334
91	protein2	440.33333333333326	16.0	1.501634
91	protein3	233.0	6.666666666666668	2.2361113333333336
91	r0	25.33333333333333	0.0	0.0
91	r1	26.0	0.0	0.0
91	r2	17.666666666666668	0.0	0.0
91	rnapol	0.0	0.0	0.0
92	__protein1_rbs	21.33333333333333	0.0	0.0
92	__protein2_rbs	14.0	0.0	0.0
92	__protein3_rbs	6.0	0.0	0.0
92	__ribosome	26.66666666666667	0.0	0.0
92	__rnase_site_ext	29.66666666666667	0.0	0.0
92	p0	1.0	0.0	0.0
92	p2	1.0	0.0	0.0
92	protein1	738.3333333333335	27.0	1.2904213333333334
92	protein2	446.0	16.333333333333332	1.4893520000000002
92	protein3	236.66666666666663	7.0	2.0595236666666668
92	r0	26.0	0.0	0.0
92	r1	26.66666666666667	0.0	0.0
92	r2	18.0	0.0	0.0
92	rnapol	0.3333333333333333	0.0	0.0
93	__protein1_rbs	21.66666666666667	0.0	0.0
93	__protein2_rbs	14.0	0.0	0.0
93	__protein3_rbs	5.0	0.0	0.0
93	__ribosome	23.33333333333333	0.0	0.0
93	__rnase_site_ext	29.66666666666667	0.0	0.0
93	p0	1.0	0.0	0.0
93	p2	0.6666666666666666	0.0	0.0
93	protein1	747.3333333333335	27.0	1.428335666666667
93	protein2	453.33333333333326	17.0	1.4453976666666666
93	protein3	241.0	7.333333333333332	1.9444443333333328
93	r0	25.0	0.0	0.0
93	r1	26.66666666666667	0.0	0.0
93	r2	18.0	0.0	0.0
93	rnapol	0.0	0.0	0.0
94	__protein1_rbs	22.33333333333333	0.0	0.0
94	__protein2_rbs	13.333333333333336	0.0	0.0
94	__protein3_rbs	6.666666666666668	0.0	0.0
94	__ribosome	21.66666666666667	0.0	0.0
94	__rnase_site_ext	30.33333333333333	0.0	0.0
94	p0	1.0	0.0	0.0
94	p2	1.0	0.0	0.0
94	protein1	759.6666666666665	27.33333333333333	1.3797533333333334
94	protein2	457.66666666666674	16.666666666666668	1.673611
94	protein3	244.0	7.666666666666668	1.773148
94	r0	27.33333333333333	0.0	0.0
94	r1	26.0	0.0	0.0
94	r2	18.33333333333333	0.0	0.0
94	rnapol	0.0	0.0	0.0
95	__protein1_rbs	23.66666666666667	0.0	0.0
95	__protein2_rbs	14.333333333333336	0.0	0.0
95	__protein3_rbs	4.333333333333333	0.0	0.0
95	__ribosome	22.33333333333333	0.0	0.0
95	__rnase_site_ext	30.33333333333333	0.0	0.0
95	p0	0.6666666666666666	0.0	0.0
95	p2	0.6666666666666666	0.0	0.0
95	protein1	772.3333333333335	27.33333333333333	1.3749503333333333
95	protein2	464.66666666666674	17.0	1.5976306666666666
95	protein3	248.0	7.333333333333332	1.8972223333333331
95	r0	27.0	0.0	0.0
95	r1	26.33333333333333	0.0	0.0
95	r2	18.666666666666668	0.0	0.0
95	rnapol	0.3333333333333333	0.0	0.0
96	__protein1_rbs	20.666666666666668	0.0	0.0
96	__protein2_rbs	12.666666666666664	0.0	0.0
96	__protein3_rbs	5.0	0.0	0.0
96	__ribosome	24.0	0.0	0.0
96	__rnase_site_ext	30.33333333333333	0.0	0.0
96	p0	1.0	0.0	0.0
96	p2	1.0	0.0	0.0
96	protein1	786.6666666666665	28.0	1.3264556666666667
96	protein2	473.66666666666674	16.666666666666668	1.4953703333333337
96	protein3	251.66666666666663	7.333333333333332	1.9601853333333332
96	r0	26.33333333333333	0.0	0.0
96	r1	26.33333333333333	0.0	0.0
96	r2	18.666666666666668	0.0	0.0
96	rnapol	0.3333333333333333	0.0	0.0
97	__protein1_rbs	22.33333333333333	0.0	0.0
97	__protein2_rbs	13.666666666666664	0.0	0.0
97	__protein3_rbs	6.0	0.0	0.0
97	__ribosome	23.33333333333333	0.0	0.0
97	__rnase_site_ext	30.66666666666667	0.0	0.0
97	p0	1.0	0.0	0.0
97	p2	0.6666666666666666	0.0	0.0
97	protein1	798.0	27.66666666666667	1.347797666666667
97	protein2	479.66666666666674	17.0	1.5219296666666666
97	protein3	254.66666666666663	7.0	1.9354496666666667
97	r0	27.0	0.0	0.0
97	r1	26.66666666666667	0.0	0.0
97	r2	18.666666666666668	0.0	0.0
97	rnapol	0.6666666666666666	0.0	0.0
98	__protein1_rbs	23.66666666666667	0.0	0.0
98	__protein2_rbs	14.333333333333336	0.0	0.0
98	__protein3_rbs	5.666666666666668	0.0	0.0
98	__ribosome	20.666666666666668	0.0	0.0
98	__rnase_site_ext	32.0	0.0	0.0
98	p0	0.6666666666666666	0.0	0.0
98	p2	0.6666666666666666	0.0	0.0
98	protein1	811.0	28.66666666666667	1.2864516666666663
98	protein2	486.33333333333326	17.0	1.663889
98	protein3	257.6666666666667	7.0	2.0095236666666665
98	r0	26.66666666666667	0.0	0.0
98	r1	26.66666666666667	0.0	0.0
98	r2	19.0	0.0	0.0
98	rnapol	0.0	0.0	0.0
99	__protein1_rbs	25.66666666666667	0.0	0.0
99	__protein2_rbs	14.333333333333336	0.0	0.0
99	__protein3_rbs	5.333333333333333	0.0	0.0
99	__ribosome	26.0	0.0	0.0
99	__rnase_site_ext	32.666666666666664	0.0	0.0
99	p0	1.0	0.0	0.0
99	p2	1.0	0.0	0.0
99	protein1	824.6666666666665	29.33333333333333	1.0510683333333333
99	protein2	493.0	17.666666666666668	1.6323530000000002
99	protein3	260.6666666666667	7.0	1.9883596666666663
99	r0	28.66666666666667	0.0	0.0
99	r1	27.33333333333333	0.0	0.0
99	r2	19.33333333333333	0.0	0.0
99	rnapol	0.3333333333333333	0.0	0.0
100	__protein1_rbs	21.66666666666667	0.0	0.0
100	__protein2_rbs	13.666666666666664	0.0	0.0
100	__protein3_rbs	5.0	0.0	0.0
100	__ribosome	24.0	0.0	0.0
100	__rnase_site_ext	32.666666666666664	0.0	0.0
100	p0	1.0	0.0	0.0
100	p2	0.6666666666666666	0.0	0.0
100	protein1	835.6666666666665	29.33333333333333	1.2119123333333333
100	protein2	500.66666666666674	18.0	1.5657093333333332
100	protein3	265.6666666666667	7.0	1.779894
100	r0	27.0	0.0	0.0
100	r1	28.0	0.0	0.0
100	r2	19.33333333333333	0.0	0.0
100	rnapol	0.0	0.0	0.0
101	__protein1_rbs	24.0	0.0	0.0
101	__protein2_rbs	13.0	0.0	0.0
101	__protein3_rbs	6.0	0.0	0.0
101	__ribosome	20.0	0.0	0.0
101	__rnase_site_ext	32.333333333333336	0.0	0.0
101	p0	0.6666666666666666	0.0	0.0
101	p2	1.0	0.0	0.0
101	protein1	848.0	29.66666666666667	1.3073043333333334
101	protein2	508.0	18.0	1.6431369999999998
101	protein3	268.6666666666667	7.0	1.6656083333333334
101	r0	27.66666666666667	0.0	0.0
101	r1	27.66666666666667	0.0	0.0
101	r2	19.666666666666668	0.0	0.0
101	rnapol	0.0	0.0	0.0
102	__protein1_rbs	24.33333333333333	0.0	0.0
102	__protein2_rbs	15.0	0.0	0.0
102	__protein3_rbs	6.0	0.0	0.0
102	__ribosome	18.33333333333333	0.0	0.0
102	__rnase_site_ext	33.333333333333336	0.0	0.0
102	p0	1.0	0.0	0.0
102	p2	0.3333333333333333	0.0	0.0
102	protein1	856.3333333333335	30.33333333333333	1.3978739999999998
102	protein2	515.3333333333334	18.0	1.6041666666666667
102	protein3	271.0	6.666666666666668	1.6452380000000002
102	r0	29.33333333333333	0.0	0.0
102	r1	28.0	0.0	0.0
102	r2	19.666666666666668	0.0	0.0
102	rnapol	0.0	0.0	0.0
103	__protein1_rbs	24.0	0.0	0.0
103	__protein2_rbs	14.0	0.0	0.0
103	__protein3_rbs	5.666666666666668	0.0	0.0
103	__ribosome	20.33333333333333	0.0	0.0
103	__rnase_site_ext	32.666666666666664	0.0	0.0
103	p0	1.0	0.0	0.0
103	p2	1.0	0.0	0.0
103	protein1	870.6666666666665	30.33333333333333	1.3558116666666666
103	protein2	523.0	18.0	1.6039216666666667
103	protein3	274.6666666666667	6.666666666666668	1.4761903333333333
103	r0	28.66666666666667	0.0	0.0
103	r1	27.66666666666667	0.0	0.0
103	r2	20.666666666666668	0.0	0.0
103	rnapol	0.6666666666666666	0.0	0.0
104	__protein1_rbs	25.0	0.0	0.0
104	__protein2_rbs	16.0	0.0	0.0
104	__protein3_rbs	5.333333333333333	0.0	0.0
104	__ribosome	20.666666666666668	0.0	0.0
104	__rnase_site_ext	34.0	0.0	0.0
104	p0	1.0	0.0	0.0
104	p2	1.0	0.0	0.0
104	protein1	886.3333333333335	30.33333333333333	1.2682643333333334
104	protein2	530.0	18.666666666666668	1.6111110000000002
104	protein3	278.0	7.0	1.4083333333333332
104	r0	28.33333333333333	0.0	0.0
104	r1	28.0	0.0	0.0
104	r2	20.666666666666668	0.0	0.0
104	rnapol	0.0	0.0	0.0
105	__protein1_rbs	24.33333333333333	0.0	0.0
105	__protein2_rbs	14.333333333333336	0.0	0.0
105	__protein3_rbs	6.0	0.0	0.0
105	__ribosome	22.33333333333333	0.0	0.0
105	__rnase_site_ext	32.666666666666664	0.0	0.0
105	p0	0.6666666666666666	0.0	0.0
105	p2	1.0	0.0	0.0
105	protein1	899.6666666666665	29.33333333333333	1.2879456666666669
105	protein2	538.3333333333334	18.666666666666668	1.5351696666666668
105	protein3	280.6666666666667	7.333333333333332	1.486111
105	r0	27.66666666666667	0.0	0.0
105	r1	28.66666666666667	0.0	0.0
105	r2	21.0	0.0	0.0
105	rnapol	0.0	0.0	0.0
106	__protein1_rbs	24.66666666666667	0.0	0.0
106	__protein2_rbs	16.666666666666668	0.0	0.0
106	__protein3_rbs	6.333333333333332	0.0	0.0
106	__ribosome	24.66666666666667	0.0	0.0
106	__rnase_site_ext	33.0	0.0	0.0
106	p0	1.0	0.0	0.0
106	p2	1.0	0.0	0.0
106	protein1	913.3333333333335	29.33333333333333	1.2142266666666668
106	protein2	545.6666666666666	18.666666666666668	1.452230666666667
106	protein3	282.0	7.0	1.7916666666666667
106	r0	28.33333333333333	0.0	0.0
106	r1	28.33333333333333	0.0	0.0
106	r2	21.66666666666667	0.0	0.0
106	rnapol	0.3333333333333333	0.0	0.0
107	__protein1_rbs	22.66666666666667	0.0	0.0
107	__protein2_rbs	15.333333333333336	0.0	0.0
107	__protein3_rbs	4.333333333333333	0.0	0.0
107	__ribosome	21.33333333333333	0.0	0.0
107	__rnase_site_ext	33.333333333333336	0.0	0.0
107	p0	0.3333333333333333	0.0	0.0
107	p2	1.0	0.0	0.0
107	protein1	926.0	29.33333333333333	1.2547563333333334
107	protein2	553.6666666666666	18.666666666666668	1.4038296666666668
107	protein3	284.6666666666667	7.333333333333332	2.125
107	r0	29.66666666666667	0.0	0.0
107	r1	28.66666666666667	0.0	0.0
107	r2	21.66666666666667	0.0	0.0
107	rnapol	0.0	0.0	0.0
108	__protein1_rbs	25.0	0.0	0.0
108	__protein2_rbs	14.333333333333336	0.0	0.0
108	__protein3_rbs	6.333333333333332	0.0	0.0
108	__ribosome	19.33333333333333	0.0	0.0
108	__rnase_site_ext	33.666666666666664	0.0	0.0
108	p0	0.6666666666666666	0.0	0.0
108	p2	1.0	0.0	0.0
108	protein1	937.3333333333335	30.0	1.2441010000000001
108	protein2	561.0	18.33333333333333	1.5188493333333335
108	protein3	287.6666666666667	7.333333333333332	2.0277776666666667
108	r0	29.0	0.0	0.0
108	r1	28.66666666666667	0.0	0.0
108	r2	22.0	0.0	0.0
108	rnapol	0.3333333333333333	0.0	0.0
109	__protein1_rbs	24.66666666666667	0.0	0.0
109	__protein2_rbs	13.666666666666664	0.0	0.0
109	__protein3_rbs	6.333333333333332	0.0	0.0
109	__ribosome	20.0	0.0	0.0
109	__rnase_site_ext	34.0	0.0	0.0
109	p0	1.0	0.0	0.0
109	p2	1.0	0.0	0.0
109	protein1	950.0	30.66666666666667	1.170699
109	protein2	568.6666666666666	19.0	1.585516
109	protein3	291.3333333333333	7.666666666666668	1.845238
109	r0	30.0	0.0	0.0
109	r1	29.0	0.0	0.0
109	r2	22.33333333333333	0.0	0.0
109	rnapol	0.0	0.0	0.0
110	__protein1_rbs	25.33333333333333	0.0	0.0
110	__protein2_rbs	15.333333333333336	0.0	0.0
110	__protein3_rbs	6.666666666666668	0.0	0.0
110	__ribosome	21.33333333333333	0.0	0.0
110	__rnase_site_ext	33.666666666666664	0.0	0.0
110	p0	0.3333333333333333	0.0	0.0
110	p2	1.0	0.0	0.0
110	protein1	962.3333333333335	30.66666666666667	1.1621709999999998
110	protein2	575.0	19.0	1.6255953333333333
110	protein3	295.3333333333333	8.0	1.5416666666666667
110	r0	29.33333333333333	0.0	0.0
110	r1	29.33333333333333	0.0	0.0
110	r2	21.0	0.0	0.0
110	rnapol	0.0	0.0	0.0
111	__protein1_rbs	24.66666666666667	0.0	0.0
111	__protein2_rbs	16.0	0.0	0.0
111	__protein3_rbs	5.666666666666668	0.0	0.0
111	__ribosome	22.66666666666667	0.0	0.0
111	__rnase_site_ext	34.0	0.0	0.0
111	p0	0.6666666666666666	0.0	0.0
111	p2	1.0	0.0	0.0
111	protein1	974.6666666666665	31.0	1.165404
111	protein2	584.0	19.33333333333333	1.5761363333333334
111	protein3	299.6666666666667	7.333333333333332	1.529762
111	r0	29.0	0.0	0.0
111	r1	29.33333333333333	0.0	0.0
111	r2	21.0	0.0	0.0
111	rnapol	0.3333333333333333	0.0	0.0
112	__protein1_rbs	26.33333333333333	0.0	0.0
112	__protein2_rbs	15.666666666666664	0.0	0.0
112	__protein3_rbs	7.0	0.0	0.0
112	__ribosome	21.33333333333333	0.0	0.0
112	__rnase_site_ext	34.666666666666664	0.0	0.0
112	p0	0.3333333333333333	0.0	0.0
112	p2	1.0	0.0	0.0
112	protein1	987.3333333333335	31.0	1.2030986666666668
112	protein2	590.0	19.33333333333333	1.6425770000000002
112	protein3	302.3333333333333	7.666666666666668	1.297619
112	r0	30.66666666666667	0.0	0.0
112	r1	29.33333333333333	0.0	0.0
112	r2	20.33333333333333	0.0	0.0
112	rnapol	0.0	0.0	0.0
113	__protein1_rbs	25.33333333333333	0.0	0.0
113	__protein2_rbs	15.0	0.0	0.0
113	__protein3_rbs	5.666666666666668	0.0	0.0
113	__ribosome	22.66666666666667	0.0	0.0
113	__rnase_site_ext	33.0	0.0	0.0
113	p0	1.0	0.0	0.0
113	p2	1.0	0.0	0.0
113	protein1	999.6666666666665	30.66666666666667	1.190944
113	protein2	599.6666666666666	18.666666666666668	1.6021673333333333
113	protein3	305.3333333333333	7.333333333333332	1.4940476666666669
113	r0	29.0	0.0	0.0
113	r1	29.0	0.0	0.0
113	r2	20.666666666666668	0.0	0.0
113	rnapol	0.3333333333333333	0.0	0.0
114	__protein1_rbs	24.33333333333333	0.0	0.0
114	__protein2_rbs	14.333333333333336	0.0	0.0
114	__protein3_rbs	5.333333333333333	0.0	0.0
114	__ribosome	19.666666666666668	0.0	0.0
114	__rnase_site_ext	34.0	0.0	0.0
114	p0	1.0	0.0	0.0
114	p2	1.0	0.0	0.0
114	protein1	1012.0	30.66666666666667	1.2478523333333331
114	protein2	609.0	18.666666666666668	1.5718266666666665
114	protein3	308.0	7.333333333333332	1.8154763333333332
114	r0	29.66666666666667	0.0	0.0
114	r1	29.33333333333333	0.0	0.0
114	r2	20.666666666666668	0.0	0.0
114	rnapol	0.0	0.0	0.0
115	__protein1_rbs	26.0	0.0	0.0
115	__protein2_rbs	15.0	0.0	0.0
115	__protein3_rbs	7.0	0.0	0.0
115	__ribosome	21.0	0.0	0.0
115	__rnase_site_ext	34.0	0.0	0.0
115	p0	1.0	0.0	0.0
115	p2	1.0	0.0	0.0
115	protein1	1024.3333333333333	30.66666666666667	1.1544816666666666
115	protein2	617.0	19.0	1.6333333333333335
115	protein3	310.6666666666667	7.666666666666668	1.7261903333333333
115	r0	28.66666666666667	0.0	0.0
115	r1	29.66666666666667	0.0	0.0
115	r2	21.0	0.0	0.0
115	rnapol	0.6666666666666666	0.0	0.0
116	__protein1_rbs	25.0	0.0	0.0
116	__protein2_rbs	17.333333333333332	0.0	0.0
116	__protein3_rbs	6.666666666666668	0.0	0.0
116	__ribosome	20.0	0.0	0.0
116	__rnase_site_ext	33.333333333333336	0.0	0.0
116	p0	0.6666666666666666	0.0	0.0
116	p2	1.0	0.0	0.0
116	protein1	1037.0	30.66666666666667	1.177268
116	protein2	624.0	19.666666666666668	1.5605263333333337
116	protein3	312.6666666666667	8.0	1.6798939999999998
116	r0	28.66666666666667	0.0	0.0
116	r1	30.33333333333333	0.0	0.0
116	r2	21.0	0.0	0.0
116	rnapol	0.0	0.0	0.0
117	__protein1_rbs	26.33333333333333	0.0	0.0
117	__protein2_rbs	15.0	0.0	0.0
117	__protein3_rbs	6.333333333333332	0.0	0.0
117	__ribosome	20.33333333333333	0.0	0.0
117	__rnase_site_ext	33.0	0.0	0.0
117	p0	1.0	0.0	0.0
117	p2	1.0	0.0	0.0
117	protein1	1049.0	31.0	1.168234
117	protein2	632.6666666666666	20.33333333333333	1.5296576666666668
117	protein3	316.6666666666667	8.0	1.5628306666666667
117	r0	29.0	0.0	0.0
117	r1	30.66666666666667	0.0	0.0
117	r2	21.0	0.0	0.0
117	rnapol	0.0	0.0	0.0
118	__protein1_rbs	22.66666666666667	0.0	0.0
118	__protein2_rbs	16.666666666666668	0.0	0.0
118	__protein3_rbs	6.333333333333332	0.0	0.0
118	__ribosome	18.0	0.0	0.0
118	__rnase_site_ext	34.333333333333336	0.0	0.0
118	p0	1.0	0.0	0.0
118	p2	0.6666666666666666	0.0	0.0
118	protein1	1060.0	30.33333333333333	1.2755146666666668
118	protein2	640.3333333333334	20.33333333333333	1.578947333333333
118	protein3	321.0	8.0	1.4305556666666668
118	r0	28.66666666666667	0.0	0.0
118	r1	30.0	0.0	0.0
118	r2	21.66666666666667	0.0	0.0
118	rnapol	0.3333333333333333	0.0	0.0
119	__protein1_rbs	25.66666666666667	0.0	0.0
119	__protein2_rbs	15.666666666666664	0.0	0.0
119	__protein3_rbs	6.333333333333332	0.0	0.0
119	__ribosome	22.0	0.0	0.0
119	__rnase_site_ext	33.333333333333336	0.0	0.0
119	p0	1.0	0.0	0.0
119	p2	0.6666666666666666	0.0	0.0
119	protein1	1074.6666666666667	31.33333333333333	1.0956293333333331
119	protein2	650.6666666666666	20.33333333333333	1.6282373333333335
119	protein3	324.3333333333333	8.0	1.3564813333333332
119	r0	29.0	0.0	0.0
119	r1	30.0	0.0	0.0
119	r2	20.666666666666668	0.0	0.0
119	rnapol	0.3333333333333333	0.0	0.0
120	__protein1_rbs	25.0	0.0	0.0
120	__protein2_rbs	16.0	0.0	0.0
120	__protein3_rbs	5.666666666666668	0.0	0.0
120	__ribosome	18.666666666666668	0.0	0.0
120	__rnase_site_ext	34.333333333333336	0.0	0.0
120	p0	1.0	0.0	0.0
120	p2	0.0	0.0	0.0
120	protein1	1086.6666666666667	31.0	1.0582063333333334
120	protein2	657.0	20.666666666666668	1.7469696666666668
120	protein3	326.3333333333333	7.666666666666668	1.6845236666666663
120	r0	29.0	0.0	0.0
120	r1	30.0	0.0	0.0
120	r2	21.0	0.0	0.0
120	rnapol	0.0	0.0	0.0
121	__protein1_rbs	25.33333333333333	0.0	0.0
121	__protein2_rbs	17.333333333333332	0.0	0.0
121	__protein3_rbs	6.666666666666668	0.0	0.0
121	__ribosome	17.333333333333332	0.0	0.0
121	__rnase_site_ext	34.0	0.0	0.0
121	p0	1.0	0.0	0.0
121	p2	1.0	0.0	0.0
121	protein1	1098.0	31.0	1.1151280000000001
121	protein2	665.3333333333334	20.666666666666668	1.6833333333333331
121	protein3	329.0	8.333333333333334	1.6342593333333333
121	r0	29.33333333333333	0.0	0.0
121	r1	29.66666666666667	0.0	0.0
121	r2	21.66666666666667	0.0	0.0
121	rnapol	0.0	0.0	0.0
122	__protein1_rbs	25.33333333333333	0.0	0.0
122	__protein2_rbs	16.0	0.0	0.0
122	__protein3_rbs	7.333333333333332	0.0	0.0
122	__ribosome	19.666666666666668	0.0	0.0
122	__rnase_site_ext	34.0	0.0	0.0
122	p0	1.0	0.0	0.0
122	p2	0.6666666666666666	0.0	0.0
122	protein1	1109.3333333333333	30.33333333333333	1.2224756666666667
122	protein2	676.3333333333334	21.0	1.5509259999999998
122	protein3	333.0	8.333333333333334	1.4027776666666665
122	r0	30.33333333333333	0.0	0.0
122	r1	30.0	0.0	0.0
122	r2	21.33333333333333	0.0	0.0
122	rnapol	0.0	0.0	0.0
123	__protein1_rbs	24.66666666666667	0.0	0.0
123	__protein2_rbs	16.333333333333332	0.0	0.0
123	__protein3_rbs	6.333333333333332	0.0	0.0
123	__ribosome	18.33333333333333	0.0	0.0
123	__rnase_site_ext	33.333333333333336	0.0	0.0
123	p0	1.0	0.0	0.0
123	p2	0.3333333333333333	0.0	0.0
123	protein1	1120.3333333333333	30.33333333333333	1.245706
123	protein2	687.0	20.666666666666668	1.4625026666666665
123	protein3	334.6666666666667	8.666666666666666	1.6666666666666667
123	r0	29.33333333333333	0.0	0.0
123	r1	30.33333333333333	0.0	0.0
123	r2	21.66666666666667	0.0	0.0
123	rnapol	0.0	0.0	0.0
124	__protein1_rbs	25.33333333333333	0.0	0.0
124	__protein2_rbs	17.666666666666668	0.0	0.0
124	__protein3_rbs	7.333333333333332	0.0	0.0
124	__ribosome	22.66666666666667	0.0	0.0
124	__rnase_site_ext	34.333333333333336	0.0	0.0
124	p0	0.6666666666666666	0.0	0.0
124	p2	1.0	0.0	0.0
124	protein1	1133.3333333333333	30.0	1.120563
124	protein2	695.0	21.0	1.4734663333333335
124	protein3	339.0	8.666666666666666	1.5583333333333331
124	r0	30.0	0.0	0.0
124	r1	30.33333333333333	0.0	0.0
124	r2	22.66666666666667	0.0	0.0
124	rnapol	0.3333333333333333	0.0	0.0
125	__protein1_rbs	26.0	0.0	0.0
125	__protein2_rbs	15.0	0.0	0.0
125	__protein3_rbs	7.333333333333332	0.0	0.0
125	__ribosome	20.666666666666668	0.0	0.0
125	__rnase_site_ext	33.333333333333336	0.0	0.0
125	p0	1.0	0.0	0.0
125	p2	1.0	0.0	0.0
125	protein1	1147.3333333333333	30.33333333333333	1.0921513333333333
125	protein2	703.3333333333335	20.0	1.717766
125	protein3	342.6666666666667	8.666666666666666	1.4666666666666668
125	r0	29.33333333333333	0.0	0.0
125	r1	30.0	0.0	0.0
125	r2	23.33333333333333	0.0	0.0
125	rnapol	0.3333333333333333	0.0	0.0
126	__protein1_rbs	26.0	0.0	0.0
126	__protein2_rbs	17.0	0.0	0.0
126	__protein3_rbs	7.0	0.0	0.0
126	__ribosome	19.33333333333333	0.0	0.0
126	__rnase_site_ext	34.0	0.0	0.0
126	p0	0.6666666666666666	0.0	0.0
126	p2	1.0	0.0	0.0
126	protein1	1158.0	30.66666666666667	1.1137566666666665
126	protein2	711.0	20.33333333333333	1.6880573333333333
126	protein3	345.66666666666674	8.666666666666666	1.4833333333333334
126	r0	30.0	0.0	0.0
126	r1	29.33333333333333	0.0	0.0
126	r2	23.33333333333333	0.0	0.0
126	rnapol	0.0	0.0	0.0
127	__protein1_rbs	25.33333333333333	0.0	0.0
127	__protein2_rbs	17.0	0.0	0.0
127	__protein3_rbs	7.333333333333332	0.0	0.0
127	__ribosome	21.33333333333333	0.0	0.0
127	__rnase_site_ext	34.0	0.0	0.0
127	p0	1.0	0.0	0.0
127	p2	0.6666666666666666	0.0	0.0
127	protein1	1168.3333333333333	30.66666666666667	1.1403943333333333
127	protein2	721.0	19.666666666666668	1.5874820000000005
127	protein3	348.33333333333326	8.333333333333334	1.567857
127	r0	29.66666666666667	0.0	0.0
127	r1	29.66666666666667	0.0	0.0
127	r2	23.0	0.0	0.0
127	rnapol	0.0	0.0	0.0
128	__protein1_rbs	24.0	0.0	0.0
128	__protein2_rbs	17.333333333333332	0.0	0.0
128	__protein3_rbs	5.666666666666668	0.0	0.0
128	__ribosome	21.66666666666667	0.0	0.0
128	__rnase_site_ext	33.0	0.0	0.0
128	p0	0.6666666666666666	0.0	0.0
128	p2	0.6666666666666666	0.0	0.0
128	protein1	1181.3333333333333	30.0	1.1278009999999998
128	protein2	729.6666666666665	20.666666666666668	1.451987666666667
128	protein3	352.33333333333326	8.333333333333334	1.7190476666666663
128	r0	28.33333333333333	0.0	0.0
128	r1	30.0	0.0	0.0
128	r2	23.33333333333333	0.0	0.0
128	rnapol	0.3333333333333333	0.0	0.0
129	__protein1_rbs	26.0	0.0	0.0
129	__protein2_rbs	16.666666666666668	0.0	0.0
129	__protein3_rbs	7.333333333333332	0.0	0.0
129	__ribosome	24.0	0.0	0.0
129	__rnase_site_ext	33.666666666666664	0.0	0.0
129	p0	0.3333333333333333	0.0	0.0
129	p2	1.0	0.0	0.0
129	protein1	1192.6666666666667	30.0	1.0847923333333334
129	protein2	740.6666666666665	21.0	1.3366756666666666
129	protein3	355.33333333333326	8.666666666666666	1.721693
129	r0	29.33333333333333	0.0	0.0
129	r1	31.0	0.0	0.0
129	r2	23.0	0.0	0.0
129	rnapol	0.0	0.0	0.0
130	__protein1_rbs	23.66666666666667	0.0	0.0
130	__protein2_rbs	17.666666666666668	0.0	0.0
130	__protein3_rbs	8.333333333333334	0.0	0.0
130	__ribosome	23.33333333333333	0.0	0.0
130	__rnase_site_ext	34.0	0.0	0.0
130	p0	1.0	0.0	0.0
130	p2	0.3333333333333333	0.0	0.0
130	protein1	1205.0	30.66666666666667	1.110114
130	protein2	748.6666666666665	21.0	1.34997
130	protein3	359.0	8.666666666666666	1.6037036666666669
130	r0	29.33333333333333	0.0	0.0
130	r1	30.0	0.0	0.0
130	r2	22.66666666666667	0.0	0.0
130	rnapol	0.0	0.0	0.0
131	__protein1_rbs	25.0	0.0	0.0
131	__protein2_rbs	15.666666666666664	0.0	0.0
131	__protein3_rbs	7.333333333333332	0.0	0.0
131	__ribosome	22.33333333333333	0.0	0.0
131	__rnase_site_ext	33.666666666666664	0.0	0.0
131	p0	1.0	0.0	0.0
131	p2	0.6666666666666666	0.0	0.0
131	protein1	1217.0	30.33333333333333	1.1192593333333332
131	protein2	754.6666666666665	20.0	1.5837629999999998
131	protein3	363.0	8.666666666666666	1.4333333333333331
131	r0	29.66666666666667	0.0	0.0
131	r1	29.66666666666667	0.0	0.0
131	r2	22.66666666666667	0.0	0.0
131	rnapol	0.6666666666666666	0.0	0.0
132	__protein1_rbs	24.66666666666667	0.0	0.0
132	__protein2_rbs	16.666666666666668	0.0	0.0
132	__protein3_rbs	6.666666666666668	0.0	0.0
132	__ribosome	21.66666666666667	0.0	0.0
132	__rnase_site_ext	33.666666666666664	0.0	0.0
132	p0	0.3333333333333333	0.0	0.0
132	p2	0.3333333333333333	0.0	0.0
132	protein1	1227.0	30.33333333333333	1.2025923333333337
132	protein2	764.0	20.33333333333333	1.4593603333333334
132	protein3	367.0	8.666666666666666	1.362963
132	r0	28.66666666666667	0.0	0.0
132	r1	30.33333333333333	0.0	0.0
132	r2	23.66666666666667	0.0	0.0
132	rnapol	0.6666666666666666	0.0	0.0
133	__protein1_rbs	24.66666666666667	0.0	0.0
133	__protein2_rbs	16.333333333333332	0.0	0.0
133	__protein3_rbs	9.0	0.0	0.0
133	__ribosome	24.66666666666667	0.0	0.0
133	__rnase_site_ext	35.333333333333336	0.0	0.0
133	p0	1.0	0.0	0.0
133	p2	1.0	0.0	0.0
133	protein1	1241.6666666666667	31.66666666666667	1.081791333333333
133	protein2	773.3333333333335	20.33333333333333	1.4985760000000001
133	protein3	371.33333333333326	9.666666666666666	1.1189393333333333
133	r0	30.33333333333333	0.0	0.0
133	r1	29.66666666666667	0.0	0.0
133	r2	23.66666666666667	0.0	0.0
133	rnapol	0.0	0.0	0.0
134	__protein1_rbs	24.66666666666667	0.0	0.0
134	__protein2_rbs	16.333333333333332	0.0	0.0
134	__protein3_rbs	7.333333333333332	0.0	0.0
134	__ribosome	19.666666666666668	0.0	0.0
134	__rnase_site_ext	34.666666666666664	0.0	0.0
134	p0	1.0	0.0	0.0
134	p2	1.0	0.0	0.0
134	protein1	1252.6666666666667	31.0	1.2154530000000001
134	protein2	781.3333333333335	19.33333333333333	1.577037
134	protein3	374.0	9.333333333333334	1.3833333333333335
134	r0	28.33333333333333	0.0	0.0
134	r1	28.33333333333333	0.0	0.0
134	r2	23.66666666666667	0.0	0.0
134	rnapol	0.0	0.0	0.0
135	__protein1_rbs	24.0	0.0	0.0
135	__protein2_rbs	17.0	0.0	0.0
135	__protein3_rbs	8.333333333333334	0.0	0.0
135	__ribosome	18.33333333333333	0.0	0.0
135	__rnase_site_ext	34.333333333333336	0.0	0.0
135	p0	1.0	0.0	0.0
135	p2	1.0	0.0	0.0
135	protein1	1265.3333333333333	30.66666666666667	1.243354
135	protein2	789.0	19.33333333333333	1.5070176666666668
135	protein3	376.0	9.333333333333334	1.5666666666666669
135	r0	29.33333333333333	0.0	0.0
135	r1	28.33333333333333	0.0	0.0
135	r2	24.0	0.0	0.0
135	rnapol	0.6666666666666666	0.0	0.0
136	__protein1_rbs	23.66666666666667	0.0	0.0
136	__protein2_rbs	16.0	0.0	0.0
136	__protein3_rbs	8.0	0.0	0.0
136	__ribosome	20.0	0.0	0.0
136	__rnase_site_ext	35.0	0.0	0.0
136	p0	1.0	0.0	0.0
136	p2	1.0	0.0	0.0
136	protein1	1278.0	31.0	1.272785
136	protein2	799.3333333333335	20.0	1.3694560000000002
136	protein3	380.66666666666674	10.0	1.4117843333333333
136	r0	28.66666666666667	0.0	0.0
136	r1	29.66666666666667	0.0	0.0
136	r2	24.0	0.0	0.0
136	rnapol	0.3333333333333333	0.0	0.0
137	__protein1_rbs	25.33333333333333	0.0	0.0
137	__protein2_rbs	15.666666666666664	0.0	0.0
137	__protein3_rbs	8.0	0.0	0.0
137	__ribosome	18.666666666666668	0.0	0.0
137	__rnase_site_ext	35.333333333333336	0.0	0.0
137	p0	1.0	0.0	0.0
137	p2	1.0	0.0	0.0
137	protein1	1291.0	32.0	1.2142753333333334
137	protein2	807.3333333333335	20.0	1.4093406666666664
137	protein3	383.66666666666674	10.0	1.5902356666666666
137	r0	30.66666666666667	0.0	0.0
137	r1	29.33333333333333	0.0	0.0
137	r2	23.0	0.0	0.0
137	rnapol	0.0	0.0	0.0
138	__protein1_rbs	25.0	0.0	0.0
138	__protein2_rbs	16.666666666666668	0.0	0.0
138	__protein3_rbs	7.333333333333332	0.0	0.0
138	__ribosome	20.33333333333333	0.0	0.0
138	__rnase_site_ext	36.0	0.0	0.0
138	p0	0.6666666666666666	0.0	0.0
138	p2	1.0	0.0	0.0
138	protein1	1306.3333333333333	32.0	1.1727936666666663
138	protein2	814.6666666666665	20.0	1.3970696666666669
138	protein3	388.33333333333326	9.333333333333334	1.6916666666666669
138	r0	30.66666666666667	0.0	0.0
138	r1	29.33333333333333	0.0	0.0
138	r2	23.33333333333333	0.0	0.0
138	rnapol	0.3333333333333333	0.0	0.0
139	__protein1_rbs	27.0	0.0	0.0
139	__protein2_rbs	18.0	0.0	0.0
139	__protein3_rbs	7.666666666666668	0.0	0.0
139	__ribosome	19.666666666666668	0.0	0.0
139	__rnase_site_ext	35.666666666666664	0.0	0.0
139	p0	1.0	0.0	0.0
139	p2	1.0	0.0	0.0
139	protein1	1319.6666666666667	32.666666666666664	1.153878
139	protein2	821.3333333333335	20.33333333333333	1.3467643333333337
139	protein3	391.66666666666674	9.333333333333334	1.8083333333333331
139	r0	31.33333333333333	0.0	0.0
139	r1	30.66666666666667	0.0	0.0
139	r2	23.33333333333333	0.0	0.0
139	rnapol	0.0	0.0	0.0
140	__protein1_rbs	29.0	0.0	0.0
140	__protein2_rbs	17.666666666666668	0.0	0.0
140	__protein3_rbs	6.0	0.0	0.0
140	__ribosome	18.0	0.0	0.0
140	__rnase_site_ext	37.333333333333336	0.0	0.0
140	p0	1.0	0.0	0.0
140	p2	1.0	0.0	0.0
140	protein1	1332.3333333333333	33.333333333333336	1.1084186666666669
140	protein2	828.0	21.33333333333333	1.2921783333333332
140	protein3	395.33333333333326	9.333333333333334	2.010522
140	r0	33.333333333333336	0.0	0.0
140	r1	30.0	0.0	0.0
140	r2	23.0	0.0	0.0
140	rnapol	0.3333333333333333	0.0	0.0
141	__protein1_rbs	27.0	0.0	0.0
141	__protein2_rbs	16.666666666666668	0.0	0.0
141	__protein3_rbs	7.0	0.0	0.0
141	__ribosome	22.0	0.0	0.0
141	__rnase_site_ext	36.66666666666666	0.0	0.0
141	p0	1.0	0.0	0.0
141	p2	1.0	0.0	0.0
141	protein1	1346.0	33.666666666666664	1.1150326666666668
141	protein2	838.3333333333335	20.0	1.2052276666666666
141	protein3	400.66666666666674	9.0	1.9480520000000001
141	r0	32.0	0.0	0.0
141	r1	29.33333333333333	0.0	0.0
141	r2	22.66666666666667	0.0	0.0
141	rnapol	0.0	0.0	0.0
142	__protein1_rbs	26.66666666666667	0.0	0.0
142	__protein2_rbs	15.333333333333336	0.0	0.0
142	__protein3_rbs	7.0	0.0	0.0
142	__ribosome	19.33333333333333	0.0	0.0
142	__rnase_site_ext	37.0	0.0	0.0
142	p0	0.6666666666666666	0.0	0.0
142	p2	1.0	0.0	0.0
142	protein1	1360.3333333333333	33.666666666666664	1.1312313333333337
142	protein2	845.0	20.33333333333333	1.3519433333333335
142	protein3	406.33333333333326	9.0	1.7378546666666663
142	r0	32.666666666666664	0.0	0.0
142	r1	30.33333333333333	0.0	0.0
142	r2	22.33333333333333	0.0	0.0
142	rnapol	0.6666666666666666	0.0	0.0
143	__protein1_rbs	29.66666666666667	0.0	0.0
143	__protein2_rbs	18.33333333333333	0.0	0.0
143	__protein3_rbs	7.666666666666668	0.0	0.0
143	__ribosome	15.333333333333336	0.0	0.0
143	__rnase_site_ext	38.0	0.0	0.0
143	p0	1.0	0.0	0.0
143	p2	1.0	0.0	0.0
143	protein1	1370.6666666666667	34.666666666666664	1.1944443333333334
143	protein2	851.3333333333335	21.0	1.337651666666667
143	protein3	409.66666666666674	8.666666666666666	1.859848333333333
143	r0	33.333333333333336	0.0	0.0
143	r1	31.33333333333333	0.0	0.0
143	r2	23.0	0.0	0.0
143	rnapol	0.0	0.0	0.0
144	__protein1_rbs	29.0	0.0	0.0
144	__protein2_rbs	16.333333333333332	0.0	0.0
144	__protein3_rbs	8.0	0.0	0.0
144	__ribosome	18.0	0.0	0.0
144	__rnase_site_ext	38.66666666666666	0.0	0.0
144	p0	0.6666666666666666	0.0	0.0
144	p2	0.6666666666666666	0.0	0.0
144	protein1	1386.333333333333	35.0	1.105874
144	protein2	860.0	21.66666666666667	1.3935889999999995
144	protein3	413.33333333333326	9.0	1.5791246666666667
144	r0	34.0	0.0	0.0
144	r1	31.66666666666667	0.0	0.0
144	r2	23.0	0.0	0.0
144	rnapol	0.0	0.0	0.0
145	__protein1_rbs	28.66666666666667	0.0	0.0
145	__protein2_rbs	16.0	0.0	0.0
145	__protein3_rbs	7.333333333333332	0.0	0.0
145	__ribosome	14.666666666666664	0.0	0.0
145	__rnase_site_ext	38.333333333333336	0.0	0.0
145	p0	1.0	0.0	0.0
145	p2	1.0	0.0	0.0
145	protein1	1399.666666666667	34.666666666666664	1.1311919999999998
145	protein2	865.6666666666665	21.66666666666667	1.6185850000000002
145	protein3	418.66666666666674	9.0	1.310606
145	r0	34.666666666666664	0.0	0.0
145	r1	32.0	0.0	0.0
145	r2	23.66666666666667	0.0	0.0
145	rnapol	0.0	0.0	0.0
146	__protein1_rbs	29.33333333333333	0.0	0.0
146	__protein2_rbs	19.666666666666668	0.0	0.0
146	__protein3_rbs	7.666666666666668	0.0	0.0
146	__ribosome	17.0	0.0	0.0
146	__rnase_site_ext	39.0	0.0	0.0
146	p0	1.0	0.0	0.0
146	p2	0.3333333333333333	0.0	0.0
146	protein1	1412.0	34.666666666666664	1.184662
146	protein2	876.0	22.33333333333333	1.3738059999999999
146	protein3	422.33333333333326	9.0	1.3484850000000002
146	r0	32.333333333333336	0.0	0.0
146	r1	32.666666666666664	0.0	0.0
146	r2	23.66666666666667	0.0	0.0
146	rnapol	0.0	0.0	0.0
147	__protein1_rbs	27.66666666666667	0.0	0.0
147	__protein2_rbs	20.0	0.0	0.0
147	__protein3_rbs	7.0	0.0	0.0
147	__ribosome	20.33333333333333	0.0	0.0
147	__rnase_site_ext	38.333333333333336	0.0	0.0
147	p0	0.3333333333333333	0.0	0.0
147	p2	1.0	0.0	0.0
147	protein1	1428.0	34.666666666666664	1.1514076666666666
147	protein2	884.0	22.0	1.262319
147	protein3	425.33333333333326	9.0	1.390151666666667
147	r0	33.666666666666664	0.0	0.0
147	r1	32.333333333333336	0.0	0.0
147	r2	24.33333333333333	0.0	0.0
147	rnapol	0.6666666666666666	0.0	0.0
148	__protein1_rbs	30.0	0.0	0.0
148	__protein2_rbs	17.666666666666668	0.0	0.0
148	__protein3_rbs	8.0	0.0	0.0
148	__ribosome	17.333333333333332	0.0	0.0
148	__rnase_site_ext	40.333333333333336	0.0	0.0
148	p0	1.0	0.0	0.0
148	p2	0.6666666666666666	0.0	0.0
148	protein1	1441.0	36.333333333333336	1.1885226666666668
148	protein2	894.6666666666665	22.0	1.1973593333333332
148	protein3	427.33333333333326	9.333333333333334	1.485269333333333
148	r0	35.333333333333336	0.0	0.0
148	r1	33.0	0.0	0.0
148	r2	23.33333333333333	0.0	0.0
148	rnapol	0.3333333333333333	0.0	0.0
149	__protein1_rbs	29.66666666666667	0.0	0.0
149	__protein2_rbs	20.0	0.0	0.0
149	__protein3_rbs	8.333333333333334	0.0	0.0
149	__ribosome	20.0	0.0	0.0
149	__rnase_site_ext	40.0	0.0	0.0
149	p0	1.0	0.0	0.0
149	p2	0.6666666666666666	0.0	0.0
149	protein1	1455.333333333333	36.66666666666666	1.1882353333333333
149	protein2	903.0	22.33333333333333	1.125
149	protein3	432.33333333333326	9.333333333333334	1.317761
149	r0	35.333333333333336	0.0	0.0
149	r1	33.333333333333336	0.0	0.0
149	r2	24.0	0.0	0.0
149	rnapol	0.0	0.0	0.0
150	__protein1_rbs	31.33333333333333	0.0	0.0
150	__protein2_rbs	19.0	0.0	0.0
150	__protein3_rbs	8.0	0.0	0.0
150	__ribosome	18.666666666666668	0.0	0.0
150	__rnase_site_ext	40.333333333333336	0.0	0.0
150	p0	1.0	0.0	0.0
150	p2	1.0	0.0	0.0
150	protein1	1471.333333333333	36.333333333333336	1.1680673333333331
150	protein2	908.0	22.33333333333333	1.254074
150	protein3	435.33333333333326	9.666666666666666	1.227272666666667
150	r0	35.666666666666664	0.0	0.0
150	r1	33.333333333333336	0.0	0.0
150	r2	24.0	0.0	0.0
150	rnapol	0.0	0.0	0.0
151	__protein1_rbs	31.33333333333333	0.0	0.0
151	__protein2_rbs	20.33333333333333	0.0	0.0
151	__protein3_rbs	8.333333333333334	0.0	0.0
151	__ribosome	19.666666666666668	0.0	0.0
151	__rnase_site_ext	39.66666666666666	0.0	0.0
151	p0	1.0	0.0	0.0
151	p2	1.0	0.0	0.0
151	protein1	1487.0	36.0	1.130829
151	protein2	915.0	23.33333333333333	1.2405983333333337
151	protein3	439.33333333333326	9.666666666666666	1.1886363333333334
151	r0	35.0	0.0	0.0
151	r1	34.666666666666664	0.0	0.0
151	r2	24.0	0.0	0.0
151	rnapol	0.3333333333333333	0.0	0.0
152	__protein1_rbs	31.0	0.0	0.0
152	__protein2_rbs	20.33333333333333	0.0	0.0
152	__protein3_rbs	8.0	0.0	0.0
152	__ribosome	20.0	0.0	0.0
152	__rnase_site_ext	39.66666666666666	0.0	0.0
152	p0	1.0	0.0	0.0
152	p2	1.0	0.0	0.0
152	protein1	1502.666666666667	36.0	1.059635
152	protein2	924.3333333333335	24.0	1.2411816666666666
152	protein3	442.33333333333326	9.666666666666666	1.321212
152	r0	35.0	0.0	0.0
152	r1	34.666666666666664	0.0	0.0
152	r2	24.33333333333333	0.0	0.0
152	rnapol	0.0	0.0	0.0
153	__protein1_rbs	30.33333333333333	0.0	0.0
153	__protein2_rbs	20.0	0.0	0.0
153	__protein3_rbs	8.0	0.0	0.0
153	__ribosome	22.66666666666667	0.0	0.0
153	__rnase_site_ext	38.66666666666666	0.0	0.0
153	p0	1.0	0.0	0.0
153	p2	0.6666666666666666	0.0	0.0
153	protein1	1517.0	35.666666666666664	0.9916076666666666
153	protein2	933.0	24.0	1.2301586666666668
153	protein3	445.33333333333326	10.0	1.318182
153	r0	34.333333333333336	0.0	0.0
153	r1	34.333333333333336	0.0	0.0
153	r2	23.33333333333333	0.0	0.0
153	rnapol	0.3333333333333333	0.0	0.0
154	__protein1_rbs	29.66666666666667	0.0	0.0
154	__protein2_rbs	21.33333333333333	0.0	0.0
154	__protein3_rbs	8.0	0.0	0.0
154	__ribosome	21.33333333333333	0.0	0.0
154	__rnase_site_ext	39.0	0.0	0.0
154	p0	1.0	0.0	0.0
154	p2	0.6666666666666666	0.0	0.0
154	protein1	1531.666666666667	35.666666666666664	0.9551799999999999
154	protein2	939.6666666666665	24.0	1.3481040000000002
154	protein3	448.33333333333326	9.333333333333334	1.4341993333333332
154	r0	35.333333333333336	0.0	0.0
154	r1	35.0	0.0	0.0
154	r2	24.33333333333333	0.0	0.0
154	rnapol	0.3333333333333333	0.0	0.0
155	__protein1_rbs	27.66666666666667	0.0	0.0
155	__protein2_rbs	20.666666666666668	0.0	0.0
155	__protein3_rbs	6.666666666666668	0.0	0.0
155	__ribosome	16.666666666666668	0.0	0.0
155	__rnase_site_ext	40.333333333333336	0.0	0.0
155	p0	0.6666666666666666	0.0	0.0
155	p2	1.0	0.0	0.0
155	protein1	1543.0	35.666666666666664	1.0265123333333332
155	protein2	948.3333333333335	24.33333333333333	1.359083
155	protein3	452.33333333333326	9.333333333333334	1.553247
155	r0	35.666666666666664	0.0	0.0
155	r1	34.666666666666664	0.0	0.0
155	r2	25.66666666666667	0.0	0.0
155	rnapol	0.3333333333333333	0.0	0.0
156	__protein1_rbs	31.33333333333333	0.0	0.0
156	__protein2_rbs	21.33333333333333	0.0	0.0
156	__protein3_rbs	8.0	0.0	0.0
156	__ribosome	16.0	0.0	0.0
156	__rnase_site_ext	41.333333333333336	0.0	0.0
156	p0	1.0	0.0	0.0
156	p2	1.0	0.0	0.0
156	protein1	1554.666666666667	37.333333333333336	1.0262923333333334
156	protein2	958.6666666666665	24.33333333333333	1.2765433333333334
156	protein3	455.0	9.666666666666666	1.628788
156	r0	36.0	0.0	0.0
156	r1	34.666666666666664	0.0	0.0
156	r2	26.0	0.0	0.0
156	rnapol	0.0	0.0	0.0
157	__protein1_rbs	32.333333333333336	0.0	0.0
157	__protein2_rbs	19.0	0.0	0.0
157	__protein3_rbs	8.0	0.0	0.0
157	__ribosome	15.0	0.0	0.0
157	__rnase_site_ext	41.0	0.0	0.0
157	p0	1.0	0.0	0.0
157	p2	0.6666666666666666	0.0	0.0
157	protein1	1567.333333333333	37.333333333333336	1.0695186666666665
157	protein2	967.0	24.0	1.2652116666666668
157	protein3	459.66666666666674	10.0	1.5946966666666669
157	r0	35.333333333333336	0.0	0.0
157	r1	33.666666666666664	0.0	0.0
157	r2	25.66666666666667	0.0	0.0
157	rnapol	0.0	0.0	0.0
158	__protein1_rbs	31.33333333333333	0.0	0.0
158	__protein2_rbs	20.0	0.0	0.0
158	__protein3_rbs	9.0	0.0	0.0
158	__ribosome	19.666666666666668	0.0	0.0
158	__rnase_site_ext	40.66666666666666	0.0	0.0
158	p0	0.6666666666666666	0.0	0.0
158	p2	1.0	0.0	0.0
158	protein1	1582.0	37.0	1.002052
158	protein2	977.3333333333335	24.33333333333333	1.1980953333333335
158	protein3	462.66666666666674	10.0	1.5444443333333335
158	r0	36.0	0.0	0.0
158	r1	34.666666666666664	0.0	0.0
158	r2	26.33333333333333	0.0	0.0
158	rnapol	0.0	0.0	0.0
159	__protein1_rbs	31.0	0.0	0.0
159	__protein2_rbs	20.0	0.0	0.0
159	__protein3_rbs	8.0	0.0	0.0
159	__ribosome	13.666666666666664	0.0	0.0
159	__rnase_site_ext	41.0	0.0	0.0
159	p0	1.0	0.0	0.0
159	p2	1.0	0.0	0.0
159	protein1	1597.0	37.333333333333336	1.081551
159	protein2	984.6666666666665	25.0	1.3052503333333334
159	protein3	467.33333333333326	10.0	1.438889
159	r0	35.666666666666664	0.0	0.0
159	r1	35.0	0.0	0.0
159	r2	25.66666666666667	0.0	0.0
159	rnapol	0.6666666666666666	0.0	0.0
160	__protein1_rbs	33.0	0.0	0.0
160	__protein2_rbs	21.33333333333333	0.0	0.0
160	__protein3_rbs	8.666666666666666	0.0	0.0
160	__ribosome	16.0	0.0	0.0
160	__rnase_site_ext	41.66666666666666	0.0	0.0
160	p0	1.0	0.0	0.0
160	p2	1.0	0.0	0.0
160	protein1	1609.666666666667	37.333333333333336	1.094228
160	protein2	991.3333333333335	25.33333333333333	1.322857
160	protein3	473.0	9.666666666666666	1.1083333333333334
160	r0	37.0	0.0	0.0
160	r1	35.333333333333336	0.0	0.0
160	r2	26.33333333333333	0.0	0.0
160	rnapol	0.0	0.0	0.0
161	__protein1_rbs	30.33333333333333	0.0	0.0
161	__protein2_rbs	21.0	0.0	0.0
161	__protein3_rbs	7.666666666666668	0.0	0.0
161	__ribosome	17.666666666666668	0.0	0.0
161	__rnase_site_ext	40.333333333333336	0.0	0.0
161	p0	1.0	0.0	0.0
161	p2	0.6666666666666666	0.0	0.0
161	protein1	1623.0	36.333333333333336	1.1086073333333333
161	protein2	1000.3333333333335	25.0	1.2182540000000002
161	protein3	476.33333333333326	10.333333333333334	1.1796296666666668
161	r0	36.0	0.0	0.0
161	r1	35.0	0.0	0.0
161	r2	26.66666666666667	0.0	0.0
161	rnapol	0.0	0.0	0.0
162	__protein1_rbs	28.66666666666667	0.0	0.0
162	__protein2_rbs	19.666666666666668	0.0	0.0
162	__protein3_rbs	8.666666666666666	0.0	0.0
162	__ribosome	22.0	0.0	0.0
162	__rnase_site_ext	40.0	0.0	0.0
162	p0	1.0	0.0	0.0
162	p2	1.0	0.0	0.0
162	protein1	1642.333333333333	36.333333333333336	0.9658056666666668
162	protein2	1012.6666666666665	25.0	1.1089293333333334
162	protein3	478.0	11.0	1.4755243333333332
162	r0	35.333333333333336	0.0	0.0
162	r1	35.0	0.0	0.0
162	r2	27.33333333333333	0.0	0.0
162	rnapol	0.3333333333333333	0.0	0.0
163	__protein1_rbs	29.66666666666667	0.0	0.0
163	__protein2_rbs	21.0	0.0	0.0
163	__protein3_rbs	9.333333333333334	0.0	0.0
163	__ribosome	18.666666666666668	0.0	0.0
163	__rnase_site_ext	40.66666666666666	0.0	0.0
163	p0	1.0	0.0	0.0
163	p2	1.0	0.0	0.0
163	protein1	1655.0	36.333333333333336	0.9789573333333332
163	protein2	1020.3333333333335	25.0	1.1987703333333333
163	protein3	481.66666666666674	11.0	1.5133383333333332
163	r0	34.666666666666664	0.0	0.0
163	r1	35.0	0.0	0.0
163	r2	28.0	0.0	0.0
163	rnapol	0.3333333333333333	0.0	0.0
164	__protein1_rbs	30.66666666666667	0.0	0.0
164	__protein2_rbs	21.66666666666667	0.0	0.0
164	__protein3_rbs	9.333333333333334	0.0	0.0
164	__ribosome	15.0	0.0	0.0
164	__rnase_site_ext	40.333333333333336	0.0	0.0
164	p0	0.6666666666666666	0.0	0.0
164	p2	0.6666666666666666	0.0	0.0
164	protein1	1665.0	36.333333333333336	1.1162463333333337
164	protein2	1027.3333333333333	25.0	1.1778656666666667
164	protein3	485.33333333333326	11.333333333333336	1.3920746666666666
164	r0	34.333333333333336	0.0	0.0
164	r1	35.333333333333336	0.0	0.0
164	r2	27.66666666666667	0.0	0.0
164	rnapol	0.0	0.0	0.0
165	__protein1_rbs	33.0	0.0	0.0
165	__protein2_rbs	21.0	0.0	0.0
165	__protein3_rbs	9.333333333333334	0.0	0.0
165	__ribosome	15.333333333333336	0.0	0.0
165	__rnase_site_ext	41.0	0.0	0.0
165	p0	0.6666666666666666	0.0	0.0
165	p2	1.0	0.0	0.0
165	protein1	1679.0	37.0	1.0019129999999998
165	protein2	1034.0	25.0	1.278217
165	protein3	489.66666666666674	11.333333333333336	1.4477853333333333
165	r0	35.666666666666664	0.0	0.0
165	r1	35.333333333333336	0.0	0.0
165	r2	27.0	0.0	0.0
165	rnapol	0.3333333333333333	0.0	0.0
166	__protein1_rbs	31.66666666666667	0.0	0.0
166	__protein2_rbs	22.66666666666667	0.0	0.0
166	__protein3_rbs	10.0	0.0	0.0
166	__ribosome	19.0	0.0	0.0
166	__rnase_site_ext	41.66666666666666	0.0	0.0
166	p0	0.3333333333333333	0.0	0.0
166	p2	1.0	0.0	0.0
166	protein1	1695.0	38.0	0.9623813333333334
166	protein2	1044.6666666666667	25.33333333333333	1.2257576666666667
166	protein3	494.66666666666674	11.0	1.2303030000000001
166	r0	36.333333333333336	0.0	0.0
166	r1	35.333333333333336	0.0	0.0
166	r2	27.66666666666667	0.0	0.0
166	rnapol	0.0	0.0	0.0
167	__protein1_rbs	34.0	0.0	0.0
167	__protein2_rbs	20.666666666666668	0.0	0.0
167	__protein3_rbs	10.333333333333334	0.0	0.0
167	__ribosome	16.0	0.0	0.0
167	__rnase_site_ext	41.66666666666666	0.0	0.0
167	p0	0.6666666666666666	0.0	0.0
167	p2	1.0	0.0	0.0
167	protein1	1708.0	38.333333333333336	1.0023643333333334
167	protein2	1053.0	25.33333333333333	1.263383666666667
167	protein3	499.0	11.0	1.2636363333333334
167	r0	36.66666666666666	0.0	0.0
167	r1	35.0	0.0	0.0
167	r2	27.33333333333333	0.0	0.0
167	rnapol	0.6666666666666666	0.0	0.0
168	__protein1_rbs	32.333333333333336	0.0	0.0
168	__protein2_rbs	21.0	0.0	0.0
168	__protein3_rbs	10.0	0.0	0.0
168	__ribosome	17.333333333333332	0.0	0.0
168	__rnase_site_ext	42.0	0.0	0.0
168	p0	0.6666666666666666	0.0	0.0
168	p2	1.0	0.0	0.0
168	protein1	1719.666666666667	38.0	1.0800573333333332
168	protein2	1062.3333333333333	25.66666666666667	1.197261666666667
168	protein3	504.33333333333326	10.333333333333334	1.1030303333333331
168	r0	37.333333333333336	0.0	0.0
168	r1	37.0	0.0	0.0
168	r2	26.66666666666667	0.0	0.0
168	rnapol	0.0	0.0	0.0
169	__protein1_rbs	28.66666666666667	0.0	0.0
169	__protein2_rbs	22.66666666666667	0.0	0.0
169	__protein3_rbs	8.333333333333334	0.0	0.0
169	__ribosome	19.666666666666668	0.0	0.0
169	__rnase_site_ext	40.333333333333336	0.0	0.0
169	p0	1.0	0.0	0.0
169	p2	1.0	0.0	0.0
169	protein1	1735.666666666667	37.333333333333336	1.071349
169	protein2	1072.0	26.33333333333333	1.073467
169	protein3	507.33333333333326	10.666666666666666	1.1777776666666666
169	r0	34.0	0.0	0.0
169	r1	37.0	0.0	0.0
169	r2	27.0	0.0	0.0
169	rnapol	0.3333333333333333	0.0	0.0
170	__protein1_rbs	29.0	0.0	0.0
170	__protein2_rbs	23.0	0.0	0.0
170	__protein3_rbs	8.666666666666666	0.0	0.0
170	__ribosome	17.0	0.0	0.0
170	__rnase_site_ext	40.66666666666666	0.0	0.0
170	p0	1.0	0.0	0.0
170	p2	1.0	0.0	0.0
170	protein1	1750.333333333333	37.0	1.104118
170	protein2	1080.3333333333333	26.0	1.1154623333333331
170	protein3	510.66666666666674	10.666666666666666	1.261111
170	r0	36.0	0.0	0.0
170	r1	36.333333333333336	0.0	0.0
170	r2	27.0	0.0	0.0
170	rnapol	0.0	0.0	0.0
171	__protein1_rbs	30.66666666666667	0.0	0.0
171	__protein2_rbs	21.66666666666667	0.0	0.0
171	__protein3_rbs	9.333333333333334	0.0	0.0
171	__ribosome	16.666666666666668	0.0	0.0
171	__rnase_site_ext	40.66666666666666	0.0	0.0
171	p0	1.0	0.0	0.0
171	p2	0.6666666666666666	0.0	0.0
171	protein1	1763.666666666667	36.66666666666666	1.122561666666667
171	protein2	1088.6666666666667	25.66666666666667	1.1045333333333334
171	protein3	514.3333333333334	10.666666666666666	1.3363633333333336
171	r0	34.333333333333336	0.0	0.0
171	r1	37.333333333333336	0.0	0.0
171	r2	27.33333333333333	0.0	0.0
171	rnapol	1.0	0.0	0.0
172	__protein1_rbs	29.33333333333333	0.0	0.0
172	__protein2_rbs	22.0	0.0	0.0
172	__protein3_rbs	8.666666666666666	0.0	0.0
172	__ribosome	15.0	0.0	0.0
172	__rnase_site_ext	41.0	0.0	0.0
172	p0	1.0	0.0	0.0
172	p2	0.6666666666666666	0.0	0.0
172	protein1	1779.0	36.0	1.1352
172	protein2	1097.0	25.66666666666667	1.0878543333333333
172	protein3	516.3333333333334	10.666666666666666	1.587879
172	r0	34.666666666666664	0.0	0.0
172	r1	37.66666666666666	0.0	0.0
172	r2	28.33333333333333	0.0	0.0
172	rnapol	0.0	0.0	0.0
173	__protein1_rbs	30.0	0.0	0.0
173	__protein2_rbs	22.33333333333333	0.0	0.0
173	__protein3_rbs	8.333333333333334	0.0	0.0
173	__ribosome	17.0	0.0	0.0
173	__rnase_site_ext	40.66666666666666	0.0	0.0
173	p0	0.6666666666666666	0.0	0.0
173	p2	1.0	0.0	0.0
173	protein1	1794.666666666667	36.333333333333336	1.083769
173	protein2	1104.6666666666667	25.66666666666667	1.0785303333333334
173	protein3	521.3333333333334	10.666666666666666	1.5732326666666665
173	r0	34.666666666666664	0.0	0.0
173	r1	37.66666666666666	0.0	0.0
173	r2	29.0	0.0	0.0
173	rnapol	0.6666666666666666	0.0	0.0
174	__protein1_rbs	31.66666666666667	0.0	0.0
174	__protein2_rbs	21.0	0.0	0.0
174	__protein3_rbs	9.333333333333334	0.0	0.0
174	__ribosome	17.333333333333332	0.0	0.0
174	__rnase_site_ext	41.66666666666666	0.0	0.0
174	p0	0.6666666666666666	0.0	0.0
174	p2	0.6666666666666666	0.0	0.0
174	protein1	1808.0	37.66666666666666	1.0369046666666666
174	protein2	1112.0	25.0	1.1849816666666666
174	protein3	526.3333333333334	10.666666666666666	1.3526933333333335
174	r0	35.333333333333336	0.0	0.0
174	r1	36.66666666666666	0.0	0.0
174	r2	29.66666666666667	0.0	0.0
174	rnapol	0.0	0.0	0.0
175	__protein1_rbs	34.333333333333336	0.0	0.0
175	__protein2_rbs	21.0	0.0	0.0
175	__protein3_rbs	8.666666666666666	0.0	0.0
175	__ribosome	18.33333333333333	0.0	0.0
175	__rnase_site_ext	42.333333333333336	0.0	0.0
175	p0	0.6666666666666666	0.0	0.0
175	p2	1.0	0.0	0.0
175	protein1	1822.666666666667	37.66666666666666	0.9695390000000002
175	protein2	1121.3333333333333	25.33333333333333	1.251210333333333
175	protein3	531.3333333333334	11.0	1.2777776666666667
175	r0	36.333333333333336	0.0	0.0
175	r1	36.66666666666666	0.0	0.0
175	r2	29.66666666666667	0.0	0.0
175	rnapol	0.0	0.0	0.0
176	__protein1_rbs	32.333333333333336	0.0	0.0
176	__protein2_rbs	22.0	0.0	0.0
176	__protein3_rbs	9.0	0.0	0.0
176	__ribosome	17.666666666666668	0.0	0.0
176	__rnase_site_ext	41.66666666666666	0.0	0.0
176	p0	1.0	0.0	0.0
176	p2	1.0	0.0	0.0
176	protein1	1837.666666666667	36.66666666666666	0.9154763333333332
176	protein2	1127.6666666666667	25.0	1.4003526666666666
176	protein3	534.3333333333334	10.666666666666666	1.3459593333333333
176	r0	35.333333333333336	0.0	0.0
176	r1	36.0	0.0	0.0
176	r2	29.0	0.0	0.0
176	rnapol	0.0	0.0	0.0
177	__protein1_rbs	32.666666666666664	0.0	0.0
177	__protein2_rbs	20.33333333333333	0.0	0.0
177	__protein3_rbs	8.0	0.0	0.0
177	__ribosome	16.666666666666668	0.0	0.0
177	__rnase_site_ext	41.66666666666666	0.0	0.0
177	p0	1.0	0.0	0.0
177	p2	0.6666666666666666	0.0	0.0
177	protein1	1852.0	36.66666666666666	0.8641046666666666
177	protein2	1136.3333333333333	25.33333333333333	1.4792769999999995
177	protein3	537.6666666666666	10.0	1.4583333333333333
177	r0	36.333333333333336	0.0	0.0
177	r1	36.333333333333336	0.0	0.0
177	r2	27.66666666666667	0.0	0.0
177	rnapol	0.0	0.0	0.0
178	__protein1_rbs	28.0	0.0	0.0
178	__protein2_rbs	22.33333333333333	0.0	0.0
178	__protein3_rbs	7.333333333333332	0.0	0.0
178	__ribosome	15.0	0.0	0.0
178	__rnase_site_ext	40.66666666666666	0.0	0.0
178	p0	0.6666666666666666	0.0	0.0
178	p2	1.0	0.0	0.0
178	protein1	1862.666666666667	36.0	1.0509473333333337
178	protein2	1147.0	24.66666666666667	1.377160333333333
178	protein3	542.6666666666666	9.333333333333334	1.5122053333333332
178	r0	34.333333333333336	0.0	0.0
178	r1	36.0	0.0	0.0
178	r2	28.33333333333333	0.0	0.0
178	rnapol	0.0	0.0	0.0
179	__protein1_rbs	29.0	0.0	0.0
179	__protein2_rbs	20.33333333333333	0.0	0.0
179	__protein3_rbs	7.0	0.0	0.0
179	__ribosome	14.0	0.0	0.0
179	__rnase_site_ext	40.0	0.0	0.0
179	p0	0.6666666666666666	0.0	0.0
179	p2	1.0	0.0	0.0
179	protein1	1874.0	35.666666666666664	1.1827483333333333
179	protein2	1158.0	25.0	1.2731923333333337
179	protein3	546.6666666666666	9.0	1.4555556666666665
179	r0	33.333333333333336	0.0	0.0
179	r1	36.333333333333336	0.0	0.0
179	r2	28.66666666666667	0.0	0.0
179	rnapol	0.0	0.0	0.0
180	__protein1_rbs	30.33333333333333	0.0	0.0
180	__protein2_rbs	21.33333333333333	0.0	0.0
180	__protein3_rbs	7.666666666666668	0.0	0.0
180	__ribosome	18.0	0.0	0.0
180	__rnase_site_ext	39.66666666666666	0.0	0.0
180	p0	0.6666666666666666	0.0	0.0
180	p2	1.0	0.0	0.0
180	protein1	1889.0	35.333333333333336	1.102552
180	protein2	1167.6666666666667	24.66666666666667	1.2518516666666668
180	protein3	550.0	9.0	1.3851853333333333
180	r0	34.666666666666664	0.0	0.0
180	r1	36.66666666666666	0.0	0.0
180	r2	29.0	0.0	0.0
180	rnapol	0.0	0.0	0.0
181	__protein1_rbs	28.66666666666667	0.0	0.0
181	__protein2_rbs	20.666666666666668	0.0	0.0
181	__protein3_rbs	6.333333333333332	0.0	0.0
181	__ribosome	19.0	0.0	0.0
181	__rnase_site_ext	39.66666666666666	0.0	0.0
181	p0	1.0	0.0	0.0
181	p2	1.0	0.0	0.0
181	protein1	1904.666666666667	35.666666666666664	1.0312703333333333
181	protein2	1177.6666666666667	24.0	1.2825396666666666
181	protein3	553.3333333333334	9.0	1.5046296666666663
181	r0	33.333333333333336	0.0	0.0
181	r1	36.0	0.0	0.0
181	r2	27.66666666666667	0.0	0.0
181	rnapol	0.0	0.0	0.0
182	__protein1_rbs	32.666666666666664	0.0	0.0
182	__protein2_rbs	18.33333333333333	0.0	0.0
182	__protein3_rbs	8.0	0.0	0.0
182	__ribosome	18.666666666666668	0.0	0.0
182	__rnase_site_ext	40.0	0.0	0.0
182	p0	0.6666666666666666	0.0	0.0
182	p2	0.6666666666666666	0.0	0.0
182	protein1	1918.333333333333	36.0	0.9543243333333334
182	protein2	1186.0	23.33333333333333	1.5052106666666667
182	protein3	558.0	9.0	1.350926
182	r0	35.0	0.0	0.0
182	r1	36.0	0.0	0.0
182	r2	27.33333333333333	0.0	0.0
182	rnapol	0.3333333333333333	0.0	0.0
183	__protein1_rbs	32.0	0.0	0.0
183	__protein2_rbs	19.666666666666668	0.0	0.0
183	__protein3_rbs	8.666666666666666	0.0	0.0
183	__ribosome	18.666666666666668	0.0	0.0
183	__rnase_site_ext	39.66666666666666	0.0	0.0
183	p0	1.0	0.0	0.0
183	p2	1.0	0.0	0.0
183	protein1	1930.0	36.0	0.9237676666666668
183	protein2	1196.0	23.66666666666667	1.4829379999999999
183	protein3	560.0	9.666666666666666	1.4
183	r0	34.666666666666664	0.0	0.0
183	r1	36.0	0.0	0.0
183	r2	27.0	0.0	0.0
183	rnapol	0.0	0.0	0.0
184	__protein1_rbs	29.33333333333333	0.0	0.0
184	__protein2_rbs	18.666666666666668	0.0	0.0
184	__protein3_rbs	8.333333333333334	0.0	0.0
184	__ribosome	19.0	0.0	0.0
184	__rnase_site_ext	39.333333333333336	0.0	0.0
184	p0	1.0	0.0	0.0
184	p2	0.6666666666666666	0.0	0.0
184	protein1	1945.333333333333	35.333333333333336	0.9720553333333336
184	protein2	1206.3333333333333	22.33333333333333	1.559022666666667
184	protein3	563.3333333333334	9.666666666666666	1.3925926666666666
184	r0	34.333333333333336	0.0	0.0
184	r1	34.666666666666664	0.0	0.0
184	r2	26.66666666666667	0.0	0.0
184	rnapol	0.0	0.0	0.0
185	__protein1_rbs	28.66666666666667	0.0	0.0
185	__protein2_rbs	19.666666666666668	0.0	0.0
185	__protein3_rbs	8.0	0.0	0.0
185	__ribosome	19.666666666666668	0.0	0.0
185	__rnase_site_ext	39.0	0.0	0.0
185	p0	1.0	0.0	0.0
185	p2	1.0	0.0	0.0
185	protein1	1956.0	34.666666666666664	1.0927316666666669
185	protein2	1216.3333333333333	22.33333333333333	1.4272486666666666
185	protein3	568.3333333333334	9.666666666666666	1.272727333333333
185	r0	33.666666666666664	0.0	0.0
185	r1	34.666666666666664	0.0	0.0
185	r2	26.66666666666667	0.0	0.0
185	rnapol	0.3333333333333333	0.0	0.0
186	__protein1_rbs	27.33333333333333	0.0	0.0
186	__protein2_rbs	18.33333333333333	0.0	0.0
186	__protein3_rbs	7.666666666666668	0.0	0.0
186	__ribosome	18.0	0.0	0.0
186	__rnase_site_ext	39.333333333333336	0.0	0.0
186	p0	0.6666666666666666	0.0	0.0
186	p2	0.6666666666666666	0.0	0.0
186	protein1	1968.333333333333	35.0	1.1428163333333332
186	protein2	1227.3333333333333	22.66666666666667	1.3103446666666667
186	protein3	571.3333333333334	10.0	1.3915823333333333
186	r0	34.333333333333336	0.0	0.0
186	r1	34.666666666666664	0.0	0.0
186	r2	27.0	0.0	0.0
186	rnapol	0.0	0.0	0.0
187	__protein1_rbs	28.66666666666667	0.0	0.0
187	__protein2_rbs	18.0	0.0	0.0
187	__protein3_rbs	9.0	0.0	0.0
187	__ribosome	21.0	0.0	0.0
187	__rnase_site_ext	40.0	0.0	0.0
187	p0	1.0	0.0	0.0
187	p2	1.0	0.0	0.0
187	protein1	1985.333333333333	35.666666666666664	1.0039613333333337
187	protein2	1235.6666666666667	22.0	1.435516
187	protein3	575.0	10.0	1.304714
187	r0	35.333333333333336	0.0	0.0
187	r1	33.666666666666664	0.0	0.0
187	r2	26.66666666666667	0.0	0.0
187	rnapol	0.3333333333333333	0.0	0.0
188	__protein1_rbs	29.0	0.0	0.0
188	__protein2_rbs	18.666666666666668	0.0	0.0
188	__protein3_rbs	7.666666666666668	0.0	0.0
188	__ribosome	14.666666666666664	0.0	0.0
188	__rnase_site_ext	40.0	0.0	0.0
188	p0	1.0	0.0	0.0
188	p2	0.3333333333333333	0.0	0.0
188	protein1	1996.666666666667	36.66666666666666	1.139792
188	protein2	1245.0	22.0	1.4491653333333334
188	protein3	579.0	9.0	1.5084176666666669
188	r0	34.333333333333336	0.0	0.0
188	r1	33.666666666666664	0.0	0.0
188	r2	26.0	0.0	0.0
188	rnapol	0.3333333333333333	0.0	0.0
189	__protein1_rbs	31.66666666666667	0.0	0.0
189	__protein2_rbs	19.33333333333333	0.0	0.0
189	__protein3_rbs	7.0	0.0	0.0
189	__ribosome	18.33333333333333	0.0	0.0
189	__rnase_site_ext	40.66666666666666	0.0	0.0
189	p0	1.0	0.0	0.0
189	p2	1.0	0.0	0.0
189	protein1	2011.0	37.0	1.094355
189	protein2	1253.0	22.0	1.3277776666666667
189	protein3	582.6666666666666	8.666666666666666	1.5306879999999998
189	r0	36.0	0.0	0.0
189	r1	33.333333333333336	0.0	0.0
189	r2	26.0	0.0	0.0
189	rnapol	0.6666666666666666	0.0	0.0
190	__protein1_rbs	30.0	0.0	0.0
190	__protein2_rbs	18.0	0.0	0.0
190	__protein3_rbs	7.0	0.0	0.0
190	__ribosome	19.33333333333333	0.0	0.0
190	__rnase_site_ext	41.0	0.0	0.0
190	p0	1.0	0.0	0.0
190	p2	0.6666666666666666	0.0	0.0
190	protein1	2026.333333333333	37.333333333333336	1.0709613333333332
190	protein2	1262.3333333333333	21.66666666666667	1.2814813333333333
190	protein3	586.6666666666666	8.333333333333334	1.6772486666666664
190	r0	35.666666666666664	0.0	0.0
190	r1	33.0	0.0	0.0
190	r2	25.0	0.0	0.0
190	rnapol	0.3333333333333333	0.0	0.0
191	__protein1_rbs	28.0	0.0	0.0
191	__protein2_rbs	18.33333333333333	0.0	0.0
191	__protein3_rbs	6.333333333333332	0.0	0.0
191	__ribosome	20.33333333333333	0.0	0.0
191	__rnase_site_ext	41.333333333333336	0.0	0.0
191	p0	1.0	0.0	0.0
191	p2	0.6666666666666666	0.0	0.0
191	protein1	2045.333333333333	36.66666666666666	1.0140956666666667
191	protein2	1272.3333333333333	22.33333333333333	1.3174603333333332
191	protein3	590.6666666666666	7.666666666666668	1.962963
191	r0	34.333333333333336	0.0	0.0
191	r1	34.333333333333336	0.0	0.0
191	r2	25.0	0.0	0.0
191	rnapol	0.0	0.0	0.0
192	__protein1_rbs	31.66666666666667	0.0	0.0
192	__protein2_rbs	19.666666666666668	0.0	0.0
192	__protein3_rbs	7.0	0.0	0.0
192	__ribosome	16.333333333333332	0.0	0.0
192	__rnase_site_ext	41.333333333333336	0.0	0.0
192	p0	0.6666666666666666	0.0	0.0
192	p2	1.0	0.0	0.0
192	protein1	2056.6666666666665	36.66666666666666	1.029687
192	protein2	1279.3333333333333	23.0	1.452552
192	protein3	595.0	8.333333333333334	1.6666666666666667
192	r0	35.666666666666664	0.0	0.0
192	r1	34.0	0.0	0.0
192	r2	25.33333333333333	0.0	0.0
192	rnapol	0.3333333333333333	0.0	0.0
193	__protein1_rbs	32.0	0.0	0.0
193	__protein2_rbs	19.0	0.0	0.0
193	__protein3_rbs	6.666666666666668	0.0	0.0
193	__ribosome	19.33333333333333	0.0	0.0
193	__rnase_site_ext	41.333333333333336	0.0	0.0
193	p0	1.0	0.0	0.0
193	p2	1.0	0.0	0.0
193	protein1	2071.6666666666665	37.0	0.977671
193	protein2	1288.3333333333333	22.66666666666667	1.3958293333333334
193	protein3	599.3333333333334	8.0	1.6424243333333333
193	r0	35.333333333333336	0.0	0.0
193	r1	34.666666666666664	0.0	0.0
193	r2	25.0	0.0	0.0
193	rnapol	0.0	0.0	0.0
194	__protein1_rbs	30.66666666666667	0.0	0.0
194	__protein2_rbs	19.0	0.0	0.0
194	__protein3_rbs	7.333333333333332	0.0	0.0
194	__ribosome	21.33333333333333	0.0	0.0
194	__rnase_site_ext	41.0	0.0	0.0
194	p0	1.0	0.0	0.0
194	p2	0.6666666666666666	0.0	0.0
194	protein1	2085.6666666666665	36.333333333333336	0.997807
194	protein2	1298.6666666666667	23.0	1.3505049999999998
194	protein3	603.3333333333334	8.666666666666666	1.3212119999999998
194	r0	35.0	0.0	0.0
194	r1	34.333333333333336	0.0	0.0
194	r2	26.0	0.0	0.0
194	rnapol	0.0	0.0	0.0
195	__protein1_rbs	30.66666666666667	0.0	0.0
195	__protein2_rbs	18.33333333333333	0.0	0.0
195	__protein3_rbs	6.333333333333332	0.0	0.0
195	__ribosome	17.333333333333332	0.0	0.0
195	__rnase_site_ext	40.66666666666666	0.0	0.0
195	p0	0.3333333333333333	0.0	0.0
195	p2	1.0	0.0	0.0
195	protein1	2099.333333333333	35.666666666666664	1.0398486666666666
195	protein2	1308.3333333333333	23.0	1.3964083333333337
195	protein3	606.3333333333334	8.666666666666666	1.5030303333333332
195	r0	35.0	0.0	0.0
195	r1	34.333333333333336	0.0	0.0
195	r2	26.0	0.0	0.0
195	rnapol	0.3333333333333333	0.0	0.0
196	__protein1_rbs	31.0	0.0	0.0
196	__protein2_rbs	20.0	0.0	0.0
196	__protein3_rbs	7.0	0.0	0.0
196	__ribosome	20.0	0.0	0.0
196	__rnase_site_ext	42.0	0.0	0.0
196	p0	1.0	0.0	0.0
196	p2	1.0	0.0	0.0
196	protein1	2113.6666666666665	36.0	0.970875
196	protein2	1317.3333333333333	23.0	1.471717
196	protein3	611.0	8.666666666666666	1.3575756666666667
196	r0	34.666666666666664	0.0	0.0
196	r1	34.333333333333336	0.0	0.0
196	r2	26.33333333333333	0.0	0.0
196	rnapol	0.3333333333333333	0.0	0.0
197	__protein1_rbs	29.33333333333333	0.0	0.0
197	__protein2_rbs	21.0	0.0	0.0
197	__protein3_rbs	6.333333333333332	0.0	0.0
197	__ribosome	21.66666666666667	0.0	0.0
197	__rnase_site_ext	42.333333333333336	0.0	0.0
197	p0	0.6666666666666666	0.0	0.0
197	p2	1.0	0.0	0.0
197	protein1	2129.333333333333	36.333333333333336	0.944356
197	protein2	1328.6666666666667	23.0	1.292768666666667
197	protein3	613.3333333333334	8.666666666666666	1.718181666666667
197	r0	35.666666666666664	0.0	0.0
197	r1	34.0	0.0	0.0
197	r2	26.33333333333333	0.0	0.0
197	rnapol	0.3333333333333333	0.0	0.0
198	__protein1_rbs	31.0	0.0	0.0
198	__protein2_rbs	21.33333333333333	0.0	0.0
198	__protein3_rbs	8.0	0.0	0.0
198	__ribosome	18.0	0.0	0.0
198	__rnase_site_ext	43.33333333333334	0.0	0.0
198	p0	1.0	0.0	0.0
198	p2	1.0	0.0	0.0
198	protein1	2140.6666666666665	37.66666666666666	1.061111
198	protein2	1338.0	23.33333333333333	1.2738096666666667
198	protein3	618.3333333333334	8.666666666666666	1.515151666666667
198	r0	35.666666666666664	0.0	0.0
198	r1	34.666666666666664	0.0	0.0
198	r2	26.33333333333333	0.0	0.0
198	rnapol	0.3333333333333333	0.0	0.0
199	__protein1_rbs	32.333333333333336	0.0	0.0
199	__protein2_rbs	21.0	0.0	0.0
199	__protein3_rbs	7.0	0.0	0.0
199	__ribosome	15.666666666666664	0.0	0.0
199	__rnase_site_ext	43.0	0.0	0.0
199	p0	0.6666666666666666	0.0	0.0
199	p2	1.0	0.0	0.0
199	protein1	2153.6666666666665	38.0	1.101101
199	protein2	1348.3333333333333	23.0	1.2363316666666666
199	protein3	620.3333333333334	8.666666666666666	1.709091
199	r0	36.66666666666666	0.0	0.0
199	r1	34.666666666666664	0.0	0.0
199	r2	26.66666666666667	0.0	0.0
199	rnapol	0.3333333333333333	0.0	0.0
200	__protein1_rbs	29.66666666666667	0.0	0.0
200	__protein2_rbs	20.33333333333333	0.0	0.0
200	__protein3_rbs	7.0	0.0	0.0
200	__ribosome	19.666666666666668	0.0	0.0
200	__rnase_site_ext	42.66666666666666	0.0	0.0
200	p0	1.0	0.0	0.0
200	p2	1.0	0.0	0.0
200	protein1	2171.6666666666665	37.66666666666666	1.0789540000000002
200	protein2	1357.6666666666667	23.33333333333333	1.1487093333333334
200	protein3	625.3333333333334	8.666666666666666	1.5222223333333336
200	r0	36.333333333333336	0.0	0.0
200	r1	34.333333333333336	0.0	0.0
200	r2	26.33333333333333	0.0	0.0
200	rnapol	0.3333333333333333	0.0	0.0
201	__protein1_rbs	30.0	0.0	0.0
201	__protein2_rbs	19.0	0.0	0.0
201	__protein3_rbs	8.333333333333334	0.0	0.0
201	__ribosome	18.33333333333333	0.0	0.0
201	__rnase_site_ext	42.0	0.0	0.0
201	p0	1.0	0.0	0.0
201	p2	1.0	0.0	0.0
201	protein1	2188.6666666666665	37.66666666666666	1.0793233333333334
201	protein2	1366.3333333333333	23.66666666666667	1.2502786666666663
201	protein3	629.6666666666666	8.666666666666666	1.411111
201	r0	36.66666666666666	0.0	0.0
201	r1	34.0	0.0	0.0
201	r2	26.66666666666667	0.0	0.0
201	rnapol	0.0	0.0	0.0
202	__protein1_rbs	30.0	0.0	0.0
202	__protein2_rbs	20.33333333333333	0.0	0.0
202	__protein3_rbs	7.0	0.0	0.0
202	__ribosome	16.666666666666668	0.0	0.0
202	__rnase_site_ext	42.0	0.0	0.0
202	p0	1.0	0.0	0.0
202	p2	0.6666666666666666	0.0	0.0
202	protein1	2202.0	37.0	1.1458996666666668
202	protein2	1375.0	24.33333333333333	1.2360646666666666
202	protein3	633.0	8.333333333333334	1.3407406666666668
202	r0	36.333333333333336	0.0	0.0
202	r1	35.0	0.0	0.0
202	r2	26.0	0.0	0.0
202	rnapol	0.0	0.0	0.0
203	__protein1_rbs	31.66666666666667	0.0	0.0
203	__protein2_rbs	22.0	0.0	0.0
203	__protein3_rbs	7.333333333333332	0.0	0.0
203	__ribosome	21.66666666666667	0.0	0.0
203	__rnase_site_ext	41.0	0.0	0.0
203	p0	1.0	0.0	0.0
203	p2	1.0	0.0	0.0
203	protein1	2219.333333333333	37.333333333333336	1.0560889999999998
203	protein2	1382.0	24.66666666666667	1.2480543333333334
203	protein3	637.3333333333334	8.333333333333334	1.0333333333333334
203	r0	35.0	0.0	0.0
203	r1	35.333333333333336	0.0	0.0
203	r2	26.33333333333333	0.0	0.0
203	rnapol	0.0	0.0	0.0
204	__protein1_rbs	28.0	0.0	0.0
204	__protein2_rbs	20.666666666666668	0.0	0.0
204	__protein3_rbs	7.333333333333332	0.0	0.0
204	__ribosome	18.0	0.0	0.0
204	__rnase_site_ext	41.333333333333336	0.0	0.0
204	p0	1.0	0.0	0.0
204	p2	0.6666666666666666	0.0	0.0
204	protein1	2235.333333333333	37.0	1.1859836666666668
204	protein2	1392.666666666667	25.0	1.1882713333333337
204	protein3	640.3333333333334	8.333333333333334	1.0296296666666669
204	r0	35.0	0.0	0.0
204	r1	36.333333333333336	0.0	0.0
204	r2	26.0	0.0	0.0
204	rnapol	0.0	0.0	0.0
205	__protein1_rbs	28.33333333333333	0.0	0.0
205	__protein2_rbs	23.0	0.0	0.0
205	__protein3_rbs	7.0	0.0	0.0
205	__ribosome	16.666666666666668	0.0	0.0
205	__rnase_site_ext	41.333333333333336	0.0	0.0
205	p0	1.0	0.0	0.0
205	p2	0.3333333333333333	0.0	0.0
205	protein1	2251.6666666666665	36.333333333333336	1.2374049999999999
205	protein2	1402.333333333333	25.66666666666667	1.08
205	protein3	642.3333333333334	8.333333333333334	1.3333333333333333
205	r0	36.0	0.0	0.0
205	r1	36.66666666666666	0.0	0.0
205	r2	26.66666666666667	0.0	0.0
205	rnapol	0.3333333333333333	0.0	0.0
206	__protein1_rbs	30.33333333333333	0.0	0.0
206	__protein2_rbs	20.0	0.0	0.0
206	__protein3_rbs	7.666666666666668	0.0	0.0
206	__ribosome	13.333333333333336	0.0	0.0
206	__rnase_site_ext	40.333333333333336	0.0	0.0
206	p0	1.0	0.0	0.0
206	p2	1.0	0.0	0.0
206	protein1	2267.0	36.333333333333336	1.3039413333333332
206	protein2	1411.0	25.33333333333333	1.1062346666666667
206	protein3	644.3333333333334	8.666666666666666	1.4309763333333334
206	r0	34.333333333333336	0.0	0.0
206	r1	35.0	0.0	0.0
206	r2	27.33333333333333	0.0	0.0
206	rnapol	0.0	0.0	0.0
207	__protein1_rbs	29.33333333333333	0.0	0.0
207	__protein2_rbs	20.33333333333333	0.0	0.0
207	__protein3_rbs	7.666666666666668	0.0	0.0
207	__ribosome	19.33333333333333	0.0	0.0
207	__rnase_site_ext	41.0	0.0	0.0
207	p0	1.0	0.0	0.0
207	p2	0.3333333333333333	0.0	0.0
207	protein1	2286.333333333333	37.0	1.2435803333333333
207	protein2	1421.0	23.66666666666667	1.0114733333333332
207	protein3	647.6666666666666	8.333333333333334	1.3888886666666669
207	r0	34.0	0.0	0.0
207	r1	33.666666666666664	0.0	0.0
207	r2	27.66666666666667	0.0	0.0
207	rnapol	0.3333333333333333	0.0	0.0
208	__protein1_rbs	29.66666666666667	0.0	0.0
208	__protein2_rbs	20.33333333333333	0.0	0.0
208	__protein3_rbs	5.333333333333333	0.0	0.0
208	__ribosome	21.33333333333333	0.0	0.0
208	__rnase_site_ext	41.333333333333336	0.0	0.0
208	p0	1.0	0.0	0.0
208	p2	1.0	0.0	0.0
208	protein1	2305.0	37.333333333333336	1.170872
208	protein2	1429.666666666667	23.33333333333333	1.059179
208	protein3	652.3333333333334	8.0	1.3972223333333331
208	r0	35.0	0.0	0.0
208	r1	34.0	0.0	0.0
208	r2	28.0	0.0	0.0
208	rnapol	0.6666666666666666	0.0	0.0
209	__protein1_rbs	32.333333333333336	0.0	0.0
209	__protein2_rbs	20.33333333333333	0.0	0.0
209	__protein3_rbs	5.333333333333333	0.0	0.0
209	__ribosome	17.0	0.0	0.0
209	__rnase_site_ext	43.33333333333334	0.0	0.0
209	p0	1.0	0.0	0.0
209	p2	1.0	0.0	0.0
209	protein1	2321.333333333333	38.333333333333336	1.1510286666666667
209	protein2	1436.666666666667	24.0	1.1250003333333332
209	protein3	655.3333333333334	8.0	1.4972223333333332
209	r0	37.333333333333336	0.0	0.0
209	r1	33.666666666666664	0.0	0.0
209	r2	28.33333333333333	0.0	0.0
209	rnapol	0.0	0.0	0.0
210	__protein1_rbs	31.66666666666667	0.0	0.0
210	__protein2_rbs	20.33333333333333	0.0	0.0
210	__protein3_rbs	7.0	0.0	0.0
210	__ribosome	16.666666666666668	0.0	0.0
210	__rnase_site_ext	41.66666666666666	0.0	0.0
210	p0	1.0	0.0	0.0
210	p2	1.0	0.0	0.0
210	protein1	2340.0	37.66666666666666	1.0336530000000002
210	protein2	1443.666666666667	24.0	1.2777776666666667
210	protein3	657.0	8.333333333333334	1.7411616666666667
210	r0	35.333333333333336	0.0	0.0
210	r1	33.333333333333336	0.0	0.0
210	r2	28.0	0.0	0.0
210	rnapol	0.0	0.0	0.0
211	__protein1_rbs	30.66666666666667	0.0	0.0
211	__protein2_rbs	19.666666666666668	0.0	0.0
211	__protein3_rbs	7.0	0.0	0.0
211	__ribosome	21.0	0.0	0.0
211	__rnase_site_ext	42.333333333333336	0.0	0.0
211	p0	0.6666666666666666	0.0	0.0
211	p2	0.6666666666666666	0.0	0.0
211	protein1	2356.6666666666665	38.0	1.0169163333333333
211	protein2	1454.666666666667	24.0	1.1527776666666667
211	protein3	661.3333333333334	8.333333333333334	1.565656333333333
211	r0	36.0	0.0	0.0
211	r1	34.333333333333336	0.0	0.0
211	r2	28.0	0.0	0.0
211	rnapol	0.0	0.0	0.0
212	__protein1_rbs	29.0	0.0	0.0
212	__protein2_rbs	18.666666666666668	0.0	0.0
212	__protein3_rbs	7.0	0.0	0.0
212	__ribosome	17.0	0.0	0.0
212	__rnase_site_ext	43.0	0.0	0.0
212	p0	1.0	0.0	0.0
212	p2	0.6666666666666666	0.0	0.0
212	protein1	2371.333333333333	38.0	1.0480406666666666
212	protein2	1463.0	24.33333333333333	1.3299999999999998
212	protein3	665.6666666666666	8.333333333333334	1.3472223333333335
212	r0	36.66666666666666	0.0	0.0
212	r1	35.0	0.0	0.0
212	r2	28.33333333333333	0.0	0.0
212	rnapol	0.3333333333333333	0.0	0.0
213	__protein1_rbs	34.0	0.0	0.0
213	__protein2_rbs	17.666666666666668	0.0	0.0
213	__protein3_rbs	7.666666666666668	0.0	0.0
213	__ribosome	13.333333333333336	0.0	0.0
213	__rnase_site_ext	43.66666666666666	0.0	0.0
213	p0	1.0	0.0	0.0
213	p2	1.0	0.0	0.0
213	protein1	2384.6666666666665	39.0	1.0558023333333333
213	protein2	1472.0	24.66666666666667	1.4044443333333334
213	protein3	669.6666666666666	9.0	1.2501203333333333
213	r0	38.333333333333336	0.0	0.0
213	r1	35.0	0.0	0.0
213	r2	28.0	0.0	0.0
213	rnapol	0.3333333333333333	0.0	0.0
214	__protein1_rbs	32.0	0.0	0.0
214	__protein2_rbs	21.0	0.0	0.0
214	__protein3_rbs	6.333333333333332	0.0	0.0
214	__ribosome	14.666666666666664	0.0	0.0
214	__rnase_site_ext	44.0	0.0	0.0
214	p0	1.0	0.0	0.0
214	p2	1.0	0.0	0.0
214	protein1	2401.6666666666665	39.333333333333336	0.9850776666666666
214	protein2	1481.333333333333	24.66666666666667	1.379444333333333
214	protein3	672.6666666666666	9.0	1.464165333333333
214	r0	37.66666666666666	0.0	0.0
214	r1	35.0	0.0	0.0
214	r2	28.0	0.0	0.0
214	rnapol	0.0	0.0	0.0
215	__protein1_rbs	30.33333333333333	0.0	0.0
215	__protein2_rbs	20.666666666666668	0.0	0.0
215	__protein3_rbs	8.333333333333334	0.0	0.0
215	__ribosome	18.33333333333333	0.0	0.0
215	__rnase_site_ext	42.66666666666666	0.0	0.0
215	p0	1.0	0.0	0.0
215	p2	1.0	0.0	0.0
215	protein1	2419.333333333333	38.66666666666666	0.9338466666666668
215	protein2	1493.0	24.33333333333333	1.3027776666666666
215	protein3	675.6666666666666	9.333333333333334	1.5260943333333332
215	r0	37.0	0.0	0.0
215	r1	35.0	0.0	0.0
215	r2	28.0	0.0	0.0
215	rnapol	0.3333333333333333	0.0	0.0
216	__protein1_rbs	30.66666666666667	0.0	0.0
216	__protein2_rbs	20.0	0.0	0.0
216	__protein3_rbs	7.333333333333332	0.0	0.0
216	__ribosome	15.333333333333336	0.0	0.0
216	__rnase_site_ext	42.333333333333336	0.0	0.0
216	p0	1.0	0.0	0.0
216	p2	1.0	0.0	0.0
216	protein1	2431.0	39.0	1.0408730000000002
216	protein2	1504.666666666667	24.33333333333333	1.2338889999999998
216	protein3	679.3333333333334	8.666666666666666	1.6699136666666667
216	r0	37.0	0.0	0.0
216	r1	35.666666666666664	0.0	0.0
216	r2	27.33333333333333	0.0	0.0
216	rnapol	0.0	0.0	0.0
217	__protein1_rbs	30.33333333333333	0.0	0.0
217	__protein2_rbs	20.666666666666668	0.0	0.0
217	__protein3_rbs	7.0	0.0	0.0
217	__ribosome	14.0	0.0	0.0
217	__rnase_site_ext	42.333333333333336	0.0	0.0
217	p0	0.6666666666666666	0.0	0.0
217	p2	0.3333333333333333	0.0	0.0
217	protein1	2447.6666666666665	38.66666666666666	1.0738096666666668
217	protein2	1512.666666666667	25.33333333333333	1.2927349999999995
217	protein3	683.6666666666666	8.333333333333334	1.4292926666666668
217	r0	36.333333333333336	0.0	0.0
217	r1	36.0	0.0	0.0
217	r2	27.66666666666667	0.0	0.0
217	rnapol	0.3333333333333333	0.0	0.0
218	__protein1_rbs	31.0	0.0	0.0
218	__protein2_rbs	20.666666666666668	0.0	0.0
218	__protein3_rbs	7.0	0.0	0.0
218	__ribosome	16.333333333333332	0.0	0.0
218	__rnase_site_ext	42.333333333333336	0.0	0.0
218	p0	0.6666666666666666	0.0	0.0
218	p2	1.0	0.0	0.0
218	protein1	2463.0	37.333333333333336	1.019608
218	protein2	1522.333333333333	25.33333333333333	1.332265
218	protein3	687.0	8.666666666666666	1.3777053333333331
218	r0	36.0	0.0	0.0
218	r1	36.333333333333336	0.0	0.0
218	r2	28.33333333333333	0.0	0.0
218	rnapol	0.0	0.0	0.0
219	__protein1_rbs	31.66666666666667	0.0	0.0
219	__protein2_rbs	19.666666666666668	0.0	0.0
219	__protein3_rbs	7.666666666666668	0.0	0.0
219	__ribosome	21.33333333333333	0.0	0.0
219	__rnase_site_ext	43.0	0.0	0.0
219	p0	1.0	0.0	0.0
219	p2	1.0	0.0	0.0
219	protein1	2481.0	38.0	0.9278753333333332
219	protein2	1534.333333333333	25.66666666666667	1.37868
219	protein3	692.6666666666665	8.666666666666666	0.922619
219	r0	37.333333333333336	0.0	0.0
219	r1	36.66666666666666	0.0	0.0
219	r2	28.33333333333333	0.0	0.0
219	rnapol	0.0	0.0	0.0
220	__protein1_rbs	32.666666666666664	0.0	0.0
220	__protein2_rbs	21.66666666666667	0.0	0.0
220	__protein3_rbs	8.666666666666666	0.0	0.0
220	__ribosome	15.666666666666664	0.0	0.0
220	__rnase_site_ext	41.66666666666666	0.0	0.0
220	p0	0.6666666666666666	0.0	0.0
220	p2	0.6666666666666666	0.0	0.0
220	protein1	2494.333333333333	37.333333333333336	0.9891816666666664
220	protein2	1543.333333333333	25.33333333333333	1.4310493333333334
220	protein3	693.6666666666665	9.333333333333334	1.1809763333333334
220	r0	36.66666666666666	0.0	0.0
220	r1	36.333333333333336	0.0	0.0
220	r2	28.33333333333333	0.0	0.0
220	rnapol	0.3333333333333333	0.0	0.0
221	__protein1_rbs	30.33333333333333	0.0	0.0
221	__protein2_rbs	20.0	0.0	0.0
221	__protein3_rbs	8.333333333333334	0.0	0.0
221	__ribosome	15.0	0.0	0.0
221	__rnase_site_ext	42.333333333333336	0.0	0.0
221	p0	1.0	0.0	0.0
221	p2	1.0	0.0	0.0
221	protein1	2509.0	38.0	0.9571636666666666
221	protein2	1554.0	26.0	1.4336416666666665
221	protein3	696.6666666666665	9.666666666666666	1.1666666666666667
221	r0	35.0	0.0	0.0
221	r1	36.333333333333336	0.0	0.0
221	r2	28.66666666666667	0.0	0.0
221	rnapol	0.0	0.0	0.0
222	__protein1_rbs	32.0	0.0	0.0
222	__protein2_rbs	22.0	0.0	0.0
222	__protein3_rbs	7.666666666666668	0.0	0.0
222	__ribosome	20.666666666666668	0.0	0.0
222	__rnase_site_ext	41.66666666666666	0.0	0.0
222	p0	0.6666666666666666	0.0	0.0
222	p2	1.0	0.0	0.0
222	protein1	2525.333333333333	37.66666666666666	0.9556663333333332
222	protein2	1569.0	26.0	1.1975306666666667
222	protein3	700.0	9.666666666666666	1.226851666666667
222	r0	36.0	0.0	0.0
222	r1	35.666666666666664	0.0	0.0
222	r2	29.0	0.0	0.0
222	rnapol	0.6666666666666666	0.0	0.0
223	__protein1_rbs	32.0	0.0	0.0
223	__protein2_rbs	21.33333333333333	0.0	0.0
223	__protein3_rbs	8.333333333333334	0.0	0.0
223	__ribosome	14.666666666666664	0.0	0.0
223	__rnase_site_ext	42.66666666666666	0.0	0.0
223	p0	1.0	0.0	0.0
223	p2	0.0	0.0	0.0
223	protein1	2537.333333333333	39.0	1.0337943333333333
223	protein2	1577.666666666667	24.33333333333333	1.297971
223	protein3	703.6666666666665	9.666666666666666	1.3842593333333333
223	r0	36.66666666666666	0.0	0.0
223	r1	35.666666666666664	0.0	0.0
223	r2	28.33333333333333	0.0	0.0
223	rnapol	0.0	0.0	0.0
224	__protein1_rbs	32.333333333333336	0.0	0.0
224	__protein2_rbs	21.0	0.0	0.0
224	__protein3_rbs	8.333333333333334	0.0	0.0
224	__ribosome	16.333333333333332	0.0	0.0
224	__rnase_site_ext	43.66666666666666	0.0	0.0
224	p0	1.0	0.0	0.0
224	p2	1.0	0.0	0.0
224	protein1	2552.333333333333	38.66666666666666	1.0958163333333333
224	protein2	1589.666666666667	24.66666666666667	1.1167893333333332
224	protein3	706.3333333333335	9.666666666666666	1.3842593333333333
224	r0	38.333333333333336	0.0	0.0
224	r1	35.666666666666664	0.0	0.0
224	r2	29.0	0.0	0.0
224	rnapol	0.3333333333333333	0.0	0.0
225	__protein1_rbs	31.66666666666667	0.0	0.0
225	__protein2_rbs	21.0	0.0	0.0
225	__protein3_rbs	9.333333333333334	0.0	0.0
225	__ribosome	19.33333333333333	0.0	0.0
225	__rnase_site_ext	43.0	0.0	0.0
225	p0	1.0	0.0	0.0
225	p2	1.0	0.0	0.0
225	protein1	2571.0	39.0	1.0269793333333337
225	protein2	1599.333333333333	25.0	1.0785953333333334
225	protein3	710.3333333333335	9.666666666666666	1.384259
225	r0	36.333333333333336	0.0	0.0
225	r1	36.66666666666666	0.0	0.0
225	r2	28.66666666666667	0.0	0.0
225	rnapol	0.0	0.0	0.0
226	__protein1_rbs	30.66666666666667	0.0	0.0
226	__protein2_rbs	21.33333333333333	0.0	0.0
226	__protein3_rbs	8.666666666666666	0.0	0.0
226	__ribosome	19.666666666666668	0.0	0.0
226	__rnase_site_ext	42.0	0.0	0.0
226	p0	1.0	0.0	0.0
226	p2	0.6666666666666666	0.0	0.0
226	protein1	2588.0	38.0	1.1078586666666668
226	protein2	1608.666666666667	25.33333333333333	1.0612963333333332
226	protein3	716.3333333333335	9.666666666666666	1.1527776666666667
226	r0	36.0	0.0	0.0
226	r1	37.0	0.0	0.0
226	r2	28.33333333333333	0.0	0.0
226	rnapol	0.3333333333333333	0.0	0.0
227	__protein1_rbs	32.333333333333336	0.0	0.0
227	__protein2_rbs	20.0	0.0	0.0
227	__protein3_rbs	9.333333333333334	0.0	0.0
227	__ribosome	15.666666666666664	0.0	0.0
227	__rnase_site_ext	42.0	0.0	0.0
227	p0	1.0	0.0	0.0
227	p2	0.6666666666666666	0.0	0.0
227	protein1	2603.6666666666665	37.333333333333336	1.054169666666667
227	protein2	1615.333333333333	25.66666666666667	1.263651
227	protein3	719.0	9.666666666666666	1.3194443333333334
227	r0	36.333333333333336	0.0	0.0
227	r1	37.66666666666666	0.0	0.0
227	r2	29.0	0.0	0.0
227	rnapol	0.0	0.0	0.0
228	__protein1_rbs	32.333333333333336	0.0	0.0
228	__protein2_rbs	20.33333333333333	0.0	0.0
228	__protein3_rbs	7.333333333333332	0.0	0.0
228	__ribosome	18.33333333333333	0.0	0.0
228	__rnase_site_ext	42.0	0.0	0.0
228	p0	0.6666666666666666	0.0	0.0
228	p2	1.0	0.0	0.0
228	protein1	2621.6666666666665	37.66666666666666	0.8678863333333333
228	protein2	1624.666666666667	26.33333333333333	1.364979333333333
228	protein3	723.6666666666665	9.666666666666666	1.384259
228	r0	36.66666666666666	0.0	0.0
228	r1	37.333333333333336	0.0	0.0
228	r2	28.66666666666667	0.0	0.0
228	rnapol	0.0	0.0	0.0
229	__protein1_rbs	28.33333333333333	0.0	0.0
229	__protein2_rbs	20.0	0.0	0.0
229	__protein3_rbs	7.666666666666668	0.0	0.0
229	__ribosome	16.333333333333332	0.0	0.0
229	__rnase_site_ext	41.0	0.0	0.0
229	p0	0.6666666666666666	0.0	0.0
229	p2	0.6666666666666666	0.0	0.0
229	protein1	2637.0	36.333333333333336	0.9139729999999999
229	protein2	1635.333333333333	25.66666666666667	1.4842456666666666
229	protein3	727.0	9.666666666666666	1.3425923333333334
229	r0	34.333333333333336	0.0	0.0
229	r1	36.66666666666666	0.0	0.0
229	r2	28.33333333333333	0.0	0.0
229	rnapol	0.0	0.0	0.0
230	__protein1_rbs	30.66666666666667	0.0	0.0
230	__protein2_rbs	21.0	0.0	0.0
230	__protein3_rbs	7.333333333333332	0.0	0.0
230	__ribosome	13.666666666666664	0.0	0.0
230	__rnase_site_ext	40.333333333333336	0.0	0.0
230	p0	1.0	0.0	0.0
230	p2	0.6666666666666666	0.0	0.0
230	protein1	2648.0	36.333333333333336	1.0263513333333332
230	protein2	1646.333333333333	25.66666666666667	1.462101
230	protein3	732.0	9.0	1.3333333333333333
230	r0	34.0	0.0	0.0
230	r1	36.0	0.0	0.0
230	r2	29.0	0.0	0.0
230	rnapol	0.3333333333333333	0.0	0.0
231	__protein1_rbs	31.66666666666667	0.0	0.0
231	__protein2_rbs	21.66666666666667	0.0	0.0
231	__protein3_rbs	7.333333333333332	0.0	0.0
231	__ribosome	18.33333333333333	0.0	0.0
231	__rnase_site_ext	40.66666666666666	0.0	0.0
231	p0	1.0	0.0	0.0
231	p2	1.0	0.0	0.0
231	protein1	2662.0	36.0	0.9549333333333334
231	protein2	1659.333333333333	26.33333333333333	1.3160086666666666
231	protein3	735.3333333333335	10.0	1.2666666666666666
231	r0	35.333333333333336	0.0	0.0
231	r1	36.333333333333336	0.0	0.0
231	r2	29.66666666666667	0.0	0.0
231	rnapol	0.0	0.0	0.0
232	__protein1_rbs	30.66666666666667	0.0	0.0
232	__protein2_rbs	24.66666666666667	0.0	0.0
232	__protein3_rbs	8.0	0.0	0.0
232	__ribosome	20.33333333333333	0.0	0.0
232	__rnase_site_ext	40.66666666666666	0.0	0.0
232	p0	1.0	0.0	0.0
232	p2	0.6666666666666666	0.0	0.0
232	protein1	2677.0	36.333333333333336	0.9089440000000001
232	protein2	1671.666666666667	26.33333333333333	1.18739
232	protein3	739.0	10.0	1.5694443333333332
232	r0	35.333333333333336	0.0	0.0
232	r1	36.0	0.0	0.0
232	r2	29.66666666666667	0.0	0.0
232	rnapol	0.0	0.0	0.0
233	__protein1_rbs	27.0	0.0	0.0
233	__protein2_rbs	21.0	0.0	0.0
233	__protein3_rbs	7.666666666666668	0.0	0.0
233	__ribosome	16.0	0.0	0.0
233	__rnase_site_ext	39.0	0.0	0.0
233	p0	0.0	0.0	0.0
233	p2	0.3333333333333333	0.0	0.0
233	protein1	2691.333333333333	35.666666666666664	1.011386
233	protein2	1682.666666666667	25.66666666666667	1.235
233	protein3	742.6666666666665	9.666666666666666	1.846032
233	r0	32.666666666666664	0.0	0.0
233	r1	35.666666666666664	0.0	0.0
233	r2	28.66666666666667	0.0	0.0
233	rnapol	0.3333333333333333	0.0	0.0
234	__protein1_rbs	31.66666666666667	0.0	0.0
234	__protein2_rbs	20.0	0.0	0.0
234	__protein3_rbs	8.333333333333334	0.0	0.0
234	__ribosome	18.0	0.0	0.0
234	__rnase_site_ext	41.0	0.0	0.0
234	p0	0.6666666666666666	0.0	0.0
234	p2	1.0	0.0	0.0
234	protein1	2704.6666666666665	36.66666666666666	0.9745633333333332
234	protein2	1693.666666666667	24.66666666666667	1.2566666666666668
234	protein3	747.0	9.666666666666666	1.635606
234	r0	34.666666666666664	0.0	0.0
234	r1	34.666666666666664	0.0	0.0
234	r2	29.0	0.0	0.0
234	rnapol	0.3333333333333333	0.0	0.0
235	__protein1_rbs	30.66666666666667	0.0	0.0
235	__protein2_rbs	21.66666666666667	0.0	0.0
235	__protein3_rbs	8.0	0.0	0.0
235	__ribosome	13.333333333333336	0.0	0.0
235	__rnase_site_ext	39.66666666666666	0.0	0.0
235	p0	0.6666666666666666	0.0	0.0
235	p2	1.0	0.0	0.0
235	protein1	2716.6666666666665	36.0	1.102303
235	protein2	1701.666666666667	25.0	1.3525066666666667
235	protein3	752.6666666666665	9.333333333333334	1.4416666666666664
235	r0	34.333333333333336	0.0	0.0
235	r1	34.666666666666664	0.0	0.0
235	r2	28.0	0.0	0.0
235	rnapol	0.0	0.0	0.0
236	__protein1_rbs	32.0	0.0	0.0
236	__protein2_rbs	19.666666666666668	0.0	0.0
236	__protein3_rbs	7.666666666666668	0.0	0.0
236	__ribosome	22.33333333333333	0.0	0.0
236	__rnase_site_ext	39.66666666666666	0.0	0.0
236	p0	0.6666666666666666	0.0	0.0
236	p2	1.0	0.0	0.0
236	protein1	2732.6666666666665	36.66666666666666	1.0
236	protein2	1714.333333333333	23.66666666666667	1.282727333333333
236	protein3	758.3333333333335	8.666666666666666	1.2576716666666663
236	r0	34.333333333333336	0.0	0.0
236	r1	34.333333333333336	0.0	0.0
236	r2	28.33333333333333	0.0	0.0
236	rnapol	0.0	0.0	0.0
237	__protein1_rbs	30.66666666666667	0.0	0.0
237	__protein2_rbs	20.33333333333333	0.0	0.0
237	__protein3_rbs	6.666666666666668	0.0	0.0
237	__ribosome	18.0	0.0	0.0
237	__rnase_site_ext	41.0	0.0	0.0
237	p0	1.0	0.0	0.0
237	p2	0.6666666666666666	0.0	0.0
237	protein1	2750.333333333333	36.66666666666666	0.9780983333333334
237	protein2	1723.333333333333	24.0	1.4157576666666667
237	protein3	761.3333333333335	9.0	1.4009260000000001
237	r0	35.666666666666664	0.0	0.0
237	r1	35.333333333333336	0.0	0.0
237	r2	28.33333333333333	0.0	0.0
237	rnapol	0.0	0.0	0.0
238	__protein1_rbs	29.0	0.0	0.0
238	__protein2_rbs	20.666666666666668	0.0	0.0
238	__protein3_rbs	8.666666666666666	0.0	0.0
238	__ribosome	18.666666666666668	0.0	0.0
238	__rnase_site_ext	40.333333333333336	0.0	0.0
238	p0	1.0	0.0	0.0
238	p2	1.0	0.0	0.0
238	protein1	2765.333333333333	36.0	1.0696176666666666
238	protein2	1736.0	24.66666666666667	1.2865096666666669
238	protein3	765.0	9.333333333333334	1.2416666666666667
238	r0	35.0	0.0	0.0
238	r1	35.333333333333336	0.0	0.0
238	r2	28.66666666666667	0.0	0.0
238	rnapol	0.0	0.0	0.0
239	__protein1_rbs	31.33333333333333	0.0	0.0
239	__protein2_rbs	22.0	0.0	0.0
239	__protein3_rbs	7.333333333333332	0.0	0.0
239	__ribosome	17.0	0.0	0.0
239	__rnase_site_ext	40.333333333333336	0.0	0.0
239	p0	1.0	0.0	0.0
239	p2	0.3333333333333333	0.0	0.0
239	protein1	2779.666666666666	36.66666666666666	1.0990389999999999
239	protein2	1745.666666666667	24.66666666666667	1.2146466666666669
239	protein3	768.3333333333335	9.333333333333334	1.4
239	r0	34.666666666666664	0.0	0.0
239	r1	35.666666666666664	0.0	0.0
239	r2	28.33333333333333	0.0	0.0
239	rnapol	0.0	0.0	0.0
240	__protein1_rbs	32.333333333333336	0.0	0.0
240	__protein2_rbs	18.666666666666668	0.0	0.0
240	__protein3_rbs	9.0	0.0	0.0
240	__ribosome	20.0	0.0	0.0
240	__rnase_site_ext	41.333333333333336	0.0	0.0
240	p0	0.6666666666666666	0.0	0.0
240	p2	0.6666666666666666	0.0	0.0
240	protein1	2796.666666666666	36.66666666666666	0.978158
240	protein2	1756.333333333333	24.0	1.4058443333333333
240	protein3	773.0	9.666666666666666	1.1444443333333334
240	r0	36.0	0.0	0.0
240	r1	34.666666666666664	0.0	0.0
240	r2	28.0	0.0	0.0
240	rnapol	0.3333333333333333	0.0	0.0
