time	species	protein	transcript	ribo_density
0	__protein1_rbs	0.0	0.0	0.0
0	__protein2_rbs	0.0	0.0	0.0
0	__protein3_rbs	0.0	0.0	0.0
0	__ribosome	100.0	0.0	0.0
0	__rnase_site_ext	0.0	0.0	0.0
0	p0	1.0	0.0	0.0
0	p1	1.0	0.0	0.0
0	p2	1.0	0.0	0.0
0	r0	0.0	0.0	0.0
0	r1	0.0	0.0	0.0
0	r2	0.0	0.0	0.0
0	rnapol	4.0	0.0	0.0
1	__protein1_rbs	0.3333333333333333	0.0	0.0
1	__protein2_rbs	0.0	0.0	0.0
1	__protein3_rbs	0.0	0.0	0.0
1	__ribosome	100.0	0.0	0.0
1	__rnase_site_ext	2.333333333333333	0.0	0.0
1	p0	1.0	0.0	0.0
1	p1	0.6666666666666666	0.0	0.0
1	p2	0.3333333333333333	0.0	0.0
1	protein1	0.0	0.3333333333333333	0.0
1	r0	1.3333333333333333	0.0	0.0
1	r1	0.0	0.0	0.0
1	r2	0.3333333333333333	0.0	0.0
1	rnapol	0.3333333333333333	0.0	0.0
2	__protein1_rbs	0.6666666666666666	0.0	0.0
2	__protein2_rbs	0.6666666666666666	0.0	0.0
2	__protein3_rbs	0.0	0.0	0.0
2	__ribosome	98.0	0.0	0.0
2	__rnase_site_ext	4.333333333333333	0.0	0.0
2	p0	1.0	0.0	0.0
2	p1	1.0	0.0	0.0
2	p2	1.0	0.0	0.0
2	protein1	0.0	1.6666666666666667	1.1666666666666667
2	protein2	0.0	0.6666666666666666	0.0
2	protein3	0.0	0.3333333333333333	0.3333333333333333
2	r0	2.0	0.0	0.0
2	r1	0.6666666666666666	0.0	0.0
2	r2	1.3333333333333333	0.0	0.0
2	rnapol	0.3333333333333333	0.0	0.0
3	__protein1_rbs	0.3333333333333333	0.0	0.0
3	__protein2_rbs	0.0	0.0	0.0
3	__protein3_rbs	0.3333333333333333	0.0	0.0
3	__ribosome	93.33333333333331	0.0	0.0
3	__rnase_site_ext	4.0	0.0	0.0
3	p0	1.0	0.0	0.0
3	p1	1.0	0.0	0.0
3	p2	1.0	0.0	0.0
3	protein1	0.0	2.333333333333333	2.0
3	protein2	0.0	0.6666666666666666	0.5
3	protein3	0.0	0.6666666666666666	0.5
3	r0	2.0	0.0	0.0
3	r1	0.6666666666666666	0.0	0.0
3	r2	1.3333333333333333	0.0	0.0
3	rnapol	0.0	0.0	0.0
4	__protein1_rbs	1.6666666666666667	0.0	0.0
4	__protein2_rbs	0.0	0.0	0.0
4	__protein3_rbs	0.6666666666666666	0.0	0.0
4	__ribosome	90.66666666666669	0.0	0.0
4	__rnase_site_ext	4.0	0.0	0.0
4	p0	1.0	0.0	0.0
4	p1	0.6666666666666666	0.0	0.0
4	p2	1.0	0.0	0.0
4	protein1	0.0	2.333333333333333	2.6666666666666665
4	protein2	0.0	0.3333333333333333	1.3333333333333333
4	protein3	0.0	0.6666666666666666	0.8333333333333334
4	r0	2.333333333333333	0.0	0.0
4	r1	0.3333333333333333	0.0	0.0
4	r2	1.3333333333333333	0.0	0.0
4	rnapol	0.0	0.0	0.0
5	__protein1_rbs	0.3333333333333333	0.0	0.0
5	__protein2_rbs	0.3333333333333333	0.0	0.0
5	__protein3_rbs	0.6666666666666666	0.0	0.0
5	__ribosome	88.0	0.0	0.0
5	__rnase_site_ext	4.0	0.0	0.0
5	p0	1.0	0.0	0.0
5	p1	0.3333333333333333	0.0	0.0
5	p2	0.6666666666666666	0.0	0.0
5	protein1	1.0	2.333333333333333	3.333333333333333
5	protein2	0.0	1.0	1.0
5	protein3	0.0	0.6666666666666666	1.0
5	r0	2.333333333333333	0.0	0.0
5	r1	1.3333333333333333	0.0	0.0
5	r2	1.3333333333333333	0.0	0.0
5	rnapol	0.0	0.0	0.0
6	__protein1_rbs	0.3333333333333333	0.0	0.0
6	__protein2_rbs	0.6666666666666666	0.0	0.0
6	__protein3_rbs	0.3333333333333333	0.0	0.0
6	__ribosome	84.0	0.0	0.0
6	__rnase_site_ext	4.333333333333333	0.0	0.0
6	p0	1.0	0.0	0.0
6	p1	1.0	0.0	0.0
6	p2	1.0	0.0	0.0
6	protein1	3.6666666666666665	2.6666666666666665	3.1666666666666665
6	protein2	0.0	2.0	2.111111
6	protein3	0.0	0.6666666666666666	1.5
6	r0	2.333333333333333	0.0	0.0
6	r1	2.6666666666666665	0.0	0.0
6	r2	2.0	0.0	0.0
6	rnapol	1.0	0.0	0.0
7	__protein1_rbs	2.333333333333333	0.0	0.0
7	__protein2_rbs	1.0	0.0	0.0
7	__protein3_rbs	0.3333333333333333	0.0	0.0
7	__ribosome	82.33333333333333	0.0	0.0
7	__rnase_site_ext	5.333333333333333	0.0	0.0
7	p0	0.6666666666666666	0.0	0.0
7	p1	1.0	0.0	0.0
7	p2	1.0	0.0	0.0
7	protein1	5.666666666666668	3.6666666666666665	2.4722223333333333
7	protein2	0.6666666666666666	2.6666666666666665	2.6388890000000003
7	protein3	1.0	0.6666666666666666	1.3333333333333333
7	r0	3.6666666666666665	0.0	0.0
7	r1	3.0	0.0	0.0
7	r2	2.0	0.0	0.0
7	rnapol	0.0	0.0	0.0
8	__protein1_rbs	2.0	0.0	0.0
8	__protein2_rbs	1.6666666666666667	0.0	0.0
8	__protein3_rbs	0.6666666666666666	0.0	0.0
8	__ribosome	78.33333333333333	0.0	0.0
8	__rnase_site_ext	5.666666666666668	0.0	0.0
8	p0	1.0	0.0	0.0
8	p1	0.6666666666666666	0.0	0.0
8	p2	0.6666666666666666	0.0	0.0
8	protein1	7.333333333333332	4.0	2.8444443333333336
8	protein2	1.0	2.6666666666666665	3.361111
8	protein3	1.3333333333333333	0.6666666666666666	1.3333333333333333
8	r0	3.333333333333333	0.0	0.0
8	r1	3.0	0.0	0.0
8	r2	2.0	0.0	0.0
8	rnapol	0.0	0.0	0.0
9	__protein1_rbs	2.0	0.0	0.0
9	__protein2_rbs	1.0	0.0	0.0
9	__protein3_rbs	0.3333333333333333	0.0	0.0
9	__ribosome	78.33333333333333	0.0	0.0
9	__rnase_site_ext	5.666666666666668	0.0	0.0
9	p0	1.0	0.0	0.0
9	p1	0.3333333333333333	0.0	0.0
9	p2	0.3333333333333333	0.0	0.0
9	protein1	11.0	4.0	2.6666666666666665
9	protein2	2.6666666666666665	2.6666666666666665	3.8333333333333335
9	protein3	2.0	0.6666666666666666	1.1666666666666667
9	r0	4.0	0.0	0.0
9	r1	3.0	0.0	0.0
9	r2	2.6666666666666665	0.0	0.0
9	rnapol	0.0	0.0	0.0
10	__protein1_rbs	2.6666666666666665	0.0	0.0
10	__protein2_rbs	1.3333333333333333	0.0	0.0
10	__protein3_rbs	0.3333333333333333	0.0	0.0
10	__ribosome	75.33333333333333	0.0	0.0
10	__rnase_site_ext	6.0	0.0	0.0
10	p0	1.0	0.0	0.0
10	p1	1.0	0.0	0.0
10	p2	0.6666666666666666	0.0	0.0
10	protein1	13.0	4.0	2.9166666666666665
10	protein2	3.333333333333333	3.0	3.2777776666666667
10	protein3	2.6666666666666665	1.0	1.5
10	r0	3.6666666666666665	0.0	0.0
10	r1	4.0	0.0	0.0
10	r2	3.333333333333333	0.0	0.0
10	rnapol	0.3333333333333333	0.0	0.0
11	__protein1_rbs	2.0	0.0	0.0
11	__protein2_rbs	2.6666666666666665	0.0	0.0
11	__protein3_rbs	0.6666666666666666	0.0	0.0
11	__ribosome	72.66666666666667	0.0	0.0
11	__rnase_site_ext	6.0	0.0	0.0
11	p0	1.0	0.0	0.0
11	p1	1.0	0.0	0.0
11	p2	1.0	0.0	0.0
11	protein1	16.666666666666668	4.333333333333333	3.083333333333333
11	protein2	5.666666666666668	3.6666666666666665	3.288889
11	protein3	3.333333333333333	1.3333333333333333	1.6666666666666667
11	r0	4.0	0.0	0.0
11	r1	4.333333333333333	0.0	0.0
11	r2	4.333333333333333	0.0	0.0
11	rnapol	0.6666666666666666	0.0	0.0
12	__protein1_rbs	2.0	0.0	0.0
12	__protein2_rbs	2.333333333333333	0.0	0.0
12	__protein3_rbs	0.6666666666666666	0.0	0.0
12	__ribosome	71.33333333333333	0.0	0.0
12	__rnase_site_ext	6.333333333333332	0.0	0.0
12	p0	1.0	0.0	0.0
12	p1	1.0	0.0	0.0
12	p2	1.0	0.0	0.0
12	protein1	19.33333333333333	4.0	3.394444333333334
12	protein2	8.666666666666666	4.0	3.2944443333333333
12	protein3	4.0	1.6666666666666667	2.0
12	r0	3.6666666666666665	0.0	0.0
12	r1	4.333333333333333	0.0	0.0
12	r2	4.666666666666667	0.0	0.0
12	rnapol	0.3333333333333333	0.0	0.0
13	__protein1_rbs	2.0	0.0	0.0
13	__protein2_rbs	2.333333333333333	0.0	0.0
13	__protein3_rbs	1.6666666666666667	0.0	0.0
13	__ribosome	71.0	0.0	0.0
13	__rnase_site_ext	7.0	0.0	0.0
13	p0	1.0	0.0	0.0
13	p1	1.0	0.0	0.0
13	p2	0.6666666666666666	0.0	0.0
13	protein1	24.66666666666667	4.333333333333333	2.8888890000000003
13	protein2	11.0	4.0	3.4333333333333336
13	protein3	4.0	2.0	2.1666666666666665
13	r0	4.0	0.0	0.0
13	r1	4.333333333333333	0.0	0.0
13	r2	5.0	0.0	0.0
13	rnapol	0.3333333333333333	0.0	0.0
14	__protein1_rbs	2.333333333333333	0.0	0.0
14	__protein2_rbs	2.0	0.0	0.0
14	__protein3_rbs	1.3333333333333333	0.0	0.0
14	__ribosome	67.66666666666667	0.0	0.0
14	__rnase_site_ext	7.0	0.0	0.0
14	p0	0.6666666666666666	0.0	0.0
14	p1	1.0	0.0	0.0
14	p2	0.6666666666666666	0.0	0.0
14	protein1	27.66666666666667	4.666666666666667	2.783333333333333
14	protein2	13.333333333333336	4.0	3.722222333333333
14	protein3	5.0	2.333333333333333	2.111111333333333
14	r0	4.333333333333333	0.0	0.0
14	r1	4.333333333333333	0.0	0.0
14	r2	5.666666666666668	0.0	0.0
14	rnapol	0.0	0.0	0.0
15	__protein1_rbs	2.333333333333333	0.0	0.0
15	__protein2_rbs	2.6666666666666665	0.0	0.0
15	__protein3_rbs	1.0	0.0	0.0
15	__ribosome	66.0	0.0	0.0
15	__rnase_site_ext	8.333333333333334	0.0	0.0
15	p0	1.0	0.0	0.0
15	p1	0.6666666666666666	0.0	0.0
15	p2	1.0	0.0	0.0
15	protein1	31.0	5.666666666666668	2.6333333333333333
15	protein2	17.666666666666668	4.0	3.216666666666667
15	protein3	5.666666666666668	2.333333333333333	2.8888890000000003
15	r0	5.666666666666668	0.0	0.0
15	r1	4.666666666666667	0.0	0.0
15	r2	6.666666666666668	0.0	0.0
15	rnapol	0.0	0.0	0.0
16	__protein1_rbs	3.333333333333333	0.0	0.0
16	__protein2_rbs	2.0	0.0	0.0
16	__protein3_rbs	1.6666666666666667	0.0	0.0
16	__ribosome	62.33333333333334	0.0	0.0
16	__rnase_site_ext	8.666666666666666	0.0	0.0
16	p0	1.0	0.0	0.0
16	p1	1.0	0.0	0.0
16	p2	0.6666666666666666	0.0	0.0
16	protein1	35.0	6.333333333333332	2.525
16	protein2	19.666666666666668	4.0	3.644444333333333
16	protein3	6.333333333333332	2.333333333333333	3.222222
16	r0	6.0	0.0	0.0
16	r1	5.0	0.0	0.0
16	r2	6.666666666666668	0.0	0.0
16	rnapol	0.0	0.0	0.0
17	__protein1_rbs	4.333333333333333	0.0	0.0
17	__protein2_rbs	2.0	0.0	0.0
17	__protein3_rbs	1.3333333333333333	0.0	0.0
17	__ribosome	60.0	0.0	0.0
17	__rnase_site_ext	9.333333333333334	0.0	0.0
17	p0	0.6666666666666666	0.0	0.0
17	p1	1.0	0.0	0.0
17	p2	1.0	0.0	0.0
17	protein1	38.66666666666666	6.333333333333332	2.569444333333333
17	protein2	23.0	4.666666666666667	3.2222223333333333
17	protein3	7.666666666666668	2.333333333333333	3.555555666666667
17	r0	5.666666666666668	0.0	0.0
17	r1	5.333333333333333	0.0	0.0
17	r2	6.666666666666668	0.0	0.0
17	rnapol	0.0	0.0	0.0
18	__protein1_rbs	5.0	0.0	0.0
18	__protein2_rbs	3.0	0.0	0.0
18	__protein3_rbs	0.6666666666666666	0.0	0.0
18	__ribosome	60.33333333333334	0.0	0.0
18	__rnase_site_ext	10.333333333333334	0.0	0.0
18	p0	1.0	0.0	0.0
18	p1	1.0	0.0	0.0
18	p2	1.0	0.0	0.0
18	protein1	42.66666666666666	7.0	2.5079366666666667
18	protein2	27.0	4.666666666666667	2.861111
18	protein3	9.333333333333334	2.0	4.333333333333333
18	r0	7.333333333333332	0.0	0.0
18	r1	6.333333333333332	0.0	0.0
18	r2	6.666666666666668	0.0	0.0
18	rnapol	0.0	0.0	0.0
19	__protein1_rbs	4.333333333333333	0.0	0.0
19	__protein2_rbs	2.0	0.0	0.0
19	__protein3_rbs	1.3333333333333333	0.0	0.0
19	__ribosome	60.33333333333334	0.0	0.0
19	__rnase_site_ext	10.333333333333334	0.0	0.0
19	p0	1.0	0.0	0.0
19	p1	1.0	0.0	0.0
19	p2	0.6666666666666666	0.0	0.0
19	protein1	49.66666666666666	7.333333333333332	2.198412333333333
19	protein2	30.0	5.333333333333333	2.9190476666666667
19	protein3	11.333333333333336	2.0	4.111111
19	r0	7.333333333333332	0.0	0.0
19	r1	7.333333333333332	0.0	0.0
19	r2	6.333333333333332	0.0	0.0
19	rnapol	0.0	0.0	0.0
20	__protein1_rbs	3.333333333333333	0.0	0.0
20	__protein2_rbs	3.333333333333333	0.0	0.0
20	__protein3_rbs	1.6666666666666667	0.0	0.0
20	__ribosome	56.66666666666666	0.0	0.0
20	__rnase_site_ext	10.0	0.0	0.0
20	p0	1.0	0.0	0.0
20	p1	0.6666666666666666	0.0	0.0
20	p2	0.6666666666666666	0.0	0.0
20	protein1	54.0	7.333333333333332	2.439153333333333
20	protein2	32.0	6.666666666666668	2.7222223333333333
20	protein3	13.333333333333336	2.0	3.722222333333333
20	r0	7.0	0.0	0.0
20	r1	7.666666666666668	0.0	0.0
20	r2	6.666666666666668	0.0	0.0
20	rnapol	0.3333333333333333	0.0	0.0
21	__protein1_rbs	3.6666666666666665	0.0	0.0
21	__protein2_rbs	3.0	0.0	0.0
21	__protein3_rbs	1.0	0.0	0.0
21	__ribosome	55.33333333333334	0.0	0.0
21	__rnase_site_ext	10.0	0.0	0.0
21	p0	0.6666666666666666	0.0	0.0
21	p1	1.0	0.0	0.0
21	p2	1.0	0.0	0.0
21	protein1	59.33333333333334	7.333333333333332	2.544973333333333
21	protein2	36.0	6.666666666666668	2.944444333333333
21	protein3	15.0	1.6666666666666667	3.8333333333333335
21	r0	6.666666666666668	0.0	0.0
21	r1	7.666666666666668	0.0	0.0
21	r2	7.0	0.0	0.0
21	rnapol	0.0	0.0	0.0
22	__protein1_rbs	5.0	0.0	0.0
22	__protein2_rbs	5.0	0.0	0.0
22	__protein3_rbs	1.3333333333333333	0.0	0.0
22	__ribosome	55.66666666666666	0.0	0.0
22	__rnase_site_ext	10.666666666666666	0.0	0.0
22	p0	1.0	0.0	0.0
22	p1	1.0	0.0	0.0
22	p2	0.6666666666666666	0.0	0.0
22	protein1	63.66666666666666	8.0	2.554233
22	protein2	39.333333333333336	6.666666666666668	2.819444333333333
22	protein3	17.0	1.6666666666666667	3.0
22	r0	7.333333333333332	0.0	0.0
22	r1	8.333333333333334	0.0	0.0
22	r2	7.0	0.0	0.0
22	rnapol	0.0	0.0	0.0
23	__protein1_rbs	6.0	0.0	0.0
23	__protein2_rbs	3.6666666666666665	0.0	0.0
23	__protein3_rbs	1.3333333333333333	0.0	0.0
23	__ribosome	54.66666666666666	0.0	0.0
23	__rnase_site_ext	11.666666666666664	0.0	0.0
23	p0	0.6666666666666666	0.0	0.0
23	p1	1.0	0.0	0.0
23	p2	0.6666666666666666	0.0	0.0
23	protein1	69.0	8.666666666666666	2.3132273333333333
23	protein2	43.66666666666666	6.666666666666668	3.097222
23	protein3	18.666666666666668	2.0	2.333333333333333
23	r0	8.333333333333334	0.0	0.0
23	r1	8.0	0.0	0.0
23	r2	8.333333333333334	0.0	0.0
23	rnapol	0.3333333333333333	0.0	0.0
24	__protein1_rbs	6.333333333333332	0.0	0.0
24	__protein2_rbs	2.6666666666666665	0.0	0.0
24	__protein3_rbs	1.0	0.0	0.0
24	__ribosome	54.66666666666666	0.0	0.0
24	__rnase_site_ext	12.0	0.0	0.0
24	p0	1.0	0.0	0.0
24	p1	1.0	0.0	0.0
24	p2	1.0	0.0	0.0
24	protein1	75.0	9.333333333333334	2.1527776666666667
24	protein2	49.66666666666666	6.333333333333332	3.190476333333333
24	protein3	20.0	2.333333333333333	2.333333333333333
24	r0	8.666666666666666	0.0	0.0
24	r1	8.0	0.0	0.0
24	r2	9.0	0.0	0.0
24	rnapol	0.0	0.0	0.0
25	__protein1_rbs	6.333333333333332	0.0	0.0
25	__protein2_rbs	4.333333333333333	0.0	0.0
25	__protein3_rbs	1.3333333333333333	0.0	0.0
25	__ribosome	54.33333333333334	0.0	0.0
25	__rnase_site_ext	12.333333333333336	0.0	0.0
25	p0	0.6666666666666666	0.0	0.0
25	p1	1.0	0.0	0.0
25	p2	0.6666666666666666	0.0	0.0
25	protein1	80.66666666666667	9.333333333333334	2.20202
25	protein2	55.0	6.333333333333332	3.055555666666667
25	protein3	21.33333333333333	2.6666666666666665	2.277778
25	r0	9.0	0.0	0.0
25	r1	8.333333333333334	0.0	0.0
25	r2	9.333333333333334	0.0	0.0
25	rnapol	0.0	0.0	0.0
26	__protein1_rbs	5.0	0.0	0.0
26	__protein2_rbs	5.0	0.0	0.0
26	__protein3_rbs	2.0	0.0	0.0
26	__ribosome	51.66666666666666	0.0	0.0
26	__rnase_site_ext	12.666666666666664	0.0	0.0
26	p0	1.0	0.0	0.0
26	p1	1.0	0.0	0.0
26	p2	1.0	0.0	0.0
26	protein1	88.0	9.666666666666666	2.1219696666666668
26	protein2	57.33333333333334	6.666666666666668	3.1349206666666665
26	protein3	21.66666666666667	3.0	2.444444333333333
26	r0	8.333333333333334	0.0	0.0
26	r1	9.0	0.0	0.0
26	r2	9.666666666666666	0.0	0.0
26	rnapol	0.0	0.0	0.0
27	__protein1_rbs	6.666666666666668	0.0	0.0
27	__protein2_rbs	5.333333333333333	0.0	0.0
27	__protein3_rbs	1.6666666666666667	0.0	0.0
27	__ribosome	48.33333333333334	0.0	0.0
27	__rnase_site_ext	13.333333333333336	0.0	0.0
27	p0	0.6666666666666666	0.0	0.0
27	p1	0.6666666666666666	0.0	0.0
27	p2	1.0	0.0	0.0
27	protein1	93.66666666666669	10.0	2.1649830000000003
27	protein2	62.33333333333334	7.0	2.974206333333333
27	protein3	22.0	3.0	3.111111
27	r0	8.666666666666666	0.0	0.0
27	r1	10.0	0.0	0.0
27	r2	9.333333333333334	0.0	0.0
27	rnapol	0.3333333333333333	0.0	0.0
28	__protein1_rbs	7.333333333333332	0.0	0.0
28	__protein2_rbs	5.666666666666668	0.0	0.0
28	__protein3_rbs	2.0	0.0	0.0
28	__ribosome	49.66666666666666	0.0	0.0
28	__rnase_site_ext	14.666666666666664	0.0	0.0
28	p0	1.0	0.0	0.0
28	p1	1.0	0.0	0.0
28	p2	1.0	0.0	0.0
28	protein1	99.66666666666669	11.333333333333336	2.025641
28	protein2	68.33333333333333	7.666666666666668	2.370370333333333
28	protein3	23.33333333333333	3.0	2.9722223333333333
28	r0	11.0	0.0	0.0
28	r1	10.666666666666666	0.0	0.0
28	r2	9.333333333333334	0.0	0.0
28	rnapol	0.0	0.0	0.0
29	__protein1_rbs	7.333333333333332	0.0	0.0
29	__protein2_rbs	6.0	0.0	0.0
29	__protein3_rbs	2.333333333333333	0.0	0.0
29	__ribosome	45.66666666666666	0.0	0.0
29	__rnase_site_ext	14.0	0.0	0.0
29	p0	1.0	0.0	0.0
29	p1	1.0	0.0	0.0
29	p2	0.6666666666666666	0.0	0.0
29	protein1	104.66666666666669	11.0	2.284615333333333
29	protein2	72.66666666666667	8.0	2.4093916666666666
29	protein3	25.66666666666667	3.0	3.083333333333333
29	r0	10.333333333333334	0.0	0.0
29	r1	11.0	0.0	0.0
29	r2	9.0	0.0	0.0
29	rnapol	0.0	0.0	0.0
30	__protein1_rbs	9.0	0.0	0.0
30	__protein2_rbs	7.333333333333332	0.0	0.0
30	__protein3_rbs	2.0	0.0	0.0
30	__ribosome	46.66666666666666	0.0	0.0
30	__rnase_site_ext	14.666666666666664	0.0	0.0
30	p0	0.6666666666666666	0.0	0.0
30	p1	0.3333333333333333	0.0	0.0
30	p2	1.0	0.0	0.0
30	protein1	112.33333333333331	11.666666666666664	2.2333333333333334
30	protein2	78.0	8.0	2.240079333333333
30	protein3	28.0	3.0	3.0
30	r0	11.666666666666664	0.0	0.0
30	r1	11.0	0.0	0.0
30	r2	9.0	0.0	0.0
30	rnapol	0.0	0.0	0.0
31	__protein1_rbs	8.333333333333334	0.0	0.0
31	__protein2_rbs	4.666666666666667	0.0	0.0
31	__protein3_rbs	2.0	0.0	0.0
31	__ribosome	44.33333333333334	0.0	0.0
31	__rnase_site_ext	15.0	0.0	0.0
31	p0	1.0	0.0	0.0
31	p1	0.3333333333333333	0.0	0.0
31	p2	0.3333333333333333	0.0	0.0
31	protein1	119.33333333333331	12.0	2.21645
31	protein2	82.0	8.0	2.6031746666666664
31	protein3	30.0	2.6666666666666665	3.0
31	r0	12.0	0.0	0.0
31	r1	11.666666666666664	0.0	0.0
31	r2	9.333333333333334	0.0	0.0
31	rnapol	0.3333333333333333	0.0	0.0
32	__protein1_rbs	8.333333333333334	0.0	0.0
32	__protein2_rbs	6.666666666666668	0.0	0.0
32	__protein3_rbs	1.6666666666666667	0.0	0.0
32	__ribosome	43.66666666666666	0.0	0.0
32	__rnase_site_ext	15.333333333333336	0.0	0.0
32	p0	0.3333333333333333	0.0	0.0
32	p1	0.6666666666666666	0.0	0.0
32	p2	0.6666666666666666	0.0	0.0
32	protein1	127.66666666666669	12.333333333333336	2.0854976666666665
32	protein2	86.33333333333331	9.0	2.437963
32	protein3	31.66666666666667	3.0	2.9722223333333333
32	r0	11.333333333333336	0.0	0.0
32	r1	12.333333333333336	0.0	0.0
32	r2	9.666666666666666	0.0	0.0
32	rnapol	0.3333333333333333	0.0	0.0
33	__protein1_rbs	9.333333333333334	0.0	0.0
33	__protein2_rbs	5.666666666666668	0.0	0.0
33	__protein3_rbs	1.0	0.0	0.0
33	__ribosome	44.33333333333334	0.0	0.0
33	__rnase_site_ext	15.666666666666664	0.0	0.0
33	p0	0.6666666666666666	0.0	0.0
33	p1	0.6666666666666666	0.0	0.0
33	p2	1.0	0.0	0.0
33	protein1	137.33333333333334	13.333333333333336	1.7948716666666666
33	protein2	91.33333333333331	8.666666666666666	2.8000000000000003
33	protein3	34.666666666666664	2.6666666666666665	3.083333333333333
33	r0	12.0	0.0	0.0
33	r1	12.666666666666664	0.0	0.0
33	r2	9.666666666666666	0.0	0.0
33	rnapol	0.0	0.0	0.0
34	__protein1_rbs	11.333333333333336	0.0	0.0
34	__protein2_rbs	7.333333333333332	0.0	0.0
34	__protein3_rbs	1.6666666666666667	0.0	0.0
34	__ribosome	44.66666666666666	0.0	0.0
34	__rnase_site_ext	15.333333333333336	0.0	0.0
34	p0	1.0	0.0	0.0
34	p1	1.0	0.0	0.0
34	p2	1.0	0.0	0.0
34	protein1	143.33333333333334	13.333333333333336	1.9020200000000005
34	protein2	96.66666666666669	9.666666666666666	2.368939333333333
34	protein3	36.333333333333336	2.333333333333333	3.2777776666666667
34	r0	12.333333333333336	0.0	0.0
34	r1	13.333333333333336	0.0	0.0
34	r2	9.666666666666666	0.0	0.0
34	rnapol	0.0	0.0	0.0
35	__protein1_rbs	9.333333333333334	0.0	0.0
35	__protein2_rbs	6.333333333333332	0.0	0.0
35	__protein3_rbs	1.3333333333333333	0.0	0.0
35	__ribosome	43.33333333333334	0.0	0.0
35	__rnase_site_ext	15.333333333333336	0.0	0.0
35	p0	1.0	0.0	0.0
35	p1	0.3333333333333333	0.0	0.0
35	p2	0.6666666666666666	0.0	0.0
35	protein1	152.33333333333334	13.0	1.7510823333333334
35	protein2	101.0	9.666666666666666	2.5977273333333333
35	protein3	37.333333333333336	2.333333333333333	3.888889
35	r0	12.0	0.0	0.0
35	r1	13.333333333333336	0.0	0.0
35	r2	9.666666666666666	0.0	0.0
35	rnapol	0.0	0.0	0.0
36	__protein1_rbs	9.666666666666666	0.0	0.0
36	__protein2_rbs	6.666666666666668	0.0	0.0
36	__protein3_rbs	2.0	0.0	0.0
36	__ribosome	40.66666666666666	0.0	0.0
36	__rnase_site_ext	15.333333333333336	0.0	0.0
36	p0	0.6666666666666666	0.0	0.0
36	p1	1.0	0.0	0.0
36	p2	1.0	0.0	0.0
36	protein1	158.0	13.333333333333336	1.9325396666666668
36	protein2	106.66666666666669	10.0	2.670454666666666
36	protein3	39.333333333333336	2.333333333333333	3.2222223333333333
36	r0	11.666666666666664	0.0	0.0
36	r1	14.0	0.0	0.0
36	r2	10.333333333333334	0.0	0.0
36	rnapol	0.3333333333333333	0.0	0.0
37	__protein1_rbs	8.333333333333334	0.0	0.0
37	__protein2_rbs	8.0	0.0	0.0
37	__protein3_rbs	3.0	0.0	0.0
37	__ribosome	43.66666666666666	0.0	0.0
37	__rnase_site_ext	16.333333333333332	0.0	0.0
37	p0	1.0	0.0	0.0
37	p1	1.0	0.0	0.0
37	p2	1.0	0.0	0.0
37	protein1	167.0	13.666666666666664	1.847619
37	protein2	113.66666666666669	10.666666666666666	2.375757666666667
37	protein3	42.0	3.0	2.055555666666667
37	r0	13.333333333333336	0.0	0.0
37	r1	14.666666666666664	0.0	0.0
37	r2	10.666666666666666	0.0	0.0
37	rnapol	0.0	0.0	0.0
38	__protein1_rbs	8.333333333333334	0.0	0.0
38	__protein2_rbs	7.666666666666668	0.0	0.0
38	__protein3_rbs	2.333333333333333	0.0	0.0
38	__ribosome	38.333333333333336	0.0	0.0
38	__rnase_site_ext	15.333333333333336	0.0	0.0
38	p0	1.0	0.0	0.0
38	p1	1.0	0.0	0.0
38	p2	1.0	0.0	0.0
38	protein1	172.33333333333337	13.666666666666664	2.0229700000000004
38	protein2	119.0	11.0	2.4848483333333333
38	protein3	43.33333333333334	3.333333333333333	2.1666666666666665
38	r0	12.0	0.0	0.0
38	r1	14.666666666666664	0.0	0.0
38	r2	10.666666666666666	0.0	0.0
38	rnapol	0.0	0.0	0.0
39	__protein1_rbs	10.0	0.0	0.0
39	__protein2_rbs	8.0	0.0	0.0
39	__protein3_rbs	1.6666666666666667	0.0	0.0
39	__ribosome	39.66666666666666	0.0	0.0
39	__rnase_site_ext	14.666666666666664	0.0	0.0
39	p0	0.6666666666666666	0.0	0.0
39	p1	0.6666666666666666	0.0	0.0
39	p2	1.0	0.0	0.0
39	protein1	181.0	13.333333333333336	1.9652776666666665
39	protein2	125.0	11.0	2.4242423333333334
39	protein3	45.33333333333334	3.333333333333333	2.4166666666666665
39	r0	12.333333333333336	0.0	0.0
39	r1	14.666666666666664	0.0	0.0
39	r2	11.0	0.0	0.0
39	rnapol	0.0	0.0	0.0
40	__protein1_rbs	10.0	0.0	0.0
40	__protein2_rbs	8.0	0.0	0.0
40	__protein3_rbs	3.0	0.0	0.0
40	__ribosome	41.333333333333336	0.0	0.0
40	__rnase_site_ext	15.0	0.0	0.0
40	p0	0.6666666666666666	0.0	0.0
40	p1	1.0	0.0	0.0
40	p2	0.6666666666666666	0.0	0.0
40	protein1	190.0	13.666666666666664	1.9166666666666667
40	protein2	131.66666666666666	11.333333333333336	2.303030333333333
40	protein3	46.66666666666666	3.333333333333333	2.1666666666666665
40	r0	12.333333333333336	0.0	0.0
40	r1	15.333333333333336	0.0	0.0
40	r2	11.333333333333336	0.0	0.0
40	rnapol	0.0	0.0	0.0
41	__protein1_rbs	7.333333333333332	0.0	0.0
41	__protein2_rbs	7.333333333333332	0.0	0.0
41	__protein3_rbs	3.0	0.0	0.0
41	__ribosome	39.333333333333336	0.0	0.0
41	__rnase_site_ext	16.666666666666668	0.0	0.0
41	p0	0.6666666666666666	0.0	0.0
41	p1	1.0	0.0	0.0
41	p2	0.6666666666666666	0.0	0.0
41	protein1	197.66666666666663	14.333333333333336	2.02849
41	protein2	139.0	11.0	2.2424243333333336
41	protein3	48.0	3.6666666666666665	2.0
41	r0	14.0	0.0	0.0
41	r1	15.333333333333336	0.0	0.0
41	r2	11.666666666666664	0.0	0.0
41	rnapol	0.6666666666666666	0.0	0.0
42	__protein1_rbs	11.0	0.0	0.0
42	__protein2_rbs	6.333333333333332	0.0	0.0
42	__protein3_rbs	2.0	0.0	0.0
42	__ribosome	38.0	0.0	0.0
42	__rnase_site_ext	18.0	0.0	0.0
42	p0	0.6666666666666666	0.0	0.0
42	p1	1.0	0.0	0.0
42	p2	1.0	0.0	0.0
42	protein1	205.33333333333331	15.333333333333336	1.9589743333333327
42	protein2	145.33333333333334	10.666666666666666	2.3545453333333337
42	protein3	50.0	3.6666666666666665	2.0
42	r0	15.0	0.0	0.0
42	r1	15.333333333333336	0.0	0.0
42	r2	12.333333333333336	0.0	0.0
42	rnapol	0.3333333333333333	0.0	0.0
43	__protein1_rbs	12.666666666666664	0.0	0.0
43	__protein2_rbs	9.666666666666666	0.0	0.0
43	__protein3_rbs	2.333333333333333	0.0	0.0
43	__ribosome	38.66666666666666	0.0	0.0
43	__rnase_site_ext	17.666666666666668	0.0	0.0
43	p0	0.6666666666666666	0.0	0.0
43	p1	1.0	0.0	0.0
43	p2	1.0	0.0	0.0
43	protein1	214.66666666666663	16.0	1.7595236666666667
43	protein2	150.33333333333334	10.666666666666666	2.2878786666666664
43	protein3	51.66666666666666	3.6666666666666665	2.3888890000000003
43	r0	14.333333333333336	0.0	0.0
43	r1	15.666666666666664	0.0	0.0
43	r2	12.0	0.0	0.0
43	rnapol	0.3333333333333333	0.0	0.0
44	__protein1_rbs	11.0	0.0	0.0
44	__protein2_rbs	6.333333333333332	0.0	0.0
44	__protein3_rbs	3.333333333333333	0.0	0.0
44	__ribosome	38.333333333333336	0.0	0.0
44	__rnase_site_ext	17.666666666666668	0.0	0.0
44	p0	0.6666666666666666	0.0	0.0
44	p1	0.3333333333333333	0.0	0.0
44	p2	1.0	0.0	0.0
44	protein1	223.33333333333331	16.333333333333332	1.7071430000000003
44	protein2	157.33333333333334	10.666666666666666	2.4055556666666664
44	protein3	53.66666666666666	3.6666666666666665	2.194444333333333
44	r0	15.0	0.0	0.0
44	r1	15.0	0.0	0.0
44	r2	12.333333333333336	0.0	0.0
44	rnapol	0.3333333333333333	0.0	0.0
45	__protein1_rbs	11.333333333333336	0.0	0.0
45	__protein2_rbs	7.333333333333332	0.0	0.0
45	__protein3_rbs	2.0	0.0	0.0
45	__ribosome	37.66666666666666	0.0	0.0
45	__rnase_site_ext	18.666666666666668	0.0	0.0
45	p0	1.0	0.0	0.0
45	p1	0.6666666666666666	0.0	0.0
45	p2	1.0	0.0	0.0
45	protein1	232.0	16.666666666666668	1.7269003333333333
45	protein2	162.66666666666666	11.0	2.273737333333333
45	protein3	55.0	3.333333333333333	2.75
45	r0	16.333333333333332	0.0	0.0
45	r1	16.0	0.0	0.0
45	r2	12.0	0.0	0.0
45	rnapol	0.0	0.0	0.0
46	__protein1_rbs	11.333333333333336	0.0	0.0
46	__protein2_rbs	8.0	0.0	0.0
46	__protein3_rbs	2.333333333333333	0.0	0.0
46	__ribosome	36.0	0.0	0.0
46	__rnase_site_ext	18.33333333333333	0.0	0.0
46	p0	1.0	0.0	0.0
46	p1	0.6666666666666666	0.0	0.0
46	p2	1.0	0.0	0.0
46	protein1	240.66666666666663	17.0	1.8256580000000002
46	protein2	169.33333333333334	11.666666666666664	2.1142190000000003
46	protein3	56.66666666666666	3.333333333333333	2.6666666666666665
46	r0	14.666666666666664	0.0	0.0
46	r1	16.333333333333332	0.0	0.0
46	r2	12.0	0.0	0.0
46	rnapol	0.3333333333333333	0.0	0.0
47	__protein1_rbs	12.666666666666664	0.0	0.0
47	__protein2_rbs	8.666666666666666	0.0	0.0
47	__protein3_rbs	3.333333333333333	0.0	0.0
47	__ribosome	38.333333333333336	0.0	0.0
47	__rnase_site_ext	17.333333333333332	0.0	0.0
47	p0	1.0	0.0	0.0
47	p1	0.6666666666666666	0.0	0.0
47	p2	1.0	0.0	0.0
47	protein1	249.66666666666663	17.0	1.8180556666666667
47	protein2	174.66666666666663	11.666666666666664	2.0151516666666667
47	protein3	58.66666666666666	3.333333333333333	2.4166666666666665
47	r0	15.0	0.0	0.0
47	r1	16.666666666666668	0.0	0.0
47	r2	12.333333333333336	0.0	0.0
47	rnapol	0.3333333333333333	0.0	0.0
48	__protein1_rbs	13.333333333333336	0.0	0.0
48	__protein2_rbs	7.333333333333332	0.0	0.0
48	__protein3_rbs	2.333333333333333	0.0	0.0
48	__ribosome	37.333333333333336	0.0	0.0
48	__rnase_site_ext	19.0	0.0	0.0
48	p0	1.0	0.0	0.0
48	p1	1.0	0.0	0.0
48	p2	1.0	0.0	0.0
48	protein1	257.6666666666667	17.0	1.7616096666666667
48	protein2	181.66666666666663	12.0	2.104118
48	protein3	61.0	3.333333333333333	2.25
48	r0	16.666666666666668	0.0	0.0
48	r1	17.0	0.0	0.0
48	r2	12.333333333333336	0.0	0.0
48	rnapol	0.0	0.0	0.0
49	__protein1_rbs	12.333333333333336	0.0	0.0
49	__protein2_rbs	8.333333333333334	0.0	0.0
49	__protein3_rbs	3.333333333333333	0.0	0.0
49	__ribosome	37.0	0.0	0.0
49	__rnase_site_ext	18.666666666666668	0.0	0.0
49	p0	1.0	0.0	0.0
49	p1	1.0	0.0	0.0
49	p2	0.6666666666666666	0.0	0.0
49	protein1	268.6666666666667	17.333333333333332	1.6607326666666669
49	protein2	186.66666666666663	12.333333333333336	2.198718
49	protein3	63.0	3.6666666666666665	1.8333333333333333
49	r0	15.666666666666664	0.0	0.0
49	r1	17.666666666666668	0.0	0.0
49	r2	13.0	0.0	0.0
49	rnapol	0.0	0.0	0.0
50	__protein1_rbs	13.333333333333336	0.0	0.0
50	__protein2_rbs	8.0	0.0	0.0
50	__protein3_rbs	2.333333333333333	0.0	0.0
50	__ribosome	33.666666666666664	0.0	0.0
50	__rnase_site_ext	19.33333333333333	0.0	0.0
50	p0	0.6666666666666666	0.0	0.0
50	p1	1.0	0.0	0.0
50	p2	1.0	0.0	0.0
50	protein1	276.6666666666667	17.666666666666668	1.6532650000000002
50	protein2	191.33333333333331	12.666666666666664	2.3247863333333334
50	protein3	64.66666666666667	3.333333333333333	2.2333333333333334
50	r0	16.666666666666668	0.0	0.0
50	r1	17.666666666666668	0.0	0.0
50	r2	13.0	0.0	0.0
50	rnapol	0.3333333333333333	0.0	0.0
51	__protein1_rbs	15.0	0.0	0.0
51	__protein2_rbs	9.333333333333334	0.0	0.0
51	__protein3_rbs	3.0	0.0	0.0
51	__ribosome	36.0	0.0	0.0
51	__rnase_site_ext	19.666666666666668	0.0	0.0
51	p0	1.0	0.0	0.0
51	p1	0.6666666666666666	0.0	0.0
51	p2	1.0	0.0	0.0
51	protein1	285.3333333333333	18.33333333333333	1.4995613333333333
51	protein2	198.66666666666663	13.0	2.230769
51	protein3	66.66666666666667	3.6666666666666665	2.0
51	r0	18.0	0.0	0.0
51	r1	18.0	0.0	0.0
51	r2	13.333333333333336	0.0	0.0
51	rnapol	0.0	0.0	0.0
52	__protein1_rbs	12.666666666666664	0.0	0.0
52	__protein2_rbs	8.666666666666666	0.0	0.0
52	__protein3_rbs	2.6666666666666665	0.0	0.0
52	__ribosome	34.0	0.0	0.0
52	__rnase_site_ext	19.33333333333333	0.0	0.0
52	p0	0.6666666666666666	0.0	0.0
52	p1	1.0	0.0	0.0
52	p2	1.0	0.0	0.0
52	protein1	295.3333333333333	17.666666666666668	1.5950293333333334
52	protein2	205.66666666666663	13.0	2.2588526666666664
52	protein3	67.66666666666667	3.6666666666666665	2.3888890000000003
52	r0	16.666666666666668	0.0	0.0
52	r1	18.33333333333333	0.0	0.0
52	r2	13.333333333333336	0.0	0.0
52	rnapol	0.0	0.0	0.0
53	__protein1_rbs	11.0	0.0	0.0
53	__protein2_rbs	12.0	0.0	0.0
53	__protein3_rbs	3.333333333333333	0.0	0.0
53	__ribosome	35.333333333333336	0.0	0.0
53	__rnase_site_ext	18.666666666666668	0.0	0.0
53	p0	0.6666666666666666	0.0	0.0
53	p1	0.6666666666666666	0.0	0.0
53	p2	1.0	0.0	0.0
53	protein1	304.3333333333333	18.0	1.85307
53	protein2	213.33333333333331	13.333333333333336	1.8928573333333332
53	protein3	70.66666666666667	3.333333333333333	1.8555556666666664
53	r0	15.333333333333336	0.0	0.0
53	r1	18.33333333333333	0.0	0.0
53	r2	13.666666666666664	0.0	0.0
53	rnapol	0.0	0.0	0.0
54	__protein1_rbs	13.333333333333336	0.0	0.0
54	__protein2_rbs	8.666666666666666	0.0	0.0
54	__protein3_rbs	2.6666666666666665	0.0	0.0
54	__ribosome	29.33333333333333	0.0	0.0
54	__rnase_site_ext	20.33333333333333	0.0	0.0
54	p0	1.0	0.0	0.0
54	p1	0.3333333333333333	0.0	0.0
54	p2	1.0	0.0	0.0
54	protein1	311.6666666666667	19.0	1.9231966666666669
54	protein2	219.66666666666663	13.0	2.128205
54	protein3	72.66666666666667	3.333333333333333	1.8333333333333333
54	r0	18.33333333333333	0.0	0.0
54	r1	18.666666666666668	0.0	0.0
54	r2	13.666666666666664	0.0	0.0
54	rnapol	0.6666666666666666	0.0	0.0
55	__protein1_rbs	14.333333333333336	0.0	0.0
55	__protein2_rbs	9.333333333333334	0.0	0.0
55	__protein3_rbs	2.6666666666666665	0.0	0.0
55	__ribosome	31.0	0.0	0.0
55	__rnase_site_ext	21.0	0.0	0.0
55	p0	0.6666666666666666	0.0	0.0
55	p1	0.6666666666666666	0.0	0.0
55	p2	0.6666666666666666	0.0	0.0
55	protein1	322.3333333333333	19.33333333333333	1.8425926666666663
55	protein2	227.0	13.333333333333336	2.0787543333333334
55	protein3	74.33333333333333	3.0	2.2
55	r0	17.333333333333332	0.0	0.0
55	r1	19.0	0.0	0.0
55	r2	13.666666666666664	0.0	0.0
55	rnapol	0.3333333333333333	0.0	0.0
56	__protein1_rbs	12.333333333333336	0.0	0.0
56	__protein2_rbs	10.333333333333334	0.0	0.0
56	__protein3_rbs	2.0	0.0	0.0
56	__ribosome	31.66666666666667	0.0	0.0
56	__rnase_site_ext	21.66666666666667	0.0	0.0
56	p0	1.0	0.0	0.0
56	p1	0.3333333333333333	0.0	0.0
56	p2	1.0	0.0	0.0
56	protein1	334.0	19.666666666666668	1.796157
56	protein2	233.66666666666663	13.0	2.095543333333333
56	protein3	75.66666666666667	3.0	2.533333333333333
56	r0	18.0	0.0	0.0
56	r1	19.0	0.0	0.0
56	r2	14.0	0.0	0.0
56	rnapol	0.3333333333333333	0.0	0.0
57	__protein1_rbs	14.0	0.0	0.0
57	__protein2_rbs	10.0	0.0	0.0
57	__protein3_rbs	1.6666666666666667	0.0	0.0
57	__ribosome	31.66666666666667	0.0	0.0
57	__rnase_site_ext	21.33333333333333	0.0	0.0
57	p0	0.6666666666666666	0.0	0.0
57	p1	1.0	0.0	0.0
57	p2	0.6666666666666666	0.0	0.0
57	protein1	345.0	19.666666666666668	1.6975776666666669
57	protein2	239.66666666666663	13.666666666666664	2.0650793333333333
57	protein3	76.66666666666667	3.0	2.622222333333333
57	r0	18.0	0.0	0.0
57	r1	19.666666666666668	0.0	0.0
57	r2	14.666666666666664	0.0	0.0
57	rnapol	0.3333333333333333	0.0	0.0
58	__protein1_rbs	15.333333333333336	0.0	0.0
58	__protein2_rbs	10.666666666666666	0.0	0.0
58	__protein3_rbs	2.333333333333333	0.0	0.0
58	__ribosome	30.66666666666667	0.0	0.0
58	__rnase_site_ext	22.33333333333333	0.0	0.0
58	p0	0.6666666666666666	0.0	0.0
58	p1	1.0	0.0	0.0
58	p2	1.0	0.0	0.0
58	protein1	353.66666666666674	20.0	1.749499
58	protein2	246.0	14.666666666666664	1.8720236666666663
58	protein3	78.66666666666667	3.0	2.6
58	r0	19.666666666666668	0.0	0.0
58	r1	20.0	0.0	0.0
58	r2	15.0	0.0	0.0
58	rnapol	0.3333333333333333	0.0	0.0
59	__protein1_rbs	15.0	0.0	0.0
59	__protein2_rbs	10.666666666666666	0.0	0.0
59	__protein3_rbs	2.0	0.0	0.0
59	__ribosome	33.666666666666664	0.0	0.0
59	__rnase_site_ext	22.66666666666667	0.0	0.0
59	p0	1.0	0.0	0.0
59	p1	1.0	0.0	0.0
59	p2	1.0	0.0	0.0
59	protein1	366.66666666666674	20.33333333333333	1.5808609999999998
59	protein2	254.0	14.333333333333336	1.861905
59	protein3	79.66666666666667	3.0	2.9555556666666667
59	r0	20.0	0.0	0.0
59	r1	19.666666666666668	0.0	0.0
59	r2	14.666666666666664	0.0	0.0
59	rnapol	0.0	0.0	0.0
60	__protein1_rbs	14.666666666666664	0.0	0.0
60	__protein2_rbs	10.666666666666666	0.0	0.0
60	__protein3_rbs	2.333333333333333	0.0	0.0
60	__ribosome	31.33333333333333	0.0	0.0
60	__rnase_site_ext	22.0	0.0	0.0
60	p0	1.0	0.0	0.0
60	p1	1.0	0.0	0.0
60	p2	0.3333333333333333	0.0	0.0
60	protein1	375.33333333333326	19.666666666666668	1.7360066666666665
60	protein2	260.6666666666667	14.333333333333336	1.863492
60	protein3	81.33333333333333	3.0	2.8444443333333336
60	r0	19.33333333333333	0.0	0.0
60	r1	19.666666666666668	0.0	0.0
60	r2	15.0	0.0	0.0
60	rnapol	0.0	0.0	0.0
61	__protein1_rbs	13.333333333333336	0.0	0.0
61	__protein2_rbs	11.333333333333336	0.0	0.0
61	__protein3_rbs	1.3333333333333333	0.0	0.0
61	__ribosome	27.33333333333333	0.0	0.0
61	__rnase_site_ext	21.0	0.0	0.0
61	p0	1.0	0.0	0.0
61	p1	0.6666666666666666	0.0	0.0
61	p2	0.6666666666666666	0.0	0.0
61	protein1	385.66666666666674	19.33333333333333	1.897368333333333
61	protein2	266.0	14.333333333333336	1.903174666666667
61	protein3	83.33333333333333	3.0	2.9777776666666664
61	r0	18.666666666666668	0.0	0.0
61	r1	19.666666666666668	0.0	0.0
61	r2	15.333333333333336	0.0	0.0
61	rnapol	0.3333333333333333	0.0	0.0
62	__protein1_rbs	16.0	0.0	0.0
62	__protein2_rbs	10.666666666666666	0.0	0.0
62	__protein3_rbs	2.0	0.0	0.0
62	__ribosome	31.66666666666667	0.0	0.0
62	__rnase_site_ext	21.0	0.0	0.0
62	p0	1.0	0.0	0.0
62	p1	1.0	0.0	0.0
62	p2	0.6666666666666666	0.0	0.0
62	protein1	399.0	19.0	1.6384016666666668
62	protein2	272.3333333333333	14.333333333333336	1.949206
62	protein3	84.66666666666667	3.6666666666666665	2.944444333333333
62	r0	18.33333333333333	0.0	0.0
62	r1	20.33333333333333	0.0	0.0
62	r2	15.666666666666664	0.0	0.0
62	rnapol	0.6666666666666666	0.0	0.0
63	__protein1_rbs	14.333333333333336	0.0	0.0
63	__protein2_rbs	12.333333333333336	0.0	0.0
63	__protein3_rbs	3.6666666666666665	0.0	0.0
63	__ribosome	31.0	0.0	0.0
63	__rnase_site_ext	21.33333333333333	0.0	0.0
63	p0	1.0	0.0	0.0
63	p1	1.0	0.0	0.0
63	p2	0.3333333333333333	0.0	0.0
63	protein1	407.66666666666674	19.0	1.787508
63	protein2	279.3333333333333	14.666666666666664	1.8035713333333327
63	protein3	86.66666666666669	4.0	2.111111
63	r0	18.666666666666668	0.0	0.0
63	r1	21.0	0.0	0.0
63	r2	16.0	0.0	0.0
63	rnapol	0.0	0.0	0.0
64	__protein1_rbs	14.0	0.0	0.0
64	__protein2_rbs	10.333333333333334	0.0	0.0
64	__protein3_rbs	2.6666666666666665	0.0	0.0
64	__ribosome	33.0	0.0	0.0
64	__rnase_site_ext	21.66666666666667	0.0	0.0
64	p0	1.0	0.0	0.0
64	p1	0.6666666666666666	0.0	0.0
64	p2	1.0	0.0	0.0
64	protein1	419.33333333333326	19.666666666666668	1.6650793333333336
64	protein2	286.6666666666667	14.333333333333336	1.788889
64	protein3	89.0	4.0	2.111111
64	r0	18.33333333333333	0.0	0.0
64	r1	20.33333333333333	0.0	0.0
64	r2	16.333333333333332	0.0	0.0
64	rnapol	0.3333333333333333	0.0	0.0
65	__protein1_rbs	16.333333333333332	0.0	0.0
65	__protein2_rbs	9.0	0.0	0.0
65	__protein3_rbs	3.0	0.0	0.0
65	__ribosome	29.0	0.0	0.0
65	__rnase_site_ext	21.33333333333333	0.0	0.0
65	p0	0.3333333333333333	0.0	0.0
65	p1	1.0	0.0	0.0
65	p2	1.0	0.0	0.0
65	protein1	428.0	19.33333333333333	1.8164800000000003
65	protein2	293.6666666666667	14.0	1.904762
65	protein3	91.0	4.0	2.25
65	r0	19.0	0.0	0.0
65	r1	20.33333333333333	0.0	0.0
65	r2	16.0	0.0	0.0
65	rnapol	0.0	0.0	0.0
66	__protein1_rbs	16.333333333333332	0.0	0.0
66	__protein2_rbs	9.666666666666666	0.0	0.0
66	__protein3_rbs	2.6666666666666665	0.0	0.0
66	__ribosome	32.0	0.0	0.0
66	__rnase_site_ext	21.66666666666667	0.0	0.0
66	p0	1.0	0.0	0.0
66	p1	0.6666666666666666	0.0	0.0
66	p2	1.0	0.0	0.0
66	protein1	439.66666666666674	20.0	1.5555553333333332
66	protein2	300.6666666666667	14.0	2.0
66	protein3	93.0	4.0	2.305555666666667
66	r0	19.33333333333333	0.0	0.0
66	r1	20.33333333333333	0.0	0.0
66	r2	15.666666666666664	0.0	0.0
66	rnapol	0.0	0.0	0.0
67	__protein1_rbs	14.0	0.0	0.0
67	__protein2_rbs	11.333333333333336	0.0	0.0
67	__protein3_rbs	3.6666666666666665	0.0	0.0
67	__ribosome	28.0	0.0	0.0
67	__rnase_site_ext	22.33333333333333	0.0	0.0
67	p0	1.0	0.0	0.0
67	p1	1.0	0.0	0.0
67	p2	1.0	0.0	0.0
67	protein1	449.0	20.33333333333333	1.7000963333333334
67	protein2	305.6666666666667	13.666666666666664	2.1959706666666667
67	protein3	95.33333333333331	4.0	1.8666666666666665
67	r0	19.0	0.0	0.0
67	r1	20.0	0.0	0.0
67	r2	15.333333333333336	0.0	0.0
67	rnapol	0.0	0.0	0.0
68	__protein1_rbs	14.666666666666664	0.0	0.0
68	__protein2_rbs	11.0	0.0	0.0
68	__protein3_rbs	2.0	0.0	0.0
68	__ribosome	32.333333333333336	0.0	0.0
68	__rnase_site_ext	22.33333333333333	0.0	0.0
68	p0	1.0	0.0	0.0
68	p1	0.6666666666666666	0.0	0.0
68	p2	0.6666666666666666	0.0	0.0
68	protein1	461.66666666666674	20.666666666666668	1.5323209999999998
68	protein2	313.0	14.0	1.979609
68	protein3	97.66666666666669	4.0	2.1666666666666665
68	r0	19.33333333333333	0.0	0.0
68	r1	20.0	0.0	0.0
68	r2	15.666666666666664	0.0	0.0
68	rnapol	0.0	0.0	0.0
69	__protein1_rbs	15.0	0.0	0.0
69	__protein2_rbs	8.666666666666666	0.0	0.0
69	__protein3_rbs	3.333333333333333	0.0	0.0
69	__ribosome	28.33333333333333	0.0	0.0
69	__rnase_site_ext	22.66666666666667	0.0	0.0
69	p0	1.0	0.0	0.0
69	p1	0.6666666666666666	0.0	0.0
69	p2	1.0	0.0	0.0
69	protein1	469.66666666666674	21.0	1.630801
69	protein2	320.3333333333333	13.333333333333336	2.104395333333333
69	protein3	98.66666666666669	4.333333333333333	2.411111
69	r0	19.0	0.0	0.0
69	r1	19.666666666666668	0.0	0.0
69	r2	16.0	0.0	0.0
69	rnapol	0.3333333333333333	0.0	0.0
70	__protein1_rbs	15.0	0.0	0.0
70	__protein2_rbs	11.333333333333336	0.0	0.0
70	__protein3_rbs	3.0	0.0	0.0
70	__ribosome	33.666666666666664	0.0	0.0
70	__rnase_site_ext	22.66666666666667	0.0	0.0
70	p0	1.0	0.0	0.0
70	p1	0.6666666666666666	0.0	0.0
70	p2	1.0	0.0	0.0
70	protein1	480.66666666666674	20.33333333333333	1.5989303333333331
70	protein2	329.0	14.0	1.7934066666666668
70	protein3	101.33333333333331	4.333333333333333	2.411111
70	r0	20.0	0.0	0.0
70	r1	20.33333333333333	0.0	0.0
70	r2	16.333333333333332	0.0	0.0
70	rnapol	0.3333333333333333	0.0	0.0
71	__protein1_rbs	14.666666666666664	0.0	0.0
71	__protein2_rbs	10.666666666666666	0.0	0.0
71	__protein3_rbs	4.333333333333333	0.0	0.0
71	__ribosome	30.0	0.0	0.0
71	__rnase_site_ext	22.33333333333333	0.0	0.0
71	p0	1.0	0.0	0.0
71	p1	0.6666666666666666	0.0	0.0
71	p2	1.0	0.0	0.0
71	protein1	491.0	20.33333333333333	1.704991
71	protein2	335.3333333333333	14.333333333333336	1.8070056666666667
71	protein3	102.66666666666669	4.666666666666667	2.055555333333333
71	r0	19.666666666666668	0.0	0.0
71	r1	20.666666666666668	0.0	0.0
71	r2	16.333333333333332	0.0	0.0
71	rnapol	0.3333333333333333	0.0	0.0
72	__protein1_rbs	13.0	0.0	0.0
72	__protein2_rbs	11.0	0.0	0.0
72	__protein3_rbs	4.333333333333333	0.0	0.0
72	__ribosome	24.33333333333333	0.0	0.0
72	__rnase_site_ext	22.66666666666667	0.0	0.0
72	p0	1.0	0.0	0.0
72	p1	1.0	0.0	0.0
72	p2	1.0	0.0	0.0
72	protein1	501.33333333333326	20.33333333333333	1.8706356666666668
72	protein2	339.6666666666667	14.0	1.9903846666666667
72	protein3	104.66666666666669	5.0	2.055555333333333
72	r0	18.33333333333333	0.0	0.0
72	r1	20.666666666666668	0.0	0.0
72	r2	17.0	0.0	0.0
72	rnapol	0.3333333333333333	0.0	0.0
73	__protein1_rbs	15.666666666666664	0.0	0.0
73	__protein2_rbs	12.0	0.0	0.0
73	__protein3_rbs	3.0	0.0	0.0
73	__ribosome	29.66666666666667	0.0	0.0
73	__rnase_site_ext	23.66666666666667	0.0	0.0
73	p0	0.6666666666666666	0.0	0.0
73	p1	1.0	0.0	0.0
73	p2	0.6666666666666666	0.0	0.0
73	protein1	512.6666666666666	21.0	1.6778076666666666
73	protein2	347.0	14.0	1.7852563333333336
73	protein3	107.66666666666669	5.0	2.0
73	r0	20.0	0.0	0.0
73	r1	20.33333333333333	0.0	0.0
73	r2	17.0	0.0	0.0
73	rnapol	0.0	0.0	0.0
74	__protein1_rbs	15.666666666666664	0.0	0.0
74	__protein2_rbs	11.666666666666664	0.0	0.0
74	__protein3_rbs	4.0	0.0	0.0
74	__ribosome	30.66666666666667	0.0	0.0
74	__rnase_site_ext	24.33333333333333	0.0	0.0
74	p0	1.0	0.0	0.0
74	p1	1.0	0.0	0.0
74	p2	1.0	0.0	0.0
74	protein1	524.6666666666666	21.33333333333333	1.5977163333333333
74	protein2	354.66666666666674	14.333333333333336	1.7043739999999998
74	protein3	109.33333333333331	5.333333333333333	2.087301666666667
74	r0	20.666666666666668	0.0	0.0
74	r1	20.666666666666668	0.0	0.0
74	r2	17.666666666666668	0.0	0.0
74	rnapol	0.0	0.0	0.0
75	__protein1_rbs	13.0	0.0	0.0
75	__protein2_rbs	12.0	0.0	0.0
75	__protein3_rbs	4.333333333333333	0.0	0.0
75	__ribosome	29.33333333333333	0.0	0.0
75	__rnase_site_ext	24.33333333333333	0.0	0.0
75	p0	0.6666666666666666	0.0	0.0
75	p1	0.6666666666666666	0.0	0.0
75	p2	1.0	0.0	0.0
75	protein1	536.3333333333334	22.0	1.6270576666666667
75	protein2	360.33333333333326	14.666666666666664	1.7206419999999998
75	protein3	112.0	5.666666666666668	1.9722223333333333
75	r0	19.33333333333333	0.0	0.0
75	r1	21.0	0.0	0.0
75	r2	17.333333333333332	0.0	0.0
75	rnapol	0.3333333333333333	0.0	0.0
76	__protein1_rbs	15.666666666666664	0.0	0.0
76	__protein2_rbs	10.666666666666666	0.0	0.0
76	__protein3_rbs	3.0	0.0	0.0
76	__ribosome	29.33333333333333	0.0	0.0
76	__rnase_site_ext	24.66666666666667	0.0	0.0
76	p0	1.0	0.0	0.0
76	p1	0.6666666666666666	0.0	0.0
76	p2	1.0	0.0	0.0
76	protein1	547.3333333333334	22.0	1.5694443333333332
76	protein2	368.33333333333326	14.333333333333336	1.7633053333333335
76	protein3	114.33333333333331	5.0	2.3746033333333334
76	r0	21.0	0.0	0.0
76	r1	21.0	0.0	0.0
76	r2	17.0	0.0	0.0
76	rnapol	0.3333333333333333	0.0	0.0
77	__protein1_rbs	17.666666666666668	0.0	0.0
77	__protein2_rbs	13.0	0.0	0.0
77	__protein3_rbs	4.333333333333333	0.0	0.0
77	__ribosome	29.0	0.0	0.0
77	__rnase_site_ext	24.33333333333333	0.0	0.0
77	p0	0.6666666666666666	0.0	0.0
77	p1	0.6666666666666666	0.0	0.0
77	p2	1.0	0.0	0.0
77	protein1	557.6666666666666	22.33333333333333	1.522661
77	protein2	373.0	15.0	1.8451796666666669
77	protein3	117.0	5.0	2.1714286666666665
77	r0	20.33333333333333	0.0	0.0
77	r1	22.0	0.0	0.0
77	r2	16.333333333333332	0.0	0.0
77	rnapol	0.0	0.0	0.0
78	__protein1_rbs	17.666666666666668	0.0	0.0
78	__protein2_rbs	11.333333333333336	0.0	0.0
78	__protein3_rbs	3.0	0.0	0.0
78	__ribosome	27.66666666666667	0.0	0.0
78	__rnase_site_ext	25.66666666666667	0.0	0.0
78	p0	1.0	0.0	0.0
78	p1	0.6666666666666666	0.0	0.0
78	p2	0.3333333333333333	0.0	0.0
78	protein1	569.3333333333334	22.66666666666667	1.527778
78	protein2	380.0	15.0	1.7806373333333332
78	protein3	119.0	4.333333333333333	2.7111110000000003
78	r0	21.33333333333333	0.0	0.0
78	r1	21.33333333333333	0.0	0.0
78	r2	16.666666666666668	0.0	0.0
78	rnapol	0.0	0.0	0.0
79	__protein1_rbs	16.333333333333332	0.0	0.0
79	__protein2_rbs	10.333333333333334	0.0	0.0
79	__protein3_rbs	3.333333333333333	0.0	0.0
79	__ribosome	25.33333333333333	0.0	0.0
79	__rnase_site_ext	26.0	0.0	0.0
79	p0	0.6666666666666666	0.0	0.0
79	p1	1.0	0.0	0.0
79	p2	1.0	0.0	0.0
79	protein1	580.6666666666666	23.0	1.452381
79	protein2	384.33333333333326	15.0	2.0819963333333336
79	protein3	121.66666666666669	4.666666666666667	2.288889
79	r0	21.66666666666667	0.0	0.0
79	r1	22.0	0.0	0.0
79	r2	17.333333333333332	0.0	0.0
79	rnapol	0.0	0.0	0.0
80	__protein1_rbs	19.33333333333333	0.0	0.0
80	__protein2_rbs	11.0	0.0	0.0
80	__protein3_rbs	2.6666666666666665	0.0	0.0
80	__ribosome	28.66666666666667	0.0	0.0
80	__rnase_site_ext	26.66666666666667	0.0	0.0
80	p0	1.0	0.0	0.0
80	p1	0.6666666666666666	0.0	0.0
80	p2	0.6666666666666666	0.0	0.0
80	protein1	590.6666666666666	23.0	1.374658333333333
80	protein2	393.33333333333326	15.0	1.9019606666666664
80	protein3	124.66666666666669	4.666666666666667	2.444444333333333
80	r0	23.0	0.0	0.0
80	r1	22.33333333333333	0.0	0.0
80	r2	17.0	0.0	0.0
80	rnapol	0.0	0.0	0.0
81	__protein1_rbs	17.333333333333332	0.0	0.0
81	__protein2_rbs	9.0	0.0	0.0
81	__protein3_rbs	4.333333333333333	0.0	0.0
81	__ribosome	26.0	0.0	0.0
81	__rnase_site_ext	26.33333333333333	0.0	0.0
81	p0	1.0	0.0	0.0
81	p1	0.6666666666666666	0.0	0.0
81	p2	0.6666666666666666	0.0	0.0
81	protein1	602.0	23.33333333333333	1.3193473333333334
81	protein2	400.33333333333326	15.0	2.134395333333333
81	protein3	127.0	5.0	2.4412700000000003
81	r0	21.0	0.0	0.0
81	r1	22.66666666666667	0.0	0.0
81	r2	18.0	0.0	0.0
81	rnapol	0.0	0.0	0.0
82	__protein1_rbs	18.666666666666668	0.0	0.0
82	__protein2_rbs	12.333333333333336	0.0	0.0
82	__protein3_rbs	4.666666666666667	0.0	0.0
82	__ribosome	30.0	0.0	0.0
82	__rnase_site_ext	25.33333333333333	0.0	0.0
82	p0	0.6666666666666666	0.0	0.0
82	p1	1.0	0.0	0.0
82	p2	0.6666666666666666	0.0	0.0
82	protein1	611.3333333333334	22.66666666666667	1.318071
82	protein2	406.33333333333326	15.0	2.0464743333333333
82	protein3	130.33333333333334	5.333333333333333	1.9
82	r0	21.33333333333333	0.0	0.0
82	r1	22.66666666666667	0.0	0.0
82	r2	18.33333333333333	0.0	0.0
82	rnapol	0.0	0.0	0.0
83	__protein1_rbs	16.333333333333332	0.0	0.0
83	__protein2_rbs	12.666666666666664	0.0	0.0
83	__protein3_rbs	4.666666666666667	0.0	0.0
83	__ribosome	26.0	0.0	0.0
83	__rnase_site_ext	25.33333333333333	0.0	0.0
83	p0	1.0	0.0	0.0
83	p1	1.0	0.0	0.0
83	p2	1.0	0.0	0.0
83	protein1	621.0	23.0	1.437007333333333
83	protein2	414.33333333333326	15.333333333333336	1.9888763333333332
83	protein3	131.66666666666666	5.666666666666668	1.9083333333333328
83	r0	20.666666666666668	0.0	0.0
83	r1	22.66666666666667	0.0	0.0
83	r2	19.0	0.0	0.0
83	rnapol	0.6666666666666666	0.0	0.0
84	__protein1_rbs	18.666666666666668	0.0	0.0
84	__protein2_rbs	12.333333333333336	0.0	0.0
84	__protein3_rbs	4.333333333333333	0.0	0.0
84	__ribosome	26.66666666666667	0.0	0.0
84	__rnase_site_ext	27.0	0.0	0.0
84	p0	1.0	0.0	0.0
84	p1	1.0	0.0	0.0
84	p2	0.6666666666666666	0.0	0.0
84	protein1	630.6666666666666	23.0	1.4285709999999998
84	protein2	421.66666666666674	16.0	1.857466
84	protein3	134.33333333333334	5.666666666666668	2.1
84	r0	21.66666666666667	0.0	0.0
84	r1	23.33333333333333	0.0	0.0
84	r2	18.666666666666668	0.0	0.0
84	rnapol	0.3333333333333333	0.0	0.0
85	__protein1_rbs	19.0	0.0	0.0
85	__protein2_rbs	11.333333333333336	0.0	0.0
85	__protein3_rbs	3.6666666666666665	0.0	0.0
85	__ribosome	28.66666666666667	0.0	0.0
85	__rnase_site_ext	25.66666666666667	0.0	0.0
85	p0	0.6666666666666666	0.0	0.0
85	p1	0.6666666666666666	0.0	0.0
85	p2	1.0	0.0	0.0
85	protein1	639.0	23.33333333333333	1.487577666666667
85	protein2	431.33333333333326	16.0	1.7032006666666666
85	protein3	138.66666666666666	5.666666666666668	1.6916666666666669
85	r0	21.33333333333333	0.0	0.0
85	r1	23.33333333333333	0.0	0.0
85	r2	19.0	0.0	0.0
85	rnapol	0.0	0.0	0.0
86	__protein1_rbs	18.0	0.0	0.0
86	__protein2_rbs	13.666666666666664	0.0	0.0
86	__protein3_rbs	4.333333333333333	0.0	0.0
86	__ribosome	30.33333333333333	0.0	0.0
86	__rnase_site_ext	27.0	0.0	0.0
86	p0	1.0	0.0	0.0
86	p1	0.6666666666666666	0.0	0.0
86	p2	1.0	0.0	0.0
86	protein1	652.3333333333334	24.0	1.422397
86	protein2	439.33333333333326	16.0	1.5467573333333335
86	protein3	140.66666666666666	5.666666666666668	1.95
86	r0	23.33333333333333	0.0	0.0
86	r1	23.33333333333333	0.0	0.0
86	r2	18.666666666666668	0.0	0.0
86	rnapol	0.0	0.0	0.0
87	__protein1_rbs	20.0	0.0	0.0
87	__protein2_rbs	11.666666666666664	0.0	0.0
87	__protein3_rbs	5.0	0.0	0.0
87	__ribosome	24.0	0.0	0.0
87	__rnase_site_ext	26.33333333333333	0.0	0.0
87	p0	1.0	0.0	0.0
87	p1	0.3333333333333333	0.0	0.0
87	p2	0.6666666666666666	0.0	0.0
87	protein1	663.3333333333334	23.66666666666667	1.4724336666666666
87	protein2	444.0	16.0	1.8524383333333332
87	protein3	142.33333333333334	6.0	2.025926
87	r0	21.66666666666667	0.0	0.0
87	r1	23.33333333333333	0.0	0.0
87	r2	18.33333333333333	0.0	0.0
87	rnapol	0.0	0.0	0.0
88	__protein1_rbs	17.333333333333332	0.0	0.0
88	__protein2_rbs	13.333333333333336	0.0	0.0
88	__protein3_rbs	5.333333333333333	0.0	0.0
88	__ribosome	22.66666666666667	0.0	0.0
88	__rnase_site_ext	24.66666666666667	0.0	0.0
88	p0	1.0	0.0	0.0
88	p1	0.6666666666666666	0.0	0.0
88	p2	1.0	0.0	0.0
88	protein1	673.3333333333334	23.0	1.5824243333333332
88	protein2	450.66666666666674	17.0	1.8061823333333331
88	protein3	146.0	6.0	1.7055556666666665
88	r0	20.666666666666668	0.0	0.0
88	r1	24.0	0.0	0.0
88	r2	18.666666666666668	0.0	0.0
88	rnapol	0.0	0.0	0.0
89	__protein1_rbs	16.666666666666668	0.0	0.0
89	__protein2_rbs	13.333333333333336	0.0	0.0
89	__protein3_rbs	5.666666666666668	0.0	0.0
89	__ribosome	26.0	0.0	0.0
89	__rnase_site_ext	26.66666666666667	0.0	0.0
89	p0	0.6666666666666666	0.0	0.0
89	p1	0.6666666666666666	0.0	0.0
89	p2	0.6666666666666666	0.0	0.0
89	protein1	687.0	23.33333333333333	1.4463866666666665
89	protein2	458.33333333333326	17.0	1.7408323333333335
89	protein3	149.0	6.333333333333332	1.7185186666666663
89	r0	21.66666666666667	0.0	0.0
89	r1	24.66666666666667	0.0	0.0
89	r2	18.33333333333333	0.0	0.0
89	rnapol	0.0	0.0	0.0
90	__protein1_rbs	19.0	0.0	0.0
90	__protein2_rbs	13.0	0.0	0.0
90	__protein3_rbs	6.0	0.0	0.0
90	__ribosome	22.66666666666667	0.0	0.0
90	__rnase_site_ext	26.33333333333333	0.0	0.0
90	p0	0.3333333333333333	0.0	0.0
90	p1	1.0	0.0	0.0
90	p2	1.0	0.0	0.0
90	protein1	695.3333333333335	23.33333333333333	1.5268063333333333
90	protein2	464.66666666666674	17.333333333333332	1.805653
90	protein3	151.66666666666666	6.333333333333332	1.688889
90	r0	22.66666666666667	0.0	0.0
90	r1	25.0	0.0	0.0
90	r2	18.666666666666668	0.0	0.0
90	rnapol	0.0	0.0	0.0
91	__protein1_rbs	20.0	0.0	0.0
91	__protein2_rbs	13.666666666666664	0.0	0.0
91	__protein3_rbs	5.0	0.0	0.0
91	__ribosome	29.66666666666667	0.0	0.0
91	__rnase_site_ext	27.33333333333333	0.0	0.0
91	p0	0.6666666666666666	0.0	0.0
91	p1	1.0	0.0	0.0
91	p2	0.6666666666666666	0.0	0.0
91	protein1	707.3333333333335	24.33333333333333	1.3400673333333335
91	protein2	476.0	16.666666666666668	1.637792666666667
91	protein3	155.0	6.333333333333332	1.6888890000000003
91	r0	23.66666666666667	0.0	0.0
91	r1	24.0	0.0	0.0
91	r2	19.33333333333333	0.0	0.0
91	rnapol	0.0	0.0	0.0
92	__protein1_rbs	17.666666666666668	0.0	0.0
92	__protein2_rbs	10.666666666666666	0.0	0.0
92	__protein3_rbs	5.333333333333333	0.0	0.0
92	__ribosome	27.66666666666667	0.0	0.0
92	__rnase_site_ext	28.0	0.0	0.0
92	p0	0.6666666666666666	0.0	0.0
92	p1	1.0	0.0	0.0
92	p2	0.3333333333333333	0.0	0.0
92	protein1	721.3333333333335	24.33333333333333	1.303451
92	protein2	482.33333333333326	16.666666666666668	1.7831139999999999
92	protein3	157.0	6.333333333333332	1.762963
92	r0	23.66666666666667	0.0	0.0
92	r1	23.66666666666667	0.0	0.0
92	r2	20.0	0.0	0.0
92	rnapol	0.3333333333333333	0.0	0.0
93	__protein1_rbs	20.33333333333333	0.0	0.0
93	__protein2_rbs	13.333333333333336	0.0	0.0
93	__protein3_rbs	4.0	0.0	0.0
93	__ribosome	25.66666666666667	0.0	0.0
93	__rnase_site_ext	27.33333333333333	0.0	0.0
93	p0	1.0	0.0	0.0
93	p1	0.6666666666666666	0.0	0.0
93	p2	1.0	0.0	0.0
93	protein1	730.6666666666665	24.0	1.3038583333333331
93	protein2	488.33333333333326	17.0	1.8125
93	protein3	159.33333333333334	6.666666666666668	1.8222223333333332
93	r0	23.66666666666667	0.0	0.0
93	r1	24.66666666666667	0.0	0.0
93	r2	20.33333333333333	0.0	0.0
93	rnapol	0.6666666666666666	0.0	0.0
94	__protein1_rbs	19.0	0.0	0.0
94	__protein2_rbs	13.333333333333336	0.0	0.0
94	__protein3_rbs	5.333333333333333	0.0	0.0
94	__ribosome	23.33333333333333	0.0	0.0
94	__rnase_site_ext	27.66666666666667	0.0	0.0
94	p0	1.0	0.0	0.0
94	p1	0.6666666666666666	0.0	0.0
94	p2	1.0	0.0	0.0
94	protein1	740.0	24.66666666666667	1.3607406666666666
94	protein2	496.66666666666674	18.0	1.7068626666666666
94	protein3	162.66666666666666	7.0	1.9
94	r0	22.66666666666667	0.0	0.0
94	r1	25.33333333333333	0.0	0.0
94	r2	20.0	0.0	0.0
94	rnapol	0.0	0.0	0.0
95	__protein1_rbs	18.666666666666668	0.0	0.0
95	__protein2_rbs	14.0	0.0	0.0
95	__protein3_rbs	5.666666666666668	0.0	0.0
95	__ribosome	23.66666666666667	0.0	0.0
95	__rnase_site_ext	28.0	0.0	0.0
95	p0	0.6666666666666666	0.0	0.0
95	p1	0.6666666666666666	0.0	0.0
95	p2	1.0	0.0	0.0
95	protein1	751.3333333333335	24.66666666666667	1.303928
95	protein2	503.66666666666674	17.666666666666668	1.7722223333333336
95	protein3	164.66666666666666	7.0	2.0555556666666663
95	r0	22.66666666666667	0.0	0.0
95	r1	25.33333333333333	0.0	0.0
95	r2	20.0	0.0	0.0
95	rnapol	0.0	0.0	0.0
96	__protein1_rbs	19.33333333333333	0.0	0.0
96	__protein2_rbs	13.666666666666664	0.0	0.0
96	__protein3_rbs	6.0	0.0	0.0
96	__ribosome	26.0	0.0	0.0
96	__rnase_site_ext	27.66666666666667	0.0	0.0
96	p0	0.6666666666666666	0.0	0.0
96	p1	1.0	0.0	0.0
96	p2	0.3333333333333333	0.0	0.0
96	protein1	760.6666666666665	25.0	1.3072293333333336
96	protein2	513.6666666666666	17.666666666666668	1.677778
96	protein3	168.66666666666666	7.0	1.9444443333333332
96	r0	23.0	0.0	0.0
96	r1	25.66666666666667	0.0	0.0
96	r2	20.33333333333333	0.0	0.0
96	rnapol	0.6666666666666666	0.0	0.0
97	__protein1_rbs	20.666666666666668	0.0	0.0
97	__protein2_rbs	14.666666666666664	0.0	0.0
97	__protein3_rbs	5.0	0.0	0.0
97	__ribosome	23.66666666666667	0.0	0.0
97	__rnase_site_ext	29.33333333333333	0.0	0.0
97	p0	0.6666666666666666	0.0	0.0
97	p1	0.6666666666666666	0.0	0.0
97	p2	0.6666666666666666	0.0	0.0
97	protein1	772.3333333333335	25.0	1.2476436666666666
97	protein2	519.3333333333334	17.333333333333332	1.7502923333333336
97	protein3	170.66666666666666	7.0	2.3000000000000003
97	r0	23.33333333333333	0.0	0.0
97	r1	25.33333333333333	0.0	0.0
97	r2	20.666666666666668	0.0	0.0
97	rnapol	0.3333333333333333	0.0	0.0
98	__protein1_rbs	21.0	0.0	0.0
98	__protein2_rbs	14.666666666666664	0.0	0.0
98	__protein3_rbs	4.333333333333333	0.0	0.0
98	__ribosome	25.33333333333333	0.0	0.0
98	__rnase_site_ext	29.66666666666667	0.0	0.0
98	p0	0.6666666666666666	0.0	0.0
98	p1	1.0	0.0	0.0
98	p2	1.0	0.0	0.0
98	protein1	782.3333333333335	26.33333333333333	1.179012333333333
98	protein2	527.6666666666666	17.0	1.7204123333333332
98	protein3	175.0	7.0	2.2111110000000003
98	r0	25.33333333333333	0.0	0.0
98	r1	25.66666666666667	0.0	0.0
98	r2	21.33333333333333	0.0	0.0
98	rnapol	0.0	0.0	0.0
99	__protein1_rbs	19.666666666666668	0.0	0.0
99	__protein2_rbs	13.666666666666664	0.0	0.0
99	__protein3_rbs	5.666666666666668	0.0	0.0
99	__ribosome	24.0	0.0	0.0
99	__rnase_site_ext	30.33333333333333	0.0	0.0
99	p0	1.0	0.0	0.0
99	p1	1.0	0.0	0.0
99	p2	1.0	0.0	0.0
99	protein1	791.6666666666665	26.66666666666667	1.2383663333333332
99	protein2	535.3333333333334	17.333333333333332	1.7018520000000001
99	protein3	178.0	7.333333333333332	2.0595960000000004
99	r0	24.66666666666667	0.0	0.0
99	r1	25.33333333333333	0.0	0.0
99	r2	20.666666666666668	0.0	0.0
99	rnapol	0.3333333333333333	0.0	0.0
100	__protein1_rbs	20.666666666666668	0.0	0.0
100	__protein2_rbs	13.666666666666664	0.0	0.0
100	__protein3_rbs	4.666666666666667	0.0	0.0
100	__ribosome	23.0	0.0	0.0
100	__rnase_site_ext	30.33333333333333	0.0	0.0
100	p0	1.0	0.0	0.0
100	p1	0.6666666666666666	0.0	0.0
100	p2	1.0	0.0	0.0
100	protein1	803.3333333333335	26.33333333333333	1.354226
100	protein2	544.0	16.333333333333332	1.648148333333333
100	protein3	181.33333333333331	6.666666666666668	2.251851666666667
100	r0	25.0	0.0	0.0
100	r1	25.66666666666667	0.0	0.0
100	r2	20.33333333333333	0.0	0.0
100	rnapol	0.0	0.0	0.0
101	__protein1_rbs	20.666666666666668	0.0	0.0
101	__protein2_rbs	15.333333333333336	0.0	0.0
101	__protein3_rbs	5.0	0.0	0.0
101	__ribosome	26.66666666666667	0.0	0.0
101	__rnase_site_ext	28.66666666666667	0.0	0.0
101	p0	1.0	0.0	0.0
101	p1	0.3333333333333333	0.0	0.0
101	p2	1.0	0.0	0.0
101	protein1	811.6666666666665	26.0	1.3461536666666667
101	protein2	551.3333333333334	17.666666666666668	1.359649
101	protein3	185.33333333333331	6.666666666666668	2.214814666666667
101	r0	24.0	0.0	0.0
101	r1	26.66666666666667	0.0	0.0
101	r2	20.33333333333333	0.0	0.0
101	rnapol	0.0	0.0	0.0
102	__protein1_rbs	20.33333333333333	0.0	0.0
102	__protein2_rbs	14.666666666666664	0.0	0.0
102	__protein3_rbs	5.333333333333333	0.0	0.0
102	__ribosome	28.0	0.0	0.0
102	__rnase_site_ext	30.33333333333333	0.0	0.0
102	p0	1.0	0.0	0.0
102	p1	1.0	0.0	0.0
102	p2	1.0	0.0	0.0
102	protein1	826.0	26.0	1.348509
102	protein2	558.6666666666666	18.0	1.3190476666666668
102	protein3	189.0	6.666666666666668	1.9777776666666669
102	r0	24.66666666666667	0.0	0.0
102	r1	27.66666666666667	0.0	0.0
102	r2	20.0	0.0	0.0
102	rnapol	0.0	0.0	0.0
103	__protein1_rbs	20.0	0.0	0.0
103	__protein2_rbs	13.666666666666664	0.0	0.0
103	__protein3_rbs	4.666666666666667	0.0	0.0
103	__ribosome	26.66666666666667	0.0	0.0
103	__rnase_site_ext	30.0	0.0	0.0
103	p0	0.6666666666666666	0.0	0.0
103	p1	1.0	0.0	0.0
103	p2	0.3333333333333333	0.0	0.0
103	protein1	838.3333333333335	26.0	1.3302466666666668
103	protein2	564.6666666666666	18.33333333333333	1.3555556666666666
103	protein3	192.0	6.333333333333332	2.103703666666666
103	r0	24.33333333333333	0.0	0.0
103	r1	27.0	0.0	0.0
103	r2	20.0	0.0	0.0
103	rnapol	0.0	0.0	0.0
104	__protein1_rbs	23.0	0.0	0.0
104	__protein2_rbs	13.0	0.0	0.0
104	__protein3_rbs	5.333333333333333	0.0	0.0
104	__ribosome	25.66666666666667	0.0	0.0
104	__rnase_site_ext	29.66666666666667	0.0	0.0
104	p0	0.6666666666666666	0.0	0.0
104	p1	0.6666666666666666	0.0	0.0
104	p2	0.6666666666666666	0.0	0.0
104	protein1	846.3333333333335	26.0	1.3716996666666663
104	protein2	571.3333333333334	18.0	1.4763156666666666
104	protein3	195.0	6.333333333333332	1.8962963333333327
104	r0	25.0	0.0	0.0
104	r1	26.66666666666667	0.0	0.0
104	r2	21.0	0.0	0.0
104	rnapol	0.3333333333333333	0.0	0.0
105	__protein1_rbs	21.66666666666667	0.0	0.0
105	__protein2_rbs	14.666666666666664	0.0	0.0
105	__protein3_rbs	3.6666666666666665	0.0	0.0
105	__ribosome	27.66666666666667	0.0	0.0
105	__rnase_site_ext	30.0	0.0	0.0
105	p0	1.0	0.0	0.0
105	p1	1.0	0.0	0.0
105	p2	0.6666666666666666	0.0	0.0
105	protein1	861.0	26.33333333333333	1.234074
105	protein2	577.0	18.33333333333333	1.640769
105	protein3	200.0	6.0	1.6222223333333332
105	r0	24.33333333333333	0.0	0.0
105	r1	27.0	0.0	0.0
105	r2	21.66666666666667	0.0	0.0
105	rnapol	0.3333333333333333	0.0	0.0
106	__protein1_rbs	20.0	0.0	0.0
106	__protein2_rbs	13.333333333333336	0.0	0.0
106	__protein3_rbs	5.333333333333333	0.0	0.0
106	__ribosome	25.66666666666667	0.0	0.0
106	__rnase_site_ext	31.0	0.0	0.0
106	p0	1.0	0.0	0.0
106	p1	1.0	0.0	0.0
106	p2	1.0	0.0	0.0
106	protein1	871.6666666666665	26.33333333333333	1.3167989999999998
106	protein2	583.6666666666666	18.33333333333333	1.7107740000000002
106	protein3	203.33333333333331	6.666666666666668	1.3666666666666665
106	r0	25.66666666666667	0.0	0.0
106	r1	27.33333333333333	0.0	0.0
106	r2	22.33333333333333	0.0	0.0
106	rnapol	0.6666666666666666	0.0	0.0
107	__protein1_rbs	20.666666666666668	0.0	0.0
107	__protein2_rbs	15.0	0.0	0.0
107	__protein3_rbs	5.0	0.0	0.0
107	__ribosome	23.66666666666667	0.0	0.0
107	__rnase_site_ext	30.66666666666667	0.0	0.0
107	p0	1.0	0.0	0.0
107	p1	0.3333333333333333	0.0	0.0
107	p2	1.0	0.0	0.0
107	protein1	884.0	27.0	1.230992
107	protein2	590.6666666666666	18.0	1.7312170000000002
107	protein3	204.0	6.666666666666668	1.8
107	r0	25.33333333333333	0.0	0.0
107	r1	27.33333333333333	0.0	0.0
107	r2	21.66666666666667	0.0	0.0
107	rnapol	0.3333333333333333	0.0	0.0
108	__protein1_rbs	22.0	0.0	0.0
108	__protein2_rbs	14.333333333333336	0.0	0.0
108	__protein3_rbs	6.0	0.0	0.0
108	__ribosome	20.33333333333333	0.0	0.0
108	__rnase_site_ext	31.33333333333333	0.0	0.0
108	p0	1.0	0.0	0.0
108	p1	1.0	0.0	0.0
108	p2	0.6666666666666666	0.0	0.0
108	protein1	893.0	27.0	1.3367283333333333
108	protein2	599.3333333333334	18.33333333333333	1.6726816666666666
108	protein3	206.66666666666663	6.666666666666668	1.9
108	r0	25.0	0.0	0.0
108	r1	27.66666666666667	0.0	0.0
108	r2	21.0	0.0	0.0
108	rnapol	0.0	0.0	0.0
109	__protein1_rbs	22.66666666666667	0.0	0.0
109	__protein2_rbs	15.666666666666664	0.0	0.0
109	__protein3_rbs	5.666666666666668	0.0	0.0
109	__ribosome	26.0	0.0	0.0
109	__rnase_site_ext	30.66666666666667	0.0	0.0
109	p0	0.6666666666666666	0.0	0.0
109	p1	0.6666666666666666	0.0	0.0
109	p2	1.0	0.0	0.0
109	protein1	907.0	26.33333333333333	1.112907
109	protein2	608.0	18.666666666666668	1.5776940000000002
109	protein3	208.33333333333331	7.0	2.024242333333333
109	r0	25.66666666666667	0.0	0.0
109	r1	27.33333333333333	0.0	0.0
109	r2	21.33333333333333	0.0	0.0
109	rnapol	0.0	0.0	0.0
110	__protein1_rbs	18.666666666666668	0.0	0.0
110	__protein2_rbs	14.666666666666664	0.0	0.0
110	__protein3_rbs	5.666666666666668	0.0	0.0
110	__ribosome	23.33333333333333	0.0	0.0
110	__rnase_site_ext	29.66666666666667	0.0	0.0
110	p0	1.0	0.0	0.0
110	p1	1.0	0.0	0.0
110	p2	0.6666666666666666	0.0	0.0
110	protein1	916.3333333333335	25.66666666666667	1.238889
110	protein2	615.6666666666666	18.666666666666668	1.745720333333333
110	protein3	213.66666666666663	7.333333333333332	1.7277776666666664
110	r0	23.33333333333333	0.0	0.0
110	r1	27.66666666666667	0.0	0.0
110	r2	21.33333333333333	0.0	0.0
110	rnapol	0.0	0.0	0.0
111	__protein1_rbs	17.666666666666668	0.0	0.0
111	__protein2_rbs	14.333333333333336	0.0	0.0
111	__protein3_rbs	6.333333333333332	0.0	0.0
111	__ribosome	23.0	0.0	0.0
111	__rnase_site_ext	29.0	0.0	0.0
111	p0	1.0	0.0	0.0
111	p1	1.0	0.0	0.0
111	p2	1.0	0.0	0.0
111	protein1	929.0	25.33333333333333	1.2647426666666668
111	protein2	623.0	19.0	1.7169310000000002
111	protein3	216.66666666666663	7.333333333333332	1.7277776666666664
111	r0	23.33333333333333	0.0	0.0
111	r1	27.33333333333333	0.0	0.0
111	r2	21.33333333333333	0.0	0.0
111	rnapol	0.0	0.0	0.0
112	__protein1_rbs	19.666666666666668	0.0	0.0
112	__protein2_rbs	15.333333333333336	0.0	0.0
112	__protein3_rbs	5.666666666666668	0.0	0.0
112	__ribosome	23.33333333333333	0.0	0.0
112	__rnase_site_ext	29.33333333333333	0.0	0.0
112	p0	1.0	0.0	0.0
112	p1	1.0	0.0	0.0
112	p2	0.3333333333333333	0.0	0.0
112	protein1	937.3333333333335	25.0	1.3012423333333334
112	protein2	631.0	18.666666666666668	1.7460320000000005
112	protein3	220.0	7.333333333333332	1.711111
112	r0	24.66666666666667	0.0	0.0
112	r1	27.0	0.0	0.0
112	r2	21.66666666666667	0.0	0.0
112	rnapol	0.3333333333333333	0.0	0.0
113	__protein1_rbs	22.0	0.0	0.0
113	__protein2_rbs	15.666666666666664	0.0	0.0
113	__protein3_rbs	6.333333333333332	0.0	0.0
113	__ribosome	28.0	0.0	0.0
113	__rnase_site_ext	30.33333333333333	0.0	0.0
113	p0	1.0	0.0	0.0
113	p1	1.0	0.0	0.0
113	p2	1.0	0.0	0.0
113	protein1	949.0	25.66666666666667	1.18198
113	protein2	640.6666666666666	18.666666666666668	1.6262063333333334
113	protein3	223.33333333333331	7.666666666666668	1.6388886666666669
113	r0	25.0	0.0	0.0
113	r1	27.33333333333333	0.0	0.0
113	r2	22.33333333333333	0.0	0.0
113	rnapol	0.6666666666666666	0.0	0.0
114	__protein1_rbs	19.666666666666668	0.0	0.0
114	__protein2_rbs	14.666666666666664	0.0	0.0
114	__protein3_rbs	7.333333333333332	0.0	0.0
114	__ribosome	26.0	0.0	0.0
114	__rnase_site_ext	30.0	0.0	0.0
114	p0	1.0	0.0	0.0
114	p1	1.0	0.0	0.0
114	p2	0.6666666666666666	0.0	0.0
114	protein1	960.3333333333335	25.0	1.2006686666666666
114	protein2	648.6666666666666	18.666666666666668	1.6912543333333332
114	protein3	225.66666666666663	8.0	1.6470083333333336
114	r0	23.0	0.0	0.0
114	r1	27.66666666666667	0.0	0.0
114	r2	23.0	0.0	0.0
114	rnapol	0.0	0.0	0.0
115	__protein1_rbs	20.666666666666668	0.0	0.0
115	__protein2_rbs	15.0	0.0	0.0
115	__protein3_rbs	6.333333333333332	0.0	0.0
115	__ribosome	25.33333333333333	0.0	0.0
115	__rnase_site_ext	30.66666666666667	0.0	0.0
115	p0	1.0	0.0	0.0
115	p1	0.3333333333333333	0.0	0.0
115	p2	1.0	0.0	0.0
115	protein1	971.0	26.0	1.2076543333333334
115	protein2	656.6666666666666	18.666666666666668	1.6669779999999998
115	protein3	230.0	7.666666666666668	1.7055556666666665
115	r0	24.33333333333333	0.0	0.0
115	r1	27.0	0.0	0.0
115	r2	23.0	0.0	0.0
115	rnapol	0.3333333333333333	0.0	0.0
116	__protein1_rbs	22.0	0.0	0.0
116	__protein2_rbs	15.333333333333336	0.0	0.0
116	__protein3_rbs	7.333333333333332	0.0	0.0
116	__ribosome	21.66666666666667	0.0	0.0
116	__rnase_site_ext	31.66666666666667	0.0	0.0
116	p0	0.6666666666666666	0.0	0.0
116	p1	1.0	0.0	0.0
116	p2	0.6666666666666666	0.0	0.0
116	protein1	979.0	26.33333333333333	1.29679
116	protein2	665.0	17.666666666666668	1.7708333333333333
116	protein3	231.66666666666663	8.0	1.7095236666666669
116	r0	25.33333333333333	0.0	0.0
116	r1	26.66666666666667	0.0	0.0
116	r2	23.0	0.0	0.0
116	rnapol	0.0	0.0	0.0
117	__protein1_rbs	21.0	0.0	0.0
117	__protein2_rbs	13.666666666666664	0.0	0.0
117	__protein3_rbs	7.333333333333332	0.0	0.0
117	__ribosome	25.0	0.0	0.0
117	__rnase_site_ext	31.66666666666667	0.0	0.0
117	p0	1.0	0.0	0.0
117	p1	0.6666666666666666	0.0	0.0
117	p2	1.0	0.0	0.0
117	protein1	991.3333333333335	27.0	1.2631933333333334
117	protein2	674.3333333333334	17.333333333333332	1.7337963333333333
117	protein3	235.33333333333331	8.0	1.3476190000000001
117	r0	24.66666666666667	0.0	0.0
117	r1	26.66666666666667	0.0	0.0
117	r2	22.66666666666667	0.0	0.0
117	rnapol	0.3333333333333333	0.0	0.0
118	__protein1_rbs	23.66666666666667	0.0	0.0
118	__protein2_rbs	16.333333333333332	0.0	0.0
118	__protein3_rbs	6.0	0.0	0.0
118	__ribosome	23.66666666666667	0.0	0.0
118	__rnase_site_ext	33.0	0.0	0.0
118	p0	1.0	0.0	0.0
118	p1	1.0	0.0	0.0
118	p2	1.0	0.0	0.0
118	protein1	1002.6666666666665	28.0	1.251099
118	protein2	682.3333333333334	17.666666666666668	1.6516813333333336
118	protein3	238.33333333333331	8.0	1.5373013333333334
118	r0	27.0	0.0	0.0
118	r1	27.66666666666667	0.0	0.0
118	r2	22.0	0.0	0.0
118	rnapol	0.0	0.0	0.0
119	__protein1_rbs	20.0	0.0	0.0
119	__protein2_rbs	14.333333333333336	0.0	0.0
119	__protein3_rbs	6.333333333333332	0.0	0.0
119	__ribosome	23.33333333333333	0.0	0.0
119	__rnase_site_ext	32.666666666666664	0.0	0.0
119	p0	1.0	0.0	0.0
119	p1	0.6666666666666666	0.0	0.0
119	p2	0.6666666666666666	0.0	0.0
119	protein1	1014.3333333333335	28.33333333333333	1.3674623333333331
119	protein2	690.3333333333335	18.0	1.5550970000000002
119	protein3	243.33333333333331	8.0	1.147619
119	r0	27.0	0.0	0.0
119	r1	27.66666666666667	0.0	0.0
119	r2	21.33333333333333	0.0	0.0
119	rnapol	0.0	0.0	0.0
120	__protein1_rbs	20.666666666666668	0.0	0.0
120	__protein2_rbs	15.333333333333336	0.0	0.0
120	__protein3_rbs	6.0	0.0	0.0
120	__ribosome	21.66666666666667	0.0	0.0
120	__rnase_site_ext	32.666666666666664	0.0	0.0
120	p0	1.0	0.0	0.0
120	p1	0.6666666666666666	0.0	0.0
120	p2	1.0	0.0	0.0
120	protein1	1025.3333333333333	27.33333333333333	1.478538666666667
120	protein2	699.6666666666665	18.33333333333333	1.413255666666667
120	protein3	245.33333333333331	8.0	1.392857
120	r0	26.0	0.0	0.0
120	r1	27.33333333333333	0.0	0.0
120	r2	21.66666666666667	0.0	0.0
120	rnapol	0.3333333333333333	0.0	0.0
121	__protein1_rbs	25.0	0.0	0.0
121	__protein2_rbs	13.333333333333336	0.0	0.0
121	__protein3_rbs	6.333333333333332	0.0	0.0
121	__ribosome	23.33333333333333	0.0	0.0
121	__rnase_site_ext	32.666666666666664	0.0	0.0
121	p0	0.6666666666666666	0.0	0.0
121	p1	1.0	0.0	0.0
121	p2	0.3333333333333333	0.0	0.0
121	protein1	1038.6666666666667	27.66666666666667	1.27094
121	protein2	707.3333333333335	18.33333333333333	1.5321636666666665
121	protein3	247.0	8.0	1.6095236666666668
121	r0	27.33333333333333	0.0	0.0
121	r1	28.0	0.0	0.0
121	r2	22.0	0.0	0.0
121	rnapol	0.0	0.0	0.0
122	__protein1_rbs	22.0	0.0	0.0
122	__protein2_rbs	13.666666666666664	0.0	0.0
122	__protein3_rbs	7.0	0.0	0.0
122	__ribosome	18.33333333333333	0.0	0.0
122	__rnase_site_ext	32.0	0.0	0.0
122	p0	0.3333333333333333	0.0	0.0
122	p1	1.0	0.0	0.0
122	p2	1.0	0.0	0.0
122	protein1	1053.0	27.66666666666667	1.212535666666667
122	protein2	712.0	19.0	1.7830690000000002
122	protein3	249.66666666666663	8.0	1.6650793333333331
122	r0	26.33333333333333	0.0	0.0
122	r1	28.66666666666667	0.0	0.0
122	r2	22.66666666666667	0.0	0.0
122	rnapol	0.0	0.0	0.0
123	__protein1_rbs	22.66666666666667	0.0	0.0
123	__protein2_rbs	16.666666666666668	0.0	0.0
123	__protein3_rbs	5.333333333333333	0.0	0.0
123	__ribosome	22.66666666666667	0.0	0.0
123	__rnase_site_ext	33.0	0.0	0.0
123	p0	1.0	0.0	0.0
123	p1	0.6666666666666666	0.0	0.0
123	p2	1.0	0.0	0.0
123	protein1	1065.0	28.0	1.1840046666666666
123	protein2	721.3333333333335	19.33333333333333	1.579087
123	protein3	253.33333333333331	8.0	1.667460333333333
123	r0	27.0	0.0	0.0
123	r1	28.66666666666667	0.0	0.0
123	r2	22.66666666666667	0.0	0.0
123	rnapol	0.0	0.0	0.0
124	__protein1_rbs	22.33333333333333	0.0	0.0
124	__protein2_rbs	15.333333333333336	0.0	0.0
124	__protein3_rbs	5.666666666666668	0.0	0.0
124	__ribosome	19.0	0.0	0.0
124	__rnase_site_ext	33.333333333333336	0.0	0.0
124	p0	1.0	0.0	0.0
124	p1	1.0	0.0	0.0
124	p2	0.6666666666666666	0.0	0.0
124	protein1	1075.3333333333333	28.0	1.3181930000000002
124	protein2	730.0	19.33333333333333	1.5884156666666664
124	protein3	257.6666666666667	8.0	1.715007
124	r0	27.0	0.0	0.0
124	r1	29.33333333333333	0.0	0.0
124	r2	22.0	0.0	0.0
124	rnapol	0.0	0.0	0.0
125	__protein1_rbs	24.0	0.0	0.0
125	__protein2_rbs	17.0	0.0	0.0
125	__protein3_rbs	5.333333333333333	0.0	0.0
125	__ribosome	21.33333333333333	0.0	0.0
125	__rnase_site_ext	32.0	0.0	0.0
125	p0	0.6666666666666666	0.0	0.0
125	p1	0.6666666666666666	0.0	0.0
125	p2	1.0	0.0	0.0
125	protein1	1088.6666666666667	28.0	1.2406593333333331
125	protein2	737.6666666666665	20.33333333333333	1.4977673333333332
125	protein3	261.3333333333333	7.666666666666668	1.884127
125	r0	26.33333333333333	0.0	0.0
125	r1	29.66666666666667	0.0	0.0
125	r2	22.33333333333333	0.0	0.0
125	rnapol	0.0	0.0	0.0
126	__protein1_rbs	21.33333333333333	0.0	0.0
126	__protein2_rbs	17.0	0.0	0.0
126	__protein3_rbs	7.0	0.0	0.0
126	__ribosome	21.33333333333333	0.0	0.0
126	__rnase_site_ext	33.333333333333336	0.0	0.0
126	p0	1.0	0.0	0.0
126	p1	1.0	0.0	0.0
126	p2	1.0	0.0	0.0
126	protein1	1099.3333333333333	27.66666666666667	1.3636160000000002
126	protein2	748.3333333333335	20.33333333333333	1.318102
126	protein3	264.3333333333333	8.0	1.9682540000000002
126	r0	27.0	0.0	0.0
126	r1	30.33333333333333	0.0	0.0
126	r2	22.0	0.0	0.0
126	rnapol	0.0	0.0	0.0
127	__protein1_rbs	18.33333333333333	0.0	0.0
127	__protein2_rbs	17.333333333333332	0.0	0.0
127	__protein3_rbs	6.666666666666668	0.0	0.0
127	__ribosome	21.66666666666667	0.0	0.0
127	__rnase_site_ext	32.666666666666664	0.0	0.0
127	p0	1.0	0.0	0.0
127	p1	0.6666666666666666	0.0	0.0
127	p2	0.6666666666666666	0.0	0.0
127	protein1	1114.3333333333333	28.0	1.3618436666666665
127	protein2	755.0	20.33333333333333	1.295238
127	protein3	268.0	7.333333333333332	2.141414
127	r0	25.33333333333333	0.0	0.0
127	r1	29.66666666666667	0.0	0.0
127	r2	22.33333333333333	0.0	0.0
127	rnapol	0.6666666666666666	0.0	0.0
128	__protein1_rbs	23.66666666666667	0.0	0.0
128	__protein2_rbs	16.0	0.0	0.0
128	__protein3_rbs	5.0	0.0	0.0
128	__ribosome	24.0	0.0	0.0
128	__rnase_site_ext	33.666666666666664	0.0	0.0
128	p0	1.0	0.0	0.0
128	p1	1.0	0.0	0.0
128	p2	1.0	0.0	0.0
128	protein1	1125.3333333333333	28.33333333333333	1.3418473333333336
128	protein2	763.6666666666665	20.0	1.2070176666666668
128	protein3	271.3333333333333	7.333333333333332	2.0878786666666667
128	r0	27.33333333333333	0.0	0.0
128	r1	29.0	0.0	0.0
128	r2	23.66666666666667	0.0	0.0
128	rnapol	0.0	0.0	0.0
129	__protein1_rbs	23.0	0.0	0.0
129	__protein2_rbs	17.666666666666668	0.0	0.0
129	__protein3_rbs	6.666666666666668	0.0	0.0
129	__ribosome	22.66666666666667	0.0	0.0
129	__rnase_site_ext	33.666666666666664	0.0	0.0
129	p0	0.6666666666666666	0.0	0.0
129	p1	1.0	0.0	0.0
129	p2	1.0	0.0	0.0
129	protein1	1139.0	28.66666666666667	1.37335
129	protein2	769.6666666666665	20.0	1.2833333333333332
129	protein3	276.3333333333333	7.666666666666668	1.8
129	r0	26.66666666666667	0.0	0.0
129	r1	29.0	0.0	0.0
129	r2	23.66666666666667	0.0	0.0
129	rnapol	0.0	0.0	0.0
130	__protein1_rbs	25.33333333333333	0.0	0.0
130	__protein2_rbs	16.333333333333332	0.0	0.0
130	__protein3_rbs	5.666666666666668	0.0	0.0
130	__ribosome	22.0	0.0	0.0
130	__rnase_site_ext	35.0	0.0	0.0
130	p0	1.0	0.0	0.0
130	p1	0.6666666666666666	0.0	0.0
130	p2	1.0	0.0	0.0
130	protein1	1152.3333333333333	29.66666666666667	1.1826163333333335
130	protein2	777.6666666666665	20.0	1.3999999999999997
130	protein3	278.0	7.666666666666668	2.1833333333333336
130	r0	29.33333333333333	0.0	0.0
130	r1	29.33333333333333	0.0	0.0
130	r2	24.0	0.0	0.0
130	rnapol	0.3333333333333333	0.0	0.0
131	__protein1_rbs	25.33333333333333	0.0	0.0
131	__protein2_rbs	16.333333333333332	0.0	0.0
131	__protein3_rbs	7.333333333333332	0.0	0.0
131	__ribosome	25.0	0.0	0.0
131	__rnase_site_ext	35.0	0.0	0.0
131	p0	0.6666666666666666	0.0	0.0
131	p1	1.0	0.0	0.0
131	p2	0.6666666666666666	0.0	0.0
131	protein1	1167.0	30.0	1.019201
131	protein2	784.3333333333335	19.666666666666668	1.5614036666666669
131	protein3	282.6666666666667	7.666666666666668	1.8166666666666669
131	r0	28.66666666666667	0.0	0.0
131	r1	29.0	0.0	0.0
131	r2	23.33333333333333	0.0	0.0
131	rnapol	0.0	0.0	0.0
132	__protein1_rbs	24.66666666666667	0.0	0.0
132	__protein2_rbs	14.666666666666664	0.0	0.0
132	__protein3_rbs	6.333333333333332	0.0	0.0
132	__ribosome	19.666666666666668	0.0	0.0
132	__rnase_site_ext	34.666666666666664	0.0	0.0
132	p0	1.0	0.0	0.0
132	p1	1.0	0.0	0.0
132	p2	1.0	0.0	0.0
132	protein1	1178.3333333333333	30.0	1.0674603333333332
132	protein2	790.3333333333335	19.666666666666668	1.7485380000000001
132	protein3	286.0	7.333333333333332	1.9833333333333332
132	r0	28.33333333333333	0.0	0.0
132	r1	29.33333333333333	0.0	0.0
132	r2	24.0	0.0	0.0
132	rnapol	0.3333333333333333	0.0	0.0
133	__protein1_rbs	25.33333333333333	0.0	0.0
133	__protein2_rbs	16.666666666666668	0.0	0.0
133	__protein3_rbs	5.0	0.0	0.0
133	__ribosome	20.0	0.0	0.0
133	__rnase_site_ext	35.0	0.0	0.0
133	p0	1.0	0.0	0.0
133	p1	0.6666666666666666	0.0	0.0
133	p2	1.0	0.0	0.0
133	protein1	1189.3333333333333	30.0	1.0667163333333334
133	protein2	801.3333333333335	20.0	1.6201336666666666
133	protein3	289.0	7.666666666666668	2.088889
133	r0	29.33333333333333	0.0	0.0
133	r1	30.0	0.0	0.0
133	r2	23.66666666666667	0.0	0.0
133	rnapol	0.0	0.0	0.0
134	__protein1_rbs	25.0	0.0	0.0
134	__protein2_rbs	16.333333333333332	0.0	0.0
134	__protein3_rbs	6.0	0.0	0.0
134	__ribosome	21.33333333333333	0.0	0.0
134	__rnase_site_ext	35.0	0.0	0.0
134	p0	1.0	0.0	0.0
134	p1	0.3333333333333333	0.0	0.0
134	p2	0.6666666666666666	0.0	0.0
134	protein1	1199.0	30.33333333333333	1.1007170000000002
134	protein2	810.0	20.666666666666668	1.5484126666666669
134	protein3	294.0	7.666666666666668	1.8444443333333336
134	r0	29.0	0.0	0.0
134	r1	30.33333333333333	0.0	0.0
134	r2	23.0	0.0	0.0
134	rnapol	0.3333333333333333	0.0	0.0
135	__protein1_rbs	24.66666666666667	0.0	0.0
135	__protein2_rbs	16.666666666666668	0.0	0.0
135	__protein3_rbs	5.333333333333333	0.0	0.0
135	__ribosome	19.33333333333333	0.0	0.0
135	__rnase_site_ext	33.666666666666664	0.0	0.0
135	p0	0.6666666666666666	0.0	0.0
135	p1	0.6666666666666666	0.0	0.0
135	p2	1.0	0.0	0.0
135	protein1	1210.6666666666667	30.33333333333333	1.1759856666666666
135	protein2	818.6666666666665	21.0	1.498557
135	protein3	297.0	7.666666666666668	1.8777776666666668
135	r0	28.66666666666667	0.0	0.0
135	r1	31.33333333333333	0.0	0.0
135	r2	22.66666666666667	0.0	0.0
135	rnapol	0.6666666666666666	0.0	0.0
136	__protein1_rbs	24.0	0.0	0.0
136	__protein2_rbs	18.0	0.0	0.0
136	__protein3_rbs	5.666666666666668	0.0	0.0
136	__ribosome	18.666666666666668	0.0	0.0
136	__rnase_site_ext	35.666666666666664	0.0	0.0
136	p0	1.0	0.0	0.0
136	p1	1.0	0.0	0.0
136	p2	1.0	0.0	0.0
136	protein1	1221.3333333333333	30.66666666666667	1.1953406666666666
136	protein2	827.3333333333335	21.33333333333333	1.4530303333333332
136	protein3	301.0	7.0	1.9333333333333331
136	r0	29.66666666666667	0.0	0.0
136	r1	32.0	0.0	0.0
136	r2	23.33333333333333	0.0	0.0
136	rnapol	0.0	0.0	0.0
137	__protein1_rbs	25.33333333333333	0.0	0.0
137	__protein2_rbs	18.33333333333333	0.0	0.0
137	__protein3_rbs	4.666666666666667	0.0	0.0
137	__ribosome	18.666666666666668	0.0	0.0
137	__rnase_site_ext	36.0	0.0	0.0
137	p0	1.0	0.0	0.0
137	p1	1.0	0.0	0.0
137	p2	0.6666666666666666	0.0	0.0
137	protein1	1234.3333333333333	31.0	1.1625
137	protein2	836.0	22.33333333333333	1.3654400000000002
137	protein3	304.6666666666667	7.333333333333332	2.0142856666666664
137	r0	30.33333333333333	0.0	0.0
137	r1	32.0	0.0	0.0
137	r2	23.0	0.0	0.0
137	rnapol	0.0	0.0	0.0
138	__protein1_rbs	26.0	0.0	0.0
138	__protein2_rbs	18.0	0.0	0.0
138	__protein3_rbs	6.333333333333332	0.0	0.0
138	__ribosome	18.33333333333333	0.0	0.0
138	__rnase_site_ext	36.333333333333336	0.0	0.0
138	p0	1.0	0.0	0.0
138	p1	1.0	0.0	0.0
138	p2	1.0	0.0	0.0
138	protein1	1247.6666666666667	31.66666666666667	1.1162633333333334
138	protein2	844.6666666666665	21.66666666666667	1.4997363333333336
138	protein3	307.3333333333333	7.333333333333332	1.852381
138	r0	30.33333333333333	0.0	0.0
138	r1	31.0	0.0	0.0
138	r2	23.66666666666667	0.0	0.0
138	rnapol	0.0	0.0	0.0
139	__protein1_rbs	25.66666666666667	0.0	0.0
139	__protein2_rbs	18.666666666666668	0.0	0.0
139	__protein3_rbs	7.333333333333332	0.0	0.0
139	__ribosome	23.33333333333333	0.0	0.0
139	__rnase_site_ext	36.66666666666666	0.0	0.0
139	p0	1.0	0.0	0.0
139	p1	1.0	0.0	0.0
139	p2	0.6666666666666666	0.0	0.0
139	protein1	1260.3333333333333	31.33333333333333	1.0860216666666669
139	protein2	853.6666666666665	21.33333333333333	1.4159076666666666
139	protein3	311.0	8.0	1.603896
139	r0	30.33333333333333	0.0	0.0
139	r1	31.33333333333333	0.0	0.0
139	r2	23.66666666666667	0.0	0.0
139	rnapol	0.0	0.0	0.0
140	__protein1_rbs	23.0	0.0	0.0
140	__protein2_rbs	17.0	0.0	0.0
140	__protein3_rbs	6.666666666666668	0.0	0.0
140	__ribosome	19.666666666666668	0.0	0.0
140	__rnase_site_ext	36.333333333333336	0.0	0.0
140	p0	1.0	0.0	0.0
140	p1	1.0	0.0	0.0
140	p2	1.0	0.0	0.0
140	protein1	1272.3333333333333	31.33333333333333	1.2106853333333334
140	protein2	861.0	20.666666666666668	1.599074
140	protein3	316.6666666666667	8.333333333333334	1.1785713333333334
140	r0	30.0	0.0	0.0
140	r1	30.66666666666667	0.0	0.0
140	r2	24.66666666666667	0.0	0.0
140	rnapol	0.0	0.0	0.0
141	__protein1_rbs	23.66666666666667	0.0	0.0
141	__protein2_rbs	18.33333333333333	0.0	0.0
141	__protein3_rbs	7.333333333333332	0.0	0.0
141	__ribosome	18.0	0.0	0.0
141	__rnase_site_ext	36.333333333333336	0.0	0.0
141	p0	0.6666666666666666	0.0	0.0
141	p1	0.6666666666666666	0.0	0.0
141	p2	1.0	0.0	0.0
141	protein1	1284.3333333333333	32.0	1.269988
141	protein2	870.0	20.666666666666668	1.5387873333333335
141	protein3	320.3333333333333	8.333333333333334	1.253968
141	r0	30.66666666666667	0.0	0.0
141	r1	30.33333333333333	0.0	0.0
141	r2	24.66666666666667	0.0	0.0
141	rnapol	0.3333333333333333	0.0	0.0
142	__protein1_rbs	25.66666666666667	0.0	0.0
142	__protein2_rbs	17.666666666666668	0.0	0.0
142	__protein3_rbs	7.0	0.0	0.0
142	__ribosome	20.666666666666668	0.0	0.0
142	__rnase_site_ext	35.0	0.0	0.0
142	p0	1.0	0.0	0.0
142	p1	1.0	0.0	0.0
142	p2	0.6666666666666666	0.0	0.0
142	protein1	1296.6666666666667	31.0	1.2825133333333334
142	protein2	880.0	20.666666666666668	1.4045383333333332
142	protein3	322.3333333333333	8.333333333333334	1.365079333333333
142	r0	29.66666666666667	0.0	0.0
142	r1	30.33333333333333	0.0	0.0
142	r2	24.66666666666667	0.0	0.0
142	rnapol	0.0	0.0	0.0
143	__protein1_rbs	24.66666666666667	0.0	0.0
143	__protein2_rbs	17.0	0.0	0.0
143	__protein3_rbs	7.333333333333332	0.0	0.0
143	__ribosome	22.33333333333333	0.0	0.0
143	__rnase_site_ext	34.666666666666664	0.0	0.0
143	p0	1.0	0.0	0.0
143	p1	0.6666666666666666	0.0	0.0
143	p2	0.6666666666666666	0.0	0.0
143	protein1	1312.6666666666667	30.33333333333333	1.2015650000000002
143	protein2	888.6666666666665	20.666666666666668	1.4181923333333335
143	protein3	324.6666666666667	8.333333333333334	1.5158733333333334
143	r0	29.0	0.0	0.0
143	r1	30.33333333333333	0.0	0.0
143	r2	25.33333333333333	0.0	0.0
143	rnapol	0.3333333333333333	0.0	0.0
144	__protein1_rbs	26.0	0.0	0.0
144	__protein2_rbs	16.0	0.0	0.0
144	__protein3_rbs	6.666666666666668	0.0	0.0
144	__ribosome	22.0	0.0	0.0
144	__rnase_site_ext	34.666666666666664	0.0	0.0
144	p0	0.6666666666666666	0.0	0.0
144	p1	0.6666666666666666	0.0	0.0
144	p2	0.6666666666666666	0.0	0.0
144	protein1	1328.0	31.0	1.1479886666666668
144	protein2	898.0	21.0	1.379970666666667
144	protein3	327.3333333333333	8.0	1.7453103333333335
144	r0	28.33333333333333	0.0	0.0
144	r1	31.33333333333333	0.0	0.0
144	r2	25.33333333333333	0.0	0.0
144	rnapol	0.3333333333333333	0.0	0.0
145	__protein1_rbs	25.33333333333333	0.0	0.0
145	__protein2_rbs	17.666666666666668	0.0	0.0
145	__protein3_rbs	5.333333333333333	0.0	0.0
145	__ribosome	17.333333333333332	0.0	0.0
145	__rnase_site_ext	36.333333333333336	0.0	0.0
145	p0	1.0	0.0	0.0
145	p1	0.6666666666666666	0.0	0.0
145	p2	0.6666666666666666	0.0	0.0
145	protein1	1338.0	31.66666666666667	1.1551766666666667
145	protein2	904.3333333333335	21.0	1.4798246666666668
145	protein3	331.0	8.0	1.9393939999999998
145	r0	30.0	0.0	0.0
145	r1	31.66666666666667	0.0	0.0
145	r2	25.33333333333333	0.0	0.0
145	rnapol	0.3333333333333333	0.0	0.0
146	__protein1_rbs	26.66666666666667	0.0	0.0
146	__protein2_rbs	18.0	0.0	0.0
146	__protein3_rbs	6.666666666666668	0.0	0.0
146	__ribosome	23.66666666666667	0.0	0.0
146	__rnase_site_ext	36.333333333333336	0.0	0.0
146	p0	1.0	0.0	0.0
146	p1	0.6666666666666666	0.0	0.0
146	p2	1.0	0.0	0.0
146	protein1	1353.6666666666667	31.66666666666667	1.0296513333333337
146	protein2	913.6666666666665	21.33333333333333	1.433158
146	protein3	334.6666666666667	8.0	1.7438673333333332
146	r0	30.33333333333333	0.0	0.0
146	r1	32.333333333333336	0.0	0.0
146	r2	25.33333333333333	0.0	0.0
146	rnapol	0.3333333333333333	0.0	0.0
147	__protein1_rbs	24.66666666666667	0.0	0.0
147	__protein2_rbs	15.666666666666664	0.0	0.0
147	__protein3_rbs	8.0	0.0	0.0
147	__ribosome	16.0	0.0	0.0
147	__rnase_site_ext	36.0	0.0	0.0
147	p0	1.0	0.0	0.0
147	p1	1.0	0.0	0.0
147	p2	1.0	0.0	0.0
147	protein1	1365.0	31.66666666666667	1.1937963333333332
147	protein2	920.6666666666665	21.66666666666667	1.5738706666666669
147	protein3	337.3333333333333	8.0	1.6753246666666666
147	r0	30.0	0.0	0.0
147	r1	32.666666666666664	0.0	0.0
147	r2	24.33333333333333	0.0	0.0
147	rnapol	0.0	0.0	0.0
148	__protein1_rbs	23.66666666666667	0.0	0.0
148	__protein2_rbs	17.666666666666668	0.0	0.0
148	__protein3_rbs	5.333333333333333	0.0	0.0
148	__ribosome	18.666666666666668	0.0	0.0
148	__rnase_site_ext	35.666666666666664	0.0	0.0
148	p0	1.0	0.0	0.0
148	p1	0.6666666666666666	0.0	0.0
148	p2	0.6666666666666666	0.0	0.0
148	protein1	1376.0	31.33333333333333	1.250206666666667
148	protein2	930.3333333333335	22.0	1.4286353333333333
148	protein3	342.6666666666667	7.666666666666668	1.5367963333333332
148	r0	28.33333333333333	0.0	0.0
148	r1	32.0	0.0	0.0
148	r2	24.0	0.0	0.0
148	rnapol	0.0	0.0	0.0
149	__protein1_rbs	25.66666666666667	0.0	0.0
149	__protein2_rbs	18.33333333333333	0.0	0.0
149	__protein3_rbs	6.333333333333332	0.0	0.0
149	__ribosome	23.66666666666667	0.0	0.0
149	__rnase_site_ext	36.66666666666666	0.0	0.0
149	p0	1.0	0.0	0.0
149	p1	0.6666666666666666	0.0	0.0
149	p2	1.0	0.0	0.0
149	protein1	1390.333333333333	31.66666666666667	1.1741793333333332
149	protein2	940.3333333333335	21.66666666666667	1.3403773333333333
149	protein3	346.66666666666674	7.666666666666668	1.2528136666666665
149	r0	30.66666666666667	0.0	0.0
149	r1	31.0	0.0	0.0
149	r2	24.66666666666667	0.0	0.0
149	rnapol	0.0	0.0	0.0
150	__protein1_rbs	24.33333333333333	0.0	0.0
150	__protein2_rbs	15.333333333333336	0.0	0.0
150	__protein3_rbs	6.333333333333332	0.0	0.0
150	__ribosome	20.666666666666668	0.0	0.0
150	__rnase_site_ext	36.66666666666666	0.0	0.0
150	p0	0.6666666666666666	0.0	0.0
150	p1	1.0	0.0	0.0
150	p2	0.3333333333333333	0.0	0.0
150	protein1	1404.0	31.66666666666667	1.1819443333333333
150	protein2	947.6666666666665	20.33333333333333	1.5658616666666667
150	protein3	349.66666666666674	8.333333333333334	1.1875456666666666
150	r0	29.33333333333333	0.0	0.0
150	r1	31.0	0.0	0.0
150	r2	24.66666666666667	0.0	0.0
150	rnapol	0.0	0.0	0.0
151	__protein1_rbs	26.66666666666667	0.0	0.0
151	__protein2_rbs	16.666666666666668	0.0	0.0
151	__protein3_rbs	7.0	0.0	0.0
151	__ribosome	22.33333333333333	0.0	0.0
151	__rnase_site_ext	36.66666666666666	0.0	0.0
151	p0	1.0	0.0	0.0
151	p1	0.6666666666666666	0.0	0.0
151	p2	1.0	0.0	0.0
151	protein1	1420.666666666667	32.0	1.038358
151	protein2	956.6666666666665	20.33333333333333	1.5365536666666668
151	protein3	350.66666666666674	8.0	1.717094
151	r0	31.0	0.0	0.0
151	r1	31.0	0.0	0.0
151	r2	25.66666666666667	0.0	0.0
151	rnapol	0.0	0.0	0.0
152	__protein1_rbs	28.66666666666667	0.0	0.0
152	__protein2_rbs	16.666666666666668	0.0	0.0
152	__protein3_rbs	6.333333333333332	0.0	0.0
152	__ribosome	23.0	0.0	0.0
152	__rnase_site_ext	36.66666666666666	0.0	0.0
152	p0	0.6666666666666666	0.0	0.0
152	p1	0.6666666666666666	0.0	0.0
152	p2	1.0	0.0	0.0
152	protein1	1430.666666666667	32.666666666666664	1.0392156666666663
152	protein2	966.3333333333335	20.33333333333333	1.4952493333333334
152	protein3	354.33333333333326	8.333333333333334	1.5692306666666669
152	r0	31.66666666666667	0.0	0.0
152	r1	31.66666666666667	0.0	0.0
152	r2	25.33333333333333	0.0	0.0
152	rnapol	0.0	0.0	0.0
153	__protein1_rbs	28.0	0.0	0.0
153	__protein2_rbs	16.333333333333332	0.0	0.0
153	__protein3_rbs	7.0	0.0	0.0
153	__ribosome	21.33333333333333	0.0	0.0
153	__rnase_site_ext	38.66666666666666	0.0	0.0
153	p0	1.0	0.0	0.0
153	p1	0.6666666666666666	0.0	0.0
153	p2	1.0	0.0	0.0
153	protein1	1443.666666666667	33.666666666666664	0.9696969999999999
153	protein2	974.6666666666665	20.33333333333333	1.5575683333333332
153	protein3	356.33333333333326	8.333333333333334	1.7824173333333333
153	r0	33.0	0.0	0.0
153	r1	32.0	0.0	0.0
153	r2	25.66666666666667	0.0	0.0
153	rnapol	0.6666666666666666	0.0	0.0
154	__protein1_rbs	27.33333333333333	0.0	0.0
154	__protein2_rbs	17.666666666666668	0.0	0.0
154	__protein3_rbs	6.333333333333332	0.0	0.0
154	__ribosome	20.666666666666668	0.0	0.0
154	__rnase_site_ext	38.333333333333336	0.0	0.0
154	p0	0.6666666666666666	0.0	0.0
154	p1	1.0	0.0	0.0
154	p2	1.0	0.0	0.0
154	protein1	1456.0	33.666666666666664	0.96019
154	protein2	983.3333333333335	21.0	1.5738546666666666
154	protein3	360.66666666666674	8.333333333333334	1.6908426666666667
154	r0	32.0	0.0	0.0
154	r1	31.66666666666667	0.0	0.0
154	r2	25.0	0.0	0.0
154	rnapol	0.0	0.0	0.0
155	__protein1_rbs	26.33333333333333	0.0	0.0
155	__protein2_rbs	17.333333333333332	0.0	0.0
155	__protein3_rbs	5.333333333333333	0.0	0.0
155	__ribosome	18.33333333333333	0.0	0.0
155	__rnase_site_ext	38.333333333333336	0.0	0.0
155	p0	0.6666666666666666	0.0	0.0
155	p1	0.6666666666666666	0.0	0.0
155	p2	1.0	0.0	0.0
155	protein1	1467.0	33.666666666666664	1.042227
155	protein2	994.0	21.0	1.5833333333333333
155	protein3	364.66666666666674	8.333333333333334	1.605861
155	r0	31.66666666666667	0.0	0.0
155	r1	32.333333333333336	0.0	0.0
155	r2	24.0	0.0	0.0
155	rnapol	0.0	0.0	0.0
156	__protein1_rbs	26.66666666666667	0.0	0.0
156	__protein2_rbs	18.33333333333333	0.0	0.0
156	__protein3_rbs	6.666666666666668	0.0	0.0
156	__ribosome	17.333333333333332	0.0	0.0
156	__rnase_site_ext	38.66666666666666	0.0	0.0
156	p0	1.0	0.0	0.0
156	p1	0.6666666666666666	0.0	0.0
156	p2	0.6666666666666666	0.0	0.0
156	protein1	1478.0	34.0	1.2063149999999998
156	protein2	1002.3333333333335	21.66666666666667	1.3851673333333334
156	protein3	368.66666666666674	8.0	1.4683763333333333
156	r0	32.0	0.0	0.0
156	r1	33.333333333333336	0.0	0.0
156	r2	23.33333333333333	0.0	0.0
156	rnapol	0.3333333333333333	0.0	0.0
157	__protein1_rbs	27.0	0.0	0.0
157	__protein2_rbs	19.33333333333333	0.0	0.0
157	__protein3_rbs	7.0	0.0	0.0
157	__ribosome	16.333333333333332	0.0	0.0
157	__rnase_site_ext	39.0	0.0	0.0
157	p0	1.0	0.0	0.0
157	p1	0.6666666666666666	0.0	0.0
157	p2	1.0	0.0	0.0
157	protein1	1491.333333333333	34.333333333333336	1.2044956666666666
157	protein2	1011.0	22.0	1.3962793333333334
157	protein3	371.33333333333326	7.666666666666668	1.6277776666666668
157	r0	33.333333333333336	0.0	0.0
157	r1	33.666666666666664	0.0	0.0
157	r2	22.66666666666667	0.0	0.0
157	rnapol	0.6666666666666666	0.0	0.0
158	__protein1_rbs	26.33333333333333	0.0	0.0
158	__protein2_rbs	18.33333333333333	0.0	0.0
158	__protein3_rbs	5.333333333333333	0.0	0.0
158	__ribosome	20.0	0.0	0.0
158	__rnase_site_ext	40.0	0.0	0.0
158	p0	1.0	0.0	0.0
158	p1	1.0	0.0	0.0
158	p2	0.6666666666666666	0.0	0.0
158	protein1	1507.0	35.0	1.1680743333333332
158	protein2	1022.0	22.0	1.299081
158	protein3	376.0	7.333333333333332	1.5555556666666668
158	r0	32.0	0.0	0.0
158	r1	34.0	0.0	0.0
158	r2	23.33333333333333	0.0	0.0
158	rnapol	0.0	0.0	0.0
159	__protein1_rbs	30.66666666666667	0.0	0.0
159	__protein2_rbs	17.333333333333332	0.0	0.0
159	__protein3_rbs	5.666666666666668	0.0	0.0
159	__ribosome	20.33333333333333	0.0	0.0
159	__rnase_site_ext	41.0	0.0	0.0
159	p0	1.0	0.0	0.0
159	p1	0.6666666666666666	0.0	0.0
159	p2	0.6666666666666666	0.0	0.0
159	protein1	1522.333333333333	35.666666666666664	1.0529206666666668
159	protein2	1029.6666666666667	22.33333333333333	1.448436
159	protein3	379.66666666666674	7.666666666666668	1.4166666666666667
159	r0	35.0	0.0	0.0
159	r1	33.666666666666664	0.0	0.0
159	r2	24.33333333333333	0.0	0.0
159	rnapol	0.0	0.0	0.0
160	__protein1_rbs	29.66666666666667	0.0	0.0
160	__protein2_rbs	17.333333333333332	0.0	0.0
160	__protein3_rbs	6.0	0.0	0.0
160	__ribosome	16.333333333333332	0.0	0.0
160	__rnase_site_ext	41.333333333333336	0.0	0.0
160	p0	0.6666666666666666	0.0	0.0
160	p1	0.6666666666666666	0.0	0.0
160	p2	1.0	0.0	0.0
160	protein1	1535.0	36.0	1.1266483333333333
160	protein2	1038.3333333333333	21.33333333333333	1.4881766666666667
160	protein3	381.66666666666674	7.666666666666668	1.5944443333333336
160	r0	34.666666666666664	0.0	0.0
160	r1	33.666666666666664	0.0	0.0
160	r2	25.0	0.0	0.0
160	rnapol	0.0	0.0	0.0
161	__protein1_rbs	32.333333333333336	0.0	0.0
161	__protein2_rbs	19.33333333333333	0.0	0.0
161	__protein3_rbs	5.666666666666668	0.0	0.0
161	__ribosome	22.33333333333333	0.0	0.0
161	__rnase_site_ext	40.66666666666666	0.0	0.0
161	p0	0.3333333333333333	0.0	0.0
161	p1	1.0	0.0	0.0
161	p2	0.6666666666666666	0.0	0.0
161	protein1	1550.333333333333	36.333333333333336	1.0330549999999998
161	protein2	1047.3333333333333	21.66666666666667	1.3002023333333332
161	protein3	384.0	7.666666666666668	1.6111113333333331
161	r0	35.333333333333336	0.0	0.0
161	r1	34.333333333333336	0.0	0.0
161	r2	24.33333333333333	0.0	0.0
161	rnapol	0.0	0.0	0.0
162	__protein1_rbs	27.66666666666667	0.0	0.0
162	__protein2_rbs	18.666666666666668	0.0	0.0
162	__protein3_rbs	5.333333333333333	0.0	0.0
162	__ribosome	19.666666666666668	0.0	0.0
162	__rnase_site_ext	42.0	0.0	0.0
162	p0	0.6666666666666666	0.0	0.0
162	p1	1.0	0.0	0.0
162	p2	1.0	0.0	0.0
162	protein1	1565.0	37.0	1.0887566666666666
162	protein2	1056.0	22.33333333333333	1.2285713333333332
162	protein3	387.0	7.333333333333332	1.861111
162	r0	35.333333333333336	0.0	0.0
162	r1	35.0	0.0	0.0
162	r2	24.66666666666667	0.0	0.0
162	rnapol	0.0	0.0	0.0
163	__protein1_rbs	29.33333333333333	0.0	0.0
163	__protein2_rbs	19.0	0.0	0.0
163	__protein3_rbs	6.666666666666668	0.0	0.0
163	__ribosome	19.0	0.0	0.0
163	__rnase_site_ext	41.0	0.0	0.0
163	p0	1.0	0.0	0.0
163	p1	0.6666666666666666	0.0	0.0
163	p2	0.6666666666666666	0.0	0.0
163	protein1	1579.666666666667	37.333333333333336	1.1769003333333334
163	protein2	1066.0	23.0	1.208193
163	protein3	391.33333333333326	7.333333333333332	1.5
163	r0	33.333333333333336	0.0	0.0
163	r1	36.0	0.0	0.0
163	r2	24.66666666666667	0.0	0.0
163	rnapol	0.0	0.0	0.0
164	__protein1_rbs	29.66666666666667	0.0	0.0
164	__protein2_rbs	19.33333333333333	0.0	0.0
164	__protein3_rbs	7.0	0.0	0.0
164	__ribosome	15.333333333333336	0.0	0.0
164	__rnase_site_ext	42.333333333333336	0.0	0.0
164	p0	1.0	0.0	0.0
164	p1	1.0	0.0	0.0
164	p2	1.0	0.0	0.0
164	protein1	1592.333333333333	36.66666666666666	1.2341596666666668
164	protein2	1073.3333333333333	23.66666666666667	1.3315566666666665
164	protein3	394.33333333333326	7.333333333333332	1.361111
164	r0	35.666666666666664	0.0	0.0
164	r1	36.66666666666666	0.0	0.0
164	r2	25.0	0.0	0.0
164	rnapol	0.3333333333333333	0.0	0.0
165	__protein1_rbs	30.66666666666667	0.0	0.0
165	__protein2_rbs	20.33333333333333	0.0	0.0
165	__protein3_rbs	6.333333333333332	0.0	0.0
165	__ribosome	14.666666666666664	0.0	0.0
165	__rnase_site_ext	42.333333333333336	0.0	0.0
165	p0	1.0	0.0	0.0
165	p1	1.0	0.0	0.0
165	p2	0.6666666666666666	0.0	0.0
165	protein1	1609.0	37.0	1.1919743333333332
165	protein2	1079.3333333333333	24.0	1.420635
165	protein3	397.0	7.333333333333332	1.138889
165	r0	35.666666666666664	0.0	0.0
165	r1	37.333333333333336	0.0	0.0
165	r2	25.33333333333333	0.0	0.0
165	rnapol	0.3333333333333333	0.0	0.0
166	__protein1_rbs	30.33333333333333	0.0	0.0
166	__protein2_rbs	20.33333333333333	0.0	0.0
166	__protein3_rbs	7.0	0.0	0.0
166	__ribosome	20.0	0.0	0.0
166	__rnase_site_ext	43.33333333333334	0.0	0.0
166	p0	1.0	0.0	0.0
166	p1	1.0	0.0	0.0
166	p2	0.6666666666666666	0.0	0.0
166	protein1	1627.666666666667	37.333333333333336	1.0983743333333331
166	protein2	1089.0	24.0	1.3065386666666667
166	protein3	400.33333333333326	7.666666666666668	1.1333333333333333
166	r0	37.0	0.0	0.0
166	r1	37.0	0.0	0.0
166	r2	25.66666666666667	0.0	0.0
166	rnapol	0.0	0.0	0.0
167	__protein1_rbs	30.66666666666667	0.0	0.0
167	__protein2_rbs	18.0	0.0	0.0
167	__protein3_rbs	7.333333333333332	0.0	0.0
167	__ribosome	17.0	0.0	0.0
167	__rnase_site_ext	43.0	0.0	0.0
167	p0	1.0	0.0	0.0
167	p1	1.0	0.0	0.0
167	p2	0.6666666666666666	0.0	0.0
167	protein1	1642.333333333333	37.66666666666666	1.1295546666666667
167	protein2	1098.3333333333333	23.66666666666667	1.378427
167	protein3	402.0	7.666666666666668	1.0277776666666667
167	r0	36.0	0.0	0.0
167	r1	37.0	0.0	0.0
167	r2	25.66666666666667	0.0	0.0
167	rnapol	0.0	0.0	0.0
168	__protein1_rbs	33.333333333333336	0.0	0.0
168	__protein2_rbs	20.666666666666668	0.0	0.0
168	__protein3_rbs	6.0	0.0	0.0
168	__ribosome	16.0	0.0	0.0
168	__rnase_site_ext	43.33333333333334	0.0	0.0
168	p0	0.6666666666666666	0.0	0.0
168	p1	0.6666666666666666	0.0	0.0
168	p2	0.6666666666666666	0.0	0.0
168	protein1	1655.666666666667	37.66666666666666	1.1087493333333334
168	protein2	1108.0	24.33333333333333	1.3099003333333334
168	protein3	404.0	8.0	1.4179486666666667
168	r0	37.333333333333336	0.0	0.0
168	r1	37.66666666666666	0.0	0.0
168	r2	26.0	0.0	0.0
168	rnapol	0.0	0.0	0.0
169	__protein1_rbs	33.333333333333336	0.0	0.0
169	__protein2_rbs	19.666666666666668	0.0	0.0
169	__protein3_rbs	7.0	0.0	0.0
169	__ribosome	18.33333333333333	0.0	0.0
169	__rnase_site_ext	43.33333333333334	0.0	0.0
169	p0	1.0	0.0	0.0
169	p1	1.0	0.0	0.0
169	p2	1.0	0.0	0.0
169	protein1	1674.0	37.66666666666666	0.9838786666666668
169	protein2	1115.0	24.66666666666667	1.3773290000000002
169	protein3	406.0	8.0	1.3581196666666668
169	r0	37.66666666666666	0.0	0.0
169	r1	38.66666666666666	0.0	0.0
169	r2	26.0	0.0	0.0
169	rnapol	0.0	0.0	0.0
170	__protein1_rbs	31.33333333333333	0.0	0.0
170	__protein2_rbs	19.666666666666668	0.0	0.0
170	__protein3_rbs	7.666666666666668	0.0	0.0
170	__ribosome	16.333333333333332	0.0	0.0
170	__rnase_site_ext	43.0	0.0	0.0
170	p0	1.0	0.0	0.0
170	p1	0.6666666666666666	0.0	0.0
170	p2	0.6666666666666666	0.0	0.0
170	protein1	1688.333333333333	37.66666666666666	0.9376593333333334
170	protein2	1125.0	25.33333333333333	1.5238096666666667
170	protein3	409.0	8.333333333333334	1.162393
170	r0	37.333333333333336	0.0	0.0
170	r1	38.0	0.0	0.0
170	r2	26.0	0.0	0.0
170	rnapol	0.0	0.0	0.0
171	__protein1_rbs	30.66666666666667	0.0	0.0
171	__protein2_rbs	20.0	0.0	0.0
171	__protein3_rbs	7.0	0.0	0.0
171	__ribosome	13.333333333333336	0.0	0.0
171	__rnase_site_ext	42.66666666666666	0.0	0.0
171	p0	1.0	0.0	0.0
171	p1	0.6666666666666666	0.0	0.0
171	p2	1.0	0.0	0.0
171	protein1	1701.0	37.333333333333336	1.035017
171	protein2	1136.3333333333333	25.33333333333333	1.4688073333333336
171	protein3	412.33333333333326	8.666666666666666	1.283272
171	r0	35.666666666666664	0.0	0.0
171	r1	38.333333333333336	0.0	0.0
171	r2	26.33333333333333	0.0	0.0
171	rnapol	0.3333333333333333	0.0	0.0
172	__protein1_rbs	31.66666666666667	0.0	0.0
172	__protein2_rbs	22.0	0.0	0.0
172	__protein3_rbs	7.666666666666668	0.0	0.0
172	__ribosome	15.0	0.0	0.0
172	__rnase_site_ext	43.0	0.0	0.0
172	p0	1.0	0.0	0.0
172	p1	1.0	0.0	0.0
172	p2	0.3333333333333333	0.0	0.0
172	protein1	1714.666666666667	37.333333333333336	1.0266950000000001
172	protein2	1144.0	25.33333333333333	1.4150216666666668
172	protein3	415.33333333333326	9.0	1.2380953333333335
172	r0	36.0	0.0	0.0
172	r1	38.66666666666666	0.0	0.0
172	r2	27.66666666666667	0.0	0.0
172	rnapol	0.0	0.0	0.0
173	__protein1_rbs	29.0	0.0	0.0
173	__protein2_rbs	21.66666666666667	0.0	0.0
173	__protein3_rbs	8.333333333333334	0.0	0.0
173	__ribosome	20.666666666666668	0.0	0.0
173	__rnase_site_ext	42.66666666666666	0.0	0.0
173	p0	0.6666666666666666	0.0	0.0
173	p1	1.0	0.0	0.0
173	p2	1.0	0.0	0.0
173	protein1	1729.333333333333	37.0	1.02286
173	protein2	1158.6666666666667	25.0	1.1859903333333337
173	protein3	417.0	9.333333333333334	1.276190333333333
173	r0	35.0	0.0	0.0
173	r1	37.66666666666666	0.0	0.0
173	r2	28.33333333333333	0.0	0.0
173	rnapol	0.0	0.0	0.0
174	__protein1_rbs	32.0	0.0	0.0
174	__protein2_rbs	21.33333333333333	0.0	0.0
174	__protein3_rbs	8.0	0.0	0.0
174	__ribosome	16.666666666666668	0.0	0.0
174	__rnase_site_ext	42.66666666666666	0.0	0.0
174	p0	0.6666666666666666	0.0	0.0
174	p1	1.0	0.0	0.0
174	p2	0.3333333333333333	0.0	0.0
174	protein1	1741.0	37.66666666666666	1.1562336666666668
174	protein2	1169.0	24.66666666666667	1.140151666666667
174	protein3	421.0	9.333333333333334	1.2873016666666666
174	r0	35.666666666666664	0.0	0.0
174	r1	38.0	0.0	0.0
174	r2	28.0	0.0	0.0
174	rnapol	0.0	0.0	0.0
175	__protein1_rbs	32.666666666666664	0.0	0.0
175	__protein2_rbs	19.33333333333333	0.0	0.0
175	__protein3_rbs	7.666666666666668	0.0	0.0
175	__ribosome	15.0	0.0	0.0
175	__rnase_site_ext	42.66666666666666	0.0	0.0
175	p0	0.6666666666666666	0.0	0.0
175	p1	1.0	0.0	0.0
175	p2	0.6666666666666666	0.0	0.0
175	protein1	1756.666666666667	37.333333333333336	1.1114030000000001
175	protein2	1176.6666666666667	25.0	1.3358323333333333
175	protein3	425.0	9.0	1.1349203333333333
175	r0	35.666666666666664	0.0	0.0
175	r1	37.66666666666666	0.0	0.0
175	r2	28.66666666666667	0.0	0.0
175	rnapol	0.0	0.0	0.0
176	__protein1_rbs	30.66666666666667	0.0	0.0
176	__protein2_rbs	19.666666666666668	0.0	0.0
176	__protein3_rbs	7.333333333333332	0.0	0.0
176	__ribosome	20.0	0.0	0.0
176	__rnase_site_ext	42.66666666666666	0.0	0.0
176	p0	1.0	0.0	0.0
176	p1	1.0	0.0	0.0
176	p2	1.0	0.0	0.0
176	protein1	1775.333333333333	36.66666666666666	0.946788
176	protein2	1184.6666666666667	25.33333333333333	1.3563843333333334
176	protein3	427.66666666666674	9.333333333333334	1.21627
176	r0	35.666666666666664	0.0	0.0
176	r1	38.333333333333336	0.0	0.0
176	r2	29.0	0.0	0.0
176	rnapol	0.0	0.0	0.0
177	__protein1_rbs	32.0	0.0	0.0
177	__protein2_rbs	22.66666666666667	0.0	0.0
177	__protein3_rbs	6.333333333333332	0.0	0.0
177	__ribosome	18.666666666666668	0.0	0.0
177	__rnase_site_ext	43.33333333333334	0.0	0.0
177	p0	1.0	0.0	0.0
177	p1	0.6666666666666666	0.0	0.0
177	p2	1.0	0.0	0.0
177	protein1	1791.0	37.0	0.9010753333333332
177	protein2	1193.3333333333333	26.33333333333333	1.3155026666666665
177	protein3	431.33333333333326	9.333333333333334	1.490079333333333
177	r0	35.666666666666664	0.0	0.0
177	r1	38.66666666666666	0.0	0.0
177	r2	28.66666666666667	0.0	0.0
177	rnapol	0.0	0.0	0.0
178	__protein1_rbs	30.66666666666667	0.0	0.0
178	__protein2_rbs	23.0	0.0	0.0
178	__protein3_rbs	8.0	0.0	0.0
178	__ribosome	20.33333333333333	0.0	0.0
178	__rnase_site_ext	42.333333333333336	0.0	0.0
178	p0	1.0	0.0	0.0
178	p1	0.6666666666666666	0.0	0.0
178	p2	0.6666666666666666	0.0	0.0
178	protein1	1801.333333333333	36.66666666666666	0.9864626666666666
178	protein2	1204.6666666666667	26.33333333333333	1.1721780000000002
178	protein3	434.0	9.0	1.6142856666666667
178	r0	35.0	0.0	0.0
178	r1	38.333333333333336	0.0	0.0
178	r2	28.66666666666667	0.0	0.0
178	rnapol	0.3333333333333333	0.0	0.0
179	__protein1_rbs	30.0	0.0	0.0
179	__protein2_rbs	23.0	0.0	0.0
179	__protein3_rbs	8.333333333333334	0.0	0.0
179	__ribosome	20.0	0.0	0.0
179	__rnase_site_ext	43.33333333333334	0.0	0.0
179	p0	1.0	0.0	0.0
179	p1	1.0	0.0	0.0
179	p2	1.0	0.0	0.0
179	protein1	1814.666666666667	37.0	1.006216
179	protein2	1215.0	26.66666666666667	1.0917413333333332
179	protein3	436.33333333333326	9.0	1.642857
179	r0	35.0	0.0	0.0
179	r1	38.333333333333336	0.0	0.0
179	r2	29.0	0.0	0.0
179	rnapol	0.0	0.0	0.0
180	__protein1_rbs	31.33333333333333	0.0	0.0
180	__protein2_rbs	21.66666666666667	0.0	0.0
180	__protein3_rbs	7.666666666666668	0.0	0.0
180	__ribosome	19.33333333333333	0.0	0.0
180	__rnase_site_ext	42.66666666666666	0.0	0.0
180	p0	1.0	0.0	0.0
180	p1	1.0	0.0	0.0
180	p2	0.6666666666666666	0.0	0.0
180	protein1	1828.333333333333	37.0	1.0475426666666667
180	protein2	1223.6666666666667	26.33333333333333	1.1102040000000002
180	protein3	441.33333333333326	9.666666666666666	1.2916666666666667
180	r0	35.333333333333336	0.0	0.0
180	r1	38.333333333333336	0.0	0.0
180	r2	29.0	0.0	0.0
180	rnapol	0.3333333333333333	0.0	0.0
181	__protein1_rbs	32.333333333333336	0.0	0.0
181	__protein2_rbs	22.0	0.0	0.0
181	__protein3_rbs	8.0	0.0	0.0
181	__ribosome	19.666666666666668	0.0	0.0
181	__rnase_site_ext	43.0	0.0	0.0
181	p0	1.0	0.0	0.0
181	p1	0.3333333333333333	0.0	0.0
181	p2	1.0	0.0	0.0
181	protein1	1842.0	36.333333333333336	1.009475
181	protein2	1232.6666666666667	26.33333333333333	1.1826679999999998
181	protein3	445.66666666666674	10.0	1.3809523333333331
181	r0	36.0	0.0	0.0
181	r1	37.333333333333336	0.0	0.0
181	r2	29.33333333333333	0.0	0.0
181	rnapol	0.0	0.0	0.0
182	__protein1_rbs	31.0	0.0	0.0
182	__protein2_rbs	22.66666666666667	0.0	0.0
182	__protein3_rbs	9.0	0.0	0.0
182	__ribosome	16.666666666666668	0.0	0.0
182	__rnase_site_ext	42.66666666666666	0.0	0.0
182	p0	0.6666666666666666	0.0	0.0
182	p1	0.6666666666666666	0.0	0.0
182	p2	1.0	0.0	0.0
182	protein1	1856.333333333333	37.0	0.9894156666666666
182	protein2	1240.0	26.33333333333333	1.3145943333333332
182	protein3	449.0	10.0	1.2407406666666667
182	r0	35.666666666666664	0.0	0.0
182	r1	37.66666666666666	0.0	0.0
182	r2	29.0	0.0	0.0
182	rnapol	0.3333333333333333	0.0	0.0
183	__protein1_rbs	30.0	0.0	0.0
183	__protein2_rbs	23.33333333333333	0.0	0.0
183	__protein3_rbs	8.666666666666666	0.0	0.0
183	__ribosome	17.0	0.0	0.0
183	__rnase_site_ext	42.0	0.0	0.0
183	p0	0.6666666666666666	0.0	0.0
183	p1	0.6666666666666666	0.0	0.0
183	p2	1.0	0.0	0.0
183	protein1	1871.333333333333	36.333333333333336	0.935654
183	protein2	1250.6666666666667	26.66666666666667	1.2844336666666667
183	protein3	452.33333333333326	10.0	1.600529
183	r0	35.0	0.0	0.0
183	r1	38.333333333333336	0.0	0.0
183	r2	29.0	0.0	0.0
183	rnapol	0.3333333333333333	0.0	0.0
184	__protein1_rbs	32.333333333333336	0.0	0.0
184	__protein2_rbs	23.66666666666667	0.0	0.0
184	__protein3_rbs	8.333333333333334	0.0	0.0
184	__ribosome	18.666666666666668	0.0	0.0
184	__rnase_site_ext	43.0	0.0	0.0
184	p0	0.6666666666666666	0.0	0.0
184	p1	0.6666666666666666	0.0	0.0
184	p2	1.0	0.0	0.0
184	protein1	1883.333333333333	37.66666666666666	0.9118903333333334
184	protein2	1261.3333333333333	27.0	1.2317900000000002
184	protein3	456.0	10.0	1.4814813333333332
184	r0	37.333333333333336	0.0	0.0
184	r1	37.66666666666666	0.0	0.0
184	r2	29.0	0.0	0.0
184	rnapol	0.0	0.0	0.0
185	__protein1_rbs	32.333333333333336	0.0	0.0
185	__protein2_rbs	24.0	0.0	0.0
185	__protein3_rbs	8.333333333333334	0.0	0.0
185	__ribosome	18.0	0.0	0.0
185	__rnase_site_ext	42.333333333333336	0.0	0.0
185	p0	1.0	0.0	0.0
185	p1	1.0	0.0	0.0
185	p2	0.6666666666666666	0.0	0.0
185	protein1	1897.666666666667	37.333333333333336	0.9587606666666666
185	protein2	1271.3333333333333	26.0	1.2510683333333332
185	protein3	459.66666666666674	10.0	1.4920633333333335
185	r0	35.666666666666664	0.0	0.0
185	r1	37.333333333333336	0.0	0.0
185	r2	28.33333333333333	0.0	0.0
185	rnapol	0.0	0.0	0.0
186	__protein1_rbs	28.33333333333333	0.0	0.0
186	__protein2_rbs	23.33333333333333	0.0	0.0
186	__protein3_rbs	8.0	0.0	0.0
186	__ribosome	15.666666666666664	0.0	0.0
186	__rnase_site_ext	42.66666666666666	0.0	0.0
186	p0	0.6666666666666666	0.0	0.0
186	p1	0.3333333333333333	0.0	0.0
186	p2	1.0	0.0	0.0
186	protein1	1910.333333333333	36.66666666666666	1.1146690000000001
186	protein2	1281.3333333333333	26.66666666666667	1.173993
186	protein3	465.33333333333326	10.0	1.2883596666666666
186	r0	36.0	0.0	0.0
186	r1	37.66666666666666	0.0	0.0
186	r2	29.0	0.0	0.0
186	rnapol	0.0	0.0	0.0
187	__protein1_rbs	29.66666666666667	0.0	0.0
187	__protein2_rbs	21.33333333333333	0.0	0.0
187	__protein3_rbs	8.333333333333334	0.0	0.0
187	__ribosome	16.0	0.0	0.0
187	__rnase_site_ext	41.66666666666666	0.0	0.0
187	p0	1.0	0.0	0.0
187	p1	1.0	0.0	0.0
187	p2	1.0	0.0	0.0
187	protein1	1924.333333333333	36.333333333333336	1.0316323333333333
187	protein2	1290.6666666666667	26.66666666666667	1.21337
187	protein3	468.66666666666674	10.333333333333334	1.4380953333333333
187	r0	35.666666666666664	0.0	0.0
187	r1	38.0	0.0	0.0
187	r2	29.33333333333333	0.0	0.0
187	rnapol	0.0	0.0	0.0
188	__protein1_rbs	30.66666666666667	0.0	0.0
188	__protein2_rbs	23.66666666666667	0.0	0.0
188	__protein3_rbs	9.0	0.0	0.0
188	__ribosome	14.0	0.0	0.0
188	__rnase_site_ext	41.66666666666666	0.0	0.0
188	p0	1.0	0.0	0.0
188	p1	1.0	0.0	0.0
188	p2	1.0	0.0	0.0
188	protein1	1937.333333333333	36.333333333333336	1.064095
188	protein2	1301.3333333333333	27.0	1.1816976666666668
188	protein3	471.66666666666674	10.333333333333334	1.616931
188	r0	35.333333333333336	0.0	0.0
188	r1	37.66666666666666	0.0	0.0
188	r2	29.0	0.0	0.0
188	rnapol	0.0	0.0	0.0
189	__protein1_rbs	31.0	0.0	0.0
189	__protein2_rbs	21.66666666666667	0.0	0.0
189	__protein3_rbs	9.333333333333334	0.0	0.0
189	__ribosome	15.333333333333336	0.0	0.0
189	__rnase_site_ext	41.66666666666666	0.0	0.0
189	p0	0.6666666666666666	0.0	0.0
189	p1	1.0	0.0	0.0
189	p2	0.6666666666666666	0.0	0.0
189	protein1	1954.0	36.66666666666666	0.982456
189	protein2	1309.3333333333333	26.66666666666667	1.2774723333333329
189	protein3	476.0	10.333333333333334	1.4345236666666663
189	r0	36.333333333333336	0.0	0.0
189	r1	38.333333333333336	0.0	0.0
189	r2	29.0	0.0	0.0
189	rnapol	0.0	0.0	0.0
190	__protein1_rbs	30.0	0.0	0.0
190	__protein2_rbs	22.66666666666667	0.0	0.0
190	__protein3_rbs	9.0	0.0	0.0
190	__ribosome	15.0	0.0	0.0
190	__rnase_site_ext	41.333333333333336	0.0	0.0
190	p0	1.0	0.0	0.0
190	p1	0.6666666666666666	0.0	0.0
190	p2	0.6666666666666666	0.0	0.0
190	protein1	1966.666666666667	36.0	1.0511229999999998
190	protein2	1319.6666666666667	26.66666666666667	1.2465783333333331
190	protein3	481.0	11.0	1.304233
190	r0	34.0	0.0	0.0
190	r1	38.0	0.0	0.0
190	r2	29.33333333333333	0.0	0.0
190	rnapol	0.0	0.0	0.0
191	__protein1_rbs	32.0	0.0	0.0
191	__protein2_rbs	21.66666666666667	0.0	0.0
191	__protein3_rbs	10.0	0.0	0.0
191	__ribosome	19.33333333333333	0.0	0.0
191	__rnase_site_ext	41.333333333333336	0.0	0.0
191	p0	0.6666666666666666	0.0	0.0
191	p1	0.6666666666666666	0.0	0.0
191	p2	1.0	0.0	0.0
191	protein1	1980.0	36.0	1.0222423333333337
191	protein2	1329.6666666666667	26.33333333333333	1.1927776666666667
191	protein3	485.33333333333326	11.333333333333336	1.1518516666666667
191	r0	35.333333333333336	0.0	0.0
191	r1	37.66666666666666	0.0	0.0
191	r2	30.0	0.0	0.0
191	rnapol	0.0	0.0	0.0
192	__protein1_rbs	31.66666666666667	0.0	0.0
192	__protein2_rbs	22.66666666666667	0.0	0.0
192	__protein3_rbs	9.0	0.0	0.0
192	__ribosome	15.0	0.0	0.0
192	__rnase_site_ext	42.66666666666666	0.0	0.0
192	p0	0.3333333333333333	0.0	0.0
192	p1	1.0	0.0	0.0
192	p2	1.0	0.0	0.0
192	protein1	1994.666666666667	36.66666666666666	1.049503
192	protein2	1340.6666666666667	26.0	1.2940096666666667
192	protein3	489.0	11.0	1.269312
192	r0	36.0	0.0	0.0
192	r1	37.333333333333336	0.0	0.0
192	r2	29.0	0.0	0.0
192	rnapol	0.0	0.0	0.0
193	__protein1_rbs	30.66666666666667	0.0	0.0
193	__protein2_rbs	21.66666666666667	0.0	0.0
193	__protein3_rbs	8.666666666666666	0.0	0.0
193	__ribosome	15.333333333333336	0.0	0.0
193	__rnase_site_ext	43.0	0.0	0.0
193	p0	0.6666666666666666	0.0	0.0
193	p1	1.0	0.0	0.0
193	p2	1.0	0.0	0.0
193	protein1	2009.333333333333	37.0	0.9949986666666668
193	protein2	1350.6666666666667	25.66666666666667	1.2810393333333334
193	protein3	492.33333333333326	11.0	1.417460333333333
193	r0	34.333333333333336	0.0	0.0
193	r1	37.333333333333336	0.0	0.0
193	r2	29.33333333333333	0.0	0.0
193	rnapol	0.0	0.0	0.0
194	__protein1_rbs	33.0	0.0	0.0
194	__protein2_rbs	22.0	0.0	0.0
194	__protein3_rbs	8.0	0.0	0.0
194	__ribosome	15.333333333333336	0.0	0.0
194	__rnase_site_ext	42.333333333333336	0.0	0.0
194	p0	1.0	0.0	0.0
194	p1	0.3333333333333333	0.0	0.0
194	p2	1.0	0.0	0.0
194	protein1	2023.333333333333	36.0	0.9314690000000001
194	protein2	1358.0	26.0	1.3935509999999998
194	protein3	496.0	11.0	1.473545
194	r0	35.333333333333336	0.0	0.0
194	r1	38.0	0.0	0.0
194	r2	28.66666666666667	0.0	0.0
194	rnapol	0.6666666666666666	0.0	0.0
195	__protein1_rbs	28.66666666666667	0.0	0.0
195	__protein2_rbs	20.666666666666668	0.0	0.0
195	__protein3_rbs	7.333333333333332	0.0	0.0
195	__ribosome	18.666666666666668	0.0	0.0
195	__rnase_site_ext	41.66666666666666	0.0	0.0
195	p0	0.6666666666666666	0.0	0.0
195	p1	1.0	0.0	0.0
195	p2	1.0	0.0	0.0
195	protein1	2037.666666666667	35.333333333333336	0.9003426666666666
195	protein2	1371.3333333333333	26.33333333333333	1.3109986666666666
195	protein3	501.0	10.333333333333334	1.5213673333333333
195	r0	33.333333333333336	0.0	0.0
195	r1	39.0	0.0	0.0
195	r2	28.0	0.0	0.0
195	rnapol	0.0	0.0	0.0
196	__protein1_rbs	29.33333333333333	0.0	0.0
196	__protein2_rbs	21.0	0.0	0.0
196	__protein3_rbs	9.0	0.0	0.0
196	__ribosome	16.333333333333332	0.0	0.0
196	__rnase_site_ext	41.333333333333336	0.0	0.0
196	p0	1.0	0.0	0.0
196	p1	1.0	0.0	0.0
196	p2	0.3333333333333333	0.0	0.0
196	protein1	2052.0	35.666666666666664	0.9536733333333332
196	protein2	1380.333333333333	26.33333333333333	1.3726710000000002
196	protein3	505.33333333333326	10.333333333333334	1.3219373333333333
196	r0	34.0	0.0	0.0
196	r1	38.333333333333336	0.0	0.0
196	r2	27.66666666666667	0.0	0.0
196	rnapol	0.3333333333333333	0.0	0.0
197	__protein1_rbs	29.33333333333333	0.0	0.0
197	__protein2_rbs	22.66666666666667	0.0	0.0
197	__protein3_rbs	10.0	0.0	0.0
197	__ribosome	14.333333333333336	0.0	0.0
197	__rnase_site_ext	40.66666666666666	0.0	0.0
197	p0	1.0	0.0	0.0
197	p1	0.6666666666666666	0.0	0.0
197	p2	0.6666666666666666	0.0	0.0
197	protein1	2061.0	35.333333333333336	1.1222223333333334
197	protein2	1390.666666666667	26.33333333333333	1.270031666666667
197	protein3	509.0	10.333333333333334	1.2507123333333334
197	r0	33.0	0.0	0.0
197	r1	38.333333333333336	0.0	0.0
197	r2	27.66666666666667	0.0	0.0
197	rnapol	0.3333333333333333	0.0	0.0
198	__protein1_rbs	29.33333333333333	0.0	0.0
198	__protein2_rbs	20.666666666666668	0.0	0.0
198	__protein3_rbs	9.666666666666666	0.0	0.0
198	__ribosome	17.0	0.0	0.0
198	__rnase_site_ext	41.333333333333336	0.0	0.0
198	p0	1.0	0.0	0.0
198	p1	1.0	0.0	0.0
198	p2	0.6666666666666666	0.0	0.0
198	protein1	2076.0	35.666666666666664	1.0507226666666667
198	protein2	1403.0	26.33333333333333	1.2490053333333335
198	protein3	513.3333333333334	10.666666666666666	1.2185186666666663
198	r0	33.666666666666664	0.0	0.0
198	r1	38.333333333333336	0.0	0.0
198	r2	28.66666666666667	0.0	0.0
198	rnapol	0.3333333333333333	0.0	0.0
199	__protein1_rbs	29.66666666666667	0.0	0.0
199	__protein2_rbs	21.66666666666667	0.0	0.0
199	__protein3_rbs	9.0	0.0	0.0
199	__ribosome	17.666666666666668	0.0	0.0
199	__rnase_site_ext	42.0	0.0	0.0
199	p0	1.0	0.0	0.0
199	p1	0.6666666666666666	0.0	0.0
199	p2	0.6666666666666666	0.0	0.0
199	protein1	2091.333333333333	36.333333333333336	1.0267506666666668
199	protein2	1414.333333333333	26.66666666666667	1.253846
199	protein3	517.6666666666666	10.666666666666666	1.137037
199	r0	34.666666666666664	0.0	0.0
199	r1	37.66666666666666	0.0	0.0
199	r2	28.33333333333333	0.0	0.0
199	rnapol	0.3333333333333333	0.0	0.0
200	__protein1_rbs	31.0	0.0	0.0
200	__protein2_rbs	22.66666666666667	0.0	0.0
200	__protein3_rbs	9.333333333333334	0.0	0.0
200	__ribosome	17.333333333333332	0.0	0.0
200	__rnase_site_ext	43.0	0.0	0.0
200	p0	1.0	0.0	0.0
200	p1	0.6666666666666666	0.0	0.0
200	p2	1.0	0.0	0.0
200	protein1	2105.333333333333	37.0	1.0282586666666669
200	protein2	1422.333333333333	26.0	1.269904
200	protein3	521.3333333333334	11.0	1.106349
200	r0	35.0	0.0	0.0
200	r1	37.0	0.0	0.0
200	r2	28.0	0.0	0.0
200	rnapol	0.0	0.0	0.0
201	__protein1_rbs	32.0	0.0	0.0
201	__protein2_rbs	20.0	0.0	0.0
201	__protein3_rbs	9.333333333333334	0.0	0.0
201	__ribosome	16.666666666666668	0.0	0.0
201	__rnase_site_ext	42.0	0.0	0.0
201	p0	1.0	0.0	0.0
201	p1	0.6666666666666666	0.0	0.0
201	p2	0.3333333333333333	0.0	0.0
201	protein1	2119.6666666666665	36.333333333333336	1.0538023333333333
201	protein2	1433.0	25.0	1.3868183333333333
201	protein3	525.3333333333334	11.0	0.9687829999999998
201	r0	34.0	0.0	0.0
201	r1	36.333333333333336	0.0	0.0
201	r2	27.66666666666667	0.0	0.0
201	rnapol	0.0	0.0	0.0
202	__protein1_rbs	31.0	0.0	0.0
202	__protein2_rbs	21.33333333333333	0.0	0.0
202	__protein3_rbs	9.333333333333334	0.0	0.0
202	__ribosome	18.0	0.0	0.0
202	__rnase_site_ext	41.66666666666666	0.0	0.0
202	p0	0.6666666666666666	0.0	0.0
202	p1	1.0	0.0	0.0
202	p2	1.0	0.0	0.0
202	protein1	2133.333333333333	36.0	1.067157
202	protein2	1444.666666666667	25.0	1.27588
202	protein3	527.3333333333334	11.0	1.1185186666666669
202	r0	34.333333333333336	0.0	0.0
202	r1	37.333333333333336	0.0	0.0
202	r2	28.0	0.0	0.0
202	rnapol	0.3333333333333333	0.0	0.0
203	__protein1_rbs	30.0	0.0	0.0
203	__protein2_rbs	19.666666666666668	0.0	0.0
203	__protein3_rbs	9.333333333333334	0.0	0.0
203	__ribosome	16.0	0.0	0.0
203	__rnase_site_ext	42.66666666666666	0.0	0.0
203	p0	0.6666666666666666	0.0	0.0
203	p1	0.6666666666666666	0.0	0.0
203	p2	1.0	0.0	0.0
203	protein1	2148.6666666666665	36.333333333333336	1.074325
203	protein2	1454.0	24.33333333333333	1.3140096666666667
203	protein3	531.3333333333334	11.0	1.2
203	r0	36.0	0.0	0.0
203	r1	36.66666666666666	0.0	0.0
203	r2	27.66666666666667	0.0	0.0
203	rnapol	0.3333333333333333	0.0	0.0
204	__protein1_rbs	32.0	0.0	0.0
204	__protein2_rbs	20.33333333333333	0.0	0.0
204	__protein3_rbs	8.666666666666666	0.0	0.0
204	__ribosome	18.33333333333333	0.0	0.0
204	__rnase_site_ext	43.33333333333334	0.0	0.0
204	p0	1.0	0.0	0.0
204	p1	1.0	0.0	0.0
204	p2	0.6666666666666666	0.0	0.0
204	protein1	2164.0	37.0	1.0090186666666667
204	protein2	1464.0	24.33333333333333	1.224906
204	protein3	534.3333333333334	10.666666666666666	1.526190333333333
204	r0	36.0	0.0	0.0
204	r1	36.66666666666666	0.0	0.0
204	r2	28.0	0.0	0.0
204	rnapol	0.0	0.0	0.0
205	__protein1_rbs	29.33333333333333	0.0	0.0
205	__protein2_rbs	20.666666666666668	0.0	0.0
205	__protein3_rbs	9.0	0.0	0.0
205	__ribosome	20.0	0.0	0.0
205	__rnase_site_ext	43.0	0.0	0.0
205	p0	0.6666666666666666	0.0	0.0
205	p1	0.6666666666666666	0.0	0.0
205	p2	1.0	0.0	0.0
205	protein1	2180.6666666666665	36.0	0.9907903333333332
205	protein2	1474.0	24.0	1.146367
205	protein3	537.6666666666666	10.333333333333334	1.8333333333333333
205	r0	35.333333333333336	0.0	0.0
205	r1	36.66666666666666	0.0	0.0
205	r2	28.66666666666667	0.0	0.0
205	rnapol	0.0	0.0	0.0
206	__protein1_rbs	33.0	0.0	0.0
206	__protein2_rbs	20.0	0.0	0.0
206	__protein3_rbs	9.333333333333334	0.0	0.0
206	__ribosome	19.0	0.0	0.0
206	__rnase_site_ext	43.66666666666666	0.0	0.0
206	p0	1.0	0.0	0.0
206	p1	0.6666666666666666	0.0	0.0
206	p2	1.0	0.0	0.0
206	protein1	2193.6666666666665	37.0	0.957435
206	protein2	1483.333333333333	24.0	1.2325176666666666
206	protein3	542.3333333333334	10.333333333333334	1.6619046666666666
206	r0	37.0	0.0	0.0
206	r1	37.66666666666666	0.0	0.0
206	r2	28.33333333333333	0.0	0.0
206	rnapol	0.3333333333333333	0.0	0.0
207	__protein1_rbs	32.0	0.0	0.0
207	__protein2_rbs	20.33333333333333	0.0	0.0
207	__protein3_rbs	7.666666666666668	0.0	0.0
207	__ribosome	18.666666666666668	0.0	0.0
207	__rnase_site_ext	43.33333333333334	0.0	0.0
207	p0	1.0	0.0	0.0
207	p1	1.0	0.0	0.0
207	p2	1.0	0.0	0.0
207	protein1	2208.0	37.333333333333336	0.9669953333333332
207	protein2	1491.666666666667	23.33333333333333	1.280476333333333
207	protein3	547.3333333333334	10.333333333333334	1.5310246666666665
207	r0	35.333333333333336	0.0	0.0
207	r1	37.0	0.0	0.0
207	r2	26.66666666666667	0.0	0.0
207	rnapol	0.3333333333333333	0.0	0.0
208	__protein1_rbs	31.66666666666667	0.0	0.0
208	__protein2_rbs	19.666666666666668	0.0	0.0
208	__protein3_rbs	8.0	0.0	0.0
208	__ribosome	18.666666666666668	0.0	0.0
208	__rnase_site_ext	44.0	0.0	0.0
208	p0	1.0	0.0	0.0
208	p1	0.3333333333333333	0.0	0.0
208	p2	1.0	0.0	0.0
208	protein1	2222.6666666666665	37.66666666666666	0.988369
208	protein2	1500.0	23.33333333333333	1.3502239999999999
208	protein3	552.6666666666666	9.333333333333334	1.328283
208	r0	36.66666666666666	0.0	0.0
208	r1	37.0	0.0	0.0
208	r2	26.66666666666667	0.0	0.0
208	rnapol	0.0	0.0	0.0
209	__protein1_rbs	32.0	0.0	0.0
209	__protein2_rbs	21.0	0.0	0.0
209	__protein3_rbs	7.333333333333332	0.0	0.0
209	__ribosome	21.66666666666667	0.0	0.0
209	__rnase_site_ext	43.33333333333334	0.0	0.0
209	p0	0.3333333333333333	0.0	0.0
209	p1	1.0	0.0	0.0
209	p2	1.0	0.0	0.0
209	protein1	2237.0	37.333333333333336	0.9498133333333332
209	protein2	1511.666666666667	24.33333333333333	1.2624796666666664
209	protein3	556.6666666666666	9.333333333333334	1.3484850000000002
209	r0	35.666666666666664	0.0	0.0
209	r1	38.0	0.0	0.0
209	r2	26.0	0.0	0.0
209	rnapol	0.0	0.0	0.0
210	__protein1_rbs	32.666666666666664	0.0	0.0
210	__protein2_rbs	18.33333333333333	0.0	0.0
210	__protein3_rbs	8.0	0.0	0.0
210	__ribosome	16.0	0.0	0.0
210	__rnase_site_ext	44.0	0.0	0.0
210	p0	1.0	0.0	0.0
210	p1	0.6666666666666666	0.0	0.0
210	p2	1.0	0.0	0.0
210	protein1	2251.333333333333	38.0	0.979359
210	protein2	1520.0	24.0	1.4632106666666669
210	protein3	560.0	9.0	1.3619046666666663
210	r0	36.66666666666666	0.0	0.0
210	r1	38.0	0.0	0.0
210	r2	26.0	0.0	0.0
210	rnapol	0.0	0.0	0.0
211	__protein1_rbs	33.666666666666664	0.0	0.0
211	__protein2_rbs	19.0	0.0	0.0
211	__protein3_rbs	8.666666666666666	0.0	0.0
211	__ribosome	16.666666666666668	0.0	0.0
211	__rnase_site_ext	44.33333333333334	0.0	0.0
211	p0	1.0	0.0	0.0
211	p1	0.6666666666666666	0.0	0.0
211	p2	0.6666666666666666	0.0	0.0
211	protein1	2266.0	37.66666666666666	0.9340453333333332
211	protein2	1529.666666666667	24.33333333333333	1.6135266666666668
211	protein3	565.0	9.333333333333334	1.0458873333333332
211	r0	37.333333333333336	0.0	0.0
211	r1	38.333333333333336	0.0	0.0
211	r2	25.66666666666667	0.0	0.0
211	rnapol	0.0	0.0	0.0
212	__protein1_rbs	32.666666666666664	0.0	0.0
212	__protein2_rbs	21.0	0.0	0.0
212	__protein3_rbs	7.0	0.0	0.0
212	__ribosome	18.0	0.0	0.0
212	__rnase_site_ext	43.33333333333334	0.0	0.0
212	p0	1.0	0.0	0.0
212	p1	0.6666666666666666	0.0	0.0
212	p2	1.0	0.0	0.0
212	protein1	2280.6666666666665	37.333333333333336	0.8796296666666668
212	protein2	1541.666666666667	24.66666666666667	1.564949
212	protein3	568.0	9.0	1.2073113333333334
212	r0	36.66666666666666	0.0	0.0
212	r1	39.0	0.0	0.0
212	r2	26.0	0.0	0.0
212	rnapol	1.0	0.0	0.0
213	__protein1_rbs	31.66666666666667	0.0	0.0
213	__protein2_rbs	21.0	0.0	0.0
213	__protein3_rbs	7.333333333333332	0.0	0.0
213	__ribosome	20.666666666666668	0.0	0.0
213	__rnase_site_ext	44.0	0.0	0.0
213	p0	0.6666666666666666	0.0	0.0
213	p1	1.0	0.0	0.0
213	p2	0.6666666666666666	0.0	0.0
213	protein1	2296.6666666666665	37.333333333333336	0.8553700000000001
213	protein2	1554.666666666667	25.0	1.4716693333333335
213	protein3	571.3333333333334	9.0	1.2419433333333332
213	r0	36.66666666666666	0.0	0.0
213	r1	39.66666666666666	0.0	0.0
213	r2	25.66666666666667	0.0	0.0
213	rnapol	0.0	0.0	0.0
214	__protein1_rbs	34.0	0.0	0.0
214	__protein2_rbs	21.0	0.0	0.0
214	__protein3_rbs	8.0	0.0	0.0
214	__ribosome	15.666666666666664	0.0	0.0
214	__rnase_site_ext	44.0	0.0	0.0
214	p0	0.6666666666666666	0.0	0.0
214	p1	1.0	0.0	0.0
214	p2	1.0	0.0	0.0
214	protein1	2307.0	37.66666666666666	0.9331266666666668
214	protein2	1567.0	25.33333333333333	1.4494443333333331
214	protein3	574.0	9.333333333333334	1.428451
214	r0	36.333333333333336	0.0	0.0
214	r1	39.333333333333336	0.0	0.0
214	r2	25.66666666666667	0.0	0.0
214	rnapol	0.0	0.0	0.0
215	__protein1_rbs	32.0	0.0	0.0
215	__protein2_rbs	20.666666666666668	0.0	0.0
215	__protein3_rbs	7.666666666666668	0.0	0.0
215	__ribosome	16.333333333333332	0.0	0.0
215	__rnase_site_ext	44.66666666666666	0.0	0.0
215	p0	0.6666666666666666	0.0	0.0
215	p1	1.0	0.0	0.0
215	p2	0.6666666666666666	0.0	0.0
215	protein1	2320.6666666666665	38.0	0.9484959999999999
215	protein2	1578.333333333333	24.33333333333333	1.3869843333333334
215	protein3	577.0	9.333333333333334	1.5833333333333333
215	r0	37.0	0.0	0.0
215	r1	39.0	0.0	0.0
215	r2	26.33333333333333	0.0	0.0
215	rnapol	0.0	0.0	0.0
216	__protein1_rbs	32.666666666666664	0.0	0.0
216	__protein2_rbs	22.33333333333333	0.0	0.0
216	__protein3_rbs	8.0	0.0	0.0
216	__ribosome	17.0	0.0	0.0
216	__rnase_site_ext	44.66666666666666	0.0	0.0
216	p0	1.0	0.0	0.0
216	p1	1.0	0.0	0.0
216	p2	1.0	0.0	0.0
216	protein1	2336.6666666666665	38.0	0.902451
216	protein2	1589.0	24.66666666666667	1.365271
216	protein3	580.6666666666666	9.666666666666666	1.6045453333333333
216	r0	37.333333333333336	0.0	0.0
216	r1	39.0	0.0	0.0
216	r2	26.66666666666667	0.0	0.0
216	rnapol	0.3333333333333333	0.0	0.0
217	__protein1_rbs	32.666666666666664	0.0	0.0
217	__protein2_rbs	21.66666666666667	0.0	0.0
217	__protein3_rbs	7.0	0.0	0.0
217	__ribosome	17.333333333333332	0.0	0.0
217	__rnase_site_ext	46.0	0.0	0.0
217	p0	1.0	0.0	0.0
217	p1	0.6666666666666666	0.0	0.0
217	p2	1.0	0.0	0.0
217	protein1	2348.0	38.66666666666666	0.966086
217	protein2	1602.333333333333	25.33333333333333	1.1828396666666663
217	protein3	586.0	9.666666666666666	1.654545333333333
217	r0	37.0	0.0	0.0
217	r1	39.333333333333336	0.0	0.0
217	r2	26.66666666666667	0.0	0.0
217	rnapol	0.0	0.0	0.0
218	__protein1_rbs	32.666666666666664	0.0	0.0
218	__protein2_rbs	24.33333333333333	0.0	0.0
218	__protein3_rbs	8.333333333333334	0.0	0.0
218	__ribosome	18.0	0.0	0.0
218	__rnase_site_ext	45.33333333333334	0.0	0.0
218	p0	1.0	0.0	0.0
218	p1	1.0	0.0	0.0
218	p2	1.0	0.0	0.0
218	protein1	2364.333333333333	38.66666666666666	0.9606836666666668
218	protein2	1611.333333333333	26.0	1.1138096666666668
218	protein3	590.0	9.666666666666666	1.7151516666666666
218	r0	37.0	0.0	0.0
218	r1	40.333333333333336	0.0	0.0
218	r2	27.0	0.0	0.0
218	rnapol	0.0	0.0	0.0
219	__protein1_rbs	31.66666666666667	0.0	0.0
219	__protein2_rbs	22.0	0.0	0.0
219	__protein3_rbs	9.333333333333334	0.0	0.0
219	__ribosome	14.0	0.0	0.0
219	__rnase_site_ext	46.0	0.0	0.0
219	p0	1.0	0.0	0.0
219	p1	0.6666666666666666	0.0	0.0
219	p2	1.0	0.0	0.0
219	protein1	2377.6666666666665	38.333333333333336	1.0704946666666666
219	protein2	1622.0	26.33333333333333	1.1563219999999998
219	protein3	595.0	10.0	1.5113636666666668
219	r0	38.333333333333336	0.0	0.0
219	r1	40.0	0.0	0.0
219	r2	27.0	0.0	0.0
219	rnapol	0.0	0.0	0.0
220	__protein1_rbs	33.666666666666664	0.0	0.0
220	__protein2_rbs	23.66666666666667	0.0	0.0
220	__protein3_rbs	9.0	0.0	0.0
220	__ribosome	13.333333333333336	0.0	0.0
220	__rnase_site_ext	45.66666666666666	0.0	0.0
220	p0	1.0	0.0	0.0
220	p1	1.0	0.0	0.0
220	p2	1.0	0.0	0.0
220	protein1	2393.333333333333	38.333333333333336	1.0869783333333334
220	protein2	1630.666666666667	27.33333333333333	1.1732323333333332
220	protein3	599.3333333333334	9.666666666666666	1.3742423333333331
220	r0	37.333333333333336	0.0	0.0
220	r1	40.66666666666666	0.0	0.0
220	r2	28.0	0.0	0.0
220	rnapol	0.6666666666666666	0.0	0.0
221	__protein1_rbs	33.0	0.0	0.0
221	__protein2_rbs	24.33333333333333	0.0	0.0
221	__protein3_rbs	9.0	0.0	0.0
221	__ribosome	14.0	0.0	0.0
221	__rnase_site_ext	45.66666666666666	0.0	0.0
221	p0	1.0	0.0	0.0
221	p1	1.0	0.0	0.0
221	p2	1.0	0.0	0.0
221	protein1	2408.6666666666665	38.333333333333336	1.1199453333333331
221	protein2	1638.666666666667	26.66666666666667	1.2210256666666668
221	protein3	605.3333333333334	10.0	1.138889
221	r0	37.66666666666666	0.0	0.0
221	r1	40.0	0.0	0.0
221	r2	28.33333333333333	0.0	0.0
221	rnapol	0.0	0.0	0.0
222	__protein1_rbs	32.0	0.0	0.0
222	__protein2_rbs	23.33333333333333	0.0	0.0
222	__protein3_rbs	8.0	0.0	0.0
222	__ribosome	19.33333333333333	0.0	0.0
222	__rnase_site_ext	45.66666666666666	0.0	0.0
222	p0	1.0	0.0	0.0
222	p1	1.0	0.0	0.0
222	p2	0.3333333333333333	0.0	0.0
222	protein1	2428.0	39.0	0.9863190000000001
222	protein2	1652.666666666667	27.0	1.1403416666666668
222	protein3	609.3333333333334	10.333333333333334	1.112963
222	r0	37.66666666666666	0.0	0.0
222	r1	40.333333333333336	0.0	0.0
222	r2	28.66666666666667	0.0	0.0
222	rnapol	0.0	0.0	0.0
223	__protein1_rbs	33.333333333333336	0.0	0.0
223	__protein2_rbs	22.0	0.0	0.0
223	__protein3_rbs	9.333333333333334	0.0	0.0
223	__ribosome	18.0	0.0	0.0
223	__rnase_site_ext	46.0	0.0	0.0
223	p0	1.0	0.0	0.0
223	p1	0.6666666666666666	0.0	0.0
223	p2	1.0	0.0	0.0
223	protein1	2444.6666666666665	38.66666666666666	0.9972686666666668
223	protein2	1662.0	26.66666666666667	1.1333333333333335
223	protein3	612.6666666666666	11.0	1.2106059999999998
223	r0	37.333333333333336	0.0	0.0
223	r1	40.0	0.0	0.0
223	r2	28.66666666666667	0.0	0.0
223	rnapol	0.0	0.0	0.0
224	__protein1_rbs	35.333333333333336	0.0	0.0
224	__protein2_rbs	24.66666666666667	0.0	0.0
224	__protein3_rbs	8.666666666666666	0.0	0.0
224	__ribosome	15.666666666666664	0.0	0.0
224	__rnase_site_ext	46.66666666666666	0.0	0.0
224	p0	1.0	0.0	0.0
224	p1	1.0	0.0	0.0
224	p2	1.0	0.0	0.0
224	protein1	2459.333333333333	39.0	1.0067373333333334
224	protein2	1671.0	27.33333333333333	1.1040033333333332
224	protein3	615.3333333333334	11.333333333333336	1.3146853333333333
224	r0	39.0	0.0	0.0
224	r1	40.66666666666666	0.0	0.0
224	r2	28.66666666666667	0.0	0.0
224	rnapol	0.0	0.0	0.0
225	__protein1_rbs	34.333333333333336	0.0	0.0
225	__protein2_rbs	25.33333333333333	0.0	0.0
225	__protein3_rbs	9.333333333333334	0.0	0.0
225	__ribosome	17.666666666666668	0.0	0.0
225	__rnase_site_ext	46.33333333333334	0.0	0.0
225	p0	0.6666666666666666	0.0	0.0
225	p1	0.6666666666666666	0.0	0.0
225	p2	1.0	0.0	0.0
225	protein1	2475.333333333333	39.333333333333336	0.9951826666666668
225	protein2	1683.666666666667	27.66666666666667	0.9851116666666666
225	protein3	619.3333333333334	11.333333333333336	1.4403263333333332
225	r0	38.333333333333336	0.0	0.0
225	r1	41.333333333333336	0.0	0.0
225	r2	29.0	0.0	0.0
225	rnapol	0.3333333333333333	0.0	0.0
226	__protein1_rbs	36.66666666666666	0.0	0.0
226	__protein2_rbs	24.33333333333333	0.0	0.0
226	__protein3_rbs	10.666666666666666	0.0	0.0
226	__ribosome	16.0	0.0	0.0
226	__rnase_site_ext	47.66666666666666	0.0	0.0
226	p0	1.0	0.0	0.0
226	p1	1.0	0.0	0.0
226	p2	0.3333333333333333	0.0	0.0
226	protein1	2491.6666666666665	40.0	0.9391536666666666
226	protein2	1690.666666666667	27.66666666666667	1.1839506666666666
226	protein3	625.6666666666666	11.666666666666664	1.1724943333333335
226	r0	39.66666666666666	0.0	0.0
226	r1	41.0	0.0	0.0
226	r2	29.66666666666667	0.0	0.0
226	rnapol	0.0	0.0	0.0
227	__protein1_rbs	33.333333333333336	0.0	0.0
227	__protein2_rbs	22.33333333333333	0.0	0.0
227	__protein3_rbs	10.666666666666666	0.0	0.0
227	__ribosome	17.333333333333332	0.0	0.0
227	__rnase_site_ext	47.0	0.0	0.0
227	p0	1.0	0.0	0.0
227	p1	0.6666666666666666	0.0	0.0
227	p2	0.6666666666666666	0.0	0.0
227	protein1	2508.0	39.66666666666666	0.9153113333333334
227	protein2	1700.666666666667	27.66666666666667	1.2124406666666667
227	protein3	629.3333333333334	12.0	1.0844156666666669
227	r0	38.0	0.0	0.0
227	r1	41.0	0.0	0.0
227	r2	30.0	0.0	0.0
227	rnapol	0.3333333333333333	0.0	0.0
228	__protein1_rbs	33.333333333333336	0.0	0.0
228	__protein2_rbs	22.66666666666667	0.0	0.0
228	__protein3_rbs	10.0	0.0	0.0
228	__ribosome	16.666666666666668	0.0	0.0
228	__rnase_site_ext	47.66666666666666	0.0	0.0
228	p0	1.0	0.0	0.0
228	p1	1.0	0.0	0.0
228	p2	0.3333333333333333	0.0	0.0
228	protein1	2523.0	39.66666666666666	0.8715893333333334
228	protein2	1710.0	27.66666666666667	1.3165023333333334
228	protein3	634.6666666666666	11.666666666666664	1.1021366666666668
228	r0	38.66666666666666	0.0	0.0
228	r1	40.66666666666666	0.0	0.0
228	r2	30.33333333333333	0.0	0.0
228	rnapol	0.3333333333333333	0.0	0.0
229	__protein1_rbs	33.0	0.0	0.0
229	__protein2_rbs	21.0	0.0	0.0
229	__protein3_rbs	10.333333333333334	0.0	0.0
229	__ribosome	15.333333333333336	0.0	0.0
229	__rnase_site_ext	46.66666666666666	0.0	0.0
229	p0	1.0	0.0	0.0
229	p1	0.6666666666666666	0.0	0.0
229	p2	0.3333333333333333	0.0	0.0
229	protein1	2538.333333333333	39.0	0.9343496666666664
229	protein2	1722.333333333333	26.66666666666667	1.3482889999999998
229	protein3	639.0	11.666666666666664	1.0777776666666667
229	r0	37.333333333333336	0.0	0.0
229	r1	40.66666666666666	0.0	0.0
229	r2	30.0	0.0	0.0
229	rnapol	0.3333333333333333	0.0	0.0
230	__protein1_rbs	34.666666666666664	0.0	0.0
230	__protein2_rbs	24.66666666666667	0.0	0.0
230	__protein3_rbs	10.333333333333334	0.0	0.0
230	__ribosome	14.0	0.0	0.0
230	__rnase_site_ext	47.66666666666666	0.0	0.0
230	p0	1.0	0.0	0.0
230	p1	0.6666666666666666	0.0	0.0
230	p2	0.6666666666666666	0.0	0.0
230	protein1	2550.333333333333	39.333333333333336	0.950132
230	protein2	1733.333333333333	27.33333333333333	1.2331596666666669
230	protein3	641.6666666666666	12.0	1.2904763333333331
230	r0	38.0	0.0	0.0
230	r1	41.66666666666666	0.0	0.0
230	r2	30.66666666666667	0.0	0.0
230	rnapol	0.0	0.0	0.0
231	__protein1_rbs	33.333333333333336	0.0	0.0
231	__protein2_rbs	22.0	0.0	0.0
231	__protein3_rbs	10.0	0.0	0.0
231	__ribosome	14.333333333333336	0.0	0.0
231	__rnase_site_ext	46.66666666666666	0.0	0.0
231	p0	0.3333333333333333	0.0	0.0
231	p1	1.0	0.0	0.0
231	p2	1.0	0.0	0.0
231	protein1	2566.0	38.66666666666666	0.931572
231	protein2	1745.666666666667	28.0	1.2391290000000001
231	protein3	646.0	12.333333333333336	1.2283549999999999
231	r0	37.0	0.0	0.0
231	r1	41.66666666666666	0.0	0.0
231	r2	31.0	0.0	0.0
231	rnapol	0.0	0.0	0.0
232	__protein1_rbs	31.66666666666667	0.0	0.0
232	__protein2_rbs	22.0	0.0	0.0
232	__protein3_rbs	10.0	0.0	0.0
232	__ribosome	17.666666666666668	0.0	0.0
232	__rnase_site_ext	45.66666666666666	0.0	0.0
232	p0	1.0	0.0	0.0
232	p1	0.6666666666666666	0.0	0.0
232	p2	1.0	0.0	0.0
232	protein1	2582.333333333333	38.0	0.941575
232	protein2	1758.333333333333	27.33333333333333	1.1276190000000001
232	protein3	650.6666666666666	12.333333333333336	1.310245
232	r0	36.66666666666666	0.0	0.0
232	r1	42.0	0.0	0.0
232	r2	30.66666666666667	0.0	0.0
232	rnapol	0.0	0.0	0.0
233	__protein1_rbs	32.333333333333336	0.0	0.0
233	__protein2_rbs	25.0	0.0	0.0
233	__protein3_rbs	11.0	0.0	0.0
233	__ribosome	16.333333333333332	0.0	0.0
233	__rnase_site_ext	45.66666666666666	0.0	0.0
233	p0	1.0	0.0	0.0
233	p1	0.6666666666666666	0.0	0.0
233	p2	0.6666666666666666	0.0	0.0
233	protein1	2595.6666666666665	38.0	0.962963
233	protein2	1766.666666666667	28.33333333333333	1.0942233333333329
233	protein3	656.3333333333334	12.666666666666664	1.2695636666666668
233	r0	36.66666666666666	0.0	0.0
233	r1	41.333333333333336	0.0	0.0
233	r2	30.66666666666667	0.0	0.0
233	rnapol	0.0	0.0	0.0
234	__protein1_rbs	33.0	0.0	0.0
234	__protein2_rbs	21.33333333333333	0.0	0.0
234	__protein3_rbs	11.333333333333336	0.0	0.0
234	__ribosome	14.333333333333336	0.0	0.0
234	__rnase_site_ext	45.0	0.0	0.0
234	p0	0.6666666666666666	0.0	0.0
234	p1	1.0	0.0	0.0
234	p2	1.0	0.0	0.0
234	protein1	2611.333333333333	37.66666666666666	0.9451566666666666
234	protein2	1777.666666666667	27.66666666666667	1.1804763333333337
234	protein3	659.6666666666666	12.666666666666664	1.3769843333333334
234	r0	36.333333333333336	0.0	0.0
234	r1	40.66666666666666	0.0	0.0
234	r2	30.33333333333333	0.0	0.0
234	rnapol	0.3333333333333333	0.0	0.0
235	__protein1_rbs	29.33333333333333	0.0	0.0
235	__protein2_rbs	25.33333333333333	0.0	0.0
235	__protein3_rbs	9.666666666666666	0.0	0.0
235	__ribosome	15.666666666666664	0.0	0.0
235	__rnase_site_ext	45.66666666666666	0.0	0.0
235	p0	1.0	0.0	0.0
235	p1	0.6666666666666666	0.0	0.0
235	p2	1.0	0.0	0.0
235	protein1	2625.6666666666665	37.66666666666666	0.9893163333333334
235	protein2	1787.0	27.0	1.0872709999999999
235	protein3	665.6666666666666	11.666666666666664	1.5174826666666668
235	r0	36.333333333333336	0.0	0.0
235	r1	40.0	0.0	0.0
235	r2	30.66666666666667	0.0	0.0
235	rnapol	0.0	0.0	0.0
236	__protein1_rbs	31.33333333333333	0.0	0.0
236	__protein2_rbs	22.33333333333333	0.0	0.0
236	__protein3_rbs	9.333333333333334	0.0	0.0
236	__ribosome	18.0	0.0	0.0
236	__rnase_site_ext	44.33333333333334	0.0	0.0
236	p0	1.0	0.0	0.0
236	p1	1.0	0.0	0.0
236	p2	1.0	0.0	0.0
236	protein1	2642.333333333333	36.66666666666666	0.9802006666666668
236	protein2	1798.0	27.33333333333333	1.0447620000000002
236	protein3	671.0	12.0	1.452381
236	r0	35.0	0.0	0.0
236	r1	40.333333333333336	0.0	0.0
236	r2	30.66666666666667	0.0	0.0
236	rnapol	0.3333333333333333	0.0	0.0
237	__protein1_rbs	30.33333333333333	0.0	0.0
237	__protein2_rbs	24.33333333333333	0.0	0.0
237	__protein3_rbs	9.333333333333334	0.0	0.0
237	__ribosome	15.333333333333336	0.0	0.0
237	__rnase_site_ext	44.33333333333334	0.0	0.0
237	p0	1.0	0.0	0.0
237	p1	0.6666666666666666	0.0	0.0
237	p2	0.6666666666666666	0.0	0.0
237	protein1	2655.6666666666665	37.0	1.0626153333333332
237	protein2	1809.0	27.33333333333333	1.000278
237	protein3	676.6666666666666	12.333333333333336	1.4531023333333335
237	r0	36.333333333333336	0.0	0.0
237	r1	39.333333333333336	0.0	0.0
237	r2	30.66666666666667	0.0	0.0
237	rnapol	0.0	0.0	0.0
238	__protein1_rbs	31.0	0.0	0.0
238	__protein2_rbs	22.33333333333333	0.0	0.0
238	__protein3_rbs	10.333333333333334	0.0	0.0
238	__ribosome	12.666666666666664	0.0	0.0
238	__rnase_site_ext	44.0	0.0	0.0
238	p0	1.0	0.0	0.0
238	p1	1.0	0.0	0.0
238	p2	1.0	0.0	0.0
238	protein1	2671.0	36.333333333333336	1.0643143333333334
238	protein2	1817.0	27.33333333333333	1.171957666666667
238	protein3	683.0	12.333333333333336	1.3528136666666668
238	r0	36.333333333333336	0.0	0.0
238	r1	39.333333333333336	0.0	0.0
238	r2	30.66666666666667	0.0	0.0
238	rnapol	0.3333333333333333	0.0	0.0
239	__protein1_rbs	30.0	0.0	0.0
239	__protein2_rbs	24.0	0.0	0.0
239	__protein3_rbs	10.333333333333334	0.0	0.0
239	__ribosome	14.0	0.0	0.0
239	__rnase_site_ext	43.33333333333334	0.0	0.0
239	p0	1.0	0.0	0.0
239	p1	1.0	0.0	0.0
239	p2	1.0	0.0	0.0
239	protein1	2686.6666666666665	36.333333333333336	1.027778
239	protein2	1825.666666666667	27.33333333333333	1.1694143333333331
239	protein3	688.3333333333335	12.666666666666664	1.306027
239	r0	35.0	0.0	0.0
239	r1	38.66666666666666	0.0	0.0
239	r2	31.0	0.0	0.0
239	rnapol	0.0	0.0	0.0
240	__protein1_rbs	31.0	0.0	0.0
240	__protein2_rbs	24.0	0.0	0.0
240	__protein3_rbs	11.0	0.0	0.0
240	__ribosome	17.666666666666668	0.0	0.0
240	__rnase_site_ext	43.33333333333334	0.0	0.0
240	p0	0.6666666666666666	0.0	0.0
240	p1	1.0	0.0	0.0
240	p2	1.0	0.0	0.0
240	protein1	2705.0	36.0	0.9321673333333336
240	protein2	1836.666666666667	27.0	1.139634
240	protein3	693.0	12.666666666666664	1.387179333333333
240	r0	35.666666666666664	0.0	0.0
240	r1	38.333333333333336	0.0	0.0
240	r2	31.0	0.0	0.0
240	rnapol	0.0	0.0	0.0
