time	species	protein	transcript	ribo_density
0	__protein1_rbs	0.0	0.0	0.0
0	__protein2_rbs	0.0	0.0	0.0
0	__protein3_rbs	0.0	0.0	0.0
0	__ribosome	100.0	0.0	0.0
0	__rnase_site_ext	0.0	0.0	0.0
0	p0	1.0	0.0	0.0
0	p2	1.0	0.0	0.0
0	r2	0.0	0.0	0.0
0	rnapol	4.0	0.0	0.0
1	__protein1_rbs	0.0	0.0	0.0
1	__protein2_rbs	0.0	0.0	0.0
1	__protein3_rbs	0.2	0.0	0.0
1	__ribosome	100.0	0.0	0.0
1	__rnase_site_ext	1.4	0.0	0.0
1	p0	0.4	0.0	0.0
1	p2	0.8	0.0	0.0
1	protein3	0.0	0.2	0.0
1	r2	0.0	0.0	0.0
1	rnapol	2.4	0.0	0.0
2	__protein1_rbs	0.4	0.0	0.0
2	__protein2_rbs	0.0	0.0	0.0
2	__protein3_rbs	0.2	0.0	0.0
2	__ribosome	99.4	0.0	0.0
2	__rnase_site_ext	2.0	0.0	0.0
2	p0	0.2	0.0	0.0
2	p2	1.0	0.0	0.0
2	protein1	0.0	0.8	0.4
2	protein3	0.0	0.4	0.2
2	r2	0.0	0.0	0.0
2	rnapol	1.6	0.0	0.0
3	__protein1_rbs	0.2	0.0	0.0
3	__protein2_rbs	0.0	0.0	0.0
3	__protein3_rbs	0.0	0.0	0.0
3	__ribosome	98.2	0.0	0.0
3	__rnase_site_ext	3.0	0.0	0.0
3	p0	0.6	0.0	0.0
3	p2	1.0	0.0	0.0
3	protein1	0.0	1.2	1.1
3	protein3	0.0	0.4	0.6
3	r2	0.0	0.0	0.0
3	rnapol	1.0	0.0	0.0
4	__protein1_rbs	0.8	0.0	0.0
4	__protein2_rbs	0.0	0.0	0.0
4	__protein3_rbs	0.4	0.0	0.0
4	__ribosome	96.8	0.0	0.0
4	__rnase_site_ext	3.4	0.0	0.0
4	p0	0.6	0.0	0.0
4	p2	1.0	0.0	0.0
4	protein1	0.0	2.2	1.2
4	protein3	0.0	0.4	0.6
4	r2	0.0	0.0	0.0
4	rnapol	0.6	0.0	0.0
5	__protein1_rbs	1.2	0.0	0.0
5	__protein2_rbs	0.0	0.0	0.0
5	__protein3_rbs	0.0	0.0	0.0
5	__ribosome	95.0	0.0	0.0
5	__rnase_site_ext	4.0	0.0	0.0
5	p0	0.4	0.0	0.0
5	p2	1.0	0.0	0.0
5	protein1	0.0	2.6	1.5333332
5	protein3	0.0	0.4	1.0
5	r2	0.0	0.0	0.0
5	rnapol	0.0	0.0	0.0
6	__protein1_rbs	0.8	0.0	0.0
6	__protein2_rbs	0.0	0.0	0.0
6	__protein3_rbs	0.2	0.0	0.0
6	__ribosome	92.8	0.0	0.0
6	__rnase_site_ext	4.0	0.0	0.0
6	p0	1.0	0.0	0.0
6	p2	1.0	0.0	0.0
6	protein1	0.0	3.4	1.8833334
6	protein3	0.0	0.4	1.0
6	r2	0.0	0.0	0.0
6	rnapol	0.0	0.0	0.0
7	__protein1_rbs	0.6	0.0	0.0
7	__protein2_rbs	0.0	0.0	0.0
7	__protein3_rbs	0.2	0.0	0.0
7	__ribosome	90.0	0.0	0.0
7	__rnase_site_ext	4.0	0.0	0.0
7	p0	0.6	0.0	0.0
7	p2	1.0	0.0	0.0
7	protein1	0.2	3.6	2.5
7	protein3	0.2	0.4	1.0
7	r2	0.0	0.0	0.0
7	rnapol	0.0	0.0	0.0
8	__protein1_rbs	1.4	0.0	0.0
8	__protein2_rbs	0.0	0.0	0.0
8	__protein3_rbs	0.0	0.0	0.0
8	__ribosome	89.4	0.0	0.0
8	__rnase_site_ext	4.2	0.0	0.0
8	p0	1.0	0.0	0.0
8	p2	1.0	0.0	0.0
8	protein1	1.2	3.6	2.6833334
8	protein3	0.6	0.4	1.0
8	r2	0.0	0.0	0.0
8	rnapol	0.0	0.0	0.0
9	__protein1_rbs	1.2	0.0	0.0
9	__protein2_rbs	0.2	0.0	0.0
9	__protein3_rbs	0.2	0.0	0.0
9	__ribosome	88.2	0.0	0.0
9	__rnase_site_ext	4.2	0.0	0.0
9	p0	1.0	0.0	0.0
9	p2	1.0	0.0	0.0
9	protein1	2.6	4.0	2.65
9	protein2	0.0	0.2	0.0
9	protein3	0.6	0.4	1.2
9	r2	0.0	0.0	0.0
9	rnapol	0.0	0.0	0.0
10	__protein1_rbs	1.4	0.0	0.0
10	__protein2_rbs	0.6	0.0	0.0
10	__protein3_rbs	0.2	0.0	0.0
10	__ribosome	87.0	0.0	0.0
10	__rnase_site_ext	4.2	0.0	0.0
10	p0	1.0	0.0	0.0
10	p2	1.0	0.0	0.0
10	protein1	4.0	3.8	3.1
10	protein2	0.0	0.8	0.2
10	protein3	0.8	0.4	1.2
10	r2	0.0	0.0	0.0
10	rnapol	0.0	0.0	0.0
11	__protein1_rbs	1.8	0.0	0.0
11	__protein2_rbs	0.4	0.0	0.0
11	__protein3_rbs	0.0	0.0	0.0
11	__ribosome	85.4	0.0	0.0
11	__rnase_site_ext	4.0	0.0	0.0
11	p0	1.0	0.0	0.0
11	p2	1.0	0.0	0.0
11	protein1	6.2	3.8	3.0166666
11	protein2	0.0	1.6	1.1
11	protein3	1.0	0.4	1.4
11	r2	0.0	0.0	0.0
11	rnapol	0.0	0.0	0.0
12	__protein1_rbs	1.6	0.0	0.0
12	__protein2_rbs	0.6	0.0	0.0
12	__protein3_rbs	0.4	0.0	0.0
12	__ribosome	84.6	0.0	0.0
12	__rnase_site_ext	4.2	0.0	0.0
12	p0	1.0	0.0	0.0
12	p2	1.0	0.0	0.0
12	protein1	8.4	3.8	2.9
12	protein2	0.0	2.2	1.4333334
12	protein3	1.2	0.4	1.2
12	r2	0.0	0.0	0.0
12	rnapol	0.0	0.0	0.0
13	__protein1_rbs	1.2	0.0	0.0
13	__protein2_rbs	0.4	0.0	0.0
13	__protein3_rbs	0.2	0.0	0.0
13	__ribosome	82.4	0.0	0.0
13	__rnase_site_ext	4.2	0.0	0.0
13	p0	1.0	0.0	0.0
13	p2	1.0	0.0	0.0
13	protein1	10.0	3.8	3.1
13	protein2	0.0	2.6	1.9333332
13	protein3	1.6	0.4	1.0
13	r2	0.0	0.0	0.0
13	rnapol	0.0	0.0	0.0
14	__protein1_rbs	2.0	0.0	0.0
14	__protein2_rbs	1.4	0.0	0.0
14	__protein3_rbs	0.0	0.0	0.0
14	__ribosome	81.6	0.0	0.0
14	__rnase_site_ext	4.2	0.0	0.0
14	p0	1.0	0.0	0.0
14	p2	1.0	0.0	0.0
14	protein1	13.0	3.8	2.7
14	protein2	0.2	3.6	1.9
14	protein3	1.8	0.4	1.2
14	r2	0.0	0.0	0.0
14	rnapol	0.0	0.0	0.0
15	__protein1_rbs	1.0	0.0	0.0
15	__protein2_rbs	1.2	0.0	0.0
15	__protein3_rbs	0.2	0.0	0.0
15	__ribosome	79.0	0.0	0.0
15	__rnase_site_ext	4.2	0.0	0.0
15	p0	1.0	0.0	0.0
15	p2	1.0	0.0	0.0
15	protein1	15.2	3.8	2.8166666
15	protein2	0.4	3.6	2.5333334
15	protein3	2.0	0.4	1.2
15	r2	0.4	0.0	0.0
15	rnapol	0.0	0.0	0.0
16	__protein1_rbs	2.0	0.0	0.0
16	__protein2_rbs	1.6	0.0	0.0
16	__protein3_rbs	0.4	0.0	0.0
16	__ribosome	79.8	0.0	0.0
16	__rnase_site_ext	4.4	0.0	0.0
16	p0	0.8	0.0	0.0
16	p2	1.0	0.0	0.0
16	protein1	17.4	3.8	2.5833334
16	protein2	1.4	3.6	2.55
16	protein3	2.2	0.4	1.0
16	r2	1.4	0.0	0.0
16	rnapol	0.2	0.0	0.0
17	__protein1_rbs	2.2	0.0	0.0
17	__protein2_rbs	1.0	0.0	0.0
17	__protein3_rbs	0.0	0.0	0.0
17	__ribosome	77.8	0.0	0.0
17	__rnase_site_ext	4.6	0.0	0.0
17	p0	0.8	0.0	0.0
17	p2	1.0	0.0	0.0
17	protein1	19.2	3.8	2.6166666000000003
17	protein2	2.6	4.0	2.75
17	protein3	2.4	0.4	1.2
17	r2	1.8	0.0	0.0
17	rnapol	0.4	0.0	0.0
18	__protein1_rbs	1.4	0.0	0.0
18	__protein2_rbs	1.2	0.0	0.0
18	__protein3_rbs	0.4	0.0	0.0
18	__ribosome	76.8	0.0	0.0
18	__rnase_site_ext	5.0	0.0	0.0
18	p0	0.4	0.0	0.0
18	p2	1.0	0.0	0.0
18	protein1	21.2	4.0	2.6633334
18	protein2	4.6	4.0	2.9
18	protein3	2.6	0.4	1.0
18	r2	2.4	0.0	0.0
18	rnapol	0.4	0.0	0.0
19	__protein1_rbs	1.4	0.0	0.0
19	__protein2_rbs	1.8	0.0	0.0
19	__protein3_rbs	0.2	0.0	0.0
19	__ribosome	76.8	0.0	0.0
19	__rnase_site_ext	5.0	0.0	0.0
19	p0	1.0	0.0	0.0
19	p2	1.0	0.0	0.0
19	protein1	23.4	4.0	2.7533334
19	protein2	6.8	4.0	2.85
19	protein3	3.0	0.4	0.8
19	r2	3.2	0.0	0.0
19	rnapol	0.8	0.0	0.0
20	__protein1_rbs	1.0	0.0	0.0
20	__protein2_rbs	1.8	0.0	0.0
20	__protein3_rbs	0.0	0.0	0.0
20	__ribosome	75.2	0.0	0.0
20	__rnase_site_ext	5.4	0.0	0.0
20	p0	0.6	0.0	0.0
20	p2	0.8	0.0	0.0
20	protein1	25.6	4.6	2.5966666000000003
20	protein2	8.8	4.0	3.0
20	protein3	3.2	0.4	1.0
20	r2	3.6	0.0	0.0
20	rnapol	0.6	0.0	0.0
21	__protein1_rbs	1.8	0.0	0.0
21	__protein2_rbs	1.4	0.0	0.0
21	__protein3_rbs	0.4	0.0	0.0
21	__ribosome	73.4	0.0	0.0
21	__rnase_site_ext	5.8	0.0	0.0
21	p0	0.4	0.0	0.0
21	p2	0.6	0.0	0.0
21	protein1	27.2	4.8	2.7566666
21	protein2	10.8	4.0	3.15
21	protein3	3.2	0.4	1.0
21	r2	3.6	0.0	0.0
21	rnapol	0.2	0.0	0.0
22	__protein1_rbs	2.0	0.0	0.0
22	__protein2_rbs	1.6	0.0	0.0
22	__protein3_rbs	0.2	0.0	0.0
22	__ribosome	72.4	0.0	0.0
22	__rnase_site_ext	6.2	0.0	0.0
22	p0	0.8	0.0	0.0
22	p2	0.6	0.0	0.0
22	protein1	29.2	5.2	2.6866668
22	protein2	13.0	4.0	3.15
22	protein3	3.6	0.6	1.2
22	r2	3.8	0.0	0.0
22	rnapol	0.4	0.0	0.0
23	__protein1_rbs	1.8	0.0	0.0
23	__protein2_rbs	1.0	0.0	0.0
23	__protein3_rbs	0.2	0.0	0.0
23	__ribosome	69.8	0.0	0.0
23	__rnase_site_ext	6.0	0.0	0.0
23	p0	0.6	0.0	0.0
23	p2	0.8	0.0	0.0
23	protein1	31.4	5.8	2.7238096
23	protein2	15.8	4.0	3.2
23	protein3	3.8	1.2	1.0
23	r2	4.0	0.0	0.0
23	rnapol	0.2	0.0	0.0
24	__protein1_rbs	2.6	0.0	0.0
24	__protein2_rbs	1.6	0.0	0.0
24	__protein3_rbs	1.0	0.0	0.0
24	__ribosome	70.2	0.0	0.0
24	__rnase_site_ext	6.2	0.0	0.0
24	p0	1.0	0.0	0.0
24	p2	1.0	0.0	0.0
24	protein1	34.4	5.6	2.7616666000000003
24	protein2	18.4	4.0	3.15
24	protein3	3.8	1.4	1.1
24	r2	4.0	0.0	0.0
24	rnapol	0.2	0.0	0.0
25	__protein1_rbs	2.2	0.0	0.0
25	__protein2_rbs	1.8	0.0	0.0
25	__protein3_rbs	0.6	0.0	0.0
25	__ribosome	69.0	0.0	0.0
25	__rnase_site_ext	6.4	0.0	0.0
25	p0	0.6	0.0	0.0
25	p2	1.0	0.0	0.0
25	protein1	36.6	5.8	2.945
25	protein2	20.8	3.8	3.1666666
25	protein3	4.2	1.4	1.1333334000000002
25	r2	4.0	0.0	0.0
25	rnapol	0.0	0.0	0.0
26	__protein1_rbs	2.6	0.0	0.0
26	__protein2_rbs	1.4	0.0	0.0
26	__protein3_rbs	0.8	0.0	0.0
26	__ribosome	68.8	0.0	0.0
26	__rnase_site_ext	6.6	0.0	0.0
26	p0	1.0	0.0	0.0
26	p2	1.0	0.0	0.0
26	protein1	40.0	6.0	2.7657142000000006
26	protein2	23.2	4.2	3.0266666
26	protein3	4.4	1.4	1.3
26	r2	4.0	0.0	0.0
26	rnapol	0.0	0.0	0.0
27	__protein1_rbs	2.4	0.0	0.0
27	__protein2_rbs	1.6	0.0	0.0
27	__protein3_rbs	0.6	0.0	0.0
27	__ribosome	68.0	0.0	0.0
27	__rnase_site_ext	6.6	0.0	0.0
27	p0	1.0	0.0	0.0
27	p2	1.0	0.0	0.0
27	protein1	43.0	6.2	2.7261906000000002
27	protein2	25.4	4.4	2.73
27	protein3	4.8	1.4	1.4666666000000002
27	r2	4.0	0.0	0.0
27	rnapol	0.4	0.0	0.0
28	__protein1_rbs	3.0	0.0	0.0
28	__protein2_rbs	1.8	0.0	0.0
28	__protein3_rbs	0.6	0.0	0.0
28	__ribosome	69.2	0.0	0.0
28	__rnase_site_ext	6.6	0.0	0.0
28	p0	0.8	0.0	0.0
28	p2	1.0	0.0	0.0
28	protein1	47.0	6.2	2.4690476
28	protein2	28.4	4.8	2.5366666
28	protein3	5.4	1.4	1.4
28	r2	4.0	0.0	0.0
28	rnapol	0.4	0.0	0.0
29	__protein1_rbs	2.4	0.0	0.0
29	__protein2_rbs	2.2	0.0	0.0
29	__protein3_rbs	0.6	0.0	0.0
29	__ribosome	66.0	0.0	0.0
29	__rnase_site_ext	6.8	0.0	0.0
29	p0	1.0	0.0	0.0
29	p2	0.8	0.0	0.0
29	protein1	49.2	6.2	2.7630952
29	protein2	29.4	5.0	2.7466668000000003
29	protein3	6.0	1.4	1.4666666000000002
29	r2	4.0	0.0	0.0
29	rnapol	0.4	0.0	0.0
30	__protein1_rbs	3.0	0.0	0.0
30	__protein2_rbs	2.4	0.0	0.0
30	__protein3_rbs	0.2	0.0	0.0
30	__ribosome	65.6	0.0	0.0
30	__rnase_site_ext	6.6	0.0	0.0
30	p0	0.8	0.0	0.0
30	p2	1.0	0.0	0.0
30	protein1	52.8	6.2	2.6523807999999995
30	protein2	32.0	5.6	2.4614286
30	protein3	6.6	1.6	1.5
30	r2	4.0	0.0	0.0
30	rnapol	0.2	0.0	0.0
31	__protein1_rbs	2.4	0.0	0.0
31	__protein2_rbs	3.6	0.0	0.0
31	__protein3_rbs	0.8	0.0	0.0
31	__ribosome	64.2	0.0	0.0
31	__rnase_site_ext	7.2	0.0	0.0
31	p0	1.0	0.0	0.0
31	p2	1.0	0.0	0.0
31	protein1	55.6	6.2	2.8466668000000004
31	protein2	34.6	6.2	2.3166666
31	protein3	7.6	1.6	1.4
31	r2	4.2	0.0	0.0
31	rnapol	0.0	0.0	0.0
32	__protein1_rbs	1.8	0.0	0.0
32	__protein2_rbs	2.8	0.0	0.0
32	__protein3_rbs	0.8	0.0	0.0
32	__ribosome	62.6	0.0	0.0
32	__rnase_site_ext	7.0	0.0	0.0
32	p0	0.8	0.0	0.0
32	p2	1.0	0.0	0.0
32	protein1	59.0	6.6	2.8154762000000004
32	protein2	37.6	6.4	2.3583334
32	protein3	8.0	1.6	1.5
32	r2	4.6	0.0	0.0
32	rnapol	0.0	0.0	0.0
33	__protein1_rbs	3.0	0.0	0.0
33	__protein2_rbs	2.2	0.0	0.0
33	__protein3_rbs	1.0	0.0	0.0
33	__ribosome	61.2	0.0	0.0
33	__rnase_site_ext	7.2	0.0	0.0
33	p0	0.8	0.0	0.0
33	p2	1.0	0.0	0.0
33	protein1	61.8	6.4	2.9249998
33	protein2	40.0	6.4	2.5357142
33	protein3	8.4	1.6	1.6
33	r2	5.0	0.0	0.0
33	rnapol	0.0	0.0	0.0
34	__protein1_rbs	3.0	0.0	0.0
34	__protein2_rbs	2.0	0.0	0.0
34	__protein3_rbs	0.6	0.0	0.0
34	__ribosome	60.0	0.0	0.0
34	__rnase_site_ext	7.2	0.0	0.0
34	p0	1.0	0.0	0.0
34	p2	1.0	0.0	0.0
34	protein1	65.8	6.6	2.7011904
34	protein2	42.8	6.6	2.7035714
34	protein3	9.2	1.6	1.7
34	r2	5.2	0.0	0.0
34	rnapol	0.4	0.0	0.0
35	__protein1_rbs	2.0	0.0	0.0
35	__protein2_rbs	2.6	0.0	0.0
35	__protein3_rbs	0.6	0.0	0.0
35	__ribosome	59.0	0.0	0.0
35	__rnase_site_ext	7.8	0.0	0.0
35	p0	0.4	0.0	0.0
35	p2	1.0	0.0	0.0
35	protein1	69.2	6.8	2.7785714
35	protein2	45.8	6.6	2.7821428
35	protein3	10.6	1.6	1.4333334
35	r2	5.6	0.0	0.0
35	rnapol	0.2	0.0	0.0
36	__protein1_rbs	4.0	0.0	0.0
36	__protein2_rbs	2.8	0.0	0.0
36	__protein3_rbs	0.8	0.0	0.0
36	__ribosome	58.2	0.0	0.0
36	__rnase_site_ext	8.2	0.0	0.0
36	p0	0.8	0.0	0.0
36	p2	1.0	0.0	0.0
36	protein1	72.6	7.0	2.636905
36	protein2	48.2	6.6	2.9892857999999998
36	protein3	11.2	1.6	1.4666668
36	r2	6.2	0.0	0.0
36	rnapol	0.4	0.0	0.0
37	__protein1_rbs	3.4	0.0	0.0
37	__protein2_rbs	2.8	0.0	0.0
37	__protein3_rbs	0.6	0.0	0.0
37	__ribosome	57.4	0.0	0.0
37	__rnase_site_ext	8.4	0.0	0.0
37	p0	0.8	0.0	0.0
37	p2	1.0	0.0	0.0
37	protein1	76.2	7.4	2.5071428
37	protein2	51.4	6.6	3.0392857999999996
37	protein3	12.0	1.6	1.5333333999999998
37	r2	6.2	0.0	0.0
37	rnapol	0.4	0.0	0.0
38	__protein1_rbs	3.8	0.0	0.0
38	__protein2_rbs	2.6	0.0	0.0
38	__protein3_rbs	0.4	0.0	0.0
38	__ribosome	56.6	0.0	0.0
38	__rnase_site_ext	8.6	0.0	0.0
38	p0	0.8	0.0	0.0
38	p2	0.6	0.0	0.0
38	protein1	79.6	7.8	2.3857142000000002
38	protein2	55.2	6.8	2.9678572
38	protein3	12.8	1.6	1.6666666
38	r2	6.4	0.0	0.0
38	rnapol	0.0	0.0	0.0
39	__protein1_rbs	3.4	0.0	0.0
39	__protein2_rbs	3.0	0.0	0.0
39	__protein3_rbs	1.0	0.0	0.0
39	__ribosome	56.2	0.0	0.0
39	__rnase_site_ext	8.8	0.0	0.0
39	p0	1.0	0.0	0.0
39	p2	0.8	0.0	0.0
39	protein1	83.4	8.0	2.4472222
39	protein2	59.0	6.8	2.9261906000000004
39	protein3	13.6	1.8	1.5666666
39	r2	6.8	0.0	0.0
39	rnapol	0.0	0.0	0.0
40	__protein1_rbs	3.6	0.0	0.0
40	__protein2_rbs	3.0	0.0	0.0
40	__protein3_rbs	1.0	0.0	0.0
40	__ribosome	57.4	0.0	0.0
40	__rnase_site_ext	8.4	0.0	0.0
40	p0	1.0	0.0	0.0
40	p2	0.8	0.0	0.0
40	protein1	87.8	8.0	2.3744444
40	protein2	63.0	7.2	2.722619
40	protein3	14.6	2.0	1.4666666000000002
40	r2	6.8	0.0	0.0
40	rnapol	0.0	0.0	0.0
41	__protein1_rbs	2.6	0.0	0.0
41	__protein2_rbs	3.4	0.0	0.0
41	__protein3_rbs	1.0	0.0	0.0
41	__ribosome	55.0	0.0	0.0
41	__rnase_site_ext	8.4	0.0	0.0
41	p0	1.0	0.0	0.0
41	p2	0.6	0.0	0.0
41	protein1	90.2	7.8	2.746111
41	protein2	66.8	7.2	2.7261906000000002
41	protein3	15.4	2.2	1.6666666
41	r2	6.8	0.0	0.0
41	rnapol	0.0	0.0	0.0
42	__protein1_rbs	3.4	0.0	0.0
42	__protein2_rbs	3.6	0.0	0.0
42	__protein3_rbs	0.8	0.0	0.0
42	__ribosome	54.8	0.0	0.0
42	__rnase_site_ext	8.6	0.0	0.0
42	p0	1.0	0.0	0.0
42	p2	0.4	0.0	0.0
42	protein1	93.4	7.8	2.7877776
42	protein2	70.8	7.4	2.557143
42	protein3	16.4	2.2	1.8333334
42	r2	6.6	0.0	0.0
42	rnapol	0.0	0.0	0.0
43	__protein1_rbs	2.8	0.0	0.0
43	__protein2_rbs	2.0	0.0	0.0
43	__protein3_rbs	1.4	0.0	0.0
43	__ribosome	53.6	0.0	0.0
43	__rnase_site_ext	8.4	0.0	0.0
43	p0	1.0	0.0	0.0
43	p2	1.0	0.0	0.0
43	protein1	97.8	7.8	2.7372222
43	protein2	74.6	7.4	2.6571428
43	protein3	17.2	2.8	1.6833334
43	r2	6.8	0.0	0.0
43	rnapol	0.0	0.0	0.0
44	__protein1_rbs	3.0	0.0	0.0
44	__protein2_rbs	5.2	0.0	0.0
44	__protein3_rbs	1.6	0.0	0.0
44	__ribosome	53.2	0.0	0.0
44	__rnase_site_ext	8.4	0.0	0.0
44	p0	1.0	0.0	0.0
44	p2	1.0	0.0	0.0
44	protein1	101.0	7.6	2.9561112
44	protein2	77.8	7.8	2.45
44	protein3	18.2	2.8	1.8833334
44	r2	7.0	0.0	0.0
44	rnapol	0.0	0.0	0.0
45	__protein1_rbs	3.2	0.0	0.0
45	__protein2_rbs	3.2	0.0	0.0
45	__protein3_rbs	0.8	0.0	0.0
45	__ribosome	52.4	0.0	0.0
45	__rnase_site_ext	7.8	0.0	0.0
45	p0	0.8	0.0	0.0
45	p2	1.0	0.0	0.0
45	protein1	105.4	7.6	2.8538888
45	protein2	82.0	8.0	2.475
45	protein3	19.4	2.6	2.3166666
45	r2	7.4	0.0	0.0
45	rnapol	0.4	0.0	0.0
46	__protein1_rbs	3.6	0.0	0.0
46	__protein2_rbs	3.2	0.0	0.0
46	__protein3_rbs	0.8	0.0	0.0
46	__ribosome	51.6	0.0	0.0
46	__rnase_site_ext	8.0	0.0	0.0
46	p0	1.0	0.0	0.0
46	p2	1.0	0.0	0.0
46	protein1	109.6	7.4	2.8476192000000005
46	protein2	86.2	8.0	2.5908729999999998
46	protein3	20.0	2.6	2.55
46	r2	7.4	0.0	0.0
46	rnapol	0.2	0.0	0.0
47	__protein1_rbs	4.8	0.0	0.0
47	__protein2_rbs	4.6	0.0	0.0
47	__protein3_rbs	1.6	0.0	0.0
47	__ribosome	53.2	0.0	0.0
47	__rnase_site_ext	8.4	0.0	0.0
47	p0	0.6	0.0	0.0
47	p2	0.8	0.0	0.0
47	protein1	113.2	7.8	2.6555554
47	protein2	90.0	8.6	2.3238092
47	protein3	21.4	2.6	2.4333334
47	r2	7.6	0.0	0.0
47	rnapol	0.0	0.0	0.0
48	__protein1_rbs	3.8	0.0	0.0
48	__protein2_rbs	4.2	0.0	0.0
48	__protein3_rbs	1.2	0.0	0.0
48	__ribosome	53.0	0.0	0.0
48	__rnase_site_ext	8.8	0.0	0.0
48	p0	1.0	0.0	0.0
48	p2	0.6	0.0	0.0
48	protein1	117.6	7.8	2.588492
48	protein2	94.2	8.4	2.4365078
48	protein3	23.0	2.6	2.4833332
48	r2	7.6	0.0	0.0
48	rnapol	0.4	0.0	0.0
49	__protein1_rbs	4.0	0.0	0.0
49	__protein2_rbs	4.2	0.0	0.0
49	__protein3_rbs	2.0	0.0	0.0
49	__ribosome	52.4	0.0	0.0
49	__rnase_site_ext	9.0	0.0	0.0
49	p0	0.4	0.0	0.0
49	p2	0.8	0.0	0.0
49	protein1	121.6	8.0	2.5059522000000003
49	protein2	97.2	8.4	2.5198414000000002
49	protein3	24.2	3.0	2.0766666000000003
49	r2	7.8	0.0	0.0
49	rnapol	0.0	0.0	0.0
50	__protein1_rbs	4.4	0.0	0.0
50	__protein2_rbs	4.2	0.0	0.0
50	__protein3_rbs	0.8	0.0	0.0
50	__ribosome	53.2	0.0	0.0
50	__rnase_site_ext	9.4	0.0	0.0
50	p0	0.6	0.0	0.0
50	p2	0.8	0.0	0.0
50	protein1	125.6	8.2	2.3587302
50	protein2	102.2	8.4	2.4301586
50	protein3	25.6	3.0	2.4033333999999997
50	r2	8.0	0.0	0.0
50	rnapol	0.0	0.0	0.0
51	__protein1_rbs	4.2	0.0	0.0
51	__protein2_rbs	4.0	0.0	0.0
51	__protein3_rbs	1.6	0.0	0.0
51	__ribosome	53.4	0.0	0.0
51	__rnase_site_ext	9.6	0.0	0.0
51	p0	1.0	0.0	0.0
51	p2	1.0	0.0	0.0
51	protein1	129.8	8.4	2.2816668
51	protein2	106.0	8.4	2.4932540000000003
51	protein3	27.0	3.2	2.0533334
51	r2	8.4	0.0	0.0
51	rnapol	0.0	0.0	0.0
52	__protein1_rbs	4.2	0.0	0.0
52	__protein2_rbs	3.8	0.0	0.0
52	__protein3_rbs	0.8	0.0	0.0
52	__ribosome	51.2	0.0	0.0
52	__rnase_site_ext	9.6	0.0	0.0
52	p0	1.0	0.0	0.0
52	p2	0.8	0.0	0.0
52	protein1	133.4	8.8	2.3165080000000002
52	protein2	110.6	8.4	2.5031746
52	protein3	28.2	3.2	2.4066666000000003
52	r2	8.8	0.0	0.0
52	rnapol	0.4	0.0	0.0
53	__protein1_rbs	5.6	0.0	0.0
53	__protein2_rbs	4.2	0.0	0.0
53	__protein3_rbs	1.6	0.0	0.0
53	__ribosome	51.4	0.0	0.0
53	__rnase_site_ext	10.0	0.0	0.0
53	p0	0.6	0.0	0.0
53	p2	1.0	0.0	0.0
53	protein1	137.2	8.8	2.1586507999999998
53	protein2	113.8	8.0	2.7516664
53	protein3	29.2	3.4	2.54
53	r2	8.8	0.0	0.0
53	rnapol	0.4	0.0	0.0
54	__protein1_rbs	3.4	0.0	0.0
54	__protein2_rbs	3.8	0.0	0.0
54	__protein3_rbs	2.2	0.0	0.0
54	__ribosome	49.0	0.0	0.0
54	__rnase_site_ext	9.8	0.0	0.0
54	p0	0.8	0.0	0.0
54	p2	0.6	0.0	0.0
54	protein1	141.0	8.8	2.3287302000000003
54	protein2	118.0	8.6	2.5844446000000003
54	protein3	30.2	3.4	2.69
54	r2	8.8	0.0	0.0
54	rnapol	0.4	0.0	0.0
55	__protein1_rbs	5.0	0.0	0.0
55	__protein2_rbs	4.6	0.0	0.0
55	__protein3_rbs	1.2	0.0	0.0
55	__ribosome	50.4	0.0	0.0
55	__rnase_site_ext	10.0	0.0	0.0
55	p0	0.8	0.0	0.0
55	p2	0.6	0.0	0.0
55	protein1	145.2	9.2	2.2056494
55	protein2	122.6	8.6	2.4933330000000002
55	protein3	32.4	3.4	2.6
55	r2	8.8	0.0	0.0
55	rnapol	0.4	0.0	0.0
56	__protein1_rbs	3.8	0.0	0.0
56	__protein2_rbs	3.0	0.0	0.0
56	__protein3_rbs	2.4	0.0	0.0
56	__ribosome	48.0	0.0	0.0
56	__rnase_site_ext	10.4	0.0	0.0
56	p0	0.6	0.0	0.0
56	p2	1.0	0.0	0.0
56	protein1	149.4	9.0	2.3677706
56	protein2	126.8	8.8	2.564762
56	protein3	33.6	3.8	2.3833333999999997
56	r2	8.6	0.0	0.0
56	rnapol	0.0	0.0	0.0
57	__protein1_rbs	4.2	0.0	0.0
57	__protein2_rbs	4.0	0.0	0.0
57	__protein3_rbs	1.2	0.0	0.0
57	__ribosome	46.0	0.0	0.0
57	__rnase_site_ext	10.0	0.0	0.0
57	p0	1.0	0.0	0.0
57	p2	1.0	0.0	0.0
57	protein1	152.8	9.4	2.4163636000000004
57	protein2	131.4	8.8	2.4895240000000003
57	protein3	35.2	3.8	2.6
57	r2	8.4	0.0	0.0
57	rnapol	0.2	0.0	0.0
58	__protein1_rbs	5.2	0.0	0.0
58	__protein2_rbs	5.0	0.0	0.0
58	__protein3_rbs	2.0	0.0	0.0
58	__ribosome	46.4	0.0	0.0
58	__rnase_site_ext	10.4	0.0	0.0
58	p0	1.0	0.0	0.0
58	p2	1.0	0.0	0.0
58	protein1	156.6	9.4	2.3831818
58	protein2	134.6	9.0	2.5333332000000004
58	protein3	37.4	3.8	2.4166668
58	r2	8.4	0.0	0.0
58	rnapol	0.0	0.0	0.0
59	__protein1_rbs	5.6	0.0	0.0
59	__protein2_rbs	4.0	0.0	0.0
59	__protein3_rbs	2.0	0.0	0.0
59	__ribosome	44.6	0.0	0.0
59	__rnase_site_ext	10.4	0.0	0.0
59	p0	0.8	0.0	0.0
59	p2	1.0	0.0	0.0
59	protein1	160.4	9.6	2.3605554
59	protein2	138.8	9.6	2.435
59	protein3	38.6	3.8	2.4666667999999996
59	r2	8.6	0.0	0.0
59	rnapol	0.0	0.0	0.0
60	__protein1_rbs	3.6	0.0	0.0
60	__protein2_rbs	5.6	0.0	0.0
60	__protein3_rbs	1.8	0.0	0.0
60	__ribosome	44.8	0.0	0.0
60	__rnase_site_ext	10.8	0.0	0.0
60	p0	0.8	0.0	0.0
60	p2	1.0	0.0	0.0
60	protein1	165.2	9.6	2.4816666
60	protein2	143.8	9.6	2.35
60	protein3	40.8	3.8	2.4333334
60	r2	8.8	0.0	0.0
60	rnapol	0.2	0.0	0.0
61	__protein1_rbs	5.0	0.0	0.0
61	__protein2_rbs	3.6	0.0	0.0
61	__protein3_rbs	1.8	0.0	0.0
61	__ribosome	43.4	0.0	0.0
61	__rnase_site_ext	11.0	0.0	0.0
61	p0	0.8	0.0	0.0
61	p2	1.0	0.0	0.0
61	protein1	169.8	10.0	2.3500002
61	protein2	148.0	9.4	2.5405556
61	protein3	42.4	3.8	2.5166666
61	r2	9.0	0.0	0.0
61	rnapol	0.4	0.0	0.0
62	__protein1_rbs	5.6	0.0	0.0
62	__protein2_rbs	6.2	0.0	0.0
62	__protein3_rbs	2.6	0.0	0.0
62	__ribosome	45.4	0.0	0.0
62	__rnase_site_ext	11.2	0.0	0.0
62	p0	0.6	0.0	0.0
62	p2	1.0	0.0	0.0
62	protein1	174.6	10.0	2.3297977999999997
62	protein2	153.0	10.0	2.294697
62	protein3	44.4	3.8	2.1833334
62	r2	9.2	0.0	0.0
62	rnapol	0.2	0.0	0.0
63	__protein1_rbs	5.6	0.0	0.0
63	__protein2_rbs	4.2	0.0	0.0
63	__protein3_rbs	1.8	0.0	0.0
63	__ribosome	43.4	0.0	0.0
63	__rnase_site_ext	11.8	0.0	0.0
63	p0	0.6	0.0	0.0
63	p2	1.0	0.0	0.0
63	protein1	179.0	10.4	2.3032632
63	protein2	157.0	10.0	2.4719697999999997
63	protein3	46.4	3.8	2.0833332
63	r2	9.4	0.0	0.0
63	rnapol	0.2	0.0	0.0
64	__protein1_rbs	6.4	0.0	0.0
64	__protein2_rbs	6.2	0.0	0.0
64	__protein3_rbs	1.4	0.0	0.0
64	__ribosome	43.2	0.0	0.0
64	__rnase_site_ext	11.6	0.0	0.0
64	p0	0.8	0.0	0.0
64	p2	1.0	0.0	0.0
64	protein1	182.8	10.6	2.2761536
64	protein2	161.6	9.8	2.4409092
64	protein3	47.6	3.6	2.5833334
64	r2	10.0	0.0	0.0
64	rnapol	0.0	0.0	0.0
65	__protein1_rbs	5.2	0.0	0.0
65	__protein2_rbs	4.8	0.0	0.0
65	__protein3_rbs	2.2	0.0	0.0
65	__ribosome	45.0	0.0	0.0
65	__rnase_site_ext	12.2	0.0	0.0
65	p0	0.8	0.0	0.0
65	p2	1.0	0.0	0.0
65	protein1	188.8	11.0	2.1261537999999995
65	protein2	166.2	10.2	2.3414142000000004
65	protein3	50.0	3.6	2.1333332
65	r2	9.8	0.0	0.0
65	rnapol	0.4	0.0	0.0
66	__protein1_rbs	4.8	0.0	0.0
66	__protein2_rbs	4.0	0.0	0.0
66	__protein3_rbs	1.6	0.0	0.0
66	__ribosome	42.0	0.0	0.0
66	__rnase_site_ext	12.4	0.0	0.0
66	p0	1.0	0.0	0.0
66	p2	0.8	0.0	0.0
66	protein1	193.2	11.2	2.216993
66	protein2	171.6	10.0	2.4224748
66	protein3	51.2	3.6	2.4666667999999996
66	r2	10.0	0.0	0.0
66	rnapol	0.4	0.0	0.0
67	__protein1_rbs	4.6	0.0	0.0
67	__protein2_rbs	5.8	0.0	0.0
67	__protein3_rbs	2.4	0.0	0.0
67	__ribosome	42.0	0.0	0.0
67	__rnase_site_ext	12.8	0.0	0.0
67	p0	0.6	0.0	0.0
67	p2	0.8	0.0	0.0
67	protein1	198.2	11.6	2.2711888
67	protein2	176.2	10.2	2.3411616000000004
67	protein3	53.0	3.4	2.7666666
67	r2	10.2	0.0	0.0
67	rnapol	0.0	0.0	0.0
68	__protein1_rbs	6.6	0.0	0.0
68	__protein2_rbs	4.4	0.0	0.0
68	__protein3_rbs	1.6	0.0	0.0
68	__ribosome	41.2	0.0	0.0
68	__rnase_site_ext	12.4	0.0	0.0
68	p0	1.0	0.0	0.0
68	p2	1.0	0.0	0.0
68	protein1	202.4	11.8	2.2760372
68	protein2	181.6	10.4	2.3103536
68	protein3	54.8	3.6	2.7833332000000004
68	r2	10.0	0.0	0.0
68	rnapol	0.2	0.0	0.0
69	__protein1_rbs	5.4	0.0	0.0
69	__protein2_rbs	5.8	0.0	0.0
69	__protein3_rbs	2.2	0.0	0.0
69	__ribosome	39.0	0.0	0.0
69	__rnase_site_ext	12.8	0.0	0.0
69	p0	0.8	0.0	0.0
69	p2	1.0	0.0	0.0
69	protein1	206.6	12.0	2.3778552000000004
69	protein2	185.2	10.6	2.3464646
69	protein3	56.2	3.6	2.45
69	r2	10.2	0.0	0.0
69	rnapol	0.2	0.0	0.0
70	__protein1_rbs	7.4	0.0	0.0
70	__protein2_rbs	6.8	0.0	0.0
70	__protein3_rbs	1.4	0.0	0.0
70	__ribosome	39.6	0.0	0.0
70	__rnase_site_ext	13.0	0.0	0.0
70	p0	0.8	0.0	0.0
70	p2	1.0	0.0	0.0
70	protein1	211.8	12.0	2.3037294
70	protein2	189.4	10.8	2.3034964
70	protein3	58.0	3.6	2.5333332000000004
70	r2	10.2	0.0	0.0
70	rnapol	0.2	0.0	0.0
71	__protein1_rbs	5.6	0.0	0.0
71	__protein2_rbs	6.0	0.0	0.0
71	__protein3_rbs	1.4	0.0	0.0
71	__ribosome	41.0	0.0	0.0
71	__rnase_site_ext	13.0	0.0	0.0
71	p0	0.6	0.0	0.0
71	p2	1.0	0.0	0.0
71	protein1	218.6	12.2	2.2593242
71	protein2	194.8	10.6	2.272416600000001
71	protein3	60.4	3.2	2.9166666
71	r2	10.4	0.0	0.0
71	rnapol	0.0	0.0	0.0
72	__protein1_rbs	6.6	0.0	0.0
72	__protein2_rbs	5.6	0.0	0.0
72	__protein3_rbs	2.0	0.0	0.0
72	__ribosome	41.4	0.0	0.0
72	__rnase_site_ext	13.0	0.0	0.0
72	p0	1.0	0.0	0.0
72	p2	1.0	0.0	0.0
72	protein1	223.6	12.2	2.2921978000000003
72	protein2	200.4	11.0	2.1710412
72	protein3	61.8	3.2	2.5333334
72	r2	10.6	0.0	0.0
72	rnapol	0.2	0.0	0.0
73	__protein1_rbs	6.6	0.0	0.0
73	__protein2_rbs	5.0	0.0	0.0
73	__protein3_rbs	2.2	0.0	0.0
73	__ribosome	40.8	0.0	0.0
73	__rnase_site_ext	13.4	0.0	0.0
73	p0	0.6	0.0	0.0
73	p2	1.0	0.0	0.0
73	protein1	228.4	12.2	2.2662336000000005
73	protein2	204.8	11.2	2.2461537999999996
73	protein3	63.4	3.2	2.3833333999999997
73	r2	10.4	0.0	0.0
73	rnapol	0.0	0.0	0.0
74	__protein1_rbs	7.0	0.0	0.0
74	__protein2_rbs	5.8	0.0	0.0
74	__protein3_rbs	1.4	0.0	0.0
74	__ribosome	41.0	0.0	0.0
74	__rnase_site_ext	13.4	0.0	0.0
74	p0	0.8	0.0	0.0
74	p2	1.0	0.0	0.0
74	protein1	234.4	12.4	2.1978788
74	protein2	210.4	11.4	2.1791607999999996
74	protein3	64.4	3.2	2.5333334
74	r2	10.8	0.0	0.0
74	rnapol	0.0	0.0	0.0
75	__protein1_rbs	7.6	0.0	0.0
75	__protein2_rbs	6.6	0.0	0.0
75	__protein3_rbs	1.8	0.0	0.0
75	__ribosome	39.6	0.0	0.0
75	__rnase_site_ext	13.4	0.0	0.0
75	p0	1.0	0.0	0.0
75	p2	1.0	0.0	0.0
75	protein1	240.2	12.6	2.1359847999999997
75	protein2	213.0	11.8	2.2783682
75	protein3	66.4	3.2	2.8166666
75	r2	11.0	0.0	0.0
75	rnapol	0.0	0.0	0.0
76	__protein1_rbs	7.4	0.0	0.0
76	__protein2_rbs	7.8	0.0	0.0
76	__protein3_rbs	2.4	0.0	0.0
76	__ribosome	41.4	0.0	0.0
76	__rnase_site_ext	13.4	0.0	0.0
76	p0	1.0	0.0	0.0
76	p2	0.8	0.0	0.0
76	protein1	244.6	12.6	2.1888694
76	protein2	219.0	12.0	2.1062936000000003
76	protein3	68.0	3.2	2.1166666000000003
76	r2	10.6	0.0	0.0
76	rnapol	0.0	0.0	0.0
77	__protein1_rbs	5.6	0.0	0.0
77	__protein2_rbs	5.6	0.0	0.0
77	__protein3_rbs	2.6	0.0	0.0
77	__ribosome	40.6	0.0	0.0
77	__rnase_site_ext	13.4	0.0	0.0
77	p0	0.8	0.0	0.0
77	p2	0.8	0.0	0.0
77	protein1	250.6	12.6	2.2067308
77	protein2	224.2	12.0	2.2039627999999998
77	protein3	69.2	3.2	1.8
77	r2	10.8	0.0	0.0
77	rnapol	0.0	0.0	0.0
78	__protein1_rbs	6.2	0.0	0.0
78	__protein2_rbs	6.4	0.0	0.0
78	__protein3_rbs	1.6	0.0	0.0
78	__ribosome	40.0	0.0	0.0
78	__rnase_site_ext	13.4	0.0	0.0
78	p0	1.0	0.0	0.0
78	p2	0.8	0.0	0.0
78	protein1	256.6	12.8	2.1941726000000004
78	protein2	230.2	12.2	2.1381118
78	protein3	70.4	3.6	1.56
78	r2	11.2	0.0	0.0
78	rnapol	0.0	0.0	0.0
79	__protein1_rbs	7.6	0.0	0.0
79	__protein2_rbs	7.8	0.0	0.0
79	__protein3_rbs	1.0	0.0	0.0
79	__ribosome	39.8	0.0	0.0
79	__rnase_site_ext	13.2	0.0	0.0
79	p0	1.0	0.0	0.0
79	p2	0.8	0.0	0.0
79	protein1	262.0	12.6	2.2057903999999997
79	protein2	234.8	12.4	2.0917916
79	protein3	71.8	3.6	1.7399999999999998
79	r2	11.4	0.0	0.0
79	rnapol	0.2	0.0	0.0
80	__protein1_rbs	7.0	0.0	0.0
80	__protein2_rbs	7.0	0.0	0.0
80	__protein3_rbs	1.8	0.0	0.0
80	__ribosome	36.8	0.0	0.0
80	__rnase_site_ext	13.4	0.0	0.0
80	p0	0.6	0.0	0.0
80	p2	0.8	0.0	0.0
80	protein1	266.2	12.6	2.3783012
80	protein2	240.0	12.8	2.0772228000000004
80	protein3	73.2	3.8	1.7899999999999998
80	r2	11.6	0.0	0.0
80	rnapol	0.2	0.0	0.0
81	__protein1_rbs	8.2	0.0	0.0
81	__protein2_rbs	7.0	0.0	0.0
81	__protein3_rbs	1.6	0.0	0.0
81	__ribosome	35.6	0.0	0.0
81	__rnase_site_ext	13.8	0.0	0.0
81	p0	0.8	0.0	0.0
81	p2	1.0	0.0	0.0
81	protein1	271.8	12.4	2.284329
81	protein2	244.2	13.0	2.2080585999999998
81	protein3	74.4	4.0	1.8833334
81	r2	11.4	0.0	0.0
81	rnapol	0.2	0.0	0.0
82	__protein1_rbs	4.6	0.0	0.0
82	__protein2_rbs	9.0	0.0	0.0
82	__protein3_rbs	2.0	0.0	0.0
82	__ribosome	35.2	0.0	0.0
82	__rnase_site_ext	13.2	0.0	0.0
82	p0	1.0	0.0	0.0
82	p2	1.0	0.0	0.0
82	protein1	278.4	12.8	2.3050516
82	protein2	250.6	13.4	1.9740292000000002
82	protein3	74.8	3.8	2.4333334
82	r2	11.6	0.0	0.0
82	rnapol	0.6	0.0	0.0
83	__protein1_rbs	5.6	0.0	0.0
83	__protein2_rbs	6.2	0.0	0.0
83	__protein3_rbs	3.0	0.0	0.0
83	__ribosome	35.4	0.0	0.0
83	__rnase_site_ext	13.4	0.0	0.0
83	p0	0.6	0.0	0.0
83	p2	1.0	0.0	0.0
83	protein1	285.4	12.6	2.3309624
83	protein2	256.0	13.4	2.065705
83	protein3	76.8	3.8	2.1466666
83	r2	11.6	0.0	0.0
83	rnapol	0.4	0.0	0.0
84	__protein1_rbs	6.2	0.0	0.0
84	__protein2_rbs	7.6	0.0	0.0
84	__protein3_rbs	1.8	0.0	0.0
84	__ribosome	32.2	0.0	0.0
84	__rnase_site_ext	13.2	0.0	0.0
84	p0	0.8	0.0	0.0
84	p2	1.0	0.0	0.0
84	protein1	289.6	12.4	2.5286906000000005
84	protein2	260.4	13.4	2.1480767999999997
84	protein3	78.8	3.8	2.21
84	r2	12.0	0.0	0.0
84	rnapol	0.4	0.0	0.0
85	__protein1_rbs	7.0	0.0	0.0
85	__protein2_rbs	8.2	0.0	0.0
85	__protein3_rbs	2.4	0.0	0.0
85	__ribosome	34.6	0.0	0.0
85	__rnase_site_ext	13.8	0.0	0.0
85	p0	0.6	0.0	0.0
85	p2	1.0	0.0	0.0
85	protein1	295.4	12.6	2.4306026000000003
85	protein2	266.4	13.6	2.0539968
85	protein3	80.6	3.8	2.1366666000000003
85	r2	12.2	0.0	0.0
85	rnapol	0.4	0.0	0.0
86	__protein1_rbs	7.8	0.0	0.0
86	__protein2_rbs	7.2	0.0	0.0
86	__protein3_rbs	2.8	0.0	0.0
86	__ribosome	34.8	0.0	0.0
86	__rnase_site_ext	14.4	0.0	0.0
86	p0	0.4	0.0	0.0
86	p2	1.0	0.0	0.0
86	protein1	300.0	13.0	2.4024243999999997
86	protein2	272.2	13.4	2.1283422
86	protein3	82.8	3.8	1.8366666
86	r2	12.4	0.0	0.0
86	rnapol	0.2	0.0	0.0
87	__protein1_rbs	7.6	0.0	0.0
87	__protein2_rbs	8.4	0.0	0.0
87	__protein3_rbs	2.2	0.0	0.0
87	__ribosome	36.2	0.0	0.0
87	__rnase_site_ext	14.6	0.0	0.0
87	p0	0.6	0.0	0.0
87	p2	1.0	0.0	0.0
87	protein1	308.0	13.2	2.1658242000000003
87	protein2	276.2	13.0	2.2370834000000004
87	protein3	84.0	3.8	1.8466666
87	r2	12.8	0.0	0.0
87	rnapol	0.2	0.0	0.0
88	__protein1_rbs	8.2	0.0	0.0
88	__protein2_rbs	6.2	0.0	0.0
88	__protein3_rbs	1.2	0.0	0.0
88	__ribosome	37.6	0.0	0.0
88	__rnase_site_ext	14.8	0.0	0.0
88	p0	1.0	0.0	0.0
88	p2	1.0	0.0	0.0
88	protein1	314.8	13.6	2.0125
88	protein2	283.4	13.0	2.1643700000000003
88	protein3	85.4	3.6	2.1100000000000003
88	r2	13.0	0.0	0.0
88	rnapol	0.2	0.0	0.0
89	__protein1_rbs	8.6	0.0	0.0
89	__protein2_rbs	7.0	0.0	0.0
89	__protein3_rbs	2.2	0.0	0.0
89	__ribosome	38.6	0.0	0.0
89	__rnase_site_ext	14.8	0.0	0.0
89	p0	0.8	0.0	0.0
89	p2	0.8	0.0	0.0
89	protein1	320.4	14.0	1.9593406
89	protein2	289.0	13.0	2.1199506
89	protein3	87.0	3.6	1.87
89	r2	13.0	0.0	0.0
89	rnapol	0.2	0.0	0.0
90	__protein1_rbs	6.6	0.0	0.0
90	__protein2_rbs	6.2	0.0	0.0
90	__protein3_rbs	1.6	0.0	0.0
90	__ribosome	36.8	0.0	0.0
90	__rnase_site_ext	14.8	0.0	0.0
90	p0	1.0	0.0	0.0
90	p2	0.8	0.0	0.0
90	protein1	326.4	13.8	2.0436812
90	protein2	295.4	13.4	2.077629
90	protein3	88.0	3.6	1.92
90	r2	13.2	0.0	0.0
90	rnapol	0.2	0.0	0.0
91	__protein1_rbs	9.2	0.0	0.0
91	__protein2_rbs	9.2	0.0	0.0
91	__protein3_rbs	2.2	0.0	0.0
91	__ribosome	37.8	0.0	0.0
91	__rnase_site_ext	14.8	0.0	0.0
91	p0	1.0	0.0	0.0
91	p2	1.0	0.0	0.0
91	protein1	332.6	14.2	1.9086538
91	protein2	300.2	13.6	1.9820944
91	protein3	89.0	3.8	2.18
91	r2	13.2	0.0	0.0
91	rnapol	0.2	0.0	0.0
92	__protein1_rbs	9.4	0.0	0.0
92	__protein2_rbs	7.4	0.0	0.0
92	__protein3_rbs	1.6	0.0	0.0
92	__ribosome	35.8	0.0	0.0
92	__rnase_site_ext	14.4	0.0	0.0
92	p0	1.0	0.0	0.0
92	p2	1.0	0.0	0.0
92	protein1	337.4	14.0	1.9320146
92	protein2	304.8	13.8	2.0994804
92	protein3	90.6	3.8	2.26
92	r2	13.2	0.0	0.0
92	rnapol	0.4	0.0	0.0
93	__protein1_rbs	6.2	0.0	0.0
93	__protein2_rbs	8.6	0.0	0.0
93	__protein3_rbs	2.0	0.0	0.0
93	__ribosome	33.2	0.0	0.0
93	__rnase_site_ext	14.8	0.0	0.0
93	p0	0.8	0.0	0.0
93	p2	1.0	0.0	0.0
93	protein1	342.0	14.0	2.1832236000000003
93	protein2	310.8	14.2	2.0108376
93	protein3	92.6	3.8	2.28
93	r2	13.2	0.0	0.0
93	rnapol	0.2	0.0	0.0
94	__protein1_rbs	7.6	0.0	0.0
94	__protein2_rbs	8.6	0.0	0.0
94	__protein3_rbs	2.8	0.0	0.0
94	__ribosome	33.2	0.0	0.0
94	__rnase_site_ext	14.8	0.0	0.0
94	p0	1.0	0.0	0.0
94	p2	1.0	0.0	0.0
94	protein1	347.8	13.8	2.1956042000000004
94	protein2	316.4	14.6	1.9662104
94	protein3	93.8	3.8	2.24
94	r2	13.2	0.0	0.0
94	rnapol	0.2	0.0	0.0
95	__protein1_rbs	8.2	0.0	0.0
95	__protein2_rbs	9.0	0.0	0.0
95	__protein3_rbs	2.6	0.0	0.0
95	__ribosome	35.2	0.0	0.0
95	__rnase_site_ext	14.8	0.0	0.0
95	p0	1.0	0.0	0.0
95	p2	1.0	0.0	0.0
95	protein1	354.8	14.0	2.0483514
95	protein2	322.0	15.2	1.8845514
95	protein3	95.4	3.8	2.1
95	r2	13.4	0.0	0.0
95	rnapol	0.4	0.0	0.0
96	__protein1_rbs	8.2	0.0	0.0
96	__protein2_rbs	8.0	0.0	0.0
96	__protein3_rbs	3.0	0.0	0.0
96	__ribosome	31.8	0.0	0.0
96	__rnase_site_ext	14.8	0.0	0.0
96	p0	0.8	0.0	0.0
96	p2	0.8	0.0	0.0
96	protein1	360.2	14.0	2.1340658
96	protein2	327.2	15.4	2.0231380000000003
96	protein3	97.0	3.8	2.0
96	r2	13.6	0.0	0.0
96	rnapol	0.0	0.0	0.0
97	__protein1_rbs	8.8	0.0	0.0
97	__protein2_rbs	10.8	0.0	0.0
97	__protein3_rbs	2.4	0.0	0.0
97	__ribosome	34.0	0.0	0.0
97	__rnase_site_ext	15.0	0.0	0.0
97	p0	0.8	0.0	0.0
97	p2	0.8	0.0	0.0
97	protein1	364.8	14.0	2.15978
97	protein2	333.6	15.6	1.8720238
97	protein3	99.4	3.8	1.84
97	r2	14.0	0.0	0.0
97	rnapol	0.2	0.0	0.0
98	__protein1_rbs	8.4	0.0	0.0
98	__protein2_rbs	8.0	0.0	0.0
98	__protein3_rbs	3.0	0.0	0.0
98	__ribosome	34.8	0.0	0.0
98	__rnase_site_ext	15.2	0.0	0.0
98	p0	0.8	0.0	0.0
98	p2	1.0	0.0	0.0
98	protein1	372.0	14.2	2.0162088
98	protein2	339.4	15.4	1.9992716
98	protein3	101.0	4.0	1.5666666
98	r2	13.8	0.0	0.0
98	rnapol	0.2	0.0	0.0
99	__protein1_rbs	7.2	0.0	0.0
99	__protein2_rbs	8.2	0.0	0.0
99	__protein3_rbs	2.4	0.0	0.0
99	__ribosome	33.0	0.0	0.0
99	__rnase_site_ext	15.0	0.0	0.0
99	p0	0.8	0.0	0.0
99	p2	0.8	0.0	0.0
99	protein1	378.0	14.2	2.0608516
99	protein2	345.8	14.8	2.1263918
99	protein3	102.6	4.0	1.6266666
99	r2	14.0	0.0	0.0
99	rnapol	0.0	0.0	0.0
100	__protein1_rbs	8.0	0.0	0.0
100	__protein2_rbs	10.8	0.0	0.0
100	__protein3_rbs	2.4	0.0	0.0
100	__ribosome	34.2	0.0	0.0
100	__rnase_site_ext	14.8	0.0	0.0
100	p0	1.0	0.0	0.0
100	p2	0.6	0.0	0.0
100	protein1	384.8	14.0	2.0474466000000002
100	protein2	351.2	14.8	2.0790110000000004
100	protein3	103.8	4.2	1.5866668
100	r2	14.4	0.0	0.0
100	rnapol	0.4	0.0	0.0
101	__protein1_rbs	7.0	0.0	0.0
101	__protein2_rbs	6.2	0.0	0.0
101	__protein3_rbs	2.2	0.0	0.0
101	__ribosome	29.0	0.0	0.0
101	__rnase_site_ext	15.0	0.0	0.0
101	p0	1.0	0.0	0.0
101	p2	0.6	0.0	0.0
101	protein1	390.0	14.0	2.1569164
101	protein2	357.6	14.6	2.2675822
101	protein3	104.6	4.0	1.9733333999999998
101	r2	14.6	0.0	0.0
101	rnapol	0.6	0.0	0.0
102	__protein1_rbs	8.4	0.0	0.0
102	__protein2_rbs	9.8	0.0	0.0
102	__protein3_rbs	2.8	0.0	0.0
102	__ribosome	29.8	0.0	0.0
102	__rnase_site_ext	14.8	0.0	0.0
102	p0	1.0	0.0	0.0
102	p2	0.6	0.0	0.0
102	protein1	395.6	14.2	2.120726
102	protein2	362.8	14.6	2.2320146
102	protein3	106.2	4.4	1.92
102	r2	14.6	0.0	0.0
102	rnapol	0.8	0.0	0.0
103	__protein1_rbs	7.0	0.0	0.0
103	__protein2_rbs	9.2	0.0	0.0
103	__protein3_rbs	2.4	0.0	0.0
103	__ribosome	31.6	0.0	0.0
103	__rnase_site_ext	15.2	0.0	0.0
103	p0	0.4	0.0	0.0
103	p2	0.8	0.0	0.0
103	protein1	401.4	14.0	2.2311246
103	protein2	372.0	14.6	1.9737038
103	protein3	107.4	4.6	1.8504762
103	r2	14.8	0.0	0.0
103	rnapol	0.2	0.0	0.0
104	__protein1_rbs	8.2	0.0	0.0
104	__protein2_rbs	9.0	0.0	0.0
104	__protein3_rbs	2.8	0.0	0.0
104	__ribosome	30.8	0.0	0.0
104	__rnase_site_ext	15.0	0.0	0.0
104	p0	0.8	0.0	0.0
104	p2	1.0	0.0	0.0
104	protein1	406.8	14.0	2.2790876
104	protein2	377.8	14.6	1.97479
104	protein3	109.0	4.6	1.91
104	r2	14.8	0.0	0.0
104	rnapol	0.6	0.0	0.0
105	__protein1_rbs	8.4	0.0	0.0
105	__protein2_rbs	8.2	0.0	0.0
105	__protein3_rbs	2.8	0.0	0.0
105	__ribosome	31.8	0.0	0.0
105	__rnase_site_ext	15.2	0.0	0.0
105	p0	0.6	0.0	0.0
105	p2	0.6	0.0	0.0
105	protein1	413.0	14.2	2.2067522
105	protein2	383.8	14.6	1.9382142
105	protein3	110.6	4.6	1.92
105	r2	14.8	0.0	0.0
105	rnapol	0.0	0.0	0.0
106	__protein1_rbs	6.8	0.0	0.0
106	__protein2_rbs	8.8	0.0	0.0
106	__protein3_rbs	2.8	0.0	0.0
106	__ribosome	33.0	0.0	0.0
106	__rnase_site_ext	15.2	0.0	0.0
106	p0	0.8	0.0	0.0
106	p2	0.8	0.0	0.0
106	protein1	420.0	14.2	2.2050862
106	protein2	390.4	14.8	1.848011
106	protein3	112.0	4.8	1.8533332
106	r2	14.6	0.0	0.0
106	rnapol	0.0	0.0	0.0
107	__protein1_rbs	9.4	0.0	0.0
107	__protein2_rbs	9.4	0.0	0.0
107	__protein3_rbs	3.0	0.0	0.0
107	__ribosome	33.0	0.0	0.0
107	__rnase_site_ext	15.4	0.0	0.0
107	p0	1.0	0.0	0.0
107	p2	1.0	0.0	0.0
107	protein1	425.2	14.2	2.1628203999999998
107	protein2	395.8	15.0	1.8215872
107	protein3	113.8	4.8	1.92
107	r2	14.8	0.0	0.0
107	rnapol	0.0	0.0	0.0
108	__protein1_rbs	7.8	0.0	0.0
108	__protein2_rbs	9.4	0.0	0.0
108	__protein3_rbs	2.2	0.0	0.0
108	__ribosome	34.6	0.0	0.0
108	__rnase_site_ext	15.6	0.0	0.0
108	p0	0.8	0.0	0.0
108	p2	1.0	0.0	0.0
108	protein1	433.0	14.4	1.9934068000000005
108	protein2	400.8	15.0	1.8438096
108	protein3	116.2	4.4	2.3428572
108	r2	14.4	0.0	0.0
108	rnapol	0.2	0.0	0.0
109	__protein1_rbs	8.8	0.0	0.0
109	__protein2_rbs	8.6	0.0	0.0
109	__protein3_rbs	2.6	0.0	0.0
109	__ribosome	33.0	0.0	0.0
109	__rnase_site_ext	15.0	0.0	0.0
109	p0	1.0	0.0	0.0
109	p2	0.8	0.0	0.0
109	protein1	438.8	14.4	1.958364
109	protein2	405.8	15.2	1.9190478
109	protein3	117.6	4.4	2.5095240000000003
109	r2	14.2	0.0	0.0
109	rnapol	0.4	0.0	0.0
110	__protein1_rbs	9.6	0.0	0.0
110	__protein2_rbs	9.2	0.0	0.0
110	__protein3_rbs	2.2	0.0	0.0
110	__ribosome	31.6	0.0	0.0
110	__rnase_site_ext	14.8	0.0	0.0
110	p0	1.0	0.0	0.0
110	p2	0.8	0.0	0.0
110	protein1	444.0	14.2	1.970416
110	protein2	411.2	15.2	2.008889
110	protein3	119.4	4.4	2.5285714
110	r2	14.0	0.0	0.0
110	rnapol	0.6	0.0	0.0
111	__protein1_rbs	8.8	0.0	0.0
111	__protein2_rbs	8.6	0.0	0.0
111	__protein3_rbs	2.2	0.0	0.0
111	__ribosome	31.0	0.0	0.0
111	__rnase_site_ext	14.6	0.0	0.0
111	p0	0.2	0.0	0.0
111	p2	1.0	0.0	0.0
111	protein1	450.6	13.8	1.953743
111	protein2	416.2	15.2	2.1162638
111	protein3	121.4	4.6	2.5104762000000003
111	r2	14.0	0.0	0.0
111	rnapol	0.2	0.0	0.0
112	__protein1_rbs	8.4	0.0	0.0
112	__protein2_rbs	8.8	0.0	0.0
112	__protein3_rbs	2.0	0.0	0.0
112	__ribosome	32.2	0.0	0.0
112	__rnase_site_ext	15.0	0.0	0.0
112	p0	0.8	0.0	0.0
112	p2	1.0	0.0	0.0
112	protein1	456.0	13.6	1.9659916000000002
112	protein2	423.2	15.4	2.05873
112	protein3	123.8	4.6	2.3504762
112	r2	14.0	0.0	0.0
112	rnapol	0.2	0.0	0.0
113	__protein1_rbs	9.2	0.0	0.0
113	__protein2_rbs	9.0	0.0	0.0
113	__protein3_rbs	2.4	0.0	0.0
113	__ribosome	33.2	0.0	0.0
113	__rnase_site_ext	15.4	0.0	0.0
113	p0	0.8	0.0	0.0
113	p2	1.0	0.0	0.0
113	protein1	462.0	14.0	1.7813686000000002
113	protein2	429.2	15.6	2.0568252
113	protein3	126.2	4.6	2.2638094000000004
113	r2	14.0	0.0	0.0
113	rnapol	0.0	0.0	0.0
114	__protein1_rbs	8.2	0.0	0.0
114	__protein2_rbs	8.8	0.0	0.0
114	__protein3_rbs	3.8	0.0	0.0
114	__ribosome	33.8	0.0	0.0
114	__rnase_site_ext	15.6	0.0	0.0
114	p0	0.8	0.0	0.0
114	p2	1.0	0.0	0.0
114	protein1	469.0	14.4	1.6905176000000002
114	protein2	435.4	15.8	2.0541666000000003
114	protein3	127.8	4.6	2.0857142
114	r2	14.2	0.0	0.0
114	rnapol	0.0	0.0	0.0
115	__protein1_rbs	7.8	0.0	0.0
115	__protein2_rbs	8.4	0.0	0.0
115	__protein3_rbs	2.4	0.0	0.0
115	__ribosome	30.6	0.0	0.0
115	__rnase_site_ext	15.4	0.0	0.0
115	p0	1.0	0.0	0.0
115	p2	0.6	0.0	0.0
115	protein1	472.8	14.4	1.8989402
115	protein2	442.8	15.4	2.1129364
115	protein3	130.0	4.6	2.3
115	r2	14.0	0.0	0.0
115	rnapol	0.0	0.0	0.0
116	__protein1_rbs	9.4	0.0	0.0
116	__protein2_rbs	10.4	0.0	0.0
116	__protein3_rbs	2.4	0.0	0.0
116	__ribosome	31.4	0.0	0.0
116	__rnase_site_ext	15.0	0.0	0.0
116	p0	1.0	0.0	0.0
116	p2	0.8	0.0	0.0
116	protein1	478.0	14.4	1.8982684
116	protein2	448.8	15.6	2.0186508
116	protein3	132.0	4.6	2.2666666
116	r2	14.0	0.0	0.0
116	rnapol	0.0	0.0	0.0
117	__protein1_rbs	8.0	0.0	0.0
117	__protein2_rbs	8.6	0.0	0.0
117	__protein3_rbs	2.6	0.0	0.0
117	__ribosome	31.2	0.0	0.0
117	__rnase_site_ext	15.0	0.0	0.0
117	p0	0.8	0.0	0.0
117	p2	0.8	0.0	0.0
117	protein1	483.4	14.0	1.9800300000000004
117	protein2	455.6	15.8	1.9899601999999998
117	protein3	134.0	4.8	2.3285714
117	r2	14.4	0.0	0.0
117	rnapol	0.0	0.0	0.0
118	__protein1_rbs	9.2	0.0	0.0
118	__protein2_rbs	9.6	0.0	0.0
118	__protein3_rbs	2.8	0.0	0.0
118	__ribosome	32.0	0.0	0.0
118	__rnase_site_ext	15.0	0.0	0.0
118	p0	0.6	0.0	0.0
118	p2	1.0	0.0	0.0
118	protein1	488.2	14.0	1.9620813999999998
118	protein2	461.8	15.8	1.9975
118	protein3	136.6	4.6	2.0171428
118	r2	14.6	0.0	0.0
118	rnapol	0.0	0.0	0.0
119	__protein1_rbs	6.6	0.0	0.0
119	__protein2_rbs	8.8	0.0	0.0
119	__protein3_rbs	2.2	0.0	0.0
119	__ribosome	28.8	0.0	0.0
119	__rnase_site_ext	15.4	0.0	0.0
119	p0	0.8	0.0	0.0
119	p2	1.0	0.0	0.0
119	protein1	493.8	14.0	2.1142857999999998
119	protein2	468.4	15.4	2.0387698
119	protein3	137.6	4.6	2.3928572
119	r2	14.8	0.0	0.0
119	rnapol	0.0	0.0	0.0
120	__protein1_rbs	7.4	0.0	0.0
120	__protein2_rbs	9.2	0.0	0.0
120	__protein3_rbs	2.6	0.0	0.0
120	__ribosome	31.4	0.0	0.0
120	__rnase_site_ext	15.2	0.0	0.0
120	p0	0.6	0.0	0.0
120	p2	1.0	0.0	0.0
120	protein1	501.0	14.4	1.9775468
120	protein2	475.6	15.8	1.9245448
120	protein3	140.2	4.6	2.0628572
120	r2	15.0	0.0	0.0
120	rnapol	0.0	0.0	0.0
121	__protein1_rbs	8.0	0.0	0.0
121	__protein2_rbs	9.8	0.0	0.0
121	__protein3_rbs	3.2	0.0	0.0
121	__ribosome	29.2	0.0	0.0
121	__rnase_site_ext	15.6	0.0	0.0
121	p0	0.8	0.0	0.0
121	p2	1.0	0.0	0.0
121	protein1	505.6	14.2	2.1422354
121	protein2	481.4	16.4	1.92179
121	protein3	142.4	4.6	2.0442858
121	r2	15.0	0.0	0.0
121	rnapol	0.2	0.0	0.0
122	__protein1_rbs	10.0	0.0	0.0
122	__protein2_rbs	11.2	0.0	0.0
122	__protein3_rbs	2.2	0.0	0.0
122	__ribosome	32.2	0.0	0.0
122	__rnase_site_ext	15.6	0.0	0.0
122	p0	0.6	0.0	0.0
122	p2	1.0	0.0	0.0
122	protein1	512.0	14.6	1.9685714
122	protein2	487.8	16.0	1.8721176
122	protein3	144.6	4.6	2.0828572000000003
122	r2	15.2	0.0	0.0
122	rnapol	0.4	0.0	0.0
123	__protein1_rbs	7.8	0.0	0.0
123	__protein2_rbs	8.8	0.0	0.0
123	__protein3_rbs	2.2	0.0	0.0
123	__ribosome	28.2	0.0	0.0
123	__rnase_site_ext	15.8	0.0	0.0
123	p0	0.8	0.0	0.0
123	p2	1.0	0.0	0.0
123	protein1	517.2	14.6	2.0592436000000003
123	protein2	493.4	16.2	1.9991542000000002
123	protein3	146.4	4.6	2.0957142
123	r2	15.2	0.0	0.0
123	rnapol	0.0	0.0	0.0
124	__protein1_rbs	8.8	0.0	0.0
124	__protein2_rbs	11.4	0.0	0.0
124	__protein3_rbs	2.8	0.0	0.0
124	__ribosome	32.6	0.0	0.0
124	__rnase_site_ext	16.2	0.0	0.0
124	p0	0.8	0.0	0.0
124	p2	1.0	0.0	0.0
124	protein1	523.8	15.0	1.9684522
124	protein2	500.6	16.0	1.8523278
124	protein3	149.0	4.6	1.98
124	r2	15.2	0.0	0.0
124	rnapol	0.2	0.0	0.0
125	__protein1_rbs	10.4	0.0	0.0
125	__protein2_rbs	8.8	0.0	0.0
125	__protein3_rbs	2.2	0.0	0.0
125	__ribosome	32.8	0.0	0.0
125	__rnase_site_ext	16.6	0.0	0.0
125	p0	0.8	0.0	0.0
125	p2	0.8	0.0	0.0
125	protein1	530.8	15.2	1.8081991999999998
125	protein2	507.4	16.0	1.8926114
125	protein3	150.0	4.6	2.2685714
125	r2	15.6	0.0	0.0
125	rnapol	0.0	0.0	0.0
126	__protein1_rbs	10.6	0.0	0.0
126	__protein2_rbs	8.0	0.0	0.0
126	__protein3_rbs	2.6	0.0	0.0
126	__ribosome	31.6	0.0	0.0
126	__rnase_site_ext	16.0	0.0	0.0
126	p0	1.0	0.0	0.0
126	p2	1.0	0.0	0.0
126	protein1	536.2	15.6	1.7519759999999998
126	protein2	513.2	15.4	2.0707892
126	protein3	152.2	4.6	2.17
126	r2	15.8	0.0	0.0
126	rnapol	0.0	0.0	0.0
127	__protein1_rbs	7.8	0.0	0.0
127	__protein2_rbs	9.4	0.0	0.0
127	__protein3_rbs	3.8	0.0	0.0
127	__ribosome	30.0	0.0	0.0
127	__rnase_site_ext	15.6	0.0	0.0
127	p0	0.8	0.0	0.0
127	p2	0.6	0.0	0.0
127	protein1	541.4	15.0	2.0051586
127	protein2	519.0	15.6	2.0883334
127	protein3	154.8	4.8	1.7623807999999996
127	r2	15.8	0.0	0.0
127	rnapol	0.2	0.0	0.0
128	__protein1_rbs	8.2	0.0	0.0
128	__protein2_rbs	11.0	0.0	0.0
128	__protein3_rbs	3.4	0.0	0.0
128	__ribosome	32.2	0.0	0.0
128	__rnase_site_ext	16.0	0.0	0.0
128	p0	1.0	0.0	0.0
128	p2	0.6	0.0	0.0
128	protein1	548.2	14.6	2.0409286
128	protein2	526.0	15.4	1.9682894
128	protein3	156.0	5.0	1.6723807999999998
128	r2	15.8	0.0	0.0
128	rnapol	0.2	0.0	0.0
129	__protein1_rbs	9.6	0.0	0.0
129	__protein2_rbs	9.2	0.0	0.0
129	__protein3_rbs	3.0	0.0	0.0
129	__ribosome	31.4	0.0	0.0
129	__rnase_site_ext	15.8	0.0	0.0
129	p0	1.0	0.0	0.0
129	p2	0.8	0.0	0.0
129	protein1	553.2	15.0	2.0002362000000002
129	protein2	530.8	15.8	2.0172326000000003
129	protein3	158.6	5.2	1.5133333999999998
129	r2	15.6	0.0	0.0
129	rnapol	0.2	0.0	0.0
130	__protein1_rbs	9.4	0.0	0.0
130	__protein2_rbs	8.4	0.0	0.0
130	__protein3_rbs	4.2	0.0	0.0
130	__ribosome	30.6	0.0	0.0
130	__rnase_site_ext	15.8	0.0	0.0
130	p0	0.8	0.0	0.0
130	p2	0.8	0.0	0.0
130	protein1	558.8	15.0	2.021723
130	protein2	538.0	16.0	2.0226243999999998
130	protein3	160.0	5.4	1.4228572
130	r2	15.4	0.0	0.0
130	rnapol	0.0	0.0	0.0
131	__protein1_rbs	8.2	0.0	0.0
131	__protein2_rbs	10.0	0.0	0.0
131	__protein3_rbs	2.6	0.0	0.0
131	__ribosome	31.2	0.0	0.0
131	__rnase_site_ext	15.8	0.0	0.0
131	p0	0.8	0.0	0.0
131	p2	0.8	0.0	0.0
131	protein1	565.4	14.8	2.0402806
131	protein2	545.8	16.2	1.9293814
131	protein3	162.4	5.4	1.4914286
131	r2	15.4	0.0	0.0
131	rnapol	0.0	0.0	0.0
132	__protein1_rbs	10.6	0.0	0.0
132	__protein2_rbs	9.0	0.0	0.0
132	__protein3_rbs	3.6	0.0	0.0
132	__ribosome	30.0	0.0	0.0
132	__rnase_site_ext	16.0	0.0	0.0
132	p0	1.0	0.0	0.0
132	p2	1.0	0.0	0.0
132	protein1	571.4	15.0	1.955366
132	protein2	551.4	16.2	2.0079186
132	protein3	163.6	5.6	1.6592858
132	r2	15.6	0.0	0.0
132	rnapol	0.0	0.0	0.0
133	__protein1_rbs	9.0	0.0	0.0
133	__protein2_rbs	10.2	0.0	0.0
133	__protein3_rbs	4.6	0.0	0.0
133	__ribosome	31.4	0.0	0.0
133	__rnase_site_ext	15.8	0.0	0.0
133	p0	0.8	0.0	0.0
133	p2	0.8	0.0	0.0
133	protein1	578.8	15.2	1.869763
133	protein2	557.8	15.8	2.0424954
133	protein3	164.8	5.6	1.5928572
133	r2	15.8	0.0	0.0
133	rnapol	0.0	0.0	0.0
134	__protein1_rbs	9.0	0.0	0.0
134	__protein2_rbs	9.4	0.0	0.0
134	__protein3_rbs	3.4	0.0	0.0
134	__ribosome	30.2	0.0	0.0
134	__rnase_site_ext	16.0	0.0	0.0
134	p0	0.4	0.0	0.0
134	p2	0.8	0.0	0.0
134	protein1	583.6	14.8	1.9844338
134	protein2	563.8	16.0	2.0532954000000005
134	protein3	167.0	5.6	1.5492858
134	r2	16.0	0.0	0.0
134	rnapol	0.0	0.0	0.0
135	__protein1_rbs	9.4	0.0	0.0
135	__protein2_rbs	9.4	0.0	0.0
135	__protein3_rbs	3.4	0.0	0.0
135	__ribosome	31.6	0.0	0.0
135	__rnase_site_ext	16.4	0.0	0.0
135	p0	0.8	0.0	0.0
135	p2	1.0	0.0	0.0
135	protein1	590.4	14.8	1.9291268
135	protein2	571.2	16.0	1.9813258
135	protein3	169.0	5.8	1.5845238000000001
135	r2	16.2	0.0	0.0
135	rnapol	0.4	0.0	0.0
136	__protein1_rbs	9.8	0.0	0.0
136	__protein2_rbs	9.2	0.0	0.0
136	__protein3_rbs	3.2	0.0	0.0
136	__ribosome	29.6	0.0	0.0
136	__rnase_site_ext	16.8	0.0	0.0
136	p0	0.8	0.0	0.0
136	p2	0.8	0.0	0.0
136	protein1	595.8	15.4	1.9256372
136	protein2	578.2	16.2	1.9768746
136	protein3	170.6	5.8	1.639762
136	r2	16.4	0.0	0.0
136	rnapol	0.2	0.0	0.0
137	__protein1_rbs	9.4	0.0	0.0
137	__protein2_rbs	9.2	0.0	0.0
137	__protein3_rbs	4.0	0.0	0.0
137	__ribosome	29.6	0.0	0.0
137	__rnase_site_ext	16.6	0.0	0.0
137	p0	0.6	0.0	0.0
137	p2	1.0	0.0	0.0
137	protein1	602.6	15.6	1.8682692
137	protein2	585.0	16.0	1.9628846000000002
137	protein3	172.0	6.0	1.7116665999999998
137	r2	15.8	0.0	0.0
137	rnapol	0.2	0.0	0.0
138	__protein1_rbs	8.8	0.0	0.0
138	__protein2_rbs	10.6	0.0	0.0
138	__protein3_rbs	2.8	0.0	0.0
138	__ribosome	29.0	0.0	0.0
138	__rnase_site_ext	16.8	0.0	0.0
138	p0	0.8	0.0	0.0
138	p2	0.8	0.0	0.0
138	protein1	608.8	15.8	1.8322736000000002
138	protein2	591.4	16.0	1.9753846000000002
138	protein3	174.0	6.0	1.8230952
138	r2	15.6	0.0	0.0
138	rnapol	0.2	0.0	0.0
139	__protein1_rbs	9.6	0.0	0.0
139	__protein2_rbs	11.2	0.0	0.0
139	__protein3_rbs	4.2	0.0	0.0
139	__ribosome	28.2	0.0	0.0
139	__rnase_site_ext	16.8	0.0	0.0
139	p0	1.0	0.0	0.0
139	p2	0.6	0.0	0.0
139	protein1	614.4	15.8	1.8822526
139	protein2	597.0	16.2	1.981832
139	protein3	176.0	6.0	1.7814286
139	r2	15.6	0.0	0.0
139	rnapol	0.2	0.0	0.0
140	__protein1_rbs	12.2	0.0	0.0
140	__protein2_rbs	9.8	0.0	0.0
140	__protein3_rbs	3.0	0.0	0.0
140	__ribosome	31.0	0.0	0.0
140	__rnase_site_ext	16.6	0.0	0.0
140	p0	0.8	0.0	0.0
140	p2	0.8	0.0	0.0
140	protein1	619.6	15.8	1.7819504000000002
140	protein2	604.6	16.2	1.9123512
140	protein3	179.0	6.2	1.7892858
140	r2	15.4	0.0	0.0
140	rnapol	0.2	0.0	0.0
141	__protein1_rbs	8.8	0.0	0.0
141	__protein2_rbs	11.2	0.0	0.0
141	__protein3_rbs	4.2	0.0	0.0
141	__ribosome	30.4	0.0	0.0
141	__rnase_site_ext	17.2	0.0	0.0
141	p0	1.0	0.0	0.0
141	p2	0.8	0.0	0.0
141	protein1	626.6	15.8	1.814423
141	protein2	610.8	16.0	1.9667852000000003
141	protein3	180.8	6.0	1.9357142
141	r2	15.6	0.0	0.0
141	rnapol	0.2	0.0	0.0
142	__protein1_rbs	10.0	0.0	0.0
142	__protein2_rbs	9.6	0.0	0.0
142	__protein3_rbs	4.2	0.0	0.0
142	__ribosome	30.4	0.0	0.0
142	__rnase_site_ext	16.8	0.0	0.0
142	p0	0.8	0.0	0.0
142	p2	1.0	0.0	0.0
142	protein1	631.8	16.2	1.819179
142	protein2	618.4	15.8	1.8875466
142	protein3	182.8	6.2	2.0849206000000002
142	r2	15.8	0.0	0.0
142	rnapol	0.2	0.0	0.0
143	__protein1_rbs	10.4	0.0	0.0
143	__protein2_rbs	10.0	0.0	0.0
143	__protein3_rbs	3.8	0.0	0.0
143	__ribosome	30.8	0.0	0.0
143	__rnase_site_ext	17.4	0.0	0.0
143	p0	0.8	0.0	0.0
143	p2	1.0	0.0	0.0
143	protein1	638.4	16.2	1.7506852000000002
143	protein2	624.4	16.2	1.8656396
143	protein3	185.0	6.0	2.1726192
143	r2	15.4	0.0	0.0
143	rnapol	0.2	0.0	0.0
144	__protein1_rbs	10.0	0.0	0.0
144	__protein2_rbs	10.0	0.0	0.0
144	__protein3_rbs	4.0	0.0	0.0
144	__ribosome	30.4	0.0	0.0
144	__rnase_site_ext	17.2	0.0	0.0
144	p0	1.0	0.0	0.0
144	p2	0.8	0.0	0.0
144	protein1	644.0	16.2	1.7855462000000002
144	protein2	630.4	16.2	1.8736006
144	protein3	187.6	5.8	1.9535714
144	r2	15.8	0.0	0.0
144	rnapol	0.2	0.0	0.0
145	__protein1_rbs	10.6	0.0	0.0
145	__protein2_rbs	10.4	0.0	0.0
145	__protein3_rbs	4.2	0.0	0.0
145	__ribosome	31.4	0.0	0.0
145	__rnase_site_ext	17.4	0.0	0.0
145	p0	0.6	0.0	0.0
145	p2	1.0	0.0	0.0
145	protein1	649.8	16.4	1.7596011999999999
145	protein2	636.4	16.6	1.8295238
145	protein3	190.0	5.6	1.775
145	r2	15.2	0.0	0.0
145	rnapol	0.2	0.0	0.0
146	__protein1_rbs	8.6	0.0	0.0
146	__protein2_rbs	10.0	0.0	0.0
146	__protein3_rbs	3.4	0.0	0.0
146	__ribosome	29.4	0.0	0.0
146	__rnase_site_ext	17.6	0.0	0.0
146	p0	0.8	0.0	0.0
146	p2	1.0	0.0	0.0
146	protein1	656.6	16.6	1.8040868
146	protein2	642.8	16.6	1.8456514
146	protein3	192.0	5.8	1.8023810000000002
146	r2	15.2	0.0	0.0
146	rnapol	0.2	0.0	0.0
147	__protein1_rbs	10.8	0.0	0.0
147	__protein2_rbs	9.6	0.0	0.0
147	__protein3_rbs	4.2	0.0	0.0
147	__ribosome	29.0	0.0	0.0
147	__rnase_site_ext	17.0	0.0	0.0
147	p0	1.0	0.0	0.0
147	p2	1.0	0.0	0.0
147	protein1	662.0	16.6	1.8565476000000003
147	protein2	649.8	16.8	1.8689286
147	protein3	195.0	5.6	1.647619
147	r2	15.6	0.0	0.0
147	rnapol	0.4	0.0	0.0
148	__protein1_rbs	10.2	0.0	0.0
148	__protein2_rbs	9.4	0.0	0.0
148	__protein3_rbs	3.4	0.0	0.0
148	__ribosome	27.0	0.0	0.0
148	__rnase_site_ext	17.6	0.0	0.0
148	p0	0.4	0.0	0.0
148	p2	1.0	0.0	0.0
148	protein1	668.4	16.6	1.8820569999999999
148	protein2	656.2	16.4	2.0184872
148	protein3	196.8	5.4	1.8380954
148	r2	15.6	0.0	0.0
148	rnapol	0.0	0.0	0.0
149	__protein1_rbs	11.6	0.0	0.0
149	__protein2_rbs	10.6	0.0	0.0
149	__protein3_rbs	4.2	0.0	0.0
149	__ribosome	27.8	0.0	0.0
149	__rnase_site_ext	17.8	0.0	0.0
149	p0	0.6	0.0	0.0
149	p2	1.0	0.0	0.0
149	protein1	674.4	16.8	1.8583152
149	protein2	661.6	16.8	2.0322221999999996
149	protein3	199.4	5.4	1.5714284000000005
149	r2	15.6	0.0	0.0
149	rnapol	0.0	0.0	0.0
150	__protein1_rbs	12.0	0.0	0.0
150	__protein2_rbs	11.2	0.0	0.0
150	__protein3_rbs	2.8	0.0	0.0
150	__ribosome	30.2	0.0	0.0
150	__rnase_site_ext	18.0	0.0	0.0
150	p0	1.0	0.0	0.0
150	p2	1.0	0.0	0.0
150	protein1	681.6	17.0	1.709661
150	protein2	668.8	16.8	1.9671428
150	protein3	201.6	5.4	1.6190478000000001
150	r2	15.8	0.0	0.0
150	rnapol	0.2	0.0	0.0
151	__protein1_rbs	10.2	0.0	0.0
151	__protein2_rbs	10.2	0.0	0.0
151	__protein3_rbs	2.8	0.0	0.0
151	__ribosome	26.8	0.0	0.0
151	__rnase_site_ext	18.2	0.0	0.0
151	p0	0.4	0.0	0.0
151	p2	0.6	0.0	0.0
151	protein1	688.2	17.4	1.7210458
151	protein2	674.2	17.0	2.038095
151	protein3	203.0	5.0	1.9047620000000005
151	r2	15.6	0.0	0.0
151	rnapol	0.0	0.0	0.0
152	__protein1_rbs	10.4	0.0	0.0
152	__protein2_rbs	9.4	0.0	0.0
152	__protein3_rbs	4.0	0.0	0.0
152	__ribosome	28.6	0.0	0.0
152	__rnase_site_ext	18.2	0.0	0.0
152	p0	1.0	0.0	0.0
152	p2	0.8	0.0	0.0
152	protein1	694.2	17.4	1.7333093999999998
152	protein2	683.4	17.0	1.9476189999999998
152	protein3	204.8	5.2	1.592857
152	r2	15.6	0.0	0.0
152	rnapol	0.0	0.0	0.0
153	__protein1_rbs	11.8	0.0	0.0
153	__protein2_rbs	10.4	0.0	0.0
153	__protein3_rbs	3.8	0.0	0.0
153	__ribosome	29.6	0.0	0.0
153	__rnase_site_ext	18.2	0.0	0.0
153	p0	1.0	0.0	0.0
153	p2	0.8	0.0	0.0
153	protein1	701.0	17.6	1.6712301999999999
153	protein2	690.2	17.2	1.9112342
153	protein3	206.2	5.4	1.6309526
153	r2	15.6	0.0	0.0
153	rnapol	0.0	0.0	0.0
154	__protein1_rbs	10.6	0.0	0.0
154	__protein2_rbs	11.4	0.0	0.0
154	__protein3_rbs	3.2	0.0	0.0
154	__ribosome	27.8	0.0	0.0
154	__rnase_site_ext	18.0	0.0	0.0
154	p0	1.0	0.0	0.0
154	p2	0.8	0.0	0.0
154	protein1	705.8	17.4	1.8402778
154	protein2	697.4	17.2	1.838952
154	protein3	208.2	5.4	1.6809526000000001
154	r2	15.2	0.0	0.0
154	rnapol	0.0	0.0	0.0
155	__protein1_rbs	11.2	0.0	0.0
155	__protein2_rbs	9.2	0.0	0.0
155	__protein3_rbs	3.4	0.0	0.0
155	__ribosome	27.4	0.0	0.0
155	__rnase_site_ext	18.0	0.0	0.0
155	p0	1.0	0.0	0.0
155	p2	0.8	0.0	0.0
155	protein1	712.0	17.2	1.8576962
155	protein2	704.2	17.4	1.901951
155	protein3	211.2	5.4	1.5333332
155	r2	15.0	0.0	0.0
155	rnapol	0.2	0.0	0.0
156	__protein1_rbs	11.2	0.0	0.0
156	__protein2_rbs	13.6	0.0	0.0
156	__protein3_rbs	3.2	0.0	0.0
156	__ribosome	27.4	0.0	0.0
156	__rnase_site_ext	18.0	0.0	0.0
156	p0	0.8	0.0	0.0
156	p2	0.8	0.0	0.0
156	protein1	719.4	17.2	1.8234152
156	protein2	709.8	17.8	1.8624462
156	protein3	212.8	5.4	1.7440476000000003
156	r2	15.4	0.0	0.0
156	rnapol	0.0	0.0	0.0
157	__protein1_rbs	11.0	0.0	0.0
157	__protein2_rbs	12.4	0.0	0.0
157	__protein3_rbs	3.8	0.0	0.0
157	__ribosome	28.8	0.0	0.0
157	__rnase_site_ext	17.8	0.0	0.0
157	p0	1.0	0.0	0.0
157	p2	1.0	0.0	0.0
157	protein1	726.0	17.2	1.815376
157	protein2	717.2	17.8	1.7818669999999999
157	protein3	214.2	5.4	1.7785714
157	r2	15.2	0.0	0.0
157	rnapol	0.4	0.0	0.0
158	__protein1_rbs	11.8	0.0	0.0
158	__protein2_rbs	11.6	0.0	0.0
158	__protein3_rbs	4.2	0.0	0.0
158	__ribosome	29.6	0.0	0.0
158	__rnase_site_ext	17.6	0.0	0.0
158	p0	0.8	0.0	0.0
158	p2	0.8	0.0	0.0
158	protein1	732.4	16.8	1.8347968000000001
158	protein2	723.2	18.0	1.812528
158	protein3	216.8	5.2	1.5580952
158	r2	15.6	0.0	0.0
158	rnapol	0.2	0.0	0.0
159	__protein1_rbs	10.0	0.0	0.0
159	__protein2_rbs	12.0	0.0	0.0
159	__protein3_rbs	2.4	0.0	0.0
159	__ribosome	30.0	0.0	0.0
159	__rnase_site_ext	17.8	0.0	0.0
159	p0	0.6	0.0	0.0
159	p2	0.8	0.0	0.0
159	protein1	739.4	16.8	1.8313526000000002
159	protein2	731.4	18.4	1.6917466
159	protein3	218.4	5.0	1.7761904000000002
159	r2	15.8	0.0	0.0
159	rnapol	0.2	0.0	0.0
160	__protein1_rbs	10.2	0.0	0.0
160	__protein2_rbs	10.6	0.0	0.0
160	__protein3_rbs	4.0	0.0	0.0
160	__ribosome	29.0	0.0	0.0
160	__rnase_site_ext	17.8	0.0	0.0
160	p0	0.8	0.0	0.0
160	p2	1.0	0.0	0.0
160	protein1	745.6	16.6	1.872996
160	protein2	738.6	18.6	1.7498085999999995
160	protein3	220.2	5.2	1.5857143999999999
160	r2	15.8	0.0	0.0
160	rnapol	0.2	0.0	0.0
161	__protein1_rbs	11.0	0.0	0.0
161	__protein2_rbs	11.4	0.0	0.0
161	__protein3_rbs	2.8	0.0	0.0
161	__ribosome	27.6	0.0	0.0
161	__rnase_site_ext	18.0	0.0	0.0
161	p0	0.6	0.0	0.0
161	p2	0.8	0.0	0.0
161	protein1	753.0	17.0	1.7548872
161	protein2	744.0	18.4	1.8717106
161	protein3	221.8	5.2	1.7214286
161	r2	16.0	0.0	0.0
161	rnapol	0.4	0.0	0.0
162	__protein1_rbs	10.4	0.0	0.0
162	__protein2_rbs	12.6	0.0	0.0
162	__protein3_rbs	3.4	0.0	0.0
162	__ribosome	28.2	0.0	0.0
162	__rnase_site_ext	18.0	0.0	0.0
162	p0	0.8	0.0	0.0
162	p2	1.0	0.0	0.0
162	protein1	759.0	16.8	1.786776
162	protein2	751.2	18.4	1.8398923999999999
162	protein3	224.0	5.4	1.7142858
162	r2	16.2	0.0	0.0
162	rnapol	0.2	0.0	0.0
163	__protein1_rbs	11.2	0.0	0.0
163	__protein2_rbs	11.8	0.0	0.0
163	__protein3_rbs	3.8	0.0	0.0
163	__ribosome	28.4	0.0	0.0
163	__rnase_site_ext	18.0	0.0	0.0
163	p0	0.4	0.0	0.0
163	p2	1.0	0.0	0.0
163	protein1	764.8	17.2	1.7283753999999998
163	protein2	757.6	18.2	1.8928826
163	protein3	226.0	5.2	1.6333334000000002
163	r2	16.6	0.0	0.0
163	rnapol	0.0	0.0	0.0
164	__protein1_rbs	10.8	0.0	0.0
164	__protein2_rbs	10.6	0.0	0.0
164	__protein3_rbs	3.6	0.0	0.0
164	__ribosome	30.4	0.0	0.0
164	__rnase_site_ext	18.4	0.0	0.0
164	p0	1.0	0.0	0.0
164	p2	0.4	0.0	0.0
164	protein1	772.4	17.2	1.673334
164	protein2	765.6	18.0	1.9078284000000003
164	protein3	228.0	5.2	1.5916666000000002
164	r2	16.6	0.0	0.0
164	rnapol	0.0	0.0	0.0
165	__protein1_rbs	10.8	0.0	0.0
165	__protein2_rbs	13.0	0.0	0.0
165	__protein3_rbs	3.4	0.0	0.0
165	__ribosome	32.2	0.0	0.0
165	__rnase_site_ext	18.2	0.0	0.0
165	p0	0.8	0.0	0.0
165	p2	0.6	0.0	0.0
165	protein1	779.0	17.6	1.7071183999999997
165	protein2	774.0	18.0	1.7307388
165	protein3	229.8	5.2	1.625
165	r2	16.8	0.0	0.0
165	rnapol	0.2	0.0	0.0
166	__protein1_rbs	10.0	0.0	0.0
166	__protein2_rbs	12.2	0.0	0.0
166	__protein3_rbs	3.4	0.0	0.0
166	__ribosome	29.2	0.0	0.0
166	__rnase_site_ext	18.0	0.0	0.0
166	p0	0.8	0.0	0.0
166	p2	0.8	0.0	0.0
166	protein1	784.0	17.2	1.8796042000000002
166	protein2	780.6	18.2	1.7207035999999998
166	protein3	232.0	5.6	1.5566666000000002
166	r2	16.6	0.0	0.0
166	rnapol	0.4	0.0	0.0
167	__protein1_rbs	13.0	0.0	0.0
167	__protein2_rbs	11.0	0.0	0.0
167	__protein3_rbs	4.2	0.0	0.0
167	__ribosome	28.6	0.0	0.0
167	__rnase_site_ext	18.0	0.0	0.0
167	p0	0.8	0.0	0.0
167	p2	1.0	0.0	0.0
167	protein1	789.8	17.4	1.7699269999999998
167	protein2	787.0	18.2	1.7776261999999998
167	protein3	233.4	5.8	1.5733334
167	r2	16.6	0.0	0.0
167	rnapol	0.0	0.0	0.0
168	__protein1_rbs	9.0	0.0	0.0
168	__protein2_rbs	10.8	0.0	0.0
168	__protein3_rbs	4.4	0.0	0.0
168	__ribosome	27.4	0.0	0.0
168	__rnase_site_ext	18.0	0.0	0.0
168	p0	0.8	0.0	0.0
168	p2	1.0	0.0	0.0
168	protein1	796.6	17.4	1.8452776000000002
168	protein2	795.0	18.4	1.7372977999999997
168	protein3	235.0	5.6	1.675
168	r2	16.6	0.0	0.0
168	rnapol	0.0	0.0	0.0
169	__protein1_rbs	11.0	0.0	0.0
169	__protein2_rbs	11.2	0.0	0.0
169	__protein3_rbs	4.0	0.0	0.0
169	__ribosome	27.2	0.0	0.0
169	__rnase_site_ext	18.2	0.0	0.0
169	p0	1.0	0.0	0.0
169	p2	1.0	0.0	0.0
169	protein1	803.8	17.4	1.8199348000000002
169	protein2	801.2	18.2	1.8015508
169	protein3	236.8	5.6	1.655
169	r2	16.4	0.0	0.0
169	rnapol	0.0	0.0	0.0
170	__protein1_rbs	9.6	0.0	0.0
170	__protein2_rbs	11.8	0.0	0.0
170	__protein3_rbs	2.4	0.0	0.0
170	__ribosome	23.8	0.0	0.0
170	__rnase_site_ext	18.0	0.0	0.0
170	p0	1.0	0.0	0.0
170	p2	1.0	0.0	0.0
170	protein1	809.8	17.6	1.9088752
170	protein2	808.0	18.6	1.7678540000000005
170	protein3	239.0	5.6	1.85
170	r2	16.6	0.0	0.0
170	rnapol	0.0	0.0	0.0
171	__protein1_rbs	12.0	0.0	0.0
171	__protein2_rbs	12.8	0.0	0.0
171	__protein3_rbs	4.2	0.0	0.0
171	__ribosome	26.2	0.0	0.0
171	__rnase_site_ext	18.2	0.0	0.0
171	p0	0.6	0.0	0.0
171	p2	1.0	0.0	0.0
171	protein1	816.2	17.4	1.880289
171	protein2	814.8	19.0	1.728961
171	protein3	241.2	5.6	1.5883334000000002
171	r2	16.6	0.0	0.0
171	rnapol	0.2	0.0	0.0
172	__protein1_rbs	11.0	0.0	0.0
172	__protein2_rbs	10.6	0.0	0.0
172	__protein3_rbs	4.4	0.0	0.0
172	__ribosome	25.4	0.0	0.0
172	__rnase_site_ext	18.4	0.0	0.0
172	p0	0.8	0.0	0.0
172	p2	0.8	0.0	0.0
172	protein1	822.4	17.4	1.8836324
172	protein2	822.0	18.8	1.835209
172	protein3	243.0	5.6	1.5066666000000002
172	r2	17.2	0.0	0.0
172	rnapol	0.2	0.0	0.0
173	__protein1_rbs	11.4	0.0	0.0
173	__protein2_rbs	11.8	0.0	0.0
173	__protein3_rbs	4.0	0.0	0.0
173	__ribosome	26.6	0.0	0.0
173	__rnase_site_ext	18.4	0.0	0.0
173	p0	0.8	0.0	0.0
173	p2	0.8	0.0	0.0
173	protein1	830.8	18.0	1.7388976000000003
173	protein2	828.8	18.8	1.8624599999999998
173	protein3	245.0	5.6	1.41
173	r2	16.6	0.0	0.0
173	rnapol	0.4	0.0	0.0
174	__protein1_rbs	10.8	0.0	0.0
174	__protein2_rbs	13.4	0.0	0.0
174	__protein3_rbs	3.0	0.0	0.0
174	__ribosome	26.6	0.0	0.0
174	__rnase_site_ext	18.4	0.0	0.0
174	p0	0.6	0.0	0.0
174	p2	0.8	0.0	0.0
174	protein1	837.6	17.6	1.7858332
174	protein2	836.4	18.8	1.7655302
174	protein3	246.4	5.8	1.6535714
174	r2	16.4	0.0	0.0
174	rnapol	0.2	0.0	0.0
175	__protein1_rbs	11.2	0.0	0.0
175	__protein2_rbs	10.6	0.0	0.0
175	__protein3_rbs	3.6	0.0	0.0
175	__ribosome	26.0	0.0	0.0
175	__rnase_site_ext	18.8	0.0	0.0
175	p0	1.0	0.0	0.0
175	p2	0.8	0.0	0.0
175	protein1	844.0	17.8	1.7372058000000001
175	protein2	843.4	18.8	1.8519168
175	protein3	249.8	5.6	1.6685714
175	r2	16.8	0.0	0.0
175	rnapol	0.0	0.0	0.0
176	__protein1_rbs	11.8	0.0	0.0
176	__protein2_rbs	13.0	0.0	0.0
176	__protein3_rbs	4.0	0.0	0.0
176	__ribosome	26.8	0.0	0.0
176	__rnase_site_ext	19.0	0.0	0.0
176	p0	0.8	0.0	0.0
176	p2	1.0	0.0	0.0
176	protein1	851.2	18.2	1.6784658
176	protein2	850.2	19.0	1.7508152
176	protein3	251.2	5.8	1.7160316000000002
176	r2	17.0	0.0	0.0
176	rnapol	0.0	0.0	0.0
177	__protein1_rbs	11.2	0.0	0.0
177	__protein2_rbs	11.0	0.0	0.0
177	__protein3_rbs	4.0	0.0	0.0
177	__ribosome	24.8	0.0	0.0
177	__rnase_site_ext	19.0	0.0	0.0
177	p0	1.0	0.0	0.0
177	p2	1.0	0.0	0.0
177	protein1	856.6	18.2	1.7563812
177	protein2	858.4	18.8	1.7900236
177	protein3	252.4	5.8	1.7612697999999998
177	r2	17.4	0.0	0.0
177	rnapol	0.4	0.0	0.0
178	__protein1_rbs	12.2	0.0	0.0
178	__protein2_rbs	11.0	0.0	0.0
178	__protein3_rbs	3.4	0.0	0.0
178	__ribosome	23.6	0.0	0.0
178	__rnase_site_ext	19.0	0.0	0.0
178	p0	0.8	0.0	0.0
178	p2	0.8	0.0	0.0
178	protein1	863.8	18.4	1.7115928
178	protein2	865.8	18.6	1.8188318000000003
178	protein3	253.6	5.8	2.0798414000000003
178	r2	16.8	0.0	0.0
178	rnapol	0.4	0.0	0.0
179	__protein1_rbs	13.0	0.0	0.0
179	__protein2_rbs	11.2	0.0	0.0
179	__protein3_rbs	4.2	0.0	0.0
179	__ribosome	25.6	0.0	0.0
179	__rnase_site_ext	19.4	0.0	0.0
179	p0	0.4	0.0	0.0
179	p2	0.8	0.0	0.0
179	protein1	870.8	18.6	1.6511284
179	protein2	871.6	18.6	1.8914354
179	protein3	257.4	5.8	1.5990476
179	r2	17.2	0.0	0.0
179	rnapol	0.4	0.0	0.0
180	__protein1_rbs	11.8	0.0	0.0
180	__protein2_rbs	11.2	0.0	0.0
180	__protein3_rbs	3.6	0.0	0.0
180	__ribosome	24.6	0.0	0.0
180	__rnase_site_ext	19.4	0.0	0.0
180	p0	0.8	0.0	0.0
180	p2	1.0	0.0	0.0
180	protein1	878.2	18.6	1.6396051999999999
180	protein2	879.8	18.8	1.8549498
180	protein3	258.8	6.0	1.7769841999999998
180	r2	17.2	0.0	0.0
180	rnapol	0.2	0.0	0.0
181	__protein1_rbs	13.4	0.0	0.0
181	__protein2_rbs	12.0	0.0	0.0
181	__protein3_rbs	3.6	0.0	0.0
181	__ribosome	23.8	0.0	0.0
181	__rnase_site_ext	19.6	0.0	0.0
181	p0	0.4	0.0	0.0
181	p2	1.0	0.0	0.0
181	protein1	884.6	18.6	1.6203948
181	protein2	886.4	19.0	1.8967858
181	protein3	261.2	6.0	1.75
181	r2	17.4	0.0	0.0
181	rnapol	0.0	0.0	0.0
182	__protein1_rbs	11.4	0.0	0.0
182	__protein2_rbs	12.0	0.0	0.0
182	__protein3_rbs	3.0	0.0	0.0
182	__ribosome	23.2	0.0	0.0
182	__rnase_site_ext	19.6	0.0	0.0
182	p0	1.0	0.0	0.0
182	p2	0.8	0.0	0.0
182	protein1	890.6	19.0	1.6599439999999999
182	protein2	894.8	18.8	1.8420906000000004
182	protein3	263.4	6.0	1.8174602
182	r2	17.4	0.0	0.0
182	rnapol	0.0	0.0	0.0
183	__protein1_rbs	12.4	0.0	0.0
183	__protein2_rbs	13.0	0.0	0.0
183	__protein3_rbs	4.6	0.0	0.0
183	__ribosome	24.6	0.0	0.0
183	__rnase_site_ext	19.8	0.0	0.0
183	p0	1.0	0.0	0.0
183	p2	0.6	0.0	0.0
183	protein1	897.8	19.2	1.6221916
183	protein2	901.0	19.2	1.8086650000000002
183	protein3	266.0	6.0	1.6619047999999998
183	r2	17.0	0.0	0.0
183	rnapol	0.2	0.0	0.0
184	__protein1_rbs	12.4	0.0	0.0
184	__protein2_rbs	13.8	0.0	0.0
184	__protein3_rbs	4.0	0.0	0.0
184	__ribosome	24.6	0.0	0.0
184	__rnase_site_ext	19.6	0.0	0.0
184	p0	0.8	0.0	0.0
184	p2	1.0	0.0	0.0
184	protein1	904.0	19.2	1.6721277999999995
184	protein2	909.0	19.0	1.7335331999999999
184	protein3	267.8	6.2	1.6907142
184	r2	17.2	0.0	0.0
184	rnapol	0.0	0.0	0.0
185	__protein1_rbs	14.6	0.0	0.0
185	__protein2_rbs	10.8	0.0	0.0
185	__protein3_rbs	3.0	0.0	0.0
185	__ribosome	26.6	0.0	0.0
185	__rnase_site_ext	19.6	0.0	0.0
185	p0	0.6	0.0	0.0
185	p2	1.0	0.0	0.0
185	protein1	911.0	19.0	1.565836
185	protein2	917.8	19.0	1.7283453999999998
185	protein3	270.2	6.0	1.86
185	r2	17.2	0.0	0.0
185	rnapol	0.0	0.0	0.0
186	__protein1_rbs	11.8	0.0	0.0
186	__protein2_rbs	13.6	0.0	0.0
186	__protein3_rbs	4.2	0.0	0.0
186	__ribosome	28.4	0.0	0.0
186	__rnase_site_ext	20.0	0.0	0.0
186	p0	0.8	0.0	0.0
186	p2	1.0	0.0	0.0
186	protein1	918.0	19.0	1.6007936000000003
186	protein2	925.6	19.2	1.6057894
186	protein3	273.0	6.0	1.7628571999999998
186	r2	17.0	0.0	0.0
186	rnapol	0.0	0.0	0.0
187	__protein1_rbs	11.8	0.0	0.0
187	__protein2_rbs	11.8	0.0	0.0
187	__protein3_rbs	4.0	0.0	0.0
187	__ribosome	26.4	0.0	0.0
187	__rnase_site_ext	20.0	0.0	0.0
187	p0	0.8	0.0	0.0
187	p2	1.0	0.0	0.0
187	protein1	924.8	19.4	1.6011728
187	protein2	932.2	19.2	1.6423514
187	protein3	275.0	6.0	1.8742858
187	r2	16.8	0.0	0.0
187	rnapol	0.0	0.0	0.0
188	__protein1_rbs	12.0	0.0	0.0
188	__protein2_rbs	11.8	0.0	0.0
188	__protein3_rbs	4.0	0.0	0.0
188	__ribosome	23.4	0.0	0.0
188	__rnase_site_ext	20.2	0.0	0.0
188	p0	1.0	0.0	0.0
188	p2	0.8	0.0	0.0
188	protein1	931.4	19.6	1.6546151999999998
188	protein2	937.8	19.4	1.7310192
188	protein3	277.4	6.0	1.7942858000000002
188	r2	17.0	0.0	0.0
188	rnapol	0.2	0.0	0.0
189	__protein1_rbs	12.6	0.0	0.0
189	__protein2_rbs	12.4	0.0	0.0
189	__protein3_rbs	5.0	0.0	0.0
189	__ribosome	22.2	0.0	0.0
189	__rnase_site_ext	20.6	0.0	0.0
189	p0	0.8	0.0	0.0
189	p2	1.0	0.0	0.0
189	protein1	938.0	19.6	1.7241906000000002
189	protein2	944.4	19.8	1.753885
189	protein3	279.8	6.2	1.5542856000000003
189	r2	16.8	0.0	0.0
189	rnapol	0.6	0.0	0.0
190	__protein1_rbs	14.2	0.0	0.0
190	__protein2_rbs	13.6	0.0	0.0
190	__protein3_rbs	3.8	0.0	0.0
190	__ribosome	24.0	0.0	0.0
190	__rnase_site_ext	20.8	0.0	0.0
190	p0	0.8	0.0	0.0
190	p2	1.0	0.0	0.0
190	protein1	944.4	19.8	1.6901968
190	protein2	952.6	20.0	1.6811802
190	protein3	282.4	6.0	1.5342856000000002
190	r2	16.8	0.0	0.0
190	rnapol	0.4	0.0	0.0
191	__protein1_rbs	12.6	0.0	0.0
191	__protein2_rbs	11.6	0.0	0.0
191	__protein3_rbs	5.0	0.0	0.0
191	__ribosome	24.2	0.0	0.0
191	__rnase_site_ext	20.4	0.0	0.0
191	p0	0.8	0.0	0.0
191	p2	1.0	0.0	0.0
191	protein1	952.2	20.0	1.6540131999999999
191	protein2	959.4	19.8	1.8121971999999997
191	protein3	285.4	6.0	1.2209524
191	r2	17.0	0.0	0.0
191	rnapol	0.2	0.0	0.0
192	__protein1_rbs	13.4	0.0	0.0
192	__protein2_rbs	13.0	0.0	0.0
192	__protein3_rbs	3.8	0.0	0.0
192	__ribosome	25.4	0.0	0.0
192	__rnase_site_ext	20.4	0.0	0.0
192	p0	0.8	0.0	0.0
192	p2	1.0	0.0	0.0
192	protein1	959.6	19.6	1.6322591999999998
192	protein2	967.2	19.6	1.7724556
192	protein3	286.8	6.0	1.4009524
192	r2	16.6	0.0	0.0
192	rnapol	0.2	0.0	0.0
193	__protein1_rbs	12.0	0.0	0.0
193	__protein2_rbs	14.2	0.0	0.0
193	__protein3_rbs	3.0	0.0	0.0
193	__ribosome	25.0	0.0	0.0
193	__rnase_site_ext	20.0	0.0	0.0
193	p0	0.8	0.0	0.0
193	p2	0.8	0.0	0.0
193	protein1	967.0	19.8	1.6395238
193	protein2	974.6	20.0	1.6659162000000003
193	protein3	288.4	5.8	1.6428572
193	r2	16.2	0.0	0.0
193	rnapol	0.2	0.0	0.0
194	__protein1_rbs	13.2	0.0	0.0
194	__protein2_rbs	14.2	0.0	0.0
194	__protein3_rbs	4.4	0.0	0.0
194	__ribosome	26.0	0.0	0.0
194	__rnase_site_ext	20.0	0.0	0.0
194	p0	1.0	0.0	0.0
194	p2	0.8	0.0	0.0
194	protein1	974.0	19.4	1.6855160000000002
194	protein2	982.2	20.0	1.5993316
194	protein3	290.4	6.0	1.5838093999999998
194	r2	16.4	0.0	0.0
194	rnapol	0.6	0.0	0.0
195	__protein1_rbs	12.6	0.0	0.0
195	__protein2_rbs	13.6	0.0	0.0
195	__protein3_rbs	3.8	0.0	0.0
195	__ribosome	25.8	0.0	0.0
195	__rnase_site_ext	20.6	0.0	0.0
195	p0	0.6	0.0	0.0
195	p2	0.8	0.0	0.0
195	protein1	981.2	19.2	1.7146424
195	protein2	989.4	20.2	1.5614033999999999
195	protein3	292.2	6.0	1.6866666
195	r2	16.8	0.0	0.0
195	rnapol	0.2	0.0	0.0
196	__protein1_rbs	11.2	0.0	0.0
196	__protein2_rbs	13.4	0.0	0.0
196	__protein3_rbs	3.2	0.0	0.0
196	__ribosome	22.2	0.0	0.0
196	__rnase_site_ext	20.0	0.0	0.0
196	p0	0.8	0.0	0.0
196	p2	0.8	0.0	0.0
196	protein1	988.0	19.8	1.7650399999999995
196	protein2	997.0	20.2	1.5821068
196	protein3	294.0	6.0	1.8971428
196	r2	16.6	0.0	0.0
196	rnapol	0.2	0.0	0.0
197	__protein1_rbs	12.4	0.0	0.0
197	__protein2_rbs	12.2	0.0	0.0
197	__protein3_rbs	3.6	0.0	0.0
197	__ribosome	19.8	0.0	0.0
197	__rnase_site_ext	20.2	0.0	0.0
197	p0	1.0	0.0	0.0
197	p2	0.8	0.0	0.0
197	protein1	994.6	19.4	1.8435599999999999
197	protein2	1003.8	20.2	1.7073378000000001
197	protein3	296.8	6.0	1.8238093999999998
197	r2	16.4	0.0	0.0
197	rnapol	0.4	0.0	0.0
198	__protein1_rbs	13.8	0.0	0.0
198	__protein2_rbs	13.8	0.0	0.0
198	__protein3_rbs	4.2	0.0	0.0
198	__ribosome	22.2	0.0	0.0
198	__rnase_site_ext	20.0	0.0	0.0
198	p0	1.0	0.0	0.0
198	p2	1.0	0.0	0.0
198	protein1	1001.8	19.4	1.7797620000000005
198	protein2	1011.4	20.6	1.6235571999999998
198	protein3	299.0	6.0	1.7688094
198	r2	16.8	0.0	0.0
198	rnapol	0.4	0.0	0.0
199	__protein1_rbs	13.2	0.0	0.0
199	__protein2_rbs	14.4	0.0	0.0
199	__protein3_rbs	3.0	0.0	0.0
199	__ribosome	21.2	0.0	0.0
199	__rnase_site_ext	20.2	0.0	0.0
199	p0	0.8	0.0	0.0
199	p2	1.0	0.0	0.0
199	protein1	1009.8	19.4	1.6743506000000001
199	protein2	1016.6	20.6	1.706322
199	protein3	300.8	5.8	2.0033334
199	r2	16.8	0.0	0.0
199	rnapol	0.4	0.0	0.0
200	__protein1_rbs	13.6	0.0	0.0
200	__protein2_rbs	12.6	0.0	0.0
200	__protein3_rbs	4.2	0.0	0.0
200	__ribosome	24.6	0.0	0.0
200	__rnase_site_ext	20.6	0.0	0.0
200	p0	0.8	0.0	0.0
200	p2	1.0	0.0	0.0
200	protein1	1017.6	19.4	1.5724242
200	protein2	1025.0	21.0	1.672403
200	protein3	303.0	5.8	1.82
200	r2	17.2	0.0	0.0
200	rnapol	0.6	0.0	0.0
201	__protein1_rbs	10.6	0.0	0.0
201	__protein2_rbs	13.4	0.0	0.0
201	__protein3_rbs	3.8	0.0	0.0
201	__ribosome	25.6	0.0	0.0
201	__rnase_site_ext	21.0	0.0	0.0
201	p0	0.6	0.0	0.0
201	p2	0.8	0.0	0.0
201	protein1	1026.6	19.8	1.5671703999999995
201	protein2	1032.8	20.6	1.6842043999999998
201	protein3	306.4	5.8	1.64
201	r2	17.0	0.0	0.0
201	rnapol	0.4	0.0	0.0
202	__protein1_rbs	13.0	0.0	0.0
202	__protein2_rbs	13.8	0.0	0.0
202	__protein3_rbs	4.0	0.0	0.0
202	__ribosome	24.0	0.0	0.0
202	__rnase_site_ext	20.8	0.0	0.0
202	p0	0.8	0.0	0.0
202	p2	1.0	0.0	0.0
202	protein1	1032.6	20.2	1.5879063999999998
202	protein2	1040.4	20.8	1.6548556
202	protein3	308.2	6.0	1.7302380000000002
202	r2	16.8	0.0	0.0
202	rnapol	0.4	0.0	0.0
203	__protein1_rbs	14.2	0.0	0.0
203	__protein2_rbs	14.2	0.0	0.0
203	__protein3_rbs	3.6	0.0	0.0
203	__ribosome	22.4	0.0	0.0
203	__rnase_site_ext	21.0	0.0	0.0
203	p0	0.6	0.0	0.0
203	p2	1.0	0.0	0.0
203	protein1	1038.8	20.2	1.6579992
203	protein2	1047.4	21.2	1.6471044
203	protein3	310.6	6.0	1.8002379999999998
203	r2	17.2	0.0	0.0
203	rnapol	0.4	0.0	0.0
204	__protein1_rbs	13.6	0.0	0.0
204	__protein2_rbs	14.6	0.0	0.0
204	__protein3_rbs	3.6	0.0	0.0
204	__ribosome	21.6	0.0	0.0
204	__rnase_site_ext	21.2	0.0	0.0
204	p0	0.6	0.0	0.0
204	p2	1.0	0.0	0.0
204	protein1	1044.8	20.0	1.6967032
204	protein2	1055.4	21.6	1.5808558
204	protein3	312.6	6.0	1.8911906000000005
204	r2	17.6	0.0	0.0
204	rnapol	0.2	0.0	0.0
205	__protein1_rbs	14.2	0.0	0.0
205	__protein2_rbs	16.0	0.0	0.0
205	__protein3_rbs	3.4	0.0	0.0
205	__ribosome	23.0	0.0	0.0
205	__rnase_site_ext	21.2	0.0	0.0
205	p0	1.0	0.0	0.0
205	p2	0.8	0.0	0.0
205	protein1	1052.2	20.4	1.6557306
205	protein2	1063.0	21.4	1.5578390000000002
205	protein3	315.0	6.0	1.9411906000000003
205	r2	17.4	0.0	0.0
205	rnapol	0.2	0.0	0.0
206	__protein1_rbs	13.4	0.0	0.0
206	__protein2_rbs	14.4	0.0	0.0
206	__protein3_rbs	3.6	0.0	0.0
206	__ribosome	24.8	0.0	0.0
206	__rnase_site_ext	21.0	0.0	0.0
206	p0	0.6	0.0	0.0
206	p2	0.8	0.0	0.0
206	protein1	1060.6	20.4	1.5871262
206	protein2	1071.2	20.8	1.5296142
206	protein3	317.4	6.0	1.9614286
206	r2	17.2	0.0	0.0
206	rnapol	0.2	0.0	0.0
207	__protein1_rbs	13.2	0.0	0.0
207	__protein2_rbs	13.2	0.0	0.0
207	__protein3_rbs	3.6	0.0	0.0
207	__ribosome	24.6	0.0	0.0
207	__rnase_site_ext	21.0	0.0	0.0
207	p0	1.0	0.0	0.0
207	p2	1.0	0.0	0.0
207	protein1	1068.0	20.2	1.6168142000000003
207	protein2	1079.2	20.4	1.5690358
207	protein3	319.8	6.2	1.8552380000000002
207	r2	17.4	0.0	0.0
207	rnapol	0.4	0.0	0.0
208	__protein1_rbs	14.6	0.0	0.0
208	__protein2_rbs	14.0	0.0	0.0
208	__protein3_rbs	4.0	0.0	0.0
208	__ribosome	24.6	0.0	0.0
208	__rnase_site_ext	20.6	0.0	0.0
208	p0	0.8	0.0	0.0
208	p2	0.8	0.0	0.0
208	protein1	1073.8	20.2	1.6210136
208	protein2	1087.0	20.8	1.5399418
208	protein3	322.2	6.2	1.7985713999999997
208	r2	17.4	0.0	0.0
208	rnapol	0.4	0.0	0.0
209	__protein1_rbs	13.8	0.0	0.0
209	__protein2_rbs	12.4	0.0	0.0
209	__protein3_rbs	4.0	0.0	0.0
209	__ribosome	24.0	0.0	0.0
209	__rnase_site_ext	20.4	0.0	0.0
209	p0	0.8	0.0	0.0
209	p2	0.8	0.0	0.0
209	protein1	1081.8	19.8	1.6458772000000002
209	protein2	1094.0	20.8	1.6330354000000002
209	protein3	325.0	6.0	1.7383332000000002
209	r2	17.8	0.0	0.0
209	rnapol	0.2	0.0	0.0
210	__protein1_rbs	13.4	0.0	0.0
210	__protein2_rbs	13.4	0.0	0.0
210	__protein3_rbs	3.2	0.0	0.0
210	__ribosome	22.8	0.0	0.0
210	__rnase_site_ext	19.6	0.0	0.0
210	p0	0.8	0.0	0.0
210	p2	1.0	0.0	0.0
210	protein1	1089.8	19.8	1.5442458
210	protein2	1099.6	20.8	1.7376264
210	protein3	327.6	6.2	1.7600000000000002
210	r2	17.6	0.0	0.0
210	rnapol	0.2	0.0	0.0
211	__protein1_rbs	14.0	0.0	0.0
211	__protein2_rbs	13.8	0.0	0.0
211	__protein3_rbs	5.6	0.0	0.0
211	__ribosome	23.4	0.0	0.0
211	__rnase_site_ext	19.6	0.0	0.0
211	p0	0.8	0.0	0.0
211	p2	0.8	0.0	0.0
211	protein1	1095.6	19.2	1.6196612
211	protein2	1106.4	21.0	1.7454142
211	protein3	330.0	6.2	1.52
211	r2	17.2	0.0	0.0
211	rnapol	0.0	0.0	0.0
212	__protein1_rbs	12.0	0.0	0.0
212	__protein2_rbs	15.0	0.0	0.0
212	__protein3_rbs	3.0	0.0	0.0
212	__ribosome	24.0	0.0	0.0
212	__rnase_site_ext	19.6	0.0	0.0
212	p0	1.0	0.0	0.0
212	p2	0.8	0.0	0.0
212	protein1	1102.8	19.2	1.6929154
212	protein2	1114.2	21.4	1.6787632
212	protein3	333.0	6.0	1.5428571999999998
212	r2	17.4	0.0	0.0
212	rnapol	0.2	0.0	0.0
213	__protein1_rbs	12.8	0.0	0.0
213	__protein2_rbs	13.6	0.0	0.0
213	__protein3_rbs	4.2	0.0	0.0
213	__ribosome	25.6	0.0	0.0
213	__rnase_site_ext	19.6	0.0	0.0
213	p0	0.8	0.0	0.0
213	p2	1.0	0.0	0.0
213	protein1	1110.6	19.0	1.6701338
213	protein2	1124.0	21.4	1.6078648000000002
213	protein3	334.4	6.2	1.5914286
213	r2	18.0	0.0	0.0
213	rnapol	0.2	0.0	0.0
214	__protein1_rbs	12.2	0.0	0.0
214	__protein2_rbs	14.8	0.0	0.0
214	__protein3_rbs	3.6	0.0	0.0
214	__ribosome	24.0	0.0	0.0
214	__rnase_site_ext	19.4	0.0	0.0
214	p0	0.8	0.0	0.0
214	p2	0.8	0.0	0.0
214	protein1	1116.6	18.8	1.7265191999999998
214	protein2	1130.6	21.4	1.661531
214	protein3	337.0	6.0	1.6647618000000002
214	r2	18.2	0.0	0.0
214	rnapol	0.4	0.0	0.0
215	__protein1_rbs	11.8	0.0	0.0
215	__protein2_rbs	13.4	0.0	0.0
215	__protein3_rbs	5.0	0.0	0.0
215	__ribosome	24.4	0.0	0.0
215	__rnase_site_ext	18.8	0.0	0.0
215	p0	1.0	0.0	0.0
215	p2	1.0	0.0	0.0
215	protein1	1123.8	19.0	1.6907169999999998
215	protein2	1139.6	21.4	1.6944523999999999
215	protein3	338.6	6.0	1.5838093999999998
215	r2	18.0	0.0	0.0
215	rnapol	0.8	0.0	0.0
216	__protein1_rbs	11.4	0.0	0.0
216	__protein2_rbs	14.6	0.0	0.0
216	__protein3_rbs	3.8	0.0	0.0
216	__ribosome	21.2	0.0	0.0
216	__rnase_site_ext	18.6	0.0	0.0
216	p0	0.6	0.0	0.0
216	p2	0.8	0.0	0.0
216	protein1	1130.4	18.6	1.7823189999999998
216	protein2	1146.2	21.8	1.6953357999999998
216	protein3	341.0	6.0	1.6161906000000001
216	r2	18.0	0.0	0.0
216	rnapol	0.4	0.0	0.0
217	__protein1_rbs	12.2	0.0	0.0
217	__protein2_rbs	15.4	0.0	0.0
217	__protein3_rbs	4.6	0.0	0.0
217	__ribosome	22.8	0.0	0.0
217	__rnase_site_ext	18.4	0.0	0.0
217	p0	1.0	0.0	0.0
217	p2	1.0	0.0	0.0
217	protein1	1138.6	18.2	1.7304348000000003
217	protein2	1153.0	21.6	1.7261854
217	protein3	343.4	6.0	1.5928572
217	r2	17.8	0.0	0.0
217	rnapol	0.4	0.0	0.0
218	__protein1_rbs	13.4	0.0	0.0
218	__protein2_rbs	14.4	0.0	0.0
218	__protein3_rbs	3.8	0.0	0.0
218	__ribosome	23.6	0.0	0.0
218	__rnase_site_ext	19.0	0.0	0.0
218	p0	0.6	0.0	0.0
218	p2	0.6	0.0	0.0
218	protein1	1144.8	18.0	1.7364804
218	protein2	1162.2	21.6	1.6621582
218	protein3	345.2	6.0	1.7190477999999998
218	r2	17.4	0.0	0.0
218	rnapol	0.4	0.0	0.0
219	__protein1_rbs	12.2	0.0	0.0
219	__protein2_rbs	13.8	0.0	0.0
219	__protein3_rbs	4.0	0.0	0.0
219	__ribosome	24.0	0.0	0.0
219	__rnase_site_ext	19.2	0.0	0.0
219	p0	0.8	0.0	0.0
219	p2	0.8	0.0	0.0
219	protein1	1151.0	18.4	1.6840856
219	protein2	1170.6	21.6	1.6718874
219	protein3	347.6	6.2	1.5952379999999995
219	r2	17.2	0.0	0.0
219	rnapol	0.2	0.0	0.0
220	__protein1_rbs	12.4	0.0	0.0
220	__protein2_rbs	14.4	0.0	0.0
220	__protein3_rbs	4.4	0.0	0.0
220	__ribosome	28.2	0.0	0.0
220	__rnase_site_ext	19.0	0.0	0.0
220	p0	0.6	0.0	0.0
220	p2	1.0	0.0	0.0
220	protein1	1160.0	18.6	1.5356566
220	protein2	1179.4	21.4	1.6091198000000002
220	protein3	349.8	6.4	1.5154761999999995
220	r2	17.2	0.0	0.0
220	rnapol	0.0	0.0	0.0
221	__protein1_rbs	13.0	0.0	0.0
221	__protein2_rbs	14.0	0.0	0.0
221	__protein3_rbs	4.0	0.0	0.0
221	__ribosome	27.0	0.0	0.0
221	__rnase_site_ext	19.0	0.0	0.0
221	p0	1.0	0.0	0.0
221	p2	1.0	0.0	0.0
221	protein1	1165.8	18.6	1.5482747999999995
221	protein2	1186.6	21.4	1.6273612
221	protein3	351.6	6.4	1.6476191999999998
221	r2	17.4	0.0	0.0
221	rnapol	0.6	0.0	0.0
222	__protein1_rbs	10.6	0.0	0.0
222	__protein2_rbs	13.8	0.0	0.0
222	__protein3_rbs	4.2	0.0	0.0
222	__ribosome	24.6	0.0	0.0
222	__rnase_site_ext	19.2	0.0	0.0
222	p0	0.6	0.0	0.0
222	p2	0.8	0.0	0.0
222	protein1	1173.0	18.6	1.6562112
222	protein2	1193.6	21.2	1.6791353999999998
222	protein3	354.4	6.2	1.6547619999999998
222	r2	17.4	0.0	0.0
222	rnapol	0.2	0.0	0.0
223	__protein1_rbs	11.4	0.0	0.0
223	__protein2_rbs	13.8	0.0	0.0
223	__protein3_rbs	3.8	0.0	0.0
223	__ribosome	23.8	0.0	0.0
223	__rnase_site_ext	19.4	0.0	0.0
223	p0	1.0	0.0	0.0
223	p2	1.0	0.0	0.0
223	protein1	1179.2	18.4	1.6877086
223	protein2	1201.4	21.0	1.6644996
223	protein3	356.8	6.4	1.6285713999999998
223	r2	17.2	0.0	0.0
223	rnapol	0.2	0.0	0.0
224	__protein1_rbs	11.8	0.0	0.0
224	__protein2_rbs	15.2	0.0	0.0
224	__protein3_rbs	4.8	0.0	0.0
224	__ribosome	24.4	0.0	0.0
224	__rnase_site_ext	18.4	0.0	0.0
224	p0	0.8	0.0	0.0
224	p2	1.0	0.0	0.0
224	protein1	1184.2	18.4	1.7830529999999998
224	protein2	1209.8	20.6	1.6265226000000002
224	protein3	359.2	6.2	1.5285714
224	r2	17.6	0.0	0.0
224	rnapol	0.4	0.0	0.0
225	__protein1_rbs	12.8	0.0	0.0
225	__protein2_rbs	14.2	0.0	0.0
225	__protein3_rbs	3.2	0.0	0.0
225	__ribosome	24.8	0.0	0.0
225	__rnase_site_ext	19.0	0.0	0.0
225	p0	0.6	0.0	0.0
225	p2	1.0	0.0	0.0
225	protein1	1191.2	18.0	1.7238095999999998
225	protein2	1217.4	20.4	1.6281161999999998
225	protein3	360.8	6.2	1.852381
225	r2	17.6	0.0	0.0
225	rnapol	0.4	0.0	0.0
226	__protein1_rbs	11.6	0.0	0.0
226	__protein2_rbs	13.8	0.0	0.0
226	__protein3_rbs	4.2	0.0	0.0
226	__ribosome	25.4	0.0	0.0
226	__rnase_site_ext	19.4	0.0	0.0
226	p0	1.0	0.0	0.0
226	p2	1.0	0.0	0.0
226	protein1	1198.4	18.2	1.7320887999999999
226	protein2	1225.2	20.2	1.6613096000000005
226	protein3	363.8	6.2	1.6690476000000003
226	r2	17.6	0.0	0.0
226	rnapol	0.0	0.0	0.0
227	__protein1_rbs	12.0	0.0	0.0
227	__protein2_rbs	13.6	0.0	0.0
227	__protein3_rbs	4.0	0.0	0.0
227	__ribosome	26.6	0.0	0.0
227	__rnase_site_ext	19.2	0.0	0.0
227	p0	0.8	0.0	0.0
227	p2	1.0	0.0	0.0
227	protein1	1205.4	18.6	1.7246167999999995
227	protein2	1233.2	20.4	1.601238
227	protein3	366.8	6.2	1.6369048000000002
227	r2	17.4	0.0	0.0
227	rnapol	0.0	0.0	0.0
228	__protein1_rbs	12.0	0.0	0.0
228	__protein2_rbs	13.8	0.0	0.0
228	__protein3_rbs	3.6	0.0	0.0
228	__ribosome	25.6	0.0	0.0
228	__rnase_site_ext	19.2	0.0	0.0
228	p0	1.0	0.0	0.0
228	p2	1.0	0.0	0.0
228	protein1	1213.8	18.2	1.7944337999999995
228	protein2	1240.6	20.4	1.626143
228	protein3	368.6	6.0	1.8
228	r2	17.2	0.0	0.0
228	rnapol	0.4	0.0	0.0
229	__protein1_rbs	13.2	0.0	0.0
229	__protein2_rbs	12.2	0.0	0.0
229	__protein3_rbs	4.8	0.0	0.0
229	__ribosome	26.6	0.0	0.0
229	__rnase_site_ext	18.8	0.0	0.0
229	p0	1.0	0.0	0.0
229	p2	1.0	0.0	0.0
229	protein1	1220.8	18.4	1.7404040000000005
229	protein2	1247.2	20.0	1.7308334
229	protein3	371.4	6.0	1.4916668000000002
229	r2	17.2	0.0	0.0
229	rnapol	0.4	0.0	0.0
230	__protein1_rbs	11.2	0.0	0.0
230	__protein2_rbs	13.4	0.0	0.0
230	__protein3_rbs	4.0	0.0	0.0
230	__ribosome	26.8	0.0	0.0
230	__rnase_site_ext	19.0	0.0	0.0
230	p0	0.8	0.0	0.0
230	p2	1.0	0.0	0.0
230	protein1	1227.0	18.0	1.8078843999999998
230	protein2	1254.8	20.2	1.7032277999999998
230	protein3	373.8	6.0	1.375
230	r2	17.2	0.0	0.0
230	rnapol	0.2	0.0	0.0
231	__protein1_rbs	12.6	0.0	0.0
231	__protein2_rbs	13.4	0.0	0.0
231	__protein3_rbs	3.2	0.0	0.0
231	__ribosome	27.0	0.0	0.0
231	__rnase_site_ext	19.2	0.0	0.0
231	p0	0.6	0.0	0.0
231	p2	1.0	0.0	0.0
231	protein1	1234.8	18.2	1.6425973999999999
231	protein2	1262.4	20.0	1.7600672
231	protein3	375.6	5.6	1.7083331999999998
231	r2	17.4	0.0	0.0
231	rnapol	0.2	0.0	0.0
232	__protein1_rbs	12.6	0.0	0.0
232	__protein2_rbs	12.8	0.0	0.0
232	__protein3_rbs	4.2	0.0	0.0
232	__ribosome	28.2	0.0	0.0
232	__rnase_site_ext	19.2	0.0	0.0
232	p0	1.0	0.0	0.0
232	p2	1.0	0.0	0.0
232	protein1	1242.6	18.4	1.5465378
232	protein2	1269.6	20.2	1.7649336000000002
232	protein3	378.0	5.6	1.55
232	r2	17.6	0.0	0.0
232	rnapol	0.4	0.0	0.0
233	__protein1_rbs	13.2	0.0	0.0
233	__protein2_rbs	13.4	0.0	0.0
233	__protein3_rbs	3.2	0.0	0.0
233	__ribosome	27.0	0.0	0.0
233	__rnase_site_ext	19.4	0.0	0.0
233	p0	0.6	0.0	0.0
233	p2	1.0	0.0	0.0
233	protein1	1249.0	18.4	1.5276676000000002
233	protein2	1277.6	20.4	1.7907467999999995
233	protein3	379.6	5.6	1.6416668
233	r2	17.6	0.0	0.0
233	rnapol	0.2	0.0	0.0
234	__protein1_rbs	13.2	0.0	0.0
234	__protein2_rbs	12.2	0.0	0.0
234	__protein3_rbs	3.2	0.0	0.0
234	__ribosome	25.4	0.0	0.0
234	__rnase_site_ext	19.4	0.0	0.0
234	p0	1.0	0.0	0.0
234	p2	0.8	0.0	0.0
234	protein1	1255.2	18.8	1.5252864
234	protein2	1285.6	20.4	1.7689568000000002
234	protein3	380.8	5.6	1.9416668
234	r2	17.4	0.0	0.0
234	rnapol	0.0	0.0	0.0
235	__protein1_rbs	12.2	0.0	0.0
235	__protein2_rbs	12.6	0.0	0.0
235	__protein3_rbs	4.2	0.0	0.0
235	__ribosome	26.0	0.0	0.0
235	__rnase_site_ext	19.0	0.0	0.0
235	p0	1.0	0.0	0.0
235	p2	0.8	0.0	0.0
235	protein1	1260.8	18.6	1.5738984000000005
235	protein2	1294.6	20.4	1.7743238
235	protein3	383.8	5.6	1.6864286
235	r2	17.4	0.0	0.0
235	rnapol	0.2	0.0	0.0
236	__protein1_rbs	12.2	0.0	0.0
236	__protein2_rbs	12.8	0.0	0.0
236	__protein3_rbs	3.8	0.0	0.0
236	__ribosome	25.2	0.0	0.0
236	__rnase_site_ext	18.8	0.0	0.0
236	p0	0.8	0.0	0.0
236	p2	0.6	0.0	0.0
236	protein1	1268.4	18.2	1.5928076
236	protein2	1301.6	20.2	1.861645
236	protein3	386.0	5.4	1.727143
236	r2	17.4	0.0	0.0
236	rnapol	0.4	0.0	0.0
237	__protein1_rbs	10.8	0.0	0.0
237	__protein2_rbs	9.8	0.0	0.0
237	__protein3_rbs	3.8	0.0	0.0
237	__ribosome	22.2	0.0	0.0
237	__rnase_site_ext	19.0	0.0	0.0
237	p0	0.8	0.0	0.0
237	p2	1.0	0.0	0.0
237	protein1	1274.6	18.0	1.6788295999999998
237	protein2	1309.8	19.8	1.9862224
237	protein3	388.4	5.6	1.6757141999999998
237	r2	17.4	0.0	0.0
237	rnapol	0.4	0.0	0.0
238	__protein1_rbs	12.2	0.0	0.0
238	__protein2_rbs	13.8	0.0	0.0
238	__protein3_rbs	4.0	0.0	0.0
238	__ribosome	27.0	0.0	0.0
238	__rnase_site_ext	19.2	0.0	0.0
238	p0	1.0	0.0	0.0
238	p2	0.8	0.0	0.0
238	protein1	1281.8	18.2	1.6141596
238	protein2	1318.0	19.4	1.8812423999999999
238	protein3	391.2	5.6	1.5542858000000002
238	r2	17.8	0.0	0.0
238	rnapol	0.2	0.0	0.0
239	__protein1_rbs	12.0	0.0	0.0
239	__protein2_rbs	12.6	0.0	0.0
239	__protein3_rbs	3.8	0.0	0.0
239	__ribosome	27.0	0.0	0.0
239	__rnase_site_ext	19.6	0.0	0.0
239	p0	0.6	0.0	0.0
239	p2	0.8	0.0	0.0
239	protein1	1287.2	18.4	1.6984432000000005
239	protein2	1327.8	19.6	1.7333547999999999
239	protein3	393.0	5.4	1.63
239	r2	17.4	0.0	0.0
239	rnapol	0.4	0.0	0.0
240	__protein1_rbs	11.4	0.0	0.0
240	__protein2_rbs	13.0	0.0	0.0
240	__protein3_rbs	3.8	0.0	0.0
240	__ribosome	27.0	0.0	0.0
240	__rnase_site_ext	19.4	0.0	0.0
240	p0	1.0	0.0	0.0
240	p2	1.0	0.0	0.0
240	protein1	1294.4	18.6	1.7299254000000002
240	protein2	1335.0	19.2	1.7279868000000003
240	protein3	395.0	5.4	1.6
240	r2	17.0	0.0	0.0
240	rnapol	0.6	0.0	0.0
241	__protein1_rbs	14.4	0.0	0.0
241	__protein2_rbs	11.0	0.0	0.0
241	__protein3_rbs	3.4	0.0	0.0
241	__ribosome	29.6	0.0	0.0
241	__rnase_site_ext	19.6	0.0	0.0
241	p0	0.6	0.0	0.0
241	p2	0.8	0.0	0.0
241	protein1	1303.2	18.6	1.5198022000000002
241	protein2	1343.2	19.4	1.8042278000000003
241	protein3	397.2	5.2	1.66
241	r2	16.8	0.0	0.0
241	rnapol	0.4	0.0	0.0
242	__protein1_rbs	12.2	0.0	0.0
242	__protein2_rbs	12.2	0.0	0.0
242	__protein3_rbs	2.4	0.0	0.0
242	__ribosome	27.6	0.0	0.0
242	__rnase_site_ext	19.6	0.0	0.0
242	p0	1.0	0.0	0.0
242	p2	0.8	0.0	0.0
242	protein1	1308.8	18.8	1.5796474000000005
242	protein2	1352.0	19.4	1.8053178
242	protein3	399.0	5.2	1.8466666
242	r2	16.4	0.0	0.0
242	rnapol	0.6	0.0	0.0
243	__protein1_rbs	11.6	0.0	0.0
243	__protein2_rbs	12.4	0.0	0.0
243	__protein3_rbs	3.0	0.0	0.0
243	__ribosome	27.0	0.0	0.0
243	__rnase_site_ext	19.6	0.0	0.0
243	p0	0.4	0.0	0.0
243	p2	1.0	0.0	0.0
243	protein1	1316.4	18.8	1.6265858000000002
243	protein2	1359.6	19.4	1.7833408000000002
243	protein3	401.4	5.2	1.82
243	r2	16.2	0.0	0.0
243	rnapol	0.2	0.0	0.0
244	__protein1_rbs	13.0	0.0	0.0
244	__protein2_rbs	12.6	0.0	0.0
244	__protein3_rbs	2.8	0.0	0.0
244	__ribosome	26.0	0.0	0.0
244	__rnase_site_ext	20.2	0.0	0.0
244	p0	1.0	0.0	0.0
244	p2	1.0	0.0	0.0
244	protein1	1322.8	18.6	1.6063428000000002
244	protein2	1366.2	19.6	1.783988
244	protein3	403.0	5.2	1.9666666000000004
244	r2	16.2	0.0	0.0
244	rnapol	0.0	0.0	0.0
245	__protein1_rbs	15.2	0.0	0.0
245	__protein2_rbs	12.0	0.0	0.0
245	__protein3_rbs	4.0	0.0	0.0
245	__ribosome	27.8	0.0	0.0
245	__rnase_site_ext	20.2	0.0	0.0
245	p0	1.0	0.0	0.0
245	p2	1.0	0.0	0.0
245	protein1	1329.4	19.4	1.468784
245	protein2	1374.8	19.4	1.7858863999999997
245	protein3	405.0	5.0	1.9566666
245	r2	16.2	0.0	0.0
245	rnapol	0.2	0.0	0.0
246	__protein1_rbs	12.8	0.0	0.0
246	__protein2_rbs	12.4	0.0	0.0
246	__protein3_rbs	3.4	0.0	0.0
246	__ribosome	28.2	0.0	0.0
246	__rnase_site_ext	20.4	0.0	0.0
246	p0	0.6	0.0	0.0
246	p2	0.8	0.0	0.0
246	protein1	1337.0	19.4	1.4749346
246	protein2	1383.2	19.6	1.7596870000000002
246	protein3	407.0	5.0	1.91
246	r2	16.4	0.0	0.0
246	rnapol	0.0	0.0	0.0
247	__protein1_rbs	12.2	0.0	0.0
247	__protein2_rbs	13.2	0.0	0.0
247	__protein3_rbs	3.2	0.0	0.0
247	__ribosome	25.6	0.0	0.0
247	__rnase_site_ext	20.4	0.0	0.0
247	p0	0.8	0.0	0.0
247	p2	0.6	0.0	0.0
247	protein1	1343.4	19.6	1.5726984000000002
247	protein2	1390.4	20.0	1.7920118000000005
247	protein3	409.4	4.8	1.9233331999999999
247	r2	15.6	0.0	0.0
247	rnapol	0.0	0.0	0.0
248	__protein1_rbs	13.2	0.0	0.0
248	__protein2_rbs	13.6	0.0	0.0
248	__protein3_rbs	3.4	0.0	0.0
248	__ribosome	25.8	0.0	0.0
248	__rnase_site_ext	20.8	0.0	0.0
248	p0	1.0	0.0	0.0
248	p2	0.6	0.0	0.0
248	protein1	1349.8	19.8	1.6179854000000002
248	protein2	1397.2	19.6	1.8331328000000002
248	protein3	412.4	4.8	1.5400002000000002
248	r2	15.6	0.0	0.0
248	rnapol	0.0	0.0	0.0
249	__protein1_rbs	12.2	0.0	0.0
249	__protein2_rbs	13.2	0.0	0.0
249	__protein3_rbs	3.8	0.0	0.0
249	__ribosome	26.2	0.0	0.0
249	__rnase_site_ext	20.6	0.0	0.0
249	p0	1.0	0.0	0.0
249	p2	1.0	0.0	0.0
249	protein1	1356.6	20.0	1.701128
249	protein2	1406.8	19.8	1.732216
249	protein3	414.6	5.2	1.3166666
249	r2	15.8	0.0	0.0
249	rnapol	0.2	0.0	0.0
250	__protein1_rbs	12.2	0.0	0.0
250	__protein2_rbs	13.8	0.0	0.0
250	__protein3_rbs	2.6	0.0	0.0
250	__ribosome	26.0	0.0	0.0
250	__rnase_site_ext	20.2	0.0	0.0
250	p0	0.6	0.0	0.0
250	p2	1.0	0.0	0.0
250	protein1	1364.0	19.8	1.7716042
250	protein2	1415.4	19.6	1.6206733999999998
250	protein3	415.6	5.2	1.6166665999999998
250	r2	15.6	0.0	0.0
250	rnapol	0.2	0.0	0.0
