time	species	protein	transcript	ribo_density
0	__protein1_rbs	0.0	0.0	0.0
0	__protein2_rbs	0.0	0.0	0.0
0	__protein3_rbs	0.0	0.0	0.0
0	__ribosome	100.0	0.0	0.0
0	__rnase_site_ext	0.0	0.0	0.0
0	p0	1.0	0.0	0.0
0	p2	1.0	0.0	0.0
0	rnapol	4.0	0.0	0.0
1	__protein1_rbs	0.0	0.0	0.0
1	__protein2_rbs	0.0	0.0	0.0
1	__protein3_rbs	0.0	0.0	0.0
1	__ribosome	100.0	0.0	0.0
1	__rnase_site_ext	1.0	0.0	0.0
1	p0	0.0	0.0	0.0
1	p2	1.0	0.0	0.0
1	rnapol	2.2	0.0	0.0
2	__protein1_rbs	1.0	0.0	0.0
2	__protein2_rbs	0.0	0.0	0.0
2	__protein3_rbs	0.0	0.0	0.0
2	__ribosome	100.0	0.0	0.0
2	__rnase_site_ext	2.0	0.0	0.0
2	p0	0.2	0.0	0.0
2	p2	1.0	0.0	0.0
2	protein1	0.0	1.0	0.0
2	rnapol	1.6	0.0	0.0
3	__protein1_rbs	0.2	0.0	0.0
3	__protein2_rbs	0.0	0.0	0.0
3	__protein3_rbs	0.0	0.0	0.0
3	__ribosome	98.8	0.0	0.0
3	__rnase_site_ext	3.0	0.0	0.0
3	p0	0.0	0.0	0.0
3	p2	1.0	0.0	0.0
3	protein1	0.0	1.4	0.9
3	rnapol	0.8	0.0	0.0
4	__protein1_rbs	1.0	0.0	0.0
4	__protein2_rbs	0.0	0.0	0.0
4	__protein3_rbs	0.0	0.0	0.0
4	__ribosome	97.6	0.0	0.0
4	__rnase_site_ext	3.8	0.0	0.0
4	p0	0.2	0.0	0.0
4	p2	1.0	0.0	0.0
4	protein1	0.0	2.4	1.0333334
4	rnapol	0.0	0.0	0.0
5	__protein1_rbs	0.8	0.0	0.0
5	__protein2_rbs	0.0	0.0	0.0
5	__protein3_rbs	0.0	0.0	0.0
5	__ribosome	95.4	0.0	0.0
5	__rnase_site_ext	3.8	0.0	0.0
5	p0	1.0	0.0	0.0
5	p2	1.0	0.0	0.0
5	protein1	0.0	3.2	1.4333332
5	rnapol	0.0	0.0	0.0
6	__protein1_rbs	1.2	0.0	0.0
6	__protein2_rbs	0.0	0.0	0.0
6	__protein3_rbs	0.0	0.0	0.0
6	__ribosome	93.0	0.0	0.0
6	__rnase_site_ext	3.8	0.0	0.0
6	p0	1.0	0.0	0.0
6	p2	1.0	0.0	0.0
6	protein1	0.0	3.8	1.85
6	rnapol	0.0	0.0	0.0
7	__protein1_rbs	1.2	0.0	0.0
7	__protein2_rbs	0.0	0.0	0.0
7	__protein3_rbs	0.0	0.0	0.0
7	__ribosome	90.8	0.0	0.0
7	__rnase_site_ext	3.8	0.0	0.0
7	p0	1.0	0.0	0.0
7	p2	1.0	0.0	0.0
7	protein1	0.2	3.8	2.4333334
7	rnapol	0.0	0.0	0.0
8	__protein1_rbs	0.6	0.0	0.0
8	__protein2_rbs	0.0	0.0	0.0
8	__protein3_rbs	0.0	0.0	0.0
8	__ribosome	89.0	0.0	0.0
8	__rnase_site_ext	3.8	0.0	0.0
8	p0	1.0	0.0	0.0
8	p2	1.0	0.0	0.0
8	protein1	1.0	3.8	2.9
8	rnapol	0.0	0.0	0.0
9	__protein1_rbs	0.8	0.0	0.0
9	__protein2_rbs	0.0	0.0	0.0
9	__protein3_rbs	0.0	0.0	0.0
9	__ribosome	88.0	0.0	0.0
9	__rnase_site_ext	3.8	0.0	0.0
9	p0	1.0	0.0	0.0
9	p2	1.0	0.0	0.0
9	protein1	2.4	3.8	3.1666666
9	rnapol	0.0	0.0	0.0
10	__protein1_rbs	0.8	0.0	0.0
10	__protein2_rbs	0.0	0.0	0.0
10	__protein3_rbs	0.0	0.0	0.0
10	__ribosome	86.8	0.0	0.0
10	__rnase_site_ext	3.6	0.0	0.0
10	p0	1.0	0.0	0.0
10	p2	1.0	0.0	0.0
10	protein1	4.8	3.8	3.2333334
10	protein2	0.0	1.0	1.0
10	rnapol	0.0	0.0	0.0
11	__protein1_rbs	1.4	0.0	0.0
11	__protein2_rbs	1.4	0.0	0.0
11	__protein3_rbs	0.0	0.0	0.0
11	__ribosome	86.6	0.0	0.0
11	__rnase_site_ext	3.6	0.0	0.0
11	p0	1.0	0.0	0.0
11	p2	1.0	0.0	0.0
11	protein1	6.8	3.8	3.2166666
11	protein2	0.0	1.6	0.8
11	rnapol	0.0	0.0	0.0
12	__protein1_rbs	1.2	0.0	0.0
12	__protein2_rbs	0.2	0.0	0.0
12	__protein3_rbs	0.0	0.0	0.0
12	__ribosome	84.8	0.0	0.0
12	__rnase_site_ext	3.6	0.0	0.0
12	p0	1.0	0.0	0.0
12	p2	1.0	0.0	0.0
12	protein1	9.0	3.6	3.3333334000000003
12	protein2	0.0	2.2	1.4666666000000002
12	rnapol	0.0	0.0	0.0
13	__protein1_rbs	1.0	0.0	0.0
13	__protein2_rbs	1.6	0.0	0.0
13	__protein3_rbs	0.0	0.0	0.0
13	__ribosome	83.2	0.0	0.0
13	__rnase_site_ext	3.4	0.0	0.0
13	p0	1.0	0.0	0.0
13	p2	1.0	0.0	0.0
13	protein1	11.4	3.6	3.3333334000000003
13	protein2	0.0	3.2	1.5
13	rnapol	0.0	0.0	0.0
14	__protein1_rbs	0.4	0.0	0.0
14	__protein2_rbs	1.6	0.0	0.0
14	__protein3_rbs	0.0	0.0	0.0
14	__ribosome	80.0	0.0	0.0
14	__rnase_site_ext	3.4	0.0	0.0
14	p0	1.0	0.0	0.0
14	p2	1.0	0.0	0.0
14	protein1	13.8	3.4	3.7666666
14	protein2	0.0	3.8	1.95
14	rnapol	0.0	0.0	0.0
15	__protein1_rbs	1.6	0.0	0.0
15	__protein2_rbs	1.0	0.0	0.0
15	__protein3_rbs	0.0	0.0	0.0
15	__ribosome	78.4	0.0	0.0
15	__rnase_site_ext	3.0	0.0	0.0
15	p0	1.0	0.0	0.0
15	p2	0.4	0.0	0.0
15	protein1	16.0	3.4	3.5666667999999997
15	protein2	0.8	4.0	2.4
15	rnapol	0.0	0.0	0.0
16	__protein1_rbs	1.4	0.0	0.0
16	__protein2_rbs	0.6	0.0	0.0
16	__protein3_rbs	0.0	0.0	0.0
16	__ribosome	76.4	0.0	0.0
16	__rnase_site_ext	2.8	0.0	0.0
16	p0	1.0	0.0	0.0
16	p2	0.0	0.0	0.0
16	protein1	17.8	3.2	3.95
16	protein2	1.6	4.0	2.9
16	rnapol	0.0	0.0	0.0
17	__protein1_rbs	1.4	0.0	0.0
17	__protein2_rbs	1.6	0.0	0.0
17	__protein3_rbs	0.0	0.0	0.0
17	__ribosome	76.4	0.0	0.0
17	__rnase_site_ext	3.2	0.0	0.0
17	p0	0.4	0.0	0.0
17	p2	0.2	0.0	0.0
17	protein1	20.8	3.0	3.8833334
17	protein2	2.8	4.0	3.1
17	rnapol	0.2	0.0	0.0
18	__protein1_rbs	0.6	0.0	0.0
18	__protein2_rbs	1.2	0.0	0.0
18	__protein3_rbs	0.2	0.0	0.0
18	__ribosome	76.6	0.0	0.0
18	__rnase_site_ext	3.6	0.0	0.0
18	p0	0.8	0.0	0.0
18	p2	0.2	0.0	0.0
18	protein1	23.2	3.0	3.75
18	protein2	5.2	4.0	3.15
18	protein3	0.0	0.2	0.0
18	rnapol	0.0	0.0	0.0
19	__protein1_rbs	1.2	0.0	0.0
19	__protein2_rbs	1.6	0.0	0.0
19	__protein3_rbs	0.2	0.0	0.0
19	__ribosome	77.0	0.0	0.0
19	__rnase_site_ext	4.0	0.0	0.0
19	p0	0.6	0.0	0.0
19	p2	0.0	0.0	0.0
19	protein1	25.6	3.4	3.1866666
19	protein2	7.4	4.0	3.1
19	protein3	0.0	0.2	0.0
19	rnapol	0.2	0.0	0.0
20	__protein1_rbs	1.4	0.0	0.0
20	__protein2_rbs	1.6	0.0	0.0
20	__protein3_rbs	0.2	0.0	0.0
20	__ribosome	77.2	0.0	0.0
20	__rnase_site_ext	4.4	0.0	0.0
20	p0	0.8	0.0	0.0
20	p2	0.2	0.0	0.0
20	protein1	28.4	3.6	2.71
20	protein2	9.4	3.8	3.4
20	protein3	0.0	0.4	0.2
20	rnapol	0.0	0.0	0.0
21	__protein1_rbs	1.8	0.0	0.0
21	__protein2_rbs	1.6	0.0	0.0
21	__protein3_rbs	0.2	0.0	0.0
21	__ribosome	76.8	0.0	0.0
21	__rnase_site_ext	5.2	0.0	0.0
21	p0	0.0	0.0	0.0
21	p2	0.4	0.0	0.0
21	protein1	29.8	4.4	2.4166666
21	protein2	12.4	3.8	3.1833334
21	protein3	0.0	0.6	0.5
21	rnapol	0.0	0.0	0.0
22	__protein1_rbs	2.8	0.0	0.0
22	__protein2_rbs	1.4	0.0	0.0
22	__protein3_rbs	0.6	0.0	0.0
22	__ribosome	77.2	0.0	0.0
22	__rnase_site_ext	5.6	0.0	0.0
22	p0	0.6	0.0	0.0
22	p2	1.0	0.0	0.0
22	protein1	31.6	4.6	2.26
22	protein2	15.0	3.8	3.15
22	protein3	0.0	0.6	0.5
22	rnapol	0.4	0.0	0.0
23	__protein1_rbs	2.2	0.0	0.0
23	__protein2_rbs	1.4	0.0	0.0
23	__protein3_rbs	0.0	0.0	0.0
23	__ribosome	75.4	0.0	0.0
23	__rnase_site_ext	5.8	0.0	0.0
23	p0	0.6	0.0	0.0
23	p2	1.0	0.0	0.0
23	protein1	34.0	5.4	2.1371428000000003
23	protein2	17.4	3.8	3.1333333999999997
23	protein3	0.0	0.6	0.9
23	rnapol	0.0	0.0	0.0
24	__protein1_rbs	1.6	0.0	0.0
24	__protein2_rbs	1.8	0.0	0.0
24	__protein3_rbs	0.0	0.0	0.0
24	__ribosome	73.8	0.0	0.0
24	__rnase_site_ext	5.8	0.0	0.0
24	p0	0.8	0.0	0.0
24	p2	1.0	0.0	0.0
24	protein1	35.8	5.6	2.4076192
24	protein2	19.8	3.8	2.9166666
24	protein3	0.0	0.6	1.2
24	rnapol	0.0	0.0	0.0
25	__protein1_rbs	2.2	0.0	0.0
25	__protein2_rbs	1.6	0.0	0.0
25	__protein3_rbs	0.4	0.0	0.0
25	__ribosome	71.8	0.0	0.0
25	__rnase_site_ext	5.6	0.0	0.0
25	p0	0.8	0.0	0.0
25	p2	1.0	0.0	0.0
25	protein1	37.8	6.0	2.5514286
25	protein2	22.2	3.8	2.9666666
25	protein3	0.2	0.6	1.1
25	rnapol	0.0	0.0	0.0
26	__protein1_rbs	1.8	0.0	0.0
26	__protein2_rbs	2.0	0.0	0.0
26	__protein3_rbs	0.4	0.0	0.0
26	__ribosome	71.4	0.0	0.0
26	__rnase_site_ext	5.6	0.0	0.0
26	p0	1.0	0.0	0.0
26	p2	1.0	0.0	0.0
26	protein1	40.4	5.6	2.835238
26	protein2	24.4	4.2	2.65
26	protein3	0.4	0.6	1.0
26	rnapol	0.2	0.0	0.0
27	__protein1_rbs	1.8	0.0	0.0
27	__protein2_rbs	1.8	0.0	0.0
27	__protein3_rbs	0.2	0.0	0.0
27	__ribosome	69.4	0.0	0.0
27	__rnase_site_ext	5.4	0.0	0.0
27	p0	0.8	0.0	0.0
27	p2	1.0	0.0	0.0
27	protein1	42.2	5.6	3.2338096000000003
27	protein2	27.2	4.4	2.48
27	protein3	0.6	0.6	1.2
27	rnapol	0.0	0.0	0.0
28	__protein1_rbs	1.8	0.0	0.0
28	__protein2_rbs	2.2	0.0	0.0
28	__protein3_rbs	0.2	0.0	0.0
28	__ribosome	68.2	0.0	0.0
28	__rnase_site_ext	5.4	0.0	0.0
28	p0	1.0	0.0	0.0
28	p2	1.0	0.0	0.0
28	protein1	45.4	5.4	3.4200000000000004
28	protein2	28.4	4.8	2.56
28	protein3	1.0	0.6	1.2
28	rnapol	0.0	0.0	0.0
29	__protein1_rbs	3.0	0.0	0.0
29	__protein2_rbs	1.2	0.0	0.0
29	__protein3_rbs	0.6	0.0	0.0
29	__ribosome	68.2	0.0	0.0
29	__rnase_site_ext	5.2	0.0	0.0
29	p0	1.0	0.0	0.0
29	p2	1.0	0.0	0.0
29	protein1	48.4	5.4	3.2657142000000006
29	protein2	30.8	5.2	2.5733334
29	protein3	1.2	0.6	1.0
29	rnapol	0.0	0.0	0.0
30	__protein1_rbs	1.2	0.0	0.0
30	__protein2_rbs	2.2	0.0	0.0
30	__protein3_rbs	0.0	0.0	0.0
30	__ribosome	66.6	0.0	0.0
30	__rnase_site_ext	5.0	0.0	0.0
30	p0	1.0	0.0	0.0
30	p2	1.0	0.0	0.0
30	protein1	52.2	5.2	3.3771428
30	protein2	32.8	6.0	2.4733332000000003
30	protein3	1.8	0.6	1.0
30	rnapol	0.0	0.0	0.0
31	__protein1_rbs	2.4	0.0	0.0
31	__protein2_rbs	2.2	0.0	0.0
31	__protein3_rbs	0.4	0.0	0.0
31	__ribosome	66.6	0.0	0.0
31	__rnase_site_ext	5.0	0.0	0.0
31	p0	1.0	0.0	0.0
31	p2	1.0	0.0	0.0
31	protein1	55.6	5.0	3.434762
31	protein2	35.0	6.0	2.6171428
31	protein3	2.0	0.6	1.0
31	rnapol	0.0	0.0	0.0
32	__protein1_rbs	2.0	0.0	0.0
32	__protein2_rbs	2.8	0.0	0.0
32	__protein3_rbs	0.0	0.0	0.0
32	__ribosome	67.6	0.0	0.0
32	__rnase_site_ext	5.0	0.0	0.0
32	p0	1.0	0.0	0.0
32	p2	0.4	0.0	0.0
32	protein1	59.6	5.0	3.0028572000000002
32	protein2	38.0	6.4	2.4999998000000003
32	protein3	2.2	0.6	1.2
32	rnapol	0.0	0.0	0.0
33	__protein1_rbs	1.8	0.0	0.0
33	__protein2_rbs	2.4	0.0	0.0
33	__protein3_rbs	0.2	0.0	0.0
33	__ribosome	65.0	0.0	0.0
33	__rnase_site_ext	5.0	0.0	0.0
33	p0	1.0	0.0	0.0
33	p2	0.2	0.0	0.0
33	protein1	62.0	5.0	3.1547617999999997
33	protein2	40.2	6.6	2.6773808
33	protein3	2.4	0.6	1.3
33	rnapol	0.0	0.0	0.0
34	__protein1_rbs	2.0	0.0	0.0
34	__protein2_rbs	2.8	0.0	0.0
34	__protein3_rbs	0.2	0.0	0.0
34	__ribosome	65.0	0.0	0.0
34	__rnase_site_ext	5.2	0.0	0.0
34	p0	0.6	0.0	0.0
34	p2	0.2	0.0	0.0
34	protein1	65.2	5.0	3.0519046000000003
34	protein2	43.6	6.4	2.8278571999999995
34	protein3	2.6	0.6	1.2
34	rnapol	0.2	0.0	0.0
35	__protein1_rbs	2.4	0.0	0.0
35	__protein2_rbs	1.6	0.0	0.0
35	__protein3_rbs	0.4	0.0	0.0
35	__ribosome	65.6	0.0	0.0
35	__rnase_site_ext	5.4	0.0	0.0
35	p0	0.8	0.0	0.0
35	p2	0.6	0.0	0.0
35	protein1	68.6	5.0	2.81
35	protein2	47.2	6.6	2.8214286
35	protein3	3.0	0.6	1.2
35	rnapol	0.0	0.0	0.0
36	__protein1_rbs	2.2	0.0	0.0
36	__protein2_rbs	3.2	0.0	0.0
36	__protein3_rbs	0.6	0.0	0.0
36	__ribosome	65.8	0.0	0.0
36	__rnase_site_ext	5.8	0.0	0.0
36	p0	0.8	0.0	0.0
36	p2	0.2	0.0	0.0
36	protein1	71.2	5.4	2.8092857999999996
36	protein2	50.8	6.8	2.720238
36	protein3	3.4	0.6	0.9
36	rnapol	0.0	0.0	0.0
37	__protein1_rbs	2.4	0.0	0.0
37	__protein2_rbs	2.6	0.0	0.0
37	__protein3_rbs	0.0	0.0	0.0
37	__ribosome	64.2	0.0	0.0
37	__rnase_site_ext	5.8	0.0	0.0
37	p0	1.0	0.0	0.0
37	p2	0.0	0.0	0.0
37	protein1	74.4	5.8	2.4778572
37	protein2	53.4	6.6	2.9773808
37	protein3	3.6	0.8	0.9
37	rnapol	0.0	0.0	0.0
38	__protein1_rbs	2.8	0.0	0.0
38	__protein2_rbs	2.8	0.0	0.0
38	__protein3_rbs	0.4	0.0	0.0
38	__ribosome	64.4	0.0	0.0
38	__rnase_site_ext	6.4	0.0	0.0
38	p0	0.4	0.0	0.0
38	p2	0.2	0.0	0.0
38	protein1	77.4	5.8	2.4559523999999997
38	protein2	57.4	6.6	2.9190474
38	protein3	4.0	1.2	1.1
38	rnapol	0.0	0.0	0.0
39	__protein1_rbs	2.8	0.0	0.0
39	__protein2_rbs	2.4	0.0	0.0
39	__protein3_rbs	0.2	0.0	0.0
39	__ribosome	63.0	0.0	0.0
39	__rnase_site_ext	6.4	0.0	0.0
39	p0	1.0	0.0	0.0
39	p2	0.4	0.0	0.0
39	protein1	79.8	5.8	2.5773808
39	protein2	60.6	6.6	3.0511906000000004
39	protein3	4.4	1.2	1.3
39	rnapol	0.2	0.0	0.0
40	__protein1_rbs	3.4	0.0	0.0
40	__protein2_rbs	3.2	0.0	0.0
40	__protein3_rbs	0.6	0.0	0.0
40	__ribosome	64.0	0.0	0.0
40	__rnase_site_ext	7.0	0.0	0.0
40	p0	0.4	0.0	0.0
40	p2	0.8	0.0	0.0
40	protein1	82.6	6.4	2.3238093999999996
40	protein2	65.4	6.4	2.8483332000000003
40	protein3	4.6	1.4	1.6
40	rnapol	0.2	0.0	0.0
41	__protein1_rbs	4.4	0.0	0.0
41	__protein2_rbs	2.6	0.0	0.0
41	__protein3_rbs	1.0	0.0	0.0
41	__ribosome	64.8	0.0	0.0
41	__rnase_site_ext	7.0	0.0	0.0
41	p0	0.8	0.0	0.0
41	p2	1.0	0.0	0.0
41	protein1	85.8	6.8	2.1461906
41	protein2	69.0	6.0	2.915238
41	protein3	4.6	1.6	1.6
41	rnapol	0.2	0.0	0.0
42	__protein1_rbs	2.8	0.0	0.0
42	__protein2_rbs	3.0	0.0	0.0
42	__protein3_rbs	0.8	0.0	0.0
42	__ribosome	63.6	0.0	0.0
42	__rnase_site_ext	7.2	0.0	0.0
42	p0	0.6	0.0	0.0
42	p2	0.8	0.0	0.0
42	protein1	88.8	6.8	2.3685714
42	protein2	72.6	5.8	2.9261906000000004
42	protein3	5.0	1.8	1.8666666
42	rnapol	0.0	0.0	0.0
43	__protein1_rbs	3.4	0.0	0.0
43	__protein2_rbs	3.2	0.0	0.0
43	__protein3_rbs	1.2	0.0	0.0
43	__ribosome	62.8	0.0	0.0
43	__rnase_site_ext	7.6	0.0	0.0
43	p0	0.4	0.0	0.0
43	p2	1.0	0.0	0.0
43	protein1	91.8	7.2	2.350238
43	protein2	76.2	6.0	2.7340476
43	protein3	5.2	1.8	2.2
43	rnapol	0.0	0.0	0.0
44	__protein1_rbs	2.6	0.0	0.0
44	__protein2_rbs	2.6	0.0	0.0
44	__protein3_rbs	0.8	0.0	0.0
44	__ribosome	62.8	0.0	0.0
44	__rnase_site_ext	7.8	0.0	0.0
44	p0	1.0	0.0	0.0
44	p2	1.0	0.0	0.0
44	protein1	94.8	7.4	2.456039
44	protein2	80.2	6.2	2.4904762000000003
44	protein3	6.2	1.8	1.9666666000000002
44	rnapol	0.0	0.0	0.0
45	__protein1_rbs	2.8	0.0	0.0
45	__protein2_rbs	2.8	0.0	0.0
45	__protein3_rbs	0.4	0.0	0.0
45	__ribosome	59.8	0.0	0.0
45	__rnase_site_ext	8.0	0.0	0.0
45	p0	0.8	0.0	0.0
45	p2	1.0	0.0	0.0
45	protein1	97.2	7.8	2.6206636000000003
45	protein2	83.0	6.2	2.5654762000000004
45	protein3	7.2	1.8	2.0333334
45	rnapol	0.0	0.0	0.0
46	__protein1_rbs	3.6	0.0	0.0
46	__protein2_rbs	2.4	0.0	0.0
46	__protein3_rbs	0.8	0.0	0.0
46	__ribosome	59.4	0.0	0.0
46	__rnase_site_ext	8.2	0.0	0.0
46	p0	0.8	0.0	0.0
46	p2	1.0	0.0	0.0
46	protein1	100.0	7.8	2.7518612
46	protein2	86.8	6.0	2.5902380000000003
46	protein3	7.8	1.8	2.0666666
46	rnapol	0.0	0.0	0.0
47	__protein1_rbs	4.6	0.0	0.0
47	__protein2_rbs	3.2	0.0	0.0
47	__protein3_rbs	0.6	0.0	0.0
47	__ribosome	60.6	0.0	0.0
47	__rnase_site_ext	8.0	0.0	0.0
47	p0	1.0	0.0	0.0
47	p2	0.8	0.0	0.0
47	protein1	104.8	8.0	2.4831168
47	protein2	89.6	6.2	2.4569047999999998
47	protein3	8.6	1.8	2.2666668000000003
47	rnapol	0.2	0.0	0.0
48	__protein1_rbs	3.4	0.0	0.0
48	__protein2_rbs	3.6	0.0	0.0
48	__protein3_rbs	0.4	0.0	0.0
48	__ribosome	57.8	0.0	0.0
48	__rnase_site_ext	8.0	0.0	0.0
48	p0	0.8	0.0	0.0
48	p2	0.8	0.0	0.0
48	protein1	107.2	8.2	2.7427272
48	protein2	92.4	6.6	2.270476
48	protein3	9.6	1.8	2.3666666000000003
48	rnapol	0.0	0.0	0.0
49	__protein1_rbs	4.0	0.0	0.0
49	__protein2_rbs	3.0	0.0	0.0
49	__protein3_rbs	0.8	0.0	0.0
49	__ribosome	56.4	0.0	0.0
49	__rnase_site_ext	8.2	0.0	0.0
49	p0	0.8	0.0	0.0
49	p2	0.6	0.0	0.0
49	protein1	111.2	8.0	2.7756062000000004
49	protein2	95.4	6.8	2.3942856
49	protein3	10.4	1.8	2.6
49	rnapol	0.0	0.0	0.0
50	__protein1_rbs	4.0	0.0	0.0
50	__protein2_rbs	2.8	0.0	0.0
50	__protein3_rbs	0.4	0.0	0.0
50	__ribosome	55.8	0.0	0.0
50	__rnase_site_ext	8.0	0.0	0.0
50	p0	1.0	0.0	0.0
50	p2	0.2	0.0	0.0
50	protein1	116.2	8.2	2.5398052000000004
50	protein2	98.0	7.0	2.5504764
50	protein3	11.4	1.8	2.5333334
50	rnapol	0.0	0.0	0.0
51	__protein1_rbs	2.6	0.0	0.0
51	__protein2_rbs	3.0	0.0	0.0
51	__protein3_rbs	0.8	0.0	0.0
51	__ribosome	54.4	0.0	0.0
51	__rnase_site_ext	8.2	0.0	0.0
51	p0	0.6	0.0	0.0
51	p2	0.8	0.0	0.0
51	protein1	120.4	8.0	2.709091
51	protein2	101.4	7.2	2.5273808000000004
51	protein3	12.0	1.8	2.5333334
51	rnapol	0.2	0.0	0.0
52	__protein1_rbs	4.0	0.0	0.0
52	__protein2_rbs	4.0	0.0	0.0
52	__protein3_rbs	1.0	0.0	0.0
52	__ribosome	55.2	0.0	0.0
52	__rnase_site_ext	8.2	0.0	0.0
52	p0	0.6	0.0	0.0
52	p2	1.0	0.0	0.0
52	protein1	124.8	7.8	2.7272727999999997
52	protein2	104.4	7.8	2.3594156
52	protein3	13.4	1.6	2.5333334
52	rnapol	0.0	0.0	0.0
53	__protein1_rbs	4.2	0.0	0.0
53	__protein2_rbs	4.2	0.0	0.0
53	__protein3_rbs	0.4	0.0	0.0
53	__ribosome	53.8	0.0	0.0
53	__rnase_site_ext	8.4	0.0	0.0
53	p0	1.0	0.0	0.0
53	p2	0.6	0.0	0.0
53	protein1	129.4	8.2	2.6223810000000003
53	protein2	107.6	8.2	2.3572870000000004
53	protein3	14.4	1.6	2.4666666
53	rnapol	0.0	0.0	0.0
54	__protein1_rbs	4.6	0.0	0.0
54	__protein2_rbs	2.8	0.0	0.0
54	__protein3_rbs	0.8	0.0	0.0
54	__ribosome	52.6	0.0	0.0
54	__rnase_site_ext	8.4	0.0	0.0
54	p0	0.8	0.0	0.0
54	p2	0.6	0.0	0.0
54	protein1	133.6	8.4	2.4945237999999996
54	protein2	111.2	8.4	2.5561040000000004
54	protein3	15.4	1.6	2.3333334
54	rnapol	0.0	0.0	0.0
55	__protein1_rbs	5.2	0.0	0.0
55	__protein2_rbs	4.8	0.0	0.0
55	__protein3_rbs	0.8	0.0	0.0
55	__ribosome	54.2	0.0	0.0
55	__rnase_site_ext	8.8	0.0	0.0
55	p0	0.8	0.0	0.0
55	p2	0.4	0.0	0.0
55	protein1	137.4	8.4	2.3842858
55	protein2	114.4	8.6	2.5035714
55	protein3	16.6	1.6	2.0666666
55	rnapol	0.0	0.0	0.0
56	__protein1_rbs	4.2	0.0	0.0
56	__protein2_rbs	2.4	0.0	0.0
56	__protein3_rbs	0.6	0.0	0.0
56	__ribosome	54.0	0.0	0.0
56	__rnase_site_ext	8.8	0.0	0.0
56	p0	0.8	0.0	0.0
56	p2	0.8	0.0	0.0
56	protein1	142.0	8.6	2.3402380000000003
56	protein2	119.8	8.4	2.652987
56	protein3	17.8	1.6	2.1
56	rnapol	0.0	0.0	0.0
57	__protein1_rbs	3.8	0.0	0.0
57	__protein2_rbs	4.2	0.0	0.0
57	__protein3_rbs	0.6	0.0	0.0
57	__ribosome	51.6	0.0	0.0
57	__rnase_site_ext	9.2	0.0	0.0
57	p0	0.6	0.0	0.0
57	p2	0.4	0.0	0.0
57	protein1	146.0	8.8	2.44
57	protein2	123.2	8.6	2.7145744
57	protein3	18.6	1.8	1.9666666000000002
57	rnapol	0.0	0.0	0.0
58	__protein1_rbs	4.2	0.0	0.0
58	__protein2_rbs	4.8	0.0	0.0
58	__protein3_rbs	0.8	0.0	0.0
58	__ribosome	54.2	0.0	0.0
58	__rnase_site_ext	9.2	0.0	0.0
58	p0	1.0	0.0	0.0
58	p2	0.2	0.0	0.0
58	protein1	150.8	9.0	2.3394444
58	protein2	127.6	8.6	2.6221716
58	protein3	19.8	1.6	2.3333334
58	rnapol	0.0	0.0	0.0
59	__protein1_rbs	4.6	0.0	0.0
59	__protein2_rbs	3.4	0.0	0.0
59	__protein3_rbs	0.8	0.0	0.0
59	__ribosome	52.2	0.0	0.0
59	__rnase_site_ext	9.4	0.0	0.0
59	p0	0.4	0.0	0.0
59	p2	0.6	0.0	0.0
59	protein1	154.2	9.2	2.41
59	protein2	132.2	8.6	2.641616
59	protein3	20.4	1.6	2.3
59	rnapol	0.0	0.0	0.0
60	__protein1_rbs	3.6	0.0	0.0
60	__protein2_rbs	4.4	0.0	0.0
60	__protein3_rbs	1.4	0.0	0.0
60	__ribosome	50.4	0.0	0.0
60	__rnase_site_ext	10.0	0.0	0.0
60	p0	0.4	0.0	0.0
60	p2	0.6	0.0	0.0
60	protein1	158.0	9.2	2.5583334
60	protein2	136.4	9.0	2.5633334000000003
60	protein3	20.8	1.6	2.3
60	rnapol	0.0	0.0	0.0
61	__protein1_rbs	4.6	0.0	0.0
61	__protein2_rbs	4.8	0.0	0.0
61	__protein3_rbs	0.4	0.0	0.0
61	__ribosome	49.6	0.0	0.0
61	__rnase_site_ext	9.6	0.0	0.0
61	p0	0.6	0.0	0.0
61	p2	0.6	0.0	0.0
61	protein1	162.2	9.8	2.5009516
61	protein2	141.4	9.4	2.440909
61	protein3	21.6	1.4	2.7666666
61	rnapol	0.0	0.0	0.0
62	__protein1_rbs	4.4	0.0	0.0
62	__protein2_rbs	5.4	0.0	0.0
62	__protein3_rbs	0.8	0.0	0.0
62	__ribosome	49.4	0.0	0.0
62	__rnase_site_ext	10.2	0.0	0.0
62	p0	0.8	0.0	0.0
62	p2	0.8	0.0	0.0
62	protein1	167.6	9.8	2.577578
62	protein2	145.2	9.2	2.5193938
62	protein3	22.6	1.4	2.3
62	rnapol	0.2	0.0	0.0
63	__protein1_rbs	5.8	0.0	0.0
63	__protein2_rbs	4.0	0.0	0.0
63	__protein3_rbs	0.6	0.0	0.0
63	__ribosome	48.8	0.0	0.0
63	__rnase_site_ext	10.4	0.0	0.0
63	p0	0.8	0.0	0.0
63	p2	1.0	0.0	0.0
63	protein1	171.6	10.2	2.5273807999999995
63	protein2	149.8	9.4	2.4504546
63	protein3	23.8	1.4	1.8666666
63	rnapol	0.0	0.0	0.0
64	__protein1_rbs	3.4	0.0	0.0
64	__protein2_rbs	6.0	0.0	0.0
64	__protein3_rbs	0.8	0.0	0.0
64	__ribosome	47.8	0.0	0.0
64	__rnase_site_ext	10.4	0.0	0.0
64	p0	1.0	0.0	0.0
64	p2	0.8	0.0	0.0
64	protein1	175.4	10.4	2.722692400000001
64	protein2	154.6	9.6	2.2113132
64	protein3	24.4	1.4	2.1666666
64	rnapol	0.0	0.0	0.0
65	__protein1_rbs	5.6	0.0	0.0
65	__protein2_rbs	5.6	0.0	0.0
65	__protein3_rbs	0.6	0.0	0.0
65	__ribosome	50.0	0.0	0.0
65	__rnase_site_ext	10.4	0.0	0.0
65	p0	1.0	0.0	0.0
65	p2	0.6	0.0	0.0
65	protein1	182.0	10.4	2.5021978
65	protein2	158.8	9.6	2.1735354
65	protein3	24.8	1.6	2.25
65	rnapol	0.0	0.0	0.0
66	__protein1_rbs	5.2	0.0	0.0
66	__protein2_rbs	4.8	0.0	0.0
66	__protein3_rbs	0.8	0.0	0.0
66	__ribosome	49.6	0.0	0.0
66	__rnase_site_ext	10.4	0.0	0.0
66	p0	0.8	0.0	0.0
66	p2	0.4	0.0	0.0
66	protein1	186.8	10.4	2.4365933999999996
66	protein2	163.6	9.8	2.2037112000000003
66	protein3	25.8	1.6	2.2
66	rnapol	0.0	0.0	0.0
67	__protein1_rbs	4.6	0.0	0.0
67	__protein2_rbs	5.2	0.0	0.0
67	__protein3_rbs	0.4	0.0	0.0
67	__ribosome	49.4	0.0	0.0
67	__rnase_site_ext	10.0	0.0	0.0
67	p0	0.8	0.0	0.0
67	p2	0.6	0.0	0.0
67	protein1	191.8	10.4	2.4882968
67	protein2	168.6	9.6	2.1750582
67	protein3	26.6	1.6	2.25
67	rnapol	0.0	0.0	0.0
68	__protein1_rbs	4.2	0.0	0.0
68	__protein2_rbs	5.2	0.0	0.0
68	__protein3_rbs	0.4	0.0	0.0
68	__ribosome	48.8	0.0	0.0
68	__rnase_site_ext	10.2	0.0	0.0
68	p0	1.0	0.0	0.0
68	p2	0.8	0.0	0.0
68	protein1	197.2	10.2	2.531044
68	protein2	172.6	10.2	2.143254
68	protein3	27.2	1.6	2.35
68	rnapol	0.0	0.0	0.0
69	__protein1_rbs	5.0	0.0	0.0
69	__protein2_rbs	5.2	0.0	0.0
69	__protein3_rbs	0.6	0.0	0.0
69	__ribosome	45.8	0.0	0.0
69	__rnase_site_ext	10.4	0.0	0.0
69	p0	0.8	0.0	0.0
69	p2	0.6	0.0	0.0
69	protein1	201.6	10.2	2.5677046000000003
69	protein2	175.4	10.4	2.295238
69	protein3	28.4	1.8	2.2
69	rnapol	0.0	0.0	0.0
70	__protein1_rbs	5.0	0.0	0.0
70	__protein2_rbs	6.6	0.0	0.0
70	__protein3_rbs	0.8	0.0	0.0
70	__ribosome	46.4	0.0	0.0
70	__rnase_site_ext	10.4	0.0	0.0
70	p0	0.6	0.0	0.0
70	p2	0.8	0.0	0.0
70	protein1	207.4	10.2	2.560653
70	protein2	180.0	10.8	2.1725252000000004
70	protein3	28.8	2.0	2.35
70	rnapol	0.0	0.0	0.0
71	__protein1_rbs	5.4	0.0	0.0
71	__protein2_rbs	5.2	0.0	0.0
71	__protein3_rbs	1.6	0.0	0.0
71	__ribosome	45.2	0.0	0.0
71	__rnase_site_ext	10.4	0.0	0.0
71	p0	1.0	0.0	0.0
71	p2	0.8	0.0	0.0
71	protein1	212.4	10.4	2.5857692
71	protein2	184.4	11.0	2.2688888
71	protein3	29.8	2.0	2.05
71	rnapol	0.0	0.0	0.0
72	__protein1_rbs	5.4	0.0	0.0
72	__protein2_rbs	4.8	0.0	0.0
72	__protein3_rbs	0.6	0.0	0.0
72	__ribosome	43.2	0.0	0.0
72	__rnase_site_ext	10.4	0.0	0.0
72	p0	1.0	0.0	0.0
72	p2	0.6	0.0	0.0
72	protein1	217.6	10.4	2.4726774
72	protein2	188.8	11.0	2.45
72	protein3	30.6	2.0	2.5
72	rnapol	0.0	0.0	0.0
73	__protein1_rbs	6.0	0.0	0.0
73	__protein2_rbs	6.4	0.0	0.0
73	__protein3_rbs	0.6	0.0	0.0
73	__ribosome	45.2	0.0	0.0
73	__rnase_site_ext	10.2	0.0	0.0
73	p0	1.0	0.0	0.0
73	p2	0.8	0.0	0.0
73	protein1	222.6	10.4	2.467832
73	protein2	194.2	11.0	2.2875642000000003
73	protein3	31.6	2.2	2.45
73	rnapol	0.2	0.0	0.0
74	__protein1_rbs	4.0	0.0	0.0
74	__protein2_rbs	5.2	0.0	0.0
74	__protein3_rbs	1.2	0.0	0.0
74	__ribosome	42.8	0.0	0.0
74	__rnase_site_ext	10.4	0.0	0.0
74	p0	0.4	0.0	0.0
74	p2	0.4	0.0	0.0
74	protein1	228.2	10.4	2.5074426
74	protein2	198.2	11.0	2.447436
74	protein3	32.6	2.2	2.6
74	rnapol	0.2	0.0	0.0
75	__protein1_rbs	4.8	0.0	0.0
75	__protein2_rbs	6.4	0.0	0.0
75	__protein3_rbs	1.8	0.0	0.0
75	__ribosome	43.0	0.0	0.0
75	__rnase_site_ext	10.8	0.0	0.0
75	p0	0.6	0.0	0.0
75	p2	0.4	0.0	0.0
75	protein1	233.8	10.4	2.5106062
75	protein2	203.2	11.4	2.3620298
75	protein3	33.4	2.6	2.0333334
75	rnapol	0.0	0.0	0.0
76	__protein1_rbs	6.4	0.0	0.0
76	__protein2_rbs	5.6	0.0	0.0
76	__protein3_rbs	1.6	0.0	0.0
76	__ribosome	43.8	0.0	0.0
76	__rnase_site_ext	11.0	0.0	0.0
76	p0	0.8	0.0	0.0
76	p2	0.4	0.0	0.0
76	protein1	238.2	10.6	2.4777554
76	protein2	209.6	11.2	2.3172650000000004
76	protein3	34.2	2.6	2.0166666
76	rnapol	0.0	0.0	0.0
77	__protein1_rbs	6.0	0.0	0.0
77	__protein2_rbs	6.0	0.0	0.0
77	__protein3_rbs	1.4	0.0	0.0
77	__ribosome	45.0	0.0	0.0
77	__rnase_site_ext	11.2	0.0	0.0
77	p0	0.6	0.0	0.0
77	p2	0.6	0.0	0.0
77	protein1	243.8	11.0	2.2347374
77	protein2	215.2	11.2	2.363718
77	protein3	35.8	2.6	2.0333334
77	rnapol	0.0	0.0	0.0
78	__protein1_rbs	6.6	0.0	0.0
78	__protein2_rbs	6.4	0.0	0.0
78	__protein3_rbs	1.4	0.0	0.0
78	__ribosome	43.0	0.0	0.0
78	__rnase_site_ext	11.8	0.0	0.0
78	p0	0.6	0.0	0.0
78	p2	0.8	0.0	0.0
78	protein1	247.8	11.2	2.1974662
78	protein2	219.2	11.0	2.5163636
78	protein3	36.8	2.8	1.95
78	rnapol	0.0	0.0	0.0
79	__protein1_rbs	6.4	0.0	0.0
79	__protein2_rbs	6.0	0.0	0.0
79	__protein3_rbs	1.2	0.0	0.0
79	__ribosome	43.6	0.0	0.0
79	__rnase_site_ext	11.8	0.0	0.0
79	p0	1.0	0.0	0.0
79	p2	0.8	0.0	0.0
79	protein1	254.2	11.6	2.0386264
79	protein2	225.2	11.4	2.3864532000000005
79	protein3	37.6	2.8	2.25
79	rnapol	0.0	0.0	0.0
80	__protein1_rbs	5.6	0.0	0.0
80	__protein2_rbs	6.4	0.0	0.0
80	__protein3_rbs	2.0	0.0	0.0
80	__ribosome	43.0	0.0	0.0
80	__rnase_site_ext	12.2	0.0	0.0
80	p0	0.6	0.0	0.0
80	p2	0.6	0.0	0.0
80	protein1	259.0	11.8	2.1552564
80	protein2	230.2	11.4	2.283248
80	protein3	38.6	2.8	2.3833333999999997
80	rnapol	0.0	0.0	0.0
81	__protein1_rbs	7.4	0.0	0.0
81	__protein2_rbs	5.0	0.0	0.0
81	__protein3_rbs	1.4	0.0	0.0
81	__ribosome	41.4	0.0	0.0
81	__rnase_site_ext	12.2	0.0	0.0
81	p0	0.8	0.0	0.0
81	p2	0.4	0.0	0.0
81	protein1	263.2	12.0	2.0832478
81	protein2	235.4	11.4	2.3691880000000003
81	protein3	39.6	3.0	2.5666666
81	rnapol	0.0	0.0	0.0
82	__protein1_rbs	7.2	0.0	0.0
82	__protein2_rbs	7.4	0.0	0.0
82	__protein3_rbs	1.6	0.0	0.0
82	__ribosome	43.2	0.0	0.0
82	__rnase_site_ext	12.2	0.0	0.0
82	p0	1.0	0.0	0.0
82	p2	0.6	0.0	0.0
82	protein1	268.0	12.2	2.0639936000000003
82	protein2	240.6	11.4	2.2907264
82	protein3	41.4	2.8	2.3666668
82	rnapol	0.0	0.0	0.0
83	__protein1_rbs	5.8	0.0	0.0
83	__protein2_rbs	6.0	0.0	0.0
83	__protein3_rbs	1.6	0.0	0.0
83	__ribosome	41.6	0.0	0.0
83	__rnase_site_ext	12.4	0.0	0.0
83	p0	0.6	0.0	0.0
83	p2	1.0	0.0	0.0
83	protein1	273.0	12.2	2.1467644
83	protein2	245.6	11.6	2.3875902
83	protein3	42.6	2.6	2.6333333999999997
83	rnapol	0.0	0.0	0.0
84	__protein1_rbs	6.8	0.0	0.0
84	__protein2_rbs	6.0	0.0	0.0
84	__protein3_rbs	1.8	0.0	0.0
84	__ribosome	40.8	0.0	0.0
84	__rnase_site_ext	12.4	0.0	0.0
84	p0	1.0	0.0	0.0
84	p2	0.6	0.0	0.0
84	protein1	278.0	12.2	2.1991452
84	protein2	250.6	12.0	2.2666666
84	protein3	44.4	3.0	2.0
84	rnapol	0.0	0.0	0.0
85	__protein1_rbs	7.0	0.0	0.0
85	__protein2_rbs	7.4	0.0	0.0
85	__protein3_rbs	1.8	0.0	0.0
85	__ribosome	41.8	0.0	0.0
85	__rnase_site_ext	12.4	0.0	0.0
85	p0	1.0	0.0	0.0
85	p2	0.6	0.0	0.0
85	protein1	284.0	12.6	2.1002136
85	protein2	255.2	12.2	2.2384526
85	protein3	46.0	3.0	1.9166666
85	rnapol	0.0	0.0	0.0
86	__protein1_rbs	7.2	0.0	0.0
86	__protein2_rbs	6.2	0.0	0.0
86	__protein3_rbs	1.0	0.0	0.0
86	__ribosome	41.2	0.0	0.0
86	__rnase_site_ext	12.0	0.0	0.0
86	p0	0.6	0.0	0.0
86	p2	1.0	0.0	0.0
86	protein1	288.8	12.4	2.1699113999999997
86	protein2	261.8	11.8	2.2793652
86	protein3	47.2	3.0	2.2
86	rnapol	0.0	0.0	0.0
87	__protein1_rbs	7.6	0.0	0.0
87	__protein2_rbs	6.4	0.0	0.0
87	__protein3_rbs	1.4	0.0	0.0
87	__ribosome	39.2	0.0	0.0
87	__rnase_site_ext	12.2	0.0	0.0
87	p0	0.8	0.0	0.0
87	p2	0.8	0.0	0.0
87	protein1	293.4	12.2	2.2139438
87	protein2	266.6	12.4	2.1919598
87	protein3	47.8	3.0	2.4
87	rnapol	0.0	0.0	0.0
88	__protein1_rbs	6.4	0.0	0.0
88	__protein2_rbs	7.6	0.0	0.0
88	__protein3_rbs	2.2	0.0	0.0
88	__ribosome	41.2	0.0	0.0
88	__rnase_site_ext	12.2	0.0	0.0
88	p0	1.0	0.0	0.0
88	p2	0.6	0.0	0.0
88	protein1	299.6	12.2	2.1753846
88	protein2	271.6	12.4	2.1542888
88	protein3	49.2	2.8	2.25
88	rnapol	0.0	0.0	0.0
89	__protein1_rbs	6.4	0.0	0.0
89	__protein2_rbs	6.4	0.0	0.0
89	__protein3_rbs	1.6	0.0	0.0
89	__ribosome	40.2	0.0	0.0
89	__rnase_site_ext	12.2	0.0	0.0
89	p0	0.6	0.0	0.0
89	p2	0.6	0.0	0.0
89	protein1	305.0	12.2	2.2305496
89	protein2	277.2	12.8	2.1115384
89	protein3	50.4	2.8	2.3666666000000003
89	rnapol	0.2	0.0	0.0
90	__protein1_rbs	6.4	0.0	0.0
90	__protein2_rbs	6.8	0.0	0.0
90	__protein3_rbs	1.4	0.0	0.0
90	__ribosome	39.8	0.0	0.0
90	__rnase_site_ext	12.2	0.0	0.0
90	p0	0.8	0.0	0.0
90	p2	0.4	0.0	0.0
90	protein1	309.8	12.2	2.2358242
90	protein2	282.8	12.6	2.1076076
90	protein3	51.6	2.8	2.5666667999999997
90	rnapol	0.0	0.0	0.0
91	__protein1_rbs	6.6	0.0	0.0
91	__protein2_rbs	7.0	0.0	0.0
91	__protein3_rbs	1.2	0.0	0.0
91	__ribosome	40.2	0.0	0.0
91	__rnase_site_ext	12.2	0.0	0.0
91	p0	0.8	0.0	0.0
91	p2	0.6	0.0	0.0
91	protein1	316.4	12.4	2.0705628000000003
91	protein2	287.6	12.8	2.1866298
91	protein3	53.2	2.8	2.5333336
91	rnapol	0.0	0.0	0.0
92	__protein1_rbs	6.4	0.0	0.0
92	__protein2_rbs	6.4	0.0	0.0
92	__protein3_rbs	2.2	0.0	0.0
92	__ribosome	39.6	0.0	0.0
92	__rnase_site_ext	12.6	0.0	0.0
92	p0	0.6	0.0	0.0
92	p2	0.8	0.0	0.0
92	protein1	321.2	12.0	2.2810938
92	protein2	293.0	13.0	2.1609467999999996
92	protein3	55.2	2.8	2.1
92	rnapol	0.0	0.0	0.0
93	__protein1_rbs	7.0	0.0	0.0
93	__protein2_rbs	7.0	0.0	0.0
93	__protein3_rbs	1.4	0.0	0.0
93	__ribosome	38.4	0.0	0.0
93	__rnase_site_ext	12.2	0.0	0.0
93	p0	1.0	0.0	0.0
93	p2	0.4	0.0	0.0
93	protein1	326.8	12.4	2.2415152000000003
93	protein2	297.4	12.8	2.2752874000000007
93	protein3	56.2	2.8	2.2666668000000003
93	rnapol	0.0	0.0	0.0
94	__protein1_rbs	5.6	0.0	0.0
94	__protein2_rbs	6.2	0.0	0.0
94	__protein3_rbs	1.4	0.0	0.0
94	__ribosome	36.6	0.0	0.0
94	__rnase_site_ext	12.0	0.0	0.0
94	p0	1.0	0.0	0.0
94	p2	0.4	0.0	0.0
94	protein1	331.0	12.4	2.3843134
94	protein2	304.4	12.8	2.1859576
94	protein3	57.6	2.8	2.2666668000000003
94	rnapol	0.0	0.0	0.0
95	__protein1_rbs	9.0	0.0	0.0
95	__protein2_rbs	6.0	0.0	0.0
95	__protein3_rbs	1.6	0.0	0.0
95	__ribosome	38.6	0.0	0.0
95	__rnase_site_ext	12.4	0.0	0.0
95	p0	0.8	0.0	0.0
95	p2	0.6	0.0	0.0
95	protein1	337.6	12.2	2.0707214
95	protein2	309.0	13.2	2.2826948
95	protein3	58.4	2.8	2.4
95	rnapol	0.0	0.0	0.0
96	__protein1_rbs	7.2	0.0	0.0
96	__protein2_rbs	6.8	0.0	0.0
96	__protein3_rbs	1.8	0.0	0.0
96	__ribosome	40.8	0.0	0.0
96	__rnase_site_ext	12.8	0.0	0.0
96	p0	0.8	0.0	0.0
96	p2	0.6	0.0	0.0
96	protein1	342.8	12.4	2.0766118000000002
96	protein2	316.0	13.2	2.1796862000000004
96	protein3	60.4	3.0	1.8833334
96	rnapol	0.0	0.0	0.0
97	__protein1_rbs	7.6	0.0	0.0
97	__protein2_rbs	7.2	0.0	0.0
97	__protein3_rbs	2.0	0.0	0.0
97	__ribosome	39.6	0.0	0.0
97	__rnase_site_ext	12.6	0.0	0.0
97	p0	0.8	0.0	0.0
97	p2	0.8	0.0	0.0
97	protein1	348.0	12.6	2.015238
97	protein2	320.6	13.4	2.2494804
97	protein3	60.8	3.0	2.1333333999999997
97	rnapol	0.2	0.0	0.0
98	__protein1_rbs	6.0	0.0	0.0
98	__protein2_rbs	7.2	0.0	0.0
98	__protein3_rbs	2.0	0.0	0.0
98	__ribosome	38.0	0.0	0.0
98	__rnase_site_ext	12.8	0.0	0.0
98	p0	1.0	0.0	0.0
98	p2	0.8	0.0	0.0
98	protein1	353.4	12.4	2.182886
98	protein2	327.0	13.4	2.2305843999999997
98	protein3	62.4	3.2	1.9333332
98	rnapol	0.0	0.0	0.0
99	__protein1_rbs	7.2	0.0	0.0
99	__protein2_rbs	9.0	0.0	0.0
99	__protein3_rbs	2.0	0.0	0.0
99	__ribosome	39.8	0.0	0.0
99	__rnase_site_ext	12.8	0.0	0.0
99	p0	1.0	0.0	0.0
99	p2	1.0	0.0	0.0
99	protein1	359.4	12.8	2.0258168000000003
99	protein2	332.4	13.8	2.1275
99	protein3	63.8	3.2	1.8166666
99	rnapol	0.0	0.0	0.0
100	__protein1_rbs	8.4	0.0	0.0
100	__protein2_rbs	7.2	0.0	0.0
100	__protein3_rbs	1.6	0.0	0.0
100	__ribosome	38.2	0.0	0.0
100	__rnase_site_ext	13.0	0.0	0.0
100	p0	0.6	0.0	0.0
100	p2	0.8	0.0	0.0
100	protein1	363.4	12.8	2.0652222
100	protein2	338.8	14.2	2.0219698
100	protein3	64.8	3.4	2.0166666
100	rnapol	0.0	0.0	0.0
101	__protein1_rbs	6.2	0.0	0.0
101	__protein2_rbs	8.6	0.0	0.0
101	__protein3_rbs	1.6	0.0	0.0
101	__ribosome	36.8	0.0	0.0
101	__rnase_site_ext	13.0	0.0	0.0
101	p0	1.0	0.0	0.0
101	p2	0.8	0.0	0.0
101	protein1	367.6	12.6	2.3541990000000004
101	protein2	346.0	14.0	1.94
101	protein3	66.2	3.4	2.0666668
101	rnapol	0.2	0.0	0.0
102	__protein1_rbs	6.2	0.0	0.0
102	__protein2_rbs	8.6	0.0	0.0
102	__protein3_rbs	2.2	0.0	0.0
102	__ribosome	36.8	0.0	0.0
102	__rnase_site_ext	13.0	0.0	0.0
102	p0	0.8	0.0	0.0
102	p2	0.4	0.0	0.0
102	protein1	374.2	13.0	2.2884849999999997
102	protein2	351.4	13.8	2.0006817999999997
102	protein3	67.8	3.4	1.9666666000000002
102	rnapol	0.0	0.0	0.0
103	__protein1_rbs	8.4	0.0	0.0
103	__protein2_rbs	7.2	0.0	0.0
103	__protein3_rbs	2.4	0.0	0.0
103	__ribosome	35.8	0.0	0.0
103	__rnase_site_ext	13.2	0.0	0.0
103	p0	0.8	0.0	0.0
103	p2	0.6	0.0	0.0
103	protein1	380.0	13.0	2.2149224
103	protein2	356.4	13.8	2.138182
103	protein3	69.0	3.4	1.9166666
103	rnapol	0.2	0.0	0.0
104	__protein1_rbs	8.6	0.0	0.0
104	__protein2_rbs	9.0	0.0	0.0
104	__protein3_rbs	1.0	0.0	0.0
104	__ribosome	36.8	0.0	0.0
104	__rnase_site_ext	13.6	0.0	0.0
104	p0	0.4	0.0	0.0
104	p2	0.6	0.0	0.0
104	protein1	386.2	13.2	2.0471836000000003
104	protein2	361.8	14.4	2.0402714000000004
104	protein3	70.2	3.4	2.2333332
104	rnapol	0.2	0.0	0.0
105	__protein1_rbs	8.2	0.0	0.0
105	__protein2_rbs	6.8	0.0	0.0
105	__protein3_rbs	2.2	0.0	0.0
105	__ribosome	36.8	0.0	0.0
105	__rnase_site_ext	13.8	0.0	0.0
105	p0	0.8	0.0	0.0
105	p2	0.4	0.0	0.0
105	protein1	391.8	13.2	2.0610338
105	protein2	368.0	13.8	2.199608
105	protein3	71.8	3.4	2.1
105	rnapol	0.0	0.0	0.0
106	__protein1_rbs	8.0	0.0	0.0
106	__protein2_rbs	6.0	0.0	0.0
106	__protein3_rbs	1.6	0.0	0.0
106	__ribosome	36.6	0.0	0.0
106	__rnase_site_ext	13.4	0.0	0.0
106	p0	0.8	0.0	0.0
106	p2	0.4	0.0	0.0
106	protein1	398.2	13.8	1.884996
106	protein2	374.2	13.8	2.2315907999999998
106	protein3	73.4	3.4	2.15
106	rnapol	0.0	0.0	0.0
107	__protein1_rbs	7.2	0.0	0.0
107	__protein2_rbs	7.8	0.0	0.0
107	__protein3_rbs	1.8	0.0	0.0
107	__ribosome	36.6	0.0	0.0
107	__rnase_site_ext	13.4	0.0	0.0
107	p0	0.8	0.0	0.0
107	p2	0.6	0.0	0.0
107	protein1	404.4	13.4	1.9518894
107	protein2	379.8	14.0	2.1924243999999997
107	protein3	75.0	3.4	2.1666666
107	rnapol	0.0	0.0	0.0
108	__protein1_rbs	8.2	0.0	0.0
108	__protein2_rbs	9.0	0.0	0.0
108	__protein3_rbs	1.8	0.0	0.0
108	__ribosome	36.4	0.0	0.0
108	__rnase_site_ext	13.8	0.0	0.0
108	p0	0.6	0.0	0.0
108	p2	1.0	0.0	0.0
108	protein1	409.0	13.4	2.0064396
108	protein2	386.2	13.8	2.1534072
108	protein3	76.0	3.4	2.4566666
108	rnapol	0.2	0.0	0.0
109	__protein1_rbs	8.2	0.0	0.0
109	__protein2_rbs	8.0	0.0	0.0
109	__protein3_rbs	2.2	0.0	0.0
109	__ribosome	36.6	0.0	0.0
109	__rnase_site_ext	13.8	0.0	0.0
109	p0	1.0	0.0	0.0
109	p2	0.6	0.0	0.0
109	protein1	414.0	13.6	1.9816666
109	protein2	391.2	13.6	2.2104762000000004
109	protein3	78.2	3.2	2.2333334
109	rnapol	0.0	0.0	0.0
110	__protein1_rbs	8.2	0.0	0.0
110	__protein2_rbs	7.6	0.0	0.0
110	__protein3_rbs	1.6	0.0	0.0
110	__ribosome	35.8	0.0	0.0
110	__rnase_site_ext	13.8	0.0	0.0
110	p0	1.0	0.0	0.0
110	p2	0.4	0.0	0.0
110	protein1	418.4	13.8	2.035513
110	protein2	398.4	13.8	2.1024244
110	protein3	79.2	3.2	2.4666667999999996
110	rnapol	0.0	0.0	0.0
111	__protein1_rbs	7.2	0.0	0.0
111	__protein2_rbs	9.4	0.0	0.0
111	__protein3_rbs	2.8	0.0	0.0
111	__ribosome	38.6	0.0	0.0
111	__rnase_site_ext	13.8	0.0	0.0
111	p0	0.8	0.0	0.0
111	p2	0.6	0.0	0.0
111	protein1	425.0	13.8	2.0391666
111	protein2	404.2	14.0	1.970066
111	protein3	81.2	3.2	1.8866666000000003
111	rnapol	0.2	0.0	0.0
112	__protein1_rbs	7.2	0.0	0.0
112	__protein2_rbs	7.6	0.0	0.0
112	__protein3_rbs	1.4	0.0	0.0
112	__ribosome	36.4	0.0	0.0
112	__rnase_site_ext	14.0	0.0	0.0
112	p0	1.0	0.0	0.0
112	p2	0.8	0.0	0.0
112	protein1	430.4	13.8	2.1396062
112	protein2	411.0	13.8	2.0311594
112	protein3	82.6	3.2	2.0933333999999997
112	rnapol	0.2	0.0	0.0
113	__protein1_rbs	7.0	0.0	0.0
113	__protein2_rbs	8.2	0.0	0.0
113	__protein3_rbs	2.0	0.0	0.0
113	__ribosome	34.4	0.0	0.0
113	__rnase_site_ext	14.0	0.0	0.0
113	p0	0.8	0.0	0.0
113	p2	0.6	0.0	0.0
113	protein1	436.2	14.0	2.1612636000000003
113	protein2	415.2	14.0	2.0892676000000003
113	protein3	84.4	3.2	1.9266666
113	rnapol	0.0	0.0	0.0
114	__protein1_rbs	9.0	0.0	0.0
114	__protein2_rbs	7.8	0.0	0.0
114	__protein3_rbs	2.2	0.0	0.0
114	__ribosome	35.6	0.0	0.0
114	__rnase_site_ext	14.2	0.0	0.0
114	p0	0.8	0.0	0.0
114	p2	0.8	0.0	0.0
114	protein1	441.8	14.0	2.1311814
114	protein2	422.2	14.4	1.9756881999999998
114	protein3	85.4	3.4	1.8666666
114	rnapol	0.0	0.0	0.0
115	__protein1_rbs	8.2	0.0	0.0
115	__protein2_rbs	9.0	0.0	0.0
115	__protein3_rbs	1.6	0.0	0.0
115	__ribosome	35.6	0.0	0.0
115	__rnase_site_ext	14.2	0.0	0.0
115	p0	1.0	0.0	0.0
115	p2	0.8	0.0	0.0
115	protein1	447.0	14.2	2.1525208000000005
115	protein2	428.0	14.4	1.9064712
115	protein3	86.8	3.4	2.0066666
115	rnapol	0.2	0.0	0.0
116	__protein1_rbs	8.4	0.0	0.0
116	__protein2_rbs	8.4	0.0	0.0
116	__protein3_rbs	2.6	0.0	0.0
116	__ribosome	34.8	0.0	0.0
116	__rnase_site_ext	14.4	0.0	0.0
116	p0	0.6	0.0	0.0
116	p2	1.0	0.0	0.0
116	protein1	452.8	14.2	2.155042
116	protein2	433.0	14.8	1.9549774
116	protein3	88.0	3.4	1.7733333999999998
116	rnapol	0.0	0.0	0.0
117	__protein1_rbs	6.4	0.0	0.0
117	__protein2_rbs	9.4	0.0	0.0
117	__protein3_rbs	2.2	0.0	0.0
117	__ribosome	37.0	0.0	0.0
117	__rnase_site_ext	14.6	0.0	0.0
117	p0	1.0	0.0	0.0
117	p2	0.8	0.0	0.0
117	protein1	460.2	14.2	2.1004202000000003
117	protein2	439.6	15.0	1.8462184
117	protein3	89.4	3.4	1.5733334
117	rnapol	0.0	0.0	0.0
118	__protein1_rbs	7.6	0.0	0.0
118	__protein2_rbs	7.8	0.0	0.0
118	__protein3_rbs	1.6	0.0	0.0
118	__ribosome	32.6	0.0	0.0
118	__rnase_site_ext	14.6	0.0	0.0
118	p0	1.0	0.0	0.0
118	p2	0.8	0.0	0.0
118	protein1	466.8	14.6	2.0781792
118	protein2	443.4	15.0	2.106579
118	protein3	91.0	3.2	1.8
118	rnapol	0.0	0.0	0.0
119	__protein1_rbs	7.2	0.0	0.0
119	__protein2_rbs	9.0	0.0	0.0
119	__protein3_rbs	1.8	0.0	0.0
119	__ribosome	32.8	0.0	0.0
119	__rnase_site_ext	14.8	0.0	0.0
119	p0	1.0	0.0	0.0
119	p2	0.6	0.0	0.0
119	protein1	473.0	14.6	2.18042
119	protein2	450.6	15.4	1.96
119	protein3	92.2	3.2	1.75
119	rnapol	0.2	0.0	0.0
120	__protein1_rbs	9.4	0.0	0.0
120	__protein2_rbs	10.2	0.0	0.0
120	__protein3_rbs	1.4	0.0	0.0
120	__ribosome	31.8	0.0	0.0
120	__rnase_site_ext	15.0	0.0	0.0
120	p0	0.6	0.0	0.0
120	p2	0.6	0.0	0.0
120	protein1	478.0	14.8	2.1827452000000003
120	protein2	456.2	15.4	1.9333334
120	protein3	93.4	3.4	1.85
120	rnapol	0.2	0.0	0.0
121	__protein1_rbs	9.0	0.0	0.0
121	__protein2_rbs	8.6	0.0	0.0
121	__protein3_rbs	1.8	0.0	0.0
121	__ribosome	30.8	0.0	0.0
121	__rnase_site_ext	15.4	0.0	0.0
121	p0	0.8	0.0	0.0
121	p2	0.6	0.0	0.0
121	protein1	484.6	15.0	2.1186726
121	protein2	461.8	15.6	2.0138282
121	protein3	94.8	3.2	1.9866666000000002
121	rnapol	0.0	0.0	0.0
122	__protein1_rbs	8.2	0.0	0.0
122	__protein2_rbs	9.2	0.0	0.0
122	__protein3_rbs	1.8	0.0	0.0
122	__ribosome	29.4	0.0	0.0
122	__rnase_site_ext	15.8	0.0	0.0
122	p0	0.8	0.0	0.0
122	p2	0.6	0.0	0.0
122	protein1	491.0	15.4	2.1115336
122	protein2	468.6	15.4	2.020355
122	protein3	95.6	3.2	2.2166666
122	rnapol	0.0	0.0	0.0
123	__protein1_rbs	9.0	0.0	0.0
123	__protein2_rbs	9.4	0.0	0.0
123	__protein3_rbs	1.2	0.0	0.0
123	__ribosome	29.8	0.0	0.0
123	__rnase_site_ext	16.0	0.0	0.0
123	p0	0.8	0.0	0.0
123	p2	0.8	0.0	0.0
123	protein1	497.8	15.8	2.0358824
123	protein2	475.0	15.4	2.0105508000000003
123	protein3	97.0	3.2	2.2666666
123	rnapol	0.0	0.0	0.0
124	__protein1_rbs	9.4	0.0	0.0
124	__protein2_rbs	8.8	0.0	0.0
124	__protein3_rbs	1.8	0.0	0.0
124	__ribosome	31.2	0.0	0.0
124	__rnase_site_ext	16.4	0.0	0.0
124	p0	0.8	0.0	0.0
124	p2	0.6	0.0	0.0
124	protein1	505.2	16.0	1.9183824
124	protein2	480.8	15.4	2.029225
124	protein3	98.6	3.2	2.14
124	rnapol	0.0	0.0	0.0
125	__protein1_rbs	11.6	0.0	0.0
125	__protein2_rbs	8.8	0.0	0.0
125	__protein3_rbs	2.0	0.0	0.0
125	__ribosome	30.2	0.0	0.0
125	__rnase_site_ext	16.0	0.0	0.0
125	p0	0.8	0.0	0.0
125	p2	0.4	0.0	0.0
125	protein1	510.6	16.2	1.8972222000000003
125	protein2	487.0	15.6	2.077199
125	protein3	100.0	3.2	2.1766666
125	rnapol	0.0	0.0	0.0
126	__protein1_rbs	8.6	0.0	0.0
126	__protein2_rbs	9.4	0.0	0.0
126	__protein3_rbs	2.2	0.0	0.0
126	__ribosome	30.8	0.0	0.0
126	__rnase_site_ext	16.6	0.0	0.0
126	p0	0.4	0.0	0.0
126	p2	0.8	0.0	0.0
126	protein1	518.0	16.2	1.9282026
126	protein2	494.0	15.6	2.0321194
126	protein3	101.4	3.2	1.9833333999999998
126	rnapol	0.0	0.0	0.0
127	__protein1_rbs	8.8	0.0	0.0
127	__protein2_rbs	10.6	0.0	0.0
127	__protein3_rbs	1.6	0.0	0.0
127	__ribosome	31.6	0.0	0.0
127	__rnase_site_ext	16.2	0.0	0.0
127	p0	0.8	0.0	0.0
127	p2	0.6	0.0	0.0
127	protein1	524.6	16.4	1.936732
127	protein2	500.8	15.6	1.9117064
127	protein3	102.6	3.2	2.26
127	rnapol	0.0	0.0	0.0
128	__protein1_rbs	9.8	0.0	0.0
128	__protein2_rbs	9.6	0.0	0.0
128	__protein3_rbs	1.8	0.0	0.0
128	__ribosome	34.0	0.0	0.0
128	__rnase_site_ext	16.4	0.0	0.0
128	p0	0.6	0.0	0.0
128	p2	0.8	0.0	0.0
128	protein1	532.2	16.4	1.8847222
128	protein2	508.0	15.8	1.826389
128	protein3	104.4	3.2	2.0933333999999997
128	rnapol	0.0	0.0	0.0
129	__protein1_rbs	9.4	0.0	0.0
129	__protein2_rbs	8.6	0.0	0.0
129	__protein3_rbs	1.8	0.0	0.0
129	__ribosome	28.6	0.0	0.0
129	__rnase_site_ext	16.6	0.0	0.0
129	p0	1.0	0.0	0.0
129	p2	0.6	0.0	0.0
129	protein1	537.4	16.2	2.0905554000000004
129	protein2	514.0	15.8	1.9552778000000002
129	protein3	105.6	3.2	2.2533334
129	rnapol	0.0	0.0	0.0
130	__protein1_rbs	10.4	0.0	0.0
130	__protein2_rbs	10.2	0.0	0.0
130	__protein3_rbs	2.2	0.0	0.0
130	__ribosome	31.6	0.0	0.0
130	__rnase_site_ext	16.2	0.0	0.0
130	p0	1.0	0.0	0.0
130	p2	0.4	0.0	0.0
130	protein1	544.4	16.6	2.0093464
130	protein2	520.6	15.8	1.8600396000000001
130	protein3	107.8	3.2	2.0233334
130	rnapol	0.0	0.0	0.0
131	__protein1_rbs	9.8	0.0	0.0
131	__protein2_rbs	10.2	0.0	0.0
131	__protein3_rbs	1.4	0.0	0.0
131	__ribosome	29.0	0.0	0.0
131	__rnase_site_ext	16.0	0.0	0.0
131	p0	0.8	0.0	0.0
131	p2	0.8	0.0	0.0
131	protein1	551.0	16.2	2.0524018
131	protein2	525.2	16.2	1.9230554
131	protein3	108.8	3.2	2.34
131	rnapol	0.0	0.0	0.0
132	__protein1_rbs	9.4	0.0	0.0
132	__protein2_rbs	10.6	0.0	0.0
132	__protein3_rbs	2.0	0.0	0.0
132	__ribosome	30.2	0.0	0.0
132	__rnase_site_ext	16.4	0.0	0.0
132	p0	0.8	0.0	0.0
132	p2	1.0	0.0	0.0
132	protein1	557.4	16.0	2.1038888
132	protein2	533.0	16.0	1.8358334
132	protein3	109.8	3.4	2.24
132	rnapol	0.0	0.0	0.0
133	__protein1_rbs	10.0	0.0	0.0
133	__protein2_rbs	9.8	0.0	0.0
133	__protein3_rbs	2.8	0.0	0.0
133	__ribosome	32.6	0.0	0.0
133	__rnase_site_ext	16.2	0.0	0.0
133	p0	1.0	0.0	0.0
133	p2	0.6	0.0	0.0
133	protein1	566.0	16.2	1.9563072
133	protein2	539.0	16.4	1.8295261999999999
133	protein3	111.4	3.6	1.9333332
133	rnapol	0.0	0.0	0.0
134	__protein1_rbs	9.0	0.0	0.0
134	__protein2_rbs	9.2	0.0	0.0
134	__protein3_rbs	2.2	0.0	0.0
134	__ribosome	32.6	0.0	0.0
134	__rnase_site_ext	15.8	0.0	0.0
134	p0	1.0	0.0	0.0
134	p2	0.6	0.0	0.0
134	protein1	573.8	16.2	1.9343136000000003
134	protein2	546.0	16.8	1.8343653999999998
134	protein3	113.4	3.6	1.5500002
134	rnapol	0.0	0.0	0.0
135	__protein1_rbs	10.4	0.0	0.0
135	__protein2_rbs	9.8	0.0	0.0
135	__protein3_rbs	2.8	0.0	0.0
135	__ribosome	29.4	0.0	0.0
135	__rnase_site_ext	16.0	0.0	0.0
135	p0	0.8	0.0	0.0
135	p2	0.6	0.0	0.0
135	protein1	579.2	16.2	1.9713724000000004
135	protein2	551.0	17.2	1.9073916000000002
135	protein3	113.6	3.6	1.6833334
135	rnapol	0.0	0.0	0.0
136	__protein1_rbs	10.8	0.0	0.0
136	__protein2_rbs	9.4	0.0	0.0
136	__protein3_rbs	2.2	0.0	0.0
136	__ribosome	29.6	0.0	0.0
136	__rnase_site_ext	15.2	0.0	0.0
136	p0	0.8	0.0	0.0
136	p2	0.6	0.0	0.0
136	protein1	585.2	15.8	1.9901259999999998
136	protein2	558.0	17.4	1.9575292
136	protein3	115.8	3.6	1.4600000000000002
136	rnapol	0.0	0.0	0.0
137	__protein1_rbs	8.4	0.0	0.0
137	__protein2_rbs	10.8	0.0	0.0
137	__protein3_rbs	2.8	0.0	0.0
137	__ribosome	28.6	0.0	0.0
137	__rnase_site_ext	15.4	0.0	0.0
137	p0	0.4	0.0	0.0
137	p2	0.4	0.0	0.0
137	protein1	592.6	15.2	2.0659616
137	protein2	563.6	17.8	1.9826962
137	protein3	116.8	3.6	1.3199999999999998
137	rnapol	0.0	0.0	0.0
138	__protein1_rbs	9.2	0.0	0.0
138	__protein2_rbs	10.6	0.0	0.0
138	__protein3_rbs	2.8	0.0	0.0
138	__ribosome	30.0	0.0	0.0
138	__rnase_site_ext	16.0	0.0	0.0
138	p0	0.4	0.0	0.0
138	p2	0.6	0.0	0.0
138	protein1	600.0	15.4	1.9302380000000001
138	protein2	570.8	17.8	1.9731536
138	protein3	117.8	3.6	1.3866666
138	rnapol	0.0	0.0	0.0
139	__protein1_rbs	10.2	0.0	0.0
139	__protein2_rbs	10.4	0.0	0.0
139	__protein3_rbs	2.8	0.0	0.0
139	__ribosome	30.0	0.0	0.0
139	__rnase_site_ext	16.2	0.0	0.0
139	p0	1.0	0.0	0.0
139	p2	0.6	0.0	0.0
139	protein1	606.2	15.8	1.839531
139	protein2	577.6	17.6	2.0343792
139	protein3	119.0	3.6	1.5333333999999998
139	rnapol	0.0	0.0	0.0
140	__protein1_rbs	9.2	0.0	0.0
140	__protein2_rbs	9.0	0.0	0.0
140	__protein3_rbs	2.0	0.0	0.0
140	__ribosome	27.6	0.0	0.0
140	__rnase_site_ext	16.2	0.0	0.0
140	p0	0.6	0.0	0.0
140	p2	0.2	0.0	0.0
140	protein1	612.4	16.2	1.8658824
140	protein2	585.6	17.8	2.0777778000000002
140	protein3	120.4	3.6	1.4733332000000001
140	rnapol	0.0	0.0	0.0
141	__protein1_rbs	10.0	0.0	0.0
141	__protein2_rbs	9.8	0.0	0.0
141	__protein3_rbs	2.4	0.0	0.0
141	__ribosome	28.2	0.0	0.0
141	__rnase_site_ext	16.2	0.0	0.0
141	p0	0.8	0.0	0.0
141	p2	0.2	0.0	0.0
141	protein1	619.6	16.2	1.7786112000000005
141	protein2	592.8	17.8	2.125
141	protein3	121.4	3.4	1.52
141	rnapol	0.0	0.0	0.0
142	__protein1_rbs	9.8	0.0	0.0
142	__protein2_rbs	11.2	0.0	0.0
142	__protein3_rbs	2.4	0.0	0.0
142	__ribosome	30.0	0.0	0.0
142	__rnase_site_ext	16.8	0.0	0.0
142	p0	0.4	0.0	0.0
142	p2	0.6	0.0	0.0
142	protein1	625.6	16.2	1.7974018
142	protein2	601.0	17.6	2.0402778
142	protein3	123.2	3.6	1.4866666000000002
142	rnapol	0.2	0.0	0.0
143	__protein1_rbs	9.6	0.0	0.0
143	__protein2_rbs	10.6	0.0	0.0
143	__protein3_rbs	2.2	0.0	0.0
143	__ribosome	27.8	0.0	0.0
143	__rnase_site_ext	17.0	0.0	0.0
143	p0	1.0	0.0	0.0
143	p2	1.0	0.0	0.0
143	protein1	630.6	16.6	1.9058824
143	protein2	608.4	17.2	2.0395424
143	protein3	124.0	3.6	1.5266666000000002
143	rnapol	0.2	0.0	0.0
144	__protein1_rbs	9.4	0.0	0.0
144	__protein2_rbs	11.2	0.0	0.0
144	__protein3_rbs	2.8	0.0	0.0
144	__ribosome	28.8	0.0	0.0
144	__rnase_site_ext	17.2	0.0	0.0
144	p0	0.8	0.0	0.0
144	p2	1.0	0.0	0.0
144	protein1	637.6	17.0	1.8571894
144	protein2	615.8	17.0	1.9700982
144	protein3	124.6	4.0	1.4971428
144	rnapol	0.0	0.0	0.0
145	__protein1_rbs	11.0	0.0	0.0
145	__protein2_rbs	10.6	0.0	0.0
145	__protein3_rbs	1.8	0.0	0.0
145	__ribosome	30.2	0.0	0.0
145	__rnase_site_ext	17.0	0.0	0.0
145	p0	1.0	0.0	0.0
145	p2	0.8	0.0	0.0
145	protein1	643.6	17.4	1.8570388
145	protein2	625.8	17.2	1.7810456000000001
145	protein3	126.0	4.0	1.8171428
145	rnapol	0.0	0.0	0.0
146	__protein1_rbs	12.8	0.0	0.0
146	__protein2_rbs	11.2	0.0	0.0
146	__protein3_rbs	2.4	0.0	0.0
146	__ribosome	31.2	0.0	0.0
146	__rnase_site_ext	16.8	0.0	0.0
146	p0	1.0	0.0	0.0
146	p2	0.8	0.0	0.0
146	protein1	650.0	17.0	1.7972182
146	protein2	631.8	17.6	1.7869281999999995
146	protein3	127.8	4.0	1.7076192
146	rnapol	0.0	0.0	0.0
147	__protein1_rbs	9.2	0.0	0.0
147	__protein2_rbs	11.2	0.0	0.0
147	__protein3_rbs	2.0	0.0	0.0
147	__ribosome	28.8	0.0	0.0
147	__rnase_site_ext	16.8	0.0	0.0
147	p0	1.0	0.0	0.0
147	p2	0.8	0.0	0.0
147	protein1	656.8	17.0	1.8453258000000001
147	protein2	638.4	17.8	1.7745098000000001
147	protein3	128.2	4.0	2.0914286
147	rnapol	0.2	0.0	0.0
148	__protein1_rbs	9.4	0.0	0.0
148	__protein2_rbs	11.2	0.0	0.0
148	__protein3_rbs	2.2	0.0	0.0
148	__ribosome	27.8	0.0	0.0
148	__rnase_site_ext	17.0	0.0	0.0
148	p0	0.6	0.0	0.0
148	p2	0.8	0.0	0.0
148	protein1	663.8	16.8	1.9020028000000002
148	protein2	644.6	17.4	1.8385619999999998
148	protein3	130.0	4.0	2.0285714
148	rnapol	0.0	0.0	0.0
149	__protein1_rbs	10.6	0.0	0.0
149	__protein2_rbs	10.4	0.0	0.0
149	__protein3_rbs	3.2	0.0	0.0
149	__ribosome	27.0	0.0	0.0
149	__rnase_site_ext	17.2	0.0	0.0
149	p0	1.0	0.0	0.0
149	p2	0.8	0.0	0.0
149	protein1	670.6	17.0	1.8690186000000002
149	protein2	651.6	17.6	1.8928106
149	protein3	131.2	4.2	1.9066666
149	rnapol	0.0	0.0	0.0
150	__protein1_rbs	10.8	0.0	0.0
150	__protein2_rbs	10.4	0.0	0.0
150	__protein3_rbs	2.8	0.0	0.0
150	__ribosome	26.6	0.0	0.0
150	__rnase_site_ext	17.4	0.0	0.0
150	p0	0.8	0.0	0.0
150	p2	0.8	0.0	0.0
150	protein1	676.6	17.2	1.8920072
150	protein2	658.8	17.6	1.9173848000000002
150	protein3	133.2	4.2	1.8495238
150	rnapol	0.0	0.0	0.0
151	__protein1_rbs	10.4	0.0	0.0
151	__protein2_rbs	12.0	0.0	0.0
151	__protein3_rbs	2.8	0.0	0.0
151	__ribosome	27.6	0.0	0.0
151	__rnase_site_ext	17.4	0.0	0.0
151	p0	1.0	0.0	0.0
151	p2	0.2	0.0	0.0
151	protein1	683.2	17.4	1.9025438
151	protein2	666.6	18.0	1.8203028
151	protein3	135.4	4.2	1.6766666
151	rnapol	0.0	0.0	0.0
152	__protein1_rbs	10.2	0.0	0.0
152	__protein2_rbs	10.8	0.0	0.0
152	__protein3_rbs	2.8	0.0	0.0
152	__ribosome	26.0	0.0	0.0
152	__rnase_site_ext	17.4	0.0	0.0
152	p0	1.0	0.0	0.0
152	p2	0.2	0.0	0.0
152	protein1	690.4	17.4	1.8603508
152	protein2	672.6	18.0	1.9325002
152	protein3	136.8	4.2	1.6866666000000001
152	rnapol	0.0	0.0	0.0
153	__protein1_rbs	11.8	0.0	0.0
153	__protein2_rbs	12.2	0.0	0.0
153	__protein3_rbs	2.6	0.0	0.0
153	__ribosome	29.8	0.0	0.0
153	__rnase_site_ext	17.4	0.0	0.0
153	p0	0.2	0.0	0.0
153	p2	0.8	0.0	0.0
153	protein1	698.4	17.4	1.7713009999999998
153	protein2	680.6	17.8	1.8231726
153	protein3	139.0	4.4	1.6766666
153	rnapol	0.0	0.0	0.0
154	__protein1_rbs	11.0	0.0	0.0
154	__protein2_rbs	11.8	0.0	0.0
154	__protein3_rbs	3.4	0.0	0.0
154	__ribosome	29.0	0.0	0.0
154	__rnase_site_ext	17.8	0.0	0.0
154	p0	0.6	0.0	0.0
154	p2	0.6	0.0	0.0
154	protein1	703.8	17.2	1.8392158
154	protein2	686.6	17.8	1.8233918000000002
154	protein3	140.0	4.4	1.6366666
154	rnapol	0.0	0.0	0.0
155	__protein1_rbs	9.6	0.0	0.0
155	__protein2_rbs	10.0	0.0	0.0
155	__protein3_rbs	3.2	0.0	0.0
155	__ribosome	28.2	0.0	0.0
155	__rnase_site_ext	17.8	0.0	0.0
155	p0	0.8	0.0	0.0
155	p2	0.2	0.0	0.0
155	protein1	711.2	17.4	1.8505628
155	protein2	693.6	17.6	1.8579378
155	protein3	141.4	4.4	1.7100000000000002
155	rnapol	0.0	0.0	0.0
156	__protein1_rbs	11.8	0.0	0.0
156	__protein2_rbs	11.0	0.0	0.0
156	__protein3_rbs	2.6	0.0	0.0
156	__ribosome	29.4	0.0	0.0
156	__rnase_site_ext	18.0	0.0	0.0
156	p0	0.8	0.0	0.0
156	p2	0.4	0.0	0.0
156	protein1	717.2	17.8	1.7968336
156	protein2	702.0	17.6	1.8090556
156	protein3	143.0	4.4	1.83
156	rnapol	0.2	0.0	0.0
157	__protein1_rbs	10.0	0.0	0.0
157	__protein2_rbs	11.0	0.0	0.0
157	__protein3_rbs	3.2	0.0	0.0
157	__ribosome	26.6	0.0	0.0
157	__rnase_site_ext	18.6	0.0	0.0
157	p0	0.4	0.0	0.0
157	p2	0.8	0.0	0.0
157	protein1	723.4	18.0	1.9185964
157	protein2	708.2	17.8	1.8384976
157	protein3	145.0	4.6	1.6166665999999998
157	rnapol	0.2	0.0	0.0
158	__protein1_rbs	11.8	0.0	0.0
158	__protein2_rbs	12.0	0.0	0.0
158	__protein3_rbs	2.8	0.0	0.0
158	__ribosome	26.8	0.0	0.0
158	__rnase_site_ext	18.8	0.0	0.0
158	p0	0.6	0.0	0.0
158	p2	0.8	0.0	0.0
158	protein1	730.4	18.6	1.8255556
158	protein2	715.2	18.0	1.7570822
158	protein3	146.2	4.6	1.8499998
158	rnapol	0.0	0.0	0.0
159	__protein1_rbs	12.6	0.0	0.0
159	__protein2_rbs	11.0	0.0	0.0
159	__protein3_rbs	2.8	0.0	0.0
159	__ribosome	26.8	0.0	0.0
159	__rnase_site_ext	19.2	0.0	0.0
159	p0	1.0	0.0	0.0
159	p2	1.0	0.0	0.0
159	protein1	737.8	18.8	1.7427631999999997
159	protein2	721.2	18.2	1.7777088
159	protein3	147.6	4.6	1.8166668
159	rnapol	0.2	0.0	0.0
160	__protein1_rbs	11.2	0.0	0.0
160	__protein2_rbs	10.6	0.0	0.0
160	__protein3_rbs	2.8	0.0	0.0
160	__ribosome	24.8	0.0	0.0
160	__rnase_site_ext	19.2	0.0	0.0
160	p0	0.8	0.0	0.0
160	p2	1.0	0.0	0.0
160	protein1	744.8	19.2	1.788252
160	protein2	728.6	18.0	1.8130374
160	protein3	149.2	4.6	1.8333332
160	rnapol	0.0	0.0	0.0
161	__protein1_rbs	12.8	0.0	0.0
161	__protein2_rbs	12.0	0.0	0.0
161	__protein3_rbs	2.8	0.0	0.0
161	__ribosome	25.2	0.0	0.0
161	__rnase_site_ext	19.2	0.0	0.0
161	p0	1.0	0.0	0.0
161	p2	1.0	0.0	0.0
161	protein1	752.0	19.4	1.7565852
161	protein2	735.4	18.0	1.8329016
161	protein3	151.0	4.4	1.85
161	rnapol	0.0	0.0	0.0
162	__protein1_rbs	12.6	0.0	0.0
162	__protein2_rbs	12.0	0.0	0.0
162	__protein3_rbs	2.6	0.0	0.0
162	__ribosome	25.0	0.0	0.0
162	__rnase_site_ext	19.4	0.0	0.0
162	p0	0.8	0.0	0.0
162	p2	0.8	0.0	0.0
162	protein1	758.6	19.2	1.8170636
162	protein2	743.0	18.4	1.7583900000000001
162	protein3	152.6	4.2	1.8766668000000002
162	rnapol	0.0	0.0	0.0
163	__protein1_rbs	11.8	0.0	0.0
163	__protein2_rbs	12.8	0.0	0.0
163	__protein3_rbs	2.8	0.0	0.0
163	__ribosome	26.8	0.0	0.0
163	__rnase_site_ext	19.0	0.0	0.0
163	p0	1.0	0.0	0.0
163	p2	0.6	0.0	0.0
163	protein1	767.0	19.4	1.7171466
163	protein2	748.4	18.8	1.7176322
163	protein3	154.4	4.2	1.9366666000000001
163	rnapol	0.2	0.0	0.0
164	__protein1_rbs	13.0	0.0	0.0
164	__protein2_rbs	12.8	0.0	0.0
164	__protein3_rbs	3.4	0.0	0.0
164	__ribosome	28.6	0.0	0.0
164	__rnase_site_ext	19.2	0.0	0.0
164	p0	0.8	0.0	0.0
164	p2	0.6	0.0	0.0
164	protein1	773.2	19.0	1.7503575999999998
164	protein2	755.6	19.2	1.6789473999999998
164	protein3	157.0	4.2	1.4333332
164	rnapol	0.2	0.0	0.0
165	__protein1_rbs	9.8	0.0	0.0
165	__protein2_rbs	13.2	0.0	0.0
165	__protein3_rbs	2.4	0.0	0.0
165	__ribosome	28.6	0.0	0.0
165	__rnase_site_ext	19.4	0.0	0.0
165	p0	0.8	0.0	0.0
165	p2	0.6	0.0	0.0
165	protein1	781.2	19.2	1.8377992
165	protein2	764.0	19.4	1.5434926000000002
165	protein3	158.0	4.2	1.5499998
165	rnapol	0.2	0.0	0.0
166	__protein1_rbs	12.8	0.0	0.0
166	__protein2_rbs	12.4	0.0	0.0
166	__protein3_rbs	2.6	0.0	0.0
166	__ribosome	29.4	0.0	0.0
166	__rnase_site_ext	19.2	0.0	0.0
166	p0	0.8	0.0	0.0
166	p2	0.8	0.0	0.0
166	protein1	788.0	19.4	1.7618908000000002
166	protein2	771.0	20.0	1.5220201999999996
166	protein3	159.8	4.2	1.45
166	rnapol	0.0	0.0	0.0
167	__protein1_rbs	11.6	0.0	0.0
167	__protein2_rbs	14.2	0.0	0.0
167	__protein3_rbs	3.2	0.0	0.0
167	__ribosome	29.2	0.0	0.0
167	__rnase_site_ext	19.2	0.0	0.0
167	p0	0.8	0.0	0.0
167	p2	0.4	0.0	0.0
167	protein1	794.8	19.2	1.8294634
167	protein2	776.8	20.0	1.5179798000000002
167	protein3	161.6	4.2	1.2766666000000002
167	rnapol	0.0	0.0	0.0
168	__protein1_rbs	11.6	0.0	0.0
168	__protein2_rbs	12.0	0.0	0.0
168	__protein3_rbs	2.4	0.0	0.0
168	__ribosome	24.4	0.0	0.0
168	__rnase_site_ext	18.8	0.0	0.0
168	p0	1.0	0.0	0.0
168	p2	0.4	0.0	0.0
168	protein1	802.2	19.2	1.9013786
168	protein2	783.0	19.8	1.6569842
168	protein3	162.4	4.2	1.48
168	rnapol	0.0	0.0	0.0
169	__protein1_rbs	12.0	0.0	0.0
169	__protein2_rbs	13.0	0.0	0.0
169	__protein3_rbs	3.4	0.0	0.0
169	__ribosome	25.8	0.0	0.0
169	__rnase_site_ext	18.6	0.0	0.0
169	p0	0.6	0.0	0.0
169	p2	0.4	0.0	0.0
169	protein1	809.0	19.2	1.934837
169	protein2	791.2	19.6	1.5963094000000002
169	protein3	163.2	4.0	1.5866665999999998
169	rnapol	0.0	0.0	0.0
170	__protein1_rbs	10.2	0.0	0.0
170	__protein2_rbs	12.4	0.0	0.0
170	__protein3_rbs	2.8	0.0	0.0
170	__ribosome	23.4	0.0	0.0
170	__rnase_site_ext	18.8	0.0	0.0
170	p0	0.8	0.0	0.0
170	p2	0.6	0.0	0.0
170	protein1	817.4	18.6	1.9990092
170	protein2	796.0	19.8	1.7244156000000002
170	protein3	165.0	4.2	1.47
170	rnapol	0.0	0.0	0.0
171	__protein1_rbs	11.6	0.0	0.0
171	__protein2_rbs	12.6	0.0	0.0
171	__protein3_rbs	2.6	0.0	0.0
171	__ribosome	24.2	0.0	0.0
171	__rnase_site_ext	19.2	0.0	0.0
171	p0	0.6	0.0	0.0
171	p2	0.2	0.0	0.0
171	protein1	825.0	18.6	1.9685293999999998
171	protein2	803.8	19.8	1.7006926
171	protein3	166.6	4.2	1.4533334
171	rnapol	0.0	0.0	0.0
172	__protein1_rbs	14.6	0.0	0.0
172	__protein2_rbs	11.6	0.0	0.0
172	__protein3_rbs	3.0	0.0	0.0
172	__ribosome	26.8	0.0	0.0
172	__rnase_site_ext	19.2	0.0	0.0
172	p0	0.8	0.0	0.0
172	p2	1.0	0.0	0.0
172	protein1	834.4	19.0	1.6857984000000001
172	protein2	811.4	20.0	1.7295454
172	protein3	167.2	4.2	1.6366666
172	rnapol	0.2	0.0	0.0
173	__protein1_rbs	11.6	0.0	0.0
173	__protein2_rbs	14.6	0.0	0.0
173	__protein3_rbs	3.0	0.0	0.0
173	__ribosome	26.0	0.0	0.0
173	__rnase_site_ext	20.0	0.0	0.0
173	p0	0.6	0.0	0.0
173	p2	0.8	0.0	0.0
173	protein1	841.4	19.2	1.7217559999999998
173	protein2	817.0	20.2	1.7059956000000003
173	protein3	169.0	4.2	1.53
173	rnapol	0.0	0.0	0.0
174	__protein1_rbs	14.2	0.0	0.0
174	__protein2_rbs	13.4	0.0	0.0
174	__protein3_rbs	2.4	0.0	0.0
174	__ribosome	27.4	0.0	0.0
174	__rnase_site_ext	20.0	0.0	0.0
174	p0	1.0	0.0	0.0
174	p2	0.8	0.0	0.0
174	protein1	850.4	19.8	1.5456522
174	protein2	824.6	20.0	1.73
174	protein3	169.8	4.0	1.85
174	rnapol	0.0	0.0	0.0
175	__protein1_rbs	13.8	0.0	0.0
175	__protein2_rbs	11.6	0.0	0.0
175	__protein3_rbs	2.2	0.0	0.0
175	__ribosome	29.0	0.0	0.0
175	__rnase_site_ext	20.2	0.0	0.0
175	p0	0.6	0.0	0.0
175	p2	1.0	0.0	0.0
175	protein1	858.2	20.0	1.4864114000000002
175	protein2	834.0	20.2	1.6548662
175	protein3	171.6	4.2	1.9142858
175	rnapol	0.0	0.0	0.0
176	__protein1_rbs	12.4	0.0	0.0
176	__protein2_rbs	12.0	0.0	0.0
176	__protein3_rbs	3.0	0.0	0.0
176	__ribosome	24.2	0.0	0.0
176	__rnase_site_ext	20.2	0.0	0.0
176	p0	1.0	0.0	0.0
176	p2	0.8	0.0	0.0
176	protein1	863.2	20.2	1.6319412
176	protein2	841.0	20.4	1.7278788000000005
176	protein3	173.2	4.2	1.85
176	rnapol	0.0	0.0	0.0
177	__protein1_rbs	13.2	0.0	0.0
177	__protein2_rbs	13.2	0.0	0.0
177	__protein3_rbs	3.0	0.0	0.0
177	__ribosome	23.0	0.0	0.0
177	__rnase_site_ext	20.2	0.0	0.0
177	p0	0.8	0.0	0.0
177	p2	1.0	0.0	0.0
177	protein1	868.8	20.4	1.6582784
177	protein2	847.6	20.4	1.7664068
177	protein3	175.2	4.2	1.6928572
177	rnapol	0.0	0.0	0.0
178	__protein1_rbs	13.6	0.0	0.0
178	__protein2_rbs	13.4	0.0	0.0
178	__protein3_rbs	3.4	0.0	0.0
178	__ribosome	23.8	0.0	0.0
178	__rnase_site_ext	20.2	0.0	0.0
178	p0	1.0	0.0	0.0
178	p2	0.8	0.0	0.0
178	protein1	877.8	20.2	1.5798028000000002
178	protein2	854.6	21.0	1.7923522000000005
178	protein3	176.2	4.2	1.5928572
178	rnapol	0.0	0.0	0.0
179	__protein1_rbs	12.8	0.0	0.0
179	__protein2_rbs	13.4	0.0	0.0
179	__protein3_rbs	2.8	0.0	0.0
179	__ribosome	22.2	0.0	0.0
179	__rnase_site_ext	20.0	0.0	0.0
179	p0	0.8	0.0	0.0
179	p2	0.8	0.0	0.0
179	protein1	884.6	20.2	1.6333191999999999
179	protein2	861.8	21.0	1.8034860000000001
179	protein3	178.0	4.2	1.5714286
179	rnapol	0.0	0.0	0.0
180	__protein1_rbs	13.4	0.0	0.0
180	__protein2_rbs	15.8	0.0	0.0
180	__protein3_rbs	3.2	0.0	0.0
180	__ribosome	23.2	0.0	0.0
180	__rnase_site_ext	20.2	0.0	0.0
180	p0	0.8	0.0	0.0
180	p2	0.6	0.0	0.0
180	protein1	890.0	20.0	1.7777269999999998
180	protein2	870.2	21.0	1.6977922
180	protein3	180.4	4.2	1.2571428
180	rnapol	0.2	0.0	0.0
181	__protein1_rbs	13.4	0.0	0.0
181	__protein2_rbs	13.8	0.0	0.0
181	__protein3_rbs	1.8	0.0	0.0
181	__ribosome	23.2	0.0	0.0
181	__rnase_site_ext	20.0	0.0	0.0
181	p0	0.8	0.0	0.0
181	p2	0.6	0.0	0.0
181	protein1	898.6	20.4	1.6577644000000002
181	protein2	878.4	21.6	1.646996
181	protein3	181.0	4.2	1.7214286
181	rnapol	0.0	0.0	0.0
182	__protein1_rbs	14.0	0.0	0.0
182	__protein2_rbs	13.0	0.0	0.0
182	__protein3_rbs	3.4	0.0	0.0
182	__ribosome	24.6	0.0	0.0
182	__rnase_site_ext	19.8	0.0	0.0
182	p0	0.8	0.0	0.0
182	p2	1.0	0.0	0.0
182	protein1	905.8	20.2	1.6006808000000001
182	protein2	886.6	21.6	1.692332
182	protein3	182.6	4.2	1.5928572
182	rnapol	0.0	0.0	0.0
183	__protein1_rbs	11.2	0.0	0.0
183	__protein2_rbs	14.0	0.0	0.0
183	__protein3_rbs	2.4	0.0	0.0
183	__ribosome	23.2	0.0	0.0
183	__rnase_site_ext	20.2	0.0	0.0
183	p0	0.8	0.0	0.0
183	p2	0.4	0.0	0.0
183	protein1	912.6	19.8	1.7538758
183	protein2	895.0	21.0	1.7033243999999998
183	protein3	184.2	4.0	1.6642858
183	rnapol	0.0	0.0	0.0
184	__protein1_rbs	15.4	0.0	0.0
184	__protein2_rbs	14.0	0.0	0.0
184	__protein3_rbs	2.6	0.0	0.0
184	__ribosome	25.6	0.0	0.0
184	__rnase_site_ext	20.0	0.0	0.0
184	p0	0.8	0.0	0.0
184	p2	0.4	0.0	0.0
184	protein1	920.8	20.2	1.6215312000000002
184	protein2	903.2	20.8	1.7013368000000002
184	protein3	185.4	3.8	1.8166666
184	rnapol	0.0	0.0	0.0
185	__protein1_rbs	14.8	0.0	0.0
185	__protein2_rbs	13.0	0.0	0.0
185	__protein3_rbs	1.8	0.0	0.0
185	__ribosome	23.8	0.0	0.0
185	__rnase_site_ext	20.0	0.0	0.0
185	p0	0.8	0.0	0.0
185	p2	0.6	0.0	0.0
185	protein1	928.2	20.0	1.5794486
185	protein2	910.0	20.8	1.8041372
185	protein3	187.2	3.8	1.9833333999999998
185	rnapol	0.2	0.0	0.0
186	__protein1_rbs	13.2	0.0	0.0
186	__protein2_rbs	14.4	0.0	0.0
186	__protein3_rbs	2.8	0.0	0.0
186	__ribosome	23.6	0.0	0.0
186	__rnase_site_ext	20.0	0.0	0.0
186	p0	0.8	0.0	0.0
186	p2	0.2	0.0	0.0
186	protein1	934.6	20.0	1.665646
186	protein2	918.0	20.8	1.733285
186	protein3	188.2	4.0	1.85
186	rnapol	0.0	0.0	0.0
187	__protein1_rbs	12.8	0.0	0.0
187	__protein2_rbs	13.6	0.0	0.0
187	__protein3_rbs	2.8	0.0	0.0
187	__ribosome	23.8	0.0	0.0
187	__rnase_site_ext	20.0	0.0	0.0
187	p0	0.4	0.0	0.0
187	p2	0.6	0.0	0.0
187	protein1	941.2	19.8	1.7318298000000003
187	protein2	925.8	20.6	1.7026658
187	protein3	189.8	4.0	1.7833333999999998
187	rnapol	0.0	0.0	0.0
188	__protein1_rbs	10.4	0.0	0.0
188	__protein2_rbs	13.0	0.0	0.0
188	__protein3_rbs	2.6	0.0	0.0
188	__ribosome	23.6	0.0	0.0
188	__rnase_site_ext	20.2	0.0	0.0
188	p0	0.8	0.0	0.0
188	p2	0.8	0.0	0.0
188	protein1	950.4	20.0	1.7400252000000005
188	protein2	934.2	21.0	1.669793
188	protein3	191.6	4.0	1.6666668000000002
188	rnapol	0.0	0.0	0.0
189	__protein1_rbs	11.2	0.0	0.0
189	__protein2_rbs	13.4	0.0	0.0
189	__protein3_rbs	3.0	0.0	0.0
189	__ribosome	21.0	0.0	0.0
189	__rnase_site_ext	19.8	0.0	0.0
189	p0	0.8	0.0	0.0
189	p2	0.6	0.0	0.0
189	protein1	956.8	20.0	1.8683496
189	protein2	941.8	21.2	1.6658386000000003
189	protein3	193.0	4.2	1.51
189	rnapol	0.0	0.0	0.0
190	__protein1_rbs	13.8	0.0	0.0
190	__protein2_rbs	13.8	0.0	0.0
190	__protein3_rbs	2.6	0.0	0.0
190	__ribosome	20.4	0.0	0.0
190	__rnase_site_ext	19.6	0.0	0.0
190	p0	1.0	0.0	0.0
190	p2	0.8	0.0	0.0
190	protein1	964.4	19.8	1.7936842
190	protein2	948.4	21.4	1.7485889999999995
190	protein3	194.6	4.2	1.62
190	rnapol	0.0	0.0	0.0
191	__protein1_rbs	13.2	0.0	0.0
191	__protein2_rbs	15.0	0.0	0.0
191	__protein3_rbs	3.4	0.0	0.0
191	__ribosome	21.4	0.0	0.0
191	__rnase_site_ext	19.8	0.0	0.0
191	p0	0.6	0.0	0.0
191	p2	0.8	0.0	0.0
191	protein1	970.2	19.6	1.8524394
191	protein2	956.4	21.8	1.6459026
191	protein3	196.0	4.4	1.4833333999999998
191	rnapol	0.0	0.0	0.0
192	__protein1_rbs	13.8	0.0	0.0
192	__protein2_rbs	14.6	0.0	0.0
192	__protein3_rbs	2.4	0.0	0.0
192	__ribosome	24.6	0.0	0.0
192	__rnase_site_ext	19.4	0.0	0.0
192	p0	1.0	0.0	0.0
192	p2	0.8	0.0	0.0
192	protein1	978.8	19.6	1.6966668000000005
192	protein2	964.4	21.8	1.6136138
192	protein3	197.4	4.4	1.5333333999999998
192	rnapol	0.0	0.0	0.0
193	__protein1_rbs	13.6	0.0	0.0
193	__protein2_rbs	15.0	0.0	0.0
193	__protein3_rbs	3.0	0.0	0.0
193	__ribosome	27.6	0.0	0.0
193	__rnase_site_ext	19.4	0.0	0.0
193	p0	1.0	0.0	0.0
193	p2	0.6	0.0	0.0
193	protein1	987.6	19.4	1.6204016
193	protein2	971.6	22.0	1.5620553999999998
193	protein3	199.0	4.4	1.5333333999999998
193	rnapol	0.0	0.0	0.0
194	__protein1_rbs	12.4	0.0	0.0
194	__protein2_rbs	13.8	0.0	0.0
194	__protein3_rbs	2.6	0.0	0.0
194	__ribosome	29.6	0.0	0.0
194	__rnase_site_ext	19.8	0.0	0.0
194	p0	0.6	0.0	0.0
194	p2	1.0	0.0	0.0
194	protein1	996.4	19.4	1.5422502
194	protein2	982.2	22.2	1.4862082
194	protein3	200.2	4.6	1.6404759999999998
194	rnapol	0.2	0.0	0.0
195	__protein1_rbs	12.4	0.0	0.0
195	__protein2_rbs	13.2	0.0	0.0
195	__protein3_rbs	3.0	0.0	0.0
195	__ribosome	26.0	0.0	0.0
195	__rnase_site_ext	19.8	0.0	0.0
195	p0	0.8	0.0	0.0
195	p2	0.6	0.0	0.0
195	protein1	1003.0	19.6	1.5976655999999998
195	protein2	989.2	22.2	1.6008301999999999
195	protein3	202.0	4.6	1.6238093999999998
195	rnapol	0.2	0.0	0.0
196	__protein1_rbs	13.6	0.0	0.0
196	__protein2_rbs	16.0	0.0	0.0
196	__protein3_rbs	2.8	0.0	0.0
196	__ribosome	22.8	0.0	0.0
196	__rnase_site_ext	19.8	0.0	0.0
196	p0	0.6	0.0	0.0
196	p2	0.6	0.0	0.0
196	protein1	1009.0	19.8	1.6319240000000002
196	protein2	995.2	22.0	1.6445324000000001
196	protein3	203.0	4.6	1.9095238
196	rnapol	0.0	0.0	0.0
197	__protein1_rbs	13.8	0.0	0.0
197	__protein2_rbs	13.8	0.0	0.0
197	__protein3_rbs	3.6	0.0	0.0
197	__ribosome	24.4	0.0	0.0
197	__rnase_site_ext	20.2	0.0	0.0
197	p0	1.0	0.0	0.0
197	p2	0.6	0.0	0.0
197	protein1	1015.6	19.8	1.614411
197	protein2	1003.4	22.2	1.6428920000000002
197	protein3	205.2	4.6	1.6642858
197	rnapol	0.0	0.0	0.0
198	__protein1_rbs	13.4	0.0	0.0
198	__protein2_rbs	14.0	0.0	0.0
198	__protein3_rbs	3.4	0.0	0.0
198	__ribosome	21.4	0.0	0.0
198	__rnase_site_ext	20.2	0.0	0.0
198	p0	0.4	0.0	0.0
198	p2	0.6	0.0	0.0
198	protein1	1022.0	20.2	1.6146306000000004
198	protein2	1010.2	21.8	1.7493676
198	protein3	206.2	4.4	1.9
198	rnapol	0.0	0.0	0.0
199	__protein1_rbs	14.6	0.0	0.0
199	__protein2_rbs	13.2	0.0	0.0
199	__protein3_rbs	3.0	0.0	0.0
199	__ribosome	24.0	0.0	0.0
199	__rnase_site_ext	20.0	0.0	0.0
199	p0	0.8	0.0	0.0
199	p2	0.4	0.0	0.0
199	protein1	1029.8	20.0	1.528972
199	protein2	1018.8	22.0	1.7453417999999998
199	protein3	208.6	4.4	1.7000002
199	rnapol	0.0	0.0	0.0
200	__protein1_rbs	13.2	0.0	0.0
200	__protein2_rbs	14.0	0.0	0.0
200	__protein3_rbs	2.4	0.0	0.0
200	__ribosome	27.6	0.0	0.0
200	__rnase_site_ext	19.2	0.0	0.0
200	p0	0.8	0.0	0.0
200	p2	0.6	0.0	0.0
200	protein1	1037.0	19.8	1.5027034
200	protein2	1028.2	22.0	1.6798984
200	protein3	211.6	4.2	1.5333332000000002
200	rnapol	0.0	0.0	0.0
201	__protein1_rbs	12.8	0.0	0.0
201	__protein2_rbs	13.4	0.0	0.0
201	__protein3_rbs	2.8	0.0	0.0
201	__ribosome	25.4	0.0	0.0
201	__rnase_site_ext	19.4	0.0	0.0
201	p0	0.8	0.0	0.0
201	p2	0.6	0.0	0.0
201	protein1	1043.2	19.2	1.5863252
201	protein2	1035.0	21.6	1.7969284
201	protein3	212.6	4.0	1.4866666000000002
201	rnapol	0.2	0.0	0.0
202	__protein1_rbs	12.4	0.0	0.0
202	__protein2_rbs	14.0	0.0	0.0
202	__protein3_rbs	3.2	0.0	0.0
202	__ribosome	26.4	0.0	0.0
202	__rnase_site_ext	19.4	0.0	0.0
202	p0	0.8	0.0	0.0
202	p2	0.6	0.0	0.0
202	protein1	1050.4	19.4	1.6269892
202	protein2	1044.6	21.2	1.7333767999999998
202	protein3	214.0	4.0	1.31
202	rnapol	0.0	0.0	0.0
203	__protein1_rbs	12.6	0.0	0.0
203	__protein2_rbs	14.4	0.0	0.0
203	__protein3_rbs	2.8	0.0	0.0
203	__ribosome	26.0	0.0	0.0
203	__rnase_site_ext	18.8	0.0	0.0
203	p0	0.8	0.0	0.0
203	p2	0.6	0.0	0.0
203	protein1	1056.8	19.4	1.6450322
203	protein2	1052.2	21.0	1.7368831999999998
203	protein3	214.6	3.8	1.5333333999999998
203	rnapol	0.0	0.0	0.0
204	__protein1_rbs	12.2	0.0	0.0
204	__protein2_rbs	11.4	0.0	0.0
204	__protein3_rbs	2.8	0.0	0.0
204	__ribosome	24.4	0.0	0.0
204	__rnase_site_ext	19.2	0.0	0.0
204	p0	0.8	0.0	0.0
204	p2	0.8	0.0	0.0
204	protein1	1063.4	18.8	1.802399
204	protein2	1060.8	21.0	1.7837337999999998
204	protein3	216.6	3.8	1.3266666
204	rnapol	0.0	0.0	0.0
205	__protein1_rbs	12.2	0.0	0.0
205	__protein2_rbs	15.0	0.0	0.0
205	__protein3_rbs	3.2	0.0	0.0
205	__ribosome	26.0	0.0	0.0
205	__rnase_site_ext	19.0	0.0	0.0
205	p0	1.0	0.0	0.0
205	p2	0.8	0.0	0.0
205	protein1	1069.6	19.0	1.8486884
205	protein2	1070.4	21.4	1.6077472
205	protein3	217.6	3.8	1.21
205	rnapol	0.0	0.0	0.0
206	__protein1_rbs	11.4	0.0	0.0
206	__protein2_rbs	12.0	0.0	0.0
206	__protein3_rbs	2.6	0.0	0.0
206	__ribosome	20.8	0.0	0.0
206	__rnase_site_ext	18.8	0.0	0.0
206	p0	0.6	0.0	0.0
206	p2	0.8	0.0	0.0
206	protein1	1077.6	19.0	1.9027596
206	protein2	1076.4	21.0	1.8309178
206	protein3	218.6	4.0	1.37
206	rnapol	0.0	0.0	0.0
207	__protein1_rbs	12.4	0.0	0.0
207	__protein2_rbs	14.0	0.0	0.0
207	__protein3_rbs	3.0	0.0	0.0
207	__ribosome	23.0	0.0	0.0
207	__rnase_site_ext	18.8	0.0	0.0
207	p0	1.0	0.0	0.0
207	p2	0.6	0.0	0.0
207	protein1	1084.6	18.8	1.8688636
207	protein2	1085.6	21.4	1.7236714
207	protein3	219.4	4.0	1.3966666
207	rnapol	0.0	0.0	0.0
208	__protein1_rbs	11.2	0.0	0.0
208	__protein2_rbs	15.0	0.0	0.0
208	__protein3_rbs	2.4	0.0	0.0
208	__ribosome	23.6	0.0	0.0
208	__rnase_site_ext	18.8	0.0	0.0
208	p0	0.8	0.0	0.0
208	p2	0.8	0.0	0.0
208	protein1	1093.0	18.8	1.8400774
208	protein2	1092.4	21.4	1.7297278000000005
208	protein3	221.2	4.0	1.1966666000000001
208	rnapol	0.0	0.0	0.0
209	__protein1_rbs	13.2	0.0	0.0
209	__protein2_rbs	14.0	0.0	0.0
209	__protein3_rbs	2.6	0.0	0.0
209	__ribosome	26.4	0.0	0.0
209	__rnase_site_ext	19.0	0.0	0.0
209	p0	0.8	0.0	0.0
209	p2	0.8	0.0	0.0
209	protein1	1101.8	18.8	1.6930436000000002
209	protein2	1101.0	21.6	1.6645664
209	protein3	222.0	4.0	1.5433332
209	rnapol	0.0	0.0	0.0
210	__protein1_rbs	12.8	0.0	0.0
210	__protein2_rbs	15.2	0.0	0.0
210	__protein3_rbs	2.4	0.0	0.0
210	__ribosome	28.4	0.0	0.0
210	__rnase_site_ext	19.0	0.0	0.0
210	p0	1.0	0.0	0.0
210	p2	0.4	0.0	0.0
210	protein1	1109.2	19.0	1.6437221999999998
210	protein2	1110.2	21.6	1.5931309999999999
210	protein3	223.4	4.0	1.65
210	rnapol	0.0	0.0	0.0
211	__protein1_rbs	11.4	0.0	0.0
211	__protein2_rbs	13.0	0.0	0.0
211	__protein3_rbs	2.6	0.0	0.0
211	__ribosome	26.2	0.0	0.0
211	__rnase_site_ext	19.4	0.0	0.0
211	p0	0.6	0.0	0.0
211	p2	0.4	0.0	0.0
211	protein1	1116.0	19.0	1.7006636000000002
211	protein2	1118.6	21.8	1.611739
211	protein3	224.6	4.0	1.6833332
211	rnapol	0.0	0.0	0.0
212	__protein1_rbs	12.6	0.0	0.0
212	__protein2_rbs	14.6	0.0	0.0
212	__protein3_rbs	2.6	0.0	0.0
212	__ribosome	23.6	0.0	0.0
212	__rnase_site_ext	19.0	0.0	0.0
212	p0	0.8	0.0	0.0
212	p2	0.8	0.0	0.0
212	protein1	1122.4	19.0	1.7570151999999999
212	protein2	1124.2	22.0	1.6516358
212	protein3	225.8	4.2	1.8166666
212	rnapol	0.2	0.0	0.0
213	__protein1_rbs	12.2	0.0	0.0
213	__protein2_rbs	15.4	0.0	0.0
213	__protein3_rbs	3.2	0.0	0.0
213	__ribosome	24.6	0.0	0.0
213	__rnase_site_ext	19.2	0.0	0.0
213	p0	1.0	0.0	0.0
213	p2	0.8	0.0	0.0
213	protein1	1130.2	19.2	1.7058484
213	protein2	1132.0	21.6	1.6581423999999998
213	protein3	227.0	4.4	1.7357142
213	rnapol	0.2	0.0	0.0
214	__protein1_rbs	12.4	0.0	0.0
214	__protein2_rbs	13.4	0.0	0.0
214	__protein3_rbs	2.2	0.0	0.0
214	__ribosome	24.6	0.0	0.0
214	__rnase_site_ext	19.4	0.0	0.0
214	p0	0.8	0.0	0.0
214	p2	0.4	0.0	0.0
214	protein1	1137.0	19.2	1.6994444000000002
214	protein2	1141.2	21.4	1.6576879999999998
214	protein3	228.6	4.2	1.9928572
214	rnapol	0.0	0.0	0.0
215	__protein1_rbs	14.0	0.0	0.0
215	__protein2_rbs	14.2	0.0	0.0
215	__protein3_rbs	2.6	0.0	0.0
215	__ribosome	23.2	0.0	0.0
215	__rnase_site_ext	19.4	0.0	0.0
215	p0	0.8	0.0	0.0
215	p2	0.8	0.0	0.0
215	protein1	1143.6	19.2	1.7123738000000002
215	protein2	1148.2	20.8	1.7645896
215	protein3	230.2	4.2	1.9047620000000005
215	rnapol	0.0	0.0	0.0
216	__protein1_rbs	11.6	0.0	0.0
216	__protein2_rbs	12.6	0.0	0.0
216	__protein3_rbs	2.6	0.0	0.0
216	__ribosome	23.2	0.0	0.0
216	__rnase_site_ext	19.2	0.0	0.0
216	p0	0.8	0.0	0.0
216	p2	0.6	0.0	0.0
216	protein1	1151.6	19.4	1.7147594000000002
216	protein2	1156.4	20.8	1.7610626
216	protein3	232.4	4.4	1.7
216	rnapol	0.0	0.0	0.0
217	__protein1_rbs	13.0	0.0	0.0
217	__protein2_rbs	13.0	0.0	0.0
217	__protein3_rbs	3.2	0.0	0.0
217	__ribosome	23.8	0.0	0.0
217	__rnase_site_ext	19.0	0.0	0.0
217	p0	1.0	0.0	0.0
217	p2	0.8	0.0	0.0
217	protein1	1158.8	19.2	1.6983412000000002
217	protein2	1165.2	20.8	1.7462318
217	protein3	233.6	4.6	1.655
217	rnapol	0.2	0.0	0.0
218	__protein1_rbs	13.0	0.0	0.0
218	__protein2_rbs	13.8	0.0	0.0
218	__protein3_rbs	3.0	0.0	0.0
218	__ribosome	24.8	0.0	0.0
218	__rnase_site_ext	19.2	0.0	0.0
218	p0	0.8	0.0	0.0
218	p2	0.6	0.0	0.0
218	protein1	1165.8	19.0	1.7270149999999995
218	protein2	1171.8	20.0	1.7957342
218	protein3	235.8	4.8	1.465
218	rnapol	0.0	0.0	0.0
219	__protein1_rbs	12.4	0.0	0.0
219	__protein2_rbs	13.6	0.0	0.0
219	__protein3_rbs	3.8	0.0	0.0
219	__ribosome	27.0	0.0	0.0
219	__rnase_site_ext	18.6	0.0	0.0
219	p0	1.0	0.0	0.0
219	p2	0.4	0.0	0.0
219	protein1	1173.4	19.2	1.7039638
219	protein2	1181.0	20.2	1.6875918000000003
219	protein3	237.2	4.8	1.4523807999999998
219	rnapol	0.0	0.0	0.0
220	__protein1_rbs	13.8	0.0	0.0
220	__protein2_rbs	13.4	0.0	0.0
220	__protein3_rbs	2.8	0.0	0.0
220	__ribosome	27.2	0.0	0.0
220	__rnase_site_ext	18.8	0.0	0.0
220	p0	0.6	0.0	0.0
220	p2	0.4	0.0	0.0
220	protein1	1181.0	18.6	1.6572478
220	protein2	1188.6	20.6	1.7031614000000002
220	protein3	239.0	5.0	1.5392858
220	rnapol	0.0	0.0	0.0
221	__protein1_rbs	12.2	0.0	0.0
221	__protein2_rbs	13.0	0.0	0.0
221	__protein3_rbs	4.0	0.0	0.0
221	__ribosome	28.6	0.0	0.0
221	__rnase_site_ext	19.2	0.0	0.0
221	p0	0.8	0.0	0.0
221	p2	0.8	0.0	0.0
221	protein1	1188.2	18.6	1.69636
221	protein2	1198.6	20.4	1.6448031999999997
221	protein3	241.0	5.0	1.4142858
221	rnapol	0.2	0.0	0.0
222	__protein1_rbs	10.2	0.0	0.0
222	__protein2_rbs	14.2	0.0	0.0
222	__protein3_rbs	3.4	0.0	0.0
222	__ribosome	24.2	0.0	0.0
222	__rnase_site_ext	19.6	0.0	0.0
222	p0	0.8	0.0	0.0
222	p2	0.8	0.0	0.0
222	protein1	1194.8	19.0	1.8526258
222	protein2	1204.2	20.2	1.6965229999999998
222	protein3	242.2	4.6	inf
222	rnapol	0.0	0.0	0.0
223	__protein1_rbs	13.0	0.0	0.0
223	__protein2_rbs	12.6	0.0	0.0
223	__protein3_rbs	3.0	0.0	0.0
223	__ribosome	24.4	0.0	0.0
223	__rnase_site_ext	19.6	0.0	0.0
223	p0	0.8	0.0	0.0
223	p2	0.8	0.0	0.0
223	protein1	1202.4	19.6	1.7612650000000003
223	protein2	1211.6	20.2	1.7265286
223	protein3	243.8	4.4	inf
223	rnapol	0.0	0.0	0.0
224	__protein1_rbs	12.8	0.0	0.0
224	__protein2_rbs	15.4	0.0	0.0
224	__protein3_rbs	3.0	0.0	0.0
224	__ribosome	29.0	0.0	0.0
224	__rnase_site_ext	19.6	0.0	0.0
224	p0	0.8	0.0	0.0
224	p2	0.6	0.0	0.0
224	protein1	1209.4	19.8	1.7570276000000002
224	protein2	1221.8	20.4	1.4913968
224	protein3	245.6	4.4	inf
224	rnapol	0.2	0.0	0.0
225	__protein1_rbs	13.2	0.0	0.0
225	__protein2_rbs	14.0	0.0	0.0
225	__protein3_rbs	2.6	0.0	0.0
225	__ribosome	26.8	0.0	0.0
225	__rnase_site_ext	19.0	0.0	0.0
225	p0	1.0	0.0	0.0
225	p2	0.4	0.0	0.0
225	protein1	1216.2	19.8	1.830962
225	protein2	1228.2	20.6	1.5292324000000002
225	protein3	247.4	4.2	inf
225	rnapol	0.2	0.0	0.0
226	__protein1_rbs	13.4	0.0	0.0
226	__protein2_rbs	13.2	0.0	0.0
226	__protein3_rbs	2.8	0.0	0.0
226	__ribosome	28.4	0.0	0.0
226	__rnase_site_ext	19.2	0.0	0.0
226	p0	1.0	0.0	0.0
226	p2	0.6	0.0	0.0
226	protein1	1224.8	19.2	1.7818182
226	protein2	1235.8	20.4	1.5542468
226	protein3	248.8	4.2	inf
226	rnapol	0.2	0.0	0.0
227	__protein1_rbs	12.0	0.0	0.0
227	__protein2_rbs	12.8	0.0	0.0
227	__protein3_rbs	2.2	0.0	0.0
227	__ribosome	25.8	0.0	0.0
227	__rnase_site_ext	19.2	0.0	0.0
227	p0	0.6	0.0	0.0
227	p2	0.8	0.0	0.0
227	protein1	1232.8	19.2	1.7709351999999998
227	protein2	1243.0	20.2	1.6841149999999998
227	protein3	250.2	4.2	1.3333334
227	rnapol	0.0	0.0	0.0
228	__protein1_rbs	14.0	0.0	0.0
228	__protein2_rbs	13.8	0.0	0.0
228	__protein3_rbs	2.8	0.0	0.0
228	__ribosome	25.8	0.0	0.0
228	__rnase_site_ext	19.2	0.0	0.0
228	p0	0.8	0.0	0.0
228	p2	0.8	0.0	0.0
228	protein1	1240.2	19.2	1.7150584000000002
228	protein2	1250.4	20.8	1.6825858000000005
228	protein3	251.6	4.0	1.4166668
228	rnapol	0.0	0.0	0.0
229	__protein1_rbs	11.8	0.0	0.0
229	__protein2_rbs	12.2	0.0	0.0
229	__protein3_rbs	3.2	0.0	0.0
229	__ribosome	23.6	0.0	0.0
229	__rnase_site_ext	18.6	0.0	0.0
229	p0	1.0	0.0	0.0
229	p2	0.8	0.0	0.0
229	protein1	1248.4	19.2	1.7548872
229	protein2	1257.0	20.8	1.7972808
229	protein3	253.4	4.0	1.2047618
229	rnapol	0.0	0.0	0.0
230	__protein1_rbs	10.6	0.0	0.0
230	__protein2_rbs	15.2	0.0	0.0
230	__protein3_rbs	2.6	0.0	0.0
230	__ribosome	21.8	0.0	0.0
230	__rnase_site_ext	18.4	0.0	0.0
230	p0	1.0	0.0	0.0
230	p2	0.8	0.0	0.0
230	protein1	1255.2	18.6	1.8744918000000002
230	protein2	1263.2	21.2	1.7857626
230	protein3	255.0	4.0	1.1428572
230	rnapol	0.0	0.0	0.0
231	__protein1_rbs	12.4	0.0	0.0
231	__protein2_rbs	14.2	0.0	0.0
231	__protein3_rbs	2.4	0.0	0.0
231	__ribosome	24.8	0.0	0.0
231	__rnase_site_ext	18.2	0.0	0.0
231	p0	1.0	0.0	0.0
231	p2	0.8	0.0	0.0
231	protein1	1262.6	18.4	1.8572648
231	protein2	1273.2	21.4	1.6448824000000002
231	protein3	256.0	3.8	1.55
231	rnapol	0.0	0.0	0.0
232	__protein1_rbs	10.6	0.0	0.0
232	__protein2_rbs	14.8	0.0	0.0
232	__protein3_rbs	2.6	0.0	0.0
232	__ribosome	28.4	0.0	0.0
232	__rnase_site_ext	18.2	0.0	0.0
232	p0	0.8	0.0	0.0
232	p2	0.6	0.0	0.0
232	protein1	1271.0	18.2	1.839262
232	protein2	1282.4	20.8	1.5851832000000001
232	protein3	258.4	4.0	1.3171427999999998
232	rnapol	0.0	0.0	0.0
233	__protein1_rbs	10.4	0.0	0.0
233	__protein2_rbs	12.8	0.0	0.0
233	__protein3_rbs	2.6	0.0	0.0
233	__ribosome	27.4	0.0	0.0
233	__rnase_site_ext	18.2	0.0	0.0
233	p0	0.8	0.0	0.0
233	p2	0.4	0.0	0.0
233	protein1	1278.6	18.0	1.9091452000000002
233	protein2	1290.8	20.6	1.5981691999999998
233	protein3	259.4	4.0	1.4223808
233	rnapol	0.0	0.0	0.0
234	__protein1_rbs	11.8	0.0	0.0
234	__protein2_rbs	12.6	0.0	0.0
234	__protein3_rbs	2.0	0.0	0.0
234	__ribosome	26.6	0.0	0.0
234	__rnase_site_ext	18.0	0.0	0.0
234	p0	0.8	0.0	0.0
234	p2	0.4	0.0	0.0
234	protein1	1286.8	18.0	1.797996
234	protein2	1298.0	20.6	1.6948166
234	protein3	260.4	4.0	1.7747620000000002
234	rnapol	0.0	0.0	0.0
235	__protein1_rbs	11.8	0.0	0.0
235	__protein2_rbs	14.6	0.0	0.0
235	__protein3_rbs	3.0	0.0	0.0
235	__ribosome	25.6	0.0	0.0
235	__rnase_site_ext	18.0	0.0	0.0
235	p0	0.6	0.0	0.0
235	p2	0.4	0.0	0.0
235	protein1	1293.4	18.2	1.7937768000000005
235	protein2	1304.8	21.2	1.7183254000000001
235	protein3	262.0	4.0	1.6961906000000002
235	rnapol	0.0	0.0	0.0
236	__protein1_rbs	12.2	0.0	0.0
236	__protein2_rbs	15.6	0.0	0.0
236	__protein3_rbs	1.8	0.0	0.0
236	__ribosome	24.4	0.0	0.0
236	__rnase_site_ext	18.6	0.0	0.0
236	p0	0.4	0.0	0.0
236	p2	0.8	0.0	0.0
236	protein1	1301.0	18.2	1.7761228
236	protein2	1312.8	21.6	1.6744799999999995
236	protein3	263.4	4.0	2.095238
236	rnapol	0.2	0.0	0.0
237	__protein1_rbs	12.8	0.0	0.0
237	__protein2_rbs	13.8	0.0	0.0
237	__protein3_rbs	2.4	0.0	0.0
237	__ribosome	24.2	0.0	0.0
237	__rnase_site_ext	18.8	0.0	0.0
237	p0	0.6	0.0	0.0
237	p2	0.6	0.0	0.0
237	protein1	1308.2	18.6	1.7167508000000002
237	protein2	1320.6	21.2	1.748023
237	protein3	265.2	4.0	2.1147620000000003
237	rnapol	0.0	0.0	0.0
238	__protein1_rbs	11.2	0.0	0.0
238	__protein2_rbs	14.4	0.0	0.0
238	__protein3_rbs	3.4	0.0	0.0
238	__ribosome	25.2	0.0	0.0
238	__rnase_site_ext	18.6	0.0	0.0
238	p0	0.8	0.0	0.0
238	p2	0.6	0.0	0.0
238	protein1	1316.0	18.8	1.7053159999999998
238	protein2	1329.0	21.2	1.6843058000000002
238	protein3	266.0	4.0	2.0266666
238	rnapol	0.0	0.0	0.0
239	__protein1_rbs	12.0	0.0	0.0
239	__protein2_rbs	12.6	0.0	0.0
239	__protein3_rbs	3.4	0.0	0.0
239	__ribosome	28.0	0.0	0.0
239	__rnase_site_ext	18.6	0.0	0.0
239	p0	0.8	0.0	0.0
239	p2	0.4	0.0	0.0
239	protein1	1323.0	18.6	1.7315336
239	protein2	1338.6	20.4	1.6978182000000002
239	protein3	268.2	4.0	1.7609523999999999
239	rnapol	0.0	0.0	0.0
240	__protein1_rbs	11.8	0.0	0.0
240	__protein2_rbs	14.2	0.0	0.0
240	__protein3_rbs	2.2	0.0	0.0
240	__ribosome	28.4	0.0	0.0
240	__rnase_site_ext	18.8	0.0	0.0
240	p0	0.4	0.0	0.0
240	p2	0.6	0.0	0.0
240	protein1	1330.2	18.4	1.8054094
240	protein2	1347.0	20.2	1.634102
240	protein3	270.4	4.0	1.7823808
240	rnapol	0.0	0.0	0.0
241	__protein1_rbs	10.0	0.0	0.0
241	__protein2_rbs	11.8	0.0	0.0
241	__protein3_rbs	2.4	0.0	0.0
241	__ribosome	26.0	0.0	0.0
241	__rnase_site_ext	19.0	0.0	0.0
241	p0	0.8	0.0	0.0
241	p2	0.6	0.0	0.0
241	protein1	1337.8	18.8	1.8276054
241	protein2	1354.6	20.2	1.7204848
241	protein3	272.6	3.8	1.8871428
241	rnapol	0.0	0.0	0.0
242	__protein1_rbs	12.4	0.0	0.0
242	__protein2_rbs	11.8	0.0	0.0
242	__protein3_rbs	2.8	0.0	0.0
242	__ribosome	22.8	0.0	0.0
242	__rnase_site_ext	18.8	0.0	0.0
242	p0	1.0	0.0	0.0
242	p2	1.0	0.0	0.0
242	protein1	1343.6	19.2	1.8797822
242	protein2	1362.4	20.6	1.7528848000000001
242	protein3	273.8	3.8	1.7
242	rnapol	0.0	0.0	0.0
243	__protein1_rbs	11.8	0.0	0.0
243	__protein2_rbs	14.8	0.0	0.0
243	__protein3_rbs	3.0	0.0	0.0
243	__ribosome	25.2	0.0	0.0
243	__rnase_site_ext	19.2	0.0	0.0
243	p0	0.8	0.0	0.0
243	p2	1.0	0.0	0.0
243	protein1	1352.2	18.8	1.871308
243	protein2	1371.0	19.8	1.7058937999999997
243	protein3	274.2	4.0	1.6904762000000002
243	rnapol	0.0	0.0	0.0
244	__protein1_rbs	11.0	0.0	0.0
244	__protein2_rbs	13.2	0.0	0.0
244	__protein3_rbs	2.8	0.0	0.0
244	__ribosome	25.8	0.0	0.0
244	__rnase_site_ext	18.8	0.0	0.0
244	p0	1.0	0.0	0.0
244	p2	1.0	0.0	0.0
244	protein1	1361.2	19.0	1.8249601999999998
244	protein2	1377.8	20.2	1.7544444
244	protein3	276.6	4.0	1.1690476
244	rnapol	0.0	0.0	0.0
245	__protein1_rbs	12.0	0.0	0.0
245	__protein2_rbs	13.4	0.0	0.0
245	__protein3_rbs	3.0	0.0	0.0
245	__ribosome	25.4	0.0	0.0
245	__rnase_site_ext	18.8	0.0	0.0
245	p0	1.0	0.0	0.0
245	p2	0.6	0.0	0.0
245	protein1	1369.2	18.8	1.8458748
245	protein2	1384.6	20.4	1.7630556
245	protein3	278.0	4.0	1.0619048000000002
245	rnapol	0.0	0.0	0.0
246	__protein1_rbs	12.0	0.0	0.0
246	__protein2_rbs	11.2	0.0	0.0
246	__protein3_rbs	2.4	0.0	0.0
246	__ribosome	24.2	0.0	0.0
246	__rnase_site_ext	18.8	0.0	0.0
246	p0	0.8	0.0	0.0
246	p2	0.2	0.0	0.0
246	protein1	1376.8	18.8	1.8428441999999998
246	protein2	1394.6	20.4	1.761575
246	protein3	279.2	4.0	1.2595237999999995
246	rnapol	0.0	0.0	0.0
247	__protein1_rbs	10.8	0.0	0.0
247	__protein2_rbs	12.6	0.0	0.0
247	__protein3_rbs	2.4	0.0	0.0
247	__ribosome	25.0	0.0	0.0
247	__rnase_site_ext	19.0	0.0	0.0
247	p0	0.8	0.0	0.0
247	p2	0.4	0.0	0.0
247	protein1	1385.6	18.8	1.852015
247	protein2	1403.4	20.0	1.7663766
247	protein3	280.4	3.8	1.5042858
247	rnapol	0.0	0.0	0.0
248	__protein1_rbs	12.6	0.0	0.0
248	__protein2_rbs	13.4	0.0	0.0
248	__protein3_rbs	2.0	0.0	0.0
248	__ribosome	24.4	0.0	0.0
248	__rnase_site_ext	19.2	0.0	0.0
248	p0	0.4	0.0	0.0
248	p2	0.6	0.0	0.0
248	protein1	1393.2	19.0	1.7841306000000001
248	protein2	1410.2	20.0	1.7847288000000001
248	protein3	281.4	3.8	1.6857142
248	rnapol	0.0	0.0	0.0
249	__protein1_rbs	13.0	0.0	0.0
249	__protein2_rbs	14.0	0.0	0.0
249	__protein3_rbs	2.6	0.0	0.0
249	__ribosome	27.0	0.0	0.0
249	__rnase_site_ext	19.2	0.0	0.0
249	p0	1.0	0.0	0.0
249	p2	0.4	0.0	0.0
249	protein1	1401.2	19.0	1.6952381999999997
249	protein2	1419.0	20.2	1.7037334000000002
249	protein3	282.6	3.8	1.9880952
249	rnapol	0.0	0.0	0.0
250	__protein1_rbs	12.4	0.0	0.0
250	__protein2_rbs	13.6	0.0	0.0
250	__protein3_rbs	3.0	0.0	0.0
250	__ribosome	28.0	0.0	0.0
250	__rnase_site_ext	19.2	0.0	0.0
250	p0	0.6	0.0	0.0
250	p2	0.6	0.0	0.0
250	protein1	1408.8	19.2	1.6903175999999998
250	protein2	1427.0	20.0	1.669104
250	protein3	284.6	4.0	1.8076192
250	rnapol	0.0	0.0	0.0
