time	species	protein	transcript	ribo_density
0	__protein1_rbs	0.0	0.0	0.0
0	__protein2_rbs	0.0	0.0	0.0
0	__protein3_rbs	0.0	0.0	0.0
0	__ribosome	100.0	0.0	0.0
0	__rnase_site_ext	0.0	0.0	0.0
0	p0	1.0	0.0	0.0
0	p1	1.0	0.0	0.0
0	p2	1.0	0.0	0.0
0	r2	0.0	0.0	0.0
0	rnapol	4.0	0.0	0.0
1	__protein1_rbs	0.0	0.0	0.0
1	__protein2_rbs	0.0	0.0	0.0
1	__protein3_rbs	0.0	0.0	0.0
1	__ribosome	100.0	0.0	0.0
1	__rnase_site_ext	1.2	0.0	0.0
1	p0	0.2	0.0	0.0
1	p1	1.0	0.0	0.0
1	p2	0.8	0.0	0.0
1	r2	0.0	0.0	0.0
1	rnapol	2.6	0.0	0.0
2	__protein1_rbs	0.4	0.0	0.0
2	__protein2_rbs	0.0	0.0	0.0
2	__protein3_rbs	0.0	0.0	0.0
2	__ribosome	99.8	0.0	0.0
2	__rnase_site_ext	2.0	0.0	0.0
2	p0	0.6	0.0	0.0
2	p1	0.8	0.0	0.0
2	p2	0.8	0.0	0.0
2	protein1	0.0	0.6	0.2
2	r2	0.0	0.0	0.0
2	rnapol	1.8	0.0	0.0
3	__protein1_rbs	0.4	0.0	0.0
3	__protein2_rbs	0.0	0.0	0.0
3	__protein3_rbs	0.0	0.0	0.0
3	__ribosome	99.0	0.0	0.0
3	__rnase_site_ext	2.8	0.0	0.0
3	p0	0.8	0.0	0.0
3	p1	0.8	0.0	0.0
3	p2	0.6	0.0	0.0
3	protein1	0.0	1.2	0.9
3	r2	0.0	0.0	0.0
3	rnapol	1.0	0.0	0.0
4	__protein1_rbs	0.6	0.0	0.0
4	__protein2_rbs	0.0	0.0	0.0
4	__protein3_rbs	0.0	0.0	0.0
4	__ribosome	97.8	0.0	0.0
4	__rnase_site_ext	3.4	0.0	0.0
4	p0	1.0	0.0	0.0
4	p1	1.0	0.0	0.0
4	p2	0.8	0.0	0.0
4	protein1	0.0	1.8	1.1
4	protein2	0.0	0.2	0.2
4	r2	0.0	0.0	0.0
4	rnapol	0.8	0.0	0.0
5	__protein1_rbs	0.6	0.0	0.0
5	__protein2_rbs	0.2	0.0	0.0
5	__protein3_rbs	0.0	0.0	0.0
5	__ribosome	96.4	0.0	0.0
5	__rnase_site_ext	3.6	0.0	0.0
5	p0	0.4	0.0	0.0
5	p1	1.0	0.0	0.0
5	p2	1.0	0.0	0.0
5	protein1	0.0	2.2	1.6
5	protein2	0.0	0.2	0.2
5	r2	0.2	0.0	0.0
5	rnapol	0.4	0.0	0.0
6	__protein1_rbs	1.2	0.0	0.0
6	__protein2_rbs	0.0	0.0	0.0
6	__protein3_rbs	0.0	0.0	0.0
6	__ribosome	94.6	0.0	0.0
6	__rnase_site_ext	4.2	0.0	0.0
6	p0	0.8	0.0	0.0
6	p1	1.0	0.0	0.0
6	p2	1.0	0.0	0.0
6	protein1	0.0	2.4	1.9
6	protein2	0.0	0.4	0.6
6	protein3	0.0	0.2	0.2
6	r2	0.4	0.0	0.0
6	rnapol	0.2	0.0	0.0
7	__protein1_rbs	1.2	0.0	0.0
7	__protein2_rbs	0.2	0.0	0.0
7	__protein3_rbs	0.2	0.0	0.0
7	__ribosome	92.8	0.0	0.0
7	__rnase_site_ext	4.4	0.0	0.0
7	p0	0.8	0.0	0.0
7	p1	0.8	0.0	0.0
7	p2	1.0	0.0	0.0
7	protein1	0.2	2.8	2.25
7	protein2	0.0	0.4	0.8
7	protein3	0.0	0.4	0.2
7	r2	0.4	0.0	0.0
7	rnapol	0.0	0.0	0.0
8	__protein1_rbs	1.0	0.0	0.0
8	__protein2_rbs	0.2	0.0	0.0
8	__protein3_rbs	0.0	0.0	0.0
8	__ribosome	90.2	0.0	0.0
8	__rnase_site_ext	4.4	0.0	0.0
8	p0	1.0	0.0	0.0
8	p1	0.4	0.0	0.0
8	p2	1.0	0.0	0.0
8	protein1	0.6	3.2	2.5
8	protein2	0.0	0.4	1.0
8	protein3	0.0	0.4	0.6
8	r2	0.4	0.0	0.0
8	rnapol	0.0	0.0	0.0
9	__protein1_rbs	1.0	0.0	0.0
9	__protein2_rbs	0.0	0.0	0.0
9	__protein3_rbs	0.0	0.0	0.0
9	__ribosome	89.6	0.0	0.0
9	__rnase_site_ext	4.4	0.0	0.0
9	p0	1.0	0.0	0.0
9	p1	0.2	0.0	0.0
9	p2	0.8	0.0	0.0
9	protein1	2.2	3.2	2.6333333999999997
9	protein2	0.2	0.4	1.2
9	protein3	0.0	0.4	0.8
9	r2	0.4	0.0	0.0
9	rnapol	0.0	0.0	0.0
10	__protein1_rbs	1.6	0.0	0.0
10	__protein2_rbs	0.4	0.0	0.0
10	__protein3_rbs	0.0	0.0	0.0
10	__ribosome	88.4	0.0	0.0
10	__rnase_site_ext	4.4	0.0	0.0
10	p0	1.0	0.0	0.0
10	p1	0.2	0.0	0.0
10	p2	1.0	0.0	0.0
10	protein1	3.4	3.2	2.8333334
10	protein2	0.2	0.6	1.0
10	protein3	0.0	0.4	1.2
10	r2	0.4	0.0	0.0
10	rnapol	0.0	0.0	0.0
11	__protein1_rbs	1.2	0.0	0.0
11	__protein2_rbs	0.4	0.0	0.0
11	__protein3_rbs	0.2	0.0	0.0
11	__ribosome	87.2	0.0	0.0
11	__rnase_site_ext	4.4	0.0	0.0
11	p0	0.8	0.0	0.0
11	p1	0.4	0.0	0.0
11	p2	0.8	0.0	0.0
11	protein1	4.6	3.2	3.05
11	protein2	0.6	1.0	1.2
11	protein3	0.0	0.4	1.4
11	r2	0.4	0.0	0.0
11	rnapol	0.0	0.0	0.0
12	__protein1_rbs	1.0	0.0	0.0
12	__protein2_rbs	0.8	0.0	0.0
12	__protein3_rbs	0.2	0.0	0.0
12	__ribosome	86.4	0.0	0.0
12	__rnase_site_ext	4.6	0.0	0.0
12	p0	1.0	0.0	0.0
12	p1	0.4	0.0	0.0
12	p2	1.0	0.0	0.0
12	protein1	6.6	3.2	3.1333333999999997
12	protein2	0.6	1.6	1.3
12	protein3	0.2	0.4	1.4
12	r2	0.4	0.0	0.0
12	rnapol	0.2	0.0	0.0
13	__protein1_rbs	0.8	0.0	0.0
13	__protein2_rbs	0.6	0.0	0.0
13	__protein3_rbs	0.0	0.0	0.0
13	__ribosome	83.4	0.0	0.0
13	__rnase_site_ext	4.6	0.0	0.0
13	p0	0.6	0.0	0.0
13	p1	0.6	0.0	0.0
13	p2	1.0	0.0	0.0
13	protein1	7.8	3.4	3.35
13	protein2	1.0	2.4	1.5666666
13	protein3	0.4	0.4	1.6
13	r2	0.4	0.0	0.0
13	rnapol	0.2	0.0	0.0
14	__protein1_rbs	1.0	0.0	0.0
14	__protein2_rbs	1.2	0.0	0.0
14	__protein3_rbs	0.4	0.0	0.0
14	__ribosome	83.8	0.0	0.0
14	__rnase_site_ext	4.8	0.0	0.0
14	p0	1.0	0.0	0.0
14	p1	0.6	0.0	0.0
14	p2	1.0	0.0	0.0
14	protein1	10.4	3.2	3.4
14	protein2	1.4	2.8	1.6333334000000002
14	protein3	0.8	0.4	1.2
14	r2	0.4	0.0	0.0
14	rnapol	0.2	0.0	0.0
15	__protein1_rbs	0.4	0.0	0.0
15	__protein2_rbs	0.8	0.0	0.0
15	__protein3_rbs	0.0	0.0	0.0
15	__ribosome	81.2	0.0	0.0
15	__rnase_site_ext	4.8	0.0	0.0
15	p0	0.8	0.0	0.0
15	p1	0.8	0.0	0.0
15	p2	0.8	0.0	0.0
15	protein1	12.6	3.6	3.1
15	protein2	1.8	3.0	2.1333332
15	protein3	1.2	0.4	1.2
15	r2	0.4	0.0	0.0
15	rnapol	0.0	0.0	0.0
16	__protein1_rbs	1.8	0.0	0.0
16	__protein2_rbs	0.8	0.0	0.0
16	__protein3_rbs	0.0	0.0	0.0
16	__ribosome	79.0	0.0	0.0
16	__rnase_site_ext	4.8	0.0	0.0
16	p0	1.0	0.0	0.0
16	p1	1.0	0.0	0.0
16	p2	0.4	0.0	0.0
16	protein1	14.6	3.6	3.05
16	protein2	2.0	3.2	2.7166666
16	protein3	1.4	0.4	1.4
16	r2	0.4	0.0	0.0
16	rnapol	0.0	0.0	0.0
17	__protein1_rbs	1.0	0.0	0.0
17	__protein2_rbs	1.8	0.0	0.0
17	__protein3_rbs	0.4	0.0	0.0
17	__ribosome	77.6	0.0	0.0
17	__rnase_site_ext	4.8	0.0	0.0
17	p0	1.0	0.0	0.0
17	p1	1.0	0.0	0.0
17	p2	0.4	0.0	0.0
17	protein1	16.0	3.6	3.4166668
17	protein2	2.8	3.6	2.5333334
17	protein3	1.6	0.4	1.2
17	r2	0.4	0.0	0.0
17	rnapol	0.0	0.0	0.0
18	__protein1_rbs	0.8	0.0	0.0
18	__protein2_rbs	2.0	0.0	0.0
18	__protein3_rbs	0.0	0.0	0.0
18	__ribosome	76.6	0.0	0.0
18	__rnase_site_ext	4.8	0.0	0.0
18	p0	1.0	0.0	0.0
18	p1	1.0	0.0	0.0
18	p2	0.2	0.0	0.0
18	protein1	17.8	3.6	3.6166668
18	protein2	4.4	3.6	2.6
18	protein3	2.0	0.4	1.2
18	r2	0.4	0.0	0.0
18	rnapol	0.4	0.0	0.0
19	__protein1_rbs	1.0	0.0	0.0
19	__protein2_rbs	1.4	0.0	0.0
19	__protein3_rbs	0.4	0.0	0.0
19	__ribosome	75.6	0.0	0.0
19	__rnase_site_ext	5.2	0.0	0.0
19	p0	0.8	0.0	0.0
19	p1	0.8	0.0	0.0
19	p2	0.2	0.0	0.0
19	protein1	20.4	3.6	3.5166666
19	protein2	5.4	3.6	2.95
19	protein3	2.0	0.4	1.2
19	r2	0.6	0.0	0.0
19	rnapol	0.2	0.0	0.0
20	__protein1_rbs	1.0	0.0	0.0
20	__protein2_rbs	1.6	0.0	0.0
20	__protein3_rbs	0.4	0.0	0.0
20	__ribosome	76.4	0.0	0.0
20	__rnase_site_ext	5.4	0.0	0.0
20	p0	0.8	0.0	0.0
20	p1	0.4	0.0	0.0
20	p2	0.4	0.0	0.0
20	protein1	23.0	4.0	3.22
20	protein2	7.8	3.6	2.8
20	protein3	2.4	0.6	1.0
20	r2	0.6	0.0	0.0
20	rnapol	0.6	0.0	0.0
21	__protein1_rbs	1.8	0.0	0.0
21	__protein2_rbs	0.8	0.0	0.0
21	__protein3_rbs	0.0	0.0	0.0
21	__ribosome	75.2	0.0	0.0
21	__rnase_site_ext	5.6	0.0	0.0
21	p0	0.6	0.0	0.0
21	p1	0.8	0.0	0.0
21	p2	0.6	0.0	0.0
21	protein1	25.6	4.2	2.9066666000000003
21	protein2	9.4	3.6	3.1166666000000003
21	protein3	2.4	0.6	1.6
21	r2	0.6	0.0	0.0
21	rnapol	0.8	0.0	0.0
22	__protein1_rbs	1.0	0.0	0.0
22	__protein2_rbs	2.0	0.0	0.0
22	__protein3_rbs	0.2	0.0	0.0
22	__ribosome	75.8	0.0	0.0
22	__rnase_site_ext	6.2	0.0	0.0
22	p0	0.4	0.0	0.0
22	p1	0.8	0.0	0.0
22	p2	0.6	0.0	0.0
22	protein1	27.6	4.2	3.0133334
22	protein2	11.8	3.8	2.65
22	protein3	2.8	0.6	1.6
22	r2	0.6	0.0	0.0
22	rnapol	0.8	0.0	0.0
23	__protein1_rbs	2.0	0.0	0.0
23	__protein2_rbs	1.4	0.0	0.0
23	__protein3_rbs	0.2	0.0	0.0
23	__ribosome	74.4	0.0	0.0
23	__rnase_site_ext	6.6	0.0	0.0
23	p0	0.8	0.0	0.0
23	p1	1.0	0.0	0.0
23	p2	0.8	0.0	0.0
23	protein1	29.8	4.8	2.7933334000000003
23	protein2	13.6	4.2	2.57
23	protein3	3.2	0.6	1.4
23	r2	0.6	0.0	0.0
23	rnapol	0.4	0.0	0.0
24	__protein1_rbs	2.4	0.0	0.0
24	__protein2_rbs	2.0	0.0	0.0
24	__protein3_rbs	0.0	0.0	0.0
24	__ribosome	74.6	0.0	0.0
24	__rnase_site_ext	7.0	0.0	0.0
24	p0	0.6	0.0	0.0
24	p1	1.0	0.0	0.0
24	p2	1.0	0.0	0.0
24	protein1	32.8	5.2	2.5533332000000004
24	protein2	16.0	4.4	2.43
24	protein3	3.4	0.6	1.6
24	r2	0.6	0.0	0.0
24	rnapol	0.2	0.0	0.0
25	__protein1_rbs	2.2	0.0	0.0
25	__protein2_rbs	1.8	0.0	0.0
25	__protein3_rbs	0.6	0.0	0.0
25	__ribosome	72.6	0.0	0.0
25	__rnase_site_ext	7.2	0.0	0.0
25	p0	0.6	0.0	0.0
25	p1	1.0	0.0	0.0
25	p2	1.0	0.0	0.0
25	protein1	34.6	5.8	2.4933334
25	protein2	18.0	4.4	2.6
25	protein3	3.4	0.6	1.6
25	r2	0.6	0.0	0.0
25	rnapol	0.0	0.0	0.0
26	__protein1_rbs	3.0	0.0	0.0
26	__protein2_rbs	1.4	0.0	0.0
26	__protein3_rbs	0.0	0.0	0.0
26	__ribosome	70.6	0.0	0.0
26	__rnase_site_ext	7.2	0.0	0.0
26	p0	1.0	0.0	0.0
26	p1	0.4	0.0	0.0
26	p2	0.6	0.0	0.0
26	protein1	36.8	6.2	2.5047620000000004
26	protein2	20.0	4.4	2.77
26	protein3	3.8	0.6	1.8
26	r2	0.6	0.0	0.0
26	rnapol	0.0	0.0	0.0
27	__protein1_rbs	2.2	0.0	0.0
27	__protein2_rbs	1.8	0.0	0.0
27	__protein3_rbs	0.0	0.0	0.0
27	__ribosome	68.8	0.0	0.0
27	__rnase_site_ext	7.2	0.0	0.0
27	p0	1.0	0.0	0.0
27	p1	0.8	0.0	0.0
27	p2	0.6	0.0	0.0
27	protein1	39.8	6.0	2.7514284
27	protein2	22.0	4.4	2.91
27	protein3	4.0	0.6	2.2
27	r2	0.6	0.0	0.0
27	rnapol	0.0	0.0	0.0
28	__protein1_rbs	3.2	0.0	0.0
28	__protein2_rbs	2.0	0.0	0.0
28	__protein3_rbs	0.6	0.0	0.0
28	__ribosome	69.4	0.0	0.0
28	__rnase_site_ext	7.0	0.0	0.0
28	p0	1.0	0.0	0.0
28	p1	0.6	0.0	0.0
28	p2	0.6	0.0	0.0
28	protein1	42.2	5.8	2.9123810000000003
28	protein2	24.6	4.8	2.6166666000000003
28	protein3	4.6	0.6	1.6
28	r2	0.6	0.0	0.0
28	rnapol	0.2	0.0	0.0
29	__protein1_rbs	2.2	0.0	0.0
29	__protein2_rbs	2.0	0.0	0.0
29	__protein3_rbs	0.2	0.0	0.0
29	__ribosome	68.2	0.0	0.0
29	__rnase_site_ext	7.0	0.0	0.0
29	p0	1.0	0.0	0.0
29	p1	0.4	0.0	0.0
29	p2	0.8	0.0	0.0
29	protein1	45.2	5.6	3.0628572
29	protein2	27.2	5.0	2.6133332
29	protein3	4.6	0.6	2.0
29	r2	0.6	0.0	0.0
29	rnapol	0.2	0.0	0.0
30	__protein1_rbs	3.0	0.0	0.0
30	__protein2_rbs	2.4	0.0	0.0
30	__protein3_rbs	0.0	0.0	0.0
30	__ribosome	68.0	0.0	0.0
30	__rnase_site_ext	7.0	0.0	0.0
30	p0	0.8	0.0	0.0
30	p1	0.4	0.0	0.0
30	p2	0.8	0.0	0.0
30	protein1	48.4	5.6	2.9495237999999997
30	protein2	28.8	5.0	2.76
30	protein3	5.2	0.6	1.8
30	r2	0.8	0.0	0.0
30	rnapol	0.2	0.0	0.0
31	__protein1_rbs	2.8	0.0	0.0
31	__protein2_rbs	2.4	0.0	0.0
31	__protein3_rbs	0.4	0.0	0.0
31	__ribosome	69.2	0.0	0.0
31	__rnase_site_ext	6.8	0.0	0.0
31	p0	0.8	0.0	0.0
31	p1	0.2	0.0	0.0
31	p2	1.0	0.0	0.0
31	protein1	52.4	5.6	2.8580952
31	protein2	32.4	5.0	2.645238
31	protein3	5.6	0.8	1.8
31	r2	1.0	0.0	0.0
31	rnapol	0.0	0.0	0.0
32	__protein1_rbs	2.2	0.0	0.0
32	__protein2_rbs	2.4	0.0	0.0
32	__protein3_rbs	0.0	0.0	0.0
32	__ribosome	68.2	0.0	0.0
32	__rnase_site_ext	6.8	0.0	0.0
32	p0	1.0	0.0	0.0
32	p1	0.4	0.0	0.0
32	p2	1.0	0.0	0.0
32	protein1	55.6	5.4	2.9866666
32	protein2	34.6	5.4	2.5080952
32	protein3	6.2	1.0	1.8
32	r2	1.0	0.0	0.0
32	rnapol	0.2	0.0	0.0
33	__protein1_rbs	2.6	0.0	0.0
33	__protein2_rbs	2.2	0.0	0.0
33	__protein3_rbs	0.2	0.0	0.0
33	__ribosome	67.2	0.0	0.0
33	__rnase_site_ext	7.0	0.0	0.0
33	p0	0.8	0.0	0.0
33	p1	0.4	0.0	0.0
33	p2	0.6	0.0	0.0
33	protein1	58.8	5.4	3.06
33	protein2	37.4	5.8	2.4914286
33	protein3	6.2	1.0	2.3
33	r2	1.0	0.0	0.0
33	rnapol	0.0	0.0	0.0
34	__protein1_rbs	1.6	0.0	0.0
34	__protein2_rbs	2.0	0.0	0.0
34	__protein3_rbs	0.4	0.0	0.0
34	__ribosome	65.8	0.0	0.0
34	__rnase_site_ext	6.6	0.0	0.0
34	p0	1.0	0.0	0.0
34	p1	0.8	0.0	0.0
34	p2	0.6	0.0	0.0
34	protein1	62.2	5.4	3.0047620000000004
34	protein2	39.8	6.2	2.5485716
34	protein3	6.8	1.0	2.2
34	r2	1.0	0.0	0.0
34	rnapol	0.0	0.0	0.0
35	__protein1_rbs	2.8	0.0	0.0
35	__protein2_rbs	3.0	0.0	0.0
35	__protein3_rbs	0.4	0.0	0.0
35	__ribosome	64.6	0.0	0.0
35	__rnase_site_ext	6.6	0.0	0.0
35	p0	1.0	0.0	0.0
35	p1	1.0	0.0	0.0
35	p2	0.8	0.0	0.0
35	protein1	65.4	5.4	3.2038094
35	protein2	42.4	6.8	2.5357144000000003
35	protein3	7.2	1.0	2.5
35	r2	1.0	0.0	0.0
35	rnapol	0.2	0.0	0.0
36	__protein1_rbs	2.4	0.0	0.0
36	__protein2_rbs	2.2	0.0	0.0
36	__protein3_rbs	0.4	0.0	0.0
36	__ribosome	63.0	0.0	0.0
36	__rnase_site_ext	6.4	0.0	0.0
36	p0	1.0	0.0	0.0
36	p1	1.0	0.0	0.0
36	p2	0.6	0.0	0.0
36	protein1	67.8	5.4	3.1123807999999995
36	protein2	45.0	6.8	2.7333332
36	protein3	7.6	1.0	2.6
36	r2	1.0	0.0	0.0
36	rnapol	0.4	0.0	0.0
37	__protein1_rbs	2.2	0.0	0.0
37	__protein2_rbs	3.6	0.0	0.0
37	__protein3_rbs	0.6	0.0	0.0
37	__ribosome	62.6	0.0	0.0
37	__rnase_site_ext	6.6	0.0	0.0
37	p0	0.6	0.0	0.0
37	p1	1.0	0.0	0.0
37	p2	0.4	0.0	0.0
37	protein1	70.4	5.2	3.1952382000000004
37	protein2	47.4	7.0	2.7559524
37	protein3	8.6	1.0	2.1
37	r2	1.0	0.0	0.0
37	rnapol	0.2	0.0	0.0
38	__protein1_rbs	2.0	0.0	0.0
38	__protein2_rbs	2.2	0.0	0.0
38	__protein3_rbs	0.2	0.0	0.0
38	__ribosome	63.2	0.0	0.0
38	__rnase_site_ext	6.6	0.0	0.0
38	p0	1.0	0.0	0.0
38	p1	0.8	0.0	0.0
38	p2	0.4	0.0	0.0
38	protein1	74.4	5.2	2.9409524
38	protein2	51.8	7.0	2.7595238
38	protein3	9.2	1.0	2.3
38	r2	1.0	0.0	0.0
38	rnapol	0.6	0.0	0.0
39	__protein1_rbs	2.2	0.0	0.0
39	__protein2_rbs	2.8	0.0	0.0
39	__protein3_rbs	0.4	0.0	0.0
39	__ribosome	63.2	0.0	0.0
39	__rnase_site_ext	7.0	0.0	0.0
39	p0	0.6	0.0	0.0
39	p1	0.6	0.0	0.0
39	p2	0.4	0.0	0.0
39	protein1	77.6	5.4	2.5666666
39	protein2	55.2	7.0	2.7880952000000003
39	protein3	9.6	1.0	2.4
39	r2	1.0	0.0	0.0
39	rnapol	0.4	0.0	0.0
40	__protein1_rbs	2.2	0.0	0.0
40	__protein2_rbs	2.8	0.0	0.0
40	__protein3_rbs	0.4	0.0	0.0
40	__ribosome	62.8	0.0	0.0
40	__rnase_site_ext	7.4	0.0	0.0
40	p0	0.8	0.0	0.0
40	p1	0.8	0.0	0.0
40	p2	0.2	0.0	0.0
40	protein1	80.0	5.6	2.652381
40	protein2	58.8	7.0	2.8011908
40	protein3	10.2	1.0	2.2
40	r2	1.2	0.0	0.0
40	rnapol	0.2	0.0	0.0
41	__protein1_rbs	2.2	0.0	0.0
41	__protein2_rbs	3.2	0.0	0.0
41	__protein3_rbs	0.6	0.0	0.0
41	__ribosome	61.8	0.0	0.0
41	__rnase_site_ext	7.6	0.0	0.0
41	p0	0.8	0.0	0.0
41	p1	0.8	0.0	0.0
41	p2	0.6	0.0	0.0
41	protein1	83.2	6.2	2.5023807999999996
41	protein2	62.4	7.2	2.7690476000000004
41	protein3	10.8	1.2	1.8
41	r2	1.4	0.0	0.0
41	rnapol	0.2	0.0	0.0
42	__protein1_rbs	2.8	0.0	0.0
42	__protein2_rbs	3.8	0.0	0.0
42	__protein3_rbs	1.0	0.0	0.0
42	__ribosome	62.0	0.0	0.0
42	__rnase_site_ext	7.8	0.0	0.0
42	p0	0.8	0.0	0.0
42	p1	1.0	0.0	0.0
42	p2	0.8	0.0	0.0
42	protein1	86.0	6.4	2.5785714
42	protein2	66.8	7.4	2.5857142000000004
42	protein3	11.4	1.4	1.4
42	r2	1.4	0.0	0.0
42	rnapol	0.6	0.0	0.0
43	__protein1_rbs	2.6	0.0	0.0
43	__protein2_rbs	3.2	0.0	0.0
43	__protein3_rbs	0.6	0.0	0.0
43	__ribosome	60.4	0.0	0.0
43	__rnase_site_ext	8.2	0.0	0.0
43	p0	0.8	0.0	0.0
43	p1	1.0	0.0	0.0
43	p2	1.0	0.0	0.0
43	protein1	88.4	6.6	2.6535714
43	protein2	70.0	7.6	2.575
43	protein3	12.0	1.4	1.5
43	r2	1.6	0.0	0.0
43	rnapol	0.2	0.0	0.0
44	__protein1_rbs	2.6	0.0	0.0
44	__protein2_rbs	4.4	0.0	0.0
44	__protein3_rbs	0.8	0.0	0.0
44	__ribosome	58.6	0.0	0.0
44	__rnase_site_ext	8.2	0.0	0.0
44	p0	0.8	0.0	0.0
44	p1	0.8	0.0	0.0
44	p2	1.0	0.0	0.0
44	protein1	90.8	7.2	2.7088094000000003
44	protein2	73.6	7.2	2.582143
44	protein3	12.4	1.6	1.6333334000000002
44	r2	1.6	0.0	0.0
44	rnapol	0.0	0.0	0.0
45	__protein1_rbs	3.0	0.0	0.0
45	__protein2_rbs	3.0	0.0	0.0
45	__protein3_rbs	0.4	0.0	0.0
45	__ribosome	58.6	0.0	0.0
45	__rnase_site_ext	8.4	0.0	0.0
45	p0	1.0	0.0	0.0
45	p1	0.8	0.0	0.0
45	p2	0.8	0.0	0.0
45	protein1	94.8	7.2	2.786508
45	protein2	78.0	6.8	2.7459523999999997
45	protein3	13.0	1.6	1.8
45	r2	1.8	0.0	0.0
45	rnapol	0.0	0.0	0.0
46	__protein1_rbs	3.0	0.0	0.0
46	__protein2_rbs	3.2	0.0	0.0
46	__protein3_rbs	0.6	0.0	0.0
46	__ribosome	57.6	0.0	0.0
46	__rnase_site_ext	8.2	0.0	0.0
46	p0	1.0	0.0	0.0
46	p1	0.4	0.0	0.0
46	p2	0.8	0.0	0.0
46	protein1	98.4	7.4	2.6946034
46	protein2	82.0	6.8	2.7130952
46	protein3	13.4	1.8	2.1333333999999997
46	r2	1.8	0.0	0.0
46	rnapol	0.2	0.0	0.0
47	__protein1_rbs	3.0	0.0	0.0
47	__protein2_rbs	4.0	0.0	0.0
47	__protein3_rbs	1.0	0.0	0.0
47	__ribosome	57.4	0.0	0.0
47	__rnase_site_ext	8.2	0.0	0.0
47	p0	0.8	0.0	0.0
47	p1	0.0	0.0	0.0
47	p2	0.8	0.0	0.0
47	protein1	101.6	7.2	2.8956349999999995
47	protein2	85.2	7.0	2.4761906000000002
47	protein3	14.0	1.8	2.2333334
47	r2	1.8	0.0	0.0
47	rnapol	0.2	0.0	0.0
48	__protein1_rbs	2.8	0.0	0.0
48	__protein2_rbs	3.4	0.0	0.0
48	__protein3_rbs	0.6	0.0	0.0
48	__ribosome	57.2	0.0	0.0
48	__rnase_site_ext	8.6	0.0	0.0
48	p0	0.6	0.0	0.0
48	p1	0.6	0.0	0.0
48	p2	0.8	0.0	0.0
48	protein1	105.6	7.2	2.7728572
48	protein2	88.8	6.8	2.5542858
48	protein3	14.4	1.8	2.7333334
48	r2	1.8	0.0	0.0
48	rnapol	0.0	0.0	0.0
49	__protein1_rbs	4.2	0.0	0.0
49	__protein2_rbs	3.0	0.0	0.0
49	__protein3_rbs	1.0	0.0	0.0
49	__ribosome	57.6	0.0	0.0
49	__rnase_site_ext	8.8	0.0	0.0
49	p0	0.8	0.0	0.0
49	p1	0.6	0.0	0.0
49	p2	0.8	0.0	0.0
49	protein1	110.0	7.6	2.5105556
49	protein2	92.4	7.2	2.5357142
49	protein3	15.4	1.8	2.6333333999999997
49	r2	1.8	0.0	0.0
49	rnapol	0.2	0.0	0.0
50	__protein1_rbs	1.8	0.0	0.0
50	__protein2_rbs	2.8	0.0	0.0
50	__protein3_rbs	0.6	0.0	0.0
50	__ribosome	55.4	0.0	0.0
50	__rnase_site_ext	9.0	0.0	0.0
50	p0	0.8	0.0	0.0
50	p1	0.6	0.0	0.0
50	p2	1.0	0.0	0.0
50	protein1	113.4	7.6	2.7727777999999996
50	protein2	96.8	7.6	2.4809523999999996
50	protein3	16.6	1.8	2.5333334
50	r2	1.8	0.0	0.0
50	rnapol	0.0	0.0	0.0
51	__protein1_rbs	4.8	0.0	0.0
51	__protein2_rbs	2.8	0.0	0.0
51	__protein3_rbs	0.2	0.0	0.0
51	__ribosome	54.2	0.0	0.0
51	__rnase_site_ext	9.0	0.0	0.0
51	p0	1.0	0.0	0.0
51	p1	0.6	0.0	0.0
51	p2	0.8	0.0	0.0
51	protein1	117.8	8.0	2.5255556
51	protein2	99.4	7.4	2.8083334
51	protein3	17.0	1.8	3.1
51	r2	1.8	0.0	0.0
51	rnapol	0.4	0.0	0.0
52	__protein1_rbs	4.2	0.0	0.0
52	__protein2_rbs	3.8	0.0	0.0
52	__protein3_rbs	0.6	0.0	0.0
52	__ribosome	55.0	0.0	0.0
52	__rnase_site_ext	9.2	0.0	0.0
52	p0	0.8	0.0	0.0
52	p1	0.6	0.0	0.0
52	p2	0.8	0.0	0.0
52	protein1	121.6	8.0	2.4438888
52	protein2	103.0	7.8	2.6027778
52	protein3	18.4	1.8	2.9666666
52	r2	1.8	0.0	0.0
52	rnapol	0.2	0.0	0.0
53	__protein1_rbs	3.2	0.0	0.0
53	__protein2_rbs	2.8	0.0	0.0
53	__protein3_rbs	0.8	0.0	0.0
53	__ribosome	53.0	0.0	0.0
53	__rnase_site_ext	9.2	0.0	0.0
53	p0	0.8	0.0	0.0
53	p1	1.0	0.0	0.0
53	p2	0.4	0.0	0.0
53	protein1	124.8	8.0	2.631111
53	protein2	106.6	8.0	2.6983334
53	protein3	19.6	1.8	2.7
53	r2	1.8	0.0	0.0
53	rnapol	0.0	0.0	0.0
54	__protein1_rbs	2.8	0.0	0.0
54	__protein2_rbs	3.8	0.0	0.0
54	__protein3_rbs	0.2	0.0	0.0
54	__ribosome	51.4	0.0	0.0
54	__rnase_site_ext	9.2	0.0	0.0
54	p0	1.0	0.0	0.0
54	p1	0.8	0.0	0.0
54	p2	0.4	0.0	0.0
54	protein1	129.2	8.0	2.7072222000000004
54	protein2	110.6	8.2	2.6411112
54	protein3	20.2	1.8	3.2666666
54	r2	2.0	0.0	0.0
54	rnapol	0.2	0.0	0.0
55	__protein1_rbs	4.6	0.0	0.0
55	__protein2_rbs	3.8	0.0	0.0
55	__protein3_rbs	1.4	0.0	0.0
55	__ribosome	53.8	0.0	0.0
55	__rnase_site_ext	9.2	0.0	0.0
55	p0	1.0	0.0	0.0
55	p1	0.4	0.0	0.0
55	p2	0.2	0.0	0.0
55	protein1	133.8	8.2	2.4877776000000003
55	protein2	115.2	8.2	2.5377778
55	protein3	21.4	2.0	2.7
55	r2	2.0	0.0	0.0
55	rnapol	0.0	0.0	0.0
56	__protein1_rbs	4.2	0.0	0.0
56	__protein2_rbs	3.0	0.0	0.0
56	__protein3_rbs	0.8	0.0	0.0
56	__ribosome	51.8	0.0	0.0
56	__rnase_site_ext	9.4	0.0	0.0
56	p0	1.0	0.0	0.0
56	p1	0.6	0.0	0.0
56	p2	0.4	0.0	0.0
56	protein1	136.8	8.2	2.5722222
56	protein2	119.0	8.0	2.7000002000000003
56	protein3	22.4	2.0	2.8
56	r2	2.0	0.0	0.0
56	rnapol	0.2	0.0	0.0
57	__protein1_rbs	4.2	0.0	0.0
57	__protein2_rbs	3.4	0.0	0.0
57	__protein3_rbs	1.0	0.0	0.0
57	__ribosome	52.2	0.0	0.0
57	__rnase_site_ext	9.8	0.0	0.0
57	p0	0.8	0.0	0.0
57	p1	0.4	0.0	0.0
57	p2	0.8	0.0	0.0
57	protein1	141.6	8.2	2.4522223999999997
57	protein2	123.0	8.2	2.702778
57	protein3	23.2	2.0	2.6
57	r2	2.0	0.0	0.0
57	rnapol	0.2	0.0	0.0
58	__protein1_rbs	5.0	0.0	0.0
58	__protein2_rbs	2.6	0.0	0.0
58	__protein3_rbs	1.8	0.0	0.0
58	__ribosome	52.4	0.0	0.0
58	__rnase_site_ext	9.6	0.0	0.0
58	p0	0.8	0.0	0.0
58	p1	1.0	0.0	0.0
58	p2	0.4	0.0	0.0
58	protein1	145.6	8.2	2.4027778
58	protein2	126.8	8.6	2.7079366
58	protein3	24.4	2.0	2.35
58	r2	2.4	0.0	0.0
58	rnapol	0.4	0.0	0.0
59	__protein1_rbs	3.6	0.0	0.0
59	__protein2_rbs	3.4	0.0	0.0
59	__protein3_rbs	0.8	0.0	0.0
59	__ribosome	51.2	0.0	0.0
59	__rnase_site_ext	10.2	0.0	0.0
59	p0	1.0	0.0	0.0
59	p1	0.8	0.0	0.0
59	p2	0.6	0.0	0.0
59	protein1	150.4	8.2	2.4072222
59	protein2	130.8	9.0	2.7212698000000004
59	protein3	26.2	2.4	1.8833334
59	r2	2.4	0.0	0.0
59	rnapol	0.2	0.0	0.0
60	__protein1_rbs	4.6	0.0	0.0
60	__protein2_rbs	5.0	0.0	0.0
60	__protein3_rbs	1.6	0.0	0.0
60	__ribosome	50.8	0.0	0.0
60	__rnase_site_ext	10.4	0.0	0.0
60	p0	0.8	0.0	0.0
60	p1	0.6	0.0	0.0
60	p2	0.8	0.0	0.0
60	protein1	154.0	8.6	2.3238887999999998
60	protein2	135.2	9.2	2.588254
60	protein3	26.4	2.4	2.35
60	r2	2.4	0.0	0.0
60	rnapol	0.4	0.0	0.0
61	__protein1_rbs	4.2	0.0	0.0
61	__protein2_rbs	3.2	0.0	0.0
61	__protein3_rbs	0.6	0.0	0.0
61	__ribosome	49.0	0.0	0.0
61	__rnase_site_ext	10.6	0.0	0.0
61	p0	1.0	0.0	0.0
61	p1	0.6	0.0	0.0
61	p2	1.0	0.0	0.0
61	protein1	158.2	8.6	2.2950000000000004
61	protein2	139.4	9.2	2.7425398000000003
61	protein3	27.6	2.4	2.55
61	r2	2.6	0.0	0.0
61	rnapol	0.6	0.0	0.0
62	__protein1_rbs	4.0	0.0	0.0
62	__protein2_rbs	5.2	0.0	0.0
62	__protein3_rbs	1.6	0.0	0.0
62	__ribosome	49.8	0.0	0.0
62	__rnase_site_ext	11.2	0.0	0.0
62	p0	0.4	0.0	0.0
62	p1	1.0	0.0	0.0
62	p2	0.4	0.0	0.0
62	protein1	162.4	8.8	2.3333332
62	protein2	144.6	9.2	2.62
62	protein3	28.6	2.6	2.5666667999999997
62	r2	2.6	0.0	0.0
62	rnapol	0.2	0.0	0.0
63	__protein1_rbs	4.2	0.0	0.0
63	__protein2_rbs	4.2	0.0	0.0
63	__protein3_rbs	1.6	0.0	0.0
63	__ribosome	47.4	0.0	0.0
63	__rnase_site_ext	10.8	0.0	0.0
63	p0	1.0	0.0	0.0
63	p1	1.0	0.0	0.0
63	p2	0.2	0.0	0.0
63	protein1	165.2	9.2	2.530303
63	protein2	149.6	9.2	2.5975756000000003
63	protein3	29.2	2.6	2.6666666
63	r2	2.6	0.0	0.0
63	rnapol	0.2	0.0	0.0
64	__protein1_rbs	4.2	0.0	0.0
64	__protein2_rbs	6.6	0.0	0.0
64	__protein3_rbs	1.2	0.0	0.0
64	__ribosome	49.6	0.0	0.0
64	__rnase_site_ext	10.8	0.0	0.0
64	p0	0.6	0.0	0.0
64	p1	0.8	0.0	0.0
64	p2	0.4	0.0	0.0
64	protein1	170.4	9.0	2.522626
64	protein2	154.4	9.4	2.3581818
64	protein3	30.8	2.6	2.6833332000000003
64	r2	2.6	0.0	0.0
64	rnapol	0.0	0.0	0.0
65	__protein1_rbs	4.0	0.0	0.0
65	__protein2_rbs	5.0	0.0	0.0
65	__protein3_rbs	1.4	0.0	0.0
65	__ribosome	48.8	0.0	0.0
65	__rnase_site_ext	11.0	0.0	0.0
65	p0	1.0	0.0	0.0
65	p1	0.4	0.0	0.0
65	p2	1.0	0.0	0.0
65	protein1	174.8	9.0	2.529697
65	protein2	158.6	9.4	2.4325252
65	protein3	31.6	2.6	2.7333332
65	r2	2.6	0.0	0.0
65	rnapol	0.4	0.0	0.0
66	__protein1_rbs	4.2	0.0	0.0
66	__protein2_rbs	4.6	0.0	0.0
66	__protein3_rbs	1.4	0.0	0.0
66	__ribosome	48.4	0.0	0.0
66	__rnase_site_ext	11.4	0.0	0.0
66	p0	0.8	0.0	0.0
66	p1	0.8	0.0	0.0
66	p2	0.8	0.0	0.0
66	protein1	178.0	9.2	2.6084562
66	protein2	163.6	9.2	2.4063636
66	protein3	33.6	2.8	2.3333334
66	r2	2.8	0.0	0.0
66	rnapol	0.6	0.0	0.0
67	__protein1_rbs	5.0	0.0	0.0
67	__protein2_rbs	4.4	0.0	0.0
67	__protein3_rbs	1.4	0.0	0.0
67	__ribosome	48.4	0.0	0.0
67	__rnase_site_ext	11.4	0.0	0.0
67	p0	0.8	0.0	0.0
67	p1	0.8	0.0	0.0
67	p2	0.8	0.0	0.0
67	protein1	183.4	9.4	2.3965658
67	protein2	167.6	9.6	2.415108
67	protein3	34.6	2.8	2.25
67	r2	2.6	0.0	0.0
67	rnapol	0.2	0.0	0.0
68	__protein1_rbs	4.2	0.0	0.0
68	__protein2_rbs	4.6	0.0	0.0
68	__protein3_rbs	1.6	0.0	0.0
68	__ribosome	48.8	0.0	0.0
68	__rnase_site_ext	11.4	0.0	0.0
68	p0	0.6	0.0	0.0
68	p1	0.4	0.0	0.0
68	p2	0.6	0.0	0.0
68	protein1	187.8	9.6	2.4030158
68	protein2	172.6	9.8	2.3183984
68	protein3	36.2	2.8	2.1333333999999997
68	r2	2.6	0.0	0.0
68	rnapol	0.2	0.0	0.0
69	__protein1_rbs	4.8	0.0	0.0
69	__protein2_rbs	4.6	0.0	0.0
69	__protein3_rbs	0.6	0.0	0.0
69	__ribosome	48.4	0.0	0.0
69	__rnase_site_ext	11.4	0.0	0.0
69	p0	0.8	0.0	0.0
69	p1	0.4	0.0	0.0
69	p2	0.6	0.0	0.0
69	protein1	193.4	9.4	2.3542734000000003
69	protein2	176.6	9.8	2.3942638
69	protein3	36.8	2.6	2.8333334
69	r2	2.6	0.0	0.0
69	rnapol	0.0	0.0	0.0
70	__protein1_rbs	4.0	0.0	0.0
70	__protein2_rbs	5.4	0.0	0.0
70	__protein3_rbs	1.6	0.0	0.0
70	__ribosome	47.8	0.0	0.0
70	__rnase_site_ext	11.6	0.0	0.0
70	p0	0.8	0.0	0.0
70	p1	0.8	0.0	0.0
70	p2	1.0	0.0	0.0
70	protein1	197.6	9.4	2.5638947999999995
70	protein2	181.2	9.8	2.3486290000000003
70	protein3	38.6	2.6	2.4666666
70	r2	2.6	0.0	0.0
70	rnapol	0.0	0.0	0.0
71	__protein1_rbs	4.6	0.0	0.0
71	__protein2_rbs	4.6	0.0	0.0
71	__protein3_rbs	1.8	0.0	0.0
71	__ribosome	46.2	0.0	0.0
71	__rnase_site_ext	11.6	0.0	0.0
71	p0	0.8	0.0	0.0
71	p1	0.6	0.0	0.0
71	p2	0.8	0.0	0.0
71	protein1	201.4	9.6	2.5508118
71	protein2	185.8	10.2	2.3425683999999998
71	protein3	39.2	2.6	2.5333334
71	r2	2.6	0.0	0.0
71	rnapol	0.2	0.0	0.0
72	__protein1_rbs	5.8	0.0	0.0
72	__protein2_rbs	4.8	0.0	0.0
72	__protein3_rbs	1.2	0.0	0.0
72	__ribosome	46.8	0.0	0.0
72	__rnase_site_ext	11.6	0.0	0.0
72	p0	0.6	0.0	0.0
72	p1	0.4	0.0	0.0
72	p2	0.6	0.0	0.0
72	protein1	206.2	9.6	2.4126496
72	protein2	190.4	10.4	2.327013
72	protein3	40.4	2.6	2.6
72	r2	2.4	0.0	0.0
72	rnapol	0.0	0.0	0.0
73	__protein1_rbs	4.4	0.0	0.0
73	__protein2_rbs	5.4	0.0	0.0
73	__protein3_rbs	1.0	0.0	0.0
73	__ribosome	45.8	0.0	0.0
73	__rnase_site_ext	11.8	0.0	0.0
73	p0	1.0	0.0	0.0
73	p1	0.4	0.0	0.0
73	p2	0.8	0.0	0.0
73	protein1	210.6	9.6	2.529759
73	protein2	194.4	10.4	2.3922512000000005
73	protein3	42.0	2.4	2.5166668000000003
73	r2	2.4	0.0	0.0
73	rnapol	0.0	0.0	0.0
74	__protein1_rbs	5.0	0.0	0.0
74	__protein2_rbs	6.2	0.0	0.0
74	__protein3_rbs	1.0	0.0	0.0
74	__ribosome	46.8	0.0	0.0
74	__rnase_site_ext	11.8	0.0	0.0
74	p0	0.8	0.0	0.0
74	p1	1.0	0.0	0.0
74	p2	0.8	0.0	0.0
74	protein1	215.6	9.8	2.419658
74	protein2	199.6	10.8	2.2522726000000004
74	protein3	43.4	2.4	2.5166666
74	r2	2.4	0.0	0.0
74	rnapol	0.2	0.0	0.0
75	__protein1_rbs	4.4	0.0	0.0
75	__protein2_rbs	5.8	0.0	0.0
75	__protein3_rbs	1.4	0.0	0.0
75	__ribosome	46.6	0.0	0.0
75	__rnase_site_ext	11.8	0.0	0.0
75	p0	1.0	0.0	0.0
75	p1	0.6	0.0	0.0
75	p2	1.0	0.0	0.0
75	protein1	221.4	9.8	2.3192612
75	protein2	204.2	10.8	2.3106058000000003
75	protein3	44.4	2.4	2.4333334
75	r2	2.4	0.0	0.0
75	rnapol	0.2	0.0	0.0
76	__protein1_rbs	5.6	0.0	0.0
76	__protein2_rbs	6.8	0.0	0.0
76	__protein3_rbs	1.0	0.0	0.0
76	__ribosome	46.0	0.0	0.0
76	__rnase_site_ext	12.0	0.0	0.0
76	p0	0.8	0.0	0.0
76	p1	0.4	0.0	0.0
76	p2	0.4	0.0	0.0
76	protein1	226.0	9.8	2.2777778
76	protein2	208.6	11.2	2.2664920000000004
76	protein3	45.2	2.4	2.95
76	r2	2.4	0.0	0.0
76	rnapol	0.0	0.0	0.0
77	__protein1_rbs	5.4	0.0	0.0
77	__protein2_rbs	6.6	0.0	0.0
77	__protein3_rbs	1.6	0.0	0.0
77	__ribosome	47.0	0.0	0.0
77	__rnase_site_ext	12.0	0.0	0.0
77	p0	1.0	0.0	0.0
77	p1	0.6	0.0	0.0
77	p2	0.6	0.0	0.0
77	protein1	229.8	10.0	2.225
77	protein2	214.2	11.2	2.2233102
77	protein3	46.8	2.6	2.5066666
77	r2	2.6	0.0	0.0
77	rnapol	0.0	0.0	0.0
78	__protein1_rbs	4.8	0.0	0.0
78	__protein2_rbs	4.8	0.0	0.0
78	__protein3_rbs	1.4	0.0	0.0
78	__ribosome	44.8	0.0	0.0
78	__rnase_site_ext	11.6	0.0	0.0
78	p0	1.0	0.0	0.0
78	p1	0.8	0.0	0.0
78	p2	0.6	0.0	0.0
78	protein1	233.4	10.0	2.3833333999999997
78	protein2	220.6	11.8	2.1714286
78	protein3	48.0	2.6	2.6933333999999998
78	r2	2.6	0.0	0.0
78	rnapol	0.6	0.0	0.0
79	__protein1_rbs	6.2	0.0	0.0
79	__protein2_rbs	5.2	0.0	0.0
79	__protein3_rbs	1.0	0.0	0.0
79	__ribosome	44.0	0.0	0.0
79	__rnase_site_ext	11.4	0.0	0.0
79	p0	0.8	0.0	0.0
79	p1	0.6	0.0	0.0
79	p2	0.6	0.0	0.0
79	protein1	238.8	9.8	2.2638887999999997
79	protein2	224.6	12.0	2.3195238
79	protein3	49.8	2.6	2.6266667999999997
79	r2	2.6	0.0	0.0
79	rnapol	0.4	0.0	0.0
80	__protein1_rbs	5.6	0.0	0.0
80	__protein2_rbs	4.6	0.0	0.0
80	__protein3_rbs	1.8	0.0	0.0
80	__ribosome	43.0	0.0	0.0
80	__rnase_site_ext	11.6	0.0	0.0
80	p0	0.8	0.0	0.0
80	p1	0.6	0.0	0.0
80	p2	0.6	0.0	0.0
80	protein1	243.8	9.8	2.2444444
80	protein2	229.6	12.2	2.4442124
80	protein3	51.0	2.6	2.3600000000000003
80	r2	2.6	0.0	0.0
80	rnapol	0.2	0.0	0.0
81	__protein1_rbs	4.4	0.0	0.0
81	__protein2_rbs	6.8	0.0	0.0
81	__protein3_rbs	1.8	0.0	0.0
81	__ribosome	41.4	0.0	0.0
81	__rnase_site_ext	11.8	0.0	0.0
81	p0	0.6	0.0	0.0
81	p1	0.8	0.0	0.0
81	p2	0.4	0.0	0.0
81	protein1	247.2	10.0	2.3805678
81	protein2	234.4	12.0	2.5148282
81	protein3	52.0	2.6	2.12
81	r2	2.6	0.0	0.0
81	rnapol	0.0	0.0	0.0
82	__protein1_rbs	6.0	0.0	0.0
82	__protein2_rbs	6.0	0.0	0.0
82	__protein3_rbs	0.6	0.0	0.0
82	__ribosome	41.2	0.0	0.0
82	__rnase_site_ext	12.0	0.0	0.0
82	p0	1.0	0.0	0.0
82	p1	0.6	0.0	0.0
82	p2	0.2	0.0	0.0
82	protein1	252.4	9.8	2.2571426000000003
82	protein2	239.8	12.0	2.603077
82	protein3	53.4	2.6	2.56
82	r2	2.6	0.0	0.0
82	rnapol	0.0	0.0	0.0
83	__protein1_rbs	4.4	0.0	0.0
83	__protein2_rbs	7.4	0.0	0.0
83	__protein3_rbs	1.4	0.0	0.0
83	__ribosome	41.4	0.0	0.0
83	__rnase_site_ext	12.2	0.0	0.0
83	p0	0.8	0.0	0.0
83	p1	0.8	0.0	0.0
83	p2	0.4	0.0	0.0
83	protein1	257.4	10.2	2.2255554
83	protein2	245.8	12.2	2.4637362
83	protein3	54.2	2.6	2.9866666
83	r2	2.6	0.0	0.0
83	rnapol	0.4	0.0	0.0
84	__protein1_rbs	5.8	0.0	0.0
84	__protein2_rbs	6.6	0.0	0.0
84	__protein3_rbs	0.8	0.0	0.0
84	__ribosome	41.0	0.0	0.0
84	__rnase_site_ext	12.4	0.0	0.0
84	p0	1.0	0.0	0.0
84	p1	1.0	0.0	0.0
84	p2	0.8	0.0	0.0
84	protein1	261.2	10.4	2.2938888
84	protein2	252.0	12.0	2.4438962
84	protein3	55.6	2.6	2.6666668
84	r2	2.6	0.0	0.0
84	rnapol	0.4	0.0	0.0
85	__protein1_rbs	4.2	0.0	0.0
85	__protein2_rbs	5.6	0.0	0.0
85	__protein3_rbs	1.4	0.0	0.0
85	__ribosome	38.4	0.0	0.0
85	__rnase_site_ext	13.0	0.0	0.0
85	p0	0.6	0.0	0.0
85	p1	0.8	0.0	0.0
85	p2	0.6	0.0	0.0
85	protein1	265.8	10.6	2.4641880000000005
85	protein2	258.2	12.0	2.4714286
85	protein3	56.6	2.6	2.8666668
85	r2	2.6	0.0	0.0
85	rnapol	0.6	0.0	0.0
86	__protein1_rbs	6.0	0.0	0.0
86	__protein2_rbs	6.4	0.0	0.0
86	__protein3_rbs	2.0	0.0	0.0
86	__ribosome	40.6	0.0	0.0
86	__rnase_site_ext	12.8	0.0	0.0
86	p0	0.6	0.0	0.0
86	p1	0.6	0.0	0.0
86	p2	0.6	0.0	0.0
86	protein1	270.4	10.6	2.424188
86	protein2	264.6	11.4	2.4764058
86	protein3	57.6	2.6	2.6
86	r2	2.6	0.0	0.0
86	rnapol	0.4	0.0	0.0
87	__protein1_rbs	7.0	0.0	0.0
87	__protein2_rbs	6.8	0.0	0.0
87	__protein3_rbs	1.4	0.0	0.0
87	__ribosome	43.4	0.0	0.0
87	__rnase_site_ext	12.8	0.0	0.0
87	p0	0.8	0.0	0.0
87	p1	0.4	0.0	0.0
87	p2	0.6	0.0	0.0
87	protein1	274.4	10.6	2.3985896
87	protein2	271.2	11.4	2.2791034
87	protein3	59.0	2.6	2.2933332
87	r2	2.6	0.0	0.0
87	rnapol	0.4	0.0	0.0
88	__protein1_rbs	6.8	0.0	0.0
88	__protein2_rbs	6.0	0.0	0.0
88	__protein3_rbs	1.2	0.0	0.0
88	__ribosome	42.2	0.0	0.0
88	__rnase_site_ext	13.2	0.0	0.0
88	p0	0.8	0.0	0.0
88	p1	0.4	0.0	0.0
88	p2	0.6	0.0	0.0
88	protein1	280.0	10.8	2.2979914
88	protein2	275.6	11.6	2.395065
88	protein3	60.2	2.6	2.5466667999999997
88	r2	2.6	0.0	0.0
88	rnapol	0.0	0.0	0.0
89	__protein1_rbs	4.0	0.0	0.0
89	__protein2_rbs	6.2	0.0	0.0
89	__protein3_rbs	1.2	0.0	0.0
89	__ribosome	42.2	0.0	0.0
89	__rnase_site_ext	13.2	0.0	0.0
89	p0	0.6	0.0	0.0
89	p1	1.0	0.0	0.0
89	p2	1.0	0.0	0.0
89	protein1	286.0	11.0	2.2998528
89	protein2	281.2	12.0	2.3177156000000005
89	protein3	62.0	2.6	2.4266666
89	r2	2.6	0.0	0.0
89	rnapol	0.0	0.0	0.0
90	__protein1_rbs	6.2	0.0	0.0
90	__protein2_rbs	7.2	0.0	0.0
90	__protein3_rbs	1.2	0.0	0.0
90	__ribosome	44.8	0.0	0.0
90	__rnase_site_ext	13.4	0.0	0.0
90	p0	1.0	0.0	0.0
90	p1	0.6	0.0	0.0
90	p2	0.8	0.0	0.0
90	protein1	292.0	11.2	2.1259827999999996
90	protein2	287.2	12.2	2.2031702
90	protein3	63.4	2.6	2.0
90	r2	2.6	0.0	0.0
90	rnapol	0.4	0.0	0.0
91	__protein1_rbs	4.8	0.0	0.0
91	__protein2_rbs	5.6	0.0	0.0
91	__protein3_rbs	1.0	0.0	0.0
91	__ribosome	39.6	0.0	0.0
91	__rnase_site_ext	13.6	0.0	0.0
91	p0	0.8	0.0	0.0
91	p1	0.6	0.0	0.0
91	p2	1.0	0.0	0.0
91	protein1	295.6	11.4	2.3329914
91	protein2	292.8	12.2	2.3083218000000003
91	protein3	63.6	2.6	2.6666668
91	r2	2.6	0.0	0.0
91	rnapol	0.0	0.0	0.0
92	__protein1_rbs	5.8	0.0	0.0
92	__protein2_rbs	9.0	0.0	0.0
92	__protein3_rbs	1.6	0.0	0.0
92	__ribosome	40.2	0.0	0.0
92	__rnase_site_ext	13.6	0.0	0.0
92	p0	1.0	0.0	0.0
92	p1	0.6	0.0	0.0
92	p2	1.0	0.0	0.0
92	protein1	300.4	11.6	2.4334402
92	protein2	297.8	12.0	2.2400166
92	protein3	65.0	2.6	2.3600000000000003
92	r2	2.6	0.0	0.0
92	rnapol	0.2	0.0	0.0
93	__protein1_rbs	6.2	0.0	0.0
93	__protein2_rbs	6.2	0.0	0.0
93	__protein3_rbs	1.2	0.0	0.0
93	__ribosome	38.4	0.0	0.0
93	__rnase_site_ext	13.8	0.0	0.0
93	p0	0.8	0.0	0.0
93	p1	0.6	0.0	0.0
93	p2	0.8	0.0	0.0
93	protein1	305.4	11.4	2.4064958
93	protein2	303.0	12.6	2.2548918
93	protein3	65.8	2.6	2.5066667999999996
93	r2	2.6	0.0	0.0
93	rnapol	0.0	0.0	0.0
94	__protein1_rbs	6.0	0.0	0.0
94	__protein2_rbs	7.6	0.0	0.0
94	__protein3_rbs	1.8	0.0	0.0
94	__ribosome	40.2	0.0	0.0
94	__rnase_site_ext	13.8	0.0	0.0
94	p0	1.0	0.0	0.0
94	p1	0.2	0.0	0.0
94	p2	0.6	0.0	0.0
94	protein1	310.4	11.6	2.3856566000000003
94	protein2	309.4	12.6	2.1672076
94	protein3	67.6	2.6	2.2266668000000003
94	r2	2.6	0.0	0.0
94	rnapol	0.0	0.0	0.0
95	__protein1_rbs	6.0	0.0	0.0
95	__protein2_rbs	7.6	0.0	0.0
95	__protein3_rbs	0.8	0.0	0.0
95	__ribosome	39.6	0.0	0.0
95	__rnase_site_ext	13.8	0.0	0.0
95	p0	1.0	0.0	0.0
95	p1	0.4	0.0	0.0
95	p2	0.4	0.0	0.0
95	protein1	315.6	11.6	2.3808082
95	protein2	315.2	12.6	2.2376080000000003
95	protein3	68.8	2.6	2.2266668000000003
95	r2	2.6	0.0	0.0
95	rnapol	0.0	0.0	0.0
96	__protein1_rbs	5.2	0.0	0.0
96	__protein2_rbs	6.4	0.0	0.0
96	__protein3_rbs	2.0	0.0	0.0
96	__ribosome	40.6	0.0	0.0
96	__rnase_site_ext	14.0	0.0	0.0
96	p0	0.8	0.0	0.0
96	p1	0.6	0.0	0.0
96	p2	0.4	0.0	0.0
96	protein1	322.2	11.6	2.2861694
96	protein2	321.0	12.6	2.2766232000000004
96	protein3	70.0	2.6	2.0533334
96	r2	2.6	0.0	0.0
96	rnapol	0.4	0.0	0.0
97	__protein1_rbs	6.6	0.0	0.0
97	__protein2_rbs	7.6	0.0	0.0
97	__protein3_rbs	1.2	0.0	0.0
97	__ribosome	40.4	0.0	0.0
97	__rnase_site_ext	13.8	0.0	0.0
97	p0	1.0	0.0	0.0
97	p1	0.6	0.0	0.0
97	p2	0.6	0.0	0.0
97	protein1	327.8	11.8	2.1861694
97	protein2	325.8	13.0	2.2360072
97	protein3	70.8	2.4	2.3833332
97	r2	2.4	0.0	0.0
97	rnapol	0.4	0.0	0.0
98	__protein1_rbs	6.8	0.0	0.0
98	__protein2_rbs	7.4	0.0	0.0
98	__protein3_rbs	1.0	0.0	0.0
98	__ribosome	40.0	0.0	0.0
98	__rnase_site_ext	14.2	0.0	0.0
98	p0	0.2	0.0	0.0
98	p1	0.8	0.0	0.0
98	p2	0.8	0.0	0.0
98	protein1	332.0	11.6	2.2858807999999997
98	protein2	332.2	13.2	2.1428162
98	protein3	72.0	2.4	2.6
98	r2	2.4	0.0	0.0
98	rnapol	0.2	0.0	0.0
99	__protein1_rbs	6.6	0.0	0.0
99	__protein2_rbs	7.0	0.0	0.0
99	__protein3_rbs	1.2	0.0	0.0
99	__ribosome	39.8	0.0	0.0
99	__rnase_site_ext	14.8	0.0	0.0
99	p0	0.8	0.0	0.0
99	p1	1.0	0.0	0.0
99	p2	0.6	0.0	0.0
99	protein1	337.8	11.8	2.2088412
99	protein2	337.2	13.2	2.2401516
99	protein3	73.4	2.4	2.1833334
99	r2	2.4	0.0	0.0
99	rnapol	0.2	0.0	0.0
100	__protein1_rbs	7.8	0.0	0.0
100	__protein2_rbs	7.0	0.0	0.0
100	__protein3_rbs	1.6	0.0	0.0
100	__ribosome	39.6	0.0	0.0
100	__rnase_site_ext	14.8	0.0	0.0
100	p0	0.8	0.0	0.0
100	p1	0.8	0.0	0.0
100	p2	0.6	0.0	0.0
100	protein1	342.4	12.4	2.1419048
100	protein2	343.6	13.6	2.1801696
100	protein3	74.6	2.4	2.2
100	r2	2.6	0.0	0.0
100	rnapol	0.0	0.0	0.0
101	__protein1_rbs	6.8	0.0	0.0
101	__protein2_rbs	6.2	0.0	0.0
101	__protein3_rbs	0.8	0.0	0.0
101	__ribosome	39.0	0.0	0.0
101	__rnase_site_ext	14.8	0.0	0.0
101	p0	1.0	0.0	0.0
101	p1	1.0	0.0	0.0
101	p2	0.4	0.0	0.0
101	protein1	348.0	12.6	2.1018714000000003
101	protein2	350.2	13.6	2.2169117999999997
101	protein3	75.6	2.6	2.2833334
101	r2	2.6	0.0	0.0
101	rnapol	0.2	0.0	0.0
102	__protein1_rbs	5.8	0.0	0.0
102	__protein2_rbs	7.4	0.0	0.0
102	__protein3_rbs	1.4	0.0	0.0
102	__ribosome	37.8	0.0	0.0
102	__rnase_site_ext	14.8	0.0	0.0
102	p0	0.6	0.0	0.0
102	p1	1.0	0.0	0.0
102	p2	0.2	0.0	0.0
102	protein1	353.8	12.6	2.1634097999999997
102	protein2	355.4	13.8	2.2389259999999997
102	protein3	77.2	2.6	2.15
102	r2	2.6	0.0	0.0
102	rnapol	0.2	0.0	0.0
103	__protein1_rbs	6.8	0.0	0.0
103	__protein2_rbs	8.4	0.0	0.0
103	__protein3_rbs	1.4	0.0	0.0
103	__ribosome	38.4	0.0	0.0
103	__rnase_site_ext	15.0	0.0	0.0
103	p0	0.8	0.0	0.0
103	p1	0.8	0.0	0.0
103	p2	0.8	0.0	0.0
103	protein1	358.8	12.6	2.1873394
103	protein2	360.6	13.6	2.2230346
103	protein3	78.6	2.6	2.0
103	r2	2.6	0.0	0.0
103	rnapol	0.2	0.0	0.0
104	__protein1_rbs	7.4	0.0	0.0
104	__protein2_rbs	6.8	0.0	0.0
104	__protein3_rbs	1.2	0.0	0.0
104	__ribosome	36.8	0.0	0.0
104	__rnase_site_ext	15.0	0.0	0.0
104	p0	1.0	0.0	0.0
104	p1	0.6	0.0	0.0
104	p2	0.6	0.0	0.0
104	protein1	364.0	12.8	2.1245686000000004
104	protein2	366.2	13.2	2.3496974
104	protein3	78.8	2.6	2.6333333999999997
104	r2	2.8	0.0	0.0
104	rnapol	0.6	0.0	0.0
105	__protein1_rbs	9.4	0.0	0.0
105	__protein2_rbs	7.4	0.0	0.0
105	__protein3_rbs	2.0	0.0	0.0
105	__ribosome	39.8	0.0	0.0
105	__rnase_site_ext	15.4	0.0	0.0
105	p0	0.8	0.0	0.0
105	p1	0.2	0.0	0.0
105	p2	0.8	0.0	0.0
105	protein1	369.6	12.8	2.0193182000000003
105	protein2	373.4	13.0	2.2701298
105	protein3	79.8	2.8	2.1166666000000003
105	r2	3.0	0.0	0.0
105	rnapol	0.2	0.0	0.0
106	__protein1_rbs	6.8	0.0	0.0
106	__protein2_rbs	8.2	0.0	0.0
106	__protein3_rbs	1.6	0.0	0.0
106	__ribosome	40.4	0.0	0.0
106	__rnase_site_ext	15.4	0.0	0.0
106	p0	1.0	0.0	0.0
106	p1	0.6	0.0	0.0
106	p2	0.6	0.0	0.0
106	protein1	375.4	13.2	2.0161675999999997
106	protein2	380.2	13.0	2.1507258
106	protein3	81.4	3.0	2.07
106	r2	3.0	0.0	0.0
106	rnapol	0.2	0.0	0.0
107	__protein1_rbs	7.2	0.0	0.0
107	__protein2_rbs	8.0	0.0	0.0
107	__protein3_rbs	2.2	0.0	0.0
107	__ribosome	41.0	0.0	0.0
107	__rnase_site_ext	15.4	0.0	0.0
107	p0	0.6	0.0	0.0
107	p1	0.8	0.0	0.0
107	p2	0.8	0.0	0.0
107	protein1	381.4	13.4	1.9984624
107	protein2	385.6	13.4	2.081829
107	protein3	82.4	3.0	1.97
107	r2	3.0	0.0	0.0
107	rnapol	0.0	0.0	0.0
108	__protein1_rbs	7.0	0.0	0.0
108	__protein2_rbs	8.2	0.0	0.0
108	__protein3_rbs	1.2	0.0	0.0
108	__ribosome	39.8	0.0	0.0
108	__rnase_site_ext	15.4	0.0	0.0
108	p0	1.0	0.0	0.0
108	p1	1.0	0.0	0.0
108	p2	1.0	0.0	0.0
108	protein1	387.2	13.2	2.078057
108	protein2	391.6	13.8	1.9933332
108	protein3	83.4	3.2	2.0266666
108	r2	3.0	0.0	0.0
108	rnapol	0.0	0.0	0.0
109	__protein1_rbs	8.4	0.0	0.0
109	__protein2_rbs	7.2	0.0	0.0
109	__protein3_rbs	1.4	0.0	0.0
109	__ribosome	38.4	0.0	0.0
109	__rnase_site_ext	15.0	0.0	0.0
109	p0	1.0	0.0	0.0
109	p1	0.6	0.0	0.0
109	p2	1.0	0.0	0.0
109	protein1	391.6	13.4	2.0922058
109	protein2	398.2	14.0	1.9686124
109	protein3	84.6	3.0	2.5566666000000002
109	r2	3.2	0.0	0.0
109	rnapol	0.2	0.0	0.0
110	__protein1_rbs	9.4	0.0	0.0
110	__protein2_rbs	7.8	0.0	0.0
110	__protein3_rbs	1.6	0.0	0.0
110	__ribosome	38.8	0.0	0.0
110	__rnase_site_ext	14.6	0.0	0.0
110	p0	0.8	0.0	0.0
110	p1	1.0	0.0	0.0
110	p2	0.8	0.0	0.0
110	protein1	397.2	13.2	1.9948484
110	protein2	403.8	14.0	1.997813
110	protein3	85.6	3.2	2.63
110	r2	3.2	0.0	0.0
110	rnapol	0.2	0.0	0.0
111	__protein1_rbs	7.2	0.0	0.0
111	__protein2_rbs	7.8	0.0	0.0
111	__protein3_rbs	2.0	0.0	0.0
111	__ribosome	37.6	0.0	0.0
111	__rnase_site_ext	14.8	0.0	0.0
111	p0	0.8	0.0	0.0
111	p1	0.6	0.0	0.0
111	p2	0.8	0.0	0.0
111	protein1	402.8	13.2	2.01328
111	protein2	409.2	14.2	2.0663046
111	protein3	87.0	3.2	2.42
111	r2	3.2	0.0	0.0
111	rnapol	0.2	0.0	0.0
112	__protein1_rbs	6.8	0.0	0.0
112	__protein2_rbs	7.2	0.0	0.0
112	__protein3_rbs	2.6	0.0	0.0
112	__ribosome	37.6	0.0	0.0
112	__rnase_site_ext	14.6	0.0	0.0
112	p0	0.8	0.0	0.0
112	p1	0.6	0.0	0.0
112	p2	0.2	0.0	0.0
112	protein1	410.0	13.2	1.9293493999999998
112	protein2	414.4	14.2	2.2032992
112	protein3	88.6	3.2	2.29
112	r2	3.2	0.0	0.0
112	rnapol	0.0	0.0	0.0
113	__protein1_rbs	6.6	0.0	0.0
113	__protein2_rbs	7.2	0.0	0.0
113	__protein3_rbs	1.8	0.0	0.0
113	__ribosome	36.6	0.0	0.0
113	__rnase_site_ext	14.6	0.0	0.0
113	p0	1.0	0.0	0.0
113	p1	0.8	0.0	0.0
113	p2	0.6	0.0	0.0
113	protein1	415.8	13.0	1.9862566
113	protein2	420.8	14.2	2.2667232000000004
113	protein3	90.2	3.2	1.88
113	r2	2.8	0.0	0.0
113	rnapol	0.4	0.0	0.0
114	__protein1_rbs	7.0	0.0	0.0
114	__protein2_rbs	7.8	0.0	0.0
114	__protein3_rbs	1.8	0.0	0.0
114	__ribosome	34.2	0.0	0.0
114	__rnase_site_ext	14.6	0.0	0.0
114	p0	0.8	0.0	0.0
114	p1	0.6	0.0	0.0
114	p2	0.8	0.0	0.0
114	protein1	420.6	13.0	2.1127806000000002
114	protein2	427.0	14.6	2.2766536000000004
114	protein3	91.2	2.8	2.2
114	r2	2.8	0.0	0.0
114	rnapol	0.4	0.0	0.0
115	__protein1_rbs	8.2	0.0	0.0
115	__protein2_rbs	8.0	0.0	0.0
115	__protein3_rbs	0.8	0.0	0.0
115	__ribosome	33.0	0.0	0.0
115	__rnase_site_ext	15.0	0.0	0.0
115	p0	0.8	0.0	0.0
115	p1	1.0	0.0	0.0
115	p2	0.8	0.0	0.0
115	protein1	425.2	13.0	2.1097504
115	protein2	433.6	14.8	2.2979170000000004
115	protein3	92.6	2.8	2.3166666
115	r2	3.2	0.0	0.0
115	rnapol	0.6	0.0	0.0
116	__protein1_rbs	8.8	0.0	0.0
116	__protein2_rbs	8.4	0.0	0.0
116	__protein3_rbs	2.2	0.0	0.0
116	__ribosome	33.2	0.0	0.0
116	__rnase_site_ext	15.4	0.0	0.0
116	p0	0.6	0.0	0.0
116	p1	1.0	0.0	0.0
116	p2	0.6	0.0	0.0
116	protein1	429.8	13.4	2.077433
116	protein2	441.2	15.2	2.2169718000000005
116	protein3	94.2	3.2	1.7833333999999998
116	r2	3.4	0.0	0.0
116	rnapol	0.0	0.0	0.0
117	__protein1_rbs	7.8	0.0	0.0
117	__protein2_rbs	9.2	0.0	0.0
117	__protein3_rbs	2.0	0.0	0.0
117	__ribosome	32.2	0.0	0.0
117	__rnase_site_ext	15.6	0.0	0.0
117	p0	1.0	0.0	0.0
117	p1	0.6	0.0	0.0
117	p2	0.8	0.0	0.0
117	protein1	435.6	13.6	2.0449106
117	protein2	447.0	15.0	2.2914529999999997
117	protein3	95.0	3.4	1.9666666000000002
117	r2	3.4	0.0	0.0
117	rnapol	0.2	0.0	0.0
118	__protein1_rbs	7.8	0.0	0.0
118	__protein2_rbs	8.4	0.0	0.0
118	__protein3_rbs	1.8	0.0	0.0
118	__ribosome	35.0	0.0	0.0
118	__rnase_site_ext	15.4	0.0	0.0
118	p0	1.0	0.0	0.0
118	p1	1.0	0.0	0.0
118	p2	0.6	0.0	0.0
118	protein1	443.4	13.8	1.9152584
118	protein2	454.4	14.8	2.2816237999999998
118	protein3	96.8	3.4	1.9666666000000002
118	r2	3.6	0.0	0.0
118	rnapol	0.4	0.0	0.0
119	__protein1_rbs	8.8	0.0	0.0
119	__protein2_rbs	8.8	0.0	0.0
119	__protein3_rbs	2.0	0.0	0.0
119	__ribosome	35.4	0.0	0.0
119	__rnase_site_ext	15.2	0.0	0.0
119	p0	1.0	0.0	0.0
119	p1	0.8	0.0	0.0
119	p2	0.8	0.0	0.0
119	protein1	448.4	13.8	1.9137819999999999
119	protein2	461.0	15.2	2.174115
119	protein3	98.2	3.6	1.8
119	r2	3.6	0.0	0.0
119	rnapol	0.6	0.0	0.0
120	__protein1_rbs	5.8	0.0	0.0
120	__protein2_rbs	9.2	0.0	0.0
120	__protein3_rbs	1.8	0.0	0.0
120	__ribosome	34.2	0.0	0.0
120	__rnase_site_ext	15.4	0.0	0.0
120	p0	0.8	0.0	0.0
120	p1	0.6	0.0	0.0
120	p2	0.4	0.0	0.0
120	protein1	453.4	13.4	2.2269695999999994
120	protein2	468.4	15.2	2.0454212
120	protein3	99.8	3.6	1.8
120	r2	3.6	0.0	0.0
120	rnapol	0.6	0.0	0.0
121	__protein1_rbs	8.6	0.0	0.0
121	__protein2_rbs	7.6	0.0	0.0
121	__protein3_rbs	2.2	0.0	0.0
121	__ribosome	33.4	0.0	0.0
121	__rnase_site_ext	15.8	0.0	0.0
121	p0	0.6	0.0	0.0
121	p1	0.8	0.0	0.0
121	p2	0.8	0.0	0.0
121	protein1	459.0	13.6	2.1186868
121	protein2	475.0	15.0	2.1367524
121	protein3	100.4	3.4	2.15
121	r2	3.6	0.0	0.0
121	rnapol	0.4	0.0	0.0
122	__protein1_rbs	8.4	0.0	0.0
122	__protein2_rbs	8.0	0.0	0.0
122	__protein3_rbs	1.8	0.0	0.0
122	__ribosome	32.0	0.0	0.0
122	__rnase_site_ext	16.0	0.0	0.0
122	p0	0.4	0.0	0.0
122	p1	0.6	0.0	0.0
122	p2	0.8	0.0	0.0
122	protein1	464.6	13.8	2.0966668
122	protein2	481.0	15.2	2.1688646
122	protein3	102.0	3.4	2.1733334
122	r2	3.4	0.0	0.0
122	rnapol	0.4	0.0	0.0
123	__protein1_rbs	7.0	0.0	0.0
123	__protein2_rbs	8.2	0.0	0.0
123	__protein3_rbs	1.6	0.0	0.0
123	__ribosome	31.8	0.0	0.0
123	__rnase_site_ext	16.6	0.0	0.0
123	p0	0.4	0.0	0.0
123	p1	0.6	0.0	0.0
123	p2	0.8	0.0	0.0
123	protein1	470.4	14.0	2.1555554
123	protein2	487.8	15.2	2.1210009999999997
123	protein3	104.0	3.2	2.1166666000000003
123	r2	3.4	0.0	0.0
123	rnapol	0.2	0.0	0.0
124	__protein1_rbs	9.2	0.0	0.0
124	__protein2_rbs	8.6	0.0	0.0
124	__protein3_rbs	1.8	0.0	0.0
124	__ribosome	30.2	0.0	0.0
124	__rnase_site_ext	16.6	0.0	0.0
124	p0	0.8	0.0	0.0
124	p1	0.8	0.0	0.0
124	p2	0.8	0.0	0.0
124	protein1	475.8	14.8	2.1325888
124	protein2	494.6	15.4	2.0805860000000003
124	protein3	105.0	3.4	2.19
124	r2	3.4	0.0	0.0
124	rnapol	0.2	0.0	0.0
125	__protein1_rbs	8.4	0.0	0.0
125	__protein2_rbs	8.6	0.0	0.0
125	__protein3_rbs	2.4	0.0	0.0
125	__ribosome	32.2	0.0	0.0
125	__rnase_site_ext	16.4	0.0	0.0
125	p0	0.8	0.0	0.0
125	p1	1.0	0.0	0.0
125	p2	1.0	0.0	0.0
125	protein1	483.4	14.8	2.0677944
125	protein2	501.4	15.4	2.0382742
125	protein3	106.4	3.4	2.1333332
125	r2	3.4	0.0	0.0
125	rnapol	0.2	0.0	0.0
126	__protein1_rbs	8.4	0.0	0.0
126	__protein2_rbs	9.0	0.0	0.0
126	__protein3_rbs	2.6	0.0	0.0
126	__ribosome	30.6	0.0	0.0
126	__rnase_site_ext	16.8	0.0	0.0
126	p0	0.6	0.0	0.0
126	p1	0.8	0.0	0.0
126	p2	0.8	0.0	0.0
126	protein1	489.4	14.8	2.1385714
126	protein2	507.0	15.2	2.163518
126	protein3	107.6	3.4	2.0066668
126	r2	3.4	0.0	0.0
126	rnapol	0.0	0.0	0.0
127	__protein1_rbs	8.6	0.0	0.0
127	__protein2_rbs	9.6	0.0	0.0
127	__protein3_rbs	1.8	0.0	0.0
127	__ribosome	31.0	0.0	0.0
127	__rnase_site_ext	16.8	0.0	0.0
127	p0	1.0	0.0	0.0
127	p1	0.8	0.0	0.0
127	p2	1.0	0.0	0.0
127	protein1	494.4	15.0	2.1839196000000003
127	protein2	514.6	15.0	2.053891
127	protein3	109.4	3.4	2.1
127	r2	3.4	0.0	0.0
127	rnapol	0.0	0.0	0.0
128	__protein1_rbs	9.0	0.0	0.0
128	__protein2_rbs	9.2	0.0	0.0
128	__protein3_rbs	2.2	0.0	0.0
128	__ribosome	32.2	0.0	0.0
128	__rnase_site_ext	16.8	0.0	0.0
128	p0	1.0	0.0	0.0
128	p1	0.6	0.0	0.0
128	p2	0.8	0.0	0.0
128	protein1	501.8	15.0	2.0657878
128	protein2	520.2	14.8	2.1714124
128	protein3	111.2	3.4	1.84
128	r2	3.4	0.0	0.0
128	rnapol	0.4	0.0	0.0
129	__protein1_rbs	7.2	0.0	0.0
129	__protein2_rbs	9.4	0.0	0.0
129	__protein3_rbs	1.6	0.0	0.0
129	__ribosome	33.2	0.0	0.0
129	__rnase_site_ext	16.6	0.0	0.0
129	p0	0.6	0.0	0.0
129	p1	0.2	0.0	0.0
129	p2	0.6	0.0	0.0
129	protein1	508.4	15.0	2.1365568
129	protein2	528.0	14.8	2.0065888000000003
129	protein3	112.6	3.4	1.9866666000000002
129	r2	3.4	0.0	0.0
129	rnapol	0.2	0.0	0.0
130	__protein1_rbs	8.4	0.0	0.0
130	__protein2_rbs	8.4	0.0	0.0
130	__protein3_rbs	2.6	0.0	0.0
130	__ribosome	32.6	0.0	0.0
130	__rnase_site_ext	16.6	0.0	0.0
130	p0	1.0	0.0	0.0
130	p1	0.0	0.0	0.0
130	p2	0.4	0.0	0.0
130	protein1	515.0	14.8	2.1493774
130	protein2	534.2	15.2	1.991474
130	protein3	113.4	3.4	2.0033334
130	r2	3.4	0.0	0.0
130	rnapol	0.4	0.0	0.0
131	__protein1_rbs	9.4	0.0	0.0
131	__protein2_rbs	8.4	0.0	0.0
131	__protein3_rbs	1.6	0.0	0.0
131	__ribosome	32.2	0.0	0.0
131	__rnase_site_ext	16.6	0.0	0.0
131	p0	1.0	0.0	0.0
131	p1	0.6	0.0	0.0
131	p2	1.0	0.0	0.0
131	protein1	521.4	15.0	2.1190474
131	protein2	541.4	15.2	1.9569012
131	protein3	114.6	3.4	2.1833334
131	r2	3.4	0.0	0.0
131	rnapol	0.4	0.0	0.0
132	__protein1_rbs	8.6	0.0	0.0
132	__protein2_rbs	10.0	0.0	0.0
132	__protein3_rbs	1.6	0.0	0.0
132	__ribosome	33.4	0.0	0.0
132	__rnase_site_ext	16.4	0.0	0.0
132	p0	0.4	0.0	0.0
132	p1	0.6	0.0	0.0
132	p2	1.0	0.0	0.0
132	protein1	527.6	14.8	2.1390477999999997
132	protein2	548.2	16.2	1.7719045999999998
132	protein3	116.4	3.4	2.0433331999999997
132	r2	3.4	0.0	0.0
132	rnapol	0.2	0.0	0.0
133	__protein1_rbs	9.2	0.0	0.0
133	__protein2_rbs	9.6	0.0	0.0
133	__protein3_rbs	2.0	0.0	0.0
133	__ribosome	31.8	0.0	0.0
133	__rnase_site_ext	16.6	0.0	0.0
133	p0	1.0	0.0	0.0
133	p1	0.6	0.0	0.0
133	p2	0.8	0.0	0.0
133	protein1	534.2	14.8	2.1507692000000005
133	protein2	553.6	16.2	1.8755556
133	protein3	117.8	3.4	2.04
133	r2	3.6	0.0	0.0
133	rnapol	0.2	0.0	0.0
134	__protein1_rbs	9.0	0.0	0.0
134	__protein2_rbs	10.8	0.0	0.0
134	__protein3_rbs	3.0	0.0	0.0
134	__ribosome	33.0	0.0	0.0
134	__rnase_site_ext	16.8	0.0	0.0
134	p0	1.0	0.0	0.0
134	p1	0.8	0.0	0.0
134	p2	0.6	0.0	0.0
134	protein1	541.8	14.8	2.0401466
134	protein2	558.6	16.6	1.9187302
134	protein3	119.0	3.6	1.8666668
134	r2	3.6	0.0	0.0
134	rnapol	0.0	0.0	0.0
135	__protein1_rbs	9.2	0.0	0.0
135	__protein2_rbs	10.0	0.0	0.0
135	__protein3_rbs	2.0	0.0	0.0
135	__ribosome	31.8	0.0	0.0
135	__rnase_site_ext	16.8	0.0	0.0
135	p0	1.0	0.0	0.0
135	p1	1.0	0.0	0.0
135	p2	0.8	0.0	0.0
135	protein1	547.8	15.0	1.98
135	protein2	565.6	16.8	1.960173
135	protein3	120.2	3.6	1.92
135	r2	3.6	0.0	0.0
135	rnapol	0.0	0.0	0.0
136	__protein1_rbs	8.8	0.0	0.0
136	__protein2_rbs	9.8	0.0	0.0
136	__protein3_rbs	2.6	0.0	0.0
136	__ribosome	31.0	0.0	0.0
136	__rnase_site_ext	16.8	0.0	0.0
136	p0	1.0	0.0	0.0
136	p1	0.6	0.0	0.0
136	p2	0.6	0.0	0.0
136	protein1	554.0	15.0	2.0174358
136	protein2	572.0	16.8	2.029697
136	protein3	122.2	3.6	1.8066666
136	r2	3.6	0.0	0.0
136	rnapol	0.2	0.0	0.0
137	__protein1_rbs	8.6	0.0	0.0
137	__protein2_rbs	10.2	0.0	0.0
137	__protein3_rbs	1.8	0.0	0.0
137	__ribosome	31.4	0.0	0.0
137	__rnase_site_ext	16.8	0.0	0.0
137	p0	1.0	0.0	0.0
137	p1	1.0	0.0	0.0
137	p2	0.2	0.0	0.0
137	protein1	560.6	15.0	1.972564
137	protein2	579.4	16.8	1.974795
137	protein3	123.6	3.6	2.02
137	r2	3.6	0.0	0.0
137	rnapol	0.4	0.0	0.0
138	__protein1_rbs	8.2	0.0	0.0
138	__protein2_rbs	10.0	0.0	0.0
138	__protein3_rbs	2.0	0.0	0.0
138	__ribosome	31.2	0.0	0.0
138	__rnase_site_ext	17.0	0.0	0.0
138	p0	0.6	0.0	0.0
138	p1	0.6	0.0	0.0
138	p2	0.8	0.0	0.0
138	protein1	567.4	15.0	1.9607691999999999
138	protein2	586.4	16.8	1.9550444
138	protein3	124.8	3.6	2.2
138	r2	3.6	0.0	0.0
138	rnapol	0.2	0.0	0.0
139	__protein1_rbs	9.6	0.0	0.0
139	__protein2_rbs	9.6	0.0	0.0
139	__protein3_rbs	1.6	0.0	0.0
139	__ribosome	30.4	0.0	0.0
139	__rnase_site_ext	17.0	0.0	0.0
139	p0	0.4	0.0	0.0
139	p1	0.8	0.0	0.0
139	p2	0.4	0.0	0.0
139	protein1	572.0	15.2	1.9879488000000003
139	protein2	594.2	17.2	1.8581564
139	protein3	126.2	3.6	2.3266668000000004
139	r2	3.8	0.0	0.0
139	rnapol	0.4	0.0	0.0
140	__protein1_rbs	9.4	0.0	0.0
140	__protein2_rbs	11.6	0.0	0.0
140	__protein3_rbs	2.2	0.0	0.0
140	__ribosome	31.6	0.0	0.0
140	__rnase_site_ext	17.4	0.0	0.0
140	p0	0.8	0.0	0.0
140	p1	0.8	0.0	0.0
140	p2	0.4	0.0	0.0
140	protein1	579.2	15.2	1.8726008
140	protein2	600.0	17.2	1.8812209999999998
140	protein3	127.4	3.8	2.3333334
140	r2	3.8	0.0	0.0
140	rnapol	0.4	0.0	0.0
141	__protein1_rbs	9.6	0.0	0.0
141	__protein2_rbs	9.0	0.0	0.0
141	__protein3_rbs	2.0	0.0	0.0
141	__ribosome	29.4	0.0	0.0
141	__rnase_site_ext	17.6	0.0	0.0
141	p0	0.8	0.0	0.0
141	p1	0.8	0.0	0.0
141	p2	0.8	0.0	0.0
141	protein1	585.0	15.6	1.8722252
141	protein2	608.0	17.2	1.9033734
141	protein3	128.4	3.8	2.56
141	r2	3.8	0.0	0.0
141	rnapol	0.0	0.0	0.0
142	__protein1_rbs	9.4	0.0	0.0
142	__protein2_rbs	10.6	0.0	0.0
142	__protein3_rbs	2.4	0.0	0.0
142	__ribosome	29.4	0.0	0.0
142	__rnase_site_ext	18.0	0.0	0.0
142	p0	0.6	0.0	0.0
142	p1	1.0	0.0	0.0
142	p2	1.0	0.0	0.0
142	protein1	591.8	16.0	1.8113293999999995
142	protein2	613.4	17.2	1.9908733999999997
142	protein3	131.0	3.8	2.24
142	r2	3.8	0.0	0.0
142	rnapol	0.2	0.0	0.0
143	__protein1_rbs	11.4	0.0	0.0
143	__protein2_rbs	11.6	0.0	0.0
143	__protein3_rbs	2.8	0.0	0.0
143	__ribosome	32.6	0.0	0.0
143	__rnase_site_ext	18.4	0.0	0.0
143	p0	0.6	0.0	0.0
143	p1	1.0	0.0	0.0
143	p2	0.6	0.0	0.0
143	protein1	597.6	16.4	1.7536197999999998
143	protein2	621.4	17.2	1.8530302
143	protein3	133.0	3.8	1.9733333999999998
143	r2	3.6	0.0	0.0
143	rnapol	0.2	0.0	0.0
144	__protein1_rbs	9.8	0.0	0.0
144	__protein2_rbs	9.6	0.0	0.0
144	__protein3_rbs	2.0	0.0	0.0
144	__ribosome	29.6	0.0	0.0
144	__rnase_site_ext	18.8	0.0	0.0
144	p0	0.8	0.0	0.0
144	p1	0.8	0.0	0.0
144	p2	0.6	0.0	0.0
144	protein1	603.0	16.8	1.8328394000000001
144	protein2	628.4	16.8	1.9636169999999997
144	protein3	134.6	3.6	2.3333334
144	r2	3.6	0.0	0.0
144	rnapol	0.0	0.0	0.0
145	__protein1_rbs	9.4	0.0	0.0
145	__protein2_rbs	10.4	0.0	0.0
145	__protein3_rbs	1.4	0.0	0.0
145	__ribosome	29.6	0.0	0.0
145	__rnase_site_ext	18.2	0.0	0.0
145	p0	0.8	0.0	0.0
145	p1	0.6	0.0	0.0
145	p2	0.6	0.0	0.0
145	protein1	610.4	17.0	1.7973168000000002
145	protein2	634.2	16.6	2.0092736
145	protein3	137.0	3.6	2.14
145	r2	3.6	0.0	0.0
145	rnapol	0.0	0.0	0.0
146	__protein1_rbs	11.8	0.0	0.0
146	__protein2_rbs	11.2	0.0	0.0
146	__protein3_rbs	2.8	0.0	0.0
146	__ribosome	32.6	0.0	0.0
146	__rnase_site_ext	18.2	0.0	0.0
146	p0	1.0	0.0	0.0
146	p1	0.6	0.0	0.0
146	p2	0.6	0.0	0.0
146	protein1	615.8	17.0	1.8355658
146	protein2	642.0	16.4	1.8944888
146	protein3	139.0	3.6	1.82
146	r2	3.6	0.0	0.0
146	rnapol	0.2	0.0	0.0
147	__protein1_rbs	10.6	0.0	0.0
147	__protein2_rbs	10.2	0.0	0.0
147	__protein3_rbs	2.8	0.0	0.0
147	__ribosome	33.0	0.0	0.0
147	__rnase_site_ext	18.4	0.0	0.0
147	p0	0.8	0.0	0.0
147	p1	0.4	0.0	0.0
147	p2	0.8	0.0	0.0
147	protein1	622.4	16.6	1.8381374
147	protein2	648.8	16.6	1.8518838
147	protein3	140.2	3.6	1.7533333999999998
147	r2	3.8	0.0	0.0
147	rnapol	0.2	0.0	0.0
148	__protein1_rbs	11.0	0.0	0.0
148	__protein2_rbs	11.4	0.0	0.0
148	__protein3_rbs	2.2	0.0	0.0
148	__ribosome	34.0	0.0	0.0
148	__rnase_site_ext	18.4	0.0	0.0
148	p0	0.6	0.0	0.0
148	p1	0.6	0.0	0.0
148	p2	1.0	0.0	0.0
148	protein1	628.4	16.6	1.8843488
148	protein2	656.0	16.8	1.7292716000000001
148	protein3	141.6	3.8	1.58
148	r2	3.6	0.0	0.0
148	rnapol	0.0	0.0	0.0
149	__protein1_rbs	9.6	0.0	0.0
149	__protein2_rbs	9.6	0.0	0.0
149	__protein3_rbs	1.6	0.0	0.0
149	__ribosome	33.2	0.0	0.0
149	__rnase_site_ext	18.6	0.0	0.0
149	p0	1.0	0.0	0.0
149	p1	0.6	0.0	0.0
149	p2	1.0	0.0	0.0
149	protein1	635.2	16.6	1.8862746
149	protein2	663.6	16.8	1.7573808000000002
149	protein3	143.2	3.6	1.7399999999999998
149	r2	3.8	0.0	0.0
149	rnapol	0.0	0.0	0.0
150	__protein1_rbs	10.4	0.0	0.0
150	__protein2_rbs	9.4	0.0	0.0
150	__protein3_rbs	2.8	0.0	0.0
150	__ribosome	31.2	0.0	0.0
150	__rnase_site_ext	18.2	0.0	0.0
150	p0	1.0	0.0	0.0
150	p1	0.4	0.0	0.0
150	p2	1.0	0.0	0.0
150	protein1	643.2	17.0	1.7562697999999997
150	protein2	668.6	17.2	1.9174466000000001
150	protein3	144.6	3.8	1.7000002
150	r2	3.6	0.0	0.0
150	rnapol	0.0	0.0	0.0
151	__protein1_rbs	10.6	0.0	0.0
151	__protein2_rbs	11.0	0.0	0.0
151	__protein3_rbs	2.0	0.0	0.0
151	__ribosome	29.4	0.0	0.0
151	__rnase_site_ext	18.2	0.0	0.0
151	p0	1.0	0.0	0.0
151	p1	0.6	0.0	0.0
151	p2	0.8	0.0	0.0
151	protein1	649.0	17.0	1.8087304
151	protein2	674.4	17.4	1.9112076
151	protein3	145.4	3.6	2.05
151	r2	3.8	0.0	0.0
151	rnapol	0.0	0.0	0.0
152	__protein1_rbs	10.6	0.0	0.0
152	__protein2_rbs	10.0	0.0	0.0
152	__protein3_rbs	1.8	0.0	0.0
152	__ribosome	26.6	0.0	0.0
152	__rnase_site_ext	18.2	0.0	0.0
152	p0	1.0	0.0	0.0
152	p1	0.8	0.0	0.0
152	p2	0.6	0.0	0.0
152	protein1	654.2	16.6	1.912437
152	protein2	681.0	17.8	1.9011112
152	protein3	146.4	3.8	2.2738093999999998
152	r2	3.8	0.0	0.0
152	rnapol	0.0	0.0	0.0
153	__protein1_rbs	9.2	0.0	0.0
153	__protein2_rbs	12.8	0.0	0.0
153	__protein3_rbs	1.8	0.0	0.0
153	__ribosome	26.6	0.0	0.0
153	__rnase_site_ext	18.0	0.0	0.0
153	p0	0.8	0.0	0.0
153	p1	0.8	0.0	0.0
153	p2	0.4	0.0	0.0
153	protein1	660.8	16.6	1.9525139999999999
153	protein2	687.6	18.2	1.8248334
153	protein3	148.4	3.8	2.2166666
153	r2	3.8	0.0	0.0
153	rnapol	0.0	0.0	0.0
154	__protein1_rbs	10.4	0.0	0.0
154	__protein2_rbs	11.0	0.0	0.0
154	__protein3_rbs	2.0	0.0	0.0
154	__ribosome	28.0	0.0	0.0
154	__rnase_site_ext	18.0	0.0	0.0
154	p0	1.0	0.0	0.0
154	p1	0.6	0.0	0.0
154	p2	0.2	0.0	0.0
154	protein1	668.2	16.4	1.8885294
154	protein2	695.8	18.2	1.8102222
154	protein3	150.0	3.8	2.2690476000000004
154	r2	3.8	0.0	0.0
154	rnapol	0.2	0.0	0.0
155	__protein1_rbs	10.4	0.0	0.0
155	__protein2_rbs	12.4	0.0	0.0
155	__protein3_rbs	2.2	0.0	0.0
155	__ribosome	29.8	0.0	0.0
155	__rnase_site_ext	18.0	0.0	0.0
155	p0	1.0	0.0	0.0
155	p1	0.6	0.0	0.0
155	p2	0.6	0.0	0.0
155	protein1	674.8	16.4	1.8639494
155	protein2	702.2	18.2	1.7515556
155	protein3	152.0	3.8	2.1190474
155	r2	4.0	0.0	0.0
155	rnapol	0.4	0.0	0.0
156	__protein1_rbs	9.8	0.0	0.0
156	__protein2_rbs	9.8	0.0	0.0
156	__protein3_rbs	3.0	0.0	0.0
156	__ribosome	27.8	0.0	0.0
156	__rnase_site_ext	18.2	0.0	0.0
156	p0	0.6	0.0	0.0
156	p1	1.0	0.0	0.0
156	p2	0.8	0.0	0.0
156	protein1	682.0	16.6	1.8104200000000001
156	protein2	709.0	18.2	1.8738333999999999
156	protein3	153.0	4.0	2.0357142
156	r2	3.8	0.0	0.0
156	rnapol	0.2	0.0	0.0
157	__protein1_rbs	9.6	0.0	0.0
157	__protein2_rbs	9.8	0.0	0.0
157	__protein3_rbs	2.6	0.0	0.0
157	__ribosome	27.4	0.0	0.0
157	__rnase_site_ext	18.2	0.0	0.0
157	p0	0.6	0.0	0.0
157	p1	1.0	0.0	0.0
157	p2	0.6	0.0	0.0
157	protein1	688.4	16.4	1.8980953999999999
157	protein2	716.4	18.4	1.886
157	protein3	155.4	3.8	1.85
157	r2	4.0	0.0	0.0
157	rnapol	0.4	0.0	0.0
158	__protein1_rbs	10.6	0.0	0.0
158	__protein2_rbs	13.0	0.0	0.0
158	__protein3_rbs	2.2	0.0	0.0
158	__ribosome	27.6	0.0	0.0
158	__rnase_site_ext	18.4	0.0	0.0
158	p0	1.0	0.0	0.0
158	p1	1.0	0.0	0.0
158	p2	0.6	0.0	0.0
158	protein1	694.8	16.4	1.86042
158	protein2	722.0	18.6	1.8626764
158	protein3	157.2	4.0	1.6952379999999998
158	r2	4.0	0.0	0.0
158	rnapol	0.4	0.0	0.0
159	__protein1_rbs	10.2	0.0	0.0
159	__protein2_rbs	12.2	0.0	0.0
159	__protein3_rbs	3.0	0.0	0.0
159	__ribosome	29.6	0.0	0.0
159	__rnase_site_ext	18.6	0.0	0.0
159	p0	1.0	0.0	0.0
159	p1	1.0	0.0	0.0
159	p2	0.8	0.0	0.0
159	protein1	701.6	16.8	1.8227631999999998
159	protein2	730.0	18.6	1.8368684
159	protein3	159.4	4.0	1.4642858
159	r2	4.0	0.0	0.0
159	rnapol	0.4	0.0	0.0
160	__protein1_rbs	11.4	0.0	0.0
160	__protein2_rbs	11.0	0.0	0.0
160	__protein3_rbs	2.0	0.0	0.0
160	__ribosome	27.2	0.0	0.0
160	__rnase_site_ext	18.0	0.0	0.0
160	p0	0.8	0.0	0.0
160	p1	0.8	0.0	0.0
160	p2	0.8	0.0	0.0
160	protein1	707.0	16.8	1.8710293999999998
160	protein2	736.6	18.6	1.9042058
160	protein3	160.8	4.0	1.6857142
160	r2	4.0	0.0	0.0
160	rnapol	0.6	0.0	0.0
161	__protein1_rbs	11.0	0.0	0.0
161	__protein2_rbs	12.2	0.0	0.0
161	__protein3_rbs	2.2	0.0	0.0
161	__ribosome	29.8	0.0	0.0
161	__rnase_site_ext	17.8	0.0	0.0
161	p0	1.0	0.0	0.0
161	p1	0.6	0.0	0.0
161	p2	0.4	0.0	0.0
161	protein1	713.4	16.6	1.8522058
161	protein2	745.2	18.4	1.8098561999999998
161	protein3	161.8	3.8	2.2023808
161	r2	4.0	0.0	0.0
161	rnapol	0.4	0.0	0.0
162	__protein1_rbs	9.8	0.0	0.0
162	__protein2_rbs	11.4	0.0	0.0
162	__protein3_rbs	3.2	0.0	0.0
162	__ribosome	32.6	0.0	0.0
162	__rnase_site_ext	18.2	0.0	0.0
162	p0	0.6	0.0	0.0
162	p1	0.4	0.0	0.0
162	p2	0.6	0.0	0.0
162	protein1	721.6	16.4	1.7639375999999998
162	protein2	753.2	18.6	1.7873265999999999
162	protein3	163.6	3.8	inf
162	r2	4.0	0.0	0.0
162	rnapol	0.2	0.0	0.0
163	__protein1_rbs	9.6	0.0	0.0
163	__protein2_rbs	12.4	0.0	0.0
163	__protein3_rbs	2.2	0.0	0.0
163	__ribosome	31.4	0.0	0.0
163	__rnase_site_ext	18.0	0.0	0.0
163	p0	0.8	0.0	0.0
163	p1	0.6	0.0	0.0
163	p2	1.0	0.0	0.0
163	protein1	727.2	16.8	1.810983
163	protein2	760.4	18.2	1.7536763999999998
163	protein3	165.0	4.0	inf
163	r2	3.8	0.0	0.0
163	rnapol	0.6	0.0	0.0
164	__protein1_rbs	8.4	0.0	0.0
164	__protein2_rbs	11.8	0.0	0.0
164	__protein3_rbs	2.6	0.0	0.0
164	__ribosome	30.0	0.0	0.0
164	__rnase_site_ext	18.0	0.0	0.0
164	p0	0.6	0.0	0.0
164	p1	0.4	0.0	0.0
164	p2	1.0	0.0	0.0
164	protein1	735.0	16.4	1.8892543999999998
164	protein2	767.0	18.4	1.7743976000000004
164	protein3	166.6	3.8	inf
164	r2	3.8	0.0	0.0
164	rnapol	0.2	0.0	0.0
165	__protein1_rbs	10.0	0.0	0.0
165	__protein2_rbs	11.8	0.0	0.0
165	__protein3_rbs	2.8	0.0	0.0
165	__ribosome	28.6	0.0	0.0
165	__rnase_site_ext	18.2	0.0	0.0
165	p0	1.0	0.0	0.0
165	p1	0.4	0.0	0.0
165	p2	1.0	0.0	0.0
165	protein1	741.0	16.6	1.9433334
165	protein2	774.8	18.6	1.7613032
165	protein3	167.8	3.8	1.6133334
165	r2	3.8	0.0	0.0
165	rnapol	0.2	0.0	0.0
166	__protein1_rbs	10.0	0.0	0.0
166	__protein2_rbs	9.4	0.0	0.0
166	__protein3_rbs	1.2	0.0	0.0
166	__ribosome	23.4	0.0	0.0
166	__rnase_site_ext	18.2	0.0	0.0
166	p0	0.8	0.0	0.0
166	p1	0.8	0.0	0.0
166	p2	1.0	0.0	0.0
166	protein1	746.4	17.0	2.0427942000000003
166	protein2	781.6	18.4	1.8643492
166	protein3	168.8	3.6	2.0400002
166	r2	3.6	0.0	0.0
166	rnapol	0.0	0.0	0.0
167	__protein1_rbs	10.8	0.0	0.0
167	__protein2_rbs	11.4	0.0	0.0
167	__protein3_rbs	2.2	0.0	0.0
167	__ribosome	23.6	0.0	0.0
167	__rnase_site_ext	18.2	0.0	0.0
167	p0	0.8	0.0	0.0
167	p1	0.6	0.0	0.0
167	p2	0.6	0.0	0.0
167	protein1	753.2	17.0	2.0195588
167	protein2	788.8	18.8	1.8295714
167	protein3	170.4	3.6	2.0733334
167	r2	3.6	0.0	0.0
167	rnapol	0.0	0.0	0.0
168	__protein1_rbs	12.0	0.0	0.0
168	__protein2_rbs	13.6	0.0	0.0
168	__protein3_rbs	2.8	0.0	0.0
168	__ribosome	28.0	0.0	0.0
168	__rnase_site_ext	18.0	0.0	0.0
168	p0	1.0	0.0	0.0
168	p1	0.6	0.0	0.0
168	p2	0.4	0.0	0.0
168	protein1	760.2	17.2	1.9044048
168	protein2	796.0	18.8	1.7405856
168	protein3	172.2	3.6	1.9066668000000002
168	r2	3.6	0.0	0.0
168	rnapol	0.2	0.0	0.0
169	__protein1_rbs	12.0	0.0	0.0
169	__protein2_rbs	10.4	0.0	0.0
169	__protein3_rbs	1.6	0.0	0.0
169	__ribosome	29.6	0.0	0.0
169	__rnase_site_ext	17.6	0.0	0.0
169	p0	0.8	0.0	0.0
169	p1	0.6	0.0	0.0
169	p2	0.4	0.0	0.0
169	protein1	769.0	17.0	1.6522221999999998
169	protein2	802.8	19.0	1.8431998
169	protein3	173.6	3.4	2.4066666000000003
169	r2	3.4	0.0	0.0
169	rnapol	0.0	0.0	0.0
170	__protein1_rbs	9.8	0.0	0.0
170	__protein2_rbs	10.0	0.0	0.0
170	__protein3_rbs	2.6	0.0	0.0
170	__ribosome	29.2	0.0	0.0
170	__rnase_site_ext	17.4	0.0	0.0
170	p0	1.0	0.0	0.0
170	p1	0.6	0.0	0.0
170	p2	0.8	0.0	0.0
170	protein1	776.4	16.4	1.6983335999999998
170	protein2	810.6	19.0	1.8989774
170	protein3	175.2	3.4	2.24
170	r2	3.4	0.0	0.0
170	rnapol	0.6	0.0	0.0
171	__protein1_rbs	11.2	0.0	0.0
171	__protein2_rbs	10.4	0.0	0.0
171	__protein3_rbs	1.6	0.0	0.0
171	__ribosome	28.6	0.0	0.0
171	__rnase_site_ext	18.0	0.0	0.0
171	p0	1.0	0.0	0.0
171	p1	0.8	0.0	0.0
171	p2	0.4	0.0	0.0
171	protein1	782.8	16.2	1.6538894
171	protein2	818.2	18.8	2.0350284000000003
171	protein3	177.4	3.4	2.0066666
171	r2	3.6	0.0	0.0
171	rnapol	0.2	0.0	0.0
172	__protein1_rbs	11.0	0.0	0.0
172	__protein2_rbs	10.0	0.0	0.0
172	__protein3_rbs	2.4	0.0	0.0
172	__ribosome	26.6	0.0	0.0
172	__rnase_site_ext	18.0	0.0	0.0
172	p0	0.8	0.0	0.0
172	p1	1.0	0.0	0.0
172	p2	0.8	0.0	0.0
172	protein1	788.8	16.8	1.6525450000000002
172	protein2	825.6	18.8	2.1047128
172	protein3	178.6	3.6	1.8666666
172	r2	3.6	0.0	0.0
172	rnapol	0.0	0.0	0.0
173	__protein1_rbs	11.6	0.0	0.0
173	__protein2_rbs	11.4	0.0	0.0
173	__protein3_rbs	2.2	0.0	0.0
173	__ribosome	26.4	0.0	0.0
173	__rnase_site_ext	17.6	0.0	0.0
173	p0	1.0	0.0	0.0
173	p1	0.8	0.0	0.0
173	p2	0.4	0.0	0.0
173	protein1	795.0	16.8	1.5814132
173	protein2	832.2	19.2	2.1317854
173	protein3	179.8	3.6	1.82
173	r2	3.6	0.0	0.0
173	rnapol	0.2	0.0	0.0
174	__protein1_rbs	10.8	0.0	0.0
174	__protein2_rbs	12.4	0.0	0.0
174	__protein3_rbs	2.6	0.0	0.0
174	__ribosome	27.2	0.0	0.0
174	__rnase_site_ext	18.0	0.0	0.0
174	p0	0.6	0.0	0.0
174	p1	0.6	0.0	0.0
174	p2	0.8	0.0	0.0
174	protein1	799.6	16.4	1.7238440000000002
174	protein2	840.6	19.2	2.0548976000000003
174	protein3	182.0	3.6	1.5533333999999999
174	r2	3.6	0.0	0.0
174	rnapol	0.0	0.0	0.0
175	__protein1_rbs	10.6	0.0	0.0
175	__protein2_rbs	11.8	0.0	0.0
175	__protein3_rbs	2.6	0.0	0.0
175	__ribosome	29.4	0.0	0.0
175	__rnase_site_ext	17.8	0.0	0.0
175	p0	1.0	0.0	0.0
175	p1	0.8	0.0	0.0
175	p2	0.6	0.0	0.0
175	protein1	807.0	16.8	1.6359616000000001
175	protein2	850.4	18.8	1.9994622
175	protein3	183.0	3.6	1.63
175	r2	3.6	0.0	0.0
175	rnapol	0.2	0.0	0.0
176	__protein1_rbs	10.2	0.0	0.0
176	__protein2_rbs	13.0	0.0	0.0
176	__protein3_rbs	3.0	0.0	0.0
176	__ribosome	32.4	0.0	0.0
176	__rnase_site_ext	18.0	0.0	0.0
176	p0	1.0	0.0	0.0
176	p1	0.8	0.0	0.0
176	p2	0.8	0.0	0.0
176	protein1	813.4	16.6	1.6530994
176	protein2	859.6	19.2	1.7898998
176	protein3	183.8	3.6	1.7400000000000002
176	r2	3.8	0.0	0.0
176	rnapol	0.2	0.0	0.0
177	__protein1_rbs	10.8	0.0	0.0
177	__protein2_rbs	11.4	0.0	0.0
177	__protein3_rbs	2.4	0.0	0.0
177	__ribosome	30.8	0.0	0.0
177	__rnase_site_ext	18.0	0.0	0.0
177	p0	0.6	0.0	0.0
177	p1	0.4	0.0	0.0
177	p2	0.4	0.0	0.0
177	protein1	817.8	16.8	1.7452779999999999
177	protein2	868.0	19.0	1.8046036
177	protein3	185.8	3.8	1.53
177	r2	3.8	0.0	0.0
177	rnapol	0.2	0.0	0.0
178	__protein1_rbs	10.4	0.0	0.0
178	__protein2_rbs	11.4	0.0	0.0
178	__protein3_rbs	1.8	0.0	0.0
178	__ribosome	29.0	0.0	0.0
178	__rnase_site_ext	18.2	0.0	0.0
178	p0	1.0	0.0	0.0
178	p1	1.0	0.0	0.0
178	p2	0.6	0.0	0.0
178	protein1	823.6	17.0	1.8092156000000004
178	protein2	876.2	18.6	1.8435494
178	protein3	187.2	4.0	1.6033332000000002
178	r2	4.0	0.0	0.0
178	rnapol	0.4	0.0	0.0
179	__protein1_rbs	11.2	0.0	0.0
179	__protein2_rbs	12.6	0.0	0.0
179	__protein3_rbs	2.4	0.0	0.0
179	__ribosome	28.6	0.0	0.0
179	__rnase_site_ext	18.2	0.0	0.0
179	p0	0.6	0.0	0.0
179	p1	0.8	0.0	0.0
179	p2	1.0	0.0	0.0
179	protein1	830.6	17.0	1.7573528000000003
179	protein2	882.4	19.0	1.7953156000000003
179	protein3	187.6	4.0	1.9866666
179	r2	4.0	0.0	0.0
179	rnapol	0.2	0.0	0.0
180	__protein1_rbs	10.4	0.0	0.0
180	__protein2_rbs	12.4	0.0	0.0
180	__protein3_rbs	3.0	0.0	0.0
180	__ribosome	29.6	0.0	0.0
180	__rnase_site_ext	18.4	0.0	0.0
180	p0	0.8	0.0	0.0
180	p1	0.4	0.0	0.0
180	p2	0.8	0.0	0.0
180	protein1	836.4	17.0	1.7958824
180	protein2	890.8	19.0	1.6975099999999999
180	protein3	189.0	4.0	1.9133334
180	r2	3.8	0.0	0.0
180	rnapol	0.6	0.0	0.0
181	__protein1_rbs	12.0	0.0	0.0
181	__protein2_rbs	10.8	0.0	0.0
181	__protein3_rbs	1.8	0.0	0.0
181	__ribosome	27.8	0.0	0.0
181	__rnase_site_ext	18.6	0.0	0.0
181	p0	1.0	0.0	0.0
181	p1	0.6	0.0	0.0
181	p2	0.6	0.0	0.0
181	protein1	842.6	17.0	1.775581
181	protein2	897.2	18.8	1.8429638
181	protein3	191.0	3.8	2.1133333999999997
181	r2	3.8	0.0	0.0
181	rnapol	0.4	0.0	0.0
182	__protein1_rbs	12.2	0.0	0.0
182	__protein2_rbs	11.2	0.0	0.0
182	__protein3_rbs	2.4	0.0	0.0
182	__ribosome	29.2	0.0	0.0
182	__rnase_site_ext	18.8	0.0	0.0
182	p0	1.0	0.0	0.0
182	p1	1.0	0.0	0.0
182	p2	0.8	0.0	0.0
182	protein1	850.2	17.4	1.6820726
182	protein2	906.0	18.8	1.8096378
182	protein3	192.8	3.8	2.14
182	r2	3.6	0.0	0.0
182	rnapol	0.2	0.0	0.0
183	__protein1_rbs	9.6	0.0	0.0
183	__protein2_rbs	11.0	0.0	0.0
183	__protein3_rbs	2.4	0.0	0.0
183	__ribosome	26.4	0.0	0.0
183	__rnase_site_ext	18.8	0.0	0.0
183	p0	0.6	0.0	0.0
183	p1	0.4	0.0	0.0
183	p2	0.8	0.0	0.0
183	protein1	856.2	17.6	1.7436601999999999
183	protein2	912.6	19.2	1.8623188000000002
183	protein3	194.6	3.6	2.2166667999999996
183	r2	3.6	0.0	0.0
183	rnapol	0.2	0.0	0.0
184	__protein1_rbs	9.2	0.0	0.0
184	__protein2_rbs	13.0	0.0	0.0
184	__protein3_rbs	2.4	0.0	0.0
184	__ribosome	24.6	0.0	0.0
184	__rnase_site_ext	19.0	0.0	0.0
184	p0	0.6	0.0	0.0
184	p1	0.6	0.0	0.0
184	p2	0.6	0.0	0.0
184	protein1	863.0	17.6	1.8200488000000001
184	protein2	918.6	18.8	1.9062264
184	protein3	196.0	3.6	2.15
184	r2	3.4	0.0	0.0
184	rnapol	0.2	0.0	0.0
185	__protein1_rbs	11.8	0.0	0.0
185	__protein2_rbs	12.8	0.0	0.0
185	__protein3_rbs	1.8	0.0	0.0
185	__ribosome	28.4	0.0	0.0
185	__rnase_site_ext	19.0	0.0	0.0
185	p0	1.0	0.0	0.0
185	p1	0.8	0.0	0.0
185	p2	1.0	0.0	0.0
185	protein1	870.0	17.4	1.797353
185	protein2	927.4	18.8	1.781262
185	protein3	198.2	3.4	2.1
185	r2	3.4	0.0	0.0
185	rnapol	0.2	0.0	0.0
186	__protein1_rbs	10.4	0.0	0.0
186	__protein2_rbs	13.4	0.0	0.0
186	__protein3_rbs	1.6	0.0	0.0
186	__ribosome	24.8	0.0	0.0
186	__rnase_site_ext	18.8	0.0	0.0
186	p0	0.8	0.0	0.0
186	p1	0.6	0.0	0.0
186	p2	0.8	0.0	0.0
186	protein1	874.2	18.0	1.9886088
186	protein2	934.6	18.8	1.7726768
186	protein3	200.2	3.4	2.0
186	r2	3.4	0.0	0.0
186	rnapol	0.4	0.0	0.0
187	__protein1_rbs	11.6	0.0	0.0
187	__protein2_rbs	12.0	0.0	0.0
187	__protein3_rbs	2.4	0.0	0.0
187	__ribosome	28.2	0.0	0.0
187	__rnase_site_ext	19.2	0.0	0.0
187	p0	0.6	0.0	0.0
187	p1	0.4	0.0	0.0
187	p2	0.6	0.0	0.0
187	protein1	882.2	17.6	1.9153594
187	protein2	943.2	18.8	1.7008838000000002
187	protein3	201.4	3.4	1.95
187	r2	3.4	0.0	0.0
187	rnapol	0.0	0.0	0.0
188	__protein1_rbs	10.4	0.0	0.0
188	__protein2_rbs	10.6	0.0	0.0
188	__protein3_rbs	1.8	0.0	0.0
188	__ribosome	26.8	0.0	0.0
188	__rnase_site_ext	19.2	0.0	0.0
188	p0	1.0	0.0	0.0
188	p1	0.4	0.0	0.0
188	p2	1.0	0.0	0.0
188	protein1	889.6	17.8	1.8774508
188	protein2	949.8	18.4	1.8162513999999998
188	protein3	203.0	3.4	1.9166666
188	r2	3.4	0.0	0.0
188	rnapol	0.0	0.0	0.0
189	__protein1_rbs	10.2	0.0	0.0
189	__protein2_rbs	11.4	0.0	0.0
189	__protein3_rbs	1.8	0.0	0.0
189	__ribosome	26.4	0.0	0.0
189	__rnase_site_ext	18.6	0.0	0.0
189	p0	1.0	0.0	0.0
189	p1	0.2	0.0	0.0
189	p2	1.0	0.0	0.0
189	protein1	897.0	18.0	1.8836534
189	protein2	957.6	18.6	1.8000588
189	protein3	204.6	3.4	1.9166666
189	r2	3.4	0.0	0.0
189	rnapol	0.2	0.0	0.0
190	__protein1_rbs	12.6	0.0	0.0
190	__protein2_rbs	12.6	0.0	0.0
190	__protein3_rbs	2.2	0.0	0.0
190	__ribosome	29.6	0.0	0.0
190	__rnase_site_ext	18.6	0.0	0.0
190	p0	1.0	0.0	0.0
190	p1	0.4	0.0	0.0
190	p2	0.4	0.0	0.0
190	protein1	905.6	17.4	1.7901143999999998
190	protein2	965.0	18.8	1.7559277999999998
190	protein3	205.8	3.4	1.8833332
190	r2	3.6	0.0	0.0
190	rnapol	0.2	0.0	0.0
191	__protein1_rbs	10.8	0.0	0.0
191	__protein2_rbs	12.4	0.0	0.0
191	__protein3_rbs	2.6	0.0	0.0
191	__ribosome	29.0	0.0	0.0
191	__rnase_site_ext	18.6	0.0	0.0
191	p0	0.8	0.0	0.0
191	p1	0.4	0.0	0.0
191	p2	0.6	0.0	0.0
191	protein1	912.2	17.4	1.8277346
191	protein2	971.6	19.0	1.7718342
191	protein3	207.2	3.6	1.63
191	r2	3.4	0.0	0.0
191	rnapol	0.0	0.0	0.0
192	__protein1_rbs	10.0	0.0	0.0
192	__protein2_rbs	13.6	0.0	0.0
192	__protein3_rbs	2.0	0.0	0.0
192	__ribosome	26.8	0.0	0.0
192	__rnase_site_ext	18.2	0.0	0.0
192	p0	1.0	0.0	0.0
192	p1	0.4	0.0	0.0
192	p2	0.8	0.0	0.0
192	protein1	917.8	17.2	1.9996302
192	protein2	978.8	19.4	1.7182432
192	protein3	208.4	3.4	1.7666666000000002
192	r2	3.4	0.0	0.0
192	rnapol	0.4	0.0	0.0
193	__protein1_rbs	11.8	0.0	0.0
193	__protein2_rbs	12.8	0.0	0.0
193	__protein3_rbs	2.6	0.0	0.0
193	__ribosome	29.2	0.0	0.0
193	__rnase_site_ext	18.4	0.0	0.0
193	p0	0.8	0.0	0.0
193	p1	0.6	0.0	0.0
193	p2	0.6	0.0	0.0
193	protein1	925.4	17.2	1.8882352
193	protein2	986.0	19.6	1.7039102
193	protein3	209.8	3.4	1.4999997999999999
193	r2	3.4	0.0	0.0
193	rnapol	0.0	0.0	0.0
194	__protein1_rbs	10.6	0.0	0.0
194	__protein2_rbs	12.8	0.0	0.0
194	__protein3_rbs	2.0	0.0	0.0
194	__ribosome	30.0	0.0	0.0
194	__rnase_site_ext	17.8	0.0	0.0
194	p0	1.0	0.0	0.0
194	p1	0.8	0.0	0.0
194	p2	0.6	0.0	0.0
194	protein1	932.8	17.4	1.9201796
194	protein2	994.6	19.6	1.6441692
194	protein3	211.8	3.4	1.3499998000000002
194	r2	3.4	0.0	0.0
194	rnapol	0.0	0.0	0.0
195	__protein1_rbs	11.4	0.0	0.0
195	__protein2_rbs	12.0	0.0	0.0
195	__protein3_rbs	2.6	0.0	0.0
195	__ribosome	29.2	0.0	0.0
195	__rnase_site_ext	17.2	0.0	0.0
195	p0	1.0	0.0	0.0
195	p1	0.8	0.0	0.0
195	p2	0.4	0.0	0.0
195	protein1	940.0	16.8	1.9565358
195	protein2	1001.4	19.4	1.7245616000000001
195	protein3	212.4	3.4	1.4333334
195	r2	3.6	0.0	0.0
195	rnapol	0.2	0.0	0.0
196	__protein1_rbs	11.2	0.0	0.0
196	__protein2_rbs	10.6	0.0	0.0
196	__protein3_rbs	2.6	0.0	0.0
196	__ribosome	28.2	0.0	0.0
196	__rnase_site_ext	17.2	0.0	0.0
196	p0	0.8	0.0	0.0
196	p1	1.0	0.0	0.0
196	p2	0.2	0.0	0.0
196	protein1	947.6	16.4	1.9146078000000002
196	protein2	1009.2	19.6	1.8140349999999998
196	protein3	213.2	3.6	1.5033331999999997
196	r2	3.8	0.0	0.0
196	rnapol	0.2	0.0	0.0
197	__protein1_rbs	10.4	0.0	0.0
197	__protein2_rbs	14.4	0.0	0.0
197	__protein3_rbs	1.6	0.0	0.0
197	__ribosome	30.4	0.0	0.0
197	__rnase_site_ext	17.0	0.0	0.0
197	p0	0.8	0.0	0.0
197	p1	0.8	0.0	0.0
197	p2	0.4	0.0	0.0
197	protein1	955.8	16.2	1.7877451999999998
197	protein2	1016.0	19.8	1.773509
197	protein3	214.4	3.8	1.6333334000000002
197	r2	3.6	0.0	0.0
197	rnapol	0.4	0.0	0.0
198	__protein1_rbs	12.0	0.0	0.0
198	__protein2_rbs	11.6	0.0	0.0
198	__protein3_rbs	1.8	0.0	0.0
198	__ribosome	27.2	0.0	0.0
198	__rnase_site_ext	17.0	0.0	0.0
198	p0	0.8	0.0	0.0
198	p1	0.6	0.0	0.0
198	p2	0.4	0.0	0.0
198	protein1	962.4	15.8	1.7638296000000004
198	protein2	1022.2	19.8	1.9444446
198	protein3	215.6	3.6	1.9866666000000002
198	r2	3.6	0.0	0.0
198	rnapol	0.6	0.0	0.0
199	__protein1_rbs	10.6	0.0	0.0
199	__protein2_rbs	12.2	0.0	0.0
199	__protein3_rbs	2.2	0.0	0.0
199	__ribosome	29.4	0.0	0.0
199	__rnase_site_ext	17.6	0.0	0.0
199	p0	0.4	0.0	0.0
199	p1	0.6	0.0	0.0
199	p2	0.4	0.0	0.0
199	protein1	969.8	15.8	1.632388
199	protein2	1030.6	19.2	1.970325
199	protein3	216.6	3.6	1.99
199	r2	3.6	0.0	0.0
199	rnapol	0.6	0.0	0.0
200	__protein1_rbs	9.2	0.0	0.0
200	__protein2_rbs	12.0	0.0	0.0
200	__protein3_rbs	2.8	0.0	0.0
200	__ribosome	29.0	0.0	0.0
200	__rnase_site_ext	17.4	0.0	0.0
200	p0	0.8	0.0	0.0
200	p1	1.0	0.0	0.0
200	p2	0.6	0.0	0.0
200	protein1	975.4	16.2	1.7054195999999997
200	protein2	1040.0	19.2	1.8846043999999997
200	protein3	217.4	3.6	2.07
200	r2	3.6	0.0	0.0
200	rnapol	0.8	0.0	0.0
201	__protein1_rbs	9.8	0.0	0.0
201	__protein2_rbs	11.8	0.0	0.0
201	__protein3_rbs	2.0	0.0	0.0
201	__ribosome	25.8	0.0	0.0
201	__rnase_site_ext	18.2	0.0	0.0
201	p0	0.6	0.0	0.0
201	p1	1.0	0.0	0.0
201	p2	0.8	0.0	0.0
201	protein1	979.8	16.4	1.856491
201	protein2	1047.2	19.6	1.885598
201	protein3	219.2	3.6	2.0466666
201	r2	3.6	0.0	0.0
201	rnapol	0.4	0.0	0.0
202	__protein1_rbs	10.0	0.0	0.0
202	__protein2_rbs	11.8	0.0	0.0
202	__protein3_rbs	2.2	0.0	0.0
202	__ribosome	26.8	0.0	0.0
202	__rnase_site_ext	18.4	0.0	0.0
202	p0	0.6	0.0	0.0
202	p1	1.0	0.0	0.0
202	p2	0.8	0.0	0.0
202	protein1	987.4	16.8	1.7853508000000002
202	protein2	1056.0	19.4	1.8789896000000001
202	protein3	221.4	3.6	1.9233334
202	r2	3.6	0.0	0.0
202	rnapol	0.6	0.0	0.0
203	__protein1_rbs	11.2	0.0	0.0
203	__protein2_rbs	12.8	0.0	0.0
203	__protein3_rbs	1.4	0.0	0.0
203	__ribosome	27.4	0.0	0.0
203	__rnase_site_ext	19.2	0.0	0.0
203	p0	0.8	0.0	0.0
203	p1	0.4	0.0	0.0
203	p2	1.0	0.0	0.0
203	protein1	992.4	17.2	1.7857894
203	protein2	1064.2	19.0	1.832552
203	protein3	223.0	3.6	2.13
203	r2	3.6	0.0	0.0
203	rnapol	0.0	0.0	0.0
204	__protein1_rbs	10.6	0.0	0.0
204	__protein2_rbs	11.6	0.0	0.0
204	__protein3_rbs	1.0	0.0	0.0
204	__ribosome	27.6	0.0	0.0
204	__rnase_site_ext	19.4	0.0	0.0
204	p0	1.0	0.0	0.0
204	p1	0.8	0.0	0.0
204	p2	0.8	0.0	0.0
204	protein1	1000.6	18.0	1.6693905999999998
204	protein2	1072.4	19.0	1.7857288
204	protein3	224.6	3.4	2.64
204	r2	3.4	0.0	0.0
204	rnapol	0.0	0.0	0.0
205	__protein1_rbs	13.0	0.0	0.0
205	__protein2_rbs	10.4	0.0	0.0
205	__protein3_rbs	3.0	0.0	0.0
205	__ribosome	26.6	0.0	0.0
205	__rnase_site_ext	19.4	0.0	0.0
205	p0	1.0	0.0	0.0
205	p1	0.8	0.0	0.0
205	p2	0.6	0.0	0.0
205	protein1	1005.6	18.2	1.6931372
205	protein2	1080.4	18.8	1.8281834
205	protein3	225.2	3.4	2.65
205	r2	3.6	0.0	0.0
205	rnapol	0.0	0.0	0.0
206	__protein1_rbs	11.4	0.0	0.0
206	__protein2_rbs	10.6	0.0	0.0
206	__protein3_rbs	2.8	0.0	0.0
206	__ribosome	26.6	0.0	0.0
206	__rnase_site_ext	19.2	0.0	0.0
206	p0	1.0	0.0	0.0
206	p1	0.2	0.0	0.0
206	p2	0.8	0.0	0.0
206	protein1	1012.8	18.2	1.7069678
206	protein2	1088.4	19.0	1.8363158
206	protein3	227.6	3.6	2.1766666
206	r2	3.6	0.0	0.0
206	rnapol	0.0	0.0	0.0
207	__protein1_rbs	11.2	0.0	0.0
207	__protein2_rbs	12.8	0.0	0.0
207	__protein3_rbs	1.6	0.0	0.0
207	__ribosome	28.6	0.0	0.0
207	__rnase_site_ext	19.0	0.0	0.0
207	p0	1.0	0.0	0.0
207	p1	0.6	0.0	0.0
207	p2	1.0	0.0	0.0
207	protein1	1020.4	18.0	1.664748
207	protein2	1096.0	18.8	1.7977778000000002
207	protein3	229.8	3.6	2.1
207	r2	3.8	0.0	0.0
207	rnapol	0.2	0.0	0.0
208	__protein1_rbs	11.6	0.0	0.0
208	__protein2_rbs	13.4	0.0	0.0
208	__protein3_rbs	2.0	0.0	0.0
208	__ribosome	28.0	0.0	0.0
208	__rnase_site_ext	18.8	0.0	0.0
208	p0	0.8	0.0	0.0
208	p1	0.4	0.0	0.0
208	p2	1.0	0.0	0.0
208	protein1	1027.0	17.8	1.6800279999999999
208	protein2	1102.0	19.4	1.7844446
208	protein3	231.8	3.8	1.8666668
208	r2	3.8	0.0	0.0
208	rnapol	0.2	0.0	0.0
209	__protein1_rbs	11.8	0.0	0.0
209	__protein2_rbs	12.0	0.0	0.0
209	__protein3_rbs	1.8	0.0	0.0
209	__ribosome	28.0	0.0	0.0
209	__rnase_site_ext	19.0	0.0	0.0
209	p0	1.0	0.0	0.0
209	p1	0.2	0.0	0.0
209	p2	1.0	0.0	0.0
209	protein1	1033.6	17.6	1.6998810000000002
209	protein2	1109.2	18.8	1.8564237999999995
209	protein3	233.6	3.6	2.0433331999999997
209	r2	3.6	0.0	0.0
209	rnapol	0.0	0.0	0.0
210	__protein1_rbs	11.8	0.0	0.0
210	__protein2_rbs	12.2	0.0	0.0
210	__protein3_rbs	2.0	0.0	0.0
210	__ribosome	28.4	0.0	0.0
210	__rnase_site_ext	19.0	0.0	0.0
210	p0	1.0	0.0	0.0
210	p1	0.8	0.0	0.0
210	p2	0.4	0.0	0.0
210	protein1	1040.8	17.8	1.6702380000000001
210	protein2	1118.0	19.2	1.7519884
210	protein3	234.4	3.6	2.4400002
210	r2	3.4	0.0	0.0
210	rnapol	0.0	0.0	0.0
211	__protein1_rbs	11.4	0.0	0.0
211	__protein2_rbs	13.4	0.0	0.0
211	__protein3_rbs	1.8	0.0	0.0
211	__ribosome	28.8	0.0	0.0
211	__rnase_site_ext	19.0	0.0	0.0
211	p0	1.0	0.0	0.0
211	p1	0.8	0.0	0.0
211	p2	1.0	0.0	0.0
211	protein1	1046.8	17.8	1.7283334
211	protein2	1126.4	19.0	1.6573538
211	protein3	235.4	3.4	2.7733334
211	r2	3.4	0.0	0.0
211	rnapol	0.2	0.0	0.0
212	__protein1_rbs	11.6	0.0	0.0
212	__protein2_rbs	10.2	0.0	0.0
212	__protein3_rbs	1.6	0.0	0.0
212	__ribosome	28.6	0.0	0.0
212	__rnase_site_ext	18.8	0.0	0.0
212	p0	1.0	0.0	0.0
212	p1	1.0	0.0	0.0
212	p2	0.4	0.0	0.0
212	protein1	1054.4	17.8	1.7191666
212	protein2	1133.8	19.2	1.7457232
212	protein3	238.4	3.2	2.6666666
212	r2	3.2	0.0	0.0
212	rnapol	0.4	0.0	0.0
213	__protein1_rbs	10.4	0.0	0.0
213	__protein2_rbs	11.4	0.0	0.0
213	__protein3_rbs	2.2	0.0	0.0
213	__ribosome	26.4	0.0	0.0
213	__rnase_site_ext	18.8	0.0	0.0
213	p0	0.6	0.0	0.0
213	p1	1.0	0.0	0.0
213	p2	0.4	0.0	0.0
213	protein1	1060.6	17.6	1.8383332000000003
213	protein2	1140.4	19.0	1.8386752
213	protein3	240.4	3.2	2.3333334
213	r2	3.2	0.0	0.0
213	rnapol	0.0	0.0	0.0
214	__protein1_rbs	11.0	0.0	0.0
214	__protein2_rbs	11.8	0.0	0.0
214	__protein3_rbs	1.8	0.0	0.0
214	__ribosome	25.2	0.0	0.0
214	__rnase_site_ext	18.6	0.0	0.0
214	p0	1.0	0.0	0.0
214	p1	0.8	0.0	0.0
214	p2	0.4	0.0	0.0
214	protein1	1067.4	17.6	1.8542568
214	protein2	1147.4	19.0	1.8704108
214	protein3	242.2	3.4	2.04
214	r2	3.4	0.0	0.0
214	rnapol	0.4	0.0	0.0
215	__protein1_rbs	10.0	0.0	0.0
215	__protein2_rbs	11.6	0.0	0.0
215	__protein3_rbs	3.4	0.0	0.0
215	__ribosome	26.0	0.0	0.0
215	__rnase_site_ext	18.8	0.0	0.0
215	p0	0.4	0.0	0.0
215	p1	0.6	0.0	0.0
215	p2	0.4	0.0	0.0
215	protein1	1073.6	17.4	1.9295408
215	protein2	1155.0	19.0	1.8945008
215	protein3	244.2	3.4	1.4866668
215	r2	3.4	0.0	0.0
215	rnapol	0.2	0.0	0.0
216	__protein1_rbs	10.6	0.0	0.0
216	__protein2_rbs	13.0	0.0	0.0
216	__protein3_rbs	2.0	0.0	0.0
216	__ribosome	29.2	0.0	0.0
216	__rnase_site_ext	18.8	0.0	0.0
216	p0	0.8	0.0	0.0
216	p1	0.8	0.0	0.0
216	p2	0.4	0.0	0.0
216	protein1	1082.6	17.4	1.8430642
216	protein2	1163.4	19.0	1.7741566000000002
216	protein3	245.4	3.4	1.6466666
216	r2	3.4	0.0	0.0
216	rnapol	0.2	0.0	0.0
217	__protein1_rbs	12.2	0.0	0.0
217	__protein2_rbs	12.8	0.0	0.0
217	__protein3_rbs	2.4	0.0	0.0
217	__ribosome	28.4	0.0	0.0
217	__rnase_site_ext	18.8	0.0	0.0
217	p0	0.8	0.0	0.0
217	p1	1.0	0.0	0.0
217	p2	0.6	0.0	0.0
217	protein1	1088.2	17.8	1.8601633999999998
217	protein2	1170.6	19.0	1.7971502
217	protein3	247.2	3.4	1.4566666000000001
217	r2	3.6	0.0	0.0
217	rnapol	0.2	0.0	0.0
218	__protein1_rbs	12.6	0.0	0.0
218	__protein2_rbs	10.8	0.0	0.0
218	__protein3_rbs	2.6	0.0	0.0
218	__ribosome	29.8	0.0	0.0
218	__rnase_site_ext	18.8	0.0	0.0
218	p0	0.8	0.0	0.0
218	p1	0.6	0.0	0.0
218	p2	0.8	0.0	0.0
218	protein1	1096.0	17.6	1.7556207999999998
218	protein2	1178.6	19.2	1.8362724
218	protein3	248.4	3.6	1.2933333999999999
218	r2	3.6	0.0	0.0
218	rnapol	0.4	0.0	0.0
219	__protein1_rbs	9.6	0.0	0.0
219	__protein2_rbs	10.0	0.0	0.0
219	__protein3_rbs	2.0	0.0	0.0
219	__ribosome	25.4	0.0	0.0
219	__rnase_site_ext	18.6	0.0	0.0
219	p0	0.8	0.0	0.0
219	p1	0.4	0.0	0.0
219	p2	1.0	0.0	0.0
219	protein1	1103.0	17.6	1.8506502
219	protein2	1186.6	19.2	1.9347788
219	protein3	249.2	3.6	1.5133333999999998
219	r2	3.6	0.0	0.0
219	rnapol	0.8	0.0	0.0
220	__protein1_rbs	11.2	0.0	0.0
220	__protein2_rbs	11.6	0.0	0.0
220	__protein3_rbs	2.2	0.0	0.0
220	__ribosome	27.2	0.0	0.0
220	__rnase_site_ext	18.2	0.0	0.0
220	p0	0.8	0.0	0.0
220	p1	0.8	0.0	0.0
220	p2	0.8	0.0	0.0
220	protein1	1110.6	17.2	1.8091122
220	protein2	1194.8	19.2	1.8992734
220	protein3	250.4	3.6	1.51
220	r2	3.6	0.0	0.0
220	rnapol	0.6	0.0	0.0
221	__protein1_rbs	11.0	0.0	0.0
221	__protein2_rbs	13.2	0.0	0.0
221	__protein3_rbs	2.0	0.0	0.0
221	__ribosome	28.2	0.0	0.0
221	__rnase_site_ext	18.4	0.0	0.0
221	p0	0.8	0.0	0.0
221	p1	0.6	0.0	0.0
221	p2	0.8	0.0	0.0
221	protein1	1118.6	17.2	1.701548
221	protein2	1201.8	19.6	1.8594928
221	protein3	251.2	3.6	1.7066665999999997
221	r2	3.6	0.0	0.0
221	rnapol	0.4	0.0	0.0
222	__protein1_rbs	10.2	0.0	0.0
222	__protein2_rbs	13.0	0.0	0.0
222	__protein3_rbs	2.6	0.0	0.0
222	__ribosome	28.0	0.0	0.0
222	__rnase_site_ext	18.0	0.0	0.0
222	p0	1.0	0.0	0.0
222	p1	0.6	0.0	0.0
222	p2	0.8	0.0	0.0
222	protein1	1124.4	17.2	1.7688888000000005
222	protein2	1210.4	19.6	1.8127918
222	protein3	252.2	3.4	1.78
222	r2	3.4	0.0	0.0
222	rnapol	0.4	0.0	0.0
223	__protein1_rbs	11.4	0.0	0.0
223	__protein2_rbs	10.8	0.0	0.0
223	__protein3_rbs	2.0	0.0	0.0
223	__ribosome	28.6	0.0	0.0
223	__rnase_site_ext	17.8	0.0	0.0
223	p0	0.6	0.0	0.0
223	p1	0.8	0.0	0.0
223	p2	0.8	0.0	0.0
223	protein1	1132.8	17.0	1.6720821999999995
223	protein2	1218.0	19.4	1.9244093999999998
223	protein3	253.8	3.4	1.7966666
223	r2	3.4	0.0	0.0
223	rnapol	0.2	0.0	0.0
224	__protein1_rbs	11.8	0.0	0.0
224	__protein2_rbs	13.0	0.0	0.0
224	__protein3_rbs	1.6	0.0	0.0
224	__ribosome	29.8	0.0	0.0
224	__rnase_site_ext	17.8	0.0	0.0
224	p0	0.8	0.0	0.0
224	p1	0.4	0.0	0.0
224	p2	1.0	0.0	0.0
224	protein1	1139.4	17.0	1.7015686
224	protein2	1228.4	19.8	1.7850929999999998
224	protein3	255.4	3.4	1.9133334
224	r2	3.4	0.0	0.0
224	rnapol	0.2	0.0	0.0
225	__protein1_rbs	10.2	0.0	0.0
225	__protein2_rbs	12.4	0.0	0.0
225	__protein3_rbs	2.0	0.0	0.0
225	__ribosome	26.6	0.0	0.0
225	__rnase_site_ext	18.2	0.0	0.0
225	p0	0.8	0.0	0.0
225	p1	0.8	0.0	0.0
225	p2	0.6	0.0	0.0
225	protein1	1145.2	16.8	1.8514238
225	protein2	1234.8	19.8	1.8819113999999997
225	protein3	257.2	3.4	1.7333333999999998
225	r2	3.4	0.0	0.0
225	rnapol	0.2	0.0	0.0
226	__protein1_rbs	10.2	0.0	0.0
226	__protein2_rbs	13.0	0.0	0.0
226	__protein3_rbs	1.6	0.0	0.0
226	__ribosome	25.0	0.0	0.0
226	__rnase_site_ext	18.4	0.0	0.0
226	p0	1.0	0.0	0.0
226	p1	0.4	0.0	0.0
226	p2	0.6	0.0	0.0
226	protein1	1152.4	17.2	1.7966231999999998
226	protein2	1242.2	20.4	1.8629074
226	protein3	258.0	3.4	2.0166666
226	r2	3.4	0.0	0.0
226	rnapol	0.0	0.0	0.0
227	__protein1_rbs	11.0	0.0	0.0
227	__protein2_rbs	14.4	0.0	0.0
227	__protein3_rbs	2.2	0.0	0.0
227	__ribosome	26.0	0.0	0.0
227	__rnase_site_ext	18.4	0.0	0.0
227	p0	1.0	0.0	0.0
227	p1	0.6	0.0	0.0
227	p2	0.8	0.0	0.0
227	protein1	1157.6	17.2	1.9024244
227	protein2	1250.8	20.2	1.7463452000000002
227	protein3	259.4	3.4	2.0
227	r2	3.2	0.0	0.0
227	rnapol	0.2	0.0	0.0
228	__protein1_rbs	10.6	0.0	0.0
228	__protein2_rbs	14.2	0.0	0.0
228	__protein3_rbs	2.4	0.0	0.0
228	__ribosome	30.4	0.0	0.0
228	__rnase_site_ext	18.2	0.0	0.0
228	p0	1.0	0.0	0.0
228	p1	1.0	0.0	0.0
228	p2	0.4	0.0	0.0
228	protein1	1166.2	17.0	1.8452381999999998
228	protein2	1260.8	20.4	1.6108772000000002
228	protein3	261.2	3.4	1.85
228	r2	3.4	0.0	0.0
228	rnapol	0.0	0.0	0.0
229	__protein1_rbs	10.6	0.0	0.0
229	__protein2_rbs	12.8	0.0	0.0
229	__protein3_rbs	2.2	0.0	0.0
229	__ribosome	30.2	0.0	0.0
229	__rnase_site_ext	18.0	0.0	0.0
229	p0	1.0	0.0	0.0
229	p1	0.8	0.0	0.0
229	p2	1.0	0.0	0.0
229	protein1	1172.6	17.0	1.8907332
229	protein2	1270.4	20.2	1.6004209999999999
229	protein3	262.4	3.4	1.8833334
229	r2	3.4	0.0	0.0
229	rnapol	0.6	0.0	0.0
230	__protein1_rbs	10.2	0.0	0.0
230	__protein2_rbs	11.0	0.0	0.0
230	__protein3_rbs	1.0	0.0	0.0
230	__ribosome	24.0	0.0	0.0
230	__rnase_site_ext	18.6	0.0	0.0
230	p0	0.8	0.0	0.0
230	p1	0.6	0.0	0.0
230	p2	0.4	0.0	0.0
230	protein1	1179.2	16.8	1.9747494
230	protein2	1276.2	20.0	1.8236842
230	protein3	264.4	3.4	2.0333334
230	r2	3.4	0.0	0.0
230	rnapol	0.4	0.0	0.0
231	__protein1_rbs	11.2	0.0	0.0
231	__protein2_rbs	12.8	0.0	0.0
231	__protein3_rbs	2.4	0.0	0.0
231	__ribosome	26.2	0.0	0.0
231	__rnase_site_ext	18.8	0.0	0.0
231	p0	1.0	0.0	0.0
231	p1	0.6	0.0	0.0
231	p2	1.0	0.0	0.0
231	protein1	1187.2	17.2	1.8435472
231	protein2	1284.0	19.8	1.8324561999999998
231	protein3	265.8	3.4	1.9166666
231	r2	3.6	0.0	0.0
231	rnapol	0.2	0.0	0.0
232	__protein1_rbs	10.2	0.0	0.0
232	__protein2_rbs	14.2	0.0	0.0
232	__protein3_rbs	3.0	0.0	0.0
232	__ribosome	23.2	0.0	0.0
232	__rnase_site_ext	19.2	0.0	0.0
232	p0	0.4	0.0	0.0
232	p1	0.8	0.0	0.0
232	p2	0.4	0.0	0.0
232	protein1	1192.8	17.6	1.9553886
232	protein2	1290.4	20.0	1.8417648000000002
232	protein3	266.8	3.6	1.83
232	r2	3.6	0.0	0.0
232	rnapol	0.2	0.0	0.0
233	__protein1_rbs	10.0	0.0	0.0
233	__protein2_rbs	13.4	0.0	0.0
233	__protein3_rbs	1.8	0.0	0.0
233	__ribosome	24.4	0.0	0.0
233	__rnase_site_ext	19.0	0.0	0.0
233	p0	1.0	0.0	0.0
233	p1	0.8	0.0	0.0
233	p2	0.8	0.0	0.0
233	protein1	1201.6	17.6	1.8751984
233	protein2	1298.8	19.8	1.8425264
233	protein3	268.2	3.6	1.91
233	r2	3.6	0.0	0.0
233	rnapol	0.4	0.0	0.0
234	__protein1_rbs	11.4	0.0	0.0
234	__protein2_rbs	13.0	0.0	0.0
234	__protein3_rbs	2.6	0.0	0.0
234	__ribosome	28.0	0.0	0.0
234	__rnase_site_ext	19.2	0.0	0.0
234	p0	1.0	0.0	0.0
234	p1	0.8	0.0	0.0
234	p2	0.6	0.0	0.0
234	protein1	1209.4	17.8	1.811755
234	protein2	1308.4	20.0	1.7003948000000002
234	protein3	269.4	3.6	1.97
234	r2	3.6	0.0	0.0
234	rnapol	0.4	0.0	0.0
235	__protein1_rbs	12.0	0.0	0.0
235	__protein2_rbs	12.2	0.0	0.0
235	__protein3_rbs	1.8	0.0	0.0
235	__ribosome	29.6	0.0	0.0
235	__rnase_site_ext	19.6	0.0	0.0
235	p0	0.8	0.0	0.0
235	p1	0.8	0.0	0.0
235	p2	1.0	0.0	0.0
235	protein1	1217.0	18.0	1.7213178
235	protein2	1317.2	19.6	1.689123
235	protein3	271.8	3.6	1.81
235	r2	3.8	0.0	0.0
235	rnapol	0.0	0.0	0.0
236	__protein1_rbs	11.2	0.0	0.0
236	__protein2_rbs	11.4	0.0	0.0
236	__protein3_rbs	2.8	0.0	0.0
236	__ribosome	27.0	0.0	0.0
236	__rnase_site_ext	19.6	0.0	0.0
236	p0	1.0	0.0	0.0
236	p1	0.6	0.0	0.0
236	p2	0.6	0.0	0.0
236	protein1	1224.4	18.4	1.789737
236	protein2	1325.2	19.2	1.7694444
236	protein3	272.8	3.8	1.7100000000000002
236	r2	4.0	0.0	0.0
236	rnapol	0.4	0.0	0.0
237	__protein1_rbs	12.2	0.0	0.0
237	__protein2_rbs	12.2	0.0	0.0
237	__protein3_rbs	2.6	0.0	0.0
237	__ribosome	26.0	0.0	0.0
237	__rnase_site_ext	19.4	0.0	0.0
237	p0	1.0	0.0	0.0
237	p1	0.6	0.0	0.0
237	p2	0.6	0.0	0.0
237	protein1	1232.2	18.4	1.7647948
237	protein2	1331.0	18.8	1.8653174
237	protein3	274.4	4.0	1.65
237	r2	4.0	0.0	0.0
237	rnapol	0.6	0.0	0.0
238	__protein1_rbs	11.2	0.0	0.0
238	__protein2_rbs	11.6	0.0	0.0
238	__protein3_rbs	3.2	0.0	0.0
238	__ribosome	26.4	0.0	0.0
238	__rnase_site_ext	19.6	0.0	0.0
238	p0	1.0	0.0	0.0
238	p1	0.4	0.0	0.0
238	p2	0.6	0.0	0.0
238	protein1	1239.0	18.2	1.8211862
238	protein2	1338.8	18.6	1.8849018
238	protein3	276.0	4.0	1.42
238	r2	4.0	0.0	0.0
238	rnapol	0.4	0.0	0.0
239	__protein1_rbs	12.2	0.0	0.0
239	__protein2_rbs	11.4	0.0	0.0
239	__protein3_rbs	3.2	0.0	0.0
239	__ribosome	28.8	0.0	0.0
239	__rnase_site_ext	19.6	0.0	0.0
239	p0	0.6	0.0	0.0
239	p1	0.8	0.0	0.0
239	p2	1.0	0.0	0.0
239	protein1	1246.0	18.4	1.8298038
239	protein2	1348.6	18.8	1.7680392
239	protein3	278.2	4.0	1.25
239	r2	4.2	0.0	0.0
239	rnapol	0.2	0.0	0.0
240	__protein1_rbs	13.2	0.0	0.0
240	__protein2_rbs	11.6	0.0	0.0
240	__protein3_rbs	2.2	0.0	0.0
240	__ribosome	29.8	0.0	0.0
240	__rnase_site_ext	19.4	0.0	0.0
240	p0	1.0	0.0	0.0
240	p1	0.8	0.0	0.0
240	p2	0.8	0.0	0.0
240	protein1	1254.6	18.0	1.6898113999999997
240	protein2	1355.8	19.4	1.7616519999999998
240	protein3	278.8	4.2	1.4733333999999998
240	r2	4.2	0.0	0.0
240	rnapol	0.2	0.0	0.0
241	__protein1_rbs	9.8	0.0	0.0
241	__protein2_rbs	12.6	0.0	0.0
241	__protein3_rbs	2.8	0.0	0.0
241	__ribosome	25.0	0.0	0.0
241	__rnase_site_ext	19.0	0.0	0.0
241	p0	0.8	0.0	0.0
241	p1	0.6	0.0	0.0
241	p2	1.0	0.0	0.0
241	protein1	1262.0	18.2	1.8106229999999999
241	protein2	1362.4	19.6	1.8397764
241	protein3	279.8	4.4	1.6042858000000002
241	r2	4.6	0.0	0.0
241	rnapol	0.2	0.0	0.0
242	__protein1_rbs	10.4	0.0	0.0
242	__protein2_rbs	12.4	0.0	0.0
242	__protein3_rbs	3.2	0.0	0.0
242	__ribosome	27.8	0.0	0.0
242	__rnase_site_ext	19.2	0.0	0.0
242	p0	0.8	0.0	0.0
242	p1	0.6	0.0	0.0
242	p2	0.6	0.0	0.0
242	protein1	1270.2	17.8	1.824515
242	protein2	1371.6	19.4	1.7479301999999999
242	protein3	281.4	4.6	1.5771428
242	r2	4.6	0.0	0.0
242	rnapol	0.0	0.0	0.0
243	__protein1_rbs	12.2	0.0	0.0
243	__protein2_rbs	13.6	0.0	0.0
243	__protein3_rbs	3.2	0.0	0.0
243	__ribosome	28.6	0.0	0.0
243	__rnase_site_ext	18.4	0.0	0.0
243	p0	1.0	0.0	0.0
243	p1	1.0	0.0	0.0
243	p2	0.6	0.0	0.0
243	protein1	1277.0	18.0	1.8016664
243	protein2	1379.2	19.6	1.6705868
243	protein3	282.6	4.6	1.5742858
243	r2	4.4	0.0	0.0
243	rnapol	0.0	0.0	0.0
244	__protein1_rbs	11.4	0.0	0.0
244	__protein2_rbs	11.2	0.0	0.0
244	__protein3_rbs	2.0	0.0	0.0
244	__ribosome	26.2	0.0	0.0
244	__rnase_site_ext	18.4	0.0	0.0
244	p0	1.0	0.0	0.0
244	p1	0.8	0.0	0.0
244	p2	0.4	0.0	0.0
244	protein1	1284.4	17.4	1.8192061999999998
244	protein2	1387.4	19.4	1.7905744
244	protein3	284.0	4.4	1.88
244	r2	4.4	0.0	0.0
244	rnapol	0.4	0.0	0.0
245	__protein1_rbs	12.2	0.0	0.0
245	__protein2_rbs	13.0	0.0	0.0
245	__protein3_rbs	2.8	0.0	0.0
245	__ribosome	29.2	0.0	0.0
245	__rnase_site_ext	18.6	0.0	0.0
245	p0	0.6	0.0	0.0
245	p1	0.8	0.0	0.0
245	p2	0.4	0.0	0.0
245	protein1	1291.2	17.4	1.8025928
245	protein2	1396.2	19.4	1.6701842
245	protein3	286.2	4.4	1.7966666
245	r2	4.4	0.0	0.0
245	rnapol	0.4	0.0	0.0
246	__protein1_rbs	10.0	0.0	0.0
246	__protein2_rbs	12.2	0.0	0.0
246	__protein3_rbs	2.8	0.0	0.0
246	__ribosome	27.4	0.0	0.0
246	__rnase_site_ext	18.2	0.0	0.0
246	p0	0.8	0.0	0.0
246	p1	0.6	0.0	0.0
246	p2	0.8	0.0	0.0
246	protein1	1299.2	17.4	1.7903656000000003
246	protein2	1403.6	19.4	1.7174064000000002
246	protein3	287.2	4.4	1.97
246	r2	4.4	0.0	0.0
246	rnapol	0.2	0.0	0.0
247	__protein1_rbs	11.6	0.0	0.0
247	__protein2_rbs	11.6	0.0	0.0
247	__protein3_rbs	2.2	0.0	0.0
247	__ribosome	26.6	0.0	0.0
247	__rnase_site_ext	18.2	0.0	0.0
247	p0	0.8	0.0	0.0
247	p1	0.6	0.0	0.0
247	p2	0.6	0.0	0.0
247	protein1	1307.4	17.4	1.7217651999999999
247	protein2	1410.2	19.6	1.7925601999999998
247	protein3	289.0	4.4	2.1100000000000003
247	r2	4.4	0.0	0.0
247	rnapol	0.4	0.0	0.0
248	__protein1_rbs	11.0	0.0	0.0
248	__protein2_rbs	13.2	0.0	0.0
248	__protein3_rbs	2.6	0.0	0.0
248	__ribosome	28.4	0.0	0.0
248	__rnase_site_ext	18.2	0.0	0.0
248	p0	0.8	0.0	0.0
248	p1	1.0	0.0	0.0
248	p2	0.6	0.0	0.0
248	protein1	1314.4	17.0	1.7784046000000002
248	protein2	1419.2	19.8	1.6583814
248	protein3	291.2	4.6	1.9966666000000002
248	r2	4.6	0.0	0.0
248	rnapol	0.6	0.0	0.0
249	__protein1_rbs	10.4	0.0	0.0
249	__protein2_rbs	11.8	0.0	0.0
249	__protein3_rbs	3.2	0.0	0.0
249	__ribosome	26.2	0.0	0.0
249	__rnase_site_ext	18.6	0.0	0.0
249	p0	0.6	0.0	0.0
249	p1	0.8	0.0	0.0
249	p2	0.6	0.0	0.0
249	protein1	1320.4	17.2	1.8595552
249	protein2	1426.6	20.0	1.6788124
249	protein3	293.4	4.6	1.8133334
249	r2	4.6	0.0	0.0
249	rnapol	0.6	0.0	0.0
250	__protein1_rbs	11.2	0.0	0.0
250	__protein2_rbs	12.8	0.0	0.0
250	__protein3_rbs	2.6	0.0	0.0
250	__ribosome	25.8	0.0	0.0
250	__rnase_site_ext	18.8	0.0	0.0
250	p0	1.0	0.0	0.0
250	p1	1.0	0.0	0.0
250	p2	1.0	0.0	0.0
250	protein1	1327.8	17.4	1.8100968
250	protein2	1434.4	20.0	1.728468
250	protein3	295.4	4.4	1.9333334
250	r2	4.4	0.0	0.0
250	rnapol	0.2	0.0	0.0
