time	species	protein	transcript	ribo_density
0	__protein1_rbs	0.0	0.0	0.0
0	__protein2_rbs	0.0	0.0	0.0
0	__protein3_rbs	0.0	0.0	0.0
0	__ribosome	100.0	0.0	0.0
0	__rnase_site_ext	0.0	0.0	0.0
0	p0	1.0	0.0	0.0
0	p2	1.0	0.0	0.0
0	rnapol	4.0	0.0	0.0
1	__protein1_rbs	0.0	0.0	0.0
1	__protein2_rbs	0.0	0.0	0.0
1	__protein3_rbs	0.0	0.0	0.0
1	__ribosome	100.0	0.0	0.0
1	__rnase_site_ext	0.8	0.0	0.0
1	p0	0.0	0.0	0.0
1	p2	1.0	0.0	0.0
1	rnapol	3.0	0.0	0.0
2	__protein1_rbs	0.4	0.0	0.0
2	__protein2_rbs	0.0	0.0	0.0
2	__protein3_rbs	0.0	0.0	0.0
2	__ribosome	100.0	0.0	0.0
2	__rnase_site_ext	1.4	0.0	0.0
2	p0	0.0	0.0	0.0
2	p2	1.0	0.0	0.0
2	protein1	0.0	0.4	0.0
2	rnapol	2.2	0.0	0.0
3	__protein1_rbs	0.2	0.0	0.0
3	__protein2_rbs	0.0	0.0	0.0
3	__protein3_rbs	0.0	0.0	0.0
3	__ribosome	99.2	0.0	0.0
3	__rnase_site_ext	2.6	0.0	0.0
3	p0	0.4	0.0	0.0
3	p2	0.8	0.0	0.0
3	protein1	0.0	1.0	0.8
3	rnapol	1.4	0.0	0.0
4	__protein1_rbs	0.2	0.0	0.0
4	__protein2_rbs	0.0	0.0	0.0
4	__protein3_rbs	0.0	0.0	0.0
4	__ribosome	97.6	0.0	0.0
4	__rnase_site_ext	3.2	0.0	0.0
4	p0	0.2	0.0	0.0
4	p2	1.0	0.0	0.0
4	protein1	0.0	1.8	1.3
4	rnapol	0.6	0.0	0.0
5	__protein1_rbs	0.4	0.0	0.0
5	__protein2_rbs	0.0	0.0	0.0
5	__protein3_rbs	0.0	0.0	0.0
5	__ribosome	95.8	0.0	0.0
5	__rnase_site_ext	3.6	0.0	0.0
5	p0	0.6	0.0	0.0
5	p2	1.0	0.0	0.0
5	protein1	0.0	2.4	1.7333333999999998
5	rnapol	0.4	0.0	0.0
6	__protein1_rbs	1.8	0.0	0.0
6	__protein2_rbs	0.0	0.0	0.0
6	__protein3_rbs	0.0	0.0	0.0
6	__ribosome	94.6	0.0	0.0
6	__rnase_site_ext	3.8	0.0	0.0
6	p0	1.0	0.0	0.0
6	p2	1.0	0.0	0.0
6	protein1	0.0	3.2	1.6833334
6	rnapol	0.4	0.0	0.0
7	__protein1_rbs	1.0	0.0	0.0
7	__protein2_rbs	0.0	0.0	0.0
7	__protein3_rbs	0.0	0.0	0.0
7	__ribosome	92.0	0.0	0.0
7	__rnase_site_ext	4.2	0.0	0.0
7	p0	0.6	0.0	0.0
7	p2	1.0	0.0	0.0
7	protein1	0.0	3.6	2.2
7	rnapol	0.0	0.0	0.0
8	__protein1_rbs	1.2	0.0	0.0
8	__protein2_rbs	0.0	0.0	0.0
8	__protein3_rbs	0.0	0.0	0.0
8	__ribosome	90.2	0.0	0.0
8	__rnase_site_ext	4.2	0.0	0.0
8	p0	1.0	0.0	0.0
8	p2	1.0	0.0	0.0
8	protein1	0.6	3.8	2.5666666
8	rnapol	0.0	0.0	0.0
9	__protein1_rbs	1.8	0.0	0.0
9	__protein2_rbs	0.0	0.0	0.0
9	__protein3_rbs	0.0	0.0	0.0
9	__ribosome	89.6	0.0	0.0
9	__rnase_site_ext	4.0	0.0	0.0
9	p0	1.0	0.0	0.0
9	p2	1.0	0.0	0.0
9	protein1	2.0	3.8	2.7333334
9	rnapol	0.0	0.0	0.0
10	__protein1_rbs	1.2	0.0	0.0
10	__protein2_rbs	0.6	0.0	0.0
10	__protein3_rbs	0.0	0.0	0.0
10	__ribosome	88.4	0.0	0.0
10	__rnase_site_ext	4.0	0.0	0.0
10	p0	1.0	0.0	0.0
10	p2	1.0	0.0	0.0
10	protein1	3.8	3.8	3.0
10	protein2	0.0	0.8	0.2
10	rnapol	0.0	0.0	0.0
11	__protein1_rbs	1.8	0.0	0.0
11	__protein2_rbs	0.6	0.0	0.0
11	__protein3_rbs	0.0	0.0	0.0
11	__ribosome	87.0	0.0	0.0
11	__rnase_site_ext	4.0	0.0	0.0
11	p0	1.0	0.0	0.0
11	p2	1.0	0.0	0.0
11	protein1	5.2	3.8	3.2
11	protein2	0.0	1.2	0.7
11	rnapol	0.0	0.0	0.0
12	__protein1_rbs	1.0	0.0	0.0
12	__protein2_rbs	1.0	0.0	0.0
12	__protein3_rbs	0.0	0.0	0.0
12	__ribosome	85.6	0.0	0.0
12	__rnase_site_ext	4.0	0.0	0.0
12	p0	1.0	0.0	0.0
12	p2	1.0	0.0	0.0
12	protein1	7.4	3.8	3.2833334
12	protein2	0.0	2.2	0.9
12	rnapol	0.0	0.0	0.0
13	__protein1_rbs	1.6	0.0	0.0
13	__protein2_rbs	1.0	0.0	0.0
13	__protein3_rbs	0.0	0.0	0.0
13	__ribosome	84.4	0.0	0.0
13	__rnase_site_ext	4.0	0.0	0.0
13	p0	1.0	0.0	0.0
13	p2	1.0	0.0	0.0
13	protein1	10.0	3.8	3.1666666
13	protein2	0.0	2.6	1.3333334
13	rnapol	0.0	0.0	0.0
14	__protein1_rbs	0.8	0.0	0.0
14	__protein2_rbs	1.2	0.0	0.0
14	__protein3_rbs	0.0	0.0	0.0
14	__ribosome	82.0	0.0	0.0
14	__rnase_site_ext	3.8	0.0	0.0
14	p0	1.0	0.0	0.0
14	p2	0.8	0.0	0.0
14	protein1	12.4	3.8	3.2
14	protein2	0.0	3.4	1.6833332
14	rnapol	0.0	0.0	0.0
15	__protein1_rbs	1.6	0.0	0.0
15	__protein2_rbs	1.6	0.0	0.0
15	__protein3_rbs	0.0	0.0	0.0
15	__ribosome	80.6	0.0	0.0
15	__rnase_site_ext	3.8	0.0	0.0
15	p0	1.0	0.0	0.0
15	p2	0.2	0.0	0.0
15	protein1	14.6	3.6	3.2833332000000004
15	protein2	0.2	3.8	2.0166666
15	rnapol	0.0	0.0	0.0
16	__protein1_rbs	0.8	0.0	0.0
16	__protein2_rbs	1.0	0.0	0.0
16	__protein3_rbs	0.0	0.0	0.0
16	__ribosome	78.0	0.0	0.0
16	__rnase_site_ext	3.8	0.0	0.0
16	p0	1.0	0.0	0.0
16	p2	0.2	0.0	0.0
16	protein1	16.6	3.6	3.4166668
16	protein2	0.6	4.0	2.45
16	rnapol	0.0	0.0	0.0
17	__protein1_rbs	1.6	0.0	0.0
17	__protein2_rbs	1.6	0.0	0.0
17	__protein3_rbs	0.0	0.0	0.0
17	__ribosome	78.0	0.0	0.0
17	__rnase_site_ext	3.6	0.0	0.0
17	p0	0.8	0.0	0.0
17	p2	0.0	0.0	0.0
17	protein1	19.2	3.6	3.1666666
17	protein2	2.0	4.0	2.65
17	rnapol	0.2	0.0	0.0
18	__protein1_rbs	0.6	0.0	0.0
18	__protein2_rbs	1.6	0.0	0.0
18	__protein3_rbs	0.0	0.0	0.0
18	__ribosome	77.2	0.0	0.0
18	__rnase_site_ext	4.0	0.0	0.0
18	p0	0.8	0.0	0.0
18	p2	0.0	0.0	0.0
18	protein1	21.4	3.4	3.4166668
18	protein2	3.4	4.0	2.8
18	rnapol	0.4	0.0	0.0
19	__protein1_rbs	2.6	0.0	0.0
19	__protein2_rbs	1.2	0.0	0.0
19	__protein3_rbs	0.0	0.0	0.0
19	__ribosome	78.0	0.0	0.0
19	__rnase_site_ext	4.2	0.0	0.0
19	p0	0.8	0.0	0.0
19	p2	0.0	0.0	0.0
19	protein1	23.8	3.8	2.6666666
19	protein2	5.8	4.0	2.95
19	rnapol	0.8	0.0	0.0
20	__protein1_rbs	1.6	0.0	0.0
20	__protein2_rbs	0.6	0.0	0.0
20	__protein3_rbs	0.0	0.0	0.0
20	__ribosome	77.2	0.0	0.0
20	__rnase_site_ext	4.8	0.0	0.0
20	p0	0.6	0.0	0.0
20	p2	0.2	0.0	0.0
20	protein1	25.8	4.0	2.6100000000000003
20	protein2	8.0	4.0	3.05
20	rnapol	0.4	0.0	0.0
21	__protein1_rbs	1.8	0.0	0.0
21	__protein2_rbs	1.8	0.0	0.0
21	__protein3_rbs	0.2	0.0	0.0
21	__ribosome	77.6	0.0	0.0
21	__rnase_site_ext	5.2	0.0	0.0
21	p0	0.4	0.0	0.0
21	p2	0.6	0.0	0.0
21	protein1	28.6	4.4	2.3666666000000003
21	protein2	10.0	4.0	3.05
21	protein3	0.0	0.2	0.0
21	rnapol	0.4	0.0	0.0
22	__protein1_rbs	1.4	0.0	0.0
22	__protein2_rbs	1.2	0.0	0.0
22	__protein3_rbs	0.2	0.0	0.0
22	__ribosome	75.2	0.0	0.0
22	__rnase_site_ext	5.2	0.0	0.0
22	p0	1.0	0.0	0.0
22	p2	1.0	0.0	0.0
22	protein1	29.8	4.6	2.55
22	protein2	12.2	4.0	3.15
22	protein3	0.0	0.6	0.3
22	rnapol	0.6	0.0	0.0
23	__protein1_rbs	1.0	0.0	0.0
23	__protein2_rbs	1.2	0.0	0.0
23	__protein3_rbs	0.2	0.0	0.0
23	__ribosome	72.4	0.0	0.0
23	__rnase_site_ext	5.6	0.0	0.0
23	p0	0.4	0.0	0.0
23	p2	1.0	0.0	0.0
23	protein1	32.0	5.2	2.6166666000000003
23	protein2	14.0	3.8	3.4833334
23	protein3	0.0	0.8	0.7
23	rnapol	0.4	0.0	0.0
24	__protein1_rbs	2.2	0.0	0.0
24	__protein2_rbs	1.8	0.0	0.0
24	__protein3_rbs	0.2	0.0	0.0
24	__ribosome	72.0	0.0	0.0
24	__rnase_site_ext	6.0	0.0	0.0
24	p0	0.8	0.0	0.0
24	p2	1.0	0.0	0.0
24	protein1	33.6	5.4	2.74
24	protein2	17.0	3.8	3.2166666
24	protein3	0.0	0.8	1.2
24	rnapol	0.2	0.0	0.0
25	__protein1_rbs	2.6	0.0	0.0
25	__protein2_rbs	1.8	0.0	0.0
25	__protein3_rbs	0.0	0.0	0.0
25	__ribosome	70.6	0.0	0.0
25	__rnase_site_ext	6.0	0.0	0.0
25	p0	1.0	0.0	0.0
25	p2	1.0	0.0	0.0
25	protein1	35.8	5.8	2.632381
25	protein2	19.2	3.8	3.0666666
25	protein3	0.0	1.0	2.0
25	rnapol	0.2	0.0	0.0
26	__protein1_rbs	2.6	0.0	0.0
26	__protein2_rbs	1.0	0.0	0.0
26	__protein3_rbs	0.8	0.0	0.0
26	__ribosome	70.0	0.0	0.0
26	__rnase_site_ext	6.2	0.0	0.0
26	p0	0.8	0.0	0.0
26	p2	1.0	0.0	0.0
26	protein1	38.6	5.8	2.6619046
26	protein2	21.8	4.0	3.0
26	protein3	0.0	1.0	2.2
26	rnapol	0.2	0.0	0.0
27	__protein1_rbs	2.8	0.0	0.0
27	__protein2_rbs	2.0	0.0	0.0
27	__protein3_rbs	0.2	0.0	0.0
27	__ribosome	68.8	0.0	0.0
27	__rnase_site_ext	6.0	0.0	0.0
27	p0	1.0	0.0	0.0
27	p2	1.0	0.0	0.0
27	protein1	41.0	6.0	2.727619
27	protein2	24.2	4.2	2.7366666000000004
27	protein3	0.6	1.0	2.6
27	rnapol	0.4	0.0	0.0
28	__protein1_rbs	2.4	0.0	0.0
28	__protein2_rbs	2.0	0.0	0.0
28	__protein3_rbs	0.4	0.0	0.0
28	__ribosome	69.2	0.0	0.0
28	__rnase_site_ext	6.4	0.0	0.0
28	p0	0.6	0.0	0.0
28	p2	1.0	0.0	0.0
28	protein1	44.4	5.8	2.7171428000000004
28	protein2	26.8	4.4	2.72
28	protein3	1.0	1.0	2.7
28	rnapol	0.4	0.0	0.0
29	__protein1_rbs	2.6	0.0	0.0
29	__protein2_rbs	2.6	0.0	0.0
29	__protein3_rbs	0.4	0.0	0.0
29	__ribosome	68.2	0.0	0.0
29	__rnase_site_ext	6.4	0.0	0.0
29	p0	1.0	0.0	0.0
29	p2	1.0	0.0	0.0
29	protein1	47.4	5.8	2.7628572
29	protein2	28.6	5.0	2.58
29	protein3	1.8	1.0	2.6
29	rnapol	0.4	0.0	0.0
30	__protein1_rbs	2.4	0.0	0.0
30	__protein2_rbs	1.4	0.0	0.0
30	__protein3_rbs	0.0	0.0	0.0
30	__ribosome	65.8	0.0	0.0
30	__rnase_site_ext	6.4	0.0	0.0
30	p0	1.0	0.0	0.0
30	p2	1.0	0.0	0.0
30	protein1	50.0	6.2	2.7085714
30	protein2	30.8	5.0	2.7966666
30	protein3	2.2	1.0	3.0
30	rnapol	0.6	0.0	0.0
31	__protein1_rbs	2.0	0.0	0.0
31	__protein2_rbs	2.0	0.0	0.0
31	__protein3_rbs	0.4	0.0	0.0
31	__ribosome	65.4	0.0	0.0
31	__rnase_site_ext	6.6	0.0	0.0
31	p0	0.6	0.0	0.0
31	p2	0.8	0.0	0.0
31	protein1	53.2	6.2	2.8038096
31	protein2	33.6	5.8	2.5323808
31	protein3	2.8	1.0	2.6
31	rnapol	0.2	0.0	0.0
32	__protein1_rbs	3.2	0.0	0.0
32	__protein2_rbs	2.6	0.0	0.0
32	__protein3_rbs	0.6	0.0	0.0
32	__ribosome	65.8	0.0	0.0
32	__rnase_site_ext	6.8	0.0	0.0
32	p0	1.0	0.0	0.0
32	p2	0.4	0.0	0.0
32	protein1	56.6	6.2	2.7447618
32	protein2	36.0	6.0	2.5509524000000003
32	protein3	3.6	1.0	2.3
32	rnapol	0.2	0.0	0.0
33	__protein1_rbs	2.6	0.0	0.0
33	__protein2_rbs	2.2	0.0	0.0
33	__protein3_rbs	0.4	0.0	0.0
33	__ribosome	64.0	0.0	0.0
33	__rnase_site_ext	6.6	0.0	0.0
33	p0	1.0	0.0	0.0
33	p2	0.6	0.0	0.0
33	protein1	60.2	6.6	2.5000002
33	protein2	37.8	6.2	2.704762
33	protein3	4.4	1.0	2.1
33	rnapol	0.2	0.0	0.0
34	__protein1_rbs	2.6	0.0	0.0
34	__protein2_rbs	3.0	0.0	0.0
34	__protein3_rbs	0.4	0.0	0.0
34	__ribosome	64.2	0.0	0.0
34	__rnase_site_ext	6.6	0.0	0.0
34	p0	1.0	0.0	0.0
34	p2	0.2	0.0	0.0
34	protein1	63.2	6.4	2.7333332
34	protein2	41.6	6.2	2.5438094
34	protein3	4.8	1.0	2.0
34	rnapol	0.6	0.0	0.0
35	__protein1_rbs	2.4	0.0	0.0
35	__protein2_rbs	2.6	0.0	0.0
35	__protein3_rbs	0.4	0.0	0.0
35	__ribosome	62.4	0.0	0.0
35	__rnase_site_ext	7.0	0.0	0.0
35	p0	1.0	0.0	0.0
35	p2	0.8	0.0	0.0
35	protein1	66.2	6.4	2.7666666
35	protein2	43.8	6.4	2.7333334
35	protein3	5.4	1.0	2.2
35	rnapol	0.4	0.0	0.0
36	__protein1_rbs	3.4	0.0	0.0
36	__protein2_rbs	3.0	0.0	0.0
36	__protein3_rbs	0.4	0.0	0.0
36	__ribosome	63.8	0.0	0.0
36	__rnase_site_ext	7.2	0.0	0.0
36	p0	0.8	0.0	0.0
36	p2	0.2	0.0	0.0
36	protein1	69.8	6.8	2.4238094
36	protein2	46.6	6.2	2.8333334
36	protein3	6.2	1.0	1.9
36	rnapol	0.8	0.0	0.0
37	__protein1_rbs	1.8	0.0	0.0
37	__protein2_rbs	3.0	0.0	0.0
37	__protein3_rbs	0.4	0.0	0.0
37	__ribosome	62.0	0.0	0.0
37	__rnase_site_ext	7.0	0.0	0.0
37	p0	0.8	0.0	0.0
37	p2	0.4	0.0	0.0
37	protein1	72.4	6.8	2.7190478
37	protein2	50.2	6.4	2.6695237999999994
37	protein3	6.6	1.0	2.1
37	rnapol	0.8	0.0	0.0
38	__protein1_rbs	2.8	0.0	0.0
38	__protein2_rbs	2.2	0.0	0.0
38	__protein3_rbs	0.4	0.0	0.0
38	__ribosome	62.8	0.0	0.0
38	__rnase_site_ext	7.4	0.0	0.0
38	p0	0.2	0.0	0.0
38	p2	0.4	0.0	0.0
38	protein1	76.0	7.0	2.5595237999999996
38	protein2	54.2	6.4	2.5571426
38	protein3	6.8	1.0	2.4
38	rnapol	0.6	0.0	0.0
39	__protein1_rbs	2.6	0.0	0.0
39	__protein2_rbs	3.0	0.0	0.0
39	__protein3_rbs	0.4	0.0	0.0
39	__ribosome	63.4	0.0	0.0
39	__rnase_site_ext	7.4	0.0	0.0
39	p0	1.0	0.0	0.0
39	p2	0.8	0.0	0.0
39	protein1	80.6	6.8	2.5285714
39	protein2	57.0	6.4	2.6333333999999997
39	protein3	7.6	1.0	2.2
39	rnapol	0.8	0.0	0.0
40	__protein1_rbs	2.4	0.0	0.0
40	__protein2_rbs	3.2	0.0	0.0
40	__protein3_rbs	0.6	0.0	0.0
40	__ribosome	60.4	0.0	0.0
40	__rnase_site_ext	7.4	0.0	0.0
40	p0	0.8	0.0	0.0
40	p2	1.0	0.0	0.0
40	protein1	82.8	7.2	2.7535716
40	protein2	60.0	6.6	2.6095238000000003
40	protein3	8.0	1.0	2.2
40	rnapol	0.6	0.0	0.0
41	__protein1_rbs	2.6	0.0	0.0
41	__protein2_rbs	2.8	0.0	0.0
41	__protein3_rbs	0.6	0.0	0.0
41	__ribosome	60.2	0.0	0.0
41	__rnase_site_ext	7.8	0.0	0.0
41	p0	0.4	0.0	0.0
41	p2	0.8	0.0	0.0
41	protein1	86.4	7.2	2.8174602
41	protein2	63.4	6.8	2.5380952000000003
41	protein3	8.4	0.8	inf
41	rnapol	0.2	0.0	0.0
42	__protein1_rbs	3.4	0.0	0.0
42	__protein2_rbs	3.6	0.0	0.0
42	__protein3_rbs	0.6	0.0	0.0
42	__ribosome	59.6	0.0	0.0
42	__rnase_site_ext	8.2	0.0	0.0
42	p0	0.8	0.0	0.0
42	p2	0.8	0.0	0.0
42	protein1	89.2	7.4	2.8361906
42	protein2	66.2	6.8	2.5666666000000005
42	protein3	9.0	1.0	2.1
42	rnapol	0.2	0.0	0.0
43	__protein1_rbs	2.4	0.0	0.0
43	__protein2_rbs	3.4	0.0	0.0
43	__protein3_rbs	0.2	0.0	0.0
43	__ribosome	58.0	0.0	0.0
43	__rnase_site_ext	8.2	0.0	0.0
43	p0	0.8	0.0	0.0
43	p2	0.8	0.0	0.0
43	protein1	93.2	7.8	2.875238
43	protein2	69.2	6.8	2.6380952
43	protein3	9.8	1.0	2.0
43	rnapol	0.0	0.0	0.0
44	__protein1_rbs	3.4	0.0	0.0
44	__protein2_rbs	3.0	0.0	0.0
44	__protein3_rbs	0.6	0.0	0.0
44	__ribosome	58.6	0.0	0.0
44	__rnase_site_ext	8.2	0.0	0.0
44	p0	1.0	0.0	0.0
44	p2	0.8	0.0	0.0
44	protein1	96.8	7.8	2.8919048
44	protein2	73.2	7.0	2.4416666
44	protein3	10.2	1.0	1.8
44	rnapol	0.2	0.0	0.0
45	__protein1_rbs	3.2	0.0	0.0
45	__protein2_rbs	2.6	0.0	0.0
45	__protein3_rbs	0.2	0.0	0.0
45	__ribosome	57.2	0.0	0.0
45	__rnase_site_ext	8.2	0.0	0.0
45	p0	1.0	0.0	0.0
45	p2	0.6	0.0	0.0
45	protein1	101.8	8.0	2.7864286
45	protein2	76.8	7.4	2.4333334
45	protein3	10.4	1.0	2.3
45	rnapol	0.2	0.0	0.0
46	__protein1_rbs	3.0	0.0	0.0
46	__protein2_rbs	5.6	0.0	0.0
46	__protein3_rbs	0.4	0.0	0.0
46	__ribosome	58.8	0.0	0.0
46	__rnase_site_ext	8.2	0.0	0.0
46	p0	0.8	0.0	0.0
46	p2	0.8	0.0	0.0
46	protein1	105.6	8.0	2.8428572
46	protein2	80.4	7.4	2.1226192000000004
46	protein3	10.8	1.0	2.4
46	rnapol	0.0	0.0	0.0
47	__protein1_rbs	4.0	0.0	0.0
47	__protein2_rbs	3.4	0.0	0.0
47	__protein3_rbs	0.6	0.0	0.0
47	__ribosome	56.2	0.0	0.0
47	__rnase_site_ext	8.6	0.0	0.0
47	p0	0.8	0.0	0.0
47	p2	1.0	0.0	0.0
47	protein1	109.2	8.0	2.9114286
47	protein2	83.4	8.0	2.2277777999999997
47	protein3	11.2	1.0	2.4
47	rnapol	0.0	0.0	0.0
48	__protein1_rbs	3.8	0.0	0.0
48	__protein2_rbs	3.6	0.0	0.0
48	__protein3_rbs	0.6	0.0	0.0
48	__ribosome	54.8	0.0	0.0
48	__rnase_site_ext	8.4	0.0	0.0
48	p0	1.0	0.0	0.0
48	p2	0.8	0.0	0.0
48	protein1	113.6	8.2	2.8235714
48	protein2	86.2	8.2	2.3690474
48	protein3	11.8	1.0	2.2
48	rnapol	0.4	0.0	0.0
49	__protein1_rbs	3.2	0.0	0.0
49	__protein2_rbs	4.8	0.0	0.0
49	__protein3_rbs	0.4	0.0	0.0
49	__ribosome	55.0	0.0	0.0
49	__rnase_site_ext	8.0	0.0	0.0
49	p0	0.8	0.0	0.0
49	p2	0.6	0.0	0.0
49	protein1	118.4	8.2	2.815
49	protein2	90.2	8.4	2.3123016
49	protein3	12.4	1.0	2.3
49	rnapol	0.2	0.0	0.0
50	__protein1_rbs	4.2	0.0	0.0
50	__protein2_rbs	4.2	0.0	0.0
50	__protein3_rbs	0.6	0.0	0.0
50	__ribosome	54.0	0.0	0.0
50	__rnase_site_ext	8.2	0.0	0.0
50	p0	0.8	0.0	0.0
50	p2	0.4	0.0	0.0
50	protein1	122.2	8.0	2.8771428
50	protein2	93.6	9.0	2.2977778
50	protein3	13.0	1.0	2.1
50	rnapol	0.0	0.0	0.0
51	__protein1_rbs	2.8	0.0	0.0
51	__protein2_rbs	4.6	0.0	0.0
51	__protein3_rbs	0.2	0.0	0.0
51	__ribosome	54.0	0.0	0.0
51	__rnase_site_ext	8.4	0.0	0.0
51	p0	0.8	0.0	0.0
51	p2	0.6	0.0	0.0
51	protein1	127.6	8.0	2.7686508000000005
51	protein2	97.4	9.0	2.3538888
51	protein3	13.8	1.0	2.2
51	rnapol	0.2	0.0	0.0
52	__protein1_rbs	3.6	0.0	0.0
52	__protein2_rbs	4.2	0.0	0.0
52	__protein3_rbs	0.4	0.0	0.0
52	__ribosome	52.2	0.0	0.0
52	__rnase_site_ext	8.0	0.0	0.0
52	p0	0.8	0.0	0.0
52	p2	0.2	0.0	0.0
52	protein1	132.2	8.0	2.8150794
52	protein2	100.8	9.0	2.493889
52	protein3	14.4	1.0	2.3
52	rnapol	0.0	0.0	0.0
53	__protein1_rbs	3.6	0.0	0.0
53	__protein2_rbs	3.0	0.0	0.0
53	__protein3_rbs	0.6	0.0	0.0
53	__ribosome	49.2	0.0	0.0
53	__rnase_site_ext	7.8	0.0	0.0
53	p0	0.8	0.0	0.0
53	p2	0.8	0.0	0.0
53	protein1	136.0	7.6	2.9900794
53	protein2	104.4	9.2	2.733889
53	protein3	14.6	1.2	2.6
53	rnapol	0.0	0.0	0.0
54	__protein1_rbs	3.0	0.0	0.0
54	__protein2_rbs	4.6	0.0	0.0
54	__protein3_rbs	0.6	0.0	0.0
54	__ribosome	49.2	0.0	0.0
54	__rnase_site_ext	8.0	0.0	0.0
54	p0	1.0	0.0	0.0
54	p2	0.6	0.0	0.0
54	protein1	139.2	7.6	3.1833332000000003
54	protein2	109.6	9.2	2.6311112000000003
54	protein3	15.6	1.4	2.1
54	rnapol	0.4	0.0	0.0
55	__protein1_rbs	2.8	0.0	0.0
55	__protein2_rbs	4.4	0.0	0.0
55	__protein3_rbs	0.2	0.0	0.0
55	__ribosome	49.2	0.0	0.0
55	__rnase_site_ext	8.4	0.0	0.0
55	p0	0.6	0.0	0.0
55	p2	0.2	0.0	0.0
55	protein1	145.2	7.8	2.9166666
55	protein2	114.4	9.0	2.7577778000000004
55	protein3	15.6	1.4	3.0
55	rnapol	0.0	0.0	0.0
56	__protein1_rbs	4.2	0.0	0.0
56	__protein2_rbs	3.8	0.0	0.0
56	__protein3_rbs	1.2	0.0	0.0
56	__ribosome	48.2	0.0	0.0
56	__rnase_site_ext	8.6	0.0	0.0
56	p0	1.0	0.0	0.0
56	p2	0.2	0.0	0.0
56	protein1	149.0	8.2	2.7376984
56	protein2	117.6	9.0	2.9072222
56	protein3	16.2	1.6	2.5
56	rnapol	0.2	0.0	0.0
57	__protein1_rbs	3.4	0.0	0.0
57	__protein2_rbs	5.0	0.0	0.0
57	__protein3_rbs	0.6	0.0	0.0
57	__ribosome	48.8	0.0	0.0
57	__rnase_site_ext	8.2	0.0	0.0
57	p0	1.0	0.0	0.0
57	p2	0.8	0.0	0.0
57	protein1	153.6	8.4	2.6861109999999995
57	protein2	122.8	8.6	2.8755556
57	protein3	16.6	1.6	2.8
57	rnapol	0.4	0.0	0.0
58	__protein1_rbs	3.6	0.0	0.0
58	__protein2_rbs	5.2	0.0	0.0
58	__protein3_rbs	1.0	0.0	0.0
58	__ribosome	52.0	0.0	0.0
58	__rnase_site_ext	8.4	0.0	0.0
58	p0	0.6	0.0	0.0
58	p2	0.8	0.0	0.0
58	protein1	157.2	8.2	2.7722223999999995
58	protein2	129.2	8.6	2.5216666
58	protein3	17.6	1.6	2.4
58	rnapol	0.4	0.0	0.0
59	__protein1_rbs	3.4	0.0	0.0
59	__protein2_rbs	3.6	0.0	0.0
59	__protein3_rbs	0.4	0.0	0.0
59	__ribosome	51.4	0.0	0.0
59	__rnase_site_ext	8.6	0.0	0.0
59	p0	0.8	0.0	0.0
59	p2	1.0	0.0	0.0
59	protein1	163.0	8.0	2.7178572
59	protein2	133.0	8.8	2.6049999999999995
59	protein3	18.4	1.6	2.6
59	rnapol	0.8	0.0	0.0
60	__protein1_rbs	4.2	0.0	0.0
60	__protein2_rbs	4.0	0.0	0.0
60	__protein3_rbs	0.6	0.0	0.0
60	__ribosome	53.0	0.0	0.0
60	__rnase_site_ext	9.0	0.0	0.0
60	p0	0.6	0.0	0.0
60	p2	0.6	0.0	0.0
60	protein1	166.8	8.4	2.5878572
60	protein2	138.4	9.0	2.4277778
60	protein3	19.6	1.8	2.1
60	rnapol	0.6	0.0	0.0
61	__protein1_rbs	4.4	0.0	0.0
61	__protein2_rbs	4.2	0.0	0.0
61	__protein3_rbs	0.4	0.0	0.0
61	__ribosome	53.0	0.0	0.0
61	__rnase_site_ext	9.2	0.0	0.0
61	p0	1.0	0.0	0.0
61	p2	0.6	0.0	0.0
61	protein1	170.8	8.6	2.5409524
61	protein2	143.0	9.0	2.325
61	protein3	20.0	1.8	2.5
61	rnapol	0.4	0.0	0.0
62	__protein1_rbs	4.4	0.0	0.0
62	__protein2_rbs	5.2	0.0	0.0
62	__protein3_rbs	0.2	0.0	0.0
62	__ribosome	51.6	0.0	0.0
62	__rnase_site_ext	9.2	0.0	0.0
62	p0	0.8	0.0	0.0
62	p2	0.8	0.0	0.0
62	protein1	175.6	9.0	2.3928572000000004
62	protein2	146.6	9.4	2.2744444
62	protein3	20.8	1.8	3.1
62	rnapol	0.4	0.0	0.0
63	__protein1_rbs	4.0	0.0	0.0
63	__protein2_rbs	3.8	0.0	0.0
63	__protein3_rbs	1.4	0.0	0.0
63	__ribosome	49.4	0.0	0.0
63	__rnase_site_ext	9.6	0.0	0.0
63	p0	0.4	0.0	0.0
63	p2	0.8	0.0	0.0
63	protein1	180.0	8.8	2.4668254000000003
63	protein2	149.8	9.6	2.5038384
63	protein3	21.6	1.6	3.1
63	rnapol	0.2	0.0	0.0
64	__protein1_rbs	4.8	0.0	0.0
64	__protein2_rbs	4.6	0.0	0.0
64	__protein3_rbs	1.0	0.0	0.0
64	__ribosome	50.2	0.0	0.0
64	__rnase_site_ext	9.8	0.0	0.0
64	p0	0.8	0.0	0.0
64	p2	0.6	0.0	0.0
64	protein1	184.0	9.0	2.5028572000000002
64	protein2	155.2	9.6	2.4177272000000003
64	protein3	22.6	1.6	2.7
64	rnapol	0.2	0.0	0.0
65	__protein1_rbs	5.2	0.0	0.0
65	__protein2_rbs	4.6	0.0	0.0
65	__protein3_rbs	0.8	0.0	0.0
65	__ribosome	49.0	0.0	0.0
65	__rnase_site_ext	10.0	0.0	0.0
65	p0	1.0	0.0	0.0
65	p2	0.8	0.0	0.0
65	protein1	188.0	9.6	2.3954544
65	protein2	159.0	9.2	2.6214646000000004
65	protein3	23.6	1.6	2.6
65	rnapol	0.4	0.0	0.0
66	__protein1_rbs	4.2	0.0	0.0
66	__protein2_rbs	5.2	0.0	0.0
66	__protein3_rbs	1.0	0.0	0.0
66	__ribosome	47.2	0.0	0.0
66	__rnase_site_ext	9.8	0.0	0.0
66	p0	0.8	0.0	0.0
66	p2	0.8	0.0	0.0
66	protein1	192.2	9.8	2.4931818
66	protein2	163.2	9.2	2.669192
66	protein3	25.0	1.6	2.4
66	rnapol	0.4	0.0	0.0
67	__protein1_rbs	5.2	0.0	0.0
67	__protein2_rbs	4.0	0.0	0.0
67	__protein3_rbs	0.6	0.0	0.0
67	__ribosome	46.6	0.0	0.0
67	__rnase_site_ext	9.6	0.0	0.0
67	p0	1.0	0.0	0.0
67	p2	0.6	0.0	0.0
67	protein1	197.4	9.4	2.460909
67	protein2	167.2	9.4	2.8133334
67	protein3	25.8	1.6	2.5
67	rnapol	0.4	0.0	0.0
68	__protein1_rbs	4.4	0.0	0.0
68	__protein2_rbs	5.2	0.0	0.0
68	__protein3_rbs	1.0	0.0	0.0
68	__ribosome	47.8	0.0	0.0
68	__rnase_site_ext	9.8	0.0	0.0
68	p0	0.8	0.0	0.0
68	p2	0.6	0.0	0.0
68	protein1	201.6	9.4	2.5754544
68	protein2	173.2	9.6	2.5577778
68	protein3	26.6	1.6	2.3
68	rnapol	0.2	0.0	0.0
69	__protein1_rbs	5.6	0.0	0.0
69	__protein2_rbs	4.6	0.0	0.0
69	__protein3_rbs	0.6	0.0	0.0
69	__ribosome	47.0	0.0	0.0
69	__rnase_site_ext	9.8	0.0	0.0
69	p0	1.0	0.0	0.0
69	p2	0.6	0.0	0.0
69	protein1	206.6	9.6	2.465909
69	protein2	178.0	9.8	2.6131312
69	protein3	27.0	1.8	2.7
69	rnapol	0.2	0.0	0.0
70	__protein1_rbs	2.8	0.0	0.0
70	__protein2_rbs	4.4	0.0	0.0
70	__protein3_rbs	1.0	0.0	0.0
70	__ribosome	45.6	0.0	0.0
70	__rnase_site_ext	10.0	0.0	0.0
70	p0	0.8	0.0	0.0
70	p2	1.0	0.0	0.0
70	protein1	211.0	9.6	2.6123377999999997
70	protein2	182.6	9.6	2.6463636000000004
70	protein3	27.8	2.0	2.7
70	rnapol	0.2	0.0	0.0
71	__protein1_rbs	5.6	0.0	0.0
71	__protein2_rbs	4.4	0.0	0.0
71	__protein3_rbs	0.8	0.0	0.0
71	__ribosome	45.4	0.0	0.0
71	__rnase_site_ext	10.2	0.0	0.0
71	p0	0.8	0.0	0.0
71	p2	0.6	0.0	0.0
71	protein1	215.6	9.8	2.5257574000000003
71	protein2	187.2	10.0	2.6788887999999997
71	protein3	29.0	2.0	2.6
71	rnapol	0.4	0.0	0.0
72	__protein1_rbs	4.6	0.0	0.0
72	__protein2_rbs	5.4	0.0	0.0
72	__protein3_rbs	0.6	0.0	0.0
72	__ribosome	47.0	0.0	0.0
72	__rnase_site_ext	10.2	0.0	0.0
72	p0	1.0	0.0	0.0
72	p2	0.4	0.0	0.0
72	protein1	220.6	9.8	2.5155844
72	protein2	192.6	10.2	2.4211112
72	protein3	29.8	2.0	2.65
72	rnapol	0.4	0.0	0.0
73	__protein1_rbs	4.4	0.0	0.0
73	__protein2_rbs	5.4	0.0	0.0
73	__protein3_rbs	0.6	0.0	0.0
73	__ribosome	47.0	0.0	0.0
73	__rnase_site_ext	10.0	0.0	0.0
73	p0	1.0	0.0	0.0
73	p2	0.6	0.0	0.0
73	protein1	225.0	9.8	2.5345454
73	protein2	198.4	10.4	2.3042930000000004
73	protein3	30.6	2.0	2.8
73	rnapol	0.6	0.0	0.0
74	__protein1_rbs	4.4	0.0	0.0
74	__protein2_rbs	5.4	0.0	0.0
74	__protein3_rbs	1.2	0.0	0.0
74	__ribosome	45.0	0.0	0.0
74	__rnase_site_ext	10.2	0.0	0.0
74	p0	0.8	0.0	0.0
74	p2	0.6	0.0	0.0
74	protein1	229.6	9.6	2.6255049999999995
74	protein2	202.0	10.2	2.4727272
74	protein3	31.6	2.2	2.45
74	rnapol	0.4	0.0	0.0
75	__protein1_rbs	5.4	0.0	0.0
75	__protein2_rbs	6.4	0.0	0.0
75	__protein3_rbs	1.6	0.0	0.0
75	__ribosome	48.4	0.0	0.0
75	__rnase_site_ext	10.6	0.0	0.0
75	p0	0.8	0.0	0.0
75	p2	0.8	0.0	0.0
75	protein1	235.4	9.8	2.344697
75	protein2	207.4	10.2	2.2681818
75	protein3	32.0	2.4	2.4
75	rnapol	0.4	0.0	0.0
76	__protein1_rbs	4.6	0.0	0.0
76	__protein2_rbs	3.8	0.0	0.0
76	__protein3_rbs	1.2	0.0	0.0
76	__ribosome	46.6	0.0	0.0
76	__rnase_site_ext	10.6	0.0	0.0
76	p0	0.8	0.0	0.0
76	p2	0.6	0.0	0.0
76	protein1	239.6	10.2	2.3477697999999996
76	protein2	212.8	10.2	2.3482322
76	protein3	33.0	2.4	2.3
76	rnapol	0.4	0.0	0.0
77	__protein1_rbs	5.6	0.0	0.0
77	__protein2_rbs	6.6	0.0	0.0
77	__protein3_rbs	0.8	0.0	0.0
77	__ribosome	46.8	0.0	0.0
77	__rnase_site_ext	10.8	0.0	0.0
77	p0	0.8	0.0	0.0
77	p2	0.6	0.0	0.0
77	protein1	244.6	10.2	2.2769232
77	protein2	217.0	10.4	2.3161812000000004
77	protein3	34.4	2.8	2.2133334
77	rnapol	0.2	0.0	0.0
78	__protein1_rbs	5.0	0.0	0.0
78	__protein2_rbs	4.8	0.0	0.0
78	__protein3_rbs	1.4	0.0	0.0
78	__ribosome	45.4	0.0	0.0
78	__rnase_site_ext	10.8	0.0	0.0
78	p0	1.0	0.0	0.0
78	p2	0.6	0.0	0.0
78	protein1	249.6	10.4	2.2893160000000004
78	protein2	222.0	10.2	2.4191917999999997
78	protein3	35.8	3.0	2.13
78	rnapol	0.2	0.0	0.0
79	__protein1_rbs	5.4	0.0	0.0
79	__protein2_rbs	4.6	0.0	0.0
79	__protein3_rbs	2.0	0.0	0.0
79	__ribosome	44.6	0.0	0.0
79	__rnase_site_ext	11.0	0.0	0.0
79	p0	0.8	0.0	0.0
79	p2	0.8	0.0	0.0
79	protein1	254.2	10.4	2.267094
79	protein2	226.4	10.4	2.5022728
79	protein3	37.0	3.2	2.02
79	rnapol	0.2	0.0	0.0
80	__protein1_rbs	5.0	0.0	0.0
80	__protein2_rbs	3.6	0.0	0.0
80	__protein3_rbs	2.6	0.0	0.0
80	__ribosome	43.0	0.0	0.0
80	__rnase_site_ext	11.0	0.0	0.0
80	p0	0.8	0.0	0.0
80	p2	1.0	0.0	0.0
80	protein1	259.6	10.4	2.3017093999999996
80	protein2	231.4	10.2	2.6462122000000003
80	protein3	37.6	3.4	1.9866666000000002
80	rnapol	0.4	0.0	0.0
81	__protein1_rbs	5.2	0.0	0.0
81	__protein2_rbs	5.0	0.0	0.0
81	__protein3_rbs	2.0	0.0	0.0
81	__ribosome	41.4	0.0	0.0
81	__rnase_site_ext	11.0	0.0	0.0
81	p0	0.6	0.0	0.0
81	p2	0.6	0.0	0.0
81	protein1	263.8	10.4	2.4098292000000003
81	protein2	236.6	10.4	2.5671717999999997
81	protein3	39.0	3.6	1.9666666000000002
81	rnapol	0.0	0.0	0.0
82	__protein1_rbs	4.2	0.0	0.0
82	__protein2_rbs	5.4	0.0	0.0
82	__protein3_rbs	1.8	0.0	0.0
82	__ribosome	39.8	0.0	0.0
82	__rnase_site_ext	11.0	0.0	0.0
82	p0	1.0	0.0	0.0
82	p2	0.8	0.0	0.0
82	protein1	268.0	10.4	2.5984128
82	protein2	241.8	10.4	2.4783334
82	protein3	40.0	3.6	2.2733332
82	rnapol	0.4	0.0	0.0
83	__protein1_rbs	5.6	0.0	0.0
83	__protein2_rbs	5.6	0.0	0.0
83	__protein3_rbs	2.6	0.0	0.0
83	__ribosome	42.4	0.0	0.0
83	__rnase_site_ext	10.6	0.0	0.0
83	p0	1.0	0.0	0.0
83	p2	0.8	0.0	0.0
83	protein1	273.4	10.8	2.4388892
83	protein2	247.2	10.4	2.3776610000000002
83	protein3	41.8	3.8	1.8933331999999998
83	rnapol	0.4	0.0	0.0
84	__protein1_rbs	5.6	0.0	0.0
84	__protein2_rbs	5.6	0.0	0.0
84	__protein3_rbs	2.0	0.0	0.0
84	__ribosome	42.2	0.0	0.0
84	__rnase_site_ext	11.0	0.0	0.0
84	p0	0.8	0.0	0.0
84	p2	0.6	0.0	0.0
84	protein1	278.2	10.4	2.434632
84	protein2	252.2	10.6	2.354965
84	protein3	42.8	3.8	2.0333334
84	rnapol	0.2	0.0	0.0
85	__protein1_rbs	6.0	0.0	0.0
85	__protein2_rbs	5.8	0.0	0.0
85	__protein3_rbs	1.8	0.0	0.0
85	__ribosome	43.4	0.0	0.0
85	__rnase_site_ext	11.4	0.0	0.0
85	p0	0.6	0.0	0.0
85	p2	0.8	0.0	0.0
85	protein1	283.2	10.6	2.3095814
85	protein2	258.2	10.8	2.2354467999999996
85	protein3	44.4	3.8	2.1400002
85	rnapol	0.2	0.0	0.0
86	__protein1_rbs	4.8	0.0	0.0
86	__protein2_rbs	5.8	0.0	0.0
86	__protein3_rbs	2.8	0.0	0.0
86	__ribosome	43.6	0.0	0.0
86	__rnase_site_ext	11.4	0.0	0.0
86	p0	1.0	0.0	0.0
86	p2	0.8	0.0	0.0
86	protein1	289.2	10.4	2.3066666
86	protein2	263.0	11.0	2.2506604
86	protein3	45.8	3.8	2.1066667999999997
86	rnapol	0.6	0.0	0.0
87	__protein1_rbs	5.0	0.0	0.0
87	__protein2_rbs	5.8	0.0	0.0
87	__protein3_rbs	1.0	0.0	0.0
87	__ribosome	41.8	0.0	0.0
87	__rnase_site_ext	11.4	0.0	0.0
87	p0	0.8	0.0	0.0
87	p2	0.8	0.0	0.0
87	protein1	294.6	10.8	2.2464646
87	protein2	267.4	11.0	2.336752
87	protein3	47.8	3.8	2.25
87	rnapol	0.6	0.0	0.0
88	__protein1_rbs	6.2	0.0	0.0
88	__protein2_rbs	6.0	0.0	0.0
88	__protein3_rbs	1.6	0.0	0.0
88	__ribosome	41.4	0.0	0.0
88	__rnase_site_ext	11.6	0.0	0.0
88	p0	0.8	0.0	0.0
88	p2	0.6	0.0	0.0
88	protein1	298.4	10.8	2.2347764000000003
88	protein2	272.8	11.2	2.2683760000000004
88	protein3	49.0	3.6	2.6
88	rnapol	0.4	0.0	0.0
89	__protein1_rbs	6.2	0.0	0.0
89	__protein2_rbs	5.8	0.0	0.0
89	__protein3_rbs	2.2	0.0	0.0
89	__ribosome	42.6	0.0	0.0
89	__rnase_site_ext	11.8	0.0	0.0
89	p0	0.8	0.0	0.0
89	p2	0.4	0.0	0.0
89	protein1	303.8	11.0	2.1173016
89	protein2	278.2	11.0	2.3297678
89	protein3	51.0	3.6	2.4
89	rnapol	0.2	0.0	0.0
90	__protein1_rbs	6.0	0.0	0.0
90	__protein2_rbs	4.6	0.0	0.0
90	__protein3_rbs	1.2	0.0	0.0
90	__ribosome	39.2	0.0	0.0
90	__rnase_site_ext	11.8	0.0	0.0
90	p0	1.0	0.0	0.0
90	p2	0.6	0.0	0.0
90	protein1	308.0	11.0	2.1814683999999995
90	protein2	283.0	11.4	2.3854701999999994
90	protein3	52.4	3.6	2.6666666
90	rnapol	0.4	0.0	0.0
91	__protein1_rbs	7.4	0.0	0.0
91	__protein2_rbs	6.4	0.0	0.0
91	__protein3_rbs	1.6	0.0	0.0
91	__ribosome	38.8	0.0	0.0
91	__rnase_site_ext	11.8	0.0	0.0
91	p0	0.8	0.0	0.0
91	p2	0.8	0.0	0.0
91	protein1	313.4	11.2	2.0599532
91	protein2	287.4	11.4	2.432137
91	protein3	53.4	3.8	2.8
91	rnapol	0.4	0.0	0.0
92	__protein1_rbs	5.6	0.0	0.0
92	__protein2_rbs	5.2	0.0	0.0
92	__protein3_rbs	2.8	0.0	0.0
92	__ribosome	38.6	0.0	0.0
92	__rnase_site_ext	12.0	0.0	0.0
92	p0	0.8	0.0	0.0
92	p2	0.8	0.0	0.0
92	protein1	318.0	11.2	2.1829836
92	protein2	293.4	11.8	2.4103962
92	protein3	56.4	3.8	2.2833334
92	rnapol	0.6	0.0	0.0
93	__protein1_rbs	7.2	0.0	0.0
93	__protein2_rbs	6.2	0.0	0.0
93	__protein3_rbs	2.0	0.0	0.0
93	__ribosome	38.8	0.0	0.0
93	__rnase_site_ext	11.8	0.0	0.0
93	p0	0.8	0.0	0.0
93	p2	0.6	0.0	0.0
93	protein1	322.8	11.4	2.1274892000000003
93	protein2	298.8	11.6	2.4707692000000003
93	protein3	58.0	4.0	2.2833334
93	rnapol	0.4	0.0	0.0
94	__protein1_rbs	6.8	0.0	0.0
94	__protein2_rbs	5.6	0.0	0.0
94	__protein3_rbs	2.4	0.0	0.0
94	__ribosome	37.2	0.0	0.0
94	__rnase_site_ext	12.2	0.0	0.0
94	p0	0.8	0.0	0.0
94	p2	0.8	0.0	0.0
94	protein1	327.2	11.2	2.18
94	protein2	303.6	11.8	2.530163
94	protein3	59.8	4.4	2.1366666000000003
94	rnapol	0.2	0.0	0.0
95	__protein1_rbs	5.2	0.0	0.0
95	__protein2_rbs	6.4	0.0	0.0
95	__protein3_rbs	2.2	0.0	0.0
95	__ribosome	37.2	0.0	0.0
95	__rnase_site_ext	12.2	0.0	0.0
95	p0	0.8	0.0	0.0
95	p2	0.6	0.0	0.0
95	protein1	333.0	11.4	2.1851947999999997
95	protein2	310.2	12.0	2.3945454
95	protein3	61.6	4.4	2.31
95	rnapol	0.2	0.0	0.0
96	__protein1_rbs	6.2	0.0	0.0
96	__protein2_rbs	6.6	0.0	0.0
96	__protein3_rbs	3.2	0.0	0.0
96	__ribosome	39.4	0.0	0.0
96	__rnase_site_ext	12.4	0.0	0.0
96	p0	0.8	0.0	0.0
96	p2	0.8	0.0	0.0
96	protein1	338.6	11.6	2.1360606
96	protein2	316.0	12.0	2.3666666000000003
96	protein3	63.8	4.4	1.9133332
96	rnapol	0.2	0.0	0.0
97	__protein1_rbs	7.0	0.0	0.0
97	__protein2_rbs	6.0	0.0	0.0
97	__protein3_rbs	2.4	0.0	0.0
97	__ribosome	38.8	0.0	0.0
97	__rnase_site_ext	12.4	0.0	0.0
97	p0	0.8	0.0	0.0
97	p2	0.6	0.0	0.0
97	protein1	343.0	11.8	2.1233334000000004
97	protein2	322.6	12.0	2.341282
97	protein3	65.2	4.6	1.9866666
97	rnapol	0.2	0.0	0.0
98	__protein1_rbs	6.8	0.0	0.0
98	__protein2_rbs	6.0	0.0	0.0
98	__protein3_rbs	2.6	0.0	0.0
98	__ribosome	37.0	0.0	0.0
98	__rnase_site_ext	12.8	0.0	0.0
98	p0	0.6	0.0	0.0
98	p2	0.8	0.0	0.0
98	protein1	347.4	11.6	2.2035430000000003
98	protein2	327.4	12.0	2.440909
98	protein3	67.2	4.6	1.9366666
98	rnapol	0.0	0.0	0.0
99	__protein1_rbs	6.4	0.0	0.0
99	__protein2_rbs	5.6	0.0	0.0
99	__protein3_rbs	2.0	0.0	0.0
99	__ribosome	36.4	0.0	0.0
99	__rnase_site_ext	12.6	0.0	0.0
99	p0	1.0	0.0	0.0
99	p2	0.6	0.0	0.0
99	protein1	352.4	12.2	2.154598
99	protein2	333.6	12.0	2.354329
99	protein3	69.2	4.6	2.0066666
99	rnapol	0.8	0.0	0.0
100	__protein1_rbs	6.4	0.0	0.0
100	__protein2_rbs	7.6	0.0	0.0
100	__protein3_rbs	3.4	0.0	0.0
100	__ribosome	38.8	0.0	0.0
100	__rnase_site_ext	13.2	0.0	0.0
100	p0	0.4	0.0	0.0
100	p2	0.6	0.0	0.0
100	protein1	358.2	12.2	2.1232518
100	protein2	338.6	11.8	2.3469696
100	protein3	71.4	4.8	1.69
100	rnapol	0.2	0.0	0.0
101	__protein1_rbs	7.0	0.0	0.0
101	__protein2_rbs	5.8	0.0	0.0
101	__protein3_rbs	1.8	0.0	0.0
101	__ribosome	36.2	0.0	0.0
101	__rnase_site_ext	12.8	0.0	0.0
101	p0	1.0	0.0	0.0
101	p2	0.6	0.0	0.0
101	protein1	363.2	12.4	2.1217316000000004
101	protein2	344.6	11.8	2.3854546
101	protein3	72.6	4.8	2.1
101	rnapol	0.4	0.0	0.0
102	__protein1_rbs	7.8	0.0	0.0
102	__protein2_rbs	7.6	0.0	0.0
102	__protein3_rbs	2.6	0.0	0.0
102	__ribosome	39.4	0.0	0.0
102	__rnase_site_ext	12.6	0.0	0.0
102	p0	0.6	0.0	0.0
102	p2	0.6	0.0	0.0
102	protein1	368.0	12.2	2.090909
102	protein2	351.6	12.0	2.1018183999999995
102	protein3	74.0	4.6	2.23
102	rnapol	0.2	0.0	0.0
103	__protein1_rbs	6.2	0.0	0.0
103	__protein2_rbs	5.8	0.0	0.0
103	__protein3_rbs	2.8	0.0	0.0
103	__ribosome	37.6	0.0	0.0
103	__rnase_site_ext	12.6	0.0	0.0
103	p0	0.8	0.0	0.0
103	p2	0.6	0.0	0.0
103	protein1	373.4	12.0	2.1450216
103	protein2	356.8	11.8	2.2074458
103	protein3	76.0	4.8	2.2433334
103	rnapol	0.4	0.0	0.0
104	__protein1_rbs	6.4	0.0	0.0
104	__protein2_rbs	5.6	0.0	0.0
104	__protein3_rbs	2.6	0.0	0.0
104	__ribosome	36.8	0.0	0.0
104	__rnase_site_ext	13.0	0.0	0.0
104	p0	1.0	0.0	0.0
104	p2	1.0	0.0	0.0
104	protein1	379.0	12.0	2.1378787999999997
104	protein2	362.4	12.2	2.2343356
104	protein3	78.4	4.8	2.1566666000000003
104	rnapol	0.4	0.0	0.0
105	__protein1_rbs	7.2	0.0	0.0
105	__protein2_rbs	7.8	0.0	0.0
105	__protein3_rbs	2.0	0.0	0.0
105	__ribosome	34.6	0.0	0.0
105	__rnase_site_ext	13.4	0.0	0.0
105	p0	0.6	0.0	0.0
105	p2	0.8	0.0	0.0
105	protein1	383.6	12.4	2.0984847999999996
105	protein2	366.6	12.2	2.2819814000000003
105	protein3	79.8	4.6	2.56
105	rnapol	0.4	0.0	0.0
106	__protein1_rbs	6.6	0.0	0.0
106	__protein2_rbs	7.2	0.0	0.0
106	__protein3_rbs	3.0	0.0	0.0
106	__ribosome	36.2	0.0	0.0
106	__rnase_site_ext	13.2	0.0	0.0
106	p0	1.0	0.0	0.0
106	p2	1.0	0.0	0.0
106	protein1	389.4	12.6	2.0417584
106	protein2	372.8	12.4	2.189627
106	protein3	82.2	4.6	2.41
106	rnapol	0.4	0.0	0.0
107	__protein1_rbs	6.8	0.0	0.0
107	__protein2_rbs	5.6	0.0	0.0
107	__protein3_rbs	2.0	0.0	0.0
107	__ribosome	35.0	0.0	0.0
107	__rnase_site_ext	13.2	0.0	0.0
107	p0	0.8	0.0	0.0
107	p2	0.8	0.0	0.0
107	protein1	395.0	12.6	2.0489676
107	protein2	378.8	12.8	2.1792542
107	protein3	84.6	4.6	2.4799999999999995
107	rnapol	0.4	0.0	0.0
108	__protein1_rbs	6.6	0.0	0.0
108	__protein2_rbs	9.2	0.0	0.0
108	__protein3_rbs	2.6	0.0	0.0
108	__ribosome	33.6	0.0	0.0
108	__rnase_site_ext	13.6	0.0	0.0
108	p0	0.8	0.0	0.0
108	p2	0.6	0.0	0.0
108	protein1	399.0	12.6	2.1944388
108	protein2	383.6	12.8	2.1200216000000003
108	protein3	86.4	4.6	2.5900000000000003
108	rnapol	0.4	0.0	0.0
109	__protein1_rbs	6.6	0.0	0.0
109	__protein2_rbs	6.8	0.0	0.0
109	__protein3_rbs	2.4	0.0	0.0
109	__ribosome	31.8	0.0	0.0
109	__rnase_site_ext	13.8	0.0	0.0
109	p0	0.8	0.0	0.0
109	p2	0.6	0.0	0.0
109	protein1	403.8	13.0	2.313207
109	protein2	389.4	13.2	2.0604396
109	protein3	89.2	4.6	2.41
109	rnapol	0.2	0.0	0.0
110	__protein1_rbs	8.0	0.0	0.0
110	__protein2_rbs	7.2	0.0	0.0
110	__protein3_rbs	3.0	0.0	0.0
110	__ribosome	34.2	0.0	0.0
110	__rnase_site_ext	13.6	0.0	0.0
110	p0	0.8	0.0	0.0
110	p2	0.6	0.0	0.0
110	protein1	409.8	13.0	2.1602827999999996
110	protein2	394.8	13.2	2.1079128
110	protein3	92.2	4.6	2.16
110	rnapol	0.2	0.0	0.0
111	__protein1_rbs	7.4	0.0	0.0
111	__protein2_rbs	8.0	0.0	0.0
111	__protein3_rbs	2.0	0.0	0.0
111	__ribosome	34.2	0.0	0.0
111	__rnase_site_ext	13.8	0.0	0.0
111	p0	0.8	0.0	0.0
111	p2	0.8	0.0	0.0
111	protein1	415.8	13.2	2.0672294
111	protein2	399.8	13.6	2.0780514
111	protein3	94.2	4.6	2.22
111	rnapol	0.2	0.0	0.0
112	__protein1_rbs	8.0	0.0	0.0
112	__protein2_rbs	5.4	0.0	0.0
112	__protein3_rbs	2.4	0.0	0.0
112	__ribosome	33.4	0.0	0.0
112	__rnase_site_ext	14.2	0.0	0.0
112	p0	1.0	0.0	0.0
112	p2	0.6	0.0	0.0
112	protein1	420.6	13.4	2.0233334000000003
112	protein2	407.0	13.8	2.1524132
112	protein3	96.2	4.4	2.3
112	rnapol	0.4	0.0	0.0
113	__protein1_rbs	7.6	0.0	0.0
113	__protein2_rbs	8.8	0.0	0.0
113	__protein3_rbs	3.0	0.0	0.0
113	__ribosome	34.2	0.0	0.0
113	__rnase_site_ext	14.4	0.0	0.0
113	p0	0.8	0.0	0.0
113	p2	0.6	0.0	0.0
113	protein1	426.8	13.8	1.980632
113	protein2	411.2	13.8	2.161644
113	protein3	98.6	4.6	1.9366666000000001
113	rnapol	0.2	0.0	0.0
114	__protein1_rbs	7.8	0.0	0.0
114	__protein2_rbs	6.0	0.0	0.0
114	__protein3_rbs	2.2	0.0	0.0
114	__ribosome	32.6	0.0	0.0
114	__rnase_site_ext	14.8	0.0	0.0
114	p0	0.8	0.0	0.0
114	p2	0.8	0.0	0.0
114	protein1	433.2	13.8	1.9341116000000003
114	protein2	417.6	13.8	2.246859
114	protein3	100.0	4.4	2.29
114	rnapol	0.2	0.0	0.0
115	__protein1_rbs	8.8	0.0	0.0
115	__protein2_rbs	8.2	0.0	0.0
115	__protein3_rbs	1.8	0.0	0.0
115	__ribosome	33.6	0.0	0.0
115	__rnase_site_ext	15.0	0.0	0.0
115	p0	0.8	0.0	0.0
115	p2	0.6	0.0	0.0
115	protein1	438.0	14.4	1.8597286
115	protein2	423.6	13.8	2.1827562
115	protein3	102.6	4.2	2.37
115	rnapol	0.4	0.0	0.0
116	__protein1_rbs	8.0	0.0	0.0
116	__protein2_rbs	7.0	0.0	0.0
116	__protein3_rbs	2.4	0.0	0.0
116	__ribosome	31.4	0.0	0.0
116	__rnase_site_ext	14.8	0.0	0.0
116	p0	0.8	0.0	0.0
116	p2	1.0	0.0	0.0
116	protein1	443.0	14.6	1.9483560000000002
116	protein2	429.8	13.8	2.2384616000000004
116	protein3	104.8	4.2	2.25
116	rnapol	0.2	0.0	0.0
117	__protein1_rbs	7.2	0.0	0.0
117	__protein2_rbs	8.8	0.0	0.0
117	__protein3_rbs	2.8	0.0	0.0
117	__ribosome	32.6	0.0	0.0
117	__rnase_site_ext	14.8	0.0	0.0
117	p0	1.0	0.0	0.0
117	p2	0.6	0.0	0.0
117	protein1	449.0	14.4	2.0304070000000003
117	protein2	436.2	13.6	2.1671796000000003
117	protein3	106.2	4.2	2.15
117	rnapol	0.4	0.0	0.0
118	__protein1_rbs	7.6	0.0	0.0
118	__protein2_rbs	8.6	0.0	0.0
118	__protein3_rbs	2.2	0.0	0.0
118	__ribosome	33.2	0.0	0.0
118	__rnase_site_ext	14.8	0.0	0.0
118	p0	0.8	0.0	0.0
118	p2	0.6	0.0	0.0
118	protein1	455.2	14.4	2.105378
118	protein2	442.6	13.4	2.0685714
118	protein3	108.2	4.4	2.09
118	rnapol	0.4	0.0	0.0
119	__protein1_rbs	8.4	0.0	0.0
119	__protein2_rbs	7.4	0.0	0.0
119	__protein3_rbs	3.4	0.0	0.0
119	__ribosome	31.4	0.0	0.0
119	__rnase_site_ext	15.2	0.0	0.0
119	p0	0.6	0.0	0.0
119	p2	0.8	0.0	0.0
119	protein1	460.2	14.4	2.2113446
119	protein2	448.4	13.6	2.0639928000000003
119	protein3	109.8	4.6	1.93
119	rnapol	0.0	0.0	0.0
120	__protein1_rbs	7.4	0.0	0.0
120	__protein2_rbs	9.2	0.0	0.0
120	__protein3_rbs	3.0	0.0	0.0
120	__ribosome	34.2	0.0	0.0
120	__rnase_site_ext	15.4	0.0	0.0
120	p0	0.8	0.0	0.0
120	p2	0.8	0.0	0.0
120	protein1	466.2	14.6	2.2477456
120	protein2	455.6	14.0	1.844643
120	protein3	112.6	4.6	1.67
120	rnapol	0.2	0.0	0.0
121	__protein1_rbs	8.8	0.0	0.0
121	__protein2_rbs	7.0	0.0	0.0
121	__protein3_rbs	3.4	0.0	0.0
121	__ribosome	32.2	0.0	0.0
121	__rnase_site_ext	15.4	0.0	0.0
121	p0	0.8	0.0	0.0
121	p2	0.8	0.0	0.0
121	protein1	472.4	15.0	2.2286862000000003
121	protein2	461.6	14.0	1.9178572
121	protein3	114.0	4.8	1.66
121	rnapol	0.2	0.0	0.0
122	__protein1_rbs	7.8	0.0	0.0
122	__protein2_rbs	9.2	0.0	0.0
122	__protein3_rbs	2.4	0.0	0.0
122	__ribosome	31.0	0.0	0.0
122	__rnase_site_ext	15.6	0.0	0.0
122	p0	1.0	0.0	0.0
122	p2	0.6	0.0	0.0
122	protein1	479.8	15.0	2.1871364
122	protein2	465.4	14.2	1.958205
122	protein3	115.4	4.8	1.84
122	rnapol	0.6	0.0	0.0
123	__protein1_rbs	9.8	0.0	0.0
123	__protein2_rbs	8.4	0.0	0.0
123	__protein3_rbs	2.6	0.0	0.0
123	__ribosome	32.6	0.0	0.0
123	__rnase_site_ext	16.0	0.0	0.0
123	p0	0.4	0.0	0.0
123	p2	1.0	0.0	0.0
123	protein1	486.6	15.2	2.0620702
123	protein2	471.2	14.4	1.9489118
123	protein3	117.8	4.8	1.73
123	rnapol	0.2	0.0	0.0
124	__protein1_rbs	9.2	0.0	0.0
124	__protein2_rbs	7.4	0.0	0.0
124	__protein3_rbs	2.6	0.0	0.0
124	__ribosome	30.6	0.0	0.0
124	__rnase_site_ext	15.8	0.0	0.0
124	p0	1.0	0.0	0.0
124	p2	0.6	0.0	0.0
124	protein1	491.8	15.2	2.0995612
124	protein2	476.8	14.6	1.9713421999999998
124	protein3	119.4	4.8	1.85
124	rnapol	0.2	0.0	0.0
125	__protein1_rbs	8.0	0.0	0.0
125	__protein2_rbs	10.0	0.0	0.0
125	__protein3_rbs	2.6	0.0	0.0
125	__ribosome	31.8	0.0	0.0
125	__rnase_site_ext	15.6	0.0	0.0
125	p0	0.8	0.0	0.0
125	p2	0.6	0.0	0.0
125	protein1	500.0	15.4	2.00293
125	protein2	482.4	14.6	1.9037104
125	protein3	121.0	4.8	1.98
125	rnapol	0.0	0.0	0.0
126	__protein1_rbs	10.0	0.0	0.0
126	__protein2_rbs	9.2	0.0	0.0
126	__protein3_rbs	3.0	0.0	0.0
126	__ribosome	33.8	0.0	0.0
126	__rnase_site_ext	15.4	0.0	0.0
126	p0	1.0	0.0	0.0
126	p2	0.8	0.0	0.0
126	protein1	506.2	15.4	1.9211996
126	protein2	489.0	14.8	1.7860418000000002
126	protein3	122.4	5.2	1.9566666
126	rnapol	0.2	0.0	0.0
127	__protein1_rbs	9.6	0.0	0.0
127	__protein2_rbs	9.2	0.0	0.0
127	__protein3_rbs	2.0	0.0	0.0
127	__ribosome	33.2	0.0	0.0
127	__rnase_site_ext	15.4	0.0	0.0
127	p0	0.8	0.0	0.0
127	p2	0.8	0.0	0.0
127	protein1	513.4	15.2	1.8904352
127	protein2	494.4	15.2	1.7901586000000005
127	protein3	124.6	5.2	2.1066666
127	rnapol	0.2	0.0	0.0
128	__protein1_rbs	7.6	0.0	0.0
128	__protein2_rbs	9.8	0.0	0.0
128	__protein3_rbs	3.4	0.0	0.0
128	__ribosome	31.2	0.0	0.0
128	__rnase_site_ext	15.2	0.0	0.0
128	p0	0.8	0.0	0.0
128	p2	0.4	0.0	0.0
128	protein1	519.8	15.4	1.9798997999999999
128	protein2	499.6	15.4	1.7804363999999997
128	protein3	126.4	5.4	2.0433334
128	rnapol	0.2	0.0	0.0
129	__protein1_rbs	9.6	0.0	0.0
129	__protein2_rbs	10.6	0.0	0.0
129	__protein3_rbs	3.0	0.0	0.0
129	__ribosome	31.0	0.0	0.0
129	__rnase_site_ext	15.4	0.0	0.0
129	p0	0.8	0.0	0.0
129	p2	0.8	0.0	0.0
129	protein1	524.6	15.0	2.0716666
129	protein2	505.8	15.6	1.6865173999999998
129	protein3	128.4	5.4	2.2433332000000004
129	rnapol	0.2	0.0	0.0
130	__protein1_rbs	9.8	0.0	0.0
130	__protein2_rbs	8.6	0.0	0.0
130	__protein3_rbs	3.2	0.0	0.0
130	__ribosome	30.2	0.0	0.0
130	__rnase_site_ext	15.6	0.0	0.0
130	p0	0.6	0.0	0.0
130	p2	0.8	0.0	0.0
130	protein1	531.0	15.0	1.994791
130	protein2	510.6	15.8	1.8363562
130	protein3	131.0	5.4	2.1333333999999997
130	rnapol	0.4	0.0	0.0
131	__protein1_rbs	9.4	0.0	0.0
131	__protein2_rbs	10.4	0.0	0.0
131	__protein3_rbs	3.6	0.0	0.0
131	__ribosome	30.0	0.0	0.0
131	__rnase_site_ext	16.0	0.0	0.0
131	p0	0.6	0.0	0.0
131	p2	0.8	0.0	0.0
131	protein1	537.4	15.4	1.9356876
131	protein2	515.4	16.0	1.8376448
131	protein3	133.2	5.4	2.1333333999999997
131	rnapol	0.2	0.0	0.0
132	__protein1_rbs	10.8	0.0	0.0
132	__protein2_rbs	11.2	0.0	0.0
132	__protein3_rbs	3.0	0.0	0.0
132	__ribosome	33.0	0.0	0.0
132	__rnase_site_ext	16.0	0.0	0.0
132	p0	0.8	0.0	0.0
132	p2	0.4	0.0	0.0
132	protein1	543.4	15.6	1.8234132
132	protein2	522.2	16.2	1.7523334
132	protein3	136.0	5.4	2.0233334
132	rnapol	0.0	0.0	0.0
133	__protein1_rbs	9.2	0.0	0.0
133	__protein2_rbs	10.4	0.0	0.0
133	__protein3_rbs	2.8	0.0	0.0
133	__ribosome	31.8	0.0	0.0
133	__rnase_site_ext	16.2	0.0	0.0
133	p0	1.0	0.0	0.0
133	p2	0.6	0.0	0.0
133	protein1	550.4	15.8	1.7835324000000001
133	protein2	527.2	16.2	1.8107146
133	protein3	138.4	5.6	2.0261906
133	rnapol	0.2	0.0	0.0
134	__protein1_rbs	9.6	0.0	0.0
134	__protein2_rbs	9.2	0.0	0.0
134	__protein3_rbs	3.6	0.0	0.0
134	__ribosome	29.8	0.0	0.0
134	__rnase_site_ext	16.2	0.0	0.0
134	p0	0.6	0.0	0.0
134	p2	0.6	0.0	0.0
134	protein1	556.4	16.0	1.7949358
134	protein2	533.0	16.4	1.9131688000000002
134	protein3	141.0	5.4	2.0361904
134	rnapol	0.2	0.0	0.0
135	__protein1_rbs	11.2	0.0	0.0
135	__protein2_rbs	8.8	0.0	0.0
135	__protein3_rbs	3.6	0.0	0.0
135	__ribosome	30.4	0.0	0.0
135	__rnase_site_ext	16.6	0.0	0.0
135	p0	1.0	0.0	0.0
135	p2	0.8	0.0	0.0
135	protein1	561.8	16.0	1.8044871999999998
135	protein2	540.0	16.0	1.9399990000000005
135	protein3	143.4	5.4	1.9361906
135	rnapol	0.2	0.0	0.0
136	__protein1_rbs	9.2	0.0	0.0
136	__protein2_rbs	9.2	0.0	0.0
136	__protein3_rbs	3.0	0.0	0.0
136	__ribosome	27.4	0.0	0.0
136	__rnase_site_ext	15.8	0.0	0.0
136	p0	1.0	0.0	0.0
136	p2	0.8	0.0	0.0
136	protein1	567.2	16.4	1.904405
136	protein2	546.6	16.4	1.9069748
136	protein3	145.4	5.6	2.0219046
136	rnapol	0.4	0.0	0.0
137	__protein1_rbs	11.0	0.0	0.0
137	__protein2_rbs	10.0	0.0	0.0
137	__protein3_rbs	3.0	0.0	0.0
137	__ribosome	26.6	0.0	0.0
137	__rnase_site_ext	15.6	0.0	0.0
137	p0	0.6	0.0	0.0
137	p2	0.6	0.0	0.0
137	protein1	573.2	15.8	1.92
137	protein2	552.2	16.4	1.9582002
137	protein3	147.4	5.6	2.1247618
137	rnapol	0.0	0.0	0.0
138	__protein1_rbs	10.6	0.0	0.0
138	__protein2_rbs	10.0	0.0	0.0
138	__protein3_rbs	3.6	0.0	0.0
138	__ribosome	28.4	0.0	0.0
138	__rnase_site_ext	15.8	0.0	0.0
138	p0	1.0	0.0	0.0
138	p2	0.6	0.0	0.0
138	protein1	578.4	15.6	1.9420802
138	protein2	558.6	16.6	1.8573108
138	protein3	150.2	5.6	1.9780952
138	rnapol	0.4	0.0	0.0
139	__protein1_rbs	10.2	0.0	0.0
139	__protein2_rbs	9.8	0.0	0.0
139	__protein3_rbs	2.6	0.0	0.0
139	__ribosome	29.0	0.0	0.0
139	__rnase_site_ext	15.8	0.0	0.0
139	p0	1.0	0.0	0.0
139	p2	0.8	0.0	0.0
139	protein1	586.4	15.6	1.7824206000000002
139	protein2	564.4	16.6	1.9118212
139	protein3	152.6	5.6	2.0704762
139	rnapol	0.6	0.0	0.0
140	__protein1_rbs	11.4	0.0	0.0
140	__protein2_rbs	11.2	0.0	0.0
140	__protein3_rbs	4.6	0.0	0.0
140	__ribosome	33.0	0.0	0.0
140	__rnase_site_ext	15.6	0.0	0.0
140	p0	1.0	0.0	0.0
140	p2	0.8	0.0	0.0
140	protein1	592.4	15.6	1.6584922
140	protein2	571.2	16.8	1.8118698
140	protein3	155.0	5.6	1.9542858000000003
140	rnapol	0.8	0.0	0.0
141	__protein1_rbs	8.4	0.0	0.0
141	__protein2_rbs	9.6	0.0	0.0
141	__protein3_rbs	4.0	0.0	0.0
141	__ribosome	31.8	0.0	0.0
141	__rnase_site_ext	15.8	0.0	0.0
141	p0	0.4	0.0	0.0
141	p2	0.8	0.0	0.0
141	protein1	599.8	15.4	1.6867858000000002
141	protein2	577.8	16.8	1.9026612
141	protein3	156.8	5.8	1.8642858
141	rnapol	0.6	0.0	0.0
142	__protein1_rbs	9.6	0.0	0.0
142	__protein2_rbs	10.0	0.0	0.0
142	__protein3_rbs	3.6	0.0	0.0
142	__ribosome	31.8	0.0	0.0
142	__rnase_site_ext	16.0	0.0	0.0
142	p0	0.6	0.0	0.0
142	p2	0.6	0.0	0.0
142	protein1	604.8	15.2	1.7264286000000002
142	protein2	584.4	16.8	1.8735994
142	protein3	159.0	5.8	1.9114286
142	rnapol	0.4	0.0	0.0
143	__protein1_rbs	10.4	0.0	0.0
143	__protein2_rbs	10.4	0.0	0.0
143	__protein3_rbs	2.6	0.0	0.0
143	__ribosome	30.0	0.0	0.0
143	__rnase_site_ext	16.2	0.0	0.0
143	p0	0.6	0.0	0.0
143	p2	0.6	0.0	0.0
143	protein1	609.6	15.8	1.759804
143	protein2	591.4	17.0	1.819867
143	protein3	161.4	5.8	2.0292858
143	rnapol	0.0	0.0	0.0
144	__protein1_rbs	9.6	0.0	0.0
144	__protein2_rbs	10.2	0.0	0.0
144	__protein3_rbs	3.2	0.0	0.0
144	__ribosome	27.6	0.0	0.0
144	__rnase_site_ext	16.4	0.0	0.0
144	p0	1.0	0.0	0.0
144	p2	0.6	0.0	0.0
144	protein1	614.8	15.8	1.864804
144	protein2	597.2	17.0	1.9200982
144	protein3	164.6	5.8	1.8573808
144	rnapol	0.0	0.0	0.0
145	__protein1_rbs	11.2	0.0	0.0
145	__protein2_rbs	10.6	0.0	0.0
145	__protein3_rbs	3.8	0.0	0.0
145	__ribosome	27.2	0.0	0.0
145	__rnase_site_ext	16.4	0.0	0.0
145	p0	1.0	0.0	0.0
145	p2	0.4	0.0	0.0
145	protein1	620.6	16.2	1.7962254000000002
145	protein2	603.4	17.0	1.9291318
145	protein3	166.0	6.0	1.8845238
145	rnapol	0.0	0.0	0.0
146	__protein1_rbs	9.6	0.0	0.0
146	__protein2_rbs	10.0	0.0	0.0
146	__protein3_rbs	3.4	0.0	0.0
146	__ribosome	26.8	0.0	0.0
146	__rnase_site_ext	16.4	0.0	0.0
146	p0	1.0	0.0	0.0
146	p2	0.8	0.0	0.0
146	protein1	626.2	16.2	1.8331864
146	protein2	611.6	17.0	1.8690128
146	protein3	168.0	6.4	1.929762
146	rnapol	0.2	0.0	0.0
147	__protein1_rbs	10.2	0.0	0.0
147	__protein2_rbs	10.2	0.0	0.0
147	__protein3_rbs	4.2	0.0	0.0
147	__ribosome	27.6	0.0	0.0
147	__rnase_site_ext	16.6	0.0	0.0
147	p0	0.8	0.0	0.0
147	p2	0.6	0.0	0.0
147	protein1	633.2	16.2	1.7280882000000002
147	protein2	617.2	17.0	1.947409
147	protein3	170.4	6.4	1.8928572
147	rnapol	0.6	0.0	0.0
148	__protein1_rbs	10.0	0.0	0.0
148	__protein2_rbs	10.8	0.0	0.0
148	__protein3_rbs	4.6	0.0	0.0
148	__ribosome	28.8	0.0	0.0
148	__rnase_site_ext	16.8	0.0	0.0
148	p0	0.8	0.0	0.0
148	p2	0.6	0.0	0.0
148	protein1	640.0	16.4	1.6990687999999998
148	protein2	624.0	17.0	1.9014354
148	protein3	173.0	6.4	1.8333334
148	rnapol	0.6	0.0	0.0
149	__protein1_rbs	10.0	0.0	0.0
149	__protein2_rbs	10.0	0.0	0.0
149	__protein3_rbs	3.8	0.0	0.0
149	__ribosome	28.4	0.0	0.0
149	__rnase_site_ext	17.0	0.0	0.0
149	p0	0.6	0.0	0.0
149	p2	0.8	0.0	0.0
149	protein1	645.8	16.6	1.6862746000000002
149	protein2	630.6	17.0	1.94993
149	protein3	175.8	6.2	1.7952380000000001
149	rnapol	0.8	0.0	0.0
150	__protein1_rbs	10.4	0.0	0.0
150	__protein2_rbs	11.6	0.0	0.0
150	__protein3_rbs	4.6	0.0	0.0
150	__ribosome	28.4	0.0	0.0
150	__rnase_site_ext	17.4	0.0	0.0
150	p0	0.8	0.0	0.0
150	p2	0.8	0.0	0.0
150	protein1	651.2	17.0	1.6880719999999996
150	protein2	637.2	17.6	1.857148
150	protein3	178.0	6.2	1.7547620000000002
150	rnapol	0.4	0.0	0.0
151	__protein1_rbs	10.4	0.0	0.0
151	__protein2_rbs	11.6	0.0	0.0
151	__protein3_rbs	3.6	0.0	0.0
151	__ribosome	28.4	0.0	0.0
151	__rnase_site_ext	17.4	0.0	0.0
151	p0	1.0	0.0	0.0
151	p2	0.8	0.0	0.0
151	protein1	657.6	17.2	1.7197754
151	protein2	644.6	17.6	1.7842062
151	protein3	180.6	6.2	1.7476189999999998
151	rnapol	0.8	0.0	0.0
152	__protein1_rbs	11.8	0.0	0.0
152	__protein2_rbs	11.0	0.0	0.0
152	__protein3_rbs	4.4	0.0	0.0
152	__ribosome	27.6	0.0	0.0
152	__rnase_site_ext	17.4	0.0	0.0
152	p0	1.0	0.0	0.0
152	p2	1.0	0.0	0.0
152	protein1	662.6	17.4	1.7778807999999997
152	protein2	651.4	17.4	1.783465
152	protein3	183.0	6.2	1.7261906000000002
152	rnapol	0.6	0.0	0.0
153	__protein1_rbs	11.2	0.0	0.0
153	__protein2_rbs	11.8	0.0	0.0
153	__protein3_rbs	3.4	0.0	0.0
153	__ribosome	29.4	0.0	0.0
153	__rnase_site_ext	17.6	0.0	0.0
153	p0	1.0	0.0	0.0
153	p2	0.8	0.0	0.0
153	protein1	668.0	17.4	1.834146
153	protein2	659.2	17.0	1.6007566
153	protein3	185.2	6.2	1.8285714
153	rnapol	0.6	0.0	0.0
154	__protein1_rbs	9.8	0.0	0.0
154	__protein2_rbs	11.6	0.0	0.0
154	__protein3_rbs	3.4	0.0	0.0
154	__ribosome	28.8	0.0	0.0
154	__rnase_site_ext	17.6	0.0	0.0
154	p0	0.8	0.0	0.0
154	p2	0.2	0.0	0.0
154	protein1	675.2	17.4	1.8373528
154	protein2	665.2	17.0	1.5937958
154	protein3	187.4	6.4	1.8714284
154	rnapol	0.4	0.0	0.0
155	__protein1_rbs	12.2	0.0	0.0
155	__protein2_rbs	10.0	0.0	0.0
155	__protein3_rbs	3.6	0.0	0.0
155	__ribosome	28.4	0.0	0.0
155	__rnase_site_ext	17.6	0.0	0.0
155	p0	0.8	0.0	0.0
155	p2	0.4	0.0	0.0
155	protein1	682.0	17.6	1.7507026
155	protein2	671.4	16.8	1.6577452
155	protein3	189.4	6.2	2.052381
155	rnapol	0.2	0.0	0.0
156	__protein1_rbs	10.6	0.0	0.0
156	__protein2_rbs	11.6	0.0	0.0
156	__protein3_rbs	3.4	0.0	0.0
156	__ribosome	30.2	0.0	0.0
156	__rnase_site_ext	18.0	0.0	0.0
156	p0	1.0	0.0	0.0
156	p2	0.6	0.0	0.0
156	protein1	688.8	17.4	1.7490198000000001
156	protein2	677.8	16.6	1.5719606000000002
156	protein3	192.0	6.2	2.1642856
156	rnapol	0.2	0.0	0.0
157	__protein1_rbs	10.8	0.0	0.0
157	__protein2_rbs	10.2	0.0	0.0
157	__protein3_rbs	3.8	0.0	0.0
157	__ribosome	27.8	0.0	0.0
157	__rnase_site_ext	18.2	0.0	0.0
157	p0	0.8	0.0	0.0
157	p2	0.8	0.0	0.0
157	protein1	694.0	17.8	1.7855554000000002
157	protein2	683.4	17.0	1.6270423999999999
157	protein3	194.8	6.2	2.1
157	rnapol	0.4	0.0	0.0
158	__protein1_rbs	12.0	0.0	0.0
158	__protein2_rbs	11.2	0.0	0.0
158	__protein3_rbs	3.4	0.0	0.0
158	__ribosome	28.2	0.0	0.0
158	__rnase_site_ext	18.0	0.0	0.0
158	p0	1.0	0.0	0.0
158	p2	1.0	0.0	0.0
158	protein1	701.6	18.0	1.6736508
158	protein2	689.0	17.2	1.6345588
158	protein3	196.8	6.2	2.270238
158	rnapol	0.4	0.0	0.0
159	__protein1_rbs	9.4	0.0	0.0
159	__protein2_rbs	11.6	0.0	0.0
159	__protein3_rbs	3.6	0.0	0.0
159	__ribosome	25.2	0.0	0.0
159	__rnase_site_ext	17.8	0.0	0.0
159	p0	1.0	0.0	0.0
159	p2	1.0	0.0	0.0
159	protein1	708.6	17.8	1.8052476000000002
159	protein2	694.0	17.6	1.6805642000000005
159	protein3	200.0	6.2	2.1619048
159	rnapol	0.6	0.0	0.0
160	__protein1_rbs	10.8	0.0	0.0
160	__protein2_rbs	11.0	0.0	0.0
160	__protein3_rbs	5.0	0.0	0.0
160	__ribosome	26.0	0.0	0.0
160	__rnase_site_ext	17.8	0.0	0.0
160	p0	0.6	0.0	0.0
160	p2	0.8	0.0	0.0
160	protein1	714.6	17.6	1.8395518
160	protein2	700.0	17.8	1.7116613999999997
160	protein3	203.4	6.6	1.7583334000000002
160	rnapol	0.0	0.0	0.0
161	__protein1_rbs	12.4	0.0	0.0
161	__protein2_rbs	10.6	0.0	0.0
161	__protein3_rbs	4.0	0.0	0.0
161	__ribosome	25.2	0.0	0.0
161	__rnase_site_ext	17.8	0.0	0.0
161	p0	1.0	0.0	0.0
161	p2	0.6	0.0	0.0
161	protein1	721.4	17.8	1.7426988
161	protein2	706.0	18.0	1.7971894
161	protein3	205.6	6.6	1.7305554
161	rnapol	0.0	0.0	0.0
162	__protein1_rbs	11.6	0.0	0.0
162	__protein2_rbs	12.4	0.0	0.0
162	__protein3_rbs	4.8	0.0	0.0
162	__ribosome	27.0	0.0	0.0
162	__rnase_site_ext	17.8	0.0	0.0
162	p0	1.0	0.0	0.0
162	p2	0.4	0.0	0.0
162	protein1	727.4	17.6	1.7390316000000003
162	protein2	712.4	18.2	1.7737908
162	protein3	208.8	6.6	1.5388888
162	rnapol	0.2	0.0	0.0
163	__protein1_rbs	11.6	0.0	0.0
163	__protein2_rbs	10.2	0.0	0.0
163	__protein3_rbs	4.8	0.0	0.0
163	__ribosome	25.4	0.0	0.0
163	__rnase_site_ext	18.0	0.0	0.0
163	p0	0.8	0.0	0.0
163	p2	0.4	0.0	0.0
163	protein1	733.8	17.6	1.7236218
163	protein2	718.6	18.2	1.8533334
163	protein3	210.8	6.6	1.6055556
163	rnapol	0.0	0.0	0.0
164	__protein1_rbs	11.0	0.0	0.0
164	__protein2_rbs	11.4	0.0	0.0
164	__protein3_rbs	5.0	0.0	0.0
164	__ribosome	27.8	0.0	0.0
164	__rnase_site_ext	17.8	0.0	0.0
164	p0	0.6	0.0	0.0
164	p2	0.6	0.0	0.0
164	protein1	741.8	17.8	1.6463438000000001
164	protein2	725.8	18.6	1.7878947999999997
164	protein3	213.6	6.6	1.461111
164	rnapol	0.0	0.0	0.0
165	__protein1_rbs	11.4	0.0	0.0
165	__protein2_rbs	11.4	0.0	0.0
165	__protein3_rbs	4.4	0.0	0.0
165	__ribosome	26.4	0.0	0.0
165	__rnase_site_ext	18.0	0.0	0.0
165	p0	0.8	0.0	0.0
165	p2	0.8	0.0	0.0
165	protein1	748.6	17.6	1.6849152000000005
165	protein2	732.6	18.6	1.8078362000000001
165	protein3	215.0	6.6	1.5833332
165	rnapol	0.2	0.0	0.0
166	__protein1_rbs	11.6	0.0	0.0
166	__protein2_rbs	11.8	0.0	0.0
166	__protein3_rbs	4.8	0.0	0.0
166	__ribosome	28.0	0.0	0.0
166	__rnase_site_ext	17.8	0.0	0.0
166	p0	0.8	0.0	0.0
166	p2	0.8	0.0	0.0
166	protein1	754.4	17.8	1.6750982
166	protein2	739.8	18.6	1.7533
166	protein3	217.8	6.8	1.4531746
166	rnapol	0.6	0.0	0.0
167	__protein1_rbs	11.8	0.0	0.0
167	__protein2_rbs	10.2	0.0	0.0
167	__protein3_rbs	4.0	0.0	0.0
167	__ribosome	25.0	0.0	0.0
167	__rnase_site_ext	18.0	0.0	0.0
167	p0	0.8	0.0	0.0
167	p2	0.8	0.0	0.0
167	protein1	759.4	17.4	1.7461711999999998
167	protein2	746.6	18.6	1.8161759999999998
167	protein3	219.8	6.8	1.6396826
167	rnapol	0.4	0.0	0.0
168	__protein1_rbs	10.2	0.0	0.0
168	__protein2_rbs	12.2	0.0	0.0
168	__protein3_rbs	4.4	0.0	0.0
168	__ribosome	24.8	0.0	0.0
168	__rnase_site_ext	18.2	0.0	0.0
168	p0	1.0	0.0	0.0
168	p2	0.8	0.0	0.0
168	protein1	766.2	17.8	1.7787540000000002
168	protein2	754.2	18.6	1.752789
168	protein3	222.2	6.8	1.6269841999999999
168	rnapol	0.2	0.0	0.0
169	__protein1_rbs	11.6	0.0	0.0
169	__protein2_rbs	11.2	0.0	0.0
169	__protein3_rbs	4.0	0.0	0.0
169	__ribosome	23.2	0.0	0.0
169	__rnase_site_ext	18.4	0.0	0.0
169	p0	1.0	0.0	0.0
169	p2	0.6	0.0	0.0
169	protein1	772.8	18.0	1.7583094000000004
169	protein2	760.8	18.8	1.7865916000000002
169	protein3	224.6	6.6	1.7428572
169	rnapol	0.2	0.0	0.0
170	__protein1_rbs	12.8	0.0	0.0
170	__protein2_rbs	12.2	0.0	0.0
170	__protein3_rbs	4.2	0.0	0.0
170	__ribosome	23.0	0.0	0.0
170	__rnase_site_ext	18.2	0.0	0.0
170	p0	0.8	0.0	0.0
170	p2	0.6	0.0	0.0
170	protein1	778.4	18.2	1.7206798
170	protein2	767.4	18.8	1.8060464000000005
170	protein3	227.0	6.8	1.6796826
170	rnapol	0.0	0.0	0.0
171	__protein1_rbs	11.6	0.0	0.0
171	__protein2_rbs	13.4	0.0	0.0
171	__protein3_rbs	4.2	0.0	0.0
171	__ribosome	24.6	0.0	0.0
171	__rnase_site_ext	18.2	0.0	0.0
171	p0	0.8	0.0	0.0
171	p2	0.8	0.0	0.0
171	protein1	785.8	18.0	1.7036516
171	protein2	775.4	19.0	1.7036112
171	protein3	228.6	6.6	1.8483333999999998
171	rnapol	0.4	0.0	0.0
172	__protein1_rbs	13.2	0.0	0.0
172	__protein2_rbs	11.8	0.0	0.0
172	__protein3_rbs	3.8	0.0	0.0
172	__ribosome	25.8	0.0	0.0
172	__rnase_site_ext	17.4	0.0	0.0
172	p0	0.8	0.0	0.0
172	p2	0.8	0.0	0.0
172	protein1	792.2	18.0	1.614416
172	protein2	782.0	19.0	1.7638976000000002
172	protein3	232.2	6.6	1.7364286
172	rnapol	0.6	0.0	0.0
173	__protein1_rbs	10.2	0.0	0.0
173	__protein2_rbs	13.8	0.0	0.0
173	__protein3_rbs	4.2	0.0	0.0
173	__ribosome	27.4	0.0	0.0
173	__rnase_site_ext	18.0	0.0	0.0
173	p0	0.8	0.0	0.0
173	p2	0.6	0.0	0.0
173	protein1	799.0	17.4	1.6548831999999998
173	protein2	788.6	18.8	1.735598
173	protein3	234.8	6.6	1.6678571999999998
173	rnapol	0.4	0.0	0.0
174	__protein1_rbs	10.0	0.0	0.0
174	__protein2_rbs	11.6	0.0	0.0
174	__protein3_rbs	4.0	0.0	0.0
174	__ribosome	27.2	0.0	0.0
174	__rnase_site_ext	18.2	0.0	0.0
174	p0	1.0	0.0	0.0
174	p2	0.6	0.0	0.0
174	protein1	805.8	17.6	1.6492982
174	protein2	797.4	19.0	1.6995428
174	protein3	236.8	6.6	1.8057144
174	rnapol	0.4	0.0	0.0
175	__protein1_rbs	13.4	0.0	0.0
175	__protein2_rbs	11.2	0.0	0.0
175	__protein3_rbs	3.8	0.0	0.0
175	__ribosome	26.2	0.0	0.0
175	__rnase_site_ext	18.6	0.0	0.0
175	p0	0.6	0.0	0.0
175	p2	0.6	0.0	0.0
175	protein1	812.6	18.0	1.5110526000000002
175	protein2	803.4	19.0	1.8048128
175	protein3	238.8	6.6	1.9278572
175	rnapol	0.2	0.0	0.0
176	__protein1_rbs	11.0	0.0	0.0
176	__protein2_rbs	13.6	0.0	0.0
176	__protein3_rbs	5.2	0.0	0.0
176	__ribosome	26.0	0.0	0.0
176	__rnase_site_ext	18.8	0.0	0.0
176	p0	1.0	0.0	0.0
176	p2	0.4	0.0	0.0
176	protein1	817.6	18.0	1.6486843999999998
176	protein2	810.4	19.2	1.7954207999999998
176	protein3	242.2	6.6	1.5435713999999998
176	rnapol	0.2	0.0	0.0
177	__protein1_rbs	12.6	0.0	0.0
177	__protein2_rbs	13.2	0.0	0.0
177	__protein3_rbs	4.2	0.0	0.0
177	__ribosome	26.6	0.0	0.0
177	__rnase_site_ext	18.2	0.0	0.0
177	p0	1.0	0.0	0.0
177	p2	0.8	0.0	0.0
177	protein1	823.4	18.6	1.6162016
177	protein2	817.4	19.2	1.7428651999999998
177	protein3	244.6	6.8	1.5368255999999998
177	rnapol	0.2	0.0	0.0
178	__protein1_rbs	12.4	0.0	0.0
178	__protein2_rbs	10.4	0.0	0.0
178	__protein3_rbs	4.0	0.0	0.0
178	__ribosome	24.4	0.0	0.0
178	__rnase_site_ext	18.2	0.0	0.0
178	p0	0.8	0.0	0.0
178	p2	0.6	0.0	0.0
178	protein1	830.0	18.0	1.6383006000000002
178	protein2	823.6	19.0	1.9083246
178	protein3	247.4	6.8	1.548254
178	rnapol	0.4	0.0	0.0
179	__protein1_rbs	10.2	0.0	0.0
179	__protein2_rbs	10.6	0.0	0.0
179	__protein3_rbs	4.2	0.0	0.0
179	__ribosome	22.4	0.0	0.0
179	__rnase_site_ext	18.2	0.0	0.0
179	p0	0.6	0.0	0.0
179	p2	0.6	0.0	0.0
179	protein1	835.6	18.2	1.7708986000000002
179	protein2	832.0	19.0	1.874091
179	protein3	249.8	6.8	1.537143
179	rnapol	0.2	0.0	0.0
180	__protein1_rbs	12.4	0.0	0.0
180	__protein2_rbs	13.6	0.0	0.0
180	__protein3_rbs	3.8	0.0	0.0
180	__ribosome	25.2	0.0	0.0
180	__rnase_site_ext	18.6	0.0	0.0
180	p0	1.0	0.0	0.0
180	p2	0.6	0.0	0.0
180	protein1	842.8	18.0	1.7439474
180	protein2	840.2	19.0	1.7110046000000003
180	protein3	251.4	6.8	1.7295238000000002
180	rnapol	0.2	0.0	0.0
181	__protein1_rbs	11.0	0.0	0.0
181	__protein2_rbs	10.6	0.0	0.0
181	__protein3_rbs	4.8	0.0	0.0
181	__ribosome	22.2	0.0	0.0
181	__rnase_site_ext	18.2	0.0	0.0
181	p0	0.8	0.0	0.0
181	p2	0.6	0.0	0.0
181	protein1	849.2	18.2	1.7615942
181	protein2	846.6	19.0	1.8201738
181	protein3	252.8	6.6	1.8663492
181	rnapol	0.2	0.0	0.0
182	__protein1_rbs	12.4	0.0	0.0
182	__protein2_rbs	13.6	0.0	0.0
182	__protein3_rbs	4.0	0.0	0.0
182	__ribosome	23.0	0.0	0.0
182	__rnase_site_ext	18.0	0.0	0.0
182	p0	0.8	0.0	0.0
182	p2	0.8	0.0	0.0
182	protein1	854.8	17.6	1.8413887999999998
182	protein2	853.2	19.4	1.7274808000000001
182	protein3	256.0	6.6	1.7853968000000002
182	rnapol	0.4	0.0	0.0
183	__protein1_rbs	13.2	0.0	0.0
183	__protein2_rbs	12.8	0.0	0.0
183	__protein3_rbs	3.8	0.0	0.0
183	__ribosome	26.2	0.0	0.0
183	__rnase_site_ext	18.2	0.0	0.0
183	p0	1.0	0.0	0.0
183	p2	0.8	0.0	0.0
183	protein1	862.2	17.6	1.6868792000000001
183	protein2	861.8	19.6	1.6790536
183	protein3	258.6	6.8	1.7120636000000002
183	rnapol	0.8	0.0	0.0
184	__protein1_rbs	11.0	0.0	0.0
184	__protein2_rbs	11.2	0.0	0.0
184	__protein3_rbs	5.0	0.0	0.0
184	__ribosome	26.2	0.0	0.0
184	__rnase_site_ext	18.2	0.0	0.0
184	p0	0.6	0.0	0.0
184	p2	0.4	0.0	0.0
184	protein1	870.0	17.8	1.5954412
184	protein2	867.8	19.8	1.7748773999999998
184	protein3	261.6	6.8	1.5815876
184	rnapol	0.4	0.0	0.0
185	__protein1_rbs	12.2	0.0	0.0
185	__protein2_rbs	13.4	0.0	0.0
185	__protein3_rbs	2.8	0.0	0.0
185	__ribosome	24.2	0.0	0.0
185	__rnase_site_ext	18.4	0.0	0.0
185	p0	1.0	0.0	0.0
185	p2	0.4	0.0	0.0
185	protein1	877.0	17.8	1.5143138
185	protein2	874.0	19.8	1.8341354
185	protein3	263.4	6.8	1.8580952000000002
185	rnapol	0.6	0.0	0.0
186	__protein1_rbs	11.6	0.0	0.0
186	__protein2_rbs	12.0	0.0	0.0
186	__protein3_rbs	4.4	0.0	0.0
186	__ribosome	23.4	0.0	0.0
186	__rnase_site_ext	18.4	0.0	0.0
186	p0	0.8	0.0	0.0
186	p2	0.6	0.0	0.0
186	protein1	882.4	18.2	1.5420976
186	protein2	882.4	19.4	1.8507936000000003
186	protein3	265.4	6.8	1.904127
186	rnapol	0.4	0.0	0.0
187	__protein1_rbs	10.4	0.0	0.0
187	__protein2_rbs	13.6	0.0	0.0
187	__protein3_rbs	5.0	0.0	0.0
187	__ribosome	23.4	0.0	0.0
187	__rnase_site_ext	18.4	0.0	0.0
187	p0	0.6	0.0	0.0
187	p2	0.4	0.0	0.0
187	protein1	888.6	18.0	1.6581297999999998
187	protein2	889.4	19.0	1.8344096
187	protein3	268.4	7.0	1.7390476000000001
187	rnapol	0.4	0.0	0.0
188	__protein1_rbs	11.8	0.0	0.0
188	__protein2_rbs	12.2	0.0	0.0
188	__protein3_rbs	5.0	0.0	0.0
188	__ribosome	23.0	0.0	0.0
188	__rnase_site_ext	18.8	0.0	0.0
188	p0	0.8	0.0	0.0
188	p2	0.4	0.0	0.0
188	protein1	893.4	18.0	1.7676741999999996
188	protein2	897.2	19.2	1.7376843999999998
188	protein3	270.8	7.0	1.705397
188	rnapol	0.4	0.0	0.0
189	__protein1_rbs	11.8	0.0	0.0
189	__protein2_rbs	11.6	0.0	0.0
189	__protein3_rbs	5.0	0.0	0.0
189	__ribosome	25.0	0.0	0.0
189	__rnase_site_ext	18.8	0.0	0.0
189	p0	1.0	0.0	0.0
189	p2	0.6	0.0	0.0
189	protein1	900.0	18.4	1.7308256000000002
189	protein2	906.0	19.4	1.6667302
189	protein3	274.0	7.0	1.5815872
189	rnapol	0.4	0.0	0.0
190	__protein1_rbs	12.2	0.0	0.0
190	__protein2_rbs	14.4	0.0	0.0
190	__protein3_rbs	3.8	0.0	0.0
190	__ribosome	24.2	0.0	0.0
190	__rnase_site_ext	19.0	0.0	0.0
190	p0	0.8	0.0	0.0
190	p2	0.8	0.0	0.0
190	protein1	905.6	18.4	1.7592801999999998
190	protein2	911.4	19.6	1.6294174
190	protein3	276.4	7.0	1.6962698
190	rnapol	0.4	0.0	0.0
191	__protein1_rbs	13.6	0.0	0.0
191	__protein2_rbs	13.0	0.0	0.0
191	__protein3_rbs	5.0	0.0	0.0
191	__ribosome	27.8	0.0	0.0
191	__rnase_site_ext	19.2	0.0	0.0
191	p0	0.8	0.0	0.0
191	p2	1.0	0.0	0.0
191	protein1	912.8	18.4	1.6639628000000002
191	protein2	920.0	19.4	1.5500973999999998
191	protein3	279.2	7.4	1.5794443999999999
191	rnapol	0.4	0.0	0.0
192	__protein1_rbs	11.4	0.0	0.0
192	__protein2_rbs	14.0	0.0	0.0
192	__protein3_rbs	5.6	0.0	0.0
192	__ribosome	28.4	0.0	0.0
192	__rnase_site_ext	18.6	0.0	0.0
192	p0	0.6	0.0	0.0
192	p2	0.6	0.0	0.0
192	protein1	920.6	18.4	1.6619605999999998
192	protein2	926.4	19.6	1.5454416000000002
192	protein3	281.8	7.4	1.4945238
192	rnapol	0.2	0.0	0.0
193	__protein1_rbs	10.6	0.0	0.0
193	__protein2_rbs	12.4	0.0	0.0
193	__protein3_rbs	4.4	0.0	0.0
193	__ribosome	25.8	0.0	0.0
193	__rnase_site_ext	18.8	0.0	0.0
193	p0	1.0	0.0	0.0
193	p2	0.6	0.0	0.0
193	protein1	928.0	18.2	1.7073856000000005
193	protein2	933.4	19.2	1.6237374
193	protein3	284.0	7.8	1.5961906000000001
193	rnapol	0.2	0.0	0.0
194	__protein1_rbs	12.4	0.0	0.0
194	__protein2_rbs	12.6	0.0	0.0
194	__protein3_rbs	4.6	0.0	0.0
194	__ribosome	23.0	0.0	0.0
194	__rnase_site_ext	19.0	0.0	0.0
194	p0	0.8	0.0	0.0
194	p2	0.6	0.0	0.0
194	protein1	933.4	18.4	1.7551588000000002
194	protein2	939.4	19.2	1.6678176
194	protein3	286.6	7.6	1.6708730000000005
194	rnapol	0.4	0.0	0.0
195	__protein1_rbs	11.4	0.0	0.0
195	__protein2_rbs	12.0	0.0	0.0
195	__protein3_rbs	5.8	0.0	0.0
195	__ribosome	24.6	0.0	0.0
195	__rnase_site_ext	18.8	0.0	0.0
195	p0	1.0	0.0	0.0
195	p2	0.8	0.0	0.0
195	protein1	941.2	18.4	1.7156748
195	protein2	946.8	18.8	1.7310574
195	protein3	290.0	7.6	1.4714286
195	rnapol	1.0	0.0	0.0
196	__protein1_rbs	12.8	0.0	0.0
196	__protein2_rbs	12.6	0.0	0.0
196	__protein3_rbs	4.4	0.0	0.0
196	__ribosome	22.8	0.0	0.0
196	__rnase_site_ext	18.8	0.0	0.0
196	p0	0.6	0.0	0.0
196	p2	0.8	0.0	0.0
196	protein1	947.6	18.4	1.6870472
196	protein2	952.4	19.0	1.740343
196	protein3	291.4	7.6	1.709762
196	rnapol	0.6	0.0	0.0
197	__protein1_rbs	14.2	0.0	0.0
197	__protein2_rbs	13.2	0.0	0.0
197	__protein3_rbs	4.2	0.0	0.0
197	__ribosome	24.0	0.0	0.0
197	__rnase_site_ext	18.8	0.0	0.0
197	p0	0.6	0.0	0.0
197	p2	0.8	0.0	0.0
197	protein1	954.6	18.8	1.5606094
197	protein2	959.4	19.2	1.6850698000000002
197	protein3	293.2	7.6	1.8594446
197	rnapol	0.6	0.0	0.0
198	__protein1_rbs	11.8	0.0	0.0
198	__protein2_rbs	11.8	0.0	0.0
198	__protein3_rbs	5.0	0.0	0.0
198	__ribosome	22.2	0.0	0.0
198	__rnase_site_ext	19.2	0.0	0.0
198	p0	0.8	0.0	0.0
198	p2	0.6	0.0	0.0
198	protein1	960.4	18.6	1.6786230000000004
198	protein2	966.6	19.0	1.7678430000000005
198	protein3	297.4	7.4	1.7498412
198	rnapol	0.4	0.0	0.0
199	__protein1_rbs	11.6	0.0	0.0
199	__protein2_rbs	12.4	0.0	0.0
199	__protein3_rbs	4.6	0.0	0.0
199	__ribosome	23.0	0.0	0.0
199	__rnase_site_ext	19.4	0.0	0.0
199	p0	0.8	0.0	0.0
199	p2	1.0	0.0	0.0
199	protein1	968.0	18.8	1.6503759999999998
199	protein2	974.6	19.4	1.7169093999999998
199	protein3	300.4	7.4	1.7212696
199	rnapol	0.4	0.0	0.0
200	__protein1_rbs	12.8	0.0	0.0
200	__protein2_rbs	11.4	0.0	0.0
200	__protein3_rbs	3.8	0.0	0.0
200	__ribosome	22.6	0.0	0.0
200	__rnase_site_ext	19.6	0.0	0.0
200	p0	0.6	0.0	0.0
200	p2	0.6	0.0	0.0
200	protein1	975.8	18.8	1.5326647999999998
200	protein2	980.6	19.4	1.8108836
200	protein3	302.8	7.4	1.8342858
200	rnapol	0.2	0.0	0.0
201	__protein1_rbs	13.4	0.0	0.0
201	__protein2_rbs	12.6	0.0	0.0
201	__protein3_rbs	4.4	0.0	0.0
201	__ribosome	20.4	0.0	0.0
201	__rnase_site_ext	19.6	0.0	0.0
201	p0	1.0	0.0	0.0
201	p2	0.4	0.0	0.0
201	protein1	981.0	19.0	1.5713449999999998
201	protein2	987.4	19.6	1.8104406
201	protein3	305.4	7.4	1.9377778
201	rnapol	0.2	0.0	0.0
202	__protein1_rbs	13.8	0.0	0.0
202	__protein2_rbs	13.0	0.0	0.0
202	__protein3_rbs	4.2	0.0	0.0
202	__ribosome	22.8	0.0	0.0
202	__rnase_site_ext	19.2	0.0	0.0
202	p0	1.0	0.0	0.0
202	p2	0.8	0.0	0.0
202	protein1	988.2	19.2	1.4476022
202	protein2	994.8	19.6	1.8006942
202	protein3	308.4	7.0	2.1087304000000002
202	rnapol	0.0	0.0	0.0
203	__protein1_rbs	14.2	0.0	0.0
203	__protein2_rbs	13.6	0.0	0.0
203	__protein3_rbs	5.2	0.0	0.0
203	__ribosome	28.6	0.0	0.0
203	__rnase_site_ext	19.2	0.0	0.0
203	p0	1.0	0.0	0.0
203	p2	0.8	0.0	0.0
203	protein1	995.6	18.8	1.3291226
203	protein2	1002.8	19.8	1.6720674000000002
203	protein3	310.8	6.8	2.0055558
203	rnapol	0.0	0.0	0.0
204	__protein1_rbs	11.6	0.0	0.0
204	__protein2_rbs	13.4	0.0	0.0
204	__protein3_rbs	3.2	0.0	0.0
204	__ribosome	24.8	0.0	0.0
204	__rnase_site_ext	19.0	0.0	0.0
204	p0	1.0	0.0	0.0
204	p2	0.6	0.0	0.0
204	protein1	1001.2	19.0	1.463492
204	protein2	1010.2	20.0	1.6786244
204	protein3	314.0	6.8	2.0683333999999998
204	rnapol	0.0	0.0	0.0
205	__protein1_rbs	11.6	0.0	0.0
205	__protein2_rbs	13.8	0.0	0.0
205	__protein3_rbs	4.2	0.0	0.0
205	__ribosome	25.6	0.0	0.0
205	__rnase_site_ext	19.0	0.0	0.0
205	p0	1.0	0.0	0.0
205	p2	0.6	0.0	0.0
205	protein1	1007.2	18.8	1.543275
205	protein2	1017.8	20.0	1.6517263999999998
205	protein3	317.8	6.8	1.8805554
205	rnapol	0.0	0.0	0.0
206	__protein1_rbs	10.8	0.0	0.0
206	__protein2_rbs	12.8	0.0	0.0
206	__protein3_rbs	5.0	0.0	0.0
206	__ribosome	24.0	0.0	0.0
206	__rnase_site_ext	19.0	0.0	0.0
206	p0	1.0	0.0	0.0
206	p2	0.8	0.0	0.0
206	protein1	1012.4	18.8	1.7227236
206	protein2	1026.4	20.2	1.6447421999999998
206	protein3	321.8	7.0	1.5233333999999998
206	rnapol	0.0	0.0	0.0
207	__protein1_rbs	14.2	0.0	0.0
207	__protein2_rbs	14.8	0.0	0.0
207	__protein3_rbs	5.2	0.0	0.0
207	__ribosome	22.6	0.0	0.0
207	__rnase_site_ext	19.2	0.0	0.0
207	p0	0.8	0.0	0.0
207	p2	0.8	0.0	0.0
207	protein1	1017.8	18.8	1.7677526
207	protein2	1032.6	20.6	1.599574
207	protein3	323.4	7.2	1.6462122
207	rnapol	0.2	0.0	0.0
208	__protein1_rbs	13.2	0.0	0.0
208	__protein2_rbs	13.8	0.0	0.0
208	__protein3_rbs	4.8	0.0	0.0
208	__ribosome	22.2	0.0	0.0
208	__rnase_site_ext	19.4	0.0	0.0
208	p0	0.8	0.0	0.0
208	p2	0.6	0.0	0.0
208	protein1	1025.2	19.0	1.7167086
208	protein2	1039.8	20.6	1.6391962
208	protein3	325.4	6.8	1.8295453999999998
208	rnapol	0.2	0.0	0.0
209	__protein1_rbs	12.2	0.0	0.0
209	__protein2_rbs	12.6	0.0	0.0
209	__protein3_rbs	5.6	0.0	0.0
209	__ribosome	22.2	0.0	0.0
209	__rnase_site_ext	19.2	0.0	0.0
209	p0	1.0	0.0	0.0
209	p2	0.6	0.0	0.0
209	protein1	1032.0	19.0	1.7399331999999998
209	protein2	1047.2	20.8	1.6914010000000002
209	protein3	329.0	6.8	1.4883334
209	rnapol	0.4	0.0	0.0
210	__protein1_rbs	12.8	0.0	0.0
210	__protein2_rbs	13.6	0.0	0.0
210	__protein3_rbs	4.6	0.0	0.0
210	__ribosome	23.6	0.0	0.0
210	__rnase_site_ext	19.4	0.0	0.0
210	p0	1.0	0.0	0.0
210	p2	0.4	0.0	0.0
210	protein1	1040.4	19.0	1.6147036
210	protein2	1054.8	20.8	1.705314
210	protein3	331.2	7.0	1.5120129999999998
210	rnapol	0.4	0.0	0.0
211	__protein1_rbs	13.6	0.0	0.0
211	__protein2_rbs	14.0	0.0	0.0
211	__protein3_rbs	4.8	0.0	0.0
211	__ribosome	24.2	0.0	0.0
211	__rnase_site_ext	19.2	0.0	0.0
211	p0	1.0	0.0	0.0
211	p2	0.4	0.0	0.0
211	protein1	1048.2	19.2	1.5449456
211	protein2	1062.4	20.6	1.7294898
211	protein3	333.2	6.8	1.6192858
211	rnapol	0.6	0.0	0.0
212	__protein1_rbs	12.2	0.0	0.0
212	__protein2_rbs	13.4	0.0	0.0
212	__protein3_rbs	4.4	0.0	0.0
212	__ribosome	22.6	0.0	0.0
212	__rnase_site_ext	19.4	0.0	0.0
212	p0	0.8	0.0	0.0
212	p2	0.2	0.0	0.0
212	protein1	1054.4	19.0	1.6118127999999998
212	protein2	1069.0	20.4	1.7665371999999997
212	protein3	335.6	6.8	1.62
212	rnapol	0.8	0.0	0.0
213	__protein1_rbs	12.8	0.0	0.0
213	__protein2_rbs	13.2	0.0	0.0
213	__protein3_rbs	4.4	0.0	0.0
213	__ribosome	24.2	0.0	0.0
213	__rnase_site_ext	19.4	0.0	0.0
213	p0	0.8	0.0	0.0
213	p2	0.6	0.0	0.0
213	protein1	1061.8	19.0	1.5530993999999998
213	protein2	1077.4	20.0	1.7659904000000002
213	protein3	337.8	7.0	1.6696970000000002
213	rnapol	1.0	0.0	0.0
214	__protein1_rbs	13.0	0.0	0.0
214	__protein2_rbs	13.4	0.0	0.0
214	__protein3_rbs	5.2	0.0	0.0
214	__ribosome	23.4	0.0	0.0
214	__rnase_site_ext	19.8	0.0	0.0
214	p0	0.8	0.0	0.0
214	p2	0.8	0.0	0.0
214	protein1	1066.6	19.2	1.6396826
214	protein2	1085.0	19.8	1.7550723999999998
214	protein3	340.6	6.8	1.6649999999999998
214	rnapol	0.8	0.0	0.0
215	__protein1_rbs	12.8	0.0	0.0
215	__protein2_rbs	12.6	0.0	0.0
215	__protein3_rbs	5.2	0.0	0.0
215	__ribosome	25.4	0.0	0.0
215	__rnase_site_ext	19.8	0.0	0.0
215	p0	0.2	0.0	0.0
215	p2	0.6	0.0	0.0
215	protein1	1074.2	19.6	1.5456139999999998
215	protein2	1093.6	19.8	1.7319776000000002
215	protein3	342.6	6.8	1.5986364
215	rnapol	0.4	0.0	0.0
216	__protein1_rbs	12.4	0.0	0.0
216	__protein2_rbs	12.2	0.0	0.0
216	__protein3_rbs	4.2	0.0	0.0
216	__ribosome	23.4	0.0	0.0
216	__rnase_site_ext	20.4	0.0	0.0
216	p0	0.8	0.0	0.0
216	p2	0.8	0.0	0.0
216	protein1	1081.4	19.6	1.5944444
216	protein2	1100.8	19.8	1.7349070000000002
216	protein3	345.0	7.2	1.5683334
216	rnapol	0.4	0.0	0.0
217	__protein1_rbs	13.8	0.0	0.0
217	__protein2_rbs	12.6	0.0	0.0
217	__protein3_rbs	5.8	0.0	0.0
217	__ribosome	26.0	0.0	0.0
217	__rnase_site_ext	20.6	0.0	0.0
217	p0	0.4	0.0	0.0
217	p2	1.0	0.0	0.0
217	protein1	1088.6	20.2	1.5042605999999998
217	protein2	1108.8	19.4	1.6886552
217	protein3	347.2	7.2	1.469091
217	rnapol	0.0	0.0	0.0
218	__protein1_rbs	12.2	0.0	0.0
218	__protein2_rbs	12.6	0.0	0.0
218	__protein3_rbs	6.0	0.0	0.0
218	__ribosome	23.6	0.0	0.0
218	__rnase_site_ext	21.0	0.0	0.0
218	p0	1.0	0.0	0.0
218	p2	1.0	0.0	0.0
218	protein1	1095.2	20.4	1.5635248000000002
218	protein2	1115.2	19.6	1.7563076000000002
218	protein3	350.0	7.4	1.3224244000000005
218	rnapol	0.2	0.0	0.0
219	__protein1_rbs	14.6	0.0	0.0
219	__protein2_rbs	12.4	0.0	0.0
219	__protein3_rbs	4.6	0.0	0.0
219	__ribosome	22.8	0.0	0.0
219	__rnase_site_ext	21.0	0.0	0.0
219	p0	1.0	0.0	0.0
219	p2	0.8	0.0	0.0
219	protein1	1101.0	20.8	1.5440691999999998
219	protein2	1123.2	19.4	1.7515038
219	protein3	352.0	7.4	1.458788
219	rnapol	0.2	0.0	0.0
220	__protein1_rbs	15.4	0.0	0.0
220	__protein2_rbs	13.6	0.0	0.0
220	__protein3_rbs	5.4	0.0	0.0
220	__ribosome	25.6	0.0	0.0
220	__rnase_site_ext	21.0	0.0	0.0
220	p0	0.6	0.0	0.0
220	p2	1.0	0.0	0.0
220	protein1	1108.4	20.8	1.4691776
220	protein2	1131.2	19.6	1.6693886000000002
220	protein3	354.4	7.4	1.5442424
220	rnapol	0.0	0.0	0.0
221	__protein1_rbs	13.2	0.0	0.0
221	__protein2_rbs	12.2	0.0	0.0
221	__protein3_rbs	5.4	0.0	0.0
221	__ribosome	20.6	0.0	0.0
221	__rnase_site_ext	21.0	0.0	0.0
221	p0	1.0	0.0	0.0
221	p2	0.8	0.0	0.0
221	protein1	1114.4	20.6	1.6308318000000002
221	protein2	1136.4	19.6	1.7924827999999997
221	protein3	356.6	7.4	1.4478788
221	rnapol	0.6	0.0	0.0
222	__protein1_rbs	14.8	0.0	0.0
222	__protein2_rbs	14.2	0.0	0.0
222	__protein3_rbs	4.6	0.0	0.0
222	__ribosome	24.2	0.0	0.0
222	__rnase_site_ext	21.2	0.0	0.0
222	p0	1.0	0.0	0.0
222	p2	0.8	0.0	0.0
222	protein1	1121.8	20.8	1.5690909999999998
222	protein2	1145.6	20.2	1.5700477999999998
222	protein3	359.2	7.4	1.5527271999999999
222	rnapol	0.2	0.0	0.0
223	__protein1_rbs	11.8	0.0	0.0
223	__protein2_rbs	15.4	0.0	0.0
223	__protein3_rbs	4.4	0.0	0.0
223	__ribosome	21.6	0.0	0.0
223	__rnase_site_ext	21.0	0.0	0.0
223	p0	1.0	0.0	0.0
223	p2	0.8	0.0	0.0
223	protein1	1129.6	21.0	1.6393076000000002
223	protein2	1153.4	21.0	1.489089
223	protein3	361.4	7.2	1.8133333999999999
223	rnapol	0.6	0.0	0.0
224	__protein1_rbs	15.4	0.0	0.0
224	__protein2_rbs	14.4	0.0	0.0
224	__protein3_rbs	5.2	0.0	0.0
224	__ribosome	24.4	0.0	0.0
224	__rnase_site_ext	21.4	0.0	0.0
224	p0	0.6	0.0	0.0
224	p2	1.0	0.0	0.0
224	protein1	1135.4	20.8	1.6725976000000002
224	protein2	1162.0	21.2	1.3844512000000002
224	protein3	364.2	7.0	1.6800000000000002
224	rnapol	0.2	0.0	0.0
225	__protein1_rbs	14.8	0.0	0.0
225	__protein2_rbs	13.6	0.0	0.0
225	__protein3_rbs	4.6	0.0	0.0
225	__ribosome	23.2	0.0	0.0
225	__rnase_site_ext	21.2	0.0	0.0
225	p0	0.8	0.0	0.0
225	p2	0.6	0.0	0.0
225	protein1	1144.0	21.2	1.558658
225	protein2	1167.6	21.0	1.5260042
225	protein3	366.0	7.0	1.6599999999999997
225	rnapol	0.2	0.0	0.0
226	__protein1_rbs	13.4	0.0	0.0
226	__protein2_rbs	14.2	0.0	0.0
226	__protein3_rbs	4.6	0.0	0.0
226	__ribosome	22.0	0.0	0.0
226	__rnase_site_ext	21.6	0.0	0.0
226	p0	1.0	0.0	0.0
226	p2	0.4	0.0	0.0
226	protein1	1151.0	21.2	1.6417316000000002
226	protein2	1175.0	21.4	1.5039206
226	protein3	369.2	7.0	1.56
226	rnapol	0.0	0.0	0.0
227	__protein1_rbs	13.8	0.0	0.0
227	__protein2_rbs	15.4	0.0	0.0
227	__protein3_rbs	4.2	0.0	0.0
227	__ribosome	21.8	0.0	0.0
227	__rnase_site_ext	21.6	0.0	0.0
227	p0	1.0	0.0	0.0
227	p2	0.6	0.0	0.0
227	protein1	1158.4	21.4	1.6641147999999997
227	protein2	1181.6	21.4	1.5172332000000002
227	protein3	372.8	6.8	1.4733333999999998
227	rnapol	0.4	0.0	0.0
228	__protein1_rbs	15.2	0.0	0.0
228	__protein2_rbs	15.6	0.0	0.0
228	__protein3_rbs	4.0	0.0	0.0
228	__ribosome	23.2	0.0	0.0
228	__rnase_site_ext	21.6	0.0	0.0
228	p0	1.0	0.0	0.0
228	p2	0.4	0.0	0.0
228	protein1	1167.2	21.4	1.556938
228	protein2	1187.6	21.4	1.524267
228	protein3	374.4	6.8	1.5977777999999998
228	rnapol	0.6	0.0	0.0
229	__protein1_rbs	15.2	0.0	0.0
229	__protein2_rbs	14.8	0.0	0.0
229	__protein3_rbs	4.6	0.0	0.0
229	__ribosome	22.4	0.0	0.0
229	__rnase_site_ext	21.8	0.0	0.0
229	p0	0.8	0.0	0.0
229	p2	0.8	0.0	0.0
229	protein1	1174.0	21.4	1.5824986
229	protein2	1195.8	21.6	1.5225092000000002
229	protein3	376.4	6.8	1.6733334000000002
229	rnapol	0.4	0.0	0.0
230	__protein1_rbs	16.0	0.0	0.0
230	__protein2_rbs	14.6	0.0	0.0
230	__protein3_rbs	5.2	0.0	0.0
230	__ribosome	23.8	0.0	0.0
230	__rnase_site_ext	22.2	0.0	0.0
230	p0	0.8	0.0	0.0
230	p2	0.6	0.0	0.0
230	protein1	1182.0	21.6	1.4652768000000005
230	protein2	1203.4	21.8	1.5787318
230	protein3	378.8	6.6	1.5711111999999998
230	rnapol	0.4	0.0	0.0
231	__protein1_rbs	14.2	0.0	0.0
231	__protein2_rbs	14.4	0.0	0.0
231	__protein3_rbs	4.4	0.0	0.0
231	__ribosome	23.6	0.0	0.0
231	__rnase_site_ext	22.2	0.0	0.0
231	p0	1.0	0.0	0.0
231	p2	0.6	0.0	0.0
231	protein1	1190.2	22.0	1.4534989999999999
231	protein2	1211.0	21.6	1.5709954
231	protein3	381.6	6.8	1.5399999999999998
231	rnapol	0.4	0.0	0.0
232	__protein1_rbs	16.2	0.0	0.0
232	__protein2_rbs	16.4	0.0	0.0
232	__protein3_rbs	4.6	0.0	0.0
232	__ribosome	23.6	0.0	0.0
232	__rnase_site_ext	22.2	0.0	0.0
232	p0	0.8	0.0	0.0
232	p2	0.8	0.0	0.0
232	protein1	1198.4	22.0	1.411884
232	protein2	1216.4	22.0	1.5621496
232	protein3	384.0	7.0	1.5533333999999999
232	rnapol	0.0	0.0	0.0
233	__protein1_rbs	14.8	0.0	0.0
233	__protein2_rbs	14.6	0.0	0.0
233	__protein3_rbs	3.8	0.0	0.0
233	__ribosome	21.0	0.0	0.0
233	__rnase_site_ext	21.8	0.0	0.0
233	p0	1.0	0.0	0.0
233	p2	0.4	0.0	0.0
233	protein1	1204.0	21.8	1.5178260000000001
233	protein2	1224.6	22.0	1.5438923999999998
233	protein3	386.4	7.0	1.64
233	rnapol	0.4	0.0	0.0
234	__protein1_rbs	14.8	0.0	0.0
234	__protein2_rbs	14.4	0.0	0.0
234	__protein3_rbs	4.8	0.0	0.0
234	__ribosome	20.4	0.0	0.0
234	__rnase_site_ext	21.4	0.0	0.0
234	p0	0.8	0.0	0.0
234	p2	0.6	0.0	0.0
234	protein1	1210.6	21.6	1.559978
234	protein2	1233.8	22.2	1.5229060000000003
234	protein3	388.2	7.0	1.6671428
234	rnapol	0.2	0.0	0.0
235	__protein1_rbs	16.0	0.0	0.0
235	__protein2_rbs	15.4	0.0	0.0
235	__protein3_rbs	4.6	0.0	0.0
235	__ribosome	23.4	0.0	0.0
235	__rnase_site_ext	21.8	0.0	0.0
235	p0	0.6	0.0	0.0
235	p2	1.0	0.0	0.0
235	protein1	1218.8	21.2	1.4724750000000002
235	protein2	1240.8	22.2	1.5417390000000002
235	protein3	391.2	7.0	1.5226984
235	rnapol	0.2	0.0	0.0
236	__protein1_rbs	12.6	0.0	0.0
236	__protein2_rbs	14.0	0.0	0.0
236	__protein3_rbs	4.6	0.0	0.0
236	__ribosome	20.2	0.0	0.0
236	__rnase_site_ext	21.4	0.0	0.0
236	p0	1.0	0.0	0.0
236	p2	0.8	0.0	0.0
236	protein1	1226.4	21.4	1.5313333999999998
236	protein2	1248.4	22.0	1.6173520000000001
236	protein3	393.6	7.0	1.580635
236	rnapol	0.6	0.0	0.0
237	__protein1_rbs	14.6	0.0	0.0
237	__protein2_rbs	17.0	0.0	0.0
237	__protein3_rbs	4.8	0.0	0.0
237	__ribosome	22.0	0.0	0.0
237	__rnase_site_ext	22.0	0.0	0.0
237	p0	0.8	0.0	0.0
237	p2	0.8	0.0	0.0
237	protein1	1234.4	21.6	1.5084094
237	protein2	1255.0	22.2	1.5532016000000002
237	protein3	396.4	7.2	1.5344879999999999
237	rnapol	0.2	0.0	0.0
238	__protein1_rbs	14.6	0.0	0.0
238	__protein2_rbs	14.6	0.0	0.0
238	__protein3_rbs	4.4	0.0	0.0
238	__ribosome	20.2	0.0	0.0
238	__rnase_site_ext	22.2	0.0	0.0
238	p0	0.8	0.0	0.0
238	p2	0.4	0.0	0.0
238	protein1	1240.0	21.8	1.5854866
238	protein2	1264.0	22.6	1.5086534
238	protein3	399.2	7.2	1.6496392
238	rnapol	0.4	0.0	0.0
239	__protein1_rbs	15.0	0.0	0.0
239	__protein2_rbs	15.2	0.0	0.0
239	__protein3_rbs	6.4	0.0	0.0
239	__ribosome	21.4	0.0	0.0
239	__rnase_site_ext	22.0	0.0	0.0
239	p0	0.8	0.0	0.0
239	p2	0.4	0.0	0.0
239	protein1	1246.6	22.0	1.6022708
239	protein2	1272.4	22.6	1.467857
239	protein3	401.4	7.2	1.4510676000000002
239	rnapol	0.4	0.0	0.0
240	__protein1_rbs	14.6	0.0	0.0
240	__protein2_rbs	16.0	0.0	0.0
240	__protein3_rbs	4.8	0.0	0.0
240	__ribosome	21.0	0.0	0.0
240	__rnase_site_ext	21.8	0.0	0.0
240	p0	0.8	0.0	0.0
240	p2	0.8	0.0	0.0
240	protein1	1255.2	21.8	1.6264604000000005
240	protein2	1279.6	22.6	1.4778846
240	protein3	403.8	7.2	1.4736796
240	rnapol	0.2	0.0	0.0
241	__protein1_rbs	16.4	0.0	0.0
241	__protein2_rbs	14.2	0.0	0.0
241	__protein3_rbs	4.4	0.0	0.0
241	__ribosome	19.4	0.0	0.0
241	__rnase_site_ext	21.6	0.0	0.0
241	p0	0.8	0.0	0.0
241	p2	0.6	0.0	0.0
241	protein1	1263.4	21.8	1.5398896
241	protein2	1285.4	22.8	1.5981508
241	protein3	406.4	7.0	1.5701948
241	rnapol	0.2	0.0	0.0
242	__protein1_rbs	15.2	0.0	0.0
242	__protein2_rbs	16.2	0.0	0.0
242	__protein3_rbs	4.6	0.0	0.0
242	__ribosome	23.4	0.0	0.0
242	__rnase_site_ext	22.0	0.0	0.0
242	p0	0.8	0.0	0.0
242	p2	0.4	0.0	0.0
242	protein1	1271.6	21.4	1.4807358000000002
242	protein2	1294.0	23.0	1.5156396
242	protein3	409.4	7.2	1.3659018
242	rnapol	0.2	0.0	0.0
243	__protein1_rbs	14.6	0.0	0.0
243	__protein2_rbs	17.2	0.0	0.0
243	__protein3_rbs	4.0	0.0	0.0
243	__ribosome	22.4	0.0	0.0
243	__rnase_site_ext	21.8	0.0	0.0
243	p0	1.0	0.0	0.0
243	p2	0.6	0.0	0.0
243	protein1	1279.0	21.8	1.454665
243	protein2	1301.6	23.0	1.4637272
243	protein3	410.6	7.2	1.6072728
243	rnapol	0.2	0.0	0.0
244	__protein1_rbs	14.2	0.0	0.0
244	__protein2_rbs	15.2	0.0	0.0
244	__protein3_rbs	5.4	0.0	0.0
244	__ribosome	20.0	0.0	0.0
244	__rnase_site_ext	21.2	0.0	0.0
244	p0	0.8	0.0	0.0
244	p2	0.8	0.0	0.0
244	protein1	1285.6	21.6	1.5421718
244	protein2	1309.8	23.2	1.4748326000000005
244	protein3	412.6	7.4	1.6324388
244	rnapol	0.2	0.0	0.0
245	__protein1_rbs	15.0	0.0	0.0
245	__protein2_rbs	15.2	0.0	0.0
245	__protein3_rbs	4.8	0.0	0.0
245	__ribosome	21.6	0.0	0.0
245	__rnase_site_ext	21.0	0.0	0.0
245	p0	0.8	0.0	0.0
245	p2	0.6	0.0	0.0
245	protein1	1293.8	20.8	1.5741903999999998
245	protein2	1318.2	23.2	1.4662899999999999
245	protein3	415.6	7.2	1.6361906000000002
245	rnapol	0.2	0.0	0.0
246	__protein1_rbs	13.2	0.0	0.0
246	__protein2_rbs	15.8	0.0	0.0
246	__protein3_rbs	5.4	0.0	0.0
246	__ribosome	19.6	0.0	0.0
246	__rnase_site_ext	21.2	0.0	0.0
246	p0	1.0	0.0	0.0
246	p2	0.8	0.0	0.0
246	protein1	1301.4	20.8	1.6237266000000001
246	protein2	1325.4	23.8	1.4903962
246	protein3	418.0	7.4	1.5295238000000002
246	rnapol	0.2	0.0	0.0
247	__protein1_rbs	16.2	0.0	0.0
247	__protein2_rbs	16.0	0.0	0.0
247	__protein3_rbs	5.4	0.0	0.0
247	__ribosome	18.6	0.0	0.0
247	__rnase_site_ext	20.8	0.0	0.0
247	p0	0.6	0.0	0.0
247	p2	0.8	0.0	0.0
247	protein1	1307.4	21.0	1.5736096000000002
247	protein2	1331.6	23.8	1.5867995999999998
247	protein3	420.6	7.4	1.471746
247	rnapol	0.4	0.0	0.0
248	__protein1_rbs	12.4	0.0	0.0
248	__protein2_rbs	15.4	0.0	0.0
248	__protein3_rbs	4.2	0.0	0.0
248	__ribosome	18.8	0.0	0.0
248	__rnase_site_ext	21.0	0.0	0.0
248	p0	0.8	0.0	0.0
248	p2	0.6	0.0	0.0
248	protein1	1315.4	20.6	1.5942856
248	protein2	1340.0	23.2	1.6288239999999998
248	protein3	424.0	7.2	1.560635
248	rnapol	0.4	0.0	0.0
249	__protein1_rbs	15.0	0.0	0.0
249	__protein2_rbs	14.4	0.0	0.0
249	__protein3_rbs	5.8	0.0	0.0
249	__ribosome	17.8	0.0	0.0
249	__rnase_site_ext	21.2	0.0	0.0
249	p0	0.8	0.0	0.0
249	p2	0.8	0.0	0.0
249	protein1	1322.8	20.8	1.4937172
249	protein2	1346.2	22.8	1.825418
249	protein3	426.4	7.2	1.4034920000000002
249	rnapol	0.4	0.0	0.0
250	__protein1_rbs	13.2	0.0	0.0
250	__protein2_rbs	17.4	0.0	0.0
250	__protein3_rbs	4.4	0.0	0.0
250	__ribosome	20.2	0.0	0.0
250	__rnase_site_ext	21.2	0.0	0.0
250	p0	0.6	0.0	0.0
250	p2	0.2	0.0	0.0
250	protein1	1331.0	21.0	1.4718972
250	protein2	1356.2	23.0	1.6608694
250	protein3	428.0	7.2	1.5938093999999998
250	rnapol	0.2	0.0	0.0
