time	species	protein	transcript	ribo_density
0	__protein1_rbs	0.0	0.0	0.0
0	__protein2_rbs	0.0	0.0	0.0
0	__protein3_rbs	0.0	0.0	0.0
0	__ribosome	100.0	0.0	0.0
0	__rnase_site_ext	0.0	0.0	0.0
0	p0	1.0	0.0	0.0
0	r2	0.0	0.0	0.0
0	rnapol	4.0	0.0	0.0
1	__protein1_rbs	0.0	0.0	0.0
1	__protein2_rbs	0.0	0.0	0.0
1	__protein3_rbs	0.0	0.0	0.0
1	__ribosome	100.0	0.0	0.0
1	__rnase_site_ext	0.8	0.0	0.0
1	p0	0.0	0.0	0.0
1	r2	0.0	0.0	0.0
1	rnapol	3.0	0.0	0.0
2	__protein1_rbs	0.2	0.0	0.0
2	__protein2_rbs	0.0	0.0	0.0
2	__protein3_rbs	0.0	0.0	0.0
2	__ribosome	99.6	0.0	0.0
2	__rnase_site_ext	1.4	0.0	0.0
2	p0	0.4	0.0	0.0
2	protein1	0.0	0.6	0.4
2	r2	0.0	0.0	0.0
2	rnapol	2.4	0.0	0.0
3	__protein1_rbs	0.6	0.0	0.0
3	__protein2_rbs	0.0	0.0	0.0
3	__protein3_rbs	0.0	0.0	0.0
3	__ribosome	99.0	0.0	0.0
3	__rnase_site_ext	2.0	0.0	0.0
3	p0	0.6	0.0	0.0
3	protein1	0.0	1.4	0.7
3	r2	0.0	0.0	0.0
3	rnapol	1.8	0.0	0.0
4	__protein1_rbs	0.8	0.0	0.0
4	__protein2_rbs	0.0	0.0	0.0
4	__protein3_rbs	0.0	0.0	0.0
4	__ribosome	98.0	0.0	0.0
4	__rnase_site_ext	2.8	0.0	0.0
4	p0	0.2	0.0	0.0
4	protein1	0.0	2.0	1.0
4	r2	0.0	0.0	0.0
4	rnapol	1.0	0.0	0.0
5	__protein1_rbs	0.8	0.0	0.0
5	__protein2_rbs	0.0	0.0	0.0
5	__protein3_rbs	0.0	0.0	0.0
5	__ribosome	96.4	0.0	0.0
5	__rnase_site_ext	3.0	0.0	0.0
5	p0	0.6	0.0	0.0
5	protein1	0.0	2.2	1.6333334000000002
5	r2	0.0	0.0	0.0
5	rnapol	0.6	0.0	0.0
6	__protein1_rbs	0.6	0.0	0.0
6	__protein2_rbs	0.0	0.0	0.0
6	__protein3_rbs	0.0	0.0	0.0
6	__ribosome	94.2	0.0	0.0
6	__rnase_site_ext	3.2	0.0	0.0
6	p0	0.8	0.0	0.0
6	protein1	0.0	2.8	2.15
6	r2	0.0	0.0	0.0
6	rnapol	0.4	0.0	0.0
7	__protein1_rbs	1.8	0.0	0.0
7	__protein2_rbs	0.0	0.0	0.0
7	__protein3_rbs	0.0	0.0	0.0
7	__ribosome	93.0	0.0	0.0
7	__rnase_site_ext	3.4	0.0	0.0
7	p0	1.0	0.0	0.0
7	protein1	0.2	3.2	2.1999998
7	r2	0.0	0.0	0.0
7	rnapol	0.4	0.0	0.0
8	__protein1_rbs	1.4	0.0	0.0
8	__protein2_rbs	0.0	0.0	0.0
8	__protein3_rbs	0.0	0.0	0.0
8	__ribosome	91.6	0.0	0.0
8	__rnase_site_ext	3.4	0.0	0.0
8	p0	0.8	0.0	0.0
8	protein1	0.8	3.4	2.4666666
8	r2	0.0	0.0	0.0
8	rnapol	0.2	0.0	0.0
9	__protein1_rbs	1.6	0.0	0.0
9	__protein2_rbs	0.0	0.0	0.0
9	__protein3_rbs	0.0	0.0	0.0
9	__ribosome	90.8	0.0	0.0
9	__rnase_site_ext	3.6	0.0	0.0
9	p0	1.0	0.0	0.0
9	protein1	2.2	3.4	2.65
9	protein2	0.0	0.2	0.2
9	r2	0.0	0.0	0.0
9	rnapol	0.2	0.0	0.0
10	__protein1_rbs	0.8	0.0	0.0
10	__protein2_rbs	0.2	0.0	0.0
10	__protein3_rbs	0.0	0.0	0.0
10	__ribosome	89.0	0.0	0.0
10	__rnase_site_ext	3.6	0.0	0.0
10	p0	0.8	0.0	0.0
10	protein1	3.4	3.6	2.9166666
10	protein2	0.0	0.6	0.6
10	r2	0.0	0.0	0.0
10	rnapol	0.0	0.0	0.0
11	__protein1_rbs	2.4	0.0	0.0
11	__protein2_rbs	1.2	0.0	0.0
11	__protein3_rbs	0.0	0.0	0.0
11	__ribosome	89.2	0.0	0.0
11	__rnase_site_ext	3.8	0.0	0.0
11	p0	1.0	0.0	0.0
11	protein1	5.2	3.6	2.7
11	protein2	0.0	1.6	0.7
11	r2	0.0	0.0	0.0
11	rnapol	0.0	0.0	0.0
12	__protein1_rbs	1.4	0.0	0.0
12	__protein2_rbs	0.6	0.0	0.0
12	__protein3_rbs	0.0	0.0	0.0
12	__ribosome	86.6	0.0	0.0
12	__rnase_site_ext	3.8	0.0	0.0
12	p0	1.0	0.0	0.0
12	protein1	6.8	3.8	2.8166666
12	protein2	0.0	2.0	1.3333334
12	r2	0.0	0.0	0.0
12	rnapol	0.0	0.0	0.0
13	__protein1_rbs	1.2	0.0	0.0
13	__protein2_rbs	1.2	0.0	0.0
13	__protein3_rbs	0.0	0.0	0.0
13	__ribosome	84.6	0.0	0.0
13	__rnase_site_ext	3.8	0.0	0.0
13	p0	1.0	0.0	0.0
13	protein1	9.2	3.8	2.9166666
13	protein2	0.0	2.8	1.5166668
13	r2	0.0	0.0	0.0
13	rnapol	0.0	0.0	0.0
14	__protein1_rbs	1.4	0.0	0.0
14	__protein2_rbs	1.4	0.0	0.0
14	__protein3_rbs	0.0	0.0	0.0
14	__ribosome	82.4	0.0	0.0
14	__rnase_site_ext	3.8	0.0	0.0
14	p0	1.0	0.0	0.0
14	protein1	10.6	3.8	3.1666666
14	protein2	0.2	3.0	1.7833332
14	r2	0.0	0.0	0.0
14	rnapol	0.2	0.0	0.0
15	__protein1_rbs	1.8	0.0	0.0
15	__protein2_rbs	1.8	0.0	0.0
15	__protein3_rbs	0.0	0.0	0.0
15	__ribosome	82.0	0.0	0.0
15	__rnase_site_ext	3.8	0.0	0.0
15	p0	1.0	0.0	0.0
15	protein1	13.2	3.8	2.9833334
15	protein2	0.8	3.6	1.8333334
15	r2	0.0	0.0	0.0
15	rnapol	0.4	0.0	0.0
16	__protein1_rbs	1.6	0.0	0.0
16	__protein2_rbs	1.0	0.0	0.0
16	__protein3_rbs	0.0	0.0	0.0
16	__ribosome	79.8	0.0	0.0
16	__rnase_site_ext	4.4	0.0	0.0
16	p0	0.6	0.0	0.0
16	protein1	14.8	3.8	3.05
16	protein2	1.4	3.6	2.4
16	r2	0.2	0.0	0.0
16	rnapol	0.2	0.0	0.0
17	__protein1_rbs	1.0	0.0	0.0
17	__protein2_rbs	1.0	0.0	0.0
17	__protein3_rbs	0.0	0.0	0.0
17	__ribosome	78.2	0.0	0.0
17	__rnase_site_ext	4.4	0.0	0.0
17	p0	1.0	0.0	0.0
17	protein1	17.2	4.2	2.9666666
17	protein2	2.8	3.8	2.5166666
17	r2	0.6	0.0	0.0
17	rnapol	0.8	0.0	0.0
18	__protein1_rbs	2.4	0.0	0.0
18	__protein2_rbs	1.2	0.0	0.0
18	__protein3_rbs	0.0	0.0	0.0
18	__ribosome	78.0	0.0	0.0
18	__rnase_site_ext	5.0	0.0	0.0
18	p0	0.6	0.0	0.0
18	protein1	19.8	4.4	2.7033334
18	protein2	4.0	3.8	2.6833334
18	r2	0.6	0.0	0.0
18	rnapol	0.6	0.0	0.0
19	__protein1_rbs	2.2	0.0	0.0
19	__protein2_rbs	1.4	0.0	0.0
19	__protein3_rbs	0.4	0.0	0.0
19	__ribosome	77.0	0.0	0.0
19	__rnase_site_ext	5.0	0.0	0.0
19	p0	0.6	0.0	0.0
19	protein1	22.2	4.6	2.62
19	protein2	5.6	4.0	2.8
19	protein3	0.0	0.4	0.0
19	r2	0.6	0.0	0.0
19	rnapol	0.4	0.0	0.0
20	__protein1_rbs	2.4	0.0	0.0
20	__protein2_rbs	1.6	0.0	0.0
20	__protein3_rbs	0.4	0.0	0.0
20	__ribosome	75.2	0.0	0.0
20	__rnase_site_ext	5.6	0.0	0.0
20	p0	0.8	0.0	0.0
20	protein1	23.8	5.0	2.7242857999999996
20	protein2	7.6	3.8	3.0333334
20	protein3	0.0	0.6	0.2
20	r2	0.8	0.0	0.0
20	rnapol	0.8	0.0	0.0
21	__protein1_rbs	3.4	0.0	0.0
21	__protein2_rbs	1.4	0.0	0.0
21	__protein3_rbs	0.4	0.0	0.0
21	__ribosome	74.6	0.0	0.0
21	__rnase_site_ext	5.8	0.0	0.0
21	p0	1.0	0.0	0.0
21	protein1	26.4	5.6	2.4066666000000003
21	protein2	9.0	3.8	3.2333334
21	protein3	0.0	0.6	0.4
21	r2	0.8	0.0	0.0
21	rnapol	0.6	0.0	0.0
22	__protein1_rbs	1.4	0.0	0.0
22	__protein2_rbs	1.8	0.0	0.0
22	__protein3_rbs	0.4	0.0	0.0
22	__ribosome	73.2	0.0	0.0
22	__rnase_site_ext	6.2	0.0	0.0
22	p0	0.6	0.0	0.0
22	protein1	29.0	5.8	2.51
22	protein2	11.8	3.8	3.0666666
22	protein3	0.0	0.8	0.8
22	r2	0.8	0.0	0.0
22	rnapol	0.4	0.0	0.0
23	__protein1_rbs	3.2	0.0	0.0
23	__protein2_rbs	1.2	0.0	0.0
23	__protein3_rbs	0.4	0.0	0.0
23	__ribosome	73.0	0.0	0.0
23	__rnase_site_ext	6.4	0.0	0.0
23	p0	0.8	0.0	0.0
23	protein1	31.6	6.2	2.3216666
23	protein2	14.2	3.8	3.0
23	protein3	0.0	0.8	1.2
23	r2	0.8	0.0	0.0
23	rnapol	0.2	0.0	0.0
24	__protein1_rbs	2.2	0.0	0.0
24	__protein2_rbs	2.6	0.0	0.0
24	__protein3_rbs	0.6	0.0	0.0
24	__ribosome	72.0	0.0	0.0
24	__rnase_site_ext	6.4	0.0	0.0
24	p0	0.8	0.0	0.0
24	protein1	33.8	6.2	2.5716666
24	protein2	16.4	4.0	2.6766666
24	protein3	0.0	0.8	1.4
24	r2	0.8	0.0	0.0
24	rnapol	0.4	0.0	0.0
25	__protein1_rbs	2.2	0.0	0.0
25	__protein2_rbs	1.4	0.0	0.0
25	__protein3_rbs	0.2	0.0	0.0
25	__ribosome	69.6	0.0	0.0
25	__rnase_site_ext	6.6	0.0	0.0
25	p0	0.8	0.0	0.0
25	protein1	37.0	6.4	2.6666668
25	protein2	18.4	4.4	2.6766666
25	protein3	0.2	0.8	1.8
25	r2	0.8	0.0	0.0
25	rnapol	0.6	0.0	0.0
26	__protein1_rbs	2.6	0.0	0.0
26	__protein2_rbs	1.8	0.0	0.0
26	__protein3_rbs	0.4	0.0	0.0
26	__ribosome	67.6	0.0	0.0
26	__rnase_site_ext	6.8	0.0	0.0
26	p0	1.0	0.0	0.0
26	protein1	39.4	6.6	2.7809524
26	protein2	20.8	4.6	2.6866666
26	protein3	0.4	0.8	2.0
26	r2	0.8	0.0	0.0
26	rnapol	0.4	0.0	0.0
27	__protein1_rbs	3.2	0.0	0.0
27	__protein2_rbs	1.8	0.0	0.0
27	__protein3_rbs	0.2	0.0	0.0
27	__ribosome	67.0	0.0	0.0
27	__rnase_site_ext	6.6	0.0	0.0
27	p0	1.0	0.0	0.0
27	protein1	43.6	7.0	2.5773808
27	protein2	23.2	5.0	2.66
27	protein3	0.8	0.8	2.0
27	r2	0.8	0.0	0.0
27	rnapol	0.6	0.0	0.0
28	__protein1_rbs	3.2	0.0	0.0
28	__protein2_rbs	2.0	0.0	0.0
28	__protein3_rbs	0.2	0.0	0.0
28	__ribosome	64.2	0.0	0.0
28	__rnase_site_ext	6.8	0.0	0.0
28	p0	0.6	0.0	0.0
28	protein1	45.4	6.8	2.9142857999999996
28	protein2	25.0	5.4	2.6014286
28	protein3	1.2	0.8	2.2
28	r2	0.8	0.0	0.0
28	rnapol	0.2	0.0	0.0
29	__protein1_rbs	2.8	0.0	0.0
29	__protein2_rbs	3.2	0.0	0.0
29	__protein3_rbs	0.2	0.0	0.0
29	__ribosome	64.2	0.0	0.0
29	__rnase_site_ext	6.6	0.0	0.0
29	p0	0.8	0.0	0.0
29	protein1	50.2	6.6	2.890476
29	protein2	26.8	5.6	2.575238
29	protein3	1.4	0.8	2.6
29	r2	0.8	0.0	0.0
29	rnapol	0.2	0.0	0.0
30	__protein1_rbs	2.2	0.0	0.0
30	__protein2_rbs	3.0	0.0	0.0
30	__protein3_rbs	0.4	0.0	0.0
30	__ribosome	63.4	0.0	0.0
30	__rnase_site_ext	6.8	0.0	0.0
30	p0	1.0	0.0	0.0
30	protein1	53.0	6.6	3.0571428
30	protein2	29.8	6.2	2.3066666000000002
30	protein3	1.8	0.8	2.4
30	r2	0.8	0.0	0.0
30	rnapol	0.4	0.0	0.0
31	__protein1_rbs	3.2	0.0	0.0
31	__protein2_rbs	2.8	0.0	0.0
31	__protein3_rbs	0.0	0.0	0.0
31	__ribosome	62.6	0.0	0.0
31	__rnase_site_ext	7.2	0.0	0.0
31	p0	0.8	0.0	0.0
31	protein1	57.2	6.8	2.8142857999999995
31	protein2	32.0	6.4	2.4749998
31	protein3	2.4	0.8	2.6
31	r2	0.8	0.0	0.0
31	rnapol	0.4	0.0	0.0
32	__protein1_rbs	2.8	0.0	0.0
32	__protein2_rbs	3.0	0.0	0.0
32	__protein3_rbs	0.4	0.0	0.0
32	__ribosome	62.2	0.0	0.0
32	__rnase_site_ext	6.6	0.0	0.0
32	p0	0.8	0.0	0.0
32	protein1	61.0	7.0	2.8
32	protein2	35.0	6.6	2.4321428000000003
32	protein3	3.0	0.8	2.2
32	r2	0.8	0.0	0.0
32	rnapol	0.6	0.0	0.0
33	__protein1_rbs	2.2	0.0	0.0
33	__protein2_rbs	3.2	0.0	0.0
33	__protein3_rbs	0.2	0.0	0.0
33	__ribosome	60.8	0.0	0.0
33	__rnase_site_ext	7.0	0.0	0.0
33	p0	1.0	0.0	0.0
33	protein1	65.2	6.6	3.1666666
33	protein2	38.0	6.8	2.4642856
33	protein3	3.6	0.8	2.2
33	r2	0.8	0.0	0.0
33	rnapol	0.6	0.0	0.0
34	__protein1_rbs	2.4	0.0	0.0
34	__protein2_rbs	2.8	0.0	0.0
34	__protein3_rbs	0.6	0.0	0.0
34	__ribosome	60.2	0.0	0.0
34	__rnase_site_ext	7.2	0.0	0.0
34	p0	0.8	0.0	0.0
34	protein1	69.4	7.0	2.9688887999999998
34	protein2	41.2	7.0	2.4940477999999997
34	protein3	4.0	0.8	2.0
34	r2	1.2	0.0	0.0
34	rnapol	0.4	0.0	0.0
35	__protein1_rbs	2.6	0.0	0.0
35	__protein2_rbs	2.6	0.0	0.0
35	__protein3_rbs	0.2	0.0	0.0
35	__ribosome	57.4	0.0	0.0
35	__rnase_site_ext	7.4	0.0	0.0
35	p0	0.8	0.0	0.0
35	protein1	72.8	7.2	2.942857
35	protein2	44.0	7.0	2.6773808
35	protein3	4.0	0.8	2.8
35	r2	1.2	0.0	0.0
35	rnapol	0.8	0.0	0.0
36	__protein1_rbs	3.6	0.0	0.0
36	__protein2_rbs	3.0	0.0	0.0
36	__protein3_rbs	0.6	0.0	0.0
36	__ribosome	58.2	0.0	0.0
36	__rnase_site_ext	7.4	0.0	0.0
36	p0	1.0	0.0	0.0
36	protein1	76.4	7.2	2.8642857999999998
36	protein2	47.4	7.0	2.6690476000000003
36	protein3	4.4	0.8	2.6
36	r2	1.2	0.0	0.0
36	rnapol	0.8	0.0	0.0
37	__protein1_rbs	3.4	0.0	0.0
37	__protein2_rbs	3.0	0.0	0.0
37	__protein3_rbs	0.0	0.0	0.0
37	__ribosome	57.4	0.0	0.0
37	__rnase_site_ext	7.4	0.0	0.0
37	p0	1.0	0.0	0.0
37	protein1	80.8	7.4	2.7295236000000003
37	protein2	50.4	7.2	2.707143
37	protein3	5.2	1.2	2.7
37	r2	1.2	0.0	0.0
37	rnapol	0.8	0.0	0.0
38	__protein1_rbs	2.8	0.0	0.0
38	__protein2_rbs	2.6	0.0	0.0
38	__protein3_rbs	1.0	0.0	0.0
38	__ribosome	58.0	0.0	0.0
38	__rnase_site_ext	7.8	0.0	0.0
38	p0	0.6	0.0	0.0
38	protein1	85.0	7.4	2.7346032000000005
38	protein2	55.0	7.4	2.5892856
38	protein3	5.8	1.2	2.2
38	r2	1.2	0.0	0.0
38	rnapol	0.2	0.0	0.0
39	__protein1_rbs	3.6	0.0	0.0
39	__protein2_rbs	3.4	0.0	0.0
39	__protein3_rbs	0.2	0.0	0.0
39	__ribosome	56.0	0.0	0.0
39	__rnase_site_ext	8.0	0.0	0.0
39	p0	0.8	0.0	0.0
39	protein1	89.2	7.8	2.615
39	protein2	57.4	7.6	2.7277778
39	protein3	6.0	1.2	2.8
39	r2	1.6	0.0	0.0
39	rnapol	0.2	0.0	0.0
40	__protein1_rbs	2.6	0.0	0.0
40	__protein2_rbs	3.0	0.0	0.0
40	__protein3_rbs	0.4	0.0	0.0
40	__ribosome	54.8	0.0	0.0
40	__rnase_site_ext	8.0	0.0	0.0
40	p0	0.8	0.0	0.0
40	protein1	93.6	8.0	2.5805556000000003
40	protein2	62.0	7.8	2.688889
40	protein3	6.4	1.2	3.1
40	r2	1.6	0.0	0.0
40	rnapol	0.0	0.0	0.0
41	__protein1_rbs	4.4	0.0	0.0
41	__protein2_rbs	3.2	0.0	0.0
41	__protein3_rbs	0.4	0.0	0.0
41	__ribosome	52.8	0.0	0.0
41	__rnase_site_ext	8.2	0.0	0.0
41	p0	1.0	0.0	0.0
41	protein1	96.8	8.0	2.6416666
41	protein2	65.4	8.2	2.7142858
41	protein3	7.0	1.6	2.7
41	r2	1.8	0.0	0.0
41	rnapol	0.0	0.0	0.0
42	__protein1_rbs	4.4	0.0	0.0
42	__protein2_rbs	5.6	0.0	0.0
42	__protein3_rbs	0.6	0.0	0.0
42	__ribosome	54.0	0.0	0.0
42	__rnase_site_ext	8.0	0.0	0.0
42	p0	1.0	0.0	0.0
42	protein1	100.6	8.2	2.5861112
42	protein2	69.4	8.4	2.4798414
42	protein3	7.8	1.6	2.4
42	r2	1.8	0.0	0.0
42	rnapol	0.6	0.0	0.0
43	__protein1_rbs	2.8	0.0	0.0
43	__protein2_rbs	3.6	0.0	0.0
43	__protein3_rbs	0.6	0.0	0.0
43	__ribosome	53.4	0.0	0.0
43	__rnase_site_ext	8.0	0.0	0.0
43	p0	0.8	0.0	0.0
43	protein1	105.4	8.0	2.6679364
43	protein2	74.0	8.6	2.445
43	protein3	8.6	1.8	2.5333334
43	r2	1.8	0.0	0.0
43	rnapol	0.6	0.0	0.0
44	__protein1_rbs	5.0	0.0	0.0
44	__protein2_rbs	3.6	0.0	0.0
44	__protein3_rbs	1.2	0.0	0.0
44	__ribosome	52.8	0.0	0.0
44	__rnase_site_ext	8.0	0.0	0.0
44	p0	0.8	0.0	0.0
44	protein1	108.6	8.0	2.7577776000000003
44	protein2	77.8	8.2	2.6809524
44	protein3	9.2	1.8	2.3333334
44	r2	1.8	0.0	0.0
44	rnapol	0.4	0.0	0.0
45	__protein1_rbs	2.2	0.0	0.0
45	__protein2_rbs	4.0	0.0	0.0
45	__protein3_rbs	1.0	0.0	0.0
45	__ribosome	52.2	0.0	0.0
45	__rnase_site_ext	8.0	0.0	0.0
45	p0	1.0	0.0	0.0
45	protein1	113.2	8.0	2.8085713999999995
45	protein2	81.8	8.2	2.690476
45	protein3	10.0	1.8	2.3666666000000003
45	r2	2.0	0.0	0.0
45	rnapol	0.4	0.0	0.0
46	__protein1_rbs	3.2	0.0	0.0
46	__protein2_rbs	4.2	0.0	0.0
46	__protein3_rbs	1.4	0.0	0.0
46	__ribosome	53.6	0.0	0.0
46	__rnase_site_ext	8.0	0.0	0.0
46	p0	1.0	0.0	0.0
46	protein1	117.2	8.0	2.8847620000000003
46	protein2	86.2	8.2	2.6305556
46	protein3	11.2	1.8	1.8
46	r2	2.2	0.0	0.0
46	rnapol	0.6	0.0	0.0
47	__protein1_rbs	2.8	0.0	0.0
47	__protein2_rbs	5.2	0.0	0.0
47	__protein3_rbs	0.6	0.0	0.0
47	__ribosome	52.2	0.0	0.0
47	__rnase_site_ext	8.6	0.0	0.0
47	p0	0.8	0.0	0.0
47	protein1	121.2	8.0	3.0528572
47	protein2	90.2	8.4	2.4809523999999996
47	protein3	11.8	1.8	2.2666666
47	r2	2.4	0.0	0.0
47	rnapol	0.8	0.0	0.0
48	__protein1_rbs	3.4	0.0	0.0
48	__protein2_rbs	3.4	0.0	0.0
48	__protein3_rbs	0.4	0.0	0.0
48	__ribosome	50.8	0.0	0.0
48	__rnase_site_ext	9.0	0.0	0.0
48	p0	0.4	0.0	0.0
48	protein1	125.8	8.4	2.7688312
48	protein2	94.4	8.6	2.5904762000000003
48	protein3	12.6	2.2	2.1333333999999997
48	r2	2.4	0.0	0.0
48	rnapol	0.4	0.0	0.0
49	__protein1_rbs	4.0	0.0	0.0
49	__protein2_rbs	4.2	0.0	0.0
49	__protein3_rbs	1.2	0.0	0.0
49	__ribosome	51.2	0.0	0.0
49	__rnase_site_ext	9.0	0.0	0.0
49	p0	0.8	0.0	0.0
49	protein1	129.4	8.8	2.6430808
49	protein2	99.6	8.4	2.5733334
49	protein3	13.2	2.4	2.0666666
49	r2	2.6	0.0	0.0
49	rnapol	0.4	0.0	0.0
50	__protein1_rbs	3.4	0.0	0.0
50	__protein2_rbs	5.0	0.0	0.0
50	__protein3_rbs	1.4	0.0	0.0
50	__ribosome	50.4	0.0	0.0
50	__rnase_site_ext	9.4	0.0	0.0
50	p0	0.8	0.0	0.0
50	protein1	133.8	9.0	2.6008082000000003
50	protein2	103.2	8.4	2.5735714
50	protein3	14.2	2.4	2.1333333999999997
50	r2	2.6	0.0	0.0
50	rnapol	0.2	0.0	0.0
51	__protein1_rbs	3.8	0.0	0.0
51	__protein2_rbs	4.2	0.0	0.0
51	__protein3_rbs	1.2	0.0	0.0
51	__ribosome	50.0	0.0	0.0
51	__rnase_site_ext	9.2	0.0	0.0
51	p0	1.0	0.0	0.0
51	protein1	138.6	9.4	2.5321212
51	protein2	107.6	8.4	2.4477778
51	protein3	14.2	2.6	2.5166666
51	r2	2.6	0.0	0.0
51	rnapol	0.2	0.0	0.0
52	__protein1_rbs	3.2	0.0	0.0
52	__protein2_rbs	2.8	0.0	0.0
52	__protein3_rbs	1.2	0.0	0.0
52	__ribosome	47.4	0.0	0.0
52	__rnase_site_ext	8.8	0.0	0.0
52	p0	1.0	0.0	0.0
52	protein1	143.4	9.2	2.6127274
52	protein2	111.2	8.6	2.6203967999999995
52	protein3	15.4	2.6	2.6666666
52	r2	2.6	0.0	0.0
52	rnapol	0.6	0.0	0.0
53	__protein1_rbs	3.2	0.0	0.0
53	__protein2_rbs	5.8	0.0	0.0
53	__protein3_rbs	1.2	0.0	0.0
53	__ribosome	49.2	0.0	0.0
53	__rnase_site_ext	9.0	0.0	0.0
53	p0	1.0	0.0	0.0
53	protein1	147.6	9.0	2.8036364
53	protein2	116.4	8.8	2.2445237999999996
53	protein3	16.8	2.6	2.6
53	r2	2.8	0.0	0.0
53	rnapol	0.4	0.0	0.0
54	__protein1_rbs	3.6	0.0	0.0
54	__protein2_rbs	5.2	0.0	0.0
54	__protein3_rbs	0.8	0.0	0.0
54	__ribosome	48.8	0.0	0.0
54	__rnase_site_ext	9.4	0.0	0.0
54	p0	0.8	0.0	0.0
54	protein1	152.4	9.0	2.8432324
54	protein2	120.4	8.8	2.2264286
54	protein3	18.0	2.6	2.9166666
54	r2	2.8	0.0	0.0
54	rnapol	0.4	0.0	0.0
55	__protein1_rbs	5.4	0.0	0.0
55	__protein2_rbs	4.0	0.0	0.0
55	__protein3_rbs	1.0	0.0	0.0
55	__ribosome	47.4	0.0	0.0
55	__rnase_site_ext	9.8	0.0	0.0
55	p0	0.8	0.0	0.0
55	protein1	156.6	9.4	2.6914142
55	protein2	124.2	9.0	2.3335642
55	protein3	19.0	2.8	2.6166666000000003
55	r2	2.8	0.0	0.0
55	rnapol	0.4	0.0	0.0
56	__protein1_rbs	4.6	0.0	0.0
56	__protein2_rbs	4.6	0.0	0.0
56	__protein3_rbs	1.2	0.0	0.0
56	__ribosome	47.6	0.0	0.0
56	__rnase_site_ext	9.8	0.0	0.0
56	p0	1.0	0.0	0.0
56	protein1	161.4	9.6	2.5168687999999997
56	protein2	128.8	9.2	2.3058007999999997
56	protein3	20.2	2.8	2.6333332
56	r2	2.8	0.0	0.0
56	rnapol	0.6	0.0	0.0
57	__protein1_rbs	3.6	0.0	0.0
57	__protein2_rbs	4.6	0.0	0.0
57	__protein3_rbs	2.4	0.0	0.0
57	__ribosome	47.8	0.0	0.0
57	__rnase_site_ext	9.8	0.0	0.0
57	p0	0.8	0.0	0.0
57	protein1	167.2	9.8	2.5351516
57	protein2	132.8	9.6	2.2813564
57	protein3	22.0	2.8	2.1333333999999997
57	r2	3.0	0.0	0.0
57	rnapol	0.4	0.0	0.0
58	__protein1_rbs	5.2	0.0	0.0
58	__protein2_rbs	4.4	0.0	0.0
58	__protein3_rbs	1.2	0.0	0.0
58	__ribosome	45.8	0.0	0.0
58	__rnase_site_ext	9.8	0.0	0.0
58	p0	1.0	0.0	0.0
58	protein1	172.6	10.2	2.3651948000000003
58	protein2	135.6	10.0	2.4699854
58	protein3	23.4	2.8	2.2333334
58	r2	3.2	0.0	0.0
58	rnapol	0.4	0.0	0.0
59	__protein1_rbs	5.2	0.0	0.0
59	__protein2_rbs	5.6	0.0	0.0
59	__protein3_rbs	1.6	0.0	0.0
59	__ribosome	45.8	0.0	0.0
59	__rnase_site_ext	9.8	0.0	0.0
59	p0	1.0	0.0	0.0
59	protein1	177.0	9.8	2.4523667999999996
59	protein2	140.6	10.0	2.4214286
59	protein3	24.4	3.0	2.1833334
59	r2	3.2	0.0	0.0
59	rnapol	0.6	0.0	0.0
60	__protein1_rbs	4.4	0.0	0.0
60	__protein2_rbs	6.0	0.0	0.0
60	__protein3_rbs	0.8	0.0	0.0
60	__ribosome	45.2	0.0	0.0
60	__rnase_site_ext	10.0	0.0	0.0
60	p0	0.8	0.0	0.0
60	protein1	181.4	9.8	2.5208516
60	protein2	144.8	9.8	2.462222
60	protein3	26.0	3.0	2.35
60	r2	3.2	0.0	0.0
60	rnapol	0.6	0.0	0.0
61	__protein1_rbs	5.6	0.0	0.0
61	__protein2_rbs	5.0	0.0	0.0
61	__protein3_rbs	2.2	0.0	0.0
61	__ribosome	47.4	0.0	0.0
61	__rnase_site_ext	10.0	0.0	0.0
61	p0	1.0	0.0	0.0
61	protein1	185.6	9.8	2.4708656
61	protein2	150.4	10.0	2.2599998
61	protein3	27.4	3.2	2.0433334
61	r2	3.2	0.0	0.0
61	rnapol	1.0	0.0	0.0
62	__protein1_rbs	4.8	0.0	0.0
62	__protein2_rbs	5.2	0.0	0.0
62	__protein3_rbs	0.8	0.0	0.0
62	__ribosome	46.2	0.0	0.0
62	__rnase_site_ext	10.4	0.0	0.0
62	p0	0.6	0.0	0.0
62	protein1	192.0	10.0	2.2730158
62	protein2	154.2	10.0	2.4066666000000003
62	protein3	27.8	3.2	2.6466666
62	r2	3.2	0.0	0.0
62	rnapol	0.6	0.0	0.0
63	__protein1_rbs	5.8	0.0	0.0
63	__protein2_rbs	5.4	0.0	0.0
63	__protein3_rbs	1.8	0.0	0.0
63	__ribosome	47.4	0.0	0.0
63	__rnase_site_ext	10.4	0.0	0.0
63	p0	0.6	0.0	0.0
63	protein1	196.2	10.4	2.2511764
63	protein2	159.4	10.2	2.2153846
63	protein3	29.6	3.2	2.3366666
63	r2	3.4	0.0	0.0
63	rnapol	0.2	0.0	0.0
64	__protein1_rbs	5.2	0.0	0.0
64	__protein2_rbs	4.6	0.0	0.0
64	__protein3_rbs	0.8	0.0	0.0
64	__ribosome	45.4	0.0	0.0
64	__rnase_site_ext	10.6	0.0	0.0
64	p0	0.8	0.0	0.0
64	protein1	201.6	10.4	2.1591852000000005
64	protein2	163.4	10.4	2.2751080000000004
64	protein3	30.8	3.2	2.8433334
64	r2	3.6	0.0	0.0
64	rnapol	0.4	0.0	0.0
65	__protein1_rbs	5.2	0.0	0.0
65	__protein2_rbs	4.8	0.0	0.0
65	__protein3_rbs	1.6	0.0	0.0
65	__ribosome	42.8	0.0	0.0
65	__rnase_site_ext	10.6	0.0	0.0
65	p0	1.0	0.0	0.0
65	protein1	205.8	10.6	2.2470512
65	protein2	167.4	10.6	2.3128004
65	protein3	32.2	3.4	2.75
65	r2	3.6	0.0	0.0
65	rnapol	0.6	0.0	0.0
66	__protein1_rbs	5.0	0.0	0.0
66	__protein2_rbs	6.2	0.0	0.0
66	__protein3_rbs	2.2	0.0	0.0
66	__ribosome	42.4	0.0	0.0
66	__rnase_site_ext	10.8	0.0	0.0
66	p0	0.6	0.0	0.0
66	protein1	209.8	10.8	2.3253146
66	protein2	172.2	10.8	2.2651048
66	protein3	33.8	3.6	2.9
66	r2	3.6	0.0	0.0
66	rnapol	0.6	0.0	0.0
67	__protein1_rbs	5.8	0.0	0.0
67	__protein2_rbs	5.2	0.0	0.0
67	__protein3_rbs	1.2	0.0	0.0
67	__ribosome	42.6	0.0	0.0
67	__rnase_site_ext	10.8	0.0	0.0
67	p0	1.0	0.0	0.0
67	protein1	215.0	10.8	2.2677972
67	protein2	177.2	10.6	2.3456992000000003
67	protein3	35.2	3.6	2.9666666
67	r2	3.6	0.0	0.0
67	rnapol	0.6	0.0	0.0
68	__protein1_rbs	5.6	0.0	0.0
68	__protein2_rbs	5.6	0.0	0.0
68	__protein3_rbs	1.6	0.0	0.0
68	__ribosome	41.4	0.0	0.0
68	__rnase_site_ext	11.0	0.0	0.0
68	p0	0.6	0.0	0.0
68	protein1	219.4	10.8	2.3168804
68	protein2	181.4	10.4	2.4570627999999997
68	protein3	37.2	3.6	2.65
68	r2	3.8	0.0	0.0
68	rnapol	0.4	0.0	0.0
69	__protein1_rbs	4.6	0.0	0.0
69	__protein2_rbs	6.0	0.0	0.0
69	__protein3_rbs	1.4	0.0	0.0
69	__ribosome	40.8	0.0	0.0
69	__rnase_site_ext	11.2	0.0	0.0
69	p0	0.8	0.0	0.0
69	protein1	224.2	10.6	2.5009128
69	protein2	186.4	10.6	2.388951
69	protein3	39.6	3.6	2.5666666
69	r2	3.8	0.0	0.0
69	rnapol	0.4	0.0	0.0
70	__protein1_rbs	6.8	0.0	0.0
70	__protein2_rbs	5.4	0.0	0.0
70	__protein3_rbs	1.6	0.0	0.0
70	__ribosome	42.2	0.0	0.0
70	__rnase_site_ext	11.2	0.0	0.0
70	p0	0.8	0.0	0.0
70	protein1	229.0	11.0	2.2628204
70	protein2	191.2	10.4	2.4584414
70	protein3	41.2	3.8	2.3
70	r2	4.0	0.0	0.0
70	rnapol	0.4	0.0	0.0
71	__protein1_rbs	5.8	0.0	0.0
71	__protein2_rbs	5.2	0.0	0.0
71	__protein3_rbs	2.2	0.0	0.0
71	__ribosome	42.0	0.0	0.0
71	__rnase_site_ext	11.2	0.0	0.0
71	p0	0.8	0.0	0.0
71	protein1	234.8	11.2	2.189658
71	protein2	196.8	10.8	2.3172296
71	protein3	42.0	3.8	2.5
71	r2	3.8	0.0	0.0
71	rnapol	0.6	0.0	0.0
72	__protein1_rbs	6.8	0.0	0.0
72	__protein2_rbs	6.2	0.0	0.0
72	__protein3_rbs	2.4	0.0	0.0
72	__ribosome	42.2	0.0	0.0
72	__rnase_site_ext	11.4	0.0	0.0
72	p0	0.8	0.0	0.0
72	protein1	238.8	11.4	2.1747007999999997
72	protein2	201.8	11.0	2.2281817999999998
72	protein3	43.8	4.0	2.15
72	r2	3.8	0.0	0.0
72	rnapol	0.6	0.0	0.0
73	__protein1_rbs	6.6	0.0	0.0
73	__protein2_rbs	4.8	0.0	0.0
73	__protein3_rbs	2.4	0.0	0.0
73	__ribosome	41.4	0.0	0.0
73	__rnase_site_ext	11.8	0.0	0.0
73	p0	0.6	0.0	0.0
73	protein1	243.8	11.4	2.1971796
73	protein2	206.4	11.2	2.3189394
73	protein3	46.0	4.0	2.0166666
73	r2	3.6	0.0	0.0
73	rnapol	0.2	0.0	0.0
74	__protein1_rbs	6.6	0.0	0.0
74	__protein2_rbs	6.2	0.0	0.0
74	__protein3_rbs	2.0	0.0	0.0
74	__ribosome	42.0	0.0	0.0
74	__rnase_site_ext	12.2	0.0	0.0
74	p0	1.0	0.0	0.0
74	protein1	249.4	11.6	2.1176192000000005
74	protein2	211.4	11.0	2.3093237999999996
74	protein3	47.6	4.0	2.0333334
74	r2	3.6	0.0	0.0
74	rnapol	0.2	0.0	0.0
75	__protein1_rbs	5.8	0.0	0.0
75	__protein2_rbs	4.8	0.0	0.0
75	__protein3_rbs	1.8	0.0	0.0
75	__ribosome	39.8	0.0	0.0
75	__rnase_site_ext	12.0	0.0	0.0
75	p0	1.0	0.0	0.0
75	protein1	254.6	12.2	2.1189009999999997
75	protein2	216.6	11.2	2.3085664
75	protein3	48.8	3.8	2.4666666
75	r2	3.6	0.0	0.0
75	rnapol	0.4	0.0	0.0
76	__protein1_rbs	7.6	0.0	0.0
76	__protein2_rbs	6.6	0.0	0.0
76	__protein3_rbs	1.6	0.0	0.0
76	__ribosome	39.4	0.0	0.0
76	__rnase_site_ext	12.2	0.0	0.0
76	p0	0.8	0.0	0.0
76	protein1	258.8	12.0	2.1461537999999996
76	protein2	220.6	11.4	2.3
76	protein3	51.0	3.8	2.4
76	r2	3.6	0.0	0.0
76	rnapol	0.8	0.0	0.0
77	__protein1_rbs	6.8	0.0	0.0
77	__protein2_rbs	4.0	0.0	0.0
77	__protein3_rbs	1.4	0.0	0.0
77	__ribosome	36.8	0.0	0.0
77	__rnase_site_ext	12.4	0.0	0.0
77	p0	0.4	0.0	0.0
77	protein1	264.2	12.0	2.1780994
77	protein2	226.2	11.6	2.4538462000000005
77	protein3	53.0	3.6	2.85
77	r2	3.6	0.0	0.0
77	rnapol	0.2	0.0	0.0
78	__protein1_rbs	8.6	0.0	0.0
78	__protein2_rbs	7.2	0.0	0.0
78	__protein3_rbs	1.6	0.0	0.0
78	__ribosome	38.0	0.0	0.0
78	__rnase_site_ext	12.8	0.0	0.0
78	p0	1.0	0.0	0.0
78	protein1	268.6	12.4	2.0337662
78	protein2	231.2	11.8	2.2923076
78	protein3	54.2	3.6	2.9833332
78	r2	3.6	0.0	0.0
78	rnapol	0.4	0.0	0.0
79	__protein1_rbs	7.6	0.0	0.0
79	__protein2_rbs	6.6	0.0	0.0
79	__protein3_rbs	2.2	0.0	0.0
79	__ribosome	37.4	0.0	0.0
79	__rnase_site_ext	12.4	0.0	0.0
79	p0	1.0	0.0	0.0
79	protein1	273.8	12.8	1.9869964
79	protein2	236.2	12.2	2.3168498
79	protein3	56.2	3.6	2.9666666
79	r2	3.6	0.0	0.0
79	rnapol	0.8	0.0	0.0
80	__protein1_rbs	7.8	0.0	0.0
80	__protein2_rbs	6.6	0.0	0.0
80	__protein3_rbs	1.8	0.0	0.0
80	__ribosome	39.2	0.0	0.0
80	__rnase_site_ext	12.6	0.0	0.0
80	p0	0.8	0.0	0.0
80	protein1	279.8	12.6	1.8958852
80	protein2	241.4	12.4	2.2907202
80	protein3	58.6	3.6	2.5666667999999997
80	r2	3.4	0.0	0.0
80	rnapol	0.8	0.0	0.0
81	__protein1_rbs	7.8	0.0	0.0
81	__protein2_rbs	7.8	0.0	0.0
81	__protein3_rbs	2.2	0.0	0.0
81	__ribosome	41.0	0.0	0.0
81	__rnase_site_ext	12.6	0.0	0.0
81	p0	0.8	0.0	0.0
81	protein1	284.6	12.4	1.8957142
81	protein2	247.0	12.6	2.1670696
81	protein3	60.2	3.6	2.45
81	r2	3.4	0.0	0.0
81	rnapol	0.8	0.0	0.0
82	__protein1_rbs	6.4	0.0	0.0
82	__protein2_rbs	8.4	0.0	0.0
82	__protein3_rbs	2.2	0.0	0.0
82	__ribosome	42.6	0.0	0.0
82	__rnase_site_ext	12.6	0.0	0.0
82	p0	1.0	0.0	0.0
82	protein1	290.2	12.4	2.0410258000000003
82	protein2	253.4	12.6	2.050909
82	protein3	62.2	3.6	2.2833334
82	r2	3.4	0.0	0.0
82	rnapol	0.8	0.0	0.0
83	__protein1_rbs	5.8	0.0	0.0
83	__protein2_rbs	6.2	0.0	0.0
83	__protein3_rbs	2.0	0.0	0.0
83	__ribosome	40.0	0.0	0.0
83	__rnase_site_ext	12.4	0.0	0.0
83	p0	0.6	0.0	0.0
83	protein1	294.4	12.6	2.1614654
83	protein2	259.0	12.6	2.1043290000000003
83	protein3	64.2	3.6	2.05
83	r2	3.4	0.0	0.0
83	rnapol	0.8	0.0	0.0
84	__protein1_rbs	5.2	0.0	0.0
84	__protein2_rbs	6.8	0.0	0.0
84	__protein3_rbs	1.6	0.0	0.0
84	__ribosome	38.0	0.0	0.0
84	__rnase_site_ext	12.4	0.0	0.0
84	p0	0.8	0.0	0.0
84	protein1	298.8	12.4	2.3921368000000003
84	protein2	265.6	12.6	2.005801
84	protein3	65.6	3.4	2.01
84	r2	3.4	0.0	0.0
84	rnapol	1.0	0.0	0.0
85	__protein1_rbs	6.6	0.0	0.0
85	__protein2_rbs	6.6	0.0	0.0
85	__protein3_rbs	2.2	0.0	0.0
85	__ribosome	37.2	0.0	0.0
85	__rnase_site_ext	12.8	0.0	0.0
85	p0	0.2	0.0	0.0
85	protein1	304.0	12.2	2.4174602000000003
85	protein2	270.4	13.0	2.0435564
85	protein3	67.4	3.4	1.98
85	r2	3.4	0.0	0.0
85	rnapol	0.4	0.0	0.0
86	__protein1_rbs	7.2	0.0	0.0
86	__protein2_rbs	7.0	0.0	0.0
86	__protein3_rbs	1.8	0.0	0.0
86	__ribosome	34.6	0.0	0.0
86	__rnase_site_ext	13.0	0.0	0.0
86	p0	0.8	0.0	0.0
86	protein1	308.0	12.4	2.4996584
86	protein2	274.6	13.2	2.1116200000000003
86	protein3	68.8	3.4	2.1633334
86	r2	3.4	0.0	0.0
86	rnapol	0.6	0.0	0.0
87	__protein1_rbs	7.4	0.0	0.0
87	__protein2_rbs	8.6	0.0	0.0
87	__protein3_rbs	2.2	0.0	0.0
87	__ribosome	36.8	0.0	0.0
87	__rnase_site_ext	12.8	0.0	0.0
87	p0	1.0	0.0	0.0
87	protein1	314.8	12.8	2.2866665999999998
87	protein2	280.0	13.4	2.0209848000000004
87	protein3	70.4	3.4	1.9633334
87	r2	3.4	0.0	0.0
87	rnapol	0.6	0.0	0.0
88	__protein1_rbs	7.0	0.0	0.0
88	__protein2_rbs	8.0	0.0	0.0
88	__protein3_rbs	2.2	0.0	0.0
88	__ribosome	37.2	0.0	0.0
88	__rnase_site_ext	12.8	0.0	0.0
88	p0	0.6	0.0	0.0
88	protein1	321.2	13.0	2.256923
88	protein2	285.6	13.4	1.9722944
88	protein3	71.4	3.4	2.2
88	r2	3.4	0.0	0.0
88	rnapol	0.2	0.0	0.0
89	__protein1_rbs	8.0	0.0	0.0
89	__protein2_rbs	7.8	0.0	0.0
89	__protein3_rbs	2.0	0.0	0.0
89	__ribosome	38.8	0.0	0.0
89	__rnase_site_ext	13.0	0.0	0.0
89	p0	1.0	0.0	0.0
89	protein1	328.4	12.6	2.2071062
89	protein2	291.2	13.4	2.005065
89	protein3	73.0	3.4	2.1266666
89	r2	3.6	0.0	0.0
89	rnapol	0.2	0.0	0.0
90	__protein1_rbs	6.0	0.0	0.0
90	__protein2_rbs	7.2	0.0	0.0
90	__protein3_rbs	2.2	0.0	0.0
90	__ribosome	37.2	0.0	0.0
90	__rnase_site_ext	13.4	0.0	0.0
90	p0	0.6	0.0	0.0
90	protein1	334.2	13.0	2.2380952
90	protein2	296.6	13.6	2.037143
90	protein3	74.6	3.4	2.02
90	r2	3.6	0.0	0.0
90	rnapol	0.2	0.0	0.0
91	__protein1_rbs	8.2	0.0	0.0
91	__protein2_rbs	6.6	0.0	0.0
91	__protein3_rbs	1.6	0.0	0.0
91	__ribosome	36.6	0.0	0.0
91	__rnase_site_ext	13.6	0.0	0.0
91	p0	0.8	0.0	0.0
91	protein1	339.6	13.0	2.1547616
91	protein2	302.4	13.6	2.1185713999999995
91	protein3	75.8	3.4	2.1766666
91	r2	3.6	0.0	0.0
91	rnapol	0.2	0.0	0.0
92	__protein1_rbs	8.2	0.0	0.0
92	__protein2_rbs	7.8	0.0	0.0
92	__protein3_rbs	2.2	0.0	0.0
92	__ribosome	37.0	0.0	0.0
92	__rnase_site_ext	13.6	0.0	0.0
92	p0	1.0	0.0	0.0
92	protein1	344.6	13.6	2.0625916
92	protein2	307.4	13.4	2.1423810000000003
92	protein3	77.6	3.6	2.01
92	r2	4.0	0.0	0.0
92	rnapol	0.0	0.0	0.0
93	__protein1_rbs	8.0	0.0	0.0
93	__protein2_rbs	7.8	0.0	0.0
93	__protein3_rbs	2.6	0.0	0.0
93	__ribosome	38.2	0.0	0.0
93	__rnase_site_ext	13.4	0.0	0.0
93	p0	1.0	0.0	0.0
93	protein1	351.0	13.6	1.9808424
93	protein2	312.6	13.8	2.1050002
93	protein3	79.2	3.6	1.92
93	r2	4.0	0.0	0.0
93	rnapol	0.2	0.0	0.0
94	__protein1_rbs	5.6	0.0	0.0
94	__protein2_rbs	8.2	0.0	0.0
94	__protein3_rbs	2.6	0.0	0.0
94	__ribosome	37.0	0.0	0.0
94	__rnase_site_ext	13.6	0.0	0.0
94	p0	0.8	0.0	0.0
94	protein1	356.8	13.4	2.1297620000000004
94	protein2	319.8	14.2	1.9921793999999997
94	protein3	80.0	4.0	1.9
94	r2	4.0	0.0	0.0
94	rnapol	0.0	0.0	0.0
95	__protein1_rbs	8.2	0.0	0.0
95	__protein2_rbs	7.0	0.0	0.0
95	__protein3_rbs	2.4	0.0	0.0
95	__ribosome	36.2	0.0	0.0
95	__rnase_site_ext	13.6	0.0	0.0
95	p0	0.8	0.0	0.0
95	protein1	363.6	13.6	1.9475002000000001
95	protein2	325.0	14.6	2.0912324
95	protein3	81.2	4.0	1.9833333999999998
95	r2	3.6	0.0	0.0
95	rnapol	0.0	0.0	0.0
96	__protein1_rbs	6.0	0.0	0.0
96	__protein2_rbs	8.6	0.0	0.0
96	__protein3_rbs	2.2	0.0	0.0
96	__ribosome	34.0	0.0	0.0
96	__rnase_site_ext	13.4	0.0	0.0
96	p0	1.0	0.0	0.0
96	protein1	368.2	13.6	2.1316666
96	protein2	331.8	14.8	1.9908964
96	protein3	82.6	4.0	2.1
96	r2	3.6	0.0	0.0
96	rnapol	0.0	0.0	0.0
97	__protein1_rbs	8.4	0.0	0.0
97	__protein2_rbs	9.4	0.0	0.0
97	__protein3_rbs	2.4	0.0	0.0
97	__ribosome	35.0	0.0	0.0
97	__rnase_site_ext	12.8	0.0	0.0
97	p0	1.0	0.0	0.0
97	protein1	373.6	13.4	2.114935
97	protein2	336.8	15.0	1.947087
97	protein3	84.8	4.0	1.8666666
97	r2	3.6	0.0	0.0
97	rnapol	0.4	0.0	0.0
98	__protein1_rbs	6.8	0.0	0.0
98	__protein2_rbs	8.6	0.0	0.0
98	__protein3_rbs	2.0	0.0	0.0
98	__ribosome	32.6	0.0	0.0
98	__rnase_site_ext	12.8	0.0	0.0
98	p0	1.0	0.0	0.0
98	protein1	378.6	13.0	2.2611652
98	protein2	342.8	14.8	2.025862
98	protein3	85.8	4.0	2.02
98	r2	3.8	0.0	0.0
98	rnapol	0.6	0.0	0.0
99	__protein1_rbs	6.4	0.0	0.0
99	__protein2_rbs	10.0	0.0	0.0
99	__protein3_rbs	1.8	0.0	0.0
99	__ribosome	32.2	0.0	0.0
99	__rnase_site_ext	13.0	0.0	0.0
99	p0	0.6	0.0	0.0
99	protein1	385.0	12.8	2.3172726000000003
99	protein2	348.0	14.6	2.0238723999999997
99	protein3	86.8	3.8	2.2833334
99	r2	4.2	0.0	0.0
99	rnapol	0.2	0.0	0.0
100	__protein1_rbs	7.4	0.0	0.0
100	__protein2_rbs	8.6	0.0	0.0
100	__protein3_rbs	3.0	0.0	0.0
100	__ribosome	33.6	0.0	0.0
100	__rnase_site_ext	13.0	0.0	0.0
100	p0	0.8	0.0	0.0
100	protein1	391.0	13.0	2.2650758
100	protein2	355.0	15.0	1.9592903999999998
100	protein3	88.6	3.8	2.07
100	r2	4.4	0.0	0.0
100	rnapol	0.6	0.0	0.0
101	__protein1_rbs	6.8	0.0	0.0
101	__protein2_rbs	6.6	0.0	0.0
101	__protein3_rbs	2.4	0.0	0.0
101	__ribosome	32.2	0.0	0.0
101	__rnase_site_ext	13.4	0.0	0.0
101	p0	1.0	0.0	0.0
101	protein1	397.2	13.0	2.1940908
101	protein2	361.0	14.8	2.1661344
101	protein3	90.6	4.0	2.0033334
101	r2	4.4	0.0	0.0
101	rnapol	0.4	0.0	0.0
102	__protein1_rbs	7.0	0.0	0.0
102	__protein2_rbs	9.8	0.0	0.0
102	__protein3_rbs	2.8	0.0	0.0
102	__ribosome	33.8	0.0	0.0
102	__rnase_site_ext	13.2	0.0	0.0
102	p0	1.0	0.0	0.0
102	protein1	403.2	13.4	2.1420454
102	protein2	366.0	14.4	2.1253572
102	protein3	92.4	4.2	1.7033334
102	r2	4.6	0.0	0.0
102	rnapol	0.4	0.0	0.0
103	__protein1_rbs	8.8	0.0	0.0
103	__protein2_rbs	8.2	0.0	0.0
103	__protein3_rbs	3.4	0.0	0.0
103	__ribosome	36.6	0.0	0.0
103	__rnase_site_ext	13.0	0.0	0.0
103	p0	0.6	0.0	0.0
103	protein1	409.2	13.4	2.0079546
103	protein2	373.6	14.2	2.115238
103	protein3	94.0	4.4	1.6166665999999998
103	r2	4.6	0.0	0.0
103	rnapol	0.2	0.0	0.0
104	__protein1_rbs	7.0	0.0	0.0
104	__protein2_rbs	7.8	0.0	0.0
104	__protein3_rbs	2.2	0.0	0.0
104	__ribosome	35.2	0.0	0.0
104	__rnase_site_ext	13.2	0.0	0.0
104	p0	0.8	0.0	0.0
104	protein1	415.0	13.0	2.0941666000000003
104	protein2	378.4	14.2	2.1402504
104	protein3	95.8	4.6	1.6933333999999998
104	r2	4.8	0.0	0.0
104	rnapol	0.2	0.0	0.0
105	__protein1_rbs	7.4	0.0	0.0
105	__protein2_rbs	9.0	0.0	0.0
105	__protein3_rbs	2.8	0.0	0.0
105	__ribosome	36.0	0.0	0.0
105	__rnase_site_ext	13.4	0.0	0.0
105	p0	1.0	0.0	0.0
105	protein1	421.0	13.2	2.0287344
105	protein2	385.0	14.2	2.071859
105	protein3	96.8	4.6	1.8266666
105	r2	4.8	0.0	0.0
105	rnapol	0.8	0.0	0.0
106	__protein1_rbs	9.2	0.0	0.0
106	__protein2_rbs	9.8	0.0	0.0
106	__protein3_rbs	2.4	0.0	0.0
106	__ribosome	39.6	0.0	0.0
106	__rnase_site_ext	13.6	0.0	0.0
106	p0	0.6	0.0	0.0
106	protein1	426.6	13.4	1.9214706000000001
106	protein2	392.2	14.2	1.8439568
106	protein3	98.4	4.8	1.84
106	r2	4.8	0.0	0.0
106	rnapol	0.6	0.0	0.0
107	__protein1_rbs	8.0	0.0	0.0
107	__protein2_rbs	6.8	0.0	0.0
107	__protein3_rbs	2.6	0.0	0.0
107	__ribosome	36.0	0.0	0.0
107	__rnase_site_ext	13.8	0.0	0.0
107	p0	0.8	0.0	0.0
107	protein1	432.0	13.4	1.9364706
107	protein2	398.0	14.4	1.9891824
107	protein3	99.8	4.8	2.0333332
107	r2	4.8	0.0	0.0
107	rnapol	0.8	0.0	0.0
108	__protein1_rbs	8.0	0.0	0.0
108	__protein2_rbs	8.2	0.0	0.0
108	__protein3_rbs	2.4	0.0	0.0
108	__ribosome	35.2	0.0	0.0
108	__rnase_site_ext	14.2	0.0	0.0
108	p0	0.8	0.0	0.0
108	protein1	438.0	13.8	1.8651876
108	protein2	403.8	14.6	1.9544872
108	protein3	101.2	4.8	2.18
108	r2	4.8	0.0	0.0
108	rnapol	1.0	0.0	0.0
109	__protein1_rbs	8.0	0.0	0.0
109	__protein2_rbs	9.4	0.0	0.0
109	__protein3_rbs	2.6	0.0	0.0
109	__ribosome	35.8	0.0	0.0
109	__rnase_site_ext	14.6	0.0	0.0
109	p0	0.8	0.0	0.0
109	protein1	443.6	14.2	1.8323758
109	protein2	409.6	14.8	1.9009238000000002
109	protein3	103.2	4.8	2.1133332
109	r2	4.8	0.0	0.0
109	rnapol	0.6	0.0	0.0
110	__protein1_rbs	8.8	0.0	0.0
110	__protein2_rbs	7.2	0.0	0.0
110	__protein3_rbs	2.4	0.0	0.0
110	__ribosome	32.4	0.0	0.0
110	__rnase_site_ext	14.4	0.0	0.0
110	p0	0.8	0.0	0.0
110	protein1	448.8	14.4	1.8684026000000002
110	protein2	414.2	14.8	2.0815043999999996
110	protein3	105.8	4.8	1.9866666000000002
110	r2	4.8	0.0	0.0
110	rnapol	0.6	0.0	0.0
111	__protein1_rbs	9.0	0.0	0.0
111	__protein2_rbs	8.4	0.0	0.0
111	__protein3_rbs	2.2	0.0	0.0
111	__ribosome	30.6	0.0	0.0
111	__rnase_site_ext	14.2	0.0	0.0
111	p0	1.0	0.0	0.0
111	protein1	453.6	14.8	1.8936508
111	protein2	420.4	14.8	2.0709652
111	protein3	107.2	4.8	2.2
111	r2	4.6	0.0	0.0
111	rnapol	0.6	0.0	0.0
112	__protein1_rbs	8.8	0.0	0.0
112	__protein2_rbs	8.2	0.0	0.0
112	__protein3_rbs	3.2	0.0	0.0
112	__ribosome	30.8	0.0	0.0
112	__rnase_site_ext	14.6	0.0	0.0
112	p0	0.4	0.0	0.0
112	protein1	458.6	14.4	2.0134236000000003
112	protein2	427.0	14.6	2.112304
112	protein3	109.6	4.8	1.92
112	r2	4.6	0.0	0.0
112	rnapol	0.8	0.0	0.0
113	__protein1_rbs	9.4	0.0	0.0
113	__protein2_rbs	9.8	0.0	0.0
113	__protein3_rbs	2.2	0.0	0.0
113	__ribosome	30.8	0.0	0.0
113	__rnase_site_ext	15.0	0.0	0.0
113	p0	0.6	0.0	0.0
113	protein1	464.2	14.4	1.9924836000000004
113	protein2	433.0	14.8	2.0782916
113	protein3	111.8	4.8	2.1
113	r2	4.6	0.0	0.0
113	rnapol	0.4	0.0	0.0
114	__protein1_rbs	9.2	0.0	0.0
114	__protein2_rbs	8.4	0.0	0.0
114	__protein3_rbs	2.0	0.0	0.0
114	__ribosome	29.6	0.0	0.0
114	__rnase_site_ext	15.0	0.0	0.0
114	p0	0.8	0.0	0.0
114	protein1	470.4	14.8	1.8944446
114	protein2	438.0	14.4	2.2286576
114	protein3	113.8	4.8	2.1466666000000005
114	r2	4.6	0.0	0.0
114	rnapol	0.4	0.0	0.0
115	__protein1_rbs	9.0	0.0	0.0
115	__protein2_rbs	8.0	0.0	0.0
115	__protein3_rbs	2.0	0.0	0.0
115	__ribosome	29.6	0.0	0.0
115	__rnase_site_ext	14.8	0.0	0.0
115	p0	0.6	0.0	0.0
115	protein1	475.8	15.0	1.9487046000000001
115	protein2	445.6	14.8	2.0744018
115	protein3	115.4	4.6	2.3866666000000003
115	r2	4.4	0.0	0.0
115	rnapol	0.0	0.0	0.0
116	__protein1_rbs	9.4	0.0	0.0
116	__protein2_rbs	9.0	0.0	0.0
116	__protein3_rbs	1.8	0.0	0.0
116	__ribosome	32.6	0.0	0.0
116	__rnase_site_ext	15.2	0.0	0.0
116	p0	1.0	0.0	0.0
116	protein1	482.6	15.0	1.8088502
116	protein2	452.6	14.8	2.0533936
116	protein3	118.6	4.6	2.2633332000000004
116	r2	4.2	0.0	0.0
116	rnapol	0.0	0.0	0.0
117	__protein1_rbs	10.4	0.0	0.0
117	__protein2_rbs	8.6	0.0	0.0
117	__protein3_rbs	2.8	0.0	0.0
117	__ribosome	33.8	0.0	0.0
117	__rnase_site_ext	15.0	0.0	0.0
117	p0	1.0	0.0	0.0
117	protein1	488.8	15.2	1.7158731999999997
117	protein2	458.8	15.2	2.0018313999999995
117	protein3	120.6	4.6	2.2766666
117	r2	4.2	0.0	0.0
117	rnapol	0.2	0.0	0.0
118	__protein1_rbs	8.8	0.0	0.0
118	__protein2_rbs	10.6	0.0	0.0
118	__protein3_rbs	2.4	0.0	0.0
118	__ribosome	34.2	0.0	0.0
118	__rnase_site_ext	15.2	0.0	0.0
118	p0	0.8	0.0	0.0
118	protein1	494.2	15.0	1.8363636
118	protein2	465.0	15.4	1.903785
118	protein3	122.8	4.4	2.2233334
118	r2	4.4	0.0	0.0
118	rnapol	0.2	0.0	0.0
119	__protein1_rbs	7.6	0.0	0.0
119	__protein2_rbs	8.0	0.0	0.0
119	__protein3_rbs	2.0	0.0	0.0
119	__ribosome	29.4	0.0	0.0
119	__rnase_site_ext	15.0	0.0	0.0
119	p0	1.0	0.0	0.0
119	protein1	498.8	15.0	1.9959594000000005
119	protein2	471.2	15.2	1.9868132
119	protein3	124.4	4.4	2.3966666
119	r2	4.4	0.0	0.0
119	rnapol	0.6	0.0	0.0
120	__protein1_rbs	8.6	0.0	0.0
120	__protein2_rbs	8.6	0.0	0.0
120	__protein3_rbs	2.6	0.0	0.0
120	__ribosome	29.6	0.0	0.0
120	__rnase_site_ext	15.0	0.0	0.0
120	p0	0.6	0.0	0.0
120	protein1	504.8	15.0	2.019207
120	protein2	477.8	15.4	1.9725273999999997
120	protein3	126.6	4.2	2.3733334
120	r2	4.4	0.0	0.0
120	rnapol	0.4	0.0	0.0
121	__protein1_rbs	8.4	0.0	0.0
121	__protein2_rbs	7.8	0.0	0.0
121	__protein3_rbs	3.2	0.0	0.0
121	__ribosome	30.0	0.0	0.0
121	__rnase_site_ext	15.4	0.0	0.0
121	p0	0.6	0.0	0.0
121	protein1	510.2	15.2	2.0319108
121	protein2	485.0	15.4	1.9343183999999998
121	protein3	129.0	4.4	2.1033334
121	r2	4.4	0.0	0.0
121	rnapol	0.2	0.0	0.0
122	__protein1_rbs	8.8	0.0	0.0
122	__protein2_rbs	10.2	0.0	0.0
122	__protein3_rbs	2.6	0.0	0.0
122	__ribosome	30.4	0.0	0.0
122	__rnase_site_ext	15.4	0.0	0.0
122	p0	1.0	0.0	0.0
122	protein1	516.0	15.2	2.0405916
122	protein2	491.2	16.0	1.862103
122	protein3	131.0	4.4	2.06
122	r2	4.2	0.0	0.0
122	rnapol	0.6	0.0	0.0
123	__protein1_rbs	9.4	0.0	0.0
123	__protein2_rbs	9.2	0.0	0.0
123	__protein3_rbs	2.2	0.0	0.0
123	__ribosome	29.4	0.0	0.0
123	__rnase_site_ext	15.4	0.0	0.0
123	p0	0.6	0.0	0.0
123	protein1	523.0	15.4	1.9470792000000001
123	protein2	496.0	16.0	1.9697221999999999
123	protein3	132.6	4.4	2.1266666
123	r2	4.4	0.0	0.0
123	rnapol	0.4	0.0	0.0
124	__protein1_rbs	10.8	0.0	0.0
124	__protein2_rbs	10.8	0.0	0.0
124	__protein3_rbs	2.4	0.0	0.0
124	__ribosome	32.2	0.0	0.0
124	__rnase_site_ext	15.8	0.0	0.0
124	p0	0.8	0.0	0.0
124	protein1	529.2	15.4	1.8552548
124	protein2	501.8	16.6	1.8583436000000002
124	protein3	135.2	4.4	1.9466666000000001
124	r2	4.4	0.0	0.0
124	rnapol	0.2	0.0	0.0
125	__protein1_rbs	7.8	0.0	0.0
125	__protein2_rbs	8.4	0.0	0.0
125	__protein3_rbs	3.0	0.0	0.0
125	__ribosome	29.6	0.0	0.0
125	__rnase_site_ext	15.6	0.0	0.0
125	p0	1.0	0.0	0.0
125	protein1	535.8	15.6	1.9310326
125	protein2	508.4	16.4	1.9935221999999997
125	protein3	137.0	4.6	1.9028572
125	r2	4.4	0.0	0.0
125	rnapol	0.6	0.0	0.0
126	__protein1_rbs	11.4	0.0	0.0
126	__protein2_rbs	10.0	0.0	0.0
126	__protein3_rbs	2.2	0.0	0.0
126	__ribosome	33.2	0.0	0.0
126	__rnase_site_ext	15.6	0.0	0.0
126	p0	1.0	0.0	0.0
126	protein1	542.0	15.8	1.7187970000000001
126	protein2	516.0	16.0	1.969115
126	protein3	138.6	4.4	2.1009524
126	r2	4.0	0.0	0.0
126	rnapol	0.6	0.0	0.0
127	__protein1_rbs	10.0	0.0	0.0
127	__protein2_rbs	9.8	0.0	0.0
127	__protein3_rbs	2.4	0.0	0.0
127	__ribosome	32.8	0.0	0.0
127	__rnase_site_ext	16.0	0.0	0.0
127	p0	0.8	0.0	0.0
127	protein1	548.4	15.6	1.7612561999999998
127	protein2	522.2	16.0	1.9574900000000002
127	protein3	140.2	4.4	2.1409523999999998
127	r2	4.2	0.0	0.0
127	rnapol	0.6	0.0	0.0
128	__protein1_rbs	10.2	0.0	0.0
128	__protein2_rbs	9.8	0.0	0.0
128	__protein3_rbs	2.2	0.0	0.0
128	__ribosome	29.4	0.0	0.0
128	__rnase_site_ext	16.2	0.0	0.0
128	p0	0.8	0.0	0.0
128	protein1	553.8	16.0	1.782409
128	protein2	527.8	16.4	2.0130826
128	protein3	141.8	4.4	2.2114286
128	r2	4.2	0.0	0.0
128	rnapol	0.4	0.0	0.0
129	__protein1_rbs	7.8	0.0	0.0
129	__protein2_rbs	8.4	0.0	0.0
129	__protein3_rbs	2.4	0.0	0.0
129	__ribosome	27.2	0.0	0.0
129	__rnase_site_ext	16.2	0.0	0.0
129	p0	0.8	0.0	0.0
129	protein1	559.6	16.2	1.9020634
129	protein2	535.0	16.6	1.94807
129	protein3	143.6	4.4	2.1904762000000004
129	r2	4.2	0.0	0.0
129	rnapol	0.6	0.0	0.0
130	__protein1_rbs	10.0	0.0	0.0
130	__protein2_rbs	9.8	0.0	0.0
130	__protein3_rbs	2.8	0.0	0.0
130	__ribosome	27.8	0.0	0.0
130	__rnase_site_ext	15.4	0.0	0.0
130	p0	0.8	0.0	0.0
130	protein1	565.6	16.0	1.942974
130	protein2	541.4	16.4	1.960117
130	protein3	145.8	4.2	2.2466668
130	r2	4.2	0.0	0.0
130	rnapol	0.6	0.0	0.0
131	__protein1_rbs	9.6	0.0	0.0
131	__protein2_rbs	9.4	0.0	0.0
131	__protein3_rbs	2.4	0.0	0.0
131	__ribosome	27.2	0.0	0.0
131	__rnase_site_ext	15.6	0.0	0.0
131	p0	0.8	0.0	0.0
131	protein1	570.6	15.6	2.0349206000000004
131	protein2	547.4	16.2	2.0189974
131	protein3	148.2	4.2	2.0516666
131	r2	4.2	0.0	0.0
131	rnapol	0.4	0.0	0.0
132	__protein1_rbs	9.6	0.0	0.0
132	__protein2_rbs	10.8	0.0	0.0
132	__protein3_rbs	2.4	0.0	0.0
132	__ribosome	29.4	0.0	0.0
132	__rnase_site_ext	15.6	0.0	0.0
132	p0	1.0	0.0	0.0
132	protein1	577.8	15.4	1.9580952
132	protein2	554.4	16.2	2.0170939999999997
132	protein3	150.4	4.4	1.8949998
132	r2	4.2	0.0	0.0
132	rnapol	0.4	0.0	0.0
133	__protein1_rbs	9.4	0.0	0.0
133	__protein2_rbs	9.6	0.0	0.0
133	__protein3_rbs	1.8	0.0	0.0
133	__ribosome	28.2	0.0	0.0
133	__rnase_site_ext	15.8	0.0	0.0
133	p0	1.0	0.0	0.0
133	protein1	583.8	15.6	1.9488514
133	protein2	561.0	16.6	1.9646616
133	protein3	152.2	4.2	2.245
133	r2	4.0	0.0	0.0
133	rnapol	0.6	0.0	0.0
134	__protein1_rbs	10.4	0.0	0.0
134	__protein2_rbs	11.4	0.0	0.0
134	__protein3_rbs	2.8	0.0	0.0
134	__ribosome	33.2	0.0	0.0
134	__rnase_site_ext	16.0	0.0	0.0
134	p0	0.8	0.0	0.0
134	protein1	591.4	15.8	1.7884406000000002
134	protein2	569.0	16.8	1.816673
134	protein3	154.4	4.2	1.9783334
134	r2	4.0	0.0	0.0
134	rnapol	0.6	0.0	0.0
135	__protein1_rbs	9.6	0.0	0.0
135	__protein2_rbs	9.2	0.0	0.0
135	__protein3_rbs	2.6	0.0	0.0
135	__ribosome	31.8	0.0	0.0
135	__rnase_site_ext	16.2	0.0	0.0
135	p0	1.0	0.0	0.0
135	protein1	597.8	15.8	1.7637162
135	protein2	575.8	16.8	1.8800793999999998
135	protein3	155.4	4.4	2.1516666
135	r2	4.0	0.0	0.0
135	rnapol	0.4	0.0	0.0
136	__protein1_rbs	9.2	0.0	0.0
136	__protein2_rbs	9.8	0.0	0.0
136	__protein3_rbs	2.2	0.0	0.0
136	__ribosome	29.2	0.0	0.0
136	__rnase_site_ext	16.6	0.0	0.0
136	p0	0.6	0.0	0.0
136	protein1	603.0	16.2	1.8133006
136	protein2	582.0	17.2	1.942356
136	protein3	157.8	4.2	2.285
136	r2	4.0	0.0	0.0
136	rnapol	0.2	0.0	0.0
137	__protein1_rbs	9.8	0.0	0.0
137	__protein2_rbs	10.8	0.0	0.0
137	__protein3_rbs	3.0	0.0	0.0
137	__ribosome	29.4	0.0	0.0
137	__rnase_site_ext	16.4	0.0	0.0
137	p0	0.8	0.0	0.0
137	protein1	610.6	16.2	1.7358824000000002
137	protein2	587.6	17.0	2.0330514
137	protein3	159.0	4.0	2.9
137	r2	4.2	0.0	0.0
137	rnapol	0.4	0.0	0.0
138	__protein1_rbs	11.4	0.0	0.0
138	__protein2_rbs	10.2	0.0	0.0
138	__protein3_rbs	2.6	0.0	0.0
138	__ribosome	30.0	0.0	0.0
138	__rnase_site_ext	16.2	0.0	0.0
138	p0	0.4	0.0	0.0
138	protein1	615.0	16.2	1.7666549999999999
138	protein2	595.0	17.2	1.9691666
138	protein3	161.0	4.0	2.54
138	r2	4.0	0.0	0.0
138	rnapol	0.4	0.0	0.0
139	__protein1_rbs	9.6	0.0	0.0
139	__protein2_rbs	11.2	0.0	0.0
139	__protein3_rbs	3.4	0.0	0.0
139	__ribosome	30.8	0.0	0.0
139	__rnase_site_ext	16.6	0.0	0.0
139	p0	0.8	0.0	0.0
139	protein1	620.8	16.0	1.8132694
139	protein2	601.6	17.4	1.9350982
139	protein3	163.2	4.2	2.1433334
139	r2	4.0	0.0	0.0
139	rnapol	0.4	0.0	0.0
140	__protein1_rbs	11.2	0.0	0.0
140	__protein2_rbs	11.6	0.0	0.0
140	__protein3_rbs	1.8	0.0	0.0
140	__ribosome	32.8	0.0	0.0
140	__rnase_site_ext	16.8	0.0	0.0
140	p0	0.8	0.0	0.0
140	protein1	627.2	16.6	1.6786759999999998
140	protein2	608.8	17.4	1.839804
140	protein3	165.2	4.2	1.9333334
140	r2	4.0	0.0	0.0
140	rnapol	0.0	0.0	0.0
141	__protein1_rbs	8.8	0.0	0.0
141	__protein2_rbs	9.8	0.0	0.0
141	__protein3_rbs	2.0	0.0	0.0
141	__ribosome	32.6	0.0	0.0
141	__rnase_site_ext	17.0	0.0	0.0
141	p0	0.8	0.0	0.0
141	protein1	634.8	16.8	1.6606376
141	protein2	616.6	17.6	1.8164703999999998
141	protein3	166.6	4.2	1.985
141	r2	4.2	0.0	0.0
141	rnapol	0.2	0.0	0.0
142	__protein1_rbs	9.6	0.0	0.0
142	__protein2_rbs	11.0	0.0	0.0
142	__protein3_rbs	2.4	0.0	0.0
142	__ribosome	28.4	0.0	0.0
142	__rnase_site_ext	17.0	0.0	0.0
142	p0	0.8	0.0	0.0
142	protein1	639.6	16.8	1.8407563999999998
142	protein2	622.6	17.4	1.8866666
142	protein3	168.0	4.0	2.2666666
142	r2	4.2	0.0	0.0
142	rnapol	0.2	0.0	0.0
143	__protein1_rbs	10.4	0.0	0.0
143	__protein2_rbs	11.4	0.0	0.0
143	__protein3_rbs	2.6	0.0	0.0
143	__ribosome	29.2	0.0	0.0
143	__rnase_site_ext	16.8	0.0	0.0
143	p0	1.0	0.0	0.0
143	protein1	645.4	16.8	1.901508
143	protein2	630.6	17.6	1.7475
143	protein3	169.6	4.2	2.3611112000000003
143	r2	4.2	0.0	0.0
143	rnapol	0.6	0.0	0.0
144	__protein1_rbs	9.8	0.0	0.0
144	__protein2_rbs	9.6	0.0	0.0
144	__protein3_rbs	2.6	0.0	0.0
144	__ribosome	25.4	0.0	0.0
144	__rnase_site_ext	17.2	0.0	0.0
144	p0	0.8	0.0	0.0
144	protein1	651.6	16.8	1.9818278000000003
144	protein2	636.2	17.4	1.9353948000000003
144	protein3	171.6	4.2	2.1722222
144	r2	4.0	0.0	0.0
144	rnapol	0.6	0.0	0.0
145	__protein1_rbs	11.0	0.0	0.0
145	__protein2_rbs	10.2	0.0	0.0
145	__protein3_rbs	2.2	0.0	0.0
145	__ribosome	24.4	0.0	0.0
145	__rnase_site_ext	17.0	0.0	0.0
145	p0	1.0	0.0	0.0
145	protein1	657.0	17.0	2.0041668
145	protein2	642.6	17.2	2.0126864
145	protein3	173.8	4.2	2.0666668
145	r2	4.0	0.0	0.0
145	rnapol	0.8	0.0	0.0
146	__protein1_rbs	11.2	0.0	0.0
146	__protein2_rbs	11.0	0.0	0.0
146	__protein3_rbs	3.0	0.0	0.0
146	__ribosome	27.4	0.0	0.0
146	__rnase_site_ext	17.0	0.0	0.0
146	p0	1.0	0.0	0.0
146	protein1	665.2	17.2	1.857778
146	protein2	649.8	17.0	1.9661438000000002
146	protein3	175.2	4.2	1.8166666
146	r2	4.0	0.0	0.0
146	rnapol	0.8	0.0	0.0
147	__protein1_rbs	10.2	0.0	0.0
147	__protein2_rbs	9.8	0.0	0.0
147	__protein3_rbs	2.6	0.0	0.0
147	__ribosome	25.8	0.0	0.0
147	__rnase_site_ext	17.4	0.0	0.0
147	p0	0.8	0.0	0.0
147	protein1	672.0	17.0	1.9140872
147	protein2	655.8	17.4	1.9997522000000003
147	protein3	176.8	4.0	1.8222224
147	r2	4.0	0.0	0.0
147	rnapol	0.6	0.0	0.0
148	__protein1_rbs	12.0	0.0	0.0
148	__protein2_rbs	10.2	0.0	0.0
148	__protein3_rbs	2.2	0.0	0.0
148	__ribosome	27.0	0.0	0.0
148	__rnase_site_ext	17.4	0.0	0.0
148	p0	0.8	0.0	0.0
148	protein1	678.4	17.2	1.8242646
148	protein2	663.4	18.0	1.9150758
148	protein3	178.6	4.0	1.7166668
148	r2	4.0	0.0	0.0
148	rnapol	0.6	0.0	0.0
149	__protein1_rbs	12.0	0.0	0.0
149	__protein2_rbs	10.0	0.0	0.0
149	__protein3_rbs	3.2	0.0	0.0
149	__ribosome	29.6	0.0	0.0
149	__rnase_site_ext	17.4	0.0	0.0
149	p0	1.0	0.0	0.0
149	protein1	685.6	17.2	1.7496403999999999
149	protein2	672.2	18.2	1.853415
149	protein3	180.2	4.0	1.6166668000000002
149	r2	4.0	0.0	0.0
149	rnapol	0.6	0.0	0.0
150	__protein1_rbs	11.6	0.0	0.0
150	__protein2_rbs	11.4	0.0	0.0
150	__protein3_rbs	2.6	0.0	0.0
150	__ribosome	27.8	0.0	0.0
150	__rnase_site_ext	17.8	0.0	0.0
150	p0	0.8	0.0	0.0
150	protein1	691.8	17.4	1.7369633999999998
150	protein2	677.4	18.4	1.9422784
150	protein3	182.4	4.0	1.5277778
150	r2	4.0	0.0	0.0
150	rnapol	0.4	0.0	0.0
151	__protein1_rbs	11.0	0.0	0.0
151	__protein2_rbs	12.2	0.0	0.0
151	__protein3_rbs	2.8	0.0	0.0
151	__ribosome	28.8	0.0	0.0
151	__rnase_site_ext	17.6	0.0	0.0
151	p0	0.8	0.0	0.0
151	protein1	699.0	17.6	1.6795741999999998
151	protein2	685.4	18.2	1.9313096
151	protein3	183.6	4.0	1.55
151	r2	4.0	0.0	0.0
151	rnapol	1.0	0.0	0.0
152	__protein1_rbs	12.6	0.0	0.0
152	__protein2_rbs	9.4	0.0	0.0
152	__protein3_rbs	3.2	0.0	0.0
152	__ribosome	28.4	0.0	0.0
152	__rnase_site_ext	17.8	0.0	0.0
152	p0	0.6	0.0	0.0
152	protein1	705.2	17.6	1.6194770000000005
152	protein2	692.0	18.0	2.0652732
152	protein3	184.6	4.2	1.4666666000000002
152	r2	4.0	0.0	0.0
152	rnapol	0.6	0.0	0.0
153	__protein1_rbs	10.6	0.0	0.0
153	__protein2_rbs	12.0	0.0	0.0
153	__protein3_rbs	1.6	0.0	0.0
153	__ribosome	28.4	0.0	0.0
153	__rnase_site_ext	17.8	0.0	0.0
153	p0	0.8	0.0	0.0
153	protein1	711.8	17.6	1.667843
153	protein2	700.0	18.2	1.9443628000000002
153	protein3	186.6	4.0	1.7
153	r2	4.0	0.0	0.0
153	rnapol	0.8	0.0	0.0
154	__protein1_rbs	11.4	0.0	0.0
154	__protein2_rbs	12.8	0.0	0.0
154	__protein3_rbs	2.4	0.0	0.0
154	__ribosome	28.6	0.0	0.0
154	__rnase_site_ext	18.0	0.0	0.0
154	p0	0.8	0.0	0.0
154	protein1	716.4	18.0	1.7733502
154	protein2	708.0	18.0	1.7925
154	protein3	187.6	4.0	1.7444446
154	r2	4.0	0.0	0.0
154	rnapol	0.6	0.0	0.0
155	__protein1_rbs	10.4	0.0	0.0
155	__protein2_rbs	10.0	0.0	0.0
155	__protein3_rbs	2.8	0.0	0.0
155	__ribosome	27.0	0.0	0.0
155	__rnase_site_ext	18.0	0.0	0.0
155	p0	0.6	0.0	0.0
155	protein1	723.6	18.0	1.8233768
155	protein2	715.4	18.4	1.803359
155	protein3	188.8	4.0	1.7611111999999998
155	r2	4.0	0.0	0.0
155	rnapol	0.4	0.0	0.0
156	__protein1_rbs	13.2	0.0	0.0
156	__protein2_rbs	11.0	0.0	0.0
156	__protein3_rbs	2.2	0.0	0.0
156	__ribosome	27.8	0.0	0.0
156	__rnase_site_ext	17.6	0.0	0.0
156	p0	0.8	0.0	0.0
156	protein1	729.4	18.0	1.8221543999999998
156	protein2	723.4	18.2	1.7789941999999999
156	protein3	190.4	4.0	1.9722224
156	r2	4.0	0.0	0.0
156	rnapol	0.4	0.0	0.0
157	__protein1_rbs	10.8	0.0	0.0
157	__protein2_rbs	10.2	0.0	0.0
157	__protein3_rbs	3.2	0.0	0.0
157	__ribosome	26.0	0.0	0.0
157	__rnase_site_ext	17.6	0.0	0.0
157	p0	1.0	0.0	0.0
157	protein1	737.0	17.6	1.8582982
157	protein2	729.4	18.2	1.9082984
157	protein3	191.8	4.0	1.9055556
157	r2	3.8	0.0	0.0
157	rnapol	0.4	0.0	0.0
158	__protein1_rbs	10.4	0.0	0.0
158	__protein2_rbs	11.6	0.0	0.0
158	__protein3_rbs	2.0	0.0	0.0
158	__ribosome	24.6	0.0	0.0
158	__rnase_site_ext	17.2	0.0	0.0
158	p0	0.6	0.0	0.0
158	protein1	743.0	17.6	1.9389746000000003
158	protein2	736.8	18.6	1.8554156000000002
158	protein3	193.8	4.0	1.9944444
158	r2	3.6	0.0	0.0
158	rnapol	0.2	0.0	0.0
159	__protein1_rbs	11.0	0.0	0.0
159	__protein2_rbs	11.2	0.0	0.0
159	__protein3_rbs	2.8	0.0	0.0
159	__ribosome	24.2	0.0	0.0
159	__rnase_site_ext	17.2	0.0	0.0
159	p0	1.0	0.0	0.0
159	protein1	750.4	17.2	1.9549688000000003
159	protein2	743.0	18.6	1.9317706
159	protein3	195.6	4.0	1.8666666
159	r2	3.8	0.0	0.0
159	rnapol	0.0	0.0	0.0
160	__protein1_rbs	11.0	0.0	0.0
160	__protein2_rbs	11.2	0.0	0.0
160	__protein3_rbs	2.8	0.0	0.0
160	__ribosome	26.0	0.0	0.0
160	__rnase_site_ext	17.0	0.0	0.0
160	p0	0.8	0.0	0.0
160	protein1	757.8	17.4	1.884495
160	protein2	751.2	18.6	1.87476
160	protein3	197.0	4.0	1.9666668
160	r2	3.8	0.0	0.0
160	rnapol	0.2	0.0	0.0
161	__protein1_rbs	10.4	0.0	0.0
161	__protein2_rbs	12.2	0.0	0.0
161	__protein3_rbs	2.8	0.0	0.0
161	__ribosome	25.6	0.0	0.0
161	__rnase_site_ext	17.0	0.0	0.0
161	p0	1.0	0.0	0.0
161	protein1	764.0	16.8	2.0250630000000003
161	protein2	758.6	19.0	1.8129186
161	protein3	198.2	3.6	1.9833333999999998
161	r2	3.8	0.0	0.0
161	rnapol	0.0	0.0	0.0
162	__protein1_rbs	9.6	0.0	0.0
162	__protein2_rbs	12.2	0.0	0.0
162	__protein3_rbs	1.8	0.0	0.0
162	__ribosome	25.8	0.0	0.0
162	__rnase_site_ext	16.8	0.0	0.0
162	p0	1.0	0.0	0.0
162	protein1	772.2	17.0	1.927346
162	protein2	765.2	19.2	1.813134
162	protein3	199.8	3.8	1.825
162	r2	3.8	0.0	0.0
162	rnapol	0.2	0.0	0.0
163	__protein1_rbs	11.2	0.0	0.0
163	__protein2_rbs	10.8	0.0	0.0
163	__protein3_rbs	2.2	0.0	0.0
163	__ribosome	25.2	0.0	0.0
163	__rnase_site_ext	16.8	0.0	0.0
163	p0	0.6	0.0	0.0
163	protein1	778.8	16.8	1.9209804
163	protein2	772.4	19.4	1.88789
163	protein3	201.8	3.8	1.6833334
163	r2	3.8	0.0	0.0
163	rnapol	0.0	0.0	0.0
164	__protein1_rbs	11.0	0.0	0.0
164	__protein2_rbs	11.2	0.0	0.0
164	__protein3_rbs	2.8	0.0	0.0
164	__ribosome	26.2	0.0	0.0
164	__rnase_site_ext	16.6	0.0	0.0
164	p0	1.0	0.0	0.0
164	protein1	785.4	17.0	1.8375
164	protein2	780.2	19.8	1.8599604
164	protein3	203.4	3.8	1.625
164	r2	3.8	0.0	0.0
164	rnapol	0.2	0.0	0.0
165	__protein1_rbs	11.4	0.0	0.0
165	__protein2_rbs	11.2	0.0	0.0
165	__protein3_rbs	3.0	0.0	0.0
165	__ribosome	24.4	0.0	0.0
165	__rnase_site_ext	16.0	0.0	0.0
165	p0	1.0	0.0	0.0
165	protein1	791.6	16.8	1.8666074
165	protein2	787.2	20.0	1.9223016
165	protein3	203.8	3.6	1.775
165	r2	3.8	0.0	0.0
165	rnapol	0.2	0.0	0.0
166	__protein1_rbs	9.0	0.0	0.0
166	__protein2_rbs	13.4	0.0	0.0
166	__protein3_rbs	2.2	0.0	0.0
166	__ribosome	27.0	0.0	0.0
166	__rnase_site_ext	15.6	0.0	0.0
166	p0	1.0	0.0	0.0
166	protein1	800.2	16.0	1.8490036
166	protein2	795.6	20.0	1.8508356
166	protein3	205.0	3.8	1.8
166	r2	4.2	0.0	0.0
166	rnapol	0.4	0.0	0.0
167	__protein1_rbs	9.2	0.0	0.0
167	__protein2_rbs	12.8	0.0	0.0
167	__protein3_rbs	2.2	0.0	0.0
167	__ribosome	27.2	0.0	0.0
167	__rnase_site_ext	15.8	0.0	0.0
167	p0	0.6	0.0	0.0
167	protein1	806.6	15.8	1.9281392000000004
167	protein2	803.6	20.4	1.7972098
167	protein3	207.2	3.8	1.75
167	r2	4.4	0.0	0.0
167	rnapol	0.4	0.0	0.0
168	__protein1_rbs	10.4	0.0	0.0
168	__protein2_rbs	12.2	0.0	0.0
168	__protein3_rbs	3.2	0.0	0.0
168	__ribosome	26.8	0.0	0.0
168	__rnase_site_ext	15.6	0.0	0.0
168	p0	1.0	0.0	0.0
168	protein1	813.6	15.8	1.850817
168	protein2	810.0	20.0	1.9015162
168	protein3	208.8	4.2	1.42
168	r2	4.4	0.0	0.0
168	rnapol	0.6	0.0	0.0
169	__protein1_rbs	10.8	0.0	0.0
169	__protein2_rbs	12.0	0.0	0.0
169	__protein3_rbs	3.0	0.0	0.0
169	__ribosome	28.6	0.0	0.0
169	__rnase_site_ext	15.4	0.0	0.0
169	p0	1.0	0.0	0.0
169	protein1	819.2	15.6	1.807773
169	protein2	819.0	20.0	1.8568922
169	protein3	210.0	4.4	1.4333334
169	r2	4.6	0.0	0.0
169	rnapol	0.4	0.0	0.0
170	__protein1_rbs	9.6	0.0	0.0
170	__protein2_rbs	10.6	0.0	0.0
170	__protein3_rbs	3.2	0.0	0.0
170	__ribosome	27.4	0.0	0.0
170	__rnase_site_ext	15.4	0.0	0.0
170	p0	0.8	0.0	0.0
170	protein1	824.6	15.8	1.8588234000000001
170	protein2	828.0	19.6	1.9087014
170	protein3	211.6	4.4	1.4
170	r2	5.0	0.0	0.0
170	rnapol	0.2	0.0	0.0
171	__protein1_rbs	8.8	0.0	0.0
171	__protein2_rbs	12.4	0.0	0.0
171	__protein3_rbs	2.8	0.0	0.0
171	__ribosome	27.2	0.0	0.0
171	__rnase_site_ext	15.6	0.0	0.0
171	p0	0.8	0.0	0.0
171	protein1	832.0	15.4	1.867122
171	protein2	835.0	19.0	1.9526142
171	protein3	213.2	4.6	1.3416666000000002
171	r2	5.0	0.0	0.0
171	rnapol	0.4	0.0	0.0
172	__protein1_rbs	9.4	0.0	0.0
172	__protein2_rbs	12.2	0.0	0.0
172	__protein3_rbs	3.2	0.0	0.0
172	__ribosome	25.8	0.0	0.0
172	__rnase_site_ext	15.6	0.0	0.0
172	p0	1.0	0.0	0.0
172	protein1	838.2	15.6	1.8976892
172	protein2	842.8	19.0	1.9344194
172	protein3	214.2	5.0	1.4357142
172	r2	5.0	0.0	0.0
172	rnapol	0.6	0.0	0.0
173	__protein1_rbs	10.0	0.0	0.0
173	__protein2_rbs	13.2	0.0	0.0
173	__protein3_rbs	3.8	0.0	0.0
173	__ribosome	29.0	0.0	0.0
173	__rnase_site_ext	15.6	0.0	0.0
173	p0	1.0	0.0	0.0
173	protein1	843.6	15.6	1.9178572
173	protein2	851.6	18.4	1.833646
173	protein3	216.0	5.0	1.3738093999999998
173	r2	5.0	0.0	0.0
173	rnapol	1.2	0.0	0.0
174	__protein1_rbs	9.8	0.0	0.0
174	__protein2_rbs	10.0	0.0	0.0
174	__protein3_rbs	3.4	0.0	0.0
174	__ribosome	27.6	0.0	0.0
174	__rnase_site_ext	16.0	0.0	0.0
174	p0	0.2	0.0	0.0
174	protein1	849.2	15.6	1.9581932
174	protein2	859.8	18.0	1.8818182
174	protein3	217.0	5.0	1.5309524
174	r2	5.0	0.0	0.0
174	rnapol	0.8	0.0	0.0
175	__protein1_rbs	10.2	0.0	0.0
175	__protein2_rbs	8.0	0.0	0.0
175	__protein3_rbs	2.8	0.0	0.0
175	__ribosome	25.4	0.0	0.0
175	__rnase_site_ext	16.4	0.0	0.0
175	p0	0.6	0.0	0.0
175	protein1	856.0	15.8	1.8904554
175	protein2	867.8	17.8	2.0202846
175	protein3	218.8	5.0	1.6964286000000002
175	r2	5.0	0.0	0.0
175	rnapol	0.6	0.0	0.0
176	__protein1_rbs	9.4	0.0	0.0
176	__protein2_rbs	11.0	0.0	0.0
176	__protein3_rbs	2.8	0.0	0.0
176	__ribosome	27.6	0.0	0.0
176	__rnase_site_ext	16.8	0.0	0.0
176	p0	0.4	0.0	0.0
176	protein1	862.6	16.2	1.8721568
176	protein2	876.6	17.6	1.8869770000000001
176	protein3	220.8	5.0	1.7178572
176	r2	5.0	0.0	0.0
176	rnapol	0.4	0.0	0.0
177	__protein1_rbs	10.2	0.0	0.0
177	__protein2_rbs	11.0	0.0	0.0
177	__protein3_rbs	2.8	0.0	0.0
177	__ribosome	26.2	0.0	0.0
177	__rnase_site_ext	16.8	0.0	0.0
177	p0	1.0	0.0	0.0
177	protein1	869.8	16.6	1.7963724
177	protein2	882.4	17.4	1.9605694
177	protein3	222.2	5.0	2.0047620000000004
177	r2	5.0	0.0	0.0
177	rnapol	0.8	0.0	0.0
178	__protein1_rbs	10.4	0.0	0.0
178	__protein2_rbs	11.2	0.0	0.0
178	__protein3_rbs	3.4	0.0	0.0
178	__ribosome	25.6	0.0	0.0
178	__rnase_site_ext	16.6	0.0	0.0
178	p0	0.6	0.0	0.0
178	protein1	875.8	16.8	1.7910948000000002
178	protein2	889.2	17.6	1.9391958
178	protein3	224.2	5.0	2.1797617999999996
178	r2	5.0	0.0	0.0
178	rnapol	0.6	0.0	0.0
179	__protein1_rbs	11.6	0.0	0.0
179	__protein2_rbs	11.0	0.0	0.0
179	__protein3_rbs	3.0	0.0	0.0
179	__ribosome	28.8	0.0	0.0
179	__rnase_site_ext	17.0	0.0	0.0
179	p0	0.6	0.0	0.0
179	protein1	882.8	16.6	1.7037581999999998
179	protein2	896.8	17.6	1.8792838
179	protein3	226.0	5.0	2.1392857999999997
179	r2	5.0	0.0	0.0
179	rnapol	0.2	0.0	0.0
180	__protein1_rbs	10.4	0.0	0.0
180	__protein2_rbs	10.2	0.0	0.0
180	__protein3_rbs	2.8	0.0	0.0
180	__ribosome	29.2	0.0	0.0
180	__rnase_site_ext	17.2	0.0	0.0
180	p0	0.8	0.0	0.0
180	protein1	888.0	16.8	1.7803972
180	protein2	905.2	17.0	1.8619846000000002
180	protein3	229.0	5.0	2.0190474
180	r2	5.2	0.0	0.0
180	rnapol	0.0	0.0	0.0
181	__protein1_rbs	10.8	0.0	0.0
181	__protein2_rbs	9.8	0.0	0.0
181	__protein3_rbs	3.4	0.0	0.0
181	__ribosome	30.8	0.0	0.0
181	__rnase_site_ext	17.0	0.0	0.0
181	p0	1.0	0.0	0.0
181	protein1	896.2	17.2	1.6705538
181	protein2	912.4	17.0	1.8925608
181	protein3	231.0	5.0	1.8833332
181	r2	5.2	0.0	0.0
181	rnapol	0.0	0.0	0.0
182	__protein1_rbs	10.0	0.0	0.0
182	__protein2_rbs	11.0	0.0	0.0
182	__protein3_rbs	3.4	0.0	0.0
182	__ribosome	28.0	0.0	0.0
182	__rnase_site_ext	17.0	0.0	0.0
182	p0	1.0	0.0	0.0
182	protein1	901.2	17.2	1.8089828
182	protein2	920.0	17.0	1.8665016
182	protein3	232.8	5.2	1.9292858
182	r2	5.2	0.0	0.0
182	rnapol	0.4	0.0	0.0
183	__protein1_rbs	11.0	0.0	0.0
183	__protein2_rbs	11.6	0.0	0.0
183	__protein3_rbs	2.8	0.0	0.0
183	__ribosome	29.0	0.0	0.0
183	__rnase_site_ext	17.0	0.0	0.0
183	p0	0.8	0.0	0.0
183	protein1	908.8	17.0	1.7243422
183	protein2	925.8	17.2	1.902993
183	protein3	235.2	5.2	1.8495240000000002
183	r2	5.2	0.0	0.0
183	rnapol	0.2	0.0	0.0
184	__protein1_rbs	11.0	0.0	0.0
184	__protein2_rbs	10.6	0.0	0.0
184	__protein3_rbs	4.0	0.0	0.0
184	__ribosome	28.0	0.0	0.0
184	__rnase_site_ext	17.0	0.0	0.0
184	p0	1.0	0.0	0.0
184	protein1	914.8	17.2	1.7729534
184	protein2	932.6	17.4	1.885234
184	protein3	237.0	5.2	1.6666666
184	r2	4.8	0.0	0.0
184	rnapol	0.2	0.0	0.0
185	__protein1_rbs	11.0	0.0	0.0
185	__protein2_rbs	10.8	0.0	0.0
185	__protein3_rbs	2.6	0.0	0.0
185	__ribosome	27.8	0.0	0.0
185	__rnase_site_ext	16.8	0.0	0.0
185	p0	0.8	0.0	0.0
185	protein1	921.8	17.0	1.7882497999999998
185	protein2	939.8	17.6	1.8421782
185	protein3	239.4	5.4	1.8166668
185	r2	4.6	0.0	0.0
185	rnapol	0.2	0.0	0.0
186	__protein1_rbs	10.6	0.0	0.0
186	__protein2_rbs	11.2	0.0	0.0
186	__protein3_rbs	3.4	0.0	0.0
186	__ribosome	28.4	0.0	0.0
186	__rnase_site_ext	16.8	0.0	0.0
186	p0	1.0	0.0	0.0
186	protein1	927.6	16.8	1.8644610000000001
186	protein2	948.2	17.8	1.735191
186	protein3	241.0	5.2	1.8966666
186	r2	4.6	0.0	0.0
186	rnapol	0.4	0.0	0.0
187	__protein1_rbs	9.2	0.0	0.0
187	__protein2_rbs	10.8	0.0	0.0
187	__protein3_rbs	3.0	0.0	0.0
187	__ribosome	26.2	0.0	0.0
187	__rnase_site_ext	17.2	0.0	0.0
187	p0	0.8	0.0	0.0
187	protein1	935.4	16.8	1.9055556
187	protein2	955.2	18.2	1.7848642
187	protein3	243.4	5.0	1.8669048
187	r2	4.6	0.0	0.0
187	rnapol	0.2	0.0	0.0
188	__protein1_rbs	11.6	0.0	0.0
188	__protein2_rbs	12.2	0.0	0.0
188	__protein3_rbs	3.0	0.0	0.0
188	__ribosome	26.0	0.0	0.0
188	__rnase_site_ext	17.2	0.0	0.0
188	p0	0.8	0.0	0.0
188	protein1	941.8	17.2	1.8826496
188	protein2	961.6	18.6	1.6995905999999998
188	protein3	245.0	4.6	2.1428572
188	r2	4.6	0.0	0.0
188	rnapol	0.8	0.0	0.0
189	__protein1_rbs	10.2	0.0	0.0
189	__protein2_rbs	12.6	0.0	0.0
189	__protein3_rbs	2.0	0.0	0.0
189	__ribosome	27.0	0.0	0.0
189	__rnase_site_ext	17.4	0.0	0.0
189	p0	0.8	0.0	0.0
189	protein1	948.6	17.2	1.9133196
189	protein2	969.0	18.6	1.6718127999999997
189	protein3	248.2	4.6	1.9619048
189	r2	4.6	0.0	0.0
189	rnapol	1.0	0.0	0.0
190	__protein1_rbs	11.4	0.0	0.0
190	__protein2_rbs	10.0	0.0	0.0
190	__protein3_rbs	2.8	0.0	0.0
190	__ribosome	25.8	0.0	0.0
190	__rnase_site_ext	17.0	0.0	0.0
190	p0	0.6	0.0	0.0
190	protein1	955.4	17.4	1.8759202000000001
190	protein2	975.4	18.4	1.765934
190	protein3	249.8	4.6	1.8785714
190	r2	4.8	0.0	0.0
190	rnapol	0.8	0.0	0.0
191	__protein1_rbs	11.4	0.0	0.0
191	__protein2_rbs	9.6	0.0	0.0
191	__protein3_rbs	2.6	0.0	0.0
191	__ribosome	26.2	0.0	0.0
191	__rnase_site_ext	17.6	0.0	0.0
191	p0	0.8	0.0	0.0
191	protein1	962.6	17.2	1.8341042
191	protein2	983.2	17.8	1.8348812
191	protein3	251.8	4.6	2.0261906
191	r2	4.8	0.0	0.0
191	rnapol	0.6	0.0	0.0
192	__protein1_rbs	11.0	0.0	0.0
192	__protein2_rbs	10.6	0.0	0.0
192	__protein3_rbs	3.0	0.0	0.0
192	__ribosome	27.0	0.0	0.0
192	__rnase_site_ext	18.0	0.0	0.0
192	p0	0.8	0.0	0.0
192	protein1	970.8	17.6	1.7061102
192	protein2	990.6	17.8	1.8801856
192	protein3	254.0	4.8	1.9380952
192	r2	4.6	0.0	0.0
192	rnapol	0.6	0.0	0.0
193	__protein1_rbs	12.2	0.0	0.0
193	__protein2_rbs	11.2	0.0	0.0
193	__protein3_rbs	3.2	0.0	0.0
193	__ribosome	28.2	0.0	0.0
193	__rnase_site_ext	18.2	0.0	0.0
193	p0	0.8	0.0	0.0
193	protein1	978.6	17.8	1.6273392000000002
193	protein2	997.2	17.8	1.8578948
193	protein3	255.8	5.0	1.96
193	r2	4.6	0.0	0.0
193	rnapol	0.2	0.0	0.0
194	__protein1_rbs	13.2	0.0	0.0
194	__protein2_rbs	10.4	0.0	0.0
194	__protein3_rbs	2.8	0.0	0.0
194	__ribosome	29.8	0.0	0.0
194	__rnase_site_ext	18.0	0.0	0.0
194	p0	1.0	0.0	0.0
194	protein1	985.4	18.2	1.5047128
194	protein2	1005.0	17.8	1.8528036
194	protein3	258.2	5.2	1.9692858
194	r2	4.6	0.0	0.0
194	rnapol	0.4	0.0	0.0
195	__protein1_rbs	10.4	0.0	0.0
195	__protein2_rbs	12.2	0.0	0.0
195	__protein3_rbs	2.6	0.0	0.0
195	__ribosome	27.0	0.0	0.0
195	__rnase_site_ext	17.8	0.0	0.0
195	p0	1.0	0.0	0.0
195	protein1	990.4	18.0	1.6910215999999998
195	protein2	1011.2	18.0	1.8245096
195	protein3	260.6	4.8	2.2083334
195	r2	4.6	0.0	0.0
195	rnapol	0.2	0.0	0.0
196	__protein1_rbs	11.8	0.0	0.0
196	__protein2_rbs	13.0	0.0	0.0
196	__protein3_rbs	2.4	0.0	0.0
196	__ribosome	29.6	0.0	0.0
196	__rnase_site_ext	18.0	0.0	0.0
196	p0	0.8	0.0	0.0
196	protein1	997.0	18.0	1.7102511999999999
196	protein2	1020.2	18.2	1.6614378000000003
196	protein3	263.0	4.8	2.075
196	r2	4.8	0.0	0.0
196	rnapol	0.0	0.0	0.0
197	__protein1_rbs	9.4	0.0	0.0
197	__protein2_rbs	9.8	0.0	0.0
197	__protein3_rbs	3.4	0.0	0.0
197	__ribosome	26.8	0.0	0.0
197	__rnase_site_ext	17.8	0.0	0.0
197	p0	1.0	0.0	0.0
197	protein1	1004.6	17.8	1.8081526
197	protein2	1027.2	18.2	1.7518781999999995
197	protein3	264.4	4.6	2.075
197	r2	4.8	0.0	0.0
197	rnapol	0.0	0.0	0.0
198	__protein1_rbs	10.4	0.0	0.0
198	__protein2_rbs	11.6	0.0	0.0
198	__protein3_rbs	3.0	0.0	0.0
198	__ribosome	26.0	0.0	0.0
198	__rnase_site_ext	18.2	0.0	0.0
198	p0	0.6	0.0	0.0
198	protein1	1010.8	17.8	1.8846078
198	protein2	1033.8	18.2	1.7813450000000002
198	protein3	267.2	4.8	1.805
198	r2	4.8	0.0	0.0
198	rnapol	0.4	0.0	0.0
199	__protein1_rbs	10.8	0.0	0.0
199	__protein2_rbs	10.4	0.0	0.0
199	__protein3_rbs	2.8	0.0	0.0
199	__ribosome	23.8	0.0	0.0
199	__rnase_site_ext	18.4	0.0	0.0
199	p0	0.8	0.0	0.0
199	protein1	1018.0	18.0	1.9097104000000005
199	protein2	1040.4	18.4	1.8679531999999999
199	protein3	269.4	4.8	1.675
199	r2	4.8	0.0	0.0
199	rnapol	0.2	0.0	0.0
200	__protein1_rbs	10.6	0.0	0.0
200	__protein2_rbs	13.2	0.0	0.0
200	__protein3_rbs	3.2	0.0	0.0
200	__ribosome	23.6	0.0	0.0
200	__rnase_site_ext	18.6	0.0	0.0
200	p0	1.0	0.0	0.0
200	protein1	1025.0	18.4	1.9618944
200	protein2	1047.6	18.8	1.7608187999999998
200	protein3	271.0	4.8	1.69
200	r2	5.0	0.0	0.0
200	rnapol	0.4	0.0	0.0
201	__protein1_rbs	12.6	0.0	0.0
201	__protein2_rbs	13.6	0.0	0.0
201	__protein3_rbs	2.2	0.0	0.0
201	__ribosome	25.2	0.0	0.0
201	__rnase_site_ext	19.0	0.0	0.0
201	p0	0.6	0.0	0.0
201	protein1	1031.8	18.6	1.8790014
201	protein2	1054.0	18.8	1.7162662000000002
201	protein3	273.4	4.8	1.565
201	r2	5.0	0.0	0.0
201	rnapol	0.0	0.0	0.0
202	__protein1_rbs	12.8	0.0	0.0
202	__protein2_rbs	11.8	0.0	0.0
202	__protein3_rbs	3.4	0.0	0.0
202	__ribosome	26.0	0.0	0.0
202	__rnase_site_ext	18.8	0.0	0.0
202	p0	1.0	0.0	0.0
202	protein1	1040.4	18.8	1.733584
202	protein2	1062.4	19.2	1.6843026
202	protein3	273.8	5.0	1.8033333999999999
202	r2	4.8	0.0	0.0
202	rnapol	0.2	0.0	0.0
203	__protein1_rbs	12.2	0.0	0.0
203	__protein2_rbs	13.2	0.0	0.0
203	__protein3_rbs	3.8	0.0	0.0
203	__ribosome	30.8	0.0	0.0
203	__rnase_site_ext	18.8	0.0	0.0
203	p0	1.0	0.0	0.0
203	protein1	1049.6	18.8	1.6133667999999999
203	protein2	1071.2	19.2	1.5890144000000002
203	protein3	276.0	5.0	1.6716666
203	r2	4.8	0.0	0.0
203	rnapol	0.6	0.0	0.0
204	__protein1_rbs	10.2	0.0	0.0
204	__protein2_rbs	11.4	0.0	0.0
204	__protein3_rbs	3.0	0.0	0.0
204	__ribosome	25.2	0.0	0.0
204	__rnase_site_ext	18.8	0.0	0.0
204	p0	1.0	0.0	0.0
204	protein1	1056.6	18.8	1.81462
204	protein2	1077.2	18.8	1.7134504000000002
204	protein3	278.0	5.0	1.765
204	r2	5.0	0.0	0.0
204	rnapol	0.6	0.0	0.0
205	__protein1_rbs	12.8	0.0	0.0
205	__protein2_rbs	13.4	0.0	0.0
205	__protein3_rbs	3.2	0.0	0.0
205	__ribosome	26.6	0.0	0.0
205	__rnase_site_ext	19.0	0.0	0.0
205	p0	0.2	0.0	0.0
205	protein1	1063.6	18.8	1.8
205	protein2	1084.6	18.8	1.6727651999999997
205	protein3	280.0	4.8	1.7483334
205	r2	5.2	0.0	0.0
205	rnapol	0.2	0.0	0.0
206	__protein1_rbs	13.4	0.0	0.0
206	__protein2_rbs	11.6	0.0	0.0
206	__protein3_rbs	3.0	0.0	0.0
206	__ribosome	26.2	0.0	0.0
206	__rnase_site_ext	19.4	0.0	0.0
206	p0	0.8	0.0	0.0
206	protein1	1070.4	19.0	1.7400000000000002
206	protein2	1091.4	19.0	1.7530038
206	protein3	282.6	5.0	1.6378571999999998
206	r2	5.4	0.0	0.0
206	rnapol	0.2	0.0	0.0
207	__protein1_rbs	11.6	0.0	0.0
207	__protein2_rbs	14.0	0.0	0.0
207	__protein3_rbs	3.8	0.0	0.0
207	__ribosome	26.0	0.0	0.0
207	__rnase_site_ext	19.4	0.0	0.0
207	p0	1.0	0.0	0.0
207	protein1	1077.4	19.2	1.7902171999999998
207	protein2	1098.4	19.2	1.6603996000000003
207	protein3	283.8	5.2	1.6476191999999998
207	r2	5.6	0.0	0.0
207	rnapol	0.2	0.0	0.0
208	__protein1_rbs	12.0	0.0	0.0
208	__protein2_rbs	11.8	0.0	0.0
208	__protein3_rbs	3.4	0.0	0.0
208	__ribosome	26.0	0.0	0.0
208	__rnase_site_ext	19.4	0.0	0.0
208	p0	1.0	0.0	0.0
208	protein1	1086.6	19.6	1.692637
208	protein2	1105.4	19.2	1.6936733999999998
208	protein3	285.6	5.4	1.5678572
208	r2	5.6	0.0	0.0
208	rnapol	0.0	0.0	0.0
209	__protein1_rbs	13.4	0.0	0.0
209	__protein2_rbs	11.2	0.0	0.0
209	__protein3_rbs	3.4	0.0	0.0
209	__ribosome	25.2	0.0	0.0
209	__rnase_site_ext	19.4	0.0	0.0
209	p0	1.0	0.0	0.0
209	protein1	1093.6	19.4	1.6884633999999998
209	protein2	1113.0	19.4	1.7408519999999996
209	protein3	288.0	5.6	1.5023807999999998
209	r2	5.6	0.0	0.0
209	rnapol	0.0	0.0	0.0
210	__protein1_rbs	12.6	0.0	0.0
210	__protein2_rbs	12.4	0.0	0.0
210	__protein3_rbs	4.0	0.0	0.0
210	__ribosome	24.4	0.0	0.0
210	__rnase_site_ext	19.2	0.0	0.0
210	p0	1.0	0.0	0.0
210	protein1	1101.4	19.4	1.7102072
210	protein2	1121.2	19.6	1.7086465999999998
210	protein3	289.0	5.6	1.6273807999999998
210	r2	5.8	0.0	0.0
210	rnapol	0.0	0.0	0.0
211	__protein1_rbs	12.2	0.0	0.0
211	__protein2_rbs	11.8	0.0	0.0
211	__protein3_rbs	4.2	0.0	0.0
211	__ribosome	23.8	0.0	0.0
211	__rnase_site_ext	19.2	0.0	0.0
211	p0	1.0	0.0	0.0
211	protein1	1108.2	19.2	1.7222221999999998
211	protein2	1128.2	19.4	1.7566331999999998
211	protein3	291.0	5.8	1.5504760000000002
211	r2	5.6	0.0	0.0
211	rnapol	0.8	0.0	0.0
212	__protein1_rbs	13.0	0.0	0.0
212	__protein2_rbs	11.6	0.0	0.0
212	__protein3_rbs	3.8	0.0	0.0
212	__ribosome	21.8	0.0	0.0
212	__rnase_site_ext	19.6	0.0	0.0
212	p0	1.0	0.0	0.0
212	protein1	1115.4	19.2	1.7232246
212	protein2	1135.4	19.4	1.8750208
212	protein3	293.0	5.8	1.5769046000000002
212	r2	5.6	0.0	0.0
212	rnapol	0.6	0.0	0.0
213	__protein1_rbs	13.0	0.0	0.0
213	__protein2_rbs	13.8	0.0	0.0
213	__protein3_rbs	4.4	0.0	0.0
213	__ribosome	24.4	0.0	0.0
213	__rnase_site_ext	19.2	0.0	0.0
213	p0	0.8	0.0	0.0
213	protein1	1124.0	19.6	1.6200668
213	protein2	1143.2	20.2	1.7440989999999998
213	protein3	295.2	5.8	1.5340475999999998
213	r2	5.6	0.0	0.0
213	rnapol	0.8	0.0	0.0
214	__protein1_rbs	13.0	0.0	0.0
214	__protein2_rbs	13.8	0.0	0.0
214	__protein3_rbs	2.6	0.0	0.0
214	__ribosome	24.6	0.0	0.0
214	__rnase_site_ext	19.6	0.0	0.0
214	p0	0.6	0.0	0.0
214	protein1	1131.6	19.2	1.567694
214	protein2	1150.4	20.4	1.7768892
214	protein3	297.8	5.8	1.6611906000000003
214	r2	5.4	0.0	0.0
214	rnapol	1.0	0.0	0.0
215	__protein1_rbs	11.6	0.0	0.0
215	__protein2_rbs	13.6	0.0	0.0
215	__protein3_rbs	4.4	0.0	0.0
215	__ribosome	25.8	0.0	0.0
215	__rnase_site_ext	19.6	0.0	0.0
215	p0	0.8	0.0	0.0
215	protein1	1138.2	19.6	1.641587
215	protein2	1160.0	20.4	1.6564562000000005
215	protein3	299.8	5.6	1.6326192
215	r2	5.4	0.0	0.0
215	rnapol	0.8	0.0	0.0
216	__protein1_rbs	14.0	0.0	0.0
216	__protein2_rbs	11.6	0.0	0.0
216	__protein3_rbs	2.6	0.0	0.0
216	__ribosome	24.2	0.0	0.0
216	__rnase_site_ext	19.8	0.0	0.0
216	p0	0.6	0.0	0.0
216	protein1	1146.0	19.6	1.5498184
216	protein2	1168.6	20.6	1.708031
216	protein3	301.4	5.6	2.0047620000000004
216	r2	5.2	0.0	0.0
216	rnapol	0.8	0.0	0.0
217	__protein1_rbs	12.6	0.0	0.0
217	__protein2_rbs	14.2	0.0	0.0
217	__protein3_rbs	3.2	0.0	0.0
217	__ribosome	21.0	0.0	0.0
217	__rnase_site_ext	19.4	0.0	0.0
217	p0	0.8	0.0	0.0
217	protein1	1152.4	19.8	1.6337536
217	protein2	1175.6	20.4	1.752285
217	protein3	303.6	5.4	2.135238
217	r2	5.2	0.0	0.0
217	rnapol	1.0	0.0	0.0
218	__protein1_rbs	12.4	0.0	0.0
218	__protein2_rbs	14.0	0.0	0.0
218	__protein3_rbs	4.4	0.0	0.0
218	__ribosome	21.4	0.0	0.0
218	__rnase_site_ext	20.2	0.0	0.0
218	p0	0.6	0.0	0.0
218	protein1	1158.8	19.4	1.7265604
218	protein2	1183.2	20.4	1.714738
218	protein3	306.0	5.4	1.9657144
218	r2	5.2	0.0	0.0
218	rnapol	0.8	0.0	0.0
219	__protein1_rbs	13.0	0.0	0.0
219	__protein2_rbs	12.0	0.0	0.0
219	__protein3_rbs	3.2	0.0	0.0
219	__ribosome	22.4	0.0	0.0
219	__rnase_site_ext	20.2	0.0	0.0
219	p0	0.6	0.0	0.0
219	protein1	1166.8	20.0	1.6206062
219	protein2	1191.8	20.2	1.7276897999999998
219	protein3	308.2	5.2	1.9895238000000002
219	r2	5.2	0.0	0.0
219	rnapol	0.6	0.0	0.0
220	__protein1_rbs	11.4	0.0	0.0
220	__protein2_rbs	11.8	0.0	0.0
220	__protein3_rbs	3.6	0.0	0.0
220	__ribosome	18.0	0.0	0.0
220	__rnase_site_ext	20.6	0.0	0.0
220	p0	0.8	0.0	0.0
220	protein1	1173.4	20.0	1.7517916
220	protein2	1199.2	20.4	1.7916610000000002
220	protein3	310.4	5.2	1.9533334
220	r2	5.2	0.0	0.0
220	rnapol	0.4	0.0	0.0
221	__protein1_rbs	14.4	0.0	0.0
221	__protein2_rbs	14.4	0.0	0.0
221	__protein3_rbs	3.6	0.0	0.0
221	__ribosome	22.4	0.0	0.0
221	__rnase_site_ext	20.8	0.0	0.0
221	p0	0.6	0.0	0.0
221	protein1	1182.0	20.6	1.6301299999999999
221	protein2	1208.0	20.6	1.6782910000000002
221	protein3	313.6	5.4	1.7166666000000002
221	r2	5.2	0.0	0.0
221	rnapol	0.0	0.0	0.0
222	__protein1_rbs	11.8	0.0	0.0
222	__protein2_rbs	14.4	0.0	0.0
222	__protein3_rbs	3.6	0.0	0.0
222	__ribosome	21.8	0.0	0.0
222	__rnase_site_ext	20.6	0.0	0.0
222	p0	1.0	0.0	0.0
222	protein1	1188.4	20.6	1.7591342
222	protein2	1216.0	20.4	1.6007451999999998
222	protein3	315.8	5.2	1.8604762
222	r2	5.2	0.0	0.0
222	rnapol	0.0	0.0	0.0
223	__protein1_rbs	14.6	0.0	0.0
223	__protein2_rbs	14.4	0.0	0.0
223	__protein3_rbs	3.8	0.0	0.0
223	__ribosome	22.6	0.0	0.0
223	__rnase_site_ext	20.2	0.0	0.0
223	p0	1.0	0.0	0.0
223	protein1	1194.8	20.6	1.7589474000000005
223	protein2	1223.4	20.8	1.5773594000000002
223	protein3	318.0	5.2	1.6552380000000002
223	r2	5.2	0.0	0.0
223	rnapol	0.2	0.0	0.0
224	__protein1_rbs	13.4	0.0	0.0
224	__protein2_rbs	12.6	0.0	0.0
224	__protein3_rbs	3.2	0.0	0.0
224	__ribosome	22.4	0.0	0.0
224	__rnase_site_ext	20.2	0.0	0.0
224	p0	0.8	0.0	0.0
224	protein1	1204.0	20.2	1.6829412
224	protein2	1231.6	21.0	1.6406928
224	protein3	319.8	5.2	1.8185714
224	r2	5.2	0.0	0.0
224	rnapol	0.0	0.0	0.0
225	__protein1_rbs	14.2	0.0	0.0
225	__protein2_rbs	14.4	0.0	0.0
225	__protein3_rbs	4.0	0.0	0.0
225	__ribosome	26.0	0.0	0.0
225	__rnase_site_ext	20.2	0.0	0.0
225	p0	1.0	0.0	0.0
225	protein1	1212.6	20.2	1.6011004
225	protein2	1240.2	21.2	1.595238
225	protein3	322.6	5.2	1.5528572
225	r2	5.4	0.0	0.0
225	rnapol	0.6	0.0	0.0
226	__protein1_rbs	12.6	0.0	0.0
226	__protein2_rbs	14.0	0.0	0.0
226	__protein3_rbs	2.8	0.0	0.0
226	__ribosome	23.4	0.0	0.0
226	__rnase_site_ext	20.4	0.0	0.0
226	p0	0.8	0.0	0.0
226	protein1	1221.0	20.2	1.6134449999999998
226	protein2	1246.4	21.6	1.6331356000000001
226	protein3	324.2	5.2	1.6666666
226	r2	5.4	0.0	0.0
226	rnapol	0.6	0.0	0.0
227	__protein1_rbs	14.0	0.0	0.0
227	__protein2_rbs	14.0	0.0	0.0
227	__protein3_rbs	3.8	0.0	0.0
227	__ribosome	25.0	0.0	0.0
227	__rnase_site_ext	20.4	0.0	0.0
227	p0	1.0	0.0	0.0
227	protein1	1229.0	20.4	1.5761328
227	protein2	1254.2	21.6	1.624954
227	protein3	326.4	5.4	1.4495238
227	r2	5.4	0.0	0.0
227	rnapol	0.4	0.0	0.0
228	__protein1_rbs	13.8	0.0	0.0
228	__protein2_rbs	15.0	0.0	0.0
228	__protein3_rbs	3.8	0.0	0.0
228	__ribosome	24.0	0.0	0.0
228	__rnase_site_ext	20.6	0.0	0.0
228	p0	0.8	0.0	0.0
228	protein1	1235.8	20.6	1.6457274000000002
228	protein2	1262.6	21.6	1.613853
228	protein3	328.6	5.4	1.3704762
228	r2	5.8	0.0	0.0
228	rnapol	0.2	0.0	0.0
229	__protein1_rbs	13.8	0.0	0.0
229	__protein2_rbs	14.0	0.0	0.0
229	__protein3_rbs	2.8	0.0	0.0
229	__ribosome	22.4	0.0	0.0
229	__rnase_site_ext	20.4	0.0	0.0
229	p0	0.8	0.0	0.0
229	protein1	1242.8	20.6	1.6918646000000002
229	protein2	1271.2	22.0	1.5634940000000002
229	protein3	330.4	5.4	1.5590476
229	r2	5.8	0.0	0.0
229	rnapol	0.2	0.0	0.0
230	__protein1_rbs	14.6	0.0	0.0
230	__protein2_rbs	15.4	0.0	0.0
230	__protein3_rbs	3.2	0.0	0.0
230	__ribosome	20.4	0.0	0.0
230	__rnase_site_ext	20.2	0.0	0.0
230	p0	1.0	0.0	0.0
230	protein1	1249.4	20.2	1.7396535999999998
230	protein2	1278.4	22.0	1.5543162
230	protein3	331.4	5.6	1.8161906
230	r2	5.8	0.0	0.0
230	rnapol	0.6	0.0	0.0
231	__protein1_rbs	14.8	0.0	0.0
231	__protein2_rbs	13.6	0.0	0.0
231	__protein3_rbs	3.6	0.0	0.0
231	__ribosome	22.0	0.0	0.0
231	__rnase_site_ext	20.4	0.0	0.0
231	p0	0.6	0.0	0.0
231	protein1	1258.2	20.2	1.6030664
231	protein2	1285.4	21.8	1.6512583999999997
231	protein3	334.0	5.6	1.6876192
231	r2	5.8	0.0	0.0
231	rnapol	0.2	0.0	0.0
232	__protein1_rbs	14.0	0.0	0.0
232	__protein2_rbs	13.6	0.0	0.0
232	__protein3_rbs	3.0	0.0	0.0
232	__ribosome	22.2	0.0	0.0
232	__rnase_site_ext	20.4	0.0	0.0
232	p0	0.8	0.0	0.0
232	protein1	1266.4	20.4	1.524119
232	protein2	1294.0	21.6	1.6621516
232	protein3	335.8	5.8	1.8261906
232	r2	5.8	0.0	0.0
232	rnapol	0.2	0.0	0.0
233	__protein1_rbs	13.6	0.0	0.0
233	__protein2_rbs	13.8	0.0	0.0
233	__protein3_rbs	3.8	0.0	0.0
233	__ribosome	21.6	0.0	0.0
233	__rnase_site_ext	20.4	0.0	0.0
233	p0	1.0	0.0	0.0
233	protein1	1275.2	20.4	1.4755223999999998
233	protein2	1301.4	21.6	1.6989797999999998
233	protein3	337.2	6.0	1.9166666
233	r2	5.8	0.0	0.0
233	rnapol	0.6	0.0	0.0
234	__protein1_rbs	13.2	0.0	0.0
234	__protein2_rbs	14.6	0.0	0.0
234	__protein3_rbs	4.2	0.0	0.0
234	__ribosome	23.4	0.0	0.0
234	__rnase_site_ext	20.4	0.0	0.0
234	p0	0.8	0.0	0.0
234	protein1	1281.4	20.4	1.5880026000000003
234	protein2	1310.6	21.4	1.6330848000000002
234	protein3	340.8	5.8	1.6142858
234	r2	6.0	0.0	0.0
234	rnapol	0.4	0.0	0.0
235	__protein1_rbs	12.6	0.0	0.0
235	__protein2_rbs	14.8	0.0	0.0
235	__protein3_rbs	3.6	0.0	0.0
235	__ribosome	22.0	0.0	0.0
235	__rnase_site_ext	20.0	0.0	0.0
235	p0	0.6	0.0	0.0
235	protein1	1288.0	20.4	1.6569772
235	protein2	1318.2	21.4	1.6172540000000002
235	protein3	343.0	6.0	1.6523808
235	r2	6.0	0.0	0.0
235	rnapol	0.4	0.0	0.0
236	__protein1_rbs	14.0	0.0	0.0
236	__protein2_rbs	14.8	0.0	0.0
236	__protein3_rbs	5.4	0.0	0.0
236	__ribosome	24.4	0.0	0.0
236	__rnase_site_ext	19.6	0.0	0.0
236	p0	0.6	0.0	0.0
236	protein1	1295.0	20.6	1.6370458
236	protein2	1326.4	21.2	1.5896986000000002
236	protein3	345.4	6.2	1.3297618
236	r2	6.0	0.0	0.0
236	rnapol	0.4	0.0	0.0
237	__protein1_rbs	14.6	0.0	0.0
237	__protein2_rbs	14.4	0.0	0.0
237	__protein3_rbs	2.6	0.0	0.0
237	__ribosome	25.4	0.0	0.0
237	__rnase_site_ext	19.6	0.0	0.0
237	p0	0.8	0.0	0.0
237	protein1	1302.8	19.6	1.6470783999999998
237	protein2	1334.8	21.2	1.5686956000000003
237	protein3	347.8	6.0	1.5102380000000002
237	r2	6.2	0.0	0.0
237	rnapol	0.2	0.0	0.0
238	__protein1_rbs	12.6	0.0	0.0
238	__protein2_rbs	13.6	0.0	0.0
238	__protein3_rbs	4.2	0.0	0.0
238	__ribosome	25.2	0.0	0.0
238	__rnase_site_ext	19.2	0.0	0.0
238	p0	1.0	0.0	0.0
238	protein1	1310.6	19.4	1.6252480000000002
238	protein2	1343.0	21.6	1.5829298
238	protein3	350.0	6.0	1.4926191999999998
238	r2	6.2	0.0	0.0
238	rnapol	0.6	0.0	0.0
239	__protein1_rbs	11.8	0.0	0.0
239	__protein2_rbs	13.8	0.0	0.0
239	__protein3_rbs	5.0	0.0	0.0
239	__ribosome	24.0	0.0	0.0
239	__rnase_site_ext	19.0	0.0	0.0
239	p0	1.0	0.0	0.0
239	protein1	1319.4	19.2	1.6416668
239	protein2	1350.2	21.8	1.6586336
239	protein3	352.0	6.2	1.355
239	r2	6.0	0.0	0.0
239	rnapol	0.6	0.0	0.0
240	__protein1_rbs	13.4	0.0	0.0
240	__protein2_rbs	15.2	0.0	0.0
240	__protein3_rbs	4.4	0.0	0.0
240	__ribosome	25.4	0.0	0.0
240	__rnase_site_ext	18.8	0.0	0.0
240	p0	0.4	0.0	0.0
240	protein1	1327.4	19.0	1.5782608
240	protein2	1358.2	22.0	1.6020374
240	protein3	353.2	6.2	1.5333333999999998
240	r2	6.2	0.0	0.0
240	rnapol	0.4	0.0	0.0
241	__protein1_rbs	13.0	0.0	0.0
241	__protein2_rbs	14.2	0.0	0.0
241	__protein3_rbs	4.6	0.0	0.0
241	__ribosome	23.4	0.0	0.0
241	__rnase_site_ext	19.6	0.0	0.0
241	p0	0.8	0.0	0.0
241	protein1	1333.0	18.8	1.6346699999999998
241	protein2	1364.8	22.2	1.6973180000000003
241	protein3	356.0	6.2	1.3366666
241	r2	6.2	0.0	0.0
241	rnapol	0.2	0.0	0.0
242	__protein1_rbs	13.2	0.0	0.0
242	__protein2_rbs	12.6	0.0	0.0
242	__protein3_rbs	4.2	0.0	0.0
242	__ribosome	23.4	0.0	0.0
242	__rnase_site_ext	19.4	0.0	0.0
242	p0	1.0	0.0	0.0
242	protein1	1340.0	19.6	1.5631578000000002
242	protein2	1374.4	21.8	1.7380088
242	protein3	358.6	6.4	1.2494444
242	r2	6.2	0.0	0.0
242	rnapol	0.2	0.0	0.0
243	__protein1_rbs	11.8	0.0	0.0
243	__protein2_rbs	15.0	0.0	0.0
243	__protein3_rbs	4.0	0.0	0.0
243	__ribosome	23.0	0.0	0.0
243	__rnase_site_ext	19.8	0.0	0.0
243	p0	0.4	0.0	0.0
243	protein1	1348.0	19.4	1.5594738000000001
243	protein2	1382.6	22.0	1.6955326000000002
243	protein3	359.6	6.2	1.5020636
243	r2	6.2	0.0	0.0
243	rnapol	0.0	0.0	0.0
244	__protein1_rbs	14.0	0.0	0.0
244	__protein2_rbs	13.2	0.0	0.0
244	__protein3_rbs	4.2	0.0	0.0
244	__ribosome	22.8	0.0	0.0
244	__rnase_site_ext	19.8	0.0	0.0
244	p0	0.8	0.0	0.0
244	protein1	1354.6	19.4	1.5168422
244	protein2	1390.6	21.6	1.7903247999999998
244	protein3	362.4	6.2	1.4890473999999998
244	r2	6.2	0.0	0.0
244	rnapol	0.2	0.0	0.0
245	__protein1_rbs	14.0	0.0	0.0
245	__protein2_rbs	12.4	0.0	0.0
245	__protein3_rbs	3.4	0.0	0.0
245	__ribosome	22.4	0.0	0.0
245	__rnase_site_ext	19.8	0.0	0.0
245	p0	0.8	0.0	0.0
245	protein1	1361.8	19.8	1.4566666
245	protein2	1400.0	21.8	1.76142
245	protein3	364.0	6.2	1.7147618000000002
245	r2	6.0	0.0	0.0
245	rnapol	0.0	0.0	0.0
246	__protein1_rbs	15.4	0.0	0.0
246	__protein2_rbs	15.2	0.0	0.0
246	__protein3_rbs	3.8	0.0	0.0
246	__ribosome	23.4	0.0	0.0
246	__rnase_site_ext	19.8	0.0	0.0
246	p0	0.8	0.0	0.0
246	protein1	1367.0	19.8	1.4917794
246	protein2	1410.0	22.0	1.6514285999999998
246	protein3	366.0	6.4	1.7412698
246	r2	6.0	0.0	0.0
246	rnapol	0.0	0.0	0.0
247	__protein1_rbs	13.0	0.0	0.0
247	__protein2_rbs	15.0	0.0	0.0
247	__protein3_rbs	4.8	0.0	0.0
247	__ribosome	25.0	0.0	0.0
247	__rnase_site_ext	19.4	0.0	0.0
247	p0	1.0	0.0	0.0
247	protein1	1376.6	19.8	1.4137094
247	protein2	1417.0	22.0	1.6895066000000003
247	protein3	369.0	6.4	1.5698412
247	r2	6.0	0.0	0.0
247	rnapol	0.4	0.0	0.0
248	__protein1_rbs	13.2	0.0	0.0
248	__protein2_rbs	15.6	0.0	0.0
248	__protein3_rbs	4.6	0.0	0.0
248	__ribosome	25.0	0.0	0.0
248	__rnase_site_ext	19.6	0.0	0.0
248	p0	0.8	0.0	0.0
248	protein1	1382.4	19.4	1.4769006000000002
248	protein2	1425.6	22.4	1.6286036
248	protein3	371.2	6.0	1.6642858
248	r2	6.4	0.0	0.0
248	rnapol	0.2	0.0	0.0
249	__protein1_rbs	14.0	0.0	0.0
249	__protein2_rbs	12.6	0.0	0.0
249	__protein3_rbs	4.0	0.0	0.0
249	__ribosome	23.4	0.0	0.0
249	__rnase_site_ext	19.0	0.0	0.0
249	p0	0.8	0.0	0.0
249	protein1	1388.6	19.6	1.4952548
249	protein2	1434.6	21.6	1.7189666000000001
249	protein3	372.8	6.0	1.7674603999999998
249	r2	6.6	0.0	0.0
249	rnapol	0.0	0.0	0.0
250	__protein1_rbs	12.0	0.0	0.0
250	__protein2_rbs	13.4	0.0	0.0
250	__protein3_rbs	4.2	0.0	0.0
250	__ribosome	21.8	0.0	0.0
250	__rnase_site_ext	19.0	0.0	0.0
250	p0	1.0	0.0	0.0
250	protein1	1395.0	19.2	1.618772
250	protein2	1442.4	20.8	1.8067368000000001
250	protein3	376.0	6.4	1.4026983999999998
250	r2	6.6	0.0	0.0
250	rnapol	0.2	0.0	0.0
