time	species	protein	transcript	ribo_density
0	__protein1_rbs	0.0	0.0	0.0
0	__protein2_rbs	0.0	0.0	0.0
0	__protein3_rbs	0.0	0.0	0.0
0	__ribosome	100.0	0.0	0.0
0	__rnase_site_ext	0.0	0.0	0.0
0	p0	1.0	0.0	0.0
0	p1	1.0	0.0	0.0
0	r2	0.0	0.0	0.0
0	rnapol	4.0	0.0	0.0
1	__protein1_rbs	0.0	0.0	0.0
1	__protein2_rbs	0.0	0.0	0.0
1	__protein3_rbs	0.0	0.0	0.0
1	__ribosome	100.0	0.0	0.0
1	__rnase_site_ext	1.0	0.0	0.0
1	p0	0.4	0.0	0.0
1	p1	1.0	0.0	0.0
1	r2	0.0	0.0	0.0
1	rnapol	3.0	0.0	0.0
2	__protein1_rbs	0.4	0.0	0.0
2	__protein2_rbs	0.0	0.0	0.0
2	__protein3_rbs	0.0	0.0	0.0
2	__ribosome	99.6	0.0	0.0
2	__rnase_site_ext	2.0	0.0	0.0
2	p0	0.0	0.0	0.0
2	p1	1.0	0.0	0.0
2	protein1	0.0	0.8	0.4
2	r2	0.0	0.0	0.0
2	rnapol	2.0	0.0	0.0
3	__protein1_rbs	0.8	0.0	0.0
3	__protein2_rbs	0.0	0.0	0.0
3	__protein3_rbs	0.0	0.0	0.0
3	__ribosome	98.8	0.0	0.0
3	__rnase_site_ext	2.8	0.0	0.0
3	p0	0.0	0.0	0.0
3	p1	1.0	0.0	0.0
3	protein1	0.0	1.8	0.7
3	r2	0.0	0.0	0.0
3	rnapol	1.0	0.0	0.0
4	__protein1_rbs	1.2	0.0	0.0
4	__protein2_rbs	0.0	0.0	0.0
4	__protein3_rbs	0.0	0.0	0.0
4	__ribosome	98.0	0.0	0.0
4	__rnase_site_ext	3.2	0.0	0.0
4	p0	0.4	0.0	0.0
4	p1	1.0	0.0	0.0
4	protein1	0.0	2.2	0.9
4	r2	0.0	0.0	0.0
4	rnapol	0.4	0.0	0.0
5	__protein1_rbs	0.8	0.0	0.0
5	__protein2_rbs	0.0	0.0	0.0
5	__protein3_rbs	0.0	0.0	0.0
5	__ribosome	95.6	0.0	0.0
5	__rnase_site_ext	3.8	0.0	0.0
5	p0	0.8	0.0	0.0
5	p1	1.0	0.0	0.0
5	protein1	0.0	3.0	1.4666668
5	r2	0.0	0.0	0.0
5	rnapol	0.0	0.0	0.0
6	__protein1_rbs	1.0	0.0	0.0
6	__protein2_rbs	0.0	0.0	0.0
6	__protein3_rbs	0.0	0.0	0.0
6	__ribosome	92.6	0.0	0.0
6	__rnase_site_ext	3.8	0.0	0.0
6	p0	1.0	0.0	0.0
6	p1	0.6	0.0	0.0
6	protein1	0.0	3.8	2.0
6	r2	0.0	0.0	0.0
6	rnapol	0.0	0.0	0.0
7	__protein1_rbs	1.0	0.0	0.0
7	__protein2_rbs	0.0	0.0	0.0
7	__protein3_rbs	0.0	0.0	0.0
7	__ribosome	90.4	0.0	0.0
7	__rnase_site_ext	3.8	0.0	0.0
7	p0	1.0	0.0	0.0
7	p1	0.0	0.0	0.0
7	protein1	0.4	3.8	2.5833334
7	r2	0.0	0.0	0.0
7	rnapol	0.0	0.0	0.0
8	__protein1_rbs	1.6	0.0	0.0
8	__protein2_rbs	0.0	0.0	0.0
8	__protein3_rbs	0.0	0.0	0.0
8	__ribosome	89.6	0.0	0.0
8	__rnase_site_ext	3.8	0.0	0.0
8	p0	1.0	0.0	0.0
8	p1	0.0	0.0	0.0
8	protein1	1.0	3.8	2.7666666
8	r2	0.0	0.0	0.0
8	rnapol	0.0	0.0	0.0
9	__protein1_rbs	1.0	0.0	0.0
9	__protein2_rbs	0.0	0.0	0.0
9	__protein3_rbs	0.0	0.0	0.0
9	__ribosome	88.0	0.0	0.0
9	__rnase_site_ext	3.8	0.0	0.0
9	p0	1.0	0.0	0.0
9	p1	0.2	0.0	0.0
9	protein1	2.2	3.8	3.1666666
9	r2	0.0	0.0	0.0
9	rnapol	0.0	0.0	0.0
10	__protein1_rbs	0.8	0.0	0.0
10	__protein2_rbs	0.2	0.0	0.0
10	__protein3_rbs	0.0	0.0	0.0
10	__ribosome	87.4	0.0	0.0
10	__rnase_site_ext	3.8	0.0	0.0
10	p0	1.0	0.0	0.0
10	p1	0.0	0.0	0.0
10	protein1	4.6	3.8	3.3
10	protein2	0.0	0.2	0.0
10	r2	0.0	0.0	0.0
10	rnapol	0.0	0.0	0.0
11	__protein1_rbs	1.0	0.0	0.0
11	__protein2_rbs	0.0	0.0	0.0
11	__protein3_rbs	0.0	0.0	0.0
11	__ribosome	87.2	0.0	0.0
11	__rnase_site_ext	3.8	0.0	0.0
11	p0	1.0	0.0	0.0
11	p1	0.0	0.0	0.0
11	protein1	7.0	3.8	3.15
11	protein2	0.0	0.8	0.8
11	r2	0.0	0.0	0.0
11	rnapol	0.0	0.0	0.0
12	__protein1_rbs	0.4	0.0	0.0
12	__protein2_rbs	1.2	0.0	0.0
12	__protein3_rbs	0.0	0.0	0.0
12	__ribosome	85.8	0.0	0.0
12	__rnase_site_ext	3.8	0.0	0.0
12	p0	1.0	0.0	0.0
12	p1	0.8	0.0	0.0
12	protein1	8.8	3.8	3.3833334
12	protein2	0.0	1.6	0.7
12	r2	0.0	0.0	0.0
12	rnapol	0.0	0.0	0.0
13	__protein1_rbs	1.4	0.0	0.0
13	__protein2_rbs	0.2	0.0	0.0
13	__protein3_rbs	0.0	0.0	0.0
13	__ribosome	84.0	0.0	0.0
13	__rnase_site_ext	3.8	0.0	0.0
13	p0	1.0	0.0	0.0
13	p1	1.0	0.0	0.0
13	protein1	10.8	3.8	3.5166666
13	protein2	0.0	2.0	1.3
13	r2	0.0	0.0	0.0
13	rnapol	0.0	0.0	0.0
14	__protein1_rbs	1.8	0.0	0.0
14	__protein2_rbs	1.0	0.0	0.0
14	__protein3_rbs	0.0	0.0	0.0
14	__ribosome	83.4	0.0	0.0
14	__rnase_site_ext	3.8	0.0	0.0
14	p0	1.0	0.0	0.0
14	p1	1.0	0.0	0.0
14	protein1	14.2	3.8	3.1
14	protein2	0.0	3.0	1.6
14	r2	0.0	0.0	0.0
14	rnapol	0.0	0.0	0.0
15	__protein1_rbs	1.8	0.0	0.0
15	__protein2_rbs	0.8	0.0	0.0
15	__protein3_rbs	0.0	0.0	0.0
15	__ribosome	80.6	0.0	0.0
15	__rnase_site_ext	3.8	0.0	0.0
15	p0	1.0	0.0	0.0
15	p1	1.0	0.0	0.0
15	protein1	16.2	3.8	3.3
15	protein2	0.0	4.0	1.75
15	r2	0.0	0.0	0.0
15	rnapol	0.2	0.0	0.0
16	__protein1_rbs	2.2	0.0	0.0
16	__protein2_rbs	1.6	0.0	0.0
16	__protein3_rbs	0.0	0.0	0.0
16	__ribosome	80.0	0.0	0.0
16	__rnase_site_ext	4.4	0.0	0.0
16	p0	0.4	0.0	0.0
16	p1	1.0	0.0	0.0
16	protein1	18.2	3.8	3.1333333999999997
16	protein2	0.8	4.0	2.05
16	r2	0.0	0.0	0.0
16	rnapol	0.0	0.0	0.0
17	__protein1_rbs	1.2	0.0	0.0
17	__protein2_rbs	1.8	0.0	0.0
17	__protein3_rbs	0.0	0.0	0.0
17	__ribosome	78.2	0.0	0.0
17	__rnase_site_ext	4.8	0.0	0.0
17	p0	0.6	0.0	0.0
17	p1	1.0	0.0	0.0
17	protein1	21.4	4.0	2.89
17	protein2	0.8	4.0	2.6
17	r2	0.2	0.0	0.0
17	rnapol	0.2	0.0	0.0
18	__protein1_rbs	1.4	0.0	0.0
18	__protein2_rbs	1.4	0.0	0.0
18	__protein3_rbs	0.0	0.0	0.0
18	__ribosome	77.6	0.0	0.0
18	__rnase_site_ext	4.8	0.0	0.0
18	p0	1.0	0.0	0.0
18	p1	1.0	0.0	0.0
18	protein1	24.0	4.4	2.6
18	protein2	2.4	4.0	2.8
18	r2	0.4	0.0	0.0
18	rnapol	0.4	0.0	0.0
19	__protein1_rbs	1.8	0.0	0.0
19	__protein2_rbs	2.0	0.0	0.0
19	__protein3_rbs	0.0	0.0	0.0
19	__ribosome	76.4	0.0	0.0
19	__rnase_site_ext	5.4	0.0	0.0
19	p0	0.2	0.0	0.0
19	p1	1.0	0.0	0.0
19	protein1	25.6	4.8	2.6933333999999998
19	protein2	4.0	4.0	2.8
19	protein3	0.0	0.2	0.2
19	r2	0.4	0.0	0.0
19	rnapol	0.2	0.0	0.0
20	__protein1_rbs	2.2	0.0	0.0
20	__protein2_rbs	1.8	0.0	0.0
20	__protein3_rbs	0.4	0.0	0.0
20	__ribosome	75.6	0.0	0.0
20	__rnase_site_ext	5.8	0.0	0.0
20	p0	0.8	0.0	0.0
20	p1	1.0	0.0	0.0
20	protein1	27.6	5.2	2.6733334
20	protein2	6.8	4.0	2.7
20	protein3	0.0	0.4	0.2
20	r2	0.8	0.0	0.0
20	rnapol	0.4	0.0	0.0
21	__protein1_rbs	1.6	0.0	0.0
21	__protein2_rbs	1.2	0.0	0.0
21	__protein3_rbs	0.2	0.0	0.0
21	__ribosome	73.2	0.0	0.0
21	__rnase_site_ext	6.4	0.0	0.0
21	p0	0.8	0.0	0.0
21	p1	0.8	0.0	0.0
21	protein1	30.0	5.6	2.6057142000000004
21	protein2	8.6	4.0	2.95
21	protein3	0.0	0.4	0.4
21	r2	0.8	0.0	0.0
21	rnapol	0.6	0.0	0.0
22	__protein1_rbs	2.4	0.0	0.0
22	__protein2_rbs	1.6	0.0	0.0
22	__protein3_rbs	0.4	0.0	0.0
22	__ribosome	72.4	0.0	0.0
22	__rnase_site_ext	7.0	0.0	0.0
22	p0	0.4	0.0	0.0
22	p1	0.4	0.0	0.0
22	protein1	32.6	6.2	2.5440474
22	protein2	10.8	4.0	2.85
22	protein3	0.0	0.6	0.6
22	r2	0.8	0.0	0.0
22	rnapol	0.0	0.0	0.0
23	__protein1_rbs	2.8	0.0	0.0
23	__protein2_rbs	1.6	0.0	0.0
23	__protein3_rbs	0.0	0.0	0.0
23	__ribosome	70.6	0.0	0.0
23	__rnase_site_ext	6.8	0.0	0.0
23	p0	1.0	0.0	0.0
23	p1	0.4	0.0	0.0
23	protein1	34.6	6.2	2.7845238
23	protein2	13.6	4.0	2.75
23	protein3	0.0	0.8	1.4
23	r2	0.8	0.0	0.0
23	rnapol	0.0	0.0	0.0
24	__protein1_rbs	2.4	0.0	0.0
24	__protein2_rbs	1.4	0.0	0.0
24	__protein3_rbs	0.4	0.0	0.0
24	__ribosome	68.2	0.0	0.0
24	__rnase_site_ext	6.6	0.0	0.0
24	p0	1.0	0.0	0.0
24	p1	0.6	0.0	0.0
24	protein1	37.2	6.6	2.7964287999999997
24	protein2	15.0	4.0	3.05
24	protein3	0.2	0.8	1.6
24	r2	0.8	0.0	0.0
24	rnapol	0.0	0.0	0.0
25	__protein1_rbs	2.0	0.0	0.0
25	__protein2_rbs	2.2	0.0	0.0
25	__protein3_rbs	0.2	0.0	0.0
25	__ribosome	66.2	0.0	0.0
25	__rnase_site_ext	6.6	0.0	0.0
25	p0	1.0	0.0	0.0
25	p1	0.2	0.0	0.0
25	protein1	39.8	6.4	3.1428572000000004
25	protein2	17.2	4.2	2.91
25	protein3	0.2	0.8	2.0
25	r2	0.8	0.0	0.0
25	rnapol	0.2	0.0	0.0
26	__protein1_rbs	2.6	0.0	0.0
26	__protein2_rbs	1.6	0.0	0.0
26	__protein3_rbs	0.2	0.0	0.0
26	__ribosome	66.4	0.0	0.0
26	__rnase_site_ext	7.0	0.0	0.0
26	p0	0.6	0.0	0.0
26	p1	0.2	0.0	0.0
26	protein1	44.0	6.4	2.9428572
26	protein2	19.4	4.4	2.87
26	protein3	0.4	0.8	2.2
26	r2	0.8	0.0	0.0
26	rnapol	0.0	0.0	0.0
27	__protein1_rbs	3.0	0.0	0.0
27	__protein2_rbs	1.2	0.0	0.0
27	__protein3_rbs	0.0	0.0	0.0
27	__ribosome	65.8	0.0	0.0
27	__rnase_site_ext	7.0	0.0	0.0
27	p0	1.0	0.0	0.0
27	p1	0.4	0.0	0.0
27	protein1	47.0	6.6	2.8628572
27	protein2	21.8	4.8	2.65
27	protein3	0.6	0.8	2.6
27	r2	0.8	0.0	0.0
27	rnapol	0.0	0.0	0.0
28	__protein1_rbs	2.8	0.0	0.0
28	__protein2_rbs	2.4	0.0	0.0
28	__protein3_rbs	0.6	0.0	0.0
28	__ribosome	65.4	0.0	0.0
28	__rnase_site_ext	7.4	0.0	0.0
28	p0	0.6	0.0	0.0
28	p1	0.4	0.0	0.0
28	protein1	50.2	6.8	2.8914286
28	protein2	24.8	5.2	2.4833334
28	protein3	1.2	0.8	2.2
28	r2	0.8	0.0	0.0
28	rnapol	0.2	0.0	0.0
29	__protein1_rbs	2.8	0.0	0.0
29	__protein2_rbs	2.2	0.0	0.0
29	__protein3_rbs	0.2	0.0	0.0
29	__ribosome	65.2	0.0	0.0
29	__rnase_site_ext	7.6	0.0	0.0
29	p0	1.0	0.0	0.0
29	p1	0.6	0.0	0.0
29	protein1	55.4	6.8	2.647143
29	protein2	27.0	5.8	2.4409523999999996
29	protein3	1.6	0.8	2.4
29	r2	0.8	0.0	0.0
29	rnapol	0.0	0.0	0.0
30	__protein1_rbs	4.4	0.0	0.0
30	__protein2_rbs	2.6	0.0	0.0
30	__protein3_rbs	0.6	0.0	0.0
30	__ribosome	64.6	0.0	0.0
30	__rnase_site_ext	7.4	0.0	0.0
30	p0	1.0	0.0	0.0
30	p1	1.0	0.0	0.0
30	protein1	58.6	7.4	2.3821428
30	protein2	28.8	5.8	2.7009524
30	protein3	2.2	0.8	2.0
30	r2	0.8	0.0	0.0
30	rnapol	0.2	0.0	0.0
31	__protein1_rbs	3.2	0.0	0.0
31	__protein2_rbs	2.6	0.0	0.0
31	__protein3_rbs	0.6	0.0	0.0
31	__ribosome	62.8	0.0	0.0
31	__rnase_site_ext	7.6	0.0	0.0
31	p0	0.8	0.0	0.0
31	p1	1.0	0.0	0.0
31	protein1	62.6	7.2	2.4583334
31	protein2	30.4	6.4	2.8073810000000003
31	protein3	2.6	0.8	1.8
31	r2	0.8	0.0	0.0
31	rnapol	0.0	0.0	0.0
32	__protein1_rbs	3.2	0.0	0.0
32	__protein2_rbs	3.2	0.0	0.0
32	__protein3_rbs	0.2	0.0	0.0
32	__ribosome	62.2	0.0	0.0
32	__rnase_site_ext	7.8	0.0	0.0
32	p0	0.8	0.0	0.0
32	p1	0.6	0.0	0.0
32	protein1	66.0	7.2	2.5785714
32	protein2	34.2	7.0	2.4607142000000004
32	protein3	3.0	0.8	2.0
32	r2	0.8	0.0	0.0
32	rnapol	0.0	0.0	0.0
33	__protein1_rbs	3.0	0.0	0.0
33	__protein2_rbs	4.0	0.0	0.0
33	__protein3_rbs	0.2	0.0	0.0
33	__ribosome	61.2	0.0	0.0
33	__rnase_site_ext	7.6	0.0	0.0
33	p0	1.0	0.0	0.0
33	p1	0.6	0.0	0.0
33	protein1	69.0	7.4	2.670238
33	protein2	37.2	7.0	2.4571428
33	protein3	3.6	0.8	2.0
33	r2	1.2	0.0	0.0
33	rnapol	0.2	0.0	0.0
34	__protein1_rbs	2.2	0.0	0.0
34	__protein2_rbs	2.4	0.0	0.0
34	__protein3_rbs	0.4	0.0	0.0
34	__ribosome	59.0	0.0	0.0
34	__rnase_site_ext	7.8	0.0	0.0
34	p0	0.6	0.0	0.0
34	p1	0.4	0.0	0.0
34	protein1	72.6	7.4	2.7845238
34	protein2	40.6	7.0	2.6357142000000002
34	protein3	3.8	0.8	2.2
34	r2	1.2	0.0	0.0
34	rnapol	0.4	0.0	0.0
35	__protein1_rbs	3.2	0.0	0.0
35	__protein2_rbs	3.0	0.0	0.0
35	__protein3_rbs	0.4	0.0	0.0
35	__ribosome	58.6	0.0	0.0
35	__rnase_site_ext	8.0	0.0	0.0
35	p0	0.6	0.0	0.0
35	p1	0.8	0.0	0.0
35	protein1	76.8	7.4	2.7547620000000004
35	protein2	43.8	7.0	2.7130952
35	protein3	4.0	1.0	2.0
35	r2	1.2	0.0	0.0
35	rnapol	0.0	0.0	0.0
36	__protein1_rbs	2.4	0.0	0.0
36	__protein2_rbs	3.4	0.0	0.0
36	__protein3_rbs	0.6	0.0	0.0
36	__ribosome	55.6	0.0	0.0
36	__rnase_site_ext	8.2	0.0	0.0
36	p0	1.0	0.0	0.0
36	p1	0.8	0.0	0.0
36	protein1	79.8	7.6	2.9866666
36	protein2	47.4	7.2	2.7488096
36	protein3	4.6	1.2	1.8
36	r2	1.2	0.0	0.0
36	rnapol	0.2	0.0	0.0
37	__protein1_rbs	3.0	0.0	0.0
37	__protein2_rbs	2.4	0.0	0.0
37	__protein3_rbs	0.4	0.0	0.0
37	__ribosome	54.4	0.0	0.0
37	__rnase_site_ext	8.4	0.0	0.0
37	p0	0.8	0.0	0.0
37	p1	0.8	0.0	0.0
37	protein1	84.0	8.0	2.8594446
37	protein2	51.6	7.4	2.7071430000000003
37	protein3	5.0	1.4	1.9
37	r2	1.4	0.0	0.0
37	rnapol	0.2	0.0	0.0
38	__protein1_rbs	4.6	0.0	0.0
38	__protein2_rbs	2.6	0.0	0.0
38	__protein3_rbs	1.2	0.0	0.0
38	__ribosome	53.0	0.0	0.0
38	__rnase_site_ext	8.4	0.0	0.0
38	p0	0.8	0.0	0.0
38	p1	0.8	0.0	0.0
38	protein1	87.4	8.0	2.8583334
38	protein2	55.2	7.8	2.7214286000000003
38	protein3	5.2	1.4	1.9
38	r2	1.6	0.0	0.0
38	rnapol	0.0	0.0	0.0
39	__protein1_rbs	3.8	0.0	0.0
39	__protein2_rbs	2.8	0.0	0.0
39	__protein3_rbs	0.6	0.0	0.0
39	__ribosome	52.4	0.0	0.0
39	__rnase_site_ext	8.4	0.0	0.0
39	p0	1.0	0.0	0.0
39	p1	0.8	0.0	0.0
39	protein1	91.4	8.0	2.8403176
39	protein2	58.8	8.0	2.7
39	protein3	5.6	1.2	2.5
39	r2	2.0	0.0	0.0
39	rnapol	0.0	0.0	0.0
40	__protein1_rbs	3.2	0.0	0.0
40	__protein2_rbs	4.0	0.0	0.0
40	__protein3_rbs	0.6	0.0	0.0
40	__ribosome	52.8	0.0	0.0
40	__rnase_site_ext	8.2	0.0	0.0
40	p0	1.0	0.0	0.0
40	p1	0.6	0.0	0.0
40	protein1	96.6	8.2	2.6809524
40	protein2	62.8	8.0	2.695635
40	protein3	6.4	1.4	2.2666666
40	r2	2.0	0.0	0.0
40	rnapol	0.0	0.0	0.0
41	__protein1_rbs	4.0	0.0	0.0
41	__protein2_rbs	3.4	0.0	0.0
41	__protein3_rbs	1.0	0.0	0.0
41	__ribosome	52.6	0.0	0.0
41	__rnase_site_ext	8.6	0.0	0.0
41	p0	0.6	0.0	0.0
41	p1	0.2	0.0	0.0
41	protein1	101.2	8.0	2.6326192
41	protein2	66.8	7.8	2.8428572
41	protein3	6.8	1.8	2.0333334
41	r2	2.0	0.0	0.0
41	rnapol	0.2	0.0	0.0
42	__protein1_rbs	4.0	0.0	0.0
42	__protein2_rbs	4.2	0.0	0.0
42	__protein3_rbs	1.2	0.0	0.0
42	__ribosome	54.6	0.0	0.0
42	__rnase_site_ext	8.8	0.0	0.0
42	p0	0.6	0.0	0.0
42	p1	1.0	0.0	0.0
42	protein1	105.6	8.2	2.5657141999999995
42	protein2	71.0	7.8	2.675
42	protein3	8.0	2.0	1.8
42	r2	2.0	0.0	0.0
42	rnapol	0.0	0.0	0.0
43	__protein1_rbs	5.0	0.0	0.0
43	__protein2_rbs	3.4	0.0	0.0
43	__protein3_rbs	0.4	0.0	0.0
43	__ribosome	53.8	0.0	0.0
43	__rnase_site_ext	9.0	0.0	0.0
43	p0	0.8	0.0	0.0
43	p1	0.8	0.0	0.0
43	protein1	109.4	8.6	2.4133332000000003
43	protein2	75.2	8.0	2.6261906
43	protein3	8.4	2.0	2.0666666
43	r2	2.2	0.0	0.0
43	rnapol	0.0	0.0	0.0
44	__protein1_rbs	4.8	0.0	0.0
44	__protein2_rbs	2.0	0.0	0.0
44	__protein3_rbs	1.4	0.0	0.0
44	__ribosome	53.0	0.0	0.0
44	__rnase_site_ext	9.0	0.0	0.0
44	p0	1.0	0.0	0.0
44	p1	0.8	0.0	0.0
44	protein1	113.4	9.0	2.2671428
44	protein2	79.8	8.0	2.7234128
44	protein3	9.0	2.0	1.9333332
44	r2	2.2	0.0	0.0
44	rnapol	0.0	0.0	0.0
45	__protein1_rbs	4.6	0.0	0.0
45	__protein2_rbs	3.8	0.0	0.0
45	__protein3_rbs	0.6	0.0	0.0
45	__ribosome	52.6	0.0	0.0
45	__rnase_site_ext	9.4	0.0	0.0
45	p0	0.2	0.0	0.0
45	p1	1.0	0.0	0.0
45	protein1	118.6	8.8	2.2419048
45	protein2	84.0	8.8	2.524762
45	protein3	9.6	2.2	2.0000002
45	r2	2.6	0.0	0.0
45	rnapol	0.0	0.0	0.0
46	__protein1_rbs	4.2	0.0	0.0
46	__protein2_rbs	4.2	0.0	0.0
46	__protein3_rbs	1.0	0.0	0.0
46	__ribosome	50.6	0.0	0.0
46	__rnase_site_ext	9.4	0.0	0.0
46	p0	0.8	0.0	0.0
46	p1	0.6	0.0	0.0
46	protein1	122.4	9.0	2.4016232000000004
46	protein2	87.4	8.8	2.6206352
46	protein3	10.8	2.2	1.8
46	r2	2.6	0.0	0.0
46	rnapol	0.0	0.0	0.0
47	__protein1_rbs	4.0	0.0	0.0
47	__protein2_rbs	5.4	0.0	0.0
47	__protein3_rbs	0.6	0.0	0.0
47	__ribosome	50.6	0.0	0.0
47	__rnase_site_ext	9.6	0.0	0.0
47	p0	0.8	0.0	0.0
47	p1	0.4	0.0	0.0
47	protein1	126.4	9.0	2.4592064
47	protein2	92.0	9.0	2.4308802000000003
47	protein3	11.6	2.6	1.8166668
47	r2	2.6	0.0	0.0
47	rnapol	0.0	0.0	0.0
48	__protein1_rbs	4.2	0.0	0.0
48	__protein2_rbs	3.8	0.0	0.0
48	__protein3_rbs	1.8	0.0	0.0
48	__ribosome	49.4	0.0	0.0
48	__rnase_site_ext	9.6	0.0	0.0
48	p0	1.0	0.0	0.0
48	p1	0.6	0.0	0.0
48	protein1	129.8	9.2	2.5026262000000004
48	protein2	96.2	9.0	2.5598486
48	protein3	13.0	2.6	1.5833334
48	r2	2.6	0.0	0.0
48	rnapol	0.2	0.0	0.0
49	__protein1_rbs	4.4	0.0	0.0
49	__protein2_rbs	5.2	0.0	0.0
49	__protein3_rbs	1.2	0.0	0.0
49	__ribosome	49.8	0.0	0.0
49	__rnase_site_ext	9.4	0.0	0.0
49	p0	1.0	0.0	0.0
49	p1	0.6	0.0	0.0
49	protein1	134.4	9.4	2.414834
49	protein2	100.2	8.8	2.5272222
49	protein3	13.8	2.6	1.7833332
49	r2	2.6	0.0	0.0
49	rnapol	0.2	0.0	0.0
50	__protein1_rbs	4.2	0.0	0.0
50	__protein2_rbs	3.6	0.0	0.0
50	__protein3_rbs	1.4	0.0	0.0
50	__ribosome	49.4	0.0	0.0
50	__rnase_site_ext	9.8	0.0	0.0
50	p0	0.6	0.0	0.0
50	p1	0.4	0.0	0.0
50	protein1	138.8	9.2	2.4978641999999995
50	protein2	105.4	9.0	2.4194444
50	protein3	14.6	2.6	1.9
50	r2	2.6	0.0	0.0
50	rnapol	0.2	0.0	0.0
51	__protein1_rbs	5.0	0.0	0.0
51	__protein2_rbs	4.4	0.0	0.0
51	__protein3_rbs	1.0	0.0	0.0
51	__ribosome	48.4	0.0	0.0
51	__rnase_site_ext	10.0	0.0	0.0
51	p0	0.8	0.0	0.0
51	p1	0.4	0.0	0.0
51	protein1	142.2	9.4	2.5260316000000005
51	protein2	109.8	9.4	2.3216666
51	protein3	15.6	2.6	2.0166668000000003
51	r2	3.2	0.0	0.0
51	rnapol	0.0	0.0	0.0
52	__protein1_rbs	5.0	0.0	0.0
52	__protein2_rbs	5.8	0.0	0.0
52	__protein3_rbs	1.2	0.0	0.0
52	__ribosome	49.8	0.0	0.0
52	__rnase_site_ext	9.6	0.0	0.0
52	p0	0.8	0.0	0.0
52	p1	0.8	0.0	0.0
52	protein1	147.4	9.6	2.3440692000000003
52	protein2	114.0	9.4	2.2777778000000004
52	protein3	16.8	2.6	2.0
52	r2	3.2	0.0	0.0
52	rnapol	0.2	0.0	0.0
53	__protein1_rbs	4.6	0.0	0.0
53	__protein2_rbs	3.8	0.0	0.0
53	__protein3_rbs	1.6	0.0	0.0
53	__ribosome	47.8	0.0	0.0
53	__rnase_site_ext	10.0	0.0	0.0
53	p0	0.8	0.0	0.0
53	p1	0.6	0.0	0.0
53	protein1	152.0	9.4	2.3745454
53	protein2	117.8	9.6	2.4597978
53	protein3	18.2	3.0	1.8833334
53	r2	3.4	0.0	0.0
53	rnapol	0.0	0.0	0.0
54	__protein1_rbs	6.0	0.0	0.0
54	__protein2_rbs	5.4	0.0	0.0
54	__protein3_rbs	1.2	0.0	0.0
54	__ribosome	48.6	0.0	0.0
54	__rnase_site_ext	10.0	0.0	0.0
54	p0	1.0	0.0	0.0
54	p1	1.0	0.0	0.0
54	protein1	156.6	9.6	2.2269192
54	protein2	122.4	10.0	2.33601
54	protein3	19.4	3.2	2.03
54	r2	3.6	0.0	0.0
54	rnapol	0.0	0.0	0.0
55	__protein1_rbs	4.2	0.0	0.0
55	__protein2_rbs	6.4	0.0	0.0
55	__protein3_rbs	1.6	0.0	0.0
55	__ribosome	46.4	0.0	0.0
55	__rnase_site_ext	10.0	0.0	0.0
55	p0	1.0	0.0	0.0
55	p1	1.0	0.0	0.0
55	protein1	160.6	9.8	2.3238383999999996
55	protein2	126.2	10.2	2.3505052
55	protein3	20.4	3.2	2.22
55	r2	3.6	0.0	0.0
55	rnapol	0.0	0.0	0.0
56	__protein1_rbs	5.8	0.0	0.0
56	__protein2_rbs	4.6	0.0	0.0
56	__protein3_rbs	1.8	0.0	0.0
56	__ribosome	46.8	0.0	0.0
56	__rnase_site_ext	10.2	0.0	0.0
56	p0	0.8	0.0	0.0
56	p1	0.6	0.0	0.0
56	protein1	165.4	9.8	2.2193938
56	protein2	131.4	10.0	2.4409092
56	protein3	22.0	3.6	1.9633334
56	r2	3.8	0.0	0.0
56	rnapol	0.0	0.0	0.0
57	__protein1_rbs	6.0	0.0	0.0
57	__protein2_rbs	5.0	0.0	0.0
57	__protein3_rbs	1.4	0.0	0.0
57	__ribosome	44.6	0.0	0.0
57	__rnase_site_ext	10.2	0.0	0.0
57	p0	1.0	0.0	0.0
57	p1	0.6	0.0	0.0
57	protein1	169.0	10.0	2.2277777999999997
57	protein2	135.6	10.4	2.4343434000000004
57	protein3	23.2	3.6	2.21
57	r2	3.8	0.0	0.0
57	rnapol	0.2	0.0	0.0
58	__protein1_rbs	5.6	0.0	0.0
58	__protein2_rbs	5.2	0.0	0.0
58	__protein3_rbs	1.4	0.0	0.0
58	__ribosome	45.2	0.0	0.0
58	__rnase_site_ext	10.4	0.0	0.0
58	p0	0.6	0.0	0.0
58	p1	0.8	0.0	0.0
58	protein1	174.6	10.0	2.1766666
58	protein2	141.0	10.2	2.3633838000000003
58	protein3	24.4	3.6	2.47
58	r2	3.8	0.0	0.0
58	rnapol	0.2	0.0	0.0
59	__protein1_rbs	4.8	0.0	0.0
59	__protein2_rbs	5.2	0.0	0.0
59	__protein3_rbs	2.4	0.0	0.0
59	__ribosome	44.0	0.0	0.0
59	__rnase_site_ext	10.6	0.0	0.0
59	p0	0.6	0.0	0.0
59	p1	0.6	0.0	0.0
59	protein1	177.6	9.8	2.4077778000000003
59	protein2	145.0	10.2	2.439394
59	protein3	26.4	3.8	2.0666668
59	r2	4.2	0.0	0.0
59	rnapol	0.0	0.0	0.0
60	__protein1_rbs	4.8	0.0	0.0
60	__protein2_rbs	5.0	0.0	0.0
60	__protein3_rbs	2.0	0.0	0.0
60	__ribosome	42.4	0.0	0.0
60	__rnase_site_ext	10.8	0.0	0.0
60	p0	1.0	0.0	0.0
60	p1	0.8	0.0	0.0
60	protein1	181.8	10.2	2.4055556
60	protein2	150.0	10.6	2.3919189999999997
60	protein3	27.8	3.8	2.25
60	r2	4.2	0.0	0.0
60	rnapol	0.0	0.0	0.0
61	__protein1_rbs	4.2	0.0	0.0
61	__protein2_rbs	5.8	0.0	0.0
61	__protein3_rbs	2.2	0.0	0.0
61	__ribosome	43.2	0.0	0.0
61	__rnase_site_ext	11.0	0.0	0.0
61	p0	1.0	0.0	0.0
61	p1	0.8	0.0	0.0
61	protein1	186.8	10.6	2.3629836
61	protein2	155.4	10.8	2.1762626000000003
61	protein3	29.2	3.8	2.2833332000000004
61	r2	4.4	0.0	0.0
61	rnapol	0.6	0.0	0.0
62	__protein1_rbs	6.0	0.0	0.0
62	__protein2_rbs	5.2	0.0	0.0
62	__protein3_rbs	2.0	0.0	0.0
62	__ribosome	42.6	0.0	0.0
62	__rnase_site_ext	11.2	0.0	0.0
62	p0	0.6	0.0	0.0
62	p1	0.8	0.0	0.0
62	protein1	191.6	10.8	2.2453146
62	protein2	160.0	11.0	2.2377078
62	protein3	30.6	4.2	2.0766668000000004
62	r2	4.4	0.0	0.0
62	rnapol	0.2	0.0	0.0
63	__protein1_rbs	5.0	0.0	0.0
63	__protein2_rbs	5.2	0.0	0.0
63	__protein3_rbs	2.4	0.0	0.0
63	__ribosome	40.8	0.0	0.0
63	__rnase_site_ext	11.6	0.0	0.0
63	p0	0.8	0.0	0.0
63	p1	1.0	0.0	0.0
63	protein1	196.4	11.2	2.2513286
63	protein2	165.2	10.8	2.361818
63	protein3	33.2	4.4	1.85
63	r2	4.4	0.0	0.0
63	rnapol	0.0	0.0	0.0
64	__protein1_rbs	7.0	0.0	0.0
64	__protein2_rbs	6.0	0.0	0.0
64	__protein3_rbs	2.2	0.0	0.0
64	__ribosome	40.6	0.0	0.0
64	__rnase_site_ext	11.8	0.0	0.0
64	p0	1.0	0.0	0.0
64	p1	0.4	0.0	0.0
64	protein1	201.8	11.2	2.1846386000000004
64	protein2	168.8	10.6	2.4127272
64	protein3	34.4	4.4	2.1166666000000003
64	r2	4.4	0.0	0.0
64	rnapol	0.0	0.0	0.0
65	__protein1_rbs	5.6	0.0	0.0
65	__protein2_rbs	6.2	0.0	0.0
65	__protein3_rbs	2.4	0.0	0.0
65	__ribosome	37.8	0.0	0.0
65	__rnase_site_ext	11.8	0.0	0.0
65	p0	1.0	0.0	0.0
65	p1	0.2	0.0	0.0
65	protein1	205.2	11.6	2.3358742
65	protein2	173.4	10.4	2.4618182000000006
65	protein3	36.0	4.4	2.15
65	r2	4.4	0.0	0.0
65	rnapol	0.0	0.0	0.0
66	__protein1_rbs	5.8	0.0	0.0
66	__protein2_rbs	5.0	0.0	0.0
66	__protein3_rbs	2.2	0.0	0.0
66	__ribosome	37.4	0.0	0.0
66	__rnase_site_ext	12.0	0.0	0.0
66	p0	0.6	0.0	0.0
66	p1	0.4	0.0	0.0
66	protein1	209.8	11.6	2.3886712
66	protein2	179.2	10.6	2.3442423999999997
66	protein3	37.6	4.4	2.3333332
66	r2	4.6	0.0	0.0
66	rnapol	0.2	0.0	0.0
67	__protein1_rbs	7.0	0.0	0.0
67	__protein2_rbs	6.4	0.0	0.0
67	__protein3_rbs	2.4	0.0	0.0
67	__ribosome	39.8	0.0	0.0
67	__rnase_site_ext	12.0	0.0	0.0
67	p0	0.8	0.0	0.0
67	p1	0.8	0.0	0.0
67	protein1	215.6	12.0	2.2221444
67	protein2	184.8	10.6	2.2330302000000004
67	protein3	39.2	4.4	2.25
67	r2	4.4	0.0	0.0
67	rnapol	0.2	0.0	0.0
68	__protein1_rbs	7.2	0.0	0.0
68	__protein2_rbs	5.8	0.0	0.0
68	__protein3_rbs	2.4	0.0	0.0
68	__ribosome	40.2	0.0	0.0
68	__rnase_site_ext	12.6	0.0	0.0
68	p0	0.4	0.0	0.0
68	p1	0.2	0.0	0.0
68	protein1	220.4	11.6	2.2995802000000003
68	protein2	190.4	11.2	2.0760606
68	protein3	41.2	4.4	2.3500002
68	r2	4.4	0.0	0.0
68	rnapol	0.2	0.0	0.0
69	__protein1_rbs	6.2	0.0	0.0
69	__protein2_rbs	5.0	0.0	0.0
69	__protein3_rbs	2.2	0.0	0.0
69	__ribosome	38.6	0.0	0.0
69	__rnase_site_ext	12.8	0.0	0.0
69	p0	0.8	0.0	0.0
69	p1	0.4	0.0	0.0
69	protein1	226.0	11.8	2.2695304
69	protein2	194.2	11.4	2.2333334
69	protein3	43.4	4.6	2.0833334
69	r2	4.4	0.0	0.0
69	rnapol	0.0	0.0	0.0
70	__protein1_rbs	6.0	0.0	0.0
70	__protein2_rbs	6.0	0.0	0.0
70	__protein3_rbs	2.4	0.0	0.0
70	__ribosome	37.8	0.0	0.0
70	__rnase_site_ext	12.4	0.0	0.0
70	p0	1.0	0.0	0.0
70	p1	0.8	0.0	0.0
70	protein1	232.4	12.6	2.0876192
70	protein2	198.4	11.6	2.3032633999999996
70	protein3	45.6	4.6	2.0666668
70	r2	4.4	0.0	0.0
70	rnapol	0.0	0.0	0.0
71	__protein1_rbs	7.2	0.0	0.0
71	__protein2_rbs	6.2	0.0	0.0
71	__protein3_rbs	2.8	0.0	0.0
71	__ribosome	38.4	0.0	0.0
71	__rnase_site_ext	12.4	0.0	0.0
71	p0	0.8	0.0	0.0
71	p1	0.8	0.0	0.0
71	protein1	237.0	12.4	2.1463636000000004
71	protein2	203.8	11.4	2.3054544
71	protein3	47.4	4.6	1.9833333999999998
71	r2	4.2	0.0	0.0
71	rnapol	0.0	0.0	0.0
72	__protein1_rbs	7.6	0.0	0.0
72	__protein2_rbs	7.6	0.0	0.0
72	__protein3_rbs	2.2	0.0	0.0
72	__ribosome	38.4	0.0	0.0
72	__rnase_site_ext	12.0	0.0	0.0
72	p0	1.0	0.0	0.0
72	p1	0.4	0.0	0.0
72	protein1	242.0	12.2	2.1259740000000003
72	protein2	207.6	11.8	2.2169
72	protein3	49.4	4.4	2.1833336
72	r2	4.2	0.0	0.0
72	rnapol	0.0	0.0	0.0
73	__protein1_rbs	7.2	0.0	0.0
73	__protein2_rbs	7.0	0.0	0.0
73	__protein3_rbs	1.2	0.0	0.0
73	__ribosome	37.2	0.0	0.0
73	__rnase_site_ext	11.8	0.0	0.0
73	p0	1.0	0.0	0.0
73	p1	0.8	0.0	0.0
73	protein1	247.2	12.0	2.1378188
73	protein2	213.0	12.4	2.1346154
73	protein3	50.8	4.4	2.4833334
73	r2	4.2	0.0	0.0
73	rnapol	0.4	0.0	0.0
74	__protein1_rbs	6.6	0.0	0.0
74	__protein2_rbs	6.2	0.0	0.0
74	__protein3_rbs	2.6	0.0	0.0
74	__ribosome	38.2	0.0	0.0
74	__rnase_site_ext	12.0	0.0	0.0
74	p0	0.2	0.0	0.0
74	p1	0.2	0.0	0.0
74	protein1	252.6	11.6	2.2234266000000003
74	protein2	218.8	12.4	2.1294872
74	protein3	52.8	4.2	2.3566666
74	r2	4.2	0.0	0.0
74	rnapol	0.2	0.0	0.0
75	__protein1_rbs	6.6	0.0	0.0
75	__protein2_rbs	6.2	0.0	0.0
75	__protein3_rbs	2.0	0.0	0.0
75	__ribosome	38.0	0.0	0.0
75	__rnase_site_ext	12.2	0.0	0.0
75	p0	1.0	0.0	0.0
75	p1	0.2	0.0	0.0
75	protein1	258.6	11.8	2.1107692000000005
75	protein2	224.6	12.4	2.1807692000000003
75	protein3	54.6	4.2	2.4133334
75	r2	4.0	0.0	0.0
75	rnapol	0.2	0.0	0.0
76	__protein1_rbs	6.8	0.0	0.0
76	__protein2_rbs	6.8	0.0	0.0
76	__protein3_rbs	2.2	0.0	0.0
76	__ribosome	36.4	0.0	0.0
76	__rnase_site_ext	12.2	0.0	0.0
76	p0	1.0	0.0	0.0
76	p1	0.8	0.0	0.0
76	protein1	263.0	12.0	2.2028204
76	protein2	229.8	12.4	2.1719114
76	protein3	56.6	4.2	2.4466667999999996
76	r2	4.0	0.0	0.0
76	rnapol	0.2	0.0	0.0
77	__protein1_rbs	9.0	0.0	0.0
77	__protein2_rbs	6.6	0.0	0.0
77	__protein3_rbs	2.4	0.0	0.0
77	__ribosome	37.0	0.0	0.0
77	__rnase_site_ext	12.2	0.0	0.0
77	p0	0.6	0.0	0.0
77	p1	0.8	0.0	0.0
77	protein1	267.8	12.0	2.0484848
77	protein2	233.8	12.6	2.3274223999999997
77	protein3	59.2	4.2	2.2266666
77	r2	4.2	0.0	0.0
77	rnapol	0.0	0.0	0.0
78	__protein1_rbs	5.8	0.0	0.0
78	__protein2_rbs	7.2	0.0	0.0
78	__protein3_rbs	1.8	0.0	0.0
78	__ribosome	35.0	0.0	0.0
78	__rnase_site_ext	12.0	0.0	0.0
78	p0	0.8	0.0	0.0
78	p1	1.0	0.0	0.0
78	protein1	273.4	11.6	2.1938462000000003
78	protein2	238.6	13.2	2.3021978
78	protein3	61.2	4.2	2.24
78	r2	4.2	0.0	0.0
78	rnapol	0.2	0.0	0.0
79	__protein1_rbs	6.8	0.0	0.0
79	__protein2_rbs	8.0	0.0	0.0
79	__protein3_rbs	3.0	0.0	0.0
79	__ribosome	36.2	0.0	0.0
79	__rnase_site_ext	12.4	0.0	0.0
79	p0	0.8	0.0	0.0
79	p1	0.6	0.0	0.0
79	protein1	278.0	11.8	2.1927738
79	protein2	245.2	13.4	2.1683984
79	protein3	62.8	4.2	2.2685714
79	r2	4.4	0.0	0.0
79	rnapol	0.0	0.0	0.0
80	__protein1_rbs	7.0	0.0	0.0
80	__protein2_rbs	9.2	0.0	0.0
80	__protein3_rbs	2.6	0.0	0.0
80	__ribosome	39.4	0.0	0.0
80	__rnase_site_ext	12.4	0.0	0.0
80	p0	0.8	0.0	0.0
80	p1	0.2	0.0	0.0
80	protein1	284.2	12.0	2.0445222000000003
80	protein2	250.8	13.2	2.1279453999999998
80	protein3	65.0	4.2	2.1542856
80	r2	4.4	0.0	0.0
80	rnapol	0.0	0.0	0.0
81	__protein1_rbs	6.0	0.0	0.0
81	__protein2_rbs	6.8	0.0	0.0
81	__protein3_rbs	2.6	0.0	0.0
81	__ribosome	39.0	0.0	0.0
81	__rnase_site_ext	12.6	0.0	0.0
81	p0	1.0	0.0	0.0
81	p1	0.4	0.0	0.0
81	protein1	289.0	12.2	2.0717950000000003
81	protein2	257.6	13.4	2.0533716
81	protein3	66.8	4.4	2.0647618000000003
81	r2	4.6	0.0	0.0
81	rnapol	0.0	0.0	0.0
82	__protein1_rbs	6.2	0.0	0.0
82	__protein2_rbs	5.8	0.0	0.0
82	__protein3_rbs	2.0	0.0	0.0
82	__ribosome	32.0	0.0	0.0
82	__rnase_site_ext	12.6	0.0	0.0
82	p0	1.0	0.0	0.0
82	p1	0.6	0.0	0.0
82	protein1	293.0	12.4	2.2153843999999996
82	protein2	261.2	13.4	2.3510487999999996
82	protein3	68.6	4.4	2.2385714
82	r2	4.6	0.0	0.0
82	rnapol	0.2	0.0	0.0
83	__protein1_rbs	7.2	0.0	0.0
83	__protein2_rbs	7.8	0.0	0.0
83	__protein3_rbs	2.6	0.0	0.0
83	__ribosome	37.4	0.0	0.0
83	__rnase_site_ext	12.8	0.0	0.0
83	p0	0.6	0.0	0.0
83	p1	0.4	0.0	0.0
83	protein1	299.0	12.4	2.0692308
83	protein2	269.2	13.6	2.0748602
83	protein3	70.6	4.4	2.16
83	r2	4.4	0.0	0.0
83	rnapol	0.0	0.0	0.0
84	__protein1_rbs	7.6	0.0	0.0
84	__protein2_rbs	7.2	0.0	0.0
84	__protein3_rbs	3.0	0.0	0.0
84	__ribosome	36.4	0.0	0.0
84	__rnase_site_ext	13.0	0.0	0.0
84	p0	0.8	0.0	0.0
84	p1	0.6	0.0	0.0
84	protein1	304.2	12.4	2.0192308
84	protein2	274.2	13.8	2.1696122000000004
84	protein3	72.0	4.6	2.1028572
84	r2	4.6	0.0	0.0
84	rnapol	0.2	0.0	0.0
85	__protein1_rbs	8.0	0.0	0.0
85	__protein2_rbs	7.2	0.0	0.0
85	__protein3_rbs	3.0	0.0	0.0
85	__ribosome	34.6	0.0	0.0
85	__rnase_site_ext	13.2	0.0	0.0
85	p0	0.8	0.0	0.0
85	p1	0.8	0.0	0.0
85	protein1	308.6	12.6	2.0252746
85	protein2	278.8	14.0	2.232491
85	protein3	74.0	4.6	2.1409523999999998
85	r2	4.6	0.0	0.0
85	rnapol	0.0	0.0	0.0
86	__protein1_rbs	7.6	0.0	0.0
86	__protein2_rbs	7.4	0.0	0.0
86	__protein3_rbs	2.6	0.0	0.0
86	__ribosome	34.0	0.0	0.0
86	__rnase_site_ext	13.4	0.0	0.0
86	p0	0.6	0.0	0.0
86	p1	0.8	0.0	0.0
86	protein1	314.0	12.6	2.017316
86	protein2	284.2	14.2	2.2626438
86	protein3	76.0	4.6	2.0590476000000004
86	r2	4.6	0.0	0.0
86	rnapol	0.0	0.0	0.0
87	__protein1_rbs	7.4	0.0	0.0
87	__protein2_rbs	7.2	0.0	0.0
87	__protein3_rbs	3.6	0.0	0.0
87	__ribosome	34.0	0.0	0.0
87	__rnase_site_ext	13.4	0.0	0.0
87	p0	0.8	0.0	0.0
87	p1	0.8	0.0	0.0
87	protein1	319.4	12.8	2.0317682
87	protein2	291.0	14.8	2.1582246
87	protein3	77.6	4.6	2.1857142000000005
87	r2	4.6	0.0	0.0
87	rnapol	0.0	0.0	0.0
88	__protein1_rbs	7.2	0.0	0.0
88	__protein2_rbs	8.6	0.0	0.0
88	__protein3_rbs	3.0	0.0	0.0
88	__ribosome	35.6	0.0	0.0
88	__rnase_site_ext	13.6	0.0	0.0
88	p0	1.0	0.0	0.0
88	p1	1.0	0.0	0.0
88	protein1	325.4	13.0	2.0059672
88	protein2	298.0	14.4	2.1008242000000004
88	protein3	79.6	4.6	2.2157142000000003
88	r2	4.6	0.0	0.0
88	rnapol	0.2	0.0	0.0
89	__protein1_rbs	7.0	0.0	0.0
89	__protein2_rbs	9.6	0.0	0.0
89	__protein3_rbs	3.2	0.0	0.0
89	__ribosome	35.8	0.0	0.0
89	__rnase_site_ext	13.6	0.0	0.0
89	p0	0.6	0.0	0.0
89	p1	0.6	0.0	0.0
89	protein1	330.2	13.2	2.0136246
89	protein2	303.4	14.4	2.08
89	protein3	81.6	4.6	1.98
89	r2	4.6	0.0	0.0
89	rnapol	0.2	0.0	0.0
90	__protein1_rbs	7.4	0.0	0.0
90	__protein2_rbs	8.4	0.0	0.0
90	__protein3_rbs	2.8	0.0	0.0
90	__ribosome	35.8	0.0	0.0
90	__rnase_site_ext	13.6	0.0	0.0
90	p0	0.8	0.0	0.0
90	p1	0.8	0.0	0.0
90	protein1	334.6	13.2	2.0691782
90	protein2	309.8	14.0	2.1241757999999997
90	protein3	83.4	4.6	1.8685714
90	r2	4.6	0.0	0.0
90	rnapol	0.0	0.0	0.0
91	__protein1_rbs	7.8	0.0	0.0
91	__protein2_rbs	8.0	0.0	0.0
91	__protein3_rbs	1.8	0.0	0.0
91	__ribosome	34.2	0.0	0.0
91	__rnase_site_ext	13.8	0.0	0.0
91	p0	0.8	0.0	0.0
91	p1	0.6	0.0	0.0
91	protein1	340.8	13.4	1.988718
91	protein2	315.0	14.0	2.1967034
91	protein3	85.0	4.6	1.9842858
91	r2	4.8	0.0	0.0
91	rnapol	0.2	0.0	0.0
92	__protein1_rbs	8.6	0.0	0.0
92	__protein2_rbs	8.6	0.0	0.0
92	__protein3_rbs	2.4	0.0	0.0
92	__ribosome	36.2	0.0	0.0
92	__rnase_site_ext	13.8	0.0	0.0
92	p0	0.6	0.0	0.0
92	p1	0.8	0.0	0.0
92	protein1	345.8	13.4	1.9808608
92	protein2	322.2	14.0	2.0550824
92	protein3	86.6	4.6	1.8514286
92	r2	4.8	0.0	0.0
92	rnapol	0.0	0.0	0.0
93	__protein1_rbs	8.2	0.0	0.0
93	__protein2_rbs	8.2	0.0	0.0
93	__protein3_rbs	2.6	0.0	0.0
93	__ribosome	33.6	0.0	0.0
93	__rnase_site_ext	14.0	0.0	0.0
93	p0	0.8	0.0	0.0
93	p1	0.6	0.0	0.0
93	protein1	351.2	13.6	2.0057692
93	protein2	327.6	14.2	2.0847620000000004
93	protein3	87.8	4.8	2.035
93	r2	4.8	0.0	0.0
93	rnapol	0.2	0.0	0.0
94	__protein1_rbs	7.2	0.0	0.0
94	__protein2_rbs	8.6	0.0	0.0
94	__protein3_rbs	2.8	0.0	0.0
94	__ribosome	33.2	0.0	0.0
94	__rnase_site_ext	13.8	0.0	0.0
94	p0	0.8	0.0	0.0
94	p1	1.0	0.0	0.0
94	protein1	357.4	13.4	2.0333334
94	protein2	333.0	13.8	2.1629304
94	protein3	89.6	4.8	2.115
94	r2	4.8	0.0	0.0
94	rnapol	0.0	0.0	0.0
95	__protein1_rbs	8.0	0.0	0.0
95	__protein2_rbs	8.6	0.0	0.0
95	__protein3_rbs	3.2	0.0	0.0
95	__ribosome	33.6	0.0	0.0
95	__rnase_site_ext	13.6	0.0	0.0
95	p0	1.0	0.0	0.0
95	p1	0.4	0.0	0.0
95	protein1	362.0	13.6	2.0777222
95	protein2	339.6	13.8	2.0280949999999995
95	protein3	91.0	4.8	2.2150000000000003
95	r2	5.0	0.0	0.0
95	rnapol	0.0	0.0	0.0
96	__protein1_rbs	8.0	0.0	0.0
96	__protein2_rbs	8.0	0.0	0.0
96	__protein3_rbs	2.6	0.0	0.0
96	__ribosome	33.6	0.0	0.0
96	__rnase_site_ext	13.4	0.0	0.0
96	p0	1.0	0.0	0.0
96	p1	0.4	0.0	0.0
96	protein1	367.4	13.2	2.0971428000000003
96	protein2	345.0	14.0	2.0409526000000002
96	protein3	93.6	5.0	2.03
96	r2	5.0	0.0	0.0
96	rnapol	0.0	0.0	0.0
97	__protein1_rbs	7.4	0.0	0.0
97	__protein2_rbs	8.4	0.0	0.0
97	__protein3_rbs	3.0	0.0	0.0
97	__ribosome	34.2	0.0	0.0
97	__rnase_site_ext	13.4	0.0	0.0
97	p0	0.8	0.0	0.0
97	p1	0.6	0.0	0.0
97	protein1	373.6	13.0	2.1042490000000003
97	protein2	351.8	14.2	1.9709522000000004
97	protein3	95.2	5.0	2.0733334
97	r2	5.0	0.0	0.0
97	rnapol	0.0	0.0	0.0
98	__protein1_rbs	7.6	0.0	0.0
98	__protein2_rbs	8.4	0.0	0.0
98	__protein3_rbs	2.8	0.0	0.0
98	__ribosome	32.8	0.0	0.0
98	__rnase_site_ext	13.6	0.0	0.0
98	p0	0.8	0.0	0.0
98	p1	0.4	0.0	0.0
98	protein1	378.2	13.0	2.1591940000000003
98	protein2	357.2	14.2	2.0113098000000003
98	protein3	97.8	5.0	2.0083333999999997
98	r2	5.0	0.0	0.0
98	rnapol	0.2	0.0	0.0
99	__protein1_rbs	6.6	0.0	0.0
99	__protein2_rbs	8.4	0.0	0.0
99	__protein3_rbs	3.0	0.0	0.0
99	__ribosome	33.2	0.0	0.0
99	__rnase_site_ext	13.8	0.0	0.0
99	p0	0.8	0.0	0.0
99	p1	0.4	0.0	0.0
99	protein1	385.0	13.0	2.110769
99	protein2	362.2	14.8	1.9580953999999997
99	protein3	99.6	5.0	2.0016666
99	r2	5.2	0.0	0.0
99	rnapol	0.2	0.0	0.0
100	__protein1_rbs	7.4	0.0	0.0
100	__protein2_rbs	7.8	0.0	0.0
100	__protein3_rbs	1.8	0.0	0.0
100	__ribosome	30.6	0.0	0.0
100	__rnase_site_ext	14.0	0.0	0.0
100	p0	0.8	0.0	0.0
100	p1	0.6	0.0	0.0
100	protein1	391.0	13.4	2.0597404
100	protein2	368.2	15.0	2.0264414
100	protein3	101.4	5.0	2.2416666000000003
100	r2	5.0	0.0	0.0
100	rnapol	0.4	0.0	0.0
101	__protein1_rbs	8.4	0.0	0.0
101	__protein2_rbs	9.6	0.0	0.0
101	__protein3_rbs	4.0	0.0	0.0
101	__ribosome	32.2	0.0	0.0
101	__rnase_site_ext	14.0	0.0	0.0
101	p0	0.8	0.0	0.0
101	p1	1.0	0.0	0.0
101	protein1	395.4	13.6	2.0503030000000004
101	protein2	374.0	15.0	2.0025209999999998
101	protein3	103.6	5.2	1.8466666
101	r2	5.0	0.0	0.0
101	rnapol	0.2	0.0	0.0
102	__protein1_rbs	8.8	0.0	0.0
102	__protein2_rbs	7.0	0.0	0.0
102	__protein3_rbs	3.0	0.0	0.0
102	__ribosome	31.8	0.0	0.0
102	__rnase_site_ext	14.0	0.0	0.0
102	p0	0.6	0.0	0.0
102	p1	1.0	0.0	0.0
102	protein1	401.0	13.6	2.021938
102	protein2	380.2	15.0	2.0835072
102	protein3	106.0	5.2	1.7716667999999998
102	r2	4.8	0.0	0.0
102	rnapol	0.2	0.0	0.0
103	__protein1_rbs	8.4	0.0	0.0
103	__protein2_rbs	9.8	0.0	0.0
103	__protein3_rbs	2.2	0.0	0.0
103	__ribosome	32.2	0.0	0.0
103	__rnase_site_ext	14.4	0.0	0.0
103	p0	0.8	0.0	0.0
103	p1	0.6	0.0	0.0
103	protein1	407.4	13.4	1.964309
103	protein2	384.6	15.2	2.057675
103	protein3	108.0	5.2	1.995
103	r2	4.8	0.0	0.0
103	rnapol	0.0	0.0	0.0
104	__protein1_rbs	6.2	0.0	0.0
104	__protein2_rbs	9.0	0.0	0.0
104	__protein3_rbs	3.2	0.0	0.0
104	__ribosome	32.8	0.0	0.0
104	__rnase_site_ext	14.8	0.0	0.0
104	p0	0.4	0.0	0.0
104	p1	0.4	0.0	0.0
104	protein1	413.0	13.8	2.0256408
104	protein2	392.0	15.4	1.91208
104	protein3	110.0	5.0	1.9609526000000002
104	r2	4.8	0.0	0.0
104	rnapol	0.0	0.0	0.0
105	__protein1_rbs	8.0	0.0	0.0
105	__protein2_rbs	9.4	0.0	0.0
105	__protein3_rbs	3.6	0.0	0.0
105	__ribosome	34.2	0.0	0.0
105	__rnase_site_ext	14.8	0.0	0.0
105	p0	0.8	0.0	0.0
105	p1	0.8	0.0	0.0
105	protein1	418.8	14.0	1.9628572
105	protein2	399.0	15.2	1.9125
105	protein3	112.2	5.0	1.9023808
105	r2	4.8	0.0	0.0
105	rnapol	0.0	0.0	0.0
106	__protein1_rbs	8.0	0.0	0.0
106	__protein2_rbs	9.6	0.0	0.0
106	__protein3_rbs	2.4	0.0	0.0
106	__ribosome	31.8	0.0	0.0
106	__rnase_site_ext	14.6	0.0	0.0
106	p0	0.8	0.0	0.0
106	p1	0.4	0.0	0.0
106	protein1	424.6	14.4	1.9771425999999999
106	protein2	404.4	15.2	1.9053572
106	protein3	113.4	5.2	2.1261904
106	r2	4.4	0.0	0.0
106	rnapol	0.0	0.0	0.0
107	__protein1_rbs	8.6	0.0	0.0
107	__protein2_rbs	9.8	0.0	0.0
107	__protein3_rbs	2.4	0.0	0.0
107	__ribosome	31.2	0.0	0.0
107	__rnase_site_ext	14.6	0.0	0.0
107	p0	0.6	0.0	0.0
107	p1	0.4	0.0	0.0
107	protein1	428.6	14.4	2.1202656
107	protein2	411.6	15.4	1.7914286
107	protein3	115.2	4.8	2.3809526
107	r2	4.4	0.0	0.0
107	rnapol	0.2	0.0	0.0
108	__protein1_rbs	8.8	0.0	0.0
108	__protein2_rbs	8.0	0.0	0.0
108	__protein3_rbs	2.6	0.0	0.0
108	__ribosome	32.0	0.0	0.0
108	__rnase_site_ext	14.8	0.0	0.0
108	p0	0.8	0.0	0.0
108	p1	0.6	0.0	0.0
108	protein1	433.8	14.2	2.0876650000000003
108	protein2	416.6	15.0	1.9467856
108	protein3	118.6	4.8	2.0642858
108	r2	4.4	0.0	0.0
108	rnapol	0.2	0.0	0.0
109	__protein1_rbs	6.8	0.0	0.0
109	__protein2_rbs	9.0	0.0	0.0
109	__protein3_rbs	2.6	0.0	0.0
109	__ribosome	30.4	0.0	0.0
109	__rnase_site_ext	15.0	0.0	0.0
109	p0	0.8	0.0	0.0
109	p1	0.4	0.0	0.0
109	protein1	441.2	14.4	2.1245786000000004
109	protein2	423.4	15.2	1.8787044
109	protein3	119.8	4.8	2.2285714
109	r2	4.6	0.0	0.0
109	rnapol	0.0	0.0	0.0
110	__protein1_rbs	10.4	0.0	0.0
110	__protein2_rbs	9.0	0.0	0.0
110	__protein3_rbs	3.4	0.0	0.0
110	__ribosome	32.0	0.0	0.0
110	__rnase_site_ext	14.6	0.0	0.0
110	p0	1.0	0.0	0.0
110	p1	0.4	0.0	0.0
110	protein1	447.2	14.6	1.9671702000000002
110	protein2	428.4	15.4	1.904426
110	protein3	121.4	4.4	2.35
110	r2	4.6	0.0	0.0
110	rnapol	0.0	0.0	0.0
111	__protein1_rbs	8.6	0.0	0.0
111	__protein2_rbs	8.8	0.0	0.0
111	__protein3_rbs	2.2	0.0	0.0
111	__ribosome	31.4	0.0	0.0
111	__rnase_site_ext	14.6	0.0	0.0
111	p0	0.8	0.0	0.0
111	p1	0.6	0.0	0.0
111	protein1	453.8	14.6	1.9460164
111	protein2	433.8	15.2	2.0089286
111	protein3	123.8	4.4	2.2833332000000004
111	r2	4.6	0.0	0.0
111	rnapol	0.0	0.0	0.0
112	__protein1_rbs	10.2	0.0	0.0
112	__protein2_rbs	8.4	0.0	0.0
112	__protein3_rbs	2.6	0.0	0.0
112	__ribosome	31.4	0.0	0.0
112	__rnase_site_ext	14.6	0.0	0.0
112	p0	0.8	0.0	0.0
112	p1	0.8	0.0	0.0
112	protein1	459.0	14.2	1.9491666000000003
112	protein2	439.6	15.6	2.013547
112	protein3	126.0	4.6	2.0666666
112	r2	4.6	0.0	0.0
112	rnapol	0.2	0.0	0.0
113	__protein1_rbs	7.8	0.0	0.0
113	__protein2_rbs	9.0	0.0	0.0
113	__protein3_rbs	3.0	0.0	0.0
113	__ribosome	32.4	0.0	0.0
113	__rnase_site_ext	14.6	0.0	0.0
113	p0	1.0	0.0	0.0
113	p1	0.4	0.0	0.0
113	protein1	464.6	14.2	2.0085071999999995
113	protein2	446.6	15.6	1.9691456
113	protein3	128.6	4.6	1.8666666
113	r2	4.6	0.0	0.0
113	rnapol	0.6	0.0	0.0
114	__protein1_rbs	7.2	0.0	0.0
114	__protein2_rbs	8.8	0.0	0.0
114	__protein3_rbs	2.6	0.0	0.0
114	__ribosome	32.0	0.0	0.0
114	__rnase_site_ext	14.8	0.0	0.0
114	p0	0.6	0.0	0.0
114	p1	0.4	0.0	0.0
114	protein1	471.2	14.2	1.9791026
114	protein2	452.2	15.6	2.0254524
114	protein3	130.4	4.6	1.9166666
114	r2	4.6	0.0	0.0
114	rnapol	0.0	0.0	0.0
115	__protein1_rbs	7.6	0.0	0.0
115	__protein2_rbs	8.0	0.0	0.0
115	__protein3_rbs	3.6	0.0	0.0
115	__ribosome	30.0	0.0	0.0
115	__rnase_site_ext	14.8	0.0	0.0
115	p0	0.6	0.0	0.0
115	p1	0.6	0.0	0.0
115	protein1	476.0	14.4	2.073583
115	protein2	458.8	15.8	2.0732464
115	protein3	132.4	4.6	1.7333333999999998
115	r2	4.6	0.0	0.0
115	rnapol	0.0	0.0	0.0
116	__protein1_rbs	7.4	0.0	0.0
116	__protein2_rbs	9.4	0.0	0.0
116	__protein3_rbs	3.0	0.0	0.0
116	__ribosome	29.8	0.0	0.0
116	__rnase_site_ext	15.2	0.0	0.0
116	p0	1.0	0.0	0.0
116	p1	1.0	0.0	0.0
116	protein1	482.2	14.4	2.0990384
116	protein2	465.2	16.0	2.0517536
116	protein3	134.4	4.6	1.7333332
116	r2	4.6	0.0	0.0
116	rnapol	0.4	0.0	0.0
117	__protein1_rbs	8.8	0.0	0.0
117	__protein2_rbs	10.4	0.0	0.0
117	__protein3_rbs	3.2	0.0	0.0
117	__ribosome	29.0	0.0	0.0
117	__rnase_site_ext	15.6	0.0	0.0
117	p0	0.4	0.0	0.0
117	p1	0.6	0.0	0.0
117	protein1	486.8	14.8	2.0733032
117	protein2	471.2	16.0	2.0549398
117	protein3	135.6	4.6	1.85
117	r2	4.6	0.0	0.0
117	rnapol	0.0	0.0	0.0
118	__protein1_rbs	8.8	0.0	0.0
118	__protein2_rbs	9.4	0.0	0.0
118	__protein3_rbs	3.0	0.0	0.0
118	__ribosome	29.8	0.0	0.0
118	__rnase_site_ext	15.6	0.0	0.0
118	p0	1.0	0.0	0.0
118	p1	0.8	0.0	0.0
118	protein1	494.0	14.6	2.0045734
118	protein2	478.0	16.2	2.028224
118	protein3	137.2	4.6	1.9500002
118	r2	4.6	0.0	0.0
118	rnapol	0.0	0.0	0.0
119	__protein1_rbs	8.0	0.0	0.0
119	__protein2_rbs	10.6	0.0	0.0
119	__protein3_rbs	2.4	0.0	0.0
119	__ribosome	31.0	0.0	0.0
119	__rnase_site_ext	15.8	0.0	0.0
119	p0	0.6	0.0	0.0
119	p1	0.6	0.0	0.0
119	protein1	500.0	15.2	1.9924372
119	protein2	485.0	16.4	1.8888259999999997
119	protein3	139.4	4.6	1.8
119	r2	4.6	0.0	0.0
119	rnapol	0.2	0.0	0.0
120	__protein1_rbs	8.0	0.0	0.0
120	__protein2_rbs	10.8	0.0	0.0
120	__protein3_rbs	3.0	0.0	0.0
120	__ribosome	31.2	0.0	0.0
120	__rnase_site_ext	15.8	0.0	0.0
120	p0	0.8	0.0	0.0
120	p1	0.4	0.0	0.0
120	protein1	506.4	15.0	2.0586942
120	protein2	491.6	16.6	1.8259426
120	protein3	140.8	4.6	1.85
120	r2	4.6	0.0	0.0
120	rnapol	0.0	0.0	0.0
121	__protein1_rbs	10.0	0.0	0.0
121	__protein2_rbs	9.2	0.0	0.0
121	__protein3_rbs	2.2	0.0	0.0
121	__ribosome	31.2	0.0	0.0
121	__rnase_site_ext	15.4	0.0	0.0
121	p0	0.8	0.0	0.0
121	p1	0.6	0.0	0.0
121	protein1	512.2	15.4	1.9399322
121	protein2	497.8	16.0	1.9226646000000005
121	protein3	142.4	4.8	1.9261906000000002
121	r2	4.6	0.0	0.0
121	rnapol	0.0	0.0	0.0
122	__protein1_rbs	10.6	0.0	0.0
122	__protein2_rbs	9.8	0.0	0.0
122	__protein3_rbs	2.8	0.0	0.0
122	__ribosome	32.2	0.0	0.0
122	__rnase_site_ext	15.4	0.0	0.0
122	p0	1.0	0.0	0.0
122	p1	0.2	0.0	0.0
122	protein1	518.8	15.0	1.8986344
122	protein2	504.2	16.0	1.917409
122	protein3	144.0	4.6	2.0
122	r2	4.6	0.0	0.0
122	rnapol	0.0	0.0	0.0
123	__protein1_rbs	8.0	0.0	0.0
123	__protein2_rbs	8.6	0.0	0.0
123	__protein3_rbs	2.4	0.0	0.0
123	__ribosome	29.8	0.0	0.0
123	__rnase_site_ext	15.6	0.0	0.0
123	p0	0.6	0.0	0.0
123	p1	0.4	0.0	0.0
123	protein1	525.2	15.0	1.9652863999999999
123	protein2	510.8	16.2	1.9058986
123	protein3	145.4	4.6	2.2166666
123	r2	4.4	0.0	0.0
123	rnapol	0.0	0.0	0.0
124	__protein1_rbs	9.8	0.0	0.0
124	__protein2_rbs	11.6	0.0	0.0
124	__protein3_rbs	2.8	0.0	0.0
124	__ribosome	32.0	0.0	0.0
124	__rnase_site_ext	15.6	0.0	0.0
124	p0	1.0	0.0	0.0
124	p1	0.8	0.0	0.0
124	protein1	530.4	14.8	1.9947270000000004
124	protein2	517.4	16.4	1.7736112000000002
124	protein3	147.6	4.6	2.2166667999999996
124	r2	4.6	0.0	0.0
124	rnapol	0.0	0.0	0.0
125	__protein1_rbs	9.8	0.0	0.0
125	__protein2_rbs	9.2	0.0	0.0
125	__protein3_rbs	3.0	0.0	0.0
125	__ribosome	31.4	0.0	0.0
125	__rnase_site_ext	15.4	0.0	0.0
125	p0	0.8	0.0	0.0
125	p1	0.8	0.0	0.0
125	protein1	537.2	15.2	1.8291668
125	protein2	522.4	16.4	1.9227736
125	protein3	149.2	4.6	2.2
125	r2	4.6	0.0	0.0
125	rnapol	0.0	0.0	0.0
126	__protein1_rbs	9.2	0.0	0.0
126	__protein2_rbs	10.8	0.0	0.0
126	__protein3_rbs	1.8	0.0	0.0
126	__ribosome	32.0	0.0	0.0
126	__rnase_site_ext	15.8	0.0	0.0
126	p0	0.8	0.0	0.0
126	p1	0.6	0.0	0.0
126	protein1	542.8	15.0	1.8514682
126	protein2	529.2	16.8	1.8010242
126	protein3	151.6	4.6	2.3333334
126	r2	4.6	0.0	0.0
126	rnapol	0.2	0.0	0.0
127	__protein1_rbs	8.4	0.0	0.0
127	__protein2_rbs	10.0	0.0	0.0
127	__protein3_rbs	2.6	0.0	0.0
127	__ribosome	30.4	0.0	0.0
127	__rnase_site_ext	15.4	0.0	0.0
127	p0	0.8	0.0	0.0
127	p1	0.8	0.0	0.0
127	protein1	549.2	15.4	1.8605006000000002
127	protein2	535.8	17.0	1.8170408
127	protein3	153.6	4.6	2.3942857999999996
127	r2	4.6	0.0	0.0
127	rnapol	0.2	0.0	0.0
128	__protein1_rbs	8.2	0.0	0.0
128	__protein2_rbs	10.2	0.0	0.0
128	__protein3_rbs	3.4	0.0	0.0
128	__ribosome	31.2	0.0	0.0
128	__rnase_site_ext	15.8	0.0	0.0
128	p0	0.8	0.0	0.0
128	p1	0.6	0.0	0.0
128	protein1	555.0	15.2	1.9930556000000001
128	protein2	542.0	16.6	1.8403246
128	protein3	156.2	4.6	2.0333334
128	r2	4.6	0.0	0.0
128	rnapol	0.2	0.0	0.0
129	__protein1_rbs	10.0	0.0	0.0
129	__protein2_rbs	9.8	0.0	0.0
129	__protein3_rbs	3.2	0.0	0.0
129	__ribosome	30.8	0.0	0.0
129	__rnase_site_ext	15.8	0.0	0.0
129	p0	1.0	0.0	0.0
129	p1	0.6	0.0	0.0
129	protein1	561.2	15.4	1.9429674
129	protein2	548.2	16.8	1.8684524
129	protein3	158.0	4.6	2.025
129	r2	4.6	0.0	0.0
129	rnapol	0.6	0.0	0.0
130	__protein1_rbs	9.6	0.0	0.0
130	__protein2_rbs	9.4	0.0	0.0
130	__protein3_rbs	2.4	0.0	0.0
130	__ribosome	27.8	0.0	0.0
130	__rnase_site_ext	15.8	0.0	0.0
130	p0	0.6	0.0	0.0
130	p1	1.0	0.0	0.0
130	protein1	566.0	15.4	2.0264192
130	protein2	555.6	17.0	1.8845614
130	protein3	159.6	4.6	2.1833334
130	r2	4.6	0.0	0.0
130	rnapol	0.0	0.0	0.0
131	__protein1_rbs	8.2	0.0	0.0
131	__protein2_rbs	11.6	0.0	0.0
131	__protein3_rbs	3.6	0.0	0.0
131	__ribosome	28.4	0.0	0.0
131	__rnase_site_ext	16.0	0.0	0.0
131	p0	0.8	0.0	0.0
131	p1	0.6	0.0	0.0
131	protein1	572.0	15.6	2.092349
131	protein2	560.8	17.2	1.8248684
131	protein3	162.2	4.6	1.8166666
131	r2	4.6	0.0	0.0
131	rnapol	0.2	0.0	0.0
132	__protein1_rbs	10.2	0.0	0.0
132	__protein2_rbs	8.8	0.0	0.0
132	__protein3_rbs	2.6	0.0	0.0
132	__ribosome	28.0	0.0	0.0
132	__rnase_site_ext	16.4	0.0	0.0
132	p0	1.0	0.0	0.0
132	p1	0.6	0.0	0.0
132	protein1	579.2	15.6	1.970168
132	protein2	567.4	16.8	1.9880556
132	protein3	164.0	4.6	1.85
132	r2	5.0	0.0	0.0
132	rnapol	0.2	0.0	0.0
133	__protein1_rbs	9.8	0.0	0.0
133	__protein2_rbs	11.8	0.0	0.0
133	__protein3_rbs	3.0	0.0	0.0
133	__ribosome	30.2	0.0	0.0
133	__rnase_site_ext	16.4	0.0	0.0
133	p0	0.8	0.0	0.0
133	p1	0.6	0.0	0.0
133	protein1	586.0	16.0	1.880299
133	protein2	574.6	17.0	1.8626612
133	protein3	165.2	4.6	1.9166666
133	r2	5.0	0.0	0.0
133	rnapol	0.0	0.0	0.0
134	__protein1_rbs	10.4	0.0	0.0
134	__protein2_rbs	11.0	0.0	0.0
134	__protein3_rbs	3.4	0.0	0.0
134	__ribosome	30.2	0.0	0.0
134	__rnase_site_ext	15.8	0.0	0.0
134	p0	1.0	0.0	0.0
134	p1	0.6	0.0	0.0
134	protein1	591.0	16.0	1.9136322000000001
134	protein2	580.6	16.8	1.9124894
134	protein3	167.8	4.8	1.6166665999999998
134	r2	5.0	0.0	0.0
134	rnapol	0.0	0.0	0.0
135	__protein1_rbs	9.8	0.0	0.0
135	__protein2_rbs	10.0	0.0	0.0
135	__protein3_rbs	2.4	0.0	0.0
135	__ribosome	30.6	0.0	0.0
135	__rnase_site_ext	16.0	0.0	0.0
135	p0	0.6	0.0	0.0
135	p1	0.4	0.0	0.0
135	protein1	598.6	15.6	1.8613446
135	protein2	587.6	17.2	1.8895906000000002
135	protein3	169.2	5.0	1.6183333999999998
135	r2	5.2	0.0	0.0
135	rnapol	0.0	0.0	0.0
136	__protein1_rbs	8.6	0.0	0.0
136	__protein2_rbs	11.2	0.0	0.0
136	__protein3_rbs	3.4	0.0	0.0
136	__ribosome	30.4	0.0	0.0
136	__rnase_site_ext	16.2	0.0	0.0
136	p0	0.8	0.0	0.0
136	p1	0.6	0.0	0.0
136	protein1	605.2	15.4	1.9307678000000004
136	protein2	594.8	17.2	1.8257790000000005
136	protein3	170.6	5.0	1.78
136	r2	5.2	0.0	0.0
136	rnapol	0.0	0.0	0.0
137	__protein1_rbs	10.2	0.0	0.0
137	__protein2_rbs	8.8	0.0	0.0
137	__protein3_rbs	3.4	0.0	0.0
137	__ribosome	30.8	0.0	0.0
137	__rnase_site_ext	16.0	0.0	0.0
137	p0	1.0	0.0	0.0
137	p1	0.4	0.0	0.0
137	protein1	610.6	15.6	1.8965433999999997
137	protein2	602.4	17.4	1.8406346000000002
137	protein3	172.8	5.2	1.585
137	r2	5.0	0.0	0.0
137	rnapol	0.2	0.0	0.0
138	__protein1_rbs	9.6	0.0	0.0
138	__protein2_rbs	9.8	0.0	0.0
138	__protein3_rbs	2.6	0.0	0.0
138	__ribosome	26.2	0.0	0.0
138	__rnase_site_ext	15.8	0.0	0.0
138	p0	0.8	0.0	0.0
138	p1	0.8	0.0	0.0
138	protein1	617.0	15.6	1.8857722000000003
138	protein2	607.2	17.2	2.028225
138	protein3	173.4	5.2	1.97
138	r2	5.2	0.0	0.0
138	rnapol	0.2	0.0	0.0
139	__protein1_rbs	9.8	0.0	0.0
139	__protein2_rbs	11.2	0.0	0.0
139	__protein3_rbs	2.8	0.0	0.0
139	__ribosome	27.4	0.0	0.0
139	__rnase_site_ext	16.2	0.0	0.0
139	p0	0.8	0.0	0.0
139	p1	0.8	0.0	0.0
139	protein1	622.8	15.6	1.9053862
139	protein2	615.4	17.2	1.9111842
139	protein3	175.2	5.2	2.035
139	r2	5.2	0.0	0.0
139	rnapol	0.0	0.0	0.0
140	__protein1_rbs	9.2	0.0	0.0
140	__protein2_rbs	11.6	0.0	0.0
140	__protein3_rbs	3.8	0.0	0.0
140	__ribosome	29.0	0.0	0.0
140	__rnase_site_ext	16.2	0.0	0.0
140	p0	0.8	0.0	0.0
140	p1	0.8	0.0	0.0
140	protein1	629.6	15.8	1.8761606
140	protein2	621.2	17.4	1.8789266
140	protein3	178.0	5.2	1.7
140	r2	5.2	0.0	0.0
140	rnapol	0.0	0.0	0.0
141	__protein1_rbs	9.6	0.0	0.0
141	__protein2_rbs	12.0	0.0	0.0
141	__protein3_rbs	3.4	0.0	0.0
141	__ribosome	29.6	0.0	0.0
141	__rnase_site_ext	16.0	0.0	0.0
141	p0	1.0	0.0	0.0
141	p1	0.8	0.0	0.0
141	protein1	635.2	15.6	1.9353406000000002
141	protein2	628.6	17.8	1.7516958000000002
141	protein3	179.6	5.2	1.885
141	r2	5.4	0.0	0.0
141	rnapol	0.2	0.0	0.0
142	__protein1_rbs	8.0	0.0	0.0
142	__protein2_rbs	9.4	0.0	0.0
142	__protein3_rbs	3.0	0.0	0.0
142	__ribosome	25.8	0.0	0.0
142	__rnase_site_ext	16.4	0.0	0.0
142	p0	0.6	0.0	0.0
142	p1	0.8	0.0	0.0
142	protein1	641.2	15.6	2.0072268
142	protein2	635.4	17.8	1.8572514
142	protein3	181.0	5.2	2.075
142	r2	5.4	0.0	0.0
142	rnapol	0.0	0.0	0.0
143	__protein1_rbs	9.2	0.0	0.0
143	__protein2_rbs	12.6	0.0	0.0
143	__protein3_rbs	3.4	0.0	0.0
143	__ribosome	31.4	0.0	0.0
143	__rnase_site_ext	16.2	0.0	0.0
143	p0	1.0	0.0	0.0
143	p1	0.8	0.0	0.0
143	protein1	648.4	15.8	1.8806624
143	protein2	643.4	17.6	1.7174408
143	protein3	184.4	5.4	1.7166668
143	r2	5.4	0.0	0.0
143	rnapol	0.2	0.0	0.0
144	__protein1_rbs	10.6	0.0	0.0
144	__protein2_rbs	11.2	0.0	0.0
144	__protein3_rbs	3.6	0.0	0.0
144	__ribosome	31.0	0.0	0.0
144	__rnase_site_ext	16.4	0.0	0.0
144	p0	0.8	0.0	0.0
144	p1	0.4	0.0	0.0
144	protein1	654.4	15.8	1.8375398
144	protein2	649.6	17.8	1.7366063999999999
144	protein3	185.8	5.4	1.8166668
144	r2	5.6	0.0	0.0
144	rnapol	0.0	0.0	0.0
145	__protein1_rbs	10.6	0.0	0.0
145	__protein2_rbs	9.8	0.0	0.0
145	__protein3_rbs	2.8	0.0	0.0
145	__ribosome	30.0	0.0	0.0
145	__rnase_site_ext	16.2	0.0	0.0
145	p0	0.6	0.0	0.0
145	p1	0.6	0.0	0.0
145	protein1	661.0	16.0	1.7902777999999997
145	protein2	656.4	17.6	1.8331036
145	protein3	188.0	5.4	1.7916668000000002
145	r2	5.8	0.0	0.0
145	rnapol	0.2	0.0	0.0
146	__protein1_rbs	10.0	0.0	0.0
146	__protein2_rbs	10.0	0.0	0.0
146	__protein3_rbs	3.4	0.0	0.0
146	__ribosome	27.2	0.0	0.0
146	__rnase_site_ext	16.8	0.0	0.0
146	p0	0.8	0.0	0.0
146	p1	0.6	0.0	0.0
146	protein1	666.6	15.8	1.8904914
146	protein2	662.6	17.6	1.9111466000000001
146	protein3	189.6	5.6	1.9202380000000001
146	r2	5.8	0.0	0.0
146	rnapol	0.0	0.0	0.0
147	__protein1_rbs	10.8	0.0	0.0
147	__protein2_rbs	11.8	0.0	0.0
147	__protein3_rbs	3.6	0.0	0.0
147	__ribosome	27.6	0.0	0.0
147	__rnase_site_ext	16.8	0.0	0.0
147	p0	1.0	0.0	0.0
147	p1	0.6	0.0	0.0
147	protein1	672.8	16.2	1.7815944
147	protein2	669.0	17.4	1.9134502
147	protein3	191.2	5.8	2.0293650000000003
147	r2	6.0	0.0	0.0
147	rnapol	0.2	0.0	0.0
148	__protein1_rbs	9.4	0.0	0.0
148	__protein2_rbs	10.6	0.0	0.0
148	__protein3_rbs	4.0	0.0	0.0
148	__ribosome	27.4	0.0	0.0
148	__rnase_site_ext	16.8	0.0	0.0
148	p0	0.8	0.0	0.0
148	p1	0.6	0.0	0.0
148	protein1	679.6	16.4	1.7604101999999997
148	protein2	676.0	17.6	1.9250876
148	protein3	193.2	5.8	1.9238096
148	r2	6.0	0.0	0.0
148	rnapol	0.2	0.0	0.0
149	__protein1_rbs	11.2	0.0	0.0
149	__protein2_rbs	10.2	0.0	0.0
149	__protein3_rbs	2.8	0.0	0.0
149	__ribosome	26.8	0.0	0.0
149	__rnase_site_ext	16.6	0.0	0.0
149	p0	0.8	0.0	0.0
149	p1	0.8	0.0	0.0
149	protein1	685.2	16.6	1.7489401999999998
149	protein2	683.6	17.6	1.8685966
149	protein3	195.2	6.0	2.01
149	r2	5.8	0.0	0.0
149	rnapol	0.0	0.0	0.0
150	__protein1_rbs	8.8	0.0	0.0
150	__protein2_rbs	12.2	0.0	0.0
150	__protein3_rbs	4.8	0.0	0.0
150	__ribosome	28.6	0.0	0.0
150	__rnase_site_ext	16.8	0.0	0.0
150	p0	0.6	0.0	0.0
150	p1	0.8	0.0	0.0
150	protein1	691.2	16.0	1.8658182
150	protein2	690.6	17.6	1.7826461999999998
150	protein3	198.0	6.0	1.7714285999999997
150	r2	5.8	0.0	0.0
150	rnapol	0.2	0.0	0.0
151	__protein1_rbs	10.2	0.0	0.0
151	__protein2_rbs	10.0	0.0	0.0
151	__protein3_rbs	4.2	0.0	0.0
151	__ribosome	27.0	0.0	0.0
151	__rnase_site_ext	17.0	0.0	0.0
151	p0	0.8	0.0	0.0
151	p1	0.4	0.0	0.0
151	protein1	697.2	16.6	1.8202428
151	protein2	697.6	17.6	1.8720322
151	protein3	200.4	6.0	1.7180952
151	r2	5.8	0.0	0.0
151	rnapol	0.0	0.0	0.0
152	__protein1_rbs	11.8	0.0	0.0
152	__protein2_rbs	11.4	0.0	0.0
152	__protein3_rbs	3.2	0.0	0.0
152	__ribosome	26.8	0.0	0.0
152	__rnase_site_ext	16.4	0.0	0.0
152	p0	0.8	0.0	0.0
152	p1	0.6	0.0	0.0
152	protein1	703.0	16.6	1.7399093999999995
152	protein2	703.6	17.6	1.880689
152	protein3	202.2	6.0	1.8485714
152	r2	6.0	0.0	0.0
152	rnapol	0.0	0.0	0.0
153	__protein1_rbs	9.6	0.0	0.0
153	__protein2_rbs	11.6	0.0	0.0
153	__protein3_rbs	3.8	0.0	0.0
153	__ribosome	28.4	0.0	0.0
153	__rnase_site_ext	16.6	0.0	0.0
153	p0	1.0	0.0	0.0
153	p1	0.6	0.0	0.0
153	protein1	710.4	16.2	1.7818136000000002
153	protein2	710.4	17.6	1.8316666
153	protein3	204.6	5.8	1.92
153	r2	6.0	0.0	0.0
153	rnapol	0.0	0.0	0.0
154	__protein1_rbs	11.0	0.0	0.0
154	__protein2_rbs	11.0	0.0	0.0
154	__protein3_rbs	3.2	0.0	0.0
154	__ribosome	29.4	0.0	0.0
154	__rnase_site_ext	16.8	0.0	0.0
154	p0	0.6	0.0	0.0
154	p1	1.0	0.0	0.0
154	protein1	715.8	16.4	1.7769446000000002
154	protein2	718.2	17.4	1.7886112
154	protein3	207.6	6.0	1.8555556
154	r2	6.2	0.0	0.0
154	rnapol	0.2	0.0	0.0
155	__protein1_rbs	10.0	0.0	0.0
155	__protein2_rbs	9.6	0.0	0.0
155	__protein3_rbs	4.2	0.0	0.0
155	__ribosome	27.0	0.0	0.0
155	__rnase_site_ext	17.0	0.0	0.0
155	p0	0.8	0.0	0.0
155	p1	0.4	0.0	0.0
155	protein1	722.6	16.4	1.8025
155	protein2	725.0	17.8	1.8211112
155	protein3	208.8	6.0	1.9161112
155	r2	6.2	0.0	0.0
155	rnapol	0.4	0.0	0.0
156	__protein1_rbs	10.4	0.0	0.0
156	__protein2_rbs	11.6	0.0	0.0
156	__protein3_rbs	4.8	0.0	0.0
156	__ribosome	26.6	0.0	0.0
156	__rnase_site_ext	17.0	0.0	0.0
156	p0	0.6	0.0	0.0
156	p1	0.8	0.0	0.0
156	protein1	728.8	16.8	1.8084734
156	protein2	732.0	18.0	1.8150378
156	protein3	211.6	6.2	1.715
156	r2	6.2	0.0	0.0
156	rnapol	0.2	0.0	0.0
157	__protein1_rbs	11.6	0.0	0.0
157	__protein2_rbs	10.4	0.0	0.0
157	__protein3_rbs	3.8	0.0	0.0
157	__ribosome	25.4	0.0	0.0
157	__rnase_site_ext	17.2	0.0	0.0
157	p0	1.0	0.0	0.0
157	p1	1.0	0.0	0.0
157	protein1	734.6	16.8	1.7893324000000002
157	protein2	738.4	18.0	1.8798624
157	protein3	214.0	6.2	1.7361112
157	r2	6.4	0.0	0.0
157	rnapol	0.2	0.0	0.0
158	__protein1_rbs	11.8	0.0	0.0
158	__protein2_rbs	11.8	0.0	0.0
158	__protein3_rbs	3.4	0.0	0.0
158	__ribosome	25.2	0.0	0.0
158	__rnase_site_ext	17.2	0.0	0.0
158	p0	1.0	0.0	0.0
158	p1	0.8	0.0	0.0
158	protein1	741.2	17.0	1.7230726000000003
158	protein2	744.4	17.4	1.9776529999999999
158	protein3	216.6	6.2	1.7
158	r2	6.4	0.0	0.0
158	rnapol	0.2	0.0	0.0
159	__protein1_rbs	12.0	0.0	0.0
159	__protein2_rbs	11.8	0.0	0.0
159	__protein3_rbs	3.8	0.0	0.0
159	__ribosome	25.8	0.0	0.0
159	__rnase_site_ext	17.2	0.0	0.0
159	p0	1.0	0.0	0.0
159	p1	0.8	0.0	0.0
159	protein1	747.6	17.0	1.6796178000000002
159	protein2	751.2	18.0	1.9083566
159	protein3	218.8	6.4	1.7369047999999998
159	r2	6.6	0.0	0.0
159	rnapol	0.2	0.0	0.0
160	__protein1_rbs	10.2	0.0	0.0
160	__protein2_rbs	12.0	0.0	0.0
160	__protein3_rbs	3.8	0.0	0.0
160	__ribosome	27.6	0.0	0.0
160	__rnase_site_ext	17.2	0.0	0.0
160	p0	0.4	0.0	0.0
160	p1	0.6	0.0	0.0
160	protein1	755.0	17.0	1.6458453999999998
160	protein2	758.2	18.2	1.8563352
160	protein3	222.0	6.4	1.5466668
160	r2	6.6	0.0	0.0
160	rnapol	0.2	0.0	0.0
161	__protein1_rbs	11.0	0.0	0.0
161	__protein2_rbs	11.0	0.0	0.0
161	__protein3_rbs	4.2	0.0	0.0
161	__ribosome	27.2	0.0	0.0
161	__rnase_site_ext	17.8	0.0	0.0
161	p0	0.8	0.0	0.0
161	p1	0.4	0.0	0.0
161	protein1	760.4	16.8	1.7472826
161	protein2	767.8	18.0	1.7855040000000002
161	protein3	223.8	6.6	1.665873
161	r2	6.4	0.0	0.0
161	rnapol	0.2	0.0	0.0
162	__protein1_rbs	11.6	0.0	0.0
162	__protein2_rbs	10.8	0.0	0.0
162	__protein3_rbs	3.4	0.0	0.0
162	__ribosome	27.6	0.0	0.0
162	__rnase_site_ext	18.0	0.0	0.0
162	p0	0.8	0.0	0.0
162	p1	0.6	0.0	0.0
162	protein1	767.2	17.6	1.5737051999999998
162	protein2	775.2	18.0	1.7771428
162	protein3	225.8	6.6	1.9194444
162	r2	6.6	0.0	0.0
162	rnapol	0.0	0.0	0.0
163	__protein1_rbs	10.6	0.0	0.0
163	__protein2_rbs	12.2	0.0	0.0
163	__protein3_rbs	4.8	0.0	0.0
163	__ribosome	27.6	0.0	0.0
163	__rnase_site_ext	18.0	0.0	0.0
163	p0	1.0	0.0	0.0
163	p1	0.8	0.0	0.0
163	protein1	773.0	17.8	1.6173872000000002
163	protein2	781.4	18.2	1.7457311999999998
163	protein3	228.8	6.6	1.8428572
163	r2	6.6	0.0	0.0
163	rnapol	0.0	0.0	0.0
164	__protein1_rbs	11.8	0.0	0.0
164	__protein2_rbs	11.6	0.0	0.0
164	__protein3_rbs	3.8	0.0	0.0
164	__ribosome	26.4	0.0	0.0
164	__rnase_site_ext	18.6	0.0	0.0
164	p0	0.8	0.0	0.0
164	p1	0.8	0.0	0.0
164	protein1	778.4	17.8	1.6881580000000003
164	protein2	788.0	18.4	1.760158
164	protein3	231.2	6.6	1.6845238000000002
164	r2	6.4	0.0	0.0
164	rnapol	0.2	0.0	0.0
165	__protein1_rbs	12.0	0.0	0.0
165	__protein2_rbs	12.6	0.0	0.0
165	__protein3_rbs	4.4	0.0	0.0
165	__ribosome	27.6	0.0	0.0
165	__rnase_site_ext	18.4	0.0	0.0
165	p0	0.8	0.0	0.0
165	p1	0.6	0.0	0.0
165	protein1	785.0	18.2	1.6706543999999999
165	protein2	795.6	18.2	1.6649124
165	protein3	234.0	6.6	1.6702380000000001
165	r2	6.4	0.0	0.0
165	rnapol	0.2	0.0	0.0
166	__protein1_rbs	11.0	0.0	0.0
166	__protein2_rbs	12.4	0.0	0.0
166	__protein3_rbs	3.6	0.0	0.0
166	__ribosome	25.0	0.0	0.0
166	__rnase_site_ext	18.6	0.0	0.0
166	p0	1.0	0.0	0.0
166	p1	0.2	0.0	0.0
166	protein1	790.6	18.2	1.8019046
166	protein2	802.4	18.2	1.681086
166	protein3	236.4	6.6	1.7285714
166	r2	6.4	0.0	0.0
166	rnapol	0.2	0.0	0.0
167	__protein1_rbs	12.2	0.0	0.0
167	__protein2_rbs	13.2	0.0	0.0
167	__protein3_rbs	3.6	0.0	0.0
167	__ribosome	24.0	0.0	0.0
167	__rnase_site_ext	18.4	0.0	0.0
167	p0	0.8	0.0	0.0
167	p1	0.6	0.0	0.0
167	protein1	796.4	18.4	1.8682652
167	protein2	808.6	18.2	1.657563
167	protein3	239.0	6.4	1.7154762
167	r2	6.2	0.0	0.0
167	rnapol	0.2	0.0	0.0
168	__protein1_rbs	11.4	0.0	0.0
168	__protein2_rbs	10.8	0.0	0.0
168	__protein3_rbs	4.6	0.0	0.0
168	__ribosome	24.0	0.0	0.0
168	__rnase_site_ext	18.8	0.0	0.0
168	p0	0.6	0.0	0.0
168	p1	0.8	0.0	0.0
168	protein1	804.4	18.4	1.832692
168	protein2	814.6	18.0	1.7193278
168	protein3	240.6	6.4	1.8023808000000001
168	r2	6.4	0.0	0.0
168	rnapol	0.0	0.0	0.0
169	__protein1_rbs	11.2	0.0	0.0
169	__protein2_rbs	12.6	0.0	0.0
169	__protein3_rbs	3.4	0.0	0.0
169	__ribosome	25.0	0.0	0.0
169	__rnase_site_ext	18.8	0.0	0.0
169	p0	0.8	0.0	0.0
169	p1	0.4	0.0	0.0
169	protein1	810.8	18.4	1.8823178
169	protein2	822.4	17.8	1.637605
169	protein3	244.0	6.4	1.7773808
169	r2	6.4	0.0	0.0
169	rnapol	0.2	0.0	0.0
170	__protein1_rbs	11.4	0.0	0.0
170	__protein2_rbs	15.2	0.0	0.0
170	__protein3_rbs	4.2	0.0	0.0
170	__ribosome	26.2	0.0	0.0
170	__rnase_site_ext	18.4	0.0	0.0
170	p0	0.8	0.0	0.0
170	p1	0.4	0.0	0.0
170	protein1	818.4	18.6	1.8424348
170	protein2	828.6	18.6	1.4852674
170	protein3	246.0	6.4	1.8555554
170	r2	6.2	0.0	0.0
170	rnapol	0.0	0.0	0.0
171	__protein1_rbs	10.2	0.0	0.0
171	__protein2_rbs	10.8	0.0	0.0
171	__protein3_rbs	4.4	0.0	0.0
171	__ribosome	25.2	0.0	0.0
171	__rnase_site_ext	18.6	0.0	0.0
171	p0	0.8	0.0	0.0
171	p1	0.6	0.0	0.0
171	protein1	826.0	18.4	1.8779363999999998
171	protein2	835.4	18.8	1.5235336000000002
171	protein3	248.8	6.4	1.7749997999999998
171	r2	6.2	0.0	0.0
171	rnapol	0.0	0.0	0.0
172	__protein1_rbs	12.0	0.0	0.0
172	__protein2_rbs	13.0	0.0	0.0
172	__protein3_rbs	4.6	0.0	0.0
172	__ribosome	25.0	0.0	0.0
172	__rnase_site_ext	18.6	0.0	0.0
172	p0	1.0	0.0	0.0
172	p1	1.0	0.0	0.0
172	protein1	833.2	18.6	1.8931808
172	protein2	841.6	18.8	1.526358
172	protein3	251.2	6.4	1.7
172	r2	6.2	0.0	0.0
172	rnapol	0.0	0.0	0.0
173	__protein1_rbs	11.0	0.0	0.0
173	__protein2_rbs	12.2	0.0	0.0
173	__protein3_rbs	4.6	0.0	0.0
173	__ribosome	26.0	0.0	0.0
173	__rnase_site_ext	18.6	0.0	0.0
173	p0	1.0	0.0	0.0
173	p1	0.8	0.0	0.0
173	protein1	840.8	18.4	1.8919631999999997
173	protein2	848.0	19.4	1.5484653999999998
173	protein3	254.6	6.2	1.5944444
173	r2	6.4	0.0	0.0
173	rnapol	0.0	0.0	0.0
174	__protein1_rbs	11.4	0.0	0.0
174	__protein2_rbs	14.6	0.0	0.0
174	__protein3_rbs	3.2	0.0	0.0
174	__ribosome	24.6	0.0	0.0
174	__rnase_site_ext	18.4	0.0	0.0
174	p0	0.8	0.0	0.0
174	p1	0.4	0.0	0.0
174	protein1	848.2	18.4	1.8825566
174	protein2	854.0	19.6	1.5569536000000002
174	protein3	257.0	6.2	1.6777778
174	r2	6.6	0.0	0.0
174	rnapol	0.6	0.0	0.0
175	__protein1_rbs	12.6	0.0	0.0
175	__protein2_rbs	13.6	0.0	0.0
175	__protein3_rbs	4.0	0.0	0.0
175	__ribosome	24.2	0.0	0.0
175	__rnase_site_ext	19.0	0.0	0.0
175	p0	0.6	0.0	0.0
175	p1	0.4	0.0	0.0
175	protein1	855.2	18.0	1.8638953999999999
175	protein2	859.0	19.4	1.6432116
175	protein3	259.2	6.4	1.8533332
175	r2	6.6	0.0	0.0
175	rnapol	0.0	0.0	0.0
176	__protein1_rbs	12.4	0.0	0.0
176	__protein2_rbs	11.4	0.0	0.0
176	__protein3_rbs	4.4	0.0	0.0
176	__ribosome	23.6	0.0	0.0
176	__rnase_site_ext	19.2	0.0	0.0
176	p0	0.8	0.0	0.0
176	p1	0.4	0.0	0.0
176	protein1	863.0	18.6	1.7538094000000002
176	protein2	866.0	19.2	1.7320636000000003
176	protein3	261.4	6.6	1.8314286
176	r2	6.4	0.0	0.0
176	rnapol	0.0	0.0	0.0
177	__protein1_rbs	12.8	0.0	0.0
177	__protein2_rbs	11.8	0.0	0.0
177	__protein3_rbs	4.4	0.0	0.0
177	__ribosome	25.8	0.0	0.0
177	__rnase_site_ext	18.8	0.0	0.0
177	p0	1.0	0.0	0.0
177	p1	0.6	0.0	0.0
177	protein1	872.2	18.8	1.6089840000000002
177	protein2	873.4	19.4	1.7340220000000002
177	protein3	263.6	6.6	1.7526192000000005
177	r2	6.2	0.0	0.0
177	rnapol	0.0	0.0	0.0
178	__protein1_rbs	13.0	0.0	0.0
178	__protein2_rbs	14.0	0.0	0.0
178	__protein3_rbs	3.6	0.0	0.0
178	__ribosome	26.2	0.0	0.0
178	__rnase_site_ext	18.6	0.0	0.0
178	p0	0.8	0.0	0.0
178	p1	1.0	0.0	0.0
178	protein1	878.6	18.8	1.5819696
178	protein2	880.4	20.0	1.6315271999999998
178	protein3	266.0	6.6	1.895238
178	r2	6.6	0.0	0.0
178	rnapol	0.0	0.0	0.0
179	__protein1_rbs	11.6	0.0	0.0
179	__protein2_rbs	12.4	0.0	0.0
179	__protein3_rbs	4.0	0.0	0.0
179	__ribosome	24.6	0.0	0.0
179	__rnase_site_ext	18.2	0.0	0.0
179	p0	1.0	0.0	0.0
179	p1	0.8	0.0	0.0
179	protein1	885.4	18.4	1.6703616
179	protein2	888.6	20.0	1.6458586
179	protein3	268.4	6.4	2.2735714
179	r2	6.2	0.0	0.0
179	rnapol	0.4	0.0	0.0
180	__protein1_rbs	12.0	0.0	0.0
180	__protein2_rbs	13.0	0.0	0.0
180	__protein3_rbs	4.6	0.0	0.0
180	__ribosome	23.6	0.0	0.0
180	__rnase_site_ext	18.4	0.0	0.0
180	p0	0.8	0.0	0.0
180	p1	0.2	0.0	0.0
180	protein1	891.4	18.0	1.7309215999999998
180	protein2	895.2	20.4	1.6495874
180	protein3	270.6	6.4	2.2888888
180	r2	6.4	0.0	0.0
180	rnapol	0.2	0.0	0.0
181	__protein1_rbs	13.0	0.0	0.0
181	__protein2_rbs	15.2	0.0	0.0
181	__protein3_rbs	4.6	0.0	0.0
181	__ribosome	26.4	0.0	0.0
181	__rnase_site_ext	18.4	0.0	0.0
181	p0	0.8	0.0	0.0
181	p1	0.6	0.0	0.0
181	protein1	897.4	18.0	1.6805881999999999
181	protein2	901.4	20.4	1.6240232000000003
181	protein3	273.8	6.6	1.6377779999999995
181	r2	6.4	0.0	0.0
181	rnapol	0.0	0.0	0.0
182	__protein1_rbs	11.8	0.0	0.0
182	__protein2_rbs	12.6	0.0	0.0
182	__protein3_rbs	4.4	0.0	0.0
182	__ribosome	28.8	0.0	0.0
182	__rnase_site_ext	18.4	0.0	0.0
182	p0	0.8	0.0	0.0
182	p1	0.8	0.0	0.0
182	protein1	905.2	18.2	1.5691267999999998
182	protein2	910.4	20.0	1.6033487999999998
182	protein3	276.4	6.8	1.4911112
182	r2	6.2	0.0	0.0
182	rnapol	0.2	0.0	0.0
183	__protein1_rbs	11.2	0.0	0.0
183	__protein2_rbs	13.2	0.0	0.0
183	__protein3_rbs	4.0	0.0	0.0
183	__ribosome	27.2	0.0	0.0
183	__rnase_site_ext	18.8	0.0	0.0
183	p0	0.8	0.0	0.0
183	p1	0.6	0.0	0.0
183	protein1	911.8	18.2	1.6518169999999999
183	protein2	917.6	20.2	1.5702338
183	protein3	278.8	6.4	1.7790475999999995
183	r2	6.2	0.0	0.0
183	rnapol	0.4	0.0	0.0
184	__protein1_rbs	11.0	0.0	0.0
184	__protein2_rbs	13.6	0.0	0.0
184	__protein3_rbs	4.4	0.0	0.0
184	__ribosome	26.0	0.0	0.0
184	__rnase_site_ext	19.2	0.0	0.0
184	p0	0.6	0.0	0.0
184	p1	0.8	0.0	0.0
184	protein1	918.2	18.6	1.6633334000000002
184	protein2	924.4	20.8	1.5507144
184	protein3	281.4	6.4	1.7171428
184	r2	6.2	0.0	0.0
184	rnapol	0.6	0.0	0.0
185	__protein1_rbs	13.4	0.0	0.0
185	__protein2_rbs	12.4	0.0	0.0
185	__protein3_rbs	4.2	0.0	0.0
185	__ribosome	23.2	0.0	0.0
185	__rnase_site_ext	19.6	0.0	0.0
185	p0	0.4	0.0	0.0
185	p1	0.4	0.0	0.0
185	protein1	924.6	18.8	1.6384313999999998
185	protein2	931.0	20.6	1.6791509999999998
185	protein3	283.2	6.2	1.9914286
185	r2	6.2	0.0	0.0
185	rnapol	0.0	0.0	0.0
186	__protein1_rbs	13.6	0.0	0.0
186	__protein2_rbs	15.2	0.0	0.0
186	__protein3_rbs	5.0	0.0	0.0
186	__ribosome	24.6	0.0	0.0
186	__rnase_site_ext	19.6	0.0	0.0
186	p0	1.0	0.0	0.0
186	p1	0.6	0.0	0.0
186	protein1	930.0	19.4	1.6498882
186	protein2	938.2	20.4	1.6262974
186	protein3	285.6	6.2	1.7961906000000003
186	r2	6.2	0.0	0.0
186	rnapol	0.2	0.0	0.0
187	__protein1_rbs	13.8	0.0	0.0
187	__protein2_rbs	12.0	0.0	0.0
187	__protein3_rbs	4.4	0.0	0.0
187	__ribosome	25.2	0.0	0.0
187	__rnase_site_ext	19.8	0.0	0.0
187	p0	0.8	0.0	0.0
187	p1	0.6	0.0	0.0
187	protein1	937.2	19.4	1.604418
187	protein2	945.2	20.2	1.6940936000000002
187	protein3	288.6	6.2	1.7066665999999997
187	r2	6.2	0.0	0.0
187	rnapol	0.2	0.0	0.0
188	__protein1_rbs	11.6	0.0	0.0
188	__protein2_rbs	14.2	0.0	0.0
188	__protein3_rbs	4.0	0.0	0.0
188	__ribosome	23.6	0.0	0.0
188	__rnase_site_ext	19.8	0.0	0.0
188	p0	0.8	0.0	0.0
188	p1	0.6	0.0	0.0
188	protein1	944.4	19.4	1.6625869999999998
188	protein2	951.2	20.0	1.7288827999999998
188	protein3	291.2	6.2	1.632381
188	r2	6.4	0.0	0.0
188	rnapol	0.0	0.0	0.0
189	__protein1_rbs	12.2	0.0	0.0
189	__protein2_rbs	12.6	0.0	0.0
189	__protein3_rbs	4.4	0.0	0.0
189	__ribosome	24.0	0.0	0.0
189	__rnase_site_ext	19.8	0.0	0.0
189	p0	0.8	0.0	0.0
189	p1	0.6	0.0	0.0
189	protein1	951.8	19.6	1.6640757999999998
189	protein2	959.4	20.4	1.675642
189	protein3	293.2	6.2	1.5942858000000002
189	r2	6.4	0.0	0.0
189	rnapol	0.4	0.0	0.0
190	__protein1_rbs	13.0	0.0	0.0
190	__protein2_rbs	13.6	0.0	0.0
190	__protein3_rbs	4.0	0.0	0.0
190	__ribosome	24.2	0.0	0.0
190	__rnase_site_ext	19.6	0.0	0.0
190	p0	0.8	0.0	0.0
190	p1	0.4	0.0	0.0
190	protein1	958.2	19.6	1.7276630000000002
190	protein2	967.4	20.4	1.6109380000000002
190	protein3	295.6	6.2	1.5828572
190	r2	6.4	0.0	0.0
190	rnapol	0.4	0.0	0.0
191	__protein1_rbs	13.6	0.0	0.0
191	__protein2_rbs	12.6	0.0	0.0
191	__protein3_rbs	5.0	0.0	0.0
191	__ribosome	24.0	0.0	0.0
191	__rnase_site_ext	20.0	0.0	0.0
191	p0	0.4	0.0	0.0
191	p1	0.6	0.0	0.0
191	protein1	964.8	19.6	1.6968493999999998
191	protein2	975.2	20.4	1.6430737999999998
191	protein3	297.0	6.4	1.5742857999999995
191	r2	6.4	0.0	0.0
191	rnapol	0.0	0.0	0.0
192	__protein1_rbs	13.0	0.0	0.0
192	__protein2_rbs	15.4	0.0	0.0
192	__protein3_rbs	2.6	0.0	0.0
192	__ribosome	24.8	0.0	0.0
192	__rnase_site_ext	19.8	0.0	0.0
192	p0	1.0	0.0	0.0
192	p1	0.8	0.0	0.0
192	protein1	972.0	19.6	1.6734298
192	protein2	983.2	20.4	1.5379653999999998
192	protein3	299.2	6.6	1.7390478000000005
192	r2	6.4	0.0	0.0
192	rnapol	0.0	0.0	0.0
193	__protein1_rbs	13.6	0.0	0.0
193	__protein2_rbs	12.4	0.0	0.0
193	__protein3_rbs	4.2	0.0	0.0
193	__ribosome	24.8	0.0	0.0
193	__rnase_site_ext	19.6	0.0	0.0
193	p0	1.0	0.0	0.0
193	p1	0.8	0.0	0.0
193	protein1	980.8	19.6	1.5558528000000005
193	protein2	989.8	20.4	1.6856419999999999
193	protein3	301.8	6.4	1.6628572
193	r2	6.4	0.0	0.0
193	rnapol	0.0	0.0	0.0
194	__protein1_rbs	10.8	0.0	0.0
194	__protein2_rbs	13.6	0.0	0.0
194	__protein3_rbs	4.2	0.0	0.0
194	__ribosome	22.4	0.0	0.0
194	__rnase_site_ext	19.6	0.0	0.0
194	p0	1.0	0.0	0.0
194	p1	0.8	0.0	0.0
194	protein1	987.4	19.4	1.6929036
194	protein2	996.6	20.8	1.6441558
194	protein3	304.0	6.4	1.7476189999999998
194	r2	6.6	0.0	0.0
194	rnapol	0.2	0.0	0.0
195	__protein1_rbs	13.4	0.0	0.0
195	__protein2_rbs	13.2	0.0	0.0
195	__protein3_rbs	5.0	0.0	0.0
195	__ribosome	22.2	0.0	0.0
195	__rnase_site_ext	19.2	0.0	0.0
195	p0	0.8	0.0	0.0
195	p1	0.8	0.0	0.0
195	protein1	993.6	19.4	1.7495189999999998
195	protein2	1004.8	20.6	1.6173683999999997
195	protein3	305.6	6.4	1.7361906000000003
195	r2	6.6	0.0	0.0
195	rnapol	0.4	0.0	0.0
196	__protein1_rbs	10.8	0.0	0.0
196	__protein2_rbs	14.4	0.0	0.0
196	__protein3_rbs	4.6	0.0	0.0
196	__ribosome	22.6	0.0	0.0
196	__rnase_site_ext	18.8	0.0	0.0
196	p0	0.8	0.0	0.0
196	p1	0.4	0.0	0.0
196	protein1	1000.8	18.6	1.8791252
196	protein2	1011.4	20.2	1.6545322000000002
196	protein3	308.6	6.6	1.5952380000000002
196	r2	6.4	0.0	0.0
196	rnapol	0.0	0.0	0.0
197	__protein1_rbs	11.4	0.0	0.0
197	__protein2_rbs	14.6	0.0	0.0
197	__protein3_rbs	4.2	0.0	0.0
197	__ribosome	23.8	0.0	0.0
197	__rnase_site_ext	19.0	0.0	0.0
197	p0	1.0	0.0	0.0
197	p1	0.4	0.0	0.0
197	protein1	1008.0	18.8	1.8249142
197	protein2	1018.4	20.6	1.6050955999999998
197	protein3	311.6	6.6	1.4676192
197	r2	6.8	0.0	0.0
197	rnapol	0.0	0.0	0.0
198	__protein1_rbs	12.2	0.0	0.0
198	__protein2_rbs	11.8	0.0	0.0
198	__protein3_rbs	4.6	0.0	0.0
198	__ribosome	23.8	0.0	0.0
198	__rnase_site_ext	18.8	0.0	0.0
198	p0	1.0	0.0	0.0
198	p1	1.0	0.0	0.0
198	protein1	1015.8	18.8	1.769091
198	protein2	1026.8	20.6	1.6309332
198	protein3	313.4	6.6	1.4647618
198	r2	6.6	0.0	0.0
198	rnapol	0.2	0.0	0.0
199	__protein1_rbs	11.4	0.0	0.0
199	__protein2_rbs	13.8	0.0	0.0
199	__protein3_rbs	5.0	0.0	0.0
199	__ribosome	23.2	0.0	0.0
199	__rnase_site_ext	19.0	0.0	0.0
199	p0	0.4	0.0	0.0
199	p1	0.8	0.0	0.0
199	protein1	1023.4	18.6	1.8022900000000002
199	protein2	1033.2	20.8	1.6350260000000003
199	protein3	315.4	7.0	1.4292208
199	r2	6.8	0.0	0.0
199	rnapol	0.0	0.0	0.0
200	__protein1_rbs	13.6	0.0	0.0
200	__protein2_rbs	15.4	0.0	0.0
200	__protein3_rbs	4.6	0.0	0.0
200	__ribosome	25.2	0.0	0.0
200	__rnase_site_ext	18.8	0.0	0.0
200	p0	1.0	0.0	0.0
200	p1	0.8	0.0	0.0
200	protein1	1030.8	18.8	1.6840553999999996
200	protein2	1040.6	21.0	1.5797044000000002
200	protein3	317.6	7.2	1.5098486
200	r2	6.8	0.0	0.0
200	rnapol	0.2	0.0	0.0
201	__protein1_rbs	12.6	0.0	0.0
201	__protein2_rbs	14.2	0.0	0.0
201	__protein3_rbs	3.8	0.0	0.0
201	__ribosome	25.2	0.0	0.0
201	__rnase_site_ext	19.0	0.0	0.0
201	p0	0.6	0.0	0.0
201	p1	0.4	0.0	0.0
201	protein1	1038.4	18.6	1.6323418
201	protein2	1048.4	21.0	1.572488
201	protein3	319.6	6.8	1.8895453999999998
201	r2	6.6	0.0	0.0
201	rnapol	0.2	0.0	0.0
202	__protein1_rbs	13.4	0.0	0.0
202	__protein2_rbs	13.4	0.0	0.0
202	__protein3_rbs	4.6	0.0	0.0
202	__ribosome	25.2	0.0	0.0
202	__rnase_site_ext	18.6	0.0	0.0
202	p0	0.8	0.0	0.0
202	p1	0.8	0.0	0.0
202	protein1	1045.8	18.4	1.5386364
202	protein2	1054.8	21.0	1.6909185999999998
202	protein3	322.2	6.8	1.7655555999999997
202	r2	6.6	0.0	0.0
202	rnapol	0.2	0.0	0.0
203	__protein1_rbs	12.2	0.0	0.0
203	__protein2_rbs	11.8	0.0	0.0
203	__protein3_rbs	4.2	0.0	0.0
203	__ribosome	22.4	0.0	0.0
203	__rnase_site_ext	19.0	0.0	0.0
203	p0	1.0	0.0	0.0
203	p1	1.0	0.0	0.0
203	protein1	1052.2	18.8	1.5654371999999999
203	protein2	1063.0	21.2	1.6955886000000002
203	protein3	323.8	6.8	1.7872221999999998
203	r2	6.4	0.0	0.0
203	rnapol	0.4	0.0	0.0
204	__protein1_rbs	12.6	0.0	0.0
204	__protein2_rbs	15.8	0.0	0.0
204	__protein3_rbs	3.6	0.0	0.0
204	__ribosome	24.2	0.0	0.0
204	__rnase_site_ext	19.2	0.0	0.0
204	p0	0.6	0.0	0.0
204	p1	0.4	0.0	0.0
204	protein1	1059.4	18.8	1.5069104000000002
204	protein2	1071.0	21.8	1.5642813999999998
204	protein3	326.8	6.6	1.94
204	r2	6.4	0.0	0.0
204	rnapol	0.6	0.0	0.0
205	__protein1_rbs	10.6	0.0	0.0
205	__protein2_rbs	13.0	0.0	0.0
205	__protein3_rbs	4.6	0.0	0.0
205	__ribosome	21.0	0.0	0.0
205	__rnase_site_ext	19.4	0.0	0.0
205	p0	0.8	0.0	0.0
205	p1	0.4	0.0	0.0
205	protein1	1065.4	18.8	1.593568
205	protein2	1078.0	21.4	1.6864117999999997
205	protein3	329.2	6.6	1.805
205	r2	6.2	0.0	0.0
205	rnapol	0.4	0.0	0.0
206	__protein1_rbs	13.4	0.0	0.0
206	__protein2_rbs	15.6	0.0	0.0
206	__protein3_rbs	5.0	0.0	0.0
206	__ribosome	22.8	0.0	0.0
206	__rnase_site_ext	20.0	0.0	0.0
206	p0	0.8	0.0	0.0
206	p1	0.6	0.0	0.0
206	protein1	1071.2	19.2	1.5738128000000002
206	protein2	1085.4	21.6	1.6490434000000005
206	protein3	332.6	6.6	1.6119048
206	r2	6.0	0.0	0.0
206	rnapol	0.4	0.0	0.0
207	__protein1_rbs	13.6	0.0	0.0
207	__protein2_rbs	16.4	0.0	0.0
207	__protein3_rbs	4.8	0.0	0.0
207	__ribosome	24.4	0.0	0.0
207	__rnase_site_ext	19.6	0.0	0.0
207	p0	0.8	0.0	0.0
207	p1	0.6	0.0	0.0
207	protein1	1077.8	19.8	1.5491227999999997
207	protein2	1093.0	21.2	1.6144593999999999
207	protein3	335.0	6.6	1.6042858000000002
207	r2	5.6	0.0	0.0
207	rnapol	0.2	0.0	0.0
208	__protein1_rbs	12.8	0.0	0.0
208	__protein2_rbs	14.0	0.0	0.0
208	__protein3_rbs	4.0	0.0	0.0
208	__ribosome	25.0	0.0	0.0
208	__rnase_site_ext	19.6	0.0	0.0
208	p0	1.0	0.0	0.0
208	p1	0.6	0.0	0.0
208	protein1	1084.0	19.6	1.6735918
208	protein2	1103.0	21.6	1.5122908000000002
208	protein3	338.6	6.4	1.5907142
208	r2	5.6	0.0	0.0
208	rnapol	0.2	0.0	0.0
209	__protein1_rbs	12.4	0.0	0.0
209	__protein2_rbs	14.8	0.0	0.0
209	__protein3_rbs	3.8	0.0	0.0
209	__ribosome	24.6	0.0	0.0
209	__rnase_site_ext	19.8	0.0	0.0
209	p0	0.6	0.0	0.0
209	p1	0.4	0.0	0.0
209	protein1	1091.6	19.4	1.7133146000000001
209	protein2	1109.8	21.0	1.5718007999999999
209	protein3	341.0	6.2	1.4400794
209	r2	5.6	0.0	0.0
209	rnapol	0.2	0.0	0.0
210	__protein1_rbs	14.0	0.0	0.0
210	__protein2_rbs	14.0	0.0	0.0
210	__protein3_rbs	3.4	0.0	0.0
210	__ribosome	24.0	0.0	0.0
210	__rnase_site_ext	20.2	0.0	0.0
210	p0	0.8	0.0	0.0
210	p1	0.4	0.0	0.0
210	protein1	1098.4	19.4	1.6604387999999999
210	protein2	1117.6	21.2	1.592429
210	protein3	343.2	6.2	1.6030952000000005
210	r2	5.6	0.0	0.0
210	rnapol	0.2	0.0	0.0
211	__protein1_rbs	13.6	0.0	0.0
211	__protein2_rbs	13.6	0.0	0.0
211	__protein3_rbs	3.6	0.0	0.0
211	__ribosome	23.2	0.0	0.0
211	__rnase_site_ext	19.8	0.0	0.0
211	p0	0.6	0.0	0.0
211	p1	0.4	0.0	0.0
211	protein1	1104.8	20.0	1.602742
211	protein2	1125.0	21.4	1.6088736
211	protein3	345.2	5.6	1.8706349999999998
211	r2	5.6	0.0	0.0
211	rnapol	0.0	0.0	0.0
212	__protein1_rbs	13.8	0.0	0.0
212	__protein2_rbs	13.6	0.0	0.0
212	__protein3_rbs	5.4	0.0	0.0
212	__ribosome	23.0	0.0	0.0
212	__rnase_site_ext	19.6	0.0	0.0
212	p0	1.0	0.0	0.0
212	p1	0.8	0.0	0.0
212	protein1	1111.4	20.0	1.6435786
212	protein2	1131.6	20.4	1.7305626
212	protein3	347.0	5.6	1.6150794000000002
212	r2	5.4	0.0	0.0
212	rnapol	0.0	0.0	0.0
213	__protein1_rbs	11.0	0.0	0.0
213	__protein2_rbs	13.4	0.0	0.0
213	__protein3_rbs	4.0	0.0	0.0
213	__ribosome	25.6	0.0	0.0
213	__rnase_site_ext	19.6	0.0	0.0
213	p0	0.8	0.0	0.0
213	p1	0.6	0.0	0.0
213	protein1	1121.2	19.4	1.6038096000000004
213	protein2	1139.4	20.8	1.6780288000000003
213	protein3	349.4	5.6	1.5468252
213	r2	5.4	0.0	0.0
213	rnapol	0.4	0.0	0.0
214	__protein1_rbs	13.2	0.0	0.0
214	__protein2_rbs	13.0	0.0	0.0
214	__protein3_rbs	3.2	0.0	0.0
214	__ribosome	25.4	0.0	0.0
214	__rnase_site_ext	19.8	0.0	0.0
214	p0	0.6	0.0	0.0
214	p1	0.6	0.0	0.0
214	protein1	1127.8	19.4	1.601111
214	protein2	1147.4	21.2	1.6791561999999998
214	protein3	352.0	5.6	1.5126981999999998
214	r2	5.4	0.0	0.0
214	rnapol	0.2	0.0	0.0
215	__protein1_rbs	14.2	0.0	0.0
215	__protein2_rbs	13.0	0.0	0.0
215	__protein3_rbs	3.4	0.0	0.0
215	__ribosome	26.0	0.0	0.0
215	__rnase_site_ext	19.8	0.0	0.0
215	p0	0.8	0.0	0.0
215	p1	0.4	0.0	0.0
215	protein1	1134.0	19.4	1.560814
215	protein2	1154.4	21.2	1.7422724000000005
215	protein3	355.2	5.6	1.2571428
215	r2	5.4	0.0	0.0
215	rnapol	0.0	0.0	0.0
216	__protein1_rbs	12.8	0.0	0.0
216	__protein2_rbs	13.2	0.0	0.0
216	__protein3_rbs	2.6	0.0	0.0
216	__ribosome	23.0	0.0	0.0
216	__rnase_site_ext	19.8	0.0	0.0
216	p0	1.0	0.0	0.0
216	p1	0.6	0.0	0.0
216	protein1	1140.6	19.6	1.5817536
216	protein2	1162.8	21.2	1.7505581999999995
216	protein3	356.0	5.4	1.6333334000000002
216	r2	5.4	0.0	0.0
216	rnapol	0.2	0.0	0.0
217	__protein1_rbs	12.8	0.0	0.0
217	__protein2_rbs	13.6	0.0	0.0
217	__protein3_rbs	3.2	0.0	0.0
217	__ribosome	24.0	0.0	0.0
217	__rnase_site_ext	19.4	0.0	0.0
217	p0	0.8	0.0	0.0
217	p1	0.8	0.0	0.0
217	protein1	1148.2	19.6	1.5394446000000002
217	protein2	1171.0	21.0	1.6934471999999998
217	protein3	357.2	5.4	1.8944446
217	r2	5.4	0.0	0.0
217	rnapol	0.0	0.0	0.0
218	__protein1_rbs	12.8	0.0	0.0
218	__protein2_rbs	13.4	0.0	0.0
218	__protein3_rbs	2.6	0.0	0.0
218	__ribosome	23.6	0.0	0.0
218	__rnase_site_ext	19.4	0.0	0.0
218	p0	0.6	0.0	0.0
218	p1	0.8	0.0	0.0
218	protein1	1156.2	19.0	1.5156551999999999
218	protein2	1178.6	21.4	1.6967631999999997
218	protein3	359.0	5.4	2.0888888000000003
218	r2	5.8	0.0	0.0
218	rnapol	0.0	0.0	0.0
219	__protein1_rbs	12.8	0.0	0.0
219	__protein2_rbs	16.6	0.0	0.0
219	__protein3_rbs	3.6	0.0	0.0
219	__ribosome	25.6	0.0	0.0
219	__rnase_site_ext	19.6	0.0	0.0
219	p0	1.0	0.0	0.0
219	p1	0.4	0.0	0.0
219	protein1	1161.6	19.2	1.6029416
219	protein2	1187.2	21.6	1.5373568000000002
219	protein3	361.8	5.6	1.8301585999999999
219	r2	6.0	0.0	0.0
219	rnapol	0.2	0.0	0.0
220	__protein1_rbs	14.8	0.0	0.0
220	__protein2_rbs	13.6	0.0	0.0
220	__protein3_rbs	2.8	0.0	0.0
220	__ribosome	25.0	0.0	0.0
220	__rnase_site_ext	19.8	0.0	0.0
220	p0	1.0	0.0	0.0
220	p1	0.6	0.0	0.0
220	protein1	1168.6	19.4	1.5168793999999999
220	protein2	1195.0	21.6	1.5643708000000005
220	protein3	363.4	5.6	1.9595238000000001
220	r2	6.0	0.0	0.0
220	rnapol	0.0	0.0	0.0
221	__protein1_rbs	11.4	0.0	0.0
221	__protein2_rbs	14.4	0.0	0.0
221	__protein3_rbs	4.0	0.0	0.0
221	__ribosome	22.6	0.0	0.0
221	__rnase_site_ext	20.0	0.0	0.0
221	p0	0.8	0.0	0.0
221	p1	0.8	0.0	0.0
221	protein1	1174.4	19.6	1.6220679999999998
221	protein2	1203.8	21.4	1.6151028
221	protein3	366.0	5.8	1.8585714
221	r2	6.0	0.0	0.0
221	rnapol	0.0	0.0	0.0
222	__protein1_rbs	12.6	0.0	0.0
222	__protein2_rbs	14.8	0.0	0.0
222	__protein3_rbs	2.8	0.0	0.0
222	__ribosome	22.4	0.0	0.0
222	__rnase_site_ext	20.0	0.0	0.0
222	p0	1.0	0.0	0.0
222	p1	0.8	0.0	0.0
222	protein1	1181.2	19.6	1.6375318
222	protein2	1210.6	21.8	1.6180206
222	protein3	369.6	6.0	1.727143
222	r2	6.0	0.0	0.0
222	rnapol	0.0	0.0	0.0
223	__protein1_rbs	12.6	0.0	0.0
223	__protein2_rbs	14.0	0.0	0.0
223	__protein3_rbs	4.8	0.0	0.0
223	__ribosome	23.4	0.0	0.0
223	__rnase_site_ext	19.6	0.0	0.0
223	p0	0.4	0.0	0.0
223	p1	0.4	0.0	0.0
223	protein1	1189.2	19.8	1.6041992
223	protein2	1218.8	21.4	1.6466817999999999
223	protein3	372.0	6.2	1.5324674000000005
223	r2	5.8	0.0	0.0
223	rnapol	0.0	0.0	0.0
224	__protein1_rbs	12.8	0.0	0.0
224	__protein2_rbs	15.0	0.0	0.0
224	__protein3_rbs	4.2	0.0	0.0
224	__ribosome	21.2	0.0	0.0
224	__rnase_site_ext	19.8	0.0	0.0
224	p0	0.8	0.0	0.0
224	p1	0.6	0.0	0.0
224	protein1	1194.8	19.6	1.7195454
224	protein2	1225.8	21.4	1.6480191999999998
224	protein3	374.4	6.2	1.6285713999999998
224	r2	5.6	0.0	0.0
224	rnapol	0.2	0.0	0.0
225	__protein1_rbs	12.4	0.0	0.0
225	__protein2_rbs	14.2	0.0	0.0
225	__protein3_rbs	4.6	0.0	0.0
225	__ribosome	22.2	0.0	0.0
225	__rnase_site_ext	19.4	0.0	0.0
225	p0	1.0	0.0	0.0
225	p1	0.8	0.0	0.0
225	protein1	1201.6	19.2	1.7857628
225	protein2	1235.0	21.4	1.5689372
225	protein3	376.4	6.0	1.6072727999999998
225	r2	5.6	0.0	0.0
225	rnapol	0.4	0.0	0.0
226	__protein1_rbs	14.8	0.0	0.0
226	__protein2_rbs	13.2	0.0	0.0
226	__protein3_rbs	4.0	0.0	0.0
226	__ribosome	24.8	0.0	0.0
226	__rnase_site_ext	19.6	0.0	0.0
226	p0	0.8	0.0	0.0
226	p1	0.8	0.0	0.0
226	protein1	1209.4	19.2	1.6136931999999995
226	protein2	1242.6	21.6	1.6077296
226	protein3	379.6	6.2	1.450909
226	r2	5.4	0.0	0.0
226	rnapol	0.2	0.0	0.0
227	__protein1_rbs	12.6	0.0	0.0
227	__protein2_rbs	14.6	0.0	0.0
227	__protein3_rbs	3.8	0.0	0.0
227	__ribosome	25.6	0.0	0.0
227	__rnase_site_ext	19.8	0.0	0.0
227	p0	0.6	0.0	0.0
227	p1	0.8	0.0	0.0
227	protein1	1217.8	19.2	1.5308274000000002
227	protein2	1250.0	21.6	1.6116133999999998
227	protein3	381.2	5.6	1.7057576
227	r2	5.2	0.0	0.0
227	rnapol	0.2	0.0	0.0
228	__protein1_rbs	12.8	0.0	0.0
228	__protein2_rbs	13.4	0.0	0.0
228	__protein3_rbs	3.8	0.0	0.0
228	__ribosome	23.2	0.0	0.0
228	__rnase_site_ext	20.2	0.0	0.0
228	p0	0.4	0.0	0.0
228	p1	0.6	0.0	0.0
228	protein1	1225.6	19.8	1.461654
228	protein2	1256.2	21.6	1.744062
228	protein3	383.2	5.6	1.7824243999999998
228	r2	5.4	0.0	0.0
228	rnapol	0.2	0.0	0.0
229	__protein1_rbs	13.4	0.0	0.0
229	__protein2_rbs	13.4	0.0	0.0
229	__protein3_rbs	3.6	0.0	0.0
229	__ribosome	25.4	0.0	0.0
229	__rnase_site_ext	20.6	0.0	0.0
229	p0	0.8	0.0	0.0
229	p1	0.4	0.0	0.0
229	protein1	1232.6	20.0	1.4237844
229	protein2	1266.2	21.4	1.6706385999999998
229	protein3	385.4	5.4	1.8154546000000003
229	r2	5.4	0.0	0.0
229	rnapol	0.0	0.0	0.0
230	__protein1_rbs	11.8	0.0	0.0
230	__protein2_rbs	13.6	0.0	0.0
230	__protein3_rbs	4.4	0.0	0.0
230	__ribosome	21.8	0.0	0.0
230	__rnase_site_ext	20.8	0.0	0.0
230	p0	1.0	0.0	0.0
230	p1	0.8	0.0	0.0
230	protein1	1237.8	20.4	1.6345454
230	protein2	1273.8	21.2	1.7200202000000002
230	protein3	388.2	5.2	1.52
230	r2	5.4	0.0	0.0
230	rnapol	0.0	0.0	0.0
231	__protein1_rbs	17.2	0.0	0.0
231	__protein2_rbs	14.0	0.0	0.0
231	__protein3_rbs	2.8	0.0	0.0
231	__ribosome	24.0	0.0	0.0
231	__rnase_site_ext	20.4	0.0	0.0
231	p0	0.6	0.0	0.0
231	p1	0.6	0.0	0.0
231	protein1	1244.8	20.4	1.5254546000000002
231	protein2	1282.4	20.8	1.7026262
231	protein3	390.0	5.4	1.6933334000000002
231	r2	5.4	0.0	0.0
231	rnapol	0.4	0.0	0.0
232	__protein1_rbs	13.6	0.0	0.0
232	__protein2_rbs	13.6	0.0	0.0
232	__protein3_rbs	4.8	0.0	0.0
232	__ribosome	24.8	0.0	0.0
232	__rnase_site_ext	20.6	0.0	0.0
232	p0	0.4	0.0	0.0
232	p1	0.6	0.0	0.0
232	protein1	1252.0	20.2	1.546416
232	protein2	1289.6	21.0	1.7156011999999998
232	protein3	392.4	5.4	1.5033333999999998
232	r2	5.4	0.0	0.0
232	rnapol	0.0	0.0	0.0
233	__protein1_rbs	12.8	0.0	0.0
233	__protein2_rbs	14.2	0.0	0.0
233	__protein3_rbs	4.0	0.0	0.0
233	__ribosome	23.4	0.0	0.0
233	__rnase_site_ext	21.0	0.0	0.0
233	p0	0.8	0.0	0.0
233	p1	0.4	0.0	0.0
233	protein1	1258.2	20.4	1.6371428
233	protein2	1297.8	21.0	1.6789096
233	protein3	394.2	5.4	1.3766666
233	r2	5.2	0.0	0.0
233	rnapol	0.0	0.0	0.0
234	__protein1_rbs	15.2	0.0	0.0
234	__protein2_rbs	12.4	0.0	0.0
234	__protein3_rbs	3.0	0.0	0.0
234	__ribosome	24.8	0.0	0.0
234	__rnase_site_ext	20.4	0.0	0.0
234	p0	1.0	0.0	0.0
234	p1	0.4	0.0	0.0
234	protein1	1267.2	20.8	1.4782681999999998
234	protein2	1306.4	21.0	1.7255624
234	protein3	396.4	5.4	1.5399999999999998
234	r2	5.2	0.0	0.0
234	rnapol	0.0	0.0	0.0
235	__protein1_rbs	13.2	0.0	0.0
235	__protein2_rbs	14.4	0.0	0.0
235	__protein3_rbs	3.8	0.0	0.0
235	__ribosome	22.2	0.0	0.0
235	__rnase_site_ext	20.4	0.0	0.0
235	p0	0.8	0.0	0.0
235	p1	0.8	0.0	0.0
235	protein1	1275.0	20.4	1.6281682
235	protein2	1313.8	21.2	1.7327363999999998
235	protein3	399.0	5.4	1.5666666
235	r2	5.4	0.0	0.0
235	rnapol	0.0	0.0	0.0
236	__protein1_rbs	13.6	0.0	0.0
236	__protein2_rbs	14.6	0.0	0.0
236	__protein3_rbs	3.4	0.0	0.0
236	__ribosome	20.4	0.0	0.0
236	__rnase_site_ext	20.4	0.0	0.0
236	p0	0.8	0.0	0.0
236	p1	0.6	0.0	0.0
236	protein1	1280.8	20.4	1.7120074000000003
236	protein2	1321.6	21.6	1.6888327999999997
236	protein3	400.2	5.2	1.7033334
236	r2	5.4	0.0	0.0
236	rnapol	0.0	0.0	0.0
237	__protein1_rbs	12.4	0.0	0.0
237	__protein2_rbs	16.2	0.0	0.0
237	__protein3_rbs	3.4	0.0	0.0
237	__ribosome	20.4	0.0	0.0
237	__rnase_site_ext	20.2	0.0	0.0
237	p0	0.6	0.0	0.0
237	p1	0.6	0.0	0.0
237	protein1	1288.4	20.0	1.7604761999999998
237	protein2	1329.8	22.2	1.5817144
237	protein3	401.2	5.4	1.81
237	r2	5.4	0.0	0.0
237	rnapol	0.0	0.0	0.0
238	__protein1_rbs	13.8	0.0	0.0
238	__protein2_rbs	15.2	0.0	0.0
238	__protein3_rbs	4.2	0.0	0.0
238	__ribosome	21.6	0.0	0.0
238	__rnase_site_ext	20.4	0.0	0.0
238	p0	1.0	0.0	0.0
238	p1	0.6	0.0	0.0
238	protein1	1295.0	20.4	1.7587300000000003
238	protein2	1338.8	22.4	1.5216531999999998
238	protein3	403.6	5.4	1.5833334
238	r2	5.6	0.0	0.0
238	rnapol	0.0	0.0	0.0
239	__protein1_rbs	13.6	0.0	0.0
239	__protein2_rbs	14.8	0.0	0.0
239	__protein3_rbs	3.2	0.0	0.0
239	__ribosome	23.2	0.0	0.0
239	__rnase_site_ext	19.8	0.0	0.0
239	p0	1.0	0.0	0.0
239	p1	0.8	0.0	0.0
239	protein1	1304.6	20.0	1.6982540000000002
239	protein2	1347.2	22.0	1.5465076
239	protein3	406.0	5.6	1.3828572000000001
239	r2	5.6	0.0	0.0
239	rnapol	0.2	0.0	0.0
240	__protein1_rbs	12.4	0.0	0.0
240	__protein2_rbs	14.6	0.0	0.0
240	__protein3_rbs	4.0	0.0	0.0
240	__ribosome	22.6	0.0	0.0
240	__rnase_site_ext	19.0	0.0	0.0
240	p0	1.0	0.0	0.0
240	p1	0.8	0.0	0.0
240	protein1	1311.2	19.6	1.7926148000000002
240	protein2	1355.8	22.2	1.5298551999999999
240	protein3	408.4	5.6	1.2814286
240	r2	5.6	0.0	0.0
240	rnapol	0.4	0.0	0.0
241	__protein1_rbs	12.0	0.0	0.0
241	__protein2_rbs	15.8	0.0	0.0
241	__protein3_rbs	3.2	0.0	0.0
241	__ribosome	23.6	0.0	0.0
241	__rnase_site_ext	19.2	0.0	0.0
241	p0	0.4	0.0	0.0
241	p1	0.8	0.0	0.0
241	protein1	1320.4	19.0	1.7979846000000002
241	protein2	1363.2	22.4	1.4985838
241	protein3	410.2	5.6	1.44
241	r2	5.8	0.0	0.0
241	rnapol	0.2	0.0	0.0
242	__protein1_rbs	13.6	0.0	0.0
242	__protein2_rbs	15.0	0.0	0.0
242	__protein3_rbs	4.0	0.0	0.0
242	__ribosome	24.2	0.0	0.0
242	__rnase_site_ext	19.8	0.0	0.0
242	p0	0.8	0.0	0.0
242	p1	0.6	0.0	0.0
242	protein1	1328.2	18.8	1.7292104
242	protein2	1370.6	22.2	1.5448616000000002
242	protein3	411.6	5.6	1.5128572
242	r2	6.0	0.0	0.0
242	rnapol	0.0	0.0	0.0
243	__protein1_rbs	13.0	0.0	0.0
243	__protein2_rbs	13.2	0.0	0.0
243	__protein3_rbs	3.8	0.0	0.0
243	__ribosome	22.6	0.0	0.0
243	__rnase_site_ext	19.6	0.0	0.0
243	p0	1.0	0.0	0.0
243	p1	0.8	0.0	0.0
243	protein1	1336.4	19.6	1.6295238
243	protein2	1378.2	22.0	1.6675099999999998
243	protein3	414.0	5.8	1.4158442
243	r2	6.2	0.0	0.0
243	rnapol	0.2	0.0	0.0
244	__protein1_rbs	11.6	0.0	0.0
244	__protein2_rbs	15.0	0.0	0.0
244	__protein3_rbs	5.0	0.0	0.0
244	__ribosome	21.2	0.0	0.0
244	__rnase_site_ext	19.8	0.0	0.0
244	p0	0.6	0.0	0.0
244	p1	1.0	0.0	0.0
244	protein1	1344.0	19.6	1.6851192000000002
244	protein2	1385.0	21.8	1.7296837999999997
244	protein3	416.2	6.2	1.2976192000000002
244	r2	6.2	0.0	0.0
244	rnapol	0.0	0.0	0.0
245	__protein1_rbs	15.0	0.0	0.0
245	__protein2_rbs	14.0	0.0	0.0
245	__protein3_rbs	3.6	0.0	0.0
245	__ribosome	23.8	0.0	0.0
245	__rnase_site_ext	19.8	0.0	0.0
245	p0	0.8	0.0	0.0
245	p1	0.8	0.0	0.0
245	protein1	1352.0	19.6	1.5181513999999998
245	protein2	1393.4	22.2	1.6867590000000001
245	protein3	418.6	6.2	1.3876191999999998
245	r2	6.4	0.0	0.0
245	rnapol	0.0	0.0	0.0
246	__protein1_rbs	13.8	0.0	0.0
246	__protein2_rbs	14.4	0.0	0.0
246	__protein3_rbs	3.6	0.0	0.0
246	__ribosome	24.0	0.0	0.0
246	__rnase_site_ext	19.4	0.0	0.0
246	p0	1.0	0.0	0.0
246	p1	0.4	0.0	0.0
246	protein1	1359.4	19.6	1.5260716
246	protein2	1402.8	21.8	1.6387747999999998
246	protein3	419.8	6.2	1.6842858
246	r2	6.6	0.0	0.0
246	rnapol	0.0	0.0	0.0
247	__protein1_rbs	11.6	0.0	0.0
247	__protein2_rbs	15.0	0.0	0.0
247	__protein3_rbs	4.8	0.0	0.0
247	__ribosome	22.6	0.0	0.0
247	__rnase_site_ext	19.4	0.0	0.0
247	p0	0.6	0.0	0.0
247	p1	0.2	0.0	0.0
247	protein1	1366.2	19.2	1.6339288
247	protein2	1410.8	22.0	1.6299266000000001
247	protein3	422.2	6.6	1.5550000000000002
247	r2	6.6	0.0	0.0
247	rnapol	0.0	0.0	0.0
248	__protein1_rbs	12.6	0.0	0.0
248	__protein2_rbs	15.2	0.0	0.0
248	__protein3_rbs	5.2	0.0	0.0
248	__ribosome	23.8	0.0	0.0
248	__rnase_site_ext	19.6	0.0	0.0
248	p0	0.8	0.0	0.0
248	p1	1.0	0.0	0.0
248	protein1	1373.4	19.2	1.624643
248	protein2	1419.0	22.0	1.5943538000000002
248	protein3	424.0	6.6	1.7
248	r2	6.6	0.0	0.0
248	rnapol	0.4	0.0	0.0
249	__protein1_rbs	12.2	0.0	0.0
249	__protein2_rbs	14.0	0.0	0.0
249	__protein3_rbs	4.4	0.0	0.0
249	__ribosome	23.8	0.0	0.0
249	__rnase_site_ext	19.8	0.0	0.0
249	p0	0.8	0.0	0.0
249	p1	0.6	0.0	0.0
249	protein1	1380.4	19.4	1.6767858
249	protein2	1428.2	22.0	1.5368530000000002
249	protein3	426.4	6.6	1.5833331999999998
249	r2	6.6	0.0	0.0
249	rnapol	0.8	0.0	0.0
250	__protein1_rbs	10.0	0.0	0.0
250	__protein2_rbs	13.6	0.0	0.0
250	__protein3_rbs	3.6	0.0	0.0
250	__ribosome	18.2	0.0	0.0
250	__rnase_site_ext	16.2	0.0	0.0
250	p0	0.4	0.0	0.0
250	p1	0.4	0.0	0.0
250	protein1	1109.6	15.4	1.3087768
250	protein2	1147.2	18.0	1.2542398000000001
250	protein3	341.4	5.4	1.3583332000000001
250	r2	5.4	0.0	0.0
250	rnapol	0.2	0.0	0.0
