time	species	protein	transcript	ribo_density
0	__protein1_rbs	0.0	0.0	0.0
0	__protein2_rbs	0.0	0.0	0.0
0	__protein3_rbs	0.0	0.0	0.0
0	__ribosome	100.0	0.0	0.0
0	__rnase_site_ext	0.0	0.0	0.0
0	p0	1.0	0.0	0.0
0	rnapol	4.0	0.0	0.0
1	__protein1_rbs	1.3333333333333333	0.0	0.0
1	__protein2_rbs	0.0	0.0	0.0
1	__protein3_rbs	0.0	0.0	0.0
1	__ribosome	99.66666666666669	0.0	0.0
1	__rnase_site_ext	1.3333333333333333	0.0	0.0
1	p0	0.3333333333333333	0.0	0.0
1	protein1	0.0	1.6666666666666667	0.16666666666666666
1	rnapol	1.6666666666666667	0.0	0.0
2	__protein1_rbs	2.0	0.0	0.0
2	__protein2_rbs	0.0	0.0	0.0
2	__protein3_rbs	0.0	0.0	0.0
2	__ribosome	96.66666666666669	0.0	0.0
2	__rnase_site_ext	2.0	0.0	0.0
2	p0	1.0	0.0	0.0
2	protein1	0.0	3.6666666666666665	0.9444443333333332
2	rnapol	0.3333333333333333	0.0	0.0
3	__protein1_rbs	2.0	0.0	0.0
3	__protein2_rbs	0.0	0.0	0.0
3	__protein3_rbs	0.0	0.0	0.0
3	__ribosome	93.66666666666669	0.0	0.0
3	__rnase_site_ext	2.333333333333333	0.0	0.0
3	p0	1.0	0.0	0.0
3	protein1	0.0	4.0	1.5833333333333333
3	rnapol	0.0	0.0	0.0
4	__protein1_rbs	2.333333333333333	0.0	0.0
4	__protein2_rbs	0.6666666666666666	0.0	0.0
4	__protein3_rbs	0.0	0.0	0.0
4	__ribosome	90.66666666666669	0.0	0.0
4	__rnase_site_ext	2.333333333333333	0.0	0.0
4	p0	1.0	0.0	0.0
4	protein1	0.0	4.0	2.333333333333333
4	protein2	0.0	0.6666666666666666	0.0
4	rnapol	0.0	0.0	0.0
5	__protein1_rbs	2.6666666666666665	0.0	0.0
5	__protein2_rbs	1.3333333333333333	0.0	0.0
5	__protein3_rbs	0.0	0.0	0.0
5	__ribosome	87.33333333333331	0.0	0.0
5	__rnase_site_ext	2.6666666666666665	0.0	0.0
5	p0	1.0	0.0	0.0
5	protein1	1.6666666666666667	4.0	2.75
5	protein2	0.0	2.0	0.8333333333333334
5	rnapol	0.0	0.0	0.0
6	__protein1_rbs	3.0	0.0	0.0
6	__protein2_rbs	2.333333333333333	0.0	0.0
6	__protein3_rbs	0.0	0.0	0.0
6	__ribosome	84.33333333333333	0.0	0.0
6	__rnase_site_ext	3.0	0.0	0.0
6	p0	1.0	0.0	0.0
6	protein1	4.666666666666667	4.0	2.75
6	protein2	0.0	4.0	1.1666666666666667
6	rnapol	0.0	0.0	0.0
7	__protein1_rbs	2.333333333333333	0.0	0.0
7	__protein2_rbs	3.0	0.0	0.0
7	__protein3_rbs	0.0	0.0	0.0
7	__ribosome	81.0	0.0	0.0
7	__rnase_site_ext	2.6666666666666665	0.0	0.0
7	p0	1.0	0.0	0.0
7	protein1	8.666666666666666	4.666666666666667	2.466666666666667
7	protein2	0.0	4.0	1.9166666666666667
7	rnapol	0.0	0.0	0.0
8	__protein1_rbs	2.6666666666666665	0.0	0.0
8	__protein2_rbs	2.0	0.0	0.0
8	__protein3_rbs	0.0	0.0	0.0
8	__ribosome	76.0	0.0	0.0
8	__rnase_site_ext	4.0	0.0	0.0
8	p0	1.0	0.0	0.0
8	protein1	11.333333333333336	4.666666666666667	2.6333333333333333
8	protein2	0.0	4.0	2.9166666666666665
8	rnapol	0.3333333333333333	0.0	0.0
9	__protein1_rbs	3.6666666666666665	0.0	0.0
9	__protein2_rbs	2.333333333333333	0.0	0.0
9	__protein3_rbs	0.0	0.0	0.0
9	__ribosome	73.66666666666667	0.0	0.0
9	__rnase_site_ext	5.0	0.0	0.0
9	p0	0.6666666666666666	0.0	0.0
9	protein1	15.333333333333336	5.333333333333333	2.266666666666667
9	protein2	1.0	4.0	3.583333333333333
9	rnapol	0.6666666666666666	0.0	0.0
10	__protein1_rbs	5.0	0.0	0.0
10	__protein2_rbs	3.0	0.0	0.0
10	__protein3_rbs	0.0	0.0	0.0
10	__ribosome	71.33333333333333	0.0	0.0
10	__rnase_site_ext	5.666666666666668	0.0	0.0
10	p0	1.0	0.0	0.0
10	protein1	18.666666666666668	7.333333333333332	1.9702380000000002
10	protein2	3.6666666666666665	4.333333333333333	3.3666666666666667
10	rnapol	0.3333333333333333	0.0	0.0
11	__protein1_rbs	2.6666666666666665	0.0	0.0
11	__protein2_rbs	3.0	0.0	0.0
11	__protein3_rbs	0.3333333333333333	0.0	0.0
11	__ribosome	66.33333333333333	0.0	0.0
11	__rnase_site_ext	3.333333333333333	0.0	0.0
11	p0	1.0	0.0	0.0
11	protein1	23.0	7.666666666666668	2.4107143333333334
11	protein2	7.0	4.666666666666667	3.3166666666666664
11	protein3	0.0	0.3333333333333333	0.0
11	rnapol	0.0	0.0	0.0
12	__protein1_rbs	4.666666666666667	0.0	0.0
12	__protein2_rbs	3.0	0.0	0.0
12	__protein3_rbs	0.3333333333333333	0.0	0.0
12	__ribosome	63.0	0.0	0.0
12	__rnase_site_ext	6.0	0.0	0.0
12	p0	1.0	0.0	0.0
12	protein1	26.0	7.333333333333332	2.9226190000000005
12	protein2	10.0	5.0	3.161111
12	protein3	0.0	0.3333333333333333	0.0
12	rnapol	0.0	0.0	0.0
13	__protein1_rbs	4.0	0.0	0.0
13	__protein2_rbs	3.6666666666666665	0.0	0.0
13	__protein3_rbs	0.3333333333333333	0.0	0.0
13	__ribosome	61.0	0.0	0.0
13	__rnase_site_ext	4.666666666666667	0.0	0.0
13	p0	1.0	0.0	0.0
13	protein1	31.66666666666667	7.333333333333332	2.922619
13	protein2	13.666666666666664	7.0	2.4761903333333333
13	protein3	0.0	0.3333333333333333	0.3333333333333333
13	rnapol	0.3333333333333333	0.0	0.0
14	__protein1_rbs	5.666666666666668	0.0	0.0
14	__protein2_rbs	4.0	0.0	0.0
14	__protein3_rbs	0.3333333333333333	0.0	0.0
14	__ribosome	60.66666666666666	0.0	0.0
14	__rnase_site_ext	7.0	0.0	0.0
14	p0	0.6666666666666666	0.0	0.0
14	protein1	37.66666666666666	8.0	2.4920633333333333
14	protein2	17.666666666666668	7.666666666666668	2.470238
14	protein3	0.0	0.3333333333333333	0.6666666666666666
14	rnapol	0.0	0.0	0.0
15	__protein1_rbs	4.0	0.0	0.0
15	__protein2_rbs	5.0	0.0	0.0
15	__protein3_rbs	0.3333333333333333	0.0	0.0
15	__ribosome	61.0	0.0	0.0
15	__rnase_site_ext	4.666666666666667	0.0	0.0
15	p0	1.0	0.0	0.0
15	protein1	45.0	8.333333333333334	2.384259333333333
15	protein2	22.66666666666667	7.666666666666668	2.3869046666666667
15	protein3	0.0	0.3333333333333333	1.0
15	rnapol	0.0	0.0	0.0
16	__protein1_rbs	4.666666666666667	0.0	0.0
16	__protein2_rbs	5.0	0.0	0.0
16	__protein3_rbs	0.6666666666666666	0.0	0.0
16	__ribosome	60.33333333333334	0.0	0.0
16	__rnase_site_ext	6.0	0.0	0.0
16	p0	1.0	0.0	0.0
16	protein1	52.0	7.666666666666668	2.380952666666667
16	protein2	24.33333333333333	7.666666666666668	2.7023810000000004
16	protein3	0.0	0.6666666666666666	0.5
16	rnapol	0.3333333333333333	0.0	0.0
17	__protein1_rbs	4.666666666666667	0.0	0.0
17	__protein2_rbs	6.0	0.0	0.0
17	__protein3_rbs	0.3333333333333333	0.0	0.0
17	__ribosome	58.33333333333334	0.0	0.0
17	__rnase_site_ext	6.333333333333332	0.0	0.0
17	p0	1.0	0.0	0.0
17	protein1	56.66666666666666	8.333333333333334	2.3121693333333333
17	protein2	28.66666666666667	8.0	2.6362433333333333
17	protein3	0.3333333333333333	1.0	0.5555556666666667
17	rnapol	0.0	0.0	0.0
18	__protein1_rbs	4.333333333333333	0.0	0.0
18	__protein2_rbs	6.333333333333332	0.0	0.0
18	__protein3_rbs	1.3333333333333333	0.0	0.0
18	__ribosome	58.66666666666666	0.0	0.0
18	__rnase_site_ext	5.666666666666668	0.0	0.0
18	p0	0.6666666666666666	0.0	0.0
18	protein1	63.33333333333334	8.333333333333334	2.301587333333333
18	protein2	35.333333333333336	8.333333333333334	2.407407333333333
18	protein3	0.6666666666666666	1.6666666666666667	0.8333333333333334
18	rnapol	0.0	0.0	0.0
19	__protein1_rbs	6.333333333333332	0.0	0.0
19	__protein2_rbs	5.666666666666668	0.0	0.0
19	__protein3_rbs	1.3333333333333333	0.0	0.0
19	__ribosome	55.66666666666666	0.0	0.0
19	__rnase_site_ext	6.666666666666668	0.0	0.0
19	p0	1.0	0.0	0.0
19	protein1	67.66666666666667	8.666666666666666	2.19418
19	protein2	39.66666666666666	9.0	2.4740740000000003
19	protein3	1.0	1.6666666666666667	1.3333333333333333
19	rnapol	0.0	0.0	0.0
20	__protein1_rbs	6.666666666666668	0.0	0.0
20	__protein2_rbs	5.666666666666668	0.0	0.0
20	__protein3_rbs	1.0	0.0	0.0
20	__ribosome	52.0	0.0	0.0
20	__rnase_site_ext	7.666666666666668	0.0	0.0
20	p0	0.6666666666666666	0.0	0.0
20	protein1	73.33333333333333	8.666666666666666	2.1656083333333336
20	protein2	44.0	9.333333333333334	2.6833333333333336
20	protein3	1.0	1.6666666666666667	1.8333333333333333
20	rnapol	1.0	0.0	0.0
21	__protein1_rbs	6.666666666666668	0.0	0.0
21	__protein2_rbs	6.666666666666668	0.0	0.0
21	__protein3_rbs	1.3333333333333333	0.0	0.0
21	__ribosome	50.66666666666666	0.0	0.0
21	__rnase_site_ext	8.333333333333334	0.0	0.0
21	p0	0.3333333333333333	0.0	0.0
21	protein1	80.33333333333333	10.0	1.995623
21	protein2	49.33333333333334	9.666666666666666	2.5621213333333333
21	protein3	1.3333333333333333	1.6666666666666667	2.1666666666666665
21	rnapol	0.3333333333333333	0.0	0.0
22	__protein1_rbs	8.333333333333334	0.0	0.0
22	__protein2_rbs	3.0	0.0	0.0
22	__protein3_rbs	1.6666666666666667	0.0	0.0
22	__ribosome	46.33333333333334	0.0	0.0
22	__rnase_site_ext	9.666666666666666	0.0	0.0
22	p0	1.0	0.0	0.0
22	protein1	84.66666666666667	10.666666666666666	2.193939333333333
22	protein2	54.66666666666666	9.0	2.961904666666667
22	protein3	2.6666666666666665	1.6666666666666667	1.75
22	rnapol	0.3333333333333333	0.0	0.0
23	__protein1_rbs	7.333333333333332	0.0	0.0
23	__protein2_rbs	5.333333333333333	0.0	0.0
23	__protein3_rbs	2.333333333333333	0.0	0.0
23	__ribosome	46.0	0.0	0.0
23	__rnase_site_ext	8.666666666666666	0.0	0.0
23	p0	1.0	0.0	0.0
23	protein1	91.66666666666669	10.666666666666666	2.330303
23	protein2	60.66666666666666	8.666666666666666	3.0687830000000003
23	protein3	4.333333333333333	2.333333333333333	0.8333333333333334
23	rnapol	0.0	0.0	0.0
24	__protein1_rbs	8.0	0.0	0.0
24	__protein2_rbs	5.666666666666668	0.0	0.0
24	__protein3_rbs	2.333333333333333	0.0	0.0
24	__ribosome	44.66666666666666	0.0	0.0
24	__rnase_site_ext	9.0	0.0	0.0
24	p0	0.6666666666666666	0.0	0.0
24	protein1	97.33333333333331	10.666666666666666	2.3242426666666667
24	protein2	66.0	9.333333333333334	2.941558333333333
24	protein3	4.666666666666667	2.333333333333333	1.0
24	rnapol	0.0	0.0	0.0
25	__protein1_rbs	8.0	0.0	0.0
25	__protein2_rbs	6.666666666666668	0.0	0.0
25	__protein3_rbs	1.0	0.0	0.0
25	__ribosome	45.0	0.0	0.0
25	__rnase_site_ext	8.666666666666666	0.0	0.0
25	p0	1.0	0.0	0.0
25	protein1	104.33333333333331	10.666666666666666	2.2333333333333334
25	protein2	71.33333333333333	10.333333333333334	2.707070666666666
25	protein3	6.0	2.333333333333333	1.3333333333333333
25	rnapol	0.3333333333333333	0.0	0.0
26	__protein1_rbs	6.0	0.0	0.0
26	__protein2_rbs	7.666666666666668	0.0	0.0
26	__protein3_rbs	1.0	0.0	0.0
26	__ribosome	44.66666666666666	0.0	0.0
26	__rnase_site_ext	7.333333333333332	0.0	0.0
26	p0	0.6666666666666666	0.0	0.0
26	protein1	112.66666666666669	11.0	2.207692333333333
26	protein2	78.33333333333333	11.0	2.4848483333333333
26	protein3	6.666666666666668	2.333333333333333	1.8333333333333333
26	rnapol	0.3333333333333333	0.0	0.0
27	__protein1_rbs	8.666666666666666	0.0	0.0
27	__protein2_rbs	7.666666666666668	0.0	0.0
27	__protein3_rbs	1.6666666666666667	0.0	0.0
27	__ribosome	46.0	0.0	0.0
27	__rnase_site_ext	9.333333333333334	0.0	0.0
27	p0	1.0	0.0	0.0
27	protein1	120.33333333333331	11.666666666666664	1.968831
27	protein2	86.0	11.666666666666664	2.25
27	protein3	6.666666666666668	2.333333333333333	2.25
27	rnapol	0.3333333333333333	0.0	0.0
28	__protein1_rbs	8.0	0.0	0.0
28	__protein2_rbs	8.666666666666666	0.0	0.0
28	__protein3_rbs	1.0	0.0	0.0
28	__ribosome	39.66666666666666	0.0	0.0
28	__rnase_site_ext	9.333333333333334	0.0	0.0
28	p0	1.0	0.0	0.0
28	protein1	126.33333333333331	12.333333333333336	2.0595236666666668
28	protein2	91.66666666666669	11.666666666666664	2.4469696666666665
28	protein3	7.666666666666668	2.6666666666666665	2.333333333333333
28	rnapol	0.3333333333333333	0.0	0.0
29	__protein1_rbs	9.333333333333334	0.0	0.0
29	__protein2_rbs	8.0	0.0	0.0
29	__protein3_rbs	0.3333333333333333	0.0	0.0
29	__ribosome	36.0	0.0	0.0
29	__rnase_site_ext	11.0	0.0	0.0
29	p0	1.0	0.0	0.0
29	protein1	132.33333333333334	13.0	1.8986566666666669
29	protein2	97.0	11.333333333333336	2.732401
29	protein3	8.0	2.6666666666666665	3.25
29	rnapol	0.0	0.0	0.0
30	__protein1_rbs	10.333333333333334	0.0	0.0
30	__protein2_rbs	9.666666666666666	0.0	0.0
30	__protein3_rbs	2.0	0.0	0.0
30	__ribosome	38.333333333333336	0.0	0.0
30	__rnase_site_ext	11.333333333333336	0.0	0.0
30	p0	1.0	0.0	0.0
30	protein1	141.0	13.666666666666664	1.7931623333333333
30	protein2	104.0	11.666666666666664	2.5406926666666667
30	protein3	9.666666666666666	2.6666666666666665	3.0
30	rnapol	0.0	0.0	0.0
31	__protein1_rbs	9.0	0.0	0.0
31	__protein2_rbs	7.0	0.0	0.0
31	__protein3_rbs	1.6666666666666667	0.0	0.0
31	__ribosome	36.66666666666666	0.0	0.0
31	__rnase_site_ext	10.333333333333334	0.0	0.0
31	p0	1.0	0.0	0.0
31	protein1	146.66666666666666	13.666666666666664	1.863248
31	protein2	111.66666666666669	12.333333333333336	2.4516596666666666
31	protein3	11.0	3.0	2.611111
31	rnapol	0.3333333333333333	0.0	0.0
32	__protein1_rbs	10.666666666666666	0.0	0.0
32	__protein2_rbs	8.666666666666666	0.0	0.0
32	__protein3_rbs	2.6666666666666665	0.0	0.0
32	__ribosome	38.333333333333336	0.0	0.0
32	__rnase_site_ext	11.333333333333336	0.0	0.0
32	p0	1.0	0.0	0.0
32	protein1	154.66666666666666	14.333333333333336	1.7858219999999998
32	protein2	118.66666666666669	13.0	2.2380953333333333
32	protein3	12.333333333333336	3.0	2.333333333333333
32	rnapol	0.0	0.0	0.0
33	__protein1_rbs	12.0	0.0	0.0
33	__protein2_rbs	9.333333333333334	0.0	0.0
33	__protein3_rbs	2.0	0.0	0.0
33	__ribosome	39.0	0.0	0.0
33	__rnase_site_ext	13.666666666666664	0.0	0.0
33	p0	1.0	0.0	0.0
33	protein1	163.33333333333334	14.333333333333336	1.7088986666666666
33	protein2	126.0	14.0	2.1724053333333333
33	protein3	15.333333333333336	3.0	1.888889
33	rnapol	0.0	0.0	0.0
34	__protein1_rbs	11.0	0.0	0.0
34	__protein2_rbs	10.666666666666666	0.0	0.0
34	__protein3_rbs	2.6666666666666665	0.0	0.0
34	__ribosome	37.333333333333336	0.0	0.0
34	__rnase_site_ext	13.0	0.0	0.0
34	p0	1.0	0.0	0.0
34	protein1	169.0	15.333333333333336	1.780298666666667
34	protein2	132.33333333333334	13.666666666666664	2.157264666666667
34	protein3	17.0	3.333333333333333	1.75
34	rnapol	0.0	0.0	0.0
35	__protein1_rbs	11.0	0.0	0.0
35	__protein2_rbs	9.666666666666666	0.0	0.0
35	__protein3_rbs	2.6666666666666665	0.0	0.0
35	__ribosome	34.333333333333336	0.0	0.0
35	__rnase_site_ext	12.333333333333336	0.0	0.0
35	p0	1.0	0.0	0.0
35	protein1	177.33333333333337	16.0	1.7194443333333334
35	protein2	138.33333333333334	13.666666666666664	2.307692333333333
35	protein3	18.33333333333333	3.333333333333333	2.0277776666666667
35	rnapol	0.0	0.0	0.0
36	__protein1_rbs	10.0	0.0	0.0
36	__protein2_rbs	10.0	0.0	0.0
36	__protein3_rbs	2.333333333333333	0.0	0.0
36	__ribosome	33.666666666666664	0.0	0.0
36	__rnase_site_ext	11.333333333333336	0.0	0.0
36	p0	0.6666666666666666	0.0	0.0
36	protein1	186.0	15.666666666666664	1.8235293333333331
36	protein2	145.66666666666666	14.333333333333336	2.1975866666666666
36	protein3	19.666666666666668	3.333333333333333	2.1944446666666666
36	rnapol	0.3333333333333333	0.0	0.0
37	__protein1_rbs	12.666666666666664	0.0	0.0
37	__protein2_rbs	11.0	0.0	0.0
37	__protein3_rbs	2.6666666666666665	0.0	0.0
37	__ribosome	32.333333333333336	0.0	0.0
37	__rnase_site_ext	13.666666666666664	0.0	0.0
37	p0	0.6666666666666666	0.0	0.0
37	protein1	193.0	16.666666666666668	1.7022056666666667
37	protein2	152.33333333333334	15.333333333333336	2.0295053333333333
37	protein3	20.666666666666668	3.333333333333333	2.583333333333333
37	rnapol	0.0	0.0	0.0
38	__protein1_rbs	13.333333333333336	0.0	0.0
38	__protein2_rbs	12.0	0.0	0.0
38	__protein3_rbs	3.0	0.0	0.0
38	__ribosome	35.333333333333336	0.0	0.0
38	__rnase_site_ext	14.333333333333336	0.0	0.0
38	p0	1.0	0.0	0.0
38	protein1	201.0	16.666666666666668	1.638889
38	protein2	160.33333333333334	15.666666666666664	1.8531163333333331
38	protein3	22.66666666666667	3.333333333333333	2.583333333333333
38	rnapol	0.3333333333333333	0.0	0.0
39	__protein1_rbs	12.666666666666664	0.0	0.0
39	__protein2_rbs	13.333333333333336	0.0	0.0
39	__protein3_rbs	2.6666666666666665	0.0	0.0
39	__ribosome	33.333333333333336	0.0	0.0
39	__rnase_site_ext	14.333333333333336	0.0	0.0
39	p0	1.0	0.0	0.0
39	protein1	210.0	17.0	1.564693
39	protein2	168.0	16.333333333333332	1.854902
39	protein3	23.33333333333333	3.0	3.2222223333333333
39	rnapol	0.0	0.0	0.0
40	__protein1_rbs	13.666666666666664	0.0	0.0
40	__protein2_rbs	14.0	0.0	0.0
40	__protein3_rbs	2.6666666666666665	0.0	0.0
40	__ribosome	33.666666666666664	0.0	0.0
40	__rnase_site_ext	15.0	0.0	0.0
40	p0	1.0	0.0	0.0
40	protein1	218.33333333333331	17.0	1.625
40	protein2	175.0	17.333333333333332	1.7178650000000002
40	protein3	25.33333333333333	3.333333333333333	2.6388890000000003
40	rnapol	0.6666666666666666	0.0	0.0
41	__protein1_rbs	13.666666666666664	0.0	0.0
41	__protein2_rbs	13.666666666666664	0.0	0.0
41	__protein3_rbs	2.0	0.0	0.0
41	__ribosome	33.0	0.0	0.0
41	__rnase_site_ext	14.333333333333336	0.0	0.0
41	p0	1.0	0.0	0.0
41	protein1	225.66666666666663	17.333333333333332	1.5869453333333332
41	protein2	180.66666666666663	17.666666666666668	1.7853456666666665
41	protein3	28.33333333333333	3.333333333333333	2.361111
41	rnapol	0.3333333333333333	0.0	0.0
42	__protein1_rbs	13.0	0.0	0.0
42	__protein2_rbs	13.0	0.0	0.0
42	__protein3_rbs	2.6666666666666665	0.0	0.0
42	__ribosome	31.66666666666667	0.0	0.0
42	__rnase_site_ext	14.666666666666664	0.0	0.0
42	p0	1.0	0.0	0.0
42	protein1	234.0	17.333333333333332	1.6511223333333334
42	protein2	189.33333333333331	17.666666666666668	1.8492646666666663
42	protein3	30.66666666666667	3.333333333333333	2.1666666666666665
42	rnapol	0.3333333333333333	0.0	0.0
43	__protein1_rbs	12.666666666666664	0.0	0.0
43	__protein2_rbs	12.666666666666664	0.0	0.0
43	__protein3_rbs	2.6666666666666665	0.0	0.0
43	__ribosome	28.33333333333333	0.0	0.0
43	__rnase_site_ext	14.666666666666664	0.0	0.0
43	p0	0.3333333333333333	0.0	0.0
43	protein1	243.33333333333331	17.666666666666668	1.6630116666666666
43	protein2	196.0	17.666666666666668	1.9830653333333332
43	protein3	32.333333333333336	3.333333333333333	2.1666666666666665
43	rnapol	1.0	0.0	0.0
44	__protein1_rbs	14.333333333333336	0.0	0.0
44	__protein2_rbs	14.0	0.0	0.0
44	__protein3_rbs	2.0	0.0	0.0
44	__ribosome	26.66666666666667	0.0	0.0
44	__rnase_site_ext	15.333333333333336	0.0	0.0
44	p0	0.6666666666666666	0.0	0.0
44	protein1	251.0	19.0	1.659804
44	protein2	203.0	17.333333333333332	1.949755
44	protein3	33.666666666666664	3.333333333333333	2.305555666666667
44	rnapol	0.3333333333333333	0.0	0.0
45	__protein1_rbs	15.333333333333336	0.0	0.0
45	__protein2_rbs	14.333333333333336	0.0	0.0
45	__protein3_rbs	2.6666666666666665	0.0	0.0
45	__ribosome	27.0	0.0	0.0
45	__rnase_site_ext	15.666666666666664	0.0	0.0
45	p0	1.0	0.0	0.0
45	protein1	260.3333333333333	19.33333333333333	1.635994333333333
45	protein2	211.66666666666663	18.0	1.864809
45	protein3	34.666666666666664	3.333333333333333	2.333333333333333
45	rnapol	0.6666666666666666	0.0	0.0
46	__protein1_rbs	15.333333333333336	0.0	0.0
46	__protein2_rbs	15.0	0.0	0.0
46	__protein3_rbs	2.6666666666666665	0.0	0.0
46	__ribosome	30.0	0.0	0.0
46	__rnase_site_ext	16.0	0.0	0.0
46	p0	1.0	0.0	0.0
46	protein1	269.0	19.666666666666668	1.5658646666666665
46	protein2	220.33333333333331	18.33333333333333	1.7787523333333333
46	protein3	37.333333333333336	3.333333333333333	2.0555553333333334
46	rnapol	0.3333333333333333	0.0	0.0
47	__protein1_rbs	15.0	0.0	0.0
47	__protein2_rbs	14.333333333333336	0.0	0.0
47	__protein3_rbs	3.0	0.0	0.0
47	__ribosome	30.0	0.0	0.0
47	__rnase_site_ext	16.666666666666668	0.0	0.0
47	p0	1.0	0.0	0.0
47	protein1	279.3333333333333	20.0	1.5018753333333332
47	protein2	228.66666666666663	19.0	1.754386
47	protein3	38.333333333333336	3.6666666666666665	1.888889
47	rnapol	0.3333333333333333	0.0	0.0
48	__protein1_rbs	15.666666666666664	0.0	0.0
48	__protein2_rbs	14.333333333333336	0.0	0.0
48	__protein3_rbs	3.333333333333333	0.0	0.0
48	__ribosome	28.66666666666667	0.0	0.0
48	__rnase_site_ext	16.333333333333332	0.0	0.0
48	p0	1.0	0.0	0.0
48	protein1	289.0	20.33333333333333	1.452979
48	protein2	235.66666666666663	19.33333333333333	1.8629630000000001
48	protein3	40.333333333333336	3.6666666666666665	1.638889
48	rnapol	0.0	0.0	0.0
49	__protein1_rbs	15.0	0.0	0.0
49	__protein2_rbs	16.666666666666668	0.0	0.0
49	__protein3_rbs	2.6666666666666665	0.0	0.0
49	__ribosome	25.66666666666667	0.0	0.0
49	__rnase_site_ext	17.666666666666668	0.0	0.0
49	p0	1.0	0.0	0.0
49	protein1	295.6666666666667	20.33333333333333	1.5993266666666666
49	protein2	243.66666666666663	19.666666666666668	1.7487520000000003
49	protein3	41.66666666666666	3.6666666666666665	2.055555666666667
49	rnapol	0.3333333333333333	0.0	0.0
50	__protein1_rbs	16.666666666666668	0.0	0.0
50	__protein2_rbs	16.666666666666668	0.0	0.0
50	__protein3_rbs	2.0	0.0	0.0
50	__ribosome	30.0	0.0	0.0
50	__rnase_site_ext	17.666666666666668	0.0	0.0
50	p0	0.3333333333333333	0.0	0.0
50	protein1	306.0	21.0	1.3803826666666668
50	protein2	251.33333333333331	19.666666666666668	1.7151516666666666
50	protein3	43.33333333333334	3.6666666666666665	2.083333333333333
50	rnapol	0.3333333333333333	0.0	0.0
51	__protein1_rbs	15.666666666666664	0.0	0.0
51	__protein2_rbs	16.0	0.0	0.0
51	__protein3_rbs	2.6666666666666665	0.0	0.0
51	__ribosome	27.33333333333333	0.0	0.0
51	__rnase_site_ext	17.666666666666668	0.0	0.0
51	p0	0.6666666666666666	0.0	0.0
51	protein1	314.3333333333333	21.66666666666667	1.4310936666666667
51	protein2	259.3333333333333	20.33333333333333	1.650483333333333
51	protein3	44.33333333333334	3.6666666666666665	2.2777776666666667
51	rnapol	0.3333333333333333	0.0	0.0
52	__protein1_rbs	17.0	0.0	0.0
52	__protein2_rbs	16.0	0.0	0.0
52	__protein3_rbs	2.333333333333333	0.0	0.0
52	__ribosome	27.66666666666667	0.0	0.0
52	__rnase_site_ext	18.33333333333333	0.0	0.0
52	p0	1.0	0.0	0.0
52	protein1	325.3333333333333	22.66666666666667	1.3697376666666663
52	protein2	269.6666666666667	20.666666666666668	1.623878666666667
52	protein3	46.0	3.6666666666666665	2.2777776666666667
52	rnapol	0.3333333333333333	0.0	0.0
53	__protein1_rbs	18.33333333333333	0.0	0.0
53	__protein2_rbs	17.0	0.0	0.0
53	__protein3_rbs	3.333333333333333	0.0	0.0
53	__ribosome	23.33333333333333	0.0	0.0
53	__rnase_site_ext	19.666666666666668	0.0	0.0
53	p0	1.0	0.0	0.0
53	protein1	331.6666666666667	23.0	1.501984
53	protein2	278.0	21.0	1.6620176666666666
53	protein3	48.0	4.0	1.988889
53	rnapol	0.0	0.0	0.0
54	__protein1_rbs	17.333333333333332	0.0	0.0
54	__protein2_rbs	16.666666666666668	0.0	0.0
54	__protein3_rbs	3.6666666666666665	0.0	0.0
54	__ribosome	23.33333333333333	0.0	0.0
54	__rnase_site_ext	19.666666666666668	0.0	0.0
54	p0	1.0	0.0	0.0
54	protein1	341.3333333333333	22.33333333333333	1.5045093333333333
54	protein2	284.3333333333333	21.66666666666667	1.6378130000000002
54	protein3	49.33333333333334	4.0	2.161111
54	rnapol	0.0	0.0	0.0
55	__protein1_rbs	17.333333333333332	0.0	0.0
55	__protein2_rbs	18.666666666666668	0.0	0.0
55	__protein3_rbs	4.0	0.0	0.0
55	__ribosome	25.0	0.0	0.0
55	__rnase_site_ext	19.0	0.0	0.0
55	p0	1.0	0.0	0.0
55	protein1	352.0	22.33333333333333	1.4325396666666668
55	protein2	291.3333333333333	22.66666666666667	1.6777776666666668
55	protein3	52.0	4.0	1.5555553333333334
55	rnapol	0.0	0.0	0.0
56	__protein1_rbs	17.0	0.0	0.0
56	__protein2_rbs	19.33333333333333	0.0	0.0
56	__protein3_rbs	3.6666666666666665	0.0	0.0
56	__ribosome	27.33333333333333	0.0	0.0
56	__rnase_site_ext	19.666666666666668	0.0	0.0
56	p0	1.0	0.0	0.0
56	protein1	364.0	22.33333333333333	1.323593
56	protein2	300.3333333333333	23.33333333333333	1.6257143333333337
56	protein3	53.66666666666666	4.333333333333333	1.3611113333333331
56	rnapol	0.3333333333333333	0.0	0.0
57	__protein1_rbs	18.0	0.0	0.0
57	__protein2_rbs	16.666666666666668	0.0	0.0
57	__protein3_rbs	3.6666666666666665	0.0	0.0
57	__ribosome	25.33333333333333	0.0	0.0
57	__rnase_site_ext	19.33333333333333	0.0	0.0
57	p0	1.0	0.0	0.0
57	protein1	373.66666666666674	23.0	1.3109903333333337
57	protein2	310.0	23.0	1.670635
57	protein3	54.66666666666666	4.333333333333333	1.4444446666666666
57	rnapol	0.3333333333333333	0.0	0.0
58	__protein1_rbs	18.33333333333333	0.0	0.0
58	__protein2_rbs	19.0	0.0	0.0
58	__protein3_rbs	4.333333333333333	0.0	0.0
58	__ribosome	22.0	0.0	0.0
58	__rnase_site_ext	21.33333333333333	0.0	0.0
58	p0	1.0	0.0	0.0
58	protein1	380.66666666666674	23.33333333333333	1.3596310000000005
58	protein2	316.6666666666667	23.33333333333333	1.753788
58	protein3	57.0	4.666666666666667	1.0277776666666667
58	rnapol	0.3333333333333333	0.0	0.0
59	__protein1_rbs	17.0	0.0	0.0
59	__protein2_rbs	19.0	0.0	0.0
59	__protein3_rbs	4.333333333333333	0.0	0.0
59	__ribosome	22.0	0.0	0.0
59	__rnase_site_ext	19.33333333333333	0.0	0.0
59	p0	1.0	0.0	0.0
59	protein1	389.66666666666674	23.66666666666667	1.4208696666666667
59	protein2	327.6666666666667	23.33333333333333	1.5984850000000002
59	protein3	57.33333333333334	5.0	1.3722223333333332
59	rnapol	0.6666666666666666	0.0	0.0
60	__protein1_rbs	17.333333333333332	0.0	0.0
60	__protein2_rbs	20.33333333333333	0.0	0.0
60	__protein3_rbs	4.666666666666667	0.0	0.0
60	__ribosome	21.33333333333333	0.0	0.0
60	__rnase_site_ext	18.33333333333333	0.0	0.0
60	p0	1.0	0.0	0.0
60	protein1	401.66666666666674	24.33333333333333	1.412161
60	protein2	335.3333333333333	24.0	1.5301209999999998
60	protein3	59.0	5.0	1.4777776666666669
60	rnapol	0.3333333333333333	0.0	0.0
61	__protein1_rbs	19.666666666666668	0.0	0.0
61	__protein2_rbs	17.666666666666668	0.0	0.0
61	__protein3_rbs	4.333333333333333	0.0	0.0
61	__ribosome	20.33333333333333	0.0	0.0
61	__rnase_site_ext	20.0	0.0	0.0
61	p0	1.0	0.0	0.0
61	protein1	407.66666666666674	24.33333333333333	1.453913
61	protein2	346.0	23.0	1.536232
61	protein3	60.0	5.0	1.761111
61	rnapol	0.3333333333333333	0.0	0.0
62	__protein1_rbs	19.33333333333333	0.0	0.0
62	__protein2_rbs	19.0	0.0	0.0
62	__protein3_rbs	5.333333333333333	0.0	0.0
62	__ribosome	24.0	0.0	0.0
62	__rnase_site_ext	20.666666666666668	0.0	0.0
62	p0	1.0	0.0	0.0
62	protein1	418.66666666666674	24.66666666666667	1.3627776666666669
62	protein2	356.33333333333326	24.33333333333333	1.4115570000000002
62	protein3	62.0	5.333333333333333	1.4666666666666668
62	rnapol	0.0	0.0	0.0
63	__protein1_rbs	21.0	0.0	0.0
63	__protein2_rbs	18.33333333333333	0.0	0.0
63	__protein3_rbs	4.666666666666667	0.0	0.0
63	__ribosome	25.0	0.0	0.0
63	__rnase_site_ext	23.0	0.0	0.0
63	p0	1.0	0.0	0.0
63	protein1	430.66666666666674	25.0	1.1468803333333333
63	protein2	363.0	25.0	1.5214173333333332
63	protein3	63.66666666666666	5.333333333333333	1.5555556666666668
63	rnapol	0.0	0.0	0.0
64	__protein1_rbs	19.0	0.0	0.0
64	__protein2_rbs	21.0	0.0	0.0
64	__protein3_rbs	2.6666666666666665	0.0	0.0
64	__ribosome	22.33333333333333	0.0	0.0
64	__rnase_site_ext	20.666666666666668	0.0	0.0
64	p0	1.0	0.0	0.0
64	protein1	440.0	25.0	1.2133333333333332
64	protein2	370.0	24.66666666666667	1.552268
64	protein3	66.33333333333333	5.333333333333333	1.6777776666666668
64	rnapol	0.0	0.0	0.0
65	__protein1_rbs	20.33333333333333	0.0	0.0
65	__protein2_rbs	20.33333333333333	0.0	0.0
65	__protein3_rbs	5.333333333333333	0.0	0.0
65	__ribosome	19.666666666666668	0.0	0.0
65	__rnase_site_ext	22.33333333333333	0.0	0.0
65	p0	1.0	0.0	0.0
65	protein1	447.0	25.0	1.336923
65	protein2	378.66666666666674	25.0	1.5357383333333334
65	protein3	68.0	5.666666666666668	1.5333333333333332
65	rnapol	0.3333333333333333	0.0	0.0
66	__protein1_rbs	22.33333333333333	0.0	0.0
66	__protein2_rbs	20.33333333333333	0.0	0.0
66	__protein3_rbs	4.666666666666667	0.0	0.0
66	__ribosome	26.0	0.0	0.0
66	__rnase_site_ext	23.66666666666667	0.0	0.0
66	p0	1.0	0.0	0.0
66	protein1	457.66666666666674	25.0	1.1617520000000001
66	protein2	388.0	25.33333333333333	1.4321603333333333
66	protein3	69.66666666666667	5.666666666666668	1.5555556666666668
66	rnapol	0.0	0.0	0.0
67	__protein1_rbs	18.33333333333333	0.0	0.0
67	__protein2_rbs	21.33333333333333	0.0	0.0
67	__protein3_rbs	5.333333333333333	0.0	0.0
67	__ribosome	24.66666666666667	0.0	0.0
67	__rnase_site_ext	21.0	0.0	0.0
67	p0	1.0	0.0	0.0
67	protein1	467.0	25.66666666666667	1.1815386666666663
67	protein2	397.0	25.66666666666667	1.3897436666666667
67	protein3	71.66666666666667	6.333333333333332	1.5047620000000002
67	rnapol	0.0	0.0	0.0
68	__protein1_rbs	21.0	0.0	0.0
68	__protein2_rbs	21.33333333333333	0.0	0.0
68	__protein3_rbs	4.666666666666667	0.0	0.0
68	__ribosome	24.33333333333333	0.0	0.0
68	__rnase_site_ext	24.0	0.0	0.0
68	p0	1.0	0.0	0.0
68	protein1	476.66666666666674	25.66666666666667	1.1550616666666669
68	protein2	408.0	25.33333333333333	1.4071793333333336
68	protein3	73.33333333333333	6.333333333333332	1.6666666666666667
68	rnapol	0.3333333333333333	0.0	0.0
69	__protein1_rbs	20.33333333333333	0.0	0.0
69	__protein2_rbs	20.0	0.0	0.0
69	__protein3_rbs	5.333333333333333	0.0	0.0
69	__ribosome	19.666666666666668	0.0	0.0
69	__rnase_site_ext	22.33333333333333	0.0	0.0
69	p0	0.6666666666666666	0.0	0.0
69	protein1	484.33333333333326	26.0	1.239867
69	protein2	416.0	26.0	1.4871796666666668
69	protein3	76.33333333333333	6.333333333333332	1.5595236666666663
69	rnapol	0.0	0.0	0.0
70	__protein1_rbs	23.0	0.0	0.0
70	__protein2_rbs	21.0	0.0	0.0
70	__protein3_rbs	6.0	0.0	0.0
70	__ribosome	16.333333333333332	0.0	0.0
70	__rnase_site_ext	25.0	0.0	0.0
70	p0	1.0	0.0	0.0
70	protein1	492.33333333333326	26.0	1.2552379999999999
70	protein2	422.33333333333326	26.66666666666667	1.5498576666666668
70	protein3	77.33333333333333	6.333333333333332	1.5595236666666663
70	rnapol	0.6666666666666666	0.0	0.0
71	__protein1_rbs	22.0	0.0	0.0
71	__protein2_rbs	22.66666666666667	0.0	0.0
71	__protein3_rbs	6.0	0.0	0.0
71	__ribosome	20.666666666666668	0.0	0.0
71	__rnase_site_ext	22.66666666666667	0.0	0.0
71	p0	1.0	0.0	0.0
71	protein1	503.33333333333326	26.66666666666667	1.1043953333333334
71	protein2	430.33333333333326	26.33333333333333	1.596391
71	protein3	79.66666666666667	6.333333333333332	1.267857
71	rnapol	0.3333333333333333	0.0	0.0
72	__protein1_rbs	23.33333333333333	0.0	0.0
72	__protein2_rbs	21.66666666666667	0.0	0.0
72	__protein3_rbs	4.0	0.0	0.0
72	__ribosome	19.666666666666668	0.0	0.0
72	__rnase_site_ext	24.0	0.0	0.0
72	p0	1.0	0.0	0.0
72	protein1	512.0	27.33333333333333	1.0800503333333331
72	protein2	441.66666666666674	26.33333333333333	1.5990123333333333
72	protein3	81.66666666666667	6.0	1.392857
72	rnapol	0.0	0.0	0.0
73	__protein1_rbs	21.33333333333333	0.0	0.0
73	__protein2_rbs	22.0	0.0	0.0
73	__protein3_rbs	5.0	0.0	0.0
73	__ribosome	22.0	0.0	0.0
73	__rnase_site_ext	23.66666666666667	0.0	0.0
73	p0	0.6666666666666666	0.0	0.0
73	protein1	523.0	27.0	1.0437666666666667
73	protein2	451.66666666666674	27.0	1.5071223333333332
73	protein3	84.33333333333333	6.0	1.4761903333333333
73	rnapol	0.6666666666666666	0.0	0.0
74	__protein1_rbs	24.33333333333333	0.0	0.0
74	__protein2_rbs	22.33333333333333	0.0	0.0
74	__protein3_rbs	5.0	0.0	0.0
74	__ribosome	15.0	0.0	0.0
74	__rnase_site_ext	25.66666666666667	0.0	0.0
74	p0	1.0	0.0	0.0
74	protein1	528.0	28.0	1.2514136666666664
74	protein2	461.66666666666674	27.66666666666667	1.4575280000000002
74	protein3	86.66666666666669	6.0	1.488095333333333
74	rnapol	0.0	0.0	0.0
75	__protein1_rbs	23.33333333333333	0.0	0.0
75	__protein2_rbs	22.33333333333333	0.0	0.0
75	__protein3_rbs	4.666666666666667	0.0	0.0
75	__ribosome	15.666666666666664	0.0	0.0
75	__rnase_site_ext	25.33333333333333	0.0	0.0
75	p0	1.0	0.0	0.0
75	protein1	538.3333333333334	28.0	1.1693120000000001
75	protein2	472.0	28.0	1.4641976666666665
75	protein3	87.66666666666669	6.0	1.6666666666666667
75	rnapol	0.0	0.0	0.0
76	__protein1_rbs	24.33333333333333	0.0	0.0
76	__protein2_rbs	22.66666666666667	0.0	0.0
76	__protein3_rbs	5.0	0.0	0.0
76	__ribosome	20.33333333333333	0.0	0.0
76	__rnase_site_ext	25.33333333333333	0.0	0.0
76	p0	0.6666666666666666	0.0	0.0
76	protein1	548.0	28.0	1.0710786666666667
76	protein2	482.33333333333326	27.66666666666667	1.4216523333333333
76	protein3	89.33333333333331	6.0	1.6190476666666669
76	rnapol	0.3333333333333333	0.0	0.0
77	__protein1_rbs	23.0	0.0	0.0
77	__protein2_rbs	22.0	0.0	0.0
77	__protein3_rbs	5.333333333333333	0.0	0.0
77	__ribosome	23.0	0.0	0.0
77	__rnase_site_ext	25.0	0.0	0.0
77	p0	1.0	0.0	0.0
77	protein1	560.3333333333334	28.66666666666667	0.9479353333333332
77	protein2	490.33333333333326	27.66666666666667	1.4916986666666665
77	protein3	92.66666666666669	6.333333333333332	1.2916666666666667
77	rnapol	0.6666666666666666	0.0	0.0
78	__protein1_rbs	23.33333333333333	0.0	0.0
78	__protein2_rbs	23.0	0.0	0.0
78	__protein3_rbs	4.333333333333333	0.0	0.0
78	__ribosome	20.0	0.0	0.0
78	__rnase_site_ext	25.33333333333333	0.0	0.0
78	p0	0.6666666666666666	0.0	0.0
78	protein1	568.0	28.66666666666667	0.9810983333333332
78	protein2	499.66666666666674	28.33333333333333	1.5517239999999999
78	protein3	95.33333333333331	6.333333333333332	1.202381
78	rnapol	0.3333333333333333	0.0	0.0
79	__protein1_rbs	24.0	0.0	0.0
79	__protein2_rbs	22.66666666666667	0.0	0.0
79	__protein3_rbs	4.0	0.0	0.0
79	__ribosome	17.0	0.0	0.0
79	__rnase_site_ext	25.33333333333333	0.0	0.0
79	p0	1.0	0.0	0.0
79	protein1	575.6666666666666	29.0	1.0398936666666667
79	protein2	508.66666666666674	28.66666666666667	1.5333333333333334
79	protein3	97.0	6.333333333333332	1.4166666666666667
79	rnapol	0.0	0.0	0.0
80	__protein1_rbs	26.33333333333333	0.0	0.0
80	__protein2_rbs	23.66666666666667	0.0	0.0
80	__protein3_rbs	4.666666666666667	0.0	0.0
80	__ribosome	22.0	0.0	0.0
80	__rnase_site_ext	28.0	0.0	0.0
80	p0	1.0	0.0	0.0
80	protein1	583.6666666666666	29.0	0.9830540000000001
80	protein2	521.0	29.33333333333333	1.3732773333333337
80	protein3	99.33333333333331	6.333333333333332	1.5059523333333331
80	rnapol	0.0	0.0	0.0
81	__protein1_rbs	28.0	0.0	0.0
81	__protein2_rbs	22.66666666666667	0.0	0.0
81	__protein3_rbs	4.333333333333333	0.0	0.0
81	__ribosome	16.333333333333332	0.0	0.0
81	__rnase_site_ext	28.66666666666667	0.0	0.0
81	p0	1.0	0.0	0.0
81	protein1	591.3333333333334	29.66666666666667	0.9915516666666668
81	protein2	529.6666666666666	29.0	1.4962963333333337
81	protein3	100.33333333333331	6.333333333333332	1.767857
81	rnapol	0.0	0.0	0.0
82	__protein1_rbs	25.33333333333333	0.0	0.0
82	__protein2_rbs	24.33333333333333	0.0	0.0
82	__protein3_rbs	6.0	0.0	0.0
82	__ribosome	22.33333333333333	0.0	0.0
82	__rnase_site_ext	27.0	0.0	0.0
82	p0	1.0	0.0	0.0
82	protein1	602.3333333333334	29.66666666666667	0.9094469999999999
82	protein2	541.0	29.66666666666667	1.3418979999999998
82	protein3	101.33333333333331	7.0	1.594709
82	rnapol	0.0	0.0	0.0
83	__protein1_rbs	27.33333333333333	0.0	0.0
83	__protein2_rbs	22.33333333333333	0.0	0.0
83	__protein3_rbs	4.333333333333333	0.0	0.0
83	__ribosome	20.666666666666668	0.0	0.0
83	__rnase_site_ext	28.33333333333333	0.0	0.0
83	p0	0.6666666666666666	0.0	0.0
83	protein1	610.6666666666666	30.0	0.8469246666666667
83	protein2	550.0	30.0	1.412891
83	protein3	104.0	6.666666666666668	1.793651
83	rnapol	0.0	0.0	0.0
84	__protein1_rbs	25.0	0.0	0.0
84	__protein2_rbs	25.33333333333333	0.0	0.0
84	__protein3_rbs	4.666666666666667	0.0	0.0
84	__ribosome	17.666666666666668	0.0	0.0
84	__rnase_site_ext	26.33333333333333	0.0	0.0
84	p0	1.0	0.0	0.0
84	protein1	619.6666666666666	30.33333333333333	0.8927849999999999
84	protein2	558.6666666666666	29.33333333333333	1.516063
84	protein3	107.0	6.666666666666668	1.6838623333333331
84	rnapol	0.0	0.0	0.0
85	__protein1_rbs	24.0	0.0	0.0
85	__protein2_rbs	23.33333333333333	0.0	0.0
85	__protein3_rbs	6.333333333333332	0.0	0.0
85	__ribosome	14.333333333333336	0.0	0.0
85	__rnase_site_ext	26.66666666666667	0.0	0.0
85	p0	1.0	0.0	0.0
85	protein1	626.3333333333334	31.33333333333333	1.0033806666666667
85	protein2	570.6666666666666	30.0	1.4803486666666668
85	protein3	109.66666666666669	7.0	1.405291
85	rnapol	0.0	0.0	0.0
86	__protein1_rbs	26.66666666666667	0.0	0.0
86	__protein2_rbs	27.0	0.0	0.0
86	__protein3_rbs	6.0	0.0	0.0
86	__ribosome	15.333333333333336	0.0	0.0
86	__rnase_site_ext	28.33333333333333	0.0	0.0
86	p0	0.6666666666666666	0.0	0.0
86	protein1	634.3333333333334	31.33333333333333	1.0215053333333337
86	protein2	580.3333333333334	30.0	1.404338
86	protein3	111.33333333333331	7.333333333333332	1.4777776666666669
86	rnapol	0.0	0.0	0.0
87	__protein1_rbs	27.0	0.0	0.0
87	__protein2_rbs	24.0	0.0	0.0
87	__protein3_rbs	6.666666666666668	0.0	0.0
87	__ribosome	13.666666666666664	0.0	0.0
87	__rnase_site_ext	27.66666666666667	0.0	0.0
87	p0	1.0	0.0	0.0
87	protein1	642.0	32.0	1.0215053333333337
87	protein2	588.0	30.66666666666667	1.4601176666666669
87	protein3	114.0	7.333333333333332	1.2287036666666669
87	rnapol	0.0	0.0	0.0
88	__protein1_rbs	26.66666666666667	0.0	0.0
88	__protein2_rbs	26.66666666666667	0.0	0.0
88	__protein3_rbs	6.333333333333332	0.0	0.0
88	__ribosome	18.0	0.0	0.0
88	__rnase_site_ext	28.0	0.0	0.0
88	p0	0.3333333333333333	0.0	0.0
88	protein1	652.0	32.0	1.0009486666666667
88	protein2	600.6666666666666	31.0	1.3332430000000002
88	protein3	116.66666666666669	7.666666666666668	1.175926
88	rnapol	0.0	0.0	0.0
89	__protein1_rbs	26.33333333333333	0.0	0.0
89	__protein2_rbs	25.0	0.0	0.0
89	__protein3_rbs	6.0	0.0	0.0
89	__ribosome	20.666666666666668	0.0	0.0
89	__rnase_site_ext	27.66666666666667	0.0	0.0
89	p0	1.0	0.0	0.0
89	protein1	664.0	32.0	0.960008
89	protein2	613.3333333333334	31.33333333333333	1.2394383333333332
89	protein3	118.66666666666669	7.666666666666668	1.3287036666666667
89	rnapol	0.0	0.0	0.0
90	__protein1_rbs	24.66666666666667	0.0	0.0
90	__protein2_rbs	28.33333333333333	0.0	0.0
90	__protein3_rbs	7.0	0.0	0.0
90	__ribosome	17.333333333333332	0.0	0.0
90	__rnase_site_ext	26.66666666666667	0.0	0.0
90	p0	0.6666666666666666	0.0	0.0
90	protein1	671.6666666666666	31.66666666666667	1.0545453333333332
90	protein2	621.3333333333334	32.0	1.229917666666667
90	protein3	121.0	7.666666666666668	1.3055553333333334
90	rnapol	0.6666666666666666	0.0	0.0
91	__protein1_rbs	27.33333333333333	0.0	0.0
91	__protein2_rbs	28.0	0.0	0.0
91	__protein3_rbs	7.333333333333332	0.0	0.0
91	__ribosome	15.666666666666664	0.0	0.0
91	__rnase_site_ext	29.66666666666667	0.0	0.0
91	p0	0.6666666666666666	0.0	0.0
91	protein1	680.6666666666666	32.333333333333336	1.033532
91	protein2	629.0	32.0	1.2650223333333332
91	protein3	122.33333333333331	7.666666666666668	1.398148
91	rnapol	0.3333333333333333	0.0	0.0
92	__protein1_rbs	29.0	0.0	0.0
92	__protein2_rbs	27.33333333333333	0.0	0.0
92	__protein3_rbs	6.666666666666668	0.0	0.0
92	__ribosome	16.666666666666668	0.0	0.0
92	__rnase_site_ext	31.33333333333333	0.0	0.0
92	p0	0.6666666666666666	0.0	0.0
92	protein1	689.6666666666665	33.333333333333336	0.9816996666666666
92	protein2	638.6666666666666	32.666666666666664	1.237745
92	protein3	124.66666666666669	7.666666666666668	1.3287036666666665
92	rnapol	0.0	0.0	0.0
93	__protein1_rbs	28.0	0.0	0.0
93	__protein2_rbs	26.66666666666667	0.0	0.0
93	__protein3_rbs	6.333333333333332	0.0	0.0
93	__ribosome	15.666666666666664	0.0	0.0
93	__rnase_site_ext	29.66666666666667	0.0	0.0
93	p0	1.0	0.0	0.0
93	protein1	700.6666666666665	33.333333333333336	0.973299
93	protein2	648.3333333333334	32.666666666666664	1.269608
93	protein3	126.66666666666669	7.666666666666668	1.3194446666666666
93	rnapol	0.3333333333333333	0.0	0.0
94	__protein1_rbs	28.33333333333333	0.0	0.0
94	__protein2_rbs	27.66666666666667	0.0	0.0
94	__protein3_rbs	5.666666666666668	0.0	0.0
94	__ribosome	16.0	0.0	0.0
94	__rnase_site_ext	30.0	0.0	0.0
94	p0	1.0	0.0	0.0
94	protein1	710.3333333333335	33.666666666666664	0.934874
94	protein2	658.3333333333334	33.0	1.217857
94	protein3	129.33333333333334	8.0	1.5166666666666666
94	rnapol	0.0	0.0	0.0
95	__protein1_rbs	26.66666666666667	0.0	0.0
95	__protein2_rbs	29.66666666666667	0.0	0.0
95	__protein3_rbs	7.0	0.0	0.0
95	__ribosome	16.666666666666668	0.0	0.0
95	__rnase_site_ext	29.0	0.0	0.0
95	p0	1.0	0.0	0.0
95	protein1	719.0	33.666666666666664	1.0341913333333337
95	protein2	669.0	33.0	1.1283063333333334
95	protein3	132.33333333333334	8.0	1.3944443333333334
95	rnapol	0.6666666666666666	0.0	0.0
96	__protein1_rbs	29.66666666666667	0.0	0.0
96	__protein2_rbs	28.33333333333333	0.0	0.0
96	__protein3_rbs	6.666666666666668	0.0	0.0
96	__ribosome	14.666666666666664	0.0	0.0
96	__rnase_site_ext	30.66666666666667	0.0	0.0
96	p0	1.0	0.0	0.0
96	protein1	730.0	33.666666666666664	0.9916306666666664
96	protein2	676.6666666666666	34.333333333333336	1.1674179999999998
96	protein3	133.66666666666666	8.0	1.4833333333333334
96	rnapol	0.3333333333333333	0.0	0.0
97	__protein1_rbs	29.0	0.0	0.0
97	__protein2_rbs	29.0	0.0	0.0
97	__protein3_rbs	7.0	0.0	0.0
97	__ribosome	16.333333333333332	0.0	0.0
97	__rnase_site_ext	30.33333333333333	0.0	0.0
97	p0	1.0	0.0	0.0
97	protein1	739.3333333333335	34.333333333333336	0.9912853333333334
97	protein2	686.6666666666666	34.333333333333336	1.126151
97	protein3	136.0	8.0	1.3305556666666667
97	rnapol	0.3333333333333333	0.0	0.0
98	__protein1_rbs	28.0	0.0	0.0
98	__protein2_rbs	30.33333333333333	0.0	0.0
98	__protein3_rbs	7.0	0.0	0.0
98	__ribosome	19.666666666666668	0.0	0.0
98	__rnase_site_ext	29.66666666666667	0.0	0.0
98	p0	1.0	0.0	0.0
98	protein1	750.6666666666665	34.666666666666664	0.9607843333333334
98	protein2	696.6666666666665	34.0	1.125885
98	protein3	139.66666666666666	8.0	1.036111
98	rnapol	0.0	0.0	0.0
99	__protein1_rbs	30.33333333333333	0.0	0.0
99	__protein2_rbs	28.33333333333333	0.0	0.0
99	__protein3_rbs	5.666666666666668	0.0	0.0
99	__ribosome	16.333333333333332	0.0	0.0
99	__rnase_site_ext	32.0	0.0	0.0
99	p0	1.0	0.0	0.0
99	protein1	760.0	35.0	0.9419713333333334
99	protein2	705.6666666666665	34.0	1.215771
99	protein3	143.0	8.0	1.161111
99	rnapol	0.3333333333333333	0.0	0.0
100	__protein1_rbs	32.0	0.0	0.0
100	__protein2_rbs	29.0	0.0	0.0
100	__protein3_rbs	7.0	0.0	0.0
100	__ribosome	15.666666666666664	0.0	0.0
100	__rnase_site_ext	33.333333333333336	0.0	0.0
100	p0	1.0	0.0	0.0
100	protein1	769.6666666666665	35.333333333333336	0.9058203333333332
100	protein2	714.3333333333335	34.666666666666664	1.2329723333333331
100	protein3	144.33333333333334	8.333333333333334	1.1309523333333331
100	rnapol	0.3333333333333333	0.0	0.0
101	__protein1_rbs	29.66666666666667	0.0	0.0
101	__protein2_rbs	28.66666666666667	0.0	0.0
101	__protein3_rbs	7.333333333333332	0.0	0.0
101	__ribosome	13.333333333333336	0.0	0.0
101	__rnase_site_ext	31.33333333333333	0.0	0.0
101	p0	0.6666666666666666	0.0	0.0
101	protein1	779.6666666666665	35.333333333333336	0.9338026666666668
101	protein2	723.0	34.666666666666664	1.280158666666667
101	protein3	146.66666666666666	8.333333333333334	1.1261903333333334
101	rnapol	0.0	0.0	0.0
102	__protein1_rbs	32.0	0.0	0.0
102	__protein2_rbs	29.0	0.0	0.0
102	__protein3_rbs	7.0	0.0	0.0
102	__ribosome	15.333333333333336	0.0	0.0
102	__rnase_site_ext	32.0	0.0	0.0
102	p0	1.0	0.0	0.0
102	protein1	790.3333333333335	35.0	0.8957516666666666
102	protein2	734.3333333333335	35.666666666666664	1.2074426666666669
102	protein3	148.0	8.333333333333334	1.257143
102	rnapol	0.3333333333333333	0.0	0.0
103	__protein1_rbs	28.66666666666667	0.0	0.0
103	__protein2_rbs	30.66666666666667	0.0	0.0
103	__protein3_rbs	8.0	0.0	0.0
103	__ribosome	14.666666666666664	0.0	0.0
103	__rnase_site_ext	30.33333333333333	0.0	0.0
103	p0	0.6666666666666666	0.0	0.0
103	protein1	800.3333333333335	35.0	0.9335016666666666
103	protein2	745.3333333333335	36.0	1.1489796666666665
103	protein3	149.33333333333334	8.333333333333334	1.4023809999999999
103	rnapol	0.3333333333333333	0.0	0.0
104	__protein1_rbs	29.0	0.0	0.0
104	__protein2_rbs	30.0	0.0	0.0
104	__protein3_rbs	7.666666666666668	0.0	0.0
104	__ribosome	14.333333333333336	0.0	0.0
104	__rnase_site_ext	30.33333333333333	0.0	0.0
104	p0	1.0	0.0	0.0
104	protein1	809.0	35.666666666666664	0.9616403333333332
104	protein2	755.6666666666665	36.333333333333336	1.1645906666666666
104	protein3	153.0	8.0	1.158069
104	rnapol	0.3333333333333333	0.0	0.0
105	__protein1_rbs	32.0	0.0	0.0
105	__protein2_rbs	32.0	0.0	0.0
105	__protein3_rbs	6.666666666666668	0.0	0.0
105	__ribosome	15.0	0.0	0.0
105	__rnase_site_ext	33.333333333333336	0.0	0.0
105	p0	1.0	0.0	0.0
105	protein1	818.3333333333335	36.0	0.9240313333333332
105	protein2	764.6666666666665	36.66666666666666	1.1296906666666666
105	protein3	155.0	8.0	1.3002643333333332
105	rnapol	0.0	0.0	0.0
106	__protein1_rbs	31.33333333333333	0.0	0.0
106	__protein2_rbs	31.0	0.0	0.0
106	__protein3_rbs	7.0	0.0	0.0
106	__ribosome	16.666666666666668	0.0	0.0
106	__rnase_site_ext	32.666666666666664	0.0	0.0
106	p0	1.0	0.0	0.0
106	protein1	828.3333333333335	36.66666666666666	0.9474476666666666
106	protein2	776.0	36.0	1.103258
106	protein3	157.33333333333334	7.666666666666668	1.2407406666666667
106	rnapol	0.6666666666666666	0.0	0.0
107	__protein1_rbs	30.33333333333333	0.0	0.0
107	__protein2_rbs	30.0	0.0	0.0
107	__protein3_rbs	6.0	0.0	0.0
107	__ribosome	11.666666666666664	0.0	0.0
107	__rnase_site_ext	33.0	0.0	0.0
107	p0	0.6666666666666666	0.0	0.0
107	protein1	836.6666666666665	37.0	0.9907803333333332
107	protein2	785.3333333333335	36.333333333333336	1.1836836666666668
107	protein3	160.0	7.666666666666668	1.1342593333333333
107	rnapol	0.0	0.0	0.0
108	__protein1_rbs	30.0	0.0	0.0
108	__protein2_rbs	33.0	0.0	0.0
108	__protein3_rbs	6.0	0.0	0.0
108	__ribosome	13.0	0.0	0.0
108	__rnase_site_ext	32.333333333333336	0.0	0.0
108	p0	1.0	0.0	0.0
108	protein1	848.0	37.333333333333336	0.9914916666666668
108	protein2	794.3333333333335	36.333333333333336	1.1383883333333331
108	protein3	162.0	7.666666666666668	1.1157406666666667
108	rnapol	0.0	0.0	0.0
109	__protein1_rbs	33.666666666666664	0.0	0.0
109	__protein2_rbs	32.333333333333336	0.0	0.0
109	__protein3_rbs	7.333333333333332	0.0	0.0
109	__ribosome	18.0	0.0	0.0
109	__rnase_site_ext	34.666666666666664	0.0	0.0
109	p0	1.0	0.0	0.0
109	protein1	858.3333333333335	36.66666666666666	0.9181683333333334
109	protein2	803.6666666666665	36.66666666666666	1.0743243333333334
109	protein3	163.66666666666666	8.0	1.1296296666666663
109	rnapol	0.0	0.0	0.0
110	__protein1_rbs	28.33333333333333	0.0	0.0
110	__protein2_rbs	31.0	0.0	0.0
110	__protein3_rbs	6.0	0.0	0.0
110	__ribosome	15.0	0.0	0.0
110	__rnase_site_ext	30.33333333333333	0.0	0.0
110	p0	1.0	0.0	0.0
110	protein1	869.3333333333335	36.66666666666666	0.9727226666666664
110	protein2	815.0	37.333333333333336	1.0640113333333334
110	protein3	166.0	7.666666666666668	1.311111
110	rnapol	0.6666666666666666	0.0	0.0
111	__protein1_rbs	30.33333333333333	0.0	0.0
111	__protein2_rbs	33.333333333333336	0.0	0.0
111	__protein3_rbs	7.0	0.0	0.0
111	__ribosome	18.33333333333333	0.0	0.0
111	__rnase_site_ext	33.0	0.0	0.0
111	p0	1.0	0.0	0.0
111	protein1	880.3333333333335	36.66666666666666	0.9916616666666668
111	protein2	826.6666666666665	38.0	0.941095
111	protein3	167.66666666666666	7.666666666666668	1.3407406666666668
111	rnapol	0.6666666666666666	0.0	0.0
112	__protein1_rbs	33.333333333333336	0.0	0.0
112	__protein2_rbs	33.666666666666664	0.0	0.0
112	__protein3_rbs	6.666666666666668	0.0	0.0
112	__ribosome	13.333333333333336	0.0	0.0
112	__rnase_site_ext	35.0	0.0	0.0
112	p0	0.6666666666666666	0.0	0.0
112	protein1	890.0	38.0	1.017094
112	protein2	834.3333333333335	38.0	1.000687
112	protein3	169.33333333333334	7.666666666666668	1.4074073333333337
112	rnapol	0.0	0.0	0.0
113	__protein1_rbs	33.0	0.0	0.0
113	__protein2_rbs	34.0	0.0	0.0
113	__protein3_rbs	6.0	0.0	0.0
113	__ribosome	12.0	0.0	0.0
113	__rnase_site_ext	35.0	0.0	0.0
113	p0	0.3333333333333333	0.0	0.0
113	protein1	899.0	37.66666666666666	1.0551893333333335
113	protein2	841.6666666666665	37.66666666666666	1.008085
113	protein3	171.66666666666666	7.333333333333332	1.611111
113	rnapol	0.0	0.0	0.0
114	__protein1_rbs	29.66666666666667	0.0	0.0
114	__protein2_rbs	31.66666666666667	0.0	0.0
114	__protein3_rbs	5.666666666666668	0.0	0.0
114	__ribosome	16.0	0.0	0.0
114	__rnase_site_ext	34.666666666666664	0.0	0.0
114	p0	1.0	0.0	0.0
114	protein1	913.6666666666665	38.0	1.006166
114	protein2	852.6666666666665	37.333333333333336	0.9544809999999999
114	protein3	174.33333333333337	7.333333333333332	1.472222
114	rnapol	0.0	0.0	0.0
115	__protein1_rbs	35.333333333333336	0.0	0.0
115	__protein2_rbs	30.66666666666667	0.0	0.0
115	__protein3_rbs	7.0	0.0	0.0
115	__ribosome	18.33333333333333	0.0	0.0
115	__rnase_site_ext	36.0	0.0	0.0
115	p0	1.0	0.0	0.0
115	protein1	926.0	38.333333333333336	0.8572649999999999
115	protein2	861.0	37.66666666666666	1.0346136666666668
115	protein3	176.33333333333337	7.333333333333332	1.296296
115	rnapol	0.0	0.0	0.0
116	__protein1_rbs	30.0	0.0	0.0
116	__protein2_rbs	34.333333333333336	0.0	0.0
116	__protein3_rbs	6.333333333333332	0.0	0.0
116	__ribosome	17.0	0.0	0.0
116	__rnase_site_ext	31.66666666666667	0.0	0.0
116	p0	1.0	0.0	0.0
116	protein1	935.6666666666665	37.0	0.963126
116	protein2	871.3333333333335	38.66666666666666	0.964888
116	protein3	178.66666666666663	7.666666666666668	1.435185333333333
116	rnapol	0.0	0.0	0.0
117	__protein1_rbs	29.66666666666667	0.0	0.0
117	__protein2_rbs	32.666666666666664	0.0	0.0
117	__protein3_rbs	7.0	0.0	0.0
117	__ribosome	15.666666666666664	0.0	0.0
117	__rnase_site_ext	31.66666666666667	0.0	0.0
117	p0	1.0	0.0	0.0
117	protein1	946.6666666666665	35.666666666666664	0.955757
117	protein2	877.6666666666665	39.333333333333336	1.0499943333333333
117	protein3	181.33333333333331	7.666666666666668	1.198148
117	rnapol	0.3333333333333333	0.0	0.0
118	__protein1_rbs	29.66666666666667	0.0	0.0
118	__protein2_rbs	35.666666666666664	0.0	0.0
118	__protein3_rbs	6.333333333333332	0.0	0.0
118	__ribosome	11.333333333333336	0.0	0.0
118	__rnase_site_ext	32.666666666666664	0.0	0.0
118	p0	1.0	0.0	0.0
118	protein1	956.6666666666665	36.0	0.9802003333333332
118	protein2	885.3333333333335	39.0	1.1291103333333332
118	protein3	183.33333333333331	7.666666666666668	1.1777776666666666
118	rnapol	0.0	0.0	0.0
119	__protein1_rbs	30.0	0.0	0.0
119	__protein2_rbs	32.666666666666664	0.0	0.0
119	__protein3_rbs	7.0	0.0	0.0
119	__ribosome	11.666666666666664	0.0	0.0
119	__rnase_site_ext	32.666666666666664	0.0	0.0
119	p0	1.0	0.0	0.0
119	protein1	965.0	36.0	0.9686346666666666
119	protein2	895.0	39.0	1.1458896666666665
119	protein3	186.0	7.666666666666668	1.111111
119	rnapol	0.6666666666666666	0.0	0.0
120	__protein1_rbs	33.666666666666664	0.0	0.0
120	__protein2_rbs	33.333333333333336	0.0	0.0
120	__protein3_rbs	6.666666666666668	0.0	0.0
120	__ribosome	15.333333333333336	0.0	0.0
120	__rnase_site_ext	35.0	0.0	0.0
120	p0	1.0	0.0	0.0
120	protein1	976.3333333333335	36.66666666666666	0.8846403333333334
120	protein2	906.6666666666665	38.66666666666666	1.0953703333333331
120	protein3	187.33333333333331	8.0	1.185185333333333
120	rnapol	0.0	0.0	0.0
121	__protein1_rbs	30.66666666666667	0.0	0.0
121	__protein2_rbs	32.333333333333336	0.0	0.0
121	__protein3_rbs	7.0	0.0	0.0
121	__ribosome	15.666666666666664	0.0	0.0
121	__rnase_site_ext	33.0	0.0	0.0
121	p0	1.0	0.0	0.0
121	protein1	989.0	36.66666666666666	0.8572856666666667
121	protein2	916.0	38.333333333333336	1.1297719999999998
121	protein3	189.66666666666663	8.0	1.1481483333333329
121	rnapol	0.3333333333333333	0.0	0.0
122	__protein1_rbs	31.0	0.0	0.0
122	__protein2_rbs	32.333333333333336	0.0	0.0
122	__protein3_rbs	5.666666666666668	0.0	0.0
122	__ribosome	14.0	0.0	0.0
122	__rnase_site_ext	33.333333333333336	0.0	0.0
122	p0	1.0	0.0	0.0
122	protein1	997.0	36.66666666666666	0.983442
122	protein2	928.6666666666665	37.66666666666666	1.056156
122	protein3	191.66666666666663	7.666666666666668	1.3425923333333332
122	rnapol	0.0	0.0	0.0
123	__protein1_rbs	30.66666666666667	0.0	0.0
123	__protein2_rbs	33.333333333333336	0.0	0.0
123	__protein3_rbs	7.0	0.0	0.0
123	__ribosome	13.666666666666664	0.0	0.0
123	__rnase_site_ext	33.0	0.0	0.0
123	p0	1.0	0.0	0.0
123	protein1	1006.0	37.0	0.9890213333333334
123	protein2	937.3333333333335	37.66666666666666	1.0638136666666669
123	protein3	194.0	7.666666666666668	1.300926
123	rnapol	0.0	0.0	0.0
124	__protein1_rbs	32.0	0.0	0.0
124	__protein2_rbs	31.33333333333333	0.0	0.0
124	__protein3_rbs	7.333333333333332	0.0	0.0
124	__ribosome	17.0	0.0	0.0
124	__rnase_site_ext	33.0	0.0	0.0
124	p0	0.6666666666666666	0.0	0.0
124	protein1	1017.0	36.66666666666666	0.9306473333333334
124	protein2	947.6666666666665	38.333333333333336	1.045924
124	protein3	195.66666666666663	7.666666666666668	1.1666666666666667
124	rnapol	0.0	0.0	0.0
125	__protein1_rbs	30.0	0.0	0.0
125	__protein2_rbs	31.0	0.0	0.0
125	__protein3_rbs	7.666666666666668	0.0	0.0
125	__ribosome	15.0	0.0	0.0
125	__rnase_site_ext	31.66666666666667	0.0	0.0
125	p0	1.0	0.0	0.0
125	protein1	1028.3333333333333	37.0	0.9103576666666668
125	protein2	957.0	38.66666666666666	1.1091803333333334
125	protein3	198.33333333333331	7.666666666666668	1.1435186666666666
125	rnapol	0.3333333333333333	0.0	0.0
126	__protein1_rbs	33.666666666666664	0.0	0.0
126	__protein2_rbs	31.33333333333333	0.0	0.0
126	__protein3_rbs	7.333333333333332	0.0	0.0
126	__ribosome	14.333333333333336	0.0	0.0
126	__rnase_site_ext	35.666666666666664	0.0	0.0
126	p0	0.3333333333333333	0.0	0.0
126	protein1	1037.6666666666667	37.333333333333336	0.898342
126	protein2	966.0	38.333333333333336	1.1658973333333336
126	protein3	200.66666666666663	7.666666666666668	1.0185186666666666
126	rnapol	0.3333333333333333	0.0	0.0
127	__protein1_rbs	35.666666666666664	0.0	0.0
127	__protein2_rbs	33.333333333333336	0.0	0.0
127	__protein3_rbs	5.666666666666668	0.0	0.0
127	__ribosome	15.333333333333336	0.0	0.0
127	__rnase_site_ext	36.333333333333336	0.0	0.0
127	p0	1.0	0.0	0.0
127	protein1	1047.0	38.66666666666666	0.8061636666666666
127	protein2	974.6666666666665	38.0	1.194426
127	protein3	203.33333333333331	7.333333333333332	1.125
127	rnapol	0.0	0.0	0.0
128	__protein1_rbs	32.666666666666664	0.0	0.0
128	__protein2_rbs	33.333333333333336	0.0	0.0
128	__protein3_rbs	5.666666666666668	0.0	0.0
128	__ribosome	16.666666666666668	0.0	0.0
128	__rnase_site_ext	34.666666666666664	0.0	0.0
128	p0	1.0	0.0	0.0
128	protein1	1057.0	38.66666666666666	0.7834933333333334
128	protein2	985.3333333333335	37.66666666666666	1.143368333333333
128	protein3	204.0	7.0	1.4916666666666665
128	rnapol	0.0	0.0	0.0
129	__protein1_rbs	34.0	0.0	0.0
129	__protein2_rbs	31.66666666666667	0.0	0.0
129	__protein3_rbs	5.666666666666668	0.0	0.0
129	__ribosome	14.333333333333336	0.0	0.0
129	__rnase_site_ext	35.0	0.0	0.0
129	p0	0.6666666666666666	0.0	0.0
129	protein1	1068.0	39.0	0.7784316666666666
129	protein2	995.0	38.333333333333336	1.173691
129	protein3	206.66666666666663	7.0	1.4916666666666665
129	rnapol	0.0	0.0	0.0
130	__protein1_rbs	35.333333333333336	0.0	0.0
130	__protein2_rbs	32.0	0.0	0.0
130	__protein3_rbs	5.666666666666668	0.0	0.0
130	__ribosome	12.333333333333336	0.0	0.0
130	__rnase_site_ext	37.0	0.0	0.0
130	p0	1.0	0.0	0.0
130	protein1	1075.3333333333333	39.333333333333336	0.8264226666666667
130	protein2	1007.3333333333335	38.66666666666666	1.142033
130	protein3	207.33333333333331	6.666666666666668	1.725
130	rnapol	0.0	0.0	0.0
131	__protein1_rbs	35.333333333333336	0.0	0.0
131	__protein2_rbs	33.666666666666664	0.0	0.0
131	__protein3_rbs	6.333333333333332	0.0	0.0
131	__ribosome	13.0	0.0	0.0
131	__rnase_site_ext	36.333333333333336	0.0	0.0
131	p0	0.6666666666666666	0.0	0.0
131	protein1	1083.0	39.0	0.8678863333333333
131	protein2	1016.6666666666665	39.66666666666666	1.1151916666666668
131	protein3	210.33333333333331	6.666666666666668	1.420238
131	rnapol	0.0	0.0	0.0
132	__protein1_rbs	34.0	0.0	0.0
132	__protein2_rbs	31.66666666666667	0.0	0.0
132	__protein3_rbs	5.0	0.0	0.0
132	__ribosome	13.0	0.0	0.0
132	__rnase_site_ext	36.333333333333336	0.0	0.0
132	p0	0.6666666666666666	0.0	0.0
132	protein1	1094.3333333333333	39.66666666666666	0.8202593333333333
132	protein2	1026.3333333333333	39.333333333333336	1.162723
132	protein3	213.33333333333331	6.666666666666668	1.3916666666666666
132	rnapol	0.3333333333333333	0.0	0.0
133	__protein1_rbs	34.333333333333336	0.0	0.0
133	__protein2_rbs	34.333333333333336	0.0	0.0
133	__protein3_rbs	6.666666666666668	0.0	0.0
133	__ribosome	15.333333333333336	0.0	0.0
133	__rnase_site_ext	36.0	0.0	0.0
133	p0	1.0	0.0	0.0
133	protein1	1104.6666666666667	39.66666666666666	0.7987256666666666
133	protein2	1035.0	39.66666666666666	1.1548906666666667
133	protein3	215.33333333333331	6.666666666666668	1.102381
133	rnapol	1.0	0.0	0.0
134	__protein1_rbs	33.666666666666664	0.0	0.0
134	__protein2_rbs	32.666666666666664	0.0	0.0
134	__protein3_rbs	5.333333333333333	0.0	0.0
134	__ribosome	15.333333333333336	0.0	0.0
134	__rnase_site_ext	35.333333333333336	0.0	0.0
134	p0	1.0	0.0	0.0
134	protein1	1114.0	40.333333333333336	0.8470613333333334
134	protein2	1049.6666666666667	39.66666666666666	1.104054
134	protein3	218.0	6.666666666666668	1.0555556666666666
134	rnapol	0.6666666666666666	0.0	0.0
135	__protein1_rbs	35.0	0.0	0.0
135	__protein2_rbs	36.0	0.0	0.0
135	__protein3_rbs	5.333333333333333	0.0	0.0
135	__ribosome	14.666666666666664	0.0	0.0
135	__rnase_site_ext	35.666666666666664	0.0	0.0
135	p0	1.0	0.0	0.0
135	protein1	1123.0	40.333333333333336	0.8820250000000001
135	protein2	1059.3333333333333	40.0	1.0744543333333334
135	protein3	219.33333333333331	6.666666666666668	1.063492
135	rnapol	0.3333333333333333	0.0	0.0
136	__protein1_rbs	36.66666666666666	0.0	0.0
136	__protein2_rbs	33.666666666666664	0.0	0.0
136	__protein3_rbs	5.666666666666668	0.0	0.0
136	__ribosome	12.666666666666664	0.0	0.0
136	__rnase_site_ext	37.333333333333336	0.0	0.0
136	p0	0.3333333333333333	0.0	0.0
136	protein1	1132.3333333333333	38.66666666666666	0.8363306666666667
136	protein2	1066.6666666666667	40.333333333333336	1.1448233333333333
136	protein3	220.0	6.666666666666668	1.3571426666666666
136	rnapol	0.3333333333333333	0.0	0.0
137	__protein1_rbs	34.0	0.0	0.0
137	__protein2_rbs	35.0	0.0	0.0
137	__protein3_rbs	6.0	0.0	0.0
137	__ribosome	18.0	0.0	0.0
137	__rnase_site_ext	36.0	0.0	0.0
137	p0	1.0	0.0	0.0
137	protein1	1144.6666666666667	39.0	0.7618646666666665
137	protein2	1078.6666666666667	40.66666666666666	1.0890176666666669
137	protein3	222.66666666666663	6.666666666666668	1.2777776666666667
137	rnapol	0.0	0.0	0.0
138	__protein1_rbs	34.0	0.0	0.0
138	__protein2_rbs	34.0	0.0	0.0
138	__protein3_rbs	5.0	0.0	0.0
138	__ribosome	14.666666666666664	0.0	0.0
138	__rnase_site_ext	35.0	0.0	0.0
138	p0	1.0	0.0	0.0
138	protein1	1154.0	39.0	0.8294196666666668
138	protein2	1091.0	41.0	1.0674846666666669
138	protein3	224.0	6.666666666666668	1.404761666666667
138	rnapol	0.3333333333333333	0.0	0.0
139	__protein1_rbs	35.333333333333336	0.0	0.0
139	__protein2_rbs	35.666666666666664	0.0	0.0
139	__protein3_rbs	5.666666666666668	0.0	0.0
139	__ribosome	12.333333333333336	0.0	0.0
139	__rnase_site_ext	36.0	0.0	0.0
139	p0	1.0	0.0	0.0
139	protein1	1163.6666666666667	39.333333333333336	0.8057016666666666
139	protein2	1099.3333333333333	41.333333333333336	1.134231
139	protein3	225.66666666666663	7.0	1.333333
139	rnapol	0.0	0.0	0.0
140	__protein1_rbs	35.0	0.0	0.0
140	__protein2_rbs	35.333333333333336	0.0	0.0
140	__protein3_rbs	7.0	0.0	0.0
140	__ribosome	15.0	0.0	0.0
140	__rnase_site_ext	36.66666666666666	0.0	0.0
140	p0	0.6666666666666666	0.0	0.0
140	protein1	1171.3333333333333	39.333333333333336	0.804145
140	protein2	1110.3333333333333	41.66666666666666	1.1046733333333334
140	protein3	228.0	7.0	1.047619
140	rnapol	0.3333333333333333	0.0	0.0
141	__protein1_rbs	34.0	0.0	0.0
141	__protein2_rbs	35.0	0.0	0.0
141	__protein3_rbs	5.0	0.0	0.0
141	__ribosome	16.333333333333332	0.0	0.0
141	__rnase_site_ext	35.666666666666664	0.0	0.0
141	p0	0.6666666666666666	0.0	0.0
141	protein1	1183.3333333333333	39.333333333333336	0.7579363333333333
141	protein2	1121.6666666666667	41.66666666666666	1.134963333333333
141	protein3	230.66666666666663	7.0	0.952381
141	rnapol	0.0	0.0	0.0
142	__protein1_rbs	34.333333333333336	0.0	0.0
142	__protein2_rbs	35.0	0.0	0.0
142	__protein3_rbs	7.0	0.0	0.0
142	__ribosome	15.666666666666664	0.0	0.0
142	__rnase_site_ext	35.333333333333336	0.0	0.0
142	p0	1.0	0.0	0.0
142	protein1	1192.3333333333333	39.0	0.779365
142	protein2	1131.3333333333333	40.66666666666666	1.2067063333333332
142	protein3	233.33333333333331	7.333333333333332	0.6785716666666666
142	rnapol	0.3333333333333333	0.0	0.0
143	__protein1_rbs	31.33333333333333	0.0	0.0
143	__protein2_rbs	33.333333333333336	0.0	0.0
143	__protein3_rbs	6.333333333333332	0.0	0.0
143	__ribosome	12.0	0.0	0.0
143	__rnase_site_ext	35.0	0.0	0.0
143	p0	1.0	0.0	0.0
143	protein1	1200.6666666666667	39.333333333333336	0.848016
143	protein2	1143.6666666666667	40.333333333333336	1.17365
143	protein3	234.33333333333331	7.333333333333332	1.0535713333333334
143	rnapol	0.3333333333333333	0.0	0.0
144	__protein1_rbs	33.666666666666664	0.0	0.0
144	__protein2_rbs	37.0	0.0	0.0
144	__protein3_rbs	7.0	0.0	0.0
144	__ribosome	13.0	0.0	0.0
144	__rnase_site_ext	35.333333333333336	0.0	0.0
144	p0	0.6666666666666666	0.0	0.0
144	protein1	1210.0	39.0	0.8637566666666666
144	protein2	1153.3333333333333	40.333333333333336	1.102726
144	protein3	235.33333333333331	7.333333333333332	1.2440476666666669
144	rnapol	0.3333333333333333	0.0	0.0
145	__protein1_rbs	33.333333333333336	0.0	0.0
145	__protein2_rbs	35.666666666666664	0.0	0.0
145	__protein3_rbs	6.333333333333332	0.0	0.0
145	__ribosome	12.666666666666664	0.0	0.0
145	__rnase_site_ext	35.0	0.0	0.0
145	p0	1.0	0.0	0.0
145	protein1	1219.0	39.333333333333336	0.8765139999999999
145	protein2	1166.3333333333333	40.66666666666666	1.063492
145	protein3	236.66666666666663	7.666666666666668	1.2559523333333331
145	rnapol	0.0	0.0	0.0
146	__protein1_rbs	35.0	0.0	0.0
146	__protein2_rbs	35.666666666666664	0.0	0.0
146	__protein3_rbs	6.333333333333332	0.0	0.0
146	__ribosome	16.0	0.0	0.0
146	__rnase_site_ext	36.0	0.0	0.0
146	p0	1.0	0.0	0.0
146	protein1	1228.6666666666667	40.0	0.8226469999999999
146	protein2	1179.6666666666667	40.66666666666666	1.007101
146	protein3	238.0	7.666666666666668	1.3511903333333333
146	rnapol	0.3333333333333333	0.0	0.0
147	__protein1_rbs	36.0	0.0	0.0
147	__protein2_rbs	36.0	0.0	0.0
147	__protein3_rbs	6.0	0.0	0.0
147	__ribosome	13.0	0.0	0.0
147	__rnase_site_ext	37.0	0.0	0.0
147	p0	1.0	0.0	0.0
147	protein1	1237.6666666666667	40.66666666666666	0.7964913333333333
147	protein2	1187.3333333333333	41.0	1.082804
147	protein3	240.66666666666663	7.666666666666668	1.3511903333333333
147	rnapol	0.3333333333333333	0.0	0.0
148	__protein1_rbs	35.333333333333336	0.0	0.0
148	__protein2_rbs	36.333333333333336	0.0	0.0
148	__protein3_rbs	7.333333333333332	0.0	0.0
148	__ribosome	15.666666666666664	0.0	0.0
148	__rnase_site_ext	37.66666666666666	0.0	0.0
148	p0	0.6666666666666666	0.0	0.0
148	protein1	1250.3333333333333	40.66666666666666	0.7420303333333332
148	protein2	1196.3333333333333	41.0	1.115983333333333
148	protein3	243.33333333333331	8.0	1.0833333333333333
148	rnapol	0.0	0.0	0.0
149	__protein1_rbs	34.666666666666664	0.0	0.0
149	__protein2_rbs	35.0	0.0	0.0
149	__protein3_rbs	6.666666666666668	0.0	0.0
149	__ribosome	15.0	0.0	0.0
149	__rnase_site_ext	36.66666666666666	0.0	0.0
149	p0	0.6666666666666666	0.0	0.0
149	protein1	1258.0	40.66666666666666	0.8167066666666667
149	protein2	1207.6666666666667	40.0	1.1031326666666663
149	protein3	245.33333333333331	7.333333333333332	1.029762
149	rnapol	0.0	0.0	0.0
150	__protein1_rbs	34.333333333333336	0.0	0.0
150	__protein2_rbs	33.333333333333336	0.0	0.0
150	__protein3_rbs	5.333333333333333	0.0	0.0
150	__ribosome	13.0	0.0	0.0
150	__rnase_site_ext	36.333333333333336	0.0	0.0
150	p0	0.6666666666666666	0.0	0.0
150	protein1	1266.0	40.333333333333336	0.8431723333333334
150	protein2	1219.3333333333333	40.333333333333336	1.1289473333333333
150	protein3	247.33333333333331	6.666666666666668	1.1349203333333333
150	rnapol	0.3333333333333333	0.0	0.0
151	__protein1_rbs	34.333333333333336	0.0	0.0
151	__protein2_rbs	35.0	0.0	0.0
151	__protein3_rbs	6.0	0.0	0.0
151	__ribosome	13.0	0.0	0.0
151	__rnase_site_ext	35.0	0.0	0.0
151	p0	1.0	0.0	0.0
151	protein1	1277.0	41.0	0.8141996666666668
151	protein2	1230.0	41.0	1.1479046666666666
151	protein3	250.33333333333331	6.666666666666668	1.0238093333333331
151	rnapol	0.6666666666666666	0.0	0.0
152	__protein1_rbs	33.333333333333336	0.0	0.0
152	__protein2_rbs	35.0	0.0	0.0
152	__protein3_rbs	5.0	0.0	0.0
152	__ribosome	12.0	0.0	0.0
152	__rnase_site_ext	35.666666666666664	0.0	0.0
152	p0	0.6666666666666666	0.0	0.0
152	protein1	1288.3333333333333	40.0	0.812405
152	protein2	1239.0	41.333333333333336	1.1586413333333334
152	protein3	251.33333333333331	6.666666666666668	1.1746029999999998
152	rnapol	0.3333333333333333	0.0	0.0
153	__protein1_rbs	35.333333333333336	0.0	0.0
153	__protein2_rbs	36.0	0.0	0.0
153	__protein3_rbs	6.0	0.0	0.0
153	__ribosome	9.333333333333334	0.0	0.0
153	__rnase_site_ext	39.0	0.0	0.0
153	p0	1.0	0.0	0.0
153	protein1	1294.6666666666667	39.333333333333336	0.8430850000000001
153	protein2	1248.3333333333333	41.66666666666666	1.1775553333333335
153	protein3	252.33333333333331	6.666666666666668	1.2857139999999998
153	rnapol	0.3333333333333333	0.0	0.0
154	__protein1_rbs	34.333333333333336	0.0	0.0
154	__protein2_rbs	38.333333333333336	0.0	0.0
154	__protein3_rbs	5.666666666666668	0.0	0.0
154	__ribosome	14.666666666666664	0.0	0.0
154	__rnase_site_ext	35.0	0.0	0.0
154	p0	0.6666666666666666	0.0	0.0
154	protein1	1305.6666666666667	38.66666666666666	0.8016460000000002
154	protein2	1260.6666666666667	42.333333333333336	1.0686816666666668
154	protein3	254.0	6.666666666666668	1.3492063333333333
154	rnapol	1.0	0.0	0.0
155	__protein1_rbs	34.0	0.0	0.0
155	__protein2_rbs	35.333333333333336	0.0	0.0
155	__protein3_rbs	6.0	0.0	0.0
155	__ribosome	15.333333333333336	0.0	0.0
155	__rnase_site_ext	35.666666666666664	0.0	0.0
155	p0	1.0	0.0	0.0
155	protein1	1316.6666666666667	39.66666666666666	0.8032496666666668
155	protein2	1272.6666666666667	42.333333333333336	1.0673893333333333
155	protein3	256.3333333333333	6.666666666666668	1.1746033333333334
155	rnapol	0.3333333333333333	0.0	0.0
156	__protein1_rbs	36.0	0.0	0.0
156	__protein2_rbs	36.66666666666666	0.0	0.0
156	__protein3_rbs	5.666666666666668	0.0	0.0
156	__ribosome	14.666666666666664	0.0	0.0
156	__rnase_site_ext	37.333333333333336	0.0	0.0
156	p0	1.0	0.0	0.0
156	protein1	1326.0	40.0	0.8193800000000001
156	protein2	1283.6666666666667	42.66666666666666	1.0454546666666666
156	protein3	258.0	6.666666666666668	1.2698413333333332
156	rnapol	0.3333333333333333	0.0	0.0
157	__protein1_rbs	35.0	0.0	0.0
157	__protein2_rbs	35.666666666666664	0.0	0.0
157	__protein3_rbs	6.0	0.0	0.0
157	__ribosome	12.333333333333336	0.0	0.0
157	__rnase_site_ext	38.0	0.0	0.0
157	p0	0.6666666666666666	0.0	0.0
157	protein1	1333.0	41.0	0.8603106666666666
157	protein2	1295.0	41.66666666666666	1.07136
157	protein3	260.6666666666667	6.666666666666668	1.2222223333333333
157	rnapol	0.0	0.0	0.0
158	__protein1_rbs	37.0	0.0	0.0
158	__protein2_rbs	34.666666666666664	0.0	0.0
158	__protein3_rbs	4.666666666666667	0.0	0.0
158	__ribosome	12.0	0.0	0.0
158	__rnase_site_ext	38.333333333333336	0.0	0.0
158	p0	1.0	0.0	0.0
158	protein1	1344.0	41.333333333333336	0.7707326666666666
158	protein2	1302.6666666666667	41.0	1.1530106666666666
158	protein3	262.3333333333333	6.333333333333332	1.4285713333333334
158	rnapol	0.6666666666666666	0.0	0.0
159	__protein1_rbs	35.0	0.0	0.0
159	__protein2_rbs	36.0	0.0	0.0
159	__protein3_rbs	5.333333333333333	0.0	0.0
159	__ribosome	12.333333333333336	0.0	0.0
159	__rnase_site_ext	37.333333333333336	0.0	0.0
159	p0	1.0	0.0	0.0
159	protein1	1354.6666666666667	42.0	0.7611470000000001
159	protein2	1314.3333333333333	41.0	1.1252926666666667
159	protein3	263.3333333333333	6.333333333333332	1.5238096666666667
159	rnapol	0.3333333333333333	0.0	0.0
160	__protein1_rbs	36.0	0.0	0.0
160	__protein2_rbs	35.333333333333336	0.0	0.0
160	__protein3_rbs	6.0	0.0	0.0
160	__ribosome	12.333333333333336	0.0	0.0
160	__rnase_site_ext	37.66666666666666	0.0	0.0
160	p0	1.0	0.0	0.0
160	protein1	1365.3333333333333	41.66666666666666	0.808388
160	protein2	1324.6666666666667	41.0	1.1208816666666666
160	protein3	265.3333333333333	6.333333333333332	1.3174603333333332
160	rnapol	0.0	0.0	0.0
161	__protein1_rbs	34.333333333333336	0.0	0.0
161	__protein2_rbs	35.0	0.0	0.0
161	__protein3_rbs	6.0	0.0	0.0
161	__ribosome	12.666666666666664	0.0	0.0
161	__rnase_site_ext	36.333333333333336	0.0	0.0
161	p0	1.0	0.0	0.0
161	protein1	1372.6666666666667	40.66666666666666	0.9273256666666666
161	protein2	1337.3333333333333	41.0	1.036838
161	protein3	268.3333333333333	6.666666666666668	1.0873013333333337
161	rnapol	0.3333333333333333	0.0	0.0
162	__protein1_rbs	36.333333333333336	0.0	0.0
162	__protein2_rbs	37.0	0.0	0.0
162	__protein3_rbs	5.666666666666668	0.0	0.0
162	__ribosome	12.666666666666664	0.0	0.0
162	__rnase_site_ext	38.0	0.0	0.0
162	p0	1.0	0.0	0.0
162	protein1	1381.666666666667	41.333333333333336	0.95094
162	protein2	1347.6666666666667	41.66666666666666	0.9562639999999999
162	protein3	269.3333333333333	6.666666666666668	1.2301586666666666
162	rnapol	0.3333333333333333	0.0	0.0
163	__protein1_rbs	34.333333333333336	0.0	0.0
163	__protein2_rbs	36.0	0.0	0.0
163	__protein3_rbs	6.0	0.0	0.0
163	__ribosome	17.0	0.0	0.0
163	__rnase_site_ext	38.333333333333336	0.0	0.0
163	p0	0.6666666666666666	0.0	0.0
163	protein1	1396.0	42.0	0.8594626666666666
163	protein2	1358.6666666666667	42.0	0.9796176666666666
163	protein3	272.0	6.333333333333332	0.9603176666666666
163	rnapol	0.3333333333333333	0.0	0.0
164	__protein1_rbs	36.66666666666666	0.0	0.0
164	__protein2_rbs	37.66666666666666	0.0	0.0
164	__protein3_rbs	5.333333333333333	0.0	0.0
164	__ribosome	10.666666666666666	0.0	0.0
164	__rnase_site_ext	39.0	0.0	0.0
164	p0	1.0	0.0	0.0
164	protein1	1405.333333333333	42.333333333333336	0.884127
164	protein2	1366.0	42.333333333333336	1.0653276666666665
164	protein3	273.3333333333333	6.666666666666668	1.0396823333333334
164	rnapol	0.3333333333333333	0.0	0.0
165	__protein1_rbs	35.666666666666664	0.0	0.0
165	__protein2_rbs	36.333333333333336	0.0	0.0
165	__protein3_rbs	5.333333333333333	0.0	0.0
165	__ribosome	12.333333333333336	0.0	0.0
165	__rnase_site_ext	39.333333333333336	0.0	0.0
165	p0	1.0	0.0	0.0
165	protein1	1417.666666666667	42.333333333333336	0.8535713333333333
165	protein2	1376.666666666667	42.66666666666666	1.0380703333333334
165	protein3	275.0	6.333333333333332	1.142857
165	rnapol	1.0	0.0	0.0
166	__protein1_rbs	38.333333333333336	0.0	0.0
166	__protein2_rbs	38.333333333333336	0.0	0.0
166	__protein3_rbs	5.0	0.0	0.0
166	__ribosome	13.333333333333336	0.0	0.0
166	__rnase_site_ext	40.0	0.0	0.0
166	p0	1.0	0.0	0.0
166	protein1	1428.0	42.333333333333336	0.8019176666666666
166	protein2	1385.666666666667	42.333333333333336	1.0710953333333333
166	protein3	277.3333333333333	6.333333333333332	1.1587303333333334
166	rnapol	0.0	0.0	0.0
167	__protein1_rbs	35.333333333333336	0.0	0.0
167	__protein2_rbs	37.333333333333336	0.0	0.0
167	__protein3_rbs	5.333333333333333	0.0	0.0
167	__ribosome	12.333333333333336	0.0	0.0
167	__rnase_site_ext	37.66666666666666	0.0	0.0
167	p0	0.6666666666666666	0.0	0.0
167	protein1	1438.666666666667	42.0	0.8566016666666667
167	protein2	1395.666666666667	42.66666666666666	1.017431
167	protein3	277.6666666666667	6.333333333333332	1.3174603333333332
167	rnapol	0.0	0.0	0.0
168	__protein1_rbs	35.333333333333336	0.0	0.0
168	__protein2_rbs	37.0	0.0	0.0
168	__protein3_rbs	5.666666666666668	0.0	0.0
168	__ribosome	13.333333333333336	0.0	0.0
168	__rnase_site_ext	37.0	0.0	0.0
168	p0	1.0	0.0	0.0
168	protein1	1449.666666666667	41.333333333333336	0.8774216666666668
168	protein2	1408.666666666667	43.0	0.9854959999999999
168	protein3	279.0	6.333333333333332	1.2460316666666669
168	rnapol	0.0	0.0	0.0
169	__protein1_rbs	33.333333333333336	0.0	0.0
169	__protein2_rbs	38.333333333333336	0.0	0.0
169	__protein3_rbs	5.333333333333333	0.0	0.0
169	__ribosome	13.0	0.0	0.0
169	__rnase_site_ext	36.66666666666666	0.0	0.0
169	p0	1.0	0.0	0.0
169	protein1	1460.0	40.0	0.9182616666666666
169	protein2	1417.666666666667	43.33333333333334	1.007752
169	protein3	281.6666666666667	6.0	1.1111113333333331
169	rnapol	0.0	0.0	0.0
170	__protein1_rbs	37.0	0.0	0.0
170	__protein2_rbs	38.66666666666666	0.0	0.0
170	__protein3_rbs	5.666666666666668	0.0	0.0
170	__ribosome	17.333333333333332	0.0	0.0
170	__rnase_site_ext	37.66666666666666	0.0	0.0
170	p0	0.6666666666666666	0.0	0.0
170	protein1	1470.0	40.0	0.8708133333333334
170	protein2	1429.666666666667	43.66666666666666	0.9715683333333334
170	protein3	283.6666666666667	6.0	0.8888889999999999
170	rnapol	0.3333333333333333	0.0	0.0
171	__protein1_rbs	32.0	0.0	0.0
171	__protein2_rbs	39.66666666666666	0.0	0.0
171	__protein3_rbs	6.0	0.0	0.0
171	__ribosome	11.666666666666664	0.0	0.0
171	__rnase_site_ext	34.333333333333336	0.0	0.0
171	p0	1.0	0.0	0.0
171	protein1	1481.0	40.333333333333336	0.9227056666666668
171	protein2	1436.666666666667	44.0	1.0645486666666668
171	protein3	285.6666666666667	6.0	0.7777776666666667
171	rnapol	0.3333333333333333	0.0	0.0
172	__protein1_rbs	35.0	0.0	0.0
172	__protein2_rbs	36.66666666666666	0.0	0.0
172	__protein3_rbs	5.333333333333333	0.0	0.0
172	__ribosome	11.333333333333336	0.0	0.0
172	__rnase_site_ext	37.333333333333336	0.0	0.0
172	p0	1.0	0.0	0.0
172	protein1	1491.333333333333	40.66666666666666	0.8964573333333332
172	protein2	1447.666666666667	44.0	1.0798383333333332
172	protein3	286.6666666666667	6.333333333333332	0.7936506666666667
172	rnapol	0.0	0.0	0.0
173	__protein1_rbs	35.0	0.0	0.0
173	__protein2_rbs	37.333333333333336	0.0	0.0
173	__protein3_rbs	6.0	0.0	0.0
173	__ribosome	12.333333333333336	0.0	0.0
173	__rnase_site_ext	35.666666666666664	0.0	0.0
173	p0	0.6666666666666666	0.0	0.0
173	protein1	1501.666666666667	40.333333333333336	0.8615756666666666
173	protein2	1458.333333333333	42.66666666666666	1.1311783333333334
173	protein3	288.0	6.666666666666668	0.7083333333333334
173	rnapol	0.0	0.0	0.0
174	__protein1_rbs	33.333333333333336	0.0	0.0
174	__protein2_rbs	39.0	0.0	0.0
174	__protein3_rbs	6.333333333333332	0.0	0.0
174	__ribosome	17.0	0.0	0.0
174	__rnase_site_ext	36.66666666666666	0.0	0.0
174	p0	1.0	0.0	0.0
174	protein1	1513.666666666667	41.333333333333336	0.8605953333333334
174	protein2	1471.0	42.0	1.0235773333333331
174	protein3	289.0	6.666666666666668	0.7083333333333334
174	rnapol	0.3333333333333333	0.0	0.0
175	__protein1_rbs	34.666666666666664	0.0	0.0
175	__protein2_rbs	37.333333333333336	0.0	0.0
175	__protein3_rbs	6.0	0.0	0.0
175	__ribosome	15.0	0.0	0.0
175	__rnase_site_ext	38.0	0.0	0.0
175	p0	1.0	0.0	0.0
175	protein1	1524.0	41.333333333333336	0.9395389999999999
175	protein2	1482.0	41.66666666666666	1.0056483333333337
175	protein3	290.3333333333333	6.666666666666668	0.6805556666666667
175	rnapol	0.0	0.0	0.0
176	__protein1_rbs	36.66666666666666	0.0	0.0
176	__protein2_rbs	39.66666666666666	0.0	0.0
176	__protein3_rbs	5.666666666666668	0.0	0.0
176	__ribosome	17.0	0.0	0.0
176	__rnase_site_ext	38.0	0.0	0.0
176	p0	1.0	0.0	0.0
176	protein1	1535.0	41.66666666666666	0.9010133333333332
176	protein2	1491.333333333333	41.66666666666666	0.9594203333333334
176	protein3	290.6666666666667	6.666666666666668	0.8333333333333334
176	rnapol	0.6666666666666666	0.0	0.0
177	__protein1_rbs	34.333333333333336	0.0	0.0
177	__protein2_rbs	35.0	0.0	0.0
177	__protein3_rbs	5.0	0.0	0.0
177	__ribosome	13.333333333333336	0.0	0.0
177	__rnase_site_ext	37.0	0.0	0.0
177	p0	0.6666666666666666	0.0	0.0
177	protein1	1543.333333333333	41.66666666666666	1.0074466666666666
177	protein2	1505.333333333333	41.66666666666666	0.9348143333333332
177	protein3	292.6666666666667	6.666666666666668	0.9722223333333332
177	rnapol	0.3333333333333333	0.0	0.0
178	__protein1_rbs	34.666666666666664	0.0	0.0
178	__protein2_rbs	37.66666666666666	0.0	0.0
178	__protein3_rbs	6.0	0.0	0.0
178	__ribosome	13.333333333333336	0.0	0.0
178	__rnase_site_ext	36.66666666666666	0.0	0.0
178	p0	0.6666666666666666	0.0	0.0
178	protein1	1558.333333333333	42.333333333333336	0.9341126666666666
178	protein2	1512.333333333333	42.0	0.9596563333333332
178	protein3	293.6666666666667	6.666666666666668	1.0972223333333333
178	rnapol	0.0	0.0	0.0
179	__protein1_rbs	38.66666666666666	0.0	0.0
179	__protein2_rbs	36.0	0.0	0.0
179	__protein3_rbs	6.333333333333332	0.0	0.0
179	__ribosome	14.333333333333336	0.0	0.0
179	__rnase_site_ext	40.0	0.0	0.0
179	p0	1.0	0.0	0.0
179	protein1	1570.0	42.333333333333336	0.8402776666666667
179	protein2	1521.333333333333	42.333333333333336	0.9968886666666666
179	protein3	294.3333333333333	7.0	1.1805556666666666
179	rnapol	0.0	0.0	0.0
180	__protein1_rbs	36.0	0.0	0.0
180	__protein2_rbs	37.66666666666666	0.0	0.0
180	__protein3_rbs	6.0	0.0	0.0
180	__ribosome	14.0	0.0	0.0
180	__rnase_site_ext	38.0	0.0	0.0
180	p0	1.0	0.0	0.0
180	protein1	1580.666666666667	42.0	0.8496070000000001
180	protein2	1530.0	42.333333333333336	1.0031916666666667
180	protein3	295.6666666666667	6.666666666666668	1.229762
180	rnapol	0.3333333333333333	0.0	0.0
181	__protein1_rbs	35.666666666666664	0.0	0.0
181	__protein2_rbs	36.66666666666666	0.0	0.0
181	__protein3_rbs	5.0	0.0	0.0
181	__ribosome	14.666666666666664	0.0	0.0
181	__rnase_site_ext	37.66666666666666	0.0	0.0
181	p0	0.6666666666666666	0.0	0.0
181	protein1	1592.0	42.333333333333336	0.8407503333333333
181	protein2	1542.333333333333	42.333333333333336	0.9805306666666668
181	protein3	297.6666666666667	6.333333333333332	1.3333333333333333
181	rnapol	0.3333333333333333	0.0	0.0
182	__protein1_rbs	35.333333333333336	0.0	0.0
182	__protein2_rbs	36.0	0.0	0.0
182	__protein3_rbs	5.666666666666668	0.0	0.0
182	__ribosome	11.0	0.0	0.0
182	__rnase_site_ext	37.66666666666666	0.0	0.0
182	p0	0.3333333333333333	0.0	0.0
182	protein1	1603.0	42.333333333333336	0.9058889999999999
182	protein2	1551.333333333333	43.0	1.0112180000000002
182	protein3	300.0	6.0	1.2269843333333332
182	rnapol	0.0	0.0	0.0
183	__protein1_rbs	35.333333333333336	0.0	0.0
183	__protein2_rbs	37.0	0.0	0.0
183	__protein3_rbs	5.0	0.0	0.0
183	__ribosome	9.666666666666666	0.0	0.0
183	__rnase_site_ext	37.333333333333336	0.0	0.0
183	p0	1.0	0.0	0.0
183	protein1	1613.0	41.66666666666666	0.9476266666666668
183	protein2	1561.0	43.0	1.029304
183	protein3	302.0	6.0	1.1507936666666667
183	rnapol	0.0	0.0	0.0
184	__protein1_rbs	37.66666666666666	0.0	0.0
184	__protein2_rbs	37.0	0.0	0.0
184	__protein3_rbs	5.666666666666668	0.0	0.0
184	__ribosome	10.333333333333334	0.0	0.0
184	__rnase_site_ext	38.0	0.0	0.0
184	p0	0.6666666666666666	0.0	0.0
184	protein1	1621.333333333333	42.0	0.9127976666666668
184	protein2	1570.0	43.33333333333334	1.037952
184	protein3	303.0	6.0	1.1031746666666666
184	rnapol	0.3333333333333333	0.0	0.0
185	__protein1_rbs	37.333333333333336	0.0	0.0
185	__protein2_rbs	39.0	0.0	0.0
185	__protein3_rbs	5.333333333333333	0.0	0.0
185	__ribosome	13.666666666666664	0.0	0.0
185	__rnase_site_ext	38.0	0.0	0.0
185	p0	0.6666666666666666	0.0	0.0
185	protein1	1635.666666666667	42.0	0.7908803333333333
185	protein2	1580.0	44.0	1.031589
185	protein3	304.3333333333333	6.0	1.3698413333333337
185	rnapol	0.0	0.0	0.0
186	__protein1_rbs	36.0	0.0	0.0
186	__protein2_rbs	37.66666666666666	0.0	0.0
186	__protein3_rbs	5.333333333333333	0.0	0.0
186	__ribosome	16.0	0.0	0.0
186	__rnase_site_ext	38.333333333333336	0.0	0.0
186	p0	1.0	0.0	0.0
186	protein1	1648.333333333333	42.66666666666666	0.7681673333333334
186	protein2	1592.0	44.33333333333334	1.027752
186	protein3	307.0	6.0	1.0380953333333334
186	rnapol	0.0	0.0	0.0
187	__protein1_rbs	36.66666666666666	0.0	0.0
187	__protein2_rbs	39.333333333333336	0.0	0.0
187	__protein3_rbs	5.0	0.0	0.0
187	__ribosome	11.666666666666664	0.0	0.0
187	__rnase_site_ext	38.333333333333336	0.0	0.0
187	p0	1.0	0.0	0.0
187	protein1	1657.0	42.66666666666666	0.8494466666666667
187	protein2	1602.333333333333	44.0	1.050873
187	protein3	308.0	6.0	1.171428666666667
187	rnapol	0.3333333333333333	0.0	0.0
188	__protein1_rbs	38.66666666666666	0.0	0.0
188	__protein2_rbs	37.66666666666666	0.0	0.0
188	__protein3_rbs	4.666666666666667	0.0	0.0
188	__ribosome	12.666666666666664	0.0	0.0
188	__rnase_site_ext	39.333333333333336	0.0	0.0
188	p0	0.6666666666666666	0.0	0.0
188	protein1	1665.333333333333	42.66666666666666	0.8432193333333333
188	protein2	1613.0	44.0	1.0427643333333334
188	protein3	310.0	6.0	1.046032
188	rnapol	0.0	0.0	0.0
189	__protein1_rbs	37.333333333333336	0.0	0.0
189	__protein2_rbs	37.333333333333336	0.0	0.0
189	__protein3_rbs	5.333333333333333	0.0	0.0
189	__ribosome	14.333333333333336	0.0	0.0
189	__rnase_site_ext	38.66666666666666	0.0	0.0
189	p0	1.0	0.0	0.0
189	protein1	1677.333333333333	44.0	0.7664569999999999
189	protein2	1623.666666666667	43.33333333333334	1.0674116666666666
189	protein3	311.0	6.0	1.0238096666666667
189	rnapol	0.3333333333333333	0.0	0.0
190	__protein1_rbs	36.333333333333336	0.0	0.0
190	__protein2_rbs	33.666666666666664	0.0	0.0
190	__protein3_rbs	5.666666666666668	0.0	0.0
190	__ribosome	13.0	0.0	0.0
190	__rnase_site_ext	39.0	0.0	0.0
190	p0	1.0	0.0	0.0
190	protein1	1689.333333333333	43.66666666666666	0.7726723333333334
190	protein2	1635.666666666667	43.0	1.1219513333333333
190	protein3	312.6666666666667	6.333333333333332	0.8571426666666667
190	rnapol	0.0	0.0	0.0
191	__protein1_rbs	39.66666666666666	0.0	0.0
191	__protein2_rbs	38.333333333333336	0.0	0.0
191	__protein3_rbs	4.666666666666667	0.0	0.0
191	__ribosome	13.666666666666664	0.0	0.0
191	__rnase_site_ext	40.333333333333336	0.0	0.0
191	p0	1.0	0.0	0.0
191	protein1	1698.333333333333	43.66666666666666	0.7544036666666667
191	protein2	1645.0	43.33333333333334	1.0909260000000005
191	protein3	314.0	6.0	1.1666666666666667
191	rnapol	0.0	0.0	0.0
192	__protein1_rbs	36.333333333333336	0.0	0.0
192	__protein2_rbs	37.66666666666666	0.0	0.0
192	__protein3_rbs	4.666666666666667	0.0	0.0
192	__ribosome	10.0	0.0	0.0
192	__rnase_site_ext	39.0	0.0	0.0
192	p0	0.6666666666666666	0.0	0.0
192	protein1	1707.0	44.0	0.8412700000000001
192	protein2	1656.0	43.66666666666666	1.0484126666666669
192	protein3	314.6666666666667	6.0	1.309524
192	rnapol	0.0	0.0	0.0
193	__protein1_rbs	39.66666666666666	0.0	0.0
193	__protein2_rbs	38.0	0.0	0.0
193	__protein3_rbs	6.333333333333332	0.0	0.0
193	__ribosome	12.666666666666664	0.0	0.0
193	__rnase_site_ext	41.0	0.0	0.0
193	p0	0.6666666666666666	0.0	0.0
193	protein1	1717.0	44.33333333333334	0.8321546666666665
193	protein2	1668.333333333333	44.33333333333334	1.0004053333333334
193	protein3	316.0	6.333333333333332	1.028571333333333
193	rnapol	0.6666666666666666	0.0	0.0
194	__protein1_rbs	37.333333333333336	0.0	0.0
194	__protein2_rbs	39.0	0.0	0.0
194	__protein3_rbs	5.333333333333333	0.0	0.0
194	__ribosome	15.0	0.0	0.0
194	__rnase_site_ext	40.0	0.0	0.0
194	p0	1.0	0.0	0.0
194	protein1	1728.333333333333	44.33333333333334	0.8341033333333333
194	protein2	1680.666666666667	44.33333333333334	0.9448133333333332
194	protein3	317.6666666666667	6.333333333333332	0.9619046666666669
194	rnapol	0.0	0.0	0.0
195	__protein1_rbs	39.333333333333336	0.0	0.0
195	__protein2_rbs	40.0	0.0	0.0
195	__protein3_rbs	5.666666666666668	0.0	0.0
195	__ribosome	13.333333333333336	0.0	0.0
195	__rnase_site_ext	40.66666666666666	0.0	0.0
195	p0	0.6666666666666666	0.0	0.0
195	protein1	1738.0	44.0	0.8884276666666667
195	protein2	1690.0	44.33333333333334	0.9344546666666668
195	protein3	319.3333333333333	6.333333333333332	0.942857
195	rnapol	0.0	0.0	0.0
196	__protein1_rbs	39.0	0.0	0.0
196	__protein2_rbs	37.333333333333336	0.0	0.0
196	__protein3_rbs	5.333333333333333	0.0	0.0
196	__ribosome	14.666666666666664	0.0	0.0
196	__rnase_site_ext	41.0	0.0	0.0
196	p0	0.6666666666666666	0.0	0.0
196	protein1	1750.666666666667	44.33333333333334	0.785338
196	protein2	1700.666666666667	44.66666666666666	0.9905606666666668
196	protein3	321.3333333333333	6.333333333333332	0.990476
196	rnapol	0.3333333333333333	0.0	0.0
197	__protein1_rbs	38.333333333333336	0.0	0.0
197	__protein2_rbs	39.66666666666666	0.0	0.0
197	__protein3_rbs	5.0	0.0	0.0
197	__ribosome	12.666666666666664	0.0	0.0
197	__rnase_site_ext	41.333333333333336	0.0	0.0
197	p0	1.0	0.0	0.0
197	protein1	1762.333333333333	45.66666666666666	0.7881206666666666
197	protein2	1711.0	45.33333333333334	0.9688373333333334
197	protein3	322.6666666666667	6.0	1.2698413333333334
197	rnapol	0.3333333333333333	0.0	0.0
198	__protein1_rbs	41.66666666666666	0.0	0.0
198	__protein2_rbs	40.0	0.0	0.0
198	__protein3_rbs	5.333333333333333	0.0	0.0
198	__ribosome	11.666666666666664	0.0	0.0
198	__rnase_site_ext	42.66666666666666	0.0	0.0
198	p0	1.0	0.0	0.0
198	protein1	1774.0	45.33333333333334	0.7363693333333333
198	protein2	1719.333333333333	45.66666666666666	1.0293940000000001
198	protein3	323.0	5.666666666666668	1.3888886666666669
198	rnapol	0.0	0.0	0.0
199	__protein1_rbs	40.333333333333336	0.0	0.0
199	__protein2_rbs	40.333333333333336	0.0	0.0
199	__protein3_rbs	4.333333333333333	0.0	0.0
199	__ribosome	10.333333333333334	0.0	0.0
199	__rnase_site_ext	42.0	0.0	0.0
199	p0	1.0	0.0	0.0
199	protein1	1782.333333333333	45.33333333333334	0.782655
199	protein2	1730.0	45.66666666666666	1.0230883333333334
199	protein3	325.0	5.666666666666668	1.3555556666666666
199	rnapol	0.6666666666666666	0.0	0.0
200	__protein1_rbs	39.333333333333336	0.0	0.0
200	__protein2_rbs	40.66666666666666	0.0	0.0
200	__protein3_rbs	5.666666666666668	0.0	0.0
200	__ribosome	13.666666666666664	0.0	0.0
200	__rnase_site_ext	43.66666666666666	0.0	0.0
200	p0	1.0	0.0	0.0
200	protein1	1793.0	45.66666666666666	0.7746279999999999
200	protein2	1742.666666666667	45.66666666666666	0.975619
200	protein3	327.3333333333333	5.666666666666668	1.188889
200	rnapol	0.6666666666666666	0.0	0.0
201	__protein1_rbs	42.0	0.0	0.0
201	__protein2_rbs	39.66666666666666	0.0	0.0
201	__protein3_rbs	4.333333333333333	0.0	0.0
201	__ribosome	12.333333333333336	0.0	0.0
201	__rnase_site_ext	44.0	0.0	0.0
201	p0	1.0	0.0	0.0
201	protein1	1804.0	46.66666666666666	0.7183663333333333
201	protein2	1753.666666666667	46.66666666666666	1.004677
201	protein3	328.6666666666667	5.666666666666668	1.3222223333333332
201	rnapol	0.0	0.0	0.0
202	__protein1_rbs	39.66666666666666	0.0	0.0
202	__protein2_rbs	39.66666666666666	0.0	0.0
202	__protein3_rbs	5.0	0.0	0.0
202	__ribosome	13.0	0.0	0.0
202	__rnase_site_ext	41.333333333333336	0.0	0.0
202	p0	1.0	0.0	0.0
202	protein1	1815.333333333333	47.0	0.724352
202	protein2	1765.333333333333	46.33333333333334	1.0077909999999999
202	protein3	330.6666666666667	5.666666666666668	1.1333333333333333
202	rnapol	0.0	0.0	0.0
203	__protein1_rbs	39.0	0.0	0.0
203	__protein2_rbs	43.33333333333334	0.0	0.0
203	__protein3_rbs	5.0	0.0	0.0
203	__ribosome	10.666666666666666	0.0	0.0
203	__rnase_site_ext	42.333333333333336	0.0	0.0
203	p0	0.3333333333333333	0.0	0.0
203	protein1	1825.0	46.66666666666666	0.7717499999999999
203	protein2	1773.333333333333	46.0	1.0074759999999998
203	protein3	331.6666666666667	5.666666666666668	1.2333333333333334
203	rnapol	0.0	0.0	0.0
204	__protein1_rbs	40.333333333333336	0.0	0.0
204	__protein2_rbs	41.0	0.0	0.0
204	__protein3_rbs	4.333333333333333	0.0	0.0
204	__ribosome	10.666666666666666	0.0	0.0
204	__rnase_site_ext	42.66666666666666	0.0	0.0
204	p0	0.6666666666666666	0.0	0.0
204	protein1	1833.333333333333	46.0	0.8027713333333333
204	protein2	1785.333333333333	47.0	0.9875043333333332
204	protein3	334.3333333333333	5.666666666666668	1.1
204	rnapol	0.6666666666666666	0.0	0.0
205	__protein1_rbs	39.66666666666666	0.0	0.0
205	__protein2_rbs	40.66666666666666	0.0	0.0
205	__protein3_rbs	5.0	0.0	0.0
205	__ribosome	12.666666666666664	0.0	0.0
205	__rnase_site_ext	43.33333333333334	0.0	0.0
205	p0	1.0	0.0	0.0
205	protein1	1843.666666666667	46.66666666666666	0.7887996666666667
205	protein2	1798.333333333333	47.33333333333334	0.9304813333333334
205	protein3	335.0	5.666666666666668	1.1666666666666667
205	rnapol	0.0	0.0	0.0
206	__protein1_rbs	39.66666666666666	0.0	0.0
206	__protein2_rbs	41.66666666666666	0.0	0.0
206	__protein3_rbs	5.333333333333333	0.0	0.0
206	__ribosome	13.333333333333336	0.0	0.0
206	__rnase_site_ext	41.333333333333336	0.0	0.0
206	p0	1.0	0.0	0.0
206	protein1	1856.0	46.33333333333334	0.7387106666666666
206	protein2	1808.333333333333	47.33333333333334	0.9806103333333336
206	protein3	336.3333333333333	5.666666666666668	1.0555556666666666
206	rnapol	0.3333333333333333	0.0	0.0
207	__protein1_rbs	40.333333333333336	0.0	0.0
207	__protein2_rbs	42.66666666666666	0.0	0.0
207	__protein3_rbs	4.666666666666667	0.0	0.0
207	__ribosome	13.333333333333336	0.0	0.0
207	__rnase_site_ext	42.66666666666666	0.0	0.0
207	p0	0.6666666666666666	0.0	0.0
207	protein1	1868.0	46.66666666666666	0.6969696666666666
207	protein2	1819.0	48.0	0.9963233333333332
207	protein3	338.0	5.666666666666668	1.1222219999999998
207	rnapol	0.3333333333333333	0.0	0.0
208	__protein1_rbs	41.66666666666666	0.0	0.0
208	__protein2_rbs	43.33333333333334	0.0	0.0
208	__protein3_rbs	5.0	0.0	0.0
208	__ribosome	12.333333333333336	0.0	0.0
208	__rnase_site_ext	43.0	0.0	0.0
208	p0	0.6666666666666666	0.0	0.0
208	protein1	1877.333333333333	47.0	0.7089096666666667
208	protein2	1829.0	49.0	1.004027
208	protein3	339.6666666666667	5.666666666666668	0.9444443333333332
208	rnapol	0.3333333333333333	0.0	0.0
209	__protein1_rbs	42.0	0.0	0.0
209	__protein2_rbs	44.0	0.0	0.0
209	__protein3_rbs	4.333333333333333	0.0	0.0
209	__ribosome	10.0	0.0	0.0
209	__rnase_site_ext	43.66666666666666	0.0	0.0
209	p0	1.0	0.0	0.0
209	protein1	1886.0	47.33333333333334	0.7117476666666667
209	protein2	1839.333333333333	48.66666666666666	1.0214753333333333
209	protein3	340.6666666666667	5.666666666666668	1.1888886666666667
209	rnapol	0.0	0.0	0.0
210	__protein1_rbs	41.66666666666666	0.0	0.0
210	__protein2_rbs	41.66666666666666	0.0	0.0
210	__protein3_rbs	4.333333333333333	0.0	0.0
210	__ribosome	14.666666666666664	0.0	0.0
210	__rnase_site_ext	44.33333333333334	0.0	0.0
210	p0	1.0	0.0	0.0
210	protein1	1899.666666666667	47.33333333333334	0.5988993333333333
210	protein2	1852.0	47.66666666666666	1.0349683333333333
210	protein3	342.0	5.666666666666668	1.3444446666666667
210	rnapol	0.0	0.0	0.0
211	__protein1_rbs	43.33333333333334	0.0	0.0
211	__protein2_rbs	42.333333333333336	0.0	0.0
211	__protein3_rbs	5.666666666666668	0.0	0.0
211	__ribosome	13.333333333333336	0.0	0.0
211	__rnase_site_ext	44.0	0.0	0.0
211	p0	0.6666666666666666	0.0	0.0
211	protein1	1907.666666666667	47.66666666666666	0.6384656666666667
211	protein2	1864.666666666667	47.33333333333334	1.0356123333333336
211	protein3	343.66666666666674	6.0	1.2222223333333333
211	rnapol	0.0	0.0	0.0
212	__protein1_rbs	42.66666666666666	0.0	0.0
212	__protein2_rbs	43.66666666666666	0.0	0.0
212	__protein3_rbs	4.666666666666667	0.0	0.0
212	__ribosome	11.333333333333336	0.0	0.0
212	__rnase_site_ext	44.33333333333334	0.0	0.0
212	p0	1.0	0.0	0.0
212	protein1	1917.0	48.33333333333334	0.6960816666666667
212	protein2	1877.0	48.0	0.9883149999999999
212	protein3	344.66666666666674	5.666666666666668	1.411111
212	rnapol	0.0	0.0	0.0
213	__protein1_rbs	44.33333333333334	0.0	0.0
213	__protein2_rbs	43.0	0.0	0.0
213	__protein3_rbs	5.333333333333333	0.0	0.0
213	__ribosome	11.0	0.0	0.0
213	__rnase_site_ext	45.0	0.0	0.0
213	p0	1.0	0.0	0.0
213	protein1	1925.0	47.33333333333334	0.6836539999999999
213	protein2	1887.0	48.33333333333334	1.0143316666666666
213	protein3	346.33333333333326	5.666666666666668	1.4111113333333332
213	rnapol	0.0	0.0	0.0
214	__protein1_rbs	42.333333333333336	0.0	0.0
214	__protein2_rbs	44.0	0.0	0.0
214	__protein3_rbs	4.666666666666667	0.0	0.0
214	__ribosome	13.333333333333336	0.0	0.0
214	__rnase_site_ext	43.33333333333334	0.0	0.0
214	p0	1.0	0.0	0.0
214	protein1	1934.666666666667	47.66666666666666	0.7034233333333333
214	protein2	1899.333333333333	48.66666666666666	0.962158
214	protein3	349.33333333333326	5.666666666666668	1.2333333333333332
214	rnapol	0.6666666666666666	0.0	0.0
215	__protein1_rbs	41.0	0.0	0.0
215	__protein2_rbs	42.0	0.0	0.0
215	__protein3_rbs	5.0	0.0	0.0
215	__ribosome	12.666666666666664	0.0	0.0
215	__rnase_site_ext	42.333333333333336	0.0	0.0
215	p0	0.6666666666666666	0.0	0.0
215	protein1	1947.333333333333	47.0	0.75136
215	protein2	1912.0	49.33333333333334	0.9293406666666666
215	protein3	351.0	6.0	1.0238096666666667
215	rnapol	0.3333333333333333	0.0	0.0
216	__protein1_rbs	44.0	0.0	0.0
216	__protein2_rbs	44.0	0.0	0.0
216	__protein3_rbs	6.0	0.0	0.0
216	__ribosome	10.0	0.0	0.0
216	__rnase_site_ext	45.0	0.0	0.0
216	p0	1.0	0.0	0.0
216	protein1	1954.666666666667	47.66666666666666	0.7573616666666666
216	protein2	1921.333333333333	49.33333333333334	0.9611243333333332
216	protein3	351.66666666666674	6.0	1.0793653333333333
216	rnapol	0.0	0.0	0.0
217	__protein1_rbs	42.66666666666666	0.0	0.0
217	__protein2_rbs	41.0	0.0	0.0
217	__protein3_rbs	5.333333333333333	0.0	0.0
217	__ribosome	14.0	0.0	0.0
217	__rnase_site_ext	44.0	0.0	0.0
217	p0	1.0	0.0	0.0
217	protein1	1965.0	47.33333333333334	0.7431523333333333
217	protein2	1933.666666666667	49.0	0.9481673333333336
217	protein3	354.33333333333326	6.0	0.7555556666666666
217	rnapol	0.0	0.0	0.0
218	__protein1_rbs	40.333333333333336	0.0	0.0
218	__protein2_rbs	42.333333333333336	0.0	0.0
218	__protein3_rbs	5.0	0.0	0.0
218	__ribosome	13.0	0.0	0.0
218	__rnase_site_ext	42.66666666666666	0.0	0.0
218	p0	0.6666666666666666	0.0	0.0
218	protein1	1980.0	48.0	0.7020993333333333
218	protein2	1943.333333333333	49.66666666666666	0.9796386666666668
218	protein3	355.33333333333326	5.333333333333333	0.9222223333333334
218	rnapol	0.0	0.0	0.0
219	__protein1_rbs	42.0	0.0	0.0
219	__protein2_rbs	45.33333333333334	0.0	0.0
219	__protein3_rbs	5.0	0.0	0.0
219	__ribosome	10.333333333333334	0.0	0.0
219	__rnase_site_ext	43.66666666666666	0.0	0.0
219	p0	1.0	0.0	0.0
219	protein1	1986.666666666667	48.66666666666666	0.7947066666666668
219	protein2	1955.0	49.33333333333334	0.9270623333333332
219	protein3	356.33333333333326	5.666666666666668	0.977778
219	rnapol	0.0	0.0	0.0
220	__protein1_rbs	39.0	0.0	0.0
220	__protein2_rbs	43.66666666666666	0.0	0.0
220	__protein3_rbs	5.0	0.0	0.0
220	__ribosome	9.333333333333334	0.0	0.0
220	__rnase_site_ext	42.333333333333336	0.0	0.0
220	p0	1.0	0.0	0.0
220	protein1	1996.0	47.0	0.9042283333333332
220	protein2	1966.666666666667	49.0	0.8920176666666667
220	protein3	358.0	5.666666666666668	0.9
220	rnapol	0.0	0.0	0.0
221	__protein1_rbs	42.66666666666666	0.0	0.0
221	__protein2_rbs	43.66666666666666	0.0	0.0
221	__protein3_rbs	4.666666666666667	0.0	0.0
221	__ribosome	11.0	0.0	0.0
221	__rnase_site_ext	43.33333333333334	0.0	0.0
221	p0	1.0	0.0	0.0
221	protein1	2008.333333333333	46.66666666666666	0.7956899999999999
221	protein2	1974.333333333333	49.33333333333334	0.9454546666666668
221	protein3	358.66666666666674	5.666666666666668	1.0666666666666669
221	rnapol	0.3333333333333333	0.0	0.0
222	__protein1_rbs	39.66666666666666	0.0	0.0
222	__protein2_rbs	43.0	0.0	0.0
222	__protein3_rbs	4.333333333333333	0.0	0.0
222	__ribosome	14.0	0.0	0.0
222	__rnase_site_ext	42.0	0.0	0.0
222	p0	0.6666666666666666	0.0	0.0
222	protein1	2019.666666666667	46.33333333333334	0.8224959999999999
222	protein2	1991.0	48.66666666666666	0.8558606666666666
222	protein3	359.66666666666674	5.666666666666668	1.1666666666666667
222	rnapol	0.6666666666666666	0.0	0.0
223	__protein1_rbs	38.333333333333336	0.0	0.0
223	__protein2_rbs	43.0	0.0	0.0
223	__protein3_rbs	5.666666666666668	0.0	0.0
223	__ribosome	11.333333333333336	0.0	0.0
223	__rnase_site_ext	39.66666666666666	0.0	0.0
223	p0	0.6666666666666666	0.0	0.0
223	protein1	2033.0	46.33333333333334	0.8014859999999999
223	protein2	1998.0	49.0	0.9301113333333334
223	protein3	361.33333333333326	6.333333333333332	0.9777776666666668
223	rnapol	0.0	0.0	0.0
224	__protein1_rbs	44.0	0.0	0.0
224	__protein2_rbs	43.66666666666666	0.0	0.0
224	__protein3_rbs	5.0	0.0	0.0
224	__ribosome	12.0	0.0	0.0
224	__rnase_site_ext	44.66666666666666	0.0	0.0
224	p0	0.6666666666666666	0.0	0.0
224	protein1	2042.666666666667	46.0	0.749084
224	protein2	2007.333333333333	48.66666666666666	0.9585953333333334
224	protein3	362.33333333333326	6.333333333333332	1.15
224	rnapol	0.3333333333333333	0.0	0.0
225	__protein1_rbs	41.0	0.0	0.0
225	__protein2_rbs	42.333333333333336	0.0	0.0
225	__protein3_rbs	6.0	0.0	0.0
225	__ribosome	13.666666666666664	0.0	0.0
225	__rnase_site_ext	41.66666666666666	0.0	0.0
225	p0	1.0	0.0	0.0
225	protein1	2055.0	46.33333333333334	0.708611
225	protein2	2018.333333333333	48.66666666666666	0.974607
225	protein3	364.0	6.333333333333332	1.0555556666666666
225	rnapol	0.0	0.0	0.0
226	__protein1_rbs	41.333333333333336	0.0	0.0
226	__protein2_rbs	41.66666666666666	0.0	0.0
226	__protein3_rbs	6.333333333333332	0.0	0.0
226	__ribosome	13.0	0.0	0.0
226	__rnase_site_ext	42.333333333333336	0.0	0.0
226	p0	1.0	0.0	0.0
226	protein1	2064.333333333333	46.33333333333334	0.7207383333333334
226	protein2	2031.0	48.66666666666666	0.9695503333333332
226	protein3	365.0	6.666666666666668	1.0416666666666667
226	rnapol	0.3333333333333333	0.0	0.0
227	__protein1_rbs	41.333333333333336	0.0	0.0
227	__protein2_rbs	42.333333333333336	0.0	0.0
227	__protein3_rbs	5.666666666666668	0.0	0.0
227	__ribosome	10.333333333333334	0.0	0.0
227	__rnase_site_ext	43.66666666666666	0.0	0.0
227	p0	1.0	0.0	0.0
227	protein1	2074.6666666666665	46.33333333333334	0.7531206666666667
227	protein2	2040.666666666667	48.33333333333334	1.0045190000000002
227	protein3	367.0	7.0	1.015873
227	rnapol	0.0	0.0	0.0
228	__protein1_rbs	42.0	0.0	0.0
228	__protein2_rbs	43.0	0.0	0.0
228	__protein3_rbs	6.666666666666668	0.0	0.0
228	__ribosome	11.0	0.0	0.0
228	__rnase_site_ext	43.33333333333334	0.0	0.0
228	p0	1.0	0.0	0.0
228	protein1	2083.333333333333	46.66666666666666	0.749985
228	protein2	2052.0	48.33333333333334	0.9918936666666666
228	protein3	368.33333333333326	7.0	0.9742063333333334
228	rnapol	0.0	0.0	0.0
229	__protein1_rbs	40.333333333333336	0.0	0.0
229	__protein2_rbs	42.333333333333336	0.0	0.0
229	__protein3_rbs	6.666666666666668	0.0	0.0
229	__ribosome	13.666666666666664	0.0	0.0
229	__rnase_site_ext	42.66666666666666	0.0	0.0
229	p0	1.0	0.0	0.0
229	protein1	2094.333333333333	47.0	0.7249716666666667
229	protein2	2062.6666666666665	48.33333333333334	0.972568
229	protein3	370.66666666666674	7.0	0.8293653333333332
229	rnapol	0.3333333333333333	0.0	0.0
230	__protein1_rbs	41.66666666666666	0.0	0.0
230	__protein2_rbs	43.33333333333334	0.0	0.0
230	__protein3_rbs	5.333333333333333	0.0	0.0
230	__ribosome	14.333333333333336	0.0	0.0
230	__rnase_site_ext	43.66666666666666	0.0	0.0
230	p0	0.6666666666666666	0.0	0.0
230	protein1	2105.6666666666665	47.66666666666666	0.7347743333333333
230	protein2	2075.333333333333	47.0	0.9404613333333334
230	protein3	371.66666666666674	7.333333333333332	1.0
230	rnapol	0.3333333333333333	0.0	0.0
231	__protein1_rbs	42.0	0.0	0.0
231	__protein2_rbs	41.66666666666666	0.0	0.0
231	__protein3_rbs	6.666666666666668	0.0	0.0
231	__ribosome	10.666666666666666	0.0	0.0
231	__rnase_site_ext	44.0	0.0	0.0
231	p0	1.0	0.0	0.0
231	protein1	2116.0	47.66666666666666	0.7479013333333334
231	protein2	2085.6666666666665	47.66666666666666	0.993465
231	protein3	373.0	7.666666666666668	0.990741
231	rnapol	0.3333333333333333	0.0	0.0
232	__protein1_rbs	41.66666666666666	0.0	0.0
232	__protein2_rbs	41.66666666666666	0.0	0.0
232	__protein3_rbs	7.333333333333332	0.0	0.0
232	__ribosome	11.333333333333336	0.0	0.0
232	__rnase_site_ext	44.0	0.0	0.0
232	p0	0.6666666666666666	0.0	0.0
232	protein1	2124.333333333333	47.66666666666666	0.7712593333333334
232	protein2	2096.0	47.33333333333334	0.9758836666666668
232	protein3	374.66666666666674	7.666666666666668	0.8703703333333332
232	rnapol	0.3333333333333333	0.0	0.0
233	__protein1_rbs	42.66666666666666	0.0	0.0
233	__protein2_rbs	42.66666666666666	0.0	0.0
233	__protein3_rbs	5.666666666666668	0.0	0.0
233	__ribosome	10.666666666666666	0.0	0.0
233	__rnase_site_ext	44.33333333333334	0.0	0.0
233	p0	1.0	0.0	0.0
233	protein1	2136.333333333333	48.0	0.7329096666666667
233	protein2	2105.6666666666665	47.33333333333334	0.990531
233	protein3	376.0	7.666666666666668	1.0972223333333333
233	rnapol	0.0	0.0	0.0
234	__protein1_rbs	43.66666666666666	0.0	0.0
234	__protein2_rbs	41.66666666666666	0.0	0.0
234	__protein3_rbs	7.0	0.0	0.0
234	__ribosome	15.0	0.0	0.0
234	__rnase_site_ext	46.0	0.0	0.0
234	p0	0.3333333333333333	0.0	0.0
234	protein1	2147.6666666666665	48.66666666666666	0.6756993333333332
234	protein2	2119.0	48.33333333333334	0.9329163333333332
234	protein3	377.0	7.666666666666668	1.027778
234	rnapol	0.0	0.0	0.0
235	__protein1_rbs	42.66666666666666	0.0	0.0
235	__protein2_rbs	42.333333333333336	0.0	0.0
235	__protein3_rbs	6.333333333333332	0.0	0.0
235	__ribosome	14.0	0.0	0.0
235	__rnase_site_ext	45.0	0.0	0.0
235	p0	0.6666666666666666	0.0	0.0
235	protein1	2158.333333333333	49.0	0.674534
235	protein2	2130.0	48.66666666666666	0.95461
235	protein3	379.0	7.666666666666668	1.0
235	rnapol	0.0	0.0	0.0
236	__protein1_rbs	44.66666666666666	0.0	0.0
236	__protein2_rbs	44.33333333333334	0.0	0.0
236	__protein3_rbs	6.333333333333332	0.0	0.0
236	__ribosome	11.666666666666664	0.0	0.0
236	__rnase_site_ext	46.33333333333334	0.0	0.0
236	p0	0.6666666666666666	0.0	0.0
236	protein1	2168.0	49.33333333333334	0.640464
236	protein2	2137.333333333333	49.0	1.0242126666666669
236	protein3	381.0	7.666666666666668	0.9861113333333332
236	rnapol	0.3333333333333333	0.0	0.0
237	__protein1_rbs	43.33333333333334	0.0	0.0
237	__protein2_rbs	43.0	0.0	0.0
237	__protein3_rbs	5.666666666666668	0.0	0.0
237	__ribosome	13.333333333333336	0.0	0.0
237	__rnase_site_ext	44.66666666666666	0.0	0.0
237	p0	1.0	0.0	0.0
237	protein1	2178.0	49.33333333333334	0.6315836666666668
237	protein2	2150.6666666666665	49.0	0.988613
237	protein3	382.66666666666674	7.0	1.095238
237	rnapol	0.0	0.0	0.0
238	__protein1_rbs	45.66666666666666	0.0	0.0
238	__protein2_rbs	42.0	0.0	0.0
238	__protein3_rbs	5.0	0.0	0.0
238	__ribosome	12.666666666666664	0.0	0.0
238	__rnase_site_ext	46.66666666666666	0.0	0.0
238	p0	0.6666666666666666	0.0	0.0
238	protein1	2187.6666666666665	49.33333333333334	0.6028233333333333
238	protein2	2162.0	49.66666666666666	1.0078746666666667
238	protein3	384.66666666666674	6.333333333333332	1.3166666666666669
238	rnapol	0.0	0.0	0.0
239	__protein1_rbs	41.333333333333336	0.0	0.0
239	__protein2_rbs	45.33333333333334	0.0	0.0
239	__protein3_rbs	6.333333333333332	0.0	0.0
239	__ribosome	13.666666666666664	0.0	0.0
239	__rnase_site_ext	44.0	0.0	0.0
239	p0	1.0	0.0	0.0
239	protein1	2197.333333333333	49.66666666666666	0.641149
239	protein2	2173.0	49.66666666666666	0.950363
239	protein3	386.0	6.666666666666668	1.2261903333333333
239	rnapol	0.0	0.0	0.0
240	__protein1_rbs	44.0	0.0	0.0
240	__protein2_rbs	45.66666666666666	0.0	0.0
240	__protein3_rbs	5.666666666666668	0.0	0.0
240	__ribosome	13.333333333333336	0.0	0.0
240	__rnase_site_ext	46.66666666666666	0.0	0.0
240	p0	0.6666666666666666	0.0	0.0
240	protein1	2205.6666666666665	49.66666666666666	0.6745593333333333
240	protein2	2187.333333333333	50.33333333333334	0.8760656666666667
240	protein3	387.33333333333326	6.666666666666668	1.435714333333333
240	rnapol	0.0	0.0	0.0
