time	species	protein	transcript	ribo_density
0	__protein1_rbs	0.0	0.0	0.0
0	__protein2_rbs	0.0	0.0	0.0
0	__protein3_rbs	0.0	0.0	0.0
0	__ribosome	100.0	0.0	0.0
0	__rnase_site_ext	0.0	0.0	0.0
0	p0	1.0	0.0	0.0
0	r2	0.0	0.0	0.0
0	rnapol	4.0	0.0	0.0
1	__protein1_rbs	0.0	0.0	0.0
1	__protein2_rbs	0.0	0.0	0.0
1	__protein3_rbs	0.0	0.0	0.0
1	__ribosome	100.0	0.0	0.0
1	__rnase_site_ext	1.0	0.0	0.0
1	p0	0.3	0.0	0.0
1	r2	0.0	0.0	0.0
1	rnapol	2.75	0.0	0.0
2	__protein1_rbs	0.55	0.0	0.0
2	__protein2_rbs	0.0	0.0	0.0
2	__protein3_rbs	0.0	0.0	0.0
2	__ribosome	99.7	0.0	0.0
2	__rnase_site_ext	2.0	0.0	0.0
2	p0	0.35	0.0	0.0
2	protein1	0.0	0.85	0.3
2	r2	0.0	0.0	0.0
2	rnapol	1.9	0.0	0.0
3	__protein1_rbs	0.85	0.0	0.0
3	__protein2_rbs	0.0	0.0	0.0
3	__protein3_rbs	0.0	0.0	0.0
3	__ribosome	98.75	0.0	0.0
3	__rnase_site_ext	2.65	0.0	0.0
3	p0	0.2	0.0	0.0
3	protein1	0.0	1.75	0.7
3	r2	0.0	0.0	0.0
3	rnapol	1.1	0.0	0.0
4	__protein1_rbs	1.15	0.0	0.0
4	__protein2_rbs	0.0	0.0	0.0
4	__protein3_rbs	0.0	0.0	0.0
4	__ribosome	97.4	0.0	0.0
4	__rnase_site_ext	3.4	0.0	0.0
4	p0	0.3	0.0	0.0
4	protein1	0.0	2.4	1.1166667
4	r2	0.0	0.0	0.0
4	rnapol	0.35	0.0	0.0
5	__protein1_rbs	1.15	0.0	0.0
5	__protein2_rbs	0.0	0.0	0.0
5	__protein3_rbs	0.0	0.0	0.0
5	__ribosome	95.35	0.0	0.0
5	__rnase_site_ext	3.85	0.0	0.0
5	p0	0.65	0.0	0.0
5	protein1	0.0	3.05	1.5541667
5	r2	0.0	0.0	0.0
5	rnapol	0.1	0.0	0.0
6	__protein1_rbs	1.4	0.0	0.0
6	__protein2_rbs	0.0	0.0	0.0
6	__protein3_rbs	0.0	0.0	0.0
6	__ribosome	93.35	0.0	0.0
6	__rnase_site_ext	3.85	0.0	0.0
6	p0	0.95	0.0	0.0
6	protein1	0.05	3.7	1.8041667500000005
6	r2	0.0	0.0	0.0
6	rnapol	0.05	0.0	0.0
7	__protein1_rbs	0.95	0.0	0.0
7	__protein2_rbs	0.0	0.0	0.0
7	__protein3_rbs	0.0	0.0	0.0
7	__ribosome	90.9	0.0	0.0
7	__rnase_site_ext	3.95	0.0	0.0
7	p0	0.95	0.0	0.0
7	protein1	0.4	3.85	2.375
7	r2	0.0	0.0	0.0
7	rnapol	0.0	0.0	0.0
8	__protein1_rbs	1.55	0.0	0.0
8	__protein2_rbs	0.0	0.0	0.0
8	__protein3_rbs	0.0	0.0	0.0
8	__ribosome	89.6	0.0	0.0
8	__rnase_site_ext	3.95	0.0	0.0
8	p0	1.0	0.0	0.0
8	protein1	1.25	3.95	2.62916665
8	r2	0.0	0.0	0.0
8	rnapol	0.0	0.0	0.0
9	__protein1_rbs	1.35	0.0	0.0
9	__protein2_rbs	0.45	0.0	0.0
9	__protein3_rbs	0.0	0.0	0.0
9	__ribosome	88.15	0.0	0.0
9	__rnase_site_ext	3.9	0.0	0.0
9	p0	1.0	0.0	0.0
9	protein1	2.45	3.95	2.975
9	protein2	0.0	0.55	0.1
9	r2	0.0	0.0	0.0
9	rnapol	0.0	0.0	0.0
10	__protein1_rbs	1.2	0.0	0.0
10	__protein2_rbs	0.4	0.0	0.0
10	__protein3_rbs	0.0	0.0	0.0
10	__ribosome	86.7	0.0	0.0
10	__rnase_site_ext	3.85	0.0	0.0
10	p0	1.0	0.0	0.0
10	protein1	4.35	3.9	3.2125
10	protein2	0.0	1.0	0.7
10	r2	0.0	0.0	0.0
10	rnapol	0.0	0.0	0.0
11	__protein1_rbs	1.0	0.0	0.0
11	__protein2_rbs	0.6	0.0	0.0
11	__protein3_rbs	0.0	0.0	0.0
11	__ribosome	84.9	0.0	0.0
11	__rnase_site_ext	3.85	0.0	0.0
11	p0	1.0	0.0	0.0
11	protein1	6.4	3.85	3.4250000000000007
11	protein2	0.0	1.8	1.075
11	r2	0.0	0.0	0.0
11	rnapol	0.0	0.0	0.0
12	__protein1_rbs	1.35	0.0	0.0
12	__protein2_rbs	1.2	0.0	0.0
12	__protein3_rbs	0.0	0.0	0.0
12	__ribosome	84.4	0.0	0.0
12	__rnase_site_ext	3.75	0.0	0.0
12	p0	1.0	0.0	0.0
12	protein1	9.1	3.85	3.2458333500000003
12	protein2	0.0	2.5	1.24166665
12	r2	0.0	0.0	0.0
12	rnapol	0.0	0.0	0.0
13	__protein1_rbs	1.5	0.0	0.0
13	__protein2_rbs	1.1	0.0	0.0
13	__protein3_rbs	0.0	0.0	0.0
13	__ribosome	82.05	0.0	0.0
13	__rnase_site_ext	3.75	0.0	0.0
13	p0	0.9	0.0	0.0
13	protein1	11.15	3.8	3.37916665
13	protein2	0.0	3.25	1.6124999499999997
13	r2	0.0	0.0	0.0
13	rnapol	0.15	0.0	0.0
14	__protein1_rbs	1.15	0.0	0.0
14	__protein2_rbs	1.55	0.0	0.0
14	__protein3_rbs	0.0	0.0	0.0
14	__ribosome	80.05	0.0	0.0
14	__rnase_site_ext	3.95	0.0	0.0
14	p0	0.6	0.0	0.0
14	protein1	13.5	3.7	3.45833335
14	protein2	0.3	3.8	1.91249995
14	r2	0.0	0.0	0.0
14	rnapol	0.25	0.0	0.0
15	__protein1_rbs	1.45	0.0	0.0
15	__protein2_rbs	1.15	0.0	0.0
15	__protein3_rbs	0.0	0.0	0.0
15	__ribosome	78.45	0.0	0.0
15	__rnase_site_ext	4.45	0.0	0.0
15	p0	0.75	0.0	0.0
15	protein1	16.1	3.75	3.4241666000000004
15	protein2	0.85	3.95	2.34166665
15	r2	0.0	0.0	0.0
15	rnapol	0.45	0.0	0.0
16	__protein1_rbs	1.5	0.0	0.0
16	__protein2_rbs	1.4	0.0	0.0
16	__protein3_rbs	0.0	0.0	0.0
16	__ribosome	76.8	0.0	0.0
16	__rnase_site_ext	4.8	0.0	0.0
16	p0	0.6	0.0	0.0
16	protein1	18.65	4.35	2.8691667
16	protein2	1.5	4.0	2.7375
16	r2	0.0	0.0	0.0
16	rnapol	0.45	0.0	0.0
17	__protein1_rbs	1.8	0.0	0.0
17	__protein2_rbs	1.4	0.0	0.0
17	__protein3_rbs	0.0	0.0	0.0
17	__ribosome	75.75	0.0	0.0
17	__rnase_site_ext	5.2	0.0	0.0
17	p0	0.5	0.0	0.0
17	protein1	21.0	4.65	2.766666600000001
17	protein2	3.1	4.0	2.9
17	r2	0.05	0.0	0.0
17	rnapol	0.5	0.0	0.0
18	__protein1_rbs	2.0	0.0	0.0
18	__protein2_rbs	1.75	0.0	0.0
18	__protein3_rbs	0.0	0.0	0.0
18	__ribosome	74.95	0.0	0.0
18	__rnase_site_ext	5.55	0.0	0.0
18	p0	0.6	0.0	0.0
18	protein1	23.3	5.05	2.6677382
18	protein2	5.0	4.0	2.95
18	protein3	0.0	0.05	0.05
18	r2	0.2	0.0	0.0
18	rnapol	0.6	0.0	0.0
19	__protein1_rbs	1.85	0.0	0.0
19	__protein2_rbs	1.75	0.0	0.0
19	__protein3_rbs	0.1	0.0	0.0
19	__ribosome	73.4	0.0	0.0
19	__rnase_site_ext	6.05	0.0	0.0
19	p0	0.65	0.0	0.0
19	protein1	25.35	5.4	2.764881
19	protein2	7.1	4.0	2.975
19	protein3	0.0	0.15	0.075
19	r2	0.4	0.0	0.0
19	rnapol	0.3	0.0	0.0
20	__protein1_rbs	2.7	0.0	0.0
20	__protein2_rbs	1.45	0.0	0.0
20	__protein3_rbs	0.15	0.0	0.0
20	__ribosome	73.15	0.0	0.0
20	__rnase_site_ext	6.1	0.0	0.0
20	p0	0.7	0.0	0.0
20	protein1	28.2	5.85	2.5292857000000004
20	protein2	9.5	3.95	3.04166665
20	protein3	0.0	0.4	0.25
20	r2	0.5	0.0	0.0
20	rnapol	0.1	0.0	0.0
21	__protein1_rbs	2.45	0.0	0.0
21	__protein2_rbs	1.35	0.0	0.0
21	__protein3_rbs	0.3	0.0	0.0
21	__ribosome	70.65	0.0	0.0
21	__rnase_site_ext	6.35	0.0	0.0
21	p0	0.9	0.0	0.0
21	protein1	30.5	6.15	2.6375
21	protein2	11.4	3.95	3.24166665
21	protein3	0.0	0.5	0.375
21	r2	0.7	0.0	0.0
21	rnapol	0.0	0.0	0.0
22	__protein1_rbs	2.6	0.0	0.0
22	__protein2_rbs	1.7	0.0	0.0
22	__protein3_rbs	0.3	0.0	0.0
22	__ribosome	69.7	0.0	0.0
22	__rnase_site_ext	6.25	0.0	0.0
22	p0	1.0	0.0	0.0
22	protein1	33.0	6.35	2.7070833
22	protein2	14.1	4.1	2.99833335
22	protein3	0.0	0.7	0.6
22	r2	0.75	0.0	0.0
22	rnapol	0.0	0.0	0.0
23	__protein1_rbs	2.6	0.0	0.0
23	__protein2_rbs	1.7	0.0	0.0
23	__protein3_rbs	0.15	0.0	0.0
23	__ribosome	67.7	0.0	0.0
23	__rnase_site_ext	6.2	0.0	0.0
23	p0	1.0	0.0	0.0
23	protein1	35.7	6.3	2.90196435
23	protein2	16.5	4.6	2.7825
23	protein3	0.05	0.75	0.88333335
23	r2	0.75	0.0	0.0
23	rnapol	0.05	0.0	0.0
24	__protein1_rbs	2.5	0.0	0.0
24	__protein2_rbs	2.5	0.0	0.0
24	__protein3_rbs	0.4	0.0	0.0
24	__ribosome	66.95	0.0	0.0
24	__rnase_site_ext	6.15	0.0	0.0
24	p0	0.95	0.0	0.0
24	protein1	39.15	6.25	2.9718452500000003
24	protein2	18.8	4.95	2.65333335
24	protein3	0.1	0.75	0.98333335
24	r2	0.75	0.0	0.0
24	rnapol	0.05	0.0	0.0
25	__protein1_rbs	2.7	0.0	0.0
25	__protein2_rbs	2.4	0.0	0.0
25	__protein3_rbs	0.2	0.0	0.0
25	__ribosome	66.3	0.0	0.0
25	__rnase_site_ext	6.1	0.0	0.0
25	p0	0.9	0.0	0.0
25	protein1	42.55	6.2	2.9895238
25	protein2	21.3	5.4	2.516309400000001
25	protein3	0.3	0.75	1.15833335
25	r2	0.75	0.0	0.0
25	rnapol	0.1	0.0	0.0
26	__protein1_rbs	2.05	0.0	0.0
26	__protein2_rbs	2.65	0.0	0.0
26	__protein3_rbs	0.3	0.0	0.0
26	__ribosome	65.15	0.0	0.0
26	__rnase_site_ext	6.1	0.0	0.0
26	p0	0.85	0.0	0.0
26	protein1	46.15	6.15	3.0469048
26	protein2	23.45	5.8	2.5208333
26	protein3	0.6	0.75	1.3
26	r2	0.75	0.0	0.0
26	rnapol	0.05	0.0	0.0
27	__protein1_rbs	2.95	0.0	0.0
27	__protein2_rbs	2.65	0.0	0.0
27	__protein3_rbs	0.3	0.0	0.0
27	__ribosome	64.6	0.0	0.0
27	__rnase_site_ext	6.3	0.0	0.0
27	p0	0.7	0.0	0.0
27	protein1	49.8	6.1	2.9772619
27	protein2	26.05	6.1	2.5385713500000007
27	protein3	0.85	0.75	1.28333335
27	r2	0.75	0.0	0.0
27	rnapol	0.2	0.0	0.0
28	__protein1_rbs	2.4	0.0	0.0
28	__protein2_rbs	2.65	0.0	0.0
28	__protein3_rbs	0.25	0.0	0.0
28	__ribosome	63.65	0.0	0.0
28	__rnase_site_ext	6.8	0.0	0.0
28	p0	0.5	0.0	0.0
28	protein1	53.55	6.25	2.9225596000000005
28	protein2	28.7	6.5	2.5401785
28	protein3	1.3	0.75	1.34166665
28	r2	0.75	0.0	0.0
28	rnapol	0.3	0.0	0.0
29	__protein1_rbs	3.05	0.0	0.0
29	__protein2_rbs	2.85	0.0	0.0
29	__protein3_rbs	0.45	0.0	0.0
29	__ribosome	62.6	0.0	0.0
29	__rnase_site_ext	7.05	0.0	0.0
29	p0	0.7	0.0	0.0
29	protein1	57.25	6.55	2.7617262500000006
29	protein2	31.1	6.7	2.6236905
29	protein3	1.75	0.75	1.23333335
29	r2	0.8	0.0	0.0
29	rnapol	0.2	0.0	0.0
30	__protein1_rbs	3.05	0.0	0.0
30	__protein2_rbs	2.75	0.0	0.0
30	__protein3_rbs	0.45	0.0	0.0
30	__ribosome	61.45	0.0	0.0
30	__rnase_site_ext	7.15	0.0	0.0
30	p0	0.8	0.0	0.0
30	protein1	60.6	6.85	2.72869045
30	protein2	34.35	6.85	2.6781547000000003
30	protein3	2.15	0.8	1.16666665
30	r2	0.85	0.0	0.0
30	rnapol	0.35	0.0	0.0
31	__protein1_rbs	3.15	0.0	0.0
31	__protein2_rbs	2.85	0.0	0.0
31	__protein3_rbs	0.35	0.0	0.0
31	__ribosome	60.5	0.0	0.0
31	__rnase_site_ext	7.6	0.0	0.0
31	p0	0.65	0.0	0.0
31	protein1	64.0	7.2	2.67319445
31	protein2	37.6	6.85	2.7358928
31	protein3	2.5	0.9	1.15
31	r2	1.0	0.0	0.0
31	rnapol	0.25	0.0	0.0
32	__protein1_rbs	3.35	0.0	0.0
32	__protein2_rbs	2.9	0.0	0.0
32	__protein3_rbs	0.55	0.0	0.0
32	__ribosome	59.25	0.0	0.0
32	__rnase_site_ext	8.0	0.0	0.0
32	p0	0.7	0.0	0.0
32	protein1	67.15	7.55	2.6400595000000004
32	protein2	40.75	6.7	2.8807142999999997
32	protein3	2.9	1.0	1.06666665
32	r2	1.0	0.0	0.0
32	rnapol	0.2	0.0	0.0
33	__protein1_rbs	3.75	0.0	0.0
33	__protein2_rbs	2.65	0.0	0.0
33	__protein3_rbs	0.3	0.0	0.0
33	__ribosome	58.65	0.0	0.0
33	__rnase_site_ext	8.2	0.0	0.0
33	p0	0.8	0.0	0.0
33	protein1	71.0	7.8	2.5523809
33	protein2	44.45	6.65	2.9429167
33	protein3	3.3	1.0	1.26666665
33	r2	1.1	0.0	0.0
33	rnapol	0.2	0.0	0.0
34	__protein1_rbs	3.9	0.0	0.0
34	__protein2_rbs	3.6	0.0	0.0
34	__protein3_rbs	0.6	0.0	0.0
34	__ribosome	57.95	0.0	0.0
34	__rnase_site_ext	8.4	0.0	0.0
34	p0	0.75	0.0	0.0
34	protein1	74.2	8.15	2.57539685
34	protein2	47.85	6.8	2.8267857000000003
34	protein3	3.75	1.05	1.21666665
34	r2	1.05	0.0	0.0
34	rnapol	0.1	0.0	0.0
35	__protein1_rbs	3.25	0.0	0.0
35	__protein2_rbs	2.45	0.0	0.0
35	__protein3_rbs	0.25	0.0	0.0
35	__ribosome	56.65	0.0	0.0
35	__rnase_site_ext	8.45	0.0	0.0
35	p0	0.85	0.0	0.0
35	protein1	78.45	8.3	2.59022365
35	protein2	51.6	6.7	2.86797625
35	protein3	4.0	1.05	1.525
35	r2	1.2	0.0	0.0
35	rnapol	0.05	0.0	0.0
36	__protein1_rbs	3.9	0.0	0.0
36	__protein2_rbs	3.35	0.0	0.0
36	__protein3_rbs	0.7	0.0	0.0
36	__ribosome	56.5	0.0	0.0
36	__rnase_site_ext	8.55	0.0	0.0
36	p0	1.0	0.0	0.0
36	protein1	82.4	8.4	2.6145292
36	protein2	55.3	7.0	2.72761915
36	protein3	4.55	1.1	1.50833335
36	r2	1.15	0.0	0.0
36	rnapol	0.0	0.0	0.0
37	__protein1_rbs	3.65	0.0	0.0
37	__protein2_rbs	3.55	0.0	0.0
37	__protein3_rbs	0.4	0.0	0.0
37	__ribosome	55.75	0.0	0.0
37	__rnase_site_ext	8.55	0.0	0.0
37	p0	0.9	0.0	0.0
37	protein1	86.3	8.55	2.63332435
37	protein2	59.25	7.5	2.5459127
37	protein3	5.05	1.15	inf
37	r2	1.15	0.0	0.0
37	rnapol	0.05	0.0	0.0
38	__protein1_rbs	3.9	0.0	0.0
38	__protein2_rbs	3.7	0.0	0.0
38	__protein3_rbs	0.8	0.0	0.0
38	__ribosome	55.65	0.0	0.0
38	__rnase_site_ext	8.65	0.0	0.0
38	p0	0.85	0.0	0.0
38	protein1	90.45	8.45	2.68336405
38	protein2	62.9	7.65	2.5125992000000004
38	protein3	5.6	1.15	inf
38	r2	1.2	0.0	0.0
38	rnapol	0.05	0.0	0.0
39	__protein1_rbs	4.65	0.0	0.0
39	__protein2_rbs	4.0	0.0	0.0
39	__protein3_rbs	0.55	0.0	0.0
39	__ribosome	54.9	0.0	0.0
39	__rnase_site_ext	8.6	0.0	0.0
39	p0	0.95	0.0	0.0
39	protein1	94.55	8.55	2.64747295
39	protein2	66.2	7.95	2.5006547
39	protein3	5.9	1.2	inf
39	r2	1.2	0.0	0.0
39	rnapol	0.05	0.0	0.0
40	__protein1_rbs	4.65	0.0	0.0
40	__protein2_rbs	3.85	0.0	0.0
40	__protein3_rbs	0.5	0.0	0.0
40	__ribosome	55.2	0.0	0.0
40	__rnase_site_ext	8.5	0.0	0.0
40	p0	0.95	0.0	0.0
40	protein1	99.6	8.6	2.5517117
40	protein2	70.05	8.35	2.4397709500000007
40	protein3	6.65	1.2	1.7166667000000002
40	r2	1.2	0.0	0.0
40	rnapol	0.25	0.0	0.0
41	__protein1_rbs	3.4	0.0	0.0
41	__protein2_rbs	4.0	0.0	0.0
41	__protein3_rbs	0.6	0.0	0.0
41	__ribosome	52.7	0.0	0.0
41	__rnase_site_ext	8.65	0.0	0.0
41	p0	0.65	0.0	0.0
41	protein1	103.55	8.55	2.7353409
41	protein2	73.35	8.75	2.46873745
41	protein3	7.2	1.2	1.7250000000000003
41	r2	1.2	0.0	0.0
41	rnapol	0.2	0.0	0.0
42	__protein1_rbs	4.0	0.0	0.0
42	__protein2_rbs	4.6	0.0	0.0
42	__protein3_rbs	0.7	0.0	0.0
42	__ribosome	52.5	0.0	0.0
42	__rnase_site_ext	9.0	0.0	0.0
42	p0	0.6	0.0	0.0
42	protein1	107.8	8.65	2.7163601
42	protein2	77.6	8.75	2.4927236
42	protein3	7.8	1.2	1.7
42	r2	1.25	0.0	0.0
42	rnapol	0.25	0.0	0.0
43	__protein1_rbs	4.95	0.0	0.0
43	__protein2_rbs	4.3	0.0	0.0
43	__protein3_rbs	0.5	0.0	0.0
43	__ribosome	52.5	0.0	0.0
43	__rnase_site_ext	9.1	0.0	0.0
43	p0	0.8	0.0	0.0
43	protein1	112.35	8.9	2.5757755
43	protein2	81.65	8.9	2.49637805
43	protein3	8.4	1.25	1.6916666500000002
43	r2	1.3	0.0	0.0
43	rnapol	0.3	0.0	0.0
44	__protein1_rbs	4.0	0.0	0.0
44	__protein2_rbs	4.7	0.0	0.0
44	__protein3_rbs	0.8	0.0	0.0
44	__ribosome	51.9	0.0	0.0
44	__rnase_site_ext	9.3	0.0	0.0
44	p0	0.85	0.0	0.0
44	protein1	116.95	9.0	2.57074665
44	protein2	85.75	9.1	2.4504419
44	protein3	8.85	1.25	1.81666665
44	r2	1.3	0.0	0.0
44	rnapol	0.35	0.0	0.0
45	__protein1_rbs	3.7	0.0	0.0
45	__protein2_rbs	4.15	0.0	0.0
45	__protein3_rbs	0.75	0.0	0.0
45	__ribosome	50.6	0.0	0.0
45	__rnase_site_ext	9.7	0.0	0.0
45	p0	0.5	0.0	0.0
45	protein1	121.2	9.25	2.62869045
45	protein2	90.2	9.0	2.52435245
45	protein3	9.45	1.3	2.0333333
45	r2	1.4	0.0	0.0
45	rnapol	0.35	0.0	0.0
46	__protein1_rbs	4.3	0.0	0.0
46	__protein2_rbs	4.35	0.0	0.0
46	__protein3_rbs	0.65	0.0	0.0
46	__ribosome	49.65	0.0	0.0
46	__rnase_site_ext	10.0	0.0	0.0
46	p0	0.55	0.0	0.0
46	protein1	125.9	9.5	2.58506675
46	protein2	94.2	8.95	2.6228156000000005
46	protein3	10.05	1.4	1.8875000000000004
46	r2	1.5	0.0	0.0
46	rnapol	0.15	0.0	0.0
47	__protein1_rbs	5.1	0.0	0.0
47	__protein2_rbs	5.25	0.0	0.0
47	__protein3_rbs	0.8	0.0	0.0
47	__ribosome	49.75	0.0	0.0
47	__rnase_site_ext	10.1	0.0	0.0
47	p0	0.85	0.0	0.0
47	protein1	130.7	9.8	2.5146775000000003
47	protein2	98.35	9.15	2.5248988999999997
47	protein3	10.55	1.5	1.88333335
47	r2	1.55	0.0	0.0
47	rnapol	0.15	0.0	0.0
48	__protein1_rbs	4.8	0.0	0.0
48	__protein2_rbs	4.05	0.0	0.0
48	__protein3_rbs	0.6	0.0	0.0
48	__ribosome	47.25	0.0	0.0
48	__rnase_site_ext	10.3	0.0	0.0
48	p0	0.75	0.0	0.0
48	protein1	134.45	10.1	2.60934545
48	protein2	103.0	9.1	2.5938889
48	protein3	11.15	1.55	1.8875
48	r2	1.6	0.0	0.0
48	rnapol	0.15	0.0	0.0
49	__protein1_rbs	4.8	0.0	0.0
49	__protein2_rbs	4.7	0.0	0.0
49	__protein3_rbs	1.05	0.0	0.0
49	__ribosome	47.65	0.0	0.0
49	__rnase_site_ext	10.4	0.0	0.0
49	p0	0.85	0.0	0.0
49	protein1	139.35	10.25	2.5915954500000007
49	protein2	108.05	9.1	2.4975757999999995
49	protein3	11.7	1.6	1.8375
49	r2	1.7	0.0	0.0
49	rnapol	0.0	0.0	0.0
50	__protein1_rbs	5.15	0.0	0.0
50	__protein2_rbs	5.25	0.0	0.0
50	__protein3_rbs	0.7	0.0	0.0
50	__ribosome	46.8	0.0	0.0
50	__rnase_site_ext	10.35	0.0	0.0
50	p0	0.9	0.0	0.0
50	protein1	144.7	10.25	2.57114975
50	protein2	111.95	9.25	2.46185785
50	protein3	12.05	1.7	2.2208333500000004
50	r2	1.7	0.0	0.0
50	rnapol	0.15	0.0	0.0
51	__protein1_rbs	5.65	0.0	0.0
51	__protein2_rbs	4.75	0.0	0.0
51	__protein3_rbs	0.9	0.0	0.0
51	__ribosome	47.15	0.0	0.0
51	__rnase_site_ext	10.5	0.0	0.0
51	p0	0.8	0.0	0.0
51	protein1	149.7	10.4	2.51776165
51	protein2	116.85	9.7	2.36915415
51	protein3	13.0	1.7	2.0875
51	r2	1.7	0.0	0.0
51	rnapol	0.1	0.0	0.0
52	__protein1_rbs	5.25	0.0	0.0
52	__protein2_rbs	5.0	0.0	0.0
52	__protein3_rbs	0.9	0.0	0.0
52	__ribosome	46.7	0.0	0.0
52	__rnase_site_ext	10.4	0.0	0.0
52	p0	0.9	0.0	0.0
52	protein1	154.95	10.45	2.50613455
52	protein2	121.25	9.85	2.37157275
52	protein3	13.65	1.7	2.2458332999999997
52	r2	1.75	0.0	0.0
52	rnapol	0.15	0.0	0.0
53	__protein1_rbs	5.45	0.0	0.0
53	__protein2_rbs	5.5	0.0	0.0
53	__protein3_rbs	1.1	0.0	0.0
53	__ribosome	46.45	0.0	0.0
53	__rnase_site_ext	10.5	0.0	0.0
53	p0	0.8	0.0	0.0
53	protein1	159.7	10.4	2.5592589
53	protein2	126.2	10.05	2.3232972000000003
53	protein3	14.4	1.75	2.1833332999999997
53	r2	1.75	0.0	0.0
53	rnapol	0.2	0.0	0.0
54	__protein1_rbs	4.8	0.0	0.0
54	__protein2_rbs	5.3	0.0	0.0
54	__protein3_rbs	1.0	0.0	0.0
54	__ribosome	45.85	0.0	0.0
54	__rnase_site_ext	10.7	0.0	0.0
54	p0	0.8	0.0	0.0
54	protein1	165.45	10.45	2.51626725
54	protein2	130.0	10.5	2.35717165
54	protein3	15.4	1.75	2.10416665
54	r2	1.75	0.0	0.0
54	rnapol	0.2	0.0	0.0
55	__protein1_rbs	5.9	0.0	0.0
55	__protein2_rbs	5.8	0.0	0.0
55	__protein3_rbs	0.75	0.0	0.0
55	__ribosome	45.65	0.0	0.0
55	__rnase_site_ext	10.8	0.0	0.0
55	p0	0.7	0.0	0.0
55	protein1	170.75	10.65	2.415252400000001
55	protein2	134.75	10.9	2.27863605
55	protein3	16.25	1.75	2.19999995
55	r2	1.75	0.0	0.0
55	rnapol	0.15	0.0	0.0
56	__protein1_rbs	5.75	0.0	0.0
56	__protein2_rbs	6.1	0.0	0.0
56	__protein3_rbs	0.7	0.0	0.0
56	__ribosome	44.4	0.0	0.0
56	__rnase_site_ext	11.05	0.0	0.0
56	p0	0.65	0.0	0.0
56	protein1	175.2	10.7	2.4591617999999995
56	protein2	139.35	11.1	2.2721755000000003
56	protein3	16.8	1.75	2.37916665
56	r2	1.75	0.0	0.0
56	rnapol	0.2	0.0	0.0
57	__protein1_rbs	6.3	0.0	0.0
57	__protein2_rbs	5.05	0.0	0.0
57	__protein3_rbs	0.95	0.0	0.0
57	__ribosome	44.35	0.0	0.0
57	__rnase_site_ext	11.3	0.0	0.0
57	p0	0.8	0.0	0.0
57	protein1	180.75	11.0	2.3184615500000003
57	protein2	144.45	11.35	2.3223548000000003
57	protein3	17.85	1.75	2.2541667000000003
57	r2	1.75	0.0	0.0
57	rnapol	0.15	0.0	0.0
58	__protein1_rbs	5.65	0.0	0.0
58	__protein2_rbs	6.45	0.0	0.0
58	__protein3_rbs	0.8	0.0	0.0
58	__ribosome	42.6	0.0	0.0
58	__rnase_site_ext	11.5	0.0	0.0
58	p0	0.55	0.0	0.0
58	protein1	185.45	11.2	2.3279749
58	protein2	148.6	11.4	2.3972663000000005
58	protein3	18.6	1.75	2.38333335
58	r2	1.85	0.0	0.0
58	rnapol	0.15	0.0	0.0
59	__protein1_rbs	6.2	0.0	0.0
59	__protein2_rbs	5.95	0.0	0.0
59	__protein3_rbs	0.95	0.0	0.0
59	__ribosome	42.4	0.0	0.0
59	__rnase_site_ext	11.75	0.0	0.0
59	p0	0.7	0.0	0.0
59	protein1	191.0	11.35	2.2802427999999995
59	protein2	153.8	11.25	2.4397932000000004
59	protein3	19.3	1.85	2.4875
59	r2	1.85	0.0	0.0
59	rnapol	0.25	0.0	0.0
60	__protein1_rbs	6.5	0.0	0.0
60	__protein2_rbs	6.45	0.0	0.0
60	__protein3_rbs	0.7	0.0	0.0
60	__ribosome	42.5	0.0	0.0
60	__rnase_site_ext	11.8	0.0	0.0
60	p0	0.7	0.0	0.0
60	protein1	196.15	11.7	2.22891925
60	protein2	159.0	11.35	2.381377
60	protein3	20.3	1.8	inf
60	r2	1.9	0.0	0.0
60	rnapol	0.05	0.0	0.0
61	__protein1_rbs	6.0	0.0	0.0
61	__protein2_rbs	5.2	0.0	0.0
61	__protein3_rbs	1.05	0.0	0.0
61	__ribosome	40.8	0.0	0.0
61	__rnase_site_ext	12.05	0.0	0.0
61	p0	0.8	0.0	0.0
61	protein1	200.75	11.8	2.29651495
61	protein2	164.15	11.4	2.44750775
61	protein3	21.3	1.9	inf
61	r2	1.95	0.0	0.0
61	rnapol	0.05	0.0	0.0
62	__protein1_rbs	6.1	0.0	0.0
62	__protein2_rbs	5.95	0.0	0.0
62	__protein3_rbs	1.15	0.0	0.0
62	__ribosome	40.8	0.0	0.0
62	__rnase_site_ext	12.05	0.0	0.0
62	p0	0.95	0.0	0.0
62	protein1	205.8	11.9	2.35060695
62	protein2	170.15	11.5	2.36331465
62	protein3	22.15	1.95	inf
62	r2	2.0	0.0	0.0
62	rnapol	0.1	0.0	0.0
63	__protein1_rbs	6.3	0.0	0.0
63	__protein2_rbs	6.65	0.0	0.0
63	__protein3_rbs	1.5	0.0	0.0
63	__ribosome	41.2	0.0	0.0
63	__rnase_site_ext	12.1	0.0	0.0
63	p0	0.9	0.0	0.0
63	protein1	210.75	12.05	2.36360835
63	protein2	175.35	11.55	2.3254425
63	protein3	23.3	2.0	inf
63	r2	2.1	0.0	0.0
63	rnapol	0.1	0.0	0.0
64	__protein1_rbs	6.1	0.0	0.0
64	__protein2_rbs	6.15	0.0	0.0
64	__protein3_rbs	1.05	0.0	0.0
64	__ribosome	40.65	0.0	0.0
64	__rnase_site_ext	12.15	0.0	0.0
64	p0	0.85	0.0	0.0
64	protein1	216.25	12.1	2.3761180000000004
64	protein2	180.55	11.7	2.2985267000000005
64	protein3	24.2	2.1	1.59666665
64	r2	2.2	0.0	0.0
64	rnapol	0.15	0.0	0.0
65	__protein1_rbs	6.8	0.0	0.0
65	__protein2_rbs	6.8	0.0	0.0
65	__protein3_rbs	1.4	0.0	0.0
65	__ribosome	41.05	0.0	0.0
65	__rnase_site_ext	12.15	0.0	0.0
65	p0	0.85	0.0	0.0
65	protein1	221.35	12.0	2.3700849
65	protein2	185.95	11.9	2.2491302
65	protein3	25.0	2.2	1.6358333000000005
65	r2	2.25	0.0	0.0
65	rnapol	0.15	0.0	0.0
66	__protein1_rbs	6.55	0.0	0.0
66	__protein2_rbs	5.8	0.0	0.0
66	__protein3_rbs	1.3	0.0	0.0
66	__ribosome	41.0	0.0	0.0
66	__rnase_site_ext	12.4	0.0	0.0
66	p0	0.65	0.0	0.0
66	protein1	227.4	12.2	2.29069715
66	protein2	191.85	12.1	2.2221736
66	protein3	25.7	2.3	1.74333335
66	r2	2.25	0.0	0.0
66	rnapol	0.0	0.0	0.0
67	__protein1_rbs	6.5	0.0	0.0
67	__protein2_rbs	6.85	0.0	0.0
67	__protein3_rbs	1.25	0.0	0.0
67	__ribosome	40.45	0.0	0.0
67	__rnase_site_ext	12.75	0.0	0.0
67	p0	0.7	0.0	0.0
67	protein1	232.7	12.25	2.3090822500000003
67	protein2	196.95	12.3	2.2072286
67	protein3	26.65	2.25	1.84999995
67	r2	2.3	0.0	0.0
67	rnapol	0.1	0.0	0.0
68	__protein1_rbs	7.1	0.0	0.0
68	__protein2_rbs	7.05	0.0	0.0
68	__protein3_rbs	1.3	0.0	0.0
68	__ribosome	39.7	0.0	0.0
68	__rnase_site_ext	12.7	0.0	0.0
68	p0	0.8	0.0	0.0
68	protein1	238.5	12.55	2.2307682
68	protein2	202.15	12.75	2.17238085
68	protein3	27.3	2.35	1.9683333
68	r2	2.3	0.0	0.0
68	rnapol	0.1	0.0	0.0
69	__protein1_rbs	6.75	0.0	0.0
69	__protein2_rbs	7.6	0.0	0.0
69	__protein3_rbs	0.9	0.0	0.0
69	__ribosome	39.3	0.0	0.0
69	__rnase_site_ext	12.95	0.0	0.0
69	p0	0.75	0.0	0.0
69	protein1	244.4	12.7	2.19976535
69	protein2	207.6	12.85	2.16675405
69	protein3	28.4	2.3	2.11833335
69	r2	2.3	0.0	0.0
69	rnapol	0.1	0.0	0.0
70	__protein1_rbs	7.35	0.0	0.0
70	__protein2_rbs	7.15	0.0	0.0
70	__protein3_rbs	1.25	0.0	0.0
70	__ribosome	37.75	0.0	0.0
70	__rnase_site_ext	13.05	0.0	0.0
70	p0	0.7	0.0	0.0
70	protein1	249.7	12.95	2.193359
70	protein2	212.65	12.9	2.23449265
70	protein3	29.2	2.3	2.20916665
70	r2	2.3	0.0	0.0
70	rnapol	0.15	0.0	0.0
71	__protein1_rbs	7.45	0.0	0.0
71	__protein2_rbs	7.55	0.0	0.0
71	__protein3_rbs	1.1	0.0	0.0
71	__ribosome	37.5	0.0	0.0
71	__rnase_site_ext	13.25	0.0	0.0
71	p0	0.8	0.0	0.0
71	protein1	255.25	13.0	2.1926693
71	protein2	218.35	13.05	2.21993725
71	protein3	30.3	2.3	2.1766667
71	r2	2.35	0.0	0.0
71	rnapol	0.3	0.0	0.0
72	__protein1_rbs	7.55	0.0	0.0
72	__protein2_rbs	6.7	0.0	0.0
72	__protein3_rbs	1.35	0.0	0.0
72	__ribosome	36.85	0.0	0.0
72	__rnase_site_ext	13.4	0.0	0.0
72	p0	0.7	0.0	0.0
72	protein1	260.95	13.3	2.1367787000000007
72	protein2	223.85	13.1	2.26940915
72	protein3	31.35	2.35	2.17666665
72	r2	2.4	0.0	0.0
72	rnapol	0.45	0.0	0.0
73	__protein1_rbs	7.7	0.0	0.0
73	__protein2_rbs	7.45	0.0	0.0
73	__protein3_rbs	1.2	0.0	0.0
73	__ribosome	37.2	0.0	0.0
73	__rnase_site_ext	13.65	0.0	0.0
73	p0	0.45	0.0	0.0
73	protein1	266.55	13.3	2.15222495
73	protein2	229.75	13.1	2.2286312
73	protein3	32.45	2.4	2.1900000000000004
73	r2	2.4	0.0	0.0
73	rnapol	0.25	0.0	0.0
74	__protein1_rbs	7.35	0.0	0.0
74	__protein2_rbs	7.3	0.0	0.0
74	__protein3_rbs	1.2	0.0	0.0
74	__ribosome	36.75	0.0	0.0
74	__rnase_site_ext	13.95	0.0	0.0
74	p0	0.75	0.0	0.0
74	protein1	272.3	13.55	2.1628576
74	protein2	235.65	13.05	2.20862085
74	protein3	33.45	2.4	2.3091667
74	r2	2.45	0.0	0.0
74	rnapol	0.15	0.0	0.0
75	__protein1_rbs	8.05	0.0	0.0
75	__protein2_rbs	7.55	0.0	0.0
75	__protein3_rbs	1.25	0.0	0.0
75	__ribosome	36.65	0.0	0.0
75	__rnase_site_ext	14.1	0.0	0.0
75	p0	0.85	0.0	0.0
75	protein1	278.05	13.95	2.09845535
75	protein2	241.65	13.3	2.1498397
75	protein3	34.6	2.45	2.395
75	r2	2.35	0.0	0.0
75	rnapol	0.15	0.0	0.0
76	__protein1_rbs	7.4	0.0	0.0
76	__protein2_rbs	7.2	0.0	0.0
76	__protein3_rbs	1.3	0.0	0.0
76	__ribosome	34.9	0.0	0.0
76	__rnase_site_ext	14.05	0.0	0.0
76	p0	0.85	0.0	0.0
76	protein1	283.2	14.1	2.18691885
76	protein2	247.15	13.4	2.181901
76	protein3	35.85	2.4	inf
76	r2	2.4	0.0	0.0
76	rnapol	0.1	0.0	0.0
77	__protein1_rbs	8.05	0.0	0.0
77	__protein2_rbs	7.65	0.0	0.0
77	__protein3_rbs	1.6	0.0	0.0
77	__ribosome	34.75	0.0	0.0
77	__rnase_site_ext	13.95	0.0	0.0
77	p0	0.9	0.0	0.0
77	protein1	289.15	14.1	2.2055367499999994
77	protein2	253.0	13.45	2.1796333500000005
77	protein3	36.75	2.4	inf
77	r2	2.45	0.0	0.0
77	rnapol	0.1	0.0	0.0
78	__protein1_rbs	8.6	0.0	0.0
78	__protein2_rbs	7.4	0.0	0.0
78	__protein3_rbs	1.6	0.0	0.0
78	__ribosome	35.0	0.0	0.0
78	__rnase_site_ext	13.95	0.0	0.0
78	p0	0.9	0.0	0.0
78	protein1	295.55	14.0	2.1521014000000003
78	protein2	258.3	13.6	2.2083076000000004
78	protein3	38.0	2.45	inf
78	r2	2.45	0.0	0.0
78	rnapol	0.15	0.0	0.0
79	__protein1_rbs	8.05	0.0	0.0
79	__protein2_rbs	7.95	0.0	0.0
79	__protein3_rbs	1.3	0.0	0.0
79	__ribosome	35.3	0.0	0.0
79	__rnase_site_ext	13.9	0.0	0.0
79	p0	0.8	0.0	0.0
79	protein1	301.4	13.95	2.16668415
79	protein2	264.65	13.9	2.14190045
79	protein3	39.2	2.45	inf
79	r2	2.4	0.0	0.0
79	rnapol	0.25	0.0	0.0
80	__protein1_rbs	8.35	0.0	0.0
80	__protein2_rbs	7.95	0.0	0.0
80	__protein3_rbs	1.35	0.0	0.0
80	__ribosome	34.9	0.0	0.0
80	__rnase_site_ext	13.9	0.0	0.0
80	p0	0.85	0.0	0.0
80	protein1	307.35	13.9	2.1692881
80	protein2	270.15	14.0	2.1498342
80	protein3	40.2	2.4	inf
80	r2	2.45	0.0	0.0
80	rnapol	0.3	0.0	0.0
81	__protein1_rbs	7.45	0.0	0.0
81	__protein2_rbs	7.15	0.0	0.0
81	__protein3_rbs	1.2	0.0	0.0
81	__ribosome	34.2	0.0	0.0
81	__rnase_site_ext	13.9	0.0	0.0
81	p0	0.7	0.0	0.0
81	protein1	313.65	13.95	2.16607315
81	protein2	276.3	14.3	2.1605438999999995
81	protein3	41.5	2.45	1.96333335
81	r2	2.5	0.0	0.0
81	rnapol	0.25	0.0	0.0
82	__protein1_rbs	8.8	0.0	0.0
82	__protein2_rbs	8.4	0.0	0.0
82	__protein3_rbs	1.65	0.0	0.0
82	__ribosome	34.8	0.0	0.0
82	__rnase_site_ext	14.3	0.0	0.0
82	p0	0.65	0.0	0.0
82	protein1	319.7	13.8	2.13572705
82	protein2	282.05	14.55	2.1214184499999997
82	protein3	42.4	2.55	1.90333335
82	r2	2.6	0.0	0.0
82	rnapol	0.05	0.0	0.0
83	__protein1_rbs	7.95	0.0	0.0
83	__protein2_rbs	8.8	0.0	0.0
83	__protein3_rbs	1.55	0.0	0.0
83	__ribosome	34.85	0.0	0.0
83	__rnase_site_ext	14.25	0.0	0.0
83	p0	0.8	0.0	0.0
83	protein1	325.55	14.15	2.08286935
83	protein2	288.15	15.05	2.05685025
83	protein3	43.6	2.55	1.85083335
83	r2	2.6	0.0	0.0
83	rnapol	0.4	0.0	0.0
84	__protein1_rbs	8.05	0.0	0.0
84	__protein2_rbs	8.45	0.0	0.0
84	__protein3_rbs	1.1	0.0	0.0
84	__ribosome	34.8	0.0	0.0
84	__rnase_site_ext	14.65	0.0	0.0
84	p0	0.85	0.0	0.0
84	protein1	331.95	14.25	2.0367807999999994
84	protein2	294.5	14.95	2.0676839000000005
84	protein3	44.75	2.55	1.85833335
84	r2	2.55	0.0	0.0
84	rnapol	0.3	0.0	0.0
85	__protein1_rbs	8.65	0.0	0.0
85	__protein2_rbs	8.8	0.0	0.0
85	__protein3_rbs	1.55	0.0	0.0
85	__ribosome	34.3	0.0	0.0
85	__rnase_site_ext	14.65	0.0	0.0
85	p0	0.7	0.0	0.0
85	protein1	337.6	14.5	2.0183919999999995
85	protein2	300.35	14.95	2.0823394000000004
85	protein3	45.6	2.55	1.8233333000000005
85	r2	2.55	0.0	0.0
85	rnapol	0.3	0.0	0.0
86	__protein1_rbs	8.5	0.0	0.0
86	__protein2_rbs	8.5	0.0	0.0
86	__protein3_rbs	1.7	0.0	0.0
86	__ribosome	34.3	0.0	0.0
86	__rnase_site_ext	14.85	0.0	0.0
86	p0	0.8	0.0	0.0
86	protein1	343.75	14.7	1.9832870999999999
86	protein2	306.6	15.1	2.10207165
86	protein3	47.05	2.6	1.63
86	r2	2.6	0.0	0.0
86	rnapol	0.25	0.0	0.0
87	__protein1_rbs	8.95	0.0	0.0
87	__protein2_rbs	8.6	0.0	0.0
87	__protein3_rbs	1.6	0.0	0.0
87	__ribosome	33.45	0.0	0.0
87	__rnase_site_ext	15.15	0.0	0.0
87	p0	0.6	0.0	0.0
87	protein1	349.35	14.9	2.00705685
87	protein2	313.15	14.9	2.13317735
87	protein3	48.0	2.6	1.7216666
87	r2	2.6	0.0	0.0
87	rnapol	0.3	0.0	0.0
88	__protein1_rbs	8.65	0.0	0.0
88	__protein2_rbs	8.5	0.0	0.0
88	__protein3_rbs	1.35	0.0	0.0
88	__ribosome	31.95	0.0	0.0
88	__rnase_site_ext	15.35	0.0	0.0
88	p0	0.7	0.0	0.0
88	protein1	355.25	15.15	2.03527725
88	protein2	319.0	15.0	2.1478659500000004
88	protein3	49.05	2.55	1.8808333
88	r2	2.55	0.0	0.0
88	rnapol	0.1	0.0	0.0
89	__protein1_rbs	9.8	0.0	0.0
89	__protein2_rbs	8.65	0.0	0.0
89	__protein3_rbs	1.45	0.0	0.0
89	__ribosome	32.55	0.0	0.0
89	__rnase_site_ext	15.15	0.0	0.0
89	p0	0.9	0.0	0.0
89	protein1	361.4	15.35	1.96798105
89	protein2	325.35	15.1	2.1355916
89	protein3	50.05	2.55	1.9366666999999995
89	r2	2.55	0.0	0.0
89	rnapol	0.1	0.0	0.0
90	__protein1_rbs	8.45	0.0	0.0
90	__protein2_rbs	9.2	0.0	0.0
90	__protein3_rbs	1.35	0.0	0.0
90	__ribosome	32.2	0.0	0.0
90	__rnase_site_ext	15.05	0.0	0.0
90	p0	0.8	0.0	0.0
90	protein1	367.75	15.3	2.02226985
90	protein2	331.95	15.5	2.0475997500000003
90	protein3	51.15	2.55	2.0325
90	r2	2.75	0.0	0.0
90	rnapol	0.15	0.0	0.0
91	__protein1_rbs	9.4	0.0	0.0
91	__protein2_rbs	9.45	0.0	0.0
91	__protein3_rbs	1.9	0.0	0.0
91	__ribosome	32.5	0.0	0.0
91	__rnase_site_ext	15.15	0.0	0.0
91	p0	0.8	0.0	0.0
91	protein1	373.4	15.1	2.0551299
91	protein2	338.25	15.45	2.0365344
91	protein3	52.2	2.75	1.8591667
91	r2	2.8	0.0	0.0
91	rnapol	0.0	0.0	0.0
92	__protein1_rbs	8.95	0.0	0.0
92	__protein2_rbs	9.4	0.0	0.0
92	__protein3_rbs	1.65	0.0	0.0
92	__ribosome	32.45	0.0	0.0
92	__rnase_site_ext	15.2	0.0	0.0
92	p0	0.8	0.0	0.0
92	protein1	379.5	15.1	2.0619485499999994
92	protein2	344.95	15.8	1.9839421
92	protein3	53.3	2.8	1.89583335
92	r2	2.9	0.0	0.0
92	rnapol	0.05	0.0	0.0
93	__protein1_rbs	9.55	0.0	0.0
93	__protein2_rbs	9.85	0.0	0.0
93	__protein3_rbs	1.65	0.0	0.0
93	__ribosome	33.05	0.0	0.0
93	__rnase_site_ext	15.15	0.0	0.0
93	p0	0.9	0.0	0.0
93	protein1	385.9	15.2	2.01413025
93	protein2	351.3	15.65	1.99190515
93	protein3	54.5	2.9	1.86333335
93	r2	2.85	0.0	0.0
93	rnapol	0.05	0.0	0.0
94	__protein1_rbs	8.75	0.0	0.0
94	__protein2_rbs	9.45	0.0	0.0
94	__protein3_rbs	1.45	0.0	0.0
94	__ribosome	32.7	0.0	0.0
94	__rnase_site_ext	15.25	0.0	0.0
94	p0	0.8	0.0	0.0
94	protein1	392.05	15.25	2.02632165
94	protein2	357.8	15.7	1.9789443
94	protein3	55.65	2.85	1.99916675
94	r2	2.95	0.0	0.0
94	rnapol	0.2	0.0	0.0
95	__protein1_rbs	9.1	0.0	0.0
95	__protein2_rbs	9.85	0.0	0.0
95	__protein3_rbs	1.95	0.0	0.0
95	__ribosome	32.9	0.0	0.0
95	__rnase_site_ext	15.5	0.0	0.0
95	p0	0.9	0.0	0.0
95	protein1	398.7	15.3	1.98493315
95	protein2	364.1	16.15	1.9601634500000007
95	protein3	56.9	3.0	1.90166665
95	r2	3.0	0.0	0.0
95	rnapol	0.2	0.0	0.0
96	__protein1_rbs	9.8	0.0	0.0
96	__protein2_rbs	10.2	0.0	0.0
96	__protein3_rbs	1.5	0.0	0.0
96	__ribosome	32.45	0.0	0.0
96	__rnase_site_ext	15.35	0.0	0.0
96	p0	0.75	0.0	0.0
96	protein1	404.6	15.5	1.9462189
96	protein2	370.0	16.2	1.96425095
96	protein3	57.95	3.0	2.0416666
96	r2	3.1	0.0	0.0
96	rnapol	0.15	0.0	0.0
97	__protein1_rbs	8.7	0.0	0.0
97	__protein2_rbs	9.15	0.0	0.0
97	__protein3_rbs	1.85	0.0	0.0
97	__ribosome	31.65	0.0	0.0
97	__rnase_site_ext	15.7	0.0	0.0
97	p0	0.6	0.0	0.0
97	protein1	411.2	15.35	1.99153965
97	protein2	376.8	16.2	1.9869607
97	protein3	59.2	3.05	2.02999995
97	r2	3.1	0.0	0.0
97	rnapol	0.05	0.0	0.0
98	__protein1_rbs	9.4	0.0	0.0
98	__protein2_rbs	9.95	0.0	0.0
98	__protein3_rbs	1.65	0.0	0.0
98	__ribosome	31.6	0.0	0.0
98	__rnase_site_ext	15.8	0.0	0.0
98	p0	0.65	0.0	0.0
98	protein1	417.0	15.5	2.00524125
98	protein2	383.55	16.3	1.93508665
98	protein3	60.3	3.05	2.07214285
98	r2	3.15	0.0	0.0
98	rnapol	0.05	0.0	0.0
99	__protein1_rbs	10.45	0.0	0.0
99	__protein2_rbs	9.45	0.0	0.0
99	__protein3_rbs	2.1	0.0	0.0
99	__ribosome	31.3	0.0	0.0
99	__rnase_site_ext	15.8	0.0	0.0
99	p0	0.8	0.0	0.0
99	protein1	423.2	15.95	1.89953795
99	protein2	389.5	16.35	2.0009873
99	protein3	61.6	3.15	1.94964285
99	r2	3.15	0.0	0.0
99	rnapol	0.1	0.0	0.0
100	__protein1_rbs	9.9	0.0	0.0
100	__protein2_rbs	9.3	0.0	0.0
100	__protein3_rbs	1.95	0.0	0.0
100	__ribosome	31.05	0.0	0.0
100	__rnase_site_ext	15.75	0.0	0.0
100	p0	1.0	0.0	0.0
100	protein1	429.8	15.8	1.9211978
100	protein2	396.55	16.55	1.98619395
100	protein3	62.8	3.15	1.8640476000000001
100	r2	3.1	0.0	0.0
100	rnapol	0.3	0.0	0.0
101	__protein1_rbs	9.2	0.0	0.0
101	__protein2_rbs	10.65	0.0	0.0
101	__protein3_rbs	2.05	0.0	0.0
101	__ribosome	29.8	0.0	0.0
101	__rnase_site_ext	16.05	0.0	0.0
101	p0	0.6	0.0	0.0
101	protein1	435.55	15.85	1.9914727
101	protein2	402.2	16.75	2.00319915
101	protein3	64.3	3.05	1.75666665
101	r2	3.15	0.0	0.0
101	rnapol	0.15	0.0	0.0
102	__protein1_rbs	9.3	0.0	0.0
102	__protein2_rbs	9.65	0.0	0.0
102	__protein3_rbs	2.4	0.0	0.0
102	__ribosome	29.75	0.0	0.0
102	__rnase_site_ext	16.0	0.0	0.0
102	p0	0.8	0.0	0.0
102	protein1	441.95	15.85	2.02529975
102	protein2	409.35	16.7	2.0202136000000004
102	protein3	65.6	3.15	1.6577381000000002
102	r2	3.2	0.0	0.0
102	rnapol	0.15	0.0	0.0
103	__protein1_rbs	10.55	0.0	0.0
103	__protein2_rbs	9.6	0.0	0.0
103	__protein3_rbs	2.05	0.0	0.0
103	__ribosome	29.75	0.0	0.0
103	__rnase_site_ext	15.9	0.0	0.0
103	p0	0.85	0.0	0.0
103	protein1	447.9	15.95	1.9664323000000001
103	protein2	415.7	16.7	2.065301
103	protein3	67.05	3.25	1.62
103	r2	3.2	0.0	0.0
103	rnapol	0.1	0.0	0.0
104	__protein1_rbs	9.8	0.0	0.0
104	__protein2_rbs	10.75	0.0	0.0
104	__protein3_rbs	2.05	0.0	0.0
104	__ribosome	30.65	0.0	0.0
104	__rnase_site_ext	15.75	0.0	0.0
104	p0	0.75	0.0	0.0
104	protein1	454.45	15.9	1.9626108
104	protein2	423.1	16.65	2.007405
104	protein3	68.1	3.25	1.6520833500000005
104	r2	3.25	0.0	0.0
104	rnapol	0.05	0.0	0.0
105	__protein1_rbs	9.3	0.0	0.0
105	__protein2_rbs	10.85	0.0	0.0
105	__protein3_rbs	2.05	0.0	0.0
105	__ribosome	31.15	0.0	0.0
105	__rnase_site_ext	16.0	0.0	0.0
105	p0	0.9	0.0	0.0
105	protein1	460.95	15.7	1.9892696
105	protein2	429.8	16.6	1.97314185
105	protein3	69.25	3.25	1.7583333499999998
105	r2	3.25	0.0	0.0
105	rnapol	0.1	0.0	0.0
106	__protein1_rbs	9.55	0.0	0.0
106	__protein2_rbs	9.45	0.0	0.0
106	__protein3_rbs	1.8	0.0	0.0
106	__ribosome	30.0	0.0	0.0
106	__rnase_site_ext	15.85	0.0	0.0
106	p0	0.9	0.0	0.0
106	protein1	467.85	15.9	1.9423566000000003
106	protein2	436.85	16.9	1.97589485
106	protein3	70.4	3.25	1.97500005
106	r2	3.3	0.0	0.0
106	rnapol	0.15	0.0	0.0
107	__protein1_rbs	10.15	0.0	0.0
107	__protein2_rbs	10.95	0.0	0.0
107	__protein3_rbs	2.0	0.0	0.0
107	__ribosome	30.5	0.0	0.0
107	__rnase_site_ext	16.0	0.0	0.0
107	p0	0.8	0.0	0.0
107	protein1	474.05	15.85	1.9308722500000008
107	protein2	444.05	17.1	1.9149209
107	protein3	71.45	3.3	1.9375000000000004
107	r2	3.35	0.0	0.0
107	rnapol	0.05	0.0	0.0
108	__protein1_rbs	10.2	0.0	0.0
108	__protein2_rbs	9.95	0.0	0.0
108	__protein3_rbs	2.0	0.0	0.0
108	__ribosome	29.9	0.0	0.0
108	__rnase_site_ext	15.95	0.0	0.0
108	p0	0.9	0.0	0.0
108	protein1	479.95	15.9	1.94812545
108	protein2	451.15	17.2	1.93423525
108	protein3	72.65	3.3	inf
108	r2	3.35	0.0	0.0
108	rnapol	0.15	0.0	0.0
109	__protein1_rbs	9.85	0.0	0.0
109	__protein2_rbs	11.35	0.0	0.0
109	__protein3_rbs	2.0	0.0	0.0
109	__ribosome	30.3	0.0	0.0
109	__rnase_site_ext	16.05	0.0	0.0
109	p0	0.65	0.0	0.0
109	protein1	486.8	15.95	1.9293871
109	protein2	457.5	17.2	1.9144252
109	protein3	73.95	3.35	inf
109	r2	3.3	0.0	0.0
109	rnapol	0.2	0.0	0.0
110	__protein1_rbs	9.2	0.0	0.0
110	__protein2_rbs	11.0	0.0	0.0
110	__protein3_rbs	2.0	0.0	0.0
110	__ribosome	28.8	0.0	0.0
110	__rnase_site_ext	16.25	0.0	0.0
110	p0	0.75	0.0	0.0
110	protein1	492.95	15.85	1.97852915
110	protein2	463.45	17.6	1.9258986
110	protein3	75.4	3.3	inf
110	r2	3.35	0.0	0.0
110	rnapol	0.2	0.0	0.0
111	__protein1_rbs	10.15	0.0	0.0
111	__protein2_rbs	11.3	0.0	0.0
111	__protein3_rbs	2.4	0.0	0.0
111	__ribosome	30.1	0.0	0.0
111	__rnase_site_ext	16.35	0.0	0.0
111	p0	0.7	0.0	0.0
111	protein1	499.25	16.15	1.9529539
111	protein2	471.05	17.5	1.8956130000000004
111	protein3	76.8	3.35	inf
111	r2	3.3	0.0	0.0
111	rnapol	0.1	0.0	0.0
112	__protein1_rbs	10.65	0.0	0.0
112	__protein2_rbs	10.9	0.0	0.0
112	__protein3_rbs	1.85	0.0	0.0
112	__ribosome	29.95	0.0	0.0
112	__rnase_site_ext	16.5	0.0	0.0
112	p0	0.85	0.0	0.0
112	protein1	504.95	16.3	1.9243461500000003
112	protein2	478.15	17.55	1.8794927
112	protein3	78.1	3.3	inf
112	r2	3.3	0.0	0.0
112	rnapol	0.1	0.0	0.0
113	__protein1_rbs	10.05	0.0	0.0
113	__protein2_rbs	11.15	0.0	0.0
113	__protein3_rbs	1.95	0.0	0.0
113	__ribosome	30.1	0.0	0.0
113	__rnase_site_ext	16.5	0.0	0.0
113	p0	0.9	0.0	0.0
113	protein1	512.55	16.5	1.83847785
113	protein2	484.95	17.7	1.88282825
113	protein3	79.3	3.3	1.8329167
113	r2	3.45	0.0	0.0
113	rnapol	0.25	0.0	0.0
114	__protein1_rbs	9.45	0.0	0.0
114	__protein2_rbs	11.55	0.0	0.0
114	__protein3_rbs	2.3	0.0	0.0
114	__ribosome	28.75	0.0	0.0
114	__rnase_site_ext	16.8	0.0	0.0
114	p0	0.65	0.0	0.0
114	protein1	518.15	16.45	1.9432642
114	protein2	491.2	17.65	1.8964702000000002
114	protein3	80.65	3.45	1.7333333999999998
114	r2	3.5	0.0	0.0
114	rnapol	0.15	0.0	0.0
115	__protein1_rbs	10.45	0.0	0.0
115	__protein2_rbs	11.95	0.0	0.0
115	__protein3_rbs	2.2	0.0	0.0
115	__ribosome	31.1	0.0	0.0
115	__rnase_site_ext	16.8	0.0	0.0
115	p0	0.8	0.0	0.0
115	protein1	525.65	16.75	1.8514411
115	protein2	498.6	17.65	1.8282977
115	protein3	82.15	3.5	1.7071427999999995
115	r2	3.55	0.0	0.0
115	rnapol	0.0	0.0	0.0
116	__protein1_rbs	10.0	0.0	0.0
116	__protein2_rbs	10.9	0.0	0.0
116	__protein3_rbs	2.4	0.0	0.0
116	__ribosome	29.25	0.0	0.0
116	__rnase_site_ext	16.8	0.0	0.0
116	p0	0.85	0.0	0.0
116	protein1	530.85	16.75	1.9342892000000005
116	protein2	505.55	17.55	1.8583077000000001
116	protein3	83.25	3.55	1.7950595
116	r2	3.65	0.0	0.0
116	rnapol	0.05	0.0	0.0
117	__protein1_rbs	9.55	0.0	0.0
117	__protein2_rbs	11.45	0.0	0.0
117	__protein3_rbs	2.2	0.0	0.0
117	__ribosome	28.75	0.0	0.0
117	__rnase_site_ext	16.95	0.0	0.0
117	p0	0.8	0.0	0.0
117	protein1	537.65	16.9	1.96145495
117	protein2	511.85	17.7	1.8460633500000003
117	protein3	84.95	3.65	1.8064881000000002
117	r2	3.65	0.0	0.0
117	rnapol	0.15	0.0	0.0
118	__protein1_rbs	10.8	0.0	0.0
118	__protein2_rbs	10.9	0.0	0.0
118	__protein3_rbs	2.55	0.0	0.0
118	__ribosome	28.85	0.0	0.0
118	__rnase_site_ext	17.05	0.0	0.0
118	p0	0.85	0.0	0.0
118	protein1	543.9	16.9	1.9757802
118	protein2	519.15	17.55	1.8453411
118	protein3	86.5	3.7	inf
118	r2	3.55	0.0	0.0
118	rnapol	0.05	0.0	0.0
119	__protein1_rbs	10.5	0.0	0.0
119	__protein2_rbs	11.7	0.0	0.0
119	__protein3_rbs	2.35	0.0	0.0
119	__ribosome	28.6	0.0	0.0
119	__rnase_site_ext	17.25	0.0	0.0
119	p0	0.75	0.0	0.0
119	protein1	550.25	16.95	1.9879509
119	protein2	526.0	17.65	1.814023
119	protein3	87.55	3.55	inf
119	r2	3.7	0.0	0.0
119	rnapol	0.1	0.0	0.0
120	__protein1_rbs	11.35	0.0	0.0
120	__protein2_rbs	11.25	0.0	0.0
120	__protein3_rbs	2.35	0.0	0.0
120	__ribosome	28.4	0.0	0.0
120	__rnase_site_ext	17.25	0.0	0.0
120	p0	0.75	0.0	0.0
120	protein1	557.3	17.15	1.9259582
120	protein2	532.6	17.75	1.81756385
120	protein3	88.75	3.7	inf
120	r2	3.7	0.0	0.0
120	rnapol	0.0	0.0	0.0
121	__protein1_rbs	11.25	0.0	0.0
121	__protein2_rbs	11.4	0.0	0.0
121	__protein3_rbs	2.35	0.0	0.0
121	__ribosome	28.5	0.0	0.0
121	__rnase_site_ext	17.4	0.0	0.0
121	p0	0.85	0.0	0.0
121	protein1	564.45	17.25	1.88479375
121	protein2	539.05	17.7	1.84000385
121	protein3	90.05	3.7	inf
121	r2	3.75	0.0	0.0
121	rnapol	0.2	0.0	0.0
122	__protein1_rbs	10.8	0.0	0.0
122	__protein2_rbs	11.3	0.0	0.0
122	__protein3_rbs	2.4	0.0	0.0
122	__ribosome	28.7	0.0	0.0
122	__rnase_site_ext	17.55	0.0	0.0
122	p0	0.6	0.0	0.0
122	protein1	572.0	17.35	1.8430102
122	protein2	546.0	17.85	1.8409610000000003
122	protein3	91.4	3.75	1.7075000500000002
122	r2	3.8	0.0	0.0
122	rnapol	0.3	0.0	0.0
123	__protein1_rbs	11.2	0.0	0.0
123	__protein2_rbs	12.1	0.0	0.0
123	__protein3_rbs	2.25	0.0	0.0
123	__ribosome	28.55	0.0	0.0
123	__rnase_site_ext	17.7	0.0	0.0
123	p0	0.65	0.0	0.0
123	protein1	578.9	17.6	1.8418216
123	protein2	552.3	17.85	1.83334715
123	protein3	92.9	3.85	1.66464285
123	r2	3.85	0.0	0.0
123	rnapol	0.2	0.0	0.0
124	__protein1_rbs	10.8	0.0	0.0
124	__protein2_rbs	10.95	0.0	0.0
124	__protein3_rbs	2.5	0.0	0.0
124	__ribosome	27.05	0.0	0.0
124	__rnase_site_ext	18.0	0.0	0.0
124	p0	0.8	0.0	0.0
124	protein1	585.2	17.7	1.8819463
124	protein2	559.1	18.05	1.86385265
124	protein3	94.3	3.85	1.6751785499999996
124	r2	3.85	0.0	0.0
124	rnapol	0.3	0.0	0.0
125	__protein1_rbs	10.85	0.0	0.0
125	__protein2_rbs	12.35	0.0	0.0
125	__protein3_rbs	2.25	0.0	0.0
125	__ribosome	28.25	0.0	0.0
125	__rnase_site_ext	18.35	0.0	0.0
125	p0	0.7	0.0	0.0
125	protein1	592.25	18.0	1.86409145
125	protein2	566.65	17.95	1.76961005
125	protein3	95.8	3.8	1.7315476000000003
125	r2	3.75	0.0	0.0
125	rnapol	0.05	0.0	0.0
126	__protein1_rbs	11.5	0.0	0.0
126	__protein2_rbs	11.5	0.0	0.0
126	__protein3_rbs	2.35	0.0	0.0
126	__ribosome	28.2	0.0	0.0
126	__rnase_site_ext	18.35	0.0	0.0
126	p0	0.85	0.0	0.0
126	protein1	598.9	18.15	1.85755545
126	protein2	573.8	18.05	1.7574189500000004
126	protein3	97.25	3.8	1.76035715
126	r2	3.75	0.0	0.0
126	rnapol	0.2	0.0	0.0
127	__protein1_rbs	12.0	0.0	0.0
127	__protein2_rbs	11.4	0.0	0.0
127	__protein3_rbs	2.4	0.0	0.0
127	__ribosome	27.5	0.0	0.0
127	__rnase_site_ext	18.5	0.0	0.0
127	p0	0.6	0.0	0.0
127	protein1	605.5	18.25	1.8459719
127	protein2	579.9	18.4	1.77481305
127	protein3	98.9	3.75	1.7261905
127	r2	3.75	0.0	0.0
127	rnapol	0.1	0.0	0.0
128	__protein1_rbs	11.8	0.0	0.0
128	__protein2_rbs	11.55	0.0	0.0
128	__protein3_rbs	2.4	0.0	0.0
128	__ribosome	27.65	0.0	0.0
128	__rnase_site_ext	18.8	0.0	0.0
128	p0	0.75	0.0	0.0
128	protein1	612.9	18.4	1.80435835
128	protein2	587.05	18.4	1.7741094500000003
128	protein3	100.05	3.75	1.7816666499999996
128	r2	3.7	0.0	0.0
128	rnapol	0.2	0.0	0.0
129	__protein1_rbs	11.1	0.0	0.0
129	__protein2_rbs	11.05	0.0	0.0
129	__protein3_rbs	2.05	0.0	0.0
129	__ribosome	26.3	0.0	0.0
129	__rnase_site_ext	18.75	0.0	0.0
129	p0	0.85	0.0	0.0
129	protein1	620.25	18.65	1.8011667000000002
129	protein2	594.15	18.4	1.81579145
129	protein3	101.6	3.7	1.8864286500000005
129	r2	3.7	0.0	0.0
129	rnapol	0.2	0.0	0.0
130	__protein1_rbs	12.3	0.0	0.0
130	__protein2_rbs	12.65	0.0	0.0
130	__protein3_rbs	2.4	0.0	0.0
130	__ribosome	27.3	0.0	0.0
130	__rnase_site_ext	18.75	0.0	0.0
130	p0	0.8	0.0	0.0
130	protein1	627.0	18.7	1.7874810999999995
130	protein2	600.8	18.45	1.77230495
130	protein3	103.05	3.7	1.8657143
130	r2	3.8	0.0	0.0
130	rnapol	0.1	0.0	0.0
131	__protein1_rbs	12.1	0.0	0.0
131	__protein2_rbs	11.95	0.0	0.0
131	__protein3_rbs	2.55	0.0	0.0
131	__ribosome	26.8	0.0	0.0
131	__rnase_site_ext	18.85	0.0	0.0
131	p0	0.9	0.0	0.0
131	protein1	634.05	18.7	1.8013278000000004
131	protein2	607.35	18.5	1.81032465
131	protein3	104.7	3.8	1.79976195
131	r2	3.75	0.0	0.0
131	rnapol	0.2	0.0	0.0
132	__protein1_rbs	11.9	0.0	0.0
132	__protein2_rbs	12.45	0.0	0.0
132	__protein3_rbs	2.4	0.0	0.0
132	__ribosome	25.5	0.0	0.0
132	__rnase_site_ext	18.95	0.0	0.0
132	p0	0.65	0.0	0.0
132	protein1	640.65	18.85	1.82885235
132	protein2	613.45	18.9	1.79733745
132	protein3	106.3	3.75	1.8301191000000003
132	r2	3.6	0.0	0.0
132	rnapol	0.15	0.0	0.0
133	__protein1_rbs	12.55	0.0	0.0
133	__protein2_rbs	11.25	0.0	0.0
133	__protein3_rbs	2.35	0.0	0.0
133	__ribosome	26.5	0.0	0.0
133	__rnase_site_ext	19.1	0.0	0.0
133	p0	0.8	0.0	0.0
133	protein1	648.35	18.95	1.7856438999999995
133	protein2	621.85	19.1	1.7840585
133	protein3	107.8	3.6	1.8821429000000005
133	r2	3.6	0.0	0.0
133	rnapol	0.0	0.0	0.0
134	__protein1_rbs	11.75	0.0	0.0
134	__protein2_rbs	12.3	0.0	0.0
134	__protein3_rbs	2.5	0.0	0.0
134	__ribosome	26.3	0.0	0.0
134	__rnase_site_ext	19.1	0.0	0.0
134	p0	0.8	0.0	0.0
134	protein1	655.5	19.05	1.80282565
134	protein2	628.95	19.2	1.7715231499999995
134	protein3	109.2	3.6	1.84583335
134	r2	3.55	0.0	0.0
134	rnapol	0.15	0.0	0.0
135	__protein1_rbs	12.9	0.0	0.0
135	__protein2_rbs	13.4	0.0	0.0
135	__protein3_rbs	2.3	0.0	0.0
135	__ribosome	27.4	0.0	0.0
135	__rnase_site_ext	19.35	0.0	0.0
135	p0	0.75	0.0	0.0
135	protein1	662.95	19.05	1.7294768999999994
135	protein2	635.55	19.3	1.76862165
135	protein3	110.6	3.5	1.82547615
135	r2	3.5	0.0	0.0
135	rnapol	0.15	0.0	0.0
136	__protein1_rbs	12.5	0.0	0.0
136	__protein2_rbs	13.0	0.0	0.0
136	__protein3_rbs	2.4	0.0	0.0
136	__ribosome	27.15	0.0	0.0
136	__rnase_site_ext	19.45	0.0	0.0
136	p0	0.65	0.0	0.0
136	protein1	669.75	19.35	1.7400543000000002
136	protein2	642.75	19.45	1.7558939999999996
136	protein3	112.1	3.5	1.69619045
136	r2	3.45	0.0	0.0
136	rnapol	0.2	0.0	0.0
137	__protein1_rbs	12.9	0.0	0.0
137	__protein2_rbs	11.95	0.0	0.0
137	__protein3_rbs	2.1	0.0	0.0
137	__ribosome	25.55	0.0	0.0
137	__rnase_site_ext	19.75	0.0	0.0
137	p0	0.75	0.0	0.0
137	protein1	676.6	19.45	1.7513903000000002
137	protein2	649.85	19.65	1.7986143999999995
137	protein3	113.55	3.4	inf
137	r2	3.45	0.0	0.0
137	rnapol	0.1	0.0	0.0
138	__protein1_rbs	12.95	0.0	0.0
138	__protein2_rbs	12.95	0.0	0.0
138	__protein3_rbs	2.05	0.0	0.0
138	__ribosome	26.45	0.0	0.0
138	__rnase_site_ext	19.75	0.0	0.0
138	p0	0.85	0.0	0.0
138	protein1	684.55	19.65	1.66836905
138	protein2	657.75	19.8	1.7810178
138	protein3	114.6	3.45	inf
138	r2	3.35	0.0	0.0
138	rnapol	0.15	0.0	0.0
139	__protein1_rbs	13.35	0.0	0.0
139	__protein2_rbs	13.3	0.0	0.0
139	__protein3_rbs	2.15	0.0	0.0
139	__ribosome	25.55	0.0	0.0
139	__rnase_site_ext	19.75	0.0	0.0
139	p0	0.9	0.0	0.0
139	protein1	691.25	19.75	1.68058095
139	protein2	664.75	19.9	1.7884137999999996
139	protein3	115.85	3.45	inf
139	r2	3.4	0.0	0.0
139	rnapol	0.1	0.0	0.0
140	__protein1_rbs	13.25	0.0	0.0
140	__protein2_rbs	13.5	0.0	0.0
140	__protein3_rbs	2.4	0.0	0.0
140	__ribosome	25.65	0.0	0.0
140	__rnase_site_ext	19.8	0.0	0.0
140	p0	0.8	0.0	0.0
140	protein1	698.4	19.8	1.6793783000000002
140	protein2	672.15	20.0	1.76792895
140	protein3	116.95	3.45	inf
140	r2	3.5	0.0	0.0
140	rnapol	0.25	0.0	0.0
141	__protein1_rbs	13.15	0.0	0.0
141	__protein2_rbs	13.5	0.0	0.0
141	__protein3_rbs	2.45	0.0	0.0
141	__ribosome	24.75	0.0	0.0
141	__rnase_site_ext	20.1	0.0	0.0
141	p0	0.7	0.0	0.0
141	protein1	705.25	19.8	1.7030828499999997
141	protein2	678.9	20.3	1.7793108999999998
141	protein3	118.5	3.5	1.5553572
141	r2	3.5	0.0	0.0
141	rnapol	0.1	0.0	0.0
142	__protein1_rbs	13.65	0.0	0.0
142	__protein2_rbs	13.7	0.0	0.0
142	__protein3_rbs	2.05	0.0	0.0
142	__ribosome	26.0	0.0	0.0
142	__rnase_site_ext	19.95	0.0	0.0
142	p0	0.85	0.0	0.0
142	protein1	711.9	20.0	1.69080365
142	protein2	687.85	20.35	1.6883819
142	protein3	119.55	3.5	1.5983333999999998
142	r2	3.55	0.0	0.0
142	rnapol	0.1	0.0	0.0
143	__protein1_rbs	12.8	0.0	0.0
143	__protein2_rbs	12.95	0.0	0.0
143	__protein3_rbs	2.15	0.0	0.0
143	__ribosome	25.45	0.0	0.0
143	__rnase_site_ext	19.6	0.0	0.0
143	p0	0.8	0.0	0.0
143	protein1	719.85	20.1	1.6959850500000002
143	protein2	695.4	20.4	1.7208053000000003
143	protein3	121.25	3.5	1.7608333000000005
143	r2	3.45	0.0	0.0
143	rnapol	0.1	0.0	0.0
144	__protein1_rbs	13.0	0.0	0.0
144	__protein2_rbs	13.35	0.0	0.0
144	__protein3_rbs	2.3	0.0	0.0
144	__ribosome	25.4	0.0	0.0
144	__rnase_site_ext	19.7	0.0	0.0
144	p0	0.85	0.0	0.0
144	protein1	726.7	19.6	1.7324639000000002
144	protein2	702.85	20.8	1.69987235
144	protein3	122.7	3.45	1.7554762
144	r2	3.45	0.0	0.0
144	rnapol	0.25	0.0	0.0
145	__protein1_rbs	13.65	0.0	0.0
145	__protein2_rbs	13.5	0.0	0.0
145	__protein3_rbs	2.3	0.0	0.0
145	__ribosome	25.75	0.0	0.0
145	__rnase_site_ext	19.7	0.0	0.0
145	p0	0.7	0.0	0.0
145	protein1	734.5	19.6	1.66799745
145	protein2	710.05	20.85	1.7290775500000002
145	protein3	123.7	3.45	1.86226185
145	r2	3.35	0.0	0.0
145	rnapol	0.2	0.0	0.0
146	__protein1_rbs	13.25	0.0	0.0
146	__protein2_rbs	13.45	0.0	0.0
146	__protein3_rbs	1.95	0.0	0.0
146	__ribosome	24.3	0.0	0.0
146	__rnase_site_ext	19.8	0.0	0.0
146	p0	0.75	0.0	0.0
146	protein1	740.95	19.6	1.6987236000000001
146	protein2	717.1	20.85	1.7779041000000002
146	protein3	125.0	3.4	1.9526191
146	r2	3.45	0.0	0.0
146	rnapol	0.35	0.0	0.0
147	__protein1_rbs	13.35	0.0	0.0
147	__protein2_rbs	13.1	0.0	0.0
147	__protein3_rbs	2.5	0.0	0.0
147	__ribosome	25.2	0.0	0.0
147	__rnase_site_ext	19.8	0.0	0.0
147	p0	0.8	0.0	0.0
147	protein1	748.55	19.8	1.64336375
147	protein2	724.95	20.85	1.7797372
147	protein3	126.45	3.45	1.7157143
147	r2	3.55	0.0	0.0
147	rnapol	0.3	0.0	0.0
148	__protein1_rbs	12.65	0.0	0.0
148	__protein2_rbs	13.55	0.0	0.0
148	__protein3_rbs	2.35	0.0	0.0
148	__ribosome	25.05	0.0	0.0
148	__rnase_site_ext	20.0	0.0	0.0
148	p0	0.6	0.0	0.0
148	protein1	756.0	19.7	1.6696318499999996
148	protein2	732.65	20.9	1.77550235
148	protein3	128.0	3.55	1.4985714
148	r2	3.6	0.0	0.0
148	rnapol	0.3	0.0	0.0
149	__protein1_rbs	12.5	0.0	0.0
149	__protein2_rbs	14.35	0.0	0.0
149	__protein3_rbs	2.0	0.0	0.0
149	__ribosome	24.1	0.0	0.0
149	__rnase_site_ext	20.0	0.0	0.0
149	p0	0.75	0.0	0.0
149	protein1	762.75	20.0	1.6945738499999998
149	protein2	740.4	21.1	1.7392616999999997
149	protein3	129.15	3.6	1.6598809500000002
149	r2	3.55	0.0	0.0
149	rnapol	0.4	0.0	0.0
150	__protein1_rbs	12.6	0.0	0.0
150	__protein2_rbs	15.0	0.0	0.0
150	__protein3_rbs	2.55	0.0	0.0
150	__ribosome	24.4	0.0	0.0
150	__rnase_site_ext	20.2	0.0	0.0
150	p0	0.6	0.0	0.0
150	protein1	769.65	19.95	1.7394735
150	protein2	748.55	21.25	1.67068905
150	protein3	130.35	3.55	1.6336905000000002
150	r2	3.55	0.0	0.0
150	rnapol	0.1	0.0	0.0
151	__protein1_rbs	13.55	0.0	0.0
151	__protein2_rbs	13.7	0.0	0.0
151	__protein3_rbs	2.6	0.0	0.0
151	__ribosome	24.7	0.0	0.0
151	__rnase_site_ext	20.35	0.0	0.0
151	p0	0.75	0.0	0.0
151	protein1	776.45	20.05	1.7360886000000002
151	protein2	756.5	21.2	1.6637809999999995
151	protein3	131.75	3.55	1.59749995
151	r2	3.6	0.0	0.0
151	rnapol	0.1	0.0	0.0
152	__protein1_rbs	13.3	0.0	0.0
152	__protein2_rbs	14.25	0.0	0.0
152	__protein3_rbs	2.05	0.0	0.0
152	__ribosome	23.95	0.0	0.0
152	__rnase_site_ext	20.35	0.0	0.0
152	p0	0.85	0.0	0.0
152	protein1	783.5	20.3	1.73862245
152	protein2	764.55	21.25	1.6385161
152	protein3	132.85	3.6	1.7561904499999996
152	r2	3.6	0.0	0.0
152	rnapol	0.15	0.0	0.0
153	__protein1_rbs	13.3	0.0	0.0
153	__protein2_rbs	14.45	0.0	0.0
153	__protein3_rbs	2.6	0.0	0.0
153	__ribosome	25.2	0.0	0.0
153	__rnase_site_ext	20.3	0.0	0.0
153	p0	0.65	0.0	0.0
153	protein1	791.95	20.35	1.69118135
153	protein2	772.1	21.3	1.6254361000000002
153	protein3	134.1	3.6	1.78142865
153	r2	3.6	0.0	0.0
153	rnapol	0.15	0.0	0.0
154	__protein1_rbs	13.65	0.0	0.0
154	__protein2_rbs	14.3	0.0	0.0
154	__protein3_rbs	2.4	0.0	0.0
154	__ribosome	23.45	0.0	0.0
154	__rnase_site_ext	20.3	0.0	0.0
154	p0	0.85	0.0	0.0
154	protein1	798.55	20.35	1.7335842000000001
154	protein2	779.15	21.45	1.6652728
154	protein3	135.55	3.6	1.7213096
154	r2	3.6	0.0	0.0
154	rnapol	0.2	0.0	0.0
155	__protein1_rbs	12.9	0.0	0.0
155	__protein2_rbs	14.1	0.0	0.0
155	__protein3_rbs	2.45	0.0	0.0
155	__ribosome	23.2	0.0	0.0
155	__rnase_site_ext	20.45	0.0	0.0
155	p0	0.85	0.0	0.0
155	protein1	806.55	20.4	1.7259033
155	protein2	786.65	21.6	1.6777168999999996
155	protein3	136.75	3.5	1.6955952
155	r2	3.55	0.0	0.0
155	rnapol	0.05	0.0	0.0
156	__protein1_rbs	13.7	0.0	0.0
156	__protein2_rbs	14.55	0.0	0.0
156	__protein3_rbs	2.25	0.0	0.0
156	__ribosome	23.65	0.0	0.0
156	__rnase_site_ext	20.25	0.0	0.0
156	p0	0.8	0.0	0.0
156	protein1	813.6	20.55	1.7143376500000005
156	protein2	794.5	21.75	1.6490620999999996
156	protein3	138.3	3.55	1.57154765
156	r2	3.5	0.0	0.0
156	rnapol	0.0	0.0	0.0
157	__protein1_rbs	13.15	0.0	0.0
157	__protein2_rbs	14.55	0.0	0.0
157	__protein3_rbs	2.25	0.0	0.0
157	__ribosome	23.35	0.0	0.0
157	__rnase_site_ext	20.5	0.0	0.0
157	p0	0.8	0.0	0.0
157	protein1	821.6	20.25	1.7337346500000002
157	protein2	802.15	21.75	1.6597122
157	protein3	139.7	3.5	1.62833325
157	r2	3.65	0.0	0.0
157	rnapol	0.05	0.0	0.0
158	__protein1_rbs	12.7	0.0	0.0
158	__protein2_rbs	15.05	0.0	0.0
158	__protein3_rbs	2.5	0.0	0.0
158	__ribosome	22.55	0.0	0.0
158	__rnase_site_ext	20.5	0.0	0.0
158	p0	0.7	0.0	0.0
158	protein1	829.45	20.35	1.75467095
158	protein2	809.6	22.05	1.6467618999999998
158	protein3	140.85	3.55	1.63666665
158	r2	3.6	0.0	0.0
158	rnapol	0.15	0.0	0.0
159	__protein1_rbs	13.75	0.0	0.0
159	__protein2_rbs	14.5	0.0	0.0
159	__protein3_rbs	2.2	0.0	0.0
159	__ribosome	22.2	0.0	0.0
159	__rnase_site_ext	20.7	0.0	0.0
159	p0	0.95	0.0	0.0
159	protein1	837.05	20.45	1.7416155
159	protein2	817.4	22.05	1.66605125
159	protein3	142.1	3.6	1.7361905
159	r2	3.65	0.0	0.0
159	rnapol	0.05	0.0	0.0
160	__protein1_rbs	13.6	0.0	0.0
160	__protein2_rbs	14.9	0.0	0.0
160	__protein3_rbs	2.55	0.0	0.0
160	__ribosome	22.6	0.0	0.0
160	__rnase_site_ext	20.5	0.0	0.0
160	p0	0.9	0.0	0.0
160	protein1	844.65	20.65	1.7223651000000002
160	protein2	825.35	22.0	1.65797815
160	protein3	143.2	3.65	1.6841666999999998
160	r2	3.7	0.0	0.0
160	rnapol	0.25	0.0	0.0
161	__protein1_rbs	14.15	0.0	0.0
161	__protein2_rbs	15.55	0.0	0.0
161	__protein3_rbs	2.2	0.0	0.0
161	__ribosome	22.3	0.0	0.0
161	__rnase_site_ext	20.9	0.0	0.0
161	p0	0.55	0.0	0.0
161	protein1	851.4	20.45	1.7752078000000002
161	protein2	833.2	22.0	1.6379119000000002
161	protein3	144.4	3.7	1.75261895
161	r2	3.75	0.0	0.0
161	rnapol	0.25	0.0	0.0
162	__protein1_rbs	14.15	0.0	0.0
162	__protein2_rbs	14.3	0.0	0.0
162	__protein3_rbs	2.35	0.0	0.0
162	__ribosome	23.2	0.0	0.0
162	__rnase_site_ext	21.2	0.0	0.0
162	p0	0.65	0.0	0.0
162	protein1	860.45	20.75	1.6697083499999998
162	protein2	841.0	22.05	1.6799205999999998
162	protein3	146.0	3.7	1.6666667000000002
162	r2	3.65	0.0	0.0
162	rnapol	0.3	0.0	0.0
163	__protein1_rbs	14.0	0.0	0.0
163	__protein2_rbs	14.75	0.0	0.0
163	__protein3_rbs	2.25	0.0	0.0
163	__ribosome	23.7	0.0	0.0
163	__rnase_site_ext	21.15	0.0	0.0
163	p0	0.6	0.0	0.0
163	protein1	868.5	20.95	1.6194330999999995
163	protein2	849.25	22.0	1.6601298
163	protein3	146.95	3.7	1.90511905
163	r2	3.75	0.0	0.0
163	rnapol	0.05	0.0	0.0
164	__protein1_rbs	13.5	0.0	0.0
164	__protein2_rbs	15.35	0.0	0.0
164	__protein3_rbs	2.25	0.0	0.0
164	__ribosome	23.45	0.0	0.0
164	__rnase_site_ext	21.1	0.0	0.0
164	p0	0.9	0.0	0.0
164	protein1	875.65	21.1	1.6521489499999995
164	protein2	857.25	21.95	1.61660605
164	protein3	148.2	3.75	1.9298810000000004
164	r2	3.85	0.0	0.0
164	rnapol	0.2	0.0	0.0
165	__protein1_rbs	15.45	0.0	0.0
165	__protein2_rbs	14.85	0.0	0.0
165	__protein3_rbs	2.65	0.0	0.0
165	__ribosome	23.65	0.0	0.0
165	__rnase_site_ext	20.95	0.0	0.0
165	p0	0.75	0.0	0.0
165	protein1	882.9	21.1	1.6269899499999998
165	protein2	865.0	21.9	1.6351965999999998
165	protein3	149.55	3.85	1.8636904500000004
165	r2	3.85	0.0	0.0
165	rnapol	0.15	0.0	0.0
166	__protein1_rbs	14.5	0.0	0.0
166	__protein2_rbs	15.1	0.0	0.0
166	__protein3_rbs	2.6	0.0	0.0
166	__ribosome	24.05	0.0	0.0
166	__rnase_site_ext	21.0	0.0	0.0
166	p0	0.65	0.0	0.0
166	protein1	890.3	21.0	1.6316118999999998
166	protein2	872.6	21.95	1.6201138000000004
166	protein3	151.1	3.8	1.8060714500000004
166	r2	3.8	0.0	0.0
166	rnapol	0.1	0.0	0.0
167	__protein1_rbs	14.4	0.0	0.0
167	__protein2_rbs	14.6	0.0	0.0
167	__protein3_rbs	2.7	0.0	0.0
167	__ribosome	23.6	0.0	0.0
167	__rnase_site_ext	21.05	0.0	0.0
167	p0	0.8	0.0	0.0
167	protein1	897.6	21.0	1.6303222000000002
167	protein2	880.3	22.1	1.63391415
167	protein3	152.45	3.85	1.7705952
167	r2	3.9	0.0	0.0
167	rnapol	0.0	0.0	0.0
168	__protein1_rbs	13.55	0.0	0.0
168	__protein2_rbs	14.9	0.0	0.0
168	__protein3_rbs	2.65	0.0	0.0
168	__ribosome	24.4	0.0	0.0
168	__rnase_site_ext	20.75	0.0	0.0
168	p0	0.95	0.0	0.0
168	protein1	906.3	21.15	1.61296985
168	protein2	888.25	22.05	1.6246173000000002
168	protein3	154.0	3.9	1.6285715000000005
168	r2	3.95	0.0	0.0
168	rnapol	0.0	0.0	0.0
169	__protein1_rbs	14.6	0.0	0.0
169	__protein2_rbs	14.35	0.0	0.0
169	__protein3_rbs	2.8	0.0	0.0
169	__ribosome	24.55	0.0	0.0
169	__rnase_site_ext	20.7	0.0	0.0
169	p0	0.8	0.0	0.0
169	protein1	913.55	20.85	1.6167076999999996
169	protein2	896.5	22.1	1.6375509999999998
169	protein3	155.7	3.95	1.5326191000000002
169	r2	3.95	0.0	0.0
169	rnapol	0.15	0.0	0.0
170	__protein1_rbs	14.2	0.0	0.0
170	__protein2_rbs	15.1	0.0	0.0
170	__protein3_rbs	2.9	0.0	0.0
170	__ribosome	24.25	0.0	0.0
170	__rnase_site_ext	20.95	0.0	0.0
170	p0	0.8	0.0	0.0
170	protein1	920.65	20.8	1.6397416
170	protein2	904.2	22.25	1.6382553000000002
170	protein3	157.1	3.95	1.4703572
170	r2	3.9	0.0	0.0
170	rnapol	0.05	0.0	0.0
171	__protein1_rbs	14.5	0.0	0.0
171	__protein2_rbs	15.8	0.0	0.0
171	__protein3_rbs	2.25	0.0	0.0
171	__ribosome	23.6	0.0	0.0
171	__rnase_site_ext	20.9	0.0	0.0
171	p0	0.7	0.0	0.0
171	protein1	927.75	20.95	1.6421809000000005
171	protein2	911.8	22.5	1.61483405
171	protein3	158.3	3.9	1.5791666999999998
171	r2	3.95	0.0	0.0
171	rnapol	0.05	0.0	0.0
172	__protein1_rbs	14.05	0.0	0.0
172	__protein2_rbs	14.55	0.0	0.0
172	__protein3_rbs	2.85	0.0	0.0
172	__ribosome	22.45	0.0	0.0
172	__rnase_site_ext	20.95	0.0	0.0
172	p0	0.85	0.0	0.0
172	protein1	936.0	20.9	1.6306625
172	protein2	918.95	22.45	1.6920682999999996
172	protein3	159.55	3.95	1.6149999999999998
172	r2	3.85	0.0	0.0
172	rnapol	0.15	0.0	0.0
173	__protein1_rbs	14.35	0.0	0.0
173	__protein2_rbs	14.95	0.0	0.0
173	__protein3_rbs	2.45	0.0	0.0
173	__ribosome	23.75	0.0	0.0
173	__rnase_site_ext	20.9	0.0	0.0
173	p0	0.95	0.0	0.0
173	protein1	943.55	20.95	1.5995866500000002
173	protein2	927.9	22.55	1.64618215
173	protein3	161.2	3.85	1.7041667
173	r2	3.9	0.0	0.0
173	rnapol	0.3	0.0	0.0
174	__protein1_rbs	14.5	0.0	0.0
174	__protein2_rbs	15.25	0.0	0.0
174	__protein3_rbs	2.75	0.0	0.0
174	__ribosome	24.3	0.0	0.0
174	__rnase_site_ext	21.05	0.0	0.0
174	p0	0.85	0.0	0.0
174	protein1	950.95	21.0	1.5775035
174	protein2	936.55	22.75	1.6300517
174	protein3	162.45	3.9	1.65499995
174	r2	3.8	0.0	0.0
174	rnapol	0.35	0.0	0.0
175	__protein1_rbs	14.3	0.0	0.0
175	__protein2_rbs	15.5	0.0	0.0
175	__protein3_rbs	2.45	0.0	0.0
175	__ribosome	22.9	0.0	0.0
175	__rnase_site_ext	21.2	0.0	0.0
175	p0	0.6	0.0	0.0
175	protein1	958.0	21.0	1.60640405
175	protein2	944.45	22.75	1.65105285
175	protein3	163.65	3.8	1.82916665
175	r2	3.95	0.0	0.0
175	rnapol	0.15	0.0	0.0
176	__protein1_rbs	14.45	0.0	0.0
176	__protein2_rbs	15.2	0.0	0.0
176	__protein3_rbs	2.55	0.0	0.0
176	__ribosome	23.55	0.0	0.0
176	__rnase_site_ext	21.35	0.0	0.0
176	p0	0.8	0.0	0.0
176	protein1	965.6	21.15	1.5829146
176	protein2	952.7	22.85	1.62910085
176	protein3	165.2	3.95	1.6674999499999998
176	r2	4.1	0.0	0.0
176	rnapol	0.15	0.0	0.0
177	__protein1_rbs	14.9	0.0	0.0
177	__protein2_rbs	15.3	0.0	0.0
177	__protein3_rbs	2.95	0.0	0.0
177	__ribosome	23.95	0.0	0.0
177	__rnase_site_ext	21.35	0.0	0.0
177	p0	0.75	0.0	0.0
177	protein1	973.25	21.3	1.564688
177	protein2	960.6	22.8	1.6238927
177	protein3	166.7	4.1	1.49333335
177	r2	4.1	0.0	0.0
177	rnapol	0.15	0.0	0.0
178	__protein1_rbs	14.05	0.0	0.0
178	__protein2_rbs	15.15	0.0	0.0
178	__protein3_rbs	3.0	0.0	0.0
178	__ribosome	23.1	0.0	0.0
178	__rnase_site_ext	21.4	0.0	0.0
178	p0	0.75	0.0	0.0
178	protein1	980.8	21.35	1.5988797
178	protein2	968.65	22.7	1.64490375
178	protein3	168.2	4.1	1.45333335
178	r2	4.2	0.0	0.0
178	rnapol	0.1	0.0	0.0
179	__protein1_rbs	13.75	0.0	0.0
179	__protein2_rbs	15.95	0.0	0.0
179	__protein3_rbs	2.7	0.0	0.0
179	__ribosome	22.5	0.0	0.0
179	__rnase_site_ext	21.4	0.0	0.0
179	p0	0.75	0.0	0.0
179	protein1	987.45	21.35	1.6818147500000002
179	protein2	977.55	22.6	1.5997013499999997
179	protein3	169.8	4.2	1.495
179	r2	4.2	0.0	0.0
179	rnapol	0.05	0.0	0.0
180	__protein1_rbs	14.9	0.0	0.0
180	__protein2_rbs	15.3	0.0	0.0
180	__protein3_rbs	2.85	0.0	0.0
180	__ribosome	21.8	0.0	0.0
180	__rnase_site_ext	21.15	0.0	0.0
180	p0	0.95	0.0	0.0
180	protein1	995.45	21.5	1.6304834
180	protein2	985.25	22.85	1.6389073
180	protein3	170.9	4.15	1.5690476999999998
180	r2	4.15	0.0	0.0
180	rnapol	0.1	0.0	0.0
181	__protein1_rbs	14.3	0.0	0.0
181	__protein2_rbs	15.3	0.0	0.0
181	__protein3_rbs	2.45	0.0	0.0
181	__ribosome	21.9	0.0	0.0
181	__rnase_site_ext	21.05	0.0	0.0
181	p0	0.6	0.0	0.0
181	protein1	1002.6	21.25	1.6638219
181	protein2	994.05	22.85	1.6107089499999998
181	protein3	172.4	4.1	1.6479761999999998
181	r2	4.2	0.0	0.0
181	rnapol	0.05	0.0	0.0
182	__protein1_rbs	14.5	0.0	0.0
182	__protein2_rbs	15.1	0.0	0.0
182	__protein3_rbs	3.0	0.0	0.0
182	__ribosome	22.45	0.0	0.0
182	__rnase_site_ext	20.75	0.0	0.0
182	p0	0.8	0.0	0.0
182	protein1	1010.5	21.0	1.6413127499999998
182	protein2	1001.7	22.7	1.6414385999999996
182	protein3	173.95	4.2	1.5711904500000002
182	r2	4.2	0.0	0.0
182	rnapol	0.15	0.0	0.0
183	__protein1_rbs	13.65	0.0	0.0
183	__protein2_rbs	14.95	0.0	0.0
183	__protein3_rbs	2.9	0.0	0.0
183	__ribosome	22.2	0.0	0.0
183	__rnase_site_ext	20.65	0.0	0.0
183	p0	0.95	0.0	0.0
183	protein1	1019.05	20.85	1.6285534
183	protein2	1009.9	22.55	1.6621464
183	protein3	175.25	4.2	1.6270238000000001
183	r2	4.25	0.0	0.0
183	rnapol	0.2	0.0	0.0
184	__protein1_rbs	13.9	0.0	0.0
184	__protein2_rbs	15.65	0.0	0.0
184	__protein3_rbs	2.95	0.0	0.0
184	__ribosome	23.4	0.0	0.0
184	__rnase_site_ext	20.9	0.0	0.0
184	p0	0.7	0.0	0.0
184	protein1	1025.85	20.75	1.6848617
184	protein2	1018.9	22.7	1.5669936000000002
184	protein3	176.8	4.2	1.4990476
184	r2	4.15	0.0	0.0
184	rnapol	0.15	0.0	0.0
185	__protein1_rbs	14.6	0.0	0.0
185	__protein2_rbs	14.1	0.0	0.0
185	__protein3_rbs	2.6	0.0	0.0
185	__ribosome	22.35	0.0	0.0
185	__rnase_site_ext	20.85	0.0	0.0
185	p0	0.8	0.0	0.0
185	protein1	1033.75	20.9	1.6285712499999998
185	protein2	1026.6	22.8	1.6397941500000002
185	protein3	178.35	4.15	1.5965477
185	r2	4.3	0.0	0.0
185	rnapol	0.1	0.0	0.0
186	__protein1_rbs	15.15	0.0	0.0
186	__protein2_rbs	15.5	0.0	0.0
186	__protein3_rbs	2.6	0.0	0.0
186	__ribosome	23.55	0.0	0.0
186	__rnase_site_ext	20.9	0.0	0.0
186	p0	0.9	0.0	0.0
186	protein1	1041.85	20.9	1.5520765
186	protein2	1034.7	23.0	1.6500971999999998
186	protein3	180.15	4.3	1.4916667
186	r2	4.25	0.0	0.0
186	rnapol	0.3	0.0	0.0
187	__protein1_rbs	14.25	0.0	0.0
187	__protein2_rbs	15.1	0.0	0.0
187	__protein3_rbs	2.8	0.0	0.0
187	__ribosome	23.0	0.0	0.0
187	__rnase_site_ext	20.75	0.0	0.0
187	p0	0.75	0.0	0.0
187	protein1	1048.9	20.95	1.5470396999999998
187	protein2	1043.5	22.95	1.6534068000000002
187	protein3	181.3	4.25	1.6229761500000002
187	r2	4.25	0.0	0.0
187	rnapol	0.25	0.0	0.0
188	__protein1_rbs	14.1	0.0	0.0
188	__protein2_rbs	16.2	0.0	0.0
188	__protein3_rbs	3.0	0.0	0.0
188	__ribosome	22.9	0.0	0.0
188	__rnase_site_ext	21.0	0.0	0.0
188	p0	0.75	0.0	0.0
188	protein1	1056.95	20.7	1.5493668
188	protein2	1050.75	22.95	1.67808585
188	protein3	182.75	4.3	1.7102381000000002
188	r2	4.25	0.0	0.0
188	rnapol	0.3	0.0	0.0
189	__protein1_rbs	14.15	0.0	0.0
189	__protein2_rbs	16.0	0.0	0.0
189	__protein3_rbs	3.1	0.0	0.0
189	__ribosome	23.5	0.0	0.0
189	__rnase_site_ext	21.3	0.0	0.0
189	p0	0.7	0.0	0.0
189	protein1	1064.15	20.95	1.53977315
189	protein2	1059.85	23.1	1.62483375
189	protein3	184.2	4.2	1.89666665
189	r2	4.25	0.0	0.0
189	rnapol	0.15	0.0	0.0
190	__protein1_rbs	14.35	0.0	0.0
190	__protein2_rbs	15.45	0.0	0.0
190	__protein3_rbs	2.8	0.0	0.0
190	__ribosome	23.15	0.0	0.0
190	__rnase_site_ext	21.45	0.0	0.0
190	p0	0.85	0.0	0.0
190	protein1	1071.15	21.25	1.5476080500000002
190	protein2	1068.6	23.0	1.62373515
190	protein3	185.95	4.2	1.74857145
190	r2	4.25	0.0	0.0
190	rnapol	0.25	0.0	0.0
191	__protein1_rbs	14.75	0.0	0.0
191	__protein2_rbs	15.55	0.0	0.0
191	__protein3_rbs	3.25	0.0	0.0
191	__ribosome	23.25	0.0	0.0
191	__rnase_site_ext	21.35	0.0	0.0
191	p0	0.75	0.0	0.0
191	protein1	1078.1	21.4	1.5764402
191	protein2	1077.2	23.1	1.6084491
191	protein3	187.8	4.25	1.53113095
191	r2	4.25	0.0	0.0
191	rnapol	0.3	0.0	0.0
192	__protein1_rbs	14.15	0.0	0.0
192	__protein2_rbs	15.3	0.0	0.0
192	__protein3_rbs	2.5	0.0	0.0
192	__ribosome	21.95	0.0	0.0
192	__rnase_site_ext	21.35	0.0	0.0
192	p0	0.8	0.0	0.0
192	protein1	1085.6	21.3	1.6190023
192	protein2	1085.7	23.3	1.6134878
192	protein3	189.55	4.3	1.5798809500000002
192	r2	4.3	0.0	0.0
192	rnapol	0.15	0.0	0.0
193	__protein1_rbs	15.0	0.0	0.0
193	__protein2_rbs	15.6	0.0	0.0
193	__protein3_rbs	3.45	0.0	0.0
193	__ribosome	21.75	0.0	0.0
193	__rnase_site_ext	21.5	0.0	0.0
193	p0	0.85	0.0	0.0
193	protein1	1092.85	21.45	1.6283596000000002
193	protein2	1093.7	23.25	1.6337199499999997
193	protein3	191.15	4.3	1.3783928
193	r2	4.3	0.0	0.0
193	rnapol	0.1	0.0	0.0
194	__protein1_rbs	15.1	0.0	0.0
194	__protein2_rbs	15.35	0.0	0.0
194	__protein3_rbs	3.05	0.0	0.0
194	__ribosome	20.55	0.0	0.0
194	__rnase_site_ext	21.3	0.0	0.0
194	p0	0.7	0.0	0.0
194	protein1	1100.4	21.5	1.6299923999999997
194	protein2	1101.75	23.0	1.67702105
194	protein3	192.25	4.35	1.52214285
194	r2	4.35	0.0	0.0
194	rnapol	0.1	0.0	0.0
195	__protein1_rbs	15.35	0.0	0.0
195	__protein2_rbs	15.7	0.0	0.0
195	__protein3_rbs	3.0	0.0	0.0
195	__ribosome	21.95	0.0	0.0
195	__rnase_site_ext	21.45	0.0	0.0
195	p0	0.8	0.0	0.0
195	protein1	1108.6	21.4	1.5963214
195	protein2	1110.35	22.9	1.6624156999999995
195	protein3	193.7	4.3	1.6017262000000003
195	r2	4.3	0.0	0.0
195	rnapol	0.25	0.0	0.0
196	__protein1_rbs	13.75	0.0	0.0
196	__protein2_rbs	16.1	0.0	0.0
196	__protein3_rbs	2.65	0.0	0.0
196	__ribosome	22.7	0.0	0.0
196	__rnase_site_ext	21.55	0.0	0.0
196	p0	0.7	0.0	0.0
196	protein1	1116.65	21.45	1.6217335499999996
196	protein2	1119.25	22.95	1.6018175
196	protein3	195.3	4.2	1.69589285
196	r2	4.2	0.0	0.0
196	rnapol	0.05	0.0	0.0
197	__protein1_rbs	13.8	0.0	0.0
197	__protein2_rbs	15.5	0.0	0.0
197	__protein3_rbs	2.8	0.0	0.0
197	__ribosome	22.55	0.0	0.0
197	__rnase_site_ext	21.6	0.0	0.0
197	p0	0.85	0.0	0.0
197	protein1	1125.1	21.5	1.61062395
197	protein2	1127.5	23.0	1.60749195
197	protein3	196.9	4.2	1.7200595499999998
197	r2	4.2	0.0	0.0
197	rnapol	0.05	0.0	0.0
198	__protein1_rbs	14.85	0.0	0.0
198	__protein2_rbs	15.75	0.0	0.0
198	__protein3_rbs	2.75	0.0	0.0
198	__ribosome	22.45	0.0	0.0
198	__rnase_site_ext	21.6	0.0	0.0
198	p0	0.8	0.0	0.0
198	protein1	1132.2	21.5	1.6350407999999998
198	protein2	1136.75	22.95	1.56884745
198	protein3	198.25	4.2	1.75684525
198	r2	4.15	0.0	0.0
198	rnapol	0.05	0.0	0.0
199	__protein1_rbs	14.75	0.0	0.0
199	__protein2_rbs	15.4	0.0	0.0
199	__protein3_rbs	2.6	0.0	0.0
199	__ribosome	21.1	0.0	0.0
199	__rnase_site_ext	21.7	0.0	0.0
199	p0	0.8	0.0	0.0
199	protein1	1139.55	21.55	1.64976975
199	protein2	1144.75	23.1	1.59485685
199	protein3	199.8	4.15	1.9051786
199	r2	4.05	0.0	0.0
199	rnapol	0.25	0.0	0.0
200	__protein1_rbs	14.55	0.0	0.0
200	__protein2_rbs	15.0	0.0	0.0
200	__protein3_rbs	2.65	0.0	0.0
200	__ribosome	21.4	0.0	0.0
200	__rnase_site_ext	22.05	0.0	0.0
200	p0	0.75	0.0	0.0
200	protein1	1147.75	21.75	1.6114370999999998
200	protein2	1152.85	22.95	1.6144882500000002
200	protein3	201.5	4.0	1.86130955
200	r2	4.0	0.0	0.0
200	rnapol	0.15	0.0	0.0
201	__protein1_rbs	15.45	0.0	0.0
201	__protein2_rbs	15.85	0.0	0.0
201	__protein3_rbs	2.55	0.0	0.0
201	__ribosome	22.95	0.0	0.0
201	__rnase_site_ext	22.0	0.0	0.0
201	p0	0.75	0.0	0.0
201	protein1	1155.95	22.0	1.5541122500000002
201	protein2	1161.0	22.85	1.6036162
201	protein3	203.25	4.0	1.8669643
201	r2	4.0	0.0	0.0
201	rnapol	0.15	0.0	0.0
202	__protein1_rbs	15.65	0.0	0.0
202	__protein2_rbs	14.6	0.0	0.0
202	__protein3_rbs	2.9	0.0	0.0
202	__ribosome	22.8	0.0	0.0
202	__rnase_site_ext	22.05	0.0	0.0
202	p0	0.65	0.0	0.0
202	protein1	1163.85	22.05	1.5324706
202	protein2	1169.15	22.85	1.6469255499999995
202	protein3	205.0	4.0	1.7377381499999998
202	r2	4.0	0.0	0.0
202	rnapol	0.1	0.0	0.0
203	__protein1_rbs	14.7	0.0	0.0
203	__protein2_rbs	15.95	0.0	0.0
203	__protein3_rbs	2.8	0.0	0.0
203	__ribosome	23.45	0.0	0.0
203	__rnase_site_ext	22.1	0.0	0.0
203	p0	0.7	0.0	0.0
203	protein1	1171.85	21.95	1.56612945
203	protein2	1177.9	23.15	1.59822065
203	protein3	206.85	4.0	1.66285715
203	r2	4.0	0.0	0.0
203	rnapol	0.05	0.0	0.0
204	__protein1_rbs	14.75	0.0	0.0
204	__protein2_rbs	16.85	0.0	0.0
204	__protein3_rbs	2.5	0.0	0.0
204	__ribosome	23.2	0.0	0.0
204	__rnase_site_ext	21.95	0.0	0.0
204	p0	0.9	0.0	0.0
204	protein1	1179.55	22.2	1.5881198500000002
204	protein2	1186.7	23.45	1.52277555
204	protein3	208.25	4.0	1.7733333000000002
204	r2	3.95	0.0	0.0
204	rnapol	0.1	0.0	0.0
205	__protein1_rbs	15.25	0.0	0.0
205	__protein2_rbs	15.2	0.0	0.0
205	__protein3_rbs	2.3	0.0	0.0
205	__ribosome	22.55	0.0	0.0
205	__rnase_site_ext	21.8	0.0	0.0
205	p0	0.85	0.0	0.0
205	protein1	1187.7	21.95	1.5947995499999998
205	protein2	1194.65	23.25	1.5680147000000002
205	protein3	209.7	4.0	1.77738095
205	r2	3.95	0.0	0.0
205	rnapol	0.05	0.0	0.0
206	__protein1_rbs	15.55	0.0	0.0
206	__protein2_rbs	16.55	0.0	0.0
206	__protein3_rbs	2.6	0.0	0.0
206	__ribosome	22.75	0.0	0.0
206	__rnase_site_ext	21.85	0.0	0.0
206	p0	0.9	0.0	0.0
206	protein1	1194.6	21.8	1.62615535
206	protein2	1203.45	23.2	1.5409791000000002
206	protein3	211.0	3.95	1.83309525
206	r2	3.95	0.0	0.0
206	rnapol	0.1	0.0	0.0
207	__protein1_rbs	14.95	0.0	0.0
207	__protein2_rbs	16.15	0.0	0.0
207	__protein3_rbs	2.85	0.0	0.0
207	__ribosome	23.1	0.0	0.0
207	__rnase_site_ext	21.85	0.0	0.0
207	p0	0.75	0.0	0.0
207	protein1	1203.3	21.9	1.592804
207	protein2	1211.6	23.5	1.5454331499999998
207	protein3	212.5	3.95	1.6936310000000003
207	r2	3.85	0.0	0.0
207	rnapol	0.25	0.0	0.0
208	__protein1_rbs	14.65	0.0	0.0
208	__protein2_rbs	16.05	0.0	0.0
208	__protein3_rbs	3.1	0.0	0.0
208	__ribosome	22.35	0.0	0.0
208	__rnase_site_ext	22.05	0.0	0.0
208	p0	0.65	0.0	0.0
208	protein1	1211.25	21.9	1.6109899000000003
208	protein2	1219.35	23.5	1.58253685
208	protein3	214.05	3.8	1.82500005
208	r2	3.8	0.0	0.0
208	rnapol	0.1	0.0	0.0
209	__protein1_rbs	14.95	0.0	0.0
209	__protein2_rbs	15.85	0.0	0.0
209	__protein3_rbs	2.75	0.0	0.0
209	__ribosome	21.8	0.0	0.0
209	__rnase_site_ext	22.15	0.0	0.0
209	p0	0.75	0.0	0.0
209	protein1	1219.55	22.0	1.598021
209	protein2	1227.9	23.45	1.6173146500000002
209	protein3	215.8	3.8	1.76375
209	r2	3.8	0.0	0.0
209	rnapol	0.2	0.0	0.0
210	__protein1_rbs	14.8	0.0	0.0
210	__protein2_rbs	16.3	0.0	0.0
210	__protein3_rbs	2.6	0.0	0.0
210	__ribosome	21.25	0.0	0.0
210	__rnase_site_ext	22.2	0.0	0.0
210	p0	0.75	0.0	0.0
210	protein1	1227.2	22.15	1.6173904999999995
210	protein2	1236.3	23.75	1.61881965
210	protein3	217.6	3.85	1.5581944500000002
210	r2	3.95	0.0	0.0
210	rnapol	0.15	0.0	0.0
211	__protein1_rbs	15.65	0.0	0.0
211	__protein2_rbs	16.75	0.0	0.0
211	__protein3_rbs	2.6	0.0	0.0
211	__ribosome	22.0	0.0	0.0
211	__rnase_site_ext	22.2	0.0	0.0
211	p0	0.7	0.0	0.0
211	protein1	1235.35	22.25	1.57176315
211	protein2	1244.75	23.75	1.61480845
211	protein3	218.9	3.95	1.57777775
211	r2	3.9	0.0	0.0
211	rnapol	0.2	0.0	0.0
212	__protein1_rbs	15.8	0.0	0.0
212	__protein2_rbs	15.55	0.0	0.0
212	__protein3_rbs	2.9	0.0	0.0
212	__ribosome	22.65	0.0	0.0
212	__rnase_site_ext	22.3	0.0	0.0
212	p0	0.8	0.0	0.0
212	protein1	1243.95	22.1	1.55708335
212	protein2	1253.95	23.8	1.6099486500000002
212	protein3	220.3	3.9	1.4744444
212	r2	3.85	0.0	0.0
212	rnapol	0.1	0.0	0.0
213	__protein1_rbs	14.95	0.0	0.0
213	__protein2_rbs	17.0	0.0	0.0
213	__protein3_rbs	2.6	0.0	0.0
213	__ribosome	22.55	0.0	0.0
213	__rnase_site_ext	22.2	0.0	0.0
213	p0	0.8	0.0	0.0
213	protein1	1252.1	22.3	1.53892165
213	protein2	1262.25	23.8	1.5913755000000005
213	protein3	221.25	3.85	1.68805555
213	r2	3.8	0.0	0.0
213	rnapol	0.3	0.0	0.0
214	__protein1_rbs	14.8	0.0	0.0
214	__protein2_rbs	16.85	0.0	0.0
214	__protein3_rbs	2.3	0.0	0.0
214	__ribosome	23.25	0.0	0.0
214	__rnase_site_ext	22.55	0.0	0.0
214	p0	0.65	0.0	0.0
214	protein1	1260.45	22.4	1.54196715
214	protein2	1271.25	23.75	1.5445379499999998
214	protein3	222.75	3.8	1.7722222000000003
214	r2	3.65	0.0	0.0
214	rnapol	0.2	0.0	0.0
215	__protein1_rbs	15.95	0.0	0.0
215	__protein2_rbs	15.9	0.0	0.0
215	__protein3_rbs	2.75	0.0	0.0
215	__ribosome	22.6	0.0	0.0
215	__rnase_site_ext	22.5	0.0	0.0
215	p0	0.75	0.0	0.0
215	protein1	1268.6	22.5	1.5433090000000005
215	protein2	1279.85	23.9	1.5780311000000002
215	protein3	224.15	3.65	inf
215	r2	3.6	0.0	0.0
215	rnapol	0.1	0.0	0.0
216	__protein1_rbs	15.45	0.0	0.0
216	__protein2_rbs	16.75	0.0	0.0
216	__protein3_rbs	2.6	0.0	0.0
216	__ribosome	21.8	0.0	0.0
216	__rnase_site_ext	22.65	0.0	0.0
216	p0	0.8	0.0	0.0
216	protein1	1275.7	22.55	1.59749665
216	protein2	1288.7	23.7	1.55866015
216	protein3	225.45	3.6	inf
216	r2	3.6	0.0	0.0
216	rnapol	0.15	0.0	0.0
217	__protein1_rbs	15.45	0.0	0.0
217	__protein2_rbs	16.45	0.0	0.0
217	__protein3_rbs	2.3	0.0	0.0
217	__ribosome	21.5	0.0	0.0
217	__rnase_site_ext	22.7	0.0	0.0
217	p0	0.75	0.0	0.0
217	protein1	1283.2	22.65	1.65743515
217	protein2	1297.75	23.55	1.51742685
217	protein3	227.0	3.6	inf
217	r2	3.6	0.0	0.0
217	rnapol	0.05	0.0	0.0
218	__protein1_rbs	15.9	0.0	0.0
218	__protein2_rbs	16.85	0.0	0.0
218	__protein3_rbs	2.4	0.0	0.0
218	__ribosome	22.25	0.0	0.0
218	__rnase_site_ext	22.65	0.0	0.0
218	p0	0.95	0.0	0.0
218	protein1	1292.2	22.7	1.6070930999999995
218	protein2	1305.4	23.6	1.54861935
218	protein3	228.7	3.55	1.6193651000000002
218	r2	3.55	0.0	0.0
218	rnapol	0.15	0.0	0.0
219	__protein1_rbs	15.4	0.0	0.0
219	__protein2_rbs	15.6	0.0	0.0
219	__protein3_rbs	2.25	0.0	0.0
219	__ribosome	22.0	0.0	0.0
219	__rnase_site_ext	22.6	0.0	0.0
219	p0	0.75	0.0	0.0
219	protein1	1300.85	22.7	1.59755935
219	protein2	1314.75	23.7	1.5397444999999998
219	protein3	229.95	3.55	1.7494840999999997
219	r2	3.55	0.0	0.0
219	rnapol	0.05	0.0	0.0
220	__protein1_rbs	16.75	0.0	0.0
220	__protein2_rbs	17.45	0.0	0.0
220	__protein3_rbs	2.45	0.0	0.0
220	__ribosome	24.15	0.0	0.0
220	__rnase_site_ext	22.15	0.0	0.0
220	p0	0.8	0.0	0.0
220	protein1	1309.55	22.65	1.5353313
220	protein2	1323.25	23.95	1.4978522499999998
220	protein3	231.4	3.5	1.64682545
220	r2	3.45	0.0	0.0
220	rnapol	0.25	0.0	0.0
221	__protein1_rbs	14.85	0.0	0.0
221	__protein2_rbs	16.5	0.0	0.0
221	__protein3_rbs	2.25	0.0	0.0
221	__ribosome	23.05	0.0	0.0
221	__rnase_site_ext	22.25	0.0	0.0
221	p0	0.75	0.0	0.0
221	protein1	1318.45	22.3	1.5773219000000005
221	protein2	1331.15	24.1	1.5252570500000002
221	protein3	232.8	3.45	1.6943254500000002
221	r2	3.5	0.0	0.0
221	rnapol	0.25	0.0	0.0
222	__protein1_rbs	14.95	0.0	0.0
222	__protein2_rbs	16.8	0.0	0.0
222	__protein3_rbs	2.45	0.0	0.0
222	__ribosome	22.1	0.0	0.0
222	__rnase_site_ext	22.2	0.0	0.0
222	p0	0.6	0.0	0.0
222	protein1	1326.35	22.15	1.6081839000000002
222	protein2	1339.45	24.2	1.53951775
222	protein3	234.0	3.5	1.69460325
222	r2	3.35	0.0	0.0
222	rnapol	0.3	0.0	0.0
223	__protein1_rbs	15.1	0.0	0.0
223	__protein2_rbs	16.25	0.0	0.0
223	__protein3_rbs	2.4	0.0	0.0
223	__ribosome	21.5	0.0	0.0
223	__rnase_site_ext	22.45	0.0	0.0
223	p0	0.85	0.0	0.0
223	protein1	1334.9	22.25	1.6137533000000002
223	protein2	1348.3	24.45	1.5615719999999995
223	protein3	235.7	3.35	1.6572221499999995
223	r2	3.4	0.0	0.0
223	rnapol	0.25	0.0	0.0
224	__protein1_rbs	16.15	0.0	0.0
224	__protein2_rbs	16.95	0.0	0.0
224	__protein3_rbs	2.15	0.0	0.0
224	__ribosome	21.65	0.0	0.0
224	__rnase_site_ext	22.75	0.0	0.0
224	p0	0.65	0.0	0.0
224	protein1	1342.75	22.4	1.5666792499999995
224	protein2	1357.1	24.35	1.5762639000000005
224	protein3	236.8	3.4	1.7741666000000005
224	r2	3.35	0.0	0.0
224	rnapol	0.15	0.0	0.0
225	__protein1_rbs	15.9	0.0	0.0
225	__protein2_rbs	16.75	0.0	0.0
225	__protein3_rbs	2.2	0.0	0.0
225	__ribosome	21.45	0.0	0.0
225	__rnase_site_ext	22.6	0.0	0.0
225	p0	0.75	0.0	0.0
225	protein1	1350.75	22.75	1.5384661000000002
225	protein2	1365.1	24.4	1.6041935500000002
225	protein3	238.55	3.35	1.6908332999999998
225	r2	3.4	0.0	0.0
225	rnapol	0.15	0.0	0.0
226	__protein1_rbs	15.7	0.0	0.0
226	__protein2_rbs	16.6	0.0	0.0
226	__protein3_rbs	2.0	0.0	0.0
226	__ribosome	21.55	0.0	0.0
226	__rnase_site_ext	22.65	0.0	0.0
226	p0	0.8	0.0	0.0
226	protein1	1359.4	22.55	1.52634085
226	protein2	1374.2	24.2	1.62693955
226	protein3	239.9	3.35	1.7977778499999997
226	r2	3.35	0.0	0.0
226	rnapol	0.25	0.0	0.0
227	__protein1_rbs	15.8	0.0	0.0
227	__protein2_rbs	16.35	0.0	0.0
227	__protein3_rbs	2.45	0.0	0.0
227	__ribosome	23.65	0.0	0.0
227	__rnase_site_ext	22.6	0.0	0.0
227	p0	0.95	0.0	0.0
227	protein1	1368.0	22.65	1.48069445
227	protein2	1384.15	24.15	1.5971373
227	protein3	241.25	3.3	1.7952777999999998
227	r2	3.3	0.0	0.0
227	rnapol	0.45	0.0	0.0
228	__protein1_rbs	14.8	0.0	0.0
228	__protein2_rbs	17.05	0.0	0.0
228	__protein3_rbs	2.15	0.0	0.0
228	__ribosome	22.75	0.0	0.0
228	__rnase_site_ext	22.55	0.0	0.0
228	p0	0.75	0.0	0.0
228	protein1	1375.55	22.7	1.5621181
228	protein2	1393.5	24.05	1.5754366000000002
228	protein3	242.75	3.3	1.7920833500000004
228	r2	3.3	0.0	0.0
228	rnapol	0.15	0.0	0.0
229	__protein1_rbs	15.6	0.0	0.0
229	__protein2_rbs	16.1	0.0	0.0
229	__protein3_rbs	2.35	0.0	0.0
229	__ribosome	21.5	0.0	0.0
229	__rnase_site_ext	22.7	0.0	0.0
229	p0	0.65	0.0	0.0
229	protein1	1383.95	22.6	1.57050945
229	protein2	1402.1	24.3	1.60358665
229	protein3	243.75	3.3	1.7416666999999997
229	r2	3.2	0.0	0.0
229	rnapol	0.05	0.0	0.0
230	__protein1_rbs	15.95	0.0	0.0
230	__protein2_rbs	16.6	0.0	0.0
230	__protein3_rbs	2.35	0.0	0.0
230	__ribosome	21.45	0.0	0.0
230	__rnase_site_ext	22.5	0.0	0.0
230	p0	0.85	0.0	0.0
230	protein1	1391.65	22.7	1.5917748499999995
230	protein2	1410.95	24.3	1.61599815
230	protein3	245.3	3.2	inf
230	r2	3.2	0.0	0.0
230	rnapol	0.05	0.0	0.0
231	__protein1_rbs	15.1	0.0	0.0
231	__protein2_rbs	17.05	0.0	0.0
231	__protein3_rbs	2.25	0.0	0.0
231	__ribosome	22.05	0.0	0.0
231	__rnase_site_ext	22.3	0.0	0.0
231	p0	0.85	0.0	0.0
231	protein1	1399.7	22.55	1.6255004
231	protein2	1420.7	24.5	1.55244485
231	protein3	246.35	3.2	1.3841667000000002
231	r2	3.15	0.0	0.0
231	rnapol	0.1	0.0	0.0
232	__protein1_rbs	15.35	0.0	0.0
232	__protein2_rbs	17.15	0.0	0.0
232	__protein3_rbs	2.2	0.0	0.0
232	__ribosome	22.95	0.0	0.0
232	__rnase_site_ext	22.0	0.0	0.0
232	p0	0.8	0.0	0.0
232	protein1	1408.4	22.3	1.5860264999999998
232	protein2	1429.15	24.55	1.5556029500000002
232	protein3	247.55	3.15	1.47416665
232	r2	3.15	0.0	0.0
232	rnapol	0.25	0.0	0.0
233	__protein1_rbs	15.75	0.0	0.0
233	__protein2_rbs	16.55	0.0	0.0
233	__protein3_rbs	2.25	0.0	0.0
233	__ribosome	23.25	0.0	0.0
233	__rnase_site_ext	22.25	0.0	0.0
233	p0	0.75	0.0	0.0
233	protein1	1417.1	22.0	1.5761358
233	protein2	1438.35	24.55	1.588341
233	protein3	248.95	3.1	1.37458335
233	r2	3.15	0.0	0.0
233	rnapol	0.15	0.0	0.0
234	__protein1_rbs	14.95	0.0	0.0
234	__protein2_rbs	16.4	0.0	0.0
234	__protein3_rbs	2.1	0.0	0.0
234	__ribosome	21.2	0.0	0.0
234	__rnase_site_ext	22.3	0.0	0.0
234	p0	0.65	0.0	0.0
234	protein1	1425.35	22.25	1.5912270000000002
234	protein2	1446.85	24.25	1.6483555499999998
234	protein3	250.1	3.15	1.52
234	r2	3.15	0.0	0.0
234	rnapol	0.2	0.0	0.0
235	__protein1_rbs	15.85	0.0	0.0
235	__protein2_rbs	17.05	0.0	0.0
235	__protein3_rbs	2.4	0.0	0.0
235	__ribosome	22.75	0.0	0.0
235	__rnase_site_ext	22.5	0.0	0.0
235	p0	0.8	0.0	0.0
235	protein1	1433.8	22.3	1.54252935
235	protein2	1456.25	24.4	1.6051899000000005
235	protein3	251.0	3.15	1.49666665
235	r2	3.15	0.0	0.0
235	rnapol	0.15	0.0	0.0
236	__protein1_rbs	15.35	0.0	0.0
236	__protein2_rbs	16.95	0.0	0.0
236	__protein3_rbs	1.85	0.0	0.0
236	__ribosome	20.9	0.0	0.0
236	__rnase_site_ext	22.5	0.0	0.0
236	p0	0.7	0.0	0.0
236	protein1	1441.55	22.35	1.5740877
236	protein2	1464.8	24.6	1.6313856999999998
236	protein3	252.35	3.15	1.50333335
236	r2	3.2	0.0	0.0
236	rnapol	0.15	0.0	0.0
237	__protein1_rbs	15.7	0.0	0.0
237	__protein2_rbs	15.95	0.0	0.0
237	__protein3_rbs	2.15	0.0	0.0
237	__ribosome	21.2	0.0	0.0
237	__rnase_site_ext	22.75	0.0	0.0
237	p0	0.8	0.0	0.0
237	protein1	1449.75	22.45	1.5743528000000002
237	protein2	1474.85	24.55	1.6205344499999998
237	protein3	253.55	3.2	1.54875
237	r2	3.25	0.0	0.0
237	rnapol	0.1	0.0	0.0
238	__protein1_rbs	14.95	0.0	0.0
238	__protein2_rbs	16.9	0.0	0.0
238	__protein3_rbs	2.5	0.0	0.0
238	__ribosome	22.45	0.0	0.0
238	__rnase_site_ext	22.7	0.0	0.0
238	p0	0.85	0.0	0.0
238	protein1	1458.45	22.75	1.5636325000000002
238	protein2	1484.5	24.45	1.5800870000000002
238	protein3	254.75	3.25	1.3979166500000002
238	r2	3.35	0.0	0.0
238	rnapol	0.15	0.0	0.0
239	__protein1_rbs	15.2	0.0	0.0
239	__protein2_rbs	17.05	0.0	0.0
239	__protein3_rbs	2.5	0.0	0.0
239	__ribosome	21.2	0.0	0.0
239	__rnase_site_ext	22.9	0.0	0.0
239	p0	0.8	0.0	0.0
239	protein1	1466.75	22.65	1.5863571
239	protein2	1492.95	24.35	1.61826735
239	protein3	255.7	3.3	1.4597222
239	r2	3.25	0.0	0.0
239	rnapol	0.1	0.0	0.0
240	__protein1_rbs	16.3	0.0	0.0
240	__protein2_rbs	17.15	0.0	0.0
240	__protein3_rbs	2.15	0.0	0.0
240	__ribosome	21.55	0.0	0.0
240	__rnase_site_ext	22.75	0.0	0.0
240	p0	0.85	0.0	0.0
240	protein1	1475.15	22.85	1.5684292
240	protein2	1502.65	24.5	1.5786442500000002
240	protein3	256.85	3.25	1.4775001
240	r2	3.3	0.0	0.0
240	rnapol	0.0	0.0	0.0
241	__protein1_rbs	15.65	0.0	0.0
241	__protein2_rbs	16.1	0.0	0.0
241	__protein3_rbs	2.45	0.0	0.0
241	__ribosome	21.8	0.0	0.0
241	__rnase_site_ext	22.6	0.0	0.0
241	p0	0.95	0.0	0.0
241	protein1	1483.75	22.75	1.5560372
241	protein2	1512.1	24.5	1.5946286
241	protein3	258.4	3.3	1.29972225
241	r2	3.3	0.0	0.0
241	rnapol	0.15	0.0	0.0
242	__protein1_rbs	15.9	0.0	0.0
242	__protein2_rbs	16.7	0.0	0.0
242	__protein3_rbs	1.95	0.0	0.0
242	__ribosome	21.15	0.0	0.0
242	__rnase_site_ext	22.3	0.0	0.0
242	p0	0.85	0.0	0.0
242	protein1	1491.7	22.6	1.5868733000000002
242	protein2	1521.35	24.4	1.5976116000000002
242	protein3	259.35	3.3	1.5183333
242	r2	3.35	0.0	0.0
242	rnapol	0.25	0.0	0.0
243	__protein1_rbs	15.7	0.0	0.0
243	__protein2_rbs	16.2	0.0	0.0
243	__protein3_rbs	2.15	0.0	0.0
243	__ribosome	22.1	0.0	0.0
243	__rnase_site_ext	22.3	0.0	0.0
243	p0	0.85	0.0	0.0
243	protein1	1500.75	22.25	1.56693395
243	protein2	1531.25	24.4	1.5863219999999998
243	protein3	260.3	3.35	1.65472225
243	r2	3.45	0.0	0.0
243	rnapol	0.15	0.0	0.0
244	__protein1_rbs	14.35	0.0	0.0
244	__protein2_rbs	16.8	0.0	0.0
244	__protein3_rbs	2.2	0.0	0.0
244	__ribosome	21.4	0.0	0.0
244	__rnase_site_ext	22.55	0.0	0.0
244	p0	0.75	0.0	0.0
244	protein1	1509.65	22.35	1.57298515
244	protein2	1539.65	24.25	1.6099341000000005
244	protein3	261.8	3.45	1.6727777500000005
244	r2	3.5	0.0	0.0
244	rnapol	0.2	0.0	0.0
245	__protein1_rbs	15.55	0.0	0.0
245	__protein2_rbs	17.1	0.0	0.0
245	__protein3_rbs	2.1	0.0	0.0
245	__ribosome	21.6	0.0	0.0
245	__rnase_site_ext	22.7	0.0	0.0
245	p0	0.8	0.0	0.0
245	protein1	1517.75	22.6	1.57164985
245	protein2	1549.5	24.25	1.5776135
245	protein3	262.9	3.45	1.9069444
245	r2	3.55	0.0	0.0
245	rnapol	0.3	0.0	0.0
246	__protein1_rbs	16.65	0.0	0.0
246	__protein2_rbs	17.5	0.0	0.0
246	__protein3_rbs	2.8	0.0	0.0
246	__ribosome	23.6	0.0	0.0
246	__rnase_site_ext	22.8	0.0	0.0
246	p0	0.8	0.0	0.0
246	protein1	1526.75	22.7	1.49773705
246	protein2	1558.1	24.2	1.5758157
246	protein3	264.3	3.55	1.5694444
246	r2	3.55	0.0	0.0
246	rnapol	0.1	0.0	0.0
247	__protein1_rbs	15.9	0.0	0.0
247	__protein2_rbs	15.9	0.0	0.0
247	__protein3_rbs	2.3	0.0	0.0
247	__ribosome	22.95	0.0	0.0
247	__rnase_site_ext	22.95	0.0	0.0
247	p0	0.65	0.0	0.0
247	protein1	1534.6	22.8	1.5463645
247	protein2	1568.45	24.4	1.52754055
247	protein3	265.75	3.6	1.4990873500000002
247	r2	3.75	0.0	0.0
247	rnapol	0.05	0.0	0.0
248	__protein1_rbs	15.0	0.0	0.0
248	__protein2_rbs	16.6	0.0	0.0
248	__protein3_rbs	2.5	0.0	0.0
248	__ribosome	22.7	0.0	0.0
248	__rnase_site_ext	23.05	0.0	0.0
248	p0	0.7	0.0	0.0
248	protein1	1543.9	22.9	1.5521303999999998
248	protein2	1577.95	24.15	1.53009735
248	protein3	266.9	3.7	1.48678575
248	r2	3.7	0.0	0.0
248	rnapol	0.1	0.0	0.0
249	__protein1_rbs	16.0	0.0	0.0
249	__protein2_rbs	17.0	0.0	0.0
249	__protein3_rbs	2.05	0.0	0.0
249	__ribosome	21.5	0.0	0.0
249	__rnase_site_ext	23.1	0.0	0.0
249	p0	0.65	0.0	0.0
249	protein1	1552.25	23.0	1.5605836000000002
249	protein2	1586.85	24.2	1.5503978
249	protein3	268.25	3.7	1.4943254
249	r2	3.65	0.0	0.0
249	rnapol	0.2	0.0	0.0
250	__protein1_rbs	16.5	0.0	0.0
250	__protein2_rbs	16.1	0.0	0.0
250	__protein3_rbs	2.3	0.0	0.0
250	__ribosome	19.9	0.0	0.0
250	__rnase_site_ext	21.95	0.0	0.0
250	p0	0.8	0.0	0.0
250	protein1	1488.5	22.0	1.4160596
250	protein2	1519.15	23.25	1.5297341999999998
250	protein3	251.0	3.55	1.4961905000000002
250	r2	3.55	0.0	0.0
250	rnapol	0.25	0.0	0.0
