time	species	protein	transcript	ribo_density
0	__protein1_rbs	0.0	0.0	0.0
0	__protein2_rbs	0.0	0.0	0.0
0	__protein3_rbs	0.0	0.0	0.0
0	__ribosome	100.0	0.0	0.0
0	__rnase_site_ext	0.0	0.0	0.0
0	p0	1.0	0.0	0.0
0	p1	1.0	0.0	0.0
0	p2	1.0	0.0	0.0
0	r0	0.0	0.0	0.0
0	r1	0.0	0.0	0.0
0	rnapol	4.0	0.0	0.0
1	__protein1_rbs	0.0	0.0	0.0
1	__protein2_rbs	0.05	0.0	0.0
1	__protein3_rbs	0.0	0.0	0.0
1	__ribosome	70.0	0.0	0.0
1	__rnase_site_ext	0.55	0.0	0.0
1	p0	0.25	0.0	0.0
1	p1	0.7	0.0	0.0
1	p2	0.4	0.0	0.0
1	protein2	0.0	0.05	0.0
1	r0	0.0	0.0	0.0
1	r1	0.0	0.0	0.0
1	rnapol	1.95	0.0	0.0
2	__protein1_rbs	0.0	0.0	0.0
2	__protein2_rbs	0.1	0.0	0.0
2	__protein3_rbs	0.15	0.0	0.0
2	__ribosome	129.95	0.0	0.0
2	__rnase_site_ext	1.2	0.0	0.0
2	p0	1.1	0.0	0.0
2	p1	1.15	0.0	0.0
2	p2	0.7	0.0	0.0
2	protein2	0.0	0.1	0.025
2	protein3	0.0	0.15	0.0
2	r0	0.45	0.0	0.0
2	r1	0.0	0.0	0.0
2	rnapol	3.35	0.0	0.0
3	__protein1_rbs	0.15	0.0	0.0
3	__protein2_rbs	0.05	0.0	0.0
3	__protein3_rbs	0.2	0.0	0.0
3	__ribosome	99.3	0.0	0.0
3	__rnase_site_ext	2.0	0.0	0.0
3	p0	0.6	0.0	0.0
3	p1	1.0	0.0	0.0
3	p2	0.5	0.0	0.0
3	protein1	0.0	0.4	0.25
3	protein2	0.0	0.15	0.075
3	protein3	0.0	0.45	0.3
3	r0	0.6	0.0	0.0
3	r1	0.0	0.0	0.0
3	rnapol	1.7	0.0	0.0
4	__protein1_rbs	0.2	0.0	0.0
4	__protein2_rbs	0.0	0.0	0.0
4	__protein3_rbs	0.35	0.0	0.0
4	__ribosome	98.2	0.0	0.0
4	__rnase_site_ext	2.6	0.0	0.0
4	p0	0.75	0.0	0.0
4	p1	1.0	0.0	0.0
4	p2	0.8	0.0	0.0
4	protein1	0.0	0.6	0.625
4	protein2	0.0	0.15	0.175
4	protein3	0.0	0.95	0.6833333500000001
4	r0	1.05	0.0	0.0
4	r1	0.0	0.0	0.0
4	rnapol	1.15	0.0	0.0
5	__protein1_rbs	0.4	0.0	0.0
5	__protein2_rbs	0.0	0.0	0.0
5	__protein3_rbs	0.3	0.0	0.0
5	__ribosome	96.75	0.0	0.0
5	__rnase_site_ext	2.95	0.0	0.0
5	p0	0.9	0.0	0.0
5	p1	1.0	0.0	0.0
5	p2	0.9	0.0	0.0
5	protein1	0.0	0.9	1.0
5	protein2	0.0	0.2	0.3
5	protein3	0.0	1.2	1.18333335
5	r0	1.35	0.0	0.0
5	r1	0.0	0.0	0.0
5	rnapol	0.85	0.0	0.0
6	__protein1_rbs	0.4	0.0	0.0
6	__protein2_rbs	0.1	0.0	0.0
6	__protein3_rbs	0.65	0.0	0.0
6	__ribosome	94.95	0.0	0.0
6	__rnase_site_ext	3.25	0.0	0.0
6	p0	0.8	0.0	0.0
6	p1	1.0	0.0	0.0
6	p2	0.95	0.0	0.0
6	protein1	0.0	1.35	1.375
6	protein2	0.05	0.2	0.325
6	protein3	0.0	1.5	1.59166665
6	r0	1.45	0.0	0.0
6	r1	0.0	0.0	0.0
6	rnapol	0.6	0.0	0.0
7	__protein1_rbs	0.45	0.0	0.0
7	__protein2_rbs	0.15	0.0	0.0
7	__protein3_rbs	0.5	0.0	0.0
7	__ribosome	93.0	0.0	0.0
7	__rnase_site_ext	3.5	0.0	0.0
7	p0	1.0	0.0	0.0
7	p1	1.0	0.0	0.0
7	p2	0.9	0.0	0.0
7	protein1	0.0	1.45	1.96666665
7	protein2	0.05	0.2	0.35
7	protein3	0.0	1.5	2.1666667
7	r0	1.65	0.0	0.0
7	r1	0.0	0.0	0.0
7	rnapol	0.5	0.0	0.0
8	__protein1_rbs	0.75	0.0	0.0
8	__protein2_rbs	0.1	0.0	0.0
8	__protein3_rbs	0.65	0.0	0.0
8	__ribosome	91.6	0.0	0.0
8	__rnase_site_ext	3.6	0.0	0.0
8	p0	0.95	0.0	0.0
8	p1	0.95	0.0	0.0
8	p2	0.95	0.0	0.0
8	protein1	0.25	1.65	2.18333335
8	protein2	0.05	0.25	0.45
8	protein3	0.25	1.65	2.45
8	r0	1.65	0.0	0.0
8	r1	0.05	0.0	0.0
8	rnapol	0.55	0.0	0.0
9	__protein1_rbs	0.4	0.0	0.0
9	__protein2_rbs	0.05	0.0	0.0
9	__protein3_rbs	0.6	0.0	0.0
9	__ribosome	89.9	0.0	0.0
9	__rnase_site_ext	3.6	0.0	0.0
9	p0	0.95	0.0	0.0
9	p1	1.0	0.0	0.0
9	p2	0.65	0.0	0.0
9	protein1	0.65	1.65	2.59166665
9	protein2	0.2	0.25	0.525
9	protein3	0.55	1.8	2.69999995
9	r0	1.7	0.0	0.0
9	r1	0.4	0.0	0.0
9	rnapol	0.6	0.0	0.0
10	__protein1_rbs	0.5	0.0	0.0
10	__protein2_rbs	0.1	0.0	0.0
10	__protein3_rbs	0.75	0.0	0.0
10	__ribosome	89.15	0.0	0.0
10	__rnase_site_ext	4.15	0.0	0.0
10	p0	0.8	0.0	0.0
10	p1	0.75	0.0	0.0
10	p2	0.8	0.0	0.0
10	protein1	1.2	1.7	2.7416667
10	protein2	0.35	0.25	0.475
10	protein3	1.3	1.9	2.72916665
10	r0	1.65	0.0	0.0
10	r1	0.55	0.0	0.0
10	rnapol	0.7	0.0	0.0
11	__protein1_rbs	0.6	0.0	0.0
11	__protein2_rbs	0.0	0.0	0.0
11	__protein3_rbs	0.5	0.0	0.0
11	__ribosome	88.45	0.0	0.0
11	__rnase_site_ext	4.2	0.0	0.0
11	p0	0.9	0.0	0.0
11	p1	0.6	0.0	0.0
11	p2	0.95	0.0	0.0
11	protein1	2.05	1.65	3.0125
11	protein2	0.45	0.3	0.55
11	protein3	2.4	2.15	2.5041666000000005
11	r0	1.9	0.0	0.0
11	r1	0.9	0.0	0.0
11	rnapol	0.6	0.0	0.0
12	__protein1_rbs	0.8	0.0	0.0
12	__protein2_rbs	0.25	0.0	0.0
12	__protein3_rbs	0.6	0.0	0.0
12	__ribosome	87.2	0.0	0.0
12	__rnase_site_ext	4.6	0.0	0.0
12	p0	0.85	0.0	0.0
12	p1	0.65	0.0	0.0
12	p2	0.85	0.0	0.0
12	protein1	2.85	1.9	2.6333333000000003
12	protein2	0.55	0.65	0.65
12	protein3	3.2	2.25	2.8375
12	r0	1.95	0.0	0.0
12	r1	1.3	0.0	0.0
12	rnapol	0.5	0.0	0.0
13	__protein1_rbs	0.8	0.0	0.0
13	__protein2_rbs	0.4	0.0	0.0
13	__protein3_rbs	0.85	0.0	0.0
13	__ribosome	86.7	0.0	0.0
13	__rnase_site_ext	4.8	0.0	0.0
13	p0	0.85	0.0	0.0
13	p1	0.3	0.0	0.0
13	p2	0.8	0.0	0.0
13	protein1	3.75	2.0	2.575
13	protein2	0.65	0.8	0.83333335
13	protein3	4.45	2.35	2.7541666500000006
13	r0	2.1	0.0	0.0
13	r1	1.4	0.0	0.0
13	rnapol	0.35	0.0	0.0
14	__protein1_rbs	0.45	0.0	0.0
14	__protein2_rbs	0.3	0.0	0.0
14	__protein3_rbs	1.05	0.0	0.0
14	__ribosome	85.15	0.0	0.0
14	__rnase_site_ext	4.95	0.0	0.0
14	p0	0.95	0.0	0.0
14	p1	0.3	0.0	0.0
14	p2	0.9	0.0	0.0
14	protein1	4.75	2.1	2.73750005
14	protein2	0.75	1.05	1.20833335
14	protein3	5.45	2.4	2.9125000000000005
14	r0	2.25	0.0	0.0
14	r1	1.6	0.0	0.0
14	rnapol	0.4	0.0	0.0
15	__protein1_rbs	1.0	0.0	0.0
15	__protein2_rbs	0.3	0.0	0.0
15	__protein3_rbs	1.2	0.0	0.0
15	__ribosome	83.55	0.0	0.0
15	__rnase_site_ext	4.85	0.0	0.0
15	p0	0.95	0.0	0.0
15	p1	0.8	0.0	0.0
15	p2	0.9	0.0	0.0
15	protein1	5.7	2.25	2.7041667
15	protein2	1.0	1.6	1.50833335
15	protein3	6.55	2.6	2.6916666000000005
15	r0	2.25	0.0	0.0
15	r1	1.65	0.0	0.0
15	rnapol	0.45	0.0	0.0
16	__protein1_rbs	1.05	0.0	0.0
16	__protein2_rbs	0.5	0.0	0.0
16	__protein3_rbs	0.75	0.0	0.0
16	__ribosome	81.7	0.0	0.0
16	__rnase_site_ext	5.0	0.0	0.0
16	p0	1.0	0.0	0.0
16	p1	0.8	0.0	0.0
16	p2	0.95	0.0	0.0
16	protein1	6.65	2.25	2.76666675
16	protein2	1.15	1.7	2.0583332999999997
16	protein3	7.8	2.7	2.845
16	r0	2.3	0.0	0.0
16	r1	1.7	0.0	0.0
16	rnapol	0.5	0.0	0.0
17	__protein1_rbs	0.95	0.0	0.0
17	__protein2_rbs	0.8	0.0	0.0
17	__protein3_rbs	0.9	0.0	0.0
17	__ribosome	81.0	0.0	0.0
17	__rnase_site_ext	4.95	0.0	0.0
17	p0	1.0	0.0	0.0
17	p1	0.8	0.0	0.0
17	p2	0.8	0.0	0.0
17	protein1	7.9	2.3	2.72916665
17	protein2	1.45	1.8	2.33333335
17	protein3	9.5	2.7	2.8208333000000008
17	r0	2.25	0.0	0.0
17	r1	1.75	0.0	0.0
17	rnapol	0.6	0.0	0.0
18	__protein1_rbs	0.85	0.0	0.0
18	__protein2_rbs	0.7	0.0	0.0
18	__protein3_rbs	0.65	0.0	0.0
18	__ribosome	79.85	0.0	0.0
18	__rnase_site_ext	5.4	0.0	0.0
18	p0	0.85	0.0	0.0
18	p1	0.9	0.0	0.0
18	p2	0.35	0.0	0.0
18	protein1	9.35	2.25	2.7875000000000005
18	protein2	1.95	2.0	2.54166665
18	protein3	10.85	2.7	3.00416665
18	r0	2.25	0.0	0.0
18	r1	1.95	0.0	0.0
18	rnapol	0.4	0.0	0.0
19	__protein1_rbs	0.9	0.0	0.0
19	__protein2_rbs	0.65	0.0	0.0
19	__protein3_rbs	1.5	0.0	0.0
19	__ribosome	79.4	0.0	0.0
19	__rnase_site_ext	5.4	0.0	0.0
19	p0	1.0	0.0	0.0
19	p1	0.9	0.0	0.0
19	p2	0.55	0.0	0.0
19	protein1	10.75	2.25	2.70000005
19	protein2	2.65	2.05	2.84999995
19	protein3	12.1	2.95	2.7675000000000005
19	r0	2.4	0.0	0.0
19	r1	2.2	0.0	0.0
19	rnapol	0.45	0.0	0.0
20	__protein1_rbs	0.95	0.0	0.0
20	__protein2_rbs	0.85	0.0	0.0
20	__protein3_rbs	1.2	0.0	0.0
20	__ribosome	77.85	0.0	0.0
20	__rnase_site_ext	5.55	0.0	0.0
20	p0	1.0	0.0	0.0
20	p1	0.7	0.0	0.0
20	p2	0.4	0.0	0.0
20	protein1	11.75	2.4	2.7124999999999995
20	protein2	3.6	2.1	3.0375
20	protein3	13.55	3.35	2.7083333
20	r0	2.4	0.0	0.0
20	r1	2.25	0.0	0.0
20	rnapol	0.45	0.0	0.0
21	__protein1_rbs	0.75	0.0	0.0
21	__protein2_rbs	0.95	0.0	0.0
21	__protein3_rbs	1.0	0.0	0.0
21	__ribosome	76.4	0.0	0.0
21	__rnase_site_ext	5.6	0.0	0.0
21	p0	1.0	0.0	0.0
21	p1	0.6	0.0	0.0
21	p2	0.25	0.0	0.0
21	protein1	12.85	2.4	2.9166667
21	protein2	4.75	2.25	2.7749999999999995
21	protein3	15.25	3.65	2.6902381
21	r0	2.35	0.0	0.0
21	r1	2.4	0.0	0.0
21	rnapol	0.5	0.0	0.0
22	__protein1_rbs	1.0	0.0	0.0
22	__protein2_rbs	0.9	0.0	0.0
22	__protein3_rbs	1.85	0.0	0.0
22	__ribosome	75.35	0.0	0.0
22	__rnase_site_ext	5.75	0.0	0.0
22	p0	1.0	0.0	0.0
22	p1	0.85	0.0	0.0
22	p2	0.8	0.0	0.0
22	protein1	14.4	2.35	2.9291667
22	protein2	5.8	2.6	2.7
22	protein3	16.7	4.1	2.53976185
22	r0	2.4	0.0	0.0
22	r1	2.4	0.0	0.0
22	rnapol	0.4	0.0	0.0
23	__protein1_rbs	0.65	0.0	0.0
23	__protein2_rbs	1.15	0.0	0.0
23	__protein3_rbs	1.75	0.0	0.0
23	__ribosome	73.8	0.0	0.0
23	__rnase_site_ext	5.8	0.0	0.0
23	p0	1.0	0.0	0.0
23	p1	0.8	0.0	0.0
23	p2	0.75	0.0	0.0
23	protein1	15.75	2.35	3.2458333
23	protein2	7.05	2.7	2.71666665
23	protein3	18.7	4.55	2.49190475
23	r0	2.35	0.0	0.0
23	r1	2.4	0.0	0.0
23	rnapol	0.3	0.0	0.0
24	__protein1_rbs	1.0	0.0	0.0
24	__protein2_rbs	1.15	0.0	0.0
24	__protein3_rbs	1.8	0.0	0.0
24	__ribosome	71.8	0.0	0.0
24	__rnase_site_ext	5.7	0.0	0.0
24	p0	1.0	0.0	0.0
24	p1	0.95	0.0	0.0
24	p2	0.7	0.0	0.0
24	protein1	17.0	2.3	inf
24	protein2	8.15	2.8	2.7916666500000007
24	protein3	20.3	4.8	2.6271428500000003
24	r0	2.3	0.0	0.0
24	r1	2.4	0.0	0.0
24	rnapol	0.35	0.0	0.0
25	__protein1_rbs	1.15	0.0	0.0
25	__protein2_rbs	1.35	0.0	0.0
25	__protein3_rbs	2.55	0.0	0.0
25	__ribosome	71.85	0.0	0.0
25	__rnase_site_ext	5.9	0.0	0.0
25	p0	1.0	0.0	0.0
25	p1	0.95	0.0	0.0
25	p2	0.85	0.0	0.0
25	protein1	18.65	2.3	inf
25	protein2	9.5	2.85	2.8249999000000003
25	protein3	22.4	4.95	2.62654765
25	r0	2.25	0.0	0.0
25	r1	2.3	0.0	0.0
25	rnapol	0.5	0.0	0.0
26	__protein1_rbs	0.95	0.0	0.0
26	__protein2_rbs	0.95	0.0	0.0
26	__protein3_rbs	2.1	0.0	0.0
26	__ribosome	70.7	0.0	0.0
26	__rnase_site_ext	5.85	0.0	0.0
26	p0	0.75	0.0	0.0
26	p1	1.0	0.0	0.0
26	p2	0.9	0.0	0.0
26	protein1	19.85	2.25	inf
26	protein2	10.9	2.9	2.925
26	protein3	24.6	5.25	2.6346429499999995
26	r0	2.25	0.0	0.0
26	r1	2.4	0.0	0.0
26	rnapol	0.7	0.0	0.0
27	__protein1_rbs	0.85	0.0	0.0
27	__protein2_rbs	1.4	0.0	0.0
27	__protein3_rbs	2.0	0.0	0.0
27	__ribosome	70.3	0.0	0.0
27	__rnase_site_ext	5.9	0.0	0.0
27	p0	0.9	0.0	0.0
27	p1	0.95	0.0	0.0
27	p2	0.8	0.0	0.0
27	protein1	21.35	2.25	inf
27	protein2	12.45	2.9	2.8958334
27	protein3	27.05	5.25	2.7514286
27	r0	2.45	0.0	0.0
27	r1	2.45	0.0	0.0
27	rnapol	0.95	0.0	0.0
28	__protein1_rbs	1.05	0.0	0.0
28	__protein2_rbs	1.25	0.0	0.0
28	__protein3_rbs	2.3	0.0	0.0
28	__ribosome	69.95	0.0	0.0
28	__rnase_site_ext	6.45	0.0	0.0
28	p0	0.85	0.0	0.0
28	p1	0.85	0.0	0.0
28	p2	0.5	0.0	0.0
28	protein1	22.85	2.45	inf
28	protein2	13.85	2.9	3.01666675
28	protein3	29.9	5.35	2.7571429000000007
28	r0	2.45	0.0	0.0
28	r1	2.45	0.0	0.0
28	rnapol	0.95	0.0	0.0
29	__protein1_rbs	1.1	0.0	0.0
29	__protein2_rbs	1.2	0.0	0.0
29	__protein3_rbs	2.0	0.0	0.0
29	__ribosome	69.45	0.0	0.0
29	__rnase_site_ext	6.45	0.0	0.0
29	p0	0.9	0.0	0.0
29	p1	0.95	0.0	0.0
29	p2	0.6	0.0	0.0
29	protein1	24.3	2.45	2.60416665
29	protein2	15.8	2.95	2.8916667
29	protein3	32.25	5.5	2.8653572
29	r0	2.6	0.0	0.0
29	r1	2.5	0.0	0.0
29	rnapol	1.25	0.0	0.0
30	__protein1_rbs	0.9	0.0	0.0
30	__protein2_rbs	1.45	0.0	0.0
30	__protein3_rbs	2.7	0.0	0.0
30	__ribosome	69.25	0.0	0.0
30	__rnase_site_ext	6.7	0.0	0.0
30	p0	0.85	0.0	0.0
30	p1	1.0	0.0	0.0
30	p2	0.65	0.0	0.0
30	protein1	25.55	2.6	2.5791667
30	protein2	17.45	2.95	2.81666665
30	protein3	35.35	5.85	2.7091666999999995
30	r0	2.75	0.0	0.0
30	r1	2.55	0.0	0.0
30	rnapol	1.1	0.0	0.0
31	__protein1_rbs	1.55	0.0	0.0
31	__protein2_rbs	1.05	0.0	0.0
31	__protein3_rbs	2.2	0.0	0.0
31	__ribosome	67.75	0.0	0.0
31	__rnase_site_ext	7.0	0.0	0.0
31	p0	0.95	0.0	0.0
31	p1	0.8	0.0	0.0
31	p2	0.8	0.0	0.0
31	protein1	26.6	2.75	2.4650000000000003
31	protein2	19.05	2.9	2.9166666500000007
31	protein3	38.1	6.2	2.71160715
31	r0	2.85	0.0	0.0
31	r1	2.55	0.0	0.0
31	rnapol	0.95	0.0	0.0
32	__protein1_rbs	1.35	0.0	0.0
32	__protein2_rbs	1.35	0.0	0.0
32	__protein3_rbs	2.4	0.0	0.0
32	__ribosome	67.3	0.0	0.0
32	__rnase_site_ext	7.45	0.0	0.0
32	p0	0.85	0.0	0.0
32	p1	0.95	0.0	0.0
32	p2	0.6	0.0	0.0
32	protein1	28.0	2.8	2.5000000000000004
32	protein2	20.65	3.05	2.7375
32	protein3	41.3	6.4	2.70188495
32	r0	2.85	0.0	0.0
32	r1	2.5	0.0	0.0
32	rnapol	0.75	0.0	0.0
33	__protein1_rbs	0.75	0.0	0.0
33	__protein2_rbs	1.4	0.0	0.0
33	__protein3_rbs	2.8	0.0	0.0
33	__ribosome	65.7	0.0	0.0
33	__rnase_site_ext	7.75	0.0	0.0
33	p0	0.95	0.0	0.0
33	p1	0.95	0.0	0.0
33	p2	0.85	0.0	0.0
33	protein1	29.25	2.85	2.7791667
33	protein2	22.2	3.1	2.7250000000000005
33	protein3	44.25	6.6	2.7292262000000003
33	r0	3.0	0.0	0.0
33	r1	2.5	0.0	0.0
33	rnapol	0.6	0.0	0.0
34	__protein1_rbs	1.2	0.0	0.0
34	__protein2_rbs	1.1	0.0	0.0
34	__protein3_rbs	2.75	0.0	0.0
34	__ribosome	63.85	0.0	0.0
34	__rnase_site_ext	7.75	0.0	0.0
34	p0	0.9	0.0	0.0
34	p1	1.0	0.0	0.0
34	p2	0.9	0.0	0.0
34	protein1	30.6	3.0	2.73250005
34	protein2	23.85	3.15	2.8291666500000003
34	protein3	47.35	7.0	2.74684525
34	r0	3.05	0.0	0.0
34	r1	2.6	0.0	0.0
34	rnapol	0.45	0.0	0.0
35	__protein1_rbs	1.25	0.0	0.0
35	__protein2_rbs	1.4	0.0	0.0
35	__protein3_rbs	2.85	0.0	0.0
35	__ribosome	62.65	0.0	0.0
35	__rnase_site_ext	7.8	0.0	0.0
35	p0	0.95	0.0	0.0
35	p1	1.0	0.0	0.0
35	p2	0.85	0.0	0.0
35	protein1	32.1	3.1	2.7375
35	protein2	25.35	3.15	2.8166666000000005
35	protein3	50.7	7.2	2.78363095
35	r0	3.1	0.0	0.0
35	r1	2.85	0.0	0.0
35	rnapol	0.55	0.0	0.0
36	__protein1_rbs	1.55	0.0	0.0
36	__protein2_rbs	1.15	0.0	0.0
36	__protein3_rbs	3.15	0.0	0.0
36	__ribosome	62.45	0.0	0.0
36	__rnase_site_ext	8.1	0.0	0.0
36	p0	0.9	0.0	0.0
36	p1	0.75	0.0	0.0
36	p2	0.75	0.0	0.0
36	protein1	33.55	3.1	2.84083335
36	protein2	27.2	3.15	2.87500005
36	protein3	54.45	7.25	2.7624405
36	r0	3.25	0.0	0.0
36	r1	2.85	0.0	0.0
36	rnapol	0.7	0.0	0.0
37	__protein1_rbs	1.1	0.0	0.0
37	__protein2_rbs	1.35	0.0	0.0
37	__protein3_rbs	3.0	0.0	0.0
37	__ribosome	60.9	0.0	0.0
37	__rnase_site_ext	8.35	0.0	0.0
37	p0	0.95	0.0	0.0
37	p1	0.7	0.0	0.0
37	p2	0.9	0.0	0.0
37	protein1	35.15	3.25	2.8266667
37	protein2	28.65	3.2	2.9475
37	protein3	57.7	7.3	2.8578969000000005
37	r0	3.3	0.0	0.0
37	r1	2.95	0.0	0.0
37	rnapol	0.75	0.0	0.0
38	__protein1_rbs	1.7	0.0	0.0
38	__protein2_rbs	1.45	0.0	0.0
38	__protein3_rbs	2.55	0.0	0.0
38	__ribosome	60.2	0.0	0.0
38	__rnase_site_ext	8.4	0.0	0.0
38	p0	1.0	0.0	0.0
38	p1	0.75	0.0	0.0
38	p2	0.7	0.0	0.0
38	protein1	36.85	3.3	2.8233333000000003
38	protein2	30.55	3.45	2.7333334
38	protein3	61.6	7.55	2.8845022
38	r0	3.35	0.0	0.0
38	r1	3.1	0.0	0.0
38	rnapol	0.85	0.0	0.0
39	__protein1_rbs	1.25	0.0	0.0
39	__protein2_rbs	1.85	0.0	0.0
39	__protein3_rbs	3.85	0.0	0.0
39	__ribosome	60.95	0.0	0.0
39	__rnase_site_ext	8.5	0.0	0.0
39	p0	1.0	0.0	0.0
39	p1	0.7	0.0	0.0
39	p2	0.75	0.0	0.0
39	protein1	38.45	3.3	2.9125000000000005
39	protein2	32.5	3.5	2.61500005
39	protein3	65.8	7.55	2.7567659000000004
39	r0	3.4	0.0	0.0
39	r1	3.15	0.0	0.0
39	rnapol	1.0	0.0	0.0
40	__protein1_rbs	1.35	0.0	0.0
40	__protein2_rbs	1.8	0.0	0.0
40	__protein3_rbs	3.05	0.0	0.0
40	__ribosome	59.95	0.0	0.0
40	__rnase_site_ext	8.65	0.0	0.0
40	p0	0.9	0.0	0.0
40	p1	0.7	0.0	0.0
40	p2	0.85	0.0	0.0
40	protein1	40.05	3.4	2.8975
40	protein2	34.05	3.7	2.5479762000000004
40	protein3	69.9	7.75	2.75191015
40	r0	3.4	0.0	0.0
40	r1	3.25	0.0	0.0
40	rnapol	1.05	0.0	0.0
41	__protein1_rbs	1.6	0.0	0.0
41	__protein2_rbs	1.85	0.0	0.0
41	__protein3_rbs	3.35	0.0	0.0
41	__ribosome	59.4	0.0	0.0
41	__rnase_site_ext	8.9	0.0	0.0
41	p0	0.9	0.0	0.0
41	p1	0.8	0.0	0.0
41	p2	0.85	0.0	0.0
41	protein1	41.65	3.4	2.83416665
41	protein2	35.9	3.85	2.4358334
41	protein3	73.9	8.0	2.7383532
41	r0	3.45	0.0	0.0
41	r1	3.15	0.0	0.0
41	rnapol	0.95	0.0	0.0
42	__protein1_rbs	1.65	0.0	0.0
42	__protein2_rbs	1.7	0.0	0.0
42	__protein3_rbs	4.1	0.0	0.0
42	__ribosome	59.1	0.0	0.0
42	__rnase_site_ext	9.1	0.0	0.0
42	p0	0.85	0.0	0.0
42	p1	0.75	0.0	0.0
42	p2	0.85	0.0	0.0
42	protein1	43.55	3.4	2.8858333000000003
42	protein2	37.75	3.95	2.57059525
42	protein3	77.6	8.2	2.66321255
42	r0	3.5	0.0	0.0
42	r1	3.25	0.0	0.0
42	rnapol	0.7	0.0	0.0
43	__protein1_rbs	1.55	0.0	0.0
43	__protein2_rbs	1.55	0.0	0.0
43	__protein3_rbs	3.9	0.0	0.0
43	__ribosome	58.85	0.0	0.0
43	__rnase_site_ext	9.5	0.0	0.0
43	p0	0.85	0.0	0.0
43	p1	0.8	0.0	0.0
43	p2	0.9	0.0	0.0
43	protein1	45.4	3.55	2.73166665
43	protein2	39.4	4.0	2.6385715
43	protein3	82.25	8.35	2.5558297000000003
43	r0	3.6	0.0	0.0
43	r1	3.35	0.0	0.0
43	rnapol	0.65	0.0	0.0
44	__protein1_rbs	2.05	0.0	0.0
44	__protein2_rbs	2.05	0.0	0.0
44	__protein3_rbs	3.95	0.0	0.0
44	__ribosome	58.6	0.0	0.0
44	__rnase_site_ext	9.6	0.0	0.0
44	p0	0.8	0.0	0.0
44	p1	0.8	0.0	0.0
44	p2	0.55	0.0	0.0
44	protein1	47.55	3.6	2.56583335
44	protein2	41.0	4.0	2.6041666999999995
44	protein3	86.25	8.4	2.60897735
44	r0	3.75	0.0	0.0
44	r1	3.45	0.0	0.0
44	rnapol	0.35	0.0	0.0
45	__protein1_rbs	1.65	0.0	0.0
45	__protein2_rbs	1.95	0.0	0.0
45	__protein3_rbs	3.45	0.0	0.0
45	__ribosome	57.6	0.0	0.0
45	__rnase_site_ext	9.65	0.0	0.0
45	p0	0.95	0.0	0.0
45	p1	0.85	0.0	0.0
45	p2	0.6	0.0	0.0
45	protein1	49.5	3.75	2.5000000000000004
45	protein2	42.85	4.1	2.6491667000000003
45	protein3	90.5	8.5	2.64590455
45	r0	3.9	0.0	0.0
45	r1	3.4	0.0	0.0
45	rnapol	0.5	0.0	0.0
46	__protein1_rbs	1.55	0.0	0.0
46	__protein2_rbs	2.3	0.0	0.0
46	__protein3_rbs	3.65	0.0	0.0
46	__ribosome	56.75	0.0	0.0
46	__rnase_site_ext	9.7	0.0	0.0
46	p0	1.0	0.0	0.0
46	p1	0.85	0.0	0.0
46	p2	0.6	0.0	0.0
46	protein1	51.05	3.9	2.5675
46	protein2	44.95	4.1	2.60523815
46	protein3	94.9	8.75	2.6331007000000004
46	r0	3.85	0.0	0.0
46	r1	3.45	0.0	0.0
46	rnapol	0.5	0.0	0.0
47	__protein1_rbs	1.85	0.0	0.0
47	__protein2_rbs	1.45	0.0	0.0
47	__protein3_rbs	4.0	0.0	0.0
47	__ribosome	55.35	0.0	0.0
47	__rnase_site_ext	9.6	0.0	0.0
47	p0	0.95	0.0	0.0
47	p1	0.9	0.0	0.0
47	p2	0.5	0.0	0.0
47	protein1	52.95	3.85	2.5975
47	protein2	47.05	4.05	2.6383333500000004
47	protein3	98.75	9.05	2.6500524
47	r0	3.8	0.0	0.0
47	r1	3.5	0.0	0.0
47	rnapol	0.65	0.0	0.0
48	__protein1_rbs	1.65	0.0	0.0
48	__protein2_rbs	1.9	0.0	0.0
48	__protein3_rbs	4.45	0.0	0.0
48	__ribosome	54.95	0.0	0.0
48	__rnase_site_ext	9.8	0.0	0.0
48	p0	0.9	0.0	0.0
48	p1	0.9	0.0	0.0
48	p2	0.6	0.0	0.0
48	protein1	54.9	3.8	2.7025
48	protein2	49.0	4.15	2.6820237999999996
48	protein3	103.5	8.95	2.677842750000001
48	r0	3.85	0.0	0.0
48	r1	3.55	0.0	0.0
48	rnapol	0.55	0.0	0.0
49	__protein1_rbs	1.9	0.0	0.0
49	__protein2_rbs	2.0	0.0	0.0
49	__protein3_rbs	4.55	0.0	0.0
49	__ribosome	54.1	0.0	0.0
49	__rnase_site_ext	9.65	0.0	0.0
49	p0	1.0	0.0	0.0
49	p1	0.9	0.0	0.0
49	p2	0.8	0.0	0.0
49	protein1	56.55	3.9	2.6641667
49	protein2	51.3	4.2	2.67202385
49	protein3	107.2	9.2	2.6705565500000006
49	r0	3.85	0.0	0.0
49	r1	3.7	0.0	0.0
49	rnapol	0.65	0.0	0.0
50	__protein1_rbs	2.1	0.0	0.0
50	__protein2_rbs	2.2	0.0	0.0
50	__protein3_rbs	4.0	0.0	0.0
50	__ribosome	54.1	0.0	0.0
50	__rnase_site_ext	9.9	0.0	0.0
50	p0	0.85	0.0	0.0
50	p1	0.9	0.0	0.0
50	p2	0.75	0.0	0.0
50	protein1	58.65	3.9	2.59999995
50	protein2	53.05	4.2	2.76154765
50	protein3	112.15	9.45	2.5985519
50	r0	3.85	0.0	0.0
50	r1	3.75	0.0	0.0
50	rnapol	0.35	0.0	0.0
51	__protein1_rbs	1.85	0.0	0.0
51	__protein2_rbs	1.25	0.0	0.0
51	__protein3_rbs	4.45	0.0	0.0
51	__ribosome	53.2	0.0	0.0
51	__rnase_site_ext	9.95	0.0	0.0
51	p0	0.95	0.0	0.0
51	p1	0.8	0.0	0.0
51	p2	0.75	0.0	0.0
51	protein1	60.55	3.85	2.68035715
51	protein2	55.15	4.2	2.94904765
51	protein3	117.35	9.7	2.5302348
51	r0	3.95	0.0	0.0
51	r1	4.0	0.0	0.0
51	rnapol	0.4	0.0	0.0
52	__protein1_rbs	1.7	0.0	0.0
52	__protein2_rbs	2.2	0.0	0.0
52	__protein3_rbs	4.65	0.0	0.0
52	__ribosome	52.55	0.0	0.0
52	__rnase_site_ext	10.05	0.0	0.0
52	p0	0.95	0.0	0.0
52	p1	0.8	0.0	0.0
52	p2	0.75	0.0	0.0
52	protein1	62.6	3.9	2.68690475
52	protein2	57.35	4.3	2.7694047500000005
52	protein3	121.55	9.8	2.6114022
52	r0	3.9	0.0	0.0
52	r1	4.1	0.0	0.0
52	rnapol	0.5	0.0	0.0
53	__protein1_rbs	1.9	0.0	0.0
53	__protein2_rbs	1.8	0.0	0.0
53	__protein3_rbs	4.7	0.0	0.0
53	__ribosome	52.45	0.0	0.0
53	__rnase_site_ext	10.35	0.0	0.0
53	p0	0.95	0.0	0.0
53	p1	0.7	0.0	0.0
53	p2	0.6	0.0	0.0
53	protein1	64.55	3.9	2.6973809999999987
53	protein2	59.6	4.4	2.7760714
53	protein3	126.4	10.05	2.5179776
53	r0	4.0	0.0	0.0
53	r1	4.2	0.0	0.0
53	rnapol	0.55	0.0	0.0
54	__protein1_rbs	1.75	0.0	0.0
54	__protein2_rbs	2.15	0.0	0.0
54	__protein3_rbs	4.5	0.0	0.0
54	__ribosome	52.0	0.0	0.0
54	__rnase_site_ext	10.55	0.0	0.0
54	p0	1.0	0.0	0.0
54	p1	0.7	0.0	0.0
54	p2	0.85	0.0	0.0
54	protein1	66.75	4.05	2.53952385
54	protein2	62.05	4.65	2.57285715
54	protein3	131.05	10.2	2.54370405
54	r0	4.05	0.0	0.0
54	r1	4.2	0.0	0.0
54	rnapol	0.7	0.0	0.0
55	__protein1_rbs	2.25	0.0	0.0
55	__protein2_rbs	2.1	0.0	0.0
55	__protein3_rbs	5.5	0.0	0.0
55	__ribosome	51.7	0.0	0.0
55	__rnase_site_ext	10.45	0.0	0.0
55	p0	0.9	0.0	0.0
55	p1	0.8	0.0	0.0
55	p2	0.75	0.0	0.0
55	protein1	68.5	4.05	2.5
55	protein2	64.15	4.75	2.65904765
55	protein3	136.2	10.5	2.46932365
55	r0	3.95	0.0	0.0
55	r1	4.3	0.0	0.0
55	rnapol	0.75	0.0	0.0
56	__protein1_rbs	1.85	0.0	0.0
56	__protein2_rbs	2.85	0.0	0.0
56	__protein3_rbs	4.85	0.0	0.0
56	__ribosome	51.1	0.0	0.0
56	__rnase_site_ext	10.5	0.0	0.0
56	p0	1.0	0.0	0.0
56	p1	0.95	0.0	0.0
56	p2	0.75	0.0	0.0
56	protein1	70.35	3.95	2.6039286
56	protein2	66.65	4.9	2.52130955
56	protein3	141.0	10.5	2.5256565500000003
56	r0	4.0	0.0	0.0
56	r1	4.25	0.0	0.0
56	rnapol	0.9	0.0	0.0
57	__protein1_rbs	1.8	0.0	0.0
57	__protein2_rbs	1.7	0.0	0.0
57	__protein3_rbs	4.9	0.0	0.0
57	__ribosome	49.95	0.0	0.0
57	__rnase_site_ext	11.0	0.0	0.0
57	p0	0.8	0.0	0.0
57	p1	0.85	0.0	0.0
57	p2	0.8	0.0	0.0
57	protein1	72.7	4.0	2.471666649999999
57	protein2	68.95	4.9	2.69928575
57	protein3	146.05	10.65	2.5576919
57	r0	3.95	0.0	0.0
57	r1	4.2	0.0	0.0
57	rnapol	0.7	0.0	0.0
58	__protein1_rbs	2.0	0.0	0.0
58	__protein2_rbs	2.2	0.0	0.0
58	__protein3_rbs	5.45	0.0	0.0
58	__ribosome	49.4	0.0	0.0
58	__rnase_site_ext	11.15	0.0	0.0
58	p0	0.85	0.0	0.0
58	p1	0.85	0.0	0.0
58	p2	0.75	0.0	0.0
58	protein1	74.55	3.95	2.5008332500000003
58	protein2	71.2	4.95	2.7433333499999994
58	protein3	151.4	10.9	2.5309918500000004
58	r0	4.1	0.0	0.0
58	r1	4.2	0.0	0.0
58	rnapol	0.55	0.0	0.0
59	__protein1_rbs	2.25	0.0	0.0
59	__protein2_rbs	2.05	0.0	0.0
59	__protein3_rbs	4.55	0.0	0.0
59	__ribosome	48.75	0.0	0.0
59	__rnase_site_ext	11.25	0.0	0.0
59	p0	0.9	0.0	0.0
59	p1	1.0	0.0	0.0
59	p2	0.65	0.0	0.0
59	protein1	76.85	4.1	2.27416665
59	protein2	73.7	5.05	2.6521428000000005
59	protein3	156.45	11.05	2.6084013999999995
59	r0	4.25	0.0	0.0
59	r1	4.3	0.0	0.0
59	rnapol	0.55	0.0	0.0
60	__protein1_rbs	2.15	0.0	0.0
60	__protein2_rbs	2.2	0.0	0.0
60	__protein3_rbs	5.55	0.0	0.0
60	__ribosome	48.15	0.0	0.0
60	__rnase_site_ext	11.35	0.0	0.0
60	p0	0.8	0.0	0.0
60	p1	0.85	0.0	0.0
60	p2	0.6	0.0	0.0
60	protein1	78.2	4.25	2.3866667
60	protein2	76.5	5.05	2.5763096000000005
60	protein3	161.3	11.05	2.6232920500000008
60	r0	4.3	0.0	0.0
60	r1	4.4	0.0	0.0
60	rnapol	0.45	0.0	0.0
61	__protein1_rbs	2.6	0.0	0.0
61	__protein2_rbs	2.7	0.0	0.0
61	__protein3_rbs	5.35	0.0	0.0
61	__ribosome	48.2	0.0	0.0
61	__rnase_site_ext	11.7	0.0	0.0
61	p0	0.95	0.0	0.0
61	p1	0.85	0.0	0.0
61	p2	0.55	0.0	0.0
61	protein1	80.3	4.3	2.32000005
61	protein2	78.75	5.1	2.63738095
61	protein3	167.05	11.2	2.60527105
61	r0	4.45	0.0	0.0
61	r1	4.35	0.0	0.0
61	rnapol	0.6	0.0	0.0
62	__protein1_rbs	2.45	0.0	0.0
62	__protein2_rbs	2.1	0.0	0.0
62	__protein3_rbs	5.15	0.0	0.0
62	__ribosome	48.0	0.0	0.0
62	__rnase_site_ext	11.8	0.0	0.0
62	p0	1.0	0.0	0.0
62	p1	0.8	0.0	0.0
62	p2	0.65	0.0	0.0
62	protein1	82.15	4.45	2.2527381
62	protein2	81.65	5.2	2.60880955
62	protein3	173.05	11.5	2.51114065
62	r0	4.4	0.0	0.0
62	r1	4.4	0.0	0.0
62	rnapol	0.65	0.0	0.0
63	__protein1_rbs	1.8	0.0	0.0
63	__protein2_rbs	2.85	0.0	0.0
63	__protein3_rbs	6.25	0.0	0.0
63	__ribosome	47.05	0.0	0.0
63	__rnase_site_ext	11.95	0.0	0.0
63	p0	0.9	0.0	0.0
63	p1	0.85	0.0	0.0
63	p2	0.8	0.0	0.0
63	protein1	84.0	4.4	2.43690475
63	protein2	83.9	5.2	2.66500005
63	protein3	178.05	11.7	2.48873265
63	r0	4.4	0.0	0.0
63	r1	4.3	0.0	0.0
63	rnapol	0.55	0.0	0.0
64	__protein1_rbs	2.25	0.0	0.0
64	__protein2_rbs	2.2	0.0	0.0
64	__protein3_rbs	6.45	0.0	0.0
64	__ribosome	47.75	0.0	0.0
64	__rnase_site_ext	11.65	0.0	0.0
64	p0	1.0	0.0	0.0
64	p1	0.85	0.0	0.0
64	p2	0.75	0.0	0.0
64	protein1	86.0	4.4	2.39440485
64	protein2	86.65	5.25	2.7104167
64	protein3	184.35	11.9	2.3650708
64	r0	4.5	0.0	0.0
64	r1	4.2	0.0	0.0
64	rnapol	0.75	0.0	0.0
65	__protein1_rbs	2.3	0.0	0.0
65	__protein2_rbs	2.5	0.0	0.0
65	__protein3_rbs	5.5	0.0	0.0
65	__ribosome	45.9	0.0	0.0
65	__rnase_site_ext	11.9	0.0	0.0
65	p0	0.95	0.0	0.0
65	p1	0.9	0.0	0.0
65	p2	0.7	0.0	0.0
65	protein1	88.0	4.5	2.39023815
65	protein2	89.0	5.2	2.81333335
65	protein3	189.35	11.9	2.4959444
65	r0	4.3	0.0	0.0
65	r1	4.3	0.0	0.0
65	rnapol	0.65	0.0	0.0
66	__protein1_rbs	2.05	0.0	0.0
66	__protein2_rbs	2.85	0.0	0.0
66	__protein3_rbs	6.2	0.0	0.0
66	__ribosome	46.75	0.0	0.0
66	__rnase_site_ext	12.2	0.0	0.0
66	p0	0.95	0.0	0.0
66	p1	0.9	0.0	0.0
66	p2	0.85	0.0	0.0
66	protein1	90.05	4.35	2.5795833000000004
66	protein2	92.05	5.25	2.6332738
66	protein3	195.0	12.0	2.45413355
66	r0	4.35	0.0	0.0
66	r1	4.55	0.0	0.0
66	rnapol	0.55	0.0	0.0
67	__protein1_rbs	2.25	0.0	0.0
67	__protein2_rbs	3.0	0.0	0.0
67	__protein3_rbs	6.05	0.0	0.0
67	__ribosome	47.35	0.0	0.0
67	__rnase_site_ext	12.3	0.0	0.0
67	p0	0.95	0.0	0.0
67	p1	0.75	0.0	0.0
67	p2	0.85	0.0	0.0
67	protein1	92.05	4.35	2.5279166500000003
67	protein2	94.6	5.2	2.5923214500000005
67	protein3	201.15	12.25	2.3721351000000004
67	r0	4.4	0.0	0.0
67	r1	4.5	0.0	0.0
67	rnapol	0.65	0.0	0.0
68	__protein1_rbs	2.35	0.0	0.0
68	__protein2_rbs	2.7	0.0	0.0
68	__protein3_rbs	6.0	0.0	0.0
68	__ribosome	47.2	0.0	0.0
68	__rnase_site_ext	12.3	0.0	0.0
68	p0	0.9	0.0	0.0
68	p1	0.7	0.0	0.0
68	p2	0.75	0.0	0.0
68	protein1	94.3	4.4	2.4412499500000004
68	protein2	96.9	5.25	2.5858334000000003
68	protein3	207.35	12.3	2.3528343000000005
68	r0	4.45	0.0	0.0
68	r1	4.65	0.0	0.0
68	rnapol	0.8	0.0	0.0
69	__protein1_rbs	1.95	0.0	0.0
69	__protein2_rbs	2.85	0.0	0.0
69	__protein3_rbs	6.15	0.0	0.0
69	__ribosome	46.0	0.0	0.0
69	__rnase_site_ext	12.3	0.0	0.0
69	p0	0.9	0.0	0.0
69	p1	0.85	0.0	0.0
69	p2	0.7	0.0	0.0
69	protein1	96.45	4.45	2.53291665
69	protein2	100.1	5.4	2.4401785
69	protein3	211.85	12.4	2.46784045
69	r0	4.55	0.0	0.0
69	r1	4.7	0.0	0.0
69	rnapol	1.0	0.0	0.0
70	__protein1_rbs	2.35	0.0	0.0
70	__protein2_rbs	2.85	0.0	0.0
70	__protein3_rbs	6.6	0.0	0.0
70	__ribosome	45.85	0.0	0.0
70	__rnase_site_ext	12.4	0.0	0.0
70	p0	1.0	0.0	0.0
70	p1	0.75	0.0	0.0
70	p2	0.65	0.0	0.0
70	protein1	98.45	4.55	2.4999999500000003
70	protein2	102.5	5.4	2.46208335
70	protein3	217.9	12.5	2.4196126000000007
70	r0	4.5	0.0	0.0
70	r1	4.6	0.0	0.0
70	rnapol	0.9	0.0	0.0
71	__protein1_rbs	2.25	0.0	0.0
71	__protein2_rbs	2.75	0.0	0.0
71	__protein3_rbs	5.75	0.0	0.0
71	__ribosome	44.9	0.0	0.0
71	__rnase_site_ext	12.75	0.0	0.0
71	p0	0.9	0.0	0.0
71	p1	0.75	0.0	0.0
71	p2	0.8	0.0	0.0
71	protein1	100.5	4.5	2.6283333000000004
71	protein2	105.0	5.45	2.43732145
71	protein3	223.45	12.65	2.44691515
71	r0	4.5	0.0	0.0
71	r1	4.45	0.0	0.0
71	rnapol	0.95	0.0	0.0
72	__protein1_rbs	2.05	0.0	0.0
72	__protein2_rbs	3.25	0.0	0.0
72	__protein3_rbs	7.2	0.0	0.0
72	__ribosome	45.65	0.0	0.0
72	__rnase_site_ext	12.7	0.0	0.0
72	p0	0.85	0.0	0.0
72	p1	0.95	0.0	0.0
72	p2	0.9	0.0	0.0
72	protein1	102.65	4.5	2.63083335
72	protein2	107.55	5.5	2.3791072
72	protein3	229.65	12.95	2.3463123500000007
72	r0	4.55	0.0	0.0
72	r1	4.55	0.0	0.0
72	rnapol	0.9	0.0	0.0
73	__protein1_rbs	2.1	0.0	0.0
73	__protein2_rbs	3.25	0.0	0.0
73	__protein3_rbs	6.75	0.0	0.0
73	__ribosome	45.05	0.0	0.0
73	__rnase_site_ext	12.85	0.0	0.0
73	p0	1.0	0.0	0.0
73	p1	0.85	0.0	0.0
73	p2	0.6	0.0	0.0
73	protein1	105.0	4.55	2.5488095
73	protein2	109.65	5.55	2.3798214
73	protein3	235.85	13.05	2.3634722999999997
73	r0	4.65	0.0	0.0
73	r1	4.6	0.0	0.0
73	rnapol	0.95	0.0	0.0
74	__protein1_rbs	2.45	0.0	0.0
74	__protein2_rbs	3.0	0.0	0.0
74	__protein3_rbs	6.95	0.0	0.0
74	__ribosome	45.1	0.0	0.0
74	__rnase_site_ext	13.1	0.0	0.0
74	p0	0.85	0.0	0.0
74	p1	0.85	0.0	0.0
74	p2	0.7	0.0	0.0
74	protein1	107.35	4.65	2.5266667000000007
74	protein2	112.4	5.55	2.2751785
74	protein3	241.35	13.1	2.3612705000000003
74	r0	4.6	0.0	0.0
74	r1	4.65	0.0	0.0
74	rnapol	0.7	0.0	0.0
75	__protein1_rbs	2.2	0.0	0.0
75	__protein2_rbs	2.95	0.0	0.0
75	__protein3_rbs	6.9	0.0	0.0
75	__ribosome	43.7	0.0	0.0
75	__rnase_site_ext	12.8	0.0	0.0
75	p0	0.95	0.0	0.0
75	p1	0.95	0.0	0.0
75	p2	0.65	0.0	0.0
75	protein1	109.3	4.65	2.61529765
75	protein2	114.95	5.65	2.2591864
75	protein3	247.25	13.3	2.3799711
75	r0	4.6	0.0	0.0
75	r1	4.7	0.0	0.0
75	rnapol	0.85	0.0	0.0
76	__protein1_rbs	2.6	0.0	0.0
76	__protein2_rbs	2.85	0.0	0.0
76	__protein3_rbs	6.45	0.0	0.0
76	__ribosome	43.3	0.0	0.0
76	__rnase_site_ext	12.9	0.0	0.0
76	p0	0.85	0.0	0.0
76	p1	0.85	0.0	0.0
76	p2	0.55	0.0	0.0
76	protein1	111.55	4.6	2.5952976000000003
76	protein2	117.15	5.55	2.3723810000000003
76	protein3	253.85	13.4	2.3756863999999998
76	r0	4.5	0.0	0.0
76	r1	4.7	0.0	0.0
76	rnapol	0.7	0.0	0.0
77	__protein1_rbs	2.3	0.0	0.0
77	__protein2_rbs	2.9	0.0	0.0
77	__protein3_rbs	7.0	0.0	0.0
77	__ribosome	43.25	0.0	0.0
77	__rnase_site_ext	13.1	0.0	0.0
77	p0	0.95	0.0	0.0
77	p1	0.85	0.0	0.0
77	p2	0.8	0.0	0.0
77	protein1	113.95	4.5	2.7079762
77	protein2	119.9	5.55	2.3325000000000005
77	protein3	259.7	13.5	2.4058591000000003
77	r0	4.65	0.0	0.0
77	r1	4.75	0.0	0.0
77	rnapol	0.7	0.0	0.0
78	__protein1_rbs	2.4	0.0	0.0
78	__protein2_rbs	2.75	0.0	0.0
78	__protein3_rbs	7.15	0.0	0.0
78	__ribosome	43.15	0.0	0.0
78	__rnase_site_ext	13.3	0.0	0.0
78	p0	0.95	0.0	0.0
78	p1	0.85	0.0	0.0
78	p2	0.6	0.0	0.0
78	protein1	116.65	4.55	2.5408333000000005
78	protein2	122.5	5.5	2.3898214
78	protein3	265.6	13.75	2.3949449
78	r0	4.7	0.0	0.0
78	r1	4.65	0.0	0.0
78	rnapol	0.8	0.0	0.0
79	__protein1_rbs	2.9	0.0	0.0
79	__protein2_rbs	2.35	0.0	0.0
79	__protein3_rbs	6.85	0.0	0.0
79	__ribosome	42.15	0.0	0.0
79	__rnase_site_ext	13.45	0.0	0.0
79	p0	0.95	0.0	0.0
79	p1	0.85	0.0	0.0
79	p2	0.85	0.0	0.0
79	protein1	118.75	4.65	2.36466275
79	protein2	124.8	5.6	2.50749995
79	protein3	271.6	13.8	2.44520895
79	r0	4.7	0.0	0.0
79	r1	4.75	0.0	0.0
79	rnapol	0.75	0.0	0.0
80	__protein1_rbs	2.55	0.0	0.0
80	__protein2_rbs	3.25	0.0	0.0
80	__protein3_rbs	7.65	0.0	0.0
80	__ribosome	42.55	0.0	0.0
80	__rnase_site_ext	13.55	0.0	0.0
80	p0	0.9	0.0	0.0
80	p1	0.9	0.0	0.0
80	p2	0.75	0.0	0.0
80	protein1	120.85	4.75	2.3388889
80	protein2	127.1	5.6	2.5138689999999997
80	protein3	278.5	14.0	2.36280435
80	r0	4.75	0.0	0.0
80	r1	4.75	0.0	0.0
80	rnapol	0.5	0.0	0.0
81	__protein1_rbs	2.95	0.0	0.0
81	__protein2_rbs	2.8	0.0	0.0
81	__protein3_rbs	7.1	0.0	0.0
81	__ribosome	42.15	0.0	0.0
81	__rnase_site_ext	13.55	0.0	0.0
81	p0	1.0	0.0	0.0
81	p1	0.85	0.0	0.0
81	p2	0.7	0.0	0.0
81	protein1	123.05	4.75	2.3070238499999998
81	protein2	130.2	5.7	2.4125595000000004
81	protein3	284.6	14.2	2.3870593
81	r0	4.85	0.0	0.0
81	r1	4.75	0.0	0.0
81	rnapol	0.65	0.0	0.0
82	__protein1_rbs	2.2	0.0	0.0
82	__protein2_rbs	2.85	0.0	0.0
82	__protein3_rbs	8.1	0.0	0.0
82	__ribosome	41.65	0.0	0.0
82	__rnase_site_ext	13.5	0.0	0.0
82	p0	0.9	0.0	0.0
82	p1	0.85	0.0	0.0
82	p2	0.7	0.0	0.0
82	protein1	125.25	4.85	2.2923611
82	protein2	132.55	5.65	2.5342459000000006
82	protein3	290.9	14.25	2.3461221
82	r0	4.65	0.0	0.0
82	r1	4.85	0.0	0.0
82	rnapol	0.65	0.0	0.0
83	__protein1_rbs	2.2	0.0	0.0
83	__protein2_rbs	2.8	0.0	0.0
83	__protein3_rbs	7.85	0.0	0.0
83	__ribosome	42.0	0.0	0.0
83	__rnase_site_ext	13.65	0.0	0.0
83	p0	0.95	0.0	0.0
83	p1	0.9	0.0	0.0
83	p2	0.75	0.0	0.0
83	protein1	127.45	4.6	2.4904762000000003
83	protein2	134.85	5.7	2.5944047
83	protein3	297.75	14.4	2.3024122500000006
83	r0	4.5	0.0	0.0
83	r1	4.9	0.0	0.0
83	rnapol	0.75	0.0	0.0
84	__protein1_rbs	2.15	0.0	0.0
84	__protein2_rbs	2.75	0.0	0.0
84	__protein3_rbs	7.65	0.0	0.0
84	__ribosome	41.95	0.0	0.0
84	__rnase_site_ext	13.7	0.0	0.0
84	p0	1.0	0.0	0.0
84	p1	0.8	0.0	0.0
84	p2	0.6	0.0	0.0
84	protein1	129.7	4.55	2.58886905
84	protein2	138.0	5.7	2.53767855
84	protein3	304.1	14.5	2.2823507000000003
84	r0	4.5	0.0	0.0
84	r1	5.1	0.0	0.0
84	rnapol	0.7	0.0	0.0
85	__protein1_rbs	2.3	0.0	0.0
85	__protein2_rbs	3.2	0.0	0.0
85	__protein3_rbs	8.45	0.0	0.0
85	__ribosome	42.45	0.0	0.0
85	__rnase_site_ext	13.75	0.0	0.0
85	p0	0.85	0.0	0.0
85	p1	0.9	0.0	0.0
85	p2	0.75	0.0	0.0
85	protein1	131.9	4.5	2.6105952
85	protein2	140.45	5.75	2.49039685
85	protein3	310.8	14.7	2.2266921
85	r0	4.5	0.0	0.0
85	r1	5.05	0.0	0.0
85	rnapol	0.65	0.0	0.0
86	__protein1_rbs	2.2	0.0	0.0
86	__protein2_rbs	2.8	0.0	0.0
86	__protein3_rbs	8.4	0.0	0.0
86	__ribosome	42.6	0.0	0.0
86	__rnase_site_ext	13.9	0.0	0.0
86	p0	0.95	0.0	0.0
86	p1	0.75	0.0	0.0
86	p2	0.7	0.0	0.0
86	protein1	133.5	4.5	2.6760714
86	protein2	143.3	5.7	2.5866269
86	protein3	317.85	14.7	2.18751315
86	r0	4.6	0.0	0.0
86	r1	5.05	0.0	0.0
86	rnapol	0.7	0.0	0.0
87	__protein1_rbs	2.2	0.0	0.0
87	__protein2_rbs	3.2	0.0	0.0
87	__protein3_rbs	6.6	0.0	0.0
87	__ribosome	41.0	0.0	0.0
87	__rnase_site_ext	14.1	0.0	0.0
87	p0	0.95	0.0	0.0
87	p1	0.75	0.0	0.0
87	p2	0.7	0.0	0.0
87	protein1	136.1	4.55	2.5069642999999995
87	protein2	145.55	5.8	2.5293848
87	protein3	323.7	14.8	2.3067269999999995
87	r0	4.65	0.0	0.0
87	r1	5.0	0.0	0.0
87	rnapol	0.65	0.0	0.0
88	__protein1_rbs	2.65	0.0	0.0
88	__protein2_rbs	3.1	0.0	0.0
88	__protein3_rbs	7.85	0.0	0.0
88	__ribosome	41.9	0.0	0.0
88	__rnase_site_ext	14.2	0.0	0.0
88	p0	0.95	0.0	0.0
88	p1	0.85	0.0	0.0
88	p2	0.7	0.0	0.0
88	protein1	138.3	4.65	2.3078571
88	protein2	148.7	5.95	2.3841865
88	protein3	329.95	14.8	2.29685455
88	r0	4.6	0.0	0.0
88	r1	5.05	0.0	0.0
88	rnapol	0.75	0.0	0.0
89	__protein1_rbs	2.65	0.0	0.0
89	__protein2_rbs	3.8	0.0	0.0
89	__protein3_rbs	7.55	0.0	0.0
89	__ribosome	43.25	0.0	0.0
89	__rnase_site_ext	14.45	0.0	0.0
89	p0	0.95	0.0	0.0
89	p1	0.95	0.0	0.0
89	p2	0.55	0.0	0.0
89	protein1	140.8	4.6	2.2548809
89	protein2	151.6	6.05	2.14361105
89	protein3	337.0	14.9	2.28573495
89	r0	4.65	0.0	0.0
89	r1	5.0	0.0	0.0
89	rnapol	0.65	0.0	0.0
90	__protein1_rbs	2.5	0.0	0.0
90	__protein2_rbs	3.2	0.0	0.0
90	__protein3_rbs	8.3	0.0	0.0
90	__ribosome	41.45	0.0	0.0
90	__rnase_site_ext	14.3	0.0	0.0
90	p0	1.0	0.0	0.0
90	p1	0.9	0.0	0.0
90	p2	0.85	0.0	0.0
90	protein1	142.55	4.65	2.32595245
90	protein2	154.15	6.0	2.2699008
90	protein3	342.75	15.15	2.3013856500000003
90	r0	4.65	0.0	0.0
90	r1	4.9	0.0	0.0
90	rnapol	0.7	0.0	0.0
91	__protein1_rbs	1.75	0.0	0.0
91	__protein2_rbs	3.2	0.0	0.0
91	__protein3_rbs	8.65	0.0	0.0
91	__ribosome	40.6	0.0	0.0
91	__rnase_site_ext	14.45	0.0	0.0
91	p0	0.95	0.0	0.0
91	p1	0.8	0.0	0.0
91	p2	0.75	0.0	0.0
91	protein1	144.5	4.6	2.4665475500000005
91	protein2	156.7	5.85	2.41232145
91	protein3	349.4	15.5	2.22117495
91	r0	4.6	0.0	0.0
91	r1	4.9	0.0	0.0
91	rnapol	0.65	0.0	0.0
92	__protein1_rbs	2.85	0.0	0.0
92	__protein2_rbs	3.15	0.0	0.0
92	__protein3_rbs	8.35	0.0	0.0
92	__ribosome	41.6	0.0	0.0
92	__rnase_site_ext	14.45	0.0	0.0
92	p0	0.95	0.0	0.0
92	p1	0.8	0.0	0.0
92	p2	0.7	0.0	0.0
92	protein1	146.9	4.6	2.35609125
92	protein2	159.3	5.9	2.43107135
92	protein3	356.15	15.45	2.22778795
92	r0	4.6	0.0	0.0
92	r1	4.85	0.0	0.0
92	rnapol	0.9	0.0	0.0
93	__protein1_rbs	2.8	0.0	0.0
93	__protein2_rbs	3.3	0.0	0.0
93	__protein3_rbs	7.65	0.0	0.0
93	__ribosome	41.45	0.0	0.0
93	__rnase_site_ext	14.2	0.0	0.0
93	p0	0.95	0.0	0.0
93	p1	0.95	0.0	0.0
93	p2	0.7	0.0	0.0
93	protein1	149.2	4.6	2.29472215
93	protein2	161.95	6.0	2.3442062999999997
93	protein3	363.2	15.45	2.2571979000000004
93	r0	4.55	0.0	0.0
93	r1	4.95	0.0	0.0
93	rnapol	1.05	0.0	0.0
94	__protein1_rbs	2.55	0.0	0.0
94	__protein2_rbs	3.9	0.0	0.0
94	__protein3_rbs	8.65	0.0	0.0
94	__ribosome	41.85	0.0	0.0
94	__rnase_site_ext	14.6	0.0	0.0
94	p0	0.85	0.0	0.0
94	p1	1.0	0.0	0.0
94	p2	0.65	0.0	0.0
94	protein1	150.85	4.55	2.4386905
94	protein2	164.55	5.9	2.2597619
94	protein3	370.25	15.35	2.25554325
94	r0	4.55	0.0	0.0
94	r1	5.1	0.0	0.0
94	rnapol	1.1	0.0	0.0
95	__protein1_rbs	2.3	0.0	0.0
95	__protein2_rbs	2.6	0.0	0.0
95	__protein3_rbs	8.2	0.0	0.0
95	__ribosome	39.7	0.0	0.0
95	__rnase_site_ext	14.8	0.0	0.0
95	p0	0.8	0.0	0.0
95	p1	0.8	0.0	0.0
95	p2	0.85	0.0	0.0
95	protein1	152.9	4.55	2.5210119000000004
95	protein2	166.65	5.8	2.6391666500000004
95	protein3	376.5	15.4	2.29917865
95	r0	4.65	0.0	0.0
95	r1	5.1	0.0	0.0
95	rnapol	1.0	0.0	0.0
96	__protein1_rbs	2.65	0.0	0.0
96	__protein2_rbs	4.3	0.0	0.0
96	__protein3_rbs	8.25	0.0	0.0
96	__ribosome	41.8	0.0	0.0
96	__rnase_site_ext	14.8	0.0	0.0
96	p0	0.9	0.0	0.0
96	p1	0.8	0.0	0.0
96	p2	0.85	0.0	0.0
96	protein1	155.6	4.7	2.2282738
96	protein2	169.8	5.9	2.2909921000000004
96	protein3	382.85	15.6	2.3010144
96	r0	4.85	0.0	0.0
96	r1	4.9	0.0	0.0
96	rnapol	1.0	0.0	0.0
97	__protein1_rbs	2.9	0.0	0.0
97	__protein2_rbs	2.9	0.0	0.0
97	__protein3_rbs	8.9	0.0	0.0
97	__ribosome	42.0	0.0	0.0
97	__rnase_site_ext	14.85	0.0	0.0
97	p0	0.9	0.0	0.0
97	p1	0.9	0.0	0.0
97	p2	0.8	0.0	0.0
97	protein1	157.6	4.85	2.24694445
97	protein2	172.5	6.0	2.24160715
97	protein3	389.85	15.55	2.25135605
97	r0	4.9	0.0	0.0
97	r1	4.8	0.0	0.0
97	rnapol	1.15	0.0	0.0
98	__protein1_rbs	2.45	0.0	0.0
98	__protein2_rbs	3.3	0.0	0.0
98	__protein3_rbs	7.85	0.0	0.0
98	__ribosome	40.8	0.0	0.0
98	__rnase_site_ext	15.05	0.0	0.0
98	p0	0.9	0.0	0.0
98	p1	0.95	0.0	0.0
98	p2	0.7	0.0	0.0
98	protein1	159.6	4.95	2.24083335
98	protein2	174.9	5.95	2.30908725
98	protein3	397.05	15.6	2.28760045
98	r0	4.95	0.0	0.0
98	r1	4.75	0.0	0.0
98	rnapol	1.0	0.0	0.0
99	__protein1_rbs	2.85	0.0	0.0
99	__protein2_rbs	3.7	0.0	0.0
99	__protein3_rbs	9.0	0.0	0.0
99	__ribosome	40.3	0.0	0.0
99	__rnase_site_ext	15.05	0.0	0.0
99	p0	0.9	0.0	0.0
99	p1	0.9	0.0	0.0
99	p2	0.7	0.0	0.0
99	protein1	161.45	4.95	2.23125005
99	protein2	177.2	6.0	2.34373015
99	protein3	403.5	15.65	2.28623825
99	r0	4.9	0.0	0.0
99	r1	4.75	0.0	0.0
99	rnapol	1.0	0.0	0.0
100	__protein1_rbs	2.9	0.0	0.0
100	__protein2_rbs	3.05	0.0	0.0
100	__protein3_rbs	8.15	0.0	0.0
100	__ribosome	40.45	0.0	0.0
100	__rnase_site_ext	15.25	0.0	0.0
100	p0	0.9	0.0	0.0
100	p1	0.95	0.0	0.0
100	p2	0.9	0.0	0.0
100	protein1	163.55	4.9	2.1760912500000003
100	protein2	180.45	5.95	2.2001190500000005
100	protein3	410.65	15.85	2.27820545
100	r0	5.05	0.0	0.0
100	r1	4.75	0.0	0.0
100	rnapol	0.9	0.0	0.0
101	__protein1_rbs	2.5	0.0	0.0
101	__protein2_rbs	3.0	0.0	0.0
101	__protein3_rbs	8.9	0.0	0.0
101	__ribosome	38.55	0.0	0.0
101	__rnase_site_ext	15.3	0.0	0.0
101	p0	0.9	0.0	0.0
101	p1	0.85	0.0	0.0
101	p2	0.85	0.0	0.0
101	protein1	165.7	5.0	2.1575595
101	protein2	182.1	5.85	2.4685317000000007
101	protein3	417.4	16.05	2.28574905
101	r0	5.2	0.0	0.0
101	r1	4.7	0.0	0.0
101	rnapol	0.9	0.0	0.0
102	__protein1_rbs	2.85	0.0	0.0
102	__protein2_rbs	3.05	0.0	0.0
102	__protein3_rbs	8.3	0.0	0.0
102	__ribosome	38.5	0.0	0.0
102	__rnase_site_ext	15.35	0.0	0.0
102	p0	1.0	0.0	0.0
102	p1	0.95	0.0	0.0
102	p2	0.7	0.0	0.0
102	protein1	167.7	5.1	2.1247618999999998
102	protein2	184.9	5.75	2.4810119000000004
102	protein3	424.2	15.9	2.3194013
102	r0	5.25	0.0	0.0
102	r1	4.85	0.0	0.0
102	rnapol	0.95	0.0	0.0
103	__protein1_rbs	3.1	0.0	0.0
103	__protein2_rbs	3.0	0.0	0.0
103	__protein3_rbs	9.35	0.0	0.0
103	__ribosome	40.1	0.0	0.0
103	__rnase_site_ext	15.6	0.0	0.0
103	p0	0.8	0.0	0.0
103	p1	0.9	0.0	0.0
103	p2	0.75	0.0	0.0
103	protein1	170.15	5.25	2.0495833
103	protein2	187.5	5.65	2.5364665
103	protein3	431.6	15.9	2.2301513
103	r0	5.25	0.0	0.0
103	r1	5.05	0.0	0.0
103	rnapol	0.85	0.0	0.0
104	__protein1_rbs	3.0	0.0	0.0
104	__protein2_rbs	2.95	0.0	0.0
104	__protein3_rbs	8.25	0.0	0.0
104	__ribosome	39.3	0.0	0.0
104	__rnase_site_ext	15.65	0.0	0.0
104	p0	0.95	0.0	0.0
104	p1	0.8	0.0	0.0
104	p2	0.6	0.0	0.0
104	protein1	172.2	5.25	2.05988095
104	protein2	190.45	5.6	2.4885281000000004
104	protein3	438.25	16.05	2.27644165
104	r0	5.35	0.0	0.0
104	r1	5.1	0.0	0.0
104	rnapol	0.7	0.0	0.0
105	__protein1_rbs	2.7	0.0	0.0
105	__protein2_rbs	3.55	0.0	0.0
105	__protein3_rbs	8.85	0.0	0.0
105	__ribosome	39.45	0.0	0.0
105	__rnase_site_ext	15.85	0.0	0.0
105	p0	0.9	0.0	0.0
105	p1	0.75	0.0	0.0
105	p2	0.75	0.0	0.0
105	protein1	174.35	5.4	2.15605165
105	protein2	193.0	5.75	2.3545454500000003
105	protein3	445.4	16.15	2.25465505
105	r0	5.45	0.0	0.0
105	r1	5.1	0.0	0.0
105	rnapol	0.55	0.0	0.0
106	__protein1_rbs	3.35	0.0	0.0
106	__protein2_rbs	3.35	0.0	0.0
106	__protein3_rbs	8.4	0.0	0.0
106	__ribosome	39.9	0.0	0.0
106	__rnase_site_ext	15.95	0.0	0.0
106	p0	0.95	0.0	0.0
106	p1	0.7	0.0	0.0
106	p2	0.8	0.0	0.0
106	protein1	176.6	5.4	2.1144246
106	protein2	195.65	5.85	2.194071
106	protein3	452.9	16.45	2.2330257000000002
106	r0	5.5	0.0	0.0
106	r1	5.15	0.0	0.0
106	rnapol	0.65	0.0	0.0
107	__protein1_rbs	3.1	0.0	0.0
107	__protein2_rbs	3.85	0.0	0.0
107	__protein3_rbs	9.2	0.0	0.0
107	__ribosome	39.35	0.0	0.0
107	__rnase_site_ext	16.3	0.0	0.0
107	p0	0.95	0.0	0.0
107	p1	0.7	0.0	0.0
107	p2	0.75	0.0	0.0
107	protein1	178.55	5.5	2.18355165
107	protein2	198.55	6.1	1.92077745
107	protein3	459.35	16.5	2.2737032999999998
107	r0	5.5	0.0	0.0
107	r1	5.05	0.0	0.0
107	rnapol	0.65	0.0	0.0
108	__protein1_rbs	3.0	0.0	0.0
108	__protein2_rbs	3.35	0.0	0.0
108	__protein3_rbs	9.3	0.0	0.0
108	__ribosome	38.3	0.0	0.0
108	__rnase_site_ext	16.15	0.0	0.0
108	p0	0.9	0.0	0.0
108	p1	0.8	0.0	0.0
108	p2	0.8	0.0	0.0
108	protein1	180.85	5.5	2.2100794
108	protein2	201.1	6.1	2.0093523999999996
108	protein3	466.2	16.65	2.2626551000000004
108	r0	5.45	0.0	0.0
108	r1	5.25	0.0	0.0
108	rnapol	0.45	0.0	0.0
109	__protein1_rbs	3.4	0.0	0.0
109	__protein2_rbs	3.8	0.0	0.0
109	__protein3_rbs	9.35	0.0	0.0
109	__ribosome	39.3	0.0	0.0
109	__rnase_site_ext	16.35	0.0	0.0
109	p0	1.0	0.0	0.0
109	p1	0.95	0.0	0.0
109	p2	0.7	0.0	0.0
109	protein1	183.0	5.45	2.19242065
109	protein2	203.5	6.15	1.93653145
109	protein3	473.9	16.45	2.24231555
109	r0	5.55	0.0	0.0
109	r1	5.35	0.0	0.0
109	rnapol	0.4	0.0	0.0
110	__protein1_rbs	3.45	0.0	0.0
110	__protein2_rbs	3.2	0.0	0.0
110	__protein3_rbs	9.55	0.0	0.0
110	__ribosome	38.1	0.0	0.0
110	__rnase_site_ext	16.1	0.0	0.0
110	p0	0.95	0.0	0.0
110	p1	0.7	0.0	0.0
110	p2	0.9	0.0	0.0
110	protein1	185.45	5.55	2.0762699
110	protein2	205.65	6.1	2.14359305
110	protein3	480.2	16.5	2.2761808500000003
110	r0	5.45	0.0	0.0
110	r1	5.3	0.0	0.0
110	rnapol	0.5	0.0	0.0
111	__protein1_rbs	3.1	0.0	0.0
111	__protein2_rbs	3.75	0.0	0.0
111	__protein3_rbs	8.35	0.0	0.0
111	__ribosome	38.55	0.0	0.0
111	__rnase_site_ext	16.05	0.0	0.0
111	p0	1.0	0.0	0.0
111	p1	0.75	0.0	0.0
111	p2	0.7	0.0	0.0
111	protein1	187.7	5.45	2.17474205
111	protein2	208.0	6.15	2.1610931
111	protein3	488.5	16.45	2.25652675
111	r0	5.5	0.0	0.0
111	r1	5.55	0.0	0.0
111	rnapol	0.8	0.0	0.0
112	__protein1_rbs	3.5	0.0	0.0
112	__protein2_rbs	2.85	0.0	0.0
112	__protein3_rbs	8.9	0.0	0.0
112	__ribosome	37.6	0.0	0.0
112	__rnase_site_ext	15.85	0.0	0.0
112	p0	0.9	0.0	0.0
112	p1	0.85	0.0	0.0
112	p2	0.7	0.0	0.0
112	protein1	189.9	5.5	2.13928565
112	protein2	210.45	6.3	2.27584955
112	protein3	495.7	16.45	2.2693653
112	r0	5.45	0.0	0.0
112	r1	5.4	0.0	0.0
112	rnapol	0.75	0.0	0.0
113	__protein1_rbs	2.7	0.0	0.0
113	__protein2_rbs	3.5	0.0	0.0
113	__protein3_rbs	9.6	0.0	0.0
113	__ribosome	37.85	0.0	0.0
113	__rnase_site_ext	16.15	0.0	0.0
113	p0	0.95	0.0	0.0
113	p1	0.7	0.0	0.0
113	p2	0.5	0.0	0.0
113	protein1	192.65	5.45	2.11888895
113	protein2	213.1	6.2	2.2404546000000005
113	protein3	502.4	16.45	2.27664565
113	r0	5.45	0.0	0.0
113	r1	5.55	0.0	0.0
113	rnapol	0.8	0.0	0.0
114	__protein1_rbs	3.4	0.0	0.0
114	__protein2_rbs	3.65	0.0	0.0
114	__protein3_rbs	8.6	0.0	0.0
114	__ribosome	37.65	0.0	0.0
114	__rnase_site_ext	16.25	0.0	0.0
114	p0	0.9	0.0	0.0
114	p1	0.85	0.0	0.0
114	p2	0.5	0.0	0.0
114	protein1	194.8	5.45	2.1057143
114	protein2	215.6	6.35	2.22342895
114	protein3	509.65	16.3	2.3215257
114	r0	5.45	0.0	0.0
114	r1	5.5	0.0	0.0
114	rnapol	0.8	0.0	0.0
115	__protein1_rbs	2.8	0.0	0.0
115	__protein2_rbs	3.6	0.0	0.0
115	__protein3_rbs	10.1	0.0	0.0
115	__ribosome	37.7	0.0	0.0
115	__rnase_site_ext	16.6	0.0	0.0
115	p0	0.95	0.0	0.0
115	p1	0.75	0.0	0.0
115	p2	0.7	0.0	0.0
115	protein1	197.1	5.45	2.2632341
115	protein2	218.25	6.4	2.23315475
115	protein3	516.95	16.75	2.2054692000000005
115	r0	5.6	0.0	0.0
115	r1	5.55	0.0	0.0
115	rnapol	0.7	0.0	0.0
116	__protein1_rbs	3.25	0.0	0.0
116	__protein2_rbs	3.65	0.0	0.0
116	__protein3_rbs	9.1	0.0	0.0
116	__ribosome	38.2	0.0	0.0
116	__rnase_site_ext	16.65	0.0	0.0
116	p0	0.9	0.0	0.0
116	p1	0.9	0.0	0.0
116	p2	0.8	0.0	0.0
116	protein1	199.2	5.6	2.19009925
116	protein2	220.95	6.5	2.1345467
116	protein3	524.85	16.9	2.1600594
116	r0	5.65	0.0	0.0
116	r1	5.55	0.0	0.0
116	rnapol	0.55	0.0	0.0
117	__protein1_rbs	3.25	0.0	0.0
117	__protein2_rbs	3.4	0.0	0.0
117	__protein3_rbs	9.7	0.0	0.0
117	__ribosome	37.1	0.0	0.0
117	__rnase_site_ext	16.6	0.0	0.0
117	p0	1.0	0.0	0.0
117	p1	0.9	0.0	0.0
117	p2	0.65	0.0	0.0
117	protein1	201.2	5.6	2.24742065
117	protein2	223.75	6.6	2.1655296
117	protein3	531.7	17.15	2.15118715
117	r0	5.65	0.0	0.0
117	r1	5.55	0.0	0.0
117	rnapol	0.7	0.0	0.0
118	__protein1_rbs	3.4	0.0	0.0
118	__protein2_rbs	3.55	0.0	0.0
118	__protein3_rbs	9.55	0.0	0.0
118	__ribosome	37.0	0.0	0.0
118	__rnase_site_ext	16.4	0.0	0.0
118	p0	0.9	0.0	0.0
118	p1	0.85	0.0	0.0
118	p2	0.65	0.0	0.0
118	protein1	203.8	5.6	2.22962305
118	protein2	226.45	6.4	2.2167461000000004
118	protein3	538.95	17.0	2.1821738499999994
118	r0	5.6	0.0	0.0
118	r1	5.6	0.0	0.0
118	rnapol	0.6	0.0	0.0
119	__protein1_rbs	3.4	0.0	0.0
119	__protein2_rbs	3.8	0.0	0.0
119	__protein3_rbs	9.7	0.0	0.0
119	__ribosome	37.1	0.0	0.0
119	__rnase_site_ext	16.7	0.0	0.0
119	p0	0.95	0.0	0.0
119	p1	0.9	0.0	0.0
119	p2	0.75	0.0	0.0
119	protein1	206.2	5.6	2.1797619
119	protein2	228.95	6.4	2.24392855
119	protein3	546.25	16.9	2.1969571999999995
119	r0	5.8	0.0	0.0
119	r1	5.7	0.0	0.0
119	rnapol	0.55	0.0	0.0
120	__protein1_rbs	3.3	0.0	0.0
120	__protein2_rbs	3.25	0.0	0.0
120	__protein3_rbs	10.15	0.0	0.0
120	__ribosome	36.3	0.0	0.0
120	__rnase_site_ext	16.8	0.0	0.0
120	p0	0.9	0.0	0.0
120	p1	0.95	0.0	0.0
120	p2	0.75	0.0	0.0
120	protein1	208.4	5.8	2.1235317000000005
120	protein2	232.05	6.5	2.2294642000000002
120	protein3	552.75	16.95	2.22356385
120	r0	5.75	0.0	0.0
120	r1	5.75	0.0	0.0
120	rnapol	0.6	0.0	0.0
121	__protein1_rbs	3.2	0.0	0.0
121	__protein2_rbs	3.65	0.0	0.0
121	__protein3_rbs	10.35	0.0	0.0
121	__ribosome	37.25	0.0	0.0
121	__rnase_site_ext	16.7	0.0	0.0
121	p0	0.95	0.0	0.0
121	p1	0.9	0.0	0.0
121	p2	0.65	0.0	0.0
121	protein1	211.05	5.8	2.1288691
121	protein2	234.55	6.5	2.2827958
121	protein3	560.8	17.05	2.16319325
121	r0	5.75	0.0	0.0
121	r1	5.75	0.0	0.0
121	rnapol	0.75	0.0	0.0
122	__protein1_rbs	3.8	0.0	0.0
122	__protein2_rbs	4.05	0.0	0.0
122	__protein3_rbs	9.65	0.0	0.0
122	__ribosome	37.85	0.0	0.0
122	__rnase_site_ext	16.85	0.0	0.0
122	p0	0.8	0.0	0.0
122	p1	0.85	0.0	0.0
122	p2	0.75	0.0	0.0
122	protein1	213.35	5.8	2.06180555
122	protein2	237.25	6.5	2.1705502
122	protein3	568.05	17.1	2.15584975
122	r0	5.7	0.0	0.0
122	r1	5.75	0.0	0.0
122	rnapol	0.8	0.0	0.0
123	__protein1_rbs	3.05	0.0	0.0
123	__protein2_rbs	3.95	0.0	0.0
123	__protein3_rbs	9.95	0.0	0.0
123	__ribosome	37.75	0.0	0.0
123	__rnase_site_ext	17.25	0.0	0.0
123	p0	0.9	0.0	0.0
123	p1	0.9	0.0	0.0
123	p2	0.7	0.0	0.0
123	protein1	215.2	5.7	2.2155556
123	protein2	240.5	6.5	2.09377705
123	protein3	575.0	17.2	2.1553386000000003
123	r0	5.95	0.0	0.0
123	r1	5.75	0.0	0.0
123	rnapol	0.75	0.0	0.0
124	__protein1_rbs	3.05	0.0	0.0
124	__protein2_rbs	3.8	0.0	0.0
124	__protein3_rbs	10.35	0.0	0.0
124	__ribosome	37.0	0.0	0.0
124	__rnase_site_ext	17.05	0.0	0.0
124	p0	0.95	0.0	0.0
124	p1	0.85	0.0	0.0
124	p2	0.75	0.0	0.0
124	protein1	217.55	5.95	2.2630069
124	protein2	242.9	6.55	2.1637572999999994
124	protein3	582.25	17.5	2.1128164000000003
124	r0	6.0	0.0	0.0
124	r1	5.75	0.0	0.0
124	rnapol	0.6	0.0	0.0
125	__protein1_rbs	3.6	0.0	0.0
125	__protein2_rbs	3.9	0.0	0.0
125	__protein3_rbs	10.9	0.0	0.0
125	__ribosome	38.45	0.0	0.0
125	__rnase_site_ext	17.0	0.0	0.0
125	p0	0.9	0.0	0.0
125	p1	0.75	0.0	0.0
125	p2	0.75	0.0	0.0
125	protein1	219.85	6.05	2.23215915
125	protein2	245.9	6.6	2.0896915000000003
125	protein3	589.85	17.5	2.02817765
125	r0	6.0	0.0	0.0
125	r1	5.75	0.0	0.0
125	rnapol	0.55	0.0	0.0
126	__protein1_rbs	3.4	0.0	0.0
126	__protein2_rbs	4.0	0.0	0.0
126	__protein3_rbs	9.75	0.0	0.0
126	__ribosome	37.45	0.0	0.0
126	__rnase_site_ext	17.15	0.0	0.0
126	p0	0.9	0.0	0.0
126	p1	0.8	0.0	0.0
126	p2	0.85	0.0	0.0
126	protein1	222.3	6.05	2.2275542
126	protein2	248.55	6.7	2.04905125
126	protein3	596.85	17.25	2.1103064
126	r0	6.0	0.0	0.0
126	r1	5.8	0.0	0.0
126	rnapol	0.6	0.0	0.0
127	__protein1_rbs	3.15	0.0	0.0
127	__protein2_rbs	3.55	0.0	0.0
127	__protein3_rbs	10.85	0.0	0.0
127	__ribosome	36.95	0.0	0.0
127	__rnase_site_ext	17.2	0.0	0.0
127	p0	0.9	0.0	0.0
127	p1	0.85	0.0	0.0
127	p2	0.8	0.0	0.0
127	protein1	224.65	6.05	2.2879905500000004
127	protein2	251.2	6.65	2.13920455
127	protein3	604.0	17.4	2.08314215
127	r0	6.05	0.0	0.0
127	r1	5.9	0.0	0.0
127	rnapol	0.65	0.0	0.0
128	__protein1_rbs	3.35	0.0	0.0
128	__protein2_rbs	3.8	0.0	0.0
128	__protein3_rbs	9.3	0.0	0.0
128	__ribosome	35.05	0.0	0.0
128	__rnase_site_ext	17.15	0.0	0.0
128	p0	0.95	0.0	0.0
128	p1	0.8	0.0	0.0
128	p2	0.8	0.0	0.0
128	protein1	227.15	6.05	2.2741072
128	protein2	253.3	6.7	2.1811706
128	protein3	611.05	17.45	2.1417291
128	r0	6.15	0.0	0.0
128	r1	5.9	0.0	0.0
128	rnapol	0.65	0.0	0.0
129	__protein1_rbs	4.0	0.0	0.0
129	__protein2_rbs	4.2	0.0	0.0
129	__protein3_rbs	9.3	0.0	0.0
129	__ribosome	35.75	0.0	0.0
129	__rnase_site_ext	17.4	0.0	0.0
129	p0	0.9	0.0	0.0
129	p1	0.75	0.0	0.0
129	p2	0.95	0.0	0.0
129	protein1	230.05	6.15	2.1610912
129	protein2	256.15	6.7	2.0973611
129	protein3	618.35	17.35	2.174786
129	r0	6.2	0.0	0.0
129	r1	5.95	0.0	0.0
129	rnapol	0.75	0.0	0.0
130	__protein1_rbs	3.75	0.0	0.0
130	__protein2_rbs	4.1	0.0	0.0
130	__protein3_rbs	10.25	0.0	0.0
130	__ribosome	34.85	0.0	0.0
130	__rnase_site_ext	17.15	0.0	0.0
130	p0	0.95	0.0	0.0
130	p1	0.95	0.0	0.0
130	p2	0.95	0.0	0.0
130	protein1	232.1	6.2	2.1856944
130	protein2	258.9	6.85	2.0574188
130	protein3	624.85	17.45	2.1975697999999997
130	r0	6.2	0.0	0.0
130	r1	6.15	0.0	0.0
130	rnapol	0.9	0.0	0.0
131	__protein1_rbs	3.3	0.0	0.0
131	__protein2_rbs	3.55	0.0	0.0
131	__protein3_rbs	9.25	0.0	0.0
131	__ribosome	35.5	0.0	0.0
131	__rnase_site_ext	17.25	0.0	0.0
131	p0	0.9	0.0	0.0
131	p1	0.95	0.0	0.0
131	p2	0.65	0.0	0.0
131	protein1	235.15	6.15	2.207123
131	protein2	262.0	6.85	2.0783082
131	protein3	632.9	17.35	2.1820046500000005
131	r0	6.1	0.0	0.0
131	r1	6.15	0.0	0.0
131	rnapol	0.6	0.0	0.0
132	__protein1_rbs	3.1	0.0	0.0
132	__protein2_rbs	4.15	0.0	0.0
132	__protein3_rbs	10.65	0.0	0.0
132	__ribosome	34.3	0.0	0.0
132	__rnase_site_ext	17.7	0.0	0.0
132	p0	0.9	0.0	0.0
132	p1	0.7	0.0	0.0
132	p2	0.8	0.0	0.0
132	protein1	237.7	6.1	2.2628372500000005
132	protein2	264.5	6.8	2.0780357
132	protein3	639.05	17.5	2.2023712000000004
132	r0	6.2	0.0	0.0
132	r1	6.15	0.0	0.0
132	rnapol	0.7	0.0	0.0
133	__protein1_rbs	3.85	0.0	0.0
133	__protein2_rbs	4.1	0.0	0.0
133	__protein3_rbs	9.55	0.0	0.0
133	__ribosome	35.5	0.0	0.0
133	__rnase_site_ext	17.65	0.0	0.0
133	p0	0.9	0.0	0.0
133	p1	0.65	0.0	0.0
133	p2	0.75	0.0	0.0
133	protein1	240.5	6.2	2.1368452499999995
133	protein2	267.5	6.9	2.02079005
133	protein3	647.6	17.75	2.1379197
133	r0	6.3	0.0	0.0
133	r1	6.15	0.0	0.0
133	rnapol	0.7	0.0	0.0
134	__protein1_rbs	3.3	0.0	0.0
134	__protein2_rbs	4.2	0.0	0.0
134	__protein3_rbs	10.9	0.0	0.0
134	__ribosome	35.7	0.0	0.0
134	__rnase_site_ext	17.85	0.0	0.0
134	p0	0.85	0.0	0.0
134	p1	0.9	0.0	0.0
134	p2	0.7	0.0	0.0
134	protein1	243.1	6.25	2.1361904
134	protein2	270.05	7.05	2.0147582500000003
134	protein3	655.15	17.75	2.0962127499999994
134	r0	6.35	0.0	0.0
134	r1	6.2	0.0	0.0
134	rnapol	0.5	0.0	0.0
135	__protein1_rbs	3.7	0.0	0.0
135	__protein2_rbs	4.4	0.0	0.0
135	__protein3_rbs	9.9	0.0	0.0
135	__ribosome	34.8	0.0	0.0
135	__rnase_site_ext	17.95	0.0	0.0
135	p0	0.95	0.0	0.0
135	p1	0.85	0.0	0.0
135	p2	0.85	0.0	0.0
135	protein1	245.1	6.35	2.14861115
135	protein2	272.6	7.1	2.01851185
135	protein3	662.3	17.65	2.1303416
135	r0	6.55	0.0	0.0
135	r1	6.2	0.0	0.0
135	rnapol	0.55	0.0	0.0
136	__protein1_rbs	3.95	0.0	0.0
136	__protein2_rbs	4.05	0.0	0.0
136	__protein3_rbs	10.1	0.0	0.0
136	__ribosome	34.95	0.0	0.0
136	__rnase_site_ext	17.65	0.0	0.0
136	p0	0.9	0.0	0.0
136	p1	0.8	0.0	0.0
136	p2	0.7	0.0	0.0
136	protein1	248.1	6.5	2.0460119000000003
136	protein2	275.55	7.1	2.0900234
136	protein3	669.75	17.75	2.1257883
136	r0	6.55	0.0	0.0
136	r1	6.2	0.0	0.0
136	rnapol	0.4	0.0	0.0
137	__protein1_rbs	4.1	0.0	0.0
137	__protein2_rbs	4.3	0.0	0.0
137	__protein3_rbs	9.6	0.0	0.0
137	__ribosome	34.95	0.0	0.0
137	__rnase_site_ext	17.8	0.0	0.0
137	p0	0.9	0.0	0.0
137	p1	0.85	0.0	0.0
137	p2	0.8	0.0	0.0
137	protein1	250.8	6.5	2.0004761500000003
137	protein2	278.7	7.05	2.06381315
137	protein3	676.75	17.65	2.16834455
137	r0	6.6	0.0	0.0
137	r1	6.35	0.0	0.0
137	rnapol	0.45	0.0	0.0
138	__protein1_rbs	3.7	0.0	0.0
138	__protein2_rbs	4.1	0.0	0.0
138	__protein3_rbs	10.2	0.0	0.0
138	__ribosome	34.85	0.0	0.0
138	__rnase_site_ext	17.85	0.0	0.0
138	p0	0.9	0.0	0.0
138	p1	0.9	0.0	0.0
138	p2	0.8	0.0	0.0
138	protein1	253.2	6.6	2.0912499500000004
138	protein2	281.45	7.05	2.06010825
138	protein3	684.55	17.75	2.14480665
138	r0	6.7	0.0	0.0
138	r1	6.45	0.0	0.0
138	rnapol	0.4	0.0	0.0
139	__protein1_rbs	3.4	0.0	0.0
139	__protein2_rbs	3.7	0.0	0.0
139	__protein3_rbs	11.05	0.0	0.0
139	__ribosome	33.45	0.0	0.0
139	__rnase_site_ext	17.95	0.0	0.0
139	p0	0.95	0.0	0.0
139	p1	0.85	0.0	0.0
139	p2	0.65	0.0	0.0
139	protein1	255.7	6.75	2.14595235
139	protein2	283.85	7.15	2.13121215
139	protein3	691.3	17.75	2.15225445
139	r0	6.8	0.0	0.0
139	r1	6.5	0.0	0.0
139	rnapol	0.45	0.0	0.0
140	__protein1_rbs	3.95	0.0	0.0
140	__protein2_rbs	4.25	0.0	0.0
140	__protein3_rbs	10.8	0.0	0.0
140	__ribosome	34.0	0.0	0.0
140	__rnase_site_ext	18.0	0.0	0.0
140	p0	1.0	0.0	0.0
140	p1	0.85	0.0	0.0
140	p2	0.55	0.0	0.0
140	protein1	258.15	6.75	2.18505945
140	protein2	286.6	7.25	2.0877038
140	protein3	699.3	17.8	2.10034135
140	r0	6.85	0.0	0.0
140	r1	6.55	0.0	0.0
140	rnapol	0.6	0.0	0.0
141	__protein1_rbs	3.9	0.0	0.0
141	__protein2_rbs	4.9	0.0	0.0
141	__protein3_rbs	10.85	0.0	0.0
141	__ribosome	34.75	0.0	0.0
141	__rnase_site_ext	18.0	0.0	0.0
141	p0	0.8	0.0	0.0
141	p1	0.75	0.0	0.0
141	p2	0.85	0.0	0.0
141	protein1	261.1	6.85	2.1378175
141	protein2	289.9	7.2	1.98230525
141	protein3	706.55	18.0	2.0736589
141	r0	6.85	0.0	0.0
141	r1	6.5	0.0	0.0
141	rnapol	0.65	0.0	0.0
142	__protein1_rbs	4.05	0.0	0.0
142	__protein2_rbs	4.25	0.0	0.0
142	__protein3_rbs	10.8	0.0	0.0
142	__ribosome	34.75	0.0	0.0
142	__rnase_site_ext	17.8	0.0	0.0
142	p0	1.0	0.0	0.0
142	p1	0.85	0.0	0.0
142	p2	0.8	0.0	0.0
142	protein1	263.4	6.8	2.2003174000000003
142	protein2	292.6	7.3	2.00312415
142	protein3	714.35	18.15	2.0168239000000003
142	r0	7.0	0.0	0.0
142	r1	6.45	0.0	0.0
142	rnapol	0.75	0.0	0.0
143	__protein1_rbs	4.1	0.0	0.0
143	__protein2_rbs	4.45	0.0	0.0
143	__protein3_rbs	10.2	0.0	0.0
143	__ribosome	34.35	0.0	0.0
143	__rnase_site_ext	17.95	0.0	0.0
143	p0	0.95	0.0	0.0
143	p1	0.8	0.0	0.0
143	p2	0.6	0.0	0.0
143	protein1	266.45	7.0	2.1306674
143	protein2	295.3	7.4	1.99538605
143	protein3	721.8	18.05	2.0435807
143	r0	6.85	0.0	0.0
143	r1	6.6	0.0	0.0
143	rnapol	0.55	0.0	0.0
144	__protein1_rbs	4.3	0.0	0.0
144	__protein2_rbs	4.1	0.0	0.0
144	__protein3_rbs	10.4	0.0	0.0
144	__ribosome	33.45	0.0	0.0
144	__rnase_site_ext	18.05	0.0	0.0
144	p0	0.85	0.0	0.0
144	p1	0.7	0.0	0.0
144	p2	0.8	0.0	0.0
144	protein1	269.5	6.9	2.0969246
144	protein2	298.0	7.45	2.0728608
144	protein3	728.8	18.1	2.0684758999999997
144	r0	6.75	0.0	0.0
144	r1	6.6	0.0	0.0
144	rnapol	0.5	0.0	0.0
145	__protein1_rbs	4.05	0.0	0.0
145	__protein2_rbs	3.9	0.0	0.0
145	__protein3_rbs	11.45	0.0	0.0
145	__ribosome	32.95	0.0	0.0
145	__rnase_site_ext	18.0	0.0	0.0
145	p0	0.9	0.0	0.0
145	p1	0.8	0.0	0.0
145	p2	0.8	0.0	0.0
145	protein1	272.55	6.75	2.1153968999999995
145	protein2	300.95	7.45	2.152662350000001
145	protein3	735.3	18.15	2.0487113
145	r0	6.8	0.0	0.0
145	r1	6.6	0.0	0.0
145	rnapol	0.6	0.0	0.0
146	__protein1_rbs	3.85	0.0	0.0
146	__protein2_rbs	4.45	0.0	0.0
146	__protein3_rbs	9.8	0.0	0.0
146	__ribosome	31.8	0.0	0.0
146	__rnase_site_ext	17.6	0.0	0.0
146	p0	0.95	0.0	0.0
146	p1	0.85	0.0	0.0
146	p2	0.75	0.0	0.0
146	protein1	275.2	6.75	2.1794841
146	protein2	303.6	7.6	2.13561505
146	protein3	742.5	18.05	2.0907585500000003
146	r0	6.85	0.0	0.0
146	r1	6.7	0.0	0.0
146	rnapol	0.55	0.0	0.0
147	__protein1_rbs	4.15	0.0	0.0
147	__protein2_rbs	4.05	0.0	0.0
147	__protein3_rbs	11.45	0.0	0.0
147	__ribosome	31.8	0.0	0.0
147	__rnase_site_ext	17.75	0.0	0.0
147	p0	0.9	0.0	0.0
147	p1	0.8	0.0	0.0
147	p2	0.75	0.0	0.0
147	protein1	278.1	6.85	2.1053138500000004
147	protein2	306.4	7.45	2.28432535
147	protein3	749.45	17.85	2.0934142500000004
147	r0	6.85	0.0	0.0
147	r1	6.75	0.0	0.0
147	rnapol	0.6	0.0	0.0
148	__protein1_rbs	4.2	0.0	0.0
148	__protein2_rbs	4.9	0.0	0.0
148	__protein3_rbs	10.6	0.0	0.0
148	__ribosome	33.8	0.0	0.0
148	__rnase_site_ext	17.65	0.0	0.0
148	p0	0.9	0.0	0.0
148	p1	0.8	0.0	0.0
148	p2	0.65	0.0	0.0
148	protein1	281.05	6.8	2.05963565
148	protein2	310.0	7.6	2.13292755
148	protein3	757.2	17.95	2.0551866000000003
148	r0	6.85	0.0	0.0
148	r1	6.85	0.0	0.0
148	rnapol	0.6	0.0	0.0
149	__protein1_rbs	4.1	0.0	0.0
149	__protein2_rbs	4.05	0.0	0.0
149	__protein3_rbs	10.5	0.0	0.0
149	__ribosome	33.45	0.0	0.0
149	__rnase_site_ext	17.85	0.0	0.0
149	p0	0.9	0.0	0.0
149	p1	0.9	0.0	0.0
149	p2	0.85	0.0	0.0
149	protein1	283.7	6.85	2.02487195
149	protein2	313.05	7.65	2.15890695
149	protein3	764.55	17.8	2.0836455000000003
149	r0	7.0	0.0	0.0
149	r1	7.0	0.0	0.0
149	rnapol	0.55	0.0	0.0
150	__protein1_rbs	3.9	0.0	0.0
150	__protein2_rbs	4.65	0.0	0.0
150	__protein3_rbs	10.55	0.0	0.0
150	__ribosome	33.5	0.0	0.0
150	__rnase_site_ext	17.9	0.0	0.0
150	p0	0.95	0.0	0.0
150	p1	0.9	0.0	0.0
150	p2	0.55	0.0	0.0
150	protein1	286.6	7.0	2.0189051
150	protein2	316.75	7.6	2.0706060500000003
150	protein3	771.4	18.05	2.0948315500000003
150	r0	6.95	0.0	0.0
150	r1	6.9	0.0	0.0
150	rnapol	0.45	0.0	0.0
151	__protein1_rbs	4.6	0.0	0.0
151	__protein2_rbs	4.95	0.0	0.0
151	__protein3_rbs	10.7	0.0	0.0
151	__ribosome	34.45	0.0	0.0
151	__rnase_site_ext	17.9	0.0	0.0
151	p0	0.95	0.0	0.0
151	p1	0.8	0.0	0.0
151	p2	0.75	0.0	0.0
151	protein1	289.45	7.1	1.93496025
151	protein2	319.35	7.6	2.11092535
151	protein3	779.25	18.05	2.049669450000001
151	r0	6.95	0.0	0.0
151	r1	7.0	0.0	0.0
151	rnapol	0.7	0.0	0.0
152	__protein1_rbs	3.6	0.0	0.0
152	__protein2_rbs	4.5	0.0	0.0
152	__protein3_rbs	11.2	0.0	0.0
152	__ribosome	33.1	0.0	0.0
152	__rnase_site_ext	17.9	0.0	0.0
152	p0	0.95	0.0	0.0
152	p1	0.9	0.0	0.0
152	p2	0.7	0.0	0.0
152	protein1	291.7	6.95	2.10605695
152	protein2	322.55	7.75	2.0449097499999995
152	protein3	785.85	18.4	2.01986905
152	r0	6.95	0.0	0.0
152	r1	7.1	0.0	0.0
152	rnapol	0.65	0.0	0.0
153	__protein1_rbs	4.35	0.0	0.0
153	__protein2_rbs	4.7	0.0	0.0
153	__protein3_rbs	10.65	0.0	0.0
153	__ribosome	33.05	0.0	0.0
153	__rnase_site_ext	17.85	0.0	0.0
153	p0	0.9	0.0	0.0
153	p1	0.85	0.0	0.0
153	p2	0.75	0.0	0.0
153	protein1	294.6	7.0	2.0546626999999997
153	protein2	325.5	7.7	2.08044555
153	protein3	793.0	18.2	2.0590694000000003
153	r0	6.9	0.0	0.0
153	r1	7.05	0.0	0.0
153	rnapol	0.45	0.0	0.0
154	__protein1_rbs	4.3	0.0	0.0
154	__protein2_rbs	4.35	0.0	0.0
154	__protein3_rbs	11.75	0.0	0.0
154	__ribosome	34.05	0.0	0.0
154	__rnase_site_ext	18.1	0.0	0.0
154	p0	0.9	0.0	0.0
154	p1	0.8	0.0	0.0
154	p2	0.7	0.0	0.0
154	protein1	297.25	6.95	2.08468435
154	protein2	329.1	7.75	2.0409163500000003
154	protein3	800.55	18.5	1.97209
154	r0	6.95	0.0	0.0
154	r1	7.2	0.0	0.0
154	rnapol	0.5	0.0	0.0
155	__protein1_rbs	4.15	0.0	0.0
155	__protein2_rbs	4.8	0.0	0.0
155	__protein3_rbs	11.45	0.0	0.0
155	__ribosome	34.05	0.0	0.0
155	__rnase_site_ext	17.85	0.0	0.0
155	p0	0.9	0.0	0.0
155	p1	0.9	0.0	0.0
155	p2	0.6	0.0	0.0
155	protein1	300.25	7.0	2.05021465
155	protein2	331.9	7.85	2.0207684500000003
155	protein3	807.75	18.4	1.97757025
155	r0	6.95	0.0	0.0
155	r1	7.3	0.0	0.0
155	rnapol	0.5	0.0	0.0
156	__protein1_rbs	4.35	0.0	0.0
156	__protein2_rbs	4.65	0.0	0.0
156	__protein3_rbs	11.65	0.0	0.0
156	__ribosome	34.55	0.0	0.0
156	__rnase_site_ext	17.95	0.0	0.0
156	p0	0.9	0.0	0.0
156	p1	0.85	0.0	0.0
156	p2	0.75	0.0	0.0
156	protein1	303.1	6.85	2.0170004
156	protein2	334.95	7.85	2.04821255
156	protein3	814.9	18.4	1.9696133000000002
156	r0	7.05	0.0	0.0
156	r1	7.35	0.0	0.0
156	rnapol	0.45	0.0	0.0
157	__protein1_rbs	4.05	0.0	0.0
157	__protein2_rbs	4.9	0.0	0.0
157	__protein3_rbs	10.35	0.0	0.0
157	__ribosome	33.15	0.0	0.0
157	__rnase_site_ext	18.1	0.0	0.0
157	p0	0.85	0.0	0.0
157	p1	0.8	0.0	0.0
157	p2	0.9	0.0	0.0
157	protein1	306.05	7.0	2.0233167
157	protein2	338.25	7.85	2.0217064500000004
157	protein3	821.15	18.3	2.0702045500000006
157	r0	7.05	0.0	0.0
157	r1	7.3	0.0	0.0
157	rnapol	0.7	0.0	0.0
158	__protein1_rbs	4.2	0.0	0.0
158	__protein2_rbs	5.1	0.0	0.0
158	__protein3_rbs	11.3	0.0	0.0
158	__ribosome	33.8	0.0	0.0
158	__rnase_site_ext	18.1	0.0	0.0
158	p0	1.0	0.0	0.0
158	p1	0.7	0.0	0.0
158	p2	0.7	0.0	0.0
158	protein1	308.65	7.05	2.03943375
158	protein2	341.1	7.9	2.0056530500000003
158	protein3	829.15	18.55	1.9880003
158	r0	7.2	0.0	0.0
158	r1	7.25	0.0	0.0
158	rnapol	0.85	0.0	0.0
159	__protein1_rbs	4.05	0.0	0.0
159	__protein2_rbs	4.65	0.0	0.0
159	__protein3_rbs	10.8	0.0	0.0
159	__ribosome	33.2	0.0	0.0
159	__rnase_site_ext	17.75	0.0	0.0
159	p0	1.0	0.0	0.0
159	p1	0.8	0.0	0.0
159	p2	0.85	0.0	0.0
159	protein1	311.75	7.2	1.982033
159	protein2	344.05	8.0	1.97956175
159	protein3	836.2	18.55	2.00205325
159	r0	7.15	0.0	0.0
159	r1	7.15	0.0	0.0
159	rnapol	0.9	0.0	0.0
160	__protein1_rbs	4.25	0.0	0.0
160	__protein2_rbs	5.0	0.0	0.0
160	__protein3_rbs	10.9	0.0	0.0
160	__ribosome	33.3	0.0	0.0
160	__rnase_site_ext	18.15	0.0	0.0
160	p0	0.9	0.0	0.0
160	p1	1.0	0.0	0.0
160	p2	0.65	0.0	0.0
160	protein1	314.25	7.15	2.0604854
160	protein2	347.3	8.2	1.9526785
160	protein3	843.85	18.45	2.01393415
160	r0	7.15	0.0	0.0
160	r1	7.05	0.0	0.0
160	rnapol	0.75	0.0	0.0
161	__protein1_rbs	4.85	0.0	0.0
161	__protein2_rbs	4.7	0.0	0.0
161	__protein3_rbs	10.8	0.0	0.0
161	__ribosome	32.85	0.0	0.0
161	__rnase_site_ext	18.4	0.0	0.0
161	p0	0.85	0.0	0.0
161	p1	0.95	0.0	0.0
161	p2	0.65	0.0	0.0
161	protein1	317.0	7.15	1.9880815000000005
161	protein2	350.6	8.15	1.9265277500000004
161	protein3	850.2	18.6	2.0554069
161	r0	7.1	0.0	0.0
161	r1	7.15	0.0	0.0
161	rnapol	0.7	0.0	0.0
162	__protein1_rbs	4.45	0.0	0.0
162	__protein2_rbs	4.5	0.0	0.0
162	__protein3_rbs	10.9	0.0	0.0
162	__ribosome	31.95	0.0	0.0
162	__rnase_site_ext	18.05	0.0	0.0
162	p0	0.9	0.0	0.0
162	p1	0.9	0.0	0.0
162	p2	0.85	0.0	0.0
162	protein1	319.9	7.35	1.9422740499999995
162	protein2	353.55	8.0	2.02073595
162	protein3	857.7	18.7	2.0579654
162	r0	7.3	0.0	0.0
162	r1	7.15	0.0	0.0
162	rnapol	0.7	0.0	0.0
163	__protein1_rbs	4.5	0.0	0.0
163	__protein2_rbs	4.75	0.0	0.0
163	__protein3_rbs	11.45	0.0	0.0
163	__ribosome	30.85	0.0	0.0
163	__rnase_site_ext	18.25	0.0	0.0
163	p0	0.9	0.0	0.0
163	p1	0.8	0.0	0.0
163	p2	0.8	0.0	0.0
163	protein1	322.4	7.25	2.0088407
163	protein2	356.2	7.8	2.1659577999999997
163	protein3	864.85	18.75	2.07475345
163	r0	7.3	0.0	0.0
163	r1	7.25	0.0	0.0
163	rnapol	0.75	0.0	0.0
164	__protein1_rbs	4.3	0.0	0.0
164	__protein2_rbs	4.45	0.0	0.0
164	__protein3_rbs	11.95	0.0	0.0
164	__ribosome	31.65	0.0	0.0
164	__rnase_site_ext	17.95	0.0	0.0
164	p0	0.85	0.0	0.0
164	p1	0.9	0.0	0.0
164	p2	0.8	0.0	0.0
164	protein1	325.35	7.3	2.00657805
164	protein2	359.4	7.95	2.1372005
164	protein3	872.75	18.7	2.0015545999999995
164	r0	7.35	0.0	0.0
164	r1	7.3	0.0	0.0
164	rnapol	0.7	0.0	0.0
165	__protein1_rbs	4.8	0.0	0.0
165	__protein2_rbs	4.2	0.0	0.0
165	__protein3_rbs	10.75	0.0	0.0
165	__ribosome	30.5	0.0	0.0
165	__rnase_site_ext	18.3	0.0	0.0
165	p0	0.85	0.0	0.0
165	p1	0.75	0.0	0.0
165	p2	0.7	0.0	0.0
165	protein1	328.25	7.35	1.9333074000000003
165	protein2	362.7	7.85	2.1965494999999997
165	protein3	879.3	18.6	2.0811531999999997
165	r0	7.45	0.0	0.0
165	r1	7.3	0.0	0.0
165	rnapol	0.45	0.0	0.0
166	__protein1_rbs	4.1	0.0	0.0
166	__protein2_rbs	4.4	0.0	0.0
166	__protein3_rbs	11.6	0.0	0.0
166	__ribosome	31.0	0.0	0.0
166	__rnase_site_ext	18.3	0.0	0.0
166	p0	0.9	0.0	0.0
166	p1	0.7	0.0	0.0
166	p2	0.65	0.0	0.0
166	protein1	331.15	7.45	1.9483974000000004
166	protein2	365.85	7.9	2.23053385
166	protein3	887.0	18.55	2.0320662
166	r0	7.55	0.0	0.0
166	r1	7.3	0.0	0.0
166	rnapol	0.5	0.0	0.0
167	__protein1_rbs	4.75	0.0	0.0
167	__protein2_rbs	5.1	0.0	0.0
167	__protein3_rbs	11.4	0.0	0.0
167	__ribosome	31.95	0.0	0.0
167	__rnase_site_ext	18.35	0.0	0.0
167	p0	0.9	0.0	0.0
167	p1	0.85	0.0	0.0
167	p2	0.9	0.0	0.0
167	protein1	333.9	7.55	1.9171969500000003
167	protein2	368.95	8.1	2.1767974000000003
167	protein3	894.75	18.45	2.0122112000000003
167	r0	7.6	0.0	0.0
167	r1	7.2	0.0	0.0
167	rnapol	0.65	0.0	0.0
168	__protein1_rbs	4.35	0.0	0.0
168	__protein2_rbs	4.85	0.0	0.0
168	__protein3_rbs	10.9	0.0	0.0
168	__ribosome	32.95	0.0	0.0
168	__rnase_site_ext	18.5	0.0	0.0
168	p0	1.0	0.0	0.0
168	p1	0.8	0.0	0.0
168	p2	0.9	0.0	0.0
168	protein1	336.9	7.65	1.9178373500000003
168	protein2	372.65	8.05	2.1278248
168	protein3	902.9	18.7	1.9342984
168	r0	7.65	0.0	0.0
168	r1	7.25	0.0	0.0
168	rnapol	0.7	0.0	0.0
169	__protein1_rbs	4.75	0.0	0.0
169	__protein2_rbs	5.35	0.0	0.0
169	__protein3_rbs	11.75	0.0	0.0
169	__ribosome	33.35	0.0	0.0
169	__rnase_site_ext	18.6	0.0	0.0
169	p0	0.85	0.0	0.0
169	p1	0.85	0.0	0.0
169	p2	0.85	0.0	0.0
169	protein1	339.9	7.65	1.899329
169	protein2	376.0	8.1	2.0724155
169	protein3	909.35	18.65	1.95944455
169	r0	7.65	0.0	0.0
169	r1	7.3	0.0	0.0
169	rnapol	0.5	0.0	0.0
170	__protein1_rbs	4.7	0.0	0.0
170	__protein2_rbs	5.25	0.0	0.0
170	__protein3_rbs	10.25	0.0	0.0
170	__ribosome	32.2	0.0	0.0
170	__rnase_site_ext	18.5	0.0	0.0
170	p0	0.9	0.0	0.0
170	p1	0.75	0.0	0.0
170	p2	0.75	0.0	0.0
170	protein1	342.1	7.65	2.0085931
170	protein2	379.1	8.1	2.0551115
170	protein3	917.2	18.85	1.9543096999999998
170	r0	7.75	0.0	0.0
170	r1	7.35	0.0	0.0
170	rnapol	0.5	0.0	0.0
171	__protein1_rbs	4.35	0.0	0.0
171	__protein2_rbs	5.4	0.0	0.0
171	__protein3_rbs	11.4	0.0	0.0
171	__ribosome	32.85	0.0	0.0
171	__rnase_site_ext	18.45	0.0	0.0
171	p0	0.9	0.0	0.0
171	p1	0.75	0.0	0.0
171	p2	0.7	0.0	0.0
171	protein1	345.45	7.75	1.97688215
171	protein2	382.25	8.05	1.97389755
171	protein3	924.4	18.55	1.9900379
171	r0	7.8	0.0	0.0
171	r1	7.35	0.0	0.0
171	rnapol	0.4	0.0	0.0
172	__protein1_rbs	4.8	0.0	0.0
172	__protein2_rbs	4.95	0.0	0.0
172	__protein3_rbs	11.0	0.0	0.0
172	__ribosome	31.45	0.0	0.0
172	__rnase_site_ext	18.0	0.0	0.0
172	p0	1.0	0.0	0.0
172	p1	0.8	0.0	0.0
172	p2	0.9	0.0	0.0
172	protein1	348.05	7.85	1.99449575
172	protein2	385.9	8.2	1.9012610000000003
172	protein3	930.55	18.45	2.05975715
172	r0	7.9	0.0	0.0
172	r1	7.45	0.0	0.0
172	rnapol	0.65	0.0	0.0
173	__protein1_rbs	4.35	0.0	0.0
173	__protein2_rbs	4.55	0.0	0.0
173	__protein3_rbs	11.25	0.0	0.0
173	__ribosome	31.6	0.0	0.0
173	__rnase_site_ext	17.75	0.0	0.0
173	p0	0.95	0.0	0.0
173	p1	0.8	0.0	0.0
173	p2	0.75	0.0	0.0
173	protein1	351.3	7.95	1.9840332999999999
173	protein2	388.95	8.25	1.9805205
173	protein3	938.5	18.45	2.00252575
173	r0	7.65	0.0	0.0
173	r1	7.6	0.0	0.0
173	rnapol	0.75	0.0	0.0
174	__protein1_rbs	5.3	0.0	0.0
174	__protein2_rbs	5.35	0.0	0.0
174	__protein3_rbs	9.9	0.0	0.0
174	__ribosome	31.1	0.0	0.0
174	__rnase_site_ext	17.75	0.0	0.0
174	p0	0.9	0.0	0.0
174	p1	0.7	0.0	0.0
174	p2	0.5	0.0	0.0
174	protein1	353.85	7.7	2.0571414
174	protein2	392.0	8.15	1.95275635
174	protein3	945.2	18.15	2.07990815
174	r0	7.65	0.0	0.0
174	r1	7.7	0.0	0.0
174	rnapol	0.7	0.0	0.0
175	__protein1_rbs	4.75	0.0	0.0
175	__protein2_rbs	4.7	0.0	0.0
175	__protein3_rbs	10.15	0.0	0.0
175	__ribosome	31.4	0.0	0.0
175	__rnase_site_ext	17.8	0.0	0.0
175	p0	0.85	0.0	0.0
175	p1	0.75	0.0	0.0
175	p2	0.6	0.0	0.0
175	protein1	357.15	7.6	2.0316051
175	protein2	395.15	8.25	1.9460929
175	protein3	953.05	18.35	2.0531361500000003
175	r0	7.45	0.0	0.0
175	r1	7.65	0.0	0.0
175	rnapol	0.55	0.0	0.0
176	__protein1_rbs	4.95	0.0	0.0
176	__protein2_rbs	5.1	0.0	0.0
176	__protein3_rbs	11.75	0.0	0.0
176	__ribosome	31.7	0.0	0.0
176	__rnase_site_ext	17.75	0.0	0.0
176	p0	0.95	0.0	0.0
176	p1	0.7	0.0	0.0
176	p2	0.8	0.0	0.0
176	protein1	360.1	7.6	2.03404485
176	protein2	398.0	8.4	1.9406869
176	protein3	959.6	18.4	2.03209045
176	r0	7.5	0.0	0.0
176	r1	7.5	0.0	0.0
176	rnapol	0.5	0.0	0.0
177	__protein1_rbs	4.3	0.0	0.0
177	__protein2_rbs	4.7	0.0	0.0
177	__protein3_rbs	10.95	0.0	0.0
177	__ribosome	31.3	0.0	0.0
177	__rnase_site_ext	17.8	0.0	0.0
177	p0	0.9	0.0	0.0
177	p1	0.9	0.0	0.0
177	p2	0.55	0.0	0.0
177	protein1	363.4	7.5	2.06236845
177	protein2	401.15	8.5	1.96951865
177	protein3	967.3	18.7	1.9936527
177	r0	7.45	0.0	0.0
177	r1	7.55	0.0	0.0
177	rnapol	0.25	0.0	0.0
178	__protein1_rbs	4.05	0.0	0.0
178	__protein2_rbs	4.8	0.0	0.0
178	__protein3_rbs	11.4	0.0	0.0
178	__ribosome	30.95	0.0	0.0
178	__rnase_site_ext	17.85	0.0	0.0
178	p0	1.0	0.0	0.0
178	p1	1.0	0.0	0.0
178	p2	0.7	0.0	0.0
178	protein1	367.1	7.35	2.02861105
178	protein2	404.55	8.6	1.9769266999999997
178	protein3	974.0	18.7	2.029245349999999
178	r0	7.45	0.0	0.0
178	r1	7.75	0.0	0.0
178	rnapol	0.5	0.0	0.0
179	__protein1_rbs	4.45	0.0	0.0
179	__protein2_rbs	5.1	0.0	0.0
179	__protein3_rbs	11.5	0.0	0.0
179	__ribosome	32.7	0.0	0.0
179	__rnase_site_ext	17.6	0.0	0.0
179	p0	1.0	0.0	0.0
179	p1	0.75	0.0	0.0
179	p2	0.7	0.0	0.0
179	protein1	369.5	7.45	1.9952164500000005
179	protein2	407.6	8.45	2.056089
179	protein3	982.4	18.8	1.9256685
179	r0	7.45	0.0	0.0
179	r1	7.75	0.0	0.0
179	rnapol	0.5	0.0	0.0
180	__protein1_rbs	5.0	0.0	0.0
180	__protein2_rbs	5.6	0.0	0.0
180	__protein3_rbs	10.95	0.0	0.0
180	__ribosome	32.65	0.0	0.0
180	__rnase_site_ext	17.3	0.0	0.0
180	p0	1.0	0.0	0.0
180	p1	0.65	0.0	0.0
180	p2	0.8	0.0	0.0
180	protein1	372.15	7.45	1.97837125
180	protein2	410.8	8.45	2.01038465
180	protein3	989.8	18.7	1.9553310000000002
180	r0	7.25	0.0	0.0
180	r1	7.7	0.0	0.0
180	rnapol	0.5	0.0	0.0
181	__protein1_rbs	4.5	0.0	0.0
181	__protein2_rbs	5.05	0.0	0.0
181	__protein3_rbs	11.05	0.0	0.0
181	__ribosome	31.2	0.0	0.0
181	__rnase_site_ext	17.35	0.0	0.0
181	p0	0.95	0.0	0.0
181	p1	0.75	0.0	0.0
181	p2	0.65	0.0	0.0
181	protein1	374.9	7.25	1.9999008000000003
181	protein2	413.8	8.65	2.03158545
181	protein3	996.25	18.5	2.03042135
181	r0	7.1	0.0	0.0
181	r1	7.7	0.0	0.0
181	rnapol	0.6	0.0	0.0
182	__protein1_rbs	4.35	0.0	0.0
182	__protein2_rbs	5.2	0.0	0.0
182	__protein3_rbs	11.05	0.0	0.0
182	__ribosome	31.9	0.0	0.0
182	__rnase_site_ext	17.55	0.0	0.0
182	p0	0.75	0.0	0.0
182	p1	0.85	0.0	0.0
182	p2	0.65	0.0	0.0
182	protein1	377.85	7.1	2.0530556
182	protein2	417.45	8.6	2.0027574500000003
182	protein3	1003.45	18.6	2.01988015
182	r0	7.0	0.0	0.0
182	r1	7.65	0.0	0.0
182	rnapol	0.5	0.0	0.0
183	__protein1_rbs	4.15	0.0	0.0
183	__protein2_rbs	5.55	0.0	0.0
183	__protein3_rbs	10.8	0.0	0.0
183	__ribosome	31.6	0.0	0.0
183	__rnase_site_ext	17.7	0.0	0.0
183	p0	0.95	0.0	0.0
183	p1	0.95	0.0	0.0
183	p2	0.65	0.0	0.0
183	protein1	380.85	7.05	2.02819445
183	protein2	420.75	8.65	1.9158934500000004
183	protein3	1010.3	18.6	2.06421585
183	r0	7.3	0.0	0.0
183	r1	7.85	0.0	0.0
183	rnapol	0.6	0.0	0.0
184	__protein1_rbs	4.8	0.0	0.0
184	__protein2_rbs	5.0	0.0	0.0
184	__protein3_rbs	11.3	0.0	0.0
184	__ribosome	32.6	0.0	0.0
184	__rnase_site_ext	17.7	0.0	0.0
184	p0	0.95	0.0	0.0
184	p1	0.9	0.0	0.0
184	p2	0.7	0.0	0.0
184	protein1	383.85	7.25	1.84144995
184	protein2	423.95	8.6	1.970333
184	protein3	1017.85	18.75	2.0291171
184	r0	7.35	0.0	0.0
184	r1	7.95	0.0	0.0
184	rnapol	0.7	0.0	0.0
185	__protein1_rbs	4.05	0.0	0.0
185	__protein2_rbs	5.15	0.0	0.0
185	__protein3_rbs	11.75	0.0	0.0
185	__ribosome	31.7	0.0	0.0
185	__rnase_site_ext	17.85	0.0	0.0
185	p0	0.9	0.0	0.0
185	p1	0.7	0.0	0.0
185	p2	0.8	0.0	0.0
185	protein1	386.6	7.3	1.9101145
185	protein2	426.9	8.45	2.02163325
185	protein3	1025.0	18.95	2.0052308
185	r0	7.3	0.0	0.0
185	r1	8.05	0.0	0.0
185	rnapol	0.7	0.0	0.0
186	__protein1_rbs	4.55	0.0	0.0
186	__protein2_rbs	4.95	0.0	0.0
186	__protein3_rbs	11.65	0.0	0.0
186	__ribosome	32.7	0.0	0.0
186	__rnase_site_ext	17.8	0.0	0.0
186	p0	0.95	0.0	0.0
186	p1	0.8	0.0	0.0
186	p2	0.7	0.0	0.0
186	protein1	389.6	7.3	1.9022177
186	protein2	430.75	8.55	1.94193165
186	protein3	1032.75	19.0	1.97657545
186	r0	7.4	0.0	0.0
186	r1	7.9	0.0	0.0
186	rnapol	0.6	0.0	0.0
187	__protein1_rbs	4.25	0.0	0.0
187	__protein2_rbs	5.2	0.0	0.0
187	__protein3_rbs	10.85	0.0	0.0
187	__ribosome	31.35	0.0	0.0
187	__rnase_site_ext	17.9	0.0	0.0
187	p0	0.9	0.0	0.0
187	p1	0.85	0.0	0.0
187	p2	0.65	0.0	0.0
187	protein1	391.6	7.4	2.027935
187	protein2	433.6	8.65	1.96821535
187	protein3	1040.65	18.7	1.99864115
187	r0	7.45	0.0	0.0
187	r1	7.85	0.0	0.0
187	rnapol	0.6	0.0	0.0
188	__protein1_rbs	4.2	0.0	0.0
188	__protein2_rbs	6.05	0.0	0.0
188	__protein3_rbs	10.95	0.0	0.0
188	__ribosome	31.15	0.0	0.0
188	__rnase_site_ext	17.95	0.0	0.0
188	p0	0.9	0.0	0.0
188	p1	1.0	0.0	0.0
188	p2	0.65	0.0	0.0
188	protein1	394.6	7.45	2.0220635500000004
188	protein2	436.75	8.75	1.9044923000000005
188	protein3	1047.7	18.95	2.0043742
188	r0	7.5	0.0	0.0
188	r1	7.55	0.0	0.0
188	rnapol	0.5	0.0	0.0
189	__protein1_rbs	5.1	0.0	0.0
189	__protein2_rbs	5.05	0.0	0.0
189	__protein3_rbs	11.35	0.0	0.0
189	__ribosome	30.65	0.0	0.0
189	__rnase_site_ext	18.0	0.0	0.0
189	p0	1.0	0.0	0.0
189	p1	1.0	0.0	0.0
189	p2	0.6	0.0	0.0
189	protein1	397.1	7.5	2.0083856999999994
189	protein2	440.1	8.75	1.96087565
189	protein3	1055.3	19.1	1.9920278999999999
189	r0	7.55	0.0	0.0
189	r1	7.4	0.0	0.0
189	rnapol	0.55	0.0	0.0
190	__protein1_rbs	4.15	0.0	0.0
190	__protein2_rbs	5.6	0.0	0.0
190	__protein3_rbs	11.25	0.0	0.0
190	__ribosome	29.15	0.0	0.0
190	__rnase_site_ext	18.1	0.0	0.0
190	p0	0.95	0.0	0.0
190	p1	1.0	0.0	0.0
190	p2	0.85	0.0	0.0
190	protein1	399.85	7.5	2.0752309
190	protein2	443.3	8.7	1.9710381000000001
190	protein3	1061.95	19.1	2.0557929
190	r0	7.5	0.0	0.0
190	r1	7.65	0.0	0.0
190	rnapol	0.85	0.0	0.0
191	__protein1_rbs	4.7	0.0	0.0
191	__protein2_rbs	5.15	0.0	0.0
191	__protein3_rbs	11.25	0.0	0.0
191	__ribosome	29.3	0.0	0.0
191	__rnase_site_ext	18.15	0.0	0.0
191	p0	0.8	0.0	0.0
191	p1	0.9	0.0	0.0
191	p2	0.9	0.0	0.0
191	protein1	402.8	7.5	2.06332245
191	protein2	446.9	8.6	1.9712298
191	protein3	1069.5	19.25	2.0509501
191	r0	7.5	0.0	0.0
191	r1	7.55	0.0	0.0
191	rnapol	0.9	0.0	0.0
192	__protein1_rbs	5.0	0.0	0.0
192	__protein2_rbs	5.05	0.0	0.0
192	__protein3_rbs	11.25	0.0	0.0
192	__ribosome	30.05	0.0	0.0
192	__rnase_site_ext	18.2	0.0	0.0
192	p0	0.9	0.0	0.0
192	p1	0.6	0.0	0.0
192	p2	0.65	0.0	0.0
192	protein1	405.75	7.55	1.9338581999999997
192	protein2	450.15	8.5	2.0246991000000003
192	protein3	1077.25	19.15	2.04955915
192	r0	7.65	0.0	0.0
192	r1	7.4	0.0	0.0
192	rnapol	0.85	0.0	0.0
193	__protein1_rbs	4.35	0.0	0.0
193	__protein2_rbs	5.3	0.0	0.0
193	__protein3_rbs	11.75	0.0	0.0
193	__ribosome	30.9	0.0	0.0
193	__rnase_site_ext	18.25	0.0	0.0
193	p0	0.85	0.0	0.0
193	p1	0.75	0.0	0.0
193	p2	0.65	0.0	0.0
193	protein1	409.15	7.65	1.8835515500000004
193	protein2	453.45	8.55	2.0170385
193	protein3	1085.0	19.15	2.0116210999999997
193	r0	7.6	0.0	0.0
193	r1	7.35	0.0	0.0
193	rnapol	0.85	0.0	0.0
194	__protein1_rbs	4.75	0.0	0.0
194	__protein2_rbs	5.3	0.0	0.0
194	__protein3_rbs	10.8	0.0	0.0
194	__ribosome	30.45	0.0	0.0
194	__rnase_site_ext	18.3	0.0	0.0
194	p0	0.9	0.0	0.0
194	p1	0.9	0.0	0.0
194	p2	0.75	0.0	0.0
194	protein1	411.95	7.6	1.89876985
194	protein2	456.6	8.6	1.99490465
194	protein3	1092.65	19.4	2.0215145
194	r0	7.7	0.0	0.0
194	r1	7.3	0.0	0.0
194	rnapol	0.85	0.0	0.0
195	__protein1_rbs	4.75	0.0	0.0
195	__protein2_rbs	4.45	0.0	0.0
195	__protein3_rbs	12.3	0.0	0.0
195	__ribosome	30.35	0.0	0.0
195	__rnase_site_ext	18.7	0.0	0.0
195	p0	0.9	0.0	0.0
195	p1	0.9	0.0	0.0
195	p2	0.65	0.0	0.0
195	protein1	414.65	7.75	1.8643254
195	protein2	460.0	8.5	2.08889995
195	protein3	1100.15	19.4	2.0024593
195	r0	7.7	0.0	0.0
195	r1	7.3	0.0	0.0
195	rnapol	0.75	0.0	0.0
196	__protein1_rbs	4.75	0.0	0.0
196	__protein2_rbs	5.45	0.0	0.0
196	__protein3_rbs	11.65	0.0	0.0
196	__ribosome	30.8	0.0	0.0
196	__rnase_site_ext	18.55	0.0	0.0
196	p0	0.95	0.0	0.0
196	p1	0.75	0.0	0.0
196	p2	0.95	0.0	0.0
196	protein1	417.4	7.7	1.9085516
196	protein2	463.3	8.4	2.00844145
196	protein3	1107.8	19.45	1.9983083
196	r0	7.8	0.0	0.0
196	r1	7.35	0.0	0.0
196	rnapol	0.8	0.0	0.0
197	__protein1_rbs	5.05	0.0	0.0
197	__protein2_rbs	5.55	0.0	0.0
197	__protein3_rbs	12.6	0.0	0.0
197	__ribosome	31.5	0.0	0.0
197	__rnase_site_ext	18.7	0.0	0.0
197	p0	0.85	0.0	0.0
197	p1	0.65	0.0	0.0
197	p2	0.85	0.0	0.0
197	protein1	419.8	7.8	1.88980165
197	protein2	466.65	8.4	1.9420373
197	protein3	1115.25	19.65	1.9491345
197	r0	7.8	0.0	0.0
197	r1	7.35	0.0	0.0
197	rnapol	0.65	0.0	0.0
198	__protein1_rbs	5.25	0.0	0.0
198	__protein2_rbs	5.15	0.0	0.0
198	__protein3_rbs	11.25	0.0	0.0
198	__ribosome	30.6	0.0	0.0
198	__rnase_site_ext	18.4	0.0	0.0
198	p0	0.95	0.0	0.0
198	p1	0.9	0.0	0.0
198	p2	0.9	0.0	0.0
198	protein1	422.85	7.8	1.9259433999999997
198	protein2	469.65	8.55	1.9453769999999997
198	protein3	1122.7	19.4	2.0328665
198	r0	7.85	0.0	0.0
198	r1	7.4	0.0	0.0
198	rnapol	0.55	0.0	0.0
199	__protein1_rbs	5.2	0.0	0.0
199	__protein2_rbs	4.95	0.0	0.0
199	__protein3_rbs	13.15	0.0	0.0
199	__ribosome	33.15	0.0	0.0
199	__rnase_site_ext	18.65	0.0	0.0
199	p0	0.95	0.0	0.0
199	p1	0.95	0.0	0.0
199	p2	0.65	0.0	0.0
199	protein1	425.4	7.85	1.8285714
199	protein2	472.6	8.45	1.9860824000000004
199	protein3	1131.55	19.15	1.9163548
199	r0	7.8	0.0	0.0
199	r1	7.5	0.0	0.0
199	rnapol	0.45	0.0	0.0
200	__protein1_rbs	4.3	0.0	0.0
200	__protein2_rbs	4.65	0.0	0.0
200	__protein3_rbs	11.35	0.0	0.0
200	__ribosome	31.85	0.0	0.0
200	__rnase_site_ext	18.65	0.0	0.0
200	p0	0.85	0.0	0.0
200	p1	0.9	0.0	0.0
200	p2	0.6	0.0	0.0
200	protein1	428.85	7.8	1.80621035
200	protein2	476.2	8.3	2.02055035
200	protein3	1137.55	19.2	1.9882662
200	r0	7.7	0.0	0.0
200	r1	7.6	0.0	0.0
200	rnapol	0.5	0.0	0.0
201	__protein1_rbs	5.15	0.0	0.0
201	__protein2_rbs	4.85	0.0	0.0
201	__protein3_rbs	10.9	0.0	0.0
201	__ribosome	32.0	0.0	0.0
201	__rnase_site_ext	18.6	0.0	0.0
201	p0	0.95	0.0	0.0
201	p1	0.8	0.0	0.0
201	p2	0.75	0.0	0.0
201	protein1	431.8	7.7	1.73172625
201	protein2	479.25	8.2	2.07254025
201	protein3	1145.6	19.35	1.9842451
201	r0	7.8	0.0	0.0
201	r1	7.55	0.0	0.0
201	rnapol	0.55	0.0	0.0
202	__protein1_rbs	5.05	0.0	0.0
202	__protein2_rbs	5.3	0.0	0.0
202	__protein3_rbs	11.95	0.0	0.0
202	__ribosome	32.1	0.0	0.0
202	__rnase_site_ext	18.85	0.0	0.0
202	p0	0.9	0.0	0.0
202	p1	0.7	0.0	0.0
202	p2	0.8	0.0	0.0
202	protein1	434.45	7.75	1.74784455
202	protein2	482.5	8.3	2.00255605
202	protein3	1152.85	19.4	1.99781545
202	r0	7.85	0.0	0.0
202	r1	7.65	0.0	0.0
202	rnapol	0.7	0.0	0.0
203	__protein1_rbs	4.0	0.0	0.0
203	__protein2_rbs	5.15	0.0	0.0
203	__protein3_rbs	12.0	0.0	0.0
203	__ribosome	30.8	0.0	0.0
203	__rnase_site_ext	18.75	0.0	0.0
203	p0	0.95	0.0	0.0
203	p1	0.85	0.0	0.0
203	p2	0.65	0.0	0.0
203	protein1	436.8	7.9	1.9033117
203	protein2	485.5	8.5	1.98354095
203	protein3	1160.7	19.45	1.9584788000000004
203	r0	7.9	0.0	0.0
203	r1	7.7	0.0	0.0
203	rnapol	0.6	0.0	0.0
204	__protein1_rbs	4.2	0.0	0.0
204	__protein2_rbs	5.0	0.0	0.0
204	__protein3_rbs	12.6	0.0	0.0
204	__ribosome	29.05	0.0	0.0
204	__rnase_site_ext	18.9	0.0	0.0
204	p0	0.95	0.0	0.0
204	p1	0.8	0.0	0.0
204	p2	0.6	0.0	0.0
204	protein1	439.3	7.9	2.02011895
204	protein2	488.7	8.55	2.00920325
204	protein3	1167.3	19.45	1.9906076999999995
204	r0	7.9	0.0	0.0
204	r1	7.6	0.0	0.0
204	rnapol	0.65	0.0	0.0
205	__protein1_rbs	4.95	0.0	0.0
205	__protein2_rbs	5.15	0.0	0.0
205	__protein3_rbs	13.05	0.0	0.0
205	__ribosome	30.1	0.0	0.0
205	__rnase_site_ext	18.6	0.0	0.0
205	p0	0.95	0.0	0.0
205	p1	0.85	0.0	0.0
205	p2	0.7	0.0	0.0
205	protein1	442.05	7.9	2.06279765
205	protein2	492.2	8.55	1.9555004
205	protein3	1174.75	19.6	1.9345221999999997
205	r0	7.9	0.0	0.0
205	r1	7.8	0.0	0.0
205	rnapol	0.55	0.0	0.0
206	__protein1_rbs	4.7	0.0	0.0
206	__protein2_rbs	5.25	0.0	0.0
206	__protein3_rbs	12.5	0.0	0.0
206	__ribosome	30.7	0.0	0.0
206	__rnase_site_ext	18.55	0.0	0.0
206	p0	1.0	0.0	0.0
206	p1	0.9	0.0	0.0
206	p2	0.8	0.0	0.0
206	protein1	444.85	7.9	2.0972222
206	protein2	495.25	8.6	1.9611093000000004
206	protein3	1182.95	19.75	1.88103825
206	r0	7.9	0.0	0.0
206	r1	7.65	0.0	0.0
206	rnapol	0.7	0.0	0.0
207	__protein1_rbs	4.85	0.0	0.0
207	__protein2_rbs	5.2	0.0	0.0
207	__protein3_rbs	12.25	0.0	0.0
207	__ribosome	30.35	0.0	0.0
207	__rnase_site_ext	18.65	0.0	0.0
207	p0	1.0	0.0	0.0
207	p1	0.8	0.0	0.0
207	p2	0.8	0.0	0.0
207	protein1	447.95	7.95	2.08295635
207	protein2	498.5	8.6	1.9970162000000005
207	protein3	1190.55	19.7	1.88687555
207	r0	7.8	0.0	0.0
207	r1	7.6	0.0	0.0
207	rnapol	0.8	0.0	0.0
208	__protein1_rbs	4.2	0.0	0.0
208	__protein2_rbs	5.3	0.0	0.0
208	__protein3_rbs	11.1	0.0	0.0
208	__ribosome	30.0	0.0	0.0
208	__rnase_site_ext	18.6	0.0	0.0
208	p0	0.9	0.0	0.0
208	p1	0.95	0.0	0.0
208	p2	0.8	0.0	0.0
208	protein1	451.2	7.8	2.14970235
208	protein2	502.05	8.7	1.9524131
208	protein3	1198.25	19.6	1.91715765
208	r0	7.75	0.0	0.0
208	r1	7.75	0.0	0.0
208	rnapol	0.85	0.0	0.0
209	__protein1_rbs	5.05	0.0	0.0
209	__protein2_rbs	4.85	0.0	0.0
209	__protein3_rbs	12.0	0.0	0.0
209	__ribosome	30.55	0.0	0.0
209	__rnase_site_ext	19.0	0.0	0.0
209	p0	0.75	0.0	0.0
209	p1	0.65	0.0	0.0
209	p2	0.65	0.0	0.0
209	protein1	454.65	7.8	2.0093651
209	protein2	505.25	8.65	1.9708256999999998
209	protein3	1205.15	19.45	1.9447168999999997
209	r0	7.85	0.0	0.0
209	r1	7.9	0.0	0.0
209	rnapol	0.6	0.0	0.0
210	__protein1_rbs	4.6	0.0	0.0
210	__protein2_rbs	5.15	0.0	0.0
210	__protein3_rbs	11.25	0.0	0.0
210	__ribosome	29.4	0.0	0.0
210	__rnase_site_ext	18.95	0.0	0.0
210	p0	1.0	0.0	0.0
210	p1	0.7	0.0	0.0
210	p2	0.65	0.0	0.0
210	protein1	457.65	7.85	1.9683332999999998
210	protein2	508.25	8.85	2.0167063
210	protein3	1212.25	19.55	1.9646845000000002
210	r0	8.05	0.0	0.0
210	r1	7.85	0.0	0.0
210	rnapol	0.75	0.0	0.0
211	__protein1_rbs	4.9	0.0	0.0
211	__protein2_rbs	5.35	0.0	0.0
211	__protein3_rbs	12.55	0.0	0.0
211	__ribosome	29.7	0.0	0.0
211	__rnase_site_ext	19.15	0.0	0.0
211	p0	0.9	0.0	0.0
211	p1	0.8	0.0	0.0
211	p2	0.7	0.0	0.0
211	protein1	460.3	8.05	1.95790585
211	protein2	511.9	8.8	1.96438665
211	protein3	1219.7	19.5	1.95665125
211	r0	8.1	0.0	0.0
211	r1	7.75	0.0	0.0
211	rnapol	0.65	0.0	0.0
212	__protein1_rbs	4.85	0.0	0.0
212	__protein2_rbs	5.9	0.0	0.0
212	__protein3_rbs	12.2	0.0	0.0
212	__ribosome	30.35	0.0	0.0
212	__rnase_site_ext	18.95	0.0	0.0
212	p0	0.85	0.0	0.0
212	p1	0.9	0.0	0.0
212	p2	0.7	0.0	0.0
212	protein1	463.5	8.1	1.97600285
212	protein2	515.35	8.8	1.91198955
212	protein3	1227.3	19.4	1.9701271
212	r0	8.2	0.0	0.0
212	r1	7.85	0.0	0.0
212	rnapol	0.7	0.0	0.0
213	__protein1_rbs	5.1	0.0	0.0
213	__protein2_rbs	5.3	0.0	0.0
213	__protein3_rbs	11.9	0.0	0.0
213	__ribosome	29.75	0.0	0.0
213	__rnase_site_ext	18.65	0.0	0.0
213	p0	0.9	0.0	0.0
213	p1	0.95	0.0	0.0
213	p2	0.85	0.0	0.0
213	protein1	466.8	8.25	1.89993505
213	protein2	518.4	8.85	1.9979022500000003
213	protein3	1234.45	19.45	1.962263
213	r0	8.1	0.0	0.0
213	r1	7.85	0.0	0.0
213	rnapol	0.65	0.0	0.0
214	__protein1_rbs	5.0	0.0	0.0
214	__protein2_rbs	5.05	0.0	0.0
214	__protein3_rbs	12.8	0.0	0.0
214	__ribosome	30.0	0.0	0.0
214	__rnase_site_ext	18.75	0.0	0.0
214	p0	0.95	0.0	0.0
214	p1	0.85	0.0	0.0
214	p2	0.55	0.0	0.0
214	protein1	469.4	8.15	1.97274895
214	protein2	522.2	8.7	2.01715915
214	protein3	1241.45	19.4	1.94868825
214	r0	8.15	0.0	0.0
214	r1	7.75	0.0	0.0
214	rnapol	0.5	0.0	0.0
215	__protein1_rbs	4.7	0.0	0.0
215	__protein2_rbs	5.05	0.0	0.0
215	__protein3_rbs	12.1	0.0	0.0
215	__ribosome	29.9	0.0	0.0
215	__rnase_site_ext	18.75	0.0	0.0
215	p0	1.0	0.0	0.0
215	p1	0.9	0.0	0.0
215	p2	0.6	0.0	0.0
215	protein1	472.5	8.15	2.00201845
215	protein2	525.8	8.8	2.01624815
215	protein3	1249.5	19.25	1.9498014000000008
215	r0	8.15	0.0	0.0
215	r1	7.65	0.0	0.0
215	rnapol	0.5	0.0	0.0
216	__protein1_rbs	5.3	0.0	0.0
216	__protein2_rbs	5.35	0.0	0.0
216	__protein3_rbs	11.95	0.0	0.0
216	__ribosome	29.95	0.0	0.0
216	__rnase_site_ext	18.7	0.0	0.0
216	p0	1.0	0.0	0.0
216	p1	0.9	0.0	0.0
216	p2	0.7	0.0	0.0
216	protein1	475.8	8.15	1.9016666
216	protein2	528.95	8.75	2.0481529999999997
216	protein3	1256.9	19.65	1.9213314
216	r0	8.0	0.0	0.0
216	r1	7.7	0.0	0.0
216	rnapol	0.55	0.0	0.0
217	__protein1_rbs	4.5	0.0	0.0
217	__protein2_rbs	5.7	0.0	0.0
217	__protein3_rbs	12.45	0.0	0.0
217	__ribosome	29.6	0.0	0.0
217	__rnase_site_ext	18.75	0.0	0.0
217	p0	0.9	0.0	0.0
217	p1	1.0	0.0	0.0
217	p2	0.75	0.0	0.0
217	protein1	478.65	8.0	2.02692265
217	protein2	531.9	8.8	2.05696785
217	protein3	1264.0	19.35	1.9303032500000004
217	r0	7.8	0.0	0.0
217	r1	8.05	0.0	0.0
217	rnapol	0.5	0.0	0.0
218	__protein1_rbs	4.25	0.0	0.0
218	__protein2_rbs	5.35	0.0	0.0
218	__protein3_rbs	10.85	0.0	0.0
218	__ribosome	29.1	0.0	0.0
218	__rnase_site_ext	18.25	0.0	0.0
218	p0	0.95	0.0	0.0
218	p1	0.85	0.0	0.0
218	p2	0.75	0.0	0.0
218	protein1	481.95	7.8	2.1108869
218	protein2	535.65	8.75	2.0191107
218	protein3	1271.4	19.25	1.9826797
218	r0	7.8	0.0	0.0
218	r1	8.05	0.0	0.0
218	rnapol	0.65	0.0	0.0
219	__protein1_rbs	4.8	0.0	0.0
219	__protein2_rbs	5.6	0.0	0.0
219	__protein3_rbs	12.7	0.0	0.0
219	__ribosome	30.55	0.0	0.0
219	__rnase_site_ext	18.3	0.0	0.0
219	p0	1.0	0.0	0.0
219	p1	0.55	0.0	0.0
219	p2	0.65	0.0	0.0
219	protein1	485.1	7.75	2.1191531500000003
219	protein2	538.9	8.65	2.03210125
219	protein3	1278.3	19.3	1.92465655
219	r0	7.7	0.0	0.0
219	r1	8.15	0.0	0.0
219	rnapol	0.7	0.0	0.0
220	__protein1_rbs	4.65	0.0	0.0
220	__protein2_rbs	5.1	0.0	0.0
220	__protein3_rbs	11.5	0.0	0.0
220	__ribosome	31.1	0.0	0.0
220	__rnase_site_ext	18.2	0.0	0.0
220	p0	0.95	0.0	0.0
220	p1	0.8	0.0	0.0
220	p2	0.75	0.0	0.0
220	protein1	488.35	7.65	2.11302855
220	protein2	542.7	8.9	1.9204167
220	protein3	1285.7	19.3	1.9325274
220	r0	7.6	0.0	0.0
220	r1	8.05	0.0	0.0
220	rnapol	0.75	0.0	0.0
221	__protein1_rbs	4.65	0.0	0.0
221	__protein2_rbs	5.65	0.0	0.0
221	__protein3_rbs	10.35	0.0	0.0
221	__ribosome	30.6	0.0	0.0
221	__rnase_site_ext	18.5	0.0	0.0
221	p0	0.85	0.0	0.0
221	p1	0.7	0.0	0.0
221	p2	0.85	0.0	0.0
221	protein1	491.3	7.6	2.12894845
221	protein2	546.1	8.95	1.8366442
221	protein3	1293.6	19.45	1.96982265
221	r0	7.65	0.0	0.0
221	r1	8.1	0.0	0.0
221	rnapol	0.75	0.0	0.0
222	__protein1_rbs	5.1	0.0	0.0
222	__protein2_rbs	5.8	0.0	0.0
222	__protein3_rbs	12.0	0.0	0.0
222	__ribosome	30.4	0.0	0.0
222	__rnase_site_ext	18.5	0.0	0.0
222	p0	0.95	0.0	0.0
222	p1	0.9	0.0	0.0
222	p2	0.75	0.0	0.0
222	protein1	494.3	7.65	2.026627
222	protein2	549.0	9.1	1.8131926
222	protein3	1300.2	19.5	1.9869352999999998
222	r0	7.8	0.0	0.0
222	r1	8.15	0.0	0.0
222	rnapol	0.85	0.0	0.0
223	__protein1_rbs	5.0	0.0	0.0
223	__protein2_rbs	5.8	0.0	0.0
223	__protein3_rbs	12.75	0.0	0.0
223	__ribosome	32.65	0.0	0.0
223	__rnase_site_ext	19.0	0.0	0.0
223	p0	0.8	0.0	0.0
223	p1	0.8	0.0	0.0
223	p2	0.7	0.0	0.0
223	protein1	497.75	7.8	1.9052490500000008
223	protein2	552.75	9.1	1.7808189
223	protein3	1307.75	19.55	1.92616865
223	r0	7.75	0.0	0.0
223	r1	8.05	0.0	0.0
223	rnapol	0.55	0.0	0.0
224	__protein1_rbs	4.9	0.0	0.0
224	__protein2_rbs	6.2	0.0	0.0
224	__protein3_rbs	11.65	0.0	0.0
224	__ribosome	31.9	0.0	0.0
224	__rnase_site_ext	18.75	0.0	0.0
224	p0	1.0	0.0	0.0
224	p1	0.95	0.0	0.0
224	p2	0.9	0.0	0.0
224	protein1	500.55	7.75	1.8898954
224	protein2	555.3	9.1	1.79249465
224	protein3	1314.95	19.7	1.95185215
224	r0	7.9	0.0	0.0
224	r1	8.05	0.0	0.0
224	rnapol	0.7	0.0	0.0
225	__protein1_rbs	5.1	0.0	0.0
225	__protein2_rbs	5.9	0.0	0.0
225	__protein3_rbs	12.55	0.0	0.0
225	__ribosome	31.5	0.0	0.0
225	__rnase_site_ext	18.9	0.0	0.0
225	p0	0.7	0.0	0.0
225	p1	1.0	0.0	0.0
225	p2	0.85	0.0	0.0
225	protein1	503.45	7.9	1.83114725
225	protein2	558.6	9.1	1.79560975
225	protein3	1321.3	19.6	1.9968018
225	r0	7.9	0.0	0.0
225	r1	8.15	0.0	0.0
225	rnapol	0.45	0.0	0.0
226	__protein1_rbs	4.7	0.0	0.0
226	__protein2_rbs	5.7	0.0	0.0
226	__protein3_rbs	12.35	0.0	0.0
226	__ribosome	33.1	0.0	0.0
226	__rnase_site_ext	18.85	0.0	0.0
226	p0	0.95	0.0	0.0
226	p1	0.9	0.0	0.0
226	p2	0.7	0.0	0.0
226	protein1	506.2	7.9	1.83356965
226	protein2	561.9	9.0	1.8363672500000003
226	protein3	1330.35	19.55	1.89277025
226	r0	8.15	0.0	0.0
226	r1	8.15	0.0	0.0
226	rnapol	0.65	0.0	0.0
227	__protein1_rbs	4.95	0.0	0.0
227	__protein2_rbs	5.75	0.0	0.0
227	__protein3_rbs	11.95	0.0	0.0
227	__ribosome	32.6	0.0	0.0
227	__rnase_site_ext	19.05	0.0	0.0
227	p0	0.95	0.0	0.0
227	p1	0.8	0.0	0.0
227	p2	0.6	0.0	0.0
227	protein1	508.9	8.15	1.83093065
227	protein2	565.3	9.0	1.83800875
227	protein3	1337.6	19.45	1.91417105
227	r0	8.1	0.0	0.0
227	r1	7.95	0.0	0.0
227	rnapol	0.75	0.0	0.0
228	__protein1_rbs	5.15	0.0	0.0
228	__protein2_rbs	5.55	0.0	0.0
228	__protein3_rbs	12.25	0.0	0.0
228	__ribosome	31.7	0.0	0.0
228	__rnase_site_ext	19.15	0.0	0.0
228	p0	0.8	0.0	0.0
228	p1	0.95	0.0	0.0
228	p2	0.7	0.0	0.0
228	protein1	511.65	8.05	1.8806674
228	protein2	568.3	9.05	1.85481425
228	protein3	1344.7	19.7	1.91981295
228	r0	8.0	0.0	0.0
228	r1	8.0	0.0	0.0
228	rnapol	0.65	0.0	0.0
229	__protein1_rbs	4.7	0.0	0.0
229	__protein2_rbs	5.45	0.0	0.0
229	__protein3_rbs	12.0	0.0	0.0
229	__ribosome	30.45	0.0	0.0
229	__rnase_site_ext	19.25	0.0	0.0
229	p0	1.0	0.0	0.0
229	p1	1.0	0.0	0.0
229	p2	0.75	0.0	0.0
229	protein1	514.45	8.0	1.9405754
229	protein2	571.75	9.05	1.87115085
229	protein3	1351.85	19.8	1.9404607
229	r0	8.3	0.0	0.0
229	r1	8.1	0.0	0.0
229	rnapol	0.55	0.0	0.0
230	__protein1_rbs	5.2	0.0	0.0
230	__protein2_rbs	5.8	0.0	0.0
230	__protein3_rbs	12.35	0.0	0.0
230	__ribosome	29.9	0.0	0.0
230	__rnase_site_ext	19.15	0.0	0.0
230	p0	1.0	0.0	0.0
230	p1	0.8	0.0	0.0
230	p2	0.8	0.0	0.0
230	protein1	517.2	8.25	1.9372926000000004
230	protein2	574.85	9.0	1.88850465
230	protein3	1359.15	19.9	1.95480285
230	r0	8.25	0.0	0.0
230	r1	8.0	0.0	0.0
230	rnapol	0.7	0.0	0.0
231	__protein1_rbs	5.1	0.0	0.0
231	__protein2_rbs	5.55	0.0	0.0
231	__protein3_rbs	12.8	0.0	0.0
231	__ribosome	30.0	0.0	0.0
231	__rnase_site_ext	19.15	0.0	0.0
231	p0	0.95	0.0	0.0
231	p1	0.7	0.0	0.0
231	p2	0.8	0.0	0.0
231	protein1	520.2	8.25	1.9575938
231	protein2	577.9	8.95	1.9575505000000004
231	protein3	1366.9	19.95	1.9112444
231	r0	8.1	0.0	0.0
231	r1	8.15	0.0	0.0
231	rnapol	0.8	0.0	0.0
232	__protein1_rbs	5.15	0.0	0.0
232	__protein2_rbs	5.85	0.0	0.0
232	__protein3_rbs	13.0	0.0	0.0
232	__ribosome	30.05	0.0	0.0
232	__rnase_site_ext	19.35	0.0	0.0
232	p0	0.95	0.0	0.0
232	p1	0.8	0.0	0.0
232	p2	0.9	0.0	0.0
232	protein1	523.2	8.1	2.04150075
232	protein2	581.3	9.1	1.88918655
232	protein3	1374.2	20.05	1.91250335
232	r0	8.15	0.0	0.0
232	r1	7.9	0.0	0.0
232	rnapol	0.85	0.0	0.0
233	__protein1_rbs	5.25	0.0	0.0
233	__protein2_rbs	5.5	0.0	0.0
233	__protein3_rbs	12.2	0.0	0.0
233	__ribosome	30.35	0.0	0.0
233	__rnase_site_ext	19.25	0.0	0.0
233	p0	0.9	0.0	0.0
233	p1	0.8	0.0	0.0
233	p2	0.9	0.0	0.0
233	protein1	526.25	8.15	1.9552092500000005
233	protein2	585.0	9.0	1.9213546500000005
233	protein3	1381.6	20.1	1.90947445
233	r0	8.2	0.0	0.0
233	r1	8.1	0.0	0.0
233	rnapol	0.7	0.0	0.0
234	__protein1_rbs	5.2	0.0	0.0
234	__protein2_rbs	5.6	0.0	0.0
234	__protein3_rbs	12.0	0.0	0.0
234	__ribosome	30.5	0.0	0.0
234	__rnase_site_ext	19.0	0.0	0.0
234	p0	0.9	0.0	0.0
234	p1	0.7	0.0	0.0
234	p2	0.8	0.0	0.0
234	protein1	529.25	8.2	1.92017315
234	protein2	588.9	9.1	1.81840185
234	protein3	1389.3	20.15	1.9186819
234	r0	8.2	0.0	0.0
234	r1	8.1	0.0	0.0
234	rnapol	0.95	0.0	0.0
235	__protein1_rbs	5.15	0.0	0.0
235	__protein2_rbs	5.9	0.0	0.0
235	__protein3_rbs	13.65	0.0	0.0
235	__ribosome	31.4	0.0	0.0
235	__rnase_site_ext	19.25	0.0	0.0
235	p0	0.8	0.0	0.0
235	p1	0.7	0.0	0.0
235	p2	0.75	0.0	0.0
235	protein1	532.25	8.25	1.8472385
235	protein2	592.05	9.2	1.8184812000000004
235	protein3	1396.2	19.9	1.90484715
235	r0	8.25	0.0	0.0
235	r1	8.1	0.0	0.0
235	rnapol	0.65	0.0	0.0
236	__protein1_rbs	5.15	0.0	0.0
236	__protein2_rbs	5.55	0.0	0.0
236	__protein3_rbs	12.55	0.0	0.0
236	__ribosome	30.75	0.0	0.0
236	__rnase_site_ext	19.2	0.0	0.0
236	p0	0.95	0.0	0.0
236	p1	0.8	0.0	0.0
236	p2	0.8	0.0	0.0
236	protein1	535.6	8.25	1.8527291000000001
236	protein2	594.8	9.15	1.91692465
236	protein3	1403.9	20.0	1.8896425
236	r0	8.25	0.0	0.0
236	r1	8.15	0.0	0.0
236	rnapol	0.8	0.0	0.0
237	__protein1_rbs	5.55	0.0	0.0
237	__protein2_rbs	5.6	0.0	0.0
237	__protein3_rbs	11.8	0.0	0.0
237	__ribosome	30.05	0.0	0.0
237	__rnase_site_ext	19.25	0.0	0.0
237	p0	1.0	0.0	0.0
237	p1	0.85	0.0	0.0
237	p2	0.85	0.0	0.0
237	protein1	538.6	8.25	1.8209816000000003
237	protein2	598.6	9.1	1.94507755
237	protein3	1410.8	19.9	1.9533113999999998
237	r0	8.25	0.0	0.0
237	r1	8.3	0.0	0.0
237	rnapol	0.85	0.0	0.0
238	__protein1_rbs	4.7	0.0	0.0
238	__protein2_rbs	5.75	0.0	0.0
238	__protein3_rbs	12.65	0.0	0.0
238	__ribosome	29.8	0.0	0.0
238	__rnase_site_ext	19.2	0.0	0.0
238	p0	0.9	0.0	0.0
238	p1	0.75	0.0	0.0
238	p2	0.65	0.0	0.0
238	protein1	541.3	8.25	1.96574675
238	protein2	601.6	9.1	2.02186945
238	protein3	1419.1	20.1	1.8910371
238	r0	8.05	0.0	0.0
238	r1	8.1	0.0	0.0
238	rnapol	0.7	0.0	0.0
239	__protein1_rbs	4.85	0.0	0.0
239	__protein2_rbs	5.55	0.0	0.0
239	__protein3_rbs	12.3	0.0	0.0
239	__ribosome	28.15	0.0	0.0
239	__rnase_site_ext	19.2	0.0	0.0
239	p0	0.9	0.0	0.0
239	p1	0.8	0.0	0.0
239	p2	0.8	0.0	0.0
239	protein1	544.35	8.05	2.0443912
239	protein2	604.75	9.0	2.0701587000000004
239	protein3	1426.1	20.05	1.9689459
239	r0	8.05	0.0	0.0
239	r1	8.1	0.0	0.0
239	rnapol	0.6	0.0	0.0
240	__protein1_rbs	5.25	0.0	0.0
240	__protein2_rbs	6.85	0.0	0.0
240	__protein3_rbs	12.6	0.0	0.0
240	__ribosome	29.15	0.0	0.0
240	__rnase_site_ext	19.4	0.0	0.0
240	p0	0.85	0.0	0.0
240	p1	0.85	0.0	0.0
240	p2	0.65	0.0	0.0
240	protein1	547.55	8.1	1.9604633
240	protein2	608.3	9.15	1.8734307500000005
240	protein3	1432.7	20.3	1.9588368
240	r0	8.05	0.0	0.0
240	r1	8.15	0.0	0.0
240	rnapol	0.35	0.0	0.0
241	__protein1_rbs	4.55	0.0	0.0
241	__protein2_rbs	5.95	0.0	0.0
241	__protein3_rbs	12.35	0.0	0.0
241	__ribosome	29.15	0.0	0.0
241	__rnase_site_ext	19.25	0.0	0.0
241	p0	0.9	0.0	0.0
241	p1	0.85	0.0	0.0
241	p2	0.7	0.0	0.0
241	protein1	550.3	8.1	2.0468745000000004
241	protein2	612.15	9.15	1.7843524999999996
241	protein3	1440.6	20.2	1.96696185
241	r0	8.2	0.0	0.0
241	r1	8.25	0.0	0.0
241	rnapol	0.35	0.0	0.0
242	__protein1_rbs	5.35	0.0	0.0
242	__protein2_rbs	5.9	0.0	0.0
242	__protein3_rbs	10.95	0.0	0.0
242	__ribosome	28.0	0.0	0.0
242	__rnase_site_ext	19.25	0.0	0.0
242	p0	0.95	0.0	0.0
242	p1	0.85	0.0	0.0
242	p2	0.55	0.0	0.0
242	protein1	553.35	8.2	1.9840408
242	protein2	615.1	9.1	1.848667
242	protein3	1448.3	20.15	2.01059765
242	r0	8.15	0.0	0.0
242	r1	8.25	0.0	0.0
242	rnapol	0.35	0.0	0.0
243	__protein1_rbs	5.25	0.0	0.0
243	__protein2_rbs	5.4	0.0	0.0
243	__protein3_rbs	13.3	0.0	0.0
243	__ribosome	29.8	0.0	0.0
243	__rnase_site_ext	18.85	0.0	0.0
243	p0	1.0	0.0	0.0
243	p1	0.85	0.0	0.0
243	p2	0.65	0.0	0.0
243	protein1	556.7	8.15	1.89079325
243	protein2	618.6	9.1	1.8451190500000003
243	protein3	1455.65	20.2	1.96153145
243	r0	8.15	0.0	0.0
243	r1	8.3	0.0	0.0
243	rnapol	0.55	0.0	0.0
244	__protein1_rbs	5.2	0.0	0.0
244	__protein2_rbs	5.55	0.0	0.0
244	__protein3_rbs	12.55	0.0	0.0
244	__ribosome	29.75	0.0	0.0
244	__rnase_site_ext	18.8	0.0	0.0
244	p0	0.95	0.0	0.0
244	p1	0.75	0.0	0.0
244	p2	0.7	0.0	0.0
244	protein1	559.65	8.15	1.84734275
244	protein2	621.85	9.05	1.87956535
244	protein3	1463.25	20.25	1.9507095
244	r0	8.0	0.0	0.0
244	r1	8.3	0.0	0.0
244	rnapol	0.4	0.0	0.0
245	__protein1_rbs	5.65	0.0	0.0
245	__protein2_rbs	5.35	0.0	0.0
245	__protein3_rbs	12.65	0.0	0.0
245	__ribosome	29.75	0.0	0.0
245	__rnase_site_ext	18.6	0.0	0.0
245	p0	0.85	0.0	0.0
245	p1	0.75	0.0	0.0
245	p2	0.75	0.0	0.0
245	protein1	562.6	8.0	1.8287537
245	protein2	624.85	9.15	1.93787705
245	protein3	1470.9	20.35	1.9315006000000003
245	r0	7.95	0.0	0.0
245	r1	8.2	0.0	0.0
245	rnapol	0.5	0.0	0.0
246	__protein1_rbs	4.65	0.0	0.0
246	__protein2_rbs	5.95	0.0	0.0
246	__protein3_rbs	12.65	0.0	0.0
246	__ribosome	30.5	0.0	0.0
246	__rnase_site_ext	18.8	0.0	0.0
246	p0	0.9	0.0	0.0
246	p1	0.9	0.0	0.0
246	p2	0.75	0.0	0.0
246	protein1	566.05	7.95	1.8502417
246	protein2	628.4	9.25	1.8698294000000004
246	protein3	1478.95	20.15	1.9290074
246	r0	8.0	0.0	0.0
246	r1	8.15	0.0	0.0
246	rnapol	0.75	0.0	0.0
247	__protein1_rbs	5.35	0.0	0.0
247	__protein2_rbs	5.6	0.0	0.0
247	__protein3_rbs	12.85	0.0	0.0
247	__ribosome	30.0	0.0	0.0
247	__rnase_site_ext	18.95	0.0	0.0
247	p0	1.0	0.0	0.0
247	p1	0.95	0.0	0.0
247	p2	0.7	0.0	0.0
247	protein1	568.6	8.0	1.88095235
247	protein2	630.75	9.3	2.00188605
247	protein3	1487.05	20.15	1.87966595
247	r0	8.1	0.0	0.0
247	r1	8.25	0.0	0.0
247	rnapol	0.7	0.0	0.0
248	__protein1_rbs	4.8	0.0	0.0
248	__protein2_rbs	5.9	0.0	0.0
248	__protein3_rbs	13.3	0.0	0.0
248	__ribosome	30.8	0.0	0.0
248	__rnase_site_ext	18.95	0.0	0.0
248	p0	0.95	0.0	0.0
248	p1	0.75	0.0	0.0
248	p2	0.65	0.0	0.0
248	protein1	571.65	8.1	1.92888165
248	protein2	634.65	9.2	1.9594810499999995
248	protein3	1494.7	20.25	1.8307745
248	r0	7.95	0.0	0.0
248	r1	8.35	0.0	0.0
248	rnapol	0.7	0.0	0.0
249	__protein1_rbs	4.75	0.0	0.0
249	__protein2_rbs	5.5	0.0	0.0
249	__protein3_rbs	12.3	0.0	0.0
249	__ribosome	29.8	0.0	0.0
249	__rnase_site_ext	18.9	0.0	0.0
249	p0	0.95	0.0	0.0
249	p1	0.75	0.0	0.0
249	p2	0.75	0.0	0.0
249	protein1	574.65	8.0	1.9427526000000002
249	protein2	637.8	9.25	1.96840315
249	protein3	1501.85	20.35	1.8551018000000004
249	r0	8.0	0.0	0.0
249	r1	8.3	0.0	0.0
249	rnapol	0.65	0.0	0.0
250	__protein1_rbs	4.95	0.0	0.0
250	__protein2_rbs	5.15	0.0	0.0
250	__protein3_rbs	12.8	0.0	0.0
250	__ribosome	28.85	0.0	0.0
250	__rnase_site_ext	17.6	0.0	0.0
250	p0	0.9	0.0	0.0
250	p1	0.8	0.0	0.0
250	p2	0.7	0.0	0.0
250	protein1	548.1	7.55	1.86554115
250	protein2	613.85	8.95	1.83470185
250	protein3	1422.4	19.2	1.7531931500000002
250	r0	7.55	0.0	0.0
250	r1	7.95	0.0	0.0
250	rnapol	0.85	0.0	0.0
