time	species	protein	transcript	ribo_density
0	__protein1_rbs	0.0	0.0	0.0
0	__protein2_rbs	0.0	0.0	0.0
0	__protein3_rbs	0.0	0.0	0.0
0	__ribosome	100.0	0.0	0.0
0	__rnase_site_ext	0.0	0.0	0.0
0	p0	1.0	0.0	0.0
0	p1	1.0	0.0	0.0
0	p2	1.0	0.0	0.0
0	r0	0.0	0.0	0.0
0	r1	0.0	0.0	0.0
0	r2	0.0	0.0	0.0
0	rnapol	4.0	0.0	0.0
1	__protein1_rbs	0.0	0.0	0.0
1	__protein2_rbs	0.0	0.0	0.0
1	__protein3_rbs	0.0	0.0	0.0
1	__ribosome	100.0	0.0	0.0
1	__rnase_site_ext	1.25	0.0	0.0
1	p0	0.5	0.0	0.0
1	p1	1.0	0.0	0.0
1	p2	0.4	0.0	0.0
1	r0	0.0	0.0	0.0
1	r1	0.0	0.0	0.0
1	r2	0.0	0.0	0.0
1	rnapol	2.55	0.0	0.0
2	__protein1_rbs	0.05	0.0	0.0
2	__protein2_rbs	0.0	0.0	0.0
2	__protein3_rbs	0.45	0.0	0.0
2	__ribosome	99.85	0.0	0.0
2	__rnase_site_ext	1.85	0.0	0.0
2	p0	0.85	0.0	0.0
2	p1	1.0	0.0	0.0
2	p2	0.5	0.0	0.0
2	protein1	0.0	0.05	0.0
2	protein3	0.0	0.6	0.15
2	r0	0.5	0.0	0.0
2	r1	0.0	0.0	0.0
2	r2	0.0	0.0	0.0
2	rnapol	1.9	0.0	0.0
3	__protein1_rbs	0.25	0.0	0.0
3	__protein2_rbs	0.0	0.0	0.0
3	__protein3_rbs	0.25	0.0	0.0
3	__ribosome	98.8	0.0	0.0
3	__rnase_site_ext	2.85	0.0	0.0
3	p0	0.55	0.0	0.0
3	p1	0.95	0.0	0.0
3	p2	0.55	0.0	0.0
3	protein1	0.0	0.55	0.275
3	protein3	0.0	1.05	0.825
3	r0	0.7	0.0	0.0
3	r1	0.0	0.0	0.0
3	r2	0.0	0.0	0.0
3	rnapol	0.85	0.0	0.0
4	__protein1_rbs	0.2	0.0	0.0
4	__protein2_rbs	0.0	0.0	0.0
4	__protein3_rbs	0.5	0.0	0.0
4	__ribosome	97.15	0.0	0.0
4	__rnase_site_ext	3.25	0.0	0.0
4	p0	0.8	0.0	0.0
4	p1	1.0	0.0	0.0
4	p2	0.65	0.0	0.0
4	protein1	0.0	0.65	0.65
4	protein2	0.0	0.05	0.05
4	protein3	0.0	1.75	1.29166665
4	r0	1.1	0.0	0.0
4	r1	0.0	0.0	0.0
4	r2	0.0	0.0	0.0
4	rnapol	0.3	0.0	0.0
5	__protein1_rbs	0.35	0.0	0.0
5	__protein2_rbs	0.05	0.0	0.0
5	__protein3_rbs	0.9	0.0	0.0
5	__ribosome	95.25	0.0	0.0
5	__rnase_site_ext	3.6	0.0	0.0
5	p0	1.0	0.0	0.0
5	p1	1.0	0.0	0.0
5	p2	0.9	0.0	0.0
5	protein1	0.0	1.1	0.96666665
5	protein2	0.0	0.05	0.05
5	protein3	0.0	1.95	1.6833333
5	r0	1.3	0.0	0.0
5	r1	0.0	0.0	0.0
5	r2	0.0	0.0	0.0
5	rnapol	0.2	0.0	0.0
6	__protein1_rbs	0.35	0.0	0.0
6	__protein2_rbs	0.0	0.0	0.0
6	__protein3_rbs	0.65	0.0	0.0
6	__ribosome	92.95	0.0	0.0
6	__rnase_site_ext	3.6	0.0	0.0
6	p0	1.0	0.0	0.0
6	p1	1.0	0.0	0.0
6	p2	0.95	0.0	0.0
6	protein1	0.0	1.3	1.34166665
6	protein2	0.0	0.05	0.1
6	protein3	0.0	2.2	2.20833335
6	r0	1.3	0.0	0.0
6	r1	0.0	0.0	0.0
6	r2	0.0	0.0	0.0
6	rnapol	0.2	0.0	0.0
7	__protein1_rbs	0.2	0.0	0.0
7	__protein2_rbs	0.0	0.0	0.0
7	__protein3_rbs	0.45	0.0	0.0
7	__ribosome	90.25	0.0	0.0
7	__rnase_site_ext	3.65	0.0	0.0
7	p0	0.95	0.0	0.0
7	p1	1.0	0.0	0.0
7	p2	0.95	0.0	0.0
7	protein1	0.0	1.3	2.05833335
7	protein2	0.0	0.05	0.15
7	protein3	0.15	2.3	2.80416665
7	r0	1.3	0.0	0.0
7	r1	0.0	0.0	0.0
7	r2	0.0	0.0	0.0
7	rnapol	0.2	0.0	0.0
8	__protein1_rbs	0.45	0.0	0.0
8	__protein2_rbs	0.0	0.0	0.0
8	__protein3_rbs	0.8	0.0	0.0
8	__ribosome	88.75	0.0	0.0
8	__rnase_site_ext	3.75	0.0	0.0
8	p0	0.85	0.0	0.0
8	p1	1.0	0.0	0.0
8	p2	0.95	0.0	0.0
8	protein1	0.2	1.3	2.425
8	protein2	0.0	0.05	0.2
8	protein3	0.7	2.25	3.19166665
8	r0	1.35	0.0	0.0
8	r1	0.05	0.0	0.0
8	r2	0.0	0.0	0.0
8	rnapol	0.5	0.0	0.0
9	__protein1_rbs	0.65	0.0	0.0
9	__protein2_rbs	0.05	0.0	0.0
9	__protein3_rbs	0.55	0.0	0.0
9	__ribosome	88.3	0.0	0.0
9	__rnase_site_ext	4.1	0.0	0.0
9	p0	0.85	0.0	0.0
9	p1	1.0	0.0	0.0
9	p2	0.75	0.0	0.0
9	protein1	0.75	1.35	2.475
9	protein2	0.05	0.05	0.15
9	protein3	1.85	2.25	3.4291667
9	r0	1.55	0.0	0.0
9	r1	0.5	0.0	0.0
9	r2	0.0	0.0	0.0
9	rnapol	0.6	0.0	0.0
10	__protein1_rbs	0.85	0.0	0.0
10	__protein2_rbs	0.05	0.0	0.0
10	__protein3_rbs	0.5	0.0	0.0
10	__ribosome	87.85	0.0	0.0
10	__rnase_site_ext	4.45	0.0	0.0
10	p0	0.9	0.0	0.0
10	p1	0.85	0.0	0.0
10	p2	0.65	0.0	0.0
10	protein1	1.5	1.55	2.2333333
10	protein2	0.05	0.05	0.15
10	protein3	2.9	2.25	inf
10	r0	1.65	0.0	0.0
10	r1	0.8	0.0	0.0
10	r2	0.05	0.0	0.0
10	rnapol	0.85	0.0	0.0
11	__protein1_rbs	0.45	0.0	0.0
11	__protein2_rbs	0.05	0.0	0.0
11	__protein3_rbs	1.0	0.0	0.0
11	__ribosome	87.55	0.0	0.0
11	__rnase_site_ext	4.95	0.0	0.0
11	p0	0.8	0.0	0.0
11	p1	0.4	0.0	0.0
11	p2	0.75	0.0	0.0
11	protein1	2.25	1.7	2.54999995
11	protein2	0.1	0.1	0.15
11	protein3	4.6	2.55	inf
11	r0	1.8	0.0	0.0
11	r1	0.95	0.0	0.0
11	r2	0.05	0.0	0.0
11	rnapol	0.5	0.0	0.0
12	__protein1_rbs	0.85	0.0	0.0
12	__protein2_rbs	0.4	0.0	0.0
12	__protein3_rbs	0.75	0.0	0.0
12	__ribosome	87.25	0.0	0.0
12	__rnase_site_ext	5.4	0.0	0.0
12	p0	0.9	0.0	0.0
12	p1	0.65	0.0	0.0
12	p2	0.65	0.0	0.0
12	protein1	3.15	1.8	2.2916667
12	protein2	0.15	0.45	0.125
12	protein3	6.2	3.0	inf
12	r0	2.0	0.0	0.0
12	r1	1.2	0.0	0.0
12	r2	0.05	0.0	0.0
12	rnapol	0.25	0.0	0.0
13	__protein1_rbs	0.45	0.0	0.0
13	__protein2_rbs	0.25	0.0	0.0
13	__protein3_rbs	1.1	0.0	0.0
13	__ribosome	85.15	0.0	0.0
13	__rnase_site_ext	5.6	0.0	0.0
13	p0	0.95	0.0	0.0
13	p1	0.65	0.0	0.0
13	p2	0.9	0.0	0.0
13	protein1	3.95	2.0	2.6458333
13	protein2	0.2	0.75	0.525
13	protein3	7.35	3.2	inf
13	r0	2.1	0.0	0.0
13	r1	1.35	0.0	0.0
13	r2	0.05	0.0	0.0
13	rnapol	0.3	0.0	0.0
14	__protein1_rbs	0.9	0.0	0.0
14	__protein2_rbs	0.55	0.0	0.0
14	__protein3_rbs	1.5	0.0	0.0
14	__ribosome	83.95	0.0	0.0
14	__rnase_site_ext	5.75	0.0	0.0
14	p0	0.85	0.0	0.0
14	p1	0.45	0.0	0.0
14	p2	0.95	0.0	0.0
14	protein1	4.85	2.1	2.60833335
14	protein2	0.2	1.0	0.825
14	protein3	8.8	3.45	inf
14	r0	2.15	0.0	0.0
14	r1	1.35	0.0	0.0
14	r2	0.05	0.0	0.0
14	rnapol	0.1	0.0	0.0
15	__protein1_rbs	0.6	0.0	0.0
15	__protein2_rbs	0.5	0.0	0.0
15	__protein3_rbs	1.0	0.0	0.0
15	__ribosome	81.65	0.0	0.0
15	__rnase_site_ext	5.75	0.0	0.0
15	p0	0.95	0.0	0.0
15	p1	0.7	0.0	0.0
15	p2	1.0	0.0	0.0
15	protein1	5.65	2.15	2.9833333
15	protein2	0.2	1.2	1.26666665
15	protein3	10.4	3.45	inf
15	r0	2.25	0.0	0.0
15	r1	1.45	0.0	0.0
15	r2	0.05	0.0	0.0
15	rnapol	0.1	0.0	0.0
16	__protein1_rbs	0.6	0.0	0.0
16	__protein2_rbs	0.5	0.0	0.0
16	__protein3_rbs	1.6	0.0	0.0
16	__ribosome	80.2	0.0	0.0
16	__rnase_site_ext	5.75	0.0	0.0
16	p0	0.95	0.0	0.0
16	p1	0.95	0.0	0.0
16	p2	0.9	0.0	0.0
16	protein1	6.7	2.25	3.07916665
16	protein2	0.2	1.4	1.78333335
16	protein3	12.05	3.45	2.89999995
16	r0	2.3	0.0	0.0
16	r1	1.6	0.0	0.0
16	r2	0.05	0.0	0.0
16	rnapol	0.15	0.0	0.0
17	__protein1_rbs	0.85	0.0	0.0
17	__protein2_rbs	0.5	0.0	0.0
17	__protein3_rbs	1.2	0.0	0.0
17	__ribosome	79.05	0.0	0.0
17	__rnase_site_ext	5.8	0.0	0.0
17	p0	0.9	0.0	0.0
17	p1	0.9	0.0	0.0
17	p2	0.95	0.0	0.0
17	protein1	8.0	2.3	3.0625000000000004
17	protein2	0.35	1.45	2.225
17	protein3	13.85	3.35	3.0025000000000004
17	r0	2.3	0.0	0.0
17	r1	1.8	0.0	0.0
17	r2	0.1	0.0	0.0
17	rnapol	0.3	0.0	0.0
18	__protein1_rbs	0.85	0.0	0.0
18	__protein2_rbs	0.6	0.0	0.0
18	__protein3_rbs	1.3	0.0	0.0
18	__ribosome	77.9	0.0	0.0
18	__rnase_site_ext	5.8	0.0	0.0
18	p0	1.0	0.0	0.0
18	p1	0.75	0.0	0.0
18	p2	0.8	0.0	0.0
18	protein1	9.2	2.3	3.28750005
18	protein2	0.65	1.5	2.5166666500000003
18	protein3	15.6	3.45	3.04
18	r0	2.45	0.0	0.0
18	r1	1.85	0.0	0.0
18	r2	0.35	0.0	0.0
18	rnapol	0.65	0.0	0.0
19	__protein1_rbs	1.1	0.0	0.0
19	__protein2_rbs	0.6	0.0	0.0
19	__protein3_rbs	1.4	0.0	0.0
19	__ribosome	78.0	0.0	0.0
19	__rnase_site_ext	5.85	0.0	0.0
19	p0	0.95	0.0	0.0
19	p1	0.65	0.0	0.0
19	p2	0.35	0.0	0.0
19	protein1	10.6	2.45	2.9374999500000003
19	protein2	1.25	1.65	2.575
19	protein3	17.7	3.3	3.1416667
19	r0	2.45	0.0	0.0
19	r1	2.05	0.0	0.0
19	r2	0.7	0.0	0.0
19	rnapol	0.6	0.0	0.0
20	__protein1_rbs	0.9	0.0	0.0
20	__protein2_rbs	0.8	0.0	0.0
20	__protein3_rbs	1.2	0.0	0.0
20	__ribosome	77.0	0.0	0.0
20	__rnase_site_ext	6.1	0.0	0.0
20	p0	0.9	0.0	0.0
20	p1	0.9	0.0	0.0
20	p2	0.5	0.0	0.0
20	protein1	11.75	2.45	3.1125000000000003
20	protein2	1.95	1.9	2.5166666
20	protein3	19.75	3.4	3.1208333500000003
20	r0	2.5	0.0	0.0
20	r1	2.15	0.0	0.0
20	r2	0.9	0.0	0.0
20	rnapol	0.6	0.0	0.0
21	__protein1_rbs	0.95	0.0	0.0
21	__protein2_rbs	0.8	0.0	0.0
21	__protein3_rbs	1.25	0.0	0.0
21	__ribosome	75.9	0.0	0.0
21	__rnase_site_ext	6.35	0.0	0.0
21	p0	0.8	0.0	0.0
21	p1	0.8	0.0	0.0
21	p2	0.5	0.0	0.0
21	protein1	13.15	2.45	3.04166665
21	protein2	2.75	2.0	2.61666665
21	protein3	21.5	3.9	3.0514286
21	r0	2.6	0.0	0.0
21	r1	2.2	0.0	0.0
21	r2	1.2	0.0	0.0
21	rnapol	0.25	0.0	0.0
22	__protein1_rbs	0.9	0.0	0.0
22	__protein2_rbs	0.8	0.0	0.0
22	__protein3_rbs	1.5	0.0	0.0
22	__ribosome	74.75	0.0	0.0
22	__rnase_site_ext	6.45	0.0	0.0
22	p0	0.95	0.0	0.0
22	p1	0.9	0.0	0.0
22	p2	0.65	0.0	0.0
22	protein1	14.45	2.55	3.1833332500000004
22	protein2	3.8	2.15	2.57916665
22	protein3	23.7	4.4	2.67833335
22	r0	2.75	0.0	0.0
22	r1	2.35	0.0	0.0
22	r2	1.4	0.0	0.0
22	rnapol	0.25	0.0	0.0
23	__protein1_rbs	1.05	0.0	0.0
23	__protein2_rbs	1.0	0.0	0.0
23	__protein3_rbs	1.85	0.0	0.0
23	__ribosome	73.45	0.0	0.0
23	__rnase_site_ext	6.35	0.0	0.0
23	p0	1.0	0.0	0.0
23	p1	0.8	0.0	0.0
23	p2	0.7	0.0	0.0
23	protein1	15.75	2.7	3.06666665
23	protein2	4.35	2.15	2.925
23	protein3	25.85	4.65	2.65666665
23	r0	2.7	0.0	0.0
23	r1	2.4	0.0	0.0
23	r2	1.45	0.0	0.0
23	rnapol	0.2	0.0	0.0
24	__protein1_rbs	1.35	0.0	0.0
24	__protein2_rbs	1.1	0.0	0.0
24	__protein3_rbs	2.05	0.0	0.0
24	__ribosome	73.05	0.0	0.0
24	__rnase_site_ext	6.5	0.0	0.0
24	p0	0.95	0.0	0.0
24	p1	0.85	0.0	0.0
24	p2	0.85	0.0	0.0
24	protein1	17.3	2.7	2.92916665
24	protein2	5.3	2.25	2.78750005
24	protein3	28.0	4.9	2.6065277500000006
24	r0	2.7	0.0	0.0
24	r1	2.45	0.0	0.0
24	r2	1.5	0.0	0.0
24	rnapol	0.15	0.0	0.0
25	__protein1_rbs	1.3	0.0	0.0
25	__protein2_rbs	0.7	0.0	0.0
25	__protein3_rbs	2.0	0.0	0.0
25	__ribosome	71.4	0.0	0.0
25	__rnase_site_ext	6.5	0.0	0.0
25	p0	1.0	0.0	0.0
25	p1	0.85	0.0	0.0
25	p2	0.8	0.0	0.0
25	protein1	18.75	2.7	3.0125000499999994
25	protein2	6.6	2.35	2.79166665
25	protein3	29.9	5.2	2.6753572
25	r0	2.7	0.0	0.0
25	r1	2.5	0.0	0.0
25	r2	1.6	0.0	0.0
25	rnapol	0.15	0.0	0.0
26	__protein1_rbs	1.05	0.0	0.0
26	__protein2_rbs	1.1	0.0	0.0
26	__protein3_rbs	2.05	0.0	0.0
26	__ribosome	70.3	0.0	0.0
26	__rnase_site_ext	6.5	0.0	0.0
26	p0	0.9	0.0	0.0
26	p1	0.9	0.0	0.0
26	p2	0.6	0.0	0.0
26	protein1	20.2	2.7	3.18333335
26	protein2	7.6	2.45	2.7833333
26	protein3	32.55	5.25	2.77305555
26	r0	2.6	0.0	0.0
26	r1	2.55	0.0	0.0
26	r2	1.8	0.0	0.0
26	rnapol	0.3	0.0	0.0
27	__protein1_rbs	0.65	0.0	0.0
27	__protein2_rbs	0.85	0.0	0.0
27	__protein3_rbs	2.1	0.0	0.0
27	__ribosome	69.8	0.0	0.0
27	__rnase_site_ext	6.65	0.0	0.0
27	p0	0.9	0.0	0.0
27	p1	0.85	0.0	0.0
27	p2	0.5	0.0	0.0
27	protein1	21.9	2.6	3.4
27	protein2	9.1	2.5	2.7541666000000005
27	protein3	35.3	5.35	2.7666270499999994
27	r0	2.65	0.0	0.0
27	r1	2.55	0.0	0.0
27	r2	1.9	0.0	0.0
27	rnapol	0.45	0.0	0.0
28	__protein1_rbs	1.15	0.0	0.0
28	__protein2_rbs	0.7	0.0	0.0
28	__protein3_rbs	2.55	0.0	0.0
28	__ribosome	68.3	0.0	0.0
28	__rnase_site_ext	7.2	0.0	0.0
28	p0	0.7	0.0	0.0
28	p1	0.95	0.0	0.0
28	p2	0.6	0.0	0.0
28	protein1	23.35	2.65	3.2916666999999995
28	protein2	10.3	2.6	2.82083335
28	protein3	37.6	5.6	2.9001984500000004
28	r0	2.75	0.0	0.0
28	r1	2.7	0.0	0.0
28	r2	2.05	0.0	0.0
28	rnapol	0.4	0.0	0.0
29	__protein1_rbs	1.25	0.0	0.0
29	__protein2_rbs	1.2	0.0	0.0
29	__protein3_rbs	2.9	0.0	0.0
29	__ribosome	68.3	0.0	0.0
29	__rnase_site_ext	7.5	0.0	0.0
29	p0	0.8	0.0	0.0
29	p1	1.0	0.0	0.0
29	p2	0.7	0.0	0.0
29	protein1	25.1	2.7	2.99583335
29	protein2	11.55	2.65	2.74166665
29	protein3	40.05	6.0	2.7758008500000004
29	r0	3.05	0.0	0.0
29	r1	2.8	0.0	0.0
29	r2	2.15	0.0	0.0
29	rnapol	0.5	0.0	0.0
30	__protein1_rbs	1.25	0.0	0.0
30	__protein2_rbs	1.05	0.0	0.0
30	__protein3_rbs	2.15	0.0	0.0
30	__ribosome	67.25	0.0	0.0
30	__rnase_site_ext	7.6	0.0	0.0
30	p0	0.8	0.0	0.0
30	p1	0.9	0.0	0.0
30	p2	0.7	0.0	0.0
30	protein1	26.4	3.05	2.7966667000000003
30	protein2	12.95	2.6	3.00833335
30	protein3	43.7	6.15	2.7438618
30	r0	3.3	0.0	0.0
30	r1	2.85	0.0	0.0
30	r2	2.3	0.0	0.0
30	rnapol	0.45	0.0	0.0
31	__protein1_rbs	1.65	0.0	0.0
31	__protein2_rbs	0.9	0.0	0.0
31	__protein3_rbs	2.8	0.0	0.0
31	__ribosome	66.4	0.0	0.0
31	__rnase_site_ext	7.9	0.0	0.0
31	p0	0.95	0.0	0.0
31	p1	0.7	0.0	0.0
31	p2	0.55	0.0	0.0
31	protein1	28.05	3.3	2.5224999999999995
31	protein2	14.0	2.7	3.1541667
31	protein3	46.5	6.35	2.72213385
31	r0	3.35	0.0	0.0
31	r1	2.85	0.0	0.0
31	r2	2.35	0.0	0.0
31	rnapol	0.4	0.0	0.0
32	__protein1_rbs	1.5	0.0	0.0
32	__protein2_rbs	1.05	0.0	0.0
32	__protein3_rbs	3.05	0.0	0.0
32	__ribosome	66.3	0.0	0.0
32	__rnase_site_ext	7.85	0.0	0.0
32	p0	0.9	0.0	0.0
32	p1	0.8	0.0	0.0
32	p2	0.8	0.0	0.0
32	protein1	29.85	3.35	2.52583335
32	protein2	15.5	2.85	3.0791666500000003
32	protein3	49.7	6.5	2.6102471
32	r0	3.4	0.0	0.0
32	r1	2.85	0.0	0.0
32	r2	2.45	0.0	0.0
32	rnapol	0.35	0.0	0.0
33	__protein1_rbs	1.5	0.0	0.0
33	__protein2_rbs	1.05	0.0	0.0
33	__protein3_rbs	2.9	0.0	0.0
33	__ribosome	65.45	0.0	0.0
33	__rnase_site_ext	7.8	0.0	0.0
33	p0	0.95	0.0	0.0
33	p1	0.95	0.0	0.0
33	p2	0.85	0.0	0.0
33	protein1	31.4	3.35	2.6816667
33	protein2	17.3	3.0	2.8291666000000006
33	protein3	52.95	6.7	2.58844695
33	r0	3.4	0.0	0.0
33	r1	2.9	0.0	0.0
33	r2	2.4	0.0	0.0
33	rnapol	0.25	0.0	0.0
34	__protein1_rbs	1.2	0.0	0.0
34	__protein2_rbs	1.2	0.0	0.0
34	__protein3_rbs	2.75	0.0	0.0
34	__ribosome	63.9	0.0	0.0
34	__rnase_site_ext	7.95	0.0	0.0
34	p0	0.95	0.0	0.0
34	p1	0.95	0.0	0.0
34	p2	0.75	0.0	0.0
34	protein1	32.95	3.4	2.85833335
34	protein2	18.75	2.95	2.9
34	protein3	56.15	6.85	2.66400435
34	r0	3.4	0.0	0.0
34	r1	2.95	0.0	0.0
34	r2	2.45	0.0	0.0
34	rnapol	0.45	0.0	0.0
35	__protein1_rbs	1.5	0.0	0.0
35	__protein2_rbs	0.95	0.0	0.0
35	__protein3_rbs	2.85	0.0	0.0
35	__ribosome	63.15	0.0	0.0
35	__rnase_site_ext	8.25	0.0	0.0
35	p0	0.9	0.0	0.0
35	p1	0.95	0.0	0.0
35	p2	0.7	0.0	0.0
35	protein1	34.35	3.35	2.9575000000000005
35	protein2	20.4	2.95	3.0249999999999995
35	protein3	59.7	7.0	2.6229960999999995
35	r0	3.35	0.0	0.0
35	r1	3.05	0.0	0.0
35	r2	2.5	0.0	0.0
35	rnapol	0.35	0.0	0.0
36	__protein1_rbs	1.65	0.0	0.0
36	__protein2_rbs	1.25	0.0	0.0
36	__protein3_rbs	3.2	0.0	0.0
36	__ribosome	62.5	0.0	0.0
36	__rnase_site_ext	8.45	0.0	0.0
36	p0	0.8	0.0	0.0
36	p1	0.95	0.0	0.0
36	p2	0.75	0.0	0.0
36	protein1	36.05	3.35	2.9791665500000004
36	protein2	21.95	3.0	3.0624999500000003
36	protein3	63.1	7.2	2.636984050000001
36	r0	3.45	0.0	0.0
36	r1	3.2	0.0	0.0
36	r2	2.4	0.0	0.0
36	rnapol	0.3	0.0	0.0
37	__protein1_rbs	1.55	0.0	0.0
37	__protein2_rbs	1.25	0.0	0.0
37	__protein3_rbs	2.75	0.0	0.0
37	__ribosome	61.5	0.0	0.0
37	__rnase_site_ext	8.55	0.0	0.0
37	p0	0.9	0.0	0.0
37	p1	0.75	0.0	0.0
37	p2	0.9	0.0	0.0
37	protein1	38.0	3.4	2.9516666499999995
37	protein2	23.6	3.0	3.00833335
37	protein3	66.45	7.3	2.77501985
37	r0	3.6	0.0	0.0
37	r1	3.35	0.0	0.0
37	r2	2.4	0.0	0.0
37	rnapol	0.3	0.0	0.0
38	__protein1_rbs	1.65	0.0	0.0
38	__protein2_rbs	1.6	0.0	0.0
38	__protein3_rbs	3.35	0.0	0.0
38	__ribosome	61.6	0.0	0.0
38	__rnase_site_ext	8.75	0.0	0.0
38	p0	0.75	0.0	0.0
38	p1	0.6	0.0	0.0
38	p2	0.75	0.0	0.0
38	protein1	39.85	3.6	2.65833335
38	protein2	25.35	3.0	2.9083334
38	protein3	70.15	7.4	2.779329
38	r0	3.7	0.0	0.0
38	r1	3.55	0.0	0.0
38	r2	2.45	0.0	0.0
38	rnapol	0.3	0.0	0.0
39	__protein1_rbs	1.25	0.0	0.0
39	__protein2_rbs	1.55	0.0	0.0
39	__protein3_rbs	2.75	0.0	0.0
39	__ribosome	60.35	0.0	0.0
39	__rnase_site_ext	9.15	0.0	0.0
39	p0	0.8	0.0	0.0
39	p1	0.75	0.0	0.0
39	p2	0.55	0.0	0.0
39	protein1	41.9	3.7	2.54749995
39	protein2	26.75	3.3	2.7666667
39	protein3	73.9	7.5	2.8337356500000004
39	r0	3.85	0.0	0.0
39	r1	3.65	0.0	0.0
39	r2	2.7	0.0	0.0
39	rnapol	0.15	0.0	0.0
40	__protein1_rbs	1.6	0.0	0.0
40	__protein2_rbs	1.6	0.0	0.0
40	__protein3_rbs	3.25	0.0	0.0
40	__ribosome	59.9	0.0	0.0
40	__rnase_site_ext	9.15	0.0	0.0
40	p0	1.0	0.0	0.0
40	p1	0.6	0.0	0.0
40	p2	0.8	0.0	0.0
40	protein1	43.75	3.9	2.50499995
40	protein2	28.8	3.35	2.6116667000000002
40	protein3	77.45	7.55	2.9026677999999992
40	r0	4.05	0.0	0.0
40	r1	3.6	0.0	0.0
40	r2	2.65	0.0	0.0
40	rnapol	0.25	0.0	0.0
41	__protein1_rbs	1.75	0.0	0.0
41	__protein2_rbs	1.75	0.0	0.0
41	__protein3_rbs	3.35	0.0	0.0
41	__ribosome	59.6	0.0	0.0
41	__rnase_site_ext	9.25	0.0	0.0
41	p0	0.95	0.0	0.0
41	p1	0.8	0.0	0.0
41	p2	0.9	0.0	0.0
41	protein1	45.6	4.05	2.5125
41	protein2	30.55	3.6	2.435
41	protein3	81.7	7.7	2.81087305
41	r0	4.0	0.0	0.0
41	r1	3.6	0.0	0.0
41	r2	2.65	0.0	0.0
41	rnapol	0.4	0.0	0.0
42	__protein1_rbs	1.75	0.0	0.0
42	__protein2_rbs	1.6	0.0	0.0
42	__protein3_rbs	3.75	0.0	0.0
42	__ribosome	58.95	0.0	0.0
42	__rnase_site_ext	9.35	0.0	0.0
42	p0	0.95	0.0	0.0
42	p1	0.9	0.0	0.0
42	p2	0.85	0.0	0.0
42	protein1	47.35	4.0	2.6133333
42	protein2	32.45	3.75	2.4466667
42	protein3	85.9	7.85	2.7221231
42	r0	4.1	0.0	0.0
42	r1	3.7	0.0	0.0
42	r2	2.7	0.0	0.0
42	rnapol	0.5	0.0	0.0
43	__protein1_rbs	1.9	0.0	0.0
43	__protein2_rbs	2.05	0.0	0.0
43	__protein3_rbs	3.05	0.0	0.0
43	__ribosome	56.45	0.0	0.0
43	__rnase_site_ext	9.55	0.0	0.0
43	p0	0.95	0.0	0.0
43	p1	0.95	0.0	0.0
43	p2	0.85	0.0	0.0
43	protein1	48.9	4.1	2.7419048
43	protein2	33.7	3.8	2.63333335
43	protein3	89.55	7.8	2.90177665
43	r0	4.2	0.0	0.0
43	r1	3.75	0.0	0.0
43	r2	2.75	0.0	0.0
43	rnapol	0.5	0.0	0.0
44	__protein1_rbs	1.9	0.0	0.0
44	__protein2_rbs	1.25	0.0	0.0
44	__protein3_rbs	3.55	0.0	0.0
44	__ribosome	55.95	0.0	0.0
44	__rnase_site_ext	9.65	0.0	0.0
44	p0	1.0	0.0	0.0
44	p1	0.9	0.0	0.0
44	p2	0.8	0.0	0.0
44	protein1	50.8	4.15	2.7407143
44	protein2	35.55	3.8	2.76000005
44	protein3	93.95	7.9	2.84316745
44	r0	4.3	0.0	0.0
44	r1	4.05	0.0	0.0
44	r2	2.75	0.0	0.0
44	rnapol	0.55	0.0	0.0
45	__protein1_rbs	1.85	0.0	0.0
45	__protein2_rbs	1.8	0.0	0.0
45	__protein3_rbs	3.9	0.0	0.0
45	__ribosome	56.1	0.0	0.0
45	__rnase_site_ext	9.9	0.0	0.0
45	p0	1.0	0.0	0.0
45	p1	0.85	0.0	0.0
45	p2	0.6	0.0	0.0
45	protein1	53.2	4.25	2.6519048
45	protein2	37.4	3.8	2.9291667
45	protein3	98.1	8.05	2.7846825500000003
45	r0	4.25	0.0	0.0
45	r1	4.15	0.0	0.0
45	r2	3.0	0.0	0.0
45	rnapol	0.5	0.0	0.0
46	__protein1_rbs	2.05	0.0	0.0
46	__protein2_rbs	1.6	0.0	0.0
46	__protein3_rbs	3.45	0.0	0.0
46	__ribosome	56.05	0.0	0.0
46	__rnase_site_ext	10.05	0.0	0.0
46	p0	0.85	0.0	0.0
46	p1	0.75	0.0	0.0
46	p2	0.55	0.0	0.0
46	protein1	55.5	4.25	2.5247618999999997
46	protein2	39.35	3.75	3.0091667
46	protein3	102.7	8.25	2.7144840999999995
46	r0	4.3	0.0	0.0
46	r1	4.25	0.0	0.0
46	r2	3.1	0.0	0.0
46	rnapol	0.55	0.0	0.0
47	__protein1_rbs	1.95	0.0	0.0
47	__protein2_rbs	2.05	0.0	0.0
47	__protein3_rbs	4.45	0.0	0.0
47	__ribosome	56.05	0.0	0.0
47	__rnase_site_ext	10.2	0.0	0.0
47	p0	0.85	0.0	0.0
47	p1	0.75	0.0	0.0
47	p2	0.6	0.0	0.0
47	protein1	57.55	4.25	2.66547615
47	protein2	41.45	4.0	2.72249995
47	protein3	106.7	8.6	2.6527277
47	r0	4.4	0.0	0.0
47	r1	4.4	0.0	0.0
47	r2	3.3	0.0	0.0
47	rnapol	0.6	0.0	0.0
48	__protein1_rbs	1.85	0.0	0.0
48	__protein2_rbs	1.8	0.0	0.0
48	__protein3_rbs	4.15	0.0	0.0
48	__ribosome	55.4	0.0	0.0
48	__rnase_site_ext	10.35	0.0	0.0
48	p0	0.85	0.0	0.0
48	p1	0.7	0.0	0.0
48	p2	0.45	0.0	0.0
48	protein1	59.55	4.4	2.6519047
48	protein2	43.2	4.05	2.6591666499999995
48	protein3	111.35	8.75	2.5838037000000003
48	r0	4.55	0.0	0.0
48	r1	4.3	0.0	0.0
48	r2	3.45	0.0	0.0
48	rnapol	0.3	0.0	0.0
49	__protein1_rbs	2.4	0.0	0.0
49	__protein2_rbs	1.75	0.0	0.0
49	__protein3_rbs	4.15	0.0	0.0
49	__ribosome	55.7	0.0	0.0
49	__rnase_site_ext	10.4	0.0	0.0
49	p0	0.9	0.0	0.0
49	p1	0.75	0.0	0.0
49	p2	0.75	0.0	0.0
49	protein1	61.85	4.55	2.6058334
49	protein2	45.75	4.25	2.52666665
49	protein3	115.9	8.7	2.6000731
49	r0	4.65	0.0	0.0
49	r1	4.3	0.0	0.0
49	r2	3.55	0.0	0.0
49	rnapol	0.35	0.0	0.0
50	__protein1_rbs	1.5	0.0	0.0
50	__protein2_rbs	2.3	0.0	0.0
50	__protein3_rbs	3.9	0.0	0.0
50	__ribosome	54.0	0.0	0.0
50	__rnase_site_ext	10.4	0.0	0.0
50	p0	1.0	0.0	0.0
50	p1	0.85	0.0	0.0
50	p2	0.8	0.0	0.0
50	protein1	64.15	4.65	2.6620239
50	protein2	47.7	4.45	2.3975000000000004
50	protein3	119.75	8.95	2.63023765
50	r0	4.65	0.0	0.0
50	r1	4.3	0.0	0.0
50	r2	3.45	0.0	0.0
50	rnapol	0.3	0.0	0.0
51	__protein1_rbs	2.45	0.0	0.0
51	__protein2_rbs	2.25	0.0	0.0
51	__protein3_rbs	4.8	0.0	0.0
51	__ribosome	53.2	0.0	0.0
51	__rnase_site_ext	10.55	0.0	0.0
51	p0	0.9	0.0	0.0
51	p1	0.95	0.0	0.0
51	p2	0.75	0.0	0.0
51	protein1	66.2	4.65	2.70035715
51	protein2	49.4	4.45	2.5317857000000004
51	protein3	124.15	9.25	2.5369806500000007
51	r0	4.65	0.0	0.0
51	r1	4.4	0.0	0.0
51	r2	3.5	0.0	0.0
51	rnapol	0.3	0.0	0.0
52	__protein1_rbs	2.15	0.0	0.0
52	__protein2_rbs	1.9	0.0	0.0
52	__protein3_rbs	4.65	0.0	0.0
52	__ribosome	53.05	0.0	0.0
52	__rnase_site_ext	10.7	0.0	0.0
52	p0	0.95	0.0	0.0
52	p1	0.85	0.0	0.0
52	p2	0.75	0.0	0.0
52	protein1	68.5	4.65	2.70363095
52	protein2	51.5	4.3	2.6942857000000004
52	protein3	128.7	9.4	2.48005265
52	r0	4.75	0.0	0.0
52	r1	4.4	0.0	0.0
52	r2	3.6	0.0	0.0
52	rnapol	0.25	0.0	0.0
53	__protein1_rbs	2.1	0.0	0.0
53	__protein2_rbs	2.2	0.0	0.0
53	__protein3_rbs	3.9	0.0	0.0
53	__ribosome	51.3	0.0	0.0
53	__rnase_site_ext	10.75	0.0	0.0
53	p0	1.0	0.0	0.0
53	p1	0.8	0.0	0.0
53	p2	0.75	0.0	0.0
53	protein1	70.65	4.75	2.6637500000000007
53	protein2	53.6	4.3	2.7894047500000005
53	protein3	133.0	9.5	2.593259
53	r0	4.8	0.0	0.0
53	r1	4.35	0.0	0.0
53	r2	3.65	0.0	0.0
53	rnapol	0.45	0.0	0.0
54	__protein1_rbs	2.1	0.0	0.0
54	__protein2_rbs	1.95	0.0	0.0
54	__protein3_rbs	4.4	0.0	0.0
54	__ribosome	51.25	0.0	0.0
54	__rnase_site_ext	10.75	0.0	0.0
54	p0	0.75	0.0	0.0
54	p1	0.85	0.0	0.0
54	p2	0.75	0.0	0.0
54	protein1	72.95	4.8	2.68363095
54	protein2	55.9	4.3	2.6813095
54	protein3	137.85	9.5	2.6031953000000003
54	r0	4.8	0.0	0.0
54	r1	4.45	0.0	0.0
54	r2	3.7	0.0	0.0
54	rnapol	0.45	0.0	0.0
55	__protein1_rbs	2.7	0.0	0.0
55	__protein2_rbs	2.55	0.0	0.0
55	__protein3_rbs	4.1	0.0	0.0
55	__ribosome	52.6	0.0	0.0
55	__rnase_site_ext	10.9	0.0	0.0
55	p0	0.9	0.0	0.0
55	p1	0.9	0.0	0.0
55	p2	0.65	0.0	0.0
55	protein1	75.75	4.8	2.53898805
55	protein2	58.3	4.45	2.5190476000000004
55	protein3	142.65	9.5	2.6126978500000004
55	r0	5.0	0.0	0.0
55	r1	4.6	0.0	0.0
55	r2	3.85	0.0	0.0
55	rnapol	0.5	0.0	0.0
56	__protein1_rbs	2.4	0.0	0.0
56	__protein2_rbs	1.9	0.0	0.0
56	__protein3_rbs	4.4	0.0	0.0
56	__ribosome	51.4	0.0	0.0
56	__rnase_site_ext	11.2	0.0	0.0
56	p0	0.85	0.0	0.0
56	p1	0.7	0.0	0.0
56	p2	0.55	0.0	0.0
56	protein1	78.05	5.0	2.4795237
56	protein2	60.35	4.35	2.64702385
56	protein3	147.25	9.5	2.6143154
56	r0	5.1	0.0	0.0
56	r1	4.7	0.0	0.0
56	r2	4.0	0.0	0.0
56	rnapol	0.4	0.0	0.0
57	__protein1_rbs	2.45	0.0	0.0
57	__protein2_rbs	2.15	0.0	0.0
57	__protein3_rbs	4.6	0.0	0.0
57	__ribosome	50.6	0.0	0.0
57	__rnase_site_ext	11.45	0.0	0.0
57	p0	0.9	0.0	0.0
57	p1	0.75	0.0	0.0
57	p2	0.6	0.0	0.0
57	protein1	80.2	5.1	2.7442262000000013
57	protein2	62.85	4.45	2.5021428999999995
57	protein3	151.45	9.75	2.6374222
57	r0	5.2	0.0	0.0
57	r1	4.85	0.0	0.0
57	r2	3.95	0.0	0.0
57	rnapol	0.4	0.0	0.0
58	__protein1_rbs	2.7	0.0	0.0
58	__protein2_rbs	2.0	0.0	0.0
58	__protein3_rbs	4.75	0.0	0.0
58	__ribosome	49.85	0.0	0.0
58	__rnase_site_ext	11.45	0.0	0.0
58	p0	0.9	0.0	0.0
58	p1	0.75	0.0	0.0
58	p2	0.85	0.0	0.0
58	protein1	82.85	5.2	2.5342857000000003
58	protein2	64.65	4.5	2.6685714500000004
58	protein3	156.55	10.1	2.54787255
58	r0	5.25	0.0	0.0
58	r1	4.8	0.0	0.0
58	r2	3.95	0.0	0.0
58	rnapol	0.4	0.0	0.0
59	__protein1_rbs	1.9	0.0	0.0
59	__protein2_rbs	2.05	0.0	0.0
59	__protein3_rbs	5.25	0.0	0.0
59	__ribosome	49.3	0.0	0.0
59	__rnase_site_ext	11.75	0.0	0.0
59	p0	1.0	0.0	0.0
59	p1	0.8	0.0	0.0
59	p2	0.8	0.0	0.0
59	protein1	85.45	5.25	2.54071425
59	protein2	66.95	4.65	2.62755955
59	protein3	161.35	10.25	2.50525625
59	r0	5.35	0.0	0.0
59	r1	4.75	0.0	0.0
59	r2	3.9	0.0	0.0
59	rnapol	0.35	0.0	0.0
60	__protein1_rbs	3.2	0.0	0.0
60	__protein2_rbs	2.35	0.0	0.0
60	__protein3_rbs	4.95	0.0	0.0
60	__ribosome	49.05	0.0	0.0
60	__rnase_site_ext	11.8	0.0	0.0
60	p0	0.95	0.0	0.0
60	p1	1.0	0.0	0.0
60	p2	0.7	0.0	0.0
60	protein1	87.5	5.35	2.4544048
60	protein2	69.2	4.8	2.5458928
60	protein3	166.45	10.45	2.49072995
60	r0	5.35	0.0	0.0
60	r1	4.85	0.0	0.0
60	r2	3.95	0.0	0.0
60	rnapol	0.15	0.0	0.0
61	__protein1_rbs	2.35	0.0	0.0
61	__protein2_rbs	2.2	0.0	0.0
61	__protein3_rbs	5.8	0.0	0.0
61	__ribosome	48.65	0.0	0.0
61	__rnase_site_ext	11.95	0.0	0.0
61	p0	1.0	0.0	0.0
61	p1	0.9	0.0	0.0
61	p2	0.75	0.0	0.0
61	protein1	90.15	5.3	2.56970235
61	protein2	71.4	4.8	2.5747618500000007
61	protein3	171.35	10.4	2.4930844
61	r0	5.35	0.0	0.0
61	r1	4.95	0.0	0.0
61	r2	3.95	0.0	0.0
61	rnapol	0.25	0.0	0.0
62	__protein1_rbs	2.85	0.0	0.0
62	__protein2_rbs	2.45	0.0	0.0
62	__protein3_rbs	5.55	0.0	0.0
62	__ribosome	48.85	0.0	0.0
62	__rnase_site_ext	11.75	0.0	0.0
62	p0	0.85	0.0	0.0
62	p1	0.85	0.0	0.0
62	p2	0.85	0.0	0.0
62	protein1	92.8	5.35	2.50077385
62	protein2	73.55	4.8	2.56369045
62	protein3	176.3	10.5	2.4390421
62	r0	5.35	0.0	0.0
62	r1	4.95	0.0	0.0
62	r2	4.0	0.0	0.0
62	rnapol	0.4	0.0	0.0
63	__protein1_rbs	2.65	0.0	0.0
63	__protein2_rbs	2.5	0.0	0.0
63	__protein3_rbs	4.4	0.0	0.0
63	__ribosome	48.1	0.0	0.0
63	__rnase_site_ext	12.1	0.0	0.0
63	p0	0.9	0.0	0.0
63	p1	0.85	0.0	0.0
63	p2	0.75	0.0	0.0
63	protein1	95.25	5.3	2.5874405000000005
63	protein2	75.9	4.85	2.50696425
63	protein3	181.5	10.4	2.5400760999999994
63	r0	5.55	0.0	0.0
63	r1	5.15	0.0	0.0
63	r2	4.1	0.0	0.0
63	rnapol	0.2	0.0	0.0
64	__protein1_rbs	2.65	0.0	0.0
64	__protein2_rbs	2.55	0.0	0.0
64	__protein3_rbs	5.8	0.0	0.0
64	__ribosome	49.05	0.0	0.0
64	__rnase_site_ext	12.1	0.0	0.0
64	p0	1.0	0.0	0.0
64	p1	0.75	0.0	0.0
64	p2	0.8	0.0	0.0
64	protein1	98.3	5.5	2.4667262
64	protein2	78.5	4.8	2.4447023500000005
64	protein3	186.4	10.5	2.4999246000000004
64	r0	5.65	0.0	0.0
64	r1	5.25	0.0	0.0
64	r2	4.2	0.0	0.0
64	rnapol	0.55	0.0	0.0
65	__protein1_rbs	2.9	0.0	0.0
65	__protein2_rbs	2.4	0.0	0.0
65	__protein3_rbs	4.85	0.0	0.0
65	__ribosome	48.0	0.0	0.0
65	__rnase_site_ext	12.3	0.0	0.0
65	p0	0.95	0.0	0.0
65	p1	0.75	0.0	0.0
65	p2	0.55	0.0	0.0
65	protein1	100.7	5.6	2.48142865
65	protein2	80.8	4.95	2.43833335
65	protein3	191.7	10.5	2.5604570000000004
65	r0	5.65	0.0	0.0
65	r1	5.2	0.0	0.0
65	r2	4.25	0.0	0.0
65	rnapol	0.5	0.0	0.0
66	__protein1_rbs	2.95	0.0	0.0
66	__protein2_rbs	2.5	0.0	0.0
66	__protein3_rbs	5.25	0.0	0.0
66	__ribosome	47.45	0.0	0.0
66	__rnase_site_ext	12.5	0.0	0.0
66	p0	1.0	0.0	0.0
66	p1	0.75	0.0	0.0
66	p2	0.55	0.0	0.0
66	protein1	103.2	5.7	2.4847618
66	protein2	83.2	5.15	2.3428571500000004
66	protein3	196.35	10.75	2.52813435
66	r0	5.7	0.0	0.0
66	r1	5.3	0.0	0.0
66	r2	4.35	0.0	0.0
66	rnapol	0.55	0.0	0.0
67	__protein1_rbs	3.0	0.0	0.0
67	__protein2_rbs	2.85	0.0	0.0
67	__protein3_rbs	6.0	0.0	0.0
67	__ribosome	47.55	0.0	0.0
67	__rnase_site_ext	12.75	0.0	0.0
67	p0	0.95	0.0	0.0
67	p1	0.9	0.0	0.0
67	p2	0.65	0.0	0.0
67	protein1	105.7	5.7	2.4872619000000005
67	protein2	85.45	5.25	2.3690476
67	protein3	201.4	11.0	2.444875
67	r0	5.75	0.0	0.0
67	r1	5.3	0.0	0.0
67	r2	4.35	0.0	0.0
67	rnapol	0.4	0.0	0.0
68	__protein1_rbs	2.8	0.0	0.0
68	__protein2_rbs	2.55	0.0	0.0
68	__protein3_rbs	5.65	0.0	0.0
68	__ribosome	46.8	0.0	0.0
68	__rnase_site_ext	12.9	0.0	0.0
68	p0	0.9	0.0	0.0
68	p1	0.9	0.0	0.0
68	p2	0.7	0.0	0.0
68	protein1	108.6	5.75	2.5340873000000004
68	protein2	87.45	5.25	2.4333928
68	protein3	206.8	11.25	2.4210992
68	r0	5.8	0.0	0.0
68	r1	5.35	0.0	0.0
68	r2	4.35	0.0	0.0
68	rnapol	0.5	0.0	0.0
69	__protein1_rbs	2.5	0.0	0.0
69	__protein2_rbs	2.3	0.0	0.0
69	__protein3_rbs	6.1	0.0	0.0
69	__ribosome	45.7	0.0	0.0
69	__rnase_site_ext	12.9	0.0	0.0
69	p0	1.0	0.0	0.0
69	p1	0.9	0.0	0.0
69	p2	0.8	0.0	0.0
69	protein1	111.3	5.8	2.544246
69	protein2	89.65	5.3	2.4875596
69	protein3	211.7	11.45	2.3771116999999995
69	r0	5.85	0.0	0.0
69	r1	5.35	0.0	0.0
69	r2	4.35	0.0	0.0
69	rnapol	0.35	0.0	0.0
70	__protein1_rbs	3.3	0.0	0.0
70	__protein2_rbs	2.45	0.0	0.0
70	__protein3_rbs	5.95	0.0	0.0
70	__ribosome	45.8	0.0	0.0
70	__rnase_site_ext	13.1	0.0	0.0
70	p0	0.95	0.0	0.0
70	p1	0.95	0.0	0.0
70	p2	0.8	0.0	0.0
70	protein1	113.9	5.85	2.48162705
70	protein2	92.35	5.35	2.4524405
70	protein3	217.1	11.4	2.3881661499999995
70	r0	5.9	0.0	0.0
70	r1	5.45	0.0	0.0
70	r2	4.35	0.0	0.0
70	rnapol	0.35	0.0	0.0
71	__protein1_rbs	3.0	0.0	0.0
71	__protein2_rbs	2.65	0.0	0.0
71	__protein3_rbs	5.3	0.0	0.0
71	__ribosome	44.85	0.0	0.0
71	__rnase_site_ext	13.4	0.0	0.0
71	p0	1.0	0.0	0.0
71	p1	0.95	0.0	0.0
71	p2	0.4	0.0	0.0
71	protein1	116.6	5.9	2.5077183
71	protein2	94.75	5.35	2.4555952000000003
71	protein3	222.45	11.55	2.4143578999999997
71	r0	5.95	0.0	0.0
71	r1	5.65	0.0	0.0
71	r2	4.5	0.0	0.0
71	rnapol	0.3	0.0	0.0
72	__protein1_rbs	3.5	0.0	0.0
72	__protein2_rbs	2.7	0.0	0.0
72	__protein3_rbs	5.8	0.0	0.0
72	__ribosome	44.05	0.0	0.0
72	__rnase_site_ext	13.4	0.0	0.0
72	p0	0.95	0.0	0.0
72	p1	0.8	0.0	0.0
72	p2	0.45	0.0	0.0
72	protein1	119.45	5.95	2.4676588
72	protein2	96.9	5.3	2.5305357
72	protein3	227.25	11.6	2.45697685
72	r0	5.9	0.0	0.0
72	r1	5.7	0.0	0.0
72	r2	4.65	0.0	0.0
72	rnapol	0.3	0.0	0.0
73	__protein1_rbs	2.9	0.0	0.0
73	__protein2_rbs	3.1	0.0	0.0
73	__protein3_rbs	5.95	0.0	0.0
73	__ribosome	43.7	0.0	0.0
73	__rnase_site_ext	13.5	0.0	0.0
73	p0	0.9	0.0	0.0
73	p1	0.75	0.0	0.0
73	p2	0.45	0.0	0.0
73	protein1	122.35	5.9	2.4863889
73	protein2	99.65	5.45	2.40785715
73	protein3	232.35	11.8	2.4689982000000006
73	r0	5.9	0.0	0.0
73	r1	5.65	0.0	0.0
73	r2	4.85	0.0	0.0
73	rnapol	0.4	0.0	0.0
74	__protein1_rbs	3.15	0.0	0.0
74	__protein2_rbs	3.25	0.0	0.0
74	__protein3_rbs	6.4	0.0	0.0
74	__ribosome	44.85	0.0	0.0
74	__rnase_site_ext	13.75	0.0	0.0
74	p0	0.95	0.0	0.0
74	p1	0.65	0.0	0.0
74	p2	0.7	0.0	0.0
74	protein1	125.5	5.85	2.3810119
74	protein2	102.35	5.55	2.2783333
74	protein3	237.95	12.1	2.3958291000000007
74	r0	5.9	0.0	0.0
74	r1	5.7	0.0	0.0
74	r2	4.8	0.0	0.0
74	rnapol	0.5	0.0	0.0
75	__protein1_rbs	3.1	0.0	0.0
75	__protein2_rbs	2.85	0.0	0.0
75	__protein3_rbs	6.5	0.0	0.0
75	__ribosome	43.95	0.0	0.0
75	__rnase_site_ext	13.8	0.0	0.0
75	p0	0.9	0.0	0.0
75	p1	0.95	0.0	0.0
75	p2	0.65	0.0	0.0
75	protein1	128.0	5.9	2.3932142999999995
75	protein2	104.75	5.75	2.29690475
75	protein3	243.6	12.55	2.31751215
75	r0	5.95	0.0	0.0
75	r1	5.8	0.0	0.0
75	r2	4.75	0.0	0.0
75	rnapol	0.4	0.0	0.0
76	__protein1_rbs	3.1	0.0	0.0
76	__protein2_rbs	3.05	0.0	0.0
76	__protein3_rbs	7.05	0.0	0.0
76	__ribosome	44.9	0.0	0.0
76	__rnase_site_ext	13.8	0.0	0.0
76	p0	1.0	0.0	0.0
76	p1	0.85	0.0	0.0
76	p2	0.75	0.0	0.0
76	protein1	131.0	5.95	2.3635911999999992
76	protein2	107.5	5.75	2.21956355
76	protein3	249.1	12.5	2.2917422500000004
76	r0	6.05	0.0	0.0
76	r1	5.8	0.0	0.0
76	r2	4.8	0.0	0.0
76	rnapol	0.35	0.0	0.0
77	__protein1_rbs	3.55	0.0	0.0
77	__protein2_rbs	2.6	0.0	0.0
77	__protein3_rbs	6.25	0.0	0.0
77	__ribosome	43.5	0.0	0.0
77	__rnase_site_ext	14.0	0.0	0.0
77	p0	0.9	0.0	0.0
77	p1	0.9	0.0	0.0
77	p2	0.85	0.0	0.0
77	protein1	133.75	6.05	2.23263885
77	protein2	110.1	5.75	2.3357143
77	protein3	254.35	12.7	2.3660697
77	r0	6.05	0.0	0.0
77	r1	5.9	0.0	0.0
77	r2	4.55	0.0	0.0
77	rnapol	0.25	0.0	0.0
78	__protein1_rbs	2.85	0.0	0.0
78	__protein2_rbs	3.05	0.0	0.0
78	__protein3_rbs	7.05	0.0	0.0
78	__ribosome	42.75	0.0	0.0
78	__rnase_site_ext	14.1	0.0	0.0
78	p0	0.9	0.0	0.0
78	p1	0.95	0.0	0.0
78	p2	0.8	0.0	0.0
78	protein1	136.25	6.05	2.38337295
78	protein2	112.4	5.8	2.3757341
78	protein3	260.15	12.8	2.30681075
78	r0	6.1	0.0	0.0
78	r1	5.85	0.0	0.0
78	r2	4.6	0.0	0.0
78	rnapol	0.35	0.0	0.0
79	__protein1_rbs	3.25	0.0	0.0
79	__protein2_rbs	3.15	0.0	0.0
79	__protein3_rbs	6.6	0.0	0.0
79	__ribosome	42.45	0.0	0.0
79	__rnase_site_ext	14.2	0.0	0.0
79	p0	0.9	0.0	0.0
79	p1	0.85	0.0	0.0
79	p2	0.75	0.0	0.0
79	protein1	139.05	6.15	2.3777381
79	protein2	114.7	5.8	2.4200992
79	protein3	266.15	12.75	2.3131522
79	r0	6.2	0.0	0.0
79	r1	5.8	0.0	0.0
79	r2	4.55	0.0	0.0
79	rnapol	0.5	0.0	0.0
80	__protein1_rbs	3.4	0.0	0.0
80	__protein2_rbs	3.55	0.0	0.0
80	__protein3_rbs	6.4	0.0	0.0
80	__ribosome	41.8	0.0	0.0
80	__rnase_site_ext	14.25	0.0	0.0
80	p0	0.95	0.0	0.0
80	p1	0.85	0.0	0.0
80	p2	0.55	0.0	0.0
80	protein1	141.75	6.2	2.38454365
80	protein2	117.2	5.8	2.3585515999999997
80	protein3	271.55	12.8	2.36693965
80	r0	6.2	0.0	0.0
80	r1	5.9	0.0	0.0
80	r2	4.7	0.0	0.0
80	rnapol	0.6	0.0	0.0
81	__protein1_rbs	3.35	0.0	0.0
81	__protein2_rbs	3.25	0.0	0.0
81	__protein3_rbs	6.6	0.0	0.0
81	__ribosome	41.8	0.0	0.0
81	__rnase_site_ext	14.45	0.0	0.0
81	p0	0.95	0.0	0.0
81	p1	0.9	0.0	0.0
81	p2	0.6	0.0	0.0
81	protein1	144.45	6.2	2.4367857
81	protein2	120.15	5.9	2.2877381000000003
81	protein3	276.9	12.65	2.4193529500000004
81	r0	6.2	0.0	0.0
81	r1	6.0	0.0	0.0
81	r2	4.8	0.0	0.0
81	rnapol	0.75	0.0	0.0
82	__protein1_rbs	3.5	0.0	0.0
82	__protein2_rbs	2.65	0.0	0.0
82	__protein3_rbs	7.25	0.0	0.0
82	__ribosome	41.6	0.0	0.0
82	__rnase_site_ext	14.55	0.0	0.0
82	p0	0.95	0.0	0.0
82	p1	0.9	0.0	0.0
82	p2	0.6	0.0	0.0
82	protein1	147.2	6.2	2.3950595
82	protein2	122.7	5.9	2.3684722
82	protein3	282.8	12.85	2.3503372
82	r0	6.2	0.0	0.0
82	r1	6.0	0.0	0.0
82	r2	4.85	0.0	0.0
82	rnapol	0.7	0.0	0.0
83	__protein1_rbs	3.0	0.0	0.0
83	__protein2_rbs	3.75	0.0	0.0
83	__protein3_rbs	6.6	0.0	0.0
83	__ribosome	41.85	0.0	0.0
83	__rnase_site_ext	14.9	0.0	0.0
83	p0	0.8	0.0	0.0
83	p1	0.8	0.0	0.0
83	p2	0.8	0.0	0.0
83	protein1	150.3	6.2	2.38412705
83	protein2	125.45	5.9	2.22150795
83	protein3	288.55	12.95	2.365279
83	r0	6.3	0.0	0.0
83	r1	6.1	0.0	0.0
83	r2	4.8	0.0	0.0
83	rnapol	0.6	0.0	0.0
84	__protein1_rbs	3.3	0.0	0.0
84	__protein2_rbs	3.55	0.0	0.0
84	__protein3_rbs	6.8	0.0	0.0
84	__ribosome	42.15	0.0	0.0
84	__rnase_site_ext	15.1	0.0	0.0
84	p0	0.9	0.0	0.0
84	p1	0.9	0.0	0.0
84	p2	0.7	0.0	0.0
84	protein1	152.95	6.25	2.3731150000000003
84	protein2	128.5	6.0	2.0991468999999996
84	protein3	294.6	13.1	2.34971155
84	r0	6.5	0.0	0.0
84	r1	6.1	0.0	0.0
84	r2	4.8	0.0	0.0
84	rnapol	0.55	0.0	0.0
85	__protein1_rbs	3.9	0.0	0.0
85	__protein2_rbs	3.3	0.0	0.0
85	__protein3_rbs	6.8	0.0	0.0
85	__ribosome	41.05	0.0	0.0
85	__rnase_site_ext	15.2	0.0	0.0
85	p0	1.0	0.0	0.0
85	p1	0.85	0.0	0.0
85	p2	0.65	0.0	0.0
85	protein1	155.95	6.5	2.203120450000001
85	protein2	130.3	6.0	2.2919047999999997
85	protein3	300.4	13.3	2.3591975
85	r0	6.5	0.0	0.0
85	r1	6.25	0.0	0.0
85	r2	4.8	0.0	0.0
85	rnapol	0.5	0.0	0.0
86	__protein1_rbs	3.1	0.0	0.0
86	__protein2_rbs	2.85	0.0	0.0
86	__protein3_rbs	7.2	0.0	0.0
86	__ribosome	40.55	0.0	0.0
86	__rnase_site_ext	15.2	0.0	0.0
86	p0	0.95	0.0	0.0
86	p1	0.85	0.0	0.0
86	p2	0.75	0.0	0.0
86	protein1	158.85	6.45	2.26675495
86	protein2	132.85	6.05	2.31347225
86	protein3	306.65	13.45	2.31127815
86	r0	6.55	0.0	0.0
86	r1	6.25	0.0	0.0
86	r2	4.75	0.0	0.0
86	rnapol	0.4	0.0	0.0
87	__protein1_rbs	3.35	0.0	0.0
87	__protein2_rbs	3.3	0.0	0.0
87	__protein3_rbs	7.0	0.0	0.0
87	__ribosome	39.7	0.0	0.0
87	__rnase_site_ext	15.15	0.0	0.0
87	p0	1.0	0.0	0.0
87	p1	0.85	0.0	0.0
87	p2	0.8	0.0	0.0
87	protein1	161.35	6.45	2.3287824499999994
87	protein2	135.65	6.15	2.2740080000000003
87	protein3	312.85	13.5	2.32975375
87	r0	6.4	0.0	0.0
87	r1	6.25	0.0	0.0
87	r2	4.85	0.0	0.0
87	rnapol	0.55	0.0	0.0
88	__protein1_rbs	3.7	0.0	0.0
88	__protein2_rbs	3.05	0.0	0.0
88	__protein3_rbs	7.55	0.0	0.0
88	__ribosome	40.15	0.0	0.0
88	__rnase_site_ext	15.5	0.0	0.0
88	p0	0.8	0.0	0.0
88	p1	0.95	0.0	0.0
88	p2	0.75	0.0	0.0
88	protein1	164.5	6.45	2.25186865
88	protein2	138.65	6.25	2.25579375
88	protein3	318.5	13.55	2.32327875
88	r0	6.3	0.0	0.0
88	r1	6.2	0.0	0.0
88	r2	4.75	0.0	0.0
88	rnapol	0.65	0.0	0.0
89	__protein1_rbs	3.35	0.0	0.0
89	__protein2_rbs	3.15	0.0	0.0
89	__protein3_rbs	7.4	0.0	0.0
89	__ribosome	38.95	0.0	0.0
89	__rnase_site_ext	15.35	0.0	0.0
89	p0	0.95	0.0	0.0
89	p1	0.9	0.0	0.0
89	p2	0.7	0.0	0.0
89	protein1	167.35	6.3	2.361592650000001
89	protein2	140.9	6.2	2.38763885
89	protein3	324.3	13.7	2.32538735
89	r0	6.45	0.0	0.0
89	r1	6.3	0.0	0.0
89	r2	4.85	0.0	0.0
89	rnapol	0.7	0.0	0.0
90	__protein1_rbs	3.55	0.0	0.0
90	__protein2_rbs	3.35	0.0	0.0
90	__protein3_rbs	7.3	0.0	0.0
90	__ribosome	38.85	0.0	0.0
90	__rnase_site_ext	15.6	0.0	0.0
90	p0	0.9	0.0	0.0
90	p1	0.9	0.0	0.0
90	p2	0.6	0.0	0.0
90	protein1	170.35	6.45	2.20522365
90	protein2	143.35	6.3	2.3841468999999997
90	protein3	330.4	13.7	2.3423577
90	r0	6.45	0.0	0.0
90	r1	6.3	0.0	0.0
90	r2	4.8	0.0	0.0
90	rnapol	0.55	0.0	0.0
91	__protein1_rbs	3.05	0.0	0.0
91	__protein2_rbs	3.5	0.0	0.0
91	__protein3_rbs	7.6	0.0	0.0
91	__ribosome	39.3	0.0	0.0
91	__rnase_site_ext	15.9	0.0	0.0
91	p0	0.95	0.0	0.0
91	p1	0.9	0.0	0.0
91	p2	0.65	0.0	0.0
91	protein1	173.2	6.45	2.2999241999999995
91	protein2	146.15	6.4	2.34277775
91	protein3	337.2	13.75	2.2575874
91	r0	6.55	0.0	0.0
91	r1	6.5	0.0	0.0
91	r2	4.9	0.0	0.0
91	rnapol	0.65	0.0	0.0
92	__protein1_rbs	3.8	0.0	0.0
92	__protein2_rbs	3.25	0.0	0.0
92	__protein3_rbs	7.35	0.0	0.0
92	__ribosome	38.95	0.0	0.0
92	__rnase_site_ext	16.1	0.0	0.0
92	p0	0.8	0.0	0.0
92	p1	0.8	0.0	0.0
92	p2	0.75	0.0	0.0
92	protein1	175.8	6.55	2.2195292500000003
92	protein2	148.75	6.35	2.45398815
92	protein3	343.7	14.05	2.2213866
92	r0	6.55	0.0	0.0
92	r1	6.55	0.0	0.0
92	r2	4.95	0.0	0.0
92	rnapol	0.45	0.0	0.0
93	__protein1_rbs	3.65	0.0	0.0
93	__protein2_rbs	3.9	0.0	0.0
93	__protein3_rbs	7.55	0.0	0.0
93	__ribosome	39.25	0.0	0.0
93	__rnase_site_ext	15.95	0.0	0.0
93	p0	1.0	0.0	0.0
93	p1	0.7	0.0	0.0
93	p2	0.8	0.0	0.0
93	protein1	178.65	6.5	2.20767855
93	protein2	152.45	6.4	2.24516235
93	protein3	349.25	14.35	2.2711799999999998
93	r0	6.6	0.0	0.0
93	r1	6.65	0.0	0.0
93	r2	4.95	0.0	0.0
93	rnapol	0.5	0.0	0.0
94	__protein1_rbs	3.6	0.0	0.0
94	__protein2_rbs	3.7	0.0	0.0
94	__protein3_rbs	7.8	0.0	0.0
94	__ribosome	39.55	0.0	0.0
94	__rnase_site_ext	15.95	0.0	0.0
94	p0	0.85	0.0	0.0
94	p1	0.8	0.0	0.0
94	p2	0.65	0.0	0.0
94	protein1	181.65	6.55	2.15680555
94	protein2	155.05	6.45	2.22942095
94	protein3	355.8	14.35	2.2682882999999996
94	r0	6.4	0.0	0.0
94	r1	6.65	0.0	0.0
94	r2	5.05	0.0	0.0
94	rnapol	0.45	0.0	0.0
95	__protein1_rbs	3.85	0.0	0.0
95	__protein2_rbs	3.6	0.0	0.0
95	__protein3_rbs	8.05	0.0	0.0
95	__ribosome	38.9	0.0	0.0
95	__rnase_site_ext	16.05	0.0	0.0
95	p0	0.95	0.0	0.0
95	p1	0.9	0.0	0.0
95	p2	0.8	0.0	0.0
95	protein1	184.5	6.4	2.18621035
95	protein2	157.55	6.55	2.21279765
95	protein3	361.45	14.45	2.2948136000000003
95	r0	6.4	0.0	0.0
95	r1	6.65	0.0	0.0
95	r2	4.95	0.0	0.0
95	rnapol	0.4	0.0	0.0
96	__protein1_rbs	3.6	0.0	0.0
96	__protein2_rbs	3.65	0.0	0.0
96	__protein3_rbs	8.4	0.0	0.0
96	__ribosome	39.25	0.0	0.0
96	__rnase_site_ext	16.05	0.0	0.0
96	p0	0.95	0.0	0.0
96	p1	0.9	0.0	0.0
96	p2	0.9	0.0	0.0
96	protein1	187.2	6.45	2.16761905
96	protein2	160.85	6.65	2.13200935
96	protein3	367.7	14.7	2.2553759500000004
96	r0	6.35	0.0	0.0
96	r1	6.8	0.0	0.0
96	r2	4.95	0.0	0.0
96	rnapol	0.45	0.0	0.0
97	__protein1_rbs	3.7	0.0	0.0
97	__protein2_rbs	3.6	0.0	0.0
97	__protein3_rbs	8.85	0.0	0.0
97	__ribosome	39.65	0.0	0.0
97	__rnase_site_ext	16.15	0.0	0.0
97	p0	0.85	0.0	0.0
97	p1	0.95	0.0	0.0
97	p2	0.8	0.0	0.0
97	protein1	190.05	6.4	2.1855952000000003
97	protein2	163.8	6.65	2.1484397
97	protein3	374.35	14.75	2.2268763000000003
97	r0	6.4	0.0	0.0
97	r1	6.7	0.0	0.0
97	r2	4.95	0.0	0.0
97	rnapol	0.4	0.0	0.0
98	__protein1_rbs	3.8	0.0	0.0
98	__protein2_rbs	4.1	0.0	0.0
98	__protein3_rbs	7.15	0.0	0.0
98	__ribosome	38.8	0.0	0.0
98	__rnase_site_ext	16.25	0.0	0.0
98	p0	0.9	0.0	0.0
98	p1	0.85	0.0	0.0
98	p2	0.75	0.0	0.0
98	protein1	192.75	6.35	2.1842460999999997
98	protein2	165.95	6.65	2.16720415
98	protein3	380.95	14.7	2.2787456500000003
98	r0	6.5	0.0	0.0
98	r1	6.75	0.0	0.0
98	r2	5.0	0.0	0.0
98	rnapol	0.55	0.0	0.0
99	__protein1_rbs	3.8	0.0	0.0
99	__protein2_rbs	3.9	0.0	0.0
99	__protein3_rbs	8.3	0.0	0.0
99	__ribosome	39.3	0.0	0.0
99	__rnase_site_ext	16.35	0.0	0.0
99	p0	0.9	0.0	0.0
99	p1	0.85	0.0	0.0
99	p2	0.75	0.0	0.0
99	protein1	195.1	6.45	2.2586905
99	protein2	169.3	6.7	2.0574964
99	protein3	387.65	14.75	2.2547512000000003
99	r0	6.45	0.0	0.0
99	r1	6.65	0.0	0.0
99	r2	5.05	0.0	0.0
99	rnapol	0.6	0.0	0.0
100	__protein1_rbs	3.6	0.0	0.0
100	__protein2_rbs	3.6	0.0	0.0
100	__protein3_rbs	7.9	0.0	0.0
100	__ribosome	37.65	0.0	0.0
100	__rnase_site_ext	16.35	0.0	0.0
100	p0	0.9	0.0	0.0
100	p1	0.9	0.0	0.0
100	p2	0.75	0.0	0.0
100	protein1	197.95	6.55	2.2108531000000005
100	protein2	171.45	6.75	2.2421014
100	protein3	393.85	14.75	2.28472195
100	r0	6.55	0.0	0.0
100	r1	6.85	0.0	0.0
100	r2	5.2	0.0	0.0
100	rnapol	0.6	0.0	0.0
101	__protein1_rbs	3.7	0.0	0.0
101	__protein2_rbs	3.9	0.0	0.0
101	__protein3_rbs	8.7	0.0	0.0
101	__ribosome	38.25	0.0	0.0
101	__rnase_site_ext	16.6	0.0	0.0
101	p0	0.9	0.0	0.0
101	p1	0.95	0.0	0.0
101	p2	0.7	0.0	0.0
101	protein1	200.95	6.55	2.1734127000000005
101	protein2	174.4	6.75	2.25491875
101	protein3	400.5	14.9	2.2363357000000006
101	r0	6.55	0.0	0.0
101	r1	6.8	0.0	0.0
101	r2	5.3	0.0	0.0
101	rnapol	0.55	0.0	0.0
102	__protein1_rbs	3.25	0.0	0.0
102	__protein2_rbs	4.15	0.0	0.0
102	__protein3_rbs	7.95	0.0	0.0
102	__ribosome	37.75	0.0	0.0
102	__rnase_site_ext	16.45	0.0	0.0
102	p0	0.95	0.0	0.0
102	p1	0.75	0.0	0.0
102	p2	0.6	0.0	0.0
102	protein1	203.6	6.55	2.22273805
102	protein2	177.35	6.8	2.1687049
102	protein3	406.85	15.1	2.248114550000001
102	r0	6.6	0.0	0.0
102	r1	6.85	0.0	0.0
102	r2	5.2	0.0	0.0
102	rnapol	0.45	0.0	0.0
103	__protein1_rbs	3.85	0.0	0.0
103	__protein2_rbs	3.5	0.0	0.0
103	__protein3_rbs	8.75	0.0	0.0
103	__ribosome	37.7	0.0	0.0
103	__rnase_site_ext	16.25	0.0	0.0
103	p0	0.9	0.0	0.0
103	p1	0.85	0.0	0.0
103	p2	0.8	0.0	0.0
103	protein1	206.35	6.6	2.20148805
103	protein2	180.2	6.85	2.22186505
103	protein3	413.3	15.35	2.1869228
103	r0	6.45	0.0	0.0
103	r1	7.0	0.0	0.0
103	r2	5.25	0.0	0.0
103	rnapol	0.35	0.0	0.0
104	__protein1_rbs	3.8	0.0	0.0
104	__protein2_rbs	4.2	0.0	0.0
104	__protein3_rbs	8.4	0.0	0.0
104	__ribosome	38.35	0.0	0.0
104	__rnase_site_ext	16.45	0.0	0.0
104	p0	0.9	0.0	0.0
104	p1	0.85	0.0	0.0
104	p2	0.65	0.0	0.0
104	protein1	208.95	6.45	2.25749995
104	protein2	183.0	6.9	2.1623267999999998
104	protein3	420.4	15.15	2.1644079000000005
104	r0	6.55	0.0	0.0
104	r1	6.95	0.0	0.0
104	r2	5.2	0.0	0.0
104	rnapol	0.15	0.0	0.0
105	__protein1_rbs	3.45	0.0	0.0
105	__protein2_rbs	3.4	0.0	0.0
105	__protein3_rbs	8.15	0.0	0.0
105	__ribosome	37.7	0.0	0.0
105	__rnase_site_ext	16.45	0.0	0.0
105	p0	0.95	0.0	0.0
105	p1	0.7	0.0	0.0
105	p2	0.8	0.0	0.0
105	protein1	211.65	6.5	2.28200395
105	protein2	186.45	6.9	2.170537500000001
105	protein3	426.75	15.15	2.22326345
105	r0	6.5	0.0	0.0
105	r1	7.05	0.0	0.0
105	r2	5.25	0.0	0.0
105	rnapol	0.2	0.0	0.0
106	__protein1_rbs	4.15	0.0	0.0
106	__protein2_rbs	4.0	0.0	0.0
106	__protein3_rbs	8.85	0.0	0.0
106	__ribosome	37.2	0.0	0.0
106	__rnase_site_ext	16.65	0.0	0.0
106	p0	0.8	0.0	0.0
106	p1	0.85	0.0	0.0
106	p2	0.8	0.0	0.0
106	protein1	214.05	6.5	2.28791665
106	protein2	188.75	7.05	2.2064321500000004
106	protein3	433.15	15.3	2.1987113500000004
106	r0	6.45	0.0	0.0
106	r1	7.15	0.0	0.0
106	r2	5.25	0.0	0.0
106	rnapol	0.2	0.0	0.0
107	__protein1_rbs	3.95	0.0	0.0
107	__protein2_rbs	3.65	0.0	0.0
107	__protein3_rbs	8.3	0.0	0.0
107	__ribosome	37.05	0.0	0.0
107	__rnase_site_ext	16.7	0.0	0.0
107	p0	0.9	0.0	0.0
107	p1	0.75	0.0	0.0
107	p2	0.75	0.0	0.0
107	protein1	217.15	6.45	2.18559525
107	protein2	191.7	7.0	2.2840151
107	protein3	439.25	15.25	2.2117795
107	r0	6.6	0.0	0.0
107	r1	7.15	0.0	0.0
107	r2	5.35	0.0	0.0
107	rnapol	0.3	0.0	0.0
108	__protein1_rbs	3.7	0.0	0.0
108	__protein2_rbs	3.9	0.0	0.0
108	__protein3_rbs	8.9	0.0	0.0
108	__ribosome	37.55	0.0	0.0
108	__rnase_site_ext	16.85	0.0	0.0
108	p0	1.0	0.0	0.0
108	p1	0.8	0.0	0.0
108	p2	0.8	0.0	0.0
108	protein1	219.95	6.6	2.22392855
108	protein2	194.7	7.05	2.2894263500000007
108	protein3	446.45	15.3	2.15403425
108	r0	6.7	0.0	0.0
108	r1	7.15	0.0	0.0
108	r2	5.4	0.0	0.0
108	rnapol	0.45	0.0	0.0
109	__protein1_rbs	4.05	0.0	0.0
109	__protein2_rbs	3.75	0.0	0.0
109	__protein3_rbs	8.5	0.0	0.0
109	__ribosome	37.2	0.0	0.0
109	__rnase_site_ext	16.95	0.0	0.0
109	p0	1.0	0.0	0.0
109	p1	0.85	0.0	0.0
109	p2	0.7	0.0	0.0
109	protein1	222.75	6.7	2.09597225
109	protein2	197.95	7.2	2.24301235
109	protein3	452.4	15.45	2.17820065
109	r0	6.7	0.0	0.0
109	r1	7.15	0.0	0.0
109	r2	5.4	0.0	0.0
109	rnapol	0.45	0.0	0.0
110	__protein1_rbs	3.7	0.0	0.0
110	__protein2_rbs	4.25	0.0	0.0
110	__protein3_rbs	8.95	0.0	0.0
110	__ribosome	37.75	0.0	0.0
110	__rnase_site_ext	17.05	0.0	0.0
110	p0	0.8	0.0	0.0
110	p1	0.85	0.0	0.0
110	p2	0.6	0.0	0.0
110	protein1	225.55	6.7	2.165059500000001
110	protein2	200.75	7.3	2.202381
110	protein3	459.7	15.5	2.11291205
110	r0	6.55	0.0	0.0
110	r1	7.05	0.0	0.0
110	r2	5.55	0.0	0.0
110	rnapol	0.3	0.0	0.0
111	__protein1_rbs	3.9	0.0	0.0
111	__protein2_rbs	4.45	0.0	0.0
111	__protein3_rbs	8.4	0.0	0.0
111	__ribosome	36.95	0.0	0.0
111	__rnase_site_ext	17.3	0.0	0.0
111	p0	0.9	0.0	0.0
111	p1	0.8	0.0	0.0
111	p2	0.7	0.0	0.0
111	protein1	228.35	6.55	2.3456746
111	protein2	203.95	7.25	2.1134722000000004
111	protein3	465.35	15.7	2.16692895
111	r0	6.75	0.0	0.0
111	r1	7.0	0.0	0.0
111	r2	5.5	0.0	0.0
111	rnapol	0.2	0.0	0.0
112	__protein1_rbs	3.95	0.0	0.0
112	__protein2_rbs	3.9	0.0	0.0
112	__protein3_rbs	8.4	0.0	0.0
112	__ribosome	36.5	0.0	0.0
112	__rnase_site_ext	17.05	0.0	0.0
112	p0	0.95	0.0	0.0
112	p1	0.85	0.0	0.0
112	p2	0.7	0.0	0.0
112	protein1	230.85	6.75	2.25636905
112	protein2	207.05	7.3	2.15113825
112	protein3	472.1	15.85	2.1511563
112	r0	6.75	0.0	0.0
112	r1	6.9	0.0	0.0
112	r2	5.75	0.0	0.0
112	rnapol	0.45	0.0	0.0
113	__protein1_rbs	3.65	0.0	0.0
113	__protein2_rbs	4.3	0.0	0.0
113	__protein3_rbs	9.2	0.0	0.0
113	__ribosome	36.6	0.0	0.0
113	__rnase_site_ext	16.7	0.0	0.0
113	p0	1.0	0.0	0.0
113	p1	0.85	0.0	0.0
113	p2	0.65	0.0	0.0
113	protein1	233.75	6.75	2.20009925
113	protein2	209.85	7.3	2.1508244
113	protein3	478.65	15.85	2.1576687000000003
113	r0	6.7	0.0	0.0
113	r1	7.0	0.0	0.0
113	r2	5.75	0.0	0.0
113	rnapol	0.35	0.0	0.0
114	__protein1_rbs	4.25	0.0	0.0
114	__protein2_rbs	4.3	0.0	0.0
114	__protein3_rbs	9.2	0.0	0.0
114	__ribosome	36.9	0.0	0.0
114	__rnase_site_ext	16.7	0.0	0.0
114	p0	1.0	0.0	0.0
114	p1	0.75	0.0	0.0
114	p2	0.8	0.0	0.0
114	protein1	236.05	6.65	2.2081945000000003
114	protein2	213.05	7.15	2.15741355
114	protein3	485.25	15.9	2.1573367
114	r0	6.6	0.0	0.0
114	r1	7.05	0.0	0.0
114	r2	5.75	0.0	0.0
114	rnapol	0.55	0.0	0.0
115	__protein1_rbs	3.2	0.0	0.0
115	__protein2_rbs	4.2	0.0	0.0
115	__protein3_rbs	9.4	0.0	0.0
115	__ribosome	37.45	0.0	0.0
115	__rnase_site_ext	16.85	0.0	0.0
115	p0	0.95	0.0	0.0
115	p1	0.7	0.0	0.0
115	p2	0.75	0.0	0.0
115	protein1	239.25	6.55	2.2272421
115	protein2	216.55	7.15	2.0640548
115	protein3	491.75	15.95	2.1575495
115	r0	6.55	0.0	0.0
115	r1	7.1	0.0	0.0
115	r2	5.8	0.0	0.0
115	rnapol	0.55	0.0	0.0
116	__protein1_rbs	3.7	0.0	0.0
116	__protein2_rbs	4.65	0.0	0.0
116	__protein3_rbs	8.45	0.0	0.0
116	__ribosome	36.25	0.0	0.0
116	__rnase_site_ext	17.15	0.0	0.0
116	p0	0.9	0.0	0.0
116	p1	0.8	0.0	0.0
116	p2	0.7	0.0	0.0
116	protein1	242.05	6.55	2.2159325
116	protein2	219.0	7.25	2.09397725
116	protein3	498.3	16.0	2.18788945
116	r0	6.6	0.0	0.0
116	r1	7.0	0.0	0.0
116	r2	5.85	0.0	0.0
116	rnapol	0.4	0.0	0.0
117	__protein1_rbs	3.9	0.0	0.0
117	__protein2_rbs	4.25	0.0	0.0
117	__protein3_rbs	9.7	0.0	0.0
117	__ribosome	37.3	0.0	0.0
117	__rnase_site_ext	17.15	0.0	0.0
117	p0	0.95	0.0	0.0
117	p1	0.85	0.0	0.0
117	p2	0.7	0.0	0.0
117	protein1	244.8	6.6	2.18720235
117	protein2	222.1	7.35	2.06803755
117	protein3	505.5	16.3	2.0888635
117	r0	6.6	0.0	0.0
117	r1	6.9	0.0	0.0
117	r2	5.95	0.0	0.0
117	rnapol	0.5	0.0	0.0
118	__protein1_rbs	3.25	0.0	0.0
118	__protein2_rbs	4.15	0.0	0.0
118	__protein3_rbs	9.0	0.0	0.0
118	__ribosome	35.5	0.0	0.0
118	__rnase_site_ext	17.25	0.0	0.0
118	p0	0.95	0.0	0.0
118	p1	0.95	0.0	0.0
118	p2	0.5	0.0	0.0
118	protein1	247.4	6.7	2.2996501
118	protein2	224.5	7.3	2.14975105
118	protein3	512.55	16.35	2.1198695
118	r0	6.65	0.0	0.0
118	r1	6.9	0.0	0.0
118	r2	6.05	0.0	0.0
118	rnapol	0.4	0.0	0.0
119	__protein1_rbs	4.1	0.0	0.0
119	__protein2_rbs	3.9	0.0	0.0
119	__protein3_rbs	8.95	0.0	0.0
119	__ribosome	35.05	0.0	0.0
119	__rnase_site_ext	17.45	0.0	0.0
119	p0	0.9	0.0	0.0
119	p1	0.85	0.0	0.0
119	p2	0.65	0.0	0.0
119	protein1	250.1	6.65	2.3016306
119	protein2	227.9	7.2	2.10291675
119	protein3	518.65	16.35	2.1836084500000004
119	r0	6.65	0.0	0.0
119	r1	6.85	0.0	0.0
119	r2	6.0	0.0	0.0
119	rnapol	0.3	0.0	0.0
120	__protein1_rbs	3.95	0.0	0.0
120	__protein2_rbs	4.2	0.0	0.0
120	__protein3_rbs	9.7	0.0	0.0
120	__ribosome	35.4	0.0	0.0
120	__rnase_site_ext	17.5	0.0	0.0
120	p0	0.9	0.0	0.0
120	p1	0.9	0.0	0.0
120	p2	0.85	0.0	0.0
120	protein1	253.3	6.7	2.1825468999999997
120	protein2	230.5	7.2	2.13302855
120	protein3	525.35	16.6	2.1509542500000003
120	r0	6.7	0.0	0.0
120	r1	6.65	0.0	0.0
120	r2	5.95	0.0	0.0
120	rnapol	0.55	0.0	0.0
121	__protein1_rbs	3.7	0.0	0.0
121	__protein2_rbs	3.8	0.0	0.0
121	__protein3_rbs	9.85	0.0	0.0
121	__ribosome	35.05	0.0	0.0
121	__rnase_site_ext	17.45	0.0	0.0
121	p0	0.85	0.0	0.0
121	p1	0.85	0.0	0.0
121	p2	0.85	0.0	0.0
121	protein1	256.35	6.7	2.1417857000000002
121	protein2	233.3	7.1	2.2408875000000004
121	protein3	531.85	16.7	2.15266395
121	r0	6.8	0.0	0.0
121	r1	6.75	0.0	0.0
121	r2	5.95	0.0	0.0
121	rnapol	0.55	0.0	0.0
122	__protein1_rbs	4.15	0.0	0.0
122	__protein2_rbs	4.0	0.0	0.0
122	__protein3_rbs	9.85	0.0	0.0
122	__ribosome	35.75	0.0	0.0
122	__rnase_site_ext	17.7	0.0	0.0
122	p0	0.9	0.0	0.0
122	p1	0.9	0.0	0.0
122	p2	0.65	0.0	0.0
122	protein1	258.9	6.8	2.07219515
122	protein2	236.55	7.05	2.1911057000000005
122	protein3	539.0	16.7	2.1272581500000003
122	r0	6.85	0.0	0.0
122	r1	6.75	0.0	0.0
122	r2	6.15	0.0	0.0
122	rnapol	0.55	0.0	0.0
123	__protein1_rbs	3.65	0.0	0.0
123	__protein2_rbs	4.15	0.0	0.0
123	__protein3_rbs	9.65	0.0	0.0
123	__ribosome	35.4	0.0	0.0
123	__rnase_site_ext	17.7	0.0	0.0
123	p0	0.95	0.0	0.0
123	p1	0.9	0.0	0.0
123	p2	0.7	0.0	0.0
123	protein1	261.85	6.85	2.1181115000000004
123	protein2	239.3	7.0	2.25431455
123	protein3	546.05	16.7	2.12270025
123	r0	7.0	0.0	0.0
123	r1	6.8	0.0	0.0
123	r2	6.1	0.0	0.0
123	rnapol	0.55	0.0	0.0
124	__protein1_rbs	3.95	0.0	0.0
124	__protein2_rbs	4.0	0.0	0.0
124	__protein3_rbs	9.55	0.0	0.0
124	__ribosome	35.0	0.0	0.0
124	__rnase_site_ext	17.85	0.0	0.0
124	p0	0.95	0.0	0.0
124	p1	0.95	0.0	0.0
124	p2	0.5	0.0	0.0
124	protein1	264.45	7.0	2.0695471999999997
124	protein2	242.45	6.95	2.2175107999999994
124	protein3	552.65	16.6	2.1629627
124	r0	6.95	0.0	0.0
124	r1	6.85	0.0	0.0
124	r2	6.05	0.0	0.0
124	rnapol	0.45	0.0	0.0
125	__protein1_rbs	4.35	0.0	0.0
125	__protein2_rbs	4.1	0.0	0.0
125	__protein3_rbs	10.0	0.0	0.0
125	__ribosome	35.6	0.0	0.0
125	__rnase_site_ext	18.05	0.0	0.0
125	p0	0.85	0.0	0.0
125	p1	0.8	0.0	0.0
125	p2	0.7	0.0	0.0
125	protein1	267.05	6.95	2.08990435
125	protein2	245.4	6.8	2.2550505000000003
125	protein3	560.05	16.85	2.0993306
125	r0	6.95	0.0	0.0
125	r1	6.85	0.0	0.0
125	r2	6.05	0.0	0.0
125	rnapol	0.5	0.0	0.0
126	__protein1_rbs	4.15	0.0	0.0
126	__protein2_rbs	3.85	0.0	0.0
126	__protein3_rbs	9.95	0.0	0.0
126	__ribosome	35.2	0.0	0.0
126	__rnase_site_ext	18.25	0.0	0.0
126	p0	0.9	0.0	0.0
126	p1	0.8	0.0	0.0
126	p2	0.7	0.0	0.0
126	protein1	269.9	6.95	2.0803788000000005
126	protein2	248.2	6.75	2.2789033
126	protein3	566.7	17.05	2.100072
126	r0	7.1	0.0	0.0
126	r1	6.8	0.0	0.0
126	r2	5.85	0.0	0.0
126	rnapol	0.35	0.0	0.0
127	__protein1_rbs	3.95	0.0	0.0
127	__protein2_rbs	4.25	0.0	0.0
127	__protein3_rbs	9.35	0.0	0.0
127	__ribosome	35.0	0.0	0.0
127	__rnase_site_ext	18.4	0.0	0.0
127	p0	0.95	0.0	0.0
127	p1	0.9	0.0	0.0
127	p2	0.6	0.0	0.0
127	protein1	272.65	7.05	2.0948611
127	protein2	251.45	6.95	2.10918295
127	protein3	573.6	17.1	2.1289946
127	r0	7.25	0.0	0.0
127	r1	6.7	0.0	0.0
127	r2	5.95	0.0	0.0
127	rnapol	0.3	0.0	0.0
128	__protein1_rbs	3.8	0.0	0.0
128	__protein2_rbs	4.05	0.0	0.0
128	__protein3_rbs	9.65	0.0	0.0
128	__ribosome	34.9	0.0	0.0
128	__rnase_site_ext	18.5	0.0	0.0
128	p0	1.0	0.0	0.0
128	p1	0.9	0.0	0.0
128	p2	0.75	0.0	0.0
128	protein1	275.45	7.25	2.1057160499999994
128	protein2	254.8	6.95	2.0259903
128	protein3	580.75	17.05	2.1455972
128	r0	7.2	0.0	0.0
128	r1	6.7	0.0	0.0
128	r2	5.9	0.0	0.0
128	rnapol	0.3	0.0	0.0
129	__protein1_rbs	4.75	0.0	0.0
129	__protein2_rbs	4.35	0.0	0.0
129	__protein3_rbs	9.3	0.0	0.0
129	__ribosome	35.6	0.0	0.0
129	__rnase_site_ext	18.6	0.0	0.0
129	p0	0.95	0.0	0.0
129	p1	0.9	0.0	0.0
129	p2	0.75	0.0	0.0
129	protein1	278.5	7.2	2.00289685
129	protein2	257.65	6.95	1.9698394500000005
129	protein3	587.85	17.15	2.1544204
129	r0	7.25	0.0	0.0
129	r1	6.7	0.0	0.0
129	r2	5.9	0.0	0.0
129	rnapol	0.3	0.0	0.0
130	__protein1_rbs	4.15	0.0	0.0
130	__protein2_rbs	4.25	0.0	0.0
130	__protein3_rbs	9.65	0.0	0.0
130	__ribosome	34.75	0.0	0.0
130	__rnase_site_ext	18.65	0.0	0.0
130	p0	0.95	0.0	0.0
130	p1	0.85	0.0	0.0
130	p2	0.85	0.0	0.0
130	protein1	281.4	7.25	2.0579762
130	protein2	260.05	7.0	2.05102815
130	protein3	594.45	17.15	2.1717615
130	r0	7.3	0.0	0.0
130	r1	6.7	0.0	0.0
130	r2	5.9	0.0	0.0
130	rnapol	0.25	0.0	0.0
131	__protein1_rbs	3.95	0.0	0.0
131	__protein2_rbs	3.6	0.0	0.0
131	__protein3_rbs	9.55	0.0	0.0
131	__ribosome	33.65	0.0	0.0
131	__rnase_site_ext	18.4	0.0	0.0
131	p0	0.85	0.0	0.0
131	p1	0.85	0.0	0.0
131	p2	0.8	0.0	0.0
131	protein1	284.45	7.3	2.03857145
131	protein2	262.75	7.05	2.13396825
131	protein3	601.65	17.15	2.2014129500000004
131	r0	7.3	0.0	0.0
131	r1	6.8	0.0	0.0
131	r2	5.95	0.0	0.0
131	rnapol	0.55	0.0	0.0
132	__protein1_rbs	4.1	0.0	0.0
132	__protein2_rbs	4.15	0.0	0.0
132	__protein3_rbs	10.35	0.0	0.0
132	__ribosome	34.5	0.0	0.0
132	__rnase_site_ext	18.35	0.0	0.0
132	p0	1.0	0.0	0.0
132	p1	0.8	0.0	0.0
132	p2	0.85	0.0	0.0
132	protein1	287.05	7.3	2.09035715
132	protein2	265.3	6.95	2.0977922
132	protein3	609.25	17.05	2.1409592
132	r0	7.3	0.0	0.0
132	r1	6.65	0.0	0.0
132	r2	5.8	0.0	0.0
132	rnapol	0.75	0.0	0.0
133	__protein1_rbs	4.55	0.0	0.0
133	__protein2_rbs	4.0	0.0	0.0
133	__protein3_rbs	9.8	0.0	0.0
133	__ribosome	34.6	0.0	0.0
133	__rnase_site_ext	18.55	0.0	0.0
133	p0	0.9	0.0	0.0
133	p1	0.85	0.0	0.0
133	p2	0.55	0.0	0.0
133	protein1	290.0	7.35	2.0793362
133	protein2	268.05	6.9	2.1443001500000003
133	protein3	616.15	16.9	2.1519485
133	r0	7.35	0.0	0.0
133	r1	6.85	0.0	0.0
133	r2	5.8	0.0	0.0
133	rnapol	0.55	0.0	0.0
134	__protein1_rbs	4.15	0.0	0.0
134	__protein2_rbs	3.8	0.0	0.0
134	__protein3_rbs	9.5	0.0	0.0
134	__ribosome	33.85	0.0	0.0
134	__rnase_site_ext	18.6	0.0	0.0
134	p0	0.9	0.0	0.0
134	p1	0.9	0.0	0.0
134	p2	0.75	0.0	0.0
134	protein1	292.7	7.35	2.1516215
134	protein2	270.9	6.9	2.19797615
134	protein3	623.15	16.85	2.15578325
134	r0	7.35	0.0	0.0
134	r1	7.0	0.0	0.0
134	r2	5.65	0.0	0.0
134	rnapol	0.7	0.0	0.0
135	__protein1_rbs	3.95	0.0	0.0
135	__protein2_rbs	4.2	0.0	0.0
135	__protein3_rbs	9.65	0.0	0.0
135	__ribosome	34.75	0.0	0.0
135	__rnase_site_ext	18.65	0.0	0.0
135	p0	0.75	0.0	0.0
135	p1	0.75	0.0	0.0
135	p2	0.8	0.0	0.0
135	protein1	295.95	7.35	2.1631709999999997
135	protein2	273.45	6.85	2.2306547
135	protein3	631.1	16.95	2.0870526999999996
135	r0	7.4	0.0	0.0
135	r1	7.0	0.0	0.0
135	r2	5.5	0.0	0.0
135	rnapol	0.55	0.0	0.0
136	__protein1_rbs	4.35	0.0	0.0
136	__protein2_rbs	4.15	0.0	0.0
136	__protein3_rbs	9.8	0.0	0.0
136	__ribosome	34.45	0.0	0.0
136	__rnase_site_ext	18.9	0.0	0.0
136	p0	0.95	0.0	0.0
136	p1	0.7	0.0	0.0
136	p2	0.8	0.0	0.0
136	protein1	298.7	7.4	2.21033375
136	protein2	276.25	6.9	2.2270436000000005
136	protein3	637.9	17.0	2.08830155
136	r0	7.65	0.0	0.0
136	r1	7.0	0.0	0.0
136	r2	5.45	0.0	0.0
136	rnapol	0.65	0.0	0.0
137	__protein1_rbs	4.65	0.0	0.0
137	__protein2_rbs	3.85	0.0	0.0
137	__protein3_rbs	9.85	0.0	0.0
137	__ribosome	34.35	0.0	0.0
137	__rnase_site_ext	18.75	0.0	0.0
137	p0	0.95	0.0	0.0
137	p1	0.8	0.0	0.0
137	p2	0.7	0.0	0.0
137	protein1	301.85	7.65	2.1151100500000006
137	protein2	279.25	7.1	2.1632340999999995
137	protein3	644.85	16.75	2.11748775
137	r0	7.7	0.0	0.0
137	r1	7.1	0.0	0.0
137	r2	5.5	0.0	0.0
137	rnapol	0.5	0.0	0.0
138	__protein1_rbs	4.3	0.0	0.0
138	__protein2_rbs	3.85	0.0	0.0
138	__protein3_rbs	9.8	0.0	0.0
138	__ribosome	33.55	0.0	0.0
138	__rnase_site_ext	18.8	0.0	0.0
138	p0	0.95	0.0	0.0
138	p1	0.95	0.0	0.0
138	p2	0.7	0.0	0.0
138	protein1	304.85	7.65	2.1441432
138	protein2	282.0	7.2	2.20670625
138	protein3	651.5	16.6	2.1575787999999996
138	r0	7.7	0.0	0.0
138	r1	7.15	0.0	0.0
138	r2	5.65	0.0	0.0
138	rnapol	0.45	0.0	0.0
139	__protein1_rbs	4.4	0.0	0.0
139	__protein2_rbs	4.35	0.0	0.0
139	__protein3_rbs	9.8	0.0	0.0
139	__ribosome	33.45	0.0	0.0
139	__rnase_site_ext	18.65	0.0	0.0
139	p0	0.8	0.0	0.0
139	p1	0.9	0.0	0.0
139	p2	0.55	0.0	0.0
139	protein1	307.75	7.7	2.17719515
139	protein2	285.25	7.1	2.14738095
139	protein3	658.25	16.6	2.18031435
139	r0	7.65	0.0	0.0
139	r1	7.15	0.0	0.0
139	r2	5.65	0.0	0.0
139	rnapol	0.35	0.0	0.0
140	__protein1_rbs	4.75	0.0	0.0
140	__protein2_rbs	4.2	0.0	0.0
140	__protein3_rbs	9.9	0.0	0.0
140	__ribosome	34.3	0.0	0.0
140	__rnase_site_ext	18.7	0.0	0.0
140	p0	0.85	0.0	0.0
140	p1	0.8	0.0	0.0
140	p2	0.75	0.0	0.0
140	protein1	311.45	7.65	2.0838779999999995
140	protein2	288.1	7.15	2.15454365
140	protein3	665.4	16.4	2.1704233000000004
140	r0	7.7	0.0	0.0
140	r1	7.25	0.0	0.0
140	r2	5.7	0.0	0.0
140	rnapol	0.4	0.0	0.0
141	__protein1_rbs	4.1	0.0	0.0
141	__protein2_rbs	4.6	0.0	0.0
141	__protein3_rbs	9.35	0.0	0.0
141	__ribosome	34.05	0.0	0.0
141	__rnase_site_ext	19.05	0.0	0.0
141	p0	1.0	0.0	0.0
141	p1	0.9	0.0	0.0
141	p2	0.75	0.0	0.0
141	protein1	314.1	7.65	2.1767965000000005
141	protein2	290.5	7.25	2.12305555
141	protein3	673.0	16.6	2.1112309499999995
141	r0	7.75	0.0	0.0
141	r1	7.2	0.0	0.0
141	r2	5.75	0.0	0.0
141	rnapol	0.6	0.0	0.0
142	__protein1_rbs	4.6	0.0	0.0
142	__protein2_rbs	3.9	0.0	0.0
142	__protein3_rbs	9.5	0.0	0.0
142	__ribosome	33.15	0.0	0.0
142	__rnase_site_ext	18.95	0.0	0.0
142	p0	0.85	0.0	0.0
142	p1	0.9	0.0	0.0
142	p2	0.65	0.0	0.0
142	protein1	316.95	7.7	2.19428575
142	protein2	293.8	7.35	2.0290278
142	protein3	679.15	16.75	2.1443007
142	r0	7.75	0.0	0.0
142	r1	7.35	0.0	0.0
142	r2	5.85	0.0	0.0
142	rnapol	0.4	0.0	0.0
143	__protein1_rbs	4.0	0.0	0.0
143	__protein2_rbs	4.05	0.0	0.0
143	__protein3_rbs	10.35	0.0	0.0
143	__ribosome	34.2	0.0	0.0
143	__rnase_site_ext	19.3	0.0	0.0
143	p0	0.85	0.0	0.0
143	p1	0.8	0.0	0.0
143	p2	0.6	0.0	0.0
143	protein1	320.55	7.75	2.15160715
143	protein2	296.85	7.4	2.0382576
143	protein3	686.35	16.7	2.0993008
143	r0	7.85	0.0	0.0
143	r1	7.4	0.0	0.0
143	r2	5.85	0.0	0.0
143	rnapol	0.3	0.0	0.0
144	__protein1_rbs	4.85	0.0	0.0
144	__protein2_rbs	4.55	0.0	0.0
144	__protein3_rbs	9.75	0.0	0.0
144	__ribosome	35.1	0.0	0.0
144	__rnase_site_ext	19.45	0.0	0.0
144	p0	1.0	0.0	0.0
144	p1	0.75	0.0	0.0
144	p2	0.55	0.0	0.0
144	protein1	323.65	7.8	2.09556315
144	protein2	299.55	7.45	2.0038481
144	protein3	693.65	16.85	2.04909075
144	r0	8.0	0.0	0.0
144	r1	7.5	0.0	0.0
144	r2	5.95	0.0	0.0
144	rnapol	0.35	0.0	0.0
145	__protein1_rbs	4.7	0.0	0.0
145	__protein2_rbs	4.6	0.0	0.0
145	__protein3_rbs	10.15	0.0	0.0
145	__ribosome	34.65	0.0	0.0
145	__rnase_site_ext	19.55	0.0	0.0
145	p0	0.95	0.0	0.0
145	p1	0.75	0.0	0.0
145	p2	0.85	0.0	0.0
145	protein1	326.9	8.0	2.0450699
145	protein2	302.55	7.5	1.9861857499999995
145	protein3	699.85	17.1	2.0410517
145	r0	8.0	0.0	0.0
145	r1	7.5	0.0	0.0
145	r2	5.85	0.0	0.0
145	rnapol	0.3	0.0	0.0
146	__protein1_rbs	4.85	0.0	0.0
146	__protein2_rbs	4.4	0.0	0.0
146	__protein3_rbs	10.55	0.0	0.0
146	__ribosome	33.9	0.0	0.0
146	__rnase_site_ext	19.4	0.0	0.0
146	p0	1.0	0.0	0.0
146	p1	0.85	0.0	0.0
146	p2	0.9	0.0	0.0
146	protein1	329.75	8.0	2.08201005
146	protein2	304.85	7.55	2.09515635
146	protein3	707.25	17.5	1.98622785
146	r0	7.95	0.0	0.0
146	r1	7.55	0.0	0.0
146	r2	5.8	0.0	0.0
146	rnapol	0.45	0.0	0.0
147	__protein1_rbs	4.9	0.0	0.0
147	__protein2_rbs	4.7	0.0	0.0
147	__protein3_rbs	9.8	0.0	0.0
147	__ribosome	33.5	0.0	0.0
147	__rnase_site_ext	19.4	0.0	0.0
147	p0	1.0	0.0	0.0
147	p1	0.9	0.0	0.0
147	p2	0.7	0.0	0.0
147	protein1	333.0	7.95	2.0678986000000004
147	protein2	308.25	7.7	2.00559905
147	protein3	713.85	17.3	2.06469045
147	r0	7.95	0.0	0.0
147	r1	7.4	0.0	0.0
147	r2	5.85	0.0	0.0
147	rnapol	0.5	0.0	0.0
148	__protein1_rbs	4.65	0.0	0.0
148	__protein2_rbs	4.3	0.0	0.0
148	__protein3_rbs	10.8	0.0	0.0
148	__ribosome	33.1	0.0	0.0
148	__rnase_site_ext	19.5	0.0	0.0
148	p0	0.9	0.0	0.0
148	p1	0.9	0.0	0.0
148	p2	0.65	0.0	0.0
148	protein1	336.45	7.95	2.04531745
148	protein2	311.4	7.65	2.0362121
148	protein3	720.05	17.25	2.08841655
148	r0	7.9	0.0	0.0
148	r1	7.55	0.0	0.0
148	r2	5.7	0.0	0.0
148	rnapol	0.45	0.0	0.0
149	__protein1_rbs	4.4	0.0	0.0
149	__protein2_rbs	4.4	0.0	0.0
149	__protein3_rbs	10.3	0.0	0.0
149	__ribosome	32.55	0.0	0.0
149	__rnase_site_ext	19.25	0.0	0.0
149	p0	0.9	0.0	0.0
149	p1	0.85	0.0	0.0
149	p2	0.75	0.0	0.0
149	protein1	339.45	7.9	2.11807175
149	protein2	314.1	7.7	2.0782792000000003
149	protein3	727.15	17.05	2.1024321
149	r0	8.0	0.0	0.0
149	r1	7.55	0.0	0.0
149	r2	5.8	0.0	0.0
149	rnapol	0.5	0.0	0.0
150	__protein1_rbs	4.95	0.0	0.0
150	__protein2_rbs	4.7	0.0	0.0
150	__protein3_rbs	11.2	0.0	0.0
150	__ribosome	33.4	0.0	0.0
150	__rnase_site_ext	19.35	0.0	0.0
150	p0	0.95	0.0	0.0
150	p1	0.8	0.0	0.0
150	p2	0.75	0.0	0.0
150	protein1	342.5	8.0	2.0608983000000007
150	protein2	317.35	7.75	2.044608600000001
150	protein3	733.85	17.15	2.056925
150	r0	8.0	0.0	0.0
150	r1	7.6	0.0	0.0
150	r2	5.9	0.0	0.0
150	rnapol	0.65	0.0	0.0
151	__protein1_rbs	4.85	0.0	0.0
151	__protein2_rbs	4.55	0.0	0.0
151	__protein3_rbs	9.5	0.0	0.0
151	__ribosome	33.05	0.0	0.0
151	__rnase_site_ext	19.55	0.0	0.0
151	p0	0.8	0.0	0.0
151	p1	0.85	0.0	0.0
151	p2	0.7	0.0	0.0
151	protein1	345.85	8.05	2.0127399000000006
151	protein2	319.95	7.8	2.07242965
151	protein3	740.85	17.1	2.059850850000001
151	r0	8.0	0.0	0.0
151	r1	7.75	0.0	0.0
151	r2	5.9	0.0	0.0
151	rnapol	0.45	0.0	0.0
152	__protein1_rbs	5.3	0.0	0.0
152	__protein2_rbs	4.9	0.0	0.0
152	__protein3_rbs	10.25	0.0	0.0
152	__ribosome	34.85	0.0	0.0
152	__rnase_site_ext	19.55	0.0	0.0
152	p0	0.9	0.0	0.0
152	p1	0.8	0.0	0.0
152	p2	0.7	0.0	0.0
152	protein1	349.15	8.0	1.96932365
152	protein2	323.25	7.8	2.0388156500000005
152	protein3	748.55	16.95	2.0213136
152	r0	8.15	0.0	0.0
152	r1	7.7	0.0	0.0
152	r2	5.9	0.0	0.0
152	rnapol	0.65	0.0	0.0
153	__protein1_rbs	4.6	0.0	0.0
153	__protein2_rbs	5.2	0.0	0.0
153	__protein3_rbs	9.25	0.0	0.0
153	__ribosome	33.6	0.0	0.0
153	__rnase_site_ext	19.6	0.0	0.0
153	p0	0.9	0.0	0.0
153	p1	0.85	0.0	0.0
153	p2	0.6	0.0	0.0
153	protein1	351.8	8.15	2.04728535
153	protein2	326.65	7.8	1.9117642
153	protein3	755.15	17.1	2.0745706000000004
153	r0	8.15	0.0	0.0
153	r1	7.75	0.0	0.0
153	r2	6.05	0.0	0.0
153	rnapol	0.45	0.0	0.0
154	__protein1_rbs	5.0	0.0	0.0
154	__protein2_rbs	5.05	0.0	0.0
154	__protein3_rbs	10.1	0.0	0.0
154	__ribosome	34.55	0.0	0.0
154	__rnase_site_ext	19.4	0.0	0.0
154	p0	0.95	0.0	0.0
154	p1	0.9	0.0	0.0
154	p2	0.7	0.0	0.0
154	protein1	355.3	8.2	1.9727561
154	protein2	329.55	7.8	1.89940475
154	protein3	762.2	17.25	2.0208329
154	r0	8.15	0.0	0.0
154	r1	7.75	0.0	0.0
154	r2	6.1	0.0	0.0
154	rnapol	0.4	0.0	0.0
155	__protein1_rbs	4.65	0.0	0.0
155	__protein2_rbs	4.75	0.0	0.0
155	__protein3_rbs	10.15	0.0	0.0
155	__ribosome	32.75	0.0	0.0
155	__rnase_site_ext	19.4	0.0	0.0
155	p0	0.9	0.0	0.0
155	p1	0.9	0.0	0.0
155	p2	0.85	0.0	0.0
155	protein1	358.4	8.15	1.999439
155	protein2	332.3	7.9	1.90501985
155	protein3	768.05	17.3	2.1058817000000003
155	r0	8.0	0.0	0.0
155	r1	7.6	0.0	0.0
155	r2	6.2	0.0	0.0
155	rnapol	0.5	0.0	0.0
156	__protein1_rbs	5.0	0.0	0.0
156	__protein2_rbs	4.35	0.0	0.0
156	__protein3_rbs	10.9	0.0	0.0
156	__ribosome	33.1	0.0	0.0
156	__rnase_site_ext	19.35	0.0	0.0
156	p0	0.95	0.0	0.0
156	p1	0.95	0.0	0.0
156	p2	0.7	0.0	0.0
156	protein1	361.55	8.05	2.04601195
156	protein2	335.7	7.95	1.9251336
156	protein3	775.2	17.3	2.0761353
156	r0	8.05	0.0	0.0
156	r1	7.6	0.0	0.0
156	r2	6.1	0.0	0.0
156	rnapol	0.35	0.0	0.0
157	__protein1_rbs	4.55	0.0	0.0
157	__protein2_rbs	4.85	0.0	0.0
157	__protein3_rbs	9.7	0.0	0.0
157	__ribosome	31.55	0.0	0.0
157	__rnase_site_ext	19.05	0.0	0.0
157	p0	1.0	0.0	0.0
157	p1	1.0	0.0	0.0
157	p2	0.65	0.0	0.0
157	protein1	364.8	8.05	2.09966095
157	protein2	338.65	8.0	1.918355
157	protein3	781.9	17.25	2.14985335
157	r0	8.0	0.0	0.0
157	r1	7.6	0.0	0.0
157	r2	6.2	0.0	0.0
157	rnapol	0.35	0.0	0.0
158	__protein1_rbs	4.75	0.0	0.0
158	__protein2_rbs	5.0	0.0	0.0
158	__protein3_rbs	10.8	0.0	0.0
158	__ribosome	33.2	0.0	0.0
158	__rnase_site_ext	19.1	0.0	0.0
158	p0	1.0	0.0	0.0
158	p1	0.85	0.0	0.0
158	p2	0.65	0.0	0.0
158	protein1	368.3	7.95	2.0925704000000005
158	protein2	341.25	7.9	1.96855165
158	protein3	789.45	17.3	2.05795095
158	r0	7.85	0.0	0.0
158	r1	7.75	0.0	0.0
158	r2	6.35	0.0	0.0
158	rnapol	0.55	0.0	0.0
159	__protein1_rbs	5.3	0.0	0.0
159	__protein2_rbs	4.65	0.0	0.0
159	__protein3_rbs	10.55	0.0	0.0
159	__ribosome	33.65	0.0	0.0
159	__rnase_site_ext	19.3	0.0	0.0
159	p0	1.0	0.0	0.0
159	p1	0.8	0.0	0.0
159	p2	0.65	0.0	0.0
159	protein1	371.05	7.75	2.2360877
159	protein2	344.4	7.85	1.9978373
159	protein3	796.75	17.55	2.00516455
159	r0	7.55	0.0	0.0
159	r1	7.8	0.0	0.0
159	r2	6.3	0.0	0.0
159	rnapol	0.55	0.0	0.0
160	__protein1_rbs	4.3	0.0	0.0
160	__protein2_rbs	4.85	0.0	0.0
160	__protein3_rbs	10.15	0.0	0.0
160	__ribosome	32.85	0.0	0.0
160	__rnase_site_ext	19.55	0.0	0.0
160	p0	0.8	0.0	0.0
160	p1	0.75	0.0	0.0
160	p2	0.6	0.0	0.0
160	protein1	374.35	7.6	2.2392856999999995
160	protein2	347.15	7.95	1.99636905
160	protein3	803.85	17.75	1.998111
160	r0	7.55	0.0	0.0
160	r1	7.75	0.0	0.0
160	r2	6.45	0.0	0.0
160	rnapol	0.3	0.0	0.0
161	__protein1_rbs	4.55	0.0	0.0
161	__protein2_rbs	4.75	0.0	0.0
161	__protein3_rbs	10.8	0.0	0.0
161	__ribosome	33.35	0.0	0.0
161	__rnase_site_ext	19.65	0.0	0.0
161	p0	0.9	0.0	0.0
161	p1	0.8	0.0	0.0
161	p2	0.7	0.0	0.0
161	protein1	377.55	7.55	2.12676595
161	protein2	350.35	7.9	2.0122055000000003
161	protein3	810.8	18.05	1.9769581000000005
161	r0	7.7	0.0	0.0
161	r1	7.8	0.0	0.0
161	r2	6.5	0.0	0.0
161	rnapol	0.45	0.0	0.0
162	__protein1_rbs	3.9	0.0	0.0
162	__protein2_rbs	5.05	0.0	0.0
162	__protein3_rbs	10.25	0.0	0.0
162	__ribosome	32.45	0.0	0.0
162	__rnase_site_ext	19.8	0.0	0.0
162	p0	0.9	0.0	0.0
162	p1	0.8	0.0	0.0
162	p2	0.65	0.0	0.0
162	protein1	381.1	7.7	2.1405357000000005
162	protein2	353.65	7.95	1.94624815
162	protein3	817.7	18.2	1.99851415
162	r0	7.7	0.0	0.0
162	r1	7.9	0.0	0.0
162	r2	6.45	0.0	0.0
162	rnapol	0.25	0.0	0.0
163	__protein1_rbs	4.5	0.0	0.0
163	__protein2_rbs	4.75	0.0	0.0
163	__protein3_rbs	10.75	0.0	0.0
163	__ribosome	30.95	0.0	0.0
163	__rnase_site_ext	19.6	0.0	0.0
163	p0	0.95	0.0	0.0
163	p1	0.8	0.0	0.0
163	p2	0.85	0.0	0.0
163	protein1	384.15	7.7	2.14170785
163	protein2	356.65	7.95	1.97228
163	protein3	823.75	18.25	2.0512594499999994
163	r0	7.8	0.0	0.0
163	r1	7.85	0.0	0.0
163	r2	6.4	0.0	0.0
163	rnapol	0.55	0.0	0.0
164	__protein1_rbs	4.7	0.0	0.0
164	__protein2_rbs	4.95	0.0	0.0
164	__protein3_rbs	10.75	0.0	0.0
164	__ribosome	30.4	0.0	0.0
164	__rnase_site_ext	19.85	0.0	0.0
164	p0	0.9	0.0	0.0
164	p1	0.85	0.0	0.0
164	p2	0.85	0.0	0.0
164	protein1	386.75	7.75	2.1077685999999995
164	protein2	359.5	8.1	2.001847
164	protein3	830.95	18.4	2.0519465
164	r0	7.65	0.0	0.0
164	r1	7.85	0.0	0.0
164	r2	6.25	0.0	0.0
164	rnapol	0.5	0.0	0.0
165	__protein1_rbs	4.75	0.0	0.0
165	__protein2_rbs	4.85	0.0	0.0
165	__protein3_rbs	11.3	0.0	0.0
165	__ribosome	31.0	0.0	0.0
165	__rnase_site_ext	19.95	0.0	0.0
165	p0	0.95	0.0	0.0
165	p1	0.85	0.0	0.0
165	p2	0.65	0.0	0.0
165	protein1	389.8	7.7	2.07429865
165	protein2	362.8	8.0	1.997583
165	protein3	838.35	18.5	2.0310502500000003
165	r0	7.75	0.0	0.0
165	r1	7.75	0.0	0.0
165	r2	6.2	0.0	0.0
165	rnapol	0.45	0.0	0.0
166	__protein1_rbs	4.0	0.0	0.0
166	__protein2_rbs	4.55	0.0	0.0
166	__protein3_rbs	11.2	0.0	0.0
166	__ribosome	30.35	0.0	0.0
166	__rnase_site_ext	19.85	0.0	0.0
166	p0	0.95	0.0	0.0
166	p1	0.95	0.0	0.0
166	p2	0.8	0.0	0.0
166	protein1	393.0	7.75	2.1254015
166	protein2	365.85	8.05	2.05683435
166	protein3	845.55	18.4	2.02837315
166	r0	7.75	0.0	0.0
166	r1	7.8	0.0	0.0
166	r2	6.3	0.0	0.0
166	rnapol	0.55	0.0	0.0
167	__protein1_rbs	5.15	0.0	0.0
167	__protein2_rbs	5.3	0.0	0.0
167	__protein3_rbs	10.7	0.0	0.0
167	__ribosome	31.55	0.0	0.0
167	__rnase_site_ext	20.0	0.0	0.0
167	p0	0.95	0.0	0.0
167	p1	0.95	0.0	0.0
167	p2	0.6	0.0	0.0
167	protein1	396.65	7.75	1.9865892
167	protein2	368.6	8.0	2.0630158
167	protein3	853.1	18.55	2.0241339
167	r0	7.7	0.0	0.0
167	r1	7.7	0.0	0.0
167	r2	6.15	0.0	0.0
167	rnapol	0.9	0.0	0.0
168	__protein1_rbs	4.3	0.0	0.0
168	__protein2_rbs	4.5	0.0	0.0
168	__protein3_rbs	12.1	0.0	0.0
168	__ribosome	32.05	0.0	0.0
168	__rnase_site_ext	20.45	0.0	0.0
168	p0	0.75	0.0	0.0
168	p1	0.95	0.0	0.0
168	p2	0.45	0.0	0.0
168	protein1	399.3	7.7	2.10091985
168	protein2	371.85	8.0	2.08179115
168	protein3	860.95	18.55	1.9395114
168	r0	7.7	0.0	0.0
168	r1	7.8	0.0	0.0
168	r2	6.2	0.0	0.0
168	rnapol	0.55	0.0	0.0
169	__protein1_rbs	4.45	0.0	0.0
169	__protein2_rbs	4.95	0.0	0.0
169	__protein3_rbs	11.1	0.0	0.0
169	__ribosome	32.35	0.0	0.0
169	__rnase_site_ext	20.5	0.0	0.0
169	p0	0.85	0.0	0.0
169	p1	0.95	0.0	0.0
169	p2	0.7	0.0	0.0
169	protein1	402.7	7.65	2.0558333
169	protein2	375.0	7.95	2.0522204
169	protein3	867.9	18.7	1.9519986499999995
169	r0	7.75	0.0	0.0
169	r1	7.8	0.0	0.0
169	r2	6.05	0.0	0.0
169	rnapol	0.55	0.0	0.0
170	__protein1_rbs	5.15	0.0	0.0
170	__protein2_rbs	4.4	0.0	0.0
170	__protein3_rbs	11.4	0.0	0.0
170	__ribosome	32.0	0.0	0.0
170	__rnase_site_ext	20.65	0.0	0.0
170	p0	0.75	0.0	0.0
170	p1	0.85	0.0	0.0
170	p2	0.7	0.0	0.0
170	protein1	405.8	7.7	1.94569445
170	protein2	378.25	7.85	2.09123565
170	protein3	875.1	19.05	1.9441853
170	r0	7.75	0.0	0.0
170	r1	7.8	0.0	0.0
170	r2	6.15	0.0	0.0
170	rnapol	0.45	0.0	0.0
171	__protein1_rbs	4.75	0.0	0.0
171	__protein2_rbs	4.65	0.0	0.0
171	__protein3_rbs	10.95	0.0	0.0
171	__ribosome	32.2	0.0	0.0
171	__rnase_site_ext	20.8	0.0	0.0
171	p0	0.9	0.0	0.0
171	p1	0.75	0.0	0.0
171	p2	0.75	0.0	0.0
171	protein1	408.9	7.7	1.9314285
171	protein2	381.9	7.95	1.98877705
171	protein3	882.45	19.0	1.9697761
171	r0	7.85	0.0	0.0
171	r1	7.75	0.0	0.0
171	r2	6.1	0.0	0.0
171	rnapol	0.35	0.0	0.0
172	__protein1_rbs	4.8	0.0	0.0
172	__protein2_rbs	5.05	0.0	0.0
172	__protein3_rbs	11.45	0.0	0.0
172	__ribosome	31.75	0.0	0.0
172	__rnase_site_ext	20.9	0.0	0.0
172	p0	0.95	0.0	0.0
172	p1	0.85	0.0	0.0
172	p2	0.7	0.0	0.0
172	protein1	411.25	7.85	1.9572474999999998
172	protein2	384.85	8.1	1.9147151000000002
172	protein3	889.5	18.95	1.9957946499999997
172	r0	7.85	0.0	0.0
172	r1	7.6	0.0	0.0
172	r2	6.25	0.0	0.0
172	rnapol	0.4	0.0	0.0
173	__protein1_rbs	4.9	0.0	0.0
173	__protein2_rbs	4.75	0.0	0.0
173	__protein3_rbs	12.25	0.0	0.0
173	__ribosome	31.5	0.0	0.0
173	__rnase_site_ext	20.75	0.0	0.0
173	p0	0.85	0.0	0.0
173	p1	0.85	0.0	0.0
173	p2	0.9	0.0	0.0
173	protein1	414.7	7.85	1.9267406000000002
173	protein2	387.8	8.1	1.9834307500000008
173	protein3	896.2	19.05	2.00679805
173	r0	7.8	0.0	0.0
173	r1	7.4	0.0	0.0
173	r2	6.05	0.0	0.0
173	rnapol	0.5	0.0	0.0
174	__protein1_rbs	4.8	0.0	0.0
174	__protein2_rbs	5.15	0.0	0.0
174	__protein3_rbs	11.9	0.0	0.0
174	__ribosome	31.55	0.0	0.0
174	__rnase_site_ext	20.8	0.0	0.0
174	p0	0.9	0.0	0.0
174	p1	0.8	0.0	0.0
174	p2	0.75	0.0	0.0
174	protein1	417.65	7.8	1.87845055
174	protein2	390.75	7.95	1.9706872
174	protein3	903.8	19.2	1.98873045
174	r0	7.85	0.0	0.0
174	r1	7.25	0.0	0.0
174	r2	5.95	0.0	0.0
174	rnapol	0.35	0.0	0.0
175	__protein1_rbs	5.15	0.0	0.0
175	__protein2_rbs	5.05	0.0	0.0
175	__protein3_rbs	11.45	0.0	0.0
175	__ribosome	32.15	0.0	0.0
175	__rnase_site_ext	20.65	0.0	0.0
175	p0	0.95	0.0	0.0
175	p1	1.0	0.0	0.0
175	p2	0.95	0.0	0.0
175	protein1	420.6	7.9	1.86627165
175	protein2	394.05	8.05	1.9276154499999996
175	protein3	911.3	18.85	2.02401535
175	r0	7.95	0.0	0.0
175	r1	7.3	0.0	0.0
175	r2	5.85	0.0	0.0
175	rnapol	0.65	0.0	0.0
176	__protein1_rbs	4.7	0.0	0.0
176	__protein2_rbs	4.65	0.0	0.0
176	__protein3_rbs	11.55	0.0	0.0
176	__ribosome	32.55	0.0	0.0
176	__rnase_site_ext	21.05	0.0	0.0
176	p0	0.85	0.0	0.0
176	p1	0.95	0.0	0.0
176	p2	0.6	0.0	0.0
176	protein1	423.6	7.95	1.8659831000000002
176	protein2	397.25	7.9	2.0075325
176	protein3	919.45	19.05	1.9811267
176	r0	7.85	0.0	0.0
176	r1	7.4	0.0	0.0
176	r2	5.9	0.0	0.0
176	rnapol	0.5	0.0	0.0
177	__protein1_rbs	4.25	0.0	0.0
177	__protein2_rbs	5.3	0.0	0.0
177	__protein3_rbs	11.1	0.0	0.0
177	__ribosome	32.0	0.0	0.0
177	__rnase_site_ext	21.1	0.0	0.0
177	p0	0.8	0.0	0.0
177	p1	0.85	0.0	0.0
177	p2	0.8	0.0	0.0
177	protein1	426.5	7.85	1.9584326
177	protein2	399.85	7.8	2.00681455
177	protein3	926.9	18.75	2.00764835
177	r0	7.95	0.0	0.0
177	r1	7.5	0.0	0.0
177	r2	5.8	0.0	0.0
177	rnapol	0.3	0.0	0.0
178	__protein1_rbs	4.65	0.0	0.0
178	__protein2_rbs	4.9	0.0	0.0
178	__protein3_rbs	11.05	0.0	0.0
178	__ribosome	31.25	0.0	0.0
178	__rnase_site_ext	21.35	0.0	0.0
178	p0	1.0	0.0	0.0
178	p1	0.8	0.0	0.0
178	p2	0.65	0.0	0.0
178	protein1	428.95	8.0	2.04169195
178	protein2	403.5	7.6	1.9991143
178	protein3	933.5	18.9	2.0330525
178	r0	8.15	0.0	0.0
178	r1	7.6	0.0	0.0
178	r2	5.95	0.0	0.0
178	rnapol	0.4	0.0	0.0
179	__protein1_rbs	5.15	0.0	0.0
179	__protein2_rbs	4.8	0.0	0.0
179	__protein3_rbs	11.8	0.0	0.0
179	__ribosome	31.85	0.0	0.0
179	__rnase_site_ext	21.6	0.0	0.0
179	p0	0.85	0.0	0.0
179	p1	0.75	0.0	0.0
179	p2	0.7	0.0	0.0
179	protein1	432.05	8.15	2.00079005
179	protein2	406.1	7.75	1.9936309
179	protein3	941.35	19.0	1.9772115000000001
179	r0	8.1	0.0	0.0
179	r1	7.7	0.0	0.0
179	r2	5.95	0.0	0.0
179	rnapol	0.15	0.0	0.0
180	__protein1_rbs	4.6	0.0	0.0
180	__protein2_rbs	4.45	0.0	0.0
180	__protein3_rbs	11.55	0.0	0.0
180	__ribosome	31.55	0.0	0.0
180	__rnase_site_ext	21.75	0.0	0.0
180	p0	0.9	0.0	0.0
180	p1	0.65	0.0	0.0
180	p2	0.9	0.0	0.0
180	protein1	435.05	8.1	1.9900595
180	protein2	409.3	7.6	2.0213691000000003
180	protein3	948.55	19.2	1.9654927999999996
180	r0	8.25	0.0	0.0
180	r1	7.65	0.0	0.0
180	r2	5.95	0.0	0.0
180	rnapol	0.2	0.0	0.0
181	__protein1_rbs	4.9	0.0	0.0
181	__protein2_rbs	4.3	0.0	0.0
181	__protein3_rbs	12.2	0.0	0.0
181	__ribosome	31.65	0.0	0.0
181	__rnase_site_ext	21.6	0.0	0.0
181	p0	0.95	0.0	0.0
181	p1	0.8	0.0	0.0
181	p2	0.75	0.0	0.0
181	protein1	438.25	8.25	1.9889086999999999
181	protein2	412.45	7.7	1.9254401
181	protein3	956.25	19.4	1.9207703000000005
181	r0	8.35	0.0	0.0
181	r1	7.65	0.0	0.0
181	r2	6.0	0.0	0.0
181	rnapol	0.15	0.0	0.0
182	__protein1_rbs	5.7	0.0	0.0
182	__protein2_rbs	4.75	0.0	0.0
182	__protein3_rbs	11.8	0.0	0.0
182	__ribosome	30.95	0.0	0.0
182	__rnase_site_ext	21.45	0.0	0.0
182	p0	0.9	0.0	0.0
182	p1	0.9	0.0	0.0
182	p2	0.85	0.0	0.0
182	protein1	441.4	8.35	1.9010516
182	protein2	414.75	7.85	1.9632918000000001
182	protein3	963.2	19.25	1.96720565
182	r0	8.25	0.0	0.0
182	r1	7.7	0.0	0.0
182	r2	5.9	0.0	0.0
182	rnapol	0.25	0.0	0.0
183	__protein1_rbs	5.25	0.0	0.0
183	__protein2_rbs	4.5	0.0	0.0
183	__protein3_rbs	12.15	0.0	0.0
183	__ribosome	32.05	0.0	0.0
183	__rnase_site_ext	21.3	0.0	0.0
183	p0	0.95	0.0	0.0
183	p1	0.85	0.0	0.0
183	p2	0.95	0.0	0.0
183	protein1	445.0	8.25	1.88224965
183	protein2	417.8	7.9	1.98571245
183	protein3	970.9	19.15	1.9340926000000005
183	r0	8.25	0.0	0.0
183	r1	7.65	0.0	0.0
183	r2	5.85	0.0	0.0
183	rnapol	0.55	0.0	0.0
184	__protein1_rbs	5.25	0.0	0.0
184	__protein2_rbs	4.6	0.0	0.0
184	__protein3_rbs	11.95	0.0	0.0
184	__ribosome	31.6	0.0	0.0
184	__rnase_site_ext	21.15	0.0	0.0
184	p0	1.0	0.0	0.0
184	p1	0.85	0.0	0.0
184	p2	0.6	0.0	0.0
184	protein1	447.85	8.25	1.93312805
184	protein2	420.65	7.9	2.01966095
184	protein3	978.15	19.0	1.9431248
184	r0	8.15	0.0	0.0
184	r1	7.7	0.0	0.0
184	r2	5.8	0.0	0.0
184	rnapol	0.45	0.0	0.0
185	__protein1_rbs	4.55	0.0	0.0
185	__protein2_rbs	5.15	0.0	0.0
185	__protein3_rbs	11.3	0.0	0.0
185	__ribosome	31.6	0.0	0.0
185	__rnase_site_ext	21.4	0.0	0.0
185	p0	0.85	0.0	0.0
185	p1	0.9	0.0	0.0
185	p2	0.75	0.0	0.0
185	protein1	451.1	8.2	1.99571345
185	protein2	423.4	7.95	2.00711575
185	protein3	985.85	18.85	1.9448020500000005
185	r0	8.05	0.0	0.0
185	r1	7.8	0.0	0.0
185	r2	5.85	0.0	0.0
185	rnapol	0.6	0.0	0.0
186	__protein1_rbs	5.4	0.0	0.0
186	__protein2_rbs	4.9	0.0	0.0
186	__protein3_rbs	11.55	0.0	0.0
186	__ribosome	33.2	0.0	0.0
186	__rnase_site_ext	21.25	0.0	0.0
186	p0	0.9	0.0	0.0
186	p1	0.75	0.0	0.0
186	p2	0.75	0.0	0.0
186	protein1	454.3	8.05	1.93445025
186	protein2	427.05	7.9	1.9291522
186	protein3	993.4	18.95	1.9192273499999997
186	r0	8.1	0.0	0.0
186	r1	7.8	0.0	0.0
186	r2	5.75	0.0	0.0
186	rnapol	0.55	0.0	0.0
187	__protein1_rbs	4.9	0.0	0.0
187	__protein2_rbs	4.85	0.0	0.0
187	__protein3_rbs	11.35	0.0	0.0
187	__ribosome	32.8	0.0	0.0
187	__rnase_site_ext	21.4	0.0	0.0
187	p0	0.95	0.0	0.0
187	p1	0.7	0.0	0.0
187	p2	0.65	0.0	0.0
187	protein1	457.6	8.1	1.9370194
187	protein2	430.1	7.95	1.95602635
187	protein3	1000.55	18.85	1.9437683
187	r0	8.25	0.0	0.0
187	r1	7.85	0.0	0.0
187	r2	5.9	0.0	0.0
187	rnapol	0.35	0.0	0.0
188	__protein1_rbs	5.35	0.0	0.0
188	__protein2_rbs	5.15	0.0	0.0
188	__protein3_rbs	12.0	0.0	0.0
188	__ribosome	32.25	0.0	0.0
188	__rnase_site_ext	21.5	0.0	0.0
188	p0	0.8	0.0	0.0
188	p1	0.85	0.0	0.0
188	p2	0.6	0.0	0.0
188	protein1	460.25	8.25	1.9702553000000005
188	protein2	432.7	8.15	1.90801945
188	protein3	1007.35	18.95	1.9422939500000005
188	r0	8.25	0.0	0.0
188	r1	7.8	0.0	0.0
188	r2	5.95	0.0	0.0
188	rnapol	0.2	0.0	0.0
189	__protein1_rbs	5.05	0.0	0.0
189	__protein2_rbs	4.7	0.0	0.0
189	__protein3_rbs	11.25	0.0	0.0
189	__ribosome	31.8	0.0	0.0
189	__rnase_site_ext	21.25	0.0	0.0
189	p0	0.9	0.0	0.0
189	p1	0.8	0.0	0.0
189	p2	0.7	0.0	0.0
189	protein1	463.8	8.25	1.8976099000000004
189	protein2	436.15	8.05	1.94841445
189	protein3	1014.05	18.75	1.9998953000000004
189	r0	8.4	0.0	0.0
189	r1	7.85	0.0	0.0
189	r2	5.8	0.0	0.0
189	rnapol	0.2	0.0	0.0
190	__protein1_rbs	4.5	0.0	0.0
190	__protein2_rbs	4.8	0.0	0.0
190	__protein3_rbs	10.75	0.0	0.0
190	__ribosome	30.2	0.0	0.0
190	__rnase_site_ext	21.35	0.0	0.0
190	p0	0.95	0.0	0.0
190	p1	0.75	0.0	0.0
190	p2	0.85	0.0	0.0
190	protein1	466.9	8.4	1.9172772
190	protein2	438.85	8.05	2.0517081500000005
190	protein3	1021.85	18.85	2.00558825
190	r0	8.45	0.0	0.0
190	r1	7.95	0.0	0.0
190	r2	5.65	0.0	0.0
190	rnapol	0.05	0.0	0.0
191	__protein1_rbs	5.5	0.0	0.0
191	__protein2_rbs	4.55	0.0	0.0
191	__protein3_rbs	11.65	0.0	0.0
191	__ribosome	30.95	0.0	0.0
191	__rnase_site_ext	20.8	0.0	0.0
191	p0	0.95	0.0	0.0
191	p1	0.8	0.0	0.0
191	p2	0.85	0.0	0.0
191	protein1	469.8	8.45	1.881189
191	protein2	442.25	8.05	2.0462301
191	protein3	1029.3	18.9	1.9694869
191	r0	8.4	0.0	0.0
191	r1	7.85	0.0	0.0
191	r2	5.6	0.0	0.0
191	rnapol	0.3	0.0	0.0
192	__protein1_rbs	5.1	0.0	0.0
192	__protein2_rbs	5.3	0.0	0.0
192	__protein3_rbs	11.5	0.0	0.0
192	__ribosome	30.85	0.0	0.0
192	__rnase_site_ext	20.65	0.0	0.0
192	p0	0.95	0.0	0.0
192	p1	0.9	0.0	0.0
192	p2	0.75	0.0	0.0
192	protein1	472.85	8.35	1.9296123000000005
192	protein2	444.75	8.15	2.0299476999999997
192	protein3	1036.35	18.6	1.98564335
192	r0	8.25	0.0	0.0
192	r1	7.75	0.0	0.0
192	r2	5.65	0.0	0.0
192	rnapol	0.3	0.0	0.0
193	__protein1_rbs	5.25	0.0	0.0
193	__protein2_rbs	5.1	0.0	0.0
193	__protein3_rbs	11.1	0.0	0.0
193	__ribosome	31.05	0.0	0.0
193	__rnase_site_ext	20.7	0.0	0.0
193	p0	0.85	0.0	0.0
193	p1	0.95	0.0	0.0
193	p2	0.65	0.0	0.0
193	protein1	475.6	8.25	1.9910607
193	protein2	447.95	8.0	2.03301235
193	protein3	1043.75	18.25	2.00661515
193	r0	8.15	0.0	0.0
193	r1	8.0	0.0	0.0
193	r2	5.7	0.0	0.0
193	rnapol	0.25	0.0	0.0
194	__protein1_rbs	5.05	0.0	0.0
194	__protein2_rbs	5.3	0.0	0.0
194	__protein3_rbs	11.1	0.0	0.0
194	__ribosome	31.65	0.0	0.0
194	__rnase_site_ext	20.55	0.0	0.0
194	p0	0.9	0.0	0.0
194	p1	0.85	0.0	0.0
194	p2	0.65	0.0	0.0
194	protein1	478.9	8.15	2.03255945
194	protein2	451.45	8.05	1.9655917000000005
194	protein3	1051.05	18.1	2.0176548
194	r0	8.25	0.0	0.0
194	r1	8.2	0.0	0.0
194	r2	5.8	0.0	0.0
194	rnapol	0.25	0.0	0.0
195	__protein1_rbs	5.05	0.0	0.0
195	__protein2_rbs	4.65	0.0	0.0
195	__protein3_rbs	11.05	0.0	0.0
195	__ribosome	33.55	0.0	0.0
195	__rnase_site_ext	20.45	0.0	0.0
195	p0	0.9	0.0	0.0
195	p1	0.7	0.0	0.0
195	p2	0.55	0.0	0.0
195	protein1	482.8	8.25	1.9293055000000001
195	protein2	454.95	7.95	1.9316216
195	protein3	1058.9	18.2	1.97469785
195	r0	8.05	0.0	0.0
195	r1	8.1	0.0	0.0
195	r2	5.9	0.0	0.0
195	rnapol	0.3	0.0	0.0
196	__protein1_rbs	4.05	0.0	0.0
196	__protein2_rbs	4.45	0.0	0.0
196	__protein3_rbs	9.95	0.0	0.0
196	__ribosome	30.95	0.0	0.0
196	__rnase_site_ext	20.3	0.0	0.0
196	p0	1.0	0.0	0.0
196	p1	0.7	0.0	0.0
196	p2	0.8	0.0	0.0
196	protein1	485.65	8.05	2.07527055
196	protein2	457.9	8.05	1.9610516000000004
196	protein3	1065.65	18.15	2.0262346
196	r0	8.1	0.0	0.0
196	r1	8.2	0.0	0.0
196	r2	5.85	0.0	0.0
196	rnapol	0.6	0.0	0.0
197	__protein1_rbs	4.75	0.0	0.0
197	__protein2_rbs	4.9	0.0	0.0
197	__protein3_rbs	11.15	0.0	0.0
197	__ribosome	31.6	0.0	0.0
197	__rnase_site_ext	20.15	0.0	0.0
197	p0	0.85	0.0	0.0
197	p1	0.8	0.0	0.0
197	p2	0.75	0.0	0.0
197	protein1	488.95	8.05	2.0345202
197	protein2	460.95	8.3	1.9375668
197	protein3	1072.65	18.1	2.0137562
197	r0	7.95	0.0	0.0
197	r1	8.2	0.0	0.0
197	r2	5.85	0.0	0.0
197	rnapol	0.5	0.0	0.0
198	__protein1_rbs	5.05	0.0	0.0
198	__protein2_rbs	4.95	0.0	0.0
198	__protein3_rbs	10.1	0.0	0.0
198	__ribosome	31.15	0.0	0.0
198	__rnase_site_ext	20.5	0.0	0.0
198	p0	1.0	0.0	0.0
198	p1	0.75	0.0	0.0
198	p2	0.4	0.0	0.0
198	protein1	492.2	7.9	2.0162103
198	protein2	463.9	8.3	1.9948738
198	protein3	1080.1	18.05	2.0605173
198	r0	8.1	0.0	0.0
198	r1	8.1	0.0	0.0
198	r2	6.05	0.0	0.0
198	rnapol	0.3	0.0	0.0
199	__protein1_rbs	4.9	0.0	0.0
199	__protein2_rbs	4.75	0.0	0.0
199	__protein3_rbs	11.4	0.0	0.0
199	__ribosome	29.95	0.0	0.0
199	__rnase_site_ext	20.3	0.0	0.0
199	p0	1.0	0.0	0.0
199	p1	0.85	0.0	0.0
199	p2	0.8	0.0	0.0
199	protein1	495.2	8.1	2.0145221
199	protein2	466.5	8.4	2.1061237500000005
199	protein3	1086.9	18.15	2.0481023
199	r0	8.1	0.0	0.0
199	r1	8.05	0.0	0.0
199	r2	6.0	0.0	0.0
199	rnapol	0.55	0.0	0.0
200	__protein1_rbs	4.65	0.0	0.0
200	__protein2_rbs	5.65	0.0	0.0
200	__protein3_rbs	11.1	0.0	0.0
200	__ribosome	30.55	0.0	0.0
200	__rnase_site_ext	20.7	0.0	0.0
200	p0	0.85	0.0	0.0
200	p1	0.95	0.0	0.0
200	p2	0.8	0.0	0.0
200	protein1	498.55	8.1	2.0022944000000003
200	protein2	469.85	8.5	2.02229615
200	protein3	1094.0	18.35	2.0177247
200	r0	8.0	0.0	0.0
200	r1	7.95	0.0	0.0
200	r2	5.95	0.0	0.0
200	rnapol	0.35	0.0	0.0
201	__protein1_rbs	5.0	0.0	0.0
201	__protein2_rbs	5.2	0.0	0.0
201	__protein3_rbs	11.75	0.0	0.0
201	__ribosome	32.9	0.0	0.0
201	__rnase_site_ext	20.8	0.0	0.0
201	p0	0.95	0.0	0.0
201	p1	0.9	0.0	0.0
201	p2	0.85	0.0	0.0
201	protein1	501.8	8.05	1.9793560500000005
201	protein2	473.25	8.35	2.0213835
201	protein3	1101.7	18.4	1.92867125
201	r0	8.15	0.0	0.0
201	r1	8.0	0.0	0.0
201	r2	5.95	0.0	0.0
201	rnapol	0.5	0.0	0.0
202	__protein1_rbs	4.1	0.0	0.0
202	__protein2_rbs	5.0	0.0	0.0
202	__protein3_rbs	10.5	0.0	0.0
202	__ribosome	31.05	0.0	0.0
202	__rnase_site_ext	20.7	0.0	0.0
202	p0	0.95	0.0	0.0
202	p1	0.9	0.0	0.0
202	p2	0.7	0.0	0.0
202	protein1	505.1	8.15	2.0334037
202	protein2	476.45	8.35	2.06661975
202	protein3	1108.65	18.5	1.9665716000000004
202	r0	8.1	0.0	0.0
202	r1	7.85	0.0	0.0
202	r2	6.0	0.0	0.0
202	rnapol	0.5	0.0	0.0
203	__protein1_rbs	5.1	0.0	0.0
203	__protein2_rbs	5.0	0.0	0.0
203	__protein3_rbs	11.05	0.0	0.0
203	__ribosome	30.55	0.0	0.0
203	__rnase_site_ext	20.85	0.0	0.0
203	p0	0.8	0.0	0.0
203	p1	0.8	0.0	0.0
203	p2	0.5	0.0	0.0
203	protein1	507.95	8.1	2.07402235
203	protein2	479.6	8.3	2.06508835
203	protein3	1116.1	18.55	1.9624533
203	r0	8.05	0.0	0.0
203	r1	7.9	0.0	0.0
203	r2	6.25	0.0	0.0
203	rnapol	0.35	0.0	0.0
204	__protein1_rbs	4.85	0.0	0.0
204	__protein2_rbs	4.95	0.0	0.0
204	__protein3_rbs	11.05	0.0	0.0
204	__ribosome	29.65	0.0	0.0
204	__rnase_site_ext	20.95	0.0	0.0
204	p0	0.8	0.0	0.0
204	p1	0.9	0.0	0.0
204	p2	0.6	0.0	0.0
204	protein1	511.2	8.1	2.07820525
204	protein2	482.8	8.3	2.10308955
204	protein3	1122.8	18.65	1.99223465
204	r0	8.2	0.0	0.0
204	r1	7.95	0.0	0.0
204	r2	6.15	0.0	0.0
204	rnapol	0.25	0.0	0.0
205	__protein1_rbs	4.95	0.0	0.0
205	__protein2_rbs	5.25	0.0	0.0
205	__protein3_rbs	11.5	0.0	0.0
205	__ribosome	29.45	0.0	0.0
205	__rnase_site_ext	20.8	0.0	0.0
205	p0	1.0	0.0	0.0
205	p1	0.8	0.0	0.0
205	p2	0.65	0.0	0.0
205	protein1	514.25	8.1	2.07753965
205	protein2	485.75	8.2	2.12078645
205	protein3	1129.7	18.75	1.97939445
205	r0	8.2	0.0	0.0
205	r1	8.0	0.0	0.0
205	r2	6.2	0.0	0.0
205	rnapol	0.35	0.0	0.0
206	__protein1_rbs	5.45	0.0	0.0
206	__protein2_rbs	5.3	0.0	0.0
206	__protein3_rbs	11.6	0.0	0.0
206	__ribosome	30.3	0.0	0.0
206	__rnase_site_ext	20.9	0.0	0.0
206	p0	0.9	0.0	0.0
206	p1	0.75	0.0	0.0
206	p2	0.45	0.0	0.0
206	protein1	517.55	8.2	2.0194589
206	protein2	489.35	8.1	2.09265335
206	protein3	1136.65	18.85	1.9901961
206	r0	8.1	0.0	0.0
206	r1	7.8	0.0	0.0
206	r2	6.25	0.0	0.0
206	rnapol	0.35	0.0	0.0
207	__protein1_rbs	5.0	0.0	0.0
207	__protein2_rbs	4.9	0.0	0.0
207	__protein3_rbs	11.75	0.0	0.0
207	__ribosome	32.1	0.0	0.0
207	__rnase_site_ext	20.9	0.0	0.0
207	p0	1.0	0.0	0.0
207	p1	0.8	0.0	0.0
207	p2	0.8	0.0	0.0
207	protein1	521.45	8.15	1.93474205
207	protein2	493.4	8.1	1.94536795
207	protein3	1143.8	18.8	1.97088215
207	r0	8.1	0.0	0.0
207	r1	7.7	0.0	0.0
207	r2	6.3	0.0	0.0
207	rnapol	0.45	0.0	0.0
208	__protein1_rbs	4.55	0.0	0.0
208	__protein2_rbs	4.4	0.0	0.0
208	__protein3_rbs	11.85	0.0	0.0
208	__ribosome	31.7	0.0	0.0
208	__rnase_site_ext	21.0	0.0	0.0
208	p0	0.95	0.0	0.0
208	p1	0.9	0.0	0.0
208	p2	0.85	0.0	0.0
208	protein1	524.35	8.1	2.0318976
208	protein2	496.55	8.2	1.98891595
208	protein3	1151.55	19.2	1.9041262
208	r0	8.0	0.0	0.0
208	r1	7.8	0.0	0.0
208	r2	6.1	0.0	0.0
208	rnapol	0.5	0.0	0.0
209	__protein1_rbs	4.85	0.0	0.0
209	__protein2_rbs	5.15	0.0	0.0
209	__protein3_rbs	11.25	0.0	0.0
209	__ribosome	31.55	0.0	0.0
209	__rnase_site_ext	21.0	0.0	0.0
209	p0	0.95	0.0	0.0
209	p1	0.95	0.0	0.0
209	p2	0.85	0.0	0.0
209	protein1	527.3	8.05	2.03467175
209	protein2	499.55	8.1	1.9939232
209	protein3	1159.55	19.1	1.92458725
209	r0	8.05	0.0	0.0
209	r1	7.65	0.0	0.0
209	r2	6.1	0.0	0.0
209	rnapol	0.5	0.0	0.0
210	__protein1_rbs	5.3	0.0	0.0
210	__protein2_rbs	4.75	0.0	0.0
210	__protein3_rbs	11.7	0.0	0.0
210	__ribosome	31.35	0.0	0.0
210	__rnase_site_ext	21.2	0.0	0.0
210	p0	0.9	0.0	0.0
210	p1	0.8	0.0	0.0
210	p2	0.8	0.0	0.0
210	protein1	530.55	8.05	1.9736563000000005
210	protein2	502.75	8.05	2.0068849500000003
210	protein3	1166.5	18.95	1.97306745
210	r0	8.1	0.0	0.0
210	r1	7.55	0.0	0.0
210	r2	6.15	0.0	0.0
210	rnapol	0.5	0.0	0.0
211	__protein1_rbs	4.8	0.0	0.0
211	__protein2_rbs	5.4	0.0	0.0
211	__protein3_rbs	11.75	0.0	0.0
211	__ribosome	30.75	0.0	0.0
211	__rnase_site_ext	21.35	0.0	0.0
211	p0	0.9	0.0	0.0
211	p1	0.85	0.0	0.0
211	p2	0.85	0.0	0.0
211	protein1	533.45	8.1	2.01797255
211	protein2	505.65	8.0	2.02227635
211	protein3	1173.65	19.15	1.9552969500000008
211	r0	8.2	0.0	0.0
211	r1	7.65	0.0	0.0
211	r2	6.15	0.0	0.0
211	rnapol	0.5	0.0	0.0
212	__protein1_rbs	5.2	0.0	0.0
212	__protein2_rbs	4.85	0.0	0.0
212	__protein3_rbs	11.85	0.0	0.0
212	__ribosome	30.95	0.0	0.0
212	__rnase_site_ext	21.35	0.0	0.0
212	p0	0.95	0.0	0.0
212	p1	0.9	0.0	0.0
212	p2	0.75	0.0	0.0
212	protein1	536.75	8.2	1.9419769
212	protein2	508.95	8.0	2.02322695
212	protein3	1180.65	19.2	1.9694082
212	r0	8.3	0.0	0.0
212	r1	7.75	0.0	0.0
212	r2	6.1	0.0	0.0
212	rnapol	0.5	0.0	0.0
213	__protein1_rbs	5.35	0.0	0.0
213	__protein2_rbs	4.5	0.0	0.0
213	__protein3_rbs	11.35	0.0	0.0
213	__ribosome	30.65	0.0	0.0
213	__rnase_site_ext	21.5	0.0	0.0
213	p0	0.95	0.0	0.0
213	p1	0.6	0.0	0.0
213	p2	0.45	0.0	0.0
213	protein1	540.1	8.3	1.8790585
213	protein2	512.2	7.9	2.07987555
213	protein3	1187.65	19.05	2.01545785
213	r0	8.3	0.0	0.0
213	r1	7.8	0.0	0.0
213	r2	6.2	0.0	0.0
213	rnapol	0.55	0.0	0.0
214	__protein1_rbs	5.5	0.0	0.0
214	__protein2_rbs	5.3	0.0	0.0
214	__protein3_rbs	11.45	0.0	0.0
214	__ribosome	31.4	0.0	0.0
214	__rnase_site_ext	21.45	0.0	0.0
214	p0	1.0	0.0	0.0
214	p1	0.7	0.0	0.0
214	p2	0.65	0.0	0.0
214	protein1	543.0	8.3	1.8473305000000004
214	protein2	515.4	8.0	1.96510635
214	protein3	1195.35	19.25	2.0001227999999998
214	r0	8.25	0.0	0.0
214	r1	7.9	0.0	0.0
214	r2	5.9	0.0	0.0
214	rnapol	0.65	0.0	0.0
215	__protein1_rbs	5.55	0.0	0.0
215	__protein2_rbs	4.35	0.0	0.0
215	__protein3_rbs	12.3	0.0	0.0
215	__ribosome	32.25	0.0	0.0
215	__rnase_site_ext	21.55	0.0	0.0
215	p0	0.8	0.0	0.0
215	p1	0.95	0.0	0.0
215	p2	0.75	0.0	0.0
215	protein1	546.3	8.25	1.7947584000000003
215	protein2	518.85	8.2	1.95820165
215	protein3	1202.65	19.2	1.9605963
215	r0	8.2	0.0	0.0
215	r1	7.95	0.0	0.0
215	r2	5.95	0.0	0.0
215	rnapol	0.4	0.0	0.0
216	__protein1_rbs	5.3	0.0	0.0
216	__protein2_rbs	4.9	0.0	0.0
216	__protein3_rbs	11.9	0.0	0.0
216	__ribosome	31.7	0.0	0.0
216	__rnase_site_ext	21.55	0.0	0.0
216	p0	0.9	0.0	0.0
216	p1	0.8	0.0	0.0
216	p2	0.8	0.0	0.0
216	protein1	549.15	8.2	1.8168363
216	protein2	521.65	8.05	1.9981079
216	protein3	1209.7	19.3	1.9654909999999999
216	r0	8.3	0.0	0.0
216	r1	7.85	0.0	0.0
216	r2	5.85	0.0	0.0
216	rnapol	0.3	0.0	0.0
217	__protein1_rbs	4.85	0.0	0.0
217	__protein2_rbs	4.9	0.0	0.0
217	__protein3_rbs	11.65	0.0	0.0
217	__ribosome	31.75	0.0	0.0
217	__rnase_site_ext	21.55	0.0	0.0
217	p0	1.0	0.0	0.0
217	p1	0.9	0.0	0.0
217	p2	0.8	0.0	0.0
217	protein1	552.55	8.3	1.77026525
217	protein2	525.0	8.05	1.95447155
217	protein3	1217.05	19.3	1.98290695
217	r0	8.3	0.0	0.0
217	r1	7.85	0.0	0.0
217	r2	5.9	0.0	0.0
217	rnapol	0.35	0.0	0.0
218	__protein1_rbs	5.3	0.0	0.0
218	__protein2_rbs	5.3	0.0	0.0
218	__protein3_rbs	11.15	0.0	0.0
218	__ribosome	32.0	0.0	0.0
218	__rnase_site_ext	21.2	0.0	0.0
218	p0	0.95	0.0	0.0
218	p1	1.0	0.0	0.0
218	p2	0.6	0.0	0.0
218	protein1	555.2	8.3	1.8011363999999999
218	protein2	528.0	8.1	1.9241162
218	protein3	1225.05	19.05	1.9877179500000004
218	r0	8.1	0.0	0.0
218	r1	7.85	0.0	0.0
218	r2	5.6	0.0	0.0
218	rnapol	0.3	0.0	0.0
219	__protein1_rbs	4.9	0.0	0.0
219	__protein2_rbs	5.1	0.0	0.0
219	__protein3_rbs	11.95	0.0	0.0
219	__ribosome	31.95	0.0	0.0
219	__rnase_site_ext	21.2	0.0	0.0
219	p0	1.0	0.0	0.0
219	p1	0.85	0.0	0.0
219	p2	0.7	0.0	0.0
219	protein1	558.05	8.1	1.92909635
219	protein2	530.7	8.05	1.98389075
219	protein3	1232.65	18.85	1.9719981500000008
219	r0	8.05	0.0	0.0
219	r1	7.9	0.0	0.0
219	r2	5.65	0.0	0.0
219	rnapol	0.3	0.0	0.0
220	__protein1_rbs	4.35	0.0	0.0
220	__protein2_rbs	4.55	0.0	0.0
220	__protein3_rbs	11.65	0.0	0.0
220	__ribosome	31.35	0.0	0.0
220	__rnase_site_ext	21.1	0.0	0.0
220	p0	0.9	0.0	0.0
220	p1	0.8	0.0	0.0
220	p2	0.7	0.0	0.0
220	protein1	561.15	8.05	1.9996176500000005
220	protein2	534.25	7.9	1.97364715
220	protein3	1239.6	18.95	1.9809285000000003
220	r0	7.95	0.0	0.0
220	r1	7.85	0.0	0.0
220	r2	5.45	0.0	0.0
220	rnapol	0.55	0.0	0.0
221	__protein1_rbs	4.9	0.0	0.0
221	__protein2_rbs	4.35	0.0	0.0
221	__protein3_rbs	10.8	0.0	0.0
221	__ribosome	30.45	0.0	0.0
221	__rnase_site_ext	21.2	0.0	0.0
221	p0	0.95	0.0	0.0
221	p1	0.75	0.0	0.0
221	p2	0.55	0.0	0.0
221	protein1	563.8	7.9	2.04598665
221	protein2	537.4	8.05	1.9944192000000005
221	protein3	1246.85	18.8	2.02877065
221	r0	7.9	0.0	0.0
221	r1	7.6	0.0	0.0
221	r2	5.5	0.0	0.0
221	rnapol	0.45	0.0	0.0
222	__protein1_rbs	4.35	0.0	0.0
222	__protein2_rbs	5.45	0.0	0.0
222	__protein3_rbs	10.6	0.0	0.0
222	__ribosome	29.7	0.0	0.0
222	__rnase_site_ext	21.35	0.0	0.0
222	p0	0.95	0.0	0.0
222	p1	0.85	0.0	0.0
222	p2	0.6	0.0	0.0
222	protein1	566.6	7.9	2.12586225
222	protein2	540.35	8.1	1.9005285499999995
222	protein3	1253.9	18.9	2.0631390000000005
222	r0	7.9	0.0	0.0
222	r1	7.65	0.0	0.0
222	r2	5.55	0.0	0.0
222	rnapol	0.55	0.0	0.0
223	__protein1_rbs	4.4	0.0	0.0
223	__protein2_rbs	5.7	0.0	0.0
223	__protein3_rbs	10.7	0.0	0.0
223	__ribosome	29.7	0.0	0.0
223	__rnase_site_ext	21.25	0.0	0.0
223	p0	0.9	0.0	0.0
223	p1	0.9	0.0	0.0
223	p2	0.75	0.0	0.0
223	protein1	569.8	7.95	2.16988285
223	protein2	543.4	8.1	1.8078427
223	protein3	1261.7	19.0	2.0732090000000003
223	r0	7.9	0.0	0.0
223	r1	7.7	0.0	0.0
223	r2	5.55	0.0	0.0
223	rnapol	0.65	0.0	0.0
224	__protein1_rbs	4.8	0.0	0.0
224	__protein2_rbs	4.6	0.0	0.0
224	__protein3_rbs	12.15	0.0	0.0
224	__ribosome	31.9	0.0	0.0
224	__rnase_site_ext	21.35	0.0	0.0
224	p0	0.95	0.0	0.0
224	p1	1.0	0.0	0.0
224	p2	0.6	0.0	0.0
224	protein1	573.45	7.85	2.08503785
224	protein2	546.55	8.1	1.8153735000000004
224	protein3	1269.6	18.8	2.01316815
224	r0	7.95	0.0	0.0
224	r1	7.85	0.0	0.0
224	r2	5.5	0.0	0.0
224	rnapol	0.4	0.0	0.0
225	__protein1_rbs	4.35	0.0	0.0
225	__protein2_rbs	4.6	0.0	0.0
225	__protein3_rbs	11.4	0.0	0.0
225	__ribosome	30.65	0.0	0.0
225	__rnase_site_ext	21.45	0.0	0.0
225	p0	1.0	0.0	0.0
225	p1	0.75	0.0	0.0
225	p2	0.7	0.0	0.0
225	protein1	576.8	7.9	2.0912374
225	protein2	549.4	8.0	1.9221537
225	protein3	1276.7	18.85	2.0299786500000003
225	r0	7.85	0.0	0.0
225	r1	7.75	0.0	0.0
225	r2	5.4	0.0	0.0
225	rnapol	0.2	0.0	0.0
226	__protein1_rbs	4.8	0.0	0.0
226	__protein2_rbs	4.8	0.0	0.0
226	__protein3_rbs	11.4	0.0	0.0
226	__ribosome	30.4	0.0	0.0
226	__rnase_site_ext	21.5	0.0	0.0
226	p0	0.9	0.0	0.0
226	p1	0.75	0.0	0.0
226	p2	0.85	0.0	0.0
226	protein1	579.6	7.85	2.11183625
226	protein2	552.8	7.8	1.97046895
226	protein3	1283.9	18.95	2.0389974000000004
226	r0	7.8	0.0	0.0
226	r1	7.75	0.0	0.0
226	r2	5.3	0.0	0.0
226	rnapol	0.5	0.0	0.0
227	__protein1_rbs	4.6	0.0	0.0
227	__protein2_rbs	5.1	0.0	0.0
227	__protein3_rbs	11.75	0.0	0.0
227	__ribosome	30.8	0.0	0.0
227	__rnase_site_ext	21.7	0.0	0.0
227	p0	0.95	0.0	0.0
227	p1	0.95	0.0	0.0
227	p2	0.75	0.0	0.0
227	protein1	582.85	7.8	2.0653841
227	protein2	555.3	7.9	2.0381313000000003
227	protein3	1292.0	19.05	1.9764839
227	r0	7.85	0.0	0.0
227	r1	7.7	0.0	0.0
227	r2	5.25	0.0	0.0
227	rnapol	0.45	0.0	0.0
228	__protein1_rbs	4.75	0.0	0.0
228	__protein2_rbs	4.75	0.0	0.0
228	__protein3_rbs	12.45	0.0	0.0
228	__ribosome	31.9	0.0	0.0
228	__rnase_site_ext	21.7	0.0	0.0
228	p0	0.9	0.0	0.0
228	p1	1.0	0.0	0.0
228	p2	0.6	0.0	0.0
228	protein1	586.0	7.85	1.98272545
228	protein2	558.1	7.95	2.0494787000000003
228	protein3	1299.9	19.1	1.93207715
228	r0	7.9	0.0	0.0
228	r1	7.75	0.0	0.0
228	r2	5.25	0.0	0.0
228	rnapol	0.55	0.0	0.0
229	__protein1_rbs	5.05	0.0	0.0
229	__protein2_rbs	4.65	0.0	0.0
229	__protein3_rbs	11.25	0.0	0.0
229	__ribosome	31.25	0.0	0.0
229	__rnase_site_ext	21.95	0.0	0.0
229	p0	0.9	0.0	0.0
229	p1	1.0	0.0	0.0
229	p2	0.75	0.0	0.0
229	protein1	589.35	7.9	1.9380988999999997
229	protein2	561.25	7.85	2.1187266
229	protein3	1306.75	18.95	1.98578205
229	r0	8.05	0.0	0.0
229	r1	7.75	0.0	0.0
229	r2	5.3	0.0	0.0
229	rnapol	0.55	0.0	0.0
230	__protein1_rbs	4.7	0.0	0.0
230	__protein2_rbs	4.0	0.0	0.0
230	__protein3_rbs	12.0	0.0	0.0
230	__ribosome	31.95	0.0	0.0
230	__rnase_site_ext	21.95	0.0	0.0
230	p0	0.95	0.0	0.0
230	p1	0.85	0.0	0.0
230	p2	0.7	0.0	0.0
230	protein1	592.35	8.05	1.9027093
230	protein2	564.6	7.8	2.1644823000000004
230	protein3	1314.8	19.1	1.90800975
230	r0	8.05	0.0	0.0
230	r1	7.75	0.0	0.0
230	r2	5.2	0.0	0.0
230	rnapol	0.55	0.0	0.0
231	__protein1_rbs	4.5	0.0	0.0
231	__protein2_rbs	5.15	0.0	0.0
231	__protein3_rbs	10.9	0.0	0.0
231	__ribosome	30.35	0.0	0.0
231	__rnase_site_ext	22.25	0.0	0.0
231	p0	1.0	0.0	0.0
231	p1	0.85	0.0	0.0
231	p2	0.7	0.0	0.0
231	protein1	595.3	8.1	1.96441385
231	protein2	567.8	7.85	2.08436505
231	protein3	1321.25	19.0	1.9896351500000005
231	r0	8.1	0.0	0.0
231	r1	7.85	0.0	0.0
231	r2	5.25	0.0	0.0
231	rnapol	0.6	0.0	0.0
232	__protein1_rbs	4.75	0.0	0.0
232	__protein2_rbs	5.1	0.0	0.0
232	__protein3_rbs	11.5	0.0	0.0
232	__ribosome	30.55	0.0	0.0
232	__rnase_site_ext	22.4	0.0	0.0
232	p0	0.9	0.0	0.0
232	p1	0.85	0.0	0.0
232	p2	0.65	0.0	0.0
232	protein1	598.15	8.05	2.0569805
232	protein2	570.5	7.85	2.0726569
232	protein3	1329.2	19.3	1.92418325
232	r0	8.05	0.0	0.0
232	r1	7.7	0.0	0.0
232	r2	5.2	0.0	0.0
232	rnapol	0.4	0.0	0.0
233	__protein1_rbs	4.7	0.0	0.0
233	__protein2_rbs	4.95	0.0	0.0
233	__protein3_rbs	11.55	0.0	0.0
233	__ribosome	30.9	0.0	0.0
233	__rnase_site_ext	22.4	0.0	0.0
233	p0	0.9	0.0	0.0
233	p1	0.8	0.0	0.0
233	p2	0.55	0.0	0.0
233	protein1	601.75	8.05	1.99956165
233	protein2	573.9	7.85	1.9877979500000005
233	protein3	1336.0	19.35	1.9626492
233	r0	8.1	0.0	0.0
233	r1	7.55	0.0	0.0
233	r2	5.4	0.0	0.0
233	rnapol	0.4	0.0	0.0
234	__protein1_rbs	4.95	0.0	0.0
234	__protein2_rbs	5.2	0.0	0.0
234	__protein3_rbs	11.4	0.0	0.0
234	__ribosome	30.8	0.0	0.0
234	__rnase_site_ext	22.4	0.0	0.0
234	p0	1.0	0.0	0.0
234	p1	0.9	0.0	0.0
234	p2	0.6	0.0	0.0
234	protein1	604.65	8.15	2.0061688
234	protein2	577.1	7.85	1.9300181000000003
234	protein3	1343.1	19.4	1.9814205000000003
234	r0	8.1	0.0	0.0
234	r1	7.5	0.0	0.0
234	r2	5.3	0.0	0.0
234	rnapol	0.4	0.0	0.0
235	__protein1_rbs	5.05	0.0	0.0
235	__protein2_rbs	5.0	0.0	0.0
235	__protein3_rbs	11.6	0.0	0.0
235	__ribosome	30.6	0.0	0.0
235	__rnase_site_ext	22.45	0.0	0.0
235	p0	0.9	0.0	0.0
235	p1	0.95	0.0	0.0
235	p2	0.65	0.0	0.0
235	protein1	607.6	8.05	2.0381348999999997
235	protein2	580.45	7.95	1.87077205
235	protein3	1350.45	19.65	1.9703171
235	r0	8.05	0.0	0.0
235	r1	7.4	0.0	0.0
235	r2	5.15	0.0	0.0
235	rnapol	0.15	0.0	0.0
236	__protein1_rbs	4.7	0.0	0.0
236	__protein2_rbs	4.65	0.0	0.0
236	__protein3_rbs	12.45	0.0	0.0
236	__ribosome	31.6	0.0	0.0
236	__rnase_site_ext	22.6	0.0	0.0
236	p0	0.85	0.0	0.0
236	p1	0.85	0.0	0.0
236	p2	1.0	0.0	0.0
236	protein1	611.3	8.05	2.00535355
236	protein2	583.3	7.75	1.9354889
236	protein3	1358.0	19.55	1.9494578000000005
236	r0	8.0	0.0	0.0
236	r1	7.45	0.0	0.0
236	r2	5.0	0.0	0.0
236	rnapol	0.35	0.0	0.0
237	__protein1_rbs	4.65	0.0	0.0
237	__protein2_rbs	5.15	0.0	0.0
237	__protein3_rbs	11.85	0.0	0.0
237	__ribosome	31.05	0.0	0.0
237	__rnase_site_ext	22.75	0.0	0.0
237	p0	0.8	0.0	0.0
237	p1	0.8	0.0	0.0
237	p2	0.8	0.0	0.0
237	protein1	614.35	8.1	2.03265515
237	protein2	586.05	7.85	1.9050956000000001
237	protein3	1365.75	19.75	1.9569225500000005
237	r0	8.05	0.0	0.0
237	r1	7.45	0.0	0.0
237	r2	4.9	0.0	0.0
237	rnapol	0.2	0.0	0.0
238	__protein1_rbs	4.75	0.0	0.0
238	__protein2_rbs	4.6	0.0	0.0
238	__protein3_rbs	12.05	0.0	0.0
238	__ribosome	30.55	0.0	0.0
238	__rnase_site_ext	22.4	0.0	0.0
238	p0	0.85	0.0	0.0
238	p1	0.85	0.0	0.0
238	p2	0.8	0.0	0.0
238	protein1	617.7	8.1	1.9875921000000003
238	protein2	589.2	7.9	1.9042659500000003
238	protein3	1372.5	19.55	2.0090205
238	r0	8.1	0.0	0.0
238	r1	7.45	0.0	0.0
238	r2	5.0	0.0	0.0
238	rnapol	0.5	0.0	0.0
239	__protein1_rbs	5.55	0.0	0.0
239	__protein2_rbs	4.65	0.0	0.0
239	__protein3_rbs	11.9	0.0	0.0
239	__ribosome	30.75	0.0	0.0
239	__rnase_site_ext	22.55	0.0	0.0
239	p0	0.9	0.0	0.0
239	p1	0.85	0.0	0.0
239	p2	0.8	0.0	0.0
239	protein1	620.25	8.05	2.0700937500000003
239	protein2	592.25	7.85	1.91265875
239	protein3	1380.6	19.3	1.9962232
239	r0	8.05	0.0	0.0
239	r1	7.45	0.0	0.0
239	r2	5.0	0.0	0.0
239	rnapol	0.65	0.0	0.0
240	__protein1_rbs	4.95	0.0	0.0
240	__protein2_rbs	4.55	0.0	0.0
240	__protein3_rbs	11.2	0.0	0.0
240	__ribosome	30.05	0.0	0.0
240	__rnase_site_ext	22.6	0.0	0.0
240	p0	0.85	0.0	0.0
240	p1	0.85	0.0	0.0
240	p2	0.75	0.0	0.0
240	protein1	623.85	8.05	2.0224801
240	protein2	595.05	7.8	1.96581355
240	protein3	1387.75	19.25	2.0509968
240	r0	8.15	0.0	0.0
240	r1	7.4	0.0	0.0
240	r2	5.05	0.0	0.0
240	rnapol	0.6	0.0	0.0
241	__protein1_rbs	5.35	0.0	0.0
241	__protein2_rbs	4.3	0.0	0.0
241	__protein3_rbs	12.25	0.0	0.0
241	__ribosome	31.3	0.0	0.0
241	__rnase_site_ext	22.6	0.0	0.0
241	p0	0.8	0.0	0.0
241	p1	0.9	0.0	0.0
241	p2	0.6	0.0	0.0
241	protein1	627.25	8.1	1.8511508
241	protein2	597.85	7.65	2.0943453
241	protein3	1395.35	19.25	2.0143408000000003
241	r0	8.15	0.0	0.0
241	r1	7.4	0.0	0.0
241	r2	5.15	0.0	0.0
241	rnapol	0.5	0.0	0.0
242	__protein1_rbs	5.15	0.0	0.0
242	__protein2_rbs	4.1	0.0	0.0
242	__protein3_rbs	11.6	0.0	0.0
242	__ribosome	31.7	0.0	0.0
242	__rnase_site_ext	22.7	0.0	0.0
242	p0	0.9	0.0	0.0
242	p1	0.8	0.0	0.0
242	p2	0.9	0.0	0.0
242	protein1	630.55	8.15	1.8145635
242	protein2	600.75	7.6	2.1316667000000002
242	protein3	1403.15	19.2	1.9888993000000004
242	r0	8.4	0.0	0.0
242	r1	7.4	0.0	0.0
242	r2	5.0	0.0	0.0
242	rnapol	0.6	0.0	0.0
243	__protein1_rbs	5.45	0.0	0.0
243	__protein2_rbs	4.8	0.0	0.0
243	__protein3_rbs	12.1	0.0	0.0
243	__ribosome	32.6	0.0	0.0
243	__rnase_site_ext	22.8	0.0	0.0
243	p0	0.9	0.0	0.0
243	p1	0.95	0.0	0.0
243	p2	0.75	0.0	0.0
243	protein1	633.75	8.4	1.7728807000000004
243	protein2	603.9	7.75	2.04788925
243	protein3	1410.8	19.3	1.93601765
243	r0	8.45	0.0	0.0
243	r1	7.45	0.0	0.0
243	r2	5.0	0.0	0.0
243	rnapol	0.5	0.0	0.0
244	__protein1_rbs	4.65	0.0	0.0
244	__protein2_rbs	4.7	0.0	0.0
244	__protein3_rbs	11.5	0.0	0.0
244	__ribosome	31.3	0.0	0.0
244	__rnase_site_ext	23.05	0.0	0.0
244	p0	0.95	0.0	0.0
244	p1	1.0	0.0	0.0
244	p2	0.65	0.0	0.0
244	protein1	636.75	8.45	1.82069445
244	protein2	606.65	7.8	2.0619430000000003
244	protein3	1418.05	19.2	1.98416535
244	r0	8.55	0.0	0.0
244	r1	7.6	0.0	0.0
244	r2	5.05	0.0	0.0
244	rnapol	0.2	0.0	0.0
245	__protein1_rbs	5.5	0.0	0.0
245	__protein2_rbs	5.0	0.0	0.0
245	__protein3_rbs	11.45	0.0	0.0
245	__ribosome	31.2	0.0	0.0
245	__rnase_site_ext	22.7	0.0	0.0
245	p0	0.95	0.0	0.0
245	p1	0.95	0.0	0.0
245	p2	0.75	0.0	0.0
245	protein1	639.5	8.55	1.8175631
245	protein2	609.7	7.7	2.04299145
245	protein3	1426.0	19.45	1.9764705499999995
245	r0	8.45	0.0	0.0
245	r1	7.65	0.0	0.0
245	r2	5.15	0.0	0.0
245	rnapol	0.35	0.0	0.0
246	__protein1_rbs	5.05	0.0	0.0
246	__protein2_rbs	4.45	0.0	0.0
246	__protein3_rbs	12.25	0.0	0.0
246	__ribosome	30.45	0.0	0.0
246	__rnase_site_ext	22.75	0.0	0.0
246	p0	0.95	0.0	0.0
246	p1	0.75	0.0	0.0
246	p2	0.7	0.0	0.0
246	protein1	642.4	8.45	1.92776515
246	protein2	613.1	7.5	2.0623764499999995
246	protein3	1432.85	19.2	2.019394
246	r0	8.5	0.0	0.0
246	r1	7.55	0.0	0.0
246	r2	5.2	0.0	0.0
246	rnapol	0.2	0.0	0.0
247	__protein1_rbs	5.6	0.0	0.0
247	__protein2_rbs	4.55	0.0	0.0
247	__protein3_rbs	12.6	0.0	0.0
247	__ribosome	30.55	0.0	0.0
247	__rnase_site_ext	22.7	0.0	0.0
247	p0	0.9	0.0	0.0
247	p1	0.75	0.0	0.0
247	p2	0.7	0.0	0.0
247	protein1	644.85	8.45	1.9567766500000008
247	protein2	616.05	7.65	2.00034645
247	protein3	1439.9	19.2	2.0103639000000006
247	r0	8.4	0.0	0.0
247	r1	7.6	0.0	0.0
247	r2	5.2	0.0	0.0
247	rnapol	0.15	0.0	0.0
248	__protein1_rbs	4.85	0.0	0.0
248	__protein2_rbs	4.6	0.0	0.0
248	__protein3_rbs	10.6	0.0	0.0
248	__ribosome	29.65	0.0	0.0
248	__rnase_site_ext	22.6	0.0	0.0
248	p0	1.0	0.0	0.0
248	p1	0.9	0.0	0.0
248	p2	0.8	0.0	0.0
248	protein1	647.95	8.4	2.0113744500000004
248	protein2	619.2	7.8	1.9294551
248	protein3	1448.0	19.2	2.0466309
248	r0	8.5	0.0	0.0
248	r1	7.75	0.0	0.0
248	r2	5.2	0.0	0.0
248	rnapol	0.4	0.0	0.0
249	__protein1_rbs	5.7	0.0	0.0
249	__protein2_rbs	4.25	0.0	0.0
249	__protein3_rbs	11.2	0.0	0.0
249	__ribosome	30.4	0.0	0.0
249	__rnase_site_ext	22.5	0.0	0.0
249	p0	0.95	0.0	0.0
249	p1	0.75	0.0	0.0
249	p2	0.5	0.0	0.0
249	protein1	651.5	8.5	1.8930375500000003
249	protein2	622.1	7.9	1.9695589500000004
249	protein3	1455.95	19.2	2.0167093
249	r0	8.35	0.0	0.0
249	r1	7.95	0.0	0.0
249	r2	5.25	0.0	0.0
249	rnapol	0.3	0.0	0.0
250	__protein1_rbs	5.5	0.0	0.0
250	__protein2_rbs	5.15	0.0	0.0
250	__protein3_rbs	11.4	0.0	0.0
250	__ribosome	31.65	0.0	0.0
250	__rnase_site_ext	22.45	0.0	0.0
250	p0	0.95	0.0	0.0
250	p1	0.7	0.0	0.0
250	p2	0.75	0.0	0.0
250	protein1	654.8	8.35	1.9110714500000003
250	protein2	624.7	7.9	1.9841911
250	protein3	1464.0	19.2	1.97189335
250	r0	8.2	0.0	0.0
250	r1	8.0	0.0	0.0
250	r2	5.2	0.0	0.0
250	rnapol	0.4	0.0	0.0
