time	species	protein	transcript	ribo_density
0	__protein1_rbs	0.0	0.0	0.0
0	__protein2_rbs	0.0	0.0	0.0
0	__protein3_rbs	0.0	0.0	0.0
0	__ribosome	100.0	0.0	0.0
0	__rnase_site_ext	0.0	0.0	0.0
0	p0	1.0	0.0	0.0
0	p1	1.0	0.0	0.0
0	p2	1.0	0.0	0.0
0	r0	0.0	0.0	0.0
0	r1	0.0	0.0	0.0
0	rnapol	4.0	0.0	0.0
1	__protein1_rbs	0.0	0.0	0.0
1	__protein2_rbs	0.0	0.0	0.0
1	__protein3_rbs	0.0	0.0	0.0
1	__ribosome	60.0	0.0	0.0
1	__rnase_site_ext	0.45	0.0	0.0
1	p0	0.3	0.0	0.0
1	p1	0.6	0.0	0.0
1	p2	0.25	0.0	0.0
1	r0	0.0	0.0	0.0
1	r1	0.0	0.0	0.0
1	rnapol	1.65	0.0	0.0
2	__protein1_rbs	0.1	0.0	0.0
2	__protein2_rbs	0.0	0.0	0.0
2	__protein3_rbs	0.1	0.0	0.0
2	__ribosome	114.9	0.0	0.0
2	__rnase_site_ext	0.95	0.0	0.0
2	p0	0.75	0.0	0.0
2	p1	1.15	0.0	0.0
2	p2	0.8	0.0	0.0
2	protein1	0.0	0.1	0.0
2	protein3	0.0	0.2	0.1
2	r0	0.25	0.0	0.0
2	r1	0.0	0.0	0.0
2	rnapol	3.25	0.0	0.0
3	__protein1_rbs	0.1	0.0	0.0
3	__protein2_rbs	0.0	0.0	0.0
3	__protein3_rbs	0.1	0.0	0.0
3	__ribosome	124.4	0.0	0.0
3	__rnase_site_ext	1.4	0.0	0.0
3	p0	0.95	0.0	0.0
3	p1	1.25	0.0	0.0
3	p2	0.7	0.0	0.0
3	protein1	0.0	0.3	0.2
3	protein3	0.0	0.4	0.4
3	r0	0.5	0.0	0.0
3	r1	0.0	0.0	0.0
3	rnapol	3.1	0.0	0.0
4	__protein1_rbs	0.25	0.0	0.0
4	__protein2_rbs	0.0	0.0	0.0
4	__protein3_rbs	0.1	0.0	0.0
4	__ribosome	98.7	0.0	0.0
4	__rnase_site_ext	1.7	0.0	0.0
4	p0	0.95	0.0	0.0
4	p1	0.95	0.0	0.0
4	p2	0.9	0.0	0.0
4	protein1	0.0	0.55	0.375
4	protein3	0.0	0.6	inf
4	r0	0.65	0.0	0.0
4	r1	0.0	0.0	0.0
4	rnapol	2.15	0.0	0.0
5	__protein1_rbs	0.25	0.0	0.0
5	__protein2_rbs	0.0	0.0	0.0
5	__protein3_rbs	0.4	0.0	0.0
5	__ribosome	97.85	0.0	0.0
5	__rnase_site_ext	1.7	0.0	0.0
5	p0	0.85	0.0	0.0
5	p1	1.0	0.0	0.0
5	p2	1.0	0.0	0.0
5	protein1	0.0	0.6	0.725
5	protein2	0.0	0.05	0.05
5	protein3	0.0	0.85	inf
5	r0	0.7	0.0	0.0
5	r1	0.0	0.0	0.0
5	rnapol	2.0	0.0	0.0
6	__protein1_rbs	0.2	0.0	0.0
6	__protein2_rbs	0.05	0.0	0.0
6	__protein3_rbs	0.4	0.0	0.0
6	__ribosome	96.7	0.0	0.0
6	__rnase_site_ext	2.2	0.0	0.0
6	p0	0.85	0.0	0.0
6	p1	1.0	0.0	0.0
6	p2	0.85	0.0	0.0
6	protein1	0.0	0.7	1.05
6	protein2	0.0	0.05	0.05
6	protein3	0.0	1.0	inf
6	r0	0.85	0.0	0.0
6	r1	0.0	0.0	0.0
6	rnapol	1.6	0.0	0.0
7	__protein1_rbs	0.2	0.0	0.0
7	__protein2_rbs	0.0	0.0	0.0
7	__protein3_rbs	0.4	0.0	0.0
7	__ribosome	95.6	0.0	0.0
7	__rnase_site_ext	2.25	0.0	0.0
7	p0	0.95	0.0	0.0
7	p1	1.0	0.0	0.0
7	p2	0.95	0.0	0.0
7	protein1	0.0	0.85	1.4
7	protein2	0.0	0.05	0.1
7	protein3	0.1	1.05	1.975
7	r0	1.0	0.0	0.0
7	r1	0.0	0.0	0.0
7	rnapol	1.5	0.0	0.0
8	__protein1_rbs	0.4	0.0	0.0
8	__protein2_rbs	0.0	0.0	0.0
8	__protein3_rbs	0.3	0.0	0.0
8	__ribosome	94.45	0.0	0.0
8	__rnase_site_ext	2.5	0.0	0.0
8	p0	0.8	0.0	0.0
8	p1	1.0	0.0	0.0
8	p2	0.8	0.0	0.0
8	protein1	0.2	1.0	1.625
8	protein2	0.0	0.05	0.15
8	protein3	0.35	1.2	2.225
8	r0	1.15	0.0	0.0
8	r1	0.0	0.0	0.0
8	rnapol	1.15	0.0	0.0
9	__protein1_rbs	0.3	0.0	0.0
9	__protein2_rbs	0.0	0.0	0.0
9	__protein3_rbs	0.65	0.0	0.0
9	__ribosome	93.9	0.0	0.0
9	__rnase_site_ext	2.9	0.0	0.0
9	p0	0.9	0.0	0.0
9	p1	0.95	0.0	0.0
9	p2	0.8	0.0	0.0
9	protein1	0.55	1.05	1.825
9	protein2	0.0	0.05	0.2
9	protein3	0.7	1.25	2.25833335
9	r0	1.35	0.0	0.0
9	r1	0.2	0.0	0.0
9	rnapol	1.0	0.0	0.0
10	__protein1_rbs	0.2	0.0	0.0
10	__protein2_rbs	0.05	0.0	0.0
10	__protein3_rbs	0.4	0.0	0.0
10	__ribosome	92.6	0.0	0.0
10	__rnase_site_ext	3.35	0.0	0.0
10	p0	0.9	0.0	0.0
10	p1	0.65	0.0	0.0
10	p2	0.9	0.0	0.0
10	protein1	0.85	1.35	2.0666667000000003
10	protein2	0.0	0.05	0.2
10	protein3	1.3	1.6	2.31666665
10	r0	1.4	0.0	0.0
10	r1	0.5	0.0	0.0
10	rnapol	1.1	0.0	0.0
11	__protein1_rbs	0.55	0.0	0.0
11	__protein2_rbs	0.1	0.0	0.0
11	__protein3_rbs	0.5	0.0	0.0
11	__ribosome	91.45	0.0	0.0
11	__rnase_site_ext	3.65	0.0	0.0
11	p0	0.7	0.0	0.0
11	p1	0.6	0.0	0.0
11	p2	0.85	0.0	0.0
11	protein1	1.2	1.4	2.55
11	protein2	0.05	0.2	0.25
11	protein3	1.8	1.8	2.36666665
11	r0	1.5	0.0	0.0
11	r1	0.7	0.0	0.0
11	rnapol	0.85	0.0	0.0
12	__protein1_rbs	0.6	0.0	0.0
12	__protein2_rbs	0.2	0.0	0.0
12	__protein3_rbs	0.7	0.0	0.0
12	__ribosome	90.6	0.0	0.0
12	__rnase_site_ext	3.7	0.0	0.0
12	p0	0.95	0.0	0.0
12	p1	0.65	0.0	0.0
12	p2	0.95	0.0	0.0
12	protein1	1.7	1.5	2.69166665
12	protein2	0.1	0.45	0.5
12	protein3	2.55	1.8	2.575
12	r0	1.8	0.0	0.0
12	r1	0.75	0.0	0.0
12	rnapol	0.9	0.0	0.0
13	__protein1_rbs	0.85	0.0	0.0
13	__protein2_rbs	0.3	0.0	0.0
13	__protein3_rbs	0.6	0.0	0.0
13	__ribosome	89.6	0.0	0.0
13	__rnase_site_ext	3.9	0.0	0.0
13	p0	0.85	0.0	0.0
13	p1	0.75	0.0	0.0
13	p2	0.95	0.0	0.0
13	protein1	2.4	1.8	2.3000000000000003
13	protein2	0.15	0.65	0.7
13	protein3	3.3	1.9	2.61666665
13	r0	1.85	0.0	0.0
13	r1	0.9	0.0	0.0
13	rnapol	0.8	0.0	0.0
14	__protein1_rbs	0.55	0.0	0.0
14	__protein2_rbs	0.25	0.0	0.0
14	__protein3_rbs	0.4	0.0	0.0
14	__ribosome	87.8	0.0	0.0
14	__rnase_site_ext	4.0	0.0	0.0
14	p0	1.0	0.0	0.0
14	p1	0.8	0.0	0.0
14	p2	0.9	0.0	0.0
14	protein1	3.1	1.85	2.54166665
14	protein2	0.2	0.75	1.125
14	protein3	3.9	2.0	2.88333335
14	r0	2.0	0.0	0.0
14	r1	1.05	0.0	0.0
14	rnapol	0.75	0.0	0.0
15	__protein1_rbs	0.95	0.0	0.0
15	__protein2_rbs	0.35	0.0	0.0
15	__protein3_rbs	0.55	0.0	0.0
15	__ribosome	86.55	0.0	0.0
15	__rnase_site_ext	4.15	0.0	0.0
15	p0	0.9	0.0	0.0
15	p1	0.65	0.0	0.0
15	p2	0.95	0.0	0.0
15	protein1	4.1	2.0	2.44166665
15	protein2	0.2	0.9	1.46666665
15	protein3	4.85	2.0	3.1
15	r0	2.0	0.0	0.0
15	r1	1.15	0.0	0.0
15	rnapol	0.65	0.0	0.0
16	__protein1_rbs	0.7	0.0	0.0
16	__protein2_rbs	0.5	0.0	0.0
16	__protein3_rbs	0.55	0.0	0.0
16	__ribosome	85.6	0.0	0.0
16	__rnase_site_ext	4.25	0.0	0.0
16	p0	0.85	0.0	0.0
16	p1	0.75	0.0	0.0
16	p2	0.9	0.0	0.0
16	protein1	4.9	2.0	2.625
16	protein2	0.45	1.0	1.575
16	protein3	6.0	2.15	3.0583332999999997
16	r0	2.1	0.0	0.0
16	r1	1.4	0.0	0.0
16	rnapol	0.85	0.0	0.0
17	__protein1_rbs	0.75	0.0	0.0
17	__protein2_rbs	0.4	0.0	0.0
17	__protein3_rbs	0.85	0.0	0.0
17	__ribosome	84.3	0.0	0.0
17	__rnase_site_ext	4.25	0.0	0.0
17	p0	1.0	0.0	0.0
17	p1	0.75	0.0	0.0
17	p2	0.75	0.0	0.0
17	protein1	5.6	2.1	2.8750000000000004
17	protein2	0.65	1.2	1.91666665
17	protein3	7.2	2.1	3.2125
17	r0	2.15	0.0	0.0
17	r1	1.5	0.0	0.0
17	rnapol	1.0	0.0	0.0
18	__protein1_rbs	1.0	0.0	0.0
18	__protein2_rbs	0.5	0.0	0.0
18	__protein3_rbs	0.75	0.0	0.0
18	__ribosome	84.05	0.0	0.0
18	__rnase_site_ext	4.3	0.0	0.0
18	p0	0.95	0.0	0.0
18	p1	0.8	0.0	0.0
18	p2	0.5	0.0	0.0
18	protein1	6.8	2.15	2.925
18	protein2	1.05	1.4	2.1500000000000004
18	protein3	8.45	2.15	3.1125
18	r0	2.15	0.0	0.0
18	r1	1.6	0.0	0.0
18	rnapol	0.95	0.0	0.0
19	__protein1_rbs	0.8	0.0	0.0
19	__protein2_rbs	0.4	0.0	0.0
19	__protein3_rbs	0.65	0.0	0.0
19	__ribosome	82.75	0.0	0.0
19	__rnase_site_ext	4.25	0.0	0.0
19	p0	1.0	0.0	0.0
19	p1	0.8	0.0	0.0
19	p2	0.55	0.0	0.0
19	protein1	7.85	2.1	3.27499995
19	protein2	1.5	1.5	2.575
19	protein3	9.9	2.25	3.01166665
19	r0	2.15	0.0	0.0
19	r1	1.9	0.0	0.0
19	rnapol	1.05	0.0	0.0
20	__protein1_rbs	0.65	0.0	0.0
20	__protein2_rbs	0.5	0.0	0.0
20	__protein3_rbs	0.9	0.0	0.0
20	__ribosome	81.75	0.0	0.0
20	__rnase_site_ext	4.25	0.0	0.0
20	p0	0.9	0.0	0.0
20	p1	0.65	0.0	0.0
20	p2	0.7	0.0	0.0
20	protein1	9.05	2.15	3.3416667
20	protein2	2.1	1.65	2.6916667000000003
20	protein3	10.9	2.5	3.03666665
20	r0	2.1	0.0	0.0
20	r1	1.95	0.0	0.0
20	rnapol	0.95	0.0	0.0
21	__protein1_rbs	0.8	0.0	0.0
21	__protein2_rbs	0.7	0.0	0.0
21	__protein3_rbs	0.95	0.0	0.0
21	__ribosome	80.75	0.0	0.0
21	__rnase_site_ext	4.3	0.0	0.0
21	p0	1.0	0.0	0.0
21	p1	0.8	0.0	0.0
21	p2	0.8	0.0	0.0
21	protein1	10.2	2.1	3.36666675
21	protein2	2.6	1.85	2.6833332999999997
21	protein3	12.45	2.75	2.90166665
21	r0	2.1	0.0	0.0
21	r1	2.05	0.0	0.0
21	rnapol	0.9	0.0	0.0
22	__protein1_rbs	0.75	0.0	0.0
22	__protein2_rbs	0.8	0.0	0.0
22	__protein3_rbs	1.05	0.0	0.0
22	__ribosome	79.95	0.0	0.0
22	__rnase_site_ext	4.3	0.0	0.0
22	p0	0.95	0.0	0.0
22	p1	0.8	0.0	0.0
22	p2	0.65	0.0	0.0
22	protein1	11.5	2.1	3.44166665
22	protein2	3.35	2.05	2.6083333
22	protein3	13.75	2.9	2.8116666500000003
22	r0	2.0	0.0	0.0
22	r1	2.05	0.0	0.0
22	rnapol	0.85	0.0	0.0
23	__protein1_rbs	0.6	0.0	0.0
23	__protein2_rbs	0.75	0.0	0.0
23	__protein3_rbs	1.05	0.0	0.0
23	__ribosome	79.25	0.0	0.0
23	__rnase_site_ext	4.3	0.0	0.0
23	p0	0.85	0.0	0.0
23	p1	0.9	0.0	0.0
23	p2	0.8	0.0	0.0
23	protein1	12.7	2.05	3.5000000000000013
23	protein2	4.2	2.05	2.7666667
23	protein3	15.15	3.0	2.8291666
23	r0	2.05	0.0	0.0
23	r1	2.15	0.0	0.0
23	rnapol	0.7	0.0	0.0
24	__protein1_rbs	0.7	0.0	0.0
24	__protein2_rbs	1.0	0.0	0.0
24	__protein3_rbs	0.95	0.0	0.0
24	__ribosome	78.05	0.0	0.0
24	__rnase_site_ext	4.5	0.0	0.0
24	p0	0.95	0.0	0.0
24	p1	0.8	0.0	0.0
24	p2	0.5	0.0	0.0
24	protein1	13.9	2.1	3.4583333000000005
24	protein2	5.2	2.15	2.5916666000000004
24	protein3	16.3	3.2	2.928333250000001
24	r0	2.15	0.0	0.0
24	r1	2.35	0.0	0.0
24	rnapol	0.65	0.0	0.0
25	__protein1_rbs	0.9	0.0	0.0
25	__protein2_rbs	0.65	0.0	0.0
25	__protein3_rbs	1.45	0.0	0.0
25	__ribosome	77.3	0.0	0.0
25	__rnase_site_ext	4.55	0.0	0.0
25	p0	1.0	0.0	0.0
25	p1	0.7	0.0	0.0
25	p2	0.8	0.0	0.0
25	protein1	15.25	2.15	3.1666667
25	protein2	6.1	2.15	2.91666665
25	protein3	17.85	3.35	2.8883333499999995
25	r0	2.25	0.0	0.0
25	r1	2.3	0.0	0.0
25	rnapol	0.65	0.0	0.0
26	__protein1_rbs	0.8	0.0	0.0
26	__protein2_rbs	0.8	0.0	0.0
26	__protein3_rbs	1.35	0.0	0.0
26	__ribosome	76.55	0.0	0.0
26	__rnase_site_ext	4.7	0.0	0.0
26	p0	0.85	0.0	0.0
26	p1	0.9	0.0	0.0
26	p2	0.8	0.0	0.0
26	protein1	16.5	2.25	3.1083334
26	protein2	7.15	2.3	2.8333333
26	protein3	19.7	3.65	2.7891667
26	r0	2.25	0.0	0.0
26	r1	2.35	0.0	0.0
26	rnapol	0.7	0.0	0.0
27	__protein1_rbs	1.25	0.0	0.0
27	__protein2_rbs	0.55	0.0	0.0
27	__protein3_rbs	1.6	0.0	0.0
27	__ribosome	75.75	0.0	0.0
27	__rnase_site_ext	4.8	0.0	0.0
27	p0	0.95	0.0	0.0
27	p1	0.95	0.0	0.0
27	p2	0.65	0.0	0.0
27	protein1	17.8	2.3	2.8083333500000003
27	protein2	8.35	2.4	2.95833335
27	protein3	21.15	3.75	2.8475
27	r0	2.35	0.0	0.0
27	r1	2.4	0.0	0.0
27	rnapol	0.9	0.0	0.0
28	__protein1_rbs	0.85	0.0	0.0
28	__protein2_rbs	0.95	0.0	0.0
28	__protein3_rbs	1.55	0.0	0.0
28	__ribosome	75.05	0.0	0.0
28	__rnase_site_ext	4.95	0.0	0.0
28	p0	0.85	0.0	0.0
28	p1	0.95	0.0	0.0
28	p2	0.7	0.0	0.0
28	protein1	18.9	2.4	2.8500000000000005
28	protein2	9.6	2.45	2.95000005
28	protein3	23.35	3.9	2.7841666500000004
28	r0	2.4	0.0	0.0
28	r1	2.4	0.0	0.0
28	rnapol	1.0	0.0	0.0
29	__protein1_rbs	0.9	0.0	0.0
29	__protein2_rbs	1.1	0.0	0.0
29	__protein3_rbs	1.15	0.0	0.0
29	__ribosome	73.3	0.0	0.0
29	__rnase_site_ext	5.1	0.0	0.0
29	p0	0.95	0.0	0.0
29	p1	0.95	0.0	0.0
29	p2	0.6	0.0	0.0
29	protein1	20.15	2.4	2.9374999500000003
29	protein2	10.4	2.5	3.00416665
29	protein3	25.0	4.05	2.98333335
29	r0	2.55	0.0	0.0
29	r1	2.45	0.0	0.0
29	rnapol	0.95	0.0	0.0
30	__protein1_rbs	0.7	0.0	0.0
30	__protein2_rbs	1.0	0.0	0.0
30	__protein3_rbs	2.35	0.0	0.0
30	__ribosome	73.1	0.0	0.0
30	__rnase_site_ext	5.25	0.0	0.0
30	p0	0.85	0.0	0.0
30	p1	0.95	0.0	0.0
30	p2	0.75	0.0	0.0
30	protein1	21.4	2.6	2.91666665
30	protein2	11.85	2.5	3.0583332999999997
30	protein3	27.2	4.3	2.7533333000000004
30	r0	2.6	0.0	0.0
30	r1	2.45	0.0	0.0
30	rnapol	1.0	0.0	0.0
31	__protein1_rbs	1.1	0.0	0.0
31	__protein2_rbs	1.0	0.0	0.0
31	__protein3_rbs	1.75	0.0	0.0
31	__ribosome	72.85	0.0	0.0
31	__rnase_site_ext	5.3	0.0	0.0
31	p0	1.0	0.0	0.0
31	p1	0.9	0.0	0.0
31	p2	0.9	0.0	0.0
31	protein1	22.9	2.6	2.8166667000000003
31	protein2	13.3	2.45	3.0833333000000005
31	protein3	29.5	4.65	2.665
31	r0	2.7	0.0	0.0
31	r1	2.55	0.0	0.0
31	rnapol	1.25	0.0	0.0
32	__protein1_rbs	1.15	0.0	0.0
32	__protein2_rbs	0.7	0.0	0.0
32	__protein3_rbs	1.65	0.0	0.0
32	__ribosome	71.05	0.0	0.0
32	__rnase_site_ext	5.45	0.0	0.0
32	p0	0.85	0.0	0.0
32	p1	0.85	0.0	0.0
32	p2	0.8	0.0	0.0
32	protein1	24.05	2.7	2.96666665
32	protein2	14.9	2.5	3.0208333499999998
32	protein3	31.2	4.8	2.8275
32	r0	2.7	0.0	0.0
32	r1	2.5	0.0	0.0
32	rnapol	1.4	0.0	0.0
33	__protein1_rbs	1.05	0.0	0.0
33	__protein2_rbs	1.0	0.0	0.0
33	__protein3_rbs	1.6	0.0	0.0
33	__ribosome	70.4	0.0	0.0
33	__rnase_site_ext	5.55	0.0	0.0
33	p0	0.9	0.0	0.0
33	p1	0.9	0.0	0.0
33	p2	0.8	0.0	0.0
33	protein1	25.5	2.75	2.97916665
33	protein2	16.25	2.6	2.9166666500000007
33	protein3	33.95	4.8	2.9066666500000005
33	r0	2.85	0.0	0.0
33	r1	2.4	0.0	0.0
33	rnapol	1.35	0.0	0.0
34	__protein1_rbs	0.95	0.0	0.0
34	__protein2_rbs	1.05	0.0	0.0
34	__protein3_rbs	1.5	0.0	0.0
34	__ribosome	68.65	0.0	0.0
34	__rnase_site_ext	5.6	0.0	0.0
34	p0	0.9	0.0	0.0
34	p1	0.9	0.0	0.0
34	p2	0.8	0.0	0.0
34	protein1	26.75	2.9	3.04166665
34	protein2	17.8	2.6	3.00000005
34	protein3	36.25	4.9	3.12107145
34	r0	3.0	0.0	0.0
34	r1	2.55	0.0	0.0
34	rnapol	1.2	0.0	0.0
35	__protein1_rbs	1.2	0.0	0.0
35	__protein2_rbs	1.0	0.0	0.0
35	__protein3_rbs	1.9	0.0	0.0
35	__ribosome	68.7	0.0	0.0
35	__rnase_site_ext	6.0	0.0	0.0
35	p0	0.8	0.0	0.0
35	p1	0.85	0.0	0.0
35	p2	0.75	0.0	0.0
35	protein1	28.6	2.95	2.8916666500000003
35	protein2	19.25	2.7	2.95
35	protein3	38.85	5.0	3.0258333
35	r0	3.05	0.0	0.0
35	r1	2.5	0.0	0.0
35	rnapol	1.1	0.0	0.0
36	__protein1_rbs	0.85	0.0	0.0
36	__protein2_rbs	0.75	0.0	0.0
36	__protein3_rbs	2.35	0.0	0.0
36	__ribosome	68.2	0.0	0.0
36	__rnase_site_ext	6.2	0.0	0.0
36	p0	0.95	0.0	0.0
36	p1	0.9	0.0	0.0
36	p2	0.8	0.0	0.0
36	protein1	30.25	3.05	2.87000005
36	protein2	20.75	2.6	3.2416667
36	protein3	41.3	5.2	2.9271428
36	r0	3.25	0.0	0.0
36	r1	2.6	0.0	0.0
36	rnapol	1.2	0.0	0.0
37	__protein1_rbs	1.4	0.0	0.0
37	__protein2_rbs	1.2	0.0	0.0
37	__protein3_rbs	2.45	0.0	0.0
37	__ribosome	67.6	0.0	0.0
37	__rnase_site_ext	6.4	0.0	0.0
37	p0	0.9	0.0	0.0
37	p1	0.75	0.0	0.0
37	p2	0.75	0.0	0.0
37	protein1	31.7	3.25	2.7475
37	protein2	22.05	2.65	3.1499999000000005
37	protein3	44.15	5.4	2.88285715
37	r0	3.35	0.0	0.0
37	r1	2.7	0.0	0.0
37	rnapol	1.2	0.0	0.0
38	__protein1_rbs	1.3	0.0	0.0
38	__protein2_rbs	1.35	0.0	0.0
38	__protein3_rbs	2.05	0.0	0.0
38	__ribosome	67.1	0.0	0.0
38	__rnase_site_ext	6.6	0.0	0.0
38	p0	0.9	0.0	0.0
38	p1	0.75	0.0	0.0
38	p2	0.85	0.0	0.0
38	protein1	33.15	3.35	2.80499995
38	protein2	23.65	2.7	2.95416665
38	protein3	47.05	5.55	2.84047615
38	r0	3.45	0.0	0.0
38	r1	2.8	0.0	0.0
38	rnapol	1.25	0.0	0.0
39	__protein1_rbs	1.85	0.0	0.0
39	__protein2_rbs	1.6	0.0	0.0
39	__protein3_rbs	2.5	0.0	0.0
39	__ribosome	67.7	0.0	0.0
39	__rnase_site_ext	6.8	0.0	0.0
39	p0	0.95	0.0	0.0
39	p1	0.85	0.0	0.0
39	p2	0.7	0.0	0.0
39	protein1	34.9	3.4	2.7483333
39	protein2	25.25	2.8	2.8208333
39	protein3	50.4	5.6	2.7804762999999992
39	r0	3.6	0.0	0.0
39	r1	2.85	0.0	0.0
39	rnapol	0.95	0.0	0.0
40	__protein1_rbs	1.35	0.0	0.0
40	__protein2_rbs	1.1	0.0	0.0
40	__protein3_rbs	2.3	0.0	0.0
40	__ribosome	66.25	0.0	0.0
40	__rnase_site_ext	6.8	0.0	0.0
40	p0	0.95	0.0	0.0
40	p1	0.85	0.0	0.0
40	p2	0.9	0.0	0.0
40	protein1	36.3	3.6	2.81999995
40	protein2	26.95	2.8	2.94166665
40	protein3	53.25	5.75	2.79261905
40	r0	3.65	0.0	0.0
40	r1	3.05	0.0	0.0
40	rnapol	1.05	0.0	0.0
41	__protein1_rbs	1.45	0.0	0.0
41	__protein2_rbs	1.3	0.0	0.0
41	__protein3_rbs	2.4	0.0	0.0
41	__ribosome	66.35	0.0	0.0
41	__rnase_site_ext	6.85	0.0	0.0
41	p0	0.85	0.0	0.0
41	p1	0.8	0.0	0.0
41	p2	0.85	0.0	0.0
41	protein1	38.4	3.65	2.74
41	protein2	28.4	2.95	2.66166665
41	protein3	56.45	5.85	2.74738095
41	r0	3.7	0.0	0.0
41	r1	3.15	0.0	0.0
41	rnapol	0.95	0.0	0.0
42	__protein1_rbs	1.35	0.0	0.0
42	__protein2_rbs	1.3	0.0	0.0
42	__protein3_rbs	2.7	0.0	0.0
42	__ribosome	65.9	0.0	0.0
42	__rnase_site_ext	7.0	0.0	0.0
42	p0	0.85	0.0	0.0
42	p1	0.8	0.0	0.0
42	p2	0.9	0.0	0.0
42	protein1	40.4	3.7	2.6808332999999998
42	protein2	29.65	2.95	2.83
42	protein3	59.4	5.85	2.757381
42	r0	3.75	0.0	0.0
42	r1	3.1	0.0	0.0
42	rnapol	1.0	0.0	0.0
43	__protein1_rbs	1.5	0.0	0.0
43	__protein2_rbs	1.3	0.0	0.0
43	__protein3_rbs	1.85	0.0	0.0
43	__ribosome	63.9	0.0	0.0
43	__rnase_site_ext	7.15	0.0	0.0
43	p0	0.85	0.0	0.0
43	p1	0.9	0.0	0.0
43	p2	0.85	0.0	0.0
43	protein1	42.1	3.7	2.8291667
43	protein2	31.15	3.15	2.6783333499999995
43	protein3	62.35	5.9	2.92910725
43	r0	3.85	0.0	0.0
43	r1	3.3	0.0	0.0
43	rnapol	0.9	0.0	0.0
44	__protein1_rbs	1.8	0.0	0.0
44	__protein2_rbs	1.4	0.0	0.0
44	__protein3_rbs	2.75	0.0	0.0
44	__ribosome	63.6	0.0	0.0
44	__rnase_site_ext	7.3	0.0	0.0
44	p0	0.95	0.0	0.0
44	p1	0.75	0.0	0.0
44	p2	0.7	0.0	0.0
44	protein1	43.8	3.85	2.7877381000000003
44	protein2	32.45	3.2	2.67166665
44	protein3	65.5	6.0	2.8327976
44	r0	3.95	0.0	0.0
44	r1	3.45	0.0	0.0
44	rnapol	0.85	0.0	0.0
45	__protein1_rbs	1.65	0.0	0.0
45	__protein2_rbs	1.15	0.0	0.0
45	__protein3_rbs	3.1	0.0	0.0
45	__ribosome	63.45	0.0	0.0
45	__rnase_site_ext	7.4	0.0	0.0
45	p0	1.0	0.0	0.0
45	p1	0.75	0.0	0.0
45	p2	0.65	0.0	0.0
45	protein1	45.65	3.95	2.83916665
45	protein2	34.35	3.35	2.7033333500000003
45	protein3	68.75	6.1	2.7191667
45	r0	4.1	0.0	0.0
45	r1	3.6	0.0	0.0
45	rnapol	0.85	0.0	0.0
46	__protein1_rbs	1.65	0.0	0.0
46	__protein2_rbs	1.05	0.0	0.0
46	__protein3_rbs	2.85	0.0	0.0
46	__ribosome	62.15	0.0	0.0
46	__rnase_site_ext	7.5	0.0	0.0
46	p0	0.95	0.0	0.0
46	p1	0.75	0.0	0.0
46	p2	0.65	0.0	0.0
46	protein1	47.8	4.1	2.7754761999999995
46	protein2	35.85	3.45	2.7441667
46	protein3	71.9	6.25	2.72
46	r0	4.1	0.0	0.0
46	r1	3.6	0.0	0.0
46	rnapol	0.9	0.0	0.0
47	__protein1_rbs	1.35	0.0	0.0
47	__protein2_rbs	1.7	0.0	0.0
47	__protein3_rbs	2.45	0.0	0.0
47	__ribosome	61.5	0.0	0.0
47	__rnase_site_ext	7.7	0.0	0.0
47	p0	1.0	0.0	0.0
47	p1	0.75	0.0	0.0
47	p2	0.55	0.0	0.0
47	protein1	50.2	4.1	2.8358333
47	protein2	37.5	3.55	2.7575
47	protein3	75.35	6.45	2.7059524
47	r0	4.1	0.0	0.0
47	r1	3.65	0.0	0.0
47	rnapol	0.7	0.0	0.0
48	__protein1_rbs	2.0	0.0	0.0
48	__protein2_rbs	1.4	0.0	0.0
48	__protein3_rbs	2.75	0.0	0.0
48	__ribosome	60.65	0.0	0.0
48	__rnase_site_ext	7.7	0.0	0.0
48	p0	0.9	0.0	0.0
48	p1	0.85	0.0	0.0
48	p2	0.9	0.0	0.0
48	protein1	52.15	4.1	2.8965476000000003
48	protein2	39.3	3.7	2.6835714
48	protein3	78.6	6.65	2.6978969
48	r0	4.1	0.0	0.0
48	r1	3.65	0.0	0.0
48	rnapol	0.8	0.0	0.0
49	__protein1_rbs	2.0	0.0	0.0
49	__protein2_rbs	1.45	0.0	0.0
49	__protein3_rbs	2.8	0.0	0.0
49	__ribosome	59.7	0.0	0.0
49	__rnase_site_ext	7.8	0.0	0.0
49	p0	0.9	0.0	0.0
49	p1	0.95	0.0	0.0
49	p2	0.65	0.0	0.0
49	protein1	54.2	4.1	2.8365475500000006
49	protein2	40.75	3.75	2.81250005
49	protein3	82.0	6.9	2.6671825
49	r0	4.15	0.0	0.0
49	r1	3.85	0.0	0.0
49	rnapol	0.7	0.0	0.0
50	__protein1_rbs	2.05	0.0	0.0
50	__protein2_rbs	1.45	0.0	0.0
50	__protein3_rbs	3.4	0.0	0.0
50	__ribosome	59.5	0.0	0.0
50	__rnase_site_ext	7.95	0.0	0.0
50	p0	0.9	0.0	0.0
50	p1	0.8	0.0	0.0
50	p2	0.8	0.0	0.0
50	protein1	56.5	4.2	2.7091667
50	protein2	42.9	3.8	2.7941666999999994
50	protein3	85.2	6.9	2.7234524
50	r0	4.25	0.0	0.0
50	r1	3.95	0.0	0.0
50	rnapol	0.65	0.0	0.0
51	__protein1_rbs	1.9	0.0	0.0
51	__protein2_rbs	2.0	0.0	0.0
51	__protein3_rbs	3.05	0.0	0.0
51	__ribosome	58.5	0.0	0.0
51	__rnase_site_ext	8.15	0.0	0.0
51	p0	0.9	0.0	0.0
51	p1	0.75	0.0	0.0
51	p2	0.75	0.0	0.0
51	protein1	58.5	4.25	2.76154765
51	protein2	45.0	3.9	2.6941667
51	protein3	88.05	7.1	2.78660715
51	r0	4.35	0.0	0.0
51	r1	4.15	0.0	0.0
51	rnapol	0.6	0.0	0.0
52	__protein1_rbs	1.7	0.0	0.0
52	__protein2_rbs	2.1	0.0	0.0
52	__protein3_rbs	2.7	0.0	0.0
52	__ribosome	58.75	0.0	0.0
52	__rnase_site_ext	8.25	0.0	0.0
52	p0	0.85	0.0	0.0
52	p1	0.75	0.0	0.0
52	p2	0.7	0.0	0.0
52	protein1	61.3	4.35	2.59011905
52	protein2	46.95	4.0	2.6025
52	protein3	91.85	7.15	2.74632935
52	r0	4.55	0.0	0.0
52	r1	4.35	0.0	0.0
52	rnapol	0.5	0.0	0.0
53	__protein1_rbs	2.5	0.0	0.0
53	__protein2_rbs	1.85	0.0	0.0
53	__protein3_rbs	3.2	0.0	0.0
53	__ribosome	58.75	0.0	0.0
53	__rnase_site_ext	8.4	0.0	0.0
53	p0	0.9	0.0	0.0
53	p1	0.65	0.0	0.0
53	p2	0.75	0.0	0.0
53	protein1	63.25	4.5	2.4929762499999994
53	protein2	49.1	4.1	2.50083335
53	protein3	95.9	7.25	2.7057341
53	r0	4.7	0.0	0.0
53	r1	4.35	0.0	0.0
53	rnapol	0.45	0.0	0.0
54	__protein1_rbs	2.2	0.0	0.0
54	__protein2_rbs	2.1	0.0	0.0
54	__protein3_rbs	3.35	0.0	0.0
54	__ribosome	57.7	0.0	0.0
54	__rnase_site_ext	8.3	0.0	0.0
54	p0	0.95	0.0	0.0
54	p1	0.9	0.0	0.0
54	p2	0.75	0.0	0.0
54	protein1	65.05	4.6	2.66416665
54	protein2	51.0	4.35	2.44059525
54	protein3	99.45	7.3	2.71517865
54	r0	4.8	0.0	0.0
54	r1	4.45	0.0	0.0
54	rnapol	0.75	0.0	0.0
55	__protein1_rbs	2.1	0.0	0.0
55	__protein2_rbs	1.95	0.0	0.0
55	__protein3_rbs	3.15	0.0	0.0
55	__ribosome	57.05	0.0	0.0
55	__rnase_site_ext	8.55	0.0	0.0
55	p0	1.0	0.0	0.0
55	p1	0.85	0.0	0.0
55	p2	0.8	0.0	0.0
55	protein1	67.45	4.8	2.60011905
55	protein2	53.2	4.45	2.5007143
55	protein3	103.5	7.35	2.6860516
55	r0	4.75	0.0	0.0
55	r1	4.5	0.0	0.0
55	rnapol	0.85	0.0	0.0
56	__protein1_rbs	2.55	0.0	0.0
56	__protein2_rbs	2.2	0.0	0.0
56	__protein3_rbs	3.55	0.0	0.0
56	__ribosome	56.85	0.0	0.0
56	__rnase_site_ext	8.55	0.0	0.0
56	p0	0.95	0.0	0.0
56	p1	0.85	0.0	0.0
56	p2	0.75	0.0	0.0
56	protein1	69.5	4.75	2.5442857000000005
56	protein2	55.2	4.45	2.54392855
56	protein3	107.15	7.6	2.6254167
56	r0	4.7	0.0	0.0
56	r1	4.5	0.0	0.0
56	rnapol	0.75	0.0	0.0
57	__protein1_rbs	1.9	0.0	0.0
57	__protein2_rbs	1.9	0.0	0.0
57	__protein3_rbs	3.55	0.0	0.0
57	__ribosome	55.85	0.0	0.0
57	__rnase_site_ext	8.55	0.0	0.0
57	p0	0.95	0.0	0.0
57	p1	0.95	0.0	0.0
57	p2	0.85	0.0	0.0
57	protein1	72.05	4.75	2.57999995
57	protein2	57.05	4.6	2.64869045
57	protein3	111.1	7.65	2.6010516
57	r0	4.65	0.0	0.0
57	r1	4.5	0.0	0.0
57	rnapol	0.9	0.0	0.0
58	__protein1_rbs	1.95	0.0	0.0
58	__protein2_rbs	2.1	0.0	0.0
58	__protein3_rbs	3.85	0.0	0.0
58	__ribosome	54.9	0.0	0.0
58	__rnase_site_ext	8.55	0.0	0.0
58	p0	0.95	0.0	0.0
58	p1	0.85	0.0	0.0
58	p2	0.6	0.0	0.0
58	protein1	74.3	4.65	2.8058333500000003
58	protein2	59.25	4.6	2.6682143000000003
58	protein3	115.05	7.75	2.6233927999999995
58	r0	4.65	0.0	0.0
58	r1	4.5	0.0	0.0
58	rnapol	0.8	0.0	0.0
59	__protein1_rbs	2.25	0.0	0.0
59	__protein2_rbs	2.2	0.0	0.0
59	__protein3_rbs	3.4	0.0	0.0
59	__ribosome	54.15	0.0	0.0
59	__rnase_site_ext	8.6	0.0	0.0
59	p0	0.9	0.0	0.0
59	p1	0.8	0.0	0.0
59	p2	0.7	0.0	0.0
59	protein1	76.55	4.7	2.8530952499999995
59	protein2	61.6	4.65	2.6284522999999997
59	protein3	118.85	7.7	2.7140675
59	r0	4.6	0.0	0.0
59	r1	4.6	0.0	0.0
59	rnapol	0.85	0.0	0.0
60	__protein1_rbs	2.15	0.0	0.0
60	__protein2_rbs	2.5	0.0	0.0
60	__protein3_rbs	3.75	0.0	0.0
60	__ribosome	54.25	0.0	0.0
60	__rnase_site_ext	8.75	0.0	0.0
60	p0	0.85	0.0	0.0
60	p1	0.8	0.0	0.0
60	p2	0.7	0.0	0.0
60	protein1	78.75	4.55	3.02511905
60	protein2	64.05	4.85	2.5229761
60	protein3	122.6	8.05	2.57319445
60	r0	4.65	0.0	0.0
60	r1	4.9	0.0	0.0
60	rnapol	0.85	0.0	0.0
61	__protein1_rbs	2.1	0.0	0.0
61	__protein2_rbs	2.45	0.0	0.0
61	__protein3_rbs	3.6	0.0	0.0
61	__ribosome	53.65	0.0	0.0
61	__rnase_site_ext	8.65	0.0	0.0
61	p0	0.95	0.0	0.0
61	p1	0.65	0.0	0.0
61	p2	0.75	0.0	0.0
61	protein1	81.45	4.65	2.9353572
61	protein2	66.35	4.75	2.5782142999999995
61	protein3	126.4	8.3	2.5827310000000003
61	r0	4.7	0.0	0.0
61	r1	4.9	0.0	0.0
61	rnapol	0.95	0.0	0.0
62	__protein1_rbs	2.6	0.0	0.0
62	__protein2_rbs	2.6	0.0	0.0
62	__protein3_rbs	3.55	0.0	0.0
62	__ribosome	53.6	0.0	0.0
62	__rnase_site_ext	8.75	0.0	0.0
62	p0	0.95	0.0	0.0
62	p1	0.65	0.0	0.0
62	p2	0.7	0.0	0.0
62	protein1	83.9	4.65	2.8714286499999995
62	protein2	68.7	4.85	2.4933333500000003
62	protein3	130.45	8.3	2.67173705
62	r0	4.7	0.0	0.0
62	r1	5.0	0.0	0.0
62	rnapol	0.9	0.0	0.0
63	__protein1_rbs	2.2	0.0	0.0
63	__protein2_rbs	2.25	0.0	0.0
63	__protein3_rbs	3.5	0.0	0.0
63	__ribosome	52.75	0.0	0.0
63	__rnase_site_ext	8.9	0.0	0.0
63	p0	0.95	0.0	0.0
63	p1	0.7	0.0	0.0
63	p2	0.75	0.0	0.0
63	protein1	86.5	4.7	2.7041666500000003
63	protein2	71.1	5.0	2.5073809
63	protein3	134.45	8.35	2.71231605
63	r0	4.8	0.0	0.0
63	r1	5.1	0.0	0.0
63	rnapol	0.75	0.0	0.0
64	__protein1_rbs	2.35	0.0	0.0
64	__protein2_rbs	2.8	0.0	0.0
64	__protein3_rbs	4.75	0.0	0.0
64	__ribosome	53.9	0.0	0.0
64	__rnase_site_ext	9.25	0.0	0.0
64	p0	0.85	0.0	0.0
64	p1	0.9	0.0	0.0
64	p2	0.9	0.0	0.0
64	protein1	89.25	4.8	2.60595235
64	protein2	73.65	5.15	2.3735714500000005
64	protein3	138.4	8.65	2.58223665
64	r0	4.8	0.0	0.0
64	r1	5.1	0.0	0.0
64	rnapol	0.65	0.0	0.0
65	__protein1_rbs	1.75	0.0	0.0
65	__protein2_rbs	2.35	0.0	0.0
65	__protein3_rbs	4.15	0.0	0.0
65	__ribosome	53.0	0.0	0.0
65	__rnase_site_ext	9.4	0.0	0.0
65	p0	0.85	0.0	0.0
65	p1	0.95	0.0	0.0
65	p2	0.85	0.0	0.0
65	protein1	91.5	4.8	2.6929762000000004
65	protein2	76.1	5.2	2.39440475
65	protein3	143.05	8.85	2.49459415
65	r0	4.95	0.0	0.0
65	r1	5.15	0.0	0.0
65	rnapol	0.75	0.0	0.0
66	__protein1_rbs	2.35	0.0	0.0
66	__protein2_rbs	2.1	0.0	0.0
66	__protein3_rbs	4.4	0.0	0.0
66	__ribosome	51.85	0.0	0.0
66	__rnase_site_ext	9.35	0.0	0.0
66	p0	0.95	0.0	0.0
66	p1	0.95	0.0	0.0
66	p2	0.8	0.0	0.0
66	protein1	93.85	4.95	2.59708335
66	protein2	78.2	5.2	2.5389285500000005
66	protein3	147.05	8.95	2.5263293
66	r0	5.1	0.0	0.0
66	r1	5.2	0.0	0.0
66	rnapol	0.7	0.0	0.0
67	__protein1_rbs	2.55	0.0	0.0
67	__protein2_rbs	1.9	0.0	0.0
67	__protein3_rbs	4.65	0.0	0.0
67	__ribosome	51.3	0.0	0.0
67	__rnase_site_ext	9.55	0.0	0.0
67	p0	0.9	0.0	0.0
67	p1	0.85	0.0	0.0
67	p2	0.8	0.0	0.0
67	protein1	95.95	5.0	2.6688095
67	protein2	80.4	5.25	2.7155357
67	protein3	152.0	9.0	2.43020385
67	r0	5.1	0.0	0.0
67	r1	5.25	0.0	0.0
67	rnapol	0.8	0.0	0.0
68	__protein1_rbs	2.7	0.0	0.0
68	__protein2_rbs	2.6	0.0	0.0
68	__protein3_rbs	4.65	0.0	0.0
68	__ribosome	51.05	0.0	0.0
68	__rnase_site_ext	9.7	0.0	0.0
68	p0	0.9	0.0	0.0
68	p1	0.9	0.0	0.0
68	p2	0.65	0.0	0.0
68	protein1	98.8	5.1	2.54279765
68	protein2	83.05	5.3	2.65267855
68	protein3	155.75	9.05	2.49864355
68	r0	5.15	0.0	0.0
68	r1	5.4	0.0	0.0
68	rnapol	0.75	0.0	0.0
69	__protein1_rbs	2.55	0.0	0.0
69	__protein2_rbs	2.6	0.0	0.0
69	__protein3_rbs	3.75	0.0	0.0
69	__ribosome	49.15	0.0	0.0
69	__rnase_site_ext	9.6	0.0	0.0
69	p0	0.95	0.0	0.0
69	p1	0.8	0.0	0.0
69	p2	0.65	0.0	0.0
69	protein1	101.05	5.15	2.54821425
69	protein2	85.4	5.35	2.7078572000000003
69	protein3	159.8	9.15	2.60272905
69	r0	5.25	0.0	0.0
69	r1	5.25	0.0	0.0
69	rnapol	0.85	0.0	0.0
70	__protein1_rbs	2.45	0.0	0.0
70	__protein2_rbs	2.6	0.0	0.0
70	__protein3_rbs	4.7	0.0	0.0
70	__ribosome	49.2	0.0	0.0
70	__rnase_site_ext	9.65	0.0	0.0
70	p0	0.95	0.0	0.0
70	p1	0.7	0.0	0.0
70	p2	0.65	0.0	0.0
70	protein1	103.65	5.25	2.4947023999999995
70	protein2	88.0	5.35	2.7530952500000003
70	protein3	164.45	9.25	2.5003965500000005
70	r0	5.3	0.0	0.0
70	r1	5.25	0.0	0.0
70	rnapol	1.05	0.0	0.0
71	__protein1_rbs	2.45	0.0	0.0
71	__protein2_rbs	2.55	0.0	0.0
71	__protein3_rbs	4.15	0.0	0.0
71	__ribosome	48.75	0.0	0.0
71	__rnase_site_ext	9.65	0.0	0.0
71	p0	0.95	0.0	0.0
71	p1	0.9	0.0	0.0
71	p2	0.7	0.0	0.0
71	protein1	106.25	5.3	2.4961309499999995
71	protein2	90.9	5.55	2.6449404999999997
71	protein3	168.95	9.4	2.51823735
71	r0	5.35	0.0	0.0
71	r1	5.3	0.0	0.0
71	rnapol	1.25	0.0	0.0
72	__protein1_rbs	3.15	0.0	0.0
72	__protein2_rbs	3.0	0.0	0.0
72	__protein3_rbs	4.8	0.0	0.0
72	__ribosome	49.85	0.0	0.0
72	__rnase_site_ext	9.7	0.0	0.0
72	p0	1.0	0.0	0.0
72	p1	0.9	0.0	0.0
72	p2	0.75	0.0	0.0
72	protein1	108.85	5.3	2.40690475
72	protein2	94.0	5.65	2.4858928
72	protein3	173.5	9.65	2.4583013
72	r0	5.35	0.0	0.0
72	r1	5.45	0.0	0.0
72	rnapol	1.1	0.0	0.0
73	__protein1_rbs	2.6	0.0	0.0
73	__protein2_rbs	2.9	0.0	0.0
73	__protein3_rbs	5.1	0.0	0.0
73	__ribosome	48.5	0.0	0.0
73	__rnase_site_ext	9.8	0.0	0.0
73	p0	1.0	0.0	0.0
73	p1	0.75	0.0	0.0
73	p2	0.95	0.0	0.0
73	protein1	111.1	5.3	2.54529755
73	protein2	96.5	5.45	2.69613095
73	protein3	177.55	9.8	2.4851023999999997
73	r0	5.3	0.0	0.0
73	r1	5.35	0.0	0.0
73	rnapol	1.2	0.0	0.0
74	__protein1_rbs	2.45	0.0	0.0
74	__protein2_rbs	3.05	0.0	0.0
74	__protein3_rbs	4.85	0.0	0.0
74	__ribosome	49.1	0.0	0.0
74	__rnase_site_ext	10.1	0.0	0.0
74	p0	0.65	0.0	0.0
74	p1	0.8	0.0	0.0
74	p2	0.75	0.0	0.0
74	protein1	113.45	5.3	2.6350595
74	protein2	99.6	5.5	2.5416866000000002
74	protein3	182.65	10.05	2.39226425
74	r0	5.2	0.0	0.0
74	r1	5.35	0.0	0.0
74	rnapol	0.9	0.0	0.0
75	__protein1_rbs	2.6	0.0	0.0
75	__protein2_rbs	2.3	0.0	0.0
75	__protein3_rbs	4.35	0.0	0.0
75	__ribosome	48.05	0.0	0.0
75	__rnase_site_ext	10.15	0.0	0.0
75	p0	1.0	0.0	0.0
75	p1	0.9	0.0	0.0
75	p2	0.9	0.0	0.0
75	protein1	116.25	5.25	2.6779762000000003
75	protein2	102.4	5.6	2.577579300000001
75	protein3	187.5	10.1	2.44990785
75	r0	5.55	0.0	0.0
75	r1	5.3	0.0	0.0
75	rnapol	1.15	0.0	0.0
76	__protein1_rbs	2.5	0.0	0.0
76	__protein2_rbs	2.65	0.0	0.0
76	__protein3_rbs	5.25	0.0	0.0
76	__ribosome	47.0	0.0	0.0
76	__rnase_site_ext	10.25	0.0	0.0
76	p0	0.95	0.0	0.0
76	p1	0.8	0.0	0.0
76	p2	0.75	0.0	0.0
76	protein1	119.0	5.5	2.55547615
76	protein2	104.95	5.6	2.6462699
76	protein3	191.9	10.3	2.47712645
76	r0	5.5	0.0	0.0
76	r1	5.4	0.0	0.0
76	rnapol	1.05	0.0	0.0
77	__protein1_rbs	2.8	0.0	0.0
77	__protein2_rbs	2.9	0.0	0.0
77	__protein3_rbs	5.05	0.0	0.0
77	__ribosome	46.9	0.0	0.0
77	__rnase_site_ext	10.2	0.0	0.0
77	p0	1.0	0.0	0.0
77	p1	0.8	0.0	0.0
77	p2	0.8	0.0	0.0
77	protein1	121.4	5.5	2.51077375
77	protein2	107.55	5.7	2.56067465
77	protein3	196.85	10.3	2.4757322999999998
77	r0	5.55	0.0	0.0
77	r1	5.4	0.0	0.0
77	rnapol	1.1	0.0	0.0
78	__protein1_rbs	2.45	0.0	0.0
78	__protein2_rbs	3.1	0.0	0.0
78	__protein3_rbs	5.35	0.0	0.0
78	__ribosome	45.8	0.0	0.0
78	__rnase_site_ext	10.45	0.0	0.0
78	p0	0.9	0.0	0.0
78	p1	0.9	0.0	0.0
78	p2	0.7	0.0	0.0
78	protein1	123.85	5.5	2.67315475
78	protein2	110.1	5.6	2.5302381
78	protein3	201.0	10.35	2.54670635
78	r0	5.5	0.0	0.0
78	r1	5.45	0.0	0.0
78	rnapol	1.0	0.0	0.0
79	__protein1_rbs	2.55	0.0	0.0
79	__protein2_rbs	2.9	0.0	0.0
79	__protein3_rbs	5.2	0.0	0.0
79	__ribosome	46.2	0.0	0.0
79	__rnase_site_ext	10.4	0.0	0.0
79	p0	0.95	0.0	0.0
79	p1	0.9	0.0	0.0
79	p2	0.75	0.0	0.0
79	protein1	126.7	5.45	2.6042262000000003
79	protein2	112.95	5.6	2.57101195
79	protein3	206.2	10.55	2.513614
79	r0	5.6	0.0	0.0
79	r1	5.5	0.0	0.0
79	rnapol	1.15	0.0	0.0
80	__protein1_rbs	2.8	0.0	0.0
80	__protein2_rbs	3.0	0.0	0.0
80	__protein3_rbs	5.4	0.0	0.0
80	__ribosome	47.6	0.0	0.0
80	__rnase_site_ext	10.45	0.0	0.0
80	p0	0.95	0.0	0.0
80	p1	0.95	0.0	0.0
80	p2	0.7	0.0	0.0
80	protein1	129.25	5.6	2.5563095000000002
80	protein2	116.15	5.55	2.4495238499999994
80	protein3	211.65	10.55	2.4424417000000003
80	r0	5.55	0.0	0.0
80	r1	5.5	0.0	0.0
80	rnapol	1.15	0.0	0.0
81	__protein1_rbs	2.65	0.0	0.0
81	__protein2_rbs	3.2	0.0	0.0
81	__protein3_rbs	5.65	0.0	0.0
81	__ribosome	47.35	0.0	0.0
81	__rnase_site_ext	10.4	0.0	0.0
81	p0	0.85	0.0	0.0
81	p1	0.95	0.0	0.0
81	p2	0.75	0.0	0.0
81	protein1	131.95	5.6	2.5647619
81	protein2	118.5	5.6	2.45232135
81	protein3	216.45	10.55	2.45797985
81	r0	5.45	0.0	0.0
81	r1	5.55	0.0	0.0
81	rnapol	0.9	0.0	0.0
82	__protein1_rbs	3.15	0.0	0.0
82	__protein2_rbs	2.85	0.0	0.0
82	__protein3_rbs	5.1	0.0	0.0
82	__ribosome	47.45	0.0	0.0
82	__rnase_site_ext	10.65	0.0	0.0
82	p0	0.95	0.0	0.0
82	p1	0.9	0.0	0.0
82	p2	0.75	0.0	0.0
82	protein1	135.1	5.5	2.46696425
82	protein2	121.0	5.6	2.50011905
82	protein3	221.7	10.7	2.44876455
82	r0	5.55	0.0	0.0
82	r1	5.75	0.0	0.0
82	rnapol	1.0	0.0	0.0
83	__protein1_rbs	2.95	0.0	0.0
83	__protein2_rbs	2.75	0.0	0.0
83	__protein3_rbs	5.0	0.0	0.0
83	__ribosome	46.45	0.0	0.0
83	__rnase_site_ext	10.6	0.0	0.0
83	p0	0.85	0.0	0.0
83	p1	0.65	0.0	0.0
83	p2	0.65	0.0	0.0
83	protein1	137.7	5.55	2.44380955
83	protein2	123.4	5.6	2.52678575
83	protein3	226.75	10.75	2.4776834
83	r0	5.65	0.0	0.0
83	r1	5.85	0.0	0.0
83	rnapol	0.95	0.0	0.0
84	__protein1_rbs	2.85	0.0	0.0
84	__protein2_rbs	3.05	0.0	0.0
84	__protein3_rbs	5.8	0.0	0.0
84	__ribosome	46.6	0.0	0.0
84	__rnase_site_ext	10.75	0.0	0.0
84	p0	0.9	0.0	0.0
84	p1	0.7	0.0	0.0
84	p2	0.75	0.0	0.0
84	protein1	140.55	5.65	2.41279755
84	protein2	126.2	5.75	2.41428575
84	protein3	231.45	10.95	2.41749305
84	r0	5.55	0.0	0.0
84	r1	5.85	0.0	0.0
84	rnapol	0.85	0.0	0.0
85	__protein1_rbs	2.45	0.0	0.0
85	__protein2_rbs	3.15	0.0	0.0
85	__protein3_rbs	5.7	0.0	0.0
85	__ribosome	45.45	0.0	0.0
85	__rnase_site_ext	10.6	0.0	0.0
85	p0	0.9	0.0	0.0
85	p1	0.85	0.0	0.0
85	p2	0.8	0.0	0.0
85	protein1	142.7	5.55	2.60210325
85	protein2	129.15	5.95	2.24093255
85	protein3	236.25	11.1	2.4652421
85	r0	5.65	0.0	0.0
85	r1	5.95	0.0	0.0
85	rnapol	0.9	0.0	0.0
86	__protein1_rbs	2.8	0.0	0.0
86	__protein2_rbs	2.9	0.0	0.0
86	__protein3_rbs	4.75	0.0	0.0
86	__ribosome	43.5	0.0	0.0
86	__rnase_site_ext	10.85	0.0	0.0
86	p0	0.9	0.0	0.0
86	p1	0.85	0.0	0.0
86	p2	0.75	0.0	0.0
86	protein1	145.5	5.65	2.55829365
86	protein2	131.15	6.0	2.422519800000001
86	protein3	241.6	11.1	2.52646615
86	r0	5.7	0.0	0.0
86	r1	5.95	0.0	0.0
86	rnapol	0.85	0.0	0.0
87	__protein1_rbs	2.8	0.0	0.0
87	__protein2_rbs	3.35	0.0	0.0
87	__protein3_rbs	5.95	0.0	0.0
87	__ribosome	43.75	0.0	0.0
87	__rnase_site_ext	11.05	0.0	0.0
87	p0	1.0	0.0	0.0
87	p1	0.85	0.0	0.0
87	p2	0.9	0.0	0.0
87	protein1	148.2	5.7	2.51202375
87	protein2	133.8	6.05	2.4343254
87	protein3	246.8	11.25	2.4512075
87	r0	5.8	0.0	0.0
87	r1	5.95	0.0	0.0
87	rnapol	1.0	0.0	0.0
88	__protein1_rbs	3.1	0.0	0.0
88	__protein2_rbs	3.35	0.0	0.0
88	__protein3_rbs	5.95	0.0	0.0
88	__ribosome	44.3	0.0	0.0
88	__rnase_site_ext	11.05	0.0	0.0
88	p0	0.95	0.0	0.0
88	p1	1.0	0.0	0.0
88	p2	0.85	0.0	0.0
88	protein1	150.95	5.85	2.4057738
88	protein2	136.7	6.15	2.34613095
88	protein3	251.8	11.4	2.444500000000001
88	r0	5.8	0.0	0.0
88	r1	6.05	0.0	0.0
88	rnapol	0.95	0.0	0.0
89	__protein1_rbs	2.65	0.0	0.0
89	__protein2_rbs	3.0	0.0	0.0
89	__protein3_rbs	6.55	0.0	0.0
89	__ribosome	44.4	0.0	0.0
89	__rnase_site_ext	11.15	0.0	0.0
89	p0	0.85	0.0	0.0
89	p1	0.85	0.0	0.0
89	p2	0.8	0.0	0.0
89	protein1	153.7	5.8	2.4401190499999994
89	protein2	139.3	6.1	2.47603175
89	protein3	257.6	11.55	2.3386106
89	r0	5.85	0.0	0.0
89	r1	6.1	0.0	0.0
89	rnapol	0.95	0.0	0.0
90	__protein1_rbs	3.3	0.0	0.0
90	__protein2_rbs	3.05	0.0	0.0
90	__protein3_rbs	6.2	0.0	0.0
90	__ribosome	44.75	0.0	0.0
90	__rnase_site_ext	11.35	0.0	0.0
90	p0	0.95	0.0	0.0
90	p1	0.8	0.0	0.0
90	p2	0.75	0.0	0.0
90	protein1	156.5	5.9	2.3196429000000003
90	protein2	142.25	6.1	2.4843452999999998
90	protein3	262.85	11.4	2.3663402500000004
90	r0	5.95	0.0	0.0
90	r1	6.2	0.0	0.0
90	rnapol	1.05	0.0	0.0
91	__protein1_rbs	3.1	0.0	0.0
91	__protein2_rbs	3.45	0.0	0.0
91	__protein3_rbs	6.0	0.0	0.0
91	__ribosome	45.55	0.0	0.0
91	__rnase_site_ext	11.4	0.0	0.0
91	p0	1.0	0.0	0.0
91	p1	0.85	0.0	0.0
91	p2	0.65	0.0	0.0
91	protein1	159.05	5.9	2.40910715
91	protein2	145.5	6.3	2.34498015
91	protein3	268.7	11.5	2.3239557
91	r0	6.1	0.0	0.0
91	r1	6.25	0.0	0.0
91	rnapol	1.3	0.0	0.0
92	__protein1_rbs	2.95	0.0	0.0
92	__protein2_rbs	3.3	0.0	0.0
92	__protein3_rbs	6.05	0.0	0.0
92	__ribosome	44.95	0.0	0.0
92	__rnase_site_ext	11.2	0.0	0.0
92	p0	1.0	0.0	0.0
92	p1	0.7	0.0	0.0
92	p2	0.8	0.0	0.0
92	protein1	161.9	6.05	2.37904755
92	protein2	148.15	6.3	2.3809325
92	protein3	273.85	11.45	2.3311471500000005
92	r0	6.05	0.0	0.0
92	r1	6.25	0.0	0.0
92	rnapol	1.3	0.0	0.0
93	__protein1_rbs	3.0	0.0	0.0
93	__protein2_rbs	3.45	0.0	0.0
93	__protein3_rbs	5.75	0.0	0.0
93	__ribosome	43.5	0.0	0.0
93	__rnase_site_ext	11.3	0.0	0.0
93	p0	0.85	0.0	0.0
93	p1	0.8	0.0	0.0
93	p2	0.85	0.0	0.0
93	protein1	164.3	6.05	2.47365075
93	protein2	150.8	6.4	2.3653769500000004
93	protein3	279.1	11.5	2.3778170500000004
93	r0	5.95	0.0	0.0
93	r1	6.25	0.0	0.0
93	rnapol	1.45	0.0	0.0
94	__protein1_rbs	3.45	0.0	0.0
94	__protein2_rbs	3.45	0.0	0.0
94	__protein3_rbs	6.55	0.0	0.0
94	__ribosome	44.2	0.0	0.0
94	__rnase_site_ext	11.25	0.0	0.0
94	p0	0.9	0.0	0.0
94	p1	0.85	0.0	0.0
94	p2	0.8	0.0	0.0
94	protein1	167.5	5.9	2.4009325499999994
94	protein2	153.9	6.5	2.3157936500000003
94	protein3	283.75	11.6	2.3677093499999997
94	r0	6.1	0.0	0.0
94	r1	6.4	0.0	0.0
94	rnapol	1.25	0.0	0.0
95	__protein1_rbs	2.95	0.0	0.0
95	__protein2_rbs	3.2	0.0	0.0
95	__protein3_rbs	6.35	0.0	0.0
95	__ribosome	43.15	0.0	0.0
95	__rnase_site_ext	11.3	0.0	0.0
95	p0	1.0	0.0	0.0
95	p1	0.75	0.0	0.0
95	p2	0.9	0.0	0.0
95	protein1	169.75	6.05	2.4519642999999998
95	protein2	156.7	6.45	2.4434524
95	protein3	289.2	11.55	2.38284675
95	r0	6.1	0.0	0.0
95	r1	6.25	0.0	0.0
95	rnapol	1.3	0.0	0.0
96	__protein1_rbs	3.3	0.0	0.0
96	__protein2_rbs	4.35	0.0	0.0
96	__protein3_rbs	5.15	0.0	0.0
96	__ribosome	42.6	0.0	0.0
96	__rnase_site_ext	11.45	0.0	0.0
96	p0	0.8	0.0	0.0
96	p1	0.95	0.0	0.0
96	p2	0.95	0.0	0.0
96	protein1	172.25	6.15	2.4915476
96	protein2	159.5	6.55	2.24894835
96	protein3	294.35	11.45	2.48047325
96	r0	6.2	0.0	0.0
96	r1	6.15	0.0	0.0
96	rnapol	1.05	0.0	0.0
97	__protein1_rbs	3.25	0.0	0.0
97	__protein2_rbs	3.35	0.0	0.0
97	__protein3_rbs	6.2	0.0	0.0
97	__ribosome	43.5	0.0	0.0
97	__rnase_site_ext	11.5	0.0	0.0
97	p0	0.8	0.0	0.0
97	p1	0.95	0.0	0.0
97	p2	0.7	0.0	0.0
97	protein1	175.45	6.2	2.4270833
97	protein2	162.55	6.55	2.29890875
97	protein3	300.35	11.3	2.46058725
97	r0	6.4	0.0	0.0
97	r1	6.3	0.0	0.0
97	rnapol	0.9	0.0	0.0
98	__protein1_rbs	3.45	0.0	0.0
98	__protein2_rbs	3.55	0.0	0.0
98	__protein3_rbs	5.65	0.0	0.0
98	__ribosome	43.1	0.0	0.0
98	__rnase_site_ext	11.65	0.0	0.0
98	p0	0.95	0.0	0.0
98	p1	0.85	0.0	0.0
98	p2	0.8	0.0	0.0
98	protein1	178.35	6.5	2.27200395
98	protein2	165.35	6.5	2.3872222000000005
98	protein3	305.5	11.25	2.4988968500000004
98	r0	6.6	0.0	0.0
98	r1	6.4	0.0	0.0
98	rnapol	1.0	0.0	0.0
99	__protein1_rbs	3.7	0.0	0.0
99	__protein2_rbs	3.55	0.0	0.0
99	__protein3_rbs	5.9	0.0	0.0
99	__ribosome	43.5	0.0	0.0
99	__rnase_site_ext	11.75	0.0	0.0
99	p0	0.85	0.0	0.0
99	p1	0.8	0.0	0.0
99	p2	0.65	0.0	0.0
99	protein1	181.05	6.55	2.2851785
99	protein2	168.35	6.35	2.3293253500000004
99	protein3	311.0	11.35	2.4618732000000003
99	r0	6.65	0.0	0.0
99	r1	6.2	0.0	0.0
99	rnapol	0.85	0.0	0.0
100	__protein1_rbs	3.5	0.0	0.0
100	__protein2_rbs	3.3	0.0	0.0
100	__protein3_rbs	5.85	0.0	0.0
100	__ribosome	42.5	0.0	0.0
100	__rnase_site_ext	11.95	0.0	0.0
100	p0	0.9	0.0	0.0
100	p1	0.85	0.0	0.0
100	p2	0.8	0.0	0.0
100	protein1	183.65	6.6	2.33831345
100	protein2	171.25	6.5	2.29400795
100	protein3	316.2	11.55	2.4358432999999997
100	r0	6.75	0.0	0.0
100	r1	6.2	0.0	0.0
100	rnapol	0.8	0.0	0.0
101	__protein1_rbs	3.7	0.0	0.0
101	__protein2_rbs	3.5	0.0	0.0
101	__protein3_rbs	6.25	0.0	0.0
101	__ribosome	42.7	0.0	0.0
101	__rnase_site_ext	12.15	0.0	0.0
101	p0	0.9	0.0	0.0
101	p1	1.0	0.0	0.0
101	p2	0.7	0.0	0.0
101	protein1	186.6	6.7	2.3014087000000005
101	protein2	173.9	6.6	2.3282738000000003
101	protein3	322.0	11.7	2.3402091
101	r0	6.85	0.0	0.0
101	r1	6.35	0.0	0.0
101	rnapol	0.6	0.0	0.0
102	__protein1_rbs	4.0	0.0	0.0
102	__protein2_rbs	3.6	0.0	0.0
102	__protein3_rbs	5.75	0.0	0.0
102	__ribosome	42.7	0.0	0.0
102	__rnase_site_ext	12.25	0.0	0.0
102	p0	0.95	0.0	0.0
102	p1	0.8	0.0	0.0
102	p2	0.85	0.0	0.0
102	protein1	189.5	6.85	2.2238888999999995
102	protein2	177.2	6.5	2.2425992000000003
102	protein3	327.15	11.8	2.38389655
102	r0	6.9	0.0	0.0
102	r1	6.5	0.0	0.0
102	rnapol	0.8	0.0	0.0
103	__protein1_rbs	4.55	0.0	0.0
103	__protein2_rbs	3.6	0.0	0.0
103	__protein3_rbs	6.2	0.0	0.0
103	__ribosome	42.9	0.0	0.0
103	__rnase_site_ext	12.4	0.0	0.0
103	p0	0.9	0.0	0.0
103	p1	0.75	0.0	0.0
103	p2	0.75	0.0	0.0
103	protein1	192.2	6.9	2.2080952000000003
103	protein2	180.15	6.35	2.2277777000000003
103	protein3	332.5	12.05	2.3769886000000002
103	r0	6.95	0.0	0.0
103	r1	6.55	0.0	0.0
103	rnapol	0.7	0.0	0.0
104	__protein1_rbs	3.45	0.0	0.0
104	__protein2_rbs	3.65	0.0	0.0
104	__protein3_rbs	6.35	0.0	0.0
104	__ribosome	42.1	0.0	0.0
104	__rnase_site_ext	12.5	0.0	0.0
104	p0	0.8	0.0	0.0
104	p1	0.9	0.0	0.0
104	p2	0.95	0.0	0.0
104	protein1	195.55	6.95	2.2169841
104	protein2	182.85	6.6	2.24182535
104	protein3	338.15	12.2	2.3265032000000003
104	r0	7.05	0.0	0.0
104	r1	6.75	0.0	0.0
104	rnapol	0.55	0.0	0.0
105	__protein1_rbs	3.05	0.0	0.0
105	__protein2_rbs	4.2	0.0	0.0
105	__protein3_rbs	5.95	0.0	0.0
105	__ribosome	40.55	0.0	0.0
105	__rnase_site_ext	12.4	0.0	0.0
105	p0	0.95	0.0	0.0
105	p1	0.8	0.0	0.0
105	p2	0.9	0.0	0.0
105	protein1	198.6	7.0	2.31353175
105	protein2	185.7	6.7	2.13565475
105	protein3	343.15	12.35	2.406605400000001
105	r0	7.1	0.0	0.0
105	r1	6.9	0.0	0.0
105	rnapol	0.65	0.0	0.0
106	__protein1_rbs	4.2	0.0	0.0
106	__protein2_rbs	3.6	0.0	0.0
106	__protein3_rbs	7.05	0.0	0.0
106	__ribosome	40.2	0.0	0.0
106	__rnase_site_ext	12.45	0.0	0.0
106	p0	0.9	0.0	0.0
106	p1	0.7	0.0	0.0
106	p2	0.75	0.0	0.0
106	protein1	201.65	7.05	2.24331345
106	protein2	188.2	6.75	2.2716071
106	protein3	348.55	12.35	2.3828609000000007
106	r0	7.1	0.0	0.0
106	r1	6.95	0.0	0.0
106	rnapol	0.8	0.0	0.0
107	__protein1_rbs	4.55	0.0	0.0
107	__protein2_rbs	4.2	0.0	0.0
107	__protein3_rbs	7.15	0.0	0.0
107	__ribosome	41.7	0.0	0.0
107	__rnase_site_ext	12.4	0.0	0.0
107	p0	1.0	0.0	0.0
107	p1	0.85	0.0	0.0
107	p2	0.65	0.0	0.0
107	protein1	204.45	7.1	2.2196825000000002
107	protein2	191.4	7.05	2.08648815
107	protein3	354.35	12.25	2.3255207
107	r0	7.15	0.0	0.0
107	r1	7.05	0.0	0.0
107	rnapol	0.8	0.0	0.0
108	__protein1_rbs	3.3	0.0	0.0
108	__protein2_rbs	4.2	0.0	0.0
108	__protein3_rbs	7.15	0.0	0.0
108	__ribosome	41.3	0.0	0.0
108	__rnase_site_ext	12.55	0.0	0.0
108	p0	0.95	0.0	0.0
108	p1	0.75	0.0	0.0
108	p2	0.75	0.0	0.0
108	protein1	207.4	7.1	2.32365075
108	protein2	193.9	7.15	2.11041305
108	protein3	360.05	12.3	2.2578664
108	r0	7.05	0.0	0.0
108	r1	7.05	0.0	0.0
108	rnapol	0.85	0.0	0.0
109	__protein1_rbs	3.95	0.0	0.0
109	__protein2_rbs	4.0	0.0	0.0
109	__protein3_rbs	6.5	0.0	0.0
109	__ribosome	41.15	0.0	0.0
109	__rnase_site_ext	12.55	0.0	0.0
109	p0	0.9	0.0	0.0
109	p1	0.85	0.0	0.0
109	p2	0.85	0.0	0.0
109	protein1	210.25	7.05	2.3615079000000003
109	protein2	196.9	7.2	2.13658005
109	protein3	365.95	12.6	2.21036315
109	r0	7.0	0.0	0.0
109	r1	7.25	0.0	0.0
109	rnapol	0.8	0.0	0.0
110	__protein1_rbs	4.3	0.0	0.0
110	__protein2_rbs	3.7	0.0	0.0
110	__protein3_rbs	6.4	0.0	0.0
110	__ribosome	40.95	0.0	0.0
110	__rnase_site_ext	12.4	0.0	0.0
110	p0	0.95	0.0	0.0
110	p1	0.75	0.0	0.0
110	p2	0.65	0.0	0.0
110	protein1	213.7	6.95	2.26305565
110	protein2	199.55	7.25	2.16596865
110	protein3	371.55	12.65	2.22844275
110	r0	6.95	0.0	0.0
110	r1	7.3	0.0	0.0
110	rnapol	0.95	0.0	0.0
111	__protein1_rbs	3.6	0.0	0.0
111	__protein2_rbs	3.75	0.0	0.0
111	__protein3_rbs	7.55	0.0	0.0
111	__ribosome	40.0	0.0	0.0
111	__rnase_site_ext	12.35	0.0	0.0
111	p0	0.95	0.0	0.0
111	p1	0.8	0.0	0.0
111	p2	0.7	0.0	0.0
111	protein1	216.65	6.9	2.30142855
111	protein2	202.55	7.4	2.2364429500000003
111	protein3	376.4	12.55	2.2752044999999996
111	r0	6.85	0.0	0.0
111	r1	7.25	0.0	0.0
111	rnapol	1.0	0.0	0.0
112	__protein1_rbs	3.15	0.0	0.0
112	__protein2_rbs	4.5	0.0	0.0
112	__protein3_rbs	7.2	0.0	0.0
112	__ribosome	40.45	0.0	0.0
112	__rnase_site_ext	12.35	0.0	0.0
112	p0	0.9	0.0	0.0
112	p1	0.85	0.0	0.0
112	p2	0.85	0.0	0.0
112	protein1	219.9	6.8	2.3497619
112	protein2	205.6	7.4	2.2179528
112	protein3	382.2	12.7	2.2242090000000005
112	r0	6.85	0.0	0.0
112	r1	7.45	0.0	0.0
112	rnapol	0.9	0.0	0.0
113	__protein1_rbs	3.65	0.0	0.0
113	__protein2_rbs	4.2	0.0	0.0
113	__protein3_rbs	6.6	0.0	0.0
113	__ribosome	39.15	0.0	0.0
113	__rnase_site_ext	12.3	0.0	0.0
113	p0	0.9	0.0	0.0
113	p1	0.75	0.0	0.0
113	p2	0.6	0.0	0.0
113	protein1	223.05	6.75	2.3372222
113	protein2	208.5	7.5	2.21720065
113	protein3	387.1	12.75	2.2833406000000007
113	r0	6.85	0.0	0.0
113	r1	7.4	0.0	0.0
113	rnapol	0.7	0.0	0.0
114	__protein1_rbs	3.75	0.0	0.0
114	__protein2_rbs	4.0	0.0	0.0
114	__protein3_rbs	6.4	0.0	0.0
114	__ribosome	38.9	0.0	0.0
114	__rnase_site_ext	12.25	0.0	0.0
114	p0	0.95	0.0	0.0
114	p1	0.85	0.0	0.0
114	p2	0.65	0.0	0.0
114	protein1	226.2	6.9	2.2808136
114	protein2	211.6	7.6	2.2709308000000004
114	protein3	393.2	12.65	2.3076063499999995
114	r0	6.65	0.0	0.0
114	r1	7.4	0.0	0.0
114	rnapol	0.85	0.0	0.0
115	__protein1_rbs	4.15	0.0	0.0
115	__protein2_rbs	4.3	0.0	0.0
115	__protein3_rbs	7.05	0.0	0.0
115	__ribosome	38.95	0.0	0.0
115	__rnase_site_ext	12.3	0.0	0.0
115	p0	0.9	0.0	0.0
115	p1	0.9	0.0	0.0
115	p2	0.55	0.0	0.0
115	protein1	228.9	6.65	2.3493453
115	protein2	215.2	7.6	2.15491885
115	protein3	398.5	13.0	2.29902495
115	r0	6.6	0.0	0.0
115	r1	7.45	0.0	0.0
115	rnapol	1.0	0.0	0.0
116	__protein1_rbs	3.5	0.0	0.0
116	__protein2_rbs	4.15	0.0	0.0
116	__protein3_rbs	7.7	0.0	0.0
116	__ribosome	38.95	0.0	0.0
116	__rnase_site_ext	12.35	0.0	0.0
116	p0	0.95	0.0	0.0
116	p1	0.9	0.0	0.0
116	p2	0.75	0.0	0.0
116	protein1	231.9	6.65	2.37206355
116	protein2	218.2	7.65	2.2006925499999994
116	protein3	404.3	13.2	2.22702095
116	r0	6.6	0.0	0.0
116	r1	7.5	0.0	0.0
116	rnapol	0.95	0.0	0.0
117	__protein1_rbs	3.0	0.0	0.0
117	__protein2_rbs	4.55	0.0	0.0
117	__protein3_rbs	7.35	0.0	0.0
117	__ribosome	37.55	0.0	0.0
117	__rnase_site_ext	12.4	0.0	0.0
117	p0	0.95	0.0	0.0
117	p1	0.95	0.0	0.0
117	p2	0.9	0.0	0.0
117	protein1	235.15	6.6	2.4392856500000004
117	protein2	221.3	7.7	2.17047435
117	protein3	409.35	13.15	2.32223735
117	r0	6.65	0.0	0.0
117	r1	7.55	0.0	0.0
117	rnapol	0.95	0.0	0.0
118	__protein1_rbs	3.45	0.0	0.0
118	__protein2_rbs	4.4	0.0	0.0
118	__protein3_rbs	7.2	0.0	0.0
118	__ribosome	37.9	0.0	0.0
118	__rnase_site_ext	12.3	0.0	0.0
118	p0	0.95	0.0	0.0
118	p1	0.9	0.0	0.0
118	p2	0.8	0.0	0.0
118	protein1	238.25	6.65	2.40839285
118	protein2	224.75	7.65	2.1505970000000003
118	protein3	415.05	13.3	2.3011054000000004
118	r0	6.65	0.0	0.0
118	r1	7.6	0.0	0.0
118	rnapol	1.1	0.0	0.0
119	__protein1_rbs	3.7	0.0	0.0
119	__protein2_rbs	4.4	0.0	0.0
119	__protein3_rbs	7.0	0.0	0.0
119	__ribosome	38.35	0.0	0.0
119	__rnase_site_ext	12.3	0.0	0.0
119	p0	0.95	0.0	0.0
119	p1	0.9	0.0	0.0
119	p2	0.75	0.0	0.0
119	protein1	241.3	6.7	2.3825396
119	protein2	228.05	7.7	2.14081705
119	protein3	421.4	13.2	2.2934813999999997
119	r0	6.6	0.0	0.0
119	r1	7.6	0.0	0.0
119	rnapol	1.2	0.0	0.0
120	__protein1_rbs	3.4	0.0	0.0
120	__protein2_rbs	4.3	0.0	0.0
120	__protein3_rbs	7.3	0.0	0.0
120	__ribosome	38.6	0.0	0.0
120	__rnase_site_ext	12.25	0.0	0.0
120	p0	1.0	0.0	0.0
120	p1	0.95	0.0	0.0
120	p2	0.75	0.0	0.0
120	protein1	244.3	6.6	2.3967460000000003
120	protein2	230.7	7.75	2.2178174999999998
120	protein3	427.8	13.2	2.22955635
120	r0	6.65	0.0	0.0
120	r1	7.6	0.0	0.0
120	rnapol	1.35	0.0	0.0
121	__protein1_rbs	3.45	0.0	0.0
121	__protein2_rbs	4.3	0.0	0.0
121	__protein3_rbs	7.95	0.0	0.0
121	__ribosome	38.2	0.0	0.0
121	__rnase_site_ext	12.3	0.0	0.0
121	p0	0.95	0.0	0.0
121	p1	0.85	0.0	0.0
121	p2	0.75	0.0	0.0
121	protein1	247.15	6.65	2.4109469500000005
121	protein2	234.05	7.8	2.2334723000000003
121	protein3	433.15	13.35	2.20276185
121	r0	6.6	0.0	0.0
121	r1	7.6	0.0	0.0
121	rnapol	1.35	0.0	0.0
122	__protein1_rbs	3.8	0.0	0.0
122	__protein2_rbs	4.1	0.0	0.0
122	__protein3_rbs	7.65	0.0	0.0
122	__ribosome	38.95	0.0	0.0
122	__rnase_site_ext	12.45	0.0	0.0
122	p0	0.85	0.0	0.0
122	p1	0.75	0.0	0.0
122	p2	0.9	0.0	0.0
122	protein1	250.25	6.6	2.3382088000000003
122	protein2	237.25	7.8	2.2773628500000003
122	protein3	439.25	13.5	2.11167885
122	r0	6.6	0.0	0.0
122	r1	7.6	0.0	0.0
122	rnapol	1.4	0.0	0.0
123	__protein1_rbs	3.85	0.0	0.0
123	__protein2_rbs	4.4	0.0	0.0
123	__protein3_rbs	7.65	0.0	0.0
123	__ribosome	39.2	0.0	0.0
123	__rnase_site_ext	12.45	0.0	0.0
123	p0	0.95	0.0	0.0
123	p1	0.9	0.0	0.0
123	p2	0.7	0.0	0.0
123	protein1	253.55	6.65	2.23402055
123	protein2	240.65	7.95	2.27674595
123	protein3	445.0	13.65	2.0939897000000003
123	r0	6.7	0.0	0.0
123	r1	7.4	0.0	0.0
123	rnapol	1.5	0.0	0.0
124	__protein1_rbs	3.45	0.0	0.0
124	__protein2_rbs	5.05	0.0	0.0
124	__protein3_rbs	7.45	0.0	0.0
124	__ribosome	38.15	0.0	0.0
124	__rnase_site_ext	12.65	0.0	0.0
124	p0	0.9	0.0	0.0
124	p1	1.0	0.0	0.0
124	p2	0.75	0.0	0.0
124	protein1	256.3	6.7	2.2566468000000004
124	protein2	243.8	7.95	2.22589285
124	protein3	450.65	13.6	2.1665349000000003
124	r0	6.75	0.0	0.0
124	r1	7.4	0.0	0.0
124	rnapol	1.45	0.0	0.0
125	__protein1_rbs	4.15	0.0	0.0
125	__protein2_rbs	4.45	0.0	0.0
125	__protein3_rbs	7.65	0.0	0.0
125	__ribosome	39.0	0.0	0.0
125	__rnase_site_ext	12.8	0.0	0.0
125	p0	0.9	0.0	0.0
125	p1	0.9	0.0	0.0
125	p2	0.9	0.0	0.0
125	protein1	259.6	6.75	2.1209524
125	protein2	247.5	7.85	2.20700395
125	protein3	456.25	13.7	2.1900480500000006
125	r0	6.85	0.0	0.0
125	r1	7.35	0.0	0.0
125	rnapol	1.45	0.0	0.0
126	__protein1_rbs	3.65	0.0	0.0
126	__protein2_rbs	4.6	0.0	0.0
126	__protein3_rbs	6.9	0.0	0.0
126	__ribosome	37.95	0.0	0.0
126	__rnase_site_ext	12.9	0.0	0.0
126	p0	0.95	0.0	0.0
126	p1	0.9	0.0	0.0
126	p2	0.8	0.0	0.0
126	protein1	262.35	6.85	2.1408332000000003
126	protein2	251.15	7.8	2.14827375
126	protein3	461.55	13.85	2.2516799
126	r0	6.9	0.0	0.0
126	r1	7.2	0.0	0.0
126	rnapol	1.35	0.0	0.0
127	__protein1_rbs	3.75	0.0	0.0
127	__protein2_rbs	4.25	0.0	0.0
127	__protein3_rbs	8.5	0.0	0.0
127	__ribosome	38.0	0.0	0.0
127	__rnase_site_ext	13.05	0.0	0.0
127	p0	0.95	0.0	0.0
127	p1	0.8	0.0	0.0
127	p2	0.7	0.0	0.0
127	protein1	265.0	6.9	2.2279563
127	protein2	254.65	7.65	2.2210318000000004
127	protein3	467.2	13.8	2.22959055
127	r0	7.0	0.0	0.0
127	r1	7.15	0.0	0.0
127	rnapol	1.25	0.0	0.0
128	__protein1_rbs	3.9	0.0	0.0
128	__protein2_rbs	4.1	0.0	0.0
128	__protein3_rbs	7.0	0.0	0.0
128	__ribosome	36.9	0.0	0.0
128	__rnase_site_ext	13.15	0.0	0.0
128	p0	0.85	0.0	0.0
128	p1	0.9	0.0	0.0
128	p2	0.9	0.0	0.0
128	protein1	267.6	6.95	2.21297625
128	protein2	257.85	7.65	2.2509127000000007
128	protein3	473.55	14.0	2.2397353000000004
128	r0	7.0	0.0	0.0
128	r1	7.05	0.0	0.0
128	rnapol	1.3	0.0	0.0
129	__protein1_rbs	3.7	0.0	0.0
129	__protein2_rbs	4.3	0.0	0.0
129	__protein3_rbs	8.1	0.0	0.0
129	__ribosome	36.8	0.0	0.0
129	__rnase_site_ext	13.55	0.0	0.0
129	p0	0.85	0.0	0.0
129	p1	1.0	0.0	0.0
129	p2	0.55	0.0	0.0
129	protein1	270.7	6.95	2.2795634999999996
129	protein2	260.95	7.65	2.2812683500000004
129	protein3	479.5	14.15	2.19288945
129	r0	7.1	0.0	0.0
129	r1	7.0	0.0	0.0
129	rnapol	1.0	0.0	0.0
130	__protein1_rbs	4.0	0.0	0.0
130	__protein2_rbs	4.1	0.0	0.0
130	__protein3_rbs	7.8	0.0	0.0
130	__ribosome	36.1	0.0	0.0
130	__rnase_site_ext	13.35	0.0	0.0
130	p0	1.0	0.0	0.0
130	p1	0.9	0.0	0.0
130	p2	0.55	0.0	0.0
130	protein1	273.3	7.1	2.27210315
130	protein2	264.05	7.4	2.38136905
130	protein3	485.3	14.15	2.20952875
130	r0	7.25	0.0	0.0
130	r1	7.0	0.0	0.0
130	rnapol	0.9	0.0	0.0
131	__protein1_rbs	4.2	0.0	0.0
131	__protein2_rbs	3.95	0.0	0.0
131	__protein3_rbs	7.8	0.0	0.0
131	__ribosome	36.6	0.0	0.0
131	__rnase_site_ext	13.35	0.0	0.0
131	p0	0.95	0.0	0.0
131	p1	0.8	0.0	0.0
131	p2	1.0	0.0	0.0
131	protein1	276.3	7.25	2.2083927999999995
131	protein2	267.35	7.25	2.4055753500000003
131	protein3	491.9	14.25	2.1713913
131	r0	7.1	0.0	0.0
131	r1	7.05	0.0	0.0
131	rnapol	1.1	0.0	0.0
132	__protein1_rbs	4.1	0.0	0.0
132	__protein2_rbs	4.6	0.0	0.0
132	__protein3_rbs	7.95	0.0	0.0
132	__ribosome	37.15	0.0	0.0
132	__rnase_site_ext	13.35	0.0	0.0
132	p0	0.95	0.0	0.0
132	p1	0.85	0.0	0.0
132	p2	0.85	0.0	0.0
132	protein1	280.0	7.1	2.15843865
132	protein2	270.8	7.2	2.3502777000000004
132	protein3	497.55	14.6	2.182113
132	r0	7.05	0.0	0.0
132	r1	7.2	0.0	0.0
132	rnapol	1.1	0.0	0.0
133	__protein1_rbs	3.75	0.0	0.0
133	__protein2_rbs	4.45	0.0	0.0
133	__protein3_rbs	8.25	0.0	0.0
133	__ribosome	37.65	0.0	0.0
133	__rnase_site_ext	13.05	0.0	0.0
133	p0	0.95	0.0	0.0
133	p1	0.85	0.0	0.0
133	p2	0.95	0.0	0.0
133	protein1	282.75	7.05	2.27449635
133	protein2	274.2	7.35	2.2236859
133	protein3	503.9	14.45	2.1662652000000002
133	r0	7.0	0.0	0.0
133	r1	7.2	0.0	0.0
133	rnapol	1.2	0.0	0.0
134	__protein1_rbs	4.1	0.0	0.0
134	__protein2_rbs	4.1	0.0	0.0
134	__protein3_rbs	8.1	0.0	0.0
134	__ribosome	37.7	0.0	0.0
134	__rnase_site_ext	13.15	0.0	0.0
134	p0	0.9	0.0	0.0
134	p1	0.75	0.0	0.0
134	p2	0.85	0.0	0.0
134	protein1	285.75	6.95	2.28729395
134	protein2	277.75	7.25	2.1754716500000004
134	protein3	509.45	14.45	2.22043435
134	r0	7.0	0.0	0.0
134	r1	7.25	0.0	0.0
134	rnapol	1.1	0.0	0.0
135	__protein1_rbs	3.85	0.0	0.0
135	__protein2_rbs	4.7	0.0	0.0
135	__protein3_rbs	7.9	0.0	0.0
135	__ribosome	37.35	0.0	0.0
135	__rnase_site_ext	13.35	0.0	0.0
135	p0	0.75	0.0	0.0
135	p1	0.8	0.0	0.0
135	p2	0.8	0.0	0.0
135	protein1	288.95	7.0	2.20231685
135	protein2	280.65	7.4	2.15409955
135	protein3	515.25	14.3	2.2907788
135	r0	7.05	0.0	0.0
135	r1	7.4	0.0	0.0
135	rnapol	1.2	0.0	0.0
136	__protein1_rbs	4.0	0.0	0.0
136	__protein2_rbs	3.7	0.0	0.0
136	__protein3_rbs	8.45	0.0	0.0
136	__ribosome	37.25	0.0	0.0
136	__rnase_site_ext	13.6	0.0	0.0
136	p0	0.9	0.0	0.0
136	p1	0.75	0.0	0.0
136	p2	0.9	0.0	0.0
136	protein1	291.75	7.05	2.2172802
136	protein2	283.9	7.5	2.1347253000000004
136	protein3	521.6	14.35	2.2516910999999995
136	r0	7.3	0.0	0.0
136	r1	7.55	0.0	0.0
136	rnapol	1.15	0.0	0.0
137	__protein1_rbs	4.2	0.0	0.0
137	__protein2_rbs	4.1	0.0	0.0
137	__protein3_rbs	7.75	0.0	0.0
137	__ribosome	37.05	0.0	0.0
137	__rnase_site_ext	13.7	0.0	0.0
137	p0	0.85	0.0	0.0
137	p1	0.7	0.0	0.0
137	p2	0.75	0.0	0.0
137	protein1	294.75	7.3	2.1456471499999994
137	protein2	287.0	7.45	2.1345498
137	protein3	527.8	14.4	2.2641164500000004
137	r0	7.4	0.0	0.0
137	r1	7.6	0.0	0.0
137	rnapol	1.1	0.0	0.0
138	__protein1_rbs	4.05	0.0	0.0
138	__protein2_rbs	5.1	0.0	0.0
138	__protein3_rbs	7.9	0.0	0.0
138	__ribosome	37.5	0.0	0.0
138	__rnase_site_ext	13.9	0.0	0.0
138	p0	0.95	0.0	0.0
138	p1	0.7	0.0	0.0
138	p2	0.7	0.0	0.0
138	protein1	298.05	7.4	2.0879395500000006
138	protein2	289.6	7.7	2.0739637
138	protein3	534.45	14.5	2.23289045
138	r0	7.5	0.0	0.0
138	r1	7.55	0.0	0.0
138	rnapol	1.2	0.0	0.0
139	__protein1_rbs	4.15	0.0	0.0
139	__protein2_rbs	4.65	0.0	0.0
139	__protein3_rbs	8.15	0.0	0.0
139	__ribosome	36.45	0.0	0.0
139	__rnase_site_ext	14.15	0.0	0.0
139	p0	0.8	0.0	0.0
139	p1	1.0	0.0	0.0
139	p2	0.85	0.0	0.0
139	protein1	300.65	7.5	2.1031944
139	protein2	292.7	7.8	2.05329365
139	protein3	540.4	14.7	2.2207538500000004
139	r0	7.55	0.0	0.0
139	r1	7.5	0.0	0.0
139	rnapol	0.95	0.0	0.0
140	__protein1_rbs	4.85	0.0	0.0
140	__protein2_rbs	4.8	0.0	0.0
140	__protein3_rbs	8.5	0.0	0.0
140	__ribosome	37.4	0.0	0.0
140	__rnase_site_ext	14.35	0.0	0.0
140	p0	0.9	0.0	0.0
140	p1	1.0	0.0	0.0
140	p2	0.8	0.0	0.0
140	protein1	304.0	7.55	2.01617065
140	protein2	295.6	7.75	2.08555555
140	protein3	547.15	14.75	2.1714126
140	r0	7.7	0.0	0.0
140	r1	7.55	0.0	0.0
140	rnapol	0.85	0.0	0.0
141	__protein1_rbs	3.8	0.0	0.0
141	__protein2_rbs	4.7	0.0	0.0
141	__protein3_rbs	8.65	0.0	0.0
141	__ribosome	36.75	0.0	0.0
141	__rnase_site_ext	14.25	0.0	0.0
141	p0	0.95	0.0	0.0
141	p1	0.9	0.0	0.0
141	p2	0.65	0.0	0.0
141	protein1	306.5	7.7	2.1565598
141	protein2	299.15	7.75	2.01509925
141	protein3	553.15	14.8	2.1523279
141	r0	7.7	0.0	0.0
141	r1	7.55	0.0	0.0
141	rnapol	0.75	0.0	0.0
142	__protein1_rbs	4.5	0.0	0.0
142	__protein2_rbs	3.9	0.0	0.0
142	__protein3_rbs	8.1	0.0	0.0
142	__ribosome	35.7	0.0	0.0
142	__rnase_site_ext	14.25	0.0	0.0
142	p0	0.9	0.0	0.0
142	p1	0.9	0.0	0.0
142	p2	0.75	0.0	0.0
142	protein1	309.8	7.7	2.1190369500000004
142	protein2	302.05	7.75	2.1172023500000003
142	protein3	559.55	14.9	2.17613975
142	r0	7.7	0.0	0.0
142	r1	7.55	0.0	0.0
142	rnapol	0.8	0.0	0.0
143	__protein1_rbs	4.4	0.0	0.0
143	__protein2_rbs	4.6	0.0	0.0
143	__protein3_rbs	8.5	0.0	0.0
143	__ribosome	35.75	0.0	0.0
143	__rnase_site_ext	14.3	0.0	0.0
143	p0	0.9	0.0	0.0
143	p1	0.95	0.0	0.0
143	p2	0.75	0.0	0.0
143	protein1	312.75	7.7	2.1531150500000003
143	protein2	305.4	7.75	2.0783333
143	protein3	565.95	14.95	2.14541515
143	r0	7.7	0.0	0.0
143	r1	7.7	0.0	0.0
143	rnapol	0.75	0.0	0.0
144	__protein1_rbs	3.95	0.0	0.0
144	__protein2_rbs	4.55	0.0	0.0
144	__protein3_rbs	9.05	0.0	0.0
144	__ribosome	34.7	0.0	0.0
144	__rnase_site_ext	14.3	0.0	0.0
144	p0	0.95	0.0	0.0
144	p1	0.65	0.0	0.0
144	p2	0.8	0.0	0.0
144	protein1	315.6	7.8	2.2448611000000005
144	protein2	308.1	7.75	2.1490079
144	protein3	572.3	14.8	2.16085545
144	r0	7.75	0.0	0.0
144	r1	7.75	0.0	0.0
144	rnapol	0.7	0.0	0.0
145	__protein1_rbs	5.2	0.0	0.0
145	__protein2_rbs	4.8	0.0	0.0
145	__protein3_rbs	8.5	0.0	0.0
145	__ribosome	35.45	0.0	0.0
145	__rnase_site_ext	14.25	0.0	0.0
145	p0	0.95	0.0	0.0
145	p1	0.75	0.0	0.0
145	p2	0.5	0.0	0.0
145	protein1	318.75	7.75	2.16490085
145	protein2	311.1	7.95	2.05176585
145	protein3	577.9	14.6	2.2013697999999997
145	r0	7.75	0.0	0.0
145	r1	7.75	0.0	0.0
145	rnapol	0.85	0.0	0.0
146	__protein1_rbs	4.0	0.0	0.0
146	__protein2_rbs	4.9	0.0	0.0
146	__protein3_rbs	9.05	0.0	0.0
146	__ribosome	35.25	0.0	0.0
146	__rnase_site_ext	14.15	0.0	0.0
146	p0	0.85	0.0	0.0
146	p1	0.85	0.0	0.0
146	p2	0.85	0.0	0.0
146	protein1	322.4	7.75	2.1915278
146	protein2	314.05	8.1	2.08630055
146	protein3	583.8	14.55	2.19404105
146	r0	7.8	0.0	0.0
146	r1	8.0	0.0	0.0
146	rnapol	0.95	0.0	0.0
147	__protein1_rbs	4.3	0.0	0.0
147	__protein2_rbs	4.5	0.0	0.0
147	__protein3_rbs	8.65	0.0	0.0
147	__ribosome	36.85	0.0	0.0
147	__rnase_site_ext	14.1	0.0	0.0
147	p0	1.0	0.0	0.0
147	p1	0.65	0.0	0.0
147	p2	1.0	0.0	0.0
147	protein1	325.7	7.75	2.19470235
147	protein2	317.7	8.0	2.05461765
147	protein3	590.95	14.6	2.1077861
147	r0	7.8	0.0	0.0
147	r1	7.9	0.0	0.0
147	rnapol	1.0	0.0	0.0
148	__protein1_rbs	4.4	0.0	0.0
148	__protein2_rbs	3.9	0.0	0.0
148	__protein3_rbs	8.45	0.0	0.0
148	__ribosome	36.0	0.0	0.0
148	__rnase_site_ext	14.2	0.0	0.0
148	p0	0.7	0.0	0.0
148	p1	0.7	0.0	0.0
148	p2	0.9	0.0	0.0
148	protein1	328.9	7.8	2.17845235
148	protein2	320.7	8.1	2.1653571000000005
148	protein3	597.6	14.4	2.10168625
148	r0	7.75	0.0	0.0
148	r1	7.9	0.0	0.0
148	rnapol	0.85	0.0	0.0
149	__protein1_rbs	4.85	0.0	0.0
149	__protein2_rbs	5.15	0.0	0.0
149	__protein3_rbs	8.1	0.0	0.0
149	__ribosome	36.25	0.0	0.0
149	__rnase_site_ext	14.3	0.0	0.0
149	p0	1.0	0.0	0.0
149	p1	0.8	0.0	0.0
149	p2	0.9	0.0	0.0
149	protein1	332.2	7.75	2.0824603500000003
149	protein2	323.7	8.2	2.1437536
149	protein3	603.1	14.4	2.1423695500000006
149	r0	8.05	0.0	0.0
149	r1	7.95	0.0	0.0
149	rnapol	0.95	0.0	0.0
150	__protein1_rbs	4.55	0.0	0.0
150	__protein2_rbs	4.4	0.0	0.0
150	__protein3_rbs	8.05	0.0	0.0
150	__ribosome	35.5	0.0	0.0
150	__rnase_site_ext	14.05	0.0	0.0
150	p0	0.85	0.0	0.0
150	p1	0.9	0.0	0.0
150	p2	0.85	0.0	0.0
150	protein1	335.25	8.1	2.0981151
150	protein2	327.3	8.35	2.14903495
150	protein3	609.2	14.25	2.16017925
150	r0	7.85	0.0	0.0
150	r1	8.05	0.0	0.0
150	rnapol	1.05	0.0	0.0
151	__protein1_rbs	4.4	0.0	0.0
151	__protein2_rbs	4.8	0.0	0.0
151	__protein3_rbs	7.7	0.0	0.0
151	__ribosome	34.7	0.0	0.0
151	__rnase_site_ext	14.2	0.0	0.0
151	p0	0.9	0.0	0.0
151	p1	0.9	0.0	0.0
151	p2	0.7	0.0	0.0
151	protein1	338.9	7.95	2.1031150000000003
151	protein2	330.2	8.4	2.1547277
151	protein3	614.85	14.15	2.2136654
151	r0	7.9	0.0	0.0
151	r1	8.15	0.0	0.0
151	rnapol	0.95	0.0	0.0
152	__protein1_rbs	4.55	0.0	0.0
152	__protein2_rbs	5.2	0.0	0.0
152	__protein3_rbs	8.2	0.0	0.0
152	__ribosome	34.9	0.0	0.0
152	__rnase_site_ext	14.2	0.0	0.0
152	p0	0.95	0.0	0.0
152	p1	0.8	0.0	0.0
152	p2	0.65	0.0	0.0
152	protein1	341.75	7.95	2.1673565000000004
152	protein2	333.25	8.2	2.2126027
152	protein3	620.9	14.1	2.18626625
152	r0	8.0	0.0	0.0
152	r1	8.15	0.0	0.0
152	rnapol	1.0	0.0	0.0
153	__protein1_rbs	4.2	0.0	0.0
153	__protein2_rbs	4.55	0.0	0.0
153	__protein3_rbs	8.75	0.0	0.0
153	__ribosome	35.55	0.0	0.0
153	__rnase_site_ext	14.2	0.0	0.0
153	p0	0.85	0.0	0.0
153	p1	0.85	0.0	0.0
153	p2	0.7	0.0	0.0
153	protein1	345.4	8.0	2.1765292500000006
153	protein2	337.35	8.25	2.1608928
153	protein3	627.15	14.25	2.1397777500000004
153	r0	8.0	0.0	0.0
153	r1	8.2	0.0	0.0
153	rnapol	1.1	0.0	0.0
154	__protein1_rbs	4.95	0.0	0.0
154	__protein2_rbs	4.55	0.0	0.0
154	__protein3_rbs	8.95	0.0	0.0
154	__ribosome	34.3	0.0	0.0
154	__rnase_site_ext	14.15	0.0	0.0
154	p0	1.0	0.0	0.0
154	p1	0.95	0.0	0.0
154	p2	0.75	0.0	0.0
154	protein1	348.15	7.95	2.2306105
154	protein2	340.65	8.4	2.2033531500000008
154	protein3	632.6	14.55	2.10204035
154	r0	8.0	0.0	0.0
154	r1	8.2	0.0	0.0
154	rnapol	1.1	0.0	0.0
155	__protein1_rbs	4.65	0.0	0.0
155	__protein2_rbs	4.7	0.0	0.0
155	__protein3_rbs	8.65	0.0	0.0
155	__ribosome	35.1	0.0	0.0
155	__rnase_site_ext	14.15	0.0	0.0
155	p0	0.95	0.0	0.0
155	p1	0.8	0.0	0.0
155	p2	0.8	0.0	0.0
155	protein1	351.65	7.95	2.20444655
155	protein2	344.25	8.4	2.2052182
155	protein3	639.1	14.55	2.04337455
155	r0	7.85	0.0	0.0
155	r1	8.3	0.0	0.0
155	rnapol	1.1	0.0	0.0
156	__protein1_rbs	4.2	0.0	0.0
156	__protein2_rbs	5.05	0.0	0.0
156	__protein3_rbs	8.15	0.0	0.0
156	__ribosome	34.6	0.0	0.0
156	__rnase_site_ext	14.3	0.0	0.0
156	p0	0.85	0.0	0.0
156	p1	0.75	0.0	0.0
156	p2	0.7	0.0	0.0
156	protein1	354.9	7.9	2.27163205
156	protein2	347.6	8.45	2.1944047499999995
156	protein3	645.15	14.6	2.0324538
156	r0	7.95	0.0	0.0
156	r1	8.55	0.0	0.0
156	rnapol	0.8	0.0	0.0
157	__protein1_rbs	4.4	0.0	0.0
157	__protein2_rbs	5.5	0.0	0.0
157	__protein3_rbs	8.95	0.0	0.0
157	__ribosome	34.65	0.0	0.0
157	__rnase_site_ext	14.15	0.0	0.0
157	p0	1.0	0.0	0.0
157	p1	0.7	0.0	0.0
157	p2	0.85	0.0	0.0
157	protein1	358.35	7.95	2.2260163000000004
157	protein2	350.75	8.6	2.14873015
157	protein3	650.9	14.75	2.037601
157	r0	8.0	0.0	0.0
157	r1	8.55	0.0	0.0
157	rnapol	0.9	0.0	0.0
158	__protein1_rbs	4.65	0.0	0.0
158	__protein2_rbs	4.75	0.0	0.0
158	__protein3_rbs	9.4	0.0	0.0
158	__ribosome	35.05	0.0	0.0
158	__rnase_site_ext	14.05	0.0	0.0
158	p0	1.0	0.0	0.0
158	p1	0.7	0.0	0.0
158	p2	0.9	0.0	0.0
158	protein1	361.85	8.0	2.19187555
158	protein2	354.45	8.7	2.15587295
158	protein3	656.75	14.85	1.9925851000000003
158	r0	7.8	0.0	0.0
158	r1	8.5	0.0	0.0
158	rnapol	1.0	0.0	0.0
159	__protein1_rbs	4.05	0.0	0.0
159	__protein2_rbs	5.35	0.0	0.0
159	__protein3_rbs	9.15	0.0	0.0
159	__ribosome	35.3	0.0	0.0
159	__rnase_site_ext	14.15	0.0	0.0
159	p0	1.0	0.0	0.0
159	p1	0.85	0.0	0.0
159	p2	0.75	0.0	0.0
159	protein1	365.1	7.85	2.2539629
159	protein2	358.15	8.85	2.1067857000000005
159	protein3	662.3	14.9	1.95086465
159	r0	7.75	0.0	0.0
159	r1	8.5	0.0	0.0
159	rnapol	1.0	0.0	0.0
160	__protein1_rbs	4.9	0.0	0.0
160	__protein2_rbs	5.15	0.0	0.0
160	__protein3_rbs	8.35	0.0	0.0
160	__ribosome	35.05	0.0	0.0
160	__rnase_site_ext	14.1	0.0	0.0
160	p0	0.95	0.0	0.0
160	p1	0.75	0.0	0.0
160	p2	0.65	0.0	0.0
160	protein1	368.25	7.75	2.25492065
160	protein2	361.75	8.9	2.07057715
160	protein3	668.1	14.95	1.9914773
160	r0	7.65	0.0	0.0
160	r1	8.55	0.0	0.0
160	rnapol	1.15	0.0	0.0
161	__protein1_rbs	4.15	0.0	0.0
161	__protein2_rbs	5.15	0.0	0.0
161	__protein3_rbs	8.4	0.0	0.0
161	__ribosome	35.4	0.0	0.0
161	__rnase_site_ext	14.1	0.0	0.0
161	p0	1.0	0.0	0.0
161	p1	0.8	0.0	0.0
161	p2	0.8	0.0	0.0
161	protein1	372.25	7.65	2.2162103
161	protein2	365.3	8.9	2.0939029
161	protein3	674.35	15.05	1.99399155
161	r0	7.7	0.0	0.0
161	r1	8.65	0.0	0.0
161	rnapol	1.3	0.0	0.0
162	__protein1_rbs	4.0	0.0	0.0
162	__protein2_rbs	4.65	0.0	0.0
162	__protein3_rbs	8.65	0.0	0.0
162	__ribosome	33.75	0.0	0.0
162	__rnase_site_ext	14.25	0.0	0.0
162	p0	0.9	0.0	0.0
162	p1	0.85	0.0	0.0
162	p2	0.8	0.0	0.0
162	protein1	375.3	7.7	2.2670833500000005
162	protein2	368.9	8.85	2.1538112999999997
162	protein3	679.7	15.15	2.0307341000000005
162	r0	7.6	0.0	0.0
162	r1	8.55	0.0	0.0
162	rnapol	1.15	0.0	0.0
163	__protein1_rbs	4.2	0.0	0.0
163	__protein2_rbs	5.2	0.0	0.0
163	__protein3_rbs	8.6	0.0	0.0
163	__ribosome	32.45	0.0	0.0
163	__rnase_site_ext	14.15	0.0	0.0
163	p0	0.95	0.0	0.0
163	p1	0.9	0.0	0.0
163	p2	0.7	0.0	0.0
163	protein1	378.5	7.6	2.29015875
163	protein2	372.4	8.95	2.16941195
163	protein3	685.25	15.25	2.0692991000000003
163	r0	7.6	0.0	0.0
163	r1	8.55	0.0	0.0
163	rnapol	1.25	0.0	0.0
164	__protein1_rbs	4.15	0.0	0.0
164	__protein2_rbs	5.5	0.0	0.0
164	__protein3_rbs	9.05	0.0	0.0
164	__ribosome	33.45	0.0	0.0
164	__rnase_site_ext	14.4	0.0	0.0
164	p0	0.85	0.0	0.0
164	p1	0.9	0.0	0.0
164	p2	0.65	0.0	0.0
164	protein1	382.0	7.6	2.23246035
164	protein2	376.15	8.9	2.15196615
164	protein3	691.1	15.2	2.0651936
164	r0	7.55	0.0	0.0
164	r1	8.7	0.0	0.0
164	rnapol	1.15	0.0	0.0
165	__protein1_rbs	4.9	0.0	0.0
165	__protein2_rbs	5.15	0.0	0.0
165	__protein3_rbs	8.5	0.0	0.0
165	__ribosome	32.55	0.0	0.0
165	__rnase_site_ext	14.55	0.0	0.0
165	p0	0.9	0.0	0.0
165	p1	0.8	0.0	0.0
165	p2	0.65	0.0	0.0
165	protein1	385.2	7.55	2.1141071
165	protein2	379.05	8.95	2.2219967
165	protein3	696.85	15.45	2.11182645
165	r0	7.75	0.0	0.0
165	r1	8.65	0.0	0.0
165	rnapol	1.1	0.0	0.0
166	__protein1_rbs	4.3	0.0	0.0
166	__protein2_rbs	5.25	0.0	0.0
166	__protein3_rbs	9.05	0.0	0.0
166	__ribosome	33.45	0.0	0.0
166	__rnase_site_ext	14.65	0.0	0.0
166	p0	0.95	0.0	0.0
166	p1	0.95	0.0	0.0
166	p2	0.85	0.0	0.0
166	protein1	388.65	7.7	2.1036309500000003
166	protein2	383.45	9.0	2.0823611
166	protein3	703.2	15.5	2.1051581500000003
166	r0	7.9	0.0	0.0
166	r1	8.45	0.0	0.0
166	rnapol	1.05	0.0	0.0
167	__protein1_rbs	4.55	0.0	0.0
167	__protein2_rbs	5.7	0.0	0.0
167	__protein3_rbs	9.55	0.0	0.0
167	__ribosome	35.2	0.0	0.0
167	__rnase_site_ext	14.55	0.0	0.0
167	p0	0.95	0.0	0.0
167	p1	1.0	0.0	0.0
167	p2	0.7	0.0	0.0
167	protein1	391.9	7.9	2.01063495
167	protein2	387.25	9.0	1.9973557000000004
167	protein3	709.9	15.7	2.009141
167	r0	7.9	0.0	0.0
167	r1	8.35	0.0	0.0
167	rnapol	1.15	0.0	0.0
168	__protein1_rbs	4.3	0.0	0.0
168	__protein2_rbs	4.9	0.0	0.0
168	__protein3_rbs	9.1	0.0	0.0
168	__ribosome	34.6	0.0	0.0
168	__rnase_site_ext	14.4	0.0	0.0
168	p0	0.95	0.0	0.0
168	p1	1.0	0.0	0.0
168	p2	0.8	0.0	0.0
168	protein1	394.95	7.85	2.0836508
168	protein2	391.45	8.95	1.99789315
168	protein3	716.0	15.55	2.0457870500000004
168	r0	7.85	0.0	0.0
168	r1	8.2	0.0	0.0
168	rnapol	1.25	0.0	0.0
169	__protein1_rbs	4.85	0.0	0.0
169	__protein2_rbs	4.8	0.0	0.0
169	__protein3_rbs	9.1	0.0	0.0
169	__ribosome	34.0	0.0	0.0
169	__rnase_site_ext	14.4	0.0	0.0
169	p0	0.95	0.0	0.0
169	p1	0.95	0.0	0.0
169	p2	0.75	0.0	0.0
169	protein1	398.3	7.85	2.0508333
169	protein2	394.75	8.9	2.0702218500000003
169	protein3	721.95	15.65	2.0581531000000006
169	r0	7.95	0.0	0.0
169	r1	8.2	0.0	0.0
169	rnapol	1.3	0.0	0.0
170	__protein1_rbs	4.7	0.0	0.0
170	__protein2_rbs	5.6	0.0	0.0
170	__protein3_rbs	8.95	0.0	0.0
170	__ribosome	33.45	0.0	0.0
170	__rnase_site_ext	14.65	0.0	0.0
170	p0	0.85	0.0	0.0
170	p1	0.85	0.0	0.0
170	p2	0.65	0.0	0.0
170	protein1	401.25	7.9	2.0766865
170	protein2	397.75	8.7	2.135496
170	protein3	728.25	15.6	2.0711048
170	r0	7.95	0.0	0.0
170	r1	8.2	0.0	0.0
170	rnapol	1.0	0.0	0.0
171	__protein1_rbs	4.55	0.0	0.0
171	__protein2_rbs	5.75	0.0	0.0
171	__protein3_rbs	8.1	0.0	0.0
171	__ribosome	33.05	0.0	0.0
171	__rnase_site_ext	15.0	0.0	0.0
171	p0	0.85	0.0	0.0
171	p1	0.9	0.0	0.0
171	p2	0.9	0.0	0.0
171	protein1	404.1	7.95	2.1056548
171	protein2	401.45	8.7	2.07074855
171	protein3	734.5	15.55	2.12458345
171	r0	8.15	0.0	0.0
171	r1	8.2	0.0	0.0
171	rnapol	1.15	0.0	0.0
172	__protein1_rbs	4.75	0.0	0.0
172	__protein2_rbs	5.3	0.0	0.0
172	__protein3_rbs	10.15	0.0	0.0
172	__ribosome	33.25	0.0	0.0
172	__rnase_site_ext	14.75	0.0	0.0
172	p0	0.85	0.0	0.0
172	p1	0.9	0.0	0.0
172	p2	0.75	0.0	0.0
172	protein1	407.2	8.15	2.09877435
172	protein2	404.6	8.6	2.1480555
172	protein3	740.6	15.8	2.06108915
172	r0	8.3	0.0	0.0
172	r1	8.35	0.0	0.0
172	rnapol	1.15	0.0	0.0
173	__protein1_rbs	4.65	0.0	0.0
173	__protein2_rbs	5.15	0.0	0.0
173	__protein3_rbs	9.4	0.0	0.0
173	__ribosome	32.8	0.0	0.0
173	__rnase_site_ext	14.7	0.0	0.0
173	p0	0.95	0.0	0.0
173	p1	0.8	0.0	0.0
173	p2	0.9	0.0	0.0
173	protein1	410.6	8.3	2.07598805
173	protein2	408.4	8.55	2.10551585
173	protein3	746.65	15.7	2.1234382000000003
173	r0	8.25	0.0	0.0
173	r1	8.35	0.0	0.0
173	rnapol	1.35	0.0	0.0
174	__protein1_rbs	5.05	0.0	0.0
174	__protein2_rbs	4.85	0.0	0.0
174	__protein3_rbs	9.0	0.0	0.0
174	__ribosome	32.3	0.0	0.0
174	__rnase_site_ext	14.55	0.0	0.0
174	p0	0.9	0.0	0.0
174	p1	0.75	0.0	0.0
174	p2	0.9	0.0	0.0
174	protein1	413.5	8.25	2.15106855
174	protein2	412.3	8.65	2.05898265
174	protein3	752.85	15.8	2.1306508
174	r0	8.15	0.0	0.0
174	r1	8.4	0.0	0.0
174	rnapol	1.15	0.0	0.0
175	__protein1_rbs	4.8	0.0	0.0
175	__protein2_rbs	5.05	0.0	0.0
175	__protein3_rbs	9.65	0.0	0.0
175	__ribosome	33.1	0.0	0.0
175	__rnase_site_ext	14.8	0.0	0.0
175	p0	0.9	0.0	0.0
175	p1	0.85	0.0	0.0
175	p2	0.8	0.0	0.0
175	protein1	416.85	8.1	2.1585498000000003
175	protein2	415.65	8.8	2.004899
175	protein3	760.05	15.9	2.0491966
175	r0	8.15	0.0	0.0
175	r1	8.25	0.0	0.0
175	rnapol	1.1	0.0	0.0
176	__protein1_rbs	5.15	0.0	0.0
176	__protein2_rbs	5.3	0.0	0.0
176	__protein3_rbs	9.25	0.0	0.0
176	__ribosome	33.2	0.0	0.0
176	__rnase_site_ext	14.85	0.0	0.0
176	p0	0.85	0.0	0.0
176	p1	1.0	0.0	0.0
176	p2	0.85	0.0	0.0
176	protein1	419.95	8.1	2.13701835
176	protein2	418.5	8.9	2.0322005
176	protein3	766.8	15.8	2.0496220499999995
176	r0	8.2	0.0	0.0
176	r1	8.3	0.0	0.0
176	rnapol	1.0	0.0	0.0
177	__protein1_rbs	4.5	0.0	0.0
177	__protein2_rbs	4.8	0.0	0.0
177	__protein3_rbs	10.35	0.0	0.0
177	__ribosome	32.85	0.0	0.0
177	__rnase_site_ext	15.05	0.0	0.0
177	p0	1.0	0.0	0.0
177	p1	0.85	0.0	0.0
177	p2	0.85	0.0	0.0
177	protein1	423.65	8.25	2.0976186500000003
177	protein2	422.1	8.75	2.1011151000000003
177	protein3	772.4	15.8	2.05749635
177	r0	8.3	0.0	0.0
177	r1	8.4	0.0	0.0
177	rnapol	1.25	0.0	0.0
178	__protein1_rbs	4.75	0.0	0.0
178	__protein2_rbs	4.9	0.0	0.0
178	__protein3_rbs	8.65	0.0	0.0
178	__ribosome	32.0	0.0	0.0
178	__rnase_site_ext	14.95	0.0	0.0
178	p0	0.9	0.0	0.0
178	p1	0.75	0.0	0.0
178	p2	0.9	0.0	0.0
178	protein1	427.05	8.25	2.1013873500000004
178	protein2	425.4	8.8	2.1629713500000003
178	protein3	778.85	15.9	2.06330575
178	r0	8.25	0.0	0.0
178	r1	8.4	0.0	0.0
178	rnapol	1.15	0.0	0.0
179	__protein1_rbs	4.65	0.0	0.0
179	__protein2_rbs	5.2	0.0	0.0
179	__protein3_rbs	9.45	0.0	0.0
179	__ribosome	32.8	0.0	0.0
179	__rnase_site_ext	14.85	0.0	0.0
179	p0	1.0	0.0	0.0
179	p1	0.75	0.0	0.0
179	p2	0.85	0.0	0.0
179	protein1	430.3	8.25	2.0874766
179	protein2	428.95	8.7	2.1879883500000004
179	protein3	785.4	15.75	2.0493089499999995
179	r0	8.25	0.0	0.0
179	r1	8.6	0.0	0.0
179	rnapol	1.15	0.0	0.0
180	__protein1_rbs	4.6	0.0	0.0
180	__protein2_rbs	5.45	0.0	0.0
180	__protein3_rbs	9.2	0.0	0.0
180	__ribosome	33.0	0.0	0.0
180	__rnase_site_ext	14.75	0.0	0.0
180	p0	0.9	0.0	0.0
180	p1	0.6	0.0	0.0
180	p2	0.75	0.0	0.0
180	protein1	433.7	8.3	2.0869949
180	protein2	432.45	8.75	2.1589647000000003
180	protein3	792.05	15.75	2.01817595
180	r0	8.15	0.0	0.0
180	r1	8.7	0.0	0.0
180	rnapol	1.2	0.0	0.0
181	__protein1_rbs	5.0	0.0	0.0
181	__protein2_rbs	5.5	0.0	0.0
181	__protein3_rbs	8.75	0.0	0.0
181	__ribosome	32.95	0.0	0.0
181	__rnase_site_ext	14.95	0.0	0.0
181	p0	0.85	0.0	0.0
181	p1	0.75	0.0	0.0
181	p2	0.65	0.0	0.0
181	protein1	437.1	8.15	2.079879149999999
181	protein2	435.9	9.05	2.0963491999999997
181	protein3	798.1	15.7	2.0515464000000003
181	r0	8.15	0.0	0.0
181	r1	8.75	0.0	0.0
181	rnapol	1.1	0.0	0.0
182	__protein1_rbs	4.45	0.0	0.0
182	__protein2_rbs	5.4	0.0	0.0
182	__protein3_rbs	9.8	0.0	0.0
182	__ribosome	33.35	0.0	0.0
182	__rnase_site_ext	14.95	0.0	0.0
182	p0	0.9	0.0	0.0
182	p1	0.75	0.0	0.0
182	p2	0.65	0.0	0.0
182	protein1	440.65	8.2	2.06342895
182	protein2	439.65	9.0	2.0858875
182	protein3	803.6	15.8	2.0332942500000004
182	r0	8.3	0.0	0.0
182	r1	8.8	0.0	0.0
182	rnapol	0.95	0.0	0.0
183	__protein1_rbs	5.0	0.0	0.0
183	__protein2_rbs	5.5	0.0	0.0
183	__protein3_rbs	9.05	0.0	0.0
183	__ribosome	33.1	0.0	0.0
183	__rnase_site_ext	14.8	0.0	0.0
183	p0	1.0	0.0	0.0
183	p1	0.8	0.0	0.0
183	p2	0.85	0.0	0.0
183	protein1	443.3	8.25	2.08824855
183	protein2	443.6	9.05	1.99889605
183	protein3	810.3	15.9	2.02043775
183	r0	8.2	0.0	0.0
183	r1	8.8	0.0	0.0
183	rnapol	1.0	0.0	0.0
184	__protein1_rbs	4.9	0.0	0.0
184	__protein2_rbs	5.1	0.0	0.0
184	__protein3_rbs	9.85	0.0	0.0
184	__ribosome	33.0	0.0	0.0
184	__rnase_site_ext	14.85	0.0	0.0
184	p0	0.95	0.0	0.0
184	p1	0.9	0.0	0.0
184	p2	0.9	0.0	0.0
184	protein1	447.0	8.25	2.0398737499999995
184	protein2	447.45	9.2	1.9836436500000003
184	protein3	816.3	16.05	2.0082972500000005
184	r0	8.2	0.0	0.0
184	r1	8.85	0.0	0.0
184	rnapol	1.05	0.0	0.0
185	__protein1_rbs	4.5	0.0	0.0
185	__protein2_rbs	6.2	0.0	0.0
185	__protein3_rbs	9.25	0.0	0.0
185	__ribosome	32.7	0.0	0.0
185	__rnase_site_ext	14.7	0.0	0.0
185	p0	0.8	0.0	0.0
185	p1	0.85	0.0	0.0
185	p2	0.85	0.0	0.0
185	protein1	450.25	8.2	2.11298165
185	protein2	450.6	9.15	1.9495618
185	protein3	822.3	15.95	2.0510332
185	r0	8.2	0.0	0.0
185	r1	8.9	0.0	0.0
185	rnapol	0.95	0.0	0.0
186	__protein1_rbs	4.4	0.0	0.0
186	__protein2_rbs	4.65	0.0	0.0
186	__protein3_rbs	9.3	0.0	0.0
186	__ribosome	31.4	0.0	0.0
186	__rnase_site_ext	14.65	0.0	0.0
186	p0	0.95	0.0	0.0
186	p1	0.8	0.0	0.0
186	p2	0.75	0.0	0.0
186	protein1	453.5	8.15	2.1576281
186	protein2	454.45	9.2	2.00502165
186	protein3	828.45	15.7	2.0997168
186	r0	8.25	0.0	0.0
186	r1	8.9	0.0	0.0
186	rnapol	0.9	0.0	0.0
187	__protein1_rbs	4.85	0.0	0.0
187	__protein2_rbs	5.8	0.0	0.0
187	__protein3_rbs	9.35	0.0	0.0
187	__ribosome	31.75	0.0	0.0
187	__rnase_site_ext	14.65	0.0	0.0
187	p0	1.0	0.0	0.0
187	p1	0.85	0.0	0.0
187	p2	0.65	0.0	0.0
187	protein1	457.0	8.2	2.1129906000000003
187	protein2	457.95	9.15	1.99444625
187	protein3	834.75	15.7	2.10743175
187	r0	8.15	0.0	0.0
187	r1	8.8	0.0	0.0
187	rnapol	1.0	0.0	0.0
188	__protein1_rbs	5.7	0.0	0.0
188	__protein2_rbs	6.1	0.0	0.0
188	__protein3_rbs	9.55	0.0	0.0
188	__ribosome	32.8	0.0	0.0
188	__rnase_site_ext	14.4	0.0	0.0
188	p0	0.95	0.0	0.0
188	p1	1.0	0.0	0.0
188	p2	0.7	0.0	0.0
188	protein1	460.2	8.2	2.0485841000000002
188	protein2	461.25	9.25	1.9912697999999995
188	protein3	841.25	15.7	2.07662145
188	r0	8.15	0.0	0.0
188	r1	8.65	0.0	0.0
188	rnapol	1.15	0.0	0.0
189	__protein1_rbs	4.25	0.0	0.0
189	__protein2_rbs	5.3	0.0	0.0
189	__protein3_rbs	9.55	0.0	0.0
189	__ribosome	32.15	0.0	0.0
189	__rnase_site_ext	14.45	0.0	0.0
189	p0	0.95	0.0	0.0
189	p1	0.95	0.0	0.0
189	p2	0.7	0.0	0.0
189	protein1	463.2	8.15	2.16769835
189	protein2	465.25	9.2	1.9860065
189	protein3	847.65	15.75	2.0627905
189	r0	8.1	0.0	0.0
189	r1	8.75	0.0	0.0
189	rnapol	1.25	0.0	0.0
190	__protein1_rbs	5.7	0.0	0.0
190	__protein2_rbs	6.05	0.0	0.0
190	__protein3_rbs	9.1	0.0	0.0
190	__ribosome	33.1	0.0	0.0
190	__rnase_site_ext	14.55	0.0	0.0
190	p0	0.7	0.0	0.0
190	p1	0.75	0.0	0.0
190	p2	0.8	0.0	0.0
190	protein1	466.7	8.1	2.021627
190	protein2	468.1	9.25	2.03090005
190	protein3	854.1	15.85	2.0374939500000004
190	r0	8.1	0.0	0.0
190	r1	8.85	0.0	0.0
190	rnapol	1.15	0.0	0.0
191	__protein1_rbs	4.6	0.0	0.0
191	__protein2_rbs	5.95	0.0	0.0
191	__protein3_rbs	8.95	0.0	0.0
191	__ribosome	33.2	0.0	0.0
191	__rnase_site_ext	14.6	0.0	0.0
191	p0	0.9	0.0	0.0
191	p1	0.75	0.0	0.0
191	p2	0.75	0.0	0.0
191	protein1	470.15	8.15	2.03384155
191	protein2	472.3	9.3	1.9569733
191	protein3	860.4	15.85	2.09369205
191	r0	8.15	0.0	0.0
191	r1	8.85	0.0	0.0
191	rnapol	1.05	0.0	0.0
192	__protein1_rbs	5.45	0.0	0.0
192	__protein2_rbs	5.55	0.0	0.0
192	__protein3_rbs	9.75	0.0	0.0
192	__ribosome	34.6	0.0	0.0
192	__rnase_site_ext	14.7	0.0	0.0
192	p0	0.95	0.0	0.0
192	p1	0.95	0.0	0.0
192	p2	0.75	0.0	0.0
192	protein1	473.55	8.1	2.0102155999999995
192	protein2	475.8	9.35	1.98294735
192	protein3	867.5	15.95	1.9861412
192	r0	8.2	0.0	0.0
192	r1	8.9	0.0	0.0
192	rnapol	1.1	0.0	0.0
193	__protein1_rbs	4.8	0.0	0.0
193	__protein2_rbs	4.85	0.0	0.0
193	__protein3_rbs	9.0	0.0	0.0
193	__ribosome	31.9	0.0	0.0
193	__rnase_site_ext	14.65	0.0	0.0
193	p0	0.8	0.0	0.0
193	p1	0.9	0.0	0.0
193	p2	0.65	0.0	0.0
193	protein1	476.55	8.2	2.00245525
193	protein2	479.15	9.15	2.13821255
193	protein3	873.2	15.95	2.09322525
193	r0	8.25	0.0	0.0
193	r1	9.05	0.0	0.0
193	rnapol	0.85	0.0	0.0
194	__protein1_rbs	5.05	0.0	0.0
194	__protein2_rbs	4.85	0.0	0.0
194	__protein3_rbs	9.3	0.0	0.0
194	__ribosome	32.55	0.0	0.0
194	__rnase_site_ext	14.65	0.0	0.0
194	p0	0.9	0.0	0.0
194	p1	0.75	0.0	0.0
194	p2	0.9	0.0	0.0
194	protein1	480.35	8.2	1.90705125
194	protein2	482.9	9.15	2.14815835
194	protein3	879.45	15.9	2.0975662
194	r0	8.3	0.0	0.0
194	r1	8.95	0.0	0.0
194	rnapol	0.9	0.0	0.0
195	__protein1_rbs	5.25	0.0	0.0
195	__protein2_rbs	5.9	0.0	0.0
195	__protein3_rbs	9.2	0.0	0.0
195	__ribosome	31.95	0.0	0.0
195	__rnase_site_ext	14.9	0.0	0.0
195	p0	1.0	0.0	0.0
195	p1	0.9	0.0	0.0
195	p2	0.85	0.0	0.0
195	protein1	483.1	8.3	1.8939015500000005
195	protein2	486.5	9.35	2.07754325
195	protein3	885.65	16.1	2.09640255
195	r0	8.3	0.0	0.0
195	r1	8.8	0.0	0.0
195	rnapol	1.1	0.0	0.0
196	__protein1_rbs	4.55	0.0	0.0
196	__protein2_rbs	6.0	0.0	0.0
196	__protein3_rbs	9.55	0.0	0.0
196	__ribosome	31.25	0.0	0.0
196	__rnase_site_ext	14.9	0.0	0.0
196	p0	0.9	0.0	0.0
196	p1	1.0	0.0	0.0
196	p2	0.8	0.0	0.0
196	protein1	485.6	8.3	2.0492226
196	protein2	489.8	9.4	2.06704445
196	protein3	892.35	16.0	2.06938155
196	r0	8.25	0.0	0.0
196	r1	8.75	0.0	0.0
196	rnapol	1.0	0.0	0.0
197	__protein1_rbs	5.4	0.0	0.0
197	__protein2_rbs	5.6	0.0	0.0
197	__protein3_rbs	9.6	0.0	0.0
197	__ribosome	31.7	0.0	0.0
197	__rnase_site_ext	14.85	0.0	0.0
197	p0	0.85	0.0	0.0
197	p1	0.9	0.0	0.0
197	p2	0.85	0.0	0.0
197	protein1	489.0	8.3	1.98356425
197	protein2	493.7	9.3	2.05224205
197	protein3	898.35	16.05	2.0892413000000003
197	r0	8.3	0.0	0.0
197	r1	8.85	0.0	0.0
197	rnapol	1.0	0.0	0.0
198	__protein1_rbs	4.9	0.0	0.0
198	__protein2_rbs	5.35	0.0	0.0
198	__protein3_rbs	9.1	0.0	0.0
198	__ribosome	32.15	0.0	0.0
198	__rnase_site_ext	14.9	0.0	0.0
198	p0	0.9	0.0	0.0
198	p1	0.7	0.0	0.0
198	p2	0.7	0.0	0.0
198	protein1	492.2	8.3	2.0232919
198	protein2	497.85	9.05	2.0676586
198	protein3	905.4	16.0	2.0733042
198	r0	8.4	0.0	0.0
198	r1	9.0	0.0	0.0
198	rnapol	1.05	0.0	0.0
199	__protein1_rbs	5.5	0.0	0.0
199	__protein2_rbs	5.3	0.0	0.0
199	__protein3_rbs	9.65	0.0	0.0
199	__ribosome	33.1	0.0	0.0
199	__rnase_site_ext	14.95	0.0	0.0
199	p0	1.0	0.0	0.0
199	p1	0.75	0.0	0.0
199	p2	0.6	0.0	0.0
199	protein1	495.3	8.45	1.96376995
199	protein2	501.55	9.2	2.0022283
199	protein3	912.05	16.05	2.03479105
199	r0	8.5	0.0	0.0
199	r1	8.95	0.0	0.0
199	rnapol	1.0	0.0	0.0
200	__protein1_rbs	4.95	0.0	0.0
200	__protein2_rbs	5.5	0.0	0.0
200	__protein3_rbs	9.95	0.0	0.0
200	__ribosome	33.45	0.0	0.0
200	__rnase_site_ext	14.75	0.0	0.0
200	p0	0.9	0.0	0.0
200	p1	0.8	0.0	0.0
200	p2	0.95	0.0	0.0
200	protein1	498.55	8.5	2.01266955
200	protein2	505.3	9.25	2.0076083
200	protein3	918.5	16.1	1.98730155
200	r0	8.5	0.0	0.0
200	r1	8.95	0.0	0.0
200	rnapol	1.1	0.0	0.0
201	__protein1_rbs	5.1	0.0	0.0
201	__protein2_rbs	5.3	0.0	0.0
201	__protein3_rbs	9.55	0.0	0.0
201	__ribosome	31.5	0.0	0.0
201	__rnase_site_ext	14.8	0.0	0.0
201	p0	0.9	0.0	0.0
201	p1	0.9	0.0	0.0
201	p2	0.7	0.0	0.0
201	protein1	501.85	8.45	2.07745315
201	protein2	508.45	9.3	2.06831345
201	protein3	924.55	16.15	2.0111795
201	r0	8.35	0.0	0.0
201	r1	9.05	0.0	0.0
201	rnapol	0.9	0.0	0.0
202	__protein1_rbs	5.7	0.0	0.0
202	__protein2_rbs	5.9	0.0	0.0
202	__protein3_rbs	9.4	0.0	0.0
202	__ribosome	32.2	0.0	0.0
202	__rnase_site_ext	14.85	0.0	0.0
202	p0	0.95	0.0	0.0
202	p1	0.8	0.0	0.0
202	p2	0.7	0.0	0.0
202	protein1	504.8	8.4	2.0827904
202	protein2	512.1	9.3	2.0363553
202	protein3	931.45	16.2	2.0122577999999995
202	r0	8.35	0.0	0.0
202	r1	9.0	0.0	0.0
202	rnapol	0.95	0.0	0.0
203	__protein1_rbs	5.3	0.0	0.0
203	__protein2_rbs	5.45	0.0	0.0
203	__protein3_rbs	9.35	0.0	0.0
203	__ribosome	31.05	0.0	0.0
203	__rnase_site_ext	14.9	0.0	0.0
203	p0	0.9	0.0	0.0
203	p1	0.8	0.0	0.0
203	p2	0.9	0.0	0.0
203	protein1	508.5	8.35	2.0227887
203	protein2	515.5	9.35	2.0811028
203	protein3	937.05	16.2	2.06943335
203	r0	8.35	0.0	0.0
203	r1	8.95	0.0	0.0
203	rnapol	1.05	0.0	0.0
204	__protein1_rbs	4.9	0.0	0.0
204	__protein2_rbs	5.5	0.0	0.0
204	__protein3_rbs	9.75	0.0	0.0
204	__ribosome	30.95	0.0	0.0
204	__rnase_site_ext	14.9	0.0	0.0
204	p0	0.9	0.0	0.0
204	p1	0.95	0.0	0.0
204	p2	0.8	0.0	0.0
204	protein1	511.65	8.35	2.05461775
204	protein2	519.5	9.4	2.0410182
204	protein3	943.55	16.25	2.05876295
204	r0	8.45	0.0	0.0
204	r1	8.85	0.0	0.0
204	rnapol	0.95	0.0	0.0
205	__protein1_rbs	5.25	0.0	0.0
205	__protein2_rbs	5.65	0.0	0.0
205	__protein3_rbs	10.1	0.0	0.0
205	__ribosome	32.2	0.0	0.0
205	__rnase_site_ext	15.1	0.0	0.0
205	p0	0.9	0.0	0.0
205	p1	0.9	0.0	0.0
205	p2	0.65	0.0	0.0
205	protein1	515.25	8.45	1.9655412
205	protein2	523.45	9.3	2.0218738499999995
205	protein3	949.9	16.25	2.0445759999999997
205	r0	8.45	0.0	0.0
205	r1	8.95	0.0	0.0
205	rnapol	0.75	0.0	0.0
206	__protein1_rbs	5.45	0.0	0.0
206	__protein2_rbs	5.95	0.0	0.0
206	__protein3_rbs	9.4	0.0	0.0
206	__ribosome	33.4	0.0	0.0
206	__rnase_site_ext	15.35	0.0	0.0
206	p0	0.9	0.0	0.0
206	p1	0.85	0.0	0.0
206	p2	0.7	0.0	0.0
206	protein1	519.05	8.5	1.8501209
206	protein2	527.15	9.25	1.9793985
206	protein3	956.5	16.35	2.01680755
206	r0	8.55	0.0	0.0
206	r1	9.0	0.0	0.0
206	rnapol	0.65	0.0	0.0
207	__protein1_rbs	5.25	0.0	0.0
207	__protein2_rbs	5.25	0.0	0.0
207	__protein3_rbs	9.9	0.0	0.0
207	__ribosome	32.1	0.0	0.0
207	__rnase_site_ext	15.0	0.0	0.0
207	p0	0.95	0.0	0.0
207	p1	0.7	0.0	0.0
207	p2	0.75	0.0	0.0
207	protein1	521.6	8.55	1.9564773000000002
207	protein2	530.8	9.2	2.02972615
207	protein3	962.9	16.5	1.9875947
207	r0	8.5	0.0	0.0
207	r1	9.0	0.0	0.0
207	rnapol	1.0	0.0	0.0
208	__protein1_rbs	4.85	0.0	0.0
208	__protein2_rbs	5.45	0.0	0.0
208	__protein3_rbs	10.35	0.0	0.0
208	__ribosome	31.85	0.0	0.0
208	__rnase_site_ext	15.0	0.0	0.0
208	p0	0.85	0.0	0.0
208	p1	0.9	0.0	0.0
208	p2	0.8	0.0	0.0
208	protein1	524.95	8.55	2.0137969500000006
208	protein2	534.6	9.3	2.009272
208	protein3	969.6	16.6	1.96807875
208	r0	8.5	0.0	0.0
208	r1	8.85	0.0	0.0
208	rnapol	0.95	0.0	0.0
209	__protein1_rbs	5.15	0.0	0.0
209	__protein2_rbs	5.45	0.0	0.0
209	__protein3_rbs	9.4	0.0	0.0
209	__ribosome	31.05	0.0	0.0
209	__rnase_site_ext	14.95	0.0	0.0
209	p0	0.95	0.0	0.0
209	p1	0.95	0.0	0.0
209	p2	0.7	0.0	0.0
209	protein1	528.15	8.5	2.0119986
209	protein2	537.75	9.25	2.0860378
209	protein3	975.9	16.3	2.02721615
209	r0	8.5	0.0	0.0
209	r1	9.05	0.0	0.0
209	rnapol	0.95	0.0	0.0
210	__protein1_rbs	5.15	0.0	0.0
210	__protein2_rbs	5.05	0.0	0.0
210	__protein3_rbs	9.75	0.0	0.0
210	__ribosome	30.85	0.0	0.0
210	__rnase_site_ext	14.9	0.0	0.0
210	p0	0.9	0.0	0.0
210	p1	0.75	0.0	0.0
210	p2	0.8	0.0	0.0
210	protein1	531.85	8.5	2.0139935
210	protein2	541.45	9.15	2.1298155
210	protein3	982.15	16.25	2.05834985
210	r0	8.4	0.0	0.0
210	r1	9.0	0.0	0.0
210	rnapol	0.95	0.0	0.0
211	__protein1_rbs	4.6	0.0	0.0
211	__protein2_rbs	5.8	0.0	0.0
211	__protein3_rbs	9.9	0.0	0.0
211	__ribosome	32.25	0.0	0.0
211	__rnase_site_ext	14.75	0.0	0.0
211	p0	0.85	0.0	0.0
211	p1	0.85	0.0	0.0
211	p2	0.9	0.0	0.0
211	protein1	534.75	8.35	2.14052665
211	protein2	545.45	9.25	2.0168660000000003
211	protein3	988.8	16.4	1.98601255
211	r0	8.35	0.0	0.0
211	r1	9.0	0.0	0.0
211	rnapol	0.9	0.0	0.0
212	__protein1_rbs	5.5	0.0	0.0
212	__protein2_rbs	5.4	0.0	0.0
212	__protein3_rbs	9.8	0.0	0.0
212	__ribosome	32.65	0.0	0.0
212	__rnase_site_ext	14.75	0.0	0.0
212	p0	0.85	0.0	0.0
212	p1	0.85	0.0	0.0
212	p2	0.85	0.0	0.0
212	protein1	537.85	8.35	2.0700018
212	protein2	549.2	9.35	2.00957265
212	protein3	995.65	16.4	1.9819700500000004
212	r0	8.35	0.0	0.0
212	r1	9.1	0.0	0.0
212	rnapol	0.95	0.0	0.0
213	__protein1_rbs	5.55	0.0	0.0
213	__protein2_rbs	5.85	0.0	0.0
213	__protein3_rbs	9.35	0.0	0.0
213	__ribosome	33.55	0.0	0.0
213	__rnase_site_ext	15.0	0.0	0.0
213	p0	0.9	0.0	0.0
213	p1	0.8	0.0	0.0
213	p2	0.75	0.0	0.0
213	protein1	541.5	8.35	1.9748648000000002
213	protein2	552.85	9.25	2.006452049999999
213	protein3	1001.95	16.35	1.9940709000000003
213	r0	8.35	0.0	0.0
213	r1	9.15	0.0	0.0
213	rnapol	0.85	0.0	0.0
214	__protein1_rbs	4.65	0.0	0.0
214	__protein2_rbs	6.4	0.0	0.0
214	__protein3_rbs	9.9	0.0	0.0
214	__ribosome	34.0	0.0	0.0
214	__rnase_site_ext	15.15	0.0	0.0
214	p0	1.0	0.0	0.0
214	p1	0.85	0.0	0.0
214	p2	0.65	0.0	0.0
214	protein1	544.65	8.3	2.0484207
214	protein2	556.35	9.35	1.9187067999999998
214	protein3	1008.15	16.3	1.97862595
214	r0	8.4	0.0	0.0
214	r1	9.15	0.0	0.0
214	rnapol	1.0	0.0	0.0
215	__protein1_rbs	5.25	0.0	0.0
215	__protein2_rbs	5.6	0.0	0.0
215	__protein3_rbs	9.05	0.0	0.0
215	__ribosome	32.6	0.0	0.0
215	__rnase_site_ext	15.0	0.0	0.0
215	p0	1.0	0.0	0.0
215	p1	0.85	0.0	0.0
215	p2	0.7	0.0	0.0
215	protein1	547.35	8.4	1.99805955
215	protein2	560.5	9.3	1.90126805
215	protein3	1013.9	16.35	2.05119225
215	r0	8.4	0.0	0.0
215	r1	9.1	0.0	0.0
215	rnapol	1.05	0.0	0.0
216	__protein1_rbs	4.75	0.0	0.0
216	__protein2_rbs	5.2	0.0	0.0
216	__protein3_rbs	9.45	0.0	0.0
216	__ribosome	31.8	0.0	0.0
216	__rnase_site_ext	15.05	0.0	0.0
216	p0	0.8	0.0	0.0
216	p1	0.85	0.0	0.0
216	p2	0.8	0.0	0.0
216	protein1	551.4	8.4	1.929504
216	protein2	563.6	9.45	1.971939
216	protein3	1020.6	16.55	2.0371156999999998
216	r0	8.3	0.0	0.0
216	r1	9.0	0.0	0.0
216	rnapol	0.95	0.0	0.0
217	__protein1_rbs	5.4	0.0	0.0
217	__protein2_rbs	5.35	0.0	0.0
217	__protein3_rbs	10.15	0.0	0.0
217	__ribosome	31.35	0.0	0.0
217	__rnase_site_ext	15.05	0.0	0.0
217	p0	0.85	0.0	0.0
217	p1	0.75	0.0	0.0
217	p2	0.9	0.0	0.0
217	protein1	553.85	8.3	2.0127078000000003
217	protein2	567.45	9.45	1.9783568
217	protein3	1026.95	16.55	2.0245834
217	r0	8.4	0.0	0.0
217	r1	9.05	0.0	0.0
217	rnapol	1.05	0.0	0.0
218	__protein1_rbs	5.2	0.0	0.0
218	__protein2_rbs	5.35	0.0	0.0
218	__protein3_rbs	10.25	0.0	0.0
218	__ribosome	31.35	0.0	0.0
218	__rnase_site_ext	14.9	0.0	0.0
218	p0	1.0	0.0	0.0
218	p1	0.8	0.0	0.0
218	p2	0.7	0.0	0.0
218	protein1	556.95	8.35	1.9614151000000002
218	protein2	570.85	9.55	1.97490435
218	protein3	1033.2	16.5	2.027217
218	r0	8.45	0.0	0.0
218	r1	9.15	0.0	0.0
218	rnapol	1.05	0.0	0.0
219	__protein1_rbs	5.0	0.0	0.0
219	__protein2_rbs	6.1	0.0	0.0
219	__protein3_rbs	9.9	0.0	0.0
219	__ribosome	31.85	0.0	0.0
219	__rnase_site_ext	14.8	0.0	0.0
219	p0	0.85	0.0	0.0
219	p1	0.85	0.0	0.0
219	p2	0.8	0.0	0.0
219	protein1	560.35	8.45	1.96774885
219	protein2	574.15	9.5	1.9892100000000004
219	protein3	1039.8	16.35	2.02823115
219	r0	8.4	0.0	0.0
219	r1	9.15	0.0	0.0
219	rnapol	1.0	0.0	0.0
220	__protein1_rbs	5.0	0.0	0.0
220	__protein2_rbs	5.5	0.0	0.0
220	__protein3_rbs	10.0	0.0	0.0
220	__ribosome	31.95	0.0	0.0
220	__rnase_site_ext	14.85	0.0	0.0
220	p0	0.9	0.0	0.0
220	p1	0.9	0.0	0.0
220	p2	0.85	0.0	0.0
220	protein1	563.75	8.4	1.97225455
220	protein2	577.65	9.3	2.0833766
220	protein3	1046.85	16.4	1.9910249
220	r0	8.55	0.0	0.0
220	r1	9.4	0.0	0.0
220	rnapol	0.95	0.0	0.0
221	__protein1_rbs	4.9	0.0	0.0
221	__protein2_rbs	6.05	0.0	0.0
221	__protein3_rbs	10.05	0.0	0.0
221	__ribosome	32.8	0.0	0.0
221	__rnase_site_ext	14.75	0.0	0.0
221	p0	0.9	0.0	0.0
221	p1	0.65	0.0	0.0
221	p2	0.75	0.0	0.0
221	protein1	567.1	8.55	1.9435764
221	protein2	581.65	9.35	1.9869769
221	protein3	1053.3	16.4	1.9756208
221	r0	8.55	0.0	0.0
221	r1	9.4	0.0	0.0
221	rnapol	1.05	0.0	0.0
222	__protein1_rbs	5.4	0.0	0.0
222	__protein2_rbs	6.2	0.0	0.0
222	__protein3_rbs	9.1	0.0	0.0
222	__ribosome	32.6	0.0	0.0
222	__rnase_site_ext	14.4	0.0	0.0
222	p0	1.0	0.0	0.0
222	p1	0.8	0.0	0.0
222	p2	0.8	0.0	0.0
222	protein1	570.4	8.55	1.92227705
222	protein2	585.5	9.55	1.9253547500000003
222	protein3	1059.75	16.15	2.04439115
222	r0	8.5	0.0	0.0
222	r1	9.25	0.0	0.0
222	rnapol	1.25	0.0	0.0
223	__protein1_rbs	5.2	0.0	0.0
223	__protein2_rbs	5.8	0.0	0.0
223	__protein3_rbs	9.3	0.0	0.0
223	__ribosome	31.45	0.0	0.0
223	__rnase_site_ext	14.4	0.0	0.0
223	p0	0.95	0.0	0.0
223	p1	0.95	0.0	0.0
223	p2	0.75	0.0	0.0
223	protein1	573.05	8.45	2.0667503000000003
223	protein2	589.05	9.6	1.9274828999999998
223	protein3	1066.15	16.05	2.0772383500000005
223	r0	8.3	0.0	0.0
223	r1	9.15	0.0	0.0
223	rnapol	1.2	0.0	0.0
224	__protein1_rbs	5.25	0.0	0.0
224	__protein2_rbs	6.1	0.0	0.0
224	__protein3_rbs	9.4	0.0	0.0
224	__ribosome	31.4	0.0	0.0
224	__rnase_site_ext	14.6	0.0	0.0
224	p0	0.9	0.0	0.0
224	p1	0.95	0.0	0.0
224	p2	0.7	0.0	0.0
224	protein1	576.15	8.35	2.10229445
224	protein2	592.9	9.6	1.8953664000000001
224	protein3	1072.5	15.95	2.1122836500000006
224	r0	8.25	0.0	0.0
224	r1	9.15	0.0	0.0
224	rnapol	1.05	0.0	0.0
225	__protein1_rbs	4.85	0.0	0.0
225	__protein2_rbs	6.2	0.0	0.0
225	__protein3_rbs	9.15	0.0	0.0
225	__ribosome	31.6	0.0	0.0
225	__rnase_site_ext	14.65	0.0	0.0
225	p0	0.85	0.0	0.0
225	p1	0.8	0.0	0.0
225	p2	0.7	0.0	0.0
225	protein1	580.2	8.2	2.0353518
225	protein2	596.2	9.55	1.91595295
225	protein3	1079.0	16.15	2.09639595
225	r0	8.3	0.0	0.0
225	r1	9.15	0.0	0.0
225	rnapol	0.9	0.0	0.0
226	__protein1_rbs	5.55	0.0	0.0
226	__protein2_rbs	5.9	0.0	0.0
226	__protein3_rbs	9.25	0.0	0.0
226	__ribosome	32.2	0.0	0.0
226	__rnase_site_ext	14.7	0.0	0.0
226	p0	0.85	0.0	0.0
226	p1	0.8	0.0	0.0
226	p2	0.75	0.0	0.0
226	protein1	583.15	8.3	1.96144125
226	protein2	599.75	9.45	1.9660486
226	protein3	1085.7	16.2	2.07929005
226	r0	8.4	0.0	0.0
226	r1	9.05	0.0	0.0
226	rnapol	0.85	0.0	0.0
227	__protein1_rbs	4.75	0.0	0.0
227	__protein2_rbs	6.0	0.0	0.0
227	__protein3_rbs	9.75	0.0	0.0
227	__ribosome	32.7	0.0	0.0
227	__rnase_site_ext	14.75	0.0	0.0
227	p0	0.85	0.0	0.0
227	p1	0.8	0.0	0.0
227	p2	0.8	0.0	0.0
227	protein1	586.7	8.4	1.9738438
227	protein2	603.55	9.45	1.95175675
227	protein3	1092.45	16.25	2.0327997000000004
227	r0	8.5	0.0	0.0
227	r1	9.05	0.0	0.0
227	rnapol	0.75	0.0	0.0
228	__protein1_rbs	4.85	0.0	0.0
228	__protein2_rbs	5.95	0.0	0.0
228	__protein3_rbs	9.6	0.0	0.0
228	__ribosome	32.2	0.0	0.0
228	__rnase_site_ext	14.85	0.0	0.0
228	p0	1.0	0.0	0.0
228	p1	0.8	0.0	0.0
228	p2	0.7	0.0	0.0
228	protein1	590.25	8.5	1.95906925
228	protein2	607.05	9.45	1.95456395
228	protein3	1098.25	16.35	2.06216935
228	r0	8.55	0.0	0.0
228	r1	9.0	0.0	0.0
228	rnapol	0.7	0.0	0.0
229	__protein1_rbs	5.35	0.0	0.0
229	__protein2_rbs	5.6	0.0	0.0
229	__protein3_rbs	9.9	0.0	0.0
229	__ribosome	32.15	0.0	0.0
229	__rnase_site_ext	14.75	0.0	0.0
229	p0	0.95	0.0	0.0
229	p1	0.8	0.0	0.0
229	p2	0.65	0.0	0.0
229	protein1	593.3	8.5	2.04330085
229	protein2	610.7	9.45	1.9698367000000008
229	protein3	1105.55	16.3	2.02029075
229	r0	8.55	0.0	0.0
229	r1	9.05	0.0	0.0
229	rnapol	0.75	0.0	0.0
230	__protein1_rbs	5.15	0.0	0.0
230	__protein2_rbs	5.35	0.0	0.0
230	__protein3_rbs	10.35	0.0	0.0
230	__ribosome	31.5	0.0	0.0
230	__rnase_site_ext	14.65	0.0	0.0
230	p0	1.0	0.0	0.0
230	p1	0.85	0.0	0.0
230	p2	0.85	0.0	0.0
230	protein1	596.35	8.55	2.0530248500000003
230	protein2	613.95	9.35	2.05907715
230	protein3	1111.6	16.35	2.0125727500000004
230	r0	8.45	0.0	0.0
230	r1	9.05	0.0	0.0
230	rnapol	0.9	0.0	0.0
231	__protein1_rbs	4.7	0.0	0.0
231	__protein2_rbs	5.4	0.0	0.0
231	__protein3_rbs	10.1	0.0	0.0
231	__ribosome	30.65	0.0	0.0
231	__rnase_site_ext	14.55	0.0	0.0
231	p0	1.0	0.0	0.0
231	p1	1.0	0.0	0.0
231	p2	0.9	0.0	0.0
231	protein1	599.35	8.5	2.1616341500000003
231	protein2	617.6	9.45	2.0418369000000003
231	protein3	1118.05	16.45	1.99060305
231	r0	8.45	0.0	0.0
231	r1	9.0	0.0	0.0
231	rnapol	1.05	0.0	0.0
232	__protein1_rbs	4.55	0.0	0.0
232	__protein2_rbs	6.05	0.0	0.0
232	__protein3_rbs	9.45	0.0	0.0
232	__ribosome	30.75	0.0	0.0
232	__rnase_site_ext	14.5	0.0	0.0
232	p0	1.0	0.0	0.0
232	p1	0.95	0.0	0.0
232	p2	0.85	0.0	0.0
232	protein1	603.3	8.4	2.1648575
232	protein2	620.95	9.3	2.06559575
232	protein3	1124.65	16.35	2.02488715
232	r0	8.4	0.0	0.0
232	r1	9.05	0.0	0.0
232	rnapol	1.25	0.0	0.0
233	__protein1_rbs	5.3	0.0	0.0
233	__protein2_rbs	6.05	0.0	0.0
233	__protein3_rbs	10.1	0.0	0.0
233	__ribosome	33.1	0.0	0.0
233	__rnase_site_ext	14.5	0.0	0.0
233	p0	0.9	0.0	0.0
233	p1	0.8	0.0	0.0
233	p2	0.85	0.0	0.0
233	protein1	606.95	8.4	2.05279225
233	protein2	624.75	9.2	2.01897285
233	protein3	1131.55	16.2	1.9749702
233	r0	8.45	0.0	0.0
233	r1	9.2	0.0	0.0
233	rnapol	1.25	0.0	0.0
234	__protein1_rbs	4.65	0.0	0.0
234	__protein2_rbs	5.85	0.0	0.0
234	__protein3_rbs	10.1	0.0	0.0
234	__ribosome	32.55	0.0	0.0
234	__rnase_site_ext	14.65	0.0	0.0
234	p0	0.95	0.0	0.0
234	p1	0.8	0.0	0.0
234	p2	0.65	0.0	0.0
234	protein1	609.85	8.5	2.17056275
234	protein2	628.5	9.3	1.98103735
234	protein3	1137.5	16.15	1.97396475
234	r0	8.45	0.0	0.0
234	r1	9.1	0.0	0.0
234	rnapol	1.3	0.0	0.0
235	__protein1_rbs	4.9	0.0	0.0
235	__protein2_rbs	5.5	0.0	0.0
235	__protein3_rbs	9.4	0.0	0.0
235	__ribosome	32.0	0.0	0.0
235	__rnase_site_ext	14.65	0.0	0.0
235	p0	0.85	0.0	0.0
235	p1	0.8	0.0	0.0
235	p2	0.75	0.0	0.0
235	protein1	613.55	8.45	2.133053
235	protein2	632.0	9.4	1.97891165
235	protein3	1143.75	16.15	2.01207575
235	r0	8.5	0.0	0.0
235	r1	9.25	0.0	0.0
235	rnapol	1.2	0.0	0.0
236	__protein1_rbs	4.85	0.0	0.0
236	__protein2_rbs	6.15	0.0	0.0
236	__protein3_rbs	9.15	0.0	0.0
236	__ribosome	32.95	0.0	0.0
236	__rnase_site_ext	14.8	0.0	0.0
236	p0	0.9	0.0	0.0
236	p1	0.7	0.0	0.0
236	p2	0.7	0.0	0.0
236	protein1	617.15	8.45	2.0924211999999995
236	protein2	635.85	9.5	1.91617825
236	protein3	1150.6	16.0	2.0208689
236	r0	8.65	0.0	0.0
236	r1	9.25	0.0	0.0
236	rnapol	1.1	0.0	0.0
237	__protein1_rbs	5.05	0.0	0.0
237	__protein2_rbs	6.5	0.0	0.0
237	__protein3_rbs	9.9	0.0	0.0
237	__ribosome	34.1	0.0	0.0
237	__rnase_site_ext	15.0	0.0	0.0
237	p0	0.9	0.0	0.0
237	p1	0.85	0.0	0.0
237	p2	0.55	0.0	0.0
237	protein1	620.5	8.6	2.06073285
237	protein2	639.55	9.55	1.8310509000000004
237	protein3	1157.15	16.05	1.98423815
237	r0	8.65	0.0	0.0
237	r1	9.25	0.0	0.0
237	rnapol	1.05	0.0	0.0
238	__protein1_rbs	5.2	0.0	0.0
238	__protein2_rbs	5.15	0.0	0.0
238	__protein3_rbs	10.35	0.0	0.0
238	__ribosome	32.1	0.0	0.0
238	__rnase_site_ext	15.05	0.0	0.0
238	p0	0.9	0.0	0.0
238	p1	0.95	0.0	0.0
238	p2	0.85	0.0	0.0
238	protein1	623.35	8.7	2.09625845
238	protein2	642.5	9.5	1.99565165
238	protein3	1163.0	16.2	1.9712032500000003
238	r0	8.75	0.0	0.0
238	r1	9.0	0.0	0.0
238	rnapol	0.95	0.0	0.0
239	__protein1_rbs	5.45	0.0	0.0
239	__protein2_rbs	5.6	0.0	0.0
239	__protein3_rbs	9.4	0.0	0.0
239	__ribosome	32.15	0.0	0.0
239	__rnase_site_ext	15.0	0.0	0.0
239	p0	1.0	0.0	0.0
239	p1	0.95	0.0	0.0
239	p2	0.95	0.0	0.0
239	protein1	627.3	8.8	2.0128831000000003
239	protein2	645.9	9.45	1.9855701500000005
239	protein3	1169.35	16.45	1.97131855
239	r0	8.8	0.0	0.0
239	r1	8.95	0.0	0.0
239	rnapol	0.9	0.0	0.0
240	__protein1_rbs	5.55	0.0	0.0
240	__protein2_rbs	5.3	0.0	0.0
240	__protein3_rbs	9.55	0.0	0.0
240	__ribosome	31.3	0.0	0.0
240	__rnase_site_ext	14.95	0.0	0.0
240	p0	0.95	0.0	0.0
240	p1	0.95	0.0	0.0
240	p2	0.8	0.0	0.0
240	protein1	630.35	8.8	2.02748145
240	protein2	649.75	9.4	1.99889035
240	protein3	1175.65	16.45	2.0004962
240	r0	8.7	0.0	0.0
240	r1	8.8	0.0	0.0
240	rnapol	0.85	0.0	0.0
241	__protein1_rbs	5.45	0.0	0.0
241	__protein2_rbs	5.45	0.0	0.0
241	__protein3_rbs	9.6	0.0	0.0
241	__ribosome	31.1	0.0	0.0
241	__rnase_site_ext	14.95	0.0	0.0
241	p0	1.0	0.0	0.0
241	p1	0.8	0.0	0.0
241	p2	0.7	0.0	0.0
241	protein1	634.35	8.7	1.99825615
241	protein2	653.1	9.35	2.0443231499999994
241	protein3	1181.55	16.45	2.0276965
241	r0	8.65	0.0	0.0
241	r1	8.9	0.0	0.0
241	rnapol	0.9	0.0	0.0
242	__protein1_rbs	5.4	0.0	0.0
242	__protein2_rbs	5.75	0.0	0.0
242	__protein3_rbs	9.25	0.0	0.0
242	__ribosome	30.95	0.0	0.0
242	__rnase_site_ext	14.9	0.0	0.0
242	p0	0.85	0.0	0.0
242	p1	0.8	0.0	0.0
242	p2	0.7	0.0	0.0
242	protein1	637.7	8.65	1.9590156000000003
242	protein2	656.5	9.25	2.0494193
242	protein3	1188.3	16.4	2.0629284
242	r0	8.6	0.0	0.0
242	r1	8.9	0.0	0.0
242	rnapol	0.95	0.0	0.0
243	__protein1_rbs	5.45	0.0	0.0
243	__protein2_rbs	5.4	0.0	0.0
243	__protein3_rbs	10.4	0.0	0.0
243	__ribosome	30.35	0.0	0.0
243	__rnase_site_ext	15.15	0.0	0.0
243	p0	0.85	0.0	0.0
243	p1	0.9	0.0	0.0
243	p2	0.6	0.0	0.0
243	protein1	640.8	8.6	1.9770023999999997
243	protein2	660.0	9.3	2.06781845
243	protein3	1193.8	16.35	2.0926441000000002
243	r0	8.7	0.0	0.0
243	r1	9.1	0.0	0.0
243	rnapol	0.9	0.0	0.0
244	__protein1_rbs	5.65	0.0	0.0
244	__protein2_rbs	5.45	0.0	0.0
244	__protein3_rbs	9.7	0.0	0.0
244	__ribosome	31.25	0.0	0.0
244	__rnase_site_ext	15.2	0.0	0.0
244	p0	0.95	0.0	0.0
244	p1	0.75	0.0	0.0
244	p2	0.75	0.0	0.0
244	protein1	644.3	8.65	1.911656
244	protein2	663.95	9.1	2.09710165
244	protein3	1200.55	16.4	2.0804553
244	r0	8.8	0.0	0.0
244	r1	9.2	0.0	0.0
244	rnapol	1.1	0.0	0.0
245	__protein1_rbs	5.0	0.0	0.0
245	__protein2_rbs	5.6	0.0	0.0
245	__protein3_rbs	10.0	0.0	0.0
245	__ribosome	31.85	0.0	0.0
245	__rnase_site_ext	15.1	0.0	0.0
245	p0	0.9	0.0	0.0
245	p1	0.8	0.0	0.0
245	p2	0.75	0.0	0.0
245	protein1	647.75	8.75	1.9294566999999998
245	protein2	667.75	9.15	2.0448138
245	protein3	1207.75	16.45	2.04208375
245	r0	8.75	0.0	0.0
245	r1	9.25	0.0	0.0
245	rnapol	1.0	0.0	0.0
246	__protein1_rbs	4.8	0.0	0.0
246	__protein2_rbs	5.8	0.0	0.0
246	__protein3_rbs	9.7	0.0	0.0
246	__ribosome	32.0	0.0	0.0
246	__rnase_site_ext	15.25	0.0	0.0
246	p0	0.95	0.0	0.0
246	p1	0.8	0.0	0.0
246	p2	0.85	0.0	0.0
246	protein1	651.1	8.75	1.97789685
246	protein2	671.4	9.3	1.96817
246	protein3	1214.3	16.45	2.04923995
246	r0	8.75	0.0	0.0
246	r1	9.25	0.0	0.0
246	rnapol	0.95	0.0	0.0
247	__protein1_rbs	5.05	0.0	0.0
247	__protein2_rbs	5.55	0.0	0.0
247	__protein3_rbs	10.4	0.0	0.0
247	__ribosome	31.45	0.0	0.0
247	__rnase_site_ext	15.2	0.0	0.0
247	p0	0.85	0.0	0.0
247	p1	0.8	0.0	0.0
247	p2	0.9	0.0	0.0
247	protein1	654.15	8.75	2.08213825
247	protein2	674.7	9.4	1.9859639
247	protein3	1221.15	16.6	1.99362655
247	r0	8.7	0.0	0.0
247	r1	9.15	0.0	0.0
247	rnapol	0.9	0.0	0.0
248	__protein1_rbs	5.65	0.0	0.0
248	__protein2_rbs	6.05	0.0	0.0
248	__protein3_rbs	10.25	0.0	0.0
248	__ribosome	31.35	0.0	0.0
248	__rnase_site_ext	15.2	0.0	0.0
248	p0	1.0	0.0	0.0
248	p1	0.95	0.0	0.0
248	p2	0.85	0.0	0.0
248	protein1	657.15	8.7	2.1166910000000003
248	protein2	678.4	9.45	1.9853008000000003
248	protein3	1227.4	16.6	2.00344915
248	r0	8.75	0.0	0.0
248	r1	9.15	0.0	0.0
248	rnapol	1.1	0.0	0.0
249	__protein1_rbs	5.45	0.0	0.0
249	__protein2_rbs	6.1	0.0	0.0
249	__protein3_rbs	9.45	0.0	0.0
249	__ribosome	31.25	0.0	0.0
249	__rnase_site_ext	15.1	0.0	0.0
249	p0	0.9	0.0	0.0
249	p1	0.95	0.0	0.0
249	p2	0.85	0.0	0.0
249	protein1	660.5	8.75	2.0851587500000006
249	protein2	681.75	9.45	1.94625895
249	protein3	1234.2	16.6	2.0136473500000003
249	r0	8.7	0.0	0.0
249	r1	9.15	0.0	0.0
249	rnapol	1.0	0.0	0.0
250	__protein1_rbs	5.75	0.0	0.0
250	__protein2_rbs	5.6	0.0	0.0
250	__protein3_rbs	9.1	0.0	0.0
250	__ribosome	29.3	0.0	0.0
250	__rnase_site_ext	14.25	0.0	0.0
250	p0	0.9	0.0	0.0
250	p1	0.85	0.0	0.0
250	p2	0.8	0.0	0.0
250	protein1	635.45	8.4	1.9564881000000005
250	protein2	655.25	9.05	1.83624285
250	protein3	1179.5	15.55	1.97431845
250	r0	8.35	0.0	0.0
250	r1	8.7	0.0	0.0
250	rnapol	1.2	0.0	0.0
