time	species	protein	transcript	ribo_density
0	__protein1_rbs	0.0	0.0	0.0
0	__protein2_rbs	0.0	0.0	0.0
0	__protein3_rbs	0.0	0.0	0.0
0	__ribosome	100.0	0.0	0.0
0	__rnase_site_ext	0.0	0.0	0.0
0	p0	1.0	0.0	0.0
0	p2	1.0	0.0	0.0
0	r2	0.0	0.0	0.0
0	rnapol	4.0	0.0	0.0
1	__protein1_rbs	0.0	0.0	0.0
1	__protein2_rbs	0.0	0.0	0.0
1	__protein3_rbs	0.0	0.0	0.0
1	__ribosome	75.0	0.0	0.0
1	__rnase_site_ext	0.5	0.0	0.0
1	p0	0.45	0.0	0.0
1	p2	0.5	0.0	0.0
1	r2	0.0	0.0	0.0
1	rnapol	2.15	0.0	0.0
2	__protein1_rbs	0.05	0.0	0.0
2	__protein2_rbs	0.0	0.0	0.0
2	__protein3_rbs	0.15	0.0	0.0
2	__ribosome	109.8	0.0	0.0
2	__rnase_site_ext	1.2	0.0	0.0
2	p0	0.95	0.0	0.0
2	p2	0.55	0.0	0.0
2	protein1	0.0	0.2	0.15
2	protein3	0.0	0.2	0.05
2	r2	0.0	0.0	0.0
2	rnapol	2.8	0.0	0.0
3	__protein1_rbs	0.25	0.0	0.0
3	__protein2_rbs	0.0	0.0	0.0
3	__protein3_rbs	0.15	0.0	0.0
3	__ribosome	99.25	0.0	0.0
3	__rnase_site_ext	1.7	0.0	0.0
3	p0	0.9	0.0	0.0
3	p2	0.65	0.0	0.0
3	protein1	0.0	0.5	0.4
3	protein3	0.0	0.45	0.3
3	r2	0.0	0.0	0.0
3	rnapol	2.15	0.0	0.0
4	__protein1_rbs	0.15	0.0	0.0
4	__protein2_rbs	0.0	0.0	0.0
4	__protein3_rbs	0.25	0.0	0.0
4	__ribosome	113.25	0.0	0.0
4	__rnase_site_ext	2.25	0.0	0.0
4	p0	0.7	0.0	0.0
4	p2	0.95	0.0	0.0
4	protein1	0.0	0.7	0.8
4	protein3	0.0	0.75	0.7
4	r2	0.0	0.0	0.0
4	rnapol	2.15	0.0	0.0
5	__protein1_rbs	0.2	0.0	0.0
5	__protein2_rbs	0.0	0.0	0.0
5	__protein3_rbs	0.4	0.0	0.0
5	__ribosome	97.0	0.0	0.0
5	__rnase_site_ext	2.45	0.0	0.0
5	p0	0.85	0.0	0.0
5	p2	0.8	0.0	0.0
5	protein1	0.0	0.85	1.2
5	protein3	0.0	1.05	1.15
5	r2	0.0	0.0	0.0
5	rnapol	1.4	0.0	0.0
6	__protein1_rbs	0.3	0.0	0.0
6	__protein2_rbs	0.0	0.0	0.0
6	__protein3_rbs	0.35	0.0	0.0
6	__ribosome	95.25	0.0	0.0
6	__rnase_site_ext	2.7	0.0	0.0
6	p0	0.9	0.0	0.0
6	p2	0.8	0.0	0.0
6	protein1	0.0	1.15	1.675
6	protein3	0.0	1.2	1.7
6	r2	0.0	0.0	0.0
6	rnapol	1.1	0.0	0.0
7	__protein1_rbs	0.6	0.0	0.0
7	__protein2_rbs	0.0	0.0	0.0
7	__protein3_rbs	0.5	0.0	0.0
7	__ribosome	94.0	0.0	0.0
7	__rnase_site_ext	3.1	0.0	0.0
7	p0	0.85	0.0	0.0
7	p2	0.85	0.0	0.0
7	protein1	0.2	1.2	2.05
7	protein3	0.05	1.45	2.16666665
7	r2	0.0	0.0	0.0
7	rnapol	0.8	0.0	0.0
8	__protein1_rbs	0.5	0.0	0.0
8	__protein2_rbs	0.0	0.0	0.0
8	__protein3_rbs	0.65	0.0	0.0
8	__ribosome	92.75	0.0	0.0
8	__rnase_site_ext	3.45	0.0	0.0
8	p0	0.95	0.0	0.0
8	p2	0.8	0.0	0.0
8	protein1	0.5	1.3	2.1833333500000003
8	protein3	0.25	1.6	2.5500000000000003
8	r2	0.0	0.0	0.0
8	rnapol	0.7	0.0	0.0
9	__protein1_rbs	0.6	0.0	0.0
9	__protein2_rbs	0.05	0.0	0.0
9	__protein3_rbs	0.7	0.0	0.0
9	__ribosome	91.75	0.0	0.0
9	__rnase_site_ext	3.4	0.0	0.0
9	p0	1.0	0.0	0.0
9	p2	0.95	0.0	0.0
9	protein1	0.95	1.45	2.34166665
9	protein2	0.0	0.05	0.0
9	protein3	0.85	1.85	2.6375
9	r2	0.0	0.0	0.0
9	rnapol	1.05	0.0	0.0
10	__protein1_rbs	0.3	0.0	0.0
10	__protein2_rbs	0.2	0.0	0.0
10	__protein3_rbs	0.8	0.0	0.0
10	__ribosome	90.45	0.0	0.0
10	__rnase_site_ext	3.5	0.0	0.0
10	p0	0.9	0.0	0.0
10	p2	0.95	0.0	0.0
10	protein1	1.45	1.45	2.625
10	protein2	0.0	0.35	0.125
10	protein3	1.45	2.0	2.69000005
10	r2	0.0	0.0	0.0
10	rnapol	1.1	0.0	0.0
11	__protein1_rbs	0.5	0.0	0.0
11	__protein2_rbs	0.2	0.0	0.0
11	__protein3_rbs	0.75	0.0	0.0
11	__ribosome	89.1	0.0	0.0
11	__rnase_site_ext	3.8	0.0	0.0
11	p0	0.9	0.0	0.0
11	p2	0.9	0.0	0.0
11	protein1	2.1	1.4	inf
11	protein2	0.0	0.65	0.525
11	protein3	2.2	2.05	2.9241667000000002
11	r2	0.0	0.0	0.0
11	rnapol	1.15	0.0	0.0
12	__protein1_rbs	0.7	0.0	0.0
12	__protein2_rbs	0.45	0.0	0.0
12	__protein3_rbs	0.85	0.0	0.0
12	__ribosome	88.4	0.0	0.0
12	__rnase_site_ext	4.05	0.0	0.0
12	p0	0.95	0.0	0.0
12	p2	0.75	0.0	0.0
12	protein1	3.0	1.55	inf
12	protein2	0.0	0.75	0.775
12	protein3	3.0	2.2	3.04166665
12	r2	0.0	0.0	0.0
12	rnapol	0.85	0.0	0.0
13	__protein1_rbs	0.65	0.0	0.0
13	__protein2_rbs	0.3	0.0	0.0
13	__protein3_rbs	0.7	0.0	0.0
13	__ribosome	87.05	0.0	0.0
13	__rnase_site_ext	4.2	0.0	0.0
13	p0	0.9	0.0	0.0
13	p2	0.9	0.0	0.0
13	protein1	3.55	1.55	inf
13	protein2	0.0	1.05	1.25
13	protein3	4.2	2.35	3.0525
13	r2	0.0	0.0	0.0
13	rnapol	0.85	0.0	0.0
14	__protein1_rbs	0.6	0.0	0.0
14	__protein2_rbs	0.35	0.0	0.0
14	__protein3_rbs	0.95	0.0	0.0
14	__ribosome	85.9	0.0	0.0
14	__rnase_site_ext	4.35	0.0	0.0
14	p0	0.95	0.0	0.0
14	p2	0.95	0.0	0.0
14	protein1	4.6	1.7	inf
14	protein2	0.05	1.2	1.7
14	protein3	5.2	2.5	2.8641667
14	r2	0.05	0.0	0.0
14	rnapol	0.95	0.0	0.0
15	__protein1_rbs	0.85	0.0	0.0
15	__protein2_rbs	0.45	0.0	0.0
15	__protein3_rbs	0.55	0.0	0.0
15	__ribosome	84.7	0.0	0.0
15	__rnase_site_ext	4.5	0.0	0.0
15	p0	0.85	0.0	0.0
15	p2	0.85	0.0	0.0
15	protein1	5.7	1.75	2.48333335
15	protein2	0.15	1.35	2.05
15	protein3	6.45	2.55	3.03833335
15	r2	0.35	0.0	0.0
15	rnapol	0.9	0.0	0.0
16	__protein1_rbs	0.55	0.0	0.0
16	__protein2_rbs	0.5	0.0	0.0
16	__protein3_rbs	0.95	0.0	0.0
16	__ribosome	83.4	0.0	0.0
16	__rnase_site_ext	4.9	0.0	0.0
16	p0	0.9	0.0	0.0
16	p2	0.6	0.0	0.0
16	protein1	6.5	1.8	2.5666667000000003
16	protein2	0.4	1.35	2.325
16	protein3	7.5	2.55	3.33416665
16	r2	0.65	0.0	0.0
16	rnapol	0.65	0.0	0.0
17	__protein1_rbs	0.75	0.0	0.0
17	__protein2_rbs	0.35	0.0	0.0
17	__protein3_rbs	1.05	0.0	0.0
17	__ribosome	82.05	0.0	0.0
17	__rnase_site_ext	5.1	0.0	0.0
17	p0	0.85	0.0	0.0
17	p2	0.55	0.0	0.0
17	protein1	7.2	2.0	2.4375000000000004
17	protein2	0.85	1.5	2.575
17	protein3	8.85	2.85	3.0399999500000003
17	r2	0.7	0.0	0.0
17	rnapol	0.5	0.0	0.0
18	__protein1_rbs	0.7	0.0	0.0
18	__protein2_rbs	0.5	0.0	0.0
18	__protein3_rbs	1.3	0.0	0.0
18	__ribosome	81.0	0.0	0.0
18	__rnase_site_ext	5.1	0.0	0.0
18	p0	1.0	0.0	0.0
18	p2	0.6	0.0	0.0
18	protein1	8.15	2.1	2.48750005
18	protein2	1.6	1.5	2.54166665
18	protein3	10.35	3.1	2.86583335
18	r2	1.1	0.0	0.0
18	rnapol	0.6	0.0	0.0
19	__protein1_rbs	1.1	0.0	0.0
19	__protein2_rbs	0.8	0.0	0.0
19	__protein3_rbs	1.35	0.0	0.0
19	__ribosome	80.2	0.0	0.0
19	__rnase_site_ext	5.2	0.0	0.0
19	p0	0.9	0.0	0.0
19	p2	0.55	0.0	0.0
19	protein1	9.3	2.2	2.5208333
19	protein2	2.1	1.55	2.675
19	protein3	11.95	3.35	2.8458333
19	r2	1.2	0.0	0.0
19	rnapol	0.6	0.0	0.0
20	__protein1_rbs	0.85	0.0	0.0
20	__protein2_rbs	0.7	0.0	0.0
20	__protein3_rbs	1.1	0.0	0.0
20	__ribosome	79.0	0.0	0.0
20	__rnase_site_ext	5.15	0.0	0.0
20	p0	0.95	0.0	0.0
20	p2	0.5	0.0	0.0
20	protein1	10.15	2.2	2.7541666000000005
20	protein2	3.0	1.75	2.3625
20	protein3	13.45	3.65	2.78
20	r2	1.35	0.0	0.0
20	rnapol	0.65	0.0	0.0
21	__protein1_rbs	0.7	0.0	0.0
21	__protein2_rbs	0.65	0.0	0.0
21	__protein3_rbs	1.55	0.0	0.0
21	__ribosome	78.45	0.0	0.0
21	__rnase_site_ext	5.35	0.0	0.0
21	p0	0.9	0.0	0.0
21	p2	0.7	0.0	0.0
21	protein1	11.45	2.25	2.8208333
21	protein2	3.95	1.85	2.45833335
21	protein3	15.25	3.7	2.74833335
21	r2	1.4	0.0	0.0
21	rnapol	0.6	0.0	0.0
22	__protein1_rbs	1.0	0.0	0.0
22	__protein2_rbs	0.7	0.0	0.0
22	__protein3_rbs	1.65	0.0	0.0
22	__ribosome	77.45	0.0	0.0
22	__rnase_site_ext	5.5	0.0	0.0
22	p0	0.85	0.0	0.0
22	p2	0.75	0.0	0.0
22	protein1	12.6	2.35	2.80416675
22	protein2	4.75	1.95	2.50416665
22	protein3	16.9	4.1	2.6333333000000003
22	r2	1.5	0.0	0.0
22	rnapol	0.5	0.0	0.0
23	__protein1_rbs	0.95	0.0	0.0
23	__protein2_rbs	0.6	0.0	0.0
23	__protein3_rbs	1.7	0.0	0.0
23	__ribosome	76.25	0.0	0.0
23	__rnase_site_ext	5.65	0.0	0.0
23	p0	0.95	0.0	0.0
23	p2	0.7	0.0	0.0
23	protein1	13.95	2.4	2.67500005
23	protein2	5.75	1.95	2.5333333
23	protein3	18.55	4.3	2.6853571500000006
23	r2	1.5	0.0	0.0
23	rnapol	0.65	0.0	0.0
24	__protein1_rbs	0.95	0.0	0.0
24	__protein2_rbs	0.75	0.0	0.0
24	__protein3_rbs	2.0	0.0	0.0
24	__ribosome	74.9	0.0	0.0
24	__rnase_site_ext	5.85	0.0	0.0
24	p0	0.9	0.0	0.0
24	p2	0.9	0.0	0.0
24	protein1	15.25	2.5	2.75833335
24	protein2	6.45	2.1	2.64583335
24	protein3	20.5	4.55	2.68845245
24	r2	1.6	0.0	0.0
24	rnapol	0.55	0.0	0.0
25	__protein1_rbs	0.7	0.0	0.0
25	__protein2_rbs	0.75	0.0	0.0
25	__protein3_rbs	1.7	0.0	0.0
25	__ribosome	73.9	0.0	0.0
25	__rnase_site_ext	5.8	0.0	0.0
25	p0	0.95	0.0	0.0
25	p2	0.95	0.0	0.0
25	protein1	16.55	2.55	2.9375
25	protein2	7.65	2.2	inf
25	protein3	22.95	4.7	2.6254762000000005
25	r2	1.7	0.0	0.0
25	rnapol	0.9	0.0	0.0
26	__protein1_rbs	1.25	0.0	0.0
26	__protein2_rbs	1.2	0.0	0.0
26	__protein3_rbs	2.05	0.0	0.0
26	__ribosome	73.15	0.0	0.0
26	__rnase_site_ext	5.75	0.0	0.0
26	p0	0.8	0.0	0.0
26	p2	0.75	0.0	0.0
26	protein1	17.85	2.6	2.93333335
26	protein2	8.45	2.35	inf
26	protein3	24.75	4.7	2.7971429
26	r2	1.9	0.0	0.0
26	rnapol	0.8	0.0	0.0
27	__protein1_rbs	0.8	0.0	0.0
27	__protein2_rbs	0.75	0.0	0.0
27	__protein3_rbs	1.6	0.0	0.0
27	__ribosome	71.6	0.0	0.0
27	__rnase_site_ext	5.85	0.0	0.0
27	p0	0.95	0.0	0.0
27	p2	0.65	0.0	0.0
27	protein1	19.15	2.6	3.0541666000000003
27	protein2	9.45	2.35	inf
27	protein3	27.2	4.7	2.87238095
27	r2	2.0	0.0	0.0
27	rnapol	0.95	0.0	0.0
28	__protein1_rbs	1.2	0.0	0.0
28	__protein2_rbs	1.25	0.0	0.0
28	__protein3_rbs	1.85	0.0	0.0
28	__ribosome	71.25	0.0	0.0
28	__rnase_site_ext	5.9	0.0	0.0
28	p0	0.95	0.0	0.0
28	p2	0.8	0.0	0.0
28	protein1	20.45	2.7	3.0541667
28	protein2	10.6	2.4	2.5666667000000003
28	protein3	29.75	4.9	2.8483333
28	r2	2.0	0.0	0.0
28	rnapol	1.2	0.0	0.0
29	__protein1_rbs	1.1	0.0	0.0
29	__protein2_rbs	0.95	0.0	0.0
29	__protein3_rbs	1.75	0.0	0.0
29	__ribosome	70.8	0.0	0.0
29	__rnase_site_ext	6.05	0.0	0.0
29	p0	0.85	0.0	0.0
29	p2	0.75	0.0	0.0
29	protein1	22.45	2.8	2.85416665
29	protein2	12.0	2.4	2.6333334
29	protein3	32.2	5.0	2.9316666000000002
29	r2	2.1	0.0	0.0
29	rnapol	1.15	0.0	0.0
30	__protein1_rbs	1.0	0.0	0.0
30	__protein2_rbs	1.0	0.0	0.0
30	__protein3_rbs	1.75	0.0	0.0
30	__ribosome	69.25	0.0	0.0
30	__rnase_site_ext	6.3	0.0	0.0
30	p0	0.85	0.0	0.0
30	p2	0.8	0.0	0.0
30	protein1	23.65	2.85	3.0583333500000003
30	protein2	13.0	2.45	2.7875000000000005
30	protein3	34.85	5.0	3.07059525
30	r2	2.25	0.0	0.0
30	rnapol	1.1	0.0	0.0
31	__protein1_rbs	1.55	0.0	0.0
31	__protein2_rbs	1.3	0.0	0.0
31	__protein3_rbs	1.85	0.0	0.0
31	__ribosome	69.5	0.0	0.0
31	__rnase_site_ext	6.4	0.0	0.0
31	p0	0.9	0.0	0.0
31	p2	0.6	0.0	0.0
31	protein1	25.2	3.05	2.7583334
31	protein2	14.45	2.55	2.6
31	protein3	37.7	5.15	3.0372619500000004
31	r2	2.4	0.0	0.0
31	rnapol	0.95	0.0	0.0
32	__protein1_rbs	1.15	0.0	0.0
32	__protein2_rbs	1.0	0.0	0.0
32	__protein3_rbs	2.25	0.0	0.0
32	__ribosome	68.45	0.0	0.0
32	__rnase_site_ext	6.6	0.0	0.0
32	p0	0.95	0.0	0.0
32	p2	0.7	0.0	0.0
32	protein1	27.05	3.05	2.8291667
32	protein2	15.7	2.6	2.75000005
32	protein3	40.2	5.3	3.0566666499999995
32	r2	2.45	0.0	0.0
32	rnapol	0.8	0.0	0.0
33	__protein1_rbs	1.2	0.0	0.0
33	__protein2_rbs	1.1	0.0	0.0
33	__protein3_rbs	2.4	0.0	0.0
33	__ribosome	67.1	0.0	0.0
33	__rnase_site_ext	6.7	0.0	0.0
33	p0	0.95	0.0	0.0
33	p2	0.75	0.0	0.0
33	protein1	28.4	3.15	2.935
33	protein2	16.85	2.7	2.7749999999999995
33	protein3	42.85	5.65	2.95750005
33	r2	2.5	0.0	0.0
33	rnapol	0.75	0.0	0.0
34	__protein1_rbs	1.4	0.0	0.0
34	__protein2_rbs	1.2	0.0	0.0
34	__protein3_rbs	2.15	0.0	0.0
34	__ribosome	67.4	0.0	0.0
34	__rnase_site_ext	6.85	0.0	0.0
34	p0	0.9	0.0	0.0
34	p2	0.75	0.0	0.0
34	protein1	30.1	3.25	2.7891667
34	protein2	18.65	2.8	2.6666666999999995
34	protein3	46.3	5.75	2.89880955
34	r2	2.6	0.0	0.0
34	rnapol	0.85	0.0	0.0
35	__protein1_rbs	1.25	0.0	0.0
35	__protein2_rbs	1.5	0.0	0.0
35	__protein3_rbs	2.7	0.0	0.0
35	__ribosome	66.85	0.0	0.0
35	__rnase_site_ext	7.1	0.0	0.0
35	p0	0.95	0.0	0.0
35	p2	0.8	0.0	0.0
35	protein1	32.1	3.3	2.72833335
35	protein2	19.85	2.9	2.8333333
35	protein3	49.05	5.95	2.79079365
35	r2	2.65	0.0	0.0
35	rnapol	0.75	0.0	0.0
36	__protein1_rbs	1.8	0.0	0.0
36	__protein2_rbs	1.1	0.0	0.0
36	__protein3_rbs	2.35	0.0	0.0
36	__ribosome	66.05	0.0	0.0
36	__rnase_site_ext	6.95	0.0	0.0
36	p0	1.0	0.0	0.0
36	p2	0.8	0.0	0.0
36	protein1	33.5	3.35	2.7383333
36	protein2	21.35	2.95	2.8041667
36	protein3	52.3	6.15	2.7404366
36	r2	2.7	0.0	0.0
36	rnapol	0.9	0.0	0.0
37	__protein1_rbs	1.55	0.0	0.0
37	__protein2_rbs	1.75	0.0	0.0
37	__protein3_rbs	2.5	0.0	0.0
37	__ribosome	64.95	0.0	0.0
37	__rnase_site_ext	7.35	0.0	0.0
37	p0	0.9	0.0	0.0
37	p2	0.8	0.0	0.0
37	protein1	35.3	3.3	2.81749995
37	protein2	22.6	3.1	2.61666665
37	protein3	55.35	6.35	2.7889682999999996
37	r2	2.75	0.0	0.0
37	rnapol	0.65	0.0	0.0
38	__protein1_rbs	1.45	0.0	0.0
38	__protein2_rbs	1.15	0.0	0.0
38	__protein3_rbs	2.85	0.0	0.0
38	__ribosome	64.2	0.0	0.0
38	__rnase_site_ext	7.6	0.0	0.0
38	p0	0.95	0.0	0.0
38	p2	0.65	0.0	0.0
38	protein1	37.05	3.35	2.83833335
38	protein2	24.35	3.1	2.7375000000000003
38	protein3	58.55	6.55	2.7408443
38	r2	2.75	0.0	0.0
38	rnapol	0.8	0.0	0.0
39	__protein1_rbs	1.35	0.0	0.0
39	__protein2_rbs	1.35	0.0	0.0
39	__protein3_rbs	2.35	0.0	0.0
39	__ribosome	62.85	0.0	0.0
39	__rnase_site_ext	7.7	0.0	0.0
39	p0	0.95	0.0	0.0
39	p2	0.75	0.0	0.0
39	protein1	38.8	3.45	2.86916665
39	protein2	25.75	3.3	2.6125000499999995
39	protein3	62.05	6.65	2.7804113500000005
39	r2	2.95	0.0	0.0
39	rnapol	0.8	0.0	0.0
40	__protein1_rbs	1.5	0.0	0.0
40	__protein2_rbs	1.65	0.0	0.0
40	__protein3_rbs	3.35	0.0	0.0
40	__ribosome	62.7	0.0	0.0
40	__rnase_site_ext	7.85	0.0	0.0
40	p0	0.95	0.0	0.0
40	p2	0.75	0.0	0.0
40	protein1	41.05	3.5	2.6941667000000002
40	protein2	27.5	3.35	2.6375
40	protein3	65.05	6.95	2.75322515
40	r2	3.0	0.0	0.0
40	rnapol	0.9	0.0	0.0
41	__protein1_rbs	1.4	0.0	0.0
41	__protein2_rbs	1.6	0.0	0.0
41	__protein3_rbs	2.7	0.0	0.0
41	__ribosome	61.45	0.0	0.0
41	__rnase_site_ext	8.0	0.0	0.0
41	p0	0.85	0.0	0.0
41	p2	0.65	0.0	0.0
41	protein1	42.7	3.5	2.81916665
41	protein2	29.2	3.4	2.625
41	protein3	68.35	7.1	2.81035175
41	r2	3.0	0.0	0.0
41	rnapol	0.85	0.0	0.0
42	__protein1_rbs	1.1	0.0	0.0
42	__protein2_rbs	1.55	0.0	0.0
42	__protein3_rbs	2.6	0.0	0.0
42	__ribosome	60.45	0.0	0.0
42	__rnase_site_ext	7.85	0.0	0.0
42	p0	0.9	0.0	0.0
42	p2	0.85	0.0	0.0
42	protein1	44.4	3.6	2.86833325
42	protein2	30.7	3.4	2.6891666
42	protein3	72.0	7.2	2.8401714
42	r2	3.2	0.0	0.0
42	rnapol	0.85	0.0	0.0
43	__protein1_rbs	1.45	0.0	0.0
43	__protein2_rbs	1.2	0.0	0.0
43	__protein3_rbs	3.3	0.0	0.0
43	__ribosome	59.75	0.0	0.0
43	__rnase_site_ext	7.9	0.0	0.0
43	p0	0.9	0.0	0.0
43	p2	0.85	0.0	0.0
43	protein1	46.45	3.55	3.0266667000000003
43	protein2	32.45	3.5	2.76
43	protein3	75.85	7.35	2.8011237999999996
43	r2	3.2	0.0	0.0
43	rnapol	1.05	0.0	0.0
44	__protein1_rbs	1.5	0.0	0.0
44	__protein2_rbs	1.6	0.0	0.0
44	__protein3_rbs	3.1	0.0	0.0
44	__ribosome	59.25	0.0	0.0
44	__rnase_site_ext	7.9	0.0	0.0
44	p0	0.9	0.0	0.0
44	p2	0.8	0.0	0.0
44	protein1	48.15	3.65	3.03416675
44	protein2	34.3	3.55	2.6808332999999998
44	protein3	79.7	7.35	2.8423701
44	r2	3.5	0.0	0.0
44	rnapol	1.2	0.0	0.0
45	__protein1_rbs	1.5	0.0	0.0
45	__protein2_rbs	1.65	0.0	0.0
45	__protein3_rbs	3.6	0.0	0.0
45	__ribosome	58.55	0.0	0.0
45	__rnase_site_ext	8.25	0.0	0.0
45	p0	0.95	0.0	0.0
45	p2	0.5	0.0	0.0
45	protein1	50.05	3.75	2.9541666500000003
45	protein2	35.75	3.55	2.8450000500000003
45	protein3	83.2	7.25	2.86602285
45	r2	3.55	0.0	0.0
45	rnapol	0.95	0.0	0.0
46	__protein1_rbs	1.6	0.0	0.0
46	__protein2_rbs	1.95	0.0	0.0
46	__protein3_rbs	3.3	0.0	0.0
46	__ribosome	58.2	0.0	0.0
46	__rnase_site_ext	8.3	0.0	0.0
46	p0	0.95	0.0	0.0
46	p2	0.55	0.0	0.0
46	protein1	52.0	3.9	2.89499995
46	protein2	37.5	3.65	2.7883333500000003
46	protein3	87.05	7.5	2.7977742
46	r2	3.55	0.0	0.0
46	rnapol	1.05	0.0	0.0
47	__protein1_rbs	1.6	0.0	0.0
47	__protein2_rbs	2.1	0.0	0.0
47	__protein3_rbs	3.0	0.0	0.0
47	__ribosome	58.7	0.0	0.0
47	__rnase_site_ext	8.35	0.0	0.0
47	p0	0.9	0.0	0.0
47	p2	0.75	0.0	0.0
47	protein1	54.2	3.95	2.9033333
47	protein2	39.55	3.65	2.6516667000000003
47	protein3	91.95	7.7	2.71898085
47	r2	3.6	0.0	0.0
47	rnapol	1.05	0.0	0.0
48	__protein1_rbs	1.9	0.0	0.0
48	__protein2_rbs	1.4	0.0	0.0
48	__protein3_rbs	3.65	0.0	0.0
48	__ribosome	57.55	0.0	0.0
48	__rnase_site_ext	8.4	0.0	0.0
48	p0	0.9	0.0	0.0
48	p2	0.75	0.0	0.0
48	protein1	56.25	3.9	2.92750005
48	protein2	41.35	3.75	2.7208333499999995
48	protein3	95.4	7.95	2.6724405
48	r2	3.75	0.0	0.0
48	rnapol	1.0	0.0	0.0
49	__protein1_rbs	1.8	0.0	0.0
49	__protein2_rbs	1.8	0.0	0.0
49	__protein3_rbs	3.7	0.0	0.0
49	__ribosome	57.8	0.0	0.0
49	__rnase_site_ext	8.55	0.0	0.0
49	p0	0.9	0.0	0.0
49	p2	0.75	0.0	0.0
49	protein1	58.35	3.8	2.9375
49	protein2	43.55	3.8	2.66916665
49	protein3	99.9	8.1	2.62240085
49	r2	3.8	0.0	0.0
49	rnapol	1.05	0.0	0.0
50	__protein1_rbs	1.85	0.0	0.0
50	__protein2_rbs	1.4	0.0	0.0
50	__protein3_rbs	3.5	0.0	0.0
50	__ribosome	57.15	0.0	0.0
50	__rnase_site_ext	8.6	0.0	0.0
50	p0	1.0	0.0	0.0
50	p2	0.8	0.0	0.0
50	protein1	60.6	3.95	2.7666667
50	protein2	45.5	3.9	2.6258333
50	protein3	103.45	8.2	2.7077381000000003
50	r2	3.8	0.0	0.0
50	rnapol	1.1	0.0	0.0
51	__protein1_rbs	2.0	0.0	0.0
51	__protein2_rbs	1.55	0.0	0.0
51	__protein3_rbs	4.35	0.0	0.0
51	__ribosome	57.0	0.0	0.0
51	__rnase_site_ext	8.95	0.0	0.0
51	p0	0.8	0.0	0.0
51	p2	0.85	0.0	0.0
51	protein1	62.8	4.0	2.65166665
51	protein2	47.3	3.95	2.7024999
51	protein3	107.3	8.45	2.6240477
51	r2	3.9	0.0	0.0
51	rnapol	0.85	0.0	0.0
52	__protein1_rbs	1.85	0.0	0.0
52	__protein2_rbs	1.85	0.0	0.0
52	__protein3_rbs	3.95	0.0	0.0
52	__ribosome	56.3	0.0	0.0
52	__rnase_site_ext	9.0	0.0	0.0
52	p0	1.0	0.0	0.0
52	p2	0.85	0.0	0.0
52	protein1	65.3	4.2	2.4645238
52	protein2	48.8	4.1	2.73166665
52	protein3	111.5	8.5	2.6657143500000005
52	r2	3.85	0.0	0.0
52	rnapol	0.95	0.0	0.0
53	__protein1_rbs	2.05	0.0	0.0
53	__protein2_rbs	1.65	0.0	0.0
53	__protein3_rbs	3.5	0.0	0.0
53	__ribosome	55.65	0.0	0.0
53	__rnase_site_ext	8.95	0.0	0.0
53	p0	0.95	0.0	0.0
53	p2	0.75	0.0	0.0
53	protein1	67.2	4.15	2.53095235
53	protein2	51.25	4.0	2.75916665
53	protein3	115.95	8.65	2.6794841500000004
53	r2	3.9	0.0	0.0
53	rnapol	1.15	0.0	0.0
54	__protein1_rbs	2.0	0.0	0.0
54	__protein2_rbs	2.25	0.0	0.0
54	__protein3_rbs	4.5	0.0	0.0
54	__ribosome	56.3	0.0	0.0
54	__rnase_site_ext	9.0	0.0	0.0
54	p0	0.95	0.0	0.0
54	p2	0.85	0.0	0.0
54	protein1	69.6	4.15	2.4210714500000003
54	protein2	53.0	4.15	2.6658333999999995
54	protein3	120.3	8.7	2.62387445
54	r2	3.9	0.0	0.0
54	rnapol	1.2	0.0	0.0
55	__protein1_rbs	1.85	0.0	0.0
55	__protein2_rbs	2.0	0.0	0.0
55	__protein3_rbs	3.65	0.0	0.0
55	__ribosome	55.15	0.0	0.0
55	__rnase_site_ext	9.35	0.0	0.0
55	p0	0.85	0.0	0.0
55	p2	0.65	0.0	0.0
55	protein1	71.3	4.05	2.6060714499999995
55	protein2	55.4	4.2	2.5925
55	protein3	124.7	8.95	2.6448808999999995
55	r2	4.05	0.0	0.0
55	rnapol	1.0	0.0	0.0
56	__protein1_rbs	1.85	0.0	0.0
56	__protein2_rbs	1.7	0.0	0.0
56	__protein3_rbs	4.1	0.0	0.0
56	__ribosome	54.25	0.0	0.0
56	__rnase_site_ext	9.55	0.0	0.0
56	p0	0.95	0.0	0.0
56	p2	0.75	0.0	0.0
56	protein1	73.1	4.2	2.5648809500000005
56	protein2	57.25	4.25	2.69166665
56	protein3	129.1	9.05	2.6564520500000004
56	r2	4.1	0.0	0.0
56	rnapol	0.9	0.0	0.0
57	__protein1_rbs	2.5	0.0	0.0
57	__protein2_rbs	2.2	0.0	0.0
57	__protein3_rbs	4.4	0.0	0.0
57	__ribosome	53.95	0.0	0.0
57	__rnase_site_ext	9.65	0.0	0.0
57	p0	0.9	0.0	0.0
57	p2	0.55	0.0	0.0
57	protein1	75.35	4.25	2.47440485
57	protein2	59.4	4.3	2.6191667
57	protein3	133.35	9.3	2.69011895
57	r2	4.2	0.0	0.0
57	rnapol	0.9	0.0	0.0
58	__protein1_rbs	1.75	0.0	0.0
58	__protein2_rbs	1.85	0.0	0.0
58	__protein3_rbs	4.05	0.0	0.0
58	__ribosome	53.2	0.0	0.0
58	__rnase_site_ext	9.6	0.0	0.0
58	p0	0.9	0.0	0.0
58	p2	0.65	0.0	0.0
58	protein1	77.45	4.35	2.4885715
58	protein2	61.8	4.25	2.6983333000000003
58	protein3	138.3	9.35	2.67680585
58	r2	4.2	0.0	0.0
58	rnapol	0.8	0.0	0.0
59	__protein1_rbs	2.15	0.0	0.0
59	__protein2_rbs	2.2	0.0	0.0
59	__protein3_rbs	4.25	0.0	0.0
59	__ribosome	53.35	0.0	0.0
59	__rnase_site_ext	9.65	0.0	0.0
59	p0	1.0	0.0	0.0
59	p2	0.75	0.0	0.0
59	protein1	79.55	4.35	2.4803571
59	protein2	63.95	4.3	2.61499995
59	protein3	143.0	9.35	2.7134946999999987
59	r2	4.35	0.0	0.0
59	rnapol	1.0	0.0	0.0
60	__protein1_rbs	2.15	0.0	0.0
60	__protein2_rbs	2.0	0.0	0.0
60	__protein3_rbs	4.65	0.0	0.0
60	__ribosome	53.25	0.0	0.0
60	__rnase_site_ext	9.65	0.0	0.0
60	p0	1.0	0.0	0.0
60	p2	0.8	0.0	0.0
60	protein1	81.55	4.4	2.51309525
60	protein2	66.2	4.5	2.62702385
60	protein3	147.55	9.45	2.6443341
60	r2	4.4	0.0	0.0
60	rnapol	1.15	0.0	0.0
61	__protein1_rbs	1.95	0.0	0.0
61	__protein2_rbs	2.0	0.0	0.0
61	__protein3_rbs	4.5	0.0	0.0
61	__ribosome	52.85	0.0	0.0
61	__rnase_site_ext	9.6	0.0	0.0
61	p0	0.95	0.0	0.0
61	p2	0.75	0.0	0.0
61	protein1	83.65	4.4	2.6038095
61	protein2	68.5	4.5	2.6113095000000004
61	protein3	152.5	9.55	2.6191353
61	r2	4.4	0.0	0.0
61	rnapol	1.2	0.0	0.0
62	__protein1_rbs	2.0	0.0	0.0
62	__protein2_rbs	2.05	0.0	0.0
62	__protein3_rbs	4.85	0.0	0.0
62	__ribosome	52.5	0.0	0.0
62	__rnase_site_ext	9.85	0.0	0.0
62	p0	0.9	0.0	0.0
62	p2	0.75	0.0	0.0
62	protein1	85.65	4.3	2.885
62	protein2	70.3	4.5	2.66559525
62	protein3	157.5	9.55	2.60505835
62	r2	4.5	0.0	0.0
62	rnapol	1.1	0.0	0.0
63	__protein1_rbs	2.65	0.0	0.0
63	__protein2_rbs	2.05	0.0	0.0
63	__protein3_rbs	4.9	0.0	0.0
63	__ribosome	52.7	0.0	0.0
63	__rnase_site_ext	9.9	0.0	0.0
63	p0	0.95	0.0	0.0
63	p2	0.8	0.0	0.0
63	protein1	87.9	4.4	2.70035715
63	protein2	72.65	4.5	2.6515476000000002
63	protein3	162.25	9.8	2.543856950000001
63	r2	4.5	0.0	0.0
63	rnapol	1.3	0.0	0.0
64	__protein1_rbs	1.95	0.0	0.0
64	__protein2_rbs	2.65	0.0	0.0
64	__protein3_rbs	4.7	0.0	0.0
64	__ribosome	51.7	0.0	0.0
64	__rnase_site_ext	10.1	0.0	0.0
64	p0	0.95	0.0	0.0
64	p2	0.8	0.0	0.0
64	protein1	89.9	4.4	2.7547619
64	protein2	74.4	4.5	2.6555952
64	protein3	166.8	9.9	2.5660319
64	r2	4.55	0.0	0.0
64	rnapol	1.3	0.0	0.0
65	__protein1_rbs	2.5	0.0	0.0
65	__protein2_rbs	2.05	0.0	0.0
65	__protein3_rbs	5.05	0.0	0.0
65	__ribosome	52.2	0.0	0.0
65	__rnase_site_ext	10.4	0.0	0.0
65	p0	0.9	0.0	0.0
65	p2	0.65	0.0	0.0
65	protein1	92.0	4.5	2.68916665
65	protein2	77.0	4.55	2.5559524
65	protein3	171.85	10.05	2.51637635
65	r2	4.65	0.0	0.0
65	rnapol	1.15	0.0	0.0
66	__protein1_rbs	2.15	0.0	0.0
66	__protein2_rbs	2.35	0.0	0.0
66	__protein3_rbs	4.75	0.0	0.0
66	__ribosome	51.3	0.0	0.0
66	__rnase_site_ext	10.3	0.0	0.0
66	p0	0.9	0.0	0.0
66	p2	0.7	0.0	0.0
66	protein1	94.4	4.55	2.6311904999999998
66	protein2	79.3	4.6	2.5034524000000005
66	protein3	176.3	10.25	2.58457425
66	r2	4.8	0.0	0.0
66	rnapol	1.15	0.0	0.0
67	__protein1_rbs	1.95	0.0	0.0
67	__protein2_rbs	2.45	0.0	0.0
67	__protein3_rbs	5.0	0.0	0.0
67	__ribosome	51.6	0.0	0.0
67	__rnase_site_ext	10.4	0.0	0.0
67	p0	0.9	0.0	0.0
67	p2	0.75	0.0	0.0
67	protein1	96.95	4.6	2.54761905
67	protein2	81.7	4.7	2.4390475999999994
67	protein3	181.35	10.35	2.51641605
67	r2	4.8	0.0	0.0
67	rnapol	1.2	0.0	0.0
68	__protein1_rbs	2.55	0.0	0.0
68	__protein2_rbs	2.2	0.0	0.0
68	__protein3_rbs	5.35	0.0	0.0
68	__ribosome	51.7	0.0	0.0
68	__rnase_site_ext	10.4	0.0	0.0
68	p0	0.9	0.0	0.0
68	p2	0.9	0.0	0.0
68	protein1	98.9	4.65	2.4997024
68	protein2	84.05	4.65	2.48809525
68	protein3	186.4	10.65	2.42518215
68	r2	4.75	0.0	0.0
68	rnapol	1.3	0.0	0.0
69	__protein1_rbs	2.4	0.0	0.0
69	__protein2_rbs	1.9	0.0	0.0
69	__protein3_rbs	5.15	0.0	0.0
69	__ribosome	50.95	0.0	0.0
69	__rnase_site_ext	10.5	0.0	0.0
69	p0	0.95	0.0	0.0
69	p2	0.8	0.0	0.0
69	protein1	101.2	4.65	2.5067857000000004
69	protein2	86.05	4.55	2.6940476
69	protein3	191.35	10.55	2.45533375
69	r2	4.75	0.0	0.0
69	rnapol	1.2	0.0	0.0
70	__protein1_rbs	2.4	0.0	0.0
70	__protein2_rbs	2.0	0.0	0.0
70	__protein3_rbs	5.6	0.0	0.0
70	__ribosome	50.5	0.0	0.0
70	__rnase_site_ext	10.65	0.0	0.0
70	p0	0.85	0.0	0.0
70	p2	0.75	0.0	0.0
70	protein1	103.4	4.7	2.5290475999999997
70	protein2	87.85	4.55	2.82369045
70	protein3	196.35	10.5	2.4390830500000003
70	r2	4.85	0.0	0.0
70	rnapol	1.15	0.0	0.0
71	__protein1_rbs	2.25	0.0	0.0
71	__protein2_rbs	2.55	0.0	0.0
71	__protein3_rbs	4.55	0.0	0.0
71	__ribosome	50.2	0.0	0.0
71	__rnase_site_ext	10.85	0.0	0.0
71	p0	0.95	0.0	0.0
71	p2	0.75	0.0	0.0
71	protein1	105.85	4.75	2.4958332999999997
71	protein2	90.4	4.65	2.6555952
71	protein3	201.3	10.55	2.48784325
71	r2	4.9	0.0	0.0
71	rnapol	1.2	0.0	0.0
72	__protein1_rbs	2.55	0.0	0.0
72	__protein2_rbs	2.6	0.0	0.0
72	__protein3_rbs	5.4	0.0	0.0
72	__ribosome	50.4	0.0	0.0
72	__rnase_site_ext	10.85	0.0	0.0
72	p0	0.9	0.0	0.0
72	p2	0.75	0.0	0.0
72	protein1	108.3	4.9	2.4295237999999992
72	protein2	92.5	4.7	2.5947619000000004
72	protein3	206.65	10.75	2.4483843
72	r2	4.95	0.0	0.0
72	rnapol	1.4	0.0	0.0
73	__protein1_rbs	2.45	0.0	0.0
73	__protein2_rbs	2.25	0.0	0.0
73	__protein3_rbs	5.0	0.0	0.0
73	__ribosome	49.3	0.0	0.0
73	__rnase_site_ext	11.15	0.0	0.0
73	p0	0.9	0.0	0.0
73	p2	0.65	0.0	0.0
73	protein1	110.2	5.0	2.48285715
73	protein2	95.2	4.75	2.5336905
73	protein3	211.7	10.95	2.476394
73	r2	4.95	0.0	0.0
73	rnapol	1.25	0.0	0.0
74	__protein1_rbs	2.5	0.0	0.0
74	__protein2_rbs	2.4	0.0	0.0
74	__protein3_rbs	5.4	0.0	0.0
74	__ribosome	49.1	0.0	0.0
74	__rnase_site_ext	11.3	0.0	0.0
74	p0	0.85	0.0	0.0
74	p2	0.85	0.0	0.0
74	protein1	112.4	5.05	2.5577382
74	protein2	97.75	4.75	2.52583335
74	protein3	216.9	11.1	2.42857915
74	r2	4.85	0.0	0.0
74	rnapol	1.3	0.0	0.0
75	__protein1_rbs	2.85	0.0	0.0
75	__protein2_rbs	2.5	0.0	0.0
75	__protein3_rbs	5.55	0.0	0.0
75	__ribosome	48.1	0.0	0.0
75	__rnase_site_ext	11.5	0.0	0.0
75	p0	0.9	0.0	0.0
75	p2	0.75	0.0	0.0
75	protein1	114.9	5.0	2.49666665
75	protein2	99.75	4.9	2.59047615
75	protein3	221.4	11.2	2.47798365
75	r2	4.85	0.0	0.0
75	rnapol	1.0	0.0	0.0
76	__protein1_rbs	2.7	0.0	0.0
76	__protein2_rbs	2.2	0.0	0.0
76	__protein3_rbs	5.55	0.0	0.0
76	__ribosome	47.1	0.0	0.0
76	__rnase_site_ext	11.6	0.0	0.0
76	p0	0.9	0.0	0.0
76	p2	0.75	0.0	0.0
76	protein1	117.25	5.15	2.41535725
76	protein2	101.8	5.0	2.59577375
76	protein3	226.7	11.25	2.5128110500000007
76	r2	4.9	0.0	0.0
76	rnapol	0.8	0.0	0.0
77	__protein1_rbs	2.0	0.0	0.0
77	__protein2_rbs	2.6	0.0	0.0
77	__protein3_rbs	6.05	0.0	0.0
77	__ribosome	47.3	0.0	0.0
77	__rnase_site_ext	11.7	0.0	0.0
77	p0	0.95	0.0	0.0
77	p2	0.8	0.0	0.0
77	protein1	119.7	5.1	2.5415476000000004
77	protein2	104.3	5.1	2.5005952000000002
77	protein3	232.25	11.4	2.44221835
77	r2	4.9	0.0	0.0
77	rnapol	0.9	0.0	0.0
78	__protein1_rbs	2.55	0.0	0.0
78	__protein2_rbs	2.6	0.0	0.0
78	__protein3_rbs	5.85	0.0	0.0
78	__ribosome	46.6	0.0	0.0
78	__rnase_site_ext	11.85	0.0	0.0
78	p0	0.9	0.0	0.0
78	p2	0.75	0.0	0.0
78	protein1	122.1	5.2	2.5243452
78	protein2	106.75	5.1	2.4913690500000003
78	protein3	237.55	11.55	2.4764647999999996
78	r2	5.05	0.0	0.0
78	rnapol	0.85	0.0	0.0
79	__protein1_rbs	2.95	0.0	0.0
79	__protein2_rbs	2.7	0.0	0.0
79	__protein3_rbs	6.0	0.0	0.0
79	__ribosome	47.45	0.0	0.0
79	__rnase_site_ext	11.9	0.0	0.0
79	p0	0.9	0.0	0.0
79	p2	0.75	0.0	0.0
79	protein1	124.55	5.25	2.4029762000000003
79	protein2	109.2	5.2	2.4210118500000006
79	protein3	243.3	11.55	2.423118
79	r2	5.1	0.0	0.0
79	rnapol	0.75	0.0	0.0
80	__protein1_rbs	3.3	0.0	0.0
80	__protein2_rbs	2.95	0.0	0.0
80	__protein3_rbs	5.75	0.0	0.0
80	__ribosome	47.05	0.0	0.0
80	__rnase_site_ext	12.0	0.0	0.0
80	p0	0.95	0.0	0.0
80	p2	0.65	0.0	0.0
80	protein1	126.75	5.3	2.35380955
80	protein2	111.3	5.25	2.4285715
80	protein3	248.95	11.6	2.4787274000000004
80	r2	5.05	0.0	0.0
80	rnapol	0.9	0.0	0.0
81	__protein1_rbs	2.7	0.0	0.0
81	__protein2_rbs	2.45	0.0	0.0
81	__protein3_rbs	5.45	0.0	0.0
81	__ribosome	45.9	0.0	0.0
81	__rnase_site_ext	12.05	0.0	0.0
81	p0	1.0	0.0	0.0
81	p2	0.7	0.0	0.0
81	protein1	128.9	5.35	2.4774405
81	protein2	114.2	5.3	2.40136905
81	protein3	254.2	11.65	2.517046100000001
81	r2	5.15	0.0	0.0
81	rnapol	0.85	0.0	0.0
82	__protein1_rbs	3.0	0.0	0.0
82	__protein2_rbs	2.75	0.0	0.0
82	__protein3_rbs	5.15	0.0	0.0
82	__ribosome	44.65	0.0	0.0
82	__rnase_site_ext	12.1	0.0	0.0
82	p0	1.0	0.0	0.0
82	p2	0.65	0.0	0.0
82	protein1	131.9	5.4	2.3205357500000003
82	protein2	116.25	5.4	2.4375596
82	protein3	259.45	11.75	2.60202835
82	r2	5.25	0.0	0.0
82	rnapol	0.9	0.0	0.0
83	__protein1_rbs	2.7	0.0	0.0
83	__protein2_rbs	2.65	0.0	0.0
83	__protein3_rbs	6.35	0.0	0.0
83	__ribosome	44.65	0.0	0.0
83	__rnase_site_ext	12.1	0.0	0.0
83	p0	0.9	0.0	0.0
83	p2	0.8	0.0	0.0
83	protein1	134.25	5.4	2.3417262
83	protein2	118.5	5.5	2.45654765
83	protein3	265.1	11.95	2.5330953000000003
83	r2	5.3	0.0	0.0
83	rnapol	0.95	0.0	0.0
84	__protein1_rbs	2.5	0.0	0.0
84	__protein2_rbs	2.8	0.0	0.0
84	__protein3_rbs	6.3	0.0	0.0
84	__ribosome	44.6	0.0	0.0
84	__rnase_site_ext	12.15	0.0	0.0
84	p0	1.0	0.0	0.0
84	p2	0.7	0.0	0.0
84	protein1	136.7	5.25	2.44898805
84	protein2	121.35	5.5	2.3708332999999997
84	protein3	270.75	12.1	2.5190347
84	r2	5.4	0.0	0.0
84	rnapol	1.0	0.0	0.0
85	__protein1_rbs	2.95	0.0	0.0
85	__protein2_rbs	3.45	0.0	0.0
85	__protein3_rbs	6.25	0.0	0.0
85	__ribosome	45.05	0.0	0.0
85	__rnase_site_ext	12.15	0.0	0.0
85	p0	0.95	0.0	0.0
85	p2	0.75	0.0	0.0
85	protein1	138.95	5.35	2.4090476
85	protein2	123.45	5.5	2.36146835
85	protein3	277.0	12.2	2.45425585
85	r2	5.45	0.0	0.0
85	rnapol	1.05	0.0	0.0
86	__protein1_rbs	2.75	0.0	0.0
86	__protein2_rbs	2.55	0.0	0.0
86	__protein3_rbs	5.7	0.0	0.0
86	__ribosome	44.1	0.0	0.0
86	__rnase_site_ext	12.2	0.0	0.0
86	p0	1.0	0.0	0.0
86	p2	0.65	0.0	0.0
86	protein1	141.55	5.25	2.4275793500000007
86	protein2	126.3	5.55	2.35702385
86	protein3	282.55	12.25	2.529311200000001
86	r2	5.45	0.0	0.0
86	rnapol	1.0	0.0	0.0
87	__protein1_rbs	2.9	0.0	0.0
87	__protein2_rbs	3.05	0.0	0.0
87	__protein3_rbs	5.45	0.0	0.0
87	__ribosome	44.2	0.0	0.0
87	__rnase_site_ext	12.3	0.0	0.0
87	p0	0.8	0.0	0.0
87	p2	0.7	0.0	0.0
87	protein1	143.9	5.2	2.4558928
87	protein2	128.75	5.65	2.28797615
87	protein3	288.4	12.3	2.5254754000000004
87	r2	5.6	0.0	0.0
87	rnapol	0.8	0.0	0.0
88	__protein1_rbs	2.45	0.0	0.0
88	__protein2_rbs	2.75	0.0	0.0
88	__protein3_rbs	6.1	0.0	0.0
88	__ribosome	42.65	0.0	0.0
88	__rnase_site_ext	12.45	0.0	0.0
88	p0	0.85	0.0	0.0
88	p2	0.8	0.0	0.0
88	protein1	146.0	5.2	2.5443452
88	protein2	131.15	5.75	2.36874995
88	protein3	294.05	12.4	2.53673405
88	r2	5.65	0.0	0.0
88	rnapol	0.9	0.0	0.0
89	__protein1_rbs	2.8	0.0	0.0
89	__protein2_rbs	3.0	0.0	0.0
89	__protein3_rbs	6.95	0.0	0.0
89	__ribosome	43.3	0.0	0.0
89	__rnase_site_ext	12.7	0.0	0.0
89	p0	0.85	0.0	0.0
89	p2	0.55	0.0	0.0
89	protein1	148.85	5.35	2.4257143
89	protein2	133.85	5.8	2.37803575
89	protein3	300.0	12.55	2.47639975
89	r2	5.6	0.0	0.0
89	rnapol	0.85	0.0	0.0
90	__protein1_rbs	2.75	0.0	0.0
90	__protein2_rbs	3.0	0.0	0.0
90	__protein3_rbs	6.3	0.0	0.0
90	__ribosome	42.75	0.0	0.0
90	__rnase_site_ext	12.85	0.0	0.0
90	p0	0.9	0.0	0.0
90	p2	0.85	0.0	0.0
90	protein1	151.4	5.4	2.34450395
90	protein2	135.75	5.75	2.5353571500000003
90	protein3	306.35	12.65	2.4519227500000005
90	r2	5.7	0.0	0.0
90	rnapol	0.85	0.0	0.0
91	__protein1_rbs	3.3	0.0	0.0
91	__protein2_rbs	2.6	0.0	0.0
91	__protein3_rbs	6.35	0.0	0.0
91	__ribosome	42.4	0.0	0.0
91	__rnase_site_ext	13.1	0.0	0.0
91	p0	0.95	0.0	0.0
91	p2	0.75	0.0	0.0
91	protein1	153.6	5.7	2.26353165
91	protein2	138.55	5.65	2.61541665
91	protein3	312.25	12.85	2.41962215
91	r2	5.75	0.0	0.0
91	rnapol	0.9	0.0	0.0
92	__protein1_rbs	3.2	0.0	0.0
92	__protein2_rbs	3.15	0.0	0.0
92	__protein3_rbs	6.85	0.0	0.0
92	__ribosome	42.6	0.0	0.0
92	__rnase_site_ext	12.9	0.0	0.0
92	p0	0.9	0.0	0.0
92	p2	0.6	0.0	0.0
92	protein1	156.05	5.8	2.24625
92	protein2	141.05	5.65	2.4781548
92	protein3	318.15	13.05	2.3742876
92	r2	5.85	0.0	0.0
92	rnapol	0.9	0.0	0.0
93	__protein1_rbs	2.55	0.0	0.0
93	__protein2_rbs	2.8	0.0	0.0
93	__protein3_rbs	7.6	0.0	0.0
93	__ribosome	42.55	0.0	0.0
93	__rnase_site_ext	13.1	0.0	0.0
93	p0	0.75	0.0	0.0
93	p2	0.8	0.0	0.0
93	protein1	158.85	5.75	2.4174008
93	protein2	144.0	5.7	2.4466071499999997
93	protein3	324.05	13.05	2.3453671000000003
93	r2	5.95	0.0	0.0
93	rnapol	0.9	0.0	0.0
94	__protein1_rbs	3.1	0.0	0.0
94	__protein2_rbs	3.3	0.0	0.0
94	__protein3_rbs	6.75	0.0	0.0
94	__ribosome	42.25	0.0	0.0
94	__rnase_site_ext	13.0	0.0	0.0
94	p0	0.9	0.0	0.0
94	p2	0.65	0.0	0.0
94	protein1	160.9	5.65	2.4313095
94	protein2	146.85	5.65	2.38890875
94	protein3	329.95	13.15	2.3807095
94	r2	5.9	0.0	0.0
94	rnapol	0.95	0.0	0.0
95	__protein1_rbs	3.15	0.0	0.0
95	__protein2_rbs	3.35	0.0	0.0
95	__protein3_rbs	6.8	0.0	0.0
95	__ribosome	42.95	0.0	0.0
95	__rnase_site_ext	13.25	0.0	0.0
95	p0	0.95	0.0	0.0
95	p2	0.85	0.0	0.0
95	protein1	163.55	5.75	2.3804167
95	protein2	149.45	5.55	2.3948016
95	protein3	336.15	13.15	2.3696896
95	r2	5.9	0.0	0.0
95	rnapol	0.95	0.0	0.0
96	__protein1_rbs	2.9	0.0	0.0
96	__protein2_rbs	2.65	0.0	0.0
96	__protein3_rbs	7.65	0.0	0.0
96	__ribosome	42.55	0.0	0.0
96	__rnase_site_ext	13.2	0.0	0.0
96	p0	1.0	0.0	0.0
96	p2	0.7	0.0	0.0
96	protein1	166.1	5.8	2.4442062999999994
96	protein2	152.25	5.75	2.3413691
96	protein3	341.9	13.35	2.3111585999999997
96	r2	5.8	0.0	0.0
96	rnapol	1.05	0.0	0.0
97	__protein1_rbs	3.3	0.0	0.0
97	__protein2_rbs	3.3	0.0	0.0
97	__protein3_rbs	6.15	0.0	0.0
97	__ribosome	41.5	0.0	0.0
97	__rnase_site_ext	13.25	0.0	0.0
97	p0	1.0	0.0	0.0
97	p2	0.9	0.0	0.0
97	protein1	168.4	5.9	2.43140875
97	protein2	154.9	5.85	2.2785119
97	protein3	347.8	13.3	2.4132162999999998
97	r2	5.8	0.0	0.0
97	rnapol	1.25	0.0	0.0
98	__protein1_rbs	3.2	0.0	0.0
98	__protein2_rbs	3.25	0.0	0.0
98	__protein3_rbs	7.9	0.0	0.0
98	__ribosome	43.15	0.0	0.0
98	__rnase_site_ext	13.25	0.0	0.0
98	p0	1.0	0.0	0.0
98	p2	0.8	0.0	0.0
98	protein1	171.35	5.8	2.32380955
98	protein2	157.45	6.0	2.2106547
98	protein3	354.2	13.5	2.29345865
98	r2	5.85	0.0	0.0
98	rnapol	1.2	0.0	0.0
99	__protein1_rbs	2.7	0.0	0.0
99	__protein2_rbs	3.05	0.0	0.0
99	__protein3_rbs	7.25	0.0	0.0
99	__ribosome	41.75	0.0	0.0
99	__rnase_site_ext	13.5	0.0	0.0
99	p0	0.9	0.0	0.0
99	p2	0.9	0.0	0.0
99	protein1	174.55	5.75	2.3165476000000003
99	protein2	159.85	6.05	2.30470235
99	protein3	359.8	13.5	2.36777535
99	r2	5.9	0.0	0.0
99	rnapol	1.15	0.0	0.0
100	__protein1_rbs	3.3	0.0	0.0
100	__protein2_rbs	3.6	0.0	0.0
100	__protein3_rbs	7.5	0.0	0.0
100	__ribosome	42.35	0.0	0.0
100	__rnase_site_ext	13.55	0.0	0.0
100	p0	0.9	0.0	0.0
100	p2	0.8	0.0	0.0
100	protein1	177.0	5.7	2.37249995
100	protein2	162.25	6.1	2.2325197999999995
100	protein3	366.0	13.7	2.3013445
100	r2	5.85	0.0	0.0
100	rnapol	1.2	0.0	0.0
101	__protein1_rbs	2.95	0.0	0.0
101	__protein2_rbs	3.3	0.0	0.0
101	__protein3_rbs	7.1	0.0	0.0
101	__ribosome	41.6	0.0	0.0
101	__rnase_site_ext	13.75	0.0	0.0
101	p0	0.85	0.0	0.0
101	p2	0.85	0.0	0.0
101	protein1	179.65	5.8	2.3272619500000005
101	protein2	164.9	6.1	2.31513885
101	protein3	371.95	13.65	2.3280517999999994
101	r2	5.9	0.0	0.0
101	rnapol	1.15	0.0	0.0
102	__protein1_rbs	3.2	0.0	0.0
102	__protein2_rbs	3.3	0.0	0.0
102	__protein3_rbs	7.95	0.0	0.0
102	__ribosome	42.15	0.0	0.0
102	__rnase_site_ext	13.75	0.0	0.0
102	p0	1.0	0.0	0.0
102	p2	0.85	0.0	0.0
102	protein1	181.95	5.85	2.3339881
102	protein2	167.35	6.2	2.38055555
102	protein3	378.65	13.75	2.2173910500000003
102	r2	6.05	0.0	0.0
102	rnapol	1.2	0.0	0.0
103	__protein1_rbs	3.15	0.0	0.0
103	__protein2_rbs	3.6	0.0	0.0
103	__protein3_rbs	7.55	0.0	0.0
103	__ribosome	41.65	0.0	0.0
103	__rnase_site_ext	13.8	0.0	0.0
103	p0	0.95	0.0	0.0
103	p2	0.55	0.0	0.0
103	protein1	184.6	5.9	2.3048214
103	protein2	170.3	6.35	2.22577375
103	protein3	383.95	13.8	2.2897060500000004
103	r2	6.25	0.0	0.0
103	rnapol	0.95	0.0	0.0
104	__protein1_rbs	3.3	0.0	0.0
104	__protein2_rbs	3.15	0.0	0.0
104	__protein3_rbs	7.95	0.0	0.0
104	__ribosome	41.85	0.0	0.0
104	__rnase_site_ext	13.95	0.0	0.0
104	p0	0.85	0.0	0.0
104	p2	0.5	0.0	0.0
104	protein1	187.15	5.9	2.2754761999999995
104	protein2	172.8	6.35	2.3054762
104	protein3	390.6	13.85	2.2165117999999997
104	r2	6.25	0.0	0.0
104	rnapol	0.85	0.0	0.0
105	__protein1_rbs	3.3	0.0	0.0
105	__protein2_rbs	3.05	0.0	0.0
105	__protein3_rbs	6.9	0.0	0.0
105	__ribosome	40.4	0.0	0.0
105	__rnase_site_ext	14.0	0.0	0.0
105	p0	0.85	0.0	0.0
105	p2	0.7	0.0	0.0
105	protein1	189.75	5.8	2.27250005
105	protein2	175.6	6.4	2.3749206000000003
105	protein3	396.85	14.05	2.266075
105	r2	6.25	0.0	0.0
105	rnapol	0.75	0.0	0.0
106	__protein1_rbs	3.5	0.0	0.0
106	__protein2_rbs	3.2	0.0	0.0
106	__protein3_rbs	7.05	0.0	0.0
106	__ribosome	39.85	0.0	0.0
106	__rnase_site_ext	14.0	0.0	0.0
106	p0	0.85	0.0	0.0
106	p2	0.7	0.0	0.0
106	protein1	192.25	5.9	2.18017855
106	protein2	178.4	6.4	2.41101185
106	protein3	403.1	14.3	2.2567235000000005
106	r2	6.35	0.0	0.0
106	rnapol	0.8	0.0	0.0
107	__protein1_rbs	3.0	0.0	0.0
107	__protein2_rbs	3.75	0.0	0.0
107	__protein3_rbs	7.45	0.0	0.0
107	__ribosome	38.55	0.0	0.0
107	__rnase_site_ext	14.05	0.0	0.0
107	p0	1.0	0.0	0.0
107	p2	0.65	0.0	0.0
107	protein1	194.95	5.9	2.19630955
107	protein2	181.05	6.5	2.3858333499999995
107	protein3	408.35	14.35	2.3378289000000003
107	r2	6.55	0.0	0.0
107	rnapol	0.75	0.0	0.0
108	__protein1_rbs	3.9	0.0	0.0
108	__protein2_rbs	3.85	0.0	0.0
108	__protein3_rbs	8.05	0.0	0.0
108	__ribosome	39.85	0.0	0.0
108	__rnase_site_ext	14.0	0.0	0.0
108	p0	0.95	0.0	0.0
108	p2	0.55	0.0	0.0
108	protein1	197.7	6.05	2.0101984
108	protein2	184.3	6.4	2.2831547000000003
108	protein3	414.35	14.55	2.3265212
108	r2	6.6	0.0	0.0
108	rnapol	0.7	0.0	0.0
109	__protein1_rbs	3.0	0.0	0.0
109	__protein2_rbs	3.6	0.0	0.0
109	__protein3_rbs	7.9	0.0	0.0
109	__ribosome	39.2	0.0	0.0
109	__rnase_site_ext	14.05	0.0	0.0
109	p0	1.0	0.0	0.0
109	p2	0.75	0.0	0.0
109	protein1	199.75	5.9	2.16474215
109	protein2	186.95	6.3	2.3326190500000004
109	protein3	420.6	14.5	2.3396884999999994
109	r2	6.7	0.0	0.0
109	rnapol	0.9	0.0	0.0
110	__protein1_rbs	2.95	0.0	0.0
110	__protein2_rbs	3.5	0.0	0.0
110	__protein3_rbs	7.75	0.0	0.0
110	__ribosome	39.25	0.0	0.0
110	__rnase_site_ext	14.05	0.0	0.0
110	p0	0.85	0.0	0.0
110	p2	0.75	0.0	0.0
110	protein1	202.3	5.9	2.2188492
110	protein2	189.95	6.4	2.2598215
110	protein3	427.2	14.8	2.2836379
110	r2	6.6	0.0	0.0
110	rnapol	0.8	0.0	0.0
111	__protein1_rbs	3.4	0.0	0.0
111	__protein2_rbs	4.15	0.0	0.0
111	__protein3_rbs	8.55	0.0	0.0
111	__ribosome	41.25	0.0	0.0
111	__rnase_site_ext	14.3	0.0	0.0
111	p0	0.85	0.0	0.0
111	p2	0.65	0.0	0.0
111	protein1	204.75	6.0	2.1970635
111	protein2	193.15	6.35	2.1129961
111	protein3	434.25	14.7	2.23045875
111	r2	6.6	0.0	0.0
111	rnapol	0.8	0.0	0.0
112	__protein1_rbs	3.55	0.0	0.0
112	__protein2_rbs	3.6	0.0	0.0
112	__protein3_rbs	7.85	0.0	0.0
112	__ribosome	40.85	0.0	0.0
112	__rnase_site_ext	14.4	0.0	0.0
112	p0	0.9	0.0	0.0
112	p2	0.85	0.0	0.0
112	protein1	206.95	6.1	2.20345245
112	protein2	196.0	6.25	2.13744045
112	protein3	440.75	14.8	2.2133325
112	r2	6.65	0.0	0.0
112	rnapol	0.95	0.0	0.0
113	__protein1_rbs	2.75	0.0	0.0
113	__protein2_rbs	3.95	0.0	0.0
113	__protein3_rbs	7.6	0.0	0.0
113	__ribosome	39.6	0.0	0.0
113	__rnase_site_ext	14.4	0.0	0.0
113	p0	0.85	0.0	0.0
113	p2	0.9	0.0	0.0
113	protein1	209.25	6.15	2.3738889000000003
113	protein2	198.55	6.3	2.0954365500000005
113	protein3	447.65	15.0	2.21790395
113	r2	6.5	0.0	0.0
113	rnapol	0.95	0.0	0.0
114	__protein1_rbs	3.45	0.0	0.0
114	__protein2_rbs	3.45	0.0	0.0
114	__protein3_rbs	8.2	0.0	0.0
114	__ribosome	39.25	0.0	0.0
114	__rnase_site_ext	14.75	0.0	0.0
114	p0	0.9	0.0	0.0
114	p2	0.75	0.0	0.0
114	protein1	212.3	6.15	2.2949007000000003
114	protein2	201.3	6.55	2.1024008499999995
114	protein3	453.75	14.95	2.2605357999999995
114	r2	6.5	0.0	0.0
114	rnapol	0.65	0.0	0.0
115	__protein1_rbs	3.5	0.0	0.0
115	__protein2_rbs	3.75	0.0	0.0
115	__protein3_rbs	8.05	0.0	0.0
115	__ribosome	38.6	0.0	0.0
115	__rnase_site_ext	14.7	0.0	0.0
115	p0	1.0	0.0	0.0
115	p2	0.85	0.0	0.0
115	protein1	215.05	6.35	2.2454959999999997
115	protein2	203.9	6.5	2.11557535
115	protein3	459.85	15.1	2.27931475
115	r2	6.7	0.0	0.0
115	rnapol	0.9	0.0	0.0
116	__protein1_rbs	3.8	0.0	0.0
116	__protein2_rbs	3.75	0.0	0.0
116	__protein3_rbs	9.15	0.0	0.0
116	__ribosome	38.8	0.0	0.0
116	__rnase_site_ext	14.8	0.0	0.0
116	p0	0.9	0.0	0.0
116	p2	0.6	0.0	0.0
116	protein1	217.3	6.4	2.22513885
116	protein2	206.65	6.6	2.0614683
116	protein3	466.3	15.0	2.2778287
116	r2	6.65	0.0	0.0
116	rnapol	0.9	0.0	0.0
117	__protein1_rbs	3.25	0.0	0.0
117	__protein2_rbs	3.65	0.0	0.0
117	__protein3_rbs	7.9	0.0	0.0
117	__ribosome	37.5	0.0	0.0
117	__rnase_site_ext	15.0	0.0	0.0
117	p0	0.85	0.0	0.0
117	p2	0.8	0.0	0.0
117	protein1	220.05	6.4	2.30283725
117	protein2	209.05	6.6	2.1563294
117	protein3	472.9	15.05	2.28800135
117	r2	6.75	0.0	0.0
117	rnapol	0.9	0.0	0.0
118	__protein1_rbs	3.7	0.0	0.0
118	__protein2_rbs	3.45	0.0	0.0
118	__protein3_rbs	8.55	0.0	0.0
118	__ribosome	37.8	0.0	0.0
118	__rnase_site_ext	15.1	0.0	0.0
118	p0	0.9	0.0	0.0
118	p2	0.75	0.0	0.0
118	protein1	223.3	6.4	2.32499995
118	protein2	211.7	6.45	2.28099205
118	protein3	479.5	15.35	2.2383892999999997
118	r2	6.9	0.0	0.0
118	rnapol	0.9	0.0	0.0
119	__protein1_rbs	3.55	0.0	0.0
119	__protein2_rbs	3.9	0.0	0.0
119	__protein3_rbs	9.15	0.0	0.0
119	__ribosome	38.5	0.0	0.0
119	__rnase_site_ext	14.9	0.0	0.0
119	p0	1.0	0.0	0.0
119	p2	0.85	0.0	0.0
119	protein1	225.85	6.6	2.2397421000000004
119	protein2	214.45	6.55	2.23847225
119	protein3	486.5	15.3	2.191577
119	r2	7.0	0.0	0.0
119	rnapol	1.1	0.0	0.0
120	__protein1_rbs	3.7	0.0	0.0
120	__protein2_rbs	3.7	0.0	0.0
120	__protein3_rbs	8.0	0.0	0.0
120	__ribosome	37.3	0.0	0.0
120	__rnase_site_ext	14.95	0.0	0.0
120	p0	0.85	0.0	0.0
120	p2	0.7	0.0	0.0
120	protein1	228.6	6.55	2.2484325000000003
120	protein2	217.05	6.6	2.2902381000000003
120	protein3	493.15	15.3	2.23391785
120	r2	6.8	0.0	0.0
120	rnapol	0.95	0.0	0.0
121	__protein1_rbs	3.8	0.0	0.0
121	__protein2_rbs	4.1	0.0	0.0
121	__protein3_rbs	8.85	0.0	0.0
121	__ribosome	37.25	0.0	0.0
121	__rnase_site_ext	14.9	0.0	0.0
121	p0	0.95	0.0	0.0
121	p2	0.7	0.0	0.0
121	protein1	231.05	6.55	2.3000595
121	protein2	220.0	6.5	2.19986115
121	protein3	499.4	15.2	2.27476885
121	r2	6.9	0.0	0.0
121	rnapol	1.05	0.0	0.0
122	__protein1_rbs	3.55	0.0	0.0
122	__protein2_rbs	4.3	0.0	0.0
122	__protein3_rbs	8.45	0.0	0.0
122	__ribosome	37.3	0.0	0.0
122	__rnase_site_ext	15.05	0.0	0.0
122	p0	0.7	0.0	0.0
122	p2	0.75	0.0	0.0
122	protein1	234.05	6.65	2.23984125
122	protein2	222.75	6.6	2.11478175
122	protein3	505.55	15.25	2.2781947
122	r2	6.9	0.0	0.0
122	rnapol	0.75	0.0	0.0
123	__protein1_rbs	4.15	0.0	0.0
123	__protein2_rbs	3.35	0.0	0.0
123	__protein3_rbs	9.5	0.0	0.0
123	__ribosome	38.0	0.0	0.0
123	__rnase_site_ext	15.25	0.0	0.0
123	p0	1.0	0.0	0.0
123	p2	0.7	0.0	0.0
123	protein1	236.4	6.7	2.24109125
123	protein2	225.65	6.7	2.16801585
123	protein3	512.95	15.35	2.17065045
123	r2	6.85	0.0	0.0
123	rnapol	0.8	0.0	0.0
124	__protein1_rbs	3.9	0.0	0.0
124	__protein2_rbs	3.65	0.0	0.0
124	__protein3_rbs	8.1	0.0	0.0
124	__ribosome	37.85	0.0	0.0
124	__rnase_site_ext	15.15	0.0	0.0
124	p0	0.95	0.0	0.0
124	p2	0.95	0.0	0.0
124	protein1	239.55	6.95	2.1701118
124	protein2	228.4	6.75	2.1921825
124	protein3	520.05	15.4	2.1723621
124	r2	6.85	0.0	0.0
124	rnapol	1.0	0.0	0.0
125	__protein1_rbs	3.8	0.0	0.0
125	__protein2_rbs	4.1	0.0	0.0
125	__protein3_rbs	8.5	0.0	0.0
125	__ribosome	38.05	0.0	0.0
125	__rnase_site_ext	15.5	0.0	0.0
125	p0	0.9	0.0	0.0
125	p2	0.65	0.0	0.0
125	protein1	242.0	6.95	2.1976928999999994
125	protein2	231.35	6.7	2.17930555
125	protein3	526.85	15.3	2.1673403
125	r2	6.95	0.0	0.0
125	rnapol	0.7	0.0	0.0
126	__protein1_rbs	3.95	0.0	0.0
126	__protein2_rbs	3.7	0.0	0.0
126	__protein3_rbs	8.8	0.0	0.0
126	__ribosome	36.95	0.0	0.0
126	__rnase_site_ext	15.4	0.0	0.0
126	p0	0.85	0.0	0.0
126	p2	0.9	0.0	0.0
126	protein1	244.8	7.1	2.2010083
126	protein2	234.05	6.75	2.17327385
126	protein3	532.8	15.35	2.2123044
126	r2	6.9	0.0	0.0
126	rnapol	0.75	0.0	0.0
127	__protein1_rbs	4.1	0.0	0.0
127	__protein2_rbs	3.75	0.0	0.0
127	__protein3_rbs	8.45	0.0	0.0
127	__ribosome	36.4	0.0	0.0
127	__rnase_site_ext	15.35	0.0	0.0
127	p0	1.0	0.0	0.0
127	p2	0.8	0.0	0.0
127	protein1	247.9	7.2	2.17779215
127	protein2	236.35	6.95	2.2731746
127	protein3	539.55	15.4	2.185188
127	r2	7.15	0.0	0.0
127	rnapol	0.9	0.0	0.0
128	__protein1_rbs	3.9	0.0	0.0
128	__protein2_rbs	3.9	0.0	0.0
128	__protein3_rbs	8.25	0.0	0.0
128	__ribosome	34.4	0.0	0.0
128	__rnase_site_ext	15.35	0.0	0.0
128	p0	0.9	0.0	0.0
128	p2	0.65	0.0	0.0
128	protein1	250.3	7.15	2.21896825
128	protein2	239.1	6.95	2.2675397
128	protein3	545.3	15.3	2.27996865
128	r2	7.15	0.0	0.0
128	rnapol	0.85	0.0	0.0
129	__protein1_rbs	4.5	0.0	0.0
129	__protein2_rbs	4.0	0.0	0.0
129	__protein3_rbs	8.15	0.0	0.0
129	__ribosome	35.9	0.0	0.0
129	__rnase_site_ext	15.6	0.0	0.0
129	p0	0.95	0.0	0.0
129	p2	0.75	0.0	0.0
129	protein1	253.25	7.15	2.18218255
129	protein2	242.15	6.9	2.2450396
129	protein3	552.8	15.3	2.23172405
129	r2	6.95	0.0	0.0
129	rnapol	0.85	0.0	0.0
130	__protein1_rbs	3.95	0.0	0.0
130	__protein2_rbs	4.7	0.0	0.0
130	__protein3_rbs	8.65	0.0	0.0
130	__ribosome	36.6	0.0	0.0
130	__rnase_site_ext	15.45	0.0	0.0
130	p0	1.0	0.0	0.0
130	p2	0.9	0.0	0.0
130	protein1	256.4	7.35	2.0917658500000003
130	protein2	245.25	7.0	2.0844643
130	protein3	558.8	15.3	2.2415342000000003
130	r2	7.0	0.0	0.0
130	rnapol	1.1	0.0	0.0
131	__protein1_rbs	3.85	0.0	0.0
131	__protein2_rbs	4.55	0.0	0.0
131	__protein3_rbs	9.05	0.0	0.0
131	__ribosome	36.65	0.0	0.0
131	__rnase_site_ext	15.7	0.0	0.0
131	p0	0.9	0.0	0.0
131	p2	0.75	0.0	0.0
131	protein1	259.15	7.3	2.1997077000000003
131	protein2	248.1	7.25	1.9766468
131	protein3	565.75	15.5	2.17328185
131	r2	7.1	0.0	0.0
131	rnapol	0.8	0.0	0.0
132	__protein1_rbs	4.1	0.0	0.0
132	__protein2_rbs	4.0	0.0	0.0
132	__protein3_rbs	8.85	0.0	0.0
132	__ribosome	36.7	0.0	0.0
132	__rnase_site_ext	15.6	0.0	0.0
132	p0	1.0	0.0	0.0
132	p2	0.8	0.0	0.0
132	protein1	262.6	7.3	2.124623
132	protein2	251.15	7.25	2.0647402500000003
132	protein3	572.5	15.45	2.18784575
132	r2	7.2	0.0	0.0
132	rnapol	1.0	0.0	0.0
133	__protein1_rbs	4.55	0.0	0.0
133	__protein2_rbs	4.7	0.0	0.0
133	__protein3_rbs	8.8	0.0	0.0
133	__ribosome	37.15	0.0	0.0
133	__rnase_site_ext	15.45	0.0	0.0
133	p0	0.95	0.0	0.0
133	p2	0.6	0.0	0.0
133	protein1	265.6	7.3	2.07632935
133	protein2	254.2	7.35	1.96753975
133	protein3	578.95	15.55	2.18892055
133	r2	7.2	0.0	0.0
133	rnapol	0.95	0.0	0.0
134	__protein1_rbs	4.05	0.0	0.0
134	__protein2_rbs	4.3	0.0	0.0
134	__protein3_rbs	8.3	0.0	0.0
134	__ribosome	35.6	0.0	0.0
134	__rnase_site_ext	15.2	0.0	0.0
134	p0	0.9	0.0	0.0
134	p2	0.75	0.0	0.0
134	protein1	268.2	7.15	2.1687698499999994
134	protein2	256.5	7.3	2.0925433
134	protein3	585.75	15.65	2.1979547999999998
134	r2	7.1	0.0	0.0
134	rnapol	0.95	0.0	0.0
135	__protein1_rbs	3.9	0.0	0.0
135	__protein2_rbs	4.25	0.0	0.0
135	__protein3_rbs	9.35	0.0	0.0
135	__ribosome	36.3	0.0	0.0
135	__rnase_site_ext	15.15	0.0	0.0
135	p0	1.0	0.0	0.0
135	p2	0.9	0.0	0.0
135	protein1	271.15	6.9	2.3372421
135	protein2	259.7	7.4	2.0245292
135	protein3	592.8	15.65	2.14801935
135	r2	7.15	0.0	0.0
135	rnapol	1.05	0.0	0.0
136	__protein1_rbs	4.2	0.0	0.0
136	__protein2_rbs	4.2	0.0	0.0
136	__protein3_rbs	8.3	0.0	0.0
136	__ribosome	34.7	0.0	0.0
136	__rnase_site_ext	15.0	0.0	0.0
136	p0	0.95	0.0	0.0
136	p2	0.9	0.0	0.0
136	protein1	274.6	6.9	2.2157142999999992
136	protein2	262.05	7.4	2.1670851000000004
136	protein3	598.6	15.75	2.22731945
136	r2	7.3	0.0	0.0
136	rnapol	1.15	0.0	0.0
137	__protein1_rbs	3.75	0.0	0.0
137	__protein2_rbs	4.15	0.0	0.0
137	__protein3_rbs	9.3	0.0	0.0
137	__ribosome	35.1	0.0	0.0
137	__rnase_site_ext	15.1	0.0	0.0
137	p0	1.0	0.0	0.0
137	p2	0.55	0.0	0.0
137	protein1	277.75	6.9	2.191565699999999
137	protein2	265.0	7.4	2.1503842
137	protein3	605.2	15.5	2.2294865500000003
137	r2	7.35	0.0	0.0
137	rnapol	1.15	0.0	0.0
138	__protein1_rbs	4.15	0.0	0.0
138	__protein2_rbs	4.65	0.0	0.0
138	__protein3_rbs	9.1	0.0	0.0
138	__ribosome	35.7	0.0	0.0
138	__rnase_site_ext	15.2	0.0	0.0
138	p0	0.9	0.0	0.0
138	p2	0.65	0.0	0.0
138	protein1	280.6	6.85	2.1632322999999998
138	protein2	267.95	7.65	2.1209289
138	protein3	612.1	15.45	2.2127411
138	r2	7.5	0.0	0.0
138	rnapol	1.15	0.0	0.0
139	__protein1_rbs	4.75	0.0	0.0
139	__protein2_rbs	4.65	0.0	0.0
139	__protein3_rbs	9.35	0.0	0.0
139	__ribosome	37.45	0.0	0.0
139	__rnase_site_ext	15.25	0.0	0.0
139	p0	0.8	0.0	0.0
139	p2	0.6	0.0	0.0
139	protein1	283.25	6.9	2.0095075500000004
139	protein2	271.15	7.7	2.0981241
139	protein3	619.85	15.65	2.11927785
139	r2	7.45	0.0	0.0
139	rnapol	0.95	0.0	0.0
140	__protein1_rbs	4.15	0.0	0.0
140	__protein2_rbs	4.1	0.0	0.0
140	__protein3_rbs	8.5	0.0	0.0
140	__ribosome	36.6	0.0	0.0
140	__rnase_site_ext	15.4	0.0	0.0
140	p0	0.9	0.0	0.0
140	p2	0.8	0.0	0.0
140	protein1	286.4	7.1	1.9523647000000002
140	protein2	274.3	7.8	2.04211585
140	protein3	625.8	15.7	2.1520947499999994
140	r2	7.5	0.0	0.0
140	rnapol	1.05	0.0	0.0
141	__protein1_rbs	4.05	0.0	0.0
141	__protein2_rbs	4.75	0.0	0.0
141	__protein3_rbs	9.0	0.0	0.0
141	__ribosome	37.15	0.0	0.0
141	__rnase_site_ext	15.6	0.0	0.0
141	p0	0.85	0.0	0.0
141	p2	0.85	0.0	0.0
141	protein1	289.1	7.05	2.03077925
141	protein2	277.4	7.8	2.0212590500000003
141	protein3	633.1	15.7	2.12946655
141	r2	7.6	0.0	0.0
141	rnapol	1.05	0.0	0.0
142	__protein1_rbs	4.2	0.0	0.0
142	__protein2_rbs	4.6	0.0	0.0
142	__protein3_rbs	8.85	0.0	0.0
142	__ribosome	35.9	0.0	0.0
142	__rnase_site_ext	15.7	0.0	0.0
142	p0	0.95	0.0	0.0
142	p2	0.7	0.0	0.0
142	protein1	292.2	7.2	1.90896645
142	protein2	279.9	7.8	2.11860925
142	protein3	639.45	15.95	2.1369861500000003
142	r2	7.75	0.0	0.0
142	rnapol	0.95	0.0	0.0
143	__protein1_rbs	4.25	0.0	0.0
143	__protein2_rbs	4.4	0.0	0.0
143	__protein3_rbs	9.25	0.0	0.0
143	__ribosome	35.65	0.0	0.0
143	__rnase_site_ext	15.75	0.0	0.0
143	p0	1.0	0.0	0.0
143	p2	0.75	0.0	0.0
143	protein1	295.35	7.35	1.9152596999999998
143	protein2	283.7	7.8	2.0027435
143	protein3	645.7	15.85	2.18557315
143	r2	7.8	0.0	0.0
143	rnapol	0.95	0.0	0.0
144	__protein1_rbs	4.45	0.0	0.0
144	__protein2_rbs	4.9	0.0	0.0
144	__protein3_rbs	8.95	0.0	0.0
144	__ribosome	34.3	0.0	0.0
144	__rnase_site_ext	15.7	0.0	0.0
144	p0	0.85	0.0	0.0
144	p2	0.7	0.0	0.0
144	protein1	297.15	7.35	2.0311273
144	protein2	286.45	7.7	2.0815746499999994
144	protein3	651.85	16.05	2.1975054
144	r2	7.8	0.0	0.0
144	rnapol	0.9	0.0	0.0
145	__protein1_rbs	4.35	0.0	0.0
145	__protein2_rbs	4.6	0.0	0.0
145	__protein3_rbs	9.2	0.0	0.0
145	__ribosome	35.0	0.0	0.0
145	__rnase_site_ext	15.95	0.0	0.0
145	p0	0.85	0.0	0.0
145	p2	0.85	0.0	0.0
145	protein1	300.15	7.35	2.05126265
145	protein2	289.8	7.7	2.0945696000000003
145	protein3	658.75	16.05	2.1742390000000005
145	r2	7.9	0.0	0.0
145	rnapol	1.0	0.0	0.0
146	__protein1_rbs	3.9	0.0	0.0
146	__protein2_rbs	5.0	0.0	0.0
146	__protein3_rbs	9.4	0.0	0.0
146	__ribosome	34.55	0.0	0.0
146	__rnase_site_ext	16.0	0.0	0.0
146	p0	0.9	0.0	0.0
146	p2	0.7	0.0	0.0
146	protein1	302.9	7.5	2.1240026000000003
146	protein2	292.6	7.8	2.0307937000000003
146	protein3	665.9	16.25	2.1271202
146	r2	7.9	0.0	0.0
146	rnapol	0.9	0.0	0.0
147	__protein1_rbs	4.25	0.0	0.0
147	__protein2_rbs	4.6	0.0	0.0
147	__protein3_rbs	9.55	0.0	0.0
147	__ribosome	34.6	0.0	0.0
147	__rnase_site_ext	15.9	0.0	0.0
147	p0	0.95	0.0	0.0
147	p2	0.8	0.0	0.0
147	protein1	305.9	7.55	2.09781755
147	protein2	296.0	7.95	2.0154762
147	protein3	672.85	16.35	2.1004297000000003
147	r2	7.85	0.0	0.0
147	rnapol	1.05	0.0	0.0
148	__protein1_rbs	3.7	0.0	0.0
148	__protein2_rbs	5.05	0.0	0.0
148	__protein3_rbs	9.7	0.0	0.0
148	__ribosome	34.45	0.0	0.0
148	__rnase_site_ext	15.85	0.0	0.0
148	p0	0.95	0.0	0.0
148	p2	0.9	0.0	0.0
148	protein1	308.9	7.4	2.2339050999999994
148	protein2	299.2	8.0	1.9687699
148	protein3	679.3	16.5	2.0732705000000005
148	r2	7.8	0.0	0.0
148	rnapol	1.1	0.0	0.0
149	__protein1_rbs	4.1	0.0	0.0
149	__protein2_rbs	4.65	0.0	0.0
149	__protein3_rbs	9.55	0.0	0.0
149	__ribosome	34.4	0.0	0.0
149	__rnase_site_ext	15.85	0.0	0.0
149	p0	1.0	0.0	0.0
149	p2	0.75	0.0	0.0
149	protein1	311.75	7.35	2.2840097999999998
149	protein2	302.4	7.95	1.999623
149	protein3	686.0	16.4	2.08984325
149	r2	7.9	0.0	0.0
149	rnapol	1.0	0.0	0.0
150	__protein1_rbs	4.8	0.0	0.0
150	__protein2_rbs	4.45	0.0	0.0
150	__protein3_rbs	10.2	0.0	0.0
150	__ribosome	35.2	0.0	0.0
150	__rnase_site_ext	15.8	0.0	0.0
150	p0	0.95	0.0	0.0
150	p2	0.75	0.0	0.0
150	protein1	314.6	7.35	2.21406565
150	protein2	305.35	7.8	2.109219
150	protein3	692.95	16.5	2.0318245
150	r2	7.9	0.0	0.0
150	rnapol	1.0	0.0	0.0
151	__protein1_rbs	4.45	0.0	0.0
151	__protein2_rbs	4.6	0.0	0.0
151	__protein3_rbs	9.5	0.0	0.0
151	__ribosome	35.1	0.0	0.0
151	__rnase_site_ext	15.7	0.0	0.0
151	p0	0.95	0.0	0.0
151	p2	0.7	0.0	0.0
151	protein1	317.85	7.25	2.2078931500000003
151	protein2	308.65	7.75	2.1230483
151	protein3	699.65	16.6	2.0415132
151	r2	8.05	0.0	0.0
151	rnapol	0.95	0.0	0.0
152	__protein1_rbs	4.15	0.0	0.0
152	__protein2_rbs	4.6	0.0	0.0
152	__protein3_rbs	9.05	0.0	0.0
152	__ribosome	35.05	0.0	0.0
152	__rnase_site_ext	15.85	0.0	0.0
152	p0	0.9	0.0	0.0
152	p2	0.7	0.0	0.0
152	protein1	321.2	7.2	2.12725655
152	protein2	311.85	7.7	2.08471685
152	protein3	705.95	16.55	2.1078393
152	r2	8.25	0.0	0.0
152	rnapol	0.95	0.0	0.0
153	__protein1_rbs	4.75	0.0	0.0
153	__protein2_rbs	4.7	0.0	0.0
153	__protein3_rbs	9.2	0.0	0.0
153	__ribosome	35.65	0.0	0.0
153	__rnase_site_ext	15.85	0.0	0.0
153	p0	0.95	0.0	0.0
153	p2	0.65	0.0	0.0
153	protein1	324.4	7.35	1.99812405
153	protein2	314.6	7.75	2.068355
153	protein3	713.3	16.7	2.07201555
153	r2	8.25	0.0	0.0
153	rnapol	0.9	0.0	0.0
154	__protein1_rbs	4.25	0.0	0.0
154	__protein2_rbs	4.35	0.0	0.0
154	__protein3_rbs	10.0	0.0	0.0
154	__ribosome	35.2	0.0	0.0
154	__rnase_site_ext	15.8	0.0	0.0
154	p0	1.0	0.0	0.0
154	p2	0.8	0.0	0.0
154	protein1	327.65	7.25	1.9533351
154	protein2	318.05	7.8	2.0948738
154	protein3	719.4	16.8	2.1000354500000005
154	r2	8.35	0.0	0.0
154	rnapol	1.1	0.0	0.0
155	__protein1_rbs	4.25	0.0	0.0
155	__protein2_rbs	4.7	0.0	0.0
155	__protein3_rbs	9.85	0.0	0.0
155	__ribosome	34.5	0.0	0.0
155	__rnase_site_ext	15.75	0.0	0.0
155	p0	0.9	0.0	0.0
155	p2	0.65	0.0	0.0
155	protein1	330.5	7.25	2.0115873
155	protein2	320.95	7.85	2.10487735
155	protein3	725.75	16.85	2.1039030500000004
155	r2	8.3	0.0	0.0
155	rnapol	0.95	0.0	0.0
156	__protein1_rbs	3.95	0.0	0.0
156	__protein2_rbs	4.45	0.0	0.0
156	__protein3_rbs	10.15	0.0	0.0
156	__ribosome	34.05	0.0	0.0
156	__rnase_site_ext	15.8	0.0	0.0
156	p0	1.0	0.0	0.0
156	p2	0.75	0.0	0.0
156	protein1	333.05	7.1	2.1230826
156	protein2	323.9	7.85	2.10370495
156	protein3	732.9	16.85	2.0693929
156	r2	8.35	0.0	0.0
156	rnapol	1.05	0.0	0.0
157	__protein1_rbs	4.3	0.0	0.0
157	__protein2_rbs	4.9	0.0	0.0
157	__protein3_rbs	10.15	0.0	0.0
157	__ribosome	34.1	0.0	0.0
157	__rnase_site_ext	15.85	0.0	0.0
157	p0	1.0	0.0	0.0
157	p2	0.75	0.0	0.0
157	protein1	335.45	7.15	2.1721662999999998
157	protein2	327.05	7.85	2.0824802
157	protein3	739.7	17.0	2.04858515
157	r2	8.3	0.0	0.0
157	rnapol	1.15	0.0	0.0
158	__protein1_rbs	3.75	0.0	0.0
158	__protein2_rbs	5.2	0.0	0.0
158	__protein3_rbs	10.0	0.0	0.0
158	__ribosome	34.0	0.0	0.0
158	__rnase_site_ext	15.9	0.0	0.0
158	p0	0.95	0.0	0.0
158	p2	0.75	0.0	0.0
158	protein1	338.3	7.1	2.23772365
158	protein2	330.35	7.95	2.01428575
158	protein3	746.65	17.25	2.03303105
158	r2	8.4	0.0	0.0
158	rnapol	1.15	0.0	0.0
159	__protein1_rbs	4.35	0.0	0.0
159	__protein2_rbs	4.5	0.0	0.0
159	__protein3_rbs	9.8	0.0	0.0
159	__ribosome	33.85	0.0	0.0
159	__rnase_site_ext	16.0	0.0	0.0
159	p0	0.95	0.0	0.0
159	p2	0.65	0.0	0.0
159	protein1	341.5	7.1	2.2224422499999994
159	protein2	333.3	8.0	2.02609125
159	protein3	753.75	17.3	2.03352965
159	r2	8.55	0.0	0.0
159	rnapol	1.1	0.0	0.0
160	__protein1_rbs	4.1	0.0	0.0
160	__protein2_rbs	4.9	0.0	0.0
160	__protein3_rbs	9.35	0.0	0.0
160	__ribosome	33.05	0.0	0.0
160	__rnase_site_ext	16.05	0.0	0.0
160	p0	1.0	0.0	0.0
160	p2	0.55	0.0	0.0
160	protein1	344.2	7.0	2.3189033
160	protein2	336.55	8.1	1.95142865
160	protein3	760.8	17.4	2.06278355
160	r2	8.45	0.0	0.0
160	rnapol	1.25	0.0	0.0
161	__protein1_rbs	4.45	0.0	0.0
161	__protein2_rbs	5.25	0.0	0.0
161	__protein3_rbs	10.25	0.0	0.0
161	__ribosome	32.65	0.0	0.0
161	__rnase_site_ext	15.95	0.0	0.0
161	p0	0.95	0.0	0.0
161	p2	0.75	0.0	0.0
161	protein1	347.55	7.0	2.17960315
161	protein2	339.5	8.05	1.94795635
161	protein3	767.05	17.5	2.12107785
161	r2	8.25	0.0	0.0
161	rnapol	1.3	0.0	0.0
162	__protein1_rbs	4.05	0.0	0.0
162	__protein2_rbs	4.9	0.0	0.0
162	__protein3_rbs	10.7	0.0	0.0
162	__ribosome	32.5	0.0	0.0
162	__rnase_site_ext	15.95	0.0	0.0
162	p0	0.9	0.0	0.0
162	p2	0.9	0.0	0.0
162	protein1	350.7	7.0	2.1433748
162	protein2	342.6	8.0	2.012311
162	protein3	773.85	17.55	2.1227292999999996
162	r2	8.05	0.0	0.0
162	rnapol	1.05	0.0	0.0
163	__protein1_rbs	3.85	0.0	0.0
163	__protein2_rbs	4.75	0.0	0.0
163	__protein3_rbs	10.8	0.0	0.0
163	__ribosome	32.4	0.0	0.0
163	__rnase_site_ext	16.15	0.0	0.0
163	p0	0.85	0.0	0.0
163	p2	0.8	0.0	0.0
163	protein1	353.75	7.0	2.1178969
163	protein2	345.25	7.95	2.06718795
163	protein3	780.8	17.75	2.0860967
163	r2	8.1	0.0	0.0
163	rnapol	1.2	0.0	0.0
164	__protein1_rbs	4.5	0.0	0.0
164	__protein2_rbs	4.85	0.0	0.0
164	__protein3_rbs	10.7	0.0	0.0
164	__ribosome	33.35	0.0	0.0
164	__rnase_site_ext	16.15	0.0	0.0
164	p0	0.9	0.0	0.0
164	p2	0.75	0.0	0.0
164	protein1	356.65	7.1	2.07332975
164	protein2	348.75	7.9	2.0235101
164	protein3	787.8	17.6	2.09851095
164	r2	8.2	0.0	0.0
164	rnapol	1.4	0.0	0.0
165	__protein1_rbs	4.15	0.0	0.0
165	__protein2_rbs	4.7	0.0	0.0
165	__protein3_rbs	10.1	0.0	0.0
165	__ribosome	34.3	0.0	0.0
165	__rnase_site_ext	15.95	0.0	0.0
165	p0	0.95	0.0	0.0
165	p2	0.6	0.0	0.0
165	protein1	359.85	7.25	2.0379149
165	protein2	351.95	7.85	1.9841667
165	protein3	795.75	17.65	2.0585107
165	r2	8.15	0.0	0.0
165	rnapol	1.25	0.0	0.0
166	__protein1_rbs	3.85	0.0	0.0
166	__protein2_rbs	4.55	0.0	0.0
166	__protein3_rbs	9.15	0.0	0.0
166	__ribosome	32.4	0.0	0.0
166	__rnase_site_ext	16.25	0.0	0.0
166	p0	0.85	0.0	0.0
166	p2	0.7	0.0	0.0
166	protein1	362.2	7.0	2.23416665
166	protein2	354.6	7.7	2.0685318
166	protein3	803.3	17.6	2.1100822999999997
166	r2	8.15	0.0	0.0
166	rnapol	1.1	0.0	0.0
167	__protein1_rbs	4.4	0.0	0.0
167	__protein2_rbs	4.25	0.0	0.0
167	__protein3_rbs	10.4	0.0	0.0
167	__ribosome	32.6	0.0	0.0
167	__rnase_site_ext	16.2	0.0	0.0
167	p0	0.9	0.0	0.0
167	p2	0.8	0.0	0.0
167	protein1	365.3	6.95	2.2266666500000003
167	protein2	358.15	7.6	2.0486491
167	protein3	809.75	17.8	2.1324868500000003
167	r2	8.2	0.0	0.0
167	rnapol	1.1	0.0	0.0
168	__protein1_rbs	4.65	0.0	0.0
168	__protein2_rbs	4.9	0.0	0.0
168	__protein3_rbs	11.15	0.0	0.0
168	__ribosome	33.3	0.0	0.0
168	__rnase_site_ext	16.1	0.0	0.0
168	p0	1.0	0.0	0.0
168	p2	0.9	0.0	0.0
168	protein1	368.0	7.05	2.09919015
168	protein2	361.0	7.6	2.08609125
168	protein3	816.8	17.55	2.13453275
168	r2	8.2	0.0	0.0
168	rnapol	1.45	0.0	0.0
169	__protein1_rbs	4.3	0.0	0.0
169	__protein2_rbs	4.65	0.0	0.0
169	__protein3_rbs	10.3	0.0	0.0
169	__ribosome	32.55	0.0	0.0
169	__rnase_site_ext	16.0	0.0	0.0
169	p0	0.85	0.0	0.0
169	p2	0.8	0.0	0.0
169	protein1	370.85	6.9	2.12384915
169	protein2	363.5	7.6	2.1635118500000003
169	protein3	823.45	17.55	2.1502351
169	r2	8.2	0.0	0.0
169	rnapol	1.4	0.0	0.0
170	__protein1_rbs	4.25	0.0	0.0
170	__protein2_rbs	4.3	0.0	0.0
170	__protein3_rbs	9.35	0.0	0.0
170	__ribosome	33.65	0.0	0.0
170	__rnase_site_ext	16.15	0.0	0.0
170	p0	0.8	0.0	0.0
170	p2	0.8	0.0	0.0
170	protein1	373.95	6.9	1.9762194
170	protein2	367.0	7.45	2.1164484
170	protein3	831.1	17.6	2.1363782
170	r2	8.2	0.0	0.0
170	rnapol	1.15	0.0	0.0
171	__protein1_rbs	3.85	0.0	0.0
171	__protein2_rbs	4.4	0.0	0.0
171	__protein3_rbs	10.9	0.0	0.0
171	__ribosome	35.45	0.0	0.0
171	__rnase_site_ext	16.35	0.0	0.0
171	p0	0.9	0.0	0.0
171	p2	0.75	0.0	0.0
171	protein1	376.85	6.85	2.0538131500000003
171	protein2	370.0	7.5	2.0525595
171	protein3	839.0	17.55	2.0570293000000004
171	r2	8.2	0.0	0.0
171	rnapol	1.0	0.0	0.0
172	__protein1_rbs	3.65	0.0	0.0
172	__protein2_rbs	4.65	0.0	0.0
172	__protein3_rbs	9.85	0.0	0.0
172	__ribosome	35.0	0.0	0.0
172	__rnase_site_ext	16.5	0.0	0.0
172	p0	0.85	0.0	0.0
172	p2	0.9	0.0	0.0
172	protein1	379.35	7.05	2.073382
172	protein2	373.1	7.5	2.02848485
172	protein3	846.25	17.65	2.05591035
172	r2	8.2	0.0	0.0
172	rnapol	0.85	0.0	0.0
173	__protein1_rbs	4.6	0.0	0.0
173	__protein2_rbs	4.65	0.0	0.0
173	__protein3_rbs	10.4	0.0	0.0
173	__ribosome	36.3	0.0	0.0
173	__rnase_site_ext	16.35	0.0	0.0
173	p0	0.9	0.0	0.0
173	p2	0.9	0.0	0.0
173	protein1	382.35	7.05	1.95732315
173	protein2	376.1	7.65	1.9530754
173	protein3	853.85	17.65	2.0280423
173	r2	8.2	0.0	0.0
173	rnapol	1.1	0.0	0.0
174	__protein1_rbs	4.05	0.0	0.0
174	__protein2_rbs	4.3	0.0	0.0
174	__protein3_rbs	9.9	0.0	0.0
174	__ribosome	34.25	0.0	0.0
174	__rnase_site_ext	16.55	0.0	0.0
174	p0	0.85	0.0	0.0
174	p2	0.8	0.0	0.0
174	protein1	384.45	7.15	2.0542028
174	protein2	379.05	7.6	2.0229311
174	protein3	860.45	17.55	2.0878804000000004
174	r2	8.1	0.0	0.0
174	rnapol	1.05	0.0	0.0
175	__protein1_rbs	3.95	0.0	0.0
175	__protein2_rbs	4.35	0.0	0.0
175	__protein3_rbs	10.8	0.0	0.0
175	__ribosome	33.4	0.0	0.0
175	__rnase_site_ext	16.35	0.0	0.0
175	p0	1.0	0.0	0.0
175	p2	0.75	0.0	0.0
175	protein1	386.9	7.3	2.14474565
175	protein2	382.1	7.7	2.03195525
175	protein3	867.65	17.6	2.0730596
175	r2	8.0	0.0	0.0
175	rnapol	0.95	0.0	0.0
176	__protein1_rbs	4.35	0.0	0.0
176	__protein2_rbs	4.3	0.0	0.0
176	__protein3_rbs	10.35	0.0	0.0
176	__ribosome	32.95	0.0	0.0
176	__rnase_site_ext	16.45	0.0	0.0
176	p0	1.0	0.0	0.0
176	p2	0.8	0.0	0.0
176	protein1	390.05	7.2	2.1263889
176	protein2	384.85	7.7	2.1285804500000003
176	protein3	874.2	17.5	2.0912483
176	r2	8.0	0.0	0.0
176	rnapol	1.0	0.0	0.0
177	__protein1_rbs	4.1	0.0	0.0
177	__protein2_rbs	5.4	0.0	0.0
177	__protein3_rbs	11.1	0.0	0.0
177	__ribosome	34.45	0.0	0.0
177	__rnase_site_ext	16.6	0.0	0.0
177	p0	1.0	0.0	0.0
177	p2	0.9	0.0	0.0
177	protein1	393.1	7.1	2.1158748
177	protein2	387.55	7.85	2.05440835
177	protein3	881.75	17.65	2.007947
177	r2	7.85	0.0	0.0
177	rnapol	1.2	0.0	0.0
178	__protein1_rbs	4.4	0.0	0.0
178	__protein2_rbs	4.85	0.0	0.0
178	__protein3_rbs	10.95	0.0	0.0
178	__ribosome	33.9	0.0	0.0
178	__rnase_site_ext	16.7	0.0	0.0
178	p0	0.95	0.0	0.0
178	p2	0.7	0.0	0.0
178	protein1	395.65	7.1	2.1354708
178	protein2	390.35	7.8	2.06421175
178	protein3	888.65	17.8	2.0110349
178	r2	8.05	0.0	0.0
178	rnapol	1.15	0.0	0.0
179	__protein1_rbs	4.0	0.0	0.0
179	__protein2_rbs	4.85	0.0	0.0
179	__protein3_rbs	10.7	0.0	0.0
179	__ribosome	35.1	0.0	0.0
179	__rnase_site_ext	16.75	0.0	0.0
179	p0	0.95	0.0	0.0
179	p2	0.75	0.0	0.0
179	protein1	398.75	7.1	2.14491165
179	protein2	393.85	7.95	1.9518128
179	protein3	896.55	17.7	1.9926184
179	r2	8.0	0.0	0.0
179	rnapol	1.2	0.0	0.0
180	__protein1_rbs	4.25	0.0	0.0
180	__protein2_rbs	4.4	0.0	0.0
180	__protein3_rbs	9.9	0.0	0.0
180	__ribosome	33.6	0.0	0.0
180	__rnase_site_ext	16.6	0.0	0.0
180	p0	1.0	0.0	0.0
180	p2	0.85	0.0	0.0
180	protein1	402.1	7.15	2.05651515
180	protein2	397.1	7.95	1.9781638
180	protein3	902.65	18.0	2.0627645
180	r2	8.1	0.0	0.0
180	rnapol	1.25	0.0	0.0
181	__protein1_rbs	4.45	0.0	0.0
181	__protein2_rbs	4.45	0.0	0.0
181	__protein3_rbs	10.4	0.0	0.0
181	__ribosome	34.0	0.0	0.0
181	__rnase_site_ext	16.65	0.0	0.0
181	p0	1.0	0.0	0.0
181	p2	0.8	0.0	0.0
181	protein1	404.55	7.05	2.1241198000000003
181	protein2	400.6	7.9	1.97494965
181	protein3	910.55	17.9	2.04747675
181	r2	8.1	0.0	0.0
181	rnapol	1.3	0.0	0.0
182	__protein1_rbs	3.75	0.0	0.0
182	__protein2_rbs	4.8	0.0	0.0
182	__protein3_rbs	10.25	0.0	0.0
182	__ribosome	32.15	0.0	0.0
182	__rnase_site_ext	16.6	0.0	0.0
182	p0	0.85	0.0	0.0
182	p2	0.75	0.0	0.0
182	protein1	407.75	7.05	2.1514356999999995
182	protein2	402.95	7.85	2.12092895
182	protein3	916.9	17.95	2.1198739000000004
182	r2	8.15	0.0	0.0
182	rnapol	1.15	0.0	0.0
183	__protein1_rbs	4.6	0.0	0.0
183	__protein2_rbs	4.55	0.0	0.0
183	__protein3_rbs	10.55	0.0	0.0
183	__ribosome	31.45	0.0	0.0
183	__rnase_site_ext	16.7	0.0	0.0
183	p0	0.95	0.0	0.0
183	p2	0.7	0.0	0.0
183	protein1	410.2	7.05	2.1471627
183	protein2	405.95	7.95	2.1568633
183	protein3	923.9	17.95	2.1184013
183	r2	8.1	0.0	0.0
183	rnapol	1.05	0.0	0.0
184	__protein1_rbs	4.05	0.0	0.0
184	__protein2_rbs	4.65	0.0	0.0
184	__protein3_rbs	11.3	0.0	0.0
184	__ribosome	31.55	0.0	0.0
184	__rnase_site_ext	16.75	0.0	0.0
184	p0	0.85	0.0	0.0
184	p2	0.8	0.0	0.0
184	protein1	413.1	7.05	2.1646627
184	protein2	409.1	7.8	2.2499417
184	protein3	931.0	18.05	2.0832637000000003
184	r2	8.2	0.0	0.0
184	rnapol	1.15	0.0	0.0
185	__protein1_rbs	4.5	0.0	0.0
185	__protein2_rbs	4.25	0.0	0.0
185	__protein3_rbs	10.8	0.0	0.0
185	__ribosome	32.9	0.0	0.0
185	__rnase_site_ext	16.95	0.0	0.0
185	p0	0.8	0.0	0.0
185	p2	0.7	0.0	0.0
185	protein1	416.0	7.15	2.0391667
185	protein2	412.4	7.75	2.25656695
185	protein3	938.95	17.95	2.05509485
185	r2	8.25	0.0	0.0
185	rnapol	0.9	0.0	0.0
186	__protein1_rbs	4.35	0.0	0.0
186	__protein2_rbs	4.65	0.0	0.0
186	__protein3_rbs	11.25	0.0	0.0
186	__ribosome	33.7	0.0	0.0
186	__rnase_site_ext	17.05	0.0	0.0
186	p0	0.9	0.0	0.0
186	p2	0.6	0.0	0.0
186	protein1	419.1	7.25	1.94772725
186	protein2	415.8	7.7	2.18082795
186	protein3	946.05	18.1	2.02406465
186	r2	8.45	0.0	0.0
186	rnapol	0.85	0.0	0.0
187	__protein1_rbs	3.75	0.0	0.0
187	__protein2_rbs	4.0	0.0	0.0
187	__protein3_rbs	10.95	0.0	0.0
187	__ribosome	34.55	0.0	0.0
187	__rnase_site_ext	17.0	0.0	0.0
187	p0	0.9	0.0	0.0
187	p2	0.6	0.0	0.0
187	protein1	421.9	7.15	2.0125342
187	protein2	419.1	7.65	2.26511905
187	protein3	954.45	18.1	1.93328095
187	r2	8.45	0.0	0.0
187	rnapol	0.9	0.0	0.0
188	__protein1_rbs	4.25	0.0	0.0
188	__protein2_rbs	4.6	0.0	0.0
188	__protein3_rbs	10.15	0.0	0.0
188	__ribosome	33.55	0.0	0.0
188	__rnase_site_ext	16.85	0.0	0.0
188	p0	0.95	0.0	0.0
188	p2	0.65	0.0	0.0
188	protein1	424.6	7.2	2.0407521
188	protein2	422.15	7.65	2.1746826
188	protein3	961.2	18.15	1.9893893500000004
188	r2	8.5	0.0	0.0
188	rnapol	0.8	0.0	0.0
189	__protein1_rbs	4.4	0.0	0.0
189	__protein2_rbs	4.1	0.0	0.0
189	__protein3_rbs	10.2	0.0	0.0
189	__ribosome	32.45	0.0	0.0
189	__rnase_site_ext	16.95	0.0	0.0
189	p0	0.9	0.0	0.0
189	p2	0.75	0.0	0.0
189	protein1	426.9	7.2	2.07190835
189	protein2	425.4	7.55	2.2127381
189	protein3	968.15	18.3	2.01188085
189	r2	8.55	0.0	0.0
189	rnapol	0.85	0.0	0.0
190	__protein1_rbs	4.3	0.0	0.0
190	__protein2_rbs	3.85	0.0	0.0
190	__protein3_rbs	10.9	0.0	0.0
190	__ribosome	32.1	0.0	0.0
190	__rnase_site_ext	17.1	0.0	0.0
190	p0	0.95	0.0	0.0
190	p2	0.75	0.0	0.0
190	protein1	429.9	7.1	2.1287446
190	protein2	428.45	7.35	2.2828373500000003
190	protein3	975.0	18.35	2.026641150000001
190	r2	8.55	0.0	0.0
190	rnapol	0.85	0.0	0.0
191	__protein1_rbs	4.35	0.0	0.0
191	__protein2_rbs	4.2	0.0	0.0
191	__protein3_rbs	10.7	0.0	0.0
191	__ribosome	32.0	0.0	0.0
191	__rnase_site_ext	17.05	0.0	0.0
191	p0	0.95	0.0	0.0
191	p2	0.75	0.0	0.0
191	protein1	432.7	7.1	2.0734867
191	protein2	431.4	7.3	2.28577195
191	protein3	981.9	18.55	2.0448692
191	r2	8.4	0.0	0.0
191	rnapol	0.75	0.0	0.0
192	__protein1_rbs	4.2	0.0	0.0
192	__protein2_rbs	4.6	0.0	0.0
192	__protein3_rbs	11.45	0.0	0.0
192	__ribosome	32.25	0.0	0.0
192	__rnase_site_ext	17.1	0.0	0.0
192	p0	0.95	0.0	0.0
192	p2	0.9	0.0	0.0
192	protein1	435.45	7.15	2.0796591
192	protein2	434.85	7.45	2.1414123499999995
192	protein3	988.75	18.65	2.03718545
192	r2	8.35	0.0	0.0
192	rnapol	0.85	0.0	0.0
193	__protein1_rbs	4.5	0.0	0.0
193	__protein2_rbs	4.15	0.0	0.0
193	__protein3_rbs	11.55	0.0	0.0
193	__ribosome	32.55	0.0	0.0
193	__rnase_site_ext	17.15	0.0	0.0
193	p0	1.0	0.0	0.0
193	p2	0.75	0.0	0.0
193	protein1	438.6	7.2	2.01325585
193	protein2	437.75	7.55	2.1575487000000004
193	protein3	996.2	18.65	2.0235056
193	r2	8.25	0.0	0.0
193	rnapol	0.75	0.0	0.0
194	__protein1_rbs	4.7	0.0	0.0
194	__protein2_rbs	4.6	0.0	0.0
194	__protein3_rbs	11.4	0.0	0.0
194	__ribosome	33.65	0.0	0.0
194	__rnase_site_ext	17.4	0.0	0.0
194	p0	0.85	0.0	0.0
194	p2	0.7	0.0	0.0
194	protein1	441.5	7.2	1.9450613
194	protein2	440.9	7.65	2.11820345
194	protein3	1003.65	18.65	1.9916555
194	r2	8.0	0.0	0.0
194	rnapol	0.7	0.0	0.0
195	__protein1_rbs	4.2	0.0	0.0
195	__protein2_rbs	5.05	0.0	0.0
195	__protein3_rbs	10.6	0.0	0.0
195	__ribosome	33.25	0.0	0.0
195	__rnase_site_ext	17.65	0.0	0.0
195	p0	0.9	0.0	0.0
195	p2	0.85	0.0	0.0
195	protein1	444.15	7.2	2.0078553500000003
195	protein2	444.05	7.7	2.0558658
195	protein3	1011.25	18.5	2.02220845
195	r2	7.9	0.0	0.0
195	rnapol	0.6	0.0	0.0
196	__protein1_rbs	4.8	0.0	0.0
196	__protein2_rbs	4.7	0.0	0.0
196	__protein3_rbs	11.25	0.0	0.0
196	__ribosome	33.6	0.0	0.0
196	__rnase_site_ext	17.5	0.0	0.0
196	p0	1.0	0.0	0.0
196	p2	1.0	0.0	0.0
196	protein1	447.05	7.45	1.86650435
196	protein2	446.65	7.8	2.06491165
196	protein3	1018.6	18.65	2.00135485
196	r2	7.8	0.0	0.0
196	rnapol	0.95	0.0	0.0
197	__protein1_rbs	4.1	0.0	0.0
197	__protein2_rbs	4.45	0.0	0.0
197	__protein3_rbs	10.55	0.0	0.0
197	__ribosome	32.7	0.0	0.0
197	__rnase_site_ext	17.35	0.0	0.0
197	p0	1.0	0.0	0.0
197	p2	0.95	0.0	0.0
197	protein1	449.75	7.4	1.9302128
197	protein2	450.4	7.95	1.9789593
197	protein3	1026.0	18.75	2.029338
197	r2	7.85	0.0	0.0
197	rnapol	1.1	0.0	0.0
198	__protein1_rbs	4.6	0.0	0.0
198	__protein2_rbs	4.55	0.0	0.0
198	__protein3_rbs	11.6	0.0	0.0
198	__ribosome	32.6	0.0	0.0
198	__rnase_site_ext	17.25	0.0	0.0
198	p0	0.85	0.0	0.0
198	p2	0.7	0.0	0.0
198	protein1	452.4	7.4	1.9937409
198	protein2	453.7	7.95	1.98969885
198	protein3	1032.75	18.35	2.0463274500000006
198	r2	7.95	0.0	0.0
198	rnapol	1.15	0.0	0.0
199	__protein1_rbs	4.3	0.0	0.0
199	__protein2_rbs	5.0	0.0	0.0
199	__protein3_rbs	11.2	0.0	0.0
199	__ribosome	33.05	0.0	0.0
199	__rnase_site_ext	17.45	0.0	0.0
199	p0	0.95	0.0	0.0
199	p2	0.55	0.0	0.0
199	protein1	455.15	7.3	2.0791215
199	protein2	456.7	7.95	1.95409095
199	protein3	1040.1	18.1	2.0547722
199	r2	8.1	0.0	0.0
199	rnapol	1.1	0.0	0.0
200	__protein1_rbs	4.7	0.0	0.0
200	__protein2_rbs	4.9	0.0	0.0
200	__protein3_rbs	10.05	0.0	0.0
200	__ribosome	32.35	0.0	0.0
200	__rnase_site_ext	17.3	0.0	0.0
200	p0	0.8	0.0	0.0
200	p2	0.65	0.0	0.0
200	protein1	457.9	7.5	2.0507088500000004
200	protein2	459.2	8.05	2.05881315
200	protein3	1047.75	17.95	2.0781446500000005
200	r2	8.1	0.0	0.0
200	rnapol	0.9	0.0	0.0
201	__protein1_rbs	4.75	0.0	0.0
201	__protein2_rbs	4.8	0.0	0.0
201	__protein3_rbs	10.95	0.0	0.0
201	__ribosome	32.95	0.0	0.0
201	__rnase_site_ext	17.45	0.0	0.0
201	p0	0.9	0.0	0.0
201	p2	0.7	0.0	0.0
201	protein1	460.9	7.4	2.0148322500000004
201	protein2	462.6	8.0	2.0568381
201	protein3	1054.8	18.1	2.06098785
201	r2	7.95	0.0	0.0
201	rnapol	0.95	0.0	0.0
202	__protein1_rbs	4.55	0.0	0.0
202	__protein2_rbs	5.15	0.0	0.0
202	__protein3_rbs	10.9	0.0	0.0
202	__ribosome	33.5	0.0	0.0
202	__rnase_site_ext	17.5	0.0	0.0
202	p0	0.95	0.0	0.0
202	p2	0.85	0.0	0.0
202	protein1	463.8	7.6	2.0263059
202	protein2	465.65	7.95	2.04867065
202	protein3	1062.75	18.2	2.0030212
202	r2	8.05	0.0	0.0
202	rnapol	1.15	0.0	0.0
203	__protein1_rbs	4.65	0.0	0.0
203	__protein2_rbs	4.7	0.0	0.0
203	__protein3_rbs	11.65	0.0	0.0
203	__ribosome	32.45	0.0	0.0
203	__rnase_site_ext	17.45	0.0	0.0
203	p0	0.95	0.0	0.0
203	p2	0.65	0.0	0.0
203	protein1	466.6	7.55	2.07779585
203	protein2	468.6	8.0	2.12461225
203	protein3	1069.05	18.25	2.00657005
203	r2	8.15	0.0	0.0
203	rnapol	1.05	0.0	0.0
204	__protein1_rbs	4.1	0.0	0.0
204	__protein2_rbs	5.15	0.0	0.0
204	__protein3_rbs	10.7	0.0	0.0
204	__ribosome	32.25	0.0	0.0
204	__rnase_site_ext	17.2	0.0	0.0
204	p0	0.95	0.0	0.0
204	p2	0.8	0.0	0.0
204	protein1	469.4	7.5	2.1764629
204	protein2	472.1	8.0	2.02719335
204	protein3	1076.4	18.15	2.0257111
204	r2	8.15	0.0	0.0
204	rnapol	1.0	0.0	0.0
205	__protein1_rbs	4.6	0.0	0.0
205	__protein2_rbs	4.75	0.0	0.0
205	__protein3_rbs	10.9	0.0	0.0
205	__ribosome	32.35	0.0	0.0
205	__rnase_site_ext	17.3	0.0	0.0
205	p0	0.85	0.0	0.0
205	p2	0.7	0.0	0.0
205	protein1	472.45	7.5	2.1393760000000004
205	protein2	474.9	8.0	2.06465185
205	protein3	1084.2	18.2	2.00251145
205	r2	8.2	0.0	0.0
205	rnapol	0.8	0.0	0.0
206	__protein1_rbs	4.15	0.0	0.0
206	__protein2_rbs	4.95	0.0	0.0
206	__protein3_rbs	10.75	0.0	0.0
206	__ribosome	31.55	0.0	0.0
206	__rnase_site_ext	17.2	0.0	0.0
206	p0	1.0	0.0	0.0
206	p2	0.75	0.0	0.0
206	protein1	475.05	7.5	2.23202385
206	protein2	478.25	7.9	2.03088025
206	protein3	1090.9	18.25	2.0373716
206	r2	8.25	0.0	0.0
206	rnapol	1.0	0.0	0.0
207	__protein1_rbs	5.1	0.0	0.0
207	__protein2_rbs	4.7	0.0	0.0
207	__protein3_rbs	11.0	0.0	0.0
207	__ribosome	32.5	0.0	0.0
207	__rnase_site_ext	17.35	0.0	0.0
207	p0	0.85	0.0	0.0
207	p2	0.7	0.0	0.0
207	protein1	478.25	7.5	2.0783425
207	protein2	481.35	7.8	2.11408735
207	protein3	1097.95	18.05	2.04505015
207	r2	8.25	0.0	0.0
207	rnapol	1.05	0.0	0.0
208	__protein1_rbs	4.3	0.0	0.0
208	__protein2_rbs	4.8	0.0	0.0
208	__protein3_rbs	10.2	0.0	0.0
208	__ribosome	32.1	0.0	0.0
208	__rnase_site_ext	17.1	0.0	0.0
208	p0	1.0	0.0	0.0
208	p2	0.85	0.0	0.0
208	protein1	481.3	7.55	2.0780113000000004
208	protein2	484.75	7.8	2.04537875
208	protein3	1104.75	18.05	2.0863008
208	r2	8.3	0.0	0.0
208	rnapol	1.25	0.0	0.0
209	__protein1_rbs	4.85	0.0	0.0
209	__protein2_rbs	4.5	0.0	0.0
209	__protein3_rbs	11.2	0.0	0.0
209	__ribosome	32.8	0.0	0.0
209	__rnase_site_ext	16.95	0.0	0.0
209	p0	0.9	0.0	0.0
209	p2	0.85	0.0	0.0
209	protein1	484.95	7.6	1.9492109
209	protein2	487.85	7.9	2.09294625
209	protein3	1111.75	17.95	2.0883768
209	r2	8.5	0.0	0.0
209	rnapol	1.15	0.0	0.0
210	__protein1_rbs	4.25	0.0	0.0
210	__protein2_rbs	5.3	0.0	0.0
210	__protein3_rbs	10.9	0.0	0.0
210	__ribosome	33.2	0.0	0.0
210	__rnase_site_ext	17.0	0.0	0.0
210	p0	0.9	0.0	0.0
210	p2	0.7	0.0	0.0
210	protein1	487.45	7.55	2.0589835
210	protein2	490.75	8.0	2.0346473
210	protein3	1119.5	17.75	2.0468523999999997
210	r2	8.45	0.0	0.0
210	rnapol	1.1	0.0	0.0
211	__protein1_rbs	4.7	0.0	0.0
211	__protein2_rbs	4.35	0.0	0.0
211	__protein3_rbs	10.8	0.0	0.0
211	__ribosome	33.95	0.0	0.0
211	__rnase_site_ext	16.95	0.0	0.0
211	p0	0.9	0.0	0.0
211	p2	0.65	0.0	0.0
211	protein1	490.85	7.55	1.9878785000000003
211	protein2	493.9	8.05	2.0661601000000003
211	protein3	1126.95	17.9	2.0097733
211	r2	8.45	0.0	0.0
211	rnapol	1.1	0.0	0.0
212	__protein1_rbs	4.6	0.0	0.0
212	__protein2_rbs	5.15	0.0	0.0
212	__protein3_rbs	10.5	0.0	0.0
212	__ribosome	33.1	0.0	0.0
212	__rnase_site_ext	17.0	0.0	0.0
212	p0	0.95	0.0	0.0
212	p2	0.85	0.0	0.0
212	protein1	493.25	7.6	2.0664011
212	protein2	496.85	8.1	2.0656623
212	protein3	1133.95	17.9	2.00589925
212	r2	8.35	0.0	0.0
212	rnapol	1.0	0.0	0.0
213	__protein1_rbs	4.15	0.0	0.0
213	__protein2_rbs	4.8	0.0	0.0
213	__protein3_rbs	10.15	0.0	0.0
213	__ribosome	32.45	0.0	0.0
213	__rnase_site_ext	17.1	0.0	0.0
213	p0	0.85	0.0	0.0
213	p2	0.85	0.0	0.0
213	protein1	496.35	7.5	2.1496321499999995
213	protein2	500.3	8.25	2.0179206
213	protein3	1141.15	18.15	2.0071905
213	r2	8.45	0.0	0.0
213	rnapol	1.0	0.0	0.0
214	__protein1_rbs	4.35	0.0	0.0
214	__protein2_rbs	5.15	0.0	0.0
214	__protein3_rbs	10.8	0.0	0.0
214	__ribosome	31.35	0.0	0.0
214	__rnase_site_ext	17.15	0.0	0.0
214	p0	0.95	0.0	0.0
214	p2	0.7	0.0	0.0
214	protein1	498.8	7.65	2.19511145
214	protein2	503.25	8.25	2.0228923999999995
214	protein3	1148.1	18.05	2.0275107500000003
214	r2	8.4	0.0	0.0
214	rnapol	0.95	0.0	0.0
215	__protein1_rbs	4.55	0.0	0.0
215	__protein2_rbs	4.6	0.0	0.0
215	__protein3_rbs	12.15	0.0	0.0
215	__ribosome	32.25	0.0	0.0
215	__rnase_site_ext	16.9	0.0	0.0
215	p0	0.95	0.0	0.0
215	p2	0.7	0.0	0.0
215	protein1	502.3	7.5	2.1718069
215	protein2	506.1	8.15	2.1312438
215	protein3	1154.9	18.05	1.98025125
215	r2	8.5	0.0	0.0
215	rnapol	1.05	0.0	0.0
216	__protein1_rbs	5.1	0.0	0.0
216	__protein2_rbs	4.95	0.0	0.0
216	__protein3_rbs	10.7	0.0	0.0
216	__ribosome	32.15	0.0	0.0
216	__rnase_site_ext	16.8	0.0	0.0
216	p0	0.95	0.0	0.0
216	p2	0.7	0.0	0.0
216	protein1	505.15	7.5	2.1301127999999996
216	protein2	509.7	8.2	2.02206255
216	protein3	1161.6	18.25	2.0155838
216	r2	8.5	0.0	0.0
216	rnapol	1.15	0.0	0.0
217	__protein1_rbs	4.2	0.0	0.0
217	__protein2_rbs	5.0	0.0	0.0
217	__protein3_rbs	11.3	0.0	0.0
217	__ribosome	33.15	0.0	0.0
217	__rnase_site_ext	16.9	0.0	0.0
217	p0	0.85	0.0	0.0
217	p2	0.9	0.0	0.0
217	protein1	508.45	7.4	2.117381
217	protein2	512.65	8.15	2.08281575
217	protein3	1169.15	18.0	1.98217115
217	r2	8.5	0.0	0.0
217	rnapol	1.05	0.0	0.0
218	__protein1_rbs	4.3	0.0	0.0
218	__protein2_rbs	4.75	0.0	0.0
218	__protein3_rbs	11.35	0.0	0.0
218	__ribosome	32.95	0.0	0.0
218	__rnase_site_ext	16.8	0.0	0.0
218	p0	0.9	0.0	0.0
218	p2	0.75	0.0	0.0
218	protein1	511.5	7.4	2.06496035
218	protein2	515.5	8.2	2.1354196999999995
218	protein3	1176.1	18.2	1.94211225
218	r2	8.4	0.0	0.0
218	rnapol	1.3	0.0	0.0
219	__protein1_rbs	4.05	0.0	0.0
219	__protein2_rbs	4.05	0.0	0.0
219	__protein3_rbs	11.35	0.0	0.0
219	__ribosome	33.4	0.0	0.0
219	__rnase_site_ext	16.6	0.0	0.0
219	p0	0.95	0.0	0.0
219	p2	0.75	0.0	0.0
219	protein1	514.75	7.45	2.0669520500000003
219	protein2	519.0	8.25	2.1790277
219	protein3	1183.65	18.15	1.8911117
219	r2	8.45	0.0	0.0
219	rnapol	1.3	0.0	0.0
220	__protein1_rbs	5.0	0.0	0.0
220	__protein2_rbs	4.85	0.0	0.0
220	__protein3_rbs	10.65	0.0	0.0
220	__ribosome	33.25	0.0	0.0
220	__rnase_site_ext	16.6	0.0	0.0
220	p0	1.0	0.0	0.0
220	p2	0.75	0.0	0.0
220	protein1	517.6	7.5	2.02154755
220	protein2	522.45	8.05	2.2319932999999996
220	protein3	1190.4	17.9	1.95439085
220	r2	8.4	0.0	0.0
220	rnapol	1.4	0.0	0.0
221	__protein1_rbs	4.5	0.0	0.0
221	__protein2_rbs	4.5	0.0	0.0
221	__protein3_rbs	10.45	0.0	0.0
221	__ribosome	31.5	0.0	0.0
221	__rnase_site_ext	16.6	0.0	0.0
221	p0	0.95	0.0	0.0
221	p2	0.65	0.0	0.0
221	protein1	520.35	7.45	2.0228571000000004
221	protein2	525.4	8.1	2.25866915
221	protein3	1196.55	17.9	2.0330255500000005
221	r2	8.45	0.0	0.0
221	rnapol	1.15	0.0	0.0
222	__protein1_rbs	4.95	0.0	0.0
222	__protein2_rbs	4.45	0.0	0.0
222	__protein3_rbs	10.85	0.0	0.0
222	__ribosome	31.75	0.0	0.0
222	__rnase_site_ext	16.8	0.0	0.0
222	p0	0.95	0.0	0.0
222	p2	0.75	0.0	0.0
222	protein1	523.1	7.4	2.0297024
222	protein2	529.05	8.1	2.22235765
222	protein3	1204.0	18.15	2.01133855
222	r2	8.5	0.0	0.0
222	rnapol	1.25	0.0	0.0
223	__protein1_rbs	4.35	0.0	0.0
223	__protein2_rbs	4.75	0.0	0.0
223	__protein3_rbs	11.1	0.0	0.0
223	__ribosome	31.2	0.0	0.0
223	__rnase_site_ext	16.95	0.0	0.0
223	p0	0.8	0.0	0.0
223	p2	0.7	0.0	0.0
223	protein1	526.2	7.45	2.003670650000001
223	protein2	532.05	8.15	2.241739
223	protein3	1210.25	18.2	2.03681145
223	r2	8.6	0.0	0.0
223	rnapol	0.95	0.0	0.0
224	__protein1_rbs	4.65	0.0	0.0
224	__protein2_rbs	5.35	0.0	0.0
224	__protein3_rbs	10.0	0.0	0.0
224	__ribosome	32.45	0.0	0.0
224	__rnase_site_ext	16.95	0.0	0.0
224	p0	0.9	0.0	0.0
224	p2	0.8	0.0	0.0
224	protein1	529.1	7.5	1.9941071000000004
224	protein2	536.0	8.15	2.06205585
224	protein3	1217.6	17.85	2.0939034000000003
224	r2	8.75	0.0	0.0
224	rnapol	1.05	0.0	0.0
225	__protein1_rbs	4.95	0.0	0.0
225	__protein2_rbs	4.85	0.0	0.0
225	__protein3_rbs	11.5	0.0	0.0
225	__ribosome	33.75	0.0	0.0
225	__rnase_site_ext	17.15	0.0	0.0
225	p0	0.9	0.0	0.0
225	p2	0.6	0.0	0.0
225	protein1	531.8	7.6	1.91833325
225	protein2	539.6	8.15	1.9954079
225	protein3	1224.75	17.9	2.0383308500000004
225	r2	8.7	0.0	0.0
225	rnapol	0.85	0.0	0.0
226	__protein1_rbs	4.1	0.0	0.0
226	__protein2_rbs	4.95	0.0	0.0
226	__protein3_rbs	10.4	0.0	0.0
226	__ribosome	32.55	0.0	0.0
226	__rnase_site_ext	17.35	0.0	0.0
226	p0	1.0	0.0	0.0
226	p2	0.65	0.0	0.0
226	protein1	534.75	7.7	1.95811505
226	protein2	542.85	8.2	2.02140335
226	protein3	1232.1	17.9	2.06420405
226	r2	8.6	0.0	0.0
226	rnapol	0.9	0.0	0.0
227	__protein1_rbs	4.95	0.0	0.0
227	__protein2_rbs	4.6	0.0	0.0
227	__protein3_rbs	10.7	0.0	0.0
227	__ribosome	32.4	0.0	0.0
227	__rnase_site_ext	17.3	0.0	0.0
227	p0	0.95	0.0	0.0
227	p2	0.75	0.0	0.0
227	protein1	537.3	7.7	1.9692857500000005
227	protein2	546.25	8.15	2.0551101000000003
227	protein3	1239.45	18.2	2.020235
227	r2	8.7	0.0	0.0
227	rnapol	0.8	0.0	0.0
228	__protein1_rbs	4.6	0.0	0.0
228	__protein2_rbs	5.2	0.0	0.0
228	__protein3_rbs	10.6	0.0	0.0
228	__ribosome	31.2	0.0	0.0
228	__rnase_site_ext	17.3	0.0	0.0
228	p0	1.0	0.0	0.0
228	p2	0.7	0.0	0.0
228	protein1	540.2	7.65	2.0446230000000005
228	protein2	549.35	8.25	1.9734596000000002
228	protein3	1245.95	18.4	2.06563275
228	r2	8.7	0.0	0.0
228	rnapol	1.1	0.0	0.0
229	__protein1_rbs	4.45	0.0	0.0
229	__protein2_rbs	4.75	0.0	0.0
229	__protein3_rbs	10.95	0.0	0.0
229	__ribosome	30.9	0.0	0.0
229	__rnase_site_ext	17.25	0.0	0.0
229	p0	1.0	0.0	0.0
229	p2	0.85	0.0	0.0
229	protein1	542.85	7.65	2.0930952
229	protein2	552.3	8.25	2.01068
229	protein3	1253.5	18.5	2.031814
229	r2	8.45	0.0	0.0
229	rnapol	1.15	0.0	0.0
230	__protein1_rbs	4.55	0.0	0.0
230	__protein2_rbs	4.65	0.0	0.0
230	__protein3_rbs	11.3	0.0	0.0
230	__ribosome	31.1	0.0	0.0
230	__rnase_site_ext	17.25	0.0	0.0
230	p0	0.85	0.0	0.0
230	p2	0.8	0.0	0.0
230	protein1	546.4	7.55	2.0561309000000003
230	protein2	555.25	8.1	2.1318254
230	protein3	1260.85	18.65	2.0109397
230	r2	8.45	0.0	0.0
230	rnapol	0.95	0.0	0.0
231	__protein1_rbs	4.25	0.0	0.0
231	__protein2_rbs	4.7	0.0	0.0
231	__protein3_rbs	11.05	0.0	0.0
231	__ribosome	31.3	0.0	0.0
231	__rnase_site_ext	17.3	0.0	0.0
231	p0	0.95	0.0	0.0
231	p2	0.8	0.0	0.0
231	protein1	549.85	7.3	2.07416665
231	protein2	558.55	8.1	2.0947691500000003
231	protein3	1267.85	18.9	1.997782
231	r2	8.45	0.0	0.0
231	rnapol	1.0	0.0	0.0
232	__protein1_rbs	4.75	0.0	0.0
232	__protein2_rbs	4.65	0.0	0.0
232	__protein3_rbs	11.8	0.0	0.0
232	__ribosome	31.05	0.0	0.0
232	__rnase_site_ext	17.55	0.0	0.0
232	p0	0.85	0.0	0.0
232	p2	0.6	0.0	0.0
232	protein1	552.7	7.35	2.0177930500000003
232	protein2	561.65	8.15	2.09133475
232	protein3	1274.65	18.8	2.01886615
232	r2	8.45	0.0	0.0
232	rnapol	0.75	0.0	0.0
233	__protein1_rbs	3.95	0.0	0.0
233	__protein2_rbs	5.35	0.0	0.0
233	__protein3_rbs	11.5	0.0	0.0
233	__ribosome	31.4	0.0	0.0
233	__rnase_site_ext	17.75	0.0	0.0
233	p0	1.0	0.0	0.0
233	p2	0.6	0.0	0.0
233	protein1	555.35	7.3	2.0834753
233	protein2	564.7	8.2	2.04918115
233	protein3	1282.35	18.7	1.9957131
233	r2	8.55	0.0	0.0
233	rnapol	0.8	0.0	0.0
234	__protein1_rbs	4.3	0.0	0.0
234	__protein2_rbs	5.0	0.0	0.0
234	__protein3_rbs	11.2	0.0	0.0
234	__ribosome	31.85	0.0	0.0
234	__rnase_site_ext	17.7	0.0	0.0
234	p0	0.9	0.0	0.0
234	p2	0.65	0.0	0.0
234	protein1	558.45	7.4	2.0567857
234	protein2	568.15	8.15	2.00748015
234	protein3	1290.2	19.0	1.9732699499999995
234	r2	8.5	0.0	0.0
234	rnapol	1.0	0.0	0.0
235	__protein1_rbs	4.45	0.0	0.0
235	__protein2_rbs	4.65	0.0	0.0
235	__protein3_rbs	11.55	0.0	0.0
235	__ribosome	32.15	0.0	0.0
235	__rnase_site_ext	17.65	0.0	0.0
235	p0	0.8	0.0	0.0
235	p2	0.75	0.0	0.0
235	protein1	561.55	7.4	2.00832435
235	protein2	571.45	8.1	2.0218254
235	protein3	1297.65	19.15	1.9648997
235	r2	8.55	0.0	0.0
235	rnapol	1.0	0.0	0.0
236	__protein1_rbs	5.0	0.0	0.0
236	__protein2_rbs	4.35	0.0	0.0
236	__protein3_rbs	11.4	0.0	0.0
236	__ribosome	31.9	0.0	0.0
236	__rnase_site_ext	17.55	0.0	0.0
236	p0	0.95	0.0	0.0
236	p2	0.8	0.0	0.0
236	protein1	564.45	7.15	1.9679275
236	protein2	574.6	8.05	2.0867261999999998
236	protein3	1304.45	19.15	1.992374
236	r2	8.45	0.0	0.0
236	rnapol	1.05	0.0	0.0
237	__protein1_rbs	4.2	0.0	0.0
237	__protein2_rbs	4.95	0.0	0.0
237	__protein3_rbs	12.15	0.0	0.0
237	__ribosome	32.35	0.0	0.0
237	__rnase_site_ext	17.55	0.0	0.0
237	p0	0.95	0.0	0.0
237	p2	0.8	0.0	0.0
237	protein1	567.3	7.25	1.971645
237	protein2	578.1	8.05	2.0397167500000006
237	protein3	1311.65	19.25	1.9820795999999996
237	r2	8.55	0.0	0.0
237	rnapol	1.0	0.0	0.0
238	__protein1_rbs	4.7	0.0	0.0
238	__protein2_rbs	4.85	0.0	0.0
238	__protein3_rbs	11.65	0.0	0.0
238	__ribosome	32.75	0.0	0.0
238	__rnase_site_ext	17.55	0.0	0.0
238	p0	0.95	0.0	0.0
238	p2	0.75	0.0	0.0
238	protein1	570.35	7.15	1.9169985
238	protein2	581.2	7.95	2.088245
238	protein3	1318.85	19.2	1.99633835
238	r2	8.5	0.0	0.0
238	rnapol	0.95	0.0	0.0
239	__protein1_rbs	4.3	0.0	0.0
239	__protein2_rbs	5.15	0.0	0.0
239	__protein3_rbs	11.75	0.0	0.0
239	__ribosome	33.25	0.0	0.0
239	__rnase_site_ext	17.35	0.0	0.0
239	p0	1.0	0.0	0.0
239	p2	0.7	0.0	0.0
239	protein1	573.15	7.1	1.93606605
239	protein2	584.4	7.95	1.9793542
239	protein3	1326.2	19.0	2.00325325
239	r2	8.6	0.0	0.0
239	rnapol	1.2	0.0	0.0
240	__protein1_rbs	4.3	0.0	0.0
240	__protein2_rbs	4.25	0.0	0.0
240	__protein3_rbs	10.55	0.0	0.0
240	__ribosome	32.15	0.0	0.0
240	__rnase_site_ext	17.35	0.0	0.0
240	p0	0.9	0.0	0.0
240	p2	0.6	0.0	0.0
240	protein1	576.25	7.15	1.8723773500000005
240	protein2	587.3	7.95	2.10104435
240	protein3	1333.95	18.9	2.0448362500000004
240	r2	8.5	0.0	0.0
240	rnapol	1.2	0.0	0.0
241	__protein1_rbs	4.4	0.0	0.0
241	__protein2_rbs	5.6	0.0	0.0
241	__protein3_rbs	11.4	0.0	0.0
241	__ribosome	32.65	0.0	0.0
241	__rnase_site_ext	17.6	0.0	0.0
241	p0	0.8	0.0	0.0
241	p2	0.75	0.0	0.0
241	protein1	578.4	7.15	1.9612464000000005
241	protein2	590.85	8.05	1.9219895500000004
241	protein3	1341.6	19.05	2.02406095
241	r2	8.45	0.0	0.0
241	rnapol	1.1	0.0	0.0
242	__protein1_rbs	4.4	0.0	0.0
242	__protein2_rbs	5.05	0.0	0.0
242	__protein3_rbs	11.35	0.0	0.0
242	__ribosome	32.35	0.0	0.0
242	__rnase_site_ext	17.8	0.0	0.0
242	p0	0.85	0.0	0.0
242	p2	0.8	0.0	0.0
242	protein1	581.3	7.2	1.95848845
242	protein2	593.65	8.15	1.9204762
242	protein3	1348.6	19.05	2.0212221999999995
242	r2	8.4	0.0	0.0
242	rnapol	1.0	0.0	0.0
243	__protein1_rbs	4.45	0.0	0.0
243	__protein2_rbs	4.45	0.0	0.0
243	__protein3_rbs	11.0	0.0	0.0
243	__ribosome	31.6	0.0	0.0
243	__rnase_site_ext	17.75	0.0	0.0
243	p0	0.9	0.0	0.0
243	p2	0.9	0.0	0.0
243	protein1	584.2	7.5	1.8449801
243	protein2	596.45	8.1	2.0342262
243	protein3	1356.35	19.1	2.03310685
243	r2	8.3	0.0	0.0
243	rnapol	1.1	0.0	0.0
244	__protein1_rbs	4.4	0.0	0.0
244	__protein2_rbs	5.0	0.0	0.0
244	__protein3_rbs	12.05	0.0	0.0
244	__ribosome	32.05	0.0	0.0
244	__rnase_site_ext	17.85	0.0	0.0
244	p0	0.9	0.0	0.0
244	p2	0.9	0.0	0.0
244	protein1	586.55	7.45	2.0178932
244	protein2	599.95	8.1	1.990873
244	protein3	1363.7	18.95	2.0209565
244	r2	8.25	0.0	0.0
244	rnapol	1.15	0.0	0.0
245	__protein1_rbs	4.35	0.0	0.0
245	__protein2_rbs	5.2	0.0	0.0
245	__protein3_rbs	11.5	0.0	0.0
245	__ribosome	33.0	0.0	0.0
245	__rnase_site_ext	18.15	0.0	0.0
245	p0	0.85	0.0	0.0
245	p2	0.8	0.0	0.0
245	protein1	589.55	7.6	1.92971315
245	protein2	603.45	8.15	1.9109822
245	protein3	1371.15	18.95	2.00573455
245	r2	8.25	0.0	0.0
245	rnapol	0.95	0.0	0.0
246	__protein1_rbs	4.95	0.0	0.0
246	__protein2_rbs	4.55	0.0	0.0
246	__protein3_rbs	11.0	0.0	0.0
246	__ribosome	32.5	0.0	0.0
246	__rnase_site_ext	18.3	0.0	0.0
246	p0	1.0	0.0	0.0
246	p2	0.6	0.0	0.0
246	protein1	592.25	7.55	1.95202195
246	protein2	606.3	7.95	2.0754294
246	protein3	1378.7	18.95	1.9851191500000005
246	r2	8.25	0.0	0.0
246	rnapol	0.85	0.0	0.0
247	__protein1_rbs	5.0	0.0	0.0
247	__protein2_rbs	4.7	0.0	0.0
247	__protein3_rbs	11.3	0.0	0.0
247	__ribosome	31.55	0.0	0.0
247	__rnase_site_ext	18.15	0.0	0.0
247	p0	0.9	0.0	0.0
247	p2	0.65	0.0	0.0
247	protein1	594.75	7.7	1.91676225
247	protein2	609.05	8.0	2.11330455
247	protein3	1386.0	19.1	1.9981852999999998
247	r2	8.15	0.0	0.0
247	rnapol	0.8	0.0	0.0
248	__protein1_rbs	4.7	0.0	0.0
248	__protein2_rbs	4.85	0.0	0.0
248	__protein3_rbs	11.4	0.0	0.0
248	__ribosome	33.0	0.0	0.0
248	__rnase_site_ext	18.15	0.0	0.0
248	p0	0.95	0.0	0.0
248	p2	0.85	0.0	0.0
248	protein1	598.0	7.45	1.93061145
248	protein2	612.35	7.95	2.10318545
248	protein3	1393.95	19.15	1.9498533000000005
248	r2	8.2	0.0	0.0
248	rnapol	1.05	0.0	0.0
249	__protein1_rbs	4.2	0.0	0.0
249	__protein2_rbs	4.75	0.0	0.0
249	__protein3_rbs	10.95	0.0	0.0
249	__ribosome	30.8	0.0	0.0
249	__rnase_site_ext	18.35	0.0	0.0
249	p0	1.0	0.0	0.0
249	p2	0.7	0.0	0.0
249	protein1	600.65	7.55	2.0104509
249	protein2	615.45	8.0	2.0960804000000004
249	protein3	1400.7	19.1	2.02101225
249	r2	8.2	0.0	0.0
249	rnapol	0.85	0.0	0.0
250	__protein1_rbs	4.6	0.0	0.0
250	__protein2_rbs	5.1	0.0	0.0
250	__protein3_rbs	10.85	0.0	0.0
250	__ribosome	28.9	0.0	0.0
250	__rnase_site_ext	17.4	0.0	0.0
250	p0	0.9	0.0	0.0
250	p2	0.8	0.0	0.0
250	protein1	577.2	7.3	1.9542587
250	protein2	591.05	7.6	1.9808423500000003
250	protein3	1333.35	18.1	1.9260396
250	r2	8.0	0.0	0.0
250	rnapol	0.8	0.0	0.0
