time	species	protein	transcript	ribo_density
0	__protein1_rbs	0.0	0.0	0.0
0	__protein2_rbs	0.0	0.0	0.0
0	__protein3_rbs	0.0	0.0	0.0
0	__ribosome	100.0	0.0	0.0
0	__rnase_site_ext	0.0	0.0	0.0
0	p0	1.0	0.0	0.0
0	p2	1.0	0.0	0.0
0	r1	0.0	0.0	0.0
0	rnapol	4.0	0.0	0.0
1	__protein1_rbs	0.0	0.0	0.0
1	__protein2_rbs	0.0	0.0	0.0
1	__protein3_rbs	0.0	0.0	0.0
1	__ribosome	95.0	0.0	0.0
1	__rnase_site_ext	0.95	0.0	0.0
1	p0	0.7	0.0	0.0
1	p2	0.4	0.0	0.0
1	r1	0.0	0.0	0.0
1	rnapol	2.65	0.0	0.0
2	__protein1_rbs	0.1	0.0	0.0
2	__protein2_rbs	0.0	0.0	0.0
2	__protein3_rbs	0.2	0.0	0.0
2	__ribosome	99.85	0.0	0.0
2	__rnase_site_ext	1.7	0.0	0.0
2	p0	0.75	0.0	0.0
2	p2	0.55	0.0	0.0
2	protein1	0.0	0.15	0.05
2	protein3	0.0	0.3	0.1
2	r1	0.0	0.0	0.0
2	rnapol	2.1	0.0	0.0
3	__protein1_rbs	0.05	0.0	0.0
3	__protein2_rbs	0.0	0.0	0.0
3	__protein3_rbs	0.15	0.0	0.0
3	__ribosome	103.65	0.0	0.0
3	__rnase_site_ext	1.85	0.0	0.0
3	p0	1.0	0.0	0.0
3	p2	0.85	0.0	0.0
3	protein1	0.0	0.55	0.55
3	protein3	0.0	0.9	0.7
3	r1	0.0	0.0	0.0
3	rnapol	2.1	0.0	0.0
4	__protein1_rbs	0.1	0.0	0.0
4	__protein2_rbs	0.0	0.0	0.0
4	__protein3_rbs	0.55	0.0	0.0
4	__ribosome	97.6	0.0	0.0
4	__rnase_site_ext	2.15	0.0	0.0
4	p0	0.95	0.0	0.0
4	p2	0.6	0.0	0.0
4	protein1	0.0	0.6	inf
4	protein3	0.0	1.15	inf
4	r1	0.0	0.0	0.0
4	rnapol	1.5	0.0	0.0
5	__protein1_rbs	0.05	0.0	0.0
5	__protein2_rbs	0.0	0.0	0.0
5	__protein3_rbs	0.85	0.0	0.0
5	__ribosome	96.4	0.0	0.0
5	__rnase_site_ext	2.6	0.0	0.0
5	p0	0.9	0.0	0.0
5	p2	0.8	0.0	0.0
5	protein1	0.0	0.65	1.5
5	protein3	0.0	1.4	inf
5	r1	0.0	0.0	0.0
5	rnapol	1.15	0.0	0.0
6	__protein1_rbs	0.25	0.0	0.0
6	__protein2_rbs	0.0	0.0	0.0
6	__protein3_rbs	0.65	0.0	0.0
6	__ribosome	94.8	0.0	0.0
6	__rnase_site_ext	2.75	0.0	0.0
6	p0	0.95	0.0	0.0
6	p2	0.85	0.0	0.0
6	protein1	0.0	0.75	1.95
6	protein3	0.0	1.8	inf
6	r1	0.0	0.0	0.0
6	rnapol	1.15	0.0	0.0
7	__protein1_rbs	0.4	0.0	0.0
7	__protein2_rbs	0.0	0.0	0.0
7	__protein3_rbs	0.7	0.0	0.0
7	__ribosome	93.65	0.0	0.0
7	__rnase_site_ext	3.05	0.0	0.0
7	p0	0.9	0.0	0.0
7	p2	0.7	0.0	0.0
7	protein1	0.1	0.85	2.15
7	protein3	0.25	1.85	inf
7	r1	0.0	0.0	0.0
7	rnapol	0.9	0.0	0.0
8	__protein1_rbs	0.15	0.0	0.0
8	__protein2_rbs	0.0	0.0	0.0
8	__protein3_rbs	0.45	0.0	0.0
8	__ribosome	92.25	0.0	0.0
8	__rnase_site_ext	3.05	0.0	0.0
8	p0	1.0	0.0	0.0
8	p2	0.9	0.0	0.0
8	protein1	0.5	0.95	2.325
8	protein3	0.75	2.0	inf
8	r1	0.15	0.0	0.0
8	rnapol	1.1	0.0	0.0
9	__protein1_rbs	0.3	0.0	0.0
9	__protein2_rbs	0.0	0.0	0.0
9	__protein3_rbs	0.7	0.0	0.0
9	__ribosome	91.25	0.0	0.0
9	__rnase_site_ext	3.4	0.0	0.0
9	p0	0.75	0.0	0.0
9	p2	0.85	0.0	0.0
9	protein1	0.8	0.95	2.5
9	protein3	1.3	2.1	inf
9	r1	0.45	0.0	0.0
9	rnapol	1.1	0.0	0.0
10	__protein1_rbs	0.25	0.0	0.0
10	__protein2_rbs	0.05	0.0	0.0
10	__protein3_rbs	0.8	0.0	0.0
10	__ribosome	90.6	0.0	0.0
10	__rnase_site_ext	3.65	0.0	0.0
10	p0	0.95	0.0	0.0
10	p2	0.8	0.0	0.0
10	protein1	1.25	0.95	2.7
10	protein2	0.0	0.05	0.0
10	protein3	2.25	2.3	inf
10	r1	0.65	0.0	0.0
10	rnapol	1.05	0.0	0.0
11	__protein1_rbs	0.45	0.0	0.0
11	__protein2_rbs	0.0	0.0	0.0
11	__protein3_rbs	0.65	0.0	0.0
11	__ribosome	89.65	0.0	0.0
11	__rnase_site_ext	3.8	0.0	0.0
11	p0	1.0	0.0	0.0
11	p2	0.85	0.0	0.0
11	protein1	1.8	1.2	2.34166665
11	protein2	0.0	0.2	0.2
11	protein3	3.3	2.35	inf
11	r1	0.7	0.0	0.0
11	rnapol	1.25	0.0	0.0
12	__protein1_rbs	0.45	0.0	0.0
12	__protein2_rbs	0.05	0.0	0.0
12	__protein3_rbs	0.65	0.0	0.0
12	__ribosome	88.25	0.0	0.0
12	__rnase_site_ext	3.9	0.0	0.0
12	p0	0.95	0.0	0.0
12	p2	0.9	0.0	0.0
12	protein1	2.4	1.25	2.38333335
12	protein2	0.0	0.45	0.55
12	protein3	4.2	2.55	inf
12	r1	0.8	0.0	0.0
12	rnapol	1.45	0.0	0.0
13	__protein1_rbs	0.45	0.0	0.0
13	__protein2_rbs	0.2	0.0	0.0
13	__protein3_rbs	1.1	0.0	0.0
13	__ribosome	87.5	0.0	0.0
13	__rnase_site_ext	4.1	0.0	0.0
13	p0	0.95	0.0	0.0
13	p2	0.8	0.0	0.0
13	protein1	2.9	1.25	2.65833335
13	protein2	0.0	0.6	0.875
13	protein3	5.5	2.55	2.92750005
13	r1	0.95	0.0	0.0
13	rnapol	1.25	0.0	0.0
14	__protein1_rbs	0.25	0.0	0.0
14	__protein2_rbs	0.45	0.0	0.0
14	__protein3_rbs	1.05	0.0	0.0
14	__ribosome	86.95	0.0	0.0
14	__rnase_site_ext	4.5	0.0	0.0
14	p0	0.95	0.0	0.0
14	p2	0.85	0.0	0.0
14	protein1	3.45	1.3	2.85833335
14	protein2	0.0	0.7	1.05
14	protein3	7.05	2.7	2.73333335
14	r1	1.0	0.0	0.0
14	rnapol	1.1	0.0	0.0
15	__protein1_rbs	0.2	0.0	0.0
15	__protein2_rbs	0.2	0.0	0.0
15	__protein3_rbs	0.9	0.0	0.0
15	__ribosome	85.55	0.0	0.0
15	__rnase_site_ext	4.75	0.0	0.0
15	p0	1.0	0.0	0.0
15	p2	0.65	0.0	0.0
15	protein1	4.15	1.35	3.0166666500000003
15	protein2	0.1	0.8	1.45
15	protein3	8.55	3.05	2.62
15	r1	1.05	0.0	0.0
15	rnapol	1.0	0.0	0.0
16	__protein1_rbs	0.5	0.0	0.0
16	__protein2_rbs	0.15	0.0	0.0
16	__protein3_rbs	1.4	0.0	0.0
16	__ribosome	85.05	0.0	0.0
16	__rnase_site_ext	5.05	0.0	0.0
16	p0	0.9	0.0	0.0
16	p2	0.8	0.0	0.0
16	protein1	5.1	1.4	2.70833335
16	protein2	0.2	0.8	1.95
16	protein3	9.95	3.2	2.53833335
16	r1	1.15	0.0	0.0
16	rnapol	1.0	0.0	0.0
17	__protein1_rbs	0.45	0.0	0.0
17	__protein2_rbs	0.35	0.0	0.0
17	__protein3_rbs	1.1	0.0	0.0
17	__ribosome	83.85	0.0	0.0
17	__rnase_site_ext	5.15	0.0	0.0
17	p0	0.95	0.0	0.0
17	p2	0.85	0.0	0.0
17	protein1	5.75	1.4	2.85
17	protein2	0.45	0.9	2.05
17	protein3	11.5	3.5	2.5700000000000007
17	r1	1.2	0.0	0.0
17	rnapol	1.3	0.0	0.0
18	__protein1_rbs	0.45	0.0	0.0
18	__protein2_rbs	0.15	0.0	0.0
18	__protein3_rbs	1.1	0.0	0.0
18	__ribosome	82.6	0.0	0.0
18	__rnase_site_ext	5.7	0.0	0.0
18	p0	0.75	0.0	0.0
18	p2	0.8	0.0	0.0
18	protein1	6.6	1.55	2.70833335
18	protein2	0.8	0.9	2.25
18	protein3	12.95	3.6	2.8233333000000003
18	r1	1.3	0.0	0.0
18	rnapol	1.15	0.0	0.0
19	__protein1_rbs	0.7	0.0	0.0
19	__protein2_rbs	0.45	0.0	0.0
19	__protein3_rbs	2.0	0.0	0.0
19	__ribosome	82.45	0.0	0.0
19	__rnase_site_ext	6.1	0.0	0.0
19	p0	0.9	0.0	0.0
19	p2	0.75	0.0	0.0
19	protein1	7.45	1.6	2.6083333
19	protein2	1.2	1.0	2.1
19	protein3	14.45	3.9	2.7033332999999997
19	r1	1.3	0.0	0.0
19	rnapol	1.1	0.0	0.0
20	__protein1_rbs	0.55	0.0	0.0
20	__protein2_rbs	0.35	0.0	0.0
20	__protein3_rbs	1.55	0.0	0.0
20	__ribosome	81.05	0.0	0.0
20	__rnase_site_ext	6.2	0.0	0.0
20	p0	0.95	0.0	0.0
20	p2	0.7	0.0	0.0
20	protein1	8.35	1.8	2.575
20	protein2	1.6	1.05	2.25
20	protein3	16.15	4.1	2.7425000000000006
20	r1	1.35	0.0	0.0
20	rnapol	1.2	0.0	0.0
21	__protein1_rbs	0.9	0.0	0.0
21	__protein2_rbs	0.4	0.0	0.0
21	__protein3_rbs	1.3	0.0	0.0
21	__ribosome	80.15	0.0	0.0
21	__rnase_site_ext	6.5	0.0	0.0
21	p0	0.85	0.0	0.0
21	p2	0.8	0.0	0.0
21	protein1	9.25	1.9	2.5250000000000004
21	protein2	2.25	1.05	2.35
21	protein3	17.9	4.25	2.8716666500000003
21	r1	1.35	0.0	0.0
21	rnapol	1.15	0.0	0.0
22	__protein1_rbs	0.6	0.0	0.0
22	__protein2_rbs	0.5	0.0	0.0
22	__protein3_rbs	1.95	0.0	0.0
22	__ribosome	79.65	0.0	0.0
22	__rnase_site_ext	6.7	0.0	0.0
22	p0	0.9	0.0	0.0
22	p2	0.75	0.0	0.0
22	protein1	10.2	1.9	2.78333335
22	protein2	2.75	1.1	2.25
22	protein3	20.1	4.45	2.7741666500000006
22	r1	1.4	0.0	0.0
22	rnapol	1.15	0.0	0.0
23	__protein1_rbs	0.7	0.0	0.0
23	__protein2_rbs	0.65	0.0	0.0
23	__protein3_rbs	1.85	0.0	0.0
23	__ribosome	78.6	0.0	0.0
23	__rnase_site_ext	7.0	0.0	0.0
23	p0	0.85	0.0	0.0
23	p2	0.95	0.0	0.0
23	protein1	10.75	2.1	2.95000005
23	protein2	3.3	1.1	2.275
23	protein3	22.35	4.55	2.8016666000000003
23	r1	1.4	0.0	0.0
23	rnapol	1.15	0.0	0.0
24	__protein1_rbs	0.95	0.0	0.0
24	__protein2_rbs	0.3	0.0	0.0
24	__protein3_rbs	2.0	0.0	0.0
24	__ribosome	77.55	0.0	0.0
24	__rnase_site_ext	7.25	0.0	0.0
24	p0	0.8	0.0	0.0
24	p2	0.9	0.0	0.0
24	protein1	11.65	2.3	2.8666667
24	protein2	3.75	1.15	2.425
24	protein3	24.4	4.75	2.7466667499999997
24	r1	1.55	0.0	0.0
24	rnapol	1.05	0.0	0.0
25	__protein1_rbs	1.0	0.0	0.0
25	__protein2_rbs	0.35	0.0	0.0
25	__protein3_rbs	1.3	0.0	0.0
25	__ribosome	76.0	0.0	0.0
25	__rnase_site_ext	7.4	0.0	0.0
25	p0	1.0	0.0	0.0
25	p2	0.85	0.0	0.0
25	protein1	12.95	2.35	2.90416665
25	protein2	4.3	1.15	2.6
25	protein3	26.7	4.9	2.9091667
25	r1	1.6	0.0	0.0
25	rnapol	1.25	0.0	0.0
26	__protein1_rbs	0.95	0.0	0.0
26	__protein2_rbs	0.6	0.0	0.0
26	__protein3_rbs	2.05	0.0	0.0
26	__ribosome	75.5	0.0	0.0
26	__rnase_site_ext	7.75	0.0	0.0
26	p0	0.85	0.0	0.0
26	p2	0.85	0.0	0.0
26	protein1	13.8	2.45	2.99166665
26	protein2	5.2	1.25	2.475
26	protein3	29.4	5.0	2.83333335
26	r1	1.75	0.0	0.0
26	rnapol	1.0	0.0	0.0
27	__protein1_rbs	1.0	0.0	0.0
27	__protein2_rbs	0.65	0.0	0.0
27	__protein3_rbs	2.4	0.0	0.0
27	__ribosome	74.7	0.0	0.0
27	__rnase_site_ext	8.1	0.0	0.0
27	p0	0.85	0.0	0.0
27	p2	0.7	0.0	0.0
27	protein1	15.1	2.45	3.2125
27	protein2	5.75	1.3	2.55
27	protein3	31.95	5.3	2.7858334
27	r1	1.85	0.0	0.0
27	rnapol	0.7	0.0	0.0
28	__protein1_rbs	1.05	0.0	0.0
28	__protein2_rbs	0.55	0.0	0.0
28	__protein3_rbs	2.4	0.0	0.0
28	__ribosome	73.45	0.0	0.0
28	__rnase_site_ext	8.35	0.0	0.0
28	p0	0.95	0.0	0.0
28	p2	0.9	0.0	0.0
28	protein1	16.4	2.7	3.08083335
28	protein2	6.2	1.35	2.73333335
28	protein3	34.6	5.4	2.8248809000000006
28	r1	1.95	0.0	0.0
28	rnapol	0.85	0.0	0.0
29	__protein1_rbs	0.9	0.0	0.0
29	__protein2_rbs	0.7	0.0	0.0
29	__protein3_rbs	2.0	0.0	0.0
29	__ribosome	71.6	0.0	0.0
29	__rnase_site_ext	8.45	0.0	0.0
29	p0	1.0	0.0	0.0
29	p2	0.95	0.0	0.0
29	protein1	17.7	2.85	3.03083335
29	protein2	7.05	1.6	2.475
29	protein3	36.85	5.65	2.9509524000000007
29	r1	2.05	0.0	0.0
29	rnapol	1.1	0.0	0.0
30	__protein1_rbs	1.25	0.0	0.0
30	__protein2_rbs	0.5	0.0	0.0
30	__protein3_rbs	2.3	0.0	0.0
30	__ribosome	71.25	0.0	0.0
30	__rnase_site_ext	8.55	0.0	0.0
30	p0	0.95	0.0	0.0
30	p2	0.85	0.0	0.0
30	protein1	19.0	2.85	3.05833335
30	protein2	7.9	1.6	2.6416667
30	protein3	40.2	5.8	2.83452375
30	r1	2.3	0.0	0.0
30	rnapol	1.0	0.0	0.0
31	__protein1_rbs	1.0	0.0	0.0
31	__protein2_rbs	0.7	0.0	0.0
31	__protein3_rbs	2.4	0.0	0.0
31	__ribosome	70.2	0.0	0.0
31	__rnase_site_ext	8.6	0.0	0.0
31	p0	1.0	0.0	0.0
31	p2	0.8	0.0	0.0
31	protein1	20.6	2.85	3.080833300000001
31	protein2	8.7	1.6	2.7916667
31	protein3	43.15	5.9	2.8791071
31	r1	2.45	0.0	0.0
31	rnapol	0.95	0.0	0.0
32	__protein1_rbs	1.05	0.0	0.0
32	__protein2_rbs	0.6	0.0	0.0
32	__protein3_rbs	2.15	0.0	0.0
32	__ribosome	68.9	0.0	0.0
32	__rnase_site_ext	8.8	0.0	0.0
32	p0	0.85	0.0	0.0
32	p2	0.85	0.0	0.0
32	protein1	22.2	2.85	3.08666665
32	protein2	9.25	1.85	2.85
32	protein3	46.25	6.0	2.94291665
32	r1	2.6	0.0	0.0
32	rnapol	0.85	0.0	0.0
33	__protein1_rbs	1.5	0.0	0.0
33	__protein2_rbs	0.7	0.0	0.0
33	__protein3_rbs	2.75	0.0	0.0
33	__ribosome	68.9	0.0	0.0
33	__rnase_site_ext	9.1	0.0	0.0
33	p0	1.0	0.0	0.0
33	p2	0.7	0.0	0.0
33	protein1	23.55	2.85	3.08583335
33	protein2	10.1	2.1	2.6333333
33	protein3	49.45	6.0	2.9138095
33	r1	2.65	0.0	0.0
33	rnapol	0.95	0.0	0.0
34	__protein1_rbs	1.45	0.0	0.0
34	__protein2_rbs	0.8	0.0	0.0
34	__protein3_rbs	2.4	0.0	0.0
34	__ribosome	68.15	0.0	0.0
34	__rnase_site_ext	9.3	0.0	0.0
34	p0	0.9	0.0	0.0
34	p2	0.9	0.0	0.0
34	protein1	25.4	3.0	2.8725
34	protein2	11.0	2.15	2.7625
34	protein3	52.65	6.2	2.9044245500000003
34	r1	2.85	0.0	0.0
34	rnapol	1.0	0.0	0.0
35	__protein1_rbs	1.25	0.0	0.0
35	__protein2_rbs	0.7	0.0	0.0
35	__protein3_rbs	2.35	0.0	0.0
35	__ribosome	66.45	0.0	0.0
35	__rnase_site_ext	9.4	0.0	0.0
35	p0	0.8	0.0	0.0
35	p2	0.85	0.0	0.0
35	protein1	27.25	3.0	2.7950000000000013
35	protein2	11.8	2.25	2.9083333500000004
35	protein3	55.8	6.5	2.9512103000000005
35	r1	3.0	0.0	0.0
35	rnapol	0.95	0.0	0.0
36	__protein1_rbs	1.5	0.0	0.0
36	__protein2_rbs	1.15	0.0	0.0
36	__protein3_rbs	3.4	0.0	0.0
36	__ribosome	67.4	0.0	0.0
36	__rnase_site_ext	9.7	0.0	0.0
36	p0	0.95	0.0	0.0
36	p2	0.95	0.0	0.0
36	protein1	28.85	3.0	2.76916665
36	protein2	12.9	2.4	2.7733333
36	protein3	59.65	6.55	2.80408735
36	r1	3.0	0.0	0.0
36	rnapol	1.05	0.0	0.0
37	__protein1_rbs	1.3	0.0	0.0
37	__protein2_rbs	1.3	0.0	0.0
37	__protein3_rbs	2.75	0.0	0.0
37	__ribosome	66.45	0.0	0.0
37	__rnase_site_ext	9.7	0.0	0.0
37	p0	0.95	0.0	0.0
37	p2	0.7	0.0	0.0
37	protein1	30.55	3.3	2.6425000000000005
37	protein2	13.9	2.55	2.66249995
37	protein3	62.95	6.65	2.8246429499999994
37	r1	3.0	0.0	0.0
37	rnapol	0.95	0.0	0.0
38	__protein1_rbs	1.55	0.0	0.0
38	__protein2_rbs	1.25	0.0	0.0
38	__protein3_rbs	2.85	0.0	0.0
38	__ribosome	66.0	0.0	0.0
38	__rnase_site_ext	10.0	0.0	0.0
38	p0	0.95	0.0	0.0
38	p2	0.75	0.0	0.0
38	protein1	31.95	3.2	2.7991666500000005
38	protein2	15.25	2.65	2.5183332999999997
38	protein3	66.3	6.7	2.8560118999999995
38	r1	2.85	0.0	0.0
38	rnapol	0.95	0.0	0.0
39	__protein1_rbs	1.2	0.0	0.0
39	__protein2_rbs	1.35	0.0	0.0
39	__protein3_rbs	2.55	0.0	0.0
39	__ribosome	65.0	0.0	0.0
39	__rnase_site_ext	10.15	0.0	0.0
39	p0	0.85	0.0	0.0
39	p2	0.7	0.0	0.0
39	protein1	33.5	3.25	2.9441667000000002
39	protein2	16.4	2.65	2.59500005
39	protein3	70.1	6.9	2.84313135
39	r1	2.9	0.0	0.0
39	rnapol	1.0	0.0	0.0
40	__protein1_rbs	1.25	0.0	0.0
40	__protein2_rbs	1.1	0.0	0.0
40	__protein3_rbs	3.2	0.0	0.0
40	__ribosome	64.55	0.0	0.0
40	__rnase_site_ext	10.3	0.0	0.0
40	p0	0.75	0.0	0.0
40	p2	0.9	0.0	0.0
40	protein1	35.15	3.25	3.0892856
40	protein2	17.75	2.7	2.5283333
40	protein3	73.75	7.0	2.7930502
40	r1	3.1	0.0	0.0
40	rnapol	0.95	0.0	0.0
41	__protein1_rbs	1.65	0.0	0.0
41	__protein2_rbs	1.0	0.0	0.0
41	__protein3_rbs	3.3	0.0	0.0
41	__ribosome	64.0	0.0	0.0
41	__rnase_site_ext	10.45	0.0	0.0
41	p0	0.95	0.0	0.0
41	p2	0.75	0.0	0.0
41	protein1	36.8	3.35	2.92142855
41	protein2	19.05	2.6	2.8691667
41	protein3	77.3	7.2	2.74650075
41	r1	3.05	0.0	0.0
41	rnapol	1.0	0.0	0.0
42	__protein1_rbs	1.6	0.0	0.0
42	__protein2_rbs	1.2	0.0	0.0
42	__protein3_rbs	3.35	0.0	0.0
42	__ribosome	63.55	0.0	0.0
42	__rnase_site_ext	10.55	0.0	0.0
42	p0	1.0	0.0	0.0
42	p2	0.85	0.0	0.0
42	protein1	38.5	3.6	2.70190475
42	protein2	20.25	2.7	2.8483333000000006
42	protein3	80.9	7.1	2.79835145
42	r1	3.15	0.0	0.0
42	rnapol	1.0	0.0	0.0
43	__protein1_rbs	1.4	0.0	0.0
43	__protein2_rbs	1.45	0.0	0.0
43	__protein3_rbs	3.1	0.0	0.0
43	__ribosome	62.5	0.0	0.0
43	__rnase_site_ext	10.75	0.0	0.0
43	p0	0.85	0.0	0.0
43	p2	0.7	0.0	0.0
43	protein1	40.25	3.6	2.8747618500000005
43	protein2	21.5	2.7	2.72333335
43	protein3	84.65	7.3	2.81270385
43	r1	3.35	0.0	0.0
43	rnapol	1.0	0.0	0.0
44	__protein1_rbs	1.75	0.0	0.0
44	__protein2_rbs	1.15	0.0	0.0
44	__protein3_rbs	3.25	0.0	0.0
44	__ribosome	61.95	0.0	0.0
44	__rnase_site_ext	11.15	0.0	0.0
44	p0	1.0	0.0	0.0
44	p2	0.75	0.0	0.0
44	protein1	41.95	3.65	2.74607145
44	protein2	22.85	2.75	inf
44	protein3	88.65	7.4	2.7734849
44	r1	3.35	0.0	0.0
44	rnapol	0.85	0.0	0.0
45	__protein1_rbs	1.65	0.0	0.0
45	__protein2_rbs	1.2	0.0	0.0
45	__protein3_rbs	3.4	0.0	0.0
45	__ribosome	61.25	0.0	0.0
45	__rnase_site_ext	11.2	0.0	0.0
45	p0	0.9	0.0	0.0
45	p2	0.8	0.0	0.0
45	protein1	43.85	3.75	2.7577381
45	protein2	24.75	2.9	inf
45	protein3	92.35	7.75	2.76001085
45	r1	3.35	0.0	0.0
45	rnapol	0.8	0.0	0.0
46	__protein1_rbs	1.65	0.0	0.0
46	__protein2_rbs	1.4	0.0	0.0
46	__protein3_rbs	3.2	0.0	0.0
46	__ribosome	60.85	0.0	0.0
46	__rnase_site_ext	11.4	0.0	0.0
46	p0	0.9	0.0	0.0
46	p2	0.75	0.0	0.0
46	protein1	45.9	3.75	inf
46	protein2	26.25	3.0	inf
46	protein3	96.6	8.0	2.69275255
46	r1	3.55	0.0	0.0
46	rnapol	0.75	0.0	0.0
47	__protein1_rbs	1.2	0.0	0.0
47	__protein2_rbs	1.25	0.0	0.0
47	__protein3_rbs	3.8	0.0	0.0
47	__ribosome	59.6	0.0	0.0
47	__rnase_site_ext	11.25	0.0	0.0
47	p0	0.95	0.0	0.0
47	p2	0.9	0.0	0.0
47	protein1	47.9	3.75	inf
47	protein2	27.5	2.95	inf
47	protein3	100.5	8.0	2.719816
47	r1	3.65	0.0	0.0
47	rnapol	1.0	0.0	0.0
48	__protein1_rbs	1.45	0.0	0.0
48	__protein2_rbs	1.05	0.0	0.0
48	__protein3_rbs	3.15	0.0	0.0
48	__ribosome	58.35	0.0	0.0
48	__rnase_site_ext	11.65	0.0	0.0
48	p0	0.85	0.0	0.0
48	p2	0.7	0.0	0.0
48	protein1	49.9	3.75	inf
48	protein2	28.6	3.0	inf
48	protein3	104.6	8.0	2.81493155
48	r1	3.7	0.0	0.0
48	rnapol	0.7	0.0	0.0
49	__protein1_rbs	2.0	0.0	0.0
49	__protein2_rbs	1.5	0.0	0.0
49	__protein3_rbs	3.7	0.0	0.0
49	__ribosome	58.25	0.0	0.0
49	__rnase_site_ext	11.55	0.0	0.0
49	p0	0.75	0.0	0.0
49	p2	0.75	0.0	0.0
49	protein1	51.75	3.9	2.7225
49	protein2	30.35	3.2	2.5635714000000003
49	protein3	108.55	8.15	2.781681100000001
49	r1	3.65	0.0	0.0
49	rnapol	0.6	0.0	0.0
50	__protein1_rbs	1.8	0.0	0.0
50	__protein2_rbs	1.15	0.0	0.0
50	__protein3_rbs	3.6	0.0	0.0
50	__ribosome	57.75	0.0	0.0
50	__rnase_site_ext	11.85	0.0	0.0
50	p0	0.95	0.0	0.0
50	p2	0.9	0.0	0.0
50	protein1	53.75	4.0	2.6194047999999994
50	protein2	31.9	3.25	2.73273815
50	protein3	113.0	8.3	2.7320238000000003
50	r1	3.6	0.0	0.0
50	rnapol	0.75	0.0	0.0
51	__protein1_rbs	1.8	0.0	0.0
51	__protein2_rbs	1.4	0.0	0.0
51	__protein3_rbs	3.05	0.0	0.0
51	__ribosome	56.15	0.0	0.0
51	__rnase_site_ext	12.1	0.0	0.0
51	p0	0.8	0.0	0.0
51	p2	0.9	0.0	0.0
51	protein1	55.85	4.1	2.6121428000000004
51	protein2	33.35	3.35	2.76023815
51	protein3	117.05	8.4	2.81865445
51	r1	3.75	0.0	0.0
51	rnapol	1.0	0.0	0.0
52	__protein1_rbs	2.15	0.0	0.0
52	__protein2_rbs	1.45	0.0	0.0
52	__protein3_rbs	4.25	0.0	0.0
52	__ribosome	56.7	0.0	0.0
52	__rnase_site_ext	12.05	0.0	0.0
52	p0	0.85	0.0	0.0
52	p2	0.9	0.0	0.0
52	protein1	58.35	4.25	2.4038095
52	protein2	34.95	3.3	2.8457143000000005
52	protein3	121.45	8.4	2.8025231500000003
52	r1	3.75	0.0	0.0
52	rnapol	1.05	0.0	0.0
53	__protein1_rbs	2.1	0.0	0.0
53	__protein2_rbs	1.25	0.0	0.0
53	__protein3_rbs	3.65	0.0	0.0
53	__ribosome	56.75	0.0	0.0
53	__rnase_site_ext	12.25	0.0	0.0
53	p0	0.85	0.0	0.0
53	p2	0.9	0.0	0.0
53	protein1	60.5	4.35	2.42571425
53	protein2	36.9	3.2	3.10738095
53	protein3	126.3	8.4	2.7321689500000006
53	r1	3.8	0.0	0.0
53	rnapol	0.9	0.0	0.0
54	__protein1_rbs	1.85	0.0	0.0
54	__protein2_rbs	1.9	0.0	0.0
54	__protein3_rbs	3.8	0.0	0.0
54	__ribosome	56.5	0.0	0.0
54	__rnase_site_ext	12.45	0.0	0.0
54	p0	0.95	0.0	0.0
54	p2	0.75	0.0	0.0
54	protein1	62.5	4.5	2.3576189999999997
54	protein2	38.6	3.25	2.96964285
54	protein3	130.35	8.55	2.7370787999999995
54	r1	3.85	0.0	0.0
54	rnapol	0.85	0.0	0.0
55	__protein1_rbs	1.65	0.0	0.0
55	__protein2_rbs	1.45	0.0	0.0
55	__protein3_rbs	4.35	0.0	0.0
55	__ribosome	56.15	0.0	0.0
55	__rnase_site_ext	12.35	0.0	0.0
55	p0	1.0	0.0	0.0
55	p2	0.8	0.0	0.0
55	protein1	64.45	4.55	2.57619055
55	protein2	40.5	3.3	2.82523815
55	protein3	134.95	8.45	2.67458335
55	r1	3.85	0.0	0.0
55	rnapol	1.15	0.0	0.0
56	__protein1_rbs	1.85	0.0	0.0
56	__protein2_rbs	1.45	0.0	0.0
56	__protein3_rbs	4.35	0.0	0.0
56	__ribosome	56.5	0.0	0.0
56	__rnase_site_ext	12.4	0.0	0.0
56	p0	0.9	0.0	0.0
56	p2	0.75	0.0	0.0
56	protein1	66.7	4.45	2.7328571000000013
56	protein2	42.4	3.35	2.8605952
56	protein3	139.7	8.75	2.56202225
56	r1	4.05	0.0	0.0
56	rnapol	1.15	0.0	0.0
57	__protein1_rbs	1.95	0.0	0.0
57	__protein2_rbs	1.55	0.0	0.0
57	__protein3_rbs	3.95	0.0	0.0
57	__ribosome	55.9	0.0	0.0
57	__rnase_site_ext	12.5	0.0	0.0
57	p0	0.9	0.0	0.0
57	p2	0.75	0.0	0.0
57	protein1	68.85	4.4	2.84833335
57	protein2	43.9	3.3	2.8829761999999994
57	protein3	144.35	8.75	2.6007197
57	r1	4.2	0.0	0.0
57	rnapol	1.1	0.0	0.0
58	__protein1_rbs	1.6	0.0	0.0
58	__protein2_rbs	1.6	0.0	0.0
58	__protein3_rbs	4.0	0.0	0.0
58	__ribosome	55.75	0.0	0.0
58	__rnase_site_ext	12.5	0.0	0.0
58	p0	0.95	0.0	0.0
58	p2	0.9	0.0	0.0
58	protein1	70.95	4.3	3.01142855
58	protein2	45.9	3.4	2.67380955
58	protein3	148.95	8.8	2.5992317000000003
58	r1	4.3	0.0	0.0
58	rnapol	1.0	0.0	0.0
59	__protein1_rbs	1.65	0.0	0.0
59	__protein2_rbs	1.4	0.0	0.0
59	__protein3_rbs	3.65	0.0	0.0
59	__ribosome	54.6	0.0	0.0
59	__rnase_site_ext	12.65	0.0	0.0
59	p0	0.9	0.0	0.0
59	p2	0.85	0.0	0.0
59	protein1	73.65	4.4	2.82023815
59	protein2	47.5	3.5	2.70458325
59	protein3	153.15	8.9	2.6697313
59	r1	4.4	0.0	0.0
59	rnapol	0.9	0.0	0.0
60	__protein1_rbs	2.0	0.0	0.0
60	__protein2_rbs	1.6	0.0	0.0
60	__protein3_rbs	4.25	0.0	0.0
60	__ribosome	53.7	0.0	0.0
60	__rnase_site_ext	12.75	0.0	0.0
60	p0	0.9	0.0	0.0
60	p2	0.75	0.0	0.0
60	protein1	75.7	4.45	2.85226195
60	protein2	49.35	3.65	2.63166665
60	protein3	157.7	8.9	2.72769125
60	r1	4.55	0.0	0.0
60	rnapol	0.9	0.0	0.0
61	__protein1_rbs	2.0	0.0	0.0
61	__protein2_rbs	1.85	0.0	0.0
61	__protein3_rbs	3.8	0.0	0.0
61	__ribosome	53.15	0.0	0.0
61	__rnase_site_ext	12.8	0.0	0.0
61	p0	0.95	0.0	0.0
61	p2	0.95	0.0	0.0
61	protein1	78.3	4.5	2.7829167499999987
61	protein2	50.8	3.7	inf
61	protein3	162.1	8.95	2.809411
61	r1	4.7	0.0	0.0
61	rnapol	1.1	0.0	0.0
62	__protein1_rbs	1.8	0.0	0.0
62	__protein2_rbs	2.15	0.0	0.0
62	__protein3_rbs	4.8	0.0	0.0
62	__ribosome	53.05	0.0	0.0
62	__rnase_site_ext	12.95	0.0	0.0
62	p0	0.95	0.0	0.0
62	p2	0.8	0.0	0.0
62	protein1	80.65	4.55	2.71809525
62	protein2	52.6	3.85	inf
62	protein3	166.45	8.95	2.7862736
62	r1	4.7	0.0	0.0
62	rnapol	0.95	0.0	0.0
63	__protein1_rbs	2.3	0.0	0.0
63	__protein2_rbs	2.0	0.0	0.0
63	__protein3_rbs	4.05	0.0	0.0
63	__ribosome	53.0	0.0	0.0
63	__rnase_site_ext	13.0	0.0	0.0
63	p0	0.95	0.0	0.0
63	p2	0.85	0.0	0.0
63	protein1	83.2	4.6	2.6230952000000007
63	protein2	54.7	4.05	inf
63	protein3	170.9	9.05	2.75878405
63	r1	4.7	0.0	0.0
63	rnapol	0.9	0.0	0.0
64	__protein1_rbs	2.05	0.0	0.0
64	__protein2_rbs	1.7	0.0	0.0
64	__protein3_rbs	4.75	0.0	0.0
64	__ribosome	53.8	0.0	0.0
64	__rnase_site_ext	13.0	0.0	0.0
64	p0	0.95	0.0	0.0
64	p2	0.85	0.0	0.0
64	protein1	85.6	4.6	2.6919048
64	protein2	56.5	4.05	inf
64	protein3	176.55	9.1	2.60232245
64	r1	4.75	0.0	0.0
64	rnapol	1.05	0.0	0.0
65	__protein1_rbs	1.65	0.0	0.0
65	__protein2_rbs	1.8	0.0	0.0
65	__protein3_rbs	4.05	0.0	0.0
65	__ribosome	52.45	0.0	0.0
65	__rnase_site_ext	12.9	0.0	0.0
65	p0	0.95	0.0	0.0
65	p2	0.65	0.0	0.0
65	protein1	87.8	4.6	2.8414285500000003
65	protein2	58.6	4.1	inf
65	protein3	181.0	9.05	2.6778081000000005
65	r1	4.8	0.0	0.0
65	rnapol	0.95	0.0	0.0
66	__protein1_rbs	2.55	0.0	0.0
66	__protein2_rbs	1.75	0.0	0.0
66	__protein3_rbs	3.9	0.0	0.0
66	__ribosome	53.0	0.0	0.0
66	__rnase_site_ext	13.3	0.0	0.0
66	p0	0.8	0.0	0.0
66	p2	0.75	0.0	0.0
66	protein1	89.85	4.6	2.8139286
66	protein2	60.65	4.15	2.5021428500000003
66	protein3	185.95	9.05	2.6243208
66	r1	4.85	0.0	0.0
66	rnapol	0.65	0.0	0.0
67	__protein1_rbs	2.35	0.0	0.0
67	__protein2_rbs	2.4	0.0	0.0
67	__protein3_rbs	3.85	0.0	0.0
67	__ribosome	52.95	0.0	0.0
67	__rnase_site_ext	13.35	0.0	0.0
67	p0	0.9	0.0	0.0
67	p2	0.7	0.0	0.0
67	protein1	92.9	4.7	2.6327381
67	protein2	62.55	4.2	2.41166665
67	protein3	190.3	9.1	2.6717997
67	r1	4.85	0.0	0.0
67	rnapol	0.85	0.0	0.0
68	__protein1_rbs	2.25	0.0	0.0
68	__protein2_rbs	2.2	0.0	0.0
68	__protein3_rbs	4.6	0.0	0.0
68	__ribosome	52.85	0.0	0.0
68	__rnase_site_ext	13.5	0.0	0.0
68	p0	1.0	0.0	0.0
68	p2	0.65	0.0	0.0
68	protein1	95.15	4.75	2.70392855
68	protein2	64.25	4.25	2.4232142999999997
68	protein3	195.6	9.4	2.5126397499999995
68	r1	4.85	0.0	0.0
68	rnapol	0.85	0.0	0.0
69	__protein1_rbs	2.25	0.0	0.0
69	__protein2_rbs	2.2	0.0	0.0
69	__protein3_rbs	4.85	0.0	0.0
69	__ribosome	52.1	0.0	0.0
69	__rnase_site_ext	13.7	0.0	0.0
69	p0	0.95	0.0	0.0
69	p2	0.75	0.0	0.0
69	protein1	97.8	4.8	2.5922619
69	protein2	66.35	4.3	2.48380955
69	protein3	199.45	9.5	2.6152595499999998
69	r1	4.9	0.0	0.0
69	rnapol	1.05	0.0	0.0
70	__protein1_rbs	2.35	0.0	0.0
70	__protein2_rbs	2.05	0.0	0.0
70	__protein3_rbs	4.5	0.0	0.0
70	__ribosome	52.2	0.0	0.0
70	__rnase_site_ext	14.05	0.0	0.0
70	p0	0.95	0.0	0.0
70	p2	0.85	0.0	0.0
70	protein1	100.4	4.75	2.5889285500000003
70	protein2	68.7	4.45	2.39095245
70	protein3	204.5	9.85	2.5150033500000006
70	r1	4.9	0.0	0.0
70	rnapol	0.85	0.0	0.0
71	__protein1_rbs	2.5	0.0	0.0
71	__protein2_rbs	2.15	0.0	0.0
71	__protein3_rbs	5.0	0.0	0.0
71	__ribosome	51.8	0.0	0.0
71	__rnase_site_ext	14.2	0.0	0.0
71	p0	1.0	0.0	0.0
71	p2	0.85	0.0	0.0
71	protein1	102.75	4.95	2.50571425
71	protein2	71.05	4.25	2.5352381
71	protein3	209.1	9.95	2.5028855
71	r1	4.9	0.0	0.0
71	rnapol	0.8	0.0	0.0
72	__protein1_rbs	2.5	0.0	0.0
72	__protein2_rbs	2.2	0.0	0.0
72	__protein3_rbs	4.2	0.0	0.0
72	__ribosome	50.65	0.0	0.0
72	__rnase_site_ext	14.35	0.0	0.0
72	p0	0.9	0.0	0.0
72	p2	0.8	0.0	0.0
72	protein1	105.15	5.0	2.5457143
72	protein2	73.1	4.4	2.4826190500000003
72	protein3	213.85	10.1	2.56582885
72	r1	4.85	0.0	0.0
72	rnapol	0.7	0.0	0.0
73	__protein1_rbs	2.75	0.0	0.0
73	__protein2_rbs	2.5	0.0	0.0
73	__protein3_rbs	5.6	0.0	0.0
73	__ribosome	50.85	0.0	0.0
73	__rnase_site_ext	14.35	0.0	0.0
73	p0	0.95	0.0	0.0
73	p2	0.75	0.0	0.0
73	protein1	107.5	5.05	2.5014285499999995
73	protein2	75.15	4.35	2.5333333500000004
73	protein3	218.3	10.35	2.4930622000000002
73	r1	4.9	0.0	0.0
73	rnapol	0.7	0.0	0.0
74	__protein1_rbs	2.3	0.0	0.0
74	__protein2_rbs	2.4	0.0	0.0
74	__protein3_rbs	4.55	0.0	0.0
74	__ribosome	50.4	0.0	0.0
74	__rnase_site_ext	14.45	0.0	0.0
74	p0	0.95	0.0	0.0
74	p2	0.85	0.0	0.0
74	protein1	110.15	5.0	2.47642855
74	protein2	77.25	4.35	2.4633332999999995
74	protein3	223.6	10.2	2.5787077000000003
74	r1	5.0	0.0	0.0
74	rnapol	0.85	0.0	0.0
75	__protein1_rbs	2.35	0.0	0.0
75	__protein2_rbs	1.7	0.0	0.0
75	__protein3_rbs	5.2	0.0	0.0
75	__ribosome	49.25	0.0	0.0
75	__rnase_site_ext	14.55	0.0	0.0
75	p0	0.85	0.0	0.0
75	p2	0.85	0.0	0.0
75	protein1	112.35	5.1	2.5759524
75	protein2	80.0	4.25	2.57083335
75	protein3	228.2	10.45	2.55944295
75	r1	5.1	0.0	0.0
75	rnapol	1.05	0.0	0.0
76	__protein1_rbs	2.55	0.0	0.0
76	__protein2_rbs	2.2	0.0	0.0
76	__protein3_rbs	5.2	0.0	0.0
76	__ribosome	48.95	0.0	0.0
76	__rnase_site_ext	14.85	0.0	0.0
76	p0	0.8	0.0	0.0
76	p2	0.75	0.0	0.0
76	protein1	115.15	5.15	2.49059535
76	protein2	81.9	4.4	2.5932143000000005
76	protein3	233.25	10.45	2.64461835
76	r1	5.05	0.0	0.0
76	rnapol	0.9	0.0	0.0
77	__protein1_rbs	2.9	0.0	0.0
77	__protein2_rbs	2.05	0.0	0.0
77	__protein3_rbs	5.35	0.0	0.0
77	__ribosome	49.1	0.0	0.0
77	__rnase_site_ext	14.9	0.0	0.0
77	p0	1.0	0.0	0.0
77	p2	0.8	0.0	0.0
77	protein1	117.6	5.35	2.4079762000000002
77	protein2	84.35	4.5	2.49476185
77	protein3	238.75	10.65	2.6162938500000004
77	r1	5.1	0.0	0.0
77	rnapol	1.05	0.0	0.0
78	__protein1_rbs	2.65	0.0	0.0
78	__protein2_rbs	2.7	0.0	0.0
78	__protein3_rbs	5.9	0.0	0.0
78	__ribosome	49.2	0.0	0.0
78	__rnase_site_ext	15.1	0.0	0.0
78	p0	0.85	0.0	0.0
78	p2	0.75	0.0	0.0
78	protein1	119.95	5.35	2.4921429
78	protein2	86.1	4.45	2.51428575
78	protein3	243.75	10.55	2.5926968
78	r1	5.15	0.0	0.0
78	rnapol	0.85	0.0	0.0
79	__protein1_rbs	2.8	0.0	0.0
79	__protein2_rbs	1.95	0.0	0.0
79	__protein3_rbs	5.55	0.0	0.0
79	__ribosome	49.75	0.0	0.0
79	__rnase_site_ext	15.2	0.0	0.0
79	p0	0.85	0.0	0.0
79	p2	0.95	0.0	0.0
79	protein1	122.35	5.35	2.4891071000000005
79	protein2	88.45	4.4	2.5591666500000003
79	protein3	249.65	10.85	2.4557908999999998
79	r1	5.2	0.0	0.0
79	rnapol	0.8	0.0	0.0
80	__protein1_rbs	2.9	0.0	0.0
80	__protein2_rbs	2.8	0.0	0.0
80	__protein3_rbs	5.8	0.0	0.0
80	__ribosome	50.2	0.0	0.0
80	__rnase_site_ext	15.3	0.0	0.0
80	p0	0.95	0.0	0.0
80	p2	0.75	0.0	0.0
80	protein1	124.9	5.4	2.41353175
80	protein2	90.85	4.6	2.35583335
80	protein3	254.75	10.95	2.43476635
80	r1	5.25	0.0	0.0
80	rnapol	0.85	0.0	0.0
81	__protein1_rbs	2.5	0.0	0.0
81	__protein2_rbs	2.25	0.0	0.0
81	__protein3_rbs	5.0	0.0	0.0
81	__ribosome	49.45	0.0	0.0
81	__rnase_site_ext	15.45	0.0	0.0
81	p0	0.95	0.0	0.0
81	p2	0.75	0.0	0.0
81	protein1	127.5	5.5	2.4344841500000003
81	protein2	92.85	4.6	2.4895239000000005
81	protein3	260.4	10.9	2.44989715
81	r1	5.25	0.0	0.0
81	rnapol	0.9	0.0	0.0
82	__protein1_rbs	2.85	0.0	0.0
82	__protein2_rbs	1.95	0.0	0.0
82	__protein3_rbs	5.85	0.0	0.0
82	__ribosome	49.8	0.0	0.0
82	__rnase_site_ext	15.6	0.0	0.0
82	p0	1.0	0.0	0.0
82	p2	0.75	0.0	0.0
82	protein1	130.1	5.45	2.45595235
82	protein2	95.15	4.6	2.5078572
82	protein3	265.85	11.1	2.34585245
82	r1	5.35	0.0	0.0
82	rnapol	1.1	0.0	0.0
83	__protein1_rbs	3.35	0.0	0.0
83	__protein2_rbs	2.4	0.0	0.0
83	__protein3_rbs	5.5	0.0	0.0
83	__ribosome	49.1	0.0	0.0
83	__rnase_site_ext	15.6	0.0	0.0
83	p0	0.95	0.0	0.0
83	p2	0.9	0.0	0.0
83	protein1	132.8	5.45	2.3409127
83	protein2	97.4	4.65	2.529881
83	protein3	270.45	11.2	2.4298489000000005
83	r1	5.5	0.0	0.0
83	rnapol	1.3	0.0	0.0
84	__protein1_rbs	2.4	0.0	0.0
84	__protein2_rbs	2.75	0.0	0.0
84	__protein3_rbs	5.35	0.0	0.0
84	__ribosome	47.9	0.0	0.0
84	__rnase_site_ext	15.8	0.0	0.0
84	p0	0.8	0.0	0.0
84	p2	0.9	0.0	0.0
84	protein1	135.2	5.45	2.485873
84	protein2	99.6	4.65	2.49726195
84	protein3	275.9	11.4	2.4388287499999994
84	r1	5.55	0.0	0.0
84	rnapol	1.35	0.0	0.0
85	__protein1_rbs	3.25	0.0	0.0
85	__protein2_rbs	2.35	0.0	0.0
85	__protein3_rbs	6.45	0.0	0.0
85	__ribosome	47.25	0.0	0.0
85	__rnase_site_ext	15.9	0.0	0.0
85	p0	0.9	0.0	0.0
85	p2	0.75	0.0	0.0
85	protein1	137.55	5.55	2.43035715
85	protein2	101.5	4.8	2.5415476000000004
85	protein3	280.9	11.45	2.45060605
85	r1	5.5	0.0	0.0
85	rnapol	1.35	0.0	0.0
86	__protein1_rbs	2.65	0.0	0.0
86	__protein2_rbs	2.5	0.0	0.0
86	__protein3_rbs	5.2	0.0	0.0
86	__ribosome	46.85	0.0	0.0
86	__rnase_site_ext	16.1	0.0	0.0
86	p0	0.9	0.0	0.0
86	p2	0.85	0.0	0.0
86	protein1	140.5	5.65	2.42539675
86	protein2	103.85	4.85	2.45821425
86	protein3	286.8	11.3	2.4877978500000006
86	r1	5.7	0.0	0.0
86	rnapol	1.3	0.0	0.0
87	__protein1_rbs	2.25	0.0	0.0
87	__protein2_rbs	2.45	0.0	0.0
87	__protein3_rbs	6.25	0.0	0.0
87	__ribosome	46.45	0.0	0.0
87	__rnase_site_ext	15.95	0.0	0.0
87	p0	1.0	0.0	0.0
87	p2	0.85	0.0	0.0
87	protein1	143.05	5.65	2.5518452000000003
87	protein2	106.5	4.85	2.40714275
87	protein3	291.95	11.55	2.42750895
87	r1	5.65	0.0	0.0
87	rnapol	1.25	0.0	0.0
88	__protein1_rbs	3.0	0.0	0.0
88	__protein2_rbs	2.6	0.0	0.0
88	__protein3_rbs	5.9	0.0	0.0
88	__ribosome	46.1	0.0	0.0
88	__rnase_site_ext	16.15	0.0	0.0
88	p0	0.9	0.0	0.0
88	p2	0.7	0.0	0.0
88	protein1	145.8	5.7	2.5467262
88	protein2	108.65	5.05	2.3063096000000005
88	protein3	297.35	11.45	2.4597587999999995
88	r1	5.65	0.0	0.0
88	rnapol	1.3	0.0	0.0
89	__protein1_rbs	2.7	0.0	0.0
89	__protein2_rbs	2.55	0.0	0.0
89	__protein3_rbs	6.25	0.0	0.0
89	__ribosome	45.9	0.0	0.0
89	__rnase_site_ext	16.2	0.0	0.0
89	p0	0.95	0.0	0.0
89	p2	0.9	0.0	0.0
89	protein1	148.75	5.65	2.5395833500000005
89	protein2	110.65	5.05	2.41547615
89	protein3	302.95	11.6	2.4258593500000005
89	r1	5.65	0.0	0.0
89	rnapol	1.2	0.0	0.0
90	__protein1_rbs	2.8	0.0	0.0
90	__protein2_rbs	3.0	0.0	0.0
90	__protein3_rbs	5.4	0.0	0.0
90	__ribosome	44.95	0.0	0.0
90	__rnase_site_ext	16.45	0.0	0.0
90	p0	0.8	0.0	0.0
90	p2	0.8	0.0	0.0
90	protein1	151.05	5.7	2.6048611500000005
90	protein2	112.9	5.0	2.4209524
90	protein3	308.55	11.65	2.4802129
90	r1	5.6	0.0	0.0
90	rnapol	1.0	0.0	0.0
91	__protein1_rbs	3.05	0.0	0.0
91	__protein2_rbs	2.45	0.0	0.0
91	__protein3_rbs	6.55	0.0	0.0
91	__ribosome	45.3	0.0	0.0
91	__rnase_site_ext	16.75	0.0	0.0
91	p0	0.95	0.0	0.0
91	p2	0.8	0.0	0.0
91	protein1	153.85	5.85	2.57065475
91	protein2	115.3	5.0	2.43160715
91	protein3	314.45	11.8	2.37524345
91	r1	5.6	0.0	0.0
91	rnapol	0.9	0.0	0.0
92	__protein1_rbs	3.15	0.0	0.0
92	__protein2_rbs	2.65	0.0	0.0
92	__protein3_rbs	6.5	0.0	0.0
92	__ribosome	46.0	0.0	0.0
92	__rnase_site_ext	16.8	0.0	0.0
92	p0	0.95	0.0	0.0
92	p2	0.75	0.0	0.0
92	protein1	157.0	5.85	2.4851587000000004
92	protein2	117.85	5.05	2.41125005
92	protein3	320.05	12.0	2.3260939000000005
92	r1	5.7	0.0	0.0
92	rnapol	1.0	0.0	0.0
93	__protein1_rbs	2.5	0.0	0.0
93	__protein2_rbs	2.95	0.0	0.0
93	__protein3_rbs	5.5	0.0	0.0
93	__ribosome	43.9	0.0	0.0
93	__rnase_site_ext	16.7	0.0	0.0
93	p0	1.0	0.0	0.0
93	p2	0.7	0.0	0.0
93	protein1	159.9	5.75	2.6170038999999994
93	protein2	120.3	5.1	2.3174405
93	protein3	324.75	12.15	2.45277685
93	r1	5.8	0.0	0.0
93	rnapol	1.2	0.0	0.0
94	__protein1_rbs	2.65	0.0	0.0
94	__protein2_rbs	2.7	0.0	0.0
94	__protein3_rbs	6.6	0.0	0.0
94	__ribosome	44.55	0.0	0.0
94	__rnase_site_ext	16.8	0.0	0.0
94	p0	0.95	0.0	0.0
94	p2	0.8	0.0	0.0
94	protein1	162.9	5.75	2.5914881499999995
94	protein2	122.85	5.05	2.4526785499999995
94	protein3	330.7	12.35	2.35735845
94	r1	5.8	0.0	0.0
94	rnapol	1.05	0.0	0.0
95	__protein1_rbs	3.05	0.0	0.0
95	__protein2_rbs	2.75	0.0	0.0
95	__protein3_rbs	6.35	0.0	0.0
95	__ribosome	43.65	0.0	0.0
95	__rnase_site_ext	16.85	0.0	0.0
95	p0	0.95	0.0	0.0
95	p2	0.85	0.0	0.0
95	protein1	165.7	5.65	2.59111115
95	protein2	124.75	5.1	2.5121429
95	protein3	336.7	12.55	2.3502273
95	r1	5.85	0.0	0.0
95	rnapol	1.1	0.0	0.0
96	__protein1_rbs	2.7	0.0	0.0
96	__protein2_rbs	2.6	0.0	0.0
96	__protein3_rbs	6.85	0.0	0.0
96	__ribosome	42.95	0.0	0.0
96	__rnase_site_ext	17.15	0.0	0.0
96	p0	0.85	0.0	0.0
96	p2	0.85	0.0	0.0
96	protein1	168.55	5.65	2.6468056
96	protein2	127.45	5.2	2.4860119000000003
96	protein3	341.85	12.5	2.385931350000001
96	r1	5.85	0.0	0.0
96	rnapol	1.05	0.0	0.0
97	__protein1_rbs	3.0	0.0	0.0
97	__protein2_rbs	3.0	0.0	0.0
97	__protein3_rbs	6.05	0.0	0.0
97	__ribosome	42.85	0.0	0.0
97	__rnase_site_ext	17.4	0.0	0.0
97	p0	0.95	0.0	0.0
97	p2	0.85	0.0	0.0
97	protein1	171.25	5.75	2.54255955
97	protein2	129.9	5.25	2.4136309
97	protein3	348.0	12.65	2.38424195
97	r1	6.05	0.0	0.0
97	rnapol	1.1	0.0	0.0
98	__protein1_rbs	3.3	0.0	0.0
98	__protein2_rbs	2.55	0.0	0.0
98	__protein3_rbs	6.2	0.0	0.0
98	__ribosome	43.4	0.0	0.0
98	__rnase_site_ext	17.3	0.0	0.0
98	p0	0.95	0.0	0.0
98	p2	0.85	0.0	0.0
98	protein1	174.95	5.9	2.32049605
98	protein2	132.45	5.2	2.46857145
98	protein3	354.0	12.75	2.404152549999999
98	r1	6.1	0.0	0.0
98	rnapol	1.05	0.0	0.0
99	__protein1_rbs	3.15	0.0	0.0
99	__protein2_rbs	2.95	0.0	0.0
99	__protein3_rbs	7.75	0.0	0.0
99	__ribosome	44.2	0.0	0.0
99	__rnase_site_ext	17.25	0.0	0.0
99	p0	0.9	0.0	0.0
99	p2	0.8	0.0	0.0
99	protein1	177.35	5.9	2.38942465
99	protein2	135.25	5.4	2.3051190500000005
99	protein3	359.95	12.85	2.33208325
99	r1	6.1	0.0	0.0
99	rnapol	1.1	0.0	0.0
100	__protein1_rbs	3.2	0.0	0.0
100	__protein2_rbs	2.7	0.0	0.0
100	__protein3_rbs	6.65	0.0	0.0
100	__ribosome	43.85	0.0	0.0
100	__rnase_site_ext	17.65	0.0	0.0
100	p0	0.7	0.0	0.0
100	p2	0.75	0.0	0.0
100	protein1	179.85	5.8	2.46315475
100	protein2	137.35	5.4	2.3842857000000004
100	protein3	366.1	12.65	2.3388109500000005
100	r1	5.95	0.0	0.0
100	rnapol	0.9	0.0	0.0
101	__protein1_rbs	3.05	0.0	0.0
101	__protein2_rbs	2.7	0.0	0.0
101	__protein3_rbs	6.35	0.0	0.0
101	__ribosome	42.5	0.0	0.0
101	__rnase_site_ext	17.85	0.0	0.0
101	p0	0.95	0.0	0.0
101	p2	0.75	0.0	0.0
101	protein1	182.3	5.9	2.4654563000000005
101	protein2	140.2	5.45	2.3565277500000006
101	protein3	371.55	12.95	2.394285
101	r1	5.9	0.0	0.0
101	rnapol	0.8	0.0	0.0
102	__protein1_rbs	3.6	0.0	0.0
102	__protein2_rbs	2.85	0.0	0.0
102	__protein3_rbs	6.7	0.0	0.0
102	__ribosome	43.8	0.0	0.0
102	__rnase_site_ext	17.65	0.0	0.0
102	p0	0.95	0.0	0.0
102	p2	0.9	0.0	0.0
102	protein1	185.55	6.05	2.2669642000000003
102	protein2	142.6	5.45	2.36333335
102	protein3	378.35	13.0	2.3566895000000003
102	r1	5.9	0.0	0.0
102	rnapol	0.9	0.0	0.0
103	__protein1_rbs	2.95	0.0	0.0
103	__protein2_rbs	2.85	0.0	0.0
103	__protein3_rbs	6.4	0.0	0.0
103	__ribosome	42.65	0.0	0.0
103	__rnase_site_ext	17.55	0.0	0.0
103	p0	0.85	0.0	0.0
103	p2	0.8	0.0	0.0
103	protein1	188.15	6.0	2.3499007500000006
103	protein2	144.85	5.3	2.46964285
103	protein3	384.25	13.0	2.40170755
103	r1	5.85	0.0	0.0
103	rnapol	0.85	0.0	0.0
104	__protein1_rbs	3.25	0.0	0.0
104	__protein2_rbs	2.9	0.0	0.0
104	__protein3_rbs	7.55	0.0	0.0
104	__ribosome	42.75	0.0	0.0
104	__rnase_site_ext	17.8	0.0	0.0
104	p0	0.85	0.0	0.0
104	p2	0.95	0.0	0.0
104	protein1	190.8	6.05	2.3226984
104	protein2	147.65	5.4	2.35557535
104	protein3	389.45	12.9	2.4281235000000003
104	r1	6.05	0.0	0.0
104	rnapol	0.95	0.0	0.0
105	__protein1_rbs	3.55	0.0	0.0
105	__protein2_rbs	3.1	0.0	0.0
105	__protein3_rbs	6.5	0.0	0.0
105	__ribosome	43.35	0.0	0.0
105	__rnase_site_ext	17.8	0.0	0.0
105	p0	0.95	0.0	0.0
105	p2	0.9	0.0	0.0
105	protein1	193.6	6.05	2.3148809000000004
105	protein2	150.45	5.35	2.24325395
105	protein3	395.55	12.95	2.4345547500000007
105	r1	6.05	0.0	0.0
105	rnapol	1.2	0.0	0.0
106	__protein1_rbs	3.05	0.0	0.0
106	__protein2_rbs	2.6	0.0	0.0
106	__protein3_rbs	7.2	0.0	0.0
106	__ribosome	43.75	0.0	0.0
106	__rnase_site_ext	18.0	0.0	0.0
106	p0	0.95	0.0	0.0
106	p2	0.65	0.0	0.0
106	protein1	196.55	6.2	2.3533929
106	protein2	152.75	5.45	2.30031745
106	protein3	402.3	12.9	2.3340591
106	r1	5.95	0.0	0.0
106	rnapol	1.0	0.0	0.0
107	__protein1_rbs	3.2	0.0	0.0
107	__protein2_rbs	2.7	0.0	0.0
107	__protein3_rbs	7.3	0.0	0.0
107	__ribosome	44.0	0.0	0.0
107	__rnase_site_ext	18.0	0.0	0.0
107	p0	0.95	0.0	0.0
107	p2	0.9	0.0	0.0
107	protein1	199.1	6.25	2.3632936999999994
107	protein2	155.4	5.4	2.3640277500000004
107	protein3	409.0	13.05	2.2469123000000004
107	r1	6.15	0.0	0.0
107	rnapol	1.05	0.0	0.0
108	__protein1_rbs	3.4	0.0	0.0
108	__protein2_rbs	2.75	0.0	0.0
108	__protein3_rbs	7.05	0.0	0.0
108	__ribosome	43.9	0.0	0.0
108	__rnase_site_ext	18.15	0.0	0.0
108	p0	0.75	0.0	0.0
108	p2	0.85	0.0	0.0
108	protein1	202.0	6.2	2.42825395
108	protein2	157.65	5.35	2.36013885
108	protein3	414.95	13.05	2.26224705
108	r1	6.3	0.0	0.0
108	rnapol	1.15	0.0	0.0
109	__protein1_rbs	3.25	0.0	0.0
109	__protein2_rbs	2.65	0.0	0.0
109	__protein3_rbs	7.65	0.0	0.0
109	__ribosome	43.15	0.0	0.0
109	__rnase_site_ext	18.25	0.0	0.0
109	p0	0.9	0.0	0.0
109	p2	0.8	0.0	0.0
109	protein1	204.6	6.25	2.4866467000000005
109	protein2	160.0	5.3	2.4183333999999994
109	protein3	420.65	13.15	2.2478859
109	r1	6.2	0.0	0.0
109	rnapol	0.95	0.0	0.0
110	__protein1_rbs	2.95	0.0	0.0
110	__protein2_rbs	3.0	0.0	0.0
110	__protein3_rbs	6.6	0.0	0.0
110	__ribosome	41.4	0.0	0.0
110	__rnase_site_ext	18.25	0.0	0.0
110	p0	0.85	0.0	0.0
110	p2	0.85	0.0	0.0
110	protein1	207.7	6.4	2.4326984499999997
110	protein2	162.4	5.6	2.30083335
110	protein3	426.0	13.1	2.3620237000000004
110	r1	6.3	0.0	0.0
110	rnapol	0.9	0.0	0.0
111	__protein1_rbs	3.5	0.0	0.0
111	__protein2_rbs	3.1	0.0	0.0
111	__protein3_rbs	7.1	0.0	0.0
111	__ribosome	41.95	0.0	0.0
111	__rnase_site_ext	18.25	0.0	0.0
111	p0	0.95	0.0	0.0
111	p2	0.95	0.0	0.0
111	protein1	210.45	6.45	2.45194445
111	protein2	165.15	5.55	2.2750001
111	protein3	432.6	13.1	2.3460626
111	r1	6.4	0.0	0.0
111	rnapol	1.0	0.0	0.0
112	__protein1_rbs	3.7	0.0	0.0
112	__protein2_rbs	2.85	0.0	0.0
112	__protein3_rbs	6.95	0.0	0.0
112	__ribosome	41.4	0.0	0.0
112	__rnase_site_ext	18.25	0.0	0.0
112	p0	0.85	0.0	0.0
112	p2	0.85	0.0	0.0
112	protein1	213.6	6.6	2.32501985
112	protein2	167.35	5.5	2.38303565
112	protein3	437.95	13.15	2.3826976
112	r1	6.55	0.0	0.0
112	rnapol	0.85	0.0	0.0
113	__protein1_rbs	3.35	0.0	0.0
113	__protein2_rbs	3.05	0.0	0.0
113	__protein3_rbs	7.15	0.0	0.0
113	__ribosome	41.05	0.0	0.0
113	__rnase_site_ext	18.4	0.0	0.0
113	p0	0.8	0.0	0.0
113	p2	0.85	0.0	0.0
113	protein1	216.45	6.65	2.3318254
113	protein2	170.1	5.55	2.34607145
113	protein3	444.1	13.0	2.3904144500000006
113	r1	6.6	0.0	0.0
113	rnapol	0.85	0.0	0.0
114	__protein1_rbs	3.75	0.0	0.0
114	__protein2_rbs	3.2	0.0	0.0
114	__protein3_rbs	6.95	0.0	0.0
114	__ribosome	41.55	0.0	0.0
114	__rnase_site_ext	18.55	0.0	0.0
114	p0	0.9	0.0	0.0
114	p2	0.95	0.0	0.0
114	protein1	219.6	6.75	2.33414685
114	protein2	172.95	5.7	2.1770437
114	protein3	450.45	13.0	2.36397055
114	r1	6.45	0.0	0.0
114	rnapol	0.9	0.0	0.0
115	__protein1_rbs	4.1	0.0	0.0
115	__protein2_rbs	3.0	0.0	0.0
115	__protein3_rbs	6.65	0.0	0.0
115	__ribosome	41.6	0.0	0.0
115	__rnase_site_ext	18.9	0.0	0.0
115	p0	0.8	0.0	0.0
115	p2	0.8	0.0	0.0
115	protein1	222.65	6.85	2.27791675
115	protein2	175.5	5.8	2.2472221999999995
115	protein3	456.75	13.1	2.3270741000000004
115	r1	6.45	0.0	0.0
115	rnapol	0.85	0.0	0.0
116	__protein1_rbs	3.45	0.0	0.0
116	__protein2_rbs	2.85	0.0	0.0
116	__protein3_rbs	7.2	0.0	0.0
116	__ribosome	40.45	0.0	0.0
116	__rnase_site_ext	18.75	0.0	0.0
116	p0	1.0	0.0	0.0
116	p2	0.75	0.0	0.0
116	protein1	225.4	7.0	2.3927597500000006
116	protein2	178.35	5.8	2.22257935
116	protein3	462.7	13.2	2.3148684000000004
116	r1	6.6	0.0	0.0
116	rnapol	0.85	0.0	0.0
117	__protein1_rbs	3.45	0.0	0.0
117	__protein2_rbs	3.45	0.0	0.0
117	__protein3_rbs	7.3	0.0	0.0
117	__ribosome	39.2	0.0	0.0
117	__rnase_site_ext	18.9	0.0	0.0
117	p0	1.0	0.0	0.0
117	p2	0.75	0.0	0.0
117	protein1	228.2	6.95	2.5230952
117	protein2	180.5	5.9	2.2015674
117	protein3	468.75	13.35	2.3120775
117	r1	6.7	0.0	0.0
117	rnapol	0.8	0.0	0.0
118	__protein1_rbs	3.75	0.0	0.0
118	__protein2_rbs	3.4	0.0	0.0
118	__protein3_rbs	7.4	0.0	0.0
118	__ribosome	40.65	0.0	0.0
118	__rnase_site_ext	19.0	0.0	0.0
118	p0	0.85	0.0	0.0
118	p2	0.75	0.0	0.0
118	protein1	232.05	6.9	2.4701388
118	protein2	183.05	5.85	2.23924605
118	protein3	475.65	13.4	2.2378548999999994
118	r1	6.85	0.0	0.0
118	rnapol	0.6	0.0	0.0
119	__protein1_rbs	3.6	0.0	0.0
119	__protein2_rbs	2.95	0.0	0.0
119	__protein3_rbs	7.5	0.0	0.0
119	__ribosome	39.55	0.0	0.0
119	__rnase_site_ext	19.1	0.0	0.0
119	p0	0.9	0.0	0.0
119	p2	0.8	0.0	0.0
119	protein1	235.3	6.9	2.45097225
119	protein2	185.65	5.9	2.2809921
119	protein3	481.0	13.55	2.2556112999999995
119	r1	6.85	0.0	0.0
119	rnapol	0.6	0.0	0.0
120	__protein1_rbs	4.1	0.0	0.0
120	__protein2_rbs	3.2	0.0	0.0
120	__protein3_rbs	7.7	0.0	0.0
120	__ribosome	39.95	0.0	0.0
120	__rnase_site_ext	19.0	0.0	0.0
120	p0	0.9	0.0	0.0
120	p2	0.8	0.0	0.0
120	protein1	238.45	7.0	2.3838889
120	protein2	188.2	6.1	2.1733334
120	protein3	487.4	13.6	2.2303347999999996
120	r1	6.75	0.0	0.0
120	rnapol	0.7	0.0	0.0
121	__protein1_rbs	3.5	0.0	0.0
121	__protein2_rbs	3.55	0.0	0.0
121	__protein3_rbs	7.8	0.0	0.0
121	__ribosome	40.85	0.0	0.0
121	__rnase_site_ext	19.0	0.0	0.0
121	p0	1.0	0.0	0.0
121	p2	0.85	0.0	0.0
121	protein1	242.15	7.05	2.3479726000000003
121	protein2	191.15	6.25	2.1033928
121	protein3	493.6	13.5	2.23201975
121	r1	6.8	0.0	0.0
121	rnapol	0.8	0.0	0.0
122	__protein1_rbs	4.5	0.0	0.0
122	__protein2_rbs	3.85	0.0	0.0
122	__protein3_rbs	7.3	0.0	0.0
122	__ribosome	40.4	0.0	0.0
122	__rnase_site_ext	18.9	0.0	0.0
122	p0	0.9	0.0	0.0
122	p2	0.85	0.0	0.0
122	protein1	245.4	7.05	2.2611905
122	protein2	193.45	6.2	2.1943055
122	protein3	499.5	13.55	2.2636756500000006
122	r1	7.0	0.0	0.0
122	rnapol	0.85	0.0	0.0
123	__protein1_rbs	3.65	0.0	0.0
123	__protein2_rbs	3.55	0.0	0.0
123	__protein3_rbs	7.5	0.0	0.0
123	__ribosome	39.95	0.0	0.0
123	__rnase_site_ext	19.05	0.0	0.0
123	p0	0.95	0.0	0.0
123	p2	0.85	0.0	0.0
123	protein1	248.6	6.9	2.3202633500000007
123	protein2	195.9	6.2	2.28468255
123	protein3	505.6	13.65	2.25631205
123	r1	7.0	0.0	0.0
123	rnapol	1.0	0.0	0.0
124	__protein1_rbs	3.85	0.0	0.0
124	__protein2_rbs	3.45	0.0	0.0
124	__protein3_rbs	7.95	0.0	0.0
124	__ribosome	41.05	0.0	0.0
124	__rnase_site_ext	19.25	0.0	0.0
124	p0	0.8	0.0	0.0
124	p2	0.75	0.0	0.0
124	protein1	252.15	6.95	2.2049278
124	protein2	198.9	6.15	2.2875794000000003
124	protein3	512.0	13.6	2.2353219
124	r1	7.0	0.0	0.0
124	rnapol	0.95	0.0	0.0
125	__protein1_rbs	3.5	0.0	0.0
125	__protein2_rbs	3.35	0.0	0.0
125	__protein3_rbs	7.1	0.0	0.0
125	__ribosome	40.1	0.0	0.0
125	__rnase_site_ext	19.35	0.0	0.0
125	p0	0.95	0.0	0.0
125	p2	0.7	0.0	0.0
125	protein1	254.95	6.95	2.2830465500000003
125	protein2	201.95	6.3	2.2047817500000004
125	protein3	518.0	13.75	2.2324378000000005
125	r1	7.05	0.0	0.0
125	rnapol	0.8	0.0	0.0
126	__protein1_rbs	3.55	0.0	0.0
126	__protein2_rbs	3.8	0.0	0.0
126	__protein3_rbs	8.15	0.0	0.0
126	__ribosome	40.3	0.0	0.0
126	__rnase_site_ext	19.4	0.0	0.0
126	p0	1.0	0.0	0.0
126	p2	0.65	0.0	0.0
126	protein1	258.55	7.1	2.2451551
126	protein2	204.65	6.3	2.1894246500000003
126	protein3	523.6	13.7	2.24133685
126	r1	7.05	0.0	0.0
126	rnapol	0.9	0.0	0.0
127	__protein1_rbs	4.3	0.0	0.0
127	__protein2_rbs	3.45	0.0	0.0
127	__protein3_rbs	7.15	0.0	0.0
127	__ribosome	40.0	0.0	0.0
127	__rnase_site_ext	19.1	0.0	0.0
127	p0	0.95	0.0	0.0
127	p2	0.7	0.0	0.0
127	protein1	261.65	7.15	2.254556200000001
127	protein2	207.15	6.35	2.2504564000000005
127	protein3	530.75	13.8	2.21641535
127	r1	7.0	0.0	0.0
127	rnapol	1.1	0.0	0.0
128	__protein1_rbs	3.5	0.0	0.0
128	__protein2_rbs	3.75	0.0	0.0
128	__protein3_rbs	7.3	0.0	0.0
128	__ribosome	39.05	0.0	0.0
128	__rnase_site_ext	19.25	0.0	0.0
128	p0	1.0	0.0	0.0
128	p2	0.8	0.0	0.0
128	protein1	264.65	7.1	2.3335029
128	protein2	210.0	6.35	2.1853969
128	protein3	537.15	13.85	2.234239250000001
128	r1	7.0	0.0	0.0
128	rnapol	0.85	0.0	0.0
129	__protein1_rbs	4.2	0.0	0.0
129	__protein2_rbs	3.9	0.0	0.0
129	__protein3_rbs	8.05	0.0	0.0
129	__ribosome	38.7	0.0	0.0
129	__rnase_site_ext	19.4	0.0	0.0
129	p0	0.95	0.0	0.0
129	p2	0.8	0.0	0.0
129	protein1	267.85	7.2	2.2903625
129	protein2	212.85	6.4	2.1636706999999995
129	protein3	542.3	13.85	2.2670290500000005
129	r1	6.85	0.0	0.0
129	rnapol	0.85	0.0	0.0
130	__protein1_rbs	3.8	0.0	0.0
130	__protein2_rbs	3.5	0.0	0.0
130	__protein3_rbs	7.6	0.0	0.0
130	__ribosome	38.25	0.0	0.0
130	__rnase_site_ext	19.75	0.0	0.0
130	p0	0.85	0.0	0.0
130	p2	0.75	0.0	0.0
130	protein1	271.2	7.2	2.32716445
130	protein2	215.65	6.45	2.1809723
130	protein3	549.05	14.1	2.2282699000000004
130	r1	6.85	0.0	0.0
130	rnapol	0.9	0.0	0.0
131	__protein1_rbs	3.8	0.0	0.0
131	__protein2_rbs	3.8	0.0	0.0
131	__protein3_rbs	7.65	0.0	0.0
131	__ribosome	37.85	0.0	0.0
131	__rnase_site_ext	20.05	0.0	0.0
131	p0	0.85	0.0	0.0
131	p2	0.75	0.0	0.0
131	protein1	274.8	7.15	2.2884144500000003
131	protein2	218.2	6.25	2.20708335
131	protein3	554.8	14.3	2.26254145
131	r1	6.95	0.0	0.0
131	rnapol	0.65	0.0	0.0
132	__protein1_rbs	4.6	0.0	0.0
132	__protein2_rbs	3.35	0.0	0.0
132	__protein3_rbs	7.65	0.0	0.0
132	__ribosome	38.4	0.0	0.0
132	__rnase_site_ext	20.25	0.0	0.0
132	p0	0.95	0.0	0.0
132	p2	0.8	0.0	0.0
132	protein1	278.05	7.4	2.2032106500000004
132	protein2	221.0	6.35	2.2058333
132	protein3	561.9	14.3	2.2163282000000004
132	r1	7.1	0.0	0.0
132	rnapol	0.75	0.0	0.0
133	__protein1_rbs	4.35	0.0	0.0
133	__protein2_rbs	3.4	0.0	0.0
133	__protein3_rbs	7.85	0.0	0.0
133	__ribosome	38.1	0.0	0.0
133	__rnase_site_ext	20.15	0.0	0.0
133	p0	0.95	0.0	0.0
133	p2	0.75	0.0	0.0
133	protein1	281.6	7.5	2.1424152000000003
133	protein2	223.55	6.25	2.33708335
133	protein3	568.0	14.5	2.1884221
133	r1	7.05	0.0	0.0
133	rnapol	0.65	0.0	0.0
134	__protein1_rbs	4.35	0.0	0.0
134	__protein2_rbs	3.45	0.0	0.0
134	__protein3_rbs	8.5	0.0	0.0
134	__ribosome	37.8	0.0	0.0
134	__rnase_site_ext	20.5	0.0	0.0
134	p0	0.95	0.0	0.0
134	p2	0.8	0.0	0.0
134	protein1	284.7	7.5	2.1301442500000007
134	protein2	226.3	6.45	2.2807341
134	protein3	573.95	14.65	2.1905829
134	r1	7.05	0.0	0.0
134	rnapol	0.95	0.0	0.0
135	__protein1_rbs	3.85	0.0	0.0
135	__protein2_rbs	3.8	0.0	0.0
135	__protein3_rbs	7.45	0.0	0.0
135	__ribosome	38.2	0.0	0.0
135	__rnase_site_ext	20.6	0.0	0.0
135	p0	0.95	0.0	0.0
135	p2	0.85	0.0	0.0
135	protein1	288.15	7.45	2.14637805
135	protein2	229.35	6.45	2.2133333
135	protein3	581.1	14.8	2.17172445
135	r1	7.1	0.0	0.0
135	rnapol	1.15	0.0	0.0
136	__protein1_rbs	4.6	0.0	0.0
136	__protein2_rbs	3.55	0.0	0.0
136	__protein3_rbs	8.8	0.0	0.0
136	__ribosome	39.0	0.0	0.0
136	__rnase_site_ext	20.65	0.0	0.0
136	p0	0.9	0.0	0.0
136	p2	0.75	0.0	0.0
136	protein1	291.65	7.55	2.01293645
136	protein2	232.05	6.4	2.3255158
136	protein3	587.55	15.0	2.1027569999999995
136	r1	7.0	0.0	0.0
136	rnapol	1.05	0.0	0.0
137	__protein1_rbs	3.65	0.0	0.0
137	__protein2_rbs	3.45	0.0	0.0
137	__protein3_rbs	8.55	0.0	0.0
137	__ribosome	38.85	0.0	0.0
137	__rnase_site_ext	20.55	0.0	0.0
137	p0	0.8	0.0	0.0
137	p2	0.7	0.0	0.0
137	protein1	294.7	7.45	2.1411111000000003
137	protein2	235.35	6.35	2.23470245
137	protein3	594.25	15.05	2.09945575
137	r1	7.05	0.0	0.0
137	rnapol	0.85	0.0	0.0
138	__protein1_rbs	4.45	0.0	0.0
138	__protein2_rbs	3.7	0.0	0.0
138	__protein3_rbs	8.1	0.0	0.0
138	__ribosome	38.35	0.0	0.0
138	__rnase_site_ext	20.85	0.0	0.0
138	p0	0.9	0.0	0.0
138	p2	0.85	0.0	0.0
138	protein1	298.0	7.35	2.13376985
138	protein2	238.1	6.35	2.245377
138	protein3	600.3	15.1	2.1610357000000002
138	r1	7.1	0.0	0.0
138	rnapol	0.85	0.0	0.0
139	__protein1_rbs	3.9	0.0	0.0
139	__protein2_rbs	2.9	0.0	0.0
139	__protein3_rbs	8.2	0.0	0.0
139	__ribosome	36.7	0.0	0.0
139	__rnase_site_ext	21.35	0.0	0.0
139	p0	0.85	0.0	0.0
139	p2	0.65	0.0	0.0
139	protein1	300.6	7.5	2.1401821
139	protein2	241.2	6.25	2.27831345
139	protein3	606.5	15.25	2.1888687
139	r1	7.2	0.0	0.0
139	rnapol	0.75	0.0	0.0
140	__protein1_rbs	3.95	0.0	0.0
140	__protein2_rbs	4.35	0.0	0.0
140	__protein3_rbs	9.65	0.0	0.0
140	__ribosome	37.6	0.0	0.0
140	__rnase_site_ext	21.3	0.0	0.0
140	p0	0.95	0.0	0.0
140	p2	0.75	0.0	0.0
140	protein1	304.25	7.5	2.15392855
140	protein2	243.75	6.45	2.1536508000000003
140	protein3	613.15	15.55	2.11848685
140	r1	7.3	0.0	0.0
140	rnapol	0.8	0.0	0.0
141	__protein1_rbs	4.5	0.0	0.0
141	__protein2_rbs	3.75	0.0	0.0
141	__protein3_rbs	9.2	0.0	0.0
141	__ribosome	37.35	0.0	0.0
141	__rnase_site_ext	21.45	0.0	0.0
141	p0	0.85	0.0	0.0
141	p2	0.75	0.0	0.0
141	protein1	307.2	7.6	2.16286255
141	protein2	246.65	6.5	2.1528175000000003
141	protein3	619.75	15.7	2.0799999
141	r1	7.3	0.0	0.0
141	rnapol	0.65	0.0	0.0
142	__protein1_rbs	4.3	0.0	0.0
142	__protein2_rbs	2.8	0.0	0.0
142	__protein3_rbs	9.8	0.0	0.0
142	__ribosome	36.5	0.0	0.0
142	__rnase_site_ext	21.6	0.0	0.0
142	p0	0.95	0.0	0.0
142	p2	0.85	0.0	0.0
142	protein1	310.65	7.65	2.2175035500000004
142	protein2	249.9	6.55	2.1555158000000003
142	protein3	626.05	15.75	2.08976275
142	r1	7.35	0.0	0.0
142	rnapol	0.55	0.0	0.0
143	__protein1_rbs	4.35	0.0	0.0
143	__protein2_rbs	3.95	0.0	0.0
143	__protein3_rbs	7.95	0.0	0.0
143	__ribosome	34.9	0.0	0.0
143	__rnase_site_ext	21.85	0.0	0.0
143	p0	0.9	0.0	0.0
143	p2	0.75	0.0	0.0
143	protein1	313.3	7.7	2.2987589
143	protein2	252.4	6.6	2.1107142999999997
143	protein3	633.65	16.0	2.1037357000000005
143	r1	7.3	0.0	0.0
143	rnapol	0.55	0.0	0.0
144	__protein1_rbs	4.5	0.0	0.0
144	__protein2_rbs	4.05	0.0	0.0
144	__protein3_rbs	9.7	0.0	0.0
144	__ribosome	34.65	0.0	0.0
144	__rnase_site_ext	21.9	0.0	0.0
144	p0	0.85	0.0	0.0
144	p2	0.9	0.0	0.0
144	protein1	317.3	7.8	2.22920815
144	protein2	255.3	6.65	2.08982145
144	protein3	639.75	16.0	2.1506469
144	r1	7.45	0.0	0.0
144	rnapol	0.65	0.0	0.0
145	__protein1_rbs	4.3	0.0	0.0
145	__protein2_rbs	4.5	0.0	0.0
145	__protein3_rbs	9.2	0.0	0.0
145	__ribosome	34.35	0.0	0.0
145	__rnase_site_ext	21.8	0.0	0.0
145	p0	1.0	0.0	0.0
145	p2	0.85	0.0	0.0
145	protein1	320.55	7.75	2.26559345
145	protein2	257.65	6.7	2.0670238000000003
145	protein3	646.55	16.0	2.17329045
145	r1	7.5	0.0	0.0
145	rnapol	0.75	0.0	0.0
146	__protein1_rbs	4.15	0.0	0.0
146	__protein2_rbs	3.9	0.0	0.0
146	__protein3_rbs	9.1	0.0	0.0
146	__ribosome	34.15	0.0	0.0
146	__rnase_site_ext	21.85	0.0	0.0
146	p0	0.95	0.0	0.0
146	p2	0.8	0.0	0.0
146	protein1	324.3	7.9	2.258792150000001
146	protein2	260.25	6.75	2.10384925
146	protein3	653.25	15.85	2.18646345
146	r1	7.65	0.0	0.0
146	rnapol	0.95	0.0	0.0
147	__protein1_rbs	4.65	0.0	0.0
147	__protein2_rbs	4.4	0.0	0.0
147	__protein3_rbs	9.7	0.0	0.0
147	__ribosome	35.9	0.0	0.0
147	__rnase_site_ext	21.95	0.0	0.0
147	p0	0.95	0.0	0.0
147	p2	0.85	0.0	0.0
147	protein1	328.05	7.8	2.20193535
147	protein2	263.95	6.85	1.98698415
147	protein3	660.15	15.95	2.1316373000000004
147	r1	7.65	0.0	0.0
147	rnapol	0.95	0.0	0.0
148	__protein1_rbs	4.15	0.0	0.0
148	__protein2_rbs	4.15	0.0	0.0
148	__protein3_rbs	8.55	0.0	0.0
148	__ribosome	35.25	0.0	0.0
148	__rnase_site_ext	21.9	0.0	0.0
148	p0	1.0	0.0	0.0
148	p2	0.85	0.0	0.0
148	protein1	331.5	7.9	2.2456024500000007
148	protein2	266.55	7.0	1.9883928
148	protein3	667.85	16.0	2.1270097000000003
148	r1	7.65	0.0	0.0
148	rnapol	0.95	0.0	0.0
149	__protein1_rbs	4.35	0.0	0.0
149	__protein2_rbs	3.8	0.0	0.0
149	__protein3_rbs	9.2	0.0	0.0
149	__ribosome	33.95	0.0	0.0
149	__rnase_site_ext	21.7	0.0	0.0
149	p0	1.0	0.0	0.0
149	p2	0.7	0.0	0.0
149	protein1	334.75	7.8	2.3459235000000005
149	protein2	269.4	7.05	2.0212699
149	protein3	674.75	16.05	2.1431854500000003
149	r1	7.7	0.0	0.0
149	rnapol	1.1	0.0	0.0
150	__protein1_rbs	4.1	0.0	0.0
150	__protein2_rbs	4.6	0.0	0.0
150	__protein3_rbs	8.75	0.0	0.0
150	__ribosome	33.5	0.0	0.0
150	__rnase_site_ext	21.85	0.0	0.0
150	p0	0.95	0.0	0.0
150	p2	0.75	0.0	0.0
150	protein1	338.25	7.7	2.40951295
150	protein2	271.8	7.05	1.9975397
150	protein3	681.95	15.9	2.16940285
150	r1	7.7	0.0	0.0
150	rnapol	1.2	0.0	0.0
151	__protein1_rbs	4.55	0.0	0.0
151	__protein2_rbs	4.0	0.0	0.0
151	__protein3_rbs	9.4	0.0	0.0
151	__ribosome	33.75	0.0	0.0
151	__rnase_site_ext	21.85	0.0	0.0
151	p0	0.8	0.0	0.0
151	p2	0.85	0.0	0.0
151	protein1	342.1	7.65	2.27600295
151	protein2	274.9	7.0	2.0156926500000005
151	protein3	688.15	16.1	2.1819760500000003
151	r1	7.65	0.0	0.0
151	rnapol	1.0	0.0	0.0
152	__protein1_rbs	4.85	0.0	0.0
152	__protein2_rbs	4.55	0.0	0.0
152	__protein3_rbs	9.85	0.0	0.0
152	__ribosome	34.65	0.0	0.0
152	__rnase_site_ext	22.1	0.0	0.0
152	p0	0.95	0.0	0.0
152	p2	0.8	0.0	0.0
152	protein1	345.45	7.7	2.2194751
152	protein2	277.6	7.0	1.98323605
152	protein3	694.95	16.05	2.16428125
152	r1	7.7	0.0	0.0
152	rnapol	0.9	0.0	0.0
153	__protein1_rbs	4.2	0.0	0.0
153	__protein2_rbs	3.95	0.0	0.0
153	__protein3_rbs	9.75	0.0	0.0
153	__ribosome	35.2	0.0	0.0
153	__rnase_site_ext	22.2	0.0	0.0
153	p0	0.85	0.0	0.0
153	p2	0.8	0.0	0.0
153	protein1	348.85	7.85	2.1584416
153	protein2	280.55	6.95	2.0413329
153	protein3	702.4	16.15	2.08642965
153	r1	7.65	0.0	0.0
153	rnapol	0.9	0.0	0.0
154	__protein1_rbs	4.9	0.0	0.0
154	__protein2_rbs	4.0	0.0	0.0
154	__protein3_rbs	9.0	0.0	0.0
154	__ribosome	36.4	0.0	0.0
154	__rnase_site_ext	22.4	0.0	0.0
154	p0	0.9	0.0	0.0
154	p2	0.65	0.0	0.0
154	protein1	352.75	7.9	2.0644751
154	protein2	283.55	7.1	1.9895671
154	protein3	709.9	16.15	2.0782734999999994
154	r1	7.75	0.0	0.0
154	rnapol	0.8	0.0	0.0
155	__protein1_rbs	5.15	0.0	0.0
155	__protein2_rbs	4.2	0.0	0.0
155	__protein3_rbs	9.7	0.0	0.0
155	__ribosome	37.75	0.0	0.0
155	__rnase_site_ext	22.5	0.0	0.0
155	p0	0.95	0.0	0.0
155	p2	0.8	0.0	0.0
155	protein1	356.45	8.1	1.9406928
155	protein2	286.7	7.1	1.9652580000000004
155	protein3	717.1	16.3	2.04166915
155	r1	7.8	0.0	0.0
155	rnapol	0.9	0.0	0.0
156	__protein1_rbs	3.6	0.0	0.0
156	__protein2_rbs	4.3	0.0	0.0
156	__protein3_rbs	9.65	0.0	0.0
156	__ribosome	35.1	0.0	0.0
156	__rnase_site_ext	22.55	0.0	0.0
156	p0	1.0	0.0	0.0
156	p2	0.8	0.0	0.0
156	protein1	359.35	7.95	2.12734485
156	protein2	288.95	7.1	2.11744045
156	protein3	724.25	16.55	2.0200015
156	r1	7.75	0.0	0.0
156	rnapol	1.15	0.0	0.0
157	__protein1_rbs	4.35	0.0	0.0
157	__protein2_rbs	3.9	0.0	0.0
157	__protein3_rbs	9.45	0.0	0.0
157	__ribosome	33.8	0.0	0.0
157	__rnase_site_ext	22.7	0.0	0.0
157	p0	0.8	0.0	0.0
157	p2	0.9	0.0	0.0
157	protein1	362.65	8.0	2.15297975
157	protein2	292.05	7.1	2.16436865
157	protein3	730.75	16.7	2.05777755
157	r1	7.75	0.0	0.0
157	rnapol	0.95	0.0	0.0
158	__protein1_rbs	4.25	0.0	0.0
158	__protein2_rbs	4.55	0.0	0.0
158	__protein3_rbs	9.8	0.0	0.0
158	__ribosome	32.1	0.0	0.0
158	__rnase_site_ext	22.85	0.0	0.0
158	p0	1.0	0.0	0.0
158	p2	0.85	0.0	0.0
158	protein1	365.65	8.05	2.2548917
158	protein2	294.6	7.1	2.13497825
158	protein3	737.0	16.7	2.11406595
158	r1	7.9	0.0	0.0
158	rnapol	1.05	0.0	0.0
159	__protein1_rbs	4.7	0.0	0.0
159	__protein2_rbs	4.35	0.0	0.0
159	__protein3_rbs	10.3	0.0	0.0
159	__ribosome	32.5	0.0	0.0
159	__rnase_site_ext	22.95	0.0	0.0
159	p0	0.9	0.0	0.0
159	p2	0.75	0.0	0.0
159	protein1	369.2	8.1	2.2239465499999995
159	protein2	297.65	7.1	2.06519835
159	protein3	743.9	16.7	2.10730735
159	r1	7.85	0.0	0.0
159	rnapol	1.0	0.0	0.0
160	__protein1_rbs	4.65	0.0	0.0
160	__protein2_rbs	4.65	0.0	0.0
160	__protein3_rbs	10.05	0.0	0.0
160	__ribosome	33.05	0.0	0.0
160	__rnase_site_ext	22.95	0.0	0.0
160	p0	0.95	0.0	0.0
160	p2	0.7	0.0	0.0
160	protein1	372.4	8.2	2.2323809500000005
160	protein2	301.15	7.1	1.92781735
160	protein3	750.75	16.75	2.1082179
160	r1	8.0	0.0	0.0
160	rnapol	1.05	0.0	0.0
161	__protein1_rbs	4.8	0.0	0.0
161	__protein2_rbs	4.45	0.0	0.0
161	__protein3_rbs	9.1	0.0	0.0
161	__ribosome	34.4	0.0	0.0
161	__rnase_site_ext	22.95	0.0	0.0
161	p0	0.95	0.0	0.0
161	p2	0.8	0.0	0.0
161	protein1	376.55	8.15	2.1320617000000004
161	protein2	304.1	7.3	1.86053385
161	protein3	758.75	16.8	2.08824155
161	r1	8.0	0.0	0.0
161	rnapol	1.45	0.0	0.0
162	__protein1_rbs	5.3	0.0	0.0
162	__protein2_rbs	4.35	0.0	0.0
162	__protein3_rbs	9.7	0.0	0.0
162	__ribosome	34.6	0.0	0.0
162	__rnase_site_ext	22.8	0.0	0.0
162	p0	0.85	0.0	0.0
162	p2	0.85	0.0	0.0
162	protein1	380.35	8.1	2.0581003
162	protein2	307.15	7.3	1.8666666
162	protein3	765.4	16.9	2.0959549
162	r1	7.95	0.0	0.0
162	rnapol	1.55	0.0	0.0
163	__protein1_rbs	4.4	0.0	0.0
163	__protein2_rbs	4.25	0.0	0.0
163	__protein3_rbs	10.9	0.0	0.0
163	__ribosome	35.05	0.0	0.0
163	__rnase_site_ext	22.8	0.0	0.0
163	p0	0.85	0.0	0.0
163	p2	0.85	0.0	0.0
163	protein1	383.9	8.15	2.0879720500000003
163	protein2	309.75	7.3	1.9736327
163	protein3	773.25	16.9	2.0178788
163	r1	7.85	0.0	0.0
163	rnapol	1.45	0.0	0.0
164	__protein1_rbs	5.1	0.0	0.0
164	__protein2_rbs	4.6	0.0	0.0
164	__protein3_rbs	9.4	0.0	0.0
164	__ribosome	34.9	0.0	0.0
164	__rnase_site_ext	22.95	0.0	0.0
164	p0	0.8	0.0	0.0
164	p2	0.75	0.0	0.0
164	protein1	387.4	8.2	2.06386375
164	protein2	312.85	7.25	1.92729795
164	protein3	780.3	16.9	2.047593
164	r1	7.9	0.0	0.0
164	rnapol	1.15	0.0	0.0
165	__protein1_rbs	5.25	0.0	0.0
165	__protein2_rbs	4.3	0.0	0.0
165	__protein3_rbs	9.3	0.0	0.0
165	__ribosome	33.0	0.0	0.0
165	__rnase_site_ext	23.45	0.0	0.0
165	p0	0.75	0.0	0.0
165	p2	0.65	0.0	0.0
165	protein1	390.6	8.25	2.044107549999999
165	protein2	315.3	7.15	2.04434155
165	protein3	786.8	16.8	2.1356308
165	r1	8.0	0.0	0.0
165	rnapol	0.65	0.0	0.0
166	__protein1_rbs	5.0	0.0	0.0
166	__protein2_rbs	4.25	0.0	0.0
166	__protein3_rbs	9.65	0.0	0.0
166	__ribosome	32.75	0.0	0.0
166	__rnase_site_ext	23.55	0.0	0.0
166	p0	1.0	0.0	0.0
166	p2	0.75	0.0	0.0
166	protein1	394.1	8.4	2.0264201500000003
166	protein2	317.95	7.05	2.1297186000000004
166	protein3	794.3	17.05	2.093638
166	r1	8.05	0.0	0.0
166	rnapol	0.75	0.0	0.0
167	__protein1_rbs	5.25	0.0	0.0
167	__protein2_rbs	3.7	0.0	0.0
167	__protein3_rbs	10.55	0.0	0.0
167	__ribosome	32.95	0.0	0.0
167	__rnase_site_ext	23.5	0.0	0.0
167	p0	1.0	0.0	0.0
167	p2	0.9	0.0	0.0
167	protein1	397.55	8.5	1.9902743500000004
167	protein2	321.4	7.2	2.1084308000000003
167	protein3	801.55	17.15	2.0666078000000003
167	r1	7.95	0.0	0.0
167	rnapol	0.9	0.0	0.0
168	__protein1_rbs	5.85	0.0	0.0
168	__protein2_rbs	4.45	0.0	0.0
168	__protein3_rbs	10.2	0.0	0.0
168	__ribosome	34.15	0.0	0.0
168	__rnase_site_ext	23.55	0.0	0.0
168	p0	0.9	0.0	0.0
168	p2	0.75	0.0	0.0
168	protein1	401.3	8.55	1.9123254000000005
168	protein2	324.6	7.2	2.02747835
168	protein3	808.5	17.15	2.0787621
168	r1	7.9	0.0	0.0
168	rnapol	0.8	0.0	0.0
169	__protein1_rbs	4.75	0.0	0.0
169	__protein2_rbs	4.2	0.0	0.0
169	__protein3_rbs	9.85	0.0	0.0
169	__ribosome	33.0	0.0	0.0
169	__rnase_site_ext	23.5	0.0	0.0
169	p0	0.9	0.0	0.0
169	p2	0.85	0.0	0.0
169	protein1	404.85	8.45	1.90952715
169	protein2	327.2	7.2	2.1177634000000003
169	protein3	815.65	17.15	2.1043244
169	r1	7.95	0.0	0.0
169	rnapol	0.75	0.0	0.0
170	__protein1_rbs	5.2	0.0	0.0
170	__protein2_rbs	4.1	0.0	0.0
170	__protein3_rbs	10.1	0.0	0.0
170	__ribosome	33.5	0.0	0.0
170	__rnase_site_ext	23.5	0.0	0.0
170	p0	0.85	0.0	0.0
170	p2	0.95	0.0	0.0
170	protein1	408.25	8.4	1.92450765
170	protein2	330.3	7.15	2.15101185
170	protein3	823.5	17.25	2.0512997000000004
170	r1	8.05	0.0	0.0
170	rnapol	0.85	0.0	0.0
171	__protein1_rbs	5.1	0.0	0.0
171	__protein2_rbs	4.4	0.0	0.0
171	__protein3_rbs	10.15	0.0	0.0
171	__ribosome	34.0	0.0	0.0
171	__rnase_site_ext	23.6	0.0	0.0
171	p0	1.0	0.0	0.0
171	p2	0.8	0.0	0.0
171	protein1	411.35	8.45	1.9458459
171	protein2	333.95	7.15	2.0143686
171	protein3	831.0	17.2	2.0458012
171	r1	8.1	0.0	0.0
171	rnapol	1.0	0.0	0.0
172	__protein1_rbs	4.55	0.0	0.0
172	__protein2_rbs	4.65	0.0	0.0
172	__protein3_rbs	10.35	0.0	0.0
172	__ribosome	33.85	0.0	0.0
172	__rnase_site_ext	23.65	0.0	0.0
172	p0	0.95	0.0	0.0
172	p2	0.85	0.0	0.0
172	protein1	414.8	8.6	1.9802760000000004
172	protein2	336.95	7.2	1.97953825
172	protein3	838.0	17.1	2.0500578499999995
172	r1	8.25	0.0	0.0
172	rnapol	1.35	0.0	0.0
173	__protein1_rbs	5.4	0.0	0.0
173	__protein2_rbs	4.05	0.0	0.0
173	__protein3_rbs	10.35	0.0	0.0
173	__ribosome	33.85	0.0	0.0
173	__rnase_site_ext	23.5	0.0	0.0
173	p0	1.0	0.0	0.0
173	p2	0.7	0.0	0.0
173	protein1	418.1	8.6	1.9686219500000004
173	protein2	339.8	7.15	2.02646825
173	protein3	845.45	17.25	2.01524575
173	r1	8.4	0.0	0.0
173	rnapol	1.35	0.0	0.0
174	__protein1_rbs	5.15	0.0	0.0
174	__protein2_rbs	4.35	0.0	0.0
174	__protein3_rbs	9.3	0.0	0.0
174	__ribosome	33.4	0.0	0.0
174	__rnase_site_ext	23.65	0.0	0.0
174	p0	0.95	0.0	0.0
174	p2	0.75	0.0	0.0
174	protein1	421.35	8.55	1.99455995
174	protein2	343.2	7.25	1.9722348999999997
174	protein3	852.8	17.05	2.0798210999999998
174	r1	8.35	0.0	0.0
174	rnapol	1.3	0.0	0.0
175	__protein1_rbs	4.95	0.0	0.0
175	__protein2_rbs	4.15	0.0	0.0
175	__protein3_rbs	10.5	0.0	0.0
175	__ribosome	33.45	0.0	0.0
175	__rnase_site_ext	23.75	0.0	0.0
175	p0	0.85	0.0	0.0
175	p2	0.9	0.0	0.0
175	protein1	425.05	8.55	2.03374645
175	protein2	346.3	7.5	1.9792585999999999
175	protein3	860.35	17.25	2.00582205
175	r1	8.3	0.0	0.0
175	rnapol	1.3	0.0	0.0
176	__protein1_rbs	5.25	0.0	0.0
176	__protein2_rbs	3.95	0.0	0.0
176	__protein3_rbs	10.9	0.0	0.0
176	__ribosome	33.25	0.0	0.0
176	__rnase_site_ext	23.9	0.0	0.0
176	p0	0.85	0.0	0.0
176	p2	0.85	0.0	0.0
176	protein1	428.8	8.55	2.03531745
176	protein2	349.05	7.5	2.08411985
176	protein3	867.3	17.3	1.983287
176	r1	8.35	0.0	0.0
176	rnapol	1.05	0.0	0.0
177	__protein1_rbs	5.35	0.0	0.0
177	__protein2_rbs	3.75	0.0	0.0
177	__protein3_rbs	10.2	0.0	0.0
177	__ribosome	31.05	0.0	0.0
177	__rnase_site_ext	23.8	0.0	0.0
177	p0	1.0	0.0	0.0
177	p2	0.8	0.0	0.0
177	protein1	432.45	8.85	1.97741525
177	protein2	351.6	7.4	2.25198415
177	protein3	873.9	17.25	2.0513143
177	r1	8.3	0.0	0.0
177	rnapol	0.95	0.0	0.0
178	__protein1_rbs	5.35	0.0	0.0
178	__protein2_rbs	4.85	0.0	0.0
178	__protein3_rbs	10.7	0.0	0.0
178	__ribosome	30.95	0.0	0.0
178	__rnase_site_ext	23.9	0.0	0.0
178	p0	0.9	0.0	0.0
178	p2	0.8	0.0	0.0
178	protein1	435.7	8.85	1.9820995999999995
178	protein2	354.5	7.45	2.2534885
178	protein3	880.85	17.25	2.0443283
178	r1	8.3	0.0	0.0
178	rnapol	1.05	0.0	0.0
179	__protein1_rbs	5.2	0.0	0.0
179	__protein2_rbs	4.25	0.0	0.0
179	__protein3_rbs	10.65	0.0	0.0
179	__ribosome	32.35	0.0	0.0
179	__rnase_site_ext	24.0	0.0	0.0
179	p0	0.95	0.0	0.0
179	p2	0.9	0.0	0.0
179	protein1	439.55	8.8	1.96631675
179	protein2	358.25	7.5	2.1736075500000007
179	protein3	888.65	17.4	1.9962499999999996
179	r1	8.35	0.0	0.0
179	rnapol	1.1	0.0	0.0
180	__protein1_rbs	5.25	0.0	0.0
180	__protein2_rbs	4.5	0.0	0.0
180	__protein3_rbs	10.2	0.0	0.0
180	__ribosome	33.3	0.0	0.0
180	__rnase_site_ext	24.2	0.0	0.0
180	p0	0.9	0.0	0.0
180	p2	0.95	0.0	0.0
180	protein1	443.1	8.95	1.94391055
180	protein2	361.6	7.4	2.1182919
180	protein3	896.35	17.3	1.97525565
180	r1	8.35	0.0	0.0
180	rnapol	1.25	0.0	0.0
181	__protein1_rbs	5.4	0.0	0.0
181	__protein2_rbs	4.25	0.0	0.0
181	__protein3_rbs	9.7	0.0	0.0
181	__ribosome	32.75	0.0	0.0
181	__rnase_site_ext	24.3	0.0	0.0
181	p0	0.9	0.0	0.0
181	p2	0.7	0.0	0.0
181	protein1	446.7	8.95	1.9483334000000003
181	protein2	364.9	7.35	2.1767803500000005
181	protein3	903.4	17.35	1.9943599
181	r1	8.35	0.0	0.0
181	rnapol	1.1	0.0	0.0
182	__protein1_rbs	5.35	0.0	0.0
182	__protein2_rbs	4.6	0.0	0.0
182	__protein3_rbs	9.85	0.0	0.0
182	__ribosome	32.55	0.0	0.0
182	__rnase_site_ext	24.4	0.0	0.0
182	p0	0.95	0.0	0.0
182	p2	0.8	0.0	0.0
182	protein1	450.4	9.1	1.95418615
182	protein2	368.35	7.4	2.1000306
182	protein3	910.55	17.3	2.0253641
182	r1	8.5	0.0	0.0
182	rnapol	1.15	0.0	0.0
183	__protein1_rbs	5.25	0.0	0.0
183	__protein2_rbs	4.1	0.0	0.0
183	__protein3_rbs	10.35	0.0	0.0
183	__ribosome	31.05	0.0	0.0
183	__rnase_site_ext	24.3	0.0	0.0
183	p0	0.95	0.0	0.0
183	p2	0.65	0.0	0.0
183	protein1	453.5	9.15	2.0394180000000004
183	protein2	371.05	7.3	2.15553025
183	protein3	917.55	17.55	2.00154495
183	r1	8.6	0.0	0.0
183	rnapol	1.1	0.0	0.0
184	__protein1_rbs	5.6	0.0	0.0
184	__protein2_rbs	4.65	0.0	0.0
184	__protein3_rbs	10.2	0.0	0.0
184	__ribosome	31.3	0.0	0.0
184	__rnase_site_ext	24.35	0.0	0.0
184	p0	1.0	0.0	0.0
184	p2	0.7	0.0	0.0
184	protein1	457.25	9.1	2.0359921
184	protein2	374.5	7.4	2.02119945
184	protein3	924.25	17.45	2.04919345
184	r1	8.65	0.0	0.0
184	rnapol	1.25	0.0	0.0
185	__protein1_rbs	5.55	0.0	0.0
185	__protein2_rbs	4.7	0.0	0.0
185	__protein3_rbs	10.6	0.0	0.0
185	__ribosome	31.6	0.0	0.0
185	__rnase_site_ext	24.05	0.0	0.0
185	p0	1.0	0.0	0.0
185	p2	0.75	0.0	0.0
185	protein1	461.05	8.95	2.07395385
185	protein2	377.6	7.6	1.9562464
185	protein3	931.6	17.5	2.0349154500000006
185	r1	8.6	0.0	0.0
185	rnapol	1.2	0.0	0.0
186	__protein1_rbs	4.85	0.0	0.0
186	__protein2_rbs	4.7	0.0	0.0
186	__protein3_rbs	10.2	0.0	0.0
186	__ribosome	31.25	0.0	0.0
186	__rnase_site_ext	24.1	0.0	0.0
186	p0	0.85	0.0	0.0
186	p2	0.85	0.0	0.0
186	protein1	464.8	8.8	2.1491287999999997
186	protein2	380.8	7.65	1.9055412
186	protein3	938.7	17.6	2.04136955
186	r1	8.65	0.0	0.0
186	rnapol	1.05	0.0	0.0
187	__protein1_rbs	6.0	0.0	0.0
187	__protein2_rbs	4.65	0.0	0.0
187	__protein3_rbs	10.8	0.0	0.0
187	__ribosome	33.7	0.0	0.0
187	__rnase_site_ext	23.95	0.0	0.0
187	p0	0.85	0.0	0.0
187	p2	1.0	0.0	0.0
187	protein1	468.85	8.85	2.0336057
187	protein2	383.9	7.6	1.8845599499999997
187	protein3	947.0	17.6	1.97948515
187	r1	8.8	0.0	0.0
187	rnapol	1.05	0.0	0.0
188	__protein1_rbs	5.0	0.0	0.0
188	__protein2_rbs	4.6	0.0	0.0
188	__protein3_rbs	9.9	0.0	0.0
188	__ribosome	31.65	0.0	0.0
188	__rnase_site_ext	23.95	0.0	0.0
188	p0	0.9	0.0	0.0
188	p2	0.7	0.0	0.0
188	protein1	472.6	8.85	2.0644683999999995
188	protein2	386.6	7.75	1.9361291500000004
188	protein3	953.85	17.45	2.0362491500000006
188	r1	8.85	0.0	0.0
188	rnapol	1.0	0.0	0.0
189	__protein1_rbs	5.95	0.0	0.0
189	__protein2_rbs	4.45	0.0	0.0
189	__protein3_rbs	10.1	0.0	0.0
189	__ribosome	31.85	0.0	0.0
189	__rnase_site_ext	24.2	0.0	0.0
189	p0	0.95	0.0	0.0
189	p2	0.85	0.0	0.0
189	protein1	476.55	8.85	1.9763979
189	protein2	389.8	7.8	1.9962807
189	protein3	961.05	17.4	2.0682240000000003
189	r1	8.85	0.0	0.0
189	rnapol	1.05	0.0	0.0
190	__protein1_rbs	5.1	0.0	0.0
190	__protein2_rbs	4.95	0.0	0.0
190	__protein3_rbs	11.25	0.0	0.0
190	__ribosome	32.7	0.0	0.0
190	__rnase_site_ext	24.1	0.0	0.0
190	p0	1.0	0.0	0.0
190	p2	0.9	0.0	0.0
190	protein1	480.2	8.9	1.98673515
190	protein2	392.8	7.85	1.9831079
190	protein3	968.55	17.55	1.9848236000000001
190	r1	8.95	0.0	0.0
190	rnapol	1.2	0.0	0.0
191	__protein1_rbs	5.65	0.0	0.0
191	__protein2_rbs	5.15	0.0	0.0
191	__protein3_rbs	10.85	0.0	0.0
191	__ribosome	33.45	0.0	0.0
191	__rnase_site_ext	24.15	0.0	0.0
191	p0	0.95	0.0	0.0
191	p2	0.65	0.0	0.0
191	protein1	483.6	8.8	2.01292745
191	protein2	395.85	7.85	1.98330085
191	protein3	976.35	17.65	1.9470846
191	r1	8.75	0.0	0.0
191	rnapol	1.25	0.0	0.0
192	__protein1_rbs	5.25	0.0	0.0
192	__protein2_rbs	4.05	0.0	0.0
192	__protein3_rbs	10.6	0.0	0.0
192	__ribosome	31.45	0.0	0.0
192	__rnase_site_ext	24.15	0.0	0.0
192	p0	0.95	0.0	0.0
192	p2	0.65	0.0	0.0
192	protein1	487.5	8.8	1.9789971
192	protein2	398.6	7.9	2.1141035
192	protein3	983.1	17.55	2.0014684499999995
192	r1	8.5	0.0	0.0
192	rnapol	1.1	0.0	0.0
193	__protein1_rbs	5.55	0.0	0.0
193	__protein2_rbs	4.45	0.0	0.0
193	__protein3_rbs	10.95	0.0	0.0
193	__ribosome	32.9	0.0	0.0
193	__rnase_site_ext	24.05	0.0	0.0
193	p0	0.85	0.0	0.0
193	p2	0.8	0.0	0.0
193	protein1	491.2	8.8	1.92699675
193	protein2	402.3	7.85	2.10910355
193	protein3	990.65	17.75	1.94822495
193	r1	8.6	0.0	0.0
193	rnapol	1.15	0.0	0.0
194	__protein1_rbs	5.3	0.0	0.0
194	__protein2_rbs	4.8	0.0	0.0
194	__protein3_rbs	10.5	0.0	0.0
194	__ribosome	32.45	0.0	0.0
194	__rnase_site_ext	24.25	0.0	0.0
194	p0	0.85	0.0	0.0
194	p2	0.8	0.0	0.0
194	protein1	494.4	8.65	2.03443725
194	protein2	405.6	7.7	2.11919915
194	protein3	998.0	17.85	1.9548771
194	r1	8.7	0.0	0.0
194	rnapol	0.95	0.0	0.0
195	__protein1_rbs	5.1	0.0	0.0
195	__protein2_rbs	4.2	0.0	0.0
195	__protein3_rbs	11.75	0.0	0.0
195	__ribosome	32.25	0.0	0.0
195	__rnase_site_ext	24.05	0.0	0.0
195	p0	0.85	0.0	0.0
195	p2	0.75	0.0	0.0
195	protein1	498.0	8.65	2.0524368500000003
195	protein2	408.75	7.7	2.16357145
195	protein3	1004.85	17.95	1.9436047
195	r1	8.8	0.0	0.0
195	rnapol	0.75	0.0	0.0
196	__protein1_rbs	5.0	0.0	0.0
196	__protein2_rbs	4.7	0.0	0.0
196	__protein3_rbs	10.2	0.0	0.0
196	__ribosome	32.35	0.0	0.0
196	__rnase_site_ext	23.85	0.0	0.0
196	p0	0.95	0.0	0.0
196	p2	0.8	0.0	0.0
196	protein1	501.85	8.75	1.9809452
196	protein2	411.85	7.65	2.1792974
196	protein3	1012.35	17.65	1.99926815
196	r1	8.75	0.0	0.0
196	rnapol	1.05	0.0	0.0
197	__protein1_rbs	5.2	0.0	0.0
197	__protein2_rbs	4.6	0.0	0.0
197	__protein3_rbs	10.1	0.0	0.0
197	__ribosome	32.4	0.0	0.0
197	__rnase_site_ext	23.7	0.0	0.0
197	p0	0.85	0.0	0.0
197	p2	0.9	0.0	0.0
197	protein1	505.4	8.65	2.0266053
197	protein2	415.85	7.85	2.0812106000000004
197	protein3	1019.35	17.55	2.02566355
197	r1	8.75	0.0	0.0
197	rnapol	1.15	0.0	0.0
198	__protein1_rbs	5.0	0.0	0.0
198	__protein2_rbs	5.2	0.0	0.0
198	__protein3_rbs	10.2	0.0	0.0
198	__ribosome	32.6	0.0	0.0
198	__rnase_site_ext	23.8	0.0	0.0
198	p0	0.95	0.0	0.0
198	p2	0.8	0.0	0.0
198	protein1	508.5	8.6	2.153548
198	protein2	419.2	7.95	1.9295301
198	protein3	1026.7	17.55	2.0067934000000003
198	r1	8.7	0.0	0.0
198	rnapol	1.05	0.0	0.0
199	__protein1_rbs	5.0	0.0	0.0
199	__protein2_rbs	4.5	0.0	0.0
199	__protein3_rbs	10.7	0.0	0.0
199	__ribosome	32.75	0.0	0.0
199	__rnase_site_ext	23.8	0.0	0.0
199	p0	0.95	0.0	0.0
199	p2	0.95	0.0	0.0
199	protein1	512.1	8.65	2.0784061
199	protein2	422.55	7.8	1.96794915
199	protein3	1034.65	17.55	1.9761810000000002
199	r1	8.4	0.0	0.0
199	rnapol	1.25	0.0	0.0
200	__protein1_rbs	5.85	0.0	0.0
200	__protein2_rbs	4.6	0.0	0.0
200	__protein3_rbs	10.1	0.0	0.0
200	__ribosome	31.3	0.0	0.0
200	__rnase_site_ext	23.95	0.0	0.0
200	p0	0.8	0.0	0.0
200	p2	0.75	0.0	0.0
200	protein1	515.95	8.75	1.9648057
200	protein2	425.65	7.8	2.0302489999999995
200	protein3	1040.65	17.55	2.0981523
200	r1	8.5	0.0	0.0
200	rnapol	1.0	0.0	0.0
201	__protein1_rbs	5.5	0.0	0.0
201	__protein2_rbs	5.15	0.0	0.0
201	__protein3_rbs	10.4	0.0	0.0
201	__ribosome	32.15	0.0	0.0
201	__rnase_site_ext	23.95	0.0	0.0
201	p0	0.95	0.0	0.0
201	p2	0.9	0.0	0.0
201	protein1	519.2	8.65	2.0160284
201	protein2	428.65	7.8	1.9936653000000002
201	protein3	1048.55	17.6	2.04398945
201	r1	8.45	0.0	0.0
201	rnapol	1.1	0.0	0.0
202	__protein1_rbs	5.3	0.0	0.0
202	__protein2_rbs	4.45	0.0	0.0
202	__protein3_rbs	10.5	0.0	0.0
202	__ribosome	31.05	0.0	0.0
202	__rnase_site_ext	23.8	0.0	0.0
202	p0	0.75	0.0	0.0
202	p2	0.95	0.0	0.0
202	protein1	522.55	8.75	2.0683528000000004
202	protein2	432.1	7.75	2.0118415999999995
202	protein3	1055.55	17.65	2.0682041
202	r1	8.4	0.0	0.0
202	rnapol	1.1	0.0	0.0
203	__protein1_rbs	5.6	0.0	0.0
203	__protein2_rbs	3.95	0.0	0.0
203	__protein3_rbs	10.45	0.0	0.0
203	__ribosome	32.25	0.0	0.0
203	__rnase_site_ext	23.9	0.0	0.0
203	p0	0.95	0.0	0.0
203	p2	0.8	0.0	0.0
203	protein1	526.65	8.6	1.957713
203	protein2	435.0	7.55	2.19141955
203	protein3	1063.85	17.65	2.0280578
203	r1	8.4	0.0	0.0
203	rnapol	1.1	0.0	0.0
204	__protein1_rbs	5.45	0.0	0.0
204	__protein2_rbs	5.05	0.0	0.0
204	__protein3_rbs	11.05	0.0	0.0
204	__ribosome	32.65	0.0	0.0
204	__rnase_site_ext	23.75	0.0	0.0
204	p0	0.95	0.0	0.0
204	p2	0.95	0.0	0.0
204	protein1	530.35	8.85	1.881704
204	protein2	438.35	7.65	2.050921600000001
204	protein3	1070.6	17.55	2.0558148000000003
204	r1	8.4	0.0	0.0
204	rnapol	1.15	0.0	0.0
205	__protein1_rbs	5.55	0.0	0.0
205	__protein2_rbs	4.35	0.0	0.0
205	__protein3_rbs	10.3	0.0	0.0
205	__ribosome	32.55	0.0	0.0
205	__rnase_site_ext	23.75	0.0	0.0
205	p0	0.9	0.0	0.0
205	p2	0.8	0.0	0.0
205	protein1	533.5	8.8	1.9420665500000005
205	protein2	441.55	7.6	2.1589575
205	protein3	1079.05	17.6	2.01490335
205	r1	8.5	0.0	0.0
205	rnapol	1.15	0.0	0.0
206	__protein1_rbs	5.3	0.0	0.0
206	__protein2_rbs	4.55	0.0	0.0
206	__protein3_rbs	10.3	0.0	0.0
206	__ribosome	32.95	0.0	0.0
206	__rnase_site_ext	23.9	0.0	0.0
206	p0	0.95	0.0	0.0
206	p2	0.85	0.0	0.0
206	protein1	537.25	8.75	1.9321826
206	protein2	444.7	7.4	2.1696357
206	protein3	1086.1	17.5	2.0340037
206	r1	8.4	0.0	0.0
206	rnapol	1.15	0.0	0.0
207	__protein1_rbs	4.95	0.0	0.0
207	__protein2_rbs	4.8	0.0	0.0
207	__protein3_rbs	11.75	0.0	0.0
207	__ribosome	33.95	0.0	0.0
207	__rnase_site_ext	23.75	0.0	0.0
207	p0	0.95	0.0	0.0
207	p2	0.8	0.0	0.0
207	protein1	540.4	8.85	1.969237
207	protein2	448.25	7.5	1.97818725
207	protein3	1093.4	17.55	1.96264195
207	r1	8.6	0.0	0.0
207	rnapol	1.1	0.0	0.0
208	__protein1_rbs	4.4	0.0	0.0
208	__protein2_rbs	4.05	0.0	0.0
208	__protein3_rbs	10.2	0.0	0.0
208	__ribosome	32.35	0.0	0.0
208	__rnase_site_ext	23.85	0.0	0.0
208	p0	0.9	0.0	0.0
208	p2	0.8	0.0	0.0
208	protein1	544.25	8.7	2.0717755
208	protein2	451.55	7.45	2.0509055000000003
208	protein3	1100.25	17.65	2.0049593000000003
208	r1	8.45	0.0	0.0
208	rnapol	1.1	0.0	0.0
209	__protein1_rbs	4.95	0.0	0.0
209	__protein2_rbs	4.15	0.0	0.0
209	__protein3_rbs	11.1	0.0	0.0
209	__ribosome	32.3	0.0	0.0
209	__rnase_site_ext	24.05	0.0	0.0
209	p0	0.95	0.0	0.0
209	p2	0.8	0.0	0.0
209	protein1	547.85	8.55	2.13738995
209	protein2	454.25	7.6	2.1159432999999996
209	protein3	1107.95	17.85	1.9502391
209	r1	8.35	0.0	0.0
209	rnapol	1.05	0.0	0.0
210	__protein1_rbs	4.8	0.0	0.0
210	__protein2_rbs	4.55	0.0	0.0
210	__protein3_rbs	10.3	0.0	0.0
210	__ribosome	31.5	0.0	0.0
210	__rnase_site_ext	24.1	0.0	0.0
210	p0	0.8	0.0	0.0
210	p2	0.8	0.0	0.0
210	protein1	551.2	8.5	2.22888885
210	protein2	457.7	7.5	2.11527425
210	protein3	1115.7	17.9	1.9539864
210	r1	8.5	0.0	0.0
210	rnapol	0.9	0.0	0.0
211	__protein1_rbs	5.7	0.0	0.0
211	__protein2_rbs	4.35	0.0	0.0
211	__protein3_rbs	10.85	0.0	0.0
211	__ribosome	31.0	0.0	0.0
211	__rnase_site_ext	23.8	0.0	0.0
211	p0	1.0	0.0	0.0
211	p2	0.8	0.0	0.0
211	protein1	554.85	8.7	2.168851
211	protein2	460.7	7.45	2.17049425
211	protein3	1122.65	18.05	1.9833783999999999
211	r1	8.55	0.0	0.0
211	rnapol	1.0	0.0	0.0
212	__protein1_rbs	5.1	0.0	0.0
212	__protein2_rbs	4.9	0.0	0.0
212	__protein3_rbs	10.5	0.0	0.0
212	__ribosome	30.35	0.0	0.0
212	__rnase_site_ext	23.75	0.0	0.0
212	p0	0.95	0.0	0.0
212	p2	0.85	0.0	0.0
212	protein1	558.65	8.6	2.1186868999999997
212	protein2	463.75	7.4	2.13426055
212	protein3	1129.5	17.75	2.0784302500000003
212	r1	8.65	0.0	0.0
212	rnapol	1.0	0.0	0.0
213	__protein1_rbs	5.35	0.0	0.0
213	__protein2_rbs	4.15	0.0	0.0
213	__protein3_rbs	10.75	0.0	0.0
213	__ribosome	31.6	0.0	0.0
213	__rnase_site_ext	23.75	0.0	0.0
213	p0	0.85	0.0	0.0
213	p2	0.85	0.0	0.0
213	protein1	562.85	8.6	2.04292935
213	protein2	466.95	7.35	2.18711215
213	protein3	1137.0	17.7	2.05913125
213	r1	8.4	0.0	0.0
213	rnapol	1.15	0.0	0.0
214	__protein1_rbs	4.85	0.0	0.0
214	__protein2_rbs	4.3	0.0	0.0
214	__protein3_rbs	11.5	0.0	0.0
214	__ribosome	32.85	0.0	0.0
214	__rnase_site_ext	23.95	0.0	0.0
214	p0	0.85	0.0	0.0
214	p2	0.65	0.0	0.0
214	protein1	567.0	8.55	2.0499116500000003
214	protein2	470.5	7.45	2.1168615500000003
214	protein3	1144.45	17.75	2.0055428
214	r1	8.35	0.0	0.0
214	rnapol	0.95	0.0	0.0
215	__protein1_rbs	4.6	0.0	0.0
215	__protein2_rbs	4.05	0.0	0.0
215	__protein3_rbs	11.45	0.0	0.0
215	__ribosome	33.45	0.0	0.0
215	__rnase_site_ext	24.05	0.0	0.0
215	p0	0.95	0.0	0.0
215	p2	0.85	0.0	0.0
215	protein1	570.4	8.5	2.1097397
215	protein2	473.85	7.45	2.1125776000000003
215	protein3	1152.35	18.1	1.9160035
215	r1	8.4	0.0	0.0
215	rnapol	0.85	0.0	0.0
216	__protein1_rbs	4.9	0.0	0.0
216	__protein2_rbs	4.15	0.0	0.0
216	__protein3_rbs	11.1	0.0	0.0
216	__ribosome	32.5	0.0	0.0
216	__rnase_site_ext	23.9	0.0	0.0
216	p0	1.0	0.0	0.0
216	p2	0.7	0.0	0.0
216	protein1	573.85	8.55	2.12460625
216	protein2	476.85	7.35	2.16027065
216	protein3	1159.4	17.95	1.9594601000000003
216	r1	8.3	0.0	0.0
216	rnapol	0.9	0.0	0.0
217	__protein1_rbs	5.1	0.0	0.0
217	__protein2_rbs	4.6	0.0	0.0
217	__protein3_rbs	11.05	0.0	0.0
217	__ribosome	33.5	0.0	0.0
217	__rnase_site_ext	23.9	0.0	0.0
217	p0	0.95	0.0	0.0
217	p2	0.9	0.0	0.0
217	protein1	577.3	8.6	2.15247005
217	protein2	480.2	7.2	2.10234485
217	protein3	1167.25	17.9	1.93113035
217	r1	8.4	0.0	0.0
217	rnapol	1.0	0.0	0.0
218	__protein1_rbs	5.55	0.0	0.0
218	__protein2_rbs	4.5	0.0	0.0
218	__protein3_rbs	10.7	0.0	0.0
218	__ribosome	33.55	0.0	0.0
218	__rnase_site_ext	23.85	0.0	0.0
218	p0	0.8	0.0	0.0
218	p2	0.8	0.0	0.0
218	protein1	581.35	8.65	2.0372266
218	protein2	483.1	7.25	2.12891055
218	protein3	1174.65	17.95	1.95644495
218	r1	8.45	0.0	0.0
218	rnapol	0.7	0.0	0.0
219	__protein1_rbs	5.2	0.0	0.0
219	__protein2_rbs	4.1	0.0	0.0
219	__protein3_rbs	10.65	0.0	0.0
219	__ribosome	33.6	0.0	0.0
219	__rnase_site_ext	24.0	0.0	0.0
219	p0	0.95	0.0	0.0
219	p2	0.75	0.0	0.0
219	protein1	585.3	8.7	2.0268019500000003
219	protein2	486.35	7.3	2.10617065
219	protein3	1181.75	17.85	1.9860532
219	r1	8.4	0.0	0.0
219	rnapol	0.8	0.0	0.0
220	__protein1_rbs	5.35	0.0	0.0
220	__protein2_rbs	4.0	0.0	0.0
220	__protein3_rbs	10.25	0.0	0.0
220	__ribosome	32.9	0.0	0.0
220	__rnase_site_ext	24.15	0.0	0.0
220	p0	0.85	0.0	0.0
220	p2	0.85	0.0	0.0
220	protein1	589.1	8.85	1.9650884
220	protein2	489.65	7.15	2.1439880500000004
220	protein3	1188.55	17.7	2.0484892
220	r1	8.4	0.0	0.0
220	rnapol	0.8	0.0	0.0
221	__protein1_rbs	6.1	0.0	0.0
221	__protein2_rbs	4.8	0.0	0.0
221	__protein3_rbs	10.7	0.0	0.0
221	__ribosome	33.9	0.0	0.0
221	__rnase_site_ext	24.15	0.0	0.0
221	p0	0.85	0.0	0.0
221	p2	0.8	0.0	0.0
221	protein1	592.55	9.0	1.889578
221	protein2	492.6	7.2	2.0910912500000003
221	protein3	1196.3	17.95	1.9897991
221	r1	8.45	0.0	0.0
221	rnapol	0.85	0.0	0.0
222	__protein1_rbs	5.45	0.0	0.0
222	__protein2_rbs	4.35	0.0	0.0
222	__protein3_rbs	10.85	0.0	0.0
222	__ribosome	33.45	0.0	0.0
222	__rnase_site_ext	24.25	0.0	0.0
222	p0	0.8	0.0	0.0
222	p2	0.8	0.0	0.0
222	protein1	595.8	8.85	2.00171135
222	protein2	495.45	7.15	2.0379274999999994
222	protein3	1203.95	17.9	1.9934108000000008
222	r1	8.5	0.0	0.0
222	rnapol	0.75	0.0	0.0
223	__protein1_rbs	6.05	0.0	0.0
223	__protein2_rbs	4.3	0.0	0.0
223	__protein3_rbs	10.65	0.0	0.0
223	__ribosome	32.4	0.0	0.0
223	__rnase_site_ext	24.7	0.0	0.0
223	p0	0.9	0.0	0.0
223	p2	0.85	0.0	0.0
223	protein1	599.15	8.95	1.9740995
223	protein2	498.25	7.3	2.0072699500000004
223	protein3	1211.25	17.85	2.0381702
223	r1	8.25	0.0	0.0
223	rnapol	0.65	0.0	0.0
224	__protein1_rbs	5.8	0.0	0.0
224	__protein2_rbs	4.35	0.0	0.0
224	__protein3_rbs	11.05	0.0	0.0
224	__ribosome	33.3	0.0	0.0
224	__rnase_site_ext	24.65	0.0	0.0
224	p0	0.9	0.0	0.0
224	p2	0.8	0.0	0.0
224	protein1	603.6	9.15	1.8552129
224	protein2	501.35	7.4	2.0091132500000004
224	protein3	1218.8	17.95	1.99939365
224	r1	8.35	0.0	0.0
224	rnapol	0.65	0.0	0.0
225	__protein1_rbs	5.45	0.0	0.0
225	__protein2_rbs	4.35	0.0	0.0
225	__protein3_rbs	10.3	0.0	0.0
225	__ribosome	32.65	0.0	0.0
225	__rnase_site_ext	24.8	0.0	0.0
225	p0	0.85	0.0	0.0
225	p2	0.9	0.0	0.0
225	protein1	607.1	9.2	1.8795957000000003
225	protein2	504.8	7.4	1.9490996
225	protein3	1226.15	17.9	2.0470794
225	r1	8.3	0.0	0.0
225	rnapol	0.85	0.0	0.0
226	__protein1_rbs	6.2	0.0	0.0
226	__protein2_rbs	4.55	0.0	0.0
226	__protein3_rbs	11.05	0.0	0.0
226	__ribosome	32.05	0.0	0.0
226	__rnase_site_ext	24.65	0.0	0.0
226	p0	0.95	0.0	0.0
226	p2	0.9	0.0	0.0
226	protein1	610.6	9.4	1.85025945
226	protein2	507.6	7.4	2.02000915
226	protein3	1233.7	18.0	2.0429929
226	r1	8.35	0.0	0.0
226	rnapol	1.0	0.0	0.0
227	__protein1_rbs	6.0	0.0	0.0
227	__protein2_rbs	4.5	0.0	0.0
227	__protein3_rbs	11.5	0.0	0.0
227	__ribosome	32.95	0.0	0.0
227	__rnase_site_ext	24.75	0.0	0.0
227	p0	0.85	0.0	0.0
227	p2	0.8	0.0	0.0
227	protein1	614.4	9.45	1.82298805
227	protein2	510.4	7.15	2.1213691000000003
227	protein3	1241.7	17.9	1.9898514500000004
227	r1	8.3	0.0	0.0
227	rnapol	0.8	0.0	0.0
228	__protein1_rbs	6.0	0.0	0.0
228	__protein2_rbs	4.05	0.0	0.0
228	__protein3_rbs	10.05	0.0	0.0
228	__ribosome	30.95	0.0	0.0
228	__rnase_site_ext	24.8	0.0	0.0
228	p0	0.95	0.0	0.0
228	p2	0.75	0.0	0.0
228	protein1	617.7	9.45	1.9059621499999997
228	protein2	513.35	7.2	2.0965079
228	protein3	1249.05	17.8	2.0480319000000007
228	r1	8.5	0.0	0.0
228	rnapol	0.8	0.0	0.0
229	__protein1_rbs	5.75	0.0	0.0
229	__protein2_rbs	4.35	0.0	0.0
229	__protein3_rbs	10.6	0.0	0.0
229	__ribosome	31.9	0.0	0.0
229	__rnase_site_ext	24.75	0.0	0.0
229	p0	0.95	0.0	0.0
229	p2	0.8	0.0	0.0
229	protein1	621.75	9.55	1.86255875
229	protein2	516.65	7.3	2.0234127500000003
229	protein3	1256.45	17.8	2.02856585
229	r1	8.6	0.0	0.0
229	rnapol	0.65	0.0	0.0
230	__protein1_rbs	5.8	0.0	0.0
230	__protein2_rbs	4.45	0.0	0.0
230	__protein3_rbs	10.5	0.0	0.0
230	__ribosome	32.2	0.0	0.0
230	__rnase_site_ext	24.65	0.0	0.0
230	p0	0.9	0.0	0.0
230	p2	0.75	0.0	0.0
230	protein1	625.65	9.55	1.86803225
230	protein2	520.0	7.4	2.02558445
230	protein3	1264.55	17.85	2.0126754000000004
230	r1	8.8	0.0	0.0
230	rnapol	0.75	0.0	0.0
231	__protein1_rbs	6.05	0.0	0.0
231	__protein2_rbs	5.05	0.0	0.0
231	__protein3_rbs	10.45	0.0	0.0
231	__ribosome	31.55	0.0	0.0
231	__rnase_site_ext	24.5	0.0	0.0
231	p0	0.95	0.0	0.0
231	p2	0.65	0.0	0.0
231	protein1	629.25	9.45	1.9240823499999995
231	protein2	523.15	7.4	1.96715185
231	protein3	1271.4	17.8	2.0799180999999995
231	r1	8.9	0.0	0.0
231	rnapol	0.75	0.0	0.0
232	__protein1_rbs	5.75	0.0	0.0
232	__protein2_rbs	4.1	0.0	0.0
232	__protein3_rbs	10.2	0.0	0.0
232	__ribosome	30.55	0.0	0.0
232	__rnase_site_ext	24.35	0.0	0.0
232	p0	1.0	0.0	0.0
232	p2	0.85	0.0	0.0
232	protein1	632.85	9.35	2.0393218
232	protein2	526.05	7.55	1.997939
232	protein3	1279.35	17.7	2.05001645
232	r1	8.85	0.0	0.0
232	rnapol	0.8	0.0	0.0
233	__protein1_rbs	4.9	0.0	0.0
233	__protein2_rbs	4.85	0.0	0.0
233	__protein3_rbs	10.9	0.0	0.0
233	__ribosome	30.05	0.0	0.0
233	__rnase_site_ext	24.25	0.0	0.0
233	p0	0.9	0.0	0.0
233	p2	0.75	0.0	0.0
233	protein1	636.45	9.1	2.15696115
233	protein2	529.2	7.55	2.0094830500000005
233	protein3	1286.6	17.8	2.0438082
233	r1	8.9	0.0	0.0
233	rnapol	0.75	0.0	0.0
234	__protein1_rbs	5.6	0.0	0.0
234	__protein2_rbs	4.25	0.0	0.0
234	__protein3_rbs	11.05	0.0	0.0
234	__ribosome	31.0	0.0	0.0
234	__rnase_site_ext	24.25	0.0	0.0
234	p0	1.0	0.0	0.0
234	p2	0.8	0.0	0.0
234	protein1	640.75	9.1	2.0406756
234	protein2	532.4	7.65	2.03523035
234	protein3	1294.75	17.9	2.0197759500000005
234	r1	8.95	0.0	0.0
234	rnapol	0.95	0.0	0.0
235	__protein1_rbs	5.7	0.0	0.0
235	__protein2_rbs	4.8	0.0	0.0
235	__protein3_rbs	10.7	0.0	0.0
235	__ribosome	31.4	0.0	0.0
235	__rnase_site_ext	24.25	0.0	0.0
235	p0	0.85	0.0	0.0
235	p2	0.75	0.0	0.0
235	protein1	644.6	9.0	2.00173735
235	protein2	535.45	7.7	1.9836378000000001
235	protein3	1302.05	17.85	2.0294060000000003
235	r1	8.9	0.0	0.0
235	rnapol	0.95	0.0	0.0
236	__protein1_rbs	4.95	0.0	0.0
236	__protein2_rbs	4.4	0.0	0.0
236	__protein3_rbs	10.3	0.0	0.0
236	__ribosome	30.35	0.0	0.0
236	__rnase_site_ext	24.45	0.0	0.0
236	p0	0.9	0.0	0.0
236	p2	0.8	0.0	0.0
236	protein1	648.4	8.95	2.08334445
236	protein2	538.7	7.65	2.0381153000000003
236	protein3	1310.15	17.75	2.05966495
236	r1	8.75	0.0	0.0
236	rnapol	1.0	0.0	0.0
237	__protein1_rbs	6.0	0.0	0.0
237	__protein2_rbs	4.75	0.0	0.0
237	__protein3_rbs	10.9	0.0	0.0
237	__ribosome	31.0	0.0	0.0
237	__rnase_site_ext	24.45	0.0	0.0
237	p0	0.95	0.0	0.0
237	p2	0.8	0.0	0.0
237	protein1	652.25	9.0	1.9846946500000004
237	protein2	541.8	7.6	2.0267966
237	protein3	1317.35	18.05	2.0163862000000004
237	r1	8.9	0.0	0.0
237	rnapol	1.05	0.0	0.0
238	__protein1_rbs	5.0	0.0	0.0
238	__protein2_rbs	4.7	0.0	0.0
238	__protein3_rbs	10.8	0.0	0.0
238	__ribosome	30.85	0.0	0.0
238	__rnase_site_ext	24.45	0.0	0.0
238	p0	1.0	0.0	0.0
238	p2	0.8	0.0	0.0
238	protein1	656.55	8.95	2.0069367
238	protein2	544.9	7.6	2.0613383499999998
238	protein3	1324.75	17.9	2.03483185
238	r1	8.9	0.0	0.0
238	rnapol	1.3	0.0	0.0
239	__protein1_rbs	5.25	0.0	0.0
239	__protein2_rbs	4.45	0.0	0.0
239	__protein3_rbs	11.35	0.0	0.0
239	__ribosome	30.75	0.0	0.0
239	__rnase_site_ext	24.35	0.0	0.0
239	p0	0.9	0.0	0.0
239	p2	0.85	0.0	0.0
239	protein1	660.1	8.95	2.049362
239	protein2	548.1	7.55	2.09774605
239	protein3	1332.4	18.05	2.0019999
239	r1	8.95	0.0	0.0
239	rnapol	1.3	0.0	0.0
240	__protein1_rbs	5.7	0.0	0.0
240	__protein2_rbs	4.75	0.0	0.0
240	__protein3_rbs	10.9	0.0	0.0
240	__ribosome	31.5	0.0	0.0
240	__rnase_site_ext	24.4	0.0	0.0
240	p0	1.0	0.0	0.0
240	p2	0.8	0.0	0.0
240	protein1	663.85	8.9	2.05591865
240	protein2	551.1	7.65	2.02632525
240	protein3	1340.65	18.05	1.9773238999999998
240	r1	8.9	0.0	0.0
240	rnapol	1.6	0.0	0.0
241	__protein1_rbs	5.4	0.0	0.0
241	__protein2_rbs	4.7	0.0	0.0
241	__protein3_rbs	11.75	0.0	0.0
241	__ribosome	33.1	0.0	0.0
241	__rnase_site_ext	24.45	0.0	0.0
241	p0	0.85	0.0	0.0
241	p2	0.9	0.0	0.0
241	protein1	667.85	8.9	2.01250195
241	protein2	554.45	7.65	1.9837212
241	protein3	1348.2	18.05	1.9389244
241	r1	8.85	0.0	0.0
241	rnapol	1.45	0.0	0.0
242	__protein1_rbs	4.65	0.0	0.0
242	__protein2_rbs	4.75	0.0	0.0
242	__protein3_rbs	10.45	0.0	0.0
242	__ribosome	31.7	0.0	0.0
242	__rnase_site_ext	24.45	0.0	0.0
242	p0	0.85	0.0	0.0
242	p2	0.8	0.0	0.0
242	protein1	671.9	8.85	2.06624415
242	protein2	557.6	7.6	2.0231566
242	protein3	1355.65	18.1	1.99233475
242	r1	8.9	0.0	0.0
242	rnapol	1.4	0.0	0.0
243	__protein1_rbs	5.25	0.0	0.0
243	__protein2_rbs	4.45	0.0	0.0
243	__protein3_rbs	11.2	0.0	0.0
243	__ribosome	31.9	0.0	0.0
243	__rnase_site_ext	24.35	0.0	0.0
243	p0	0.9	0.0	0.0
243	p2	0.9	0.0	0.0
243	protein1	675.7	8.9	2.0634199
243	protein2	560.85	7.6	2.0571663
243	protein3	1363.6	18.05	1.9658790000000002
243	r1	8.95	0.0	0.0
243	rnapol	1.4	0.0	0.0
244	__protein1_rbs	5.5	0.0	0.0
244	__protein2_rbs	4.45	0.0	0.0
244	__protein3_rbs	11.25	0.0	0.0
244	__ribosome	31.65	0.0	0.0
244	__rnase_site_ext	24.6	0.0	0.0
244	p0	0.95	0.0	0.0
244	p2	0.55	0.0	0.0
244	protein1	679.7	9.05	2.0013499499999994
244	protein2	563.9	7.65	2.0627255
244	protein3	1370.75	17.95	1.9929283500000008
244	r1	8.8	0.0	0.0
244	rnapol	1.1	0.0	0.0
245	__protein1_rbs	5.9	0.0	0.0
245	__protein2_rbs	4.95	0.0	0.0
245	__protein3_rbs	11.9	0.0	0.0
245	__ribosome	32.7	0.0	0.0
245	__rnase_site_ext	24.9	0.0	0.0
245	p0	0.95	0.0	0.0
245	p2	0.65	0.0	0.0
245	protein1	683.05	9.05	2.0093272
245	protein2	567.35	7.65	1.99849565
245	protein3	1378.25	18.05	1.947996
245	r1	8.55	0.0	0.0
245	rnapol	1.05	0.0	0.0
246	__protein1_rbs	5.45	0.0	0.0
246	__protein2_rbs	4.4	0.0	0.0
246	__protein3_rbs	10.95	0.0	0.0
246	__ribosome	31.2	0.0	0.0
246	__rnase_site_ext	24.8	0.0	0.0
246	p0	0.9	0.0	0.0
246	p2	0.9	0.0	0.0
246	protein1	687.1	9.0	2.0012126999999995
246	protein2	570.25	7.6	2.08604615
246	protein3	1385.4	18.4	1.9614918999999997
246	r1	8.5	0.0	0.0
246	rnapol	1.1	0.0	0.0
247	__protein1_rbs	5.6	0.0	0.0
247	__protein2_rbs	4.35	0.0	0.0
247	__protein3_rbs	10.95	0.0	0.0
247	__ribosome	31.65	0.0	0.0
247	__rnase_site_ext	24.9	0.0	0.0
247	p0	0.95	0.0	0.0
247	p2	0.65	0.0	0.0
247	protein1	691.0	8.9	1.9742719
247	protein2	573.65	7.6	2.1102309000000004
247	protein3	1393.25	18.45	1.95146365
247	r1	8.45	0.0	0.0
247	rnapol	0.85	0.0	0.0
248	__protein1_rbs	5.15	0.0	0.0
248	__protein2_rbs	4.35	0.0	0.0
248	__protein3_rbs	11.25	0.0	0.0
248	__ribosome	32.1	0.0	0.0
248	__rnase_site_ext	24.95	0.0	0.0
248	p0	1.0	0.0	0.0
248	p2	0.8	0.0	0.0
248	protein1	694.65	8.95	1.9732789
248	protein2	577.15	7.6	2.0559217500000004
248	protein3	1400.95	18.55	1.92506045
248	r1	8.5	0.0	0.0
248	rnapol	0.7	0.0	0.0
249	__protein1_rbs	5.85	0.0	0.0
249	__protein2_rbs	4.35	0.0	0.0
249	__protein3_rbs	10.6	0.0	0.0
249	__ribosome	31.9	0.0	0.0
249	__rnase_site_ext	24.85	0.0	0.0
249	p0	1.0	0.0	0.0
249	p2	0.95	0.0	0.0
249	protein1	699.05	8.85	1.8711111
249	protein2	580.75	7.35	2.0897439
249	protein3	1407.75	18.65	2.0323348
249	r1	8.4	0.0	0.0
249	rnapol	1.0	0.0	0.0
250	__protein1_rbs	5.2	0.0	0.0
250	__protein2_rbs	4.55	0.0	0.0
250	__protein3_rbs	11.35	0.0	0.0
250	__ribosome	31.45	0.0	0.0
250	__rnase_site_ext	25.0	0.0	0.0
250	p0	0.85	0.0	0.0
250	p2	0.75	0.0	0.0
250	protein1	702.45	8.8	1.9670371499999997
250	protein2	583.75	7.25	2.1237482000000005
250	protein3	1415.5	18.6	2.0150963500000003
250	r1	8.55	0.0	0.0
250	rnapol	0.85	0.0	0.0
