time	species	protein	transcript	ribo_density
0	__protein1_rbs	0.0	0.0	0.0
0	__protein2_rbs	0.0	0.0	0.0
0	__protein3_rbs	0.0	0.0	0.0
0	__ribosome	100.0	0.0	0.0
0	__rnase_site_ext	0.0	0.0	0.0
0	p0	1.0	0.0	0.0
0	p1	1.0	0.0	0.0
0	r0	0.0	0.0	0.0
0	rnapol	4.0	0.0	0.0
1	__protein1_rbs	0.0	0.0	0.0
1	__protein2_rbs	0.0	0.0	0.0
1	__protein3_rbs	0.0	0.0	0.0
1	__ribosome	100.0	0.0	0.0
1	__rnase_site_ext	1.0	0.0	0.0
1	p0	0.2	0.0	0.0
1	p1	1.0	0.0	0.0
1	r0	0.2	0.0	0.0
1	rnapol	2.4	0.0	0.0
2	__protein1_rbs	0.2	0.0	0.0
2	__protein2_rbs	0.0	0.0	0.0
2	__protein3_rbs	0.0	0.0	0.0
2	__ribosome	99.8	0.0	0.0
2	__rnase_site_ext	2.0	0.0	0.0
2	p0	0.2	0.0	0.0
2	p1	1.0	0.0	0.0
2	protein1	0.0	0.4	0.2
2	r0	1.0	0.0	0.0
2	rnapol	1.8	0.0	0.0
3	__protein1_rbs	0.6	0.0	0.0
3	__protein2_rbs	0.0	0.0	0.0
3	__protein3_rbs	0.0	0.0	0.0
3	__ribosome	99.2	0.0	0.0
3	__rnase_site_ext	3.0	0.0	0.0
3	p0	0.0	0.0	0.0
3	p1	1.0	0.0	0.0
3	protein1	0.0	1.2	0.7
3	r0	2.2	0.0	0.0
3	rnapol	0.6	0.0	0.0
4	__protein1_rbs	0.6	0.0	0.0
4	__protein2_rbs	0.0	0.0	0.0
4	__protein3_rbs	0.0	0.0	0.0
4	__ribosome	97.4	0.0	0.0
4	__rnase_site_ext	4.0	0.0	0.0
4	p0	0.2	0.0	0.0
4	p1	1.0	0.0	0.0
4	protein1	0.0	2.2	1.2
4	r0	3.0	0.0	0.0
4	rnapol	0.0	0.0	0.0
5	__protein1_rbs	1.6	0.0	0.0
5	__protein2_rbs	0.0	0.0	0.0
5	__protein3_rbs	0.0	0.0	0.0
5	__ribosome	95.8	0.0	0.0
5	__rnase_site_ext	4.0	0.0	0.0
5	p0	1.0	0.0	0.0
5	p1	1.0	0.0	0.0
5	protein1	0.0	3.4	1.25
5	r0	4.0	0.0	0.0
5	rnapol	0.0	0.0	0.0
6	__protein1_rbs	1.0	0.0	0.0
6	__protein2_rbs	0.0	0.0	0.0
6	__protein3_rbs	0.0	0.0	0.0
6	__ribosome	93.2	0.0	0.0
6	__rnase_site_ext	4.0	0.0	0.0
6	p0	1.0	0.0	0.0
6	p1	0.8	0.0	0.0
6	protein1	0.0	4.0	1.7
6	r0	4.0	0.0	0.0
6	rnapol	0.0	0.0	0.0
7	__protein1_rbs	1.4	0.0	0.0
7	__protein2_rbs	0.0	0.0	0.0
7	__protein3_rbs	0.0	0.0	0.0
7	__ribosome	91.0	0.0	0.0
7	__rnase_site_ext	4.0	0.0	0.0
7	p0	1.0	0.0	0.0
7	p1	0.2	0.0	0.0
7	protein1	0.2	4.0	2.25
7	r0	4.0	0.0	0.0
7	rnapol	0.0	0.0	0.0
8	__protein1_rbs	1.4	0.0	0.0
8	__protein2_rbs	0.0	0.0	0.0
8	__protein3_rbs	0.0	0.0	0.0
8	__ribosome	89.4	0.0	0.0
8	__rnase_site_ext	4.0	0.0	0.0
8	p0	1.0	0.0	0.0
8	p1	0.0	0.0	0.0
8	protein1	1.2	4.0	2.65
8	r0	4.0	0.0	0.0
8	rnapol	0.0	0.0	0.0
9	__protein1_rbs	1.0	0.0	0.0
9	__protein2_rbs	0.0	0.0	0.0
9	__protein3_rbs	0.0	0.0	0.0
9	__ribosome	87.8	0.0	0.0
9	__rnase_site_ext	4.0	0.0	0.0
9	p0	1.0	0.0	0.0
9	p1	0.0	0.0	0.0
9	protein1	2.2	4.0	3.05
9	r0	4.0	0.0	0.0
9	rnapol	0.0	0.0	0.0
10	__protein1_rbs	1.4	0.0	0.0
10	__protein2_rbs	0.2	0.0	0.0
10	__protein3_rbs	0.0	0.0	0.0
10	__ribosome	87.0	0.0	0.0
10	__rnase_site_ext	4.0	0.0	0.0
10	p0	1.0	0.0	0.0
10	p1	0.0	0.0	0.0
10	protein1	3.8	4.0	3.25
10	protein2	0.0	0.2	0.0
10	r0	4.0	0.0	0.0
10	rnapol	0.0	0.0	0.0
11	__protein1_rbs	0.6	0.0	0.0
11	__protein2_rbs	0.8	0.0	0.0
11	__protein3_rbs	0.0	0.0	0.0
11	__ribosome	86.4	0.0	0.0
11	__rnase_site_ext	4.0	0.0	0.0
11	p0	1.0	0.0	0.0
11	p1	0.0	0.0	0.0
11	protein1	6.8	4.0	3.35
11	protein2	0.0	1.0	0.1
11	r0	4.0	0.0	0.0
11	rnapol	0.0	0.0	0.0
12	__protein1_rbs	1.2	0.0	0.0
12	__protein2_rbs	0.4	0.0	0.0
12	__protein3_rbs	0.0	0.0	0.0
12	__ribosome	85.4	0.0	0.0
12	__rnase_site_ext	3.8	0.0	0.0
12	p0	1.0	0.0	0.0
12	p1	0.4	0.0	0.0
12	protein1	8.8	4.0	3.4
12	protein2	0.0	1.4	0.8
12	r0	4.0	0.0	0.0
12	rnapol	0.0	0.0	0.0
13	__protein1_rbs	1.2	0.0	0.0
13	__protein2_rbs	1.0	0.0	0.0
13	__protein3_rbs	0.0	0.0	0.0
13	__ribosome	84.6	0.0	0.0
13	__rnase_site_ext	3.8	0.0	0.0
13	p0	1.0	0.0	0.0
13	p1	1.0	0.0	0.0
13	protein1	11.2	4.0	3.3
13	protein2	0.0	2.2	1.0
13	r0	3.8	0.0	0.0
13	rnapol	0.0	0.0	0.0
14	__protein1_rbs	1.8	0.0	0.0
14	__protein2_rbs	0.4	0.0	0.0
14	__protein3_rbs	0.0	0.0	0.0
14	__ribosome	83.6	0.0	0.0
14	__rnase_site_ext	3.6	0.0	0.0
14	p0	1.0	0.0	0.0
14	p1	1.0	0.0	0.0
14	protein1	14.2	3.8	3.1333333999999997
14	protein2	0.0	3.2	1.4333332
14	r0	3.8	0.0	0.0
14	rnapol	0.0	0.0	0.0
15	__protein1_rbs	0.8	0.0	0.0
15	__protein2_rbs	1.4	0.0	0.0
15	__protein3_rbs	0.0	0.0	0.0
15	__ribosome	80.6	0.0	0.0
15	__rnase_site_ext	3.6	0.0	0.0
15	p0	1.0	0.0	0.0
15	p1	1.0	0.0	0.0
15	protein1	16.2	3.8	3.5
15	protein2	0.0	3.6	1.7333333999999998
15	r0	3.8	0.0	0.0
15	rnapol	0.0	0.0	0.0
16	__protein1_rbs	0.8	0.0	0.0
16	__protein2_rbs	0.8	0.0	0.0
16	__protein3_rbs	0.0	0.0	0.0
16	__ribosome	78.6	0.0	0.0
16	__rnase_site_ext	3.6	0.0	0.0
16	p0	1.0	0.0	0.0
16	p1	1.0	0.0	0.0
16	protein1	19.0	3.6	3.45
16	protein2	0.2	4.0	2.25
16	r0	3.6	0.0	0.0
16	rnapol	0.0	0.0	0.0
17	__protein1_rbs	0.6	0.0	0.0
17	__protein2_rbs	1.6	0.0	0.0
17	__protein3_rbs	0.0	0.0	0.0
17	__ribosome	77.0	0.0	0.0
17	__rnase_site_ext	3.6	0.0	0.0
17	p0	1.0	0.0	0.0
17	p1	1.0	0.0	0.0
17	protein1	21.2	3.4	3.9
17	protein2	1.0	4.0	2.5
17	protein3	0.0	0.2	0.2
17	r0	3.4	0.0	0.0
17	rnapol	0.0	0.0	0.0
18	__protein1_rbs	1.8	0.0	0.0
18	__protein2_rbs	1.8	0.0	0.0
18	__protein3_rbs	0.6	0.0	0.0
18	__ribosome	77.2	0.0	0.0
18	__rnase_site_ext	3.6	0.0	0.0
18	p0	1.0	0.0	0.0
18	p1	1.0	0.0	0.0
18	protein1	24.0	3.2	3.6833334000000004
18	protein2	2.2	4.0	2.65
18	protein3	0.0	0.8	0.2
18	r0	3.2	0.0	0.0
18	rnapol	0.0	0.0	0.0
19	__protein1_rbs	1.8	0.0	0.0
19	__protein2_rbs	1.6	0.0	0.0
19	__protein3_rbs	0.4	0.0	0.0
19	__ribosome	76.8	0.0	0.0
19	__rnase_site_ext	3.6	0.0	0.0
19	p0	1.0	0.0	0.0
19	p1	1.0	0.0	0.0
19	protein1	26.2	3.2	3.5166666
19	protein2	4.0	4.0	2.75
19	protein3	0.0	1.2	0.9
19	r0	3.2	0.0	0.0
19	rnapol	0.0	0.0	0.0
20	__protein1_rbs	0.6	0.0	0.0
20	__protein2_rbs	0.6	0.0	0.0
20	__protein3_rbs	0.2	0.0	0.0
20	__ribosome	73.4	0.0	0.0
20	__rnase_site_ext	3.6	0.0	0.0
20	p0	1.0	0.0	0.0
20	p1	1.0	0.0	0.0
20	protein1	27.8	3.2	3.9166665999999997
20	protein2	6.4	4.0	3.0
20	protein3	0.0	1.4	1.4
20	r0	3.2	0.0	0.0
20	rnapol	0.0	0.0	0.0
21	__protein1_rbs	1.8	0.0	0.0
21	__protein2_rbs	1.6	0.0	0.0
21	__protein3_rbs	0.8	0.0	0.0
21	__ribosome	73.8	0.0	0.0
21	__rnase_site_ext	3.6	0.0	0.0
21	p0	1.0	0.0	0.0
21	p1	1.0	0.0	0.0
21	protein1	31.0	3.2	3.3166665999999996
21	protein2	8.4	4.0	3.05
21	protein3	0.0	2.2	1.6
21	r0	3.2	0.0	0.0
21	rnapol	0.0	0.0	0.0
22	__protein1_rbs	0.8	0.0	0.0
22	__protein2_rbs	1.4	0.0	0.0
22	__protein3_rbs	1.2	0.0	0.0
22	__ribosome	73.2	0.0	0.0
22	__rnase_site_ext	3.8	0.0	0.0
22	p0	0.8	0.0	0.0
22	p1	1.0	0.0	0.0
22	protein1	33.4	3.2	3.1666666
22	protein2	10.8	4.0	2.95
22	protein3	0.2	3.0	1.7166668
22	r0	3.2	0.0	0.0
22	rnapol	0.0	0.0	0.0
23	__protein1_rbs	1.6	0.0	0.0
23	__protein2_rbs	1.8	0.0	0.0
23	__protein3_rbs	1.2	0.0	0.0
23	__ribosome	70.6	0.0	0.0
23	__rnase_site_ext	4.2	0.0	0.0
23	p0	0.6	0.0	0.0
23	p1	1.0	0.0	0.0
23	protein1	35.4	3.2	3.0333334
23	protein2	12.2	4.0	3.15
23	protein3	0.4	3.8	1.9
23	r0	3.4	0.0	0.0
23	rnapol	0.4	0.0	0.0
24	__protein1_rbs	0.2	0.0	0.0
24	__protein2_rbs	1.4	0.0	0.0
24	__protein3_rbs	2.0	0.0	0.0
24	__ribosome	69.8	0.0	0.0
24	__rnase_site_ext	4.8	0.0	0.0
24	p0	0.6	0.0	0.0
24	p1	1.0	0.0	0.0
24	protein1	37.4	3.4	3.0333334
24	protein2	15.2	4.0	2.95
24	protein3	1.2	4.0	2.05
24	r0	3.8	0.0	0.0
24	rnapol	0.0	0.0	0.0
25	__protein1_rbs	2.0	0.0	0.0
25	__protein2_rbs	2.2	0.0	0.0
25	__protein3_rbs	2.4	0.0	0.0
25	__ribosome	70.0	0.0	0.0
25	__rnase_site_ext	5.0	0.0	0.0
25	p0	0.6	0.0	0.0
25	p1	1.0	0.0	0.0
25	protein1	39.4	4.0	2.43
25	protein2	17.2	4.0	2.9
25	protein3	2.2	4.0	2.15
25	r0	4.4	0.0	0.0
25	rnapol	0.2	0.0	0.0
26	__protein1_rbs	2.4	0.0	0.0
26	__protein2_rbs	1.2	0.0	0.0
26	__protein3_rbs	0.6	0.0	0.0
26	__ribosome	68.4	0.0	0.0
26	__rnase_site_ext	5.6	0.0	0.0
26	p0	0.6	0.0	0.0
26	p1	1.0	0.0	0.0
26	protein1	41.2	4.4	2.28
26	protein2	20.4	4.0	2.75
26	protein3	3.6	4.0	2.65
26	r0	4.6	0.0	0.0
26	rnapol	0.2	0.0	0.0
27	__protein1_rbs	2.0	0.0	0.0
27	__protein2_rbs	1.4	0.0	0.0
27	__protein3_rbs	1.6	0.0	0.0
27	__ribosome	66.8	0.0	0.0
27	__rnase_site_ext	6.0	0.0	0.0
27	p0	0.2	0.0	0.0
27	p1	1.0	0.0	0.0
27	protein1	43.4	4.8	2.1700000000000004
27	protein2	22.4	4.0	2.9
27	protein3	5.0	4.0	2.75
27	r0	5.2	0.0	0.0
27	rnapol	0.4	0.0	0.0
28	__protein1_rbs	2.2	0.0	0.0
28	__protein2_rbs	1.4	0.0	0.0
28	__protein3_rbs	1.4	0.0	0.0
28	__ribosome	64.2	0.0	0.0
28	__rnase_site_ext	7.0	0.0	0.0
28	p0	0.2	0.0	0.0
28	p1	1.0	0.0	0.0
28	protein1	44.4	5.2	2.4266666
28	protein2	24.4	4.0	2.95
28	protein3	7.2	4.0	2.8
28	r0	5.6	0.0	0.0
28	rnapol	0.2	0.0	0.0
29	__protein1_rbs	1.4	0.0	0.0
29	__protein2_rbs	1.4	0.0	0.0
29	__protein3_rbs	1.6	0.0	0.0
29	__ribosome	61.8	0.0	0.0
29	__rnase_site_ext	7.6	0.0	0.0
29	p0	0.8	0.0	0.0
29	p1	0.4	0.0	0.0
29	protein1	46.6	5.6	2.6028572
29	protein2	26.6	4.0	3.0
29	protein3	9.2	4.0	2.9
29	r0	6.6	0.0	0.0
29	rnapol	0.0	0.0	0.0
30	__protein1_rbs	4.8	0.0	0.0
30	__protein2_rbs	1.6	0.0	0.0
30	__protein3_rbs	2.2	0.0	0.0
30	__ribosome	62.6	0.0	0.0
30	__rnase_site_ext	7.6	0.0	0.0
30	p0	1.0	0.0	0.0
30	p1	0.2	0.0	0.0
30	protein1	49.0	6.8	2.0333334
30	protein2	28.8	4.0	3.0
30	protein3	10.8	4.0	2.85
30	r0	7.0	0.0	0.0
30	rnapol	0.0	0.0	0.0
31	__protein1_rbs	2.0	0.0	0.0
31	__protein2_rbs	1.2	0.0	0.0
31	__protein3_rbs	1.2	0.0	0.0
31	__ribosome	59.8	0.0	0.0
31	__rnase_site_ext	7.4	0.0	0.0
31	p0	1.0	0.0	0.0
31	p1	0.4	0.0	0.0
31	protein1	51.6	7.0	2.2964286
31	protein2	30.6	3.8	3.4166665999999997
31	protein3	13.4	4.0	2.8
31	r0	7.0	0.0	0.0
31	rnapol	0.0	0.0	0.0
32	__protein1_rbs	2.4	0.0	0.0
32	__protein2_rbs	1.8	0.0	0.0
32	__protein3_rbs	1.8	0.0	0.0
32	__ribosome	58.0	0.0	0.0
32	__rnase_site_ext	7.4	0.0	0.0
32	p0	1.0	0.0	0.0
32	p1	0.6	0.0	0.0
32	protein1	53.6	7.0	2.6476189999999997
32	protein2	33.0	4.0	3.0666666
32	protein3	15.4	4.0	2.8
32	r0	6.8	0.0	0.0
32	rnapol	0.0	0.0	0.0
33	__protein1_rbs	3.4	0.0	0.0
33	__protein2_rbs	1.8	0.0	0.0
33	__protein3_rbs	1.8	0.0	0.0
33	__ribosome	57.8	0.0	0.0
33	__rnase_site_ext	7.2	0.0	0.0
33	p0	1.0	0.0	0.0
33	p1	0.2	0.0	0.0
33	protein1	56.2	6.8	2.8142857999999995
33	protein2	35.6	4.2	2.88
33	protein3	17.8	4.0	2.75
33	r0	6.8	0.0	0.0
33	rnapol	0.0	0.0	0.0
34	__protein1_rbs	2.2	0.0	0.0
34	__protein2_rbs	1.8	0.0	0.0
34	__protein3_rbs	2.4	0.0	0.0
34	__ribosome	57.6	0.0	0.0
34	__rnase_site_ext	7.2	0.0	0.0
34	p0	1.0	0.0	0.0
34	p1	0.0	0.0	0.0
34	protein1	60.6	6.8	2.8428572
34	protein2	37.8	5.0	2.5266666
34	protein3	20.0	4.0	2.6
34	r0	6.6	0.0	0.0
34	rnapol	0.0	0.0	0.0
35	__protein1_rbs	2.2	0.0	0.0
35	__protein2_rbs	3.2	0.0	0.0
35	__protein3_rbs	2.8	0.0	0.0
35	__ribosome	59.0	0.0	0.0
35	__rnase_site_ext	7.2	0.0	0.0
35	p0	1.0	0.0	0.0
35	p1	0.2	0.0	0.0
35	protein1	63.4	6.6	3.0095238
35	protein2	40.4	4.6	2.65
35	protein3	22.2	4.0	2.3
35	r0	6.6	0.0	0.0
35	rnapol	0.0	0.0	0.0
36	__protein1_rbs	2.4	0.0	0.0
36	__protein2_rbs	2.6	0.0	0.0
36	__protein3_rbs	0.8	0.0	0.0
36	__ribosome	57.8	0.0	0.0
36	__rnase_site_ext	7.2	0.0	0.0
36	p0	1.0	0.0	0.0
36	p1	0.4	0.0	0.0
36	protein1	67.2	6.6	2.9952382
36	protein2	43.0	5.0	2.3866668
36	protein3	24.0	4.0	2.6
36	r0	6.6	0.0	0.0
36	rnapol	0.0	0.0	0.0
37	__protein1_rbs	3.6	0.0	0.0
37	__protein2_rbs	2.0	0.0	0.0
37	__protein3_rbs	1.4	0.0	0.0
37	__ribosome	57.2	0.0	0.0
37	__rnase_site_ext	7.0	0.0	0.0
37	p0	1.0	0.0	0.0
37	p1	0.8	0.0	0.0
37	protein1	71.4	6.6	2.8380954
37	protein2	44.6	5.6	2.4857142000000003
37	protein3	26.8	4.0	2.55
37	r0	6.6	0.0	0.0
37	rnapol	0.0	0.0	0.0
38	__protein1_rbs	3.2	0.0	0.0
38	__protein2_rbs	3.4	0.0	0.0
38	__protein3_rbs	3.0	0.0	0.0
38	__ribosome	57.0	0.0	0.0
38	__rnase_site_ext	6.8	0.0	0.0
38	p0	1.0	0.0	0.0
38	p1	1.0	0.0	0.0
38	protein1	75.2	6.6	2.8142857999999995
38	protein2	47.0	6.4	2.2602382000000003
38	protein3	28.4	4.0	2.5
38	r0	6.6	0.0	0.0
38	rnapol	0.0	0.0	0.0
39	__protein1_rbs	2.8	0.0	0.0
39	__protein2_rbs	3.4	0.0	0.0
39	__protein3_rbs	1.4	0.0	0.0
39	__ribosome	54.6	0.0	0.0
39	__rnase_site_ext	6.8	0.0	0.0
39	p0	1.0	0.0	0.0
39	p1	1.0	0.0	0.0
39	protein1	77.8	6.6	3.0238094
39	protein2	50.6	7.0	2.045238
39	protein3	30.2	4.0	2.75
39	r0	6.4	0.0	0.0
39	rnapol	0.0	0.0	0.0
40	__protein1_rbs	3.0	0.0	0.0
40	__protein2_rbs	3.0	0.0	0.0
40	__protein3_rbs	1.4	0.0	0.0
40	__ribosome	52.2	0.0	0.0
40	__rnase_site_ext	6.8	0.0	0.0
40	p0	1.0	0.0	0.0
40	p1	1.0	0.0	0.0
40	protein1	82.4	6.4	2.8428572
40	protein2	52.2	7.2	2.3023808
40	protein3	31.0	4.6	2.88
40	r0	6.4	0.0	0.0
40	rnapol	0.0	0.0	0.0
41	__protein1_rbs	2.0	0.0	0.0
41	__protein2_rbs	2.8	0.0	0.0
41	__protein3_rbs	3.2	0.0	0.0
41	__ribosome	53.4	0.0	0.0
41	__rnase_site_ext	6.8	0.0	0.0
41	p0	1.0	0.0	0.0
41	p1	1.0	0.0	0.0
41	protein1	86.4	6.4	2.8476190000000003
41	protein2	55.6	7.2	2.4309522
41	protein3	34.6	5.0	2.2433334
41	r0	6.4	0.0	0.0
41	rnapol	0.0	0.0	0.0
42	__protein1_rbs	2.2	0.0	0.0
42	__protein2_rbs	5.0	0.0	0.0
42	__protein3_rbs	2.0	0.0	0.0
42	__ribosome	52.4	0.0	0.0
42	__rnase_site_ext	6.6	0.0	0.0
42	p0	1.0	0.0	0.0
42	p1	1.0	0.0	0.0
42	protein1	90.2	6.4	2.7476192000000004
42	protein2	57.8	7.2	2.4678572
42	protein3	36.6	5.4	2.3066666
42	r0	6.4	0.0	0.0
42	rnapol	0.0	0.0	0.0
43	__protein1_rbs	3.0	0.0	0.0
43	__protein2_rbs	2.8	0.0	0.0
43	__protein3_rbs	4.2	0.0	0.0
43	__ribosome	52.0	0.0	0.0
43	__rnase_site_ext	6.4	0.0	0.0
43	p0	1.0	0.0	0.0
43	p1	1.0	0.0	0.0
43	protein1	93.2	6.4	2.761905
43	protein2	60.8	7.2	2.6166666000000003
43	protein3	38.8	5.8	2.0066666
43	r0	6.2	0.0	0.0
43	rnapol	0.0	0.0	0.0
44	__protein1_rbs	3.2	0.0	0.0
44	__protein2_rbs	3.8	0.0	0.0
44	__protein3_rbs	2.2	0.0	0.0
44	__ribosome	52.2	0.0	0.0
44	__rnase_site_ext	6.4	0.0	0.0
44	p0	1.0	0.0	0.0
44	p1	1.0	0.0	0.0
44	protein1	96.8	6.2	2.8266666000000003
44	protein2	64.8	7.2	2.413095
44	protein3	40.6	5.8	2.2866664
44	r0	6.0	0.0	0.0
44	rnapol	0.0	0.0	0.0
45	__protein1_rbs	1.8	0.0	0.0
45	__protein2_rbs	2.6	0.0	0.0
45	__protein3_rbs	3.8	0.0	0.0
45	__ribosome	51.2	0.0	0.0
45	__rnase_site_ext	6.6	0.0	0.0
45	p0	0.6	0.0	0.0
45	p1	1.0	0.0	0.0
45	protein1	100.0	6.0	2.9857142000000003
45	protein2	68.4	7.0	2.5357142
45	protein3	43.4	6.8	1.9666666000000002
45	r0	6.0	0.0	0.0
45	rnapol	0.0	0.0	0.0
46	__protein1_rbs	3.4	0.0	0.0
46	__protein2_rbs	3.4	0.0	0.0
46	__protein3_rbs	3.0	0.0	0.0
46	__ribosome	51.8	0.0	0.0
46	__rnase_site_ext	7.0	0.0	0.0
46	p0	0.8	0.0	0.0
46	p1	1.0	0.0	0.0
46	protein1	103.8	6.2	2.7028570000000003
46	protein2	72.8	7.0	2.4559522
46	protein3	46.0	7.2	2.0357142
46	r0	6.4	0.0	0.0
46	rnapol	0.0	0.0	0.0
47	__protein1_rbs	2.6	0.0	0.0
47	__protein2_rbs	3.6	0.0	0.0
47	__protein3_rbs	3.6	0.0	0.0
47	__ribosome	49.4	0.0	0.0
47	__rnase_site_ext	7.6	0.0	0.0
47	p0	0.4	0.0	0.0
47	p1	1.0	0.0	0.0
47	protein1	107.0	6.4	2.7914286
47	protein2	75.4	7.0	2.5761906000000003
47	protein3	48.6	7.4	2.0285714
47	r0	6.6	0.0	0.0
47	rnapol	0.0	0.0	0.0
48	__protein1_rbs	3.2	0.0	0.0
48	__protein2_rbs	3.0	0.0	0.0
48	__protein3_rbs	2.8	0.0	0.0
48	__ribosome	46.8	0.0	0.0
48	__rnase_site_ext	7.2	0.0	0.0
48	p0	0.8	0.0	0.0
48	p1	1.0	0.0	0.0
48	protein1	110.2	6.6	2.6769048
48	protein2	79.0	7.0	2.6273807999999996
48	protein3	50.4	7.6	2.2964286
48	r0	7.2	0.0	0.0
48	rnapol	0.0	0.0	0.0
49	__protein1_rbs	2.6	0.0	0.0
49	__protein2_rbs	4.4	0.0	0.0
49	__protein3_rbs	4.8	0.0	0.0
49	__ribosome	47.4	0.0	0.0
49	__rnase_site_ext	7.4	0.0	0.0
49	p0	0.8	0.0	0.0
49	p1	1.0	0.0	0.0
49	protein1	114.2	6.8	2.6221428
49	protein2	81.4	6.8	2.6571428
49	protein3	53.6	7.6	2.2607142000000002
49	r0	6.6	0.0	0.0
49	rnapol	0.0	0.0	0.0
50	__protein1_rbs	2.8	0.0	0.0
50	__protein2_rbs	4.0	0.0	0.0
50	__protein3_rbs	2.2	0.0	0.0
50	__ribosome	46.6	0.0	0.0
50	__rnase_site_ext	8.0	0.0	0.0
50	p0	0.2	0.0	0.0
50	p1	0.8	0.0	0.0
50	protein1	117.2	6.4	2.8514286
50	protein2	85.6	6.8	2.4571426
50	protein3	56.6	7.4	2.5416666
50	r0	6.6	0.0	0.0
50	rnapol	0.0	0.0	0.0
51	__protein1_rbs	4.4	0.0	0.0
51	__protein2_rbs	3.0	0.0	0.0
51	__protein3_rbs	3.0	0.0	0.0
51	__ribosome	48.4	0.0	0.0
51	__rnase_site_ext	8.4	0.0	0.0
51	p0	0.4	0.0	0.0
51	p1	0.8	0.0	0.0
51	protein1	120.0	6.6	2.64
51	protein2	89.6	6.6	2.4238096000000002
51	protein3	60.6	7.2	2.5476192
51	r0	7.2	0.0	0.0
51	rnapol	0.0	0.0	0.0
52	__protein1_rbs	4.2	0.0	0.0
52	__protein2_rbs	3.2	0.0	0.0
52	__protein3_rbs	4.0	0.0	0.0
52	__ribosome	47.8	0.0	0.0
52	__rnase_site_ext	8.2	0.0	0.0
52	p0	0.6	0.0	0.0
52	p1	0.6	0.0	0.0
52	protein1	123.8	7.2	2.3535714000000003
52	protein2	92.8	6.6	2.4666664000000003
52	protein3	62.8	7.2	2.6392857999999997
52	r0	7.8	0.0	0.0
52	rnapol	0.0	0.0	0.0
53	__protein1_rbs	2.8	0.0	0.0
53	__protein2_rbs	3.2	0.0	0.0
53	__protein3_rbs	3.6	0.0	0.0
53	__ribosome	47.6	0.0	0.0
53	__rnase_site_ext	8.8	0.0	0.0
53	p0	0.8	0.0	0.0
53	p1	0.0	0.0	0.0
53	protein1	127.8	7.8	2.2670634
53	protein2	96.4	6.6	2.3714284
53	protein3	66.4	7.2	2.6642857999999996
53	r0	7.8	0.0	0.0
53	rnapol	0.0	0.0	0.0
54	__protein1_rbs	2.8	0.0	0.0
54	__protein2_rbs	2.8	0.0	0.0
54	__protein3_rbs	3.0	0.0	0.0
54	__ribosome	46.0	0.0	0.0
54	__rnase_site_ext	8.8	0.0	0.0
54	p0	1.0	0.0	0.0
54	p1	0.4	0.0	0.0
54	protein1	130.6	7.8	2.5194444000000003
54	protein2	99.2	6.8	2.3952382
54	protein3	70.6	7.2	2.577381
54	r0	8.0	0.0	0.0
54	rnapol	0.0	0.0	0.0
55	__protein1_rbs	4.0	0.0	0.0
55	__protein2_rbs	4.2	0.0	0.0
55	__protein3_rbs	3.6	0.0	0.0
55	__ribosome	48.0	0.0	0.0
55	__rnase_site_ext	8.4	0.0	0.0
55	p0	1.0	0.0	0.0
55	p1	0.6	0.0	0.0
55	protein1	134.6	8.0	2.3797620000000004
55	protein2	102.0	6.8	2.3047619999999998
55	protein3	74.8	7.2	2.3976192000000003
55	r0	8.0	0.0	0.0
55	rnapol	0.0	0.0	0.0
56	__protein1_rbs	4.6	0.0	0.0
56	__protein2_rbs	3.8	0.0	0.0
56	__protein3_rbs	3.4	0.0	0.0
56	__ribosome	47.4	0.0	0.0
56	__rnase_site_ext	8.4	0.0	0.0
56	p0	1.0	0.0	0.0
56	p1	0.4	0.0	0.0
56	protein1	137.2	8.0	2.4190476000000003
56	protein2	105.4	7.2	2.2130952
56	protein3	78.4	7.2	2.402381
56	r0	7.8	0.0	0.0
56	rnapol	0.0	0.0	0.0
57	__protein1_rbs	3.2	0.0	0.0
57	__protein2_rbs	3.4	0.0	0.0
57	__protein3_rbs	3.2	0.0	0.0
57	__ribosome	46.0	0.0	0.0
57	__rnase_site_ext	8.2	0.0	0.0
57	p0	1.0	0.0	0.0
57	p1	0.0	0.0	0.0
57	protein1	140.4	7.6	2.7035714
57	protein2	108.4	7.8	2.075
57	protein3	82.0	7.2	2.4178572000000003
57	r0	7.6	0.0	0.0
57	rnapol	0.0	0.0	0.0
58	__protein1_rbs	4.4	0.0	0.0
58	__protein2_rbs	4.2	0.0	0.0
58	__protein3_rbs	3.4	0.0	0.0
58	__ribosome	47.0	0.0	0.0
58	__rnase_site_ext	8.2	0.0	0.0
58	p0	1.0	0.0	0.0
58	p1	0.2	0.0	0.0
58	protein1	144.6	7.6	2.550397
58	protein2	111.6	7.8	2.1035714
58	protein3	85.0	7.2	2.4154762
58	r0	7.6	0.0	0.0
58	rnapol	0.0	0.0	0.0
59	__protein1_rbs	4.4	0.0	0.0
59	__protein2_rbs	4.6	0.0	0.0
59	__protein3_rbs	3.0	0.0	0.0
59	__ribosome	46.6	0.0	0.0
59	__rnase_site_ext	8.0	0.0	0.0
59	p0	1.0	0.0	0.0
59	p1	0.2	0.0	0.0
59	protein1	148.8	7.4	2.4166668
59	protein2	114.8	8.0	2.1642857999999996
59	protein3	88.4	7.2	2.5488093999999997
59	r0	7.4	0.0	0.0
59	rnapol	0.0	0.0	0.0
60	__protein1_rbs	4.2	0.0	0.0
60	__protein2_rbs	4.6	0.0	0.0
60	__protein3_rbs	4.6	0.0	0.0
60	__ribosome	47.8	0.0	0.0
60	__rnase_site_ext	7.8	0.0	0.0
60	p0	1.0	0.0	0.0
60	p1	0.4	0.0	0.0
60	protein1	153.0	7.4	2.2916666
60	protein2	117.8	8.2	2.1988093999999996
60	protein3	92.0	7.0	2.4726192000000005
60	r0	7.4	0.0	0.0
60	rnapol	0.0	0.0	0.0
61	__protein1_rbs	3.4	0.0	0.0
61	__protein2_rbs	4.8	0.0	0.0
61	__protein3_rbs	2.6	0.0	0.0
61	__ribosome	46.2	0.0	0.0
61	__rnase_site_ext	7.8	0.0	0.0
61	p0	1.0	0.0	0.0
61	p1	1.0	0.0	0.0
61	protein1	156.4	7.2	2.3966666
61	protein2	121.0	9.0	2.1294444
61	protein3	96.0	7.0	2.5071428
61	r0	7.0	0.0	0.0
61	rnapol	0.0	0.0	0.0
62	__protein1_rbs	2.8	0.0	0.0
62	__protein2_rbs	4.8	0.0	0.0
62	__protein3_rbs	3.8	0.0	0.0
62	__ribosome	45.2	0.0	0.0
62	__rnase_site_ext	7.8	0.0	0.0
62	p0	1.0	0.0	0.0
62	p1	1.0	0.0	0.0
62	protein1	160.4	7.0	2.4764286
62	protein2	124.6	9.4	2.1066666
62	protein3	99.0	7.4	2.4285716
62	r0	7.0	0.0	0.0
62	rnapol	0.0	0.0	0.0
63	__protein1_rbs	4.8	0.0	0.0
63	__protein2_rbs	5.6	0.0	0.0
63	__protein3_rbs	4.0	0.0	0.0
63	__ribosome	44.4	0.0	0.0
63	__rnase_site_ext	7.8	0.0	0.0
63	p0	1.0	0.0	0.0
63	p1	1.0	0.0	0.0
63	protein1	163.2	7.0	2.3771428
63	protein2	127.2	10.0	2.1381818
63	protein3	102.2	7.4	2.4023807999999995
63	r0	7.0	0.0	0.0
63	rnapol	0.0	0.0	0.0
64	__protein1_rbs	4.8	0.0	0.0
64	__protein2_rbs	4.8	0.0	0.0
64	__protein3_rbs	4.4	0.0	0.0
64	__ribosome	44.4	0.0	0.0
64	__rnase_site_ext	7.8	0.0	0.0
64	p0	1.0	0.0	0.0
64	p1	1.0	0.0	0.0
64	protein1	166.0	7.0	2.3121428
64	protein2	131.6	9.8	2.2822222000000005
64	protein3	106.4	8.0	2.1575398000000003
64	r0	7.0	0.0	0.0
64	rnapol	0.0	0.0	0.0
65	__protein1_rbs	3.2	0.0	0.0
65	__protein2_rbs	6.0	0.0	0.0
65	__protein3_rbs	4.4	0.0	0.0
65	__ribosome	41.6	0.0	0.0
65	__rnase_site_ext	7.4	0.0	0.0
65	p0	1.0	0.0	0.0
65	p1	1.0	0.0	0.0
65	protein1	168.6	7.0	2.4685714
65	protein2	135.4	9.6	2.335
65	protein3	109.0	8.2	2.2738096000000003
65	r0	7.0	0.0	0.0
65	rnapol	0.0	0.0	0.0
66	__protein1_rbs	4.4	0.0	0.0
66	__protein2_rbs	3.2	0.0	0.0
66	__protein3_rbs	5.6	0.0	0.0
66	__ribosome	44.0	0.0	0.0
66	__rnase_site_ext	7.4	0.0	0.0
66	p0	1.0	0.0	0.0
66	p1	1.0	0.0	0.0
66	protein1	173.2	7.0	2.0992856000000004
66	protein2	140.0	9.2	2.56
66	protein3	112.8	8.4	2.125
66	r0	7.0	0.0	0.0
66	rnapol	0.0	0.0	0.0
67	__protein1_rbs	4.0	0.0	0.0
67	__protein2_rbs	4.8	0.0	0.0
67	__protein3_rbs	3.6	0.0	0.0
67	__ribosome	44.2	0.0	0.0
67	__rnase_site_ext	7.8	0.0	0.0
67	p0	0.6	0.0	0.0
67	p1	1.0	0.0	0.0
67	protein1	177.0	6.6	2.062857
67	protein2	144.2	9.2	2.51
67	protein3	116.4	8.6	2.213889
67	r0	6.6	0.0	0.0
67	rnapol	0.0	0.0	0.0
68	__protein1_rbs	3.6	0.0	0.0
68	__protein2_rbs	4.8	0.0	0.0
68	__protein3_rbs	5.8	0.0	0.0
68	__ribosome	42.2	0.0	0.0
68	__rnase_site_ext	8.0	0.0	0.0
68	p0	0.6	0.0	0.0
68	p1	1.0	0.0	0.0
68	protein1	179.8	6.6	2.0742856000000005
68	protein2	148.2	8.6	2.688889
68	protein3	118.4	9.4	2.2088888
68	r0	7.0	0.0	0.0
68	rnapol	0.2	0.0	0.0
69	__protein1_rbs	4.2	0.0	0.0
69	__protein2_rbs	3.6	0.0	0.0
69	__protein3_rbs	4.8	0.0	0.0
69	__ribosome	42.6	0.0	0.0
69	__rnase_site_ext	8.2	0.0	0.0
69	p0	0.8	0.0	0.0
69	p1	1.0	0.0	0.0
69	protein1	182.4	7.0	2.0642858
69	protein2	153.8	8.6	2.6277778
69	protein3	122.8	9.4	2.1688888
69	r0	7.2	0.0	0.0
69	rnapol	0.0	0.0	0.0
70	__protein1_rbs	4.0	0.0	0.0
70	__protein2_rbs	5.0	0.0	0.0
70	__protein3_rbs	5.0	0.0	0.0
70	__ribosome	40.0	0.0	0.0
70	__rnase_site_ext	8.4	0.0	0.0
70	p0	0.8	0.0	0.0
70	p1	1.0	0.0	0.0
70	protein1	184.8	7.4	2.0820636
70	protein2	156.2	8.4	2.9138889999999997
70	protein3	127.0	10.0	2.0395960000000004
70	r0	7.6	0.0	0.0
70	rnapol	0.0	0.0	0.0
71	__protein1_rbs	3.6	0.0	0.0
71	__protein2_rbs	3.4	0.0	0.0
71	__protein3_rbs	5.2	0.0	0.0
71	__ribosome	39.6	0.0	0.0
71	__rnase_site_ext	8.8	0.0	0.0
71	p0	0.8	0.0	0.0
71	p1	1.0	0.0	0.0
71	protein1	188.2	7.6	2.079762
71	protein2	162.2	8.0	2.9075398
71	protein3	130.8	10.4	2.1036363999999996
71	r0	7.6	0.0	0.0
71	rnapol	0.0	0.0	0.0
72	__protein1_rbs	4.0	0.0	0.0
72	__protein2_rbs	4.6	0.0	0.0
72	__protein3_rbs	5.6	0.0	0.0
72	__ribosome	39.8	0.0	0.0
72	__rnase_site_ext	9.0	0.0	0.0
72	p0	0.8	0.0	0.0
72	p1	1.0	0.0	0.0
72	protein1	190.4	7.8	2.1492064
72	protein2	166.6	8.0	2.768254
72	protein3	135.6	10.4	2.0781818000000003
72	r0	8.0	0.0	0.0
72	rnapol	0.0	0.0	0.0
73	__protein1_rbs	3.6	0.0	0.0
73	__protein2_rbs	4.0	0.0	0.0
73	__protein3_rbs	6.0	0.0	0.0
73	__ribosome	38.8	0.0	0.0
73	__rnase_site_ext	10.0	0.0	0.0
73	p0	0.0	0.0	0.0
73	p1	0.6	0.0	0.0
73	protein1	193.8	8.0	2.1142857999999998
73	protein2	170.8	8.0	2.7373016
73	protein3	138.6	10.4	2.1927272
73	r0	8.2	0.0	0.0
73	rnapol	0.0	0.0	0.0
74	__protein1_rbs	4.2	0.0	0.0
74	__protein2_rbs	4.8	0.0	0.0
74	__protein3_rbs	5.4	0.0	0.0
74	__ribosome	39.8	0.0	0.0
74	__rnase_site_ext	10.0	0.0	0.0
74	p0	0.8	0.0	0.0
74	p1	0.6	0.0	0.0
74	protein1	196.4	8.4	2.1596824000000003
74	protein2	176.2	7.6	2.5440476000000003
74	protein3	142.6	10.2	2.2969698000000003
74	r0	9.0	0.0	0.0
74	rnapol	0.0	0.0	0.0
75	__protein1_rbs	6.2	0.0	0.0
75	__protein2_rbs	4.6	0.0	0.0
75	__protein3_rbs	4.6	0.0	0.0
75	__ribosome	40.2	0.0	0.0
75	__rnase_site_ext	10.4	0.0	0.0
75	p0	0.4	0.0	0.0
75	p1	0.4	0.0	0.0
75	protein1	199.8	9.2	1.85
75	protein2	180.6	7.6	2.452381
75	protein3	146.8	10.0	2.4519192000000003
75	r0	9.4	0.0	0.0
75	rnapol	0.0	0.0	0.0
76	__protein1_rbs	4.6	0.0	0.0
76	__protein2_rbs	4.6	0.0	0.0
76	__protein3_rbs	6.2	0.0	0.0
76	__ribosome	42.0	0.0	0.0
76	__rnase_site_ext	11.0	0.0	0.0
76	p0	0.4	0.0	0.0
76	p1	0.6	0.0	0.0
76	protein1	203.0	9.4	2.0294444
76	protein2	185.2	7.6	2.1646826
76	protein3	152.4	10.0	2.2634342
76	r0	9.6	0.0	0.0
76	rnapol	0.0	0.0	0.0
77	__protein1_rbs	4.2	0.0	0.0
77	__protein2_rbs	4.6	0.0	0.0
77	__protein3_rbs	5.6	0.0	0.0
77	__ribosome	41.6	0.0	0.0
77	__rnase_site_ext	11.0	0.0	0.0
77	p0	1.0	0.0	0.0
77	p1	0.6	0.0	0.0
77	protein1	206.4	9.6	2.1406566000000002
77	protein2	188.8	7.4	2.0639684000000003
77	protein3	156.6	10.0	2.2993938
77	r0	10.2	0.0	0.0
77	rnapol	0.0	0.0	0.0
78	__protein1_rbs	5.0	0.0	0.0
78	__protein2_rbs	3.4	0.0	0.0
78	__protein3_rbs	4.6	0.0	0.0
78	__ribosome	38.2	0.0	0.0
78	__rnase_site_ext	10.8	0.0	0.0
78	p0	1.0	0.0	0.0
78	p1	0.6	0.0	0.0
78	protein1	209.8	10.0	2.2077274000000005
78	protein2	191.8	7.4	2.1894443999999997
78	protein3	160.8	10.0	2.3802022000000003
78	r0	10.0	0.0	0.0
78	rnapol	0.0	0.0	0.0
79	__protein1_rbs	5.2	0.0	0.0
79	__protein2_rbs	4.4	0.0	0.0
79	__protein3_rbs	6.4	0.0	0.0
79	__ribosome	40.2	0.0	0.0
79	__rnase_site_ext	10.6	0.0	0.0
79	p0	1.0	0.0	0.0
79	p1	0.0	0.0	0.0
79	protein1	213.4	10.0	2.235909
79	protein2	195.0	8.0	2.015
79	protein3	165.8	9.8	2.2044444000000003
79	r0	9.8	0.0	0.0
79	rnapol	0.0	0.0	0.0
80	__protein1_rbs	4.4	0.0	0.0
80	__protein2_rbs	5.0	0.0	0.0
80	__protein3_rbs	5.0	0.0	0.0
80	__ribosome	40.2	0.0	0.0
80	__rnase_site_ext	10.4	0.0	0.0
80	p0	1.0	0.0	0.0
80	p1	0.4	0.0	0.0
80	protein1	217.6	9.4	2.4836364
80	protein2	198.2	8.2	1.9527778
80	protein3	171.2	9.4	2.2077777999999997
80	r0	9.4	0.0	0.0
80	rnapol	0.0	0.0	0.0
81	__protein1_rbs	5.6	0.0	0.0
81	__protein2_rbs	5.0	0.0	0.0
81	__protein3_rbs	4.4	0.0	0.0
81	__ribosome	37.8	0.0	0.0
81	__rnase_site_ext	10.4	0.0	0.0
81	p0	1.0	0.0	0.0
81	p1	0.2	0.0	0.0
81	protein1	221.0	9.2	2.5073376000000005
81	protein2	201.0	8.6	1.9422222
81	protein3	174.2	9.2	2.45
81	r0	9.2	0.0	0.0
81	rnapol	0.0	0.0	0.0
82	__protein1_rbs	5.6	0.0	0.0
82	__protein2_rbs	4.8	0.0	0.0
82	__protein3_rbs	3.8	0.0	0.0
82	__ribosome	37.0	0.0	0.0
82	__rnase_site_ext	10.0	0.0	0.0
82	p0	1.0	0.0	0.0
82	p1	0.4	0.0	0.0
82	protein1	226.0	9.2	2.3125974
82	protein2	203.6	8.8	2.0595958
82	protein3	178.6	9.2	2.55
82	r0	9.2	0.0	0.0
82	rnapol	0.0	0.0	0.0
83	__protein1_rbs	5.4	0.0	0.0
83	__protein2_rbs	4.6	0.0	0.0
83	__protein3_rbs	4.0	0.0	0.0
83	__ribosome	39.0	0.0	0.0
83	__rnase_site_ext	9.8	0.0	0.0
83	p0	1.0	0.0	0.0
83	p1	0.4	0.0	0.0
83	protein1	231.2	9.2	2.1294804
83	protein2	207.4	9.2	1.9936508000000004
83	protein3	183.4	9.0	2.5466666
83	r0	9.0	0.0	0.0
83	rnapol	0.0	0.0	0.0
84	__protein1_rbs	4.0	0.0	0.0
84	__protein2_rbs	6.6	0.0	0.0
84	__protein3_rbs	5.0	0.0	0.0
84	__ribosome	39.0	0.0	0.0
84	__rnase_site_ext	9.8	0.0	0.0
84	p0	1.0	0.0	0.0
84	p1	1.0	0.0	0.0
84	protein1	235.0	8.8	2.3321212000000004
84	protein2	211.0	9.4	1.8616666000000002
84	protein3	187.0	8.8	2.5783334
84	r0	8.6	0.0	0.0
84	rnapol	0.0	0.0	0.0
85	__protein1_rbs	4.4	0.0	0.0
85	__protein2_rbs	5.6	0.0	0.0
85	__protein3_rbs	5.0	0.0	0.0
85	__ribosome	41.0	0.0	0.0
85	__rnase_site_ext	9.8	0.0	0.0
85	p0	1.0	0.0	0.0
85	p1	1.0	0.0	0.0
85	protein1	240.4	8.6	2.27487
85	protein2	214.4	10.0	1.8613636000000002
85	protein3	192.4	8.6	2.4688888
85	r0	8.6	0.0	0.0
85	rnapol	0.0	0.0	0.0
86	__protein1_rbs	4.8	0.0	0.0
86	__protein2_rbs	6.2	0.0	0.0
86	__protein3_rbs	5.0	0.0	0.0
86	__ribosome	38.4	0.0	0.0
86	__rnase_site_ext	9.8	0.0	0.0
86	p0	1.0	0.0	0.0
86	p1	1.0	0.0	0.0
86	protein1	243.6	8.6	2.3734414
86	protein2	217.2	10.2	1.9581818
86	protein3	196.0	8.6	2.5671428
86	r0	8.6	0.0	0.0
86	rnapol	0.0	0.0	0.0
87	__protein1_rbs	5.8	0.0	0.0
87	__protein2_rbs	5.6	0.0	0.0
87	__protein3_rbs	4.6	0.0	0.0
87	__ribosome	40.4	0.0	0.0
87	__rnase_site_ext	9.8	0.0	0.0
87	p0	1.0	0.0	0.0
87	p1	1.0	0.0	0.0
87	protein1	247.8	8.6	2.2474676
87	protein2	221.2	10.4	1.9531314
87	protein3	201.2	9.2	2.2480232000000004
87	r0	8.6	0.0	0.0
87	rnapol	0.0	0.0	0.0
88	__protein1_rbs	4.8	0.0	0.0
88	__protein2_rbs	5.0	0.0	0.0
88	__protein3_rbs	4.4	0.0	0.0
88	__ribosome	40.0	0.0	0.0
88	__rnase_site_ext	9.6	0.0	0.0
88	p0	1.0	0.0	0.0
88	p1	1.0	0.0	0.0
88	protein1	252.0	8.6	2.1132468
88	protein2	225.2	10.4	1.990909
88	protein3	204.8	9.2	2.3227272
88	r0	8.6	0.0	0.0
88	rnapol	0.0	0.0	0.0
89	__protein1_rbs	4.4	0.0	0.0
89	__protein2_rbs	4.6	0.0	0.0
89	__protein3_rbs	5.6	0.0	0.0
89	__ribosome	38.6	0.0	0.0
89	__rnase_site_ext	9.6	0.0	0.0
89	p0	0.8	0.0	0.0
89	p1	1.0	0.0	0.0
89	protein1	255.8	8.6	2.1416882
89	protein2	228.2	10.4	2.1953534
89	protein3	209.4	9.2	2.2083692000000004
89	r0	8.4	0.0	0.0
89	rnapol	0.0	0.0	0.0
90	__protein1_rbs	5.4	0.0	0.0
90	__protein2_rbs	4.2	0.0	0.0
90	__protein3_rbs	6.4	0.0	0.0
90	__ribosome	39.2	0.0	0.0
90	__rnase_site_ext	9.6	0.0	0.0
90	p0	1.0	0.0	0.0
90	p1	1.0	0.0	0.0
90	protein1	260.2	8.6	1.94
90	protein2	232.4	10.4	2.330909
90	protein3	213.6	9.8	2.0151516000000003
90	r0	8.4	0.0	0.0
90	rnapol	0.0	0.0	0.0
91	__protein1_rbs	5.6	0.0	0.0
91	__protein2_rbs	7.4	0.0	0.0
91	__protein3_rbs	4.2	0.0	0.0
91	__ribosome	39.2	0.0	0.0
91	__rnase_site_ext	9.6	0.0	0.0
91	p0	0.6	0.0	0.0
91	p1	1.0	0.0	0.0
91	protein1	263.8	8.4	1.8664936
91	protein2	235.8	10.4	2.2684848
91	protein3	217.8	10.2	2.116212
91	r0	8.4	0.0	0.0
91	rnapol	0.0	0.0	0.0
92	__protein1_rbs	4.0	0.0	0.0
92	__protein2_rbs	5.8	0.0	0.0
92	__protein3_rbs	6.4	0.0	0.0
92	__ribosome	37.8	0.0	0.0
92	__rnase_site_ext	10.2	0.0	0.0
92	p0	0.8	0.0	0.0
92	p1	1.0	0.0	0.0
92	protein1	266.2	8.4	2.1420778
92	protein2	241.0	10.4	2.1797978
92	protein3	221.2	10.4	2.0718182
92	r0	8.6	0.0	0.0
92	rnapol	0.0	0.0	0.0
93	__protein1_rbs	5.0	0.0	0.0
93	__protein2_rbs	5.6	0.0	0.0
93	__protein3_rbs	5.8	0.0	0.0
93	__ribosome	39.0	0.0	0.0
93	__rnase_site_ext	10.4	0.0	0.0
93	p0	0.6	0.0	0.0
93	p1	1.0	0.0	0.0
93	protein1	270.2	8.8	1.980303
93	protein2	245.4	10.2	2.1955556
93	protein3	226.2	10.4	2.0681816000000004
93	r0	9.0	0.0	0.0
93	rnapol	0.0	0.0	0.0
94	__protein1_rbs	4.6	0.0	0.0
94	__protein2_rbs	5.4	0.0	0.0
94	__protein3_rbs	7.8	0.0	0.0
94	__ribosome	39.2	0.0	0.0
94	__rnase_site_ext	10.6	0.0	0.0
94	p0	0.8	0.0	0.0
94	p1	1.0	0.0	0.0
94	protein1	274.2	9.2	2.0
94	protein2	250.6	10.2	2.1460605999999998
94	protein3	229.6	11.0	1.9358586
94	r0	9.4	0.0	0.0
94	rnapol	0.0	0.0	0.0
95	__protein1_rbs	5.6	0.0	0.0
95	__protein2_rbs	5.0	0.0	0.0
95	__protein3_rbs	5.6	0.0	0.0
95	__ribosome	37.2	0.0	0.0
95	__rnase_site_ext	10.2	0.0	0.0
95	p0	0.4	0.0	0.0
95	p1	0.8	0.0	0.0
95	protein1	276.8	9.2	2.0317102
95	protein2	256.0	10.0	2.1355556
95	protein3	233.8	11.0	2.0974746
95	r0	9.4	0.0	0.0
95	rnapol	0.0	0.0	0.0
96	__protein1_rbs	4.8	0.0	0.0
96	__protein2_rbs	4.6	0.0	0.0
96	__protein3_rbs	6.8	0.0	0.0
96	__ribosome	37.0	0.0	0.0
96	__rnase_site_ext	11.2	0.0	0.0
96	p0	0.8	0.0	0.0
96	p1	0.8	0.0	0.0
96	protein1	279.6	9.4	2.0576478
96	protein2	259.0	9.8	2.2817676
96	protein3	239.4	11.0	1.9555556
96	r0	9.2	0.0	0.0
96	rnapol	0.0	0.0	0.0
97	__protein1_rbs	4.2	0.0	0.0
97	__protein2_rbs	5.6	0.0	0.0
97	__protein3_rbs	6.2	0.0	0.0
97	__ribosome	36.2	0.0	0.0
97	__rnase_site_ext	11.8	0.0	0.0
97	p0	0.6	0.0	0.0
97	p1	0.6	0.0	0.0
97	protein1	283.8	9.6	2.0644443999999997
97	protein2	263.2	9.2	2.3427922000000003
97	protein3	242.8	11.0	2.0767678
97	r0	10.2	0.0	0.0
97	rnapol	0.0	0.0	0.0
98	__protein1_rbs	6.0	0.0	0.0
98	__protein2_rbs	5.2	0.0	0.0
98	__protein3_rbs	6.8	0.0	0.0
98	__ribosome	38.2	0.0	0.0
98	__rnase_site_ext	11.8	0.0	0.0
98	p0	0.6	0.0	0.0
98	p1	0.2	0.0	0.0
98	protein1	288.0	10.4	1.890443
98	protein2	268.4	9.2	2.2057142000000005
98	protein3	247.2	10.8	2.0474745999999997
98	r0	10.8	0.0	0.0
98	rnapol	0.2	0.0	0.0
99	__protein1_rbs	5.4	0.0	0.0
99	__protein2_rbs	5.6	0.0	0.0
99	__protein3_rbs	6.2	0.0	0.0
99	__ribosome	37.6	0.0	0.0
99	__rnase_site_ext	12.2	0.0	0.0
99	p0	0.6	0.0	0.0
99	p1	0.4	0.0	0.0
99	protein1	292.0	10.8	1.8544676
99	protein2	272.4	9.4	2.135
99	protein3	251.2	10.6	2.090909
99	r0	11.2	0.0	0.0
99	rnapol	0.0	0.0	0.0
100	__protein1_rbs	6.4	0.0	0.0
100	__protein2_rbs	5.2	0.0	0.0
100	__protein3_rbs	6.2	0.0	0.0
100	__ribosome	36.6	0.0	0.0
100	__rnase_site_ext	12.2	0.0	0.0
100	p0	1.0	0.0	0.0
100	p1	0.6	0.0	0.0
100	protein1	294.8	11.2	1.9693938000000002
100	protein2	276.0	9.2	2.2214286000000003
100	protein3	256.2	10.4	2.0761616000000003
100	r0	11.4	0.0	0.0
100	rnapol	0.0	0.0	0.0
101	__protein1_rbs	6.2	0.0	0.0
101	__protein2_rbs	5.8	0.0	0.0
101	__protein3_rbs	5.6	0.0	0.0
101	__ribosome	36.8	0.0	0.0
101	__rnase_site_ext	12.2	0.0	0.0
101	p0	1.0	0.0	0.0
101	p1	0.6	0.0	0.0
101	protein1	298.6	11.4	1.985642
101	protein2	280.4	9.6	2.0234166
101	protein3	260.4	10.4	2.1270706
101	r0	11.4	0.0	0.0
101	rnapol	0.0	0.0	0.0
102	__protein1_rbs	7.0	0.0	0.0
102	__protein2_rbs	6.2	0.0	0.0
102	__protein3_rbs	6.0	0.0	0.0
102	__ribosome	36.4	0.0	0.0
102	__rnase_site_ext	12.2	0.0	0.0
102	p0	1.0	0.0	0.0
102	p1	0.0	0.0	0.0
102	protein1	302.6	11.2	2.034026
102	protein2	283.4	9.6	2.070463
102	protein3	264.8	10.4	2.1169697999999997
102	r0	11.2	0.0	0.0
102	rnapol	0.0	0.0	0.0
103	__protein1_rbs	6.8	0.0	0.0
103	__protein2_rbs	6.6	0.0	0.0
103	__protein3_rbs	4.8	0.0	0.0
103	__ribosome	36.4	0.0	0.0
103	__rnase_site_ext	12.2	0.0	0.0
103	p0	1.0	0.0	0.0
103	p1	0.2	0.0	0.0
103	protein1	307.4	11.2	1.9923808
103	protein2	287.8	9.8	1.9045176
103	protein3	268.6	10.4	2.2923232000000002
103	r0	11.2	0.0	0.0
103	rnapol	0.0	0.0	0.0
104	__protein1_rbs	5.6	0.0	0.0
104	__protein2_rbs	6.0	0.0	0.0
104	__protein3_rbs	5.4	0.0	0.0
104	__ribosome	35.4	0.0	0.0
104	__rnase_site_ext	12.2	0.0	0.0
104	p0	1.0	0.0	0.0
104	p1	0.0	0.0	0.0
104	protein1	312.0	11.2	2.0562914
104	protein2	291.2	10.0	1.894707
104	protein3	272.8	10.4	2.2824242000000003
104	r0	11.2	0.0	0.0
104	rnapol	0.0	0.0	0.0
105	__protein1_rbs	8.4	0.0	0.0
105	__protein2_rbs	6.0	0.0	0.0
105	__protein3_rbs	5.4	0.0	0.0
105	__ribosome	37.8	0.0	0.0
105	__rnase_site_ext	11.8	0.0	0.0
105	p0	1.0	0.0	0.0
105	p1	0.6	0.0	0.0
105	protein1	316.8	11.2	1.8213276000000003
105	protein2	295.6	10.4	1.7614218
105	protein3	277.4	10.4	2.300202
105	r0	11.2	0.0	0.0
105	rnapol	0.0	0.0	0.0
106	__protein1_rbs	6.6	0.0	0.0
106	__protein2_rbs	7.4	0.0	0.0
106	__protein3_rbs	4.6	0.0	0.0
106	__ribosome	36.2	0.0	0.0
106	__rnase_site_ext	11.8	0.0	0.0
106	p0	1.0	0.0	0.0
106	p1	0.8	0.0	0.0
106	protein1	320.2	11.0	1.9473348
106	protein2	299.8	11.2	1.6109558000000002
106	protein3	281.6	10.4	2.3820202000000004
106	r0	11.0	0.0	0.0
106	rnapol	0.0	0.0	0.0
107	__protein1_rbs	6.2	0.0	0.0
107	__protein2_rbs	7.0	0.0	0.0
107	__protein3_rbs	6.4	0.0	0.0
107	__ribosome	35.6	0.0	0.0
107	__rnase_site_ext	11.6	0.0	0.0
107	p0	1.0	0.0	0.0
107	p1	0.8	0.0	0.0
107	protein1	324.6	11.0	1.9650894
107	protein2	302.6	11.6	1.7271918000000002
107	protein3	286.6	10.6	2.2137372
107	r0	10.8	0.0	0.0
107	rnapol	0.0	0.0	0.0
108	__protein1_rbs	7.0	0.0	0.0
108	__protein2_rbs	7.6	0.0	0.0
108	__protein3_rbs	6.4	0.0	0.0
108	__ribosome	36.2	0.0	0.0
108	__rnase_site_ext	11.4	0.0	0.0
108	p0	1.0	0.0	0.0
108	p1	1.0	0.0	0.0
108	protein1	329.6	10.8	1.8965346
108	protein2	305.8	11.8	1.7787014000000003
108	protein3	291.0	10.4	2.1696968
108	r0	10.8	0.0	0.0
108	rnapol	0.0	0.0	0.0
109	__protein1_rbs	5.6	0.0	0.0
109	__protein2_rbs	7.0	0.0	0.0
109	__protein3_rbs	6.8	0.0	0.0
109	__ribosome	36.2	0.0	0.0
109	__rnase_site_ext	11.0	0.0	0.0
109	p0	1.0	0.0	0.0
109	p1	1.0	0.0	0.0
109	protein1	334.2	10.6	1.9829682
109	protein2	309.8	12.0	1.8205194
109	protein3	296.4	11.0	1.9257732
109	r0	10.6	0.0	0.0
109	rnapol	0.0	0.0	0.0
110	__protein1_rbs	6.6	0.0	0.0
110	__protein2_rbs	6.8	0.0	0.0
110	__protein3_rbs	7.4	0.0	0.0
110	__ribosome	33.4	0.0	0.0
110	__rnase_site_ext	11.0	0.0	0.0
110	p0	1.0	0.0	0.0
110	p1	1.0	0.0	0.0
110	protein1	336.8	10.6	2.0832012000000004
110	protein2	313.2	12.0	1.976104
110	protein3	300.2	11.2	1.8932478
110	r0	10.6	0.0	0.0
110	rnapol	0.0	0.0	0.0
111	__protein1_rbs	7.2	0.0	0.0
111	__protein2_rbs	8.0	0.0	0.0
111	__protein3_rbs	4.8	0.0	0.0
111	__ribosome	34.6	0.0	0.0
111	__rnase_site_ext	11.0	0.0	0.0
111	p0	1.0	0.0	0.0
111	p1	1.0	0.0	0.0
111	protein1	341.6	10.4	1.928077
111	protein2	316.8	12.0	1.989091
111	protein3	305.6	11.2	2.0039743999999997
111	r0	10.4	0.0	0.0
111	rnapol	0.0	0.0	0.0
112	__protein1_rbs	6.0	0.0	0.0
112	__protein2_rbs	6.8	0.0	0.0
112	__protein3_rbs	6.2	0.0	0.0
112	__ribosome	35.4	0.0	0.0
112	__rnase_site_ext	10.8	0.0	0.0
112	p0	0.8	0.0	0.0
112	p1	1.0	0.0	0.0
112	protein1	346.4	10.4	1.907098
112	protein2	322.0	11.8	1.9701898000000002
112	protein3	309.8	10.8	2.0743590000000003
112	r0	10.4	0.0	0.0
112	rnapol	0.0	0.0	0.0
113	__protein1_rbs	6.6	0.0	0.0
113	__protein2_rbs	6.2	0.0	0.0
113	__protein3_rbs	6.4	0.0	0.0
113	__ribosome	34.8	0.0	0.0
113	__rnase_site_ext	10.8	0.0	0.0
113	p0	1.0	0.0	0.0
113	p1	1.0	0.0	0.0
113	protein1	351.0	10.4	1.8281470000000002
113	protein2	326.4	11.6	2.0990476000000005
113	protein3	313.8	11.2	2.0230770000000002
113	r0	10.4	0.0	0.0
113	rnapol	0.2	0.0	0.0
114	__protein1_rbs	6.6	0.0	0.0
114	__protein2_rbs	5.8	0.0	0.0
114	__protein3_rbs	6.6	0.0	0.0
114	__ribosome	32.2	0.0	0.0
114	__rnase_site_ext	11.2	0.0	0.0
114	p0	0.2	0.0	0.0
114	p1	1.0	0.0	0.0
114	protein1	354.4	10.2	1.8786326
114	protein2	331.6	11.6	2.1566232000000003
114	protein3	316.8	11.8	2.0984127999999997
114	r0	10.2	0.0	0.0
114	rnapol	0.0	0.0	0.0
115	__protein1_rbs	7.0	0.0	0.0
115	__protein2_rbs	6.8	0.0	0.0
115	__protein3_rbs	6.2	0.0	0.0
115	__ribosome	33.2	0.0	0.0
115	__rnase_site_ext	11.4	0.0	0.0
115	p0	0.6	0.0	0.0
115	p1	1.0	0.0	0.0
115	protein1	358.4	10.2	1.7839744
115	protein2	336.6	11.6	2.0975756000000003
115	protein3	321.4	12.6	1.9916816
115	r0	11.0	0.0	0.0
115	rnapol	0.0	0.0	0.0
116	__protein1_rbs	6.2	0.0	0.0
116	__protein2_rbs	7.8	0.0	0.0
116	__protein3_rbs	8.0	0.0	0.0
116	__ribosome	31.6	0.0	0.0
116	__rnase_site_ext	11.8	0.0	0.0
116	p0	1.0	0.0	0.0
116	p1	1.0	0.0	0.0
116	protein1	361.4	11.0	1.8441758000000001
116	protein2	339.8	11.6	2.1381384
116	protein3	326.6	12.4	1.987912
116	r0	10.8	0.0	0.0
116	rnapol	0.0	0.0	0.0
117	__protein1_rbs	6.8	0.0	0.0
117	__protein2_rbs	8.2	0.0	0.0
117	__protein3_rbs	7.2	0.0	0.0
117	__ribosome	33.4	0.0	0.0
117	__rnase_site_ext	11.6	0.0	0.0
117	p0	0.8	0.0	0.0
117	p1	1.0	0.0	0.0
117	protein1	365.8	10.8	1.8747314
117	protein2	345.0	11.4	1.963997
117	protein3	331.2	12.4	2.0232468
117	r0	11.0	0.0	0.0
117	rnapol	0.0	0.0	0.0
118	__protein1_rbs	7.0	0.0	0.0
118	__protein2_rbs	6.0	0.0	0.0
118	__protein3_rbs	7.0	0.0	0.0
118	__ribosome	32.0	0.0	0.0
118	__rnase_site_ext	11.8	0.0	0.0
118	p0	0.6	0.0	0.0
118	p1	1.0	0.0	0.0
118	protein1	369.4	11.0	1.8691392
118	protein2	350.4	11.4	1.9529582
118	protein3	335.0	12.6	2.1198268
118	r0	11.2	0.0	0.0
118	rnapol	0.0	0.0	0.0
119	__protein1_rbs	7.0	0.0	0.0
119	__protein2_rbs	5.4	0.0	0.0
119	__protein3_rbs	8.4	0.0	0.0
119	__ribosome	33.0	0.0	0.0
119	__rnase_site_ext	12.4	0.0	0.0
119	p0	0.2	0.0	0.0
119	p1	0.8	0.0	0.0
119	protein1	373.0	10.6	1.9264104
119	protein2	356.2	11.4	1.8911256
119	protein3	339.4	12.6	2.0417748
119	r0	11.0	0.0	0.0
119	rnapol	0.0	0.0	0.0
120	__protein1_rbs	6.8	0.0	0.0
120	__protein2_rbs	6.6	0.0	0.0
120	__protein3_rbs	7.6	0.0	0.0
120	__ribosome	34.0	0.0	0.0
120	__rnase_site_ext	12.4	0.0	0.0
120	p0	1.0	0.0	0.0
120	p1	0.4	0.0	0.0
120	protein1	376.6	11.2	1.9246642
120	protein2	360.4	11.2	1.9250216
120	protein3	346.2	12.6	1.8970996
120	r0	11.8	0.0	0.0
120	rnapol	0.2	0.0	0.0
121	__protein1_rbs	7.0	0.0	0.0
121	__protein2_rbs	7.0	0.0	0.0
121	__protein3_rbs	7.6	0.0	0.0
121	__ribosome	33.2	0.0	0.0
121	__rnase_site_ext	13.0	0.0	0.0
121	p0	0.6	0.0	0.0
121	p1	0.4	0.0	0.0
121	protein1	381.0	11.6	1.8078121999999999
121	protein2	363.8	11.2	2.020981
121	protein3	350.2	12.6	1.8763636
121	r0	11.8	0.0	0.0
121	rnapol	0.0	0.0	0.0
122	__protein1_rbs	7.2	0.0	0.0
122	__protein2_rbs	7.4	0.0	0.0
122	__protein3_rbs	7.8	0.0	0.0
122	__ribosome	33.2	0.0	0.0
122	__rnase_site_ext	13.0	0.0	0.0
122	p0	0.6	0.0	0.0
122	p1	0.4	0.0	0.0
122	protein1	385.0	11.8	1.8335866
122	protein2	367.6	11.2	1.9910178000000005
122	protein3	355.6	12.2	1.8974023999999998
122	r0	12.2	0.0	0.0
122	rnapol	0.0	0.0	0.0
123	__protein1_rbs	6.8	0.0	0.0
123	__protein2_rbs	7.6	0.0	0.0
123	__protein3_rbs	8.0	0.0	0.0
123	__ribosome	33.0	0.0	0.0
123	__rnase_site_ext	13.2	0.0	0.0
123	p0	1.0	0.0	0.0
123	p1	0.4	0.0	0.0
123	protein1	389.4	12.4	1.8126408
123	protein2	372.6	11.4	1.8309246
123	protein3	359.6	12.2	1.9506492
123	r0	12.4	0.0	0.0
123	rnapol	0.0	0.0	0.0
124	__protein1_rbs	7.2	0.0	0.0
124	__protein2_rbs	7.0	0.0	0.0
124	__protein3_rbs	7.0	0.0	0.0
124	__ribosome	31.2	0.0	0.0
124	__rnase_site_ext	13.2	0.0	0.0
124	p0	1.0	0.0	0.0
124	p1	0.4	0.0	0.0
124	protein1	393.6	12.4	1.8603896
124	protein2	377.2	11.6	1.8694862
124	protein3	364.2	12.2	2.0012986
124	r0	12.4	0.0	0.0
124	rnapol	0.0	0.0	0.0
125	__protein1_rbs	7.8	0.0	0.0
125	__protein2_rbs	7.0	0.0	0.0
125	__protein3_rbs	8.2	0.0	0.0
125	__ribosome	31.8	0.0	0.0
125	__rnase_site_ext	12.8	0.0	0.0
125	p0	1.0	0.0	0.0
125	p1	0.2	0.0	0.0
125	protein1	397.8	12.4	1.9231602
125	protein2	382.0	11.8	1.8221724
125	protein3	369.2	12.2	1.9064936000000001
125	r0	12.4	0.0	0.0
125	rnapol	0.0	0.0	0.0
126	__protein1_rbs	6.6	0.0	0.0
126	__protein2_rbs	7.4	0.0	0.0
126	__protein3_rbs	8.2	0.0	0.0
126	__ribosome	31.2	0.0	0.0
126	__rnase_site_ext	12.8	0.0	0.0
126	p0	1.0	0.0	0.0
126	p1	0.2	0.0	0.0
126	protein1	401.8	12.4	2.075974
126	protein2	386.4	12.0	1.8011964000000005
126	protein3	374.0	11.6	1.9208657999999998
126	r0	12.2	0.0	0.0
126	rnapol	0.0	0.0	0.0
127	__protein1_rbs	7.0	0.0	0.0
127	__protein2_rbs	7.0	0.0	0.0
127	__protein3_rbs	6.2	0.0	0.0
127	__ribosome	29.6	0.0	0.0
127	__rnase_site_ext	12.6	0.0	0.0
127	p0	1.0	0.0	0.0
127	p1	0.2	0.0	0.0
127	protein1	406.6	12.0	2.1522078
127	protein2	389.2	12.0	1.9116628
127	protein3	378.8	11.6	1.9310822
127	r0	12.0	0.0	0.0
127	rnapol	0.0	0.0	0.0
128	__protein1_rbs	6.8	0.0	0.0
128	__protein2_rbs	7.0	0.0	0.0
128	__protein3_rbs	8.2	0.0	0.0
128	__ribosome	29.8	0.0	0.0
128	__rnase_site_ext	12.6	0.0	0.0
128	p0	1.0	0.0	0.0
128	p1	0.2	0.0	0.0
128	protein1	411.4	12.0	2.1737664000000003
128	protein2	393.6	12.2	1.9608488
128	protein3	383.4	11.8	1.8096904000000005
128	r0	11.8	0.0	0.0
128	rnapol	0.0	0.0	0.0
129	__protein1_rbs	6.8	0.0	0.0
129	__protein2_rbs	7.6	0.0	0.0
129	__protein3_rbs	7.0	0.0	0.0
129	__ribosome	29.8	0.0	0.0
129	__rnase_site_ext	12.6	0.0	0.0
129	p0	1.0	0.0	0.0
129	p1	0.4	0.0	0.0
129	protein1	417.2	11.8	2.1343056000000002
129	protein2	398.4	12.4	1.972909
129	protein3	387.6	11.8	1.8494903999999999
129	r0	11.8	0.0	0.0
129	rnapol	0.0	0.0	0.0
130	__protein1_rbs	7.6	0.0	0.0
130	__protein2_rbs	7.4	0.0	0.0
130	__protein3_rbs	7.2	0.0	0.0
130	__ribosome	28.8	0.0	0.0
130	__rnase_site_ext	12.4	0.0	0.0
130	p0	1.0	0.0	0.0
130	p1	0.6	0.0	0.0
130	protein1	421.8	11.8	2.0505294
130	protein2	402.6	12.8	2.0156342
130	protein3	392.4	12.0	1.8454578
130	r0	11.8	0.0	0.0
130	rnapol	0.0	0.0	0.0
131	__protein1_rbs	7.4	0.0	0.0
131	__protein2_rbs	6.8	0.0	0.0
131	__protein3_rbs	8.0	0.0	0.0
131	__ribosome	27.6	0.0	0.0
131	__rnase_site_ext	12.2	0.0	0.0
131	p0	1.0	0.0	0.0
131	p1	1.0	0.0	0.0
131	protein1	426.6	11.8	2.0147652000000003
131	protein2	406.8	13.2	2.0324358
131	protein3	395.8	12.0	1.8731968
131	r0	11.6	0.0	0.0
131	rnapol	0.0	0.0	0.0
132	__protein1_rbs	7.0	0.0	0.0
132	__protein2_rbs	7.0	0.0	0.0
132	__protein3_rbs	8.6	0.0	0.0
132	__ribosome	27.0	0.0	0.0
132	__rnase_site_ext	12.0	0.0	0.0
132	p0	1.0	0.0	0.0
132	p1	1.0	0.0	0.0
132	protein1	431.0	11.6	2.0427372
132	protein2	411.2	13.4	2.1656218000000003
132	protein3	401.0	12.4	1.7265799999999998
132	r0	11.4	0.0	0.0
132	rnapol	0.0	0.0	0.0
133	__protein1_rbs	7.6	0.0	0.0
133	__protein2_rbs	8.2	0.0	0.0
133	__protein3_rbs	7.8	0.0	0.0
133	__ribosome	28.6	0.0	0.0
133	__rnase_site_ext	11.8	0.0	0.0
133	p0	1.0	0.0	0.0
133	p1	1.0	0.0	0.0
133	protein1	437.0	11.4	1.8626464000000005
133	protein2	416.4	13.6	2.0760896
133	protein3	404.2	12.8	1.8047988000000001
133	r0	11.4	0.0	0.0
133	rnapol	0.0	0.0	0.0
134	__protein1_rbs	6.4	0.0	0.0
134	__protein2_rbs	8.2	0.0	0.0
134	__protein3_rbs	9.0	0.0	0.0
134	__ribosome	28.6	0.0	0.0
134	__rnase_site_ext	12.0	0.0	0.0
134	p0	0.8	0.0	0.0
134	p1	1.0	0.0	0.0
134	protein1	440.8	11.4	1.9167632
134	protein2	422.0	13.6	2.0611538
134	protein3	408.4	12.8	1.769414
134	r0	11.0	0.0	0.0
134	rnapol	0.0	0.0	0.0
135	__protein1_rbs	4.8	0.0	0.0
135	__protein2_rbs	8.4	0.0	0.0
135	__protein3_rbs	8.2	0.0	0.0
135	__ribosome	27.8	0.0	0.0
135	__rnase_site_ext	12.2	0.0	0.0
135	p0	0.8	0.0	0.0
135	p1	1.0	0.0	0.0
135	protein1	445.4	11.0	2.1165324
135	protein2	427.6	13.4	2.051694
135	protein3	413.4	13.2	1.7230468
135	r0	11.2	0.0	0.0
135	rnapol	0.0	0.0	0.0
136	__protein1_rbs	7.2	0.0	0.0
136	__protein2_rbs	8.6	0.0	0.0
136	__protein3_rbs	7.0	0.0	0.0
136	__ribosome	27.0	0.0	0.0
136	__rnase_site_ext	12.2	0.0	0.0
136	p0	1.0	0.0	0.0
136	p1	1.0	0.0	0.0
136	protein1	448.8	11.0	2.1707936
136	protein2	432.8	13.0	2.0491881999999997
136	protein3	417.8	13.0	1.8433334
136	r0	11.2	0.0	0.0
136	rnapol	0.0	0.0	0.0
137	__protein1_rbs	7.0	0.0	0.0
137	__protein2_rbs	8.2	0.0	0.0
137	__protein3_rbs	8.0	0.0	0.0
137	__ribosome	27.8	0.0	0.0
137	__rnase_site_ext	12.4	0.0	0.0
137	p0	0.4	0.0	0.0
137	p1	1.0	0.0	0.0
137	protein1	453.6	11.2	2.0287158
137	protein2	438.4	12.8	2.0058874
137	protein3	421.6	13.2	1.9249358
137	r0	11.2	0.0	0.0
137	rnapol	0.0	0.0	0.0
138	__protein1_rbs	6.8	0.0	0.0
138	__protein2_rbs	8.2	0.0	0.0
138	__protein3_rbs	8.8	0.0	0.0
138	__ribosome	29.0	0.0	0.0
138	__rnase_site_ext	12.8	0.0	0.0
138	p0	0.8	0.0	0.0
138	p1	1.0	0.0	0.0
138	protein1	457.8	11.0	2.0043956
138	protein2	443.8	12.8	1.8793506000000002
138	protein3	425.6	13.6	1.8783592
138	r0	11.4	0.0	0.0
138	rnapol	0.0	0.0	0.0
139	__protein1_rbs	7.2	0.0	0.0
139	__protein2_rbs	7.2	0.0	0.0
139	__protein3_rbs	9.6	0.0	0.0
139	__ribosome	30.0	0.0	0.0
139	__rnase_site_ext	12.8	0.0	0.0
139	p0	0.8	0.0	0.0
139	p1	1.0	0.0	0.0
139	protein1	462.0	11.6	1.947381
139	protein2	450.4	12.8	1.7853682
139	protein3	430.2	14.2	1.8070236
139	r0	11.6	0.0	0.0
139	rnapol	0.0	0.0	0.0
140	__protein1_rbs	6.8	0.0	0.0
140	__protein2_rbs	6.4	0.0	0.0
140	__protein3_rbs	8.2	0.0	0.0
140	__ribosome	28.0	0.0	0.0
140	__rnase_site_ext	13.2	0.0	0.0
140	p0	0.8	0.0	0.0
140	p1	0.8	0.0	0.0
140	protein1	467.2	11.4	1.9420636
140	protein2	454.8	12.6	1.8733768
140	protein3	434.6	14.2	1.9232596
140	r0	11.6	0.0	0.0
140	rnapol	0.0	0.0	0.0
141	__protein1_rbs	7.8	0.0	0.0
141	__protein2_rbs	7.8	0.0	0.0
141	__protein3_rbs	9.0	0.0	0.0
141	__ribosome	29.0	0.0	0.0
141	__rnase_site_ext	13.2	0.0	0.0
141	p0	0.4	0.0	0.0
141	p1	0.8	0.0	0.0
141	protein1	471.4	11.8	1.8685714
141	protein2	458.8	12.4	1.8874457999999998
141	protein3	440.6	14.2	1.8407348000000003
141	r0	11.8	0.0	0.0
141	rnapol	0.0	0.0	0.0
142	__protein1_rbs	7.8	0.0	0.0
142	__protein2_rbs	6.6	0.0	0.0
142	__protein3_rbs	9.0	0.0	0.0
142	__ribosome	29.4	0.0	0.0
142	__rnase_site_ext	13.2	0.0	0.0
142	p0	1.0	0.0	0.0
142	p1	0.8	0.0	0.0
142	protein1	476.4	11.8	1.7996826000000001
142	protein2	463.4	12.2	1.9857142
142	protein3	445.8	14.4	1.7839214
142	r0	11.8	0.0	0.0
142	rnapol	0.0	0.0	0.0
143	__protein1_rbs	8.4	0.0	0.0
143	__protein2_rbs	8.8	0.0	0.0
143	__protein3_rbs	9.6	0.0	0.0
143	__ribosome	29.4	0.0	0.0
143	__rnase_site_ext	13.4	0.0	0.0
143	p0	0.4	0.0	0.0
143	p1	0.8	0.0	0.0
143	protein1	479.6	12.0	1.8814529999999998
143	protein2	467.6	12.2	1.8896104
143	protein3	449.8	14.4	1.8247898
143	r0	11.8	0.0	0.0
143	rnapol	0.0	0.0	0.0
144	__protein1_rbs	8.4	0.0	0.0
144	__protein2_rbs	7.2	0.0	0.0
144	__protein3_rbs	8.2	0.0	0.0
144	__ribosome	30.0	0.0	0.0
144	__rnase_site_ext	13.6	0.0	0.0
144	p0	0.6	0.0	0.0
144	p1	0.2	0.0	0.0
144	protein1	483.8	11.2	1.8786326
144	protein2	472.2	12.2	1.9388743999999998
144	protein3	455.8	14.2	1.8741802
144	r0	11.8	0.0	0.0
144	rnapol	0.2	0.0	0.0
145	__protein1_rbs	8.2	0.0	0.0
145	__protein2_rbs	7.4	0.0	0.0
145	__protein3_rbs	9.4	0.0	0.0
145	__ribosome	32.4	0.0	0.0
145	__rnase_site_ext	13.6	0.0	0.0
145	p0	0.8	0.0	0.0
145	p1	0.6	0.0	0.0
145	protein1	488.6	11.8	1.63
145	protein2	477.4	12.4	1.8932034
145	protein3	461.4	14.2	1.8245034
145	r0	12.0	0.0	0.0
145	rnapol	0.0	0.0	0.0
146	__protein1_rbs	7.0	0.0	0.0
146	__protein2_rbs	5.8	0.0	0.0
146	__protein3_rbs	8.6	0.0	0.0
146	__ribosome	31.4	0.0	0.0
146	__rnase_site_ext	13.2	0.0	0.0
146	p0	1.0	0.0	0.0
146	p1	0.6	0.0	0.0
146	protein1	493.2	12.2	1.6222508000000002
146	protein2	483.4	12.2	1.9612986000000001
146	protein3	465.8	14.0	1.8914630000000003
146	r0	12.2	0.0	0.0
146	rnapol	0.2	0.0	0.0
147	__protein1_rbs	6.6	0.0	0.0
147	__protein2_rbs	8.4	0.0	0.0
147	__protein3_rbs	9.0	0.0	0.0
147	__ribosome	30.4	0.0	0.0
147	__rnase_site_ext	13.4	0.0	0.0
147	p0	0.8	0.0	0.0
147	p1	0.6	0.0	0.0
147	protein1	497.4	11.8	1.7287112
147	protein2	486.4	12.4	1.9985716
147	protein3	471.2	13.8	1.8624584
147	r0	11.6	0.0	0.0
147	rnapol	0.2	0.0	0.0
148	__protein1_rbs	8.4	0.0	0.0
148	__protein2_rbs	8.4	0.0	0.0
148	__protein3_rbs	8.4	0.0	0.0
148	__ribosome	29.6	0.0	0.0
148	__rnase_site_ext	13.4	0.0	0.0
148	p0	0.8	0.0	0.0
148	p1	0.4	0.0	0.0
148	protein1	500.4	11.6	1.7481651999999999
148	protein2	490.0	12.6	2.0333334
148	protein3	475.8	13.6	1.8905128
148	r0	11.8	0.0	0.0
148	rnapol	0.0	0.0	0.0
149	__protein1_rbs	6.2	0.0	0.0
149	__protein2_rbs	8.4	0.0	0.0
149	__protein3_rbs	8.0	0.0	0.0
149	__ribosome	28.0	0.0	0.0
149	__rnase_site_ext	13.4	0.0	0.0
149	p0	1.0	0.0	0.0
149	p1	0.4	0.0	0.0
149	protein1	503.6	11.8	1.9596968
149	protein2	494.8	12.8	1.9681118
149	protein3	481.4	13.4	1.8658332
149	r0	11.6	0.0	0.0
149	rnapol	0.0	0.0	0.0
150	__protein1_rbs	7.8	0.0	0.0
150	__protein2_rbs	8.2	0.0	0.0
150	__protein3_rbs	8.6	0.0	0.0
150	__ribosome	30.8	0.0	0.0
150	__rnase_site_ext	13.4	0.0	0.0
150	p0	1.0	0.0	0.0
150	p1	0.0	0.0	0.0
150	protein1	507.8	11.6	1.9266984
150	protein2	500.0	13.0	1.8405302
150	protein3	486.4	13.2	1.8123484
150	r0	11.6	0.0	0.0
150	rnapol	0.0	0.0	0.0
151	__protein1_rbs	8.8	0.0	0.0
151	__protein2_rbs	6.6	0.0	0.0
151	__protein3_rbs	8.0	0.0	0.0
151	__ribosome	33.2	0.0	0.0
151	__rnase_site_ext	13.4	0.0	0.0
151	p0	1.0	0.0	0.0
151	p1	0.6	0.0	0.0
151	protein1	512.4	11.6	1.7925408
151	protein2	506.2	13.4	1.817142
151	protein3	492.6	13.2	1.7156060000000002
151	r0	11.6	0.0	0.0
151	rnapol	0.0	0.0	0.0
152	__protein1_rbs	7.4	0.0	0.0
152	__protein2_rbs	7.6	0.0	0.0
152	__protein3_rbs	7.2	0.0	0.0
152	__ribosome	29.8	0.0	0.0
152	__rnase_site_ext	13.4	0.0	0.0
152	p0	1.0	0.0	0.0
152	p1	0.8	0.0	0.0
152	protein1	517.0	11.6	1.8032384
152	protein2	509.4	13.2	1.970147
152	protein3	497.0	13.4	1.8308331999999998
152	r0	11.6	0.0	0.0
152	rnapol	0.0	0.0	0.0
153	__protein1_rbs	6.0	0.0	0.0
153	__protein2_rbs	9.2	0.0	0.0
153	__protein3_rbs	8.8	0.0	0.0
153	__ribosome	30.6	0.0	0.0
153	__rnase_site_ext	13.4	0.0	0.0
153	p0	1.0	0.0	0.0
153	p1	0.8	0.0	0.0
153	protein1	521.4	11.4	1.9428072
153	protein2	514.6	13.6	1.8111876
153	protein3	501.6	13.2	1.8333332
153	r0	11.4	0.0	0.0
153	rnapol	0.0	0.0	0.0
154	__protein1_rbs	7.0	0.0	0.0
154	__protein2_rbs	9.8	0.0	0.0
154	__protein3_rbs	7.4	0.0	0.0
154	__ribosome	30.2	0.0	0.0
154	__rnase_site_ext	13.2	0.0	0.0
154	p0	1.0	0.0	0.0
154	p1	0.6	0.0	0.0
154	protein1	525.6	11.4	1.9348902000000003
154	protein2	519.2	14.0	1.6389574
154	protein3	505.6	13.2	1.9666666000000002
154	r0	11.4	0.0	0.0
154	rnapol	0.0	0.0	0.0
155	__protein1_rbs	7.6	0.0	0.0
155	__protein2_rbs	9.4	0.0	0.0
155	__protein3_rbs	7.6	0.0	0.0
155	__ribosome	31.0	0.0	0.0
155	__rnase_site_ext	13.2	0.0	0.0
155	p0	1.0	0.0	0.0
155	p1	0.8	0.0	0.0
155	protein1	531.4	11.4	1.729121
155	protein2	524.0	14.2	1.6126391999999998
155	protein3	510.0	14.0	1.9625
155	r0	11.2	0.0	0.0
155	rnapol	0.0	0.0	0.0
156	__protein1_rbs	7.4	0.0	0.0
156	__protein2_rbs	8.6	0.0	0.0
156	__protein3_rbs	9.4	0.0	0.0
156	__ribosome	29.2	0.0	0.0
156	__rnase_site_ext	13.2	0.0	0.0
156	p0	1.0	0.0	0.0
156	p1	1.0	0.0	0.0
156	protein1	533.4	11.0	1.9638530000000003
156	protein2	529.4	13.8	1.6502769999999998
156	protein3	514.4	13.6	2.0379486
156	r0	11.0	0.0	0.0
156	rnapol	0.2	0.0	0.0
157	__protein1_rbs	6.8	0.0	0.0
157	__protein2_rbs	9.2	0.0	0.0
157	__protein3_rbs	8.6	0.0	0.0
157	__ribosome	29.6	0.0	0.0
157	__rnase_site_ext	13.2	0.0	0.0
157	p0	0.8	0.0	0.0
157	p1	1.0	0.0	0.0
157	protein1	537.6	11.0	1.9915585999999998
157	protein2	534.0	13.8	1.6327444
157	protein3	520.6	13.6	2.036154
157	r0	11.0	0.0	0.0
157	rnapol	0.0	0.0	0.0
158	__protein1_rbs	5.4	0.0	0.0
158	__protein2_rbs	9.8	0.0	0.0
158	__protein3_rbs	8.4	0.0	0.0
158	__ribosome	28.6	0.0	0.0
158	__rnase_site_ext	13.2	0.0	0.0
158	p0	1.0	0.0	0.0
158	p1	1.0	0.0	0.0
158	protein1	542.4	10.8	2.009091
158	protein2	537.6	14.2	1.6068978
158	protein3	525.4	14.0	2.024095
158	r0	11.0	0.0	0.0
158	rnapol	0.0	0.0	0.0
159	__protein1_rbs	5.2	0.0	0.0
159	__protein2_rbs	8.2	0.0	0.0
159	__protein3_rbs	10.2	0.0	0.0
159	__ribosome	27.8	0.0	0.0
159	__rnase_site_ext	13.2	0.0	0.0
159	p0	0.8	0.0	0.0
159	p1	1.0	0.0	0.0
159	protein1	546.8	11.0	2.05
159	protein2	542.2	13.6	1.8204762000000003
159	protein3	531.2	14.2	1.8886300000000005
159	r0	11.0	0.0	0.0
159	rnapol	0.0	0.0	0.0
160	__protein1_rbs	6.8	0.0	0.0
160	__protein2_rbs	6.6	0.0	0.0
160	__protein3_rbs	9.4	0.0	0.0
160	__ribosome	24.4	0.0	0.0
160	__rnase_site_ext	13.6	0.0	0.0
160	p0	0.6	0.0	0.0
160	p1	1.0	0.0	0.0
160	protein1	550.2	11.0	2.0686144
160	protein2	546.4	13.4	2.0033334
160	protein3	536.2	14.4	1.8898688000000001
160	r0	11.0	0.0	0.0
160	rnapol	0.2	0.0	0.0
161	__protein1_rbs	7.8	0.0	0.0
161	__protein2_rbs	9.8	0.0	0.0
161	__protein3_rbs	9.0	0.0	0.0
161	__ribosome	29.0	0.0	0.0
161	__rnase_site_ext	13.4	0.0	0.0
161	p0	1.0	0.0	0.0
161	p1	1.0	0.0	0.0
161	protein1	554.2	10.8	1.9683548
161	protein2	551.4	13.0	1.8890478
161	protein3	542.8	14.8	1.7569533999999998
161	r0	11.4	0.0	0.0
161	rnapol	0.0	0.0	0.0
162	__protein1_rbs	6.6	0.0	0.0
162	__protein2_rbs	9.2	0.0	0.0
162	__protein3_rbs	10.8	0.0	0.0
162	__ribosome	28.8	0.0	0.0
162	__rnase_site_ext	13.6	0.0	0.0
162	p0	0.8	0.0	0.0
162	p1	1.0	0.0	0.0
162	protein1	558.0	11.4	1.9509023999999997
162	protein2	555.4	12.8	1.915873
162	protein3	547.6	15.0	1.6925793999999998
162	r0	11.4	0.0	0.0
162	rnapol	0.0	0.0	0.0
163	__protein1_rbs	6.6	0.0	0.0
163	__protein2_rbs	8.4	0.0	0.0
163	__protein3_rbs	9.2	0.0	0.0
163	__ribosome	28.8	0.0	0.0
163	__rnase_site_ext	13.4	0.0	0.0
163	p0	0.8	0.0	0.0
163	p1	0.6	0.0	0.0
163	protein1	563.0	11.2	1.877098
163	protein2	560.2	12.4	1.9561906000000002
163	protein3	552.8	15.2	1.7853696
163	r0	11.2	0.0	0.0
163	rnapol	0.2	0.0	0.0
164	__protein1_rbs	6.8	0.0	0.0
164	__protein2_rbs	8.0	0.0	0.0
164	__protein3_rbs	9.2	0.0	0.0
164	__ribosome	29.4	0.0	0.0
164	__rnase_site_ext	13.4	0.0	0.0
164	p0	0.8	0.0	0.0
164	p1	0.6	0.0	0.0
164	protein1	567.8	11.0	1.8783218
164	protein2	565.8	12.2	1.897436
164	protein3	558.0	15.0	1.8457666000000001
164	r0	11.2	0.0	0.0
164	rnapol	0.0	0.0	0.0
165	__protein1_rbs	6.2	0.0	0.0
165	__protein2_rbs	7.6	0.0	0.0
165	__protein3_rbs	9.8	0.0	0.0
165	__ribosome	30.6	0.0	0.0
165	__rnase_site_ext	13.6	0.0	0.0
165	p0	0.4	0.0	0.0
165	p1	1.0	0.0	0.0
165	protein1	571.4	10.6	2.0441608
165	protein2	572.0	12.0	1.8107142
165	protein3	563.6	15.4	1.7134298
165	r0	10.8	0.0	0.0
165	rnapol	0.0	0.0	0.0
166	__protein1_rbs	7.4	0.0	0.0
166	__protein2_rbs	7.6	0.0	0.0
166	__protein3_rbs	7.8	0.0	0.0
166	__ribosome	30.8	0.0	0.0
166	__rnase_site_ext	14.4	0.0	0.0
166	p0	0.4	0.0	0.0
166	p1	0.4	0.0	0.0
166	protein1	575.6	10.8	1.9220046
166	protein2	577.0	11.8	1.7240842
166	protein3	568.6	15.2	1.8836198
166	r0	11.2	0.0	0.0
166	rnapol	0.0	0.0	0.0
167	__protein1_rbs	7.2	0.0	0.0
167	__protein2_rbs	6.4	0.0	0.0
167	__protein3_rbs	9.8	0.0	0.0
167	__ribosome	27.2	0.0	0.0
167	__rnase_site_ext	14.6	0.0	0.0
167	p0	0.8	0.0	0.0
167	p1	0.2	0.0	0.0
167	protein1	579.4	11.4	1.8579364
167	protein2	579.8	12.0	1.9083333999999998
167	protein3	572.8	15.0	1.9619836
167	r0	11.8	0.0	0.0
167	rnapol	0.0	0.0	0.0
168	__protein1_rbs	7.6	0.0	0.0
168	__protein2_rbs	6.8	0.0	0.0
168	__protein3_rbs	9.0	0.0	0.0
168	__ribosome	28.0	0.0	0.0
168	__rnase_site_ext	14.6	0.0	0.0
168	p0	0.8	0.0	0.0
168	p1	0.8	0.0	0.0
168	protein1	584.6	11.8	1.7187868000000002
168	protein2	584.2	11.8	1.9548484
168	protein3	578.2	14.8	1.9980752
168	r0	12.2	0.0	0.0
168	rnapol	0.0	0.0	0.0
169	__protein1_rbs	6.6	0.0	0.0
169	__protein2_rbs	8.0	0.0	0.0
169	__protein3_rbs	9.0	0.0	0.0
169	__ribosome	29.0	0.0	0.0
169	__rnase_site_ext	14.8	0.0	0.0
169	p0	0.8	0.0	0.0
169	p1	0.8	0.0	0.0
169	protein1	588.2	12.2	1.7843589999999998
169	protein2	589.8	12.0	1.78513
169	protein3	583.6	14.8	1.952575
169	r0	12.2	0.0	0.0
169	rnapol	0.2	0.0	0.0
170	__protein1_rbs	8.4	0.0	0.0
170	__protein2_rbs	7.6	0.0	0.0
170	__protein3_rbs	9.6	0.0	0.0
170	__ribosome	29.4	0.0	0.0
170	__rnase_site_ext	15.2	0.0	0.0
170	p0	0.8	0.0	0.0
170	p1	0.6	0.0	0.0
170	protein1	592.8	12.2	1.7178206000000003
170	protein2	592.8	12.6	1.7967756
170	protein3	589.2	14.8	1.914246
170	r0	12.4	0.0	0.0
170	rnapol	0.0	0.0	0.0
171	__protein1_rbs	7.8	0.0	0.0
171	__protein2_rbs	7.2	0.0	0.0
171	__protein3_rbs	8.8	0.0	0.0
171	__ribosome	28.8	0.0	0.0
171	__rnase_site_ext	15.0	0.0	0.0
171	p0	1.0	0.0	0.0
171	p1	0.4	0.0	0.0
171	protein1	596.2	12.6	1.7213308
171	protein2	597.6	12.6	1.843494
171	protein3	595.8	14.6	1.8765888
171	r0	12.8	0.0	0.0
171	rnapol	0.0	0.0	0.0
172	__protein1_rbs	7.6	0.0	0.0
172	__protein2_rbs	8.2	0.0	0.0
172	__protein3_rbs	9.2	0.0	0.0
172	__ribosome	29.2	0.0	0.0
172	__rnase_site_ext	14.8	0.0	0.0
172	p0	1.0	0.0	0.0
172	p1	0.0	0.0	0.0
172	protein1	600.8	12.8	1.6887548
172	protein2	601.6	12.6	1.8567308
172	protein3	602.0	14.4	1.8282644
172	r0	12.6	0.0	0.0
172	rnapol	0.0	0.0	0.0
173	__protein1_rbs	8.8	0.0	0.0
173	__protein2_rbs	7.6	0.0	0.0
173	__protein3_rbs	8.4	0.0	0.0
173	__ribosome	27.8	0.0	0.0
173	__rnase_site_ext	14.8	0.0	0.0
173	p0	1.0	0.0	0.0
173	p1	0.2	0.0	0.0
173	protein1	604.6	12.4	1.7682684000000002
173	protein2	606.0	12.4	1.901282
173	protein3	606.2	14.2	1.9294468
173	r0	12.4	0.0	0.0
173	rnapol	0.0	0.0	0.0
174	__protein1_rbs	6.4	0.0	0.0
174	__protein2_rbs	8.8	0.0	0.0
174	__protein3_rbs	10.2	0.0	0.0
174	__ribosome	30.2	0.0	0.0
174	__rnase_site_ext	14.8	0.0	0.0
174	p0	1.0	0.0	0.0
174	p1	0.4	0.0	0.0
174	protein1	608.2	12.4	1.9226406000000003
174	protein2	611.8	12.4	1.7060898000000002
174	protein3	612.0	14.2	1.7691666
174	r0	12.4	0.0	0.0
174	rnapol	0.0	0.0	0.0
175	__protein1_rbs	7.6	0.0	0.0
175	__protein2_rbs	7.4	0.0	0.0
175	__protein3_rbs	8.2	0.0	0.0
175	__ribosome	28.4	0.0	0.0
175	__rnase_site_ext	14.8	0.0	0.0
175	p0	1.0	0.0	0.0
175	p1	0.6	0.0	0.0
175	protein1	612.8	12.4	1.9094374000000005
175	protein2	615.4	12.6	1.8120728
175	protein3	617.4	13.8	1.8694118000000002
175	r0	12.4	0.0	0.0
175	rnapol	0.0	0.0	0.0
176	__protein1_rbs	8.0	0.0	0.0
176	__protein2_rbs	8.6	0.0	0.0
176	__protein3_rbs	8.2	0.0	0.0
176	__ribosome	29.2	0.0	0.0
176	__rnase_site_ext	14.6	0.0	0.0
176	p0	1.0	0.0	0.0
176	p1	0.6	0.0	0.0
176	protein1	616.8	12.4	1.9128572
176	protein2	620.6	13.4	1.6643756
176	protein3	623.2	13.6	1.8666946
176	r0	12.4	0.0	0.0
176	rnapol	0.0	0.0	0.0
177	__protein1_rbs	6.6	0.0	0.0
177	__protein2_rbs	10.4	0.0	0.0
177	__protein3_rbs	9.6	0.0	0.0
177	__ribosome	30.0	0.0	0.0
177	__rnase_site_ext	14.6	0.0	0.0
177	p0	1.0	0.0	0.0
177	p1	0.8	0.0	0.0
177	protein1	622.2	12.0	2.0007692
177	protein2	624.8	13.6	1.5946062
177	protein3	627.4	13.4	1.8948414
177	r0	12.0	0.0	0.0
177	rnapol	0.0	0.0	0.0
178	__protein1_rbs	8.2	0.0	0.0
178	__protein2_rbs	8.8	0.0	0.0
178	__protein3_rbs	9.0	0.0	0.0
178	__ribosome	27.8	0.0	0.0
178	__rnase_site_ext	14.4	0.0	0.0
178	p0	1.0	0.0	0.0
178	p1	1.0	0.0	0.0
178	protein1	626.2	12.0	2.0328204
178	protein2	628.2	13.8	1.7173669999999999
178	protein3	631.8	13.4	1.8599438000000001
178	r0	12.0	0.0	0.0
178	rnapol	0.0	0.0	0.0
179	__protein1_rbs	7.2	0.0	0.0
179	__protein2_rbs	8.4	0.0	0.0
179	__protein3_rbs	8.6	0.0	0.0
179	__ribosome	29.0	0.0	0.0
179	__rnase_site_ext	14.2	0.0	0.0
179	p0	0.8	0.0	0.0
179	p1	1.0	0.0	0.0
179	protein1	631.6	11.8	2.0139316000000003
179	protein2	633.2	13.8	1.7689286000000002
179	protein3	637.2	13.4	1.7790139999999999
179	r0	11.8	0.0	0.0
179	rnapol	0.0	0.0	0.0
180	__protein1_rbs	7.4	0.0	0.0
180	__protein2_rbs	9.8	0.0	0.0
180	__protein3_rbs	8.6	0.0	0.0
180	__ribosome	30.0	0.0	0.0
180	__rnase_site_ext	14.4	0.0	0.0
180	p0	0.8	0.0	0.0
180	p1	1.0	0.0	0.0
180	protein1	636.2	11.4	2.0722222
180	protein2	637.8	14.0	1.6993072000000002
180	protein3	642.2	13.4	1.7742277999999998
180	r0	11.4	0.0	0.0
180	rnapol	0.0	0.0	0.0
181	__protein1_rbs	7.4	0.0	0.0
181	__protein2_rbs	7.4	0.0	0.0
181	__protein3_rbs	9.0	0.0	0.0
181	__ribosome	27.8	0.0	0.0
181	__rnase_site_ext	14.4	0.0	0.0
181	p0	0.8	0.0	0.0
181	p1	1.0	0.0	0.0
181	protein1	640.0	11.4	2.1112372
181	protein2	642.6	13.6	1.8554113999999997
181	protein3	646.8	13.4	1.7846800000000005
181	r0	11.6	0.0	0.0
181	rnapol	0.0	0.0	0.0
182	__protein1_rbs	6.2	0.0	0.0
182	__protein2_rbs	8.6	0.0	0.0
182	__protein3_rbs	7.6	0.0	0.0
182	__ribosome	29.2	0.0	0.0
182	__rnase_site_ext	14.4	0.0	0.0
182	p0	0.8	0.0	0.0
182	p1	1.0	0.0	0.0
182	protein1	646.6	11.4	1.9355554
182	protein2	646.6	13.6	1.9433766
182	protein3	652.4	13.0	1.7964806
182	r0	11.4	0.0	0.0
182	rnapol	0.0	0.0	0.0
183	__protein1_rbs	8.4	0.0	0.0
183	__protein2_rbs	7.4	0.0	0.0
183	__protein3_rbs	8.8	0.0	0.0
183	__ribosome	28.0	0.0	0.0
183	__rnase_site_ext	14.8	0.0	0.0
183	p0	0.8	0.0	0.0
183	p1	1.0	0.0	0.0
183	protein1	651.2	11.6	1.7810101999999999
183	protein2	651.2	13.0	2.1214586
183	protein3	655.6	13.6	1.8070085999999999
183	r0	12.0	0.0	0.0
183	rnapol	0.0	0.0	0.0
184	__protein1_rbs	5.8	0.0	0.0
184	__protein2_rbs	8.2	0.0	0.0
184	__protein3_rbs	10.0	0.0	0.0
184	__ribosome	29.4	0.0	0.0
184	__rnase_site_ext	14.4	0.0	0.0
184	p0	0.8	0.0	0.0
184	p1	1.0	0.0	0.0
184	protein1	654.6	11.8	1.9414142
184	protein2	657.0	13.0	2.0516782
184	protein3	661.8	14.2	1.5344106000000002
184	r0	12.0	0.0	0.0
184	rnapol	0.0	0.0	0.0
185	__protein1_rbs	7.8	0.0	0.0
185	__protein2_rbs	7.6	0.0	0.0
185	__protein3_rbs	10.6	0.0	0.0
185	__ribosome	30.8	0.0	0.0
185	__rnase_site_ext	14.4	0.0	0.0
185	p0	1.0	0.0	0.0
185	p1	1.0	0.0	0.0
185	protein1	659.6	12.0	1.7993008000000001
185	protein2	662.2	13.0	2.0154243999999997
185	protein3	665.6	14.4	1.5223600000000002
185	r0	11.8	0.0	0.0
185	rnapol	0.0	0.0	0.0
186	__protein1_rbs	7.4	0.0	0.0
186	__protein2_rbs	8.0	0.0	0.0
186	__protein3_rbs	7.4	0.0	0.0
186	__ribosome	28.6	0.0	0.0
186	__rnase_site_ext	14.6	0.0	0.0
186	p0	0.8	0.0	0.0
186	p1	0.6	0.0	0.0
186	protein1	663.8	11.4	1.8716668000000003
186	protein2	666.8	13.0	2.0366832
186	protein3	670.8	15.0	1.6210915999999995
186	r0	11.4	0.0	0.0
186	rnapol	0.0	0.0	0.0
187	__protein1_rbs	7.0	0.0	0.0
187	__protein2_rbs	8.4	0.0	0.0
187	__protein3_rbs	8.6	0.0	0.0
187	__ribosome	27.2	0.0	0.0
187	__rnase_site_ext	14.4	0.0	0.0
187	p0	0.8	0.0	0.0
187	p1	0.6	0.0	0.0
187	protein1	667.6	11.4	1.9516666
187	protein2	671.8	13.0	1.9483284
187	protein3	675.4	15.2	1.6995604
187	r0	11.4	0.0	0.0
187	rnapol	0.0	0.0	0.0
188	__protein1_rbs	8.0	0.0	0.0
188	__protein2_rbs	6.4	0.0	0.0
188	__protein3_rbs	9.6	0.0	0.0
188	__ribosome	27.4	0.0	0.0
188	__rnase_site_ext	14.8	0.0	0.0
188	p0	0.6	0.0	0.0
188	p1	0.6	0.0	0.0
188	protein1	671.4	11.4	1.9116666
188	protein2	677.4	12.8	2.0271428
188	protein3	679.4	14.8	1.7425626
188	r0	11.6	0.0	0.0
188	rnapol	0.0	0.0	0.0
189	__protein1_rbs	7.2	0.0	0.0
189	__protein2_rbs	7.4	0.0	0.0
189	__protein3_rbs	9.4	0.0	0.0
189	__ribosome	28.2	0.0	0.0
189	__rnase_site_ext	15.2	0.0	0.0
189	p0	0.6	0.0	0.0
189	p1	0.2	0.0	0.0
189	protein1	676.6	11.4	1.8442308
189	protein2	682.4	12.6	2.024762
189	protein3	684.6	14.8	1.775927
189	r0	11.4	0.0	0.0
189	rnapol	0.0	0.0	0.0
190	__protein1_rbs	6.8	0.0	0.0
190	__protein2_rbs	8.0	0.0	0.0
190	__protein3_rbs	8.6	0.0	0.0
190	__ribosome	24.8	0.0	0.0
190	__rnase_site_ext	15.4	0.0	0.0
190	p0	1.0	0.0	0.0
190	p1	0.6	0.0	0.0
190	protein1	680.8	11.6	1.8635896000000003
190	protein2	687.2	12.8	1.9669047999999998
190	protein3	688.0	14.8	1.9781818
190	r0	12.0	0.0	0.0
190	rnapol	0.0	0.0	0.0
191	__protein1_rbs	7.2	0.0	0.0
191	__protein2_rbs	8.2	0.0	0.0
191	__protein3_rbs	9.2	0.0	0.0
191	__ribosome	24.6	0.0	0.0
191	__rnase_site_ext	16.0	0.0	0.0
191	p0	0.2	0.0	0.0
191	p1	0.8	0.0	0.0
191	protein1	683.8	11.8	1.9516971999999997
191	protein2	692.4	12.8	1.9332142
191	protein3	693.8	14.6	1.976114
191	r0	11.8	0.0	0.0
191	rnapol	0.0	0.0	0.0
192	__protein1_rbs	7.6	0.0	0.0
192	__protein2_rbs	8.8	0.0	0.0
192	__protein3_rbs	7.8	0.0	0.0
192	__ribosome	26.0	0.0	0.0
192	__rnase_site_ext	16.0	0.0	0.0
192	p0	0.6	0.0	0.0
192	p1	0.8	0.0	0.0
192	protein1	689.0	11.4	1.9096580000000003
192	protein2	696.8	13.2	1.805303
192	protein3	699.8	14.6	2.0107664
192	r0	12.2	0.0	0.0
192	rnapol	0.0	0.0	0.0
193	__protein1_rbs	6.6	0.0	0.0
193	__protein2_rbs	8.8	0.0	0.0
193	__protein3_rbs	9.4	0.0	0.0
193	__ribosome	27.8	0.0	0.0
193	__rnase_site_ext	16.0	0.0	0.0
193	p0	1.0	0.0	0.0
193	p1	0.8	0.0	0.0
193	protein1	693.2	11.8	1.9026984
193	protein2	702.4	13.4	1.6667218
193	protein3	705.6	14.6	1.9440996
193	r0	12.2	0.0	0.0
193	rnapol	0.0	0.0	0.0
194	__protein1_rbs	7.6	0.0	0.0
194	__protein2_rbs	9.2	0.0	0.0
194	__protein3_rbs	9.0	0.0	0.0
194	__ribosome	28.2	0.0	0.0
194	__rnase_site_ext	15.8	0.0	0.0
194	p0	1.0	0.0	0.0
194	p1	0.6	0.0	0.0
194	protein1	696.6	11.8	1.9704762
194	protein2	707.2	13.6	1.5698244
194	protein3	710.4	14.0	2.032987
194	r0	11.8	0.0	0.0
194	rnapol	0.0	0.0	0.0
195	__protein1_rbs	6.4	0.0	0.0
195	__protein2_rbs	8.0	0.0	0.0
195	__protein3_rbs	8.2	0.0	0.0
195	__ribosome	27.8	0.0	0.0
195	__rnase_site_ext	15.8	0.0	0.0
195	p0	1.0	0.0	0.0
195	p1	0.0	0.0	0.0
195	protein1	701.2	11.8	1.9447618
195	protein2	711.6	13.2	1.7021155999999995
195	protein3	716.6	14.0	2.0111686000000004
195	r0	11.6	0.0	0.0
195	rnapol	0.0	0.0	0.0
196	__protein1_rbs	7.2	0.0	0.0
196	__protein2_rbs	9.0	0.0	0.0
196	__protein3_rbs	8.4	0.0	0.0
196	__ribosome	30.8	0.0	0.0
196	__rnase_site_ext	15.4	0.0	0.0
196	p0	1.0	0.0	0.0
196	p1	0.4	0.0	0.0
196	protein1	706.8	11.6	1.8367950000000002
196	protein2	715.4	13.2	1.7158092
196	protein3	722.4	13.8	1.9175758
196	r0	11.6	0.0	0.0
196	rnapol	0.0	0.0	0.0
197	__protein1_rbs	6.4	0.0	0.0
197	__protein2_rbs	7.8	0.0	0.0
197	__protein3_rbs	9.0	0.0	0.0
197	__ribosome	30.0	0.0	0.0
197	__rnase_site_ext	15.2	0.0	0.0
197	p0	1.0	0.0	0.0
197	p1	0.6	0.0	0.0
197	protein1	710.4	11.6	1.9734616
197	protein2	719.4	12.8	1.7986538000000003
197	protein3	728.4	13.6	1.8464868
197	r0	11.6	0.0	0.0
197	rnapol	0.0	0.0	0.0
198	__protein1_rbs	7.0	0.0	0.0
198	__protein2_rbs	7.2	0.0	0.0
198	__protein3_rbs	8.6	0.0	0.0
198	__ribosome	28.6	0.0	0.0
198	__rnase_site_ext	15.2	0.0	0.0
198	p0	1.0	0.0	0.0
198	p1	0.2	0.0	0.0
198	protein1	714.4	11.6	1.9642308000000002
198	protein2	724.6	13.2	1.781223
198	protein3	732.6	13.4	1.9640692
198	r0	11.6	0.0	0.0
198	rnapol	0.0	0.0	0.0
199	__protein1_rbs	7.4	0.0	0.0
199	__protein2_rbs	9.0	0.0	0.0
199	__protein3_rbs	8.2	0.0	0.0
199	__ribosome	28.4	0.0	0.0
199	__rnase_site_ext	15.0	0.0	0.0
199	p0	1.0	0.0	0.0
199	p1	0.6	0.0	0.0
199	protein1	718.0	11.6	2.036282
199	protein2	728.2	13.6	1.7451374000000002
199	protein3	738.4	13.6	1.8494046
199	r0	11.6	0.0	0.0
199	rnapol	0.0	0.0	0.0
200	__protein1_rbs	7.2	0.0	0.0
200	__protein2_rbs	8.2	0.0	0.0
200	__protein3_rbs	9.6	0.0	0.0
200	__ribosome	28.8	0.0	0.0
200	__rnase_site_ext	15.0	0.0	0.0
200	p0	1.0	0.0	0.0
200	p1	0.8	0.0	0.0
200	protein1	722.8	11.6	1.9866666
200	protein2	733.2	13.8	1.7385000000000002
200	protein3	743.0	14.0	1.7837546000000002
200	r0	11.6	0.0	0.0
200	rnapol	0.0	0.0	0.0
201	__protein1_rbs	7.0	0.0	0.0
201	__protein2_rbs	9.2	0.0	0.0
201	__protein3_rbs	9.4	0.0	0.0
201	__ribosome	27.8	0.0	0.0
201	__rnase_site_ext	14.8	0.0	0.0
201	p0	1.0	0.0	0.0
201	p1	1.0	0.0	0.0
201	protein1	727.2	11.4	1.98185
201	protein2	735.8	14.0	1.8389398000000001
201	protein3	748.4	14.0	1.759712
201	r0	11.4	0.0	0.0
201	rnapol	0.0	0.0	0.0
202	__protein1_rbs	7.6	0.0	0.0
202	__protein2_rbs	9.0	0.0	0.0
202	__protein3_rbs	7.6	0.0	0.0
202	__ribosome	27.4	0.0	0.0
202	__rnase_site_ext	14.4	0.0	0.0
202	p0	1.0	0.0	0.0
202	p1	1.0	0.0	0.0
202	protein1	730.8	11.4	1.9508424
202	protein2	741.6	14.0	1.7590336
202	protein3	753.0	14.4	1.824061
202	r0	11.2	0.0	0.0
202	rnapol	0.0	0.0	0.0
203	__protein1_rbs	8.0	0.0	0.0
203	__protein2_rbs	10.0	0.0	0.0
203	__protein3_rbs	9.8	0.0	0.0
203	__ribosome	31.4	0.0	0.0
203	__rnase_site_ext	14.2	0.0	0.0
203	p0	0.6	0.0	0.0
203	p1	1.0	0.0	0.0
203	protein1	736.4	11.2	1.7767631999999998
203	protein2	746.0	14.0	1.7014802
203	protein3	758.4	14.4	1.7480588
203	r0	10.8	0.0	0.0
203	rnapol	0.0	0.0	0.0
204	__protein1_rbs	6.8	0.0	0.0
204	__protein2_rbs	7.4	0.0	0.0
204	__protein3_rbs	9.6	0.0	0.0
204	__ribosome	29.4	0.0	0.0
204	__rnase_site_ext	14.4	0.0	0.0
204	p0	0.8	0.0	0.0
204	p1	1.0	0.0	0.0
204	protein1	740.6	10.4	1.8846154
204	protein2	750.2	14.2	1.8307262
204	protein3	762.0	14.2	1.8063952
204	r0	10.8	0.0	0.0
204	rnapol	0.0	0.0	0.0
205	__protein1_rbs	7.0	0.0	0.0
205	__protein2_rbs	8.8	0.0	0.0
205	__protein3_rbs	9.0	0.0	0.0
205	__ribosome	31.4	0.0	0.0
205	__rnase_site_ext	14.8	0.0	0.0
205	p0	0.8	0.0	0.0
205	p1	1.0	0.0	0.0
205	protein1	745.4	10.8	1.6548874000000002
205	protein2	755.0	13.8	1.8886988
205	protein3	767.6	14.2	1.7752023999999997
205	r0	11.0	0.0	0.0
205	rnapol	0.0	0.0	0.0
206	__protein1_rbs	6.2	0.0	0.0
206	__protein2_rbs	7.8	0.0	0.0
206	__protein3_rbs	8.4	0.0	0.0
206	__ribosome	29.0	0.0	0.0
206	__rnase_site_ext	15.0	0.0	0.0
206	p0	0.6	0.0	0.0
206	p1	1.0	0.0	0.0
206	protein1	749.6	11.2	1.7482906000000002
206	protein2	760.6	13.2	1.9278246
206	protein3	772.2	14.6	1.8215334
206	r0	11.2	0.0	0.0
206	rnapol	0.0	0.0	0.0
207	__protein1_rbs	7.2	0.0	0.0
207	__protein2_rbs	7.4	0.0	0.0
207	__protein3_rbs	8.4	0.0	0.0
207	__ribosome	27.8	0.0	0.0
207	__rnase_site_ext	14.6	0.0	0.0
207	p0	0.8	0.0	0.0
207	p1	1.0	0.0	0.0
207	protein1	752.4	11.2	1.8405208
207	protein2	765.4	13.0	1.9884848
207	protein3	778.0	14.8	1.7766175999999998
207	r0	11.4	0.0	0.0
207	rnapol	0.0	0.0	0.0
208	__protein1_rbs	7.0	0.0	0.0
208	__protein2_rbs	8.8	0.0	0.0
208	__protein3_rbs	9.0	0.0	0.0
208	__ribosome	27.4	0.0	0.0
208	__rnase_site_ext	14.6	0.0	0.0
208	p0	1.0	0.0	0.0
208	p1	1.0	0.0	0.0
208	protein1	756.2	11.4	1.8027416
208	protein2	769.6	12.6	2.002171
208	protein3	782.8	15.0	1.8566668000000002
208	r0	11.2	0.0	0.0
208	rnapol	0.0	0.0	0.0
209	__protein1_rbs	6.4	0.0	0.0
209	__protein2_rbs	7.8	0.0	0.0
209	__protein3_rbs	10.2	0.0	0.0
209	__ribosome	28.4	0.0	0.0
209	__rnase_site_ext	14.6	0.0	0.0
209	p0	1.0	0.0	0.0
209	p1	0.8	0.0	0.0
209	protein1	760.0	11.2	1.8831888
209	protein2	774.8	12.4	1.9541124
209	protein3	788.2	15.2	1.7775396
209	r0	11.2	0.0	0.0
209	rnapol	0.0	0.0	0.0
210	__protein1_rbs	6.6	0.0	0.0
210	__protein2_rbs	8.4	0.0	0.0
210	__protein3_rbs	9.2	0.0	0.0
210	__ribosome	28.8	0.0	0.0
210	__rnase_site_ext	14.4	0.0	0.0
210	p0	0.8	0.0	0.0
210	p1	0.6	0.0	0.0
210	protein1	763.6	10.8	1.9957430000000005
210	protein2	780.4	12.2	1.8660316000000003
210	protein3	793.0	15.8	1.7668233999999998
210	r0	10.8	0.0	0.0
210	rnapol	0.0	0.0	0.0
211	__protein1_rbs	7.0	0.0	0.0
211	__protein2_rbs	7.8	0.0	0.0
211	__protein3_rbs	9.4	0.0	0.0
211	__ribosome	30.2	0.0	0.0
211	__rnase_site_ext	14.4	0.0	0.0
211	p0	0.6	0.0	0.0
211	p1	0.6	0.0	0.0
211	protein1	769.0	10.8	1.8296898000000001
211	protein2	785.2	12.0	1.8603176
211	protein3	798.0	15.6	1.849982
211	r0	10.8	0.0	0.0
211	rnapol	0.0	0.0	0.0
212	__protein1_rbs	6.6	0.0	0.0
212	__protein2_rbs	6.8	0.0	0.0
212	__protein3_rbs	10.2	0.0	0.0
212	__ribosome	32.2	0.0	0.0
212	__rnase_site_ext	14.6	0.0	0.0
212	p0	1.0	0.0	0.0
212	p1	0.4	0.0	0.0
212	protein1	772.6	10.8	1.8855394
212	protein2	790.0	11.6	1.9670512
212	protein3	805.0	15.4	1.69165
212	r0	11.0	0.0	0.0
212	rnapol	0.0	0.0	0.0
213	__protein1_rbs	5.6	0.0	0.0
213	__protein2_rbs	7.4	0.0	0.0
213	__protein3_rbs	8.2	0.0	0.0
213	__ribosome	29.2	0.0	0.0
213	__rnase_site_ext	14.8	0.0	0.0
213	p0	0.6	0.0	0.0
213	p1	0.4	0.0	0.0
213	protein1	776.0	11.0	1.9985042000000002
213	protein2	794.2	11.6	1.9279486000000001
213	protein3	810.0	15.0	1.8446581999999998
213	r0	10.8	0.0	0.0
213	rnapol	0.0	0.0	0.0
214	__protein1_rbs	6.0	0.0	0.0
214	__protein2_rbs	7.2	0.0	0.0
214	__protein3_rbs	9.4	0.0	0.0
214	__ribosome	28.8	0.0	0.0
214	__rnase_site_ext	15.4	0.0	0.0
214	p0	0.6	0.0	0.0
214	p1	0.8	0.0	0.0
214	protein1	781.2	10.8	1.948718
214	protein2	798.2	12.0	1.9386326
214	protein3	815.4	15.0	1.8397221999999998
214	r0	11.2	0.0	0.0
214	rnapol	0.0	0.0	0.0
215	__protein1_rbs	7.0	0.0	0.0
215	__protein2_rbs	6.6	0.0	0.0
215	__protein3_rbs	8.6	0.0	0.0
215	__ribosome	26.6	0.0	0.0
215	__rnase_site_ext	16.0	0.0	0.0
215	p0	0.4	0.0	0.0
215	p1	0.8	0.0	0.0
215	protein1	784.8	11.2	1.9384004
215	protein2	802.6	12.4	1.9285382
215	protein3	820.4	14.8	1.9295512
215	r0	11.6	0.0	0.0
215	rnapol	0.0	0.0	0.0
216	__protein1_rbs	8.4	0.0	0.0
216	__protein2_rbs	8.8	0.0	0.0
216	__protein3_rbs	8.6	0.0	0.0
216	__ribosome	28.0	0.0	0.0
216	__rnase_site_ext	16.0	0.0	0.0
216	p0	0.8	0.0	0.0
216	p1	0.8	0.0	0.0
216	protein1	788.6	11.8	1.8396153999999998
216	protein2	806.6	13.0	1.8727272000000001
216	protein3	826.4	14.6	1.8747398000000002
216	r0	12.2	0.0	0.0
216	rnapol	0.0	0.0	0.0
217	__protein1_rbs	8.6	0.0	0.0
217	__protein2_rbs	7.6	0.0	0.0
217	__protein3_rbs	8.8	0.0	0.0
217	__ribosome	29.0	0.0	0.0
217	__rnase_site_ext	16.2	0.0	0.0
217	p0	1.0	0.0	0.0
217	p1	0.4	0.0	0.0
217	protein1	793.0	12.2	1.7195238000000002
217	protein2	811.4	13.0	1.8460066
217	protein3	831.2	14.2	1.9562654
217	r0	12.4	0.0	0.0
217	rnapol	0.0	0.0	0.0
218	__protein1_rbs	8.0	0.0	0.0
218	__protein2_rbs	7.6	0.0	0.0
218	__protein3_rbs	9.6	0.0	0.0
218	__ribosome	30.2	0.0	0.0
218	__rnase_site_ext	15.8	0.0	0.0
218	p0	1.0	0.0	0.0
218	p1	0.4	0.0	0.0
218	protein1	798.4	12.4	1.5926192
218	protein2	815.6	13.0	1.8696970000000002
218	protein3	836.6	14.2	1.8884316000000003
218	r0	12.4	0.0	0.0
218	rnapol	0.0	0.0	0.0
219	__protein1_rbs	6.8	0.0	0.0
219	__protein2_rbs	7.2	0.0	0.0
219	__protein3_rbs	8.8	0.0	0.0
219	__ribosome	28.6	0.0	0.0
219	__rnase_site_ext	15.6	0.0	0.0
219	p0	1.0	0.0	0.0
219	p1	0.8	0.0	0.0
219	protein1	801.8	12.0	1.7603418000000002
219	protein2	820.8	12.8	1.8982684
219	protein3	841.4	14.0	1.9668938
219	r0	11.8	0.0	0.0
219	rnapol	0.0	0.0	0.0
220	__protein1_rbs	6.8	0.0	0.0
220	__protein2_rbs	7.4	0.0	0.0
220	__protein3_rbs	9.2	0.0	0.0
220	__ribosome	30.2	0.0	0.0
220	__rnase_site_ext	15.6	0.0	0.0
220	p0	1.0	0.0	0.0
220	p1	0.4	0.0	0.0
220	protein1	806.0	11.6	1.7566665999999995
220	protein2	825.4	12.6	1.9391610000000001
220	protein3	847.0	13.8	1.8884404
220	r0	11.6	0.0	0.0
220	rnapol	0.0	0.0	0.0
221	__protein1_rbs	6.8	0.0	0.0
221	__protein2_rbs	8.6	0.0	0.0
221	__protein3_rbs	8.8	0.0	0.0
221	__ribosome	29.8	0.0	0.0
221	__rnase_site_ext	15.6	0.0	0.0
221	p0	1.0	0.0	0.0
221	p1	0.4	0.0	0.0
221	protein1	809.6	11.6	1.8509526
221	protein2	829.8	12.8	1.897436
221	protein3	852.6	13.6	1.8322726000000003
221	r0	11.6	0.0	0.0
221	rnapol	0.0	0.0	0.0
222	__protein1_rbs	7.6	0.0	0.0
222	__protein2_rbs	8.4	0.0	0.0
222	__protein3_rbs	8.4	0.0	0.0
222	__ribosome	31.4	0.0	0.0
222	__rnase_site_ext	15.4	0.0	0.0
222	p0	1.0	0.0	0.0
222	p1	0.2	0.0	0.0
222	protein1	813.2	11.6	1.8166668
222	protein2	834.4	12.8	1.8874358
222	protein3	858.8	13.8	1.7378788
222	r0	11.6	0.0	0.0
222	rnapol	0.0	0.0	0.0
223	__protein1_rbs	6.6	0.0	0.0
223	__protein2_rbs	9.4	0.0	0.0
223	__protein3_rbs	8.0	0.0	0.0
223	__ribosome	28.6	0.0	0.0
223	__rnase_site_ext	15.0	0.0	0.0
223	p0	1.0	0.0	0.0
223	p1	0.8	0.0	0.0
223	protein1	816.4	11.4	2.0276698000000004
223	protein2	839.0	13.2	1.7839928
223	protein3	862.8	13.6	1.8939396
223	r0	11.4	0.0	0.0
223	rnapol	0.0	0.0	0.0
224	__protein1_rbs	6.0	0.0	0.0
224	__protein2_rbs	7.6	0.0	0.0
224	__protein3_rbs	9.0	0.0	0.0
224	__ribosome	29.4	0.0	0.0
224	__rnase_site_ext	14.8	0.0	0.0
224	p0	1.0	0.0	0.0
224	p1	0.8	0.0	0.0
224	protein1	822.0	11.4	2.0175686
224	protein2	844.0	13.2	1.8156044
224	protein3	868.2	13.6	1.7919048
224	r0	11.4	0.0	0.0
224	rnapol	0.0	0.0	0.0
225	__protein1_rbs	6.4	0.0	0.0
225	__protein2_rbs	7.2	0.0	0.0
225	__protein3_rbs	7.8	0.0	0.0
225	__ribosome	28.0	0.0	0.0
225	__rnase_site_ext	14.4	0.0	0.0
225	p0	1.0	0.0	0.0
225	p1	1.0	0.0	0.0
225	protein1	826.4	11.4	2.1088312
225	protein2	849.6	13.4	1.8279854
225	protein3	872.8	13.6	1.8583008
225	r0	11.2	0.0	0.0
225	rnapol	0.0	0.0	0.0
226	__protein1_rbs	7.8	0.0	0.0
226	__protein2_rbs	9.0	0.0	0.0
226	__protein3_rbs	7.8	0.0	0.0
226	__ribosome	26.2	0.0	0.0
226	__rnase_site_ext	14.2	0.0	0.0
226	p0	0.8	0.0	0.0
226	p1	1.0	0.0	0.0
226	protein1	829.8	11.0	2.1305047999999998
226	protein2	853.8	13.4	1.8270238
226	protein3	876.0	13.6	1.9957141999999999
226	r0	10.8	0.0	0.0
226	rnapol	0.0	0.0	0.0
227	__protein1_rbs	6.6	0.0	0.0
227	__protein2_rbs	7.4	0.0	0.0
227	__protein3_rbs	9.2	0.0	0.0
227	__ribosome	27.2	0.0	0.0
227	__rnase_site_ext	15.0	0.0	0.0
227	p0	0.8	0.0	0.0
227	p1	1.0	0.0	0.0
227	protein1	833.4	10.8	2.221681
227	protein2	858.0	13.2	1.9509804
227	protein3	883.0	13.8	1.7865802000000002
227	r0	11.0	0.0	0.0
227	rnapol	0.0	0.0	0.0
228	__protein1_rbs	7.2	0.0	0.0
228	__protein2_rbs	6.6	0.0	0.0
228	__protein3_rbs	9.6	0.0	0.0
228	__ribosome	28.8	0.0	0.0
228	__rnase_site_ext	15.0	0.0	0.0
228	p0	0.8	0.0	0.0
228	p1	1.0	0.0	0.0
228	protein1	839.4	11.0	1.929293
228	protein2	862.2	13.0	2.1170682000000003
228	protein3	887.2	13.4	1.7969698
228	r0	11.6	0.0	0.0
228	rnapol	0.0	0.0	0.0
229	__protein1_rbs	6.6	0.0	0.0
229	__protein2_rbs	7.0	0.0	0.0
229	__protein3_rbs	9.0	0.0	0.0
229	__ribosome	29.2	0.0	0.0
229	__rnase_site_ext	15.2	0.0	0.0
229	p0	0.8	0.0	0.0
229	p1	1.0	0.0	0.0
229	protein1	844.6	11.6	1.8103296000000002
229	protein2	867.6	13.0	2.0681978
229	protein3	891.8	13.8	1.7495518
229	r0	11.8	0.0	0.0
229	rnapol	0.0	0.0	0.0
230	__protein1_rbs	6.6	0.0	0.0
230	__protein2_rbs	8.0	0.0	0.0
230	__protein3_rbs	8.2	0.0	0.0
230	__ribosome	29.2	0.0	0.0
230	__rnase_site_ext	15.2	0.0	0.0
230	p0	0.8	0.0	0.0
230	p1	1.0	0.0	0.0
230	protein1	849.0	11.8	1.8440172
230	protein2	873.2	12.8	1.977738
230	protein3	896.4	14.0	1.7319327999999998
230	r0	11.8	0.0	0.0
230	rnapol	0.2	0.0	0.0
231	__protein1_rbs	7.8	0.0	0.0
231	__protein2_rbs	7.2	0.0	0.0
231	__protein3_rbs	9.2	0.0	0.0
231	__ribosome	29.6	0.0	0.0
231	__rnase_site_ext	15.6	0.0	0.0
231	p0	0.8	0.0	0.0
231	p1	1.0	0.0	0.0
231	protein1	852.8	11.6	1.8453102
231	protein2	877.8	12.6	2.0180952000000003
231	protein3	901.8	14.4	1.702647
231	r0	11.8	0.0	0.0
231	rnapol	0.0	0.0	0.0
232	__protein1_rbs	7.8	0.0	0.0
232	__protein2_rbs	7.6	0.0	0.0
232	__protein3_rbs	8.4	0.0	0.0
232	__ribosome	27.4	0.0	0.0
232	__rnase_site_ext	15.6	0.0	0.0
232	p0	0.8	0.0	0.0
232	p1	1.0	0.0	0.0
232	protein1	856.8	11.8	1.7857142
232	protein2	882.2	12.4	2.0685714
232	protein3	906.2	14.8	1.794359
232	r0	11.8	0.0	0.0
232	rnapol	0.0	0.0	0.0
233	__protein1_rbs	5.4	0.0	0.0
233	__protein2_rbs	7.8	0.0	0.0
233	__protein3_rbs	9.0	0.0	0.0
233	__ribosome	26.0	0.0	0.0
233	__rnase_site_ext	15.4	0.0	0.0
233	p0	1.0	0.0	0.0
233	p1	0.4	0.0	0.0
233	protein1	860.4	11.8	1.9763636
233	protein2	888.0	12.4	1.9619046000000002
233	protein3	910.6	15.2	1.8115080000000001
233	r0	12.0	0.0	0.0
233	rnapol	0.0	0.0	0.0
234	__protein1_rbs	8.2	0.0	0.0
234	__protein2_rbs	8.4	0.0	0.0
234	__protein3_rbs	9.4	0.0	0.0
234	__ribosome	28.8	0.0	0.0
234	__rnase_site_ext	15.4	0.0	0.0
234	p0	0.8	0.0	0.0
234	p1	0.8	0.0	0.0
234	protein1	865.4	12.0	1.7495604
234	protein2	893.4	12.4	1.8880952000000002
234	protein3	915.4	15.0	1.8707984
234	r0	11.8	0.0	0.0
234	rnapol	0.0	0.0	0.0
235	__protein1_rbs	8.0	0.0	0.0
235	__protein2_rbs	8.0	0.0	0.0
235	__protein3_rbs	8.2	0.0	0.0
235	__ribosome	28.0	0.0	0.0
235	__rnase_site_ext	15.8	0.0	0.0
235	p0	0.8	0.0	0.0
235	p1	0.6	0.0	0.0
235	protein1	870.0	11.8	1.6795572
235	protein2	897.6	12.4	1.9266666
235	protein3	920.6	15.0	1.9819678
235	r0	12.2	0.0	0.0
235	rnapol	0.0	0.0	0.0
236	__protein1_rbs	7.8	0.0	0.0
236	__protein2_rbs	8.0	0.0	0.0
236	__protein3_rbs	8.2	0.0	0.0
236	__ribosome	28.2	0.0	0.0
236	__rnase_site_ext	15.8	0.0	0.0
236	p0	0.6	0.0	0.0
236	p1	0.8	0.0	0.0
236	protein1	874.0	12.2	1.6462738
236	protein2	902.6	12.6	1.8501493999999998
236	protein3	925.4	14.4	2.0599438
236	r0	12.0	0.0	0.0
236	rnapol	0.0	0.0	0.0
237	__protein1_rbs	7.6	0.0	0.0
237	__protein2_rbs	7.6	0.0	0.0
237	__protein3_rbs	8.0	0.0	0.0
237	__ribosome	29.0	0.0	0.0
237	__rnase_site_ext	16.0	0.0	0.0
237	p0	0.6	0.0	0.0
237	p1	0.6	0.0	0.0
237	protein1	878.2	12.0	1.6916849999999997
237	protein2	908.0	12.4	1.8652778
237	protein3	932.0	14.4	2.007563
237	r0	12.2	0.0	0.0
237	rnapol	0.0	0.0	0.0
238	__protein1_rbs	7.8	0.0	0.0
238	__protein2_rbs	8.0	0.0	0.0
238	__protein3_rbs	10.0	0.0	0.0
238	__ribosome	28.8	0.0	0.0
238	__rnase_site_ext	16.4	0.0	0.0
238	p0	0.6	0.0	0.0
238	p1	0.4	0.0	0.0
238	protein1	882.6	12.4	1.6077654
238	protein2	911.6	12.4	1.900202
238	protein3	936.4	14.4	1.9849858
238	r0	12.4	0.0	0.0
238	rnapol	0.0	0.0	0.0
239	__protein1_rbs	7.0	0.0	0.0
239	__protein2_rbs	8.4	0.0	0.0
239	__protein3_rbs	9.4	0.0	0.0
239	__ribosome	29.0	0.0	0.0
239	__rnase_site_ext	16.6	0.0	0.0
239	p0	0.8	0.0	0.0
239	p1	0.8	0.0	0.0
239	protein1	886.2	12.4	1.7401466
239	protein2	915.8	12.4	1.8810102
239	protein3	942.4	14.2	1.9061113999999997
239	r0	12.8	0.0	0.0
239	rnapol	0.0	0.0	0.0
240	__protein1_rbs	7.2	0.0	0.0
240	__protein2_rbs	8.0	0.0	0.0
240	__protein3_rbs	8.6	0.0	0.0
240	__ribosome	27.6	0.0	0.0
240	__rnase_site_ext	16.4	0.0	0.0
240	p0	0.8	0.0	0.0
240	p1	0.8	0.0	0.0
240	protein1	889.6	12.8	1.8552380000000002
240	protein2	920.2	12.6	1.8421212
240	protein3	948.0	14.0	1.9087956000000001
240	r0	13.0	0.0	0.0
240	rnapol	0.0	0.0	0.0
241	__protein1_rbs	7.2	0.0	0.0
241	__protein2_rbs	9.4	0.0	0.0
241	__protein3_rbs	6.8	0.0	0.0
241	__ribosome	27.4	0.0	0.0
241	__rnase_site_ext	16.6	0.0	0.0
241	p0	1.0	0.0	0.0
241	p1	0.4	0.0	0.0
241	protein1	893.0	13.0	1.9883515999999999
241	protein2	925.2	13.0	1.64
241	protein3	954.2	13.2	2.025322
241	r0	13.2	0.0	0.0
241	rnapol	0.0	0.0	0.0
242	__protein1_rbs	8.4	0.0	0.0
242	__protein2_rbs	6.8	0.0	0.0
242	__protein3_rbs	9.4	0.0	0.0
242	__ribosome	29.8	0.0	0.0
242	__rnase_site_ext	16.2	0.0	0.0
242	p0	1.0	0.0	0.0
242	p1	0.8	0.0	0.0
242	protein1	898.2	13.0	1.8742858
242	protein2	930.6	12.8	1.7409092000000002
242	protein3	959.2	13.2	1.8456582
242	r0	13.0	0.0	0.0
242	rnapol	0.0	0.0	0.0
243	__protein1_rbs	8.4	0.0	0.0
243	__protein2_rbs	8.6	0.0	0.0
243	__protein3_rbs	7.0	0.0	0.0
243	__ribosome	27.2	0.0	0.0
243	__rnase_site_ext	16.0	0.0	0.0
243	p0	1.0	0.0	0.0
243	p1	0.6	0.0	0.0
243	protein1	901.8	12.8	1.9773626
243	protein2	933.8	12.8	1.8541666
243	protein3	964.8	13.2	1.8983192
243	r0	12.6	0.0	0.0
243	rnapol	0.0	0.0	0.0
244	__protein1_rbs	6.4	0.0	0.0
244	__protein2_rbs	7.4	0.0	0.0
244	__protein3_rbs	7.2	0.0	0.0
244	__ribosome	24.8	0.0	0.0
244	__rnase_site_ext	16.0	0.0	0.0
244	p0	1.0	0.0	0.0
244	p1	0.2	0.0	0.0
244	protein1	907.6	12.4	1.9984616
244	protein2	938.6	13.0	1.8430738
244	protein3	968.8	13.2	2.0268938000000003
244	r0	12.2	0.0	0.0
244	rnapol	0.0	0.0	0.0
245	__protein1_rbs	7.6	0.0	0.0
245	__protein2_rbs	8.2	0.0	0.0
245	__protein3_rbs	9.2	0.0	0.0
245	__ribosome	25.2	0.0	0.0
245	__rnase_site_ext	16.0	0.0	0.0
245	p0	1.0	0.0	0.0
245	p1	0.4	0.0	0.0
245	protein1	912.2	12.2	1.9971794000000005
245	protein2	942.6	13.2	1.8721651999999998
245	protein3	973.8	13.4	1.9477272
245	r0	12.2	0.0	0.0
245	rnapol	0.0	0.0	0.0
246	__protein1_rbs	7.8	0.0	0.0
246	__protein2_rbs	8.6	0.0	0.0
246	__protein3_rbs	7.2	0.0	0.0
246	__ribosome	27.0	0.0	0.0
246	__rnase_site_ext	15.6	0.0	0.0
246	p0	1.0	0.0	0.0
246	p1	0.6	0.0	0.0
246	protein1	918.4	12.2	1.8258971999999998
246	protein2	946.8	13.2	1.8712296
246	protein3	978.8	13.4	1.9575
246	r0	12.2	0.0	0.0
246	rnapol	0.0	0.0	0.0
247	__protein1_rbs	6.8	0.0	0.0
247	__protein2_rbs	8.4	0.0	0.0
247	__protein3_rbs	9.0	0.0	0.0
247	__ribosome	26.4	0.0	0.0
247	__rnase_site_ext	15.4	0.0	0.0
247	p0	1.0	0.0	0.0
247	p1	0.8	0.0	0.0
247	protein1	921.8	12.0	2.0002564
247	protein2	952.4	13.6	1.8052816000000003
247	protein3	983.4	13.6	1.895
247	r0	12.0	0.0	0.0
247	rnapol	0.0	0.0	0.0
248	__protein1_rbs	7.8	0.0	0.0
248	__protein2_rbs	8.6	0.0	0.0
248	__protein3_rbs	8.0	0.0	0.0
248	__ribosome	26.0	0.0	0.0
248	__rnase_site_ext	15.4	0.0	0.0
248	p0	0.8	0.0	0.0
248	p1	0.8	0.0	0.0
248	protein1	927.0	11.8	1.9607691999999999
248	protein2	957.6	13.8	1.722139
248	protein3	987.8	14.0	1.9990150000000002
248	r0	11.6	0.0	0.0
248	rnapol	0.0	0.0	0.0
249	__protein1_rbs	7.2	0.0	0.0
249	__protein2_rbs	8.2	0.0	0.0
249	__protein3_rbs	8.2	0.0	0.0
249	__ribosome	26.4	0.0	0.0
249	__rnase_site_ext	15.6	0.0	0.0
249	p0	0.6	0.0	0.0
249	p1	1.0	0.0	0.0
249	protein1	931.2	11.6	2.009021
249	protein2	962.2	14.2	1.7350062000000002
249	protein3	994.6	14.0	1.8955304
249	r0	11.6	0.0	0.0
249	rnapol	0.0	0.0	0.0
250	__protein1_rbs	7.6	0.0	0.0
250	__protein2_rbs	9.0	0.0	0.0
250	__protein3_rbs	9.2	0.0	0.0
250	__ribosome	27.4	0.0	0.0
250	__rnase_site_ext	16.0	0.0	0.0
250	p0	0.8	0.0	0.0
250	p1	1.0	0.0	0.0
250	protein1	936.4	11.6	1.9189977999999999
250	protein2	966.2	14.0	1.7947670000000002
250	protein3	999.2	14.2	1.8172993999999998
250	r0	12.0	0.0	0.0
250	rnapol	0.0	0.0	0.0
