time	species	protein	transcript	ribo_density
0	__protein1_rbs	0.0	0.0	0.0
0	__protein2_rbs	0.0	0.0	0.0
0	__protein3_rbs	0.0	0.0	0.0
0	__ribosome	100.0	0.0	0.0
0	__rnase_site_ext	0.0	0.0	0.0
0	p0	1.0	0.0	0.0
0	r0	0.0	0.0	0.0
0	rnapol	4.0	0.0	0.0
1	__protein1_rbs	0.0	0.0	0.0
1	__protein2_rbs	0.0	0.0	0.0
1	__protein3_rbs	0.0	0.0	0.0
1	__ribosome	99.33333333333331	0.0	0.0
1	__rnase_site_ext	1.0	0.0	0.0
1	p0	0.3333333333333333	0.0	0.0
1	protein1	0.0	0.6666666666666666	0.6666666666666666
1	r0	1.0	0.0	0.0
1	rnapol	2.0	0.0	0.0
2	__protein1_rbs	1.0	0.0	0.0
2	__protein2_rbs	0.0	0.0	0.0
2	__protein3_rbs	0.0	0.0	0.0
2	__ribosome	97.66666666666669	0.0	0.0
2	__rnase_site_ext	2.0	0.0	0.0
2	p0	0.3333333333333333	0.0	0.0
2	protein1	0.0	2.0	1.111111
2	r0	2.0	0.0	0.0
2	rnapol	1.0	0.0	0.0
3	__protein1_rbs	1.0	0.0	0.0
3	__protein2_rbs	0.0	0.0	0.0
3	__protein3_rbs	0.0	0.0	0.0
3	__ribosome	95.33333333333331	0.0	0.0
3	__rnase_site_ext	3.333333333333333	0.0	0.0
3	p0	0.3333333333333333	0.0	0.0
3	protein1	0.0	3.0	1.5277776666666665
3	r0	3.333333333333333	0.0	0.0
3	rnapol	0.0	0.0	0.0
4	__protein1_rbs	3.6666666666666665	0.0	0.0
4	__protein2_rbs	0.0	0.0	0.0
4	__protein3_rbs	0.0	0.0	0.0
4	__ribosome	93.33333333333331	0.0	0.0
4	__rnase_site_ext	4.0	0.0	0.0
4	p0	1.0	0.0	0.0
4	protein1	0.0	4.0	1.6666666666666667
4	r0	4.0	0.0	0.0
4	rnapol	0.0	0.0	0.0
5	__protein1_rbs	1.0	0.0	0.0
5	__protein2_rbs	0.3333333333333333	0.0	0.0
5	__protein3_rbs	0.0	0.0	0.0
5	__ribosome	89.66666666666669	0.0	0.0
5	__rnase_site_ext	4.0	0.0	0.0
5	p0	1.0	0.0	0.0
5	protein1	1.6666666666666667	4.0	2.4166666666666665
5	protein2	0.0	1.0	0.5
5	r0	4.0	0.0	0.0
5	rnapol	0.0	0.0	0.0
6	__protein1_rbs	2.333333333333333	0.0	0.0
6	__protein2_rbs	2.6666666666666665	0.0	0.0
6	__protein3_rbs	0.0	0.0	0.0
6	__ribosome	87.66666666666669	0.0	0.0
6	__rnase_site_ext	3.6666666666666665	0.0	0.0
6	p0	1.0	0.0	0.0
6	protein1	2.6666666666666665	3.6666666666666665	3.0277776666666667
6	protein2	0.0	3.0	0.4722223333333333
6	r0	3.6666666666666665	0.0	0.0
6	rnapol	0.0	0.0	0.0
7	__protein1_rbs	2.333333333333333	0.0	0.0
7	__protein2_rbs	2.0	0.0	0.0
7	__protein3_rbs	0.0	0.0	0.0
7	__ribosome	85.33333333333333	0.0	0.0
7	__rnase_site_ext	3.6666666666666665	0.0	0.0
7	p0	1.0	0.0	0.0
7	protein1	6.333333333333332	3.6666666666666665	2.7777776666666667
7	protein2	0.0	3.333333333333333	1.4444443333333332
7	r0	3.6666666666666665	0.0	0.0
7	rnapol	0.0	0.0	0.0
8	__protein1_rbs	2.333333333333333	0.0	0.0
8	__protein2_rbs	1.3333333333333333	0.0	0.0
8	__protein3_rbs	0.0	0.0	0.0
8	__ribosome	81.33333333333333	0.0	0.0
8	__rnase_site_ext	3.6666666666666665	0.0	0.0
8	p0	0.6666666666666666	0.0	0.0
8	protein1	9.666666666666666	3.6666666666666665	2.583333333333333
8	protein2	0.0	4.0	2.333333333333333
8	r0	3.6666666666666665	0.0	0.0
8	rnapol	0.0	0.0	0.0
9	__protein1_rbs	2.0	0.0	0.0
9	__protein2_rbs	3.0	0.0	0.0
9	__protein3_rbs	0.0	0.0	0.0
9	__ribosome	78.66666666666667	0.0	0.0
9	__rnase_site_ext	3.333333333333333	0.0	0.0
9	p0	0.6666666666666666	0.0	0.0
9	protein1	12.333333333333336	3.6666666666666665	2.8444443333333336
9	protein2	0.6666666666666666	4.0	2.833333333333333
9	r0	3.333333333333333	0.0	0.0
9	rnapol	1.0	0.0	0.0
10	__protein1_rbs	2.6666666666666665	0.0	0.0
10	__protein2_rbs	2.333333333333333	0.0	0.0
10	__protein3_rbs	0.3333333333333333	0.0	0.0
10	__ribosome	77.0	0.0	0.0
10	__rnase_site_ext	4.333333333333333	0.0	0.0
10	p0	1.0	0.0	0.0
10	protein1	15.666666666666664	4.0	2.7777776666666667
10	protein2	2.0	4.0	3.4166666666666665
10	protein3	0.0	0.3333333333333333	0.0
10	r0	4.333333333333333	0.0	0.0
10	rnapol	0.3333333333333333	0.0	0.0
11	__protein1_rbs	2.6666666666666665	0.0	0.0
11	__protein2_rbs	1.3333333333333333	0.0	0.0
11	__protein3_rbs	0.3333333333333333	0.0	0.0
11	__ribosome	72.33333333333333	0.0	0.0
11	__rnase_site_ext	4.666666666666667	0.0	0.0
11	p0	1.0	0.0	0.0
11	protein1	18.666666666666668	4.333333333333333	2.305555333333333
11	protein2	3.6666666666666665	4.0	4.166666666666667
11	protein3	0.0	1.0	1.0
11	r0	4.666666666666667	0.0	0.0
11	rnapol	0.3333333333333333	0.0	0.0
12	__protein1_rbs	1.6666666666666667	0.0	0.0
12	__protein2_rbs	2.0	0.0	0.0
12	__protein3_rbs	1.0	0.0	0.0
12	__ribosome	69.0	0.0	0.0
12	__rnase_site_ext	4.333333333333333	0.0	0.0
12	p0	1.0	0.0	0.0
12	protein1	20.666666666666668	4.666666666666667	2.944444333333333
12	protein2	7.333333333333332	3.6666666666666665	4.388889
12	protein3	0.0	1.3333333333333333	1.1666666666666667
12	r0	4.333333333333333	0.0	0.0
12	rnapol	0.0	0.0	0.0
13	__protein1_rbs	2.6666666666666665	0.0	0.0
13	__protein2_rbs	3.0	0.0	0.0
13	__protein3_rbs	1.3333333333333333	0.0	0.0
13	__ribosome	70.33333333333333	0.0	0.0
13	__rnase_site_ext	4.666666666666667	0.0	0.0
13	p0	1.0	0.0	0.0
13	protein1	24.33333333333333	4.666666666666667	2.9722223333333333
13	protein2	11.666666666666664	4.666666666666667	3.355555666666667
13	protein3	0.0	1.3333333333333333	1.5
13	r0	4.666666666666667	0.0	0.0
13	rnapol	0.0	0.0	0.0
14	__protein1_rbs	2.6666666666666665	0.0	0.0
14	__protein2_rbs	3.6666666666666665	0.0	0.0
14	__protein3_rbs	0.6666666666666666	0.0	0.0
14	__ribosome	69.66666666666667	0.0	0.0
14	__rnase_site_ext	5.333333333333333	0.0	0.0
14	p0	1.0	0.0	0.0
14	protein1	28.0	4.666666666666667	2.75
14	protein2	14.666666666666664	5.666666666666668	2.533333333333333
14	protein3	0.0	1.3333333333333333	3.0
14	r0	5.333333333333333	0.0	0.0
14	rnapol	0.3333333333333333	0.0	0.0
15	__protein1_rbs	4.0	0.0	0.0
15	__protein2_rbs	3.6666666666666665	0.0	0.0
15	__protein3_rbs	0.6666666666666666	0.0	0.0
15	__ribosome	69.66666666666667	0.0	0.0
15	__rnase_site_ext	5.666666666666668	0.0	0.0
15	p0	0.6666666666666666	0.0	0.0
15	protein1	32.666666666666664	5.666666666666668	2.047619
15	protein2	17.666666666666668	5.666666666666668	2.733333333333333
15	protein3	1.0	1.3333333333333333	3.0
15	r0	5.666666666666668	0.0	0.0
15	rnapol	0.0	0.0	0.0
16	__protein1_rbs	3.6666666666666665	0.0	0.0
16	__protein2_rbs	3.0	0.0	0.0
16	__protein3_rbs	0.6666666666666666	0.0	0.0
16	__ribosome	68.33333333333333	0.0	0.0
16	__rnase_site_ext	6.0	0.0	0.0
16	p0	1.0	0.0	0.0
16	protein1	36.66666666666666	6.0	1.888889
16	protein2	21.0	5.666666666666668	2.828571333333333
16	protein3	1.0	1.3333333333333333	4.166666666666667
16	r0	6.0	0.0	0.0
16	rnapol	0.0	0.0	0.0
17	__protein1_rbs	3.6666666666666665	0.0	0.0
17	__protein2_rbs	3.333333333333333	0.0	0.0
17	__protein3_rbs	1.3333333333333333	0.0	0.0
17	__ribosome	66.0	0.0	0.0
17	__rnase_site_ext	5.333333333333333	0.0	0.0
17	p0	0.6666666666666666	0.0	0.0
17	protein1	39.333333333333336	5.333333333333333	2.3666666666666667
17	protein2	25.33333333333333	5.333333333333333	3.2261903333333333
17	protein3	1.6666666666666667	1.6666666666666667	3.1666666666666665
17	r0	5.333333333333333	0.0	0.0
17	rnapol	0.6666666666666666	0.0	0.0
18	__protein1_rbs	2.6666666666666665	0.0	0.0
18	__protein2_rbs	4.333333333333333	0.0	0.0
18	__protein3_rbs	1.0	0.0	0.0
18	__ribosome	63.33333333333334	0.0	0.0
18	__rnase_site_ext	5.666666666666668	0.0	0.0
18	p0	1.0	0.0	0.0
18	protein1	43.66666666666666	5.0	2.644444333333333
18	protein2	27.66666666666667	5.666666666666668	3.325
18	protein3	2.333333333333333	2.0	3.5
18	r0	5.666666666666668	0.0	0.0
18	rnapol	0.6666666666666666	0.0	0.0
19	__protein1_rbs	3.333333333333333	0.0	0.0
19	__protein2_rbs	2.6666666666666665	0.0	0.0
19	__protein3_rbs	1.0	0.0	0.0
19	__ribosome	61.33333333333334	0.0	0.0
19	__rnase_site_ext	6.0	0.0	0.0
19	p0	1.0	0.0	0.0
19	protein1	46.66666666666666	6.0	2.4714286666666667
19	protein2	32.0	5.666666666666668	3.152381
19	protein3	3.333333333333333	2.0	3.5
19	r0	6.0	0.0	0.0
19	rnapol	0.3333333333333333	0.0	0.0
20	__protein1_rbs	4.333333333333333	0.0	0.0
20	__protein2_rbs	3.6666666666666665	0.0	0.0
20	__protein3_rbs	1.6666666666666667	0.0	0.0
20	__ribosome	61.0	0.0	0.0
20	__rnase_site_ext	6.333333333333332	0.0	0.0
20	p0	1.0	0.0	0.0
20	protein1	51.33333333333334	6.0	2.357143
20	protein2	35.333333333333336	6.0	3.0650793333333333
20	protein3	4.666666666666667	2.333333333333333	3.0
20	r0	6.333333333333332	0.0	0.0
20	rnapol	0.0	0.0	0.0
21	__protein1_rbs	2.6666666666666665	0.0	0.0
21	__protein2_rbs	3.6666666666666665	0.0	0.0
21	__protein3_rbs	2.0	0.0	0.0
21	__ribosome	58.0	0.0	0.0
21	__rnase_site_ext	6.0	0.0	0.0
21	p0	0.6666666666666666	0.0	0.0
21	protein1	55.66666666666666	6.0	2.841666666666667
21	protein2	40.66666666666666	6.333333333333332	2.8968253333333336
21	protein3	5.666666666666668	2.333333333333333	2.8888890000000003
21	r0	6.0	0.0	0.0
21	rnapol	0.3333333333333333	0.0	0.0
22	__protein1_rbs	3.6666666666666665	0.0	0.0
22	__protein2_rbs	3.6666666666666665	0.0	0.0
22	__protein3_rbs	1.6666666666666667	0.0	0.0
22	__ribosome	54.0	0.0	0.0
22	__rnase_site_ext	6.333333333333332	0.0	0.0
22	p0	0.3333333333333333	0.0	0.0
22	protein1	59.0	6.333333333333332	2.948148
22	protein2	44.33333333333334	7.0	2.8988096666666667
22	protein3	7.333333333333332	2.333333333333333	3.555555666666667
22	r0	6.333333333333332	0.0	0.0
22	rnapol	0.3333333333333333	0.0	0.0
23	__protein1_rbs	4.666666666666667	0.0	0.0
23	__protein2_rbs	6.0	0.0	0.0
23	__protein3_rbs	1.3333333333333333	0.0	0.0
23	__ribosome	53.0	0.0	0.0
23	__rnase_site_ext	6.666666666666668	0.0	0.0
23	p0	1.0	0.0	0.0
23	protein1	63.33333333333334	7.333333333333332	2.6296296666666668
23	protein2	48.33333333333334	7.333333333333332	2.732143
23	protein3	9.0	2.333333333333333	3.2222223333333333
23	r0	6.666666666666668	0.0	0.0
23	rnapol	0.6666666666666666	0.0	0.0
24	__protein1_rbs	5.666666666666668	0.0	0.0
24	__protein2_rbs	5.0	0.0	0.0
24	__protein3_rbs	1.3333333333333333	0.0	0.0
24	__ribosome	53.66666666666666	0.0	0.0
24	__rnase_site_ext	7.666666666666668	0.0	0.0
24	p0	1.0	0.0	0.0
24	protein1	69.66666666666667	7.333333333333332	2.375
24	protein2	52.0	7.333333333333332	3.262037
24	protein3	11.0	2.0	inf
24	r0	7.666666666666668	0.0	0.0
24	rnapol	0.0	0.0	0.0
25	__protein1_rbs	4.666666666666667	0.0	0.0
25	__protein2_rbs	5.0	0.0	0.0
25	__protein3_rbs	1.0	0.0	0.0
25	__ribosome	52.66666666666666	0.0	0.0
25	__rnase_site_ext	7.0	0.0	0.0
25	p0	1.0	0.0	0.0
25	protein1	75.33333333333333	7.666666666666668	2.305555666666667
25	protein2	57.33333333333334	7.0	3.4158730000000004
25	protein3	12.666666666666664	2.0	inf
25	r0	7.0	0.0	0.0
25	rnapol	0.6666666666666666	0.0	0.0
26	__protein1_rbs	5.666666666666668	0.0	0.0
26	__protein2_rbs	4.666666666666667	0.0	0.0
26	__protein3_rbs	0.6666666666666666	0.0	0.0
26	__ribosome	55.33333333333334	0.0	0.0
26	__rnase_site_ext	8.0	0.0	0.0
26	p0	1.0	0.0	0.0
26	protein1	80.33333333333333	8.0	2.222222
26	protein2	63.66666666666666	7.0	3.065608333333333
26	protein3	14.666666666666664	2.0	inf
26	r0	8.0	0.0	0.0
26	rnapol	0.0	0.0	0.0
27	__protein1_rbs	5.333333333333333	0.0	0.0
27	__protein2_rbs	4.0	0.0	0.0
27	__protein3_rbs	1.6666666666666667	0.0	0.0
27	__ribosome	53.0	0.0	0.0
27	__rnase_site_ext	7.666666666666668	0.0	0.0
27	p0	0.6666666666666666	0.0	0.0
27	protein1	86.33333333333331	8.0	2.0787036666666667
27	protein2	67.66666666666667	7.666666666666668	3.137566333333333
27	protein3	15.333333333333336	2.0	inf
27	r0	7.666666666666668	0.0	0.0
27	rnapol	0.0	0.0	0.0
28	__protein1_rbs	3.333333333333333	0.0	0.0
28	__protein2_rbs	6.0	0.0	0.0
28	__protein3_rbs	1.6666666666666667	0.0	0.0
28	__ribosome	54.0	0.0	0.0
28	__rnase_site_ext	8.333333333333334	0.0	0.0
28	p0	1.0	0.0	0.0
28	protein1	92.0	8.333333333333334	2.240740666666667
28	protein2	72.66666666666667	8.333333333333334	2.740476333333333
28	protein3	17.666666666666668	2.0	1.6666666666666667
28	r0	8.333333333333334	0.0	0.0
28	rnapol	0.3333333333333333	0.0	0.0
29	__protein1_rbs	6.666666666666668	0.0	0.0
29	__protein2_rbs	5.0	0.0	0.0
29	__protein3_rbs	0.6666666666666666	0.0	0.0
29	__ribosome	52.66666666666666	0.0	0.0
29	__rnase_site_ext	8.666666666666666	0.0	0.0
29	p0	1.0	0.0	0.0
29	protein1	97.0	8.666666666666666	2.333333333333333
29	protein2	78.66666666666667	8.0	2.844444333333333
29	protein3	19.0	2.0	1.888889
29	r0	8.666666666666666	0.0	0.0
29	rnapol	0.3333333333333333	0.0	0.0
30	__protein1_rbs	5.666666666666668	0.0	0.0
30	__protein2_rbs	5.0	0.0	0.0
30	__protein3_rbs	1.3333333333333333	0.0	0.0
30	__ribosome	52.33333333333334	0.0	0.0
30	__rnase_site_ext	8.0	0.0	0.0
30	p0	1.0	0.0	0.0
30	protein1	101.66666666666669	8.0	2.5899473333333334
30	protein2	83.66666666666667	8.333333333333334	2.640211666666666
30	protein3	20.666666666666668	2.0	1.777778
30	r0	8.0	0.0	0.0
30	rnapol	0.3333333333333333	0.0	0.0
31	__protein1_rbs	5.666666666666668	0.0	0.0
31	__protein2_rbs	4.333333333333333	0.0	0.0
31	__protein3_rbs	1.0	0.0	0.0
31	__ribosome	51.0	0.0	0.0
31	__rnase_site_ext	8.333333333333334	0.0	0.0
31	p0	1.0	0.0	0.0
31	protein1	108.66666666666669	8.666666666666666	2.066666666666667
31	protein2	88.66666666666669	8.666666666666666	2.7638886666666664
31	protein3	21.33333333333333	2.333333333333333	2.7777776666666667
31	r0	8.333333333333334	0.0	0.0
31	rnapol	0.3333333333333333	0.0	0.0
32	__protein1_rbs	5.666666666666668	0.0	0.0
32	__protein2_rbs	6.0	0.0	0.0
32	__protein3_rbs	1.6666666666666667	0.0	0.0
32	__ribosome	50.66666666666666	0.0	0.0
32	__rnase_site_ext	8.666666666666666	0.0	0.0
32	p0	1.0	0.0	0.0
32	protein1	115.0	9.0	1.9759259999999998
32	protein2	94.33333333333331	9.333333333333334	2.5592593333333333
32	protein3	22.33333333333333	2.6666666666666665	2.9166666666666665
32	r0	8.666666666666666	0.0	0.0
32	rnapol	0.3333333333333333	0.0	0.0
33	__protein1_rbs	5.0	0.0	0.0
33	__protein2_rbs	7.333333333333332	0.0	0.0
33	__protein3_rbs	1.6666666666666667	0.0	0.0
33	__ribosome	50.66666666666666	0.0	0.0
33	__rnase_site_ext	9.333333333333334	0.0	0.0
33	p0	1.0	0.0	0.0
33	protein1	121.33333333333331	9.333333333333334	1.9137206666666664
33	protein2	98.33333333333331	9.0	2.668518666666667
33	protein3	23.33333333333333	2.333333333333333	3.444444666666667
33	r0	9.333333333333334	0.0	0.0
33	rnapol	0.3333333333333333	0.0	0.0
34	__protein1_rbs	4.333333333333333	0.0	0.0
34	__protein2_rbs	6.666666666666668	0.0	0.0
34	__protein3_rbs	2.333333333333333	0.0	0.0
34	__ribosome	49.0	0.0	0.0
34	__rnase_site_ext	9.0	0.0	0.0
34	p0	0.6666666666666666	0.0	0.0
34	protein1	125.0	9.0	2.4035593333333334
34	protein2	104.33333333333331	9.666666666666666	2.5050506666666665
34	protein3	25.66666666666667	2.333333333333333	2.8888886666666664
34	r0	9.0	0.0	0.0
34	rnapol	0.3333333333333333	0.0	0.0
35	__protein1_rbs	5.0	0.0	0.0
35	__protein2_rbs	4.666666666666667	0.0	0.0
35	__protein3_rbs	1.6666666666666667	0.0	0.0
35	__ribosome	46.33333333333334	0.0	0.0
35	__rnase_site_ext	8.666666666666666	0.0	0.0
35	p0	1.0	0.0	0.0
35	protein1	130.33333333333334	9.0	2.641173333333333
35	protein2	111.33333333333331	9.0	2.6969696666666665
35	protein3	26.66666666666667	2.6666666666666665	2.555555666666667
35	r0	8.666666666666666	0.0	0.0
35	rnapol	0.0	0.0	0.0
36	__protein1_rbs	5.333333333333333	0.0	0.0
36	__protein2_rbs	4.333333333333333	0.0	0.0
36	__protein3_rbs	1.6666666666666667	0.0	0.0
36	__ribosome	46.0	0.0	0.0
36	__rnase_site_ext	9.0	0.0	0.0
36	p0	1.0	0.0	0.0
36	protein1	137.66666666666666	9.666666666666666	2.481481666666667
36	protein2	117.33333333333331	9.333333333333334	2.614478
36	protein3	28.66666666666667	2.6666666666666665	2.333333333333333
36	r0	9.0	0.0	0.0
36	rnapol	0.6666666666666666	0.0	0.0
37	__protein1_rbs	6.333333333333332	0.0	0.0
37	__protein2_rbs	5.333333333333333	0.0	0.0
37	__protein3_rbs	1.6666666666666667	0.0	0.0
37	__ribosome	43.33333333333334	0.0	0.0
37	__rnase_site_ext	10.0	0.0	0.0
37	p0	1.0	0.0	0.0
37	protein1	143.0	10.0	2.378205
37	protein2	122.0	9.666666666666666	2.7731480000000004
37	protein3	30.33333333333333	2.6666666666666665	2.444444333333333
37	r0	10.0	0.0	0.0
37	rnapol	0.0	0.0	0.0
38	__protein1_rbs	6.0	0.0	0.0
38	__protein2_rbs	5.333333333333333	0.0	0.0
38	__protein3_rbs	2.0	0.0	0.0
38	__ribosome	42.0	0.0	0.0
38	__rnase_site_ext	10.333333333333334	0.0	0.0
38	p0	0.6666666666666666	0.0	0.0
38	protein1	151.0	10.333333333333334	2.243589666666667
38	protein2	127.33333333333331	9.666666666666666	2.9461283333333337
38	protein3	31.66666666666667	2.6666666666666665	2.444444666666667
38	r0	10.333333333333334	0.0	0.0
38	rnapol	0.0	0.0	0.0
39	__protein1_rbs	8.333333333333334	0.0	0.0
39	__protein2_rbs	8.666666666666666	0.0	0.0
39	__protein3_rbs	1.3333333333333333	0.0	0.0
39	__ribosome	45.66666666666666	0.0	0.0
39	__rnase_site_ext	10.666666666666666	0.0	0.0
39	p0	1.0	0.0	0.0
39	protein1	159.0	10.666666666666666	1.8413106666666668
39	protein2	133.0	10.666666666666666	2.555555666666667
39	protein3	33.0	2.6666666666666665	2.944444333333333
39	r0	10.666666666666666	0.0	0.0
39	rnapol	0.0	0.0	0.0
40	__protein1_rbs	6.666666666666668	0.0	0.0
40	__protein2_rbs	7.666666666666668	0.0	0.0
40	__protein3_rbs	2.6666666666666665	0.0	0.0
40	__ribosome	43.33333333333334	0.0	0.0
40	__rnase_site_ext	10.666666666666666	0.0	0.0
40	p0	1.0	0.0	0.0
40	protein1	164.66666666666666	10.666666666666666	2.1641413333333333
40	protein2	139.33333333333334	11.333333333333336	2.3834500000000003
40	protein3	34.333333333333336	2.6666666666666665	2.6666666666666665
40	r0	10.666666666666666	0.0	0.0
40	rnapol	0.0	0.0	0.0
41	__protein1_rbs	7.0	0.0	0.0
41	__protein2_rbs	8.0	0.0	0.0
41	__protein3_rbs	1.6666666666666667	0.0	0.0
41	__ribosome	42.66666666666666	0.0	0.0
41	__rnase_site_ext	11.0	0.0	0.0
41	p0	1.0	0.0	0.0
41	protein1	170.66666666666666	11.0	2.215488333333333
41	protein2	147.0	11.333333333333336	2.2895106666666667
41	protein3	36.0	2.6666666666666665	2.944444333333333
41	r0	11.0	0.0	0.0
41	rnapol	0.0	0.0	0.0
42	__protein1_rbs	8.666666666666666	0.0	0.0
42	__protein2_rbs	7.333333333333332	0.0	0.0
42	__protein3_rbs	2.0	0.0	0.0
42	__ribosome	43.33333333333334	0.0	0.0
42	__rnase_site_ext	10.666666666666666	0.0	0.0
42	p0	1.0	0.0	0.0
42	protein1	177.66666666666663	11.0	2.1072260000000003
42	protein2	153.66666666666666	10.666666666666666	2.4669516666666667
42	protein3	37.66666666666666	2.6666666666666665	2.944444333333333
42	r0	10.666666666666666	0.0	0.0
42	rnapol	0.6666666666666666	0.0	0.0
43	__protein1_rbs	7.0	0.0	0.0
43	__protein2_rbs	8.333333333333334	0.0	0.0
43	__protein3_rbs	0.6666666666666666	0.0	0.0
43	__ribosome	44.33333333333334	0.0	0.0
43	__rnase_site_ext	11.666666666666664	0.0	0.0
43	p0	0.6666666666666666	0.0	0.0
43	protein1	185.66666666666663	11.333333333333336	2.039442
43	protein2	159.0	11.333333333333336	2.224242333333333
43	protein3	39.66666666666666	2.6666666666666665	3.0
43	r0	11.666666666666664	0.0	0.0
43	rnapol	0.3333333333333333	0.0	0.0
44	__protein1_rbs	8.333333333333334	0.0	0.0
44	__protein2_rbs	9.0	0.0	0.0
44	__protein3_rbs	1.3333333333333333	0.0	0.0
44	__ribosome	44.0	0.0	0.0
44	__rnase_site_ext	12.333333333333336	0.0	0.0
44	p0	1.0	0.0	0.0
44	protein1	193.33333333333331	12.666666666666664	1.8051283333333332
44	protein2	165.33333333333334	11.333333333333336	2.249883333333333
44	protein3	41.333333333333336	2.6666666666666665	3.055555666666667
44	r0	12.333333333333336	0.0	0.0
44	rnapol	0.3333333333333333	0.0	0.0
45	__protein1_rbs	9.0	0.0	0.0
45	__protein2_rbs	9.0	0.0	0.0
45	__protein3_rbs	2.0	0.0	0.0
45	__ribosome	42.333333333333336	0.0	0.0
45	__rnase_site_ext	13.333333333333336	0.0	0.0
45	p0	1.0	0.0	0.0
45	protein1	199.33333333333331	13.0	1.919823
45	protein2	172.0	11.666666666666664	2.1753246666666666
45	protein3	43.0	2.6666666666666665	3.111111
45	r0	13.333333333333336	0.0	0.0
45	rnapol	0.0	0.0	0.0
46	__protein1_rbs	8.666666666666666	0.0	0.0
46	__protein2_rbs	7.333333333333332	0.0	0.0
46	__protein3_rbs	2.333333333333333	0.0	0.0
46	__ribosome	40.333333333333336	0.0	0.0
46	__rnase_site_ext	12.666666666666664	0.0	0.0
46	p0	0.6666666666666666	0.0	0.0
46	protein1	206.0	13.0	1.9446773333333327
46	protein2	178.33333333333337	11.666666666666664	2.265800666666667
46	protein3	45.0	3.0	2.9722223333333333
46	r0	12.666666666666664	0.0	0.0
46	rnapol	0.0	0.0	0.0
47	__protein1_rbs	11.0	0.0	0.0
47	__protein2_rbs	7.666666666666668	0.0	0.0
47	__protein3_rbs	2.6666666666666665	0.0	0.0
47	__ribosome	40.0	0.0	0.0
47	__rnase_site_ext	13.0	0.0	0.0
47	p0	1.0	0.0	0.0
47	protein1	212.66666666666663	13.0	1.75
47	protein2	183.66666666666663	12.333333333333336	2.361111
47	protein3	46.66666666666666	3.0	3.0277776666666667
47	r0	13.0	0.0	0.0
47	rnapol	0.0	0.0	0.0
48	__protein1_rbs	7.333333333333332	0.0	0.0
48	__protein2_rbs	8.666666666666666	0.0	0.0
48	__protein3_rbs	2.333333333333333	0.0	0.0
48	__ribosome	38.0	0.0	0.0
48	__rnase_site_ext	12.666666666666664	0.0	0.0
48	p0	1.0	0.0	0.0
48	protein1	220.66666666666663	12.666666666666664	1.867133
48	protein2	191.0	13.333333333333336	2.2399473333333333
48	protein3	48.33333333333334	3.0	3.0
48	r0	12.666666666666664	0.0	0.0
48	rnapol	0.0	0.0	0.0
49	__protein1_rbs	10.333333333333334	0.0	0.0
49	__protein2_rbs	9.666666666666666	0.0	0.0
49	__protein3_rbs	2.0	0.0	0.0
49	__ribosome	36.66666666666666	0.0	0.0
49	__rnase_site_ext	12.333333333333336	0.0	0.0
49	p0	1.0	0.0	0.0
49	protein1	228.33333333333331	12.666666666666664	1.936064
49	protein2	197.0	13.666666666666664	2.2984310000000003
49	protein3	51.0	2.6666666666666665	3.055555333333333
49	r0	12.333333333333336	0.0	0.0
49	rnapol	0.3333333333333333	0.0	0.0
50	__protein1_rbs	9.666666666666666	0.0	0.0
50	__protein2_rbs	9.666666666666666	0.0	0.0
50	__protein3_rbs	2.0	0.0	0.0
50	__ribosome	33.333333333333336	0.0	0.0
50	__rnase_site_ext	12.666666666666664	0.0	0.0
50	p0	1.0	0.0	0.0
50	protein1	233.66666666666663	12.666666666666664	2.041414333333333
50	protein2	202.33333333333331	14.0	2.4146823333333334
50	protein3	53.0	2.6666666666666665	2.7777776666666667
50	r0	12.666666666666664	0.0	0.0
50	rnapol	0.6666666666666666	0.0	0.0
51	__protein1_rbs	9.666666666666666	0.0	0.0
51	__protein2_rbs	10.666666666666666	0.0	0.0
51	__protein3_rbs	2.0	0.0	0.0
51	__ribosome	36.66666666666666	0.0	0.0
51	__rnase_site_ext	13.0	0.0	0.0
51	p0	1.0	0.0	0.0
51	protein1	241.33333333333331	13.0	1.851748333333333
51	protein2	211.66666666666663	14.333333333333336	2.3319446666666668
51	protein3	55.0	2.6666666666666665	2.333333333333333
51	r0	13.0	0.0	0.0
51	rnapol	1.0	0.0	0.0
52	__protein1_rbs	8.666666666666666	0.0	0.0
52	__protein2_rbs	10.333333333333334	0.0	0.0
52	__protein3_rbs	2.333333333333333	0.0	0.0
52	__ribosome	39.333333333333336	0.0	0.0
52	__rnase_site_ext	13.666666666666664	0.0	0.0
52	p0	0.6666666666666666	0.0	0.0
52	protein1	251.33333333333331	13.666666666666664	1.5925326666666668
52	protein2	219.0	14.0	2.392857
52	protein3	57.0	2.6666666666666665	2.055555666666667
52	r0	13.666666666666664	0.0	0.0
52	rnapol	0.3333333333333333	0.0	0.0
53	__protein1_rbs	10.666666666666666	0.0	0.0
53	__protein2_rbs	8.666666666666666	0.0	0.0
53	__protein3_rbs	2.333333333333333	0.0	0.0
53	__ribosome	34.333333333333336	0.0	0.0
53	__rnase_site_ext	14.333333333333336	0.0	0.0
53	p0	1.0	0.0	0.0
53	protein1	256.6666666666667	14.0	1.7005346666666667
53	protein2	226.33333333333331	14.0	2.625
53	protein3	58.33333333333334	2.6666666666666665	1.9444443333333328
53	r0	14.333333333333336	0.0	0.0
53	rnapol	0.6666666666666666	0.0	0.0
54	__protein1_rbs	12.0	0.0	0.0
54	__protein2_rbs	10.0	0.0	0.0
54	__protein3_rbs	1.6666666666666667	0.0	0.0
54	__ribosome	37.333333333333336	0.0	0.0
54	__rnase_site_ext	14.666666666666664	0.0	0.0
54	p0	1.0	0.0	0.0
54	protein1	263.6666666666667	14.666666666666664	1.6022873333333336
54	protein2	235.0	13.333333333333336	2.4797496666666667
54	protein3	59.66666666666666	2.6666666666666665	2.2222223333333333
54	r0	14.666666666666664	0.0	0.0
54	rnapol	0.0	0.0	0.0
55	__protein1_rbs	10.0	0.0	0.0
55	__protein2_rbs	11.666666666666664	0.0	0.0
55	__protein3_rbs	2.0	0.0	0.0
55	__ribosome	38.66666666666666	0.0	0.0
55	__rnase_site_ext	14.666666666666664	0.0	0.0
55	p0	1.0	0.0	0.0
55	protein1	271.0	14.333333333333336	1.6402776666666667
55	protein2	244.0	14.333333333333336	2.1666666666666665
55	protein3	61.0	2.6666666666666665	2.444444333333333
55	r0	14.666666666666664	0.0	0.0
55	rnapol	0.0	0.0	0.0
56	__protein1_rbs	9.666666666666666	0.0	0.0
56	__protein2_rbs	11.666666666666664	0.0	0.0
56	__protein3_rbs	1.6666666666666667	0.0	0.0
56	__ribosome	37.0	0.0	0.0
56	__rnase_site_ext	13.666666666666664	0.0	0.0
56	p0	1.0	0.0	0.0
56	protein1	278.0	14.333333333333336	1.8555556666666664
56	protein2	252.33333333333331	15.0	1.995523
56	protein3	62.33333333333334	2.6666666666666665	2.5
56	r0	13.666666666666664	0.0	0.0
56	rnapol	0.0	0.0	0.0
57	__protein1_rbs	9.333333333333334	0.0	0.0
57	__protein2_rbs	12.333333333333336	0.0	0.0
57	__protein3_rbs	1.0	0.0	0.0
57	__ribosome	38.66666666666666	0.0	0.0
57	__rnase_site_ext	13.666666666666664	0.0	0.0
57	p0	1.0	0.0	0.0
57	protein1	286.0	13.666666666666664	1.9348290000000001
57	protein2	260.6666666666667	15.666666666666664	1.784656
57	protein3	64.0	2.6666666666666665	2.6666666666666665
57	r0	13.666666666666664	0.0	0.0
57	rnapol	0.0	0.0	0.0
58	__protein1_rbs	10.0	0.0	0.0
58	__protein2_rbs	11.666666666666664	0.0	0.0
58	__protein3_rbs	2.0	0.0	0.0
58	__ribosome	36.66666666666666	0.0	0.0
58	__rnase_site_ext	13.333333333333336	0.0	0.0
58	p0	1.0	0.0	0.0
58	protein1	293.3333333333333	13.333333333333336	1.958547
58	protein2	267.3333333333333	15.666666666666664	1.911111
58	protein3	64.66666666666667	2.6666666666666665	2.6666666666666665
58	r0	13.333333333333336	0.0	0.0
58	rnapol	0.0	0.0	0.0
59	__protein1_rbs	8.0	0.0	0.0
59	__protein2_rbs	11.666666666666664	0.0	0.0
59	__protein3_rbs	2.0	0.0	0.0
59	__ribosome	38.333333333333336	0.0	0.0
59	__rnase_site_ext	12.333333333333336	0.0	0.0
59	p0	1.0	0.0	0.0
59	protein1	303.3333333333333	12.333333333333336	1.8055556666666668
59	protein2	274.6666666666667	15.333333333333336	2.0577966666666665
59	protein3	66.33333333333333	3.333333333333333	2.305555666666667
59	r0	12.333333333333336	0.0	0.0
59	rnapol	0.3333333333333333	0.0	0.0
60	__protein1_rbs	9.333333333333334	0.0	0.0
60	__protein2_rbs	11.0	0.0	0.0
60	__protein3_rbs	3.0	0.0	0.0
60	__ribosome	38.0	0.0	0.0
60	__rnase_site_ext	12.666666666666664	0.0	0.0
60	p0	1.0	0.0	0.0
60	protein1	310.0	12.666666666666664	1.6651680000000002
60	protein2	281.0	14.666666666666664	2.236111
60	protein3	68.33333333333333	4.0	2.033333333333333
60	r0	12.666666666666664	0.0	0.0
60	rnapol	0.3333333333333333	0.0	0.0
61	__protein1_rbs	8.333333333333334	0.0	0.0
61	__protein2_rbs	11.0	0.0	0.0
61	__protein3_rbs	2.333333333333333	0.0	0.0
61	__ribosome	33.333333333333336	0.0	0.0
61	__rnase_site_ext	12.333333333333336	0.0	0.0
61	p0	0.6666666666666666	0.0	0.0
61	protein1	317.0	12.666666666666664	1.8846153333333333
61	protein2	287.0	14.666666666666664	2.319444333333333
61	protein3	70.33333333333333	4.333333333333333	2.111111
61	r0	12.333333333333336	0.0	0.0
61	rnapol	0.3333333333333333	0.0	0.0
62	__protein1_rbs	10.333333333333334	0.0	0.0
62	__protein2_rbs	10.0	0.0	0.0
62	__protein3_rbs	3.0	0.0	0.0
62	__ribosome	34.666666666666664	0.0	0.0
62	__rnase_site_ext	12.666666666666664	0.0	0.0
62	p0	0.6666666666666666	0.0	0.0
62	protein1	323.3333333333333	12.666666666666664	1.818515
62	protein2	296.6666666666667	14.666666666666664	2.2152776666666667
62	protein3	71.66666666666667	4.333333333333333	2.355555666666666
62	r0	12.666666666666664	0.0	0.0
62	rnapol	0.3333333333333333	0.0	0.0
63	__protein1_rbs	10.0	0.0	0.0
63	__protein2_rbs	10.333333333333334	0.0	0.0
63	__protein3_rbs	2.6666666666666665	0.0	0.0
63	__ribosome	35.333333333333336	0.0	0.0
63	__rnase_site_ext	12.333333333333336	0.0	0.0
63	p0	0.6666666666666666	0.0	0.0
63	protein1	330.3333333333333	12.666666666666664	1.762433666666667
63	protein2	306.0	14.666666666666664	2.194444333333333
63	protein3	73.66666666666667	4.333333333333333	2.4
63	r0	12.333333333333336	0.0	0.0
63	rnapol	0.6666666666666666	0.0	0.0
64	__protein1_rbs	9.666666666666666	0.0	0.0
64	__protein2_rbs	10.0	0.0	0.0
64	__protein3_rbs	4.0	0.0	0.0
64	__ribosome	35.666666666666664	0.0	0.0
64	__rnase_site_ext	13.0	0.0	0.0
64	p0	1.0	0.0	0.0
64	protein1	338.6666666666667	12.666666666666664	1.5523809999999998
64	protein2	312.3333333333333	14.333333333333336	2.4210163333333328
64	protein3	76.0	4.333333333333333	2.333333333333333
64	r0	13.0	0.0	0.0
64	rnapol	0.0	0.0	0.0
65	__protein1_rbs	11.666666666666664	0.0	0.0
65	__protein2_rbs	10.333333333333334	0.0	0.0
65	__protein3_rbs	3.333333333333333	0.0	0.0
65	__ribosome	34.666666666666664	0.0	0.0
65	__rnase_site_ext	13.333333333333336	0.0	0.0
65	p0	1.0	0.0	0.0
65	protein1	345.0	13.333333333333336	1.4261183333333332
65	protein2	321.0	14.333333333333336	2.444444333333333
65	protein3	78.33333333333333	4.333333333333333	2.488889
65	r0	13.333333333333336	0.0	0.0
65	rnapol	0.0	0.0	0.0
66	__protein1_rbs	9.666666666666666	0.0	0.0
66	__protein2_rbs	10.0	0.0	0.0
66	__protein3_rbs	3.0	0.0	0.0
66	__ribosome	31.33333333333333	0.0	0.0
66	__rnase_site_ext	12.666666666666664	0.0	0.0
66	p0	1.0	0.0	0.0
66	protein1	350.33333333333326	13.0	1.5148406666666665
66	protein2	327.6666666666667	14.333333333333336	2.5603176666666663
66	protein3	81.0	4.333333333333333	2.5777776666666665
66	r0	12.666666666666664	0.0	0.0
66	rnapol	0.0	0.0	0.0
67	__protein1_rbs	9.0	0.0	0.0
67	__protein2_rbs	8.666666666666666	0.0	0.0
67	__protein3_rbs	3.0	0.0	0.0
67	__ribosome	32.333333333333336	0.0	0.0
67	__rnase_site_ext	12.666666666666664	0.0	0.0
67	p0	1.0	0.0	0.0
67	protein1	357.33333333333326	13.0	1.5160836666666668
67	protein2	337.6666666666667	14.0	2.506944333333333
67	protein3	83.0	4.333333333333333	2.8666666666666667
67	r0	12.666666666666664	0.0	0.0
67	rnapol	0.0	0.0	0.0
68	__protein1_rbs	9.666666666666666	0.0	0.0
68	__protein2_rbs	11.333333333333336	0.0	0.0
68	__protein3_rbs	4.333333333333333	0.0	0.0
68	__ribosome	33.333333333333336	0.0	0.0
68	__rnase_site_ext	12.666666666666664	0.0	0.0
68	p0	1.0	0.0	0.0
68	protein1	362.66666666666674	12.666666666666664	1.7128206666666663
68	protein2	347.0	15.0	2.252381
68	protein3	86.0	5.0	2.1666666666666665
68	r0	12.666666666666664	0.0	0.0
68	rnapol	0.0	0.0	0.0
69	__protein1_rbs	8.0	0.0	0.0
69	__protein2_rbs	11.0	0.0	0.0
69	__protein3_rbs	3.333333333333333	0.0	0.0
69	__ribosome	33.0	0.0	0.0
69	__rnase_site_ext	12.0	0.0	0.0
69	p0	1.0	0.0	0.0
69	protein1	368.0	12.333333333333336	1.9366303333333332
69	protein2	354.33333333333326	14.666666666666664	2.2351493333333337
69	protein3	89.66666666666669	5.0	2.055555666666667
69	r0	12.0	0.0	0.0
69	rnapol	0.0	0.0	0.0
70	__protein1_rbs	9.666666666666666	0.0	0.0
70	__protein2_rbs	9.0	0.0	0.0
70	__protein3_rbs	4.666666666666667	0.0	0.0
70	__ribosome	35.666666666666664	0.0	0.0
70	__rnase_site_ext	12.666666666666664	0.0	0.0
70	p0	1.0	0.0	0.0
70	protein1	375.66666666666674	12.333333333333336	1.7205126666666668
70	protein2	364.33333333333326	14.333333333333336	2.275
70	protein3	92.33333333333331	5.333333333333333	1.9682540000000002
70	r0	12.666666666666664	0.0	0.0
70	rnapol	0.0	0.0	0.0
71	__protein1_rbs	7.333333333333332	0.0	0.0
71	__protein2_rbs	12.333333333333336	0.0	0.0
71	__protein3_rbs	3.0	0.0	0.0
71	__ribosome	34.0	0.0	0.0
71	__rnase_site_ext	12.0	0.0	0.0
71	p0	1.0	0.0	0.0
71	protein1	383.33333333333326	12.0	1.9074073333333332
71	protein2	370.66666666666674	14.333333333333336	2.259722333333333
71	protein3	95.0	5.333333333333333	2.190476333333333
71	r0	12.0	0.0	0.0
71	rnapol	1.0	0.0	0.0
72	__protein1_rbs	8.333333333333334	0.0	0.0
72	__protein2_rbs	10.333333333333334	0.0	0.0
72	__protein3_rbs	4.666666666666667	0.0	0.0
72	__ribosome	36.0	0.0	0.0
72	__rnase_site_ext	12.333333333333336	0.0	0.0
72	p0	0.6666666666666666	0.0	0.0
72	protein1	389.66666666666674	12.333333333333336	1.899715
72	protein2	380.66666666666674	14.0	2.129960333333333
72	protein3	96.33333333333331	5.666666666666668	2.152778
72	r0	12.333333333333336	0.0	0.0
72	rnapol	1.3333333333333333	0.0	0.0
73	__protein1_rbs	10.0	0.0	0.0
73	__protein2_rbs	10.666666666666666	0.0	0.0
73	__protein3_rbs	4.666666666666667	0.0	0.0
73	__ribosome	33.333333333333336	0.0	0.0
73	__rnase_site_ext	14.333333333333336	0.0	0.0
73	p0	1.0	0.0	0.0
73	protein1	396.33333333333326	13.333333333333336	1.722619
73	protein2	386.66666666666674	13.666666666666664	2.298611
73	protein3	98.66666666666669	5.666666666666668	2.333333333333333
73	r0	14.333333333333336	0.0	0.0
73	rnapol	0.0	0.0	0.0
74	__protein1_rbs	11.666666666666664	0.0	0.0
74	__protein2_rbs	9.666666666666666	0.0	0.0
74	__protein3_rbs	3.333333333333333	0.0	0.0
74	__ribosome	34.333333333333336	0.0	0.0
74	__rnase_site_ext	14.666666666666664	0.0	0.0
74	p0	1.0	0.0	0.0
74	protein1	403.66666666666674	14.666666666666664	1.5846403333333334
74	protein2	396.0	13.333333333333336	2.305128333333333
74	protein3	101.66666666666669	5.666666666666668	2.347222
74	r0	14.666666666666664	0.0	0.0
74	rnapol	0.6666666666666666	0.0	0.0
75	__protein1_rbs	12.0	0.0	0.0
75	__protein2_rbs	9.666666666666666	0.0	0.0
75	__protein3_rbs	2.6666666666666665	0.0	0.0
75	__ribosome	32.0	0.0	0.0
75	__rnase_site_ext	15.333333333333336	0.0	0.0
75	p0	1.0	0.0	0.0
75	protein1	411.0	15.0	1.6082516666666666
75	protein2	402.33333333333326	13.0	2.3349360000000003
75	protein3	104.33333333333331	5.666666666666668	2.402778
75	r0	15.333333333333336	0.0	0.0
75	rnapol	0.0	0.0	0.0
76	__protein1_rbs	13.0	0.0	0.0
76	__protein2_rbs	9.0	0.0	0.0
76	__protein3_rbs	4.333333333333333	0.0	0.0
76	__ribosome	34.0	0.0	0.0
76	__rnase_site_ext	15.333333333333336	0.0	0.0
76	p0	1.0	0.0	0.0
76	protein1	418.0	15.333333333333336	1.5393519999999998
76	protein2	410.33333333333326	13.666666666666664	2.121212
76	protein3	107.66666666666669	5.666666666666668	2.3888890000000003
76	r0	15.333333333333336	0.0	0.0
76	rnapol	0.0	0.0	0.0
77	__protein1_rbs	9.666666666666666	0.0	0.0
77	__protein2_rbs	11.0	0.0	0.0
77	__protein3_rbs	3.333333333333333	0.0	0.0
77	__ribosome	34.666666666666664	0.0	0.0
77	__rnase_site_ext	15.333333333333336	0.0	0.0
77	p0	1.0	0.0	0.0
77	protein1	427.0	15.333333333333336	1.5347223333333335
77	protein2	418.33333333333326	14.666666666666664	1.9192806666666664
77	protein3	111.0	5.666666666666668	2.3888890000000003
77	r0	15.333333333333336	0.0	0.0
77	rnapol	0.3333333333333333	0.0	0.0
78	__protein1_rbs	12.0	0.0	0.0
78	__protein2_rbs	10.0	0.0	0.0
78	__protein3_rbs	3.333333333333333	0.0	0.0
78	__ribosome	31.0	0.0	0.0
78	__rnase_site_ext	15.333333333333336	0.0	0.0
78	p0	1.0	0.0	0.0
78	protein1	433.66666666666674	15.666666666666664	1.539839
78	protein2	424.66666666666674	14.666666666666664	2.038889
78	protein3	114.0	5.666666666666668	2.7777776666666667
78	r0	15.333333333333336	0.0	0.0
78	rnapol	0.0	0.0	0.0
79	__protein1_rbs	12.0	0.0	0.0
79	__protein2_rbs	11.666666666666664	0.0	0.0
79	__protein3_rbs	4.0	0.0	0.0
79	__ribosome	31.33333333333333	0.0	0.0
79	__rnase_site_ext	15.0	0.0	0.0
79	p0	1.0	0.0	0.0
79	protein1	440.33333333333326	15.333333333333336	1.557870333333333
79	protein2	432.33333333333326	15.666666666666664	1.9683046666666664
79	protein3	117.33333333333331	5.666666666666668	2.569444666666667
79	r0	15.0	0.0	0.0
79	rnapol	0.0	0.0	0.0
80	__protein1_rbs	12.333333333333336	0.0	0.0
80	__protein2_rbs	11.0	0.0	0.0
80	__protein3_rbs	5.333333333333333	0.0	0.0
80	__ribosome	31.33333333333333	0.0	0.0
80	__rnase_site_ext	15.333333333333336	0.0	0.0
80	p0	1.0	0.0	0.0
80	protein1	446.66666666666674	15.666666666666664	1.6048263333333337
80	protein2	439.0	15.666666666666664	2.0033830000000004
80	protein3	121.66666666666669	6.0	2.240741
80	r0	15.333333333333336	0.0	0.0
80	rnapol	0.3333333333333333	0.0	0.0
81	__protein1_rbs	11.333333333333336	0.0	0.0
81	__protein2_rbs	11.333333333333336	0.0	0.0
81	__protein3_rbs	5.666666666666668	0.0	0.0
81	__ribosome	31.0	0.0	0.0
81	__rnase_site_ext	16.333333333333332	0.0	0.0
81	p0	1.0	0.0	0.0
81	protein1	456.33333333333326	15.666666666666664	1.7601810000000002
81	protein2	446.66666666666674	16.0	1.9668523333333332
81	protein3	125.33333333333331	6.666666666666668	1.55
81	r0	16.333333333333332	0.0	0.0
81	rnapol	0.0	0.0	0.0
82	__protein1_rbs	11.666666666666664	0.0	0.0
82	__protein2_rbs	10.666666666666666	0.0	0.0
82	__protein3_rbs	4.666666666666667	0.0	0.0
82	__ribosome	28.66666666666667	0.0	0.0
82	__rnase_site_ext	16.333333333333332	0.0	0.0
82	p0	1.0	0.0	0.0
82	protein1	463.66666666666674	16.0	1.834734
82	protein2	454.33333333333326	16.0	2.045378
82	protein3	129.33333333333334	6.666666666666668	1.5055556666666667
82	r0	16.333333333333332	0.0	0.0
82	rnapol	0.0	0.0	0.0
83	__protein1_rbs	13.666666666666664	0.0	0.0
83	__protein2_rbs	12.333333333333336	0.0	0.0
83	__protein3_rbs	5.666666666666668	0.0	0.0
83	__ribosome	28.66666666666667	0.0	0.0
83	__rnase_site_ext	16.333333333333332	0.0	0.0
83	p0	1.0	0.0	0.0
83	protein1	470.33333333333326	16.333333333333332	1.7169310000000002
83	protein2	461.33333333333326	16.333333333333332	2.085179
83	protein3	131.33333333333334	7.333333333333332	1.357143
83	r0	16.333333333333332	0.0	0.0
83	rnapol	0.6666666666666666	0.0	0.0
84	__protein1_rbs	11.666666666666664	0.0	0.0
84	__protein2_rbs	13.0	0.0	0.0
84	__protein3_rbs	5.0	0.0	0.0
84	__ribosome	32.0	0.0	0.0
84	__rnase_site_ext	15.666666666666664	0.0	0.0
84	p0	1.0	0.0	0.0
84	protein1	482.0	15.333333333333336	1.6137426666666668
84	protein2	468.66666666666674	16.333333333333332	2.066126666666667
84	protein3	133.66666666666666	7.0	1.5343916666666668
84	r0	15.666666666666664	0.0	0.0
84	rnapol	0.3333333333333333	0.0	0.0
85	__protein1_rbs	10.666666666666666	0.0	0.0
85	__protein2_rbs	12.333333333333336	0.0	0.0
85	__protein3_rbs	5.666666666666668	0.0	0.0
85	__ribosome	28.0	0.0	0.0
85	__rnase_site_ext	15.666666666666664	0.0	0.0
85	p0	1.0	0.0	0.0
85	protein1	490.33333333333326	15.666666666666664	1.6333333333333335
85	protein2	476.66666666666674	16.666666666666668	2.040542333333333
85	protein3	135.0	7.333333333333332	1.8439153333333331
85	r0	15.666666666666664	0.0	0.0
85	rnapol	0.0	0.0	0.0
86	__protein1_rbs	12.0	0.0	0.0
86	__protein2_rbs	11.666666666666664	0.0	0.0
86	__protein3_rbs	5.666666666666668	0.0	0.0
86	__ribosome	29.0	0.0	0.0
86	__rnase_site_ext	16.0	0.0	0.0
86	p0	1.0	0.0	0.0
86	protein1	498.33333333333326	15.666666666666664	1.5325293333333334
86	protein2	486.0	16.666666666666668	2.0079366666666667
86	protein3	138.0	7.333333333333332	1.9285713333333332
86	r0	16.0	0.0	0.0
86	rnapol	0.3333333333333333	0.0	0.0
87	__protein1_rbs	13.666666666666664	0.0	0.0
87	__protein2_rbs	13.0	0.0	0.0
87	__protein3_rbs	5.0	0.0	0.0
87	__ribosome	28.66666666666667	0.0	0.0
87	__rnase_site_ext	16.0	0.0	0.0
87	p0	1.0	0.0	0.0
87	protein1	504.66666666666674	16.0	1.450729333333333
87	protein2	495.0	17.0	1.935394
87	protein3	140.66666666666666	8.0	1.95
87	r0	16.0	0.0	0.0
87	rnapol	0.0	0.0	0.0
88	__protein1_rbs	12.0	0.0	0.0
88	__protein2_rbs	14.333333333333336	0.0	0.0
88	__protein3_rbs	6.666666666666668	0.0	0.0
88	__ribosome	27.66666666666667	0.0	0.0
88	__rnase_site_ext	16.0	0.0	0.0
88	p0	1.0	0.0	0.0
88	protein1	513.0	16.0	1.4214013333333335
88	protein2	501.66666666666674	17.666666666666668	1.85
88	protein3	144.0	8.333333333333334	2.033333333333333
88	r0	16.0	0.0	0.0
88	rnapol	0.6666666666666666	0.0	0.0
89	__protein1_rbs	12.0	0.0	0.0
89	__protein2_rbs	14.666666666666664	0.0	0.0
89	__protein3_rbs	6.333333333333332	0.0	0.0
89	__ribosome	28.33333333333333	0.0	0.0
89	__rnase_site_ext	16.333333333333332	0.0	0.0
89	p0	1.0	0.0	0.0
89	protein1	521.3333333333334	16.0	1.4164573333333337
89	protein2	510.33333333333326	17.666666666666668	1.7981479999999999
89	protein3	147.66666666666666	8.333333333333334	2.066666666666667
89	r0	16.333333333333332	0.0	0.0
89	rnapol	0.0	0.0	0.0
90	__protein1_rbs	12.0	0.0	0.0
90	__protein2_rbs	13.0	0.0	0.0
90	__protein3_rbs	5.666666666666668	0.0	0.0
90	__ribosome	29.33333333333333	0.0	0.0
90	__rnase_site_ext	16.0	0.0	0.0
90	p0	0.6666666666666666	0.0	0.0
90	protein1	527.6666666666666	15.666666666666664	1.4831153333333331
90	protein2	519.3333333333334	16.666666666666668	1.784992666666667
90	protein3	151.33333333333334	8.0	2.2583333333333333
90	r0	16.0	0.0	0.0
90	rnapol	0.3333333333333333	0.0	0.0
91	__protein1_rbs	12.666666666666664	0.0	0.0
91	__protein2_rbs	14.0	0.0	0.0
91	__protein3_rbs	6.333333333333332	0.0	0.0
91	__ribosome	27.66666666666667	0.0	0.0
91	__rnase_site_ext	16.666666666666668	0.0	0.0
91	p0	0.6666666666666666	0.0	0.0
91	protein1	533.3333333333334	16.333333333333332	1.522823
91	protein2	527.0	17.0	1.7089633333333332
91	protein3	154.66666666666666	8.0	2.3305556666666667
91	r0	16.666666666666668	0.0	0.0
91	rnapol	0.3333333333333333	0.0	0.0
92	__protein1_rbs	13.333333333333336	0.0	0.0
92	__protein2_rbs	12.0	0.0	0.0
92	__protein3_rbs	5.666666666666668	0.0	0.0
92	__ribosome	30.0	0.0	0.0
92	__rnase_site_ext	16.0	0.0	0.0
92	p0	0.6666666666666666	0.0	0.0
92	protein1	542.3333333333334	16.333333333333332	1.4728900000000005
92	protein2	535.3333333333334	16.333333333333332	1.751607666666667
92	protein3	160.66666666666666	8.666666666666666	2.055555666666667
92	r0	16.0	0.0	0.0
92	rnapol	0.0	0.0	0.0
93	__protein1_rbs	12.0	0.0	0.0
93	__protein2_rbs	13.333333333333336	0.0	0.0
93	__protein3_rbs	7.0	0.0	0.0
93	__ribosome	31.0	0.0	0.0
93	__rnase_site_ext	14.666666666666664	0.0	0.0
93	p0	1.0	0.0	0.0
93	protein1	551.3333333333334	16.0	1.4367406666666664
93	protein2	541.0	17.0	1.8151146666666669
93	protein3	164.66666666666666	8.0	2.069023666666667
93	r0	14.666666666666664	0.0	0.0
93	rnapol	0.3333333333333333	0.0	0.0
94	__protein1_rbs	12.333333333333336	0.0	0.0
94	__protein2_rbs	13.0	0.0	0.0
94	__protein3_rbs	6.333333333333332	0.0	0.0
94	__ribosome	29.33333333333333	0.0	0.0
94	__rnase_site_ext	15.0	0.0	0.0
94	p0	1.0	0.0	0.0
94	protein1	557.3333333333334	15.333333333333336	1.6620369999999998
94	protein2	549.0	17.0	1.7206476666666666
94	protein3	168.33333333333334	8.0	2.202862
94	r0	15.0	0.0	0.0
94	rnapol	0.3333333333333333	0.0	0.0
95	__protein1_rbs	12.0	0.0	0.0
95	__protein2_rbs	11.0	0.0	0.0
95	__protein3_rbs	5.666666666666668	0.0	0.0
95	__ribosome	29.0	0.0	0.0
95	__rnase_site_ext	16.0	0.0	0.0
95	p0	1.0	0.0	0.0
95	protein1	566.0	15.333333333333336	1.6020003333333337
95	protein2	556.6666666666666	17.666666666666668	1.8042326666666664
95	protein3	174.33333333333337	8.0	2.1329963333333333
95	r0	16.0	0.0	0.0
95	rnapol	0.3333333333333333	0.0	0.0
96	__protein1_rbs	13.0	0.0	0.0
96	__protein2_rbs	14.0	0.0	0.0
96	__protein3_rbs	6.0	0.0	0.0
96	__ribosome	25.66666666666667	0.0	0.0
96	__rnase_site_ext	15.666666666666664	0.0	0.0
96	p0	1.0	0.0	0.0
96	protein1	571.0	16.0	1.6426176666666663
96	protein2	562.6666666666666	17.333333333333332	1.8954246666666668
96	protein3	178.0	8.0	1.9873740000000002
96	r0	15.666666666666664	0.0	0.0
96	rnapol	0.0	0.0	0.0
97	__protein1_rbs	12.333333333333336	0.0	0.0
97	__protein2_rbs	14.333333333333336	0.0	0.0
97	__protein3_rbs	5.333333333333333	0.0	0.0
97	__ribosome	29.0	0.0	0.0
97	__rnase_site_ext	15.666666666666664	0.0	0.0
97	p0	0.6666666666666666	0.0	0.0
97	protein1	580.3333333333334	15.666666666666664	1.5037706666666668
97	protein2	572.0	17.666666666666668	1.780423
97	protein3	180.33333333333331	7.666666666666668	2.178030333333333
97	r0	15.666666666666664	0.0	0.0
97	rnapol	0.0	0.0	0.0
98	__protein1_rbs	12.666666666666664	0.0	0.0
98	__protein2_rbs	11.666666666666664	0.0	0.0
98	__protein3_rbs	6.0	0.0	0.0
98	__ribosome	26.0	0.0	0.0
98	__rnase_site_ext	15.666666666666664	0.0	0.0
98	p0	1.0	0.0	0.0
98	protein1	588.0	15.666666666666664	1.486842
98	protein2	577.3333333333334	17.666666666666668	1.952381
98	protein3	183.66666666666663	7.666666666666668	2.375
98	r0	15.666666666666664	0.0	0.0
98	rnapol	0.3333333333333333	0.0	0.0
99	__protein1_rbs	12.333333333333336	0.0	0.0
99	__protein2_rbs	12.333333333333336	0.0	0.0
99	__protein3_rbs	5.666666666666668	0.0	0.0
99	__ribosome	31.33333333333333	0.0	0.0
99	__rnase_site_ext	16.333333333333332	0.0	0.0
99	p0	1.0	0.0	0.0
99	protein1	596.6666666666666	16.0	1.365216
99	protein2	589.0	17.666666666666668	1.7648146666666669
99	protein3	188.33333333333331	7.0	2.349206333333333
99	r0	16.333333333333332	0.0	0.0
99	rnapol	0.3333333333333333	0.0	0.0
100	__protein1_rbs	14.0	0.0	0.0
100	__protein2_rbs	13.666666666666664	0.0	0.0
100	__protein3_rbs	5.0	0.0	0.0
100	__ribosome	32.333333333333336	0.0	0.0
100	__rnase_site_ext	17.0	0.0	0.0
100	p0	1.0	0.0	0.0
100	protein1	601.6666666666666	16.333333333333332	1.361118
100	protein2	597.0	17.333333333333332	1.843859666666667
100	protein3	193.0	7.0	2.004329
100	r0	17.0	0.0	0.0
100	rnapol	0.3333333333333333	0.0	0.0
101	__protein1_rbs	14.0	0.0	0.0
101	__protein2_rbs	10.333333333333334	0.0	0.0
101	__protein3_rbs	4.333333333333333	0.0	0.0
101	__ribosome	26.66666666666667	0.0	0.0
101	__rnase_site_ext	17.333333333333332	0.0	0.0
101	p0	1.0	0.0	0.0
101	protein1	609.3333333333334	17.0	1.3900136666666665
101	protein2	603.0	16.666666666666668	2.2090270000000003
101	protein3	196.33333333333331	7.0	2.126984333333333
101	r0	17.333333333333332	0.0	0.0
101	rnapol	0.3333333333333333	0.0	0.0
102	__protein1_rbs	12.666666666666664	0.0	0.0
102	__protein2_rbs	13.666666666666664	0.0	0.0
102	__protein3_rbs	4.0	0.0	0.0
102	__ribosome	27.33333333333333	0.0	0.0
102	__rnase_site_ext	17.666666666666668	0.0	0.0
102	p0	1.0	0.0	0.0
102	protein1	616.6666666666666	17.666666666666668	1.4410383333333334
102	protein2	612.0	17.333333333333332	2.0025063333333333
102	protein3	199.66666666666663	6.666666666666668	2.333333333333333
102	r0	17.666666666666668	0.0	0.0
102	rnapol	0.0	0.0	0.0
103	__protein1_rbs	13.0	0.0	0.0
103	__protein2_rbs	14.666666666666664	0.0	0.0
103	__protein3_rbs	6.0	0.0	0.0
103	__ribosome	30.66666666666667	0.0	0.0
103	__rnase_site_ext	17.333333333333332	0.0	0.0
103	p0	1.0	0.0	0.0
103	protein1	624.0	17.333333333333332	1.4680503333333337
103	protein2	620.0	17.333333333333332	1.890977666666667
103	protein3	203.66666666666663	7.333333333333332	2.207070666666666
103	r0	17.333333333333332	0.0	0.0
103	rnapol	0.0	0.0	0.0
104	__protein1_rbs	13.0	0.0	0.0
104	__protein2_rbs	15.0	0.0	0.0
104	__protein3_rbs	5.0	0.0	0.0
104	__ribosome	29.66666666666667	0.0	0.0
104	__rnase_site_ext	17.0	0.0	0.0
104	p0	1.0	0.0	0.0
104	protein1	631.6666666666666	17.0	1.5621693333333333
104	protein2	630.3333333333334	17.333333333333332	1.7192983333333334
104	protein3	205.0	7.0	2.553030333333333
104	r0	17.0	0.0	0.0
104	rnapol	0.0	0.0	0.0
105	__protein1_rbs	12.0	0.0	0.0
105	__protein2_rbs	13.333333333333336	0.0	0.0
105	__protein3_rbs	4.666666666666667	0.0	0.0
105	__ribosome	31.33333333333333	0.0	0.0
105	__rnase_site_ext	16.666666666666668	0.0	0.0
105	p0	0.6666666666666666	0.0	0.0
105	protein1	641.0	16.666666666666668	1.6055553333333332
105	protein2	639.0	18.0	1.5530496666666669
105	protein3	209.33333333333331	7.333333333333332	2.1148990000000003
105	r0	16.666666666666668	0.0	0.0
105	rnapol	1.0	0.0	0.0
106	__protein1_rbs	12.333333333333336	0.0	0.0
106	__protein2_rbs	15.333333333333336	0.0	0.0
106	__protein3_rbs	6.0	0.0	0.0
106	__ribosome	27.66666666666667	0.0	0.0
106	__rnase_site_ext	17.333333333333332	0.0	0.0
106	p0	0.6666666666666666	0.0	0.0
106	protein1	646.6666666666666	17.666666666666668	1.671957666666667
106	protein2	645.3333333333334	18.0	1.5835420000000002
106	protein3	212.33333333333331	7.0	2.0500000000000003
106	r0	17.333333333333332	0.0	0.0
106	rnapol	0.3333333333333333	0.0	0.0
107	__protein1_rbs	12.666666666666664	0.0	0.0
107	__protein2_rbs	13.0	0.0	0.0
107	__protein3_rbs	5.666666666666668	0.0	0.0
107	__ribosome	27.33333333333333	0.0	0.0
107	__rnase_site_ext	17.666666666666668	0.0	0.0
107	p0	1.0	0.0	0.0
107	protein1	657.0	17.666666666666668	1.6176693333333334
107	protein2	652.3333333333334	18.0	1.6913116666666668
107	protein3	215.33333333333331	7.333333333333332	1.9116163333333327
107	r0	17.666666666666668	0.0	0.0
107	rnapol	0.6666666666666666	0.0	0.0
108	__protein1_rbs	15.666666666666664	0.0	0.0
108	__protein2_rbs	14.0	0.0	0.0
108	__protein3_rbs	6.666666666666668	0.0	0.0
108	__ribosome	29.0	0.0	0.0
108	__rnase_site_ext	18.0	0.0	0.0
108	p0	0.6666666666666666	0.0	0.0
108	protein1	665.3333333333334	18.33333333333333	1.4628233333333334
108	protein2	660.3333333333334	17.666666666666668	1.768395333333333
108	protein3	218.66666666666663	7.333333333333332	1.973485
108	r0	18.0	0.0	0.0
108	rnapol	0.6666666666666666	0.0	0.0
109	__protein1_rbs	15.333333333333336	0.0	0.0
109	__protein2_rbs	15.0	0.0	0.0
109	__protein3_rbs	6.0	0.0	0.0
109	__ribosome	29.0	0.0	0.0
109	__rnase_site_ext	19.33333333333333	0.0	0.0
109	p0	1.0	0.0	0.0
109	protein1	674.0	19.0	1.4060606666666668
109	protein2	666.3333333333334	18.0	1.8211873333333333
109	protein3	223.33333333333331	7.333333333333332	1.7209593333333333
109	r0	19.33333333333333	0.0	0.0
109	rnapol	0.6666666666666666	0.0	0.0
110	__protein1_rbs	14.333333333333336	0.0	0.0
110	__protein2_rbs	12.0	0.0	0.0
110	__protein3_rbs	5.333333333333333	0.0	0.0
110	__ribosome	26.66666666666667	0.0	0.0
110	__rnase_site_ext	20.0	0.0	0.0
110	p0	1.0	0.0	0.0
110	protein1	684.6666666666666	19.666666666666668	1.4687370000000002
110	protein2	675.3333333333334	18.33333333333333	1.7752333333333332
110	protein3	227.0	7.0	1.8210676666666668
110	r0	20.0	0.0	0.0
110	rnapol	0.0	0.0	0.0
111	__protein1_rbs	17.0	0.0	0.0
111	__protein2_rbs	13.333333333333336	0.0	0.0
111	__protein3_rbs	5.0	0.0	0.0
111	__ribosome	25.0	0.0	0.0
111	__rnase_site_ext	19.33333333333333	0.0	0.0
111	p0	1.0	0.0	0.0
111	protein1	692.3333333333335	19.666666666666668	1.3818183333333334
111	protein2	681.6666666666666	19.0	1.8480043333333327
111	protein3	229.66666666666663	7.0	2.072149666666667
111	r0	19.33333333333333	0.0	0.0
111	rnapol	0.0	0.0	0.0
112	__protein1_rbs	13.0	0.0	0.0
112	__protein2_rbs	16.666666666666668	0.0	0.0
112	__protein3_rbs	4.666666666666667	0.0	0.0
112	__ribosome	22.66666666666667	0.0	0.0
112	__rnase_site_ext	17.333333333333332	0.0	0.0
112	p0	1.0	0.0	0.0
112	protein1	700.0	18.33333333333333	1.5799726666666667
112	protein2	688.6666666666665	19.33333333333333	1.828409
112	protein3	233.0	6.666666666666668	2.047619
112	r0	17.333333333333332	0.0	0.0
112	rnapol	0.0	0.0	0.0
113	__protein1_rbs	14.0	0.0	0.0
113	__protein2_rbs	14.666666666666664	0.0	0.0
113	__protein3_rbs	5.0	0.0	0.0
113	__ribosome	28.0	0.0	0.0
113	__rnase_site_ext	18.0	0.0	0.0
113	p0	0.6666666666666666	0.0	0.0
113	protein1	712.0	17.666666666666668	1.3413536666666666
113	protein2	698.3333333333335	19.666666666666668	1.7832990000000002
113	protein3	236.0	6.666666666666668	2.066666666666667
113	r0	18.0	0.0	0.0
113	rnapol	0.0	0.0	0.0
114	__protein1_rbs	13.0	0.0	0.0
114	__protein2_rbs	15.0	0.0	0.0
114	__protein3_rbs	5.333333333333333	0.0	0.0
114	__ribosome	28.0	0.0	0.0
114	__rnase_site_ext	18.0	0.0	0.0
114	p0	1.0	0.0	0.0
114	protein1	718.0	18.0	1.4812029999999998
114	protein2	708.0	20.0	1.7386033333333335
114	protein3	239.66666666666663	6.666666666666668	1.9349206666666667
114	r0	18.0	0.0	0.0
114	rnapol	0.6666666666666666	0.0	0.0
115	__protein1_rbs	14.666666666666664	0.0	0.0
115	__protein2_rbs	17.0	0.0	0.0
115	__protein3_rbs	4.333333333333333	0.0	0.0
115	__ribosome	24.33333333333333	0.0	0.0
115	__rnase_site_ext	18.33333333333333	0.0	0.0
115	p0	1.0	0.0	0.0
115	protein1	726.3333333333335	18.33333333333333	1.4222220000000003
115	protein2	716.6666666666665	20.0	1.856829
115	protein3	241.33333333333331	6.333333333333332	2.3666666666666667
115	r0	18.33333333333333	0.0	0.0
115	rnapol	0.6666666666666666	0.0	0.0
116	__protein1_rbs	15.666666666666664	0.0	0.0
116	__protein2_rbs	17.0	0.0	0.0
116	__protein3_rbs	5.0	0.0	0.0
116	__ribosome	25.66666666666667	0.0	0.0
116	__rnase_site_ext	19.0	0.0	0.0
116	p0	0.6666666666666666	0.0	0.0
116	protein1	734.0	19.0	1.411111
116	protein2	726.0	20.0	1.776636
116	protein3	244.66666666666663	6.333333333333332	2.1666666666666665
116	r0	19.0	0.0	0.0
116	rnapol	0.3333333333333333	0.0	0.0
117	__protein1_rbs	13.333333333333336	0.0	0.0
117	__protein2_rbs	16.333333333333332	0.0	0.0
117	__protein3_rbs	4.333333333333333	0.0	0.0
117	__ribosome	22.0	0.0	0.0
117	__rnase_site_ext	19.0	0.0	0.0
117	p0	0.6666666666666666	0.0	0.0
117	protein1	742.0	19.0	1.615873
117	protein2	733.0	20.0	1.8078416666666663
117	protein3	249.33333333333331	6.0	2.2222223333333333
117	r0	19.0	0.0	0.0
117	rnapol	0.3333333333333333	0.0	0.0
118	__protein1_rbs	13.0	0.0	0.0
118	__protein2_rbs	17.666666666666668	0.0	0.0
118	__protein3_rbs	3.6666666666666665	0.0	0.0
118	__ribosome	23.66666666666667	0.0	0.0
118	__rnase_site_ext	19.33333333333333	0.0	0.0
118	p0	1.0	0.0	0.0
118	protein1	751.0	19.33333333333333	1.6493506666666666
118	protein2	742.6666666666665	19.666666666666668	1.7010869999999998
118	protein3	252.0	5.666666666666668	2.244444333333333
118	r0	19.33333333333333	0.0	0.0
118	rnapol	0.3333333333333333	0.0	0.0
119	__protein1_rbs	15.333333333333336	0.0	0.0
119	__protein2_rbs	16.666666666666668	0.0	0.0
119	__protein3_rbs	3.0	0.0	0.0
119	__ribosome	25.33333333333333	0.0	0.0
119	__rnase_site_ext	19.0	0.0	0.0
119	p0	1.0	0.0	0.0
119	protein1	759.3333333333335	19.33333333333333	1.6406923333333332
119	protein2	753.3333333333335	19.33333333333333	1.5552286666666666
119	protein3	254.66666666666663	5.666666666666668	2.437037
119	r0	19.0	0.0	0.0
119	rnapol	0.3333333333333333	0.0	0.0
120	__protein1_rbs	15.0	0.0	0.0
120	__protein2_rbs	14.0	0.0	0.0
120	__protein3_rbs	5.333333333333333	0.0	0.0
120	__ribosome	27.0	0.0	0.0
120	__rnase_site_ext	18.666666666666668	0.0	0.0
120	p0	0.6666666666666666	0.0	0.0
120	protein1	770.3333333333335	18.666666666666668	1.4549783333333333
120	protein2	760.3333333333335	20.0	1.7026143333333332
120	protein3	257.6666666666667	5.666666666666668	2.0074076666666665
120	r0	18.666666666666668	0.0	0.0
120	rnapol	0.0	0.0	0.0
121	__protein1_rbs	13.0	0.0	0.0
121	__protein2_rbs	13.0	0.0	0.0
121	__protein3_rbs	6.0	0.0	0.0
121	__ribosome	25.66666666666667	0.0	0.0
121	__rnase_site_ext	18.0	0.0	0.0
121	p0	1.0	0.0	0.0
121	protein1	780.6666666666665	18.0	1.4694563333333333
121	protein2	768.6666666666665	20.33333333333333	1.861330666666667
121	protein3	260.6666666666667	6.0	1.8222223333333332
121	r0	18.0	0.0	0.0
121	rnapol	0.0	0.0	0.0
122	__protein1_rbs	15.0	0.0	0.0
122	__protein2_rbs	17.333333333333332	0.0	0.0
122	__protein3_rbs	5.333333333333333	0.0	0.0
122	__ribosome	28.0	0.0	0.0
122	__rnase_site_ext	18.666666666666668	0.0	0.0
122	p0	1.0	0.0	0.0
122	protein1	789.3333333333335	18.666666666666668	1.458267
122	protein2	776.6666666666665	20.666666666666668	1.7525253333333335
122	protein3	264.6666666666667	5.666666666666668	1.9166666666666667
122	r0	18.666666666666668	0.0	0.0
122	rnapol	0.0	0.0	0.0
123	__protein1_rbs	14.666666666666664	0.0	0.0
123	__protein2_rbs	14.666666666666664	0.0	0.0
123	__protein3_rbs	5.0	0.0	0.0
123	__ribosome	26.66666666666667	0.0	0.0
123	__rnase_site_ext	17.666666666666668	0.0	0.0
123	p0	0.3333333333333333	0.0	0.0
123	protein1	797.3333333333335	17.666666666666668	1.4431373333333333
123	protein2	783.0	20.33333333333333	1.9735669999999998
123	protein3	267.6666666666667	5.666666666666668	1.638889
123	r0	17.666666666666668	0.0	0.0
123	rnapol	0.0	0.0	0.0
124	__protein1_rbs	14.333333333333336	0.0	0.0
124	__protein2_rbs	16.0	0.0	0.0
124	__protein3_rbs	5.666666666666668	0.0	0.0
124	__ribosome	30.33333333333333	0.0	0.0
124	__rnase_site_ext	18.33333333333333	0.0	0.0
124	p0	1.0	0.0	0.0
124	protein1	806.0	18.33333333333333	1.3330026666666666
124	protein2	795.3333333333335	20.33333333333333	1.8171113333333333
124	protein3	270.6666666666667	6.0	1.5934343333333334
124	r0	18.33333333333333	0.0	0.0
124	rnapol	0.0	0.0	0.0
125	__protein1_rbs	14.0	0.0	0.0
125	__protein2_rbs	17.0	0.0	0.0
125	__protein3_rbs	5.333333333333333	0.0	0.0
125	__ribosome	33.0	0.0	0.0
125	__rnase_site_ext	18.0	0.0	0.0
125	p0	1.0	0.0	0.0
125	protein1	816.3333333333335	18.0	1.2877193333333332
125	protein2	805.6666666666665	20.666666666666668	1.6974636666666667
125	protein3	273.0	6.333333333333332	1.6388886666666669
125	r0	18.0	0.0	0.0
125	rnapol	0.0	0.0	0.0
126	__protein1_rbs	16.0	0.0	0.0
126	__protein2_rbs	14.666666666666664	0.0	0.0
126	__protein3_rbs	4.333333333333333	0.0	0.0
126	__ribosome	25.33333333333333	0.0	0.0
126	__rnase_site_ext	17.666666666666668	0.0	0.0
126	p0	0.6666666666666666	0.0	0.0
126	protein1	821.6666666666665	18.0	1.380117
126	protein2	812.3333333333335	20.33333333333333	1.951406333333333
126	protein3	274.3333333333333	5.666666666666668	1.9393939999999998
126	r0	17.666666666666668	0.0	0.0
126	rnapol	0.0	0.0	0.0
127	__protein1_rbs	15.0	0.0	0.0
127	__protein2_rbs	15.0	0.0	0.0
127	__protein3_rbs	4.666666666666667	0.0	0.0
127	__ribosome	26.33333333333333	0.0	0.0
127	__rnase_site_ext	18.0	0.0	0.0
127	p0	0.6666666666666666	0.0	0.0
127	protein1	830.6666666666665	18.33333333333333	1.3442696666666667
127	protein2	822.6666666666665	21.0	1.885155666666667
127	protein3	276.3333333333333	5.666666666666668	1.848485
127	r0	18.0	0.0	0.0
127	rnapol	0.6666666666666666	0.0	0.0
128	__protein1_rbs	14.666666666666664	0.0	0.0
128	__protein2_rbs	15.666666666666664	0.0	0.0
128	__protein3_rbs	4.333333333333333	0.0	0.0
128	__ribosome	28.0	0.0	0.0
128	__rnase_site_ext	17.666666666666668	0.0	0.0
128	p0	0.6666666666666666	0.0	0.0
128	protein1	837.6666666666665	17.666666666666668	1.357983
128	protein2	833.0	20.33333333333333	1.8805703333333337
128	protein3	279.3333333333333	6.0	1.7373740000000002
128	r0	17.666666666666668	0.0	0.0
128	rnapol	0.3333333333333333	0.0	0.0
129	__protein1_rbs	12.666666666666664	0.0	0.0
129	__protein2_rbs	13.333333333333336	0.0	0.0
129	__protein3_rbs	4.0	0.0	0.0
129	__ribosome	26.66666666666667	0.0	0.0
129	__rnase_site_ext	17.0	0.0	0.0
129	p0	1.0	0.0	0.0
129	protein1	845.6666666666665	17.0	1.363889
129	protein2	843.3333333333335	20.0	2.044970333333333
129	protein3	282.6666666666667	6.0	1.6262626666666666
129	r0	17.0	0.0	0.0
129	rnapol	0.0	0.0	0.0
130	__protein1_rbs	11.0	0.0	0.0
130	__protein2_rbs	16.666666666666668	0.0	0.0
130	__protein3_rbs	4.666666666666667	0.0	0.0
130	__ribosome	28.66666666666667	0.0	0.0
130	__rnase_site_ext	16.0	0.0	0.0
130	p0	1.0	0.0	0.0
130	protein1	853.0	16.333333333333332	1.4304093333333334
130	protein2	852.6666666666665	19.666666666666668	1.96721
130	protein3	284.6666666666667	6.0	1.6540406666666667
130	r0	16.0	0.0	0.0
130	rnapol	0.6666666666666666	0.0	0.0
131	__protein1_rbs	12.333333333333336	0.0	0.0
131	__protein2_rbs	15.0	0.0	0.0
131	__protein3_rbs	5.666666666666668	0.0	0.0
131	__ribosome	27.33333333333333	0.0	0.0
131	__rnase_site_ext	16.333333333333332	0.0	0.0
131	p0	1.0	0.0	0.0
131	protein1	860.3333333333335	16.333333333333332	1.4110273333333332
131	protein2	861.3333333333335	20.0	1.98133
131	protein3	286.6666666666667	6.0	1.7777776666666665
131	r0	16.333333333333332	0.0	0.0
131	rnapol	0.6666666666666666	0.0	0.0
132	__protein1_rbs	15.666666666666664	0.0	0.0
132	__protein2_rbs	14.0	0.0	0.0
132	__protein3_rbs	4.0	0.0	0.0
132	__ribosome	30.66666666666667	0.0	0.0
132	__rnase_site_ext	17.0	0.0	0.0
132	p0	0.6666666666666666	0.0	0.0
132	protein1	867.3333333333335	16.666666666666668	1.1732023333333337
132	protein2	872.3333333333335	18.666666666666668	2.0916533333333334
132	protein3	289.0	6.0	1.8661616666666667
132	r0	17.0	0.0	0.0
132	rnapol	0.6666666666666666	0.0	0.0
133	__protein1_rbs	13.333333333333336	0.0	0.0
133	__protein2_rbs	14.333333333333336	0.0	0.0
133	__protein3_rbs	5.666666666666668	0.0	0.0
133	__ribosome	31.33333333333333	0.0	0.0
133	__rnase_site_ext	17.0	0.0	0.0
133	p0	0.6666666666666666	0.0	0.0
133	protein1	873.3333333333335	17.333333333333332	1.2570806666666667
133	protein2	884.3333333333335	19.33333333333333	1.925
133	protein3	292.0	6.333333333333332	1.7777776666666665
133	r0	17.0	0.0	0.0
133	rnapol	0.0	0.0	0.0
134	__protein1_rbs	11.0	0.0	0.0
134	__protein2_rbs	15.666666666666664	0.0	0.0
134	__protein3_rbs	4.666666666666667	0.0	0.0
134	__ribosome	25.33333333333333	0.0	0.0
134	__rnase_site_ext	17.333333333333332	0.0	0.0
134	p0	1.0	0.0	0.0
134	protein1	881.0	17.333333333333332	1.4172113333333334
134	protein2	891.0	19.33333333333333	2.034722
134	protein3	294.3333333333333	6.333333333333332	1.6944446666666666
134	r0	17.333333333333332	0.0	0.0
134	rnapol	0.3333333333333333	0.0	0.0
135	__protein1_rbs	13.333333333333336	0.0	0.0
135	__protein2_rbs	14.666666666666664	0.0	0.0
135	__protein3_rbs	5.0	0.0	0.0
135	__ribosome	25.66666666666667	0.0	0.0
135	__rnase_site_ext	17.666666666666668	0.0	0.0
135	p0	1.0	0.0	0.0
135	protein1	888.0	17.666666666666668	1.3931886666666664
135	protein2	900.6666666666665	18.666666666666668	2.1022726666666665
135	protein3	298.0	5.666666666666668	2.030303
135	r0	17.666666666666668	0.0	0.0
135	rnapol	0.0	0.0	0.0
136	__protein1_rbs	13.333333333333336	0.0	0.0
136	__protein2_rbs	13.333333333333336	0.0	0.0
136	__protein3_rbs	3.6666666666666665	0.0	0.0
136	__ribosome	24.66666666666667	0.0	0.0
136	__rnase_site_ext	17.0	0.0	0.0
136	p0	1.0	0.0	0.0
136	protein1	894.3333333333335	17.0	1.5481483333333337
136	protein2	912.0	18.666666666666668	2.0272446666666664
136	protein3	300.3333333333333	5.333333333333333	2.4
136	r0	17.0	0.0	0.0
136	rnapol	0.3333333333333333	0.0	0.0
137	__protein1_rbs	11.666666666666664	0.0	0.0
137	__protein2_rbs	14.666666666666664	0.0	0.0
137	__protein3_rbs	3.333333333333333	0.0	0.0
137	__ribosome	26.66666666666667	0.0	0.0
137	__rnase_site_ext	16.666666666666668	0.0	0.0
137	p0	1.0	0.0	0.0
137	protein1	905.0	17.0	1.4148146666666666
137	protein2	920.3333333333335	18.33333333333333	2.024366666666667
137	protein3	303.6666666666667	5.666666666666668	2.3939393333333334
137	r0	16.666666666666668	0.0	0.0
137	rnapol	0.6666666666666666	0.0	0.0
138	__protein1_rbs	12.0	0.0	0.0
138	__protein2_rbs	15.666666666666664	0.0	0.0
138	__protein3_rbs	5.0	0.0	0.0
138	__ribosome	27.66666666666667	0.0	0.0
138	__rnase_site_ext	16.666666666666668	0.0	0.0
138	p0	1.0	0.0	0.0
138	protein1	913.0	17.333333333333332	1.397661
138	protein2	930.3333333333335	18.666666666666668	1.930799666666667
138	protein3	306.3333333333333	5.666666666666668	2.1969696666666665
138	r0	16.666666666666668	0.0	0.0
138	rnapol	0.0	0.0	0.0
139	__protein1_rbs	12.666666666666664	0.0	0.0
139	__protein2_rbs	14.0	0.0	0.0
139	__protein3_rbs	4.0	0.0	0.0
139	__ribosome	24.0	0.0	0.0
139	__rnase_site_ext	16.0	0.0	0.0
139	p0	1.0	0.0	0.0
139	protein1	919.0	16.0	1.6737053333333334
139	protein2	940.6666666666665	18.33333333333333	2.011352
139	protein3	309.0	5.333333333333333	2.566666666666667
139	r0	16.0	0.0	0.0
139	rnapol	0.6666666666666666	0.0	0.0
140	__protein1_rbs	11.333333333333336	0.0	0.0
140	__protein2_rbs	13.333333333333336	0.0	0.0
140	__protein3_rbs	4.0	0.0	0.0
140	__ribosome	23.66666666666667	0.0	0.0
140	__rnase_site_ext	15.333333333333336	0.0	0.0
140	p0	0.6666666666666666	0.0	0.0
140	protein1	926.3333333333335	16.0	1.783727
140	protein2	950.0	18.33333333333333	2.0082560000000003
140	protein3	312.0	5.0	2.688889
140	r0	15.333333333333336	0.0	0.0
140	rnapol	0.6666666666666666	0.0	0.0
141	__protein1_rbs	13.666666666666664	0.0	0.0
141	__protein2_rbs	13.666666666666664	0.0	0.0
141	__protein3_rbs	3.6666666666666665	0.0	0.0
141	__ribosome	28.33333333333333	0.0	0.0
141	__rnase_site_ext	16.666666666666668	0.0	0.0
141	p0	0.6666666666666666	0.0	0.0
141	protein1	935.3333333333335	17.333333333333332	1.52924
141	protein2	958.6666666666665	18.666666666666668	1.895711666666667
141	protein3	316.0	4.666666666666667	2.407407333333333
141	r0	16.666666666666668	0.0	0.0
141	rnapol	0.0	0.0	0.0
142	__protein1_rbs	12.333333333333336	0.0	0.0
142	__protein2_rbs	14.666666666666664	0.0	0.0
142	__protein3_rbs	4.333333333333333	0.0	0.0
142	__ribosome	30.66666666666667	0.0	0.0
142	__rnase_site_ext	17.0	0.0	0.0
142	p0	1.0	0.0	0.0
142	protein1	945.3333333333335	17.333333333333332	1.4795323333333332
142	protein2	969.0	18.33333333333333	1.8988646666666664
142	protein3	318.6666666666667	5.0	1.962963
142	r0	17.0	0.0	0.0
142	rnapol	0.0	0.0	0.0
143	__protein1_rbs	13.0	0.0	0.0
143	__protein2_rbs	12.333333333333336	0.0	0.0
143	__protein3_rbs	3.333333333333333	0.0	0.0
143	__ribosome	28.66666666666667	0.0	0.0
143	__rnase_site_ext	17.666666666666668	0.0	0.0
143	p0	1.0	0.0	0.0
143	protein1	953.0	17.666666666666668	1.5789473333333337
143	protein2	977.3333333333335	18.33333333333333	1.9752323333333333
143	protein3	321.6666666666667	4.666666666666667	1.625
143	r0	17.666666666666668	0.0	0.0
143	rnapol	0.0	0.0	0.0
144	__protein1_rbs	12.333333333333336	0.0	0.0
144	__protein2_rbs	13.0	0.0	0.0
144	__protein3_rbs	4.0	0.0	0.0
144	__ribosome	27.0	0.0	0.0
144	__rnase_site_ext	17.333333333333332	0.0	0.0
144	p0	1.0	0.0	0.0
144	protein1	961.3333333333335	17.666666666666668	1.6444443333333334
144	protein2	987.0	18.666666666666668	2.0125
144	protein3	323.6666666666667	4.333333333333333	1.6190476666666669
144	r0	17.333333333333332	0.0	0.0
144	rnapol	0.6666666666666666	0.0	0.0
145	__protein1_rbs	14.0	0.0	0.0
145	__protein2_rbs	13.0	0.0	0.0
145	__protein3_rbs	3.6666666666666665	0.0	0.0
145	__ribosome	27.66666666666667	0.0	0.0
145	__rnase_site_ext	18.0	0.0	0.0
145	p0	1.0	0.0	0.0
145	protein1	970.0	17.666666666666668	1.5129629999999998
145	protein2	995.3333333333335	18.0	2.1935670000000003
145	protein3	326.0	4.333333333333333	1.8095236666666663
145	r0	18.0	0.0	0.0
145	rnapol	0.0	0.0	0.0
146	__protein1_rbs	12.666666666666664	0.0	0.0
146	__protein2_rbs	13.0	0.0	0.0
146	__protein3_rbs	3.333333333333333	0.0	0.0
146	__ribosome	25.33333333333333	0.0	0.0
146	__rnase_site_ext	17.0	0.0	0.0
146	p0	1.0	0.0	0.0
146	protein1	979.6666666666665	17.666666666666668	1.5380116666666666
146	protein2	1003.6666666666665	18.33333333333333	2.2491226666666666
146	protein3	327.6666666666667	4.0	2.0
146	r0	17.0	0.0	0.0
146	rnapol	0.0	0.0	0.0
147	__protein1_rbs	14.666666666666664	0.0	0.0
147	__protein2_rbs	15.0	0.0	0.0
147	__protein3_rbs	3.6666666666666665	0.0	0.0
147	__ribosome	33.0	0.0	0.0
147	__rnase_site_ext	18.0	0.0	0.0
147	p0	1.0	0.0	0.0
147	protein1	989.0	17.666666666666668	1.4152046666666669
147	protein2	1013.6666666666665	18.0	2.0277776666666667
147	protein3	329.6666666666667	4.333333333333333	1.547619
147	r0	18.0	0.0	0.0
147	rnapol	0.3333333333333333	0.0	0.0
148	__protein1_rbs	13.666666666666664	0.0	0.0
148	__protein2_rbs	15.0	0.0	0.0
148	__protein3_rbs	3.6666666666666665	0.0	0.0
148	__ribosome	33.666666666666664	0.0	0.0
148	__rnase_site_ext	17.666666666666668	0.0	0.0
148	p0	1.0	0.0	0.0
148	protein1	997.3333333333335	18.0	1.4439813333333331
148	protein2	1024.6666666666667	18.666666666666668	1.8380953333333332
148	protein3	331.0	4.333333333333333	1.6785713333333334
148	r0	17.666666666666668	0.0	0.0
148	rnapol	0.6666666666666666	0.0	0.0
149	__protein1_rbs	13.0	0.0	0.0
149	__protein2_rbs	13.666666666666664	0.0	0.0
149	__protein3_rbs	2.6666666666666665	0.0	0.0
149	__ribosome	31.66666666666667	0.0	0.0
149	__rnase_site_ext	18.0	0.0	0.0
149	p0	0.6666666666666666	0.0	0.0
149	protein1	1006.3333333333335	17.666666666666668	1.5
149	protein2	1035.3333333333333	19.0	1.8440476666666663
149	protein3	333.3333333333333	4.0	1.888889
149	r0	18.0	0.0	0.0
149	rnapol	0.0	0.0	0.0
150	__protein1_rbs	11.666666666666664	0.0	0.0
150	__protein2_rbs	16.0	0.0	0.0
150	__protein3_rbs	3.0	0.0	0.0
150	__ribosome	30.66666666666667	0.0	0.0
150	__rnase_site_ext	17.0	0.0	0.0
150	p0	1.0	0.0	0.0
150	protein1	1015.0	17.0	1.633333333333333
150	protein2	1043.0	18.666666666666668	1.8666666666666665
150	protein3	335.0	4.0	1.9166666666666667
150	r0	17.0	0.0	0.0
150	rnapol	0.3333333333333333	0.0	0.0
151	__protein1_rbs	13.333333333333336	0.0	0.0
151	__protein2_rbs	15.0	0.0	0.0
151	__protein3_rbs	3.333333333333333	0.0	0.0
151	__ribosome	27.33333333333333	0.0	0.0
151	__rnase_site_ext	17.0	0.0	0.0
151	p0	1.0	0.0	0.0
151	protein1	1022.3333333333335	16.666666666666668	1.6957669999999998
151	protein2	1051.6666666666667	19.0	1.8862746666666668
151	protein3	335.3333333333333	4.0	2.3888890000000003
151	r0	17.0	0.0	0.0
151	rnapol	0.0	0.0	0.0
152	__protein1_rbs	14.333333333333336	0.0	0.0
152	__protein2_rbs	14.666666666666664	0.0	0.0
152	__protein3_rbs	3.333333333333333	0.0	0.0
152	__ribosome	28.66666666666667	0.0	0.0
152	__rnase_site_ext	17.333333333333332	0.0	0.0
152	p0	1.0	0.0	0.0
152	protein1	1032.0	17.0	1.591061
152	protein2	1061.3333333333333	19.0	1.943254
152	protein3	338.0	4.333333333333333	2.047619
152	r0	17.333333333333332	0.0	0.0
152	rnapol	0.0	0.0	0.0
153	__protein1_rbs	12.666666666666664	0.0	0.0
153	__protein2_rbs	15.0	0.0	0.0
153	__protein3_rbs	3.333333333333333	0.0	0.0
153	__ribosome	28.0	0.0	0.0
153	__rnase_site_ext	16.0	0.0	0.0
153	p0	1.0	0.0	0.0
153	protein1	1041.6666666666667	16.333333333333332	1.637255
153	protein2	1071.3333333333333	19.666666666666668	1.8478836666666665
153	protein3	340.3333333333333	4.666666666666667	1.942857
153	r0	16.0	0.0	0.0
153	rnapol	0.0	0.0	0.0
154	__protein1_rbs	12.666666666666664	0.0	0.0
154	__protein2_rbs	12.666666666666664	0.0	0.0
154	__protein3_rbs	3.333333333333333	0.0	0.0
154	__ribosome	26.0	0.0	0.0
154	__rnase_site_ext	15.666666666666664	0.0	0.0
154	p0	1.0	0.0	0.0
154	protein1	1050.3333333333333	16.333333333333332	1.6165580000000002
154	protein2	1080.0	19.33333333333333	1.9692286666666667
154	protein3	342.0	4.666666666666667	2.0761903333333334
154	r0	15.666666666666664	0.0	0.0
154	rnapol	0.0	0.0	0.0
155	__protein1_rbs	13.333333333333336	0.0	0.0
155	__protein2_rbs	15.666666666666664	0.0	0.0
155	__protein3_rbs	4.333333333333333	0.0	0.0
155	__ribosome	26.66666666666667	0.0	0.0
155	__rnase_site_ext	16.333333333333332	0.0	0.0
155	p0	1.0	0.0	0.0
155	protein1	1058.3333333333333	17.0	1.6697626666666665
155	protein2	1089.3333333333333	19.666666666666668	1.848739666666667
155	protein3	344.66666666666674	4.666666666666667	2.019047666666667
155	r0	16.333333333333332	0.0	0.0
155	rnapol	0.3333333333333333	0.0	0.0
156	__protein1_rbs	10.0	0.0	0.0
156	__protein2_rbs	12.666666666666664	0.0	0.0
156	__protein3_rbs	3.6666666666666665	0.0	0.0
156	__ribosome	25.0	0.0	0.0
156	__rnase_site_ext	15.333333333333336	0.0	0.0
156	p0	0.6666666666666666	0.0	0.0
156	protein1	1067.6666666666667	15.333333333333336	1.8190476666666668
156	protein2	1099.3333333333333	18.33333333333333	2.0282893333333334
156	protein3	346.0	4.666666666666667	2.161904666666667
156	r0	15.333333333333336	0.0	0.0
156	rnapol	0.6666666666666666	0.0	0.0
157	__protein1_rbs	11.666666666666664	0.0	0.0
157	__protein2_rbs	13.0	0.0	0.0
157	__protein3_rbs	4.0	0.0	0.0
157	__ribosome	30.66666666666667	0.0	0.0
157	__rnase_site_ext	15.666666666666664	0.0	0.0
157	p0	1.0	0.0	0.0
157	protein1	1076.6666666666667	16.0	1.6074073333333334
157	protein2	1110.0	17.666666666666668	2.019883
157	protein3	349.66666666666674	5.0	1.6583333333333332
157	r0	15.666666666666664	0.0	0.0
157	rnapol	0.0	0.0	0.0
158	__protein1_rbs	12.333333333333336	0.0	0.0
158	__protein2_rbs	14.666666666666664	0.0	0.0
158	__protein3_rbs	3.333333333333333	0.0	0.0
158	__ribosome	31.33333333333333	0.0	0.0
158	__rnase_site_ext	16.0	0.0	0.0
158	p0	1.0	0.0	0.0
158	protein1	1085.3333333333333	16.0	1.5849673333333332
158	protein2	1118.3333333333333	18.33333333333333	1.9089913333333333
158	protein3	352.33333333333326	5.0	1.6333333333333335
158	r0	16.0	0.0	0.0
158	rnapol	0.0	0.0	0.0
159	__protein1_rbs	11.333333333333336	0.0	0.0
159	__protein2_rbs	13.0	0.0	0.0
159	__protein3_rbs	4.666666666666667	0.0	0.0
159	__ribosome	27.0	0.0	0.0
159	__rnase_site_ext	15.666666666666664	0.0	0.0
159	p0	1.0	0.0	0.0
159	protein1	1093.0	15.666666666666664	1.6031163333333334
159	protein2	1126.3333333333333	17.666666666666668	2.1076023333333334
159	protein3	354.0	6.0	1.6481480000000002
159	r0	15.666666666666664	0.0	0.0
159	rnapol	0.3333333333333333	0.0	0.0
160	__protein1_rbs	13.0	0.0	0.0
160	__protein2_rbs	13.333333333333336	0.0	0.0
160	__protein3_rbs	5.333333333333333	0.0	0.0
160	__ribosome	28.66666666666667	0.0	0.0
160	__rnase_site_ext	16.0	0.0	0.0
160	p0	1.0	0.0	0.0
160	protein1	1102.0	16.0	1.4228756666666669
160	protein2	1136.3333333333333	17.666666666666668	2.142592333333333
160	protein3	356.0	6.0	1.8333333333333333
160	r0	16.0	0.0	0.0
160	rnapol	0.3333333333333333	0.0	0.0
161	__protein1_rbs	12.333333333333336	0.0	0.0
161	__protein2_rbs	13.0	0.0	0.0
161	__protein3_rbs	4.666666666666667	0.0	0.0
161	__ribosome	30.66666666666667	0.0	0.0
161	__rnase_site_ext	15.333333333333336	0.0	0.0
161	p0	0.6666666666666666	0.0	0.0
161	protein1	1111.3333333333333	15.666666666666664	1.3847223333333334
161	protein2	1146.3333333333333	18.666666666666668	1.983816
161	protein3	359.0	6.0	1.870370333333333
161	r0	15.333333333333336	0.0	0.0
161	rnapol	0.6666666666666666	0.0	0.0
162	__protein1_rbs	13.0	0.0	0.0
162	__protein2_rbs	15.666666666666664	0.0	0.0
162	__protein3_rbs	3.6666666666666665	0.0	0.0
162	__ribosome	25.33333333333333	0.0	0.0
162	__rnase_site_ext	16.0	0.0	0.0
162	p0	1.0	0.0	0.0
162	protein1	1117.3333333333333	16.666666666666668	1.4227943333333333
162	protein2	1154.6666666666667	18.0	2.031979333333333
162	protein3	360.33333333333326	5.666666666666668	2.486111
162	r0	16.0	0.0	0.0
162	rnapol	0.6666666666666666	0.0	0.0
163	__protein1_rbs	13.666666666666664	0.0	0.0
163	__protein2_rbs	13.666666666666664	0.0	0.0
163	__protein3_rbs	4.0	0.0	0.0
163	__ribosome	28.33333333333333	0.0	0.0
163	__rnase_site_ext	16.333333333333332	0.0	0.0
163	p0	1.0	0.0	0.0
163	protein1	1125.3333333333333	16.666666666666668	1.4324616666666667
163	protein2	1164.6666666666667	17.0	2.003289333333333
163	protein3	364.33333333333326	5.666666666666668	2.5416666666666665
163	r0	16.333333333333332	0.0	0.0
163	rnapol	0.6666666666666666	0.0	0.0
164	__protein1_rbs	11.666666666666664	0.0	0.0
164	__protein2_rbs	13.333333333333336	0.0	0.0
164	__protein3_rbs	4.0	0.0	0.0
164	__ribosome	31.0	0.0	0.0
164	__rnase_site_ext	17.333333333333332	0.0	0.0
164	p0	1.0	0.0	0.0
164	protein1	1133.6666666666667	16.666666666666668	1.424019666666667
164	protein2	1174.6666666666667	16.666666666666668	1.922794
164	protein3	367.66666666666674	5.666666666666668	2.208333333333333
164	r0	17.333333333333332	0.0	0.0
164	rnapol	0.6666666666666666	0.0	0.0
165	__protein1_rbs	13.666666666666664	0.0	0.0
165	__protein2_rbs	14.0	0.0	0.0
165	__protein3_rbs	3.333333333333333	0.0	0.0
165	__ribosome	31.66666666666667	0.0	0.0
165	__rnase_site_ext	17.0	0.0	0.0
165	p0	1.0	0.0	0.0
165	protein1	1140.3333333333333	16.666666666666668	1.5162036666666667
165	protein2	1185.0	17.333333333333332	1.7429193333333333
165	protein3	370.66666666666674	5.666666666666668	2.138888666666667
165	r0	17.0	0.0	0.0
165	rnapol	0.0	0.0	0.0
166	__protein1_rbs	11.666666666666664	0.0	0.0
166	__protein2_rbs	11.666666666666664	0.0	0.0
166	__protein3_rbs	5.333333333333333	0.0	0.0
166	__ribosome	30.33333333333333	0.0	0.0
166	__rnase_site_ext	16.333333333333332	0.0	0.0
166	p0	1.0	0.0	0.0
166	protein1	1149.6666666666667	16.333333333333332	1.5574076666666663
166	protein2	1193.6666666666667	17.666666666666668	1.906089
166	protein3	374.0	5.666666666666668	1.7777776666666665
166	r0	16.333333333333332	0.0	0.0
166	rnapol	0.0	0.0	0.0
167	__protein1_rbs	11.666666666666664	0.0	0.0
167	__protein2_rbs	13.0	0.0	0.0
167	__protein3_rbs	4.0	0.0	0.0
167	__ribosome	28.66666666666667	0.0	0.0
167	__rnase_site_ext	16.0	0.0	0.0
167	p0	1.0	0.0	0.0
167	protein1	1156.6666666666667	16.0	1.617320333333333
167	protein2	1201.0	18.0	1.9423803333333332
167	protein3	378.0	5.666666666666668	1.8333333333333333
167	r0	16.0	0.0	0.0
167	rnapol	0.3333333333333333	0.0	0.0
168	__protein1_rbs	11.333333333333336	0.0	0.0
168	__protein2_rbs	12.666666666666664	0.0	0.0
168	__protein3_rbs	3.0	0.0	0.0
168	__ribosome	27.66666666666667	0.0	0.0
168	__rnase_site_ext	15.666666666666664	0.0	0.0
168	p0	1.0	0.0	0.0
168	protein1	1165.3333333333333	15.666666666666664	1.5597223333333332
168	protein2	1209.6666666666667	18.33333333333333	2.0136453333333333
168	protein3	380.66666666666674	5.666666666666668	1.888889
168	r0	15.666666666666664	0.0	0.0
168	rnapol	0.3333333333333333	0.0	0.0
169	__protein1_rbs	12.333333333333336	0.0	0.0
169	__protein2_rbs	15.0	0.0	0.0
169	__protein3_rbs	5.333333333333333	0.0	0.0
169	__ribosome	28.33333333333333	0.0	0.0
169	__rnase_site_ext	16.333333333333332	0.0	0.0
169	p0	1.0	0.0	0.0
169	protein1	1176.3333333333333	16.666666666666668	1.388889
169	protein2	1216.6666666666667	18.666666666666668	2.066666666666667
169	protein3	383.33333333333326	6.0	1.7261903333333333
169	r0	16.333333333333332	0.0	0.0
169	rnapol	0.0	0.0	0.0
170	__protein1_rbs	12.333333333333336	0.0	0.0
170	__protein2_rbs	14.333333333333336	0.0	0.0
170	__protein3_rbs	4.333333333333333	0.0	0.0
170	__ribosome	26.66666666666667	0.0	0.0
170	__rnase_site_ext	16.333333333333332	0.0	0.0
170	p0	1.0	0.0	0.0
170	protein1	1182.3333333333333	16.666666666666668	1.5416666666666667
170	protein2	1228.6666666666667	18.33333333333333	1.9970586666666663
170	protein3	385.0	6.0	1.9960320000000005
170	r0	16.333333333333332	0.0	0.0
170	rnapol	0.3333333333333333	0.0	0.0
171	__protein1_rbs	12.333333333333336	0.0	0.0
171	__protein2_rbs	13.333333333333336	0.0	0.0
171	__protein3_rbs	4.0	0.0	0.0
171	__ribosome	26.0	0.0	0.0
171	__rnase_site_ext	17.0	0.0	0.0
171	p0	1.0	0.0	0.0
171	protein1	1189.6666666666667	17.0	1.5883716666666663
171	protein2	1239.6666666666667	17.333333333333332	2.1429953333333334
171	protein3	389.66666666666674	6.333333333333332	1.8730156666666664
171	r0	17.0	0.0	0.0
171	rnapol	0.3333333333333333	0.0	0.0
172	__protein1_rbs	13.333333333333336	0.0	0.0
172	__protein2_rbs	14.666666666666664	0.0	0.0
172	__protein3_rbs	5.0	0.0	0.0
172	__ribosome	26.0	0.0	0.0
172	__rnase_site_ext	17.333333333333332	0.0	0.0
172	p0	1.0	0.0	0.0
172	protein1	1199.3333333333333	17.333333333333332	1.4008716666666663
172	protein2	1248.0	17.333333333333332	2.1620369999999998
172	protein3	391.33333333333326	6.666666666666668	2.0185186666666666
172	r0	17.333333333333332	0.0	0.0
172	rnapol	1.0	0.0	0.0
173	__protein1_rbs	11.666666666666664	0.0	0.0
173	__protein2_rbs	12.666666666666664	0.0	0.0
173	__protein3_rbs	6.0	0.0	0.0
173	__ribosome	27.0	0.0	0.0
173	__rnase_site_ext	17.666666666666668	0.0	0.0
173	p0	1.0	0.0	0.0
173	protein1	1209.3333333333333	17.0	1.392157
173	protein2	1258.0	17.0	2.189678666666667
173	protein3	393.33333333333326	6.666666666666668	2.0138890000000003
173	r0	17.666666666666668	0.0	0.0
173	rnapol	0.3333333333333333	0.0	0.0
174	__protein1_rbs	14.333333333333336	0.0	0.0
174	__protein2_rbs	13.0	0.0	0.0
174	__protein3_rbs	5.333333333333333	0.0	0.0
174	__ribosome	25.33333333333333	0.0	0.0
174	__rnase_site_ext	18.0	0.0	0.0
174	p0	0.6666666666666666	0.0	0.0
174	protein1	1216.3333333333333	17.666666666666668	1.4427243333333333
174	protein2	1267.3333333333333	17.0	2.1258169999999996
174	protein3	395.66666666666674	6.666666666666668	1.9953703333333332
174	r0	18.0	0.0	0.0
174	rnapol	0.0	0.0	0.0
175	__protein1_rbs	12.666666666666664	0.0	0.0
175	__protein2_rbs	12.666666666666664	0.0	0.0
175	__protein3_rbs	5.666666666666668	0.0	0.0
175	__ribosome	27.33333333333333	0.0	0.0
175	__rnase_site_ext	17.666666666666668	0.0	0.0
175	p0	1.0	0.0	0.0
175	protein1	1224.0	17.666666666666668	1.6068113333333336
175	protein2	1279.3333333333333	17.333333333333332	1.888889
175	protein3	399.66666666666674	6.666666666666668	1.587963
175	r0	17.666666666666668	0.0	0.0
175	rnapol	0.6666666666666666	0.0	0.0
176	__protein1_rbs	12.333333333333336	0.0	0.0
176	__protein2_rbs	13.0	0.0	0.0
176	__protein3_rbs	4.666666666666667	0.0	0.0
176	__ribosome	28.0	0.0	0.0
176	__rnase_site_ext	17.666666666666668	0.0	0.0
176	p0	1.0	0.0	0.0
176	protein1	1233.0	17.333333333333332	1.6458333333333333
176	protein2	1288.6666666666667	18.33333333333333	1.7807016666666666
176	protein3	403.33333333333326	6.0	2.0
176	r0	17.666666666666668	0.0	0.0
176	rnapol	0.3333333333333333	0.0	0.0
177	__protein1_rbs	13.333333333333336	0.0	0.0
177	__protein2_rbs	14.666666666666664	0.0	0.0
177	__protein3_rbs	4.666666666666667	0.0	0.0
177	__ribosome	28.0	0.0	0.0
177	__rnase_site_ext	17.333333333333332	0.0	0.0
177	p0	0.6666666666666666	0.0	0.0
177	protein1	1243.3333333333333	17.666666666666668	1.5468413333333333
177	protein2	1296.3333333333333	19.0	1.7543856666666666
177	protein3	406.0	6.0	1.7916666666666667
177	r0	17.333333333333332	0.0	0.0
177	rnapol	0.0	0.0	0.0
178	__protein1_rbs	12.333333333333336	0.0	0.0
178	__protein2_rbs	16.0	0.0	0.0
178	__protein3_rbs	3.0	0.0	0.0
178	__ribosome	29.33333333333333	0.0	0.0
178	__rnase_site_ext	17.0	0.0	0.0
178	p0	1.0	0.0	0.0
178	protein1	1252.6666666666667	17.333333333333332	1.5949316666666666
178	protein2	1305.6666666666667	19.33333333333333	1.5877193333333333
178	protein3	409.33333333333326	5.666666666666668	2.3214286666666664
178	r0	17.0	0.0	0.0
178	rnapol	0.3333333333333333	0.0	0.0
179	__protein1_rbs	11.0	0.0	0.0
179	__protein2_rbs	14.666666666666664	0.0	0.0
179	__protein3_rbs	4.0	0.0	0.0
179	__ribosome	26.0	0.0	0.0
179	__rnase_site_ext	17.0	0.0	0.0
179	p0	1.0	0.0	0.0
179	protein1	1262.3333333333333	17.0	1.5705883333333333
179	protein2	1313.6666666666667	18.666666666666668	1.821878
179	protein3	412.0	5.666666666666668	2.333333333333333
179	r0	17.0	0.0	0.0
179	rnapol	0.0	0.0	0.0
180	__protein1_rbs	12.0	0.0	0.0
180	__protein2_rbs	16.0	0.0	0.0
180	__protein3_rbs	4.0	0.0	0.0
180	__ribosome	26.66666666666667	0.0	0.0
180	__rnase_site_ext	16.333333333333332	0.0	0.0
180	p0	0.6666666666666666	0.0	0.0
180	protein1	1270.6666666666667	17.0	1.5777313333333334
180	protein2	1323.6666666666667	19.0	1.7214423333333333
180	protein3	414.0	5.666666666666668	2.6666666666666665
180	r0	16.333333333333332	0.0	0.0
180	rnapol	0.3333333333333333	0.0	0.0
181	__protein1_rbs	11.666666666666664	0.0	0.0
181	__protein2_rbs	15.0	0.0	0.0
181	__protein3_rbs	5.0	0.0	0.0
181	__ribosome	27.33333333333333	0.0	0.0
181	__rnase_site_ext	17.333333333333332	0.0	0.0
181	p0	1.0	0.0	0.0
181	protein1	1279.3333333333333	17.666666666666668	1.551852
181	protein2	1331.3333333333333	19.0	1.7017543333333334
181	protein3	417.33333333333326	5.666666666666668	2.5416666666666665
181	r0	17.333333333333332	0.0	0.0
181	rnapol	0.0	0.0	0.0
182	__protein1_rbs	13.333333333333336	0.0	0.0
182	__protein2_rbs	14.333333333333336	0.0	0.0
182	__protein3_rbs	4.333333333333333	0.0	0.0
182	__ribosome	27.0	0.0	0.0
182	__rnase_site_ext	17.666666666666668	0.0	0.0
182	p0	0.6666666666666666	0.0	0.0
182	protein1	1289.3333333333333	18.33333333333333	1.5197996666666669
182	protein2	1340.0	18.666666666666668	1.8037036666666664
182	protein3	421.0	5.666666666666668	2.232143
182	r0	17.666666666666668	0.0	0.0
182	rnapol	0.3333333333333333	0.0	0.0
183	__protein1_rbs	15.0	0.0	0.0
183	__protein2_rbs	13.666666666666664	0.0	0.0
183	__protein3_rbs	4.666666666666667	0.0	0.0
183	__ribosome	28.0	0.0	0.0
183	__rnase_site_ext	18.33333333333333	0.0	0.0
183	p0	1.0	0.0	0.0
183	protein1	1296.6666666666667	18.33333333333333	1.605681
183	protein2	1349.6666666666667	18.666666666666668	1.7666666666666666
183	protein3	424.66666666666674	6.0	1.6904763333333337
183	r0	18.33333333333333	0.0	0.0
183	rnapol	0.3333333333333333	0.0	0.0
184	__protein1_rbs	14.666666666666664	0.0	0.0
184	__protein2_rbs	14.333333333333336	0.0	0.0
184	__protein3_rbs	5.0	0.0	0.0
184	__ribosome	28.66666666666667	0.0	0.0
184	__rnase_site_ext	18.0	0.0	0.0
184	p0	0.6666666666666666	0.0	0.0
184	protein1	1308.0	18.0	1.4206346666666665
184	protein2	1357.3333333333333	18.33333333333333	1.9348683333333327
184	protein3	427.0	6.333333333333332	1.577381
184	r0	18.0	0.0	0.0
184	rnapol	0.3333333333333333	0.0	0.0
185	__protein1_rbs	14.333333333333336	0.0	0.0
185	__protein2_rbs	15.0	0.0	0.0
185	__protein3_rbs	4.333333333333333	0.0	0.0
185	__ribosome	27.0	0.0	0.0
185	__rnase_site_ext	18.666666666666668	0.0	0.0
185	p0	1.0	0.0	0.0
185	protein1	1316.6666666666667	18.666666666666668	1.4167443333333332
185	protein2	1366.0	18.33333333333333	1.9203009999999998
185	protein3	430.0	6.333333333333332	1.7857143333333332
185	r0	18.666666666666668	0.0	0.0
185	rnapol	0.6666666666666666	0.0	0.0
186	__protein1_rbs	14.0	0.0	0.0
186	__protein2_rbs	15.0	0.0	0.0
186	__protein3_rbs	5.333333333333333	0.0	0.0
186	__ribosome	26.33333333333333	0.0	0.0
186	__rnase_site_ext	18.33333333333333	0.0	0.0
186	p0	1.0	0.0	0.0
186	protein1	1327.0	19.0	1.3314393333333332
186	protein2	1373.6666666666667	19.0	1.880754
186	protein3	432.33333333333326	6.333333333333332	1.9642856666666664
186	r0	18.33333333333333	0.0	0.0
186	rnapol	0.3333333333333333	0.0	0.0
187	__protein1_rbs	13.333333333333336	0.0	0.0
187	__protein2_rbs	13.0	0.0	0.0
187	__protein3_rbs	5.0	0.0	0.0
187	__ribosome	24.0	0.0	0.0
187	__rnase_site_ext	18.666666666666668	0.0	0.0
187	p0	0.3333333333333333	0.0	0.0
187	protein1	1334.3333333333333	19.0	1.516746333333333
187	protein2	1385.666666666667	19.0	1.7841269999999998
187	protein3	434.33333333333326	6.333333333333332	2.0119046666666667
187	r0	18.666666666666668	0.0	0.0
187	rnapol	0.0	0.0	0.0
188	__protein1_rbs	14.333333333333336	0.0	0.0
188	__protein2_rbs	16.666666666666668	0.0	0.0
188	__protein3_rbs	4.666666666666667	0.0	0.0
188	__ribosome	26.66666666666667	0.0	0.0
188	__rnase_site_ext	19.33333333333333	0.0	0.0
188	p0	1.0	0.0	0.0
188	protein1	1343.6666666666667	19.33333333333333	1.5393720000000002
188	protein2	1395.666666666667	19.0	1.5528526666666664
188	protein3	437.0	6.0	2.2916666666666665
188	r0	19.33333333333333	0.0	0.0
188	rnapol	0.3333333333333333	0.0	0.0
189	__protein1_rbs	17.0	0.0	0.0
189	__protein2_rbs	15.333333333333336	0.0	0.0
189	__protein3_rbs	4.666666666666667	0.0	0.0
189	__ribosome	25.33333333333333	0.0	0.0
189	__rnase_site_ext	19.0	0.0	0.0
189	p0	1.0	0.0	0.0
189	protein1	1350.6666666666667	19.666666666666668	1.5861113333333332
189	protein2	1402.0	19.666666666666668	1.5943850000000002
189	protein3	442.0	6.333333333333332	1.9444443333333328
189	r0	19.0	0.0	0.0
189	rnapol	0.3333333333333333	0.0	0.0
190	__protein1_rbs	17.333333333333332	0.0	0.0
190	__protein2_rbs	13.333333333333336	0.0	0.0
190	__protein3_rbs	5.333333333333333	0.0	0.0
190	__ribosome	29.33333333333333	0.0	0.0
190	__rnase_site_ext	20.0	0.0	0.0
190	p0	0.6666666666666666	0.0	0.0
190	protein1	1361.6666666666667	20.0	1.3402776666666665
190	protein2	1412.333333333333	20.0	1.6683193333333337
190	protein3	446.0	6.0	1.8944443333333327
190	r0	20.0	0.0	0.0
190	rnapol	0.0	0.0	0.0
191	__protein1_rbs	14.666666666666664	0.0	0.0
191	__protein2_rbs	16.333333333333332	0.0	0.0
191	__protein3_rbs	3.0	0.0	0.0
191	__ribosome	28.0	0.0	0.0
191	__rnase_site_ext	20.33333333333333	0.0	0.0
191	p0	1.0	0.0	0.0
191	protein1	1373.0	20.33333333333333	1.3373016666666666
191	protein2	1421.333333333333	20.666666666666668	1.6037036666666669
191	protein3	449.33333333333326	6.0	2.2185186666666667
191	r0	20.33333333333333	0.0	0.0
191	rnapol	0.0	0.0	0.0
192	__protein1_rbs	16.666666666666668	0.0	0.0
192	__protein2_rbs	16.666666666666668	0.0	0.0
192	__protein3_rbs	4.666666666666667	0.0	0.0
192	__ribosome	21.66666666666667	0.0	0.0
192	__rnase_site_ext	19.666666666666668	0.0	0.0
192	p0	1.0	0.0	0.0
192	protein1	1381.666666666667	19.33333333333333	1.3857833333333334
192	protein2	1426.666666666667	21.0	1.8666666666666665
192	protein3	451.0	5.666666666666668	2.6388890000000003
192	r0	19.666666666666668	0.0	0.0
192	rnapol	0.3333333333333333	0.0	0.0
193	__protein1_rbs	16.333333333333332	0.0	0.0
193	__protein2_rbs	17.0	0.0	0.0
193	__protein3_rbs	4.666666666666667	0.0	0.0
193	__ribosome	22.66666666666667	0.0	0.0
193	__rnase_site_ext	20.0	0.0	0.0
193	p0	0.6666666666666666	0.0	0.0
193	protein1	1389.0	19.666666666666668	1.3661833333333335
193	protein2	1435.666666666667	20.33333333333333	1.8668303333333331
193	protein3	454.66666666666674	6.0	2.4833333333333334
193	r0	20.0	0.0	0.0
193	rnapol	0.0	0.0	0.0
194	__protein1_rbs	13.333333333333336	0.0	0.0
194	__protein2_rbs	14.333333333333336	0.0	0.0
194	__protein3_rbs	5.333333333333333	0.0	0.0
194	__ribosome	27.66666666666667	0.0	0.0
194	__rnase_site_ext	18.666666666666668	0.0	0.0
194	p0	0.6666666666666666	0.0	0.0
194	protein1	1400.333333333333	18.666666666666668	1.307359333333333
194	protein2	1447.666666666667	20.33333333333333	1.763889
194	protein3	457.33333333333326	6.0	2.4
194	r0	18.666666666666668	0.0	0.0
194	rnapol	0.0	0.0	0.0
195	__protein1_rbs	15.333333333333336	0.0	0.0
195	__protein2_rbs	15.0	0.0	0.0
195	__protein3_rbs	4.666666666666667	0.0	0.0
195	__ribosome	28.0	0.0	0.0
195	__rnase_site_ext	18.666666666666668	0.0	0.0
195	p0	1.0	0.0	0.0
195	protein1	1409.333333333333	18.666666666666668	1.2411466666666666
195	protein2	1456.666666666667	20.33333333333333	1.884920666666667
195	protein3	461.33333333333326	6.333333333333332	2.1742423333333334
195	r0	18.666666666666668	0.0	0.0
195	rnapol	1.0	0.0	0.0
196	__protein1_rbs	13.0	0.0	0.0
196	__protein2_rbs	16.666666666666668	0.0	0.0
196	__protein3_rbs	3.6666666666666665	0.0	0.0
196	__ribosome	24.66666666666667	0.0	0.0
196	__rnase_site_ext	18.0	0.0	0.0
196	p0	1.0	0.0	0.0
196	protein1	1414.333333333333	18.0	1.5624840000000002
196	protein2	1468.0	21.33333333333333	1.7258466666666668
196	protein3	464.0	6.333333333333332	2.2121213333333336
196	r0	18.0	0.0	0.0
196	rnapol	0.3333333333333333	0.0	0.0
197	__protein1_rbs	15.0	0.0	0.0
197	__protein2_rbs	16.666666666666668	0.0	0.0
197	__protein3_rbs	5.0	0.0	0.0
197	__ribosome	24.66666666666667	0.0	0.0
197	__rnase_site_ext	18.33333333333333	0.0	0.0
197	p0	1.0	0.0	0.0
197	protein1	1423.666666666667	18.666666666666668	1.490117
197	protein2	1476.333333333333	20.666666666666668	1.8693183333333332
197	protein3	468.0	6.666666666666668	1.8878786666666667
197	r0	18.33333333333333	0.0	0.0
197	rnapol	0.3333333333333333	0.0	0.0
198	__protein1_rbs	15.333333333333336	0.0	0.0
198	__protein2_rbs	17.0	0.0	0.0
198	__protein3_rbs	5.333333333333333	0.0	0.0
198	__ribosome	26.0	0.0	0.0
198	__rnase_site_ext	18.666666666666668	0.0	0.0
198	p0	1.0	0.0	0.0
198	protein1	1432.0	18.666666666666668	1.4343860000000002
198	protein2	1486.0	21.0	1.8194696666666663
198	protein3	470.66666666666674	6.666666666666668	1.968181666666667
198	r0	18.666666666666668	0.0	0.0
198	rnapol	0.0	0.0	0.0
199	__protein1_rbs	15.666666666666664	0.0	0.0
199	__protein2_rbs	18.0	0.0	0.0
199	__protein3_rbs	4.0	0.0	0.0
199	__ribosome	26.66666666666667	0.0	0.0
199	__rnase_site_ext	18.666666666666668	0.0	0.0
199	p0	1.0	0.0	0.0
199	protein1	1440.666666666667	18.666666666666668	1.3833333333333335
199	protein2	1497.666666666667	21.33333333333333	1.699879
199	protein3	472.33333333333326	6.666666666666668	2.253030333333333
199	r0	18.666666666666668	0.0	0.0
199	rnapol	0.0	0.0	0.0
200	__protein1_rbs	13.666666666666664	0.0	0.0
200	__protein2_rbs	16.666666666666668	0.0	0.0
200	__protein3_rbs	4.666666666666667	0.0	0.0
200	__ribosome	27.0	0.0	0.0
200	__rnase_site_ext	17.666666666666668	0.0	0.0
200	p0	1.0	0.0	0.0
200	protein1	1450.0	18.33333333333333	1.3780193333333333
200	protein2	1507.0	20.33333333333333	1.8165080000000002
200	protein3	476.66666666666674	7.0	1.8833333333333333
200	r0	17.666666666666668	0.0	0.0
200	rnapol	0.3333333333333333	0.0	0.0
201	__protein1_rbs	16.0	0.0	0.0
201	__protein2_rbs	14.666666666666664	0.0	0.0
201	__protein3_rbs	5.333333333333333	0.0	0.0
201	__ribosome	27.33333333333333	0.0	0.0
201	__rnase_site_ext	18.0	0.0	0.0
201	p0	0.6666666666666666	0.0	0.0
201	protein1	1458.0	17.666666666666668	1.2928366666666669
201	protein2	1516.0	20.33333333333333	1.9341126666666664
201	protein3	479.33333333333326	6.666666666666668	1.9444443333333328
201	r0	18.0	0.0	0.0
201	rnapol	0.3333333333333333	0.0	0.0
202	__protein1_rbs	13.666666666666664	0.0	0.0
202	__protein2_rbs	14.333333333333336	0.0	0.0
202	__protein3_rbs	5.666666666666668	0.0	0.0
202	__ribosome	29.33333333333333	0.0	0.0
202	__rnase_site_ext	17.666666666666668	0.0	0.0
202	p0	1.0	0.0	0.0
202	protein1	1464.333333333333	17.333333333333332	1.3895513333333334
202	protein2	1527.333333333333	19.666666666666668	2.012121333333333
202	protein3	482.66666666666674	6.666666666666668	1.6944443333333332
202	r0	17.666666666666668	0.0	0.0
202	rnapol	0.6666666666666666	0.0	0.0
203	__protein1_rbs	13.0	0.0	0.0
203	__protein2_rbs	17.333333333333332	0.0	0.0
203	__protein3_rbs	5.0	0.0	0.0
203	__ribosome	31.0	0.0	0.0
203	__rnase_site_ext	17.333333333333332	0.0	0.0
203	p0	1.0	0.0	0.0
203	protein1	1474.0	17.666666666666668	1.3386426666666669
203	protein2	1536.666666666667	19.666666666666668	1.929487333333333
203	protein3	486.66666666666674	6.666666666666668	1.8055556666666668
203	r0	17.333333333333332	0.0	0.0
203	rnapol	0.0	0.0	0.0
204	__protein1_rbs	14.0	0.0	0.0
204	__protein2_rbs	16.666666666666668	0.0	0.0
204	__protein3_rbs	5.666666666666668	0.0	0.0
204	__ribosome	30.33333333333333	0.0	0.0
204	__rnase_site_ext	18.0	0.0	0.0
204	p0	0.6666666666666666	0.0	0.0
204	protein1	1481.666666666667	18.0	1.3566616666666669
204	protein2	1546.0	20.0	1.8120876666666668
204	protein3	489.33333333333326	7.0	1.9102563333333336
204	r0	18.0	0.0	0.0
204	rnapol	0.0	0.0	0.0
205	__protein1_rbs	14.0	0.0	0.0
205	__protein2_rbs	15.333333333333336	0.0	0.0
205	__protein3_rbs	5.666666666666668	0.0	0.0
205	__ribosome	26.66666666666667	0.0	0.0
205	__rnase_site_ext	16.666666666666668	0.0	0.0
205	p0	1.0	0.0	0.0
205	protein1	1490.0	17.666666666666668	1.436508
205	protein2	1556.0	20.0	1.8866666666666667
205	protein3	491.33333333333326	6.666666666666668	2.1837606666666667
205	r0	16.666666666666668	0.0	0.0
205	rnapol	0.3333333333333333	0.0	0.0
206	__protein1_rbs	12.666666666666664	0.0	0.0
206	__protein2_rbs	14.333333333333336	0.0	0.0
206	__protein3_rbs	6.0	0.0	0.0
206	__ribosome	25.33333333333333	0.0	0.0
206	__rnase_site_ext	17.0	0.0	0.0
206	p0	1.0	0.0	0.0
206	protein1	1497.333333333333	17.0	1.5654059999999999
206	protein2	1566.333333333333	20.0	1.9225396666666663
206	protein3	494.0	6.666666666666668	1.786325
206	r0	17.0	0.0	0.0
206	rnapol	0.6666666666666666	0.0	0.0
207	__protein1_rbs	12.0	0.0	0.0
207	__protein2_rbs	16.333333333333332	0.0	0.0
207	__protein3_rbs	5.0	0.0	0.0
207	__ribosome	26.0	0.0	0.0
207	__rnase_site_ext	17.0	0.0	0.0
207	p0	1.0	0.0	0.0
207	protein1	1506.0	16.666666666666668	1.574603
207	protein2	1573.666666666667	19.666666666666668	1.958316
207	protein3	498.0	6.666666666666668	1.8846153333333333
207	r0	17.0	0.0	0.0
207	rnapol	0.3333333333333333	0.0	0.0
208	__protein1_rbs	13.333333333333336	0.0	0.0
208	__protein2_rbs	14.666666666666664	0.0	0.0
208	__protein3_rbs	5.666666666666668	0.0	0.0
208	__ribosome	27.66666666666667	0.0	0.0
208	__rnase_site_ext	17.333333333333332	0.0	0.0
208	p0	0.6666666666666666	0.0	0.0
208	protein1	1515.333333333333	17.333333333333332	1.451307
208	protein2	1583.666666666667	18.666666666666668	1.988722
208	protein3	500.66666666666674	6.333333333333332	1.9444446666666668
208	r0	17.333333333333332	0.0	0.0
208	rnapol	0.3333333333333333	0.0	0.0
209	__protein1_rbs	12.333333333333336	0.0	0.0
209	__protein2_rbs	14.333333333333336	0.0	0.0
209	__protein3_rbs	5.333333333333333	0.0	0.0
209	__ribosome	28.66666666666667	0.0	0.0
209	__rnase_site_ext	17.333333333333332	0.0	0.0
209	p0	1.0	0.0	0.0
209	protein1	1523.666666666667	17.666666666666668	1.4948646666666667
209	protein2	1594.666666666667	18.33333333333333	1.9432943333333332
209	protein3	503.33333333333326	6.333333333333332	1.8055556666666668
209	r0	17.333333333333332	0.0	0.0
209	rnapol	0.0	0.0	0.0
210	__protein1_rbs	12.0	0.0	0.0
210	__protein2_rbs	13.666666666666664	0.0	0.0
210	__protein3_rbs	5.333333333333333	0.0	0.0
210	__ribosome	29.33333333333333	0.0	0.0
210	__rnase_site_ext	16.666666666666668	0.0	0.0
210	p0	1.0	0.0	0.0
210	protein1	1532.0	16.666666666666668	1.568275
210	protein2	1605.0	18.33333333333333	1.8416146666666664
210	protein3	505.0	6.666666666666668	1.911111
210	r0	16.666666666666668	0.0	0.0
210	rnapol	0.3333333333333333	0.0	0.0
211	__protein1_rbs	13.666666666666664	0.0	0.0
211	__protein2_rbs	13.333333333333336	0.0	0.0
211	__protein3_rbs	5.333333333333333	0.0	0.0
211	__ribosome	26.66666666666667	0.0	0.0
211	__rnase_site_ext	17.333333333333332	0.0	0.0
211	p0	1.0	0.0	0.0
211	protein1	1540.0	17.0	1.5317983333333334
211	protein2	1614.333333333333	19.0	1.840404
211	protein3	508.33333333333326	6.666666666666668	1.7777776666666665
211	r0	17.333333333333332	0.0	0.0
211	rnapol	0.0	0.0	0.0
212	__protein1_rbs	13.666666666666664	0.0	0.0
212	__protein2_rbs	14.333333333333336	0.0	0.0
212	__protein3_rbs	5.0	0.0	0.0
212	__ribosome	27.33333333333333	0.0	0.0
212	__rnase_site_ext	16.666666666666668	0.0	0.0
212	p0	1.0	0.0	0.0
212	protein1	1548.666666666667	16.666666666666668	1.45
212	protein2	1623.666666666667	19.33333333333333	1.907027
212	protein3	511.33333333333326	6.666666666666668	1.722222
212	r0	16.666666666666668	0.0	0.0
212	rnapol	0.0	0.0	0.0
213	__protein1_rbs	12.0	0.0	0.0
213	__protein2_rbs	12.666666666666664	0.0	0.0
213	__protein3_rbs	4.666666666666667	0.0	0.0
213	__ribosome	26.33333333333333	0.0	0.0
213	__rnase_site_ext	15.333333333333336	0.0	0.0
213	p0	1.0	0.0	0.0
213	protein1	1557.333333333333	16.333333333333332	1.4549709999999998
213	protein2	1633.0	18.666666666666668	1.9723706666666665
213	protein3	514.3333333333334	6.666666666666668	1.788889
213	r0	15.333333333333336	0.0	0.0
213	rnapol	0.6666666666666666	0.0	0.0
214	__protein1_rbs	12.333333333333336	0.0	0.0
214	__protein2_rbs	15.666666666666664	0.0	0.0
214	__protein3_rbs	4.666666666666667	0.0	0.0
214	__ribosome	29.33333333333333	0.0	0.0
214	__rnase_site_ext	16.666666666666668	0.0	0.0
214	p0	1.0	0.0	0.0
214	protein1	1567.666666666667	16.333333333333332	1.3099416666666668
214	protein2	1642.666666666667	18.666666666666668	1.8342673333333328
214	protein3	517.3333333333334	7.0	2.194444333333333
214	r0	16.666666666666668	0.0	0.0
214	rnapol	0.3333333333333333	0.0	0.0
215	__protein1_rbs	10.666666666666666	0.0	0.0
215	__protein2_rbs	15.666666666666664	0.0	0.0
215	__protein3_rbs	5.0	0.0	0.0
215	__ribosome	26.0	0.0	0.0
215	__rnase_site_ext	15.666666666666664	0.0	0.0
215	p0	0.6666666666666666	0.0	0.0
215	protein1	1573.333333333333	16.0	1.6710946666666666
215	protein2	1651.666666666667	18.33333333333333	1.7826423333333334
215	protein3	520.6666666666666	6.333333333333332	2.65
215	r0	15.666666666666664	0.0	0.0
215	rnapol	0.3333333333333333	0.0	0.0
216	__protein1_rbs	11.666666666666664	0.0	0.0
216	__protein2_rbs	13.666666666666664	0.0	0.0
216	__protein3_rbs	4.666666666666667	0.0	0.0
216	__ribosome	27.33333333333333	0.0	0.0
216	__rnase_site_ext	15.666666666666664	0.0	0.0
216	p0	1.0	0.0	0.0
216	protein1	1582.666666666667	16.333333333333332	1.581964
216	protein2	1661.333333333333	17.666666666666668	1.8151959999999998
216	protein3	524.6666666666666	6.666666666666668	2.233333333333334
216	r0	15.666666666666664	0.0	0.0
216	rnapol	0.6666666666666666	0.0	0.0
217	__protein1_rbs	12.0	0.0	0.0
217	__protein2_rbs	13.0	0.0	0.0
217	__protein3_rbs	3.6666666666666665	0.0	0.0
217	__ribosome	26.66666666666667	0.0	0.0
217	__rnase_site_ext	16.666666666666668	0.0	0.0
217	p0	1.0	0.0	0.0
217	protein1	1590.666666666667	16.666666666666668	1.5595236666666663
217	protein2	1671.0	17.666666666666668	1.8431373333333327
217	protein3	528.3333333333334	6.333333333333332	2.6666666666666665
217	r0	16.666666666666668	0.0	0.0
217	rnapol	0.0	0.0	0.0
218	__protein1_rbs	13.0	0.0	0.0
218	__protein2_rbs	12.666666666666664	0.0	0.0
218	__protein3_rbs	4.333333333333333	0.0	0.0
218	__ribosome	27.0	0.0	0.0
218	__rnase_site_ext	17.333333333333332	0.0	0.0
218	p0	0.6666666666666666	0.0	0.0
218	protein1	1600.666666666667	17.333333333333332	1.5470236666666668
218	protein2	1679.0	17.333333333333332	1.9134919999999997
218	protein3	533.3333333333334	6.333333333333332	2.3888890000000003
218	r0	17.333333333333332	0.0	0.0
218	rnapol	0.0	0.0	0.0
219	__protein1_rbs	12.0	0.0	0.0
219	__protein2_rbs	16.333333333333332	0.0	0.0
219	__protein3_rbs	5.0	0.0	0.0
219	__ribosome	25.66666666666667	0.0	0.0
219	__rnase_site_ext	17.333333333333332	0.0	0.0
219	p0	1.0	0.0	0.0
219	protein1	1608.666666666667	17.0	1.7509923333333337
219	protein2	1687.333333333333	17.666666666666668	1.7107843333333337
219	protein3	535.3333333333334	6.333333333333332	2.5
219	r0	17.333333333333332	0.0	0.0
219	rnapol	0.0	0.0	0.0
220	__protein1_rbs	14.333333333333336	0.0	0.0
220	__protein2_rbs	12.333333333333336	0.0	0.0
220	__protein3_rbs	4.333333333333333	0.0	0.0
220	__ribosome	28.66666666666667	0.0	0.0
220	__rnase_site_ext	17.0	0.0	0.0
220	p0	1.0	0.0	0.0
220	protein1	1618.0	17.0	1.6458333333333333
220	protein2	1697.333333333333	18.33333333333333	1.6647993333333335
220	protein3	539.3333333333334	6.333333333333332	2.3888886666666664
220	r0	17.0	0.0	0.0
220	rnapol	0.3333333333333333	0.0	0.0
221	__protein1_rbs	13.666666666666664	0.0	0.0
221	__protein2_rbs	14.333333333333336	0.0	0.0
221	__protein3_rbs	4.666666666666667	0.0	0.0
221	__ribosome	29.0	0.0	0.0
221	__rnase_site_ext	16.666666666666668	0.0	0.0
221	p0	1.0	0.0	0.0
221	protein1	1627.333333333333	17.333333333333332	1.5267973333333331
221	protein2	1705.0	18.33333333333333	1.7971013333333332
221	protein3	543.0	6.333333333333332	2.0277776666666667
221	r0	16.666666666666668	0.0	0.0
221	rnapol	0.3333333333333333	0.0	0.0
222	__protein1_rbs	13.666666666666664	0.0	0.0
222	__protein2_rbs	13.666666666666664	0.0	0.0
222	__protein3_rbs	5.333333333333333	0.0	0.0
222	__ribosome	33.0	0.0	0.0
222	__rnase_site_ext	17.666666666666668	0.0	0.0
222	p0	0.6666666666666666	0.0	0.0
222	protein1	1638.666666666667	18.0	1.2826213333333334
222	protein2	1713.666666666667	18.33333333333333	1.8072636666666664
222	protein3	547.3333333333334	6.333333333333332	1.6666666666666667
222	r0	17.666666666666668	0.0	0.0
222	rnapol	0.0	0.0	0.0
223	__protein1_rbs	14.333333333333336	0.0	0.0
223	__protein2_rbs	13.333333333333336	0.0	0.0
223	__protein3_rbs	5.666666666666668	0.0	0.0
223	__ribosome	27.33333333333333	0.0	0.0
223	__rnase_site_ext	18.0	0.0	0.0
223	p0	1.0	0.0	0.0
223	protein1	1646.333333333333	18.33333333333333	1.4041003333333333
223	protein2	1720.666666666667	18.33333333333333	1.9645723333333327
223	protein3	549.3333333333334	6.333333333333332	1.719697
223	r0	18.0	0.0	0.0
223	rnapol	0.0	0.0	0.0
224	__protein1_rbs	13.0	0.0	0.0
224	__protein2_rbs	15.333333333333336	0.0	0.0
224	__protein3_rbs	5.333333333333333	0.0	0.0
224	__ribosome	24.33333333333333	0.0	0.0
224	__rnase_site_ext	17.0	0.0	0.0
224	p0	1.0	0.0	0.0
224	protein1	1654.666666666667	17.333333333333332	1.5446979999999997
224	protein2	1730.333333333333	18.33333333333333	2.0003306666666667
224	protein3	552.3333333333334	7.0	1.7222223333333335
224	r0	17.0	0.0	0.0
224	rnapol	0.3333333333333333	0.0	0.0
225	__protein1_rbs	13.333333333333336	0.0	0.0
225	__protein2_rbs	14.333333333333336	0.0	0.0
225	__protein3_rbs	3.6666666666666665	0.0	0.0
225	__ribosome	24.33333333333333	0.0	0.0
225	__rnase_site_ext	16.666666666666668	0.0	0.0
225	p0	0.6666666666666666	0.0	0.0
225	protein1	1662.0	17.0	1.6456826666666668
225	protein2	1740.666666666667	18.0	1.860411
225	protein3	554.6666666666666	6.666666666666668	2.065656666666667
225	r0	16.666666666666668	0.0	0.0
225	rnapol	0.3333333333333333	0.0	0.0
226	__protein1_rbs	12.333333333333336	0.0	0.0
226	__protein2_rbs	15.0	0.0	0.0
226	__protein3_rbs	5.666666666666668	0.0	0.0
226	__ribosome	26.66666666666667	0.0	0.0
226	__rnase_site_ext	16.666666666666668	0.0	0.0
226	p0	1.0	0.0	0.0
226	protein1	1672.333333333333	17.0	1.5343303333333331
226	protein2	1747.333333333333	18.33333333333333	1.8839286666666664
226	protein3	559.0	7.0	1.8636363333333328
226	r0	16.666666666666668	0.0	0.0
226	rnapol	0.3333333333333333	0.0	0.0
227	__protein1_rbs	14.333333333333336	0.0	0.0
227	__protein2_rbs	16.0	0.0	0.0
227	__protein3_rbs	4.666666666666667	0.0	0.0
227	__ribosome	30.33333333333333	0.0	0.0
227	__rnase_site_ext	16.666666666666668	0.0	0.0
227	p0	0.0	0.0	0.0
227	protein1	1681.0	17.333333333333332	1.445258333333333
227	protein2	1759.0	18.666666666666668	1.5821663333333331
227	protein3	561.3333333333334	7.0	2.1818183333333336
227	r0	16.666666666666668	0.0	0.0
227	rnapol	0.0	0.0	0.0
228	__protein1_rbs	14.333333333333336	0.0	0.0
228	__protein2_rbs	14.666666666666664	0.0	0.0
228	__protein3_rbs	5.333333333333333	0.0	0.0
228	__ribosome	30.66666666666667	0.0	0.0
228	__rnase_site_ext	18.0	0.0	0.0
228	p0	1.0	0.0	0.0
228	protein1	1689.666666666667	17.666666666666668	1.4198316666666668
228	protein2	1769.0	19.0	1.5783326666666666
228	protein3	565.3333333333334	6.333333333333332	2.2870369999999998
228	r0	18.0	0.0	0.0
228	rnapol	0.6666666666666666	0.0	0.0
229	__protein1_rbs	15.666666666666664	0.0	0.0
229	__protein2_rbs	14.333333333333336	0.0	0.0
229	__protein3_rbs	4.333333333333333	0.0	0.0
229	__ribosome	27.66666666666667	0.0	0.0
229	__rnase_site_ext	18.0	0.0	0.0
229	p0	0.6666666666666666	0.0	0.0
229	protein1	1697.0	18.666666666666668	1.371212
229	protein2	1776.333333333333	18.666666666666668	1.844538
229	protein3	570.6666666666666	6.0	2.1666666666666665
229	r0	18.0	0.0	0.0
229	rnapol	0.0	0.0	0.0
230	__protein1_rbs	15.0	0.0	0.0
230	__protein2_rbs	14.333333333333336	0.0	0.0
230	__protein3_rbs	4.666666666666667	0.0	0.0
230	__ribosome	23.66666666666667	0.0	0.0
230	__rnase_site_ext	19.0	0.0	0.0
230	p0	1.0	0.0	0.0
230	protein1	1706.0	19.0	1.507070666666667
230	protein2	1784.333333333333	18.666666666666668	1.8906006666666664
230	protein3	573.0	6.0	2.2222223333333333
230	r0	19.0	0.0	0.0
230	rnapol	0.6666666666666666	0.0	0.0
231	__protein1_rbs	14.666666666666664	0.0	0.0
231	__protein2_rbs	15.0	0.0	0.0
231	__protein3_rbs	5.0	0.0	0.0
231	__ribosome	21.66666666666667	0.0	0.0
231	__rnase_site_ext	18.666666666666668	0.0	0.0
231	p0	0.3333333333333333	0.0	0.0
231	protein1	1713.666666666667	19.33333333333333	1.6858586666666664
231	protein2	1793.333333333333	18.666666666666668	1.8929293333333337
231	protein3	576.6666666666666	6.0	2.0277776666666667
231	r0	18.666666666666668	0.0	0.0
231	rnapol	0.0	0.0	0.0
232	__protein1_rbs	15.0	0.0	0.0
232	__protein2_rbs	15.333333333333336	0.0	0.0
232	__protein3_rbs	4.333333333333333	0.0	0.0
232	__ribosome	30.0	0.0	0.0
232	__rnase_site_ext	19.666666666666668	0.0	0.0
232	p0	1.0	0.0	0.0
232	protein1	1725.333333333333	19.666666666666668	1.544746333333333
232	protein2	1804.0	19.33333333333333	1.6169079999999998
232	protein3	580.6666666666666	5.666666666666668	1.7420633333333333
232	r0	19.666666666666668	0.0	0.0
232	rnapol	0.0	0.0	0.0
233	__protein1_rbs	14.333333333333336	0.0	0.0
233	__protein2_rbs	13.333333333333336	0.0	0.0
233	__protein3_rbs	4.333333333333333	0.0	0.0
233	__ribosome	32.0	0.0	0.0
233	__rnase_site_ext	18.666666666666668	0.0	0.0
233	p0	1.0	0.0	0.0
233	protein1	1737.333333333333	19.0	1.5829723333333332
233	protein2	1813.333333333333	19.33333333333333	1.5825756666666664
233	protein3	584.0	5.666666666666668	1.6865080000000001
233	r0	18.666666666666668	0.0	0.0
233	rnapol	0.3333333333333333	0.0	0.0
234	__protein1_rbs	13.666666666666664	0.0	0.0
234	__protein2_rbs	13.333333333333336	0.0	0.0
234	__protein3_rbs	5.0	0.0	0.0
234	__ribosome	28.33333333333333	0.0	0.0
234	__rnase_site_ext	18.666666666666668	0.0	0.0
234	p0	0.6666666666666666	0.0	0.0
234	protein1	1746.333333333333	19.0	1.6968943333333335
234	protein2	1822.0	19.666666666666668	1.5971013333333337
234	protein3	586.0	6.0	1.7023810000000001
234	r0	18.666666666666668	0.0	0.0
234	rnapol	0.0	0.0	0.0
235	__protein1_rbs	13.666666666666664	0.0	0.0
235	__protein2_rbs	17.0	0.0	0.0
235	__protein3_rbs	4.333333333333333	0.0	0.0
235	__ribosome	26.33333333333333	0.0	0.0
235	__rnase_site_ext	19.33333333333333	0.0	0.0
235	p0	1.0	0.0	0.0
235	protein1	1757.0	19.33333333333333	1.6693236666666664
235	protein2	1830.333333333333	20.0	1.5232916666666665
235	protein3	588.0	6.333333333333332	1.9642856666666664
235	r0	19.33333333333333	0.0	0.0
235	rnapol	0.3333333333333333	0.0	0.0
236	__protein1_rbs	15.333333333333336	0.0	0.0
236	__protein2_rbs	16.666666666666668	0.0	0.0
236	__protein3_rbs	5.333333333333333	0.0	0.0
236	__ribosome	23.33333333333333	0.0	0.0
236	__rnase_site_ext	18.33333333333333	0.0	0.0
236	p0	1.0	0.0	0.0
236	protein1	1767.666666666667	18.666666666666668	1.6377903333333332
236	protein2	1836.333333333333	20.33333333333333	1.7255433333333332
236	protein3	590.6666666666666	6.666666666666668	1.8161376666666664
236	r0	18.33333333333333	0.0	0.0
236	rnapol	0.6666666666666666	0.0	0.0
237	__protein1_rbs	15.333333333333336	0.0	0.0
237	__protein2_rbs	16.0	0.0	0.0
237	__protein3_rbs	6.333333333333332	0.0	0.0
237	__ribosome	28.33333333333333	0.0	0.0
237	__rnase_site_ext	19.33333333333333	0.0	0.0
237	p0	1.0	0.0	0.0
237	protein1	1779.0	19.0	1.475052
237	protein2	1846.0	20.666666666666668	1.6483586666666667
237	protein3	593.6666666666666	6.666666666666668	1.671957666666667
237	r0	19.33333333333333	0.0	0.0
237	rnapol	0.6666666666666666	0.0	0.0
238	__protein1_rbs	14.666666666666664	0.0	0.0
238	__protein2_rbs	15.0	0.0	0.0
238	__protein3_rbs	5.666666666666668	0.0	0.0
238	__ribosome	31.0	0.0	0.0
238	__rnase_site_ext	19.0	0.0	0.0
238	p0	1.0	0.0	0.0
238	protein1	1790.0	19.0	1.4416666666666669
238	protein2	1855.333333333333	20.33333333333333	1.7113626666666668
238	protein3	597.0	6.333333333333332	1.4920633333333335
238	r0	19.0	0.0	0.0
238	rnapol	0.6666666666666666	0.0	0.0
239	__protein1_rbs	16.0	0.0	0.0
239	__protein2_rbs	15.333333333333336	0.0	0.0
239	__protein3_rbs	5.0	0.0	0.0
239	__ribosome	30.33333333333333	0.0	0.0
239	__rnase_site_ext	20.0	0.0	0.0
239	p0	1.0	0.0	0.0
239	protein1	1799.0	20.0	1.3862936666666668
239	protein2	1865.333333333333	20.0	1.8285716666666667
239	protein3	600.3333333333334	6.0	1.462963
239	r0	20.0	0.0	0.0
239	rnapol	0.3333333333333333	0.0	0.0
240	__protein1_rbs	16.333333333333332	0.0	0.0
240	__protein2_rbs	18.0	0.0	0.0
240	__protein3_rbs	4.666666666666667	0.0	0.0
240	__ribosome	29.66666666666667	0.0	0.0
240	__rnase_site_ext	19.33333333333333	0.0	0.0
240	p0	0.6666666666666666	0.0	0.0
240	protein1	1808.0	20.0	1.3645383333333332
240	protein2	1874.333333333333	20.33333333333333	1.7470240000000001
240	protein3	602.3333333333334	6.333333333333332	1.417989333333333
240	r0	19.33333333333333	0.0	0.0
240	rnapol	0.0	0.0	0.0
