time	species	protein	transcript	ribo_density
0	__protein1_rbs	0.0	0.0	0.0
0	__protein2_rbs	0.0	0.0	0.0
0	__protein3_rbs	0.0	0.0	0.0
0	__ribosome	100.0	0.0	0.0
0	__rnase_site_ext	0.0	0.0	0.0
0	p0	1.0	0.0	0.0
0	r2	0.0	0.0	0.0
0	rnapol	4.0	0.0	0.0
1	__protein1_rbs	0.0	0.0	0.0
1	__protein2_rbs	0.0	0.0	0.0
1	__protein3_rbs	0.0	0.0	0.0
1	__ribosome	100.0	0.0	0.0
1	__rnase_site_ext	1.0	0.0	0.0
1	p0	0.4	0.0	0.0
1	r2	0.0	0.0	0.0
1	rnapol	2.8	0.0	0.0
2	__protein1_rbs	0.8	0.0	0.0
2	__protein2_rbs	0.0	0.0	0.0
2	__protein3_rbs	0.0	0.0	0.0
2	__ribosome	100.0	0.0	0.0
2	__rnase_site_ext	2.0	0.0	0.0
2	p0	0.4	0.0	0.0
2	protein1	0.0	0.8	0.0
2	r2	0.0	0.0	0.0
2	rnapol	2.0	0.0	0.0
3	__protein1_rbs	0.4	0.0	0.0
3	__protein2_rbs	0.0	0.0	0.0
3	__protein3_rbs	0.0	0.0	0.0
3	__ribosome	99.0	0.0	0.0
3	__rnase_site_ext	2.8	0.0	0.0
3	p0	0.2	0.0	0.0
3	protein1	0.0	1.4	0.8
3	r2	0.0	0.0	0.0
3	rnapol	1.2	0.0	0.0
4	__protein1_rbs	1.0	0.0	0.0
4	__protein2_rbs	0.0	0.0	0.0
4	__protein3_rbs	0.0	0.0	0.0
4	__ribosome	97.8	0.0	0.0
4	__rnase_site_ext	3.2	0.0	0.0
4	p0	0.4	0.0	0.0
4	protein1	0.0	2.2	1.0333334
4	r2	0.0	0.0	0.0
4	rnapol	0.6	0.0	0.0
5	__protein1_rbs	1.4	0.0	0.0
5	__protein2_rbs	0.0	0.0	0.0
5	__protein3_rbs	0.0	0.0	0.0
5	__ribosome	96.2	0.0	0.0
5	__rnase_site_ext	3.2	0.0	0.0
5	p0	0.6	0.0	0.0
5	protein1	0.0	2.8	1.3666665999999998
5	r2	0.0	0.0	0.0
5	rnapol	0.2	0.0	0.0
6	__protein1_rbs	0.2	0.0	0.0
6	__protein2_rbs	0.0	0.0	0.0
6	__protein3_rbs	0.0	0.0	0.0
6	__ribosome	93.0	0.0	0.0
6	__rnase_site_ext	3.6	0.0	0.0
6	p0	1.0	0.0	0.0
6	protein1	0.0	3.4	2.0666666
6	r2	0.0	0.0	0.0
6	rnapol	0.2	0.0	0.0
7	__protein1_rbs	1.8	0.0	0.0
7	__protein2_rbs	0.0	0.0	0.0
7	__protein3_rbs	0.0	0.0	0.0
7	__ribosome	91.4	0.0	0.0
7	__rnase_site_ext	3.6	0.0	0.0
7	p0	1.0	0.0	0.0
7	protein1	0.0	3.6	2.4
7	r2	0.0	0.0	0.0
7	rnapol	0.2	0.0	0.0
8	__protein1_rbs	0.8	0.0	0.0
8	__protein2_rbs	0.0	0.0	0.0
8	__protein3_rbs	0.0	0.0	0.0
8	__ribosome	89.6	0.0	0.0
8	__rnase_site_ext	3.8	0.0	0.0
8	p0	0.8	0.0	0.0
8	protein1	1.0	3.6	2.9166666
8	r2	0.0	0.0	0.0
8	rnapol	0.0	0.0	0.0
9	__protein1_rbs	2.0	0.0	0.0
9	__protein2_rbs	0.0	0.0	0.0
9	__protein3_rbs	0.0	0.0	0.0
9	__ribosome	89.6	0.0	0.0
9	__rnase_site_ext	3.8	0.0	0.0
9	p0	1.0	0.0	0.0
9	protein1	2.4	3.6	2.8666666000000003
9	protein2	0.0	0.2	0.2
9	r2	0.0	0.0	0.0
9	rnapol	0.0	0.0	0.0
10	__protein1_rbs	1.0	0.0	0.0
10	__protein2_rbs	0.6	0.0	0.0
10	__protein3_rbs	0.0	0.0	0.0
10	__ribosome	88.2	0.0	0.0
10	__rnase_site_ext	3.8	0.0	0.0
10	p0	1.0	0.0	0.0
10	protein1	4.0	3.8	2.95
10	protein2	0.0	1.0	0.6
10	r2	0.0	0.0	0.0
10	rnapol	0.0	0.0	0.0
11	__protein1_rbs	2.0	0.0	0.0
11	__protein2_rbs	1.0	0.0	0.0
11	__protein3_rbs	0.0	0.0	0.0
11	__ribosome	87.6	0.0	0.0
11	__rnase_site_ext	3.8	0.0	0.0
11	p0	1.0	0.0	0.0
11	protein1	6.8	3.8	2.8333334
11	protein2	0.0	1.8	1.0
11	r2	0.0	0.0	0.0
11	rnapol	0.0	0.0	0.0
12	__protein1_rbs	1.6	0.0	0.0
12	__protein2_rbs	1.4	0.0	0.0
12	__protein3_rbs	0.0	0.0	0.0
12	__ribosome	85.4	0.0	0.0
12	__rnase_site_ext	3.6	0.0	0.0
12	p0	1.0	0.0	0.0
12	protein1	8.0	3.8	3.1
12	protein2	0.0	2.6	1.1333334000000002
12	r2	0.0	0.0	0.0
12	rnapol	0.0	0.0	0.0
13	__protein1_rbs	1.2	0.0	0.0
13	__protein2_rbs	1.6	0.0	0.0
13	__protein3_rbs	0.0	0.0	0.0
13	__ribosome	84.2	0.0	0.0
13	__rnase_site_ext	3.6	0.0	0.0
13	p0	1.0	0.0	0.0
13	protein1	11.0	3.6	3.1666666
13	protein2	0.0	3.2	1.4666668
13	r2	0.0	0.0	0.0
13	rnapol	0.0	0.0	0.0
14	__protein1_rbs	1.2	0.0	0.0
14	__protein2_rbs	0.6	0.0	0.0
14	__protein3_rbs	0.0	0.0	0.0
14	__ribosome	81.2	0.0	0.0
14	__rnase_site_ext	3.4	0.0	0.0
14	p0	0.6	0.0	0.0
14	protein1	12.8	3.6	3.1833334
14	protein2	0.0	3.6	2.1166666000000003
14	r2	0.2	0.0	0.0
14	rnapol	0.0	0.0	0.0
15	__protein1_rbs	1.4	0.0	0.0
15	__protein2_rbs	1.8	0.0	0.0
15	__protein3_rbs	0.0	0.0	0.0
15	__ribosome	80.2	0.0	0.0
15	__rnase_site_ext	3.6	0.0	0.0
15	p0	1.0	0.0	0.0
15	protein1	14.8	3.6	3.1166666000000003
15	protein2	0.8	3.8	2.3166666
15	r2	0.4	0.0	0.0
15	rnapol	0.2	0.0	0.0
16	__protein1_rbs	1.6	0.0	0.0
16	__protein2_rbs	0.8	0.0	0.0
16	__protein3_rbs	0.0	0.0	0.0
16	__ribosome	79.0	0.0	0.0
16	__rnase_site_ext	3.4	0.0	0.0
16	p0	1.0	0.0	0.0
16	protein1	17.6	3.6	3.0333334
16	protein2	1.6	3.8	2.8166666
16	r2	0.8	0.0	0.0
16	rnapol	0.2	0.0	0.0
17	__protein1_rbs	0.6	0.0	0.0
17	__protein2_rbs	1.8	0.0	0.0
17	__protein3_rbs	0.2	0.0	0.0
17	__ribosome	77.0	0.0	0.0
17	__rnase_site_ext	4.0	0.0	0.0
17	p0	0.4	0.0	0.0
17	protein1	19.4	3.6	3.1266666
17	protein2	2.2	4.0	3.0
17	protein3	0.0	0.2	0.0
17	r2	1.4	0.0	0.0
17	rnapol	0.0	0.0	0.0
18	__protein1_rbs	1.6	0.0	0.0
18	__protein2_rbs	1.0	0.0	0.0
18	__protein3_rbs	0.0	0.0	0.0
18	__ribosome	76.0	0.0	0.0
18	__rnase_site_ext	4.0	0.0	0.0
18	p0	1.0	0.0	0.0
18	protein1	21.2	3.8	3.05
18	protein2	4.4	4.0	3.1
18	protein3	0.0	0.4	0.4
18	r2	2.0	0.0	0.0
18	rnapol	0.0	0.0	0.0
19	__protein1_rbs	0.6	0.0	0.0
19	__protein2_rbs	0.8	0.0	0.0
19	__protein3_rbs	0.4	0.0	0.0
19	__ribosome	73.8	0.0	0.0
19	__rnase_site_ext	4.0	0.0	0.0
19	p0	1.0	0.0	0.0
19	protein1	23.2	4.0	3.1466666000000005
19	protein2	6.8	4.0	3.2
19	protein3	0.0	1.0	1.0
19	r2	2.6	0.0	0.0
19	rnapol	0.0	0.0	0.0
20	__protein1_rbs	1.8	0.0	0.0
20	__protein2_rbs	2.0	0.0	0.0
20	__protein3_rbs	0.8	0.0	0.0
20	__ribosome	73.4	0.0	0.0
20	__rnase_site_ext	4.0	0.0	0.0
20	p0	1.0	0.0	0.0
20	protein1	25.0	4.0	3.1933332
20	protein2	8.8	4.0	3.1
20	protein3	0.0	1.6	1.1
20	r2	2.8	0.0	0.0
20	rnapol	0.0	0.0	0.0
21	__protein1_rbs	1.8	0.0	0.0
21	__protein2_rbs	2.0	0.0	0.0
21	__protein3_rbs	0.6	0.0	0.0
21	__ribosome	72.6	0.0	0.0
21	__rnase_site_ext	4.0	0.0	0.0
21	p0	1.0	0.0	0.0
21	protein1	27.4	4.0	3.0199998
21	protein2	11.2	4.0	3.0
21	protein3	0.0	2.0	1.7
21	r2	2.8	0.0	0.0
21	rnapol	0.0	0.0	0.0
22	__protein1_rbs	1.2	0.0	0.0
22	__protein2_rbs	1.6	0.0	0.0
22	__protein3_rbs	0.6	0.0	0.0
22	__ribosome	70.8	0.0	0.0
22	__rnase_site_ext	3.8	0.0	0.0
22	p0	1.0	0.0	0.0
22	protein1	30.0	4.0	3.0666666
22	protein2	13.6	3.8	3.15
22	protein3	0.2	2.4	2.0
22	r2	2.8	0.0	0.0
22	rnapol	0.0	0.0	0.0
23	__protein1_rbs	1.2	0.0	0.0
23	__protein2_rbs	1.6	0.0	0.0
23	__protein3_rbs	1.4	0.0	0.0
23	__ribosome	69.8	0.0	0.0
23	__rnase_site_ext	3.8	0.0	0.0
23	p0	1.0	0.0	0.0
23	protein1	31.8	3.8	3.4466665999999995
23	protein2	16.2	4.0	2.9366666
23	protein3	0.4	2.8	2.0666666
23	r2	3.0	0.0	0.0
23	rnapol	0.0	0.0	0.0
24	__protein1_rbs	1.8	0.0	0.0
24	__protein2_rbs	1.8	0.0	0.0
24	__protein3_rbs	1.2	0.0	0.0
24	__ribosome	70.6	0.0	0.0
24	__rnase_site_ext	4.0	0.0	0.0
24	p0	0.8	0.0	0.0
24	protein1	34.6	3.8	3.12
24	protein2	18.6	4.2	2.7466666
24	protein3	1.0	2.8	2.3666668
24	r2	3.0	0.0	0.0
24	rnapol	0.4	0.0	0.0
25	__protein1_rbs	1.0	0.0	0.0
25	__protein2_rbs	1.0	0.0	0.0
25	__protein3_rbs	0.4	0.0	0.0
25	__ribosome	67.2	0.0	0.0
25	__rnase_site_ext	4.2	0.0	0.0
25	p0	0.4	0.0	0.0
25	protein1	36.6	3.8	3.3333334000000003
25	protein2	21.0	4.4	2.8966666
25	protein3	2.0	2.8	2.8833332
25	r2	3.0	0.0	0.0
25	rnapol	0.4	0.0	0.0
26	__protein1_rbs	2.2	0.0	0.0
26	__protein2_rbs	3.0	0.0	0.0
26	__protein3_rbs	1.2	0.0	0.0
26	__ribosome	69.0	0.0	0.0
26	__rnase_site_ext	5.0	0.0	0.0
26	p0	0.4	0.0	0.0
26	protein1	39.4	3.8	2.9666667999999996
26	protein2	23.2	4.8	2.48
26	protein3	3.0	3.0	2.7333332
26	r2	3.0	0.0	0.0
26	rnapol	0.4	0.0	0.0
27	__protein1_rbs	2.4	0.0	0.0
27	__protein2_rbs	1.8	0.0	0.0
27	__protein3_rbs	1.2	0.0	0.0
27	__ribosome	67.6	0.0	0.0
27	__rnase_site_ext	5.0	0.0	0.0
27	p0	1.0	0.0	0.0
27	protein1	41.4	4.6	2.4666666
27	protein2	25.4	4.8	2.6433334000000004
27	protein3	4.8	3.0	2.7499998
27	r2	3.0	0.0	0.0
27	rnapol	0.6	0.0	0.0
28	__protein1_rbs	2.0	0.0	0.0
28	__protein2_rbs	2.2	0.0	0.0
28	__protein3_rbs	0.8	0.0	0.0
28	__ribosome	66.8	0.0	0.0
28	__rnase_site_ext	5.0	0.0	0.0
28	p0	0.2	0.0	0.0
28	protein1	44.0	5.2	2.2219048
28	protein2	28.2	4.8	2.5833334
28	protein3	6.2	3.0	3.0166668000000003
28	r2	3.0	0.0	0.0
28	rnapol	0.4	0.0	0.0
29	__protein1_rbs	2.2	0.0	0.0
29	__protein2_rbs	1.0	0.0	0.0
29	__protein3_rbs	0.8	0.0	0.0
29	__ribosome	63.4	0.0	0.0
29	__rnase_site_ext	5.2	0.0	0.0
29	p0	1.0	0.0	0.0
29	protein1	46.0	4.8	2.7090476000000003
29	protein2	29.2	4.6	3.15
29	protein3	7.6	3.0	3.1833334
29	r2	3.4	0.0	0.0
29	rnapol	0.2	0.0	0.0
30	__protein1_rbs	1.6	0.0	0.0
30	__protein2_rbs	1.8	0.0	0.0
30	__protein3_rbs	0.6	0.0	0.0
30	__ribosome	63.2	0.0	0.0
30	__rnase_site_ext	5.0	0.0	0.0
30	p0	0.8	0.0	0.0
30	protein1	48.6	5.2	3.6580952
30	protein2	31.8	4.4	3.1666668
30	protein3	9.2	3.0	3.2166667999999996
30	r2	3.4	0.0	0.0
30	rnapol	0.0	0.0	0.0
31	__protein1_rbs	1.6	0.0	0.0
31	__protein2_rbs	2.0	0.0	0.0
31	__protein3_rbs	1.4	0.0	0.0
31	__ribosome	62.2	0.0	0.0
31	__rnase_site_ext	5.2	0.0	0.0
31	p0	1.0	0.0	0.0
31	protein1	50.4	5.2	3.5742858
31	protein2	34.4	4.2	3.3
31	protein3	11.2	3.4	2.8
31	r2	4.0	0.0	0.0
31	rnapol	0.0	0.0	0.0
32	__protein1_rbs	3.0	0.0	0.0
32	__protein2_rbs	1.4	0.0	0.0
32	__protein3_rbs	1.0	0.0	0.0
32	__ribosome	61.8	0.0	0.0
32	__rnase_site_ext	5.2	0.0	0.0
32	p0	0.8	0.0	0.0
32	protein1	52.8	5.2	3.5485714
32	protein2	37.2	4.0	3.44
32	protein3	13.0	3.4	3.0333332000000004
32	r2	4.0	0.0	0.0
32	rnapol	0.0	0.0	0.0
33	__protein1_rbs	1.6	0.0	0.0
33	__protein2_rbs	1.8	0.0	0.0
33	__protein3_rbs	2.2	0.0	0.0
33	__ribosome	61.6	0.0	0.0
33	__rnase_site_ext	5.4	0.0	0.0
33	p0	1.0	0.0	0.0
33	protein1	55.2	5.2	3.5266665999999995
33	protein2	39.4	4.0	3.3666668
33	protein3	15.0	3.8	2.5833334
33	r2	3.8	0.0	0.0
33	rnapol	0.0	0.0	0.0
34	__protein1_rbs	2.6	0.0	0.0
34	__protein2_rbs	2.0	0.0	0.0
34	__protein3_rbs	0.8	0.0	0.0
34	__ribosome	60.8	0.0	0.0
34	__rnase_site_ext	5.4	0.0	0.0
34	p0	1.0	0.0	0.0
34	protein1	57.8	5.4	2.864762
34	protein2	42.2	4.8	2.6
34	protein3	16.6	4.0	2.75
34	r2	3.8	0.0	0.0
34	rnapol	0.0	0.0	0.0
35	__protein1_rbs	2.4	0.0	0.0
35	__protein2_rbs	2.6	0.0	0.0
35	__protein3_rbs	1.0	0.0	0.0
35	__ribosome	62.4	0.0	0.0
35	__rnase_site_ext	5.4	0.0	0.0
35	p0	1.0	0.0	0.0
35	protein1	61.8	5.4	2.4276192
35	protein2	45.4	5.4	2.2333334
35	protein3	18.6	4.0	2.95
35	r2	3.8	0.0	0.0
35	rnapol	0.0	0.0	0.0
36	__protein1_rbs	2.0	0.0	0.0
36	__protein2_rbs	2.0	0.0	0.0
36	__protein3_rbs	2.2	0.0	0.0
36	__ribosome	59.4	0.0	0.0
36	__rnase_site_ext	5.4	0.0	0.0
36	p0	1.0	0.0	0.0
36	protein1	64.4	5.4	2.6171428000000003
36	protein2	46.8	5.6	2.52
36	protein3	20.2	4.0	3.0
36	r2	3.6	0.0	0.0
36	rnapol	0.2	0.0	0.0
37	__protein1_rbs	3.0	0.0	0.0
37	__protein2_rbs	3.2	0.0	0.0
37	__protein3_rbs	2.0	0.0	0.0
37	__ribosome	61.2	0.0	0.0
37	__rnase_site_ext	5.6	0.0	0.0
37	p0	0.6	0.0	0.0
37	protein1	67.0	5.4	2.5419047999999997
37	protein2	49.6	6.0	2.399762
37	protein3	23.0	3.8	2.9333334
37	r2	3.6	0.0	0.0
37	rnapol	0.0	0.0	0.0
38	__protein1_rbs	4.0	0.0	0.0
38	__protein2_rbs	2.8	0.0	0.0
38	__protein3_rbs	2.0	0.0	0.0
38	__ribosome	62.6	0.0	0.0
38	__rnase_site_ext	5.8	0.0	0.0
38	p0	1.0	0.0	0.0
38	protein1	70.8	5.4	2.14
38	protein2	52.0	6.4	2.4333334
38	protein3	24.8	3.8	2.9
38	r2	3.6	0.0	0.0
38	rnapol	0.2	0.0	0.0
39	__protein1_rbs	1.4	0.0	0.0
39	__protein2_rbs	2.0	0.0	0.0
39	__protein3_rbs	1.6	0.0	0.0
39	__ribosome	57.4	0.0	0.0
39	__rnase_site_ext	6.0	0.0	0.0
39	p0	1.0	0.0	0.0
39	protein1	72.6	5.8	2.4509524
39	protein2	54.0	6.4	2.7583333999999997
39	protein3	27.2	3.8	2.9
39	r2	3.8	0.0	0.0
39	rnapol	0.6	0.0	0.0
40	__protein1_rbs	2.0	0.0	0.0
40	__protein2_rbs	3.2	0.0	0.0
40	__protein3_rbs	2.0	0.0	0.0
40	__ribosome	58.6	0.0	0.0
40	__rnase_site_ext	6.2	0.0	0.0
40	p0	0.6	0.0	0.0
40	protein1	75.8	6.0	2.3961906
40	protein2	56.8	6.4	2.675
40	protein3	30.0	3.6	2.7833334
40	r2	4.4	0.0	0.0
40	rnapol	0.6	0.0	0.0
41	__protein1_rbs	2.8	0.0	0.0
41	__protein2_rbs	3.2	0.0	0.0
41	__protein3_rbs	1.2	0.0	0.0
41	__ribosome	58.4	0.0	0.0
41	__rnase_site_ext	6.6	0.0	0.0
41	p0	0.6	0.0	0.0
41	protein1	78.0	6.0	2.4478572
41	protein2	61.2	6.4	2.5440476000000003
41	protein3	31.6	3.6	2.95
41	r2	4.4	0.0	0.0
41	rnapol	0.4	0.0	0.0
42	__protein1_rbs	3.0	0.0	0.0
42	__protein2_rbs	3.2	0.0	0.0
42	__protein3_rbs	1.8	0.0	0.0
42	__ribosome	56.4	0.0	0.0
42	__rnase_site_ext	6.8	0.0	0.0
42	p0	0.8	0.0	0.0
42	protein1	80.2	6.4	2.4230158
42	protein2	63.6	6.6	2.6214286
42	protein3	33.8	3.8	2.8166666
42	r2	4.2	0.0	0.0
42	rnapol	0.4	0.0	0.0
43	__protein1_rbs	2.8	0.0	0.0
43	__protein2_rbs	2.6	0.0	0.0
43	__protein3_rbs	2.2	0.0	0.0
43	__ribosome	55.0	0.0	0.0
43	__rnase_site_ext	7.0	0.0	0.0
43	p0	0.8	0.0	0.0
43	protein1	82.4	6.6	2.5865078
43	protein2	66.4	6.2	2.8742856000000003
43	protein3	36.2	4.4	2.29
43	r2	4.2	0.0	0.0
43	rnapol	0.2	0.0	0.0
44	__protein1_rbs	2.6	0.0	0.0
44	__protein2_rbs	3.0	0.0	0.0
44	__protein3_rbs	2.8	0.0	0.0
44	__ribosome	56.0	0.0	0.0
44	__rnase_site_ext	6.8	0.0	0.0
44	p0	1.0	0.0	0.0
44	protein1	85.8	7.0	2.5777778
44	protein2	70.8	6.0	2.8014286
44	protein3	38.4	4.6	2.1333333999999997
44	r2	4.4	0.0	0.0
44	rnapol	0.2	0.0	0.0
45	__protein1_rbs	3.2	0.0	0.0
45	__protein2_rbs	2.8	0.0	0.0
45	__protein3_rbs	1.2	0.0	0.0
45	__ribosome	55.0	0.0	0.0
45	__rnase_site_ext	7.0	0.0	0.0
45	p0	0.8	0.0	0.0
45	protein1	89.0	7.0	2.5555556
45	protein2	73.6	5.8	2.9409523999999996
45	protein3	39.8	4.4	2.6033334
45	r2	4.4	0.0	0.0
45	rnapol	0.0	0.0	0.0
46	__protein1_rbs	3.0	0.0	0.0
46	__protein2_rbs	2.2	0.0	0.0
46	__protein3_rbs	1.8	0.0	0.0
46	__ribosome	54.6	0.0	0.0
46	__rnase_site_ext	7.0	0.0	0.0
46	p0	1.0	0.0	0.0
46	protein1	92.6	6.8	2.5698414
46	protein2	76.6	5.6	3.0428572
46	protein3	42.0	4.8	2.4533334
46	r2	4.4	0.0	0.0
46	rnapol	0.0	0.0	0.0
47	__protein1_rbs	2.4	0.0	0.0
47	__protein2_rbs	2.6	0.0	0.0
47	__protein3_rbs	2.2	0.0	0.0
47	__ribosome	54.2	0.0	0.0
47	__rnase_site_ext	7.0	0.0	0.0
47	p0	1.0	0.0	0.0
47	protein1	95.8	7.0	2.701984
47	protein2	80.0	5.8	2.7814286
47	protein3	44.2	4.4	2.7933334
47	r2	4.6	0.0	0.0
47	rnapol	0.0	0.0	0.0
48	__protein1_rbs	4.0	0.0	0.0
48	__protein2_rbs	2.8	0.0	0.0
48	__protein3_rbs	2.2	0.0	0.0
48	__ribosome	55.2	0.0	0.0
48	__rnase_site_ext	7.2	0.0	0.0
48	p0	0.8	0.0	0.0
48	protein1	100.0	7.0	2.5289682
48	protein2	83.8	6.0	2.5164286
48	protein3	46.0	4.6	2.7533332
48	r2	4.6	0.0	0.0
48	rnapol	0.2	0.0	0.0
49	__protein1_rbs	2.6	0.0	0.0
49	__protein2_rbs	3.6	0.0	0.0
49	__protein3_rbs	2.4	0.0	0.0
49	__ribosome	53.0	0.0	0.0
49	__rnase_site_ext	7.2	0.0	0.0
49	p0	0.8	0.0	0.0
49	protein1	103.0	7.2	2.6825398
49	protein2	86.4	6.4	2.3650794
49	protein3	47.8	4.6	2.8266666000000003
49	r2	4.6	0.0	0.0
49	rnapol	0.4	0.0	0.0
50	__protein1_rbs	4.4	0.0	0.0
50	__protein2_rbs	3.4	0.0	0.0
50	__protein3_rbs	1.2	0.0	0.0
50	__ribosome	53.0	0.0	0.0
50	__rnase_site_ext	7.4	0.0	0.0
50	p0	1.0	0.0	0.0
50	protein1	106.8	7.4	2.4678572
50	protein2	89.2	6.8	2.3071428
50	protein3	50.2	4.4	3.3599999999999994
50	r2	4.6	0.0	0.0
50	rnapol	0.4	0.0	0.0
51	__protein1_rbs	4.6	0.0	0.0
51	__protein2_rbs	2.6	0.0	0.0
51	__protein3_rbs	1.8	0.0	0.0
51	__ribosome	53.2	0.0	0.0
51	__rnase_site_ext	7.6	0.0	0.0
51	p0	0.4	0.0	0.0
51	protein1	110.2	7.4	2.3503172
51	protein2	92.2	6.8	2.4087302000000004
51	protein3	53.2	4.6	2.8266668
51	r2	4.4	0.0	0.0
51	rnapol	0.0	0.0	0.0
52	__protein1_rbs	3.8	0.0	0.0
52	__protein2_rbs	3.8	0.0	0.0
52	__protein3_rbs	1.6	0.0	0.0
52	__ribosome	53.2	0.0	0.0
52	__rnase_site_ext	8.0	0.0	0.0
52	p0	0.8	0.0	0.0
52	protein1	113.8	7.6	2.2783333999999997
52	protein2	95.4	7.2	2.3428572
52	protein3	55.8	4.6	2.7866668
52	r2	4.6	0.0	0.0
52	rnapol	0.0	0.0	0.0
53	__protein1_rbs	3.4	0.0	0.0
53	__protein2_rbs	3.4	0.0	0.0
53	__protein3_rbs	1.6	0.0	0.0
53	__ribosome	51.2	0.0	0.0
53	__rnase_site_ext	8.2	0.0	0.0
53	p0	0.8	0.0	0.0
53	protein1	117.4	7.8	2.375
53	protein2	98.0	7.2	2.4531746
53	protein3	58.4	4.6	2.9066666000000003
53	r2	4.6	0.0	0.0
53	rnapol	0.0	0.0	0.0
54	__protein1_rbs	4.8	0.0	0.0
54	__protein2_rbs	3.6	0.0	0.0
54	__protein3_rbs	2.6	0.0	0.0
54	__ribosome	50.4	0.0	0.0
54	__rnase_site_ext	8.4	0.0	0.0
54	p0	0.8	0.0	0.0
54	protein1	120.8	8.0	2.2350000000000003
54	protein2	101.4	7.4	2.4416666
54	protein3	59.8	4.8	2.9
54	r2	4.8	0.0	0.0
54	rnapol	0.2	0.0	0.0
55	__protein1_rbs	3.4	0.0	0.0
55	__protein2_rbs	3.6	0.0	0.0
55	__protein3_rbs	1.6	0.0	0.0
55	__ribosome	49.6	0.0	0.0
55	__rnase_site_ext	8.6	0.0	0.0
55	p0	1.0	0.0	0.0
55	protein1	124.6	8.4	2.2661112
55	protein2	104.4	7.4	2.5138887999999997
55	protein3	63.4	5.0	2.6833334
55	r2	5.0	0.0	0.0
55	rnapol	0.0	0.0	0.0
56	__protein1_rbs	5.2	0.0	0.0
56	__protein2_rbs	3.2	0.0	0.0
56	__protein3_rbs	2.2	0.0	0.0
56	__ribosome	48.2	0.0	0.0
56	__rnase_site_ext	8.6	0.0	0.0
56	p0	1.0	0.0	0.0
56	protein1	127.0	8.6	2.3660606
56	protein2	108.4	7.2	2.5702380000000002
56	protein3	65.4	5.0	2.7466668
56	r2	4.8	0.0	0.0
56	rnapol	0.2	0.0	0.0
57	__protein1_rbs	4.4	0.0	0.0
57	__protein2_rbs	2.8	0.0	0.0
57	__protein3_rbs	3.0	0.0	0.0
57	__ribosome	48.2	0.0	0.0
57	__rnase_site_ext	8.6	0.0	0.0
57	p0	1.0	0.0	0.0
57	protein1	130.4	8.6	2.3349493999999997
57	protein2	111.6	7.4	2.6674602000000003
57	protein3	68.4	5.0	2.4733334
57	r2	4.6	0.0	0.0
57	rnapol	0.2	0.0	0.0
58	__protein1_rbs	4.2	0.0	0.0
58	__protein2_rbs	3.8	0.0	0.0
58	__protein3_rbs	2.8	0.0	0.0
58	__ribosome	49.0	0.0	0.0
58	__rnase_site_ext	8.8	0.0	0.0
58	p0	0.8	0.0	0.0
58	protein1	134.8	8.6	2.3442423999999997
58	protein2	115.2	7.6	2.611111
58	protein3	71.2	5.2	2.3795238
58	r2	5.0	0.0	0.0
58	rnapol	0.0	0.0	0.0
59	__protein1_rbs	4.0	0.0	0.0
59	__protein2_rbs	3.8	0.0	0.0
59	__protein3_rbs	3.0	0.0	0.0
59	__ribosome	48.6	0.0	0.0
59	__rnase_site_ext	8.6	0.0	0.0
59	p0	1.0	0.0	0.0
59	protein1	139.2	8.6	2.300202
59	protein2	118.4	7.8	2.6488888000000004
59	protein3	73.6	5.4	2.2714286
59	r2	4.8	0.0	0.0
59	rnapol	0.0	0.0	0.0
60	__protein1_rbs	3.6	0.0	0.0
60	__protein2_rbs	2.6	0.0	0.0
60	__protein3_rbs	2.8	0.0	0.0
60	__ribosome	46.0	0.0	0.0
60	__rnase_site_ext	8.6	0.0	0.0
60	p0	1.0	0.0	0.0
60	protein1	143.0	8.6	2.384091
60	protein2	121.4	7.8	2.8666668
60	protein3	76.2	5.0	2.4433333999999998
60	r2	5.0	0.0	0.0
60	rnapol	0.0	0.0	0.0
61	__protein1_rbs	5.0	0.0	0.0
61	__protein2_rbs	4.4	0.0	0.0
61	__protein3_rbs	2.6	0.0	0.0
61	__ribosome	46.0	0.0	0.0
61	__rnase_site_ext	8.6	0.0	0.0
61	p0	0.6	0.0	0.0
61	protein1	146.4	8.6	2.3631312
61	protein2	125.4	8.4	2.5299496
61	protein3	78.0	5.2	2.5171428
61	r2	5.0	0.0	0.0
61	rnapol	0.0	0.0	0.0
62	__protein1_rbs	4.8	0.0	0.0
62	__protein2_rbs	4.2	0.0	0.0
62	__protein3_rbs	2.8	0.0	0.0
62	__ribosome	46.4	0.0	0.0
62	__rnase_site_ext	8.8	0.0	0.0
62	p0	0.6	0.0	0.0
62	protein1	150.2	8.4	2.4489176
62	protein2	129.8	8.6	2.5313132000000005
62	protein3	80.8	5.2	2.4938094000000004
62	r2	5.0	0.0	0.0
62	rnapol	0.0	0.0	0.0
63	__protein1_rbs	5.2	0.0	0.0
63	__protein2_rbs	5.2	0.0	0.0
63	__protein3_rbs	2.8	0.0	0.0
63	__ribosome	48.0	0.0	0.0
63	__rnase_site_ext	9.2	0.0	0.0
63	p0	1.0	0.0	0.0
63	protein1	154.2	8.8	2.2944444
63	protein2	134.0	8.8	2.3822222
63	protein3	82.8	5.0	2.5633334
63	r2	5.2	0.0	0.0
63	rnapol	0.4	0.0	0.0
64	__protein1_rbs	5.0	0.0	0.0
64	__protein2_rbs	4.8	0.0	0.0
64	__protein3_rbs	2.6	0.0	0.0
64	__ribosome	47.2	0.0	0.0
64	__rnase_site_ext	9.4	0.0	0.0
64	p0	0.4	0.0	0.0
64	protein1	158.4	9.2	2.2664286
64	protein2	137.4	9.0	2.3777776000000004
64	protein3	85.6	5.0	2.4185714000000003
64	r2	5.2	0.0	0.0
64	rnapol	0.2	0.0	0.0
65	__protein1_rbs	5.0	0.0	0.0
65	__protein2_rbs	4.4	0.0	0.0
65	__protein3_rbs	2.4	0.0	0.0
65	__ribosome	47.4	0.0	0.0
65	__rnase_site_ext	9.4	0.0	0.0
65	p0	1.0	0.0	0.0
65	protein1	162.8	9.4	2.2392857999999998
65	protein2	142.0	9.0	2.2922222000000003
65	protein3	87.6	5.0	2.4123810000000003
65	r2	5.2	0.0	0.0
65	rnapol	0.2	0.0	0.0
66	__protein1_rbs	5.6	0.0	0.0
66	__protein2_rbs	4.6	0.0	0.0
66	__protein3_rbs	1.4	0.0	0.0
66	__ribosome	47.0	0.0	0.0
66	__rnase_site_ext	9.4	0.0	0.0
66	p0	0.8	0.0	0.0
66	protein1	167.4	9.4	2.1107142000000003
66	protein2	145.6	8.8	2.4322222
66	protein3	90.2	5.2	2.4566666
66	r2	5.6	0.0	0.0
66	rnapol	0.0	0.0	0.0
67	__protein1_rbs	4.8	0.0	0.0
67	__protein2_rbs	4.4	0.0	0.0
67	__protein3_rbs	3.2	0.0	0.0
67	__ribosome	48.6	0.0	0.0
67	__rnase_site_ext	9.6	0.0	0.0
67	p0	1.0	0.0	0.0
67	protein1	169.8	9.2	2.361868
67	protein2	151.8	9.0	2.0388889999999997
67	protein3	92.6	5.2	2.2616668
67	r2	6.0	0.0	0.0
67	rnapol	0.2	0.0	0.0
68	__protein1_rbs	5.0	0.0	0.0
68	__protein2_rbs	4.0	0.0	0.0
68	__protein3_rbs	1.6	0.0	0.0
68	__ribosome	46.2	0.0	0.0
68	__rnase_site_ext	9.8	0.0	0.0
68	p0	0.8	0.0	0.0
68	protein1	174.4	9.6	2.1991452
68	protein2	154.4	8.8	2.2242422000000004
68	protein3	94.8	5.2	2.52
68	r2	6.4	0.0	0.0
68	rnapol	0.2	0.0	0.0
69	__protein1_rbs	4.8	0.0	0.0
69	__protein2_rbs	5.2	0.0	0.0
69	__protein3_rbs	3.6	0.0	0.0
69	__ribosome	44.2	0.0	0.0
69	__rnase_site_ext	9.8	0.0	0.0
69	p0	1.0	0.0	0.0
69	protein1	178.8	9.8	2.239529800000001
69	protein2	157.4	8.8	2.3585857999999997
69	protein3	96.4	5.8	2.3238093999999996
69	r2	6.4	0.0	0.0
69	rnapol	0.2	0.0	0.0
70	__protein1_rbs	4.6	0.0	0.0
70	__protein2_rbs	5.2	0.0	0.0
70	__protein3_rbs	2.6	0.0	0.0
70	__ribosome	44.0	0.0	0.0
70	__rnase_site_ext	9.6	0.0	0.0
70	p0	0.8	0.0	0.0
70	protein1	182.4	9.8	2.2520453999999996
70	protein2	162.6	9.2	2.1404760000000005
70	protein3	99.0	6.0	2.3109523999999997
70	r2	6.6	0.0	0.0
70	rnapol	0.2	0.0	0.0
71	__protein1_rbs	4.0	0.0	0.0
71	__protein2_rbs	4.6	0.0	0.0
71	__protein3_rbs	4.2	0.0	0.0
71	__ribosome	43.8	0.0	0.0
71	__rnase_site_ext	9.8	0.0	0.0
71	p0	1.0	0.0	0.0
71	protein1	187.0	9.6	2.4412088
71	protein2	166.0	9.4	2.1823808
71	protein3	101.8	6.4	2.0505556
71	r2	6.6	0.0	0.0
71	rnapol	0.2	0.0	0.0
72	__protein1_rbs	3.8	0.0	0.0
72	__protein2_rbs	5.4	0.0	0.0
72	__protein3_rbs	3.2	0.0	0.0
72	__ribosome	41.2	0.0	0.0
72	__rnase_site_ext	10.0	0.0	0.0
72	p0	0.8	0.0	0.0
72	protein1	191.2	9.8	2.4717642000000004
72	protein2	169.6	9.8	2.1994444
72	protein3	104.4	6.6	2.06
72	r2	6.4	0.0	0.0
72	rnapol	0.0	0.0	0.0
73	__protein1_rbs	3.8	0.0	0.0
73	__protein2_rbs	5.2	0.0	0.0
73	__protein3_rbs	2.6	0.0	0.0
73	__ribosome	39.6	0.0	0.0
73	__rnase_site_ext	10.0	0.0	0.0
73	p0	1.0	0.0	0.0
73	protein1	195.6	9.8	2.6096458
73	protein2	173.8	10.2	2.0983722000000005
73	protein3	107.2	6.6	2.1333334
73	r2	6.4	0.0	0.0
73	rnapol	0.0	0.0	0.0
74	__protein1_rbs	5.8	0.0	0.0
74	__protein2_rbs	5.2	0.0	0.0
74	__protein3_rbs	3.6	0.0	0.0
74	__ribosome	38.2	0.0	0.0
74	__rnase_site_ext	10.0	0.0	0.0
74	p0	0.8	0.0	0.0
74	protein1	200.2	10.0	2.4730586000000003
74	protein2	177.8	10.2	2.2933916
74	protein3	109.6	6.6	2.1366666000000003
74	r2	6.2	0.0	0.0
74	rnapol	0.0	0.0	0.0
75	__protein1_rbs	5.0	0.0	0.0
75	__protein2_rbs	5.0	0.0	0.0
75	__protein3_rbs	3.8	0.0	0.0
75	__ribosome	37.0	0.0	0.0
75	__rnase_site_ext	10.2	0.0	0.0
75	p0	0.6	0.0	0.0
75	protein1	204.2	10.0	2.5209158
75	protein2	181.2	10.2	2.3418802000000003
75	protein3	113.0	6.8	2.0933333999999997
75	r2	6.4	0.0	0.0
75	rnapol	0.2	0.0	0.0
76	__protein1_rbs	4.8	0.0	0.0
76	__protein2_rbs	6.2	0.0	0.0
76	__protein3_rbs	4.0	0.0	0.0
76	__ribosome	38.4	0.0	0.0
76	__rnase_site_ext	10.6	0.0	0.0
76	p0	0.6	0.0	0.0
76	protein1	209.8	10.2	2.4228572
76	protein2	186.4	10.4	2.2166240000000004
76	protein3	114.8	6.6	2.1857142000000005
76	r2	6.6	0.0	0.0
76	rnapol	0.0	0.0	0.0
77	__protein1_rbs	5.0	0.0	0.0
77	__protein2_rbs	6.4	0.0	0.0
77	__protein3_rbs	2.8	0.0	0.0
77	__ribosome	37.8	0.0	0.0
77	__rnase_site_ext	10.6	0.0	0.0
77	p0	0.6	0.0	0.0
77	protein1	214.8	10.4	2.464935
77	protein2	190.2	10.4	2.2042308000000004
77	protein3	117.8	6.6	2.2304762000000005
77	r2	6.8	0.0	0.0
77	rnapol	0.2	0.0	0.0
78	__protein1_rbs	5.6	0.0	0.0
78	__protein2_rbs	5.6	0.0	0.0
78	__protein3_rbs	4.2	0.0	0.0
78	__ribosome	40.0	0.0	0.0
78	__rnase_site_ext	10.8	0.0	0.0
78	p0	0.6	0.0	0.0
78	protein1	220.6	10.4	2.2740259999999997
78	protein2	195.0	10.4	2.1846154
78	protein3	121.0	6.6	2.1126982
78	r2	6.8	0.0	0.0
78	rnapol	0.2	0.0	0.0
79	__protein1_rbs	4.8	0.0	0.0
79	__protein2_rbs	5.8	0.0	0.0
79	__protein3_rbs	4.0	0.0	0.0
79	__ribosome	37.0	0.0	0.0
79	__rnase_site_ext	11.0	0.0	0.0
79	p0	0.8	0.0	0.0
79	protein1	224.0	10.6	2.4359944
79	protein2	199.4	10.6	2.1802136
79	protein3	123.6	6.6	2.1412698
79	r2	6.6	0.0	0.0
79	rnapol	0.2	0.0	0.0
80	__protein1_rbs	6.6	0.0	0.0
80	__protein2_rbs	6.0	0.0	0.0
80	__protein3_rbs	3.6	0.0	0.0
80	__ribosome	39.0	0.0	0.0
80	__rnase_site_ext	11.2	0.0	0.0
80	p0	1.0	0.0	0.0
80	protein1	229.0	11.0	2.2619048
80	protein2	203.8	10.4	2.2029914
80	protein3	127.4	7.0	1.9333332
80	r2	6.6	0.0	0.0
80	rnapol	0.4	0.0	0.0
81	__protein1_rbs	6.2	0.0	0.0
81	__protein2_rbs	5.0	0.0	0.0
81	__protein3_rbs	3.6	0.0	0.0
81	__ribosome	38.0	0.0	0.0
81	__rnase_site_ext	11.2	0.0	0.0
81	p0	0.8	0.0	0.0
81	protein1	233.6	11.2	2.2794444
81	protein2	209.0	10.4	2.1184613999999997
81	protein3	129.8	7.0	2.0888888000000003
81	r2	6.6	0.0	0.0
81	rnapol	0.2	0.0	0.0
82	__protein1_rbs	6.6	0.0	0.0
82	__protein2_rbs	4.8	0.0	0.0
82	__protein3_rbs	3.2	0.0	0.0
82	__ribosome	35.2	0.0	0.0
82	__rnase_site_ext	11.2	0.0	0.0
82	p0	1.0	0.0	0.0
82	protein1	238.4	11.0	2.3016666
82	protein2	212.6	10.4	2.2734616
82	protein3	132.6	6.8	2.3483332000000003
82	r2	6.6	0.0	0.0
82	rnapol	0.2	0.0	0.0
83	__protein1_rbs	5.2	0.0	0.0
83	__protein2_rbs	7.2	0.0	0.0
83	__protein3_rbs	4.4	0.0	0.0
83	__ribosome	36.4	0.0	0.0
83	__rnase_site_ext	11.2	0.0	0.0
83	p0	0.6	0.0	0.0
83	protein1	244.4	11.2	2.2805556
83	protein2	217.0	10.4	2.1369048
83	protein3	135.0	7.0	2.3277778
83	r2	6.6	0.0	0.0
83	rnapol	0.0	0.0	0.0
84	__protein1_rbs	6.6	0.0	0.0
84	__protein2_rbs	5.6	0.0	0.0
84	__protein3_rbs	3.2	0.0	0.0
84	__ribosome	37.0	0.0	0.0
84	__rnase_site_ext	11.2	0.0	0.0
84	p0	1.0	0.0	0.0
84	protein1	249.6	11.0	2.1791414000000002
84	protein2	221.2	10.6	2.1668252
84	protein3	138.4	6.6	2.49
84	r2	6.6	0.0	0.0
84	rnapol	0.0	0.0	0.0
85	__protein1_rbs	5.2	0.0	0.0
85	__protein2_rbs	7.2	0.0	0.0
85	__protein3_rbs	4.8	0.0	0.0
85	__ribosome	37.4	0.0	0.0
85	__rnase_site_ext	11.4	0.0	0.0
85	p0	0.8	0.0	0.0
85	protein1	254.0	11.2	2.2263636000000004
85	protein2	225.8	11.0	2.0111112
85	protein3	140.8	6.8	2.4021428
85	r2	6.8	0.0	0.0
85	rnapol	0.2	0.0	0.0
86	__protein1_rbs	5.4	0.0	0.0
86	__protein2_rbs	6.4	0.0	0.0
86	__protein3_rbs	4.2	0.0	0.0
86	__ribosome	36.2	0.0	0.0
86	__rnase_site_ext	11.8	0.0	0.0
86	p0	1.0	0.0	0.0
86	protein1	258.2	11.4	2.3142424
86	protein2	230.4	11.4	1.9984992
86	protein3	144.2	6.8	2.2438094
86	r2	7.0	0.0	0.0
86	rnapol	0.0	0.0	0.0
87	__protein1_rbs	7.0	0.0	0.0
87	__protein2_rbs	6.0	0.0	0.0
87	__protein3_rbs	3.6	0.0	0.0
87	__ribosome	38.8	0.0	0.0
87	__rnase_site_ext	11.6	0.0	0.0
87	p0	1.0	0.0	0.0
87	protein1	263.4	11.6	2.1807166000000002
87	protein2	235.8	11.6	1.962979
87	protein3	148.6	6.6	2.125
87	r2	6.8	0.0	0.0
87	rnapol	0.2	0.0	0.0
88	__protein1_rbs	5.8	0.0	0.0
88	__protein2_rbs	6.6	0.0	0.0
88	__protein3_rbs	4.0	0.0	0.0
88	__ribosome	37.0	0.0	0.0
88	__rnase_site_ext	11.8	0.0	0.0
88	p0	1.0	0.0	0.0
88	protein1	268.4	11.6	2.1978554
88	protein2	239.4	12.0	2.0444869999999997
88	protein3	151.8	6.8	2.0039682
88	r2	6.6	0.0	0.0
88	rnapol	0.2	0.0	0.0
89	__protein1_rbs	5.4	0.0	0.0
89	__protein2_rbs	7.4	0.0	0.0
89	__protein3_rbs	3.6	0.0	0.0
89	__ribosome	35.8	0.0	0.0
89	__rnase_site_ext	11.8	0.0	0.0
89	p0	0.6	0.0	0.0
89	protein1	273.2	11.8	2.279627
89	protein2	245.2	12.0	1.9336538
89	protein3	154.0	7.0	2.1626984
89	r2	6.8	0.0	0.0
89	rnapol	0.0	0.0	0.0
90	__protein1_rbs	6.6	0.0	0.0
90	__protein2_rbs	6.8	0.0	0.0
90	__protein3_rbs	4.6	0.0	0.0
90	__ribosome	33.2	0.0	0.0
90	__rnase_site_ext	12.0	0.0	0.0
90	p0	1.0	0.0	0.0
90	protein1	278.2	11.8	2.3648774
90	protein2	248.2	12.2	2.0666026
90	protein3	156.6	7.0	2.1063492000000004
90	r2	7.0	0.0	0.0
90	rnapol	0.2	0.0	0.0
91	__protein1_rbs	7.0	0.0	0.0
91	__protein2_rbs	7.8	0.0	0.0
91	__protein3_rbs	4.6	0.0	0.0
91	__ribosome	33.4	0.0	0.0
91	__rnase_site_ext	12.2	0.0	0.0
91	p0	0.8	0.0	0.0
91	protein1	283.2	12.0	2.2548049999999997
91	protein2	252.2	12.2	2.1120512000000002
91	protein3	159.4	7.0	2.0833334
91	r2	7.4	0.0	0.0
91	rnapol	0.2	0.0	0.0
92	__protein1_rbs	6.6	0.0	0.0
92	__protein2_rbs	7.2	0.0	0.0
92	__protein3_rbs	4.0	0.0	0.0
92	__ribosome	34.0	0.0	0.0
92	__rnase_site_ext	11.8	0.0	0.0
92	p0	1.0	0.0	0.0
92	protein1	287.6	12.0	2.277287
92	protein2	258.2	12.0	2.0481624
92	protein3	161.6	6.8	2.1231746
92	r2	7.4	0.0	0.0
92	rnapol	0.2	0.0	0.0
93	__protein1_rbs	6.8	0.0	0.0
93	__protein2_rbs	8.0	0.0	0.0
93	__protein3_rbs	4.2	0.0	0.0
93	__ribosome	37.6	0.0	0.0
93	__rnase_site_ext	12.0	0.0	0.0
93	p0	0.8	0.0	0.0
93	protein1	293.4	11.8	2.2885282000000005
93	protein2	263.8	12.0	1.909359
93	protein3	165.0	7.2	1.9231745999999998
93	r2	7.6	0.0	0.0
93	rnapol	0.2	0.0	0.0
94	__protein1_rbs	7.6	0.0	0.0
94	__protein2_rbs	5.4	0.0	0.0
94	__protein3_rbs	4.6	0.0	0.0
94	__ribosome	37.6	0.0	0.0
94	__rnase_site_ext	12.0	0.0	0.0
94	p0	0.8	0.0	0.0
94	protein1	299.2	12.0	2.081616
94	protein2	268.6	12.4	2.0206938
94	protein3	168.6	7.4	1.7930952000000002
94	r2	7.4	0.0	0.0
94	rnapol	0.2	0.0	0.0
95	__protein1_rbs	6.8	0.0	0.0
95	__protein2_rbs	7.4	0.0	0.0
95	__protein3_rbs	3.0	0.0	0.0
95	__ribosome	36.2	0.0	0.0
95	__rnase_site_ext	12.2	0.0	0.0
95	p0	0.8	0.0	0.0
95	protein1	304.0	12.0	2.0809234
95	protein2	272.8	12.2	2.0451068
95	protein3	171.4	7.4	1.9124601999999995
95	r2	7.6	0.0	0.0
95	rnapol	0.0	0.0	0.0
96	__protein1_rbs	7.4	0.0	0.0
96	__protein2_rbs	6.6	0.0	0.0
96	__protein3_rbs	3.4	0.0	0.0
96	__ribosome	33.2	0.0	0.0
96	__rnase_site_ext	12.2	0.0	0.0
96	p0	1.0	0.0	0.0
96	protein1	308.8	12.0	2.1342566
96	protein2	277.2	12.4	2.0890384000000006
96	protein3	173.6	7.8	2.0192858
96	r2	7.8	0.0	0.0
96	rnapol	0.0	0.0	0.0
97	__protein1_rbs	7.4	0.0	0.0
97	__protein2_rbs	6.2	0.0	0.0
97	__protein3_rbs	5.0	0.0	0.0
97	__ribosome	33.6	0.0	0.0
97	__rnase_site_ext	12.0	0.0	0.0
97	p0	1.0	0.0	0.0
97	protein1	314.2	12.2	2.0377919999999996
97	protein2	282.6	12.4	2.1283118
97	protein3	176.0	7.8	2.0621428
97	r2	7.8	0.0	0.0
97	rnapol	0.0	0.0	0.0
98	__protein1_rbs	7.8	0.0	0.0
98	__protein2_rbs	8.4	0.0	0.0
98	__protein3_rbs	4.6	0.0	0.0
98	__ribosome	33.6	0.0	0.0
98	__rnase_site_ext	12.0	0.0	0.0
98	p0	0.8	0.0	0.0
98	protein1	319.2	12.0	2.042381
98	protein2	287.0	12.6	2.0893008
98	protein3	179.0	7.8	2.1134922
98	r2	7.8	0.0	0.0
98	rnapol	0.6	0.0	0.0
99	__protein1_rbs	6.4	0.0	0.0
99	__protein2_rbs	6.4	0.0	0.0
99	__protein3_rbs	4.6	0.0	0.0
99	__ribosome	32.6	0.0	0.0
99	__rnase_site_ext	12.0	0.0	0.0
99	p0	0.4	0.0	0.0
99	protein1	324.0	12.0	2.0966666000000003
99	protein2	292.8	12.6	2.1395036
99	protein3	181.8	7.8	2.1460316
99	r2	7.8	0.0	0.0
99	rnapol	0.0	0.0	0.0
100	__protein1_rbs	6.0	0.0	0.0
100	__protein2_rbs	7.6	0.0	0.0
100	__protein3_rbs	4.6	0.0	0.0
100	__ribosome	33.8	0.0	0.0
100	__rnase_site_ext	12.0	0.0	0.0
100	p0	1.0	0.0	0.0
100	protein1	328.8	11.6	2.2569698
100	protein2	297.2	12.4	2.1972764
100	protein3	186.6	8.0	1.8511906000000002
100	r2	8.0	0.0	0.0
100	rnapol	0.2	0.0	0.0
101	__protein1_rbs	6.6	0.0	0.0
101	__protein2_rbs	7.0	0.0	0.0
101	__protein3_rbs	4.4	0.0	0.0
101	__ribosome	33.4	0.0	0.0
101	__rnase_site_ext	12.0	0.0	0.0
101	p0	0.8	0.0	0.0
101	protein1	333.4	12.0	2.1432576
101	protein2	303.8	12.8	2.0318940000000003
101	protein3	189.2	8.2	1.954127
101	r2	8.0	0.0	0.0
101	rnapol	0.0	0.0	0.0
102	__protein1_rbs	7.2	0.0	0.0
102	__protein2_rbs	7.8	0.0	0.0
102	__protein3_rbs	4.6	0.0	0.0
102	__ribosome	32.0	0.0	0.0
102	__rnase_site_ext	11.8	0.0	0.0
102	p0	1.0	0.0	0.0
102	protein1	337.6	12.2	2.1404546000000004
102	protein2	308.2	13.0	2.0281818
102	protein3	192.2	8.2	1.9619046000000002
102	r2	8.2	0.0	0.0
102	rnapol	0.4	0.0	0.0
103	__protein1_rbs	6.8	0.0	0.0
103	__protein2_rbs	8.2	0.0	0.0
103	__protein3_rbs	4.6	0.0	0.0
103	__ribosome	34.0	0.0	0.0
103	__rnase_site_ext	11.6	0.0	0.0
103	p0	0.6	0.0	0.0
103	protein1	343.6	11.8	2.1099314
103	protein2	312.8	12.8	2.0596970000000003
103	protein3	195.4	8.0	1.9333332
103	r2	8.2	0.0	0.0
103	rnapol	0.2	0.0	0.0
104	__protein1_rbs	8.0	0.0	0.0
104	__protein2_rbs	7.0	0.0	0.0
104	__protein3_rbs	5.0	0.0	0.0
104	__ribosome	33.8	0.0	0.0
104	__rnase_site_ext	11.8	0.0	0.0
104	p0	1.0	0.0	0.0
104	protein1	348.8	11.8	2.026478200000001
104	protein2	318.2	12.8	2.1015152
104	protein3	198.6	8.4	1.9011906000000003
104	r2	7.8	0.0	0.0
104	rnapol	0.4	0.0	0.0
105	__protein1_rbs	7.0	0.0	0.0
105	__protein2_rbs	7.6	0.0	0.0
105	__protein3_rbs	5.4	0.0	0.0
105	__ribosome	34.2	0.0	0.0
105	__rnase_site_ext	12.2	0.0	0.0
105	p0	0.8	0.0	0.0
105	protein1	352.8	12.0	2.0498412
105	protein2	323.6	12.8	2.0148484
105	protein3	201.0	8.2	1.9694444
105	r2	7.8	0.0	0.0
105	rnapol	0.2	0.0	0.0
106	__protein1_rbs	8.0	0.0	0.0
106	__protein2_rbs	7.2	0.0	0.0
106	__protein3_rbs	5.4	0.0	0.0
106	__ribosome	35.6	0.0	0.0
106	__rnase_site_ext	12.2	0.0	0.0
106	p0	1.0	0.0	0.0
106	protein1	358.4	12.0	2.0449064
106	protein2	329.4	12.8	1.9633332
106	protein3	205.0	8.4	1.8555556
106	r2	7.8	0.0	0.0
106	rnapol	0.4	0.0	0.0
107	__protein1_rbs	5.4	0.0	0.0
107	__protein2_rbs	6.0	0.0	0.0
107	__protein3_rbs	4.8	0.0	0.0
107	__ribosome	32.6	0.0	0.0
107	__rnase_site_ext	12.2	0.0	0.0
107	p0	0.8	0.0	0.0
107	protein1	363.8	12.2	2.0430014
107	protein2	334.0	13.0	2.0985606
107	protein3	208.0	8.4	1.8833334
107	r2	8.0	0.0	0.0
107	rnapol	0.4	0.0	0.0
108	__protein1_rbs	8.0	0.0	0.0
108	__protein2_rbs	8.2	0.0	0.0
108	__protein3_rbs	5.4	0.0	0.0
108	__ribosome	35.0	0.0	0.0
108	__rnase_site_ext	12.0	0.0	0.0
108	p0	0.8	0.0	0.0
108	protein1	367.8	12.2	2.038557
108	protein2	339.8	13.0	2.009394
108	protein3	211.4	8.2	1.7522221999999998
108	r2	8.2	0.0	0.0
108	rnapol	0.2	0.0	0.0
109	__protein1_rbs	6.0	0.0	0.0
109	__protein2_rbs	8.2	0.0	0.0
109	__protein3_rbs	3.8	0.0	0.0
109	__ribosome	31.8	0.0	0.0
109	__rnase_site_ext	12.0	0.0	0.0
109	p0	1.0	0.0	0.0
109	protein1	372.4	12.0	2.1745240000000003
109	protein2	344.8	13.4	1.9863636000000002
109	protein3	214.6	8.0	2.01
109	r2	8.2	0.0	0.0
109	rnapol	0.2	0.0	0.0
110	__protein1_rbs	8.2	0.0	0.0
110	__protein2_rbs	8.8	0.0	0.0
110	__protein3_rbs	5.2	0.0	0.0
110	__ribosome	32.8	0.0	0.0
110	__rnase_site_ext	12.2	0.0	0.0
110	p0	0.4	0.0	0.0
110	protein1	377.0	12.2	2.017738
110	protein2	349.8	13.6	1.9327762
110	protein3	217.4	8.2	2.06
110	r2	7.8	0.0	0.0
110	rnapol	0.0	0.0	0.0
111	__protein1_rbs	7.4	0.0	0.0
111	__protein2_rbs	9.4	0.0	0.0
111	__protein3_rbs	4.8	0.0	0.0
111	__ribosome	33.2	0.0	0.0
111	__rnase_site_ext	12.4	0.0	0.0
111	p0	1.0	0.0	0.0
111	protein1	382.2	12.2	1.9888094
111	protein2	354.4	13.4	1.9394118
111	protein3	220.6	8.2	2.1038888
111	r2	7.8	0.0	0.0
111	rnapol	0.2	0.0	0.0
112	__protein1_rbs	7.4	0.0	0.0
112	__protein2_rbs	7.4	0.0	0.0
112	__protein3_rbs	5.6	0.0	0.0
112	__ribosome	34.6	0.0	0.0
112	__rnase_site_ext	12.6	0.0	0.0
112	p0	0.8	0.0	0.0
112	protein1	387.8	12.4	1.8781752
112	protein2	360.6	13.6	1.945
112	protein3	223.6	8.2	2.0505556
112	r2	7.6	0.0	0.0
112	rnapol	0.2	0.0	0.0
113	__protein1_rbs	7.2	0.0	0.0
113	__protein2_rbs	8.8	0.0	0.0
113	__protein3_rbs	4.4	0.0	0.0
113	__ribosome	33.2	0.0	0.0
113	__rnase_site_ext	12.8	0.0	0.0
113	p0	0.6	0.0	0.0
113	protein1	391.8	12.4	1.9139986
113	protein2	365.8	13.8	1.8504062
113	protein3	227.0	8.2	2.1766666
113	r2	7.4	0.0	0.0
113	rnapol	0.2	0.0	0.0
114	__protein1_rbs	6.6	0.0	0.0
114	__protein2_rbs	8.2	0.0	0.0
114	__protein3_rbs	4.8	0.0	0.0
114	__ribosome	33.0	0.0	0.0
114	__rnase_site_ext	12.6	0.0	0.0
114	p0	0.8	0.0	0.0
114	protein1	397.2	12.8	1.9106098
114	protein2	370.2	13.6	1.8911764
114	protein3	230.6	8.0	2.145
114	r2	7.8	0.0	0.0
114	rnapol	0.0	0.0	0.0
115	__protein1_rbs	8.2	0.0	0.0
115	__protein2_rbs	6.4	0.0	0.0
115	__protein3_rbs	4.4	0.0	0.0
115	__ribosome	32.6	0.0	0.0
115	__rnase_site_ext	12.8	0.0	0.0
115	p0	1.0	0.0	0.0
115	protein1	401.4	12.6	1.9883976000000003
115	protein2	375.2	13.2	2.0443700000000002
115	protein3	234.8	7.8	2.0666666
115	r2	7.8	0.0	0.0
115	rnapol	0.2	0.0	0.0
116	__protein1_rbs	8.8	0.0	0.0
116	__protein2_rbs	6.6	0.0	0.0
116	__protein3_rbs	5.4	0.0	0.0
116	__ribosome	32.2	0.0	0.0
116	__rnase_site_ext	12.8	0.0	0.0
116	p0	0.8	0.0	0.0
116	protein1	405.8	12.8	1.9021796
116	protein2	379.6	13.4	2.1712122000000003
116	protein3	238.0	8.0	1.9376984
116	r2	7.8	0.0	0.0
116	rnapol	0.2	0.0	0.0
117	__protein1_rbs	6.8	0.0	0.0
117	__protein2_rbs	7.4	0.0	0.0
117	__protein3_rbs	5.2	0.0	0.0
117	__ribosome	31.2	0.0	0.0
117	__rnase_site_ext	13.2	0.0	0.0
117	p0	0.6	0.0	0.0
117	protein1	411.2	12.8	2.0334098000000003
117	protein2	386.0	13.4	2.1123496
117	protein3	240.8	7.8	1.9777778
117	r2	7.6	0.0	0.0
117	rnapol	0.0	0.0	0.0
118	__protein1_rbs	8.4	0.0	0.0
118	__protein2_rbs	7.6	0.0	0.0
118	__protein3_rbs	5.2	0.0	0.0
118	__ribosome	31.4	0.0	0.0
118	__rnase_site_ext	13.4	0.0	0.0
118	p0	0.8	0.0	0.0
118	protein1	415.8	13.0	1.9875916
118	protein2	389.6	13.2	2.2765162
118	protein3	244.6	7.8	1.8412698
118	r2	7.8	0.0	0.0
118	rnapol	0.0	0.0	0.0
119	__protein1_rbs	5.6	0.0	0.0
119	__protein2_rbs	6.4	0.0	0.0
119	__protein3_rbs	4.4	0.0	0.0
119	__ribosome	29.2	0.0	0.0
119	__rnase_site_ext	13.4	0.0	0.0
119	p0	1.0	0.0	0.0
119	protein1	421.0	13.4	2.0425
119	protein2	395.8	13.6	2.2151582000000003
119	protein3	247.8	8.0	1.8218254000000005
119	r2	8.0	0.0	0.0
119	rnapol	0.0	0.0	0.0
120	__protein1_rbs	9.2	0.0	0.0
120	__protein2_rbs	9.2	0.0	0.0
120	__protein3_rbs	5.0	0.0	0.0
120	__ribosome	30.6	0.0	0.0
120	__rnase_site_ext	13.2	0.0	0.0
120	p0	1.0	0.0	0.0
120	protein1	425.8	13.4	1.9857418
120	protein2	400.2	13.8	2.1368814
120	protein3	251.0	8.0	1.7619048
120	r2	8.0	0.0	0.0
120	rnapol	0.0	0.0	0.0
121	__protein1_rbs	9.0	0.0	0.0
121	__protein2_rbs	7.8	0.0	0.0
121	__protein3_rbs	5.4	0.0	0.0
121	__ribosome	31.8	0.0	0.0
121	__rnase_site_ext	13.2	0.0	0.0
121	p0	0.8	0.0	0.0
121	protein1	430.6	13.2	2.0025273999999995
121	protein2	406.6	13.6	2.1185646
121	protein3	253.4	8.0	1.844841
121	r2	8.0	0.0	0.0
121	rnapol	0.0	0.0	0.0
122	__protein1_rbs	7.6	0.0	0.0
122	__protein2_rbs	9.4	0.0	0.0
122	__protein3_rbs	5.2	0.0	0.0
122	__ribosome	32.8	0.0	0.0
122	__rnase_site_ext	13.2	0.0	0.0
122	p0	0.8	0.0	0.0
122	protein1	435.4	13.2	2.058544
122	protein2	412.8	14.0	2.007644
122	protein3	256.8	8.0	1.7158732
122	r2	8.0	0.0	0.0
122	rnapol	0.2	0.0	0.0
123	__protein1_rbs	7.4	0.0	0.0
123	__protein2_rbs	8.8	0.0	0.0
123	__protein3_rbs	3.8	0.0	0.0
123	__ribosome	31.6	0.0	0.0
123	__rnase_site_ext	13.6	0.0	0.0
123	p0	0.8	0.0	0.0
123	protein1	441.0	13.2	2.064762
123	protein2	418.4	14.2	1.8815666000000002
123	protein3	259.0	8.0	1.9396826
123	r2	8.0	0.0	0.0
123	rnapol	0.2	0.0	0.0
124	__protein1_rbs	8.4	0.0	0.0
124	__protein2_rbs	8.0	0.0	0.0
124	__protein3_rbs	4.6	0.0	0.0
124	__ribosome	34.2	0.0	0.0
124	__rnase_site_ext	13.6	0.0	0.0
124	p0	0.8	0.0	0.0
124	protein1	448.2	13.6	1.84337
124	protein2	424.2	14.0	1.9413164
124	protein3	262.4	8.2	1.8533334
124	r2	7.8	0.0	0.0
124	rnapol	0.4	0.0	0.0
125	__protein1_rbs	7.8	0.0	0.0
125	__protein2_rbs	7.8	0.0	0.0
125	__protein3_rbs	4.8	0.0	0.0
125	__ribosome	31.8	0.0	0.0
125	__rnase_site_ext	14.0	0.0	0.0
125	p0	0.6	0.0	0.0
125	protein1	452.4	13.8	1.9428846000000002
125	protein2	429.2	13.8	1.9499650000000002
125	protein3	265.0	8.2	1.9669842
125	r2	8.0	0.0	0.0
125	rnapol	0.4	0.0	0.0
126	__protein1_rbs	7.8	0.0	0.0
126	__protein2_rbs	9.6	0.0	0.0
126	__protein3_rbs	5.0	0.0	0.0
126	__ribosome	31.4	0.0	0.0
126	__rnase_site_ext	14.4	0.0	0.0
126	p0	0.6	0.0	0.0
126	protein1	457.2	13.8	1.98
126	protein2	434.6	14.0	1.8442234
126	protein3	267.6	8.0	2.1355554
126	r2	7.6	0.0	0.0
126	rnapol	0.2	0.0	0.0
127	__protein1_rbs	8.8	0.0	0.0
127	__protein2_rbs	8.6	0.0	0.0
127	__protein3_rbs	4.6	0.0	0.0
127	__ribosome	30.2	0.0	0.0
127	__rnase_site_ext	14.4	0.0	0.0
127	p0	1.0	0.0	0.0
127	protein1	462.4	14.2	1.9352452000000002
127	protein2	439.6	14.0	1.869985
127	protein3	270.4	8.2	2.2424244
127	r2	7.6	0.0	0.0
127	rnapol	0.6	0.0	0.0
128	__protein1_rbs	8.0	0.0	0.0
128	__protein2_rbs	7.6	0.0	0.0
128	__protein3_rbs	4.6	0.0	0.0
128	__ribosome	29.8	0.0	0.0
128	__rnase_site_ext	14.8	0.0	0.0
128	p0	0.4	0.0	0.0
128	protein1	468.0	14.4	1.9162822
128	protein2	444.6	14.0	1.9628354
128	protein3	274.0	8.2	2.1232322
128	r2	7.6	0.0	0.0
128	rnapol	0.0	0.0	0.0
129	__protein1_rbs	7.6	0.0	0.0
129	__protein2_rbs	9.4	0.0	0.0
129	__protein3_rbs	5.2	0.0	0.0
129	__ribosome	29.2	0.0	0.0
129	__rnase_site_ext	14.6	0.0	0.0
129	p0	1.0	0.0	0.0
129	protein1	472.6	14.6	2.0018804
129	protein2	450.0	13.8	1.8929486
129	protein3	276.6	8.0	2.1854546000000004
129	r2	7.6	0.0	0.0
129	rnapol	0.0	0.0	0.0
130	__protein1_rbs	10.2	0.0	0.0
130	__protein2_rbs	8.8	0.0	0.0
130	__protein3_rbs	5.2	0.0	0.0
130	__ribosome	32.2	0.0	0.0
130	__rnase_site_ext	14.4	0.0	0.0
130	p0	1.0	0.0	0.0
130	protein1	477.4	14.6	2.0133492
130	protein2	455.8	14.0	1.8196428
130	protein3	281.0	8.0	1.9228284
130	r2	7.6	0.0	0.0
130	rnapol	0.2	0.0	0.0
131	__protein1_rbs	9.4	0.0	0.0
131	__protein2_rbs	8.0	0.0	0.0
131	__protein3_rbs	3.4	0.0	0.0
131	__ribosome	29.6	0.0	0.0
131	__rnase_site_ext	14.6	0.0	0.0
131	p0	0.6	0.0	0.0
131	protein1	483.4	14.6	1.9529748
131	protein2	460.2	13.6	2.024643
131	protein3	283.8	7.6	2.259596
131	r2	7.2	0.0	0.0
131	rnapol	0.2	0.0	0.0
132	__protein1_rbs	9.6	0.0	0.0
132	__protein2_rbs	8.4	0.0	0.0
132	__protein3_rbs	4.6	0.0	0.0
132	__ribosome	32.4	0.0	0.0
132	__rnase_site_ext	15.0	0.0	0.0
132	p0	0.8	0.0	0.0
132	protein1	489.2	14.4	1.8597188
132	protein2	465.8	14.0	1.9074509999999998
132	protein3	287.2	7.6	2.1740404
132	r2	7.2	0.0	0.0
132	rnapol	0.0	0.0	0.0
133	__protein1_rbs	9.4	0.0	0.0
133	__protein2_rbs	8.0	0.0	0.0
133	__protein3_rbs	4.4	0.0	0.0
133	__ribosome	32.0	0.0	0.0
133	__rnase_site_ext	15.0	0.0	0.0
133	p0	0.8	0.0	0.0
133	protein1	494.8	15.0	1.7751029999999999
133	protein2	471.4	14.2	1.917647
133	protein3	290.4	7.8	2.0414142
133	r2	7.0	0.0	0.0
133	rnapol	0.0	0.0	0.0
134	__protein1_rbs	10.4	0.0	0.0
134	__protein2_rbs	9.2	0.0	0.0
134	__protein3_rbs	4.6	0.0	0.0
134	__ribosome	33.4	0.0	0.0
134	__rnase_site_ext	15.0	0.0	0.0
134	p0	0.8	0.0	0.0
134	protein1	501.2	15.0	1.6636726000000002
134	protein2	476.4	14.8	1.8430556
134	protein3	293.2	7.8	2.0073738000000003
134	r2	7.0	0.0	0.0
134	rnapol	0.0	0.0	0.0
135	__protein1_rbs	9.6	0.0	0.0
135	__protein2_rbs	9.2	0.0	0.0
135	__protein3_rbs	4.0	0.0	0.0
135	__ribosome	31.8	0.0	0.0
135	__rnase_site_ext	14.8	0.0	0.0
135	p0	1.0	0.0	0.0
135	protein1	505.4	14.8	1.7847222000000005
135	protein2	481.8	15.0	1.8202631999999999
135	protein3	296.4	7.8	2.1617172000000004
135	r2	7.0	0.0	0.0
135	rnapol	0.2	0.0	0.0
136	__protein1_rbs	8.6	0.0	0.0
136	__protein2_rbs	9.4	0.0	0.0
136	__protein3_rbs	4.8	0.0	0.0
136	__ribosome	32.0	0.0	0.0
136	__rnase_site_ext	14.8	0.0	0.0
136	p0	0.8	0.0	0.0
136	protein1	511.2	15.0	1.7507938000000005
136	protein2	487.2	14.8	1.8496176
136	protein3	299.8	7.2	2.17
136	r2	6.8	0.0	0.0
136	rnapol	0.2	0.0	0.0
137	__protein1_rbs	9.0	0.0	0.0
137	__protein2_rbs	9.0	0.0	0.0
137	__protein3_rbs	4.2	0.0	0.0
137	__ribosome	31.8	0.0	0.0
137	__rnase_site_ext	14.8	0.0	0.0
137	p0	1.0	0.0	0.0
137	protein1	516.0	14.6	1.7740079999999998
137	protein2	492.6	15.4	1.8523052
137	protein3	303.2	7.0	2.2198484
137	r2	6.8	0.0	0.0
137	rnapol	0.2	0.0	0.0
138	__protein1_rbs	9.0	0.0	0.0
138	__protein2_rbs	8.4	0.0	0.0
138	__protein3_rbs	5.6	0.0	0.0
138	__ribosome	30.4	0.0	0.0
138	__rnase_site_ext	15.2	0.0	0.0
138	p0	0.6	0.0	0.0
138	protein1	520.4	14.8	1.7866646000000002
138	protein2	497.4	15.2	1.9762904
138	protein3	306.0	7.2	1.905
138	r2	7.0	0.0	0.0
138	rnapol	0.2	0.0	0.0
139	__protein1_rbs	8.8	0.0	0.0
139	__protein2_rbs	9.8	0.0	0.0
139	__protein3_rbs	4.0	0.0	0.0
139	__ribosome	29.8	0.0	0.0
139	__rnase_site_ext	15.4	0.0	0.0
139	p0	0.8	0.0	0.0
139	protein1	524.8	14.8	1.896011
139	protein2	502.6	15.2	1.9144651999999998
139	protein3	309.4	7.0	1.9818182
139	r2	7.2	0.0	0.0
139	rnapol	0.0	0.0	0.0
140	__protein1_rbs	11.0	0.0	0.0
140	__protein2_rbs	10.0	0.0	0.0
140	__protein3_rbs	4.4	0.0	0.0
140	__ribosome	32.6	0.0	0.0
140	__rnase_site_ext	15.6	0.0	0.0
140	p0	1.0	0.0	0.0
140	protein1	530.8	15.4	1.722064
140	protein2	509.2	15.6	1.817257
140	protein3	312.4	7.0	1.95
140	r2	7.4	0.0	0.0
140	rnapol	0.0	0.0	0.0
141	__protein1_rbs	7.8	0.0	0.0
141	__protein2_rbs	8.4	0.0	0.0
141	__protein3_rbs	4.6	0.0	0.0
141	__ribosome	29.8	0.0	0.0
141	__rnase_site_ext	15.6	0.0	0.0
141	p0	0.8	0.0	0.0
141	protein1	536.8	15.6	1.8341561999999998
141	protein2	514.8	15.6	1.8638694
141	protein3	315.8	7.2	1.7331818
141	r2	7.2	0.0	0.0
141	rnapol	0.0	0.0	0.0
142	__protein1_rbs	9.4	0.0	0.0
142	__protein2_rbs	9.2	0.0	0.0
142	__protein3_rbs	4.2	0.0	0.0
142	__ribosome	28.8	0.0	0.0
142	__rnase_site_ext	15.2	0.0	0.0
142	p0	1.0	0.0	0.0
142	protein1	542.2	15.4	1.8393554
142	protein2	519.8	15.8	1.8452192
142	protein3	317.2	7.4	2.0083333999999997
142	r2	7.2	0.0	0.0
142	rnapol	0.0	0.0	0.0
143	__protein1_rbs	9.0	0.0	0.0
143	__protein2_rbs	11.6	0.0	0.0
143	__protein3_rbs	6.0	0.0	0.0
143	__ribosome	31.6	0.0	0.0
143	__rnase_site_ext	15.0	0.0	0.0
143	p0	1.0	0.0	0.0
143	protein1	548.2	15.2	1.9052894
143	protein2	525.8	16.0	1.7093293999999999
143	protein3	320.0	7.6	1.6992063999999998
143	r2	7.6	0.0	0.0
143	rnapol	0.0	0.0	0.0
144	__protein1_rbs	9.0	0.0	0.0
144	__protein2_rbs	10.6	0.0	0.0
144	__protein3_rbs	5.0	0.0	0.0
144	__ribosome	30.8	0.0	0.0
144	__rnase_site_ext	15.2	0.0	0.0
144	p0	0.6	0.0	0.0
144	protein1	552.8	14.8	2.0181052
144	protein2	530.8	15.8	1.7860696
144	protein3	323.0	7.6	1.6873016
144	r2	7.6	0.0	0.0
144	rnapol	0.0	0.0	0.0
145	__protein1_rbs	10.6	0.0	0.0
145	__protein2_rbs	10.2	0.0	0.0
145	__protein3_rbs	5.4	0.0	0.0
145	__ribosome	31.8	0.0	0.0
145	__rnase_site_ext	15.0	0.0	0.0
145	p0	0.8	0.0	0.0
145	protein1	556.6	15.0	2.0377674000000003
145	protein2	537.0	16.0	1.7407058000000002
145	protein3	326.2	7.6	1.5222222
145	r2	7.6	0.0	0.0
145	rnapol	0.0	0.0	0.0
146	__protein1_rbs	7.4	0.0	0.0
146	__protein2_rbs	9.6	0.0	0.0
146	__protein3_rbs	5.4	0.0	0.0
146	__ribosome	31.4	0.0	0.0
146	__rnase_site_ext	14.8	0.0	0.0
146	p0	1.0	0.0	0.0
146	protein1	564.6	15.0	2.0331358
146	protein2	542.4	15.8	1.8015568
146	protein3	328.4	7.6	1.4716666
146	r2	7.8	0.0	0.0
146	rnapol	0.0	0.0	0.0
147	__protein1_rbs	8.4	0.0	0.0
147	__protein2_rbs	9.4	0.0	0.0
147	__protein3_rbs	3.4	0.0	0.0
147	__ribosome	30.0	0.0	0.0
147	__rnase_site_ext	14.8	0.0	0.0
147	p0	1.0	0.0	0.0
147	protein1	570.6	14.8	2.1269672
147	protein2	549.0	16.4	1.6755418000000002
147	protein3	331.6	7.6	1.5872221999999998
147	r2	8.0	0.0	0.0
147	rnapol	0.2	0.0	0.0
148	__protein1_rbs	9.2	0.0	0.0
148	__protein2_rbs	11.4	0.0	0.0
148	__protein3_rbs	4.4	0.0	0.0
148	__ribosome	28.6	0.0	0.0
148	__rnase_site_ext	14.8	0.0	0.0
148	p0	0.8	0.0	0.0
148	protein1	577.2	14.8	2.0131683999999996
148	protein2	552.8	16.4	1.771232
148	protein3	333.2	7.6	1.7738888
148	r2	7.8	0.0	0.0
148	rnapol	0.4	0.0	0.0
149	__protein1_rbs	9.4	0.0	0.0
149	__protein2_rbs	10.8	0.0	0.0
149	__protein3_rbs	4.4	0.0	0.0
149	__ribosome	26.6	0.0	0.0
149	__rnase_site_ext	15.0	0.0	0.0
149	p0	0.8	0.0	0.0
149	protein1	581.6	14.8	2.0268048
149	protein2	557.8	16.4	1.805311
149	protein3	335.4	8.0	1.855837
149	r2	7.8	0.0	0.0
149	rnapol	0.4	0.0	0.0
150	__protein1_rbs	8.0	0.0	0.0
150	__protein2_rbs	9.6	0.0	0.0
150	__protein3_rbs	5.2	0.0	0.0
150	__ribosome	26.0	0.0	0.0
150	__rnase_site_ext	15.0	0.0	0.0
150	p0	0.6	0.0	0.0
150	protein1	587.6	15.0	1.9978131999999997
150	protein2	564.0	16.6	1.7836401999999998
150	protein3	338.0	8.4	1.8239538
150	r2	7.4	0.0	0.0
150	rnapol	0.4	0.0	0.0
151	__protein1_rbs	9.0	0.0	0.0
151	__protein2_rbs	8.8	0.0	0.0
151	__protein3_rbs	6.2	0.0	0.0
151	__ribosome	26.6	0.0	0.0
151	__rnase_site_ext	15.2	0.0	0.0
151	p0	1.0	0.0	0.0
151	protein1	594.6	14.8	1.9603106
151	protein2	570.4	16.2	1.8886962
151	protein3	340.2	8.2	1.8476190000000003
151	r2	7.6	0.0	0.0
151	rnapol	0.6	0.0	0.0
152	__protein1_rbs	10.4	0.0	0.0
152	__protein2_rbs	9.6	0.0	0.0
152	__protein3_rbs	4.6	0.0	0.0
152	__ribosome	28.8	0.0	0.0
152	__rnase_site_ext	15.4	0.0	0.0
152	p0	0.8	0.0	0.0
152	protein1	601.6	15.0	1.7780954000000002
152	protein2	576.0	15.8	1.9103574
152	protein3	343.8	8.0	1.8900794
152	r2	7.8	0.0	0.0
152	rnapol	0.2	0.0	0.0
153	__protein1_rbs	8.8	0.0	0.0
153	__protein2_rbs	12.2	0.0	0.0
153	__protein3_rbs	4.4	0.0	0.0
153	__ribosome	27.8	0.0	0.0
153	__rnase_site_ext	15.6	0.0	0.0
153	p0	1.0	0.0	0.0
153	protein1	606.2	15.4	1.8791538
153	protein2	581.4	16.2	1.8215106
153	protein3	347.0	7.6	1.9682538
153	r2	7.8	0.0	0.0
153	rnapol	0.4	0.0	0.0
154	__protein1_rbs	8.2	0.0	0.0
154	__protein2_rbs	10.2	0.0	0.0
154	__protein3_rbs	5.8	0.0	0.0
154	__ribosome	27.2	0.0	0.0
154	__rnase_site_ext	15.8	0.0	0.0
154	p0	0.8	0.0	0.0
154	protein1	610.8	15.6	1.9738752
154	protein2	587.2	16.2	1.8120052
154	protein3	350.0	7.6	1.8027778
154	r2	8.0	0.0	0.0
154	rnapol	0.2	0.0	0.0
155	__protein1_rbs	9.6	0.0	0.0
155	__protein2_rbs	10.4	0.0	0.0
155	__protein3_rbs	4.4	0.0	0.0
155	__ribosome	27.2	0.0	0.0
155	__rnase_site_ext	16.2	0.0	0.0
155	p0	0.8	0.0	0.0
155	protein1	617.2	15.8	1.9078102
155	protein2	593.4	16.4	1.7477452000000002
155	protein3	352.8	8.0	1.9107936
155	r2	7.6	0.0	0.0
155	rnapol	0.2	0.0	0.0
156	__protein1_rbs	10.4	0.0	0.0
156	__protein2_rbs	9.8	0.0	0.0
156	__protein3_rbs	4.6	0.0	0.0
156	__ribosome	27.2	0.0	0.0
156	__rnase_site_ext	16.4	0.0	0.0
156	p0	0.8	0.0	0.0
156	protein1	623.4	16.0	1.8012529999999998
156	protein2	599.2	16.2	1.8038844
156	protein3	355.8	8.2	1.8949856
156	r2	7.6	0.0	0.0
156	rnapol	0.2	0.0	0.0
157	__protein1_rbs	10.6	0.0	0.0
157	__protein2_rbs	9.0	0.0	0.0
157	__protein3_rbs	6.2	0.0	0.0
157	__ribosome	26.6	0.0	0.0
157	__rnase_site_ext	16.6	0.0	0.0
157	p0	0.8	0.0	0.0
157	protein1	628.2	16.4	1.8094816
157	protein2	605.0	16.4	1.8776979999999999
157	protein3	359.0	8.2	1.7730518
157	r2	7.4	0.0	0.0
157	rnapol	0.2	0.0	0.0
158	__protein1_rbs	11.0	0.0	0.0
158	__protein2_rbs	10.6	0.0	0.0
158	__protein3_rbs	5.4	0.0	0.0
158	__ribosome	28.4	0.0	0.0
158	__rnase_site_ext	16.6	0.0	0.0
158	p0	1.0	0.0	0.0
158	protein1	634.0	16.4	1.7628652000000002
158	protein2	610.8	16.0	1.858868
158	protein3	362.2	8.0	1.7527777999999998
158	r2	7.4	0.0	0.0
158	rnapol	0.2	0.0	0.0
159	__protein1_rbs	10.6	0.0	0.0
159	__protein2_rbs	10.0	0.0	0.0
159	__protein3_rbs	4.6	0.0	0.0
159	__ribosome	27.6	0.0	0.0
159	__rnase_site_ext	16.4	0.0	0.0
159	p0	1.0	0.0	0.0
159	protein1	640.4	16.6	1.6870854000000002
159	protein2	616.6	16.0	1.907516
159	protein3	364.2	7.6	1.97
159	r2	7.6	0.0	0.0
159	rnapol	0.2	0.0	0.0
160	__protein1_rbs	9.8	0.0	0.0
160	__protein2_rbs	10.6	0.0	0.0
160	__protein3_rbs	5.0	0.0	0.0
160	__ribosome	29.8	0.0	0.0
160	__rnase_site_ext	16.2	0.0	0.0
160	p0	0.4	0.0	0.0
160	protein1	646.2	16.4	1.7127720000000002
160	protein2	622.4	16.2	1.8192544
160	protein3	368.0	7.6	1.7816666
160	r2	7.6	0.0	0.0
160	rnapol	0.0	0.0	0.0
161	__protein1_rbs	8.8	0.0	0.0
161	__protein2_rbs	9.8	0.0	0.0
161	__protein3_rbs	4.4	0.0	0.0
161	__ribosome	26.6	0.0	0.0
161	__rnase_site_ext	16.6	0.0	0.0
161	p0	0.8	0.0	0.0
161	protein1	651.4	16.2	1.8600618
161	protein2	628.8	16.6	1.7934984
161	protein3	370.8	7.8	1.8233334
161	r2	7.6	0.0	0.0
161	rnapol	0.0	0.0	0.0
162	__protein1_rbs	9.4	0.0	0.0
162	__protein2_rbs	12.0	0.0	0.0
162	__protein3_rbs	4.2	0.0	0.0
162	__ribosome	26.2	0.0	0.0
162	__rnase_site_ext	16.4	0.0	0.0
162	p0	0.8	0.0	0.0
162	protein1	656.8	16.4	1.9192086
162	protein2	635.6	16.6	1.6501072
162	protein3	373.2	7.6	2.06
162	r2	7.6	0.0	0.0
162	rnapol	0.0	0.0	0.0
163	__protein1_rbs	11.2	0.0	0.0
163	__protein2_rbs	10.4	0.0	0.0
163	__protein3_rbs	5.2	0.0	0.0
163	__ribosome	26.0	0.0	0.0
163	__rnase_site_ext	16.6	0.0	0.0
163	p0	0.8	0.0	0.0
163	protein1	663.2	16.4	1.825776
163	protein2	640.8	17.0	1.6963292000000003
163	protein3	375.2	7.8	2.0511112
163	r2	7.8	0.0	0.0
163	rnapol	0.0	0.0	0.0
164	__protein1_rbs	10.6	0.0	0.0
164	__protein2_rbs	11.4	0.0	0.0
164	__protein3_rbs	4.6	0.0	0.0
164	__ribosome	27.4	0.0	0.0
164	__rnase_site_ext	16.6	0.0	0.0
164	p0	1.0	0.0	0.0
164	protein1	668.8	16.6	1.8404634
164	protein2	647.0	17.0	1.6596156000000002
164	protein3	379.0	7.8	1.9155556
164	r2	7.8	0.0	0.0
164	rnapol	0.2	0.0	0.0
165	__protein1_rbs	11.6	0.0	0.0
165	__protein2_rbs	10.0	0.0	0.0
165	__protein3_rbs	5.2	0.0	0.0
165	__ribosome	27.8	0.0	0.0
165	__rnase_site_ext	16.6	0.0	0.0
165	p0	0.6	0.0	0.0
165	protein1	674.6	16.6	1.7327171999999995
165	protein2	651.8	17.0	1.761938
165	protein3	382.4	7.8	1.8333334
165	r2	7.8	0.0	0.0
165	rnapol	0.0	0.0	0.0
166	__protein1_rbs	9.0	0.0	0.0
166	__protein2_rbs	10.6	0.0	0.0
166	__protein3_rbs	4.2	0.0	0.0
166	__ribosome	27.2	0.0	0.0
166	__rnase_site_ext	16.4	0.0	0.0
166	p0	1.0	0.0	0.0
166	protein1	681.6	16.2	1.7943944000000005
166	protein2	657.8	17.0	1.7727317999999999
166	protein3	385.4	8.0	1.778788
166	r2	8.0	0.0	0.0
166	rnapol	0.0	0.0	0.0
167	__protein1_rbs	10.2	0.0	0.0
167	__protein2_rbs	10.8	0.0	0.0
167	__protein3_rbs	5.2	0.0	0.0
167	__ribosome	27.6	0.0	0.0
167	__rnase_site_ext	16.4	0.0	0.0
167	p0	0.8	0.0	0.0
167	protein1	688.0	16.4	1.7604215999999997
167	protein2	663.4	16.8	1.7867137999999998
167	protein3	388.0	7.8	1.7843436
167	r2	8.2	0.0	0.0
167	rnapol	0.4	0.0	0.0
168	__protein1_rbs	10.6	0.0	0.0
168	__protein2_rbs	11.2	0.0	0.0
168	__protein3_rbs	5.6	0.0	0.0
168	__ribosome	26.6	0.0	0.0
168	__rnase_site_ext	16.2	0.0	0.0
168	p0	1.0	0.0	0.0
168	protein1	692.6	16.4	1.8464042
168	protein2	670.2	17.0	1.6896892
168	protein3	390.4	7.8	1.8979798
168	r2	8.0	0.0	0.0
168	rnapol	0.4	0.0	0.0
169	__protein1_rbs	11.2	0.0	0.0
169	__protein2_rbs	9.8	0.0	0.0
169	__protein3_rbs	5.0	0.0	0.0
169	__ribosome	25.4	0.0	0.0
169	__rnase_site_ext	16.2	0.0	0.0
169	p0	0.8	0.0	0.0
169	protein1	698.8	16.2	1.8297616
169	protein2	675.0	16.8	1.8370222
169	protein3	393.6	8.2	1.7792496
169	r2	8.0	0.0	0.0
169	rnapol	0.4	0.0	0.0
170	__protein1_rbs	10.8	0.0	0.0
170	__protein2_rbs	11.6	0.0	0.0
170	__protein3_rbs	6.4	0.0	0.0
170	__ribosome	26.6	0.0	0.0
170	__rnase_site_ext	16.6	0.0	0.0
170	p0	0.8	0.0	0.0
170	protein1	704.0	16.0	1.8937054
170	protein2	681.6	17.4	1.7201587999999997
170	protein3	396.2	8.2	1.6666232
170	r2	8.2	0.0	0.0
170	rnapol	0.0	0.0	0.0
171	__protein1_rbs	10.0	0.0	0.0
171	__protein2_rbs	10.2	0.0	0.0
171	__protein3_rbs	5.0	0.0	0.0
171	__ribosome	27.0	0.0	0.0
171	__rnase_site_ext	16.4	0.0	0.0
171	p0	0.8	0.0	0.0
171	protein1	711.6	16.4	1.7641799999999999
171	protein2	687.8	17.6	1.7372222000000002
171	protein3	399.4	8.4	1.7063780000000002
171	r2	8.0	0.0	0.0
171	rnapol	0.2	0.0	0.0
172	__protein1_rbs	12.0	0.0	0.0
172	__protein2_rbs	11.2	0.0	0.0
172	__protein3_rbs	5.6	0.0	0.0
172	__ribosome	26.2	0.0	0.0
172	__rnase_site_ext	16.2	0.0	0.0
172	p0	1.0	0.0	0.0
172	protein1	716.6	16.6	1.7021102
172	protein2	692.6	17.8	1.8154762
172	protein3	402.4	8.6	1.6498126000000002
172	r2	8.2	0.0	0.0
172	rnapol	0.2	0.0	0.0
173	__protein1_rbs	10.2	0.0	0.0
173	__protein2_rbs	12.4	0.0	0.0
173	__protein3_rbs	5.2	0.0	0.0
173	__ribosome	25.6	0.0	0.0
173	__rnase_site_ext	16.2	0.0	0.0
173	p0	0.8	0.0	0.0
173	protein1	722.4	16.4	1.7842745999999998
173	protein2	698.4	17.8	1.8232142
173	protein3	405.4	8.2	1.6903896
173	r2	8.2	0.0	0.0
173	rnapol	0.0	0.0	0.0
174	__protein1_rbs	9.8	0.0	0.0
174	__protein2_rbs	10.0	0.0	0.0
174	__protein3_rbs	5.2	0.0	0.0
174	__ribosome	24.0	0.0	0.0
174	__rnase_site_ext	16.4	0.0	0.0
174	p0	0.8	0.0	0.0
174	protein1	728.6	16.2	1.7921158
174	protein2	705.2	18.2	1.8481016
174	protein3	407.8	8.4	1.7433768
174	r2	8.2	0.0	0.0
174	rnapol	0.4	0.0	0.0
175	__protein1_rbs	10.4	0.0	0.0
175	__protein2_rbs	10.8	0.0	0.0
175	__protein3_rbs	4.4	0.0	0.0
175	__ribosome	21.8	0.0	0.0
175	__rnase_site_ext	16.4	0.0	0.0
175	p0	0.6	0.0	0.0
175	protein1	734.6	16.4	1.7993808000000002
175	protein2	711.4	18.0	1.8728948
175	protein3	410.0	8.2	1.9600002
175	r2	8.2	0.0	0.0
175	rnapol	0.2	0.0	0.0
176	__protein1_rbs	11.0	0.0	0.0
176	__protein2_rbs	13.6	0.0	0.0
176	__protein3_rbs	5.0	0.0	0.0
176	__ribosome	24.8	0.0	0.0
176	__rnase_site_ext	16.4	0.0	0.0
176	p0	0.6	0.0	0.0
176	protein1	740.2	16.2	1.7705881999999997
176	protein2	718.8	18.2	1.6983334
176	protein3	413.0	8.4	1.9303898000000002
176	r2	8.0	0.0	0.0
176	rnapol	0.2	0.0	0.0
177	__protein1_rbs	10.6	0.0	0.0
177	__protein2_rbs	12.2	0.0	0.0
177	__protein3_rbs	5.0	0.0	0.0
177	__ribosome	26.8	0.0	0.0
177	__rnase_site_ext	16.6	0.0	0.0
177	p0	0.6	0.0	0.0
177	protein1	746.4	16.4	1.7235638000000002
177	protein2	725.4	17.8	1.694123
177	protein3	416.2	8.2	1.8660894000000001
177	r2	7.8	0.0	0.0
177	rnapol	0.0	0.0	0.0
178	__protein1_rbs	11.2	0.0	0.0
178	__protein2_rbs	11.8	0.0	0.0
178	__protein3_rbs	5.0	0.0	0.0
178	__ribosome	25.8	0.0	0.0
178	__rnase_site_ext	16.2	0.0	0.0
178	p0	0.8	0.0	0.0
178	protein1	751.4	16.4	1.741902
178	protein2	731.4	17.4	1.7288819999999998
178	protein3	419.4	8.4	1.8524532
178	r2	8.0	0.0	0.0
178	rnapol	0.2	0.0	0.0
179	__protein1_rbs	10.6	0.0	0.0
179	__protein2_rbs	11.6	0.0	0.0
179	__protein3_rbs	6.2	0.0	0.0
179	__ribosome	27.4	0.0	0.0
179	__rnase_site_ext	16.6	0.0	0.0
179	p0	0.8	0.0	0.0
179	protein1	757.4	16.2	1.7577710000000004
179	protein2	738.0	17.6	1.727734
179	protein3	422.4	8.2	1.7414144
179	r2	7.6	0.0	0.0
179	rnapol	0.0	0.0	0.0
180	__protein1_rbs	9.8	0.0	0.0
180	__protein2_rbs	12.2	0.0	0.0
180	__protein3_rbs	5.6	0.0	0.0
180	__ribosome	28.2	0.0	0.0
180	__rnase_site_ext	16.6	0.0	0.0
180	p0	1.0	0.0	0.0
180	protein1	763.0	16.4	1.8000252
180	protein2	744.6	17.4	1.6830439999999998
180	protein3	426.0	8.2	1.6485716000000001
180	r2	7.8	0.0	0.0
180	rnapol	0.2	0.0	0.0
181	__protein1_rbs	11.2	0.0	0.0
181	__protein2_rbs	9.4	0.0	0.0
181	__protein3_rbs	5.6	0.0	0.0
181	__ribosome	27.8	0.0	0.0
181	__rnase_site_ext	16.8	0.0	0.0
181	p0	0.8	0.0	0.0
181	protein1	769.6	16.6	1.6930158000000002
181	protein2	750.2	17.4	1.8159382
181	protein3	428.6	8.0	1.6244444000000002
181	r2	7.8	0.0	0.0
181	rnapol	0.0	0.0	0.0
182	__protein1_rbs	9.8	0.0	0.0
182	__protein2_rbs	12.4	0.0	0.0
182	__protein3_rbs	4.8	0.0	0.0
182	__ribosome	27.0	0.0	0.0
182	__rnase_site_ext	16.6	0.0	0.0
182	p0	1.0	0.0	0.0
182	protein1	774.8	16.6	1.805516
182	protein2	756.0	17.6	1.7373482
182	protein3	432.2	8.2	1.5555556000000001
182	r2	8.0	0.0	0.0
182	rnapol	0.2	0.0	0.0
183	__protein1_rbs	11.8	0.0	0.0
183	__protein2_rbs	11.2	0.0	0.0
183	__protein3_rbs	5.4	0.0	0.0
183	__ribosome	27.0	0.0	0.0
183	__rnase_site_ext	16.6	0.0	0.0
183	p0	0.6	0.0	0.0
183	protein1	780.0	16.6	1.7359802000000002
183	protein2	762.0	17.6	1.8205828000000002
183	protein3	435.4	8.2	1.4787299999999999
183	r2	8.0	0.0	0.0
183	rnapol	0.0	0.0	0.0
184	__protein1_rbs	12.0	0.0	0.0
184	__protein2_rbs	11.4	0.0	0.0
184	__protein3_rbs	5.2	0.0	0.0
184	__ribosome	26.0	0.0	0.0
184	__rnase_site_ext	16.8	0.0	0.0
184	p0	1.0	0.0	0.0
184	protein1	785.8	16.6	1.6794118000000002
184	protein2	768.6	17.8	1.8052946
184	protein3	436.8	8.0	1.7440476000000003
184	r2	8.6	0.0	0.0
184	rnapol	0.0	0.0	0.0
185	__protein1_rbs	11.4	0.0	0.0
185	__protein2_rbs	11.8	0.0	0.0
185	__protein3_rbs	4.6	0.0	0.0
185	__ribosome	27.0	0.0	0.0
185	__rnase_site_ext	16.8	0.0	0.0
185	p0	1.0	0.0	0.0
185	protein1	792.8	16.8	1.5675
185	protein2	774.4	18.2	1.7548308000000001
185	protein3	439.8	8.0	1.8178572
185	r2	8.6	0.0	0.0
185	rnapol	0.2	0.0	0.0
186	__protein1_rbs	11.4	0.0	0.0
186	__protein2_rbs	13.2	0.0	0.0
186	__protein3_rbs	4.8	0.0	0.0
186	__ribosome	29.4	0.0	0.0
186	__rnase_site_ext	16.8	0.0	0.0
186	p0	0.6	0.0	0.0
186	protein1	797.8	16.8	1.5902778
186	protein2	782.6	18.4	1.5679823999999998
186	protein3	442.0	8.0	1.8928572
186	r2	8.8	0.0	0.0
186	rnapol	0.0	0.0	0.0
187	__protein1_rbs	10.4	0.0	0.0
187	__protein2_rbs	11.2	0.0	0.0
187	__protein3_rbs	6.0	0.0	0.0
187	__ribosome	27.8	0.0	0.0
187	__rnase_site_ext	16.4	0.0	0.0
187	p0	1.0	0.0	0.0
187	protein1	804.4	16.8	1.5936401999999998
187	protein2	787.6	18.4	1.6873804000000001
187	protein3	444.8	8.6	1.6833334
187	r2	8.8	0.0	0.0
187	rnapol	0.0	0.0	0.0
188	__protein1_rbs	9.4	0.0	0.0
188	__protein2_rbs	11.6	0.0	0.0
188	__protein3_rbs	5.6	0.0	0.0
188	__ribosome	25.4	0.0	0.0
188	__rnase_site_ext	16.2	0.0	0.0
188	p0	0.8	0.0	0.0
188	protein1	809.4	16.6	1.7213448
188	protein2	793.8	18.2	1.7111653999999998
188	protein3	447.8	8.8	1.685
188	r2	8.8	0.0	0.0
188	rnapol	0.4	0.0	0.0
189	__protein1_rbs	9.6	0.0	0.0
189	__protein2_rbs	11.6	0.0	0.0
189	__protein3_rbs	5.4	0.0	0.0
189	__ribosome	25.0	0.0	0.0
189	__rnase_site_ext	16.0	0.0	0.0
189	p0	0.8	0.0	0.0
189	protein1	814.0	16.0	1.8755418000000001
189	protein2	800.2	18.0	1.7069839999999998
189	protein3	450.8	8.8	1.64
189	r2	8.8	0.0	0.0
189	rnapol	0.4	0.0	0.0
190	__protein1_rbs	11.8	0.0	0.0
190	__protein2_rbs	10.8	0.0	0.0
190	__protein3_rbs	5.8	0.0	0.0
190	__ribosome	25.4	0.0	0.0
190	__rnase_site_ext	16.2	0.0	0.0
190	p0	0.6	0.0	0.0
190	protein1	819.2	16.0	1.836157
190	protein2	806.4	18.0	1.7722222
190	protein3	454.4	8.8	1.5699999999999998
190	r2	8.4	0.0	0.0
190	rnapol	0.2	0.0	0.0
191	__protein1_rbs	9.0	0.0	0.0
191	__protein2_rbs	12.2	0.0	0.0
191	__protein3_rbs	5.6	0.0	0.0
191	__ribosome	24.8	0.0	0.0
191	__rnase_site_ext	16.2	0.0	0.0
191	p0	1.0	0.0	0.0
191	protein1	825.4	16.2	1.8691624
191	protein2	812.8	17.8	1.7312933999999998
191	protein3	457.0	9.0	1.620909
191	r2	8.2	0.0	0.0
191	rnapol	0.4	0.0	0.0
192	__protein1_rbs	9.8	0.0	0.0
192	__protein2_rbs	12.2	0.0	0.0
192	__protein3_rbs	4.6	0.0	0.0
192	__ribosome	25.0	0.0	0.0
192	__rnase_site_ext	16.4	0.0	0.0
192	p0	0.6	0.0	0.0
192	protein1	831.6	16.4	1.7791481999999998
192	protein2	818.8	17.8	1.7080116
192	protein3	459.6	9.0	1.7609089999999998
192	r2	8.0	0.0	0.0
192	rnapol	0.6	0.0	0.0
193	__protein1_rbs	9.2	0.0	0.0
193	__protein2_rbs	10.2	0.0	0.0
193	__protein3_rbs	6.2	0.0	0.0
193	__ribosome	25.4	0.0	0.0
193	__rnase_site_ext	16.2	0.0	0.0
193	p0	0.8	0.0	0.0
193	protein1	838.0	16.4	1.7810150000000002
193	protein2	825.8	17.4	1.7513158
193	protein3	462.4	9.0	1.6904546000000003
193	r2	8.0	0.0	0.0
193	rnapol	0.8	0.0	0.0
194	__protein1_rbs	11.2	0.0	0.0
194	__protein2_rbs	11.4	0.0	0.0
194	__protein3_rbs	4.4	0.0	0.0
194	__ribosome	25.4	0.0	0.0
194	__rnase_site_ext	16.6	0.0	0.0
194	p0	0.4	0.0	0.0
194	protein1	843.6	16.0	1.7842721999999998
194	protein2	832.4	17.6	1.6918808
194	protein3	465.2	8.8	1.8933334
194	r2	7.8	0.0	0.0
194	rnapol	0.2	0.0	0.0
195	__protein1_rbs	8.8	0.0	0.0
195	__protein2_rbs	10.8	0.0	0.0
195	__protein3_rbs	6.6	0.0	0.0
195	__ribosome	27.2	0.0	0.0
195	__rnase_site_ext	16.8	0.0	0.0
195	p0	0.8	0.0	0.0
195	protein1	849.6	16.2	1.7693819999999998
195	protein2	838.2	17.6	1.7167158
195	protein3	469.2	8.6	1.6577778
195	r2	7.8	0.0	0.0
195	rnapol	0.2	0.0	0.0
196	__protein1_rbs	10.8	0.0	0.0
196	__protein2_rbs	11.6	0.0	0.0
196	__protein3_rbs	6.0	0.0	0.0
196	__ribosome	26.2	0.0	0.0
196	__rnase_site_ext	16.8	0.0	0.0
196	p0	0.8	0.0	0.0
196	protein1	855.0	16.6	1.7506892
196	protein2	843.8	17.6	1.7777452
196	protein3	472.0	8.2	1.6649999999999998
196	r2	8.0	0.0	0.0
196	rnapol	0.2	0.0	0.0
197	__protein1_rbs	10.8	0.0	0.0
197	__protein2_rbs	12.0	0.0	0.0
197	__protein3_rbs	4.8	0.0	0.0
197	__ribosome	25.6	0.0	0.0
197	__rnase_site_ext	16.4	0.0	0.0
197	p0	0.8	0.0	0.0
197	protein1	860.6	17.0	1.7527256000000002
197	protein2	849.0	17.8	1.7773879999999995
197	protein3	474.8	8.0	1.705
197	r2	8.0	0.0	0.0
197	rnapol	0.0	0.0	0.0
198	__protein1_rbs	9.8	0.0	0.0
198	__protein2_rbs	11.2	0.0	0.0
198	__protein3_rbs	6.2	0.0	0.0
198	__ribosome	25.8	0.0	0.0
198	__rnase_site_ext	16.2	0.0	0.0
198	p0	0.8	0.0	0.0
198	protein1	866.2	16.6	1.8672556
198	protein2	855.6	17.8	1.7497599999999998
198	protein3	478.0	8.0	1.5633333999999999
198	r2	8.0	0.0	0.0
198	rnapol	0.0	0.0	0.0
199	__protein1_rbs	11.8	0.0	0.0
199	__protein2_rbs	11.8	0.0	0.0
199	__protein3_rbs	4.4	0.0	0.0
199	__ribosome	28.2	0.0	0.0
199	__rnase_site_ext	16.6	0.0	0.0
199	p0	0.8	0.0	0.0
199	protein1	871.4	16.2	1.8534196
199	protein2	862.2	18.0	1.666757
199	protein3	481.8	8.0	1.5666666
199	r2	8.0	0.0	0.0
199	rnapol	0.0	0.0	0.0
200	__protein1_rbs	10.2	0.0	0.0
200	__protein2_rbs	10.4	0.0	0.0
200	__protein3_rbs	5.6	0.0	0.0
200	__ribosome	30.0	0.0	0.0
200	__rnase_site_ext	16.8	0.0	0.0
200	p0	0.8	0.0	0.0
200	protein1	878.8	16.4	1.73065
200	protein2	869.4	18.2	1.6493404000000005
200	protein3	484.2	8.2	1.5545454
200	r2	8.2	0.0	0.0
200	rnapol	0.0	0.0	0.0
201	__protein1_rbs	9.8	0.0	0.0
201	__protein2_rbs	11.2	0.0	0.0
201	__protein3_rbs	4.4	0.0	0.0
201	__ribosome	25.2	0.0	0.0
201	__rnase_site_ext	16.2	0.0	0.0
201	p0	1.0	0.0	0.0
201	protein1	884.6	16.6	1.7712054
201	protein2	874.2	18.6	1.7029484000000001
201	protein3	486.4	8.0	1.7733333999999998
201	r2	8.2	0.0	0.0
201	rnapol	0.0	0.0	0.0
202	__protein1_rbs	9.8	0.0	0.0
202	__protein2_rbs	12.4	0.0	0.0
202	__protein3_rbs	5.6	0.0	0.0
202	__ribosome	25.2	0.0	0.0
202	__rnase_site_ext	16.2	0.0	0.0
202	p0	1.0	0.0	0.0
202	protein1	890.2	16.2	1.8700956
202	protein2	881.0	18.6	1.6740716
202	protein3	488.8	8.0	1.7566665999999995
202	r2	8.4	0.0	0.0
202	rnapol	0.0	0.0	0.0
203	__protein1_rbs	10.8	0.0	0.0
203	__protein2_rbs	11.2	0.0	0.0
203	__protein3_rbs	5.0	0.0	0.0
203	__ribosome	22.0	0.0	0.0
203	__rnase_site_ext	15.8	0.0	0.0
203	p0	0.8	0.0	0.0
203	protein1	896.4	16.2	1.8451794
203	protein2	885.6	18.2	1.8277288000000005
203	protein3	490.6	8.4	1.8472224
203	r2	8.2	0.0	0.0
203	rnapol	0.0	0.0	0.0
204	__protein1_rbs	10.8	0.0	0.0
204	__protein2_rbs	11.6	0.0	0.0
204	__protein3_rbs	6.0	0.0	0.0
204	__ribosome	23.4	0.0	0.0
204	__rnase_site_ext	16.2	0.0	0.0
204	p0	0.8	0.0	0.0
204	protein1	900.8	16.0	1.8774746
204	protein2	892.2	18.2	1.8297222
204	protein3	494.6	8.4	1.6372222
204	r2	8.0	0.0	0.0
204	rnapol	0.4	0.0	0.0
205	__protein1_rbs	9.8	0.0	0.0
205	__protein2_rbs	12.8	0.0	0.0
205	__protein3_rbs	5.6	0.0	0.0
205	__ribosome	24.8	0.0	0.0
205	__rnase_site_ext	16.2	0.0	0.0
205	p0	0.6	0.0	0.0
205	protein1	907.4	16.0	1.883889
205	protein2	899.8	18.2	1.6991246
205	protein3	497.0	8.6	1.6865080000000003
205	r2	7.6	0.0	0.0
205	rnapol	0.4	0.0	0.0
206	__protein1_rbs	10.0	0.0	0.0
206	__protein2_rbs	12.8	0.0	0.0
206	__protein3_rbs	5.2	0.0	0.0
206	__ribosome	27.0	0.0	0.0
206	__rnase_site_ext	16.6	0.0	0.0
206	p0	0.6	0.0	0.0
206	protein1	913.8	16.2	1.8195874
206	protein2	906.2	18.4	1.6184524
206	protein3	500.8	8.6	1.6623807999999998
206	r2	7.4	0.0	0.0
206	rnapol	0.0	0.0	0.0
207	__protein1_rbs	10.8	0.0	0.0
207	__protein2_rbs	10.8	0.0	0.0
207	__protein3_rbs	5.8	0.0	0.0
207	__ribosome	26.6	0.0	0.0
207	__rnase_site_ext	16.6	0.0	0.0
207	p0	1.0	0.0	0.0
207	protein1	919.6	16.6	1.7866176
207	protein2	913.2	18.2	1.6549092
207	protein3	503.2	8.4	1.7309523999999998
207	r2	7.8	0.0	0.0
207	rnapol	0.0	0.0	0.0
208	__protein1_rbs	9.2	0.0	0.0
208	__protein2_rbs	11.8	0.0	0.0
208	__protein3_rbs	4.8	0.0	0.0
208	__ribosome	26.6	0.0	0.0
208	__rnase_site_ext	16.2	0.0	0.0
208	p0	1.0	0.0	0.0
208	protein1	926.4	16.6	1.8198683999999998
208	protein2	919.4	18.2	1.6343688
208	protein3	506.4	7.8	1.8114286
208	r2	7.8	0.0	0.0
208	rnapol	0.4	0.0	0.0
209	__protein1_rbs	11.0	0.0	0.0
209	__protein2_rbs	12.2	0.0	0.0
209	__protein3_rbs	5.4	0.0	0.0
209	__ribosome	26.4	0.0	0.0
209	__rnase_site_ext	16.4	0.0	0.0
209	p0	0.6	0.0	0.0
209	protein1	931.4	16.4	1.8493034
209	protein2	925.4	18.0	1.6710572000000004
209	protein3	508.4	7.6	1.9285714
209	r2	8.2	0.0	0.0
209	rnapol	0.0	0.0	0.0
210	__protein1_rbs	11.4	0.0	0.0
210	__protein2_rbs	11.0	0.0	0.0
210	__protein3_rbs	4.4	0.0	0.0
210	__ribosome	26.6	0.0	0.0
210	__rnase_site_ext	16.4	0.0	0.0
210	p0	1.0	0.0	0.0
210	protein1	937.6	16.2	1.7974348000000002
210	protein2	931.6	18.0	1.7231615999999998
210	protein3	512.4	7.8	1.8080952000000001
210	r2	8.2	0.0	0.0
210	rnapol	0.2	0.0	0.0
211	__protein1_rbs	10.4	0.0	0.0
211	__protein2_rbs	11.6	0.0	0.0
211	__protein3_rbs	5.0	0.0	0.0
211	__ribosome	25.8	0.0	0.0
211	__rnase_site_ext	16.8	0.0	0.0
211	p0	0.6	0.0	0.0
211	protein1	943.0	16.4	1.8350396
211	protein2	937.4	17.8	1.7102818
211	protein3	514.8	8.0	1.7686148000000002
211	r2	8.2	0.0	0.0
211	rnapol	0.0	0.0	0.0
212	__protein1_rbs	11.0	0.0	0.0
212	__protein2_rbs	10.4	0.0	0.0
212	__protein3_rbs	5.2	0.0	0.0
212	__ribosome	26.0	0.0	0.0
212	__rnase_site_ext	16.2	0.0	0.0
212	p0	1.0	0.0	0.0
212	protein1	950.4	16.4	1.6647381999999997
212	protein2	942.8	17.8	1.8427244000000005
212	protein3	517.6	8.2	1.8119046000000003
212	r2	8.2	0.0	0.0
212	rnapol	0.0	0.0	0.0
213	__protein1_rbs	10.2	0.0	0.0
213	__protein2_rbs	11.0	0.0	0.0
213	__protein3_rbs	6.0	0.0	0.0
213	__ribosome	27.2	0.0	0.0
213	__rnase_site_ext	16.0	0.0	0.0
213	p0	0.8	0.0	0.0
213	protein1	955.2	16.2	1.7282142
213	protein2	950.0	17.2	1.8337074
213	protein3	521.0	8.4	1.6130951999999998
213	r2	8.4	0.0	0.0
213	rnapol	0.0	0.0	0.0
214	__protein1_rbs	9.8	0.0	0.0
214	__protein2_rbs	10.6	0.0	0.0
214	__protein3_rbs	6.4	0.0	0.0
214	__ribosome	25.2	0.0	0.0
214	__rnase_site_ext	16.2	0.0	0.0
214	p0	0.8	0.0	0.0
214	protein1	961.2	16.0	1.7661905999999998
214	protein2	955.0	17.6	1.8890756000000004
214	protein3	523.2	8.8	1.5462758
214	r2	8.4	0.0	0.0
214	rnapol	0.0	0.0	0.0
215	__protein1_rbs	10.4	0.0	0.0
215	__protein2_rbs	12.0	0.0	0.0
215	__protein3_rbs	5.8	0.0	0.0
215	__ribosome	26.6	0.0	0.0
215	__rnase_site_ext	16.4	0.0	0.0
215	p0	1.0	0.0	0.0
215	protein1	967.4	16.2	1.7565966
215	protein2	961.4	17.8	1.8647618
215	protein3	526.8	8.6	1.5028082
215	r2	8.0	0.0	0.0
215	rnapol	0.0	0.0	0.0
216	__protein1_rbs	10.2	0.0	0.0
216	__protein2_rbs	11.0	0.0	0.0
216	__protein3_rbs	5.8	0.0	0.0
216	__ribosome	27.2	0.0	0.0
216	__rnase_site_ext	16.4	0.0	0.0
216	p0	1.0	0.0	0.0
216	protein1	972.4	16.4	1.7966738000000002
216	protein2	968.6	17.4	1.8525270000000005
216	protein3	529.6	8.4	1.5126372
216	r2	8.0	0.0	0.0
216	rnapol	0.2	0.0	0.0
217	__protein1_rbs	11.2	0.0	0.0
217	__protein2_rbs	11.4	0.0	0.0
217	__protein3_rbs	5.8	0.0	0.0
217	__ribosome	26.8	0.0	0.0
217	__rnase_site_ext	16.6	0.0	0.0
217	p0	0.6	0.0	0.0
217	protein1	978.2	16.6	1.8020468
217	protein2	975.4	17.6	1.7982166000000002
217	protein3	531.8	8.4	1.5565931999999998
217	r2	7.8	0.0	0.0
217	rnapol	0.2	0.0	0.0
218	__protein1_rbs	10.6	0.0	0.0
218	__protein2_rbs	11.2	0.0	0.0
218	__protein3_rbs	4.4	0.0	0.0
218	__ribosome	25.4	0.0	0.0
218	__rnase_site_ext	16.4	0.0	0.0
218	p0	1.0	0.0	0.0
218	protein1	984.2	16.6	1.803865
218	protein2	981.6	17.6	1.7836227999999998
218	protein3	534.4	8.2	1.7898352000000002
218	r2	7.8	0.0	0.0
218	rnapol	0.2	0.0	0.0
219	__protein1_rbs	11.2	0.0	0.0
219	__protein2_rbs	10.2	0.0	0.0
219	__protein3_rbs	5.4	0.0	0.0
219	__ribosome	26.0	0.0	0.0
219	__rnase_site_ext	16.2	0.0	0.0
219	p0	0.6	0.0	0.0
219	protein1	990.2	16.4	1.7967085999999999
219	protein2	988.0	17.8	1.7993929999999998
219	protein3	537.2	8.0	1.7202379999999995
219	r2	8.0	0.0	0.0
219	rnapol	0.2	0.0	0.0
220	__protein1_rbs	9.8	0.0	0.0
220	__protein2_rbs	13.4	0.0	0.0
220	__protein3_rbs	4.8	0.0	0.0
220	__ribosome	25.2	0.0	0.0
220	__rnase_site_ext	16.2	0.0	0.0
220	p0	0.6	0.0	0.0
220	protein1	996.8	16.2	1.827304
220	protein2	993.6	17.8	1.7466269999999997
220	protein3	539.0	8.0	1.8928572
220	r2	7.8	0.0	0.0
220	rnapol	0.2	0.0	0.0
221	__protein1_rbs	10.0	0.0	0.0
221	__protein2_rbs	12.8	0.0	0.0
221	__protein3_rbs	4.4	0.0	0.0
221	__ribosome	26.2	0.0	0.0
221	__rnase_site_ext	16.4	0.0	0.0
221	p0	0.8	0.0	0.0
221	protein1	1002.8	16.6	1.815406
221	protein2	1000.2	17.6	1.7190476
221	protein3	543.0	8.0	1.8425326
221	r2	8.2	0.0	0.0
221	rnapol	0.0	0.0	0.0
222	__protein1_rbs	9.8	0.0	0.0
222	__protein2_rbs	11.4	0.0	0.0
222	__protein3_rbs	6.2	0.0	0.0
222	__ribosome	25.8	0.0	0.0
222	__rnase_site_ext	16.6	0.0	0.0
222	p0	0.8	0.0	0.0
222	protein1	1009.0	16.4	1.8409128000000001
222	protein2	1006.6	17.6	1.6960463999999995
222	protein3	544.6	8.4	1.8217532
222	r2	8.2	0.0	0.0
222	rnapol	0.2	0.0	0.0
223	__protein1_rbs	11.0	0.0	0.0
223	__protein2_rbs	12.0	0.0	0.0
223	__protein3_rbs	5.4	0.0	0.0
223	__ribosome	27.6	0.0	0.0
223	__rnase_site_ext	16.6	0.0	0.0
223	p0	0.8	0.0	0.0
223	protein1	1014.4	16.6	1.8523232
223	protein2	1013.6	17.8	1.6121406
223	protein3	548.0	8.0	1.859596
223	r2	8.4	0.0	0.0
223	rnapol	0.0	0.0	0.0
224	__protein1_rbs	11.4	0.0	0.0
224	__protein2_rbs	11.0	0.0	0.0
224	__protein3_rbs	5.2	0.0	0.0
224	__ribosome	27.6	0.0	0.0
224	__rnase_site_ext	16.6	0.0	0.0
224	p0	1.0	0.0	0.0
224	protein1	1019.8	16.6	1.8401556000000001
224	protein2	1019.2	17.6	1.6804200000000002
224	protein3	551.2	8.2	1.7574314000000002
224	r2	8.6	0.0	0.0
224	rnapol	0.0	0.0	0.0
225	__protein1_rbs	10.2	0.0	0.0
225	__protein2_rbs	10.8	0.0	0.0
225	__protein3_rbs	5.8	0.0	0.0
225	__ribosome	26.6	0.0	0.0
225	__rnase_site_ext	16.4	0.0	0.0
225	p0	1.0	0.0	0.0
225	protein1	1026.0	16.6	1.7898294
225	protein2	1024.4	17.4	1.8035046
225	protein3	553.8	8.4	1.6733044
225	r2	8.8	0.0	0.0
225	rnapol	0.0	0.0	0.0
226	__protein1_rbs	10.2	0.0	0.0
226	__protein2_rbs	11.8	0.0	0.0
226	__protein3_rbs	6.2	0.0	0.0
226	__ribosome	29.4	0.0	0.0
226	__rnase_site_ext	16.2	0.0	0.0
226	p0	0.8	0.0	0.0
226	protein1	1032.4	16.4	1.7951829999999998
226	protein2	1031.0	17.8	1.7190946
226	protein3	558.0	8.4	1.4839104
226	r2	8.6	0.0	0.0
226	rnapol	0.0	0.0	0.0
227	__protein1_rbs	9.0	0.0	0.0
227	__protein2_rbs	12.2	0.0	0.0
227	__protein3_rbs	5.0	0.0	0.0
227	__ribosome	27.2	0.0	0.0
227	__rnase_site_ext	15.8	0.0	0.0
227	p0	1.0	0.0	0.0
227	protein1	1039.0	16.2	1.822378
227	protein2	1036.2	17.6	1.7986103999999998
227	protein3	560.4	8.8	1.5075755999999998
227	r2	8.6	0.0	0.0
227	rnapol	0.4	0.0	0.0
228	__protein1_rbs	10.4	0.0	0.0
228	__protein2_rbs	11.6	0.0	0.0
228	__protein3_rbs	5.6	0.0	0.0
228	__ribosome	25.4	0.0	0.0
228	__rnase_site_ext	16.2	0.0	0.0
228	p0	0.8	0.0	0.0
228	protein1	1044.4	15.8	1.8587770000000001
228	protein2	1042.0	17.8	1.790315
228	protein3	562.8	8.8	1.5939393999999998
228	r2	8.6	0.0	0.0
228	rnapol	0.2	0.0	0.0
229	__protein1_rbs	10.2	0.0	0.0
229	__protein2_rbs	11.6	0.0	0.0
229	__protein3_rbs	4.6	0.0	0.0
229	__ribosome	25.6	0.0	0.0
229	__rnase_site_ext	16.4	0.0	0.0
229	p0	1.0	0.0	0.0
229	protein1	1049.6	16.2	1.872498
229	protein2	1050.8	17.8	1.6224333999999998
229	protein3	565.2	8.8	1.834596
229	r2	8.6	0.0	0.0
229	rnapol	0.4	0.0	0.0
230	__protein1_rbs	9.4	0.0	0.0
230	__protein2_rbs	12.4	0.0	0.0
230	__protein3_rbs	6.0	0.0	0.0
230	__ribosome	24.8	0.0	0.0
230	__rnase_site_ext	16.8	0.0	0.0
230	p0	0.6	0.0	0.0
230	protein1	1055.0	16.4	1.9009919999999998
230	protein2	1056.4	18.2	1.6218595999999998
230	protein3	568.6	8.6	1.7886364
230	r2	8.8	0.0	0.0
230	rnapol	0.0	0.0	0.0
231	__protein1_rbs	12.2	0.0	0.0
231	__protein2_rbs	14.2	0.0	0.0
231	__protein3_rbs	5.0	0.0	0.0
231	__ribosome	28.0	0.0	0.0
231	__rnase_site_ext	16.8	0.0	0.0
231	p0	1.0	0.0	0.0
231	protein1	1061.0	16.4	1.7811508000000003
231	protein2	1063.4	18.2	1.4509252000000001
231	protein3	570.4	8.8	1.965404
231	r2	8.8	0.0	0.0
231	rnapol	0.0	0.0	0.0
232	__protein1_rbs	10.2	0.0	0.0
232	__protein2_rbs	10.8	0.0	0.0
232	__protein3_rbs	5.2	0.0	0.0
232	__ribosome	25.0	0.0	0.0
232	__rnase_site_ext	16.2	0.0	0.0
232	p0	0.6	0.0	0.0
232	protein1	1067.6	16.8	1.7379901999999998
232	protein2	1068.2	18.4	1.581033
232	protein3	574.0	8.6	2.0
232	r2	9.0	0.0	0.0
232	rnapol	0.2	0.0	0.0
233	__protein1_rbs	10.8	0.0	0.0
233	__protein2_rbs	11.4	0.0	0.0
233	__protein3_rbs	5.4	0.0	0.0
233	__ribosome	24.4	0.0	0.0
233	__rnase_site_ext	16.6	0.0	0.0
233	p0	0.8	0.0	0.0
233	protein1	1075.0	16.6	1.691793
233	protein2	1072.6	18.0	1.7428093999999998
233	protein3	577.4	9.0	1.961111
233	r2	9.0	0.0	0.0
233	rnapol	0.0	0.0	0.0
234	__protein1_rbs	10.8	0.0	0.0
234	__protein2_rbs	11.6	0.0	0.0
234	__protein3_rbs	5.0	0.0	0.0
234	__ribosome	23.2	0.0	0.0
234	__rnase_site_ext	16.2	0.0	0.0
234	p0	1.0	0.0	0.0
234	protein1	1079.4	16.6	1.7646276
234	protein2	1079.4	18.0	1.6828429999999996
234	protein3	580.8	8.8	2.0571428000000003
234	r2	9.2	0.0	0.0
234	rnapol	0.0	0.0	0.0
235	__protein1_rbs	9.6	0.0	0.0
235	__protein2_rbs	12.0	0.0	0.0
235	__protein3_rbs	6.4	0.0	0.0
235	__ribosome	24.2	0.0	0.0
235	__rnase_site_ext	16.2	0.0	0.0
235	p0	1.0	0.0	0.0
235	protein1	1085.6	16.4	1.8044444
235	protein2	1084.8	17.2	1.766741
235	protein3	584.6	9.0	1.8333332
235	r2	9.2	0.0	0.0
235	rnapol	0.2	0.0	0.0
236	__protein1_rbs	11.8	0.0	0.0
236	__protein2_rbs	12.0	0.0	0.0
236	__protein3_rbs	4.6	0.0	0.0
236	__ribosome	25.4	0.0	0.0
236	__rnase_site_ext	15.8	0.0	0.0
236	p0	1.0	0.0	0.0
236	protein1	1091.6	16.2	1.7121499999999998
236	protein2	1090.4	17.4	1.7446718
236	protein3	588.2	9.0	1.9111112000000001
236	r2	9.2	0.0	0.0
236	rnapol	0.6	0.0	0.0
237	__protein1_rbs	10.8	0.0	0.0
237	__protein2_rbs	10.2	0.0	0.0
237	__protein3_rbs	7.4	0.0	0.0
237	__ribosome	26.8	0.0	0.0
237	__rnase_site_ext	16.2	0.0	0.0
237	p0	0.4	0.0	0.0
237	protein1	1097.8	15.8	1.7807034000000002
237	protein2	1098.0	17.4	1.7444727999999998
237	protein3	591.2	9.4	1.783077
237	r2	9.0	0.0	0.0
237	rnapol	0.0	0.0	0.0
238	__protein1_rbs	10.4	0.0	0.0
238	__protein2_rbs	12.6	0.0	0.0
238	__protein3_rbs	4.6	0.0	0.0
238	__ribosome	27.8	0.0	0.0
238	__rnase_site_ext	16.0	0.0	0.0
238	p0	0.8	0.0	0.0
238	protein1	1104.4	15.8	1.7630554
238	protein2	1103.6	17.4	1.700881
238	protein3	595.4	9.2	1.8256593999999997
238	r2	8.8	0.0	0.0
238	rnapol	0.2	0.0	0.0
239	__protein1_rbs	11.0	0.0	0.0
239	__protein2_rbs	10.8	0.0	0.0
239	__protein3_rbs	5.2	0.0	0.0
239	__ribosome	29.4	0.0	0.0
239	__rnase_site_ext	16.2	0.0	0.0
239	p0	0.8	0.0	0.0
239	protein1	1110.4	16.0	1.5823736000000002
239	protein2	1110.0	18.0	1.679916
239	protein3	599.6	9.2	1.7541209999999998
239	r2	8.6	0.0	0.0
239	rnapol	0.2	0.0	0.0
240	__protein1_rbs	10.4	0.0	0.0
240	__protein2_rbs	11.0	0.0	0.0
240	__protein3_rbs	6.0	0.0	0.0
240	__ribosome	27.2	0.0	0.0
240	__rnase_site_ext	16.2	0.0	0.0
240	p0	0.6	0.0	0.0
240	protein1	1115.6	16.2	1.6043954
240	protein2	1115.0	17.8	1.7967498
240	protein3	602.4	9.2	1.8066484
240	r2	8.6	0.0	0.0
240	rnapol	0.0	0.0	0.0
241	__protein1_rbs	10.4	0.0	0.0
241	__protein2_rbs	11.2	0.0	0.0
241	__protein3_rbs	7.0	0.0	0.0
241	__ribosome	26.4	0.0	0.0
241	__rnase_site_ext	16.2	0.0	0.0
241	p0	1.0	0.0	0.0
241	protein1	1120.2	16.2	1.6716993999999998
241	protein2	1120.8	18.0	1.7858223999999998
241	protein3	605.2	9.0	1.7890658000000002
241	r2	8.6	0.0	0.0
241	rnapol	0.4	0.0	0.0
242	__protein1_rbs	11.4	0.0	0.0
242	__protein2_rbs	11.2	0.0	0.0
242	__protein3_rbs	6.0	0.0	0.0
242	__ribosome	26.6	0.0	0.0
242	__rnase_site_ext	16.4	0.0	0.0
242	p0	0.8	0.0	0.0
242	protein1	1125.4	16.4	1.6435273999999997
242	protein2	1128.4	18.0	1.7785031999999998
242	protein3	608.2	9.0	1.7616486000000002
242	r2	8.8	0.0	0.0
242	rnapol	0.2	0.0	0.0
243	__protein1_rbs	10.8	0.0	0.0
243	__protein2_rbs	11.6	0.0	0.0
243	__protein3_rbs	4.8	0.0	0.0
243	__ribosome	26.2	0.0	0.0
243	__rnase_site_ext	16.6	0.0	0.0
243	p0	0.8	0.0	0.0
243	protein1	1131.4	16.2	1.6193421999999995
243	protein2	1133.8	17.6	1.8517333999999999
243	protein3	611.6	8.6	1.9118742
243	r2	9.0	0.0	0.0
243	rnapol	0.4	0.0	0.0
244	__protein1_rbs	11.6	0.0	0.0
244	__protein2_rbs	10.2	0.0	0.0
244	__protein3_rbs	6.4	0.0	0.0
244	__ribosome	28.4	0.0	0.0
244	__rnase_site_ext	16.6	0.0	0.0
244	p0	0.8	0.0	0.0
244	protein1	1136.6	16.4	1.5500744
244	protein2	1141.6	17.6	1.8930556
244	protein3	616.0	8.8	1.5982906000000001
244	r2	9.0	0.0	0.0
244	rnapol	0.2	0.0	0.0
245	__protein1_rbs	11.0	0.0	0.0
245	__protein2_rbs	9.8	0.0	0.0
245	__protein3_rbs	5.4	0.0	0.0
245	__ribosome	23.6	0.0	0.0
245	__rnase_site_ext	16.6	0.0	0.0
245	p0	0.8	0.0	0.0
245	protein1	1141.6	16.8	1.6170772
245	protein2	1147.4	17.8	1.9892378
245	protein3	618.4	8.8	1.7388887999999998
245	r2	8.4	0.0	0.0
245	rnapol	0.2	0.0	0.0
246	__protein1_rbs	10.6	0.0	0.0
246	__protein2_rbs	12.2	0.0	0.0
246	__protein3_rbs	5.8	0.0	0.0
246	__ribosome	25.0	0.0	0.0
246	__rnase_site_ext	16.6	0.0	0.0
246	p0	0.8	0.0	0.0
246	protein1	1147.2	16.4	1.6401939999999997
246	protein2	1154.2	17.8	1.8970202
246	protein3	621.2	9.0	1.7899574
246	r2	8.6	0.0	0.0
246	rnapol	0.0	0.0	0.0
247	__protein1_rbs	11.0	0.0	0.0
247	__protein2_rbs	10.4	0.0	0.0
247	__protein3_rbs	6.2	0.0	0.0
247	__ribosome	25.6	0.0	0.0
247	__rnase_site_ext	16.4	0.0	0.0
247	p0	1.0	0.0	0.0
247	protein1	1153.4	16.6	1.6076953999999999
247	protein2	1160.4	18.0	1.8915151999999997
247	protein3	624.6	9.2	1.700855
247	r2	8.4	0.0	0.0
247	rnapol	0.0	0.0	0.0
248	__protein1_rbs	12.2	0.0	0.0
248	__protein2_rbs	10.2	0.0	0.0
248	__protein3_rbs	6.0	0.0	0.0
248	__ribosome	25.6	0.0	0.0
248	__rnase_site_ext	16.0	0.0	0.0
248	p0	1.0	0.0	0.0
248	protein1	1157.8	16.4	1.567544
248	protein2	1168.2	17.6	1.9468006000000002
248	protein3	627.8	9.2	1.7051284
248	r2	8.4	0.0	0.0
248	rnapol	0.0	0.0	0.0
249	__protein1_rbs	9.0	0.0	0.0
249	__protein2_rbs	12.6	0.0	0.0
249	__protein3_rbs	7.8	0.0	0.0
249	__ribosome	25.0	0.0	0.0
249	__rnase_site_ext	15.8	0.0	0.0
249	p0	0.8	0.0	0.0
249	protein1	1162.2	16.0	1.791111
249	protein2	1175.2	17.8	1.8412632
249	protein3	630.2	9.0	1.7515383999999998
249	r2	8.4	0.0	0.0
249	rnapol	0.0	0.0	0.0
250	__protein1_rbs	10.4	0.0	0.0
250	__protein2_rbs	12.0	0.0	0.0
250	__protein3_rbs	4.2	0.0	0.0
250	__ribosome	24.2	0.0	0.0
250	__rnase_site_ext	15.6	0.0	0.0
250	p0	1.0	0.0	0.0
250	protein1	1167.4	16.0	1.8655556
250	protein2	1182.6	17.8	1.7758786
250	protein3	634.2	8.8	1.823016
250	r2	8.2	0.0	0.0
250	rnapol	0.2	0.0	0.0
