time	species	protein	transcript	ribo_density
0	__protein1_rbs	0.0	0.0	0.0
0	__protein2_rbs	0.0	0.0	0.0
0	__protein3_rbs	0.0	0.0	0.0
0	__ribosome	100.0	0.0	0.0
0	__rnase_site_ext	0.0	0.0	0.0
0	p0	1.0	0.0	0.0
0	p1	1.0	0.0	0.0
0	r0	0.0	0.0	0.0
0	rnapol	4.0	0.0	0.0
1	__protein1_rbs	0.0	0.0	0.0
1	__protein2_rbs	0.0	0.0	0.0
1	__protein3_rbs	0.0	0.0	0.0
1	__ribosome	100.0	0.0	0.0
1	__rnase_site_ext	0.9	0.0	0.0
1	p0	0.35	0.0	0.0
1	p1	0.95	0.0	0.0
1	r0	0.0	0.0	0.0
1	rnapol	2.9	0.0	0.0
2	__protein1_rbs	0.25	0.0	0.0
2	__protein2_rbs	0.0	0.0	0.0
2	__protein3_rbs	0.0	0.0	0.0
2	__ribosome	99.95	0.0	0.0
2	__rnase_site_ext	1.6	0.0	0.0
2	p0	0.35	0.0	0.0
2	p1	0.8	0.0	0.0
2	protein1	0.0	0.3	0.05
2	r0	0.95	0.0	0.0
2	rnapol	2.1	0.0	0.0
3	__protein1_rbs	0.55	0.0	0.0
3	__protein2_rbs	0.0	0.0	0.0
3	__protein3_rbs	0.0	0.0	0.0
3	__ribosome	99.35	0.0	0.0
3	__rnase_site_ext	2.3	0.0	0.0
3	p0	0.35	0.0	0.0
3	p1	1.0	0.0	0.0
3	protein1	0.0	1.0	0.625
3	r0	1.65	0.0	0.0
3	rnapol	1.45	0.0	0.0
4	__protein1_rbs	0.55	0.0	0.0
4	__protein2_rbs	0.1	0.0	0.0
4	__protein3_rbs	0.0	0.0	0.0
4	__ribosome	98.25	0.0	0.0
4	__rnase_site_ext	2.55	0.0	0.0
4	p0	0.7	0.0	0.0
4	p1	1.0	0.0	0.0
4	protein1	0.0	1.7	1.05
4	protein2	0.0	0.1	0.0
4	r0	2.15	0.0	0.0
4	rnapol	1.15	0.0	0.0
5	__protein1_rbs	1.0	0.0	0.0
5	__protein2_rbs	0.1	0.0	0.0
5	__protein3_rbs	0.0	0.0	0.0
5	__ribosome	96.8	0.0	0.0
5	__rnase_site_ext	3.1	0.0	0.0
5	p0	0.8	0.0	0.0
5	p1	1.0	0.0	0.0
5	protein1	0.0	2.25	1.4749999500000002
5	protein2	0.0	0.2	0.1
5	r0	2.4	0.0	0.0
5	rnapol	0.75	0.0	0.0
6	__protein1_rbs	0.85	0.0	0.0
6	__protein2_rbs	0.0	0.0	0.0
6	__protein3_rbs	0.0	0.0	0.0
6	__ribosome	95.0	0.0	0.0
6	__rnase_site_ext	3.2	0.0	0.0
6	p0	0.85	0.0	0.0
6	p1	0.95	0.0	0.0
6	protein1	0.0	2.5	1.94999995
6	protein2	0.0	0.25	0.4
6	r0	2.75	0.0	0.0
6	rnapol	0.55	0.0	0.0
7	__protein1_rbs	1.05	0.0	0.0
7	__protein2_rbs	0.05	0.0	0.0
7	__protein3_rbs	0.0	0.0	0.0
7	__ribosome	93.45	0.0	0.0
7	__rnase_site_ext	3.3	0.0	0.0
7	p0	0.85	0.0	0.0
7	p1	0.3	0.0	0.0
7	protein1	0.2	2.7	2.4124999500000004
7	protein2	0.0	0.25	0.55
7	r0	2.8	0.0	0.0
7	rnapol	0.35	0.0	0.0
8	__protein1_rbs	1.05	0.0	0.0
8	__protein2_rbs	0.05	0.0	0.0
8	__protein3_rbs	0.0	0.0	0.0
8	__ribosome	91.9	0.0	0.0
8	__rnase_site_ext	3.55	0.0	0.0
8	p0	0.8	0.0	0.0
8	p1	0.0	0.0	0.0
8	protein1	0.65	2.85	2.7875
8	protein2	0.0	0.25	0.7
8	r0	2.9	0.0	0.0
8	rnapol	0.15	0.0	0.0
9	__protein1_rbs	1.15	0.0	0.0
9	__protein2_rbs	0.1	0.0	0.0
9	__protein3_rbs	0.0	0.0	0.0
9	__ribosome	91.0	0.0	0.0
9	__rnase_site_ext	3.7	0.0	0.0
9	p0	0.9	0.0	0.0
9	p1	0.1	0.0	0.0
9	protein1	1.7	2.9	3.00833335
9	protein2	0.0	0.3	0.9
9	r0	3.0	0.0	0.0
9	rnapol	0.1	0.0	0.0
10	__protein1_rbs	1.05	0.0	0.0
10	__protein2_rbs	0.2	0.0	0.0
10	__protein3_rbs	0.0	0.0	0.0
10	__ribosome	90.1	0.0	0.0
10	__rnase_site_ext	3.7	0.0	0.0
10	p0	1.0	0.0	0.0
10	p1	0.15	0.0	0.0
10	protein1	2.75	3.05	3.1791666000000003
10	protein2	0.15	0.35	0.775
10	r0	3.15	0.0	0.0
10	rnapol	0.1	0.0	0.0
11	__protein1_rbs	1.15	0.0	0.0
11	__protein2_rbs	0.4	0.0	0.0
11	__protein3_rbs	0.0	0.0	0.0
11	__ribosome	89.05	0.0	0.0
11	__rnase_site_ext	3.75	0.0	0.0
11	p0	0.95	0.0	0.0
11	p1	0.3	0.0	0.0
11	protein1	4.3	3.15	3.12916665
11	protein2	0.25	1.1	1.075
11	r0	3.15	0.0	0.0
11	rnapol	0.05	0.0	0.0
12	__protein1_rbs	0.65	0.0	0.0
12	__protein2_rbs	0.55	0.0	0.0
12	__protein3_rbs	0.05	0.0	0.0
12	__ribosome	87.7	0.0	0.0
12	__rnase_site_ext	3.75	0.0	0.0
12	p0	1.0	0.0	0.0
12	p1	0.35	0.0	0.0
12	protein1	5.9	3.1	3.2416667
12	protein2	0.45	1.5	1.36666665
12	protein3	0.0	0.15	0.1
12	r0	3.15	0.0	0.0
12	rnapol	0.05	0.0	0.0
13	__protein1_rbs	1.0	0.0	0.0
13	__protein2_rbs	0.8	0.0	0.0
13	__protein3_rbs	0.05	0.0	0.0
13	__ribosome	86.5	0.0	0.0
13	__rnase_site_ext	3.65	0.0	0.0
13	p0	1.0	0.0	0.0
13	p1	0.8	0.0	0.0
13	protein1	7.9	3.15	3.1875000000000004
13	protein2	0.65	2.15	1.55833335
13	protein3	0.0	0.25	0.25
13	r0	3.15	0.0	0.0
13	rnapol	0.05	0.0	0.0
14	__protein1_rbs	1.3	0.0	0.0
14	__protein2_rbs	0.9	0.0	0.0
14	__protein3_rbs	0.1	0.0	0.0
14	__ribosome	84.45	0.0	0.0
14	__rnase_site_ext	3.6	0.0	0.0
14	p0	1.0	0.0	0.0
14	p1	0.85	0.0	0.0
14	protein1	9.4	3.15	3.2708333000000005
14	protein2	0.85	2.6	1.85833335
14	protein3	0.0	0.25	0.4
14	r0	3.15	0.0	0.0
14	rnapol	0.05	0.0	0.0
15	__protein1_rbs	1.3	0.0	0.0
15	__protein2_rbs	1.4	0.0	0.0
15	__protein3_rbs	0.1	0.0	0.0
15	__ribosome	82.7	0.0	0.0
15	__rnase_site_ext	3.65	0.0	0.0
15	p0	1.0	0.0	0.0
15	p1	0.65	0.0	0.0
15	protein1	11.4	3.15	3.29166665
15	protein2	1.05	3.2	2.01666675
15	protein3	0.0	0.25	0.6
15	r0	3.15	0.0	0.0
15	rnapol	0.0	0.0	0.0
16	__protein1_rbs	0.95	0.0	0.0
16	__protein2_rbs	1.15	0.0	0.0
16	__protein3_rbs	0.1	0.0	0.0
16	__ribosome	80.55	0.0	0.0
16	__rnase_site_ext	3.55	0.0	0.0
16	p0	1.0	0.0	0.0
16	p1	0.85	0.0	0.0
16	protein1	13.05	3.1	3.4041666
16	protein2	1.75	3.45	2.3125
16	protein3	0.0	0.25	0.8
16	r0	3.1	0.0	0.0
16	rnapol	0.05	0.0	0.0
17	__protein1_rbs	1.15	0.0	0.0
17	__protein2_rbs	1.35	0.0	0.0
17	__protein3_rbs	0.1	0.0	0.0
17	__ribosome	79.55	0.0	0.0
17	__rnase_site_ext	3.55	0.0	0.0
17	p0	0.95	0.0	0.0
17	p1	1.0	0.0	0.0
17	protein1	15.1	3.1	3.2458332999999997
17	protein2	2.55	3.5	2.61250005
17	protein3	0.05	0.3	0.95
17	r0	3.0	0.0	0.0
17	rnapol	0.1	0.0	0.0
18	__protein1_rbs	1.0	0.0	0.0
18	__protein2_rbs	1.4	0.0	0.0
18	__protein3_rbs	0.25	0.0	0.0
18	__ribosome	78.75	0.0	0.0
18	__rnase_site_ext	3.45	0.0	0.0
18	p0	1.0	0.0	0.0
18	p1	0.95	0.0	0.0
18	protein1	17.4	3.0	3.19999995
18	protein2	3.95	3.8	2.6666666999999995
18	protein3	0.2	0.7	1.05
18	r0	3.0	0.0	0.0
18	rnapol	0.2	0.0	0.0
19	__protein1_rbs	1.25	0.0	0.0
19	__protein2_rbs	1.3	0.0	0.0
19	__protein3_rbs	0.55	0.0	0.0
19	__ribosome	77.45	0.0	0.0
19	__rnase_site_ext	3.5	0.0	0.0
19	p0	0.9	0.0	0.0
19	p1	0.95	0.0	0.0
19	protein1	19.05	3.0	3.2541667000000003
19	protein2	5.6	3.95	2.75416665
19	protein3	0.4	1.2	1.275
19	r0	2.95	0.0	0.0
19	rnapol	0.1	0.0	0.0
20	__protein1_rbs	0.95	0.0	0.0
20	__protein2_rbs	1.3	0.0	0.0
20	__protein3_rbs	0.65	0.0	0.0
20	__ribosome	76.3	0.0	0.0
20	__rnase_site_ext	3.55	0.0	0.0
20	p0	0.9	0.0	0.0
20	p1	1.0	0.0	0.0
20	protein1	21.15	2.8	3.4375
20	protein2	7.25	3.95	2.94166665
20	protein3	0.6	1.85	1.34166665
20	r0	2.9	0.0	0.0
20	rnapol	0.0	0.0	0.0
21	__protein1_rbs	0.9	0.0	0.0
21	__protein2_rbs	1.35	0.0	0.0
21	__protein3_rbs	1.15	0.0	0.0
21	__ribosome	75.5	0.0	0.0
21	__rnase_site_ext	3.55	0.0	0.0
21	p0	1.0	0.0	0.0
21	p1	1.0	0.0	0.0
21	protein1	23.3	2.85	3.20833335
21	protein2	9.5	3.9	3.01666665
21	protein3	0.8	2.45	1.46666665
21	r0	2.95	0.0	0.0
21	rnapol	0.0	0.0	0.0
22	__protein1_rbs	1.05	0.0	0.0
22	__protein2_rbs	1.55	0.0	0.0
22	__protein3_rbs	1.2	0.0	0.0
22	__ribosome	73.85	0.0	0.0
22	__rnase_site_ext	3.45	0.0	0.0
22	p0	1.0	0.0	0.0
22	p1	1.0	0.0	0.0
22	protein1	24.9	2.9	3.1958333000000003
22	protein2	11.45	3.9	3.0375
22	protein3	1.0	2.8	1.82916655
22	r0	2.95	0.0	0.0
22	rnapol	0.05	0.0	0.0
23	__protein1_rbs	1.3	0.0	0.0
23	__protein2_rbs	1.6	0.0	0.0
23	__protein3_rbs	0.95	0.0	0.0
23	__ribosome	72.15	0.0	0.0
23	__rnase_site_ext	3.45	0.0	0.0
23	p0	0.9	0.0	0.0
23	p1	1.0	0.0	0.0
23	protein1	26.55	2.9	3.19166665
23	protein2	13.5	3.7	3.3041666500000004
23	protein3	1.45	3.35	1.9833333
23	r0	2.8	0.0	0.0
23	rnapol	0.45	0.0	0.0
24	__protein1_rbs	0.8	0.0	0.0
24	__protein2_rbs	1.25	0.0	0.0
24	__protein3_rbs	1.4	0.0	0.0
24	__ribosome	70.45	0.0	0.0
24	__rnase_site_ext	3.5	0.0	0.0
24	p0	0.9	0.0	0.0
24	p1	0.95	0.0	0.0
24	protein1	28.4	2.8	3.4124999499999995
24	protein2	15.65	3.7	3.3333333499999998
24	protein3	2.0	3.45	2.3208333
24	r0	2.85	0.0	0.0
24	rnapol	0.6	0.0	0.0
25	__protein1_rbs	1.7	0.0	0.0
25	__protein2_rbs	1.4	0.0	0.0
25	__protein3_rbs	1.55	0.0	0.0
25	__ribosome	71.25	0.0	0.0
25	__rnase_site_ext	3.8	0.0	0.0
25	p0	0.75	0.0	0.0
25	p1	0.9	0.0	0.0
25	protein1	30.55	2.8	3.03333335
25	protein2	18.05	3.65	3.29583335
25	protein3	3.15	3.75	2.3541667
25	r0	3.0	0.0	0.0
25	rnapol	0.95	0.0	0.0
26	__protein1_rbs	1.0	0.0	0.0
26	__protein2_rbs	1.5	0.0	0.0
26	__protein3_rbs	1.55	0.0	0.0
26	__ribosome	70.0	0.0	0.0
26	__rnase_site_ext	4.1	0.0	0.0
26	p0	0.6	0.0	0.0
26	p1	0.85	0.0	0.0
26	protein1	32.15	3.0	3.09833335
26	protein2	20.65	3.6	3.1500000000000004
26	protein3	4.2	3.85	2.6083333
26	r0	3.2	0.0	0.0
26	rnapol	0.95	0.0	0.0
27	__protein1_rbs	1.5	0.0	0.0
27	__protein2_rbs	1.3	0.0	0.0
27	__protein3_rbs	1.4	0.0	0.0
27	__ribosome	68.9	0.0	0.0
27	__rnase_site_ext	4.5	0.0	0.0
27	p0	0.65	0.0	0.0
27	p1	0.85	0.0	0.0
27	protein1	34.0	3.2	2.8075
27	protein2	22.45	3.6	3.27499995
27	protein3	5.75	3.95	2.77916665
27	r0	3.4	0.0	0.0
27	rnapol	1.2	0.0	0.0
28	__protein1_rbs	1.7	0.0	0.0
28	__protein2_rbs	1.55	0.0	0.0
28	__protein3_rbs	1.7	0.0	0.0
28	__ribosome	69.0	0.0	0.0
28	__rnase_site_ext	4.8	0.0	0.0
28	p0	0.65	0.0	0.0
28	p1	0.9	0.0	0.0
28	protein1	35.85	3.6	2.4250000000000003
28	protein2	24.8	3.55	3.1966666000000004
28	protein3	7.7	3.95	2.825
28	r0	3.7	0.0	0.0
28	rnapol	1.25	0.0	0.0
29	__protein1_rbs	1.9	0.0	0.0
29	__protein2_rbs	1.4	0.0	0.0
29	__protein3_rbs	1.7	0.0	0.0
29	__ribosome	68.5	0.0	0.0
29	__rnase_site_ext	5.35	0.0	0.0
29	p0	0.5	0.0	0.0
29	p1	1.0	0.0	0.0
29	protein1	37.3	3.8	2.45595235
29	protein2	27.15	3.65	3.02166665
29	protein3	9.55	4.0	2.8875
29	r0	3.95	0.0	0.0
29	rnapol	1.0	0.0	0.0
30	__protein1_rbs	1.45	0.0	0.0
30	__protein2_rbs	1.75	0.0	0.0
30	__protein3_rbs	1.85	0.0	0.0
30	__ribosome	67.55	0.0	0.0
30	__rnase_site_ext	5.6	0.0	0.0
30	p0	0.65	0.0	0.0
30	p1	0.8	0.0	0.0
30	protein1	38.8	4.1	2.57476185
30	protein2	29.2	3.75	2.88083335
30	protein3	11.55	4.0	2.9125
30	r0	4.55	0.0	0.0
30	rnapol	0.85	0.0	0.0
31	__protein1_rbs	1.95	0.0	0.0
31	__protein2_rbs	1.35	0.0	0.0
31	__protein3_rbs	1.5	0.0	0.0
31	__ribosome	66.75	0.0	0.0
31	__rnase_site_ext	5.75	0.0	0.0
31	p0	0.75	0.0	0.0
31	p1	0.65	0.0	0.0
31	protein1	40.5	4.6	2.37702375
31	protein2	31.65	3.8	2.78999995
31	protein3	13.9	4.0	2.975
31	r0	4.9	0.0	0.0
31	rnapol	0.7	0.0	0.0
32	__protein1_rbs	1.75	0.0	0.0
32	__protein2_rbs	1.7	0.0	0.0
32	__protein3_rbs	1.65	0.0	0.0
32	__ribosome	65.9	0.0	0.0
32	__rnase_site_ext	6.15	0.0	0.0
32	p0	0.75	0.0	0.0
32	p1	0.6	0.0	0.0
32	protein1	42.45	4.9	2.46875005
32	protein2	33.8	3.8	2.7500000000000004
32	protein3	16.4	4.0	2.9
32	r0	4.9	0.0	0.0
32	rnapol	0.55	0.0	0.0
33	__protein1_rbs	2.1	0.0	0.0
33	__protein2_rbs	1.7	0.0	0.0
33	__protein3_rbs	1.35	0.0	0.0
33	__ribosome	64.05	0.0	0.0
33	__rnase_site_ext	6.25	0.0	0.0
33	p0	0.85	0.0	0.0
33	p1	0.45	0.0	0.0
33	protein1	44.1	4.95	2.6677381
33	protein2	35.5	3.85	2.845
33	protein3	18.4	4.0	3.025
33	r0	5.2	0.0	0.0
33	rnapol	0.4	0.0	0.0
34	__protein1_rbs	2.35	0.0	0.0
34	__protein2_rbs	1.7	0.0	0.0
34	__protein3_rbs	1.65	0.0	0.0
34	__ribosome	63.5	0.0	0.0
34	__rnase_site_ext	6.25	0.0	0.0
34	p0	0.9	0.0	0.0
34	p1	0.5	0.0	0.0
34	protein1	46.05	5.2	2.705
34	protein2	37.75	4.05	2.74416665
34	protein3	20.8	4.0	2.9625
34	r0	5.35	0.0	0.0
34	rnapol	0.3	0.0	0.0
35	__protein1_rbs	2.45	0.0	0.0
35	__protein2_rbs	2.1	0.0	0.0
35	__protein3_rbs	2.05	0.0	0.0
35	__ribosome	63.0	0.0	0.0
35	__rnase_site_ext	6.3	0.0	0.0
35	p0	0.9	0.0	0.0
35	p1	0.35	0.0	0.0
35	protein1	48.65	5.45	2.65964285
35	protein2	39.6	4.2	2.663333300000001
35	protein3	22.7	4.05	2.94
35	r0	5.25	0.0	0.0
35	rnapol	0.15	0.0	0.0
36	__protein1_rbs	2.1	0.0	0.0
36	__protein2_rbs	2.3	0.0	0.0
36	__protein3_rbs	1.25	0.0	0.0
36	__ribosome	61.2	0.0	0.0
36	__rnase_site_ext	6.3	0.0	0.0
36	p0	1.0	0.0	0.0
36	p1	0.3	0.0	0.0
36	protein1	50.8	5.3	2.90863095
36	protein2	41.65	4.5	2.5175
36	protein3	24.95	4.1	3.05
36	r0	5.4	0.0	0.0
36	rnapol	0.1	0.0	0.0
37	__protein1_rbs	2.4	0.0	0.0
37	__protein2_rbs	1.8	0.0	0.0
37	__protein3_rbs	1.9	0.0	0.0
37	__ribosome	61.25	0.0	0.0
37	__rnase_site_ext	6.25	0.0	0.0
37	p0	1.0	0.0	0.0
37	p1	0.5	0.0	0.0
37	protein1	53.85	5.4	2.8197619
37	protein2	43.6	4.7	2.62107145
37	protein3	27.7	4.2	2.8225
37	r0	5.35	0.0	0.0
37	rnapol	0.1	0.0	0.0
38	__protein1_rbs	2.2	0.0	0.0
38	__protein2_rbs	2.6	0.0	0.0
38	__protein3_rbs	1.75	0.0	0.0
38	__ribosome	60.65	0.0	0.0
38	__rnase_site_ext	6.15	0.0	0.0
38	p0	0.95	0.0	0.0
38	p1	0.55	0.0	0.0
38	protein1	56.75	5.3	2.8820238
38	protein2	45.8	5.1	2.40511905
38	protein3	29.8	4.05	3.0766666499999995
38	r0	5.25	0.0	0.0
38	rnapol	0.05	0.0	0.0
39	__protein1_rbs	2.2	0.0	0.0
39	__protein2_rbs	2.5	0.0	0.0
39	__protein3_rbs	1.8	0.0	0.0
39	__ribosome	60.7	0.0	0.0
39	__rnase_site_ext	6.1	0.0	0.0
39	p0	0.95	0.0	0.0
39	p1	0.65	0.0	0.0
39	protein1	59.55	5.05	2.9924405
39	protein2	48.3	5.3	2.4240476
39	protein3	32.45	3.95	3.06
39	r0	5.05	0.0	0.0
39	rnapol	0.0	0.0	0.0
40	__protein1_rbs	2.25	0.0	0.0
40	__protein2_rbs	2.2	0.0	0.0
40	__protein3_rbs	1.7	0.0	0.0
40	__ribosome	59.35	0.0	0.0
40	__rnase_site_ext	6.1	0.0	0.0
40	p0	1.0	0.0	0.0
40	p1	0.65	0.0	0.0
40	protein1	62.5	4.9	3.03
40	protein2	50.5	5.7	2.46208335
40	protein3	34.1	3.95	3.12583335
40	r0	4.9	0.0	0.0
40	rnapol	0.05	0.0	0.0
41	__protein1_rbs	2.4	0.0	0.0
41	__protein2_rbs	2.65	0.0	0.0
41	__protein3_rbs	1.3	0.0	0.0
41	__ribosome	59.2	0.0	0.0
41	__rnase_site_ext	6.1	0.0	0.0
41	p0	0.95	0.0	0.0
41	p1	0.8	0.0	0.0
41	protein1	65.65	4.9	2.83041665
41	protein2	52.45	5.95	2.51821425
41	protein3	36.55	4.0	3.04250005
41	r0	4.9	0.0	0.0
41	rnapol	0.1	0.0	0.0
42	__protein1_rbs	2.5	0.0	0.0
42	__protein2_rbs	3.05	0.0	0.0
42	__protein3_rbs	1.9	0.0	0.0
42	__ribosome	59.65	0.0	0.0
42	__rnase_site_ext	6.1	0.0	0.0
42	p0	0.95	0.0	0.0
42	p1	0.8	0.0	0.0
42	protein1	68.75	4.85	2.7345832999999997
42	protein2	55.1	6.1	2.4915475499999995
42	protein3	38.95	4.4	2.78833335
42	r0	4.85	0.0	0.0
42	rnapol	0.05	0.0	0.0
43	__protein1_rbs	2.2	0.0	0.0
43	__protein2_rbs	3.05	0.0	0.0
43	__protein3_rbs	2.2	0.0	0.0
43	__ribosome	59.35	0.0	0.0
43	__rnase_site_ext	6.1	0.0	0.0
43	p0	1.0	0.0	0.0
43	p1	0.9	0.0	0.0
43	protein1	71.5	4.8	2.7572618500000003
43	protein2	58.1	6.25	2.4830952
43	protein3	41.3	4.55	2.71583335
43	r0	4.75	0.0	0.0
43	rnapol	0.15	0.0	0.0
44	__protein1_rbs	2.05	0.0	0.0
44	__protein2_rbs	2.55	0.0	0.0
44	__protein3_rbs	2.15	0.0	0.0
44	__ribosome	57.05	0.0	0.0
44	__rnase_site_ext	6.15	0.0	0.0
44	p0	0.9	0.0	0.0
44	p1	1.0	0.0	0.0
44	protein1	73.9	4.75	2.8464285999999994
44	protein2	60.65	6.35	2.7022023500000003
44	protein3	43.5	5.0	2.59214285
44	r0	4.75	0.0	0.0
44	rnapol	0.1	0.0	0.0
45	__protein1_rbs	2.2	0.0	0.0
45	__protein2_rbs	2.85	0.0	0.0
45	__protein3_rbs	2.7	0.0	0.0
45	__ribosome	57.75	0.0	0.0
45	__rnase_site_ext	6.15	0.0	0.0
45	p0	0.85	0.0	0.0
45	p1	0.9	0.0	0.0
45	protein1	76.6	4.75	2.8240477000000004
45	protein2	64.0	6.35	2.6753572
45	protein3	46.1	5.2	2.42511905
45	r0	4.75	0.0	0.0
45	rnapol	0.05	0.0	0.0
46	__protein1_rbs	1.9	0.0	0.0
46	__protein2_rbs	2.55	0.0	0.0
46	__protein3_rbs	2.4	0.0	0.0
46	__ribosome	56.1	0.0	0.0
46	__rnase_site_ext	6.25	0.0	0.0
46	p0	0.95	0.0	0.0
46	p1	0.95	0.0	0.0
46	protein1	79.1	4.7	2.8827381
46	protein2	67.15	6.35	2.7564881000000003
46	protein3	48.35	5.6	2.3727381000000003
46	r0	4.8	0.0	0.0
46	rnapol	0.05	0.0	0.0
47	__protein1_rbs	1.95	0.0	0.0
47	__protein2_rbs	2.8	0.0	0.0
47	__protein3_rbs	2.6	0.0	0.0
47	__ribosome	54.65	0.0	0.0
47	__rnase_site_ext	6.25	0.0	0.0
47	p0	0.95	0.0	0.0
47	p1	1.0	0.0	0.0
47	protein1	81.7	4.8	2.85642855
47	protein2	70.25	6.35	2.7938691
47	protein3	50.75	6.0	2.37178575
47	r0	4.85	0.0	0.0
47	rnapol	0.25	0.0	0.0
48	__protein1_rbs	2.4	0.0	0.0
48	__protein2_rbs	3.1	0.0	0.0
48	__protein3_rbs	2.85	0.0	0.0
48	__ribosome	54.35	0.0	0.0
48	__rnase_site_ext	6.4	0.0	0.0
48	p0	0.85	0.0	0.0
48	p1	0.95	0.0	0.0
48	protein1	84.35	4.85	2.7717857000000006
48	protein2	73.9	6.3	2.7260713999999995
48	protein3	53.0	6.3	2.4113094
48	r0	4.9	0.0	0.0
48	rnapol	0.4	0.0	0.0
49	__protein1_rbs	2.25	0.0	0.0
49	__protein2_rbs	2.55	0.0	0.0
49	__protein3_rbs	2.95	0.0	0.0
49	__ribosome	53.2	0.0	0.0
49	__rnase_site_ext	6.55	0.0	0.0
49	p0	0.85	0.0	0.0
49	p1	0.95	0.0	0.0
49	protein1	86.9	4.85	2.7767857000000005
49	protein2	76.95	6.35	2.76702385
49	protein3	55.6	6.6	2.44732145
49	r0	5.0	0.0	0.0
49	rnapol	0.55	0.0	0.0
50	__protein1_rbs	2.6	0.0	0.0
50	__protein2_rbs	2.6	0.0	0.0
50	__protein3_rbs	3.25	0.0	0.0
50	__ribosome	52.1	0.0	0.0
50	__rnase_site_ext	6.8	0.0	0.0
50	p0	0.75	0.0	0.0
50	p1	0.95	0.0	0.0
50	protein1	89.45	5.0	2.6434524
50	protein2	80.3	6.25	2.90184525
50	protein3	57.95	6.75	2.54041675
50	r0	5.05	0.0	0.0
50	rnapol	0.65	0.0	0.0
51	__protein1_rbs	2.5	0.0	0.0
51	__protein2_rbs	3.15	0.0	0.0
51	__protein3_rbs	3.5	0.0	0.0
51	__ribosome	52.9	0.0	0.0
51	__rnase_site_ext	6.85	0.0	0.0
51	p0	1.0	0.0	0.0
51	p1	0.9	0.0	0.0
51	protein1	92.0	5.1	2.6261904
51	protein2	84.25	6.25	2.71875
51	protein3	61.1	6.85	2.52696425
51	r0	5.35	0.0	0.0
51	rnapol	0.9	0.0	0.0
52	__protein1_rbs	2.6	0.0	0.0
52	__protein2_rbs	2.7	0.0	0.0
52	__protein3_rbs	3.15	0.0	0.0
52	__ribosome	52.6	0.0	0.0
52	__rnase_site_ext	7.15	0.0	0.0
52	p0	0.7	0.0	0.0
52	p1	0.8	0.0	0.0
52	protein1	94.6	5.35	2.4413095
52	protein2	87.4	6.15	2.80507935
52	protein3	64.35	6.9	2.56297625
52	r0	5.45	0.0	0.0
52	rnapol	0.75	0.0	0.0
53	__protein1_rbs	2.3	0.0	0.0
53	__protein2_rbs	2.8	0.0	0.0
53	__protein3_rbs	3.4	0.0	0.0
53	__ribosome	52.05	0.0	0.0
53	__rnase_site_ext	7.35	0.0	0.0
53	p0	0.85	0.0	0.0
53	p1	0.8	0.0	0.0
53	protein1	97.35	5.45	2.47041665
53	protein2	90.6	6.15	2.79755955
53	protein3	67.65	7.0	2.58184525
53	r0	5.75	0.0	0.0
53	rnapol	1.0	0.0	0.0
54	__protein1_rbs	3.25	0.0	0.0
54	__protein2_rbs	2.7	0.0	0.0
54	__protein3_rbs	3.4	0.0	0.0
54	__ribosome	52.45	0.0	0.0
54	__rnase_site_ext	7.75	0.0	0.0
54	p0	0.55	0.0	0.0
54	p1	0.8	0.0	0.0
54	protein1	99.8	5.8	2.2785119000000003
54	protein2	93.95	6.05	2.7924405
54	protein3	71.25	7.05	2.5660715000000005
54	r0	5.9	0.0	0.0
54	rnapol	0.6	0.0	0.0
55	__protein1_rbs	3.1	0.0	0.0
55	__protein2_rbs	2.8	0.0	0.0
55	__protein3_rbs	2.65	0.0	0.0
55	__ribosome	52.35	0.0	0.0
55	__rnase_site_ext	8.1	0.0	0.0
55	p0	0.9	0.0	0.0
55	p1	0.8	0.0	0.0
55	protein1	102.2	5.9	2.25464285
55	protein2	97.5	6.0	2.736012
55	protein3	74.75	6.85	2.67500005
55	r0	6.45	0.0	0.0
55	rnapol	0.55	0.0	0.0
56	__protein1_rbs	3.45	0.0	0.0
56	__protein2_rbs	2.95	0.0	0.0
56	__protein3_rbs	3.4	0.0	0.0
56	__ribosome	51.85	0.0	0.0
56	__rnase_site_ext	8.3	0.0	0.0
56	p0	0.75	0.0	0.0
56	p1	0.6	0.0	0.0
56	protein1	104.25	6.45	2.2645634500000003
56	protein2	100.85	6.0	2.64279765
56	protein3	78.05	6.8	2.6738094500000003
56	r0	6.55	0.0	0.0
56	rnapol	0.5	0.0	0.0
57	__protein1_rbs	3.05	0.0	0.0
57	__protein2_rbs	2.55	0.0	0.0
57	__protein3_rbs	3.2	0.0	0.0
57	__ribosome	51.35	0.0	0.0
57	__rnase_site_ext	8.35	0.0	0.0
57	p0	0.8	0.0	0.0
57	p1	0.7	0.0	0.0
57	protein1	106.95	6.5	2.3920238000000005
57	protein2	103.8	5.95	2.7435714000000004
57	protein3	82.1	6.85	2.5627977000000004
57	r0	6.75	0.0	0.0
57	rnapol	0.45	0.0	0.0
58	__protein1_rbs	3.35	0.0	0.0
58	__protein2_rbs	2.5	0.0	0.0
58	__protein3_rbs	3.2	0.0	0.0
58	__ribosome	50.85	0.0	0.0
58	__rnase_site_ext	8.5	0.0	0.0
58	p0	0.75	0.0	0.0
58	p1	0.65	0.0	0.0
58	protein1	110.1	6.65	2.3380952
58	protein2	106.85	5.85	2.8264286499999995
58	protein3	85.1	6.75	2.6977381
58	r0	6.75	0.0	0.0
58	rnapol	0.35	0.0	0.0
59	__protein1_rbs	3.5	0.0	0.0
59	__protein2_rbs	3.1	0.0	0.0
59	__protein3_rbs	3.1	0.0	0.0
59	__ribosome	50.7	0.0	0.0
59	__rnase_site_ext	8.55	0.0	0.0
59	p0	0.9	0.0	0.0
59	p1	0.45	0.0	0.0
59	protein1	112.7	6.9	2.3557143
59	protein2	110.3	5.9	2.62035715
59	protein3	88.25	6.6	2.83571425
59	r0	7.0	0.0	0.0
59	rnapol	0.25	0.0	0.0
60	__protein1_rbs	3.7	0.0	0.0
60	__protein2_rbs	2.75	0.0	0.0
60	__protein3_rbs	3.2	0.0	0.0
60	__ribosome	49.85	0.0	0.0
60	__rnase_site_ext	8.6	0.0	0.0
60	p0	0.85	0.0	0.0
60	p1	0.45	0.0	0.0
60	protein1	115.25	6.95	2.4572817
60	protein2	113.35	6.05	2.5484523500000007
60	protein3	91.85	6.6	2.8181349
60	r0	7.0	0.0	0.0
60	rnapol	0.1	0.0	0.0
61	__protein1_rbs	3.6	0.0	0.0
61	__protein2_rbs	2.9	0.0	0.0
61	__protein3_rbs	3.25	0.0	0.0
61	__ribosome	49.5	0.0	0.0
61	__rnase_site_ext	8.6	0.0	0.0
61	p0	0.95	0.0	0.0
61	p1	0.25	0.0	0.0
61	protein1	118.35	7.0	2.4680556000000005
61	protein2	115.95	6.2	2.6172619
61	protein3	95.6	6.65	2.7039683000000005
61	r0	7.05	0.0	0.0
61	rnapol	0.1	0.0	0.0
62	__protein1_rbs	3.45	0.0	0.0
62	__protein2_rbs	3.15	0.0	0.0
62	__protein3_rbs	3.45	0.0	0.0
62	__ribosome	49.6	0.0	0.0
62	__rnase_site_ext	8.45	0.0	0.0
62	p0	1.0	0.0	0.0
62	p1	0.6	0.0	0.0
62	protein1	121.55	7.0	2.5015278
62	protein2	118.95	6.45	2.4992858000000004
62	protein3	99.1	6.7	2.63494045
62	r0	7.0	0.0	0.0
62	rnapol	0.15	0.0	0.0
63	__protein1_rbs	2.95	0.0	0.0
63	__protein2_rbs	3.1	0.0	0.0
63	__protein3_rbs	3.65	0.0	0.0
63	__ribosome	49.5	0.0	0.0
63	__rnase_site_ext	8.6	0.0	0.0
63	p0	0.85	0.0	0.0
63	p1	0.55	0.0	0.0
63	protein1	125.05	6.95	2.56613095
63	protein2	122.3	6.75	2.39698415
63	protein3	102.8	6.7	2.54396825
63	r0	6.85	0.0	0.0
63	rnapol	0.0	0.0	0.0
64	__protein1_rbs	3.3	0.0	0.0
64	__protein2_rbs	3.6	0.0	0.0
64	__protein3_rbs	3.6	0.0	0.0
64	__ribosome	49.75	0.0	0.0
64	__rnase_site_ext	8.5	0.0	0.0
64	p0	1.0	0.0	0.0
64	p1	0.55	0.0	0.0
64	protein1	128.4	6.7	2.6525595000000006
64	protein2	125.25	7.05	2.3205555
64	protein3	106.25	6.7	2.4643452
64	r0	6.8	0.0	0.0
64	rnapol	0.0	0.0	0.0
65	__protein1_rbs	4.0	0.0	0.0
65	__protein2_rbs	3.2	0.0	0.0
65	__protein3_rbs	3.35	0.0	0.0
65	__ribosome	49.55	0.0	0.0
65	__rnase_site_ext	8.5	0.0	0.0
65	p0	0.95	0.0	0.0
65	p1	0.6	0.0	0.0
65	protein1	131.75	6.8	2.514365
65	protein2	128.2	7.4	2.3764682999999995
65	protein3	109.8	6.75	2.43051585
65	r0	6.8	0.0	0.0
65	rnapol	0.05	0.0	0.0
66	__protein1_rbs	3.1	0.0	0.0
66	__protein2_rbs	4.05	0.0	0.0
66	__protein3_rbs	3.25	0.0	0.0
66	__ribosome	47.7	0.0	0.0
66	__rnase_site_ext	8.45	0.0	0.0
66	p0	0.95	0.0	0.0
66	p1	0.65	0.0	0.0
66	protein1	134.85	6.75	2.6461707000000003
66	protein2	131.4	7.6	2.36428575
66	protein3	112.8	6.85	2.46563485
66	r0	6.7	0.0	0.0
66	rnapol	0.05	0.0	0.0
67	__protein1_rbs	2.7	0.0	0.0
67	__protein2_rbs	4.3	0.0	0.0
67	__protein3_rbs	3.55	0.0	0.0
67	__ribosome	47.75	0.0	0.0
67	__rnase_site_ext	8.4	0.0	0.0
67	p0	1.0	0.0	0.0
67	p1	0.8	0.0	0.0
67	protein1	138.45	6.7	2.6667064
67	protein2	134.45	7.9	2.32825395
67	protein3	116.3	6.85	2.4655357
67	r0	6.7	0.0	0.0
67	rnapol	0.1	0.0	0.0
68	__protein1_rbs	3.3	0.0	0.0
68	__protein2_rbs	3.95	0.0	0.0
68	__protein3_rbs	3.75	0.0	0.0
68	__ribosome	47.5	0.0	0.0
68	__rnase_site_ext	8.4	0.0	0.0
68	p0	0.9	0.0	0.0
68	p1	0.9	0.0	0.0
68	protein1	141.95	6.7	2.57125005
68	protein2	137.75	8.05	2.3774801
68	protein3	119.2	7.15	2.36535715
68	r0	6.7	0.0	0.0
68	rnapol	0.1	0.0	0.0
69	__protein1_rbs	3.05	0.0	0.0
69	__protein2_rbs	4.2	0.0	0.0
69	__protein3_rbs	3.25	0.0	0.0
69	__ribosome	46.0	0.0	0.0
69	__rnase_site_ext	8.35	0.0	0.0
69	p0	0.95	0.0	0.0
69	p1	0.9	0.0	0.0
69	protein1	145.2	6.55	2.6495634999999997
69	protein2	141.25	8.25	2.4274477
69	protein3	122.25	7.2	2.41615075
69	r0	6.55	0.0	0.0
69	rnapol	0.15	0.0	0.0
70	__protein1_rbs	3.3	0.0	0.0
70	__protein2_rbs	3.95	0.0	0.0
70	__protein3_rbs	4.2	0.0	0.0
70	__ribosome	46.6	0.0	0.0
70	__rnase_site_ext	8.25	0.0	0.0
70	p0	0.9	0.0	0.0
70	p1	0.9	0.0	0.0
70	protein1	148.7	6.6	2.58964285
70	protein2	145.25	8.3	2.3798413000000003
70	protein3	125.45	7.5	2.3170833
70	r0	6.5	0.0	0.0
70	rnapol	0.15	0.0	0.0
71	__protein1_rbs	3.0	0.0	0.0
71	__protein2_rbs	4.0	0.0	0.0
71	__protein3_rbs	4.2	0.0	0.0
71	__ribosome	45.6	0.0	0.0
71	__rnase_site_ext	8.4	0.0	0.0
71	p0	0.8	0.0	0.0
71	p1	1.0	0.0	0.0
71	protein1	151.9	6.4	2.7735316000000005
71	protein2	149.0	8.25	2.45986115
71	protein3	128.95	7.7	2.2669642000000003
71	r0	6.35	0.0	0.0
71	rnapol	0.1	0.0	0.0
72	__protein1_rbs	3.25	0.0	0.0
72	__protein2_rbs	4.0	0.0	0.0
72	__protein3_rbs	4.25	0.0	0.0
72	__ribosome	45.35	0.0	0.0
72	__rnase_site_ext	8.35	0.0	0.0
72	p0	1.0	0.0	0.0
72	p1	0.9	0.0	0.0
72	protein1	155.25	6.3	2.66488095
72	protein2	152.65	8.1	2.57938495
72	protein3	132.3	7.9	2.262702
72	r0	6.5	0.0	0.0
72	rnapol	0.2	0.0	0.0
73	__protein1_rbs	3.0	0.0	0.0
73	__protein2_rbs	4.55	0.0	0.0
73	__protein3_rbs	3.65	0.0	0.0
73	__ribosome	44.25	0.0	0.0
73	__rnase_site_ext	8.3	0.0	0.0
73	p0	1.0	0.0	0.0
73	p1	0.9	0.0	0.0
73	protein1	158.3	6.4	2.6723215
73	protein2	156.25	8.1	2.54335325
73	protein3	135.3	8.05	2.37716625
73	r0	6.4	0.0	0.0
73	rnapol	0.55	0.0	0.0
74	__protein1_rbs	3.15	0.0	0.0
74	__protein2_rbs	3.6	0.0	0.0
74	__protein3_rbs	4.35	0.0	0.0
74	__ribosome	44.3	0.0	0.0
74	__rnase_site_ext	8.5	0.0	0.0
74	p0	0.7	0.0	0.0
74	p1	0.9	0.0	0.0
74	protein1	161.85	6.35	2.5811903999999997
74	protein2	160.3	8.0	2.6281151
74	protein3	138.9	8.3	2.3272871000000004
74	r0	6.15	0.0	0.0
74	rnapol	0.4	0.0	0.0
75	__protein1_rbs	3.7	0.0	0.0
75	__protein2_rbs	4.75	0.0	0.0
75	__protein3_rbs	4.6	0.0	0.0
75	__ribosome	45.45	0.0	0.0
75	__rnase_site_ext	8.65	0.0	0.0
75	p0	0.8	0.0	0.0
75	p1	0.85	0.0	0.0
75	protein1	165.1	6.15	2.5583333
75	protein2	164.55	8.0	2.53474745
75	protein3	142.2	8.45	2.331627
75	r0	6.35	0.0	0.0
75	rnapol	0.65	0.0	0.0
76	__protein1_rbs	2.45	0.0	0.0
76	__protein2_rbs	3.9	0.0	0.0
76	__protein3_rbs	4.35	0.0	0.0
76	__ribosome	43.85	0.0	0.0
76	__rnase_site_ext	8.9	0.0	0.0
76	p0	0.75	0.0	0.0
76	p1	0.95	0.0	0.0
76	protein1	168.2	6.4	2.57291665
76	protein2	168.45	8.0	2.5667263
76	protein3	145.7	8.45	2.39144835
76	r0	6.55	0.0	0.0
76	rnapol	0.65	0.0	0.0
77	__protein1_rbs	3.65	0.0	0.0
77	__protein2_rbs	4.5	0.0	0.0
77	__protein3_rbs	4.55	0.0	0.0
77	__ribosome	44.4	0.0	0.0
77	__rnase_site_ext	9.05	0.0	0.0
77	p0	0.8	0.0	0.0
77	p1	0.85	0.0	0.0
77	protein1	171.3	6.65	2.4155159
77	protein2	172.4	7.8	2.5685913000000005
77	protein3	149.4	8.65	2.38542385
77	r0	6.85	0.0	0.0
77	rnapol	0.75	0.0	0.0
78	__protein1_rbs	3.2	0.0	0.0
78	__protein2_rbs	4.1	0.0	0.0
78	__protein3_rbs	4.65	0.0	0.0
78	__ribosome	44.7	0.0	0.0
78	__rnase_site_ext	9.15	0.0	0.0
78	p0	0.75	0.0	0.0
78	p1	0.8	0.0	0.0
78	protein1	174.35	6.75	2.41674605
78	protein2	176.45	7.75	2.53656745
78	protein3	153.65	8.65	2.3013942000000003
78	r0	6.85	0.0	0.0
78	rnapol	0.7	0.0	0.0
79	__protein1_rbs	4.05	0.0	0.0
79	__protein2_rbs	4.05	0.0	0.0
79	__protein3_rbs	4.25	0.0	0.0
79	__ribosome	44.7	0.0	0.0
79	__rnase_site_ext	9.35	0.0	0.0
79	p0	0.7	0.0	0.0
79	p1	0.9	0.0	0.0
79	protein1	177.25	6.75	2.4405158500000006
79	protein2	180.3	7.8	2.4967261
79	protein3	157.4	8.65	2.3430555
79	r0	6.95	0.0	0.0
79	rnapol	0.75	0.0	0.0
80	__protein1_rbs	3.55	0.0	0.0
80	__protein2_rbs	4.1	0.0	0.0
80	__protein3_rbs	5.2	0.0	0.0
80	__ribosome	44.2	0.0	0.0
80	__rnase_site_ext	9.5	0.0	0.0
80	p0	0.75	0.0	0.0
80	p1	0.85	0.0	0.0
80	protein1	180.2	6.95	2.4187301
80	protein2	184.05	7.75	2.570337250000001
80	protein3	161.2	8.7	2.3035605500000003
80	r0	7.2	0.0	0.0
80	rnapol	0.65	0.0	0.0
81	__protein1_rbs	3.75	0.0	0.0
81	__protein2_rbs	4.4	0.0	0.0
81	__protein3_rbs	4.4	0.0	0.0
81	__ribosome	45.5	0.0	0.0
81	__rnase_site_ext	9.7	0.0	0.0
81	p0	0.85	0.0	0.0
81	p1	0.6	0.0	0.0
81	protein1	183.65	7.15	2.26028135
81	protein2	187.95	7.7	2.4938095
81	protein3	165.65	8.75	2.2790656000000005
81	r0	7.3	0.0	0.0
81	rnapol	0.65	0.0	0.0
82	__protein1_rbs	4.3	0.0	0.0
82	__protein2_rbs	4.25	0.0	0.0
82	__protein3_rbs	4.45	0.0	0.0
82	__ribosome	45.2	0.0	0.0
82	__rnase_site_ext	9.7	0.0	0.0
82	p0	0.9	0.0	0.0
82	p1	0.45	0.0	0.0
82	protein1	186.7	7.25	2.2065890499999994
82	protein2	191.7	7.65	2.4836111499999998
82	protein3	169.6	8.7	2.34959415
82	r0	7.35	0.0	0.0
82	rnapol	0.85	0.0	0.0
83	__protein1_rbs	3.8	0.0	0.0
83	__protein2_rbs	4.05	0.0	0.0
83	__protein3_rbs	4.6	0.0	0.0
83	__ribosome	44.5	0.0	0.0
83	__rnase_site_ext	9.9	0.0	0.0
83	p0	0.7	0.0	0.0
83	p1	0.45	0.0	0.0
83	protein1	189.7	7.25	2.2813058
83	protein2	195.15	7.5	2.4838095000000004
83	protein3	173.15	8.75	2.401737
83	r0	7.3	0.0	0.0
83	rnapol	0.6	0.0	0.0
84	__protein1_rbs	3.85	0.0	0.0
84	__protein2_rbs	4.0	0.0	0.0
84	__protein3_rbs	4.6	0.0	0.0
84	__ribosome	45.3	0.0	0.0
84	__rnase_site_ext	9.95	0.0	0.0
84	p0	0.8	0.0	0.0
84	p1	0.55	0.0	0.0
84	protein1	193.15	7.25	2.2653788500000007
84	protein2	199.35	7.75	2.3556944
84	protein3	177.15	8.55	2.4178606500000006
84	r0	7.4	0.0	0.0
84	rnapol	0.55	0.0	0.0
85	__protein1_rbs	3.75	0.0	0.0
85	__protein2_rbs	3.7	0.0	0.0
85	__protein3_rbs	3.75	0.0	0.0
85	__ribosome	42.5	0.0	0.0
85	__rnase_site_ext	10.0	0.0	0.0
85	p0	0.9	0.0	0.0
85	p1	0.5	0.0	0.0
85	protein1	196.15	7.35	2.3660912
85	protein2	202.55	7.95	2.38523805
85	protein3	180.8	8.6	2.5342117500000003
85	r0	7.35	0.0	0.0
85	rnapol	0.45	0.0	0.0
86	__protein1_rbs	4.3	0.0	0.0
86	__protein2_rbs	4.15	0.0	0.0
86	__protein3_rbs	4.65	0.0	0.0
86	__ribosome	43.25	0.0	0.0
86	__rnase_site_ext	10.2	0.0	0.0
86	p0	0.75	0.0	0.0
86	p1	0.55	0.0	0.0
86	protein1	199.35	7.4	2.3318055000000006
86	protein2	206.35	8.05	2.3253372500000005
86	protein3	185.1	8.65	2.4531222500000003
86	r0	7.5	0.0	0.0
86	rnapol	0.25	0.0	0.0
87	__protein1_rbs	3.65	0.0	0.0
87	__protein2_rbs	4.15	0.0	0.0
87	__protein3_rbs	4.55	0.0	0.0
87	__ribosome	42.7	0.0	0.0
87	__rnase_site_ext	10.1	0.0	0.0
87	p0	0.85	0.0	0.0
87	p1	0.65	0.0	0.0
87	protein1	202.6	7.5	2.3848214000000003
87	protein2	209.9	8.1	2.3917838499999995
87	protein3	189.5	8.6	2.4180284500000004
87	r0	7.6	0.0	0.0
87	rnapol	0.15	0.0	0.0
88	__protein1_rbs	4.4	0.0	0.0
88	__protein2_rbs	4.6	0.0	0.0
88	__protein3_rbs	4.6	0.0	0.0
88	__ribosome	42.6	0.0	0.0
88	__rnase_site_ext	10.2	0.0	0.0
88	p0	0.95	0.0	0.0
88	p1	0.75	0.0	0.0
88	protein1	205.8	7.45	2.4436905499999995
88	protein2	213.1	8.4	2.3397205000000003
88	protein3	193.8	8.6	2.4244912000000003
88	r0	7.45	0.0	0.0
88	rnapol	0.15	0.0	0.0
89	__protein1_rbs	4.3	0.0	0.0
89	__protein2_rbs	4.5	0.0	0.0
89	__protein3_rbs	4.25	0.0	0.0
89	__ribosome	42.15	0.0	0.0
89	__rnase_site_ext	10.15	0.0	0.0
89	p0	0.95	0.0	0.0
89	p1	0.7	0.0	0.0
89	protein1	209.3	7.45	2.4229364499999995
89	protein2	216.7	8.45	2.3828372000000004
89	protein3	197.55	8.45	2.5630105
89	r0	7.45	0.0	0.0
89	rnapol	0.1	0.0	0.0
90	__protein1_rbs	3.7	0.0	0.0
90	__protein2_rbs	3.9	0.0	0.0
90	__protein3_rbs	4.9	0.0	0.0
90	__ribosome	41.25	0.0	0.0
90	__rnase_site_ext	10.3	0.0	0.0
90	p0	0.9	0.0	0.0
90	p1	0.65	0.0	0.0
90	protein1	212.7	7.35	2.462817350000001
90	protein2	220.5	8.55	2.4496393500000004
90	protein3	201.15	8.45	2.5260317999999997
90	r0	7.4	0.0	0.0
90	rnapol	0.0	0.0	0.0
91	__protein1_rbs	4.3	0.0	0.0
91	__protein2_rbs	5.1	0.0	0.0
91	__protein3_rbs	4.65	0.0	0.0
91	__ribosome	42.5	0.0	0.0
91	__rnase_site_ext	10.1	0.0	0.0
91	p0	1.0	0.0	0.0
91	p1	0.75	0.0	0.0
91	protein1	215.7	7.3	2.43174605
91	protein2	224.45	8.65	2.38355875
91	protein3	205.6	8.5	2.4058874
91	r0	7.35	0.0	0.0
91	rnapol	0.05	0.0	0.0
92	__protein1_rbs	3.7	0.0	0.0
92	__protein2_rbs	5.05	0.0	0.0
92	__protein3_rbs	4.55	0.0	0.0
92	__ribosome	44.0	0.0	0.0
92	__rnase_site_ext	10.05	0.0	0.0
92	p0	1.0	0.0	0.0
92	p1	0.65	0.0	0.0
92	protein1	219.9	7.35	2.31625
92	protein2	228.55	8.65	2.3215512
92	protein3	210.15	8.8	2.260824349999999
92	r0	7.15	0.0	0.0
92	rnapol	0.2	0.0	0.0
93	__protein1_rbs	3.95	0.0	0.0
93	__protein2_rbs	4.55	0.0	0.0
93	__protein3_rbs	4.75	0.0	0.0
93	__ribosome	43.25	0.0	0.0
93	__rnase_site_ext	9.9	0.0	0.0
93	p0	0.85	0.0	0.0
93	p1	0.55	0.0	0.0
93	protein1	223.55	7.1	2.3052976000000003
93	protein2	232.25	8.75	2.374504149999999
93	protein3	213.45	8.85	2.3330321000000005
93	r0	7.1	0.0	0.0
93	rnapol	0.15	0.0	0.0
94	__protein1_rbs	3.45	0.0	0.0
94	__protein2_rbs	4.75	0.0	0.0
94	__protein3_rbs	4.8	0.0	0.0
94	__ribosome	42.65	0.0	0.0
94	__rnase_site_ext	9.75	0.0	0.0
94	p0	0.95	0.0	0.0
94	p1	0.8	0.0	0.0
94	protein1	226.25	7.05	2.404390350000001
94	protein2	236.35	8.8	2.3547392
94	protein3	218.0	9.05	2.2374259999999997
94	r0	7.2	0.0	0.0
94	rnapol	0.15	0.0	0.0
95	__protein1_rbs	3.8	0.0	0.0
95	__protein2_rbs	4.4	0.0	0.0
95	__protein3_rbs	5.4	0.0	0.0
95	__ribosome	42.35	0.0	0.0
95	__rnase_site_ext	9.8	0.0	0.0
95	p0	0.9	0.0	0.0
95	p1	0.85	0.0	0.0
95	protein1	229.85	7.05	2.3495454
95	protein2	240.4	8.8	2.42502065
95	protein3	221.6	9.25	2.2400432999999995
95	r0	6.9	0.0	0.0
95	rnapol	0.05	0.0	0.0
96	__protein1_rbs	3.9	0.0	0.0
96	__protein2_rbs	4.75	0.0	0.0
96	__protein3_rbs	5.0	0.0	0.0
96	__ribosome	41.5	0.0	0.0
96	__rnase_site_ext	9.7	0.0	0.0
96	p0	0.9	0.0	0.0
96	p1	0.9	0.0	0.0
96	protein1	233.05	6.8	2.4095237000000003
96	protein2	244.25	8.95	2.40451365
96	protein3	224.95	9.45	2.3111184500000004
96	r0	6.75	0.0	0.0
96	rnapol	0.05	0.0	0.0
97	__protein1_rbs	3.65	0.0	0.0
97	__protein2_rbs	4.95	0.0	0.0
97	__protein3_rbs	5.05	0.0	0.0
97	__ribosome	41.25	0.0	0.0
97	__rnase_site_ext	9.7	0.0	0.0
97	p0	0.95	0.0	0.0
97	p1	0.85	0.0	0.0
97	protein1	236.35	6.7	2.39773805
97	protein2	247.8	8.9	2.4971518999999995
97	protein3	229.6	9.55	2.28471325
97	r0	6.7	0.0	0.0
97	rnapol	0.3	0.0	0.0
98	__protein1_rbs	3.65	0.0	0.0
98	__protein2_rbs	4.75	0.0	0.0
98	__protein3_rbs	5.0	0.0	0.0
98	__ribosome	41.0	0.0	0.0
98	__rnase_site_ext	9.8	0.0	0.0
98	p0	0.75	0.0	0.0
98	p1	1.0	0.0	0.0
98	protein1	239.3	6.6	2.40932
98	protein2	252.25	9.0	2.4179293
98	protein3	233.3	9.6	2.3648431000000003
98	r0	6.7	0.0	0.0
98	rnapol	0.4	0.0	0.0
99	__protein1_rbs	3.9	0.0	0.0
99	__protein2_rbs	5.0	0.0	0.0
99	__protein3_rbs	5.7	0.0	0.0
99	__ribosome	43.25	0.0	0.0
99	__rnase_site_ext	9.8	0.0	0.0
99	p0	0.75	0.0	0.0
99	p1	0.9	0.0	0.0
99	protein1	242.85	6.6	2.30253245
99	protein2	256.6	8.85	2.4020022
99	protein3	237.95	9.7	2.25295455
99	r0	6.85	0.0	0.0
99	rnapol	0.35	0.0	0.0
100	__protein1_rbs	3.7	0.0	0.0
100	__protein2_rbs	4.1	0.0	0.0
100	__protein3_rbs	4.4	0.0	0.0
100	__ribosome	41.2	0.0	0.0
100	__rnase_site_ext	10.0	0.0	0.0
100	p0	0.85	0.0	0.0
100	p1	0.85	0.0	0.0
100	protein1	246.0	6.8	2.22405845
100	protein2	260.45	8.85	2.4626245
100	protein3	242.0	9.9	2.3370941500000004
100	r0	6.9	0.0	0.0
100	rnapol	0.5	0.0	0.0
101	__protein1_rbs	3.45	0.0	0.0
101	__protein2_rbs	4.75	0.0	0.0
101	__protein3_rbs	5.35	0.0	0.0
101	__ribosome	41.3	0.0	0.0
101	__rnase_site_ext	10.0	0.0	0.0
101	p0	0.75	0.0	0.0
101	p1	0.95	0.0	0.0
101	protein1	248.95	6.9	2.26507935
101	protein2	264.8	8.8	2.42296175
101	protein3	246.1	9.95	2.3088395
101	r0	7.1	0.0	0.0
101	rnapol	0.55	0.0	0.0
102	__protein1_rbs	3.45	0.0	0.0
102	__protein2_rbs	4.6	0.0	0.0
102	__protein3_rbs	5.3	0.0	0.0
102	__ribosome	40.45	0.0	0.0
102	__rnase_site_ext	10.4	0.0	0.0
102	p0	0.85	0.0	0.0
102	p1	0.85	0.0	0.0
102	protein1	251.35	7.1	2.34101185
102	protein2	269.1	8.6	2.44562235
102	protein3	250.4	9.85	2.3573591000000005
102	r0	7.2	0.0	0.0
102	rnapol	0.55	0.0	0.0
103	__protein1_rbs	3.8	0.0	0.0
103	__protein2_rbs	4.75	0.0	0.0
103	__protein3_rbs	5.0	0.0	0.0
103	__ribosome	41.45	0.0	0.0
103	__rnase_site_ext	10.55	0.0	0.0
103	p0	0.75	0.0	0.0
103	p1	0.9	0.0	0.0
103	protein1	254.7	7.25	2.24246025
103	protein2	273.05	8.65	2.38048705
103	protein3	255.4	9.75	2.33792515
103	r0	7.45	0.0	0.0
103	rnapol	0.45	0.0	0.0
104	__protein1_rbs	3.95	0.0	0.0
104	__protein2_rbs	4.75	0.0	0.0
104	__protein3_rbs	5.6	0.0	0.0
104	__ribosome	40.2	0.0	0.0
104	__rnase_site_ext	10.65	0.0	0.0
104	p0	0.8	0.0	0.0
104	p1	0.85	0.0	0.0
104	protein1	257.2	7.45	2.32462145
104	protein2	276.9	8.5	2.3587301
104	protein3	259.1	9.9	2.37037705
104	r0	7.6	0.0	0.0
104	rnapol	0.45	0.0	0.0
105	__protein1_rbs	4.45	0.0	0.0
105	__protein2_rbs	4.7	0.0	0.0
105	__protein3_rbs	5.7	0.0	0.0
105	__ribosome	41.65	0.0	0.0
105	__rnase_site_ext	10.75	0.0	0.0
105	p0	0.8	0.0	0.0
105	p1	0.7	0.0	0.0
105	protein1	260.6	7.55	2.3120366000000003
105	protein2	281.45	8.45	2.2798988999999996
105	protein3	264.15	10.0	2.2599827
105	r0	7.7	0.0	0.0
105	rnapol	0.4	0.0	0.0
106	__protein1_rbs	4.5	0.0	0.0
106	__protein2_rbs	5.2	0.0	0.0
106	__protein3_rbs	5.2	0.0	0.0
106	__ribosome	41.7	0.0	0.0
106	__rnase_site_ext	10.9	0.0	0.0
106	p0	0.85	0.0	0.0
106	p1	0.65	0.0	0.0
106	protein1	263.6	7.6	2.29601625
106	protein2	284.85	8.25	2.3086850999999995
106	protein3	268.8	10.05	2.2842545000000003
106	r0	7.75	0.0	0.0
106	rnapol	0.5	0.0	0.0
107	__protein1_rbs	3.8	0.0	0.0
107	__protein2_rbs	4.85	0.0	0.0
107	__protein3_rbs	5.5	0.0	0.0
107	__ribosome	41.05	0.0	0.0
107	__rnase_site_ext	10.85	0.0	0.0
107	p0	1.0	0.0	0.0
107	p1	0.8	0.0	0.0
107	protein1	266.85	7.75	2.3294932
107	protein2	288.45	8.25	2.3487122499999997
107	protein3	273.1	9.85	2.33341945
107	r0	7.75	0.0	0.0
107	rnapol	0.65	0.0	0.0
108	__protein1_rbs	4.0	0.0	0.0
108	__protein2_rbs	4.7	0.0	0.0
108	__protein3_rbs	5.3	0.0	0.0
108	__ribosome	40.5	0.0	0.0
108	__rnase_site_ext	10.85	0.0	0.0
108	p0	0.8	0.0	0.0
108	p1	0.55	0.0	0.0
108	protein1	270.05	7.75	2.3996459
108	protein2	292.6	8.25	2.25565795
108	protein3	277.35	9.8	2.40121565
108	r0	7.65	0.0	0.0
108	rnapol	0.55	0.0	0.0
109	__protein1_rbs	4.35	0.0	0.0
109	__protein2_rbs	4.3	0.0	0.0
109	__protein3_rbs	5.45	0.0	0.0
109	__ribosome	41.7	0.0	0.0
109	__rnase_site_ext	10.9	0.0	0.0
109	p0	0.8	0.0	0.0
109	p1	0.45	0.0	0.0
109	protein1	274.15	7.7	2.3208820999999995
109	protein2	296.55	8.35	2.2324327
109	protein3	282.25	9.8	2.3418078500000004
109	r0	7.85	0.0	0.0
109	rnapol	0.5	0.0	0.0
110	__protein1_rbs	4.55	0.0	0.0
110	__protein2_rbs	4.8	0.0	0.0
110	__protein3_rbs	5.0	0.0	0.0
110	__ribosome	40.65	0.0	0.0
110	__rnase_site_ext	11.25	0.0	0.0
110	p0	0.7	0.0	0.0
110	p1	0.55	0.0	0.0
110	protein1	276.95	7.85	2.28871945
110	protein2	299.9	8.4	2.2672001
110	protein3	286.05	9.7	2.447162899999999
110	r0	7.85	0.0	0.0
110	rnapol	0.5	0.0	0.0
111	__protein1_rbs	4.15	0.0	0.0
111	__protein2_rbs	5.45	0.0	0.0
111	__protein3_rbs	5.75	0.0	0.0
111	__ribosome	41.25	0.0	0.0
111	__rnase_site_ext	11.4	0.0	0.0
111	p0	0.8	0.0	0.0
111	p1	0.7	0.0	0.0
111	protein1	280.45	7.95	2.3286171499999995
111	protein2	303.05	8.5	2.2825206500000004
111	protein3	291.1	9.65	2.31891705
111	r0	8.05	0.0	0.0
111	rnapol	0.45	0.0	0.0
112	__protein1_rbs	4.4	0.0	0.0
112	__protein2_rbs	4.45	0.0	0.0
112	__protein3_rbs	5.1	0.0	0.0
112	__ribosome	41.0	0.0	0.0
112	__rnase_site_ext	11.55	0.0	0.0
112	p0	0.8	0.0	0.0
112	p1	0.65	0.0	0.0
112	protein1	284.05	8.15	2.2876388
112	protein2	306.8	8.55	2.2528501
112	protein3	295.5	9.5	2.3491268
112	r0	8.25	0.0	0.0
112	rnapol	0.35	0.0	0.0
113	__protein1_rbs	4.4	0.0	0.0
113	__protein2_rbs	5.2	0.0	0.0
113	__protein3_rbs	4.9	0.0	0.0
113	__ribosome	41.15	0.0	0.0
113	__rnase_site_ext	11.55	0.0	0.0
113	p0	0.9	0.0	0.0
113	p1	0.75	0.0	0.0
113	protein1	287.55	8.3	2.3063222000000003
113	protein2	310.5	8.6	2.1889583000000004
113	protein3	299.8	9.5	2.3590551
113	r0	8.4	0.0	0.0
113	rnapol	0.25	0.0	0.0
114	__protein1_rbs	4.1	0.0	0.0
114	__protein2_rbs	5.0	0.0	0.0
114	__protein3_rbs	5.1	0.0	0.0
114	__ribosome	41.05	0.0	0.0
114	__rnase_site_ext	11.65	0.0	0.0
114	p0	0.9	0.0	0.0
114	p1	0.9	0.0	0.0
114	protein1	291.1	8.4	2.34540045
114	protein2	314.4	8.75	2.1620477499999997
114	protein3	304.6	9.5	2.2917449
114	r0	8.45	0.0	0.0
114	rnapol	0.15	0.0	0.0
115	__protein1_rbs	4.6	0.0	0.0
115	__protein2_rbs	4.75	0.0	0.0
115	__protein3_rbs	4.9	0.0	0.0
115	__ribosome	40.2	0.0	0.0
115	__rnase_site_ext	11.4	0.0	0.0
115	p0	1.0	0.0	0.0
115	p1	0.75	0.0	0.0
115	protein1	294.3	8.4	2.3741463
115	protein2	318.1	8.85	2.1790738
115	protein3	309.25	9.5	2.29194395
115	r0	8.5	0.0	0.0
115	rnapol	0.15	0.0	0.0
116	__protein1_rbs	4.3	0.0	0.0
116	__protein2_rbs	5.5	0.0	0.0
116	__protein3_rbs	5.05	0.0	0.0
116	__ribosome	39.1	0.0	0.0
116	__rnase_site_ext	11.3	0.0	0.0
116	p0	0.95	0.0	0.0
116	p1	0.65	0.0	0.0
116	protein1	298.1	8.45	2.393959
116	protein2	321.45	8.95	2.18932385
116	protein3	313.0	9.5	2.34003725
116	r0	8.35	0.0	0.0
116	rnapol	0.2	0.0	0.0
117	__protein1_rbs	5.0	0.0	0.0
117	__protein2_rbs	5.05	0.0	0.0
117	__protein3_rbs	5.4	0.0	0.0
117	__ribosome	39.55	0.0	0.0
117	__rnase_site_ext	11.15	0.0	0.0
117	p0	0.95	0.0	0.0
117	p1	0.45	0.0	0.0
117	protein1	302.0	8.35	2.3353205000000004
117	protein2	325.1	9.0	2.1809310500000003
117	protein3	316.8	9.45	2.3976581
117	r0	8.3	0.0	0.0
117	rnapol	0.15	0.0	0.0
118	__protein1_rbs	4.85	0.0	0.0
118	__protein2_rbs	4.7	0.0	0.0
118	__protein3_rbs	5.75	0.0	0.0
118	__ribosome	40.2	0.0	0.0
118	__rnase_site_ext	11.1	0.0	0.0
118	p0	0.85	0.0	0.0
118	p1	0.5	0.0	0.0
118	protein1	305.5	8.1	2.3994673
118	protein2	328.8	8.9	2.2889332000000002
118	protein3	321.4	9.55	2.2668633
118	r0	8.0	0.0	0.0
118	rnapol	0.1	0.0	0.0
119	__protein1_rbs	4.5	0.0	0.0
119	__protein2_rbs	4.9	0.0	0.0
119	__protein3_rbs	5.1	0.0	0.0
119	__ribosome	39.8	0.0	0.0
119	__rnase_site_ext	11.2	0.0	0.0
119	p0	0.9	0.0	0.0
119	p1	0.8	0.0	0.0
119	protein1	309.6	7.95	2.3664911
119	protein2	332.4	8.95	2.3280266000000003
119	protein3	325.5	9.75	2.2784937999999997
119	r0	8.0	0.0	0.0
119	rnapol	0.05	0.0	0.0
120	__protein1_rbs	4.8	0.0	0.0
120	__protein2_rbs	5.4	0.0	0.0
120	__protein3_rbs	5.3	0.0	0.0
120	__ribosome	40.85	0.0	0.0
120	__rnase_site_ext	11.25	0.0	0.0
120	p0	0.95	0.0	0.0
120	p1	0.8	0.0	0.0
120	protein1	313.7	8.0	2.2586110500000003
120	protein2	336.5	9.2	2.20424945
120	protein3	330.15	9.65	2.3094624999999995
120	r0	8.0	0.0	0.0
120	rnapol	0.1	0.0	0.0
121	__protein1_rbs	4.4	0.0	0.0
121	__protein2_rbs	4.95	0.0	0.0
121	__protein3_rbs	5.25	0.0	0.0
121	__ribosome	40.7	0.0	0.0
121	__rnase_site_ext	11.15	0.0	0.0
121	p0	0.9	0.0	0.0
121	p1	0.9	0.0	0.0
121	protein1	317.75	8.05	2.1724770500000004
121	protein2	340.45	9.4	2.1611403
121	protein3	334.2	9.75	2.3639303499999995
121	r0	8.05	0.0	0.0
121	rnapol	0.2	0.0	0.0
122	__protein1_rbs	4.4	0.0	0.0
122	__protein2_rbs	5.55	0.0	0.0
122	__protein3_rbs	5.5	0.0	0.0
122	__ribosome	39.9	0.0	0.0
122	__rnase_site_ext	11.3	0.0	0.0
122	p0	0.9	0.0	0.0
122	p1	0.85	0.0	0.0
122	protein1	321.05	7.95	2.2860088000000003
122	protein2	344.45	9.35	2.15104225
122	protein3	338.25	9.95	2.3238687000000002
122	r0	7.95	0.0	0.0
122	rnapol	0.4	0.0	0.0
123	__protein1_rbs	4.55	0.0	0.0
123	__protein2_rbs	5.25	0.0	0.0
123	__protein3_rbs	5.75	0.0	0.0
123	__ribosome	39.55	0.0	0.0
123	__rnase_site_ext	11.5	0.0	0.0
123	p0	0.8	0.0	0.0
123	p1	0.9	0.0	0.0
123	protein1	324.4	8.0	2.24722215
123	protein2	348.15	9.45	2.21111665
123	protein3	342.3	10.1	2.25904765
123	r0	8.05	0.0	0.0
123	rnapol	0.25	0.0	0.0
124	__protein1_rbs	4.3	0.0	0.0
124	__protein2_rbs	5.7	0.0	0.0
124	__protein3_rbs	5.5	0.0	0.0
124	__ribosome	39.6	0.0	0.0
124	__rnase_site_ext	11.5	0.0	0.0
124	p0	0.85	0.0	0.0
124	p1	0.85	0.0	0.0
124	protein1	327.9	8.05	2.2260684
124	protein2	351.9	9.45	2.2348251500000003
124	protein3	347.0	10.1	2.23566805
124	r0	8.25	0.0	0.0
124	rnapol	0.3	0.0	0.0
125	__protein1_rbs	4.4	0.0	0.0
125	__protein2_rbs	5.15	0.0	0.0
125	__protein3_rbs	5.9	0.0	0.0
125	__ribosome	39.75	0.0	0.0
125	__rnase_site_ext	11.6	0.0	0.0
125	p0	0.9	0.0	0.0
125	p1	0.8	0.0	0.0
125	protein1	331.0	8.05	2.2988889
125	protein2	355.8	9.35	2.25721635
125	protein3	351.85	10.1	2.1590529000000003
125	r0	8.1	0.0	0.0
125	rnapol	0.5	0.0	0.0
126	__protein1_rbs	4.85	0.0	0.0
126	__protein2_rbs	5.15	0.0	0.0
126	__protein3_rbs	5.65	0.0	0.0
126	__ribosome	40.2	0.0	0.0
126	__rnase_site_ext	11.6	0.0	0.0
126	p0	0.95	0.0	0.0
126	p1	0.8	0.0	0.0
126	protein1	334.75	8.1	2.2104816
126	protein2	359.8	9.35	2.2296675499999994
126	protein3	356.05	10.15	2.16356305
126	r0	8.1	0.0	0.0
126	rnapol	0.75	0.0	0.0
127	__protein1_rbs	4.7	0.0	0.0
127	__protein2_rbs	4.3	0.0	0.0
127	__protein3_rbs	5.6	0.0	0.0
127	__ribosome	39.6	0.0	0.0
127	__rnase_site_ext	11.85	0.0	0.0
127	p0	0.75	0.0	0.0
127	p1	0.9	0.0	0.0
127	protein1	338.3	8.15	2.147996
127	protein2	363.75	9.2	2.36901765
127	protein3	360.45	9.9	2.2065865500000004
127	r0	8.2	0.0	0.0
127	rnapol	0.6	0.0	0.0
128	__protein1_rbs	4.75	0.0	0.0
128	__protein2_rbs	5.6	0.0	0.0
128	__protein3_rbs	5.35	0.0	0.0
128	__ribosome	40.1	0.0	0.0
128	__rnase_site_ext	11.8	0.0	0.0
128	p0	0.85	0.0	0.0
128	p1	0.85	0.0	0.0
128	protein1	342.0	8.2	2.12075395
128	protein2	368.1	9.35	2.2446266
128	protein3	364.4	10.05	2.2428607000000005
128	r0	8.35	0.0	0.0
128	rnapol	0.75	0.0	0.0
129	__protein1_rbs	4.8	0.0	0.0
129	__protein2_rbs	5.2	0.0	0.0
129	__protein3_rbs	5.7	0.0	0.0
129	__ribosome	40.15	0.0	0.0
129	__rnase_site_ext	12.0	0.0	0.0
129	p0	0.75	0.0	0.0
129	p1	0.65	0.0	0.0
129	protein1	345.7	8.25	2.0659326000000005
129	protein2	371.75	9.35	2.2750865
129	protein3	368.65	10.15	2.19299495
129	r0	8.45	0.0	0.0
129	rnapol	0.6	0.0	0.0
130	__protein1_rbs	5.2	0.0	0.0
130	__protein2_rbs	6.0	0.0	0.0
130	__protein3_rbs	5.2	0.0	0.0
130	__ribosome	40.35	0.0	0.0
130	__rnase_site_ext	11.95	0.0	0.0
130	p0	0.9	0.0	0.0
130	p1	0.6	0.0	0.0
130	protein1	348.8	8.35	2.0455952500000003
130	protein2	375.9	9.5	2.17402595
130	protein3	373.05	10.25	2.2154930000000004
130	r0	8.5	0.0	0.0
130	rnapol	0.55	0.0	0.0
131	__protein1_rbs	4.5	0.0	0.0
131	__protein2_rbs	5.25	0.0	0.0
131	__protein3_rbs	5.95	0.0	0.0
131	__ribosome	39.5	0.0	0.0
131	__rnase_site_ext	12.05	0.0	0.0
131	p0	0.8	0.0	0.0
131	p1	0.6	0.0	0.0
131	protein1	352.15	8.5	2.0874748000000003
131	protein2	379.7	9.45	2.2023647
131	protein3	377.5	10.25	2.23691575
131	r0	8.4	0.0	0.0
131	rnapol	0.35	0.0	0.0
132	__protein1_rbs	4.65	0.0	0.0
132	__protein2_rbs	5.3	0.0	0.0
132	__protein3_rbs	5.55	0.0	0.0
132	__ribosome	40.15	0.0	0.0
132	__rnase_site_ext	12.1	0.0	0.0
132	p0	0.9	0.0	0.0
132	p1	0.8	0.0	0.0
132	protein1	355.8	8.25	2.0845955000000003
132	protein2	384.15	9.6	2.12422685
132	protein3	381.9	10.25	2.2446151000000003
132	r0	8.4	0.0	0.0
132	rnapol	0.4	0.0	0.0
133	__protein1_rbs	4.55	0.0	0.0
133	__protein2_rbs	4.95	0.0	0.0
133	__protein3_rbs	6.0	0.0	0.0
133	__ribosome	38.6	0.0	0.0
133	__rnase_site_ext	12.3	0.0	0.0
133	p0	0.9	0.0	0.0
133	p1	0.7	0.0	0.0
133	protein1	359.25	8.3	2.1131364
133	protein2	387.9	9.45	2.2426063999999997
133	protein3	385.85	10.3	2.2701695
133	r0	8.4	0.0	0.0
133	rnapol	0.5	0.0	0.0
134	__protein1_rbs	4.5	0.0	0.0
134	__protein2_rbs	6.05	0.0	0.0
134	__protein3_rbs	5.15	0.0	0.0
134	__ribosome	38.2	0.0	0.0
134	__rnase_site_ext	12.35	0.0	0.0
134	p0	0.65	0.0	0.0
134	p1	0.7	0.0	0.0
134	protein1	362.65	8.4	2.146154
134	protein2	392.2	9.65	2.1523502500000005
134	protein3	390.15	10.15	2.36813115
134	r0	8.5	0.0	0.0
134	rnapol	0.5	0.0	0.0
135	__protein1_rbs	4.6	0.0	0.0
135	__protein2_rbs	5.65	0.0	0.0
135	__protein3_rbs	6.1	0.0	0.0
135	__ribosome	37.4	0.0	0.0
135	__rnase_site_ext	12.55	0.0	0.0
135	p0	0.85	0.0	0.0
135	p1	0.65	0.0	0.0
135	protein1	365.45	8.45	2.2662501
135	protein2	395.65	9.6	2.23483765
135	protein3	395.3	10.2	2.24045865
135	r0	8.65	0.0	0.0
135	rnapol	0.5	0.0	0.0
136	__protein1_rbs	5.05	0.0	0.0
136	__protein2_rbs	6.1	0.0	0.0
136	__protein3_rbs	5.0	0.0	0.0
136	__ribosome	37.4	0.0	0.0
136	__rnase_site_ext	12.6	0.0	0.0
136	p0	0.8	0.0	0.0
136	p1	0.65	0.0	0.0
136	protein1	368.9	8.6	2.23153335
136	protein2	400.15	9.55	2.1649350000000003
136	protein3	399.7	10.2	2.3460467
136	r0	8.75	0.0	0.0
136	rnapol	0.35	0.0	0.0
137	__protein1_rbs	4.9	0.0	0.0
137	__protein2_rbs	5.6	0.0	0.0
137	__protein3_rbs	5.9	0.0	0.0
137	__ribosome	38.05	0.0	0.0
137	__rnase_site_ext	12.5	0.0	0.0
137	p0	0.9	0.0	0.0
137	p1	0.6	0.0	0.0
137	protein1	372.5	8.7	2.14141535
137	protein2	403.95	9.75	2.1610426
137	protein3	404.2	10.0	2.3482388500000004
137	r0	8.85	0.0	0.0
137	rnapol	0.4	0.0	0.0
138	__protein1_rbs	4.6	0.0	0.0
138	__protein2_rbs	5.45	0.0	0.0
138	__protein3_rbs	5.4	0.0	0.0
138	__ribosome	37.8	0.0	0.0
138	__rnase_site_ext	12.55	0.0	0.0
138	p0	0.95	0.0	0.0
138	p1	0.75	0.0	0.0
138	protein1	376.3	8.75	2.1251953500000003
138	protein2	408.25	9.65	2.1766414000000003
138	protein3	408.8	10.05	2.3426137000000002
138	r0	8.7	0.0	0.0
138	rnapol	0.4	0.0	0.0
139	__protein1_rbs	4.6	0.0	0.0
139	__protein2_rbs	5.85	0.0	0.0
139	__protein3_rbs	5.4	0.0	0.0
139	__ribosome	37.35	0.0	0.0
139	__rnase_site_ext	12.65	0.0	0.0
139	p0	0.95	0.0	0.0
139	p1	0.75	0.0	0.0
139	protein1	380.05	8.65	2.193526250000001
139	protein2	412.15	9.8	2.1506006500000003
139	protein3	412.9	9.9	2.4027613999999997
139	r0	8.75	0.0	0.0
139	rnapol	0.3	0.0	0.0
140	__protein1_rbs	5.1	0.0	0.0
140	__protein2_rbs	5.9	0.0	0.0
140	__protein3_rbs	5.75	0.0	0.0
140	__ribosome	37.85	0.0	0.0
140	__rnase_site_ext	12.7	0.0	0.0
140	p0	0.95	0.0	0.0
140	p1	0.65	0.0	0.0
140	protein1	383.5	8.75	2.1894335499999995
140	protein2	416.55	10.0	2.07880495
140	protein3	417.7	10.1	2.2770669000000003
140	r0	8.8	0.0	0.0
140	rnapol	0.35	0.0	0.0
141	__protein1_rbs	4.15	0.0	0.0
141	__protein2_rbs	5.7	0.0	0.0
141	__protein3_rbs	6.1	0.0	0.0
141	__ribosome	36.55	0.0	0.0
141	__rnase_site_ext	12.75	0.0	0.0
141	p0	0.85	0.0	0.0
141	p1	0.55	0.0	0.0
141	protein1	387.1	8.8	2.27930555
141	protein2	420.15	10.0	2.1692299
141	protein3	422.7	10.15	2.2118391500000003
141	r0	8.8	0.0	0.0
141	rnapol	0.2	0.0	0.0
142	__protein1_rbs	5.0	0.0	0.0
142	__protein2_rbs	5.6	0.0	0.0
142	__protein3_rbs	5.65	0.0	0.0
142	__ribosome	36.95	0.0	0.0
142	__rnase_site_ext	12.7	0.0	0.0
142	p0	1.0	0.0	0.0
142	p1	0.7	0.0	0.0
142	protein1	390.65	8.75	2.2931261000000003
142	protein2	424.25	9.9	2.1766163000000005
142	protein3	427.25	10.3	2.15908155
142	r0	8.75	0.0	0.0
142	rnapol	0.45	0.0	0.0
143	__protein1_rbs	4.75	0.0	0.0
143	__protein2_rbs	5.2	0.0	0.0
143	__protein3_rbs	5.95	0.0	0.0
143	__ribosome	35.5	0.0	0.0
143	__rnase_site_ext	12.9	0.0	0.0
143	p0	0.75	0.0	0.0
143	p1	0.7	0.0	0.0
143	protein1	394.3	8.75	2.3383707
143	protein2	428.3	9.9	2.24178135
143	protein3	431.25	10.45	2.1536185000000003
143	r0	8.75	0.0	0.0
143	rnapol	0.1	0.0	0.0
144	__protein1_rbs	5.3	0.0	0.0
144	__protein2_rbs	5.7	0.0	0.0
144	__protein3_rbs	6.15	0.0	0.0
144	__ribosome	37.05	0.0	0.0
144	__rnase_site_ext	12.8	0.0	0.0
144	p0	0.95	0.0	0.0
144	p1	0.9	0.0	0.0
144	protein1	398.8	8.7	2.2102233
144	protein2	432.7	10.2	2.1623405
144	protein3	435.75	10.6	2.112169749999999
144	r0	8.9	0.0	0.0
144	rnapol	0.1	0.0	0.0
145	__protein1_rbs	5.4	0.0	0.0
145	__protein2_rbs	5.65	0.0	0.0
145	__protein3_rbs	6.0	0.0	0.0
145	__ribosome	35.75	0.0	0.0
145	__rnase_site_ext	12.75	0.0	0.0
145	p0	1.0	0.0	0.0
145	p1	0.8	0.0	0.0
145	protein1	402.35	8.8	2.1837851
145	protein2	436.5	10.3	2.2584715
145	protein3	439.8	10.7	2.13782025
145	r0	8.8	0.0	0.0
145	rnapol	0.25	0.0	0.0
146	__protein1_rbs	5.3	0.0	0.0
146	__protein2_rbs	6.25	0.0	0.0
146	__protein3_rbs	6.65	0.0	0.0
146	__ribosome	37.45	0.0	0.0
146	__rnase_site_ext	12.75	0.0	0.0
146	p0	0.85	0.0	0.0
146	p1	0.8	0.0	0.0
146	protein1	406.3	8.8	2.1191056500000003
146	protein2	441.1	10.25	2.17621605
146	protein3	444.15	10.85	2.0521518
146	r0	8.75	0.0	0.0
146	rnapol	0.3	0.0	0.0
147	__protein1_rbs	4.3	0.0	0.0
147	__protein2_rbs	5.75	0.0	0.0
147	__protein3_rbs	6.35	0.0	0.0
147	__ribosome	36.45	0.0	0.0
147	__rnase_site_ext	12.9	0.0	0.0
147	p0	0.9	0.0	0.0
147	p1	0.8	0.0	0.0
147	protein1	410.0	8.7	2.2116331
147	protein2	445.3	10.4	2.18301515
147	protein3	448.7	11.05	2.03399665
147	r0	8.9	0.0	0.0
147	rnapol	0.45	0.0	0.0
148	__protein1_rbs	5.25	0.0	0.0
148	__protein2_rbs	5.6	0.0	0.0
148	__protein3_rbs	5.8	0.0	0.0
148	__ribosome	36.0	0.0	0.0
148	__rnase_site_ext	12.85	0.0	0.0
148	p0	0.9	0.0	0.0
148	p1	0.8	0.0	0.0
148	protein1	414.2	8.85	2.0887634999999998
148	protein2	449.7	10.2	2.2701719
148	protein3	453.1	11.15	2.1176744000000003
148	r0	8.95	0.0	0.0
148	rnapol	0.45	0.0	0.0
149	__protein1_rbs	5.1	0.0	0.0
149	__protein2_rbs	6.35	0.0	0.0
149	__protein3_rbs	6.85	0.0	0.0
149	__ribosome	36.3	0.0	0.0
149	__rnase_site_ext	12.85	0.0	0.0
149	p0	0.9	0.0	0.0
149	p1	0.85	0.0	0.0
149	protein1	417.55	8.85	2.1602063
149	protein2	454.1	10.2	2.2131948500000003
149	protein3	457.45	11.05	2.08515465
149	r0	8.9	0.0	0.0
149	rnapol	0.45	0.0	0.0
150	__protein1_rbs	4.85	0.0	0.0
150	__protein2_rbs	6.2	0.0	0.0
150	__protein3_rbs	6.0	0.0	0.0
150	__ribosome	35.75	0.0	0.0
150	__rnase_site_ext	12.95	0.0	0.0
150	p0	0.75	0.0	0.0
150	p1	0.75	0.0	0.0
150	protein1	420.95	8.9	2.2194559499999995
150	protein2	458.6	10.15	2.1454543000000004
150	protein3	461.9	11.2	2.1133317499999995
150	r0	8.95	0.0	0.0
150	rnapol	0.4	0.0	0.0
151	__protein1_rbs	5.55	0.0	0.0
151	__protein2_rbs	6.0	0.0	0.0
151	__protein3_rbs	6.05	0.0	0.0
151	__ribosome	35.9	0.0	0.0
151	__rnase_site_ext	13.0	0.0	0.0
151	p0	0.9	0.0	0.0
151	p1	0.9	0.0	0.0
151	protein1	424.65	8.95	2.18291695
151	protein2	462.9	10.15	2.16121165
151	protein3	466.45	10.95	2.1737994
151	r0	9.2	0.0	0.0
151	rnapol	0.45	0.0	0.0
152	__protein1_rbs	5.15	0.0	0.0
152	__protein2_rbs	5.7	0.0	0.0
152	__protein3_rbs	6.7	0.0	0.0
152	__ribosome	36.05	0.0	0.0
152	__rnase_site_ext	13.1	0.0	0.0
152	p0	0.8	0.0	0.0
152	p1	0.85	0.0	0.0
152	protein1	428.45	9.05	2.12741705
152	protein2	467.7	10.05	2.1106203999999997
152	protein3	470.55	11.2	2.1837472
152	r0	9.05	0.0	0.0
152	rnapol	0.4	0.0	0.0
153	__protein1_rbs	5.6	0.0	0.0
153	__protein2_rbs	5.35	0.0	0.0
153	__protein3_rbs	6.6	0.0	0.0
153	__ribosome	36.2	0.0	0.0
153	__rnase_site_ext	13.1	0.0	0.0
153	p0	0.7	0.0	0.0
153	p1	0.7	0.0	0.0
153	protein1	432.25	9.1	2.0734488000000004
153	protein2	471.75	10.05	2.1636759000000003
153	protein3	475.55	11.3	2.1398181000000003
153	r0	9.1	0.0	0.0
153	rnapol	0.35	0.0	0.0
154	__protein1_rbs	4.65	0.0	0.0
154	__protein2_rbs	6.15	0.0	0.0
154	__protein3_rbs	6.3	0.0	0.0
154	__ribosome	35.8	0.0	0.0
154	__rnase_site_ext	13.3	0.0	0.0
154	p0	0.9	0.0	0.0
154	p1	0.7	0.0	0.0
154	protein1	436.05	9.0	2.1382824
154	protein2	476.0	10.0	2.143841149999999
154	protein3	479.8	11.3	2.1910649500000003
154	r0	9.2	0.0	0.0
154	rnapol	0.45	0.0	0.0
155	__protein1_rbs	5.5	0.0	0.0
155	__protein2_rbs	6.05	0.0	0.0
155	__protein3_rbs	6.25	0.0	0.0
155	__ribosome	35.5	0.0	0.0
155	__rnase_site_ext	13.3	0.0	0.0
155	p0	0.85	0.0	0.0
155	p1	0.8	0.0	0.0
155	protein1	439.8	9.25	2.0593925
155	protein2	479.65	9.85	2.2169065000000003
155	protein3	484.8	11.35	2.1938555499999994
155	r0	9.4	0.0	0.0
155	rnapol	0.3	0.0	0.0
156	__protein1_rbs	6.05	0.0	0.0
156	__protein2_rbs	5.7	0.0	0.0
156	__protein3_rbs	6.95	0.0	0.0
156	__ribosome	36.35	0.0	0.0
156	__rnase_site_ext	13.25	0.0	0.0
156	p0	0.85	0.0	0.0
156	p1	0.8	0.0	0.0
156	protein1	443.05	9.25	2.03180875
156	protein2	484.3	10.0	2.1570924
156	protein3	489.6	11.35	2.15208945
156	r0	9.2	0.0	0.0
156	rnapol	0.2	0.0	0.0
157	__protein1_rbs	4.75	0.0	0.0
157	__protein2_rbs	5.1	0.0	0.0
157	__protein3_rbs	6.5	0.0	0.0
157	__ribosome	35.0	0.0	0.0
157	__rnase_site_ext	13.4	0.0	0.0
157	p0	0.9	0.0	0.0
157	p1	0.65	0.0	0.0
157	protein1	447.05	9.15	2.1153657000000003
157	protein2	488.25	9.95	2.2136291
157	protein3	494.15	11.35	2.1863928
157	r0	9.25	0.0	0.0
157	rnapol	0.45	0.0	0.0
158	__protein1_rbs	5.15	0.0	0.0
158	__protein2_rbs	6.25	0.0	0.0
158	__protein3_rbs	6.75	0.0	0.0
158	__ribosome	35.45	0.0	0.0
158	__rnase_site_ext	13.25	0.0	0.0
158	p0	0.9	0.0	0.0
158	p1	0.7	0.0	0.0
158	protein1	450.35	9.1	2.1702261000000003
158	protein2	492.45	9.9	2.15967175
158	protein3	498.9	11.25	2.1795501000000006
158	r0	9.05	0.0	0.0
158	rnapol	0.55	0.0	0.0
159	__protein1_rbs	5.2	0.0	0.0
159	__protein2_rbs	5.85	0.0	0.0
159	__protein3_rbs	7.0	0.0	0.0
159	__ribosome	36.25	0.0	0.0
159	__rnase_site_ext	13.3	0.0	0.0
159	p0	0.85	0.0	0.0
159	p1	0.55	0.0	0.0
159	protein1	454.35	9.1	2.20063995
159	protein2	496.8	10.0	2.0838113000000003
159	protein3	503.7	11.3	2.1248242500000005
159	r0	9.1	0.0	0.0
159	rnapol	0.55	0.0	0.0
160	__protein1_rbs	5.4	0.0	0.0
160	__protein2_rbs	6.0	0.0	0.0
160	__protein3_rbs	6.05	0.0	0.0
160	__ribosome	37.2	0.0	0.0
160	__rnase_site_ext	13.35	0.0	0.0
160	p0	0.85	0.0	0.0
160	p1	0.55	0.0	0.0
160	protein1	458.65	9.15	2.08720795
160	protein2	500.85	10.15	2.0353932
160	protein3	509.3	11.2	2.1391952000000005
160	r0	9.15	0.0	0.0
160	rnapol	0.55	0.0	0.0
161	__protein1_rbs	5.15	0.0	0.0
161	__protein2_rbs	6.0	0.0	0.0
161	__protein3_rbs	6.2	0.0	0.0
161	__ribosome	34.65	0.0	0.0
161	__rnase_site_ext	13.5	0.0	0.0
161	p0	0.75	0.0	0.0
161	p1	0.65	0.0	0.0
161	protein1	461.4	9.0	2.2523737499999994
161	protein2	504.55	10.3	2.0488493
161	protein3	513.15	11.3	2.20770115
161	r0	9.2	0.0	0.0
161	rnapol	0.4	0.0	0.0
162	__protein1_rbs	5.0	0.0	0.0
162	__protein2_rbs	6.0	0.0	0.0
162	__protein3_rbs	6.0	0.0	0.0
162	__ribosome	35.75	0.0	0.0
162	__rnase_site_ext	13.65	0.0	0.0
162	p0	0.75	0.0	0.0
162	p1	0.85	0.0	0.0
162	protein1	465.55	9.2	2.1895233000000003
162	protein2	509.4	10.3	1.96718975
162	protein3	518.45	11.05	2.24751115
162	r0	9.4	0.0	0.0
162	rnapol	0.2	0.0	0.0
163	__protein1_rbs	5.2	0.0	0.0
163	__protein2_rbs	6.45	0.0	0.0
163	__protein3_rbs	6.7	0.0	0.0
163	__ribosome	35.3	0.0	0.0
163	__rnase_site_ext	13.65	0.0	0.0
163	p0	0.9	0.0	0.0
163	p1	0.75	0.0	0.0
163	protein1	469.65	9.3	2.1930407000000005
163	protein2	512.65	10.45	1.9978472500000009
163	protein3	522.95	11.0	2.22857325
163	r0	9.45	0.0	0.0
163	rnapol	0.2	0.0	0.0
164	__protein1_rbs	5.7	0.0	0.0
164	__protein2_rbs	6.0	0.0	0.0
164	__protein3_rbs	6.55	0.0	0.0
164	__ribosome	34.3	0.0	0.0
164	__rnase_site_ext	13.75	0.0	0.0
164	p0	0.9	0.0	0.0
164	p1	0.8	0.0	0.0
164	protein1	473.45	9.4	2.17186295
164	protein2	516.65	10.7	2.0250063000000003
164	protein3	527.35	11.15	2.2401676000000004
164	r0	9.4	0.0	0.0
164	rnapol	0.2	0.0	0.0
165	__protein1_rbs	6.05	0.0	0.0
165	__protein2_rbs	6.3	0.0	0.0
165	__protein3_rbs	6.6	0.0	0.0
165	__ribosome	34.35	0.0	0.0
165	__rnase_site_ext	13.75	0.0	0.0
165	p0	0.95	0.0	0.0
165	p1	0.75	0.0	0.0
165	protein1	476.85	9.45	2.1773295000000004
165	protein2	520.7	10.8	2.06071975
165	protein3	532.4	11.0	2.2255980499999994
165	r0	9.45	0.0	0.0
165	rnapol	0.15	0.0	0.0
166	__protein1_rbs	5.65	0.0	0.0
166	__protein2_rbs	6.65	0.0	0.0
166	__protein3_rbs	5.55	0.0	0.0
166	__ribosome	35.85	0.0	0.0
166	__rnase_site_ext	13.85	0.0	0.0
166	p0	0.95	0.0	0.0
166	p1	0.75	0.0	0.0
166	protein1	481.1	9.45	2.0875555
166	protein2	525.5	10.8	1.97546325
166	protein3	537.55	11.1	2.2172525000000003
166	r0	9.55	0.0	0.0
166	rnapol	0.25	0.0	0.0
167	__protein1_rbs	5.95	0.0	0.0
167	__protein2_rbs	6.4	0.0	0.0
167	__protein3_rbs	5.6	0.0	0.0
167	__ribosome	35.2	0.0	0.0
167	__rnase_site_ext	14.05	0.0	0.0
167	p0	0.8	0.0	0.0
167	p1	0.7	0.0	0.0
167	protein1	485.05	9.55	2.0117619500000004
167	protein2	529.6	10.8	2.0113908
167	protein3	541.95	11.1	2.26262825
167	r0	9.6	0.0	0.0
167	rnapol	0.05	0.0	0.0
168	__protein1_rbs	5.35	0.0	0.0
168	__protein2_rbs	6.5	0.0	0.0
168	__protein3_rbs	6.25	0.0	0.0
168	__ribosome	33.7	0.0	0.0
168	__rnase_site_ext	13.85	0.0	0.0
168	p0	1.0	0.0	0.0
168	p1	0.55	0.0	0.0
168	protein1	488.7	9.65	2.0689743999999997
168	protein2	533.2	10.75	2.08740775
168	protein3	546.65	11.05	2.2778125499999997
168	r0	9.8	0.0	0.0
168	rnapol	0.1	0.0	0.0
169	__protein1_rbs	6.05	0.0	0.0
169	__protein2_rbs	6.5	0.0	0.0
169	__protein3_rbs	6.85	0.0	0.0
169	__ribosome	35.3	0.0	0.0
169	__rnase_site_ext	13.7	0.0	0.0
169	p0	0.95	0.0	0.0
169	p1	0.5	0.0	0.0
169	protein1	492.8	9.7	1.9377048500000005
169	protein2	537.35	10.85	2.0533075499999995
169	protein3	551.45	11.05	2.2208512000000002
169	r0	9.7	0.0	0.0
169	rnapol	0.3	0.0	0.0
170	__protein1_rbs	5.9	0.0	0.0
170	__protein2_rbs	6.3	0.0	0.0
170	__protein3_rbs	6.45	0.0	0.0
170	__ribosome	34.1	0.0	0.0
170	__rnase_site_ext	13.7	0.0	0.0
170	p0	0.95	0.0	0.0
170	p1	0.7	0.0	0.0
170	protein1	496.25	9.6	2.00102685
170	protein2	541.7	10.9	2.0712200000000003
170	protein3	555.85	11.15	2.2359028999999997
170	r0	9.65	0.0	0.0
170	rnapol	0.4	0.0	0.0
171	__protein1_rbs	5.95	0.0	0.0
171	__protein2_rbs	6.35	0.0	0.0
171	__protein3_rbs	6.7	0.0	0.0
171	__ribosome	35.0	0.0	0.0
171	__rnase_site_ext	13.7	0.0	0.0
171	p0	0.85	0.0	0.0
171	p1	0.75	0.0	0.0
171	protein1	499.8	9.5	2.0170641
171	protein2	546.15	10.8	2.04484605
171	protein3	560.55	11.2	2.1814145000000003
171	r0	9.5	0.0	0.0
171	rnapol	0.4	0.0	0.0
172	__protein1_rbs	6.2	0.0	0.0
172	__protein2_rbs	6.7	0.0	0.0
172	__protein3_rbs	6.5	0.0	0.0
172	__ribosome	36.5	0.0	0.0
172	__rnase_site_ext	13.8	0.0	0.0
172	p0	0.8	0.0	0.0
172	p1	0.8	0.0	0.0
172	protein1	503.7	9.5	1.95089535
172	protein2	550.75	11.0	1.97325325
172	protein3	566.05	11.45	2.09682455
172	r0	9.5	0.0	0.0
172	rnapol	0.25	0.0	0.0
173	__protein1_rbs	5.3	0.0	0.0
173	__protein2_rbs	6.45	0.0	0.0
173	__protein3_rbs	6.55	0.0	0.0
173	__ribosome	36.1	0.0	0.0
173	__rnase_site_ext	13.75	0.0	0.0
173	p0	1.0	0.0	0.0
173	p1	0.7	0.0	0.0
173	protein1	507.65	9.3	2.03034525
173	protein2	554.9	11.2	1.97592865
173	protein3	570.65	11.4	2.09975245
173	r0	9.45	0.0	0.0
173	rnapol	0.4	0.0	0.0
174	__protein1_rbs	5.8	0.0	0.0
174	__protein2_rbs	6.15	0.0	0.0
174	__protein3_rbs	6.15	0.0	0.0
174	__ribosome	35.05	0.0	0.0
174	__rnase_site_ext	13.85	0.0	0.0
174	p0	0.8	0.0	0.0
174	p1	0.8	0.0	0.0
174	protein1	511.1	9.45	2.0038563999999996
174	protein2	559.15	10.9	2.1135563
174	protein3	575.2	11.45	2.13955275
174	r0	9.4	0.0	0.0
174	rnapol	0.4	0.0	0.0
175	__protein1_rbs	5.4	0.0	0.0
175	__protein2_rbs	6.1	0.0	0.0
175	__protein3_rbs	6.45	0.0	0.0
175	__ribosome	34.1	0.0	0.0
175	__rnase_site_ext	13.7	0.0	0.0
175	p0	0.8	0.0	0.0
175	p1	0.95	0.0	0.0
175	protein1	514.8	9.4	2.0505501500000003
175	protein2	563.5	10.8	2.1696063000000003
175	protein3	579.75	11.5	2.1419515
175	r0	9.45	0.0	0.0
175	rnapol	0.45	0.0	0.0
176	__protein1_rbs	5.3	0.0	0.0
176	__protein2_rbs	6.6	0.0	0.0
176	__protein3_rbs	7.15	0.0	0.0
176	__ribosome	33.3	0.0	0.0
176	__rnase_site_ext	13.9	0.0	0.0
176	p0	0.85	0.0	0.0
176	p1	0.8	0.0	0.0
176	protein1	518.55	9.35	2.08921525
176	protein2	567.4	10.95	2.13586345
176	protein3	584.15	11.55	2.1384488
176	r0	9.35	0.0	0.0
176	rnapol	0.5	0.0	0.0
177	__protein1_rbs	5.45	0.0	0.0
177	__protein2_rbs	6.25	0.0	0.0
177	__protein3_rbs	7.0	0.0	0.0
177	__ribosome	32.8	0.0	0.0
177	__rnase_site_ext	14.05	0.0	0.0
177	p0	0.8	0.0	0.0
177	p1	0.75	0.0	0.0
177	protein1	522.1	9.15	2.1885870000000005
177	protein2	571.8	10.95	2.1621147
177	protein3	589.0	11.8	2.1033897
177	r0	9.3	0.0	0.0
177	rnapol	0.5	0.0	0.0
178	__protein1_rbs	5.55	0.0	0.0
178	__protein2_rbs	6.45	0.0	0.0
178	__protein3_rbs	6.85	0.0	0.0
178	__ribosome	33.45	0.0	0.0
178	__rnase_site_ext	14.0	0.0	0.0
178	p0	0.9	0.0	0.0
178	p1	0.75	0.0	0.0
178	protein1	525.5	9.3	2.1839994000000003
178	protein2	577.2	10.85	2.059359
178	protein3	593.55	11.8	2.09208045
178	r0	9.4	0.0	0.0
178	rnapol	0.45	0.0	0.0
179	__protein1_rbs	5.85	0.0	0.0
179	__protein2_rbs	6.7	0.0	0.0
179	__protein3_rbs	7.05	0.0	0.0
179	__ribosome	33.85	0.0	0.0
179	__rnase_site_ext	14.15	0.0	0.0
179	p0	0.85	0.0	0.0
179	p1	0.75	0.0	0.0
179	protein1	529.2	9.3	2.1449537999999997
179	protein2	581.25	10.8	2.0873205
179	protein3	598.55	11.95	2.04417995
179	r0	9.3	0.0	0.0
179	rnapol	0.4	0.0	0.0
180	__protein1_rbs	5.4	0.0	0.0
180	__protein2_rbs	6.35	0.0	0.0
180	__protein3_rbs	7.45	0.0	0.0
180	__ribosome	34.55	0.0	0.0
180	__rnase_site_ext	14.15	0.0	0.0
180	p0	0.9	0.0	0.0
180	p1	0.9	0.0	0.0
180	protein1	533.25	9.3	2.1043425
180	protein2	585.8	10.75	2.06246485
180	protein3	603.55	12.2	1.99342995
180	r0	9.45	0.0	0.0
180	rnapol	0.45	0.0	0.0
181	__protein1_rbs	5.3	0.0	0.0
181	__protein2_rbs	6.6	0.0	0.0
181	__protein3_rbs	7.15	0.0	0.0
181	__ribosome	34.0	0.0	0.0
181	__rnase_site_ext	14.1	0.0	0.0
181	p0	0.95	0.0	0.0
181	p1	0.7	0.0	0.0
181	protein1	537.3	9.4	2.1066964
181	protein2	589.9	10.7	2.09253635
181	protein3	607.85	12.3	2.0209137
181	r0	9.55	0.0	0.0
181	rnapol	0.45	0.0	0.0
182	__protein1_rbs	5.85	0.0	0.0
182	__protein2_rbs	6.15	0.0	0.0
182	__protein3_rbs	6.8	0.0	0.0
182	__ribosome	33.85	0.0	0.0
182	__rnase_site_ext	14.3	0.0	0.0
182	p0	0.85	0.0	0.0
182	p1	0.75	0.0	0.0
182	protein1	540.95	9.55	2.0815489999999994
182	protein2	594.8	10.85	2.03029945
182	protein3	612.5	12.2	2.0954199
182	r0	9.55	0.0	0.0
182	rnapol	0.5	0.0	0.0
183	__protein1_rbs	5.45	0.0	0.0
183	__protein2_rbs	6.4	0.0	0.0
183	__protein3_rbs	7.7	0.0	0.0
183	__ribosome	34.7	0.0	0.0
183	__rnase_site_ext	14.4	0.0	0.0
183	p0	0.7	0.0	0.0
183	p1	0.7	0.0	0.0
183	protein1	545.25	9.55	2.033262
183	protein2	599.15	10.9	2.04110555
183	protein3	617.35	12.1	2.0603016000000003
183	r0	9.75	0.0	0.0
183	rnapol	0.4	0.0	0.0
184	__protein1_rbs	5.5	0.0	0.0
184	__protein2_rbs	6.35	0.0	0.0
184	__protein3_rbs	7.45	0.0	0.0
184	__ribosome	33.3	0.0	0.0
184	__rnase_site_ext	14.5	0.0	0.0
184	p0	0.75	0.0	0.0
184	p1	0.55	0.0	0.0
184	protein1	548.7	9.75	2.09878495
184	protein2	603.1	10.95	2.07564405
184	protein3	622.3	12.1	2.0557345
184	r0	10.05	0.0	0.0
184	rnapol	0.35	0.0	0.0
185	__protein1_rbs	6.25	0.0	0.0
185	__protein2_rbs	7.0	0.0	0.0
185	__protein3_rbs	7.4	0.0	0.0
185	__ribosome	33.7	0.0	0.0
185	__rnase_site_ext	14.65	0.0	0.0
185	p0	0.8	0.0	0.0
185	p1	0.85	0.0	0.0
185	protein1	552.05	9.95	2.0433461
185	protein2	607.6	10.95	2.02075005
185	protein3	627.1	12.15	2.04464055
185	r0	10.1	0.0	0.0
185	rnapol	0.5	0.0	0.0
186	__protein1_rbs	6.45	0.0	0.0
186	__protein2_rbs	6.45	0.0	0.0
186	__protein3_rbs	6.9	0.0	0.0
186	__ribosome	33.25	0.0	0.0
186	__rnase_site_ext	15.0	0.0	0.0
186	p0	0.75	0.0	0.0
186	p1	0.7	0.0	0.0
186	protein1	556.15	10.1	1.9570511000000004
186	protein2	611.4	11.1	2.07886095
186	protein3	632.3	12.15	2.03977615
186	r0	10.35	0.0	0.0
186	rnapol	0.3	0.0	0.0
187	__protein1_rbs	6.15	0.0	0.0
187	__protein2_rbs	7.15	0.0	0.0
187	__protein3_rbs	7.15	0.0	0.0
187	__ribosome	33.4	0.0	0.0
187	__rnase_site_ext	15.05	0.0	0.0
187	p0	0.9	0.0	0.0
187	p1	0.8	0.0	0.0
187	protein1	559.95	10.3	1.9243624
187	protein2	615.8	11.3	2.04331065
187	protein3	637.35	11.9	2.0708452
187	r0	10.45	0.0	0.0
187	rnapol	0.3	0.0	0.0
188	__protein1_rbs	6.25	0.0	0.0
188	__protein2_rbs	6.9	0.0	0.0
188	__protein3_rbs	7.25	0.0	0.0
188	__ribosome	32.8	0.0	0.0
188	__rnase_site_ext	15.25	0.0	0.0
188	p0	0.85	0.0	0.0
188	p1	0.9	0.0	0.0
188	protein1	563.9	10.4	1.93939605
188	protein2	620.4	11.4	2.01311275
188	protein3	641.7	12.1	2.0738604999999994
188	r0	10.5	0.0	0.0
188	rnapol	0.15	0.0	0.0
189	__protein1_rbs	5.9	0.0	0.0
189	__protein2_rbs	6.4	0.0	0.0
189	__protein3_rbs	8.1	0.0	0.0
189	__ribosome	31.45	0.0	0.0
189	__rnase_site_ext	15.25	0.0	0.0
189	p0	0.95	0.0	0.0
189	p1	0.75	0.0	0.0
189	protein1	568.0	10.5	1.95941555
189	protein2	624.55	11.3	2.1232634999999997
189	protein3	646.0	11.95	2.1033047000000002
189	r0	10.45	0.0	0.0
189	rnapol	0.3	0.0	0.0
190	__protein1_rbs	6.55	0.0	0.0
190	__protein2_rbs	6.75	0.0	0.0
190	__protein3_rbs	6.5	0.0	0.0
190	__ribosome	32.0	0.0	0.0
190	__rnase_site_ext	15.05	0.0	0.0
190	p0	0.9	0.0	0.0
190	p1	0.5	0.0	0.0
190	protein1	571.65	10.35	2.02166505
190	protein2	629.6	11.25	2.0761706500000003
190	protein3	651.45	11.75	2.1375951
190	r0	10.35	0.0	0.0
190	rnapol	0.35	0.0	0.0
191	__protein1_rbs	6.05	0.0	0.0
191	__protein2_rbs	6.55	0.0	0.0
191	__protein3_rbs	7.2	0.0	0.0
191	__ribosome	31.3	0.0	0.0
191	__rnase_site_ext	15.25	0.0	0.0
191	p0	0.8	0.0	0.0
191	p1	0.55	0.0	0.0
191	protein1	575.35	10.2	2.10411295
191	protein2	633.6	11.15	2.16501995
191	protein3	656.35	11.75	2.09379465
191	r0	10.1	0.0	0.0
191	rnapol	0.15	0.0	0.0
192	__protein1_rbs	5.9	0.0	0.0
192	__protein2_rbs	7.0	0.0	0.0
192	__protein3_rbs	6.8	0.0	0.0
192	__ribosome	32.1	0.0	0.0
192	__rnase_site_ext	15.05	0.0	0.0
192	p0	0.95	0.0	0.0
192	p1	0.55	0.0	0.0
192	protein1	579.7	9.95	2.1194428499999995
192	protein2	638.05	11.05	2.13123565
192	protein3	661.25	11.8	2.06549885
192	r0	10.15	0.0	0.0
192	rnapol	0.1	0.0	0.0
193	__protein1_rbs	6.35	0.0	0.0
193	__protein2_rbs	6.7	0.0	0.0
193	__protein3_rbs	7.55	0.0	0.0
193	__ribosome	33.55	0.0	0.0
193	__rnase_site_ext	14.95	0.0	0.0
193	p0	0.95	0.0	0.0
193	p1	0.6	0.0	0.0
193	protein1	583.65	10.1	2.0750355
193	protein2	642.65	10.95	2.1617408
193	protein3	666.65	11.95	1.9587701000000002
193	r0	9.95	0.0	0.0
193	rnapol	0.25	0.0	0.0
194	__protein1_rbs	5.3	0.0	0.0
194	__protein2_rbs	6.25	0.0	0.0
194	__protein3_rbs	6.95	0.0	0.0
194	__ribosome	32.35	0.0	0.0
194	__rnase_site_ext	14.95	0.0	0.0
194	p0	0.9	0.0	0.0
194	p1	0.7	0.0	0.0
194	protein1	587.4	9.85	2.2089574
194	protein2	647.6	11.25	2.09144415
194	protein3	670.95	11.95	1.99625725
194	r0	9.8	0.0	0.0
194	rnapol	0.2	0.0	0.0
195	__protein1_rbs	6.4	0.0	0.0
195	__protein2_rbs	7.4	0.0	0.0
195	__protein3_rbs	7.35	0.0	0.0
195	__ribosome	33.9	0.0	0.0
195	__rnase_site_ext	14.8	0.0	0.0
195	p0	0.85	0.0	0.0
195	p1	0.75	0.0	0.0
195	protein1	592.05	9.75	2.0854130500000005
195	protein2	651.85	11.45	2.003679050000001
195	protein3	675.2	11.9	1.9948374
195	r0	9.85	0.0	0.0
195	rnapol	0.2	0.0	0.0
196	__protein1_rbs	6.1	0.0	0.0
196	__protein2_rbs	6.85	0.0	0.0
196	__protein3_rbs	7.25	0.0	0.0
196	__ribosome	34.25	0.0	0.0
196	__rnase_site_ext	14.8	0.0	0.0
196	p0	0.95	0.0	0.0
196	p1	0.85	0.0	0.0
196	protein1	596.35	9.8	1.9968362000000002
196	protein2	656.35	11.4	2.0050818999999995
196	protein3	679.65	12.05	2.0205291
196	r0	9.8	0.0	0.0
196	rnapol	0.25	0.0	0.0
197	__protein1_rbs	5.65	0.0	0.0
197	__protein2_rbs	6.75	0.0	0.0
197	__protein3_rbs	6.2	0.0	0.0
197	__ribosome	33.0	0.0	0.0
197	__rnase_site_ext	14.7	0.0	0.0
197	p0	0.9	0.0	0.0
197	p1	0.8	0.0	0.0
197	protein1	600.25	9.7	2.0264014500000003
197	protein2	661.0	11.6	1.9766952000000002
197	protein3	684.45	12.15	2.09237185
197	r0	9.65	0.0	0.0
197	rnapol	0.25	0.0	0.0
198	__protein1_rbs	5.15	0.0	0.0
198	__protein2_rbs	6.75	0.0	0.0
198	__protein3_rbs	7.9	0.0	0.0
198	__ribosome	31.65	0.0	0.0
198	__rnase_site_ext	14.45	0.0	0.0
198	p0	0.95	0.0	0.0
198	p1	0.75	0.0	0.0
198	protein1	604.0	9.6	2.1335187
198	protein2	665.0	11.6	2.04380705
198	protein3	688.95	12.15	2.0571023999999998
198	r0	9.7	0.0	0.0
198	rnapol	0.3	0.0	0.0
199	__protein1_rbs	6.5	0.0	0.0
199	__protein2_rbs	6.75	0.0	0.0
199	__protein3_rbs	7.6	0.0	0.0
199	__ribosome	33.7	0.0	0.0
199	__rnase_site_ext	14.4	0.0	0.0
199	p0	0.8	0.0	0.0
199	p1	0.85	0.0	0.0
199	protein1	608.55	9.6	1.9847196
199	protein2	670.2	11.55	1.97742215
199	protein3	693.5	12.15	2.0745560499999995
199	r0	9.55	0.0	0.0
199	rnapol	0.35	0.0	0.0
200	__protein1_rbs	5.7	0.0	0.0
200	__protein2_rbs	6.85	0.0	0.0
200	__protein3_rbs	6.65	0.0	0.0
200	__ribosome	32.8	0.0	0.0
200	__rnase_site_ext	14.55	0.0	0.0
200	p0	0.85	0.0	0.0
200	p1	0.85	0.0	0.0
200	protein1	611.4	9.45	2.07051965
200	protein2	674.45	11.65	1.99156325
200	protein3	698.75	12.25	2.063654
200	r0	9.55	0.0	0.0
200	rnapol	0.3	0.0	0.0
201	__protein1_rbs	5.7	0.0	0.0
201	__protein2_rbs	7.3	0.0	0.0
201	__protein3_rbs	6.9	0.0	0.0
201	__ribosome	31.3	0.0	0.0
201	__rnase_site_ext	14.8	0.0	0.0
201	p0	0.85	0.0	0.0
201	p1	0.75	0.0	0.0
201	protein1	615.5	9.55	2.0294095000000003
201	protein2	678.3	11.7	2.0333509
201	protein3	702.9	12.35	2.14245505
201	r0	9.65	0.0	0.0
201	rnapol	0.35	0.0	0.0
202	__protein1_rbs	6.1	0.0	0.0
202	__protein2_rbs	7.0	0.0	0.0
202	__protein3_rbs	7.05	0.0	0.0
202	__ribosome	33.25	0.0	0.0
202	__rnase_site_ext	14.85	0.0	0.0
202	p0	0.75	0.0	0.0
202	p1	0.8	0.0	0.0
202	protein1	619.65	9.6	1.9395768
202	protein2	683.35	11.85	1.9616437
202	protein3	708.95	12.7	2.03424355
202	r0	9.55	0.0	0.0
202	rnapol	0.3	0.0	0.0
203	__protein1_rbs	5.85	0.0	0.0
203	__protein2_rbs	6.75	0.0	0.0
203	__protein3_rbs	7.75	0.0	0.0
203	__ribosome	33.35	0.0	0.0
203	__rnase_site_ext	14.65	0.0	0.0
203	p0	0.85	0.0	0.0
203	p1	1.0	0.0	0.0
203	protein1	623.8	9.5	1.9274451000000004
203	protein2	688.4	11.8	1.9780444
203	protein3	713.35	12.95	2.0279234
203	r0	9.55	0.0	0.0
203	rnapol	0.2	0.0	0.0
204	__protein1_rbs	5.4	0.0	0.0
204	__protein2_rbs	7.55	0.0	0.0
204	__protein3_rbs	7.4	0.0	0.0
204	__ribosome	30.65	0.0	0.0
204	__rnase_site_ext	14.65	0.0	0.0
204	p0	1.0	0.0	0.0
204	p1	0.85	0.0	0.0
204	protein1	626.75	9.5	2.0383845499999995
204	protein2	692.2	11.9	2.004571
204	protein3	717.9	13.1	2.0679174499999995
204	r0	9.5	0.0	0.0
204	rnapol	0.3	0.0	0.0
205	__protein1_rbs	6.0	0.0	0.0
205	__protein2_rbs	7.25	0.0	0.0
205	__protein3_rbs	7.45	0.0	0.0
205	__ribosome	31.45	0.0	0.0
205	__rnase_site_ext	14.6	0.0	0.0
205	p0	0.85	0.0	0.0
205	p1	0.75	0.0	0.0
205	protein1	630.65	9.45	2.0134757000000003
205	protein2	697.2	11.95	1.9568151
205	protein3	723.2	12.95	2.1062661
205	r0	9.45	0.0	0.0
205	rnapol	0.35	0.0	0.0
206	__protein1_rbs	5.65	0.0	0.0
206	__protein2_rbs	7.85	0.0	0.0
206	__protein3_rbs	8.0	0.0	0.0
206	__ribosome	32.6	0.0	0.0
206	__rnase_site_ext	14.55	0.0	0.0
206	p0	0.85	0.0	0.0
206	p1	0.65	0.0	0.0
206	protein1	634.35	9.4	2.0268809
206	protein2	701.65	11.65	1.95003565
206	protein3	728.65	12.8	2.0648666
206	r0	9.5	0.0	0.0
206	rnapol	0.4	0.0	0.0
207	__protein1_rbs	5.0	0.0	0.0
207	__protein2_rbs	6.4	0.0	0.0
207	__protein3_rbs	7.35	0.0	0.0
207	__ribosome	31.1	0.0	0.0
207	__rnase_site_ext	14.6	0.0	0.0
207	p0	0.85	0.0	0.0
207	p1	0.5	0.0	0.0
207	protein1	638.2	9.5	2.0591728
207	protein2	705.8	11.45	2.0439394
207	protein3	733.65	12.6	2.13361505
207	r0	9.55	0.0	0.0
207	rnapol	0.55	0.0	0.0
208	__protein1_rbs	6.45	0.0	0.0
208	__protein2_rbs	6.7	0.0	0.0
208	__protein3_rbs	7.6	0.0	0.0
208	__ribosome	31.3	0.0	0.0
208	__rnase_site_ext	14.7	0.0	0.0
208	p0	0.85	0.0	0.0
208	p1	0.75	0.0	0.0
208	protein1	641.4	9.5	2.0347328
208	protein2	710.9	11.5	1.99298645
208	protein3	738.15	12.55	2.1846697
208	r0	9.65	0.0	0.0
208	rnapol	0.6	0.0	0.0
209	__protein1_rbs	5.5	0.0	0.0
209	__protein2_rbs	7.1	0.0	0.0
209	__protein3_rbs	7.95	0.0	0.0
209	__ribosome	33.05	0.0	0.0
209	__rnase_site_ext	14.75	0.0	0.0
209	p0	0.9	0.0	0.0
209	p1	0.65	0.0	0.0
209	protein1	645.5	9.6	1.9787998
209	protein2	715.1	11.25	2.02126465
209	protein3	744.05	12.5	2.079597
209	r0	9.8	0.0	0.0
209	rnapol	0.65	0.0	0.0
210	__protein1_rbs	5.8	0.0	0.0
210	__protein2_rbs	7.2	0.0	0.0
210	__protein3_rbs	7.4	0.0	0.0
210	__ribosome	32.9	0.0	0.0
210	__rnase_site_ext	14.9	0.0	0.0
210	p0	0.7	0.0	0.0
210	p1	0.75	0.0	0.0
210	protein1	648.85	9.65	2.06877585
210	protein2	719.6	11.35	1.97817035
210	protein3	749.4	12.6	2.0518927
210	r0	9.75	0.0	0.0
210	rnapol	0.45	0.0	0.0
211	__protein1_rbs	6.1	0.0	0.0
211	__protein2_rbs	6.75	0.0	0.0
211	__protein3_rbs	7.35	0.0	0.0
211	__ribosome	33.15	0.0	0.0
211	__rnase_site_ext	14.9	0.0	0.0
211	p0	0.8	0.0	0.0
211	p1	0.85	0.0	0.0
211	protein1	653.0	9.9	1.9738480999999999
211	protein2	723.7	11.5	1.9806929499999997
211	protein3	754.95	12.6	2.0264134999999994
211	r0	9.9	0.0	0.0
211	rnapol	0.35	0.0	0.0
212	__protein1_rbs	5.8	0.0	0.0
212	__protein2_rbs	6.8	0.0	0.0
212	__protein3_rbs	7.7	0.0	0.0
212	__ribosome	33.55	0.0	0.0
212	__rnase_site_ext	14.8	0.0	0.0
212	p0	0.8	0.0	0.0
212	p1	0.8	0.0	0.0
212	protein1	657.1	9.9	1.9446681
212	protein2	728.3	11.4	2.03965975
212	protein3	759.95	12.4	2.012118
212	r0	9.95	0.0	0.0
212	rnapol	0.2	0.0	0.0
213	__protein1_rbs	6.1	0.0	0.0
213	__protein2_rbs	7.35	0.0	0.0
213	__protein3_rbs	7.0	0.0	0.0
213	__ribosome	32.95	0.0	0.0
213	__rnase_site_ext	14.85	0.0	0.0
213	p0	0.95	0.0	0.0
213	p1	0.7	0.0	0.0
213	protein1	660.0	9.9	2.020611
213	protein2	733.05	11.4	1.97673135
213	protein3	764.85	12.4	2.0427567000000004
213	r0	9.95	0.0	0.0
213	rnapol	0.4	0.0	0.0
214	__protein1_rbs	5.7	0.0	0.0
214	__protein2_rbs	7.2	0.0	0.0
214	__protein3_rbs	7.35	0.0	0.0
214	__ribosome	32.1	0.0	0.0
214	__rnase_site_ext	14.8	0.0	0.0
214	p0	1.0	0.0	0.0
214	p1	0.65	0.0	0.0
214	protein1	664.2	9.85	2.0579442
214	protein2	737.35	11.35	1.9994355
214	protein3	769.45	12.45	2.08477745
214	r0	9.85	0.0	0.0
214	rnapol	0.4	0.0	0.0
215	__protein1_rbs	5.95	0.0	0.0
215	__protein2_rbs	6.65	0.0	0.0
215	__protein3_rbs	8.65	0.0	0.0
215	__ribosome	32.55	0.0	0.0
215	__rnase_site_ext	14.75	0.0	0.0
215	p0	0.8	0.0	0.0
215	p1	0.6	0.0	0.0
215	protein1	667.95	9.75	2.0914495000000004
215	protein2	740.9	11.25	2.0962330000000002
215	protein3	774.6	12.6	1.9545693
215	r0	9.75	0.0	0.0
215	rnapol	0.4	0.0	0.0
216	__protein1_rbs	5.9	0.0	0.0
216	__protein2_rbs	6.8	0.0	0.0
216	__protein3_rbs	7.3	0.0	0.0
216	__ribosome	32.55	0.0	0.0
216	__rnase_site_ext	14.65	0.0	0.0
216	p0	0.85	0.0	0.0
216	p1	0.6	0.0	0.0
216	protein1	671.65	9.6	2.14805785
216	protein2	746.0	11.15	2.0392938000000003
216	protein3	779.45	12.65	1.9831608499999995
216	r0	9.7	0.0	0.0
216	rnapol	0.35	0.0	0.0
217	__protein1_rbs	5.7	0.0	0.0
217	__protein2_rbs	6.8	0.0	0.0
217	__protein3_rbs	7.3	0.0	0.0
217	__ribosome	32.9	0.0	0.0
217	__rnase_site_ext	14.4	0.0	0.0
217	p0	0.8	0.0	0.0
217	p1	0.65	0.0	0.0
217	protein1	675.8	9.65	2.09901745
217	protein2	751.1	11.25	1.9313439
217	protein3	783.75	12.8	2.02994125
217	r0	9.75	0.0	0.0
217	rnapol	0.2	0.0	0.0
218	__protein1_rbs	6.0	0.0	0.0
218	__protein2_rbs	7.1	0.0	0.0
218	__protein3_rbs	7.7	0.0	0.0
218	__ribosome	33.15	0.0	0.0
218	__rnase_site_ext	14.5	0.0	0.0
218	p0	0.95	0.0	0.0
218	p1	0.55	0.0	0.0
218	protein1	679.8	9.6	2.0802088
218	protein2	755.15	11.4	1.9378894
218	protein3	789.3	12.9	1.98933325
218	r0	9.65	0.0	0.0
218	rnapol	0.25	0.0	0.0
219	__protein1_rbs	5.15	0.0	0.0
219	__protein2_rbs	7.0	0.0	0.0
219	__protein3_rbs	7.6	0.0	0.0
219	__ribosome	32.8	0.0	0.0
219	__rnase_site_ext	14.35	0.0	0.0
219	p0	1.0	0.0	0.0
219	p1	0.75	0.0	0.0
219	protein1	683.65	9.55	2.11444865
219	protein2	759.15	11.35	1.98472685
219	protein3	794.85	12.95	1.9678196
219	r0	9.65	0.0	0.0
219	rnapol	0.25	0.0	0.0
220	__protein1_rbs	5.8	0.0	0.0
220	__protein2_rbs	6.75	0.0	0.0
220	__protein3_rbs	7.05	0.0	0.0
220	__ribosome	32.1	0.0	0.0
220	__rnase_site_ext	14.25	0.0	0.0
220	p0	0.9	0.0	0.0
220	p1	0.95	0.0	0.0
220	protein1	687.95	9.7	2.02156955
220	protein2	763.7	11.4	1.9765803500000003
220	protein3	798.95	13.0	2.06203255
220	r0	9.65	0.0	0.0
220	rnapol	0.25	0.0	0.0
221	__protein1_rbs	5.4	0.0	0.0
221	__protein2_rbs	6.3	0.0	0.0
221	__protein3_rbs	7.8	0.0	0.0
221	__ribosome	30.15	0.0	0.0
221	__rnase_site_ext	14.15	0.0	0.0
221	p0	0.8	0.0	0.0
221	p1	0.9	0.0	0.0
221	protein1	691.5	9.5	2.1632977
221	protein2	767.9	11.4	2.02398975
221	protein3	803.4	13.1	2.1093365000000004
221	r0	9.5	0.0	0.0
221	rnapol	0.25	0.0	0.0
222	__protein1_rbs	6.15	0.0	0.0
222	__protein2_rbs	6.85	0.0	0.0
222	__protein3_rbs	8.4	0.0	0.0
222	__ribosome	31.6	0.0	0.0
222	__rnase_site_ext	14.25	0.0	0.0
222	p0	1.0	0.0	0.0
222	p1	0.8	0.0	0.0
222	protein1	695.4	9.5	2.0897958999999995
222	protein2	772.05	11.5	2.06235195
222	protein3	809.0	12.85	2.0327018000000003
222	r0	9.55	0.0	0.0
222	rnapol	0.35	0.0	0.0
223	__protein1_rbs	5.35	0.0	0.0
223	__protein2_rbs	6.7	0.0	0.0
223	__protein3_rbs	7.85	0.0	0.0
223	__ribosome	31.55	0.0	0.0
223	__rnase_site_ext	14.25	0.0	0.0
223	p0	0.9	0.0	0.0
223	p1	0.8	0.0	0.0
223	protein1	699.2	9.55	2.09102635
223	protein2	776.8	11.5	2.04412
223	protein3	814.1	12.65	2.0572647
223	r0	9.5	0.0	0.0
223	rnapol	0.4	0.0	0.0
224	__protein1_rbs	5.5	0.0	0.0
224	__protein2_rbs	6.9	0.0	0.0
224	__protein3_rbs	7.85	0.0	0.0
224	__ribosome	32.1	0.0	0.0
224	__rnase_site_ext	14.3	0.0	0.0
224	p0	0.9	0.0	0.0
224	p1	0.7	0.0	0.0
224	protein1	703.15	9.35	2.1235047
224	protein2	780.8	11.35	2.0785814
224	protein3	819.25	12.45	2.07575175
224	r0	9.3	0.0	0.0
224	rnapol	0.4	0.0	0.0
225	__protein1_rbs	5.45	0.0	0.0
225	__protein2_rbs	5.9	0.0	0.0
225	__protein3_rbs	8.15	0.0	0.0
225	__ribosome	32.55	0.0	0.0
225	__rnase_site_ext	14.4	0.0	0.0
225	p0	0.75	0.0	0.0
225	p1	0.65	0.0	0.0
225	protein1	706.85	9.4	2.0855186000000003
225	protein2	785.2	11.35	2.1505442
225	protein3	824.9	12.6	1.9557723000000002
225	r0	9.4	0.0	0.0
225	rnapol	0.45	0.0	0.0
226	__protein1_rbs	5.85	0.0	0.0
226	__protein2_rbs	6.4	0.0	0.0
226	__protein3_rbs	7.35	0.0	0.0
226	__ribosome	33.5	0.0	0.0
226	__rnase_site_ext	14.45	0.0	0.0
226	p0	0.9	0.0	0.0
226	p1	0.8	0.0	0.0
226	protein1	711.15	9.35	1.9857597
226	protein2	789.95	11.35	2.1563788
226	protein3	830.25	12.65	1.9382453
226	r0	9.5	0.0	0.0
226	rnapol	0.5	0.0	0.0
227	__protein1_rbs	5.55	0.0	0.0
227	__protein2_rbs	6.9	0.0	0.0
227	__protein3_rbs	7.65	0.0	0.0
227	__ribosome	32.55	0.0	0.0
227	__rnase_site_ext	14.4	0.0	0.0
227	p0	0.85	0.0	0.0
227	p1	0.85	0.0	0.0
227	protein1	714.65	9.55	1.98949795
227	protein2	794.6	11.35	2.09877975
227	protein3	834.3	12.8	1.9949642
227	r0	9.5	0.0	0.0
227	rnapol	0.35	0.0	0.0
228	__protein1_rbs	6.3	0.0	0.0
228	__protein2_rbs	6.5	0.0	0.0
228	__protein3_rbs	7.8	0.0	0.0
228	__ribosome	33.1	0.0	0.0
228	__rnase_site_ext	14.5	0.0	0.0
228	p0	0.9	0.0	0.0
228	p1	0.75	0.0	0.0
228	protein1	718.4	9.55	1.93895425
228	protein2	798.95	11.45	2.1465075
228	protein3	839.85	12.7	1.9619305499999995
228	r0	9.6	0.0	0.0
228	rnapol	0.35	0.0	0.0
229	__protein1_rbs	4.9	0.0	0.0
229	__protein2_rbs	7.4	0.0	0.0
229	__protein3_rbs	8.25	0.0	0.0
229	__ribosome	33.05	0.0	0.0
229	__rnase_site_ext	14.55	0.0	0.0
229	p0	0.9	0.0	0.0
229	p1	0.85	0.0	0.0
229	protein1	721.95	9.6	2.03089535
229	protein2	803.85	11.45	2.05228505
229	protein3	844.55	12.8	1.94474945
229	r0	9.5	0.0	0.0
229	rnapol	0.4	0.0	0.0
230	__protein1_rbs	5.95	0.0	0.0
230	__protein2_rbs	6.95	0.0	0.0
230	__protein3_rbs	7.75	0.0	0.0
230	__ribosome	32.35	0.0	0.0
230	__rnase_site_ext	14.7	0.0	0.0
230	p0	0.8	0.0	0.0
230	p1	0.85	0.0	0.0
230	protein1	725.55	9.45	2.1036210000000004
230	protein2	808.55	11.5	2.06587115
230	protein3	848.9	12.8	1.9800113999999998
230	r0	9.35	0.0	0.0
230	rnapol	0.4	0.0	0.0
231	__protein1_rbs	5.5	0.0	0.0
231	__protein2_rbs	7.0	0.0	0.0
231	__protein3_rbs	7.45	0.0	0.0
231	__ribosome	32.5	0.0	0.0
231	__rnase_site_ext	14.6	0.0	0.0
231	p0	0.9	0.0	0.0
231	p1	0.65	0.0	0.0
231	protein1	729.25	9.35	2.149953450000001
231	protein2	813.6	11.35	2.0182126000000005
231	protein3	854.0	12.6	2.0240179
231	r0	9.45	0.0	0.0
231	rnapol	0.35	0.0	0.0
232	__protein1_rbs	5.45	0.0	0.0
232	__protein2_rbs	6.45	0.0	0.0
232	__protein3_rbs	6.9	0.0	0.0
232	__ribosome	31.0	0.0	0.0
232	__rnase_site_ext	14.6	0.0	0.0
232	p0	0.8	0.0	0.0
232	p1	0.75	0.0	0.0
232	protein1	732.85	9.4	2.14457695
232	protein2	817.7	11.25	2.07979165
232	protein3	858.9	12.5	2.0930459500000005
232	r0	9.45	0.0	0.0
232	rnapol	0.35	0.0	0.0
233	__protein1_rbs	6.3	0.0	0.0
233	__protein2_rbs	6.75	0.0	0.0
233	__protein3_rbs	7.65	0.0	0.0
233	__ribosome	33.0	0.0	0.0
233	__rnase_site_ext	14.6	0.0	0.0
233	p0	0.7	0.0	0.0
233	p1	0.7	0.0	0.0
233	protein1	736.1	9.3	2.1456604
233	protein2	822.8	11.2	2.0300492
233	protein3	864.3	12.55	2.01561585
233	r0	9.4	0.0	0.0
233	rnapol	0.3	0.0	0.0
234	__protein1_rbs	6.0	0.0	0.0
234	__protein2_rbs	6.3	0.0	0.0
234	__protein3_rbs	8.35	0.0	0.0
234	__ribosome	34.1	0.0	0.0
234	__rnase_site_ext	14.7	0.0	0.0
234	p0	0.95	0.0	0.0
234	p1	0.8	0.0	0.0
234	protein1	740.8	9.3	2.02346175
234	protein2	827.15	11.15	2.0898833999999997
234	protein3	868.8	12.6	1.9891577
234	r0	9.45	0.0	0.0
234	rnapol	0.45	0.0	0.0
235	__protein1_rbs	5.4	0.0	0.0
235	__protein2_rbs	6.85	0.0	0.0
235	__protein3_rbs	7.5	0.0	0.0
235	__ribosome	34.25	0.0	0.0
235	__rnase_site_ext	14.75	0.0	0.0
235	p0	0.8	0.0	0.0
235	p1	0.8	0.0	0.0
235	protein1	744.85	9.4	1.9783258500000005
235	protein2	831.4	11.1	2.1098773
235	protein3	873.95	12.65	1.97919005
235	r0	9.45	0.0	0.0
235	rnapol	0.45	0.0	0.0
236	__protein1_rbs	5.4	0.0	0.0
236	__protein2_rbs	6.75	0.0	0.0
236	__protein3_rbs	6.6	0.0	0.0
236	__ribosome	32.55	0.0	0.0
236	__rnase_site_ext	14.8	0.0	0.0
236	p0	0.75	0.0	0.0
236	p1	0.6	0.0	0.0
236	protein1	748.6	9.5	2.00076635
236	protein2	835.6	11.2	2.11529215
236	protein3	878.9	12.45	2.09678285
236	r0	9.45	0.0	0.0
236	rnapol	0.3	0.0	0.0
237	__protein1_rbs	4.85	0.0	0.0
237	__protein2_rbs	6.55	0.0	0.0
237	__protein3_rbs	7.2	0.0	0.0
237	__ribosome	32.6	0.0	0.0
237	__rnase_site_ext	14.8	0.0	0.0
237	p0	0.9	0.0	0.0
237	p1	0.75	0.0	0.0
237	protein1	751.8	9.3	2.12207035
237	protein2	840.6	11.15	2.09674875
237	protein3	884.2	12.5	2.0759797000000004
237	r0	9.4	0.0	0.0
237	rnapol	0.3	0.0	0.0
238	__protein1_rbs	5.55	0.0	0.0
238	__protein2_rbs	6.55	0.0	0.0
238	__protein3_rbs	7.75	0.0	0.0
238	__ribosome	32.45	0.0	0.0
238	__rnase_site_ext	14.8	0.0	0.0
238	p0	0.9	0.0	0.0
238	p1	0.75	0.0	0.0
238	protein1	755.25	9.4	2.1466379
238	protein2	845.05	11.1	2.1280745
238	protein3	889.3	12.35	2.08473575
238	r0	9.4	0.0	0.0
238	rnapol	0.4	0.0	0.0
239	__protein1_rbs	5.65	0.0	0.0
239	__protein2_rbs	6.7	0.0	0.0
239	__protein3_rbs	7.3	0.0	0.0
239	__ribosome	32.5	0.0	0.0
239	__rnase_site_ext	14.9	0.0	0.0
239	p0	0.95	0.0	0.0
239	p1	0.6	0.0	0.0
239	protein1	758.95	9.25	2.14904255
239	protein2	850.1	11.3	2.05032695
239	protein3	893.55	12.45	2.1034973500000005
239	r0	9.35	0.0	0.0
239	rnapol	0.4	0.0	0.0
240	__protein1_rbs	5.95	0.0	0.0
240	__protein2_rbs	7.15	0.0	0.0
240	__protein3_rbs	7.2	0.0	0.0
240	__ribosome	33.0	0.0	0.0
240	__rnase_site_ext	14.8	0.0	0.0
240	p0	0.9	0.0	0.0
240	p1	0.65	0.0	0.0
240	protein1	762.35	9.35	2.0733745
240	protein2	854.45	11.2	2.0155206000000003
240	protein3	898.45	12.5	2.1200308500000005
240	r0	9.35	0.0	0.0
240	rnapol	0.5	0.0	0.0
241	__protein1_rbs	5.3	0.0	0.0
241	__protein2_rbs	6.5	0.0	0.0
241	__protein3_rbs	7.4	0.0	0.0
241	__ribosome	33.5	0.0	0.0
241	__rnase_site_ext	14.7	0.0	0.0
241	p0	0.8	0.0	0.0
241	p1	0.75	0.0	0.0
241	protein1	766.5	9.35	2.1025667
241	protein2	858.7	11.1	2.0477237
241	protein3	904.1	12.35	2.05846015
241	r0	9.45	0.0	0.0
241	rnapol	0.45	0.0	0.0
242	__protein1_rbs	5.7	0.0	0.0
242	__protein2_rbs	6.4	0.0	0.0
242	__protein3_rbs	7.5	0.0	0.0
242	__ribosome	33.9	0.0	0.0
242	__rnase_site_ext	14.75	0.0	0.0
242	p0	0.9	0.0	0.0
242	p1	0.8	0.0	0.0
242	protein1	770.3	9.35	2.0487392
242	protein2	863.5	11.25	2.0070335999999998
242	protein3	909.3	12.6	2.0145291000000003
242	r0	9.45	0.0	0.0
242	rnapol	0.35	0.0	0.0
243	__protein1_rbs	5.4	0.0	0.0
243	__protein2_rbs	6.55	0.0	0.0
243	__protein3_rbs	7.85	0.0	0.0
243	__ribosome	33.95	0.0	0.0
243	__rnase_site_ext	14.7	0.0	0.0
243	p0	0.95	0.0	0.0
243	p1	0.6	0.0	0.0
243	protein1	774.25	9.5	1.9885666000000002
243	protein2	868.1	11.35	1.97841915
243	protein3	913.85	12.55	2.02705035
243	r0	9.4	0.0	0.0
243	rnapol	0.45	0.0	0.0
244	__protein1_rbs	5.6	0.0	0.0
244	__protein2_rbs	6.55	0.0	0.0
244	__protein3_rbs	7.1	0.0	0.0
244	__ribosome	32.7	0.0	0.0
244	__rnase_site_ext	14.9	0.0	0.0
244	p0	0.75	0.0	0.0
244	p1	0.8	0.0	0.0
244	protein1	777.5	9.5	2.057298
244	protein2	871.85	11.55	2.05136085
244	protein3	919.25	12.55	1.98496625
244	r0	9.45	0.0	0.0
244	rnapol	0.35	0.0	0.0
245	__protein1_rbs	6.0	0.0	0.0
245	__protein2_rbs	7.0	0.0	0.0
245	__protein3_rbs	8.05	0.0	0.0
245	__ribosome	33.95	0.0	0.0
245	__rnase_site_ext	14.8	0.0	0.0
245	p0	0.95	0.0	0.0
245	p1	0.9	0.0	0.0
245	protein1	781.7	9.55	1.99615265
245	protein2	876.45	11.45	2.04220915
245	protein3	923.85	12.35	1.99175045
245	r0	9.65	0.0	0.0
245	rnapol	0.45	0.0	0.0
246	__protein1_rbs	5.85	0.0	0.0
246	__protein2_rbs	6.4	0.0	0.0
246	__protein3_rbs	6.9	0.0	0.0
246	__ribosome	32.2	0.0	0.0
246	__rnase_site_ext	14.85	0.0	0.0
246	p0	0.7	0.0	0.0
246	p1	0.85	0.0	0.0
246	protein1	785.3	9.6	2.01351725
246	protein2	880.55	11.5	2.1389669
246	protein3	928.95	12.35	2.0250285000000003
246	r0	9.55	0.0	0.0
246	rnapol	0.3	0.0	0.0
247	__protein1_rbs	5.9	0.0	0.0
247	__protein2_rbs	6.7	0.0	0.0
247	__protein3_rbs	6.6	0.0	0.0
247	__ribosome	32.25	0.0	0.0
247	__rnase_site_ext	15.0	0.0	0.0
247	p0	0.75	0.0	0.0
247	p1	0.6	0.0	0.0
247	protein1	789.4	9.5	1.98736115
247	protein2	885.05	11.5	2.1397889
247	protein3	934.1	12.3	2.0726869
247	r0	9.6	0.0	0.0
247	rnapol	0.2	0.0	0.0
248	__protein1_rbs	5.5	0.0	0.0
248	__protein2_rbs	7.05	0.0	0.0
248	__protein3_rbs	7.75	0.0	0.0
248	__ribosome	32.15	0.0	0.0
248	__rnase_site_ext	15.05	0.0	0.0
248	p0	1.0	0.0	0.0
248	p1	0.75	0.0	0.0
248	protein1	792.85	9.5	2.05226945
248	protein2	889.9	11.4	2.1191881
248	protein3	938.4	12.4	2.0563564500000004
248	r0	9.65	0.0	0.0
248	rnapol	0.25	0.0	0.0
249	__protein1_rbs	5.25	0.0	0.0
249	__protein2_rbs	7.0	0.0	0.0
249	__protein3_rbs	6.75	0.0	0.0
249	__ribosome	32.8	0.0	0.0
249	__rnase_site_ext	15.05	0.0	0.0
249	p0	1.0	0.0	0.0
249	p1	0.8	0.0	0.0
249	protein1	797.0	9.75	1.98747255
249	protein2	894.9	11.15	2.058985
249	protein3	943.55	12.35	2.11291095
249	r0	9.8	0.0	0.0
249	rnapol	0.3	0.0	0.0
250	__protein1_rbs	5.75	0.0	0.0
250	__protein2_rbs	6.7	0.0	0.0
250	__protein3_rbs	7.5	0.0	0.0
250	__ribosome	32.3	0.0	0.0
250	__rnase_site_ext	14.3	0.0	0.0
250	p0	0.8	0.0	0.0
250	p1	0.8	0.0	0.0
250	protein1	760.45	9.3	1.8413650500000005
250	protein2	856.15	10.35	1.9383502
250	protein3	901.95	11.8	1.97603195
250	r0	9.1	0.0	0.0
250	rnapol	0.2	0.0	0.0
