time	species	protein	transcript	ribo_density
0	__protein1_rbs	0.0	0.0	0.0
0	__protein2_rbs	0.0	0.0	0.0
0	__protein3_rbs	0.0	0.0	0.0
0	__ribosome	100.0	0.0	0.0
0	__rnase_site_ext	0.0	0.0	0.0
0	p0	1.0	0.0	0.0
0	p1	1.0	0.0	0.0
0	p2	1.0	0.0	0.0
0	r2	0.0	0.0	0.0
0	rnapol	4.0	0.0	0.0
1	__protein1_rbs	0.0	0.0	0.0
1	__protein2_rbs	0.0	0.0	0.0
1	__protein3_rbs	0.0	0.0	0.0
1	__ribosome	100.0	0.0	0.0
1	__rnase_site_ext	1.3	0.0	0.0
1	p0	0.25	0.0	0.0
1	p1	0.7	0.0	0.0
1	p2	0.95	0.0	0.0
1	r2	0.05	0.0	0.0
1	rnapol	2.05	0.0	0.0
2	__protein1_rbs	0.3	0.0	0.0
2	__protein2_rbs	0.0	0.0	0.0
2	__protein3_rbs	0.0	0.0	0.0
2	__ribosome	99.4	0.0	0.0
2	__rnase_site_ext	2.55	0.0	0.0
2	p0	0.2	0.0	0.0
2	p1	0.85	0.0	0.0
2	p2	0.95	0.0	0.0
2	protein1	0.0	0.9	0.6
2	r2	0.05	0.0	0.0
2	rnapol	1.0	0.0	0.0
3	__protein1_rbs	0.75	0.0	0.0
3	__protein2_rbs	0.0	0.0	0.0
3	__protein3_rbs	0.0	0.0	0.0
3	__ribosome	98.4	0.0	0.0
3	__rnase_site_ext	3.55	0.0	0.0
3	p0	0.35	0.0	0.0
3	p1	0.95	0.0	0.0
3	p2	1.0	0.0	0.0
3	protein1	0.0	1.85	0.85
3	protein2	0.0	0.05	0.05
3	r2	0.1	0.0	0.0
3	rnapol	0.3	0.0	0.0
4	__protein1_rbs	1.0	0.0	0.0
4	__protein2_rbs	0.05	0.0	0.0
4	__protein3_rbs	0.0	0.0	0.0
4	__ribosome	96.65	0.0	0.0
4	__rnase_site_ext	3.95	0.0	0.0
4	p0	0.75	0.0	0.0
4	p1	1.0	0.0	0.0
4	p2	1.0	0.0	0.0
4	protein1	0.0	2.7	1.18333325
4	protein2	0.0	0.3	0.25
4	r2	0.1	0.0	0.0
4	rnapol	0.1	0.0	0.0
5	__protein1_rbs	1.2	0.0	0.0
5	__protein2_rbs	0.15	0.0	0.0
5	__protein3_rbs	0.0	0.0	0.0
5	__ribosome	94.4	0.0	0.0
5	__rnase_site_ext	3.95	0.0	0.0
5	p0	0.95	0.0	0.0
5	p1	1.0	0.0	0.0
5	p2	1.0	0.0	0.0
5	protein1	0.0	3.2	1.5791667500000002
5	protein2	0.0	0.55	0.6
5	r2	0.1	0.0	0.0
5	rnapol	0.0	0.0	0.0
6	__protein1_rbs	1.45	0.0	0.0
6	__protein2_rbs	0.1	0.0	0.0
6	__protein3_rbs	0.0	0.0	0.0
6	__ribosome	92.05	0.0	0.0
6	__rnase_site_ext	3.9	0.0	0.0
6	p0	1.0	0.0	0.0
6	p1	0.4	0.0	0.0
6	p2	1.0	0.0	0.0
6	protein1	0.0	3.3	2.1499999500000007
6	protein2	0.0	0.6	1.05
6	r2	0.1	0.0	0.0
6	rnapol	0.0	0.0	0.0
7	__protein1_rbs	1.4	0.0	0.0
7	__protein2_rbs	0.3	0.0	0.0
7	__protein3_rbs	0.0	0.0	0.0
7	__ribosome	90.3	0.0	0.0
7	__rnase_site_ext	3.85	0.0	0.0
7	p0	1.0	0.0	0.0
7	p1	0.05	0.0	0.0
7	p2	0.9	0.0	0.0
7	protein1	0.45	3.25	2.8041667
7	protein2	0.0	0.6	1.3
7	r2	0.1	0.0	0.0
7	rnapol	0.0	0.0	0.0
8	__protein1_rbs	0.65	0.0	0.0
8	__protein2_rbs	0.2	0.0	0.0
8	__protein3_rbs	0.0	0.0	0.0
8	__ribosome	88.3	0.0	0.0
8	__rnase_site_ext	3.85	0.0	0.0
8	p0	1.0	0.0	0.0
8	p1	0.05	0.0	0.0
8	p2	0.75	0.0	0.0
8	protein1	1.35	3.25	3.28749995
8	protein2	0.0	0.6	1.7
8	r2	0.15	0.0	0.0
8	rnapol	0.0	0.0	0.0
9	__protein1_rbs	1.7	0.0	0.0
9	__protein2_rbs	0.4	0.0	0.0
9	__protein3_rbs	0.0	0.0	0.0
9	__ribosome	88.4	0.0	0.0
9	__rnase_site_ext	3.75	0.0	0.0
9	p0	0.95	0.0	0.0
9	p1	0.05	0.0	0.0
9	p2	0.6	0.0	0.0
9	protein1	2.8	3.2	3.2749999999999995
9	protein2	0.3	0.65	1.625
9	r2	0.3	0.0	0.0
9	rnapol	0.05	0.0	0.0
10	__protein1_rbs	0.85	0.0	0.0
10	__protein2_rbs	0.3	0.0	0.0
10	__protein3_rbs	0.0	0.0	0.0
10	__ribosome	87.15	0.0	0.0
10	__rnase_site_ext	3.85	0.0	0.0
10	p0	0.85	0.0	0.0
10	p1	0.05	0.0	0.0
10	p2	0.85	0.0	0.0
10	protein1	4.7	3.2	3.36249995
10	protein2	0.5	1.2	inf
10	r2	0.55	0.0	0.0
10	rnapol	0.0	0.0	0.0
11	__protein1_rbs	0.9	0.0	0.0
11	__protein2_rbs	0.65	0.0	0.0
11	__protein3_rbs	0.0	0.0	0.0
11	__ribosome	86.1	0.0	0.0
11	__rnase_site_ext	3.95	0.0	0.0
11	p0	0.85	0.0	0.0
11	p1	0.5	0.0	0.0
11	p2	0.9	0.0	0.0
11	protein1	6.45	3.2	3.4375
11	protein2	1.0	1.75	1.6166666499999998
11	r2	0.65	0.0	0.0
11	rnapol	0.0	0.0	0.0
12	__protein1_rbs	1.05	0.0	0.0
12	__protein2_rbs	0.7	0.0	0.0
12	__protein3_rbs	0.0	0.0	0.0
12	__ribosome	85.0	0.0	0.0
12	__rnase_site_ext	4.05	0.0	0.0
12	p0	0.9	0.0	0.0
12	p1	0.9	0.0	0.0
12	p2	1.0	0.0	0.0
12	protein1	8.7	3.3	3.1916667000000003
12	protein2	1.2	2.55	1.7124999500000002
12	r2	0.65	0.0	0.0
12	rnapol	0.0	0.0	0.0
13	__protein1_rbs	1.15	0.0	0.0
13	__protein2_rbs	1.5	0.0	0.0
13	__protein3_rbs	0.05	0.0	0.0
13	__ribosome	83.8	0.0	0.0
13	__rnase_site_ext	4.0	0.0	0.0
13	p0	1.0	0.0	0.0
13	p1	1.0	0.0	0.0
13	p2	0.9	0.0	0.0
13	protein1	10.75	3.45	2.9833332500000003
13	protein2	1.7	3.25	1.7458333499999998
13	protein3	0.0	0.05	0.0
13	r2	0.65	0.0	0.0
13	rnapol	0.0	0.0	0.0
14	__protein1_rbs	1.1	0.0	0.0
14	__protein2_rbs	1.5	0.0	0.0
14	__protein3_rbs	0.0	0.0	0.0
14	__ribosome	81.2	0.0	0.0
14	__rnase_site_ext	4.0	0.0	0.0
14	p0	1.0	0.0	0.0
14	p1	1.0	0.0	0.0
14	p2	0.45	0.0	0.0
14	protein1	12.55	3.4	3.20833335
14	protein2	1.9	3.7	2.0833333
14	protein3	0.0	0.1	0.15
14	r2	0.75	0.0	0.0
14	rnapol	0.0	0.0	0.0
15	__protein1_rbs	1.35	0.0	0.0
15	__protein2_rbs	1.55	0.0	0.0
15	__protein3_rbs	0.0	0.0	0.0
15	__ribosome	79.7	0.0	0.0
15	__rnase_site_ext	4.05	0.0	0.0
15	p0	0.95	0.0	0.0
15	p1	0.95	0.0	0.0
15	p2	0.15	0.0	0.0
15	protein1	14.6	3.4	3.2416667
15	protein2	2.95	3.95	2.30416665
15	protein3	0.0	0.1	0.2
15	r2	1.2	0.0	0.0
15	rnapol	0.05	0.0	0.0
16	__protein1_rbs	1.3	0.0	0.0
16	__protein2_rbs	1.8	0.0	0.0
16	__protein3_rbs	0.0	0.0	0.0
16	__ribosome	78.55	0.0	0.0
16	__rnase_site_ext	4.15	0.0	0.0
16	p0	0.8	0.0	0.0
16	p1	0.8	0.0	0.0
16	p2	0.05	0.0	0.0
16	protein1	16.75	3.4	3.1666666
16	protein2	3.9	3.95	2.60833335
16	protein3	0.0	0.15	0.3
16	r2	1.6	0.0	0.0
16	rnapol	0.1	0.0	0.0
17	__protein1_rbs	1.6	0.0	0.0
17	__protein2_rbs	1.3	0.0	0.0
17	__protein3_rbs	0.05	0.0	0.0
17	__ribosome	78.0	0.0	0.0
17	__rnase_site_ext	4.45	0.0	0.0
17	p0	0.7	0.0	0.0
17	p1	0.75	0.0	0.0
17	p2	0.2	0.0	0.0
17	protein1	18.8	3.45	3.07499995
17	protein2	5.6	3.95	2.78333335
17	protein3	0.0	0.15	0.4
17	r2	2.3	0.0	0.0
17	rnapol	0.15	0.0	0.0
18	__protein1_rbs	1.4	0.0	0.0
18	__protein2_rbs	1.2	0.0	0.0
18	__protein3_rbs	0.0	0.0	0.0
18	__ribosome	77.1	0.0	0.0
18	__rnase_site_ext	5.1	0.0	0.0
18	p0	0.4	0.0	0.0
18	p1	0.75	0.0	0.0
18	p2	0.1	0.0	0.0
18	protein1	21.25	3.75	2.8616667000000002
18	protein2	7.2	3.95	3.00833335
18	protein3	0.05	0.15	0.45
18	r2	3.0	0.0	0.0
18	rnapol	0.1	0.0	0.0
19	__protein1_rbs	1.6	0.0	0.0
19	__protein2_rbs	1.95	0.0	0.0
19	__protein3_rbs	0.2	0.0	0.0
19	__ribosome	76.95	0.0	0.0
19	__rnase_site_ext	5.5	0.0	0.0
19	p0	0.55	0.0	0.0
19	p1	0.9	0.0	0.0
19	p2	0.4	0.0	0.0
19	protein1	23.35	4.2	2.6675
19	protein2	9.55	4.0	2.84333335
19	protein3	0.1	0.4	0.6
19	r2	3.65	0.0	0.0
19	rnapol	0.15	0.0	0.0
20	__protein1_rbs	2.05	0.0	0.0
20	__protein2_rbs	1.45	0.0	0.0
20	__protein3_rbs	0.1	0.0	0.0
20	__ribosome	75.4	0.0	0.0
20	__rnase_site_ext	6.0	0.0	0.0
20	p0	0.7	0.0	0.0
20	p1	0.95	0.0	0.0
20	p2	0.65	0.0	0.0
20	protein1	25.05	4.7	2.58083335
20	protein2	11.85	4.2	2.78916665
20	protein3	0.1	0.4	0.9
20	r2	3.9	0.0	0.0
20	rnapol	0.2	0.0	0.0
21	__protein1_rbs	1.75	0.0	0.0
21	__protein2_rbs	1.8	0.0	0.0
21	__protein3_rbs	0.15	0.0	0.0
21	__ribosome	73.4	0.0	0.0
21	__rnase_site_ext	6.35	0.0	0.0
21	p0	0.6	0.0	0.0
21	p1	1.0	0.0	0.0
21	p2	0.95	0.0	0.0
21	protein1	26.8	5.15	2.67523805
21	protein2	13.7	4.25	2.87
21	protein3	0.25	0.4	0.95
21	r2	4.05	0.0	0.0
21	rnapol	0.1	0.0	0.0
22	__protein1_rbs	1.9	0.0	0.0
22	__protein2_rbs	1.45	0.0	0.0
22	__protein3_rbs	0.25	0.0	0.0
22	__ribosome	72.2	0.0	0.0
22	__rnase_site_ext	6.65	0.0	0.0
22	p0	0.9	0.0	0.0
22	p1	0.7	0.0	0.0
22	p2	1.0	0.0	0.0
22	protein1	29.2	5.45	2.6949999500000006
22	protein2	16.55	4.45	2.7350000000000003
22	protein3	0.3	0.55	1.05
22	r2	4.0	0.0	0.0
22	rnapol	0.1	0.0	0.0
23	__protein1_rbs	1.9	0.0	0.0
23	__protein2_rbs	1.85	0.0	0.0
23	__protein3_rbs	0.2	0.0	0.0
23	__ribosome	70.0	0.0	0.0
23	__rnase_site_ext	6.65	0.0	0.0
23	p0	0.9	0.0	0.0
23	p1	0.45	0.0	0.0
23	p2	0.95	0.0	0.0
23	protein1	31.45	5.95	2.7059523999999997
23	protein2	18.35	4.5	2.83
23	protein3	0.45	0.7	1.2
23	r2	4.0	0.0	0.0
23	rnapol	0.0	0.0	0.0
24	__protein1_rbs	2.4	0.0	0.0
24	__protein2_rbs	1.55	0.0	0.0
24	__protein3_rbs	0.35	0.0	0.0
24	__ribosome	68.9	0.0	0.0
24	__rnase_site_ext	6.6	0.0	0.0
24	p0	1.0	0.0	0.0
24	p1	0.3	0.0	0.0
24	p2	0.8	0.0	0.0
24	protein1	34.1	5.95	2.7917262499999986
24	protein2	20.75	4.35	3.005
24	protein3	0.6	0.7	1.275
24	r2	4.0	0.0	0.0
24	rnapol	0.0	0.0	0.0
25	__protein1_rbs	2.25	0.0	0.0
25	__protein2_rbs	1.9	0.0	0.0
25	__protein3_rbs	0.3	0.0	0.0
25	__ribosome	67.75	0.0	0.0
25	__rnase_site_ext	6.75	0.0	0.0
25	p0	0.75	0.0	0.0
25	p1	0.25	0.0	0.0
25	p2	0.7	0.0	0.0
25	protein1	36.55	5.95	2.97428565
25	protein2	23.25	4.35	3.0208333000000005
25	protein3	0.9	0.7	1.275
25	r2	4.15	0.0	0.0
25	rnapol	0.0	0.0	0.0
26	__protein1_rbs	2.55	0.0	0.0
26	__protein2_rbs	1.8	0.0	0.0
26	__protein3_rbs	0.45	0.0	0.0
26	__ribosome	66.7	0.0	0.0
26	__rnase_site_ext	6.75	0.0	0.0
26	p0	0.9	0.0	0.0
26	p1	0.5	0.0	0.0
26	p2	0.7	0.0	0.0
26	protein1	39.55	6.1	2.99672615
26	protein2	25.6	4.6	2.9375
26	protein3	1.2	0.7	1.225
26	r2	4.3	0.0	0.0
26	rnapol	0.05	0.0	0.0
27	__protein1_rbs	1.95	0.0	0.0
27	__protein2_rbs	2.25	0.0	0.0
27	__protein3_rbs	0.35	0.0	0.0
27	__ribosome	65.9	0.0	0.0
27	__rnase_site_ext	6.9	0.0	0.0
27	p0	0.9	0.0	0.0
27	p1	0.45	0.0	0.0
27	p2	0.9	0.0	0.0
27	protein1	42.7	6.2	3.090595249999999
27	protein2	27.95	4.95	2.76166665
27	protein3	1.6	0.7	1.125
27	r2	4.5	0.0	0.0
27	rnapol	0.1	0.0	0.0
28	__protein1_rbs	3.15	0.0	0.0
28	__protein2_rbs	2.0	0.0	0.0
28	__protein3_rbs	0.25	0.0	0.0
28	__ribosome	65.75	0.0	0.0
28	__rnase_site_ext	7.1	0.0	0.0
28	p0	0.75	0.0	0.0
28	p1	0.5	0.0	0.0
28	p2	0.95	0.0	0.0
28	protein1	46.35	6.35	2.90065475
28	protein2	30.6	5.4	2.6514881
28	protein3	1.9	0.7	1.2
28	r2	4.5	0.0	0.0
28	rnapol	0.15	0.0	0.0
29	__protein1_rbs	2.45	0.0	0.0
29	__protein2_rbs	2.45	0.0	0.0
29	__protein3_rbs	0.3	0.0	0.0
29	__ribosome	64.9	0.0	0.0
29	__rnase_site_ext	7.2	0.0	0.0
29	p0	0.85	0.0	0.0
29	p1	0.7	0.0	0.0
29	p2	0.95	0.0	0.0
29	protein1	50.0	6.5	2.8561904500000006
29	protein2	33.45	5.8	2.54273805
29	protein3	2.15	0.7	1.325
29	r2	4.55	0.0	0.0
29	rnapol	0.05	0.0	0.0
30	__protein1_rbs	2.2	0.0	0.0
30	__protein2_rbs	2.85	0.0	0.0
30	__protein3_rbs	0.35	0.0	0.0
30	__ribosome	63.9	0.0	0.0
30	__rnase_site_ext	7.15	0.0	0.0
30	p0	0.95	0.0	0.0
30	p1	0.95	0.0	0.0
30	p2	0.65	0.0	0.0
30	protein1	53.85	6.6	2.8517857
30	protein2	35.75	6.0	2.5859523500000003
30	protein3	2.55	0.75	1.325
30	r2	4.6	0.0	0.0
30	rnapol	0.0	0.0	0.0
31	__protein1_rbs	2.85	0.0	0.0
31	__protein2_rbs	2.65	0.0	0.0
31	__protein3_rbs	0.35	0.0	0.0
31	__ribosome	63.1	0.0	0.0
31	__rnase_site_ext	7.15	0.0	0.0
31	p0	0.95	0.0	0.0
31	p1	0.7	0.0	0.0
31	p2	0.5	0.0	0.0
31	protein1	57.3	6.6	2.8758928
31	protein2	38.55	6.35	2.5295237500000005
31	protein3	2.7	0.75	1.575
31	r2	4.85	0.0	0.0
31	rnapol	0.0	0.0	0.0
32	__protein1_rbs	2.35	0.0	0.0
32	__protein2_rbs	2.8	0.0	0.0
32	__protein3_rbs	0.4	0.0	0.0
32	__ribosome	61.85	0.0	0.0
32	__rnase_site_ext	7.2	0.0	0.0
32	p0	0.8	0.0	0.0
32	p1	0.7	0.0	0.0
32	p2	0.35	0.0	0.0
32	protein1	60.9	6.6	2.94547625
32	protein2	41.3	6.7	2.5156548
32	protein3	3.15	0.75	1.55
32	r2	5.25	0.0	0.0
32	rnapol	0.05	0.0	0.0
33	__protein1_rbs	3.25	0.0	0.0
33	__protein2_rbs	3.15	0.0	0.0
33	__protein3_rbs	0.35	0.0	0.0
33	__ribosome	61.95	0.0	0.0
33	__rnase_site_ext	7.4	0.0	0.0
33	p0	0.75	0.0	0.0
33	p1	0.7	0.0	0.0
33	p2	0.2	0.0	0.0
33	protein1	64.25	6.6	2.95047625
33	protein2	44.7	6.8	2.4709524000000003
33	protein3	3.55	0.75	1.5
33	r2	5.6	0.0	0.0
33	rnapol	0.1	0.0	0.0
34	__protein1_rbs	3.1	0.0	0.0
34	__protein2_rbs	3.25	0.0	0.0
34	__protein3_rbs	0.25	0.0	0.0
34	__ribosome	61.5	0.0	0.0
34	__rnase_site_ext	7.75	0.0	0.0
34	p0	0.6	0.0	0.0
34	p1	0.6	0.0	0.0
34	p2	0.45	0.0	0.0
34	protein1	68.25	6.75	2.83178575
34	protein2	47.55	6.8	2.57309525
34	protein3	3.95	0.75	1.575
34	r2	6.15	0.0	0.0
34	rnapol	0.0	0.0	0.0
35	__protein1_rbs	3.55	0.0	0.0
35	__protein2_rbs	3.1	0.0	0.0
35	__protein3_rbs	0.4	0.0	0.0
35	__ribosome	60.9	0.0	0.0
35	__rnase_site_ext	8.1	0.0	0.0
35	p0	0.65	0.0	0.0
35	p1	0.7	0.0	0.0
35	p2	0.45	0.0	0.0
35	protein1	71.8	7.2	2.6700595500000004
35	protein2	50.65	7.0	2.5845238
35	protein3	4.45	0.85	1.55
35	r2	6.35	0.0	0.0
35	rnapol	0.0	0.0	0.0
36	__protein1_rbs	3.65	0.0	0.0
36	__protein2_rbs	2.75	0.0	0.0
36	__protein3_rbs	0.35	0.0	0.0
36	__ribosome	59.65	0.0	0.0
36	__rnase_site_ext	8.05	0.0	0.0
36	p0	0.85	0.0	0.0
36	p1	0.85	0.0	0.0
36	p2	0.55	0.0	0.0
36	protein1	75.5	7.4	2.68738085
36	protein2	54.25	7.15	2.6068453999999996
36	protein3	4.75	0.85	1.625
36	r2	6.65	0.0	0.0
36	rnapol	0.0	0.0	0.0
37	__protein1_rbs	3.65	0.0	0.0
37	__protein2_rbs	3.5	0.0	0.0
37	__protein3_rbs	0.2	0.0	0.0
37	__ribosome	59.4	0.0	0.0
37	__rnase_site_ext	8.35	0.0	0.0
37	p0	0.75	0.0	0.0
37	p1	0.9	0.0	0.0
37	p2	0.7	0.0	0.0
37	protein1	79.9	7.55	2.55444445
37	protein2	57.4	7.25	2.6536310000000003
37	protein3	5.1	0.9	1.86666665
37	r2	6.85	0.0	0.0
37	rnapol	0.05	0.0	0.0
38	__protein1_rbs	3.45	0.0	0.0
38	__protein2_rbs	3.0	0.0	0.0
38	__protein3_rbs	0.5	0.0	0.0
38	__ribosome	58.6	0.0	0.0
38	__rnase_site_ext	8.45	0.0	0.0
38	p0	0.85	0.0	0.0
38	p1	0.85	0.0	0.0
38	p2	0.85	0.0	0.0
38	protein1	83.55	7.7	2.5747745
38	protein2	61.15	7.4	2.6310714000000006
38	protein3	5.55	1.0	1.6916667
38	r2	7.05	0.0	0.0
38	rnapol	0.1	0.0	0.0
39	__protein1_rbs	3.6	0.0	0.0
39	__protein2_rbs	3.8	0.0	0.0
39	__protein3_rbs	0.45	0.0	0.0
39	__ribosome	56.85	0.0	0.0
39	__rnase_site_ext	8.5	0.0	0.0
39	p0	0.8	0.0	0.0
39	p1	0.8	0.0	0.0
39	p2	0.8	0.0	0.0
39	protein1	86.7	7.8	2.6451082
39	protein2	64.45	7.6	2.6014880000000002
39	protein3	5.9	1.15	1.825
39	r2	7.0	0.0	0.0
39	rnapol	0.0	0.0	0.0
40	__protein1_rbs	3.55	0.0	0.0
40	__protein2_rbs	2.9	0.0	0.0
40	__protein3_rbs	0.6	0.0	0.0
40	__ribosome	55.3	0.0	0.0
40	__rnase_site_ext	8.45	0.0	0.0
40	p0	0.95	0.0	0.0
40	p1	0.45	0.0	0.0
40	p2	0.6	0.0	0.0
40	protein1	90.45	7.95	2.66276875
40	protein2	68.6	7.7	2.6690674500000005
40	protein3	6.25	1.2	1.8083333500000005
40	r2	7.2	0.0	0.0
40	rnapol	0.1	0.0	0.0
41	__protein1_rbs	3.7	0.0	0.0
41	__protein2_rbs	3.05	0.0	0.0
41	__protein3_rbs	0.4	0.0	0.0
41	__ribosome	53.4	0.0	0.0
41	__rnase_site_ext	8.6	0.0	0.0
41	p0	0.8	0.0	0.0
41	p1	0.35	0.0	0.0
41	p2	0.75	0.0	0.0
41	protein1	94.5	7.9	2.71959775
41	protein2	71.7	7.75	2.82660715
41	protein3	6.8	1.25	1.9333333
41	r2	7.35	0.0	0.0
41	rnapol	0.05	0.0	0.0
42	__protein1_rbs	3.25	0.0	0.0
42	__protein2_rbs	4.0	0.0	0.0
42	__protein3_rbs	0.6	0.0	0.0
42	__ribosome	53.4	0.0	0.0
42	__rnase_site_ext	8.7	0.0	0.0
42	p0	0.85	0.0	0.0
42	p1	0.45	0.0	0.0
42	p2	0.7	0.0	0.0
42	protein1	98.9	7.95	2.73992065
42	protein2	75.7	8.0	2.7109919999999996
42	protein3	7.3	1.3	1.9
42	r2	7.4	0.0	0.0
42	rnapol	0.05	0.0	0.0
43	__protein1_rbs	3.9	0.0	0.0
43	__protein2_rbs	3.5	0.0	0.0
43	__protein3_rbs	0.5	0.0	0.0
43	__ribosome	52.75	0.0	0.0
43	__rnase_site_ext	8.85	0.0	0.0
43	p0	0.95	0.0	0.0
43	p1	0.6	0.0	0.0
43	p2	0.7	0.0	0.0
43	protein1	102.8	8.1	2.70840175
43	protein2	79.9	8.1	2.69996035
43	protein3	7.85	1.3	1.9916667
43	r2	7.5	0.0	0.0
43	rnapol	0.2	0.0	0.0
44	__protein1_rbs	3.65	0.0	0.0
44	__protein2_rbs	3.7	0.0	0.0
44	__protein3_rbs	0.45	0.0	0.0
44	__ribosome	51.75	0.0	0.0
44	__rnase_site_ext	9.15	0.0	0.0
44	p0	0.7	0.0	0.0
44	p1	0.55	0.0	0.0
44	p2	0.6	0.0	0.0
44	protein1	106.55	8.3	2.72104065
44	protein2	83.9	8.45	2.6246230499999994
44	protein3	8.55	1.4	1.9458333
44	r2	7.75	0.0	0.0
44	rnapol	0.15	0.0	0.0
45	__protein1_rbs	3.85	0.0	0.0
45	__protein2_rbs	4.3	0.0	0.0
45	__protein3_rbs	0.9	0.0	0.0
45	__ribosome	52.3	0.0	0.0
45	__rnase_site_ext	9.3	0.0	0.0
45	p0	0.75	0.0	0.0
45	p1	0.7	0.0	0.0
45	p2	0.85	0.0	0.0
45	protein1	111.2	8.45	2.63290405
45	protein2	88.65	8.75	2.53552495
45	protein3	9.2	1.4	1.9
45	r2	8.0	0.0	0.0
45	rnapol	0.2	0.0	0.0
46	__protein1_rbs	4.1	0.0	0.0
46	__protein2_rbs	4.15	0.0	0.0
46	__protein3_rbs	0.65	0.0	0.0
46	__ribosome	51.65	0.0	0.0
46	__rnase_site_ext	9.3	0.0	0.0
46	p0	0.75	0.0	0.0
46	p1	0.75	0.0	0.0
46	p2	0.7	0.0	0.0
46	protein1	115.7	8.5	2.5757594000000004
46	protein2	92.6	9.0	2.5559091000000005
46	protein3	9.85	1.4	1.9375
46	r2	8.0	0.0	0.0
46	rnapol	0.1	0.0	0.0
47	__protein1_rbs	4.45	0.0	0.0
47	__protein2_rbs	3.85	0.0	0.0
47	__protein3_rbs	0.6	0.0	0.0
47	__ribosome	50.9	0.0	0.0
47	__rnase_site_ext	9.5	0.0	0.0
47	p0	0.9	0.0	0.0
47	p1	0.65	0.0	0.0
47	p2	0.6	0.0	0.0
47	protein1	120.3	8.75	2.4697547
47	protein2	96.65	9.25	2.5823485
47	protein3	10.55	1.4	2.0
47	r2	8.2	0.0	0.0
47	rnapol	0.0	0.0	0.0
48	__protein1_rbs	4.4	0.0	0.0
48	__protein2_rbs	4.35	0.0	0.0
48	__protein3_rbs	0.8	0.0	0.0
48	__ribosome	50.05	0.0	0.0
48	__rnase_site_ext	9.45	0.0	0.0
48	p0	0.9	0.0	0.0
48	p1	0.7	0.0	0.0
48	p2	0.5	0.0	0.0
48	protein1	124.35	8.8	2.50689575
48	protein2	101.0	9.25	2.6411995
48	protein3	11.2	1.45	1.8958332999999998
48	r2	8.2	0.0	0.0
48	rnapol	0.1	0.0	0.0
49	__protein1_rbs	4.1	0.0	0.0
49	__protein2_rbs	5.25	0.0	0.0
49	__protein3_rbs	0.8	0.0	0.0
49	__ribosome	50.85	0.0	0.0
49	__rnase_site_ext	9.6	0.0	0.0
49	p0	0.75	0.0	0.0
49	p1	0.75	0.0	0.0
49	p2	0.35	0.0	0.0
49	protein1	128.65	8.8	2.51261
49	protein2	105.6	9.25	2.5473034
49	protein3	12.15	1.5	1.775
49	r2	8.65	0.0	0.0
49	rnapol	0.0	0.0	0.0
50	__protein1_rbs	4.2	0.0	0.0
50	__protein2_rbs	4.25	0.0	0.0
50	__protein3_rbs	0.6	0.0	0.0
50	__ribosome	49.55	0.0	0.0
50	__rnase_site_ext	9.9	0.0	0.0
50	p0	0.7	0.0	0.0
50	p1	0.8	0.0	0.0
50	p2	0.45	0.0	0.0
50	protein1	133.05	8.9	2.5181023999999996
50	protein2	110.05	9.35	2.63314755
50	protein3	12.7	1.5	1.9125
50	r2	9.05	0.0	0.0
50	rnapol	0.05	0.0	0.0
51	__protein1_rbs	4.0	0.0	0.0
51	__protein2_rbs	5.4	0.0	0.0
51	__protein3_rbs	0.65	0.0	0.0
51	__ribosome	50.2	0.0	0.0
51	__rnase_site_ext	9.85	0.0	0.0
51	p0	0.6	0.0	0.0
51	p1	0.7	0.0	0.0
51	p2	0.55	0.0	0.0
51	protein1	137.25	8.9	2.5533604000000003
51	protein2	115.15	9.65	2.4609145000000003
51	protein3	13.7	1.5	1.95
51	r2	9.25	0.0	0.0
51	rnapol	0.1	0.0	0.0
52	__protein1_rbs	4.45	0.0	0.0
52	__protein2_rbs	4.55	0.0	0.0
52	__protein3_rbs	0.5	0.0	0.0
52	__ribosome	48.8	0.0	0.0
52	__rnase_site_ext	9.9	0.0	0.0
52	p0	0.8	0.0	0.0
52	p1	0.6	0.0	0.0
52	p2	0.6	0.0	0.0
52	protein1	141.55	9.05	2.5745273999999996
52	protein2	119.8	9.65	2.516706400000001
52	protein3	14.1	1.5	2.1625
52	r2	9.55	0.0	0.0
52	rnapol	0.05	0.0	0.0
53	__protein1_rbs	4.95	0.0	0.0
53	__protein2_rbs	5.05	0.0	0.0
53	__protein3_rbs	1.15	0.0	0.0
53	__ribosome	49.45	0.0	0.0
53	__rnase_site_ext	10.1	0.0	0.0
53	p0	0.9	0.0	0.0
53	p1	0.65	0.0	0.0
53	p2	0.7	0.0	0.0
53	protein1	146.05	9.4	2.4752814
53	protein2	124.85	9.7	2.47142675
53	protein3	14.95	1.65	1.9791667000000002
53	r2	9.7	0.0	0.0
53	rnapol	0.2	0.0	0.0
54	__protein1_rbs	4.55	0.0	0.0
54	__protein2_rbs	5.05	0.0	0.0
54	__protein3_rbs	0.85	0.0	0.0
54	__ribosome	48.45	0.0	0.0
54	__rnase_site_ext	10.4	0.0	0.0
54	p0	0.75	0.0	0.0
54	p1	0.8	0.0	0.0
54	p2	0.75	0.0	0.0
54	protein1	150.6	9.45	2.48294565
54	protein2	129.15	9.75	2.5143344500000007
54	protein3	15.65	1.7	2.0791667
54	r2	9.85	0.0	0.0
54	rnapol	0.15	0.0	0.0
55	__protein1_rbs	5.1	0.0	0.0
55	__protein2_rbs	4.55	0.0	0.0
55	__protein3_rbs	0.75	0.0	0.0
55	__ribosome	47.9	0.0	0.0
55	__rnase_site_ext	10.35	0.0	0.0
55	p0	0.95	0.0	0.0
55	p1	0.7	0.0	0.0
55	p2	0.7	0.0	0.0
55	protein1	154.85	9.65	2.4483388
55	protein2	134.2	9.85	2.49365075
55	protein3	16.4	1.7	2.1583333500000004
55	r2	9.85	0.0	0.0
55	rnapol	0.0	0.0	0.0
56	__protein1_rbs	5.1	0.0	0.0
56	__protein2_rbs	4.8	0.0	0.0
56	__protein3_rbs	0.85	0.0	0.0
56	__ribosome	47.3	0.0	0.0
56	__rnase_site_ext	10.3	0.0	0.0
56	p0	0.95	0.0	0.0
56	p1	0.6	0.0	0.0
56	p2	0.75	0.0	0.0
56	protein1	159.45	9.75	2.42462115
56	protein2	138.75	10.1	2.4878065
56	protein3	17.2	1.7	2.1583333500000004
56	r2	10.0	0.0	0.0
56	rnapol	0.05	0.0	0.0
57	__protein1_rbs	4.2	0.0	0.0
57	__protein2_rbs	5.35	0.0	0.0
57	__protein3_rbs	0.7	0.0	0.0
57	__ribosome	47.4	0.0	0.0
57	__rnase_site_ext	10.4	0.0	0.0
57	p0	0.75	0.0	0.0
57	p1	0.5	0.0	0.0
57	p2	0.65	0.0	0.0
57	protein1	164.4	9.65	2.43620455
57	protein2	143.55	10.15	2.47185705
57	protein3	18.05	1.7	2.17500005
57	r2	10.15	0.0	0.0
57	rnapol	0.0	0.0	0.0
58	__protein1_rbs	5.0	0.0	0.0
58	__protein2_rbs	5.05	0.0	0.0
58	__protein3_rbs	0.85	0.0	0.0
58	__ribosome	46.15	0.0	0.0
58	__rnase_site_ext	10.5	0.0	0.0
58	p0	0.9	0.0	0.0
58	p1	0.5	0.0	0.0
58	p2	0.6	0.0	0.0
58	protein1	168.9	9.75	2.4600938500000007
58	protein2	147.85	10.1	2.5550213
58	protein3	18.95	1.85	2.05
58	r2	10.3	0.0	0.0
58	rnapol	0.15	0.0	0.0
59	__protein1_rbs	4.45	0.0	0.0
59	__protein2_rbs	5.45	0.0	0.0
59	__protein3_rbs	0.85	0.0	0.0
59	__ribosome	44.65	0.0	0.0
59	__rnase_site_ext	10.55	0.0	0.0
59	p0	0.7	0.0	0.0
59	p1	0.6	0.0	0.0
59	p2	0.55	0.0	0.0
59	protein1	172.6	9.8	2.6148502
59	protein2	152.85	10.3	2.50188035
59	protein3	19.7	1.8	2.19166665
59	r2	10.3	0.0	0.0
59	rnapol	0.0	0.0	0.0
60	__protein1_rbs	4.75	0.0	0.0
60	__protein2_rbs	5.6	0.0	0.0
60	__protein3_rbs	0.9	0.0	0.0
60	__ribosome	45.05	0.0	0.0
60	__rnase_site_ext	10.65	0.0	0.0
60	p0	0.85	0.0	0.0
60	p1	0.55	0.0	0.0
60	p2	0.65	0.0	0.0
60	protein1	177.7	9.85	2.555045
60	protein2	158.15	10.6	2.4156115000000007
60	protein3	20.75	1.85	2.1583333500000004
60	r2	10.55	0.0	0.0
60	rnapol	0.05	0.0	0.0
61	__protein1_rbs	5.5	0.0	0.0
61	__protein2_rbs	5.75	0.0	0.0
61	__protein3_rbs	1.05	0.0	0.0
61	__ribosome	45.2	0.0	0.0
61	__rnase_site_ext	10.8	0.0	0.0
61	p0	0.85	0.0	0.0
61	p1	0.75	0.0	0.0
61	p2	0.65	0.0	0.0
61	protein1	182.5	9.95	2.48724705
61	protein2	163.35	10.9	2.3424586
61	protein3	21.3	1.9	2.3083332999999997
61	r2	10.6	0.0	0.0
61	rnapol	0.05	0.0	0.0
62	__protein1_rbs	5.25	0.0	0.0
62	__protein2_rbs	6.0	0.0	0.0
62	__protein3_rbs	1.0	0.0	0.0
62	__ribosome	45.05	0.0	0.0
62	__rnase_site_ext	11.0	0.0	0.0
62	p0	0.8	0.0	0.0
62	p1	0.85	0.0	0.0
62	p2	0.65	0.0	0.0
62	protein1	187.25	10.1	2.47790445
62	protein2	168.2	11.15	2.31868445
62	protein3	22.4	1.95	2.1583333500000004
62	r2	10.9	0.0	0.0
62	rnapol	0.1	0.0	0.0
63	__protein1_rbs	4.45	0.0	0.0
63	__protein2_rbs	5.95	0.0	0.0
63	__protein3_rbs	0.8	0.0	0.0
63	__ribosome	43.4	0.0	0.0
63	__rnase_site_ext	11.25	0.0	0.0
63	p0	0.8	0.0	0.0
63	p1	0.65	0.0	0.0
63	p2	0.7	0.0	0.0
63	protein1	191.85	10.35	2.5127990500000004
63	protein2	173.35	11.1	2.3585167
63	protein3	23.3	2.0	2.2083333
63	r2	10.95	0.0	0.0
63	rnapol	0.2	0.0	0.0
64	__protein1_rbs	4.75	0.0	0.0
64	__protein2_rbs	6.15	0.0	0.0
64	__protein3_rbs	1.2	0.0	0.0
64	__ribosome	43.45	0.0	0.0
64	__rnase_site_ext	11.4	0.0	0.0
64	p0	0.85	0.0	0.0
64	p1	0.75	0.0	0.0
64	p2	0.75	0.0	0.0
64	protein1	197.15	10.45	2.5217261499999992
64	protein2	178.65	11.45	2.2719884999999995
64	protein3	24.35	2.05	2.17500005
64	r2	11.1	0.0	0.0
64	rnapol	0.05	0.0	0.0
65	__protein1_rbs	5.3	0.0	0.0
65	__protein2_rbs	6.0	0.0	0.0
65	__protein3_rbs	1.1	0.0	0.0
65	__ribosome	42.35	0.0	0.0
65	__rnase_site_ext	11.4	0.0	0.0
65	p0	0.85	0.0	0.0
65	p1	0.6	0.0	0.0
65	p2	0.55	0.0	0.0
65	protein1	202.35	10.6	2.4826431500000004
65	protein2	183.3	11.4	2.37279765
65	protein3	25.15	2.05	2.22916665
65	r2	10.95	0.0	0.0
65	rnapol	0.1	0.0	0.0
66	__protein1_rbs	5.8	0.0	0.0
66	__protein2_rbs	6.55	0.0	0.0
66	__protein3_rbs	0.95	0.0	0.0
66	__ribosome	42.1	0.0	0.0
66	__rnase_site_ext	11.55	0.0	0.0
66	p0	0.9	0.0	0.0
66	p1	0.65	0.0	0.0
66	p2	0.45	0.0	0.0
66	protein1	206.85	10.7	2.4982628
66	protein2	188.35	11.55	2.2927112000000003
66	protein3	26.1	2.0	2.3041667500000003
66	r2	11.15	0.0	0.0
66	rnapol	0.15	0.0	0.0
67	__protein1_rbs	5.6	0.0	0.0
67	__protein2_rbs	5.85	0.0	0.0
67	__protein3_rbs	0.95	0.0	0.0
67	__ribosome	42.0	0.0	0.0
67	__rnase_site_ext	11.8	0.0	0.0
67	p0	0.85	0.0	0.0
67	p1	0.7	0.0	0.0
67	p2	0.65	0.0	0.0
67	protein1	212.15	10.8	2.4334373
67	protein2	193.5	11.7	2.30861965
67	protein3	27.25	2.0	2.325
67	r2	11.55	0.0	0.0
67	rnapol	0.0	0.0	0.0
68	__protein1_rbs	6.1	0.0	0.0
68	__protein2_rbs	5.65	0.0	0.0
68	__protein3_rbs	1.2	0.0	0.0
68	__ribosome	42.0	0.0	0.0
68	__rnase_site_ext	11.95	0.0	0.0
68	p0	0.65	0.0	0.0
68	p1	0.75	0.0	0.0
68	p2	0.5	0.0	0.0
68	protein1	216.85	10.95	2.41988545
68	protein2	198.75	11.35	2.39367805
68	protein3	28.15	2.0	2.2708333
68	r2	11.55	0.0	0.0
68	rnapol	0.05	0.0	0.0
69	__protein1_rbs	6.25	0.0	0.0
69	__protein2_rbs	6.6	0.0	0.0
69	__protein3_rbs	1.15	0.0	0.0
69	__ribosome	43.85	0.0	0.0
69	__rnase_site_ext	12.1	0.0	0.0
69	p0	0.95	0.0	0.0
69	p1	0.6	0.0	0.0
69	p2	0.65	0.0	0.0
69	protein1	223.2	11.2	2.2288209
69	protein2	204.25	11.65	2.2822867
69	protein3	29.1	2.05	2.225
69	r2	11.85	0.0	0.0
69	rnapol	0.05	0.0	0.0
70	__protein1_rbs	5.6	0.0	0.0
70	__protein2_rbs	5.95	0.0	0.0
70	__protein3_rbs	1.2	0.0	0.0
70	__ribosome	42.85	0.0	0.0
70	__rnase_site_ext	12.4	0.0	0.0
70	p0	0.75	0.0	0.0
70	p1	0.7	0.0	0.0
70	p2	0.75	0.0	0.0
70	protein1	228.3	11.4	2.2637237
70	protein2	209.55	11.7	2.3417121
70	protein3	30.35	2.1	2.0333333500000004
70	r2	11.9	0.0	0.0
70	rnapol	0.05	0.0	0.0
71	__protein1_rbs	6.15	0.0	0.0
71	__protein2_rbs	6.0	0.0	0.0
71	__protein3_rbs	0.9	0.0	0.0
71	__ribosome	41.4	0.0	0.0
71	__rnase_site_ext	12.45	0.0	0.0
71	p0	0.8	0.0	0.0
71	p1	0.65	0.0	0.0
71	p2	0.65	0.0	0.0
71	protein1	232.95	11.7	2.2489059000000005
71	protein2	214.65	11.65	2.3845533
71	protein3	31.2	2.2	2.04166665
71	r2	11.95	0.0	0.0
71	rnapol	0.05	0.0	0.0
72	__protein1_rbs	6.15	0.0	0.0
72	__protein2_rbs	5.8	0.0	0.0
72	__protein3_rbs	1.2	0.0	0.0
72	__ribosome	40.5	0.0	0.0
72	__rnase_site_ext	12.35	0.0	0.0
72	p0	0.95	0.0	0.0
72	p1	0.6	0.0	0.0
72	p2	0.6	0.0	0.0
72	protein1	238.05	11.7	2.2802967
72	protein2	220.05	11.75	2.4112171
72	protein3	32.3	2.3	1.9833333
72	r2	12.2	0.0	0.0
72	rnapol	0.0	0.0	0.0
73	__protein1_rbs	7.05	0.0	0.0
73	__protein2_rbs	6.75	0.0	0.0
73	__protein3_rbs	1.45	0.0	0.0
73	__ribosome	40.6	0.0	0.0
73	__rnase_site_ext	12.4	0.0	0.0
73	p0	0.85	0.0	0.0
73	p1	0.7	0.0	0.0
73	p2	0.55	0.0	0.0
73	protein1	243.05	11.75	2.23514365
73	protein2	225.0	11.95	2.3910892999999995
73	protein3	33.1	2.35	2.00000005
73	r2	12.4	0.0	0.0
73	rnapol	0.05	0.0	0.0
74	__protein1_rbs	6.35	0.0	0.0
74	__protein2_rbs	6.85	0.0	0.0
74	__protein3_rbs	1.3	0.0	0.0
74	__ribosome	40.25	0.0	0.0
74	__rnase_site_ext	12.6	0.0	0.0
74	p0	0.85	0.0	0.0
74	p1	0.6	0.0	0.0
74	p2	0.5	0.0	0.0
74	protein1	247.65	11.7	2.322606150000001
74	protein2	230.85	12.05	2.3156740000000005
74	protein3	34.15	2.35	2.02500005
74	r2	12.5	0.0	0.0
74	rnapol	0.0	0.0	0.0
75	__protein1_rbs	6.5	0.0	0.0
75	__protein2_rbs	6.65	0.0	0.0
75	__protein3_rbs	1.55	0.0	0.0
75	__ribosome	40.45	0.0	0.0
75	__rnase_site_ext	12.7	0.0	0.0
75	p0	0.65	0.0	0.0
75	p1	0.6	0.0	0.0
75	p2	0.75	0.0	0.0
75	protein1	253.7	11.75	2.2197672499999994
75	protein2	235.9	12.1	2.3513336
75	protein3	35.0	2.4	1.99166665
75	r2	12.7	0.0	0.0
75	rnapol	0.1	0.0	0.0
76	__protein1_rbs	6.2	0.0	0.0
76	__protein2_rbs	6.6	0.0	0.0
76	__protein3_rbs	1.4	0.0	0.0
76	__ribosome	40.75	0.0	0.0
76	__rnase_site_ext	13.2	0.0	0.0
76	p0	0.65	0.0	0.0
76	p1	0.55	0.0	0.0
76	p2	0.8	0.0	0.0
76	protein1	258.95	11.85	2.24451265
76	protein2	242.2	12.35	2.2450332000000004
76	protein3	36.05	2.5	1.9733333
76	r2	12.75	0.0	0.0
76	rnapol	0.05	0.0	0.0
77	__protein1_rbs	6.7	0.0	0.0
77	__protein2_rbs	7.1	0.0	0.0
77	__protein3_rbs	1.2	0.0	0.0
77	__ribosome	41.0	0.0	0.0
77	__rnase_site_ext	13.25	0.0	0.0
77	p0	0.8	0.0	0.0
77	p1	0.7	0.0	0.0
77	p2	0.6	0.0	0.0
77	protein1	264.45	12.3	2.1641049999999997
77	protein2	247.95	12.35	2.2061736
77	protein3	37.05	2.6	2.005
77	r2	12.85	0.0	0.0
77	rnapol	0.0	0.0	0.0
78	__protein1_rbs	6.85	0.0	0.0
78	__protein2_rbs	6.35	0.0	0.0
78	__protein3_rbs	1.25	0.0	0.0
78	__ribosome	39.45	0.0	0.0
78	__rnase_site_ext	13.35	0.0	0.0
78	p0	0.8	0.0	0.0
78	p1	0.8	0.0	0.0
78	p2	0.6	0.0	0.0
78	protein1	269.55	12.5	2.1683772
78	protein2	253.55	12.6	2.2210274
78	protein3	38.15	2.6	2.0933333000000003
78	r2	12.95	0.0	0.0
78	rnapol	0.1	0.0	0.0
79	__protein1_rbs	7.05	0.0	0.0
79	__protein2_rbs	6.7	0.0	0.0
79	__protein3_rbs	1.5	0.0	0.0
79	__ribosome	38.5	0.0	0.0
79	__rnase_site_ext	13.45	0.0	0.0
79	p0	0.75	0.0	0.0
79	p1	0.9	0.0	0.0
79	p2	0.6	0.0	0.0
79	protein1	274.6	12.7	2.1827351000000004
79	protein2	259.1	12.75	2.234752
79	protein3	39.3	2.6	2.0566666499999995
79	r2	12.95	0.0	0.0
79	rnapol	0.15	0.0	0.0
80	__protein1_rbs	7.0	0.0	0.0
80	__protein2_rbs	7.85	0.0	0.0
80	__protein3_rbs	1.25	0.0	0.0
80	__ribosome	37.6	0.0	0.0
80	__rnase_site_ext	13.7	0.0	0.0
80	p0	0.85	0.0	0.0
80	p1	0.75	0.0	0.0
80	p2	0.65	0.0	0.0
80	protein1	279.8	12.8	2.2224509500000003
80	protein2	263.9	13.0	2.207558
80	protein3	40.35	2.6	2.1450000000000005
80	r2	12.95	0.0	0.0
80	rnapol	0.0	0.0	0.0
81	__protein1_rbs	6.6	0.0	0.0
81	__protein2_rbs	6.85	0.0	0.0
81	__protein3_rbs	1.5	0.0	0.0
81	__ribosome	37.3	0.0	0.0
81	__rnase_site_ext	13.7	0.0	0.0
81	p0	0.8	0.0	0.0
81	p1	0.55	0.0	0.0
81	p2	0.65	0.0	0.0
81	protein1	285.7	12.9	2.2249294
81	protein2	269.95	13.05	2.21549775
81	protein3	41.2	2.55	2.2975000000000003
81	r2	12.95	0.0	0.0
81	rnapol	0.05	0.0	0.0
82	__protein1_rbs	7.0	0.0	0.0
82	__protein2_rbs	7.4	0.0	0.0
82	__protein3_rbs	1.45	0.0	0.0
82	__ribosome	37.15	0.0	0.0
82	__rnase_site_ext	13.8	0.0	0.0
82	p0	0.8	0.0	0.0
82	p1	0.4	0.0	0.0
82	p2	0.65	0.0	0.0
82	protein1	291.25	12.9	2.2350991
82	protein2	275.2	13.05	2.2289596
82	protein3	42.7	2.55	2.17583335
82	r2	13.0	0.0	0.0
82	rnapol	0.05	0.0	0.0
83	__protein1_rbs	7.3	0.0	0.0
83	__protein2_rbs	7.45	0.0	0.0
83	__protein3_rbs	1.25	0.0	0.0
83	__ribosome	37.45	0.0	0.0
83	__rnase_site_ext	13.95	0.0	0.0
83	p0	0.9	0.0	0.0
83	p1	0.6	0.0	0.0
83	p2	0.55	0.0	0.0
83	protein1	296.55	13.0	2.2362578500000003
83	protein2	281.45	13.1	2.145038650000001
83	protein3	43.85	2.6	2.1333333
83	r2	13.1	0.0	0.0
83	rnapol	0.15	0.0	0.0
84	__protein1_rbs	7.65	0.0	0.0
84	__protein2_rbs	6.65	0.0	0.0
84	__protein3_rbs	1.75	0.0	0.0
84	__ribosome	37.5	0.0	0.0
84	__rnase_site_ext	14.1	0.0	0.0
84	p0	0.8	0.0	0.0
84	p1	0.7	0.0	0.0
84	p2	0.6	0.0	0.0
84	protein1	302.35	13.25	2.1936174500000005
84	protein2	287.55	13.15	2.17549265
84	protein3	45.25	2.7	1.83333335
84	r2	13.3	0.0	0.0
84	rnapol	0.15	0.0	0.0
85	__protein1_rbs	7.35	0.0	0.0
85	__protein2_rbs	7.95	0.0	0.0
85	__protein3_rbs	1.6	0.0	0.0
85	__ribosome	36.9	0.0	0.0
85	__rnase_site_ext	14.25	0.0	0.0
85	p0	0.65	0.0	0.0
85	p1	0.45	0.0	0.0
85	p2	0.65	0.0	0.0
85	protein1	307.7	13.3	2.2176081
85	protein2	292.85	13.45	2.1207881000000004
85	protein3	46.3	2.65	1.95333335
85	r2	13.6	0.0	0.0
85	rnapol	0.05	0.0	0.0
86	__protein1_rbs	7.8	0.0	0.0
86	__protein2_rbs	7.95	0.0	0.0
86	__protein3_rbs	1.2	0.0	0.0
86	__ribosome	37.6	0.0	0.0
86	__rnase_site_ext	14.4	0.0	0.0
86	p0	0.85	0.0	0.0
86	p1	0.7	0.0	0.0
86	p2	0.85	0.0	0.0
86	protein1	313.65	13.5	2.1631066000000003
86	protein2	299.4	13.65	2.0464627
86	protein3	47.45	2.7	2.0516667
86	r2	13.6	0.0	0.0
86	rnapol	0.05	0.0	0.0
87	__protein1_rbs	7.85	0.0	0.0
87	__protein2_rbs	8.0	0.0	0.0
87	__protein3_rbs	1.3	0.0	0.0
87	__ribosome	35.55	0.0	0.0
87	__rnase_site_ext	14.5	0.0	0.0
87	p0	0.9	0.0	0.0
87	p1	0.8	0.0	0.0
87	p2	0.85	0.0	0.0
87	protein1	319.5	13.6	2.1449257999999998
87	protein2	303.8	13.8	2.18412105
87	protein3	48.7	2.7	2.0475000000000003
87	r2	13.65	0.0	0.0
87	rnapol	0.05	0.0	0.0
88	__protein1_rbs	7.75	0.0	0.0
88	__protein2_rbs	7.0	0.0	0.0
88	__protein3_rbs	1.65	0.0	0.0
88	__ribosome	34.05	0.0	0.0
88	__rnase_site_ext	14.45	0.0	0.0
88	p0	0.9	0.0	0.0
88	p1	0.6	0.0	0.0
88	p2	0.75	0.0	0.0
88	protein1	325.5	13.8	2.12290555
88	protein2	309.35	13.9	2.253149
88	protein3	49.85	2.8	2.04916665
88	r2	13.7	0.0	0.0
88	rnapol	0.0	0.0	0.0
89	__protein1_rbs	7.65	0.0	0.0
89	__protein2_rbs	8.65	0.0	0.0
89	__protein3_rbs	1.45	0.0	0.0
89	__ribosome	34.85	0.0	0.0
89	__rnase_site_ext	14.45	0.0	0.0
89	p0	0.8	0.0	0.0
89	p1	0.7	0.0	0.0
89	p2	0.65	0.0	0.0
89	protein1	331.3	13.75	2.1249960000000003
89	protein2	316.15	14.35	2.1051854
89	protein3	50.9	2.8	2.19166665
89	r2	13.6	0.0	0.0
89	rnapol	0.05	0.0	0.0
90	__protein1_rbs	8.25	0.0	0.0
90	__protein2_rbs	7.9	0.0	0.0
90	__protein3_rbs	1.55	0.0	0.0
90	__ribosome	34.85	0.0	0.0
90	__rnase_site_ext	14.55	0.0	0.0
90	p0	0.95	0.0	0.0
90	p1	0.65	0.0	0.0
90	p2	0.5	0.0	0.0
90	protein1	337.75	13.7	2.08303425
90	protein2	322.2	14.35	2.1305947999999995
90	protein3	51.9	2.9	2.2225
90	r2	13.85	0.0	0.0
90	rnapol	0.15	0.0	0.0
91	__protein1_rbs	8.25	0.0	0.0
91	__protein2_rbs	8.7	0.0	0.0
91	__protein3_rbs	1.8	0.0	0.0
91	__ribosome	34.8	0.0	0.0
91	__rnase_site_ext	14.45	0.0	0.0
91	p0	0.75	0.0	0.0
91	p1	0.7	0.0	0.0
91	p2	0.65	0.0	0.0
91	protein1	343.35	13.9	2.07553135
91	protein2	328.0	14.3	2.1431569
91	protein3	53.35	2.95	2.10166665
91	r2	14.2	0.0	0.0
91	rnapol	0.2	0.0	0.0
92	__protein1_rbs	7.85	0.0	0.0
92	__protein2_rbs	8.45	0.0	0.0
92	__protein3_rbs	1.55	0.0	0.0
92	__ribosome	33.5	0.0	0.0
92	__rnase_site_ext	14.75	0.0	0.0
92	p0	0.65	0.0	0.0
92	p1	0.75	0.0	0.0
92	p2	0.55	0.0	0.0
92	protein1	348.8	13.9	2.12991885
92	protein2	333.5	14.55	2.12003955
92	protein3	54.45	3.0	2.20833335
92	r2	14.3	0.0	0.0
92	rnapol	0.0	0.0	0.0
93	__protein1_rbs	7.95	0.0	0.0
93	__protein2_rbs	9.2	0.0	0.0
93	__protein3_rbs	1.5	0.0	0.0
93	__ribosome	35.05	0.0	0.0
93	__rnase_site_ext	14.8	0.0	0.0
93	p0	0.85	0.0	0.0
93	p1	0.75	0.0	0.0
93	p2	0.45	0.0	0.0
93	protein1	354.85	14.0	2.09718945
93	protein2	340.9	14.65	2.00839655
93	protein3	55.85	2.95	2.2841667
93	r2	14.35	0.0	0.0
93	rnapol	0.05	0.0	0.0
94	__protein1_rbs	8.5	0.0	0.0
94	__protein2_rbs	7.75	0.0	0.0
94	__protein3_rbs	1.6	0.0	0.0
94	__ribosome	34.35	0.0	0.0
94	__rnase_site_ext	14.95	0.0	0.0
94	p0	0.8	0.0	0.0
94	p1	0.75	0.0	0.0
94	p2	0.6	0.0	0.0
94	protein1	360.8	14.1	2.06372495
94	protein2	346.8	14.8	2.0699189
94	protein3	57.2	2.95	2.18416665
94	r2	14.7	0.0	0.0
94	rnapol	0.1	0.0	0.0
95	__protein1_rbs	8.1	0.0	0.0
95	__protein2_rbs	8.85	0.0	0.0
95	__protein3_rbs	1.75	0.0	0.0
95	__ribosome	33.6	0.0	0.0
95	__rnase_site_ext	15.3	0.0	0.0
95	p0	0.75	0.0	0.0
95	p1	0.55	0.0	0.0
95	p2	0.8	0.0	0.0
95	protein1	366.65	14.25	2.0638514999999997
95	protein2	352.8	15.0	2.06934135
95	protein3	58.4	3.05	2.1425
95	r2	14.9	0.0	0.0
95	rnapol	0.0	0.0	0.0
96	__protein1_rbs	8.55	0.0	0.0
96	__protein2_rbs	8.9	0.0	0.0
96	__protein3_rbs	2.15	0.0	0.0
96	__ribosome	33.15	0.0	0.0
96	__rnase_site_ext	15.15	0.0	0.0
96	p0	0.85	0.0	0.0
96	p1	0.75	0.0	0.0
96	p2	0.65	0.0	0.0
96	protein1	372.85	14.45	2.04464945
96	protein2	358.7	15.05	2.1113465499999995
96	protein3	59.65	3.05	2.06
96	r2	14.85	0.0	0.0
96	rnapol	0.05	0.0	0.0
97	__protein1_rbs	8.35	0.0	0.0
97	__protein2_rbs	8.8	0.0	0.0
97	__protein3_rbs	1.8	0.0	0.0
97	__ribosome	32.75	0.0	0.0
97	__rnase_site_ext	15.25	0.0	0.0
97	p0	0.85	0.0	0.0
97	p1	0.6	0.0	0.0
97	p2	0.8	0.0	0.0
97	protein1	378.6	14.4	2.0783099999999997
97	protein2	365.15	15.1	2.10648285
97	protein3	61.1	3.15	1.935
97	r2	15.2	0.0	0.0
97	rnapol	0.05	0.0	0.0
98	__protein1_rbs	8.65	0.0	0.0
98	__protein2_rbs	9.05	0.0	0.0
98	__protein3_rbs	2.0	0.0	0.0
98	__ribosome	33.25	0.0	0.0
98	__rnase_site_ext	15.3	0.0	0.0
98	p0	0.8	0.0	0.0
98	p1	0.45	0.0	0.0
98	p2	0.7	0.0	0.0
98	protein1	384.7	14.4	2.0490802500000003
98	protein2	371.3	15.25	2.09617435
98	protein3	62.6	3.15	1.90416665
98	r2	15.25	0.0	0.0
98	rnapol	0.05	0.0	0.0
99	__protein1_rbs	8.95	0.0	0.0
99	__protein2_rbs	9.65	0.0	0.0
99	__protein3_rbs	2.0	0.0	0.0
99	__ribosome	33.8	0.0	0.0
99	__rnase_site_ext	15.25	0.0	0.0
99	p0	0.9	0.0	0.0
99	p1	0.7	0.0	0.0
99	p2	0.8	0.0	0.0
99	protein1	390.05	14.45	2.0788006
99	protein2	378.1	15.35	1.9914756999999998
99	protein3	63.7	3.2	1.9958333500000005
99	r2	15.35	0.0	0.0
99	rnapol	0.1	0.0	0.0
100	__protein1_rbs	8.9	0.0	0.0
100	__protein2_rbs	9.25	0.0	0.0
100	__protein3_rbs	1.75	0.0	0.0
100	__ribosome	34.0	0.0	0.0
100	__rnase_site_ext	15.25	0.0	0.0
100	p0	0.85	0.0	0.0
100	p1	0.6	0.0	0.0
100	p2	0.65	0.0	0.0
100	protein1	396.8	14.55	1.99242435
100	protein2	384.15	15.4	2.0248637
100	protein3	64.95	3.25	1.9933333
100	r2	15.4	0.0	0.0
100	rnapol	0.0	0.0	0.0
101	__protein1_rbs	8.6	0.0	0.0
101	__protein2_rbs	10.15	0.0	0.0
101	__protein3_rbs	2.0	0.0	0.0
101	__ribosome	34.1	0.0	0.0
101	__rnase_site_ext	15.2	0.0	0.0
101	p0	0.85	0.0	0.0
101	p1	0.55	0.0	0.0
101	p2	0.55	0.0	0.0
101	protein1	403.05	14.55	1.99448805
101	protein2	390.65	15.6	1.9522334
101	protein3	65.95	3.3	2.0583334000000004
101	r2	15.65	0.0	0.0
101	rnapol	0.0	0.0	0.0
102	__protein1_rbs	8.25	0.0	0.0
102	__protein2_rbs	9.35	0.0	0.0
102	__protein3_rbs	1.85	0.0	0.0
102	__ribosome	33.65	0.0	0.0
102	__rnase_site_ext	15.25	0.0	0.0
102	p0	0.8	0.0	0.0
102	p1	0.75	0.0	0.0
102	p2	0.6	0.0	0.0
102	protein1	409.45	14.45	2.02836725
102	protein2	397.2	15.85	1.9499779500000003
102	protein3	67.35	3.25	2.1525
102	r2	15.75	0.0	0.0
102	rnapol	0.05	0.0	0.0
103	__protein1_rbs	8.95	0.0	0.0
103	__protein2_rbs	8.7	0.0	0.0
103	__protein3_rbs	2.0	0.0	0.0
103	__ribosome	32.25	0.0	0.0
103	__rnase_site_ext	15.5	0.0	0.0
103	p0	0.75	0.0	0.0
103	p1	0.6	0.0	0.0
103	p2	0.65	0.0	0.0
103	protein1	414.45	14.35	2.0557452
103	protein2	403.35	15.85	2.02660355
103	protein3	68.75	3.3	2.1033333
103	r2	16.0	0.0	0.0
103	rnapol	0.1	0.0	0.0
104	__protein1_rbs	9.1	0.0	0.0
104	__protein2_rbs	9.7	0.0	0.0
104	__protein3_rbs	1.8	0.0	0.0
104	__ribosome	32.0	0.0	0.0
104	__rnase_site_ext	15.6	0.0	0.0
104	p0	0.75	0.0	0.0
104	p1	0.65	0.0	0.0
104	p2	0.85	0.0	0.0
104	protein1	420.95	14.55	1.9797784999999999
104	protein2	408.95	16.25	2.0323262
104	protein3	70.3	3.4	2.0566667
104	r2	16.0	0.0	0.0
104	rnapol	0.05	0.0	0.0
105	__protein1_rbs	9.1	0.0	0.0
105	__protein2_rbs	10.75	0.0	0.0
105	__protein3_rbs	2.1	0.0	0.0
105	__ribosome	32.75	0.0	0.0
105	__rnase_site_ext	15.65	0.0	0.0
105	p0	0.95	0.0	0.0
105	p1	0.65	0.0	0.0
105	p2	0.55	0.0	0.0
105	protein1	426.5	14.75	1.96532095
105	protein2	416.05	16.15	1.98579835
105	protein3	71.5	3.45	2.0583332999999997
105	r2	16.1	0.0	0.0
105	rnapol	0.05	0.0	0.0
106	__protein1_rbs	9.35	0.0	0.0
106	__protein2_rbs	10.25	0.0	0.0
106	__protein3_rbs	2.0	0.0	0.0
106	__ribosome	32.45	0.0	0.0
106	__rnase_site_ext	15.65	0.0	0.0
106	p0	0.9	0.0	0.0
106	p1	0.65	0.0	0.0
106	p2	0.55	0.0	0.0
106	protein1	432.8	14.85	1.8985610500000003
106	protein2	421.8	16.4	2.0141978499999995
106	protein3	72.75	3.4	2.1058334
106	r2	16.25	0.0	0.0
106	rnapol	0.15	0.0	0.0
107	__protein1_rbs	9.15	0.0	0.0
107	__protein2_rbs	10.0	0.0	0.0
107	__protein3_rbs	1.8	0.0	0.0
107	__ribosome	31.95	0.0	0.0
107	__rnase_site_ext	15.7	0.0	0.0
107	p0	0.75	0.0	0.0
107	p1	0.7	0.0	0.0
107	p2	0.75	0.0	0.0
107	protein1	438.55	14.85	1.88780825
107	protein2	428.2	16.6	2.00557
107	protein3	74.35	3.4	2.0783333500000003
107	r2	16.4	0.0	0.0
107	rnapol	0.1	0.0	0.0
108	__protein1_rbs	8.75	0.0	0.0
108	__protein2_rbs	10.05	0.0	0.0
108	__protein3_rbs	2.25	0.0	0.0
108	__ribosome	32.05	0.0	0.0
108	__rnase_site_ext	16.05	0.0	0.0
108	p0	0.7	0.0	0.0
108	p1	0.6	0.0	0.0
108	p2	0.6	0.0	0.0
108	protein1	444.45	14.85	1.9312703000000002
108	protein2	435.1	16.5	1.9977421000000002
108	protein3	75.8	3.4	2.00333335
108	r2	16.6	0.0	0.0
108	rnapol	0.0	0.0	0.0
109	__protein1_rbs	9.25	0.0	0.0
109	__protein2_rbs	9.55	0.0	0.0
109	__protein3_rbs	1.95	0.0	0.0
109	__ribosome	32.0	0.0	0.0
109	__rnase_site_ext	16.1	0.0	0.0
109	p0	0.85	0.0	0.0
109	p1	0.45	0.0	0.0
109	p2	0.6	0.0	0.0
109	protein1	450.05	15.0	1.93126215
109	protein2	442.6	16.5	1.98428625
109	protein3	77.2	3.35	2.02166665
109	r2	16.65	0.0	0.0
109	rnapol	0.0	0.0	0.0
110	__protein1_rbs	9.4	0.0	0.0
110	__protein2_rbs	10.0	0.0	0.0
110	__protein3_rbs	2.1	0.0	0.0
110	__ribosome	30.7	0.0	0.0
110	__rnase_site_ext	16.3	0.0	0.0
110	p0	0.8	0.0	0.0
110	p1	0.75	0.0	0.0
110	p2	0.75	0.0	0.0
110	protein1	455.25	15.25	1.9361213
110	protein2	448.7	16.55	2.00510205
110	protein3	78.4	3.45	2.0524999500000005
110	r2	16.85	0.0	0.0
110	rnapol	0.05	0.0	0.0
111	__protein1_rbs	10.3	0.0	0.0
111	__protein2_rbs	10.35	0.0	0.0
111	__protein3_rbs	2.05	0.0	0.0
111	__ribosome	32.5	0.0	0.0
111	__rnase_site_ext	16.3	0.0	0.0
111	p0	0.9	0.0	0.0
111	p1	0.65	0.0	0.0
111	p2	0.5	0.0	0.0
111	protein1	461.4	15.4	1.8547373
111	protein2	455.65	16.6	1.9796250500000003
111	protein3	80.15	3.35	1.9716667
111	r2	17.0	0.0	0.0
111	rnapol	0.05	0.0	0.0
112	__protein1_rbs	9.6	0.0	0.0
112	__protein2_rbs	10.15	0.0	0.0
112	__protein3_rbs	1.9	0.0	0.0
112	__ribosome	31.75	0.0	0.0
112	__rnase_site_ext	16.05	0.0	0.0
112	p0	0.85	0.0	0.0
112	p1	0.6	0.0	0.0
112	p2	0.7	0.0	0.0
112	protein1	467.25	15.5	1.8692979499999995
112	protein2	462.3	16.7	2.00593355
112	protein3	82.0	3.4	1.9233333
112	r2	17.25	0.0	0.0
112	rnapol	0.15	0.0	0.0
113	__protein1_rbs	9.2	0.0	0.0
113	__protein2_rbs	10.3	0.0	0.0
113	__protein3_rbs	2.0	0.0	0.0
113	__ribosome	30.55	0.0	0.0
113	__rnase_site_ext	16.4	0.0	0.0
113	p0	0.8	0.0	0.0
113	p1	0.45	0.0	0.0
113	p2	0.7	0.0	0.0
113	protein1	473.15	15.25	1.95567005
113	protein2	468.95	16.9	1.990013
113	protein3	83.15	3.5	2.04749995
113	r2	17.25	0.0	0.0
113	rnapol	0.05	0.0	0.0
114	__protein1_rbs	9.95	0.0	0.0
114	__protein2_rbs	10.6	0.0	0.0
114	__protein3_rbs	2.35	0.0	0.0
114	__ribosome	30.7	0.0	0.0
114	__rnase_site_ext	16.2	0.0	0.0
114	p0	0.9	0.0	0.0
114	p1	0.45	0.0	0.0
114	p2	0.8	0.0	0.0
114	protein1	479.2	15.4	1.9101365000000008
114	protein2	476.1	16.95	1.99751605
114	protein3	84.3	3.55	2.0116667
114	r2	17.35	0.0	0.0
114	rnapol	0.1	0.0	0.0
115	__protein1_rbs	9.25	0.0	0.0
115	__protein2_rbs	10.95	0.0	0.0
115	__protein3_rbs	2.1	0.0	0.0
115	__ribosome	30.4	0.0	0.0
115	__rnase_site_ext	16.35	0.0	0.0
115	p0	0.8	0.0	0.0
115	p1	0.65	0.0	0.0
115	p2	0.65	0.0	0.0
115	protein1	484.75	15.3	1.9739416499999995
115	protein2	482.75	16.9	1.9619256
115	protein3	85.7	3.5	2.03500005
115	r2	17.3	0.0	0.0
115	rnapol	0.15	0.0	0.0
116	__protein1_rbs	9.2	0.0	0.0
116	__protein2_rbs	10.2	0.0	0.0
116	__protein3_rbs	2.4	0.0	0.0
116	__ribosome	30.05	0.0	0.0
116	__rnase_site_ext	16.25	0.0	0.0
116	p0	0.8	0.0	0.0
116	p1	0.65	0.0	0.0
116	p2	0.7	0.0	0.0
116	protein1	490.9	15.35	1.9801937
116	protein2	489.35	17.15	1.96705085
116	protein3	87.05	3.5	1.9675
116	r2	17.55	0.0	0.0
116	rnapol	0.1	0.0	0.0
117	__protein1_rbs	9.45	0.0	0.0
117	__protein2_rbs	10.4	0.0	0.0
117	__protein3_rbs	2.0	0.0	0.0
117	__ribosome	30.05	0.0	0.0
117	__rnase_site_ext	16.3	0.0	0.0
117	p0	0.8	0.0	0.0
117	p1	0.85	0.0	0.0
117	p2	0.55	0.0	0.0
117	protein1	496.9	15.4	1.9591886499999995
117	protein2	496.4	17.25	1.95496015
117	protein3	88.5	3.45	1.9141667
117	r2	17.6	0.0	0.0
117	rnapol	0.05	0.0	0.0
118	__protein1_rbs	9.45	0.0	0.0
118	__protein2_rbs	10.85	0.0	0.0
118	__protein3_rbs	1.9	0.0	0.0
118	__ribosome	31.0	0.0	0.0
118	__rnase_site_ext	16.15	0.0	0.0
118	p0	0.85	0.0	0.0
118	p1	0.6	0.0	0.0
118	p2	0.55	0.0	0.0
118	protein1	503.25	15.45	1.9487381999999998
118	protein2	504.05	17.35	1.9022594
118	protein3	90.1	3.45	1.98666665
118	r2	17.8	0.0	0.0
118	rnapol	0.05	0.0	0.0
119	__protein1_rbs	10.15	0.0	0.0
119	__protein2_rbs	10.95	0.0	0.0
119	__protein3_rbs	2.05	0.0	0.0
119	__ribosome	30.8	0.0	0.0
119	__rnase_site_ext	16.3	0.0	0.0
119	p0	0.7	0.0	0.0
119	p1	0.6	0.0	0.0
119	p2	0.7	0.0	0.0
119	protein1	509.7	15.35	1.9093988000000002
119	protein2	510.15	17.5	1.9304665
119	protein3	91.4	3.45	1.9991666500000005
119	r2	17.75	0.0	0.0
119	rnapol	0.1	0.0	0.0
120	__protein1_rbs	9.85	0.0	0.0
120	__protein2_rbs	10.9	0.0	0.0
120	__protein3_rbs	2.15	0.0	0.0
120	__ribosome	30.75	0.0	0.0
120	__rnase_site_ext	16.55	0.0	0.0
120	p0	0.65	0.0	0.0
120	p1	0.75	0.0	0.0
120	p2	0.5	0.0	0.0
120	protein1	515.6	15.4	1.89560715
120	protein2	516.75	17.5	1.9428017500000003
120	protein3	92.9	3.55	1.84833335
120	r2	17.8	0.0	0.0
120	rnapol	0.05	0.0	0.0
121	__protein1_rbs	9.6	0.0	0.0
121	__protein2_rbs	9.95	0.0	0.0
121	__protein3_rbs	1.95	0.0	0.0
121	__ribosome	28.8	0.0	0.0
121	__rnase_site_ext	16.65	0.0	0.0
121	p0	0.85	0.0	0.0
121	p1	0.7	0.0	0.0
121	p2	0.4	0.0	0.0
121	protein1	521.7	15.55	1.89656695
121	protein2	523.65	17.35	2.0239437
121	protein3	93.95	3.55	2.1008333500000003
121	r2	18.05	0.0	0.0
121	rnapol	0.1	0.0	0.0
122	__protein1_rbs	9.75	0.0	0.0
122	__protein2_rbs	10.8	0.0	0.0
122	__protein3_rbs	2.1	0.0	0.0
122	__ribosome	28.05	0.0	0.0
122	__rnase_site_ext	16.8	0.0	0.0
122	p0	0.8	0.0	0.0
122	p1	0.75	0.0	0.0
122	p2	0.6	0.0	0.0
122	protein1	527.15	15.8	1.9213631000000009
122	protein2	530.5	17.55	1.98887195
122	protein3	95.35	3.65	2.05916665
122	r2	18.35	0.0	0.0
122	rnapol	0.05	0.0	0.0
123	__protein1_rbs	10.15	0.0	0.0
123	__protein2_rbs	9.9	0.0	0.0
123	__protein3_rbs	2.25	0.0	0.0
123	__ribosome	29.3	0.0	0.0
123	__rnase_site_ext	17.1	0.0	0.0
123	p0	0.7	0.0	0.0
123	p1	0.6	0.0	0.0
123	p2	0.7	0.0	0.0
123	protein1	534.2	15.9	1.82511545
123	protein2	537.4	17.5	2.0196670999999995
123	protein3	97.25	3.65	1.8975
123	r2	18.4	0.0	0.0
123	rnapol	0.0	0.0	0.0
124	__protein1_rbs	10.45	0.0	0.0
124	__protein2_rbs	10.45	0.0	0.0
124	__protein3_rbs	2.1	0.0	0.0
124	__ribosome	28.1	0.0	0.0
124	__rnase_site_ext	17.15	0.0	0.0
124	p0	0.9	0.0	0.0
124	p1	0.55	0.0	0.0
124	p2	0.65	0.0	0.0
124	protein1	539.7	16.1	1.8491229999999999
124	protein2	544.1	17.55	2.0435508999999996
124	protein3	98.7	3.65	1.91583335
124	r2	18.4	0.0	0.0
124	rnapol	0.0	0.0	0.0
125	__protein1_rbs	10.25	0.0	0.0
125	__protein2_rbs	10.6	0.0	0.0
125	__protein3_rbs	2.25	0.0	0.0
125	__ribosome	28.95	0.0	0.0
125	__rnase_site_ext	17.1	0.0	0.0
125	p0	0.9	0.0	0.0
125	p1	0.7	0.0	0.0
125	p2	0.85	0.0	0.0
125	protein1	545.65	16.25	1.8635098
125	protein2	552.4	17.45	1.9644569499999995
125	protein3	100.2	3.7	1.85416665
125	r2	18.45	0.0	0.0
125	rnapol	0.1	0.0	0.0
126	__protein1_rbs	10.45	0.0	0.0
126	__protein2_rbs	11.25	0.0	0.0
126	__protein3_rbs	2.5	0.0	0.0
126	__ribosome	29.25	0.0	0.0
126	__rnase_site_ext	17.2	0.0	0.0
126	p0	0.8	0.0	0.0
126	p1	0.55	0.0	0.0
126	p2	0.6	0.0	0.0
126	protein1	551.65	16.25	1.8673917
126	protein2	559.1	17.6	1.947247
126	protein3	101.7	3.75	inf
126	r2	18.5	0.0	0.0
126	rnapol	0.0	0.0	0.0
127	__protein1_rbs	9.9	0.0	0.0
127	__protein2_rbs	10.8	0.0	0.0
127	__protein3_rbs	2.6	0.0	0.0
127	__ribosome	28.65	0.0	0.0
127	__rnase_site_ext	17.2	0.0	0.0
127	p0	0.9	0.0	0.0
127	p1	0.65	0.0	0.0
127	p2	0.7	0.0	0.0
127	protein1	557.55	16.25	1.87374065
127	protein2	566.25	17.85	1.9614850000000004
127	protein3	103.3	3.8	inf
127	r2	18.55	0.0	0.0
127	rnapol	0.2	0.0	0.0
128	__protein1_rbs	10.15	0.0	0.0
128	__protein2_rbs	11.45	0.0	0.0
128	__protein3_rbs	2.4	0.0	0.0
128	__ribosome	29.95	0.0	0.0
128	__rnase_site_ext	17.25	0.0	0.0
128	p0	0.85	0.0	0.0
128	p1	0.6	0.0	0.0
128	p2	0.65	0.0	0.0
128	protein1	564.2	16.25	1.85292655
128	protein2	573.85	17.9	1.8969633
128	protein3	104.7	3.85	inf
128	r2	18.5	0.0	0.0
128	rnapol	0.05	0.0	0.0
129	__protein1_rbs	10.0	0.0	0.0
129	__protein2_rbs	11.7	0.0	0.0
129	__protein3_rbs	2.5	0.0	0.0
129	__ribosome	29.4	0.0	0.0
129	__rnase_site_ext	17.25	0.0	0.0
129	p0	0.85	0.0	0.0
129	p1	0.6	0.0	0.0
129	p2	0.8	0.0	0.0
129	protein1	570.1	16.2	1.8743958
129	protein2	580.3	17.95	1.88994555
129	protein3	106.2	3.95	inf
129	r2	18.7	0.0	0.0
129	rnapol	0.0	0.0	0.0
130	__protein1_rbs	10.35	0.0	0.0
130	__protein2_rbs	11.5	0.0	0.0
130	__protein3_rbs	2.4	0.0	0.0
130	__ribosome	29.65	0.0	0.0
130	__rnase_site_ext	17.15	0.0	0.0
130	p0	0.8	0.0	0.0
130	p1	0.75	0.0	0.0
130	p2	0.65	0.0	0.0
130	protein1	576.15	16.25	1.8745505
130	protein2	587.95	18.05	1.85749975
130	protein3	107.95	4.05	1.6800000500000003
130	r2	18.7	0.0	0.0
130	rnapol	0.1	0.0	0.0
131	__protein1_rbs	10.7	0.0	0.0
131	__protein2_rbs	10.55	0.0	0.0
131	__protein3_rbs	2.4	0.0	0.0
131	__ribosome	28.9	0.0	0.0
131	__rnase_site_ext	17.4	0.0	0.0
131	p0	0.9	0.0	0.0
131	p1	0.75	0.0	0.0
131	p2	0.65	0.0	0.0
131	protein1	582.35	16.2	1.863822
131	protein2	594.75	18.25	1.89349715
131	protein3	109.4	4.0	1.82583325
131	r2	18.75	0.0	0.0
131	rnapol	0.1	0.0	0.0
132	__protein1_rbs	11.4	0.0	0.0
132	__protein2_rbs	11.0	0.0	0.0
132	__protein3_rbs	2.35	0.0	0.0
132	__ribosome	29.05	0.0	0.0
132	__rnase_site_ext	17.25	0.0	0.0
132	p0	0.65	0.0	0.0
132	p1	0.8	0.0	0.0
132	p2	0.65	0.0	0.0
132	protein1	588.9	16.4	1.7618021
132	protein2	601.7	18.3	1.92135235
132	protein3	110.6	4.05	1.9789285
132	r2	18.85	0.0	0.0
132	rnapol	0.05	0.0	0.0
133	__protein1_rbs	10.4	0.0	0.0
133	__protein2_rbs	11.65	0.0	0.0
133	__protein3_rbs	2.55	0.0	0.0
133	__ribosome	28.5	0.0	0.0
133	__rnase_site_ext	17.25	0.0	0.0
133	p0	0.85	0.0	0.0
133	p1	0.75	0.0	0.0
133	p2	0.4	0.0	0.0
133	protein1	595.15	16.3	1.8140020000000001
133	protein2	608.55	18.15	1.9474548000000005
133	protein3	111.95	4.0	1.9408334000000005
133	r2	18.7	0.0	0.0
133	rnapol	0.1	0.0	0.0
134	__protein1_rbs	9.85	0.0	0.0
134	__protein2_rbs	11.5	0.0	0.0
134	__protein3_rbs	2.65	0.0	0.0
134	__ribosome	28.35	0.0	0.0
134	__rnase_site_ext	17.25	0.0	0.0
134	p0	0.75	0.0	0.0
134	p1	0.7	0.0	0.0
134	p2	0.55	0.0	0.0
134	protein1	601.7	16.15	1.8615038000000002
134	protein2	615.35	18.1	1.97019605
134	protein3	113.85	3.95	1.87083335
134	r2	19.05	0.0	0.0
134	rnapol	0.15	0.0	0.0
135	__protein1_rbs	9.15	0.0	0.0
135	__protein2_rbs	11.45	0.0	0.0
135	__protein3_rbs	2.6	0.0	0.0
135	__ribosome	27.5	0.0	0.0
135	__rnase_site_ext	17.55	0.0	0.0
135	p0	0.6	0.0	0.0
135	p1	0.75	0.0	0.0
135	p2	0.6	0.0	0.0
135	protein1	607.55	16.15	1.9352698
135	protein2	622.3	18.25	1.9301285
135	protein3	115.4	4.0	1.7691667000000002
135	r2	19.0	0.0	0.0
135	rnapol	0.05	0.0	0.0
136	__protein1_rbs	9.7	0.0	0.0
136	__protein2_rbs	12.1	0.0	0.0
136	__protein3_rbs	2.45	0.0	0.0
136	__ribosome	27.9	0.0	0.0
136	__rnase_site_ext	17.6	0.0	0.0
136	p0	0.8	0.0	0.0
136	p1	0.65	0.0	0.0
136	p2	0.5	0.0	0.0
136	protein1	613.5	16.4	1.97464775
136	protein2	630.6	18.2	1.83085675
136	protein3	116.8	4.05	1.8809523999999997
136	r2	19.05	0.0	0.0
136	rnapol	0.0	0.0	0.0
137	__protein1_rbs	10.55	0.0	0.0
137	__protein2_rbs	11.45	0.0	0.0
137	__protein3_rbs	2.3	0.0	0.0
137	__ribosome	28.3	0.0	0.0
137	__rnase_site_ext	17.65	0.0	0.0
137	p0	0.75	0.0	0.0
137	p1	0.7	0.0	0.0
137	p2	0.7	0.0	0.0
137	protein1	619.65	16.45	1.9616386000000001
137	protein2	637.55	18.1	1.82114885
137	protein3	118.45	4.1	1.7734523999999996
137	r2	19.2	0.0	0.0
137	rnapol	0.15	0.0	0.0
138	__protein1_rbs	9.9	0.0	0.0
138	__protein2_rbs	11.5	0.0	0.0
138	__protein3_rbs	2.85	0.0	0.0
138	__ribosome	28.6	0.0	0.0
138	__rnase_site_ext	17.7	0.0	0.0
138	p0	0.9	0.0	0.0
138	p1	0.7	0.0	0.0
138	p2	0.75	0.0	0.0
138	protein1	626.45	16.5	1.9637943
138	protein2	644.6	18.3	1.80177045
138	protein3	120.3	4.1	1.6617857
138	r2	19.3	0.0	0.0
138	rnapol	0.2	0.0	0.0
139	__protein1_rbs	10.15	0.0	0.0
139	__protein2_rbs	11.25	0.0	0.0
139	__protein3_rbs	2.35	0.0	0.0
139	__ribosome	27.5	0.0	0.0
139	__rnase_site_ext	17.95	0.0	0.0
139	p0	0.75	0.0	0.0
139	p1	0.7	0.0	0.0
139	p2	0.7	0.0	0.0
139	protein1	632.85	16.7	1.948693
139	protein2	651.65	18.25	1.81484735
139	protein3	121.45	4.1	1.87214285
139	r2	19.15	0.0	0.0
139	rnapol	0.05	0.0	0.0
140	__protein1_rbs	10.7	0.0	0.0
140	__protein2_rbs	12.7	0.0	0.0
140	__protein3_rbs	2.65	0.0	0.0
140	__ribosome	28.3	0.0	0.0
140	__rnase_site_ext	18.0	0.0	0.0
140	p0	0.85	0.0	0.0
140	p1	0.55	0.0	0.0
140	p2	0.65	0.0	0.0
140	protein1	639.5	16.95	1.9107313
140	protein2	658.3	18.55	1.7557229500000002
140	protein3	123.0	4.1	1.7621429000000002
140	r2	19.25	0.0	0.0
140	rnapol	0.05	0.0	0.0
141	__protein1_rbs	10.5	0.0	0.0
141	__protein2_rbs	11.55	0.0	0.0
141	__protein3_rbs	2.4	0.0	0.0
141	__ribosome	27.7	0.0	0.0
141	__rnase_site_ext	18.1	0.0	0.0
141	p0	0.7	0.0	0.0
141	p1	0.4	0.0	0.0
141	p2	0.65	0.0	0.0
141	protein1	646.5	16.95	1.8833126
141	protein2	664.95	18.7	1.8028674
141	protein3	124.65	4.15	1.7444047500000004
141	r2	19.25	0.0	0.0
141	rnapol	0.1	0.0	0.0
142	__protein1_rbs	11.1	0.0	0.0
142	__protein2_rbs	12.15	0.0	0.0
142	__protein3_rbs	2.5	0.0	0.0
142	__ribosome	27.8	0.0	0.0
142	__rnase_site_ext	18.25	0.0	0.0
142	p0	0.8	0.0	0.0
142	p1	0.6	0.0	0.0
142	p2	0.65	0.0	0.0
142	protein1	653.45	17.15	1.8236698500000008
142	protein2	671.75	18.8	1.81841685
142	protein3	126.25	4.05	1.7786905000000002
142	r2	19.2	0.0	0.0
142	rnapol	0.0	0.0	0.0
143	__protein1_rbs	11.8	0.0	0.0
143	__protein2_rbs	12.2	0.0	0.0
143	__protein3_rbs	2.5	0.0	0.0
143	__ribosome	28.65	0.0	0.0
143	__rnase_site_ext	18.2	0.0	0.0
143	p0	0.9	0.0	0.0
143	p1	0.7	0.0	0.0
143	p2	0.7	0.0	0.0
143	protein1	660.0	17.1	1.7773939
143	protein2	679.4	19.0	1.7747481999999999
143	protein3	127.55	4.05	1.9009523999999998
143	r2	19.2	0.0	0.0
143	rnapol	0.1	0.0	0.0
144	__protein1_rbs	11.65	0.0	0.0
144	__protein2_rbs	11.65	0.0	0.0
144	__protein3_rbs	2.15	0.0	0.0
144	__ribosome	28.5	0.0	0.0
144	__rnase_site_ext	18.35	0.0	0.0
144	p0	0.75	0.0	0.0
144	p1	0.5	0.0	0.0
144	p2	0.7	0.0	0.0
144	protein1	666.65	17.2	1.7296183500000004
144	protein2	686.3	19.1	1.79413525
144	protein3	129.2	3.95	1.9859523500000005
144	r2	19.35	0.0	0.0
144	rnapol	0.05	0.0	0.0
145	__protein1_rbs	10.2	0.0	0.0
145	__protein2_rbs	13.25	0.0	0.0
145	__protein3_rbs	2.95	0.0	0.0
145	__ribosome	28.6	0.0	0.0
145	__rnase_site_ext	18.05	0.0	0.0
145	p0	0.9	0.0	0.0
145	p1	0.55	0.0	0.0
145	p2	0.65	0.0	0.0
145	protein1	672.95	17.3	1.78916155
145	protein2	693.25	19.15	1.7531716
145	protein3	130.55	3.9	1.8825
145	r2	19.35	0.0	0.0
145	rnapol	0.1	0.0	0.0
146	__protein1_rbs	10.9	0.0	0.0
146	__protein2_rbs	11.4	0.0	0.0
146	__protein3_rbs	2.2	0.0	0.0
146	__ribosome	28.0	0.0	0.0
146	__rnase_site_ext	18.35	0.0	0.0
146	p0	0.75	0.0	0.0
146	p1	0.6	0.0	0.0
146	p2	0.65	0.0	0.0
146	protein1	679.65	17.1	1.80970025
146	protein2	700.45	19.25	1.7925229500000004
146	protein3	132.45	3.9	inf
146	r2	19.35	0.0	0.0
146	rnapol	0.15	0.0	0.0
147	__protein1_rbs	10.35	0.0	0.0
147	__protein2_rbs	12.0	0.0	0.0
147	__protein3_rbs	2.8	0.0	0.0
147	__ribosome	27.45	0.0	0.0
147	__rnase_site_ext	18.4	0.0	0.0
147	p0	0.85	0.0	0.0
147	p1	0.55	0.0	0.0
147	p2	0.75	0.0	0.0
147	protein1	685.8	17.2	1.84627115
147	protein2	707.7	19.4	1.80480665
147	protein3	134.45	3.95	inf
147	r2	19.35	0.0	0.0
147	rnapol	0.1	0.0	0.0
148	__protein1_rbs	11.2	0.0	0.0
148	__protein2_rbs	12.7	0.0	0.0
148	__protein3_rbs	2.45	0.0	0.0
148	__ribosome	26.75	0.0	0.0
148	__rnase_site_ext	18.5	0.0	0.0
148	p0	0.85	0.0	0.0
148	p1	0.6	0.0	0.0
148	p2	0.55	0.0	0.0
148	protein1	692.1	17.35	1.8317209
148	protein2	714.65	19.25	1.8349307000000001
148	protein3	135.8	3.9	inf
148	r2	19.45	0.0	0.0
148	rnapol	0.1	0.0	0.0
149	__protein1_rbs	11.15	0.0	0.0
149	__protein2_rbs	13.2	0.0	0.0
149	__protein3_rbs	2.55	0.0	0.0
149	__ribosome	27.85	0.0	0.0
149	__rnase_site_ext	18.4	0.0	0.0
149	p0	0.85	0.0	0.0
149	p1	0.7	0.0	0.0
149	p2	0.5	0.0	0.0
149	protein1	698.75	17.5	1.8259805
149	protein2	722.35	19.4	1.76216285
149	protein3	137.4	3.95	1.68666665
149	r2	19.6	0.0	0.0
149	rnapol	0.1	0.0	0.0
150	__protein1_rbs	11.8	0.0	0.0
150	__protein2_rbs	12.2	0.0	0.0
150	__protein3_rbs	2.15	0.0	0.0
150	__ribosome	26.75	0.0	0.0
150	__rnase_site_ext	18.45	0.0	0.0
150	p0	0.8	0.0	0.0
150	p1	0.7	0.0	0.0
150	p2	0.65	0.0	0.0
150	protein1	705.75	17.45	1.7713881500000004
150	protein2	728.7	19.5	1.84079425
150	protein3	138.8	3.95	1.83297615
150	r2	19.75	0.0	0.0
150	rnapol	0.0	0.0	0.0
151	__protein1_rbs	11.05	0.0	0.0
151	__protein2_rbs	12.5	0.0	0.0
151	__protein3_rbs	2.65	0.0	0.0
151	__ribosome	26.2	0.0	0.0
151	__rnase_site_ext	18.45	0.0	0.0
151	p0	0.85	0.0	0.0
151	p1	0.75	0.0	0.0
151	p2	0.6	0.0	0.0
151	protein1	712.0	17.45	1.8142224999999998
151	protein2	736.0	19.5	1.8375668000000005
151	protein3	140.1	3.9	1.8567857
151	r2	19.95	0.0	0.0
151	rnapol	0.1	0.0	0.0
152	__protein1_rbs	11.4	0.0	0.0
152	__protein2_rbs	12.5	0.0	0.0
152	__protein3_rbs	2.45	0.0	0.0
152	__ribosome	27.35	0.0	0.0
152	__rnase_site_ext	18.55	0.0	0.0
152	p0	0.8	0.0	0.0
152	p1	0.6	0.0	0.0
152	p2	0.55	0.0	0.0
152	protein1	718.35	17.55	1.8085478
152	protein2	744.5	19.45	1.7919674999999995
152	protein3	141.9	3.9	1.8189286
152	r2	20.15	0.0	0.0
152	rnapol	0.15	0.0	0.0
153	__protein1_rbs	11.75	0.0	0.0
153	__protein2_rbs	12.3	0.0	0.0
153	__protein3_rbs	2.25	0.0	0.0
153	__ribosome	26.85	0.0	0.0
153	__rnase_site_ext	18.6	0.0	0.0
153	p0	0.8	0.0	0.0
153	p1	0.75	0.0	0.0
153	p2	0.6	0.0	0.0
153	protein1	725.3	17.55	1.7790713
153	protein2	751.7	19.4	1.8076143
153	protein3	143.15	3.85	2.0709524000000004
153	r2	20.4	0.0	0.0
153	rnapol	0.0	0.0	0.0
154	__protein1_rbs	11.0	0.0	0.0
154	__protein2_rbs	12.1	0.0	0.0
154	__protein3_rbs	2.8	0.0	0.0
154	__ribosome	27.0	0.0	0.0
154	__rnase_site_ext	18.6	0.0	0.0
154	p0	0.75	0.0	0.0
154	p1	0.65	0.0	0.0
154	p2	0.55	0.0	0.0
154	protein1	732.0	17.6	1.7828683499999998
154	protein2	759.05	19.45	1.82349945
154	protein3	145.05	3.9	1.81964285
154	r2	20.55	0.0	0.0
154	rnapol	0.05	0.0	0.0
155	__protein1_rbs	11.25	0.0	0.0
155	__protein2_rbs	12.8	0.0	0.0
155	__protein3_rbs	1.95	0.0	0.0
155	__ribosome	25.9	0.0	0.0
155	__rnase_site_ext	18.35	0.0	0.0
155	p0	0.8	0.0	0.0
155	p1	0.7	0.0	0.0
155	p2	0.6	0.0	0.0
155	protein1	737.9	17.65	1.81559355
155	protein2	766.45	19.55	1.8057044
155	protein3	146.45	3.9	1.95309515
155	r2	20.55	0.0	0.0
155	rnapol	0.0	0.0	0.0
156	__protein1_rbs	11.35	0.0	0.0
156	__protein2_rbs	12.35	0.0	0.0
156	__protein3_rbs	2.45	0.0	0.0
156	__ribosome	26.15	0.0	0.0
156	__rnase_site_ext	18.35	0.0	0.0
156	p0	0.85	0.0	0.0
156	p1	0.75	0.0	0.0
156	p2	0.65	0.0	0.0
156	protein1	744.6	17.5	1.82162535
156	protein2	774.1	19.7	1.7993353499999998
156	protein3	148.0	3.85	1.8930952
156	r2	20.7	0.0	0.0
156	rnapol	0.05	0.0	0.0
157	__protein1_rbs	10.7	0.0	0.0
157	__protein2_rbs	13.65	0.0	0.0
157	__protein3_rbs	2.4	0.0	0.0
157	__ribosome	27.05	0.0	0.0
157	__rnase_site_ext	18.4	0.0	0.0
157	p0	0.8	0.0	0.0
157	p1	0.65	0.0	0.0
157	p2	0.8	0.0	0.0
157	protein1	751.45	17.25	1.8584994
157	protein2	781.3	19.6	1.7649879999999996
157	protein3	149.5	3.85	1.8703572500000003
157	r2	20.65	0.0	0.0
157	rnapol	0.05	0.0	0.0
158	__protein1_rbs	11.05	0.0	0.0
158	__protein2_rbs	12.25	0.0	0.0
158	__protein3_rbs	2.35	0.0	0.0
158	__ribosome	27.4	0.0	0.0
158	__rnase_site_ext	18.4	0.0	0.0
158	p0	0.85	0.0	0.0
158	p1	0.65	0.0	0.0
158	p2	0.7	0.0	0.0
158	protein1	758.6	17.4	1.82021655
158	protein2	788.85	19.7	1.7563519
158	protein3	151.05	3.95	1.8659523
158	r2	20.45	0.0	0.0
158	rnapol	0.05	0.0	0.0
159	__protein1_rbs	11.6	0.0	0.0
159	__protein2_rbs	12.65	0.0	0.0
159	__protein3_rbs	2.15	0.0	0.0
159	__ribosome	26.75	0.0	0.0
159	__rnase_site_ext	18.5	0.0	0.0
159	p0	0.8	0.0	0.0
159	p1	0.55	0.0	0.0
159	p2	0.7	0.0	0.0
159	protein1	765.35	17.45	1.8026390000000003
159	protein2	796.15	19.65	1.7888558000000003
159	protein3	152.5	3.95	1.90309525
159	r2	20.4	0.0	0.0
159	rnapol	0.15	0.0	0.0
160	__protein1_rbs	11.3	0.0	0.0
160	__protein2_rbs	12.95	0.0	0.0
160	__protein3_rbs	2.35	0.0	0.0
160	__ribosome	27.3	0.0	0.0
160	__rnase_site_ext	18.45	0.0	0.0
160	p0	0.9	0.0	0.0
160	p1	0.55	0.0	0.0
160	p2	0.7	0.0	0.0
160	protein1	771.55	17.55	1.7944754000000005
160	protein2	803.85	19.7	1.75247515
160	protein3	154.25	4.0	1.90416665
160	r2	20.4	0.0	0.0
160	rnapol	0.0	0.0	0.0
161	__protein1_rbs	10.95	0.0	0.0
161	__protein2_rbs	12.0	0.0	0.0
161	__protein3_rbs	2.6	0.0	0.0
161	__ribosome	26.05	0.0	0.0
161	__rnase_site_ext	18.4	0.0	0.0
161	p0	0.75	0.0	0.0
161	p1	0.75	0.0	0.0
161	p2	0.6	0.0	0.0
161	protein1	778.5	17.65	1.7917847999999998
161	protein2	810.8	19.9	1.8091757
161	protein3	155.9	4.0	1.8266667
161	r2	20.35	0.0	0.0
161	rnapol	0.1	0.0	0.0
162	__protein1_rbs	11.15	0.0	0.0
162	__protein2_rbs	12.75	0.0	0.0
162	__protein3_rbs	2.3	0.0	0.0
162	__ribosome	26.95	0.0	0.0
162	__rnase_site_ext	18.6	0.0	0.0
162	p0	0.85	0.0	0.0
162	p1	0.65	0.0	0.0
162	p2	0.8	0.0	0.0
162	protein1	785.45	17.55	1.77652575
162	protein2	818.75	19.9	1.7696762
162	protein3	157.4	4.0	1.8994047500000004
162	r2	20.55	0.0	0.0
162	rnapol	0.1	0.0	0.0
163	__protein1_rbs	11.1	0.0	0.0
163	__protein2_rbs	13.65	0.0	0.0
163	__protein3_rbs	2.55	0.0	0.0
163	__ribosome	26.9	0.0	0.0
163	__rnase_site_ext	18.5	0.0	0.0
163	p0	0.95	0.0	0.0
163	p1	0.65	0.0	0.0
163	p2	0.6	0.0	0.0
163	protein1	792.25	17.65	1.7687137000000004
163	protein2	825.75	20.1	1.765936
163	protein3	159.1	3.95	1.8530953
163	r2	20.4	0.0	0.0
163	rnapol	0.0	0.0	0.0
164	__protein1_rbs	11.4	0.0	0.0
164	__protein2_rbs	12.55	0.0	0.0
164	__protein3_rbs	2.7	0.0	0.0
164	__ribosome	26.0	0.0	0.0
164	__rnase_site_ext	18.35	0.0	0.0
164	p0	0.9	0.0	0.0
164	p1	0.6	0.0	0.0
164	p2	0.6	0.0	0.0
164	protein1	798.2	17.65	1.8131776999999998
164	protein2	833.2	20.1	1.8011767500000002
164	protein3	160.75	4.0	1.7013095
164	r2	20.5	0.0	0.0
164	rnapol	0.1	0.0	0.0
165	__protein1_rbs	10.85	0.0	0.0
165	__protein2_rbs	13.15	0.0	0.0
165	__protein3_rbs	2.6	0.0	0.0
165	__ribosome	26.45	0.0	0.0
165	__rnase_site_ext	18.5	0.0	0.0
165	p0	0.75	0.0	0.0
165	p1	0.55	0.0	0.0
165	p2	0.5	0.0	0.0
165	protein1	805.25	17.4	1.8466328999999997
165	protein2	840.95	20.05	1.77942375
165	protein3	162.4	4.05	1.71000005
165	r2	20.6	0.0	0.0
165	rnapol	0.05	0.0	0.0
166	__protein1_rbs	11.7	0.0	0.0
166	__protein2_rbs	13.05	0.0	0.0
166	__protein3_rbs	2.75	0.0	0.0
166	__ribosome	26.05	0.0	0.0
166	__rnase_site_ext	18.6	0.0	0.0
166	p0	0.75	0.0	0.0
166	p1	0.8	0.0	0.0
166	p2	0.55	0.0	0.0
166	protein1	811.45	17.5	1.83793145
166	protein2	848.65	20.15	1.7715842000000002
166	protein3	163.8	4.1	1.74178565
166	r2	20.8	0.0	0.0
166	rnapol	0.1	0.0	0.0
167	__protein1_rbs	12.05	0.0	0.0
167	__protein2_rbs	13.5	0.0	0.0
167	__protein3_rbs	2.6	0.0	0.0
167	__ribosome	26.1	0.0	0.0
167	__rnase_site_ext	18.75	0.0	0.0
167	p0	0.85	0.0	0.0
167	p1	0.65	0.0	0.0
167	p2	0.6	0.0	0.0
167	protein1	818.45	17.6	1.79270505
167	protein2	855.95	20.35	1.76732515
167	protein3	165.35	4.1	1.8619047999999998
167	r2	21.05	0.0	0.0
167	rnapol	0.05	0.0	0.0
168	__protein1_rbs	11.85	0.0	0.0
168	__protein2_rbs	14.05	0.0	0.0
168	__protein3_rbs	2.75	0.0	0.0
168	__ribosome	27.05	0.0	0.0
168	__rnase_site_ext	18.8	0.0	0.0
168	p0	0.8	0.0	0.0
168	p1	0.7	0.0	0.0
168	p2	0.6	0.0	0.0
168	protein1	825.8	17.75	1.7206258
168	protein2	862.95	20.5	1.7750562499999998
168	protein3	166.95	4.1	1.84154765
168	r2	21.0	0.0	0.0
168	rnapol	0.05	0.0	0.0
169	__protein1_rbs	12.45	0.0	0.0
169	__protein2_rbs	13.1	0.0	0.0
169	__protein3_rbs	2.75	0.0	0.0
169	__ribosome	26.6	0.0	0.0
169	__rnase_site_ext	18.9	0.0	0.0
169	p0	0.8	0.0	0.0
169	p1	0.7	0.0	0.0
169	p2	0.75	0.0	0.0
169	protein1	832.0	17.8	1.7052375000000002
169	protein2	871.05	20.4	1.7922799499999995
169	protein3	168.35	4.05	1.9342858000000005
169	r2	20.95	0.0	0.0
169	rnapol	0.1	0.0	0.0
170	__protein1_rbs	11.25	0.0	0.0
170	__protein2_rbs	13.5	0.0	0.0
170	__protein3_rbs	2.9	0.0	0.0
170	__ribosome	26.8	0.0	0.0
170	__rnase_site_ext	18.9	0.0	0.0
170	p0	0.8	0.0	0.0
170	p1	0.75	0.0	0.0
170	p2	0.6	0.0	0.0
170	protein1	838.95	17.85	1.72801335
170	protein2	879.1	20.25	1.78553995
170	protein3	170.1	4.15	1.8561905000000003
170	r2	20.95	0.0	0.0
170	rnapol	0.1	0.0	0.0
171	__protein1_rbs	12.1	0.0	0.0
171	__protein2_rbs	13.6	0.0	0.0
171	__protein3_rbs	2.5	0.0	0.0
171	__ribosome	27.45	0.0	0.0
171	__rnase_site_ext	19.1	0.0	0.0
171	p0	0.7	0.0	0.0
171	p1	0.55	0.0	0.0
171	p2	0.65	0.0	0.0
171	protein1	845.55	17.85	1.6934320000000005
171	protein2	886.25	20.0	1.80160655
171	protein3	171.75	4.15	1.84988095
171	r2	21.05	0.0	0.0
171	rnapol	0.15	0.0	0.0
172	__protein1_rbs	10.45	0.0	0.0
172	__protein2_rbs	12.8	0.0	0.0
172	__protein3_rbs	2.55	0.0	0.0
172	__ribosome	26.05	0.0	0.0
172	__rnase_site_ext	19.3	0.0	0.0
172	p0	0.65	0.0	0.0
172	p1	0.7	0.0	0.0
172	p2	0.5	0.0	0.0
172	protein1	852.25	17.95	1.7450141
172	protein2	894.15	19.9	1.82423405
172	protein3	173.25	4.1	1.9272619
172	r2	21.1	0.0	0.0
172	rnapol	0.0	0.0	0.0
173	__protein1_rbs	12.0	0.0	0.0
173	__protein2_rbs	12.15	0.0	0.0
173	__protein3_rbs	3.1	0.0	0.0
173	__ribosome	25.75	0.0	0.0
173	__rnase_site_ext	19.4	0.0	0.0
173	p0	0.7	0.0	0.0
173	p1	0.6	0.0	0.0
173	p2	0.65	0.0	0.0
173	protein1	858.2	18.15	1.7588882500000005
173	protein2	902.6	19.9	1.7907079499999998
173	protein3	174.5	4.15	1.86333335
173	r2	21.25	0.0	0.0
173	rnapol	0.1	0.0	0.0
174	__protein1_rbs	11.65	0.0	0.0
174	__protein2_rbs	13.5	0.0	0.0
174	__protein3_rbs	2.85	0.0	0.0
174	__ribosome	26.65	0.0	0.0
174	__rnase_site_ext	19.5	0.0	0.0
174	p0	0.95	0.0	0.0
174	p1	0.55	0.0	0.0
174	p2	0.75	0.0	0.0
174	protein1	865.65	18.3	1.7383443499999998
174	protein2	910.1	19.95	1.7677457999999997
174	protein3	175.95	4.15	1.84785715
174	r2	21.35	0.0	0.0
174	rnapol	0.15	0.0	0.0
175	__protein1_rbs	12.4	0.0	0.0
175	__protein2_rbs	12.35	0.0	0.0
175	__protein3_rbs	2.65	0.0	0.0
175	__ribosome	25.2	0.0	0.0
175	__rnase_site_ext	19.65	0.0	0.0
175	p0	0.7	0.0	0.0
175	p1	0.55	0.0	0.0
175	p2	0.7	0.0	0.0
175	protein1	871.55	18.45	1.7606433499999998
175	protein2	917.5	19.9	1.80127885
175	protein3	177.55	4.2	1.7528571
175	r2	21.2	0.0	0.0
175	rnapol	0.05	0.0	0.0
176	__protein1_rbs	12.5	0.0	0.0
176	__protein2_rbs	13.15	0.0	0.0
176	__protein3_rbs	2.9	0.0	0.0
176	__ribosome	26.1	0.0	0.0
176	__rnase_site_ext	19.55	0.0	0.0
176	p0	0.9	0.0	0.0
176	p1	0.6	0.0	0.0
176	p2	0.75	0.0	0.0
176	protein1	878.45	18.6	1.7333515499999996
176	protein2	925.2	20.2	1.7581226500000002
176	protein3	179.55	4.2	1.5735713999999998
176	r2	21.25	0.0	0.0
176	rnapol	0.0	0.0	0.0
177	__protein1_rbs	12.65	0.0	0.0
177	__protein2_rbs	12.8	0.0	0.0
177	__protein3_rbs	2.75	0.0	0.0
177	__ribosome	26.0	0.0	0.0
177	__rnase_site_ext	19.55	0.0	0.0
177	p0	0.9	0.0	0.0
177	p1	0.5	0.0	0.0
177	p2	0.75	0.0	0.0
177	protein1	885.3	18.45	1.7377702499999998
177	protein2	932.8	20.25	1.7600196
177	protein3	180.85	4.2	inf
177	r2	21.15	0.0	0.0
177	rnapol	0.05	0.0	0.0
178	__protein1_rbs	12.3	0.0	0.0
178	__protein2_rbs	13.0	0.0	0.0
178	__protein3_rbs	2.8	0.0	0.0
178	__ribosome	26.25	0.0	0.0
178	__rnase_site_ext	19.25	0.0	0.0
178	p0	0.8	0.0	0.0
178	p1	0.6	0.0	0.0
178	p2	0.6	0.0	0.0
178	protein1	892.75	18.45	1.7053055499999998
178	protein2	940.3	20.1	1.7941361500000004
178	protein3	182.45	4.25	inf
178	r2	21.15	0.0	0.0
178	rnapol	0.05	0.0	0.0
179	__protein1_rbs	12.15	0.0	0.0
179	__protein2_rbs	13.55	0.0	0.0
179	__protein3_rbs	2.7	0.0	0.0
179	__ribosome	26.95	0.0	0.0
179	__rnase_site_ext	19.35	0.0	0.0
179	p0	0.95	0.0	0.0
179	p1	0.6	0.0	0.0
179	p2	0.65	0.0	0.0
179	protein1	899.8	18.15	1.7437546000000002
179	protein2	948.5	20.05	1.7408533499999996
179	protein3	184.3	4.25	1.6325595
179	r2	21.4	0.0	0.0
179	rnapol	0.05	0.0	0.0
180	__protein1_rbs	13.0	0.0	0.0
180	__protein2_rbs	12.1	0.0	0.0
180	__protein3_rbs	2.85	0.0	0.0
180	__ribosome	26.0	0.0	0.0
180	__rnase_site_ext	19.45	0.0	0.0
180	p0	0.85	0.0	0.0
180	p1	0.7	0.0	0.0
180	p2	0.6	0.0	0.0
180	protein1	906.5	18.35	1.6707825
180	protein2	956.0	20.4	1.7734683999999998
180	protein3	185.55	4.3	1.7622618500000002
180	r2	21.45	0.0	0.0
180	rnapol	0.2	0.0	0.0
181	__protein1_rbs	11.95	0.0	0.0
181	__protein2_rbs	13.8	0.0	0.0
181	__protein3_rbs	2.65	0.0	0.0
181	__ribosome	25.7	0.0	0.0
181	__rnase_site_ext	19.7	0.0	0.0
181	p0	0.7	0.0	0.0
181	p1	0.6	0.0	0.0
181	p2	0.7	0.0	0.0
181	protein1	913.45	18.35	1.6910774999999998
181	protein2	963.5	20.5	1.74767785
181	protein3	186.95	4.3	1.9755357
181	r2	21.2	0.0	0.0
181	rnapol	0.0	0.0	0.0
182	__protein1_rbs	11.9	0.0	0.0
182	__protein2_rbs	13.45	0.0	0.0
182	__protein3_rbs	2.8	0.0	0.0
182	__ribosome	26.5	0.0	0.0
182	__rnase_site_ext	19.45	0.0	0.0
182	p0	0.95	0.0	0.0
182	p1	0.7	0.0	0.0
182	p2	0.65	0.0	0.0
182	protein1	920.2	18.55	1.675634
182	protein2	971.75	20.7	1.7011537
182	protein3	188.7	4.3	1.9072023
182	r2	21.05	0.0	0.0
182	rnapol	0.15	0.0	0.0
183	__protein1_rbs	11.8	0.0	0.0
183	__protein2_rbs	13.3	0.0	0.0
183	__protein3_rbs	2.85	0.0	0.0
183	__ribosome	25.45	0.0	0.0
183	__rnase_site_ext	19.5	0.0	0.0
183	p0	0.9	0.0	0.0
183	p1	0.8	0.0	0.0
183	p2	0.6	0.0	0.0
183	protein1	927.35	18.35	1.71139985
183	protein2	979.35	20.75	1.7522403500000003
183	protein3	190.4	4.3	1.7377381
183	r2	21.1	0.0	0.0
183	rnapol	0.1	0.0	0.0
184	__protein1_rbs	12.65	0.0	0.0
184	__protein2_rbs	13.8	0.0	0.0
184	__protein3_rbs	2.75	0.0	0.0
184	__ribosome	24.75	0.0	0.0
184	__rnase_site_ext	19.45	0.0	0.0
184	p0	0.9	0.0	0.0
184	p1	0.7	0.0	0.0
184	p2	0.45	0.0	0.0
184	protein1	933.25	18.4	1.7415149000000008
184	protein2	986.75	20.75	1.765795
184	protein3	192.5	4.35	1.6470832999999998
184	r2	21.15	0.0	0.0
184	rnapol	0.05	0.0	0.0
185	__protein1_rbs	11.4	0.0	0.0
185	__protein2_rbs	14.1	0.0	0.0
185	__protein3_rbs	3.0	0.0	0.0
185	__ribosome	25.2	0.0	0.0
185	__rnase_site_ext	19.45	0.0	0.0
185	p0	0.8	0.0	0.0
185	p1	0.8	0.0	0.0
185	p2	0.6	0.0	0.0
185	protein1	940.4	18.4	1.7542908499999996
185	protein2	994.95	20.8	1.7378536000000004
185	protein3	194.0	4.4	1.5930357
185	r2	21.35	0.0	0.0
185	rnapol	0.15	0.0	0.0
186	__protein1_rbs	12.95	0.0	0.0
186	__protein2_rbs	13.55	0.0	0.0
186	__protein3_rbs	3.2	0.0	0.0
186	__ribosome	25.95	0.0	0.0
186	__rnase_site_ext	19.85	0.0	0.0
186	p0	0.65	0.0	0.0
186	p1	0.6	0.0	0.0
186	p2	0.6	0.0	0.0
186	protein1	946.95	18.35	1.7243088000000004
186	protein2	1002.55	20.7	1.7702082999999995
186	protein3	195.85	4.35	1.45392855
186	r2	21.55	0.0	0.0
186	rnapol	0.0	0.0	0.0
187	__protein1_rbs	12.7	0.0	0.0
187	__protein2_rbs	13.95	0.0	0.0
187	__protein3_rbs	2.65	0.0	0.0
187	__ribosome	27.25	0.0	0.0
187	__rnase_site_ext	19.8	0.0	0.0
187	p0	0.8	0.0	0.0
187	p1	0.6	0.0	0.0
187	p2	0.75	0.0	0.0
187	protein1	954.45	18.6	1.64738885
187	protein2	1010.65	20.65	1.7206131000000002
187	protein3	197.1	4.35	1.56761905
187	r2	21.6	0.0	0.0
187	rnapol	0.0	0.0	0.0
188	__protein1_rbs	11.85	0.0	0.0
188	__protein2_rbs	13.85	0.0	0.0
188	__protein3_rbs	2.6	0.0	0.0
188	__ribosome	26.65	0.0	0.0
188	__rnase_site_ext	19.75	0.0	0.0
188	p0	0.8	0.0	0.0
188	p1	0.65	0.0	0.0
188	p2	0.6	0.0	0.0
188	protein1	961.2	18.75	1.6663361999999995
188	protein2	1018.65	20.8	1.7008035500000005
188	protein3	198.8	4.4	1.58916665
188	r2	21.65	0.0	0.0
188	rnapol	0.05	0.0	0.0
189	__protein1_rbs	11.95	0.0	0.0
189	__protein2_rbs	12.55	0.0	0.0
189	__protein3_rbs	2.7	0.0	0.0
189	__ribosome	25.35	0.0	0.0
189	__rnase_site_ext	19.85	0.0	0.0
189	p0	0.75	0.0	0.0
189	p1	0.75	0.0	0.0
189	p2	0.6	0.0	0.0
189	protein1	968.6	18.6	1.6800959999999996
189	protein2	1026.95	20.9	1.7383294999999999
189	protein3	200.25	4.4	1.7077183000000002
189	r2	21.5	0.0	0.0
189	rnapol	0.0	0.0	0.0
190	__protein1_rbs	12.2	0.0	0.0
190	__protein2_rbs	14.3	0.0	0.0
190	__protein3_rbs	2.95	0.0	0.0
190	__ribosome	25.25	0.0	0.0
190	__rnase_site_ext	19.95	0.0	0.0
190	p0	0.8	0.0	0.0
190	p1	0.75	0.0	0.0
190	p2	0.7	0.0	0.0
190	protein1	975.25	18.7	1.7059577
190	protein2	1034.7	20.95	1.6982968999999997
190	protein3	201.8	4.4	1.773254
190	r2	21.65	0.0	0.0
190	rnapol	0.2	0.0	0.0
191	__protein1_rbs	13.1	0.0	0.0
191	__protein2_rbs	13.9	0.0	0.0
191	__protein3_rbs	2.9	0.0	0.0
191	__ribosome	25.0	0.0	0.0
191	__rnase_site_ext	20.15	0.0	0.0
191	p0	0.8	0.0	0.0
191	p1	0.7	0.0	0.0
191	p2	0.8	0.0	0.0
191	protein1	981.85	18.9	1.6773805
191	protein2	1042.0	21.0	1.7368879499999998
191	protein3	203.4	4.45	1.69291665
191	r2	21.7	0.0	0.0
191	rnapol	0.05	0.0	0.0
192	__protein1_rbs	12.95	0.0	0.0
192	__protein2_rbs	12.9	0.0	0.0
192	__protein3_rbs	3.1	0.0	0.0
192	__ribosome	24.55	0.0	0.0
192	__rnase_site_ext	20.15	0.0	0.0
192	p0	0.85	0.0	0.0
192	p1	0.55	0.0	0.0
192	p2	0.55	0.0	0.0
192	protein1	988.35	19.05	1.68684785
192	protein2	1050.1	20.8	1.7769476999999996
192	protein3	205.1	4.5	1.6677182499999996
192	r2	21.6	0.0	0.0
192	rnapol	0.05	0.0	0.0
193	__protein1_rbs	11.95	0.0	0.0
193	__protein2_rbs	13.7	0.0	0.0
193	__protein3_rbs	2.85	0.0	0.0
193	__ribosome	25.25	0.0	0.0
193	__rnase_site_ext	20.15	0.0	0.0
193	p0	0.85	0.0	0.0
193	p1	0.6	0.0	0.0
193	p2	0.6	0.0	0.0
193	protein1	995.7	19.0	1.69522725
193	protein2	1058.5	20.85	1.7582901000000002
193	protein3	207.25	4.5	1.5660119
193	r2	21.7	0.0	0.0
193	rnapol	0.0	0.0	0.0
194	__protein1_rbs	13.15	0.0	0.0
194	__protein2_rbs	13.9	0.0	0.0
194	__protein3_rbs	2.7	0.0	0.0
194	__ribosome	25.0	0.0	0.0
194	__rnase_site_ext	20.05	0.0	0.0
194	p0	0.75	0.0	0.0
194	p1	0.75	0.0	0.0
194	p2	0.7	0.0	0.0
194	protein1	1002.7	18.9	1.68588755
194	protein2	1066.5	21.05	1.7383895499999995
194	protein3	208.6	4.45	1.6523214000000004
194	r2	21.7	0.0	0.0
194	rnapol	0.05	0.0	0.0
195	__protein1_rbs	12.6	0.0	0.0
195	__protein2_rbs	14.45	0.0	0.0
195	__protein3_rbs	2.45	0.0	0.0
195	__ribosome	24.8	0.0	0.0
195	__rnase_site_ext	20.2	0.0	0.0
195	p0	0.85	0.0	0.0
195	p1	0.65	0.0	0.0
195	p2	0.6	0.0	0.0
195	protein1	1009.6	19.05	1.6685478
195	protein2	1074.45	21.15	1.7167947999999995
195	protein3	210.1	4.4	1.84255955
195	r2	21.7	0.0	0.0
195	rnapol	0.1	0.0	0.0
196	__protein1_rbs	12.5	0.0	0.0
196	__protein2_rbs	14.9	0.0	0.0
196	__protein3_rbs	3.4	0.0	0.0
196	__ribosome	25.15	0.0	0.0
196	__rnase_site_ext	20.2	0.0	0.0
196	p0	0.8	0.0	0.0
196	p1	0.55	0.0	0.0
196	p2	0.7	0.0	0.0
196	protein1	1016.7	19.05	1.70134805
196	protein2	1082.6	21.3	1.6454125000000002
196	protein3	211.2	4.45	1.84839285
196	r2	21.8	0.0	0.0
196	rnapol	0.05	0.0	0.0
197	__protein1_rbs	12.9	0.0	0.0
197	__protein2_rbs	14.35	0.0	0.0
197	__protein3_rbs	2.65	0.0	0.0
197	__ribosome	25.45	0.0	0.0
197	__rnase_site_ext	20.25	0.0	0.0
197	p0	0.85	0.0	0.0
197	p1	0.65	0.0	0.0
197	p2	0.65	0.0	0.0
197	protein1	1023.9	19.0	1.70483975
197	protein2	1090.7	21.45	1.6338631500000005
197	protein3	213.4	4.45	1.7838096000000003
197	r2	21.85	0.0	0.0
197	rnapol	0.1	0.0	0.0
198	__protein1_rbs	12.15	0.0	0.0
198	__protein2_rbs	13.8	0.0	0.0
198	__protein3_rbs	2.7	0.0	0.0
198	__ribosome	23.8	0.0	0.0
198	__rnase_site_ext	20.2	0.0	0.0
198	p0	0.9	0.0	0.0
198	p1	0.75	0.0	0.0
198	p2	0.6	0.0	0.0
198	protein1	1031.25	19.05	1.7279458
198	protein2	1098.35	21.3	1.6838578000000002
198	protein3	215.05	4.4	1.80851195
198	r2	21.95	0.0	0.0
198	rnapol	0.15	0.0	0.0
199	__protein1_rbs	14.7	0.0	0.0
199	__protein2_rbs	14.45	0.0	0.0
199	__protein3_rbs	3.05	0.0	0.0
199	__ribosome	26.1	0.0	0.0
199	__rnase_site_ext	20.25	0.0	0.0
199	p0	0.75	0.0	0.0
199	p1	0.65	0.0	0.0
199	p2	0.5	0.0	0.0
199	protein1	1037.7	19.1	1.6456653000000003
199	protein2	1106.45	21.3	1.66929375
199	protein3	216.85	4.3	1.66011905
199	r2	22.05	0.0	0.0
199	rnapol	0.0	0.0	0.0
200	__protein1_rbs	12.8	0.0	0.0
200	__protein2_rbs	14.3	0.0	0.0
200	__protein3_rbs	3.0	0.0	0.0
200	__ribosome	25.2	0.0	0.0
200	__rnase_site_ext	20.25	0.0	0.0
200	p0	0.65	0.0	0.0
200	p1	0.65	0.0	0.0
200	p2	0.6	0.0	0.0
200	protein1	1045.2	19.1	1.6603381499999998
200	protein2	1114.1	21.55	1.7019758499999995
200	protein3	218.85	4.25	inf
200	r2	22.25	0.0	0.0
200	rnapol	0.1	0.0	0.0
201	__protein1_rbs	12.65	0.0	0.0
201	__protein2_rbs	14.65	0.0	0.0
201	__protein3_rbs	2.25	0.0	0.0
201	__ribosome	25.0	0.0	0.0
201	__rnase_site_ext	20.5	0.0	0.0
201	p0	0.75	0.0	0.0
201	p1	0.6	0.0	0.0
201	p2	0.7	0.0	0.0
201	protein1	1052.45	19.05	1.6585072999999997
201	protein2	1121.7	21.5	1.7103680500000005
201	protein3	220.7	4.3	inf
201	r2	22.25	0.0	0.0
201	rnapol	0.15	0.0	0.0
202	__protein1_rbs	12.1	0.0	0.0
202	__protein2_rbs	14.45	0.0	0.0
202	__protein3_rbs	2.7	0.0	0.0
202	__ribosome	24.55	0.0	0.0
202	__rnase_site_ext	20.35	0.0	0.0
202	p0	0.85	0.0	0.0
202	p1	0.55	0.0	0.0
202	p2	0.75	0.0	0.0
202	protein1	1059.8	19.15	1.6746539999999996
202	protein2	1130.2	21.45	1.6960809999999995
202	protein3	222.0	4.25	inf
202	r2	22.2	0.0	0.0
202	rnapol	0.0	0.0	0.0
203	__protein1_rbs	13.0	0.0	0.0
203	__protein2_rbs	14.25	0.0	0.0
203	__protein3_rbs	3.0	0.0	0.0
203	__ribosome	24.0	0.0	0.0
203	__rnase_site_ext	20.35	0.0	0.0
203	p0	0.9	0.0	0.0
203	p1	0.75	0.0	0.0
203	p2	0.5	0.0	0.0
203	protein1	1066.25	19.15	1.7041497500000002
203	protein2	1138.0	21.4	1.6983276999999999
203	protein3	223.75	4.25	1.8982738
203	r2	22.15	0.0	0.0
203	rnapol	0.0	0.0	0.0
204	__protein1_rbs	13.35	0.0	0.0
204	__protein2_rbs	14.05	0.0	0.0
204	__protein3_rbs	2.85	0.0	0.0
204	__ribosome	24.55	0.0	0.0
204	__rnase_site_ext	20.3	0.0	0.0
204	p0	1.0	0.0	0.0
204	p1	0.65	0.0	0.0
204	p2	0.6	0.0	0.0
204	protein1	1073.5	19.25	1.696724
204	protein2	1145.9	21.55	1.6875528999999998
204	protein3	225.7	4.3	1.7529762000000002
204	r2	22.35	0.0	0.0
204	rnapol	0.15	0.0	0.0
205	__protein1_rbs	12.75	0.0	0.0
205	__protein2_rbs	14.1	0.0	0.0
205	__protein3_rbs	3.35	0.0	0.0
205	__ribosome	24.9	0.0	0.0
205	__rnase_site_ext	20.35	0.0	0.0
205	p0	0.7	0.0	0.0
205	p1	0.8	0.0	0.0
205	p2	0.75	0.0	0.0
205	protein1	1080.65	19.2	1.7033604500000004
205	protein2	1154.2	21.75	1.67323375
205	protein3	227.45	4.25	1.65011905
205	r2	22.45	0.0	0.0
205	rnapol	0.0	0.0	0.0
206	__protein1_rbs	12.85	0.0	0.0
206	__protein2_rbs	14.65	0.0	0.0
206	__protein3_rbs	2.7	0.0	0.0
206	__ribosome	25.4	0.0	0.0
206	__rnase_site_ext	20.5	0.0	0.0
206	p0	0.8	0.0	0.0
206	p1	0.55	0.0	0.0
206	p2	0.7	0.0	0.0
206	protein1	1087.55	19.15	1.7360100000000005
206	protein2	1162.8	21.9	1.6282128999999994
206	protein3	229.5	4.25	1.6235714500000005
206	r2	22.25	0.0	0.0
206	rnapol	0.05	0.0	0.0
207	__protein1_rbs	12.6	0.0	0.0
207	__protein2_rbs	14.3	0.0	0.0
207	__protein3_rbs	3.1	0.0	0.0
207	__ribosome	25.65	0.0	0.0
207	__rnase_site_ext	20.45	0.0	0.0
207	p0	0.7	0.0	0.0
207	p1	0.7	0.0	0.0
207	p2	0.65	0.0	0.0
207	protein1	1095.45	19.3	1.69073555
207	protein2	1170.8	21.75	1.6750324
207	protein3	230.9	4.25	1.6378967999999996
207	r2	22.35	0.0	0.0
207	rnapol	0.0	0.0	0.0
208	__protein1_rbs	12.35	0.0	0.0
208	__protein2_rbs	14.1	0.0	0.0
208	__protein3_rbs	2.5	0.0	0.0
208	__ribosome	23.0	0.0	0.0
208	__rnase_site_ext	20.45	0.0	0.0
208	p0	0.75	0.0	0.0
208	p1	0.6	0.0	0.0
208	p2	0.7	0.0	0.0
208	protein1	1102.55	19.25	1.71791355
208	protein2	1178.2	21.75	1.7320243999999998
208	protein3	232.35	4.35	1.58670635
208	r2	22.25	0.0	0.0
208	rnapol	0.05	0.0	0.0
209	__protein1_rbs	12.55	0.0	0.0
209	__protein2_rbs	15.45	0.0	0.0
209	__protein3_rbs	3.2	0.0	0.0
209	__ribosome	23.1	0.0	0.0
209	__rnase_site_ext	20.45	0.0	0.0
209	p0	0.8	0.0	0.0
209	p1	0.9	0.0	0.0
209	p2	0.55	0.0	0.0
209	protein1	1109.25	19.25	1.7660358500000002
209	protein2	1187.0	22.05	1.6649630999999996
209	protein3	233.5	4.3	1.5347618500000002
209	r2	22.45	0.0	0.0
209	rnapol	0.05	0.0	0.0
210	__protein1_rbs	13.1	0.0	0.0
210	__protein2_rbs	15.1	0.0	0.0
210	__protein3_rbs	2.95	0.0	0.0
210	__ribosome	22.2	0.0	0.0
210	__rnase_site_ext	20.5	0.0	0.0
210	p0	0.85	0.0	0.0
210	p1	0.8	0.0	0.0
210	p2	0.4	0.0	0.0
210	protein1	1116.6	19.45	1.7543232999999998
210	protein2	1194.0	22.05	1.6982355499999997
210	protein3	235.1	4.3	1.59964285
210	r2	22.6	0.0	0.0
210	rnapol	0.05	0.0	0.0
211	__protein1_rbs	12.65	0.0	0.0
211	__protein2_rbs	15.55	0.0	0.0
211	__protein3_rbs	2.95	0.0	0.0
211	__ribosome	24.0	0.0	0.0
211	__rnase_site_ext	20.55	0.0	0.0
211	p0	0.55	0.0	0.0
211	p1	0.6	0.0	0.0
211	p2	0.6	0.0	0.0
211	protein1	1124.6	19.35	1.743626
211	protein2	1203.2	22.1	1.62943
211	protein3	236.6	4.25	1.61910715
211	r2	22.8	0.0	0.0
211	rnapol	0.0	0.0	0.0
212	__protein1_rbs	12.85	0.0	0.0
212	__protein2_rbs	14.7	0.0	0.0
212	__protein3_rbs	3.05	0.0	0.0
212	__ribosome	26.1	0.0	0.0
212	__rnase_site_ext	20.75	0.0	0.0
212	p0	0.8	0.0	0.0
212	p1	0.6	0.0	0.0
212	p2	0.75	0.0	0.0
212	protein1	1132.9	19.4	1.6849326999999998
212	protein2	1211.85	22.05	1.61152945
212	protein3	238.4	4.2	1.5309921000000002
212	r2	22.75	0.0	0.0
212	rnapol	0.0	0.0	0.0
213	__protein1_rbs	13.65	0.0	0.0
213	__protein2_rbs	13.4	0.0	0.0
213	__protein3_rbs	2.5	0.0	0.0
213	__ribosome	23.75	0.0	0.0
213	__rnase_site_ext	20.9	0.0	0.0
213	p0	0.75	0.0	0.0
213	p1	0.65	0.0	0.0
213	p2	0.7	0.0	0.0
213	protein1	1139.4	19.65	1.6725150000000002
213	protein2	1219.35	21.85	1.7090741000000003
213	protein3	240.05	4.2	inf
213	r2	22.65	0.0	0.0
213	rnapol	0.0	0.0	0.0
214	__protein1_rbs	13.9	0.0	0.0
214	__protein2_rbs	14.8	0.0	0.0
214	__protein3_rbs	2.9	0.0	0.0
214	__ribosome	25.75	0.0	0.0
214	__rnase_site_ext	20.95	0.0	0.0
214	p0	0.85	0.0	0.0
214	p1	0.6	0.0	0.0
214	p2	0.55	0.0	0.0
214	protein1	1147.45	19.8	1.5859858499999997
214	protein2	1227.8	22.05	1.67203005
214	protein3	241.6	4.3	inf
214	r2	22.6	0.0	0.0
214	rnapol	0.05	0.0	0.0
215	__protein1_rbs	12.4	0.0	0.0
215	__protein2_rbs	14.55	0.0	0.0
215	__protein3_rbs	2.7	0.0	0.0
215	__ribosome	24.3	0.0	0.0
215	__rnase_site_ext	20.9	0.0	0.0
215	p0	0.75	0.0	0.0
215	p1	0.7	0.0	0.0
215	p2	0.65	0.0	0.0
215	protein1	1155.45	19.65	1.61774115
215	protein2	1235.15	22.05	1.7215227499999997
215	protein3	243.2	4.4	1.6129762
215	r2	22.9	0.0	0.0
215	rnapol	0.1	0.0	0.0
216	__protein1_rbs	13.35	0.0	0.0
216	__protein2_rbs	14.7	0.0	0.0
216	__protein3_rbs	2.75	0.0	0.0
216	__ribosome	23.15	0.0	0.0
216	__rnase_site_ext	20.85	0.0	0.0
216	p0	0.85	0.0	0.0
216	p1	0.55	0.0	0.0
216	p2	0.8	0.0	0.0
216	protein1	1162.55	19.7	1.61888125
216	protein2	1243.25	22.05	1.7363801999999997
216	protein3	244.3	4.4	1.7461508
216	r2	22.95	0.0	0.0
216	rnapol	0.05	0.0	0.0
217	__protein1_rbs	13.35	0.0	0.0
217	__protein2_rbs	15.3	0.0	0.0
217	__protein3_rbs	2.85	0.0	0.0
217	__ribosome	23.85	0.0	0.0
217	__rnase_site_ext	20.95	0.0	0.0
217	p0	0.9	0.0	0.0
217	p1	0.45	0.0	0.0
217	p2	0.75	0.0	0.0
217	protein1	1169.3	19.7	1.6437047999999999
217	protein2	1252.35	22.05	1.6819846000000005
217	protein3	245.75	4.4	1.7334920500000002
217	r2	22.95	0.0	0.0
217	rnapol	0.05	0.0	0.0
218	__protein1_rbs	13.1	0.0	0.0
218	__protein2_rbs	14.75	0.0	0.0
218	__protein3_rbs	2.8	0.0	0.0
218	__ribosome	22.8	0.0	0.0
218	__rnase_site_ext	20.8	0.0	0.0
218	p0	0.8	0.0	0.0
218	p1	0.55	0.0	0.0
218	p2	0.6	0.0	0.0
218	protein1	1176.0	19.85	1.6826787500000002
218	protein2	1261.0	22.05	1.67646175
218	protein3	247.55	4.5	1.6949802000000005
218	r2	22.95	0.0	0.0
218	rnapol	0.0	0.0	0.0
219	__protein1_rbs	13.35	0.0	0.0
219	__protein2_rbs	14.75	0.0	0.0
219	__protein3_rbs	3.1	0.0	0.0
219	__ribosome	23.25	0.0	0.0
219	__rnase_site_ext	20.75	0.0	0.0
219	p0	0.7	0.0	0.0
219	p1	0.65	0.0	0.0
219	p2	0.75	0.0	0.0
219	protein1	1183.9	19.6	1.6719759999999997
219	protein2	1269.05	22.1	1.68578355
219	protein3	249.1	4.5	1.6030951999999998
219	r2	23.05	0.0	0.0
219	rnapol	0.0	0.0	0.0
220	__protein1_rbs	13.45	0.0	0.0
220	__protein2_rbs	15.0	0.0	0.0
220	__protein3_rbs	3.15	0.0	0.0
220	__ribosome	24.7	0.0	0.0
220	__rnase_site_ext	20.9	0.0	0.0
220	p0	0.8	0.0	0.0
220	p1	0.7	0.0	0.0
220	p2	0.65	0.0	0.0
220	protein1	1191.7	19.5	1.6594150000000003
220	protein2	1277.6	22.25	1.6475611999999995
220	protein3	251.0	4.5	1.4219643
220	r2	23.15	0.0	0.0
220	rnapol	0.05	0.0	0.0
221	__protein1_rbs	13.3	0.0	0.0
221	__protein2_rbs	14.4	0.0	0.0
221	__protein3_rbs	2.8	0.0	0.0
221	__ribosome	24.15	0.0	0.0
221	__rnase_site_ext	21.0	0.0	0.0
221	p0	0.85	0.0	0.0
221	p1	0.6	0.0	0.0
221	p2	0.6	0.0	0.0
221	protein1	1198.8	19.8	1.64648745
221	protein2	1286.15	22.4	1.65115325
221	protein3	252.95	4.55	1.4793451999999998
221	r2	23.1	0.0	0.0
221	rnapol	0.05	0.0	0.0
222	__protein1_rbs	12.85	0.0	0.0
222	__protein2_rbs	15.55	0.0	0.0
222	__protein3_rbs	3.35	0.0	0.0
222	__ribosome	23.9	0.0	0.0
222	__rnase_site_ext	20.9	0.0	0.0
222	p0	0.9	0.0	0.0
222	p1	0.7	0.0	0.0
222	p2	0.7	0.0	0.0
222	protein1	1205.8	19.75	1.6878497
222	protein2	1294.05	22.35	1.6519401000000002
222	protein3	254.55	4.6	1.3893452
222	r2	23.2	0.0	0.0
222	rnapol	0.1	0.0	0.0
223	__protein1_rbs	12.7	0.0	0.0
223	__protein2_rbs	14.9	0.0	0.0
223	__protein3_rbs	3.15	0.0	0.0
223	__ribosome	23.35	0.0	0.0
223	__rnase_site_ext	20.45	0.0	0.0
223	p0	0.9	0.0	0.0
223	p1	0.8	0.0	0.0
223	p2	0.7	0.0	0.0
223	protein1	1213.55	19.85	1.6741771
223	protein2	1302.05	22.2	1.68616245
223	protein3	256.35	4.75	1.41321425
223	r2	23.25	0.0	0.0
223	rnapol	0.05	0.0	0.0
224	__protein1_rbs	13.0	0.0	0.0
224	__protein2_rbs	15.0	0.0	0.0
224	__protein3_rbs	3.25	0.0	0.0
224	__ribosome	23.45	0.0	0.0
224	__rnase_site_ext	20.45	0.0	0.0
224	p0	0.85	0.0	0.0
224	p1	0.75	0.0	0.0
224	p2	0.55	0.0	0.0
224	protein1	1220.95	19.5	1.7076983000000001
224	protein2	1310.8	22.25	1.66902705
224	protein3	257.6	4.75	1.5483927999999998
224	r2	23.2	0.0	0.0
224	rnapol	0.1	0.0	0.0
225	__protein1_rbs	12.95	0.0	0.0
225	__protein2_rbs	15.45	0.0	0.0
225	__protein3_rbs	3.05	0.0	0.0
225	__ribosome	23.5	0.0	0.0
225	__rnase_site_ext	20.4	0.0	0.0
225	p0	0.85	0.0	0.0
225	p1	0.55	0.0	0.0
225	p2	0.6	0.0	0.0
225	protein1	1227.9	19.35	1.7282525999999998
225	protein2	1319.35	22.25	1.6440570500000002
225	protein3	259.25	4.75	1.589881
225	r2	23.3	0.0	0.0
225	rnapol	0.1	0.0	0.0
226	__protein1_rbs	12.9	0.0	0.0
226	__protein2_rbs	14.25	0.0	0.0
226	__protein3_rbs	3.3	0.0	0.0
226	__ribosome	22.55	0.0	0.0
226	__rnase_site_ext	20.55	0.0	0.0
226	p0	0.65	0.0	0.0
226	p1	0.7	0.0	0.0
226	p2	0.65	0.0	0.0
226	protein1	1235.0	19.45	1.7276313
226	protein2	1327.8	22.2	1.6645331000000003
226	protein3	260.7	4.85	1.56198405
226	r2	23.15	0.0	0.0
226	rnapol	0.05	0.0	0.0
227	__protein1_rbs	13.05	0.0	0.0
227	__protein2_rbs	14.85	0.0	0.0
227	__protein3_rbs	3.35	0.0	0.0
227	__ribosome	23.5	0.0	0.0
227	__rnase_site_ext	20.35	0.0	0.0
227	p0	0.95	0.0	0.0
227	p1	0.65	0.0	0.0
227	p2	0.6	0.0	0.0
227	protein1	1243.0	19.45	1.6873803000000005
227	protein2	1336.1	22.1	1.66095485
227	protein3	262.25	4.8	1.60444445
227	r2	23.2	0.0	0.0
227	rnapol	0.05	0.0	0.0
228	__protein1_rbs	13.55	0.0	0.0
228	__protein2_rbs	15.25	0.0	0.0
228	__protein3_rbs	2.75	0.0	0.0
228	__ribosome	24.75	0.0	0.0
228	__rnase_site_ext	20.5	0.0	0.0
228	p0	0.7	0.0	0.0
228	p1	0.8	0.0	0.0
228	p2	0.55	0.0	0.0
228	protein1	1251.0	19.5	1.59525805
228	protein2	1344.75	22.35	1.6295933000000002
228	protein3	264.05	4.8	1.67257935
228	r2	23.2	0.0	0.0
228	rnapol	0.1	0.0	0.0
229	__protein1_rbs	13.5	0.0	0.0
229	__protein2_rbs	15.1	0.0	0.0
229	__protein3_rbs	3.7	0.0	0.0
229	__ribosome	24.6	0.0	0.0
229	__rnase_site_ext	20.45	0.0	0.0
229	p0	0.7	0.0	0.0
229	p1	0.75	0.0	0.0
229	p2	0.65	0.0	0.0
229	protein1	1258.65	19.35	1.58613165
229	protein2	1352.35	22.4	1.6736113000000001
229	protein3	265.95	4.85	1.5310516
229	r2	23.5	0.0	0.0
229	rnapol	0.1	0.0	0.0
230	__protein1_rbs	12.6	0.0	0.0
230	__protein2_rbs	15.45	0.0	0.0
230	__protein3_rbs	3.1	0.0	0.0
230	__ribosome	23.95	0.0	0.0
230	__rnase_site_ext	20.65	0.0	0.0
230	p0	0.75	0.0	0.0
230	p1	0.65	0.0	0.0
230	p2	0.8	0.0	0.0
230	protein1	1265.35	19.55	1.64068215
230	protein2	1361.25	22.4	1.6259175
230	protein3	267.75	4.9	1.6665476
230	r2	23.7	0.0	0.0
230	rnapol	0.05	0.0	0.0
231	__protein1_rbs	13.0	0.0	0.0
231	__protein2_rbs	14.6	0.0	0.0
231	__protein3_rbs	3.4	0.0	0.0
231	__ribosome	22.8	0.0	0.0
231	__rnase_site_ext	20.85	0.0	0.0
231	p0	0.85	0.0	0.0
231	p1	0.65	0.0	0.0
231	p2	0.6	0.0	0.0
231	protein1	1272.85	19.65	1.6283126
231	protein2	1369.35	22.35	1.68970835
231	protein3	269.5	4.9	1.63105525
231	r2	23.45	0.0	0.0
231	rnapol	0.0	0.0	0.0
232	__protein1_rbs	13.45	0.0	0.0
232	__protein2_rbs	14.25	0.0	0.0
232	__protein3_rbs	3.45	0.0	0.0
232	__ribosome	23.0	0.0	0.0
232	__rnase_site_ext	20.8	0.0	0.0
232	p0	0.9	0.0	0.0
232	p1	0.65	0.0	0.0
232	p2	0.45	0.0	0.0
232	protein1	1279.8	19.9	1.61734415
232	protein2	1378.6	22.3	1.69010315
232	protein3	271.5	4.9	1.52454905
232	r2	23.5	0.0	0.0
232	rnapol	0.0	0.0	0.0
233	__protein1_rbs	13.05	0.0	0.0
233	__protein2_rbs	15.4	0.0	0.0
233	__protein3_rbs	3.6	0.0	0.0
233	__ribosome	22.4	0.0	0.0
233	__rnase_site_ext	20.9	0.0	0.0
233	p0	0.55	0.0	0.0
233	p1	0.65	0.0	0.0
233	p2	0.75	0.0	0.0
233	protein1	1286.5	19.85	1.6706667000000002
233	protein2	1386.9	22.35	1.66259955
233	protein3	273.1	5.0	1.607684
233	r2	23.3	0.0	0.0
233	rnapol	0.0	0.0	0.0
234	__protein1_rbs	14.05	0.0	0.0
234	__protein2_rbs	14.9	0.0	0.0
234	__protein3_rbs	3.75	0.0	0.0
234	__ribosome	24.15	0.0	0.0
234	__rnase_site_ext	21.05	0.0	0.0
234	p0	0.95	0.0	0.0
234	p1	0.55	0.0	0.0
234	p2	0.75	0.0	0.0
234	protein1	1294.55	19.9	1.6015233999999996
234	protein2	1395.1	22.1	1.6977967
234	protein3	275.4	5.0	1.42834775
234	r2	23.35	0.0	0.0
234	rnapol	0.2	0.0	0.0
235	__protein1_rbs	13.9	0.0	0.0
235	__protein2_rbs	14.8	0.0	0.0
235	__protein3_rbs	3.35	0.0	0.0
235	__ribosome	24.5	0.0	0.0
235	__rnase_site_ext	21.1	0.0	0.0
235	p0	0.75	0.0	0.0
235	p1	0.4	0.0	0.0
235	p2	0.75	0.0	0.0
235	protein1	1301.95	20.1	1.5706346000000002
235	protein2	1404.25	22.25	1.6647656500000003
235	protein3	277.1	4.95	1.57583335
235	r2	23.4	0.0	0.0
235	rnapol	0.1	0.0	0.0
236	__protein1_rbs	13.4	0.0	0.0
236	__protein2_rbs	14.9	0.0	0.0
236	__protein3_rbs	3.35	0.0	0.0
236	__ribosome	23.2	0.0	0.0
236	__rnase_site_ext	21.15	0.0	0.0
236	p0	0.85	0.0	0.0
236	p1	0.55	0.0	0.0
236	p2	0.75	0.0	0.0
236	protein1	1309.35	20.05	1.6099383499999995
236	protein2	1412.5	22.35	1.6817403000000002
236	protein3	278.95	4.95	1.5006204
236	r2	23.3	0.0	0.0
236	rnapol	0.05	0.0	0.0
237	__protein1_rbs	13.65	0.0	0.0
237	__protein2_rbs	15.25	0.0	0.0
237	__protein3_rbs	3.3	0.0	0.0
237	__ribosome	22.8	0.0	0.0
237	__rnase_site_ext	21.1	0.0	0.0
237	p0	0.75	0.0	0.0
237	p1	0.75	0.0	0.0
237	p2	0.65	0.0	0.0
237	protein1	1316.9	20.25	1.5958975000000002
237	protein2	1421.15	22.3	1.6796965999999998
237	protein3	280.45	4.9	1.6354473000000005
237	r2	23.25	0.0	0.0
237	rnapol	0.0	0.0	0.0
238	__protein1_rbs	14.0	0.0	0.0
238	__protein2_rbs	15.35	0.0	0.0
238	__protein3_rbs	3.5	0.0	0.0
238	__ribosome	22.9	0.0	0.0
238	__rnase_site_ext	21.05	0.0	0.0
238	p0	0.8	0.0	0.0
238	p1	0.4	0.0	0.0
238	p2	0.6	0.0	0.0
238	protein1	1323.9	20.05	1.62485905
238	protein2	1430.0	22.35	1.6596045
238	protein3	281.85	4.85	1.7160425999999998
238	r2	23.3	0.0	0.0
238	rnapol	0.05	0.0	0.0
239	__protein1_rbs	13.75	0.0	0.0
239	__protein2_rbs	15.35	0.0	0.0
239	__protein3_rbs	3.35	0.0	0.0
239	__ribosome	24.1	0.0	0.0
239	__rnase_site_ext	21.05	0.0	0.0
239	p0	0.85	0.0	0.0
239	p1	0.6	0.0	0.0
239	p2	0.7	0.0	0.0
239	protein1	1331.3	19.95	1.62893215
239	protein2	1438.75	22.4	1.6193767
239	protein3	283.65	4.85	1.6943145000000002
239	r2	23.45	0.0	0.0
239	rnapol	0.05	0.0	0.0
240	__protein1_rbs	13.15	0.0	0.0
240	__protein2_rbs	14.9	0.0	0.0
240	__protein3_rbs	3.35	0.0	0.0
240	__ribosome	24.15	0.0	0.0
240	__rnase_site_ext	21.0	0.0	0.0
240	p0	0.95	0.0	0.0
240	p1	0.75	0.0	0.0
240	p2	0.7	0.0	0.0
240	protein1	1339.0	20.05	1.6279481999999998
240	protein2	1447.55	22.4	1.6083880499999998
240	protein3	285.5	4.85	1.6359018499999998
240	r2	23.3	0.0	0.0
240	rnapol	0.0	0.0	0.0
241	__protein1_rbs	13.55	0.0	0.0
241	__protein2_rbs	15.1	0.0	0.0
241	__protein3_rbs	3.05	0.0	0.0
241	__ribosome	24.2	0.0	0.0
241	__rnase_site_ext	21.0	0.0	0.0
241	p0	0.8	0.0	0.0
241	p1	0.7	0.0	0.0
241	p2	0.4	0.0	0.0
241	protein1	1346.8	20.15	1.59605805
241	protein2	1455.85	22.5	1.62693045
241	protein3	287.6	4.8	1.63570345
241	r2	23.3	0.0	0.0
241	rnapol	0.1	0.0	0.0
242	__protein1_rbs	12.95	0.0	0.0
242	__protein2_rbs	15.55	0.0	0.0
242	__protein3_rbs	3.0	0.0	0.0
242	__ribosome	24.15	0.0	0.0
242	__rnase_site_ext	20.95	0.0	0.0
242	p0	0.75	0.0	0.0
242	p1	0.75	0.0	0.0
242	p2	0.6	0.0	0.0
242	protein1	1354.75	20.1	1.6012473
242	protein2	1464.25	22.45	1.6229974499999995
242	protein3	289.5	4.95	1.5797096000000002
242	r2	23.65	0.0	0.0
242	rnapol	0.05	0.0	0.0
243	__protein1_rbs	13.95	0.0	0.0
243	__protein2_rbs	15.35	0.0	0.0
243	__protein3_rbs	3.45	0.0	0.0
243	__ribosome	23.2	0.0	0.0
243	__rnase_site_ext	20.9	0.0	0.0
243	p0	0.75	0.0	0.0
243	p1	0.6	0.0	0.0
243	p2	0.55	0.0	0.0
243	protein1	1361.2	19.9	1.6397351999999998
243	protein2	1472.65	22.45	1.6308575
243	protein3	291.25	4.9	1.67444445
243	r2	23.7	0.0	0.0
243	rnapol	0.0	0.0	0.0
244	__protein1_rbs	13.5	0.0	0.0
244	__protein2_rbs	14.75	0.0	0.0
244	__protein3_rbs	3.4	0.0	0.0
244	__ribosome	23.5	0.0	0.0
244	__rnase_site_ext	20.85	0.0	0.0
244	p0	0.8	0.0	0.0
244	p1	0.55	0.0	0.0
244	p2	0.7	0.0	0.0
244	protein1	1369.35	20.05	1.57767205
244	protein2	1480.75	22.35	1.6660947
244	protein3	292.95	4.9	1.67013895
244	r2	23.65	0.0	0.0
244	rnapol	0.05	0.0	0.0
245	__protein1_rbs	12.9	0.0	0.0
245	__protein2_rbs	15.8	0.0	0.0
245	__protein3_rbs	3.1	0.0	0.0
245	__ribosome	24.0	0.0	0.0
245	__rnase_site_ext	20.9	0.0	0.0
245	p0	0.8	0.0	0.0
245	p1	0.75	0.0	0.0
245	p2	0.45	0.0	0.0
245	protein1	1376.45	19.85	1.63822605
245	protein2	1489.85	22.3	1.5987798
245	protein3	294.9	5.05	1.6719444500000002
245	r2	23.65	0.0	0.0
245	rnapol	0.05	0.0	0.0
246	__protein1_rbs	13.25	0.0	0.0
246	__protein2_rbs	15.4	0.0	0.0
246	__protein3_rbs	3.15	0.0	0.0
246	__ribosome	23.25	0.0	0.0
246	__rnase_site_ext	20.85	0.0	0.0
246	p0	0.8	0.0	0.0
246	p1	0.85	0.0	0.0
246	p2	0.6	0.0	0.0
246	protein1	1384.3	19.9	1.6365891000000006
246	protein2	1497.95	22.5	1.6053993999999998
246	protein3	296.7	5.0	1.73277775
246	r2	24.0	0.0	0.0
246	rnapol	0.1	0.0	0.0
247	__protein1_rbs	13.2	0.0	0.0
247	__protein2_rbs	14.5	0.0	0.0
247	__protein3_rbs	3.45	0.0	0.0
247	__ribosome	22.55	0.0	0.0
247	__rnase_site_ext	20.7	0.0	0.0
247	p0	0.85	0.0	0.0
247	p1	0.6	0.0	0.0
247	p2	0.7	0.0	0.0
247	protein1	1391.7	19.9	1.64497075
247	protein2	1506.9	22.45	1.6511796000000003
247	protein3	298.8	5.15	1.6558332999999998
247	r2	23.75	0.0	0.0
247	rnapol	0.15	0.0	0.0
248	__protein1_rbs	13.9	0.0	0.0
248	__protein2_rbs	15.5	0.0	0.0
248	__protein3_rbs	3.5	0.0	0.0
248	__ribosome	23.6	0.0	0.0
248	__rnase_site_ext	20.95	0.0	0.0
248	p0	0.85	0.0	0.0
248	p1	0.55	0.0	0.0
248	p2	0.75	0.0	0.0
248	protein1	1398.6	19.85	1.6339850000000002
248	protein2	1515.1	22.35	1.6289148499999997
248	protein3	300.9	5.15	1.58500005
248	r2	23.45	0.0	0.0
248	rnapol	0.05	0.0	0.0
249	__protein1_rbs	14.1	0.0	0.0
249	__protein2_rbs	15.2	0.0	0.0
249	__protein3_rbs	3.95	0.0	0.0
249	__ribosome	24.05	0.0	0.0
249	__rnase_site_ext	21.05	0.0	0.0
249	p0	0.85	0.0	0.0
249	p1	0.7	0.0	0.0
249	p2	0.7	0.0	0.0
249	protein1	1406.65	19.95	1.58733235
249	protein2	1523.3	22.4	1.6580292
249	protein3	303.05	5.3	1.4565476000000002
249	r2	23.5	0.0	0.0
249	rnapol	0.2	0.0	0.0
250	__protein1_rbs	13.6	0.0	0.0
250	__protein2_rbs	15.05	0.0	0.0
250	__protein3_rbs	3.5	0.0	0.0
250	__ribosome	24.65	0.0	0.0
250	__rnase_site_ext	21.25	0.0	0.0
250	p0	0.8	0.0	0.0
250	p1	0.8	0.0	0.0
250	p2	0.7	0.0	0.0
250	protein1	1414.65	20.2	1.53931425
250	protein2	1531.7	22.55	1.6464378
250	protein3	305.0	5.25	1.48333335
250	r2	23.7	0.0	0.0
250	rnapol	0.1	0.0	0.0
