time	species	protein	transcript	ribo_density
0	__protein1_rbs	0.0	0.0	0.0
0	__protein2_rbs	0.0	0.0	0.0
0	__protein3_rbs	0.0	0.0	0.0
0	__ribosome	100.0	0.0	0.0
0	__rnase_site_ext	0.0	0.0	0.0
0	p0	1.0	0.0	0.0
0	p2	1.0	0.0	0.0
0	rnapol	4.0	0.0	0.0
1	__protein1_rbs	0.0	0.0	0.0
1	__protein2_rbs	0.0	0.0	0.0
1	__protein3_rbs	0.0	0.0	0.0
1	__ribosome	95.0	0.0	0.0
1	__rnase_site_ext	0.8	0.0	0.0
1	p0	0.05	0.0	0.0
1	p2	0.9	0.0	0.0
1	rnapol	2.75	0.0	0.0
2	__protein1_rbs	0.1	0.0	0.0
2	__protein2_rbs	0.0	0.0	0.0
2	__protein3_rbs	0.05	0.0	0.0
2	__ribosome	104.95	0.0	0.0
2	__rnase_site_ext	1.5	0.0	0.0
2	p0	0.05	0.0	0.0
2	p2	1.05	0.0	0.0
2	protein1	0.0	0.15	0.05
2	protein3	0.0	0.05	0.0
2	rnapol	2.35	0.0	0.0
3	__protein1_rbs	0.45	0.0	0.0
3	__protein2_rbs	0.0	0.0	0.0
3	__protein3_rbs	0.0	0.0	0.0
3	__ribosome	99.25	0.0	0.0
3	__rnase_site_ext	2.05	0.0	0.0
3	p0	0.4	0.0	0.0
3	p2	1.0	0.0	0.0
3	protein1	0.0	1.1	0.525
3	protein3	0.0	0.1	0.1
3	rnapol	1.6	0.0	0.0
4	__protein1_rbs	0.55	0.0	0.0
4	__protein2_rbs	0.0	0.0	0.0
4	__protein3_rbs	0.05	0.0	0.0
4	__ribosome	98.1	0.0	0.0
4	__rnase_site_ext	2.55	0.0	0.0
4	p0	0.55	0.0	0.0
4	p2	0.95	0.0	0.0
4	protein1	0.0	1.55	1.175
4	protein3	0.0	0.1	0.15
4	rnapol	1.1	0.0	0.0
5	__protein1_rbs	0.75	0.0	0.0
5	__protein2_rbs	0.0	0.0	0.0
5	__protein3_rbs	0.05	0.0	0.0
5	__ribosome	96.65	0.0	0.0
5	__rnase_site_ext	3.0	0.0	0.0
5	p0	0.8	0.0	0.0
5	p2	0.95	0.0	0.0
5	protein1	0.0	2.25	1.5166667
5	protein3	0.0	0.1	0.2
5	rnapol	0.8	0.0	0.0
6	__protein1_rbs	1.25	0.0	0.0
6	__protein2_rbs	0.0	0.0	0.0
6	__protein3_rbs	0.1	0.0	0.0
6	__ribosome	95.15	0.0	0.0
6	__rnase_site_ext	3.1	0.0	0.0
6	p0	0.85	0.0	0.0
6	p2	1.0	0.0	0.0
6	protein1	0.0	2.75	1.6625
6	protein3	0.0	0.15	0.3
6	rnapol	0.6	0.0	0.0
7	__protein1_rbs	1.0	0.0	0.0
7	__protein2_rbs	0.0	0.0	0.0
7	__protein3_rbs	0.0	0.0	0.0
7	__ribosome	93.05	0.0	0.0
7	__rnase_site_ext	3.25	0.0	0.0
7	p0	0.75	0.0	0.0
7	p2	1.0	0.0	0.0
7	protein1	0.1	2.95	2.2375
7	protein3	0.0	0.2	0.45
7	rnapol	0.45	0.0	0.0
8	__protein1_rbs	1.05	0.0	0.0
8	__protein2_rbs	0.0	0.0	0.0
8	__protein3_rbs	0.0	0.0	0.0
8	__ribosome	91.55	0.0	0.0
8	__rnase_site_ext	3.45	0.0	0.0
8	p0	0.75	0.0	0.0
8	p2	1.0	0.0	0.0
8	protein1	0.6	3.0	2.6875
8	protein3	0.1	0.2	0.5
8	rnapol	0.15	0.0	0.0
9	__protein1_rbs	1.05	0.0	0.0
9	__protein2_rbs	0.05	0.0	0.0
9	__protein3_rbs	0.05	0.0	0.0
9	__ribosome	90.35	0.0	0.0
9	__rnase_site_ext	3.6	0.0	0.0
9	p0	0.9	0.0	0.0
9	p2	1.0	0.0	0.0
9	protein1	1.55	3.25	2.8125
9	protein2	0.0	0.05	0.0
9	protein3	0.15	0.2	0.55
9	rnapol	0.05	0.0	0.0
10	__protein1_rbs	1.15	0.0	0.0
10	__protein2_rbs	0.15	0.0	0.0
10	__protein3_rbs	0.05	0.0	0.0
10	__ribosome	89.1	0.0	0.0
10	__rnase_site_ext	3.7	0.0	0.0
10	p0	0.95	0.0	0.0
10	p2	1.0	0.0	0.0
10	protein1	2.9	3.35	2.9541667000000005
10	protein2	0.0	0.7	0.55
10	protein3	0.25	0.2	0.6
10	rnapol	0.0	0.0	0.0
11	__protein1_rbs	0.75	0.0	0.0
11	__protein2_rbs	0.9	0.0	0.0
11	__protein3_rbs	0.1	0.0	0.0
11	__ribosome	87.5	0.0	0.0
11	__rnase_site_ext	3.65	0.0	0.0
11	p0	1.0	0.0	0.0
11	p2	1.0	0.0	0.0
11	protein1	4.65	3.5	3.03749995
11	protein2	0.0	1.5	0.725
11	protein3	0.25	0.2	0.75
11	rnapol	0.05	0.0	0.0
12	__protein1_rbs	1.6	0.0	0.0
12	__protein2_rbs	0.6	0.0	0.0
12	__protein3_rbs	0.0	0.0	0.0
12	__ribosome	86.45	0.0	0.0
12	__rnase_site_ext	3.7	0.0	0.0
12	p0	0.95	0.0	0.0
12	p2	1.0	0.0	0.0
12	protein1	6.5	3.45	3.10000005
12	protein2	0.0	1.85	1.30833335
12	protein3	0.45	0.2	0.65
12	rnapol	0.05	0.0	0.0
13	__protein1_rbs	1.1	0.0	0.0
13	__protein2_rbs	0.9	0.0	0.0
13	__protein3_rbs	0.05	0.0	0.0
13	__ribosome	84.0	0.0	0.0
13	__rnase_site_ext	3.7	0.0	0.0
13	p0	1.0	0.0	0.0
13	p2	1.0	0.0	0.0
13	protein1	8.15	3.45	3.2708333499999998
13	protein2	0.0	2.65	1.53333335
13	protein3	0.5	0.2	0.75
13	rnapol	0.05	0.0	0.0
14	__protein1_rbs	1.45	0.0	0.0
14	__protein2_rbs	1.1	0.0	0.0
14	__protein3_rbs	0.15	0.0	0.0
14	__ribosome	81.9	0.0	0.0
14	__rnase_site_ext	3.7	0.0	0.0
14	p0	0.95	0.0	0.0
14	p2	1.0	0.0	0.0
14	protein1	9.8	3.5	3.3166666000000005
14	protein2	0.05	2.9	2.0041667000000003
14	protein3	0.6	0.2	0.7
14	rnapol	0.05	0.0	0.0
15	__protein1_rbs	1.35	0.0	0.0
15	__protein2_rbs	1.0	0.0	0.0
15	__protein3_rbs	0.0	0.0	0.0
15	__ribosome	81.0	0.0	0.0
15	__rnase_site_ext	3.65	0.0	0.0
15	p0	1.0	0.0	0.0
15	p2	1.0	0.0	0.0
15	protein1	12.25	3.5	3.1458333
15	protein2	0.4	3.1	2.3708333500000003
15	protein3	0.75	0.2	0.7
15	rnapol	0.5	0.0	0.0
16	__protein1_rbs	1.7	0.0	0.0
16	__protein2_rbs	1.15	0.0	0.0
16	__protein3_rbs	0.05	0.0	0.0
16	__ribosome	80.2	0.0	0.0
16	__rnase_site_ext	3.55	0.0	0.0
16	p0	0.95	0.0	0.0
16	p2	0.8	0.0	0.0
16	protein1	14.55	3.45	3.10833335
16	protein2	1.25	3.5	2.4708333500000004
16	protein3	0.9	0.2	0.65
16	rnapol	0.85	0.0	0.0
17	__protein1_rbs	1.2	0.0	0.0
17	__protein2_rbs	1.45	0.0	0.0
17	__protein3_rbs	0.05	0.0	0.0
17	__ribosome	78.85	0.0	0.0
17	__rnase_site_ext	4.0	0.0	0.0
17	p0	0.65	0.0	0.0
17	p2	0.7	0.0	0.0
17	protein1	16.65	3.4	3.2441667
17	protein2	2.05	3.7	2.6958333000000003
17	protein3	1.1	0.2	0.6
17	rnapol	0.7	0.0	0.0
18	__protein1_rbs	1.15	0.0	0.0
18	__protein2_rbs	1.45	0.0	0.0
18	__protein3_rbs	0.1	0.0	0.0
18	__ribosome	78.15	0.0	0.0
18	__rnase_site_ext	4.15	0.0	0.0
18	p0	0.75	0.0	0.0
18	p2	0.75	0.0	0.0
18	protein1	18.7	3.65	3.0791666500000003
18	protein2	3.8	3.75	2.8041667
18	protein3	1.25	0.2	0.55
18	rnapol	0.95	0.0	0.0
19	__protein1_rbs	1.55	0.0	0.0
19	__protein2_rbs	1.35	0.0	0.0
19	__protein3_rbs	0.15	0.0	0.0
19	__ribosome	77.45	0.0	0.0
19	__rnase_site_ext	4.5	0.0	0.0
19	p0	0.65	0.0	0.0
19	p2	0.65	0.0	0.0
19	protein1	20.95	3.85	2.9508332999999998
19	protein2	5.45	3.8	2.96666665
19	protein3	1.4	0.5	0.575
19	rnapol	0.9	0.0	0.0
20	__protein1_rbs	1.75	0.0	0.0
20	__protein2_rbs	1.35	0.0	0.0
20	__protein3_rbs	0.1	0.0	0.0
20	__ribosome	76.25	0.0	0.0
20	__rnase_site_ext	4.75	0.0	0.0
20	p0	0.75	0.0	0.0
20	p2	0.9	0.0	0.0
20	protein1	22.9	4.1	2.87250005
20	protein2	7.3	3.75	3.14583335
20	protein3	1.4	0.5	0.875
20	rnapol	0.85	0.0	0.0
21	__protein1_rbs	1.6	0.0	0.0
21	__protein2_rbs	1.35	0.0	0.0
21	__protein3_rbs	0.3	0.0	0.0
21	__ribosome	74.5	0.0	0.0
21	__rnase_site_ext	5.0	0.0	0.0
21	p0	0.7	0.0	0.0
21	p2	0.85	0.0	0.0
21	protein1	24.8	4.4	2.7175
21	protein2	9.15	3.75	3.2875
21	protein3	1.55	0.85	1.1
21	rnapol	0.85	0.0	0.0
22	__protein1_rbs	2.0	0.0	0.0
22	__protein2_rbs	1.3	0.0	0.0
22	__protein3_rbs	0.4	0.0	0.0
22	__ribosome	74.25	0.0	0.0
22	__rnase_site_ext	5.2	0.0	0.0
22	p0	0.85	0.0	0.0
22	p2	0.8	0.0	0.0
22	protein1	27.0	4.7	2.6175
22	protein2	11.7	3.75	3.1416667
22	protein3	1.65	0.95	1.35
22	rnapol	0.8	0.0	0.0
23	__protein1_rbs	2.0	0.0	0.0
23	__protein2_rbs	1.25	0.0	0.0
23	__protein3_rbs	0.25	0.0	0.0
23	__ribosome	73.05	0.0	0.0
23	__rnase_site_ext	5.3	0.0	0.0
23	p0	0.85	0.0	0.0
23	p2	0.95	0.0	0.0
23	protein1	29.15	4.85	2.6465476500000005
23	protein2	13.75	3.7	3.2166666000000013
23	protein3	1.75	0.95	1.85
23	rnapol	0.6	0.0	0.0
24	__protein1_rbs	1.8	0.0	0.0
24	__protein2_rbs	1.9	0.0	0.0
24	__protein3_rbs	0.45	0.0	0.0
24	__ribosome	71.75	0.0	0.0
24	__rnase_site_ext	5.55	0.0	0.0
24	p0	0.7	0.0	0.0
24	p2	0.95	0.0	0.0
24	protein1	31.15	4.85	2.9297619000000004
24	protein2	16.0	3.7	3.15416665
24	protein3	1.95	1.2	2.025
24	rnapol	0.65	0.0	0.0
25	__protein1_rbs	2.0	0.0	0.0
25	__protein2_rbs	1.35	0.0	0.0
25	__protein3_rbs	0.65	0.0	0.0
25	__ribosome	70.9	0.0	0.0
25	__rnase_site_ext	5.7	0.0	0.0
25	p0	0.85	0.0	0.0
25	p2	0.95	0.0	0.0
25	protein1	33.45	4.95	2.93107145
25	protein2	18.35	3.95	3.03749995
25	protein3	2.35	1.25	2.05
25	rnapol	0.65	0.0	0.0
26	__protein1_rbs	2.55	0.0	0.0
26	__protein2_rbs	1.8	0.0	0.0
26	__protein3_rbs	0.45	0.0	0.0
26	__ribosome	70.45	0.0	0.0
26	__rnase_site_ext	5.85	0.0	0.0
26	p0	0.75	0.0	0.0
26	p2	0.95	0.0	0.0
26	protein1	36.05	5.2	2.7605952500000006
26	protein2	20.55	4.2	2.9066667
26	protein3	3.05	1.25	2.075
26	rnapol	0.55	0.0	0.0
27	__protein1_rbs	2.15	0.0	0.0
27	__protein2_rbs	1.8	0.0	0.0
27	__protein3_rbs	0.3	0.0	0.0
27	__ribosome	69.25	0.0	0.0
27	__rnase_site_ext	6.05	0.0	0.0
27	p0	0.85	0.0	0.0
27	p2	1.0	0.0	0.0
27	protein1	38.55	5.4	2.7629762
27	protein2	22.85	4.4	2.8525
27	protein3	3.55	1.25	2.425
27	rnapol	0.55	0.0	0.0
28	__protein1_rbs	2.6	0.0	0.0
28	__protein2_rbs	2.1	0.0	0.0
28	__protein3_rbs	0.75	0.0	0.0
28	__ribosome	69.1	0.0	0.0
28	__rnase_site_ext	6.35	0.0	0.0
28	p0	0.9	0.0	0.0
28	p2	0.95	0.0	0.0
28	protein1	41.4	5.55	2.7217857000000003
28	protein2	25.35	4.6	2.73
28	protein3	4.2	1.3	2.31666665
28	rnapol	0.5	0.0	0.0
29	__protein1_rbs	2.3	0.0	0.0
29	__protein2_rbs	1.65	0.0	0.0
29	__protein3_rbs	0.45	0.0	0.0
29	__ribosome	67.15	0.0	0.0
29	__rnase_site_ext	6.35	0.0	0.0
29	p0	0.95	0.0	0.0
29	p2	1.0	0.0	0.0
29	protein1	44.0	5.85	2.69791665
29	protein2	27.4	4.75	2.80607145
29	protein3	4.65	1.3	2.4
29	rnapol	0.6	0.0	0.0
30	__protein1_rbs	2.3	0.0	0.0
30	__protein2_rbs	1.65	0.0	0.0
30	__protein3_rbs	0.55	0.0	0.0
30	__ribosome	65.75	0.0	0.0
30	__rnase_site_ext	6.35	0.0	0.0
30	p0	0.9	0.0	0.0
30	p2	1.0	0.0	0.0
30	protein1	47.05	5.9	2.7584524000000004
30	protein2	29.7	5.1	2.7936904500000006
30	protein3	5.45	1.35	2.2833333500000004
30	rnapol	0.75	0.0	0.0
31	__protein1_rbs	2.45	0.0	0.0
31	__protein2_rbs	2.5	0.0	0.0
31	__protein3_rbs	0.6	0.0	0.0
31	__ribosome	65.45	0.0	0.0
31	__rnase_site_ext	6.5	0.0	0.0
31	p0	0.9	0.0	0.0
31	p2	0.95	0.0	0.0
31	protein1	49.85	5.85	2.8207738000000004
31	protein2	32.25	5.35	2.6814286
31	protein3	6.25	1.35	2.2666667
31	rnapol	0.8	0.0	0.0
32	__protein1_rbs	2.15	0.0	0.0
32	__protein2_rbs	2.2	0.0	0.0
32	__protein3_rbs	0.5	0.0	0.0
32	__ribosome	64.05	0.0	0.0
32	__rnase_site_ext	6.8	0.0	0.0
32	p0	0.7	0.0	0.0
32	p2	0.85	0.0	0.0
32	protein1	52.95	5.95	2.8854762500000004
32	protein2	34.75	5.4	2.7954762000000004
32	protein3	6.9	1.35	2.375
32	rnapol	0.55	0.0	0.0
33	__protein1_rbs	2.6	0.0	0.0
33	__protein2_rbs	2.2	0.0	0.0
33	__protein3_rbs	0.65	0.0	0.0
33	__ribosome	63.3	0.0	0.0
33	__rnase_site_ext	6.85	0.0	0.0
33	p0	0.9	0.0	0.0
33	p2	0.9	0.0	0.0
33	protein1	56.05	6.2	2.8230357
33	protein2	37.3	5.45	2.83214285
33	protein3	7.65	1.4	2.2666667
33	rnapol	0.65	0.0	0.0
34	__protein1_rbs	3.1	0.0	0.0
34	__protein2_rbs	2.35	0.0	0.0
34	__protein3_rbs	0.6	0.0	0.0
34	__ribosome	62.7	0.0	0.0
34	__rnase_site_ext	7.0	0.0	0.0
34	p0	0.85	0.0	0.0
34	p2	0.95	0.0	0.0
34	protein1	59.3	6.3	2.7759523999999995
34	protein2	39.95	5.7	2.82327375
34	protein3	8.4	1.55	2.29583335
34	rnapol	0.75	0.0	0.0
35	__protein1_rbs	2.85	0.0	0.0
35	__protein2_rbs	2.75	0.0	0.0
35	__protein3_rbs	0.75	0.0	0.0
35	__ribosome	62.7	0.0	0.0
35	__rnase_site_ext	7.1	0.0	0.0
35	p0	0.9	0.0	0.0
35	p2	0.95	0.0	0.0
35	protein1	62.75	6.3	2.74107145
35	protein2	43.05	6.0	2.6513095
35	protein3	9.15	1.6	2.4375
35	rnapol	0.8	0.0	0.0
36	__protein1_rbs	2.75	0.0	0.0
36	__protein2_rbs	2.7	0.0	0.0
36	__protein3_rbs	0.6	0.0	0.0
36	__ribosome	61.4	0.0	0.0
36	__rnase_site_ext	7.35	0.0	0.0
36	p0	0.55	0.0	0.0
36	p2	0.95	0.0	0.0
36	protein1	65.6	6.4	2.81613095
36	protein2	46.05	5.95	2.7380952
36	protein3	9.95	1.65	2.46249995
36	rnapol	0.5	0.0	0.0
37	__protein1_rbs	3.4	0.0	0.0
37	__protein2_rbs	2.15	0.0	0.0
37	__protein3_rbs	0.7	0.0	0.0
37	__ribosome	61.2	0.0	0.0
37	__rnase_site_ext	7.6	0.0	0.0
37	p0	0.65	0.0	0.0
37	p2	0.8	0.0	0.0
37	protein1	69.5	6.5	2.6660119
37	protein2	48.85	6.2	2.7776786500000004
37	protein3	10.8	1.7	2.44166665
37	rnapol	0.35	0.0	0.0
38	__protein1_rbs	2.5	0.0	0.0
38	__protein2_rbs	2.55	0.0	0.0
38	__protein3_rbs	0.6	0.0	0.0
38	__ribosome	60.25	0.0	0.0
38	__rnase_site_ext	7.75	0.0	0.0
38	p0	0.9	0.0	0.0
38	p2	0.8	0.0	0.0
38	protein1	72.85	6.8	2.66956345
38	protein2	52.25	6.15	2.79267865
38	protein3	11.5	1.65	2.72083335
38	rnapol	0.4	0.0	0.0
39	__protein1_rbs	2.75	0.0	0.0
39	__protein2_rbs	2.85	0.0	0.0
39	__protein3_rbs	0.75	0.0	0.0
39	__ribosome	59.6	0.0	0.0
39	__rnase_site_ext	7.8	0.0	0.0
39	p0	0.7	0.0	0.0
39	p2	0.9	0.0	0.0
39	protein1	76.0	7.1	2.6905952
39	protein2	55.45	6.3	2.7101191000000004
39	protein3	12.7	1.65	2.57083335
39	rnapol	0.55	0.0	0.0
40	__protein1_rbs	3.0	0.0	0.0
40	__protein2_rbs	2.45	0.0	0.0
40	__protein3_rbs	0.8	0.0	0.0
40	__ribosome	58.35	0.0	0.0
40	__rnase_site_ext	8.1	0.0	0.0
40	p0	0.7	0.0	0.0
40	p2	0.95	0.0	0.0
40	protein1	79.3	6.95	2.8914286
40	protein2	58.7	6.35	2.7341667000000003
40	protein3	13.45	1.8	2.55416665
40	rnapol	0.45	0.0	0.0
41	__protein1_rbs	3.6	0.0	0.0
41	__protein2_rbs	2.7	0.0	0.0
41	__protein3_rbs	0.6	0.0	0.0
41	__ribosome	57.55	0.0	0.0
41	__rnase_site_ext	8.2	0.0	0.0
41	p0	0.9	0.0	0.0
41	p2	0.9	0.0	0.0
41	protein1	83.0	7.3	2.73843255
41	protein2	61.75	6.6	2.744127
41	protein3	14.4	1.85	2.60833335
41	rnapol	0.45	0.0	0.0
42	__protein1_rbs	3.4	0.0	0.0
42	__protein2_rbs	3.35	0.0	0.0
42	__protein3_rbs	1.0	0.0	0.0
42	__ribosome	56.7	0.0	0.0
42	__rnase_site_ext	8.3	0.0	0.0
42	p0	0.75	0.0	0.0
42	p2	0.95	0.0	0.0
42	protein1	86.2	7.5	2.7492659
42	protein2	65.1	6.75	2.6921231000000003
42	protein3	15.1	1.85	inf
42	rnapol	0.35	0.0	0.0
43	__protein1_rbs	3.55	0.0	0.0
43	__protein2_rbs	3.25	0.0	0.0
43	__protein3_rbs	0.75	0.0	0.0
43	__ribosome	57.0	0.0	0.0
43	__rnase_site_ext	8.35	0.0	0.0
43	p0	0.95	0.0	0.0
43	p2	0.9	0.0	0.0
43	protein1	90.15	7.55	2.6949801
43	protein2	68.5	6.85	2.63317455
43	protein3	16.3	1.9	inf
43	rnapol	0.4	0.0	0.0
44	__protein1_rbs	3.85	0.0	0.0
44	__protein2_rbs	2.9	0.0	0.0
44	__protein3_rbs	0.85	0.0	0.0
44	__ribosome	56.4	0.0	0.0
44	__rnase_site_ext	8.4	0.0	0.0
44	p0	0.85	0.0	0.0
44	p2	0.95	0.0	0.0
44	protein1	94.5	7.6	2.621388850000001
44	protein2	71.85	7.15	2.64613095
44	protein3	17.15	1.95	inf
44	rnapol	0.4	0.0	0.0
45	__protein1_rbs	3.6	0.0	0.0
45	__protein2_rbs	3.25	0.0	0.0
45	__protein3_rbs	1.0	0.0	0.0
45	__ribosome	55.95	0.0	0.0
45	__rnase_site_ext	8.35	0.0	0.0
45	p0	1.0	0.0	0.0
45	p2	0.9	0.0	0.0
45	protein1	98.1	7.65	2.59125365
45	protein2	75.05	7.3	2.64224205
45	protein3	18.25	2.0	inf
45	rnapol	0.45	0.0	0.0
46	__protein1_rbs	3.35	0.0	0.0
46	__protein2_rbs	3.4	0.0	0.0
46	__protein3_rbs	1.05	0.0	0.0
46	__ribosome	55.7	0.0	0.0
46	__rnase_site_ext	8.65	0.0	0.0
46	p0	0.75	0.0	0.0
46	p2	0.9	0.0	0.0
46	protein1	101.9	7.7	2.6476136
46	protein2	79.25	7.6	2.5617063000000004
46	protein3	19.45	2.1	inf
46	rnapol	0.45	0.0	0.0
47	__protein1_rbs	4.1	0.0	0.0
47	__protein2_rbs	3.65	0.0	0.0
47	__protein3_rbs	0.95	0.0	0.0
47	__ribosome	54.75	0.0	0.0
47	__rnase_site_ext	8.7	0.0	0.0
47	p0	0.8	0.0	0.0
47	p2	0.85	0.0	0.0
47	protein1	106.0	7.8	2.54516055
47	protein2	82.3	7.65	2.66960325
47	protein3	20.15	2.1	2.40416665
47	rnapol	0.4	0.0	0.0
48	__protein1_rbs	3.8	0.0	0.0
48	__protein2_rbs	3.5	0.0	0.0
48	__protein3_rbs	1.2	0.0	0.0
48	__ribosome	54.5	0.0	0.0
48	__rnase_site_ext	8.7	0.0	0.0
48	p0	0.8	0.0	0.0
48	p2	0.95	0.0	0.0
48	protein1	109.6	7.9	2.50417215
48	protein2	86.3	7.9	2.6189682000000003
48	protein3	21.35	2.25	2.30416675
48	rnapol	0.45	0.0	0.0
49	__protein1_rbs	3.6	0.0	0.0
49	__protein2_rbs	4.0	0.0	0.0
49	__protein3_rbs	1.25	0.0	0.0
49	__ribosome	53.85	0.0	0.0
49	__rnase_site_ext	8.95	0.0	0.0
49	p0	0.8	0.0	0.0
49	p2	0.95	0.0	0.0
49	protein1	113.45	7.85	2.5927273
49	protein2	90.3	8.1	2.5539484500000005
49	protein3	22.35	2.35	2.1975
49	rnapol	0.4	0.0	0.0
50	__protein1_rbs	4.05	0.0	0.0
50	__protein2_rbs	3.7	0.0	0.0
50	__protein3_rbs	1.3	0.0	0.0
50	__ribosome	52.6	0.0	0.0
50	__rnase_site_ext	9.0	0.0	0.0
50	p0	0.95	0.0	0.0
50	p2	0.85	0.0	0.0
50	protein1	117.0	8.1	2.57698595
50	protein2	94.15	8.2	2.6158531500000004
50	protein3	23.45	2.4	2.2200000500000003
50	rnapol	0.5	0.0	0.0
51	__protein1_rbs	4.4	0.0	0.0
51	__protein2_rbs	3.95	0.0	0.0
51	__protein3_rbs	1.0	0.0	0.0
51	__ribosome	52.9	0.0	0.0
51	__rnase_site_ext	9.15	0.0	0.0
51	p0	0.85	0.0	0.0
51	p2	0.7	0.0	0.0
51	protein1	121.25	8.2	2.4769137500000005
51	protein2	98.25	8.25	2.5813095
51	protein3	24.35	2.3	2.4483333000000003
51	rnapol	0.55	0.0	0.0
52	__protein1_rbs	3.9	0.0	0.0
52	__protein2_rbs	3.7	0.0	0.0
52	__protein3_rbs	1.2	0.0	0.0
52	__ribosome	52.3	0.0	0.0
52	__rnase_site_ext	9.2	0.0	0.0
52	p0	0.85	0.0	0.0
52	p2	0.95	0.0	0.0
52	protein1	125.2	8.3	2.5158532000000005
52	protein2	102.55	8.25	2.6058133999999997
52	protein3	25.5	2.35	2.335
52	rnapol	0.7	0.0	0.0
53	__protein1_rbs	4.2	0.0	0.0
53	__protein2_rbs	3.75	0.0	0.0
53	__protein3_rbs	1.4	0.0	0.0
53	__ribosome	51.35	0.0	0.0
53	__rnase_site_ext	9.4	0.0	0.0
53	p0	0.75	0.0	0.0
53	p2	0.95	0.0	0.0
53	protein1	128.95	8.3	2.54156745
53	protein2	106.4	8.3	2.689495
53	protein3	26.75	2.6	2.2208333
53	rnapol	0.9	0.0	0.0
54	__protein1_rbs	3.7	0.0	0.0
54	__protein2_rbs	4.15	0.0	0.0
54	__protein3_rbs	1.15	0.0	0.0
54	__ribosome	50.2	0.0	0.0
54	__rnase_site_ext	9.65	0.0	0.0
54	p0	0.75	0.0	0.0
54	p2	1.0	0.0	0.0
54	protein1	133.15	8.5	2.5859235000000003
54	protein2	110.4	8.35	2.6351407000000004
54	protein3	27.65	2.55	2.45999995
54	rnapol	0.95	0.0	0.0
55	__protein1_rbs	4.65	0.0	0.0
55	__protein2_rbs	4.05	0.0	0.0
55	__protein3_rbs	1.4	0.0	0.0
55	__ribosome	50.75	0.0	0.0
55	__rnase_site_ext	10.1	0.0	0.0
55	p0	0.6	0.0	0.0
55	p2	0.95	0.0	0.0
55	protein1	137.45	8.75	2.4864484
55	protein2	114.95	8.5	2.57672085
55	protein3	28.85	2.6	2.3608333000000004
55	rnapol	0.8	0.0	0.0
56	__protein1_rbs	4.55	0.0	0.0
56	__protein2_rbs	3.55	0.0	0.0
56	__protein3_rbs	1.5	0.0	0.0
56	__ribosome	49.3	0.0	0.0
56	__rnase_site_ext	10.1	0.0	0.0
56	p0	0.85	0.0	0.0
56	p2	1.0	0.0	0.0
56	protein1	141.55	9.15	2.4098735000000007
56	protein2	118.75	8.6	2.6748882000000003
56	protein3	29.95	2.55	2.44916665
56	rnapol	0.7	0.0	0.0
57	__protein1_rbs	4.7	0.0	0.0
57	__protein2_rbs	4.1	0.0	0.0
57	__protein3_rbs	1.2	0.0	0.0
57	__ribosome	49.15	0.0	0.0
57	__rnase_site_ext	10.25	0.0	0.0
57	p0	0.85	0.0	0.0
57	p2	0.9	0.0	0.0
57	protein1	145.6	9.25	2.3868247
57	protein2	123.1	8.75	2.6097673500000007
57	protein3	31.55	2.6	2.35916665
57	rnapol	0.75	0.0	0.0
58	__protein1_rbs	4.7	0.0	0.0
58	__protein2_rbs	4.2	0.0	0.0
58	__protein3_rbs	1.6	0.0	0.0
58	__ribosome	48.95	0.0	0.0
58	__rnase_site_ext	10.55	0.0	0.0
58	p0	0.5	0.0	0.0
58	p2	0.9	0.0	0.0
58	protein1	149.8	9.35	2.4564426500000005
58	protein2	128.0	8.8	2.5498395
58	protein3	32.6	2.6	2.1658333
58	rnapol	0.45	0.0	0.0
59	__protein1_rbs	4.9	0.0	0.0
59	__protein2_rbs	4.85	0.0	0.0
59	__protein3_rbs	1.25	0.0	0.0
59	__ribosome	48.8	0.0	0.0
59	__rnase_site_ext	10.75	0.0	0.0
59	p0	0.95	0.0	0.0
59	p2	0.9	0.0	0.0
59	protein1	154.35	9.45	2.3913689
59	protein2	131.85	8.85	2.57198965
59	protein3	33.7	2.65	2.25083335
59	rnapol	0.4	0.0	0.0
60	__protein1_rbs	4.1	0.0	0.0
60	__protein2_rbs	3.75	0.0	0.0
60	__protein3_rbs	1.35	0.0	0.0
60	__ribosome	47.15	0.0	0.0
60	__rnase_site_ext	10.95	0.0	0.0
60	p0	0.75	0.0	0.0
60	p2	0.9	0.0	0.0
60	protein1	158.95	9.8	2.40736655
60	protein2	136.25	8.9	2.6108497
60	protein3	34.8	2.8	2.145
60	rnapol	0.4	0.0	0.0
61	__protein1_rbs	4.95	0.0	0.0
61	__protein2_rbs	5.15	0.0	0.0
61	__protein3_rbs	1.15	0.0	0.0
61	__ribosome	46.95	0.0	0.0
61	__rnase_site_ext	10.95	0.0	0.0
61	p0	0.95	0.0	0.0
61	p2	0.95	0.0	0.0
61	protein1	162.95	10.0	2.423167350000001
61	protein2	140.6	9.05	2.4939395500000003
61	protein3	36.1	2.8	2.24083335
61	rnapol	0.4	0.0	0.0
62	__protein1_rbs	4.9	0.0	0.0
62	__protein2_rbs	4.55	0.0	0.0
62	__protein3_rbs	1.8	0.0	0.0
62	__ribosome	46.55	0.0	0.0
62	__rnase_site_ext	10.95	0.0	0.0
62	p0	0.9	0.0	0.0
62	p2	0.85	0.0	0.0
62	protein1	167.2	10.1	2.4791882500000004
62	protein2	145.4	9.2	2.4494715
62	protein3	37.35	2.8	2.2033332999999997
62	rnapol	0.4	0.0	0.0
63	__protein1_rbs	4.9	0.0	0.0
63	__protein2_rbs	4.7	0.0	0.0
63	__protein3_rbs	1.35	0.0	0.0
63	__ribosome	46.15	0.0	0.0
63	__rnase_site_ext	11.1	0.0	0.0
63	p0	1.0	0.0	0.0
63	p2	0.9	0.0	0.0
63	protein1	172.0	10.15	2.46162335
63	protein2	149.95	9.3	2.4223989499999994
63	protein3	38.45	2.8	2.31666665
63	rnapol	0.55	0.0	0.0
64	__protein1_rbs	4.75	0.0	0.0
64	__protein2_rbs	4.95	0.0	0.0
64	__protein3_rbs	1.55	0.0	0.0
64	__ribosome	45.55	0.0	0.0
64	__rnase_site_ext	11.15	0.0	0.0
64	p0	0.8	0.0	0.0
64	p2	0.85	0.0	0.0
64	protein1	177.1	10.2	2.491453800000001
64	protein2	154.45	9.6	2.3734110000000004
64	protein3	39.8	2.95	2.22499995
64	rnapol	0.35	0.0	0.0
65	__protein1_rbs	5.0	0.0	0.0
65	__protein2_rbs	5.65	0.0	0.0
65	__protein3_rbs	1.5	0.0	0.0
65	__ribosome	45.25	0.0	0.0
65	__rnase_site_ext	11.4	0.0	0.0
65	p0	0.85	0.0	0.0
65	p2	0.9	0.0	0.0
65	protein1	181.95	10.25	2.51861645
65	protein2	159.15	9.7	2.295642
65	protein3	41.0	2.95	2.3824999999999994
65	rnapol	0.35	0.0	0.0
66	__protein1_rbs	5.5	0.0	0.0
66	__protein2_rbs	5.3	0.0	0.0
66	__protein3_rbs	2.0	0.0	0.0
66	__ribosome	44.7	0.0	0.0
66	__rnase_site_ext	11.4	0.0	0.0
66	p0	0.85	0.0	0.0
66	p2	0.95	0.0	0.0
66	protein1	186.55	10.35	2.5338185499999994
66	protein2	163.15	10.0	2.28417555
66	protein3	42.6	3.05	2.17499995
66	rnapol	0.45	0.0	0.0
67	__protein1_rbs	6.1	0.0	0.0
67	__protein2_rbs	5.05	0.0	0.0
67	__protein3_rbs	1.7	0.0	0.0
67	__ribosome	45.2	0.0	0.0
67	__rnase_site_ext	11.45	0.0	0.0
67	p0	0.9	0.0	0.0
67	p2	0.9	0.0	0.0
67	protein1	191.95	10.5	2.40726775
67	protein2	167.8	10.25	2.27709405
67	protein3	43.75	3.1	2.11000005
67	rnapol	0.55	0.0	0.0
68	__protein1_rbs	5.15	0.0	0.0
68	__protein2_rbs	5.1	0.0	0.0
68	__protein3_rbs	1.7	0.0	0.0
68	__ribosome	43.9	0.0	0.0
68	__rnase_site_ext	11.5	0.0	0.0
68	p0	0.85	0.0	0.0
68	p2	1.0	0.0	0.0
68	protein1	196.7	10.5	2.4486761
68	protein2	172.2	10.3	2.32078375
68	protein3	45.1	3.15	2.14249995
68	rnapol	0.6	0.0	0.0
69	__protein1_rbs	5.35	0.0	0.0
69	__protein2_rbs	5.25	0.0	0.0
69	__protein3_rbs	1.9	0.0	0.0
69	__ribosome	44.4	0.0	0.0
69	__rnase_site_ext	11.75	0.0	0.0
69	p0	0.75	0.0	0.0
69	p2	0.85	0.0	0.0
69	protein1	202.05	10.55	2.3735245000000003
69	protein2	177.15	10.5	2.3040069500000007
69	protein3	46.6	3.2	2.08500005
69	rnapol	0.65	0.0	0.0
70	__protein1_rbs	5.6	0.0	0.0
70	__protein2_rbs	5.45	0.0	0.0
70	__protein3_rbs	1.6	0.0	0.0
70	__ribosome	42.75	0.0	0.0
70	__rnase_site_ext	11.8	0.0	0.0
70	p0	0.85	0.0	0.0
70	p2	0.85	0.0	0.0
70	protein1	207.0	10.7	2.3395527
70	protein2	181.0	10.65	2.39741645
70	protein3	47.95	3.2	2.1316667000000002
70	rnapol	0.75	0.0	0.0
71	__protein1_rbs	6.3	0.0	0.0
71	__protein2_rbs	5.3	0.0	0.0
71	__protein3_rbs	1.5	0.0	0.0
71	__ribosome	42.2	0.0	0.0
71	__rnase_site_ext	11.9	0.0	0.0
71	p0	0.75	0.0	0.0
71	p2	0.85	0.0	0.0
71	protein1	212.45	10.8	2.24887795
71	protein2	185.65	10.65	2.4595736
71	protein3	49.15	3.25	2.19416665
71	rnapol	0.7	0.0	0.0
72	__protein1_rbs	5.9	0.0	0.0
72	__protein2_rbs	5.65	0.0	0.0
72	__protein3_rbs	1.5	0.0	0.0
72	__ribosome	40.75	0.0	0.0
72	__rnase_site_ext	12.05	0.0	0.0
72	p0	0.95	0.0	0.0
72	p2	0.85	0.0	0.0
72	protein1	216.6	10.85	2.3341453000000003
72	protein2	190.35	10.75	2.4473176999999997
72	protein3	50.45	3.3	2.25000005
72	rnapol	0.85	0.0	0.0
73	__protein1_rbs	5.75	0.0	0.0
73	__protein2_rbs	5.75	0.0	0.0
73	__protein3_rbs	1.6	0.0	0.0
73	__ribosome	40.85	0.0	0.0
73	__rnase_site_ext	12.1	0.0	0.0
73	p0	0.7	0.0	0.0
73	p2	0.85	0.0	0.0
73	protein1	221.9	11.1	2.2888351000000005
73	protein2	195.65	10.75	2.42648985
73	protein3	51.9	3.35	2.3441667
73	rnapol	0.75	0.0	0.0
74	__protein1_rbs	5.85	0.0	0.0
74	__protein2_rbs	5.9	0.0	0.0
74	__protein3_rbs	1.8	0.0	0.0
74	__ribosome	40.7	0.0	0.0
74	__rnase_site_ext	12.1	0.0	0.0
74	p0	0.9	0.0	0.0
74	p2	0.9	0.0	0.0
74	protein1	226.3	11.05	2.3665423000000008
74	protein2	200.9	10.8	2.3528824
74	protein3	53.35	3.35	2.4133332999999997
74	rnapol	0.7	0.0	0.0
75	__protein1_rbs	6.15	0.0	0.0
75	__protein2_rbs	6.1	0.0	0.0
75	__protein3_rbs	1.35	0.0	0.0
75	__ribosome	41.05	0.0	0.0
75	__rnase_site_ext	12.15	0.0	0.0
75	p0	0.8	0.0	0.0
75	p2	0.85	0.0	0.0
75	protein1	231.75	11.2	2.29044395
75	protein2	206.25	11.1	2.2657133
75	protein3	54.95	3.35	2.4608333999999994
75	rnapol	0.6	0.0	0.0
76	__protein1_rbs	6.0	0.0	0.0
76	__protein2_rbs	5.9	0.0	0.0
76	__protein3_rbs	1.85	0.0	0.0
76	__ribosome	40.55	0.0	0.0
76	__rnase_site_ext	12.25	0.0	0.0
76	p0	0.7	0.0	0.0
76	p2	0.85	0.0	0.0
76	protein1	237.05	11.3	2.2965452
76	protein2	211.15	11.1	2.299402
76	protein3	56.4	3.45	2.3241666000000003
76	rnapol	0.4	0.0	0.0
77	__protein1_rbs	5.7	0.0	0.0
77	__protein2_rbs	6.1	0.0	0.0
77	__protein3_rbs	1.7	0.0	0.0
77	__ribosome	39.5	0.0	0.0
77	__rnase_site_ext	12.3	0.0	0.0
77	p0	0.9	0.0	0.0
77	p2	1.0	0.0	0.0
77	protein1	241.45	11.25	2.3866311000000002
77	protein2	216.05	11.15	2.3030788500000003
77	protein3	58.3	3.45	2.27750005
77	rnapol	0.65	0.0	0.0
78	__protein1_rbs	6.4	0.0	0.0
78	__protein2_rbs	6.15	0.0	0.0
78	__protein3_rbs	1.85	0.0	0.0
78	__ribosome	40.15	0.0	0.0
78	__rnase_site_ext	12.45	0.0	0.0
78	p0	0.8	0.0	0.0
78	p2	1.0	0.0	0.0
78	protein1	246.8	11.35	2.3441808000000006
78	protein2	221.4	11.35	2.2295405500000003
78	protein3	59.95	3.55	2.1738095
78	rnapol	0.65	0.0	0.0
79	__protein1_rbs	6.5	0.0	0.0
79	__protein2_rbs	6.5	0.0	0.0
79	__protein3_rbs	1.6	0.0	0.0
79	__ribosome	40.25	0.0	0.0
79	__rnase_site_ext	12.45	0.0	0.0
79	p0	0.8	0.0	0.0
79	p2	1.0	0.0	0.0
79	protein1	252.7	11.5	2.22888135
79	protein2	226.25	11.65	2.2131392000000005
79	protein3	61.5	3.5	2.30511905
79	rnapol	0.7	0.0	0.0
80	__protein1_rbs	6.25	0.0	0.0
80	__protein2_rbs	6.65	0.0	0.0
80	__protein3_rbs	1.9	0.0	0.0
80	__ribosome	39.4	0.0	0.0
80	__rnase_site_ext	12.4	0.0	0.0
80	p0	0.8	0.0	0.0
80	p2	1.0	0.0	0.0
80	protein1	257.45	11.65	2.2526026000000003
80	protein2	231.2	11.75	2.2287632500000005
80	protein3	63.1	3.45	2.3529762
80	rnapol	0.75	0.0	0.0
81	__protein1_rbs	6.45	0.0	0.0
81	__protein2_rbs	6.95	0.0	0.0
81	__protein3_rbs	2.0	0.0	0.0
81	__ribosome	38.9	0.0	0.0
81	__rnase_site_ext	12.5	0.0	0.0
81	p0	0.8	0.0	0.0
81	p2	0.95	0.0	0.0
81	protein1	262.45	11.5	2.3160022999999996
81	protein2	236.05	11.85	2.2258545
81	protein3	64.8	3.45	2.33059525
81	rnapol	0.65	0.0	0.0
82	__protein1_rbs	6.4	0.0	0.0
82	__protein2_rbs	6.5	0.0	0.0
82	__protein3_rbs	1.7	0.0	0.0
82	__ribosome	39.2	0.0	0.0
82	__rnase_site_ext	12.75	0.0	0.0
82	p0	0.95	0.0	0.0
82	p2	0.85	0.0	0.0
82	protein1	268.25	11.7	2.27405075
82	protein2	241.55	12.1	2.1698036000000003
82	protein3	66.45	3.4	2.35273815
82	rnapol	0.75	0.0	0.0
83	__protein1_rbs	7.2	0.0	0.0
83	__protein2_rbs	6.25	0.0	0.0
83	__protein3_rbs	1.55	0.0	0.0
83	__ribosome	38.95	0.0	0.0
83	__rnase_site_ext	12.95	0.0	0.0
83	p0	0.7	0.0	0.0
83	p2	0.9	0.0	0.0
83	protein1	273.3	11.95	2.1990548
83	protein2	246.4	12.05	2.25881605
83	protein3	68.55	3.3	2.2788095000000004
83	rnapol	0.7	0.0	0.0
84	__protein1_rbs	6.7	0.0	0.0
84	__protein2_rbs	6.0	0.0	0.0
84	__protein3_rbs	1.95	0.0	0.0
84	__ribosome	37.8	0.0	0.0
84	__rnase_site_ext	13.1	0.0	0.0
84	p0	0.9	0.0	0.0
84	p2	1.0	0.0	0.0
84	protein1	278.3	12.1	2.2219288500000003
84	protein2	251.5	12.2	2.29969465
84	protein3	70.25	3.3	2.2159523000000005
84	rnapol	0.75	0.0	0.0
85	__protein1_rbs	7.3	0.0	0.0
85	__protein2_rbs	6.65	0.0	0.0
85	__protein3_rbs	1.8	0.0	0.0
85	__ribosome	38.05	0.0	0.0
85	__rnase_site_ext	13.4	0.0	0.0
85	p0	0.75	0.0	0.0
85	p2	1.0	0.0	0.0
85	protein1	283.95	12.35	2.1418227
85	protein2	257.3	12.3	2.2686301500000003
85	protein3	71.7	3.4	2.2794047500000003
85	rnapol	0.6	0.0	0.0
86	__protein1_rbs	6.95	0.0	0.0
86	__protein2_rbs	7.35	0.0	0.0
86	__protein3_rbs	1.9	0.0	0.0
86	__ribosome	37.95	0.0	0.0
86	__rnase_site_ext	13.45	0.0	0.0
86	p0	0.85	0.0	0.0
86	p2	1.0	0.0	0.0
86	protein1	289.35	12.5	2.1404746500000003
86	protein2	262.45	12.45	2.25097615
86	protein3	73.6	3.4	2.1330952
86	rnapol	0.45	0.0	0.0
87	__protein1_rbs	7.0	0.0	0.0
87	__protein2_rbs	7.0	0.0	0.0
87	__protein3_rbs	1.95	0.0	0.0
87	__ribosome	36.65	0.0	0.0
87	__rnase_site_ext	13.55	0.0	0.0
87	p0	0.75	0.0	0.0
87	p2	0.8	0.0	0.0
87	protein1	294.4	12.6	2.196215
87	protein2	267.75	12.45	2.250171150000001
87	protein3	74.85	3.45	2.19083335
87	rnapol	0.35	0.0	0.0
88	__protein1_rbs	7.85	0.0	0.0
88	__protein2_rbs	6.6	0.0	0.0
88	__protein3_rbs	1.85	0.0	0.0
88	__ribosome	36.65	0.0	0.0
88	__rnase_site_ext	13.55	0.0	0.0
88	p0	0.9	0.0	0.0
88	p2	0.85	0.0	0.0
88	protein1	299.85	12.65	2.15779645
88	protein2	273.25	12.75	2.2546675499999997
88	protein3	76.6	3.45	2.1775
88	rnapol	0.35	0.0	0.0
89	__protein1_rbs	6.65	0.0	0.0
89	__protein2_rbs	7.65	0.0	0.0
89	__protein3_rbs	2.4	0.0	0.0
89	__ribosome	37.3	0.0	0.0
89	__rnase_site_ext	13.6	0.0	0.0
89	p0	0.8	0.0	0.0
89	p2	0.85	0.0	0.0
89	protein1	305.4	12.8	2.1929707
89	protein2	279.7	12.85	2.1535869
89	protein3	77.95	3.55	2.0270238000000003
89	rnapol	0.35	0.0	0.0
90	__protein1_rbs	7.0	0.0	0.0
90	__protein2_rbs	6.75	0.0	0.0
90	__protein3_rbs	2.1	0.0	0.0
90	__ribosome	35.55	0.0	0.0
90	__rnase_site_ext	13.6	0.0	0.0
90	p0	0.95	0.0	0.0
90	p2	1.0	0.0	0.0
90	protein1	310.5	12.8	2.279244100000001
90	protein2	285.0	12.95	2.1969201000000003
90	protein3	79.65	3.6	1.94940475
90	rnapol	0.55	0.0	0.0
91	__protein1_rbs	7.85	0.0	0.0
91	__protein2_rbs	7.25	0.0	0.0
91	__protein3_rbs	2.2	0.0	0.0
91	__ribosome	35.65	0.0	0.0
91	__rnase_site_ext	13.85	0.0	0.0
91	p0	0.8	0.0	0.0
91	p2	0.95	0.0	0.0
91	protein1	316.15	12.75	2.22198095
91	protein2	290.15	12.95	2.2466495000000006
91	protein3	81.15	3.65	1.9240476000000004
91	rnapol	0.4	0.0	0.0
92	__protein1_rbs	7.3	0.0	0.0
92	__protein2_rbs	7.9	0.0	0.0
92	__protein3_rbs	1.6	0.0	0.0
92	__ribosome	35.95	0.0	0.0
92	__rnase_site_ext	13.95	0.0	0.0
92	p0	0.9	0.0	0.0
92	p2	1.0	0.0	0.0
92	protein1	321.95	12.85	2.2050661499999995
92	protein2	296.0	13.1	2.1587107000000003
92	protein3	82.75	3.65	2.08630955
92	rnapol	0.4	0.0	0.0
93	__protein1_rbs	6.75	0.0	0.0
93	__protein2_rbs	7.6	0.0	0.0
93	__protein3_rbs	2.35	0.0	0.0
93	__ribosome	35.55	0.0	0.0
93	__rnase_site_ext	13.7	0.0	0.0
93	p0	0.8	0.0	0.0
93	p2	0.95	0.0	0.0
93	protein1	326.9	13.05	2.2858094499999995
93	protein2	302.7	13.2	2.082706
93	protein3	84.45	3.6	2.05999995
93	rnapol	0.35	0.0	0.0
94	__protein1_rbs	7.9	0.0	0.0
94	__protein2_rbs	7.0	0.0	0.0
94	__protein3_rbs	2.25	0.0	0.0
94	__ribosome	35.0	0.0	0.0
94	__rnase_site_ext	13.75	0.0	0.0
94	p0	0.85	0.0	0.0
94	p2	0.85	0.0	0.0
94	protein1	333.5	13.05	2.1781055
94	protein2	307.3	13.35	2.18829185
94	protein3	85.45	3.65	2.10297615
94	rnapol	0.45	0.0	0.0
95	__protein1_rbs	7.15	0.0	0.0
95	__protein2_rbs	8.05	0.0	0.0
95	__protein3_rbs	2.4	0.0	0.0
95	__ribosome	36.6	0.0	0.0
95	__rnase_site_ext	14.0	0.0	0.0
95	p0	0.7	0.0	0.0
95	p2	0.9	0.0	0.0
95	protein1	339.4	12.85	2.1665561499999995
95	protein2	313.15	13.25	2.1610638
95	protein3	87.4	3.65	1.97416665
95	rnapol	0.5	0.0	0.0
96	__protein1_rbs	7.0	0.0	0.0
96	__protein2_rbs	6.9	0.0	0.0
96	__protein3_rbs	2.15	0.0	0.0
96	__ribosome	35.05	0.0	0.0
96	__rnase_site_ext	14.0	0.0	0.0
96	p0	0.7	0.0	0.0
96	p2	0.95	0.0	0.0
96	protein1	344.85	12.8	2.21329845
96	protein2	319.1	13.4	2.1932227500000003
96	protein3	88.7	3.7	2.07750005
96	rnapol	0.55	0.0	0.0
97	__protein1_rbs	7.2	0.0	0.0
97	__protein2_rbs	7.9	0.0	0.0
97	__protein3_rbs	2.25	0.0	0.0
97	__ribosome	35.5	0.0	0.0
97	__rnase_site_ext	14.1	0.0	0.0
97	p0	0.8	0.0	0.0
97	p2	0.85	0.0	0.0
97	protein1	350.45	12.95	2.20183175
97	protein2	324.8	13.35	2.1713851
97	protein3	90.5	3.8	1.9879166999999995
97	rnapol	0.45	0.0	0.0
98	__protein1_rbs	7.75	0.0	0.0
98	__protein2_rbs	8.35	0.0	0.0
98	__protein3_rbs	2.5	0.0	0.0
98	__ribosome	35.75	0.0	0.0
98	__rnase_site_ext	14.2	0.0	0.0
98	p0	0.8	0.0	0.0
98	p2	0.85	0.0	0.0
98	protein1	356.25	13.15	2.12002415
98	protein2	330.2	13.6	2.1640476000000004
98	protein3	92.0	3.8	1.90791665
98	rnapol	0.45	0.0	0.0
99	__protein1_rbs	7.5	0.0	0.0
99	__protein2_rbs	7.3	0.0	0.0
99	__protein3_rbs	2.2	0.0	0.0
99	__ribosome	35.05	0.0	0.0
99	__rnase_site_ext	14.25	0.0	0.0
99	p0	0.8	0.0	0.0
99	p2	0.9	0.0	0.0
99	protein1	361.95	13.25	2.1296028
99	protein2	336.5	13.65	2.16863385
99	protein3	93.6	3.8	2.01011905
99	rnapol	0.35	0.0	0.0
100	__protein1_rbs	7.9	0.0	0.0
100	__protein2_rbs	7.8	0.0	0.0
100	__protein3_rbs	2.35	0.0	0.0
100	__ribosome	35.5	0.0	0.0
100	__rnase_site_ext	14.25	0.0	0.0
100	p0	0.85	0.0	0.0
100	p2	0.85	0.0	0.0
100	protein1	367.75	13.25	2.0766705
100	protein2	341.95	13.8	2.1254549500000004
100	protein3	94.75	3.85	2.10797615
100	rnapol	0.45	0.0	0.0
101	__protein1_rbs	7.4	0.0	0.0
101	__protein2_rbs	7.75	0.0	0.0
101	__protein3_rbs	2.3	0.0	0.0
101	__ribosome	34.9	0.0	0.0
101	__rnase_site_ext	14.25	0.0	0.0
101	p0	0.85	0.0	0.0
101	p2	0.85	0.0	0.0
101	protein1	373.25	13.3	2.1222241000000004
101	protein2	348.45	14.05	2.0665077000000003
101	protein3	96.15	3.95	2.0827382000000005
101	rnapol	0.6	0.0	0.0
102	__protein1_rbs	7.9	0.0	0.0
102	__protein2_rbs	8.35	0.0	0.0
102	__protein3_rbs	2.5	0.0	0.0
102	__ribosome	35.05	0.0	0.0
102	__rnase_site_ext	14.4	0.0	0.0
102	p0	0.85	0.0	0.0
102	p2	1.0	0.0	0.0
102	protein1	378.35	13.3	2.15426135
102	protein2	354.6	14.2	2.06316655
102	protein3	98.25	4.0	1.90642855
102	rnapol	0.6	0.0	0.0
103	__protein1_rbs	8.1	0.0	0.0
103	__protein2_rbs	9.2	0.0	0.0
103	__protein3_rbs	2.25	0.0	0.0
103	__ribosome	35.5	0.0	0.0
103	__rnase_site_ext	14.45	0.0	0.0
103	p0	0.85	0.0	0.0
103	p2	0.9	0.0	0.0
103	protein1	384.3	13.45	2.0739984000000002
103	protein2	360.35	14.25	2.03622615
103	protein3	99.7	4.1	1.9338095000000002
103	rnapol	0.6	0.0	0.0
104	__protein1_rbs	7.55	0.0	0.0
104	__protein2_rbs	8.3	0.0	0.0
104	__protein3_rbs	2.25	0.0	0.0
104	__ribosome	34.55	0.0	0.0
104	__rnase_site_ext	14.45	0.0	0.0
104	p0	0.9	0.0	0.0
104	p2	0.95	0.0	0.0
104	protein1	390.1	13.45	2.09678345
104	protein2	365.85	14.3	2.065198599999999
104	protein3	101.5	4.05	1.9522618500000004
104	rnapol	0.55	0.0	0.0
105	__protein1_rbs	7.9	0.0	0.0
105	__protein2_rbs	9.05	0.0	0.0
105	__protein3_rbs	2.4	0.0	0.0
105	__ribosome	33.85	0.0	0.0
105	__rnase_site_ext	14.45	0.0	0.0
105	p0	0.75	0.0	0.0
105	p2	0.95	0.0	0.0
105	protein1	395.55	13.55	2.11120185
105	protein2	371.45	14.5	2.02189315
105	protein3	102.7	4.05	2.08333335
105	rnapol	0.45	0.0	0.0
106	__protein1_rbs	8.0	0.0	0.0
106	__protein2_rbs	8.0	0.0	0.0
106	__protein3_rbs	2.4	0.0	0.0
106	__ribosome	34.45	0.0	0.0
106	__rnase_site_ext	14.75	0.0	0.0
106	p0	0.7	0.0	0.0
106	p2	0.95	0.0	0.0
106	protein1	401.95	13.7	2.04689925
106	protein2	378.15	14.55	2.0054051
106	protein3	104.2	4.1	2.1558334
106	rnapol	0.45	0.0	0.0
107	__protein1_rbs	8.2	0.0	0.0
107	__protein2_rbs	8.55	0.0	0.0
107	__protein3_rbs	2.25	0.0	0.0
107	__ribosome	33.4	0.0	0.0
107	__rnase_site_ext	14.75	0.0	0.0
107	p0	0.8	0.0	0.0
107	p2	0.85	0.0	0.0
107	protein1	406.8	13.95	2.06087395
107	protein2	384.4	14.6	1.991791
107	protein3	105.7	4.05	2.2733333
107	rnapol	0.4	0.0	0.0
108	__protein1_rbs	7.45	0.0	0.0
108	__protein2_rbs	8.2	0.0	0.0
108	__protein3_rbs	2.45	0.0	0.0
108	__ribosome	31.85	0.0	0.0
108	__rnase_site_ext	14.45	0.0	0.0
108	p0	0.85	0.0	0.0
108	p2	0.95	0.0	0.0
108	protein1	412.8	13.85	2.1322420499999994
108	protein2	389.7	14.55	2.08984415
108	protein3	107.8	4.1	2.14916665
108	rnapol	0.45	0.0	0.0
109	__protein1_rbs	8.4	0.0	0.0
109	__protein2_rbs	7.95	0.0	0.0
109	__protein3_rbs	2.35	0.0	0.0
109	__ribosome	32.3	0.0	0.0
109	__rnase_site_ext	14.45	0.0	0.0
109	p0	0.9	0.0	0.0
109	p2	0.85	0.0	0.0
109	protein1	418.7	13.7	2.12025035
109	protein2	395.7	14.45	2.13133795
109	protein3	109.85	4.05	2.0883332999999995
109	rnapol	0.45	0.0	0.0
110	__protein1_rbs	8.25	0.0	0.0
110	__protein2_rbs	8.85	0.0	0.0
110	__protein3_rbs	2.3	0.0	0.0
110	__ribosome	32.85	0.0	0.0
110	__rnase_site_ext	14.65	0.0	0.0
110	p0	0.75	0.0	0.0
110	p2	0.85	0.0	0.0
110	protein1	424.85	13.65	2.0837797500000006
110	protein2	401.95	14.5	2.1125309500000005
110	protein3	111.25	3.95	2.17249995
110	rnapol	0.5	0.0	0.0
111	__protein1_rbs	8.7	0.0	0.0
111	__protein2_rbs	8.95	0.0	0.0
111	__protein3_rbs	2.75	0.0	0.0
111	__ribosome	33.6	0.0	0.0
111	__rnase_site_ext	14.9	0.0	0.0
111	p0	0.8	0.0	0.0
111	p2	0.9	0.0	0.0
111	protein1	430.4	13.8	2.03603705
111	protein2	407.8	14.55	2.10297365
111	protein3	112.9	4.1	1.9466666000000001
111	rnapol	0.55	0.0	0.0
112	__protein1_rbs	8.4	0.0	0.0
112	__protein2_rbs	8.5	0.0	0.0
112	__protein3_rbs	2.65	0.0	0.0
112	__ribosome	33.5	0.0	0.0
112	__rnase_site_ext	14.85	0.0	0.0
112	p0	0.75	0.0	0.0
112	p2	0.95	0.0	0.0
112	protein1	436.3	14.1	1.99986415
112	protein2	413.6	14.6	2.11749785
112	protein3	114.75	4.15	1.8608333
112	rnapol	0.4	0.0	0.0
113	__protein1_rbs	8.4	0.0	0.0
113	__protein2_rbs	8.45	0.0	0.0
113	__protein3_rbs	2.15	0.0	0.0
113	__ribosome	33.7	0.0	0.0
113	__rnase_site_ext	14.85	0.0	0.0
113	p0	0.9	0.0	0.0
113	p2	0.8	0.0	0.0
113	protein1	442.45	14.05	1.9831792000000001
113	protein2	420.45	14.7	2.07910425
113	protein3	116.45	4.15	1.9616666500000004
113	rnapol	0.4	0.0	0.0
114	__protein1_rbs	8.4	0.0	0.0
114	__protein2_rbs	8.6	0.0	0.0
114	__protein3_rbs	2.2	0.0	0.0
114	__ribosome	34.55	0.0	0.0
114	__rnase_site_ext	15.1	0.0	0.0
114	p0	0.85	0.0	0.0
114	p2	0.9	0.0	0.0
114	protein1	448.35	14.05	1.96461235
114	protein2	427.3	14.75	2.0021368
114	protein3	118.2	4.1	2.0508333500000004
114	rnapol	0.45	0.0	0.0
115	__protein1_rbs	8.45	0.0	0.0
115	__protein2_rbs	8.35	0.0	0.0
115	__protein3_rbs	2.45	0.0	0.0
115	__ribosome	33.05	0.0	0.0
115	__rnase_site_ext	15.1	0.0	0.0
115	p0	0.95	0.0	0.0
115	p2	0.85	0.0	0.0
115	protein1	453.5	14.25	1.9941576
115	protein2	433.45	14.85	2.02840035
115	protein3	119.75	4.25	1.9803571500000003
115	rnapol	0.5	0.0	0.0
116	__protein1_rbs	8.35	0.0	0.0
116	__protein2_rbs	9.4	0.0	0.0
116	__protein3_rbs	2.5	0.0	0.0
116	__ribosome	31.85	0.0	0.0
116	__rnase_site_ext	15.3	0.0	0.0
116	p0	0.75	0.0	0.0
116	p2	1.0	0.0	0.0
116	protein1	459.15	14.4	2.0104182999999995
116	protein2	438.7	14.9	2.05676855
116	protein3	121.25	4.25	2.07940485
116	rnapol	0.35	0.0	0.0
117	__protein1_rbs	8.4	0.0	0.0
117	__protein2_rbs	8.8	0.0	0.0
117	__protein3_rbs	2.55	0.0	0.0
117	__ribosome	30.7	0.0	0.0
117	__rnase_site_ext	15.35	0.0	0.0
117	p0	0.85	0.0	0.0
117	p2	1.0	0.0	0.0
117	protein1	464.6	14.4	2.0623770499999994
117	protein2	444.9	14.9	2.0840109
117	protein3	123.0	4.3	2.0870834
117	rnapol	0.3	0.0	0.0
118	__protein1_rbs	9.1	0.0	0.0
118	__protein2_rbs	9.05	0.0	0.0
118	__protein3_rbs	2.55	0.0	0.0
118	__ribosome	31.8	0.0	0.0
118	__rnase_site_ext	15.2	0.0	0.0
118	p0	0.8	0.0	0.0
118	p2	0.8	0.0	0.0
118	protein1	470.5	14.55	2.009514
118	protein2	451.2	15.0	2.02999745
118	protein3	124.75	4.3	2.0695834
118	rnapol	0.35	0.0	0.0
119	__protein1_rbs	8.8	0.0	0.0
119	__protein2_rbs	8.75	0.0	0.0
119	__protein3_rbs	2.55	0.0	0.0
119	__ribosome	32.0	0.0	0.0
119	__rnase_site_ext	15.3	0.0	0.0
119	p0	0.85	0.0	0.0
119	p2	0.75	0.0	0.0
119	protein1	476.45	14.45	2.00333285
119	protein2	457.25	15.05	2.05053535
119	protein3	126.6	4.25	2.085416700000001
119	rnapol	0.4	0.0	0.0
120	__protein1_rbs	8.4	0.0	0.0
120	__protein2_rbs	9.05	0.0	0.0
120	__protein3_rbs	2.4	0.0	0.0
120	__ribosome	32.65	0.0	0.0
120	__rnase_site_ext	15.35	0.0	0.0
120	p0	0.8	0.0	0.0
120	p2	0.85	0.0	0.0
120	protein1	482.7	14.4	2.0067121
120	protein2	464.75	15.2	1.9868464500000005
120	protein3	128.35	4.4	1.97749995
120	rnapol	0.75	0.0	0.0
121	__protein1_rbs	9.05	0.0	0.0
121	__protein2_rbs	9.6	0.0	0.0
121	__protein3_rbs	2.25	0.0	0.0
121	__ribosome	32.5	0.0	0.0
121	__rnase_site_ext	15.7	0.0	0.0
121	p0	0.85	0.0	0.0
121	p2	0.95	0.0	0.0
121	protein1	488.4	14.6	1.9658017999999997
121	protein2	470.75	15.45	1.93993925
121	protein3	130.05	4.4	2.18
121	rnapol	0.6	0.0	0.0
122	__protein1_rbs	8.65	0.0	0.0
122	__protein2_rbs	9.8	0.0	0.0
122	__protein3_rbs	2.65	0.0	0.0
122	__ribosome	31.45	0.0	0.0
122	__rnase_site_ext	15.8	0.0	0.0
122	p0	0.85	0.0	0.0
122	p2	0.95	0.0	0.0
122	protein1	494.6	14.8	1.9606616999999997
122	protein2	476.45	15.45	1.98847275
122	protein3	131.95	4.55	2.13166675
122	rnapol	0.65	0.0	0.0
123	__protein1_rbs	9.1	0.0	0.0
123	__protein2_rbs	9.2	0.0	0.0
123	__protein3_rbs	2.45	0.0	0.0
123	__ribosome	30.65	0.0	0.0
123	__rnase_site_ext	15.95	0.0	0.0
123	p0	0.85	0.0	0.0
123	p2	0.95	0.0	0.0
123	protein1	500.5	15.0	1.9368057
123	protein2	482.55	15.35	2.0244169500000004
123	protein3	133.7	4.55	2.21583335
123	rnapol	0.55	0.0	0.0
124	__protein1_rbs	8.65	0.0	0.0
124	__protein2_rbs	9.65	0.0	0.0
124	__protein3_rbs	2.7	0.0	0.0
124	__ribosome	29.95	0.0	0.0
124	__rnase_site_ext	16.05	0.0	0.0
124	p0	0.7	0.0	0.0
124	p2	0.9	0.0	0.0
124	protein1	506.25	15.1	1.9832925000000003
124	protein2	488.9	15.35	1.9844501999999995
124	protein3	135.25	4.55	2.2716667
124	rnapol	0.35	0.0	0.0
125	__protein1_rbs	9.25	0.0	0.0
125	__protein2_rbs	9.0	0.0	0.0
125	__protein3_rbs	2.95	0.0	0.0
125	__ribosome	30.65	0.0	0.0
125	__rnase_site_ext	16.2	0.0	0.0
125	p0	0.65	0.0	0.0
125	p2	0.9	0.0	0.0
125	protein1	512.9	15.15	1.9478181
125	protein2	495.25	15.4	2.0061664
125	protein3	137.15	4.55	2.1933333
125	rnapol	0.5	0.0	0.0
126	__protein1_rbs	9.4	0.0	0.0
126	__protein2_rbs	9.35	0.0	0.0
126	__protein3_rbs	2.65	0.0	0.0
126	__ribosome	30.4	0.0	0.0
126	__rnase_site_ext	16.35	0.0	0.0
126	p0	0.85	0.0	0.0
126	p2	0.9	0.0	0.0
126	protein1	518.4	15.45	1.9525692
126	protein2	502.05	15.55	1.9627096
126	protein3	139.25	4.5	2.1133333
126	rnapol	0.6	0.0	0.0
127	__protein1_rbs	9.9	0.0	0.0
127	__protein2_rbs	9.65	0.0	0.0
127	__protein3_rbs	2.7	0.0	0.0
127	__ribosome	31.25	0.0	0.0
127	__rnase_site_ext	16.45	0.0	0.0
127	p0	0.75	0.0	0.0
127	p2	0.95	0.0	0.0
127	protein1	524.4	15.45	1.9582707
127	protein2	507.95	15.5	1.94736915
127	protein3	141.7	4.45	1.9913889
127	rnapol	0.55	0.0	0.0
128	__protein1_rbs	9.55	0.0	0.0
128	__protein2_rbs	8.75	0.0	0.0
128	__protein3_rbs	2.65	0.0	0.0
128	__ribosome	30.3	0.0	0.0
128	__rnase_site_ext	16.5	0.0	0.0
128	p0	0.9	0.0	0.0
128	p2	0.9	0.0	0.0
128	protein1	530.7	15.55	1.93583935
128	protein2	513.9	15.5	2.0145425
128	protein3	143.55	4.55	1.9963889000000008
128	rnapol	0.45	0.0	0.0
129	__protein1_rbs	8.95	0.0	0.0
129	__protein2_rbs	9.45	0.0	0.0
129	__protein3_rbs	2.8	0.0	0.0
129	__ribosome	30.55	0.0	0.0
129	__rnase_site_ext	16.5	0.0	0.0
129	p0	0.8	0.0	0.0
129	p2	0.85	0.0	0.0
129	protein1	537.35	15.6	1.9280317999999999
129	protein2	520.45	15.7	1.9723023
129	protein3	145.4	4.55	1.9336111
129	rnapol	0.5	0.0	0.0
130	__protein1_rbs	9.9	0.0	0.0
130	__protein2_rbs	9.35	0.0	0.0
130	__protein3_rbs	3.05	0.0	0.0
130	__ribosome	30.3	0.0	0.0
130	__rnase_site_ext	16.45	0.0	0.0
130	p0	0.9	0.0	0.0
130	p2	0.85	0.0	0.0
130	protein1	543.25	15.7	1.91246095
130	protein2	526.65	15.8	1.96949855
130	protein3	147.15	4.6	1.87111115
130	rnapol	0.55	0.0	0.0
131	__protein1_rbs	9.55	0.0	0.0
131	__protein2_rbs	9.1	0.0	0.0
131	__protein3_rbs	3.25	0.0	0.0
131	__ribosome	30.45	0.0	0.0
131	__rnase_site_ext	16.7	0.0	0.0
131	p0	0.7	0.0	0.0
131	p2	1.0	0.0	0.0
131	protein1	549.55	15.55	1.93828935
131	protein2	533.55	15.85	1.956449
131	protein3	148.95	4.65	1.8825000000000005
131	rnapol	0.4	0.0	0.0
132	__protein1_rbs	9.6	0.0	0.0
132	__protein2_rbs	10.3	0.0	0.0
132	__protein3_rbs	2.55	0.0	0.0
132	__ribosome	29.8	0.0	0.0
132	__rnase_site_ext	16.6	0.0	0.0
132	p0	1.0	0.0	0.0
132	p2	0.95	0.0	0.0
132	protein1	555.45	15.8	1.8998254
132	protein2	539.6	16.1	1.9485901
132	protein3	150.8	4.65	1.95952385
132	rnapol	0.45	0.0	0.0
133	__protein1_rbs	10.15	0.0	0.0
133	__protein2_rbs	10.0	0.0	0.0
133	__protein3_rbs	3.05	0.0	0.0
133	__ribosome	30.05	0.0	0.0
133	__rnase_site_ext	16.75	0.0	0.0
133	p0	0.75	0.0	0.0
133	p2	0.85	0.0	0.0
133	protein1	561.9	15.8	1.866148
133	protein2	545.9	16.1	1.9819721
133	protein3	152.5	4.7	1.90047625
133	rnapol	0.35	0.0	0.0
134	__protein1_rbs	9.5	0.0	0.0
134	__protein2_rbs	9.45	0.0	0.0
134	__protein3_rbs	2.45	0.0	0.0
134	__ribosome	28.9	0.0	0.0
134	__rnase_site_ext	16.65	0.0	0.0
134	p0	0.95	0.0	0.0
134	p2	0.8	0.0	0.0
134	protein1	568.0	15.8	1.90639295
134	protein2	552.2	16.15	1.9989822000000004
134	protein3	154.7	4.7	1.95023815
134	rnapol	0.5	0.0	0.0
135	__protein1_rbs	10.4	0.0	0.0
135	__protein2_rbs	10.2	0.0	0.0
135	__protein3_rbs	3.2	0.0	0.0
135	__ribosome	29.75	0.0	0.0
135	__rnase_site_ext	16.6	0.0	0.0
135	p0	0.9	0.0	0.0
135	p2	0.9	0.0	0.0
135	protein1	574.25	15.85	1.86911965
135	protein2	558.5	16.3	1.95261575
135	protein3	156.25	4.7	2.0383334
135	rnapol	0.65	0.0	0.0
136	__protein1_rbs	9.85	0.0	0.0
136	__protein2_rbs	9.7	0.0	0.0
136	__protein3_rbs	3.1	0.0	0.0
136	__ribosome	29.6	0.0	0.0
136	__rnase_site_ext	16.75	0.0	0.0
136	p0	0.8	0.0	0.0
136	p2	1.0	0.0	0.0
136	protein1	580.35	15.8	1.90527395
136	protein2	566.0	16.55	1.9008510500000004
136	protein3	158.25	4.75	1.9662499500000004
136	rnapol	0.7	0.0	0.0
137	__protein1_rbs	10.1	0.0	0.0
137	__protein2_rbs	9.45	0.0	0.0
137	__protein3_rbs	3.05	0.0	0.0
137	__ribosome	29.35	0.0	0.0
137	__rnase_site_ext	16.85	0.0	0.0
137	p0	0.75	0.0	0.0
137	p2	0.95	0.0	0.0
137	protein1	587.1	15.95	1.85589295
137	protein2	572.35	16.6	1.9556471999999998
137	protein3	160.3	4.8	1.9383332999999998
137	rnapol	0.6	0.0	0.0
138	__protein1_rbs	10.2	0.0	0.0
138	__protein2_rbs	10.25	0.0	0.0
138	__protein3_rbs	2.55	0.0	0.0
138	__ribosome	28.05	0.0	0.0
138	__rnase_site_ext	16.85	0.0	0.0
138	p0	0.9	0.0	0.0
138	p2	0.9	0.0	0.0
138	protein1	593.1	16.0	1.87181895
138	protein2	578.85	16.7	1.95486445
138	protein3	161.85	4.75	2.0908333
138	rnapol	0.7	0.0	0.0
139	__protein1_rbs	10.5	0.0	0.0
139	__protein2_rbs	10.7	0.0	0.0
139	__protein3_rbs	2.85	0.0	0.0
139	__ribosome	27.6	0.0	0.0
139	__rnase_site_ext	16.55	0.0	0.0
139	p0	0.85	0.0	0.0
139	p2	0.8	0.0	0.0
139	protein1	599.25	16.05	1.85635925
139	protein2	584.85	17.0	1.9708838
139	protein3	164.1	4.75	1.9616667
139	rnapol	0.6	0.0	0.0
140	__protein1_rbs	10.3	0.0	0.0
140	__protein2_rbs	10.35	0.0	0.0
140	__protein3_rbs	2.9	0.0	0.0
140	__ribosome	28.75	0.0	0.0
140	__rnase_site_ext	16.35	0.0	0.0
140	p0	0.85	0.0	0.0
140	p2	0.8	0.0	0.0
140	protein1	605.75	15.75	1.85846625
140	protein2	592.0	17.0	1.94780775
140	protein3	166.0	4.75	1.95333335
140	rnapol	0.75	0.0	0.0
141	__protein1_rbs	9.95	0.0	0.0
141	__protein2_rbs	10.05	0.0	0.0
141	__protein3_rbs	2.75	0.0	0.0
141	__ribosome	28.25	0.0	0.0
141	__rnase_site_ext	16.6	0.0	0.0
141	p0	0.75	0.0	0.0
141	p2	0.9	0.0	0.0
141	protein1	612.05	15.65	1.8615616000000004
141	protein2	598.6	16.85	1.9806615999999997
141	protein3	167.9	4.75	2.00609125
141	rnapol	0.7	0.0	0.0
142	__protein1_rbs	9.6	0.0	0.0
142	__protein2_rbs	11.15	0.0	0.0
142	__protein3_rbs	3.3	0.0	0.0
142	__ribosome	30.25	0.0	0.0
142	__rnase_site_ext	16.65	0.0	0.0
142	p0	0.9	0.0	0.0
142	p2	0.85	0.0	0.0
142	protein1	618.5	15.75	1.8500379
142	protein2	606.35	16.9	1.8816688999999998
142	protein3	169.75	4.75	1.9255953
142	rnapol	0.6	0.0	0.0
143	__protein1_rbs	9.75	0.0	0.0
143	__protein2_rbs	9.25	0.0	0.0
143	__protein3_rbs	2.5	0.0	0.0
143	__ribosome	28.3	0.0	0.0
143	__rnase_site_ext	16.65	0.0	0.0
143	p0	0.95	0.0	0.0
143	p2	0.85	0.0	0.0
143	protein1	624.2	15.95	1.8711733500000003
143	protein2	613.2	16.9	1.9322308000000004
143	protein3	171.85	4.85	1.985119
143	rnapol	0.55	0.0	0.0
144	__protein1_rbs	10.4	0.0	0.0
144	__protein2_rbs	10.85	0.0	0.0
144	__protein3_rbs	3.0	0.0	0.0
144	__ribosome	29.0	0.0	0.0
144	__rnase_site_ext	16.65	0.0	0.0
144	p0	0.7	0.0	0.0
144	p2	0.85	0.0	0.0
144	protein1	630.35	15.9	1.8495865
144	protein2	619.95	16.95	1.9082126999999995
144	protein3	173.6	4.9	2.02432535
144	rnapol	0.45	0.0	0.0
145	__protein1_rbs	9.85	0.0	0.0
145	__protein2_rbs	10.25	0.0	0.0
145	__protein3_rbs	3.35	0.0	0.0
145	__ribosome	28.6	0.0	0.0
145	__rnase_site_ext	16.75	0.0	0.0
145	p0	0.85	0.0	0.0
145	p2	0.75	0.0	0.0
145	protein1	636.25	15.8	1.8884275000000001
145	protein2	626.4	16.9	1.9429728
145	protein3	175.9	5.0	1.86996035
145	rnapol	0.45	0.0	0.0
146	__protein1_rbs	10.25	0.0	0.0
146	__protein2_rbs	11.1	0.0	0.0
146	__protein3_rbs	3.0	0.0	0.0
146	__ribosome	29.4	0.0	0.0
146	__rnase_site_ext	16.9	0.0	0.0
146	p0	0.85	0.0	0.0
146	p2	0.9	0.0	0.0
146	protein1	642.85	15.95	1.8499926
146	protein2	633.5	17.15	1.87590095
146	protein3	178.0	5.05	1.88297615
146	rnapol	0.6	0.0	0.0
147	__protein1_rbs	10.1	0.0	0.0
147	__protein2_rbs	11.3	0.0	0.0
147	__protein3_rbs	3.55	0.0	0.0
147	__ribosome	28.85	0.0	0.0
147	__rnase_site_ext	16.9	0.0	0.0
147	p0	0.85	0.0	0.0
147	p2	0.85	0.0	0.0
147	protein1	648.95	16.1	1.8686856
147	protein2	640.2	17.15	1.8543148000000005
147	protein3	179.65	5.25	1.8932143
147	rnapol	0.6	0.0	0.0
148	__protein1_rbs	9.95	0.0	0.0
148	__protein2_rbs	10.8	0.0	0.0
148	__protein3_rbs	3.15	0.0	0.0
148	__ribosome	28.2	0.0	0.0
148	__rnase_site_ext	16.9	0.0	0.0
148	p0	0.8	0.0	0.0
148	p2	0.9	0.0	0.0
148	protein1	654.9	16.1	1.9101737
148	protein2	647.0	17.05	1.8748505
148	protein3	181.8	5.35	1.90333345
148	rnapol	0.65	0.0	0.0
149	__protein1_rbs	10.1	0.0	0.0
149	__protein2_rbs	11.75	0.0	0.0
149	__protein3_rbs	3.25	0.0	0.0
149	__ribosome	29.0	0.0	0.0
149	__rnase_site_ext	17.05	0.0	0.0
149	p0	0.9	0.0	0.0
149	p2	1.0	0.0	0.0
149	protein1	661.2	16.15	1.8852333
149	protein2	653.7	17.25	1.802897
149	protein3	183.7	5.35	1.9215079000000004
149	rnapol	0.7	0.0	0.0
150	__protein1_rbs	10.45	0.0	0.0
150	__protein2_rbs	10.4	0.0	0.0
150	__protein3_rbs	3.45	0.0	0.0
150	__ribosome	27.05	0.0	0.0
150	__rnase_site_ext	17.35	0.0	0.0
150	p0	0.65	0.0	0.0
150	p2	0.95	0.0	0.0
150	protein1	667.25	16.25	1.8935927
150	protein2	660.3	17.4	1.84644455
150	protein3	185.4	5.45	1.96265875
150	rnapol	0.65	0.0	0.0
151	__protein1_rbs	11.05	0.0	0.0
151	__protein2_rbs	11.5	0.0	0.0
151	__protein3_rbs	3.35	0.0	0.0
151	__ribosome	28.9	0.0	0.0
151	__rnase_site_ext	17.6	0.0	0.0
151	p0	0.8	0.0	0.0
151	p2	0.95	0.0	0.0
151	protein1	674.05	16.5	1.7984593999999998
151	protein2	667.05	17.5	1.81479105
151	protein3	187.9	5.45	1.8799603
151	rnapol	0.6	0.0	0.0
152	__protein1_rbs	9.75	0.0	0.0
152	__protein2_rbs	11.5	0.0	0.0
152	__protein3_rbs	3.9	0.0	0.0
152	__ribosome	28.25	0.0	0.0
152	__rnase_site_ext	17.65	0.0	0.0
152	p0	0.8	0.0	0.0
152	p2	0.8	0.0	0.0
152	protein1	680.5	16.75	1.82665575
152	protein2	673.45	17.6	1.82540055
152	protein3	190.0	5.4	1.7845634500000005
152	rnapol	0.4	0.0	0.0
153	__protein1_rbs	10.35	0.0	0.0
153	__protein2_rbs	11.0	0.0	0.0
153	__protein3_rbs	3.15	0.0	0.0
153	__ribosome	26.8	0.0	0.0
153	__rnase_site_ext	17.65	0.0	0.0
153	p0	0.8	0.0	0.0
153	p2	0.8	0.0	0.0
153	protein1	686.45	16.75	1.8755212500000005
153	protein2	680.1	17.3	1.8550868000000003
153	protein3	191.85	5.4	1.9265043
153	rnapol	0.35	0.0	0.0
154	__protein1_rbs	11.25	0.0	0.0
154	__protein2_rbs	11.0	0.0	0.0
154	__protein3_rbs	3.45	0.0	0.0
154	__ribosome	27.3	0.0	0.0
154	__rnase_site_ext	17.55	0.0	0.0
154	p0	0.9	0.0	0.0
154	p2	0.95	0.0	0.0
154	protein1	693.35	16.75	1.8248620999999998
154	protein2	686.35	17.3	1.89282335
154	protein3	194.2	5.5	1.85898805
154	rnapol	0.55	0.0	0.0
155	__protein1_rbs	10.45	0.0	0.0
155	__protein2_rbs	10.7	0.0	0.0
155	__protein3_rbs	3.6	0.0	0.0
155	__ribosome	27.6	0.0	0.0
155	__rnase_site_ext	17.6	0.0	0.0
155	p0	0.85	0.0	0.0
155	p2	0.8	0.0	0.0
155	protein1	699.4	16.75	1.8593497
155	protein2	693.9	17.3	1.8287189
155	protein3	196.35	5.65	1.8349008000000004
155	rnapol	0.7	0.0	0.0
156	__protein1_rbs	10.7	0.0	0.0
156	__protein2_rbs	11.3	0.0	0.0
156	__protein3_rbs	3.7	0.0	0.0
156	__ribosome	27.55	0.0	0.0
156	__rnase_site_ext	17.75	0.0	0.0
156	p0	0.65	0.0	0.0
156	p2	0.9	0.0	0.0
156	protein1	705.95	16.7	1.8679396
156	protein2	700.1	17.15	1.84485255
156	protein3	198.2	5.7	1.88287705
156	rnapol	0.55	0.0	0.0
157	__protein1_rbs	10.35	0.0	0.0
157	__protein2_rbs	10.85	0.0	0.0
157	__protein3_rbs	3.95	0.0	0.0
157	__ribosome	28.95	0.0	0.0
157	__rnase_site_ext	17.8	0.0	0.0
157	p0	0.8	0.0	0.0
157	p2	0.95	0.0	0.0
157	protein1	713.05	16.7	1.8257221
157	protein2	707.25	17.1	1.82547915
157	protein3	200.55	5.8	1.7994230999999998
157	rnapol	0.45	0.0	0.0
158	__protein1_rbs	10.5	0.0	0.0
158	__protein2_rbs	10.35	0.0	0.0
158	__protein3_rbs	3.6	0.0	0.0
158	__ribosome	27.8	0.0	0.0
158	__rnase_site_ext	17.85	0.0	0.0
158	p0	0.85	0.0	0.0
158	p2	1.0	0.0	0.0
158	protein1	719.4	16.9	1.81398665
158	protein2	714.15	17.25	1.8612239999999995
158	protein3	202.6	5.75	1.8258333
158	rnapol	0.45	0.0	0.0
159	__protein1_rbs	10.95	0.0	0.0
159	__protein2_rbs	11.2	0.0	0.0
159	__protein3_rbs	3.5	0.0	0.0
159	__ribosome	26.55	0.0	0.0
159	__rnase_site_ext	17.95	0.0	0.0
159	p0	0.75	0.0	0.0
159	p2	1.0	0.0	0.0
159	protein1	725.15	16.95	1.8407331
159	protein2	720.3	17.55	1.8502452
159	protein3	204.9	5.8	1.80416665
159	rnapol	0.45	0.0	0.0
160	__protein1_rbs	10.9	0.0	0.0
160	__protein2_rbs	11.0	0.0	0.0
160	__protein3_rbs	3.7	0.0	0.0
160	__ribosome	26.5	0.0	0.0
160	__rnase_site_ext	18.1	0.0	0.0
160	p0	0.9	0.0	0.0
160	p2	0.95	0.0	0.0
160	protein1	731.7	17.05	1.81871215
160	protein2	727.2	17.6	1.84696295
160	protein3	206.6	5.75	1.8660714500000004
160	rnapol	0.6	0.0	0.0
161	__protein1_rbs	10.7	0.0	0.0
161	__protein2_rbs	11.3	0.0	0.0
161	__protein3_rbs	4.0	0.0	0.0
161	__ribosome	26.1	0.0	0.0
161	__rnase_site_ext	18.05	0.0	0.0
161	p0	0.95	0.0	0.0
161	p2	0.95	0.0	0.0
161	protein1	738.55	17.3	1.8205351000000003
161	protein2	733.55	17.75	1.8501941500000003
161	protein3	208.95	5.65	1.7879960499999998
161	rnapol	0.65	0.0	0.0
162	__protein1_rbs	11.2	0.0	0.0
162	__protein2_rbs	11.95	0.0	0.0
162	__protein3_rbs	3.95	0.0	0.0
162	__ribosome	27.2	0.0	0.0
162	__rnase_site_ext	18.0	0.0	0.0
162	p0	0.85	0.0	0.0
162	p2	1.0	0.0	0.0
162	protein1	744.75	17.1	1.855458
162	protein2	741.1	17.75	1.77796535
162	protein3	211.25	5.7	1.7719245999999995
162	rnapol	0.65	0.0	0.0
163	__protein1_rbs	11.05	0.0	0.0
163	__protein2_rbs	11.7	0.0	0.0
163	__protein3_rbs	3.4	0.0	0.0
163	__ribosome	26.85	0.0	0.0
163	__rnase_site_ext	18.2	0.0	0.0
163	p0	0.7	0.0	0.0
163	p2	0.85	0.0	0.0
163	protein1	751.45	17.05	1.85811165
163	protein2	747.45	17.8	1.7875541000000001
163	protein3	213.5	5.7	1.83392855
163	rnapol	0.8	0.0	0.0
164	__protein1_rbs	10.65	0.0	0.0
164	__protein2_rbs	11.45	0.0	0.0
164	__protein3_rbs	3.5	0.0	0.0
164	__ribosome	26.85	0.0	0.0
164	__rnase_site_ext	18.2	0.0	0.0
164	p0	0.8	0.0	0.0
164	p2	0.9	0.0	0.0
164	protein1	758.0	17.1	1.8651658500000003
164	protein2	754.85	17.9	1.7591779999999997
164	protein3	215.65	5.65	1.85992065
164	rnapol	0.6	0.0	0.0
165	__protein1_rbs	10.3	0.0	0.0
165	__protein2_rbs	12.3	0.0	0.0
165	__protein3_rbs	3.65	0.0	0.0
165	__ribosome	27.1	0.0	0.0
165	__rnase_site_ext	18.05	0.0	0.0
165	p0	0.95	0.0	0.0
165	p2	0.7	0.0	0.0
165	protein1	765.25	17.25	1.8479989
165	protein2	761.5	18.35	1.7228663999999998
165	protein3	218.15	5.75	1.7269444
165	rnapol	0.6	0.0	0.0
166	__protein1_rbs	11.45	0.0	0.0
166	__protein2_rbs	11.7	0.0	0.0
166	__protein3_rbs	3.45	0.0	0.0
166	__ribosome	26.05	0.0	0.0
166	__rnase_site_ext	18.0	0.0	0.0
166	p0	0.75	0.0	0.0
166	p2	0.85	0.0	0.0
166	protein1	771.75	17.25	1.84104885
166	protein2	767.95	18.3	1.7605987499999998
166	protein3	219.95	5.65	1.8717063000000003
166	rnapol	0.6	0.0	0.0
167	__protein1_rbs	10.35	0.0	0.0
167	__protein2_rbs	12.4	0.0	0.0
167	__protein3_rbs	4.4	0.0	0.0
167	__ribosome	26.4	0.0	0.0
167	__rnase_site_ext	18.0	0.0	0.0
167	p0	0.75	0.0	0.0
167	p2	0.85	0.0	0.0
167	protein1	778.25	17.0	1.8953996500000003
167	protein2	774.4	18.35	1.7409947000000001
167	protein3	222.35	5.9	1.67325395
167	rnapol	0.55	0.0	0.0
168	__protein1_rbs	11.4	0.0	0.0
168	__protein2_rbs	12.0	0.0	0.0
168	__protein3_rbs	3.45	0.0	0.0
168	__ribosome	27.4	0.0	0.0
168	__rnase_site_ext	17.95	0.0	0.0
168	p0	0.7	0.0	0.0
168	p2	0.95	0.0	0.0
168	protein1	785.45	17.15	1.83831195
168	protein2	781.5	18.35	1.70287545
168	protein3	224.4	6.0	1.80422615
168	rnapol	0.35	0.0	0.0
169	__protein1_rbs	11.3	0.0	0.0
169	__protein2_rbs	11.8	0.0	0.0
169	__protein3_rbs	4.0	0.0	0.0
169	__ribosome	27.65	0.0	0.0
169	__rnase_site_ext	17.95	0.0	0.0
169	p0	0.9	0.0	0.0
169	p2	1.0	0.0	0.0
169	protein1	791.8	17.05	1.8313035
169	protein2	788.65	18.1	1.71975895
169	protein3	226.55	6.1	1.8002579499999996
169	rnapol	0.5	0.0	0.0
170	__protein1_rbs	11.7	0.0	0.0
170	__protein2_rbs	10.5	0.0	0.0
170	__protein3_rbs	3.55	0.0	0.0
170	__ribosome	27.05	0.0	0.0
170	__rnase_site_ext	17.95	0.0	0.0
170	p0	0.8	0.0	0.0
170	p2	0.9	0.0	0.0
170	protein1	798.45	17.05	1.7731592000000005
170	protein2	795.45	18.05	1.77504355
170	protein3	228.7	6.05	1.93649715
170	rnapol	0.6	0.0	0.0
171	__protein1_rbs	10.9	0.0	0.0
171	__protein2_rbs	12.25	0.0	0.0
171	__protein3_rbs	3.95	0.0	0.0
171	__ribosome	27.95	0.0	0.0
171	__rnase_site_ext	18.1	0.0	0.0
171	p0	0.85	0.0	0.0
171	p2	1.0	0.0	0.0
171	protein1	805.3	17.1	1.76654135
171	protein2	802.05	18.25	1.7352414
171	protein3	231.1	6.0	1.9915585
171	rnapol	0.75	0.0	0.0
172	__protein1_rbs	10.6	0.0	0.0
172	__protein2_rbs	11.55	0.0	0.0
172	__protein3_rbs	3.9	0.0	0.0
172	__ribosome	27.55	0.0	0.0
172	__rnase_site_ext	18.05	0.0	0.0
172	p0	0.85	0.0	0.0
172	p2	0.95	0.0	0.0
172	protein1	812.7	17.1	1.7533003
172	protein2	808.7	18.3	1.7786107000000002
172	protein3	233.45	5.95	1.9561597500000003
172	rnapol	0.85	0.0	0.0
173	__protein1_rbs	10.95	0.0	0.0
173	__protein2_rbs	11.85	0.0	0.0
173	__protein3_rbs	3.95	0.0	0.0
173	__ribosome	26.7	0.0	0.0
173	__rnase_site_ext	17.95	0.0	0.0
173	p0	0.9	0.0	0.0
173	p2	0.85	0.0	0.0
173	protein1	819.05	17.1	1.7703746999999999
173	protein2	814.65	18.2	1.8157809000000005
173	protein3	235.7	5.95	1.8761851000000003
173	rnapol	0.95	0.0	0.0
174	__protein1_rbs	11.05	0.0	0.0
174	__protein2_rbs	11.75	0.0	0.0
174	__protein3_rbs	3.75	0.0	0.0
174	__ribosome	27.0	0.0	0.0
174	__rnase_site_ext	18.2	0.0	0.0
174	p0	0.65	0.0	0.0
174	p2	0.9	0.0	0.0
174	protein1	824.55	17.1	1.8234796
174	protein2	822.75	18.4	1.73716315
174	protein3	238.6	5.9	1.79434525
174	rnapol	0.6	0.0	0.0
175	__protein1_rbs	11.15	0.0	0.0
175	__protein2_rbs	11.4	0.0	0.0
175	__protein3_rbs	3.9	0.0	0.0
175	__ribosome	25.5	0.0	0.0
175	__rnase_site_ext	18.7	0.0	0.0
175	p0	0.85	0.0	0.0
175	p2	0.95	0.0	0.0
175	protein1	830.65	17.3	1.81383385
175	protein2	829.25	18.55	1.77669595
175	protein3	240.7	5.95	1.7632937000000002
175	rnapol	0.45	0.0	0.0
176	__protein1_rbs	11.25	0.0	0.0
176	__protein2_rbs	11.55	0.0	0.0
176	__protein3_rbs	4.3	0.0	0.0
176	__ribosome	25.45	0.0	0.0
176	__rnase_site_ext	18.65	0.0	0.0
176	p0	0.75	0.0	0.0
176	p2	0.95	0.0	0.0
176	protein1	837.8	17.65	1.7388820499999995
176	protein2	835.8	18.7	1.8224014500000003
176	protein3	242.95	6.0	1.6975397
176	rnapol	0.75	0.0	0.0
177	__protein1_rbs	11.45	0.0	0.0
177	__protein2_rbs	12.3	0.0	0.0
177	__protein3_rbs	4.15	0.0	0.0
177	__ribosome	26.25	0.0	0.0
177	__rnase_site_ext	18.7	0.0	0.0
177	p0	0.9	0.0	0.0
177	p2	1.0	0.0	0.0
177	protein1	844.9	17.7	1.7349040000000002
177	protein2	842.95	18.65	1.80747665
177	protein3	245.25	6.0	inf
177	rnapol	0.65	0.0	0.0
178	__protein1_rbs	11.3	0.0	0.0
178	__protein2_rbs	12.45	0.0	0.0
178	__protein3_rbs	3.65	0.0	0.0
178	__ribosome	25.7	0.0	0.0
178	__rnase_site_ext	18.7	0.0	0.0
178	p0	0.85	0.0	0.0
178	p2	0.95	0.0	0.0
178	protein1	851.4	17.75	1.7595454999999998
178	protein2	849.9	18.6	1.807092
178	protein3	247.8	5.9	1.63374455
178	rnapol	0.5	0.0	0.0
179	__protein1_rbs	12.85	0.0	0.0
179	__protein2_rbs	11.35	0.0	0.0
179	__protein3_rbs	4.1	0.0	0.0
179	__ribosome	26.1	0.0	0.0
179	__rnase_site_ext	18.8	0.0	0.0
179	p0	0.85	0.0	0.0
179	p2	0.8	0.0	0.0
179	protein1	857.6	17.8	1.70631495
179	protein2	857.15	18.65	1.8184772499999995
179	protein3	249.65	5.9	1.6391198000000002
179	rnapol	0.4	0.0	0.0
180	__protein1_rbs	10.95	0.0	0.0
180	__protein2_rbs	12.05	0.0	0.0
180	__protein3_rbs	4.3	0.0	0.0
180	__ribosome	26.2	0.0	0.0
180	__rnase_site_ext	18.7	0.0	0.0
180	p0	0.95	0.0	0.0
180	p2	0.8	0.0	0.0
180	protein1	864.55	17.85	1.7408856499999998
180	protein2	864.55	18.6	1.80433365
180	protein3	251.85	5.8	1.6025270500000002
180	rnapol	0.5	0.0	0.0
181	__protein1_rbs	11.75	0.0	0.0
181	__protein2_rbs	11.8	0.0	0.0
181	__protein3_rbs	3.9	0.0	0.0
181	__ribosome	26.25	0.0	0.0
181	__rnase_site_ext	18.85	0.0	0.0
181	p0	0.75	0.0	0.0
181	p2	0.75	0.0	0.0
181	protein1	871.1	17.65	1.7272747999999996
181	protein2	871.55	18.6	1.8304211
181	protein3	253.9	5.9	1.5773052
181	rnapol	0.3	0.0	0.0
182	__protein1_rbs	11.6	0.0	0.0
182	__protein2_rbs	11.25	0.0	0.0
182	__protein3_rbs	3.65	0.0	0.0
182	__ribosome	26.1	0.0	0.0
182	__rnase_site_ext	19.0	0.0	0.0
182	p0	0.8	0.0	0.0
182	p2	0.8	0.0	0.0
182	protein1	878.1	17.75	1.6927176999999998
182	protein2	879.0	18.75	1.8424043999999997
182	protein3	256.1	5.85	1.6717098999999995
182	rnapol	0.25	0.0	0.0
183	__protein1_rbs	11.1	0.0	0.0
183	__protein2_rbs	11.8	0.0	0.0
183	__protein3_rbs	3.95	0.0	0.0
183	__ribosome	24.6	0.0	0.0
183	__rnase_site_ext	18.9	0.0	0.0
183	p0	0.8	0.0	0.0
183	p2	0.9	0.0	0.0
183	protein1	884.7	17.85	1.73788405
183	protein2	886.0	18.8	1.8734534999999999
183	protein3	258.35	6.1	1.5879437
183	rnapol	0.25	0.0	0.0
184	__protein1_rbs	11.95	0.0	0.0
184	__protein2_rbs	13.05	0.0	0.0
184	__protein3_rbs	4.0	0.0	0.0
184	__ribosome	25.4	0.0	0.0
184	__rnase_site_ext	18.8	0.0	0.0
184	p0	0.95	0.0	0.0
184	p2	0.9	0.0	0.0
184	protein1	890.55	17.9	1.7674996999999997
184	protein2	893.65	18.75	1.77563575
184	protein3	260.4	6.2	1.62344155
184	rnapol	0.4	0.0	0.0
185	__protein1_rbs	12.3	0.0	0.0
185	__protein2_rbs	11.6	0.0	0.0
185	__protein3_rbs	4.35	0.0	0.0
185	__ribosome	25.45	0.0	0.0
185	__rnase_site_ext	18.9	0.0	0.0
185	p0	0.9	0.0	0.0
185	p2	0.9	0.0	0.0
185	protein1	897.5	17.8	1.7346988499999996
185	protein2	900.85	18.85	1.78878625
185	protein3	262.35	6.2	1.6303085
185	rnapol	0.45	0.0	0.0
186	__protein1_rbs	11.55	0.0	0.0
186	__protein2_rbs	12.65	0.0	0.0
186	__protein3_rbs	4.45	0.0	0.0
186	__ribosome	25.9	0.0	0.0
186	__rnase_site_ext	18.95	0.0	0.0
186	p0	0.8	0.0	0.0
186	p2	0.95	0.0	0.0
186	protein1	904.3	17.95	1.7278671499999994
186	protein2	908.2	18.75	1.7842801499999996
186	protein3	264.7	6.2	1.5532486
186	rnapol	0.55	0.0	0.0
187	__protein1_rbs	11.85	0.0	0.0
187	__protein2_rbs	12.7	0.0	0.0
187	__protein3_rbs	3.7	0.0	0.0
187	__ribosome	25.1	0.0	0.0
187	__rnase_site_ext	19.0	0.0	0.0
187	p0	0.85	0.0	0.0
187	p2	0.85	0.0	0.0
187	protein1	910.8	17.9	1.7602084999999998
187	protein2	915.25	18.7	1.7694908000000005
187	protein3	266.8	6.15	1.6737013500000004
187	rnapol	0.8	0.0	0.0
188	__protein1_rbs	11.7	0.0	0.0
188	__protein2_rbs	11.85	0.0	0.0
188	__protein3_rbs	3.85	0.0	0.0
188	__ribosome	26.2	0.0	0.0
188	__rnase_site_ext	19.05	0.0	0.0
188	p0	0.95	0.0	0.0
188	p2	0.85	0.0	0.0
188	protein1	917.95	18.0	1.7230578
188	protein2	923.15	18.85	1.72954455
188	protein3	269.35	6.25	1.6444191500000005
188	rnapol	0.95	0.0	0.0
189	__protein1_rbs	11.55	0.0	0.0
189	__protein2_rbs	11.55	0.0	0.0
189	__protein3_rbs	4.25	0.0	0.0
189	__ribosome	24.95	0.0	0.0
189	__rnase_site_ext	19.25	0.0	0.0
189	p0	0.8	0.0	0.0
189	p2	0.8	0.0	0.0
189	protein1	924.75	18.0	1.7226928999999995
189	protein2	929.65	18.9	1.7962626
189	protein3	271.65	6.35	1.6197619
189	rnapol	0.85	0.0	0.0
190	__protein1_rbs	11.7	0.0	0.0
190	__protein2_rbs	12.1	0.0	0.0
190	__protein3_rbs	4.9	0.0	0.0
190	__ribosome	25.7	0.0	0.0
190	__rnase_site_ext	19.1	0.0	0.0
190	p0	0.8	0.0	0.0
190	p2	0.9	0.0	0.0
190	protein1	931.5	18.2	1.7211886500000002
190	protein2	937.55	18.9	1.7517319999999994
190	protein3	273.65	6.25	1.5919445499999998
190	rnapol	0.8	0.0	0.0
191	__protein1_rbs	12.8	0.0	0.0
191	__protein2_rbs	12.4	0.0	0.0
191	__protein3_rbs	4.3	0.0	0.0
191	__ribosome	25.0	0.0	0.0
191	__rnase_site_ext	19.2	0.0	0.0
191	p0	0.75	0.0	0.0
191	p2	0.85	0.0	0.0
191	protein1	938.1	18.2	1.6971067999999998
191	protein2	943.6	18.95	1.8084686999999997
191	protein3	275.75	6.4	1.6000396999999995
191	rnapol	0.75	0.0	0.0
192	__protein1_rbs	11.85	0.0	0.0
192	__protein2_rbs	12.2	0.0	0.0
192	__protein3_rbs	4.05	0.0	0.0
192	__ribosome	24.35	0.0	0.0
192	__rnase_site_ext	19.15	0.0	0.0
192	p0	0.9	0.0	0.0
192	p2	0.9	0.0	0.0
192	protein1	944.3	18.15	1.7404528000000004
192	protein2	950.45	19.15	1.8044618
192	protein3	278.7	6.35	1.58682535
192	rnapol	0.75	0.0	0.0
193	__protein1_rbs	11.75	0.0	0.0
193	__protein2_rbs	12.45	0.0	0.0
193	__protein3_rbs	4.2	0.0	0.0
193	__ribosome	26.0	0.0	0.0
193	__rnase_site_ext	19.4	0.0	0.0
193	p0	0.85	0.0	0.0
193	p2	0.85	0.0	0.0
193	protein1	951.6	18.25	1.71353765
193	protein2	958.95	19.05	1.7377295499999998
193	protein3	280.85	6.25	1.6380953000000005
193	rnapol	0.45	0.0	0.0
194	__protein1_rbs	12.7	0.0	0.0
194	__protein2_rbs	12.1	0.0	0.0
194	__protein3_rbs	4.2	0.0	0.0
194	__ribosome	26.35	0.0	0.0
194	__rnase_site_ext	19.45	0.0	0.0
194	p0	0.9	0.0	0.0
194	p2	0.85	0.0	0.0
194	protein1	958.55	18.35	1.6539285500000005
194	protein2	966.35	18.8	1.7734919999999998
194	protein3	282.85	6.35	1.66303575
194	rnapol	0.5	0.0	0.0
195	__protein1_rbs	11.15	0.0	0.0
195	__protein2_rbs	12.35	0.0	0.0
195	__protein3_rbs	4.1	0.0	0.0
195	__ribosome	25.4	0.0	0.0
195	__rnase_site_ext	19.6	0.0	0.0
195	p0	0.9	0.0	0.0
195	p2	0.95	0.0	0.0
195	protein1	965.4	18.4	1.69990085
195	protein2	973.7	18.85	1.7565551499999998
195	protein3	284.95	6.45	1.69261905
195	rnapol	0.55	0.0	0.0
196	__protein1_rbs	12.3	0.0	0.0
196	__protein2_rbs	13.25	0.0	0.0
196	__protein3_rbs	4.35	0.0	0.0
196	__ribosome	24.8	0.0	0.0
196	__rnase_site_ext	19.75	0.0	0.0
196	p0	0.75	0.0	0.0
196	p2	0.95	0.0	0.0
196	protein1	972.15	18.6	1.70465385
196	protein2	980.35	18.85	1.76462445
196	protein3	287.1	6.4	1.6702976500000002
196	rnapol	0.45	0.0	0.0
197	__protein1_rbs	11.85	0.0	0.0
197	__protein2_rbs	12.65	0.0	0.0
197	__protein3_rbs	4.35	0.0	0.0
197	__ribosome	24.95	0.0	0.0
197	__rnase_site_ext	19.8	0.0	0.0
197	p0	0.75	0.0	0.0
197	p2	1.0	0.0	0.0
197	protein1	979.05	18.7	1.7357985500000006
197	protein2	987.85	19.0	1.7067038
197	protein3	289.75	6.5	1.6184722500000004
197	rnapol	0.3	0.0	0.0
198	__protein1_rbs	12.45	0.0	0.0
198	__protein2_rbs	13.0	0.0	0.0
198	__protein3_rbs	4.55	0.0	0.0
198	__ribosome	25.05	0.0	0.0
198	__rnase_site_ext	19.9	0.0	0.0
198	p0	0.8	0.0	0.0
198	p2	0.95	0.0	0.0
198	protein1	985.8	18.8	1.7473228000000005
198	protein2	995.5	19.3	1.6576467499999996
198	protein3	291.65	6.5	1.6113094499999998
198	rnapol	0.4	0.0	0.0
199	__protein1_rbs	12.7	0.0	0.0
199	__protein2_rbs	12.5	0.0	0.0
199	__protein3_rbs	4.4	0.0	0.0
199	__ribosome	24.15	0.0	0.0
199	__rnase_site_ext	19.65	0.0	0.0
199	p0	0.95	0.0	0.0
199	p2	0.95	0.0	0.0
199	protein1	992.65	18.8	1.7370927499999995
199	protein2	1002.05	19.35	1.71403165
199	protein3	293.85	6.45	1.6147818
199	rnapol	0.5	0.0	0.0
200	__protein1_rbs	12.4	0.0	0.0
200	__protein2_rbs	12.3	0.0	0.0
200	__protein3_rbs	4.1	0.0	0.0
200	__ribosome	23.95	0.0	0.0
200	__rnase_site_ext	19.8	0.0	0.0
200	p0	0.85	0.0	0.0
200	p2	1.0	0.0	0.0
200	protein1	999.85	18.8	1.7302703999999998
200	protein2	1009.4	19.5	1.7195311999999994
200	protein3	296.5	6.3	1.65999995
200	rnapol	0.5	0.0	0.0
201	__protein1_rbs	11.85	0.0	0.0
201	__protein2_rbs	13.55	0.0	0.0
201	__protein3_rbs	4.45	0.0	0.0
201	__ribosome	24.85	0.0	0.0
201	__rnase_site_ext	19.85	0.0	0.0
201	p0	0.55	0.0	0.0
201	p2	0.95	0.0	0.0
201	protein1	1008.15	18.8	1.69184995
201	protein2	1016.3	19.7	1.6957943
201	protein3	298.6	6.25	1.7008495500000005
201	rnapol	0.45	0.0	0.0
202	__protein1_rbs	12.3	0.0	0.0
202	__protein2_rbs	12.5	0.0	0.0
202	__protein3_rbs	3.7	0.0	0.0
202	__ribosome	23.55	0.0	0.0
202	__rnase_site_ext	20.05	0.0	0.0
202	p0	0.9	0.0	0.0
202	p2	1.0	0.0	0.0
202	protein1	1015.3	18.75	1.6930763499999997
202	protein2	1023.65	19.8	1.7155113000000002
202	protein3	300.75	6.25	1.8029113000000003
202	rnapol	0.55	0.0	0.0
203	__protein1_rbs	13.2	0.0	0.0
203	__protein2_rbs	12.85	0.0	0.0
203	__protein3_rbs	4.2	0.0	0.0
203	__ribosome	23.1	0.0	0.0
203	__rnase_site_ext	20.0	0.0	0.0
203	p0	0.75	0.0	0.0
203	p2	0.95	0.0	0.0
203	protein1	1021.45	19.05	1.7053771499999997
203	protein2	1030.9	19.9	1.7122938499999996
203	protein3	303.3	6.1	1.76525795
203	rnapol	0.55	0.0	0.0
204	__protein1_rbs	13.5	0.0	0.0
204	__protein2_rbs	13.3	0.0	0.0
204	__protein3_rbs	4.15	0.0	0.0
204	__ribosome	24.35	0.0	0.0
204	__rnase_site_ext	20.1	0.0	0.0
204	p0	0.95	0.0	0.0
204	p2	0.95	0.0	0.0
204	protein1	1028.45	19.1	1.66851235
204	protein2	1038.2	19.95	1.700327
204	protein3	305.6	6.1	1.7048412999999996
204	rnapol	0.55	0.0	0.0
205	__protein1_rbs	11.95	0.0	0.0
205	__protein2_rbs	13.65	0.0	0.0
205	__protein3_rbs	3.95	0.0	0.0
205	__ribosome	24.9	0.0	0.0
205	__rnase_site_ext	20.15	0.0	0.0
205	p0	0.75	0.0	0.0
205	p2	0.9	0.0	0.0
205	protein1	1036.2	19.2	1.6762231499999998
205	protein2	1045.7	19.9	1.6865765000000004
205	protein3	308.25	6.05	1.6046428499999998
205	rnapol	0.55	0.0	0.0
206	__protein1_rbs	12.85	0.0	0.0
206	__protein2_rbs	12.6	0.0	0.0
206	__protein3_rbs	4.05	0.0	0.0
206	__ribosome	23.6	0.0	0.0
206	__rnase_site_ext	20.5	0.0	0.0
206	p0	0.8	0.0	0.0
206	p2	0.95	0.0	0.0
206	protein1	1042.85	19.25	1.69000845
206	protein2	1053.1	20.0	1.7210655499999998
206	protein3	310.45	6.05	1.6610714499999997
206	rnapol	0.4	0.0	0.0
207	__protein1_rbs	14.1	0.0	0.0
207	__protein2_rbs	13.4	0.0	0.0
207	__protein3_rbs	4.0	0.0	0.0
207	__ribosome	24.6	0.0	0.0
207	__rnase_site_ext	20.3	0.0	0.0
207	p0	1.0	0.0	0.0
207	p2	0.85	0.0	0.0
207	protein1	1050.05	19.45	1.6229177500000005
207	protein2	1060.4	20.0	1.72281415
207	protein3	312.8	6.05	1.6552382
207	rnapol	0.7	0.0	0.0
208	__protein1_rbs	13.45	0.0	0.0
208	__protein2_rbs	13.75	0.0	0.0
208	__protein3_rbs	3.55	0.0	0.0
208	__ribosome	24.9	0.0	0.0
208	__rnase_site_ext	20.35	0.0	0.0
208	p0	0.7	0.0	0.0
208	p2	0.85	0.0	0.0
208	protein1	1057.0	19.45	1.6111916999999998
208	protein2	1068.3	20.0	1.6756364
208	protein3	314.75	6.0	1.9241667000000002
208	rnapol	0.65	0.0	0.0
209	__protein1_rbs	13.0	0.0	0.0
209	__protein2_rbs	13.95	0.0	0.0
209	__protein3_rbs	4.25	0.0	0.0
209	__ribosome	25.25	0.0	0.0
209	__rnase_site_ext	20.35	0.0	0.0
209	p0	0.75	0.0	0.0
209	p2	0.95	0.0	0.0
209	protein1	1064.2	19.4	1.6089353000000002
209	protein2	1076.0	20.15	1.6433857499999998
209	protein3	316.65	6.15	1.7926786000000003
209	rnapol	0.5	0.0	0.0
210	__protein1_rbs	13.3	0.0	0.0
210	__protein2_rbs	13.35	0.0	0.0
210	__protein3_rbs	3.65	0.0	0.0
210	__ribosome	24.8	0.0	0.0
210	__rnase_site_ext	20.45	0.0	0.0
210	p0	0.85	0.0	0.0
210	p2	0.9	0.0	0.0
210	protein1	1071.2	19.5	1.6085048000000002
210	protein2	1083.15	20.45	1.65122995
210	protein3	319.45	6.05	1.81549605
210	rnapol	0.4	0.0	0.0
211	__protein1_rbs	13.3	0.0	0.0
211	__protein2_rbs	13.6	0.0	0.0
211	__protein3_rbs	4.05	0.0	0.0
211	__ribosome	24.55	0.0	0.0
211	__rnase_site_ext	20.45	0.0	0.0
211	p0	0.95	0.0	0.0
211	p2	0.8	0.0	0.0
211	protein1	1078.3	19.45	1.6186966499999995
211	protein2	1090.9	20.45	1.6490489499999998
211	protein3	321.55	6.05	1.8143705
211	rnapol	0.65	0.0	0.0
212	__protein1_rbs	13.25	0.0	0.0
212	__protein2_rbs	13.4	0.0	0.0
212	__protein3_rbs	3.95	0.0	0.0
212	__ribosome	23.25	0.0	0.0
212	__rnase_site_ext	20.55	0.0	0.0
212	p0	0.8	0.0	0.0
212	p2	0.95	0.0	0.0
212	protein1	1084.85	19.5	1.66752125
212	protein2	1098.1	20.35	1.6722152
212	protein3	323.65	6.1	1.7453805999999996
212	rnapol	0.4	0.0	0.0
213	__protein1_rbs	13.3	0.0	0.0
213	__protein2_rbs	13.3	0.0	0.0
213	__protein3_rbs	4.4	0.0	0.0
213	__ribosome	23.85	0.0	0.0
213	__rnase_site_ext	20.5	0.0	0.0
213	p0	0.9	0.0	0.0
213	p2	1.0	0.0	0.0
213	protein1	1091.55	19.5	1.6779453000000002
213	protein2	1106.0	20.4	1.6488985999999997
213	protein3	326.15	6.25	1.63357685
213	rnapol	0.3	0.0	0.0
214	__protein1_rbs	13.0	0.0	0.0
214	__protein2_rbs	14.4	0.0	0.0
214	__protein3_rbs	4.3	0.0	0.0
214	__ribosome	24.15	0.0	0.0
214	__rnase_site_ext	20.6	0.0	0.0
214	p0	0.7	0.0	0.0
214	p2	0.8	0.0	0.0
214	protein1	1099.05	19.4	1.6661170999999997
214	protein2	1112.7	20.45	1.65842765
214	protein3	328.85	6.3	1.5893885
214	rnapol	0.45	0.0	0.0
215	__protein1_rbs	13.7	0.0	0.0
215	__protein2_rbs	13.35	0.0	0.0
215	__protein3_rbs	4.45	0.0	0.0
215	__ribosome	23.55	0.0	0.0
215	__rnase_site_ext	20.6	0.0	0.0
215	p0	1.0	0.0	0.0
215	p2	0.7	0.0	0.0
215	protein1	1105.7	19.55	1.6610346999999999
215	protein2	1120.35	20.4	1.6843630499999995
215	protein3	330.85	6.3	1.59177125
215	rnapol	0.45	0.0	0.0
216	__protein1_rbs	13.05	0.0	0.0
216	__protein2_rbs	13.45	0.0	0.0
216	__protein3_rbs	4.45	0.0	0.0
216	__ribosome	25.1	0.0	0.0
216	__rnase_site_ext	20.7	0.0	0.0
216	p0	0.75	0.0	0.0
216	p2	0.85	0.0	0.0
216	protein1	1113.45	19.45	1.6254668499999998
216	protein2	1128.55	20.55	1.6485951499999998
216	protein3	333.05	6.35	1.59906735
216	rnapol	0.45	0.0	0.0
217	__protein1_rbs	12.9	0.0	0.0
217	__protein2_rbs	13.95	0.0	0.0
217	__protein3_rbs	4.6	0.0	0.0
217	__ribosome	24.45	0.0	0.0
217	__rnase_site_ext	20.65	0.0	0.0
217	p0	0.85	0.0	0.0
217	p2	0.85	0.0	0.0
217	protein1	1120.95	19.35	1.6236736999999999
217	protein2	1135.65	20.65	1.6757005000000005
217	protein3	335.25	6.6	1.5160714
217	rnapol	0.6	0.0	0.0
218	__protein1_rbs	13.15	0.0	0.0
218	__protein2_rbs	13.05	0.0	0.0
218	__protein3_rbs	4.95	0.0	0.0
218	__ribosome	24.6	0.0	0.0
218	__rnase_site_ext	20.5	0.0	0.0
218	p0	0.85	0.0	0.0
218	p2	0.85	0.0	0.0
218	protein1	1127.7	19.3	1.6201450499999996
218	protein2	1143.45	20.6	1.7129552000000003
218	protein3	337.95	6.7	1.4125595499999997
218	rnapol	0.45	0.0	0.0
219	__protein1_rbs	12.7	0.0	0.0
219	__protein2_rbs	14.0	0.0	0.0
219	__protein3_rbs	4.45	0.0	0.0
219	__ribosome	24.2	0.0	0.0
219	__rnase_site_ext	20.75	0.0	0.0
219	p0	0.85	0.0	0.0
219	p2	0.9	0.0	0.0
219	protein1	1134.35	19.35	1.6441116000000002
219	protein2	1151.65	20.75	1.662657
219	protein3	339.9	6.7	1.4821627000000002
219	rnapol	0.5	0.0	0.0
220	__protein1_rbs	14.1	0.0	0.0
220	__protein2_rbs	13.9	0.0	0.0
220	__protein3_rbs	4.35	0.0	0.0
220	__ribosome	23.3	0.0	0.0
220	__rnase_site_ext	20.55	0.0	0.0
220	p0	0.95	0.0	0.0
220	p2	0.95	0.0	0.0
220	protein1	1141.0	19.6	1.6182413999999998
220	protein2	1158.65	20.9	1.6849948500000005
220	protein3	342.15	6.8	1.5083928999999998
220	rnapol	0.65	0.0	0.0
221	__protein1_rbs	12.75	0.0	0.0
221	__protein2_rbs	13.9	0.0	0.0
221	__protein3_rbs	5.15	0.0	0.0
221	__ribosome	22.05	0.0	0.0
221	__rnase_site_ext	20.7	0.0	0.0
221	p0	0.7	0.0	0.0
221	p2	0.95	0.0	0.0
221	protein1	1148.15	19.4	1.6608688000000003
221	protein2	1166.0	20.95	1.70633075
221	protein3	344.15	6.8	1.5768254
221	rnapol	0.8	0.0	0.0
222	__protein1_rbs	13.4	0.0	0.0
222	__protein2_rbs	13.15	0.0	0.0
222	__protein3_rbs	5.0	0.0	0.0
222	__ribosome	23.7	0.0	0.0
222	__rnase_site_ext	20.6	0.0	0.0
222	p0	0.85	0.0	0.0
222	p2	0.85	0.0	0.0
222	protein1	1155.8	19.4	1.6091759500000002
222	protein2	1174.7	20.95	1.6927123000000002
222	protein3	346.4	6.7	1.5564683000000001
222	rnapol	0.9	0.0	0.0
223	__protein1_rbs	13.8	0.0	0.0
223	__protein2_rbs	14.35	0.0	0.0
223	__protein3_rbs	4.7	0.0	0.0
223	__ribosome	24.5	0.0	0.0
223	__rnase_site_ext	20.75	0.0	0.0
223	p0	0.75	0.0	0.0
223	p2	1.0	0.0	0.0
223	protein1	1162.9	19.45	1.5885271000000003
223	protein2	1182.45	21.0	1.6678165999999994
223	protein3	348.5	6.7	1.54559525
223	rnapol	0.65	0.0	0.0
224	__protein1_rbs	13.25	0.0	0.0
224	__protein2_rbs	14.1	0.0	0.0
224	__protein3_rbs	4.95	0.0	0.0
224	__ribosome	24.6	0.0	0.0
224	__rnase_site_ext	20.95	0.0	0.0
224	p0	0.75	0.0	0.0
224	p2	1.0	0.0	0.0
224	protein1	1169.75	19.65	1.5925570500000004
224	protein2	1190.3	21.0	1.6598122
224	protein3	351.15	6.75	1.4908532000000003
224	rnapol	0.6	0.0	0.0
225	__protein1_rbs	12.6	0.0	0.0
225	__protein2_rbs	14.0	0.0	0.0
225	__protein3_rbs	4.2	0.0	0.0
225	__ribosome	23.1	0.0	0.0
225	__rnase_site_ext	21.1	0.0	0.0
225	p0	0.75	0.0	0.0
225	p2	0.95	0.0	0.0
225	protein1	1176.4	19.95	1.64048495
225	protein2	1197.85	20.7	1.6900658999999998
225	protein3	353.95	6.65	1.4819445000000002
225	rnapol	0.7	0.0	0.0
226	__protein1_rbs	13.5	0.0	0.0
226	__protein2_rbs	13.55	0.0	0.0
226	__protein3_rbs	4.5	0.0	0.0
226	__ribosome	23.2	0.0	0.0
226	__rnase_site_ext	21.1	0.0	0.0
226	p0	0.8	0.0	0.0
226	p2	0.85	0.0	0.0
226	protein1	1183.9	20.1	1.6169398
226	protein2	1206.35	20.7	1.6789735
226	protein3	356.05	6.6	1.5393253999999998
226	rnapol	0.6	0.0	0.0
227	__protein1_rbs	13.05	0.0	0.0
227	__protein2_rbs	14.3	0.0	0.0
227	__protein3_rbs	4.95	0.0	0.0
227	__ribosome	22.4	0.0	0.0
227	__rnase_site_ext	21.5	0.0	0.0
227	p0	0.7	0.0	0.0
227	p2	0.85	0.0	0.0
227	protein1	1190.45	20.1	1.6857127999999997
227	protein2	1214.15	20.95	1.64746835
227	protein3	357.85	6.5	1.568373
227	rnapol	0.45	0.0	0.0
228	__protein1_rbs	13.15	0.0	0.0
228	__protein2_rbs	14.45	0.0	0.0
228	__protein3_rbs	4.3	0.0	0.0
228	__ribosome	21.05	0.0	0.0
228	__rnase_site_ext	21.65	0.0	0.0
228	p0	0.85	0.0	0.0
228	p2	0.9	0.0	0.0
228	protein1	1197.2	20.35	1.7073118999999999
228	protein2	1221.25	20.85	1.6589049500000002
228	protein3	359.95	6.55	1.565635
228	rnapol	0.3	0.0	0.0
229	__protein1_rbs	13.3	0.0	0.0
229	__protein2_rbs	14.0	0.0	0.0
229	__protein3_rbs	4.95	0.0	0.0
229	__ribosome	21.5	0.0	0.0
229	__rnase_site_ext	21.7	0.0	0.0
229	p0	0.95	0.0	0.0
229	p2	0.9	0.0	0.0
229	protein1	1204.75	20.7	1.7020785999999997
229	protein2	1229.0	20.75	1.6477049999999998
229	protein3	362.6	6.6	1.48763885
229	rnapol	0.3	0.0	0.0
230	__protein1_rbs	14.2	0.0	0.0
230	__protein2_rbs	14.05	0.0	0.0
230	__protein3_rbs	4.7	0.0	0.0
230	__ribosome	22.85	0.0	0.0
230	__rnase_site_ext	21.55	0.0	0.0
230	p0	0.95	0.0	0.0
230	p2	0.95	0.0	0.0
230	protein1	1212.75	20.7	1.6747164
230	protein2	1237.05	20.75	1.61080325
230	protein3	365.1	6.7	1.5040079
230	rnapol	0.3	0.0	0.0
231	__protein1_rbs	14.15	0.0	0.0
231	__protein2_rbs	14.8	0.0	0.0
231	__protein3_rbs	4.45	0.0	0.0
231	__ribosome	23.6	0.0	0.0
231	__rnase_site_ext	21.35	0.0	0.0
231	p0	0.9	0.0	0.0
231	p2	0.9	0.0	0.0
231	protein1	1220.45	20.45	1.6724747000000004
231	protein2	1244.8	20.8	1.5485601500000004
231	protein3	367.0	6.75	1.58311505
231	rnapol	0.45	0.0	0.0
232	__protein1_rbs	13.1	0.0	0.0
232	__protein2_rbs	14.85	0.0	0.0
232	__protein3_rbs	4.5	0.0	0.0
232	__ribosome	22.45	0.0	0.0
232	__rnase_site_ext	21.25	0.0	0.0
232	p0	0.85	0.0	0.0
232	p2	0.9	0.0	0.0
232	protein1	1227.85	20.3	1.70831225
232	protein2	1252.1	21.0	1.5622077000000003
232	protein3	369.25	6.65	1.63748015
232	rnapol	0.4	0.0	0.0
233	__protein1_rbs	13.7	0.0	0.0
233	__protein2_rbs	14.25	0.0	0.0
233	__protein3_rbs	4.15	0.0	0.0
233	__ribosome	23.6	0.0	0.0
233	__rnase_site_ext	21.15	0.0	0.0
233	p0	0.75	0.0	0.0
233	p2	1.0	0.0	0.0
233	protein1	1236.35	20.2	1.6341209
233	protein2	1259.8	21.15	1.5520993500000002
233	protein3	371.6	6.7	1.6857737999999998
233	rnapol	0.4	0.0	0.0
234	__protein1_rbs	13.95	0.0	0.0
234	__protein2_rbs	13.8	0.0	0.0
234	__protein3_rbs	4.55	0.0	0.0
234	__ribosome	22.55	0.0	0.0
234	__rnase_site_ext	21.15	0.0	0.0
234	p0	0.9	0.0	0.0
234	p2	1.0	0.0	0.0
234	protein1	1244.2	20.1	1.6086684999999998
234	protein2	1266.75	21.2	1.6113432500000002
234	protein3	373.6	6.8	1.6777579000000002
234	rnapol	0.5	0.0	0.0
235	__protein1_rbs	12.75	0.0	0.0
235	__protein2_rbs	15.1	0.0	0.0
235	__protein3_rbs	4.55	0.0	0.0
235	__ribosome	22.65	0.0	0.0
235	__rnase_site_ext	21.1	0.0	0.0
235	p0	0.9	0.0	0.0
235	p2	0.85	0.0	0.0
235	protein1	1251.85	19.95	1.6707873
235	protein2	1274.05	21.25	1.59762055
235	protein3	376.45	6.8	1.5645636
235	rnapol	0.6	0.0	0.0
236	__protein1_rbs	13.45	0.0	0.0
236	__protein2_rbs	15.35	0.0	0.0
236	__protein3_rbs	4.8	0.0	0.0
236	__ribosome	23.35	0.0	0.0
236	__rnase_site_ext	21.25	0.0	0.0
236	p0	0.85	0.0	0.0
236	p2	0.9	0.0	0.0
236	protein1	1259.15	19.95	1.6591213499999995
236	protein2	1281.3	21.45	1.5621230999999998
236	protein3	378.75	6.8	1.5561707000000002
236	rnapol	0.65	0.0	0.0
237	__protein1_rbs	13.95	0.0	0.0
237	__protein2_rbs	15.2	0.0	0.0
237	__protein3_rbs	4.8	0.0	0.0
237	__ribosome	23.7	0.0	0.0
237	__rnase_site_ext	21.25	0.0	0.0
237	p0	0.85	0.0	0.0
237	p2	0.85	0.0	0.0
237	protein1	1266.35	20.25	1.6233892999999997
237	protein2	1288.8	21.6	1.55600025
237	protein3	381.5	6.85	1.4964555999999998
237	rnapol	0.55	0.0	0.0
238	__protein1_rbs	13.6	0.0	0.0
238	__protein2_rbs	13.85	0.0	0.0
238	__protein3_rbs	4.3	0.0	0.0
238	__ribosome	22.35	0.0	0.0
238	__rnase_site_ext	21.4	0.0	0.0
238	p0	0.65	0.0	0.0
238	p2	0.75	0.0	0.0
238	protein1	1273.15	20.2	1.6832272999999998
238	protein2	1297.2	21.55	1.5650722
238	protein3	384.1	6.85	1.5551318000000005
238	rnapol	0.6	0.0	0.0
239	__protein1_rbs	13.05	0.0	0.0
239	__protein2_rbs	14.7	0.0	0.0
239	__protein3_rbs	4.75	0.0	0.0
239	__ribosome	21.4	0.0	0.0
239	__rnase_site_ext	21.45	0.0	0.0
239	p0	0.85	0.0	0.0
239	p2	0.95	0.0	0.0
239	protein1	1280.8	20.15	1.6909294
239	protein2	1304.75	21.55	1.57709245
239	protein3	386.35	6.95	1.6440367500000002
239	rnapol	0.75	0.0	0.0
240	__protein1_rbs	13.35	0.0	0.0
240	__protein2_rbs	15.15	0.0	0.0
240	__protein3_rbs	4.8	0.0	0.0
240	__ribosome	21.8	0.0	0.0
240	__rnase_site_ext	21.55	0.0	0.0
240	p0	0.8	0.0	0.0
240	p2	0.9	0.0	0.0
240	protein1	1288.5	20.2	1.6818681999999998
240	protein2	1312.15	21.6	1.5660625499999998
240	protein3	388.75	7.05	1.6225325000000002
240	rnapol	0.65	0.0	0.0
241	__protein1_rbs	13.8	0.0	0.0
241	__protein2_rbs	14.25	0.0	0.0
241	__protein3_rbs	4.8	0.0	0.0
241	__ribosome	21.45	0.0	0.0
241	__rnase_site_ext	21.35	0.0	0.0
241	p0	0.85	0.0	0.0
241	p2	0.75	0.0	0.0
241	protein1	1296.2	20.2	1.6555087
241	protein2	1319.55	21.6	1.58786135
241	protein3	390.9	7.0	1.6685425500000002
241	rnapol	0.65	0.0	0.0
242	__protein1_rbs	14.15	0.0	0.0
242	__protein2_rbs	15.65	0.0	0.0
242	__protein3_rbs	4.4	0.0	0.0
242	__ribosome	22.05	0.0	0.0
242	__rnase_site_ext	21.35	0.0	0.0
242	p0	0.85	0.0	0.0
242	p2	0.85	0.0	0.0
242	protein1	1304.0	20.15	1.6354508499999998
242	protein2	1326.75	21.8	1.56615305
242	protein3	393.75	7.05	1.65846685
242	rnapol	0.7	0.0	0.0
243	__protein1_rbs	14.0	0.0	0.0
243	__protein2_rbs	14.75	0.0	0.0
243	__protein3_rbs	4.5	0.0	0.0
243	__ribosome	23.5	0.0	0.0
243	__rnase_site_ext	21.25	0.0	0.0
243	p0	0.85	0.0	0.0
243	p2	0.85	0.0	0.0
243	protein1	1311.95	20.25	1.5608708499999997
243	protein2	1335.4	21.8	1.5467061000000002
243	protein3	396.45	7.05	1.66075405
243	rnapol	0.6	0.0	0.0
244	__protein1_rbs	13.25	0.0	0.0
244	__protein2_rbs	14.45	0.0	0.0
244	__protein3_rbs	5.0	0.0	0.0
244	__ribosome	22.4	0.0	0.0
244	__rnase_site_ext	21.55	0.0	0.0
244	p0	0.8	0.0	0.0
244	p2	0.95	0.0	0.0
244	protein1	1319.1	20.1	1.6075914500000004
244	protein2	1342.65	21.65	1.6004526000000001
244	protein3	399.05	7.15	1.6217803
244	rnapol	0.5	0.0	0.0
245	__protein1_rbs	14.4	0.0	0.0
245	__protein2_rbs	14.45	0.0	0.0
245	__protein3_rbs	4.75	0.0	0.0
245	__ribosome	22.25	0.0	0.0
245	__rnase_site_ext	21.3	0.0	0.0
245	p0	0.9	0.0	0.0
245	p2	0.8	0.0	0.0
245	protein1	1326.25	20.4	1.57055335
245	protein2	1350.5	21.75	1.6169341999999998
245	protein3	401.7	7.3	1.54396465
245	rnapol	0.5	0.0	0.0
246	__protein1_rbs	13.65	0.0	0.0
246	__protein2_rbs	14.55	0.0	0.0
246	__protein3_rbs	5.2	0.0	0.0
246	__ribosome	21.0	0.0	0.0
246	__rnase_site_ext	21.4	0.0	0.0
246	p0	0.8	0.0	0.0
246	p2	0.85	0.0	0.0
246	protein1	1333.5	20.1	1.6261462999999998
246	protein2	1358.0	21.7	1.64403425
246	protein3	404.0	7.3	1.5512931999999997
246	rnapol	0.45	0.0	0.0
247	__protein1_rbs	13.9	0.0	0.0
247	__protein2_rbs	14.75	0.0	0.0
247	__protein3_rbs	4.85	0.0	0.0
247	__ribosome	21.15	0.0	0.0
247	__rnase_site_ext	21.55	0.0	0.0
247	p0	0.85	0.0	0.0
247	p2	0.95	0.0	0.0
247	protein1	1341.0	20.2	1.59394385
247	protein2	1365.85	21.5	1.66673225
247	protein3	406.9	7.4	1.5581097
247	rnapol	0.45	0.0	0.0
248	__protein1_rbs	15.35	0.0	0.0
248	__protein2_rbs	14.45	0.0	0.0
248	__protein3_rbs	5.0	0.0	0.0
248	__ribosome	21.35	0.0	0.0
248	__rnase_site_ext	21.5	0.0	0.0
248	p0	0.95	0.0	0.0
248	p2	0.95	0.0	0.0
248	protein1	1348.1	20.35	1.5442354999999999
248	protein2	1373.7	21.5	1.67002175
248	protein3	409.2	7.4	1.65239715
248	rnapol	0.6	0.0	0.0
249	__protein1_rbs	13.15	0.0	0.0
249	__protein2_rbs	14.75	0.0	0.0
249	__protein3_rbs	5.1	0.0	0.0
249	__ribosome	21.0	0.0	0.0
249	__rnase_site_ext	21.3	0.0	0.0
249	p0	0.9	0.0	0.0
249	p2	0.9	0.0	0.0
249	protein1	1355.4	20.35	1.6013647499999997
249	protein2	1382.5	21.6	1.61237185
249	protein3	411.45	7.35	1.6730933999999995
249	rnapol	0.5	0.0	0.0
250	__protein1_rbs	13.0	0.0	0.0
250	__protein2_rbs	14.75	0.0	0.0
250	__protein3_rbs	5.0	0.0	0.0
250	__ribosome	21.1	0.0	0.0
250	__rnase_site_ext	20.3	0.0	0.0
250	p0	0.95	0.0	0.0
250	p2	0.85	0.0	0.0
250	protein1	1291.65	19.25	1.5161733999999998
250	protein2	1320.35	20.4	1.51092965
250	protein3	401.5	7.15	1.5473792000000002
250	rnapol	0.6	0.0	0.0
