time	species	protein	transcript	ribo_density
0	__protein1_rbs	0.0	0.0	0.0
0	__protein2_rbs	0.0	0.0	0.0
0	__protein3_rbs	0.0	0.0	0.0
0	__ribosome	100.0	0.0	0.0
0	__rnase_site_ext	0.0	0.0	0.0
0	p0	1.0	0.0	0.0
0	r2	0.0	0.0	0.0
0	rnapol	4.0	0.0	0.0
1	__protein1_rbs	0.0	0.0	0.0
1	__protein2_rbs	0.0	0.0	0.0
1	__protein3_rbs	0.0	0.0	0.0
1	__ribosome	100.0	0.0	0.0
1	__rnase_site_ext	0.9	0.0	0.0
1	p0	0.25	0.0	0.0
1	r2	0.0	0.0	0.0
1	rnapol	2.9	0.0	0.0
2	__protein1_rbs	0.35	0.0	0.0
2	__protein2_rbs	0.0	0.0	0.0
2	__protein3_rbs	0.0	0.0	0.0
2	__ribosome	99.65	0.0	0.0
2	__rnase_site_ext	1.55	0.0	0.0
2	p0	0.25	0.0	0.0
2	protein1	0.0	0.7	0.35
2	r2	0.0	0.0	0.0
2	rnapol	2.2	0.0	0.0
3	__protein1_rbs	0.7	0.0	0.0
3	__protein2_rbs	0.0	0.0	0.0
3	__protein3_rbs	0.0	0.0	0.0
3	__ribosome	99.1	0.0	0.0
3	__rnase_site_ext	2.2	0.0	0.0
3	p0	0.15	0.0	0.0
3	protein1	0.0	1.2	0.825
3	r2	0.0	0.0	0.0
3	rnapol	1.4	0.0	0.0
4	__protein1_rbs	0.9	0.0	0.0
4	__protein2_rbs	0.0	0.0	0.0
4	__protein3_rbs	0.0	0.0	0.0
4	__ribosome	97.9	0.0	0.0
4	__rnase_site_ext	2.8	0.0	0.0
4	p0	0.6	0.0	0.0
4	protein1	0.0	2.0	1.0916667
4	r2	0.0	0.0	0.0
4	rnapol	1.05	0.0	0.0
5	__protein1_rbs	0.9	0.0	0.0
5	__protein2_rbs	0.0	0.0	0.0
5	__protein3_rbs	0.0	0.0	0.0
5	__ribosome	96.15	0.0	0.0
5	__rnase_site_ext	3.25	0.0	0.0
5	p0	0.4	0.0	0.0
5	protein1	0.0	2.7	1.41666665
5	r2	0.0	0.0	0.0
5	rnapol	0.45	0.0	0.0
6	__protein1_rbs	1.3	0.0	0.0
6	__protein2_rbs	0.0	0.0	0.0
6	__protein3_rbs	0.0	0.0	0.0
6	__ribosome	94.3	0.0	0.0
6	__rnase_site_ext	3.65	0.0	0.0
6	p0	0.75	0.0	0.0
6	protein1	0.0	3.2	1.80000005
6	r2	0.0	0.0	0.0
6	rnapol	0.2	0.0	0.0
7	__protein1_rbs	1.25	0.0	0.0
7	__protein2_rbs	0.0	0.0	0.0
7	__protein3_rbs	0.0	0.0	0.0
7	__ribosome	92.15	0.0	0.0
7	__rnase_site_ext	3.75	0.0	0.0
7	p0	0.95	0.0	0.0
7	protein1	0.25	3.65	2.17083335
7	r2	0.0	0.0	0.0
7	rnapol	0.1	0.0	0.0
8	__protein1_rbs	1.1	0.0	0.0
8	__protein2_rbs	0.0	0.0	0.0
8	__protein3_rbs	0.0	0.0	0.0
8	__ribosome	90.7	0.0	0.0
8	__rnase_site_ext	3.85	0.0	0.0
8	p0	0.95	0.0	0.0
8	protein1	1.1	3.7	2.5333333500000004
8	r2	0.0	0.0	0.0
8	rnapol	0.0	0.0	0.0
9	__protein1_rbs	1.2	0.0	0.0
9	__protein2_rbs	0.05	0.0	0.0
9	__protein3_rbs	0.0	0.0	0.0
9	__ribosome	88.85	0.0	0.0
9	__rnase_site_ext	3.85	0.0	0.0
9	p0	1.0	0.0	0.0
9	protein1	2.05	3.8	2.90416665
9	protein2	0.0	0.2	0.15
9	r2	0.0	0.0	0.0
9	rnapol	0.0	0.0	0.0
10	__protein1_rbs	1.5	0.0	0.0
10	__protein2_rbs	0.35	0.0	0.0
10	__protein3_rbs	0.0	0.0	0.0
10	__ribosome	87.7	0.0	0.0
10	__rnase_site_ext	3.85	0.0	0.0
10	p0	1.0	0.0	0.0
10	protein1	3.45	3.85	3.0458333000000004
10	protein2	0.0	0.75	0.55
10	r2	0.0	0.0	0.0
10	rnapol	0.0	0.0	0.0
11	__protein1_rbs	1.4	0.0	0.0
11	__protein2_rbs	0.55	0.0	0.0
11	__protein3_rbs	0.0	0.0	0.0
11	__ribosome	86.55	0.0	0.0
11	__rnase_site_ext	3.85	0.0	0.0
11	p0	1.0	0.0	0.0
11	protein1	5.5	3.85	3.125
11	protein2	0.0	1.35	0.925
11	r2	0.0	0.0	0.0
11	rnapol	0.0	0.0	0.0
12	__protein1_rbs	1.15	0.0	0.0
12	__protein2_rbs	0.7	0.0	0.0
12	__protein3_rbs	0.0	0.0	0.0
12	__ribosome	84.95	0.0	0.0
12	__rnase_site_ext	3.75	0.0	0.0
12	p0	1.0	0.0	0.0
12	protein1	7.55	3.85	3.225
12	protein2	0.0	2.05	1.26666665
12	r2	0.0	0.0	0.0
12	rnapol	0.0	0.0	0.0
13	__protein1_rbs	1.2	0.0	0.0
13	__protein2_rbs	1.05	0.0	0.0
13	__protein3_rbs	0.0	0.0	0.0
13	__ribosome	83.4	0.0	0.0
13	__rnase_site_ext	3.65	0.0	0.0
13	p0	1.0	0.0	0.0
13	protein1	9.85	3.85	3.27500005
13	protein2	0.0	2.7	1.44166675
13	r2	0.0	0.0	0.0
13	rnapol	0.0	0.0	0.0
14	__protein1_rbs	1.55	0.0	0.0
14	__protein2_rbs	0.9	0.0	0.0
14	__protein3_rbs	0.0	0.0	0.0
14	__ribosome	81.5	0.0	0.0
14	__rnase_site_ext	3.65	0.0	0.0
14	p0	1.0	0.0	0.0
14	protein1	12.2	3.7	3.375
14	protein2	0.1	3.25	1.9083333
14	r2	0.0	0.0	0.0
14	rnapol	0.0	0.0	0.0
15	__protein1_rbs	1.1	0.0	0.0
15	__protein2_rbs	1.6	0.0	0.0
15	__protein3_rbs	0.0	0.0	0.0
15	__ribosome	80.2	0.0	0.0
15	__rnase_site_ext	3.5	0.0	0.0
15	p0	1.0	0.0	0.0
15	protein1	14.85	3.65	3.3458333500000004
15	protein2	0.5	3.75	2.0666667000000003
15	r2	0.55	0.0	0.0
15	rnapol	0.0	0.0	0.0
16	__protein1_rbs	1.2	0.0	0.0
16	__protein2_rbs	1.15	0.0	0.0
16	__protein3_rbs	0.0	0.0	0.0
16	__ribosome	78.4	0.0	0.0
16	__rnase_site_ext	3.45	0.0	0.0
16	p0	1.0	0.0	0.0
16	protein1	17.15	3.55	3.4708333
16	protein2	1.25	3.9	2.4625
16	r2	0.85	0.0	0.0
16	rnapol	0.0	0.0	0.0
17	__protein1_rbs	1.35	0.0	0.0
17	__protein2_rbs	1.7	0.0	0.0
17	__protein3_rbs	0.15	0.0	0.0
17	__ribosome	77.45	0.0	0.0
17	__rnase_site_ext	3.4	0.0	0.0
17	p0	1.0	0.0	0.0
17	protein1	19.4	3.45	3.4583333
17	protein2	2.3	4.0	2.7
17	protein3	0.0	0.4	0.25
17	r2	1.4	0.0	0.0
17	rnapol	0.0	0.0	0.0
18	__protein1_rbs	0.85	0.0	0.0
18	__protein2_rbs	1.6	0.0	0.0
18	__protein3_rbs	0.3	0.0	0.0
18	__ribosome	76.3	0.0	0.0
18	__rnase_site_ext	3.4	0.0	0.0
18	p0	1.0	0.0	0.0
18	protein1	21.9	3.4	3.4541666500000003
18	protein2	3.95	4.0	2.8875
18	protein3	0.0	0.85	0.7
18	r2	2.0	0.0	0.0
18	rnapol	0.0	0.0	0.0
19	__protein1_rbs	0.9	0.0	0.0
19	__protein2_rbs	1.65	0.0	0.0
19	__protein3_rbs	0.45	0.0	0.0
19	__ribosome	75.35	0.0	0.0
19	__rnase_site_ext	3.4	0.0	0.0
19	p0	1.0	0.0	0.0
19	protein1	24.1	3.4	3.41666665
19	protein2	5.85	4.0	2.9875
19	protein3	0.0	1.25	1.075
19	r2	2.65	0.0	0.0
19	rnapol	0.0	0.0	0.0
20	__protein1_rbs	1.5	0.0	0.0
20	__protein2_rbs	1.35	0.0	0.0
20	__protein3_rbs	1.05	0.0	0.0
20	__ribosome	74.65	0.0	0.0
20	__rnase_site_ext	3.4	0.0	0.0
20	p0	1.0	0.0	0.0
20	protein1	26.25	3.4	3.2708333
20	protein2	8.2	3.95	3.10833335
20	protein3	0.0	1.95	1.20833335
20	r2	3.1	0.0	0.0
20	rnapol	0.0	0.0	0.0
21	__protein1_rbs	1.15	0.0	0.0
21	__protein2_rbs	1.45	0.0	0.0
21	__protein3_rbs	0.75	0.0	0.0
21	__ribosome	73.1	0.0	0.0
21	__rnase_site_ext	3.4	0.0	0.0
21	p0	1.0	0.0	0.0
21	protein1	28.7	3.4	3.1416667
21	protein2	10.6	3.9	3.13333335
21	protein3	0.0	2.55	1.69999995
21	r2	3.25	0.0	0.0
21	rnapol	0.0	0.0	0.0
22	__protein1_rbs	1.4	0.0	0.0
22	__protein2_rbs	1.45	0.0	0.0
22	__protein3_rbs	1.7	0.0	0.0
22	__ribosome	71.6	0.0	0.0
22	__rnase_site_ext	3.4	0.0	0.0
22	p0	1.0	0.0	0.0
22	protein1	30.35	3.4	3.1958334
22	protein2	12.95	3.9	3.1625000000000005
22	protein3	0.15	3.15	1.70416665
22	r2	3.25	0.0	0.0
22	rnapol	0.0	0.0	0.0
23	__protein1_rbs	1.15	0.0	0.0
23	__protein2_rbs	1.85	0.0	0.0
23	__protein3_rbs	1.25	0.0	0.0
23	__ribosome	70.15	0.0	0.0
23	__rnase_site_ext	3.45	0.0	0.0
23	p0	0.8	0.0	0.0
23	protein1	32.55	3.4	3.19166665
23	protein2	14.85	3.85	3.2
23	protein3	0.6	3.35	2.1083333
23	r2	3.25	0.0	0.0
23	rnapol	0.2	0.0	0.0
24	__protein1_rbs	1.15	0.0	0.0
24	__protein2_rbs	1.3	0.0	0.0
24	__protein3_rbs	1.5	0.0	0.0
24	__ribosome	69.5	0.0	0.0
24	__rnase_site_ext	3.65	0.0	0.0
24	p0	0.85	0.0	0.0
24	protein1	34.65	3.4	3.1266667000000004
24	protein2	17.55	3.85	3.0625
24	protein3	1.4	3.4	2.50000005
24	r2	3.25	0.0	0.0
24	rnapol	0.45	0.0	0.0
25	__protein1_rbs	1.45	0.0	0.0
25	__protein2_rbs	1.45	0.0	0.0
25	__protein3_rbs	1.25	0.0	0.0
25	__ribosome	69.1	0.0	0.0
25	__rnase_site_ext	4.05	0.0	0.0
25	p0	0.35	0.0	0.0
25	protein1	36.95	3.6	2.93
25	protein2	19.85	3.85	2.9875
25	protein3	2.45	3.35	2.77083335
25	r2	3.2	0.0	0.0
25	rnapol	0.45	0.0	0.0
26	__protein1_rbs	1.65	0.0	0.0
26	__protein2_rbs	1.95	0.0	0.0
26	__protein3_rbs	1.25	0.0	0.0
26	__ribosome	68.55	0.0	0.0
26	__rnase_site_ext	4.55	0.0	0.0
26	p0	0.85	0.0	0.0
26	protein1	38.95	3.8	2.85416665
26	protein2	22.2	3.85	2.88333335
26	protein3	3.6	3.25	3.04583335
26	r2	3.1	0.0	0.0
26	rnapol	0.85	0.0	0.0
27	__protein1_rbs	1.9	0.0	0.0
27	__protein2_rbs	1.3	0.0	0.0
27	__protein3_rbs	1.4	0.0	0.0
27	__ribosome	67.9	0.0	0.0
27	__rnase_site_ext	4.95	0.0	0.0
27	p0	0.6	0.0	0.0
27	protein1	40.9	4.45	2.5116667
27	protein2	24.45	3.85	2.91666665
27	protein3	5.3	3.25	3.04166675
27	r2	3.1	0.0	0.0
27	rnapol	0.9	0.0	0.0
28	__protein1_rbs	1.8	0.0	0.0
28	__protein2_rbs	1.35	0.0	0.0
28	__protein3_rbs	1.2	0.0	0.0
28	__ribosome	66.7	0.0	0.0
28	__rnase_site_ext	5.55	0.0	0.0
28	p0	0.65	0.0	0.0
28	protein1	42.9	4.8	2.53892855
28	protein2	26.65	3.8	2.9875000000000003
28	protein3	7.1	3.2	3.15416665
28	r2	3.1	0.0	0.0
28	rnapol	1.05	0.0	0.0
29	__protein1_rbs	2.1	0.0	0.0
29	__protein2_rbs	1.55	0.0	0.0
29	__protein3_rbs	1.3	0.0	0.0
29	__ribosome	66.65	0.0	0.0
29	__rnase_site_ext	5.95	0.0	0.0
29	p0	0.65	0.0	0.0
29	protein1	45.0	5.45	2.37833335
29	protein2	28.75	3.65	3.0666667000000003
29	protein3	9.2	3.1	3.0583333500000003
29	r2	2.95	0.0	0.0
29	rnapol	0.8	0.0	0.0
30	__protein1_rbs	2.5	0.0	0.0
30	__protein2_rbs	1.5	0.0	0.0
30	__protein3_rbs	1.65	0.0	0.0
30	__ribosome	66.2	0.0	0.0
30	__rnase_site_ext	6.4	0.0	0.0
30	p0	0.5	0.0	0.0
30	protein1	47.2	5.85	2.40380955
30	protein2	31.0	3.55	3.1375
30	protein3	11.2	3.1	2.89583325
30	r2	2.75	0.0	0.0
30	rnapol	0.45	0.0	0.0
31	__protein1_rbs	2.7	0.0	0.0
31	__protein2_rbs	1.5	0.0	0.0
31	__protein3_rbs	1.1	0.0	0.0
31	__ribosome	64.2	0.0	0.0
31	__rnase_site_ext	6.75	0.0	0.0
31	p0	0.7	0.0	0.0
31	protein1	49.2	6.3	2.4871428
31	protein2	32.95	3.55	3.15000005
31	protein3	12.9	3.1	3.0291667499999995
31	r2	2.75	0.0	0.0
31	rnapol	0.15	0.0	0.0
32	__protein1_rbs	2.5	0.0	0.0
32	__protein2_rbs	1.45	0.0	0.0
32	__protein3_rbs	1.05	0.0	0.0
32	__ribosome	63.45	0.0	0.0
32	__rnase_site_ext	6.85	0.0	0.0
32	p0	0.85	0.0	0.0
32	protein1	51.8	6.65	2.4913691000000004
32	protein2	35.3	3.65	3.00083335
32	protein3	14.8	2.95	3.2583333999999997
32	r2	2.6	0.0	0.0
32	rnapol	0.05	0.0	0.0
33	__protein1_rbs	3.1	0.0	0.0
33	__protein2_rbs	1.8	0.0	0.0
33	__protein3_rbs	1.4	0.0	0.0
33	__ribosome	62.95	0.0	0.0
33	__rnase_site_ext	6.8	0.0	0.0
33	p0	1.0	0.0	0.0
33	protein1	54.3	6.75	2.6289286
33	protein2	37.55	3.85	2.827500000000001
33	protein3	16.55	2.8	3.2958332999999995
33	r2	2.5	0.0	0.0
33	rnapol	0.05	0.0	0.0
34	__protein1_rbs	2.6	0.0	0.0
34	__protein2_rbs	1.9	0.0	0.0
34	__protein3_rbs	1.25	0.0	0.0
34	__ribosome	61.45	0.0	0.0
34	__rnase_site_ext	6.7	0.0	0.0
34	p0	1.0	0.0	0.0
34	protein1	57.25	6.85	2.7955357000000003
34	protein2	39.45	4.15	2.74166665
34	protein3	18.2	2.75	3.22916675
34	r2	2.45	0.0	0.0
34	rnapol	0.05	0.0	0.0
35	__protein1_rbs	3.25	0.0	0.0
35	__protein2_rbs	2.05	0.0	0.0
35	__protein3_rbs	1.25	0.0	0.0
35	__ribosome	61.45	0.0	0.0
35	__rnase_site_ext	6.7	0.0	0.0
35	p0	0.95	0.0	0.0
35	protein1	60.8	6.7	2.84071435
35	protein2	41.5	4.7	2.43000005
35	protein3	20.05	2.6	3.4374999500000003
35	r2	2.35	0.0	0.0
35	rnapol	0.0	0.0	0.0
36	__protein1_rbs	2.75	0.0	0.0
36	__protein2_rbs	2.2	0.0	0.0
36	__protein3_rbs	0.9	0.0	0.0
36	__ribosome	60.75	0.0	0.0
36	__rnase_site_ext	6.65	0.0	0.0
36	p0	1.0	0.0	0.0
36	protein1	64.3	6.7	2.9099405000000003
36	protein2	43.6	5.05	2.3750000000000004
36	protein3	21.9	2.55	3.37083325
36	r2	2.35	0.0	0.0
36	rnapol	0.0	0.0	0.0
37	__protein1_rbs	2.35	0.0	0.0
37	__protein2_rbs	2.15	0.0	0.0
37	__protein3_rbs	0.95	0.0	0.0
37	__ribosome	59.0	0.0	0.0
37	__rnase_site_ext	6.65	0.0	0.0
37	p0	1.0	0.0	0.0
37	protein1	67.65	6.65	3.0371428500000004
37	protein2	45.65	5.6	2.364345150000001
37	protein3	23.45	2.45	3.52499995
37	r2	2.3	0.0	0.0
37	rnapol	0.0	0.0	0.0
38	__protein1_rbs	3.05	0.0	0.0
38	__protein2_rbs	3.0	0.0	0.0
38	__protein3_rbs	1.3	0.0	0.0
38	__ribosome	59.8	0.0	0.0
38	__rnase_site_ext	6.55	0.0	0.0
38	p0	1.0	0.0	0.0
38	protein1	71.85	6.65	2.89880955
38	protein2	47.95	6.3	2.1789286
38	protein3	25.15	2.35	3.39583335
38	r2	2.45	0.0	0.0
38	rnapol	0.0	0.0	0.0
39	__protein1_rbs	2.6	0.0	0.0
39	__protein2_rbs	2.8	0.0	0.0
39	__protein3_rbs	0.85	0.0	0.0
39	__ribosome	58.05	0.0	0.0
39	__rnase_site_ext	6.45	0.0	0.0
39	p0	1.0	0.0	0.0
39	protein1	75.55	6.6	2.9470238000000006
39	protein2	50.1	6.7	2.2741071
39	protein3	26.4	2.35	3.4083333499999995
39	r2	2.65	0.0	0.0
39	rnapol	0.0	0.0	0.0
40	__protein1_rbs	3.0	0.0	0.0
40	__protein2_rbs	2.9	0.0	0.0
40	__protein3_rbs	1.0	0.0	0.0
40	__ribosome	57.9	0.0	0.0
40	__rnase_site_ext	6.35	0.0	0.0
40	p0	1.0	0.0	0.0
40	protein1	79.5	6.45	2.9067857500000005
40	protein2	52.7	7.05	2.3486905
40	protein3	28.2	2.45	3.1041666
40	r2	2.9	0.0	0.0
40	rnapol	0.0	0.0	0.0
41	__protein1_rbs	2.85	0.0	0.0
41	__protein2_rbs	3.6	0.0	0.0
41	__protein3_rbs	1.35	0.0	0.0
41	__ribosome	57.55	0.0	0.0
41	__rnase_site_ext	6.25	0.0	0.0
41	p0	1.0	0.0	0.0
41	protein1	83.3	6.4	2.8487500500000005
41	protein2	55.4	7.15	2.46398805
41	protein3	29.75	2.7	2.60749995
41	r2	3.05	0.0	0.0
41	rnapol	0.0	0.0	0.0
42	__protein1_rbs	2.55	0.0	0.0
42	__protein2_rbs	3.6	0.0	0.0
42	__protein3_rbs	1.25	0.0	0.0
42	__ribosome	55.85	0.0	0.0
42	__rnase_site_ext	6.05	0.0	0.0
42	p0	1.0	0.0	0.0
42	protein1	86.6	6.3	2.9460119
42	protein2	57.9	7.25	2.54910715
42	protein3	31.1	3.0	2.45000005
42	r2	3.3	0.0	0.0
42	rnapol	0.0	0.0	0.0
43	__protein1_rbs	3.0	0.0	0.0
43	__protein2_rbs	3.35	0.0	0.0
43	__protein3_rbs	1.45	0.0	0.0
43	__ribosome	55.7	0.0	0.0
43	__rnase_site_ext	6.0	0.0	0.0
43	p0	1.0	0.0	0.0
43	protein1	90.5	6.05	2.9189880999999995
43	protein2	61.35	7.3	2.6014882000000004
43	protein3	32.4	3.25	2.32416665
43	r2	3.65	0.0	0.0
43	rnapol	0.0	0.0	0.0
44	__protein1_rbs	2.6	0.0	0.0
44	__protein2_rbs	3.55	0.0	0.0
44	__protein3_rbs	1.9	0.0	0.0
44	__ribosome	55.65	0.0	0.0
44	__rnase_site_ext	6.0	0.0	0.0
44	p0	1.0	0.0	0.0
44	protein1	94.05	6.0	2.8316071000000003
44	protein2	64.85	7.25	2.6583333500000004
44	protein3	33.7	3.5	2.4449999999999994
44	r2	4.0	0.0	0.0
44	rnapol	0.0	0.0	0.0
45	__protein1_rbs	2.75	0.0	0.0
45	__protein2_rbs	3.35	0.0	0.0
45	__protein3_rbs	1.8	0.0	0.0
45	__ribosome	55.35	0.0	0.0
45	__rnase_site_ext	5.95	0.0	0.0
45	p0	1.0	0.0	0.0
45	protein1	97.3	6.0	2.79696425
45	protein2	68.85	7.2	2.6339285500000003
45	protein3	34.9	3.7	2.43595235
45	r2	4.35	0.0	0.0
45	rnapol	0.0	0.0	0.0
46	__protein1_rbs	2.75	0.0	0.0
46	__protein2_rbs	3.3	0.0	0.0
46	__protein3_rbs	2.05	0.0	0.0
46	__ribosome	55.05	0.0	0.0
46	__rnase_site_ext	5.95	0.0	0.0
46	p0	0.95	0.0	0.0
46	protein1	100.75	5.95	2.7491072999999995
46	protein2	72.35	7.1	2.7041667
46	protein3	36.45	4.05	2.3455951999999995
46	r2	4.45	0.0	0.0
46	rnapol	0.15	0.0	0.0
47	__protein1_rbs	2.9	0.0	0.0
47	__protein2_rbs	3.25	0.0	0.0
47	__protein3_rbs	1.95	0.0	0.0
47	__ribosome	55.0	0.0	0.0
47	__rnase_site_ext	6.05	0.0	0.0
47	p0	0.8	0.0	0.0
47	protein1	104.45	5.95	2.64267855
47	protein2	75.9	7.05	2.7261905500000005
47	protein3	38.4	4.45	2.2647619
47	r2	4.3	0.0	0.0
47	rnapol	0.35	0.0	0.0
48	__protein1_rbs	2.75	0.0	0.0
48	__protein2_rbs	3.2	0.0	0.0
48	__protein3_rbs	2.8	0.0	0.0
48	__ribosome	54.3	0.0	0.0
48	__rnase_site_ext	6.2	0.0	0.0
48	p0	0.75	0.0	0.0
48	protein1	107.45	6.05	2.65857135
48	protein2	79.6	6.95	2.7422619000000004
48	protein3	39.75	4.6	2.3527381000000007
48	r2	4.3	0.0	0.0
48	rnapol	0.4	0.0	0.0
49	__protein1_rbs	3.0	0.0	0.0
49	__protein2_rbs	3.3	0.0	0.0
49	__protein3_rbs	1.8	0.0	0.0
49	__ribosome	53.75	0.0	0.0
49	__rnase_site_ext	6.35	0.0	0.0
49	p0	0.75	0.0	0.0
49	protein1	110.8	6.2	2.5498809
49	protein2	83.2	6.9	2.7723214
49	protein3	41.75	4.6	2.58023815
49	r2	4.2	0.0	0.0
49	rnapol	0.6	0.0	0.0
50	__protein1_rbs	3.25	0.0	0.0
50	__protein2_rbs	3.1	0.0	0.0
50	__protein3_rbs	2.25	0.0	0.0
50	__ribosome	53.65	0.0	0.0
50	__rnase_site_ext	6.8	0.0	0.0
50	p0	0.65	0.0	0.0
50	protein1	113.4	6.3	2.54700395
50	protein2	86.65	6.75	2.852797750000001
50	protein3	44.0	4.35	2.6922619
50	r2	4.1	0.0	0.0
50	rnapol	0.7	0.0	0.0
51	__protein1_rbs	3.2	0.0	0.0
51	__protein2_rbs	3.1	0.0	0.0
51	__protein3_rbs	1.85	0.0	0.0
51	__ribosome	53.45	0.0	0.0
51	__rnase_site_ext	7.1	0.0	0.0
51	p0	0.45	0.0	0.0
51	protein1	116.85	6.65	2.44815475
51	protein2	90.45	6.7	2.81434525
51	protein3	46.0	4.35	2.7909523999999997
51	r2	4.0	0.0	0.0
51	rnapol	0.55	0.0	0.0
52	__protein1_rbs	3.9	0.0	0.0
52	__protein2_rbs	3.3	0.0	0.0
52	__protein3_rbs	2.2	0.0	0.0
52	__ribosome	54.65	0.0	0.0
52	__rnase_site_ext	7.35	0.0	0.0
52	p0	0.6	0.0	0.0
52	protein1	120.0	6.9	2.28345235
52	protein2	94.4	6.7	2.7303572000000003
52	protein3	48.45	4.2	2.78738095
52	r2	3.8	0.0	0.0
52	rnapol	0.7	0.0	0.0
53	__protein1_rbs	3.2	0.0	0.0
53	__protein2_rbs	3.4	0.0	0.0
53	__protein3_rbs	1.9	0.0	0.0
53	__ribosome	53.55	0.0	0.0
53	__rnase_site_ext	7.85	0.0	0.0
53	p0	0.45	0.0	0.0
53	protein1	122.8	7.2	2.3604762000000004
53	protein2	98.25	6.65	2.64363095
53	protein3	50.1	4.15	2.9582143000000007
53	r2	3.55	0.0	0.0
53	rnapol	0.8	0.0	0.0
54	__protein1_rbs	3.45	0.0	0.0
54	__protein2_rbs	3.5	0.0	0.0
54	__protein3_rbs	1.75	0.0	0.0
54	__ribosome	53.8	0.0	0.0
54	__rnase_site_ext	8.2	0.0	0.0
54	p0	0.7	0.0	0.0
54	protein1	126.15	7.55	2.33009915
54	protein2	101.7	6.6	2.66333335
54	protein3	53.0	3.85	2.9857143000000006
54	r2	3.25	0.0	0.0
54	rnapol	0.75	0.0	0.0
55	__protein1_rbs	4.15	0.0	0.0
55	__protein2_rbs	3.4	0.0	0.0
55	__protein3_rbs	2.05	0.0	0.0
55	__ribosome	53.55	0.0	0.0
55	__rnase_site_ext	8.5	0.0	0.0
55	p0	0.65	0.0	0.0
55	protein1	129.0	8.15	2.25907105
55	protein2	104.85	6.65	2.6516667000000007
55	protein3	55.4	3.75	2.9075001
55	r2	3.15	0.0	0.0
55	rnapol	0.5	0.0	0.0
56	__protein1_rbs	4.0	0.0	0.0
56	__protein2_rbs	3.05	0.0	0.0
56	__protein3_rbs	1.55	0.0	0.0
56	__ribosome	52.3	0.0	0.0
56	__rnase_site_ext	8.7	0.0	0.0
56	p0	0.75	0.0	0.0
56	protein1	132.45	8.35	2.30643755
56	protein2	108.4	6.6	2.72029755
56	protein3	57.3	3.6	3.1129761999999994
56	r2	3.1	0.0	0.0
56	rnapol	0.25	0.0	0.0
57	__protein1_rbs	4.4	0.0	0.0
57	__protein2_rbs	3.5	0.0	0.0
57	__protein3_rbs	1.8	0.0	0.0
57	__ribosome	53.05	0.0	0.0
57	__rnase_site_ext	8.9	0.0	0.0
57	p0	0.8	0.0	0.0
57	protein1	135.5	8.6	2.36038415
57	protein2	112.3	6.8	2.50874995
57	protein3	59.9	3.3	3.168214250000001
57	r2	2.95	0.0	0.0
57	rnapol	0.1	0.0	0.0
58	__protein1_rbs	4.35	0.0	0.0
58	__protein2_rbs	3.65	0.0	0.0
58	__protein3_rbs	1.5	0.0	0.0
58	__ribosome	52.3	0.0	0.0
58	__rnase_site_ext	8.85	0.0	0.0
58	p0	1.0	0.0	0.0
58	protein1	139.2	8.9	2.3740151000000003
58	protein2	115.65	7.05	2.47767855
58	protein3	61.95	3.15	3.1484523999999996
58	r2	2.9	0.0	0.0
58	rnapol	0.1	0.0	0.0
59	__protein1_rbs	3.95	0.0	0.0
59	__protein2_rbs	3.6	0.0	0.0
59	__protein3_rbs	1.4	0.0	0.0
59	__ribosome	51.7	0.0	0.0
59	__rnase_site_ext	8.85	0.0	0.0
59	p0	0.95	0.0	0.0
59	protein1	143.1	8.8	2.4974747499999994
59	protein2	119.15	7.15	2.4466468
59	protein3	64.05	3.15	3.0414285999999997
59	r2	2.8	0.0	0.0
59	rnapol	0.05	0.0	0.0
60	__protein1_rbs	3.9	0.0	0.0
60	__protein2_rbs	4.05	0.0	0.0
60	__protein3_rbs	1.7	0.0	0.0
60	__ribosome	49.8	0.0	0.0
60	__rnase_site_ext	8.85	0.0	0.0
60	p0	1.0	0.0	0.0
60	protein1	146.7	8.85	2.6552597
60	protein2	122.2	7.6	2.368611
60	protein3	65.5	3.0	3.1616667
60	r2	2.75	0.0	0.0
60	rnapol	0.0	0.0	0.0
61	__protein1_rbs	4.3	0.0	0.0
61	__protein2_rbs	3.85	0.0	0.0
61	__protein3_rbs	1.4	0.0	0.0
61	__ribosome	49.85	0.0	0.0
61	__rnase_site_ext	8.85	0.0	0.0
61	p0	1.0	0.0	0.0
61	protein1	150.85	8.85	2.65301595
61	protein2	125.7	8.05	2.2871825
61	protein3	67.6	2.9	3.0225
61	r2	2.8	0.0	0.0
61	rnapol	0.0	0.0	0.0
62	__protein1_rbs	4.55	0.0	0.0
62	__protein2_rbs	3.7	0.0	0.0
62	__protein3_rbs	1.55	0.0	0.0
62	__ribosome	49.85	0.0	0.0
62	__rnase_site_ext	8.8	0.0	0.0
62	p0	1.0	0.0	0.0
62	protein1	155.3	8.85	2.6031059999999995
62	protein2	129.2	8.3	2.3362157000000003
62	protein3	69.5	2.85	2.82083335
62	r2	2.9	0.0	0.0
62	rnapol	0.0	0.0	0.0
63	__protein1_rbs	4.15	0.0	0.0
63	__protein2_rbs	4.45	0.0	0.0
63	__protein3_rbs	1.4	0.0	0.0
63	__ribosome	49.35	0.0	0.0
63	__rnase_site_ext	8.75	0.0	0.0
63	p0	1.0	0.0	0.0
63	protein1	159.7	8.8	2.6364267999999997
63	protein2	132.6	8.9	2.2473322000000002
63	protein3	71.15	2.85	2.6641666
63	r2	3.05	0.0	0.0
63	rnapol	0.0	0.0	0.0
64	__protein1_rbs	4.7	0.0	0.0
64	__protein2_rbs	4.55	0.0	0.0
64	__protein3_rbs	1.6	0.0	0.0
64	__ribosome	49.9	0.0	0.0
64	__rnase_site_ext	8.65	0.0	0.0
64	p0	1.0	0.0	0.0
64	protein1	164.45	8.8	2.56459785
64	protein2	136.3	9.15	2.250846
64	protein3	73.0	2.85	2.5925
64	r2	3.45	0.0	0.0
64	rnapol	0.0	0.0	0.0
65	__protein1_rbs	4.55	0.0	0.0
65	__protein2_rbs	4.45	0.0	0.0
65	__protein3_rbs	1.55	0.0	0.0
65	__ribosome	48.9	0.0	0.0
65	__rnase_site_ext	8.65	0.0	0.0
65	p0	1.0	0.0	0.0
65	protein1	168.75	8.7	2.5537247000000005
65	protein2	139.75	9.2	2.3845887
65	protein3	74.6	3.15	2.36166665
65	r2	3.6	0.0	0.0
65	rnapol	0.0	0.0	0.0
66	__protein1_rbs	4.15	0.0	0.0
66	__protein2_rbs	4.9	0.0	0.0
66	__protein3_rbs	1.5	0.0	0.0
66	__ribosome	47.85	0.0	0.0
66	__rnase_site_ext	8.6	0.0	0.0
66	p0	1.0	0.0	0.0
66	protein1	173.35	8.65	2.55618325
66	protein2	143.55	9.4	2.4044696500000007
66	protein3	76.0	3.45	2.3
66	r2	3.9	0.0	0.0
66	rnapol	0.0	0.0	0.0
67	__protein1_rbs	4.1	0.0	0.0
67	__protein2_rbs	3.95	0.0	0.0
67	__protein3_rbs	1.85	0.0	0.0
67	__ribosome	46.25	0.0	0.0
67	__rnase_site_ext	8.6	0.0	0.0
67	p0	1.0	0.0	0.0
67	protein1	177.55	8.6	2.6109235500000003
67	protein2	148.0	9.35	2.5147961
67	protein3	77.35	3.7	2.32273815
67	r2	4.25	0.0	0.0
67	rnapol	0.0	0.0	0.0
68	__protein1_rbs	4.15	0.0	0.0
68	__protein2_rbs	4.7	0.0	0.0
68	__protein3_rbs	2.2	0.0	0.0
68	__ribosome	46.3	0.0	0.0
68	__rnase_site_ext	8.55	0.0	0.0
68	p0	0.95	0.0	0.0
68	protein1	182.0	8.6	2.57219875
68	protein2	152.5	9.3	2.5164664
68	protein3	78.85	4.0	2.2005953000000003
68	r2	4.6	0.0	0.0
68	rnapol	0.0	0.0	0.0
69	__protein1_rbs	4.0	0.0	0.0
69	__protein2_rbs	4.85	0.0	0.0
69	__protein3_rbs	2.1	0.0	0.0
69	__ribosome	44.6	0.0	0.0
69	__rnase_site_ext	8.5	0.0	0.0
69	p0	0.95	0.0	0.0
69	protein1	186.1	8.6	2.6603030500000004
69	protein2	156.55	9.3	2.5409145
69	protein3	80.4	4.25	2.24499995
69	r2	4.8	0.0	0.0
69	rnapol	0.05	0.0	0.0
70	__protein1_rbs	4.45	0.0	0.0
70	__protein2_rbs	4.6	0.0	0.0
70	__protein3_rbs	2.6	0.0	0.0
70	__ribosome	44.8	0.0	0.0
70	__rnase_site_ext	8.5	0.0	0.0
70	p0	0.9	0.0	0.0
70	protein1	190.8	8.5	2.5687302000000005
70	protein2	161.3	9.3	2.55480525
70	protein3	81.8	4.5	2.3294643
70	r2	4.95	0.0	0.0
70	rnapol	0.2	0.0	0.0
71	__protein1_rbs	4.2	0.0	0.0
71	__protein2_rbs	5.6	0.0	0.0
71	__protein3_rbs	2.55	0.0	0.0
71	__ribosome	44.55	0.0	0.0
71	__rnase_site_ext	8.65	0.0	0.0
71	p0	0.75	0.0	0.0
71	protein1	194.75	8.45	2.6185119
71	protein2	165.5	9.3	2.5142118000000004
71	protein3	83.35	4.8	2.2740477
71	r2	5.15	0.0	0.0
71	rnapol	0.25	0.0	0.0
72	__protein1_rbs	4.55	0.0	0.0
72	__protein2_rbs	4.0	0.0	0.0
72	__protein3_rbs	2.75	0.0	0.0
72	__ribosome	44.25	0.0	0.0
72	__rnase_site_ext	8.8	0.0	0.0
72	p0	0.8	0.0	0.0
72	protein1	198.9	8.55	2.5573016499999994
72	protein2	170.8	9.25	2.533425350000001
72	protein3	85.15	5.15	2.1788095000000003
72	r2	5.2	0.0	0.0
72	rnapol	0.3	0.0	0.0
73	__protein1_rbs	4.5	0.0	0.0
73	__protein2_rbs	5.05	0.0	0.0
73	__protein3_rbs	2.85	0.0	0.0
73	__ribosome	45.75	0.0	0.0
73	__rnase_site_ext	8.9	0.0	0.0
73	p0	0.75	0.0	0.0
73	protein1	203.65	8.75	2.43705395
73	protein2	175.7	9.1	2.440404
73	protein3	87.3	5.25	2.1719047000000002
73	r2	5.15	0.0	0.0
73	rnapol	0.45	0.0	0.0
74	__protein1_rbs	4.15	0.0	0.0
74	__protein2_rbs	4.45	0.0	0.0
74	__protein3_rbs	2.7	0.0	0.0
74	__ribosome	44.45	0.0	0.0
74	__rnase_site_ext	9.2	0.0	0.0
74	p0	0.75	0.0	0.0
74	protein1	207.65	8.8	2.4592875
74	protein2	179.85	9.0	2.5050902500000003
74	protein3	89.5	5.3	2.2751189999999997
74	r2	5.05	0.0	0.0
74	rnapol	0.45	0.0	0.0
75	__protein1_rbs	5.05	0.0	0.0
75	__protein2_rbs	4.7	0.0	0.0
75	__protein3_rbs	2.65	0.0	0.0
75	__ribosome	45.35	0.0	0.0
75	__rnase_site_ext	9.45	0.0	0.0
75	p0	0.65	0.0	0.0
75	protein1	211.85	9.2	2.3362933
75	protein2	184.95	8.9	2.41818175
75	protein3	91.55	5.2	2.3891666500000004
75	r2	5.0	0.0	0.0
75	rnapol	0.5	0.0	0.0
76	__protein1_rbs	4.65	0.0	0.0
76	__protein2_rbs	4.7	0.0	0.0
76	__protein3_rbs	2.95	0.0	0.0
76	__ribosome	44.35	0.0	0.0
76	__rnase_site_ext	9.7	0.0	0.0
76	p0	0.8	0.0	0.0
76	protein1	216.0	9.35	2.3353407
76	protein2	188.5	8.85	2.4664196
76	protein3	93.6	5.2	2.393749950000001
76	r2	4.8	0.0	0.0
76	rnapol	0.85	0.0	0.0
77	__protein1_rbs	4.8	0.0	0.0
77	__protein2_rbs	4.4	0.0	0.0
77	__protein3_rbs	2.65	0.0	0.0
77	__ribosome	44.05	0.0	0.0
77	__rnase_site_ext	9.95	0.0	0.0
77	p0	0.6	0.0	0.0
77	protein1	220.0	9.65	2.3631372500000003
77	protein2	193.05	8.8	2.45416305
77	protein3	96.15	5.1	2.4095833000000004
77	r2	4.65	0.0	0.0
77	rnapol	0.8	0.0	0.0
78	__protein1_rbs	5.5	0.0	0.0
78	__protein2_rbs	4.8	0.0	0.0
78	__protein3_rbs	2.7	0.0	0.0
78	__ribosome	43.15	0.0	0.0
78	__rnase_site_ext	10.55	0.0	0.0
78	p0	0.6	0.0	0.0
78	protein1	223.75	9.9	2.3743741000000003
78	protein2	197.25	8.9	2.45059155
78	protein3	98.35	4.95	2.53125
78	r2	4.5	0.0	0.0
78	rnapol	0.9	0.0	0.0
79	__protein1_rbs	5.95	0.0	0.0
79	__protein2_rbs	4.65	0.0	0.0
79	__protein3_rbs	2.3	0.0	0.0
79	__ribosome	44.6	0.0	0.0
79	__rnase_site_ext	10.75	0.0	0.0
79	p0	0.6	0.0	0.0
79	protein1	228.6	10.35	2.1999505999999998
79	protein2	201.6	9.0	2.3673792
79	protein3	101.15	4.85	2.49666665
79	r2	4.4	0.0	0.0
79	rnapol	0.65	0.0	0.0
80	__protein1_rbs	5.65	0.0	0.0
80	__protein2_rbs	5.2	0.0	0.0
80	__protein3_rbs	2.45	0.0	0.0
80	__ribosome	43.95	0.0	0.0
80	__rnase_site_ext	10.9	0.0	0.0
80	p0	0.75	0.0	0.0
80	protein1	232.95	10.65	2.20130405
80	protein2	205.6	9.0	2.35903315
80	protein3	103.35	4.7	2.5966666500000004
80	r2	4.25	0.0	0.0
80	rnapol	0.55	0.0	0.0
81	__protein1_rbs	6.0	0.0	0.0
81	__protein2_rbs	4.75	0.0	0.0
81	__protein3_rbs	2.3	0.0	0.0
81	__ribosome	42.65	0.0	0.0
81	__rnase_site_ext	11.2	0.0	0.0
81	p0	0.9	0.0	0.0
81	protein1	237.3	10.85	2.2249782500000004
81	protein2	209.55	9.2	2.35742355
81	protein3	105.45	4.6	2.7736905
81	r2	4.25	0.0	0.0
81	rnapol	0.35	0.0	0.0
82	__protein1_rbs	5.55	0.0	0.0
82	__protein2_rbs	5.35	0.0	0.0
82	__protein3_rbs	1.95	0.0	0.0
82	__ribosome	42.85	0.0	0.0
82	__rnase_site_ext	11.35	0.0	0.0
82	p0	0.85	0.0	0.0
82	protein1	242.1	11.15	2.17238455
82	protein2	213.95	9.5	2.2245819000000004
82	protein3	107.8	4.4	2.89833335
82	r2	4.1	0.0	0.0
82	rnapol	0.15	0.0	0.0
83	__protein1_rbs	5.9	0.0	0.0
83	__protein2_rbs	4.65	0.0	0.0
83	__protein3_rbs	2.75	0.0	0.0
83	__ribosome	41.55	0.0	0.0
83	__rnase_site_ext	11.3	0.0	0.0
83	p0	0.95	0.0	0.0
83	protein1	246.1	11.3	2.2395459000000004
83	protein2	218.1	9.85	2.24154035
83	protein3	110.15	4.3	2.7766667
83	r2	4.0	0.0	0.0
83	rnapol	0.15	0.0	0.0
84	__protein1_rbs	6.35	0.0	0.0
84	__protein2_rbs	5.3	0.0	0.0
84	__protein3_rbs	2.4	0.0	0.0
84	__ribosome	41.65	0.0	0.0
84	__rnase_site_ext	11.2	0.0	0.0
84	p0	0.95	0.0	0.0
84	protein1	250.9	11.35	2.25392335
84	protein2	222.05	9.95	2.2749350500000003
84	protein3	112.8	4.2	2.81416665
84	r2	3.85	0.0	0.0
84	rnapol	0.1	0.0	0.0
85	__protein1_rbs	5.65	0.0	0.0
85	__protein2_rbs	5.6	0.0	0.0
85	__protein3_rbs	1.95	0.0	0.0
85	__ribosome	39.95	0.0	0.0
85	__rnase_site_ext	11.2	0.0	0.0
85	p0	0.95	0.0	0.0
85	protein1	255.7	11.2	2.3625149500000004
85	protein2	226.05	10.25	2.27425325
85	protein3	114.95	4.15	2.90250005
85	r2	3.75	0.0	0.0
85	rnapol	0.05	0.0	0.0
86	__protein1_rbs	6.2	0.0	0.0
86	__protein2_rbs	6.0	0.0	0.0
86	__protein3_rbs	2.35	0.0	0.0
86	__ribosome	40.6	0.0	0.0
86	__rnase_site_ext	11.15	0.0	0.0
86	p0	1.0	0.0	0.0
86	protein1	260.25	11.2	2.38240805
86	protein2	230.2	10.45	2.2236363500000005
86	protein3	117.45	4.05	2.66166665
86	r2	3.75	0.0	0.0
86	rnapol	0.05	0.0	0.0
87	__protein1_rbs	5.8	0.0	0.0
87	__protein2_rbs	5.75	0.0	0.0
87	__protein3_rbs	1.6	0.0	0.0
87	__ribosome	39.65	0.0	0.0
87	__rnase_site_ext	11.05	0.0	0.0
87	p0	1.0	0.0	0.0
87	protein1	265.5	11.2	2.40971495
87	protein2	234.7	10.9	2.1647191500000003
87	protein3	119.5	4.0	2.74000005
87	r2	3.8	0.0	0.0
87	rnapol	0.05	0.0	0.0
88	__protein1_rbs	5.9	0.0	0.0
88	__protein2_rbs	6.7	0.0	0.0
88	__protein3_rbs	2.1	0.0	0.0
88	__ribosome	40.55	0.0	0.0
88	__rnase_site_ext	11.05	0.0	0.0
88	p0	0.95	0.0	0.0
88	protein1	270.8	11.1	2.3880799500000007
88	protein2	239.2	11.35	2.06268165
88	protein3	121.45	3.95	3.02166665
88	r2	4.25	0.0	0.0
88	rnapol	0.0	0.0	0.0
89	__protein1_rbs	6.1	0.0	0.0
89	__protein2_rbs	6.35	0.0	0.0
89	__protein3_rbs	2.2	0.0	0.0
89	__ribosome	40.35	0.0	0.0
89	__rnase_site_ext	10.8	0.0	0.0
89	p0	1.0	0.0	0.0
89	protein1	275.7	11.05	2.4137241
89	protein2	243.85	11.55	2.0655663
89	protein3	123.55	3.95	2.85
89	r2	4.45	0.0	0.0
89	rnapol	0.0	0.0	0.0
90	__protein1_rbs	5.75	0.0	0.0
90	__protein2_rbs	6.8	0.0	0.0
90	__protein3_rbs	2.3	0.0	0.0
90	__ribosome	41.0	0.0	0.0
90	__rnase_site_ext	10.7	0.0	0.0
90	p0	1.0	0.0	0.0
90	protein1	281.45	10.95	2.34682645
90	protein2	248.15	11.6	2.0980088500000003
90	protein3	125.65	4.2	2.3860715000000003
90	r2	4.7	0.0	0.0
90	rnapol	0.0	0.0	0.0
91	__protein1_rbs	6.2	0.0	0.0
91	__protein2_rbs	6.15	0.0	0.0
91	__protein3_rbs	1.85	0.0	0.0
91	__ribosome	39.6	0.0	0.0
91	__rnase_site_ext	10.75	0.0	0.0
91	p0	0.95	0.0	0.0
91	protein1	286.3	10.8	2.3277811
91	protein2	252.8	11.8	2.1559341
91	protein3	127.2	4.4	2.4155952000000003
91	r2	4.8	0.0	0.0
91	rnapol	0.0	0.0	0.0
92	__protein1_rbs	6.4	0.0	0.0
92	__protein2_rbs	6.7	0.0	0.0
92	__protein3_rbs	2.9	0.0	0.0
92	__ribosome	40.45	0.0	0.0
92	__rnase_site_ext	10.65	0.0	0.0
92	p0	0.95	0.0	0.0
92	protein1	291.4	10.7	2.2845822
92	protein2	257.8	11.8	2.1791869000000004
92	protein3	129.15	4.65	2.2081548
92	r2	5.2	0.0	0.0
92	rnapol	0.0	0.0	0.0
93	__protein1_rbs	5.3	0.0	0.0
93	__protein2_rbs	6.75	0.0	0.0
93	__protein3_rbs	2.7	0.0	0.0
93	__ribosome	40.2	0.0	0.0
93	__rnase_site_ext	10.65	0.0	0.0
93	p0	0.95	0.0	0.0
93	protein1	297.0	10.75	2.2447047499999995
93	protein2	262.4	11.85	2.17837015
93	protein3	131.15	4.9	2.182738
93	r2	5.35	0.0	0.0
93	rnapol	0.1	0.0	0.0
94	__protein1_rbs	5.9	0.0	0.0
94	__protein2_rbs	6.45	0.0	0.0
94	__protein3_rbs	3.0	0.0	0.0
94	__ribosome	39.3	0.0	0.0
94	__rnase_site_ext	10.6	0.0	0.0
94	p0	0.9	0.0	0.0
94	protein1	301.5	10.65	2.2960158500000003
94	protein2	267.3	11.9	2.2021564
94	protein3	132.95	5.1	2.14630955
94	r2	5.55	0.0	0.0
94	rnapol	0.15	0.0	0.0
95	__protein1_rbs	6.2	0.0	0.0
95	__protein2_rbs	6.7	0.0	0.0
95	__protein3_rbs	3.1	0.0	0.0
95	__ribosome	38.75	0.0	0.0
95	__rnase_site_ext	10.65	0.0	0.0
95	p0	0.85	0.0	0.0
95	protein1	306.1	10.75	2.27979945
95	protein2	271.75	11.75	2.2753656
95	protein3	135.1	5.5	1.98607145
95	r2	5.7	0.0	0.0
95	rnapol	0.15	0.0	0.0
96	__protein1_rbs	6.0	0.0	0.0
96	__protein2_rbs	6.35	0.0	0.0
96	__protein3_rbs	3.1	0.0	0.0
96	__ribosome	38.65	0.0	0.0
96	__rnase_site_ext	10.5	0.0	0.0
96	p0	0.9	0.0	0.0
96	protein1	310.75	10.6	2.26259905
96	protein2	277.35	11.75	2.2672862
96	protein3	137.35	5.75	1.94136905
96	r2	5.9	0.0	0.0
96	rnapol	0.25	0.0	0.0
97	__protein1_rbs	6.0	0.0	0.0
97	__protein2_rbs	6.85	0.0	0.0
97	__protein3_rbs	3.7	0.0	0.0
97	__ribosome	38.0	0.0	0.0
97	__rnase_site_ext	10.55	0.0	0.0
97	p0	0.7	0.0	0.0
97	protein1	315.1	10.65	2.2820855
97	protein2	282.15	11.75	2.2647952
97	protein3	139.2	5.85	2.02097225
97	r2	5.85	0.0	0.0
97	rnapol	0.25	0.0	0.0
98	__protein1_rbs	5.65	0.0	0.0
98	__protein2_rbs	6.45	0.0	0.0
98	__protein3_rbs	3.2	0.0	0.0
98	__ribosome	38.15	0.0	0.0
98	__rnase_site_ext	10.75	0.0	0.0
98	p0	0.7	0.0	0.0
98	protein1	320.25	10.45	2.2936290500000003
98	protein2	287.85	11.65	2.25363745
98	protein3	141.4	5.95	2.05613095
98	r2	5.75	0.0	0.0
98	rnapol	0.3	0.0	0.0
99	__protein1_rbs	6.7	0.0	0.0
99	__protein2_rbs	6.7	0.0	0.0
99	__protein3_rbs	3.2	0.0	0.0
99	__ribosome	38.25	0.0	0.0
99	__rnase_site_ext	10.95	0.0	0.0
99	p0	0.85	0.0	0.0
99	protein1	324.85	10.65	2.20921605
99	protein2	292.8	11.55	2.27350865
99	protein3	143.65	6.05	2.1264484
99	r2	5.6	0.0	0.0
99	rnapol	0.3	0.0	0.0
100	__protein1_rbs	6.1	0.0	0.0
100	__protein2_rbs	6.65	0.0	0.0
100	__protein3_rbs	3.75	0.0	0.0
100	__ribosome	38.6	0.0	0.0
100	__rnase_site_ext	11.1	0.0	0.0
100	p0	0.75	0.0	0.0
100	protein1	329.45	10.9	2.16766495
100	protein2	298.2	11.45	2.2239433999999996
100	protein3	145.65	5.9	2.24075405
100	r2	5.55	0.0	0.0
100	rnapol	0.4	0.0	0.0
101	__protein1_rbs	6.9	0.0	0.0
101	__protein2_rbs	5.9	0.0	0.0
101	__protein3_rbs	3.2	0.0	0.0
101	__ribosome	39.5	0.0	0.0
101	__rnase_site_ext	11.45	0.0	0.0
101	p0	0.6	0.0	0.0
101	protein1	334.3	11.25	2.04237715
101	protein2	303.55	11.35	2.23244445
101	protein3	148.25	5.8	2.2974206
101	r2	5.4	0.0	0.0
101	rnapol	0.3	0.0	0.0
102	__protein1_rbs	6.25	0.0	0.0
102	__protein2_rbs	5.9	0.0	0.0
102	__protein3_rbs	3.2	0.0	0.0
102	__ribosome	38.15	0.0	0.0
102	__rnase_site_ext	11.6	0.0	0.0
102	p0	0.65	0.0	0.0
102	protein1	338.7	11.45	2.0509654
102	protein2	308.15	11.45	2.2884347999999997
102	protein3	150.85	5.75	2.2921428999999995
102	r2	5.25	0.0	0.0
102	rnapol	0.4	0.0	0.0
103	__protein1_rbs	6.4	0.0	0.0
103	__protein2_rbs	6.7	0.0	0.0
103	__protein3_rbs	3.2	0.0	0.0
103	__ribosome	37.95	0.0	0.0
103	__rnase_site_ext	11.9	0.0	0.0
103	p0	0.75	0.0	0.0
103	protein1	343.0	11.55	2.10842765
103	protein2	313.55	11.4	2.25918945
103	protein3	153.3	5.55	2.2901786
103	r2	5.2	0.0	0.0
103	rnapol	0.35	0.0	0.0
104	__protein1_rbs	6.85	0.0	0.0
104	__protein2_rbs	7.2	0.0	0.0
104	__protein3_rbs	2.7	0.0	0.0
104	__ribosome	38.45	0.0	0.0
104	__rnase_site_ext	11.95	0.0	0.0
104	p0	0.75	0.0	0.0
104	protein1	347.4	11.75	2.1013955500000003
104	protein2	318.95	11.5	2.1561646500000005
104	protein3	155.55	5.45	2.43071435
104	r2	5.1	0.0	0.0
104	rnapol	0.3	0.0	0.0
105	__protein1_rbs	6.55	0.0	0.0
105	__protein2_rbs	6.45	0.0	0.0
105	__protein3_rbs	3.15	0.0	0.0
105	__ribosome	37.15	0.0	0.0
105	__rnase_site_ext	12.05	0.0	0.0
105	p0	0.65	0.0	0.0
105	protein1	351.9	11.95	2.14597835
105	protein2	323.35	11.6	2.1902053999999995
105	protein3	158.2	5.2	2.4349405
105	r2	5.0	0.0	0.0
105	rnapol	0.2	0.0	0.0
106	__protein1_rbs	6.65	0.0	0.0
106	__protein2_rbs	6.45	0.0	0.0
106	__protein3_rbs	2.8	0.0	0.0
106	__ribosome	36.5	0.0	0.0
106	__rnase_site_ext	12.15	0.0	0.0
106	p0	0.85	0.0	0.0
106	protein1	356.4	11.9	2.225515
106	protein2	328.3	11.55	2.19879775
106	protein3	160.7	5.15	2.3879762
106	r2	4.9	0.0	0.0
106	rnapol	0.1	0.0	0.0
107	__protein1_rbs	6.7	0.0	0.0
107	__protein2_rbs	7.3	0.0	0.0
107	__protein3_rbs	2.5	0.0	0.0
107	__ribosome	37.15	0.0	0.0
107	__rnase_site_ext	12.15	0.0	0.0
107	p0	0.9	0.0	0.0
107	protein1	361.45	12.25	2.170709
107	protein2	333.85	12.1	2.03520585
107	protein3	163.3	5.1	2.43357145
107	r2	4.95	0.0	0.0
107	rnapol	0.05	0.0	0.0
108	__protein1_rbs	7.25	0.0	0.0
108	__protein2_rbs	6.5	0.0	0.0
108	__protein3_rbs	2.9	0.0	0.0
108	__ribosome	37.15	0.0	0.0
108	__rnase_site_ext	12.15	0.0	0.0
108	p0	1.0	0.0	0.0
108	protein1	366.7	12.1	2.1578353000000003
108	protein2	338.6	12.35	2.05450295
108	protein3	165.55	5.05	2.362619
108	r2	4.8	0.0	0.0
108	rnapol	0.1	0.0	0.0
109	__protein1_rbs	6.6	0.0	0.0
109	__protein2_rbs	6.95	0.0	0.0
109	__protein3_rbs	2.85	0.0	0.0
109	__ribosome	35.9	0.0	0.0
109	__rnase_site_ext	12.1	0.0	0.0
109	p0	1.0	0.0	0.0
109	protein1	371.5	12.15	2.2219961500000003
109	protein2	343.15	12.5	2.12194715
109	protein3	168.25	5.05	2.2277380999999994
109	r2	4.8	0.0	0.0
109	rnapol	0.1	0.0	0.0
110	__protein1_rbs	7.45	0.0	0.0
110	__protein2_rbs	7.25	0.0	0.0
110	__protein3_rbs	2.85	0.0	0.0
110	__ribosome	35.95	0.0	0.0
110	__rnase_site_ext	11.95	0.0	0.0
110	p0	0.9	0.0	0.0
110	protein1	376.65	12.1	2.1665731500000005
110	protein2	347.9	12.7	2.15357585
110	protein3	170.3	5.05	2.23202385
110	r2	4.75	0.0	0.0
110	rnapol	0.0	0.0	0.0
111	__protein1_rbs	6.75	0.0	0.0
111	__protein2_rbs	8.3	0.0	0.0
111	__protein3_rbs	2.2	0.0	0.0
111	__ribosome	36.85	0.0	0.0
111	__rnase_site_ext	11.85	0.0	0.0
111	p0	1.0	0.0	0.0
111	protein1	382.0	12.0	2.1621509000000003
111	protein2	353.2	12.8	2.0818238
111	protein3	172.75	4.85	2.3594048
111	r2	4.7	0.0	0.0
111	rnapol	0.0	0.0	0.0
112	__protein1_rbs	6.85	0.0	0.0
112	__protein2_rbs	7.7	0.0	0.0
112	__protein3_rbs	3.25	0.0	0.0
112	__ribosome	36.6	0.0	0.0
112	__rnase_site_ext	11.8	0.0	0.0
112	p0	1.0	0.0	0.0
112	protein1	386.8	11.95	2.1936434999999994
112	protein2	357.8	13.0	2.1229452
112	protein3	174.95	4.9	2.2157143
112	r2	4.55	0.0	0.0
112	rnapol	0.0	0.0	0.0
113	__protein1_rbs	7.15	0.0	0.0
113	__protein2_rbs	7.4	0.0	0.0
113	__protein3_rbs	2.2	0.0	0.0
113	__ribosome	36.75	0.0	0.0
113	__rnase_site_ext	11.7	0.0	0.0
113	p0	1.0	0.0	0.0
113	protein1	392.5	11.85	2.13278465
113	protein2	363.4	13.1	2.07835735
113	protein3	177.2	5.1	2.25047615
113	r2	4.9	0.0	0.0
113	rnapol	0.0	0.0	0.0
114	__protein1_rbs	6.45	0.0	0.0
114	__protein2_rbs	7.55	0.0	0.0
114	__protein3_rbs	2.7	0.0	0.0
114	__ribosome	37.3	0.0	0.0
114	__rnase_site_ext	11.6	0.0	0.0
114	p0	1.0	0.0	0.0
114	protein1	398.25	11.75	2.1072600999999995
114	protein2	368.85	13.25	2.07735555
114	protein3	179.55	4.85	2.3315476000000004
114	r2	5.0	0.0	0.0
114	rnapol	0.05	0.0	0.0
115	__protein1_rbs	6.55	0.0	0.0
115	__protein2_rbs	7.25	0.0	0.0
115	__protein3_rbs	3.2	0.0	0.0
115	__ribosome	35.2	0.0	0.0
115	__rnase_site_ext	11.5	0.0	0.0
115	p0	0.95	0.0	0.0
115	protein1	401.9	11.65	2.2461386
115	protein2	373.8	13.3	2.15199355
115	protein3	181.5	5.1	2.16738095
115	r2	5.25	0.0	0.0
115	rnapol	0.1	0.0	0.0
116	__protein1_rbs	6.5	0.0	0.0
116	__protein2_rbs	8.1	0.0	0.0
116	__protein3_rbs	3.15	0.0	0.0
116	__ribosome	36.7	0.0	0.0
116	__rnase_site_ext	11.55	0.0	0.0
116	p0	1.0	0.0	0.0
116	protein1	407.15	11.5	2.2251407000000003
116	protein2	379.25	13.3	2.1070164500000006
116	protein3	183.9	5.25	2.03547615
116	r2	5.05	0.0	0.0
116	rnapol	0.1	0.0	0.0
117	__protein1_rbs	6.1	0.0	0.0
117	__protein2_rbs	7.0	0.0	0.0
117	__protein3_rbs	2.8	0.0	0.0
117	__ribosome	34.95	0.0	0.0
117	__rnase_site_ext	11.45	0.0	0.0
117	p0	0.95	0.0	0.0
117	protein1	412.4	11.55	2.1964026000000003
117	protein2	384.1	13.0	2.2399559000000004
117	protein3	185.7	5.25	2.14619045
117	r2	5.2	0.0	0.0
117	rnapol	0.25	0.0	0.0
118	__protein1_rbs	6.75	0.0	0.0
118	__protein2_rbs	7.35	0.0	0.0
118	__protein3_rbs	2.65	0.0	0.0
118	__ribosome	34.55	0.0	0.0
118	__rnase_site_ext	11.5	0.0	0.0
118	p0	0.85	0.0	0.0
118	protein1	416.75	11.4	2.2411738999999997
118	protein2	389.6	12.95	2.23735195
118	protein3	188.2	5.55	2.05714275
118	r2	5.3	0.0	0.0
118	rnapol	0.3	0.0	0.0
119	__protein1_rbs	6.55	0.0	0.0
119	__protein2_rbs	7.1	0.0	0.0
119	__protein3_rbs	3.65	0.0	0.0
119	__ribosome	35.45	0.0	0.0
119	__rnase_site_ext	11.6	0.0	0.0
119	p0	0.6	0.0	0.0
119	protein1	422.35	11.55	2.16046115
119	protein2	395.1	12.9	2.239023950000001
119	protein3	190.3	5.45	2.0529762
119	r2	5.45	0.0	0.0
119	rnapol	0.1	0.0	0.0
120	__protein1_rbs	7.1	0.0	0.0
120	__protein2_rbs	6.75	0.0	0.0
120	__protein3_rbs	3.25	0.0	0.0
120	__ribosome	35.45	0.0	0.0
120	__rnase_site_ext	11.65	0.0	0.0
120	p0	0.95	0.0	0.0
120	protein1	426.9	11.5	2.1592497
120	protein2	401.2	12.9	2.21107565
120	protein3	191.85	5.4	2.233869
120	r2	5.6	0.0	0.0
120	rnapol	0.3	0.0	0.0
121	__protein1_rbs	6.65	0.0	0.0
121	__protein2_rbs	7.0	0.0	0.0
121	__protein3_rbs	3.15	0.0	0.0
121	__ribosome	35.15	0.0	0.0
121	__rnase_site_ext	11.75	0.0	0.0
121	p0	0.7	0.0	0.0
121	protein1	431.75	11.7	2.15961125
121	protein2	406.9	12.6	2.2461135
121	protein3	194.2	5.45	2.2382142999999997
121	r2	5.65	0.0	0.0
121	rnapol	0.4	0.0	0.0
122	__protein1_rbs	6.15	0.0	0.0
122	__protein2_rbs	7.0	0.0	0.0
122	__protein3_rbs	3.7	0.0	0.0
122	__ribosome	36.2	0.0	0.0
122	__rnase_site_ext	11.95	0.0	0.0
122	p0	0.8	0.0	0.0
122	protein1	437.2	11.7	2.1300031500000003
122	protein2	412.75	12.55	2.19842905
122	protein3	196.55	5.75	2.08589285
122	r2	5.45	0.0	0.0
122	rnapol	0.55	0.0	0.0
123	__protein1_rbs	7.6	0.0	0.0
123	__protein2_rbs	6.9	0.0	0.0
123	__protein3_rbs	3.8	0.0	0.0
123	__ribosome	36.65	0.0	0.0
123	__rnase_site_ext	12.2	0.0	0.0
123	p0	0.8	0.0	0.0
123	protein1	441.4	11.95	2.0851117999999995
123	protein2	417.6	12.35	2.26973625
123	protein3	199.45	5.75	1.9344643
123	r2	5.35	0.0	0.0
123	rnapol	0.4	0.0	0.0
124	__protein1_rbs	6.95	0.0	0.0
124	__protein2_rbs	7.1	0.0	0.0
124	__protein3_rbs	3.0	0.0	0.0
124	__ribosome	36.9	0.0	0.0
124	__rnase_site_ext	12.5	0.0	0.0
124	p0	0.6	0.0	0.0
124	protein1	446.15	12.15	2.09177335
124	protein2	423.4	12.2	2.1988609
124	protein3	201.5	5.7	2.06880955
124	r2	5.05	0.0	0.0
124	rnapol	0.45	0.0	0.0
125	__protein1_rbs	7.3	0.0	0.0
125	__protein2_rbs	6.7	0.0	0.0
125	__protein3_rbs	3.15	0.0	0.0
125	__ribosome	36.6	0.0	0.0
125	__rnase_site_ext	12.75	0.0	0.0
125	p0	0.85	0.0	0.0
125	protein1	451.05	12.2	2.1023353
125	protein2	428.9	12.15	2.1756331
125	protein3	203.5	5.5	2.1830357499999997
125	r2	4.95	0.0	0.0
125	rnapol	0.5	0.0	0.0
126	__protein1_rbs	7.4	0.0	0.0
126	__protein2_rbs	7.0	0.0	0.0
126	__protein3_rbs	2.85	0.0	0.0
126	__ribosome	37.6	0.0	0.0
126	__rnase_site_ext	12.6	0.0	0.0
126	p0	0.8	0.0	0.0
126	protein1	456.9	12.65	1.9711650000000005
126	protein2	434.25	12.1	2.18078785
126	protein3	205.95	5.3	2.2848214
126	r2	4.8	0.0	0.0
126	rnapol	0.75	0.0	0.0
127	__protein1_rbs	7.5	0.0	0.0
127	__protein2_rbs	6.8	0.0	0.0
127	__protein3_rbs	2.75	0.0	0.0
127	__ribosome	36.15	0.0	0.0
127	__rnase_site_ext	12.95	0.0	0.0
127	p0	0.7	0.0	0.0
127	protein1	460.8	12.55	2.0840184500000007
127	protein2	439.2	12.35	2.15514245
127	protein3	208.3	5.25	2.2629761500000005
127	r2	4.75	0.0	0.0
127	rnapol	0.5	0.0	0.0
128	__protein1_rbs	7.25	0.0	0.0
128	__protein2_rbs	7.15	0.0	0.0
128	__protein3_rbs	2.85	0.0	0.0
128	__ribosome	35.75	0.0	0.0
128	__rnase_site_ext	13.25	0.0	0.0
128	p0	0.75	0.0	0.0
128	protein1	465.8	12.85	2.09203375
128	protein2	444.7	12.5	2.1060329500000003
128	protein3	210.35	5.05	2.35154765
128	r2	4.55	0.0	0.0
128	rnapol	0.5	0.0	0.0
129	__protein1_rbs	7.0	0.0	0.0
129	__protein2_rbs	7.45	0.0	0.0
129	__protein3_rbs	2.9	0.0	0.0
129	__ribosome	35.9	0.0	0.0
129	__rnase_site_ext	13.4	0.0	0.0
129	p0	0.75	0.0	0.0
129	protein1	471.25	13.1	2.0835972000000003
129	protein2	449.05	12.5	2.13408835
129	protein3	213.3	4.85	2.245
129	r2	4.35	0.0	0.0
129	rnapol	0.35	0.0	0.0
130	__protein1_rbs	7.15	0.0	0.0
130	__protein2_rbs	7.1	0.0	0.0
130	__protein3_rbs	3.0	0.0	0.0
130	__ribosome	35.8	0.0	0.0
130	__rnase_site_ext	13.45	0.0	0.0
130	p0	0.9	0.0	0.0
130	protein1	476.25	13.35	2.1011889999999998
130	protein2	455.15	12.8	2.02319845
130	protein3	215.05	4.75	2.3080357000000005
130	r2	4.25	0.0	0.0
130	rnapol	0.35	0.0	0.0
131	__protein1_rbs	7.5	0.0	0.0
131	__protein2_rbs	7.85	0.0	0.0
131	__protein3_rbs	2.45	0.0	0.0
131	__ribosome	35.4	0.0	0.0
131	__rnase_site_ext	13.55	0.0	0.0
131	p0	0.8	0.0	0.0
131	protein1	481.25	13.4	2.15653065
131	protein2	459.8	12.75	2.081316
131	protein3	217.7	4.5	2.2924999999999995
131	r2	4.1	0.0	0.0
131	rnapol	0.15	0.0	0.0
132	__protein1_rbs	8.5	0.0	0.0
132	__protein2_rbs	7.45	0.0	0.0
132	__protein3_rbs	2.6	0.0	0.0
132	__ribosome	36.25	0.0	0.0
132	__rnase_site_ext	13.65	0.0	0.0
132	p0	0.85	0.0	0.0
132	protein1	486.3	13.45	2.1355063
132	protein2	465.3	13.0	2.0021764499999994
132	protein3	219.95	4.35	2.2645833
132	r2	4.1	0.0	0.0
132	rnapol	0.0	0.0	0.0
133	__protein1_rbs	7.5	0.0	0.0
133	__protein2_rbs	7.6	0.0	0.0
133	__protein3_rbs	2.3	0.0	0.0
133	__ribosome	35.35	0.0	0.0
133	__rnase_site_ext	13.6	0.0	0.0
133	p0	0.95	0.0	0.0
133	protein1	492.1	13.6	2.12372225
133	protein2	469.85	13.15	2.05804165
133	protein3	222.1	4.25	2.24750005
133	r2	4.05	0.0	0.0
133	rnapol	0.05	0.0	0.0
134	__protein1_rbs	8.05	0.0	0.0
134	__protein2_rbs	7.85	0.0	0.0
134	__protein3_rbs	2.1	0.0	0.0
134	__ribosome	34.25	0.0	0.0
134	__rnase_site_ext	13.45	0.0	0.0
134	p0	1.0	0.0	0.0
134	protein1	497.95	13.65	2.1005402499999994
134	protein2	474.35	13.5	2.0838918
134	protein3	223.85	4.1	2.5266667000000003
134	r2	3.9	0.0	0.0
134	rnapol	0.05	0.0	0.0
135	__protein1_rbs	7.5	0.0	0.0
135	__protein2_rbs	7.8	0.0	0.0
135	__protein3_rbs	2.4	0.0	0.0
135	__ribosome	34.9	0.0	0.0
135	__rnase_site_ext	13.4	0.0	0.0
135	p0	1.0	0.0	0.0
135	protein1	503.9	13.55	2.1269162
135	protein2	480.5	13.4	2.0367754
135	protein3	225.75	4.35	2.23875
135	r2	3.8	0.0	0.0
135	rnapol	0.05	0.0	0.0
136	__protein1_rbs	8.1	0.0	0.0
136	__protein2_rbs	8.45	0.0	0.0
136	__protein3_rbs	2.3	0.0	0.0
136	__ribosome	34.55	0.0	0.0
136	__rnase_site_ext	13.25	0.0	0.0
136	p0	0.95	0.0	0.0
136	protein1	509.1	13.4	2.1508081000000003
136	protein2	485.1	13.55	2.04558635
136	protein3	227.65	4.3	2.3145833500000004
136	r2	3.75	0.0	0.0
136	rnapol	0.0	0.0	0.0
137	__protein1_rbs	7.65	0.0	0.0
137	__protein2_rbs	7.3	0.0	0.0
137	__protein3_rbs	2.3	0.0	0.0
137	__ribosome	33.55	0.0	0.0
137	__rnase_site_ext	13.25	0.0	0.0
137	p0	0.9	0.0	0.0
137	protein1	514.6	13.25	2.1552266
137	protein2	490.7	13.9	2.0730193
137	protein3	229.45	4.15	2.41178575
137	r2	3.85	0.0	0.0
137	rnapol	0.0	0.0	0.0
138	__protein1_rbs	8.45	0.0	0.0
138	__protein2_rbs	8.0	0.0	0.0
138	__protein3_rbs	2.1	0.0	0.0
138	__ribosome	33.85	0.0	0.0
138	__rnase_site_ext	13.15	0.0	0.0
138	p0	1.0	0.0	0.0
138	protein1	520.55	13.25	2.0698614
138	protein2	495.85	14.0	2.1079548000000004
138	protein3	231.45	4.05	2.6025
138	r2	4.1	0.0	0.0
138	rnapol	0.0	0.0	0.0
139	__protein1_rbs	8.15	0.0	0.0
139	__protein2_rbs	8.85	0.0	0.0
139	__protein3_rbs	2.4	0.0	0.0
139	__ribosome	34.2	0.0	0.0
139	__rnase_site_ext	13.05	0.0	0.0
139	p0	1.0	0.0	0.0
139	protein1	525.7	13.2	2.0726583
139	protein2	501.2	14.15	2.0822034
139	protein3	233.3	4.05	2.57464285
139	r2	4.3	0.0	0.0
139	rnapol	0.0	0.0	0.0
140	__protein1_rbs	7.45	0.0	0.0
140	__protein2_rbs	8.0	0.0	0.0
140	__protein3_rbs	2.4	0.0	0.0
140	__ribosome	34.4	0.0	0.0
140	__rnase_site_ext	12.95	0.0	0.0
140	p0	1.0	0.0	0.0
140	protein1	531.55	13.15	2.04575225
140	protein2	506.95	14.35	2.0736833000000003
140	protein3	235.1	4.1	2.46464285
140	r2	4.5	0.0	0.0
140	rnapol	0.15	0.0	0.0
141	__protein1_rbs	7.35	0.0	0.0
141	__protein2_rbs	8.3	0.0	0.0
141	__protein3_rbs	2.55	0.0	0.0
141	__ribosome	33.55	0.0	0.0
141	__rnase_site_ext	12.85	0.0	0.0
141	p0	0.85	0.0	0.0
141	protein1	537.0	13.0	2.1287250500000003
141	protein2	512.2	14.4	2.10774265
141	protein3	237.4	4.35	2.1664285000000008
141	r2	4.55	0.0	0.0
141	rnapol	0.2	0.0	0.0
142	__protein1_rbs	8.1	0.0	0.0
142	__protein2_rbs	7.2	0.0	0.0
142	__protein3_rbs	3.25	0.0	0.0
142	__ribosome	34.0	0.0	0.0
142	__rnase_site_ext	12.9	0.0	0.0
142	p0	0.7	0.0	0.0
142	protein1	541.9	12.9	2.12965475
142	protein2	518.5	14.25	2.1367481
142	protein3	239.05	4.55	1.95392855
142	r2	4.65	0.0	0.0
142	rnapol	0.3	0.0	0.0
143	__protein1_rbs	7.8	0.0	0.0
143	__protein2_rbs	7.95	0.0	0.0
143	__protein3_rbs	2.45	0.0	0.0
143	__ribosome	33.4	0.0	0.0
143	__rnase_site_ext	13.0	0.0	0.0
143	p0	0.9	0.0	0.0
143	protein1	547.35	12.85	2.14637665
143	protein2	524.15	14.25	2.15391735
143	protein3	241.1	4.65	2.0629762
143	r2	4.75	0.0	0.0
143	rnapol	0.35	0.0	0.0
144	__protein1_rbs	8.15	0.0	0.0
144	__protein2_rbs	8.15	0.0	0.0
144	__protein3_rbs	2.45	0.0	0.0
144	__ribosome	33.05	0.0	0.0
144	__rnase_site_ext	13.05	0.0	0.0
144	p0	0.75	0.0	0.0
144	protein1	552.15	13.0	2.1124319
144	protein2	530.05	14.1	2.1655236
144	protein3	242.95	4.8	2.0835714
144	r2	4.9	0.0	0.0
144	rnapol	0.2	0.0	0.0
145	__protein1_rbs	7.8	0.0	0.0
145	__protein2_rbs	8.55	0.0	0.0
145	__protein3_rbs	3.05	0.0	0.0
145	__ribosome	33.65	0.0	0.0
145	__rnase_site_ext	13.1	0.0	0.0
145	p0	0.8	0.0	0.0
145	protein1	558.3	13.0	2.04844145
145	protein2	535.0	14.05	2.20488145
145	protein3	244.7	4.85	2.02619045
145	r2	4.85	0.0	0.0
145	rnapol	0.3	0.0	0.0
146	__protein1_rbs	7.95	0.0	0.0
146	__protein2_rbs	7.9	0.0	0.0
146	__protein3_rbs	2.45	0.0	0.0
146	__ribosome	32.8	0.0	0.0
146	__rnase_site_ext	13.4	0.0	0.0
146	p0	0.75	0.0	0.0
146	protein1	563.65	13.1	2.0297687
146	protein2	541.1	14.05	2.2183637000000003
146	protein3	246.55	5.0	2.129940500000001
146	r2	4.9	0.0	0.0
146	rnapol	0.2	0.0	0.0
147	__protein1_rbs	7.45	0.0	0.0
147	__protein2_rbs	8.85	0.0	0.0
147	__protein3_rbs	3.4	0.0	0.0
147	__ribosome	33.2	0.0	0.0
147	__rnase_site_ext	13.55	0.0	0.0
147	p0	0.8	0.0	0.0
147	protein1	568.9	13.35	2.01151865
147	protein2	547.55	14.0	2.1283833000000003
147	protein3	247.85	5.05	2.1540476
147	r2	4.7	0.0	0.0
147	rnapol	0.25	0.0	0.0
148	__protein1_rbs	8.45	0.0	0.0
148	__protein2_rbs	8.0	0.0	0.0
148	__protein3_rbs	3.35	0.0	0.0
148	__ribosome	34.55	0.0	0.0
148	__rnase_site_ext	13.8	0.0	0.0
148	p0	0.75	0.0	0.0
148	protein1	574.15	13.5	1.9887613
148	protein2	554.1	13.8	2.118059
148	protein3	250.15	5.0	2.1177381
148	r2	4.65	0.0	0.0
148	rnapol	0.35	0.0	0.0
149	__protein1_rbs	8.2	0.0	0.0
149	__protein2_rbs	7.65	0.0	0.0
149	__protein3_rbs	2.8	0.0	0.0
149	__ribosome	32.7	0.0	0.0
149	__rnase_site_ext	13.9	0.0	0.0
149	p0	0.8	0.0	0.0
149	protein1	578.7	13.6	2.0254962999999995
149	protein2	559.5	13.75	2.1838422000000004
149	protein3	251.95	4.95	2.1579761500000005
149	r2	4.6	0.0	0.0
149	rnapol	0.45	0.0	0.0
150	__protein1_rbs	7.5	0.0	0.0
150	__protein2_rbs	8.55	0.0	0.0
150	__protein3_rbs	3.2	0.0	0.0
150	__ribosome	33.3	0.0	0.0
150	__rnase_site_ext	14.2	0.0	0.0
150	p0	0.7	0.0	0.0
150	protein1	584.4	13.75	2.05942505
150	protein2	565.3	13.75	2.1494366000000005
150	protein3	254.2	4.85	2.048928600000001
150	r2	4.55	0.0	0.0
150	rnapol	0.45	0.0	0.0
151	__protein1_rbs	8.3	0.0	0.0
151	__protein2_rbs	8.75	0.0	0.0
151	__protein3_rbs	2.5	0.0	0.0
151	__ribosome	33.2	0.0	0.0
151	__rnase_site_ext	14.15	0.0	0.0
151	p0	0.75	0.0	0.0
151	protein1	589.2	14.0	2.11945225
151	protein2	571.45	13.75	2.0678758999999998
151	protein3	256.55	4.7	2.12059525
151	r2	4.5	0.0	0.0
151	rnapol	0.35	0.0	0.0
152	__protein1_rbs	7.75	0.0	0.0
152	__protein2_rbs	7.7	0.0	0.0
152	__protein3_rbs	2.45	0.0	0.0
152	__ribosome	31.95	0.0	0.0
152	__rnase_site_ext	14.15	0.0	0.0
152	p0	0.75	0.0	0.0
152	protein1	594.5	14.15	2.1345289000000003
152	protein2	577.15	13.85	2.07101785
152	protein3	258.3	4.6	2.27857135
152	r2	4.5	0.0	0.0
152	rnapol	0.35	0.0	0.0
153	__protein1_rbs	8.35	0.0	0.0
153	__protein2_rbs	8.4	0.0	0.0
153	__protein3_rbs	2.7	0.0	0.0
153	__ribosome	31.25	0.0	0.0
153	__rnase_site_ext	14.25	0.0	0.0
153	p0	0.75	0.0	0.0
153	protein1	600.05	14.15	2.1445317000000004
153	protein2	582.55	14.1	2.0623582
153	protein3	260.0	4.65	2.3310715
153	r2	4.4	0.0	0.0
153	rnapol	0.35	0.0	0.0
154	__protein1_rbs	8.95	0.0	0.0
154	__protein2_rbs	8.65	0.0	0.0
154	__protein3_rbs	2.95	0.0	0.0
154	__ribosome	32.7	0.0	0.0
154	__rnase_site_ext	14.25	0.0	0.0
154	p0	0.85	0.0	0.0
154	protein1	605.7	14.3	2.0997275
154	protein2	588.65	14.2	1.9923763000000003
154	protein3	261.95	4.5	2.29142865
154	r2	4.25	0.0	0.0
154	rnapol	0.35	0.0	0.0
155	__protein1_rbs	8.65	0.0	0.0
155	__protein2_rbs	8.5	0.0	0.0
155	__protein3_rbs	2.4	0.0	0.0
155	__ribosome	32.7	0.0	0.0
155	__rnase_site_ext	14.4	0.0	0.0
155	p0	0.85	0.0	0.0
155	protein1	612.25	14.35	2.0205453999999996
155	protein2	593.9	14.35	2.01992025
155	protein3	263.9	4.5	2.23880955
155	r2	4.0	0.0	0.0
155	rnapol	0.25	0.0	0.0
156	__protein1_rbs	8.25	0.0	0.0
156	__protein2_rbs	9.1	0.0	0.0
156	__protein3_rbs	3.1	0.0	0.0
156	__ribosome	32.8	0.0	0.0
156	__rnase_site_ext	14.45	0.0	0.0
156	p0	0.95	0.0	0.0
156	protein1	617.55	14.35	2.05498415
156	protein2	599.05	14.65	1.98908355
156	protein3	265.8	4.4	2.2210714000000005
156	r2	4.05	0.0	0.0
156	rnapol	0.25	0.0	0.0
157	__protein1_rbs	9.15	0.0	0.0
157	__protein2_rbs	8.95	0.0	0.0
157	__protein3_rbs	2.65	0.0	0.0
157	__ribosome	34.75	0.0	0.0
157	__rnase_site_ext	14.6	0.0	0.0
157	p0	0.95	0.0	0.0
157	protein1	623.85	14.45	1.9671701
157	protein2	605.1	14.75	1.9549476
157	protein3	268.15	4.25	2.0983333
157	r2	4.2	0.0	0.0
157	rnapol	0.1	0.0	0.0
158	__protein1_rbs	8.7	0.0	0.0
158	__protein2_rbs	8.6	0.0	0.0
158	__protein3_rbs	2.3	0.0	0.0
158	__ribosome	33.4	0.0	0.0
158	__rnase_site_ext	14.65	0.0	0.0
158	p0	0.95	0.0	0.0
158	protein1	629.5	14.6	1.99087045
158	protein2	610.65	14.75	2.00191795
158	protein3	269.95	4.1	2.1375
158	r2	4.3	0.0	0.0
158	rnapol	0.0	0.0	0.0
159	__protein1_rbs	8.15	0.0	0.0
159	__protein2_rbs	9.2	0.0	0.0
159	__protein3_rbs	2.3	0.0	0.0
159	__ribosome	32.1	0.0	0.0
159	__rnase_site_ext	14.5	0.0	0.0
159	p0	1.0	0.0	0.0
159	protein1	634.95	14.7	2.0424802
159	protein2	616.35	14.85	2.0064192000000003
159	protein3	271.5	4.3	2.1919048
159	r2	4.4	0.0	0.0
159	rnapol	0.05	0.0	0.0
160	__protein1_rbs	8.6	0.0	0.0
160	__protein2_rbs	9.25	0.0	0.0
160	__protein3_rbs	2.7	0.0	0.0
160	__ribosome	31.8	0.0	0.0
160	__rnase_site_ext	14.35	0.0	0.0
160	p0	0.95	0.0	0.0
160	protein1	640.7	14.55	2.0816901500000005
160	protein2	621.95	15.0	1.98898175
160	protein3	273.35	4.4	2.04333345
160	r2	4.5	0.0	0.0
160	rnapol	0.0	0.0	0.0
161	__protein1_rbs	8.15	0.0	0.0
161	__protein2_rbs	9.2	0.0	0.0
161	__protein3_rbs	2.35	0.0	0.0
161	__ribosome	30.5	0.0	0.0
161	__rnase_site_ext	14.1	0.0	0.0
161	p0	1.0	0.0	0.0
161	protein1	646.55	14.4	2.08983605
161	protein2	627.3	15.35	1.99482685
161	protein3	274.7	4.55	2.12404765
161	r2	4.7	0.0	0.0
161	rnapol	0.05	0.0	0.0
162	__protein1_rbs	8.3	0.0	0.0
162	__protein2_rbs	9.15	0.0	0.0
162	__protein3_rbs	3.4	0.0	0.0
162	__ribosome	31.1	0.0	0.0
162	__rnase_site_ext	14.05	0.0	0.0
162	p0	1.0	0.0	0.0
162	protein1	651.95	14.15	2.149433749999999
162	protein2	633.5	15.4	1.96333695
162	protein3	276.5	4.65	2.0206548
162	r2	5.0	0.0	0.0
162	rnapol	0.05	0.0	0.0
163	__protein1_rbs	8.15	0.0	0.0
163	__protein2_rbs	9.6	0.0	0.0
163	__protein3_rbs	2.7	0.0	0.0
163	__ribosome	31.45	0.0	0.0
163	__rnase_site_ext	14.05	0.0	0.0
163	p0	0.95	0.0	0.0
163	protein1	657.7	14.05	2.1821882500000003
163	protein2	639.8	15.6	1.9212222
163	protein3	278.75	4.85	2.02017855
163	r2	5.05	0.0	0.0
163	rnapol	0.0	0.0	0.0
164	__protein1_rbs	8.15	0.0	0.0
164	__protein2_rbs	9.9	0.0	0.0
164	__protein3_rbs	2.9	0.0	0.0
164	__ribosome	31.25	0.0	0.0
164	__rnase_site_ext	14.05	0.0	0.0
164	p0	0.95	0.0	0.0
164	protein1	663.7	14.05	2.18124705
164	protein2	645.6	15.6	1.93071975
164	protein3	280.35	4.9	2.0440476000000003
164	r2	5.2	0.0	0.0
164	rnapol	0.1	0.0	0.0
165	__protein1_rbs	8.25	0.0	0.0
165	__protein2_rbs	10.3	0.0	0.0
165	__protein3_rbs	3.0	0.0	0.0
165	__ribosome	31.7	0.0	0.0
165	__rnase_site_ext	13.85	0.0	0.0
165	p0	0.95	0.0	0.0
165	protein1	670.1	14.0	2.14548605
165	protein2	650.85	15.6	1.9209113
165	protein3	282.1	5.05	1.9274405
165	r2	5.35	0.0	0.0
165	rnapol	0.2	0.0	0.0
166	__protein1_rbs	8.85	0.0	0.0
166	__protein2_rbs	9.4	0.0	0.0
166	__protein3_rbs	3.1	0.0	0.0
166	__ribosome	32.65	0.0	0.0
166	__rnase_site_ext	13.9	0.0	0.0
166	p0	0.8	0.0	0.0
166	protein1	675.85	13.9	2.0986066
166	protein2	657.15	15.6	1.91882845
166	protein3	284.25	5.35	1.8042857
166	r2	5.6	0.0	0.0
166	rnapol	0.2	0.0	0.0
167	__protein1_rbs	8.65	0.0	0.0
167	__protein2_rbs	9.7	0.0	0.0
167	__protein3_rbs	3.45	0.0	0.0
167	__ribosome	31.4	0.0	0.0
167	__rnase_site_ext	13.75	0.0	0.0
167	p0	0.75	0.0	0.0
167	protein1	681.2	13.9	2.0920566000000003
167	protein2	662.6	15.55	1.9623016
167	protein3	285.7	5.55	1.8679762
167	r2	5.7	0.0	0.0
167	rnapol	0.25	0.0	0.0
168	__protein1_rbs	9.25	0.0	0.0
168	__protein2_rbs	9.4	0.0	0.0
168	__protein3_rbs	3.65	0.0	0.0
168	__ribosome	32.55	0.0	0.0
168	__rnase_site_ext	13.75	0.0	0.0
168	p0	0.75	0.0	0.0
168	protein1	687.1	13.85	1.9755028000000001
168	protein2	668.75	15.35	1.9865475500000005
168	protein3	287.55	5.65	1.86988095
168	r2	5.75	0.0	0.0
168	rnapol	0.25	0.0	0.0
169	__protein1_rbs	8.5	0.0	0.0
169	__protein2_rbs	9.4	0.0	0.0
169	__protein3_rbs	3.4	0.0	0.0
169	__ribosome	32.1	0.0	0.0
169	__rnase_site_ext	13.85	0.0	0.0
169	p0	0.85	0.0	0.0
169	protein1	692.8	13.85	1.9495601000000002
169	protein2	674.6	15.1	1.9980957000000004
169	protein3	289.25	5.85	1.9537896999999995
169	r2	5.75	0.0	0.0
169	rnapol	0.4	0.0	0.0
170	__protein1_rbs	7.7	0.0	0.0
170	__protein2_rbs	9.55	0.0	0.0
170	__protein3_rbs	3.3	0.0	0.0
170	__ribosome	32.25	0.0	0.0
170	__rnase_site_ext	14.0	0.0	0.0
170	p0	0.9	0.0	0.0
170	protein1	698.6	13.9	1.9481675999999999
170	protein2	680.4	14.9	1.97692795
170	protein3	291.5	5.9	2.0240476000000003
170	r2	5.6	0.0	0.0
170	rnapol	0.5	0.0	0.0
171	__protein1_rbs	9.2	0.0	0.0
171	__protein2_rbs	9.0	0.0	0.0
171	__protein3_rbs	3.7	0.0	0.0
171	__ribosome	33.2	0.0	0.0
171	__rnase_site_ext	14.1	0.0	0.0
171	p0	0.7	0.0	0.0
171	protein1	704.55	14.05	1.8567808000000001
171	protein2	685.85	14.8	2.0046869
171	protein3	293.9	6.05	1.94668645
171	r2	5.4	0.0	0.0
171	rnapol	0.35	0.0	0.0
172	__protein1_rbs	8.2	0.0	0.0
172	__protein2_rbs	8.5	0.0	0.0
172	__protein3_rbs	3.55	0.0	0.0
172	__ribosome	31.7	0.0	0.0
172	__rnase_site_ext	14.25	0.0	0.0
172	p0	0.85	0.0	0.0
172	protein1	709.25	14.1	1.9347542999999996
172	protein2	692.0	14.85	1.9947675000000005
172	protein3	295.85	5.8	2.12087295
172	r2	5.55	0.0	0.0
172	rnapol	0.45	0.0	0.0
173	__protein1_rbs	8.55	0.0	0.0
173	__protein2_rbs	9.1	0.0	0.0
173	__protein3_rbs	3.5	0.0	0.0
173	__ribosome	31.35	0.0	0.0
173	__rnase_site_ext	14.2	0.0	0.0
173	p0	0.65	0.0	0.0
173	protein1	713.35	14.25	2.0171348
173	protein2	698.3	14.9	1.9220304999999995
173	protein3	298.0	5.7	2.2387302000000004
173	r2	5.45	0.0	0.0
173	rnapol	0.4	0.0	0.0
174	__protein1_rbs	8.85	0.0	0.0
174	__protein2_rbs	8.95	0.0	0.0
174	__protein3_rbs	3.65	0.0	0.0
174	__ribosome	31.4	0.0	0.0
174	__rnase_site_ext	14.25	0.0	0.0
174	p0	0.7	0.0	0.0
174	protein1	718.7	14.15	1.99391365
174	protein2	703.75	14.8	1.9619808999999997
174	protein3	300.4	5.75	2.1866865000000004
174	r2	5.2	0.0	0.0
174	rnapol	0.35	0.0	0.0
175	__protein1_rbs	8.6	0.0	0.0
175	__protein2_rbs	8.85	0.0	0.0
175	__protein3_rbs	3.35	0.0	0.0
175	__ribosome	32.2	0.0	0.0
175	__rnase_site_ext	14.5	0.0	0.0
175	p0	0.7	0.0	0.0
175	protein1	724.8	14.3	1.9274431
175	protein2	709.15	14.85	1.9825126
175	protein3	303.0	5.55	2.20904765
175	r2	5.0	0.0	0.0
175	rnapol	0.4	0.0	0.0
176	__protein1_rbs	8.85	0.0	0.0
176	__protein2_rbs	9.0	0.0	0.0
176	__protein3_rbs	3.05	0.0	0.0
176	__ribosome	31.3	0.0	0.0
176	__rnase_site_ext	14.9	0.0	0.0
176	p0	0.8	0.0	0.0
176	protein1	730.2	14.45	1.9235803
176	protein2	714.85	15.1	1.99476555
176	protein3	305.6	5.45	2.17571435
176	r2	4.9	0.0	0.0
176	rnapol	0.3	0.0	0.0
177	__protein1_rbs	9.3	0.0	0.0
177	__protein2_rbs	8.8	0.0	0.0
177	__protein3_rbs	3.25	0.0	0.0
177	__ribosome	31.05	0.0	0.0
177	__rnase_site_ext	15.15	0.0	0.0
177	p0	0.8	0.0	0.0
177	protein1	735.9	14.8	1.8572674999999998
177	protein2	720.6	15.2	2.0244709499999995
177	protein3	307.65	5.25	2.26392845
177	r2	4.85	0.0	0.0
177	rnapol	0.25	0.0	0.0
178	__protein1_rbs	8.75	0.0	0.0
178	__protein2_rbs	9.3	0.0	0.0
178	__protein3_rbs	3.35	0.0	0.0
178	__ribosome	30.55	0.0	0.0
178	__rnase_site_ext	15.0	0.0	0.0
178	p0	0.85	0.0	0.0
178	protein1	740.85	15.1	1.89392965
178	protein2	726.15	15.1	2.04778585
178	protein3	310.1	5.05	2.1942857000000004
178	r2	4.6	0.0	0.0
178	rnapol	0.15	0.0	0.0
179	__protein1_rbs	8.8	0.0	0.0
179	__protein2_rbs	10.3	0.0	0.0
179	__protein3_rbs	3.25	0.0	0.0
179	__ribosome	30.85	0.0	0.0
179	__rnase_site_ext	14.95	0.0	0.0
179	p0	0.95	0.0	0.0
179	protein1	746.05	15.05	1.9652828
179	protein2	731.8	15.35	1.9786558
179	protein3	312.3	5.0	2.1363095000000003
179	r2	4.6	0.0	0.0
179	rnapol	0.2	0.0	0.0
180	__protein1_rbs	9.1	0.0	0.0
180	__protein2_rbs	8.9	0.0	0.0
180	__protein3_rbs	3.1	0.0	0.0
180	__ribosome	31.1	0.0	0.0
180	__rnase_site_ext	14.8	0.0	0.0
180	p0	0.95	0.0	0.0
180	protein1	751.65	14.95	1.9770173
180	protein2	738.4	15.45	1.9884022000000001
180	protein3	314.45	4.85	2.1044047999999997
180	r2	4.5	0.0	0.0
180	rnapol	0.3	0.0	0.0
181	__protein1_rbs	9.0	0.0	0.0
181	__protein2_rbs	9.85	0.0	0.0
181	__protein3_rbs	2.95	0.0	0.0
181	__ribosome	31.5	0.0	0.0
181	__rnase_site_ext	14.65	0.0	0.0
181	p0	0.95	0.0	0.0
181	protein1	756.85	14.85	2.0209259
181	protein2	744.55	15.5	1.9840043000000005
181	protein3	316.95	4.7	1.9977381499999995
181	r2	4.4	0.0	0.0
181	rnapol	0.25	0.0	0.0
182	__protein1_rbs	9.0	0.0	0.0
182	__protein2_rbs	10.1	0.0	0.0
182	__protein3_rbs	2.45	0.0	0.0
182	__ribosome	31.65	0.0	0.0
182	__rnase_site_ext	14.65	0.0	0.0
182	p0	0.9	0.0	0.0
182	protein1	762.7	14.6	2.03696685
182	protein2	750.5	15.75	1.9100506000000002
182	protein3	318.9	4.6	2.12619045
182	r2	4.5	0.0	0.0
182	rnapol	0.15	0.0	0.0
183	__protein1_rbs	9.2	0.0	0.0
183	__protein2_rbs	10.8	0.0	0.0
183	__protein3_rbs	3.25	0.0	0.0
183	__ribosome	32.3	0.0	0.0
183	__rnase_site_ext	14.65	0.0	0.0
183	p0	1.0	0.0	0.0
183	protein1	768.6	14.55	2.025318
183	protein2	755.7	15.85	1.89234015
183	protein3	320.55	4.6	2.0885714500000003
183	r2	4.45	0.0	0.0
183	rnapol	0.1	0.0	0.0
184	__protein1_rbs	8.5	0.0	0.0
184	__protein2_rbs	10.25	0.0	0.0
184	__protein3_rbs	2.55	0.0	0.0
184	__ribosome	32.0	0.0	0.0
184	__rnase_site_ext	14.35	0.0	0.0
184	p0	0.95	0.0	0.0
184	protein1	774.35	14.65	2.0160273499999994
184	protein2	761.8	15.8	1.8808732000000004
184	protein3	322.35	4.65	2.1388095500000004
184	r2	4.55	0.0	0.0
184	rnapol	0.05	0.0	0.0
185	__protein1_rbs	8.9	0.0	0.0
185	__protein2_rbs	9.05	0.0	0.0
185	__protein3_rbs	3.15	0.0	0.0
185	__ribosome	32.55	0.0	0.0
185	__rnase_site_ext	14.15	0.0	0.0
185	p0	0.95	0.0	0.0
185	protein1	780.25	14.55	1.9717419999999999
185	protein2	768.0	16.0	1.8868431000000008
185	protein3	323.9	4.6	2.10083335
185	r2	4.65	0.0	0.0
185	rnapol	0.0	0.0	0.0
186	__protein1_rbs	9.0	0.0	0.0
186	__protein2_rbs	10.05	0.0	0.0
186	__protein3_rbs	3.65	0.0	0.0
186	__ribosome	33.7	0.0	0.0
186	__rnase_site_ext	14.15	0.0	0.0
186	p0	0.95	0.0	0.0
186	protein1	785.75	14.3	1.99571275
186	protein2	773.75	16.0	1.8683299
186	protein3	326.1	4.75	1.91357145
186	r2	4.6	0.0	0.0
186	rnapol	0.0	0.0	0.0
187	__protein1_rbs	7.95	0.0	0.0
187	__protein2_rbs	9.45	0.0	0.0
187	__protein3_rbs	3.25	0.0	0.0
187	__ribosome	33.0	0.0	0.0
187	__rnase_site_ext	14.05	0.0	0.0
187	p0	1.0	0.0	0.0
187	protein1	791.6	14.1	2.08926725
187	protein2	779.85	16.05	1.8846222500000005
187	protein3	328.05	4.75	1.84285715
187	r2	4.85	0.0	0.0
187	rnapol	0.1	0.0	0.0
188	__protein1_rbs	8.4	0.0	0.0
188	__protein2_rbs	10.2	0.0	0.0
188	__protein3_rbs	2.8	0.0	0.0
188	__ribosome	32.3	0.0	0.0
188	__rnase_site_ext	14.1	0.0	0.0
188	p0	0.95	0.0	0.0
188	protein1	797.15	14.05	2.07729195
188	protein2	785.45	16.0	1.9268743500000003
188	protein3	329.85	4.8	1.82904765
188	r2	5.05	0.0	0.0
188	rnapol	0.05	0.0	0.0
189	__protein1_rbs	8.7	0.0	0.0
189	__protein2_rbs	9.15	0.0	0.0
189	__protein3_rbs	2.7	0.0	0.0
189	__ribosome	30.0	0.0	0.0
189	__rnase_site_ext	13.95	0.0	0.0
189	p0	0.85	0.0	0.0
189	protein1	802.5	14.1	2.0712038
189	protein2	789.95	15.9	2.0729475499999994
189	protein3	331.8	4.95	1.79583335
189	r2	5.3	0.0	0.0
189	rnapol	0.15	0.0	0.0
190	__protein1_rbs	8.5	0.0	0.0
190	__protein2_rbs	9.9	0.0	0.0
190	__protein3_rbs	2.9	0.0	0.0
190	__ribosome	30.85	0.0	0.0
190	__rnase_site_ext	14.15	0.0	0.0
190	p0	0.9	0.0	0.0
190	protein1	807.9	14.0	2.0937794
190	protein2	797.1	15.75	2.0024348
190	protein3	333.15	5.15	1.8557142500000008
190	r2	5.55	0.0	0.0
190	rnapol	0.25	0.0	0.0
191	__protein1_rbs	9.3	0.0	0.0
191	__protein2_rbs	9.15	0.0	0.0
191	__protein3_rbs	3.25	0.0	0.0
191	__ribosome	30.85	0.0	0.0
191	__rnase_site_ext	14.2	0.0	0.0
191	p0	0.9	0.0	0.0
191	protein1	813.6	14.15	1.9708326
191	protein2	802.95	15.75	2.0396959999999997
191	protein3	334.65	5.4	1.93559525
191	r2	5.7	0.0	0.0
191	rnapol	0.45	0.0	0.0
192	__protein1_rbs	8.95	0.0	0.0
192	__protein2_rbs	10.1	0.0	0.0
192	__protein3_rbs	3.7	0.0	0.0
192	__ribosome	32.2	0.0	0.0
192	__rnase_site_ext	14.25	0.0	0.0
192	p0	0.9	0.0	0.0
192	protein1	819.7	14.2	1.8956555
192	protein2	809.65	15.7	1.966037
192	protein3	336.1	5.65	1.9410714
192	r2	5.6	0.0	0.0
192	rnapol	0.5	0.0	0.0
193	__protein1_rbs	8.15	0.0	0.0
193	__protein2_rbs	9.0	0.0	0.0
193	__protein3_rbs	3.25	0.0	0.0
193	__ribosome	30.45	0.0	0.0
193	__rnase_site_ext	14.3	0.0	0.0
193	p0	0.8	0.0	0.0
193	protein1	825.55	14.25	1.93281965
193	protein2	815.65	15.65	2.015556
193	protein3	338.0	5.75	2.0169047
193	r2	5.6	0.0	0.0
193	rnapol	0.4	0.0	0.0
194	__protein1_rbs	9.2	0.0	0.0
194	__protein2_rbs	9.1	0.0	0.0
194	__protein3_rbs	3.7	0.0	0.0
194	__ribosome	30.75	0.0	0.0
194	__rnase_site_ext	14.3	0.0	0.0
194	p0	0.85	0.0	0.0
194	protein1	830.7	14.1	1.9374549500000005
194	protein2	821.85	15.6	2.03423265
194	protein3	340.3	5.9	1.90130955
194	r2	5.6	0.0	0.0
194	rnapol	0.5	0.0	0.0
195	__protein1_rbs	9.0	0.0	0.0
195	__protein2_rbs	9.55	0.0	0.0
195	__protein3_rbs	3.55	0.0	0.0
195	__ribosome	30.2	0.0	0.0
195	__rnase_site_ext	14.4	0.0	0.0
195	p0	0.8	0.0	0.0
195	protein1	835.8	14.3	1.9467565500000004
195	protein2	827.55	15.4	2.0468608999999995
195	protein3	342.2	5.65	2.0947023500000004
195	r2	5.35	0.0	0.0
195	rnapol	0.6	0.0	0.0
196	__protein1_rbs	8.35	0.0	0.0
196	__protein2_rbs	8.95	0.0	0.0
196	__protein3_rbs	3.5	0.0	0.0
196	__ribosome	30.45	0.0	0.0
196	__rnase_site_ext	14.7	0.0	0.0
196	p0	0.6	0.0	0.0
196	protein1	841.15	14.35	1.97753015
196	protein2	833.95	15.1	2.05523925
196	protein3	344.65	5.7	2.0210714500000004
196	r2	5.25	0.0	0.0
196	rnapol	0.45	0.0	0.0
197	__protein1_rbs	9.4	0.0	0.0
197	__protein2_rbs	9.6	0.0	0.0
197	__protein3_rbs	3.6	0.0	0.0
197	__ribosome	30.35	0.0	0.0
197	__rnase_site_ext	14.9	0.0	0.0
197	p0	0.7	0.0	0.0
197	protein1	845.75	14.55	1.9693367
197	protein2	839.7	15.15	2.0385376
197	protein3	346.55	5.75	2.1242857
197	r2	5.2	0.0	0.0
197	rnapol	0.55	0.0	0.0
198	__protein1_rbs	9.45	0.0	0.0
198	__protein2_rbs	8.85	0.0	0.0
198	__protein3_rbs	3.4	0.0	0.0
198	__ribosome	32.1	0.0	0.0
198	__rnase_site_ext	15.3	0.0	0.0
198	p0	0.7	0.0	0.0
198	protein1	852.15	14.8	1.86963575
198	protein2	846.1	15.1	2.0279045
198	protein3	349.1	5.45	2.04363095
198	r2	5.2	0.0	0.0
198	rnapol	0.45	0.0	0.0
199	__protein1_rbs	9.85	0.0	0.0
199	__protein2_rbs	8.3	0.0	0.0
199	__protein3_rbs	3.15	0.0	0.0
199	__ribosome	31.5	0.0	0.0
199	__rnase_site_ext	15.45	0.0	0.0
199	p0	0.85	0.0	0.0
199	protein1	857.55	15.25	1.7820629999999995
199	protein2	852.1	15.2	2.0518458500000003
199	protein3	351.1	5.45	2.0551191
199	r2	5.1	0.0	0.0
199	rnapol	0.5	0.0	0.0
200	__protein1_rbs	9.85	0.0	0.0
200	__protein2_rbs	8.8	0.0	0.0
200	__protein3_rbs	3.1	0.0	0.0
200	__ribosome	30.65	0.0	0.0
200	__rnase_site_ext	15.45	0.0	0.0
200	p0	0.8	0.0	0.0
200	protein1	862.85	15.4	1.82297455
200	protein2	858.0	15.15	2.0922965000000002
200	protein3	353.35	5.3	2.07440485
200	r2	5.0	0.0	0.0
200	rnapol	0.35	0.0	0.0
201	__protein1_rbs	8.6	0.0	0.0
201	__protein2_rbs	8.45	0.0	0.0
201	__protein3_rbs	3.45	0.0	0.0
201	__ribosome	29.85	0.0	0.0
201	__rnase_site_ext	15.6	0.0	0.0
201	p0	0.85	0.0	0.0
201	protein1	868.25	15.4	1.8851851000000004
201	protein2	864.05	15.1	2.10244085
201	protein3	355.2	5.25	2.0880952
201	r2	4.9	0.0	0.0
201	rnapol	0.25	0.0	0.0
202	__protein1_rbs	9.4	0.0	0.0
202	__protein2_rbs	9.35	0.0	0.0
202	__protein3_rbs	3.05	0.0	0.0
202	__ribosome	29.15	0.0	0.0
202	__rnase_site_ext	15.7	0.0	0.0
202	p0	0.85	0.0	0.0
202	protein1	873.65	15.55	1.87397525
202	protein2	869.5	15.15	2.1249457499999997
202	protein3	357.25	5.15	2.09
202	r2	4.55	0.0	0.0
202	rnapol	0.15	0.0	0.0
203	__protein1_rbs	9.45	0.0	0.0
203	__protein2_rbs	9.65	0.0	0.0
203	__protein3_rbs	3.6	0.0	0.0
203	__ribosome	29.25	0.0	0.0
203	__rnase_site_ext	15.7	0.0	0.0
203	p0	0.85	0.0	0.0
203	protein1	878.6	15.55	1.9431860000000003
203	protein2	875.65	15.25	2.0732446
203	protein3	359.6	5.15	1.9600000000000004
203	r2	4.65	0.0	0.0
203	rnapol	0.05	0.0	0.0
204	__protein1_rbs	10.05	0.0	0.0
204	__protein2_rbs	9.3	0.0	0.0
204	__protein3_rbs	2.65	0.0	0.0
204	__ribosome	29.65	0.0	0.0
204	__rnase_site_ext	15.7	0.0	0.0
204	p0	0.95	0.0	0.0
204	protein1	884.3	15.7	1.93877535
204	protein2	882.05	15.25	2.05266485
204	protein3	361.7	4.9	2.0517262
204	r2	4.55	0.0	0.0
204	rnapol	0.05	0.0	0.0
205	__protein1_rbs	9.15	0.0	0.0
205	__protein2_rbs	10.25	0.0	0.0
205	__protein3_rbs	3.0	0.0	0.0
205	__ribosome	29.3	0.0	0.0
205	__rnase_site_ext	15.7	0.0	0.0
205	p0	0.9	0.0	0.0
205	protein1	889.55	15.65	2.0198981500000004
205	protein2	888.1	15.4	1.9832368
205	protein3	363.75	4.75	2.09750005
205	r2	4.4	0.0	0.0
205	rnapol	0.05	0.0	0.0
206	__protein1_rbs	9.35	0.0	0.0
206	__protein2_rbs	9.9	0.0	0.0
206	__protein3_rbs	3.15	0.0	0.0
206	__ribosome	30.6	0.0	0.0
206	__rnase_site_ext	15.6	0.0	0.0
206	p0	0.95	0.0	0.0
206	protein1	895.7	15.7	2.0185883999999996
206	protein2	894.85	15.7	1.8866454000000004
206	protein3	365.65	4.85	2.0519048
206	r2	4.35	0.0	0.0
206	rnapol	0.05	0.0	0.0
207	__protein1_rbs	9.85	0.0	0.0
207	__protein2_rbs	9.5	0.0	0.0
207	__protein3_rbs	2.9	0.0	0.0
207	__ribosome	31.2	0.0	0.0
207	__rnase_site_ext	15.45	0.0	0.0
207	p0	0.9	0.0	0.0
207	protein1	902.2	15.65	1.9515436
207	protein2	900.4	16.15	1.9091087
207	protein3	367.75	4.55	2.0590476000000004
207	r2	4.4	0.0	0.0
207	rnapol	0.05	0.0	0.0
208	__protein1_rbs	10.0	0.0	0.0
208	__protein2_rbs	9.8	0.0	0.0
208	__protein3_rbs	2.25	0.0	0.0
208	__ribosome	30.3	0.0	0.0
208	__rnase_site_ext	15.45	0.0	0.0
208	p0	1.0	0.0	0.0
208	protein1	908.0	15.55	1.95918535
208	protein2	906.3	16.45	1.9002907000000004
208	protein3	369.35	4.45	2.1561904999999997
208	r2	4.4	0.0	0.0
208	rnapol	0.0	0.0	0.0
209	__protein1_rbs	9.45	0.0	0.0
209	__protein2_rbs	9.7	0.0	0.0
209	__protein3_rbs	2.3	0.0	0.0
209	__ribosome	29.1	0.0	0.0
209	__rnase_site_ext	15.2	0.0	0.0
209	p0	0.95	0.0	0.0
209	protein1	913.5	15.45	1.9916885500000003
209	protein2	912.25	16.6	1.91260765
209	protein3	371.45	4.6	2.0890477000000005
209	r2	4.45	0.0	0.0
209	rnapol	0.0	0.0	0.0
210	__protein1_rbs	9.6	0.0	0.0
210	__protein2_rbs	10.0	0.0	0.0
210	__protein3_rbs	2.75	0.0	0.0
210	__ribosome	29.65	0.0	0.0
210	__rnase_site_ext	15.2	0.0	0.0
210	p0	1.0	0.0	0.0
210	protein1	919.7	15.35	1.9374589000000004
210	protein2	918.05	16.45	1.96337335
210	protein3	373.1	4.4	2.22607145
210	r2	4.5	0.0	0.0
210	rnapol	0.0	0.0	0.0
211	__protein1_rbs	10.05	0.0	0.0
211	__protein2_rbs	10.85	0.0	0.0
211	__protein3_rbs	2.5	0.0	0.0
211	__ribosome	29.25	0.0	0.0
211	__rnase_site_ext	15.2	0.0	0.0
211	p0	1.0	0.0	0.0
211	protein1	925.85	15.2	1.87961435
211	protein2	923.5	16.6	1.9781626
211	protein3	374.4	4.65	2.25952385
211	r2	4.55	0.0	0.0
211	rnapol	0.1	0.0	0.0
212	__protein1_rbs	9.4	0.0	0.0
212	__protein2_rbs	9.85	0.0	0.0
212	__protein3_rbs	3.15	0.0	0.0
212	__ribosome	29.3	0.0	0.0
212	__rnase_site_ext	15.15	0.0	0.0
212	p0	0.85	0.0	0.0
212	protein1	931.55	15.2	1.8739817000000003
212	protein2	929.6	16.65	2.02876475
212	protein3	376.65	4.65	2.0815476000000004
212	r2	4.9	0.0	0.0
212	rnapol	0.15	0.0	0.0
213	__protein1_rbs	9.85	0.0	0.0
213	__protein2_rbs	9.7	0.0	0.0
213	__protein3_rbs	2.8	0.0	0.0
213	__ribosome	30.05	0.0	0.0
213	__rnase_site_ext	15.15	0.0	0.0
213	p0	0.95	0.0	0.0
213	protein1	937.1	15.15	1.8685288
213	protein2	936.75	16.6	1.9950145500000005
213	protein3	378.35	4.7	2.0316667
213	r2	5.05	0.0	0.0
213	rnapol	0.15	0.0	0.0
214	__protein1_rbs	9.35	0.0	0.0
214	__protein2_rbs	10.25	0.0	0.0
214	__protein3_rbs	3.0	0.0	0.0
214	__ribosome	30.6	0.0	0.0
214	__rnase_site_ext	15.2	0.0	0.0
214	p0	0.85	0.0	0.0
214	protein1	942.5	15.15	1.9044359499999997
214	protein2	943.4	16.6	1.95967945
214	protein3	380.75	4.85	1.8260119
214	r2	5.4	0.0	0.0
214	rnapol	0.15	0.0	0.0
215	__protein1_rbs	9.3	0.0	0.0
215	__protein2_rbs	9.7	0.0	0.0
215	__protein3_rbs	3.15	0.0	0.0
215	__ribosome	30.15	0.0	0.0
215	__rnase_site_ext	15.35	0.0	0.0
215	p0	0.8	0.0	0.0
215	protein1	948.45	15.2	1.8903301500000005
215	protein2	949.85	16.55	1.99685
215	protein3	382.45	5.25	1.7811309999999998
215	r2	5.4	0.0	0.0
215	rnapol	0.3	0.0	0.0
216	__protein1_rbs	9.1	0.0	0.0
216	__protein2_rbs	9.95	0.0	0.0
216	__protein3_rbs	3.5	0.0	0.0
216	__ribosome	28.1	0.0	0.0
216	__rnase_site_ext	15.35	0.0	0.0
216	p0	0.8	0.0	0.0
216	protein1	953.6	15.35	1.9348817
216	protein2	955.35	16.45	2.0680816500000003
216	protein3	384.3	5.5	1.6911904999999998
216	r2	5.35	0.0	0.0
216	rnapol	0.1	0.0	0.0
217	__protein1_rbs	9.55	0.0	0.0
217	__protein2_rbs	10.15	0.0	0.0
217	__protein3_rbs	3.95	0.0	0.0
217	__ribosome	29.1	0.0	0.0
217	__rnase_site_ext	15.2	0.0	0.0
217	p0	0.9	0.0	0.0
217	protein1	959.5	15.25	1.9328999
217	protein2	962.0	16.45	2.0236319500000004
217	protein3	385.9	5.6	1.69738095
217	r2	5.3	0.0	0.0
217	rnapol	0.3	0.0	0.0
218	__protein1_rbs	9.4	0.0	0.0
218	__protein2_rbs	9.65	0.0	0.0
218	__protein3_rbs	3.6	0.0	0.0
218	__ribosome	28.8	0.0	0.0
218	__rnase_site_ext	15.3	0.0	0.0
218	p0	0.85	0.0	0.0
218	protein1	964.8	15.2	1.9928956000000002
218	protein2	968.8	16.3	2.0215732499999994
218	protein3	387.75	5.6	1.7430952000000002
218	r2	5.3	0.0	0.0
218	rnapol	0.3	0.0	0.0
219	__protein1_rbs	9.55	0.0	0.0
219	__protein2_rbs	10.1	0.0	0.0
219	__protein3_rbs	3.15	0.0	0.0
219	__ribosome	29.4	0.0	0.0
219	__rnase_site_ext	15.25	0.0	0.0
219	p0	0.9	0.0	0.0
219	protein1	970.35	15.2	1.99845225
219	protein2	975.6	16.25	1.9747218000000004
219	protein3	389.7	5.55	1.8033333
219	r2	5.15	0.0	0.0
219	rnapol	0.3	0.0	0.0
220	__protein1_rbs	9.05	0.0	0.0
220	__protein2_rbs	9.95	0.0	0.0
220	__protein3_rbs	3.3	0.0	0.0
220	__ribosome	29.2	0.0	0.0
220	__rnase_site_ext	15.35	0.0	0.0
220	p0	0.65	0.0	0.0
220	protein1	976.35	15.25	1.97415465
220	protein2	981.6	16.05	1.98392035
220	protein3	391.45	5.35	2.05875
220	r2	5.1	0.0	0.0
220	rnapol	0.6	0.0	0.0
221	__protein1_rbs	9.55	0.0	0.0
221	__protein2_rbs	10.1	0.0	0.0
221	__protein3_rbs	3.45	0.0	0.0
221	__ribosome	30.3	0.0	0.0
221	__rnase_site_ext	15.4	0.0	0.0
221	p0	0.75	0.0	0.0
221	protein1	982.25	15.25	1.9283043999999998
221	protein2	987.65	16.15	1.95197585
221	protein3	393.45	5.35	1.97077385
221	r2	5.25	0.0	0.0
221	rnapol	0.7	0.0	0.0
222	__protein1_rbs	9.2	0.0	0.0
222	__protein2_rbs	9.4	0.0	0.0
222	__protein3_rbs	3.3	0.0	0.0
222	__ribosome	29.85	0.0	0.0
222	__rnase_site_ext	15.6	0.0	0.0
222	p0	0.55	0.0	0.0
222	protein1	988.3	15.4	1.9270433999999999
222	protein2	993.6	16.05	1.9692419
222	protein3	395.2	5.25	inf
222	r2	5.1	0.0	0.0
222	rnapol	0.55	0.0	0.0
223	__protein1_rbs	9.15	0.0	0.0
223	__protein2_rbs	9.55	0.0	0.0
223	__protein3_rbs	3.55	0.0	0.0
223	__ribosome	29.2	0.0	0.0
223	__rnase_site_ext	15.9	0.0	0.0
223	p0	0.6	0.0	0.0
223	protein1	993.75	15.45	1.9663165
223	protein2	1000.35	16.1	1.9592498
223	protein3	397.1	5.25	1.9856547999999998
223	r2	5.1	0.0	0.0
223	rnapol	0.3	0.0	0.0
224	__protein1_rbs	9.7	0.0	0.0
224	__protein2_rbs	10.2	0.0	0.0
224	__protein3_rbs	3.25	0.0	0.0
224	__ribosome	29.25	0.0	0.0
224	__rnase_site_ext	16.05	0.0	0.0
224	p0	0.7	0.0	0.0
224	protein1	999.25	15.7	1.94438485
224	protein2	1005.9	16.05	1.9673630000000002
224	protein3	399.5	5.35	1.9044047999999998
224	r2	5.0	0.0	0.0
224	rnapol	0.1	0.0	0.0
225	__protein1_rbs	10.05	0.0	0.0
225	__protein2_rbs	9.55	0.0	0.0
225	__protein3_rbs	3.2	0.0	0.0
225	__ribosome	28.75	0.0	0.0
225	__rnase_site_ext	16.05	0.0	0.0
225	p0	0.95	0.0	0.0
225	protein1	1005.0	16.0	1.91985595
225	protein2	1012.35	16.1	1.9590321500000003
225	protein3	401.4	5.1	2.02446435
225	r2	5.0	0.0	0.0
225	rnapol	0.2	0.0	0.0
226	__protein1_rbs	10.45	0.0	0.0
226	__protein2_rbs	10.25	0.0	0.0
226	__protein3_rbs	2.75	0.0	0.0
226	__ribosome	28.55	0.0	0.0
226	__rnase_site_ext	16.1	0.0	0.0
226	p0	0.9	0.0	0.0
226	protein1	1010.7	16.05	1.90757355
226	protein2	1018.35	16.1	1.95306065
226	protein3	403.0	5.1	2.18208335
226	r2	5.0	0.0	0.0
226	rnapol	0.1	0.0	0.0
227	__protein1_rbs	10.45	0.0	0.0
227	__protein2_rbs	10.0	0.0	0.0
227	__protein3_rbs	3.15	0.0	0.0
227	__ribosome	29.2	0.0	0.0
227	__rnase_site_ext	15.95	0.0	0.0
227	p0	0.95	0.0	0.0
227	protein1	1016.9	16.05	1.87677875
227	protein2	1024.7	16.3	1.93554605
227	protein3	405.0	5.0	2.26488095
227	r2	4.75	0.0	0.0
227	rnapol	0.15	0.0	0.0
228	__protein1_rbs	9.9	0.0	0.0
228	__protein2_rbs	10.45	0.0	0.0
228	__protein3_rbs	3.25	0.0	0.0
228	__ribosome	29.65	0.0	0.0
228	__rnase_site_ext	15.95	0.0	0.0
228	p0	0.9	0.0	0.0
228	protein1	1022.5	15.95	1.89666145
228	protein2	1030.85	16.35	1.90642485
228	protein3	407.2	5.05	2.0729762000000003
228	r2	4.6	0.0	0.0
228	rnapol	0.15	0.0	0.0
229	__protein1_rbs	9.7	0.0	0.0
229	__protein2_rbs	10.2	0.0	0.0
229	__protein3_rbs	3.45	0.0	0.0
229	__ribosome	29.35	0.0	0.0
229	__rnase_site_ext	15.75	0.0	0.0
229	p0	0.9	0.0	0.0
229	protein1	1028.6	15.9	1.91458715
229	protein2	1036.4	16.5	1.9239743500000004
229	protein3	409.35	5.15	1.9357738
229	r2	4.85	0.0	0.0
229	rnapol	0.15	0.0	0.0
230	__protein1_rbs	9.75	0.0	0.0
230	__protein2_rbs	10.55	0.0	0.0
230	__protein3_rbs	3.15	0.0	0.0
230	__ribosome	29.55	0.0	0.0
230	__rnase_site_ext	15.65	0.0	0.0
230	p0	0.85	0.0	0.0
230	protein1	1034.6	15.75	1.9376296000000002
230	protein2	1042.55	16.8	1.9015121500000003
230	protein3	411.5	4.9	1.91416665
230	r2	4.8	0.0	0.0
230	rnapol	0.1	0.0	0.0
231	__protein1_rbs	9.9	0.0	0.0
231	__protein2_rbs	10.55	0.0	0.0
231	__protein3_rbs	3.1	0.0	0.0
231	__ribosome	29.15	0.0	0.0
231	__rnase_site_ext	15.75	0.0	0.0
231	p0	0.95	0.0	0.0
231	protein1	1040.4	15.7	1.9411415999999997
231	protein2	1048.85	17.05	1.9045391000000005
231	protein3	413.3	4.9	1.90815475
231	r2	4.7	0.0	0.0
231	rnapol	0.05	0.0	0.0
232	__protein1_rbs	9.1	0.0	0.0
232	__protein2_rbs	10.95	0.0	0.0
232	__protein3_rbs	2.95	0.0	0.0
232	__ribosome	29.5	0.0	0.0
232	__rnase_site_ext	15.65	0.0	0.0
232	p0	1.0	0.0	0.0
232	protein1	1046.05	15.7	1.97547595
232	protein2	1055.65	17.35	1.81685715
232	protein3	415.2	4.9	1.95440485
232	r2	4.6	0.0	0.0
232	rnapol	0.1	0.0	0.0
233	__protein1_rbs	9.5	0.0	0.0
233	__protein2_rbs	10.85	0.0	0.0
233	__protein3_rbs	3.1	0.0	0.0
233	__ribosome	28.75	0.0	0.0
233	__rnase_site_ext	15.6	0.0	0.0
233	p0	0.9	0.0	0.0
233	protein1	1051.85	15.65	1.99190625
233	protein2	1060.95	17.4	1.8866201
233	protein3	417.3	4.95	1.8484523999999998
233	r2	4.6	0.0	0.0
233	rnapol	0.0	0.0	0.0
234	__protein1_rbs	10.65	0.0	0.0
234	__protein2_rbs	10.95	0.0	0.0
234	__protein3_rbs	3.05	0.0	0.0
234	__ribosome	29.55	0.0	0.0
234	__rnase_site_ext	15.45	0.0	0.0
234	p0	1.0	0.0	0.0
234	protein1	1057.65	15.65	1.93408585
234	protein2	1067.3	17.3	1.86997125
234	protein3	418.8	4.85	1.95886905
234	r2	4.45	0.0	0.0
234	rnapol	0.15	0.0	0.0
235	__protein1_rbs	9.3	0.0	0.0
235	__protein2_rbs	10.9	0.0	0.0
235	__protein3_rbs	2.5	0.0	0.0
235	__ribosome	29.05	0.0	0.0
235	__rnase_site_ext	15.5	0.0	0.0
235	p0	0.85	0.0	0.0
235	protein1	1064.0	15.6	1.92495265
235	protein2	1073.55	17.25	1.87261115
235	protein3	420.6	4.8	2.0997223000000003
235	r2	4.75	0.0	0.0
235	rnapol	0.05	0.0	0.0
236	__protein1_rbs	9.75	0.0	0.0
236	__protein2_rbs	10.5	0.0	0.0
236	__protein3_rbs	3.05	0.0	0.0
236	__ribosome	28.3	0.0	0.0
236	__rnase_site_ext	15.4	0.0	0.0
236	p0	0.95	0.0	0.0
236	protein1	1069.05	15.45	1.9984386999999997
236	protein2	1079.85	17.25	1.8837001
236	protein3	422.6	4.7	2.0144841500000004
236	r2	5.05	0.0	0.0
236	rnapol	0.1	0.0	0.0
237	__protein1_rbs	9.55	0.0	0.0
237	__protein2_rbs	11.0	0.0	0.0
237	__protein3_rbs	3.6	0.0	0.0
237	__ribosome	29.55	0.0	0.0
237	__rnase_site_ext	15.2	0.0	0.0
237	p0	0.9	0.0	0.0
237	protein1	1076.0	15.45	1.9040977
237	protein2	1086.05	17.15	1.9248727
237	protein3	424.2	5.1	1.8708333
237	r2	5.2	0.0	0.0
237	rnapol	0.15	0.0	0.0
238	__protein1_rbs	10.2	0.0	0.0
238	__protein2_rbs	10.9	0.0	0.0
238	__protein3_rbs	3.5	0.0	0.0
238	__ribosome	30.85	0.0	0.0
238	__rnase_site_ext	15.2	0.0	0.0
238	p0	0.85	0.0	0.0
238	protein1	1081.55	15.25	1.8711790000000004
238	protein2	1092.6	17.05	1.8993426
238	protein3	426.15	5.2	1.7838094999999998
238	r2	5.4	0.0	0.0
238	rnapol	0.15	0.0	0.0
239	__protein1_rbs	9.7	0.0	0.0
239	__protein2_rbs	10.4	0.0	0.0
239	__protein3_rbs	2.95	0.0	0.0
239	__ribosome	29.85	0.0	0.0
239	__rnase_site_ext	15.45	0.0	0.0
239	p0	0.9	0.0	0.0
239	protein1	1087.15	15.2	1.8653693
239	protein2	1098.65	17.05	1.9543264
239	protein3	427.9	5.25	1.88916665
239	r2	5.55	0.0	0.0
239	rnapol	0.15	0.0	0.0
240	__protein1_rbs	9.3	0.0	0.0
240	__protein2_rbs	10.95	0.0	0.0
240	__protein3_rbs	3.55	0.0	0.0
240	__ribosome	30.7	0.0	0.0
240	__rnase_site_ext	15.55	0.0	0.0
240	p0	0.8	0.0	0.0
240	protein1	1093.4	15.5	1.8214121000000003
240	protein2	1105.15	17.0	1.90469255
240	protein3	430.1	5.6	1.6721230499999995
240	r2	5.45	0.0	0.0
240	rnapol	0.05	0.0	0.0
241	__protein1_rbs	9.55	0.0	0.0
241	__protein2_rbs	10.0	0.0	0.0
241	__protein3_rbs	3.55	0.0	0.0
241	__ribosome	29.65	0.0	0.0
241	__rnase_site_ext	15.55	0.0	0.0
241	p0	0.9	0.0	0.0
241	protein1	1099.15	15.4	1.8547926
241	protein2	1111.75	16.85	1.9617712
241	protein3	431.7	5.7	1.6898015999999998
241	r2	5.35	0.0	0.0
241	rnapol	0.15	0.0	0.0
242	__protein1_rbs	9.7	0.0	0.0
242	__protein2_rbs	9.85	0.0	0.0
242	__protein3_rbs	3.3	0.0	0.0
242	__ribosome	28.05	0.0	0.0
242	__rnase_site_ext	15.65	0.0	0.0
242	p0	0.95	0.0	0.0
242	protein1	1104.4	15.45	1.90361455
242	protein2	1117.55	16.8	1.9867037
242	protein3	433.55	5.55	1.81797615
242	r2	5.35	0.0	0.0
242	rnapol	0.25	0.0	0.0
243	__protein1_rbs	9.8	0.0	0.0
243	__protein2_rbs	9.25	0.0	0.0
243	__protein3_rbs	3.4	0.0	0.0
243	__ribosome	27.0	0.0	0.0
243	__rnase_site_ext	15.7	0.0	0.0
243	p0	0.7	0.0	0.0
243	protein1	1110.05	15.65	1.89205855
243	protein2	1124.05	16.6	2.0397827
243	protein3	435.5	5.65	1.910754
243	r2	5.3	0.0	0.0
243	rnapol	0.4	0.0	0.0
244	__protein1_rbs	10.0	0.0	0.0
244	__protein2_rbs	10.85	0.0	0.0
244	__protein3_rbs	3.4	0.0	0.0
244	__ribosome	26.95	0.0	0.0
244	__rnase_site_ext	15.8	0.0	0.0
244	p0	0.65	0.0	0.0
244	protein1	1115.15	15.55	1.92076655
244	protein2	1130.2	16.65	2.0000372
244	protein3	437.15	5.45	2.04845235
244	r2	5.15	0.0	0.0
244	rnapol	0.45	0.0	0.0
245	__protein1_rbs	9.9	0.0	0.0
245	__protein2_rbs	10.05	0.0	0.0
245	__protein3_rbs	4.15	0.0	0.0
245	__ribosome	27.6	0.0	0.0
245	__rnase_site_ext	15.85	0.0	0.0
245	p0	0.85	0.0	0.0
245	protein1	1121.1	15.8	1.87976055
245	protein2	1136.8	16.35	2.0469177
245	protein3	439.1	5.45	1.96857145
245	r2	5.45	0.0	0.0
245	rnapol	0.5	0.0	0.0
246	__protein1_rbs	10.05	0.0	0.0
246	__protein2_rbs	10.7	0.0	0.0
246	__protein3_rbs	3.3	0.0	0.0
246	__ribosome	28.85	0.0	0.0
246	__rnase_site_ext	16.25	0.0	0.0
246	p0	0.45	0.0	0.0
246	protein1	1127.15	15.85	1.8433238
246	protein2	1142.8	16.25	2.0110072000000003
246	protein3	441.45	5.3	2.1627381000000003
246	r2	5.45	0.0	0.0
246	rnapol	0.3	0.0	0.0
247	__protein1_rbs	10.2	0.0	0.0
247	__protein2_rbs	9.75	0.0	0.0
247	__protein3_rbs	3.55	0.0	0.0
247	__ribosome	29.25	0.0	0.0
247	__rnase_site_ext	16.35	0.0	0.0
247	p0	0.8	0.0	0.0
247	protein1	1132.65	16.1	1.86603185
247	protein2	1149.75	16.35	1.9784476
247	protein3	443.9	5.4	1.94772725
247	r2	5.35	0.0	0.0
247	rnapol	0.4	0.0	0.0
248	__protein1_rbs	10.4	0.0	0.0
248	__protein2_rbs	9.9	0.0	0.0
248	__protein3_rbs	3.95	0.0	0.0
248	__ribosome	29.2	0.0	0.0
248	__rnase_site_ext	16.2	0.0	0.0
248	p0	0.85	0.0	0.0
248	protein1	1137.85	16.35	1.847679
248	protein2	1156.35	16.5	1.96314285
248	protein3	446.0	5.5	1.83440485
248	r2	5.3	0.0	0.0
248	rnapol	0.3	0.0	0.0
249	__protein1_rbs	10.25	0.0	0.0
249	__protein2_rbs	9.05	0.0	0.0
249	__protein3_rbs	3.35	0.0	0.0
249	__ribosome	28.55	0.0	0.0
249	__rnase_site_ext	16.3	0.0	0.0
249	p0	0.8	0.0	0.0
249	protein1	1143.7	16.15	1.86349195
249	protein2	1162.8	16.45	2.00877285
249	protein3	448.05	5.45	1.87803565
249	r2	5.15	0.0	0.0
249	rnapol	0.3	0.0	0.0
250	__protein1_rbs	10.9	0.0	0.0
250	__protein2_rbs	9.85	0.0	0.0
250	__protein3_rbs	3.6	0.0	0.0
250	__ribosome	28.85	0.0	0.0
250	__rnase_site_ext	16.5	0.0	0.0
250	p0	0.75	0.0	0.0
250	protein1	1149.6	16.35	1.8230446
250	protein2	1169.15	16.45	2.00943435
250	protein3	449.75	5.4	1.8490477
250	r2	5.05	0.0	0.0
250	rnapol	0.15	0.0	0.0
