time	species	protein	transcript	ribo_density
0	__protein1_rbs	0.0	0.0	0.0
0	__protein2_rbs	0.0	0.0	0.0
0	__protein3_rbs	0.0	0.0	0.0
0	__ribosome	100.0	0.0	0.0
0	__rnase_site_ext	0.0	0.0	0.0
0	p0	1.0	0.0	0.0
0	p2	1.0	0.0	0.0
0	rnapol	4.0	0.0	0.0
1	__protein1_rbs	0.0	0.0	0.0
1	__protein2_rbs	0.0	0.0	0.0
1	__protein3_rbs	0.0	0.0	0.0
1	__ribosome	100.0	0.0	0.0
1	__rnase_site_ext	0.75	0.0	0.0
1	p0	0.3	0.0	0.0
1	p2	1.0	0.0	0.0
1	rnapol	2.9	0.0	0.0
2	__protein1_rbs	0.35	0.0	0.0
2	__protein2_rbs	0.0	0.0	0.0
2	__protein3_rbs	0.0	0.0	0.0
2	__ribosome	99.85	0.0	0.0
2	__rnase_site_ext	1.6	0.0	0.0
2	p0	0.2	0.0	0.0
2	p2	1.0	0.0	0.0
2	protein1	0.0	0.5	0.15
2	rnapol	2.1	0.0	0.0
3	__protein1_rbs	0.5	0.0	0.0
3	__protein2_rbs	0.0	0.0	0.0
3	__protein3_rbs	0.0	0.0	0.0
3	__ribosome	99.1	0.0	0.0
3	__rnase_site_ext	2.2	0.0	0.0
3	p0	0.55	0.0	0.0
3	p2	1.0	0.0	0.0
3	protein1	0.0	1.2	0.775
3	rnapol	1.65	0.0	0.0
4	__protein1_rbs	0.85	0.0	0.0
4	__protein2_rbs	0.0	0.0	0.0
4	__protein3_rbs	0.0	0.0	0.0
4	__ribosome	97.95	0.0	0.0
4	__rnase_site_ext	2.65	0.0	0.0
4	p0	0.5	0.0	0.0
4	p2	0.9	0.0	0.0
4	protein1	0.0	2.05	1.01666665
4	rnapol	0.95	0.0	0.0
5	__protein1_rbs	1.5	0.0	0.0
5	__protein2_rbs	0.0	0.0	0.0
5	__protein3_rbs	0.0	0.0	0.0
5	__ribosome	96.75	0.0	0.0
5	__rnase_site_ext	3.3	0.0	0.0
5	p0	0.85	0.0	0.0
5	p2	0.9	0.0	0.0
5	protein1	0.0	2.6	1.31666665
5	rnapol	0.55	0.0	0.0
6	__protein1_rbs	1.15	0.0	0.0
6	__protein2_rbs	0.0	0.0	0.0
6	__protein3_rbs	0.05	0.0	0.0
6	__ribosome	94.85	0.0	0.0
6	__rnase_site_ext	3.6	0.0	0.0
6	p0	0.8	0.0	0.0
6	p2	0.95	0.0	0.0
6	protein1	0.0	3.1	1.6791665999999998
6	protein3	0.0	0.1	0.05
6	rnapol	0.35	0.0	0.0
7	__protein1_rbs	1.05	0.0	0.0
7	__protein2_rbs	0.0	0.0	0.0
7	__protein3_rbs	0.15	0.0	0.0
7	__ribosome	92.6	0.0	0.0
7	__rnase_site_ext	3.65	0.0	0.0
7	p0	0.85	0.0	0.0
7	p2	1.0	0.0	0.0
7	protein1	0.15	3.25	2.325
7	protein3	0.0	0.25	0.15
7	rnapol	0.2	0.0	0.0
8	__protein1_rbs	1.5	0.0	0.0
8	__protein2_rbs	0.0	0.0	0.0
8	__protein3_rbs	0.1	0.0	0.0
8	__ribosome	91.3	0.0	0.0
8	__rnase_site_ext	3.7	0.0	0.0
8	p0	0.95	0.0	0.0
8	p2	1.0	0.0	0.0
8	protein1	0.9	3.35	2.6041667
8	protein3	0.0	0.25	0.3
8	rnapol	0.15	0.0	0.0
9	__protein1_rbs	0.65	0.0	0.0
9	__protein2_rbs	0.15	0.0	0.0
9	__protein3_rbs	0.05	0.0	0.0
9	__ribosome	89.4	0.0	0.0
9	__rnase_site_ext	3.65	0.0	0.0
9	p0	0.95	0.0	0.0
9	p2	1.0	0.0	0.0
9	protein1	1.9	3.45	3.0041666000000005
9	protein2	0.0	0.2	0.05
9	protein3	0.0	0.25	0.5
9	rnapol	0.1	0.0	0.0
10	__protein1_rbs	1.5	0.0	0.0
10	__protein2_rbs	0.2	0.0	0.0
10	__protein3_rbs	0.0	0.0	0.0
10	__ribosome	88.1	0.0	0.0
10	__rnase_site_ext	3.7	0.0	0.0
10	p0	0.95	0.0	0.0
10	p2	1.0	0.0	0.0
10	protein1	3.2	3.4	3.11666665
10	protein2	0.0	0.8	0.6
10	protein3	0.0	0.25	0.75
10	rnapol	0.05	0.0	0.0
11	__protein1_rbs	1.0	0.0	0.0
11	__protein2_rbs	0.65	0.0	0.0
11	__protein3_rbs	0.15	0.0	0.0
11	__ribosome	86.8	0.0	0.0
11	__rnase_site_ext	3.75	0.0	0.0
11	p0	1.0	0.0	0.0
11	p2	1.0	0.0	0.0
11	protein1	5.0	3.45	3.20000005
11	protein2	0.0	1.45	1.05
11	protein3	0.1	0.25	0.75
11	rnapol	0.1	0.0	0.0
12	__protein1_rbs	1.1	0.0	0.0
12	__protein2_rbs	0.65	0.0	0.0
12	__protein3_rbs	0.15	0.0	0.0
12	__ribosome	85.4	0.0	0.0
12	__rnase_site_ext	3.8	0.0	0.0
12	p0	0.9	0.0	0.0
12	p2	1.0	0.0	0.0
12	protein1	7.2	3.5	3.16250005
12	protein2	0.0	2.05	1.34166665
12	protein3	0.15	0.25	0.75
12	rnapol	0.1	0.0	0.0
13	__protein1_rbs	1.25	0.0	0.0
13	__protein2_rbs	0.95	0.0	0.0
13	__protein3_rbs	0.05	0.0	0.0
13	__ribosome	83.8	0.0	0.0
13	__rnase_site_ext	3.85	0.0	0.0
13	p0	0.95	0.0	0.0
13	p2	1.0	0.0	0.0
13	protein1	9.05	3.55	3.1791666500000004
13	protein2	0.0	2.6	1.64166665
13	protein3	0.35	0.25	0.8
13	rnapol	0.1	0.0	0.0
14	__protein1_rbs	1.25	0.0	0.0
14	__protein2_rbs	1.1	0.0	0.0
14	__protein3_rbs	0.05	0.0	0.0
14	__ribosome	82.1	0.0	0.0
14	__rnase_site_ext	3.9	0.0	0.0
14	p0	0.85	0.0	0.0
14	p2	1.0	0.0	0.0
14	protein1	11.4	3.55	3.05416665
14	protein2	0.0	3.05	2.0791666500000003
14	protein3	0.5	0.25	0.85
14	rnapol	0.1	0.0	0.0
15	__protein1_rbs	1.65	0.0	0.0
15	__protein2_rbs	1.15	0.0	0.0
15	__protein3_rbs	0.0	0.0	0.0
15	__ribosome	80.45	0.0	0.0
15	__rnase_site_ext	4.0	0.0	0.0
15	p0	0.75	0.0	0.0
15	p2	0.95	0.0	0.0
15	protein1	13.35	3.6	3.0
15	protein2	0.5	3.35	2.42500005
15	protein3	0.65	0.25	0.85
15	rnapol	0.4	0.0	0.0
16	__protein1_rbs	1.2	0.0	0.0
16	__protein2_rbs	1.4	0.0	0.0
16	__protein3_rbs	0.05	0.0	0.0
16	__ribosome	78.75	0.0	0.0
16	__rnase_site_ext	4.4	0.0	0.0
16	p0	0.85	0.0	0.0
16	p2	0.8	0.0	0.0
16	protein1	15.35	3.8	3.0366667
16	protein2	1.25	3.5	2.64999995
16	protein3	0.85	0.25	0.7
16	rnapol	0.65	0.0	0.0
17	__protein1_rbs	1.55	0.0	0.0
17	__protein2_rbs	1.45	0.0	0.0
17	__protein3_rbs	0.1	0.0	0.0
17	__ribosome	77.9	0.0	0.0
17	__rnase_site_ext	4.5	0.0	0.0
17	p0	0.65	0.0	0.0
17	p2	0.9	0.0	0.0
17	protein1	17.55	4.05	2.9125
17	protein2	2.7	3.6	2.76250005
17	protein3	0.95	0.25	0.75
17	rnapol	0.75	0.0	0.0
18	__protein1_rbs	1.45	0.0	0.0
18	__protein2_rbs	1.05	0.0	0.0
18	__protein3_rbs	0.05	0.0	0.0
18	__ribosome	76.4	0.0	0.0
18	__rnase_site_ext	4.8	0.0	0.0
18	p0	0.7	0.0	0.0
18	p2	0.85	0.0	0.0
18	protein1	19.5	4.1	2.9775
18	protein2	4.2	3.65	3.0166666500000003
18	protein3	1.15	0.4	0.8
18	rnapol	0.85	0.0	0.0
19	__protein1_rbs	1.4	0.0	0.0
19	__protein2_rbs	1.45	0.0	0.0
19	__protein3_rbs	0.25	0.0	0.0
19	__ribosome	75.5	0.0	0.0
19	__rnase_site_ext	5.15	0.0	0.0
19	p0	0.7	0.0	0.0
19	p2	0.95	0.0	0.0
19	protein1	21.8	4.45	2.84916665
19	protein2	5.95	3.65	3.0625
19	protein3	1.25	0.45	0.75
19	rnapol	1.1	0.0	0.0
20	__protein1_rbs	2.05	0.0	0.0
20	__protein2_rbs	1.3	0.0	0.0
20	__protein3_rbs	0.25	0.0	0.0
20	__ribosome	74.25	0.0	0.0
20	__rnase_site_ext	5.65	0.0	0.0
20	p0	0.5	0.0	0.0
20	p2	0.95	0.0	0.0
20	protein1	23.7	4.8	2.75
20	protein2	7.85	3.75	3.04583335
20	protein3	1.4	0.6	0.925
20	rnapol	0.8	0.0	0.0
21	__protein1_rbs	1.9	0.0	0.0
21	__protein2_rbs	1.55	0.0	0.0
21	__protein3_rbs	0.35	0.0	0.0
21	__ribosome	73.55	0.0	0.0
21	__rnase_site_ext	5.95	0.0	0.0
21	p0	0.7	0.0	0.0
21	p2	0.95	0.0	0.0
21	protein1	26.1	5.15	2.6392857000000003
21	protein2	9.8	3.8	3.0375000000000005
21	protein3	1.65	0.65	0.96666665
21	rnapol	0.5	0.0	0.0
22	__protein1_rbs	1.7	0.0	0.0
22	__protein2_rbs	1.65	0.0	0.0
22	__protein3_rbs	0.2	0.0	0.0
22	__ribosome	72.1	0.0	0.0
22	__rnase_site_ext	6.05	0.0	0.0
22	p0	0.9	0.0	0.0
22	p2	0.9	0.0	0.0
22	protein1	28.75	5.65	2.6216666
22	protein2	12.1	3.8	3.02916665
22	protein3	1.7	0.65	1.23333335
22	rnapol	0.5	0.0	0.0
23	__protein1_rbs	2.3	0.0	0.0
23	__protein2_rbs	1.5	0.0	0.0
23	__protein3_rbs	0.35	0.0	0.0
23	__ribosome	71.3	0.0	0.0
23	__rnase_site_ext	6.1	0.0	0.0
23	p0	0.75	0.0	0.0
23	p2	0.9	0.0	0.0
23	protein1	31.0	5.8	2.6836905
23	protein2	14.55	3.8	3.0125
23	protein3	2.0	0.7	1.23333335
23	rnapol	0.3	0.0	0.0
24	__protein1_rbs	2.6	0.0	0.0
24	__protein2_rbs	2.1	0.0	0.0
24	__protein3_rbs	0.25	0.0	0.0
24	__ribosome	70.8	0.0	0.0
24	__rnase_site_ext	6.25	0.0	0.0
24	p0	0.9	0.0	0.0
24	p2	0.95	0.0	0.0
24	protein1	33.6	5.75	2.8395238999999997
24	protein2	16.8	4.1	2.8116666500000003
24	protein3	2.3	0.7	1.29166665
24	rnapol	0.35	0.0	0.0
25	__protein1_rbs	2.6	0.0	0.0
25	__protein2_rbs	1.5	0.0	0.0
25	__protein3_rbs	0.15	0.0	0.0
25	__ribosome	69.15	0.0	0.0
25	__rnase_site_ext	6.2	0.0	0.0
25	p0	0.9	0.0	0.0
25	p2	0.95	0.0	0.0
25	protein1	36.3	5.95	2.8752976
25	protein2	18.95	4.3	2.83749995
25	protein3	2.7	0.75	1.40833335
25	rnapol	0.35	0.0	0.0
26	__protein1_rbs	2.45	0.0	0.0
26	__protein2_rbs	2.05	0.0	0.0
26	__protein3_rbs	0.5	0.0	0.0
26	__ribosome	68.4	0.0	0.0
26	__rnase_site_ext	6.3	0.0	0.0
26	p0	0.9	0.0	0.0
26	p2	0.95	0.0	0.0
26	protein1	39.1	5.9	2.9855357000000002
26	protein2	21.15	4.75	2.6100000000000003
26	protein3	3.05	0.8	1.39166665
26	rnapol	0.25	0.0	0.0
27	__protein1_rbs	2.4	0.0	0.0
27	__protein2_rbs	2.2	0.0	0.0
27	__protein3_rbs	0.35	0.0	0.0
27	__ribosome	67.75	0.0	0.0
27	__rnase_site_ext	6.35	0.0	0.0
27	p0	0.85	0.0	0.0
27	p2	1.0	0.0	0.0
27	protein1	42.35	6.0	2.95928565
27	protein2	23.35	4.95	2.575
27	protein3	3.45	0.8	1.5
27	rnapol	0.25	0.0	0.0
28	__protein1_rbs	1.9	0.0	0.0
28	__protein2_rbs	2.3	0.0	0.0
28	__protein3_rbs	0.35	0.0	0.0
28	__ribosome	66.5	0.0	0.0
28	__rnase_site_ext	6.5	0.0	0.0
28	p0	0.9	0.0	0.0
28	p2	1.0	0.0	0.0
28	protein1	45.7	5.95	3.0799999500000004
28	protein2	25.85	5.2	2.53000005
28	protein3	3.75	0.8	inf
28	rnapol	0.2	0.0	0.0
29	__protein1_rbs	2.35	0.0	0.0
29	__protein2_rbs	2.1	0.0	0.0
29	__protein3_rbs	0.25	0.0	0.0
29	__ribosome	64.9	0.0	0.0
29	__rnase_site_ext	6.55	0.0	0.0
29	p0	0.85	0.0	0.0
29	p2	1.0	0.0	0.0
29	protein1	48.9	6.15	2.98392865
29	protein2	27.9	5.65	2.55797615
29	protein3	4.15	0.8	inf
29	rnapol	0.35	0.0	0.0
30	__protein1_rbs	2.35	0.0	0.0
30	__protein2_rbs	3.15	0.0	0.0
30	__protein3_rbs	0.4	0.0	0.0
30	__ribosome	65.1	0.0	0.0
30	__rnase_site_ext	6.6	0.0	0.0
30	p0	0.8	0.0	0.0
30	p2	0.9	0.0	0.0
30	protein1	52.6	6.25	2.9063691000000005
30	protein2	30.6	6.15	2.39291665
30	protein3	4.75	0.8	inf
30	rnapol	0.4	0.0	0.0
31	__protein1_rbs	2.7	0.0	0.0
31	__protein2_rbs	1.95	0.0	0.0
31	__protein3_rbs	0.3	0.0	0.0
31	__ribosome	62.55	0.0	0.0
31	__rnase_site_ext	6.7	0.0	0.0
31	p0	0.95	0.0	0.0
31	p2	0.9	0.0	0.0
31	protein1	56.05	6.3	2.91583335
31	protein2	32.8	6.25	2.71875
31	protein3	5.05	0.8	inf
31	rnapol	0.65	0.0	0.0
32	__protein1_rbs	3.3	0.0	0.0
32	__protein2_rbs	2.6	0.0	0.0
32	__protein3_rbs	0.4	0.0	0.0
32	__ribosome	61.95	0.0	0.0
32	__rnase_site_ext	6.9	0.0	0.0
32	p0	0.85	0.0	0.0
32	p2	0.9	0.0	0.0
32	protein1	59.35	6.45	2.7948809000000012
32	protein2	35.65	6.4	2.786131
32	protein3	5.4	0.8	inf
32	rnapol	0.85	0.0	0.0
33	__protein1_rbs	2.65	0.0	0.0
33	__protein2_rbs	2.9	0.0	0.0
33	__protein3_rbs	0.5	0.0	0.0
33	__ribosome	60.6	0.0	0.0
33	__rnase_site_ext	7.2	0.0	0.0
33	p0	0.45	0.0	0.0
33	p2	0.95	0.0	0.0
33	protein1	62.7	6.5	2.87160705
33	protein2	38.3	6.45	2.89279765
33	protein3	5.9	0.9	1.6333333500000002
33	rnapol	0.6	0.0	0.0
34	__protein1_rbs	2.85	0.0	0.0
34	__protein2_rbs	2.55	0.0	0.0
34	__protein3_rbs	0.6	0.0	0.0
34	__ribosome	61.1	0.0	0.0
34	__rnase_site_ext	7.45	0.0	0.0
34	p0	0.7	0.0	0.0
34	p2	1.0	0.0	0.0
34	protein1	66.6	6.75	2.7410119
34	protein2	42.1	6.55	2.8589881000000004
34	protein3	6.55	0.95	1.33333335
34	rnapol	0.6	0.0	0.0
35	__protein1_rbs	2.55	0.0	0.0
35	__protein2_rbs	2.95	0.0	0.0
35	__protein3_rbs	0.5	0.0	0.0
35	__ribosome	59.35	0.0	0.0
35	__rnase_site_ext	7.9	0.0	0.0
35	p0	0.75	0.0	0.0
35	p2	0.9	0.0	0.0
35	protein1	70.05	7.15	2.6781944500000003
35	protein2	45.15	6.7	2.8925595500000005
35	protein3	6.8	1.0	1.51666665
35	rnapol	0.75	0.0	0.0
36	__protein1_rbs	3.15	0.0	0.0
36	__protein2_rbs	3.15	0.0	0.0
36	__protein3_rbs	0.55	0.0	0.0
36	__ribosome	59.2	0.0	0.0
36	__rnase_site_ext	7.95	0.0	0.0
36	p0	0.8	0.0	0.0
36	p2	0.75	0.0	0.0
36	protein1	73.9	7.5	2.6037301
36	protein2	48.75	6.85	2.8349405
36	protein3	7.45	1.0	1.4416666999999999
36	rnapol	0.7	0.0	0.0
37	__protein1_rbs	3.65	0.0	0.0
37	__protein2_rbs	2.8	0.0	0.0
37	__protein3_rbs	0.45	0.0	0.0
37	__ribosome	57.65	0.0	0.0
37	__rnase_site_ext	8.3	0.0	0.0
37	p0	0.6	0.0	0.0
37	p2	0.9	0.0	0.0
37	protein1	76.75	7.6	2.7223214499999986
37	protein2	52.2	6.8	2.8973809
37	protein3	7.65	1.0	1.59166665
37	rnapol	0.4	0.0	0.0
38	__protein1_rbs	3.45	0.0	0.0
38	__protein2_rbs	3.7	0.0	0.0
38	__protein3_rbs	0.55	0.0	0.0
38	__ribosome	58.15	0.0	0.0
38	__rnase_site_ext	8.6	0.0	0.0
38	p0	0.7	0.0	0.0
38	p2	0.95	0.0	0.0
38	protein1	80.65	7.8	2.6630556
38	protein2	56.0	6.95	2.7179166999999995
38	protein3	8.2	1.2	1.4166667
38	rnapol	0.25	0.0	0.0
39	__protein1_rbs	3.45	0.0	0.0
39	__protein2_rbs	2.85	0.0	0.0
39	__protein3_rbs	0.5	0.0	0.0
39	__ribosome	57.15	0.0	0.0
39	__rnase_site_ext	8.7	0.0	0.0
39	p0	0.9	0.0	0.0
39	p2	1.0	0.0	0.0
39	protein1	84.5	8.15	2.65244035
39	protein2	60.1	6.95	2.7493453
39	protein3	8.75	1.25	1.35833335
39	rnapol	0.25	0.0	0.0
40	__protein1_rbs	3.65	0.0	0.0
40	__protein2_rbs	3.3	0.0	0.0
40	__protein3_rbs	0.55	0.0	0.0
40	__ribosome	56.4	0.0	0.0
40	__rnase_site_ext	8.75	0.0	0.0
40	p0	0.95	0.0	0.0
40	p2	1.0	0.0	0.0
40	protein1	88.75	8.3	2.6524999
40	protein2	63.55	6.95	2.76374995
40	protein3	9.2	1.3	1.56666665
40	rnapol	0.3	0.0	0.0
41	__protein1_rbs	3.75	0.0	0.0
41	__protein2_rbs	3.9	0.0	0.0
41	__protein3_rbs	0.9	0.0	0.0
41	__ribosome	56.35	0.0	0.0
41	__rnase_site_ext	8.9	0.0	0.0
41	p0	0.8	0.0	0.0
41	p2	0.95	0.0	0.0
41	protein1	92.85	8.45	2.6347420500000003
41	protein2	67.25	7.1	2.6406547000000002
41	protein3	9.5	1.3	1.55
41	rnapol	0.35	0.0	0.0
42	__protein1_rbs	4.15	0.0	0.0
42	__protein2_rbs	3.0	0.0	0.0
42	__protein3_rbs	0.7	0.0	0.0
42	__ribosome	55.35	0.0	0.0
42	__rnase_site_ext	8.8	0.0	0.0
42	p0	0.85	0.0	0.0
42	p2	0.9	0.0	0.0
42	protein1	96.55	8.6	2.6882053000000004
42	protein2	71.1	7.2	2.64684525
42	protein3	10.15	1.3	1.5
42	rnapol	0.25	0.0	0.0
43	__protein1_rbs	4.15	0.0	0.0
43	__protein2_rbs	3.8	0.0	0.0
43	__protein3_rbs	0.75	0.0	0.0
43	__ribosome	54.7	0.0	0.0
43	__rnase_site_ext	8.9	0.0	0.0
43	p0	0.7	0.0	0.0
43	p2	1.0	0.0	0.0
43	protein1	100.95	8.55	2.72384205
43	protein2	74.6	7.7	2.5038691
43	protein3	10.5	1.3	1.6916666499999995
43	rnapol	0.3	0.0	0.0
44	__protein1_rbs	4.65	0.0	0.0
44	__protein2_rbs	3.5	0.0	0.0
44	__protein3_rbs	0.5	0.0	0.0
44	__ribosome	54.15	0.0	0.0
44	__rnase_site_ext	9.0	0.0	0.0
44	p0	0.9	0.0	0.0
44	p2	1.0	0.0	0.0
44	protein1	105.25	8.5	2.67723485
44	protein2	78.15	7.95	2.5497023
44	protein3	11.3	1.4	1.7666667
44	rnapol	0.5	0.0	0.0
45	__protein1_rbs	4.0	0.0	0.0
45	__protein2_rbs	3.85	0.0	0.0
45	__protein3_rbs	0.65	0.0	0.0
45	__ribosome	53.6	0.0	0.0
45	__rnase_site_ext	9.15	0.0	0.0
45	p0	0.8	0.0	0.0
45	p2	1.0	0.0	0.0
45	protein1	109.9	8.8	2.60276515
45	protein2	81.85	8.05	2.5659127500000003
45	protein3	11.9	1.3	1.88333335
45	rnapol	0.4	0.0	0.0
46	__protein1_rbs	4.6	0.0	0.0
46	__protein2_rbs	3.65	0.0	0.0
46	__protein3_rbs	0.55	0.0	0.0
46	__ribosome	53.5	0.0	0.0
46	__rnase_site_ext	9.2	0.0	0.0
46	p0	0.8	0.0	0.0
46	p2	1.0	0.0	0.0
46	protein1	114.9	8.85	2.509751
46	protein2	85.65	8.3	2.534504
46	protein3	12.35	1.3	2.08333335
46	rnapol	0.25	0.0	0.0
47	__protein1_rbs	3.95	0.0	0.0
47	__protein2_rbs	3.8	0.0	0.0
47	__protein3_rbs	0.5	0.0	0.0
47	__ribosome	51.45	0.0	0.0
47	__rnase_site_ext	9.35	0.0	0.0
47	p0	0.75	0.0	0.0
47	p2	1.0	0.0	0.0
47	protein1	119.25	8.95	2.52898085
47	protein2	89.1	8.65	2.5891866
47	protein3	12.95	1.3	2.1833333500000003
47	rnapol	0.4	0.0	0.0
48	__protein1_rbs	4.2	0.0	0.0
48	__protein2_rbs	4.7	0.0	0.0
48	__protein3_rbs	0.7	0.0	0.0
48	__ribosome	51.5	0.0	0.0
48	__rnase_site_ext	9.45	0.0	0.0
48	p0	0.75	0.0	0.0
48	p2	1.0	0.0	0.0
48	protein1	123.35	9.05	2.54385835
48	protein2	93.4	8.9	2.4889736
48	protein3	13.6	1.3	2.1583333
48	rnapol	0.4	0.0	0.0
49	__protein1_rbs	4.5	0.0	0.0
49	__protein2_rbs	5.0	0.0	0.0
49	__protein3_rbs	0.9	0.0	0.0
49	__ribosome	50.7	0.0	0.0
49	__rnase_site_ext	9.55	0.0	0.0
49	p0	0.7	0.0	0.0
49	p2	0.9	0.0	0.0
49	protein1	127.25	9.25	2.6118146500000003
49	protein2	97.55	9.05	2.44798155
49	protein3	14.35	1.3	1.99166665
49	rnapol	0.3	0.0	0.0
50	__protein1_rbs	4.75	0.0	0.0
50	__protein2_rbs	4.2	0.0	0.0
50	__protein3_rbs	0.65	0.0	0.0
50	__ribosome	50.4	0.0	0.0
50	__rnase_site_ext	9.8	0.0	0.0
50	p0	0.75	0.0	0.0
50	p2	0.8	0.0	0.0
50	protein1	132.4	9.3	2.52954915
50	protein2	101.65	9.1	2.5594373
50	protein3	15.3	1.3	1.7833332999999998
50	rnapol	0.4	0.0	0.0
51	__protein1_rbs	4.35	0.0	0.0
51	__protein2_rbs	4.55	0.0	0.0
51	__protein3_rbs	0.7	0.0	0.0
51	__ribosome	49.65	0.0	0.0
51	__rnase_site_ext	9.7	0.0	0.0
51	p0	0.9	0.0	0.0
51	p2	0.85	0.0	0.0
51	protein1	136.65	9.55	2.56422255
51	protein2	106.15	9.25	2.4946717
51	protein3	15.85	1.3	inf
51	rnapol	0.7	0.0	0.0
52	__protein1_rbs	4.1	0.0	0.0
52	__protein2_rbs	4.6	0.0	0.0
52	__protein3_rbs	0.7	0.0	0.0
52	__ribosome	48.95	0.0	0.0
52	__rnase_site_ext	9.85	0.0	0.0
52	p0	0.7	0.0	0.0
52	p2	0.95	0.0	0.0
52	protein1	141.25	9.45	2.6118236
52	protein2	110.5	9.35	2.5106799500000005
52	protein3	16.65	1.35	inf
52	rnapol	0.6	0.0	0.0
53	__protein1_rbs	4.75	0.0	0.0
53	__protein2_rbs	4.95	0.0	0.0
53	__protein3_rbs	0.65	0.0	0.0
53	__ribosome	48.95	0.0	0.0
53	__rnase_site_ext	10.2	0.0	0.0
53	p0	0.65	0.0	0.0
53	p2	0.9	0.0	0.0
53	protein1	146.2	9.6	2.53085495
53	protein2	115.3	9.6	2.47497475
53	protein3	17.25	1.35	inf
53	rnapol	0.25	0.0	0.0
54	__protein1_rbs	5.3	0.0	0.0
54	__protein2_rbs	4.8	0.0	0.0
54	__protein3_rbs	0.65	0.0	0.0
54	__ribosome	47.5	0.0	0.0
54	__rnase_site_ext	10.3	0.0	0.0
54	p0	0.9	0.0	0.0
54	p2	0.9	0.0	0.0
54	protein1	150.8	9.95	2.4555381000000005
54	protein2	119.25	9.65	2.5644318
54	protein3	17.6	1.4	inf
54	rnapol	0.25	0.0	0.0
55	__protein1_rbs	5.6	0.0	0.0
55	__protein2_rbs	4.85	0.0	0.0
55	__protein3_rbs	1.2	0.0	0.0
55	__ribosome	48.15	0.0	0.0
55	__rnase_site_ext	10.35	0.0	0.0
55	p0	0.9	0.0	0.0
55	p2	0.9	0.0	0.0
55	protein1	155.35	10.0	2.3978768
55	protein2	124.0	9.75	2.5691017000000005
55	protein3	18.4	1.45	inf
55	rnapol	0.25	0.0	0.0
56	__protein1_rbs	5.8	0.0	0.0
56	__protein2_rbs	4.85	0.0	0.0
56	__protein3_rbs	0.55	0.0	0.0
56	__ribosome	47.95	0.0	0.0
56	__rnase_site_ext	10.3	0.0	0.0
56	p0	0.85	0.0	0.0
56	p2	1.0	0.0	0.0
56	protein1	160.2	10.1	2.33077795
56	protein2	128.85	9.9	2.54784725
56	protein3	18.95	1.5	inf
56	rnapol	0.3	0.0	0.0
57	__protein1_rbs	5.1	0.0	0.0
57	__protein2_rbs	5.0	0.0	0.0
57	__protein3_rbs	0.9	0.0	0.0
57	__ribosome	47.5	0.0	0.0
57	__rnase_site_ext	10.4	0.0	0.0
57	p0	0.95	0.0	0.0
57	p2	0.9	0.0	0.0
57	protein1	164.9	10.15	2.37187635
57	protein2	133.7	10.1	2.4725505
57	protein3	19.6	1.6	1.7866667
57	rnapol	0.35	0.0	0.0
58	__protein1_rbs	4.7	0.0	0.0
58	__protein2_rbs	5.25	0.0	0.0
58	__protein3_rbs	0.85	0.0	0.0
58	__ribosome	47.6	0.0	0.0
58	__rnase_site_ext	10.55	0.0	0.0
58	p0	0.85	0.0	0.0
58	p2	0.95	0.0	0.0
58	protein1	170.1	10.25	2.3917278
58	protein2	139.15	10.05	2.4509380000000003
58	protein3	20.25	1.65	1.8766667
58	rnapol	0.65	0.0	0.0
59	__protein1_rbs	5.5	0.0	0.0
59	__protein2_rbs	4.85	0.0	0.0
59	__protein3_rbs	0.9	0.0	0.0
59	__ribosome	46.5	0.0	0.0
59	__rnase_site_ext	10.6	0.0	0.0
59	p0	0.7	0.0	0.0
59	p2	0.9	0.0	0.0
59	protein1	174.35	10.2	2.41216495
59	protein2	143.35	10.2	2.547968649999999
59	protein3	21.2	1.65	1.805
59	rnapol	0.45	0.0	0.0
60	__protein1_rbs	5.1	0.0	0.0
60	__protein2_rbs	5.15	0.0	0.0
60	__protein3_rbs	0.9	0.0	0.0
60	__ribosome	45.45	0.0	0.0
60	__rnase_site_ext	10.85	0.0	0.0
60	p0	0.8	0.0	0.0
60	p2	0.9	0.0	0.0
60	protein1	178.85	10.2	2.4905709000000003
60	protein2	148.85	10.35	2.48192965
60	protein3	21.55	1.65	inf
60	rnapol	0.4	0.0	0.0
61	__protein1_rbs	5.3	0.0	0.0
61	__protein2_rbs	5.15	0.0	0.0
61	__protein3_rbs	0.75	0.0	0.0
61	__ribosome	44.8	0.0	0.0
61	__rnase_site_ext	11.1	0.0	0.0
61	p0	0.85	0.0	0.0
61	p2	0.95	0.0	0.0
61	protein1	183.8	10.5	2.4459037999999995
61	protein2	153.45	10.65	2.46142965
61	protein3	22.55	1.7	inf
61	rnapol	0.35	0.0	0.0
62	__protein1_rbs	5.95	0.0	0.0
62	__protein2_rbs	5.95	0.0	0.0
62	__protein3_rbs	1.0	0.0	0.0
62	__ribosome	44.55	0.0	0.0
62	__rnase_site_ext	11.05	0.0	0.0
62	p0	0.95	0.0	0.0
62	p2	0.95	0.0	0.0
62	protein1	188.5	10.7	2.4117558999999997
62	protein2	158.3	10.85	2.40469885
62	protein3	23.1	1.75	1.85833335
62	rnapol	0.6	0.0	0.0
63	__protein1_rbs	5.5	0.0	0.0
63	__protein2_rbs	5.45	0.0	0.0
63	__protein3_rbs	0.7	0.0	0.0
63	__ribosome	44.3	0.0	0.0
63	__rnase_site_ext	11.35	0.0	0.0
63	p0	0.65	0.0	0.0
63	p2	0.95	0.0	0.0
63	protein1	193.95	10.75	2.3636838999999994
63	protein2	163.7	11.05	2.3986304
63	protein3	23.9	1.75	2.0333333
63	rnapol	0.55	0.0	0.0
64	__protein1_rbs	5.9	0.0	0.0
64	__protein2_rbs	6.35	0.0	0.0
64	__protein3_rbs	1.0	0.0	0.0
64	__ribosome	44.4	0.0	0.0
64	__rnase_site_ext	11.5	0.0	0.0
64	p0	0.8	0.0	0.0
64	p2	0.95	0.0	0.0
64	protein1	198.4	10.75	2.39840365
64	protein2	168.65	11.05	2.36850635
64	protein3	24.7	1.85	1.9291667
64	rnapol	0.45	0.0	0.0
65	__protein1_rbs	5.5	0.0	0.0
65	__protein2_rbs	6.0	0.0	0.0
65	__protein3_rbs	0.8	0.0	0.0
65	__ribosome	44.9	0.0	0.0
65	__rnase_site_ext	11.5	0.0	0.0
65	p0	0.95	0.0	0.0
65	p2	0.9	0.0	0.0
65	protein1	204.15	11.1	2.2650039
65	protein2	174.35	11.05	2.3485138999999995
65	protein3	25.4	1.85	2.0458333000000004
65	rnapol	0.6	0.0	0.0
66	__protein1_rbs	5.95	0.0	0.0
66	__protein2_rbs	5.8	0.0	0.0
66	__protein3_rbs	0.9	0.0	0.0
66	__ribosome	44.45	0.0	0.0
66	__rnase_site_ext	11.65	0.0	0.0
66	p0	0.75	0.0	0.0
66	p2	0.9	0.0	0.0
66	protein1	209.05	11.1	2.28505885
66	protein2	179.55	11.0	2.37649955
66	protein3	26.25	1.9	1.93750005
66	rnapol	0.8	0.0	0.0
67	__protein1_rbs	5.9	0.0	0.0
67	__protein2_rbs	6.0	0.0	0.0
67	__protein3_rbs	0.75	0.0	0.0
67	__ribosome	44.3	0.0	0.0
67	__rnase_site_ext	11.65	0.0	0.0
67	p0	0.9	0.0	0.0
67	p2	0.95	0.0	0.0
67	protein1	213.8	11.15	2.2996642999999994
67	protein2	184.7	11.0	2.3471945
67	protein3	27.1	1.9	2.04583335
67	rnapol	0.85	0.0	0.0
68	__protein1_rbs	6.35	0.0	0.0
68	__protein2_rbs	5.85	0.0	0.0
68	__protein3_rbs	1.05	0.0	0.0
68	__ribosome	43.8	0.0	0.0
68	__rnase_site_ext	11.8	0.0	0.0
68	p0	0.8	0.0	0.0
68	p2	0.9	0.0	0.0
68	protein1	218.55	11.25	2.29698675
68	protein2	189.45	11.15	2.35495385
68	protein3	28.05	1.95	1.8625
68	rnapol	0.8	0.0	0.0
69	__protein1_rbs	5.4	0.0	0.0
69	__protein2_rbs	4.85	0.0	0.0
69	__protein3_rbs	0.95	0.0	0.0
69	__ribosome	42.0	0.0	0.0
69	__rnase_site_ext	11.9	0.0	0.0
69	p0	0.55	0.0	0.0
69	p2	0.85	0.0	0.0
69	protein1	223.9	11.3	2.3651088500000004
69	protein2	194.7	11.2	2.4425383
69	protein3	29.0	2.0	1.89583335
69	rnapol	0.5	0.0	0.0
70	__protein1_rbs	6.1	0.0	0.0
70	__protein2_rbs	5.8	0.0	0.0
70	__protein3_rbs	1.1	0.0	0.0
70	__ribosome	42.45	0.0	0.0
70	__rnase_site_ext	12.2	0.0	0.0
70	p0	0.8	0.0	0.0
70	p2	0.9	0.0	0.0
70	protein1	229.05	11.35	2.3438064
70	protein2	200.35	11.25	2.3614311000000003
70	protein3	29.8	2.05	1.94583335
70	rnapol	0.45	0.0	0.0
71	__protein1_rbs	6.15	0.0	0.0
71	__protein2_rbs	6.1	0.0	0.0
71	__protein3_rbs	0.95	0.0	0.0
71	__ribosome	41.3	0.0	0.0
71	__rnase_site_ext	12.35	0.0	0.0
71	p0	0.9	0.0	0.0
71	p2	0.95	0.0	0.0
71	protein1	234.05	11.7	2.29769615
71	protein2	205.15	11.45	2.3867182000000002
71	protein3	30.8	2.15	1.91249995
71	rnapol	0.45	0.0	0.0
72	__protein1_rbs	6.4	0.0	0.0
72	__protein2_rbs	6.9	0.0	0.0
72	__protein3_rbs	1.25	0.0	0.0
72	__ribosome	41.05	0.0	0.0
72	__rnase_site_ext	12.4	0.0	0.0
72	p0	0.8	0.0	0.0
72	p2	0.95	0.0	0.0
72	protein1	238.9	11.9	2.29316435
72	protein2	210.15	11.8	2.2789865000000002
72	protein3	31.8	2.2	1.9107143
72	rnapol	0.4	0.0	0.0
73	__protein1_rbs	6.7	0.0	0.0
73	__protein2_rbs	5.75	0.0	0.0
73	__protein3_rbs	1.35	0.0	0.0
73	__ribosome	40.55	0.0	0.0
73	__rnase_site_ext	12.4	0.0	0.0
73	p0	0.9	0.0	0.0
73	p2	1.0	0.0	0.0
73	protein1	244.15	12.0	2.2762760500000003
73	protein2	215.9	11.85	2.3251857999999994
73	protein3	32.55	2.25	1.89761905
73	rnapol	0.4	0.0	0.0
74	__protein1_rbs	6.5	0.0	0.0
74	__protein2_rbs	6.4	0.0	0.0
74	__protein3_rbs	1.2	0.0	0.0
74	__ribosome	40.3	0.0	0.0
74	__rnase_site_ext	12.5	0.0	0.0
74	p0	0.95	0.0	0.0
74	p2	0.9	0.0	0.0
74	protein1	250.15	11.95	2.26714455
74	protein2	221.25	11.8	2.3380712000000003
74	protein3	33.25	2.3	1.9894048
74	rnapol	0.65	0.0	0.0
75	__protein1_rbs	6.0	0.0	0.0
75	__protein2_rbs	6.5	0.0	0.0
75	__protein3_rbs	1.35	0.0	0.0
75	__ribosome	40.5	0.0	0.0
75	__rnase_site_ext	12.5	0.0	0.0
75	p0	0.85	0.0	0.0
75	p2	0.95	0.0	0.0
75	protein1	255.3	12.1	2.3061862
75	protein2	227.2	11.85	2.27751995
75	protein3	34.55	2.25	1.83892855
75	rnapol	0.55	0.0	0.0
76	__protein1_rbs	6.5	0.0	0.0
76	__protein2_rbs	6.05	0.0	0.0
76	__protein3_rbs	1.1	0.0	0.0
76	__ribosome	39.35	0.0	0.0
76	__rnase_site_ext	12.75	0.0	0.0
76	p0	0.8	0.0	0.0
76	p2	1.0	0.0	0.0
76	protein1	260.9	12.05	2.35128405
76	protein2	232.1	12.05	2.29718655
76	protein3	35.7	2.2	inf
76	rnapol	0.6	0.0	0.0
77	__protein1_rbs	7.25	0.0	0.0
77	__protein2_rbs	6.6	0.0	0.0
77	__protein3_rbs	1.3	0.0	0.0
77	__ribosome	39.0	0.0	0.0
77	__rnase_site_ext	12.75	0.0	0.0
77	p0	0.8	0.0	0.0
77	p2	0.95	0.0	0.0
77	protein1	266.4	12.3	2.2501111500000004
77	protein2	237.1	12.25	2.3332595
77	protein3	36.4	2.2	inf
77	rnapol	0.65	0.0	0.0
78	__protein1_rbs	6.9	0.0	0.0
78	__protein2_rbs	6.15	0.0	0.0
78	__protein3_rbs	1.35	0.0	0.0
78	__ribosome	38.45	0.0	0.0
78	__rnase_site_ext	12.95	0.0	0.0
78	p0	0.8	0.0	0.0
78	p2	1.0	0.0	0.0
78	protein1	271.5	12.2	2.31199885
78	protein2	242.95	12.45	2.3305808
78	protein3	37.4	2.1	inf
78	rnapol	0.55	0.0	0.0
79	__protein1_rbs	6.55	0.0	0.0
79	__protein2_rbs	6.85	0.0	0.0
79	__protein3_rbs	1.35	0.0	0.0
79	__ribosome	38.95	0.0	0.0
79	__rnase_site_ext	13.1	0.0	0.0
79	p0	0.75	0.0	0.0
79	p2	1.0	0.0	0.0
79	protein1	276.95	12.55	2.247066
79	protein2	248.6	12.5	2.28969295
79	protein3	38.55	2.15	1.895
79	rnapol	0.55	0.0	0.0
80	__protein1_rbs	7.1	0.0	0.0
80	__protein2_rbs	7.35	0.0	0.0
80	__protein3_rbs	1.1	0.0	0.0
80	__ribosome	38.4	0.0	0.0
80	__rnase_site_ext	13.2	0.0	0.0
80	p0	0.75	0.0	0.0
80	p2	0.95	0.0	0.0
80	protein1	283.4	12.6	2.2082082
80	protein2	253.65	12.75	2.3020619
80	protein3	39.35	2.15	1.93833335
80	rnapol	0.4	0.0	0.0
81	__protein1_rbs	7.1	0.0	0.0
81	__protein2_rbs	7.4	0.0	0.0
81	__protein3_rbs	1.4	0.0	0.0
81	__ribosome	38.45	0.0	0.0
81	__rnase_site_ext	13.6	0.0	0.0
81	p0	0.75	0.0	0.0
81	p2	1.0	0.0	0.0
81	protein1	288.95	12.75	2.18323955
81	protein2	259.55	12.9	2.2885259500000004
81	protein3	40.5	2.1	1.75000005
81	rnapol	0.3	0.0	0.0
82	__protein1_rbs	7.0	0.0	0.0
82	__protein2_rbs	6.85	0.0	0.0
82	__protein3_rbs	1.25	0.0	0.0
82	__ribosome	37.35	0.0	0.0
82	__rnase_site_ext	13.5	0.0	0.0
82	p0	0.95	0.0	0.0
82	p2	0.9	0.0	0.0
82	protein1	294.0	13.05	2.22866855
82	protein2	265.3	12.95	2.27138275
82	protein3	41.55	2.15	1.73333335
82	rnapol	0.45	0.0	0.0
83	__protein1_rbs	7.45	0.0	0.0
83	__protein2_rbs	7.35	0.0	0.0
83	__protein3_rbs	1.2	0.0	0.0
83	__ribosome	37.65	0.0	0.0
83	__rnase_site_ext	13.65	0.0	0.0
83	p0	0.7	0.0	0.0
83	p2	0.9	0.0	0.0
83	protein1	299.35	13.15	2.2269191000000004
83	protein2	271.65	13.0	2.21916255
83	protein3	42.35	2.0	inf
83	rnapol	0.35	0.0	0.0
84	__protein1_rbs	7.1	0.0	0.0
84	__protein2_rbs	7.35	0.0	0.0
84	__protein3_rbs	1.2	0.0	0.0
84	__ribosome	37.5	0.0	0.0
84	__rnase_site_ext	13.6	0.0	0.0
84	p0	0.75	0.0	0.0
84	p2	0.9	0.0	0.0
84	protein1	305.15	13.15	2.2583259
84	protein2	277.45	13.1	2.1848468999999997
84	protein3	43.3	2.1	inf
84	rnapol	0.35	0.0	0.0
85	__protein1_rbs	7.25	0.0	0.0
85	__protein2_rbs	7.65	0.0	0.0
85	__protein3_rbs	1.15	0.0	0.0
85	__ribosome	37.2	0.0	0.0
85	__rnase_site_ext	13.6	0.0	0.0
85	p0	0.8	0.0	0.0
85	p2	0.8	0.0	0.0
85	protein1	310.75	13.2	2.25544555
85	protein2	283.3	13.2	2.1597079999999997
85	protein3	44.2	2.05	inf
85	rnapol	0.35	0.0	0.0
86	__protein1_rbs	7.55	0.0	0.0
86	__protein2_rbs	7.5	0.0	0.0
86	__protein3_rbs	1.15	0.0	0.0
86	__ribosome	37.35	0.0	0.0
86	__rnase_site_ext	13.7	0.0	0.0
86	p0	0.75	0.0	0.0
86	p2	1.0	0.0	0.0
86	protein1	316.95	13.3	2.23180465
86	protein2	289.0	13.5	2.1249897000000004
86	protein3	45.25	2.15	1.9075
86	rnapol	0.2	0.0	0.0
87	__protein1_rbs	8.2	0.0	0.0
87	__protein2_rbs	6.9	0.0	0.0
87	__protein3_rbs	1.2	0.0	0.0
87	__ribosome	37.25	0.0	0.0
87	__rnase_site_ext	13.55	0.0	0.0
87	p0	0.95	0.0	0.0
87	p2	0.95	0.0	0.0
87	protein1	322.85	13.3	2.1788353500000004
87	protein2	294.8	13.55	2.1802448
87	protein3	46.4	2.15	inf
87	rnapol	0.3	0.0	0.0
88	__protein1_rbs	7.0	0.0	0.0
88	__protein2_rbs	7.7	0.0	0.0
88	__protein3_rbs	1.0	0.0	0.0
88	__ribosome	36.0	0.0	0.0
88	__rnase_site_ext	13.65	0.0	0.0
88	p0	0.9	0.0	0.0
88	p2	0.95	0.0	0.0
88	protein1	328.45	13.25	2.2585565499999998
88	protein2	300.45	13.7	2.1646397
88	protein3	47.2	2.15	inf
88	rnapol	0.45	0.0	0.0
89	__protein1_rbs	7.7	0.0	0.0
89	__protein2_rbs	7.65	0.0	0.0
89	__protein3_rbs	1.25	0.0	0.0
89	__ribosome	36.8	0.0	0.0
89	__rnase_site_ext	13.8	0.0	0.0
89	p0	0.85	0.0	0.0
89	p2	1.0	0.0	0.0
89	protein1	334.95	13.25	2.1946544500000003
89	protein2	306.25	13.75	2.1720028000000005
89	protein3	48.15	2.15	inf
89	rnapol	0.25	0.0	0.0
90	__protein1_rbs	7.8	0.0	0.0
90	__protein2_rbs	7.9	0.0	0.0
90	__protein3_rbs	1.2	0.0	0.0
90	__ribosome	35.6	0.0	0.0
90	__rnase_site_ext	13.6	0.0	0.0
90	p0	0.95	0.0	0.0
90	p2	1.0	0.0	0.0
90	protein1	340.35	13.35	2.1868963500000005
90	protein2	311.7	14.05	2.1966271
90	protein3	49.05	2.15	inf
90	rnapol	0.45	0.0	0.0
91	__protein1_rbs	7.25	0.0	0.0
91	__protein2_rbs	8.2	0.0	0.0
91	__protein3_rbs	1.4	0.0	0.0
91	__ribosome	36.25	0.0	0.0
91	__rnase_site_ext	13.6	0.0	0.0
91	p0	0.75	0.0	0.0
91	p2	0.95	0.0	0.0
91	protein1	346.8	13.25	2.1856734500000004
91	protein2	317.8	14.0	2.18219785
91	protein3	50.05	2.15	1.71999995
91	rnapol	0.55	0.0	0.0
92	__protein1_rbs	7.7	0.0	0.0
92	__protein2_rbs	7.8	0.0	0.0
92	__protein3_rbs	1.25	0.0	0.0
92	__ribosome	35.7	0.0	0.0
92	__rnase_site_ext	13.9	0.0	0.0
92	p0	0.7	0.0	0.0
92	p2	0.85	0.0	0.0
92	protein1	352.1	13.25	2.2524106500000003
92	protein2	324.05	14.1	2.1551062
92	protein3	50.9	2.15	1.7899999999999998
92	rnapol	0.25	0.0	0.0
93	__protein1_rbs	7.45	0.0	0.0
93	__protein2_rbs	7.95	0.0	0.0
93	__protein3_rbs	1.5	0.0	0.0
93	__ribosome	36.65	0.0	0.0
93	__rnase_site_ext	13.95	0.0	0.0
93	p0	0.8	0.0	0.0
93	p2	0.95	0.0	0.0
93	protein1	358.4	13.45	2.1757459
93	protein2	330.3	14.15	2.1366598999999997
93	protein3	52.1	2.2	1.62
93	rnapol	0.35	0.0	0.0
94	__protein1_rbs	7.8	0.0	0.0
94	__protein2_rbs	7.8	0.0	0.0
94	__protein3_rbs	1.4	0.0	0.0
94	__ribosome	36.15	0.0	0.0
94	__rnase_site_ext	13.8	0.0	0.0
94	p0	0.9	0.0	0.0
94	p2	0.95	0.0	0.0
94	protein1	363.95	13.45	2.1852228
94	protein2	336.05	14.25	2.15234135
94	protein3	52.9	2.2	1.64333335
94	rnapol	0.45	0.0	0.0
95	__protein1_rbs	7.6	0.0	0.0
95	__protein2_rbs	8.3	0.0	0.0
95	__protein3_rbs	0.85	0.0	0.0
95	__ribosome	35.65	0.0	0.0
95	__rnase_site_ext	14.0	0.0	0.0
95	p0	0.7	0.0	0.0
95	p2	0.85	0.0	0.0
95	protein1	369.75	13.45	2.18950655
95	protein2	342.1	14.5	2.10484205
95	protein3	53.8	2.25	1.82583335
95	rnapol	0.45	0.0	0.0
96	__protein1_rbs	8.85	0.0	0.0
96	__protein2_rbs	8.4	0.0	0.0
96	__protein3_rbs	1.2	0.0	0.0
96	__ribosome	37.45	0.0	0.0
96	__rnase_site_ext	14.0	0.0	0.0
96	p0	0.75	0.0	0.0
96	p2	0.85	0.0	0.0
96	protein1	376.0	13.65	2.041415
96	protein2	348.5	14.6	2.06265585
96	protein3	54.65	2.2	1.965
96	rnapol	0.5	0.0	0.0
97	__protein1_rbs	7.7	0.0	0.0
97	__protein2_rbs	8.0	0.0	0.0
97	__protein3_rbs	1.35	0.0	0.0
97	__ribosome	35.95	0.0	0.0
97	__rnase_site_ext	14.2	0.0	0.0
97	p0	0.8	0.0	0.0
97	p2	0.85	0.0	0.0
97	protein1	381.6	13.6	2.1348791000000005
97	protein2	354.85	14.65	2.0776508500000004
97	protein3	55.6	2.25	1.8625
97	rnapol	0.3	0.0	0.0
98	__protein1_rbs	7.95	0.0	0.0
98	__protein2_rbs	9.25	0.0	0.0
98	__protein3_rbs	1.35	0.0	0.0
98	__ribosome	35.9	0.0	0.0
98	__rnase_site_ext	14.15	0.0	0.0
98	p0	0.85	0.0	0.0
98	p2	0.95	0.0	0.0
98	protein1	387.45	13.8	2.10314975
98	protein2	360.55	14.7	2.0691602500000004
98	protein3	56.45	2.3	1.97416665
98	rnapol	0.25	0.0	0.0
99	__protein1_rbs	7.85	0.0	0.0
99	__protein2_rbs	8.0	0.0	0.0
99	__protein3_rbs	1.65	0.0	0.0
99	__ribosome	35.15	0.0	0.0
99	__rnase_site_ext	14.35	0.0	0.0
99	p0	0.75	0.0	0.0
99	p2	1.0	0.0	0.0
99	protein1	393.35	13.7	2.15659535
99	protein2	366.9	14.65	2.1065096000000003
99	protein3	57.6	2.4	1.9829762
99	rnapol	0.25	0.0	0.0
100	__protein1_rbs	8.6	0.0	0.0
100	__protein2_rbs	9.75	0.0	0.0
100	__protein3_rbs	1.2	0.0	0.0
100	__ribosome	36.3	0.0	0.0
100	__rnase_site_ext	14.5	0.0	0.0
100	p0	0.75	0.0	0.0
100	p2	1.0	0.0	0.0
100	protein1	399.35	13.9	2.0509451000000003
100	protein2	373.0	14.95	2.04845605
100	protein3	58.7	2.4	2.06095235
100	rnapol	0.25	0.0	0.0
101	__protein1_rbs	8.05	0.0	0.0
101	__protein2_rbs	8.1	0.0	0.0
101	__protein3_rbs	1.3	0.0	0.0
101	__ribosome	34.0	0.0	0.0
101	__rnase_site_ext	14.7	0.0	0.0
101	p0	0.85	0.0	0.0
101	p2	1.0	0.0	0.0
101	protein1	404.65	14.15	2.11068295
101	protein2	379.05	14.95	2.11861085
101	protein3	59.85	2.4	2.1095238000000003
101	rnapol	0.35	0.0	0.0
102	__protein1_rbs	7.8	0.0	0.0
102	__protein2_rbs	8.7	0.0	0.0
102	__protein3_rbs	1.35	0.0	0.0
102	__ribosome	33.6	0.0	0.0
102	__rnase_site_ext	14.8	0.0	0.0
102	p0	0.8	0.0	0.0
102	p2	0.95	0.0	0.0
102	protein1	410.65	14.25	2.13913335
102	protein2	385.5	14.9	2.11153405
102	protein3	60.85	2.4	2.1575
102	rnapol	0.25	0.0	0.0
103	__protein1_rbs	8.25	0.0	0.0
103	__protein2_rbs	8.6	0.0	0.0
103	__protein3_rbs	1.25	0.0	0.0
103	__ribosome	34.1	0.0	0.0
103	__rnase_site_ext	14.85	0.0	0.0
103	p0	0.8	0.0	0.0
103	p2	1.0	0.0	0.0
103	protein1	416.8	14.35	2.0997407999999997
103	protein2	391.85	14.75	2.1155852000000004
103	protein3	61.75	2.4	2.1654762
103	rnapol	0.45	0.0	0.0
104	__protein1_rbs	8.05	0.0	0.0
104	__protein2_rbs	8.45	0.0	0.0
104	__protein3_rbs	1.45	0.0	0.0
104	__ribosome	33.45	0.0	0.0
104	__rnase_site_ext	15.1	0.0	0.0
104	p0	0.65	0.0	0.0
104	p2	0.95	0.0	0.0
104	protein1	422.5	14.45	2.13172695
104	protein2	398.45	14.9	2.08525505
104	protein3	62.6	2.45	2.1805952
104	rnapol	0.45	0.0	0.0
105	__protein1_rbs	8.25	0.0	0.0
105	__protein2_rbs	8.55	0.0	0.0
105	__protein3_rbs	1.45	0.0	0.0
105	__ribosome	32.25	0.0	0.0
105	__rnase_site_ext	15.35	0.0	0.0
105	p0	0.9	0.0	0.0
105	p2	0.95	0.0	0.0
105	protein1	428.7	14.65	2.1308729000000004
105	protein2	404.35	15.1	2.1071324000000002
105	protein3	63.6	2.45	2.16166665
105	rnapol	0.5	0.0	0.0
106	__protein1_rbs	9.45	0.0	0.0
106	__protein2_rbs	8.7	0.0	0.0
106	__protein3_rbs	1.55	0.0	0.0
106	__ribosome	33.85	0.0	0.0
106	__rnase_site_ext	15.3	0.0	0.0
106	p0	0.8	0.0	0.0
106	p2	0.9	0.0	0.0
106	protein1	435.25	14.9	2.03081575
106	protein2	411.25	15.05	2.085234
106	protein3	64.85	2.45	2.00833335
106	rnapol	0.45	0.0	0.0
107	__protein1_rbs	8.55	0.0	0.0
107	__protein2_rbs	9.25	0.0	0.0
107	__protein3_rbs	1.65	0.0	0.0
107	__ribosome	33.55	0.0	0.0
107	__rnase_site_ext	15.35	0.0	0.0
107	p0	0.8	0.0	0.0
107	p2	0.85	0.0	0.0
107	protein1	441.25	14.95	2.049617
107	protein2	417.15	15.1	2.1041111000000003
107	protein3	65.85	2.4	1.855
107	rnapol	0.45	0.0	0.0
108	__protein1_rbs	8.0	0.0	0.0
108	__protein2_rbs	8.7	0.0	0.0
108	__protein3_rbs	1.5	0.0	0.0
108	__ribosome	32.45	0.0	0.0
108	__rnase_site_ext	15.4	0.0	0.0
108	p0	0.95	0.0	0.0
108	p2	0.85	0.0	0.0
108	protein1	447.45	14.9	2.0965228
108	protein2	423.4	15.15	2.12018845
108	protein3	66.85	2.4	1.845
108	rnapol	0.45	0.0	0.0
109	__protein1_rbs	9.4	0.0	0.0
109	__protein2_rbs	9.2	0.0	0.0
109	__protein3_rbs	1.6	0.0	0.0
109	__ribosome	33.25	0.0	0.0
109	__rnase_site_ext	15.5	0.0	0.0
109	p0	0.7	0.0	0.0
109	p2	1.0	0.0	0.0
109	protein1	453.45	15.05	2.08513485
109	protein2	430.2	15.2	2.07929155
109	protein3	67.9	2.4	1.81666665
109	rnapol	0.65	0.0	0.0
110	__protein1_rbs	8.8	0.0	0.0
110	__protein2_rbs	8.85	0.0	0.0
110	__protein3_rbs	1.5	0.0	0.0
110	__ribosome	33.65	0.0	0.0
110	__rnase_site_ext	15.75	0.0	0.0
110	p0	0.8	0.0	0.0
110	p2	1.0	0.0	0.0
110	protein1	459.95	15.15	2.0698058
110	protein2	436.9	15.2	2.06318755
110	protein3	69.0	2.55	1.7825
110	rnapol	0.45	0.0	0.0
111	__protein1_rbs	8.1	0.0	0.0
111	__protein2_rbs	9.0	0.0	0.0
111	__protein3_rbs	1.45	0.0	0.0
111	__ribosome	32.25	0.0	0.0
111	__rnase_site_ext	15.95	0.0	0.0
111	p0	0.8	0.0	0.0
111	p2	1.0	0.0	0.0
111	protein1	466.0	15.35	2.1319580500000006
111	protein2	443.6	15.2	2.0417867000000003
111	protein3	69.75	2.55	1.8883333
111	rnapol	0.45	0.0	0.0
112	__protein1_rbs	9.55	0.0	0.0
112	__protein2_rbs	9.7	0.0	0.0
112	__protein3_rbs	1.6	0.0	0.0
112	__ribosome	32.65	0.0	0.0
112	__rnase_site_ext	16.0	0.0	0.0
112	p0	0.6	0.0	0.0
112	p2	0.95	0.0	0.0
112	protein1	472.85	15.6	2.07941595
112	protein2	449.85	15.45	2.0171178000000003
112	protein3	70.65	2.55	1.83833335
112	rnapol	0.3	0.0	0.0
113	__protein1_rbs	9.0	0.0	0.0
113	__protein2_rbs	9.55	0.0	0.0
113	__protein3_rbs	1.15	0.0	0.0
113	__ribosome	32.35	0.0	0.0
113	__rnase_site_ext	16.25	0.0	0.0
113	p0	0.8	0.0	0.0
113	p2	1.0	0.0	0.0
113	protein1	479.4	15.55	2.0703973
113	protein2	456.25	15.4	2.0046644
113	protein3	71.35	2.55	2.1916667000000003
113	rnapol	0.35	0.0	0.0
114	__protein1_rbs	9.45	0.0	0.0
114	__protein2_rbs	9.1	0.0	0.0
114	__protein3_rbs	1.65	0.0	0.0
114	__ribosome	32.75	0.0	0.0
114	__rnase_site_ext	16.25	0.0	0.0
114	p0	0.8	0.0	0.0
114	p2	1.0	0.0	0.0
114	protein1	485.85	15.85	2.0021257999999995
114	protein2	462.8	15.6	1.98766245
114	protein3	72.4	2.6	1.9858334
114	rnapol	0.2	0.0	0.0
115	__protein1_rbs	9.7	0.0	0.0
115	__protein2_rbs	9.8	0.0	0.0
115	__protein3_rbs	1.65	0.0	0.0
115	__ribosome	32.2	0.0	0.0
115	__rnase_site_ext	16.15	0.0	0.0
115	p0	0.9	0.0	0.0
115	p2	1.0	0.0	0.0
115	protein1	492.3	15.95	2.0012157500000005
115	protein2	469.0	15.75	1.9779741
115	protein3	73.2	2.6	2.1674999999999995
115	rnapol	0.5	0.0	0.0
116	__protein1_rbs	9.8	0.0	0.0
116	__protein2_rbs	9.0	0.0	0.0
116	__protein3_rbs	1.3	0.0	0.0
116	__ribosome	32.3	0.0	0.0
116	__rnase_site_ext	16.1	0.0	0.0
116	p0	0.8	0.0	0.0
116	p2	0.85	0.0	0.0
116	protein1	498.9	15.9	1.9828438000000002
116	protein2	475.6	15.85	1.9738215
116	protein3	74.3	2.55	2.2116667000000003
116	rnapol	0.45	0.0	0.0
117	__protein1_rbs	9.3	0.0	0.0
117	__protein2_rbs	9.45	0.0	0.0
117	__protein3_rbs	1.75	0.0	0.0
117	__ribosome	31.8	0.0	0.0
117	__rnase_site_ext	16.3	0.0	0.0
117	p0	0.8	0.0	0.0
117	p2	0.95	0.0	0.0
117	protein1	505.9	15.6	1.9912743000000002
117	protein2	481.8	16.0	2.01996665
117	protein3	75.35	2.55	2.175
117	rnapol	0.4	0.0	0.0
118	__protein1_rbs	8.65	0.0	0.0
118	__protein2_rbs	10.35	0.0	0.0
118	__protein3_rbs	1.7	0.0	0.0
118	__ribosome	30.7	0.0	0.0
118	__rnase_site_ext	16.1	0.0	0.0
118	p0	0.85	0.0	0.0
118	p2	0.85	0.0	0.0
118	protein1	511.45	15.85	2.07304055
118	protein2	488.3	16.1	1.9888289500000005
118	protein3	76.65	2.65	1.8633332999999999
118	rnapol	0.4	0.0	0.0
119	__protein1_rbs	9.9	0.0	0.0
119	__protein2_rbs	9.05	0.0	0.0
119	__protein3_rbs	1.6	0.0	0.0
119	__ribosome	31.6	0.0	0.0
119	__rnase_site_ext	16.15	0.0	0.0
119	p0	0.9	0.0	0.0
119	p2	0.85	0.0	0.0
119	protein1	518.85	15.75	1.9913071
119	protein2	495.25	16.15	2.01918895
119	protein3	77.7	2.65	1.9024999999999996
119	rnapol	0.35	0.0	0.0
120	__protein1_rbs	9.8	0.0	0.0
120	__protein2_rbs	10.5	0.0	0.0
120	__protein3_rbs	1.7	0.0	0.0
120	__ribosome	30.8	0.0	0.0
120	__rnase_site_ext	16.2	0.0	0.0
120	p0	0.8	0.0	0.0
120	p2	0.9	0.0	0.0
120	protein1	524.7	15.85	2.01631305
120	protein2	501.15	16.5	1.9793317500000005
120	protein3	78.5	2.65	1.93833335
120	rnapol	0.4	0.0	0.0
121	__protein1_rbs	9.1	0.0	0.0
121	__protein2_rbs	10.8	0.0	0.0
121	__protein3_rbs	1.55	0.0	0.0
121	__ribosome	31.95	0.0	0.0
121	__rnase_site_ext	16.05	0.0	0.0
121	p0	0.85	0.0	0.0
121	p2	0.95	0.0	0.0
121	protein1	531.9	15.85	1.9999924500000008
121	protein2	508.55	16.85	1.90609685
121	protein3	79.75	2.75	1.8425
121	rnapol	0.45	0.0	0.0
122	__protein1_rbs	10.2	0.0	0.0
122	__protein2_rbs	10.05	0.0	0.0
122	__protein3_rbs	1.85	0.0	0.0
122	__ribosome	30.1	0.0	0.0
122	__rnase_site_ext	16.15	0.0	0.0
122	p0	0.8	0.0	0.0
122	p2	1.0	0.0	0.0
122	protein1	537.65	15.7	2.0418197000000005
122	protein2	514.4	17.0	1.9930789
122	protein3	80.85	2.7	inf
122	rnapol	0.3	0.0	0.0
123	__protein1_rbs	9.4	0.0	0.0
123	__protein2_rbs	10.1	0.0	0.0
123	__protein3_rbs	1.5	0.0	0.0
123	__ribosome	30.65	0.0	0.0
123	__rnase_site_ext	16.3	0.0	0.0
123	p0	0.75	0.0	0.0
123	p2	0.95	0.0	0.0
123	protein1	544.95	15.8	1.9809915
123	protein2	521.7	17.0	1.9573516
123	protein3	81.75	2.75	inf
123	rnapol	0.35	0.0	0.0
124	__protein1_rbs	9.7	0.0	0.0
124	__protein2_rbs	10.6	0.0	0.0
124	__protein3_rbs	1.6	0.0	0.0
124	__ribosome	31.15	0.0	0.0
124	__rnase_site_ext	16.35	0.0	0.0
124	p0	0.85	0.0	0.0
124	p2	0.9	0.0	0.0
124	protein1	551.35	15.9	1.96792375
124	protein2	529.15	17.05	1.9076766
124	protein3	82.95	2.75	inf
124	rnapol	0.4	0.0	0.0
125	__protein1_rbs	9.55	0.0	0.0
125	__protein2_rbs	10.95	0.0	0.0
125	__protein3_rbs	1.8	0.0	0.0
125	__ribosome	30.45	0.0	0.0
125	__rnase_site_ext	16.4	0.0	0.0
125	p0	0.75	0.0	0.0
125	p2	0.95	0.0	0.0
125	protein1	557.85	16.1	1.96524355
125	protein2	535.5	17.15	1.9049316
125	protein3	83.7	2.75	inf
125	rnapol	0.5	0.0	0.0
126	__protein1_rbs	9.75	0.0	0.0
126	__protein2_rbs	10.5	0.0	0.0
126	__protein3_rbs	1.65	0.0	0.0
126	__ribosome	30.6	0.0	0.0
126	__rnase_site_ext	16.45	0.0	0.0
126	p0	0.65	0.0	0.0
126	p2	0.9	0.0	0.0
126	protein1	564.7	16.1	1.96043125
126	protein2	542.35	17.3	1.90811755
126	protein3	85.25	2.85	1.76333335
126	rnapol	0.3	0.0	0.0
127	__protein1_rbs	10.3	0.0	0.0
127	__protein2_rbs	10.5	0.0	0.0
127	__protein3_rbs	1.75	0.0	0.0
127	__ribosome	29.8	0.0	0.0
127	__rnase_site_ext	16.5	0.0	0.0
127	p0	0.95	0.0	0.0
127	p2	0.85	0.0	0.0
127	protein1	570.5	16.1	1.99222745
127	protein2	549.6	17.45	1.90436295
127	protein3	86.2	2.85	1.96999995
127	rnapol	0.45	0.0	0.0
128	__protein1_rbs	10.6	0.0	0.0
128	__protein2_rbs	10.4	0.0	0.0
128	__protein3_rbs	1.95	0.0	0.0
128	__ribosome	30.8	0.0	0.0
128	__rnase_site_ext	16.5	0.0	0.0
128	p0	0.85	0.0	0.0
128	p2	0.85	0.0	0.0
128	protein1	577.7	16.2	1.9015682000000005
128	protein2	556.05	17.25	1.95742505
128	protein3	87.55	2.9	1.82333335
128	rnapol	0.5	0.0	0.0
129	__protein1_rbs	10.25	0.0	0.0
129	__protein2_rbs	10.6	0.0	0.0
129	__protein3_rbs	1.85	0.0	0.0
129	__ribosome	29.9	0.0	0.0
129	__rnase_site_ext	16.55	0.0	0.0
129	p0	0.75	0.0	0.0
129	p2	0.9	0.0	0.0
129	protein1	583.85	16.2	1.95121055
129	protein2	563.1	17.45	1.9327277000000005
129	protein3	88.65	3.05	1.7208332999999998
129	rnapol	0.5	0.0	0.0
130	__protein1_rbs	9.55	0.0	0.0
130	__protein2_rbs	11.05	0.0	0.0
130	__protein3_rbs	2.2	0.0	0.0
130	__ribosome	30.55	0.0	0.0
130	__rnase_site_ext	16.6	0.0	0.0
130	p0	0.9	0.0	0.0
130	p2	1.0	0.0	0.0
130	protein1	591.3	16.3	1.90932705
130	protein2	570.0	17.35	1.91813025
130	protein3	89.8	3.15	1.7216667
130	rnapol	0.5	0.0	0.0
131	__protein1_rbs	9.7	0.0	0.0
131	__protein2_rbs	10.2	0.0	0.0
131	__protein3_rbs	2.25	0.0	0.0
131	__ribosome	30.35	0.0	0.0
131	__rnase_site_ext	16.8	0.0	0.0
131	p0	0.75	0.0	0.0
131	p2	1.0	0.0	0.0
131	protein1	597.9	16.25	1.9261994000000005
131	protein2	577.05	17.15	1.943704
131	protein3	90.85	3.2	1.6625
131	rnapol	0.5	0.0	0.0
132	__protein1_rbs	10.3	0.0	0.0
132	__protein2_rbs	10.95	0.0	0.0
132	__protein3_rbs	1.85	0.0	0.0
132	__ribosome	30.25	0.0	0.0
132	__rnase_site_ext	17.05	0.0	0.0
132	p0	0.6	0.0	0.0
132	p2	0.95	0.0	0.0
132	protein1	604.1	16.55	1.92226595
132	protein2	584.2	17.35	1.89033225
132	protein3	92.1	3.15	1.6733333
132	rnapol	0.4	0.0	0.0
133	__protein1_rbs	10.4	0.0	0.0
133	__protein2_rbs	10.1	0.0	0.0
133	__protein3_rbs	2.05	0.0	0.0
133	__ribosome	28.45	0.0	0.0
133	__rnase_site_ext	17.2	0.0	0.0
133	p0	0.8	0.0	0.0
133	p2	1.0	0.0	0.0
133	protein1	610.6	16.65	1.9426244000000004
133	protein2	591.05	17.35	1.95463165
133	protein3	92.9	3.15	1.7899999999999998
133	rnapol	0.4	0.0	0.0
134	__protein1_rbs	10.6	0.0	0.0
134	__protein2_rbs	10.95	0.0	0.0
134	__protein3_rbs	1.75	0.0	0.0
134	__ribosome	27.6	0.0	0.0
134	__rnase_site_ext	17.2	0.0	0.0
134	p0	0.9	0.0	0.0
134	p2	1.0	0.0	0.0
134	protein1	617.15	16.9	1.93667655
134	protein2	598.05	17.45	1.9565011
134	protein3	94.2	3.2	1.92083335
134	rnapol	0.65	0.0	0.0
135	__protein1_rbs	9.85	0.0	0.0
135	__protein2_rbs	11.25	0.0	0.0
135	__protein3_rbs	2.4	0.0	0.0
135	__ribosome	28.05	0.0	0.0
135	__rnase_site_ext	17.25	0.0	0.0
135	p0	0.8	0.0	0.0
135	p2	0.95	0.0	0.0
135	protein1	624.45	16.9	1.9328617999999995
135	protein2	604.9	17.45	1.9424711999999995
135	protein3	95.5	3.2	1.83500005
135	rnapol	0.65	0.0	0.0
136	__protein1_rbs	10.8	0.0	0.0
136	__protein2_rbs	10.65	0.0	0.0
136	__protein3_rbs	1.8	0.0	0.0
136	__ribosome	28.0	0.0	0.0
136	__rnase_site_ext	17.25	0.0	0.0
136	p0	0.85	0.0	0.0
136	p2	0.9	0.0	0.0
136	protein1	631.05	16.9	1.9063471000000007
136	protein2	611.95	17.25	1.9778969
136	protein3	96.75	3.15	1.9258332999999999
136	rnapol	0.8	0.0	0.0
137	__protein1_rbs	11.1	0.0	0.0
137	__protein2_rbs	10.7	0.0	0.0
137	__protein3_rbs	2.05	0.0	0.0
137	__ribosome	29.25	0.0	0.0
137	__rnase_site_ext	17.25	0.0	0.0
137	p0	0.75	0.0	0.0
137	p2	0.9	0.0	0.0
137	protein1	638.05	17.05	1.8465898000000005
137	protein2	619.65	17.3	1.9386511500000003
137	protein3	97.85	3.2	1.8975
137	rnapol	0.7	0.0	0.0
138	__protein1_rbs	10.4	0.0	0.0
138	__protein2_rbs	10.8	0.0	0.0
138	__protein3_rbs	1.95	0.0	0.0
138	__ribosome	28.7	0.0	0.0
138	__rnase_site_ext	17.3	0.0	0.0
138	p0	0.9	0.0	0.0
138	p2	0.95	0.0	0.0
138	protein1	644.7	16.9	1.88654685
138	protein2	626.85	17.3	1.9442021000000005
138	protein3	99.25	3.25	1.8550000500000003
138	rnapol	0.7	0.0	0.0
139	__protein1_rbs	11.1	0.0	0.0
139	__protein2_rbs	10.8	0.0	0.0
139	__protein3_rbs	2.0	0.0	0.0
139	__ribosome	29.2	0.0	0.0
139	__rnase_site_ext	17.4	0.0	0.0
139	p0	0.7	0.0	0.0
139	p2	0.9	0.0	0.0
139	protein1	651.3	17.1	1.8453934499999995
139	protein2	633.95	17.65	1.9127686
139	protein3	100.75	3.25	1.88833335
139	rnapol	0.55	0.0	0.0
140	__protein1_rbs	10.45	0.0	0.0
140	__protein2_rbs	10.95	0.0	0.0
140	__protein3_rbs	1.95	0.0	0.0
140	__ribosome	28.4	0.0	0.0
140	__rnase_site_ext	17.35	0.0	0.0
140	p0	0.7	0.0	0.0
140	p2	0.9	0.0	0.0
140	protein1	658.05	17.05	1.88502495
140	protein2	641.05	17.6	1.9228607
140	protein3	102.1	3.3	1.9591667
140	rnapol	0.35	0.0	0.0
141	__protein1_rbs	10.35	0.0	0.0
141	__protein2_rbs	11.4	0.0	0.0
141	__protein3_rbs	2.2	0.0	0.0
141	__ribosome	28.05	0.0	0.0
141	__rnase_site_ext	17.05	0.0	0.0
141	p0	0.95	0.0	0.0
141	p2	0.95	0.0	0.0
141	protein1	665.1	17.05	1.90503265
141	protein2	647.85	17.75	1.89802145
141	protein3	103.2	3.35	1.96083335
141	rnapol	0.35	0.0	0.0
142	__protein1_rbs	10.5	0.0	0.0
142	__protein2_rbs	11.1	0.0	0.0
142	__protein3_rbs	1.95	0.0	0.0
142	__ribosome	28.65	0.0	0.0
142	__rnase_site_ext	17.1	0.0	0.0
142	p0	0.8	0.0	0.0
142	p2	0.95	0.0	0.0
142	protein1	671.65	16.9	1.9356299000000003
142	protein2	655.25	17.65	1.87774945
142	protein3	104.65	3.35	1.86166665
142	rnapol	0.3	0.0	0.0
143	__protein1_rbs	10.55	0.0	0.0
143	__protein2_rbs	11.2	0.0	0.0
143	__protein3_rbs	2.25	0.0	0.0
143	__ribosome	28.2	0.0	0.0
143	__rnase_site_ext	16.95	0.0	0.0
143	p0	0.9	0.0	0.0
143	p2	0.95	0.0	0.0
143	protein1	677.75	16.8	1.9669898
143	protein2	662.25	17.8	1.8585761000000003
143	protein3	105.95	3.35	1.8925
143	rnapol	0.3	0.0	0.0
144	__protein1_rbs	10.0	0.0	0.0
144	__protein2_rbs	12.0	0.0	0.0
144	__protein3_rbs	2.1	0.0	0.0
144	__ribosome	29.8	0.0	0.0
144	__rnase_site_ext	16.8	0.0	0.0
144	p0	0.8	0.0	0.0
144	p2	1.0	0.0	0.0
144	protein1	685.35	16.75	1.9612129
144	protein2	669.55	18.05	1.7753079499999995
144	protein3	107.5	3.35	1.81
144	rnapol	0.5	0.0	0.0
145	__protein1_rbs	10.25	0.0	0.0
145	__protein2_rbs	11.45	0.0	0.0
145	__protein3_rbs	2.25	0.0	0.0
145	__ribosome	29.65	0.0	0.0
145	__rnase_site_ext	16.85	0.0	0.0
145	p0	0.7	0.0	0.0
145	p2	1.0	0.0	0.0
145	protein1	691.95	16.45	1.98935315
145	protein2	676.5	17.9	1.8112216999999995
145	protein3	108.9	3.4	1.75
145	rnapol	0.4	0.0	0.0
146	__protein1_rbs	11.0	0.0	0.0
146	__protein2_rbs	11.65	0.0	0.0
146	__protein3_rbs	2.2	0.0	0.0
146	__ribosome	29.3	0.0	0.0
146	__rnase_site_ext	16.85	0.0	0.0
146	p0	0.85	0.0	0.0
146	p2	0.95	0.0	0.0
146	protein1	698.9	16.55	1.9307147
146	protein2	682.75	17.95	1.85398305
146	protein3	109.95	3.4	1.8391667
146	rnapol	0.5	0.0	0.0
147	__protein1_rbs	10.55	0.0	0.0
147	__protein2_rbs	11.85	0.0	0.0
147	__protein3_rbs	2.05	0.0	0.0
147	__ribosome	30.15	0.0	0.0
147	__rnase_site_ext	16.75	0.0	0.0
147	p0	0.9	0.0	0.0
147	p2	0.85	0.0	0.0
147	protein1	706.0	16.6	1.9106335
147	protein2	690.4	18.25	1.7900784
147	protein3	111.5	3.3	1.85499995
147	rnapol	0.45	0.0	0.0
148	__protein1_rbs	10.5	0.0	0.0
148	__protein2_rbs	11.75	0.0	0.0
148	__protein3_rbs	2.1	0.0	0.0
148	__ribosome	29.4	0.0	0.0
148	__rnase_site_ext	16.7	0.0	0.0
148	p0	0.85	0.0	0.0
148	p2	0.9	0.0	0.0
148	protein1	713.0	16.45	1.92318125
148	protein2	696.95	18.6	1.7918875500000002
148	protein3	112.65	3.35	1.93083325
148	rnapol	0.6	0.0	0.0
149	__protein1_rbs	10.65	0.0	0.0
149	__protein2_rbs	11.35	0.0	0.0
149	__protein3_rbs	1.95	0.0	0.0
149	__ribosome	29.25	0.0	0.0
149	__rnase_site_ext	16.9	0.0	0.0
149	p0	0.7	0.0	0.0
149	p2	0.95	0.0	0.0
149	protein1	720.1	16.4	1.8617273000000003
149	protein2	703.95	18.65	1.83481505
149	protein3	113.75	3.45	1.9608333
149	rnapol	0.45	0.0	0.0
150	__protein1_rbs	10.0	0.0	0.0
150	__protein2_rbs	12.3	0.0	0.0
150	__protein3_rbs	2.05	0.0	0.0
150	__ribosome	29.25	0.0	0.0
150	__rnase_site_ext	16.9	0.0	0.0
150	p0	0.85	0.0	0.0
150	p2	0.95	0.0	0.0
150	protein1	726.25	16.55	1.902262
150	protein2	711.95	18.65	1.7780545000000008
150	protein3	115.25	3.5	1.8700000000000003
150	rnapol	0.45	0.0	0.0
151	__protein1_rbs	10.7	0.0	0.0
151	__protein2_rbs	11.85	0.0	0.0
151	__protein3_rbs	2.55	0.0	0.0
151	__ribosome	29.35	0.0	0.0
151	__rnase_site_ext	17.05	0.0	0.0
151	p0	0.8	0.0	0.0
151	p2	0.9	0.0	0.0
151	protein1	733.15	16.65	1.8594364500000005
151	protein2	718.75	18.55	1.8144046000000005
151	protein3	116.45	3.55	1.6966666499999998
151	rnapol	0.55	0.0	0.0
152	__protein1_rbs	10.5	0.0	0.0
152	__protein2_rbs	12.15	0.0	0.0
152	__protein3_rbs	2.0	0.0	0.0
152	__ribosome	28.85	0.0	0.0
152	__rnase_site_ext	17.15	0.0	0.0
152	p0	0.95	0.0	0.0
152	p2	0.9	0.0	0.0
152	protein1	739.75	16.7	1.8800396499999996
152	protein2	725.8	18.7	1.7888203
152	protein3	117.8	3.55	1.9000000000000004
152	rnapol	0.55	0.0	0.0
153	__protein1_rbs	9.75	0.0	0.0
153	__protein2_rbs	12.7	0.0	0.0
153	__protein3_rbs	2.25	0.0	0.0
153	__ribosome	27.95	0.0	0.0
153	__rnase_site_ext	17.25	0.0	0.0
153	p0	0.9	0.0	0.0
153	p2	0.85	0.0	0.0
153	protein1	746.0	16.85	1.93740835
153	protein2	732.75	18.75	1.7716748499999997
153	protein3	119.25	3.6	1.8891666500000004
153	rnapol	0.65	0.0	0.0
154	__protein1_rbs	10.65	0.0	0.0
154	__protein2_rbs	11.9	0.0	0.0
154	__protein3_rbs	2.2	0.0	0.0
154	__ribosome	27.45	0.0	0.0
154	__rnase_site_ext	17.4	0.0	0.0
154	p0	0.75	0.0	0.0
154	p2	0.85	0.0	0.0
154	protein1	752.6	16.95	1.93680735
154	protein2	740.1	18.75	1.78107935
154	protein3	120.65	3.55	1.9283333500000004
154	rnapol	0.55	0.0	0.0
155	__protein1_rbs	10.7	0.0	0.0
155	__protein2_rbs	12.25	0.0	0.0
155	__protein3_rbs	2.15	0.0	0.0
155	__ribosome	27.85	0.0	0.0
155	__rnase_site_ext	17.5	0.0	0.0
155	p0	0.7	0.0	0.0
155	p2	0.8	0.0	0.0
155	protein1	760.0	17.1	1.9135034
155	protein2	747.6	18.8	1.7697092
155	protein3	122.2	3.7	1.94166665
155	rnapol	0.4	0.0	0.0
156	__protein1_rbs	11.5	0.0	0.0
156	__protein2_rbs	11.4	0.0	0.0
156	__protein3_rbs	2.7	0.0	0.0
156	__ribosome	27.8	0.0	0.0
156	__rnase_site_ext	17.5	0.0	0.0
156	p0	0.75	0.0	0.0
156	p2	0.8	0.0	0.0
156	protein1	766.7	17.15	1.8608906000000003
156	protein2	754.55	18.4	1.8602839
156	protein3	123.5	3.75	1.9783333000000003
156	rnapol	0.3	0.0	0.0
157	__protein1_rbs	11.6	0.0	0.0
157	__protein2_rbs	12.6	0.0	0.0
157	__protein3_rbs	2.3	0.0	0.0
157	__ribosome	29.75	0.0	0.0
157	__rnase_site_ext	17.55	0.0	0.0
157	p0	0.75	0.0	0.0
157	p2	1.0	0.0	0.0
157	protein1	774.25	17.2	1.7682094000000004
157	protein2	762.2	18.4	1.8230165
157	protein3	125.0	3.85	1.9752381
157	rnapol	0.4	0.0	0.0
158	__protein1_rbs	10.6	0.0	0.0
158	__protein2_rbs	11.4	0.0	0.0
158	__protein3_rbs	2.45	0.0	0.0
158	__ribosome	28.25	0.0	0.0
158	__rnase_site_ext	17.65	0.0	0.0
158	p0	0.85	0.0	0.0
158	p2	1.0	0.0	0.0
158	protein1	780.8	17.2	1.8093218000000004
158	protein2	768.9	18.05	1.9124855
158	protein3	126.6	3.9	1.9360713999999999
158	rnapol	0.45	0.0	0.0
159	__protein1_rbs	11.15	0.0	0.0
159	__protein2_rbs	12.1	0.0	0.0
159	__protein3_rbs	2.65	0.0	0.0
159	__ribosome	29.25	0.0	0.0
159	__rnase_site_ext	17.7	0.0	0.0
159	p0	0.8	0.0	0.0
159	p2	1.0	0.0	0.0
159	protein1	787.95	17.35	1.7884834499999998
159	protein2	776.35	17.9	1.8742396
159	protein3	128.05	3.85	1.9220238000000005
159	rnapol	0.5	0.0	0.0
160	__protein1_rbs	10.85	0.0	0.0
160	__protein2_rbs	11.35	0.0	0.0
160	__protein3_rbs	2.2	0.0	0.0
160	__ribosome	28.5	0.0	0.0
160	__rnase_site_ext	17.85	0.0	0.0
160	p0	0.75	0.0	0.0
160	p2	0.95	0.0	0.0
160	protein1	794.65	17.4	1.80635115
160	protein2	783.45	18.05	1.8592167000000004
160	protein3	129.4	3.85	1.9766666500000003
160	rnapol	0.4	0.0	0.0
161	__protein1_rbs	11.0	0.0	0.0
161	__protein2_rbs	11.25	0.0	0.0
161	__protein3_rbs	2.35	0.0	0.0
161	__ribosome	27.9	0.0	0.0
161	__rnase_site_ext	18.0	0.0	0.0
161	p0	0.9	0.0	0.0
161	p2	0.9	0.0	0.0
161	protein1	800.7	17.55	1.8835775000000001
161	protein2	791.35	17.8	1.8481048
161	protein3	131.15	3.85	1.89714285
161	rnapol	0.5	0.0	0.0
162	__protein1_rbs	11.85	0.0	0.0
162	__protein2_rbs	10.95	0.0	0.0
162	__protein3_rbs	2.65	0.0	0.0
162	__ribosome	28.35	0.0	0.0
162	__rnase_site_ext	17.9	0.0	0.0
162	p0	0.75	0.0	0.0
162	p2	0.95	0.0	0.0
162	protein1	807.65	17.75	1.81903945
162	protein2	798.75	17.9	1.85080745
162	protein3	132.65	3.85	1.8744047500000005
162	rnapol	0.45	0.0	0.0
163	__protein1_rbs	11.3	0.0	0.0
163	__protein2_rbs	10.85	0.0	0.0
163	__protein3_rbs	2.15	0.0	0.0
163	__ribosome	26.5	0.0	0.0
163	__rnase_site_ext	18.05	0.0	0.0
163	p0	0.8	0.0	0.0
163	p2	0.9	0.0	0.0
163	protein1	814.15	17.7	1.8662106500000004
163	protein2	805.45	18.0	1.9008727500000009
163	protein3	134.2	3.9	1.92130955
163	rnapol	0.45	0.0	0.0
164	__protein1_rbs	12.5	0.0	0.0
164	__protein2_rbs	12.0	0.0	0.0
164	__protein3_rbs	2.45	0.0	0.0
164	__ribosome	29.0	0.0	0.0
164	__rnase_site_ext	17.95	0.0	0.0
164	p0	0.85	0.0	0.0
164	p2	0.85	0.0	0.0
164	protein1	822.15	17.75	1.7288016
164	protein2	812.7	18.15	1.85570425
164	protein3	135.5	3.9	1.95011905
164	rnapol	0.6	0.0	0.0
165	__protein1_rbs	10.75	0.0	0.0
165	__protein2_rbs	12.0	0.0	0.0
165	__protein3_rbs	2.4	0.0	0.0
165	__ribosome	28.7	0.0	0.0
165	__rnase_site_ext	18.05	0.0	0.0
165	p0	0.8	0.0	0.0
165	p2	0.85	0.0	0.0
165	protein1	828.8	17.6	1.80561525
165	protein2	820.1	18.3	1.7970475499999998
165	protein3	137.4	3.95	1.805
165	rnapol	0.3	0.0	0.0
166	__protein1_rbs	10.4	0.0	0.0
166	__protein2_rbs	11.45	0.0	0.0
166	__protein3_rbs	2.4	0.0	0.0
166	__ribosome	27.15	0.0	0.0
166	__rnase_site_ext	18.0	0.0	0.0
166	p0	0.85	0.0	0.0
166	p2	0.95	0.0	0.0
166	protein1	835.9	17.75	1.8381063500000003
166	protein2	826.9	18.45	1.83603685
166	protein3	138.9	3.95	1.8215476500000003
166	rnapol	0.4	0.0	0.0
167	__protein1_rbs	11.5	0.0	0.0
167	__protein2_rbs	11.65	0.0	0.0
167	__protein3_rbs	2.7	0.0	0.0
167	__ribosome	27.3	0.0	0.0
167	__rnase_site_ext	17.9	0.0	0.0
167	p0	0.9	0.0	0.0
167	p2	1.0	0.0	0.0
167	protein1	842.7	17.7	1.8340192
167	protein2	835.05	18.5	1.82702875
167	protein3	140.35	4.05	1.7891666500000003
167	rnapol	0.55	0.0	0.0
168	__protein1_rbs	11.15	0.0	0.0
168	__protein2_rbs	12.15	0.0	0.0
168	__protein3_rbs	2.65	0.0	0.0
168	__ribosome	26.65	0.0	0.0
168	__rnase_site_ext	18.0	0.0	0.0
168	p0	0.9	0.0	0.0
168	p2	0.95	0.0	0.0
168	protein1	849.65	17.7	1.8368773499999995
168	protein2	842.1	18.8	1.8091395000000001
168	protein3	141.75	4.1	1.8751191
168	rnapol	0.55	0.0	0.0
169	__protein1_rbs	11.7	0.0	0.0
169	__protein2_rbs	12.5	0.0	0.0
169	__protein3_rbs	2.55	0.0	0.0
169	__ribosome	26.65	0.0	0.0
169	__rnase_site_ext	18.0	0.0	0.0
169	p0	0.8	0.0	0.0
169	p2	0.9	0.0	0.0
169	protein1	856.0	17.85	1.8440216000000005
169	protein2	849.4	18.65	1.8020398
169	protein3	143.6	4.1	1.85380955
169	rnapol	0.45	0.0	0.0
170	__protein1_rbs	11.35	0.0	0.0
170	__protein2_rbs	12.05	0.0	0.0
170	__protein3_rbs	2.5	0.0	0.0
170	__ribosome	26.0	0.0	0.0
170	__rnase_site_ext	18.2	0.0	0.0
170	p0	0.75	0.0	0.0
170	p2	0.8	0.0	0.0
170	protein1	863.15	17.8	1.8396945
170	protein2	856.2	18.85	1.8106765999999996
170	protein3	145.2	4.15	1.9326190999999997
170	rnapol	0.35	0.0	0.0
171	__protein1_rbs	11.05	0.0	0.0
171	__protein2_rbs	12.45	0.0	0.0
171	__protein3_rbs	2.7	0.0	0.0
171	__ribosome	25.95	0.0	0.0
171	__rnase_site_ext	18.25	0.0	0.0
171	p0	0.75	0.0	0.0
171	p2	0.85	0.0	0.0
171	protein1	870.4	17.85	1.86059065
171	protein2	863.85	18.85	1.7840463999999998
171	protein3	146.75	4.15	1.9324999000000005
171	rnapol	0.4	0.0	0.0
172	__protein1_rbs	10.55	0.0	0.0
172	__protein2_rbs	12.05	0.0	0.0
172	__protein3_rbs	2.75	0.0	0.0
172	__ribosome	26.85	0.0	0.0
172	__rnase_site_ext	18.25	0.0	0.0
172	p0	0.9	0.0	0.0
172	p2	0.95	0.0	0.0
172	protein1	877.9	17.7	1.8911089000000003
172	protein2	872.15	19.0	1.73793555
172	protein3	148.55	4.15	1.89607145
172	rnapol	0.55	0.0	0.0
173	__protein1_rbs	10.7	0.0	0.0
173	__protein2_rbs	12.5	0.0	0.0
173	__protein3_rbs	2.6	0.0	0.0
173	__ribosome	26.6	0.0	0.0
173	__rnase_site_ext	18.5	0.0	0.0
173	p0	0.85	0.0	0.0
173	p2	0.95	0.0	0.0
173	protein1	885.55	17.95	1.87463235
173	protein2	879.0	19.0	1.7388827
173	protein3	150.4	4.25	1.8582143
173	rnapol	0.5	0.0	0.0
174	__protein1_rbs	11.45	0.0	0.0
174	__protein2_rbs	12.2	0.0	0.0
174	__protein3_rbs	3.3	0.0	0.0
174	__ribosome	25.8	0.0	0.0
174	__rnase_site_ext	18.7	0.0	0.0
174	p0	0.75	0.0	0.0
174	p2	0.9	0.0	0.0
174	protein1	892.6	18.05	1.8895606
174	protein2	886.3	19.05	1.7729257499999995
174	protein3	151.85	4.25	1.6788095000000005
174	rnapol	0.3	0.0	0.0
175	__protein1_rbs	11.7	0.0	0.0
175	__protein2_rbs	13.0	0.0	0.0
175	__protein3_rbs	2.35	0.0	0.0
175	__ribosome	26.15	0.0	0.0
175	__rnase_site_ext	18.65	0.0	0.0
175	p0	0.85	0.0	0.0
175	p2	1.0	0.0	0.0
175	protein1	899.75	18.3	1.8626115000000003
175	protein2	893.35	19.1	1.7476720999999995
175	protein3	153.75	4.35	1.7542857
175	rnapol	0.3	0.0	0.0
176	__protein1_rbs	12.45	0.0	0.0
176	__protein2_rbs	11.85	0.0	0.0
176	__protein3_rbs	2.7	0.0	0.0
176	__ribosome	26.2	0.0	0.0
176	__rnase_site_ext	18.75	0.0	0.0
176	p0	0.95	0.0	0.0
176	p2	0.95	0.0	0.0
176	protein1	907.5	18.35	1.7943825500000004
176	protein2	900.6	19.35	1.7517107000000005
176	protein3	155.15	4.35	1.84833335
176	rnapol	0.4	0.0	0.0
177	__protein1_rbs	11.7	0.0	0.0
177	__protein2_rbs	12.45	0.0	0.0
177	__protein3_rbs	2.85	0.0	0.0
177	__ribosome	26.35	0.0	0.0
177	__rnase_site_ext	18.5	0.0	0.0
177	p0	0.7	0.0	0.0
177	p2	0.95	0.0	0.0
177	protein1	915.2	18.4	1.7955222000000002
177	protein2	907.95	19.25	1.7712911499999997
177	protein3	156.95	4.3	1.7795239000000005
177	rnapol	0.55	0.0	0.0
178	__protein1_rbs	11.25	0.0	0.0
178	__protein2_rbs	12.85	0.0	0.0
178	__protein3_rbs	2.85	0.0	0.0
178	__ribosome	27.45	0.0	0.0
178	__rnase_site_ext	18.75	0.0	0.0
178	p0	0.8	0.0	0.0
178	p2	1.0	0.0	0.0
178	protein1	922.6	18.15	1.8011741499999996
178	protein2	916.4	19.2	1.71268885
178	protein3	158.4	4.35	1.8114286
178	rnapol	0.5	0.0	0.0
179	__protein1_rbs	12.6	0.0	0.0
179	__protein2_rbs	12.8	0.0	0.0
179	__protein3_rbs	2.8	0.0	0.0
179	__ribosome	27.8	0.0	0.0
179	__rnase_site_ext	18.9	0.0	0.0
179	p0	0.95	0.0	0.0
179	p2	1.0	0.0	0.0
179	protein1	929.6	18.45	1.73508855
179	protein2	923.05	19.35	1.7404707
179	protein3	160.55	4.35	1.66416665
179	rnapol	0.45	0.0	0.0
180	__protein1_rbs	11.8	0.0	0.0
180	__protein2_rbs	12.35	0.0	0.0
180	__protein3_rbs	3.45	0.0	0.0
180	__ribosome	26.45	0.0	0.0
180	__rnase_site_ext	18.9	0.0	0.0
180	p0	0.75	0.0	0.0
180	p2	0.95	0.0	0.0
180	protein1	936.5	18.55	1.7683335499999997
180	protein2	930.45	19.35	1.7752911
180	protein3	162.0	4.35	1.6108928999999998
180	rnapol	0.45	0.0	0.0
181	__protein1_rbs	11.2	0.0	0.0
181	__protein2_rbs	12.25	0.0	0.0
181	__protein3_rbs	2.45	0.0	0.0
181	__ribosome	26.45	0.0	0.0
181	__rnase_site_ext	19.0	0.0	0.0
181	p0	0.7	0.0	0.0
181	p2	0.85	0.0	0.0
181	protein1	944.55	18.5	1.7656607999999998
181	protein2	938.45	19.4	1.76536635
181	protein3	163.7	4.35	1.6781548000000004
181	rnapol	0.4	0.0	0.0
182	__protein1_rbs	12.1	0.0	0.0
182	__protein2_rbs	12.65	0.0	0.0
182	__protein3_rbs	3.05	0.0	0.0
182	__ribosome	25.9	0.0	0.0
182	__rnase_site_ext	18.95	0.0	0.0
182	p0	0.8	0.0	0.0
182	p2	0.85	0.0	0.0
182	protein1	951.35	18.6	1.7703939999999998
182	protein2	945.85	19.65	1.7717958999999999
182	protein3	165.35	4.3	1.64124995
182	rnapol	0.45	0.0	0.0
183	__protein1_rbs	12.65	0.0	0.0
183	__protein2_rbs	12.45	0.0	0.0
183	__protein3_rbs	2.65	0.0	0.0
183	__ribosome	24.8	0.0	0.0
183	__rnase_site_ext	19.1	0.0	0.0
183	p0	0.75	0.0	0.0
183	p2	1.0	0.0	0.0
183	protein1	958.15	18.75	1.7617208000000002
183	protein2	953.55	19.75	1.7776389499999996
183	protein3	166.7	4.3	1.7520833500000002
183	rnapol	0.3	0.0	0.0
184	__protein1_rbs	12.6	0.0	0.0
184	__protein2_rbs	12.15	0.0	0.0
184	__protein3_rbs	3.1	0.0	0.0
184	__ribosome	24.6	0.0	0.0
184	__rnase_site_ext	19.3	0.0	0.0
184	p0	0.7	0.0	0.0
184	p2	0.9	0.0	0.0
184	protein1	965.15	18.8	1.7531671000000002
184	protein2	961.25	19.7	1.8126129
184	protein3	168.4	4.4	1.6629166500000003
184	rnapol	0.3	0.0	0.0
185	__protein1_rbs	11.9	0.0	0.0
185	__protein2_rbs	13.3	0.0	0.0
185	__protein3_rbs	2.6	0.0	0.0
185	__ribosome	25.15	0.0	0.0
185	__rnase_site_ext	19.45	0.0	0.0
185	p0	0.85	0.0	0.0
185	p2	0.9	0.0	0.0
185	protein1	973.2	18.95	1.7408823499999997
185	protein2	968.5	19.65	1.7943601000000002
185	protein3	170.2	4.35	1.6783333500000002
185	rnapol	0.25	0.0	0.0
186	__protein1_rbs	12.5	0.0	0.0
186	__protein2_rbs	13.7	0.0	0.0
186	__protein3_rbs	3.1	0.0	0.0
186	__ribosome	26.35	0.0	0.0
186	__rnase_site_ext	19.55	0.0	0.0
186	p0	0.85	0.0	0.0
186	p2	0.95	0.0	0.0
186	protein1	981.05	19.05	1.7205380499999996
186	protein2	977.0	19.85	1.7316409999999998
186	protein3	171.8	4.45	1.62125
186	rnapol	0.3	0.0	0.0
187	__protein1_rbs	12.25	0.0	0.0
187	__protein2_rbs	13.3	0.0	0.0
187	__protein3_rbs	2.55	0.0	0.0
187	__ribosome	25.95	0.0	0.0
187	__rnase_site_ext	19.3	0.0	0.0
187	p0	1.0	0.0	0.0
187	p2	0.8	0.0	0.0
187	protein1	988.15	19.2	1.7311594499999998
187	protein2	985.0	20.0	1.7000922999999997
187	protein3	173.45	4.5	1.7083333500000002
187	rnapol	0.5	0.0	0.0
188	__protein1_rbs	12.75	0.0	0.0
188	__protein2_rbs	13.0	0.0	0.0
188	__protein3_rbs	3.25	0.0	0.0
188	__ribosome	26.0	0.0	0.0
188	__rnase_site_ext	19.15	0.0	0.0
188	p0	0.8	0.0	0.0
188	p2	0.9	0.0	0.0
188	protein1	995.35	18.9	1.76434155
188	protein2	992.8	19.95	1.7060037499999996
188	protein3	175.15	4.55	1.6545832999999999
188	rnapol	0.55	0.0	0.0
189	__protein1_rbs	12.7	0.0	0.0
189	__protein2_rbs	13.7	0.0	0.0
189	__protein3_rbs	3.1	0.0	0.0
189	__ribosome	26.25	0.0	0.0
189	__rnase_site_ext	19.3	0.0	0.0
189	p0	0.75	0.0	0.0
189	p2	0.95	0.0	0.0
189	protein1	1002.7	18.75	1.7724113499999998
189	protein2	1000.55	20.05	1.6707331999999997
189	protein3	176.6	4.7	1.6859721999999997
189	rnapol	0.5	0.0	0.0
190	__protein1_rbs	12.45	0.0	0.0
190	__protein2_rbs	13.05	0.0	0.0
190	__protein3_rbs	3.15	0.0	0.0
190	__ribosome	26.05	0.0	0.0
190	__rnase_site_ext	19.65	0.0	0.0
190	p0	0.65	0.0	0.0
190	p2	0.95	0.0	0.0
190	protein1	1010.4	18.85	1.7267321
190	protein2	1008.05	20.0	1.7057436999999998
190	protein3	177.9	4.75	1.7574999499999997
190	rnapol	0.5	0.0	0.0
191	__protein1_rbs	12.65	0.0	0.0
191	__protein2_rbs	13.25	0.0	0.0
191	__protein3_rbs	3.2	0.0	0.0
191	__ribosome	25.85	0.0	0.0
191	__rnase_site_ext	19.55	0.0	0.0
191	p0	0.75	0.0	0.0
191	p2	0.9	0.0	0.0
191	protein1	1017.65	19.15	1.6998285999999996
191	protein2	1015.45	19.9	1.73601645
191	protein3	180.05	4.75	1.6945833499999998
191	rnapol	0.3	0.0	0.0
192	__protein1_rbs	13.15	0.0	0.0
192	__protein2_rbs	13.05	0.0	0.0
192	__protein3_rbs	2.8	0.0	0.0
192	__ribosome	25.2	0.0	0.0
192	__rnase_site_ext	19.65	0.0	0.0
192	p0	0.85	0.0	0.0
192	p2	0.9	0.0	0.0
192	protein1	1025.05	19.15	1.70919655
192	protein2	1023.25	19.9	1.75799445
192	protein3	181.85	4.85	1.6903373
192	rnapol	0.25	0.0	0.0
193	__protein1_rbs	12.85	0.0	0.0
193	__protein2_rbs	12.65	0.0	0.0
193	__protein3_rbs	2.85	0.0	0.0
193	__ribosome	25.3	0.0	0.0
193	__rnase_site_ext	19.8	0.0	0.0
193	p0	0.85	0.0	0.0
193	p2	0.95	0.0	0.0
193	protein1	1033.2	19.2	1.63678315
193	protein2	1031.25	20.1	1.7657324
193	protein3	183.35	4.85	1.82176595
193	rnapol	0.35	0.0	0.0
194	__protein1_rbs	12.05	0.0	0.0
194	__protein2_rbs	13.3	0.0	0.0
194	__protein3_rbs	3.5	0.0	0.0
194	__ribosome	24.85	0.0	0.0
194	__rnase_site_ext	19.65	0.0	0.0
194	p0	0.85	0.0	0.0
194	p2	0.95	0.0	0.0
194	protein1	1040.1	19.35	1.6901142
194	protein2	1039.1	20.0	1.75444055
194	protein3	185.2	4.7	1.7361309500000002
194	rnapol	0.45	0.0	0.0
195	__protein1_rbs	12.75	0.0	0.0
195	__protein2_rbs	13.0	0.0	0.0
195	__protein3_rbs	3.4	0.0	0.0
195	__ribosome	24.6	0.0	0.0
195	__rnase_site_ext	19.8	0.0	0.0
195	p0	0.75	0.0	0.0
195	p2	0.95	0.0	0.0
195	protein1	1047.05	19.2	1.7225623999999995
195	protein2	1046.75	19.95	1.7537351499999996
195	protein3	186.85	4.75	1.6853571500000002
195	rnapol	0.5	0.0	0.0
196	__protein1_rbs	13.35	0.0	0.0
196	__protein2_rbs	12.8	0.0	0.0
196	__protein3_rbs	3.1	0.0	0.0
196	__ribosome	24.9	0.0	0.0
196	__rnase_site_ext	19.8	0.0	0.0
196	p0	0.75	0.0	0.0
196	p2	0.95	0.0	0.0
196	protein1	1054.45	19.3	1.6884030000000003
196	protein2	1054.35	20.0	1.7586394500000004
196	protein3	188.75	4.8	1.6447619000000002
196	rnapol	0.35	0.0	0.0
197	__protein1_rbs	12.25	0.0	0.0
197	__protein2_rbs	12.75	0.0	0.0
197	__protein3_rbs	3.3	0.0	0.0
197	__ribosome	25.1	0.0	0.0
197	__rnase_site_ext	19.75	0.0	0.0
197	p0	0.9	0.0	0.0
197	p2	0.9	0.0	0.0
197	protein1	1061.55	19.25	1.7189802500000002
197	protein2	1062.8	20.25	1.7289781999999998
197	protein3	190.85	4.85	1.5280356999999998
197	rnapol	0.6	0.0	0.0
198	__protein1_rbs	12.9	0.0	0.0
198	__protein2_rbs	13.15	0.0	0.0
198	__protein3_rbs	3.45	0.0	0.0
198	__ribosome	24.55	0.0	0.0
198	__rnase_site_ext	19.95	0.0	0.0
198	p0	0.9	0.0	0.0
198	p2	0.85	0.0	0.0
198	protein1	1068.85	19.25	1.7269577999999997
198	protein2	1070.8	20.65	1.72298865
198	protein3	192.95	4.9	1.44178565
198	rnapol	0.6	0.0	0.0
199	__protein1_rbs	13.1	0.0	0.0
199	__protein2_rbs	14.15	0.0	0.0
199	__protein3_rbs	3.3	0.0	0.0
199	__ribosome	24.55	0.0	0.0
199	__rnase_site_ext	20.1	0.0	0.0
199	p0	0.85	0.0	0.0
199	p2	0.9	0.0	0.0
199	protein1	1076.55	19.5	1.67670935
199	protein2	1078.5	20.75	1.7100457999999998
199	protein3	194.3	5.0	1.5670238
199	rnapol	0.35	0.0	0.0
200	__protein1_rbs	12.95	0.0	0.0
200	__protein2_rbs	13.55	0.0	0.0
200	__protein3_rbs	3.2	0.0	0.0
200	__ribosome	24.15	0.0	0.0
200	__rnase_site_ext	20.25	0.0	0.0
200	p0	0.8	0.0	0.0
200	p2	0.95	0.0	0.0
200	protein1	1084.3	19.5	1.64671585
200	protein2	1085.85	20.8	1.7426511999999998
200	protein3	196.0	5.0	1.6017857
200	rnapol	0.3	0.0	0.0
201	__protein1_rbs	12.85	0.0	0.0
201	__protein2_rbs	13.95	0.0	0.0
201	__protein3_rbs	3.55	0.0	0.0
201	__ribosome	24.6	0.0	0.0
201	__rnase_site_ext	20.2	0.0	0.0
201	p0	0.8	0.0	0.0
201	p2	1.0	0.0	0.0
201	protein1	1091.8	19.65	1.6421733
201	protein2	1094.1	20.65	1.7511525000000001
201	protein3	198.1	5.05	1.53916665
201	rnapol	0.3	0.0	0.0
202	__protein1_rbs	12.15	0.0	0.0
202	__protein2_rbs	13.6	0.0	0.0
202	__protein3_rbs	3.35	0.0	0.0
202	__ribosome	23.05	0.0	0.0
202	__rnase_site_ext	20.15	0.0	0.0
202	p0	0.9	0.0	0.0
202	p2	0.95	0.0	0.0
202	protein1	1098.75	19.6	1.7074754000000003
202	protein2	1102.35	20.6	1.73905135
202	protein3	199.85	5.1	1.6191666999999998
202	rnapol	0.45	0.0	0.0
203	__protein1_rbs	12.65	0.0	0.0
203	__protein2_rbs	13.35	0.0	0.0
203	__protein3_rbs	3.65	0.0	0.0
203	__ribosome	24.05	0.0	0.0
203	__rnase_site_ext	20.05	0.0	0.0
203	p0	0.65	0.0	0.0
203	p2	0.95	0.0	0.0
203	protein1	1106.5	19.45	1.7007437999999997
203	protein2	1110.85	20.5	1.7232450000000001
203	protein3	201.5	5.05	1.5958333
203	rnapol	0.45	0.0	0.0
204	__protein1_rbs	13.1	0.0	0.0
204	__protein2_rbs	13.35	0.0	0.0
204	__protein3_rbs	3.35	0.0	0.0
204	__ribosome	23.95	0.0	0.0
204	__rnase_site_ext	20.35	0.0	0.0
204	p0	0.6	0.0	0.0
204	p2	0.85	0.0	0.0
204	protein1	1113.2	19.4	1.7299576
204	protein2	1118.9	20.65	1.7057037999999998
204	protein3	203.45	5.05	1.5791667
204	rnapol	0.35	0.0	0.0
205	__protein1_rbs	13.1	0.0	0.0
205	__protein2_rbs	13.25	0.0	0.0
205	__protein3_rbs	3.4	0.0	0.0
205	__ribosome	24.65	0.0	0.0
205	__rnase_site_ext	20.15	0.0	0.0
205	p0	0.8	0.0	0.0
205	p2	0.9	0.0	0.0
205	protein1	1121.3	19.65	1.6310298499999998
205	protein2	1127.1	20.8	1.6986123999999996
205	protein3	205.1	4.95	1.7224999999999997
205	rnapol	0.5	0.0	0.0
206	__protein1_rbs	12.6	0.0	0.0
206	__protein2_rbs	13.85	0.0	0.0
206	__protein3_rbs	3.3	0.0	0.0
206	__ribosome	24.65	0.0	0.0
206	__rnase_site_ext	20.35	0.0	0.0
206	p0	0.75	0.0	0.0
206	p2	0.95	0.0	0.0
206	protein1	1128.7	19.6	1.6638528499999996
206	protein2	1135.1	20.85	1.6803824499999995
206	protein3	207.3	5.0	1.6474404500000002
206	rnapol	0.4	0.0	0.0
207	__protein1_rbs	13.45	0.0	0.0
207	__protein2_rbs	13.2	0.0	0.0
207	__protein3_rbs	3.55	0.0	0.0
207	__ribosome	25.5	0.0	0.0
207	__rnase_site_ext	20.35	0.0	0.0
207	p0	0.85	0.0	0.0
207	p2	1.0	0.0	0.0
207	protein1	1136.5	19.8	1.60468945
207	protein2	1143.6	20.95	1.6919852000000002
207	protein3	209.45	5.0	1.5837499999999998
207	rnapol	0.35	0.0	0.0
208	__protein1_rbs	13.0	0.0	0.0
208	__protein2_rbs	13.55	0.0	0.0
208	__protein3_rbs	3.4	0.0	0.0
208	__ribosome	23.5	0.0	0.0
208	__rnase_site_ext	20.35	0.0	0.0
208	p0	0.75	0.0	0.0
208	p2	1.0	0.0	0.0
208	protein1	1143.5	19.65	1.66632115
208	protein2	1150.35	20.9	1.75824055
208	protein3	211.3	5.0	1.5794048
208	rnapol	0.45	0.0	0.0
209	__protein1_rbs	13.0	0.0	0.0
209	__protein2_rbs	13.65	0.0	0.0
209	__protein3_rbs	3.45	0.0	0.0
209	__ribosome	24.0	0.0	0.0
209	__rnase_site_ext	20.4	0.0	0.0
209	p0	0.75	0.0	0.0
209	p2	1.0	0.0	0.0
209	protein1	1150.35	19.75	1.6893631999999998
209	protein2	1159.2	20.8	1.7196770000000003
209	protein3	213.1	4.9	1.5495238000000002
209	rnapol	0.55	0.0	0.0
210	__protein1_rbs	13.2	0.0	0.0
210	__protein2_rbs	13.1	0.0	0.0
210	__protein3_rbs	3.0	0.0	0.0
210	__ribosome	22.95	0.0	0.0
210	__rnase_site_ext	20.4	0.0	0.0
210	p0	0.85	0.0	0.0
210	p2	1.0	0.0	0.0
210	protein1	1158.2	19.85	1.6694872999999997
210	protein2	1166.6	20.8	1.7602717
210	protein3	214.7	4.85	1.6487500000000004
210	rnapol	0.45	0.0	0.0
211	__protein1_rbs	14.3	0.0	0.0
211	__protein2_rbs	14.0	0.0	0.0
211	__protein3_rbs	3.1	0.0	0.0
211	__ribosome	25.8	0.0	0.0
211	__rnase_site_ext	20.3	0.0	0.0
211	p0	0.9	0.0	0.0
211	p2	1.0	0.0	0.0
211	protein1	1166.1	19.9	1.5986043999999997
211	protein2	1175.4	20.75	1.7050499000000006
211	protein3	216.9	4.85	1.60750005
211	rnapol	0.75	0.0	0.0
212	__protein1_rbs	13.15	0.0	0.0
212	__protein2_rbs	13.2	0.0	0.0
212	__protein3_rbs	2.85	0.0	0.0
212	__ribosome	23.95	0.0	0.0
212	__rnase_site_ext	20.45	0.0	0.0
212	p0	0.75	0.0	0.0
212	p2	0.95	0.0	0.0
212	protein1	1173.55	19.75	1.65129165
212	protein2	1183.65	21.0	1.7049655
212	protein3	218.5	4.8	1.7546429000000001
212	rnapol	0.75	0.0	0.0
213	__protein1_rbs	13.35	0.0	0.0
213	__protein2_rbs	13.7	0.0	0.0
213	__protein3_rbs	3.5	0.0	0.0
213	__ribosome	24.2	0.0	0.0
213	__rnase_site_ext	20.65	0.0	0.0
213	p0	0.85	0.0	0.0
213	p2	1.0	0.0	0.0
213	protein1	1181.0	19.85	1.6332659999999999
213	protein2	1192.05	21.05	1.7143877999999997
213	protein3	220.0	4.8	1.7950595
213	rnapol	0.7	0.0	0.0
214	__protein1_rbs	14.25	0.0	0.0
214	__protein2_rbs	13.55	0.0	0.0
214	__protein3_rbs	2.7	0.0	0.0
214	__ribosome	23.5	0.0	0.0
214	__rnase_site_ext	20.6	0.0	0.0
214	p0	0.7	0.0	0.0
214	p2	0.95	0.0	0.0
214	protein1	1188.35	20.1	1.5785022999999998
214	protein2	1199.85	21.1	1.7525118000000002
214	protein3	222.1	4.85	1.84281735
214	rnapol	0.45	0.0	0.0
215	__protein1_rbs	13.6	0.0	0.0
215	__protein2_rbs	14.7	0.0	0.0
215	__protein3_rbs	3.2	0.0	0.0
215	__ribosome	23.45	0.0	0.0
215	__rnase_site_ext	20.6	0.0	0.0
215	p0	0.85	0.0	0.0
215	p2	1.0	0.0	0.0
215	protein1	1195.3	20.0	1.6151467000000004
215	protein2	1207.55	21.2	1.71868825
215	protein3	223.9	4.8	1.83672615
215	rnapol	0.3	0.0	0.0
216	__protein1_rbs	13.25	0.0	0.0
216	__protein2_rbs	13.95	0.0	0.0
216	__protein3_rbs	3.1	0.0	0.0
216	__ribosome	23.5	0.0	0.0
216	__rnase_site_ext	20.6	0.0	0.0
216	p0	0.95	0.0	0.0
216	p2	1.0	0.0	0.0
216	protein1	1202.95	20.1	1.6310853500000004
216	protein2	1216.25	21.1	1.71464695
216	protein3	225.9	4.7	1.7447816999999997
216	rnapol	0.55	0.0	0.0
217	__protein1_rbs	13.1	0.0	0.0
217	__protein2_rbs	14.6	0.0	0.0
217	__protein3_rbs	3.05	0.0	0.0
217	__ribosome	23.4	0.0	0.0
217	__rnase_site_ext	20.7	0.0	0.0
217	p0	0.8	0.0	0.0
217	p2	0.9	0.0	0.0
217	protein1	1210.6	20.1	1.6418613500000003
217	protein2	1225.1	21.45	1.6592353
217	protein3	227.45	4.65	1.8682936
217	rnapol	0.45	0.0	0.0
218	__protein1_rbs	13.4	0.0	0.0
218	__protein2_rbs	14.35	0.0	0.0
218	__protein3_rbs	2.75	0.0	0.0
218	__ribosome	22.95	0.0	0.0
218	__rnase_site_ext	20.6	0.0	0.0
218	p0	0.85	0.0	0.0
218	p2	0.95	0.0	0.0
218	protein1	1217.7	20.15	1.6789242999999998
218	protein2	1233.65	21.4	1.64893385
218	protein3	229.5	4.55	1.9110515500000005
218	rnapol	0.55	0.0	0.0
219	__protein1_rbs	13.95	0.0	0.0
219	__protein2_rbs	14.1	0.0	0.0
219	__protein3_rbs	2.8	0.0	0.0
219	__ribosome	23.45	0.0	0.0
219	__rnase_site_ext	20.75	0.0	0.0
219	p0	0.75	0.0	0.0
219	p2	0.85	0.0	0.0
219	protein1	1225.5	20.1	1.6449973000000002
219	protein2	1241.45	21.3	1.68159225
219	protein3	231.85	4.6	1.8064682500000004
219	rnapol	0.45	0.0	0.0
220	__protein1_rbs	14.05	0.0	0.0
220	__protein2_rbs	14.15	0.0	0.0
220	__protein3_rbs	2.85	0.0	0.0
220	__ribosome	23.2	0.0	0.0
220	__rnase_site_ext	20.85	0.0	0.0
220	p0	0.8	0.0	0.0
220	p2	0.9	0.0	0.0
220	protein1	1233.15	20.45	1.6151080999999998
220	protein2	1249.55	21.2	1.6992940500000002
220	protein3	233.3	4.55	1.87684525
220	rnapol	0.35	0.0	0.0
221	__protein1_rbs	14.05	0.0	0.0
221	__protein2_rbs	13.35	0.0	0.0
221	__protein3_rbs	3.25	0.0	0.0
221	__ribosome	24.1	0.0	0.0
221	__rnase_site_ext	20.7	0.0	0.0
221	p0	0.95	0.0	0.0
221	p2	0.9	0.0	0.0
221	protein1	1241.35	20.45	1.5561060000000002
221	protein2	1258.05	21.4	1.7033601000000003
221	protein3	235.2	4.65	1.7796429
221	rnapol	0.65	0.0	0.0
222	__protein1_rbs	13.2	0.0	0.0
222	__protein2_rbs	14.05	0.0	0.0
222	__protein3_rbs	3.15	0.0	0.0
222	__ribosome	23.75	0.0	0.0
222	__rnase_site_ext	21.0	0.0	0.0
222	p0	0.75	0.0	0.0
222	p2	0.95	0.0	0.0
222	protein1	1249.15	20.35	1.58864505
222	protein2	1266.45	21.6	1.6981083
222	protein3	237.35	4.75	1.6598214500000004
222	rnapol	0.4	0.0	0.0
223	__protein1_rbs	13.5	0.0	0.0
223	__protein2_rbs	13.65	0.0	0.0
223	__protein3_rbs	3.45	0.0	0.0
223	__ribosome	22.1	0.0	0.0
223	__rnase_site_ext	20.9	0.0	0.0
223	p0	0.8	0.0	0.0
223	p2	0.95	0.0	0.0
223	protein1	1256.4	20.5	1.6208340999999995
223	protein2	1274.05	21.5	1.7560160999999996
223	protein3	239.2	4.75	1.5947223000000004
223	rnapol	0.4	0.0	0.0
224	__protein1_rbs	13.25	0.0	0.0
224	__protein2_rbs	14.05	0.0	0.0
224	__protein3_rbs	3.05	0.0	0.0
224	__ribosome	21.4	0.0	0.0
224	__rnase_site_ext	20.7	0.0	0.0
224	p0	0.85	0.0	0.0
224	p2	1.0	0.0	0.0
224	protein1	1263.4	20.45	1.6915207
224	protein2	1282.55	21.3	1.7502361000000002
224	protein3	241.3	4.7	1.6211706
224	rnapol	0.4	0.0	0.0
225	__protein1_rbs	13.15	0.0	0.0
225	__protein2_rbs	15.55	0.0	0.0
225	__protein3_rbs	2.95	0.0	0.0
225	__ribosome	22.05	0.0	0.0
225	__rnase_site_ext	20.55	0.0	0.0
225	p0	0.9	0.0	0.0
225	p2	1.0	0.0	0.0
225	protein1	1270.95	20.3	1.7338459000000004
225	protein2	1291.2	21.4	1.6569593499999995
225	protein3	242.7	4.7	1.6996032499999998
225	rnapol	0.45	0.0	0.0
226	__protein1_rbs	14.35	0.0	0.0
226	__protein2_rbs	13.8	0.0	0.0
226	__protein3_rbs	3.65	0.0	0.0
226	__ribosome	23.1	0.0	0.0
226	__rnase_site_ext	20.7	0.0	0.0
226	p0	0.65	0.0	0.0
226	p2	0.9	0.0	0.0
226	protein1	1279.25	20.15	1.68629885
226	protein2	1299.6	21.6	1.68295345
226	protein3	244.75	4.65	1.6091071499999998
226	rnapol	0.35	0.0	0.0
227	__protein1_rbs	13.25	0.0	0.0
227	__protein2_rbs	15.2	0.0	0.0
227	__protein3_rbs	2.95	0.0	0.0
227	__ribosome	24.3	0.0	0.0
227	__rnase_site_ext	21.05	0.0	0.0
227	p0	0.85	0.0	0.0
227	p2	0.85	0.0	0.0
227	protein1	1287.2	20.3	1.6943292000000003
227	protein2	1309.35	21.6	1.5991406499999998
227	protein3	246.55	4.65	1.6541864999999998
227	rnapol	0.5	0.0	0.0
228	__protein1_rbs	13.7	0.0	0.0
228	__protein2_rbs	14.85	0.0	0.0
228	__protein3_rbs	3.45	0.0	0.0
228	__ribosome	24.35	0.0	0.0
228	__rnase_site_ext	20.85	0.0	0.0
228	p0	0.95	0.0	0.0
228	p2	0.9	0.0	0.0
228	protein1	1295.05	20.6	1.6861538000000005
228	protein2	1317.55	21.65	1.59326895
228	protein3	248.3	4.65	1.60638885
228	rnapol	0.45	0.0	0.0
229	__protein1_rbs	14.05	0.0	0.0
229	__protein2_rbs	13.8	0.0	0.0
229	__protein3_rbs	3.25	0.0	0.0
229	__ribosome	23.5	0.0	0.0
229	__rnase_site_ext	20.9	0.0	0.0
229	p0	0.65	0.0	0.0
229	p2	0.85	0.0	0.0
229	protein1	1303.45	20.55	1.64520255
229	protein2	1324.8	21.65	1.6772921999999997
229	protein3	250.0	4.7	1.5825000499999995
229	rnapol	0.2	0.0	0.0
230	__protein1_rbs	13.25	0.0	0.0
230	__protein2_rbs	14.85	0.0	0.0
230	__protein3_rbs	3.45	0.0	0.0
230	__ribosome	23.25	0.0	0.0
230	__rnase_site_ext	21.1	0.0	0.0
230	p0	0.7	0.0	0.0
230	p2	0.95	0.0	0.0
230	protein1	1311.3	20.45	1.6719444500000002
230	protein2	1332.95	22.0	1.65894525
230	protein3	251.6	4.8	1.4820832999999998
230	rnapol	0.5	0.0	0.0
231	__protein1_rbs	13.55	0.0	0.0
231	__protein2_rbs	15.35	0.0	0.0
231	__protein3_rbs	3.1	0.0	0.0
231	__ribosome	23.9	0.0	0.0
231	__rnase_site_ext	21.05	0.0	0.0
231	p0	0.75	0.0	0.0
231	p2	0.95	0.0	0.0
231	protein1	1319.2	20.5	1.66592925
231	protein2	1341.5	21.85	1.62195815
231	protein3	253.35	4.75	1.55180555
231	rnapol	0.45	0.0	0.0
232	__protein1_rbs	13.45	0.0	0.0
232	__protein2_rbs	15.4	0.0	0.0
232	__protein3_rbs	3.05	0.0	0.0
232	__ribosome	24.05	0.0	0.0
232	__rnase_site_ext	21.2	0.0	0.0
232	p0	0.8	0.0	0.0
232	p2	0.9	0.0	0.0
232	protein1	1327.05	20.75	1.6800861
232	protein2	1350.35	21.8	1.5737133499999998
232	protein3	255.2	4.8	1.6158334000000003
232	rnapol	0.35	0.0	0.0
233	__protein1_rbs	13.9	0.0	0.0
233	__protein2_rbs	15.05	0.0	0.0
233	__protein3_rbs	3.25	0.0	0.0
233	__ribosome	23.6	0.0	0.0
233	__rnase_site_ext	21.35	0.0	0.0
233	p0	0.9	0.0	0.0
233	p2	0.85	0.0	0.0
233	protein1	1334.75	20.6	1.71127115
233	protein2	1358.85	21.9	1.5596035
233	protein3	256.7	4.9	1.6954364499999997
233	rnapol	0.4	0.0	0.0
234	__protein1_rbs	14.3	0.0	0.0
234	__protein2_rbs	15.2	0.0	0.0
234	__protein3_rbs	3.2	0.0	0.0
234	__ribosome	23.2	0.0	0.0
234	__rnase_site_ext	21.35	0.0	0.0
234	p0	0.75	0.0	0.0
234	p2	0.95	0.0	0.0
234	protein1	1342.6	20.85	1.6719624
234	protein2	1366.55	21.95	1.5793109500000002
234	protein3	258.6	4.95	1.7011904500000004
234	rnapol	0.6	0.0	0.0
235	__protein1_rbs	13.9	0.0	0.0
235	__protein2_rbs	14.8	0.0	0.0
235	__protein3_rbs	3.15	0.0	0.0
235	__ribosome	22.15	0.0	0.0
235	__rnase_site_ext	21.6	0.0	0.0
235	p0	0.7	0.0	0.0
235	p2	1.0	0.0	0.0
235	protein1	1350.35	20.8	1.70199855
235	protein2	1375.0	22.05	1.5944002
235	protein3	260.45	4.9	1.68833335
235	rnapol	0.6	0.0	0.0
236	__protein1_rbs	14.1	0.0	0.0
236	__protein2_rbs	14.2	0.0	0.0
236	__protein3_rbs	3.45	0.0	0.0
236	__ribosome	22.3	0.0	0.0
236	__rnase_site_ext	21.6	0.0	0.0
236	p0	0.75	0.0	0.0
236	p2	1.0	0.0	0.0
236	protein1	1359.1	21.0	1.6604678999999998
236	protein2	1382.95	22.05	1.6353350000000002
236	protein3	262.4	4.85	1.6528968000000002
236	rnapol	0.4	0.0	0.0
237	__protein1_rbs	15.25	0.0	0.0
237	__protein2_rbs	14.05	0.0	0.0
237	__protein3_rbs	3.35	0.0	0.0
237	__ribosome	21.8	0.0	0.0
237	__rnase_site_ext	21.55	0.0	0.0
237	p0	0.9	0.0	0.0
237	p2	0.9	0.0	0.0
237	protein1	1367.15	21.1	1.5989083
237	protein2	1390.75	21.85	1.7269812999999996
237	protein3	264.1	4.85	1.6490079000000002
237	rnapol	0.6	0.0	0.0
238	__protein1_rbs	14.4	0.0	0.0
238	__protein2_rbs	15.15	0.0	0.0
238	__protein3_rbs	3.4	0.0	0.0
238	__ribosome	22.15	0.0	0.0
238	__rnase_site_ext	21.55	0.0	0.0
238	p0	0.6	0.0	0.0
238	p2	0.95	0.0	0.0
238	protein1	1374.95	21.15	1.63530565
238	protein2	1399.25	21.95	1.6792831000000001
238	protein3	265.8	4.75	1.6745238000000002
238	rnapol	0.3	0.0	0.0
239	__protein1_rbs	14.95	0.0	0.0
239	__protein2_rbs	15.7	0.0	0.0
239	__protein3_rbs	3.55	0.0	0.0
239	__ribosome	24.1	0.0	0.0
239	__rnase_site_ext	21.6	0.0	0.0
239	p0	0.9	0.0	0.0
239	p2	0.95	0.0	0.0
239	protein1	1383.35	21.1	1.60344805
239	protein2	1407.65	21.95	1.6390973000000002
239	protein3	267.95	4.85	1.5061707000000002
239	rnapol	0.4	0.0	0.0
240	__protein1_rbs	14.05	0.0	0.0
240	__protein2_rbs	14.5	0.0	0.0
240	__protein3_rbs	3.2	0.0	0.0
240	__ribosome	23.25	0.0	0.0
240	__rnase_site_ext	21.65	0.0	0.0
240	p0	0.75	0.0	0.0
240	p2	0.9	0.0	0.0
240	protein1	1391.65	21.15	1.59659045
240	protein2	1416.8	22.1	1.6370682
240	protein3	269.65	4.8	1.5734721999999999
240	rnapol	0.3	0.0	0.0
241	__protein1_rbs	14.45	0.0	0.0
241	__protein2_rbs	14.15	0.0	0.0
241	__protein3_rbs	3.6	0.0	0.0
241	__ribosome	22.85	0.0	0.0
241	__rnase_site_ext	21.65	0.0	0.0
241	p0	0.75	0.0	0.0
241	p2	0.95	0.0	0.0
241	protein1	1398.7	21.1	1.6339611
241	protein2	1426.1	22.0	1.6659102500000005
241	protein3	271.8	4.75	1.41119045
241	rnapol	0.3	0.0	0.0
242	__protein1_rbs	15.4	0.0	0.0
242	__protein2_rbs	15.2	0.0	0.0
242	__protein3_rbs	2.8	0.0	0.0
242	__ribosome	21.5	0.0	0.0
242	__rnase_site_ext	21.4	0.0	0.0
242	p0	0.9	0.0	0.0
242	p2	0.9	0.0	0.0
242	protein1	1406.5	21.1	1.6389528500000003
242	protein2	1433.95	22.15	1.6974581000000002
242	protein3	273.6	4.8	1.5609325
242	rnapol	0.5	0.0	0.0
243	__protein1_rbs	14.9	0.0	0.0
243	__protein2_rbs	14.9	0.0	0.0
243	__protein3_rbs	3.15	0.0	0.0
243	__ribosome	22.6	0.0	0.0
243	__rnase_site_ext	21.55	0.0	0.0
243	p0	0.85	0.0	0.0
243	p2	1.0	0.0	0.0
243	protein1	1414.95	20.9	1.5987578000000002
243	protein2	1442.6	22.0	1.68791185
243	protein3	274.75	4.9	1.6507143
243	rnapol	0.4	0.0	0.0
244	__protein1_rbs	14.75	0.0	0.0
244	__protein2_rbs	14.95	0.0	0.0
244	__protein3_rbs	3.4	0.0	0.0
244	__ribosome	23.9	0.0	0.0
244	__rnase_site_ext	21.5	0.0	0.0
244	p0	0.85	0.0	0.0
244	p2	0.95	0.0	0.0
244	protein1	1423.35	20.95	1.5493160499999998
244	protein2	1451.15	22.25	1.6484633499999997
244	protein3	276.85	4.9	1.5991665999999998
244	rnapol	0.5	0.0	0.0
245	__protein1_rbs	13.7	0.0	0.0
245	__protein2_rbs	15.6	0.0	0.0
245	__protein3_rbs	3.5	0.0	0.0
245	__ribosome	24.05	0.0	0.0
245	__rnase_site_ext	21.5	0.0	0.0
245	p0	0.85	0.0	0.0
245	p2	0.9	0.0	0.0
245	protein1	1431.4	20.95	1.5838245999999996
245	protein2	1460.4	22.5	1.58242095
245	protein3	278.45	4.9	1.6447816999999998
245	rnapol	0.3	0.0	0.0
246	__protein1_rbs	13.85	0.0	0.0
246	__protein2_rbs	14.55	0.0	0.0
246	__protein3_rbs	3.3	0.0	0.0
246	__ribosome	24.4	0.0	0.0
246	__rnase_site_ext	21.3	0.0	0.0
246	p0	0.8	0.0	0.0
246	p2	0.95	0.0	0.0
246	protein1	1439.75	20.95	1.5802795499999998
246	protein2	1470.05	22.5	1.5677183999999995
246	protein3	280.35	4.9	1.64759915
246	rnapol	0.35	0.0	0.0
247	__protein1_rbs	14.65	0.0	0.0
247	__protein2_rbs	15.6	0.0	0.0
247	__protein3_rbs	3.15	0.0	0.0
247	__ribosome	21.75	0.0	0.0
247	__rnase_site_ext	21.65	0.0	0.0
247	p0	0.8	0.0	0.0
247	p2	0.85	0.0	0.0
247	protein1	1446.7	20.75	1.66255795
247	protein2	1477.5	22.65	1.6178286
247	protein3	282.25	4.85	1.64386915
247	rnapol	0.4	0.0	0.0
248	__protein1_rbs	15.05	0.0	0.0
248	__protein2_rbs	15.8	0.0	0.0
248	__protein3_rbs	3.35	0.0	0.0
248	__ribosome	21.7	0.0	0.0
248	__rnase_site_ext	21.6	0.0	0.0
248	p0	0.85	0.0	0.0
248	p2	0.95	0.0	0.0
248	protein1	1453.7	20.95	1.6557633999999999
248	protein2	1486.2	22.75	1.59665395
248	protein3	284.25	4.95	1.5837499999999998
248	rnapol	0.5	0.0	0.0
249	__protein1_rbs	14.15	0.0	0.0
249	__protein2_rbs	14.8	0.0	0.0
249	__protein3_rbs	3.6	0.0	0.0
249	__ribosome	22.0	0.0	0.0
249	__rnase_site_ext	21.55	0.0	0.0
249	p0	0.95	0.0	0.0
249	p2	1.0	0.0	0.0
249	protein1	1462.65	20.95	1.6109624000000005
249	protein2	1494.15	22.75	1.64680865
249	protein3	286.3	5.05	1.5325991499999998
249	rnapol	0.8	0.0	0.0
250	__protein1_rbs	14.25	0.0	0.0
250	__protein2_rbs	15.45	0.0	0.0
250	__protein3_rbs	3.3	0.0	0.0
250	__ribosome	23.3	0.0	0.0
250	__rnase_site_ext	21.65	0.0	0.0
250	p0	0.9	0.0	0.0
250	p2	0.95	0.0	0.0
250	protein1	1470.95	20.85	1.60994625
250	protein2	1504.05	22.75	1.5948201000000002
250	protein3	288.25	5.1	1.56567455
250	rnapol	0.65	0.0	0.0
