time	species	protein	transcript	ribo_density
0	__protein1_rbs	0.0	0.0	0.0
0	__protein2_rbs	0.0	0.0	0.0
0	__protein3_rbs	0.0	0.0	0.0
0	__ribosome	100.0	0.0	0.0
0	__rnase_site_ext	0.0	0.0	0.0
0	p0	1.0	0.0	0.0
0	p1	1.0	0.0	0.0
0	r2	0.0	0.0	0.0
0	rnapol	4.0	0.0	0.0
1	__protein1_rbs	0.0	0.0	0.0
1	__protein2_rbs	0.0	0.0	0.0
1	__protein3_rbs	0.0	0.0	0.0
1	__ribosome	100.0	0.0	0.0
1	__rnase_site_ext	1.05	0.0	0.0
1	p0	0.4	0.0	0.0
1	p1	0.95	0.0	0.0
1	r2	0.0	0.0	0.0
1	rnapol	2.6	0.0	0.0
2	__protein1_rbs	0.65	0.0	0.0
2	__protein2_rbs	0.0	0.0	0.0
2	__protein3_rbs	0.0	0.0	0.0
2	__ribosome	99.65	0.0	0.0
2	__rnase_site_ext	2.1	0.0	0.0
2	p0	0.1	0.0	0.0
2	p1	1.0	0.0	0.0
2	protein1	0.0	1.0	0.35
2	r2	0.0	0.0	0.0
2	rnapol	1.7	0.0	0.0
3	__protein1_rbs	0.85	0.0	0.0
3	__protein2_rbs	0.0	0.0	0.0
3	__protein3_rbs	0.0	0.0	0.0
3	__ribosome	98.5	0.0	0.0
3	__rnase_site_ext	3.0	0.0	0.0
3	p0	0.25	0.0	0.0
3	p1	1.0	0.0	0.0
3	protein1	0.0	1.9	0.8
3	r2	0.0	0.0	0.0
3	rnapol	0.9	0.0	0.0
4	__protein1_rbs	0.8	0.0	0.0
4	__protein2_rbs	0.0	0.0	0.0
4	__protein3_rbs	0.0	0.0	0.0
4	__ribosome	96.95	0.0	0.0
4	__rnase_site_ext	3.75	0.0	0.0
4	p0	0.25	0.0	0.0
4	p1	1.0	0.0	0.0
4	protein1	0.0	2.4	1.3
4	r2	0.0	0.0	0.0
4	rnapol	0.05	0.0	0.0
5	__protein1_rbs	1.2	0.0	0.0
5	__protein2_rbs	0.0	0.0	0.0
5	__protein3_rbs	0.0	0.0	0.0
5	__ribosome	94.85	0.0	0.0
5	__rnase_site_ext	3.8	0.0	0.0
5	p0	1.0	0.0	0.0
5	p1	1.0	0.0	0.0
5	protein1	0.0	3.25	1.6041667500000003
5	protein2	0.0	0.05	0.05
5	r2	0.0	0.0	0.0
5	rnapol	0.0	0.0	0.0
6	__protein1_rbs	1.1	0.0	0.0
6	__protein2_rbs	0.0	0.0	0.0
6	__protein3_rbs	0.0	0.0	0.0
6	__ribosome	92.2	0.0	0.0
6	__rnase_site_ext	3.75	0.0	0.0
6	p0	1.0	0.0	0.0
6	p1	0.2	0.0	0.0
6	protein1	0.0	3.75	2.08333335
6	protein2	0.0	0.05	0.1
6	r2	0.0	0.0	0.0
6	rnapol	0.0	0.0	0.0
7	__protein1_rbs	1.5	0.0	0.0
7	__protein2_rbs	0.05	0.0	0.0
7	__protein3_rbs	0.0	0.0	0.0
7	__ribosome	90.65	0.0	0.0
7	__rnase_site_ext	3.65	0.0	0.0
7	p0	1.0	0.0	0.0
7	p1	0.0	0.0	0.0
7	protein1	0.5	3.7	2.5333333500000004
7	protein2	0.0	0.05	0.1
7	r2	0.0	0.0	0.0
7	rnapol	0.0	0.0	0.0
8	__protein1_rbs	1.15	0.0	0.0
8	__protein2_rbs	0.0	0.0	0.0
8	__protein3_rbs	0.0	0.0	0.0
8	__ribosome	89.05	0.0	0.0
8	__rnase_site_ext	3.6	0.0	0.0
8	p0	1.0	0.0	0.0
8	p1	0.0	0.0	0.0
8	protein1	1.45	3.6	3.0416667
8	protein2	0.0	0.05	0.15
8	r2	0.0	0.0	0.0
8	rnapol	0.0	0.0	0.0
9	__protein1_rbs	1.25	0.0	0.0
9	__protein2_rbs	0.05	0.0	0.0
9	__protein3_rbs	0.0	0.0	0.0
9	__ribosome	88.35	0.0	0.0
9	__rnase_site_ext	3.45	0.0	0.0
9	p0	0.95	0.0	0.0
9	p1	0.0	0.0	0.0
9	protein1	2.9	3.55	3.3291666000000006
9	protein2	0.0	0.05	0.15
9	r2	0.05	0.0	0.0
9	rnapol	0.0	0.0	0.0
10	__protein1_rbs	1.05	0.0	0.0
10	__protein2_rbs	0.1	0.0	0.0
10	__protein3_rbs	0.0	0.0	0.0
10	__ribosome	87.8	0.0	0.0
10	__rnase_site_ext	3.4	0.0	0.0
10	p0	1.0	0.0	0.0
10	p1	0.05	0.0	0.0
10	protein1	4.9	3.45	3.67916665
10	protein2	0.05	0.35	0.35
10	r2	0.05	0.0	0.0
10	rnapol	0.0	0.0	0.0
11	__protein1_rbs	1.3	0.0	0.0
11	__protein2_rbs	0.5	0.0	0.0
11	__protein3_rbs	0.0	0.0	0.0
11	__ribosome	87.7	0.0	0.0
11	__rnase_site_ext	3.4	0.0	0.0
11	p0	1.0	0.0	0.0
11	p1	0.3	0.0	0.0
11	protein1	7.3	3.35	3.5791667
11	protein2	0.1	1.2	0.725
11	r2	0.05	0.0	0.0
11	rnapol	0.0	0.0	0.0
12	__protein1_rbs	1.0	0.0	0.0
12	__protein2_rbs	0.7	0.0	0.0
12	__protein3_rbs	0.0	0.0	0.0
12	__ribosome	86.35	0.0	0.0
12	__rnase_site_ext	3.4	0.0	0.0
12	p0	1.0	0.0	0.0
12	p1	1.0	0.0	0.0
12	protein1	9.6	3.35	3.5958333499999995
12	protein2	0.1	2.0	1.14166665
12	r2	0.05	0.0	0.0
12	rnapol	0.0	0.0	0.0
13	__protein1_rbs	1.15	0.0	0.0
13	__protein2_rbs	1.15	0.0	0.0
13	__protein3_rbs	0.0	0.0	0.0
13	__ribosome	84.9	0.0	0.0
13	__rnase_site_ext	3.3	0.0	0.0
13	p0	1.0	0.0	0.0
13	p1	1.0	0.0	0.0
13	protein1	11.75	3.35	3.48333335
13	protein2	0.15	2.8	1.325
13	r2	0.05	0.0	0.0
13	rnapol	0.0	0.0	0.0
14	__protein1_rbs	0.95	0.0	0.0
14	__protein2_rbs	1.8	0.0	0.0
14	__protein3_rbs	0.0	0.0	0.0
14	__ribosome	83.85	0.0	0.0
14	__rnase_site_ext	3.25	0.0	0.0
14	p0	1.0	0.0	0.0
14	p1	1.0	0.0	0.0
14	protein1	14.0	3.35	3.2958332999999995
14	protein2	0.2	3.35	1.54166675
14	r2	0.1	0.0	0.0
14	rnapol	0.0	0.0	0.0
15	__protein1_rbs	0.9	0.0	0.0
15	__protein2_rbs	1.5	0.0	0.0
15	__protein3_rbs	0.0	0.0	0.0
15	__ribosome	81.4	0.0	0.0
15	__rnase_site_ext	3.35	0.0	0.0
15	p0	0.85	0.0	0.0
15	p1	0.95	0.0	0.0
15	protein1	16.3	3.25	3.3166666000000005
15	protein2	0.3	4.0	1.9625
15	r2	0.45	0.0	0.0
15	rnapol	0.05	0.0	0.0
16	__protein1_rbs	1.15	0.0	0.0
16	__protein2_rbs	1.5	0.0	0.0
16	__protein3_rbs	0.0	0.0	0.0
16	__ribosome	79.7	0.0	0.0
16	__rnase_site_ext	3.6	0.0	0.0
16	p0	0.75	0.0	0.0
16	p1	0.95	0.0	0.0
16	protein1	18.25	3.25	3.3758334000000003
16	protein2	1.05	4.0	2.375
16	r2	1.15	0.0	0.0
16	rnapol	0.1	0.0	0.0
17	__protein1_rbs	0.85	0.0	0.0
17	__protein2_rbs	1.6	0.0	0.0
17	__protein3_rbs	0.0	0.0	0.0
17	__ribosome	78.15	0.0	0.0
17	__rnase_site_ext	3.95	0.0	0.0
17	p0	0.65	0.0	0.0
17	p1	1.0	0.0	0.0
17	protein1	20.35	3.35	3.32583335
17	protein2	2.0	4.0	2.7125
17	r2	1.95	0.0	0.0
17	rnapol	0.15	0.0	0.0
18	__protein1_rbs	1.55	0.0	0.0
18	__protein2_rbs	1.55	0.0	0.0
18	__protein3_rbs	0.0	0.0	0.0
18	__ribosome	77.4	0.0	0.0
18	__rnase_site_ext	4.45	0.0	0.0
18	p0	0.75	0.0	0.0
18	p1	1.0	0.0	0.0
18	protein1	22.5	3.75	2.94083335
18	protein2	3.75	4.0	2.9
18	protein3	0.0	0.05	0.05
18	r2	2.8	0.0	0.0
18	rnapol	0.2	0.0	0.0
19	__protein1_rbs	1.5	0.0	0.0
19	__protein2_rbs	1.5	0.0	0.0
19	__protein3_rbs	0.1	0.0	0.0
19	__ribosome	76.4	0.0	0.0
19	__rnase_site_ext	5.0	0.0	0.0
19	p0	0.45	0.0	0.0
19	p1	1.0	0.0	0.0
19	protein1	24.85	4.25	2.7116666999999994
19	protein2	5.6	4.0	3.0375
19	protein3	0.0	0.3	0.2
19	r2	3.25	0.0	0.0
19	rnapol	0.15	0.0	0.0
20	__protein1_rbs	2.15	0.0	0.0
20	__protein2_rbs	1.45	0.0	0.0
20	__protein3_rbs	0.2	0.0	0.0
20	__ribosome	75.5	0.0	0.0
20	__rnase_site_ext	5.2	0.0	0.0
20	p0	0.65	0.0	0.0
20	p1	0.9	0.0	0.0
20	protein1	26.65	4.65	2.6008333500000003
20	protein2	7.85	4.05	3.055
20	protein3	0.0	0.45	0.375
20	r2	3.9	0.0	0.0
20	rnapol	0.25	0.0	0.0
21	__protein1_rbs	1.7	0.0	0.0
21	__protein2_rbs	1.3	0.0	0.0
21	__protein3_rbs	0.25	0.0	0.0
21	__ribosome	73.95	0.0	0.0
21	__rnase_site_ext	5.65	0.0	0.0
21	p0	0.8	0.0	0.0
21	p1	0.7	0.0	0.0
21	protein1	28.85	5.15	2.5546429
21	protein2	10.1	4.0	3.12833335
21	protein3	0.0	0.65	0.6
21	r2	4.0	0.0	0.0
21	rnapol	0.05	0.0	0.0
22	__protein1_rbs	2.15	0.0	0.0
22	__protein2_rbs	1.1	0.0	0.0
22	__protein3_rbs	0.5	0.0	0.0
22	__ribosome	72.1	0.0	0.0
22	__rnase_site_ext	5.65	0.0	0.0
22	p0	0.95	0.0	0.0
22	p1	0.55	0.0	0.0
22	protein1	31.0	5.5	2.5027380999999997
22	protein2	12.45	3.9	3.34
22	protein3	0.0	0.9	0.9
22	r2	4.0	0.0	0.0
22	rnapol	0.0	0.0	0.0
23	__protein1_rbs	2.1	0.0	0.0
23	__protein2_rbs	1.25	0.0	0.0
23	__protein3_rbs	0.6	0.0	0.0
23	__ribosome	70.25	0.0	0.0
23	__rnase_site_ext	5.6	0.0	0.0
23	p0	0.9	0.0	0.0
23	p1	0.35	0.0	0.0
23	protein1	33.1	5.65	2.6594643
23	protein2	15.0	3.8	3.4233333000000004
23	protein3	0.0	1.2	1.19166665
23	r2	4.0	0.0	0.0
23	rnapol	0.05	0.0	0.0
24	__protein1_rbs	2.3	0.0	0.0
24	__protein2_rbs	1.55	0.0	0.0
24	__protein3_rbs	0.35	0.0	0.0
24	__ribosome	68.85	0.0	0.0
24	__rnase_site_ext	5.75	0.0	0.0
24	p0	0.9	0.0	0.0
24	p1	0.5	0.0	0.0
24	protein1	35.4	5.55	2.9077381
24	protein2	17.15	3.85	3.31000005
24	protein3	0.2	1.3	1.6
24	r2	4.0	0.0	0.0
24	rnapol	0.05	0.0	0.0
25	__protein1_rbs	1.95	0.0	0.0
25	__protein2_rbs	1.4	0.0	0.0
25	__protein3_rbs	0.65	0.0	0.0
25	__ribosome	67.9	0.0	0.0
25	__rnase_site_ext	5.95	0.0	0.0
25	p0	0.8	0.0	0.0
25	p1	0.4	0.0	0.0
25	protein1	38.25	5.65	2.96922615
25	protein2	19.75	3.9	3.2008333999999987
25	protein3	0.35	1.35	1.76666665
25	r2	4.05	0.0	0.0
25	rnapol	0.05	0.0	0.0
26	__protein1_rbs	2.55	0.0	0.0
26	__protein2_rbs	1.9	0.0	0.0
26	__protein3_rbs	0.7	0.0	0.0
26	__ribosome	68.1	0.0	0.0
26	__rnase_site_ext	6.1	0.0	0.0
26	p0	0.75	0.0	0.0
26	p1	0.4	0.0	0.0
26	protein1	41.15	5.75	2.90005955
26	protein2	22.2	4.05	2.9933333499999994
26	protein3	0.75	1.35	1.95833335
26	r2	4.05	0.0	0.0
26	rnapol	0.05	0.0	0.0
27	__protein1_rbs	2.2	0.0	0.0
27	__protein2_rbs	1.6	0.0	0.0
27	__protein3_rbs	0.45	0.0	0.0
27	__ribosome	66.55	0.0	0.0
27	__rnase_site_ext	6.35	0.0	0.0
27	p0	0.9	0.0	0.0
27	p1	0.6	0.0	0.0
27	protein1	44.05	6.0	2.9031548000000003
27	protein2	24.7	4.45	2.8291666499999994
27	protein3	1.2	1.35	2.24166665
27	r2	4.05	0.0	0.0
27	rnapol	0.0	0.0	0.0
28	__protein1_rbs	2.25	0.0	0.0
28	__protein2_rbs	2.25	0.0	0.0
28	__protein3_rbs	0.65	0.0	0.0
28	__ribosome	66.5	0.0	0.0
28	__rnase_site_ext	6.3	0.0	0.0
28	p0	0.75	0.0	0.0
28	p1	0.8	0.0	0.0
28	protein1	47.75	6.3	2.81595235
28	protein2	27.35	4.8	2.52916665
28	protein3	1.85	1.35	2.29166665
28	r2	4.05	0.0	0.0
28	rnapol	0.05	0.0	0.0
29	__protein1_rbs	2.45	0.0	0.0
29	__protein2_rbs	2.6	0.0	0.0
29	__protein3_rbs	0.55	0.0	0.0
29	__ribosome	66.05	0.0	0.0
29	__rnase_site_ext	6.55	0.0	0.0
29	p0	0.9	0.0	0.0
29	p1	0.9	0.0	0.0
29	protein1	51.1	6.2	2.8873214500000004
29	protein2	29.5	5.2	2.3879762
29	protein3	2.6	1.35	2.24166665
29	r2	4.1	0.0	0.0
29	rnapol	0.05	0.0	0.0
30	__protein1_rbs	3.1	0.0	0.0
30	__protein2_rbs	2.35	0.0	0.0
30	__protein3_rbs	0.3	0.0	0.0
30	__ribosome	64.9	0.0	0.0
30	__rnase_site_ext	6.65	0.0	0.0
30	p0	0.85	0.0	0.0
30	p1	0.7	0.0	0.0
30	protein1	54.15	6.55	2.80089295
30	protein2	31.75	5.55	2.34107145
30	protein3	3.4	1.35	2.35
30	r2	4.25	0.0	0.0
30	rnapol	0.0	0.0	0.0
31	__protein1_rbs	3.0	0.0	0.0
31	__protein2_rbs	2.2	0.0	0.0
31	__protein3_rbs	0.65	0.0	0.0
31	__ribosome	62.7	0.0	0.0
31	__rnase_site_ext	6.8	0.0	0.0
31	p0	0.8	0.0	0.0
31	p1	0.7	0.0	0.0
31	protein1	57.5	6.55	2.85833335
31	protein2	33.75	5.75	2.5335714000000005
31	protein3	4.0	1.35	2.425
31	r2	4.55	0.0	0.0
31	rnapol	0.0	0.0	0.0
32	__protein1_rbs	2.55	0.0	0.0
32	__protein2_rbs	2.7	0.0	0.0
32	__protein3_rbs	0.8	0.0	0.0
32	__ribosome	62.7	0.0	0.0
32	__rnase_site_ext	7.0	0.0	0.0
32	p0	0.7	0.0	0.0
32	p1	0.5	0.0	0.0
32	protein1	61.35	6.8	2.77494055
32	protein2	36.65	5.9	2.4638095
32	protein3	4.6	1.35	2.36666665
32	r2	4.8	0.0	0.0
32	rnapol	0.1	0.0	0.0
33	__protein1_rbs	2.95	0.0	0.0
33	__protein2_rbs	2.45	0.0	0.0
33	__protein3_rbs	0.65	0.0	0.0
33	__ribosome	61.15	0.0	0.0
33	__rnase_site_ext	7.35	0.0	0.0
33	p0	0.7	0.0	0.0
33	p1	0.6	0.0	0.0
33	protein1	64.75	6.8	2.8179167
33	protein2	38.75	5.95	2.6620834
33	protein3	5.35	1.35	2.4
33	r2	5.3	0.0	0.0
33	rnapol	0.0	0.0	0.0
34	__protein1_rbs	3.8	0.0	0.0
34	__protein2_rbs	3.3	0.0	0.0
34	__protein3_rbs	0.4	0.0	0.0
34	__ribosome	61.6	0.0	0.0
34	__rnase_site_ext	7.5	0.0	0.0
34	p0	0.8	0.0	0.0
34	p1	0.6	0.0	0.0
34	protein1	68.65	7.2	2.6061508000000004
34	protein2	41.5	6.1	2.64625005
34	protein3	6.3	1.35	2.36666665
34	r2	5.6	0.0	0.0
34	rnapol	0.1	0.0	0.0
35	__protein1_rbs	2.95	0.0	0.0
35	__protein2_rbs	3.05	0.0	0.0
35	__protein3_rbs	0.6	0.0	0.0
35	__ribosome	60.75	0.0	0.0
35	__rnase_site_ext	7.7	0.0	0.0
35	p0	0.8	0.0	0.0
35	p1	0.85	0.0	0.0
35	protein1	72.3	7.4	2.61912695
35	protein2	44.3	6.2	2.6424999
35	protein3	7.05	1.4	2.24166665
35	r2	6.0	0.0	0.0
35	rnapol	0.1	0.0	0.0
36	__protein1_rbs	3.05	0.0	0.0
36	__protein2_rbs	3.2	0.0	0.0
36	__protein3_rbs	0.4	0.0	0.0
36	__ribosome	59.85	0.0	0.0
36	__rnase_site_ext	7.75	0.0	0.0
36	p0	0.85	0.0	0.0
36	p1	0.75	0.0	0.0
36	protein1	75.65	7.5	2.6959127
36	protein2	47.6	6.5	2.5166071
36	protein3	7.8	1.35	inf
36	r2	6.2	0.0	0.0
36	rnapol	0.05	0.0	0.0
37	__protein1_rbs	3.4	0.0	0.0
37	__protein2_rbs	2.95	0.0	0.0
37	__protein3_rbs	0.85	0.0	0.0
37	__ribosome	59.1	0.0	0.0
37	__rnase_site_ext	7.9	0.0	0.0
37	p0	0.9	0.0	0.0
37	p1	0.65	0.0	0.0
37	protein1	79.6	7.7	2.6557142999999996
37	protein2	50.8	6.75	2.51035705
37	protein3	8.6	1.55	2.11666665
37	r2	6.25	0.0	0.0
37	rnapol	0.05	0.0	0.0
38	__protein1_rbs	3.1	0.0	0.0
38	__protein2_rbs	2.95	0.0	0.0
38	__protein3_rbs	0.65	0.0	0.0
38	__ribosome	58.1	0.0	0.0
38	__rnase_site_ext	7.85	0.0	0.0
38	p0	1.0	0.0	0.0
38	p1	0.5	0.0	0.0
38	protein1	83.65	7.75	2.68509915
38	protein2	54.25	6.95	2.49613085
38	protein3	9.35	1.75	2.1833333500000003
38	r2	6.2	0.0	0.0
38	rnapol	0.05	0.0	0.0
39	__protein1_rbs	4.05	0.0	0.0
39	__protein2_rbs	3.2	0.0	0.0
39	__protein3_rbs	1.15	0.0	0.0
39	__ribosome	56.15	0.0	0.0
39	__rnase_site_ext	7.85	0.0	0.0
39	p0	0.9	0.0	0.0
39	p1	0.5	0.0	0.0
39	protein1	87.15	7.85	2.6902182999999997
39	protein2	56.55	7.05	2.65065475
39	protein3	9.95	2.05	2.05416665
39	r2	6.3	0.0	0.0
39	rnapol	0.05	0.0	0.0
40	__protein1_rbs	3.2	0.0	0.0
40	__protein2_rbs	3.05	0.0	0.0
40	__protein3_rbs	1.1	0.0	0.0
40	__ribosome	55.3	0.0	0.0
40	__rnase_site_ext	7.95	0.0	0.0
40	p0	0.8	0.0	0.0
40	p1	0.65	0.0	0.0
40	protein1	90.9	7.85	2.75271825
40	protein2	60.35	7.0	2.71839285
40	protein3	10.95	2.1	2.08749995
40	r2	6.35	0.0	0.0
40	rnapol	0.0	0.0	0.0
41	__protein1_rbs	3.3	0.0	0.0
41	__protein2_rbs	2.95	0.0	0.0
41	__protein3_rbs	1.05	0.0	0.0
41	__ribosome	53.95	0.0	0.0
41	__rnase_site_ext	7.95	0.0	0.0
41	p0	1.0	0.0	0.0
41	p1	0.65	0.0	0.0
41	protein1	94.9	7.85	2.7730755
41	protein2	63.8	7.3	2.69847225
41	protein3	11.8	2.1	2.19166665
41	r2	6.65	0.0	0.0
41	rnapol	0.1	0.0	0.0
42	__protein1_rbs	3.75	0.0	0.0
42	__protein2_rbs	3.9	0.0	0.0
42	__protein3_rbs	0.85	0.0	0.0
42	__ribosome	53.65	0.0	0.0
42	__rnase_site_ext	8.2	0.0	0.0
42	p0	0.6	0.0	0.0
42	p1	0.75	0.0	0.0
42	protein1	99.25	7.9	2.7177778000000004
42	protein2	67.25	7.5	2.6331548
42	protein3	12.4	2.05	2.51250005
42	r2	6.85	0.0	0.0
42	rnapol	0.1	0.0	0.0
43	__protein1_rbs	4.1	0.0	0.0
43	__protein2_rbs	4.0	0.0	0.0
43	__protein3_rbs	1.05	0.0	0.0
43	__ribosome	52.65	0.0	0.0
43	__rnase_site_ext	8.45	0.0	0.0
43	p0	0.85	0.0	0.0
43	p1	0.75	0.0	0.0
43	protein1	103.0	8.05	2.7168056000000003
43	protein2	70.75	7.9	2.5765475
43	protein3	13.4	2.15	2.51249995
43	r2	7.15	0.0	0.0
43	rnapol	0.2	0.0	0.0
44	__protein1_rbs	3.7	0.0	0.0
44	__protein2_rbs	3.8	0.0	0.0
44	__protein3_rbs	1.3	0.0	0.0
44	__ribosome	52.3	0.0	0.0
44	__rnase_site_ext	8.9	0.0	0.0
44	p0	0.6	0.0	0.0
44	p1	0.75	0.0	0.0
44	protein1	107.25	8.35	2.6753589
44	protein2	74.8	8.0	2.5454762000000004
44	protein3	14.5	2.15	2.6083333
44	r2	7.15	0.0	0.0
44	rnapol	0.1	0.0	0.0
45	__protein1_rbs	4.55	0.0	0.0
45	__protein2_rbs	3.95	0.0	0.0
45	__protein3_rbs	0.85	0.0	0.0
45	__ribosome	51.65	0.0	0.0
45	__rnase_site_ext	9.15	0.0	0.0
45	p0	0.8	0.0	0.0
45	p1	0.85	0.0	0.0
45	protein1	111.55	8.7	2.5709722000000004
45	protein2	78.65	8.2	2.5281548
45	protein3	15.6	2.2	2.52833335
45	r2	7.25	0.0	0.0
45	rnapol	0.05	0.0	0.0
46	__protein1_rbs	4.45	0.0	0.0
46	__protein2_rbs	4.0	0.0	0.0
46	__protein3_rbs	0.95	0.0	0.0
46	__ribosome	52.1	0.0	0.0
46	__rnase_site_ext	9.25	0.0	0.0
46	p0	0.8	0.0	0.0
46	p1	0.8	0.0	0.0
46	protein1	116.4	9.0	2.4221032
46	protein2	82.65	8.2	2.535
46	protein3	16.5	2.3	2.41166665
46	r2	7.45	0.0	0.0
46	rnapol	0.1	0.0	0.0
47	__protein1_rbs	4.35	0.0	0.0
47	__protein2_rbs	4.0	0.0	0.0
47	__protein3_rbs	1.05	0.0	0.0
47	__ribosome	50.9	0.0	0.0
47	__rnase_site_ext	9.3	0.0	0.0
47	p0	0.8	0.0	0.0
47	p1	0.7	0.0	0.0
47	protein1	120.45	9.2	2.4539538
47	protein2	86.55	8.3	2.5444047499999995
47	protein3	17.75	2.3	2.2908333
47	r2	7.75	0.0	0.0
47	rnapol	0.1	0.0	0.0
48	__protein1_rbs	4.65	0.0	0.0
48	__protein2_rbs	3.9	0.0	0.0
48	__protein3_rbs	1.0	0.0	0.0
48	__ribosome	50.0	0.0	0.0
48	__rnase_site_ext	9.45	0.0	0.0
48	p0	0.8	0.0	0.0
48	p1	0.4	0.0	0.0
48	protein1	124.1	9.2	2.5048485
48	protein2	90.6	8.5	2.53138885
48	protein3	18.85	2.3	2.3491667
48	r2	8.05	0.0	0.0
48	rnapol	0.1	0.0	0.0
49	__protein1_rbs	4.7	0.0	0.0
49	__protein2_rbs	3.7	0.0	0.0
49	__protein3_rbs	1.3	0.0	0.0
49	__ribosome	49.55	0.0	0.0
49	__rnase_site_ext	9.5	0.0	0.0
49	p0	0.9	0.0	0.0
49	p1	0.5	0.0	0.0
49	protein1	128.8	9.3	2.4634217
49	protein2	94.7	8.4	2.60073955
49	protein3	19.7	2.35	2.40333335
49	r2	8.3	0.0	0.0
49	rnapol	0.15	0.0	0.0
50	__protein1_rbs	4.65	0.0	0.0
50	__protein2_rbs	4.0	0.0	0.0
50	__protein3_rbs	1.2	0.0	0.0
50	__ribosome	48.5	0.0	0.0
50	__rnase_site_ext	9.65	0.0	0.0
50	p0	0.65	0.0	0.0
50	p1	0.4	0.0	0.0
50	protein1	133.1	9.4	2.4616793
50	protein2	98.25	8.45	2.68092355
50	protein3	20.65	2.35	2.4291667
50	r2	8.45	0.0	0.0
50	rnapol	0.15	0.0	0.0
51	__protein1_rbs	5.35	0.0	0.0
51	__protein2_rbs	4.2	0.0	0.0
51	__protein3_rbs	1.25	0.0	0.0
51	__ribosome	49.5	0.0	0.0
51	__rnase_site_ext	9.75	0.0	0.0
51	p0	0.8	0.0	0.0
51	p1	0.7	0.0	0.0
51	protein1	137.55	9.55	2.371957149999999
51	protein2	102.7	8.55	2.5957053
51	protein3	22.1	2.55	2.1925
51	r2	8.55	0.0	0.0
51	rnapol	0.05	0.0	0.0
52	__protein1_rbs	4.4	0.0	0.0
52	__protein2_rbs	4.2	0.0	0.0
52	__protein3_rbs	1.8	0.0	0.0
52	__ribosome	49.5	0.0	0.0
52	__rnase_site_ext	9.9	0.0	0.0
52	p0	0.85	0.0	0.0
52	p1	0.7	0.0	0.0
52	protein1	142.15	9.65	2.40472225
52	protein2	107.55	8.85	2.46164865
52	protein3	23.15	2.7	2.0691667000000002
52	r2	8.6	0.0	0.0
52	rnapol	0.1	0.0	0.0
53	__protein1_rbs	4.0	0.0	0.0
53	__protein2_rbs	4.2	0.0	0.0
53	__protein3_rbs	1.2	0.0	0.0
53	__ribosome	48.0	0.0	0.0
53	__rnase_site_ext	9.7	0.0	0.0
53	p0	0.85	0.0	0.0
53	p1	0.65	0.0	0.0
53	protein1	146.85	9.75	2.46003395
53	protein2	111.6	9.2	2.420306650000001
53	protein3	24.35	2.7	2.13416665
53	r2	8.8	0.0	0.0
53	rnapol	0.05	0.0	0.0
54	__protein1_rbs	5.05	0.0	0.0
54	__protein2_rbs	4.85	0.0	0.0
54	__protein3_rbs	1.5	0.0	0.0
54	__ribosome	47.9	0.0	0.0
54	__rnase_site_ext	9.85	0.0	0.0
54	p0	0.85	0.0	0.0
54	p1	0.65	0.0	0.0
54	protein1	151.65	9.65	2.48971325
54	protein2	116.15	9.6	2.3302453499999998
54	protein3	25.55	2.85	2.1033333
54	r2	8.85	0.0	0.0
54	rnapol	0.05	0.0	0.0
55	__protein1_rbs	4.75	0.0	0.0
55	__protein2_rbs	5.25	0.0	0.0
55	__protein3_rbs	1.6	0.0	0.0
55	__ribosome	46.5	0.0	0.0
55	__rnase_site_ext	9.85	0.0	0.0
55	p0	0.95	0.0	0.0
55	p1	0.8	0.0	0.0
55	protein1	155.7	9.75	2.5451569
55	protein2	120.15	9.65	2.3430176
55	protein3	26.4	2.85	2.2591667
55	r2	8.95	0.0	0.0
55	rnapol	0.05	0.0	0.0
56	__protein1_rbs	5.1	0.0	0.0
56	__protein2_rbs	4.85	0.0	0.0
56	__protein3_rbs	1.3	0.0	0.0
56	__ribosome	45.0	0.0	0.0
56	__rnase_site_ext	10.0	0.0	0.0
56	p0	0.8	0.0	0.0
56	p1	0.6	0.0	0.0
56	protein1	160.2	9.8	2.5181853999999992
56	protein2	124.05	9.8	2.43078285
56	protein3	27.65	2.9	2.37333335
56	r2	9.05	0.0	0.0
56	rnapol	0.1	0.0	0.0
57	__protein1_rbs	5.15	0.0	0.0
57	__protein2_rbs	4.95	0.0	0.0
57	__protein3_rbs	1.5	0.0	0.0
57	__ribosome	43.85	0.0	0.0
57	__rnase_site_ext	10.2	0.0	0.0
57	p0	0.75	0.0	0.0
57	p1	0.65	0.0	0.0
57	protein1	164.85	9.9	2.53073225
57	protein2	128.3	9.9	2.4837626000000004
57	protein3	28.65	2.95	2.4149999500000003
57	r2	9.1	0.0	0.0
57	rnapol	0.05	0.0	0.0
58	__protein1_rbs	5.45	0.0	0.0
58	__protein2_rbs	5.35	0.0	0.0
58	__protein3_rbs	1.2	0.0	0.0
58	__ribosome	44.3	0.0	0.0
58	__rnase_site_ext	10.3	0.0	0.0
58	p0	0.7	0.0	0.0
58	p1	0.7	0.0	0.0
58	protein1	170.3	10.15	2.3747348
58	protein2	132.95	10.1	2.4365782500000006
58	protein3	29.9	2.95	2.5366667
58	r2	9.5	0.0	0.0
58	rnapol	0.1	0.0	0.0
59	__protein1_rbs	6.1	0.0	0.0
59	__protein2_rbs	4.7	0.0	0.0
59	__protein3_rbs	1.7	0.0	0.0
59	__ribosome	45.65	0.0	0.0
59	__rnase_site_ext	10.6	0.0	0.0
59	p0	0.8	0.0	0.0
59	p1	0.75	0.0	0.0
59	protein1	175.55	10.2	2.23062735
59	protein2	137.9	10.05	2.4549116
59	protein3	31.25	3.05	2.3775
59	r2	9.85	0.0	0.0
59	rnapol	0.25	0.0	0.0
60	__protein1_rbs	5.45	0.0	0.0
60	__protein2_rbs	5.9	0.0	0.0
60	__protein3_rbs	1.65	0.0	0.0
60	__ribosome	44.85	0.0	0.0
60	__rnase_site_ext	10.85	0.0	0.0
60	p0	0.75	0.0	0.0
60	p1	0.8	0.0	0.0
60	protein1	180.2	10.55	2.2615162
60	protein2	142.6	10.25	2.3709566000000004
60	protein3	32.6	3.15	2.40166665
60	r2	10.0	0.0	0.0
60	rnapol	0.1	0.0	0.0
61	__protein1_rbs	4.65	0.0	0.0
61	__protein2_rbs	5.6	0.0	0.0
61	__protein3_rbs	1.4	0.0	0.0
61	__ribosome	42.45	0.0	0.0
61	__rnase_site_ext	10.9	0.0	0.0
61	p0	0.75	0.0	0.0
61	p1	0.7	0.0	0.0
61	protein1	184.05	10.75	2.4166317000000004
61	protein2	147.4	10.45	2.3067074
61	protein3	34.1	3.15	2.60083335
61	r2	10.1	0.0	0.0
61	rnapol	0.0	0.0	0.0
62	__protein1_rbs	5.55	0.0	0.0
62	__protein2_rbs	5.95	0.0	0.0
62	__protein3_rbs	1.55	0.0	0.0
62	__ribosome	42.45	0.0	0.0
62	__rnase_site_ext	11.1	0.0	0.0
62	p0	0.85	0.0	0.0
62	p1	0.65	0.0	0.0
62	protein1	189.3	10.85	2.3865074
62	protein2	152.4	10.6	2.26015635
62	protein3	35.5	3.3	2.6091667000000003
62	r2	10.25	0.0	0.0
62	rnapol	0.05	0.0	0.0
63	__protein1_rbs	5.9	0.0	0.0
63	__protein2_rbs	4.95	0.0	0.0
63	__protein3_rbs	1.8	0.0	0.0
63	__ribosome	40.95	0.0	0.0
63	__rnase_site_ext	11.1	0.0	0.0
63	p0	0.85	0.0	0.0
63	p1	0.6	0.0	0.0
63	protein1	194.1	11.0	2.3714171000000004
63	protein2	157.05	10.7	2.3403079
63	protein3	37.0	3.3	2.5725
63	r2	10.55	0.0	0.0
63	rnapol	0.05	0.0	0.0
64	__protein1_rbs	5.8	0.0	0.0
64	__protein2_rbs	5.85	0.0	0.0
64	__protein3_rbs	1.7	0.0	0.0
64	__ribosome	40.7	0.0	0.0
64	__rnase_site_ext	11.15	0.0	0.0
64	p0	0.8	0.0	0.0
64	p1	0.55	0.0	0.0
64	protein1	198.65	11.0	2.4085702999999996
64	protein2	162.3	10.85	2.258477
64	protein3	38.2	3.25	2.6691667000000003
64	r2	10.5	0.0	0.0
64	rnapol	0.0	0.0	0.0
65	__protein1_rbs	6.35	0.0	0.0
65	__protein2_rbs	5.9	0.0	0.0
65	__protein3_rbs	1.7	0.0	0.0
65	__ribosome	40.75	0.0	0.0
65	__rnase_site_ext	11.3	0.0	0.0
65	p0	0.85	0.0	0.0
65	p1	0.35	0.0	0.0
65	protein1	204.2	11.1	2.3131118000000006
65	protein2	166.45	10.8	2.34829835
65	protein3	39.9	3.35	2.555
65	r2	10.75	0.0	0.0
65	rnapol	0.1	0.0	0.0
66	__protein1_rbs	5.9	0.0	0.0
66	__protein2_rbs	5.55	0.0	0.0
66	__protein3_rbs	1.65	0.0	0.0
66	__ribosome	40.95	0.0	0.0
66	__rnase_site_ext	11.45	0.0	0.0
66	p0	0.8	0.0	0.0
66	p1	0.6	0.0	0.0
66	protein1	209.5	11.2	2.2638130000000003
66	protein2	171.65	10.95	2.31367915
66	protein3	41.55	3.35	2.59500005
66	r2	10.9	0.0	0.0
66	rnapol	0.05	0.0	0.0
67	__protein1_rbs	5.75	0.0	0.0
67	__protein2_rbs	6.1	0.0	0.0
67	__protein3_rbs	2.15	0.0	0.0
67	__ribosome	40.15	0.0	0.0
67	__rnase_site_ext	11.7	0.0	0.0
67	p0	0.85	0.0	0.0
67	p1	0.6	0.0	0.0
67	protein1	214.25	11.4	2.2980925
67	protein2	176.1	11.05	2.3322144000000007
67	protein3	43.5	3.45	2.3758333
67	r2	10.95	0.0	0.0
67	rnapol	0.1	0.0	0.0
68	__protein1_rbs	6.9	0.0	0.0
68	__protein2_rbs	5.85	0.0	0.0
68	__protein3_rbs	1.75	0.0	0.0
68	__ribosome	40.9	0.0	0.0
68	__rnase_site_ext	11.85	0.0	0.0
68	p0	0.8	0.0	0.0
68	p1	0.75	0.0	0.0
68	protein1	219.7	11.6	2.17524475
68	protein2	181.6	11.3	2.2784096
68	protein3	44.95	3.5	2.35583335
68	r2	11.0	0.0	0.0
68	rnapol	0.0	0.0	0.0
69	__protein1_rbs	6.4	0.0	0.0
69	__protein2_rbs	6.45	0.0	0.0
69	__protein3_rbs	1.8	0.0	0.0
69	__ribosome	40.85	0.0	0.0
69	__rnase_site_ext	11.85	0.0	0.0
69	p0	0.85	0.0	0.0
69	p1	0.65	0.0	0.0
69	protein1	225.0	11.75	2.1435022500000005
69	protein2	186.5	11.5	2.24544475
69	protein3	46.6	3.7	2.2683332999999997
69	r2	11.15	0.0	0.0
69	rnapol	0.0	0.0	0.0
70	__protein1_rbs	6.65	0.0	0.0
70	__protein2_rbs	6.25	0.0	0.0
70	__protein3_rbs	2.25	0.0	0.0
70	__ribosome	40.15	0.0	0.0
70	__rnase_site_ext	11.85	0.0	0.0
70	p0	0.85	0.0	0.0
70	p1	0.65	0.0	0.0
70	protein1	229.35	11.65	2.2184731
70	protein2	191.45	11.75	2.22730715
70	protein3	48.35	3.65	2.255000000000001
70	r2	11.2	0.0	0.0
70	rnapol	0.1	0.0	0.0
71	__protein1_rbs	6.2	0.0	0.0
71	__protein2_rbs	6.85	0.0	0.0
71	__protein3_rbs	2.25	0.0	0.0
71	__ribosome	40.4	0.0	0.0
71	__rnase_site_ext	11.9	0.0	0.0
71	p0	0.9	0.0	0.0
71	p1	0.75	0.0	0.0
71	protein1	234.7	11.7	2.2181260499999995
71	protein2	196.95	12.0	2.1413214
71	protein3	49.95	3.75	2.17250005
71	r2	11.35	0.0	0.0
71	rnapol	0.1	0.0	0.0
72	__protein1_rbs	6.85	0.0	0.0
72	__protein2_rbs	6.25	0.0	0.0
72	__protein3_rbs	2.3	0.0	0.0
72	__ribosome	38.85	0.0	0.0
72	__rnase_site_ext	12.0	0.0	0.0
72	p0	0.7	0.0	0.0
72	p1	0.55	0.0	0.0
72	protein1	239.65	11.75	2.1901806
72	protein2	201.3	11.95	2.2987804000000005
72	protein3	51.4	3.85	2.15583335
72	r2	11.45	0.0	0.0
72	rnapol	0.0	0.0	0.0
73	__protein1_rbs	6.0	0.0	0.0
73	__protein2_rbs	6.95	0.0	0.0
73	__protein3_rbs	2.0	0.0	0.0
73	__ribosome	39.2	0.0	0.0
73	__rnase_site_ext	12.0	0.0	0.0
73	p0	0.9	0.0	0.0
73	p1	0.7	0.0	0.0
73	protein1	244.75	11.85	2.23181815
73	protein2	207.3	12.05	2.2003938
73	protein3	53.2	3.8	2.13833335
73	r2	11.75	0.0	0.0
73	rnapol	0.2	0.0	0.0
74	__protein1_rbs	6.8	0.0	0.0
74	__protein2_rbs	7.1	0.0	0.0
74	__protein3_rbs	2.05	0.0	0.0
74	__ribosome	38.2	0.0	0.0
74	__rnase_site_ext	12.2	0.0	0.0
74	p0	0.7	0.0	0.0
74	p1	0.7	0.0	0.0
74	protein1	249.8	12.0	2.2023751
74	protein2	211.6	12.1	2.2416159500000004
74	protein3	54.85	3.8	2.1858333
74	r2	12.05	0.0	0.0
74	rnapol	0.2	0.0	0.0
75	__protein1_rbs	6.45	0.0	0.0
75	__protein2_rbs	6.75	0.0	0.0
75	__protein3_rbs	2.25	0.0	0.0
75	__ribosome	38.3	0.0	0.0
75	__rnase_site_ext	12.4	0.0	0.0
75	p0	0.65	0.0	0.0
75	p1	0.75	0.0	0.0
75	protein1	254.9	12.1	2.2109460000000003
75	protein2	217.45	12.15	2.1988793999999996
75	protein3	56.3	3.95	2.1925
75	r2	12.25	0.0	0.0
75	rnapol	0.1	0.0	0.0
76	__protein1_rbs	6.45	0.0	0.0
76	__protein2_rbs	6.85	0.0	0.0
76	__protein3_rbs	2.3	0.0	0.0
76	__ribosome	38.05	0.0	0.0
76	__rnase_site_ext	12.5	0.0	0.0
76	p0	0.7	0.0	0.0
76	p1	0.65	0.0	0.0
76	protein1	260.25	12.15	2.2201923
76	protein2	222.6	12.3	2.1922337
76	protein3	58.15	3.95	2.0591667
76	r2	12.5	0.0	0.0
76	rnapol	0.1	0.0	0.0
77	__protein1_rbs	6.9	0.0	0.0
77	__protein2_rbs	7.5	0.0	0.0
77	__protein3_rbs	2.0	0.0	0.0
77	__ribosome	38.0	0.0	0.0
77	__rnase_site_ext	12.75	0.0	0.0
77	p0	0.8	0.0	0.0
77	p1	0.75	0.0	0.0
77	protein1	265.45	12.4	2.1710296499999995
77	protein2	228.0	12.4	2.12627625
77	protein3	59.6	3.95	2.2458332999999997
77	r2	12.45	0.0	0.0
77	rnapol	0.05	0.0	0.0
78	__protein1_rbs	7.55	0.0	0.0
78	__protein2_rbs	6.85	0.0	0.0
78	__protein3_rbs	2.45	0.0	0.0
78	__ribosome	37.8	0.0	0.0
78	__rnase_site_ext	12.8	0.0	0.0
78	p0	0.85	0.0	0.0
78	p1	0.65	0.0	0.0
78	protein1	270.7	12.65	2.13593505
78	protein2	233.55	12.5	2.1438861
78	protein3	61.35	4.15	2.0798809999999994
78	r2	12.55	0.0	0.0
78	rnapol	0.0	0.0	0.0
79	__protein1_rbs	6.9	0.0	0.0
79	__protein2_rbs	6.7	0.0	0.0
79	__protein3_rbs	2.1	0.0	0.0
79	__ribosome	36.95	0.0	0.0
79	__rnase_site_ext	12.9	0.0	0.0
79	p0	0.8	0.0	0.0
79	p1	0.65	0.0	0.0
79	protein1	276.05	12.7	2.118892600000001
79	protein2	238.9	12.65	2.1535389
79	protein3	63.05	4.2	2.1598809999999995
79	r2	12.8	0.0	0.0
79	rnapol	0.0	0.0	0.0
80	__protein1_rbs	7.05	0.0	0.0
80	__protein2_rbs	7.25	0.0	0.0
80	__protein3_rbs	2.0	0.0	0.0
80	__ribosome	35.0	0.0	0.0
80	__rnase_site_ext	13.0	0.0	0.0
80	p0	0.8	0.0	0.0
80	p1	0.55	0.0	0.0
80	protein1	281.05	12.75	2.1491682
80	protein2	243.7	12.8	2.19805345
80	protein3	64.8	4.25	2.3178571000000003
80	r2	12.9	0.0	0.0
80	rnapol	0.05	0.0	0.0
81	__protein1_rbs	6.75	0.0	0.0
81	__protein2_rbs	7.35	0.0	0.0
81	__protein3_rbs	2.25	0.0	0.0
81	__ribosome	34.85	0.0	0.0
81	__rnase_site_ext	13.05	0.0	0.0
81	p0	0.9	0.0	0.0
81	p1	0.6	0.0	0.0
81	protein1	286.45	12.8	2.1829241
81	protein2	249.15	12.75	2.1885872500000003
81	protein3	66.7	4.25	2.3058334
81	r2	13.0	0.0	0.0
81	rnapol	0.05	0.0	0.0
82	__protein1_rbs	7.65	0.0	0.0
82	__protein2_rbs	7.1	0.0	0.0
82	__protein3_rbs	2.05	0.0	0.0
82	__ribosome	35.35	0.0	0.0
82	__rnase_site_ext	13.1	0.0	0.0
82	p0	0.85	0.0	0.0
82	p1	0.4	0.0	0.0
82	protein1	292.65	12.85	2.09306105
82	protein2	254.45	12.7	2.219870750000001
82	protein3	68.4	4.25	2.4204166500000004
82	r2	13.15	0.0	0.0
82	rnapol	0.1	0.0	0.0
83	__protein1_rbs	7.15	0.0	0.0
83	__protein2_rbs	7.6	0.0	0.0
83	__protein3_rbs	2.55	0.0	0.0
83	__ribosome	35.65	0.0	0.0
83	__rnase_site_ext	13.2	0.0	0.0
83	p0	0.75	0.0	0.0
83	p1	0.5	0.0	0.0
83	protein1	297.65	12.95	2.1557232
83	protein2	260.85	13.0	2.0799060499999995
83	protein3	70.25	4.25	2.3366667000000003
83	r2	13.0	0.0	0.0
83	rnapol	0.1	0.0	0.0
84	__protein1_rbs	7.45	0.0	0.0
84	__protein2_rbs	8.3	0.0	0.0
84	__protein3_rbs	2.3	0.0	0.0
84	__ribosome	35.25	0.0	0.0
84	__rnase_site_ext	13.3	0.0	0.0
84	p0	0.8	0.0	0.0
84	p1	0.75	0.0	0.0
84	protein1	303.0	13.1	2.16232245
84	protein2	266.2	13.15	2.0381659999999995
84	protein3	72.0	4.35	2.315
84	r2	13.05	0.0	0.0
84	rnapol	0.1	0.0	0.0
85	__protein1_rbs	8.4	0.0	0.0
85	__protein2_rbs	7.7	0.0	0.0
85	__protein3_rbs	1.8	0.0	0.0
85	__ribosome	35.5	0.0	0.0
85	__rnase_site_ext	13.45	0.0	0.0
85	p0	0.7	0.0	0.0
85	p1	0.7	0.0	0.0
85	protein1	308.9	13.25	2.01267965
85	protein2	271.45	13.3	2.09193025
85	protein3	74.2	4.45	2.2944047500000004
85	r2	13.15	0.0	0.0
85	rnapol	0.0	0.0	0.0
86	__protein1_rbs	7.85	0.0	0.0
86	__protein2_rbs	7.65	0.0	0.0
86	__protein3_rbs	3.0	0.0	0.0
86	__ribosome	35.0	0.0	0.0
86	__rnase_site_ext	13.6	0.0	0.0
86	p0	0.8	0.0	0.0
86	p1	0.75	0.0	0.0
86	protein1	313.95	13.15	2.0650942
86	protein2	276.9	13.55	2.07113165
86	protein3	75.95	4.5	2.28589285
86	r2	13.2	0.0	0.0
86	rnapol	0.0	0.0	0.0
87	__protein1_rbs	7.7	0.0	0.0
87	__protein2_rbs	7.55	0.0	0.0
87	__protein3_rbs	2.95	0.0	0.0
87	__ribosome	34.3	0.0	0.0
87	__rnase_site_ext	13.7	0.0	0.0
87	p0	0.9	0.0	0.0
87	p1	0.8	0.0	0.0
87	protein1	320.2	13.45	1.98532805
87	protein2	282.2	13.95	2.11089385
87	protein3	77.7	4.55	2.1455357000000004
87	r2	13.35	0.0	0.0
87	rnapol	0.05	0.0	0.0
88	__protein1_rbs	8.4	0.0	0.0
88	__protein2_rbs	7.65	0.0	0.0
88	__protein3_rbs	2.9	0.0	0.0
88	__ribosome	33.85	0.0	0.0
88	__rnase_site_ext	13.9	0.0	0.0
88	p0	0.85	0.0	0.0
88	p1	0.65	0.0	0.0
88	protein1	325.7	13.55	1.9621363999999997
88	protein2	287.55	13.9	2.1697535500000003
88	protein3	79.55	4.55	2.1950595
88	r2	13.5	0.0	0.0
88	rnapol	0.2	0.0	0.0
89	__protein1_rbs	8.25	0.0	0.0
89	__protein2_rbs	8.15	0.0	0.0
89	__protein3_rbs	2.5	0.0	0.0
89	__ribosome	34.05	0.0	0.0
89	__rnase_site_ext	14.05	0.0	0.0
89	p0	0.8	0.0	0.0
89	p1	0.55	0.0	0.0
89	protein1	330.7	13.8	1.95428615
89	protein2	293.45	13.95	2.1570429000000004
89	protein3	81.85	4.3	2.17809515
89	r2	13.55	0.0	0.0
89	rnapol	0.1	0.0	0.0
90	__protein1_rbs	8.2	0.0	0.0
90	__protein2_rbs	8.15	0.0	0.0
90	__protein3_rbs	2.35	0.0	0.0
90	__ribosome	33.8	0.0	0.0
90	__rnase_site_ext	14.15	0.0	0.0
90	p0	0.75	0.0	0.0
90	p1	0.65	0.0	0.0
90	protein1	336.2	13.95	1.9866752500000004
90	protein2	299.05	14.0	2.14633245
90	protein3	83.9	4.2	2.1786905
90	r2	13.8	0.0	0.0
90	rnapol	0.0	0.0	0.0
91	__protein1_rbs	8.65	0.0	0.0
91	__protein2_rbs	8.25	0.0	0.0
91	__protein3_rbs	2.85	0.0	0.0
91	__ribosome	34.45	0.0	0.0
91	__rnase_site_ext	14.3	0.0	0.0
91	p0	0.8	0.0	0.0
91	p1	0.6	0.0	0.0
91	protein1	341.4	14.1	1.9868544
91	protein2	305.65	13.9	2.0953878
91	protein3	85.6	4.3	2.08428565
91	r2	14.0	0.0	0.0
91	rnapol	0.0	0.0	0.0
92	__protein1_rbs	8.5	0.0	0.0
92	__protein2_rbs	8.55	0.0	0.0
92	__protein3_rbs	2.6	0.0	0.0
92	__ribosome	34.9	0.0	0.0
92	__rnase_site_ext	14.35	0.0	0.0
92	p0	0.85	0.0	0.0
92	p1	0.6	0.0	0.0
92	protein1	347.25	14.05	1.9879755
92	protein2	311.7	14.05	2.0368384000000006
92	protein3	87.35	4.3	2.0283333000000003
92	r2	14.2	0.0	0.0
92	rnapol	0.1	0.0	0.0
93	__protein1_rbs	9.0	0.0	0.0
93	__protein2_rbs	8.2	0.0	0.0
93	__protein3_rbs	2.5	0.0	0.0
93	__ribosome	34.65	0.0	0.0
93	__rnase_site_ext	14.4	0.0	0.0
93	p0	0.95	0.0	0.0
93	p1	0.7	0.0	0.0
93	protein1	352.4	14.1	1.9750160000000003
93	protein2	317.55	14.2	2.0275507
93	protein3	89.1	4.3	2.04
93	r2	14.05	0.0	0.0
93	rnapol	0.0	0.0	0.0
94	__protein1_rbs	8.25	0.0	0.0
94	__protein2_rbs	8.55	0.0	0.0
94	__protein3_rbs	2.45	0.0	0.0
94	__ribosome	34.1	0.0	0.0
94	__rnase_site_ext	14.3	0.0	0.0
94	p0	0.95	0.0	0.0
94	p1	0.7	0.0	0.0
94	protein1	358.15	14.15	1.97186295
94	protein2	323.2	14.3	2.02372295
94	protein3	91.0	4.45	2.0323809500000003
94	r2	14.25	0.0	0.0
94	rnapol	0.05	0.0	0.0
95	__protein1_rbs	8.05	0.0	0.0
95	__protein2_rbs	8.8	0.0	0.0
95	__protein3_rbs	2.75	0.0	0.0
95	__ribosome	33.05	0.0	0.0
95	__rnase_site_ext	14.3	0.0	0.0
95	p0	0.85	0.0	0.0
95	p1	0.5	0.0	0.0
95	protein1	363.25	14.15	2.0292403
95	protein2	328.8	14.45	2.032813
95	protein3	92.75	4.55	1.93297615
95	r2	14.3	0.0	0.0
95	rnapol	0.05	0.0	0.0
96	__protein1_rbs	8.45	0.0	0.0
96	__protein2_rbs	8.05	0.0	0.0
96	__protein3_rbs	2.65	0.0	0.0
96	__ribosome	32.55	0.0	0.0
96	__rnase_site_ext	14.25	0.0	0.0
96	p0	0.85	0.0	0.0
96	p1	0.75	0.0	0.0
96	protein1	369.25	14.15	2.0038918999999997
96	protein2	334.85	14.55	2.02539215
96	protein3	94.3	4.65	2.0414286
96	r2	14.45	0.0	0.0
96	rnapol	0.1	0.0	0.0
97	__protein1_rbs	8.4	0.0	0.0
97	__protein2_rbs	8.15	0.0	0.0
97	__protein3_rbs	2.75	0.0	0.0
97	__ribosome	31.1	0.0	0.0
97	__rnase_site_ext	14.3	0.0	0.0
97	p0	0.85	0.0	0.0
97	p1	0.65	0.0	0.0
97	protein1	375.0	14.2	2.02175795
97	protein2	340.55	14.65	2.0799787000000007
97	protein3	96.15	4.65	2.0827381000000003
97	r2	14.5	0.0	0.0
97	rnapol	0.0	0.0	0.0
98	__protein1_rbs	8.5	0.0	0.0
98	__protein2_rbs	9.15	0.0	0.0
98	__protein3_rbs	3.1	0.0	0.0
98	__ribosome	30.7	0.0	0.0
98	__rnase_site_ext	14.1	0.0	0.0
98	p0	0.85	0.0	0.0
98	p1	0.7	0.0	0.0
98	protein1	380.3	14.15	2.05285345
98	protein2	345.95	14.7	2.09573285
98	protein3	98.15	4.75	1.9879762
98	r2	14.75	0.0	0.0
98	rnapol	0.1	0.0	0.0
99	__protein1_rbs	8.65	0.0	0.0
99	__protein2_rbs	9.05	0.0	0.0
99	__protein3_rbs	3.25	0.0	0.0
99	__ribosome	32.25	0.0	0.0
99	__rnase_site_ext	14.25	0.0	0.0
99	p0	0.65	0.0	0.0
99	p1	0.8	0.0	0.0
99	protein1	386.6	14.05	2.00830395
99	protein2	351.9	14.9	2.04866955
99	protein3	99.95	4.7	1.93285715
99	r2	14.9	0.0	0.0
99	rnapol	0.2	0.0	0.0
100	__protein1_rbs	8.15	0.0	0.0
100	__protein2_rbs	8.75	0.0	0.0
100	__protein3_rbs	2.55	0.0	0.0
100	__ribosome	30.95	0.0	0.0
100	__rnase_site_ext	14.2	0.0	0.0
100	p0	0.75	0.0	0.0
100	p1	0.9	0.0	0.0
100	protein1	392.2	14.15	2.0260339000000007
100	protein2	357.75	15.1	2.0569000500000003
100	protein3	101.95	4.7	2.0204167
100	r2	15.0	0.0	0.0
100	rnapol	0.05	0.0	0.0
101	__protein1_rbs	7.95	0.0	0.0
101	__protein2_rbs	8.3	0.0	0.0
101	__protein3_rbs	3.1	0.0	0.0
101	__ribosome	31.65	0.0	0.0
101	__rnase_site_ext	14.5	0.0	0.0
101	p0	0.7	0.0	0.0
101	p1	0.75	0.0	0.0
101	protein1	397.95	14.15	2.04368385
101	protein2	364.95	15.1	2.0406796000000003
101	protein3	104.2	4.75	1.85805555
101	r2	15.1	0.0	0.0
101	rnapol	0.05	0.0	0.0
102	__protein1_rbs	9.25	0.0	0.0
102	__protein2_rbs	8.6	0.0	0.0
102	__protein3_rbs	3.0	0.0	0.0
102	__ribosome	31.8	0.0	0.0
102	__rnase_site_ext	14.55	0.0	0.0
102	p0	0.85	0.0	0.0
102	p1	0.7	0.0	0.0
102	protein1	403.15	14.25	2.0292279000000004
102	protein2	371.4	15.05	2.0359549500000003
102	protein3	106.25	4.75	1.8597222
102	r2	15.0	0.0	0.0
102	rnapol	0.1	0.0	0.0
103	__protein1_rbs	8.65	0.0	0.0
103	__protein2_rbs	9.3	0.0	0.0
103	__protein3_rbs	2.8	0.0	0.0
103	__ribosome	31.8	0.0	0.0
103	__rnase_site_ext	14.5	0.0	0.0
103	p0	0.85	0.0	0.0
103	p1	0.7	0.0	0.0
103	protein1	409.45	14.35	1.9896444
103	protein2	377.1	15.1	2.02650275
103	protein3	107.65	4.8	1.9775199
103	r2	14.95	0.0	0.0
103	rnapol	0.05	0.0	0.0
104	__protein1_rbs	8.65	0.0	0.0
104	__protein2_rbs	9.55	0.0	0.0
104	__protein3_rbs	3.35	0.0	0.0
104	__ribosome	31.0	0.0	0.0
104	__rnase_site_ext	14.65	0.0	0.0
104	p0	0.7	0.0	0.0
104	p1	0.6	0.0	0.0
104	protein1	415.4	14.45	1.9824548999999998
104	protein2	382.2	15.1	2.0672750000000004
104	protein3	109.35	4.85	1.91865085
104	r2	15.15	0.0	0.0
104	rnapol	0.0	0.0	0.0
105	__protein1_rbs	8.7	0.0	0.0
105	__protein2_rbs	8.9	0.0	0.0
105	__protein3_rbs	3.05	0.0	0.0
105	__ribosome	31.5	0.0	0.0
105	__rnase_site_ext	14.95	0.0	0.0
105	p0	0.75	0.0	0.0
105	p1	0.45	0.0	0.0
105	protein1	420.75	14.5	2.0213265
105	protein2	389.35	15.2	2.00486195
105	protein3	111.45	4.95	1.8444643000000005
105	r2	15.15	0.0	0.0
105	rnapol	0.05	0.0	0.0
106	__protein1_rbs	8.75	0.0	0.0
106	__protein2_rbs	9.9	0.0	0.0
106	__protein3_rbs	3.05	0.0	0.0
106	__ribosome	32.05	0.0	0.0
106	__rnase_site_ext	14.95	0.0	0.0
106	p0	0.85	0.0	0.0
106	p1	0.4	0.0	0.0
106	protein1	427.2	14.8	1.9473611499999997
106	protein2	395.5	15.4	1.9584614
106	protein3	113.35	5.0	1.8473215
106	r2	15.25	0.0	0.0
106	rnapol	0.05	0.0	0.0
107	__protein1_rbs	8.8	0.0	0.0
107	__protein2_rbs	9.25	0.0	0.0
107	__protein3_rbs	3.3	0.0	0.0
107	__ribosome	31.8	0.0	0.0
107	__rnase_site_ext	14.8	0.0	0.0
107	p0	0.9	0.0	0.0
107	p1	0.55	0.0	0.0
107	protein1	432.3	14.8	2.0088747500000004
107	protein2	402.45	15.4	1.92330495
107	protein3	115.1	4.85	1.91196435
107	r2	15.4	0.0	0.0
107	rnapol	0.05	0.0	0.0
108	__protein1_rbs	8.45	0.0	0.0
108	__protein2_rbs	9.0	0.0	0.0
108	__protein3_rbs	3.2	0.0	0.0
108	__ribosome	31.35	0.0	0.0
108	__rnase_site_ext	14.85	0.0	0.0
108	p0	0.9	0.0	0.0
108	p1	0.7	0.0	0.0
108	protein1	438.45	14.65	2.03045225
108	protein2	408.2	15.4	1.9577960000000003
108	protein3	117.15	4.95	1.85
108	r2	15.3	0.0	0.0
108	rnapol	0.05	0.0	0.0
109	__protein1_rbs	8.2	0.0	0.0
109	__protein2_rbs	9.75	0.0	0.0
109	__protein3_rbs	3.65	0.0	0.0
109	__ribosome	30.85	0.0	0.0
109	__rnase_site_ext	14.95	0.0	0.0
109	p0	0.9	0.0	0.0
109	p1	0.65	0.0	0.0
109	protein1	444.8	14.7	2.019857
109	protein2	413.95	15.6	1.9707714
109	protein3	118.6	5.0	1.8285714
109	r2	15.35	0.0	0.0
109	rnapol	0.1	0.0	0.0
110	__protein1_rbs	9.1	0.0	0.0
110	__protein2_rbs	9.5	0.0	0.0
110	__protein3_rbs	3.05	0.0	0.0
110	__ribosome	29.75	0.0	0.0
110	__rnase_site_ext	14.95	0.0	0.0
110	p0	0.9	0.0	0.0
110	p1	0.65	0.0	0.0
110	protein1	450.45	14.8	2.0165766
110	protein2	420.2	16.0	1.96112045
110	protein3	120.75	5.05	1.8858333000000005
110	r2	15.55	0.0	0.0
110	rnapol	0.0	0.0	0.0
111	__protein1_rbs	9.3	0.0	0.0
111	__protein2_rbs	9.65	0.0	0.0
111	__protein3_rbs	3.6	0.0	0.0
111	__ribosome	29.75	0.0	0.0
111	__rnase_site_ext	14.95	0.0	0.0
111	p0	0.85	0.0	0.0
111	p1	0.6	0.0	0.0
111	protein1	456.2	14.85	1.9998755000000004
111	protein2	426.15	16.2	1.97191755
111	protein3	122.5	5.05	1.8126786
111	r2	15.7	0.0	0.0
111	rnapol	0.15	0.0	0.0
112	__protein1_rbs	8.65	0.0	0.0
112	__protein2_rbs	9.75	0.0	0.0
112	__protein3_rbs	2.75	0.0	0.0
112	__ribosome	28.95	0.0	0.0
112	__rnase_site_ext	14.95	0.0	0.0
112	p0	0.9	0.0	0.0
112	p1	0.75	0.0	0.0
112	protein1	462.25	14.85	1.98874475
112	protein2	432.05	16.3	1.98682085
112	protein3	124.6	5.15	1.8326190999999996
112	r2	15.6	0.0	0.0
112	rnapol	0.2	0.0	0.0
113	__protein1_rbs	9.05	0.0	0.0
113	__protein2_rbs	10.55	0.0	0.0
113	__protein3_rbs	3.0	0.0	0.0
113	__ribosome	30.45	0.0	0.0
113	__rnase_site_ext	15.0	0.0	0.0
113	p0	0.8	0.0	0.0
113	p1	0.75	0.0	0.0
113	protein1	468.35	14.9	1.9582205
113	protein2	439.15	16.55	1.88969065
113	protein3	126.65	5.15	1.82357145
113	r2	15.8	0.0	0.0
113	rnapol	0.1	0.0	0.0
114	__protein1_rbs	9.05	0.0	0.0
114	__protein2_rbs	10.7	0.0	0.0
114	__protein3_rbs	2.85	0.0	0.0
114	__ribosome	30.7	0.0	0.0
114	__rnase_site_ext	15.1	0.0	0.0
114	p0	0.8	0.0	0.0
114	p1	0.75	0.0	0.0
114	protein1	474.65	14.95	1.926878
114	protein2	445.7	16.5	1.84905395
114	protein3	128.3	5.1	2.02482145
114	r2	16.05	0.0	0.0
114	rnapol	0.15	0.0	0.0
115	__protein1_rbs	9.7	0.0	0.0
115	__protein2_rbs	9.9	0.0	0.0
115	__protein3_rbs	3.1	0.0	0.0
115	__ribosome	30.0	0.0	0.0
115	__rnase_site_ext	15.45	0.0	0.0
115	p0	0.8	0.0	0.0
115	p1	0.65	0.0	0.0
115	protein1	480.6	15.05	1.8641800499999996
115	protein2	451.6	16.55	1.9384179499999996
115	protein3	130.35	5.1	1.9836904500000003
115	r2	16.25	0.0	0.0
115	rnapol	0.15	0.0	0.0
116	__protein1_rbs	9.65	0.0	0.0
116	__protein2_rbs	10.5	0.0	0.0
116	__protein3_rbs	3.15	0.0	0.0
116	__ribosome	29.4	0.0	0.0
116	__rnase_site_ext	15.75	0.0	0.0
116	p0	0.8	0.0	0.0
116	p1	0.75	0.0	0.0
116	protein1	486.05	15.3	1.87195915
116	protein2	458.1	16.3	1.9366897999999992
116	protein3	131.8	5.3	2.0802976499999994
116	r2	16.45	0.0	0.0
116	rnapol	0.0	0.0	0.0
117	__protein1_rbs	9.5	0.0	0.0
117	__protein2_rbs	10.05	0.0	0.0
117	__protein3_rbs	3.1	0.0	0.0
117	__ribosome	29.55	0.0	0.0
117	__rnase_site_ext	15.8	0.0	0.0
117	p0	0.85	0.0	0.0
117	p1	0.8	0.0	0.0
117	protein1	491.8	15.65	1.8674554
117	protein2	464.65	16.25	1.9165317
117	protein3	134.25	5.35	1.9953572
117	r2	16.5	0.0	0.0
117	rnapol	0.05	0.0	0.0
118	__protein1_rbs	9.55	0.0	0.0
118	__protein2_rbs	10.15	0.0	0.0
118	__protein3_rbs	3.25	0.0	0.0
118	__ribosome	29.65	0.0	0.0
118	__rnase_site_ext	15.75	0.0	0.0
118	p0	0.9	0.0	0.0
118	p1	0.75	0.0	0.0
118	protein1	498.35	15.7	1.84688635
118	protein2	470.95	16.15	1.9258381000000002
118	protein3	136.1	5.3	2.05583335
118	r2	16.7	0.0	0.0
118	rnapol	0.0	0.0	0.0
119	__protein1_rbs	9.6	0.0	0.0
119	__protein2_rbs	9.85	0.0	0.0
119	__protein3_rbs	3.65	0.0	0.0
119	__ribosome	29.65	0.0	0.0
119	__rnase_site_ext	15.55	0.0	0.0
119	p0	0.75	0.0	0.0
119	p1	0.7	0.0	0.0
119	protein1	503.6	15.65	1.90512415
119	protein2	477.5	16.05	1.9409441999999997
119	protein3	138.3	5.35	1.9174008500000004
119	r2	16.85	0.0	0.0
119	rnapol	0.0	0.0	0.0
120	__protein1_rbs	9.3	0.0	0.0
120	__protein2_rbs	9.75	0.0	0.0
120	__protein3_rbs	3.5	0.0	0.0
120	__ribosome	29.3	0.0	0.0
120	__rnase_site_ext	15.85	0.0	0.0
120	p0	0.9	0.0	0.0
120	p1	0.45	0.0	0.0
120	protein1	509.5	15.5	1.9666835
120	protein2	483.9	16.0	1.93663955
120	protein3	140.45	5.5	1.83738095
120	r2	16.95	0.0	0.0
120	rnapol	0.15	0.0	0.0
121	__protein1_rbs	10.3	0.0	0.0
121	__protein2_rbs	10.45	0.0	0.0
121	__protein3_rbs	3.85	0.0	0.0
121	__ribosome	30.3	0.0	0.0
121	__rnase_site_ext	16.1	0.0	0.0
121	p0	0.8	0.0	0.0
121	p1	0.4	0.0	0.0
121	protein1	515.15	15.8	1.90397565
121	protein2	490.4	16.15	1.86251495
121	protein3	142.5	5.7	1.7467857000000002
121	r2	16.95	0.0	0.0
121	rnapol	0.15	0.0	0.0
122	__protein1_rbs	9.5	0.0	0.0
122	__protein2_rbs	10.05	0.0	0.0
122	__protein3_rbs	3.75	0.0	0.0
122	__ribosome	30.6	0.0	0.0
122	__rnase_site_ext	16.35	0.0	0.0
122	p0	0.7	0.0	0.0
122	p1	0.55	0.0	0.0
122	protein1	521.8	16.0	1.8730033
122	protein2	496.3	16.2	1.8707394
122	protein3	144.95	5.65	1.6827182
122	r2	17.1	0.0	0.0
122	rnapol	0.15	0.0	0.0
123	__protein1_rbs	9.8	0.0	0.0
123	__protein2_rbs	10.5	0.0	0.0
123	__protein3_rbs	3.6	0.0	0.0
123	__ribosome	29.95	0.0	0.0
123	__rnase_site_ext	16.5	0.0	0.0
123	p0	0.85	0.0	0.0
123	p1	0.8	0.0	0.0
123	protein1	527.45	16.05	1.90711595
123	protein2	502.6	16.25	1.8418674
123	protein3	146.65	5.7	1.75341275
123	r2	17.25	0.0	0.0
123	rnapol	0.0	0.0	0.0
124	__protein1_rbs	10.25	0.0	0.0
124	__protein2_rbs	10.55	0.0	0.0
124	__protein3_rbs	3.55	0.0	0.0
124	__ribosome	28.7	0.0	0.0
124	__rnase_site_ext	16.5	0.0	0.0
124	p0	0.9	0.0	0.0
124	p1	0.8	0.0	0.0
124	protein1	533.5	16.45	1.88090805
124	protein2	508.8	16.3	1.8605535
124	protein3	148.3	5.7	1.87265875
124	r2	17.2	0.0	0.0
124	rnapol	0.0	0.0	0.0
125	__protein1_rbs	10.2	0.0	0.0
125	__protein2_rbs	10.2	0.0	0.0
125	__protein3_rbs	3.4	0.0	0.0
125	__ribosome	29.1	0.0	0.0
125	__rnase_site_ext	16.45	0.0	0.0
125	p0	0.75	0.0	0.0
125	p1	0.6	0.0	0.0
125	protein1	540.15	16.35	1.87756995
125	protein2	515.35	16.6	1.83180695
125	protein3	150.55	5.75	1.8119445
125	r2	17.05	0.0	0.0
125	rnapol	0.05	0.0	0.0
126	__protein1_rbs	10.55	0.0	0.0
126	__protein2_rbs	10.55	0.0	0.0
126	__protein3_rbs	3.7	0.0	0.0
126	__ribosome	28.15	0.0	0.0
126	__rnase_site_ext	16.6	0.0	0.0
126	p0	0.75	0.0	0.0
126	p1	0.6	0.0	0.0
126	protein1	546.2	16.4	1.8858554
126	protein2	520.9	16.7	1.86195285
126	protein3	152.55	5.8	1.81744045
126	r2	16.9	0.0	0.0
126	rnapol	0.1	0.0	0.0
127	__protein1_rbs	10.85	0.0	0.0
127	__protein2_rbs	10.2	0.0	0.0
127	__protein3_rbs	3.55	0.0	0.0
127	__ribosome	28.2	0.0	0.0
127	__rnase_site_ext	16.75	0.0	0.0
127	p0	0.75	0.0	0.0
127	p1	0.6	0.0	0.0
127	protein1	552.75	16.35	1.8552963500000004
127	protein2	527.9	16.75	1.83945465
127	protein3	154.35	5.8	1.9546627
127	r2	16.75	0.0	0.0
127	rnapol	0.05	0.0	0.0
128	__protein1_rbs	10.8	0.0	0.0
128	__protein2_rbs	10.5	0.0	0.0
128	__protein3_rbs	3.75	0.0	0.0
128	__ribosome	27.4	0.0	0.0
128	__rnase_site_ext	16.9	0.0	0.0
128	p0	0.85	0.0	0.0
128	p1	0.55	0.0	0.0
128	protein1	558.55	16.55	1.86739635
128	protein2	533.85	16.65	1.8782656999999998
128	protein3	156.65	5.85	1.8768254
128	r2	16.75	0.0	0.0
128	rnapol	0.05	0.0	0.0
129	__protein1_rbs	10.15	0.0	0.0
129	__protein2_rbs	10.55	0.0	0.0
129	__protein3_rbs	3.9	0.0	0.0
129	__ribosome	26.65	0.0	0.0
129	__rnase_site_ext	17.0	0.0	0.0
129	p0	0.6	0.0	0.0
129	p1	0.75	0.0	0.0
129	protein1	564.9	16.65	1.8612375
129	protein2	539.3	16.85	1.9076104
129	protein3	158.9	5.9	1.8305159
129	r2	17.0	0.0	0.0
129	rnapol	0.15	0.0	0.0
130	__protein1_rbs	10.65	0.0	0.0
130	__protein2_rbs	10.95	0.0	0.0
130	__protein3_rbs	4.05	0.0	0.0
130	__ribosome	27.15	0.0	0.0
130	__rnase_site_ext	17.3	0.0	0.0
130	p0	0.7	0.0	0.0
130	p1	0.65	0.0	0.0
130	protein1	571.25	16.7	1.8799484
130	protein2	545.9	17.0	1.86481935
130	protein3	161.2	5.9	1.7670437
130	r2	17.05	0.0	0.0
130	rnapol	0.0	0.0	0.0
131	__protein1_rbs	10.65	0.0	0.0
131	__protein2_rbs	11.15	0.0	0.0
131	__protein3_rbs	3.8	0.0	0.0
131	__ribosome	28.05	0.0	0.0
131	__rnase_site_ext	17.35	0.0	0.0
131	p0	0.75	0.0	0.0
131	p1	0.6	0.0	0.0
131	protein1	577.5	17.15	1.83291615
131	protein2	552.95	17.2	1.78474735
131	protein3	163.35	5.7	1.8147222
131	r2	17.15	0.0	0.0
131	rnapol	0.0	0.0	0.0
132	__protein1_rbs	10.45	0.0	0.0
132	__protein2_rbs	11.55	0.0	0.0
132	__protein3_rbs	3.75	0.0	0.0
132	__ribosome	27.7	0.0	0.0
132	__rnase_site_ext	17.35	0.0	0.0
132	p0	0.95	0.0	0.0
132	p1	0.55	0.0	0.0
132	protein1	583.8	17.05	1.87063375
132	protein2	559.2	17.4	1.7603629
132	protein3	165.75	5.75	1.7688095
132	r2	17.25	0.0	0.0
132	rnapol	0.05	0.0	0.0
133	__protein1_rbs	11.15	0.0	0.0
133	__protein2_rbs	10.7	0.0	0.0
133	__protein3_rbs	3.85	0.0	0.0
133	__ribosome	28.0	0.0	0.0
133	__rnase_site_ext	17.45	0.0	0.0
133	p0	0.75	0.0	0.0
133	p1	0.75	0.0	0.0
133	protein1	590.5	17.15	1.84131225
133	protein2	565.45	17.4	1.7990658
133	protein3	168.05	5.75	1.7281944500000002
133	r2	17.25	0.0	0.0
133	rnapol	0.0	0.0	0.0
134	__protein1_rbs	10.5	0.0	0.0
134	__protein2_rbs	10.8	0.0	0.0
134	__protein3_rbs	3.3	0.0	0.0
134	__ribosome	26.35	0.0	0.0
134	__rnase_site_ext	17.5	0.0	0.0
134	p0	0.85	0.0	0.0
134	p1	0.55	0.0	0.0
134	protein1	596.9	17.3	1.8371582999999998
134	protein2	571.9	17.4	1.8400893499999995
134	protein3	169.85	5.75	1.8360118000000003
134	r2	17.25	0.0	0.0
134	rnapol	0.05	0.0	0.0
135	__protein1_rbs	11.35	0.0	0.0
135	__protein2_rbs	10.8	0.0	0.0
135	__protein3_rbs	3.95	0.0	0.0
135	__ribosome	26.45	0.0	0.0
135	__rnase_site_ext	17.8	0.0	0.0
135	p0	0.85	0.0	0.0
135	p1	0.4	0.0	0.0
135	protein1	603.45	17.4	1.80375905
135	protein2	578.15	17.4	1.8679605499999996
135	protein3	172.1	5.85	1.7867063000000003
135	r2	17.25	0.0	0.0
135	rnapol	0.05	0.0	0.0
136	__protein1_rbs	12.4	0.0	0.0
136	__protein2_rbs	10.8	0.0	0.0
136	__protein3_rbs	3.85	0.0	0.0
136	__ribosome	27.1	0.0	0.0
136	__rnase_site_ext	17.75	0.0	0.0
136	p0	0.9	0.0	0.0
136	p1	0.65	0.0	0.0
136	protein1	609.8	17.6	1.7580437999999998
136	protein2	585.05	17.75	1.8332443
136	protein3	174.25	5.85	1.7853571
136	r2	17.4	0.0	0.0
136	rnapol	0.0	0.0	0.0
137	__protein1_rbs	11.45	0.0	0.0
137	__protein2_rbs	11.35	0.0	0.0
137	__protein3_rbs	3.5	0.0	0.0
137	__ribosome	26.15	0.0	0.0
137	__rnase_site_ext	17.75	0.0	0.0
137	p0	0.75	0.0	0.0
137	p1	0.65	0.0	0.0
137	protein1	616.55	17.7	1.7526131000000005
137	protein2	591.2	17.7	1.85126175
137	protein3	176.05	5.85	1.94541665
137	r2	17.5	0.0	0.0
137	rnapol	0.0	0.0	0.0
138	__protein1_rbs	11.4	0.0	0.0
138	__protein2_rbs	10.9	0.0	0.0
138	__protein3_rbs	3.8	0.0	0.0
138	__ribosome	25.45	0.0	0.0
138	__rnase_site_ext	17.65	0.0	0.0
138	p0	0.8	0.0	0.0
138	p1	0.75	0.0	0.0
138	protein1	622.65	17.6	1.7692982999999998
138	protein2	597.75	18.15	1.82930195
138	protein3	178.25	5.95	1.8719841999999995
138	r2	17.6	0.0	0.0
138	rnapol	0.15	0.0	0.0
139	__protein1_rbs	12.15	0.0	0.0
139	__protein2_rbs	12.25	0.0	0.0
139	__protein3_rbs	4.15	0.0	0.0
139	__ribosome	27.35	0.0	0.0
139	__rnase_site_ext	17.95	0.0	0.0
139	p0	0.75	0.0	0.0
139	p1	0.7	0.0	0.0
139	protein1	629.3	17.55	1.7237216999999998
139	protein2	604.95	18.5	1.76927485
139	protein3	180.55	5.9	1.80027775
139	r2	17.55	0.0	0.0
139	rnapol	0.05	0.0	0.0
140	__protein1_rbs	10.5	0.0	0.0
140	__protein2_rbs	11.8	0.0	0.0
140	__protein3_rbs	3.45	0.0	0.0
140	__ribosome	25.6	0.0	0.0
140	__rnase_site_ext	17.95	0.0	0.0
140	p0	0.75	0.0	0.0
140	p1	0.65	0.0	0.0
140	protein1	635.9	17.6	1.7531337
140	protein2	611.35	18.7	1.80296805
140	protein3	182.85	5.85	1.8864286
140	r2	17.85	0.0	0.0
140	rnapol	0.0	0.0	0.0
141	__protein1_rbs	11.7	0.0	0.0
141	__protein2_rbs	12.15	0.0	0.0
141	__protein3_rbs	3.95	0.0	0.0
141	__ribosome	25.85	0.0	0.0
141	__rnase_site_ext	18.15	0.0	0.0
141	p0	0.8	0.0	0.0
141	p1	0.75	0.0	0.0
141	protein1	641.95	17.75	1.7496675499999998
141	protein2	618.3	18.75	1.7963466
141	protein3	185.05	5.75	1.86285715
141	r2	17.95	0.0	0.0
141	rnapol	0.0	0.0	0.0
142	__protein1_rbs	11.75	0.0	0.0
142	__protein2_rbs	12.45	0.0	0.0
142	__protein3_rbs	3.75	0.0	0.0
142	__ribosome	25.75	0.0	0.0
142	__rnase_site_ext	18.1	0.0	0.0
142	p0	0.9	0.0	0.0
142	p1	0.65	0.0	0.0
142	protein1	648.2	17.95	1.75328375
142	protein2	625.0	18.75	1.7815016
142	protein3	187.0	5.7	1.85357145
142	r2	18.2	0.0	0.0
142	rnapol	0.1	0.0	0.0
143	__protein1_rbs	12.5	0.0	0.0
143	__protein2_rbs	11.75	0.0	0.0
143	__protein3_rbs	3.65	0.0	0.0
143	__ribosome	26.35	0.0	0.0
143	__rnase_site_ext	18.25	0.0	0.0
143	p0	0.6	0.0	0.0
143	p1	0.65	0.0	0.0
143	protein1	654.65	18.0	1.7302471
143	protein2	632.2	18.45	1.8132975
143	protein3	189.45	5.65	1.7394048000000002
143	r2	18.55	0.0	0.0
143	rnapol	0.15	0.0	0.0
144	__protein1_rbs	11.8	0.0	0.0
144	__protein2_rbs	11.85	0.0	0.0
144	__protein3_rbs	4.05	0.0	0.0
144	__ribosome	25.7	0.0	0.0
144	__rnase_site_ext	18.4	0.0	0.0
144	p0	0.75	0.0	0.0
144	p1	0.5	0.0	0.0
144	protein1	661.0	17.95	1.7163085500000002
144	protein2	638.6	18.7	1.8241447
144	protein3	191.3	5.8	1.7170833499999998
144	r2	18.65	0.0	0.0
144	rnapol	0.3	0.0	0.0
145	__protein1_rbs	12.1	0.0	0.0
145	__protein2_rbs	11.7	0.0	0.0
145	__protein3_rbs	3.85	0.0	0.0
145	__ribosome	25.4	0.0	0.0
145	__rnase_site_ext	18.6	0.0	0.0
145	p0	0.75	0.0	0.0
145	p1	0.5	0.0	0.0
145	protein1	667.25	18.25	1.69917895
145	protein2	645.7	18.85	1.8334345
145	protein3	193.7	5.8	1.6291666500000002
145	r2	18.75	0.0	0.0
145	rnapol	0.2	0.0	0.0
146	__protein1_rbs	12.15	0.0	0.0
146	__protein2_rbs	12.8	0.0	0.0
146	__protein3_rbs	3.55	0.0	0.0
146	__ribosome	25.45	0.0	0.0
146	__rnase_site_ext	18.35	0.0	0.0
146	p0	0.8	0.0	0.0
146	p1	0.7	0.0	0.0
146	protein1	674.05	18.3	1.6860346000000002
146	protein2	652.75	18.9	1.8109008000000002
146	protein3	195.6	5.85	1.6661111000000002
146	r2	18.7	0.0	0.0
146	rnapol	0.0	0.0	0.0
147	__protein1_rbs	11.4	0.0	0.0
147	__protein2_rbs	11.8	0.0	0.0
147	__protein3_rbs	3.55	0.0	0.0
147	__ribosome	24.65	0.0	0.0
147	__rnase_site_ext	18.35	0.0	0.0
147	p0	0.85	0.0	0.0
147	p1	0.75	0.0	0.0
147	protein1	680.85	18.25	1.71803005
147	protein2	660.0	18.8	1.8332019500000003
147	protein3	197.4	5.85	1.7045833
147	r2	18.7	0.0	0.0
147	rnapol	0.0	0.0	0.0
148	__protein1_rbs	11.7	0.0	0.0
148	__protein2_rbs	13.25	0.0	0.0
148	__protein3_rbs	3.9	0.0	0.0
148	__ribosome	25.8	0.0	0.0
148	__rnase_site_ext	18.3	0.0	0.0
148	p0	1.0	0.0	0.0
148	p1	0.65	0.0	0.0
148	protein1	687.3	18.2	1.73475755
148	protein2	667.0	18.75	1.7744417
148	protein3	199.75	5.95	1.6791666499999998
148	r2	18.75	0.0	0.0
148	rnapol	0.25	0.0	0.0
149	__protein1_rbs	12.35	0.0	0.0
149	__protein2_rbs	12.9	0.0	0.0
149	__protein3_rbs	4.3	0.0	0.0
149	__ribosome	26.95	0.0	0.0
149	__rnase_site_ext	18.55	0.0	0.0
149	p0	0.75	0.0	0.0
149	p1	0.35	0.0	0.0
149	protein1	693.5	18.15	1.7486051000000002
149	protein2	674.75	19.0	1.6959299
149	protein3	201.7	5.95	1.64194445
149	r2	19.0	0.0	0.0
149	rnapol	0.05	0.0	0.0
150	__protein1_rbs	11.4	0.0	0.0
150	__protein2_rbs	11.6	0.0	0.0
150	__protein3_rbs	4.0	0.0	0.0
150	__ribosome	25.0	0.0	0.0
150	__rnase_site_ext	18.5	0.0	0.0
150	p0	0.95	0.0	0.0
150	p1	0.35	0.0	0.0
150	protein1	699.65	18.35	1.7873244499999998
150	protein2	681.75	19.2	1.7159435499999998
150	protein3	203.7	6.0	1.64944445
150	r2	19.05	0.0	0.0
150	rnapol	0.05	0.0	0.0
151	__protein1_rbs	12.15	0.0	0.0
151	__protein2_rbs	12.25	0.0	0.0
151	__protein3_rbs	3.8	0.0	0.0
151	__ribosome	24.5	0.0	0.0
151	__rnase_site_ext	18.5	0.0	0.0
151	p0	0.8	0.0	0.0
151	p1	0.7	0.0	0.0
151	protein1	706.1	18.4	1.8240749499999995
151	protein2	688.8	19.35	1.70178665
151	protein3	206.05	5.95	1.6080555500000002
151	r2	19.15	0.0	0.0
151	rnapol	0.05	0.0	0.0
152	__protein1_rbs	11.05	0.0	0.0
152	__protein2_rbs	13.5	0.0	0.0
152	__protein3_rbs	3.5	0.0	0.0
152	__ribosome	23.65	0.0	0.0
152	__rnase_site_ext	18.45	0.0	0.0
152	p0	0.95	0.0	0.0
152	p1	0.75	0.0	0.0
152	protein1	713.4	18.35	1.8446362
152	protein2	695.05	19.5	1.6815959999999999
152	protein3	208.0	5.95	1.75069445
152	r2	19.2	0.0	0.0
152	rnapol	0.05	0.0	0.0
153	__protein1_rbs	13.35	0.0	0.0
153	__protein2_rbs	12.9	0.0	0.0
153	__protein3_rbs	4.1	0.0	0.0
153	__ribosome	24.85	0.0	0.0
153	__rnase_site_ext	18.5	0.0	0.0
153	p0	0.8	0.0	0.0
153	p1	0.8	0.0	0.0
153	protein1	719.85	18.3	1.7869309000000004
153	protein2	701.95	19.8	1.65757685
153	protein3	210.05	6.05	1.7285227500000002
153	r2	19.2	0.0	0.0
153	rnapol	0.15	0.0	0.0
154	__protein1_rbs	12.4	0.0	0.0
154	__protein2_rbs	13.1	0.0	0.0
154	__protein3_rbs	3.8	0.0	0.0
154	__ribosome	23.65	0.0	0.0
154	__rnase_site_ext	18.45	0.0	0.0
154	p0	0.9	0.0	0.0
154	p1	0.65	0.0	0.0
154	protein1	726.75	18.3	1.7743773500000004
154	protein2	708.45	20.15	1.6750641999999996
154	protein3	212.05	6.25	1.7862229499999998
154	r2	19.4	0.0	0.0
154	rnapol	0.25	0.0	0.0
155	__protein1_rbs	11.45	0.0	0.0
155	__protein2_rbs	13.5	0.0	0.0
155	__protein3_rbs	4.25	0.0	0.0
155	__ribosome	24.5	0.0	0.0
155	__rnase_site_ext	18.45	0.0	0.0
155	p0	0.7	0.0	0.0
155	p1	0.65	0.0	0.0
155	protein1	734.0	18.4	1.7717192999999998
155	protein2	715.7	19.95	1.66834315
155	protein3	213.95	6.25	1.81774715
155	r2	19.4	0.0	0.0
155	rnapol	0.0	0.0	0.0
156	__protein1_rbs	12.05	0.0	0.0
156	__protein2_rbs	13.6	0.0	0.0
156	__protein3_rbs	3.95	0.0	0.0
156	__ribosome	25.6	0.0	0.0
156	__rnase_site_ext	18.4	0.0	0.0
156	p0	0.85	0.0	0.0
156	p1	0.75	0.0	0.0
156	protein1	741.55	18.15	1.7279640500000002
156	protein2	722.55	20.05	1.64615835
156	protein3	216.5	6.3	1.7324171000000002
156	r2	19.5	0.0	0.0
156	rnapol	0.05	0.0	0.0
157	__protein1_rbs	12.1	0.0	0.0
157	__protein2_rbs	12.35	0.0	0.0
157	__protein3_rbs	4.0	0.0	0.0
157	__ribosome	24.05	0.0	0.0
157	__rnase_site_ext	18.5	0.0	0.0
157	p0	0.8	0.0	0.0
157	p1	0.8	0.0	0.0
157	protein1	747.95	18.2	1.70966785
157	protein2	729.0	19.95	1.7329925000000004
157	protein3	218.6	6.4	1.72848845
157	r2	19.55	0.0	0.0
157	rnapol	0.0	0.0	0.0
158	__protein1_rbs	12.15	0.0	0.0
158	__protein2_rbs	13.5	0.0	0.0
158	__protein3_rbs	4.45	0.0	0.0
158	__ribosome	23.55	0.0	0.0
158	__rnase_site_ext	18.45	0.0	0.0
158	p0	0.65	0.0	0.0
158	p1	0.7	0.0	0.0
158	protein1	753.65	18.25	1.7567554
158	protein2	736.2	20.05	1.6912180000000003
158	protein3	220.7	6.35	1.72340735
158	r2	19.6	0.0	0.0
158	rnapol	0.1	0.0	0.0
159	__protein1_rbs	12.05	0.0	0.0
159	__protein2_rbs	13.35	0.0	0.0
159	__protein3_rbs	4.25	0.0	0.0
159	__ribosome	23.45	0.0	0.0
159	__rnase_site_ext	18.7	0.0	0.0
159	p0	0.75	0.0	0.0
159	p1	0.65	0.0	0.0
159	protein1	760.15	18.35	1.7333805000000002
159	protein2	742.8	20.1	1.71554485
159	protein3	223.15	6.35	1.72797625
159	r2	19.95	0.0	0.0
159	rnapol	0.1	0.0	0.0
160	__protein1_rbs	12.45	0.0	0.0
160	__protein2_rbs	14.25	0.0	0.0
160	__protein3_rbs	4.35	0.0	0.0
160	__ribosome	25.0	0.0	0.0
160	__rnase_site_ext	18.8	0.0	0.0
160	p0	0.9	0.0	0.0
160	p1	0.6	0.0	0.0
160	protein1	767.1	18.45	1.6956209500000003
160	protein2	750.05	20.25	1.6631062499999998
160	protein3	225.55	6.4	1.6708349000000002
160	r2	20.05	0.0	0.0
160	rnapol	0.1	0.0	0.0
161	__protein1_rbs	12.35	0.0	0.0
161	__protein2_rbs	13.5	0.0	0.0
161	__protein3_rbs	4.3	0.0	0.0
161	__ribosome	25.3	0.0	0.0
161	__rnase_site_ext	18.8	0.0	0.0
161	p0	0.75	0.0	0.0
161	p1	0.65	0.0	0.0
161	protein1	774.15	18.6	1.6753432000000001
161	protein2	757.35	19.95	1.6789979
161	protein3	227.9	6.55	1.63730305
161	r2	20.2	0.0	0.0
161	rnapol	0.1	0.0	0.0
162	__protein1_rbs	11.95	0.0	0.0
162	__protein2_rbs	12.7	0.0	0.0
162	__protein3_rbs	4.25	0.0	0.0
162	__ribosome	24.2	0.0	0.0
162	__rnase_site_ext	18.85	0.0	0.0
162	p0	0.75	0.0	0.0
162	p1	0.75	0.0	0.0
162	protein1	780.4	18.55	1.7140456500000003
162	protein2	765.1	19.9	1.6941865500000002
162	protein3	230.1	6.6	1.65405675
162	r2	20.3	0.0	0.0
162	rnapol	0.05	0.0	0.0
163	__protein1_rbs	13.0	0.0	0.0
163	__protein2_rbs	12.85	0.0	0.0
163	__protein3_rbs	4.75	0.0	0.0
163	__ribosome	23.55	0.0	0.0
163	__rnase_site_ext	18.7	0.0	0.0
163	p0	0.9	0.0	0.0
163	p1	0.5	0.0	0.0
163	protein1	786.55	18.75	1.7147245500000003
163	protein2	772.05	19.85	1.7176301500000002
163	protein3	232.1	6.6	1.66058155
163	r2	20.4	0.0	0.0
163	rnapol	0.15	0.0	0.0
164	__protein1_rbs	11.9	0.0	0.0
164	__protein2_rbs	13.6	0.0	0.0
164	__protein3_rbs	3.65	0.0	0.0
164	__ribosome	23.6	0.0	0.0
164	__rnase_site_ext	18.75	0.0	0.0
164	p0	0.85	0.0	0.0
164	p1	0.5	0.0	0.0
164	protein1	793.65	18.7	1.7104105499999995
164	protein2	779.0	20.0	1.6866063999999998
164	protein3	234.6	6.65	1.7015873000000004
164	r2	20.4	0.0	0.0
164	rnapol	0.05	0.0	0.0
165	__protein1_rbs	13.1	0.0	0.0
165	__protein2_rbs	12.95	0.0	0.0
165	__protein3_rbs	4.4	0.0	0.0
165	__ribosome	23.75	0.0	0.0
165	__rnase_site_ext	18.65	0.0	0.0
165	p0	0.85	0.0	0.0
165	p1	0.5	0.0	0.0
165	protein1	800.55	18.65	1.67970155
165	protein2	786.25	20.0	1.68382605
165	protein3	236.45	6.65	1.73816545
165	r2	20.3	0.0	0.0
165	rnapol	0.1	0.0	0.0
166	__protein1_rbs	12.55	0.0	0.0
166	__protein2_rbs	13.45	0.0	0.0
166	__protein3_rbs	4.3	0.0	0.0
166	__ribosome	24.45	0.0	0.0
166	__rnase_site_ext	18.75	0.0	0.0
166	p0	0.85	0.0	0.0
166	p1	0.6	0.0	0.0
166	protein1	807.4	18.45	1.6718601999999998
166	protein2	793.0	19.95	1.6981806000000002
166	protein3	238.95	6.7	1.7207569999999999
166	r2	20.3	0.0	0.0
166	rnapol	0.05	0.0	0.0
167	__protein1_rbs	12.75	0.0	0.0
167	__protein2_rbs	12.9	0.0	0.0
167	__protein3_rbs	4.35	0.0	0.0
167	__ribosome	24.2	0.0	0.0
167	__rnase_site_ext	18.65	0.0	0.0
167	p0	0.8	0.0	0.0
167	p1	0.55	0.0	0.0
167	protein1	813.95	18.6	1.6518168999999998
167	protein2	800.2	20.0	1.7031298
167	protein3	241.35	6.75	1.7311370999999998
167	r2	20.35	0.0	0.0
167	rnapol	0.1	0.0	0.0
168	__protein1_rbs	13.3	0.0	0.0
168	__protein2_rbs	13.6	0.0	0.0
168	__protein3_rbs	4.45	0.0	0.0
168	__ribosome	25.45	0.0	0.0
168	__rnase_site_ext	18.5	0.0	0.0
168	p0	0.9	0.0	0.0
168	p1	0.7	0.0	0.0
168	protein1	820.65	18.55	1.59851265
168	protein2	807.5	20.35	1.6515839499999998
168	protein3	243.85	6.85	1.72995265
168	r2	20.4	0.0	0.0
168	rnapol	0.05	0.0	0.0
169	__protein1_rbs	11.7	0.0	0.0
169	__protein2_rbs	13.85	0.0	0.0
169	__protein3_rbs	4.5	0.0	0.0
169	__ribosome	24.9	0.0	0.0
169	__rnase_site_ext	18.55	0.0	0.0
169	p0	0.8	0.0	0.0
169	p1	0.7	0.0	0.0
169	protein1	827.35	18.5	1.6429228499999995
169	protein2	814.75	20.5	1.64829665
169	protein3	246.5	6.85	1.6786431999999998
169	r2	20.5	0.0	0.0
169	rnapol	0.05	0.0	0.0
170	__protein1_rbs	12.35	0.0	0.0
170	__protein2_rbs	14.45	0.0	0.0
170	__protein3_rbs	4.35	0.0	0.0
170	__ribosome	24.3	0.0	0.0
170	__rnase_site_ext	18.85	0.0	0.0
170	p0	0.8	0.0	0.0
170	p1	0.75	0.0	0.0
170	protein1	833.75	18.4	1.6283848
170	protein2	821.55	20.45	1.6621146
170	protein3	248.7	6.8	1.86061055
170	r2	20.55	0.0	0.0
170	rnapol	0.05	0.0	0.0
171	__protein1_rbs	13.15	0.0	0.0
171	__protein2_rbs	13.5	0.0	0.0
171	__protein3_rbs	4.95	0.0	0.0
171	__ribosome	24.5	0.0	0.0
171	__rnase_site_ext	18.65	0.0	0.0
171	p0	0.8	0.0	0.0
171	p1	0.65	0.0	0.0
171	protein1	839.95	18.6	1.5858473000000002
171	protein2	828.95	20.55	1.6856418999999998
171	protein3	251.1	6.85	1.81891385
171	r2	20.5	0.0	0.0
171	rnapol	0.1	0.0	0.0
172	__protein1_rbs	12.65	0.0	0.0
172	__protein2_rbs	13.8	0.0	0.0
172	__protein3_rbs	4.7	0.0	0.0
172	__ribosome	24.45	0.0	0.0
172	__rnase_site_ext	18.75	0.0	0.0
172	p0	0.7	0.0	0.0
172	p1	0.75	0.0	0.0
172	protein1	846.35	18.5	1.56688655
172	protein2	836.2	20.7	1.69885075
172	protein3	253.55	6.9	1.83061605
172	r2	20.65	0.0	0.0
172	rnapol	0.1	0.0	0.0
173	__protein1_rbs	12.5	0.0	0.0
173	__protein2_rbs	13.65	0.0	0.0
173	__protein3_rbs	4.3	0.0	0.0
173	__ribosome	23.6	0.0	0.0
173	__rnase_site_ext	18.75	0.0	0.0
173	p0	0.75	0.0	0.0
173	p1	0.7	0.0	0.0
173	protein1	852.0	18.6	1.6044743999999995
173	protein2	843.55	20.55	1.6984741
173	protein3	256.3	6.9	1.7891284500000002
173	r2	20.6	0.0	0.0
173	rnapol	0.1	0.0	0.0
174	__protein1_rbs	12.15	0.0	0.0
174	__protein2_rbs	12.75	0.0	0.0
174	__protein3_rbs	4.4	0.0	0.0
174	__ribosome	24.2	0.0	0.0
174	__rnase_site_ext	19.0	0.0	0.0
174	p0	0.85	0.0	0.0
174	p1	0.7	0.0	0.0
174	protein1	859.25	18.6	1.57543915
174	protein2	850.8	20.35	1.7271103500000002
174	protein3	258.95	6.85	1.7359221499999995
174	r2	20.7	0.0	0.0
174	rnapol	0.05	0.0	0.0
175	__protein1_rbs	12.5	0.0	0.0
175	__protein2_rbs	13.8	0.0	0.0
175	__protein3_rbs	4.9	0.0	0.0
175	__ribosome	24.7	0.0	0.0
175	__rnase_site_ext	19.05	0.0	0.0
175	p0	0.8	0.0	0.0
175	p1	0.6	0.0	0.0
175	protein1	865.05	18.8	1.6054187499999997
175	protein2	859.0	20.4	1.6537209499999996
175	protein3	261.25	6.8	1.70524345
175	r2	20.7	0.0	0.0
175	rnapol	0.0	0.0	0.0
176	__protein1_rbs	12.3	0.0	0.0
176	__protein2_rbs	14.15	0.0	0.0
176	__protein3_rbs	4.8	0.0	0.0
176	__ribosome	23.95	0.0	0.0
176	__rnase_site_ext	19.25	0.0	0.0
176	p0	0.75	0.0	0.0
176	p1	0.65	0.0	0.0
176	protein1	870.7	18.9	1.68421845
176	protein2	866.4	20.45	1.6228668000000002
176	protein3	263.85	6.9	1.64196965
176	r2	20.7	0.0	0.0
176	rnapol	0.1	0.0	0.0
177	__protein1_rbs	13.25	0.0	0.0
177	__protein2_rbs	13.3	0.0	0.0
177	__protein3_rbs	5.1	0.0	0.0
177	__ribosome	22.8	0.0	0.0
177	__rnase_site_ext	19.2	0.0	0.0
177	p0	0.9	0.0	0.0
177	p1	0.55	0.0	0.0
177	protein1	876.95	19.05	1.6926900999999996
177	protein2	873.55	20.45	1.6741352999999997
177	protein3	266.15	6.95	1.6207990000000003
177	r2	20.85	0.0	0.0
177	rnapol	0.1	0.0	0.0
178	__protein1_rbs	13.05	0.0	0.0
178	__protein2_rbs	13.55	0.0	0.0
178	__protein3_rbs	4.8	0.0	0.0
178	__ribosome	23.8	0.0	0.0
178	__rnase_site_ext	18.85	0.0	0.0
178	p0	0.9	0.0	0.0
178	p1	0.6	0.0	0.0
178	protein1	883.75	19.0	1.6627361
178	protein2	880.7	20.45	1.6815030000000004
178	protein3	269.2	6.8	1.6015746000000002
178	r2	20.95	0.0	0.0
178	rnapol	0.1	0.0	0.0
179	__protein1_rbs	13.3	0.0	0.0
179	__protein2_rbs	13.8	0.0	0.0
179	__protein3_rbs	4.5	0.0	0.0
179	__ribosome	24.5	0.0	0.0
179	__rnase_site_ext	18.85	0.0	0.0
179	p0	0.8	0.0	0.0
179	p1	0.7	0.0	0.0
179	protein1	890.55	18.65	1.6567769
179	protein2	888.1	20.45	1.6877717
179	protein3	271.65	6.7	1.5900108000000002
179	r2	21.05	0.0	0.0
179	rnapol	0.1	0.0	0.0
180	__protein1_rbs	12.3	0.0	0.0
180	__protein2_rbs	12.9	0.0	0.0
180	__protein3_rbs	4.35	0.0	0.0
180	__ribosome	23.35	0.0	0.0
180	__rnase_site_ext	18.85	0.0	0.0
180	p0	0.75	0.0	0.0
180	p1	0.5	0.0	0.0
180	protein1	897.5	18.6	1.6606364499999997
180	protein2	895.0	20.45	1.7263946499999996
180	protein3	273.95	6.85	1.6059470999999998
180	r2	21.1	0.0	0.0
180	rnapol	0.1	0.0	0.0
181	__protein1_rbs	12.4	0.0	0.0
181	__protein2_rbs	13.15	0.0	0.0
181	__protein3_rbs	4.35	0.0	0.0
181	__ribosome	23.75	0.0	0.0
181	__rnase_site_ext	18.9	0.0	0.0
181	p0	0.75	0.0	0.0
181	p1	0.7	0.0	0.0
181	protein1	905.0	18.6	1.6176195999999998
181	protein2	902.55	20.55	1.7267760999999997
181	protein3	276.2	6.9	1.60504775
181	r2	21.05	0.0	0.0
181	rnapol	0.05	0.0	0.0
182	__protein1_rbs	12.45	0.0	0.0
182	__protein2_rbs	14.05	0.0	0.0
182	__protein3_rbs	4.6	0.0	0.0
182	__ribosome	24.2	0.0	0.0
182	__rnase_site_ext	18.8	0.0	0.0
182	p0	0.75	0.0	0.0
182	p1	0.65	0.0	0.0
182	protein1	911.1	18.6	1.6613491000000002
182	protein2	910.75	20.6	1.6572432000000001
182	protein3	278.55	6.85	1.6265441500000002
182	r2	20.9	0.0	0.0
182	rnapol	0.05	0.0	0.0
183	__protein1_rbs	11.85	0.0	0.0
183	__protein2_rbs	14.5	0.0	0.0
183	__protein3_rbs	4.15	0.0	0.0
183	__ribosome	23.65	0.0	0.0
183	__rnase_site_ext	18.5	0.0	0.0
183	p0	0.7	0.0	0.0
183	p1	0.7	0.0	0.0
183	protein1	917.3	18.6	1.6975690500000002
183	protein2	917.55	20.6	1.63913175
183	protein3	280.95	6.9	1.64408085
183	r2	20.95	0.0	0.0
183	rnapol	0.05	0.0	0.0
184	__protein1_rbs	12.35	0.0	0.0
184	__protein2_rbs	13.7	0.0	0.0
184	__protein3_rbs	4.65	0.0	0.0
184	__ribosome	23.15	0.0	0.0
184	__rnase_site_ext	18.75	0.0	0.0
184	p0	0.85	0.0	0.0
184	p1	0.75	0.0	0.0
184	protein1	923.75	18.4	1.7306028000000002
184	protein2	925.0	20.6	1.6523779500000004
184	protein3	283.05	6.8	1.6915104000000003
184	r2	21.05	0.0	0.0
184	rnapol	0.1	0.0	0.0
185	__protein1_rbs	13.05	0.0	0.0
185	__protein2_rbs	14.1	0.0	0.0
185	__protein3_rbs	4.05	0.0	0.0
185	__ribosome	24.95	0.0	0.0
185	__rnase_site_ext	18.8	0.0	0.0
185	p0	0.9	0.0	0.0
185	p1	0.6	0.0	0.0
185	protein1	930.55	18.55	1.6593723500000004
185	protein2	932.65	20.6	1.6361315
185	protein3	286.0	6.7	1.7126496999999998
185	r2	21.25	0.0	0.0
185	rnapol	0.2	0.0	0.0
186	__protein1_rbs	11.75	0.0	0.0
186	__protein2_rbs	13.0	0.0	0.0
186	__protein3_rbs	4.6	0.0	0.0
186	__ribosome	23.4	0.0	0.0
186	__rnase_site_ext	19.0	0.0	0.0
186	p0	0.7	0.0	0.0
186	p1	0.5	0.0	0.0
186	protein1	937.05	18.6	1.6800123999999996
186	protein2	940.2	20.6	1.66609105
186	protein3	288.0	6.7	1.7327848999999995
186	r2	21.35	0.0	0.0
186	rnapol	0.05	0.0	0.0
187	__protein1_rbs	12.65	0.0	0.0
187	__protein2_rbs	13.1	0.0	0.0
187	__protein3_rbs	4.25	0.0	0.0
187	__ribosome	21.15	0.0	0.0
187	__rnase_site_ext	18.6	0.0	0.0
187	p0	0.8	0.0	0.0
187	p1	0.5	0.0	0.0
187	protein1	943.6	18.8	1.6799008999999998
187	protein2	947.0	20.6	1.7255763000000002
187	protein3	290.3	6.8	1.83889605
187	r2	21.2	0.0	0.0
187	rnapol	0.05	0.0	0.0
188	__protein1_rbs	11.7	0.0	0.0
188	__protein2_rbs	14.75	0.0	0.0
188	__protein3_rbs	4.8	0.0	0.0
188	__ribosome	22.9	0.0	0.0
188	__rnase_site_ext	18.65	0.0	0.0
188	p0	0.9	0.0	0.0
188	p1	0.7	0.0	0.0
188	protein1	950.7	18.55	1.7237952000000003
188	protein2	954.05	20.55	1.6736779
188	protein3	293.3	6.85	1.6859289000000002
188	r2	21.4	0.0	0.0
188	rnapol	0.2	0.0	0.0
189	__protein1_rbs	12.25	0.0	0.0
189	__protein2_rbs	14.35	0.0	0.0
189	__protein3_rbs	5.0	0.0	0.0
189	__ribosome	22.6	0.0	0.0
189	__rnase_site_ext	18.8	0.0	0.0
189	p0	0.75	0.0	0.0
189	p1	0.55	0.0	0.0
189	protein1	956.95	18.55	1.7549369
189	protein2	960.75	20.5	1.68384855
189	protein3	295.9	6.9	1.5639232
189	r2	21.35	0.0	0.0
189	rnapol	0.0	0.0	0.0
190	__protein1_rbs	11.85	0.0	0.0
190	__protein2_rbs	12.85	0.0	0.0
190	__protein3_rbs	5.0	0.0	0.0
190	__ribosome	22.95	0.0	0.0
190	__rnase_site_ext	18.7	0.0	0.0
190	p0	0.8	0.0	0.0
190	p1	0.55	0.0	0.0
190	protein1	963.5	18.55	1.78769085
190	protein2	969.3	20.65	1.6551921999999997
190	protein3	298.45	6.9	1.4909975
190	r2	21.3	0.0	0.0
190	rnapol	0.15	0.0	0.0
191	__protein1_rbs	12.7	0.0	0.0
191	__protein2_rbs	13.65	0.0	0.0
191	__protein3_rbs	4.65	0.0	0.0
191	__ribosome	23.85	0.0	0.0
191	__rnase_site_ext	18.85	0.0	0.0
191	p0	0.95	0.0	0.0
191	p1	0.5	0.0	0.0
191	protein1	970.4	18.6	1.75572245
191	protein2	977.35	20.9	1.61288815
191	protein3	300.8	6.95	1.5455158999999998
191	r2	21.2	0.0	0.0
191	rnapol	0.15	0.0	0.0
192	__protein1_rbs	12.8	0.0	0.0
192	__protein2_rbs	13.4	0.0	0.0
192	__protein3_rbs	4.8	0.0	0.0
192	__ribosome	24.4	0.0	0.0
192	__rnase_site_ext	18.85	0.0	0.0
192	p0	0.8	0.0	0.0
192	p1	0.65	0.0	0.0
192	protein1	977.45	18.65	1.7076418000000002
192	protein2	984.75	20.85	1.6415273999999997
192	protein3	303.6	7.0	1.48542935
192	r2	21.2	0.0	0.0
192	rnapol	0.0	0.0	0.0
193	__protein1_rbs	12.85	0.0	0.0
193	__protein2_rbs	13.8	0.0	0.0
193	__protein3_rbs	4.75	0.0	0.0
193	__ribosome	22.65	0.0	0.0
193	__rnase_site_ext	18.7	0.0	0.0
193	p0	0.9	0.0	0.0
193	p1	0.75	0.0	0.0
193	protein1	984.85	18.75	1.66476075
193	protein2	991.2	21.0	1.7123499999999996
193	protein3	305.4	7.0	1.57263885
193	r2	21.05	0.0	0.0
193	rnapol	0.05	0.0	0.0
194	__protein1_rbs	12.3	0.0	0.0
194	__protein2_rbs	13.9	0.0	0.0
194	__protein3_rbs	4.25	0.0	0.0
194	__ribosome	21.8	0.0	0.0
194	__rnase_site_ext	18.8	0.0	0.0
194	p0	0.8	0.0	0.0
194	p1	0.65	0.0	0.0
194	protein1	991.8	18.6	1.678608
194	protein2	998.35	21.0	1.7341505000000002
194	protein3	307.85	7.0	1.6396230999999999
194	r2	21.1	0.0	0.0
194	rnapol	0.05	0.0	0.0
195	__protein1_rbs	13.1	0.0	0.0
195	__protein2_rbs	13.5	0.0	0.0
195	__protein3_rbs	5.2	0.0	0.0
195	__ribosome	22.55	0.0	0.0
195	__rnase_site_ext	18.8	0.0	0.0
195	p0	0.85	0.0	0.0
195	p1	0.65	0.0	0.0
195	protein1	998.25	18.55	1.6539516999999997
195	protein2	1006.3	21.05	1.7286188999999998
195	protein3	310.05	6.95	1.5935443999999999
195	r2	21.3	0.0	0.0
195	rnapol	0.25	0.0	0.0
196	__protein1_rbs	12.7	0.0	0.0
196	__protein2_rbs	14.55	0.0	0.0
196	__protein3_rbs	4.2	0.0	0.0
196	__ribosome	22.4	0.0	0.0
196	__rnase_site_ext	19.0	0.0	0.0
196	p0	0.65	0.0	0.0
196	p1	0.65	0.0	0.0
196	protein1	1004.95	18.6	1.6427169499999998
196	protein2	1013.85	20.85	1.7397982
196	protein3	312.2	6.9	1.7226534
196	r2	21.2	0.0	0.0
196	rnapol	0.1	0.0	0.0
197	__protein1_rbs	12.1	0.0	0.0
197	__protein2_rbs	13.35	0.0	0.0
197	__protein3_rbs	4.8	0.0	0.0
197	__ribosome	22.95	0.0	0.0
197	__rnase_site_ext	19.2	0.0	0.0
197	p0	0.9	0.0	0.0
197	p1	0.65	0.0	0.0
197	protein1	1012.3	18.85	1.6081846000000002
197	protein2	1021.8	20.6	1.75413855
197	protein3	315.0	6.8	1.70340185
197	r2	21.2	0.0	0.0
197	rnapol	0.05	0.0	0.0
198	__protein1_rbs	13.0	0.0	0.0
198	__protein2_rbs	13.05	0.0	0.0
198	__protein3_rbs	4.1	0.0	0.0
198	__ribosome	23.05	0.0	0.0
198	__rnase_site_ext	19.15	0.0	0.0
198	p0	0.75	0.0	0.0
198	p1	0.9	0.0	0.0
198	protein1	1019.1	19.05	1.5568458
198	protein2	1029.75	20.4	1.76911155
198	protein3	317.35	6.75	1.8474206999999998
198	r2	21.4	0.0	0.0
198	rnapol	0.05	0.0	0.0
199	__protein1_rbs	13.2	0.0	0.0
199	__protein2_rbs	13.8	0.0	0.0
199	__protein3_rbs	4.9	0.0	0.0
199	__ribosome	24.15	0.0	0.0
199	__rnase_site_ext	19.2	0.0	0.0
199	p0	0.85	0.0	0.0
199	p1	0.6	0.0	0.0
199	protein1	1025.65	19.1	1.5545496499999998
199	protein2	1037.45	20.55	1.7250911499999997
199	protein3	320.1	6.8	1.7308334
199	r2	21.45	0.0	0.0
199	rnapol	0.1	0.0	0.0
200	__protein1_rbs	12.45	0.0	0.0
200	__protein2_rbs	14.2	0.0	0.0
200	__protein3_rbs	3.85	0.0	0.0
200	__ribosome	23.2	0.0	0.0
200	__rnase_site_ext	19.4	0.0	0.0
200	p0	0.75	0.0	0.0
200	p1	0.65	0.0	0.0
200	protein1	1031.2	19.15	1.6068405000000001
200	protein2	1045.1	20.5	1.7019287499999998
200	protein3	322.65	6.75	1.7783929
200	r2	21.65	0.0	0.0
200	rnapol	0.05	0.0	0.0
201	__protein1_rbs	13.0	0.0	0.0
201	__protein2_rbs	14.15	0.0	0.0
201	__protein3_rbs	4.65	0.0	0.0
201	__ribosome	24.5	0.0	0.0
201	__rnase_site_ext	19.3	0.0	0.0
201	p0	0.85	0.0	0.0
201	p1	0.45	0.0	0.0
201	protein1	1038.15	19.25	1.5928502999999998
201	protein2	1052.85	20.75	1.6326093000000002
201	protein3	325.45	6.95	1.64617965
201	r2	21.65	0.0	0.0
201	rnapol	0.0	0.0	0.0
202	__protein1_rbs	12.55	0.0	0.0
202	__protein2_rbs	12.95	0.0	0.0
202	__protein3_rbs	4.75	0.0	0.0
202	__ribosome	23.1	0.0	0.0
202	__rnase_site_ext	19.2	0.0	0.0
202	p0	0.9	0.0	0.0
202	p1	0.75	0.0	0.0
202	protein1	1044.8	19.25	1.6130113499999996
202	protein2	1060.6	20.45	1.67010535
202	protein3	327.6	7.1	1.7584199000000005
202	r2	21.6	0.0	0.0
202	rnapol	0.0	0.0	0.0
203	__protein1_rbs	12.6	0.0	0.0
203	__protein2_rbs	13.5	0.0	0.0
203	__protein3_rbs	4.5	0.0	0.0
203	__ribosome	23.8	0.0	0.0
203	__rnase_site_ext	19.0	0.0	0.0
203	p0	0.85	0.0	0.0
203	p1	0.7	0.0	0.0
203	protein1	1051.65	19.05	1.63208545
203	protein2	1068.35	20.25	1.6551376000000002
203	protein3	330.35	7.0	1.7527867999999995
203	r2	21.7	0.0	0.0
203	rnapol	0.05	0.0	0.0
204	__protein1_rbs	12.35	0.0	0.0
204	__protein2_rbs	13.35	0.0	0.0
204	__protein3_rbs	5.25	0.0	0.0
204	__ribosome	22.3	0.0	0.0
204	__rnase_site_ext	19.1	0.0	0.0
204	p0	0.85	0.0	0.0
204	p1	0.7	0.0	0.0
204	protein1	1058.2	18.95	1.6529829500000002
204	protein2	1075.1	20.55	1.7125823
204	protein3	332.9	7.05	1.68128245
204	r2	21.75	0.0	0.0
204	rnapol	0.0	0.0	0.0
205	__protein1_rbs	13.45	0.0	0.0
205	__protein2_rbs	14.3	0.0	0.0
205	__protein3_rbs	4.9	0.0	0.0
205	__ribosome	23.6	0.0	0.0
205	__rnase_site_ext	19.05	0.0	0.0
205	p0	0.8	0.0	0.0
205	p1	0.7	0.0	0.0
205	protein1	1064.8	19.0	1.62310135
205	protein2	1082.55	20.6	1.681502
205	protein3	335.6	7.05	1.6810228000000005
205	r2	21.6	0.0	0.0
205	rnapol	0.15	0.0	0.0
206	__protein1_rbs	12.75	0.0	0.0
206	__protein2_rbs	14.35	0.0	0.0
206	__protein3_rbs	5.0	0.0	0.0
206	__ribosome	23.7	0.0	0.0
206	__rnase_site_ext	19.3	0.0	0.0
206	p0	0.9	0.0	0.0
206	p1	0.7	0.0	0.0
206	protein1	1071.7	19.05	1.6037172000000002
206	protein2	1089.9	20.55	1.6969885499999997
206	protein3	338.3	7.25	1.64888535
206	r2	21.25	0.0	0.0
206	rnapol	0.1	0.0	0.0
207	__protein1_rbs	13.0	0.0	0.0
207	__protein2_rbs	14.25	0.0	0.0
207	__protein3_rbs	4.5	0.0	0.0
207	__ribosome	23.55	0.0	0.0
207	__rnase_site_ext	19.4	0.0	0.0
207	p0	0.7	0.0	0.0
207	p1	0.9	0.0	0.0
207	protein1	1079.0	19.15	1.58438175
207	protein2	1097.35	20.6	1.67825305
207	protein3	340.65	7.25	1.6998539
207	r2	21.15	0.0	0.0
207	rnapol	0.05	0.0	0.0
208	__protein1_rbs	12.05	0.0	0.0
208	__protein2_rbs	13.95	0.0	0.0
208	__protein3_rbs	4.8	0.0	0.0
208	__ribosome	23.75	0.0	0.0
208	__rnase_site_ext	19.5	0.0	0.0
208	p0	0.8	0.0	0.0
208	p1	0.65	0.0	0.0
208	protein1	1086.15	19.25	1.6162538000000002
208	protein2	1105.95	20.65	1.6175234499999998
208	protein3	343.5	7.4	1.7112608499999995
208	r2	21.15	0.0	0.0
208	rnapol	0.0	0.0	0.0
209	__protein1_rbs	13.2	0.0	0.0
209	__protein2_rbs	13.95	0.0	0.0
209	__protein3_rbs	5.05	0.0	0.0
209	__ribosome	22.1	0.0	0.0
209	__rnase_site_ext	19.6	0.0	0.0
209	p0	0.75	0.0	0.0
209	p1	0.65	0.0	0.0
209	protein1	1091.95	19.35	1.6293587499999995
209	protein2	1113.4	20.6	1.64133845
209	protein3	345.75	7.4	1.7839989499999998
209	r2	21.2	0.0	0.0
209	rnapol	0.15	0.0	0.0
210	__protein1_rbs	13.8	0.0	0.0
210	__protein2_rbs	13.8	0.0	0.0
210	__protein3_rbs	5.15	0.0	0.0
210	__ribosome	22.75	0.0	0.0
210	__rnase_site_ext	19.8	0.0	0.0
210	p0	0.8	0.0	0.0
210	p1	0.65	0.0	0.0
210	protein1	1099.0	19.45	1.5971836500000005
210	protein2	1120.7	20.45	1.6409786500000003
210	protein3	348.0	7.3	1.8326191
210	r2	21.3	0.0	0.0
210	rnapol	0.2	0.0	0.0
211	__protein1_rbs	13.9	0.0	0.0
211	__protein2_rbs	13.5	0.0	0.0
211	__protein3_rbs	5.3	0.0	0.0
211	__ribosome	24.15	0.0	0.0
211	__rnase_site_ext	19.75	0.0	0.0
211	p0	0.85	0.0	0.0
211	p1	0.7	0.0	0.0
211	protein1	1105.4	19.7	1.56225005
211	protein2	1128.05	20.4	1.66494585
211	protein3	351.6	7.2	1.6521861999999998
211	r2	21.4	0.0	0.0
211	rnapol	0.05	0.0	0.0
212	__protein1_rbs	13.35	0.0	0.0
212	__protein2_rbs	13.5	0.0	0.0
212	__protein3_rbs	4.45	0.0	0.0
212	__ribosome	23.8	0.0	0.0
212	__rnase_site_ext	19.5	0.0	0.0
212	p0	0.8	0.0	0.0
212	p1	0.6	0.0	0.0
212	protein1	1113.35	19.65	1.5257951000000003
212	protein2	1134.95	20.55	1.6996001000000005
212	protein3	354.55	7.05	1.72363465
212	r2	21.3	0.0	0.0
212	rnapol	0.1	0.0	0.0
213	__protein1_rbs	12.4	0.0	0.0
213	__protein2_rbs	14.05	0.0	0.0
213	__protein3_rbs	4.35	0.0	0.0
213	__ribosome	23.4	0.0	0.0
213	__rnase_site_ext	19.45	0.0	0.0
213	p0	0.65	0.0	0.0
213	p1	0.7	0.0	0.0
213	protein1	1120.0	19.35	1.6193948999999999
213	protein2	1142.75	20.6	1.6597269500000005
213	protein3	357.4	7.0	1.7571537000000004
213	r2	21.15	0.0	0.0
213	rnapol	0.05	0.0	0.0
214	__protein1_rbs	13.35	0.0	0.0
214	__protein2_rbs	13.75	0.0	0.0
214	__protein3_rbs	4.9	0.0	0.0
214	__ribosome	22.6	0.0	0.0
214	__rnase_site_ext	19.4	0.0	0.0
214	p0	0.8	0.0	0.0
214	p1	0.6	0.0	0.0
214	protein1	1126.15	19.45	1.63646015
214	protein2	1150.05	20.8	1.6740931500000005
214	protein3	360.05	7.05	1.66309525
214	r2	21.3	0.0	0.0
214	rnapol	0.1	0.0	0.0
215	__protein1_rbs	13.0	0.0	0.0
215	__protein2_rbs	13.65	0.0	0.0
215	__protein3_rbs	4.7	0.0	0.0
215	__ribosome	22.3	0.0	0.0
215	__rnase_site_ext	19.4	0.0	0.0
215	p0	0.9	0.0	0.0
215	p1	0.6	0.0	0.0
215	protein1	1133.05	19.25	1.64420805
215	protein2	1157.25	20.8	1.7073938500000003
215	protein3	362.65	7.05	1.6751587
215	r2	21.1	0.0	0.0
215	rnapol	0.0	0.0	0.0
216	__protein1_rbs	13.65	0.0	0.0
216	__protein2_rbs	13.75	0.0	0.0
216	__protein3_rbs	5.25	0.0	0.0
216	__ribosome	23.3	0.0	0.0
216	__rnase_site_ext	19.35	0.0	0.0
216	p0	0.9	0.0	0.0
216	p1	0.5	0.0	0.0
216	protein1	1139.75	19.4	1.6226452000000002
216	protein2	1164.95	20.7	1.7005839000000005
216	protein3	365.3	7.0	1.5904961000000002
216	r2	20.95	0.0	0.0
216	rnapol	0.1	0.0	0.0
217	__protein1_rbs	13.0	0.0	0.0
217	__protein2_rbs	14.65	0.0	0.0
217	__protein3_rbs	4.75	0.0	0.0
217	__ribosome	23.65	0.0	0.0
217	__rnase_site_ext	19.0	0.0	0.0
217	p0	0.9	0.0	0.0
217	p1	0.6	0.0	0.0
217	protein1	1146.8	19.25	1.64603265
217	protein2	1172.65	20.75	1.6633102500000003
217	protein3	367.9	6.95	1.5680952499999998
217	r2	21.0	0.0	0.0
217	rnapol	0.1	0.0	0.0
218	__protein1_rbs	12.85	0.0	0.0
218	__protein2_rbs	13.5	0.0	0.0
218	__protein3_rbs	4.6	0.0	0.0
218	__ribosome	23.8	0.0	0.0
218	__rnase_site_ext	18.8	0.0	0.0
218	p0	0.85	0.0	0.0
218	p1	0.55	0.0	0.0
218	protein1	1154.05	18.95	1.6826750999999998
218	protein2	1181.05	20.85	1.6614621499999995
218	protein3	370.65	6.85	1.5952380500000003
218	r2	21.0	0.0	0.0
218	rnapol	0.1	0.0	0.0
219	__protein1_rbs	12.4	0.0	0.0
219	__protein2_rbs	14.25	0.0	0.0
219	__protein3_rbs	4.65	0.0	0.0
219	__ribosome	23.6	0.0	0.0
219	__rnase_site_ext	18.75	0.0	0.0
219	p0	0.85	0.0	0.0
219	p1	0.65	0.0	0.0
219	protein1	1161.3	18.75	1.6830763999999998
219	protein2	1188.6	21.0	1.6607232
219	protein3	372.7	6.65	1.6916667500000002
219	r2	21.0	0.0	0.0
219	rnapol	0.05	0.0	0.0
220	__protein1_rbs	12.45	0.0	0.0
220	__protein2_rbs	14.5	0.0	0.0
220	__protein3_rbs	4.25	0.0	0.0
220	__ribosome	23.1	0.0	0.0
220	__rnase_site_ext	18.7	0.0	0.0
220	p0	0.85	0.0	0.0
220	p1	0.7	0.0	0.0
220	protein1	1168.25	18.75	1.6732025000000004
220	protein2	1196.0	21.1	1.6417475
220	protein3	374.85	6.6	1.7908929000000005
220	r2	21.1	0.0	0.0
220	rnapol	0.1	0.0	0.0
221	__protein1_rbs	12.15	0.0	0.0
221	__protein2_rbs	14.55	0.0	0.0
221	__protein3_rbs	3.95	0.0	0.0
221	__ribosome	22.2	0.0	0.0
221	__rnase_site_ext	18.7	0.0	0.0
221	p0	0.8	0.0	0.0
221	p1	0.8	0.0	0.0
221	protein1	1175.15	18.6	1.69576285
221	protein2	1203.4	21.35	1.6289441000000005
221	protein3	377.3	6.55	1.95761905
221	r2	21.15	0.0	0.0
221	rnapol	0.05	0.0	0.0
222	__protein1_rbs	12.45	0.0	0.0
222	__protein2_rbs	14.45	0.0	0.0
222	__protein3_rbs	4.95	0.0	0.0
222	__ribosome	23.25	0.0	0.0
222	__rnase_site_ext	18.5	0.0	0.0
222	p0	0.75	0.0	0.0
222	p1	0.75	0.0	0.0
222	protein1	1182.25	18.55	1.7054233999999997
222	protein2	1211.15	21.35	1.61739545
222	protein3	380.1	6.7	1.76642855
222	r2	21.3	0.0	0.0
222	rnapol	0.05	0.0	0.0
223	__protein1_rbs	12.4	0.0	0.0
223	__protein2_rbs	14.85	0.0	0.0
223	__protein3_rbs	4.4	0.0	0.0
223	__ribosome	23.9	0.0	0.0
223	__rnase_site_ext	18.5	0.0	0.0
223	p0	0.8	0.0	0.0
223	p1	0.6	0.0	0.0
223	protein1	1189.0	18.4	1.7184762499999997
223	protein2	1219.15	21.6	1.5546602999999997
223	protein3	382.35	6.7	1.80976195
223	r2	21.6	0.0	0.0
223	rnapol	0.15	0.0	0.0
224	__protein1_rbs	12.2	0.0	0.0
224	__protein2_rbs	13.85	0.0	0.0
224	__protein3_rbs	4.45	0.0	0.0
224	__ribosome	23.4	0.0	0.0
224	__rnase_site_ext	18.7	0.0	0.0
224	p0	0.7	0.0	0.0
224	p1	0.85	0.0	0.0
224	protein1	1195.65	18.45	1.70843305
224	protein2	1226.75	21.55	1.5920875
224	protein3	385.0	6.8	1.7564610000000005
224	r2	21.6	0.0	0.0
224	rnapol	0.05	0.0	0.0
225	__protein1_rbs	12.45	0.0	0.0
225	__protein2_rbs	14.75	0.0	0.0
225	__protein3_rbs	4.9	0.0	0.0
225	__ribosome	24.2	0.0	0.0
225	__rnase_site_ext	18.9	0.0	0.0
225	p0	0.75	0.0	0.0
225	p1	0.7	0.0	0.0
225	protein1	1203.05	18.5	1.6877995
225	protein2	1234.15	21.5	1.6137795499999998
225	protein3	388.1	6.85	1.56857145
225	r2	21.7	0.0	0.0
225	rnapol	0.15	0.0	0.0
226	__protein1_rbs	11.7	0.0	0.0
226	__protein2_rbs	14.65	0.0	0.0
226	__protein3_rbs	4.55	0.0	0.0
226	__ribosome	24.15	0.0	0.0
226	__rnase_site_ext	18.9	0.0	0.0
226	p0	0.7	0.0	0.0
226	p1	0.7	0.0	0.0
226	protein1	1210.5	18.65	1.67041745
226	protein2	1241.85	21.5	1.62592485
226	protein3	390.5	6.85	1.5117261500000003
226	r2	21.75	0.0	0.0
226	rnapol	0.25	0.0	0.0
227	__protein1_rbs	12.75	0.0	0.0
227	__protein2_rbs	14.55	0.0	0.0
227	__protein3_rbs	5.2	0.0	0.0
227	__ribosome	24.55	0.0	0.0
227	__rnase_site_ext	19.1	0.0	0.0
227	p0	0.6	0.0	0.0
227	p1	0.7	0.0	0.0
227	protein1	1216.95	18.75	1.6828615499999997
227	protein2	1249.6	21.25	1.6341994499999994
227	protein3	392.95	6.85	1.4698016
227	r2	22.05	0.0	0.0
227	rnapol	0.2	0.0	0.0
228	__protein1_rbs	12.25	0.0	0.0
228	__protein2_rbs	14.55	0.0	0.0
228	__protein3_rbs	4.75	0.0	0.0
228	__ribosome	24.65	0.0	0.0
228	__rnase_site_ext	19.55	0.0	0.0
228	p0	0.8	0.0	0.0
228	p1	0.75	0.0	0.0
228	protein1	1223.9	19.0	1.6849993499999996
228	protein2	1256.9	20.95	1.6548720000000001
228	protein3	395.95	7.0	1.3617063
228	r2	21.95	0.0	0.0
228	rnapol	0.1	0.0	0.0
229	__protein1_rbs	12.7	0.0	0.0
229	__protein2_rbs	14.95	0.0	0.0
229	__protein3_rbs	5.05	0.0	0.0
229	__ribosome	25.05	0.0	0.0
229	__rnase_site_ext	19.6	0.0	0.0
229	p0	0.7	0.0	0.0
229	p1	0.65	0.0	0.0
229	protein1	1230.85	19.3	1.69242335
229	protein2	1265.4	20.9	1.5975366000000002
229	protein3	398.05	6.9	1.4191468
229	r2	21.85	0.0	0.0
229	rnapol	0.0	0.0	0.0
230	__protein1_rbs	12.5	0.0	0.0
230	__protein2_rbs	14.25	0.0	0.0
230	__protein3_rbs	4.65	0.0	0.0
230	__ribosome	24.0	0.0	0.0
230	__rnase_site_ext	19.4	0.0	0.0
230	p0	0.85	0.0	0.0
230	p1	0.55	0.0	0.0
230	protein1	1237.8	19.45	1.7306241000000002
230	protein2	1273.4	20.85	1.5939198500000002
230	protein3	400.4	6.85	1.4333729500000003
230	r2	21.85	0.0	0.0
230	rnapol	0.0	0.0	0.0
231	__protein1_rbs	12.9	0.0	0.0
231	__protein2_rbs	13.65	0.0	0.0
231	__protein3_rbs	4.7	0.0	0.0
231	__ribosome	22.6	0.0	0.0
231	__rnase_site_ext	19.6	0.0	0.0
231	p0	0.85	0.0	0.0
231	p1	0.55	0.0	0.0
231	protein1	1245.45	19.25	1.72493795
231	protein2	1280.45	20.9	1.6445137500000002
231	protein3	402.15	6.8	1.563115
231	r2	21.7	0.0	0.0
231	rnapol	0.0	0.0	0.0
232	__protein1_rbs	13.8	0.0	0.0
232	__protein2_rbs	13.35	0.0	0.0
232	__protein3_rbs	4.15	0.0	0.0
232	__ribosome	22.45	0.0	0.0
232	__rnase_site_ext	19.45	0.0	0.0
232	p0	1.0	0.0	0.0
232	p1	0.4	0.0	0.0
232	protein1	1252.5	19.5	1.6507347999999995
232	protein2	1288.2	20.6	1.70041495
232	protein3	404.35	6.8	1.6716270499999997
232	r2	21.8	0.0	0.0
232	rnapol	0.1	0.0	0.0
233	__protein1_rbs	13.35	0.0	0.0
233	__protein2_rbs	14.5	0.0	0.0
233	__protein3_rbs	4.7	0.0	0.0
233	__ribosome	22.15	0.0	0.0
233	__rnase_site_ext	19.5	0.0	0.0
233	p0	0.8	0.0	0.0
233	p1	0.4	0.0	0.0
233	protein1	1259.55	19.4	1.6353809
233	protein2	1295.35	20.7	1.7298171000000002
233	protein3	406.7	6.8	1.68942465
233	r2	21.85	0.0	0.0
233	rnapol	0.1	0.0	0.0
234	__protein1_rbs	13.7	0.0	0.0
234	__protein2_rbs	13.7	0.0	0.0
234	__protein3_rbs	4.8	0.0	0.0
234	__ribosome	22.7	0.0	0.0
234	__rnase_site_ext	19.45	0.0	0.0
234	p0	0.85	0.0	0.0
234	p1	0.6	0.0	0.0
234	protein1	1267.5	19.4	1.56213225
234	protein2	1302.25	20.7	1.76272295
234	protein3	409.15	6.75	1.6996229999999999
234	r2	21.9	0.0	0.0
234	rnapol	0.0	0.0	0.0
235	__protein1_rbs	13.0	0.0	0.0
235	__protein2_rbs	14.0	0.0	0.0
235	__protein3_rbs	4.75	0.0	0.0
235	__ribosome	24.1	0.0	0.0
235	__rnase_site_ext	19.5	0.0	0.0
235	p0	1.0	0.0	0.0
235	p1	0.75	0.0	0.0
235	protein1	1275.3	19.45	1.52750325
235	protein2	1310.75	20.7	1.724965
235	protein3	411.6	6.65	1.6950595000000002
235	r2	21.8	0.0	0.0
235	rnapol	0.05	0.0	0.0
236	__protein1_rbs	12.75	0.0	0.0
236	__protein2_rbs	14.75	0.0	0.0
236	__protein3_rbs	4.4	0.0	0.0
236	__ribosome	25.1	0.0	0.0
236	__rnase_site_ext	19.15	0.0	0.0
236	p0	0.85	0.0	0.0
236	p1	0.65	0.0	0.0
236	protein1	1282.2	19.45	1.5325964
236	protein2	1319.05	20.85	1.6655880000000003
236	protein3	414.5	6.65	1.6547024
236	r2	21.8	0.0	0.0
236	rnapol	0.05	0.0	0.0
237	__protein1_rbs	13.7	0.0	0.0
237	__protein2_rbs	14.9	0.0	0.0
237	__protein3_rbs	4.25	0.0	0.0
237	__ribosome	24.85	0.0	0.0
237	__rnase_site_ext	19.05	0.0	0.0
237	p0	0.7	0.0	0.0
237	p1	0.85	0.0	0.0
237	protein1	1287.75	19.1	1.6156377
237	protein2	1327.6	20.8	1.6195321500000002
237	protein3	417.15	6.8	1.711111
237	r2	21.7	0.0	0.0
237	rnapol	0.1	0.0	0.0
238	__protein1_rbs	12.45	0.0	0.0
238	__protein2_rbs	13.2	0.0	0.0
238	__protein3_rbs	4.6	0.0	0.0
238	__ribosome	23.75	0.0	0.0
238	__rnase_site_ext	19.4	0.0	0.0
238	p0	0.6	0.0	0.0
238	p1	0.7	0.0	0.0
238	protein1	1294.85	19.1	1.6403657000000005
238	protein2	1335.2	20.85	1.6511644999999997
238	protein3	419.7	6.9	1.6609325000000001
238	r2	21.75	0.0	0.0
238	rnapol	0.0	0.0	0.0
239	__protein1_rbs	12.45	0.0	0.0
239	__protein2_rbs	14.15	0.0	0.0
239	__protein3_rbs	4.7	0.0	0.0
239	__ribosome	22.2	0.0	0.0
239	__rnase_site_ext	19.35	0.0	0.0
239	p0	0.75	0.0	0.0
239	p1	0.8	0.0	0.0
239	protein1	1301.7	19.4	1.6722365499999996
239	protein2	1342.55	20.8	1.6766124999999998
239	protein3	421.8	6.9	1.70690485
239	r2	21.6	0.0	0.0
239	rnapol	0.0	0.0	0.0
240	__protein1_rbs	13.2	0.0	0.0
240	__protein2_rbs	14.2	0.0	0.0
240	__protein3_rbs	4.4	0.0	0.0
240	__ribosome	23.1	0.0	0.0
240	__rnase_site_ext	19.6	0.0	0.0
240	p0	0.75	0.0	0.0
240	p1	0.8	0.0	0.0
240	protein1	1309.05	19.4	1.6731766
240	protein2	1350.55	20.9	1.6295415000000002
240	protein3	424.7	6.8	1.7144246500000002
240	r2	21.7	0.0	0.0
240	rnapol	0.0	0.0	0.0
241	__protein1_rbs	14.0	0.0	0.0
241	__protein2_rbs	14.4	0.0	0.0
241	__protein3_rbs	5.1	0.0	0.0
241	__ribosome	23.1	0.0	0.0
241	__rnase_site_ext	19.55	0.0	0.0
241	p0	0.75	0.0	0.0
241	p1	0.85	0.0	0.0
241	protein1	1315.35	19.45	1.6686217500000002
241	protein2	1357.85	20.9	1.6286420499999998
241	protein3	427.15	6.85	1.6434523999999997
241	r2	21.95	0.0	0.0
241	rnapol	0.2	0.0	0.0
242	__protein1_rbs	12.65	0.0	0.0
242	__protein2_rbs	14.45	0.0	0.0
242	__protein3_rbs	4.95	0.0	0.0
242	__ribosome	23.5	0.0	0.0
242	__rnase_site_ext	19.9	0.0	0.0
242	p0	0.55	0.0	0.0
242	p1	0.6	0.0	0.0
242	protein1	1322.6	19.5	1.6955105499999998
242	protein2	1365.85	20.7	1.6176471499999998
242	protein3	429.7	6.85	1.59803575
242	r2	21.85	0.0	0.0
242	rnapol	0.05	0.0	0.0
243	__protein1_rbs	13.75	0.0	0.0
243	__protein2_rbs	14.3	0.0	0.0
243	__protein3_rbs	3.95	0.0	0.0
243	__ribosome	24.05	0.0	0.0
243	__rnase_site_ext	20.0	0.0	0.0
243	p0	0.9	0.0	0.0
243	p1	0.55	0.0	0.0
243	protein1	1330.3	19.75	1.6375208
243	protein2	1373.5	20.75	1.61548135
243	protein3	432.7	6.9	1.63553575
243	r2	21.6	0.0	0.0
243	rnapol	0.15	0.0	0.0
244	__protein1_rbs	12.55	0.0	0.0
244	__protein2_rbs	13.85	0.0	0.0
244	__protein3_rbs	4.45	0.0	0.0
244	__ribosome	23.45	0.0	0.0
244	__rnase_site_ext	20.05	0.0	0.0
244	p0	0.95	0.0	0.0
244	p1	0.6	0.0	0.0
244	protein1	1337.75	20.0	1.66470175
244	protein2	1381.4	20.7	1.59467335
244	protein3	435.2	6.85	1.6640873500000002
244	r2	21.7	0.0	0.0
244	rnapol	0.15	0.0	0.0
245	__protein1_rbs	13.6	0.0	0.0
245	__protein2_rbs	14.15	0.0	0.0
245	__protein3_rbs	4.4	0.0	0.0
245	__ribosome	23.1	0.0	0.0
245	__rnase_site_ext	20.0	0.0	0.0
245	p0	0.9	0.0	0.0
245	p1	0.6	0.0	0.0
245	protein1	1344.8	20.05	1.6595446000000005
245	protein2	1388.75	20.6	1.62947
245	protein3	437.75	6.85	1.64378965
245	r2	21.25	0.0	0.0
245	rnapol	0.05	0.0	0.0
246	__protein1_rbs	13.85	0.0	0.0
246	__protein2_rbs	13.45	0.0	0.0
246	__protein3_rbs	4.5	0.0	0.0
246	__ribosome	23.15	0.0	0.0
246	__rnase_site_ext	20.0	0.0	0.0
246	p0	0.75	0.0	0.0
246	p1	0.35	0.0	0.0
246	protein1	1352.2	20.05	1.6234012
246	protein2	1396.35	20.6	1.6192936999999996
246	protein3	439.9	6.85	1.70878965
246	r2	21.0	0.0	0.0
246	rnapol	0.05	0.0	0.0
247	__protein1_rbs	13.2	0.0	0.0
247	__protein2_rbs	14.95	0.0	0.0
247	__protein3_rbs	5.0	0.0	0.0
247	__ribosome	23.15	0.0	0.0
247	__rnase_site_ext	19.85	0.0	0.0
247	p0	0.9	0.0	0.0
247	p1	0.45	0.0	0.0
247	protein1	1359.3	20.0	1.66424685
247	protein2	1403.95	20.9	1.5973781500000004
247	protein3	442.6	6.85	1.74289675
247	r2	20.85	0.0	0.0
247	rnapol	0.1	0.0	0.0
248	__protein1_rbs	13.45	0.0	0.0
248	__protein2_rbs	14.45	0.0	0.0
248	__protein3_rbs	5.15	0.0	0.0
248	__ribosome	24.1	0.0	0.0
248	__rnase_site_ext	19.85	0.0	0.0
248	p0	0.85	0.0	0.0
248	p1	0.55	0.0	0.0
248	protein1	1367.15	19.95	1.66385085
248	protein2	1411.8	20.85	1.5852305500000003
248	protein3	445.45	6.85	1.6116070500000004
248	r2	20.95	0.0	0.0
248	rnapol	0.0	0.0	0.0
249	__protein1_rbs	13.4	0.0	0.0
249	__protein2_rbs	14.25	0.0	0.0
249	__protein3_rbs	4.4	0.0	0.0
249	__ribosome	23.2	0.0	0.0
249	__rnase_site_ext	19.5	0.0	0.0
249	p0	0.9	0.0	0.0
249	p1	0.7	0.0	0.0
249	protein1	1374.75	19.75	1.686769
249	protein2	1419.4	21.05	1.5735583999999998
249	protein3	447.75	6.85	1.696627
249	r2	20.95	0.0	0.0
249	rnapol	0.05	0.0	0.0
250	__protein1_rbs	13.05	0.0	0.0
250	__protein2_rbs	15.2	0.0	0.0
250	__protein3_rbs	4.55	0.0	0.0
250	__ribosome	22.6	0.0	0.0
250	__rnase_site_ext	19.4	0.0	0.0
250	p0	0.85	0.0	0.0
250	p1	0.9	0.0	0.0
250	protein1	1381.35	19.55	1.7381523999999997
250	protein2	1426.5	21.45	1.5490574499999998
250	protein3	450.65	6.75	1.65025795
250	r2	21.1	0.0	0.0
250	rnapol	0.05	0.0	0.0
