time	species	protein	transcript	ribo_density
0	__protein1_rbs	0.0	0.0	0.0
0	__protein2_rbs	0.0	0.0	0.0
0	__protein3_rbs	0.0	0.0	0.0
0	__ribosome	100.0	0.0	0.0
0	__rnase_site_ext	0.0	0.0	0.0
0	p0	1.0	0.0	0.0
0	p1	1.0	0.0	0.0
0	r2	0.0	0.0	0.0
0	rnapol	4.0	0.0	0.0
1	__protein1_rbs	0.0	0.0	0.0
1	__protein2_rbs	0.0	0.0	0.0
1	__protein3_rbs	0.0	0.0	0.0
1	__ribosome	100.0	0.0	0.0
1	__rnase_site_ext	1.25	0.0	0.0
1	p0	0.05	0.0	0.0
1	p1	0.9	0.0	0.0
1	r2	0.0	0.0	0.0
1	rnapol	2.15	0.0	0.0
2	__protein1_rbs	0.65	0.0	0.0
2	__protein2_rbs	0.0	0.0	0.0
2	__protein3_rbs	0.0	0.0	0.0
2	__ribosome	99.75	0.0	0.0
2	__rnase_site_ext	2.25	0.0	0.0
2	p0	0.1	0.0	0.0
2	p1	0.95	0.0	0.0
2	protein1	0.0	0.9	0.25
2	r2	0.0	0.0	0.0
2	rnapol	1.2	0.0	0.0
3	__protein1_rbs	0.45	0.0	0.0
3	__protein2_rbs	0.0	0.0	0.0
3	__protein3_rbs	0.0	0.0	0.0
3	__ribosome	98.35	0.0	0.0
3	__rnase_site_ext	3.2	0.0	0.0
3	p0	0.25	0.0	0.0
3	p1	0.95	0.0	0.0
3	protein1	0.0	1.8	0.925
3	r2	0.0	0.0	0.0
3	rnapol	0.45	0.0	0.0
4	__protein1_rbs	1.3	0.0	0.0
4	__protein2_rbs	0.05	0.0	0.0
4	__protein3_rbs	0.0	0.0	0.0
4	__ribosome	97.0	0.0	0.0
4	__rnase_site_ext	3.95	0.0	0.0
4	p0	0.5	0.0	0.0
4	p1	1.0	0.0	0.0
4	protein1	0.0	2.7	1.1083333
4	protein2	0.0	0.1	0.05
4	r2	0.0	0.0	0.0
4	rnapol	0.0	0.0	0.0
5	__protein1_rbs	1.55	0.0	0.0
5	__protein2_rbs	0.05	0.0	0.0
5	__protein3_rbs	0.0	0.0	0.0
5	__ribosome	94.95	0.0	0.0
5	__rnase_site_ext	3.85	0.0	0.0
5	p0	1.0	0.0	0.0
5	p1	0.85	0.0	0.0
5	protein1	0.0	3.45	1.4333333000000001
5	protein2	0.0	0.15	0.15
5	r2	0.0	0.0	0.0
5	rnapol	0.0	0.0	0.0
6	__protein1_rbs	0.85	0.0	0.0
6	__protein2_rbs	0.1	0.0	0.0
6	__protein3_rbs	0.0	0.0	0.0
6	__ribosome	92.15	0.0	0.0
6	__rnase_site_ext	3.75	0.0	0.0
6	p0	1.0	0.0	0.0
6	p1	0.1	0.0	0.0
6	protein1	0.0	3.6	2.1458333000000005
6	protein2	0.0	0.2	0.25
6	r2	0.0	0.0	0.0
6	rnapol	0.0	0.0	0.0
7	__protein1_rbs	1.3	0.0	0.0
7	__protein2_rbs	0.1	0.0	0.0
7	__protein3_rbs	0.0	0.0	0.0
7	__ribosome	90.45	0.0	0.0
7	__rnase_site_ext	3.7	0.0	0.0
7	p0	1.0	0.0	0.0
7	p1	0.0	0.0	0.0
7	protein1	0.45	3.55	2.66666665
7	protein2	0.0	0.25	0.35
7	r2	0.0	0.0	0.0
7	rnapol	0.0	0.0	0.0
8	__protein1_rbs	1.25	0.0	0.0
8	__protein2_rbs	0.15	0.0	0.0
8	__protein3_rbs	0.0	0.0	0.0
8	__ribosome	89.05	0.0	0.0
8	__rnase_site_ext	3.7	0.0	0.0
8	p0	1.0	0.0	0.0
8	p1	0.05	0.0	0.0
8	protein1	1.4	3.5	3.05416665
8	protein2	0.0	0.25	0.5
8	r2	0.0	0.0	0.0
8	rnapol	0.0	0.0	0.0
9	__protein1_rbs	1.0	0.0	0.0
9	__protein2_rbs	0.15	0.0	0.0
9	__protein3_rbs	0.0	0.0	0.0
9	__ribosome	88.2	0.0	0.0
9	__rnase_site_ext	3.65	0.0	0.0
9	p0	1.0	0.0	0.0
9	p1	0.0	0.0	0.0
9	protein1	2.9	3.5	3.27083335
9	protein2	0.1	0.25	0.5
9	r2	0.1	0.0	0.0
9	rnapol	0.0	0.0	0.0
10	__protein1_rbs	1.3	0.0	0.0
10	__protein2_rbs	0.2	0.0	0.0
10	__protein3_rbs	0.0	0.0	0.0
10	__ribosome	87.85	0.0	0.0
10	__rnase_site_ext	3.6	0.0	0.0
10	p0	0.9	0.0	0.0
10	p1	0.15	0.0	0.0
10	protein1	4.9	3.5	3.2291667000000004
10	protein2	0.15	0.65	inf
10	r2	0.15	0.0	0.0
10	rnapol	0.0	0.0	0.0
11	__protein1_rbs	0.8	0.0	0.0
11	__protein2_rbs	0.75	0.0	0.0
11	__protein3_rbs	0.0	0.0	0.0
11	__ribosome	87.0	0.0	0.0
11	__rnase_site_ext	3.6	0.0	0.0
11	p0	1.0	0.0	0.0
11	p1	0.65	0.0	0.0
11	protein1	7.05	3.4	3.40416665
11	protein2	0.25	1.4	1.05
11	r2	0.2	0.0	0.0
11	rnapol	0.0	0.0	0.0
12	__protein1_rbs	1.35	0.0	0.0
12	__protein2_rbs	1.1	0.0	0.0
12	__protein3_rbs	0.0	0.0	0.0
12	__ribosome	86.4	0.0	0.0
12	__rnase_site_ext	3.6	0.0	0.0
12	p0	1.0	0.0	0.0
12	p1	1.0	0.0	0.0
12	protein1	9.35	3.5	3.175
12	protein2	0.4	2.2	1.1583333
12	r2	0.2	0.0	0.0
12	rnapol	0.0	0.0	0.0
13	__protein1_rbs	1.1	0.0	0.0
13	__protein2_rbs	0.95	0.0	0.0
13	__protein3_rbs	0.05	0.0	0.0
13	__ribosome	84.8	0.0	0.0
13	__rnase_site_ext	3.65	0.0	0.0
13	p0	0.95	0.0	0.0
13	p1	1.0	0.0	0.0
13	protein1	11.6	3.45	3.1916665500000003
13	protein2	0.6	2.9	1.4625
13	protein3	0.0	0.05	0.0
13	r2	0.25	0.0	0.0
13	rnapol	0.0	0.0	0.0
14	__protein1_rbs	1.35	0.0	0.0
14	__protein2_rbs	1.5	0.0	0.0
14	__protein3_rbs	0.05	0.0	0.0
14	__ribosome	82.9	0.0	0.0
14	__rnase_site_ext	3.6	0.0	0.0
14	p0	1.0	0.0	0.0
14	p1	1.0	0.0	0.0
14	protein1	13.8	3.5	3.1208332999999997
14	protein2	0.7	3.65	1.7208333999999998
14	protein3	0.0	0.05	0.05
14	r2	0.3	0.0	0.0
14	rnapol	0.0	0.0	0.0
15	__protein1_rbs	1.4	0.0	0.0
15	__protein2_rbs	1.2	0.0	0.0
15	__protein3_rbs	0.05	0.0	0.0
15	__ribosome	80.45	0.0	0.0
15	__rnase_site_ext	3.65	0.0	0.0
15	p0	0.75	0.0	0.0
15	p1	1.0	0.0	0.0
15	protein1	15.5	3.5	3.1458333000000005
15	protein2	1.05	3.9	2.2166667
15	protein3	0.0	0.1	0.1
15	r2	0.75	0.0	0.0
15	rnapol	0.1	0.0	0.0
16	__protein1_rbs	1.25	0.0	0.0
16	__protein2_rbs	1.35	0.0	0.0
16	__protein3_rbs	0.0	0.0	0.0
16	__ribosome	79.3	0.0	0.0
16	__rnase_site_ext	4.15	0.0	0.0
16	p0	0.5	0.0	0.0
16	p1	0.95	0.0	0.0
16	protein1	18.0	3.45	3.0616665500000004
16	protein2	1.75	3.9	2.6083333
16	protein3	0.0	0.1	0.25
16	r2	1.35	0.0	0.0
16	rnapol	0.0	0.0	0.0
17	__protein1_rbs	1.2	0.0	0.0
17	__protein2_rbs	1.2	0.0	0.0
17	__protein3_rbs	0.1	0.0	0.0
17	__ribosome	77.65	0.0	0.0
17	__rnase_site_ext	4.65	0.0	0.0
17	p0	0.55	0.0	0.0
17	p1	0.9	0.0	0.0
17	protein1	20.1	3.8	2.84166665
17	protein2	2.85	3.9	2.9416667000000003
17	protein3	0.0	0.1	0.25
17	r2	1.85	0.0	0.0
17	rnapol	0.0	0.0	0.0
18	__protein1_rbs	2.05	0.0	0.0
18	__protein2_rbs	1.45	0.0	0.0
18	__protein3_rbs	0.05	0.0	0.0
18	__ribosome	76.75	0.0	0.0
18	__rnase_site_ext	5.15	0.0	0.0
18	p0	0.5	0.0	0.0
18	p1	0.95	0.0	0.0
18	protein1	22.2	4.35	2.53083335
18	protein2	4.6	3.9	3.1166667
18	protein3	0.05	0.1	0.25
18	r2	2.75	0.0	0.0
18	rnapol	0.1	0.0	0.0
19	__protein1_rbs	1.75	0.0	0.0
19	__protein2_rbs	1.65	0.0	0.0
19	__protein3_rbs	0.05	0.0	0.0
19	__ribosome	75.35	0.0	0.0
19	__rnase_site_ext	5.5	0.0	0.0
19	p0	0.65	0.0	0.0
19	p1	0.95	0.0	0.0
19	protein1	23.85	4.8	2.5516666500000005
19	protein2	6.75	3.9	3.0958333
19	protein3	0.05	0.1	0.3
19	r2	3.4	0.0	0.0
19	rnapol	0.1	0.0	0.0
20	__protein1_rbs	2.45	0.0	0.0
20	__protein2_rbs	1.0	0.0	0.0
20	__protein3_rbs	0.2	0.0	0.0
20	__ribosome	74.4	0.0	0.0
20	__rnase_site_ext	6.05	0.0	0.0
20	p0	0.5	0.0	0.0
20	p1	0.9	0.0	0.0
20	protein1	25.8	5.3	2.4473809500000003
20	protein2	9.05	3.9	3.1875
20	protein3	0.15	0.2	0.2
20	r2	3.9	0.0	0.0
20	rnapol	0.1	0.0	0.0
21	__protein1_rbs	2.3	0.0	0.0
21	__protein2_rbs	1.35	0.0	0.0
21	__protein3_rbs	0.2	0.0	0.0
21	__ribosome	73.45	0.0	0.0
21	__rnase_site_ext	6.2	0.0	0.0
21	p0	0.85	0.0	0.0
21	p1	0.4	0.0	0.0
21	protein1	28.0	5.75	2.46785715
21	protein2	11.65	3.95	3.05
21	protein3	0.25	0.55	0.375
21	r2	3.9	0.0	0.0
21	rnapol	0.0	0.0	0.0
22	__protein1_rbs	2.25	0.0	0.0
22	__protein2_rbs	1.75	0.0	0.0
22	__protein3_rbs	0.4	0.0	0.0
22	__ribosome	72.25	0.0	0.0
22	__rnase_site_ext	6.1	0.0	0.0
22	p0	1.0	0.0	0.0
22	p1	0.2	0.0	0.0
22	protein1	30.5	6.05	2.5825
22	protein2	14.1	3.85	3.025
22	protein3	0.25	0.65	0.575
22	r2	3.9	0.0	0.0
22	rnapol	0.0	0.0	0.0
23	__protein1_rbs	2.45	0.0	0.0
23	__protein2_rbs	1.35	0.0	0.0
23	__protein3_rbs	0.4	0.0	0.0
23	__ribosome	70.5	0.0	0.0
23	__rnase_site_ext	6.1	0.0	0.0
23	p0	1.0	0.0	0.0
23	p1	0.4	0.0	0.0
23	protein1	32.95	6.05	2.7649405
23	protein2	16.25	3.8	3.18333335
23	protein3	0.3	0.8	0.825
23	r2	3.9	0.0	0.0
23	rnapol	0.0	0.0	0.0
24	__protein1_rbs	2.75	0.0	0.0
24	__protein2_rbs	1.35	0.0	0.0
24	__protein3_rbs	0.15	0.0	0.0
24	__ribosome	69.05	0.0	0.0
24	__rnase_site_ext	6.1	0.0	0.0
24	p0	1.0	0.0	0.0
24	p1	0.3	0.0	0.0
24	protein1	35.65	6.0	2.8444643000000007
24	protein2	18.3	3.8	3.2833333499999995
24	protein3	0.35	0.9	1.2
24	r2	3.9	0.0	0.0
24	rnapol	0.0	0.0	0.0
25	__protein1_rbs	2.4	0.0	0.0
25	__protein2_rbs	1.5	0.0	0.0
25	__protein3_rbs	0.5	0.0	0.0
25	__ribosome	68.6	0.0	0.0
25	__rnase_site_ext	6.05	0.0	0.0
25	p0	0.85	0.0	0.0
25	p1	0.25	0.0	0.0
25	protein1	38.55	6.0	2.97
25	protein2	21.0	4.0	2.99333335
25	protein3	0.35	0.9	1.45
25	r2	3.95	0.0	0.0
25	rnapol	0.0	0.0	0.0
26	__protein1_rbs	2.55	0.0	0.0
26	__protein2_rbs	1.8	0.0	0.0
26	__protein3_rbs	0.4	0.0	0.0
26	__ribosome	68.1	0.0	0.0
26	__rnase_site_ext	6.25	0.0	0.0
26	p0	0.75	0.0	0.0
26	p1	0.3	0.0	0.0
26	protein1	41.85	5.95	2.98660715
26	protein2	23.45	4.5	2.71583335
26	protein3	0.65	0.9	1.625
26	r2	3.95	0.0	0.0
26	rnapol	0.0	0.0	0.0
27	__protein1_rbs	2.7	0.0	0.0
27	__protein2_rbs	1.95	0.0	0.0
27	__protein3_rbs	0.3	0.0	0.0
27	__ribosome	66.9	0.0	0.0
27	__rnase_site_ext	6.5	0.0	0.0
27	p0	0.8	0.0	0.0
27	p1	0.7	0.0	0.0
27	protein1	45.25	6.05	2.9085714000000005
27	protein2	25.35	5.0	2.6541667
27	protein3	0.95	0.9	1.65
27	r2	4.0	0.0	0.0
27	rnapol	0.05	0.0	0.0
28	__protein1_rbs	2.4	0.0	0.0
28	__protein2_rbs	2.15	0.0	0.0
28	__protein3_rbs	0.5	0.0	0.0
28	__ribosome	66.4	0.0	0.0
28	__rnase_site_ext	6.6	0.0	0.0
28	p0	0.9	0.0	0.0
28	p1	0.95	0.0	0.0
28	protein1	48.7	6.3	2.8135119
28	protein2	28.0	5.5	2.4722618500000006
28	protein3	1.45	0.9	1.525
28	r2	4.0	0.0	0.0
28	rnapol	0.1	0.0	0.0
29	__protein1_rbs	2.85	0.0	0.0
29	__protein2_rbs	2.7	0.0	0.0
29	__protein3_rbs	0.35	0.0	0.0
29	__ribosome	65.3	0.0	0.0
29	__rnase_site_ext	6.75	0.0	0.0
29	p0	0.85	0.0	0.0
29	p1	1.0	0.0	0.0
29	protein1	52.1	6.4	2.7863095500000004
29	protein2	30.25	5.8	2.5084524500000005
29	protein3	2.0	0.95	1.55
29	r2	4.0	0.0	0.0
29	rnapol	0.0	0.0	0.0
30	__protein1_rbs	2.65	0.0	0.0
30	__protein2_rbs	2.3	0.0	0.0
30	__protein3_rbs	0.55	0.0	0.0
30	__ribosome	63.45	0.0	0.0
30	__rnase_site_ext	6.7	0.0	0.0
30	p0	0.85	0.0	0.0
30	p1	0.9	0.0	0.0
30	protein1	55.55	6.6	2.77833335
30	protein2	32.55	6.3	2.52761905
30	protein3	2.35	0.95	1.575
30	r2	4.3	0.0	0.0
30	rnapol	0.0	0.0	0.0
31	__protein1_rbs	2.85	0.0	0.0
31	__protein2_rbs	3.1	0.0	0.0
31	__protein3_rbs	0.35	0.0	0.0
31	__ribosome	62.15	0.0	0.0
31	__rnase_site_ext	7.05	0.0	0.0
31	p0	0.7	0.0	0.0
31	p1	0.75	0.0	0.0
31	protein1	58.8	6.6	2.86607145
31	protein2	35.0	6.45	2.5734524
31	protein3	2.85	0.95	1.625
31	r2	4.8	0.0	0.0
31	rnapol	0.05	0.0	0.0
32	__protein1_rbs	3.5	0.0	0.0
32	__protein2_rbs	2.6	0.0	0.0
32	__protein3_rbs	0.55	0.0	0.0
32	__ribosome	61.8	0.0	0.0
32	__rnase_site_ext	7.35	0.0	0.0
32	p0	0.8	0.0	0.0
32	p1	0.65	0.0	0.0
32	protein1	62.6	6.85	2.6704961000000003
32	protein2	37.9	6.55	2.6810714
32	protein3	3.3	0.95	1.65
32	r2	5.2	0.0	0.0
32	rnapol	0.0	0.0	0.0
33	__protein1_rbs	2.6	0.0	0.0
33	__protein2_rbs	2.7	0.0	0.0
33	__protein3_rbs	0.35	0.0	0.0
33	__ribosome	60.45	0.0	0.0
33	__rnase_site_ext	7.55	0.0	0.0
33	p0	0.7	0.0	0.0
33	p1	0.75	0.0	0.0
33	protein1	66.15	7.15	2.6972620500000004
33	protein2	41.15	6.55	2.7444048000000003
33	protein3	3.8	0.95	1.75
33	r2	5.6	0.0	0.0
33	rnapol	0.0	0.0	0.0
34	__protein1_rbs	3.2	0.0	0.0
34	__protein2_rbs	2.2	0.0	0.0
34	__protein3_rbs	0.5	0.0	0.0
34	__ribosome	57.95	0.0	0.0
34	__rnase_site_ext	7.75	0.0	0.0
34	p0	0.7	0.0	0.0
34	p1	0.7	0.0	0.0
34	protein1	68.9	7.35	2.7930357500000005
34	protein2	44.3	6.55	2.9327976500000004
34	protein3	4.2	1.05	1.7166666499999998
34	r2	6.05	0.0	0.0
34	rnapol	0.0	0.0	0.0
35	__protein1_rbs	3.8	0.0	0.0
35	__protein2_rbs	3.05	0.0	0.0
35	__protein3_rbs	0.6	0.0	0.0
35	__ribosome	58.2	0.0	0.0
35	__rnase_site_ext	7.95	0.0	0.0
35	p0	0.65	0.0	0.0
35	p1	0.7	0.0	0.0
35	protein1	72.95	7.55	2.63517855
35	protein2	47.7	6.6	2.9005952
35	protein3	4.6	1.15	1.6916666499999995
35	r2	6.35	0.0	0.0
35	rnapol	0.0	0.0	0.0
36	__protein1_rbs	3.0	0.0	0.0
36	__protein2_rbs	3.2	0.0	0.0
36	__protein3_rbs	0.55	0.0	0.0
36	__ribosome	57.1	0.0	0.0
36	__rnase_site_ext	8.25	0.0	0.0
36	p0	0.7	0.0	0.0
36	p1	0.65	0.0	0.0
36	protein1	76.7	7.8	2.7318254
36	protein2	51.25	6.85	2.7660715
36	protein3	5.35	1.35	1.55
36	r2	6.55	0.0	0.0
36	rnapol	0.0	0.0	0.0
37	__protein1_rbs	4.15	0.0	0.0
37	__protein2_rbs	2.8	0.0	0.0
37	__protein3_rbs	0.65	0.0	0.0
37	__ribosome	56.65	0.0	0.0
37	__rnase_site_ext	8.35	0.0	0.0
37	p0	0.9	0.0	0.0
37	p1	0.4	0.0	0.0
37	protein1	80.4	8.15	2.6257882999999995
37	protein2	55.1	6.95	2.7471428500000004
37	protein3	5.9	1.55	1.7
37	r2	6.65	0.0	0.0
37	rnapol	0.0	0.0	0.0
38	__protein1_rbs	3.8	0.0	0.0
38	__protein2_rbs	3.25	0.0	0.0
38	__protein3_rbs	0.6	0.0	0.0
38	__ribosome	55.9	0.0	0.0
38	__rnase_site_ext	8.2	0.0	0.0
38	p0	0.9	0.0	0.0
38	p1	0.55	0.0	0.0
38	protein1	84.1	8.25	2.7057955000000002
38	protein2	59.05	7.0	2.6444642499999995
38	protein3	6.35	1.65	1.98333335
38	r2	6.6	0.0	0.0
38	rnapol	0.0	0.0	0.0
39	__protein1_rbs	3.3	0.0	0.0
39	__protein2_rbs	3.45	0.0	0.0
39	__protein3_rbs	0.75	0.0	0.0
39	__ribosome	54.8	0.0	0.0
39	__rnase_site_ext	8.3	0.0	0.0
39	p0	0.95	0.0	0.0
39	p1	0.55	0.0	0.0
39	protein1	88.25	8.1	2.8465711
39	protein2	63.15	7.2	2.51577385
39	protein3	6.7	1.75	2.26666665
39	r2	6.5	0.0	0.0
39	rnapol	0.0	0.0	0.0
40	__protein1_rbs	4.35	0.0	0.0
40	__protein2_rbs	2.95	0.0	0.0
40	__protein3_rbs	0.9	0.0	0.0
40	__ribosome	54.25	0.0	0.0
40	__rnase_site_ext	8.35	0.0	0.0
40	p0	0.9	0.0	0.0
40	p1	0.6	0.0	0.0
40	protein1	92.5	8.2	2.7272817000000003
40	protein2	66.2	7.1	2.71750005
40	protein3	7.45	1.8	2.23333335
40	r2	6.65	0.0	0.0
40	rnapol	0.05	0.0	0.0
41	__protein1_rbs	3.5	0.0	0.0
41	__protein2_rbs	3.65	0.0	0.0
41	__protein3_rbs	0.8	0.0	0.0
41	__ribosome	53.75	0.0	0.0
41	__rnase_site_ext	8.5	0.0	0.0
41	p0	0.7	0.0	0.0
41	p1	0.45	0.0	0.0
41	protein1	97.1	8.25	2.74101375
41	protein2	69.9	7.55	2.5822420500000005
41	protein3	8.1	1.75	2.4416667000000003
41	r2	6.85	0.0	0.0
41	rnapol	0.0	0.0	0.0
42	__protein1_rbs	4.05	0.0	0.0
42	__protein2_rbs	3.6	0.0	0.0
42	__protein3_rbs	1.1	0.0	0.0
42	__ribosome	53.25	0.0	0.0
42	__rnase_site_ext	8.7	0.0	0.0
42	p0	0.75	0.0	0.0
42	p1	0.65	0.0	0.0
42	protein1	101.3	8.35	2.70983765
42	protein2	73.0	7.8	2.56327385
42	protein3	8.85	1.75	2.3583333
42	r2	6.9	0.0	0.0
42	rnapol	0.0	0.0	0.0
43	__protein1_rbs	4.4	0.0	0.0
43	__protein2_rbs	4.1	0.0	0.0
43	__protein3_rbs	1.1	0.0	0.0
43	__ribosome	53.55	0.0	0.0
43	__rnase_site_ext	9.0	0.0	0.0
43	p0	0.85	0.0	0.0
43	p1	0.85	0.0	0.0
43	protein1	105.65	8.6	2.613281
43	protein2	77.2	8.15	2.430575299999999
43	protein3	9.8	1.8	2.2833333
43	r2	7.05	0.0	0.0
43	rnapol	0.05	0.0	0.0
44	__protein1_rbs	4.5	0.0	0.0
44	__protein2_rbs	3.9	0.0	0.0
44	__protein3_rbs	0.65	0.0	0.0
44	__ribosome	52.95	0.0	0.0
44	__rnase_site_ext	9.15	0.0	0.0
44	p0	0.7	0.0	0.0
44	p1	0.9	0.0	0.0
44	protein1	110.05	8.8	2.57750905
44	protein2	80.75	8.2	2.4500326
44	protein3	10.9	1.8	2.41666665
44	r2	7.25	0.0	0.0
44	rnapol	0.0	0.0	0.0
45	__protein1_rbs	3.75	0.0	0.0
45	__protein2_rbs	3.9	0.0	0.0
45	__protein3_rbs	0.6	0.0	0.0
45	__ribosome	51.15	0.0	0.0
45	__rnase_site_ext	9.25	0.0	0.0
45	p0	0.95	0.0	0.0
45	p1	0.75	0.0	0.0
45	protein1	114.05	9.0	2.6434091
45	protein2	84.8	8.45	2.4402833
45	protein3	11.95	1.8	2.49583335
45	r2	7.25	0.0	0.0
45	rnapol	0.0	0.0	0.0
46	__protein1_rbs	4.9	0.0	0.0
46	__protein2_rbs	4.15	0.0	0.0
46	__protein3_rbs	0.9	0.0	0.0
46	__ribosome	50.85	0.0	0.0
46	__rnase_site_ext	9.25	0.0	0.0
46	p0	0.75	0.0	0.0
46	p1	0.5	0.0	0.0
46	protein1	118.8	9.1	2.5117424500000003
46	protein2	88.25	8.75	2.47491525
46	protein3	12.8	1.8	2.5791667
46	r2	7.65	0.0	0.0
46	rnapol	0.0	0.0	0.0
47	__protein1_rbs	4.5	0.0	0.0
47	__protein2_rbs	4.3	0.0	0.0
47	__protein3_rbs	0.85	0.0	0.0
47	__ribosome	50.25	0.0	0.0
47	__rnase_site_ext	9.45	0.0	0.0
47	p0	0.7	0.0	0.0
47	p1	0.4	0.0	0.0
47	protein1	123.05	9.1	2.54973485
47	protein2	92.35	8.85	2.4657793000000003
47	protein3	13.6	1.8	2.74583335
47	r2	7.95	0.0	0.0
47	rnapol	0.0	0.0	0.0
48	__protein1_rbs	4.5	0.0	0.0
48	__protein2_rbs	4.3	0.0	0.0
48	__protein3_rbs	0.85	0.0	0.0
48	__ribosome	49.7	0.0	0.0
48	__rnase_site_ext	9.55	0.0	0.0
48	p0	0.65	0.0	0.0
48	p1	0.65	0.0	0.0
48	protein1	127.9	9.4	2.4231565500000003
48	protein2	96.25	8.85	2.5377508
48	protein3	14.4	1.9	2.6208332999999997
48	r2	8.2	0.0	0.0
48	rnapol	0.05	0.0	0.0
49	__protein1_rbs	4.9	0.0	0.0
49	__protein2_rbs	4.7	0.0	0.0
49	__protein3_rbs	1.0	0.0	0.0
49	__ribosome	49.3	0.0	0.0
49	__rnase_site_ext	9.9	0.0	0.0
49	p0	0.85	0.0	0.0
49	p1	0.6	0.0	0.0
49	protein1	132.0	9.45	2.4751641
49	protein2	100.55	8.8	2.5315800999999998
49	protein3	15.4	2.0	2.46666665
49	r2	8.35	0.0	0.0
49	rnapol	0.0	0.0	0.0
50	__protein1_rbs	5.2	0.0	0.0
50	__protein2_rbs	5.05	0.0	0.0
50	__protein3_rbs	1.05	0.0	0.0
50	__ribosome	49.55	0.0	0.0
50	__rnase_site_ext	9.95	0.0	0.0
50	p0	0.8	0.0	0.0
50	p1	0.6	0.0	0.0
50	protein1	136.5	9.7	2.4231312500000004
50	protein2	104.7	9.2	2.41070165
50	protein3	16.55	2.05	2.3208333000000003
50	r2	8.5	0.0	0.0
50	rnapol	0.0	0.0	0.0
51	__protein1_rbs	5.0	0.0	0.0
51	__protein2_rbs	4.6	0.0	0.0
51	__protein3_rbs	0.8	0.0	0.0
51	__ribosome	48.45	0.0	0.0
51	__rnase_site_ext	9.9	0.0	0.0
51	p0	0.85	0.0	0.0
51	p1	0.8	0.0	0.0
51	protein1	141.2	9.75	2.4427111000000004
51	protein2	109.2	9.5	2.35320165
51	protein3	17.5	2.05	2.5125
51	r2	8.65	0.0	0.0
51	rnapol	0.0	0.0	0.0
52	__protein1_rbs	4.1	0.0	0.0
52	__protein2_rbs	4.8	0.0	0.0
52	__protein3_rbs	1.1	0.0	0.0
52	__ribosome	46.5	0.0	0.0
52	__rnase_site_ext	9.9	0.0	0.0
52	p0	0.9	0.0	0.0
52	p1	0.6	0.0	0.0
52	protein1	145.8	9.9	2.53054295
52	protein2	113.55	9.65	2.4145455000000005
52	protein3	18.6	2.15	2.33333335
52	r2	8.8	0.0	0.0
52	rnapol	0.1	0.0	0.0
53	__protein1_rbs	5.15	0.0	0.0
53	__protein2_rbs	4.7	0.0	0.0
53	__protein3_rbs	1.35	0.0	0.0
53	__ribosome	46.25	0.0	0.0
53	__rnase_site_ext	10.05	0.0	0.0
53	p0	0.95	0.0	0.0
53	p1	0.55	0.0	0.0
53	protein1	150.65	9.85	2.53768945
53	protein2	117.9	9.85	2.4273737
53	protein3	19.5	2.1	2.27083335
53	r2	8.85	0.0	0.0
53	rnapol	0.0	0.0	0.0
54	__protein1_rbs	5.0	0.0	0.0
54	__protein2_rbs	5.15	0.0	0.0
54	__protein3_rbs	1.2	0.0	0.0
54	__ribosome	45.4	0.0	0.0
54	__rnase_site_ext	10.0	0.0	0.0
54	p0	0.95	0.0	0.0
54	p1	0.4	0.0	0.0
54	protein1	155.15	9.9	2.5998668500000006
54	protein2	121.95	10.0	2.4404671
54	protein3	20.75	2.2	2.0125
54	r2	8.95	0.0	0.0
54	rnapol	0.05	0.0	0.0
55	__protein1_rbs	4.55	0.0	0.0
55	__protein2_rbs	4.3	0.0	0.0
55	__protein3_rbs	1.15	0.0	0.0
55	__ribosome	43.55	0.0	0.0
55	__rnase_site_ext	10.2	0.0	0.0
55	p0	0.75	0.0	0.0
55	p1	0.55	0.0	0.0
55	protein1	159.95	9.95	2.63435505
55	protein2	126.55	10.05	2.53398995
55	protein3	21.6	2.3	2.00416665
55	r2	9.1	0.0	0.0
55	rnapol	0.0	0.0	0.0
56	__protein1_rbs	5.2	0.0	0.0
56	__protein2_rbs	4.85	0.0	0.0
56	__protein3_rbs	1.15	0.0	0.0
56	__ribosome	43.85	0.0	0.0
56	__rnase_site_ext	10.5	0.0	0.0
56	p0	0.7	0.0	0.0
56	p1	0.7	0.0	0.0
56	protein1	164.7	10.05	2.59727825
56	protein2	131.45	10.05	2.53234845
56	protein3	22.85	2.3	2.00416665
56	r2	9.4	0.0	0.0
56	rnapol	0.0	0.0	0.0
57	__protein1_rbs	5.25	0.0	0.0
57	__protein2_rbs	4.9	0.0	0.0
57	__protein3_rbs	1.25	0.0	0.0
57	__ribosome	43.75	0.0	0.0
57	__rnase_site_ext	10.5	0.0	0.0
57	p0	0.65	0.0	0.0
57	p1	0.8	0.0	0.0
57	protein1	170.45	10.3	2.44757505
57	protein2	136.2	10.3	2.5533604
57	protein3	23.85	2.35	2.0941667
57	r2	9.55	0.0	0.0
57	rnapol	0.05	0.0	0.0
58	__protein1_rbs	5.4	0.0	0.0
58	__protein2_rbs	5.65	0.0	0.0
58	__protein3_rbs	1.3	0.0	0.0
58	__ribosome	43.45	0.0	0.0
58	__rnase_site_ext	10.9	0.0	0.0
58	p0	0.75	0.0	0.0
58	p1	0.7	0.0	0.0
58	protein1	175.15	10.4	2.4528776000000003
58	protein2	141.2	10.5	2.46650155
58	protein3	24.5	2.35	2.29583335
58	r2	9.85	0.0	0.0
58	rnapol	0.1	0.0	0.0
59	__protein1_rbs	5.85	0.0	0.0
59	__protein2_rbs	6.7	0.0	0.0
59	__protein3_rbs	1.45	0.0	0.0
59	__ribosome	45.05	0.0	0.0
59	__rnase_site_ext	11.1	0.0	0.0
59	p0	0.75	0.0	0.0
59	p1	0.9	0.0	0.0
59	protein1	180.0	10.7	2.3854252999999996
59	protein2	146.55	10.8	2.27926865
59	protein3	25.7	2.3	2.3083332999999997
59	r2	10.1	0.0	0.0
59	rnapol	0.0	0.0	0.0
60	__protein1_rbs	5.9	0.0	0.0
60	__protein2_rbs	6.05	0.0	0.0
60	__protein3_rbs	0.9	0.0	0.0
60	__ribosome	44.75	0.0	0.0
60	__rnase_site_ext	11.15	0.0	0.0
60	p0	0.9	0.0	0.0
60	p1	0.7	0.0	0.0
60	protein1	185.15	10.85	2.31540675
60	protein2	151.6	10.95	2.279905
60	protein3	26.6	2.25	2.5633333
60	r2	10.05	0.0	0.0
60	rnapol	0.05	0.0	0.0
61	__protein1_rbs	5.7	0.0	0.0
61	__protein2_rbs	5.1	0.0	0.0
61	__protein3_rbs	1.3	0.0	0.0
61	__ribosome	44.35	0.0	0.0
61	__rnase_site_ext	11.25	0.0	0.0
61	p0	0.8	0.0	0.0
61	p1	0.3	0.0	0.0
61	protein1	190.35	11.0	2.3013194500000003
61	protein2	156.6	10.75	2.3672247000000004
61	protein3	27.8	2.3	2.25416675
61	r2	10.35	0.0	0.0
61	rnapol	0.0	0.0	0.0
62	__protein1_rbs	5.6	0.0	0.0
62	__protein2_rbs	6.2	0.0	0.0
62	__protein3_rbs	1.35	0.0	0.0
62	__ribosome	44.2	0.0	0.0
62	__rnase_site_ext	11.4	0.0	0.0
62	p0	0.7	0.0	0.0
62	p1	0.55	0.0	0.0
62	protein1	195.2	11.05	2.3513723
62	protein2	161.9	11.0	2.25848875
62	protein3	28.85	2.4	2.2833333
62	r2	10.5	0.0	0.0
62	rnapol	0.0	0.0	0.0
63	__protein1_rbs	5.9	0.0	0.0
63	__protein2_rbs	5.1	0.0	0.0
63	__protein3_rbs	1.25	0.0	0.0
63	__ribosome	42.25	0.0	0.0
63	__rnase_site_ext	11.55	0.0	0.0
63	p0	0.9	0.0	0.0
63	p1	0.45	0.0	0.0
63	protein1	200.2	11.15	2.3878383
63	protein2	166.65	11.05	2.3747158499999994
63	protein3	29.9	2.5	2.17
63	r2	10.85	0.0	0.0
63	rnapol	0.05	0.0	0.0
64	__protein1_rbs	5.6	0.0	0.0
64	__protein2_rbs	6.4	0.0	0.0
64	__protein3_rbs	1.1	0.0	0.0
64	__ribosome	41.5	0.0	0.0
64	__rnase_site_ext	11.7	0.0	0.0
64	p0	0.85	0.0	0.0
64	p1	0.55	0.0	0.0
64	protein1	205.35	11.4	2.37798275
64	protein2	171.35	11.0	2.3706908500000003
64	protein3	31.0	2.55	2.1983333500000004
64	r2	10.95	0.0	0.0
64	rnapol	0.0	0.0	0.0
65	__protein1_rbs	5.7	0.0	0.0
65	__protein2_rbs	6.15	0.0	0.0
65	__protein3_rbs	1.7	0.0	0.0
65	__ribosome	41.1	0.0	0.0
65	__rnase_site_ext	11.65	0.0	0.0
65	p0	0.9	0.0	0.0
65	p1	0.7	0.0	0.0
65	protein1	210.35	11.55	2.4151915
65	protein2	176.4	11.35	2.2738922000000006
65	protein3	32.15	2.65	1.9475
65	r2	11.05	0.0	0.0
65	rnapol	0.0	0.0	0.0
66	__protein1_rbs	6.3	0.0	0.0
66	__protein2_rbs	6.05	0.0	0.0
66	__protein3_rbs	1.3	0.0	0.0
66	__ribosome	39.9	0.0	0.0
66	__rnase_site_ext	11.7	0.0	0.0
66	p0	0.85	0.0	0.0
66	p1	0.8	0.0	0.0
66	protein1	215.05	11.6	2.441879
66	protein2	181.5	11.45	2.2710540000000004
66	protein3	33.0	2.65	2.16499995
66	r2	11.2	0.0	0.0
66	rnapol	0.0	0.0	0.0
67	__protein1_rbs	6.4	0.0	0.0
67	__protein2_rbs	6.4	0.0	0.0
67	__protein3_rbs	1.6	0.0	0.0
67	__ribosome	40.4	0.0	0.0
67	__rnase_site_ext	11.9	0.0	0.0
67	p0	0.8	0.0	0.0
67	p1	0.65	0.0	0.0
67	protein1	220.65	11.6	2.3964790500000004
67	protein2	186.7	11.65	2.2357414499999995
67	protein3	34.15	2.8	2.05333335
67	r2	11.3	0.0	0.0
67	rnapol	0.0	0.0	0.0
68	__protein1_rbs	6.8	0.0	0.0
68	__protein2_rbs	7.0	0.0	0.0
68	__protein3_rbs	1.5	0.0	0.0
68	__ribosome	42.1	0.0	0.0
68	__rnase_site_ext	11.8	0.0	0.0
68	p0	0.9	0.0	0.0
68	p1	0.55	0.0	0.0
68	protein1	226.85	11.7	2.25650905
68	protein2	192.0	11.8	2.1613299
68	protein3	35.3	2.8	2.1599999999999997
68	r2	11.1	0.0	0.0
68	rnapol	0.05	0.0	0.0
69	__protein1_rbs	6.1	0.0	0.0
69	__protein2_rbs	6.6	0.0	0.0
69	__protein3_rbs	1.6	0.0	0.0
69	__ribosome	40.4	0.0	0.0
69	__rnase_site_ext	11.8	0.0	0.0
69	p0	0.85	0.0	0.0
69	p1	0.6	0.0	0.0
69	protein1	232.3	11.7	2.29636025
69	protein2	196.55	12.05	2.2261813000000004
69	protein3	36.65	2.8	inf
69	r2	11.4	0.0	0.0
69	rnapol	0.05	0.0	0.0
70	__protein1_rbs	5.6	0.0	0.0
70	__protein2_rbs	7.25	0.0	0.0
70	__protein3_rbs	1.6	0.0	0.0
70	__ribosome	40.7	0.0	0.0
70	__rnase_site_ext	12.15	0.0	0.0
70	p0	0.85	0.0	0.0
70	p1	0.75	0.0	0.0
70	protein1	237.65	11.65	2.37749635
70	protein2	202.35	12.05	2.1505619
70	protein3	37.8	2.8	inf
70	r2	11.4	0.0	0.0
70	rnapol	0.05	0.0	0.0
71	__protein1_rbs	5.75	0.0	0.0
71	__protein2_rbs	6.95	0.0	0.0
71	__protein3_rbs	1.6	0.0	0.0
71	__ribosome	40.5	0.0	0.0
71	__rnase_site_ext	12.2	0.0	0.0
71	p0	0.65	0.0	0.0
71	p1	0.7	0.0	0.0
71	protein1	243.35	11.95	2.3083216
71	protein2	207.55	12.0	2.1829678
71	protein3	39.05	2.85	inf
71	r2	11.7	0.0	0.0
71	rnapol	0.05	0.0	0.0
72	__protein1_rbs	6.8	0.0	0.0
72	__protein2_rbs	6.5	0.0	0.0
72	__protein3_rbs	1.75	0.0	0.0
72	__ribosome	39.05	0.0	0.0
72	__rnase_site_ext	12.5	0.0	0.0
72	p0	0.55	0.0	0.0
72	p1	0.6	0.0	0.0
72	protein1	248.15	11.95	2.35529425
72	protein2	212.35	12.2	2.22603265
72	protein3	40.3	2.85	inf
72	r2	11.85	0.0	0.0
72	rnapol	0.05	0.0	0.0
73	__protein1_rbs	7.0	0.0	0.0
73	__protein2_rbs	6.6	0.0	0.0
73	__protein3_rbs	1.25	0.0	0.0
73	__ribosome	37.9	0.0	0.0
73	__rnase_site_ext	12.7	0.0	0.0
73	p0	0.75	0.0	0.0
73	p1	0.6	0.0	0.0
73	protein1	253.05	12.2	2.33248495
73	protein2	217.1	12.35	2.29469115
73	protein3	41.75	2.85	1.9983332999999999
73	r2	12.3	0.0	0.0
73	rnapol	0.05	0.0	0.0
74	__protein1_rbs	7.1	0.0	0.0
74	__protein2_rbs	6.6	0.0	0.0
74	__protein3_rbs	1.5	0.0	0.0
74	__ribosome	38.7	0.0	0.0
74	__rnase_site_ext	12.95	0.0	0.0
74	p0	0.75	0.0	0.0
74	p1	0.8	0.0	0.0
74	protein1	259.05	12.55	2.1805826
74	protein2	222.7	12.5	2.2621808500000005
74	protein3	43.1	2.9	1.98083335
74	r2	12.4	0.0	0.0
74	rnapol	0.0	0.0	0.0
75	__protein1_rbs	6.65	0.0	0.0
75	__protein2_rbs	7.0	0.0	0.0
75	__protein3_rbs	1.25	0.0	0.0
75	__ribosome	38.0	0.0	0.0
75	__rnase_site_ext	12.95	0.0	0.0
75	p0	0.8	0.0	0.0
75	p1	0.6	0.0	0.0
75	protein1	264.5	12.6	2.23296425
75	protein2	228.6	12.45	2.24150475
75	protein3	44.2	2.8	2.26083335
75	r2	12.3	0.0	0.0
75	rnapol	0.0	0.0	0.0
76	__protein1_rbs	7.1	0.0	0.0
76	__protein2_rbs	6.8	0.0	0.0
76	__protein3_rbs	1.5	0.0	0.0
76	__ribosome	36.9	0.0	0.0
76	__rnase_site_ext	13.0	0.0	0.0
76	p0	0.8	0.0	0.0
76	p1	0.6	0.0	0.0
76	protein1	270.45	12.65	2.1673723000000003
76	protein2	233.05	12.65	2.31796845
76	protein3	45.45	2.9	2.2133334
76	r2	12.45	0.0	0.0
76	rnapol	0.05	0.0	0.0
77	__protein1_rbs	7.25	0.0	0.0
77	__protein2_rbs	7.55	0.0	0.0
77	__protein3_rbs	2.0	0.0	0.0
77	__ribosome	36.6	0.0	0.0
77	__rnase_site_ext	12.95	0.0	0.0
77	p0	0.85	0.0	0.0
77	p1	0.4	0.0	0.0
77	protein1	275.1	12.75	2.2337973
77	protein2	239.15	12.85	2.24386515
77	protein3	46.5	3.0	2.08416675
77	r2	12.65	0.0	0.0
77	rnapol	0.0	0.0	0.0
78	__protein1_rbs	7.05	0.0	0.0
78	__protein2_rbs	6.75	0.0	0.0
78	__protein3_rbs	1.4	0.0	0.0
78	__ribosome	36.6	0.0	0.0
78	__rnase_site_ext	13.2	0.0	0.0
78	p0	0.7	0.0	0.0
78	p1	0.35	0.0	0.0
78	protein1	281.1	12.75	2.2199063999999997
78	protein2	245.0	13.0	2.23560615
78	protein3	48.0	3.05	2.05749995
78	r2	12.85	0.0	0.0
78	rnapol	0.0	0.0	0.0
79	__protein1_rbs	7.6	0.0	0.0
79	__protein2_rbs	7.55	0.0	0.0
79	__protein3_rbs	1.7	0.0	0.0
79	__ribosome	37.15	0.0	0.0
79	__rnase_site_ext	13.2	0.0	0.0
79	p0	0.85	0.0	0.0
79	p1	0.55	0.0	0.0
79	protein1	286.45	12.9	2.23659615
79	protein2	250.7	13.0	2.2034372500000003
79	protein3	49.3	3.1	1.905
79	r2	12.9	0.0	0.0
79	rnapol	0.05	0.0	0.0
80	__protein1_rbs	7.55	0.0	0.0
80	__protein2_rbs	7.65	0.0	0.0
80	__protein3_rbs	1.6	0.0	0.0
80	__ribosome	37.1	0.0	0.0
80	__rnase_site_ext	13.1	0.0	0.0
80	p0	0.9	0.0	0.0
80	p1	0.6	0.0	0.0
80	protein1	292.05	13.1	2.1549609500000004
80	protein2	256.15	13.0	2.2143320500000003
80	protein3	50.7	3.15	1.90416665
80	r2	12.95	0.0	0.0
80	rnapol	0.0	0.0	0.0
81	__protein1_rbs	7.1	0.0	0.0
81	__protein2_rbs	8.05	0.0	0.0
81	__protein3_rbs	2.0	0.0	0.0
81	__ribosome	37.75	0.0	0.0
81	__rnase_site_ext	13.15	0.0	0.0
81	p0	0.8	0.0	0.0
81	p1	0.6	0.0	0.0
81	protein1	298.15	12.9	2.17680335
81	protein2	262.05	13.2	2.1316186000000004
81	protein3	52.1	3.3	1.8616667000000002
81	r2	13.05	0.0	0.0
81	rnapol	0.0	0.0	0.0
82	__protein1_rbs	7.55	0.0	0.0
82	__protein2_rbs	8.5	0.0	0.0
82	__protein3_rbs	1.95	0.0	0.0
82	__ribosome	38.3	0.0	0.0
82	__rnase_site_ext	13.15	0.0	0.0
82	p0	0.65	0.0	0.0
82	p1	0.8	0.0	0.0
82	protein1	303.3	12.95	2.1819754500000004
82	protein2	268.2	13.55	2.0019361500000006
82	protein3	53.3	3.3	1.93119055
82	r2	13.2	0.0	0.0
82	rnapol	0.0	0.0	0.0
83	__protein1_rbs	7.8	0.0	0.0
83	__protein2_rbs	7.45	0.0	0.0
83	__protein3_rbs	1.85	0.0	0.0
83	__ribosome	37.05	0.0	0.0
83	__rnase_site_ext	13.1	0.0	0.0
83	p0	0.8	0.0	0.0
83	p1	0.55	0.0	0.0
83	protein1	308.85	12.95	2.15072895
83	protein2	273.15	13.8	2.07191615
83	protein3	54.65	3.25	2.0020238
83	r2	13.15	0.0	0.0
83	rnapol	0.0	0.0	0.0
84	__protein1_rbs	7.45	0.0	0.0
84	__protein2_rbs	7.95	0.0	0.0
84	__protein3_rbs	2.05	0.0	0.0
84	__ribosome	36.7	0.0	0.0
84	__rnase_site_ext	12.95	0.0	0.0
84	p0	0.95	0.0	0.0
84	p1	0.6	0.0	0.0
84	protein1	314.35	13.05	2.1600449
84	protein2	278.9	13.8	2.10712335
84	protein3	56.4	3.35	1.8745238500000003
84	r2	13.3	0.0	0.0
84	rnapol	0.0	0.0	0.0
85	__protein1_rbs	7.45	0.0	0.0
85	__protein2_rbs	8.05	0.0	0.0
85	__protein3_rbs	1.75	0.0	0.0
85	__ribosome	36.4	0.0	0.0
85	__rnase_site_ext	13.0	0.0	0.0
85	p0	0.9	0.0	0.0
85	p1	0.85	0.0	0.0
85	protein1	319.7	12.85	2.18984615
85	protein2	284.85	13.95	2.0645540500000004
85	protein3	57.45	3.25	2.0623810000000002
85	r2	13.3	0.0	0.0
85	rnapol	0.0	0.0	0.0
86	__protein1_rbs	7.0	0.0	0.0
86	__protein2_rbs	7.45	0.0	0.0
86	__protein3_rbs	1.5	0.0	0.0
86	__ribosome	35.15	0.0	0.0
86	__rnase_site_ext	13.1	0.0	0.0
86	p0	0.7	0.0	0.0
86	p1	0.7	0.0	0.0
86	protein1	326.05	12.9	2.1623452000000003
86	protein2	290.0	14.0	2.137119
86	protein3	58.8	3.25	2.1341667
86	r2	13.6	0.0	0.0
86	rnapol	0.05	0.0	0.0
87	__protein1_rbs	7.85	0.0	0.0
87	__protein2_rbs	7.8	0.0	0.0
87	__protein3_rbs	1.95	0.0	0.0
87	__ribosome	34.85	0.0	0.0
87	__rnase_site_ext	13.35	0.0	0.0
87	p0	0.75	0.0	0.0
87	p1	0.6	0.0	0.0
87	protein1	331.6	12.95	2.1249478500000003
87	protein2	295.2	14.2	2.1981661
87	protein3	60.35	3.2	2.01952385
87	r2	13.95	0.0	0.0
87	rnapol	0.05	0.0	0.0
88	__protein1_rbs	7.55	0.0	0.0
88	__protein2_rbs	8.35	0.0	0.0
88	__protein3_rbs	2.0	0.0	0.0
88	__ribosome	34.75	0.0	0.0
88	__rnase_site_ext	13.6	0.0	0.0
88	p0	0.65	0.0	0.0
88	p1	0.65	0.0	0.0
88	protein1	336.8	13.2	2.1254855
88	protein2	301.7	14.4	2.1479802999999995
88	protein3	61.75	3.3	1.9957143
88	r2	14.15	0.0	0.0
88	rnapol	0.0	0.0	0.0
89	__protein1_rbs	8.1	0.0	0.0
89	__protein2_rbs	7.85	0.0	0.0
89	__protein3_rbs	2.1	0.0	0.0
89	__ribosome	34.35	0.0	0.0
89	__rnase_site_ext	13.8	0.0	0.0
89	p0	0.85	0.0	0.0
89	p1	0.7	0.0	0.0
89	protein1	342.45	13.4	2.09380115
89	protein2	307.6	14.2	2.2199123
89	protein3	62.95	3.35	1.9498810000000002
89	r2	14.3	0.0	0.0
89	rnapol	0.1	0.0	0.0
90	__protein1_rbs	8.05	0.0	0.0
90	__protein2_rbs	8.8	0.0	0.0
90	__protein3_rbs	1.9	0.0	0.0
90	__ribosome	35.2	0.0	0.0
90	__rnase_site_ext	14.0	0.0	0.0
90	p0	0.7	0.0	0.0
90	p1	0.8	0.0	0.0
90	protein1	348.15	13.7	2.0369611
90	protein2	313.8	14.35	2.1564900000000002
90	protein3	64.8	3.35	1.885
90	r2	14.4	0.0	0.0
90	rnapol	0.05	0.0	0.0
91	__protein1_rbs	8.25	0.0	0.0
91	__protein2_rbs	8.7	0.0	0.0
91	__protein3_rbs	2.05	0.0	0.0
91	__ribosome	36.15	0.0	0.0
91	__rnase_site_ext	14.2	0.0	0.0
91	p0	0.9	0.0	0.0
91	p1	0.7	0.0	0.0
91	protein1	354.0	13.85	1.9878671
91	protein2	320.1	14.45	2.0996402499999998
91	protein3	66.15	3.45	1.8853572
91	r2	14.5	0.0	0.0
91	rnapol	0.0	0.0	0.0
92	__protein1_rbs	7.2	0.0	0.0
92	__protein2_rbs	7.7	0.0	0.0
92	__protein3_rbs	2.15	0.0	0.0
92	__ribosome	33.25	0.0	0.0
92	__rnase_site_ext	14.15	0.0	0.0
92	p0	0.8	0.0	0.0
92	p1	0.5	0.0	0.0
92	protein1	359.1	14.05	2.1056062
92	protein2	326.45	14.6	2.1042825
92	protein3	67.4	3.45	1.8891666499999995
92	r2	14.6	0.0	0.0
92	rnapol	0.05	0.0	0.0
93	__protein1_rbs	8.2	0.0	0.0
93	__protein2_rbs	8.4	0.0	0.0
93	__protein3_rbs	1.95	0.0	0.0
93	__ribosome	32.75	0.0	0.0
93	__rnase_site_ext	14.5	0.0	0.0
93	p0	0.65	0.0	0.0
93	p1	0.6	0.0	0.0
93	protein1	364.55	14.05	2.1227025999999998
93	protein2	333.0	14.6	2.107596
93	protein3	68.8	3.45	2.03
93	r2	14.8	0.0	0.0
93	rnapol	0.1	0.0	0.0
94	__protein1_rbs	8.45	0.0	0.0
94	__protein2_rbs	8.55	0.0	0.0
94	__protein3_rbs	1.95	0.0	0.0
94	__ribosome	31.2	0.0	0.0
94	__rnase_site_ext	14.35	0.0	0.0
94	p0	0.85	0.0	0.0
94	p1	0.6	0.0	0.0
94	protein1	370.0	14.3	2.1192506
94	protein2	338.6	14.6	2.15436275
94	protein3	70.15	3.55	2.1941667
94	r2	14.7	0.0	0.0
94	rnapol	0.05	0.0	0.0
95	__protein1_rbs	8.45	0.0	0.0
95	__protein2_rbs	9.1	0.0	0.0
95	__protein3_rbs	2.4	0.0	0.0
95	__ribosome	32.1	0.0	0.0
95	__rnase_site_ext	14.5	0.0	0.0
95	p0	0.6	0.0	0.0
95	p1	0.65	0.0	0.0
95	protein1	375.3	14.45	2.13117985
95	protein2	345.35	14.65	2.0419887999999995
95	protein3	71.5	3.6	2.1008332999999997
95	r2	14.85	0.0	0.0
95	rnapol	0.1	0.0	0.0
96	__protein1_rbs	9.45	0.0	0.0
96	__protein2_rbs	9.0	0.0	0.0
96	__protein3_rbs	1.85	0.0	0.0
96	__ribosome	33.4	0.0	0.0
96	__rnase_site_ext	14.6	0.0	0.0
96	p0	0.7	0.0	0.0
96	p1	0.6	0.0	0.0
96	protein1	381.75	14.3	2.0448442
96	protein2	351.15	14.75	2.0485413
96	protein3	73.2	3.7	2.0392857
96	r2	15.0	0.0	0.0
96	rnapol	0.05	0.0	0.0
97	__protein1_rbs	8.75	0.0	0.0
97	__protein2_rbs	8.6	0.0	0.0
97	__protein3_rbs	1.95	0.0	0.0
97	__ribosome	34.8	0.0	0.0
97	__rnase_site_ext	14.6	0.0	0.0
97	p0	0.9	0.0	0.0
97	p1	0.75	0.0	0.0
97	protein1	388.35	14.5	1.9612937
97	protein2	358.25	14.75	2.0115363
97	protein3	74.9	3.7	2.1096429
97	r2	15.3	0.0	0.0
97	rnapol	0.05	0.0	0.0
98	__protein1_rbs	8.75	0.0	0.0
98	__protein2_rbs	8.55	0.0	0.0
98	__protein3_rbs	2.05	0.0	0.0
98	__ribosome	33.2	0.0	0.0
98	__rnase_site_ext	14.65	0.0	0.0
98	p0	0.95	0.0	0.0
98	p1	0.65	0.0	0.0
98	protein1	393.95	14.45	2.00280525
98	protein2	363.85	14.85	2.0610596
98	protein3	76.45	3.6	2.1508333000000004
98	r2	15.05	0.0	0.0
98	rnapol	0.0	0.0	0.0
99	__protein1_rbs	9.0	0.0	0.0
99	__protein2_rbs	9.1	0.0	0.0
99	__protein3_rbs	1.95	0.0	0.0
99	__ribosome	33.55	0.0	0.0
99	__rnase_site_ext	14.85	0.0	0.0
99	p0	0.8	0.0	0.0
99	p1	0.7	0.0	0.0
99	protein1	400.1	14.5	1.96597125
99	protein2	370.1	14.8	2.0588759
99	protein3	77.85	3.5	2.30666665
99	r2	15.15	0.0	0.0
99	rnapol	0.05	0.0	0.0
100	__protein1_rbs	8.2	0.0	0.0
100	__protein2_rbs	9.25	0.0	0.0
100	__protein3_rbs	2.0	0.0	0.0
100	__ribosome	33.05	0.0	0.0
100	__rnase_site_ext	14.95	0.0	0.0
100	p0	0.65	0.0	0.0
100	p1	0.6	0.0	0.0
100	protein1	406.3	14.6	1.95087425
100	protein2	375.8	14.9	2.0871338
100	protein3	79.2	3.55	2.38208335
100	r2	15.2	0.0	0.0
100	rnapol	0.0	0.0	0.0
101	__protein1_rbs	7.35	0.0	0.0
101	__protein2_rbs	9.15	0.0	0.0
101	__protein3_rbs	2.45	0.0	0.0
101	__ribosome	31.3	0.0	0.0
101	__rnase_site_ext	15.0	0.0	0.0
101	p0	0.85	0.0	0.0
101	p1	0.5	0.0	0.0
101	protein1	411.1	14.7	2.12915515
101	protein2	381.75	14.85	2.0676399
101	protein3	81.35	3.7	2.14333335
101	r2	15.3	0.0	0.0
101	rnapol	0.05	0.0	0.0
102	__protein1_rbs	9.2	0.0	0.0
102	__protein2_rbs	9.15	0.0	0.0
102	__protein3_rbs	2.2	0.0	0.0
102	__ribosome	32.2	0.0	0.0
102	__rnase_site_ext	15.1	0.0	0.0
102	p0	0.85	0.0	0.0
102	p1	0.6	0.0	0.0
102	protein1	417.6	14.9	2.0436762
102	protein2	388.0	15.0	2.0368766000000003
102	protein3	82.7	3.7	2.17458335
102	r2	15.55	0.0	0.0
102	rnapol	0.05	0.0	0.0
103	__protein1_rbs	8.9	0.0	0.0
103	__protein2_rbs	8.5	0.0	0.0
103	__protein3_rbs	2.2	0.0	0.0
103	__ribosome	31.4	0.0	0.0
103	__rnase_site_ext	15.05	0.0	0.0
103	p0	0.85	0.0	0.0
103	p1	0.85	0.0	0.0
103	protein1	423.1	14.95	2.1027565500000005
103	protein2	394.55	15.15	2.04317935
103	protein3	84.65	3.7	1.9833333
103	r2	15.5	0.0	0.0
103	rnapol	0.0	0.0	0.0
104	__protein1_rbs	9.2	0.0	0.0
104	__protein2_rbs	9.5	0.0	0.0
104	__protein3_rbs	2.45	0.0	0.0
104	__ribosome	31.6	0.0	0.0
104	__rnase_site_ext	14.8	0.0	0.0
104	p0	0.85	0.0	0.0
104	p1	0.85	0.0	0.0
104	protein1	428.55	15.0	2.1096748
104	protein2	400.7	15.25	2.0121043499999995
104	protein3	86.0	3.75	1.94791665
104	r2	15.6	0.0	0.0
104	rnapol	0.0	0.0	0.0
105	__protein1_rbs	8.5	0.0	0.0
105	__protein2_rbs	8.95	0.0	0.0
105	__protein3_rbs	2.2	0.0	0.0
105	__ribosome	31.5	0.0	0.0
105	__rnase_site_ext	15.1	0.0	0.0
105	p0	0.65	0.0	0.0
105	p1	0.7	0.0	0.0
105	protein1	434.8	14.75	2.1403990000000004
105	protein2	406.95	15.55	1.98249115
105	protein3	87.55	3.65	1.89166665
105	r2	15.75	0.0	0.0
105	rnapol	0.0	0.0	0.0
106	__protein1_rbs	8.45	0.0	0.0
106	__protein2_rbs	8.9	0.0	0.0
106	__protein3_rbs	2.7	0.0	0.0
106	__ribosome	30.85	0.0	0.0
106	__rnase_site_ext	15.05	0.0	0.0
106	p0	0.85	0.0	0.0
106	p1	0.5	0.0	0.0
106	protein1	441.9	14.8	2.10064415
106	protein2	412.5	15.85	2.02667315
106	protein3	89.35	3.8	1.68999995
106	r2	15.85	0.0	0.0
106	rnapol	0.0	0.0	0.0
107	__protein1_rbs	9.45	0.0	0.0
107	__protein2_rbs	10.1	0.0	0.0
107	__protein3_rbs	2.35	0.0	0.0
107	__ribosome	31.6	0.0	0.0
107	__rnase_site_ext	14.85	0.0	0.0
107	p0	0.9	0.0	0.0
107	p1	0.75	0.0	0.0
107	protein1	448.45	15.0	2.031334
107	protein2	418.95	15.95	1.9823791
107	protein3	90.5	3.75	1.89410715
107	r2	15.85	0.0	0.0
107	rnapol	0.05	0.0	0.0
108	__protein1_rbs	8.65	0.0	0.0
108	__protein2_rbs	9.0	0.0	0.0
108	__protein3_rbs	2.0	0.0	0.0
108	__ribosome	30.45	0.0	0.0
108	__rnase_site_ext	14.95	0.0	0.0
108	p0	0.9	0.0	0.0
108	p1	0.75	0.0	0.0
108	protein1	454.4	14.85	2.07033595
108	protein2	425.35	15.95	2.0153621999999998
108	protein3	92.0	3.85	1.9613889
108	r2	15.9	0.0	0.0
108	rnapol	0.05	0.0	0.0
109	__protein1_rbs	9.25	0.0	0.0
109	__protein2_rbs	9.45	0.0	0.0
109	__protein3_rbs	2.45	0.0	0.0
109	__ribosome	30.5	0.0	0.0
109	__rnase_site_ext	14.85	0.0	0.0
109	p0	0.8	0.0	0.0
109	p1	0.8	0.0	0.0
109	protein1	460.25	14.85	2.06588885
109	protein2	431.7	16.1	2.01911015
109	protein3	93.6	3.85	1.9234722
109	r2	16.05	0.0	0.0
109	rnapol	0.05	0.0	0.0
110	__protein1_rbs	8.6	0.0	0.0
110	__protein2_rbs	10.65	0.0	0.0
110	__protein3_rbs	2.1	0.0	0.0
110	__ribosome	31.2	0.0	0.0
110	__rnase_site_ext	15.2	0.0	0.0
110	p0	0.65	0.0	0.0
110	p1	0.75	0.0	0.0
110	protein1	467.1	14.8	2.029749900000001
110	protein2	438.0	16.4	1.96872935
110	protein3	95.05	3.8	1.9936111000000003
110	r2	15.95	0.0	0.0
110	rnapol	0.0	0.0	0.0
111	__protein1_rbs	8.95	0.0	0.0
111	__protein2_rbs	9.65	0.0	0.0
111	__protein3_rbs	2.5	0.0	0.0
111	__ribosome	31.45	0.0	0.0
111	__rnase_site_ext	15.15	0.0	0.0
111	p0	0.75	0.0	0.0
111	p1	0.45	0.0	0.0
111	protein1	473.25	14.9	2.00501185
111	protein2	445.0	16.4	1.9656378
111	protein3	96.4	3.9	1.98541665
111	r2	16.15	0.0	0.0
111	rnapol	0.0	0.0	0.0
112	__protein1_rbs	9.8	0.0	0.0
112	__protein2_rbs	9.5	0.0	0.0
112	__protein3_rbs	2.45	0.0	0.0
112	__ribosome	31.15	0.0	0.0
112	__rnase_site_ext	15.0	0.0	0.0
112	p0	0.95	0.0	0.0
112	p1	0.75	0.0	0.0
112	protein1	479.55	14.9	1.94269835
112	protein2	450.85	16.4	2.0130168
112	protein3	97.75	3.95	1.9975
112	r2	16.2	0.0	0.0
112	rnapol	0.1	0.0	0.0
113	__protein1_rbs	9.0	0.0	0.0
113	__protein2_rbs	10.25	0.0	0.0
113	__protein3_rbs	2.75	0.0	0.0
113	__ribosome	31.4	0.0	0.0
113	__rnase_site_ext	15.2	0.0	0.0
113	p0	0.85	0.0	0.0
113	p1	0.85	0.0	0.0
113	protein1	485.25	15.15	1.9490216999999996
113	protein2	457.7	16.35	1.992405
113	protein3	99.55	3.95	1.7650595000000002
113	r2	16.1	0.0	0.0
113	rnapol	0.0	0.0	0.0
114	__protein1_rbs	9.8	0.0	0.0
114	__protein2_rbs	10.45	0.0	0.0
114	__protein3_rbs	2.6	0.0	0.0
114	__ribosome	31.55	0.0	0.0
114	__rnase_site_ext	15.1	0.0	0.0
114	p0	0.8	0.0	0.0
114	p1	0.85	0.0	0.0
114	protein1	490.9	15.0	1.9456024000000005
114	protein2	464.35	16.4	1.9699492
114	protein3	101.0	4.2	1.7954167
114	r2	16.25	0.0	0.0
114	rnapol	0.0	0.0	0.0
115	__protein1_rbs	9.3	0.0	0.0
115	__protein2_rbs	10.5	0.0	0.0
115	__protein3_rbs	2.75	0.0	0.0
115	__ribosome	30.95	0.0	0.0
115	__rnase_site_ext	15.25	0.0	0.0
115	p0	0.9	0.0	0.0
115	p1	0.5	0.0	0.0
115	protein1	497.1	15.05	1.9687616
115	protein2	470.6	16.5	1.95062265
115	protein3	102.45	4.25	1.7833333500000002
115	r2	16.55	0.0	0.0
115	rnapol	0.0	0.0	0.0
116	__protein1_rbs	9.25	0.0	0.0
116	__protein2_rbs	10.4	0.0	0.0
116	__protein3_rbs	2.8	0.0	0.0
116	__ribosome	31.35	0.0	0.0
116	__rnase_site_ext	15.55	0.0	0.0
116	p0	0.6	0.0	0.0
116	p1	0.5	0.0	0.0
116	protein1	503.4	15.1	1.9547835
116	protein2	477.05	16.55	1.94905495
116	protein3	104.15	4.1	1.83583335
116	r2	16.6	0.0	0.0
116	rnapol	0.0	0.0	0.0
117	__protein1_rbs	9.25	0.0	0.0
117	__protein2_rbs	10.75	0.0	0.0
117	__protein3_rbs	2.3	0.0	0.0
117	__ribosome	32.1	0.0	0.0
117	__rnase_site_ext	15.6	0.0	0.0
117	p0	0.95	0.0	0.0
117	p1	0.8	0.0	0.0
117	protein1	509.3	15.35	1.9573492
117	protein2	484.6	16.45	1.8655146500000004
117	protein3	105.6	4.2	1.99958335
117	r2	16.7	0.0	0.0
117	rnapol	0.05	0.0	0.0
118	__protein1_rbs	9.35	0.0	0.0
118	__protein2_rbs	9.5	0.0	0.0
118	__protein3_rbs	2.4	0.0	0.0
118	__ribosome	31.1	0.0	0.0
118	__rnase_site_ext	15.4	0.0	0.0
118	p0	0.7	0.0	0.0
118	p1	0.6	0.0	0.0
118	protein1	515.45	15.45	1.95187495
118	protein2	491.5	16.45	1.90006165
118	protein3	107.25	4.2	2.0341666500000004
118	r2	16.85	0.0	0.0
118	rnapol	0.05	0.0	0.0
119	__protein1_rbs	8.85	0.0	0.0
119	__protein2_rbs	9.85	0.0	0.0
119	__protein3_rbs	2.55	0.0	0.0
119	__ribosome	29.25	0.0	0.0
119	__rnase_site_ext	15.5	0.0	0.0
119	p0	0.85	0.0	0.0
119	p1	0.75	0.0	0.0
119	protein1	521.35	15.3	1.9965359
119	protein2	497.25	16.5	1.95087285
119	protein3	108.7	4.2	2.18125005
119	r2	17.15	0.0	0.0
119	rnapol	0.0	0.0	0.0
120	__protein1_rbs	9.65	0.0	0.0
120	__protein2_rbs	10.4	0.0	0.0
120	__protein3_rbs	2.95	0.0	0.0
120	__ribosome	30.2	0.0	0.0
120	__rnase_site_ext	15.65	0.0	0.0
120	p0	0.75	0.0	0.0
120	p1	0.55	0.0	0.0
120	protein1	528.0	15.45	1.9181143
120	protein2	503.7	16.8	1.9276351
120	protein3	110.8	4.25	2.00583335
120	r2	17.25	0.0	0.0
120	rnapol	0.0	0.0	0.0
121	__protein1_rbs	10.1	0.0	0.0
121	__protein2_rbs	9.85	0.0	0.0
121	__protein3_rbs	2.65	0.0	0.0
121	__ribosome	29.3	0.0	0.0
121	__rnase_site_ext	15.85	0.0	0.0
121	p0	0.85	0.0	0.0
121	p1	0.45	0.0	0.0
121	protein1	533.8	15.5	1.93671235
121	protein2	510.3	16.7	1.98206075
121	protein3	112.45	4.3	2.00166665
121	r2	17.2	0.0	0.0
121	rnapol	0.0	0.0	0.0
122	__protein1_rbs	9.5	0.0	0.0
122	__protein2_rbs	10.3	0.0	0.0
122	__protein3_rbs	2.8	0.0	0.0
122	__ribosome	29.25	0.0	0.0
122	__rnase_site_ext	15.75	0.0	0.0
122	p0	0.85	0.0	0.0
122	p1	0.45	0.0	0.0
122	protein1	539.9	15.6	1.9487297999999995
122	protein2	516.95	16.6	1.97090935
122	protein3	114.25	4.45	1.90744045
122	r2	17.2	0.0	0.0
122	rnapol	0.1	0.0	0.0
123	__protein1_rbs	10.65	0.0	0.0
123	__protein2_rbs	11.45	0.0	0.0
123	__protein3_rbs	2.8	0.0	0.0
123	__ribosome	32.1	0.0	0.0
123	__rnase_site_ext	15.9	0.0	0.0
123	p0	0.9	0.0	0.0
123	p1	0.7	0.0	0.0
123	protein1	546.2	15.65	1.8626833
123	protein2	523.55	16.6	1.89008885
123	protein3	116.2	4.55	1.82642855
123	r2	17.2	0.0	0.0
123	rnapol	0.0	0.0	0.0
124	__protein1_rbs	9.95	0.0	0.0
124	__protein2_rbs	10.25	0.0	0.0
124	__protein3_rbs	3.05	0.0	0.0
124	__ribosome	31.85	0.0	0.0
124	__rnase_site_ext	16.05	0.0	0.0
124	p0	0.8	0.0	0.0
124	p1	0.5	0.0	0.0
124	protein1	552.55	15.85	1.86333665
124	protein2	530.1	16.75	1.8791635
124	protein3	117.85	4.6	1.76345235
124	r2	17.25	0.0	0.0
124	rnapol	0.05	0.0	0.0
125	__protein1_rbs	8.9	0.0	0.0
125	__protein2_rbs	10.25	0.0	0.0
125	__protein3_rbs	3.35	0.0	0.0
125	__ribosome	32.1	0.0	0.0
125	__rnase_site_ext	16.25	0.0	0.0
125	p0	0.75	0.0	0.0
125	p1	0.65	0.0	0.0
125	protein1	558.75	15.9	1.9425787
125	protein2	537.95	16.75	1.8142397000000003
125	protein3	119.5	4.6	1.7039286
125	r2	17.2	0.0	0.0
125	rnapol	0.0	0.0	0.0
126	__protein1_rbs	9.7	0.0	0.0
126	__protein2_rbs	11.8	0.0	0.0
126	__protein3_rbs	2.75	0.0	0.0
126	__ribosome	31.8	0.0	0.0
126	__rnase_site_ext	16.0	0.0	0.0
126	p0	0.9	0.0	0.0
126	p1	0.8	0.0	0.0
126	protein1	564.95	16.05	1.94132545
126	protein2	544.25	17.1	1.7633387499999995
126	protein3	121.35	4.6	1.7304761999999998
126	r2	17.25	0.0	0.0
126	rnapol	0.05	0.0	0.0
127	__protein1_rbs	9.3	0.0	0.0
127	__protein2_rbs	11.0	0.0	0.0
127	__protein3_rbs	2.65	0.0	0.0
127	__ribosome	29.2	0.0	0.0
127	__rnase_site_ext	16.25	0.0	0.0
127	p0	0.7	0.0	0.0
127	p1	0.75	0.0	0.0
127	protein1	570.65	16.05	2.02101215
127	protein2	550.45	17.2	1.77769725
127	protein3	122.7	4.6	1.8630952
127	r2	17.45	0.0	0.0
127	rnapol	0.05	0.0	0.0
128	__protein1_rbs	10.15	0.0	0.0
128	__protein2_rbs	11.3	0.0	0.0
128	__protein3_rbs	2.9	0.0	0.0
128	__ribosome	29.0	0.0	0.0
128	__rnase_site_ext	16.5	0.0	0.0
128	p0	0.75	0.0	0.0
128	p1	0.75	0.0	0.0
128	protein1	576.7	16.15	2.029516
128	protein2	556.3	17.15	1.7717257999999998
128	protein3	124.55	4.6	1.8850595
128	r2	17.45	0.0	0.0
128	rnapol	0.05	0.0	0.0
129	__protein1_rbs	11.5	0.0	0.0
129	__protein2_rbs	11.35	0.0	0.0
129	__protein3_rbs	2.8	0.0	0.0
129	__ribosome	29.2	0.0	0.0
129	__rnase_site_ext	16.4	0.0	0.0
129	p0	0.8	0.0	0.0
129	p1	0.7	0.0	0.0
129	protein1	583.0	16.3	1.9721090999999995
129	protein2	562.5	17.3	1.7799982499999998
129	protein3	126.15	4.65	1.9242857
129	r2	17.55	0.0	0.0
129	rnapol	0.0	0.0	0.0
130	__protein1_rbs	10.1	0.0	0.0
130	__protein2_rbs	10.55	0.0	0.0
130	__protein3_rbs	2.95	0.0	0.0
130	__ribosome	29.95	0.0	0.0
130	__rnase_site_ext	16.4	0.0	0.0
130	p0	0.9	0.0	0.0
130	p1	0.6	0.0	0.0
130	protein1	590.1	16.25	1.9337524
130	protein2	569.3	17.2	1.7815763
130	protein3	128.05	4.65	1.9195833
130	r2	17.7	0.0	0.0
130	rnapol	0.05	0.0	0.0
131	__protein1_rbs	9.9	0.0	0.0
131	__protein2_rbs	10.9	0.0	0.0
131	__protein3_rbs	2.55	0.0	0.0
131	__ribosome	29.4	0.0	0.0
131	__rnase_site_ext	16.65	0.0	0.0
131	p0	0.55	0.0	0.0
131	p1	0.6	0.0	0.0
131	protein1	597.15	16.3	1.9118253500000004
131	protein2	575.6	17.15	1.80430405
131	protein3	129.75	4.6	2.083869
131	r2	17.95	0.0	0.0
131	rnapol	0.0	0.0	0.0
132	__protein1_rbs	10.1	0.0	0.0
132	__protein2_rbs	11.15	0.0	0.0
132	__protein3_rbs	2.95	0.0	0.0
132	__ribosome	28.8	0.0	0.0
132	__rnase_site_ext	16.75	0.0	0.0
132	p0	0.85	0.0	0.0
132	p1	0.55	0.0	0.0
132	protein1	603.95	16.45	1.8711094000000004
132	protein2	581.55	17.2	1.8522288500000008
132	protein3	131.55	4.7	2.02142855
132	r2	17.65	0.0	0.0
132	rnapol	0.0	0.0	0.0
133	__protein1_rbs	10.8	0.0	0.0
133	__protein2_rbs	10.45	0.0	0.0
133	__protein3_rbs	3.3	0.0	0.0
133	__ribosome	28.25	0.0	0.0
133	__rnase_site_ext	16.65	0.0	0.0
133	p0	0.8	0.0	0.0
133	p1	0.45	0.0	0.0
133	protein1	610.4	16.6	1.8573589999999995
133	protein2	587.95	17.25	1.89208355
133	protein3	133.4	4.75	1.9820833499999997
133	r2	17.85	0.0	0.0
133	rnapol	0.05	0.0	0.0
134	__protein1_rbs	10.95	0.0	0.0
134	__protein2_rbs	10.8	0.0	0.0
134	__protein3_rbs	3.35	0.0	0.0
134	__ribosome	27.95	0.0	0.0
134	__rnase_site_ext	16.7	0.0	0.0
134	p0	0.9	0.0	0.0
134	p1	0.55	0.0	0.0
134	protein1	616.15	16.55	1.8702073000000001
134	protein2	594.6	17.55	1.8893046
134	protein3	135.45	4.65	1.92523815
134	r2	17.85	0.0	0.0
134	rnapol	0.0	0.0	0.0
135	__protein1_rbs	9.95	0.0	0.0
135	__protein2_rbs	10.95	0.0	0.0
135	__protein3_rbs	2.75	0.0	0.0
135	__ribosome	26.45	0.0	0.0
135	__rnase_site_ext	16.65	0.0	0.0
135	p0	0.8	0.0	0.0
135	p1	0.65	0.0	0.0
135	protein1	622.45	16.6	1.91636285
135	protein2	601.05	17.25	1.9560898
135	protein3	137.25	4.7	1.97720245
135	r2	17.7	0.0	0.0
135	rnapol	0.0	0.0	0.0
136	__protein1_rbs	9.7	0.0	0.0
136	__protein2_rbs	10.95	0.0	0.0
136	__protein3_rbs	3.15	0.0	0.0
136	__ribosome	27.4	0.0	0.0
136	__rnase_site_ext	16.6	0.0	0.0
136	p0	0.85	0.0	0.0
136	p1	0.55	0.0	0.0
136	protein1	628.9	16.55	1.94465815
136	protein2	608.6	17.3	1.8886062499999996
136	protein3	139.45	4.85	1.7473809500000002
136	r2	17.95	0.0	0.0
136	rnapol	0.0	0.0	0.0
137	__protein1_rbs	10.2	0.0	0.0
137	__protein2_rbs	11.75	0.0	0.0
137	__protein3_rbs	3.1	0.0	0.0
137	__ribosome	27.85	0.0	0.0
137	__rnase_site_ext	16.6	0.0	0.0
137	p0	0.8	0.0	0.0
137	p1	0.5	0.0	0.0
137	protein1	635.95	16.5	1.9433391
137	protein2	615.05	17.5	1.85266465
137	protein3	141.4	4.95	1.7616667000000001
137	r2	17.8	0.0	0.0
137	rnapol	0.0	0.0	0.0
138	__protein1_rbs	11.05	0.0	0.0
138	__protein2_rbs	11.25	0.0	0.0
138	__protein3_rbs	2.55	0.0	0.0
138	__ribosome	28.95	0.0	0.0
138	__rnase_site_ext	16.6	0.0	0.0
138	p0	0.85	0.0	0.0
138	p1	0.65	0.0	0.0
138	protein1	642.4	16.45	1.9004109
138	protein2	622.35	17.6	1.79472215
138	protein3	143.15	4.85	1.8719047
138	r2	17.8	0.0	0.0
138	rnapol	0.05	0.0	0.0
139	__protein1_rbs	10.5	0.0	0.0
139	__protein2_rbs	11.05	0.0	0.0
139	__protein3_rbs	3.15	0.0	0.0
139	__ribosome	28.65	0.0	0.0
139	__rnase_site_ext	16.8	0.0	0.0
139	p0	0.7	0.0	0.0
139	p1	0.65	0.0	0.0
139	protein1	649.15	16.45	1.8773398500000005
139	protein2	629.4	17.8	1.7937073000000001
139	protein3	144.8	5.0	1.8207738000000002
139	r2	18.1	0.0	0.0
139	rnapol	0.05	0.0	0.0
140	__protein1_rbs	11.35	0.0	0.0
140	__protein2_rbs	11.35	0.0	0.0
140	__protein3_rbs	3.0	0.0	0.0
140	__ribosome	28.45	0.0	0.0
140	__rnase_site_ext	17.1	0.0	0.0
140	p0	0.8	0.0	0.0
140	p1	0.9	0.0	0.0
140	protein1	655.85	16.65	1.7910844999999995
140	protein2	635.75	17.95	1.82817995
140	protein3	146.5	5.1	1.83148805
140	r2	18.05	0.0	0.0
140	rnapol	0.0	0.0	0.0
141	__protein1_rbs	10.75	0.0	0.0
141	__protein2_rbs	10.85	0.0	0.0
141	__protein3_rbs	3.25	0.0	0.0
141	__ribosome	27.4	0.0	0.0
141	__rnase_site_ext	17.1	0.0	0.0
141	p0	0.85	0.0	0.0
141	p1	0.8	0.0	0.0
141	protein1	662.5	16.9	1.7861483000000002
141	protein2	642.55	18.05	1.86056405
141	protein3	148.45	4.95	1.8267857
141	r2	18.0	0.0	0.0
141	rnapol	0.0	0.0	0.0
142	__protein1_rbs	11.8	0.0	0.0
142	__protein2_rbs	10.85	0.0	0.0
142	__protein3_rbs	2.9	0.0	0.0
142	__ribosome	27.0	0.0	0.0
142	__rnase_site_ext	17.25	0.0	0.0
142	p0	0.65	0.0	0.0
142	p1	0.7	0.0	0.0
142	protein1	668.85	17.1	1.7246995500000004
142	protein2	648.85	18.35	1.8844296000000003
142	protein3	150.6	4.9	1.8896429
142	r2	18.2	0.0	0.0
142	rnapol	0.0	0.0	0.0
143	__protein1_rbs	11.05	0.0	0.0
143	__protein2_rbs	11.2	0.0	0.0
143	__protein3_rbs	3.0	0.0	0.0
143	__ribosome	26.25	0.0	0.0
143	__rnase_site_ext	17.25	0.0	0.0
143	p0	0.8	0.0	0.0
143	p1	0.7	0.0	0.0
143	protein1	674.95	17.0	1.7437656000000004
143	protein2	655.75	18.15	1.9369752
143	protein3	152.45	4.95	1.9359523500000004
143	r2	18.3	0.0	0.0
143	rnapol	0.0	0.0	0.0
144	__protein1_rbs	10.7	0.0	0.0
144	__protein2_rbs	11.55	0.0	0.0
144	__protein3_rbs	3.2	0.0	0.0
144	__ribosome	26.7	0.0	0.0
144	__rnase_site_ext	17.3	0.0	0.0
144	p0	0.75	0.0	0.0
144	p1	0.45	0.0	0.0
144	protein1	681.5	17.15	1.74650375
144	protein2	663.25	18.05	1.91078435
144	protein3	154.2	4.95	1.91071425
144	r2	18.45	0.0	0.0
144	rnapol	0.1	0.0	0.0
145	__protein1_rbs	11.6	0.0	0.0
145	__protein2_rbs	12.05	0.0	0.0
145	__protein3_rbs	3.0	0.0	0.0
145	__ribosome	27.1	0.0	0.0
145	__rnase_site_ext	17.5	0.0	0.0
145	p0	0.65	0.0	0.0
145	p1	0.45	0.0	0.0
145	protein1	687.65	17.25	1.7264297999999998
145	protein2	670.0	18.1	1.89305895
145	protein3	156.4	4.95	1.97023815
145	r2	18.4	0.0	0.0
145	rnapol	0.0	0.0	0.0
146	__protein1_rbs	10.95	0.0	0.0
146	__protein2_rbs	11.6	0.0	0.0
146	__protein3_rbs	3.15	0.0	0.0
146	__ribosome	27.25	0.0	0.0
146	__rnase_site_ext	17.65	0.0	0.0
146	p0	0.65	0.0	0.0
146	p1	0.65	0.0	0.0
146	protein1	694.05	17.35	1.7476474999999998
146	protein2	677.7	18.15	1.8566432999999996
146	protein3	158.55	4.85	1.9535715
146	r2	18.6	0.0	0.0
146	rnapol	0.0	0.0	0.0
147	__protein1_rbs	11.1	0.0	0.0
147	__protein2_rbs	10.8	0.0	0.0
147	__protein3_rbs	3.15	0.0	0.0
147	__ribosome	26.5	0.0	0.0
147	__rnase_site_ext	17.85	0.0	0.0
147	p0	0.85	0.0	0.0
147	p1	0.6	0.0	0.0
147	protein1	700.0	17.5	1.7607664
147	protein2	685.55	18.2	1.8594039499999997
147	protein3	160.35	4.95	1.88619045
147	r2	18.55	0.0	0.0
147	rnapol	0.05	0.0	0.0
148	__protein1_rbs	11.4	0.0	0.0
148	__protein2_rbs	11.8	0.0	0.0
148	__protein3_rbs	3.15	0.0	0.0
148	__ribosome	26.3	0.0	0.0
148	__rnase_site_ext	17.95	0.0	0.0
148	p0	0.85	0.0	0.0
148	p1	0.5	0.0	0.0
148	protein1	706.15	17.65	1.7647547999999995
148	protein2	693.1	18.6	1.79448055
148	protein3	162.15	4.9	1.95333335
148	r2	18.6	0.0	0.0
148	rnapol	0.0	0.0	0.0
149	__protein1_rbs	11.65	0.0	0.0
149	__protein2_rbs	11.55	0.0	0.0
149	__protein3_rbs	3.75	0.0	0.0
149	__ribosome	27.1	0.0	0.0
149	__rnase_site_ext	18.05	0.0	0.0
149	p0	0.95	0.0	0.0
149	p1	0.55	0.0	0.0
149	protein1	713.45	17.8	1.7146795999999995
149	protein2	699.45	18.7	1.8515862000000003
149	protein3	164.65	4.95	1.6956547
149	r2	18.6	0.0	0.0
149	rnapol	0.0	0.0	0.0
150	__protein1_rbs	11.75	0.0	0.0
150	__protein2_rbs	12.0	0.0	0.0
150	__protein3_rbs	3.0	0.0	0.0
150	__ribosome	25.35	0.0	0.0
150	__rnase_site_ext	17.95	0.0	0.0
150	p0	0.85	0.0	0.0
150	p1	0.65	0.0	0.0
150	protein1	719.3	17.9	1.7528473999999996
150	protein2	706.25	18.55	1.89760725
150	protein3	166.55	5.0	1.8013096000000002
150	r2	18.65	0.0	0.0
150	rnapol	0.0	0.0	0.0
151	__protein1_rbs	11.5	0.0	0.0
151	__protein2_rbs	11.85	0.0	0.0
151	__protein3_rbs	3.45	0.0	0.0
151	__ribosome	25.25	0.0	0.0
151	__rnase_site_ext	17.95	0.0	0.0
151	p0	0.7	0.0	0.0
151	p1	0.5	0.0	0.0
151	protein1	725.95	17.85	1.7914091500000004
151	protein2	713.75	18.5	1.89196415
151	protein3	168.4	5.0	1.79791665
151	r2	18.9	0.0	0.0
151	rnapol	0.0	0.0	0.0
152	__protein1_rbs	11.15	0.0	0.0
152	__protein2_rbs	11.95	0.0	0.0
152	__protein3_rbs	3.3	0.0	0.0
152	__ribosome	25.6	0.0	0.0
152	__rnase_site_ext	18.15	0.0	0.0
152	p0	0.8	0.0	0.0
152	p1	0.55	0.0	0.0
152	protein1	732.85	17.75	1.8072331000000001
152	protein2	721.15	18.7	1.8516592
152	protein3	170.45	5.05	1.6569046999999997
152	r2	18.9	0.0	0.0
152	rnapol	0.0	0.0	0.0
153	__protein1_rbs	12.5	0.0	0.0
153	__protein2_rbs	11.65	0.0	0.0
153	__protein3_rbs	2.9	0.0	0.0
153	__ribosome	26.25	0.0	0.0
153	__rnase_site_ext	18.15	0.0	0.0
153	p0	0.8	0.0	0.0
153	p1	0.8	0.0	0.0
153	protein1	739.65	18.0	1.7419014500000003
153	protein2	728.85	18.6	1.82904425
153	protein3	172.1	5.0	1.7732737999999997
153	r2	19.25	0.0	0.0
153	rnapol	0.0	0.0	0.0
154	__protein1_rbs	10.85	0.0	0.0
154	__protein2_rbs	12.8	0.0	0.0
154	__protein3_rbs	3.4	0.0	0.0
154	__ribosome	26.35	0.0	0.0
154	__rnase_site_ext	18.35	0.0	0.0
154	p0	0.85	0.0	0.0
154	p1	0.75	0.0	0.0
154	protein1	746.05	18.1	1.7874554499999995
154	protein2	736.3	18.65	1.7514433999999997
154	protein3	173.8	4.95	1.7945237500000002
154	r2	19.25	0.0	0.0
154	rnapol	0.0	0.0	0.0
155	__protein1_rbs	11.25	0.0	0.0
155	__protein2_rbs	13.5	0.0	0.0
155	__protein3_rbs	2.85	0.0	0.0
155	__ribosome	26.75	0.0	0.0
155	__rnase_site_ext	18.5	0.0	0.0
155	p0	0.85	0.0	0.0
155	p1	0.7	0.0	0.0
155	protein1	752.9	18.25	1.83376455
155	protein2	744.2	19.0	1.6292649499999996
155	protein3	175.75	5.0	1.7852380500000002
155	r2	19.1	0.0	0.0
155	rnapol	0.05	0.0	0.0
156	__protein1_rbs	11.7	0.0	0.0
156	__protein2_rbs	12.1	0.0	0.0
156	__protein3_rbs	3.2	0.0	0.0
156	__ribosome	25.75	0.0	0.0
156	__rnase_site_ext	18.5	0.0	0.0
156	p0	0.85	0.0	0.0
156	p1	0.75	0.0	0.0
156	protein1	760.15	18.4	1.79200645
156	protein2	750.7	19.0	1.679054
156	protein3	177.35	5.1	1.8525000000000005
156	r2	19.2	0.0	0.0
156	rnapol	0.0	0.0	0.0
157	__protein1_rbs	11.95	0.0	0.0
157	__protein2_rbs	12.95	0.0	0.0
157	__protein3_rbs	3.55	0.0	0.0
157	__ribosome	26.85	0.0	0.0
157	__rnase_site_ext	18.55	0.0	0.0
157	p0	0.8	0.0	0.0
157	p1	0.65	0.0	0.0
157	protein1	766.9	18.4	1.7929025500000002
157	protein2	757.95	19.2	1.648999
157	protein3	179.65	5.25	1.7307738499999998
157	r2	19.45	0.0	0.0
157	rnapol	0.05	0.0	0.0
158	__protein1_rbs	12.55	0.0	0.0
158	__protein2_rbs	12.15	0.0	0.0
158	__protein3_rbs	2.9	0.0	0.0
158	__ribosome	25.85	0.0	0.0
158	__rnase_site_ext	18.55	0.0	0.0
158	p0	0.85	0.0	0.0
158	p1	0.55	0.0	0.0
158	protein1	773.65	18.45	1.74253535
158	protein2	764.9	19.05	1.7171954500000002
158	protein3	181.5	5.25	1.8818849499999997
158	r2	19.5	0.0	0.0
158	rnapol	0.0	0.0	0.0
159	__protein1_rbs	12.0	0.0	0.0
159	__protein2_rbs	12.05	0.0	0.0
159	__protein3_rbs	3.2	0.0	0.0
159	__ribosome	24.65	0.0	0.0
159	__rnase_site_ext	18.75	0.0	0.0
159	p0	0.75	0.0	0.0
159	p1	0.65	0.0	0.0
159	protein1	781.25	18.45	1.7232029499999997
159	protein2	771.3	19.05	1.78096295
159	protein3	183.3	5.15	1.97224205
159	r2	19.65	0.0	0.0
159	rnapol	0.0	0.0	0.0
160	__protein1_rbs	12.3	0.0	0.0
160	__protein2_rbs	12.8	0.0	0.0
160	__protein3_rbs	3.65	0.0	0.0
160	__ribosome	25.85	0.0	0.0
160	__rnase_site_ext	18.9	0.0	0.0
160	p0	0.6	0.0	0.0
160	p1	0.6	0.0	0.0
160	protein1	788.8	18.6	1.6813480999999997
160	protein2	778.25	19.1	1.7761220000000002
160	protein3	185.65	5.15	1.8311905
160	r2	19.55	0.0	0.0
160	rnapol	0.05	0.0	0.0
161	__protein1_rbs	12.45	0.0	0.0
161	__protein2_rbs	12.7	0.0	0.0
161	__protein3_rbs	3.55	0.0	0.0
161	__ribosome	25.75	0.0	0.0
161	__rnase_site_ext	19.05	0.0	0.0
161	p0	0.65	0.0	0.0
161	p1	0.65	0.0	0.0
161	protein1	795.25	18.75	1.6685924500000002
161	protein2	785.15	19.1	1.7851079000000003
161	protein3	187.7	5.15	1.7488293
161	r2	19.6	0.0	0.0
161	rnapol	0.05	0.0	0.0
162	__protein1_rbs	12.1	0.0	0.0
162	__protein2_rbs	12.0	0.0	0.0
162	__protein3_rbs	3.8	0.0	0.0
162	__ribosome	25.1	0.0	0.0
162	__rnase_site_ext	19.2	0.0	0.0
162	p0	0.8	0.0	0.0
162	p1	0.65	0.0	0.0
162	protein1	802.2	18.9	1.6655946499999996
162	protein2	792.3	19.35	1.80044015
162	protein3	189.5	5.1	1.7477975500000005
162	r2	19.65	0.0	0.0
162	rnapol	0.0	0.0	0.0
163	__protein1_rbs	12.9	0.0	0.0
163	__protein2_rbs	12.3	0.0	0.0
163	__protein3_rbs	3.55	0.0	0.0
163	__ribosome	26.05	0.0	0.0
163	__rnase_site_ext	19.25	0.0	0.0
163	p0	0.95	0.0	0.0
163	p1	0.5	0.0	0.0
163	protein1	809.05	19.05	1.6571755499999998
163	protein2	800.1	19.35	1.7941243000000004
163	protein3	191.9	5.1	1.6194841500000003
163	r2	19.6	0.0	0.0
163	rnapol	0.05	0.0	0.0
164	__protein1_rbs	13.05	0.0	0.0
164	__protein2_rbs	12.15	0.0	0.0
164	__protein3_rbs	3.1	0.0	0.0
164	__ribosome	25.8	0.0	0.0
164	__rnase_site_ext	19.25	0.0	0.0
164	p0	0.85	0.0	0.0
164	p1	0.6	0.0	0.0
164	protein1	815.7	19.1	1.6544218999999998
164	protein2	808.0	19.55	1.76085535
164	protein3	193.95	5.15	1.6586111000000001
164	r2	19.6	0.0	0.0
164	rnapol	0.05	0.0	0.0
165	__protein1_rbs	12.65	0.0	0.0
165	__protein2_rbs	13.05	0.0	0.0
165	__protein3_rbs	3.1	0.0	0.0
165	__ribosome	23.8	0.0	0.0
165	__rnase_site_ext	19.05	0.0	0.0
165	p0	0.85	0.0	0.0
165	p1	0.5	0.0	0.0
165	protein1	822.25	19.15	1.6891685999999997
165	protein2	814.5	19.7	1.77812105
165	protein3	195.35	5.15	1.8272024
165	r2	19.6	0.0	0.0
165	rnapol	0.05	0.0	0.0
166	__protein1_rbs	11.95	0.0	0.0
166	__protein2_rbs	13.4	0.0	0.0
166	__protein3_rbs	3.4	0.0	0.0
166	__ribosome	24.75	0.0	0.0
166	__rnase_site_ext	19.2	0.0	0.0
166	p0	0.8	0.0	0.0
166	p1	0.55	0.0	0.0
166	protein1	829.0	18.95	1.7292132499999997
166	protein2	822.55	19.95	1.7020933999999996
166	protein3	197.45	5.15	1.78226195
166	r2	19.9	0.0	0.0
166	rnapol	0.05	0.0	0.0
167	__protein1_rbs	12.45	0.0	0.0
167	__protein2_rbs	13.35	0.0	0.0
167	__protein3_rbs	3.4	0.0	0.0
167	__ribosome	24.9	0.0	0.0
167	__rnase_site_ext	19.35	0.0	0.0
167	p0	0.85	0.0	0.0
167	p1	0.55	0.0	0.0
167	protein1	836.35	19.1	1.7087043999999998
167	protein2	829.65	20.0	1.6784269000000005
167	protein3	199.25	5.2	1.7889485
167	r2	20.0	0.0	0.0
167	rnapol	0.0	0.0	0.0
168	__protein1_rbs	12.85	0.0	0.0
168	__protein2_rbs	13.45	0.0	0.0
168	__protein3_rbs	3.35	0.0	0.0
168	__ribosome	24.35	0.0	0.0
168	__rnase_site_ext	19.4	0.0	0.0
168	p0	0.9	0.0	0.0
168	p1	0.7	0.0	0.0
168	protein1	843.1	19.25	1.70980775
168	protein2	837.35	20.3	1.6648779499999995
168	protein3	201.15	5.2	1.7975991999999998
168	r2	20.05	0.0	0.0
168	rnapol	0.0	0.0	0.0
169	__protein1_rbs	13.4	0.0	0.0
169	__protein2_rbs	13.6	0.0	0.0
169	__protein3_rbs	3.6	0.0	0.0
169	__ribosome	24.55	0.0	0.0
169	__rnase_site_ext	19.4	0.0	0.0
169	p0	0.7	0.0	0.0
169	p1	0.8	0.0	0.0
169	protein1	850.4	19.3	1.6875811500000002
169	protein2	844.35	20.35	1.6891953000000004
169	protein3	203.2	5.1	1.73781745
169	r2	20.05	0.0	0.0
169	rnapol	0.0	0.0	0.0
170	__protein1_rbs	13.25	0.0	0.0
170	__protein2_rbs	12.75	0.0	0.0
170	__protein3_rbs	3.8	0.0	0.0
170	__ribosome	24.8	0.0	0.0
170	__rnase_site_ext	19.4	0.0	0.0
170	p0	0.9	0.0	0.0
170	p1	0.7	0.0	0.0
170	protein1	857.3	19.3	1.67391675
170	protein2	852.05	20.6	1.6982235
170	protein3	205.35	5.15	1.59829365
170	r2	20.1	0.0	0.0
170	rnapol	0.0	0.0	0.0
171	__protein1_rbs	13.45	0.0	0.0
171	__protein2_rbs	14.15	0.0	0.0
171	__protein3_rbs	3.35	0.0	0.0
171	__ribosome	25.05	0.0	0.0
171	__rnase_site_ext	19.5	0.0	0.0
171	p0	0.75	0.0	0.0
171	p1	0.6	0.0	0.0
171	protein1	864.65	19.35	1.6327878500000002
171	protein2	858.85	20.75	1.71469275
171	protein3	207.45	5.15	1.6258730499999998
171	r2	20.2	0.0	0.0
171	rnapol	0.0	0.0	0.0
172	__protein1_rbs	12.8	0.0	0.0
172	__protein2_rbs	13.6	0.0	0.0
172	__protein3_rbs	3.15	0.0	0.0
172	__ribosome	24.65	0.0	0.0
172	__rnase_site_ext	19.65	0.0	0.0
172	p0	0.8	0.0	0.0
172	p1	0.55	0.0	0.0
172	protein1	871.75	19.35	1.6570988999999998
172	protein2	866.95	20.65	1.71727525
172	protein3	209.25	5.15	1.67226185
172	r2	20.45	0.0	0.0
172	rnapol	0.0	0.0	0.0
173	__protein1_rbs	12.65	0.0	0.0
173	__protein2_rbs	14.45	0.0	0.0
173	__protein3_rbs	3.85	0.0	0.0
173	__ribosome	26.0	0.0	0.0
173	__rnase_site_ext	19.95	0.0	0.0
173	p0	0.8	0.0	0.0
173	p1	0.75	0.0	0.0
173	protein1	879.25	19.55	1.6292144
173	protein2	874.45	20.7	1.6911613500000002
173	protein3	211.25	5.15	1.51742055
173	r2	20.5	0.0	0.0
173	rnapol	0.05	0.0	0.0
174	__protein1_rbs	13.65	0.0	0.0
174	__protein2_rbs	12.85	0.0	0.0
174	__protein3_rbs	3.05	0.0	0.0
174	__ribosome	22.75	0.0	0.0
174	__rnase_site_ext	20.1	0.0	0.0
174	p0	0.6	0.0	0.0
174	p1	0.7	0.0	0.0
174	protein1	885.55	19.75	1.6633986500000002
174	protein2	881.55	20.55	1.7567024999999998
174	protein3	212.8	5.2	1.71162705
174	r2	20.7	0.0	0.0
174	rnapol	0.0	0.0	0.0
175	__protein1_rbs	12.95	0.0	0.0
175	__protein2_rbs	13.6	0.0	0.0
175	__protein3_rbs	3.6	0.0	0.0
175	__ribosome	23.45	0.0	0.0
175	__rnase_site_ext	20.1	0.0	0.0
175	p0	0.75	0.0	0.0
175	p1	0.65	0.0	0.0
175	protein1	892.8	19.95	1.6523221000000001
175	protein2	889.75	20.35	1.7368033
175	protein3	214.6	5.4	1.6613889
175	r2	20.85	0.0	0.0
175	rnapol	0.05	0.0	0.0
176	__protein1_rbs	13.4	0.0	0.0
176	__protein2_rbs	13.7	0.0	0.0
176	__protein3_rbs	3.85	0.0	0.0
176	__ribosome	23.45	0.0	0.0
176	__rnase_site_ext	20.1	0.0	0.0
176	p0	0.8	0.0	0.0
176	p1	0.7	0.0	0.0
176	protein1	899.3	20.05	1.68216055
176	protein2	897.85	20.65	1.67101245
176	protein3	216.2	5.35	1.7220634499999998
176	r2	21.0	0.0	0.0
176	rnapol	0.0	0.0	0.0
177	__protein1_rbs	13.25	0.0	0.0
177	__protein2_rbs	14.35	0.0	0.0
177	__protein3_rbs	3.9	0.0	0.0
177	__ribosome	23.6	0.0	0.0
177	__rnase_site_ext	20.05	0.0	0.0
177	p0	0.95	0.0	0.0
177	p1	0.45	0.0	0.0
177	protein1	906.55	20.05	1.6950417999999998
177	protein2	905.25	20.75	1.6467686499999998
177	protein3	218.25	5.4	1.6455951999999996
177	r2	21.0	0.0	0.0
177	rnapol	0.05	0.0	0.0
178	__protein1_rbs	13.45	0.0	0.0
178	__protein2_rbs	14.25	0.0	0.0
178	__protein3_rbs	3.45	0.0	0.0
178	__ribosome	23.85	0.0	0.0
178	__rnase_site_ext	20.1	0.0	0.0
178	p0	0.75	0.0	0.0
178	p1	0.65	0.0	0.0
178	protein1	914.25	20.0	1.692657
178	protein2	912.9	20.75	1.6128400499999995
178	protein3	219.75	5.5	1.7860318
178	r2	20.9	0.0	0.0
178	rnapol	0.0	0.0	0.0
179	__protein1_rbs	12.95	0.0	0.0
179	__protein2_rbs	14.4	0.0	0.0
179	__protein3_rbs	3.4	0.0	0.0
179	__ribosome	24.3	0.0	0.0
179	__rnase_site_ext	20.1	0.0	0.0
179	p0	0.8	0.0	0.0
179	p1	0.5	0.0	0.0
179	protein1	921.65	20.05	1.69470365
179	protein2	920.8	20.75	1.5827815499999998
179	protein3	222.3	5.55	1.71658735
179	r2	21.0	0.0	0.0
179	rnapol	0.0	0.0	0.0
180	__protein1_rbs	13.35	0.0	0.0
180	__protein2_rbs	14.65	0.0	0.0
180	__protein3_rbs	3.95	0.0	0.0
180	__ribosome	23.65	0.0	0.0
180	__rnase_site_ext	20.1	0.0	0.0
180	p0	0.8	0.0	0.0
180	p1	0.7	0.0	0.0
180	protein1	928.45	20.05	1.7321048
180	protein2	927.45	20.8	1.5678580000000002
180	protein3	224.05	5.5	1.7642460999999998
180	r2	21.15	0.0	0.0
180	rnapol	0.1	0.0	0.0
181	__protein1_rbs	13.65	0.0	0.0
181	__protein2_rbs	13.6	0.0	0.0
181	__protein3_rbs	3.7	0.0	0.0
181	__ribosome	24.4	0.0	0.0
181	__rnase_site_ext	20.15	0.0	0.0
181	p0	0.7	0.0	0.0
181	p1	0.65	0.0	0.0
181	protein1	936.25	20.0	1.70666055
181	protein2	934.95	20.85	1.56775655
181	protein3	226.2	5.4	1.7512104000000002
181	r2	21.2	0.0	0.0
181	rnapol	0.1	0.0	0.0
182	__protein1_rbs	13.45	0.0	0.0
182	__protein2_rbs	13.25	0.0	0.0
182	__protein3_rbs	3.7	0.0	0.0
182	__ribosome	23.2	0.0	0.0
182	__rnase_site_ext	20.15	0.0	0.0
182	p0	0.8	0.0	0.0
182	p1	0.7	0.0	0.0
182	protein1	943.65	20.1	1.6930229499999996
182	protein2	942.2	21.0	1.6156598999999998
182	protein3	228.05	5.5	1.7339485000000001
182	r2	21.2	0.0	0.0
182	rnapol	0.0	0.0	0.0
183	__protein1_rbs	12.8	0.0	0.0
183	__protein2_rbs	14.55	0.0	0.0
183	__protein3_rbs	4.2	0.0	0.0
183	__ribosome	23.65	0.0	0.0
183	__rnase_site_ext	20.25	0.0	0.0
183	p0	0.95	0.0	0.0
183	p1	0.5	0.0	0.0
183	protein1	951.35	20.15	1.7022965
183	protein2	949.55	21.35	1.5907785499999998
183	protein3	230.05	5.5	1.58095235
183	r2	21.0	0.0	0.0
183	rnapol	0.05	0.0	0.0
184	__protein1_rbs	14.0	0.0	0.0
184	__protein2_rbs	14.3	0.0	0.0
184	__protein3_rbs	3.2	0.0	0.0
184	__ribosome	23.6	0.0	0.0
184	__rnase_site_ext	20.15	0.0	0.0
184	p0	0.7	0.0	0.0
184	p1	0.6	0.0	0.0
184	protein1	959.15	20.15	1.6413781500000002
184	protein2	956.15	21.45	1.6470043500000002
184	protein3	232.75	5.5	1.52962305
184	r2	21.1	0.0	0.0
184	rnapol	0.0	0.0	0.0
185	__protein1_rbs	13.75	0.0	0.0
185	__protein2_rbs	13.85	0.0	0.0
185	__protein3_rbs	3.5	0.0	0.0
185	__ribosome	23.25	0.0	0.0
185	__rnase_site_ext	20.25	0.0	0.0
185	p0	0.85	0.0	0.0
185	p1	0.65	0.0	0.0
185	protein1	966.7	20.1	1.6119289
185	protein2	963.6	21.5	1.6898838499999995
185	protein3	234.55	5.55	1.5539087500000002
185	r2	21.15	0.0	0.0
185	rnapol	0.0	0.0	0.0
186	__protein1_rbs	13.65	0.0	0.0
186	__protein2_rbs	14.55	0.0	0.0
186	__protein3_rbs	3.85	0.0	0.0
186	__ribosome	23.25	0.0	0.0
186	__rnase_site_ext	20.35	0.0	0.0
186	p0	0.8	0.0	0.0
186	p1	0.5	0.0	0.0
186	protein1	973.5	20.15	1.6233992499999998
186	protein2	971.35	21.55	1.65435285
186	protein3	236.3	5.55	1.5402381
186	r2	21.3	0.0	0.0
186	rnapol	0.1	0.0	0.0
187	__protein1_rbs	13.55	0.0	0.0
187	__protein2_rbs	14.7	0.0	0.0
187	__protein3_rbs	3.75	0.0	0.0
187	__ribosome	23.55	0.0	0.0
187	__rnase_site_ext	20.45	0.0	0.0
187	p0	0.7	0.0	0.0
187	p1	0.55	0.0	0.0
187	protein1	981.2	20.3	1.6013150000000005
187	protein2	979.75	21.7	1.6053621999999996
187	protein3	237.85	5.55	1.59730155
187	r2	21.65	0.0	0.0
187	rnapol	0.0	0.0	0.0
188	__protein1_rbs	14.25	0.0	0.0
188	__protein2_rbs	14.8	0.0	0.0
188	__protein3_rbs	3.65	0.0	0.0
188	__ribosome	22.6	0.0	0.0
188	__rnase_site_ext	20.85	0.0	0.0
188	p0	0.75	0.0	0.0
188	p1	0.75	0.0	0.0
188	protein1	987.7	20.35	1.6189466499999998
188	protein2	986.95	21.65	1.6413453999999998
188	protein3	240.05	5.55	1.6494841
188	r2	21.65	0.0	0.0
188	rnapol	0.0	0.0	0.0
189	__protein1_rbs	13.5	0.0	0.0
189	__protein2_rbs	14.15	0.0	0.0
189	__protein3_rbs	4.05	0.0	0.0
189	__ribosome	22.6	0.0	0.0
189	__rnase_site_ext	20.7	0.0	0.0
189	p0	0.8	0.0	0.0
189	p1	0.6	0.0	0.0
189	protein1	995.85	20.6	1.59467535
189	protein2	994.8	21.7	1.6592682499999998
189	protein3	242.1	5.55	1.54460315
189	r2	21.5	0.0	0.0
189	rnapol	0.0	0.0	0.0
190	__protein1_rbs	14.35	0.0	0.0
190	__protein2_rbs	14.7	0.0	0.0
190	__protein3_rbs	3.75	0.0	0.0
190	__ribosome	22.4	0.0	0.0
190	__rnase_site_ext	20.7	0.0	0.0
190	p0	0.85	0.0	0.0
190	p1	0.5	0.0	0.0
190	protein1	1003.05	20.65	1.5951416000000005
190	protein2	1002.75	21.85	1.6568566999999998
190	protein3	244.05	5.55	1.5652380999999995
190	r2	21.35	0.0	0.0
190	rnapol	0.0	0.0	0.0
191	__protein1_rbs	14.55	0.0	0.0
191	__protein2_rbs	15.6	0.0	0.0
191	__protein3_rbs	3.85	0.0	0.0
191	__ribosome	22.8	0.0	0.0
191	__rnase_site_ext	20.45	0.0	0.0
191	p0	0.85	0.0	0.0
191	p1	0.75	0.0	0.0
191	protein1	1010.15	20.7	1.59324375
191	protein2	1009.5	22.05	1.6371087999999996
191	protein3	245.9	5.45	1.6144643
191	r2	21.5	0.0	0.0
191	rnapol	0.05	0.0	0.0
192	__protein1_rbs	13.65	0.0	0.0
192	__protein2_rbs	14.8	0.0	0.0
192	__protein3_rbs	3.8	0.0	0.0
192	__ribosome	23.45	0.0	0.0
192	__rnase_site_ext	20.4	0.0	0.0
192	p0	0.9	0.0	0.0
192	p1	0.5	0.0	0.0
192	protein1	1017.4	20.5	1.6339163499999998
192	protein2	1018.6	21.8	1.6247767
192	protein3	248.15	5.5	1.5257937
192	r2	21.7	0.0	0.0
192	rnapol	0.05	0.0	0.0
193	__protein1_rbs	14.2	0.0	0.0
193	__protein2_rbs	15.1	0.0	0.0
193	__protein3_rbs	3.7	0.0	0.0
193	__ribosome	22.45	0.0	0.0
193	__rnase_site_ext	20.55	0.0	0.0
193	p0	0.7	0.0	0.0
193	p1	0.45	0.0	0.0
193	protein1	1024.15	20.45	1.6694237
193	protein2	1026.55	22.1	1.6182132000000002
193	protein3	250.1	5.55	1.55204365
193	r2	21.95	0.0	0.0
193	rnapol	0.05	0.0	0.0
194	__protein1_rbs	14.2	0.0	0.0
194	__protein2_rbs	14.2	0.0	0.0
194	__protein3_rbs	3.8	0.0	0.0
194	__ribosome	21.75	0.0	0.0
194	__rnase_site_ext	20.3	0.0	0.0
194	p0	0.9	0.0	0.0
194	p1	0.65	0.0	0.0
194	protein1	1032.0	20.5	1.6479862000000003
194	protein2	1034.85	22.1	1.63313785
194	protein3	251.55	5.65	1.6505158999999998
194	r2	22.0	0.0	0.0
194	rnapol	0.05	0.0	0.0
195	__protein1_rbs	13.95	0.0	0.0
195	__protein2_rbs	15.0	0.0	0.0
195	__protein3_rbs	3.7	0.0	0.0
195	__ribosome	22.4	0.0	0.0
195	__rnase_site_ext	20.6	0.0	0.0
195	p0	0.65	0.0	0.0
195	p1	0.65	0.0	0.0
195	protein1	1039.5	20.35	1.63180815
195	protein2	1042.15	21.85	1.65946745
195	protein3	253.8	5.6	1.6076983500000002
195	r2	22.25	0.0	0.0
195	rnapol	0.0	0.0	0.0
196	__protein1_rbs	13.85	0.0	0.0
196	__protein2_rbs	15.7	0.0	0.0
196	__protein3_rbs	3.35	0.0	0.0
196	__ribosome	22.45	0.0	0.0
196	__rnase_site_ext	20.65	0.0	0.0
196	p0	0.85	0.0	0.0
196	p1	0.9	0.0	0.0
196	protein1	1047.1	20.55	1.6113515
196	protein2	1049.8	22.15	1.60511275
196	protein3	255.45	5.6	1.7134523999999998
196	r2	22.15	0.0	0.0
196	rnapol	0.0	0.0	0.0
197	__protein1_rbs	13.85	0.0	0.0
197	__protein2_rbs	15.8	0.0	0.0
197	__protein3_rbs	3.4	0.0	0.0
197	__ribosome	22.7	0.0	0.0
197	__rnase_site_ext	20.6	0.0	0.0
197	p0	0.85	0.0	0.0
197	p1	0.75	0.0	0.0
197	protein1	1054.95	20.7	1.5959739999999998
197	protein2	1057.9	22.1	1.5853515000000002
197	protein3	257.4	5.55	1.7844642999999998
197	r2	22.0	0.0	0.0
197	rnapol	0.0	0.0	0.0
198	__protein1_rbs	14.0	0.0	0.0
198	__protein2_rbs	14.5	0.0	0.0
198	__protein3_rbs	3.95	0.0	0.0
198	__ribosome	21.45	0.0	0.0
198	__rnase_site_ext	20.8	0.0	0.0
198	p0	0.55	0.0	0.0
198	p1	0.55	0.0	0.0
198	protein1	1061.35	20.55	1.6517218999999996
198	protein2	1066.2	22.3	1.5822520499999997
198	protein3	259.25	5.7	1.7743056000000001
198	r2	22.55	0.0	0.0
198	rnapol	0.05	0.0	0.0
199	__protein1_rbs	13.6	0.0	0.0
199	__protein2_rbs	15.45	0.0	0.0
199	__protein3_rbs	3.45	0.0	0.0
199	__ribosome	22.15	0.0	0.0
199	__rnase_site_ext	21.0	0.0	0.0
199	p0	0.85	0.0	0.0
199	p1	0.75	0.0	0.0
199	protein1	1068.6	20.75	1.6509985
199	protein2	1074.55	22.0	1.5603068000000002
199	protein3	261.55	5.65	1.72402785
199	r2	22.4	0.0	0.0
199	rnapol	0.0	0.0	0.0
200	__protein1_rbs	14.35	0.0	0.0
200	__protein2_rbs	15.05	0.0	0.0
200	__protein3_rbs	3.95	0.0	0.0
200	__ribosome	22.0	0.0	0.0
200	__rnase_site_ext	21.15	0.0	0.0
200	p0	0.8	0.0	0.0
200	p1	0.6	0.0	0.0
200	protein1	1076.3	21.0	1.6207115499999998
200	protein2	1081.55	21.9	1.6046062000000003
200	protein3	263.45	5.5	1.6889087999999999
200	r2	22.35	0.0	0.0
200	rnapol	0.0	0.0	0.0
201	__protein1_rbs	14.95	0.0	0.0
201	__protein2_rbs	15.65	0.0	0.0
201	__protein3_rbs	3.9	0.0	0.0
201	__ribosome	24.0	0.0	0.0
201	__rnase_site_ext	21.25	0.0	0.0
201	p0	0.65	0.0	0.0
201	p1	0.7	0.0	0.0
201	protein1	1084.2	21.05	1.5696534999999998
201	protein2	1089.3	22.05	1.56296735
201	protein3	265.8	5.45	1.63688495
201	r2	22.7	0.0	0.0
201	rnapol	0.0	0.0	0.0
202	__protein1_rbs	14.35	0.0	0.0
202	__protein2_rbs	14.75	0.0	0.0
202	__protein3_rbs	3.7	0.0	0.0
202	__ribosome	23.4	0.0	0.0
202	__rnase_site_ext	21.3	0.0	0.0
202	p0	0.75	0.0	0.0
202	p1	0.75	0.0	0.0
202	protein1	1091.2	21.25	1.59370175
202	protein2	1097.3	22.0	1.5807968000000003
202	protein3	268.4	5.55	1.52041665
202	r2	22.8	0.0	0.0
202	rnapol	0.0	0.0	0.0
203	__protein1_rbs	14.7	0.0	0.0
203	__protein2_rbs	15.3	0.0	0.0
203	__protein3_rbs	3.4	0.0	0.0
203	__ribosome	22.85	0.0	0.0
203	__rnase_site_ext	21.25	0.0	0.0
203	p0	0.8	0.0	0.0
203	p1	0.45	0.0	0.0
203	protein1	1098.15	21.35	1.6142360000000004
203	protein2	1105.1	22.25	1.5556746499999998
203	protein3	270.3	5.55	1.5698611
203	r2	22.8	0.0	0.0
203	rnapol	0.05	0.0	0.0
204	__protein1_rbs	14.65	0.0	0.0
204	__protein2_rbs	15.05	0.0	0.0
204	__protein3_rbs	3.85	0.0	0.0
204	__ribosome	22.5	0.0	0.0
204	__rnase_site_ext	21.15	0.0	0.0
204	p0	0.95	0.0	0.0
204	p1	0.6	0.0	0.0
204	protein1	1106.95	21.15	1.59404935
204	protein2	1112.2	22.35	1.58727055
204	protein3	272.05	5.6	1.6065476500000002
204	r2	22.6	0.0	0.0
204	rnapol	0.0	0.0	0.0
205	__protein1_rbs	14.45	0.0	0.0
205	__protein2_rbs	15.4	0.0	0.0
205	__protein3_rbs	3.95	0.0	0.0
205	__ribosome	21.4	0.0	0.0
205	__rnase_site_ext	21.2	0.0	0.0
205	p0	0.9	0.0	0.0
205	p1	0.65	0.0	0.0
205	protein1	1113.8	21.2	1.6223940000000001
205	protein2	1119.8	22.35	1.59917865
205	protein3	273.95	5.6	1.61305555
205	r2	22.5	0.0	0.0
205	rnapol	0.1	0.0	0.0
206	__protein1_rbs	14.85	0.0	0.0
206	__protein2_rbs	16.65	0.0	0.0
206	__protein3_rbs	3.5	0.0	0.0
206	__ribosome	22.4	0.0	0.0
206	__rnase_site_ext	21.35	0.0	0.0
206	p0	0.55	0.0	0.0
206	p1	0.7	0.0	0.0
206	protein1	1121.05	21.15	1.6167302500000005
206	protein2	1127.65	22.25	1.5543294500000002
206	protein3	275.85	5.6	1.7024603500000002
206	r2	22.7	0.0	0.0
206	rnapol	0.0	0.0	0.0
207	__protein1_rbs	14.4	0.0	0.0
207	__protein2_rbs	15.2	0.0	0.0
207	__protein3_rbs	4.1	0.0	0.0
207	__ribosome	21.95	0.0	0.0
207	__rnase_site_ext	21.5	0.0	0.0
207	p0	0.95	0.0	0.0
207	p1	0.55	0.0	0.0
207	protein1	1128.65	21.3	1.6090197500000003
207	protein2	1135.2	22.5	1.58000675
207	protein3	277.85	5.6	1.58386905
207	r2	22.65	0.0	0.0
207	rnapol	0.0	0.0	0.0
208	__protein1_rbs	14.25	0.0	0.0
208	__protein2_rbs	15.2	0.0	0.0
208	__protein3_rbs	3.85	0.0	0.0
208	__ribosome	22.6	0.0	0.0
208	__rnase_site_ext	21.6	0.0	0.0
208	p0	0.8	0.0	0.0
208	p1	0.7	0.0	0.0
208	protein1	1137.2	21.45	1.57019535
208	protein2	1143.3	22.6	1.58314995
208	protein3	280.1	5.6	1.5100198999999999
208	r2	22.6	0.0	0.0
208	rnapol	0.0	0.0	0.0
209	__protein1_rbs	14.0	0.0	0.0
209	__protein2_rbs	15.2	0.0	0.0
209	__protein3_rbs	3.5	0.0	0.0
209	__ribosome	20.6	0.0	0.0
209	__rnase_site_ext	21.3	0.0	0.0
209	p0	0.7	0.0	0.0
209	p1	0.8	0.0	0.0
209	protein1	1144.1	21.55	1.6228965000000002
209	protein2	1151.1	22.3	1.6271668499999996
209	protein3	282.1	5.55	1.5933135
209	r2	22.4	0.0	0.0
209	rnapol	0.05	0.0	0.0
210	__protein1_rbs	15.1	0.0	0.0
210	__protein2_rbs	16.25	0.0	0.0
210	__protein3_rbs	3.8	0.0	0.0
210	__ribosome	21.5	0.0	0.0
210	__rnase_site_ext	21.2	0.0	0.0
210	p0	0.95	0.0	0.0
210	p1	0.65	0.0	0.0
210	protein1	1151.25	21.4	1.6659277500000005
210	protein2	1159.2	22.5	1.5573129
210	protein3	284.2	5.5	1.55875
210	r2	22.5	0.0	0.0
210	rnapol	0.05	0.0	0.0
211	__protein1_rbs	14.9	0.0	0.0
211	__protein2_rbs	16.15	0.0	0.0
211	__protein3_rbs	3.65	0.0	0.0
211	__ribosome	20.85	0.0	0.0
211	__rnase_site_ext	21.45	0.0	0.0
211	p0	0.8	0.0	0.0
211	p1	0.5	0.0	0.0
211	protein1	1158.6	21.2	1.6721417499999998
211	protein2	1166.8	22.5	1.5756126
211	protein3	285.8	5.5	1.6294444
211	r2	22.8	0.0	0.0
211	rnapol	0.0	0.0	0.0
212	__protein1_rbs	14.85	0.0	0.0
212	__protein2_rbs	15.85	0.0	0.0
212	__protein3_rbs	3.8	0.0	0.0
212	__ribosome	23.35	0.0	0.0
212	__rnase_site_ext	21.55	0.0	0.0
212	p0	0.75	0.0	0.0
212	p1	0.8	0.0	0.0
212	protein1	1167.2	21.45	1.6104353999999999
212	protein2	1175.65	22.55	1.5225295499999998
212	protein3	288.0	5.45	1.6049999500000005
212	r2	23.0	0.0	0.0
212	rnapol	0.1	0.0	0.0
213	__protein1_rbs	14.15	0.0	0.0
213	__protein2_rbs	15.4	0.0	0.0
213	__protein3_rbs	3.6	0.0	0.0
213	__ribosome	21.9	0.0	0.0
213	__rnase_site_ext	21.55	0.0	0.0
213	p0	0.95	0.0	0.0
213	p1	0.65	0.0	0.0
213	protein1	1175.15	21.55	1.6073193000000001
213	protein2	1183.65	22.5	1.5491395
213	protein3	289.55	5.45	1.72428565
213	r2	22.9	0.0	0.0
213	rnapol	0.0	0.0	0.0
214	__protein1_rbs	15.25	0.0	0.0
214	__protein2_rbs	15.15	0.0	0.0
214	__protein3_rbs	3.35	0.0	0.0
214	__ribosome	22.3	0.0	0.0
214	__rnase_site_ext	21.4	0.0	0.0
214	p0	0.95	0.0	0.0
214	p1	0.5	0.0	0.0
214	protein1	1183.5	21.6	1.5511078500000002
214	protein2	1191.15	22.7	1.5729673000000002
214	protein3	291.65	5.3	1.7670833499999996
214	r2	22.9	0.0	0.0
214	rnapol	0.0	0.0	0.0
215	__protein1_rbs	13.7	0.0	0.0
215	__protein2_rbs	15.9	0.0	0.0
215	__protein3_rbs	3.85	0.0	0.0
215	__ribosome	20.45	0.0	0.0
215	__rnase_site_ext	21.45	0.0	0.0
215	p0	0.8	0.0	0.0
215	p1	0.65	0.0	0.0
215	protein1	1190.65	21.5	1.6488234
215	protein2	1198.55	22.95	1.5850548000000002
215	protein3	293.85	5.35	1.62507935
215	r2	23.05	0.0	0.0
215	rnapol	0.05	0.0	0.0
216	__protein1_rbs	15.15	0.0	0.0
216	__protein2_rbs	16.1	0.0	0.0
216	__protein3_rbs	3.6	0.0	0.0
216	__ribosome	20.8	0.0	0.0
216	__rnase_site_ext	21.55	0.0	0.0
216	p0	0.8	0.0	0.0
216	p1	0.5	0.0	0.0
216	protein1	1198.2	21.35	1.6313030999999996
216	protein2	1206.45	23.05	1.5834615499999996
216	protein3	295.8	5.45	1.5667261499999998
216	r2	22.95	0.0	0.0
216	rnapol	0.0	0.0	0.0
217	__protein1_rbs	15.4	0.0	0.0
217	__protein2_rbs	15.3	0.0	0.0
217	__protein3_rbs	3.85	0.0	0.0
217	__ribosome	21.75	0.0	0.0
217	__rnase_site_ext	21.4	0.0	0.0
217	p0	0.9	0.0	0.0
217	p1	0.55	0.0	0.0
217	protein1	1206.0	21.5	1.57665785
217	protein2	1214.4	23.05	1.60969525
217	protein3	297.95	5.45	1.482996
217	r2	22.95	0.0	0.0
217	rnapol	0.05	0.0	0.0
218	__protein1_rbs	15.1	0.0	0.0
218	__protein2_rbs	16.45	0.0	0.0
218	__protein3_rbs	3.75	0.0	0.0
218	__ribosome	22.85	0.0	0.0
218	__rnase_site_ext	21.45	0.0	0.0
218	p0	0.7	0.0	0.0
218	p1	0.7	0.0	0.0
218	protein1	1213.65	21.4	1.5688298
218	protein2	1223.2	23.15	1.56211295
218	protein3	299.85	5.5	1.4816666
218	r2	22.9	0.0	0.0
218	rnapol	0.05	0.0	0.0
219	__protein1_rbs	14.85	0.0	0.0
219	__protein2_rbs	15.25	0.0	0.0
219	__protein3_rbs	3.65	0.0	0.0
219	__ribosome	22.25	0.0	0.0
219	__rnase_site_ext	21.55	0.0	0.0
219	p0	0.65	0.0	0.0
219	p1	0.8	0.0	0.0
219	protein1	1221.6	21.35	1.5632307500000002
219	protein2	1231.65	23.15	1.58683975
219	protein3	301.75	5.45	1.52011905
219	r2	23.05	0.0	0.0
219	rnapol	0.05	0.0	0.0
220	__protein1_rbs	15.35	0.0	0.0
220	__protein2_rbs	16.85	0.0	0.0
220	__protein3_rbs	3.3	0.0	0.0
220	__ribosome	22.8	0.0	0.0
220	__rnase_site_ext	21.6	0.0	0.0
220	p0	0.9	0.0	0.0
220	p1	0.6	0.0	0.0
220	protein1	1229.4	21.45	1.52704235
220	protein2	1239.95	23.4	1.5340836000000002
220	protein3	303.45	5.3	1.66696425
220	r2	22.9	0.0	0.0
220	rnapol	0.0	0.0	0.0
221	__protein1_rbs	14.65	0.0	0.0
221	__protein2_rbs	16.3	0.0	0.0
221	__protein3_rbs	4.0	0.0	0.0
221	__ribosome	21.4	0.0	0.0
221	__rnase_site_ext	21.6	0.0	0.0
221	p0	0.8	0.0	0.0
221	p1	0.65	0.0	0.0
221	protein1	1236.85	21.65	1.536403
221	protein2	1247.2	23.5	1.58183725
221	protein3	305.4	5.4	1.5868055499999998
221	r2	22.85	0.0	0.0
221	rnapol	0.0	0.0	0.0
222	__protein1_rbs	15.05	0.0	0.0
222	__protein2_rbs	16.2	0.0	0.0
222	__protein3_rbs	3.2	0.0	0.0
222	__ribosome	22.0	0.0	0.0
222	__rnase_site_ext	21.65	0.0	0.0
222	p0	0.8	0.0	0.0
222	p1	0.8	0.0	0.0
222	protein1	1244.25	21.6	1.5580781000000001
222	protein2	1256.1	23.5	1.54480195
222	protein3	307.45	5.25	1.73625
222	r2	23.1	0.0	0.0
222	rnapol	0.0	0.0	0.0
223	__protein1_rbs	14.6	0.0	0.0
223	__protein2_rbs	16.55	0.0	0.0
223	__protein3_rbs	3.35	0.0	0.0
223	__ribosome	22.0	0.0	0.0
223	__rnase_site_ext	21.55	0.0	0.0
223	p0	0.85	0.0	0.0
223	p1	0.6	0.0	0.0
223	protein1	1251.65	21.65	1.6036596
223	protein2	1264.75	23.35	1.5081883
223	protein3	309.7	5.3	1.7737301
223	r2	23.25	0.0	0.0
223	rnapol	0.0	0.0	0.0
224	__protein1_rbs	15.45	0.0	0.0
224	__protein2_rbs	16.25	0.0	0.0
224	__protein3_rbs	3.35	0.0	0.0
224	__ribosome	22.85	0.0	0.0
224	__rnase_site_ext	21.7	0.0	0.0
224	p0	0.85	0.0	0.0
224	p1	0.45	0.0	0.0
224	protein1	1259.1	21.55	1.5765314500000005
224	protein2	1273.25	23.35	1.4833541
224	protein3	311.4	5.4	1.80876985
224	r2	23.55	0.0	0.0
224	rnapol	0.0	0.0	0.0
225	__protein1_rbs	15.2	0.0	0.0
225	__protein2_rbs	15.95	0.0	0.0
225	__protein3_rbs	3.7	0.0	0.0
225	__ribosome	22.6	0.0	0.0
225	__rnase_site_ext	21.7	0.0	0.0
225	p0	0.85	0.0	0.0
225	p1	0.5	0.0	0.0
225	protein1	1266.7	21.6	1.558938
225	protein2	1281.3	23.25	1.5101304499999997
225	protein3	313.35	5.45	1.7544246500000005
225	r2	23.75	0.0	0.0
225	rnapol	0.1	0.0	0.0
226	__protein1_rbs	14.65	0.0	0.0
226	__protein2_rbs	14.95	0.0	0.0
226	__protein3_rbs	3.5	0.0	0.0
226	__ribosome	21.5	0.0	0.0
226	__rnase_site_ext	21.75	0.0	0.0
226	p0	0.7	0.0	0.0
226	p1	0.65	0.0	0.0
226	protein1	1275.1	21.7	1.5393629000000002
226	protein2	1288.85	23.15	1.5776712000000002
226	protein3	315.35	5.4	1.6813691000000002
226	r2	23.7	0.0	0.0
226	rnapol	0.0	0.0	0.0
227	__protein1_rbs	14.85	0.0	0.0
227	__protein2_rbs	14.85	0.0	0.0
227	__protein3_rbs	3.8	0.0	0.0
227	__ribosome	21.45	0.0	0.0
227	__rnase_site_ext	21.65	0.0	0.0
227	p0	1.0	0.0	0.0
227	p1	0.6	0.0	0.0
227	protein1	1282.7	21.7	1.5457809999999998
227	protein2	1297.6	23.2	1.58928705
227	protein3	317.55	5.5	1.6514881000000001
227	r2	23.55	0.0	0.0
227	rnapol	0.0	0.0	0.0
228	__protein1_rbs	15.45	0.0	0.0
228	__protein2_rbs	16.0	0.0	0.0
228	__protein3_rbs	3.9	0.0	0.0
228	__ribosome	21.1	0.0	0.0
228	__rnase_site_ext	21.55	0.0	0.0
228	p0	0.8	0.0	0.0
228	p1	0.75	0.0	0.0
228	protein1	1290.05	21.7	1.5177862999999998
228	protein2	1304.8	23.4	1.6450430000000005
228	protein3	319.75	5.65	1.5436508000000004
228	r2	23.75	0.0	0.0
228	rnapol	0.0	0.0	0.0
229	__protein1_rbs	14.25	0.0	0.0
229	__protein2_rbs	16.1	0.0	0.0
229	__protein3_rbs	3.6	0.0	0.0
229	__ribosome	21.2	0.0	0.0
229	__rnase_site_ext	21.45	0.0	0.0
229	p0	0.85	0.0	0.0
229	p1	0.75	0.0	0.0
229	protein1	1297.7	21.5	1.54524775
229	protein2	1313.8	23.4	1.6080047000000004
229	protein3	321.65	5.7	1.66746035
229	r2	23.75	0.0	0.0
229	rnapol	0.05	0.0	0.0
230	__protein1_rbs	15.95	0.0	0.0
230	__protein2_rbs	16.0	0.0	0.0
230	__protein3_rbs	3.8	0.0	0.0
230	__ribosome	20.55	0.0	0.0
230	__rnase_site_ext	21.5	0.0	0.0
230	p0	0.8	0.0	0.0
230	p1	0.7	0.0	0.0
230	protein1	1304.6	21.4	1.5078956999999995
230	protein2	1321.15	23.15	1.6603696000000003
230	protein3	323.45	5.85	1.7343651499999997
230	r2	23.75	0.0	0.0
230	rnapol	0.05	0.0	0.0
231	__protein1_rbs	14.4	0.0	0.0
231	__protein2_rbs	16.2	0.0	0.0
231	__protein3_rbs	4.05	0.0	0.0
231	__ribosome	21.75	0.0	0.0
231	__rnase_site_ext	21.55	0.0	0.0
231	p0	0.65	0.0	0.0
231	p1	0.5	0.0	0.0
231	protein1	1312.4	21.45	1.51529605
231	protein2	1330.85	23.2	1.5906062
231	protein3	325.5	5.7	1.7378173499999998
231	r2	23.85	0.0	0.0
231	rnapol	0.0	0.0	0.0
232	__protein1_rbs	14.65	0.0	0.0
232	__protein2_rbs	16.3	0.0	0.0
232	__protein3_rbs	3.85	0.0	0.0
232	__ribosome	21.9	0.0	0.0
232	__rnase_site_ext	21.35	0.0	0.0
232	p0	0.8	0.0	0.0
232	p1	0.65	0.0	0.0
232	protein1	1319.6	21.55	1.5345156
232	protein2	1339.75	23.15	1.5549087499999998
232	protein3	327.65	5.85	1.65440475
232	r2	24.15	0.0	0.0
232	rnapol	0.05	0.0	0.0
233	__protein1_rbs	14.25	0.0	0.0
233	__protein2_rbs	16.2	0.0	0.0
233	__protein3_rbs	4.6	0.0	0.0
233	__ribosome	21.85	0.0	0.0
233	__rnase_site_ext	21.55	0.0	0.0
233	p0	0.65	0.0	0.0
233	p1	0.7	0.0	0.0
233	protein1	1327.3	21.3	1.5894046999999998
233	protein2	1347.6	23.2	1.56430465
233	protein3	330.0	5.85	1.4645040000000005
233	r2	24.05	0.0	0.0
233	rnapol	0.0	0.0	0.0
234	__protein1_rbs	14.6	0.0	0.0
234	__protein2_rbs	16.2	0.0	0.0
234	__protein3_rbs	4.15	0.0	0.0
234	__ribosome	22.45	0.0	0.0
234	__rnase_site_ext	21.45	0.0	0.0
234	p0	0.85	0.0	0.0
234	p1	0.7	0.0	0.0
234	protein1	1334.6	21.55	1.60402595
234	protein2	1356.6	23.2	1.5250854999999996
234	protein3	332.1	5.9	1.46498015
234	r2	23.75	0.0	0.0
234	rnapol	0.05	0.0	0.0
235	__protein1_rbs	14.75	0.0	0.0
235	__protein2_rbs	16.35	0.0	0.0
235	__protein3_rbs	4.2	0.0	0.0
235	__ribosome	22.4	0.0	0.0
235	__rnase_site_ext	21.4	0.0	0.0
235	p0	0.9	0.0	0.0
235	p1	0.65	0.0	0.0
235	protein1	1342.0	21.45	1.6090198
235	protein2	1364.6	23.3	1.5099850499999998
235	protein3	334.3	5.95	1.5487897
235	r2	23.75	0.0	0.0
235	rnapol	0.1	0.0	0.0
236	__protein1_rbs	14.45	0.0	0.0
236	__protein2_rbs	15.8	0.0	0.0
236	__protein3_rbs	4.2	0.0	0.0
236	__ribosome	22.1	0.0	0.0
236	__rnase_site_ext	21.6	0.0	0.0
236	p0	0.85	0.0	0.0
236	p1	0.55	0.0	0.0
236	protein1	1349.75	21.45	1.61230355
236	protein2	1372.85	23.5	1.5190083
236	protein3	336.5	5.85	1.5011706500000002
236	r2	23.7	0.0	0.0
236	rnapol	0.0	0.0	0.0
237	__protein1_rbs	15.7	0.0	0.0
237	__protein2_rbs	16.65	0.0	0.0
237	__protein3_rbs	4.15	0.0	0.0
237	__ribosome	22.45	0.0	0.0
237	__rnase_site_ext	21.65	0.0	0.0
237	p0	0.85	0.0	0.0
237	p1	0.55	0.0	0.0
237	protein1	1357.9	21.55	1.5699301
237	protein2	1380.6	23.45	1.53111995
237	protein3	338.55	5.95	1.5099008
237	r2	23.75	0.0	0.0
237	rnapol	0.0	0.0	0.0
238	__protein1_rbs	15.25	0.0	0.0
238	__protein2_rbs	16.5	0.0	0.0
238	__protein3_rbs	4.3	0.0	0.0
238	__ribosome	22.95	0.0	0.0
238	__rnase_site_ext	21.55	0.0	0.0
238	p0	0.85	0.0	0.0
238	p1	0.35	0.0	0.0
238	protein1	1366.1	21.6	1.54073415
238	protein2	1388.5	23.25	1.5478516000000002
238	protein3	340.35	6.05	1.4677381
238	r2	23.55	0.0	0.0
238	rnapol	0.0	0.0	0.0
239	__protein1_rbs	14.0	0.0	0.0
239	__protein2_rbs	16.55	0.0	0.0
239	__protein3_rbs	4.55	0.0	0.0
239	__ribosome	21.65	0.0	0.0
239	__rnase_site_ext	21.5	0.0	0.0
239	p0	0.75	0.0	0.0
239	p1	0.6	0.0	0.0
239	protein1	1374.15	21.5	1.5737649
239	protein2	1396.55	23.25	1.5649737499999996
239	protein3	342.3	6.05	1.50690475
239	r2	23.5	0.0	0.0
239	rnapol	0.05	0.0	0.0
240	__protein1_rbs	14.6	0.0	0.0
240	__protein2_rbs	16.15	0.0	0.0
240	__protein3_rbs	4.1	0.0	0.0
240	__ribosome	21.45	0.0	0.0
240	__rnase_site_ext	21.55	0.0	0.0
240	p0	0.85	0.0	0.0
240	p1	0.75	0.0	0.0
240	protein1	1382.0	21.6	1.5703351499999998
240	protein2	1405.3	23.5	1.5541293499999995
240	protein3	344.5	6.15	1.50222215
240	r2	23.5	0.0	0.0
240	rnapol	0.0	0.0	0.0
241	__protein1_rbs	15.45	0.0	0.0
241	__protein2_rbs	16.35	0.0	0.0
241	__protein3_rbs	3.85	0.0	0.0
241	__ribosome	21.6	0.0	0.0
241	__rnase_site_ext	21.7	0.0	0.0
241	p0	0.95	0.0	0.0
241	p1	0.7	0.0	0.0
241	protein1	1390.3	21.6	1.5071518999999998
241	protein2	1413.35	23.8	1.55607295
241	protein3	346.6	6.1	1.54007945
241	r2	23.55	0.0	0.0
241	rnapol	0.0	0.0	0.0
242	__protein1_rbs	16.1	0.0	0.0
242	__protein2_rbs	15.9	0.0	0.0
242	__protein3_rbs	4.35	0.0	0.0
242	__ribosome	21.6	0.0	0.0
242	__rnase_site_ext	21.6	0.0	0.0
242	p0	0.7	0.0	0.0
242	p1	0.75	0.0	0.0
242	protein1	1397.45	21.75	1.4921477499999998
242	protein2	1422.2	24.0	1.5507518500000002
242	protein3	348.55	6.1	1.5634921
242	r2	23.55	0.0	0.0
242	rnapol	0.05	0.0	0.0
243	__protein1_rbs	15.0	0.0	0.0
243	__protein2_rbs	16.15	0.0	0.0
243	__protein3_rbs	4.15	0.0	0.0
243	__ribosome	20.1	0.0	0.0
243	__rnase_site_ext	21.35	0.0	0.0
243	p0	0.8	0.0	0.0
243	p1	0.75	0.0	0.0
243	protein1	1404.95	21.6	1.5424440500000005
243	protein2	1430.65	23.85	1.58430385
243	protein3	350.65	6.2	1.5942461
243	r2	23.45	0.0	0.0
243	rnapol	0.05	0.0	0.0
244	__protein1_rbs	14.65	0.0	0.0
244	__protein2_rbs	17.05	0.0	0.0
244	__protein3_rbs	4.55	0.0	0.0
244	__ribosome	21.75	0.0	0.0
244	__rnase_site_ext	21.5	0.0	0.0
244	p0	0.85	0.0	0.0
244	p1	0.7	0.0	0.0
244	protein1	1413.05	21.4	1.5405295999999995
244	protein2	1439.2	23.75	1.5492014499999998
244	protein3	352.7	6.15	1.53999995
244	r2	23.7	0.0	0.0
244	rnapol	0.05	0.0	0.0
245	__protein1_rbs	15.1	0.0	0.0
245	__protein2_rbs	16.3	0.0	0.0
245	__protein3_rbs	3.9	0.0	0.0
245	__ribosome	21.2	0.0	0.0
245	__rnase_site_ext	21.65	0.0	0.0
245	p0	0.75	0.0	0.0
245	p1	0.6	0.0	0.0
245	protein1	1420.55	21.5	1.5384953000000001
245	protein2	1447.3	23.65	1.58172625
245	protein3	355.15	5.95	1.5363889
245	r2	23.95	0.0	0.0
245	rnapol	0.1	0.0	0.0
246	__protein1_rbs	15.15	0.0	0.0
246	__protein2_rbs	16.2	0.0	0.0
246	__protein3_rbs	4.25	0.0	0.0
246	__ribosome	22.3	0.0	0.0
246	__rnase_site_ext	21.55	0.0	0.0
246	p0	0.8	0.0	0.0
246	p1	0.75	0.0	0.0
246	protein1	1428.25	21.55	1.5210643
246	protein2	1456.15	23.6	1.57151405
246	protein3	357.45	5.95	1.4366269499999995
246	r2	24.25	0.0	0.0
246	rnapol	0.0	0.0	0.0
247	__protein1_rbs	14.9	0.0	0.0
247	__protein2_rbs	16.0	0.0	0.0
247	__protein3_rbs	4.1	0.0	0.0
247	__ribosome	22.25	0.0	0.0
247	__rnase_site_ext	21.5	0.0	0.0
247	p0	0.9	0.0	0.0
247	p1	0.65	0.0	0.0
247	protein1	1435.75	21.5	1.5474673
247	protein2	1465.05	23.2	1.5888438
247	protein3	359.75	5.95	1.4423413
247	r2	24.2	0.0	0.0
247	rnapol	0.0	0.0	0.0
248	__protein1_rbs	14.65	0.0	0.0
248	__protein2_rbs	16.25	0.0	0.0
248	__protein3_rbs	4.05	0.0	0.0
248	__ribosome	21.35	0.0	0.0
248	__rnase_site_ext	21.65	0.0	0.0
248	p0	0.8	0.0	0.0
248	p1	0.7	0.0	0.0
248	protein1	1443.55	21.6	1.56315565
248	protein2	1473.35	23.2	1.5967494
248	protein3	361.4	6.05	1.5376586499999998
248	r2	24.15	0.0	0.0
248	rnapol	0.0	0.0	0.0
249	__protein1_rbs	14.55	0.0	0.0
249	__protein2_rbs	17.25	0.0	0.0
249	__protein3_rbs	4.2	0.0	0.0
249	__ribosome	21.8	0.0	0.0
249	__rnase_site_ext	21.5	0.0	0.0
249	p0	0.9	0.0	0.0
249	p1	0.55	0.0	0.0
249	protein1	1451.0	21.65	1.57882655
249	protein2	1482.35	23.1	1.5437001999999995
249	protein3	363.3	6.25	1.6080357499999998
249	r2	24.15	0.0	0.0
249	rnapol	0.0	0.0	0.0
250	__protein1_rbs	14.15	0.0	0.0
250	__protein2_rbs	15.05	0.0	0.0
250	__protein3_rbs	4.25	0.0	0.0
250	__ribosome	20.65	0.0	0.0
250	__rnase_site_ext	20.45	0.0	0.0
250	p0	0.9	0.0	0.0
250	p1	0.55	0.0	0.0
250	protein1	1383.95	20.55	1.4902339
250	protein2	1412.35	22.0	1.4650111000000003
250	protein3	355.1	6.0	1.5750992
250	r2	23.0	0.0	0.0
250	rnapol	0.0	0.0	0.0
