time	species	protein	transcript	ribo_density
0	__protein1_rbs	0.0	0.0	0.0
0	__protein2_rbs	0.0	0.0	0.0
0	__protein3_rbs	0.0	0.0	0.0
0	__ribosome	100.0	0.0	0.0
0	__rnase_site_ext	0.0	0.0	0.0
0	p0	1.0	0.0	0.0
0	p1	1.0	0.0	0.0
0	r0	0.0	0.0	0.0
0	r2	0.0	0.0	0.0
0	rnapol	4.0	0.0	0.0
1	__protein1_rbs	0.3333333333333333	0.0	0.0
1	__protein2_rbs	0.0	0.0	0.0
1	__protein3_rbs	0.0	0.0	0.0
1	__ribosome	99.33333333333331	0.0	0.0
1	__rnase_site_ext	2.0	0.0	0.0
1	p0	0.6666666666666666	0.0	0.0
1	p1	1.0	0.0	0.0
1	protein1	0.0	0.6666666666666666	0.3333333333333333
1	protein2	0.0	0.3333333333333333	0.3333333333333333
1	r0	1.0	0.0	0.0
1	r2	0.0	0.0	0.0
1	rnapol	1.3333333333333333	0.0	0.0
2	__protein1_rbs	0.6666666666666666	0.0	0.0
2	__protein2_rbs	0.3333333333333333	0.0	0.0
2	__protein3_rbs	0.0	0.0	0.0
2	__ribosome	96.33333333333331	0.0	0.0
2	__rnase_site_ext	3.6666666666666665	0.0	0.0
2	p0	1.0	0.0	0.0
2	p1	1.0	0.0	0.0
2	protein1	0.0	2.6666666666666665	1.0
2	protein2	0.0	0.6666666666666666	1.0
2	r0	2.333333333333333	0.0	0.0
2	r2	0.0	0.0	0.0
2	rnapol	0.0	0.0	0.0
3	__protein1_rbs	2.0	0.0	0.0
3	__protein2_rbs	0.6666666666666666	0.0	0.0
3	__protein3_rbs	0.0	0.0	0.0
3	__ribosome	93.66666666666669	0.0	0.0
3	__rnase_site_ext	4.0	0.0	0.0
3	p0	1.0	0.0	0.0
3	p1	1.0	0.0	0.0
3	protein1	0.0	3.333333333333333	1.5277776666666665
3	protein2	0.0	0.6666666666666666	1.3333333333333333
3	r0	3.333333333333333	0.0	0.0
3	r2	0.0	0.0	0.0
3	rnapol	0.0	0.0	0.0
4	__protein1_rbs	1.6666666666666667	0.0	0.0
4	__protein2_rbs	0.3333333333333333	0.0	0.0
4	__protein3_rbs	0.0	0.0	0.0
4	__ribosome	89.66666666666669	0.0	0.0
4	__rnase_site_ext	4.0	0.0	0.0
4	p0	1.0	0.0	0.0
4	p1	0.3333333333333333	0.0	0.0
4	protein1	0.0	3.333333333333333	2.5
4	protein2	0.0	0.6666666666666666	2.0
4	r0	2.6666666666666665	0.0	0.0
4	r2	0.0	0.0	0.0
4	rnapol	0.0	0.0	0.0
5	__protein1_rbs	1.0	0.0	0.0
5	__protein2_rbs	1.0	0.0	0.0
5	__protein3_rbs	0.0	0.0	0.0
5	__ribosome	87.0	0.0	0.0
5	__rnase_site_ext	3.6666666666666665	0.0	0.0
5	p0	1.0	0.0	0.0
5	p1	0.3333333333333333	0.0	0.0
5	protein1	1.6666666666666667	3.333333333333333	3.027778
5	protein2	0.0	2.0	1.2777776666666667
5	r0	2.0	0.0	0.0
5	r2	0.6666666666666666	0.0	0.0
5	rnapol	0.0	0.0	0.0
6	__protein1_rbs	1.6666666666666667	0.0	0.0
6	__protein2_rbs	2.333333333333333	0.0	0.0
6	__protein3_rbs	0.6666666666666666	0.0	0.0
6	__ribosome	85.33333333333333	0.0	0.0
6	__rnase_site_ext	4.0	0.0	0.0
6	p0	1.0	0.0	0.0
6	p1	1.0	0.0	0.0
6	protein1	5.0	3.333333333333333	2.722222
6	protein2	0.3333333333333333	3.333333333333333	1.5277776666666665
6	protein3	0.0	0.6666666666666666	0.3333333333333333
6	r0	2.6666666666666665	0.0	0.0
6	r2	0.6666666666666666	0.0	0.0
6	rnapol	0.0	0.0	0.0
7	__protein1_rbs	1.3333333333333333	0.0	0.0
7	__protein2_rbs	1.0	0.0	0.0
7	__protein3_rbs	0.0	0.0	0.0
7	__ribosome	78.66666666666667	0.0	0.0
7	__rnase_site_ext	4.0	0.0	0.0
7	p0	1.0	0.0	0.0
7	p1	1.0	0.0	0.0
7	protein1	6.333333333333332	3.333333333333333	3.3888890000000003
7	protein2	1.3333333333333333	4.0	2.1666666666666665
7	protein3	0.0	0.6666666666666666	1.3333333333333333
7	r0	2.6666666666666665	0.0	0.0
7	r2	0.6666666666666666	0.0	0.0
7	rnapol	0.0	0.0	0.0
8	__protein1_rbs	1.3333333333333333	0.0	0.0
8	__protein2_rbs	2.0	0.0	0.0
8	__protein3_rbs	0.0	0.0	0.0
8	__ribosome	75.0	0.0	0.0
8	__rnase_site_ext	4.0	0.0	0.0
8	p0	1.0	0.0	0.0
8	p1	1.0	0.0	0.0
8	protein1	9.666666666666666	3.333333333333333	3.333333333333333
8	protein2	1.6666666666666667	4.0	3.0
8	protein3	0.0	0.6666666666666666	2.0
8	r0	2.333333333333333	0.0	0.0
8	r2	1.0	0.0	0.0
8	rnapol	0.0	0.0	0.0
9	__protein1_rbs	1.3333333333333333	0.0	0.0
9	__protein2_rbs	1.6666666666666667	0.0	0.0
9	__protein3_rbs	0.6666666666666666	0.0	0.0
9	__ribosome	73.0	0.0	0.0
9	__rnase_site_ext	4.333333333333333	0.0	0.0
9	p0	1.0	0.0	0.0
9	p1	1.0	0.0	0.0
9	protein1	13.666666666666664	3.333333333333333	3.083333333333333
9	protein2	2.6666666666666665	4.0	3.583333333333333
9	protein3	0.0	1.0	2.333333333333333
9	r0	2.6666666666666665	0.0	0.0
9	r2	2.333333333333333	0.0	0.0
9	rnapol	0.0	0.0	0.0
10	__protein1_rbs	1.3333333333333333	0.0	0.0
10	__protein2_rbs	2.333333333333333	0.0	0.0
10	__protein3_rbs	1.6666666666666667	0.0	0.0
10	__ribosome	72.0	0.0	0.0
10	__rnase_site_ext	4.333333333333333	0.0	0.0
10	p0	1.0	0.0	0.0
10	p1	1.0	0.0	0.0
10	protein1	16.333333333333332	3.6666666666666665	2.9166666666666665
10	protein2	5.333333333333333	4.0	3.583333333333333
10	protein3	0.3333333333333333	2.333333333333333	1.3333333333333333
10	r0	3.333333333333333	0.0	0.0
10	r2	3.333333333333333	0.0	0.0
10	rnapol	0.3333333333333333	0.0	0.0
11	__protein1_rbs	1.0	0.0	0.0
11	__protein2_rbs	1.0	0.0	0.0
11	__protein3_rbs	2.0	0.0	0.0
11	__ribosome	67.0	0.0	0.0
11	__rnase_site_ext	4.333333333333333	0.0	0.0
11	p0	1.0	0.0	0.0
11	p1	1.0	0.0	0.0
11	protein1	19.0	3.6666666666666665	3.25
11	protein2	8.333333333333334	4.0	3.9166666666666665
11	protein3	1.0	4.0	1.4166666666666667
11	r0	2.6666666666666665	0.0	0.0
11	r2	4.0	0.0	0.0
11	rnapol	0.3333333333333333	0.0	0.0
12	__protein1_rbs	1.6666666666666667	0.0	0.0
12	__protein2_rbs	2.6666666666666665	0.0	0.0
12	__protein3_rbs	2.0	0.0	0.0
12	__ribosome	64.33333333333333	0.0	0.0
12	__rnase_site_ext	4.333333333333333	0.0	0.0
12	p0	0.6666666666666666	0.0	0.0
12	p1	1.0	0.0	0.0
12	protein1	22.0	3.6666666666666665	3.2222223333333333
12	protein2	11.666666666666664	4.0	3.9166666666666665
12	protein3	1.3333333333333333	4.0	2.083333333333333
12	r0	3.0	0.0	0.0
12	r2	4.0	0.0	0.0
12	rnapol	0.3333333333333333	0.0	0.0
13	__protein1_rbs	1.0	0.0	0.0
13	__protein2_rbs	2.6666666666666665	0.0	0.0
13	__protein3_rbs	2.0	0.0	0.0
13	__ribosome	64.66666666666667	0.0	0.0
13	__rnase_site_ext	4.333333333333333	0.0	0.0
13	p0	1.0	0.0	0.0
13	p1	0.3333333333333333	0.0	0.0
13	protein1	26.0	4.0	2.6666666666666665
13	protein2	15.333333333333336	4.333333333333333	3.4166666666666665
13	protein3	2.0	4.0	2.5
13	r0	3.333333333333333	0.0	0.0
13	r2	4.0	0.0	0.0
13	rnapol	0.3333333333333333	0.0	0.0
14	__protein1_rbs	3.333333333333333	0.0	0.0
14	__protein2_rbs	2.6666666666666665	0.0	0.0
14	__protein3_rbs	2.333333333333333	0.0	0.0
14	__ribosome	63.33333333333334	0.0	0.0
14	__rnase_site_ext	6.0	0.0	0.0
14	p0	1.0	0.0	0.0
14	p1	1.0	0.0	0.0
14	protein1	29.0	4.333333333333333	2.35
14	protein2	19.0	5.0	2.8666666666666667
14	protein3	2.6666666666666665	4.0	3.083333333333333
14	r0	4.666666666666667	0.0	0.0
14	r2	4.0	0.0	0.0
14	rnapol	0.6666666666666666	0.0	0.0
15	__protein1_rbs	2.333333333333333	0.0	0.0
15	__protein2_rbs	3.333333333333333	0.0	0.0
15	__protein3_rbs	3.0	0.0	0.0
15	__ribosome	60.33333333333334	0.0	0.0
15	__rnase_site_ext	6.666666666666668	0.0	0.0
15	p0	1.0	0.0	0.0
15	p1	1.0	0.0	0.0
15	protein1	32.666666666666664	5.0	2.238889
15	protein2	22.66666666666667	5.0	2.9333333333333336
15	protein3	4.333333333333333	4.0	3.5
15	r0	4.333333333333333	0.0	0.0
15	r2	4.0	0.0	0.0
15	rnapol	0.6666666666666666	0.0	0.0
16	__protein1_rbs	4.0	0.0	0.0
16	__protein2_rbs	2.6666666666666665	0.0	0.0
16	__protein3_rbs	3.333333333333333	0.0	0.0
16	__ribosome	57.0	0.0	0.0
16	__rnase_site_ext	7.666666666666668	0.0	0.0
16	p0	1.0	0.0	0.0
16	p1	0.6666666666666666	0.0	0.0
16	protein1	34.333333333333336	6.333333333333332	2.1031746666666664
16	protein2	25.66666666666667	5.333333333333333	3.0
16	protein3	7.0	4.0	3.4166666666666665
16	r0	5.666666666666668	0.0	0.0
16	r2	4.0	0.0	0.0
16	rnapol	0.3333333333333333	0.0	0.0
17	__protein1_rbs	3.333333333333333	0.0	0.0
17	__protein2_rbs	2.6666666666666665	0.0	0.0
17	__protein3_rbs	1.3333333333333333	0.0	0.0
17	__ribosome	58.0	0.0	0.0
17	__rnase_site_ext	7.0	0.0	0.0
17	p0	1.0	0.0	0.0
17	p1	1.0	0.0	0.0
17	protein1	39.333333333333336	6.333333333333332	1.992063333333333
17	protein2	29.33333333333333	5.0	3.1833333333333336
17	protein3	11.0	4.333333333333333	3.216666666666667
17	r0	5.666666666666668	0.0	0.0
17	r2	4.333333333333333	0.0	0.0
17	rnapol	0.0	0.0	0.0
18	__protein1_rbs	4.666666666666667	0.0	0.0
18	__protein2_rbs	2.6666666666666665	0.0	0.0
18	__protein3_rbs	3.333333333333333	0.0	0.0
18	__ribosome	53.33333333333334	0.0	0.0
18	__rnase_site_ext	7.333333333333332	0.0	0.0
18	p0	1.0	0.0	0.0
18	p1	0.3333333333333333	0.0	0.0
18	protein1	42.0	6.333333333333332	2.4095236666666664
18	protein2	32.333333333333336	5.666666666666668	3.0
18	protein3	13.0	4.666666666666667	3.1833333333333336
18	r0	6.0	0.0	0.0
18	r2	5.0	0.0	0.0
18	rnapol	0.0	0.0	0.0
19	__protein1_rbs	3.6666666666666665	0.0	0.0
19	__protein2_rbs	5.333333333333333	0.0	0.0
19	__protein3_rbs	3.6666666666666665	0.0	0.0
19	__ribosome	53.0	0.0	0.0
19	__rnase_site_ext	6.666666666666668	0.0	0.0
19	p0	1.0	0.0	0.0
19	p1	0.6666666666666666	0.0	0.0
19	protein1	45.33333333333334	6.0	2.7428569999999994
19	protein2	36.333333333333336	7.0	2.285714
19	protein3	17.0	5.0	2.9333333333333336
19	r0	5.333333333333333	0.0	0.0
19	r2	5.0	0.0	0.0
19	rnapol	0.0	0.0	0.0
20	__protein1_rbs	4.666666666666667	0.0	0.0
20	__protein2_rbs	5.333333333333333	0.0	0.0
20	__protein3_rbs	3.0	0.0	0.0
20	__ribosome	53.33333333333334	0.0	0.0
20	__rnase_site_ext	7.0	0.0	0.0
20	p0	1.0	0.0	0.0
20	p1	0.6666666666666666	0.0	0.0
20	protein1	50.66666666666666	6.0	2.3952380000000004
20	protein2	39.66666666666666	7.333333333333332	2.279762
20	protein3	19.666666666666668	5.333333333333333	2.9333333333333336
20	r0	5.333333333333333	0.0	0.0
20	r2	5.333333333333333	0.0	0.0
20	rnapol	0.3333333333333333	0.0	0.0
21	__protein1_rbs	4.333333333333333	0.0	0.0
21	__protein2_rbs	3.6666666666666665	0.0	0.0
21	__protein3_rbs	2.6666666666666665	0.0	0.0
21	__ribosome	50.33333333333334	0.0	0.0
21	__rnase_site_ext	7.333333333333332	0.0	0.0
21	p0	1.0	0.0	0.0
21	p1	1.0	0.0	0.0
21	protein1	54.66666666666666	6.333333333333332	2.219047666666667
21	protein2	44.33333333333334	7.666666666666668	2.3095236666666668
21	protein3	21.66666666666667	5.666666666666668	3.1444446666666668
21	r0	5.333333333333333	0.0	0.0
21	r2	6.0	0.0	0.0
21	rnapol	0.0	0.0	0.0
22	__protein1_rbs	4.0	0.0	0.0
22	__protein2_rbs	5.0	0.0	0.0
22	__protein3_rbs	3.333333333333333	0.0	0.0
22	__ribosome	52.66666666666666	0.0	0.0
22	__rnase_site_ext	7.666666666666668	0.0	0.0
22	p0	1.0	0.0	0.0
22	p1	1.0	0.0	0.0
22	protein1	60.66666666666666	6.333333333333332	1.895238
22	protein2	49.0	7.666666666666668	2.3035713333333336
22	protein3	26.33333333333333	6.0	2.8888890000000003
22	r0	5.666666666666668	0.0	0.0
22	r2	6.0	0.0	0.0
22	rnapol	0.3333333333333333	0.0	0.0
23	__protein1_rbs	4.666666666666667	0.0	0.0
23	__protein2_rbs	4.333333333333333	0.0	0.0
23	__protein3_rbs	4.0	0.0	0.0
23	__ribosome	47.66666666666666	0.0	0.0
23	__rnase_site_ext	7.666666666666668	0.0	0.0
23	p0	1.0	0.0	0.0
23	p1	1.0	0.0	0.0
23	protein1	63.66666666666666	7.0	1.90873
23	protein2	51.0	7.666666666666668	2.6785713333333336
23	protein3	29.33333333333333	6.0	3.055555666666667
23	r0	6.666666666666668	0.0	0.0
23	r2	7.0	0.0	0.0
23	rnapol	0.0	0.0	0.0
24	__protein1_rbs	3.0	0.0	0.0
24	__protein2_rbs	5.0	0.0	0.0
24	__protein3_rbs	5.0	0.0	0.0
24	__ribosome	45.33333333333334	0.0	0.0
24	__rnase_site_ext	7.666666666666668	0.0	0.0
24	p0	1.0	0.0	0.0
24	p1	1.0	0.0	0.0
24	protein1	67.33333333333333	7.0	2.1507936666666665
24	protein2	55.33333333333334	7.666666666666668	2.630952333333333
24	protein3	33.666666666666664	7.333333333333332	2.6488096666666667
24	r0	5.0	0.0	0.0
24	r2	7.666666666666668	0.0	0.0
24	rnapol	0.3333333333333333	0.0	0.0
25	__protein1_rbs	4.666666666666667	0.0	0.0
25	__protein2_rbs	6.0	0.0	0.0
25	__protein3_rbs	5.666666666666668	0.0	0.0
25	__ribosome	47.66666666666666	0.0	0.0
25	__rnase_site_ext	7.666666666666668	0.0	0.0
25	p0	0.6666666666666666	0.0	0.0
25	p1	0.3333333333333333	0.0	0.0
25	protein1	71.33333333333333	7.0	2.049603333333333
25	protein2	60.66666666666666	7.666666666666668	2.4642856666666666
25	protein3	36.66666666666666	7.666666666666668	2.529762
25	r0	6.0	0.0	0.0
25	r2	8.0	0.0	0.0
25	rnapol	0.3333333333333333	0.0	0.0
26	__protein1_rbs	4.333333333333333	0.0	0.0
26	__protein2_rbs	6.0	0.0	0.0
26	__protein3_rbs	6.666666666666668	0.0	0.0
26	__ribosome	47.66666666666666	0.0	0.0
26	__rnase_site_ext	8.0	0.0	0.0
26	p0	1.0	0.0	0.0
26	p1	1.0	0.0	0.0
26	protein1	76.33333333333333	7.0	2.069444333333333
26	protein2	65.0	8.333333333333334	2.3796296666666668
26	protein3	41.66666666666666	8.0	2.2916666666666665
26	r0	7.0	0.0	0.0
26	r2	7.666666666666668	0.0	0.0
26	rnapol	0.0	0.0	0.0
27	__protein1_rbs	5.0	0.0	0.0
27	__protein2_rbs	4.666666666666667	0.0	0.0
27	__protein3_rbs	5.666666666666668	0.0	0.0
27	__ribosome	45.0	0.0	0.0
27	__rnase_site_ext	8.0	0.0	0.0
27	p0	1.0	0.0	0.0
27	p1	1.0	0.0	0.0
27	protein1	79.66666666666667	7.333333333333332	2.095238
27	protein2	70.33333333333333	7.666666666666668	2.8035713333333336
27	protein3	45.33333333333334	7.666666666666668	2.3988096666666667
27	r0	6.333333333333332	0.0	0.0
27	r2	7.666666666666668	0.0	0.0
27	rnapol	0.6666666666666666	0.0	0.0
28	__protein1_rbs	5.333333333333333	0.0	0.0
28	__protein2_rbs	5.333333333333333	0.0	0.0
28	__protein3_rbs	4.666666666666667	0.0	0.0
28	__ribosome	49.0	0.0	0.0
28	__rnase_site_ext	9.0	0.0	0.0
28	p0	0.6666666666666666	0.0	0.0
28	p1	1.0	0.0	0.0
28	protein1	85.0	7.666666666666668	1.7857143333333332
28	protein2	75.0	7.666666666666668	2.6785713333333336
28	protein3	51.33333333333334	7.666666666666668	2.2261903333333333
28	r0	7.333333333333332	0.0	0.0
28	r2	8.0	0.0	0.0
28	rnapol	0.0	0.0	0.0
29	__protein1_rbs	5.333333333333333	0.0	0.0
29	__protein2_rbs	5.666666666666668	0.0	0.0
29	__protein3_rbs	4.0	0.0	0.0
29	__ribosome	44.33333333333334	0.0	0.0
29	__rnase_site_ext	9.0	0.0	0.0
29	p0	1.0	0.0	0.0
29	p1	0.6666666666666666	0.0	0.0
29	protein1	89.0	8.0	1.8333333333333333
29	protein2	79.66666666666667	8.666666666666666	2.458333333333333
29	protein3	54.33333333333334	8.0	2.5
29	r0	7.0	0.0	0.0
29	r2	8.333333333333334	0.0	0.0
29	rnapol	0.0	0.0	0.0
30	__protein1_rbs	6.333333333333332	0.0	0.0
30	__protein2_rbs	7.666666666666668	0.0	0.0
30	__protein3_rbs	5.333333333333333	0.0	0.0
30	__ribosome	45.0	0.0	0.0
30	__rnase_site_ext	9.666666666666666	0.0	0.0
30	p0	1.0	0.0	0.0
30	p1	1.0	0.0	0.0
30	protein1	94.0	8.333333333333334	1.7685186666666668
30	protein2	84.33333333333333	9.333333333333334	2.1481480000000004
30	protein3	58.66666666666666	8.666666666666666	2.3518516666666667
30	r0	7.333333333333332	0.0	0.0
30	r2	8.666666666666666	0.0	0.0
30	rnapol	0.0	0.0	0.0
31	__protein1_rbs	6.333333333333332	0.0	0.0
31	__protein2_rbs	5.666666666666668	0.0	0.0
31	__protein3_rbs	6.0	0.0	0.0
31	__ribosome	41.0	0.0	0.0
31	__rnase_site_ext	9.333333333333334	0.0	0.0
31	p0	1.0	0.0	0.0
31	p1	0.6666666666666666	0.0	0.0
31	protein1	97.66666666666669	8.333333333333334	1.9722223333333333
31	protein2	90.33333333333331	9.333333333333334	2.2777776666666667
31	protein3	62.0	8.666666666666666	2.4722223333333333
31	r0	7.333333333333332	0.0	0.0
31	r2	8.666666666666666	0.0	0.0
31	rnapol	0.0	0.0	0.0
32	__protein1_rbs	5.333333333333333	0.0	0.0
32	__protein2_rbs	7.666666666666668	0.0	0.0
32	__protein3_rbs	6.333333333333332	0.0	0.0
32	__ribosome	39.0	0.0	0.0
32	__rnase_site_ext	9.666666666666666	0.0	0.0
32	p0	1.0	0.0	0.0
32	p1	1.0	0.0	0.0
32	protein1	101.0	8.333333333333334	2.120370333333333
32	protein2	94.33333333333331	10.0	2.1
32	protein3	65.66666666666667	8.666666666666666	2.597222
32	r0	7.333333333333332	0.0	0.0
32	r2	8.666666666666666	0.0	0.0
32	rnapol	0.3333333333333333	0.0	0.0
33	__protein1_rbs	5.666666666666668	0.0	0.0
33	__protein2_rbs	6.333333333333332	0.0	0.0
33	__protein3_rbs	6.666666666666668	0.0	0.0
33	__ribosome	38.66666666666666	0.0	0.0
33	__rnase_site_ext	10.0	0.0	0.0
33	p0	0.6666666666666666	0.0	0.0
33	p1	1.0	0.0	0.0
33	protein1	107.0	8.666666666666666	1.888889
33	protein2	99.0	10.333333333333334	2.230303
33	protein3	70.0	8.666666666666666	2.583333333333333
33	r0	7.333333333333332	0.0	0.0
33	r2	9.333333333333334	0.0	0.0
33	rnapol	0.0	0.0	0.0
34	__protein1_rbs	7.0	0.0	0.0
34	__protein2_rbs	7.333333333333332	0.0	0.0
34	__protein3_rbs	4.666666666666667	0.0	0.0
34	__ribosome	36.66666666666666	0.0	0.0
34	__rnase_site_ext	10.333333333333334	0.0	0.0
34	p0	1.0	0.0	0.0
34	p1	1.0	0.0	0.0
34	protein1	112.33333333333331	9.0	1.7333333333333334
34	protein2	104.0	10.0	2.448148
34	protein3	75.66666666666667	9.333333333333334	2.514814666666666
34	r0	8.666666666666666	0.0	0.0
34	r2	9.666666666666666	0.0	0.0
34	rnapol	0.0	0.0	0.0
35	__protein1_rbs	7.0	0.0	0.0
35	__protein2_rbs	6.666666666666668	0.0	0.0
35	__protein3_rbs	7.0	0.0	0.0
35	__ribosome	37.66666666666666	0.0	0.0
35	__rnase_site_ext	10.666666666666666	0.0	0.0
35	p0	1.0	0.0	0.0
35	p1	1.0	0.0	0.0
35	protein1	117.0	9.0	1.6379629999999998
35	protein2	110.33333333333331	10.333333333333334	2.4833333333333334
35	protein3	81.33333333333333	9.666666666666666	2.3265990000000003
35	r0	8.666666666666666	0.0	0.0
35	r2	9.666666666666666	0.0	0.0
35	rnapol	0.0	0.0	0.0
36	__protein1_rbs	6.333333333333332	0.0	0.0
36	__protein2_rbs	7.333333333333332	0.0	0.0
36	__protein3_rbs	6.666666666666668	0.0	0.0
36	__ribosome	34.333333333333336	0.0	0.0
36	__rnase_site_ext	10.333333333333334	0.0	0.0
36	p0	1.0	0.0	0.0
36	p1	1.0	0.0	0.0
36	protein1	121.0	9.0	1.903703666666667
36	protein2	115.0	10.0	2.5936026666666665
36	protein3	86.33333333333331	9.666666666666666	2.348148
36	r0	8.0	0.0	0.0
36	r2	10.0	0.0	0.0
36	rnapol	0.0	0.0	0.0
37	__protein1_rbs	7.0	0.0	0.0
37	__protein2_rbs	8.0	0.0	0.0
37	__protein3_rbs	8.333333333333334	0.0	0.0
37	__ribosome	35.666666666666664	0.0	0.0
37	__rnase_site_ext	10.666666666666666	0.0	0.0
37	p0	0.3333333333333333	0.0	0.0
37	p1	0.6666666666666666	0.0	0.0
37	protein1	126.33333333333331	9.0	1.7555556666666667
37	protein2	121.0	10.333333333333334	2.4151516666666666
37	protein3	90.0	10.333333333333334	2.290909
37	r0	8.0	0.0	0.0
37	r2	10.666666666666666	0.0	0.0
37	rnapol	0.3333333333333333	0.0	0.0
38	__protein1_rbs	6.666666666666668	0.0	0.0
38	__protein2_rbs	6.666666666666668	0.0	0.0
38	__protein3_rbs	9.666666666666666	0.0	0.0
38	__ribosome	34.666666666666664	0.0	0.0
38	__rnase_site_ext	11.0	0.0	0.0
38	p0	0.6666666666666666	0.0	0.0
38	p1	1.0	0.0	0.0
38	protein1	131.66666666666666	9.333333333333334	1.5774409999999996
38	protein2	127.0	10.666666666666666	2.466666666666667
38	protein3	94.66666666666669	10.666666666666666	2.284848333333333
38	r0	8.333333333333334	0.0	0.0
38	r2	11.0	0.0	0.0
38	rnapol	0.6666666666666666	0.0	0.0
39	__protein1_rbs	8.333333333333334	0.0	0.0
39	__protein2_rbs	7.666666666666668	0.0	0.0
39	__protein3_rbs	8.333333333333334	0.0	0.0
39	__ribosome	36.0	0.0	0.0
39	__rnase_site_ext	11.666666666666664	0.0	0.0
39	p0	1.0	0.0	0.0
39	p1	1.0	0.0	0.0
39	protein1	136.66666666666666	10.0	1.4527776666666667
39	protein2	134.0	10.666666666666666	2.4757573333333336
39	protein3	101.66666666666669	11.0	2.1232323333333336
39	r0	9.0	0.0	0.0
39	r2	11.0	0.0	0.0
39	rnapol	0.0	0.0	0.0
40	__protein1_rbs	7.0	0.0	0.0
40	__protein2_rbs	6.333333333333332	0.0	0.0
40	__protein3_rbs	8.333333333333334	0.0	0.0
40	__ribosome	32.333333333333336	0.0	0.0
40	__rnase_site_ext	12.0	0.0	0.0
40	p0	1.0	0.0	0.0
40	p1	0.6666666666666666	0.0	0.0
40	protein1	140.0	10.666666666666666	1.589226
40	protein2	139.33333333333334	10.666666666666666	2.5727273333333334
40	protein3	107.0	11.0	2.113131333333333
40	r0	8.0	0.0	0.0
40	r2	11.0	0.0	0.0
40	rnapol	0.3333333333333333	0.0	0.0
41	__protein1_rbs	7.0	0.0	0.0
41	__protein2_rbs	7.0	0.0	0.0
41	__protein3_rbs	8.666666666666666	0.0	0.0
41	__ribosome	28.0	0.0	0.0
41	__rnase_site_ext	12.333333333333336	0.0	0.0
41	p0	1.0	0.0	0.0
41	p1	1.0	0.0	0.0
41	protein1	144.33333333333334	10.666666666666666	1.7415823333333336
41	protein2	145.0	11.0	2.6060606666666666
41	protein3	111.33333333333331	10.666666666666666	2.2777776666666667
41	r0	10.0	0.0	0.0
41	r2	10.666666666666666	0.0	0.0
41	rnapol	0.6666666666666666	0.0	0.0
42	__protein1_rbs	6.666666666666668	0.0	0.0
42	__protein2_rbs	6.666666666666668	0.0	0.0
42	__protein3_rbs	8.666666666666666	0.0	0.0
42	__ribosome	27.0	0.0	0.0
42	__rnase_site_ext	12.666666666666664	0.0	0.0
42	p0	1.0	0.0	0.0
42	p1	0.6666666666666666	0.0	0.0
42	protein1	149.0	10.666666666666666	1.8510103333333328
42	protein2	150.0	11.333333333333336	2.699495
42	protein3	118.0	10.666666666666666	2.094444333333333
42	r0	8.333333333333334	0.0	0.0
42	r2	11.0	0.0	0.0
42	rnapol	0.0	0.0	0.0
43	__protein1_rbs	9.0	0.0	0.0
43	__protein2_rbs	8.666666666666666	0.0	0.0
43	__protein3_rbs	9.0	0.0	0.0
43	__ribosome	30.66666666666667	0.0	0.0
43	__rnase_site_ext	12.666666666666664	0.0	0.0
43	p0	1.0	0.0	0.0
43	p1	0.6666666666666666	0.0	0.0
43	protein1	154.33333333333334	11.0	1.5931106666666668
43	protein2	158.0	12.666666666666664	2.348290333333333
43	protein3	123.0	11.0	1.989899
43	r0	10.0	0.0	0.0
43	r2	10.666666666666666	0.0	0.0
43	rnapol	0.3333333333333333	0.0	0.0
44	__protein1_rbs	7.0	0.0	0.0
44	__protein2_rbs	11.333333333333336	0.0	0.0
44	__protein3_rbs	7.333333333333332	0.0	0.0
44	__ribosome	31.0	0.0	0.0
44	__rnase_site_ext	13.0	0.0	0.0
44	p0	1.0	0.0	0.0
44	p1	0.6666666666666666	0.0	0.0
44	protein1	160.66666666666666	10.666666666666666	1.6672496666666667
44	protein2	166.0	13.0	2.128205
44	protein3	128.0	11.0	2.130808
44	r0	9.666666666666666	0.0	0.0
44	r2	10.666666666666666	0.0	0.0
44	rnapol	0.0	0.0	0.0
45	__protein1_rbs	8.666666666666666	0.0	0.0
45	__protein2_rbs	9.666666666666666	0.0	0.0
45	__protein3_rbs	9.0	0.0	0.0
45	__ribosome	34.666666666666664	0.0	0.0
45	__rnase_site_ext	13.0	0.0	0.0
45	p0	0.6666666666666666	0.0	0.0
45	p1	0.6666666666666666	0.0	0.0
45	protein1	166.0	10.666666666666666	1.4991583333333331
45	protein2	173.0	13.0	2.032051333333333
45	protein3	133.33333333333334	10.666666666666666	2.121212
45	r0	10.0	0.0	0.0
45	r2	11.333333333333336	0.0	0.0
45	rnapol	0.0	0.0	0.0
46	__protein1_rbs	7.0	0.0	0.0
46	__protein2_rbs	10.666666666666666	0.0	0.0
46	__protein3_rbs	9.333333333333334	0.0	0.0
46	__ribosome	33.333333333333336	0.0	0.0
46	__rnase_site_ext	12.666666666666664	0.0	0.0
46	p0	1.0	0.0	0.0
46	p1	1.0	0.0	0.0
46	protein1	170.66666666666666	11.0	1.5073813333333332
46	protein2	178.0	13.666666666666664	2.0805860000000003
46	protein3	139.33333333333334	11.333333333333336	1.9015153333333328
46	r0	9.666666666666666	0.0	0.0
46	r2	12.333333333333336	0.0	0.0
46	rnapol	0.0	0.0	0.0
47	__protein1_rbs	9.333333333333334	0.0	0.0
47	__protein2_rbs	10.333333333333334	0.0	0.0
47	__protein3_rbs	10.333333333333334	0.0	0.0
47	__ribosome	33.333333333333336	0.0	0.0
47	__rnase_site_ext	13.333333333333336	0.0	0.0
47	p0	1.0	0.0	0.0
47	p1	1.0	0.0	0.0
47	protein1	176.0	11.0	1.402227
47	protein2	185.66666666666663	13.666666666666664	2.0
47	protein3	142.66666666666666	12.333333333333336	1.9423076666666663
47	r0	10.666666666666666	0.0	0.0
47	r2	12.666666666666664	0.0	0.0
47	rnapol	0.0	0.0	0.0
48	__protein1_rbs	7.333333333333332	0.0	0.0
48	__protein2_rbs	10.333333333333334	0.0	0.0
48	__protein3_rbs	11.0	0.0	0.0
48	__ribosome	33.333333333333336	0.0	0.0
48	__rnase_site_ext	12.333333333333336	0.0	0.0
48	p0	1.0	0.0	0.0
48	p1	1.0	0.0	0.0
48	protein1	180.0	10.333333333333334	1.620370333333333
48	protein2	193.0	13.333333333333336	1.9212456666666669
48	protein3	148.66666666666666	13.0	1.871795
48	r0	9.0	0.0	0.0
48	r2	13.0	0.0	0.0
48	rnapol	0.0	0.0	0.0
49	__protein1_rbs	8.0	0.0	0.0
49	__protein2_rbs	11.0	0.0	0.0
49	__protein3_rbs	9.666666666666666	0.0	0.0
49	__ribosome	30.66666666666667	0.0	0.0
49	__rnase_site_ext	12.666666666666664	0.0	0.0
49	p0	1.0	0.0	0.0
49	p1	1.0	0.0	0.0
49	protein1	185.33333333333331	10.333333333333334	1.7055556666666665
49	protein2	199.33333333333331	14.0	1.8108669999999998
49	protein3	153.66666666666666	13.0	2.025641
49	r0	9.666666666666666	0.0	0.0
49	r2	13.333333333333336	0.0	0.0
49	rnapol	0.3333333333333333	0.0	0.0
50	__protein1_rbs	8.666666666666666	0.0	0.0
50	__protein2_rbs	9.666666666666666	0.0	0.0
50	__protein3_rbs	11.666666666666664	0.0	0.0
50	__ribosome	30.33333333333333	0.0	0.0
50	__rnase_site_ext	13.0	0.0	0.0
50	p0	1.0	0.0	0.0
50	p1	1.0	0.0	0.0
50	protein1	191.0	10.666666666666666	1.5521886666666669
50	protein2	203.66666666666663	14.0	2.0002443333333333
50	protein3	158.66666666666666	13.666666666666664	1.855311333333333
50	r0	10.0	0.0	0.0
50	r2	14.0	0.0	0.0
50	rnapol	0.3333333333333333	0.0	0.0
51	__protein1_rbs	8.333333333333334	0.0	0.0
51	__protein2_rbs	10.666666666666666	0.0	0.0
51	__protein3_rbs	10.666666666666666	0.0	0.0
51	__ribosome	33.333333333333336	0.0	0.0
51	__rnase_site_ext	14.0	0.0	0.0
51	p0	1.0	0.0	0.0
51	p1	1.0	0.0	0.0
51	protein1	195.66666666666663	11.666666666666664	1.4312170000000002
51	protein2	212.0	13.666666666666664	1.9589743333333327
51	protein3	166.0	14.0	1.7142860000000002
51	r0	10.333333333333334	0.0	0.0
51	r2	14.0	0.0	0.0
51	rnapol	0.3333333333333333	0.0	0.0
52	__protein1_rbs	7.333333333333332	0.0	0.0
52	__protein2_rbs	10.333333333333334	0.0	0.0
52	__protein3_rbs	9.666666666666666	0.0	0.0
52	__ribosome	29.0	0.0	0.0
52	__rnase_site_ext	13.333333333333336	0.0	0.0
52	p0	1.0	0.0	0.0
52	p1	0.6666666666666666	0.0	0.0
52	protein1	201.66666666666663	11.666666666666664	1.3505293333333332
52	protein2	217.0	13.666666666666664	2.041025666666666
52	protein3	170.0	14.0	2.0
52	r0	9.333333333333334	0.0	0.0
52	r2	14.333333333333336	0.0	0.0
52	rnapol	0.3333333333333333	0.0	0.0
53	__protein1_rbs	8.666666666666666	0.0	0.0
53	__protein2_rbs	11.666666666666664	0.0	0.0
53	__protein3_rbs	11.333333333333336	0.0	0.0
53	__ribosome	30.0	0.0	0.0
53	__rnase_site_ext	14.333333333333336	0.0	0.0
53	p0	1.0	0.0	0.0
53	p1	0.6666666666666666	0.0	0.0
53	protein1	206.33333333333331	12.0	1.2642856666666666
53	protein2	223.33333333333331	13.666666666666664	2.07326
53	protein3	177.33333333333337	14.0	1.9047619999999998
53	r0	11.0	0.0	0.0
53	r2	14.333333333333336	0.0	0.0
53	rnapol	0.0	0.0	0.0
54	__protein1_rbs	8.0	0.0	0.0
54	__protein2_rbs	11.0	0.0	0.0
54	__protein3_rbs	10.0	0.0	0.0
54	__ribosome	26.33333333333333	0.0	0.0
54	__rnase_site_ext	14.0	0.0	0.0
54	p0	0.6666666666666666	0.0	0.0
54	p1	0.3333333333333333	0.0	0.0
54	protein1	208.66666666666663	12.0	1.6063489999999998
54	protein2	230.33333333333331	14.333333333333336	1.8
54	protein3	183.0	14.333333333333336	2.033333333333333
54	r0	9.666666666666666	0.0	0.0
54	r2	14.0	0.0	0.0
54	rnapol	0.0	0.0	0.0
55	__protein1_rbs	10.0	0.0	0.0
55	__protein2_rbs	11.0	0.0	0.0
55	__protein3_rbs	10.666666666666666	0.0	0.0
55	__ribosome	25.66666666666667	0.0	0.0
55	__rnase_site_ext	15.0	0.0	0.0
55	p0	1.0	0.0	0.0
55	p1	0.6666666666666666	0.0	0.0
55	protein1	214.66666666666663	12.666666666666664	1.4051283333333335
55	protein2	238.0	15.0	1.680754
55	protein3	187.0	14.0	2.277411333333333
55	r0	11.666666666666664	0.0	0.0
55	r2	13.666666666666664	0.0	0.0
55	rnapol	0.0	0.0	0.0
56	__protein1_rbs	10.0	0.0	0.0
56	__protein2_rbs	12.666666666666664	0.0	0.0
56	__protein3_rbs	8.333333333333334	0.0	0.0
56	__ribosome	27.0	0.0	0.0
56	__rnase_site_ext	14.333333333333336	0.0	0.0
56	p0	1.0	0.0	0.0
56	p1	1.0	0.0	0.0
56	protein1	218.66666666666663	12.333333333333336	1.5593406666666667
56	protein2	245.0	14.666666666666664	1.5269843333333333
56	protein3	193.66666666666663	14.0	2.2826619999999997
56	r0	11.333333333333336	0.0	0.0
56	r2	14.0	0.0	0.0
56	rnapol	0.0	0.0	0.0
57	__protein1_rbs	8.666666666666666	0.0	0.0
57	__protein2_rbs	11.333333333333336	0.0	0.0
57	__protein3_rbs	10.333333333333334	0.0	0.0
57	__ribosome	26.33333333333333	0.0	0.0
57	__rnase_site_ext	13.666666666666664	0.0	0.0
57	p0	1.0	0.0	0.0
57	p1	1.0	0.0	0.0
57	protein1	224.66666666666663	12.666666666666664	1.5609393333333337
57	protein2	251.33333333333331	15.0	1.422222
57	protein3	200.0	14.0	2.3456653333333333
57	r0	10.666666666666666	0.0	0.0
57	r2	14.0	0.0	0.0
57	rnapol	0.0	0.0	0.0
58	__protein1_rbs	10.0	0.0	0.0
58	__protein2_rbs	12.666666666666664	0.0	0.0
58	__protein3_rbs	10.333333333333334	0.0	0.0
58	__ribosome	29.33333333333333	0.0	0.0
58	__rnase_site_ext	14.666666666666664	0.0	0.0
58	p0	1.0	0.0	0.0
58	p1	0.6666666666666666	0.0	0.0
58	protein1	229.66666666666663	12.333333333333336	1.4592073333333335
58	protein2	255.0	15.0	1.5228176666666666
58	protein3	208.33333333333331	14.333333333333336	2.108516333333333
58	r0	12.0	0.0	0.0
58	r2	15.0	0.0	0.0
58	rnapol	0.0	0.0	0.0
59	__protein1_rbs	9.666666666666666	0.0	0.0
59	__protein2_rbs	11.333333333333336	0.0	0.0
59	__protein3_rbs	11.333333333333336	0.0	0.0
59	__ribosome	27.66666666666667	0.0	0.0
59	__rnase_site_ext	14.666666666666664	0.0	0.0
59	p0	1.0	0.0	0.0
59	p1	0.6666666666666666	0.0	0.0
59	protein1	236.33333333333331	12.666666666666664	1.4915083333333332
59	protein2	261.3333333333333	15.0	1.5689103333333334
59	protein3	215.0	15.333333333333336	1.9887953333333328
59	r0	12.666666666666664	0.0	0.0
59	r2	15.0	0.0	0.0
59	rnapol	0.0	0.0	0.0
60	__protein1_rbs	10.333333333333334	0.0	0.0
60	__protein2_rbs	11.666666666666664	0.0	0.0
60	__protein3_rbs	12.0	0.0	0.0
60	__ribosome	28.33333333333333	0.0	0.0
60	__rnase_site_ext	14.666666666666664	0.0	0.0
60	p0	1.0	0.0	0.0
60	p1	0.6666666666666666	0.0	0.0
60	protein1	241.0	12.666666666666664	1.5073260000000002
60	protein2	266.6666666666667	15.333333333333336	1.5595236666666663
60	protein3	222.0	15.0	1.9472096666666667
60	r0	12.0	0.0	0.0
60	r2	15.0	0.0	0.0
60	rnapol	0.3333333333333333	0.0	0.0
61	__protein1_rbs	12.0	0.0	0.0
61	__protein2_rbs	10.666666666666666	0.0	0.0
61	__protein3_rbs	11.333333333333336	0.0	0.0
61	__ribosome	28.66666666666667	0.0	0.0
61	__rnase_site_ext	15.0	0.0	0.0
61	p0	0.3333333333333333	0.0	0.0
61	p1	1.0	0.0	0.0
61	protein1	247.33333333333331	12.666666666666664	1.3193473333333332
61	protein2	271.3333333333333	15.333333333333336	1.6458333333333333
61	protein3	229.0	15.0	1.9791666666666667
61	r0	12.333333333333336	0.0	0.0
61	r2	15.0	0.0	0.0
61	rnapol	0.0	0.0	0.0
62	__protein1_rbs	9.666666666666666	0.0	0.0
62	__protein2_rbs	12.666666666666664	0.0	0.0
62	__protein3_rbs	12.333333333333336	0.0	0.0
62	__ribosome	25.66666666666667	0.0	0.0
62	__rnase_site_ext	15.333333333333336	0.0	0.0
62	p0	0.6666666666666666	0.0	0.0
62	p1	1.0	0.0	0.0
62	protein1	253.66666666666663	13.0	1.3075370000000002
62	protein2	275.3333333333333	15.666666666666664	1.860294
62	protein3	235.66666666666663	15.333333333333336	1.8577033333333333
62	r0	11.666666666666664	0.0	0.0
62	r2	15.333333333333336	0.0	0.0
62	rnapol	0.3333333333333333	0.0	0.0
63	__protein1_rbs	11.0	0.0	0.0
63	__protein2_rbs	12.333333333333336	0.0	0.0
63	__protein3_rbs	11.333333333333336	0.0	0.0
63	__ribosome	28.66666666666667	0.0	0.0
63	__rnase_site_ext	15.666666666666664	0.0	0.0
63	p0	0.6666666666666666	0.0	0.0
63	p1	1.0	0.0	0.0
63	protein1	258.0	13.333333333333336	1.3214283333333332
63	protein2	282.6666666666667	15.333333333333336	1.7351189999999999
63	protein3	243.0	15.333333333333336	1.7767856666666668
63	r0	13.333333333333336	0.0	0.0
63	r2	15.333333333333336	0.0	0.0
63	rnapol	0.0	0.0	0.0
64	__protein1_rbs	10.0	0.0	0.0
64	__protein2_rbs	13.333333333333336	0.0	0.0
64	__protein3_rbs	12.0	0.0	0.0
64	__ribosome	27.66666666666667	0.0	0.0
64	__rnase_site_ext	16.0	0.0	0.0
64	p0	1.0	0.0	0.0
64	p1	1.0	0.0	0.0
64	protein1	262.6666666666667	13.666666666666664	1.438889
64	protein2	289.3333333333333	15.333333333333336	1.6190476666666669
64	protein3	248.66666666666663	15.333333333333336	1.8363096666666667
64	r0	13.333333333333336	0.0	0.0
64	r2	15.333333333333336	0.0	0.0
64	rnapol	0.3333333333333333	0.0	0.0
65	__protein1_rbs	9.0	0.0	0.0
65	__protein2_rbs	11.666666666666664	0.0	0.0
65	__protein3_rbs	14.333333333333336	0.0	0.0
65	__ribosome	26.66666666666667	0.0	0.0
65	__rnase_site_ext	15.666666666666664	0.0	0.0
65	p0	1.0	0.0	0.0
65	p1	1.0	0.0	0.0
65	protein1	267.6666666666667	13.333333333333336	1.723809666666667
65	protein2	295.0	15.0	1.7045633333333334
65	protein3	255.33333333333331	15.666666666666664	1.626144
65	r0	11.0	0.0	0.0
65	r2	15.666666666666664	0.0	0.0
65	rnapol	1.0	0.0	0.0
66	__protein1_rbs	8.333333333333334	0.0	0.0
66	__protein2_rbs	11.0	0.0	0.0
66	__protein3_rbs	11.333333333333336	0.0	0.0
66	__ribosome	24.0	0.0	0.0
66	__rnase_site_ext	15.0	0.0	0.0
66	p0	1.0	0.0	0.0
66	p1	0.6666666666666666	0.0	0.0
66	protein1	273.6666666666667	13.333333333333336	1.7189033333333334
66	protein2	303.3333333333333	16.0	1.6580883333333334
66	protein3	262.6666666666667	16.0	1.6786763333333334
66	r0	10.666666666666666	0.0	0.0
66	r2	15.333333333333336	0.0	0.0
66	rnapol	1.0	0.0	0.0
67	__protein1_rbs	10.666666666666666	0.0	0.0
67	__protein2_rbs	13.666666666666664	0.0	0.0
67	__protein3_rbs	12.666666666666664	0.0	0.0
67	__ribosome	23.33333333333333	0.0	0.0
67	__rnase_site_ext	16.0	0.0	0.0
67	p0	1.0	0.0	0.0
67	p1	1.0	0.0	0.0
67	protein1	280.6666666666667	13.0	1.5454546666666669
67	protein2	307.6666666666667	16.333333333333332	1.6960783333333334
67	protein3	266.3333333333333	15.333333333333336	1.8970586666666664
67	r0	13.0	0.0	0.0
67	r2	15.333333333333336	0.0	0.0
67	rnapol	0.0	0.0	0.0
68	__protein1_rbs	10.666666666666666	0.0	0.0
68	__protein2_rbs	12.666666666666664	0.0	0.0
68	__protein3_rbs	13.666666666666664	0.0	0.0
68	__ribosome	24.0	0.0	0.0
68	__rnase_site_ext	16.0	0.0	0.0
68	p0	1.0	0.0	0.0
68	p1	1.0	0.0	0.0
68	protein1	287.3333333333333	13.666666666666664	1.4190476666666667
68	protein2	312.6666666666667	16.666666666666668	1.7855393333333334
68	protein3	273.3333333333333	15.333333333333336	1.7624433333333334
68	r0	13.0	0.0	0.0
68	r2	15.0	0.0	0.0
68	rnapol	0.3333333333333333	0.0	0.0
69	__protein1_rbs	10.666666666666666	0.0	0.0
69	__protein2_rbs	11.666666666666664	0.0	0.0
69	__protein3_rbs	12.333333333333336	0.0	0.0
69	__ribosome	24.66666666666667	0.0	0.0
69	__rnase_site_ext	16.333333333333332	0.0	0.0
69	p0	1.0	0.0	0.0
69	p1	1.0	0.0	0.0
69	protein1	294.0	14.0	1.3720236666666663
69	protein2	319.6666666666667	16.333333333333332	1.797794
69	protein3	279.6666666666667	15.0	1.8028846666666667
69	r0	13.333333333333336	0.0	0.0
69	r2	15.333333333333336	0.0	0.0
69	rnapol	0.3333333333333333	0.0	0.0
70	__protein1_rbs	10.333333333333334	0.0	0.0
70	__protein2_rbs	14.0	0.0	0.0
70	__protein3_rbs	13.0	0.0	0.0
70	__ribosome	27.0	0.0	0.0
70	__rnase_site_ext	16.0	0.0	0.0
70	p0	0.6666666666666666	0.0	0.0
70	p1	0.6666666666666666	0.0	0.0
70	protein1	300.6666666666667	13.666666666666664	1.332539666666667
70	protein2	327.3333333333333	16.333333333333332	1.6842590000000002
70	protein3	286.6666666666667	15.666666666666664	1.762605
70	r0	13.0	0.0	0.0
70	r2	16.0	0.0	0.0
70	rnapol	0.0	0.0	0.0
71	__protein1_rbs	9.666666666666666	0.0	0.0
71	__protein2_rbs	12.333333333333336	0.0	0.0
71	__protein3_rbs	13.333333333333336	0.0	0.0
71	__ribosome	25.33333333333333	0.0	0.0
71	__rnase_site_ext	16.333333333333332	0.0	0.0
71	p0	1.0	0.0	0.0
71	p1	1.0	0.0	0.0
71	protein1	305.3333333333333	14.0	1.4222223333333333
71	protein2	334.0	16.666666666666668	1.7030500000000002
71	protein3	293.6666666666667	16.333333333333332	1.6209146666666667
71	r0	12.333333333333336	0.0	0.0
71	r2	16.333333333333332	0.0	0.0
71	rnapol	0.0	0.0	0.0
72	__protein1_rbs	10.666666666666666	0.0	0.0
72	__protein2_rbs	12.666666666666664	0.0	0.0
72	__protein3_rbs	15.0	0.0	0.0
72	__ribosome	26.33333333333333	0.0	0.0
72	__rnase_site_ext	16.0	0.0	0.0
72	p0	1.0	0.0	0.0
72	p1	0.6666666666666666	0.0	0.0
72	protein1	312.0	14.0	1.338889
72	protein2	342.0	17.333333333333332	1.6366096666666667
72	protein3	299.3333333333333	16.333333333333332	1.637908333333333
72	r0	12.333333333333336	0.0	0.0
72	r2	16.0	0.0	0.0
72	rnapol	0.0	0.0	0.0
73	__protein1_rbs	11.0	0.0	0.0
73	__protein2_rbs	14.333333333333336	0.0	0.0
73	__protein3_rbs	15.0	0.0	0.0
73	__ribosome	23.66666666666667	0.0	0.0
73	__rnase_site_ext	15.666666666666664	0.0	0.0
73	p0	1.0	0.0	0.0
73	p1	0.3333333333333333	0.0	0.0
73	protein1	316.3333333333333	14.0	1.4777776666666664
73	protein2	347.33333333333326	17.0	1.726389
73	protein3	304.6666666666667	16.666666666666668	1.599782
73	r0	12.666666666666664	0.0	0.0
73	r2	16.333333333333332	0.0	0.0
73	rnapol	0.3333333333333333	0.0	0.0
74	__protein1_rbs	9.666666666666666	0.0	0.0
74	__protein2_rbs	13.666666666666664	0.0	0.0
74	__protein3_rbs	14.0	0.0	0.0
74	__ribosome	24.0	0.0	0.0
74	__rnase_site_ext	16.333333333333332	0.0	0.0
74	p0	0.6666666666666666	0.0	0.0
74	p1	1.0	0.0	0.0
74	protein1	322.6666666666667	14.333333333333336	1.4958333333333331
74	protein2	353.33333333333326	17.333333333333332	1.6291666666666669
74	protein3	310.3333333333333	16.333333333333332	1.6296296666666663
74	r0	13.0	0.0	0.0
74	r2	16.333333333333332	0.0	0.0
74	rnapol	0.0	0.0	0.0
75	__protein1_rbs	11.666666666666664	0.0	0.0
75	__protein2_rbs	12.666666666666664	0.0	0.0
75	__protein3_rbs	12.666666666666664	0.0	0.0
75	__ribosome	23.33333333333333	0.0	0.0
75	__rnase_site_ext	16.666666666666668	0.0	0.0
75	p0	0.6666666666666666	0.0	0.0
75	p1	1.0	0.0	0.0
75	protein1	328.6666666666667	14.666666666666664	1.405128333333333
75	protein2	359.66666666666674	17.0	1.7741226666666667
75	protein3	318.6666666666667	17.0	1.540695
75	r0	13.666666666666664	0.0	0.0
75	r2	17.333333333333332	0.0	0.0
75	rnapol	0.3333333333333333	0.0	0.0
76	__protein1_rbs	11.0	0.0	0.0
76	__protein2_rbs	12.333333333333336	0.0	0.0
76	__protein3_rbs	13.666666666666664	0.0	0.0
76	__ribosome	25.66666666666667	0.0	0.0
76	__rnase_site_ext	16.666666666666668	0.0	0.0
76	p0	1.0	0.0	0.0
76	p1	1.0	0.0	0.0
76	protein1	335.3333333333333	14.666666666666664	1.384127
76	protein2	369.66666666666674	17.0	1.6831139999999998
76	protein3	325.6666666666667	17.333333333333332	1.4683953333333333
76	r0	13.333333333333336	0.0	0.0
76	r2	16.666666666666668	0.0	0.0
76	rnapol	0.3333333333333333	0.0	0.0
77	__protein1_rbs	12.333333333333336	0.0	0.0
77	__protein2_rbs	12.666666666666664	0.0	0.0
77	__protein3_rbs	14.666666666666664	0.0	0.0
77	__ribosome	24.33333333333333	0.0	0.0
77	__rnase_site_ext	17.0	0.0	0.0
77	p0	1.0	0.0	0.0
77	p1	1.0	0.0	0.0
77	protein1	342.3333333333333	15.0	1.3093253333333337
77	protein2	376.0	16.666666666666668	1.7569443333333332
77	protein3	329.6666666666667	16.333333333333332	1.6421053333333333
77	r0	14.333333333333336	0.0	0.0
77	r2	16.666666666666668	0.0	0.0
77	rnapol	0.3333333333333333	0.0	0.0
78	__protein1_rbs	12.0	0.0	0.0
78	__protein2_rbs	15.0	0.0	0.0
78	__protein3_rbs	13.333333333333336	0.0	0.0
78	__ribosome	24.33333333333333	0.0	0.0
78	__rnase_site_ext	18.0	0.0	0.0
78	p0	1.0	0.0	0.0
78	p1	1.0	0.0	0.0
78	protein1	347.66666666666674	15.333333333333336	1.3663863333333337
78	protein2	380.66666666666674	16.666666666666668	1.671272
78	protein3	336.0	16.666666666666668	1.6388886666666669
78	r0	14.666666666666664	0.0	0.0
78	r2	17.333333333333332	0.0	0.0
78	rnapol	0.3333333333333333	0.0	0.0
79	__protein1_rbs	12.666666666666664	0.0	0.0
79	__protein2_rbs	13.333333333333336	0.0	0.0
79	__protein3_rbs	13.0	0.0	0.0
79	__ribosome	25.33333333333333	0.0	0.0
79	__rnase_site_ext	18.666666666666668	0.0	0.0
79	p0	1.0	0.0	0.0
79	p1	1.0	0.0	0.0
79	protein1	353.33333333333326	16.0	1.3173203333333334
79	protein2	390.0	17.0	1.4660086666666663
79	protein3	341.6666666666667	17.333333333333332	1.7
79	r0	15.0	0.0	0.0
79	r2	17.333333333333332	0.0	0.0
79	rnapol	0.0	0.0	0.0
80	__protein1_rbs	13.666666666666664	0.0	0.0
80	__protein2_rbs	13.333333333333336	0.0	0.0
80	__protein3_rbs	12.666666666666664	0.0	0.0
80	__ribosome	24.66666666666667	0.0	0.0
80	__rnase_site_ext	18.0	0.0	0.0
80	p0	1.0	0.0	0.0
80	p1	0.6666666666666666	0.0	0.0
80	protein1	360.0	16.333333333333332	1.3310183333333334
80	protein2	396.0	17.333333333333332	1.3442336666666663
80	protein3	347.33333333333326	17.0	1.8152776666666668
80	r0	14.666666666666664	0.0	0.0
80	r2	17.0	0.0	0.0
80	rnapol	0.0	0.0	0.0
81	__protein1_rbs	11.333333333333336	0.0	0.0
81	__protein2_rbs	13.333333333333336	0.0	0.0
81	__protein3_rbs	13.666666666666664	0.0	0.0
81	__ribosome	24.33333333333333	0.0	0.0
81	__rnase_site_ext	17.666666666666668	0.0	0.0
81	p0	1.0	0.0	0.0
81	p1	1.0	0.0	0.0
81	protein1	366.33333333333326	16.333333333333332	1.4690319999999997
81	protein2	403.0	17.666666666666668	1.266691
81	protein3	355.0	16.666666666666668	1.802381
81	r0	14.0	0.0	0.0
81	r2	16.666666666666668	0.0	0.0
81	rnapol	0.0	0.0	0.0
82	__protein1_rbs	12.333333333333336	0.0	0.0
82	__protein2_rbs	13.333333333333336	0.0	0.0
82	__protein3_rbs	15.333333333333336	0.0	0.0
82	__ribosome	23.66666666666667	0.0	0.0
82	__rnase_site_ext	17.666666666666668	0.0	0.0
82	p0	1.0	0.0	0.0
82	p1	0.6666666666666666	0.0	0.0
82	protein1	373.66666666666674	16.0	1.429233
82	protein2	408.33333333333326	18.0	1.372685333333333
82	protein3	360.0	17.0	1.7192459999999998
82	r0	15.0	0.0	0.0
82	r2	17.0	0.0	0.0
82	rnapol	0.3333333333333333	0.0	0.0
83	__protein1_rbs	12.0	0.0	0.0
83	__protein2_rbs	15.333333333333336	0.0	0.0
83	__protein3_rbs	14.333333333333336	0.0	0.0
83	__ribosome	22.66666666666667	0.0	0.0
83	__rnase_site_ext	18.33333333333333	0.0	0.0
83	p0	1.0	0.0	0.0
83	p1	1.0	0.0	0.0
83	protein1	379.0	16.0	1.4285713333333334
83	protein2	412.66666666666674	18.666666666666668	1.4275026666666666
83	protein3	367.33333333333326	17.0	1.6380953333333337
83	r0	14.666666666666664	0.0	0.0
83	r2	17.333333333333332	0.0	0.0
83	rnapol	0.0	0.0	0.0
84	__protein1_rbs	12.0	0.0	0.0
84	__protein2_rbs	15.333333333333336	0.0	0.0
84	__protein3_rbs	15.666666666666664	0.0	0.0
84	__ribosome	24.0	0.0	0.0
84	__rnase_site_ext	17.333333333333332	0.0	0.0
84	p0	1.0	0.0	0.0
84	p1	1.0	0.0	0.0
84	protein1	386.66666666666674	16.0	1.461069333333333
84	protein2	418.0	18.666666666666668	1.4930856666666668
84	protein3	375.0	17.666666666666668	1.411111
84	r0	14.333333333333336	0.0	0.0
84	r2	17.666666666666668	0.0	0.0
84	rnapol	0.0	0.0	0.0
85	__protein1_rbs	9.666666666666666	0.0	0.0
85	__protein2_rbs	16.666666666666668	0.0	0.0
85	__protein3_rbs	14.666666666666664	0.0	0.0
85	__ribosome	23.66666666666667	0.0	0.0
85	__rnase_site_ext	17.0	0.0	0.0
85	p0	1.0	0.0	0.0
85	p1	1.0	0.0	0.0
85	protein1	394.33333333333326	15.333333333333336	1.6133603333333333
85	protein2	424.0	19.0	1.3916653333333333
85	protein3	381.66666666666674	17.666666666666668	1.4685186666666663
85	r0	13.0	0.0	0.0
85	r2	17.333333333333332	0.0	0.0
85	rnapol	0.0	0.0	0.0
86	__protein1_rbs	12.0	0.0	0.0
86	__protein2_rbs	14.0	0.0	0.0
86	__protein3_rbs	13.666666666666664	0.0	0.0
86	__ribosome	24.0	0.0	0.0
86	__rnase_site_ext	17.666666666666668	0.0	0.0
86	p0	0.6666666666666666	0.0	0.0
86	p1	1.0	0.0	0.0
86	protein1	400.0	15.333333333333336	1.5495469999999998
86	protein2	432.0	18.666666666666668	1.3589783333333336
86	protein3	386.66666666666674	17.666666666666668	1.5531863333333331
86	r0	13.666666666666664	0.0	0.0
86	r2	18.33333333333333	0.0	0.0
86	rnapol	0.0	0.0	0.0
87	__protein1_rbs	12.0	0.0	0.0
87	__protein2_rbs	14.666666666666664	0.0	0.0
87	__protein3_rbs	14.666666666666664	0.0	0.0
87	__ribosome	21.0	0.0	0.0
87	__rnase_site_ext	17.333333333333332	0.0	0.0
87	p0	1.0	0.0	0.0
87	p1	1.0	0.0	0.0
87	protein1	407.33333333333326	15.666666666666664	1.461153
87	protein2	438.0	19.33333333333333	1.387037
87	protein3	392.33333333333326	18.666666666666668	1.5669156666666666
87	r0	13.666666666666664	0.0	0.0
87	r2	18.666666666666668	0.0	0.0
87	rnapol	0.3333333333333333	0.0	0.0
88	__protein1_rbs	12.333333333333336	0.0	0.0
88	__protein2_rbs	14.333333333333336	0.0	0.0
88	__protein3_rbs	15.333333333333336	0.0	0.0
88	__ribosome	20.666666666666668	0.0	0.0
88	__rnase_site_ext	17.333333333333332	0.0	0.0
88	p0	1.0	0.0	0.0
88	p1	1.0	0.0	0.0
88	protein1	415.0	15.0	1.3477816666666664
88	protein2	443.66666666666674	19.33333333333333	1.4703703333333331
88	protein3	398.0	18.666666666666668	1.6469033333333336
88	r0	14.0	0.0	0.0
88	r2	19.0	0.0	0.0
88	rnapol	0.0	0.0	0.0
89	__protein1_rbs	11.333333333333336	0.0	0.0
89	__protein2_rbs	13.666666666666664	0.0	0.0
89	__protein3_rbs	15.666666666666664	0.0	0.0
89	__ribosome	21.0	0.0	0.0
89	__rnase_site_ext	18.0	0.0	0.0
89	p0	1.0	0.0	0.0
89	p1	1.0	0.0	0.0
89	protein1	422.33333333333326	15.666666666666664	1.2305763333333333
89	protein2	449.66666666666674	19.0	1.5815520000000003
89	protein3	404.66666666666674	19.0	1.5972466666666667
89	r0	13.666666666666664	0.0	0.0
89	r2	18.33333333333333	0.0	0.0
89	rnapol	0.3333333333333333	0.0	0.0
90	__protein1_rbs	13.666666666666664	0.0	0.0
90	__protein2_rbs	15.0	0.0	0.0
90	__protein3_rbs	15.0	0.0	0.0
90	__ribosome	19.666666666666668	0.0	0.0
90	__rnase_site_ext	17.333333333333332	0.0	0.0
90	p0	1.0	0.0	0.0
90	p1	1.0	0.0	0.0
90	protein1	428.0	15.333333333333336	1.1420860000000002
90	protein2	454.66666666666674	18.666666666666668	1.8019003333333332
90	protein3	411.0	18.33333333333333	1.6563956666666666
90	r0	14.666666666666664	0.0	0.0
90	r2	19.0	0.0	0.0
90	rnapol	0.6666666666666666	0.0	0.0
91	__protein1_rbs	11.666666666666664	0.0	0.0
91	__protein2_rbs	15.666666666666664	0.0	0.0
91	__protein3_rbs	16.333333333333332	0.0	0.0
91	__ribosome	22.0	0.0	0.0
91	__rnase_site_ext	18.0	0.0	0.0
91	p0	1.0	0.0	0.0
91	p1	1.0	0.0	0.0
91	protein1	433.66666666666674	16.333333333333332	1.1777776666666666
91	protein2	463.66666666666674	18.666666666666668	1.6624356666666664
91	protein3	419.33333333333326	19.0	1.4682536666666668
91	r0	15.333333333333336	0.0	0.0
91	r2	18.666666666666668	0.0	0.0
91	rnapol	0.0	0.0	0.0
92	__protein1_rbs	13.666666666666664	0.0	0.0
92	__protein2_rbs	15.0	0.0	0.0
92	__protein3_rbs	14.333333333333336	0.0	0.0
92	__ribosome	18.0	0.0	0.0
92	__rnase_site_ext	17.666666666666668	0.0	0.0
92	p0	1.0	0.0	0.0
92	p1	1.0	0.0	0.0
92	protein1	439.0	16.0	1.198997333333333
92	protein2	468.66666666666674	19.0	1.704581
92	protein3	425.33333333333326	18.666666666666668	1.628385
92	r0	15.333333333333336	0.0	0.0
92	r2	18.666666666666668	0.0	0.0
92	rnapol	0.3333333333333333	0.0	0.0
93	__protein1_rbs	13.333333333333336	0.0	0.0
93	__protein2_rbs	14.333333333333336	0.0	0.0
93	__protein3_rbs	16.333333333333332	0.0	0.0
93	__ribosome	20.33333333333333	0.0	0.0
93	__rnase_site_ext	18.33333333333333	0.0	0.0
93	p0	1.0	0.0	0.0
93	p1	0.3333333333333333	0.0	0.0
93	protein1	444.33333333333326	16.0	1.1893066666666667
93	protein2	478.0	18.666666666666668	1.6680673333333331
93	protein3	431.66666666666674	18.666666666666668	1.5837976666666669
93	r0	15.666666666666664	0.0	0.0
93	r2	19.0	0.0	0.0
93	rnapol	0.0	0.0	0.0
94	__protein1_rbs	15.0	0.0	0.0
94	__protein2_rbs	15.666666666666664	0.0	0.0
94	__protein3_rbs	15.0	0.0	0.0
94	__ribosome	24.33333333333333	0.0	0.0
94	__rnase_site_ext	18.33333333333333	0.0	0.0
94	p0	1.0	0.0	0.0
94	p1	1.0	0.0	0.0
94	protein1	450.33333333333326	16.0	1.0730996666666666
94	protein2	486.0	19.0	1.460956
94	protein3	437.0	19.0	1.635412
94	r0	15.333333333333336	0.0	0.0
94	r2	19.0	0.0	0.0
94	rnapol	0.3333333333333333	0.0	0.0
95	__protein1_rbs	13.666666666666664	0.0	0.0
95	__protein2_rbs	15.333333333333336	0.0	0.0
95	__protein3_rbs	14.666666666666664	0.0	0.0
95	__ribosome	23.66666666666667	0.0	0.0
95	__rnase_site_ext	19.0	0.0	0.0
95	p0	1.0	0.0	0.0
95	p1	1.0	0.0	0.0
95	protein1	457.66666666666674	16.666666666666668	1.0555556666666666
95	protein2	493.66666666666674	19.666666666666668	1.3858286666666668
95	protein3	445.0	19.33333333333333	1.6145923333333332
95	r0	15.666666666666664	0.0	0.0
95	r2	19.666666666666668	0.0	0.0
95	rnapol	0.0	0.0	0.0
96	__protein1_rbs	13.666666666666664	0.0	0.0
96	__protein2_rbs	15.333333333333336	0.0	0.0
96	__protein3_rbs	16.333333333333332	0.0	0.0
96	__ribosome	21.0	0.0	0.0
96	__rnase_site_ext	18.666666666666668	0.0	0.0
96	p0	1.0	0.0	0.0
96	p1	1.0	0.0	0.0
96	protein1	462.0	16.0	1.0889726666666666
96	protein2	499.33333333333326	19.0	1.5297619999999998
96	protein3	451.33333333333326	19.666666666666668	1.6608189999999998
96	r0	15.333333333333336	0.0	0.0
96	r2	19.33333333333333	0.0	0.0
96	rnapol	0.0	0.0	0.0
97	__protein1_rbs	14.333333333333336	0.0	0.0
97	__protein2_rbs	16.333333333333332	0.0	0.0
97	__protein3_rbs	13.666666666666664	0.0	0.0
97	__ribosome	22.66666666666667	0.0	0.0
97	__rnase_site_ext	18.33333333333333	0.0	0.0
97	p0	1.0	0.0	0.0
97	p1	0.3333333333333333	0.0	0.0
97	protein1	466.66666666666674	16.333333333333332	1.0230156666666663
97	protein2	506.0	18.666666666666668	1.4991123333333334
97	protein3	460.0	19.33333333333333	1.7061403333333331
97	r0	15.333333333333336	0.0	0.0
97	r2	19.0	0.0	0.0
97	rnapol	0.0	0.0	0.0
98	__protein1_rbs	13.0	0.0	0.0
98	__protein2_rbs	14.666666666666664	0.0	0.0
98	__protein3_rbs	15.666666666666664	0.0	0.0
98	__ribosome	19.33333333333333	0.0	0.0
98	__rnase_site_ext	18.666666666666668	0.0	0.0
98	p0	1.0	0.0	0.0
98	p1	0.6666666666666666	0.0	0.0
98	protein1	472.33333333333326	16.0	1.1014203333333334
98	protein2	511.33333333333326	19.33333333333333	1.519888
98	protein3	465.0	19.0	1.8117646666666667
98	r0	14.333333333333336	0.0	0.0
98	r2	19.666666666666668	0.0	0.0
98	rnapol	0.0	0.0	0.0
99	__protein1_rbs	12.333333333333336	0.0	0.0
99	__protein2_rbs	14.333333333333336	0.0	0.0
99	__protein3_rbs	17.333333333333332	0.0	0.0
99	__ribosome	20.666666666666668	0.0	0.0
99	__rnase_site_ext	19.0	0.0	0.0
99	p0	1.0	0.0	0.0
99	p1	1.0	0.0	0.0
99	protein1	478.66666666666674	16.0	1.1080203333333334
99	protein2	519.0	19.33333333333333	1.5469653333333333
99	protein3	473.66666666666674	20.33333333333333	1.5925923333333334
99	r0	15.0	0.0	0.0
99	r2	20.33333333333333	0.0	0.0
99	rnapol	0.3333333333333333	0.0	0.0
100	__protein1_rbs	13.333333333333336	0.0	0.0
100	__protein2_rbs	17.333333333333332	0.0	0.0
100	__protein3_rbs	17.0	0.0	0.0
100	__ribosome	19.666666666666668	0.0	0.0
100	__rnase_site_ext	19.0	0.0	0.0
100	p0	1.0	0.0	0.0
100	p1	1.0	0.0	0.0
100	protein1	481.0	16.666666666666668	1.2529853333333332
100	protein2	526.3333333333334	19.666666666666668	1.4762030000000002
100	protein3	480.66666666666674	20.33333333333333	1.515151666666667
100	r0	15.666666666666664	0.0	0.0
100	r2	20.0	0.0	0.0
100	rnapol	0.0	0.0	0.0
101	__protein1_rbs	13.333333333333336	0.0	0.0
101	__protein2_rbs	16.0	0.0	0.0
101	__protein3_rbs	16.666666666666668	0.0	0.0
101	__ribosome	20.0	0.0	0.0
101	__rnase_site_ext	19.33333333333333	0.0	0.0
101	p0	1.0	0.0	0.0
101	p1	1.0	0.0	0.0
101	protein1	488.0	16.333333333333332	1.2122629999999999
101	protein2	533.0	19.666666666666668	1.597237
101	protein3	489.33333333333326	20.33333333333333	1.4194326666666666
101	r0	16.333333333333332	0.0	0.0
101	r2	19.666666666666668	0.0	0.0
101	rnapol	0.3333333333333333	0.0	0.0
102	__protein1_rbs	14.333333333333336	0.0	0.0
102	__protein2_rbs	15.666666666666664	0.0	0.0
102	__protein3_rbs	16.666666666666668	0.0	0.0
102	__ribosome	21.33333333333333	0.0	0.0
102	__rnase_site_ext	19.33333333333333	0.0	0.0
102	p0	1.0	0.0	0.0
102	p1	0.6666666666666666	0.0	0.0
102	protein1	494.0	17.0	1.1088406666666666
102	protein2	538.6666666666666	19.33333333333333	1.6158173333333332
102	protein3	496.66666666666674	20.33333333333333	1.4232803333333333
102	r0	15.333333333333336	0.0	0.0
102	r2	19.666666666666668	0.0	0.0
102	rnapol	0.0	0.0	0.0
103	__protein1_rbs	14.333333333333336	0.0	0.0
103	__protein2_rbs	15.333333333333336	0.0	0.0
103	__protein3_rbs	15.333333333333336	0.0	0.0
103	__ribosome	20.0	0.0	0.0
103	__rnase_site_ext	20.0	0.0	0.0
103	p0	1.0	0.0	0.0
103	p1	1.0	0.0	0.0
103	protein1	499.66666666666674	17.0	1.128132
103	protein2	547.0	19.0	1.602339
103	protein3	503.0	19.666666666666668	1.5611576666666669
103	r0	16.666666666666668	0.0	0.0
103	r2	19.666666666666668	0.0	0.0
103	rnapol	0.6666666666666666	0.0	0.0
104	__protein1_rbs	14.0	0.0	0.0
104	__protein2_rbs	15.0	0.0	0.0
104	__protein3_rbs	16.0	0.0	0.0
104	__ribosome	19.666666666666668	0.0	0.0
104	__rnase_site_ext	20.33333333333333	0.0	0.0
104	p0	1.0	0.0	0.0
104	p1	1.0	0.0	0.0
104	protein1	506.33333333333326	18.0	1.0164546666666665
104	protein2	555.0	19.666666666666668	1.5321636666666667
104	protein3	509.0	19.666666666666668	1.6283846666666666
104	r0	16.666666666666668	0.0	0.0
104	r2	20.0	0.0	0.0
104	rnapol	0.0	0.0	0.0
105	__protein1_rbs	15.0	0.0	0.0
105	__protein2_rbs	16.666666666666668	0.0	0.0
105	__protein3_rbs	17.666666666666668	0.0	0.0
105	__ribosome	21.0	0.0	0.0
105	__rnase_site_ext	20.33333333333333	0.0	0.0
105	p0	1.0	0.0	0.0
105	p1	0.6666666666666666	0.0	0.0
105	protein1	511.66666666666674	18.0	1.014276
105	protein2	561.6666666666666	19.666666666666668	1.5906433333333332
105	protein3	516.3333333333334	20.0	1.4744506666666668
105	r0	17.666666666666668	0.0	0.0
105	r2	19.33333333333333	0.0	0.0
105	rnapol	0.0	0.0	0.0
106	__protein1_rbs	15.666666666666664	0.0	0.0
106	__protein2_rbs	16.666666666666668	0.0	0.0
106	__protein3_rbs	15.0	0.0	0.0
106	__ribosome	17.333333333333332	0.0	0.0
106	__rnase_site_ext	21.0	0.0	0.0
106	p0	1.0	0.0	0.0
106	p1	0.6666666666666666	0.0	0.0
106	protein1	517.6666666666666	18.0	0.9946106666666666
106	protein2	567.3333333333334	20.33333333333333	1.5964913333333337
106	protein3	520.6666666666666	19.33333333333333	1.6849673333333337
106	r0	17.666666666666668	0.0	0.0
106	r2	19.33333333333333	0.0	0.0
106	rnapol	0.3333333333333333	0.0	0.0
107	__protein1_rbs	13.666666666666664	0.0	0.0
107	__protein2_rbs	16.333333333333332	0.0	0.0
107	__protein3_rbs	16.333333333333332	0.0	0.0
107	__ribosome	19.33333333333333	0.0	0.0
107	__rnase_site_ext	21.66666666666667	0.0	0.0
107	p0	1.0	0.0	0.0
107	p1	1.0	0.0	0.0
107	protein1	521.0	18.33333333333333	1.1836943333333334
107	protein2	576.3333333333334	20.0	1.486633
107	protein3	530.3333333333334	19.33333333333333	1.49986
107	r0	15.666666666666664	0.0	0.0
107	r2	19.666666666666668	0.0	0.0
107	rnapol	0.0	0.0	0.0
108	__protein1_rbs	15.666666666666664	0.0	0.0
108	__protein2_rbs	17.666666666666668	0.0	0.0
108	__protein3_rbs	17.0	0.0	0.0
108	__ribosome	23.33333333333333	0.0	0.0
108	__rnase_site_ext	21.0	0.0	0.0
108	p0	1.0	0.0	0.0
108	p1	1.0	0.0	0.0
108	protein1	528.0	19.0	1.1423
108	protein2	583.6666666666666	21.0	1.3481239999999999
108	protein3	538.0	19.666666666666668	1.3449736666666663
108	r0	17.666666666666668	0.0	0.0
108	r2	20.0	0.0	0.0
108	rnapol	0.3333333333333333	0.0	0.0
109	__protein1_rbs	15.333333333333336	0.0	0.0
109	__protein2_rbs	16.0	0.0	0.0
109	__protein3_rbs	18.0	0.0	0.0
109	__ribosome	18.0	0.0	0.0
109	__rnase_site_ext	21.33333333333333	0.0	0.0
109	p0	1.0	0.0	0.0
109	p1	0.6666666666666666	0.0	0.0
109	protein1	534.0	18.666666666666668	1.2257483333333334
109	protein2	590.3333333333334	20.666666666666668	1.4984849999999998
109	protein3	543.0	20.0	1.3980366666666668
109	r0	17.666666666666668	0.0	0.0
109	r2	20.0	0.0	0.0
109	rnapol	0.0	0.0	0.0
110	__protein1_rbs	16.666666666666668	0.0	0.0
110	__protein2_rbs	16.666666666666668	0.0	0.0
110	__protein3_rbs	15.0	0.0	0.0
110	__ribosome	17.333333333333332	0.0	0.0
110	__rnase_site_ext	20.666666666666668	0.0	0.0
110	p0	1.0	0.0	0.0
110	p1	0.6666666666666666	0.0	0.0
110	protein1	540.0	18.33333333333333	1.1816306666666667
110	protein2	597.3333333333334	20.666666666666668	1.5454546666666669
110	protein3	549.3333333333334	20.0	1.4593303333333332
110	r0	17.666666666666668	0.0	0.0
110	r2	20.0	0.0	0.0
110	rnapol	0.0	0.0	0.0
111	__protein1_rbs	14.0	0.0	0.0
111	__protein2_rbs	18.33333333333333	0.0	0.0
111	__protein3_rbs	17.333333333333332	0.0	0.0
111	__ribosome	20.666666666666668	0.0	0.0
111	__rnase_site_ext	21.0	0.0	0.0
111	p0	0.6666666666666666	0.0	0.0
111	p1	1.0	0.0	0.0
111	protein1	548.0	18.33333333333333	1.122807
111	protein2	603.6666666666666	21.66666666666667	1.5217390000000002
111	protein3	557.6666666666666	20.0	1.288676
111	r0	16.666666666666668	0.0	0.0
111	r2	20.666666666666668	0.0	0.0
111	rnapol	0.0	0.0	0.0
112	__protein1_rbs	16.0	0.0	0.0
112	__protein2_rbs	17.0	0.0	0.0
112	__protein3_rbs	18.33333333333333	0.0	0.0
112	__ribosome	19.33333333333333	0.0	0.0
112	__rnase_site_ext	20.666666666666668	0.0	0.0
112	p0	1.0	0.0	0.0
112	p1	1.0	0.0	0.0
112	protein1	555.0	18.666666666666668	0.9833333333333334
112	protein2	610.6666666666666	21.66666666666667	1.6328503333333335
112	protein3	562.6666666666666	20.666666666666668	1.3090910000000002
112	r0	17.333333333333332	0.0	0.0
112	r2	20.33333333333333	0.0	0.0
112	rnapol	0.3333333333333333	0.0	0.0
113	__protein1_rbs	14.666666666666664	0.0	0.0
113	__protein2_rbs	19.33333333333333	0.0	0.0
113	__protein3_rbs	17.333333333333332	0.0	0.0
113	__ribosome	18.666666666666668	0.0	0.0
113	__rnase_site_ext	21.33333333333333	0.0	0.0
113	p0	0.6666666666666666	0.0	0.0
113	p1	1.0	0.0	0.0
113	protein1	561.3333333333334	18.666666666666668	1.0191623333333333
113	protein2	619.0	22.0	1.5454229999999998
113	protein3	568.6666666666666	20.33333333333333	1.3920633333333334
113	r0	17.666666666666668	0.0	0.0
113	r2	20.33333333333333	0.0	0.0
113	rnapol	0.0	0.0	0.0
114	__protein1_rbs	14.0	0.0	0.0
114	__protein2_rbs	16.666666666666668	0.0	0.0
114	__protein3_rbs	17.666666666666668	0.0	0.0
114	__ribosome	18.33333333333333	0.0	0.0
114	__rnase_site_ext	20.666666666666668	0.0	0.0
114	p0	0.6666666666666666	0.0	0.0
114	p1	0.6666666666666666	0.0	0.0
114	protein1	566.6666666666666	18.666666666666668	1.0730156666666666
114	protein2	628.6666666666666	22.0	1.5131436666666669
114	protein3	575.3333333333334	20.666666666666668	1.350793666666667
114	r0	17.666666666666668	0.0	0.0
114	r2	21.0	0.0	0.0
114	rnapol	0.6666666666666666	0.0	0.0
115	__protein1_rbs	15.0	0.0	0.0
115	__protein2_rbs	20.0	0.0	0.0
115	__protein3_rbs	18.666666666666668	0.0	0.0
115	__ribosome	17.333333333333332	0.0	0.0
115	__rnase_site_ext	21.66666666666667	0.0	0.0
115	p0	1.0	0.0	0.0
115	p1	1.0	0.0	0.0
115	protein1	571.3333333333334	18.666666666666668	1.125
115	protein2	635.0	22.0	1.4814603333333334
115	protein3	581.3333333333334	21.0	1.3650790000000002
115	r0	18.33333333333333	0.0	0.0
115	r2	21.33333333333333	0.0	0.0
115	rnapol	0.6666666666666666	0.0	0.0
116	__protein1_rbs	17.666666666666668	0.0	0.0
116	__protein2_rbs	16.666666666666668	0.0	0.0
116	__protein3_rbs	18.0	0.0	0.0
116	__ribosome	20.0	0.0	0.0
116	__rnase_site_ext	21.66666666666667	0.0	0.0
116	p0	0.6666666666666666	0.0	0.0
116	p1	0.6666666666666666	0.0	0.0
116	protein1	578.0	19.666666666666668	0.9766573333333332
116	protein2	643.3333333333334	21.33333333333333	1.4939396666666669
116	protein3	588.3333333333334	21.33333333333333	1.3441556666666667
116	r0	18.33333333333333	0.0	0.0
116	r2	21.33333333333333	0.0	0.0
116	rnapol	0.0	0.0	0.0
117	__protein1_rbs	16.0	0.0	0.0
117	__protein2_rbs	16.0	0.0	0.0
117	__protein3_rbs	17.666666666666668	0.0	0.0
117	__ribosome	15.666666666666664	0.0	0.0
117	__rnase_site_ext	21.66666666666667	0.0	0.0
117	p0	1.0	0.0	0.0
117	p1	0.6666666666666666	0.0	0.0
117	protein1	583.6666666666666	19.666666666666668	1.0
117	protein2	651.0	21.33333333333333	1.5631816666666667
117	protein3	594.3333333333334	21.33333333333333	1.469697
117	r0	17.333333333333332	0.0	0.0
117	r2	21.0	0.0	0.0
117	rnapol	0.0	0.0	0.0
118	__protein1_rbs	16.666666666666668	0.0	0.0
118	__protein2_rbs	17.0	0.0	0.0
118	__protein3_rbs	18.33333333333333	0.0	0.0
118	__ribosome	18.666666666666668	0.0	0.0
118	__rnase_site_ext	21.0	0.0	0.0
118	p0	0.6666666666666666	0.0	0.0
118	p1	0.3333333333333333	0.0	0.0
118	protein1	589.6666666666666	19.33333333333333	1.0203703333333334
118	protein2	659.0	21.33333333333333	1.5496896666666666
118	protein3	601.3333333333334	21.0	1.3650790000000002
118	r0	18.33333333333333	0.0	0.0
118	r2	21.0	0.0	0.0
118	rnapol	0.3333333333333333	0.0	0.0
119	__protein1_rbs	16.333333333333332	0.0	0.0
119	__protein2_rbs	18.0	0.0	0.0
119	__protein3_rbs	17.666666666666668	0.0	0.0
119	__ribosome	20.33333333333333	0.0	0.0
119	__rnase_site_ext	21.33333333333333	0.0	0.0
119	p0	1.0	0.0	0.0
119	p1	0.6666666666666666	0.0	0.0
119	protein1	597.3333333333334	19.666666666666668	0.9307016666666666
119	protein2	667.0	22.0	1.5573230000000002
119	protein3	608.3333333333334	21.0	1.285714
119	r0	18.666666666666668	0.0	0.0
119	r2	21.33333333333333	0.0	0.0
119	rnapol	0.0	0.0	0.0
120	__protein1_rbs	16.333333333333332	0.0	0.0
120	__protein2_rbs	18.33333333333333	0.0	0.0
120	__protein3_rbs	16.666666666666668	0.0	0.0
120	__ribosome	15.666666666666664	0.0	0.0
120	__rnase_site_ext	21.66666666666667	0.0	0.0
120	p0	1.0	0.0	0.0
120	p1	1.0	0.0	0.0
120	protein1	601.6666666666666	19.666666666666668	0.9455026666666668
120	protein2	672.0	22.0	1.7261906666666669
120	protein3	615.3333333333334	21.33333333333333	1.298701
120	r0	18.0	0.0	0.0
120	r2	21.33333333333333	0.0	0.0
120	rnapol	0.0	0.0	0.0
121	__protein1_rbs	17.666666666666668	0.0	0.0
121	__protein2_rbs	18.666666666666668	0.0	0.0
121	__protein3_rbs	17.666666666666668	0.0	0.0
121	__ribosome	19.33333333333333	0.0	0.0
121	__rnase_site_ext	22.0	0.0	0.0
121	p0	1.0	0.0	0.0
121	p1	1.0	0.0	0.0
121	protein1	608.0	20.0	0.9065656666666668
121	protein2	681.6666666666666	22.33333333333333	1.546176
121	protein3	622.3333333333334	21.66666666666667	1.2788126666666666
121	r0	19.666666666666668	0.0	0.0
121	r2	22.0	0.0	0.0
121	rnapol	0.0	0.0	0.0
122	__protein1_rbs	16.666666666666668	0.0	0.0
122	__protein2_rbs	19.33333333333333	0.0	0.0
122	__protein3_rbs	20.0	0.0	0.0
122	__ribosome	21.0	0.0	0.0
122	__rnase_site_ext	21.0	0.0	0.0
122	p0	1.0	0.0	0.0
122	p1	1.0	0.0	0.0
122	protein1	614.3333333333334	19.33333333333333	0.9461280000000001
122	protein2	690.3333333333335	22.0	1.4676893333333332
122	protein3	627.0	22.0	1.3096496666666668
122	r0	18.0	0.0	0.0
122	r2	22.0	0.0	0.0
122	rnapol	0.0	0.0	0.0
123	__protein1_rbs	16.333333333333332	0.0	0.0
123	__protein2_rbs	18.0	0.0	0.0
123	__protein3_rbs	17.333333333333332	0.0	0.0
123	__ribosome	18.666666666666668	0.0	0.0
123	__rnase_site_ext	21.0	0.0	0.0
123	p0	1.0	0.0	0.0
123	p1	1.0	0.0	0.0
123	protein1	619.3333333333334	19.33333333333333	1.047138
123	protein2	700.6666666666665	23.0	1.3054456666666667
123	protein3	633.0	22.33333333333333	1.4037266666666666
123	r0	18.0	0.0	0.0
123	r2	22.33333333333333	0.0	0.0
123	rnapol	0.3333333333333333	0.0	0.0
124	__protein1_rbs	15.0	0.0	0.0
124	__protein2_rbs	19.666666666666668	0.0	0.0
124	__protein3_rbs	19.33333333333333	0.0	0.0
124	__ribosome	17.666666666666668	0.0	0.0
124	__rnase_site_ext	21.0	0.0	0.0
124	p0	1.0	0.0	0.0
124	p1	1.0	0.0	0.0
124	protein1	625.6666666666666	19.33333333333333	1.1633
124	protein2	709.0	23.33333333333333	1.1147343333333335
124	protein3	639.0	22.66666666666667	1.5083333333333335
124	r0	17.333333333333332	0.0	0.0
124	r2	22.33333333333333	0.0	0.0
124	rnapol	0.0	0.0	0.0
125	__protein1_rbs	17.333333333333332	0.0	0.0
125	__protein2_rbs	19.666666666666668	0.0	0.0
125	__protein3_rbs	18.33333333333333	0.0	0.0
125	__ribosome	18.0	0.0	0.0
125	__rnase_site_ext	21.0	0.0	0.0
125	p0	1.0	0.0	0.0
125	p1	1.0	0.0	0.0
125	protein1	630.6666666666666	19.0	1.1680620000000002
125	protein2	715.6666666666665	23.0	1.0738363333333332
125	protein3	646.0	22.33333333333333	1.5741543333333332
125	r0	19.0	0.0	0.0
125	r2	22.0	0.0	0.0
125	rnapol	0.3333333333333333	0.0	0.0
126	__protein1_rbs	16.333333333333332	0.0	0.0
126	__protein2_rbs	20.0	0.0	0.0
126	__protein3_rbs	19.33333333333333	0.0	0.0
126	__ribosome	18.666666666666668	0.0	0.0
126	__rnase_site_ext	21.66666666666667	0.0	0.0
126	p0	0.6666666666666666	0.0	0.0
126	p1	1.0	0.0	0.0
126	protein1	636.3333333333334	19.33333333333333	1.1242423333333331
126	protein2	722.0	22.33333333333333	1.1515149999999998
126	protein3	654.0	22.0	1.5207540000000002
126	r0	18.0	0.0	0.0
126	r2	22.66666666666667	0.0	0.0
126	rnapol	0.0	0.0	0.0
127	__protein1_rbs	15.666666666666664	0.0	0.0
127	__protein2_rbs	19.0	0.0	0.0
127	__protein3_rbs	19.666666666666668	0.0	0.0
127	__ribosome	20.666666666666668	0.0	0.0
127	__rnase_site_ext	22.0	0.0	0.0
127	p0	1.0	0.0	0.0
127	p1	1.0	0.0	0.0
127	protein1	644.6666666666666	20.0	0.9833333333333334
127	protein2	728.3333333333335	22.0	1.1666666666666667
127	protein3	661.0	22.66666666666667	1.4759650000000002
127	r0	19.0	0.0	0.0
127	r2	23.0	0.0	0.0
127	rnapol	0.6666666666666666	0.0	0.0
128	__protein1_rbs	16.333333333333332	0.0	0.0
128	__protein2_rbs	17.0	0.0	0.0
128	__protein3_rbs	20.0	0.0	0.0
128	__ribosome	21.33333333333333	0.0	0.0
128	__rnase_site_ext	23.0	0.0	0.0
128	p0	1.0	0.0	0.0
128	p1	1.0	0.0	0.0
128	protein1	651.3333333333334	20.666666666666668	1.0491226666666666
128	protein2	735.3333333333335	22.0	1.1818183333333334
128	protein3	670.3333333333334	23.33333333333333	1.3158729999999998
128	r0	19.666666666666668	0.0	0.0
128	r2	23.0	0.0	0.0
128	rnapol	0.0	0.0	0.0
129	__protein1_rbs	17.0	0.0	0.0
129	__protein2_rbs	19.0	0.0	0.0
129	__protein3_rbs	18.666666666666668	0.0	0.0
129	__ribosome	14.666666666666664	0.0	0.0
129	__rnase_site_ext	23.0	0.0	0.0
129	p0	1.0	0.0	0.0
129	p1	0.6666666666666666	0.0	0.0
129	protein1	655.6666666666666	21.0	1.234535333333333
129	protein2	740.3333333333335	22.0	1.2121213333333334
129	protein3	677.6666666666666	23.0	1.411456
129	r0	19.666666666666668	0.0	0.0
129	r2	22.33333333333333	0.0	0.0
129	rnapol	0.0	0.0	0.0
130	__protein1_rbs	14.666666666666664	0.0	0.0
130	__protein2_rbs	20.0	0.0	0.0
130	__protein3_rbs	18.666666666666668	0.0	0.0
130	__ribosome	15.0	0.0	0.0
130	__rnase_site_ext	22.0	0.0	0.0
130	p0	1.0	0.0	0.0
130	p1	0.6666666666666666	0.0	0.0
130	protein1	661.3333333333334	20.33333333333333	1.3383460000000005
130	protein2	747.6666666666665	22.33333333333333	1.1475626666666667
130	protein3	686.0	22.33333333333333	1.432359333333333
130	r0	18.666666666666668	0.0	0.0
130	r2	22.33333333333333	0.0	0.0
130	rnapol	0.0	0.0	0.0
131	__protein1_rbs	17.666666666666668	0.0	0.0
131	__protein2_rbs	18.33333333333333	0.0	0.0
131	__protein3_rbs	19.33333333333333	0.0	0.0
131	__ribosome	18.0	0.0	0.0
131	__rnase_site_ext	22.66666666666667	0.0	0.0
131	p0	1.0	0.0	0.0
131	p1	0.3333333333333333	0.0	0.0
131	protein1	671.0	20.666666666666668	1.0769840000000002
131	protein2	751.6666666666665	23.0	1.230841
131	protein3	692.6666666666665	22.33333333333333	1.401875666666667
131	r0	19.33333333333333	0.0	0.0
131	r2	22.66666666666667	0.0	0.0
131	rnapol	0.6666666666666666	0.0	0.0
132	__protein1_rbs	15.666666666666664	0.0	0.0
132	__protein2_rbs	20.33333333333333	0.0	0.0
132	__protein3_rbs	17.0	0.0	0.0
132	__ribosome	18.33333333333333	0.0	0.0
132	__rnase_site_ext	23.0	0.0	0.0
132	p0	1.0	0.0	0.0
132	p1	1.0	0.0	0.0
132	protein1	679.0	21.0	1.0612553333333334
132	protein2	759.0	23.33333333333333	1.099033666666667
132	protein3	700.0	22.66666666666667	1.4864933333333332
132	r0	19.33333333333333	0.0	0.0
132	r2	22.33333333333333	0.0	0.0
132	rnapol	0.3333333333333333	0.0	0.0
133	__protein1_rbs	18.0	0.0	0.0
133	__protein2_rbs	19.666666666666668	0.0	0.0
133	__protein3_rbs	18.0	0.0	0.0
133	__ribosome	18.33333333333333	0.0	0.0
133	__rnase_site_ext	23.33333333333333	0.0	0.0
133	p0	1.0	0.0	0.0
133	p1	0.6666666666666666	0.0	0.0
133	protein1	686.0	21.0	1.062049
133	protein2	766.0	23.33333333333333	1.1002413333333334
133	protein3	706.3333333333335	22.33333333333333	1.5136363333333334
133	r0	20.666666666666668	0.0	0.0
133	r2	22.66666666666667	0.0	0.0
133	rnapol	0.0	0.0	0.0
134	__protein1_rbs	19.0	0.0	0.0
134	__protein2_rbs	21.0	0.0	0.0
134	__protein3_rbs	19.33333333333333	0.0	0.0
134	__ribosome	17.666666666666668	0.0	0.0
134	__rnase_site_ext	23.0	0.0	0.0
134	p0	0.6666666666666666	0.0	0.0
134	p1	0.6666666666666666	0.0	0.0
134	protein1	691.0	21.0	1.1257576666666669
134	protein2	772.3333333333335	23.66666666666667	1.1111113333333331
134	protein3	714.0	22.33333333333333	1.4558733333333336
134	r0	20.666666666666668	0.0	0.0
134	r2	22.33333333333333	0.0	0.0
134	rnapol	0.0	0.0	0.0
135	__protein1_rbs	17.0	0.0	0.0
135	__protein2_rbs	22.33333333333333	0.0	0.0
135	__protein3_rbs	20.33333333333333	0.0	0.0
135	__ribosome	20.666666666666668	0.0	0.0
135	__rnase_site_ext	23.0	0.0	0.0
135	p0	1.0	0.0	0.0
135	p1	0.6666666666666666	0.0	0.0
135	protein1	697.0	21.0	1.1264756666666669
135	protein2	778.3333333333335	24.0	1.0416666666666667
135	protein3	722.0	22.66666666666667	1.3508453333333332
135	r0	20.666666666666668	0.0	0.0
135	r2	23.0	0.0	0.0
135	rnapol	0.0	0.0	0.0
136	__protein1_rbs	19.0	0.0	0.0
136	__protein2_rbs	18.33333333333333	0.0	0.0
136	__protein3_rbs	21.33333333333333	0.0	0.0
136	__ribosome	21.33333333333333	0.0	0.0
136	__rnase_site_ext	23.0	0.0	0.0
136	p0	1.0	0.0	0.0
136	p1	0.6666666666666666	0.0	0.0
136	protein1	705.0	21.0	0.9952780000000002
136	protein2	784.0	23.66666666666667	1.2240339999999998
136	protein3	730.3333333333335	23.0	1.2480156666666666
136	r0	20.33333333333333	0.0	0.0
136	r2	23.33333333333333	0.0	0.0
136	rnapol	0.0	0.0	0.0
137	__protein1_rbs	17.333333333333332	0.0	0.0
137	__protein2_rbs	16.666666666666668	0.0	0.0
137	__protein3_rbs	19.666666666666668	0.0	0.0
137	__ribosome	17.0	0.0	0.0
137	__rnase_site_ext	23.0	0.0	0.0
137	p0	1.0	0.0	0.0
137	p1	1.0	0.0	0.0
137	protein1	713.6666666666665	21.0	0.935636
137	protein2	790.6666666666665	24.0	1.3472223333333335
137	protein3	736.6666666666665	23.66666666666667	1.3127273333333334
137	r0	19.0	0.0	0.0
137	r2	23.0	0.0	0.0
137	rnapol	0.3333333333333333	0.0	0.0
138	__protein1_rbs	18.0	0.0	0.0
138	__protein2_rbs	21.33333333333333	0.0	0.0
138	__protein3_rbs	20.33333333333333	0.0	0.0
138	__ribosome	15.666666666666664	0.0	0.0
138	__rnase_site_ext	23.33333333333333	0.0	0.0
138	p0	0.6666666666666666	0.0	0.0
138	p1	1.0	0.0	0.0
138	protein1	718.3333333333335	21.33333333333333	1.0691313333333332
138	protein2	797.6666666666665	23.66666666666667	1.307971
138	protein3	743.3333333333335	23.0	1.3326196666666668
138	r0	20.33333333333333	0.0	0.0
138	r2	23.33333333333333	0.0	0.0
138	rnapol	0.3333333333333333	0.0	0.0
139	__protein1_rbs	16.333333333333332	0.0	0.0
139	__protein2_rbs	20.0	0.0	0.0
139	__protein3_rbs	20.666666666666668	0.0	0.0
139	__ribosome	14.333333333333336	0.0	0.0
139	__rnase_site_ext	23.66666666666667	0.0	0.0
139	p0	0.6666666666666666	0.0	0.0
139	p1	1.0	0.0	0.0
139	protein1	724.6666666666665	21.33333333333333	1.0432713333333332
139	protein2	803.3333333333335	24.0	1.4466906666666668
139	protein3	751.3333333333335	23.33333333333333	1.227062
139	r0	19.33333333333333	0.0	0.0
139	r2	23.33333333333333	0.0	0.0
139	rnapol	0.0	0.0	0.0
140	__protein1_rbs	18.666666666666668	0.0	0.0
140	__protein2_rbs	19.33333333333333	0.0	0.0
140	__protein3_rbs	20.33333333333333	0.0	0.0
140	__ribosome	15.0	0.0	0.0
140	__rnase_site_ext	23.66666666666667	0.0	0.0
140	p0	0.6666666666666666	0.0	0.0
140	p1	1.0	0.0	0.0
140	protein1	730.6666666666665	21.66666666666667	0.989899
140	protein2	810.0	23.66666666666667	1.4896466666666666
140	protein3	757.3333333333335	23.33333333333333	1.2323233333333332
140	r0	20.666666666666668	0.0	0.0
140	r2	22.66666666666667	0.0	0.0
140	rnapol	0.0	0.0	0.0
141	__protein1_rbs	17.333333333333332	0.0	0.0
141	__protein2_rbs	20.666666666666668	0.0	0.0
141	__protein3_rbs	17.666666666666668	0.0	0.0
141	__ribosome	19.666666666666668	0.0	0.0
141	__rnase_site_ext	23.33333333333333	0.0	0.0
141	p0	1.0	0.0	0.0
141	p1	1.0	0.0	0.0
141	protein1	739.0	21.33333333333333	0.9848483333333332
141	protein2	820.6666666666665	23.66666666666667	1.2620706666666666
141	protein3	764.6666666666665	23.0	1.2921056666666668
141	r0	19.666666666666668	0.0	0.0
141	r2	23.33333333333333	0.0	0.0
141	rnapol	0.0	0.0	0.0
142	__protein1_rbs	17.0	0.0	0.0
142	__protein2_rbs	20.0	0.0	0.0
142	__protein3_rbs	18.666666666666668	0.0	0.0
142	__ribosome	18.33333333333333	0.0	0.0
142	__rnase_site_ext	21.66666666666667	0.0	0.0
142	p0	1.0	0.0	0.0
142	p1	0.6666666666666666	0.0	0.0
142	protein1	744.0	20.33333333333333	1.0677833333333335
142	protein2	829.0	24.0	1.236985
142	protein3	771.6666666666665	23.33333333333333	1.312198
142	r0	18.33333333333333	0.0	0.0
142	r2	23.33333333333333	0.0	0.0
142	rnapol	0.6666666666666666	0.0	0.0
143	__protein1_rbs	14.666666666666664	0.0	0.0
143	__protein2_rbs	21.66666666666667	0.0	0.0
143	__protein3_rbs	20.0	0.0	0.0
143	__ribosome	15.666666666666664	0.0	0.0
143	__rnase_site_ext	22.33333333333333	0.0	0.0
143	p0	1.0	0.0	0.0
143	p1	1.0	0.0	0.0
143	protein1	750.6666666666665	20.33333333333333	1.1144163333333337
143	protein2	835.0	24.33333333333333	1.242797
143	protein3	777.3333333333335	23.33333333333333	1.3677536666666663
143	r0	18.33333333333333	0.0	0.0
143	r2	23.33333333333333	0.0	0.0
143	rnapol	0.0	0.0	0.0
144	__protein1_rbs	17.0	0.0	0.0
144	__protein2_rbs	21.0	0.0	0.0
144	__protein3_rbs	19.33333333333333	0.0	0.0
144	__ribosome	16.333333333333332	0.0	0.0
144	__rnase_site_ext	22.0	0.0	0.0
144	p0	0.6666666666666666	0.0	0.0
144	p1	1.0	0.0	0.0
144	protein1	756.3333333333335	20.33333333333333	1.088482
144	protein2	843.0	25.0	1.1460423333333332
144	protein3	782.3333333333335	23.33333333333333	1.4243216666666667
144	r0	19.0	0.0	0.0
144	r2	23.33333333333333	0.0	0.0
144	rnapol	0.0	0.0	0.0
145	__protein1_rbs	16.333333333333332	0.0	0.0
145	__protein2_rbs	21.33333333333333	0.0	0.0
145	__protein3_rbs	20.666666666666668	0.0	0.0
145	__ribosome	15.666666666666664	0.0	0.0
145	__rnase_site_ext	22.0	0.0	0.0
145	p0	1.0	0.0	0.0
145	p1	1.0	0.0	0.0
145	protein1	763.6666666666665	20.0	1.0119616666666669
145	protein2	848.3333333333335	25.0	1.286886
145	protein3	789.3333333333335	23.33333333333333	1.3808433333333332
145	r0	19.0	0.0	0.0
145	r2	23.33333333333333	0.0	0.0
145	rnapol	0.3333333333333333	0.0	0.0
146	__protein1_rbs	16.666666666666668	0.0	0.0
146	__protein2_rbs	20.0	0.0	0.0
146	__protein3_rbs	20.0	0.0	0.0
146	__ribosome	18.0	0.0	0.0
146	__rnase_site_ext	22.33333333333333	0.0	0.0
146	p0	1.0	0.0	0.0
146	p1	1.0	0.0	0.0
146	protein1	769.3333333333335	20.33333333333333	1.0292663333333334
146	protein2	856.3333333333335	24.33333333333333	1.307133
146	protein3	799.3333333333335	24.33333333333333	1.2150223333333334
146	r0	18.666666666666668	0.0	0.0
146	r2	24.0	0.0	0.0
146	rnapol	0.0	0.0	0.0
147	__protein1_rbs	17.333333333333332	0.0	0.0
147	__protein2_rbs	20.666666666666668	0.0	0.0
147	__protein3_rbs	21.0	0.0	0.0
147	__ribosome	17.333333333333332	0.0	0.0
147	__rnase_site_ext	22.33333333333333	0.0	0.0
147	p0	1.0	0.0	0.0
147	p1	1.0	0.0	0.0
147	protein1	775.0	20.33333333333333	1.046571
147	protein2	863.0	25.0	1.3134766666666666
147	protein3	806.6666666666665	24.33333333333333	1.1931936666666667
147	r0	19.666666666666668	0.0	0.0
147	r2	24.66666666666667	0.0	0.0
147	rnapol	0.3333333333333333	0.0	0.0
148	__protein1_rbs	18.33333333333333	0.0	0.0
148	__protein2_rbs	19.0	0.0	0.0
148	__protein3_rbs	21.66666666666667	0.0	0.0
148	__ribosome	18.0	0.0	0.0
148	__rnase_site_ext	22.0	0.0	0.0
148	p0	1.0	0.0	0.0
148	p1	1.0	0.0	0.0
148	protein1	782.3333333333335	20.0	0.884058
148	protein2	870.6666666666665	24.0	1.418181666666667
148	protein3	812.3333333333335	25.0	1.235172
148	r0	20.0	0.0	0.0
148	r2	25.0	0.0	0.0
148	rnapol	0.0	0.0	0.0
149	__protein1_rbs	17.333333333333332	0.0	0.0
149	__protein2_rbs	22.33333333333333	0.0	0.0
149	__protein3_rbs	18.33333333333333	0.0	0.0
149	__ribosome	18.33333333333333	0.0	0.0
149	__rnase_site_ext	22.0	0.0	0.0
149	p0	1.0	0.0	0.0
149	p1	1.0	0.0	0.0
149	protein1	788.3333333333335	20.0	0.8699043333333334
149	protein2	879.3333333333335	23.66666666666667	1.2412120000000002
149	protein3	819.6666666666665	25.0	1.4074073333333337
149	r0	18.666666666666668	0.0	0.0
149	r2	24.33333333333333	0.0	0.0
149	rnapol	0.3333333333333333	0.0	0.0
150	__protein1_rbs	17.0	0.0	0.0
150	__protein2_rbs	20.0	0.0	0.0
150	__protein3_rbs	21.33333333333333	0.0	0.0
150	__ribosome	15.666666666666664	0.0	0.0
150	__rnase_site_ext	22.33333333333333	0.0	0.0
150	p0	0.6666666666666666	0.0	0.0
150	p1	1.0	0.0	0.0
150	protein1	794.0	20.33333333333333	0.8177386666666666
150	protein2	885.0	23.0	1.3553350000000002
150	protein3	825.6666666666665	24.33333333333333	1.5201463333333336
150	r0	18.666666666666668	0.0	0.0
150	r2	24.66666666666667	0.0	0.0
150	rnapol	0.0	0.0	0.0
151	__protein1_rbs	17.666666666666668	0.0	0.0
151	__protein2_rbs	20.0	0.0	0.0
151	__protein3_rbs	21.33333333333333	0.0	0.0
151	__ribosome	19.0	0.0	0.0
151	__rnase_site_ext	22.66666666666667	0.0	0.0
151	p0	1.0	0.0	0.0
151	p1	0.6666666666666666	0.0	0.0
151	protein1	798.6666666666665	20.33333333333333	0.944317
151	protein2	894.6666666666665	22.66666666666667	1.205652333333333
151	protein3	834.0	25.0	1.3968253333333334
151	r0	20.0	0.0	0.0
151	r2	24.33333333333333	0.0	0.0
151	rnapol	0.6666666666666666	0.0	0.0
152	__protein1_rbs	17.333333333333332	0.0	0.0
152	__protein2_rbs	20.666666666666668	0.0	0.0
152	__protein3_rbs	21.0	0.0	0.0
152	__ribosome	17.333333333333332	0.0	0.0
152	__rnase_site_ext	23.0	0.0	0.0
152	p0	0.6666666666666666	0.0	0.0
152	p1	1.0	0.0	0.0
152	protein1	804.6666666666665	21.33333333333333	0.9694443333333332
152	protein2	902.0	22.66666666666667	1.0944926666666668
152	protein3	839.0	24.33333333333333	1.5499826666666667
152	r0	19.33333333333333	0.0	0.0
152	r2	24.66666666666667	0.0	0.0
152	rnapol	0.0	0.0	0.0
153	__protein1_rbs	18.666666666666668	0.0	0.0
153	__protein2_rbs	19.0	0.0	0.0
153	__protein3_rbs	21.66666666666667	0.0	0.0
153	__ribosome	16.333333333333332	0.0	0.0
153	__rnase_site_ext	23.66666666666667	0.0	0.0
153	p0	1.0	0.0	0.0
153	p1	0.3333333333333333	0.0	0.0
153	protein1	808.3333333333335	21.66666666666667	1.086111
153	protein2	908.6666666666665	22.66666666666667	1.1014493333333333
153	protein3	847.6666666666665	24.66666666666667	1.445342
153	r0	20.666666666666668	0.0	0.0
153	r2	24.0	0.0	0.0
153	rnapol	0.0	0.0	0.0
154	__protein1_rbs	19.666666666666668	0.0	0.0
154	__protein2_rbs	17.666666666666668	0.0	0.0
154	__protein3_rbs	21.66666666666667	0.0	0.0
154	__ribosome	22.33333333333333	0.0	0.0
154	__rnase_site_ext	22.66666666666667	0.0	0.0
154	p0	1.0	0.0	0.0
154	p1	0.6666666666666666	0.0	0.0
154	protein1	816.0	21.33333333333333	1.0159773333333333
154	protein2	914.3333333333335	23.0	1.1731326666666666
154	protein3	859.3333333333335	24.66666666666667	1.2041526666666666
154	r0	20.33333333333333	0.0	0.0
154	r2	24.33333333333333	0.0	0.0
154	rnapol	0.3333333333333333	0.0	0.0
155	__protein1_rbs	18.33333333333333	0.0	0.0
155	__protein2_rbs	20.33333333333333	0.0	0.0
155	__protein3_rbs	19.33333333333333	0.0	0.0
155	__ribosome	14.0	0.0	0.0
155	__rnase_site_ext	22.66666666666667	0.0	0.0
155	p0	0.6666666666666666	0.0	0.0
155	p1	0.6666666666666666	0.0	0.0
155	protein1	821.0	21.0	1.1904763333333337
155	protein2	919.6666666666665	23.0	1.2891363333333332
155	protein3	866.0	24.0	1.344242333333333
155	r0	19.666666666666668	0.0	0.0
155	r2	23.66666666666667	0.0	0.0
155	rnapol	0.3333333333333333	0.0	0.0
156	__protein1_rbs	16.666666666666668	0.0	0.0
156	__protein2_rbs	21.33333333333333	0.0	0.0
156	__protein3_rbs	19.33333333333333	0.0	0.0
156	__ribosome	18.33333333333333	0.0	0.0
156	__rnase_site_ext	22.0	0.0	0.0
156	p0	0.6666666666666666	0.0	0.0
156	p1	1.0	0.0	0.0
156	protein1	829.6666666666665	20.666666666666668	1.1058823333333334
156	protein2	925.3333333333335	24.33333333333333	1.2080246666666667
156	protein3	874.3333333333335	23.66666666666667	1.2692423333333334
156	r0	17.666666666666668	0.0	0.0
156	r2	23.66666666666667	0.0	0.0
156	rnapol	0.0	0.0	0.0
157	__protein1_rbs	18.666666666666668	0.0	0.0
157	__protein2_rbs	20.33333333333333	0.0	0.0
157	__protein3_rbs	21.0	0.0	0.0
157	__ribosome	18.33333333333333	0.0	0.0
157	__rnase_site_ext	23.0	0.0	0.0
157	p0	1.0	0.0	0.0
157	p1	1.0	0.0	0.0
157	protein1	836.6666666666665	20.666666666666668	1.0407406666666663
157	protein2	931.6666666666665	24.66666666666667	1.287037
157	protein3	881.3333333333335	23.66666666666667	1.255650333333333
157	r0	20.0	0.0	0.0
157	r2	22.33333333333333	0.0	0.0
157	rnapol	0.0	0.0	0.0
158	__protein1_rbs	16.333333333333332	0.0	0.0
158	__protein2_rbs	18.666666666666668	0.0	0.0
158	__protein3_rbs	19.666666666666668	0.0	0.0
158	__ribosome	15.333333333333336	0.0	0.0
158	__rnase_site_ext	22.66666666666667	0.0	0.0
158	p0	1.0	0.0	0.0
158	p1	0.6666666666666666	0.0	0.0
158	protein1	844.0	20.666666666666668	1.0472219999999999
158	protein2	938.3333333333335	24.0	1.3987180000000001
158	protein3	886.6666666666665	22.66666666666667	1.3587923333333334
158	r0	19.0	0.0	0.0
158	r2	23.0	0.0	0.0
158	rnapol	0.0	0.0	0.0
159	__protein1_rbs	15.666666666666664	0.0	0.0
159	__protein2_rbs	19.666666666666668	0.0	0.0
159	__protein3_rbs	20.33333333333333	0.0	0.0
159	__ribosome	16.333333333333332	0.0	0.0
159	__rnase_site_ext	22.33333333333333	0.0	0.0
159	p0	1.0	0.0	0.0
159	p1	0.6666666666666666	0.0	0.0
159	protein1	850.0	20.666666666666668	1.1592593333333332
159	protein2	947.0	24.33333333333333	1.3415480000000002
159	protein3	894.6666666666665	23.33333333333333	1.2080326666666668
159	r0	19.33333333333333	0.0	0.0
159	r2	23.66666666666667	0.0	0.0
159	rnapol	0.0	0.0	0.0
160	__protein1_rbs	17.0	0.0	0.0
160	__protein2_rbs	21.33333333333333	0.0	0.0
160	__protein3_rbs	21.33333333333333	0.0	0.0
160	__ribosome	17.333333333333332	0.0	0.0
160	__rnase_site_ext	22.0	0.0	0.0
160	p0	0.6666666666666666	0.0	0.0
160	p1	1.0	0.0	0.0
160	protein1	857.3333333333335	20.0	1.1759469999999999
160	protein2	952.3333333333335	24.66666666666667	1.374983
160	protein3	901.3333333333335	24.0	1.0883366666666667
160	r0	19.0	0.0	0.0
160	r2	24.0	0.0	0.0
160	rnapol	0.0	0.0	0.0
161	__protein1_rbs	16.666666666666668	0.0	0.0
161	__protein2_rbs	18.0	0.0	0.0
161	__protein3_rbs	21.33333333333333	0.0	0.0
161	__ribosome	16.333333333333332	0.0	0.0
161	__rnase_site_ext	21.66666666666667	0.0	0.0
161	p0	1.0	0.0	0.0
161	p1	0.6666666666666666	0.0	0.0
161	protein1	862.6666666666665	19.666666666666668	1.286638333333333
161	protein2	961.3333333333335	24.0	1.41428
161	protein3	909.0	24.33333333333333	1.0292063333333334
161	r0	18.33333333333333	0.0	0.0
161	r2	24.33333333333333	0.0	0.0
161	rnapol	0.0	0.0	0.0
162	__protein1_rbs	15.333333333333336	0.0	0.0
162	__protein2_rbs	20.666666666666668	0.0	0.0
162	__protein3_rbs	21.66666666666667	0.0	0.0
162	__ribosome	14.666666666666664	0.0	0.0
162	__rnase_site_ext	22.0	0.0	0.0
162	p0	1.0	0.0	0.0
162	p1	1.0	0.0	0.0
162	protein1	870.6666666666665	19.666666666666668	1.240209
162	protein2	969.0	24.0	1.3791923333333334
162	protein3	913.0	24.33333333333333	1.1671956666666663
162	r0	18.33333333333333	0.0	0.0
162	r2	24.0	0.0	0.0
162	rnapol	0.3333333333333333	0.0	0.0
163	__protein1_rbs	16.0	0.0	0.0
163	__protein2_rbs	19.0	0.0	0.0
163	__protein3_rbs	21.0	0.0	0.0
163	__ribosome	17.0	0.0	0.0
163	__rnase_site_ext	22.66666666666667	0.0	0.0
163	p0	1.0	0.0	0.0
163	p1	1.0	0.0	0.0
163	protein1	877.6666666666665	20.0	1.110009
163	protein2	979.3333333333335	23.66666666666667	1.3502026666666669
163	protein3	919.3333333333335	24.0	1.2390123333333334
163	r0	18.0	0.0	0.0
163	r2	23.66666666666667	0.0	0.0
163	rnapol	0.3333333333333333	0.0	0.0
164	__protein1_rbs	17.0	0.0	0.0
164	__protein2_rbs	21.0	0.0	0.0
164	__protein3_rbs	22.0	0.0	0.0
164	__ribosome	16.666666666666668	0.0	0.0
164	__rnase_site_ext	22.33333333333333	0.0	0.0
164	p0	0.6666666666666666	0.0	0.0
164	p1	1.0	0.0	0.0
164	protein1	885.6666666666665	20.0	1.0260616666666669
164	protein2	984.0	23.66666666666667	1.406208
164	protein3	925.3333333333335	24.0	1.265915
164	r0	17.666666666666668	0.0	0.0
164	r2	24.33333333333333	0.0	0.0
164	rnapol	0.3333333333333333	0.0	0.0
165	__protein1_rbs	16.333333333333332	0.0	0.0
165	__protein2_rbs	19.666666666666668	0.0	0.0
165	__protein3_rbs	19.666666666666668	0.0	0.0
165	__ribosome	18.33333333333333	0.0	0.0
165	__rnase_site_ext	23.0	0.0	0.0
165	p0	0.6666666666666666	0.0	0.0
165	p1	1.0	0.0	0.0
165	protein1	892.6666666666665	20.33333333333333	0.9545893333333332
165	protein2	993.0	23.66666666666667	1.3076923333333337
165	protein3	932.6666666666665	24.33333333333333	1.3271430000000002
165	r0	18.666666666666668	0.0	0.0
165	r2	24.0	0.0	0.0
165	rnapol	0.3333333333333333	0.0	0.0
166	__protein1_rbs	18.0	0.0	0.0
166	__protein2_rbs	21.33333333333333	0.0	0.0
166	__protein3_rbs	20.666666666666668	0.0	0.0
166	__ribosome	15.666666666666664	0.0	0.0
166	__rnase_site_ext	23.33333333333333	0.0	0.0
166	p0	1.0	0.0	0.0
166	p1	1.0	0.0	0.0
166	protein1	896.6666666666665	21.0	1.0871346666666666
166	protein2	1000.6666666666665	24.0	1.2916159999999999
166	protein3	938.3333333333335	24.0	1.336508
166	r0	20.666666666666668	0.0	0.0
166	r2	24.0	0.0	0.0
166	rnapol	0.0	0.0	0.0
167	__protein1_rbs	18.0	0.0	0.0
167	__protein2_rbs	21.33333333333333	0.0	0.0
167	__protein3_rbs	19.33333333333333	0.0	0.0
167	__ribosome	20.0	0.0	0.0
167	__rnase_site_ext	23.33333333333333	0.0	0.0
167	p0	1.0	0.0	0.0
167	p1	0.6666666666666666	0.0	0.0
167	protein1	903.0	20.666666666666668	1.0649123333333332
167	protein2	1009.0	23.66666666666667	1.1966209999999995
167	protein3	947.6666666666665	24.0	1.2707233333333334
167	r0	20.33333333333333	0.0	0.0
167	r2	24.33333333333333	0.0	0.0
167	rnapol	0.3333333333333333	0.0	0.0
168	__protein1_rbs	18.666666666666668	0.0	0.0
168	__protein2_rbs	20.666666666666668	0.0	0.0
168	__protein3_rbs	20.666666666666668	0.0	0.0
168	__ribosome	17.333333333333332	0.0	0.0
168	__rnase_site_ext	23.0	0.0	0.0
168	p0	0.3333333333333333	0.0	0.0
168	p1	0.6666666666666666	0.0	0.0
168	protein1	910.3333333333335	20.666666666666668	0.9341723333333332
168	protein2	1015.6666666666665	23.66666666666667	1.2561540000000002
168	protein3	952.0	24.66666666666667	1.4068253333333332
168	r0	20.33333333333333	0.0	0.0
168	r2	24.33333333333333	0.0	0.0
168	rnapol	0.0	0.0	0.0
169	__protein1_rbs	19.0	0.0	0.0
169	__protein2_rbs	20.33333333333333	0.0	0.0
169	__protein3_rbs	20.33333333333333	0.0	0.0
169	__ribosome	18.666666666666668	0.0	0.0
169	__rnase_site_ext	23.66666666666667	0.0	0.0
169	p0	1.0	0.0	0.0
169	p1	1.0	0.0	0.0
169	protein1	918.6666666666665	21.33333333333333	0.7472223333333333
169	protein2	1023.3333333333335	24.33333333333333	1.220228
169	protein3	959.6666666666665	24.33333333333333	1.5442856666666664
169	r0	20.33333333333333	0.0	0.0
169	r2	24.0	0.0	0.0
169	rnapol	0.3333333333333333	0.0	0.0
170	__protein1_rbs	18.33333333333333	0.0	0.0
170	__protein2_rbs	19.666666666666668	0.0	0.0
170	__protein3_rbs	18.666666666666668	0.0	0.0
170	__ribosome	14.333333333333336	0.0	0.0
170	__rnase_site_ext	24.0	0.0	0.0
170	p0	1.0	0.0	0.0
170	p1	1.0	0.0	0.0
170	protein1	923.3333333333335	21.0	0.7909356666666666
170	protein2	1029.6666666666667	24.66666666666667	1.3079633333333334
170	protein3	967.3333333333335	24.0	1.6026819999999995
170	r0	19.33333333333333	0.0	0.0
170	r2	24.0	0.0	0.0
170	rnapol	0.0	0.0	0.0
171	__protein1_rbs	16.333333333333332	0.0	0.0
171	__protein2_rbs	22.33333333333333	0.0	0.0
171	__protein3_rbs	19.33333333333333	0.0	0.0
171	__ribosome	16.666666666666668	0.0	0.0
171	__rnase_site_ext	23.66666666666667	0.0	0.0
171	p0	1.0	0.0	0.0
171	p1	1.0	0.0	0.0
171	protein1	928.0	20.666666666666668	0.8138886666666667
171	protein2	1037.3333333333333	24.66666666666667	1.2501016666666669
171	protein3	975.0	24.0	1.5574966666666663
171	r0	19.666666666666668	0.0	0.0
171	r2	24.0	0.0	0.0
171	rnapol	0.3333333333333333	0.0	0.0
172	__protein1_rbs	18.0	0.0	0.0
172	__protein2_rbs	22.33333333333333	0.0	0.0
172	__protein3_rbs	21.0	0.0	0.0
172	__ribosome	16.333333333333332	0.0	0.0
172	__rnase_site_ext	24.0	0.0	0.0
172	p0	1.0	0.0	0.0
172	p1	1.0	0.0	0.0
172	protein1	932.6666666666665	20.666666666666668	0.8583333333333334
172	protein2	1043.0	24.33333333333333	1.3070816666666667
172	protein3	983.3333333333335	24.33333333333333	1.4127523333333334
172	r0	20.0	0.0	0.0
172	r2	24.0	0.0	0.0
172	rnapol	0.3333333333333333	0.0	0.0
173	__protein1_rbs	18.33333333333333	0.0	0.0
173	__protein2_rbs	19.0	0.0	0.0
173	__protein3_rbs	19.666666666666668	0.0	0.0
173	__ribosome	17.666666666666668	0.0	0.0
173	__rnase_site_ext	23.66666666666667	0.0	0.0
173	p0	0.6666666666666666	0.0	0.0
173	p1	1.0	0.0	0.0
173	protein1	938.0	21.0	0.8540740000000001
173	protein2	1051.3333333333333	24.0	1.3142613333333335
173	protein3	991.3333333333335	24.33333333333333	1.3577496666666666
173	r0	21.0	0.0	0.0
173	r2	24.33333333333333	0.0	0.0
173	rnapol	0.0	0.0	0.0
174	__protein1_rbs	18.0	0.0	0.0
174	__protein2_rbs	20.33333333333333	0.0	0.0
174	__protein3_rbs	20.666666666666668	0.0	0.0
174	__ribosome	17.666666666666668	0.0	0.0
174	__rnase_site_ext	24.0	0.0	0.0
174	p0	1.0	0.0	0.0
174	p1	1.0	0.0	0.0
174	protein1	942.3333333333335	21.33333333333333	0.925614
174	protein2	1060.0	24.0	1.2993893333333333
174	protein3	1000.3333333333335	25.0	1.268877
174	r0	20.33333333333333	0.0	0.0
174	r2	24.66666666666667	0.0	0.0
174	rnapol	0.0	0.0	0.0
175	__protein1_rbs	18.0	0.0	0.0
175	__protein2_rbs	18.33333333333333	0.0	0.0
175	__protein3_rbs	22.33333333333333	0.0	0.0
175	__ribosome	14.333333333333336	0.0	0.0
175	__rnase_site_ext	24.0	0.0	0.0
175	p0	1.0	0.0	0.0
175	p1	0.6666666666666666	0.0	0.0
175	protein1	948.6666666666665	21.66666666666667	1.0281376666666666
175	protein2	1068.0	24.0	1.3429303333333331
175	protein3	1006.6666666666665	25.0	1.2832006666666669
175	r0	20.33333333333333	0.0	0.0
175	r2	24.0	0.0	0.0
175	rnapol	0.0	0.0	0.0
176	__protein1_rbs	17.0	0.0	0.0
176	__protein2_rbs	19.666666666666668	0.0	0.0
176	__protein3_rbs	20.33333333333333	0.0	0.0
176	__ribosome	15.0	0.0	0.0
176	__rnase_site_ext	24.0	0.0	0.0
176	p0	0.6666666666666666	0.0	0.0
176	p1	0.6666666666666666	0.0	0.0
176	protein1	954.3333333333335	21.0	1.1337106666666668
176	protein2	1075.0	24.33333333333333	1.3367193333333336
176	protein3	1014.6666666666665	24.0	1.224359
176	r0	20.666666666666668	0.0	0.0
176	r2	24.33333333333333	0.0	0.0
176	rnapol	0.3333333333333333	0.0	0.0
177	__protein1_rbs	18.0	0.0	0.0
177	__protein2_rbs	19.666666666666668	0.0	0.0
177	__protein3_rbs	21.0	0.0	0.0
177	__ribosome	16.666666666666668	0.0	0.0
177	__rnase_site_ext	24.0	0.0	0.0
177	p0	1.0	0.0	0.0
177	p1	1.0	0.0	0.0
177	protein1	961.0	21.33333333333333	1.027472333333333
177	protein2	1082.3333333333333	24.33333333333333	1.3039856666666667
177	protein3	1020.3333333333335	24.66666666666667	1.2168633333333334
177	r0	19.666666666666668	0.0	0.0
177	r2	24.33333333333333	0.0	0.0
177	rnapol	0.3333333333333333	0.0	0.0
178	__protein1_rbs	19.666666666666668	0.0	0.0
178	__protein2_rbs	19.666666666666668	0.0	0.0
178	__protein3_rbs	20.666666666666668	0.0	0.0
178	__ribosome	23.33333333333333	0.0	0.0
178	__rnase_site_ext	24.0	0.0	0.0
178	p0	1.0	0.0	0.0
178	p1	1.0	0.0	0.0
178	protein1	969.3333333333335	21.66666666666667	0.9166666666666666
178	protein2	1090.6666666666667	24.33333333333333	1.2876983333333334
178	protein3	1029.3333333333333	24.33333333333333	1.073933
178	r0	20.666666666666668	0.0	0.0
178	r2	24.33333333333333	0.0	0.0
178	rnapol	0.3333333333333333	0.0	0.0
179	__protein1_rbs	18.666666666666668	0.0	0.0
179	__protein2_rbs	20.666666666666668	0.0	0.0
179	__protein3_rbs	20.33333333333333	0.0	0.0
179	__ribosome	22.33333333333333	0.0	0.0
179	__rnase_site_ext	24.33333333333333	0.0	0.0
179	p0	1.0	0.0	0.0
179	p1	0.3333333333333333	0.0	0.0
179	protein1	975.3333333333335	22.0	0.9475309999999999
179	protein2	1099.3333333333333	24.33333333333333	1.188076666666667
179	protein3	1036.6666666666667	24.33333333333333	1.157813
179	r0	19.666666666666668	0.0	0.0
179	r2	24.0	0.0	0.0
179	rnapol	0.0	0.0	0.0
180	__protein1_rbs	17.666666666666668	0.0	0.0
180	__protein2_rbs	21.33333333333333	0.0	0.0
180	__protein3_rbs	21.0	0.0	0.0
180	__ribosome	17.0	0.0	0.0
180	__rnase_site_ext	23.66666666666667	0.0	0.0
180	p0	1.0	0.0	0.0
180	p1	0.6666666666666666	0.0	0.0
180	protein1	980.0	21.33333333333333	1.165317333333333
180	protein2	1107.6666666666667	25.0	1.0869566666666668
180	protein3	1040.6666666666667	23.66666666666667	1.3524113333333334
180	r0	20.0	0.0	0.0
180	r2	23.33333333333333	0.0	0.0
180	rnapol	0.0	0.0	0.0
181	__protein1_rbs	18.33333333333333	0.0	0.0
181	__protein2_rbs	24.0	0.0	0.0
181	__protein3_rbs	20.33333333333333	0.0	0.0
181	__ribosome	15.0	0.0	0.0
181	__rnase_site_ext	24.33333333333333	0.0	0.0
181	p0	1.0	0.0	0.0
181	p1	1.0	0.0	0.0
181	protein1	986.3333333333335	21.66666666666667	1.1902833333333334
181	protein2	1113.0	25.66666666666667	1.0948276666666668
181	protein3	1047.0	23.33333333333333	1.3726246666666666
181	r0	21.33333333333333	0.0	0.0
181	r2	23.66666666666667	0.0	0.0
181	rnapol	0.0	0.0	0.0
182	__protein1_rbs	20.33333333333333	0.0	0.0
182	__protein2_rbs	22.66666666666667	0.0	0.0
182	__protein3_rbs	21.66666666666667	0.0	0.0
182	__ribosome	20.666666666666668	0.0	0.0
182	__rnase_site_ext	24.33333333333333	0.0	0.0
182	p0	1.0	0.0	0.0
182	p1	1.0	0.0	0.0
182	protein1	993.6666666666665	22.0	1.1085120000000002
182	protein2	1122.0	25.33333333333333	0.9570003333333332
182	protein3	1053.3333333333333	24.0	1.3345236666666669
182	r0	21.33333333333333	0.0	0.0
182	r2	24.33333333333333	0.0	0.0
182	rnapol	0.0	0.0	0.0
183	__protein1_rbs	18.33333333333333	0.0	0.0
183	__protein2_rbs	22.33333333333333	0.0	0.0
183	__protein3_rbs	21.33333333333333	0.0	0.0
183	__ribosome	22.33333333333333	0.0	0.0
183	__rnase_site_ext	23.66666666666667	0.0	0.0
183	p0	1.0	0.0	0.0
183	p1	1.0	0.0	0.0
183	protein1	1001.0	21.66666666666667	1.063028
183	protein2	1128.3333333333333	25.66666666666667	0.98659
183	protein3	1062.3333333333333	24.33333333333333	1.25
183	r0	20.666666666666668	0.0	0.0
183	r2	24.33333333333333	0.0	0.0
183	rnapol	0.0	0.0	0.0
184	__protein1_rbs	16.0	0.0	0.0
184	__protein2_rbs	22.66666666666667	0.0	0.0
184	__protein3_rbs	20.0	0.0	0.0
184	__ribosome	16.333333333333332	0.0	0.0
184	__rnase_site_ext	24.0	0.0	0.0
184	p0	1.0	0.0	0.0
184	p1	1.0	0.0	0.0
184	protein1	1009.6666666666665	21.66666666666667	1.1682913333333331
184	protein2	1134.6666666666667	25.0	1.1311826666666664
184	protein3	1070.6666666666667	24.33333333333333	1.2956353333333337
184	r0	18.666666666666668	0.0	0.0
184	r2	25.0	0.0	0.0
184	rnapol	0.0	0.0	0.0
185	__protein1_rbs	19.0	0.0	0.0
185	__protein2_rbs	21.33333333333333	0.0	0.0
185	__protein3_rbs	21.0	0.0	0.0
185	__ribosome	14.666666666666664	0.0	0.0
185	__rnase_site_ext	23.66666666666667	0.0	0.0
185	p0	1.0	0.0	0.0
185	p1	1.0	0.0	0.0
185	protein1	1016.0	21.66666666666667	1.1203703333333332
185	protein2	1139.6666666666667	24.66666666666667	1.279798
185	protein3	1077.6666666666667	25.33333333333333	1.2166249999999998
185	r0	19.666666666666668	0.0	0.0
185	r2	25.33333333333333	0.0	0.0
185	rnapol	0.0	0.0	0.0
186	__protein1_rbs	18.33333333333333	0.0	0.0
186	__protein2_rbs	20.0	0.0	0.0
186	__protein3_rbs	23.0	0.0	0.0
186	__ribosome	14.666666666666664	0.0	0.0
186	__rnase_site_ext	23.33333333333333	0.0	0.0
186	p0	1.0	0.0	0.0
186	p1	1.0	0.0	0.0
186	protein1	1021.6666666666665	21.66666666666667	1.1379836666666667
186	protein2	1146.3333333333333	24.66666666666667	1.3020200000000002
186	protein3	1083.6666666666667	25.66666666666667	1.1692753333333334
186	r0	19.666666666666668	0.0	0.0
186	r2	25.33333333333333	0.0	0.0
186	rnapol	0.0	0.0	0.0
187	__protein1_rbs	17.333333333333332	0.0	0.0
187	__protein2_rbs	20.666666666666668	0.0	0.0
187	__protein3_rbs	22.0	0.0	0.0
187	__ribosome	18.0	0.0	0.0
187	__rnase_site_ext	23.66666666666667	0.0	0.0
187	p0	1.0	0.0	0.0
187	p1	1.0	0.0	0.0
187	protein1	1029.3333333333333	21.33333333333333	1.0504936666666664
187	protein2	1153.6666666666667	24.66666666666667	1.2676766666666668
187	protein3	1090.6666666666667	25.33333333333333	1.163585
187	r0	19.666666666666668	0.0	0.0
187	r2	25.33333333333333	0.0	0.0
187	rnapol	0.3333333333333333	0.0	0.0
188	__protein1_rbs	18.0	0.0	0.0
188	__protein2_rbs	19.33333333333333	0.0	0.0
188	__protein3_rbs	18.0	0.0	0.0
188	__ribosome	17.666666666666668	0.0	0.0
188	__rnase_site_ext	23.66666666666667	0.0	0.0
188	p0	0.6666666666666666	0.0	0.0
188	p1	0.3333333333333333	0.0	0.0
188	protein1	1038.0	21.33333333333333	0.9656493333333334
188	protein2	1163.0	24.33333333333333	1.212643666666667
188	protein3	1098.0	25.33333333333333	1.3303763333333334
188	r0	20.33333333333333	0.0	0.0
188	r2	25.66666666666667	0.0	0.0
188	rnapol	0.0	0.0	0.0
189	__protein1_rbs	17.0	0.0	0.0
189	__protein2_rbs	20.666666666666668	0.0	0.0
189	__protein3_rbs	22.66666666666667	0.0	0.0
189	__ribosome	18.0	0.0	0.0
189	__rnase_site_ext	24.0	0.0	0.0
189	p0	1.0	0.0	0.0
189	p1	1.0	0.0	0.0
189	protein1	1044.3333333333333	21.33333333333333	1.0113713333333334
189	protein2	1170.3333333333333	24.66666666666667	1.2033530000000001
189	protein3	1106.0	26.0	1.2333333333333332
189	r0	19.33333333333333	0.0	0.0
189	r2	25.33333333333333	0.0	0.0
189	rnapol	1.0	0.0	0.0
190	__protein1_rbs	18.33333333333333	0.0	0.0
190	__protein2_rbs	21.66666666666667	0.0	0.0
190	__protein3_rbs	22.0	0.0	0.0
190	__ribosome	13.0	0.0	0.0
190	__rnase_site_ext	24.66666666666667	0.0	0.0
190	p0	1.0	0.0	0.0
190	p1	1.0	0.0	0.0
190	protein1	1049.3333333333333	21.33333333333333	1.006173
190	protein2	1176.3333333333333	25.33333333333333	1.2285476666666666
190	protein3	1109.6666666666667	25.66666666666667	1.3991546666666668
190	r0	22.0	0.0	0.0
190	r2	25.0	0.0	0.0
190	rnapol	0.6666666666666666	0.0	0.0
191	__protein1_rbs	18.0	0.0	0.0
191	__protein2_rbs	21.33333333333333	0.0	0.0
191	__protein3_rbs	21.66666666666667	0.0	0.0
191	__ribosome	14.333333333333336	0.0	0.0
191	__rnase_site_ext	24.66666666666667	0.0	0.0
191	p0	1.0	0.0	0.0
191	p1	1.0	0.0	0.0
191	protein1	1056.0	22.66666666666667	0.9273183333333334
191	protein2	1182.6666666666667	25.33333333333333	1.2467806666666668
191	protein3	1117.3333333333333	25.33333333333333	1.3686870000000002
191	r0	21.0	0.0	0.0
191	r2	25.0	0.0	0.0
191	rnapol	0.0	0.0	0.0
192	__protein1_rbs	17.666666666666668	0.0	0.0
192	__protein2_rbs	21.0	0.0	0.0
192	__protein3_rbs	21.33333333333333	0.0	0.0
192	__ribosome	18.0	0.0	0.0
192	__rnase_site_ext	24.33333333333333	0.0	0.0
192	p0	0.6666666666666666	0.0	0.0
192	p1	1.0	0.0	0.0
192	protein1	1062.0	22.66666666666667	0.9415206666666668
192	protein2	1189.3333333333333	24.66666666666667	1.2631379999999999
192	protein3	1127.0	25.0	1.2484126666666666
192	r0	21.0	0.0	0.0
192	r2	25.0	0.0	0.0
192	rnapol	0.0	0.0	0.0
193	__protein1_rbs	19.0	0.0	0.0
193	__protein2_rbs	20.666666666666668	0.0	0.0
193	__protein3_rbs	22.0	0.0	0.0
193	__ribosome	19.0	0.0	0.0
193	__rnase_site_ext	24.66666666666667	0.0	0.0
193	p0	1.0	0.0	0.0
193	p1	0.6666666666666666	0.0	0.0
193	protein1	1067.6666666666667	23.0	1.0666666666666669
193	protein2	1198.6666666666667	24.33333333333333	1.172434
193	protein3	1135.3333333333333	25.66666666666667	1.160606
193	r0	21.33333333333333	0.0	0.0
193	r2	24.66666666666667	0.0	0.0
193	rnapol	0.3333333333333333	0.0	0.0
194	__protein1_rbs	20.33333333333333	0.0	0.0
194	__protein2_rbs	20.33333333333333	0.0	0.0
194	__protein3_rbs	20.0	0.0	0.0
194	__ribosome	14.333333333333336	0.0	0.0
194	__rnase_site_ext	25.33333333333333	0.0	0.0
194	p0	1.0	0.0	0.0
194	p1	1.0	0.0	0.0
194	protein1	1073.0	23.33333333333333	1.1083743333333331
194	protein2	1206.6666666666667	25.0	1.1934593333333334
194	protein3	1142.3333333333333	24.66666666666667	1.2756133333333337
194	r0	22.66666666666667	0.0	0.0
194	r2	25.0	0.0	0.0
194	rnapol	0.0	0.0	0.0
195	__protein1_rbs	20.33333333333333	0.0	0.0
195	__protein2_rbs	21.0	0.0	0.0
195	__protein3_rbs	22.66666666666667	0.0	0.0
195	__ribosome	12.666666666666664	0.0	0.0
195	__rnase_site_ext	25.33333333333333	0.0	0.0
195	p0	1.0	0.0	0.0
195	p1	0.6666666666666666	0.0	0.0
195	protein1	1079.3333333333333	23.33333333333333	1.1381773333333334
195	protein2	1212.3333333333333	25.0	1.319841
195	protein3	1148.6666666666667	25.0	1.1967443333333334
195	r0	22.66666666666667	0.0	0.0
195	r2	24.66666666666667	0.0	0.0
195	rnapol	0.0	0.0	0.0
196	__protein1_rbs	19.0	0.0	0.0
196	__protein2_rbs	23.66666666666667	0.0	0.0
196	__protein3_rbs	22.66666666666667	0.0	0.0
196	__ribosome	18.666666666666668	0.0	0.0
196	__rnase_site_ext	25.33333333333333	0.0	0.0
196	p0	1.0	0.0	0.0
196	p1	0.6666666666666666	0.0	0.0
196	protein1	1088.6666666666667	23.33333333333333	1.015572
196	protein2	1218.6666666666667	25.33333333333333	1.2772726666666667
196	protein3	1155.6666666666667	24.66666666666667	1.0723596666666666
196	r0	21.66666666666667	0.0	0.0
196	r2	25.0	0.0	0.0
196	rnapol	0.6666666666666666	0.0	0.0
197	__protein1_rbs	18.666666666666668	0.0	0.0
197	__protein2_rbs	20.33333333333333	0.0	0.0
197	__protein3_rbs	22.33333333333333	0.0	0.0
197	__ribosome	18.0	0.0	0.0
197	__rnase_site_ext	25.0	0.0	0.0
197	p0	1.0	0.0	0.0
197	p1	1.0	0.0	0.0
197	protein1	1097.3333333333333	23.0	0.965873
197	protein2	1225.0	25.33333333333333	1.3891413333333336
197	protein3	1163.0	25.33333333333333	1.0263719999999998
197	r0	20.33333333333333	0.0	0.0
197	r2	25.66666666666667	0.0	0.0
197	rnapol	0.3333333333333333	0.0	0.0
198	__protein1_rbs	18.0	0.0	0.0
198	__protein2_rbs	22.0	0.0	0.0
198	__protein3_rbs	21.66666666666667	0.0	0.0
198	__ribosome	18.666666666666668	0.0	0.0
198	__rnase_site_ext	25.33333333333333	0.0	0.0
198	p0	1.0	0.0	0.0
198	p1	1.0	0.0	0.0
198	protein1	1104.0	23.33333333333333	0.9706896666666666
198	protein2	1235.0	25.66666666666667	1.300404
198	protein3	1169.0	25.66666666666667	1.0364656666666667
198	r0	21.0	0.0	0.0
198	r2	26.33333333333333	0.0	0.0
198	rnapol	0.3333333333333333	0.0	0.0
199	__protein1_rbs	21.0	0.0	0.0
199	__protein2_rbs	22.0	0.0	0.0
199	__protein3_rbs	22.0	0.0	0.0
199	__ribosome	14.666666666666664	0.0	0.0
199	__rnase_site_ext	25.33333333333333	0.0	0.0
199	p0	1.0	0.0	0.0
199	p1	1.0	0.0	0.0
199	protein1	1108.3333333333333	23.0	1.0293649999999999
199	protein2	1242.6666666666667	25.33333333333333	1.3391413333333333
199	protein3	1175.6666666666667	26.33333333333333	1.121679
199	r0	22.0	0.0	0.0
199	r2	25.66666666666667	0.0	0.0
199	rnapol	0.3333333333333333	0.0	0.0
200	__protein1_rbs	20.666666666666668	0.0	0.0
200	__protein2_rbs	22.33333333333333	0.0	0.0
200	__protein3_rbs	21.33333333333333	0.0	0.0
200	__ribosome	13.666666666666664	0.0	0.0
200	__rnase_site_ext	25.33333333333333	0.0	0.0
200	p0	1.0	0.0	0.0
200	p1	1.0	0.0	0.0
200	protein1	1116.3333333333333	23.0	0.9126983333333332
200	protein2	1249.0	25.66666666666667	1.3768733333333334
200	protein3	1180.3333333333333	26.0	1.223732
200	r0	22.66666666666667	0.0	0.0
200	r2	25.66666666666667	0.0	0.0
200	rnapol	0.3333333333333333	0.0	0.0
201	__protein1_rbs	19.0	0.0	0.0
201	__protein2_rbs	24.33333333333333	0.0	0.0
201	__protein3_rbs	24.33333333333333	0.0	0.0
201	__ribosome	17.666666666666668	0.0	0.0
201	__rnase_site_ext	25.66666666666667	0.0	0.0
201	p0	0.6666666666666666	0.0	0.0
201	p1	1.0	0.0	0.0
201	protein1	1124.3333333333333	22.66666666666667	0.8571430000000001
201	protein2	1258.3333333333333	25.66666666666667	1.2739086666666666
201	protein3	1185.3333333333333	25.66666666666667	1.2259963333333337
201	r0	22.66666666666667	0.0	0.0
201	r2	25.33333333333333	0.0	0.0
201	rnapol	0.0	0.0	0.0
202	__protein1_rbs	20.33333333333333	0.0	0.0
202	__protein2_rbs	23.0	0.0	0.0
202	__protein3_rbs	19.0	0.0	0.0
202	__ribosome	16.666666666666668	0.0	0.0
202	__rnase_site_ext	25.33333333333333	0.0	0.0
202	p0	1.0	0.0	0.0
202	p1	0.6666666666666666	0.0	0.0
202	protein1	1130.3333333333333	23.33333333333333	0.8376623333333333
202	protein2	1266.3333333333333	26.33333333333333	1.266908
202	protein3	1193.3333333333333	25.33333333333333	1.2702296666666666
202	r0	21.66666666666667	0.0	0.0
202	r2	25.0	0.0	0.0
202	rnapol	0.3333333333333333	0.0	0.0
203	__protein1_rbs	19.0	0.0	0.0
203	__protein2_rbs	24.0	0.0	0.0
203	__protein3_rbs	21.33333333333333	0.0	0.0
203	__ribosome	16.0	0.0	0.0
203	__rnase_site_ext	26.0	0.0	0.0
203	p0	1.0	0.0	0.0
203	p1	1.0	0.0	0.0
203	protein1	1135.3333333333333	23.66666666666667	0.919279
203	protein2	1274.0	26.33333333333333	1.1907953333333334
203	protein3	1200.6666666666667	24.66666666666667	1.3585226666666663
203	r0	22.66666666666667	0.0	0.0
203	r2	24.66666666666667	0.0	0.0
203	rnapol	0.3333333333333333	0.0	0.0
204	__protein1_rbs	19.0	0.0	0.0
204	__protein2_rbs	21.33333333333333	0.0	0.0
204	__protein3_rbs	21.0	0.0	0.0
204	__ribosome	15.0	0.0	0.0
204	__rnase_site_ext	25.0	0.0	0.0
204	p0	1.0	0.0	0.0
204	p1	0.6666666666666666	0.0	0.0
204	protein1	1142.3333333333333	23.33333333333333	1.0302069999999999
204	protein2	1282.6666666666667	26.33333333333333	1.1203100000000001
204	protein3	1207.6666666666667	24.66666666666667	1.377841
204	r0	21.66666666666667	0.0	0.0
204	r2	24.66666666666667	0.0	0.0
204	rnapol	0.0	0.0	0.0
205	__protein1_rbs	21.33333333333333	0.0	0.0
205	__protein2_rbs	23.0	0.0	0.0
205	__protein3_rbs	20.33333333333333	0.0	0.0
205	__ribosome	14.666666666666664	0.0	0.0
205	__rnase_site_ext	25.0	0.0	0.0
205	p0	1.0	0.0	0.0
205	p1	1.0	0.0	0.0
205	protein1	1146.6666666666667	22.66666666666667	0.975589
205	protein2	1290.0	26.0	1.1280353333333333
205	protein3	1213.6666666666667	24.66666666666667	1.46875
205	r0	23.0	0.0	0.0
205	r2	25.33333333333333	0.0	0.0
205	rnapol	0.3333333333333333	0.0	0.0
206	__protein1_rbs	20.33333333333333	0.0	0.0
206	__protein2_rbs	21.33333333333333	0.0	0.0
206	__protein3_rbs	22.66666666666667	0.0	0.0
206	__ribosome	18.33333333333333	0.0	0.0
206	__rnase_site_ext	25.33333333333333	0.0	0.0
206	p0	1.0	0.0	0.0
206	p1	1.0	0.0	0.0
206	protein1	1154.6666666666667	23.33333333333333	0.8415279999999999
206	protein2	1298.6666666666667	26.33333333333333	1.0991453333333334
206	protein3	1221.0	25.33333333333333	1.367244
206	r0	22.33333333333333	0.0	0.0
206	r2	24.66666666666667	0.0	0.0
206	rnapol	0.0	0.0	0.0
207	__protein1_rbs	20.666666666666668	0.0	0.0
207	__protein2_rbs	21.66666666666667	0.0	0.0
207	__protein3_rbs	19.33333333333333	0.0	0.0
207	__ribosome	18.0	0.0	0.0
207	__rnase_site_ext	25.33333333333333	0.0	0.0
207	p0	1.0	0.0	0.0
207	p1	1.0	0.0	0.0
207	protein1	1162.3333333333333	23.33333333333333	0.8051750000000001
207	protein2	1304.0	26.33333333333333	1.1812436666666668
207	protein3	1230.3333333333333	25.0	1.3496123333333332
207	r0	22.33333333333333	0.0	0.0
207	r2	25.0	0.0	0.0
207	rnapol	0.3333333333333333	0.0	0.0
208	__protein1_rbs	20.0	0.0	0.0
208	__protein2_rbs	22.33333333333333	0.0	0.0
208	__protein3_rbs	22.33333333333333	0.0	0.0
208	__ribosome	15.333333333333336	0.0	0.0
208	__rnase_site_ext	24.66666666666667	0.0	0.0
208	p0	0.6666666666666666	0.0	0.0
208	p1	1.0	0.0	0.0
208	protein1	1166.6666666666667	23.0	0.8657436666666666
208	protein2	1310.3333333333333	26.0	1.2624666666666668
208	protein3	1237.3333333333333	25.0	1.3536256666666666
208	r0	22.0	0.0	0.0
208	r2	25.33333333333333	0.0	0.0
208	rnapol	0.0	0.0	0.0
209	__protein1_rbs	21.33333333333333	0.0	0.0
209	__protein2_rbs	21.66666666666667	0.0	0.0
209	__protein3_rbs	21.33333333333333	0.0	0.0
209	__ribosome	16.333333333333332	0.0	0.0
209	__rnase_site_ext	25.0	0.0	0.0
209	p0	1.0	0.0	0.0
209	p1	1.0	0.0	0.0
209	protein1	1172.3333333333333	23.66666666666667	0.8500219999999999
209	protein2	1318.6666666666667	25.66666666666667	1.2554346666666667
209	protein3	1245.0	25.66666666666667	1.2785326666666668
209	r0	22.33333333333333	0.0	0.0
209	r2	26.33333333333333	0.0	0.0
209	rnapol	0.3333333333333333	0.0	0.0
210	__protein1_rbs	20.33333333333333	0.0	0.0
210	__protein2_rbs	21.33333333333333	0.0	0.0
210	__protein3_rbs	24.33333333333333	0.0	0.0
210	__ribosome	14.333333333333336	0.0	0.0
210	__rnase_site_ext	25.0	0.0	0.0
210	p0	1.0	0.0	0.0
210	p1	1.0	0.0	0.0
210	protein1	1178.3333333333333	23.33333333333333	0.8601989999999999
210	protein2	1325.6666666666667	25.66666666666667	1.3693793333333335
210	protein3	1250.3333333333333	26.33333333333333	1.2172403333333337
210	r0	21.66666666666667	0.0	0.0
210	r2	26.0	0.0	0.0
210	rnapol	0.3333333333333333	0.0	0.0
211	__protein1_rbs	20.666666666666668	0.0	0.0
211	__protein2_rbs	19.33333333333333	0.0	0.0
211	__protein3_rbs	22.66666666666667	0.0	0.0
211	__ribosome	17.0	0.0	0.0
211	__rnase_site_ext	24.66666666666667	0.0	0.0
211	p0	1.0	0.0	0.0
211	p1	0.6666666666666666	0.0	0.0
211	protein1	1185.0	23.0	0.797367
211	protein2	1333.6666666666667	25.33333333333333	1.434343666666667
211	protein3	1259.3333333333333	26.0	1.1455176666666669
211	r0	22.0	0.0	0.0
211	r2	26.66666666666667	0.0	0.0
211	rnapol	0.0	0.0	0.0
212	__protein1_rbs	18.666666666666668	0.0	0.0
212	__protein2_rbs	20.33333333333333	0.0	0.0
212	__protein3_rbs	23.66666666666667	0.0	0.0
212	__ribosome	16.333333333333332	0.0	0.0
212	__rnase_site_ext	24.0	0.0	0.0
212	p0	0.6666666666666666	0.0	0.0
212	p1	1.0	0.0	0.0
212	protein1	1190.6666666666667	23.33333333333333	0.8888053333333333
212	protein2	1342.3333333333333	25.0	1.4610076666666665
212	protein3	1266.6666666666667	27.0	1.0817566666666665
212	r0	21.0	0.0	0.0
212	r2	26.33333333333333	0.0	0.0
212	rnapol	0.0	0.0	0.0
213	__protein1_rbs	18.33333333333333	0.0	0.0
213	__protein2_rbs	22.33333333333333	0.0	0.0
213	__protein3_rbs	24.33333333333333	0.0	0.0
213	__ribosome	15.333333333333336	0.0	0.0
213	__rnase_site_ext	25.0	0.0	0.0
213	p0	1.0	0.0	0.0
213	p1	1.0	0.0	0.0
213	protein1	1195.6666666666667	23.66666666666667	1.029310333333333
213	protein2	1350.0	25.33333333333333	1.3625833333333333
213	protein3	1274.6666666666667	26.33333333333333	1.0569143333333333
213	r0	22.33333333333333	0.0	0.0
213	r2	26.33333333333333	0.0	0.0
213	rnapol	0.3333333333333333	0.0	0.0
214	__protein1_rbs	19.666666666666668	0.0	0.0
214	__protein2_rbs	21.0	0.0	0.0
214	__protein3_rbs	24.0	0.0	0.0
214	__ribosome	16.0	0.0	0.0
214	__rnase_site_ext	25.0	0.0	0.0
214	p0	0.6666666666666666	0.0	0.0
214	p1	0.6666666666666666	0.0	0.0
214	protein1	1202.3333333333333	23.66666666666667	1.0265916666666666
214	protein2	1358.0	25.33333333333333	1.2604323333333334
214	protein3	1281.0	26.33333333333333	1.1310386666666667
214	r0	21.33333333333333	0.0	0.0
214	r2	25.66666666666667	0.0	0.0
214	rnapol	0.0	0.0	0.0
215	__protein1_rbs	19.666666666666668	0.0	0.0
215	__protein2_rbs	22.0	0.0	0.0
215	__protein3_rbs	22.33333333333333	0.0	0.0
215	__ribosome	14.666666666666664	0.0	0.0
215	__rnase_site_ext	24.66666666666667	0.0	0.0
215	p0	1.0	0.0	0.0
215	p1	0.6666666666666666	0.0	0.0
215	protein1	1207.3333333333333	23.33333333333333	1.1203166666666666
215	protein2	1367.3333333333333	25.66666666666667	1.0877726666666667
215	protein3	1285.6666666666667	25.66666666666667	1.2850793333333332
215	r0	22.0	0.0	0.0
215	r2	25.0	0.0	0.0
215	rnapol	0.3333333333333333	0.0	0.0
216	__protein1_rbs	19.666666666666668	0.0	0.0
216	__protein2_rbs	21.0	0.0	0.0
216	__protein3_rbs	22.66666666666667	0.0	0.0
216	__ribosome	16.333333333333332	0.0	0.0
216	__rnase_site_ext	25.33333333333333	0.0	0.0
216	p0	1.0	0.0	0.0
216	p1	0.6666666666666666	0.0	0.0
216	protein1	1216.6666666666667	24.0	0.9734126666666666
216	protein2	1375.0	25.66666666666667	1.0906966666666666
216	protein3	1292.0	25.33333333333333	1.3428033333333331
216	r0	22.33333333333333	0.0	0.0
216	r2	24.66666666666667	0.0	0.0
216	rnapol	0.3333333333333333	0.0	0.0
217	__protein1_rbs	21.0	0.0	0.0
217	__protein2_rbs	21.66666666666667	0.0	0.0
217	__protein3_rbs	20.0	0.0	0.0
217	__ribosome	15.0	0.0	0.0
217	__rnase_site_ext	25.0	0.0	0.0
217	p0	1.0	0.0	0.0
217	p1	0.6666666666666666	0.0	0.0
217	protein1	1224.0	23.66666666666667	1.007407333333333
217	protein2	1382.0	26.33333333333333	1.072202
217	protein3	1299.6666666666667	25.0	1.375142
217	r0	22.66666666666667	0.0	0.0
217	r2	24.66666666666667	0.0	0.0
217	rnapol	0.3333333333333333	0.0	0.0
218	__protein1_rbs	17.333333333333332	0.0	0.0
218	__protein2_rbs	22.33333333333333	0.0	0.0
218	__protein3_rbs	19.0	0.0	0.0
218	__ribosome	12.666666666666664	0.0	0.0
218	__rnase_site_ext	24.33333333333333	0.0	0.0
218	p0	0.6666666666666666	0.0	0.0
218	p1	0.6666666666666666	0.0	0.0
218	protein1	1230.6666666666667	23.33333333333333	1.1535696666666666
218	protein2	1389.333333333333	26.0	1.103241666666667
218	protein3	1307.3333333333333	24.66666666666667	1.3713883333333332
218	r0	21.0	0.0	0.0
218	r2	23.33333333333333	0.0	0.0
218	rnapol	0.0	0.0	0.0
219	__protein1_rbs	23.0	0.0	0.0
219	__protein2_rbs	23.33333333333333	0.0	0.0
219	__protein3_rbs	22.0	0.0	0.0
219	__ribosome	14.0	0.0	0.0
219	__rnase_site_ext	24.66666666666667	0.0	0.0
219	p0	1.0	0.0	0.0
219	p1	1.0	0.0	0.0
219	protein1	1237.3333333333333	23.66666666666667	1.0051759999999998
219	protein2	1393.0	26.33333333333333	1.165157
219	protein3	1313.6666666666667	24.0	1.3994950000000002
219	r0	23.33333333333333	0.0	0.0
219	r2	24.0	0.0	0.0
219	rnapol	0.3333333333333333	0.0	0.0
220	__protein1_rbs	19.666666666666668	0.0	0.0
220	__protein2_rbs	22.66666666666667	0.0	0.0
220	__protein3_rbs	20.666666666666668	0.0	0.0
220	__ribosome	15.0	0.0	0.0
220	__rnase_site_ext	25.0	0.0	0.0
220	p0	1.0	0.0	0.0
220	p1	0.6666666666666666	0.0	0.0
220	protein1	1245.6666666666667	23.33333333333333	0.9419216666666668
220	protein2	1400.666666666667	26.33333333333333	1.1344366666666668
220	protein3	1321.3333333333333	24.33333333333333	1.4188426666666665
220	r0	22.0	0.0	0.0
220	r2	24.0	0.0	0.0
220	rnapol	0.0	0.0	0.0
221	__protein1_rbs	20.666666666666668	0.0	0.0
221	__protein2_rbs	22.66666666666667	0.0	0.0
221	__protein3_rbs	19.0	0.0	0.0
221	__ribosome	16.333333333333332	0.0	0.0
221	__rnase_site_ext	24.66666666666667	0.0	0.0
221	p0	1.0	0.0	0.0
221	p1	1.0	0.0	0.0
221	protein1	1254.0	23.66666666666667	0.8493826666666667
221	protein2	1408.0	26.33333333333333	1.128116
221	protein3	1330.0	24.33333333333333	1.441642
221	r0	22.0	0.0	0.0
221	r2	24.33333333333333	0.0	0.0
221	rnapol	0.0	0.0	0.0
222	__protein1_rbs	20.33333333333333	0.0	0.0
222	__protein2_rbs	22.33333333333333	0.0	0.0
222	__protein3_rbs	19.0	0.0	0.0
222	__ribosome	13.0	0.0	0.0
222	__rnase_site_ext	23.66666666666667	0.0	0.0
222	p0	1.0	0.0	0.0
222	p1	1.0	0.0	0.0
222	protein1	1260.0	23.33333333333333	0.8426193333333334
222	protein2	1415.666666666667	25.33333333333333	1.1569906666666665
222	protein3	1335.3333333333333	25.0	1.5737663333333334
222	r0	22.0	0.0	0.0
222	r2	24.66666666666667	0.0	0.0
222	rnapol	0.3333333333333333	0.0	0.0
223	__protein1_rbs	20.33333333333333	0.0	0.0
223	__protein2_rbs	20.0	0.0	0.0
223	__protein3_rbs	22.0	0.0	0.0
223	__ribosome	14.666666666666664	0.0	0.0
223	__rnase_site_ext	24.66666666666667	0.0	0.0
223	p0	1.0	0.0	0.0
223	p1	0.6666666666666666	0.0	0.0
223	protein1	1265.6666666666667	23.66666666666667	0.8726326666666667
223	protein2	1422.666666666667	25.33333333333333	1.121212
223	protein3	1344.0	25.0	1.526921
223	r0	23.33333333333333	0.0	0.0
223	r2	24.66666666666667	0.0	0.0
223	rnapol	0.3333333333333333	0.0	0.0
224	__protein1_rbs	20.666666666666668	0.0	0.0
224	__protein2_rbs	20.666666666666668	0.0	0.0
224	__protein3_rbs	21.33333333333333	0.0	0.0
224	__ribosome	15.666666666666664	0.0	0.0
224	__rnase_site_ext	25.0	0.0	0.0
224	p0	1.0	0.0	0.0
224	p1	1.0	0.0	0.0
224	protein1	1273.3333333333333	24.0	0.8257576666666666
224	protein2	1429.333333333333	25.66666666666667	1.153968
224	protein3	1351.6666666666667	24.66666666666667	1.4844296666666663
224	r0	23.0	0.0	0.0
224	r2	25.0	0.0	0.0
224	rnapol	0.0	0.0	0.0
225	__protein1_rbs	21.33333333333333	0.0	0.0
225	__protein2_rbs	21.33333333333333	0.0	0.0
225	__protein3_rbs	21.33333333333333	0.0	0.0
225	__ribosome	16.0	0.0	0.0
225	__rnase_site_ext	25.0	0.0	0.0
225	p0	1.0	0.0	0.0
225	p1	1.0	0.0	0.0
225	protein1	1277.6666666666667	24.0	0.8928569999999999
225	protein2	1435.333333333333	25.33333333333333	1.211746
225	protein3	1361.6666666666667	25.33333333333333	1.3124226666666667
225	r0	23.33333333333333	0.0	0.0
225	r2	25.0	0.0	0.0
225	rnapol	0.6666666666666666	0.0	0.0
226	__protein1_rbs	20.0	0.0	0.0
226	__protein2_rbs	19.33333333333333	0.0	0.0
226	__protein3_rbs	19.666666666666668	0.0	0.0
226	__ribosome	12.333333333333336	0.0	0.0
226	__rnase_site_ext	24.66666666666667	0.0	0.0
226	p0	0.6666666666666666	0.0	0.0
226	p1	0.3333333333333333	0.0	0.0
226	protein1	1284.0	23.66666666666667	0.92316
226	protein2	1442.666666666667	25.33333333333333	1.2603173333333333
226	protein3	1370.0	25.33333333333333	1.396510666666667
226	r0	23.33333333333333	0.0	0.0
226	r2	24.66666666666667	0.0	0.0
226	rnapol	0.0	0.0	0.0
227	__protein1_rbs	21.0	0.0	0.0
227	__protein2_rbs	22.33333333333333	0.0	0.0
227	__protein3_rbs	21.0	0.0	0.0
227	__ribosome	15.666666666666664	0.0	0.0
227	__rnase_site_ext	25.66666666666667	0.0	0.0
227	p0	1.0	0.0	0.0
227	p1	1.0	0.0	0.0
227	protein1	1291.0	24.33333333333333	0.8703649999999999
227	protein2	1448.666666666667	25.33333333333333	1.296865333333333
227	protein3	1379.666666666667	24.66666666666667	1.2743053333333332
227	r0	24.33333333333333	0.0	0.0
227	r2	25.0	0.0	0.0
227	rnapol	0.0	0.0	0.0
228	__protein1_rbs	23.0	0.0	0.0
228	__protein2_rbs	22.0	0.0	0.0
228	__protein3_rbs	20.666666666666668	0.0	0.0
228	__ribosome	14.0	0.0	0.0
228	__rnase_site_ext	25.66666666666667	0.0	0.0
228	p0	1.0	0.0	0.0
228	p1	1.0	0.0	0.0
228	protein1	1297.6666666666667	24.66666666666667	0.7952386666666666
228	protein2	1456.333333333333	25.33333333333333	1.2906046666666666
228	protein3	1384.666666666667	25.33333333333333	1.3759016666666666
228	r0	23.66666666666667	0.0	0.0
228	r2	24.66666666666667	0.0	0.0
228	rnapol	0.3333333333333333	0.0	0.0
229	__protein1_rbs	21.0	0.0	0.0
229	__protein2_rbs	24.0	0.0	0.0
229	__protein3_rbs	21.0	0.0	0.0
229	__ribosome	12.666666666666664	0.0	0.0
229	__rnase_site_ext	26.33333333333333	0.0	0.0
229	p0	1.0	0.0	0.0
229	p1	0.3333333333333333	0.0	0.0
229	protein1	1302.6666666666667	25.0	0.8301116666666667
229	protein2	1463.0	25.66666666666667	1.2796933333333331
229	protein3	1391.333333333333	25.0	1.4156296666666668
229	r0	23.33333333333333	0.0	0.0
229	r2	24.0	0.0	0.0
229	rnapol	0.0	0.0	0.0
230	__protein1_rbs	21.66666666666667	0.0	0.0
230	__protein2_rbs	22.33333333333333	0.0	0.0
230	__protein3_rbs	20.0	0.0	0.0
230	__ribosome	14.0	0.0	0.0
230	__rnase_site_ext	25.66666666666667	0.0	0.0
230	p0	0.6666666666666666	0.0	0.0
230	p1	1.0	0.0	0.0
230	protein1	1308.3333333333333	24.66666666666667	0.8700423333333333
230	protein2	1470.666666666667	26.33333333333333	1.2234483333333332
230	protein3	1399.666666666667	24.0	1.4015149999999998
230	r0	23.33333333333333	0.0	0.0
230	r2	24.0	0.0	0.0
230	rnapol	0.0	0.0	0.0
231	__protein1_rbs	21.0	0.0	0.0
231	__protein2_rbs	23.66666666666667	0.0	0.0
231	__protein3_rbs	19.666666666666668	0.0	0.0
231	__ribosome	16.0	0.0	0.0
231	__rnase_site_ext	26.33333333333333	0.0	0.0
231	p0	1.0	0.0	0.0
231	p1	0.6666666666666666	0.0	0.0
231	protein1	1316.0	25.0	0.8350463333333332
231	protein2	1479.0	26.66666666666667	1.19038
231	protein3	1408.333333333333	24.0	1.353535333333333
231	r0	23.66666666666667	0.0	0.0
231	r2	23.66666666666667	0.0	0.0
231	rnapol	0.0	0.0	0.0
232	__protein1_rbs	20.33333333333333	0.0	0.0
232	__protein2_rbs	24.0	0.0	0.0
232	__protein3_rbs	19.666666666666668	0.0	0.0
232	__ribosome	13.666666666666664	0.0	0.0
232	__rnase_site_ext	26.0	0.0	0.0
232	p0	1.0	0.0	0.0
232	p1	1.0	0.0	0.0
232	protein1	1320.6666666666667	25.0	1.0321426666666669
232	protein2	1487.666666666667	26.66666666666667	1.086666666666667
232	protein3	1415.0	24.0	1.3868686666666667
232	r0	23.33333333333333	0.0	0.0
232	r2	24.0	0.0	0.0
232	rnapol	0.0	0.0	0.0
233	__protein1_rbs	20.33333333333333	0.0	0.0
233	__protein2_rbs	22.33333333333333	0.0	0.0
233	__protein3_rbs	19.666666666666668	0.0	0.0
233	__ribosome	11.666666666666664	0.0	0.0
233	__rnase_site_ext	26.0	0.0	0.0
233	p0	1.0	0.0	0.0
233	p1	0.6666666666666666	0.0	0.0
233	protein1	1326.0	24.66666666666667	1.0833333333333333
233	protein2	1494.333333333333	26.33333333333333	1.15
233	protein3	1422.666666666667	24.0	1.352380666666667
233	r0	23.33333333333333	0.0	0.0
233	r2	24.33333333333333	0.0	0.0
233	rnapol	0.0	0.0	0.0
234	__protein1_rbs	20.666666666666668	0.0	0.0
234	__protein2_rbs	22.33333333333333	0.0	0.0
234	__protein3_rbs	20.33333333333333	0.0	0.0
234	__ribosome	12.0	0.0	0.0
234	__rnase_site_ext	25.66666666666667	0.0	0.0
234	p0	1.0	0.0	0.0
234	p1	0.6666666666666666	0.0	0.0
234	protein1	1334.3333333333333	24.33333333333333	1.075
234	protein2	1502.333333333333	26.66666666666667	1.114373
234	protein3	1428.666666666667	24.33333333333333	1.3743146666666668
234	r0	23.0	0.0	0.0
234	r2	24.66666666666667	0.0	0.0
234	rnapol	0.3333333333333333	0.0	0.0
235	__protein1_rbs	21.33333333333333	0.0	0.0
235	__protein2_rbs	22.0	0.0	0.0
235	__protein3_rbs	20.666666666666668	0.0	0.0
235	__ribosome	17.333333333333332	0.0	0.0
235	__rnase_site_ext	26.33333333333333	0.0	0.0
235	p0	0.6666666666666666	0.0	0.0
235	p1	0.6666666666666666	0.0	0.0
235	protein1	1343.3333333333333	24.33333333333333	0.9980843333333334
235	protein2	1510.666666666667	26.66666666666667	1.0736203333333334
235	protein3	1438.0	24.66666666666667	1.251806
235	r0	23.33333333333333	0.0	0.0
235	r2	24.66666666666667	0.0	0.0
235	rnapol	0.0	0.0	0.0
236	__protein1_rbs	21.66666666666667	0.0	0.0
236	__protein2_rbs	23.0	0.0	0.0
236	__protein3_rbs	21.0	0.0	0.0
236	__ribosome	16.333333333333332	0.0	0.0
236	__rnase_site_ext	26.0	0.0	0.0
236	p0	1.0	0.0	0.0
236	p1	1.0	0.0	0.0
236	protein1	1351.0	25.0	0.9454456666666666
236	protein2	1516.666666666667	27.33333333333333	1.1081729999999999
236	protein3	1445.0	24.66666666666667	1.2421516666666668
236	r0	24.0	0.0	0.0
236	r2	25.0	0.0	0.0
236	rnapol	0.3333333333333333	0.0	0.0
237	__protein1_rbs	22.66666666666667	0.0	0.0
237	__protein2_rbs	23.0	0.0	0.0
237	__protein3_rbs	21.0	0.0	0.0
237	__ribosome	19.33333333333333	0.0	0.0
237	__rnase_site_ext	26.66666666666667	0.0	0.0
237	p0	0.6666666666666666	0.0	0.0
237	p1	1.0	0.0	0.0
237	protein1	1358.3333333333333	25.0	0.8383403333333334
237	protein2	1523.666666666667	27.33333333333333	1.0892096666666666
237	protein3	1452.0	25.0	1.240943666666667
237	r0	24.33333333333333	0.0	0.0
237	r2	25.0	0.0	0.0
237	rnapol	0.0	0.0	0.0
238	__protein1_rbs	21.0	0.0	0.0
238	__protein2_rbs	21.66666666666667	0.0	0.0
238	__protein3_rbs	23.0	0.0	0.0
238	__ribosome	16.0	0.0	0.0
238	__rnase_site_ext	27.0	0.0	0.0
238	p0	0.6666666666666666	0.0	0.0
238	p1	0.3333333333333333	0.0	0.0
238	protein1	1366.3333333333333	25.66666666666667	0.796462
238	protein2	1528.333333333333	27.0	1.288333333333333
238	protein3	1458.333333333333	25.0	1.1937043333333337
238	r0	24.0	0.0	0.0
238	r2	25.0	0.0	0.0
238	rnapol	0.3333333333333333	0.0	0.0
239	__protein1_rbs	21.33333333333333	0.0	0.0
239	__protein2_rbs	24.0	0.0	0.0
239	__protein3_rbs	21.33333333333333	0.0	0.0
239	__ribosome	15.0	0.0	0.0
239	__rnase_site_ext	27.33333333333333	0.0	0.0
239	p0	1.0	0.0	0.0
239	p1	0.6666666666666666	0.0	0.0
239	protein1	1372.0	25.66666666666667	0.8884356666666667
239	protein2	1536.666666666667	27.33333333333333	1.180303
239	protein3	1464.666666666667	25.33333333333333	1.228535333333333
239	r0	24.0	0.0	0.0
239	r2	25.33333333333333	0.0	0.0
239	rnapol	0.0	0.0	0.0
240	__protein1_rbs	22.33333333333333	0.0	0.0
240	__protein2_rbs	23.33333333333333	0.0	0.0
240	__protein3_rbs	21.33333333333333	0.0	0.0
240	__ribosome	16.0	0.0	0.0
240	__rnase_site_ext	27.0	0.0	0.0
240	p0	1.0	0.0	0.0
240	p1	0.6666666666666666	0.0	0.0
240	protein1	1378.0	25.33333333333333	0.8856976666666666
240	protein2	1544.666666666667	27.33333333333333	1.1879166666666667
240	protein3	1473.0	25.66666666666667	1.1478493333333333
240	r0	23.66666666666667	0.0	0.0
240	r2	25.66666666666667	0.0	0.0
240	rnapol	0.3333333333333333	0.0	0.0
