time	species	protein	transcript	ribo_density
0	__protein1_rbs	0.0	0.0	0.0
0	__protein2_rbs	0.0	0.0	0.0
0	__protein3_rbs	0.0	0.0	0.0
0	__ribosome	100.0	0.0	0.0
0	__rnase_site_ext	0.0	0.0	0.0
0	p1	1.0	0.0	0.0
0	r1	0.0	0.0	0.0
0	rnapol	4.0	0.0	0.0
1	__protein1_rbs	0.0	0.0	0.0
1	__protein2_rbs	0.0	0.0	0.0
1	__protein3_rbs	0.0	0.0	0.0
1	__ribosome	100.0	0.0	0.0
1	__rnase_site_ext	0.0	0.0	0.0
1	p1	0.0	0.0	0.0
1	r1	0.0	0.0	0.0
1	rnapol	3.0	0.0	0.0
2	__protein1_rbs	0.0	0.0	0.0
2	__protein2_rbs	0.0	0.0	0.0
2	__protein3_rbs	0.0	0.0	0.0
2	__ribosome	99.0	0.0	0.0
2	__rnase_site_ext	0.0	0.0	0.0
2	p1	1.0	0.0	0.0
2	protein1	0.0	1.0	1.0
2	r1	0.0	0.0	0.0
2	rnapol	3.0	0.0	0.0
3	__protein1_rbs	1.0	0.0	0.0
3	__protein2_rbs	0.0	0.0	0.0
3	__protein3_rbs	0.0	0.0	0.0
3	__ribosome	99.0	0.0	0.0
3	__rnase_site_ext	1.0	0.0	0.0
3	p1	1.0	0.0	0.0
3	protein1	0.0	1.0	1.0
3	r1	0.0	0.0	0.0
3	rnapol	3.0	0.0	0.0
4	__protein1_rbs	1.0	0.0	0.0
4	__protein2_rbs	0.0	0.0	0.0
4	__protein3_rbs	0.0	0.0	0.0
4	__ribosome	97.0	0.0	0.0
4	__rnase_site_ext	1.0	0.0	0.0
4	p1	1.0	0.0	0.0
4	protein1	0.0	2.0	1.5
4	r1	0.0	0.0	0.0
4	rnapol	2.0	0.0	0.0
5	__protein1_rbs	2.0	0.0	0.0
5	__protein2_rbs	0.0	0.0	0.0
5	__protein3_rbs	0.0	0.0	0.0
5	__ribosome	94.0	0.0	0.0
5	__rnase_site_ext	3.0	0.0	0.0
5	p1	1.0	0.0	0.0
5	protein1	0.0	3.0	2.0
5	protein2	0.0	0.0	0.0
5	r1	0.0	0.0	0.0
5	rnapol	0.0	0.0	0.0
6	__protein1_rbs	1.0	0.0	0.0
6	__protein2_rbs	0.0	0.0	0.0
6	__protein3_rbs	0.0	0.0	0.0
6	__ribosome	91.0	0.0	0.0
6	__rnase_site_ext	2.0	0.0	0.0
6	p1	1.0	0.0	0.0
6	protein1	1.0	4.0	2.25
6	protein2	0.0	0.0	0.0
6	r1	0.0	0.0	0.0
6	rnapol	0.0	0.0	0.0
7	__protein1_rbs	0.0	0.0	0.0
7	__protein2_rbs	1.0	0.0	0.0
7	__protein3_rbs	0.0	0.0	0.0
7	__ribosome	88.0	0.0	0.0
7	__rnase_site_ext	0.0	0.0	0.0
7	p1	1.0	0.0	0.0
7	protein1	1.0	3.0	4.0
7	protein2	0.0	1.0	0.0
7	r1	1.0	0.0	0.0
7	rnapol	0.0	0.0	0.0
8	__protein1_rbs	2.0	0.0	0.0
8	__protein2_rbs	0.0	0.0	0.0
8	__protein3_rbs	0.0	0.0	0.0
8	__ribosome	88.0	0.0	0.0
8	__rnase_site_ext	3.0	0.0	0.0
8	p1	1.0	0.0	0.0
8	protein1	4.0	3.0	3.333333
8	protein2	0.0	1.0	2.0
8	r1	2.0	0.0	0.0
8	rnapol	0.0	0.0	0.0
9	__protein1_rbs	2.0	0.0	0.0
9	__protein2_rbs	0.0	0.0	0.0
9	__protein3_rbs	1.0	0.0	0.0
9	__ribosome	88.0	0.0	0.0
9	__rnase_site_ext	2.0	0.0	0.0
9	p1	1.0	0.0	0.0
9	protein1	7.0	3.0	3.0
9	protein2	0.0	0.0	inf
9	protein3	0.0	1.0	0.0
9	r1	0.0	0.0	0.0
9	rnapol	0.0	0.0	0.0
10	__protein1_rbs	2.0	0.0	0.0
10	__protein2_rbs	0.0	0.0	0.0
10	__protein3_rbs	0.0	0.0	0.0
10	__ribosome	89.0	0.0	0.0
10	__rnase_site_ext	2.0	0.0	0.0
10	p1	1.0	0.0	0.0
10	protein1	10.0	3.0	2.333333
10	protein2	0.0	0.0	inf
10	protein3	0.0	1.0	1.0
10	r1	0.0	0.0	0.0
10	rnapol	0.0	0.0	0.0
11	__protein1_rbs	1.0	0.0	0.0
11	__protein2_rbs	0.0	0.0	0.0
11	__protein3_rbs	1.0	0.0	0.0
11	__ribosome	88.0	0.0	0.0
11	__rnase_site_ext	2.0	0.0	0.0
11	p1	1.0	0.0	0.0
11	protein1	13.0	3.0	2.333333
11	protein2	0.0	0.0	inf
11	protein3	0.0	2.0	1.0
11	r1	0.0	0.0	0.0
11	rnapol	0.0	0.0	0.0
12	__protein1_rbs	1.0	0.0	0.0
12	__protein2_rbs	0.0	0.0	0.0
12	__protein3_rbs	1.0	0.0	0.0
12	__ribosome	86.0	0.0	0.0
12	__rnase_site_ext	2.0	0.0	0.0
12	p1	1.0	0.0	0.0
12	protein1	14.0	3.0	3.333333
12	protein2	2.0	0.0	inf
12	protein3	0.0	2.0	1.5
12	r1	0.0	0.0	0.0
12	rnapol	1.0	0.0	0.0
13	__protein1_rbs	0.0	0.0	0.0
13	__protein2_rbs	0.0	0.0	0.0
13	__protein3_rbs	2.0	0.0	0.0
13	__ribosome	82.0	0.0	0.0
13	__rnase_site_ext	2.0	0.0	0.0
13	p1	1.0	0.0	0.0
13	protein1	17.0	3.0	3.666667
13	protein2	3.0	0.0	
13	protein3	0.0	4.0	1.75
13	r1	0.0	0.0	0.0
13	rnapol	1.0	0.0	0.0
14	__protein1_rbs	3.0	0.0	0.0
14	__protein2_rbs	0.0	0.0	0.0
14	__protein3_rbs	1.0	0.0	0.0
14	__ribosome	76.0	0.0	0.0
14	__rnase_site_ext	3.0	0.0	0.0
14	p1	1.0	0.0	0.0
14	protein1	18.0	3.0	4.3333330000000005
14	protein2	3.0	0.0	
14	protein3	0.0	3.0	3.666667
14	r1	0.0	0.0	0.0
14	rnapol	1.0	0.0	0.0
15	__protein1_rbs	3.0	0.0	0.0
15	__protein2_rbs	0.0	0.0	0.0
15	__protein3_rbs	1.0	0.0	0.0
15	__ribosome	75.0	0.0	0.0
15	__rnase_site_ext	4.0	0.0	0.0
15	p1	1.0	0.0	0.0
15	protein1	21.0	4.0	3.0
15	protein2	3.0	0.0	
15	protein3	2.0	3.0	4.3333330000000005
15	r1	0.0	0.0	0.0
15	rnapol	2.0	0.0	0.0
16	__protein1_rbs	3.0	0.0	0.0
16	__protein2_rbs	0.0	0.0	0.0
16	__protein3_rbs	2.0	0.0	0.0
16	__ribosome	76.0	0.0	0.0
16	__rnase_site_ext	4.0	0.0	0.0
16	p1	1.0	0.0	0.0
16	protein1	27.0	4.0	2.5
16	protein2	3.0	0.0	
16	protein3	3.0	3.0	4.6666669999999995
16	r1	0.0	0.0	0.0
16	rnapol	2.0	0.0	0.0
17	__protein1_rbs	4.0	0.0	0.0
17	__protein2_rbs	0.0	0.0	0.0
17	__protein3_rbs	0.0	0.0	0.0
17	__ribosome	76.0	0.0	0.0
17	__rnase_site_ext	5.0	0.0	0.0
17	p1	1.0	0.0	0.0
17	protein1	31.0	5.0	2.2
17	protein2	3.0	0.0	
17	protein3	5.0	0.0	inf
17	r1	0.0	0.0	0.0
17	rnapol	2.0	0.0	0.0
18	__protein1_rbs	4.0	0.0	0.0
18	__protein2_rbs	0.0	0.0	0.0
18	__protein3_rbs	0.0	0.0	0.0
18	__ribosome	76.0	0.0	0.0
18	__rnase_site_ext	5.0	0.0	0.0
18	p1	1.0	0.0	0.0
18	protein1	32.0	5.0	2.8
18	protein2	3.0	0.0	
18	protein3	8.0	0.0	inf
18	r1	1.0	0.0	0.0
18	rnapol	2.0	0.0	0.0
19	__protein1_rbs	2.0	0.0	0.0
19	__protein2_rbs	0.0	0.0	0.0
19	__protein3_rbs	0.0	0.0	0.0
19	__ribosome	79.0	0.0	0.0
19	__rnase_site_ext	3.0	0.0	0.0
19	p1	1.0	0.0	0.0
19	protein1	36.0	5.0	2.8
19	protein2	3.0	0.0	inf
19	protein3	12.0	0.0	inf
19	r1	1.0	0.0	0.0
19	rnapol	1.0	0.0	0.0
20	__protein1_rbs	4.0	0.0	0.0
20	__protein2_rbs	0.0	0.0	0.0
20	__protein3_rbs	0.0	0.0	0.0
20	__ribosome	82.0	0.0	0.0
20	__rnase_site_ext	4.0	0.0	0.0
20	p1	1.0	0.0	0.0
20	protein1	42.0	6.0	2.0
20	protein2	3.0	1.0	2.0
20	protein3	14.0	0.0	inf
20	r1	1.0	0.0	0.0
20	rnapol	1.0	0.0	0.0
21	__protein1_rbs	3.0	0.0	0.0
21	__protein2_rbs	0.0	0.0	0.0
21	__protein3_rbs	0.0	0.0	0.0
21	__ribosome	84.0	0.0	0.0
21	__rnase_site_ext	4.0	0.0	0.0
21	p1	1.0	0.0	0.0
21	protein1	46.0	6.0	2.166667
21	protein2	3.0	0.0	inf
21	protein3	17.0	0.0	inf
21	r1	0.0	0.0	0.0
21	rnapol	1.0	0.0	0.0
22	__protein1_rbs	4.0	0.0	0.0
22	__protein2_rbs	0.0	0.0	0.0
22	__protein3_rbs	0.0	0.0	0.0
22	__ribosome	81.0	0.0	0.0
22	__rnase_site_ext	6.0	0.0	0.0
22	p1	1.0	0.0	0.0
22	protein1	47.0	7.0	2.428571
22	protein2	3.0	0.0	inf
22	protein3	18.0	0.0	
22	r1	0.0	0.0	0.0
22	rnapol	0.0	0.0	0.0
23	__protein1_rbs	4.0	0.0	0.0
23	__protein2_rbs	0.0	0.0	0.0
23	__protein3_rbs	0.0	0.0	0.0
23	__ribosome	79.0	0.0	0.0
23	__rnase_site_ext	5.0	0.0	0.0
23	p1	1.0	0.0	0.0
23	protein1	53.0	7.0	2.571429
23	protein2	4.0	0.0	inf
23	protein3	18.0	1.0	2.0
23	r1	0.0	0.0	0.0
23	rnapol	0.0	0.0	0.0
24	__protein1_rbs	4.0	0.0	0.0
24	__protein2_rbs	0.0	0.0	0.0
24	__protein3_rbs	1.0	0.0	0.0
24	__ribosome	78.0	0.0	0.0
24	__rnase_site_ext	5.0	0.0	0.0
24	p1	1.0	0.0	0.0
24	protein1	57.0	7.0	2.571429
24	protein2	4.0	0.0	inf
24	protein3	18.0	2.0	1.5
24	r1	0.0	0.0	0.0
24	rnapol	0.0	0.0	0.0
25	__protein1_rbs	3.0	0.0	0.0
25	__protein2_rbs	1.0	0.0	0.0
25	__protein3_rbs	1.0	0.0	0.0
25	__ribosome	75.0	0.0	0.0
25	__rnase_site_ext	3.0	0.0	0.0
25	p1	1.0	0.0	0.0
25	protein1	60.0	7.0	2.857143
25	protein2	5.0	1.0	0.0
25	protein3	18.0	2.0	2.5
25	r1	1.0	0.0	0.0
25	rnapol	0.0	0.0	0.0
26	__protein1_rbs	4.0	0.0	0.0
26	__protein2_rbs	1.0	0.0	0.0
26	__protein3_rbs	1.0	0.0	0.0
26	__ribosome	77.0	0.0	0.0
26	__rnase_site_ext	6.0	0.0	0.0
26	p1	1.0	0.0	0.0
26	protein1	70.0	7.0	2.285714
26	protein2	5.0	1.0	0.0
26	protein3	18.0	2.0	3.5
26	r1	1.0	0.0	0.0
26	rnapol	1.0	0.0	0.0
27	__protein1_rbs	4.0	0.0	0.0
27	__protein2_rbs	1.0	0.0	0.0
27	__protein3_rbs	2.0	0.0	0.0
27	__ribosome	73.0	0.0	0.0
27	__rnase_site_ext	4.0	0.0	0.0
27	p1	1.0	0.0	0.0
27	protein1	73.0	7.0	2.857143
27	protein2	5.0	1.0	0.0
27	protein3	19.0	2.0	3.5
27	r1	1.0	0.0	0.0
27	rnapol	2.0	0.0	0.0
28	__protein1_rbs	3.0	0.0	0.0
28	__protein2_rbs	0.0	0.0	0.0
28	__protein3_rbs	1.0	0.0	0.0
28	__ribosome	68.0	0.0	0.0
28	__rnase_site_ext	3.0	0.0	0.0
28	p1	1.0	0.0	0.0
28	protein1	77.0	7.0	3.428571
28	protein2	5.0	1.0	1.0
28	protein3	21.0	1.0	7.0
28	r1	1.0	0.0	0.0
28	rnapol	2.0	0.0	0.0
29	__protein1_rbs	5.0	0.0	0.0
29	__protein2_rbs	1.0	0.0	0.0
29	__protein3_rbs	1.0	0.0	0.0
29	__ribosome	66.0	0.0	0.0
29	__rnase_site_ext	5.0	0.0	0.0
29	p1	1.0	0.0	0.0
29	protein1	83.0	7.0	3.285714
29	protein2	5.0	1.0	2.0
29	protein3	22.0	2.0	4.5
29	r1	1.0	0.0	0.0
29	rnapol	2.0	0.0	0.0
30	__protein1_rbs	6.0	0.0	0.0
30	__protein2_rbs	0.0	0.0	0.0
30	__protein3_rbs	1.0	0.0	0.0
30	__ribosome	70.0	0.0	0.0
30	__rnase_site_ext	6.0	0.0	0.0
30	p1	1.0	0.0	0.0
30	protein1	92.0	8.0	2.5
30	protein2	5.0	0.0	inf
30	protein3	24.0	1.0	8.0
30	r1	0.0	0.0	0.0
30	rnapol	2.0	0.0	0.0
31	__protein1_rbs	5.0	0.0	0.0
31	__protein2_rbs	0.0	0.0	0.0
31	__protein3_rbs	0.0	0.0	0.0
31	__ribosome	67.0	0.0	0.0
31	__rnase_site_ext	7.0	0.0	0.0
31	p1	1.0	0.0	0.0
31	protein1	98.0	8.0	2.75
31	protein2	5.0	0.0	inf
31	protein3	25.0	1.0	9.0
31	r1	0.0	0.0	0.0
31	rnapol	2.0	0.0	0.0
32	__protein1_rbs	6.0	0.0	0.0
32	__protein2_rbs	0.0	0.0	0.0
32	__protein3_rbs	1.0	0.0	0.0
32	__ribosome	70.0	0.0	0.0
32	__rnase_site_ext	7.0	0.0	0.0
32	p1	1.0	0.0	0.0
32	protein1	106.0	9.0	2.444444
32	protein2	6.0	0.0	inf
32	protein3	27.0	1.0	7.0
32	r1	0.0	0.0	0.0
32	rnapol	2.0	0.0	0.0
33	__protein1_rbs	4.0	0.0	0.0
33	__protein2_rbs	1.0	0.0	0.0
33	__protein3_rbs	1.0	0.0	0.0
33	__ribosome	70.0	0.0	0.0
33	__rnase_site_ext	6.0	0.0	0.0
33	p1	1.0	0.0	0.0
33	protein1	110.0	9.0	2.888889
33	protein2	7.0	1.0	0.0
33	protein3	30.0	1.0	4.0
33	r1	1.0	0.0	0.0
33	rnapol	2.0	0.0	0.0
34	__protein1_rbs	5.0	0.0	0.0
34	__protein2_rbs	0.0	0.0	0.0
34	__protein3_rbs	0.0	0.0	0.0
34	__ribosome	70.0	0.0	0.0
34	__rnase_site_ext	6.0	0.0	0.0
34	p1	1.0	0.0	0.0
34	protein1	118.0	10.0	2.4
34	protein2	7.0	1.0	2.0
34	protein3	31.0	1.0	4.0
34	r1	1.0	0.0	0.0
34	rnapol	1.0	0.0	0.0
35	__protein1_rbs	6.0	0.0	0.0
35	__protein2_rbs	0.0	0.0	0.0
35	__protein3_rbs	1.0	0.0	0.0
35	__ribosome	67.0	0.0	0.0
35	__rnase_site_ext	7.0	0.0	0.0
35	p1	0.0	0.0	0.0
35	protein1	125.0	10.0	2.8
35	protein2	7.0	1.0	3.0
35	protein3	33.0	1.0	2.0
35	r1	1.0	0.0	0.0
35	rnapol	0.0	0.0	0.0
36	__protein1_rbs	6.0	0.0	0.0
36	__protein2_rbs	0.0	0.0	0.0
36	__protein3_rbs	0.0	0.0	0.0
36	__ribosome	64.0	0.0	0.0
36	__rnase_site_ext	7.0	0.0	0.0
36	p1	1.0	0.0	0.0
36	protein1	133.0	11.0	2.727273
36	protein2	7.0	0.0	inf
36	protein3	34.0	1.0	3.0
36	r1	0.0	0.0	0.0
36	rnapol	0.0	0.0	0.0
37	__protein1_rbs	5.0	0.0	0.0
37	__protein2_rbs	1.0	0.0	0.0
37	__protein3_rbs	1.0	0.0	0.0
37	__ribosome	59.0	0.0	0.0
37	__rnase_site_ext	8.0	0.0	0.0
37	p1	1.0	0.0	0.0
37	protein1	138.0	11.0	3.181818
37	protein2	7.0	1.0	3.0
37	protein3	34.0	1.0	3.0
37	r1	1.0	0.0	0.0
37	rnapol	0.0	0.0	0.0
38	__protein1_rbs	4.0	0.0	0.0
38	__protein2_rbs	0.0	0.0	0.0
38	__protein3_rbs	1.0	0.0	0.0
38	__ribosome	62.0	0.0	0.0
38	__rnase_site_ext	6.0	0.0	0.0
38	p1	1.0	0.0	0.0
38	protein1	150.0	10.0	3.1
38	protein2	8.0	0.0	inf
38	protein3	34.0	1.0	4.0
38	r1	1.0	0.0	0.0
38	rnapol	0.0	0.0	0.0
39	__protein1_rbs	5.0	0.0	0.0
39	__protein2_rbs	0.0	0.0	0.0
39	__protein3_rbs	0.0	0.0	0.0
39	__ribosome	62.0	0.0	0.0
39	__rnase_site_ext	8.0	0.0	0.0
39	p1	1.0	0.0	0.0
39	protein1	159.0	10.0	2.9
39	protein2	9.0	1.0	3.0
39	protein3	35.0	2.0	3.0
39	r1	1.0	0.0	0.0
39	rnapol	0.0	0.0	0.0
40	__protein1_rbs	5.0	0.0	0.0
40	__protein2_rbs	0.0	0.0	0.0
40	__protein3_rbs	2.0	0.0	0.0
40	__ribosome	63.0	0.0	0.0
40	__rnase_site_ext	6.0	0.0	0.0
40	p1	1.0	0.0	0.0
40	protein1	169.0	10.0	2.9
40	protein2	10.0	0.0	inf
40	protein3	36.0	2.0	2.5
40	r1	0.0	0.0	0.0
40	rnapol	0.0	0.0	0.0
41	__protein1_rbs	5.0	0.0	0.0
41	__protein2_rbs	0.0	0.0	0.0
41	__protein3_rbs	2.0	0.0	0.0
41	__ribosome	63.0	0.0	0.0
41	__rnase_site_ext	7.0	0.0	0.0
41	p1	1.0	0.0	0.0
41	protein1	178.0	10.0	2.8
41	protein2	10.0	0.0	inf
41	protein3	37.0	3.0	2.0
41	r1	0.0	0.0	0.0
41	rnapol	1.0	0.0	0.0
42	__protein1_rbs	6.0	0.0	0.0
42	__protein2_rbs	0.0	0.0	0.0
42	__protein3_rbs	1.0	0.0	0.0
42	__ribosome	64.0	0.0	0.0
42	__rnase_site_ext	8.0	0.0	0.0
42	p1	1.0	0.0	0.0
42	protein1	186.0	10.0	2.5
42	protein2	11.0	0.0	inf
42	protein3	37.0	2.0	4.5
42	r1	0.0	0.0	0.0
42	rnapol	2.0	0.0	0.0
43	__protein1_rbs	8.0	0.0	0.0
43	__protein2_rbs	0.0	0.0	0.0
43	__protein3_rbs	2.0	0.0	0.0
43	__ribosome	67.0	0.0	0.0
43	__rnase_site_ext	8.0	0.0	0.0
43	p1	1.0	0.0	0.0
43	protein1	195.0	11.0	2.0
43	protein2	11.0	0.0	inf
43	protein3	39.0	3.0	3.0
43	r1	0.0	0.0	0.0
43	rnapol	1.0	0.0	0.0
44	__protein1_rbs	6.0	0.0	0.0
44	__protein2_rbs	0.0	0.0	0.0
44	__protein3_rbs	1.0	0.0	0.0
44	__ribosome	66.0	0.0	0.0
44	__rnase_site_ext	8.0	0.0	0.0
44	p1	1.0	0.0	0.0
44	protein1	202.0	11.0	2.181818
44	protein2	13.0	0.0	
44	protein3	41.0	2.0	5.0
44	r1	0.0	0.0	0.0
44	rnapol	2.0	0.0	0.0
45	__protein1_rbs	7.0	0.0	0.0
45	__protein2_rbs	0.0	0.0	0.0
45	__protein3_rbs	1.0	0.0	0.0
45	__ribosome	64.0	0.0	0.0
45	__rnase_site_ext	9.0	0.0	0.0
45	p1	1.0	0.0	0.0
45	protein1	209.0	12.0	2.083333
45	protein2	13.0	0.0	
45	protein3	41.0	2.0	5.5
45	r1	0.0	0.0	0.0
45	rnapol	1.0	0.0	0.0
46	__protein1_rbs	6.0	0.0	0.0
46	__protein2_rbs	0.0	0.0	0.0
46	__protein3_rbs	1.0	0.0	0.0
46	__ribosome	60.0	0.0	0.0
46	__rnase_site_ext	8.0	0.0	0.0
46	p1	1.0	0.0	0.0
46	protein1	215.0	12.0	2.583333
46	protein2	13.0	0.0	
46	protein3	45.0	2.0	4.5
46	r1	0.0	0.0	0.0
46	rnapol	1.0	0.0	0.0
47	__protein1_rbs	7.0	0.0	0.0
47	__protein2_rbs	1.0	0.0	0.0
47	__protein3_rbs	1.0	0.0	0.0
47	__ribosome	62.0	0.0	0.0
47	__rnase_site_ext	8.0	0.0	0.0
47	p1	1.0	0.0	0.0
47	protein1	222.0	12.0	2.5
47	protein2	13.0	1.0	0.0
47	protein3	47.0	1.0	8.0
47	r1	1.0	0.0	0.0
47	rnapol	2.0	0.0	0.0
48	__protein1_rbs	9.0	0.0	0.0
48	__protein2_rbs	0.0	0.0	0.0
48	__protein3_rbs	0.0	0.0	0.0
48	__ribosome	63.0	0.0	0.0
48	__rnase_site_ext	11.0	0.0	0.0
48	p1	1.0	0.0	0.0
48	protein1	231.0	13.0	2.076923
48	protein2	13.0	1.0	1.0
48	protein3	47.0	0.0	inf
48	r1	2.0	0.0	0.0
48	rnapol	1.0	0.0	0.0
49	__protein1_rbs	8.0	0.0	0.0
49	__protein2_rbs	1.0	0.0	0.0
49	__protein3_rbs	0.0	0.0	0.0
49	__ribosome	66.0	0.0	0.0
49	__rnase_site_ext	10.0	0.0	0.0
49	p1	1.0	0.0	0.0
49	protein1	240.0	13.0	2.076923
49	protein2	13.0	1.0	2.0
49	protein3	51.0	0.0	inf
49	r1	1.0	0.0	0.0
49	rnapol	1.0	0.0	0.0
50	__protein1_rbs	10.0	0.0	0.0
50	__protein2_rbs	0.0	0.0	0.0
50	__protein3_rbs	0.0	0.0	0.0
50	__ribosome	69.0	0.0	0.0
50	__rnase_site_ext	11.0	0.0	0.0
50	p1	1.0	0.0	0.0
50	protein1	249.0	14.0	1.857143
50	protein2	13.0	0.0	inf
50	protein3	53.0	0.0	inf
50	r1	0.0	0.0	0.0
50	rnapol	0.0	0.0	0.0
51	__protein1_rbs	5.0	0.0	0.0
51	__protein2_rbs	0.0	0.0	0.0
51	__protein3_rbs	1.0	0.0	0.0
51	__ribosome	62.0	0.0	0.0
51	__rnase_site_ext	7.0	0.0	0.0
51	p1	1.0	0.0	0.0
51	protein1	256.0	14.0	2.428571
51	protein2	13.0	0.0	inf
51	protein3	54.0	1.0	2.0
51	r1	0.0	0.0	0.0
51	rnapol	0.0	0.0	0.0
52	__protein1_rbs	8.0	0.0	0.0
52	__protein2_rbs	0.0	0.0	0.0
52	__protein3_rbs	1.0	0.0	0.0
52	__ribosome	62.0	0.0	0.0
52	__rnase_site_ext	11.0	0.0	0.0
52	p1	1.0	0.0	0.0
52	protein1	265.0	14.0	2.428571
52	protein2	13.0	0.0	inf
52	protein3	56.0	2.0	1.0
52	r1	0.0	0.0	0.0
52	rnapol	0.0	0.0	0.0
53	__protein1_rbs	11.0	0.0	0.0
53	__protein2_rbs	0.0	0.0	0.0
53	__protein3_rbs	1.0	0.0	0.0
53	__ribosome	63.0	0.0	0.0
53	__rnase_site_ext	11.0	0.0	0.0
53	p1	1.0	0.0	0.0
53	protein1	272.0	14.0	2.428571
53	protein2	15.0	0.0	
53	protein3	56.0	2.0	1.5
53	r1	1.0	0.0	0.0
53	rnapol	0.0	0.0	0.0
54	__protein1_rbs	10.0	0.0	0.0
54	__protein2_rbs	1.0	0.0	0.0
54	__protein3_rbs	1.0	0.0	0.0
54	__ribosome	64.0	0.0	0.0
54	__rnase_site_ext	11.0	0.0	0.0
54	p1	1.0	0.0	0.0
54	protein1	284.0	14.0	2.214286
54	protein2	15.0	1.0	0.0
54	protein3	56.0	2.0	2.5
54	r1	1.0	0.0	0.0
54	rnapol	1.0	0.0	0.0
55	__protein1_rbs	7.0	0.0	0.0
55	__protein2_rbs	0.0	0.0	0.0
55	__protein3_rbs	1.0	0.0	0.0
55	__ribosome	62.0	0.0	0.0
55	__rnase_site_ext	9.0	0.0	0.0
55	p1	1.0	0.0	0.0
55	protein1	295.0	14.0	2.071429
55	protein2	15.0	1.0	2.0
55	protein3	56.0	3.0	2.333333
55	r1	1.0	0.0	0.0
55	rnapol	1.0	0.0	0.0
56	__protein1_rbs	8.0	0.0	0.0
56	__protein2_rbs	0.0	0.0	0.0
56	__protein3_rbs	2.0	0.0	0.0
56	__ribosome	57.0	0.0	0.0
56	__rnase_site_ext	8.0	0.0	0.0
56	p1	1.0	0.0	0.0
56	protein1	303.0	14.0	2.357143
56	protein2	15.0	0.0	inf
56	protein3	57.0	3.0	2.666667
56	r1	0.0	0.0	0.0
56	rnapol	2.0	0.0	0.0
57	__protein1_rbs	10.0	0.0	0.0
57	__protein2_rbs	0.0	0.0	0.0
57	__protein3_rbs	0.0	0.0	0.0
57	__ribosome	55.0	0.0	0.0
57	__rnase_site_ext	10.0	0.0	0.0
57	p1	1.0	0.0	0.0
57	protein1	311.0	14.0	2.428571
57	protein2	15.0	0.0	inf
57	protein3	58.0	1.0	9.0
57	r1	0.0	0.0	0.0
57	rnapol	2.0	0.0	0.0
58	__protein1_rbs	8.0	0.0	0.0
58	__protein2_rbs	0.0	0.0	0.0
58	__protein3_rbs	1.0	0.0	0.0
58	__ribosome	57.0	0.0	0.0
58	__rnase_site_ext	13.0	0.0	0.0
58	p1	1.0	0.0	0.0
58	protein1	320.0	14.0	2.357143
58	protein2	15.0	0.0	inf
58	protein3	60.0	2.0	4.0
58	r1	0.0	0.0	0.0
58	rnapol	1.0	0.0	0.0
59	__protein1_rbs	6.0	0.0	0.0
59	__protein2_rbs	0.0	0.0	0.0
59	__protein3_rbs	0.0	0.0	0.0
59	__ribosome	51.0	0.0	0.0
59	__rnase_site_ext	10.0	0.0	0.0
59	p1	0.0	0.0	0.0
59	protein1	331.0	16.0	2.3125
59	protein2	15.0	0.0	inf
59	protein3	61.0	1.0	10.0
59	r1	0.0	0.0	0.0
59	rnapol	0.0	0.0	0.0
60	__protein1_rbs	13.0	0.0	0.0
60	__protein2_rbs	0.0	0.0	0.0
60	__protein3_rbs	1.0	0.0	0.0
60	__ribosome	53.0	0.0	0.0
60	__rnase_site_ext	13.0	0.0	0.0
60	p1	1.0	0.0	0.0
60	protein1	342.0	17.0	2.352941
60	protein2	17.0	0.0	
60	protein3	64.0	1.0	7.0
60	r1	0.0	0.0	0.0
60	rnapol	0.0	0.0	0.0
61	__protein1_rbs	10.0	0.0	0.0
61	__protein2_rbs	0.0	0.0	0.0
61	__protein3_rbs	0.0	0.0	0.0
61	__ribosome	49.0	0.0	0.0
61	__rnase_site_ext	10.0	0.0	0.0
61	p1	1.0	0.0	0.0
61	protein1	349.0	17.0	2.647059
61	protein2	17.0	0.0	
61	protein3	66.0	1.0	6.0
61	r1	1.0	0.0	0.0
61	rnapol	1.0	0.0	0.0
62	__protein1_rbs	9.0	0.0	0.0
62	__protein2_rbs	1.0	0.0	0.0
62	__protein3_rbs	0.0	0.0	0.0
62	__ribosome	48.0	0.0	0.0
62	__rnase_site_ext	14.0	0.0	0.0
62	p1	1.0	0.0	0.0
62	protein1	361.0	17.0	2.705882
62	protein2	17.0	1.0	1.0
62	protein3	67.0	0.0	inf
62	r1	2.0	0.0	0.0
62	rnapol	1.0	0.0	0.0
63	__protein1_rbs	12.0	0.0	0.0
63	__protein2_rbs	2.0	0.0	0.0
63	__protein3_rbs	0.0	0.0	0.0
63	__ribosome	57.0	0.0	0.0
63	__rnase_site_ext	13.0	0.0	0.0
63	p1	1.0	0.0	0.0
63	protein1	379.0	17.0	2.2352939999999997
63	protein2	17.0	2.0	1.0
63	protein3	69.0	0.0	inf
63	r1	1.0	0.0	0.0
63	rnapol	1.0	0.0	0.0
64	__protein1_rbs	10.0	0.0	0.0
64	__protein2_rbs	0.0	0.0	0.0
64	__protein3_rbs	0.0	0.0	0.0
64	__ribosome	58.0	0.0	0.0
64	__rnase_site_ext	12.0	0.0	0.0
64	p1	1.0	0.0	0.0
64	protein1	389.0	17.0	2.294118
64	protein2	17.0	0.0	inf
64	protein3	71.0	0.0	inf
64	r1	0.0	0.0	0.0
64	rnapol	1.0	0.0	0.0
65	__protein1_rbs	12.0	0.0	0.0
65	__protein2_rbs	0.0	0.0	0.0
65	__protein3_rbs	0.0	0.0	0.0
65	__ribosome	57.0	0.0	0.0
65	__rnase_site_ext	13.0	0.0	0.0
65	p1	1.0	0.0	0.0
65	protein1	400.0	17.0	2.352941
65	protein2	17.0	0.0	inf
65	protein3	71.0	0.0	inf
65	r1	0.0	0.0	0.0
65	rnapol	1.0	0.0	0.0
66	__protein1_rbs	11.0	0.0	0.0
66	__protein2_rbs	0.0	0.0	0.0
66	__protein3_rbs	0.0	0.0	0.0
66	__ribosome	60.0	0.0	0.0
66	__rnase_site_ext	12.0	0.0	0.0
66	p1	1.0	0.0	0.0
66	protein1	412.0	17.0	2.2352939999999997
66	protein2	18.0	0.0	inf
66	protein3	72.0	1.0	1.0
66	r1	0.0	0.0	0.0
66	rnapol	1.0	0.0	0.0
67	__protein1_rbs	7.0	0.0	0.0
67	__protein2_rbs	0.0	0.0	0.0
67	__protein3_rbs	2.0	0.0	0.0
67	__ribosome	53.0	0.0	0.0
67	__rnase_site_ext	11.0	0.0	0.0
67	p1	1.0	0.0	0.0
67	protein1	422.0	17.0	2.647059
67	protein2	19.0	0.0	
67	protein3	72.0	3.0	0.666667
67	r1	0.0	0.0	0.0
67	rnapol	1.0	0.0	0.0
68	__protein1_rbs	12.0	0.0	0.0
68	__protein2_rbs	0.0	0.0	0.0
68	__protein3_rbs	2.0	0.0	0.0
68	__ribosome	56.0	0.0	0.0
68	__rnase_site_ext	16.0	0.0	0.0
68	p1	1.0	0.0	0.0
68	protein1	436.0	17.0	2.411765
68	protein2	19.0	0.0	
68	protein3	72.0	3.0	1.0
68	r1	0.0	0.0	0.0
68	rnapol	1.0	0.0	0.0
69	__protein1_rbs	11.0	0.0	0.0
69	__protein2_rbs	0.0	0.0	0.0
69	__protein3_rbs	3.0	0.0	0.0
69	__ribosome	51.0	0.0	0.0
69	__rnase_site_ext	14.0	0.0	0.0
69	p1	1.0	0.0	0.0
69	protein1	447.0	18.0	2.5
69	protein2	19.0	0.0	
69	protein3	72.0	3.0	1.333333
69	r1	0.0	0.0	0.0
69	rnapol	1.0	0.0	0.0
70	__protein1_rbs	10.0	0.0	0.0
70	__protein2_rbs	0.0	0.0	0.0
70	__protein3_rbs	1.0	0.0	0.0
70	__ribosome	54.0	0.0	0.0
70	__rnase_site_ext	12.0	0.0	0.0
70	p1	0.0	0.0	0.0
70	protein1	460.0	18.0	2.277778
70	protein2	19.0	0.0	
70	protein3	72.0	2.0	2.5
70	r1	0.0	0.0	0.0
70	rnapol	1.0	0.0	0.0
71	__protein1_rbs	9.0	0.0	0.0
71	__protein2_rbs	0.0	0.0	0.0
71	__protein3_rbs	2.0	0.0	0.0
71	__ribosome	55.0	0.0	0.0
71	__rnase_site_ext	15.0	0.0	0.0
71	p1	1.0	0.0	0.0
71	protein1	475.0	19.0	2.105263
71	protein2	19.0	0.0	
71	protein3	73.0	2.0	2.5
71	r1	0.0	0.0	0.0
71	rnapol	2.0	0.0	0.0
72	__protein1_rbs	12.0	0.0	0.0
72	__protein2_rbs	1.0	0.0	0.0
72	__protein3_rbs	0.0	0.0	0.0
72	__ribosome	56.0	0.0	0.0
72	__rnase_site_ext	17.0	0.0	0.0
72	p1	1.0	0.0	0.0
72	protein1	488.0	19.0	2.105263
72	protein2	19.0	1.0	0.0
72	protein3	74.0	0.0	inf
72	r1	1.0	0.0	0.0
72	rnapol	2.0	0.0	0.0
73	__protein1_rbs	14.0	0.0	0.0
73	__protein2_rbs	0.0	0.0	0.0
73	__protein3_rbs	0.0	0.0	0.0
73	__ribosome	55.0	0.0	0.0
73	__rnase_site_ext	15.0	0.0	0.0
73	p1	0.0	0.0	0.0
73	protein1	496.0	19.0	2.2631580000000002
73	protein2	19.0	0.0	
73	protein3	76.0	0.0	inf
73	r1	0.0	0.0	0.0
73	rnapol	1.0	0.0	0.0
74	__protein1_rbs	12.0	0.0	0.0
74	__protein2_rbs	0.0	0.0	0.0
74	__protein3_rbs	0.0	0.0	0.0
74	__ribosome	57.0	0.0	0.0
74	__rnase_site_ext	17.0	0.0	0.0
74	p1	1.0	0.0	0.0
74	protein1	513.0	21.0	1.9523810000000001
74	protein2	19.0	1.0	1.0
74	protein3	77.0	0.0	inf
74	r1	0.0	0.0	0.0
74	rnapol	0.0	0.0	0.0
75	__protein1_rbs	10.0	0.0	0.0
75	__protein2_rbs	0.0	0.0	0.0
75	__protein3_rbs	0.0	0.0	0.0
75	__ribosome	55.0	0.0	0.0
75	__rnase_site_ext	13.0	0.0	0.0
75	p1	1.0	0.0	0.0
75	protein1	527.0	20.0	2.2
75	protein2	19.0	0.0	inf
75	protein3	78.0	0.0	
75	r1	0.0	0.0	0.0
75	rnapol	0.0	0.0	0.0
76	__protein1_rbs	13.0	0.0	0.0
76	__protein2_rbs	0.0	0.0	0.0
76	__protein3_rbs	0.0	0.0	0.0
76	__ribosome	50.0	0.0	0.0
76	__rnase_site_ext	16.0	0.0	0.0
76	p1	1.0	0.0	0.0
76	protein1	536.0	20.0	2.45
76	protein2	19.0	0.0	inf
76	protein3	78.0	0.0	
76	r1	0.0	0.0	0.0
76	rnapol	0.0	0.0	0.0
77	__protein1_rbs	10.0	0.0	0.0
77	__protein2_rbs	1.0	0.0	0.0
77	__protein3_rbs	1.0	0.0	0.0
77	__ribosome	46.0	0.0	0.0
77	__rnase_site_ext	14.0	0.0	0.0
77	p1	1.0	0.0	0.0
77	protein1	548.0	20.0	2.65
77	protein2	19.0	1.0	1.0
77	protein3	78.0	1.0	0.0
77	r1	2.0	0.0	0.0
77	rnapol	0.0	0.0	0.0
78	__protein1_rbs	13.0	0.0	0.0
78	__protein2_rbs	1.0	0.0	0.0
78	__protein3_rbs	2.0	0.0	0.0
78	__ribosome	52.0	0.0	0.0
78	__rnase_site_ext	17.0	0.0	0.0
78	p1	1.0	0.0	0.0
78	protein1	566.0	20.0	2.35
78	protein2	20.0	1.0	1.0
78	protein3	78.0	2.0	0.0
78	r1	1.0	0.0	0.0
78	rnapol	0.0	0.0	0.0
79	__protein1_rbs	13.0	0.0	0.0
79	__protein2_rbs	1.0	0.0	0.0
79	__protein3_rbs	0.0	0.0	0.0
79	__ribosome	49.0	0.0	0.0
79	__rnase_site_ext	16.0	0.0	0.0
79	p1	1.0	0.0	0.0
79	protein1	581.0	20.0	2.3
79	protein2	20.0	1.0	1.0
79	protein3	78.0	2.0	2.0
79	r1	1.0	0.0	0.0
79	rnapol	0.0	0.0	0.0
80	__protein1_rbs	17.0	0.0	0.0
80	__protein2_rbs	0.0	0.0	0.0
80	__protein3_rbs	2.0	0.0	0.0
80	__ribosome	52.0	0.0	0.0
80	__rnase_site_ext	18.0	0.0	0.0
80	p1	1.0	0.0	0.0
80	protein1	595.0	20.0	2.15
80	protein2	20.0	0.0	inf
80	protein3	78.0	2.0	2.0
80	r1	0.0	0.0	0.0
80	rnapol	0.0	0.0	0.0
81	__protein1_rbs	14.0	0.0	0.0
81	__protein2_rbs	0.0	0.0	0.0
81	__protein3_rbs	2.0	0.0	0.0
81	__ribosome	52.0	0.0	0.0
81	__rnase_site_ext	18.0	0.0	0.0
81	p1	1.0	0.0	0.0
81	protein1	609.0	20.0	2.05
81	protein2	20.0	0.0	inf
81	protein3	78.0	2.0	3.0
81	r1	0.0	0.0	0.0
81	rnapol	2.0	0.0	0.0
82	__protein1_rbs	17.0	0.0	0.0
82	__protein2_rbs	0.0	0.0	0.0
82	__protein3_rbs	2.0	0.0	0.0
82	__ribosome	61.0	0.0	0.0
82	__rnase_site_ext	18.0	0.0	0.0
82	p1	1.0	0.0	0.0
82	protein1	624.0	19.0	1.7368419999999998
82	protein2	21.0	0.0	
82	protein3	78.0	2.0	3.0
82	r1	0.0	0.0	0.0
82	rnapol	2.0	0.0	0.0
83	__protein1_rbs	12.0	0.0	0.0
83	__protein2_rbs	0.0	0.0	0.0
83	__protein3_rbs	1.0	0.0	0.0
83	__ribosome	57.0	0.0	0.0
83	__rnase_site_ext	13.0	0.0	0.0
83	p1	1.0	0.0	0.0
83	protein1	635.0	18.0	2.0
83	protein2	21.0	0.0	
83	protein3	80.0	2.0	3.5
83	r1	0.0	0.0	0.0
83	rnapol	2.0	0.0	0.0
84	__protein1_rbs	9.0	0.0	0.0
84	__protein2_rbs	0.0	0.0	0.0
84	__protein3_rbs	1.0	0.0	0.0
84	__ribosome	49.0	0.0	0.0
84	__rnase_site_ext	11.0	0.0	0.0
84	p1	1.0	0.0	0.0
84	protein1	642.0	18.0	2.5
84	protein2	21.0	0.0	
84	protein3	82.0	2.0	3.0
84	r1	0.0	0.0	0.0
84	rnapol	2.0	0.0	0.0
85	__protein1_rbs	11.0	0.0	0.0
85	__protein2_rbs	0.0	0.0	0.0
85	__protein3_rbs	2.0	0.0	0.0
85	__ribosome	52.0	0.0	0.0
85	__rnase_site_ext	12.0	0.0	0.0
85	p1	1.0	0.0	0.0
85	protein1	655.0	18.0	2.333333
85	protein2	21.0	0.0	
85	protein3	83.0	2.0	3.0
85	r1	0.0	0.0	0.0
85	rnapol	3.0	0.0	0.0
86	__protein1_rbs	16.0	0.0	0.0
86	__protein2_rbs	0.0	0.0	0.0
86	__protein3_rbs	0.0	0.0	0.0
86	__ribosome	53.0	0.0	0.0
86	__rnase_site_ext	16.0	0.0	0.0
86	p1	1.0	0.0	0.0
86	protein1	663.0	18.0	2.277778
86	protein2	21.0	0.0	
86	protein3	84.0	1.0	6.0
86	r1	0.0	0.0	0.0
86	rnapol	4.0	0.0	0.0
87	__protein1_rbs	12.0	0.0	0.0
87	__protein2_rbs	0.0	0.0	0.0
87	__protein3_rbs	1.0	0.0	0.0
87	__ribosome	58.0	0.0	0.0
87	__rnase_site_ext	13.0	0.0	0.0
87	p1	1.0	0.0	0.0
87	protein1	681.0	19.0	2.0
87	protein2	21.0	0.0	
87	protein3	86.0	1.0	4.0
87	r1	0.0	0.0	0.0
87	rnapol	3.0	0.0	0.0
88	__protein1_rbs	13.0	0.0	0.0
88	__protein2_rbs	0.0	0.0	0.0
88	__protein3_rbs	0.0	0.0	0.0
88	__ribosome	57.0	0.0	0.0
88	__rnase_site_ext	16.0	0.0	0.0
88	p1	1.0	0.0	0.0
88	protein1	693.0	20.0	2.0
88	protein2	21.0	0.0	
88	protein3	87.0	0.0	inf
88	r1	0.0	0.0	0.0
88	rnapol	2.0	0.0	0.0
89	__protein1_rbs	12.0	0.0	0.0
89	__protein2_rbs	0.0	0.0	0.0
89	__protein3_rbs	0.0	0.0	0.0
89	__ribosome	56.0	0.0	0.0
89	__rnase_site_ext	14.0	0.0	0.0
89	p1	1.0	0.0	0.0
89	protein1	704.0	19.0	2.157895
89	protein2	21.0	0.0	
89	protein3	87.0	0.0	inf
89	r1	0.0	0.0	0.0
89	rnapol	2.0	0.0	0.0
90	__protein1_rbs	10.0	0.0	0.0
90	__protein2_rbs	0.0	0.0	0.0
90	__protein3_rbs	0.0	0.0	0.0
90	__ribosome	49.0	0.0	0.0
90	__rnase_site_ext	14.0	0.0	0.0
90	p1	1.0	0.0	0.0
90	protein1	711.0	19.0	2.631579
90	protein2	21.0	0.0	
90	protein3	89.0	0.0	inf
90	r1	1.0	0.0	0.0
90	rnapol	2.0	0.0	0.0
91	__protein1_rbs	9.0	0.0	0.0
91	__protein2_rbs	0.0	0.0	0.0
91	__protein3_rbs	0.0	0.0	0.0
91	__ribosome	48.0	0.0	0.0
91	__rnase_site_ext	12.0	0.0	0.0
91	p1	1.0	0.0	0.0
91	protein1	726.0	19.0	2.684211
91	protein2	21.0	1.0	1.0
91	protein3	90.0	0.0	
91	r1	1.0	0.0	0.0
91	rnapol	2.0	0.0	0.0
92	__protein1_rbs	14.0	0.0	0.0
92	__protein2_rbs	1.0	0.0	0.0
92	__protein3_rbs	0.0	0.0	0.0
92	__ribosome	52.0	0.0	0.0
92	__rnase_site_ext	14.0	0.0	0.0
92	p1	0.0	0.0	0.0
92	protein1	741.0	19.0	2.473684
92	protein2	21.0	1.0	1.0
92	protein3	90.0	0.0	
92	r1	1.0	0.0	0.0
92	rnapol	1.0	0.0	0.0
93	__protein1_rbs	13.0	0.0	0.0
93	__protein2_rbs	1.0	0.0	0.0
93	__protein3_rbs	0.0	0.0	0.0
93	__ribosome	56.0	0.0	0.0
93	__rnase_site_ext	15.0	0.0	0.0
93	p1	1.0	0.0	0.0
93	protein1	759.0	21.0	2.0
93	protein2	21.0	1.0	2.0
93	protein3	90.0	0.0	
93	r1	1.0	0.0	0.0
93	rnapol	0.0	0.0	0.0
94	__protein1_rbs	13.0	0.0	0.0
94	__protein2_rbs	0.0	0.0	0.0
94	__protein3_rbs	0.0	0.0	0.0
94	__ribosome	56.0	0.0	0.0
94	__rnase_site_ext	17.0	0.0	0.0
94	p1	1.0	0.0	0.0
94	protein1	772.0	21.0	1.9523810000000001
94	protein2	21.0	0.0	inf
94	protein3	90.0	0.0	
94	r1	0.0	0.0	0.0
94	rnapol	0.0	0.0	0.0
95	__protein1_rbs	15.0	0.0	0.0
95	__protein2_rbs	0.0	0.0	0.0
95	__protein3_rbs	0.0	0.0	0.0
95	__ribosome	54.0	0.0	0.0
95	__rnase_site_ext	16.0	0.0	0.0
95	p1	1.0	0.0	0.0
95	protein1	783.0	21.0	2.0
95	protein2	21.0	0.0	inf
95	protein3	90.0	1.0	1.0
95	r1	0.0	0.0	0.0
95	rnapol	0.0	0.0	0.0
96	__protein1_rbs	13.0	0.0	0.0
96	__protein2_rbs	0.0	0.0	0.0
96	__protein3_rbs	1.0	0.0	0.0
96	__ribosome	51.0	0.0	0.0
96	__rnase_site_ext	13.0	0.0	0.0
96	p1	1.0	0.0	0.0
96	protein1	796.0	21.0	2.047619
96	protein2	22.0	0.0	inf
96	protein3	90.0	2.0	2.0
96	r1	0.0	0.0	0.0
96	rnapol	0.0	0.0	0.0
97	__protein1_rbs	11.0	0.0	0.0
97	__protein2_rbs	0.0	0.0	0.0
97	__protein3_rbs	1.0	0.0	0.0
97	__ribosome	48.0	0.0	0.0
97	__rnase_site_ext	15.0	0.0	0.0
97	p1	1.0	0.0	0.0
97	protein1	809.0	21.0	2.142857
97	protein2	23.0	1.0	2.0
97	protein3	90.0	2.0	2.5
97	r1	1.0	0.0	0.0
97	rnapol	0.0	0.0	0.0
98	__protein1_rbs	15.0	0.0	0.0
98	__protein2_rbs	1.0	0.0	0.0
98	__protein3_rbs	0.0	0.0	0.0
98	__ribosome	48.0	0.0	0.0
98	__rnase_site_ext	17.0	0.0	0.0
98	p1	1.0	0.0	0.0
98	protein1	822.0	21.0	2.047619
98	protein2	24.0	1.0	1.0
98	protein3	90.0	2.0	4.0
98	r1	1.0	0.0	0.0
98	rnapol	0.0	0.0	0.0
99	__protein1_rbs	16.0	0.0	0.0
99	__protein2_rbs	0.0	0.0	0.0
99	__protein3_rbs	1.0	0.0	0.0
99	__ribosome	46.0	0.0	0.0
99	__rnase_site_ext	16.0	0.0	0.0
99	p1	1.0	0.0	0.0
99	protein1	832.0	21.0	2.142857
99	protein2	24.0	0.0	inf
99	protein3	90.0	1.0	8.0
99	r1	0.0	0.0	0.0
99	rnapol	2.0	0.0	0.0
100	__protein1_rbs	11.0	0.0	0.0
100	__protein2_rbs	0.0	0.0	0.0
100	__protein3_rbs	2.0	0.0	0.0
100	__ribosome	51.0	0.0	0.0
100	__rnase_site_ext	11.0	0.0	0.0
100	p1	0.0	0.0	0.0
100	protein1	848.0	20.0	2.1
100	protein2	24.0	0.0	inf
100	protein3	93.0	2.0	3.0
100	r1	0.0	0.0	0.0
100	rnapol	1.0	0.0	0.0
101	__protein1_rbs	14.0	0.0	0.0
101	__protein2_rbs	0.0	0.0	0.0
101	__protein3_rbs	1.0	0.0	0.0
101	__ribosome	54.0	0.0	0.0
101	__rnase_site_ext	19.0	0.0	0.0
101	p1	1.0	0.0	0.0
101	protein1	862.0	21.0	1.9047619999999998
101	protein2	25.0	0.0	
101	protein3	95.0	2.0	3.0
101	r1	0.0	0.0	0.0
101	rnapol	1.0	0.0	0.0
102	__protein1_rbs	14.0	0.0	0.0
102	__protein2_rbs	0.0	0.0	0.0
102	__protein3_rbs	2.0	0.0	0.0
102	__ribosome	51.0	0.0	0.0
102	__rnase_site_ext	14.0	0.0	0.0
102	p1	1.0	0.0	0.0
102	protein1	873.0	21.0	2.047619
102	protein2	25.0	0.0	
102	protein3	96.0	2.0	3.0
102	r1	0.0	0.0	0.0
102	rnapol	1.0	0.0	0.0
103	__protein1_rbs	14.0	0.0	0.0
103	__protein2_rbs	0.0	0.0	0.0
103	__protein3_rbs	2.0	0.0	0.0
103	__ribosome	46.0	0.0	0.0
103	__rnase_site_ext	15.0	0.0	0.0
103	p1	1.0	0.0	0.0
103	protein1	882.0	21.0	2.238095
103	protein2	25.0	0.0	
103	protein3	96.0	2.0	3.5
103	r1	0.0	0.0	0.0
103	rnapol	2.0	0.0	0.0
104	__protein1_rbs	13.0	0.0	0.0
104	__protein2_rbs	0.0	0.0	0.0
104	__protein3_rbs	0.0	0.0	0.0
104	__ribosome	49.0	0.0	0.0
104	__rnase_site_ext	16.0	0.0	0.0
104	p1	1.0	0.0	0.0
104	protein1	899.0	22.0	2.0
104	protein2	25.0	0.0	
104	protein3	98.0	1.0	7.0
104	r1	0.0	0.0	0.0
104	rnapol	0.0	0.0	0.0
105	__protein1_rbs	15.0	0.0	0.0
105	__protein2_rbs	0.0	0.0	0.0
105	__protein3_rbs	1.0	0.0	0.0
105	__ribosome	47.0	0.0	0.0
105	__rnase_site_ext	15.0	0.0	0.0
105	p1	1.0	0.0	0.0
105	protein1	910.0	23.0	2.086957
105	protein2	25.0	0.0	
105	protein3	100.0	1.0	5.0
105	r1	0.0	0.0	0.0
105	rnapol	1.0	0.0	0.0
106	__protein1_rbs	15.0	0.0	0.0
106	__protein2_rbs	0.0	0.0	0.0
106	__protein3_rbs	0.0	0.0	0.0
106	__ribosome	48.0	0.0	0.0
106	__rnase_site_ext	18.0	0.0	0.0
106	p1	1.0	0.0	0.0
106	protein1	925.0	23.0	2.043478
106	protein2	25.0	0.0	
106	protein3	101.0	1.0	5.0
106	r1	0.0	0.0	0.0
106	rnapol	0.0	0.0	0.0
107	__protein1_rbs	14.0	0.0	0.0
107	__protein2_rbs	1.0	0.0	0.0
107	__protein3_rbs	0.0	0.0	0.0
107	__ribosome	42.0	0.0	0.0
107	__rnase_site_ext	15.0	0.0	0.0
107	p1	1.0	0.0	0.0
107	protein1	934.0	22.0	2.409091
107	protein2	25.0	1.0	1.0
107	protein3	102.0	0.0	inf
107	r1	1.0	0.0	0.0
107	rnapol	0.0	0.0	0.0
108	__protein1_rbs	13.0	0.0	0.0
108	__protein2_rbs	0.0	0.0	0.0
108	__protein3_rbs	1.0	0.0	0.0
108	__ribosome	46.0	0.0	0.0
108	__rnase_site_ext	19.0	0.0	0.0
108	p1	1.0	0.0	0.0
108	protein1	951.0	22.0	2.272727
108	protein2	25.0	0.0	inf
108	protein3	104.0	1.0	2.0
108	r1	0.0	0.0	0.0
108	rnapol	0.0	0.0	0.0
109	__protein1_rbs	15.0	0.0	0.0
109	__protein2_rbs	0.0	0.0	0.0
109	__protein3_rbs	0.0	0.0	0.0
109	__ribosome	47.0	0.0	0.0
109	__rnase_site_ext	15.0	0.0	0.0
109	p1	1.0	0.0	0.0
109	protein1	965.0	22.0	2.227273
109	protein2	25.0	0.0	inf
109	protein3	105.0	1.0	2.0
109	r1	0.0	0.0	0.0
109	rnapol	0.0	0.0	0.0
110	__protein1_rbs	11.0	0.0	0.0
110	__protein2_rbs	0.0	0.0	0.0
110	__protein3_rbs	1.0	0.0	0.0
110	__ribosome	45.0	0.0	0.0
110	__rnase_site_ext	12.0	0.0	0.0
110	p1	1.0	0.0	0.0
110	protein1	982.0	22.0	2.318182
110	protein2	25.0	0.0	inf
110	protein3	105.0	1.0	2.0
110	r1	0.0	0.0	0.0
110	rnapol	0.0	0.0	0.0
111	__protein1_rbs	15.0	0.0	0.0
111	__protein2_rbs	0.0	0.0	0.0
111	__protein3_rbs	2.0	0.0	0.0
111	__ribosome	49.0	0.0	0.0
111	__rnase_site_ext	17.0	0.0	0.0
111	p1	1.0	0.0	0.0
111	protein1	995.0	22.0	2.227273
111	protein2	26.0	0.0	inf
111	protein3	106.0	2.0	0.5
111	r1	0.0	0.0	0.0
111	rnapol	1.0	0.0	0.0
112	__protein1_rbs	10.0	0.0	0.0
112	__protein2_rbs	0.0	0.0	0.0
112	__protein3_rbs	2.0	0.0	0.0
112	__ribosome	45.0	0.0	0.0
112	__rnase_site_ext	10.0	0.0	0.0
112	p1	1.0	0.0	0.0
112	protein1	1011.0	22.0	2.363636
112	protein2	27.0	0.0	
112	protein3	106.0	3.0	1.0
112	r1	0.0	0.0	0.0
112	rnapol	1.0	0.0	0.0
113	__protein1_rbs	16.0	0.0	0.0
113	__protein2_rbs	0.0	0.0	0.0
113	__protein3_rbs	3.0	0.0	0.0
113	__ribosome	44.0	0.0	0.0
113	__rnase_site_ext	16.0	0.0	0.0
113	p1	1.0	0.0	0.0
113	protein1	1023.0	22.0	2.363636
113	protein2	27.0	0.0	
113	protein3	106.0	3.0	1.333333
113	r1	0.0	0.0	0.0
113	rnapol	1.0	0.0	0.0
114	__protein1_rbs	13.0	0.0	0.0
114	__protein2_rbs	0.0	0.0	0.0
114	__protein3_rbs	3.0	0.0	0.0
114	__ribosome	43.0	0.0	0.0
114	__rnase_site_ext	15.0	0.0	0.0
114	p1	1.0	0.0	0.0
114	protein1	1038.0	21.0	2.5238099999999997
114	protein2	27.0	0.0	
114	protein3	107.0	3.0	1.333333
114	r1	0.0	0.0	0.0
114	rnapol	1.0	0.0	0.0
115	__protein1_rbs	13.0	0.0	0.0
115	__protein2_rbs	0.0	0.0	0.0
115	__protein3_rbs	1.0	0.0	0.0
115	__ribosome	43.0	0.0	0.0
115	__rnase_site_ext	15.0	0.0	0.0
115	p1	1.0	0.0	0.0
115	protein1	1053.0	21.0	2.4761900000000003
115	protein2	27.0	0.0	
115	protein3	107.0	1.0	5.0
115	r1	0.0	0.0	0.0
115	rnapol	3.0	0.0	0.0
116	__protein1_rbs	16.0	0.0	0.0
116	__protein2_rbs	0.0	0.0	0.0
116	__protein3_rbs	0.0	0.0	0.0
116	__ribosome	54.0	0.0	0.0
116	__rnase_site_ext	17.0	0.0	0.0
116	p1	1.0	0.0	0.0
116	protein1	1072.0	21.0	1.9523810000000001
116	protein2	27.0	0.0	
116	protein3	109.0	1.0	5.0
116	r1	0.0	0.0	0.0
116	rnapol	3.0	0.0	0.0
117	__protein1_rbs	13.0	0.0	0.0
117	__protein2_rbs	0.0	0.0	0.0
117	__protein3_rbs	1.0	0.0	0.0
117	__ribosome	52.0	0.0	0.0
117	__rnase_site_ext	15.0	0.0	0.0
117	p1	1.0	0.0	0.0
117	protein1	1086.0	21.0	2.095238
117	protein2	27.0	0.0	
117	protein3	110.0	1.0	4.0
117	r1	0.0	0.0	0.0
117	rnapol	4.0	0.0	0.0
118	__protein1_rbs	14.0	0.0	0.0
118	__protein2_rbs	0.0	0.0	0.0
118	__protein3_rbs	0.0	0.0	0.0
118	__ribosome	56.0	0.0	0.0
118	__rnase_site_ext	17.0	0.0	0.0
118	p1	0.0	0.0	0.0
118	protein1	1101.0	22.0	1.818182
118	protein2	27.0	0.0	
118	protein3	110.0	0.0	inf
118	r1	0.0	0.0	0.0
118	rnapol	2.0	0.0	0.0
119	__protein1_rbs	14.0	0.0	0.0
119	__protein2_rbs	0.0	0.0	0.0
119	__protein3_rbs	0.0	0.0	0.0
119	__ribosome	49.0	0.0	0.0
119	__rnase_site_ext	17.0	0.0	0.0
119	p1	1.0	0.0	0.0
119	protein1	1109.0	23.0	2.130435
119	protein2	27.0	0.0	
119	protein3	112.0	0.0	inf
119	r1	0.0	0.0	0.0
119	rnapol	2.0	0.0	0.0
120	__protein1_rbs	10.0	0.0	0.0
120	__protein2_rbs	0.0	0.0	0.0
120	__protein3_rbs	0.0	0.0	0.0
120	__ribosome	49.0	0.0	0.0
120	__rnase_site_ext	13.0	0.0	0.0
120	p1	1.0	0.0	0.0
120	protein1	1127.0	23.0	2.173913
120	protein2	27.0	0.0	
120	protein3	113.0	0.0	inf
120	r1	0.0	0.0	0.0
120	rnapol	2.0	0.0	0.0
121	__protein1_rbs	17.0	0.0	0.0
121	__protein2_rbs	1.0	0.0	0.0
121	__protein3_rbs	0.0	0.0	0.0
121	__ribosome	49.0	0.0	0.0
121	__rnase_site_ext	17.0	0.0	0.0
121	p1	1.0	0.0	0.0
121	protein1	1137.0	22.0	2.318182
121	protein2	27.0	1.0	0.0
121	protein3	114.0	0.0	
121	r1	1.0	0.0	0.0
121	rnapol	2.0	0.0	0.0
122	__protein1_rbs	14.0	0.0	0.0
122	__protein2_rbs	2.0	0.0	0.0
122	__protein3_rbs	0.0	0.0	0.0
122	__ribosome	46.0	0.0	0.0
122	__rnase_site_ext	18.0	0.0	0.0
122	p1	1.0	0.0	0.0
122	protein1	1151.0	22.0	2.409091
122	protein2	27.0	2.0	0.5
122	protein3	114.0	0.0	
122	r1	2.0	0.0	0.0
122	rnapol	2.0	0.0	0.0
123	__protein1_rbs	11.0	0.0	0.0
123	__protein2_rbs	0.0	0.0	0.0
123	__protein3_rbs	0.0	0.0	0.0
123	__ribosome	46.0	0.0	0.0
123	__rnase_site_ext	15.0	0.0	0.0
123	p1	1.0	0.0	0.0
123	protein1	1165.0	21.0	2.5238099999999997
123	protein2	27.0	0.0	inf
123	protein3	114.0	0.0	
123	r1	0.0	0.0	0.0
123	rnapol	2.0	0.0	0.0
124	__protein1_rbs	15.0	0.0	0.0
124	__protein2_rbs	0.0	0.0	0.0
124	__protein3_rbs	0.0	0.0	0.0
124	__ribosome	54.0	0.0	0.0
124	__rnase_site_ext	17.0	0.0	0.0
124	p1	1.0	0.0	0.0
124	protein1	1185.0	21.0	2.142857
124	protein2	27.0	0.0	inf
124	protein3	114.0	0.0	
124	r1	0.0	0.0	0.0
124	rnapol	2.0	0.0	0.0
125	__protein1_rbs	13.0	0.0	0.0
125	__protein2_rbs	0.0	0.0	0.0
125	__protein3_rbs	1.0	0.0	0.0
125	__ribosome	55.0	0.0	0.0
125	__rnase_site_ext	15.0	0.0	0.0
125	p1	1.0	0.0	0.0
125	protein1	1200.0	21.0	2.142857
125	protein2	28.0	0.0	
125	protein3	114.0	1.0	0.0
125	r1	0.0	0.0	0.0
125	rnapol	2.0	0.0	0.0
126	__protein1_rbs	14.0	0.0	0.0
126	__protein2_rbs	0.0	0.0	0.0
126	__protein3_rbs	2.0	0.0	0.0
126	__ribosome	55.0	0.0	0.0
126	__rnase_site_ext	18.0	0.0	0.0
126	p1	1.0	0.0	0.0
126	protein1	1212.0	20.0	2.25
126	protein2	28.0	0.0	
126	protein3	114.0	2.0	0.0
126	r1	0.0	0.0	0.0
126	rnapol	2.0	0.0	0.0
127	__protein1_rbs	13.0	0.0	0.0
127	__protein2_rbs	0.0	0.0	0.0
127	__protein3_rbs	2.0	0.0	0.0
127	__ribosome	56.0	0.0	0.0
127	__rnase_site_ext	16.0	0.0	0.0
127	p1	1.0	0.0	0.0
127	protein1	1228.0	20.0	2.15
127	protein2	28.0	0.0	
127	protein3	114.0	2.0	0.5
127	r1	0.0	0.0	0.0
127	rnapol	1.0	0.0	0.0
128	__protein1_rbs	13.0	0.0	0.0
128	__protein2_rbs	0.0	0.0	0.0
128	__protein3_rbs	1.0	0.0	0.0
128	__ribosome	50.0	0.0	0.0
128	__rnase_site_ext	15.0	0.0	0.0
128	p1	1.0	0.0	0.0
128	protein1	1239.0	21.0	2.238095
128	protein2	28.0	0.0	
128	protein3	114.0	2.0	1.5
128	r1	0.0	0.0	0.0
128	rnapol	2.0	0.0	0.0
129	__protein1_rbs	12.0	0.0	0.0
129	__protein2_rbs	0.0	0.0	0.0
129	__protein3_rbs	2.0	0.0	0.0
129	__ribosome	46.0	0.0	0.0
129	__rnase_site_ext	17.0	0.0	0.0
129	p1	0.0	0.0	0.0
129	protein1	1253.0	22.0	2.272727
129	protein2	28.0	0.0	
129	protein3	114.0	2.0	2.0
129	r1	0.0	0.0	0.0
129	rnapol	1.0	0.0	0.0
130	__protein1_rbs	18.0	0.0	0.0
130	__protein2_rbs	0.0	0.0	0.0
130	__protein3_rbs	1.0	0.0	0.0
130	__ribosome	49.0	0.0	0.0
130	__rnase_site_ext	20.0	0.0	0.0
130	p1	1.0	0.0	0.0
130	protein1	1265.0	23.0	2.043478
130	protein2	28.0	0.0	
130	protein3	114.0	1.0	4.0
130	r1	0.0	0.0	0.0
130	rnapol	1.0	0.0	0.0
131	__protein1_rbs	18.0	0.0	0.0
131	__protein2_rbs	0.0	0.0	0.0
131	__protein3_rbs	0.0	0.0	0.0
131	__ribosome	46.0	0.0	0.0
131	__rnase_site_ext	20.0	0.0	0.0
131	p1	1.0	0.0	0.0
131	protein1	1279.0	23.0	2.173913
131	protein2	28.0	1.0	1.0
131	protein3	115.0	0.0	inf
131	r1	1.0	0.0	0.0
131	rnapol	1.0	0.0	0.0
132	__protein1_rbs	14.0	0.0	0.0
132	__protein2_rbs	1.0	0.0	0.0
132	__protein3_rbs	0.0	0.0	0.0
132	__ribosome	47.0	0.0	0.0
132	__rnase_site_ext	16.0	0.0	0.0
132	p1	1.0	0.0	0.0
132	protein1	1294.0	23.0	2.130435
132	protein2	28.0	1.0	2.0
132	protein3	116.0	0.0	inf
132	r1	1.0	0.0	0.0
132	rnapol	1.0	0.0	0.0
133	__protein1_rbs	17.0	0.0	0.0
133	__protein2_rbs	1.0	0.0	0.0
133	__protein3_rbs	0.0	0.0	0.0
133	__ribosome	50.0	0.0	0.0
133	__rnase_site_ext	19.0	0.0	0.0
133	p1	1.0	0.0	0.0
133	protein1	1308.0	23.0	2.086957
133	protein2	28.0	1.0	2.0
133	protein3	118.0	0.0	
133	r1	1.0	0.0	0.0
133	rnapol	1.0	0.0	0.0
134	__protein1_rbs	14.0	0.0	0.0
134	__protein2_rbs	0.0	0.0	0.0
134	__protein3_rbs	0.0	0.0	0.0
134	__ribosome	48.0	0.0	0.0
134	__rnase_site_ext	19.0	0.0	0.0
134	p1	1.0	0.0	0.0
134	protein1	1322.0	23.0	2.130435
134	protein2	28.0	0.0	inf
134	protein3	118.0	0.0	
134	r1	0.0	0.0	0.0
134	rnapol	1.0	0.0	0.0
135	__protein1_rbs	16.0	0.0	0.0
135	__protein2_rbs	0.0	0.0	0.0
135	__protein3_rbs	1.0	0.0	0.0
135	__ribosome	53.0	0.0	0.0
135	__rnase_site_ext	17.0	0.0	0.0
135	p1	1.0	0.0	0.0
135	protein1	1339.0	23.0	1.956522
135	protein2	29.0	0.0	inf
135	protein3	118.0	1.0	0.0
135	r1	0.0	0.0	0.0
135	rnapol	1.0	0.0	0.0
136	__protein1_rbs	16.0	0.0	0.0
136	__protein2_rbs	0.0	0.0	0.0
136	__protein3_rbs	2.0	0.0	0.0
136	__ribosome	49.0	0.0	0.0
136	__rnase_site_ext	18.0	0.0	0.0
136	p1	1.0	0.0	0.0
136	protein1	1351.0	23.0	2.130435
136	protein2	30.0	0.0	inf
136	protein3	118.0	2.0	0.5
136	r1	0.0	0.0	0.0
136	rnapol	1.0	0.0	0.0
137	__protein1_rbs	12.0	0.0	0.0
137	__protein2_rbs	0.0	0.0	0.0
137	__protein3_rbs	2.0	0.0	0.0
137	__ribosome	51.0	0.0	0.0
137	__rnase_site_ext	16.0	0.0	0.0
137	p1	1.0	0.0	0.0
137	protein1	1367.0	23.0	2.043478
137	protein2	31.0	0.0	
137	protein3	118.0	3.0	0.666667
137	r1	0.0	0.0	0.0
137	rnapol	1.0	0.0	0.0
138	__protein1_rbs	13.0	0.0	0.0
138	__protein2_rbs	0.0	0.0	0.0
138	__protein3_rbs	1.0	0.0	0.0
138	__ribosome	42.0	0.0	0.0
138	__rnase_site_ext	15.0	0.0	0.0
138	p1	1.0	0.0	0.0
138	protein1	1378.0	23.0	2.347826
138	protein2	31.0	0.0	
138	protein3	118.0	3.0	1.333333
138	r1	0.0	0.0	0.0
138	rnapol	2.0	0.0	0.0
139	__protein1_rbs	18.0	0.0	0.0
139	__protein2_rbs	0.0	0.0	0.0
139	__protein3_rbs	2.0	0.0	0.0
139	__ribosome	41.0	0.0	0.0
139	__rnase_site_ext	18.0	0.0	0.0
139	p1	0.0	0.0	0.0
139	protein1	1394.0	23.0	2.391304
139	protein2	31.0	0.0	
139	protein3	118.0	2.0	2.0
139	r1	0.0	0.0	0.0
139	rnapol	2.0	0.0	0.0
140	__protein1_rbs	17.0	0.0	0.0
140	__protein2_rbs	0.0	0.0	0.0
140	__protein3_rbs	1.0	0.0	0.0
140	__ribosome	42.0	0.0	0.0
140	__rnase_site_ext	20.0	0.0	0.0
140	p1	1.0	0.0	0.0
140	protein1	1409.0	25.0	2.12
140	protein2	31.0	0.0	
140	protein3	118.0	2.0	2.5
140	r1	0.0	0.0	0.0
140	rnapol	1.0	0.0	0.0
141	__protein1_rbs	18.0	0.0	0.0
141	__protein2_rbs	0.0	0.0	0.0
141	__protein3_rbs	0.0	0.0	0.0
141	__ribosome	41.0	0.0	0.0
141	__rnase_site_ext	22.0	0.0	0.0
141	p1	1.0	0.0	0.0
141	protein1	1421.0	26.0	2.1538459999999997
141	protein2	31.0	0.0	
141	protein3	120.0	0.0	inf
141	r1	0.0	0.0	0.0
141	rnapol	1.0	0.0	0.0
142	__protein1_rbs	19.0	0.0	0.0
142	__protein2_rbs	0.0	0.0	0.0
142	__protein3_rbs	0.0	0.0	0.0
142	__ribosome	50.0	0.0	0.0
142	__rnase_site_ext	20.0	0.0	0.0
142	p1	1.0	0.0	0.0
142	protein1	1446.0	26.0	1.8076919999999999
142	protein2	31.0	0.0	
142	protein3	120.0	0.0	inf
142	r1	0.0	0.0	0.0
142	rnapol	1.0	0.0	0.0
143	__protein1_rbs	16.0	0.0	0.0
143	__protein2_rbs	1.0	0.0	0.0
143	__protein3_rbs	0.0	0.0	0.0
143	__ribosome	45.0	0.0	0.0
143	__rnase_site_ext	19.0	0.0	0.0
143	p1	1.0	0.0	0.0
143	protein1	1456.0	26.0	2.076923
143	protein2	31.0	1.0	0.0
143	protein3	122.0	0.0	inf
143	r1	2.0	0.0	0.0
143	rnapol	1.0	0.0	0.0
144	__protein1_rbs	14.0	0.0	0.0
144	__protein2_rbs	0.0	0.0	0.0
144	__protein3_rbs	0.0	0.0	0.0
144	__ribosome	43.0	0.0	0.0
144	__rnase_site_ext	17.0	0.0	0.0
144	p1	1.0	0.0	0.0
144	protein1	1472.0	25.0	2.24
144	protein2	31.0	0.0	
144	protein3	122.0	0.0	inf
144	r1	0.0	0.0	0.0
144	rnapol	1.0	0.0	0.0
145	__protein1_rbs	16.0	0.0	0.0
145	__protein2_rbs	0.0	0.0	0.0
145	__protein3_rbs	0.0	0.0	0.0
145	__ribosome	43.0	0.0	0.0
145	__rnase_site_ext	18.0	0.0	0.0
145	p1	1.0	0.0	0.0
145	protein1	1485.0	25.0	2.28
145	protein2	31.0	0.0	
145	protein3	123.0	0.0	
145	r1	0.0	0.0	0.0
145	rnapol	1.0	0.0	0.0
146	__protein1_rbs	19.0	0.0	0.0
146	__protein2_rbs	0.0	0.0	0.0
146	__protein3_rbs	0.0	0.0	0.0
146	__ribosome	46.0	0.0	0.0
146	__rnase_site_ext	21.0	0.0	0.0
146	p1	1.0	0.0	0.0
146	protein1	1503.0	26.0	2.076923
146	protein2	31.0	0.0	
146	protein3	123.0	0.0	
146	r1	0.0	0.0	0.0
146	rnapol	0.0	0.0	0.0
147	__protein1_rbs	17.0	0.0	0.0
147	__protein2_rbs	0.0	0.0	0.0
147	__protein3_rbs	0.0	0.0	0.0
147	__ribosome	41.0	0.0	0.0
147	__rnase_site_ext	18.0	0.0	0.0
147	p1	1.0	0.0	0.0
147	protein1	1519.0	26.0	2.230769
147	protein2	31.0	0.0	
147	protein3	123.0	1.0	1.0
147	r1	0.0	0.0	0.0
147	rnapol	0.0	0.0	0.0
148	__protein1_rbs	19.0	0.0	0.0
148	__protein2_rbs	0.0	0.0	0.0
148	__protein3_rbs	1.0	0.0	0.0
148	__ribosome	45.0	0.0	0.0
148	__rnase_site_ext	21.0	0.0	0.0
148	p1	1.0	0.0	0.0
148	protein1	1539.0	26.0	2.038462
148	protein2	31.0	0.0	
148	protein3	123.0	2.0	1.0
148	r1	0.0	0.0	0.0
148	rnapol	0.0	0.0	0.0
149	__protein1_rbs	20.0	0.0	0.0
149	__protein2_rbs	0.0	0.0	0.0
149	__protein3_rbs	2.0	0.0	0.0
149	__ribosome	42.0	0.0	0.0
149	__rnase_site_ext	22.0	0.0	0.0
149	p1	1.0	0.0	0.0
149	protein1	1551.0	26.0	2.115385
149	protein2	31.0	0.0	
149	protein3	123.0	3.0	1.0
149	r1	0.0	0.0	0.0
149	rnapol	0.0	0.0	0.0
150	__protein1_rbs	20.0	0.0	0.0
150	__protein2_rbs	1.0	0.0	0.0
150	__protein3_rbs	1.0	0.0	0.0
150	__ribosome	44.0	0.0	0.0
150	__rnase_site_ext	23.0	0.0	0.0
150	p1	1.0	0.0	0.0
150	protein1	1569.0	26.0	1.961538
150	protein2	31.0	1.0	0.0
150	protein3	123.0	3.0	1.666667
150	r1	1.0	0.0	0.0
150	rnapol	0.0	0.0	0.0
151	__protein1_rbs	15.0	0.0	0.0
151	__protein2_rbs	0.0	0.0	0.0
151	__protein3_rbs	1.0	0.0	0.0
151	__ribosome	41.0	0.0	0.0
151	__rnase_site_ext	20.0	0.0	0.0
151	p1	1.0	0.0	0.0
151	protein1	1587.0	26.0	1.961538
151	protein2	31.0	1.0	2.0
151	protein3	123.0	1.0	6.0
151	r1	1.0	0.0	0.0
151	rnapol	1.0	0.0	0.0
152	__protein1_rbs	19.0	0.0	0.0
152	__protein2_rbs	1.0	0.0	0.0
152	__protein3_rbs	1.0	0.0	0.0
152	__ribosome	42.0	0.0	0.0
152	__rnase_site_ext	22.0	0.0	0.0
152	p1	1.0	0.0	0.0
152	protein1	1602.0	26.0	1.8846150000000002
152	protein2	31.0	1.0	3.0
152	protein3	124.0	1.0	6.0
152	r1	1.0	0.0	0.0
152	rnapol	3.0	0.0	0.0
153	__protein1_rbs	15.0	0.0	0.0
153	__protein2_rbs	1.0	0.0	0.0
153	__protein3_rbs	0.0	0.0	0.0
153	__ribosome	37.0	0.0	0.0
153	__rnase_site_ext	20.0	0.0	0.0
153	p1	1.0	0.0	0.0
153	protein1	1615.0	26.0	2.115385
153	protein2	31.0	1.0	3.0
153	protein3	126.0	0.0	inf
153	r1	1.0	0.0	0.0
153	rnapol	3.0	0.0	0.0
154	__protein1_rbs	20.0	0.0	0.0
154	__protein2_rbs	0.0	0.0	0.0
154	__protein3_rbs	0.0	0.0	0.0
154	__ribosome	35.0	0.0	0.0
154	__rnase_site_ext	21.0	0.0	0.0
154	p1	1.0	0.0	0.0
154	protein1	1631.0	27.0	2.111111
154	protein2	31.0	0.0	inf
154	protein3	126.0	0.0	inf
154	r1	0.0	0.0	0.0
154	rnapol	2.0	0.0	0.0
155	__protein1_rbs	19.0	0.0	0.0
155	__protein2_rbs	0.0	0.0	0.0
155	__protein3_rbs	1.0	0.0	0.0
155	__ribosome	35.0	0.0	0.0
155	__rnase_site_ext	20.0	0.0	0.0
155	p1	1.0	0.0	0.0
155	protein1	1646.0	26.0	2.269231
155	protein2	32.0	0.0	inf
155	protein3	128.0	1.0	4.0
155	r1	0.0	0.0	0.0
155	rnapol	2.0	0.0	0.0
156	__protein1_rbs	18.0	0.0	0.0
156	__protein2_rbs	0.0	0.0	0.0
156	__protein3_rbs	1.0	0.0	0.0
156	__ribosome	40.0	0.0	0.0
156	__rnase_site_ext	18.0	0.0	0.0
156	p1	1.0	0.0	0.0
156	protein1	1661.0	26.0	2.1538459999999997
156	protein2	34.0	0.0	
156	protein3	129.0	1.0	4.0
156	r1	0.0	0.0	0.0
156	rnapol	2.0	0.0	0.0
157	__protein1_rbs	16.0	0.0	0.0
157	__protein2_rbs	0.0	0.0	0.0
157	__protein3_rbs	1.0	0.0	0.0
157	__ribosome	47.0	0.0	0.0
157	__rnase_site_ext	18.0	0.0	0.0
157	p1	1.0	0.0	0.0
157	protein1	1682.0	26.0	1.961538
157	protein2	34.0	0.0	
157	protein3	131.0	1.0	2.0
157	r1	1.0	0.0	0.0
157	rnapol	2.0	0.0	0.0
158	__protein1_rbs	17.0	0.0	0.0
158	__protein2_rbs	0.0	0.0	0.0
158	__protein3_rbs	0.0	0.0	0.0
158	__ribosome	40.0	0.0	0.0
158	__rnase_site_ext	23.0	0.0	0.0
158	p1	1.0	0.0	0.0
158	protein1	1698.0	27.0	2.074074
158	protein2	34.0	1.0	1.0
158	protein3	131.0	1.0	3.0
158	r1	1.0	0.0	0.0
158	rnapol	1.0	0.0	0.0
159	__protein1_rbs	21.0	0.0	0.0
159	__protein2_rbs	0.0	0.0	0.0
159	__protein3_rbs	0.0	0.0	0.0
159	__ribosome	36.0	0.0	0.0
159	__rnase_site_ext	21.0	0.0	0.0
159	p1	1.0	0.0	0.0
159	protein1	1709.0	28.0	2.142857
159	protein2	34.0	0.0	inf
159	protein3	132.0	1.0	3.0
159	r1	0.0	0.0	0.0
159	rnapol	1.0	0.0	0.0
160	__protein1_rbs	19.0	0.0	0.0
160	__protein2_rbs	0.0	0.0	0.0
160	__protein3_rbs	1.0	0.0	0.0
160	__ribosome	34.0	0.0	0.0
160	__rnase_site_ext	21.0	0.0	0.0
160	p1	1.0	0.0	0.0
160	protein1	1725.0	27.0	2.333333
160	protein2	34.0	0.0	inf
160	protein3	133.0	1.0	2.0
160	r1	0.0	0.0	0.0
160	rnapol	1.0	0.0	0.0
161	__protein1_rbs	14.0	0.0	0.0
161	__protein2_rbs	1.0	0.0	0.0
161	__protein3_rbs	1.0	0.0	0.0
161	__ribosome	38.0	0.0	0.0
161	__rnase_site_ext	17.0	0.0	0.0
161	p1	1.0	0.0	0.0
161	protein1	1747.0	27.0	2.1851849999999997
161	protein2	34.0	1.0	1.0
161	protein3	133.0	1.0	2.0
161	r1	1.0	0.0	0.0
161	rnapol	1.0	0.0	0.0
162	__protein1_rbs	21.0	0.0	0.0
162	__protein2_rbs	2.0	0.0	0.0
162	__protein3_rbs	0.0	0.0	0.0
162	__ribosome	39.0	0.0	0.0
162	__rnase_site_ext	26.0	0.0	0.0
162	p1	1.0	0.0	0.0
162	protein1	1764.0	28.0	2.035714
162	protein2	35.0	2.0	0.0
162	protein3	133.0	1.0	4.0
162	r1	2.0	0.0	0.0
162	rnapol	0.0	0.0	0.0
163	__protein1_rbs	17.0	0.0	0.0
163	__protein2_rbs	0.0	0.0	0.0
163	__protein3_rbs	0.0	0.0	0.0
163	__ribosome	44.0	0.0	0.0
163	__rnase_site_ext	20.0	0.0	0.0
163	p1	1.0	0.0	0.0
163	protein1	1783.0	28.0	1.857143
163	protein2	35.0	0.0	
163	protein3	134.0	1.0	4.0
163	r1	0.0	0.0	0.0
163	rnapol	0.0	0.0	0.0
164	__protein1_rbs	21.0	0.0	0.0
164	__protein2_rbs	0.0	0.0	0.0
164	__protein3_rbs	0.0	0.0	0.0
164	__ribosome	45.0	0.0	0.0
164	__rnase_site_ext	21.0	0.0	0.0
164	p1	1.0	0.0	0.0
164	protein1	1799.0	28.0	1.8214290000000002
164	protein2	35.0	0.0	
164	protein3	135.0	1.0	4.0
164	r1	0.0	0.0	0.0
164	rnapol	0.0	0.0	0.0
165	__protein1_rbs	18.0	0.0	0.0
165	__protein2_rbs	1.0	0.0	0.0
165	__protein3_rbs	1.0	0.0	0.0
165	__ribosome	45.0	0.0	0.0
165	__rnase_site_ext	19.0	0.0	0.0
165	p1	1.0	0.0	0.0
165	protein1	1815.0	28.0	1.785714
165	protein2	35.0	1.0	0.0
165	protein3	135.0	2.0	2.5
165	r1	1.0	0.0	0.0
165	rnapol	1.0	0.0	0.0
166	__protein1_rbs	19.0	0.0	0.0
166	__protein2_rbs	0.0	0.0	0.0
166	__protein3_rbs	2.0	0.0	0.0
166	__ribosome	40.0	0.0	0.0
166	__rnase_site_ext	20.0	0.0	0.0
166	p1	1.0	0.0	0.0
166	protein1	1829.0	28.0	1.9285709999999998
166	protein2	35.0	1.0	1.0
166	protein3	136.0	2.0	2.5
166	r1	1.0	0.0	0.0
166	rnapol	1.0	0.0	0.0
167	__protein1_rbs	14.0	0.0	0.0
167	__protein2_rbs	0.0	0.0	0.0
167	__protein3_rbs	2.0	0.0	0.0
167	__ribosome	37.0	0.0	0.0
167	__rnase_site_ext	19.0	0.0	0.0
167	p1	1.0	0.0	0.0
167	protein1	1845.0	27.0	2.074074
167	protein2	35.0	0.0	inf
167	protein3	137.0	2.0	3.0
167	r1	0.0	0.0	0.0
167	rnapol	1.0	0.0	0.0
168	__protein1_rbs	18.0	0.0	0.0
168	__protein2_rbs	0.0	0.0	0.0
168	__protein3_rbs	1.0	0.0	0.0
168	__ribosome	37.0	0.0	0.0
168	__rnase_site_ext	20.0	0.0	0.0
168	p1	1.0	0.0	0.0
168	protein1	1860.0	27.0	2.074074
168	protein2	35.0	0.0	inf
168	protein3	138.0	2.0	3.0
168	r1	0.0	0.0	0.0
168	rnapol	2.0	0.0	0.0
169	__protein1_rbs	20.0	0.0	0.0
169	__protein2_rbs	0.0	0.0	0.0
169	__protein3_rbs	3.0	0.0	0.0
169	__ribosome	45.0	0.0	0.0
169	__rnase_site_ext	22.0	0.0	0.0
169	p1	1.0	0.0	0.0
169	protein1	1878.0	26.0	1.8846150000000002
169	protein2	35.0	0.0	inf
169	protein3	139.0	3.0	1.666667
169	r1	0.0	0.0	0.0
169	rnapol	2.0	0.0	0.0
170	__protein1_rbs	18.0	0.0	0.0
170	__protein2_rbs	0.0	0.0	0.0
170	__protein3_rbs	1.0	0.0	0.0
170	__ribosome	48.0	0.0	0.0
170	__rnase_site_ext	20.0	0.0	0.0
170	p1	1.0	0.0	0.0
170	protein1	1896.0	27.0	1.740741
170	protein2	36.0	0.0	
170	protein3	141.0	3.0	1.666667
170	r1	0.0	0.0	0.0
170	rnapol	2.0	0.0	0.0
171	__protein1_rbs	20.0	0.0	0.0
171	__protein2_rbs	0.0	0.0	0.0
171	__protein3_rbs	2.0	0.0	0.0
171	__ribosome	45.0	0.0	0.0
171	__rnase_site_ext	21.0	0.0	0.0
171	p1	1.0	0.0	0.0
171	protein1	1911.0	27.0	1.851852
171	protein2	36.0	0.0	
171	protein3	142.0	2.0	2.5
171	r1	0.0	0.0	0.0
171	rnapol	2.0	0.0	0.0
172	__protein1_rbs	18.0	0.0	0.0
172	__protein2_rbs	0.0	0.0	0.0
172	__protein3_rbs	0.0	0.0	0.0
172	__ribosome	39.0	0.0	0.0
172	__rnase_site_ext	22.0	0.0	0.0
172	p1	1.0	0.0	0.0
172	protein1	1922.0	25.0	2.24
172	protein2	36.0	0.0	
172	protein3	143.0	1.0	5.0
172	r1	1.0	0.0	0.0
172	rnapol	3.0	0.0	0.0
173	__protein1_rbs	17.0	0.0	0.0
173	__protein2_rbs	0.0	0.0	0.0
173	__protein3_rbs	1.0	0.0	0.0
173	__ribosome	41.0	0.0	0.0
173	__rnase_site_ext	22.0	0.0	0.0
173	p1	1.0	0.0	0.0
173	protein1	1936.0	25.0	2.2
173	protein2	36.0	0.0	
173	protein3	144.0	1.0	4.0
173	r1	0.0	0.0	0.0
173	rnapol	3.0	0.0	0.0
174	__protein1_rbs	17.0	0.0	0.0
174	__protein2_rbs	0.0	0.0	0.0
174	__protein3_rbs	0.0	0.0	0.0
174	__ribosome	44.0	0.0	0.0
174	__rnase_site_ext	19.0	0.0	0.0
174	p1	1.0	0.0	0.0
174	protein1	1956.0	24.0	2.166667
174	protein2	36.0	0.0	
174	protein3	145.0	1.0	4.0
174	r1	0.0	0.0	0.0
174	rnapol	3.0	0.0	0.0
175	__protein1_rbs	15.0	0.0	0.0
175	__protein2_rbs	0.0	0.0	0.0
175	__protein3_rbs	1.0	0.0	0.0
175	__ribosome	46.0	0.0	0.0
175	__rnase_site_ext	20.0	0.0	0.0
175	p1	1.0	0.0	0.0
175	protein1	1973.0	24.0	2.083333
175	protein2	36.0	0.0	
175	protein3	146.0	1.0	4.0
175	r1	0.0	0.0	0.0
175	rnapol	3.0	0.0	0.0
176	__protein1_rbs	17.0	0.0	0.0
176	__protein2_rbs	0.0	0.0	0.0
176	__protein3_rbs	0.0	0.0	0.0
176	__ribosome	47.0	0.0	0.0
176	__rnase_site_ext	20.0	0.0	0.0
176	p1	1.0	0.0	0.0
176	protein1	1986.0	25.0	2.0
176	protein2	36.0	0.0	
176	protein3	148.0	0.0	inf
176	r1	0.0	0.0	0.0
176	rnapol	2.0	0.0	0.0
177	__protein1_rbs	16.0	0.0	0.0
177	__protein2_rbs	0.0	0.0	0.0
177	__protein3_rbs	0.0	0.0	0.0
177	__ribosome	43.0	0.0	0.0
177	__rnase_site_ext	19.0	0.0	0.0
177	p1	1.0	0.0	0.0
177	protein1	2000.0	25.0	2.12
177	protein2	36.0	0.0	
177	protein3	148.0	1.0	4.0
177	r1	0.0	0.0	0.0
177	rnapol	2.0	0.0	0.0
178	__protein1_rbs	15.0	0.0	0.0
178	__protein2_rbs	0.0	0.0	0.0
178	__protein3_rbs	1.0	0.0	0.0
178	__ribosome	44.0	0.0	0.0
178	__rnase_site_ext	20.0	0.0	0.0
178	p1	1.0	0.0	0.0
178	protein1	2015.0	25.0	2.08
178	protein2	36.0	0.0	
178	protein3	148.0	1.0	4.0
178	r1	0.0	0.0	0.0
178	rnapol	2.0	0.0	0.0
179	__protein1_rbs	19.0	0.0	0.0
179	__protein2_rbs	0.0	0.0	0.0
179	__protein3_rbs	1.0	0.0	0.0
179	__ribosome	50.0	0.0	0.0
179	__rnase_site_ext	21.0	0.0	0.0
179	p1	1.0	0.0	0.0
179	protein1	2030.0	25.0	1.92
179	protein2	36.0	0.0	
179	protein3	150.0	1.0	2.0
179	r1	1.0	0.0	0.0
179	rnapol	3.0	0.0	0.0
180	__protein1_rbs	15.0	0.0	0.0
180	__protein2_rbs	1.0	0.0	0.0
180	__protein3_rbs	1.0	0.0	0.0
180	__ribosome	50.0	0.0	0.0
180	__rnase_site_ext	15.0	0.0	0.0
180	p1	1.0	0.0	0.0
180	protein1	2050.0	26.0	1.8076919999999999
180	protein2	36.0	1.0	0.0
180	protein3	150.0	1.0	3.0
180	r1	1.0	0.0	0.0
180	rnapol	2.0	0.0	0.0
181	__protein1_rbs	17.0	0.0	0.0
181	__protein2_rbs	0.0	0.0	0.0
181	__protein3_rbs	0.0	0.0	0.0
181	__ribosome	37.0	0.0	0.0
181	__rnase_site_ext	19.0	0.0	0.0
181	p1	1.0	0.0	0.0
181	protein1	2058.0	26.0	2.269231
181	protein2	36.0	0.0	inf
181	protein3	151.0	0.0	inf
181	r1	0.0	0.0	0.0
181	rnapol	2.0	0.0	0.0
182	__protein1_rbs	19.0	0.0	0.0
182	__protein2_rbs	0.0	0.0	0.0
182	__protein3_rbs	0.0	0.0	0.0
182	__ribosome	38.0	0.0	0.0
182	__rnase_site_ext	20.0	0.0	0.0
182	p1	0.0	0.0	0.0
182	protein1	2074.0	26.0	2.230769
182	protein2	36.0	0.0	inf
182	protein3	151.0	0.0	inf
182	r1	0.0	0.0	0.0
182	rnapol	0.0	0.0	0.0
183	__protein1_rbs	16.0	0.0	0.0
183	__protein2_rbs	0.0	0.0	0.0
183	__protein3_rbs	0.0	0.0	0.0
183	__ribosome	36.0	0.0	0.0
183	__rnase_site_ext	17.0	0.0	0.0
183	p1	1.0	0.0	0.0
183	protein1	2088.0	27.0	2.259259
183	protein2	36.0	0.0	inf
183	protein3	152.0	0.0	inf
183	r1	1.0	0.0	0.0
183	rnapol	0.0	0.0	0.0
184	__protein1_rbs	18.0	0.0	0.0
184	__protein2_rbs	1.0	0.0	0.0
184	__protein3_rbs	1.0	0.0	0.0
184	__ribosome	39.0	0.0	0.0
184	__rnase_site_ext	19.0	0.0	0.0
184	p1	1.0	0.0	0.0
184	protein1	2107.0	27.0	2.1851849999999997
184	protein2	36.0	1.0	1.0
184	protein3	153.0	1.0	1.0
184	r1	0.0	0.0	0.0
184	rnapol	0.0	0.0	0.0
185	__protein1_rbs	18.0	0.0	0.0
185	__protein2_rbs	0.0	0.0	0.0
185	__protein3_rbs	0.0	0.0	0.0
185	__ribosome	40.0	0.0	0.0
185	__rnase_site_ext	18.0	0.0	0.0
185	p1	1.0	0.0	0.0
185	protein1	2123.0	27.0	2.1851849999999997
185	protein2	37.0	0.0	
185	protein3	154.0	1.0	1.0
185	r1	0.0	0.0	0.0
185	rnapol	0.0	0.0	0.0
186	__protein1_rbs	21.0	0.0	0.0
186	__protein2_rbs	0.0	0.0	0.0
186	__protein3_rbs	0.0	0.0	0.0
186	__ribosome	43.0	0.0	0.0
186	__rnase_site_ext	23.0	0.0	0.0
186	p1	1.0	0.0	0.0
186	protein1	2141.0	27.0	2.0
186	protein2	37.0	1.0	1.0
186	protein3	154.0	1.0	2.0
186	r1	1.0	0.0	0.0
186	rnapol	1.0	0.0	0.0
187	__protein1_rbs	18.0	0.0	0.0
187	__protein2_rbs	1.0	0.0	0.0
187	__protein3_rbs	1.0	0.0	0.0
187	__ribosome	42.0	0.0	0.0
187	__rnase_site_ext	22.0	0.0	0.0
187	p1	1.0	0.0	0.0
187	protein1	2159.0	27.0	2.0
187	protein2	37.0	1.0	1.0
187	protein3	154.0	2.0	1.5
187	r1	1.0	0.0	0.0
187	rnapol	1.0	0.0	0.0
188	__protein1_rbs	20.0	0.0	0.0
188	__protein2_rbs	0.0	0.0	0.0
188	__protein3_rbs	2.0	0.0	0.0
188	__ribosome	37.0	0.0	0.0
188	__rnase_site_ext	22.0	0.0	0.0
188	p1	1.0	0.0	0.0
188	protein1	2172.0	27.0	2.148148
188	protein2	37.0	1.0	2.0
188	protein3	154.0	2.0	1.5
188	r1	1.0	0.0	0.0
188	rnapol	1.0	0.0	0.0
189	__protein1_rbs	22.0	0.0	0.0
189	__protein2_rbs	0.0	0.0	0.0
189	__protein3_rbs	1.0	0.0	0.0
189	__ribosome	41.0	0.0	0.0
189	__rnase_site_ext	24.0	0.0	0.0
189	p1	1.0	0.0	0.0
189	protein1	2194.0	27.0	1.888889
189	protein2	37.0	1.0	4.0
189	protein3	155.0	2.0	2.0
189	r1	1.0	0.0	0.0
189	rnapol	1.0	0.0	0.0
190	__protein1_rbs	23.0	0.0	0.0
190	__protein2_rbs	1.0	0.0	0.0
190	__protein3_rbs	2.0	0.0	0.0
190	__ribosome	47.0	0.0	0.0
190	__rnase_site_ext	25.0	0.0	0.0
190	p1	1.0	0.0	0.0
190	protein1	2209.0	27.0	1.62963
190	protein2	38.0	1.0	4.0
190	protein3	156.0	3.0	1.666667
190	r1	1.0	0.0	0.0
190	rnapol	1.0	0.0	0.0
191	__protein1_rbs	18.0	0.0	0.0
191	__protein2_rbs	0.0	0.0	0.0
191	__protein3_rbs	3.0	0.0	0.0
191	__ribosome	45.0	0.0	0.0
191	__rnase_site_ext	22.0	0.0	0.0
191	p1	0.0	0.0	0.0
191	protein1	2225.0	27.0	1.592593
191	protein2	38.0	0.0	inf
191	protein3	156.0	3.0	2.333333
191	r1	0.0	0.0	0.0
191	rnapol	1.0	0.0	0.0
192	__protein1_rbs	18.0	0.0	0.0
192	__protein2_rbs	0.0	0.0	0.0
192	__protein3_rbs	2.0	0.0	0.0
192	__ribosome	40.0	0.0	0.0
192	__rnase_site_ext	22.0	0.0	0.0
192	p1	1.0	0.0	0.0
192	protein1	2240.0	29.0	1.655172
192	protein2	39.0	0.0	inf
192	protein3	157.0	3.0	2.666667
192	r1	0.0	0.0	0.0
192	rnapol	1.0	0.0	0.0
193	__protein1_rbs	18.0	0.0	0.0
193	__protein2_rbs	0.0	0.0	0.0
193	__protein3_rbs	0.0	0.0	0.0
193	__ribosome	33.0	0.0	0.0
193	__rnase_site_ext	22.0	0.0	0.0
193	p1	1.0	0.0	0.0
193	protein1	2251.0	29.0	1.931034
193	protein2	40.0	0.0	inf
193	protein3	158.0	1.0	8.0
193	r1	0.0	0.0	0.0
193	rnapol	1.0	0.0	0.0
194	__protein1_rbs	20.0	0.0	0.0
194	__protein2_rbs	0.0	0.0	0.0
194	__protein3_rbs	1.0	0.0	0.0
194	__ribosome	33.0	0.0	0.0
194	__rnase_site_ext	24.0	0.0	0.0
194	p1	1.0	0.0	0.0
194	protein1	2261.0	30.0	2.0
194	protein2	42.0	0.0	inf
194	protein3	160.0	1.0	6.0
194	r1	0.0	0.0	0.0
194	rnapol	1.0	0.0	0.0
195	__protein1_rbs	22.0	0.0	0.0
195	__protein2_rbs	0.0	0.0	0.0
195	__protein3_rbs	1.0	0.0	0.0
195	__ribosome	40.0	0.0	0.0
195	__rnase_site_ext	25.0	0.0	0.0
195	p1	1.0	0.0	0.0
195	protein1	2281.0	30.0	1.833333
195	protein2	43.0	0.0	
195	protein3	161.0	1.0	5.0
195	r1	1.0	0.0	0.0
195	rnapol	1.0	0.0	0.0
196	__protein1_rbs	24.0	0.0	0.0
196	__protein2_rbs	0.0	0.0	0.0
196	__protein3_rbs	1.0	0.0	0.0
196	__ribosome	44.0	0.0	0.0
196	__rnase_site_ext	24.0	0.0	0.0
196	p1	1.0	0.0	0.0
196	protein1	2300.0	30.0	1.8
196	protein2	43.0	0.0	
196	protein3	164.0	1.0	2.0
196	r1	0.0	0.0	0.0
196	rnapol	1.0	0.0	0.0
197	__protein1_rbs	22.0	0.0	0.0
197	__protein2_rbs	0.0	0.0	0.0
197	__protein3_rbs	1.0	0.0	0.0
197	__ribosome	44.0	0.0	0.0
197	__rnase_site_ext	23.0	0.0	0.0
197	p1	1.0	0.0	0.0
197	protein1	2315.0	28.0	1.9285709999999998
197	protein2	43.0	0.0	
197	protein3	165.0	1.0	2.0
197	r1	1.0	0.0	0.0
197	rnapol	1.0	0.0	0.0
198	__protein1_rbs	20.0	0.0	0.0
198	__protein2_rbs	0.0	0.0	0.0
198	__protein3_rbs	0.0	0.0	0.0
198	__ribosome	47.0	0.0	0.0
198	__rnase_site_ext	22.0	0.0	0.0
198	p1	1.0	0.0	0.0
198	protein1	2332.0	28.0	1.857143
198	protein2	43.0	0.0	
198	protein3	166.0	0.0	inf
198	r1	0.0	0.0	0.0
198	rnapol	1.0	0.0	0.0
199	__protein1_rbs	16.0	0.0	0.0
199	__protein2_rbs	0.0	0.0	0.0
199	__protein3_rbs	0.0	0.0	0.0
199	__ribosome	42.0	0.0	0.0
199	__rnase_site_ext	21.0	0.0	0.0
199	p1	1.0	0.0	0.0
199	protein1	2349.0	28.0	2.035714
199	protein2	43.0	0.0	
199	protein3	166.0	0.0	inf
199	r1	0.0	0.0	0.0
199	rnapol	1.0	0.0	0.0
200	__protein1_rbs	21.0	0.0	0.0
200	__protein2_rbs	0.0	0.0	0.0
200	__protein3_rbs	2.0	0.0	0.0
200	__ribosome	39.0	0.0	0.0
200	__rnase_site_ext	21.0	0.0	0.0
200	p1	1.0	0.0	0.0
200	protein1	2364.0	29.0	2.068966
200	protein2	43.0	0.0	
200	protein3	166.0	2.0	0.5
200	r1	0.0	0.0	0.0
200	rnapol	0.0	0.0	0.0
201	__protein1_rbs	22.0	0.0	0.0
201	__protein2_rbs	0.0	0.0	0.0
201	__protein3_rbs	2.0	0.0	0.0
201	__ribosome	38.0	0.0	0.0
201	__rnase_site_ext	26.0	0.0	0.0
201	p1	1.0	0.0	0.0
201	protein1	2379.0	29.0	2.1034479999999998
201	protein2	43.0	0.0	
201	protein3	167.0	2.0	0.5
201	r1	0.0	0.0	0.0
201	rnapol	0.0	0.0	0.0
202	__protein1_rbs	18.0	0.0	0.0
202	__protein2_rbs	0.0	0.0	0.0
202	__protein3_rbs	1.0	0.0	0.0
202	__ribosome	39.0	0.0	0.0
202	__rnase_site_ext	21.0	0.0	0.0
202	p1	1.0	0.0	0.0
202	protein1	2397.0	29.0	2.0
202	protein2	43.0	0.0	
202	protein3	167.0	3.0	1.0
202	r1	0.0	0.0	0.0
202	rnapol	0.0	0.0	0.0
203	__protein1_rbs	22.0	0.0	0.0
203	__protein2_rbs	0.0	0.0	0.0
203	__protein3_rbs	1.0	0.0	0.0
203	__ribosome	44.0	0.0	0.0
203	__rnase_site_ext	24.0	0.0	0.0
203	p1	1.0	0.0	0.0
203	protein1	2416.0	28.0	1.8214290000000002
203	protein2	43.0	0.0	
203	protein3	167.0	2.0	2.5
203	r1	0.0	0.0	0.0
203	rnapol	2.0	0.0	0.0
204	__protein1_rbs	18.0	0.0	0.0
204	__protein2_rbs	0.0	0.0	0.0
204	__protein3_rbs	0.0	0.0	0.0
204	__ribosome	44.0	0.0	0.0
204	__rnase_site_ext	23.0	0.0	0.0
204	p1	1.0	0.0	0.0
204	protein1	2434.0	28.0	1.785714
204	protein2	43.0	0.0	
204	protein3	167.0	1.0	6.0
204	r1	0.0	0.0	0.0
204	rnapol	3.0	0.0	0.0
205	__protein1_rbs	18.0	0.0	0.0
205	__protein2_rbs	0.0	0.0	0.0
205	__protein3_rbs	1.0	0.0	0.0
205	__ribosome	40.0	0.0	0.0
205	__rnase_site_ext	22.0	0.0	0.0
205	p1	1.0	0.0	0.0
205	protein1	2446.0	28.0	1.964286
205	protein2	43.0	0.0	
205	protein3	168.0	1.0	5.0
205	r1	0.0	0.0	0.0
205	rnapol	3.0	0.0	0.0
206	__protein1_rbs	18.0	0.0	0.0
206	__protein2_rbs	0.0	0.0	0.0
206	__protein3_rbs	0.0	0.0	0.0
206	__ribosome	39.0	0.0	0.0
206	__rnase_site_ext	19.0	0.0	0.0
206	p1	1.0	0.0	0.0
206	protein1	2462.0	28.0	2.071429
206	protein2	43.0	0.0	
206	protein3	170.0	0.0	inf
206	r1	0.0	0.0	0.0
206	rnapol	3.0	0.0	0.0
207	__protein1_rbs	17.0	0.0	0.0
207	__protein2_rbs	0.0	0.0	0.0
207	__protein3_rbs	0.0	0.0	0.0
207	__ribosome	37.0	0.0	0.0
207	__rnase_site_ext	18.0	0.0	0.0
207	p1	1.0	0.0	0.0
207	protein1	2477.0	27.0	2.259259
207	protein2	43.0	0.0	
207	protein3	171.0	0.0	inf
207	r1	0.0	0.0	0.0
207	rnapol	2.0	0.0	0.0
208	__protein1_rbs	19.0	0.0	0.0
208	__protein2_rbs	0.0	0.0	0.0
208	__protein3_rbs	0.0	0.0	0.0
208	__ribosome	35.0	0.0	0.0
208	__rnase_site_ext	23.0	0.0	0.0
208	p1	1.0	0.0	0.0
208	protein1	2491.0	27.0	2.296296
208	protein2	43.0	0.0	
208	protein3	172.0	1.0	3.0
208	r1	0.0	0.0	0.0
208	rnapol	2.0	0.0	0.0
209	__protein1_rbs	21.0	0.0	0.0
209	__protein2_rbs	0.0	0.0	0.0
209	__protein3_rbs	1.0	0.0	0.0
209	__ribosome	39.0	0.0	0.0
209	__rnase_site_ext	25.0	0.0	0.0
209	p1	1.0	0.0	0.0
209	protein1	2510.0	27.0	2.1851849999999997
209	protein2	43.0	0.0	
209	protein3	173.0	1.0	2.0
209	r1	0.0	0.0	0.0
209	rnapol	2.0	0.0	0.0
210	__protein1_rbs	19.0	0.0	0.0
210	__protein2_rbs	1.0	0.0	0.0
210	__protein3_rbs	0.0	0.0	0.0
210	__ribosome	40.0	0.0	0.0
210	__rnase_site_ext	21.0	0.0	0.0
210	p1	1.0	0.0	0.0
210	protein1	2532.0	27.0	2.111111
210	protein2	43.0	1.0	0.0
210	protein3	173.0	1.0	3.0
210	r1	1.0	0.0	0.0
210	rnapol	1.0	0.0	0.0
211	__protein1_rbs	22.0	0.0	0.0
211	__protein2_rbs	0.0	0.0	0.0
211	__protein3_rbs	0.0	0.0	0.0
211	__ribosome	44.0	0.0	0.0
211	__rnase_site_ext	22.0	0.0	0.0
211	p1	1.0	0.0	0.0
211	protein1	2549.0	27.0	1.9259259999999998
211	protein2	43.0	0.0	inf
211	protein3	173.0	0.0	inf
211	r1	0.0	0.0	0.0
211	rnapol	2.0	0.0	0.0
212	__protein1_rbs	22.0	0.0	0.0
212	__protein2_rbs	0.0	0.0	0.0
212	__protein3_rbs	0.0	0.0	0.0
212	__ribosome	47.0	0.0	0.0
212	__rnase_site_ext	23.0	0.0	0.0
212	p1	1.0	0.0	0.0
212	protein1	2565.0	28.0	1.785714
212	protein2	43.0	0.0	inf
212	protein3	174.0	0.0	inf
212	r1	0.0	0.0	0.0
212	rnapol	1.0	0.0	0.0
213	__protein1_rbs	22.0	0.0	0.0
213	__protein2_rbs	0.0	0.0	0.0
213	__protein3_rbs	0.0	0.0	0.0
213	__ribosome	47.0	0.0	0.0
213	__rnase_site_ext	22.0	0.0	0.0
213	p1	1.0	0.0	0.0
213	protein1	2582.0	29.0	1.758621
213	protein2	43.0	0.0	inf
213	protein3	175.0	0.0	inf
213	r1	0.0	0.0	0.0
213	rnapol	0.0	0.0	0.0
214	__protein1_rbs	16.0	0.0	0.0
214	__protein2_rbs	0.0	0.0	0.0
214	__protein3_rbs	1.0	0.0	0.0
214	__ribosome	45.0	0.0	0.0
214	__rnase_site_ext	21.0	0.0	0.0
214	p1	1.0	0.0	0.0
214	protein1	2597.0	29.0	1.896552
214	protein2	44.0	0.0	
214	protein3	176.0	1.0	0.0
214	r1	0.0	0.0	0.0
214	rnapol	0.0	0.0	0.0
215	__protein1_rbs	22.0	0.0	0.0
215	__protein2_rbs	0.0	0.0	0.0
215	__protein3_rbs	1.0	0.0	0.0
215	__ribosome	41.0	0.0	0.0
215	__rnase_site_ext	24.0	0.0	0.0
215	p1	1.0	0.0	0.0
215	protein1	2610.0	28.0	2.071429
215	protein2	44.0	0.0	
215	protein3	176.0	1.0	1.0
215	r1	0.0	0.0	0.0
215	rnapol	0.0	0.0	0.0
216	__protein1_rbs	14.0	0.0	0.0
216	__protein2_rbs	0.0	0.0	0.0
216	__protein3_rbs	1.0	0.0	0.0
216	__ribosome	36.0	0.0	0.0
216	__rnase_site_ext	17.0	0.0	0.0
216	p1	1.0	0.0	0.0
216	protein1	2627.0	27.0	2.296296
216	protein2	44.0	0.0	
216	protein3	176.0	1.0	2.0
216	r1	1.0	0.0	0.0
216	rnapol	0.0	0.0	0.0
217	__protein1_rbs	20.0	0.0	0.0
217	__protein2_rbs	1.0	0.0	0.0
217	__protein3_rbs	1.0	0.0	0.0
217	__ribosome	39.0	0.0	0.0
217	__rnase_site_ext	24.0	0.0	0.0
217	p1	1.0	0.0	0.0
217	protein1	2644.0	27.0	2.148148
217	protein2	44.0	1.0	0.0
217	protein3	176.0	1.0	3.0
217	r1	1.0	0.0	0.0
217	rnapol	1.0	0.0	0.0
218	__protein1_rbs	19.0	0.0	0.0
218	__protein2_rbs	0.0	0.0	0.0
218	__protein3_rbs	1.0	0.0	0.0
218	__ribosome	43.0	0.0	0.0
218	__rnase_site_ext	20.0	0.0	0.0
218	p1	1.0	0.0	0.0
218	protein1	2664.0	27.0	1.962963
218	protein2	44.0	0.0	
218	protein3	177.0	2.0	2.0
218	r1	0.0	0.0	0.0
218	rnapol	1.0	0.0	0.0
219	__protein1_rbs	21.0	0.0	0.0
219	__protein2_rbs	0.0	0.0	0.0
219	__protein3_rbs	2.0	0.0	0.0
219	__ribosome	44.0	0.0	0.0
219	__rnase_site_ext	22.0	0.0	0.0
219	p1	1.0	0.0	0.0
219	protein1	2681.0	27.0	1.9259259999999998
219	protein2	44.0	0.0	
219	protein3	177.0	2.0	2.0
219	r1	0.0	0.0	0.0
219	rnapol	1.0	0.0	0.0
220	__protein1_rbs	18.0	0.0	0.0
220	__protein2_rbs	0.0	0.0	0.0
220	__protein3_rbs	1.0	0.0	0.0
220	__ribosome	43.0	0.0	0.0
220	__rnase_site_ext	21.0	0.0	0.0
220	p1	1.0	0.0	0.0
220	protein1	2697.0	27.0	1.888889
220	protein2	44.0	0.0	
220	protein3	177.0	3.0	2.0
220	r1	0.0	0.0	0.0
220	rnapol	1.0	0.0	0.0
221	__protein1_rbs	20.0	0.0	0.0
221	__protein2_rbs	0.0	0.0	0.0
221	__protein3_rbs	2.0	0.0	0.0
221	__ribosome	48.0	0.0	0.0
221	__rnase_site_ext	23.0	0.0	0.0
221	p1	1.0	0.0	0.0
221	protein1	2713.0	27.0	1.740741
221	protein2	44.0	0.0	
221	protein3	179.0	3.0	1.666667
221	r1	0.0	0.0	0.0
221	rnapol	2.0	0.0	0.0
222	__protein1_rbs	18.0	0.0	0.0
222	__protein2_rbs	0.0	0.0	0.0
222	__protein3_rbs	1.0	0.0	0.0
222	__ribosome	45.0	0.0	0.0
222	__rnase_site_ext	23.0	0.0	0.0
222	p1	1.0	0.0	0.0
222	protein1	2726.0	27.0	1.851852
222	protein2	44.0	0.0	
222	protein3	180.0	2.0	2.5
222	r1	0.0	0.0	0.0
222	rnapol	3.0	0.0	0.0
223	__protein1_rbs	22.0	0.0	0.0
223	__protein2_rbs	0.0	0.0	0.0
223	__protein3_rbs	1.0	0.0	0.0
223	__ribosome	48.0	0.0	0.0
223	__rnase_site_ext	25.0	0.0	0.0
223	p1	1.0	0.0	0.0
223	protein1	2742.0	27.0	1.740741
223	protein2	44.0	0.0	
223	protein3	181.0	1.0	5.0
223	r1	0.0	0.0	0.0
223	rnapol	2.0	0.0	0.0
224	__protein1_rbs	19.0	0.0	0.0
224	__protein2_rbs	0.0	0.0	0.0
224	__protein3_rbs	1.0	0.0	0.0
224	__ribosome	43.0	0.0	0.0
224	__rnase_site_ext	20.0	0.0	0.0
224	p1	1.0	0.0	0.0
224	protein1	2756.0	27.0	1.9259259999999998
224	protein2	44.0	0.0	
224	protein3	182.0	1.0	5.0
224	r1	0.0	0.0	0.0
224	rnapol	2.0	0.0	0.0
225	__protein1_rbs	25.0	0.0	0.0
225	__protein2_rbs	0.0	0.0	0.0
225	__protein3_rbs	0.0	0.0	0.0
225	__ribosome	45.0	0.0	0.0
225	__rnase_site_ext	25.0	0.0	0.0
225	p1	0.0	0.0	0.0
225	protein1	2772.0	28.0	1.8214290000000002
225	protein2	44.0	0.0	
225	protein3	184.0	0.0	inf
225	r1	0.0	0.0	0.0
225	rnapol	1.0	0.0	0.0
226	__protein1_rbs	17.0	0.0	0.0
226	__protein2_rbs	0.0	0.0	0.0
226	__protein3_rbs	0.0	0.0	0.0
226	__ribosome	42.0	0.0	0.0
226	__rnase_site_ext	20.0	0.0	0.0
226	p1	1.0	0.0	0.0
226	protein1	2787.0	28.0	1.964286
226	protein2	44.0	0.0	
226	protein3	185.0	0.0	inf
226	r1	0.0	0.0	0.0
226	rnapol	1.0	0.0	0.0
227	__protein1_rbs	13.0	0.0	0.0
227	__protein2_rbs	1.0	0.0	0.0
227	__protein3_rbs	0.0	0.0	0.0
227	__ribosome	36.0	0.0	0.0
227	__rnase_site_ext	14.0	0.0	0.0
227	p1	1.0	0.0	0.0
227	protein1	2801.0	27.0	2.296296
227	protein2	44.0	1.0	0.0
227	protein3	186.0	0.0	inf
227	r1	2.0	0.0	0.0
227	rnapol	1.0	0.0	0.0
228	__protein1_rbs	17.0	0.0	0.0
228	__protein2_rbs	0.0	0.0	0.0
228	__protein3_rbs	0.0	0.0	0.0
228	__ribosome	38.0	0.0	0.0
228	__rnase_site_ext	22.0	0.0	0.0
228	p1	1.0	0.0	0.0
228	protein1	2819.0	28.0	2.107143
228	protein2	44.0	0.0	inf
228	protein3	187.0	0.0	inf
228	r1	0.0	0.0	0.0
228	rnapol	0.0	0.0	0.0
229	__protein1_rbs	24.0	0.0	0.0
229	__protein2_rbs	0.0	0.0	0.0
229	__protein3_rbs	0.0	0.0	0.0
229	__ribosome	45.0	0.0	0.0
229	__rnase_site_ext	25.0	0.0	0.0
229	p1	1.0	0.0	0.0
229	protein1	2836.0	28.0	1.892857
229	protein2	44.0	0.0	inf
229	protein3	188.0	0.0	
229	r1	1.0	0.0	0.0
229	rnapol	0.0	0.0	0.0
230	__protein1_rbs	20.0	0.0	0.0
230	__protein2_rbs	0.0	0.0	0.0
230	__protein3_rbs	0.0	0.0	0.0
230	__ribosome	46.0	0.0	0.0
230	__rnase_site_ext	23.0	0.0	0.0
230	p1	1.0	0.0	0.0
230	protein1	2852.0	27.0	1.888889
230	protein2	44.0	0.0	inf
230	protein3	188.0	0.0	
230	r1	0.0	0.0	0.0
230	rnapol	0.0	0.0	0.0
231	__protein1_rbs	18.0	0.0	0.0
231	__protein2_rbs	0.0	0.0	0.0
231	__protein3_rbs	1.0	0.0	0.0
231	__ribosome	44.0	0.0	0.0
231	__rnase_site_ext	21.0	0.0	0.0
231	p1	1.0	0.0	0.0
231	protein1	2869.0	27.0	1.9259259999999998
231	protein2	44.0	0.0	inf
231	protein3	188.0	2.0	0.5
231	r1	1.0	0.0	0.0
231	rnapol	0.0	0.0	0.0
232	__protein1_rbs	13.0	0.0	0.0
232	__protein2_rbs	0.0	0.0	0.0
232	__protein3_rbs	1.0	0.0	0.0
232	__ribosome	45.0	0.0	0.0
232	__rnase_site_ext	16.0	0.0	0.0
232	p1	1.0	0.0	0.0
232	protein1	2885.0	27.0	1.9259259999999998
232	protein2	46.0	0.0	inf
232	protein3	188.0	2.0	1.0
232	r1	0.0	0.0	0.0
232	rnapol	0.0	0.0	0.0
233	__protein1_rbs	19.0	0.0	0.0
233	__protein2_rbs	0.0	0.0	0.0
233	__protein3_rbs	1.0	0.0	0.0
233	__ribosome	39.0	0.0	0.0
233	__rnase_site_ext	22.0	0.0	0.0
233	p1	1.0	0.0	0.0
233	protein1	2899.0	27.0	2.074074
233	protein2	46.0	0.0	inf
233	protein3	188.0	2.0	2.0
233	r1	0.0	0.0	0.0
233	rnapol	0.0	0.0	0.0
234	__protein1_rbs	17.0	0.0	0.0
234	__protein2_rbs	0.0	0.0	0.0
234	__protein3_rbs	3.0	0.0	0.0
234	__ribosome	41.0	0.0	0.0
234	__rnase_site_ext	21.0	0.0	0.0
234	p1	1.0	0.0	0.0
234	protein1	2916.0	27.0	1.962963
234	protein2	46.0	0.0	inf
234	protein3	188.0	3.0	1.666667
234	r1	0.0	0.0	0.0
234	rnapol	1.0	0.0	0.0
235	__protein1_rbs	23.0	0.0	0.0
235	__protein2_rbs	0.0	0.0	0.0
235	__protein3_rbs	2.0	0.0	0.0
235	__ribosome	42.0	0.0	0.0
235	__rnase_site_ext	25.0	0.0	0.0
235	p1	1.0	0.0	0.0
235	protein1	2932.0	28.0	1.857143
235	protein2	47.0	0.0	
235	protein3	188.0	2.0	3.0
235	r1	0.0	0.0	0.0
235	rnapol	1.0	0.0	0.0
236	__protein1_rbs	22.0	0.0	0.0
236	__protein2_rbs	0.0	0.0	0.0
236	__protein3_rbs	0.0	0.0	0.0
236	__ribosome	40.0	0.0	0.0
236	__rnase_site_ext	24.0	0.0	0.0
236	p1	1.0	0.0	0.0
236	protein1	2951.0	28.0	1.857143
236	protein2	47.0	0.0	
236	protein3	189.0	2.0	4.0
236	r1	0.0	0.0	0.0
236	rnapol	1.0	0.0	0.0
237	__protein1_rbs	22.0	0.0	0.0
237	__protein2_rbs	0.0	0.0	0.0
237	__protein3_rbs	1.0	0.0	0.0
237	__ribosome	39.0	0.0	0.0
237	__rnase_site_ext	25.0	0.0	0.0
237	p1	0.0	0.0	0.0
237	protein1	2963.0	28.0	1.9285709999999998
237	protein2	47.0	0.0	
237	protein3	191.0	2.0	3.5
237	r1	0.0	0.0	0.0
237	rnapol	1.0	0.0	0.0
238	__protein1_rbs	20.0	0.0	0.0
238	__protein2_rbs	1.0	0.0	0.0
238	__protein3_rbs	1.0	0.0	0.0
238	__ribosome	40.0	0.0	0.0
238	__rnase_site_ext	22.0	0.0	0.0
238	p1	1.0	0.0	0.0
238	protein1	2981.0	29.0	1.862069
238	protein2	47.0	1.0	0.0
238	protein3	193.0	2.0	3.0
238	r1	1.0	0.0	0.0
238	rnapol	1.0	0.0	0.0
239	__protein1_rbs	26.0	0.0	0.0
239	__protein2_rbs	1.0	0.0	0.0
239	__protein3_rbs	1.0	0.0	0.0
239	__ribosome	38.0	0.0	0.0
239	__rnase_site_ext	26.0	0.0	0.0
239	p1	1.0	0.0	0.0
239	protein1	2992.0	29.0	1.896552
239	protein2	47.0	1.0	1.0
239	protein3	193.0	1.0	6.0
239	r1	1.0	0.0	0.0
239	rnapol	2.0	0.0	0.0
240	__protein1_rbs	15.0	0.0	0.0
240	__protein2_rbs	0.0	0.0	0.0
240	__protein3_rbs	0.0	0.0	0.0
240	__ribosome	37.0	0.0	0.0
240	__rnase_site_ext	22.0	0.0	0.0
240	p1	1.0	0.0	0.0
240	protein1	3012.0	28.0	2.035714
240	protein2	47.0	0.0	inf
240	protein3	195.0	0.0	inf
240	r1	0.0	0.0	0.0
240	rnapol	2.0	0.0	0.0
