time	species	protein	transcript	ribo_density
0	__protein1_rbs	0.0	0.0	0.0
0	__protein2_rbs	0.0	0.0	0.0
0	__protein3_rbs	0.0	0.0	0.0
0	__ribosome	100.0	0.0	0.0
0	__rnase_site_ext	0.0	0.0	0.0
0	p0	1.0	0.0	0.0
0	p1	1.0	0.0	0.0
0	r2	0.0	0.0	0.0
0	rnapol	4.0	0.0	0.0
1	__protein1_rbs	0.0	0.0	0.0
1	__protein2_rbs	0.0	0.0	0.0
1	__protein3_rbs	0.0	0.0	0.0
1	__ribosome	65.0	0.0	0.0
1	__rnase_site_ext	0.5	0.0	0.0
1	p0	0.1	0.0	0.0
1	p1	0.55	0.0	0.0
1	r2	0.0	0.0	0.0
1	rnapol	1.8	0.0	0.0
2	__protein1_rbs	0.2	0.0	0.0
2	__protein2_rbs	0.0	0.0	0.0
2	__protein3_rbs	0.0	0.0	0.0
2	__ribosome	84.85	0.0	0.0
2	__rnase_site_ext	1.05	0.0	0.0
2	p0	0.35	0.0	0.0
2	p1	0.75	0.0	0.0
2	protein1	0.0	0.25	0.05
2	protein2	0.0	0.1	0.1
2	r2	0.0	0.0	0.0
2	rnapol	2.15	0.0	0.0
3	__protein1_rbs	0.25	0.0	0.0
3	__protein2_rbs	0.15	0.0	0.0
3	__protein3_rbs	0.0	0.0	0.0
3	__ribosome	134.45	0.0	0.0
3	__rnase_site_ext	1.25	0.0	0.0
3	p0	0.7	0.0	0.0
3	p1	1.35	0.0	0.0
3	protein1	0.0	0.6	0.4
3	protein2	0.0	0.2	0.15
3	r2	0.0	0.0	0.0
3	rnapol	3.6	0.0	0.0
4	__protein1_rbs	0.3	0.0	0.0
4	__protein2_rbs	0.1	0.0	0.0
4	__protein3_rbs	0.0	0.0	0.0
4	__ribosome	113.7	0.0	0.0
4	__rnase_site_ext	1.6	0.0	0.0
4	p0	0.75	0.0	0.0
4	p1	1.15	0.0	0.0
4	protein1	0.0	0.95	0.725
4	protein2	0.0	0.2	0.25
4	r2	0.0	0.0	0.0
4	rnapol	2.85	0.0	0.0
5	__protein1_rbs	0.45	0.0	0.0
5	__protein2_rbs	0.05	0.0	0.0
5	__protein3_rbs	0.0	0.0	0.0
5	__ribosome	97.85	0.0	0.0
5	__rnase_site_ext	2.0	0.0	0.0
5	p0	0.7	0.0	0.0
5	p1	0.95	0.0	0.0
5	protein1	0.0	1.3	1.125
5	protein2	0.0	0.2	0.4
5	r2	0.0	0.0	0.0
5	rnapol	1.95	0.0	0.0
6	__protein1_rbs	0.7	0.0	0.0
6	__protein2_rbs	0.15	0.0	0.0
6	__protein3_rbs	0.0	0.0	0.0
6	__ribosome	97.05	0.0	0.0
6	__rnase_site_ext	2.3	0.0	0.0
6	p0	0.9	0.0	0.0
6	p1	0.95	0.0	0.0
6	protein1	0.0	1.5	1.5
6	protein2	0.05	0.3	0.5
6	r2	0.1	0.0	0.0
6	rnapol	1.65	0.0	0.0
7	__protein1_rbs	0.55	0.0	0.0
7	__protein2_rbs	0.0	0.0	0.0
7	__protein3_rbs	0.0	0.0	0.0
7	__ribosome	95.6	0.0	0.0
7	__rnase_site_ext	2.45	0.0	0.0
7	p0	0.85	0.0	0.0
7	p1	0.95	0.0	0.0
7	protein1	0.1	1.9	1.8083333500000005
7	protein2	0.05	0.3	0.8
7	r2	0.2	0.0	0.0
7	rnapol	1.45	0.0	0.0
8	__protein1_rbs	0.55	0.0	0.0
8	__protein2_rbs	0.15	0.0	0.0
8	__protein3_rbs	0.0	0.0	0.0
8	__ribosome	94.5	0.0	0.0
8	__rnase_site_ext	2.8	0.0	0.0
8	p0	0.7	0.0	0.0
8	p1	0.85	0.0	0.0
8	protein1	0.4	2.0	2.24166665
8	protein2	0.2	0.4	0.75
8	r2	0.2	0.0	0.0
8	rnapol	1.1	0.0	0.0
9	__protein1_rbs	0.6	0.0	0.0
9	__protein2_rbs	0.15	0.0	0.0
9	__protein3_rbs	0.0	0.0	0.0
9	__ribosome	93.3	0.0	0.0
9	__rnase_site_ext	3.0	0.0	0.0
9	p0	0.9	0.0	0.0
9	p1	0.5	0.0	0.0
9	protein1	0.9	2.3	2.40000005
9	protein2	0.25	0.4	0.9
9	r2	0.2	0.0	0.0
9	rnapol	0.95	0.0	0.0
10	__protein1_rbs	1.05	0.0	0.0
10	__protein2_rbs	0.25	0.0	0.0
10	__protein3_rbs	0.05	0.0	0.0
10	__ribosome	92.1	0.0	0.0
10	__rnase_site_ext	3.1	0.0	0.0
10	p0	0.85	0.0	0.0
10	p1	0.55	0.0	0.0
10	protein1	1.45	2.6	2.5375
10	protein2	0.4	0.55	0.825
10	protein3	0.0	0.15	0.1
10	r2	0.25	0.0	0.0
10	rnapol	0.8	0.0	0.0
11	__protein1_rbs	1.2	0.0	0.0
11	__protein2_rbs	0.1	0.0	0.0
11	__protein3_rbs	0.15	0.0	0.0
11	__ribosome	91.05	0.0	0.0
11	__rnase_site_ext	3.05	0.0	0.0
11	p0	1.0	0.0	0.0
11	p1	0.35	0.0	0.0
11	protein1	2.45	2.65	2.71666665
11	protein2	0.6	0.8	1.3
11	protein3	0.0	0.2	0.15
11	r2	0.3	0.0	0.0
11	rnapol	0.8	0.0	0.0
12	__protein1_rbs	1.0	0.0	0.0
12	__protein2_rbs	0.45	0.0	0.0
12	__protein3_rbs	0.1	0.0	0.0
12	__ribosome	89.6	0.0	0.0
12	__rnase_site_ext	3.0	0.0	0.0
12	p0	1.0	0.0	0.0
12	p1	0.45	0.0	0.0
12	protein1	3.25	2.75	2.8750001
12	protein2	0.75	1.1	1.575
12	protein3	0.0	0.2	0.3
12	r2	0.4	0.0	0.0
12	rnapol	0.8	0.0	0.0
13	__protein1_rbs	0.75	0.0	0.0
13	__protein2_rbs	0.3	0.0	0.0
13	__protein3_rbs	0.1	0.0	0.0
13	__ribosome	88.15	0.0	0.0
13	__rnase_site_ext	3.0	0.0	0.0
13	p0	0.85	0.0	0.0
13	p1	0.6	0.0	0.0
13	protein1	4.7	2.7	3.18750005
13	protein2	0.95	1.5	1.6833333
13	protein3	0.0	0.2	0.4
13	r2	0.4	0.0	0.0
13	rnapol	0.65	0.0	0.0
14	__protein1_rbs	0.8	0.0	0.0
14	__protein2_rbs	0.45	0.0	0.0
14	__protein3_rbs	0.1	0.0	0.0
14	__ribosome	87.3	0.0	0.0
14	__rnase_site_ext	3.3	0.0	0.0
14	p0	0.85	0.0	0.0
14	p1	0.45	0.0	0.0
14	protein1	6.25	2.7	3.1791666500000004
14	protein2	1.3	1.6	2.0333333
14	protein3	0.0	0.3	0.6
14	r2	0.4	0.0	0.0
14	rnapol	0.55	0.0	0.0
15	__protein1_rbs	0.95	0.0	0.0
15	__protein2_rbs	0.8	0.0	0.0
15	__protein3_rbs	0.1	0.0	0.0
15	__ribosome	85.95	0.0	0.0
15	__rnase_site_ext	3.3	0.0	0.0
15	p0	0.85	0.0	0.0
15	p1	0.65	0.0	0.0
15	protein1	7.75	2.9	3.16666665
15	protein2	1.6	2.0	2.20833335
15	protein3	0.05	0.35	0.8
15	r2	0.8	0.0	0.0
15	rnapol	0.5	0.0	0.0
16	__protein1_rbs	0.85	0.0	0.0
16	__protein2_rbs	1.05	0.0	0.0
16	__protein3_rbs	0.2	0.0	0.0
16	__ribosome	84.7	0.0	0.0
16	__rnase_site_ext	3.4	0.0	0.0
16	p0	1.0	0.0	0.0
16	p1	0.45	0.0	0.0
16	protein1	9.1	2.95	3.3166666000000005
16	protein2	2.15	2.3	2.1083334
16	protein3	0.2	0.4	0.8
16	r2	0.95	0.0	0.0
16	rnapol	0.55	0.0	0.0
17	__protein1_rbs	1.6	0.0	0.0
17	__protein2_rbs	0.7	0.0	0.0
17	__protein3_rbs	0.1	0.0	0.0
17	__ribosome	84.05	0.0	0.0
17	__rnase_site_ext	3.45	0.0	0.0
17	p0	0.9	0.0	0.0
17	p1	0.6	0.0	0.0
17	protein1	11.05	3.1	2.9374999500000003
17	protein2	2.65	2.4	2.53333335
17	protein3	0.35	0.45	0.9
17	r2	1.4	0.0	0.0
17	rnapol	0.45	0.0	0.0
18	__protein1_rbs	0.9	0.0	0.0
18	__protein2_rbs	1.25	0.0	0.0
18	__protein3_rbs	0.2	0.0	0.0
18	__ribosome	82.75	0.0	0.0
18	__rnase_site_ext	3.6	0.0	0.0
18	p0	0.8	0.0	0.0
18	p1	0.8	0.0	0.0
18	protein1	12.75	3.1	2.9999999000000006
18	protein2	3.65	2.85	2.3833333000000003
18	protein3	0.4	0.75	0.95
18	r2	1.6	0.0	0.0
18	rnapol	0.3	0.0	0.0
19	__protein1_rbs	1.35	0.0	0.0
19	__protein2_rbs	1.15	0.0	0.0
19	__protein3_rbs	0.4	0.0	0.0
19	__ribosome	81.6	0.0	0.0
19	__rnase_site_ext	3.5	0.0	0.0
19	p0	1.0	0.0	0.0
19	p1	0.75	0.0	0.0
19	protein1	14.65	3.25	2.8375
19	protein2	4.55	2.9	2.6
19	protein3	0.55	0.95	1.2
19	r2	1.95	0.0	0.0
19	rnapol	0.35	0.0	0.0
20	__protein1_rbs	0.95	0.0	0.0
20	__protein2_rbs	1.55	0.0	0.0
20	__protein3_rbs	0.35	0.0	0.0
20	__ribosome	79.9	0.0	0.0
20	__rnase_site_ext	3.5	0.0	0.0
20	p0	1.0	0.0	0.0
20	p1	1.0	0.0	0.0
20	protein1	16.15	3.2	3.1333333
20	protein2	5.65	3.15	2.51833335
20	protein3	0.9	1.3	1.53333335
20	r2	2.15	0.0	0.0
20	rnapol	0.45	0.0	0.0
21	__protein1_rbs	1.2	0.0	0.0
21	__protein2_rbs	0.7	0.0	0.0
21	__protein3_rbs	0.65	0.0	0.0
21	__ribosome	78.15	0.0	0.0
21	__rnase_site_ext	3.5	0.0	0.0
21	p0	0.95	0.0	0.0
21	p1	0.95	0.0	0.0
21	protein1	18.0	3.15	3.125
21	protein2	6.95	3.15	2.8691667499999998
21	protein3	1.1	1.6	1.625
21	r2	2.3	0.0	0.0
21	rnapol	0.4	0.0	0.0
22	__protein1_rbs	1.15	0.0	0.0
22	__protein2_rbs	0.85	0.0	0.0
22	__protein3_rbs	0.75	0.0	0.0
22	__ribosome	76.95	0.0	0.0
22	__rnase_site_ext	3.45	0.0	0.0
22	p0	1.0	0.0	0.0
22	p1	0.75	0.0	0.0
22	protein1	20.0	3.15	3.0666667000000003
22	protein2	8.4	3.15	3.0691667
22	protein3	1.45	1.85	1.83333335
22	r2	2.55	0.0	0.0
22	rnapol	0.55	0.0	0.0
23	__protein1_rbs	1.05	0.0	0.0
23	__protein2_rbs	1.3	0.0	0.0
23	__protein3_rbs	0.7	0.0	0.0
23	__ribosome	76.05	0.0	0.0
23	__rnase_site_ext	3.4	0.0	0.0
23	p0	0.95	0.0	0.0
23	p1	0.8	0.0	0.0
23	protein1	21.55	3.15	3.175
23	protein2	10.2	3.2	2.93250005
23	protein3	1.9	2.05	2.24166665
23	r2	2.85	0.0	0.0
23	rnapol	0.7	0.0	0.0
24	__protein1_rbs	1.25	0.0	0.0
24	__protein2_rbs	1.25	0.0	0.0
24	__protein3_rbs	0.9	0.0	0.0
24	__ribosome	75.2	0.0	0.0
24	__rnase_site_ext	3.45	0.0	0.0
24	p0	0.95	0.0	0.0
24	p1	0.8	0.0	0.0
24	protein1	23.65	3.1	3.08333335
24	protein2	11.65	3.35	2.95916665
24	protein3	2.4	2.45	2.26250005
24	r2	2.95	0.0	0.0
24	rnapol	0.85	0.0	0.0
25	__protein1_rbs	1.1	0.0	0.0
25	__protein2_rbs	1.4	0.0	0.0
25	__protein3_rbs	1.25	0.0	0.0
25	__ribosome	74.3	0.0	0.0
25	__rnase_site_ext	3.65	0.0	0.0
25	p0	0.85	0.0	0.0
25	p1	0.85	0.0	0.0
25	protein1	25.3	3.15	3.0500000000000003
25	protein2	13.7	3.5	2.8633333999999997
25	protein3	3.25	2.65	2.2791667
25	r2	3.05	0.0	0.0
25	rnapol	0.95	0.0	0.0
26	__protein1_rbs	1.0	0.0	0.0
26	__protein2_rbs	1.45	0.0	0.0
26	__protein3_rbs	1.3	0.0	0.0
26	__ribosome	73.25	0.0	0.0
26	__rnase_site_ext	3.8	0.0	0.0
26	p0	0.85	0.0	0.0
26	p1	0.75	0.0	0.0
26	protein1	27.3	3.2	3.1049999999999995
26	protein2	15.4	3.55	2.9466667
26	protein3	4.25	2.75	2.3749999500000003
26	r2	3.05	0.0	0.0
26	rnapol	1.0	0.0	0.0
27	__protein1_rbs	1.45	0.0	0.0
27	__protein2_rbs	1.55	0.0	0.0
27	__protein3_rbs	1.05	0.0	0.0
27	__ribosome	72.65	0.0	0.0
27	__rnase_site_ext	3.9	0.0	0.0
27	p0	0.85	0.0	0.0
27	p1	0.9	0.0	0.0
27	protein1	29.45	3.45	2.7666666
27	protein2	17.3	3.65	2.90833335
27	protein3	5.1	2.9	2.54583335
27	r2	3.05	0.0	0.0
27	rnapol	1.0	0.0	0.0
28	__protein1_rbs	1.3	0.0	0.0
28	__protein2_rbs	1.3	0.0	0.0
28	__protein3_rbs	1.2	0.0	0.0
28	__ribosome	70.9	0.0	0.0
28	__rnase_site_ext	4.1	0.0	0.0
28	p0	0.8	0.0	0.0
28	p1	1.0	0.0	0.0
28	protein1	31.15	3.6	2.8041667
28	protein2	19.3	3.8	2.9524999500000013
28	protein3	6.35	3.1	2.59166665
28	r2	3.3	0.0	0.0
28	rnapol	1.15	0.0	0.0
29	__protein1_rbs	1.6	0.0	0.0
29	__protein2_rbs	1.1	0.0	0.0
29	__protein3_rbs	0.95	0.0	0.0
29	__ribosome	69.55	0.0	0.0
29	__rnase_site_ext	4.3	0.0	0.0
29	p0	0.85	0.0	0.0
29	p1	0.95	0.0	0.0
29	protein1	32.6	3.8	2.7691667
29	protein2	21.45	3.8	3.0308333499999995
29	protein3	7.8	3.05	2.87500005
29	r2	3.3	0.0	0.0
29	rnapol	1.25	0.0	0.0
30	__protein1_rbs	1.75	0.0	0.0
30	__protein2_rbs	1.45	0.0	0.0
30	__protein3_rbs	1.1	0.0	0.0
30	__ribosome	69.35	0.0	0.0
30	__rnase_site_ext	4.55	0.0	0.0
30	p0	0.7	0.0	0.0
30	p1	0.95	0.0	0.0
30	protein1	34.7	3.95	2.6875
30	protein2	23.85	3.75	2.9508332999999998
30	protein3	9.2	3.1	2.9541667
30	r2	3.45	0.0	0.0
30	rnapol	0.95	0.0	0.0
31	__protein1_rbs	1.5	0.0	0.0
31	__protein2_rbs	1.45	0.0	0.0
31	__protein3_rbs	1.35	0.0	0.0
31	__ribosome	68.7	0.0	0.0
31	__rnase_site_ext	4.8	0.0	0.0
31	p0	0.95	0.0	0.0
31	p1	0.95	0.0	0.0
31	protein1	36.7	4.1	2.7691666500000003
31	protein2	25.95	3.75	2.9575000499999997
31	protein3	10.65	3.3	2.78333335
31	r2	3.55	0.0	0.0
31	rnapol	1.25	0.0	0.0
32	__protein1_rbs	1.55	0.0	0.0
32	__protein2_rbs	1.55	0.0	0.0
32	__protein3_rbs	1.45	0.0	0.0
32	__ribosome	67.4	0.0	0.0
32	__rnase_site_ext	4.95	0.0	0.0
32	p0	0.9	0.0	0.0
32	p1	0.9	0.0	0.0
32	protein1	38.7	4.35	2.755
32	protein2	27.6	3.85	3.00833335
32	protein3	12.4	3.3	2.85833335
32	r2	3.65	0.0	0.0
32	rnapol	1.2	0.0	0.0
33	__protein1_rbs	1.8	0.0	0.0
33	__protein2_rbs	1.65	0.0	0.0
33	__protein3_rbs	1.2	0.0	0.0
33	__ribosome	66.9	0.0	0.0
33	__rnase_site_ext	5.0	0.0	0.0
33	p0	0.9	0.0	0.0
33	p1	0.65	0.0	0.0
33	protein1	40.75	4.45	2.8466666500000004
33	protein2	30.15	3.85	2.93416665
33	protein3	14.15	3.45	2.8208333
33	r2	3.6	0.0	0.0
33	rnapol	1.25	0.0	0.0
34	__protein1_rbs	1.85	0.0	0.0
34	__protein2_rbs	1.95	0.0	0.0
34	__protein3_rbs	1.35	0.0	0.0
34	__ribosome	66.8	0.0	0.0
34	__rnase_site_ext	5.1	0.0	0.0
34	p0	0.9	0.0	0.0
34	p1	0.7	0.0	0.0
34	protein1	43.05	4.55	2.845
34	protein2	32.5	4.0	2.7375000500000004
34	protein3	15.9	3.55	2.77499995
34	r2	3.6	0.0	0.0
34	rnapol	1.15	0.0	0.0
35	__protein1_rbs	2.05	0.0	0.0
35	__protein2_rbs	1.55	0.0	0.0
35	__protein3_rbs	1.4	0.0	0.0
35	__ribosome	65.7	0.0	0.0
35	__rnase_site_ext	5.2	0.0	0.0
35	p0	0.9	0.0	0.0
35	p1	0.7	0.0	0.0
35	protein1	45.0	4.6	2.8608333
35	protein2	34.7	4.2	2.6383332999999998
35	protein3	17.7	3.6	2.830833300000001
35	r2	3.65	0.0	0.0
35	rnapol	1.05	0.0	0.0
36	__protein1_rbs	1.65	0.0	0.0
36	__protein2_rbs	1.6	0.0	0.0
36	__protein3_rbs	1.95	0.0	0.0
36	__ribosome	64.95	0.0	0.0
36	__rnase_site_ext	5.35	0.0	0.0
36	p0	0.95	0.0	0.0
36	p1	0.5	0.0	0.0
36	protein1	47.55	4.7	2.9208333
36	protein2	36.8	4.25	2.7758333
36	protein3	19.6	3.75	2.6491667000000003
36	r2	3.7	0.0	0.0
36	rnapol	1.15	0.0	0.0
37	__protein1_rbs	1.7	0.0	0.0
37	__protein2_rbs	2.25	0.0	0.0
37	__protein3_rbs	1.25	0.0	0.0
37	__ribosome	64.1	0.0	0.0
37	__rnase_site_ext	5.5	0.0	0.0
37	p0	0.8	0.0	0.0
37	p1	0.65	0.0	0.0
37	protein1	50.15	4.85	2.87345235
37	protein2	38.85	4.45	2.6616666500000004
37	protein3	21.4	3.7	2.83166665
37	r2	3.75	0.0	0.0
37	rnapol	0.9	0.0	0.0
38	__protein1_rbs	2.2	0.0	0.0
38	__protein2_rbs	2.0	0.0	0.0
38	__protein3_rbs	1.8	0.0	0.0
38	__ribosome	64.0	0.0	0.0
38	__rnase_site_ext	5.55	0.0	0.0
38	p0	1.0	0.0	0.0
38	p1	0.55	0.0	0.0
38	protein1	52.6	4.9	2.7784524000000004
38	protein2	41.1	4.7	2.61166665
38	protein3	23.35	3.65	2.8575
38	r2	3.85	0.0	0.0
38	rnapol	1.05	0.0	0.0
39	__protein1_rbs	2.65	0.0	0.0
39	__protein2_rbs	2.25	0.0	0.0
39	__protein3_rbs	1.75	0.0	0.0
39	__ribosome	63.1	0.0	0.0
39	__rnase_site_ext	5.65	0.0	0.0
39	p0	0.9	0.0	0.0
39	p1	0.7	0.0	0.0
39	protein1	55.15	5.05	2.6927381000000006
39	protein2	42.9	4.85	2.7602381000000005
39	protein3	25.35	3.7	2.7966667000000003
39	r2	4.05	0.0	0.0
39	rnapol	0.9	0.0	0.0
40	__protein1_rbs	2.2	0.0	0.0
40	__protein2_rbs	2.25	0.0	0.0
40	__protein3_rbs	1.4	0.0	0.0
40	__ribosome	62.75	0.0	0.0
40	__rnase_site_ext	5.75	0.0	0.0
40	p0	0.9	0.0	0.0
40	p1	0.75	0.0	0.0
40	protein1	57.7	5.05	2.7909523500000004
40	protein2	45.5	5.2	2.5740476
40	protein3	27.5	3.7	2.7408333500000004
40	r2	4.2	0.0	0.0
40	rnapol	0.9	0.0	0.0
41	__protein1_rbs	1.9	0.0	0.0
41	__protein2_rbs	2.15	0.0	0.0
41	__protein3_rbs	1.7	0.0	0.0
41	__ribosome	61.75	0.0	0.0
41	__rnase_site_ext	5.7	0.0	0.0
41	p0	0.95	0.0	0.0
41	p1	0.85	0.0	0.0
41	protein1	60.65	5.05	2.7747023000000004
41	protein2	47.8	5.35	2.63011905
41	protein3	29.15	3.8	2.73083335
41	r2	4.4	0.0	0.0
41	rnapol	0.95	0.0	0.0
42	__protein1_rbs	1.95	0.0	0.0
42	__protein2_rbs	2.3	0.0	0.0
42	__protein3_rbs	1.55	0.0	0.0
42	__ribosome	61.5	0.0	0.0
42	__rnase_site_ext	5.85	0.0	0.0
42	p0	0.85	0.0	0.0
42	p1	0.8	0.0	0.0
42	protein1	63.5	5.05	2.81220235
42	protein2	50.6	5.35	2.6901189999999997
42	protein3	31.45	3.9	2.6358333000000003
42	r2	4.6	0.0	0.0
42	rnapol	0.75	0.0	0.0
43	__protein1_rbs	2.6	0.0	0.0
43	__protein2_rbs	2.35	0.0	0.0
43	__protein3_rbs	1.75	0.0	0.0
43	__ribosome	61.0	0.0	0.0
43	__rnase_site_ext	5.85	0.0	0.0
43	p0	0.95	0.0	0.0
43	p1	0.75	0.0	0.0
43	protein1	65.85	5.15	2.6997618999999995
43	protein2	53.1	5.35	2.73130955
43	protein3	33.4	4.2	2.59083335
43	r2	4.8	0.0	0.0
43	rnapol	0.7	0.0	0.0
44	__protein1_rbs	2.45	0.0	0.0
44	__protein2_rbs	2.4	0.0	0.0
44	__protein3_rbs	2.1	0.0	0.0
44	__ribosome	60.35	0.0	0.0
44	__rnase_site_ext	6.0	0.0	0.0
44	p0	0.9	0.0	0.0
44	p1	0.85	0.0	0.0
44	protein1	68.75	5.2	2.6428571000000005
44	protein2	55.6	5.6	2.69095235
44	protein3	35.15	4.45	2.52083335
44	r2	4.95	0.0	0.0
44	rnapol	0.6	0.0	0.0
45	__protein1_rbs	2.35	0.0	0.0
45	__protein2_rbs	2.4	0.0	0.0
45	__protein3_rbs	2.1	0.0	0.0
45	__ribosome	59.3	0.0	0.0
45	__rnase_site_ext	6.2	0.0	0.0
45	p0	0.7	0.0	0.0
45	p1	0.85	0.0	0.0
45	protein1	71.25	5.35	2.6189286
45	protein2	58.35	5.7	2.75226195
45	protein3	37.35	4.6	2.4716667
45	r2	5.25	0.0	0.0
45	rnapol	0.3	0.0	0.0
46	__protein1_rbs	2.4	0.0	0.0
46	__protein2_rbs	2.15	0.0	0.0
46	__protein3_rbs	2.3	0.0	0.0
46	__ribosome	58.95	0.0	0.0
46	__rnase_site_ext	6.3	0.0	0.0
46	p0	0.9	0.0	0.0
46	p1	0.8	0.0	0.0
46	protein1	74.05	5.45	2.54238095
46	protein2	61.65	5.8	2.7242262000000004
46	protein3	39.35	4.75	2.4724999500000004
46	r2	5.4	0.0	0.0
46	rnapol	0.3	0.0	0.0
47	__protein1_rbs	2.2	0.0	0.0
47	__protein2_rbs	3.3	0.0	0.0
47	__protein3_rbs	2.15	0.0	0.0
47	__ribosome	58.6	0.0	0.0
47	__rnase_site_ext	6.35	0.0	0.0
47	p0	0.95	0.0	0.0
47	p1	0.8	0.0	0.0
47	protein1	77.15	5.65	2.4176189999999997
47	protein2	64.25	5.9	2.6205357000000005
47	protein3	41.55	5.1	2.44142855
47	r2	5.45	0.0	0.0
47	rnapol	0.35	0.0	0.0
48	__protein1_rbs	2.55	0.0	0.0
48	__protein2_rbs	2.85	0.0	0.0
48	__protein3_rbs	2.55	0.0	0.0
48	__ribosome	57.0	0.0	0.0
48	__rnase_site_ext	6.4	0.0	0.0
48	p0	0.9	0.0	0.0
48	p1	0.85	0.0	0.0
48	protein1	79.05	5.65	2.5929167000000004
48	protein2	67.05	6.0	2.62375
48	protein3	43.55	5.25	2.4544048000000003
48	r2	5.6	0.0	0.0
48	rnapol	0.55	0.0	0.0
49	__protein1_rbs	2.5	0.0	0.0
49	__protein2_rbs	2.75	0.0	0.0
49	__protein3_rbs	2.75	0.0	0.0
49	__ribosome	56.45	0.0	0.0
49	__rnase_site_ext	6.45	0.0	0.0
49	p0	1.0	0.0	0.0
49	p1	0.85	0.0	0.0
49	protein1	81.75	5.7	2.6423810000000003
49	protein2	70.15	6.05	2.6191667
49	protein3	45.95	5.55	2.3483334
49	r2	5.65	0.0	0.0
49	rnapol	0.8	0.0	0.0
50	__protein1_rbs	2.65	0.0	0.0
50	__protein2_rbs	2.5	0.0	0.0
50	__protein3_rbs	2.6	0.0	0.0
50	__ribosome	55.25	0.0	0.0
50	__rnase_site_ext	6.65	0.0	0.0
50	p0	0.85	0.0	0.0
50	p1	0.75	0.0	0.0
50	protein1	84.45	5.8	2.6520239
50	protein2	73.4	6.1	2.6813095000000002
50	protein3	48.35	5.5	2.4965476000000004
50	r2	5.65	0.0	0.0
50	rnapol	0.65	0.0	0.0
51	__protein1_rbs	2.85	0.0	0.0
51	__protein2_rbs	2.55	0.0	0.0
51	__protein3_rbs	2.75	0.0	0.0
51	__ribosome	54.6	0.0	0.0
51	__rnase_site_ext	6.5	0.0	0.0
51	p0	0.95	0.0	0.0
51	p1	0.75	0.0	0.0
51	protein1	87.25	5.95	2.59642855
51	protein2	76.6	6.15	2.6665476000000004
51	protein3	50.85	5.6	2.52297625
51	r2	5.85	0.0	0.0
51	rnapol	0.75	0.0	0.0
52	__protein1_rbs	2.9	0.0	0.0
52	__protein2_rbs	2.55	0.0	0.0
52	__protein3_rbs	2.45	0.0	0.0
52	__ribosome	54.15	0.0	0.0
52	__rnase_site_ext	6.6	0.0	0.0
52	p0	0.9	0.0	0.0
52	p1	0.8	0.0	0.0
52	protein1	90.25	5.9	2.62630955
52	protein2	79.65	6.25	2.6391072500000003
52	protein3	53.6	5.7	2.51226195
52	r2	5.9	0.0	0.0
52	rnapol	0.9	0.0	0.0
53	__protein1_rbs	2.75	0.0	0.0
53	__protein2_rbs	2.75	0.0	0.0
53	__protein3_rbs	2.95	0.0	0.0
53	__ribosome	53.05	0.0	0.0
53	__rnase_site_ext	6.7	0.0	0.0
53	p0	0.8	0.0	0.0
53	p1	0.75	0.0	0.0
53	protein1	93.4	5.9	2.6031547500000003
53	protein2	82.3	6.45	2.6952976000000004
53	protein3	56.0	5.8	2.5185118500000003
53	r2	5.95	0.0	0.0
53	rnapol	1.05	0.0	0.0
54	__protein1_rbs	3.05	0.0	0.0
54	__protein2_rbs	3.15	0.0	0.0
54	__protein3_rbs	2.9	0.0	0.0
54	__ribosome	53.35	0.0	0.0
54	__rnase_site_ext	6.65	0.0	0.0
54	p0	0.95	0.0	0.0
54	p1	0.6	0.0	0.0
54	protein1	96.2	5.95	2.59333335
54	protein2	85.55	6.45	2.65160715
54	protein3	58.75	5.9	2.50767855
54	r2	6.0	0.0	0.0
54	rnapol	1.2	0.0	0.0
55	__protein1_rbs	2.85	0.0	0.0
55	__protein2_rbs	2.75	0.0	0.0
55	__protein3_rbs	2.0	0.0	0.0
55	__ribosome	51.7	0.0	0.0
55	__rnase_site_ext	6.55	0.0	0.0
55	p0	1.0	0.0	0.0
55	p1	0.8	0.0	0.0
55	protein1	99.2	6.0	2.5725595
55	protein2	88.75	6.65	2.6876191
55	protein3	61.45	6.0	2.6238689500000003
55	r2	6.05	0.0	0.0
55	rnapol	1.25	0.0	0.0
56	__protein1_rbs	2.8	0.0	0.0
56	__protein2_rbs	3.1	0.0	0.0
56	__protein3_rbs	2.7	0.0	0.0
56	__ribosome	51.05	0.0	0.0
56	__rnase_site_ext	6.75	0.0	0.0
56	p0	0.8	0.0	0.0
56	p1	0.9	0.0	0.0
56	protein1	102.25	5.95	2.55341275
56	protein2	92.1	6.8	2.6511904
56	protein3	64.15	6.0	2.6964881000000007
56	r2	6.2	0.0	0.0
56	rnapol	1.1	0.0	0.0
57	__protein1_rbs	2.6	0.0	0.0
57	__protein2_rbs	2.7	0.0	0.0
57	__protein3_rbs	2.95	0.0	0.0
57	__ribosome	50.8	0.0	0.0
57	__rnase_site_ext	6.7	0.0	0.0
57	p0	0.9	0.0	0.0
57	p1	0.9	0.0	0.0
57	protein1	105.15	5.95	2.6420238499999997
57	protein2	95.65	6.8	2.6564682500000005
57	protein3	67.1	6.1	2.6370832500000003
57	r2	6.35	0.0	0.0
57	rnapol	1.05	0.0	0.0
58	__protein1_rbs	2.7	0.0	0.0
58	__protein2_rbs	3.1	0.0	0.0
58	__protein3_rbs	2.95	0.0	0.0
58	__ribosome	51.05	0.0	0.0
58	__rnase_site_ext	7.0	0.0	0.0
58	p0	0.8	0.0	0.0
58	p1	0.75	0.0	0.0
58	protein1	108.35	6.0	2.5822618999999998
58	protein2	99.2	6.9	2.62053575
58	protein3	70.1	6.05	2.66178575
58	r2	6.4	0.0	0.0
58	rnapol	1.0	0.0	0.0
59	__protein1_rbs	2.9	0.0	0.0
59	__protein2_rbs	3.4	0.0	0.0
59	__protein3_rbs	2.8	0.0	0.0
59	__ribosome	50.6	0.0	0.0
59	__rnase_site_ext	7.15	0.0	0.0
59	p0	0.85	0.0	0.0
59	p1	0.65	0.0	0.0
59	protein1	111.3	6.15	2.5637697500000005
59	protein2	102.25	6.85	2.65694445
59	protein3	73.15	6.2	2.6379761500000005
59	r2	6.45	0.0	0.0
59	rnapol	0.9	0.0	0.0
60	__protein1_rbs	3.3	0.0	0.0
60	__protein2_rbs	2.95	0.0	0.0
60	__protein3_rbs	3.15	0.0	0.0
60	__ribosome	50.85	0.0	0.0
60	__rnase_site_ext	7.15	0.0	0.0
60	p0	0.9	0.0	0.0
60	p1	0.65	0.0	0.0
60	protein1	114.15	6.25	2.4950794
60	protein2	105.75	7.1	2.59890875
60	protein3	76.75	6.3	2.4810715
60	r2	6.75	0.0	0.0
60	rnapol	0.9	0.0	0.0
61	__protein1_rbs	3.3	0.0	0.0
61	__protein2_rbs	3.45	0.0	0.0
61	__protein3_rbs	3.6	0.0	0.0
61	__ribosome	50.55	0.0	0.0
61	__rnase_site_ext	7.1	0.0	0.0
61	p0	0.95	0.0	0.0
61	p1	0.75	0.0	0.0
61	protein1	117.1	6.4	2.4909524499999995
61	protein2	109.35	7.15	2.598948450000001
61	protein3	79.6	6.5	2.4405357000000003
61	r2	6.75	0.0	0.0
61	rnapol	0.9	0.0	0.0
62	__protein1_rbs	3.3	0.0	0.0
62	__protein2_rbs	3.7	0.0	0.0
62	__protein3_rbs	3.25	0.0	0.0
62	__ribosome	51.05	0.0	0.0
62	__rnase_site_ext	7.25	0.0	0.0
62	p0	0.8	0.0	0.0
62	p1	0.9	0.0	0.0
62	protein1	120.2	6.35	2.50551585
62	protein2	113.0	7.3	2.49339285
62	protein3	82.75	6.6	2.38654765
62	r2	6.85	0.0	0.0
62	rnapol	0.85	0.0	0.0
63	__protein1_rbs	3.15	0.0	0.0
63	__protein2_rbs	3.55	0.0	0.0
63	__protein3_rbs	3.2	0.0	0.0
63	__ribosome	49.8	0.0	0.0
63	__rnase_site_ext	7.25	0.0	0.0
63	p0	0.9	0.0	0.0
63	p1	0.95	0.0	0.0
63	protein1	123.35	6.35	2.48386905
63	protein2	116.0	7.3	2.5845833000000007
63	protein3	85.75	6.8	2.3830357500000003
63	r2	6.8	0.0	0.0
63	rnapol	0.9	0.0	0.0
64	__protein1_rbs	3.45	0.0	0.0
64	__protein2_rbs	3.9	0.0	0.0
64	__protein3_rbs	3.3	0.0	0.0
64	__ribosome	50.2	0.0	0.0
64	__rnase_site_ext	7.3	0.0	0.0
64	p0	1.0	0.0	0.0
64	p1	0.7	0.0	0.0
64	protein1	125.95	6.4	2.5300199
64	protein2	120.2	7.3	2.45357135
64	protein3	88.9	6.9	2.3511905000000004
64	r2	6.9	0.0	0.0
64	rnapol	0.9	0.0	0.0
65	__protein1_rbs	3.1	0.0	0.0
65	__protein2_rbs	3.6	0.0	0.0
65	__protein3_rbs	2.9	0.0	0.0
65	__ribosome	49.6	0.0	0.0
65	__rnase_site_ext	7.45	0.0	0.0
65	p0	0.8	0.0	0.0
65	p1	0.7	0.0	0.0
65	protein1	129.5	6.55	2.42946425
65	protein2	124.0	7.4	2.3990278
65	protein3	91.6	6.9	2.5086308999999996
65	r2	7.05	0.0	0.0
65	rnapol	0.8	0.0	0.0
66	__protein1_rbs	3.35	0.0	0.0
66	__protein2_rbs	3.65	0.0	0.0
66	__protein3_rbs	3.45	0.0	0.0
66	__ribosome	49.65	0.0	0.0
66	__rnase_site_ext	7.5	0.0	0.0
66	p0	0.95	0.0	0.0
66	p1	0.7	0.0	0.0
66	protein1	132.5	6.5	2.46176585
66	protein2	127.3	7.55	2.3509920500000003
66	protein3	95.1	6.95	2.4610912
66	r2	7.2	0.0	0.0
66	rnapol	0.9	0.0	0.0
67	__protein1_rbs	3.25	0.0	0.0
67	__protein2_rbs	3.85	0.0	0.0
67	__protein3_rbs	3.5	0.0	0.0
67	__ribosome	49.25	0.0	0.0
67	__rnase_site_ext	7.45	0.0	0.0
67	p0	0.85	0.0	0.0
67	p1	0.8	0.0	0.0
67	protein1	135.8	6.65	2.3952777499999995
67	protein2	130.7	7.7	2.328492
67	protein3	98.2	7.1	2.4394445000000005
67	r2	7.3	0.0	0.0
67	rnapol	0.95	0.0	0.0
68	__protein1_rbs	3.2	0.0	0.0
68	__protein2_rbs	3.65	0.0	0.0
68	__protein3_rbs	3.7	0.0	0.0
68	__ribosome	47.4	0.0	0.0
68	__rnase_site_ext	7.5	0.0	0.0
68	p0	0.85	0.0	0.0
68	p1	0.75	0.0	0.0
68	protein1	138.7	6.75	2.47690475
68	protein2	133.7	7.7	2.4854364500000004
68	protein3	101.25	7.2	2.4194048
68	r2	7.35	0.0	0.0
68	rnapol	1.0	0.0	0.0
69	__protein1_rbs	3.2	0.0	0.0
69	__protein2_rbs	3.55	0.0	0.0
69	__protein3_rbs	3.7	0.0	0.0
69	__ribosome	46.3	0.0	0.0
69	__rnase_site_ext	7.75	0.0	0.0
69	p0	0.85	0.0	0.0
69	p1	0.75	0.0	0.0
69	protein1	141.8	6.75	2.4904760999999995
69	protein2	137.15	7.7	2.518353100000001
69	protein3	104.25	7.3	2.5006746
69	r2	7.3	0.0	0.0
69	rnapol	0.85	0.0	0.0
70	__protein1_rbs	3.25	0.0	0.0
70	__protein2_rbs	4.1	0.0	0.0
70	__protein3_rbs	3.35	0.0	0.0
70	__ribosome	46.6	0.0	0.0
70	__rnase_site_ext	7.8	0.0	0.0
70	p0	0.95	0.0	0.0
70	p1	0.8	0.0	0.0
70	protein1	144.95	7.0	2.4493056
70	protein2	140.95	7.75	2.4475595500000003
70	protein3	108.15	7.4	2.4564484
70	r2	7.35	0.0	0.0
70	rnapol	0.9	0.0	0.0
71	__protein1_rbs	3.75	0.0	0.0
71	__protein2_rbs	3.45	0.0	0.0
71	__protein3_rbs	3.6	0.0	0.0
71	__ribosome	46.4	0.0	0.0
71	__rnase_site_ext	7.8	0.0	0.0
71	p0	1.0	0.0	0.0
71	p1	0.85	0.0	0.0
71	protein1	148.2	7.1	2.4038293500000005
71	protein2	144.45	7.8	2.5048213500000003
71	protein3	111.75	7.45	2.41736115
71	r2	7.5	0.0	0.0
71	rnapol	1.05	0.0	0.0
72	__protein1_rbs	3.4	0.0	0.0
72	__protein2_rbs	4.15	0.0	0.0
72	__protein3_rbs	3.35	0.0	0.0
72	__ribosome	46.35	0.0	0.0
72	__rnase_site_ext	7.7	0.0	0.0
72	p0	0.8	0.0	0.0
72	p1	0.8	0.0	0.0
72	protein1	151.7	7.1	2.43085315
72	protein2	148.3	7.7	2.4595040000000004
72	protein3	115.05	7.45	2.4526587
72	r2	7.7	0.0	0.0
72	rnapol	1.05	0.0	0.0
73	__protein1_rbs	3.6	0.0	0.0
73	__protein2_rbs	3.9	0.0	0.0
73	__protein3_rbs	3.8	0.0	0.0
73	__ribosome	46.7	0.0	0.0
73	__rnase_site_ext	7.8	0.0	0.0
73	p0	0.9	0.0	0.0
73	p1	0.75	0.0	0.0
73	protein1	154.7	7.05	2.51119045
73	protein2	151.85	7.7	2.39250005
73	protein3	118.65	7.4	2.4330157999999997
73	r2	7.6	0.0	0.0
73	rnapol	1.1	0.0	0.0
74	__protein1_rbs	3.3	0.0	0.0
74	__protein2_rbs	4.05	0.0	0.0
74	__protein3_rbs	3.75	0.0	0.0
74	__ribosome	46.5	0.0	0.0
74	__rnase_site_ext	7.9	0.0	0.0
74	p0	0.95	0.0	0.0
74	p1	0.85	0.0	0.0
74	protein1	158.0	7.1	2.5235119999999998
74	protein2	155.55	7.85	2.3594859
74	protein3	122.2	7.6	2.37277775
74	r2	7.65	0.0	0.0
74	rnapol	1.2	0.0	0.0
75	__protein1_rbs	3.45	0.0	0.0
75	__protein2_rbs	3.25	0.0	0.0
75	__protein3_rbs	3.95	0.0	0.0
75	__ribosome	46.2	0.0	0.0
75	__rnase_site_ext	8.0	0.0	0.0
75	p0	0.95	0.0	0.0
75	p1	0.7	0.0	0.0
75	protein1	161.45	7.2	2.4731349
75	protein2	159.5	7.7	2.4465674499999994
75	protein3	125.75	7.7	2.3299206000000003
75	r2	7.75	0.0	0.0
75	rnapol	1.25	0.0	0.0
76	__protein1_rbs	4.0	0.0	0.0
76	__protein2_rbs	4.3	0.0	0.0
76	__protein3_rbs	3.85	0.0	0.0
76	__ribosome	46.35	0.0	0.0
76	__rnase_site_ext	8.15	0.0	0.0
76	p0	0.8	0.0	0.0
76	p1	0.8	0.0	0.0
76	protein1	164.65	7.25	2.39297615
76	protein2	163.3	7.95	2.3088292999999998
76	protein3	128.95	7.85	2.3543849000000003
76	r2	7.85	0.0	0.0
76	rnapol	1.05	0.0	0.0
77	__protein1_rbs	4.0	0.0	0.0
77	__protein2_rbs	3.85	0.0	0.0
77	__protein3_rbs	4.1	0.0	0.0
77	__ribosome	45.4	0.0	0.0
77	__rnase_site_ext	8.25	0.0	0.0
77	p0	0.95	0.0	0.0
77	p1	0.7	0.0	0.0
77	protein1	167.8	7.35	2.3668849
77	protein2	166.35	8.05	2.40666845
77	protein3	132.85	7.9	2.3353571000000004
77	r2	7.85	0.0	0.0
77	rnapol	1.05	0.0	0.0
78	__protein1_rbs	3.8	0.0	0.0
78	__protein2_rbs	3.65	0.0	0.0
78	__protein3_rbs	4.1	0.0	0.0
78	__ribosome	44.5	0.0	0.0
78	__rnase_site_ext	8.2	0.0	0.0
78	p0	0.95	0.0	0.0
78	p1	0.8	0.0	0.0
78	protein1	171.25	7.55	2.3045436
78	protein2	170.05	8.2	2.3961687500000006
78	protein3	136.05	7.9	2.39680915
78	r2	7.95	0.0	0.0
78	rnapol	1.1	0.0	0.0
79	__protein1_rbs	3.9	0.0	0.0
79	__protein2_rbs	3.8	0.0	0.0
79	__protein3_rbs	3.45	0.0	0.0
79	__ribosome	42.9	0.0	0.0
79	__rnase_site_ext	8.2	0.0	0.0
79	p0	0.85	0.0	0.0
79	p1	0.9	0.0	0.0
79	protein1	174.9	7.45	2.3387301
79	protein2	173.7	8.2	2.484163
79	protein3	139.35	7.9	2.53245135
79	r2	7.95	0.0	0.0
79	rnapol	1.05	0.0	0.0
80	__protein1_rbs	4.4	0.0	0.0
80	__protein2_rbs	4.3	0.0	0.0
80	__protein3_rbs	4.25	0.0	0.0
80	__ribosome	44.15	0.0	0.0
80	__rnase_site_ext	8.15	0.0	0.0
80	p0	0.85	0.0	0.0
80	p1	0.8	0.0	0.0
80	protein1	178.65	7.5	2.14806455
80	protein2	177.1	8.1	2.5420022
80	protein3	143.15	7.95	2.46184165
80	r2	8.1	0.0	0.0
80	rnapol	1.05	0.0	0.0
81	__protein1_rbs	3.95	0.0	0.0
81	__protein2_rbs	3.95	0.0	0.0
81	__protein3_rbs	4.2	0.0	0.0
81	__ribosome	44.0	0.0	0.0
81	__rnase_site_ext	8.2	0.0	0.0
81	p0	0.85	0.0	0.0
81	p1	0.75	0.0	0.0
81	protein1	181.75	7.45	2.25397005
81	protein2	181.05	8.05	2.55684705
81	protein3	146.8	8.05	2.38407285
81	r2	8.25	0.0	0.0
81	rnapol	1.1	0.0	0.0
82	__protein1_rbs	3.55	0.0	0.0
82	__protein2_rbs	4.05	0.0	0.0
82	__protein3_rbs	3.95	0.0	0.0
82	__ribosome	43.55	0.0	0.0
82	__rnase_site_ext	8.35	0.0	0.0
82	p0	0.85	0.0	0.0
82	p1	0.8	0.0	0.0
82	protein1	185.05	7.45	2.3064069
82	protein2	184.9	8.3	2.4716521
82	protein3	150.65	8.2	2.36472225
82	r2	8.2	0.0	0.0
82	rnapol	1.05	0.0	0.0
83	__protein1_rbs	3.4	0.0	0.0
83	__protein2_rbs	4.85	0.0	0.0
83	__protein3_rbs	4.0	0.0	0.0
83	__ribosome	44.15	0.0	0.0
83	__rnase_site_ext	8.55	0.0	0.0
83	p0	0.85	0.0	0.0
83	p1	0.85	0.0	0.0
83	protein1	188.2	7.55	2.36504145
83	protein2	189.2	8.3	2.32885635
83	protein3	154.75	8.3	2.342004
83	r2	8.25	0.0	0.0
83	rnapol	1.0	0.0	0.0
84	__protein1_rbs	3.45	0.0	0.0
84	__protein2_rbs	3.9	0.0	0.0
84	__protein3_rbs	4.5	0.0	0.0
84	__ribosome	43.55	0.0	0.0
84	__rnase_site_ext	8.5	0.0	0.0
84	p0	0.85	0.0	0.0
84	p1	0.8	0.0	0.0
84	protein1	191.35	7.7	2.3775793499999995
84	protein2	193.15	8.4	2.3391269
84	protein3	158.45	8.3	2.2782557
84	r2	8.25	0.0	0.0
84	rnapol	0.9	0.0	0.0
85	__protein1_rbs	3.65	0.0	0.0
85	__protein2_rbs	4.55	0.0	0.0
85	__protein3_rbs	4.3	0.0	0.0
85	__ribosome	42.85	0.0	0.0
85	__rnase_site_ext	8.45	0.0	0.0
85	p0	0.95	0.0	0.0
85	p1	0.7	0.0	0.0
85	protein1	194.75	7.7	2.4203968500000004
85	protein2	196.95	8.45	2.311865
85	protein3	161.9	8.4	2.30628605
85	r2	8.15	0.0	0.0
85	rnapol	0.9	0.0	0.0
86	__protein1_rbs	4.05	0.0	0.0
86	__protein2_rbs	4.45	0.0	0.0
86	__protein3_rbs	4.25	0.0	0.0
86	__ribosome	42.1	0.0	0.0
86	__rnase_site_ext	8.35	0.0	0.0
86	p0	0.9	0.0	0.0
86	p1	0.8	0.0	0.0
86	protein1	197.75	7.65	2.50890875
86	protein2	200.55	8.5	2.31817815
86	protein3	165.75	8.5	2.2999981499999995
86	r2	8.2	0.0	0.0
86	rnapol	1.0	0.0	0.0
87	__protein1_rbs	3.7	0.0	0.0
87	__protein2_rbs	4.9	0.0	0.0
87	__protein3_rbs	4.05	0.0	0.0
87	__ribosome	41.45	0.0	0.0
87	__rnase_site_ext	8.5	0.0	0.0
87	p0	0.8	0.0	0.0
87	p1	0.75	0.0	0.0
87	protein1	201.5	7.55	2.5359469500000005
87	protein2	204.25	8.6	2.2878950500000004
87	protein3	169.3	8.55	2.3798448000000003
87	r2	8.45	0.0	0.0
87	rnapol	0.95	0.0	0.0
88	__protein1_rbs	3.55	0.0	0.0
88	__protein2_rbs	4.6	0.0	0.0
88	__protein3_rbs	4.55	0.0	0.0
88	__ribosome	42.0	0.0	0.0
88	__rnase_site_ext	8.55	0.0	0.0
88	p0	0.95	0.0	0.0
88	p1	0.7	0.0	0.0
88	protein1	205.5	7.6	2.47968065
88	protein2	208.1	8.7	2.26568905
88	protein3	173.25	8.4	2.38572875
88	r2	8.55	0.0	0.0
88	rnapol	0.95	0.0	0.0
89	__protein1_rbs	4.05	0.0	0.0
89	__protein2_rbs	4.8	0.0	0.0
89	__protein3_rbs	3.85	0.0	0.0
89	__ribosome	42.05	0.0	0.0
89	__rnase_site_ext	8.45	0.0	0.0
89	p0	0.85	0.0	0.0
89	p1	0.55	0.0	0.0
89	protein1	208.95	7.75	2.43339285
89	protein2	212.15	8.8	2.2222168
89	protein3	177.15	8.4	2.3839482999999992
89	r2	8.45	0.0	0.0
89	rnapol	0.95	0.0	0.0
90	__protein1_rbs	4.05	0.0	0.0
90	__protein2_rbs	5.0	0.0	0.0
90	__protein3_rbs	4.45	0.0	0.0
90	__ribosome	41.2	0.0	0.0
90	__rnase_site_ext	8.7	0.0	0.0
90	p0	0.85	0.0	0.0
90	p1	0.85	0.0	0.0
90	protein1	212.45	7.75	2.42831345
90	protein2	215.75	8.9	2.2581295
90	protein3	180.65	8.45	2.41408545
90	r2	8.5	0.0	0.0
90	rnapol	0.9	0.0	0.0
91	__protein1_rbs	4.3	0.0	0.0
91	__protein2_rbs	4.85	0.0	0.0
91	__protein3_rbs	4.25	0.0	0.0
91	__ribosome	41.9	0.0	0.0
91	__rnase_site_ext	8.75	0.0	0.0
91	p0	0.95	0.0	0.0
91	p1	0.65	0.0	0.0
91	protein1	216.4	7.85	2.3452381
91	protein2	219.95	9.05	2.20860745
91	protein3	184.75	8.5	2.4013148499999994
91	r2	8.5	0.0	0.0
91	rnapol	1.05	0.0	0.0
92	__protein1_rbs	4.2	0.0	0.0
92	__protein2_rbs	4.9	0.0	0.0
92	__protein3_rbs	4.15	0.0	0.0
92	__ribosome	40.95	0.0	0.0
92	__rnase_site_ext	8.6	0.0	0.0
92	p0	0.9	0.0	0.0
92	p1	0.75	0.0	0.0
92	protein1	219.75	7.95	2.35968255
92	protein2	223.3	9.2	2.23335675
92	protein3	189.1	8.65	2.3627002
92	r2	8.45	0.0	0.0
92	rnapol	1.05	0.0	0.0
93	__protein1_rbs	4.0	0.0	0.0
93	__protein2_rbs	5.15	0.0	0.0
93	__protein3_rbs	4.85	0.0	0.0
93	__ribosome	41.3	0.0	0.0
93	__rnase_site_ext	8.7	0.0	0.0
93	p0	0.8	0.0	0.0
93	p1	0.9	0.0	0.0
93	protein1	223.7	7.85	2.3646428000000004
93	protein2	227.2	9.4	2.1829365000000003
93	protein3	192.7	8.75	2.32413055
93	r2	8.55	0.0	0.0
93	rnapol	0.85	0.0	0.0
94	__protein1_rbs	4.05	0.0	0.0
94	__protein2_rbs	4.65	0.0	0.0
94	__protein3_rbs	4.45	0.0	0.0
94	__ribosome	41.0	0.0	0.0
94	__rnase_site_ext	9.0	0.0	0.0
94	p0	0.8	0.0	0.0
94	p1	0.85	0.0	0.0
94	protein1	227.4	7.9	2.36188495
94	protein2	231.2	9.45	2.18257935
94	protein3	196.75	8.65	2.34780665
94	r2	8.7	0.0	0.0
94	rnapol	0.7	0.0	0.0
95	__protein1_rbs	4.65	0.0	0.0
95	__protein2_rbs	5.25	0.0	0.0
95	__protein3_rbs	4.55	0.0	0.0
95	__ribosome	40.5	0.0	0.0
95	__rnase_site_ext	9.0	0.0	0.0
95	p0	0.9	0.0	0.0
95	p1	0.65	0.0	0.0
95	protein1	230.55	8.05	2.32525975
95	protein2	235.2	9.4	2.20878975
95	protein3	200.45	8.65	2.40558255
95	r2	9.0	0.0	0.0
95	rnapol	0.7	0.0	0.0
96	__protein1_rbs	4.35	0.0	0.0
96	__protein2_rbs	5.45	0.0	0.0
96	__protein3_rbs	4.0	0.0	0.0
96	__ribosome	39.95	0.0	0.0
96	__rnase_site_ext	8.85	0.0	0.0
96	p0	0.95	0.0	0.0
96	p1	0.7	0.0	0.0
96	protein1	233.8	8.15	2.3581854
96	protein2	238.85	9.5	2.2070216
96	protein3	204.7	8.7	2.3933621999999994
96	r2	9.05	0.0	0.0
96	rnapol	0.7	0.0	0.0
97	__protein1_rbs	4.2	0.0	0.0
97	__protein2_rbs	5.3	0.0	0.0
97	__protein3_rbs	4.4	0.0	0.0
97	__ribosome	39.7	0.0	0.0
97	__rnase_site_ext	8.75	0.0	0.0
97	p0	0.9	0.0	0.0
97	p1	0.9	0.0	0.0
97	protein1	237.4	8.1	2.4091414
97	protein2	243.05	9.35	2.2362788500000006
97	protein3	208.7	8.7	2.3937192500000006
97	r2	9.15	0.0	0.0
97	rnapol	0.7	0.0	0.0
98	__protein1_rbs	4.45	0.0	0.0
98	__protein2_rbs	5.4	0.0	0.0
98	__protein3_rbs	4.15	0.0	0.0
98	__ribosome	39.75	0.0	0.0
98	__rnase_site_ext	8.65	0.0	0.0
98	p0	0.9	0.0	0.0
98	p1	0.6	0.0	0.0
98	protein1	241.45	8.0	2.3536273999999997
98	protein2	247.2	9.25	2.21714825
98	protein3	212.3	8.9	2.4476911
98	r2	9.25	0.0	0.0
98	rnapol	0.65	0.0	0.0
99	__protein1_rbs	4.3	0.0	0.0
99	__protein2_rbs	5.7	0.0	0.0
99	__protein3_rbs	5.15	0.0	0.0
99	__ribosome	41.0	0.0	0.0
99	__rnase_site_ext	8.7	0.0	0.0
99	p0	0.9	0.0	0.0
99	p1	0.75	0.0	0.0
99	protein1	245.2	7.95	2.3455718
99	protein2	251.2	9.4	2.153429
99	protein3	216.7	9.15	2.2793705
99	r2	9.25	0.0	0.0
99	rnapol	0.75	0.0	0.0
100	__protein1_rbs	4.55	0.0	0.0
100	__protein2_rbs	5.35	0.0	0.0
100	__protein3_rbs	4.6	0.0	0.0
100	__ribosome	41.0	0.0	0.0
100	__rnase_site_ext	8.8	0.0	0.0
100	p0	0.85	0.0	0.0
100	p1	0.95	0.0	0.0
100	protein1	248.35	7.85	2.37737735
100	protein2	255.35	9.6	2.1248611
100	protein3	221.1	9.2	2.2324512000000003
100	r2	9.3	0.0	0.0
100	rnapol	0.65	0.0	0.0
101	__protein1_rbs	4.45	0.0	0.0
101	__protein2_rbs	5.4	0.0	0.0
101	__protein3_rbs	4.8	0.0	0.0
101	__ribosome	40.95	0.0	0.0
101	__rnase_site_ext	8.8	0.0	0.0
101	p0	1.0	0.0	0.0
101	p1	0.65	0.0	0.0
101	protein1	252.4	7.95	2.24755055
101	protein2	259.35	9.6	2.138961000000001
101	protein3	224.8	9.35	2.28288055
101	r2	9.4	0.0	0.0
101	rnapol	0.7	0.0	0.0
102	__protein1_rbs	4.2	0.0	0.0
102	__protein2_rbs	5.35	0.0	0.0
102	__protein3_rbs	4.9	0.0	0.0
102	__ribosome	41.05	0.0	0.0
102	__rnase_site_ext	8.85	0.0	0.0
102	p0	0.9	0.0	0.0
102	p1	0.6	0.0	0.0
102	protein1	256.25	8.05	2.2278229
102	protein2	263.45	9.45	2.1492911
102	protein3	229.05	9.35	2.29715735
102	r2	9.55	0.0	0.0
102	rnapol	0.75	0.0	0.0
103	__protein1_rbs	4.5	0.0	0.0
103	__protein2_rbs	5.35	0.0	0.0
103	__protein3_rbs	4.9	0.0	0.0
103	__ribosome	40.85	0.0	0.0
103	__rnase_site_ext	8.85	0.0	0.0
103	p0	0.9	0.0	0.0
103	p1	0.85	0.0	0.0
103	protein1	259.7	8.05	2.2046104
103	protein2	267.25	9.75	2.12738635
103	protein3	233.6	9.35	2.27457975
103	r2	9.6	0.0	0.0
103	rnapol	0.8	0.0	0.0
104	__protein1_rbs	4.15	0.0	0.0
104	__protein2_rbs	4.8	0.0	0.0
104	__protein3_rbs	5.0	0.0	0.0
104	__ribosome	38.2	0.0	0.0
104	__rnase_site_ext	8.85	0.0	0.0
104	p0	0.85	0.0	0.0
104	p1	0.85	0.0	0.0
104	protein1	262.75	8.0	2.31449315
104	protein2	271.1	9.8	2.2320959
104	protein3	237.1	9.6	2.30887915
104	r2	9.85	0.0	0.0
104	rnapol	1.0	0.0	0.0
105	__protein1_rbs	4.35	0.0	0.0
105	__protein2_rbs	5.6	0.0	0.0
105	__protein3_rbs	5.75	0.0	0.0
105	__ribosome	38.4	0.0	0.0
105	__rnase_site_ext	9.05	0.0	0.0
105	p0	0.9	0.0	0.0
105	p1	0.8	0.0	0.0
105	protein1	266.1	8.0	2.3484416
105	protein2	275.2	9.85	2.2081944
105	protein3	241.15	9.7	2.2419213
105	r2	10.05	0.0	0.0
105	rnapol	0.9	0.0	0.0
106	__protein1_rbs	4.7	0.0	0.0
106	__protein2_rbs	5.05	0.0	0.0
106	__protein3_rbs	5.35	0.0	0.0
106	__ribosome	38.0	0.0	0.0
106	__rnase_site_ext	9.1	0.0	0.0
106	p0	0.9	0.0	0.0
106	p1	0.85	0.0	0.0
106	protein1	269.8	8.15	2.2490566000000003
106	protein2	278.9	9.8	2.30107855
106	protein3	245.4	9.6	2.27666535
106	r2	9.65	0.0	0.0
106	rnapol	1.05	0.0	0.0
107	__protein1_rbs	5.35	0.0	0.0
107	__protein2_rbs	6.0	0.0	0.0
107	__protein3_rbs	5.45	0.0	0.0
107	__ribosome	38.75	0.0	0.0
107	__rnase_site_ext	9.15	0.0	0.0
107	p0	0.95	0.0	0.0
107	p1	0.85	0.0	0.0
107	protein1	273.3	8.2	2.17397535
107	protein2	282.95	9.95	2.2523845500000004
107	protein3	249.9	9.85	2.19104315
107	r2	9.9	0.0	0.0
107	rnapol	1.0	0.0	0.0
108	__protein1_rbs	4.45	0.0	0.0
108	__protein2_rbs	5.4	0.0	0.0
108	__protein3_rbs	5.5	0.0	0.0
108	__ribosome	39.25	0.0	0.0
108	__rnase_site_ext	9.2	0.0	0.0
108	p0	0.8	0.0	0.0
108	p1	0.75	0.0	0.0
108	protein1	277.3	8.25	2.09913595
108	protein2	287.2	9.9	2.2627507500000004
108	protein3	254.35	10.05	2.1357328000000004
108	r2	9.75	0.0	0.0
108	rnapol	0.9	0.0	0.0
109	__protein1_rbs	4.6	0.0	0.0
109	__protein2_rbs	5.15	0.0	0.0
109	__protein3_rbs	5.0	0.0	0.0
109	__ribosome	39.15	0.0	0.0
109	__rnase_site_ext	9.15	0.0	0.0
109	p0	1.0	0.0	0.0
109	p1	0.85	0.0	0.0
109	protein1	280.75	8.2	2.1431601
109	protein2	292.3	9.95	2.22405315
109	protein3	258.65	10.1	2.17035445
109	r2	9.9	0.0	0.0
109	rnapol	1.05	0.0	0.0
110	__protein1_rbs	4.4	0.0	0.0
110	__protein2_rbs	5.45	0.0	0.0
110	__protein3_rbs	5.4	0.0	0.0
110	__ribosome	37.95	0.0	0.0
110	__rnase_site_ext	9.05	0.0	0.0
110	p0	1.0	0.0	0.0
110	p1	0.8	0.0	0.0
110	protein1	284.35	8.3	2.12397725
110	protein2	296.4	9.85	2.2852592
110	protein3	262.3	10.35	2.20545505
110	r2	9.9	0.0	0.0
110	rnapol	1.25	0.0	0.0
111	__protein1_rbs	4.25	0.0	0.0
111	__protein2_rbs	4.65	0.0	0.0
111	__protein3_rbs	5.4	0.0	0.0
111	__ribosome	36.7	0.0	0.0
111	__rnase_site_ext	9.3	0.0	0.0
111	p0	0.75	0.0	0.0
111	p1	0.8	0.0	0.0
111	protein1	287.95	8.25	2.1707864000000003
111	protein2	300.6	9.95	2.3547462
111	protein3	266.65	10.25	2.2514875
111	r2	9.95	0.0	0.0
111	rnapol	1.0	0.0	0.0
112	__protein1_rbs	4.45	0.0	0.0
112	__protein2_rbs	5.75	0.0	0.0
112	__protein3_rbs	5.9	0.0	0.0
112	__ribosome	36.6	0.0	0.0
112	__rnase_site_ext	9.4	0.0	0.0
112	p0	0.9	0.0	0.0
112	p1	0.7	0.0	0.0
112	protein1	290.75	8.3	2.2718307500000003
112	protein2	304.75	9.95	2.2965008
112	protein3	271.1	10.25	2.2284958500000003
112	r2	9.7	0.0	0.0
112	rnapol	1.05	0.0	0.0
113	__protein1_rbs	4.7	0.0	0.0
113	__protein2_rbs	5.75	0.0	0.0
113	__protein3_rbs	5.95	0.0	0.0
113	__ribosome	37.2	0.0	0.0
113	__rnase_site_ext	9.5	0.0	0.0
113	p0	0.85	0.0	0.0
113	p1	0.75	0.0	0.0
113	protein1	294.3	8.45	2.2105681500000003
113	protein2	309.05	10.0	2.2540122000000005
113	protein3	275.35	10.15	2.2160535
113	r2	9.75	0.0	0.0
113	rnapol	1.15	0.0	0.0
114	__protein1_rbs	4.65	0.0	0.0
114	__protein2_rbs	5.15	0.0	0.0
114	__protein3_rbs	5.65	0.0	0.0
114	__ribosome	38.05	0.0	0.0
114	__rnase_site_ext	9.55	0.0	0.0
114	p0	0.9	0.0	0.0
114	p1	0.8	0.0	0.0
114	protein1	297.8	8.55	2.18190475
114	protein2	313.55	9.95	2.27886845
114	protein3	280.4	10.0	2.1597205500000003
114	r2	9.85	0.0	0.0
114	rnapol	1.15	0.0	0.0
115	__protein1_rbs	4.8	0.0	0.0
115	__protein2_rbs	5.7	0.0	0.0
115	__protein3_rbs	5.8	0.0	0.0
115	__ribosome	38.95	0.0	0.0
115	__rnase_site_ext	9.55	0.0	0.0
115	p0	0.95	0.0	0.0
115	p1	0.95	0.0	0.0
115	protein1	301.9	8.6	2.13675495
115	protein2	318.2	9.95	2.1653841500000004
115	protein3	284.3	10.1	2.1594175000000004
115	r2	9.9	0.0	0.0
115	rnapol	1.35	0.0	0.0
116	__protein1_rbs	4.95	0.0	0.0
116	__protein2_rbs	5.15	0.0	0.0
116	__protein3_rbs	5.9	0.0	0.0
116	__ribosome	39.05	0.0	0.0
116	__rnase_site_ext	9.65	0.0	0.0
116	p0	0.85	0.0	0.0
116	p1	0.8	0.0	0.0
116	protein1	305.3	8.55	2.20125725
116	protein2	322.55	9.7	2.25047985
116	protein3	288.6	10.05	2.1129972500000003
116	r2	10.05	0.0	0.0
116	rnapol	1.5	0.0	0.0
117	__protein1_rbs	4.65	0.0	0.0
117	__protein2_rbs	5.0	0.0	0.0
117	__protein3_rbs	5.25	0.0	0.0
117	__ribosome	38.8	0.0	0.0
117	__rnase_site_ext	9.7	0.0	0.0
117	p0	0.9	0.0	0.0
117	p1	0.8	0.0	0.0
117	protein1	309.0	8.65	2.1334162999999995
117	protein2	326.75	9.65	2.3183297500000006
117	protein3	293.15	10.1	2.1168885
117	r2	10.05	0.0	0.0
117	rnapol	1.4	0.0	0.0
118	__protein1_rbs	4.55	0.0	0.0
118	__protein2_rbs	5.6	0.0	0.0
118	__protein3_rbs	5.05	0.0	0.0
118	__ribosome	37.85	0.0	0.0
118	__rnase_site_ext	9.6	0.0	0.0
118	p0	0.95	0.0	0.0
118	p1	1.0	0.0	0.0
118	protein1	312.65	8.8	2.15671715
118	protein2	331.2	9.8	2.2379149000000003
118	protein3	296.95	10.0	2.2071970000000003
118	r2	10.05	0.0	0.0
118	rnapol	1.5	0.0	0.0
119	__protein1_rbs	4.6	0.0	0.0
119	__protein2_rbs	5.65	0.0	0.0
119	__protein3_rbs	6.35	0.0	0.0
119	__ribosome	38.5	0.0	0.0
119	__rnase_site_ext	9.75	0.0	0.0
119	p0	0.7	0.0	0.0
119	p1	0.75	0.0	0.0
119	protein1	316.45	8.6	2.24436865
119	protein2	335.6	9.85	2.1981422000000004
119	protein3	301.0	10.0	2.1701417000000003
119	r2	10.2	0.0	0.0
119	rnapol	1.25	0.0	0.0
120	__protein1_rbs	5.0	0.0	0.0
120	__protein2_rbs	5.55	0.0	0.0
120	__protein3_rbs	5.2	0.0	0.0
120	__ribosome	37.55	0.0	0.0
120	__rnase_site_ext	9.95	0.0	0.0
120	p0	0.85	0.0	0.0
120	p1	0.65	0.0	0.0
120	protein1	319.7	8.75	2.2677850000000004
120	protein2	339.55	9.9	2.23623195
120	protein3	305.35	10.1	2.18347995
120	r2	10.2	0.0	0.0
120	rnapol	1.15	0.0	0.0
121	__protein1_rbs	4.6	0.0	0.0
121	__protein2_rbs	5.8	0.0	0.0
121	__protein3_rbs	5.95	0.0	0.0
121	__ribosome	36.9	0.0	0.0
121	__rnase_site_ext	10.05	0.0	0.0
121	p0	0.85	0.0	0.0
121	p1	0.8	0.0	0.0
121	protein1	322.85	8.85	2.30124825
121	protein2	343.4	10.0	2.20920215
121	protein3	309.45	10.2	2.1202651500000003
121	r2	10.05	0.0	0.0
121	rnapol	1.0	0.0	0.0
122	__protein1_rbs	4.75	0.0	0.0
122	__protein2_rbs	5.55	0.0	0.0
122	__protein3_rbs	5.6	0.0	0.0
122	__ribosome	37.4	0.0	0.0
122	__rnase_site_ext	10.3	0.0	0.0
122	p0	0.75	0.0	0.0
122	p1	0.9	0.0	0.0
122	protein1	327.3	8.9	2.2566037000000003
122	protein2	348.15	10.1	2.1670421499999994
122	protein3	313.75	10.45	2.08763305
122	r2	10.15	0.0	0.0
122	rnapol	0.9	0.0	0.0
123	__protein1_rbs	5.6	0.0	0.0
123	__protein2_rbs	6.15	0.0	0.0
123	__protein3_rbs	5.85	0.0	0.0
123	__ribosome	39.3	0.0	0.0
123	__rnase_site_ext	10.25	0.0	0.0
123	p0	0.8	0.0	0.0
123	p1	0.85	0.0	0.0
123	protein1	331.35	9.1	2.11349155
123	protein2	352.5	10.1	2.10258855
123	protein3	318.3	10.4	2.0647066999999995
123	r2	10.2	0.0	0.0
123	rnapol	0.8	0.0	0.0
124	__protein1_rbs	4.5	0.0	0.0
124	__protein2_rbs	5.75	0.0	0.0
124	__protein3_rbs	5.3	0.0	0.0
124	__ribosome	36.4	0.0	0.0
124	__rnase_site_ext	10.25	0.0	0.0
124	p0	0.95	0.0	0.0
124	p1	0.75	0.0	0.0
124	protein1	334.65	9.2	2.2705749
124	protein2	356.4	10.15	2.1191492000000003
124	protein3	322.0	10.35	2.1760732000000003
124	r2	9.95	0.0	0.0
124	rnapol	0.95	0.0	0.0
125	__protein1_rbs	5.8	0.0	0.0
125	__protein2_rbs	6.35	0.0	0.0
125	__protein3_rbs	5.85	0.0	0.0
125	__ribosome	36.95	0.0	0.0
125	__rnase_site_ext	10.4	0.0	0.0
125	p0	0.65	0.0	0.0
125	p1	0.8	0.0	0.0
125	protein1	338.0	9.2	2.2722890500000004
125	protein2	360.35	10.2	2.0795439
125	protein3	326.75	10.35	2.12148825
125	r2	10.0	0.0	0.0
125	rnapol	0.65	0.0	0.0
126	__protein1_rbs	4.9	0.0	0.0
126	__protein2_rbs	5.65	0.0	0.0
126	__protein3_rbs	5.65	0.0	0.0
126	__ribosome	36.15	0.0	0.0
126	__rnase_site_ext	10.6	0.0	0.0
126	p0	0.85	0.0	0.0
126	p1	0.8	0.0	0.0
126	protein1	342.2	9.25	2.27886775
126	protein2	364.9	10.25	2.0671299000000003
126	protein3	330.45	10.35	2.1946131
126	r2	10.05	0.0	0.0
126	rnapol	0.5	0.0	0.0
127	__protein1_rbs	5.95	0.0	0.0
127	__protein2_rbs	6.05	0.0	0.0
127	__protein3_rbs	5.55	0.0	0.0
127	__ribosome	37.8	0.0	0.0
127	__rnase_site_ext	10.6	0.0	0.0
127	p0	0.9	0.0	0.0
127	p1	0.65	0.0	0.0
127	protein1	346.25	9.55	2.1513433500000003
127	protein2	369.45	10.25	2.0229959
127	protein3	335.2	10.3	2.154241
127	r2	9.95	0.0	0.0
127	rnapol	0.6	0.0	0.0
128	__protein1_rbs	5.05	0.0	0.0
128	__protein2_rbs	5.85	0.0	0.0
128	__protein3_rbs	5.4	0.0	0.0
128	__ribosome	36.9	0.0	0.0
128	__rnase_site_ext	10.75	0.0	0.0
128	p0	0.8	0.0	0.0
128	p1	0.7	0.0	0.0
128	protein1	350.45	9.45	2.17230365
128	protein2	373.15	10.35	2.0615066000000004
128	protein3	339.35	10.35	2.1781854
128	r2	10.0	0.0	0.0
128	rnapol	0.55	0.0	0.0
129	__protein1_rbs	5.55	0.0	0.0
129	__protein2_rbs	6.25	0.0	0.0
129	__protein3_rbs	6.25	0.0	0.0
129	__ribosome	37.5	0.0	0.0
129	__rnase_site_ext	10.75	0.0	0.0
129	p0	0.95	0.0	0.0
129	p1	0.75	0.0	0.0
129	protein1	354.35	9.5	2.14483185
129	protein2	377.5	10.5	2.0144421500000003
129	protein3	343.9	10.4	2.13126365
129	r2	10.05	0.0	0.0
129	rnapol	0.55	0.0	0.0
130	__protein1_rbs	5.2	0.0	0.0
130	__protein2_rbs	6.6	0.0	0.0
130	__protein3_rbs	5.95	0.0	0.0
130	__ribosome	35.95	0.0	0.0
130	__rnase_site_ext	10.8	0.0	0.0
130	p0	0.85	0.0	0.0
130	p1	0.7	0.0	0.0
130	protein1	357.95	9.65	2.1665176500000003
130	protein2	381.2	10.7	2.04427075
130	protein3	348.1	10.45	2.1509810499999995
130	r2	10.15	0.0	0.0
130	rnapol	0.55	0.0	0.0
131	__protein1_rbs	5.4	0.0	0.0
131	__protein2_rbs	6.0	0.0	0.0
131	__protein3_rbs	5.95	0.0	0.0
131	__ribosome	36.45	0.0	0.0
131	__rnase_site_ext	10.75	0.0	0.0
131	p0	1.0	0.0	0.0
131	p1	0.6	0.0	0.0
131	protein1	362.2	9.7	2.0869444
131	protein2	385.2	10.75	2.0798485500000004
131	protein3	352.4	10.35	2.1390509
131	r2	10.15	0.0	0.0
131	rnapol	0.65	0.0	0.0
132	__protein1_rbs	5.5	0.0	0.0
132	__protein2_rbs	6.1	0.0	0.0
132	__protein3_rbs	6.1	0.0	0.0
132	__ribosome	35.95	0.0	0.0
132	__rnase_site_ext	10.8	0.0	0.0
132	p0	0.9	0.0	0.0
132	p1	0.6	0.0	0.0
132	protein1	365.55	9.75	2.1541161000000004
132	protein2	389.35	10.9	2.0811398000000003
132	protein3	356.95	10.2	2.1439429
132	r2	10.05	0.0	0.0
132	rnapol	0.65	0.0	0.0
133	__protein1_rbs	5.1	0.0	0.0
133	__protein2_rbs	6.2	0.0	0.0
133	__protein3_rbs	6.3	0.0	0.0
133	__ribosome	36.65	0.0	0.0
133	__rnase_site_ext	10.7	0.0	0.0
133	p0	0.9	0.0	0.0
133	p1	0.7	0.0	0.0
133	protein1	369.8	9.65	2.180099
133	protein2	394.3	10.95	2.04041495
133	protein3	361.3	10.15	2.107275
133	r2	10.25	0.0	0.0
133	rnapol	0.7	0.0	0.0
134	__protein1_rbs	5.55	0.0	0.0
134	__protein2_rbs	6.7	0.0	0.0
134	__protein3_rbs	5.9	0.0	0.0
134	__ribosome	36.5	0.0	0.0
134	__rnase_site_ext	10.65	0.0	0.0
134	p0	0.85	0.0	0.0
134	p1	0.65	0.0	0.0
134	protein1	374.0	9.55	2.16528555
134	protein2	397.95	11.1	2.08523985
134	protein3	365.65	10.25	2.0569196999999995
134	r2	10.4	0.0	0.0
134	rnapol	0.8	0.0	0.0
135	__protein1_rbs	5.05	0.0	0.0
135	__protein2_rbs	6.9	0.0	0.0
135	__protein3_rbs	5.15	0.0	0.0
135	__ribosome	35.2	0.0	0.0
135	__rnase_site_ext	10.7	0.0	0.0
135	p0	0.9	0.0	0.0
135	p1	0.85	0.0	0.0
135	protein1	378.15	9.55	2.19688545
135	protein2	401.9	11.3	2.07833015
135	protein3	369.55	10.35	2.1057175
135	r2	10.4	0.0	0.0
135	rnapol	0.8	0.0	0.0
136	__protein1_rbs	5.65	0.0	0.0
136	__protein2_rbs	6.85	0.0	0.0
136	__protein3_rbs	6.15	0.0	0.0
136	__ribosome	36.0	0.0	0.0
136	__rnase_site_ext	10.75	0.0	0.0
136	p0	0.85	0.0	0.0
136	p1	0.85	0.0	0.0
136	protein1	382.3	9.55	2.1762482999999997
136	protein2	406.4	11.55	2.0239307
136	protein3	374.0	10.55	2.04998395
136	r2	10.4	0.0	0.0
136	rnapol	0.8	0.0	0.0
137	__protein1_rbs	5.95	0.0	0.0
137	__protein2_rbs	6.4	0.0	0.0
137	__protein3_rbs	6.1	0.0	0.0
137	__ribosome	35.1	0.0	0.0
137	__rnase_site_ext	10.7	0.0	0.0
137	p0	0.9	0.0	0.0
137	p1	0.8	0.0	0.0
137	protein1	385.8	9.6	2.1599334
137	protein2	410.9	11.45	2.0982372000000002
137	protein3	377.65	10.4	2.1598778999999997
137	r2	10.75	0.0	0.0
137	rnapol	0.75	0.0	0.0
138	__protein1_rbs	5.8	0.0	0.0
138	__protein2_rbs	6.25	0.0	0.0
138	__protein3_rbs	6.55	0.0	0.0
138	__ribosome	35.5	0.0	0.0
138	__rnase_site_ext	10.85	0.0	0.0
138	p0	0.9	0.0	0.0
138	p1	0.8	0.0	0.0
138	protein1	390.3	9.65	2.08234435
138	protein2	415.55	11.5	2.08287695
138	protein3	381.65	10.5	2.1546770000000004
138	r2	10.95	0.0	0.0
138	rnapol	0.75	0.0	0.0
139	__protein1_rbs	5.65	0.0	0.0
139	__protein2_rbs	6.7	0.0	0.0
139	__protein3_rbs	6.5	0.0	0.0
139	__ribosome	35.55	0.0	0.0
139	__rnase_site_ext	10.9	0.0	0.0
139	p0	0.9	0.0	0.0
139	p1	0.8	0.0	0.0
139	protein1	394.05	9.7	2.1073052000000003
139	protein2	420.1	11.5	2.0871637499999998
139	protein3	385.8	10.65	2.073384400000001
139	r2	10.95	0.0	0.0
139	rnapol	0.8	0.0	0.0
140	__protein1_rbs	5.8	0.0	0.0
140	__protein2_rbs	5.9	0.0	0.0
140	__protein3_rbs	5.8	0.0	0.0
140	__ribosome	33.8	0.0	0.0
140	__rnase_site_ext	10.8	0.0	0.0
140	p0	0.85	0.0	0.0
140	p1	0.85	0.0	0.0
140	protein1	398.15	9.8	2.0210722
140	protein2	424.15	11.5	2.1808279500000003
140	protein3	390.05	10.95	2.0900946499999997
140	r2	11.35	0.0	0.0
140	rnapol	0.75	0.0	0.0
141	__protein1_rbs	5.6	0.0	0.0
141	__protein2_rbs	6.85	0.0	0.0
141	__protein3_rbs	6.85	0.0	0.0
141	__ribosome	35.05	0.0	0.0
141	__rnase_site_ext	10.85	0.0	0.0
141	p0	0.85	0.0	0.0
141	p1	0.85	0.0	0.0
141	protein1	402.2	9.7	2.025341
141	protein2	428.7	11.55	2.1369933000000003
141	protein3	394.75	11.05	1.9873498
141	r2	11.35	0.0	0.0
141	rnapol	0.85	0.0	0.0
142	__protein1_rbs	6.3	0.0	0.0
142	__protein2_rbs	6.8	0.0	0.0
142	__protein3_rbs	6.3	0.0	0.0
142	__ribosome	35.25	0.0	0.0
142	__rnase_site_ext	10.85	0.0	0.0
142	p0	0.9	0.0	0.0
142	p1	0.9	0.0	0.0
142	protein1	405.6	9.75	2.01032685
142	protein2	433.35	11.5	2.1213771
142	protein3	399.4	11.0	2.0178909
142	r2	11.25	0.0	0.0
142	rnapol	0.85	0.0	0.0
143	__protein1_rbs	5.5	0.0	0.0
143	__protein2_rbs	6.6	0.0	0.0
143	__protein3_rbs	6.8	0.0	0.0
143	__ribosome	34.6	0.0	0.0
143	__rnase_site_ext	10.9	0.0	0.0
143	p0	0.95	0.0	0.0
143	p1	0.85	0.0	0.0
143	protein1	409.35	9.7	2.0830003
143	protein2	438.45	11.55	2.12253505
143	protein3	403.15	11.3	2.01820965
143	r2	11.25	0.0	0.0
143	rnapol	0.9	0.0	0.0
144	__protein1_rbs	5.65	0.0	0.0
144	__protein2_rbs	6.85	0.0	0.0
144	__protein3_rbs	6.5	0.0	0.0
144	__ribosome	34.6	0.0	0.0
144	__rnase_site_ext	10.95	0.0	0.0
144	p0	0.8	0.0	0.0
144	p1	0.8	0.0	0.0
144	protein1	413.35	9.75	2.0455238
144	protein2	442.75	11.45	2.17188705
144	protein3	407.6	11.35	2.0118381000000003
144	r2	11.25	0.0	0.0
144	rnapol	0.9	0.0	0.0
145	__protein1_rbs	5.0	0.0	0.0
145	__protein2_rbs	7.05	0.0	0.0
145	__protein3_rbs	6.8	0.0	0.0
145	__ribosome	34.85	0.0	0.0
145	__rnase_site_ext	11.15	0.0	0.0
145	p0	0.9	0.0	0.0
145	p1	0.85	0.0	0.0
145	protein1	417.05	9.8	2.1006035000000005
145	protein2	447.55	11.5	2.09145965
145	protein3	412.2	11.45	1.96616155
145	r2	11.35	0.0	0.0
145	rnapol	1.05	0.0	0.0
146	__protein1_rbs	5.8	0.0	0.0
146	__protein2_rbs	6.8	0.0	0.0
146	__protein3_rbs	7.35	0.0	0.0
146	__ribosome	34.85	0.0	0.0
146	__rnase_site_ext	11.15	0.0	0.0
146	p0	0.85	0.0	0.0
146	p1	0.85	0.0	0.0
146	protein1	421.05	10.0	2.0702975500000003
146	protein2	452.35	11.5	2.1026020500000007
146	protein3	416.25	11.5	1.97058855
146	r2	11.4	0.0	0.0
146	rnapol	1.15	0.0	0.0
147	__protein1_rbs	5.85	0.0	0.0
147	__protein2_rbs	6.7	0.0	0.0
147	__protein3_rbs	6.6	0.0	0.0
147	__ribosome	34.35	0.0	0.0
147	__rnase_site_ext	11.1	0.0	0.0
147	p0	0.9	0.0	0.0
147	p1	0.8	0.0	0.0
147	protein1	424.5	10.0	2.0998084999999995
147	protein2	456.9	11.5	2.1124868999999995
147	protein3	420.9	11.45	2.00770055
147	r2	11.4	0.0	0.0
147	rnapol	1.2	0.0	0.0
148	__protein1_rbs	6.0	0.0	0.0
148	__protein2_rbs	6.7	0.0	0.0
148	__protein3_rbs	7.15	0.0	0.0
148	__ribosome	34.6	0.0	0.0
148	__rnase_site_ext	11.2	0.0	0.0
148	p0	0.8	0.0	0.0
148	p1	0.8	0.0	0.0
148	protein1	428.25	10.1	2.0496535
148	protein2	461.7	11.55	2.0706078000000003
148	protein3	425.1	11.6	1.96917475
148	r2	11.25	0.0	0.0
148	rnapol	1.25	0.0	0.0
149	__protein1_rbs	5.55	0.0	0.0
149	__protein2_rbs	7.65	0.0	0.0
149	__protein3_rbs	7.05	0.0	0.0
149	__ribosome	35.2	0.0	0.0
149	__rnase_site_ext	11.3	0.0	0.0
149	p0	0.9	0.0	0.0
149	p1	0.85	0.0	0.0
149	protein1	432.55	10.0	2.0851396500000003
149	protein2	465.8	11.6	2.0283444
149	protein3	429.7	11.55	1.93059755
149	r2	11.15	0.0	0.0
149	rnapol	1.15	0.0	0.0
150	__protein1_rbs	6.15	0.0	0.0
150	__protein2_rbs	6.9	0.0	0.0
150	__protein3_rbs	6.1	0.0	0.0
150	__ribosome	34.9	0.0	0.0
150	__rnase_site_ext	11.45	0.0	0.0
150	p0	0.85	0.0	0.0
150	p1	0.75	0.0	0.0
150	protein1	436.7	10.15	2.01531175
150	protein2	470.55	11.5	2.03998875
150	protein3	434.05	11.5	1.9807415
150	r2	11.3	0.0	0.0
150	rnapol	1.05	0.0	0.0
151	__protein1_rbs	6.35	0.0	0.0
151	__protein2_rbs	6.25	0.0	0.0
151	__protein3_rbs	6.7	0.0	0.0
151	__ribosome	34.1	0.0	0.0
151	__rnase_site_ext	11.35	0.0	0.0
151	p0	0.85	0.0	0.0
151	p1	0.85	0.0	0.0
151	protein1	440.65	10.25	1.95794755
151	protein2	475.05	11.65	2.0614202500000003
151	protein3	438.55	11.55	2.00148975
151	r2	11.3	0.0	0.0
151	rnapol	0.95	0.0	0.0
152	__protein1_rbs	6.25	0.0	0.0
152	__protein2_rbs	6.35	0.0	0.0
152	__protein3_rbs	7.15	0.0	0.0
152	__ribosome	33.25	0.0	0.0
152	__rnase_site_ext	11.35	0.0	0.0
152	p0	0.95	0.0	0.0
152	p1	0.75	0.0	0.0
152	protein1	444.0	10.3	1.9763744
152	protein2	479.95	11.7	2.05821865
152	protein3	442.3	11.6	2.0424873000000003
152	r2	11.35	0.0	0.0
152	rnapol	1.0	0.0	0.0
153	__protein1_rbs	6.2	0.0	0.0
153	__protein2_rbs	6.6	0.0	0.0
153	__protein3_rbs	6.55	0.0	0.0
153	__ribosome	33.3	0.0	0.0
153	__rnase_site_ext	11.3	0.0	0.0
153	p0	0.85	0.0	0.0
153	p1	0.7	0.0	0.0
153	protein1	448.0	10.3	1.96325415
153	protein2	484.7	11.6	2.0834744
153	protein3	446.95	11.55	2.0703276999999995
153	r2	11.4	0.0	0.0
153	rnapol	1.0	0.0	0.0
154	__protein1_rbs	5.9	0.0	0.0
154	__protein2_rbs	6.5	0.0	0.0
154	__protein3_rbs	6.6	0.0	0.0
154	__ribosome	32.85	0.0	0.0
154	__rnase_site_ext	11.35	0.0	0.0
154	p0	0.85	0.0	0.0
154	p1	0.7	0.0	0.0
154	protein1	452.5	10.2	1.91516325
154	protein2	488.8	11.7	2.1250910500000004
154	protein3	451.3	11.6	2.1062719000000003
154	r2	11.45	0.0	0.0
154	rnapol	1.0	0.0	0.0
155	__protein1_rbs	5.65	0.0	0.0
155	__protein2_rbs	6.65	0.0	0.0
155	__protein3_rbs	6.75	0.0	0.0
155	__ribosome	32.65	0.0	0.0
155	__rnase_site_ext	11.55	0.0	0.0
155	p0	0.85	0.0	0.0
155	p1	0.65	0.0	0.0
155	protein1	456.35	10.2	1.9530570500000004
155	protein2	492.95	11.8	2.160531
155	protein3	456.6	11.5	2.063268
155	r2	11.4	0.0	0.0
155	rnapol	0.85	0.0	0.0
156	__protein1_rbs	6.15	0.0	0.0
156	__protein2_rbs	7.0	0.0	0.0
156	__protein3_rbs	6.65	0.0	0.0
156	__ribosome	32.05	0.0	0.0
156	__rnase_site_ext	11.8	0.0	0.0
156	p0	0.75	0.0	0.0
156	p1	0.65	0.0	0.0
156	protein1	459.7	10.3	1.9974573
156	protein2	498.15	12.05	2.0988490000000004
156	protein3	461.25	11.55	2.0661041
156	r2	11.45	0.0	0.0
156	rnapol	0.65	0.0	0.0
157	__protein1_rbs	6.25	0.0	0.0
157	__protein2_rbs	7.55	0.0	0.0
157	__protein3_rbs	7.15	0.0	0.0
157	__ribosome	31.85	0.0	0.0
157	__rnase_site_ext	11.75	0.0	0.0
157	p0	0.95	0.0	0.0
157	p1	0.65	0.0	0.0
157	protein1	463.65	10.55	1.99598515
157	protein2	502.7	12.1	2.06923065
157	protein3	465.45	11.7	2.0361437
157	r2	11.45	0.0	0.0
157	rnapol	0.6	0.0	0.0
158	__protein1_rbs	6.25	0.0	0.0
158	__protein2_rbs	7.65	0.0	0.0
158	__protein3_rbs	6.45	0.0	0.0
158	__ribosome	32.4	0.0	0.0
158	__rnase_site_ext	11.75	0.0	0.0
158	p0	0.9	0.0	0.0
158	p1	0.85	0.0	0.0
158	protein1	467.8	10.6	1.9706082
158	protein2	507.65	12.35	2.0037102
158	protein3	470.25	11.55	2.04391795
158	r2	11.5	0.0	0.0
158	rnapol	0.7	0.0	0.0
159	__protein1_rbs	7.05	0.0	0.0
159	__protein2_rbs	7.3	0.0	0.0
159	__protein3_rbs	7.65	0.0	0.0
159	__ribosome	33.4	0.0	0.0
159	__rnase_site_ext	11.85	0.0	0.0
159	p0	0.95	0.0	0.0
159	p1	0.75	0.0	0.0
159	protein1	471.2	10.6	2.01534235
159	protein2	512.9	12.2	1.97377695
159	protein3	474.8	11.75	1.99782495
159	r2	11.35	0.0	0.0
159	rnapol	0.8	0.0	0.0
160	__protein1_rbs	6.55	0.0	0.0
160	__protein2_rbs	7.1	0.0	0.0
160	__protein3_rbs	6.95	0.0	0.0
160	__ribosome	33.45	0.0	0.0
160	__rnase_site_ext	11.9	0.0	0.0
160	p0	0.75	0.0	0.0
160	p1	0.8	0.0	0.0
160	protein1	475.2	10.65	2.00046835
160	protein2	517.75	12.15	1.9532139
160	protein3	479.25	11.65	2.0366881
160	r2	11.65	0.0	0.0
160	rnapol	0.55	0.0	0.0
161	__protein1_rbs	6.4	0.0	0.0
161	__protein2_rbs	7.1	0.0	0.0
161	__protein3_rbs	6.95	0.0	0.0
161	__ribosome	34.1	0.0	0.0
161	__rnase_site_ext	12.0	0.0	0.0
161	p0	0.95	0.0	0.0
161	p1	0.75	0.0	0.0
161	protein1	479.95	10.65	1.9683676500000005
161	protein2	522.55	12.25	1.9579628
161	protein3	484.15	11.9	1.9579843000000003
161	r2	11.75	0.0	0.0
161	rnapol	0.65	0.0	0.0
162	__protein1_rbs	6.2	0.0	0.0
162	__protein2_rbs	7.2	0.0	0.0
162	__protein3_rbs	6.95	0.0	0.0
162	__ribosome	32.25	0.0	0.0
162	__rnase_site_ext	11.8	0.0	0.0
162	p0	0.85	0.0	0.0
162	p1	0.8	0.0	0.0
162	protein1	483.95	10.9	1.9861886999999998
162	protein2	526.65	12.35	1.9882838
162	protein3	488.6	11.75	1.9863374000000005
162	r2	11.9	0.0	0.0
162	rnapol	0.65	0.0	0.0
163	__protein1_rbs	7.0	0.0	0.0
163	__protein2_rbs	7.35	0.0	0.0
163	__protein3_rbs	7.65	0.0	0.0
163	__ribosome	32.1	0.0	0.0
163	__rnase_site_ext	11.85	0.0	0.0
163	p0	0.9	0.0	0.0
163	p1	0.75	0.0	0.0
163	protein1	487.9	10.6	2.02741425
163	protein2	530.95	12.5	2.02493195
163	protein3	492.9	11.9	1.940014
163	r2	11.9	0.0	0.0
163	rnapol	0.55	0.0	0.0
164	__protein1_rbs	6.3	0.0	0.0
164	__protein2_rbs	7.5	0.0	0.0
164	__protein3_rbs	7.45	0.0	0.0
164	__ribosome	30.65	0.0	0.0
164	__rnase_site_ext	11.85	0.0	0.0
164	p0	0.95	0.0	0.0
164	p1	0.6	0.0	0.0
164	protein1	491.8	10.7	2.0457094500000004
164	protein2	535.6	12.4	2.0448580500000006
164	protein3	496.95	11.85	2.0183743
164	r2	11.85	0.0	0.0
164	rnapol	0.8	0.0	0.0
165	__protein1_rbs	6.8	0.0	0.0
165	__protein2_rbs	7.2	0.0	0.0
165	__protein3_rbs	7.7	0.0	0.0
165	__ribosome	30.7	0.0	0.0
165	__rnase_site_ext	11.7	0.0	0.0
165	p0	0.9	0.0	0.0
165	p1	0.85	0.0	0.0
165	protein1	495.65	10.65	2.0513558
165	protein2	540.3	12.55	2.0381041
165	protein3	501.65	11.9	1.9857478
165	r2	11.9	0.0	0.0
165	rnapol	0.7	0.0	0.0
166	__protein1_rbs	6.7	0.0	0.0
166	__protein2_rbs	7.55	0.0	0.0
166	__protein3_rbs	7.4	0.0	0.0
166	__ribosome	30.85	0.0	0.0
166	__rnase_site_ext	11.7	0.0	0.0
166	p0	0.95	0.0	0.0
166	p1	0.8	0.0	0.0
166	protein1	499.85	10.65	2.0233826499999994
166	protein2	545.25	12.55	2.0376472
166	protein3	506.25	12.15	1.9532166500000003
166	r2	11.95	0.0	0.0
166	rnapol	0.85	0.0	0.0
167	__protein1_rbs	6.85	0.0	0.0
167	__protein2_rbs	8.35	0.0	0.0
167	__protein3_rbs	7.5	0.0	0.0
167	__ribosome	34.0	0.0	0.0
167	__rnase_site_ext	11.65	0.0	0.0
167	p0	0.95	0.0	0.0
167	p1	0.8	0.0	0.0
167	protein1	504.7	10.5	1.953639
167	protein2	550.0	12.5	1.9702144500000005
167	protein3	511.3	12.1	1.8866275000000008
167	r2	12.05	0.0	0.0
167	rnapol	0.9	0.0	0.0
168	__protein1_rbs	6.5	0.0	0.0
168	__protein2_rbs	7.75	0.0	0.0
168	__protein3_rbs	7.0	0.0	0.0
168	__ribosome	33.8	0.0	0.0
168	__rnase_site_ext	11.65	0.0	0.0
168	p0	0.7	0.0	0.0
168	p1	0.65	0.0	0.0
168	protein1	509.1	10.5	1.91179775
168	protein2	555.1	12.55	1.9455237
168	protein3	515.5	12.1	1.936098
168	r2	12.3	0.0	0.0
168	rnapol	0.8	0.0	0.0
169	__protein1_rbs	6.05	0.0	0.0
169	__protein2_rbs	7.55	0.0	0.0
169	__protein3_rbs	7.55	0.0	0.0
169	__ribosome	33.2	0.0	0.0
169	__rnase_site_ext	11.6	0.0	0.0
169	p0	0.95	0.0	0.0
169	p1	0.75	0.0	0.0
169	protein1	512.95	10.4	1.9645263
169	protein2	559.6	12.55	2.00043875
169	protein3	519.9	12.15	1.9143262000000003
169	r2	12.2	0.0	0.0
169	rnapol	0.85	0.0	0.0
170	__protein1_rbs	6.45	0.0	0.0
170	__protein2_rbs	7.75	0.0	0.0
170	__protein3_rbs	6.75	0.0	0.0
170	__ribosome	33.7	0.0	0.0
170	__rnase_site_ext	11.6	0.0	0.0
170	p0	0.95	0.0	0.0
170	p1	0.85	0.0	0.0
170	protein1	517.05	10.45	1.9281474
170	protein2	565.05	12.6	1.91550915
170	protein3	524.5	12.2	1.96068595
170	r2	12.3	0.0	0.0
170	rnapol	1.05	0.0	0.0
171	__protein1_rbs	6.05	0.0	0.0
171	__protein2_rbs	7.1	0.0	0.0
171	__protein3_rbs	7.7	0.0	0.0
171	__ribosome	33.1	0.0	0.0
171	__rnase_site_ext	11.7	0.0	0.0
171	p0	0.9	0.0	0.0
171	p1	0.8	0.0	0.0
171	protein1	520.7	10.4	2.002225
171	protein2	569.95	12.65	1.9043125499999995
171	protein3	528.8	12.3	1.95813415
171	r2	12.3	0.0	0.0
171	rnapol	1.05	0.0	0.0
172	__protein1_rbs	6.4	0.0	0.0
172	__protein2_rbs	7.1	0.0	0.0
172	__protein3_rbs	7.9	0.0	0.0
172	__ribosome	31.8	0.0	0.0
172	__rnase_site_ext	11.9	0.0	0.0
172	p0	0.8	0.0	0.0
172	p1	0.9	0.0	0.0
172	protein1	524.5	10.55	1.9680043
172	protein2	573.85	12.6	2.0395527
172	protein3	533.3	12.3	1.9518415
172	r2	12.3	0.0	0.0
172	rnapol	0.85	0.0	0.0
173	__protein1_rbs	6.55	0.0	0.0
173	__protein2_rbs	7.65	0.0	0.0
173	__protein3_rbs	7.65	0.0	0.0
173	__ribosome	31.3	0.0	0.0
173	__rnase_site_ext	11.7	0.0	0.0
173	p0	0.9	0.0	0.0
173	p1	0.8	0.0	0.0
173	protein1	527.95	10.65	1.9374742
173	protein2	578.6	12.55	2.0320487000000003
173	protein3	537.65	12.6	1.94530675
173	r2	12.35	0.0	0.0
173	rnapol	0.85	0.0	0.0
174	__protein1_rbs	6.5	0.0	0.0
174	__protein2_rbs	7.5	0.0	0.0
174	__protein3_rbs	7.25	0.0	0.0
174	__ribosome	31.45	0.0	0.0
174	__rnase_site_ext	11.6	0.0	0.0
174	p0	0.95	0.0	0.0
174	p1	0.85	0.0	0.0
174	protein1	532.2	10.65	1.9205050500000005
174	protein2	583.7	12.55	1.9968453500000003
174	protein3	542.4	12.7	1.9490002
174	r2	12.35	0.0	0.0
174	rnapol	0.95	0.0	0.0
175	__protein1_rbs	6.5	0.0	0.0
175	__protein2_rbs	6.9	0.0	0.0
175	__protein3_rbs	8.5	0.0	0.0
175	__ribosome	31.35	0.0	0.0
175	__rnase_site_ext	11.55	0.0	0.0
175	p0	0.85	0.0	0.0
175	p1	0.9	0.0	0.0
175	protein1	535.9	10.7	1.9376243999999998
175	protein2	588.3	12.6	2.0806398500000003
175	protein3	547.7	12.65	1.85496995
175	r2	12.45	0.0	0.0
175	rnapol	0.85	0.0	0.0
176	__protein1_rbs	6.35	0.0	0.0
176	__protein2_rbs	7.55	0.0	0.0
176	__protein3_rbs	7.2	0.0	0.0
176	__ribosome	31.15	0.0	0.0
176	__rnase_site_ext	11.65	0.0	0.0
176	p0	0.95	0.0	0.0
176	p1	0.65	0.0	0.0
176	protein1	540.05	10.65	1.93618685
176	protein2	593.15	12.55	2.0561434
176	protein3	552.15	12.5	1.91923165
176	r2	12.4	0.0	0.0
176	rnapol	0.9	0.0	0.0
177	__protein1_rbs	6.8	0.0	0.0
177	__protein2_rbs	8.0	0.0	0.0
177	__protein3_rbs	7.5	0.0	0.0
177	__ribosome	31.3	0.0	0.0
177	__rnase_site_ext	11.6	0.0	0.0
177	p0	0.85	0.0	0.0
177	p1	0.8	0.0	0.0
177	protein1	543.8	10.75	1.9450343
177	protein2	598.4	12.55	1.99484795
177	protein3	556.65	12.65	1.90628425
177	r2	12.4	0.0	0.0
177	rnapol	0.95	0.0	0.0
178	__protein1_rbs	6.4	0.0	0.0
178	__protein2_rbs	7.6	0.0	0.0
178	__protein3_rbs	7.9	0.0	0.0
178	__ribosome	30.3	0.0	0.0
178	__rnase_site_ext	11.7	0.0	0.0
178	p0	0.9	0.0	0.0
178	p1	0.85	0.0	0.0
178	protein1	548.0	10.7	1.9829772
178	protein2	603.0	12.8	2.0060472499999995
178	protein3	560.85	12.65	1.9419026999999998
178	r2	12.35	0.0	0.0
178	rnapol	0.9	0.0	0.0
179	__protein1_rbs	7.0	0.0	0.0
179	__protein2_rbs	8.3	0.0	0.0
179	__protein3_rbs	7.65	0.0	0.0
179	__ribosome	32.25	0.0	0.0
179	__rnase_site_ext	11.8	0.0	0.0
179	p0	0.85	0.0	0.0
179	p1	0.65	0.0	0.0
179	protein1	551.85	10.85	1.9403956000000004
179	protein2	608.15	12.7	1.9280904500000005
179	protein3	566.25	12.65	1.88744835
179	r2	12.35	0.0	0.0
179	rnapol	0.85	0.0	0.0
180	__protein1_rbs	6.25	0.0	0.0
180	__protein2_rbs	8.6	0.0	0.0
180	__protein3_rbs	8.0	0.0	0.0
180	__ribosome	32.75	0.0	0.0
180	__rnase_site_ext	11.95	0.0	0.0
180	p0	0.75	0.0	0.0
180	p1	0.55	0.0	0.0
180	protein1	555.85	10.85	1.9920281
180	protein2	613.6	12.65	1.8122492
180	protein3	570.35	12.7	1.9154885500000003
180	r2	12.25	0.0	0.0
180	rnapol	0.7	0.0	0.0
181	__protein1_rbs	6.6	0.0	0.0
181	__protein2_rbs	7.35	0.0	0.0
181	__protein3_rbs	7.8	0.0	0.0
181	__ribosome	32.35	0.0	0.0
181	__rnase_site_ext	11.95	0.0	0.0
181	p0	0.9	0.0	0.0
181	p1	0.8	0.0	0.0
181	protein1	560.5	10.85	1.9731733
181	protein2	617.9	12.65	1.9008927
181	protein3	575.25	12.7	1.9052718999999998
181	r2	12.25	0.0	0.0
181	rnapol	0.75	0.0	0.0
182	__protein1_rbs	6.8	0.0	0.0
182	__protein2_rbs	8.15	0.0	0.0
182	__protein3_rbs	7.3	0.0	0.0
182	__ribosome	32.4	0.0	0.0
182	__rnase_site_ext	12.0	0.0	0.0
182	p0	0.9	0.0	0.0
182	p1	0.9	0.0	0.0
182	protein1	564.3	11.0	1.96826545
182	protein2	622.9	12.75	1.80458615
182	protein3	580.0	12.55	1.9718702000000004
182	r2	12.3	0.0	0.0
182	rnapol	0.65	0.0	0.0
183	__protein1_rbs	6.05	0.0	0.0
183	__protein2_rbs	8.15	0.0	0.0
183	__protein3_rbs	7.35	0.0	0.0
183	__ribosome	31.45	0.0	0.0
183	__rnase_site_ext	12.2	0.0	0.0
183	p0	0.8	0.0	0.0
183	p1	0.75	0.0	0.0
183	protein1	568.45	11.05	2.00346715
183	protein2	627.7	12.7	1.8050292000000003
183	protein3	584.5	12.55	1.9924757000000004
183	r2	12.45	0.0	0.0
183	rnapol	0.65	0.0	0.0
184	__protein1_rbs	6.5	0.0	0.0
184	__protein2_rbs	7.3	0.0	0.0
184	__protein3_rbs	8.05	0.0	0.0
184	__ribosome	30.55	0.0	0.0
184	__rnase_site_ext	12.3	0.0	0.0
184	p0	0.85	0.0	0.0
184	p1	0.75	0.0	0.0
184	protein1	572.35	11.15	2.0343370500000004
184	protein2	632.1	12.55	1.87919705
184	protein3	589.15	12.6	1.9781383000000001
184	r2	12.35	0.0	0.0
184	rnapol	0.55	0.0	0.0
185	__protein1_rbs	7.1	0.0	0.0
185	__protein2_rbs	7.95	0.0	0.0
185	__protein3_rbs	7.65	0.0	0.0
185	__ribosome	29.5	0.0	0.0
185	__rnase_site_ext	12.3	0.0	0.0
185	p0	0.9	0.0	0.0
185	p1	0.8	0.0	0.0
185	protein1	576.5	11.3	1.99805325
185	protein2	635.55	12.75	1.93516595
185	protein3	594.05	12.7	1.9729355
185	r2	12.55	0.0	0.0
185	rnapol	0.6	0.0	0.0
186	__protein1_rbs	6.95	0.0	0.0
186	__protein2_rbs	7.6	0.0	0.0
186	__protein3_rbs	7.65	0.0	0.0
186	__ribosome	30.05	0.0	0.0
186	__rnase_site_ext	12.25	0.0	0.0
186	p0	0.95	0.0	0.0
186	p1	0.8	0.0	0.0
186	protein1	580.85	11.4	1.9656006999999998
186	protein2	640.7	12.65	1.8974427000000005
186	protein3	598.6	12.65	1.9821604
186	r2	12.85	0.0	0.0
186	rnapol	0.6	0.0	0.0
187	__protein1_rbs	7.0	0.0	0.0
187	__protein2_rbs	8.2	0.0	0.0
187	__protein3_rbs	7.95	0.0	0.0
187	__ribosome	30.85	0.0	0.0
187	__rnase_site_ext	12.2	0.0	0.0
187	p0	0.95	0.0	0.0
187	p1	0.7	0.0	0.0
187	protein1	585.0	11.4	1.9627154500000004
187	protein2	645.3	12.45	1.8962381
187	protein3	603.5	12.7	1.97816055
187	r2	12.9	0.0	0.0
187	rnapol	0.55	0.0	0.0
188	__protein1_rbs	7.25	0.0	0.0
188	__protein2_rbs	7.6	0.0	0.0
188	__protein3_rbs	8.0	0.0	0.0
188	__ribosome	32.4	0.0	0.0
188	__rnase_site_ext	12.2	0.0	0.0
188	p0	0.9	0.0	0.0
188	p1	0.6	0.0	0.0
188	protein1	590.1	11.35	1.87618865
188	protein2	649.8	12.45	1.90062245
188	protein3	608.65	12.65	1.94144765
188	r2	12.7	0.0	0.0
188	rnapol	0.5	0.0	0.0
189	__protein1_rbs	6.75	0.0	0.0
189	__protein2_rbs	7.55	0.0	0.0
189	__protein3_rbs	7.9	0.0	0.0
189	__ribosome	31.2	0.0	0.0
189	__rnase_site_ext	12.35	0.0	0.0
189	p0	0.95	0.0	0.0
189	p1	0.75	0.0	0.0
189	protein1	594.1	11.35	1.9109596000000004
189	protein2	654.1	12.6	1.9167365
189	protein3	613.4	12.95	1.9079768
189	r2	12.65	0.0	0.0
189	rnapol	0.65	0.0	0.0
190	__protein1_rbs	6.9	0.0	0.0
190	__protein2_rbs	7.3	0.0	0.0
190	__protein3_rbs	7.85	0.0	0.0
190	__ribosome	30.25	0.0	0.0
190	__rnase_site_ext	12.45	0.0	0.0
190	p0	0.85	0.0	0.0
190	p1	0.8	0.0	0.0
190	protein1	597.85	11.45	1.9629310000000004
190	protein2	658.95	12.8	1.9039798
190	protein3	618.2	13.0	1.9162288
190	r2	12.65	0.0	0.0
190	rnapol	0.55	0.0	0.0
191	__protein1_rbs	6.75	0.0	0.0
191	__protein2_rbs	8.5	0.0	0.0
191	__protein3_rbs	8.0	0.0	0.0
191	__ribosome	29.75	0.0	0.0
191	__rnase_site_ext	12.55	0.0	0.0
191	p0	0.9	0.0	0.0
191	p1	0.75	0.0	0.0
191	protein1	602.35	11.55	1.93503425
191	protein2	662.9	12.85	1.9200959
191	protein3	622.55	13.05	1.9407321999999996
191	r2	12.55	0.0	0.0
191	rnapol	0.65	0.0	0.0
192	__protein1_rbs	7.25	0.0	0.0
192	__protein2_rbs	7.3	0.0	0.0
192	__protein3_rbs	8.2	0.0	0.0
192	__ribosome	30.9	0.0	0.0
192	__rnase_site_ext	12.4	0.0	0.0
192	p0	1.0	0.0	0.0
192	p1	0.6	0.0	0.0
192	protein1	606.4	11.7	1.91696275
192	protein2	667.9	12.85	1.92504495
192	protein3	628.1	13.0	1.83674855
192	r2	12.5	0.0	0.0
192	rnapol	0.8	0.0	0.0
193	__protein1_rbs	7.45	0.0	0.0
193	__protein2_rbs	8.15	0.0	0.0
193	__protein3_rbs	7.95	0.0	0.0
193	__ribosome	30.85	0.0	0.0
193	__rnase_site_ext	12.35	0.0	0.0
193	p0	0.85	0.0	0.0
193	p1	0.85	0.0	0.0
193	protein1	610.5	11.6	1.9110958999999998
193	protein2	672.35	12.95	1.93090165
193	protein3	632.9	13.15	1.8238099500000005
193	r2	12.45	0.0	0.0
193	rnapol	0.85	0.0	0.0
194	__protein1_rbs	6.65	0.0	0.0
194	__protein2_rbs	8.45	0.0	0.0
194	__protein3_rbs	7.55	0.0	0.0
194	__ribosome	29.9	0.0	0.0
194	__rnase_site_ext	12.4	0.0	0.0
194	p0	0.95	0.0	0.0
194	p1	0.85	0.0	0.0
194	protein1	614.95	11.6	1.9371407
194	protein2	677.05	12.95	1.8879942000000005
194	protein3	637.15	12.95	1.93458275
194	r2	12.6	0.0	0.0
194	rnapol	0.95	0.0	0.0
195	__protein1_rbs	6.95	0.0	0.0
195	__protein2_rbs	8.2	0.0	0.0
195	__protein3_rbs	7.45	0.0	0.0
195	__ribosome	30.2	0.0	0.0
195	__rnase_site_ext	12.45	0.0	0.0
195	p0	0.75	0.0	0.0
195	p1	0.75	0.0	0.0
195	protein1	619.25	11.55	1.94832345
195	protein2	681.9	12.9	1.8914041000000004
195	protein3	642.3	12.9	1.94890535
195	r2	12.65	0.0	0.0
195	rnapol	0.95	0.0	0.0
196	__protein1_rbs	7.45	0.0	0.0
196	__protein2_rbs	7.8	0.0	0.0
196	__protein3_rbs	7.55	0.0	0.0
196	__ribosome	29.05	0.0	0.0
196	__rnase_site_ext	12.7	0.0	0.0
196	p0	0.8	0.0	0.0
196	p1	0.8	0.0	0.0
196	protein1	624.0	11.5	1.8814578
196	protein2	686.4	13.05	1.9128266999999999
196	protein3	646.0	12.85	2.0759904
196	r2	12.55	0.0	0.0
196	rnapol	0.65	0.0	0.0
197	__protein1_rbs	6.95	0.0	0.0
197	__protein2_rbs	8.45	0.0	0.0
197	__protein3_rbs	8.05	0.0	0.0
197	__ribosome	29.6	0.0	0.0
197	__rnase_site_ext	12.7	0.0	0.0
197	p0	0.9	0.0	0.0
197	p1	0.8	0.0	0.0
197	protein1	627.4	11.7	1.92947445
197	protein2	691.75	13.0	1.82302785
197	protein3	651.05	13.0	2.02227945
197	r2	12.65	0.0	0.0
197	rnapol	0.7	0.0	0.0
198	__protein1_rbs	7.65	0.0	0.0
198	__protein2_rbs	8.05	0.0	0.0
198	__protein3_rbs	8.15	0.0	0.0
198	__ribosome	29.6	0.0	0.0
198	__rnase_site_ext	12.7	0.0	0.0
198	p0	0.9	0.0	0.0
198	p1	0.8	0.0	0.0
198	protein1	631.85	11.8	1.8869369999999999
198	protein2	695.85	12.9	1.8727513500000004
198	protein3	656.2	12.95	2.01553755
198	r2	12.7	0.0	0.0
198	rnapol	0.75	0.0	0.0
199	__protein1_rbs	6.9	0.0	0.0
199	__protein2_rbs	8.2	0.0	0.0
199	__protein3_rbs	8.45	0.0	0.0
199	__ribosome	30.35	0.0	0.0
199	__rnase_site_ext	12.55	0.0	0.0
199	p0	0.95	0.0	0.0
199	p1	0.8	0.0	0.0
199	protein1	636.6	11.75	1.8728231000000004
199	protein2	700.6	13.05	1.8617285000000003
199	protein3	660.95	12.95	1.98046555
199	r2	12.65	0.0	0.0
199	rnapol	0.75	0.0	0.0
200	__protein1_rbs	7.25	0.0	0.0
200	__protein2_rbs	8.85	0.0	0.0
200	__protein3_rbs	8.15	0.0	0.0
200	__ribosome	30.95	0.0	0.0
200	__rnase_site_ext	12.75	0.0	0.0
200	p0	0.8	0.0	0.0
200	p1	0.8	0.0	0.0
200	protein1	641.05	11.7	1.8416539
200	protein2	705.05	13.1	1.8606471999999998
200	protein3	666.2	12.9	1.96707645
200	r2	12.8	0.0	0.0
200	rnapol	0.55	0.0	0.0
201	__protein1_rbs	7.1	0.0	0.0
201	__protein2_rbs	7.95	0.0	0.0
201	__protein3_rbs	7.5	0.0	0.0
201	__ribosome	30.65	0.0	0.0
201	__rnase_site_ext	12.75	0.0	0.0
201	p0	0.95	0.0	0.0
201	p1	0.85	0.0	0.0
201	protein1	644.55	11.75	1.88293195
201	protein2	710.0	13.15	1.834532
201	protein3	671.8	13.05	1.92407735
201	r2	12.85	0.0	0.0
201	rnapol	0.6	0.0	0.0
202	__protein1_rbs	7.0	0.0	0.0
202	__protein2_rbs	8.5	0.0	0.0
202	__protein3_rbs	8.05	0.0	0.0
202	__ribosome	30.6	0.0	0.0
202	__rnase_site_ext	12.75	0.0	0.0
202	p0	0.95	0.0	0.0
202	p1	0.75	0.0	0.0
202	protein1	649.05	11.85	1.8958977000000004
202	protein2	714.85	13.1	1.8078359
202	protein3	676.3	13.05	1.93083575
202	r2	12.8	0.0	0.0
202	rnapol	0.8	0.0	0.0
203	__protein1_rbs	7.6	0.0	0.0
203	__protein2_rbs	8.35	0.0	0.0
203	__protein3_rbs	8.15	0.0	0.0
203	__ribosome	30.5	0.0	0.0
203	__rnase_site_ext	12.65	0.0	0.0
203	p0	0.95	0.0	0.0
203	p1	0.65	0.0	0.0
203	protein1	652.95	11.75	1.93319865
203	protein2	719.5	13.2	1.81765795
203	protein3	681.25	12.95	1.9076242999999995
203	r2	12.7	0.0	0.0
203	rnapol	0.85	0.0	0.0
204	__protein1_rbs	7.05	0.0	0.0
204	__protein2_rbs	8.35	0.0	0.0
204	__protein3_rbs	7.65	0.0	0.0
204	__ribosome	29.2	0.0	0.0
204	__rnase_site_ext	12.8	0.0	0.0
204	p0	0.8	0.0	0.0
204	p1	0.6	0.0	0.0
204	protein1	657.25	11.8	1.9532372
204	protein2	723.9	13.35	1.8409427
204	protein3	685.75	13.1	1.9338307
204	r2	12.75	0.0	0.0
204	rnapol	0.85	0.0	0.0
205	__protein1_rbs	7.25	0.0	0.0
205	__protein2_rbs	8.55	0.0	0.0
205	__protein3_rbs	8.15	0.0	0.0
205	__ribosome	29.3	0.0	0.0
205	__rnase_site_ext	12.9	0.0	0.0
205	p0	0.85	0.0	0.0
205	p1	0.7	0.0	0.0
205	protein1	661.85	11.75	1.90770085
205	protein2	728.2	13.5	1.8622416
205	protein3	690.55	13.0	1.9354886000000002
205	r2	12.8	0.0	0.0
205	rnapol	0.95	0.0	0.0
206	__protein1_rbs	8.2	0.0	0.0
206	__protein2_rbs	8.3	0.0	0.0
206	__protein3_rbs	8.45	0.0	0.0
206	__ribosome	30.15	0.0	0.0
206	__rnase_site_ext	13.0	0.0	0.0
206	p0	0.9	0.0	0.0
206	p1	0.8	0.0	0.0
206	protein1	666.5	12.0	1.8066752
206	protein2	732.85	13.7	1.8697401500000008
206	protein3	695.65	13.1	1.8818358500000003
206	r2	12.7	0.0	0.0
206	rnapol	0.85	0.0	0.0
207	__protein1_rbs	7.35	0.0	0.0
207	__protein2_rbs	8.65	0.0	0.0
207	__protein3_rbs	7.75	0.0	0.0
207	__ribosome	30.55	0.0	0.0
207	__rnase_site_ext	13.05	0.0	0.0
207	p0	0.95	0.0	0.0
207	p1	0.95	0.0	0.0
207	protein1	670.55	12.0	1.8500371
207	protein2	737.8	13.75	1.8548553
207	protein3	700.8	12.9	1.8555681000000004
207	r2	12.6	0.0	0.0
207	rnapol	0.85	0.0	0.0
208	__protein1_rbs	7.9	0.0	0.0
208	__protein2_rbs	8.95	0.0	0.0
208	__protein3_rbs	7.75	0.0	0.0
208	__ribosome	30.4	0.0	0.0
208	__rnase_site_ext	12.75	0.0	0.0
208	p0	0.95	0.0	0.0
208	p1	0.9	0.0	0.0
208	protein1	674.95	12.0	1.7693596999999996
208	protein2	742.45	13.75	1.853722
208	protein3	704.85	13.0	1.9140281000000003
208	r2	12.6	0.0	0.0
208	rnapol	0.95	0.0	0.0
209	__protein1_rbs	7.55	0.0	0.0
209	__protein2_rbs	8.3	0.0	0.0
209	__protein3_rbs	8.0	0.0	0.0
209	__ribosome	30.7	0.0	0.0
209	__rnase_site_ext	12.45	0.0	0.0
209	p0	1.0	0.0	0.0
209	p1	0.75	0.0	0.0
209	protein1	679.65	11.75	1.7511120999999996
209	protein2	747.15	13.8	1.9097996
209	protein3	710.05	13.05	1.855161
209	r2	12.75	0.0	0.0
209	rnapol	1.1	0.0	0.0
210	__protein1_rbs	6.7	0.0	0.0
210	__protein2_rbs	8.25	0.0	0.0
210	__protein3_rbs	7.9	0.0	0.0
210	__ribosome	29.05	0.0	0.0
210	__rnase_site_ext	12.6	0.0	0.0
210	p0	0.85	0.0	0.0
210	p1	0.85	0.0	0.0
210	protein1	683.45	11.4	1.868429
210	protein2	752.0	13.75	1.9392436000000002
210	protein3	714.15	13.05	1.8998072
210	r2	12.95	0.0	0.0
210	rnapol	0.95	0.0	0.0
211	__protein1_rbs	7.2	0.0	0.0
211	__protein2_rbs	9.5	0.0	0.0
211	__protein3_rbs	8.0	0.0	0.0
211	__ribosome	29.8	0.0	0.0
211	__rnase_site_ext	12.65	0.0	0.0
211	p0	0.8	0.0	0.0
211	p1	0.85	0.0	0.0
211	protein1	687.6	11.45	1.85257575
211	protein2	757.55	13.85	1.78883765
211	protein3	718.5	13.05	1.95469375
211	r2	13.25	0.0	0.0
211	rnapol	0.9	0.0	0.0
212	__protein1_rbs	7.35	0.0	0.0
212	__protein2_rbs	8.0	0.0	0.0
212	__protein3_rbs	7.85	0.0	0.0
212	__ribosome	28.8	0.0	0.0
212	__rnase_site_ext	12.65	0.0	0.0
212	p0	0.95	0.0	0.0
212	p1	0.7	0.0	0.0
212	protein1	691.7	11.55	1.8456565500000004
212	protein2	761.9	13.75	1.9105374
212	protein3	723.9	13.05	1.94910075
212	r2	13.2	0.0	0.0
212	rnapol	1.0	0.0	0.0
213	__protein1_rbs	6.75	0.0	0.0
213	__protein2_rbs	8.4	0.0	0.0
213	__protein3_rbs	8.35	0.0	0.0
213	__ribosome	28.95	0.0	0.0
213	__rnase_site_ext	12.7	0.0	0.0
213	p0	0.75	0.0	0.0
213	p1	0.65	0.0	0.0
213	protein1	695.9	11.6	1.8746911
213	protein2	766.85	13.65	1.91474255
213	protein3	728.8	13.05	1.91964395
213	r2	13.15	0.0	0.0
213	rnapol	0.85	0.0	0.0
214	__protein1_rbs	6.85	0.0	0.0
214	__protein2_rbs	8.15	0.0	0.0
214	__protein3_rbs	8.35	0.0	0.0
214	__ribosome	28.3	0.0	0.0
214	__rnase_site_ext	12.8	0.0	0.0
214	p0	0.85	0.0	0.0
214	p1	0.65	0.0	0.0
214	protein1	700.0	11.65	1.9049714
214	protein2	772.15	13.75	1.90216345
214	protein3	733.25	13.2	1.9440110000000004
214	r2	13.2	0.0	0.0
214	rnapol	0.85	0.0	0.0
215	__protein1_rbs	8.2	0.0	0.0
215	__protein2_rbs	8.7	0.0	0.0
215	__protein3_rbs	8.05	0.0	0.0
215	__ribosome	29.15	0.0	0.0
215	__rnase_site_ext	13.05	0.0	0.0
215	p0	0.8	0.0	0.0
215	p1	0.8	0.0	0.0
215	protein1	703.55	11.75	1.85859345
215	protein2	777.3	13.85	1.84396875
215	protein3	738.35	13.35	1.90243995
215	r2	13.2	0.0	0.0
215	rnapol	0.7	0.0	0.0
216	__protein1_rbs	7.6	0.0	0.0
216	__protein2_rbs	8.6	0.0	0.0
216	__protein3_rbs	8.95	0.0	0.0
216	__ribosome	29.5	0.0	0.0
216	__rnase_site_ext	13.0	0.0	0.0
216	p0	0.95	0.0	0.0
216	p1	0.9	0.0	0.0
216	protein1	708.2	11.95	1.7965978500000002
216	protein2	782.15	14.05	1.85615505
216	protein3	743.1	13.4	1.85465645
216	r2	13.1	0.0	0.0
216	rnapol	0.7	0.0	0.0
217	__protein1_rbs	7.75	0.0	0.0
217	__protein2_rbs	8.7	0.0	0.0
217	__protein3_rbs	8.25	0.0	0.0
217	__ribosome	29.8	0.0	0.0
217	__rnase_site_ext	12.85	0.0	0.0
217	p0	0.9	0.0	0.0
217	p1	0.85	0.0	0.0
217	protein1	712.6	12.0	1.7450124500000002
217	protein2	787.15	13.95	1.86267035
217	protein3	747.9	13.4	1.8609377
217	r2	13.15	0.0	0.0
217	rnapol	0.85	0.0	0.0
218	__protein1_rbs	7.25	0.0	0.0
218	__protein2_rbs	8.55	0.0	0.0
218	__protein3_rbs	8.85	0.0	0.0
218	__ribosome	30.15	0.0	0.0
218	__rnase_site_ext	12.7	0.0	0.0
218	p0	1.0	0.0	0.0
218	p1	0.95	0.0	0.0
218	protein1	716.45	11.9	1.8282656000000002
218	protein2	792.3	13.75	1.9053149500000004
218	protein3	753.15	13.5	1.7579772500000002
218	r2	13.35	0.0	0.0
218	rnapol	1.0	0.0	0.0
219	__protein1_rbs	7.55	0.0	0.0
219	__protein2_rbs	8.8	0.0	0.0
219	__protein3_rbs	8.45	0.0	0.0
219	__ribosome	29.35	0.0	0.0
219	__rnase_site_ext	12.55	0.0	0.0
219	p0	0.95	0.0	0.0
219	p1	0.8	0.0	0.0
219	protein1	720.9	11.8	1.8184577500000003
219	protein2	796.7	13.7	1.9546194
219	protein3	757.45	13.5	1.8019156
219	r2	13.4	0.0	0.0
219	rnapol	1.2	0.0	0.0
220	__protein1_rbs	6.9	0.0	0.0
220	__protein2_rbs	8.05	0.0	0.0
220	__protein3_rbs	8.25	0.0	0.0
220	__ribosome	29.0	0.0	0.0
220	__rnase_site_ext	12.6	0.0	0.0
220	p0	0.9	0.0	0.0
220	p1	0.75	0.0	0.0
220	protein1	724.75	11.55	1.9214687
220	protein2	802.1	13.85	1.93274025
220	protein3	762.45	13.35	1.8032665
220	r2	13.5	0.0	0.0
220	rnapol	1.15	0.0	0.0
221	__protein1_rbs	7.5	0.0	0.0
221	__protein2_rbs	7.95	0.0	0.0
221	__protein3_rbs	7.95	0.0	0.0
221	__ribosome	27.9	0.0	0.0
221	__rnase_site_ext	12.7	0.0	0.0
221	p0	0.85	0.0	0.0
221	p1	0.75	0.0	0.0
221	protein1	728.8	11.65	1.87527155
221	protein2	807.1	13.8	1.9707505
221	protein3	766.75	13.3	1.8635191
221	r2	13.6	0.0	0.0
221	rnapol	1.1	0.0	0.0
222	__protein1_rbs	7.85	0.0	0.0
222	__protein2_rbs	8.5	0.0	0.0
222	__protein3_rbs	9.35	0.0	0.0
222	__ribosome	28.5	0.0	0.0
222	__rnase_site_ext	12.65	0.0	0.0
222	p0	0.95	0.0	0.0
222	p1	0.6	0.0	0.0
222	protein1	732.6	11.6	1.9011919999999998
222	protein2	812.7	13.8	1.96148005
222	protein3	771.2	13.45	1.82420795
222	r2	13.4	0.0	0.0
222	rnapol	1.1	0.0	0.0
223	__protein1_rbs	7.3	0.0	0.0
223	__protein2_rbs	9.05	0.0	0.0
223	__protein3_rbs	8.5	0.0	0.0
223	__ribosome	28.75	0.0	0.0
223	__rnase_site_ext	12.7	0.0	0.0
223	p0	0.9	0.0	0.0
223	p1	0.65	0.0	0.0
223	protein1	737.4	11.6	1.8802063000000004
223	protein2	817.55	14.05	1.9135470999999995
223	protein3	776.1	13.75	1.7764381
223	r2	13.4	0.0	0.0
223	rnapol	1.1	0.0	0.0
224	__protein1_rbs	6.9	0.0	0.0
224	__protein2_rbs	8.6	0.0	0.0
224	__protein3_rbs	9.1	0.0	0.0
224	__ribosome	28.9	0.0	0.0
224	__rnase_site_ext	12.7	0.0	0.0
224	p0	0.9	0.0	0.0
224	p1	0.8	0.0	0.0
224	protein1	741.7	11.55	1.90855795
224	protein2	822.35	14.1	1.9269788999999995
224	protein3	781.0	13.8	1.7126554499999995
224	r2	13.3	0.0	0.0
224	rnapol	1.1	0.0	0.0
225	__protein1_rbs	7.05	0.0	0.0
225	__protein2_rbs	9.1	0.0	0.0
225	__protein3_rbs	8.2	0.0	0.0
225	__ribosome	29.05	0.0	0.0
225	__rnase_site_ext	12.65	0.0	0.0
225	p0	0.9	0.0	0.0
225	p1	0.7	0.0	0.0
225	protein1	745.75	11.6	1.8973067
225	protein2	827.35	14.2	1.87740805
225	protein3	786.0	13.7	1.75415595
225	r2	13.4	0.0	0.0
225	rnapol	1.1	0.0	0.0
226	__protein1_rbs	7.25	0.0	0.0
226	__protein2_rbs	7.2	0.0	0.0
226	__protein3_rbs	8.25	0.0	0.0
226	__ribosome	28.45	0.0	0.0
226	__rnase_site_ext	12.65	0.0	0.0
226	p0	0.8	0.0	0.0
226	p1	0.8	0.0	0.0
226	protein1	749.9	11.55	1.9018473000000002
226	protein2	833.55	13.75	1.9451827
226	protein3	790.65	13.7	1.8164763
226	r2	13.55	0.0	0.0
226	rnapol	0.95	0.0	0.0
227	__protein1_rbs	6.6	0.0	0.0
227	__protein2_rbs	8.6	0.0	0.0
227	__protein3_rbs	8.85	0.0	0.0
227	__ribosome	28.35	0.0	0.0
227	__rnase_site_ext	12.55	0.0	0.0
227	p0	0.9	0.0	0.0
227	p1	0.95	0.0	0.0
227	protein1	753.95	11.55	1.9409433000000005
227	protein2	838.8	13.85	1.8843284
227	protein3	794.75	13.7	1.83813535
227	r2	13.65	0.0	0.0
227	rnapol	1.0	0.0	0.0
228	__protein1_rbs	7.5	0.0	0.0
228	__protein2_rbs	8.95	0.0	0.0
228	__protein3_rbs	8.85	0.0	0.0
228	__ribosome	28.4	0.0	0.0
228	__rnase_site_ext	12.5	0.0	0.0
228	p0	0.95	0.0	0.0
228	p1	0.85	0.0	0.0
228	protein1	757.75	11.55	1.9610546000000009
228	protein2	843.4	13.7	1.9324697500000003
228	protein3	799.5	13.65	1.8204767
228	r2	13.55	0.0	0.0
228	rnapol	1.15	0.0	0.0
229	__protein1_rbs	6.8	0.0	0.0
229	__protein2_rbs	8.65	0.0	0.0
229	__protein3_rbs	8.35	0.0	0.0
229	__ribosome	27.45	0.0	0.0
229	__rnase_site_ext	12.5	0.0	0.0
229	p0	0.95	0.0	0.0
229	p1	0.8	0.0	0.0
229	protein1	762.5	11.55	1.9420700500000003
229	protein2	847.95	13.6	1.9688037
229	protein3	804.25	13.75	1.86036245
229	r2	13.6	0.0	0.0
229	rnapol	1.2	0.0	0.0
230	__protein1_rbs	6.95	0.0	0.0
230	__protein2_rbs	9.25	0.0	0.0
230	__protein3_rbs	8.6	0.0	0.0
230	__ribosome	28.45	0.0	0.0
230	__rnase_site_ext	12.5	0.0	0.0
230	p0	0.85	0.0	0.0
230	p1	0.9	0.0	0.0
230	protein1	766.5	11.45	1.96922175
230	protein2	852.65	13.65	1.8980236500000005
230	protein3	809.05	13.6	1.8500257
230	r2	13.65	0.0	0.0
230	rnapol	1.15	0.0	0.0
231	__protein1_rbs	6.95	0.0	0.0
231	__protein2_rbs	8.85	0.0	0.0
231	__protein3_rbs	9.0	0.0	0.0
231	__ribosome	29.75	0.0	0.0
231	__rnase_site_ext	12.6	0.0	0.0
231	p0	0.9	0.0	0.0
231	p1	0.9	0.0	0.0
231	protein1	770.35	11.5	1.9933886000000003
231	protein2	858.95	13.7	1.785765
231	protein3	814.4	13.9	1.7872314500000002
231	r2	13.8	0.0	0.0
231	rnapol	1.1	0.0	0.0
232	__protein1_rbs	7.2	0.0	0.0
232	__protein2_rbs	8.4	0.0	0.0
232	__protein3_rbs	8.3	0.0	0.0
232	__ribosome	29.4	0.0	0.0
232	__rnase_site_ext	12.7	0.0	0.0
232	p0	0.8	0.0	0.0
232	p1	0.75	0.0	0.0
232	protein1	775.15	11.6	1.94257935
232	protein2	864.35	13.65	1.7728214999999998
232	protein3	818.95	14.05	1.82652055
232	r2	13.65	0.0	0.0
232	rnapol	0.9	0.0	0.0
233	__protein1_rbs	7.25	0.0	0.0
233	__protein2_rbs	7.95	0.0	0.0
233	__protein3_rbs	8.85	0.0	0.0
233	__ribosome	28.4	0.0	0.0
233	__rnase_site_ext	12.8	0.0	0.0
233	p0	0.9	0.0	0.0
233	p1	0.75	0.0	0.0
233	protein1	779.65	11.6	1.8992189
233	protein2	868.65	13.5	1.8532814999999998
233	protein3	823.4	13.9	1.88030265
233	r2	13.65	0.0	0.0
233	rnapol	0.95	0.0	0.0
234	__protein1_rbs	8.0	0.0	0.0
234	__protein2_rbs	7.85	0.0	0.0
234	__protein3_rbs	8.75	0.0	0.0
234	__ribosome	27.7	0.0	0.0
234	__rnase_site_ext	12.6	0.0	0.0
234	p0	0.95	0.0	0.0
234	p1	0.65	0.0	0.0
234	protein1	783.7	11.8	1.8344490000000004
234	protein2	872.95	13.55	1.9223628
234	protein3	828.3	13.9	1.8904391999999999
234	r2	13.55	0.0	0.0
234	rnapol	1.0	0.0	0.0
235	__protein1_rbs	7.1	0.0	0.0
235	__protein2_rbs	8.95	0.0	0.0
235	__protein3_rbs	8.6	0.0	0.0
235	__ribosome	27.35	0.0	0.0
235	__rnase_site_ext	12.5	0.0	0.0
235	p0	0.95	0.0	0.0
235	p1	0.7	0.0	0.0
235	protein1	788.05	11.8	1.84046415
235	protein2	877.8	13.65	1.90660115
235	protein3	833.0	13.95	1.90864555
235	r2	13.65	0.0	0.0
235	rnapol	1.0	0.0	0.0
236	__protein1_rbs	7.2	0.0	0.0
236	__protein2_rbs	8.8	0.0	0.0
236	__protein3_rbs	8.45	0.0	0.0
236	__ribosome	28.55	0.0	0.0
236	__rnase_site_ext	12.65	0.0	0.0
236	p0	0.6	0.0	0.0
236	p1	0.85	0.0	0.0
236	protein1	792.6	11.55	1.85503335
236	protein2	882.4	13.55	1.90626125
236	protein3	838.4	13.9	1.8784822
236	r2	13.35	0.0	0.0
236	rnapol	0.9	0.0	0.0
237	__protein1_rbs	7.6	0.0	0.0
237	__protein2_rbs	8.85	0.0	0.0
237	__protein3_rbs	7.75	0.0	0.0
237	__ribosome	28.95	0.0	0.0
237	__rnase_site_ext	12.8	0.0	0.0
237	p0	0.85	0.0	0.0
237	p1	0.8	0.0	0.0
237	protein1	796.75	11.65	1.78624485
237	protein2	887.8	13.4	1.8601013
237	protein3	843.4	13.85	1.9687694
237	r2	13.0	0.0	0.0
237	rnapol	0.95	0.0	0.0
238	__protein1_rbs	7.9	0.0	0.0
238	__protein2_rbs	8.0	0.0	0.0
238	__protein3_rbs	8.65	0.0	0.0
238	__ribosome	28.95	0.0	0.0
238	__rnase_site_ext	12.85	0.0	0.0
238	p0	0.9	0.0	0.0
238	p1	0.8	0.0	0.0
238	protein1	801.55	11.85	1.7052782
238	protein2	892.3	13.35	1.9416150999999997
238	protein3	848.4	13.85	1.9530911
238	r2	12.9	0.0	0.0
238	rnapol	0.95	0.0	0.0
239	__protein1_rbs	8.0	0.0	0.0
239	__protein2_rbs	9.0	0.0	0.0
239	__protein3_rbs	8.4	0.0	0.0
239	__ribosome	29.2	0.0	0.0
239	__rnase_site_ext	13.05	0.0	0.0
239	p0	0.8	0.0	0.0
239	p1	0.8	0.0	0.0
239	protein1	804.95	11.95	1.70879395
239	protein2	898.15	13.45	1.8069365500000003
239	protein3	852.75	13.85	2.00379225
239	r2	13.05	0.0	0.0
239	rnapol	0.75	0.0	0.0
240	__protein1_rbs	8.2	0.0	0.0
240	__protein2_rbs	8.2	0.0	0.0
240	__protein3_rbs	8.8	0.0	0.0
240	__ribosome	28.8	0.0	0.0
240	__rnase_site_ext	13.0	0.0	0.0
240	p0	0.85	0.0	0.0
240	p1	0.75	0.0	0.0
240	protein1	808.9	12.05	1.7010358499999996
240	protein2	902.5	13.4	1.8620263
240	protein3	858.0	13.8	1.98770915
240	r2	13.2	0.0	0.0
240	rnapol	0.8	0.0	0.0
241	__protein1_rbs	7.2	0.0	0.0
241	__protein2_rbs	8.55	0.0	0.0
241	__protein3_rbs	8.2	0.0	0.0
241	__ribosome	28.2	0.0	0.0
241	__rnase_site_ext	12.95	0.0	0.0
241	p0	0.95	0.0	0.0
241	p1	0.6	0.0	0.0
241	protein1	812.9	12.2	1.7448627
241	protein2	907.35	13.35	1.8412167000000004
241	protein3	863.35	13.65	2.0203903999999997
241	r2	13.3	0.0	0.0
241	rnapol	0.7	0.0	0.0
242	__protein1_rbs	7.05	0.0	0.0
242	__protein2_rbs	8.9	0.0	0.0
242	__protein3_rbs	7.95	0.0	0.0
242	__ribosome	28.4	0.0	0.0
242	__rnase_site_ext	12.95	0.0	0.0
242	p0	0.85	0.0	0.0
242	p1	0.8	0.0	0.0
242	protein1	816.55	12.25	1.83618815
242	protein2	912.25	13.55	1.7723196
242	protein3	869.35	13.45	2.02407675
242	r2	13.25	0.0	0.0
242	rnapol	0.6	0.0	0.0
243	__protein1_rbs	7.85	0.0	0.0
243	__protein2_rbs	8.6	0.0	0.0
243	__protein3_rbs	8.6	0.0	0.0
243	__ribosome	28.65	0.0	0.0
243	__rnase_site_ext	12.95	0.0	0.0
243	p0	0.85	0.0	0.0
243	p1	0.85	0.0	0.0
243	protein1	820.95	12.05	1.8186201500000003
243	protein2	916.95	13.7	1.7653532999999997
243	protein3	874.15	13.5	2.04368265
243	r2	13.25	0.0	0.0
243	rnapol	0.55	0.0	0.0
244	__protein1_rbs	7.15	0.0	0.0
244	__protein2_rbs	8.95	0.0	0.0
244	__protein3_rbs	8.6	0.0	0.0
244	__ribosome	29.05	0.0	0.0
244	__rnase_site_ext	12.9	0.0	0.0
244	p0	1.0	0.0	0.0
244	p1	0.8	0.0	0.0
244	protein1	824.85	12.15	1.9018339
244	protein2	921.65	13.65	1.7382191500000002
244	protein3	879.65	13.35	1.9561057
244	r2	13.05	0.0	0.0
244	rnapol	0.7	0.0	0.0
245	__protein1_rbs	7.55	0.0	0.0
245	__protein2_rbs	8.65	0.0	0.0
245	__protein3_rbs	8.0	0.0	0.0
245	__ribosome	29.35	0.0	0.0
245	__rnase_site_ext	12.95	0.0	0.0
245	p0	0.9	0.0	0.0
245	p1	0.55	0.0	0.0
245	protein1	828.95	12.15	1.89688445
245	protein2	926.4	13.5	1.7915509500000002
245	protein3	885.0	13.4	1.9125956999999998
245	r2	13.1	0.0	0.0
245	rnapol	0.55	0.0	0.0
246	__protein1_rbs	8.05	0.0	0.0
246	__protein2_rbs	8.35	0.0	0.0
246	__protein3_rbs	7.95	0.0	0.0
246	__ribosome	29.2	0.0	0.0
246	__rnase_site_ext	13.0	0.0	0.0
246	p0	0.95	0.0	0.0
246	p1	0.6	0.0	0.0
246	protein1	833.6	12.1	1.8430238999999997
246	protein2	931.05	13.5	1.78868805
246	protein3	889.6	13.5	1.94885525
246	r2	13.1	0.0	0.0
246	rnapol	0.5	0.0	0.0
247	__protein1_rbs	7.55	0.0	0.0
247	__protein2_rbs	9.05	0.0	0.0
247	__protein3_rbs	8.05	0.0	0.0
247	__ribosome	29.05	0.0	0.0
247	__rnase_site_ext	12.95	0.0	0.0
247	p0	0.9	0.0	0.0
247	p1	0.6	0.0	0.0
247	protein1	838.25	12.15	1.8439572500000003
247	protein2	935.35	13.65	1.79659215
247	protein3	894.7	13.45	1.9307752
247	r2	13.15	0.0	0.0
247	rnapol	0.6	0.0	0.0
248	__protein1_rbs	7.75	0.0	0.0
248	__protein2_rbs	8.45	0.0	0.0
248	__protein3_rbs	8.75	0.0	0.0
248	__ribosome	29.2	0.0	0.0
248	__rnase_site_ext	12.95	0.0	0.0
248	p0	0.9	0.0	0.0
248	p1	0.8	0.0	0.0
248	protein1	842.15	12.1	1.8226672000000004
248	protein2	940.15	13.95	1.792332
248	protein3	899.8	13.6	1.89341275
248	r2	13.1	0.0	0.0
248	rnapol	0.75	0.0	0.0
249	__protein1_rbs	7.6	0.0	0.0
249	__protein2_rbs	8.55	0.0	0.0
249	__protein3_rbs	8.35	0.0	0.0
249	__ribosome	28.7	0.0	0.0
249	__rnase_site_ext	13.15	0.0	0.0
249	p0	0.85	0.0	0.0
249	p1	0.8	0.0	0.0
249	protein1	847.0	12.15	1.796386
249	protein2	944.65	13.9	1.83717645
249	protein3	904.55	13.55	1.92199645
249	r2	13.05	0.0	0.0
249	rnapol	0.85	0.0	0.0
250	__protein1_rbs	6.45	0.0	0.0
250	__protein2_rbs	8.15	0.0	0.0
250	__protein3_rbs	6.85	0.0	0.0
250	__ribosome	23.55	0.0	0.0
250	__rnase_site_ext	11.0	0.0	0.0
250	p0	0.8	0.0	0.0
250	p1	0.7	0.0	0.0
250	protein1	731.2	10.35	1.56026045
250	protein2	811.8	12.2	1.4849265500000002
250	protein3	774.1	11.6	1.67375075
250	r2	11.3	0.0	0.0
250	rnapol	0.7	0.0	0.0
