time	species	protein	transcript	ribo_density
0	__protein1_rbs	0.0	0.0	0.0
0	__protein2_rbs	0.0	0.0	0.0
0	__protein3_rbs	0.0	0.0	0.0
0	__ribosome	100.0	0.0	0.0
0	__rnase_site_ext	0.0	0.0	0.0
0	p0	1.0	0.0	0.0
0	rnapol	4.0	0.0	0.0
1	__protein1_rbs	0.0	0.0	0.0
1	__protein2_rbs	0.0	0.0	0.0
1	__protein3_rbs	0.0	0.0	0.0
1	__ribosome	45.0	0.0	0.0
1	__rnase_site_ext	0.3	0.0	0.0
1	p0	0.05	0.0	0.0
1	rnapol	1.35	0.0	0.0
2	__protein1_rbs	0.1	0.0	0.0
2	__protein2_rbs	0.0	0.0	0.0
2	__protein3_rbs	0.0	0.0	0.0
2	__ribosome	54.95	0.0	0.0
2	__rnase_site_ext	0.5	0.0	0.0
2	p0	0.3	0.0	0.0
2	protein1	0.0	0.15	0.05
2	rnapol	1.6	0.0	0.0
3	__protein1_rbs	0.25	0.0	0.0
3	__protein2_rbs	0.0	0.0	0.0
3	__protein3_rbs	0.0	0.0	0.0
3	__ribosome	104.75	0.0	0.0
3	__rnase_site_ext	0.75	0.0	0.0
3	p0	0.4	0.0	0.0
3	protein1	0.0	0.45	0.25
3	rnapol	2.95	0.0	0.0
4	__protein1_rbs	0.2	0.0	0.0
4	__protein2_rbs	0.0	0.0	0.0
4	__protein3_rbs	0.0	0.0	0.0
4	__ribosome	94.3	0.0	0.0
4	__rnase_site_ext	0.95	0.0	0.0
4	p0	0.5	0.0	0.0
4	protein1	0.0	0.65	0.55
4	rnapol	2.6	0.0	0.0
5	__protein1_rbs	0.2	0.0	0.0
5	__protein2_rbs	0.0	0.0	0.0
5	__protein3_rbs	0.0	0.0	0.0
5	__ribosome	98.65	0.0	0.0
5	__rnase_site_ext	1.15	0.0	0.0
5	p0	0.55	0.0	0.0
5	protein1	0.0	0.85	1.0
5	rnapol	2.6	0.0	0.0
6	__protein1_rbs	0.35	0.0	0.0
6	__protein2_rbs	0.0	0.0	0.0
6	__protein3_rbs	0.0	0.0	0.0
6	__ribosome	138.1	0.0	0.0
6	__rnase_site_ext	1.4	0.0	0.0
6	p0	0.6	0.0	0.0
6	protein1	0.0	1.1	1.35
6	rnapol	3.6	0.0	0.0
7	__protein1_rbs	0.4	0.0	0.0
7	__protein2_rbs	0.0	0.0	0.0
7	__protein3_rbs	0.0	0.0	0.0
7	__ribosome	87.35	0.0	0.0
7	__rnase_site_ext	1.5	0.0	0.0
7	p0	0.65	0.0	0.0
7	protein1	0.05	1.2	1.9
7	rnapol	1.85	0.0	0.0
8	__protein1_rbs	0.45	0.0	0.0
8	__protein2_rbs	0.0	0.0	0.0
8	__protein3_rbs	0.0	0.0	0.0
8	__ribosome	86.5	0.0	0.0
8	__rnase_site_ext	1.7	0.0	0.0
8	p0	0.9	0.0	0.0
8	protein1	0.2	1.5	2.1875
8	rnapol	1.9	0.0	0.0
9	__protein1_rbs	0.45	0.0	0.0
9	__protein2_rbs	0.0	0.0	0.0
9	__protein3_rbs	0.0	0.0	0.0
9	__ribosome	85.95	0.0	0.0
9	__rnase_site_ext	1.8	0.0	0.0
9	p0	0.75	0.0	0.0
9	protein1	0.75	1.7	2.2166667
9	rnapol	1.75	0.0	0.0
10	__protein1_rbs	0.75	0.0	0.0
10	__protein2_rbs	0.0	0.0	0.0
10	__protein3_rbs	0.0	0.0	0.0
10	__ribosome	135.4	0.0	0.0
10	__rnase_site_ext	2.05	0.0	0.0
10	p0	0.65	0.0	0.0
10	protein1	1.15	1.75	2.5083334
10	rnapol	3.2	0.0	0.0
11	__protein1_rbs	0.8	0.0	0.0
11	__protein2_rbs	0.15	0.0	0.0
11	__protein3_rbs	0.0	0.0	0.0
11	__ribosome	144.55	0.0	0.0
11	__rnase_site_ext	2.3	0.0	0.0
11	p0	0.8	0.0	0.0
11	protein1	1.7	2.0	2.38749995
11	protein2	0.0	0.35	0.2
11	rnapol	3.35	0.0	0.0
12	__protein1_rbs	0.95	0.0	0.0
12	__protein2_rbs	0.15	0.0	0.0
12	__protein3_rbs	0.0	0.0	0.0
12	__ribosome	93.95	0.0	0.0
12	__rnase_site_ext	2.35	0.0	0.0
12	p0	0.8	0.0	0.0
12	protein1	2.6	2.2	2.3375
12	protein2	0.0	0.5	0.45
12	rnapol	1.7	0.0	0.0
13	__protein1_rbs	0.8	0.0	0.0
13	__protein2_rbs	0.15	0.0	0.0
13	__protein3_rbs	0.0	0.0	0.0
13	__ribosome	92.9	0.0	0.0
13	__rnase_site_ext	2.4	0.0	0.0
13	p0	0.9	0.0	0.0
13	protein1	3.35	2.35	inf
13	protein2	0.0	0.6	0.875
13	rnapol	1.6	0.0	0.0
14	__protein1_rbs	0.7	0.0	0.0
14	__protein2_rbs	0.35	0.0	0.0
14	__protein3_rbs	0.0	0.0	0.0
14	__ribosome	92.15	0.0	0.0
14	__rnase_site_ext	2.5	0.0	0.0
14	p0	0.85	0.0	0.0
14	protein1	4.5	2.4	inf
14	protein2	0.0	0.7	1.075
14	rnapol	1.45	0.0	0.0
15	__protein1_rbs	1.05	0.0	0.0
15	__protein2_rbs	0.3	0.0	0.0
15	__protein3_rbs	0.0	0.0	0.0
15	__ribosome	91.25	0.0	0.0
15	__rnase_site_ext	2.6	0.0	0.0
15	p0	0.95	0.0	0.0
15	protein1	5.55	2.5	inf
15	protein2	0.0	0.85	1.35
15	rnapol	1.35	0.0	0.0
16	__protein1_rbs	0.65	0.0	0.0
16	__protein2_rbs	0.65	0.0	0.0
16	__protein3_rbs	0.0	0.0	0.0
16	__ribosome	89.95	0.0	0.0
16	__rnase_site_ext	2.8	0.0	0.0
16	p0	0.8	0.0	0.0
16	protein1	6.65	2.6	inf
16	protein2	0.1	1.25	1.475
16	rnapol	1.05	0.0	0.0
17	__protein1_rbs	1.05	0.0	0.0
17	__protein2_rbs	0.55	0.0	0.0
17	__protein3_rbs	0.0	0.0	0.0
17	__ribosome	89.4	0.0	0.0
17	__rnase_site_ext	2.85	0.0	0.0
17	p0	0.95	0.0	0.0
17	protein1	8.15	2.8	inf
17	protein2	0.45	1.4	1.7833332999999998
17	rnapol	1.0	0.0	0.0
18	__protein1_rbs	0.75	0.0	0.0
18	__protein2_rbs	0.5	0.0	0.0
18	__protein3_rbs	0.1	0.0	0.0
18	__ribosome	88.25	0.0	0.0
18	__rnase_site_ext	3.0	0.0	0.0
18	p0	0.9	0.0	0.0
18	protein1	9.3	2.85	inf
18	protein2	0.95	1.4	2.04166665
18	protein3	0.0	0.1	0.0
18	rnapol	0.95	0.0	0.0
19	__protein1_rbs	0.85	0.0	0.0
19	__protein2_rbs	0.7	0.0	0.0
19	__protein3_rbs	0.25	0.0	0.0
19	__ribosome	86.95	0.0	0.0
19	__rnase_site_ext	2.95	0.0	0.0
19	p0	1.0	0.0	0.0
19	protein1	10.9	2.9	2.9075
19	protein2	1.2	1.65	2.19166665
19	protein3	0.0	0.35	0.15
19	rnapol	0.9	0.0	0.0
20	__protein1_rbs	0.85	0.0	0.0
20	__protein2_rbs	0.7	0.0	0.0
20	__protein3_rbs	0.1	0.0	0.0
20	__ribosome	85.65	0.0	0.0
20	__rnase_site_ext	2.95	0.0	0.0
20	p0	1.0	0.0	0.0
20	protein1	12.3	2.95	3.13499995
20	protein2	1.95	1.8	2.34166665
20	protein3	0.0	0.5	0.5
20	rnapol	0.9	0.0	0.0
21	__protein1_rbs	0.95	0.0	0.0
21	__protein2_rbs	0.6	0.0	0.0
21	__protein3_rbs	0.2	0.0	0.0
21	__ribosome	84.6	0.0	0.0
21	__rnase_site_ext	3.0	0.0	0.0
21	p0	0.95	0.0	0.0
21	protein1	13.8	2.95	3.2725000499999988
21	protein2	2.6	1.85	2.5666667000000003
21	protein3	0.0	0.6	0.825
21	rnapol	0.95	0.0	0.0
22	__protein1_rbs	0.85	0.0	0.0
22	__protein2_rbs	0.6	0.0	0.0
22	__protein3_rbs	0.3	0.0	0.0
22	__ribosome	83.65	0.0	0.0
22	__rnase_site_ext	3.05	0.0	0.0
22	p0	0.95	0.0	0.0
22	protein1	15.55	2.95	3.2683332500000004
22	protein2	3.3	2.05	2.6166667
22	protein3	0.0	0.7	1.025
22	rnapol	1.0	0.0	0.0
23	__protein1_rbs	1.65	0.0	0.0
23	__protein2_rbs	1.05	0.0	0.0
23	__protein3_rbs	0.45	0.0	0.0
23	__ribosome	83.35	0.0	0.0
23	__rnase_site_ext	3.05	0.0	0.0
23	p0	0.9	0.0	0.0
23	protein1	17.7	3.0	2.9299999500000005
23	protein2	4.05	2.25	2.65833335
23	protein3	0.05	1.05	1.3
23	rnapol	1.05	0.0	0.0
24	__protein1_rbs	0.9	0.0	0.0
24	__protein2_rbs	0.55	0.0	0.0
24	__protein3_rbs	0.35	0.0	0.0
24	__ribosome	81.4	0.0	0.0
24	__rnase_site_ext	3.05	0.0	0.0
24	p0	0.9	0.0	0.0
24	protein1	19.25	3.05	3.13583335
24	protein2	5.05	2.4	2.8208333999999997
24	protein3	0.15	1.3	1.50833335
24	rnapol	1.15	0.0	0.0
25	__protein1_rbs	0.85	0.0	0.0
25	__protein2_rbs	0.75	0.0	0.0
25	__protein3_rbs	0.45	0.0	0.0
25	__ribosome	80.5	0.0	0.0
25	__rnase_site_ext	3.1	0.0	0.0
25	p0	1.0	0.0	0.0
25	protein1	21.1	3.0	3.19000005
25	protein2	6.3	2.45	2.9666667
25	protein3	0.55	1.35	1.7833333500000002
25	rnapol	1.3	0.0	0.0
26	__protein1_rbs	1.35	0.0	0.0
26	__protein2_rbs	0.7	0.0	0.0
26	__protein3_rbs	0.8	0.0	0.0
26	__ribosome	79.9	0.0	0.0
26	__rnase_site_ext	3.2	0.0	0.0
26	p0	0.85	0.0	0.0
26	protein1	22.9	3.1	2.98416665
26	protein2	7.2	2.65	3.07083335
26	protein3	0.9	1.5	1.87499995
26	rnapol	1.25	0.0	0.0
27	__protein1_rbs	1.1	0.0	0.0
27	__protein2_rbs	1.05	0.0	0.0
27	__protein3_rbs	0.4	0.0	0.0
27	__ribosome	79.0	0.0	0.0
27	__rnase_site_ext	3.3	0.0	0.0
27	p0	0.8	0.0	0.0
27	protein1	24.85	3.15	2.8841667
27	protein2	8.65	2.75	2.87916665
27	protein3	1.2	1.65	2.29166665
27	rnapol	1.15	0.0	0.0
28	__protein1_rbs	1.25	0.0	0.0
28	__protein2_rbs	0.55	0.0	0.0
28	__protein3_rbs	0.9	0.0	0.0
28	__ribosome	77.65	0.0	0.0
28	__rnase_site_ext	3.35	0.0	0.0
28	p0	0.9	0.0	0.0
28	protein1	26.4	3.2	2.90416665
28	protein2	10.0	2.9	2.9625000000000004
28	protein3	1.7	1.8	2.325
28	rnapol	1.35	0.0	0.0
29	__protein1_rbs	0.9	0.0	0.0
29	__protein2_rbs	1.3	0.0	0.0
29	__protein3_rbs	0.5	0.0	0.0
29	__ribosome	76.3	0.0	0.0
29	__rnase_site_ext	3.45	0.0	0.0
29	p0	0.9	0.0	0.0
29	protein1	28.05	3.3	3.07583335
29	protein2	11.2	2.9	2.9666667
29	protein3	2.5	2.0	2.48333335
29	rnapol	1.6	0.0	0.0
30	__protein1_rbs	1.5	0.0	0.0
30	__protein2_rbs	1.15	0.0	0.0
30	__protein3_rbs	0.55	0.0	0.0
30	__ribosome	76.0	0.0	0.0
30	__rnase_site_ext	3.5	0.0	0.0
30	p0	0.7	0.0	0.0
30	protein1	30.0	3.4	2.9208333000000004
30	protein2	12.9	2.85	2.9166666500000007
30	protein3	3.2	2.1	2.7750001
30	rnapol	1.45	0.0	0.0
31	__protein1_rbs	1.5	0.0	0.0
31	__protein2_rbs	1.1	0.0	0.0
31	__protein3_rbs	0.7	0.0	0.0
31	__ribosome	75.0	0.0	0.0
31	__rnase_site_ext	3.55	0.0	0.0
31	p0	0.9	0.0	0.0
31	protein1	31.75	3.4	3.1141667
31	protein2	14.45	2.8	3.0375
31	protein3	4.15	2.3	2.84166665
31	rnapol	1.45	0.0	0.0
32	__protein1_rbs	1.75	0.0	0.0
32	__protein2_rbs	0.75	0.0	0.0
32	__protein3_rbs	1.0	0.0	0.0
32	__ribosome	74.5	0.0	0.0
32	__rnase_site_ext	3.75	0.0	0.0
32	p0	0.85	0.0	0.0
32	protein1	33.35	3.55	2.9616667000000003
32	protein2	16.15	2.7	3.2375
32	protein3	5.3	2.4	2.8041667
32	rnapol	1.45	0.0	0.0
33	__protein1_rbs	1.4	0.0	0.0
33	__protein2_rbs	0.6	0.0	0.0
33	__protein3_rbs	1.1	0.0	0.0
33	__ribosome	74.35	0.0	0.0
33	__rnase_site_ext	3.7	0.0	0.0
33	p0	0.85	0.0	0.0
33	protein1	35.4	3.6	2.92333335
33	protein2	18.05	2.7	3.2208333499999995
33	protein3	6.35	2.6	2.68750005
33	rnapol	1.45	0.0	0.0
34	__protein1_rbs	1.7	0.0	0.0
34	__protein2_rbs	1.1	0.0	0.0
34	__protein3_rbs	0.85	0.0	0.0
34	__ribosome	74.3	0.0	0.0
34	__rnase_site_ext	4.05	0.0	0.0
34	p0	0.7	0.0	0.0
34	protein1	37.7	3.7	2.8007142999999997
34	protein2	19.5	2.65	3.241666700000001
34	protein3	7.7	2.7	2.64583335
34	rnapol	1.45	0.0	0.0
35	__protein1_rbs	1.55	0.0	0.0
35	__protein2_rbs	0.9	0.0	0.0
35	__protein3_rbs	0.95	0.0	0.0
35	__ribosome	73.4	0.0	0.0
35	__rnase_site_ext	4.2	0.0	0.0
35	p0	0.9	0.0	0.0
35	protein1	39.65	3.9	2.6954167
35	protein2	20.95	2.65	3.3124999500000003
35	protein3	8.8	2.85	2.7125000000000004
35	rnapol	1.55	0.0	0.0
36	__protein1_rbs	1.5	0.0	0.0
36	__protein2_rbs	1.1	0.0	0.0
36	__protein3_rbs	1.35	0.0	0.0
36	__ribosome	73.6	0.0	0.0
36	__rnase_site_ext	4.35	0.0	0.0
36	p0	0.9	0.0	0.0
36	protein1	41.7	4.15	2.6179167000000003
36	protein2	22.75	2.75	3.1750000000000003
36	protein3	10.55	2.9	2.4708333
36	rnapol	1.55	0.0	0.0
37	__protein1_rbs	2.0	0.0	0.0
37	__protein2_rbs	1.4	0.0	0.0
37	__protein3_rbs	1.0	0.0	0.0
37	__ribosome	72.35	0.0	0.0
37	__rnase_site_ext	4.55	0.0	0.0
37	p0	0.85	0.0	0.0
37	protein1	43.25	4.35	2.6877777999999997
37	protein2	24.45	2.9	2.9666666
37	protein3	11.5	2.9	2.74583335
37	rnapol	1.5	0.0	0.0
38	__protein1_rbs	2.05	0.0	0.0
38	__protein2_rbs	0.9	0.0	0.0
38	__protein3_rbs	1.1	0.0	0.0
38	__ribosome	72.0	0.0	0.0
38	__rnase_site_ext	4.65	0.0	0.0
38	p0	0.85	0.0	0.0
38	protein1	45.7	4.45	2.5975
38	protein2	26.4	2.95	2.90416665
38	protein3	13.0	2.9	2.83333335
38	rnapol	1.5	0.0	0.0
39	__protein1_rbs	1.4	0.0	0.0
39	__protein2_rbs	1.35	0.0	0.0
39	__protein3_rbs	1.15	0.0	0.0
39	__ribosome	70.3	0.0	0.0
39	__rnase_site_ext	4.85	0.0	0.0
39	p0	0.85	0.0	0.0
39	protein1	47.3	4.65	2.8180555499999995
39	protein2	27.7	3.0	2.94583335
39	protein3	14.55	3.0	2.78750005
39	rnapol	1.5	0.0	0.0
40	__protein1_rbs	2.35	0.0	0.0
40	__protein2_rbs	1.25	0.0	0.0
40	__protein3_rbs	1.4	0.0	0.0
40	__ribosome	70.45	0.0	0.0
40	__rnase_site_ext	5.15	0.0	0.0
40	p0	0.65	0.0	0.0
40	protein1	49.6	4.75	2.70222225
40	protein2	29.45	3.25	2.6983333499999995
40	protein3	16.0	3.0	2.76249995
40	rnapol	1.3	0.0	0.0
41	__protein1_rbs	1.9	0.0	0.0
41	__protein2_rbs	1.35	0.0	0.0
41	__protein3_rbs	1.05	0.0	0.0
41	__ribosome	69.45	0.0	0.0
41	__rnase_site_ext	5.3	0.0	0.0
41	p0	0.85	0.0	0.0
41	protein1	52.1	4.95	2.6572618500000003
41	protein2	31.05	3.2	2.73583335
41	protein3	17.55	3.05	2.90000005
41	rnapol	1.2	0.0	0.0
42	__protein1_rbs	2.35	0.0	0.0
42	__protein2_rbs	1.1	0.0	0.0
42	__protein3_rbs	1.25	0.0	0.0
42	__ribosome	68.05	0.0	0.0
42	__rnase_site_ext	5.4	0.0	0.0
42	p0	0.9	0.0	0.0
42	protein1	54.35	5.25	2.6177976000000003
42	protein2	32.4	3.3	2.8675
42	protein3	19.1	3.1	2.89083325
42	rnapol	1.1	0.0	0.0
43	__protein1_rbs	2.2	0.0	0.0
43	__protein2_rbs	0.9	0.0	0.0
43	__protein3_rbs	1.1	0.0	0.0
43	__ribosome	67.25	0.0	0.0
43	__rnase_site_ext	5.5	0.0	0.0
43	p0	0.85	0.0	0.0
43	protein1	56.8	5.35	2.6629761499999995
43	protein2	34.5	3.35	2.8433333000000003
43	protein3	20.9	3.25	2.7825
43	rnapol	1.05	0.0	0.0
44	__protein1_rbs	2.55	0.0	0.0
44	__protein2_rbs	1.35	0.0	0.0
44	__protein3_rbs	1.55	0.0	0.0
44	__ribosome	66.45	0.0	0.0
44	__rnase_site_ext	5.6	0.0	0.0
44	p0	0.95	0.0	0.0
44	protein1	59.6	5.5	2.5954762000000002
44	protein2	35.95	3.7	2.75
44	protein3	22.5	3.2	2.86500005
44	rnapol	1.1	0.0	0.0
45	__protein1_rbs	2.25	0.0	0.0
45	__protein2_rbs	1.7	0.0	0.0
45	__protein3_rbs	1.7	0.0	0.0
45	__ribosome	65.75	0.0	0.0
45	__rnase_site_ext	5.65	0.0	0.0
45	p0	0.95	0.0	0.0
45	protein1	62.05	5.6	2.66357135
45	protein2	37.55	3.7	2.7791667
45	protein3	24.4	3.45	2.6191667
45	rnapol	1.1	0.0	0.0
46	__protein1_rbs	2.3	0.0	0.0
46	__protein2_rbs	1.3	0.0	0.0
46	__protein3_rbs	1.25	0.0	0.0
46	__ribosome	64.2	0.0	0.0
46	__rnase_site_ext	5.65	0.0	0.0
46	p0	0.95	0.0	0.0
46	protein1	64.85	5.7	2.6971428
46	protein2	39.2	3.85	2.8524999500000003
46	protein3	25.95	3.4	2.7983333
46	rnapol	1.15	0.0	0.0
47	__protein1_rbs	2.75	0.0	0.0
47	__protein2_rbs	1.8	0.0	0.0
47	__protein3_rbs	1.65	0.0	0.0
47	__ribosome	64.55	0.0	0.0
47	__rnase_site_ext	5.65	0.0	0.0
47	p0	0.95	0.0	0.0
47	protein1	67.95	5.6	2.7207143000000005
47	protein2	41.25	3.95	2.785
47	protein3	27.65	3.45	2.7733333
47	rnapol	1.15	0.0	0.0
48	__protein1_rbs	2.3	0.0	0.0
48	__protein2_rbs	1.5	0.0	0.0
48	__protein3_rbs	1.5	0.0	0.0
48	__ribosome	63.95	0.0	0.0
48	__rnase_site_ext	5.7	0.0	0.0
48	p0	0.95	0.0	0.0
48	protein1	70.65	5.65	2.7831547500000005
48	protein2	43.4	4.0	2.8375
48	protein3	29.85	3.55	2.71250005
48	rnapol	1.15	0.0	0.0
49	__protein1_rbs	2.4	0.0	0.0
49	__protein2_rbs	1.9	0.0	0.0
49	__protein3_rbs	1.3	0.0	0.0
49	__ribosome	63.2	0.0	0.0
49	__rnase_site_ext	5.8	0.0	0.0
49	p0	0.9	0.0	0.0
49	protein1	73.3	5.75	2.81892855
49	protein2	45.75	4.15	2.77333335
49	protein3	31.4	3.55	2.77166665
49	rnapol	1.1	0.0	0.0
50	__protein1_rbs	2.6	0.0	0.0
50	__protein2_rbs	1.5	0.0	0.0
50	__protein3_rbs	1.4	0.0	0.0
50	__ribosome	62.8	0.0	0.0
50	__rnase_site_ext	5.65	0.0	0.0
50	p0	0.9	0.0	0.0
50	protein1	76.5	5.75	2.7633332999999998
50	protein2	47.6	4.25	2.8675
50	protein3	33.35	3.55	2.81583335
50	rnapol	1.2	0.0	0.0
51	__protein1_rbs	2.85	0.0	0.0
51	__protein2_rbs	1.85	0.0	0.0
51	__protein3_rbs	1.6	0.0	0.0
51	__ribosome	63.1	0.0	0.0
51	__rnase_site_ext	5.9	0.0	0.0
51	p0	0.75	0.0	0.0
51	protein1	79.55	5.7	2.74309525
51	protein2	49.95	4.3	2.8225000000000007
51	protein3	35.25	3.7	2.7191667
51	rnapol	1.1	0.0	0.0
52	__protein1_rbs	2.15	0.0	0.0
52	__protein2_rbs	2.1	0.0	0.0
52	__protein3_rbs	1.65	0.0	0.0
52	__ribosome	61.7	0.0	0.0
52	__rnase_site_ext	6.0	0.0	0.0
52	p0	0.85	0.0	0.0
52	protein1	82.75	5.8	2.71041665
52	protein2	51.85	4.5	2.8266666499999995
52	protein3	36.65	3.95	2.745
52	rnapol	1.05	0.0	0.0
53	__protein1_rbs	2.9	0.0	0.0
53	__protein2_rbs	1.9	0.0	0.0
53	__protein3_rbs	1.7	0.0	0.0
53	__ribosome	62.3	0.0	0.0
53	__rnase_site_ext	5.9	0.0	0.0
53	p0	1.0	0.0	0.0
53	protein1	86.1	5.85	2.59619045
53	protein2	54.25	4.6	2.7861905
53	protein3	38.85	3.9	2.7175000499999995
53	rnapol	1.25	0.0	0.0
54	__protein1_rbs	2.35	0.0	0.0
54	__protein2_rbs	2.3	0.0	0.0
54	__protein3_rbs	1.55	0.0	0.0
54	__ribosome	60.65	0.0	0.0
54	__rnase_site_ext	6.05	0.0	0.0
54	p0	0.85	0.0	0.0
54	protein1	88.7	5.95	2.69625
54	protein2	56.6	4.6	2.7471428500000004
54	protein3	40.45	4.05	2.8649999500000005
54	rnapol	1.3	0.0	0.0
55	__protein1_rbs	2.6	0.0	0.0
55	__protein2_rbs	2.3	0.0	0.0
55	__protein3_rbs	1.5	0.0	0.0
55	__ribosome	61.05	0.0	0.0
55	__rnase_site_ext	6.15	0.0	0.0
55	p0	1.0	0.0	0.0
55	protein1	92.35	5.9	2.6510714500000003
55	protein2	58.9	4.7	2.6796429
55	protein3	42.6	4.1	2.8441667
55	rnapol	1.3	0.0	0.0
56	__protein1_rbs	2.6	0.0	0.0
56	__protein2_rbs	1.85	0.0	0.0
56	__protein3_rbs	2.25	0.0	0.0
56	__ribosome	60.2	0.0	0.0
56	__rnase_site_ext	6.2	0.0	0.0
56	p0	0.9	0.0	0.0
56	protein1	94.95	6.15	2.6622025
56	protein2	61.3	4.7	2.75119045
56	protein3	44.9	4.35	2.575
56	rnapol	1.45	0.0	0.0
57	__protein1_rbs	2.2	0.0	0.0
57	__protein2_rbs	1.95	0.0	0.0
57	__protein3_rbs	2.2	0.0	0.0
57	__ribosome	58.7	0.0	0.0
57	__rnase_site_ext	6.2	0.0	0.0
57	p0	0.9	0.0	0.0
57	protein1	97.55	6.15	2.8119047500000014
57	protein2	63.4	4.75	2.7579761999999994
57	protein3	46.9	4.5	2.5716666500000005
57	rnapol	1.55	0.0	0.0
58	__protein1_rbs	3.3	0.0	0.0
58	__protein2_rbs	2.5	0.0	0.0
58	__protein3_rbs	2.05	0.0	0.0
58	__ribosome	59.95	0.0	0.0
58	__rnase_site_ext	6.2	0.0	0.0
58	p0	0.95	0.0	0.0
58	protein1	101.25	6.3	2.5908928
58	protein2	66.05	4.85	2.6001190500000004
58	protein3	49.3	4.6	2.5849999500000003
58	rnapol	1.5	0.0	0.0
59	__protein1_rbs	2.6	0.0	0.0
59	__protein2_rbs	1.8	0.0	0.0
59	__protein3_rbs	1.8	0.0	0.0
59	__ribosome	57.95	0.0	0.0
59	__rnase_site_ext	6.2	0.0	0.0
59	p0	0.95	0.0	0.0
59	protein1	104.2	6.2	2.694881
59	protein2	68.35	4.85	2.7242857000000003
59	protein3	51.2	4.8	2.65333325
59	rnapol	1.55	0.0	0.0
60	__protein1_rbs	2.95	0.0	0.0
60	__protein2_rbs	2.3	0.0	0.0
60	__protein3_rbs	1.9	0.0	0.0
60	__ribosome	57.9	0.0	0.0
60	__rnase_site_ext	6.25	0.0	0.0
60	p0	0.85	0.0	0.0
60	protein1	107.5	6.2	2.6570832500000003
60	protein2	70.65	5.05	2.6960714999999995
60	protein3	53.65	4.8	2.6396428000000003
60	rnapol	1.4	0.0	0.0
61	__protein1_rbs	2.4	0.0	0.0
61	__protein2_rbs	2.3	0.0	0.0
61	__protein3_rbs	1.7	0.0	0.0
61	__ribosome	56.65	0.0	0.0
61	__rnase_site_ext	6.4	0.0	0.0
61	p0	0.8	0.0	0.0
61	protein1	110.45	6.25	2.7444642999999997
61	protein2	73.55	5.15	2.5927381
61	protein3	55.85	4.9	2.7184523999999994
61	rnapol	1.55	0.0	0.0
62	__protein1_rbs	3.05	0.0	0.0
62	__protein2_rbs	2.55	0.0	0.0
62	__protein3_rbs	2.1	0.0	0.0
62	__ribosome	56.45	0.0	0.0
62	__rnase_site_ext	6.45	0.0	0.0
62	p0	1.0	0.0	0.0
62	protein1	114.0	6.35	2.68446425
62	protein2	75.75	5.3	2.5559524500000004
62	protein3	58.15	4.85	2.8730952000000003
62	rnapol	1.8	0.0	0.0
63	__protein1_rbs	3.45	0.0	0.0
63	__protein2_rbs	1.5	0.0	0.0
63	__protein3_rbs	1.85	0.0	0.0
63	__ribosome	55.5	0.0	0.0
63	__rnase_site_ext	6.5	0.0	0.0
63	p0	0.95	0.0	0.0
63	protein1	116.85	6.45	2.63650795
63	protein2	78.1	5.3	2.7442857500000004
63	protein3	60.75	4.8	2.85202385
63	rnapol	2.0	0.0	0.0
64	__protein1_rbs	2.65	0.0	0.0
64	__protein2_rbs	2.8	0.0	0.0
64	__protein3_rbs	2.15	0.0	0.0
64	__ribosome	55.45	0.0	0.0
64	__rnase_site_ext	6.55	0.0	0.0
64	p0	0.9	0.0	0.0
64	protein1	120.1	6.45	2.6926985
64	protein2	81.05	5.3	2.6278572000000002
64	protein3	63.05	4.9	2.83785715
64	rnapol	2.0	0.0	0.0
65	__protein1_rbs	2.9	0.0	0.0
65	__protein2_rbs	2.1	0.0	0.0
65	__protein3_rbs	2.1	0.0	0.0
65	__ribosome	55.25	0.0	0.0
65	__rnase_site_ext	6.75	0.0	0.0
65	p0	0.75	0.0	0.0
65	protein1	123.65	6.45	2.6954167
65	protein2	83.5	5.3	2.76357145
65	protein3	65.75	4.85	2.82857145
65	rnapol	1.85	0.0	0.0
66	__protein1_rbs	2.95	0.0	0.0
66	__protein2_rbs	2.55	0.0	0.0
66	__protein3_rbs	2.5	0.0	0.0
66	__ribosome	55.65	0.0	0.0
66	__rnase_site_ext	6.95	0.0	0.0
66	p0	0.7	0.0	0.0
66	protein1	127.0	6.6	2.68303575
66	protein2	86.15	5.3	2.75500005
66	protein3	68.4	4.9	2.65309525
66	rnapol	1.7	0.0	0.0
67	__protein1_rbs	2.9	0.0	0.0
67	__protein2_rbs	2.25	0.0	0.0
67	__protein3_rbs	2.1	0.0	0.0
67	__ribosome	56.2	0.0	0.0
67	__rnase_site_ext	6.9	0.0	0.0
67	p0	1.0	0.0	0.0
67	protein1	130.5	6.8	2.5929365000000004
67	protein2	89.25	5.35	2.71809525
67	protein3	71.55	4.95	2.4989285
67	rnapol	1.8	0.0	0.0
68	__protein1_rbs	3.15	0.0	0.0
68	__protein2_rbs	2.15	0.0	0.0
68	__protein3_rbs	2.3	0.0	0.0
68	__ribosome	55.15	0.0	0.0
68	__rnase_site_ext	6.9	0.0	0.0
68	p0	0.8	0.0	0.0
68	protein1	133.4	6.95	2.647868
68	protein2	92.4	5.3	2.7140476000000007
68	protein3	74.05	5.25	2.4619047499999995
68	rnapol	1.65	0.0	0.0
69	__protein1_rbs	3.65	0.0	0.0
69	__protein2_rbs	2.3	0.0	0.0
69	__protein3_rbs	2.8	0.0	0.0
69	__ribosome	55.1	0.0	0.0
69	__rnase_site_ext	7.05	0.0	0.0
69	p0	0.95	0.0	0.0
69	protein1	136.7	6.85	2.65816375
69	protein2	94.75	5.35	2.75011915
69	protein3	76.35	5.3	2.4154761500000004
69	rnapol	1.6	0.0	0.0
70	__protein1_rbs	3.55	0.0	0.0
70	__protein2_rbs	3.1	0.0	0.0
70	__protein3_rbs	2.7	0.0	0.0
70	__ribosome	54.9	0.0	0.0
70	__rnase_site_ext	7.1	0.0	0.0
70	p0	1.0	0.0	0.0
70	protein1	140.2	7.05	2.55300875
70	protein2	97.35	5.45	2.6328571
70	protein3	78.45	5.4	2.4521429
70	rnapol	1.55	0.0	0.0
71	__protein1_rbs	3.2	0.0	0.0
71	__protein2_rbs	2.75	0.0	0.0
71	__protein3_rbs	2.9	0.0	0.0
71	__ribosome	55.4	0.0	0.0
71	__rnase_site_ext	7.25	0.0	0.0
71	p0	0.8	0.0	0.0
71	protein1	143.75	7.1	2.5336021
71	protein2	100.4	5.45	2.5896429000000003
71	protein3	81.2	5.4	2.3817856500000003
71	rnapol	1.4	0.0	0.0
72	__protein1_rbs	3.2	0.0	0.0
72	__protein2_rbs	2.3	0.0	0.0
72	__protein3_rbs	2.5	0.0	0.0
72	__ribosome	54.4	0.0	0.0
72	__rnase_site_ext	7.45	0.0	0.0
72	p0	0.75	0.0	0.0
72	protein1	147.25	7.25	2.521821800000001
72	protein2	102.95	5.45	2.6825001000000004
72	protein3	83.8	5.5	2.41440475
72	rnapol	1.45	0.0	0.0
73	__protein1_rbs	3.2	0.0	0.0
73	__protein2_rbs	2.9	0.0	0.0
73	__protein3_rbs	2.1	0.0	0.0
73	__ribosome	54.35	0.0	0.0
73	__rnase_site_ext	7.55	0.0	0.0
73	p0	0.8	0.0	0.0
73	protein1	151.1	7.35	2.4927885499999998
73	protein2	105.9	5.6	2.46119035
73	protein3	86.4	5.55	2.50202375
73	rnapol	1.55	0.0	0.0
74	__protein1_rbs	3.8	0.0	0.0
74	__protein2_rbs	2.5	0.0	0.0
74	__protein3_rbs	2.4	0.0	0.0
74	__ribosome	54.1	0.0	0.0
74	__rnase_site_ext	7.6	0.0	0.0
74	p0	0.95	0.0	0.0
74	protein1	154.45	7.45	2.5005032000000003
74	protein2	109.25	5.55	2.4066667
74	protein3	88.65	5.6	2.58345235
74	rnapol	1.65	0.0	0.0
75	__protein1_rbs	3.2	0.0	0.0
75	__protein2_rbs	2.6	0.0	0.0
75	__protein3_rbs	2.1	0.0	0.0
75	__ribosome	51.65	0.0	0.0
75	__rnase_site_ext	7.65	0.0	0.0
75	p0	1.0	0.0	0.0
75	protein1	157.7	7.7	2.5400775
75	protein2	111.2	5.7	2.5200000500000006
75	protein3	91.4	5.55	2.6766666
75	rnapol	1.6	0.0	0.0
76	__protein1_rbs	3.75	0.0	0.0
76	__protein2_rbs	2.9	0.0	0.0
76	__protein3_rbs	2.1	0.0	0.0
76	__ribosome	50.3	0.0	0.0
76	__rnase_site_ext	7.55	0.0	0.0
76	p0	0.9	0.0	0.0
76	protein1	160.95	7.65	2.64794905
76	protein2	113.85	5.85	2.5010714
76	protein3	94.05	5.6	2.7013095500000004
76	rnapol	1.55	0.0	0.0
77	__protein1_rbs	3.4	0.0	0.0
77	__protein2_rbs	3.0	0.0	0.0
77	__protein3_rbs	2.95	0.0	0.0
77	__ribosome	50.5	0.0	0.0
77	__rnase_site_ext	7.75	0.0	0.0
77	p0	0.7	0.0	0.0
77	protein1	165.2	7.6	2.6419443999999994
77	protein2	116.55	5.8	2.5021428500000003
77	protein3	96.55	5.75	2.6654167
77	rnapol	1.3	0.0	0.0
78	__protein1_rbs	4.05	0.0	0.0
78	__protein2_rbs	2.6	0.0	0.0
78	__protein3_rbs	2.1	0.0	0.0
78	__ribosome	50.1	0.0	0.0
78	__rnase_site_ext	7.7	0.0	0.0
78	p0	1.0	0.0	0.0
78	protein1	168.8	7.65	2.60067455
78	protein2	119.5	5.85	2.528095300000001
78	protein3	99.95	5.85	2.68005955
78	rnapol	1.45	0.0	0.0
79	__protein1_rbs	3.5	0.0	0.0
79	__protein2_rbs	2.8	0.0	0.0
79	__protein3_rbs	3.0	0.0	0.0
79	__ribosome	49.25	0.0	0.0
79	__rnase_site_ext	7.8	0.0	0.0
79	p0	0.9	0.0	0.0
79	protein1	172.25	7.7	2.6868922000000004
79	protein2	122.15	6.0	2.5198214
79	protein3	102.45	5.9	2.63410715
79	rnapol	1.55	0.0	0.0
80	__protein1_rbs	4.05	0.0	0.0
80	__protein2_rbs	2.75	0.0	0.0
80	__protein3_rbs	3.05	0.0	0.0
80	__ribosome	50.25	0.0	0.0
80	__rnase_site_ext	7.7	0.0	0.0
80	p0	0.95	0.0	0.0
80	protein1	177.0	7.7	2.56886185
80	protein2	125.15	6.1	2.5145832
80	protein3	105.6	5.9	2.6477976
80	rnapol	1.55	0.0	0.0
81	__protein1_rbs	3.6	0.0	0.0
81	__protein2_rbs	3.0	0.0	0.0
81	__protein3_rbs	2.9	0.0	0.0
81	__ribosome	49.9	0.0	0.0
81	__rnase_site_ext	7.65	0.0	0.0
81	p0	0.95	0.0	0.0
81	protein1	180.8	7.7	2.589826850000001
81	protein2	127.85	6.1	2.5832142999999994
81	protein3	108.65	5.9	2.5874403999999998
81	rnapol	1.6	0.0	0.0
82	__protein1_rbs	4.1	0.0	0.0
82	__protein2_rbs	3.1	0.0	0.0
82	__protein3_rbs	3.25	0.0	0.0
82	__ribosome	49.75	0.0	0.0
82	__rnase_site_ext	7.7	0.0	0.0
82	p0	0.85	0.0	0.0
82	protein1	184.1	7.65	2.6524422000000003
82	protein2	130.9	6.1	2.54968255
82	protein3	111.3	6.05	2.5370237500000004
82	rnapol	1.65	0.0	0.0
83	__protein1_rbs	3.8	0.0	0.0
83	__protein2_rbs	3.25	0.0	0.0
83	__protein3_rbs	2.6	0.0	0.0
83	__ribosome	50.0	0.0	0.0
83	__rnase_site_ext	7.85	0.0	0.0
83	p0	0.9	0.0	0.0
83	protein1	188.3	7.7	2.5825432999999998
83	protein2	134.05	6.3	2.48494045
83	protein3	114.65	6.1	2.53095245
83	rnapol	1.65	0.0	0.0
84	__protein1_rbs	3.45	0.0	0.0
84	__protein2_rbs	2.7	0.0	0.0
84	__protein3_rbs	3.0	0.0	0.0
84	__ribosome	49.3	0.0	0.0
84	__rnase_site_ext	8.1	0.0	0.0
84	p0	0.65	0.0	0.0
84	protein1	192.2	7.8	2.5892713
84	protein2	137.05	6.3	2.58166655
84	protein3	117.8	6.2	2.43952385
84	rnapol	1.5	0.0	0.0
85	__protein1_rbs	3.95	0.0	0.0
85	__protein2_rbs	3.0	0.0	0.0
85	__protein3_rbs	3.5	0.0	0.0
85	__ribosome	49.4	0.0	0.0
85	__rnase_site_ext	8.3	0.0	0.0
85	p0	0.85	0.0	0.0
85	protein1	196.15	7.9	2.5347889
85	protein2	140.05	6.25	2.6447618500000005
85	protein3	120.6	6.2	2.5032539499999995
85	rnapol	1.35	0.0	0.0
86	__protein1_rbs	4.1	0.0	0.0
86	__protein2_rbs	3.35	0.0	0.0
86	__protein3_rbs	2.95	0.0	0.0
86	__ribosome	48.85	0.0	0.0
86	__rnase_site_ext	8.4	0.0	0.0
86	p0	0.85	0.0	0.0
86	protein1	199.95	8.2	2.4558584500000005
86	protein2	143.25	6.35	2.5140675000000003
86	protein3	123.3	6.3	2.5305159
86	rnapol	1.25	0.0	0.0
87	__protein1_rbs	4.6	0.0	0.0
87	__protein2_rbs	3.1	0.0	0.0
87	__protein3_rbs	2.75	0.0	0.0
87	__ribosome	47.95	0.0	0.0
87	__rnase_site_ext	8.55	0.0	0.0
87	p0	0.8	0.0	0.0
87	protein1	204.1	8.4	2.3490981
87	protein2	146.1	6.4	2.58253965
87	protein3	126.0	6.35	2.65079365
87	rnapol	1.2	0.0	0.0
88	__protein1_rbs	4.05	0.0	0.0
88	__protein2_rbs	2.9	0.0	0.0
88	__protein3_rbs	3.25	0.0	0.0
88	__ribosome	48.0	0.0	0.0
88	__rnase_site_ext	8.65	0.0	0.0
88	p0	0.65	0.0	0.0
88	protein1	207.7	8.45	2.4469570500000004
88	protein2	149.35	6.45	2.5355951999999995
88	protein3	129.45	6.4	2.48704365
88	rnapol	1.0	0.0	0.0
89	__protein1_rbs	4.4	0.0	0.0
89	__protein2_rbs	3.2	0.0	0.0
89	__protein3_rbs	3.0	0.0	0.0
89	__ribosome	47.8	0.0	0.0
89	__rnase_site_ext	8.85	0.0	0.0
89	p0	0.85	0.0	0.0
89	protein1	211.85	8.6	2.3952796000000003
89	protein2	152.7	6.5	2.48200395
89	protein3	132.6	6.45	2.4662698000000005
89	rnapol	1.05	0.0	0.0
90	__protein1_rbs	4.35	0.0	0.0
90	__protein2_rbs	3.25	0.0	0.0
90	__protein3_rbs	3.7	0.0	0.0
90	__ribosome	46.95	0.0	0.0
90	__rnase_site_ext	8.9	0.0	0.0
90	p0	0.85	0.0	0.0
90	protein1	215.3	8.75	2.4228806
90	protein2	155.7	6.5	2.51041665
90	protein3	135.2	6.4	2.50198405
90	rnapol	1.05	0.0	0.0
91	__protein1_rbs	4.45	0.0	0.0
91	__protein2_rbs	3.05	0.0	0.0
91	__protein3_rbs	3.25	0.0	0.0
91	__ribosome	47.35	0.0	0.0
91	__rnase_site_ext	8.85	0.0	0.0
91	p0	0.9	0.0	0.0
91	protein1	219.55	8.8	2.40163245
91	protein2	158.75	6.5	2.4941865
91	protein3	138.75	6.65	2.3712301
91	rnapol	1.05	0.0	0.0
92	__protein1_rbs	4.4	0.0	0.0
92	__protein2_rbs	3.3	0.0	0.0
92	__protein3_rbs	3.6	0.0	0.0
92	__ribosome	46.8	0.0	0.0
92	__rnase_site_ext	8.8	0.0	0.0
92	p0	1.0	0.0	0.0
92	protein1	223.6	8.9	2.37362055
92	protein2	161.7	6.55	2.5205357000000004
92	protein3	141.7	6.7	2.36240085
92	rnapol	1.2	0.0	0.0
93	__protein1_rbs	4.05	0.0	0.0
93	__protein2_rbs	3.15	0.0	0.0
93	__protein3_rbs	3.0	0.0	0.0
93	__ribosome	46.45	0.0	0.0
93	__rnase_site_ext	8.95	0.0	0.0
93	p0	0.8	0.0	0.0
93	protein1	227.85	8.8	2.42483375
93	protein2	165.05	6.55	2.5629562999999997
93	protein3	144.8	6.7	2.4163492000000004
93	rnapol	1.1	0.0	0.0
94	__protein1_rbs	4.05	0.0	0.0
94	__protein2_rbs	3.15	0.0	0.0
94	__protein3_rbs	3.25	0.0	0.0
94	__ribosome	45.75	0.0	0.0
94	__rnase_site_ext	8.85	0.0	0.0
94	p0	0.95	0.0	0.0
94	protein1	231.85	8.85	2.4861853500000004
94	protein2	168.25	6.7	2.5365079000000006
94	protein3	148.35	6.9	2.3099206000000003
94	rnapol	1.1	0.0	0.0
95	__protein1_rbs	4.1	0.0	0.0
95	__protein2_rbs	3.65	0.0	0.0
95	__protein3_rbs	3.5	0.0	0.0
95	__ribosome	44.85	0.0	0.0
95	__rnase_site_ext	8.85	0.0	0.0
95	p0	0.9	0.0	0.0
95	protein1	236.45	8.85	2.4729122
95	protein2	171.1	6.9	2.48099205
95	protein3	151.1	6.95	2.38071425
95	rnapol	1.15	0.0	0.0
96	__protein1_rbs	4.25	0.0	0.0
96	__protein2_rbs	4.0	0.0	0.0
96	__protein3_rbs	3.75	0.0	0.0
96	__ribosome	45.45	0.0	0.0
96	__rnase_site_ext	8.6	0.0	0.0
96	p0	0.95	0.0	0.0
96	protein1	240.65	8.75	2.487367400000001
96	protein2	174.55	7.0	2.3838888499999995
96	protein3	153.95	6.85	2.40712305
96	rnapol	1.35	0.0	0.0
97	__protein1_rbs	3.75	0.0	0.0
97	__protein2_rbs	4.15	0.0	0.0
97	__protein3_rbs	3.3	0.0	0.0
97	__ribosome	46.05	0.0	0.0
97	__rnase_site_ext	8.8	0.0	0.0
97	p0	0.85	0.0	0.0
97	protein1	244.6	8.75	2.5556682000000004
97	protein2	178.2	7.15	2.2172565
97	protein3	157.4	6.85	2.3730158999999995
97	rnapol	1.25	0.0	0.0
98	__protein1_rbs	4.35	0.0	0.0
98	__protein2_rbs	3.4	0.0	0.0
98	__protein3_rbs	3.15	0.0	0.0
98	__ribosome	45.35	0.0	0.0
98	__rnase_site_ext	8.8	0.0	0.0
98	p0	0.95	0.0	0.0
98	protein1	248.7	8.8	2.56064395
98	protein2	181.4	7.3	2.2604978
98	protein3	160.6	6.9	2.374127
98	rnapol	1.25	0.0	0.0
99	__protein1_rbs	4.15	0.0	0.0
99	__protein2_rbs	3.45	0.0	0.0
99	__protein3_rbs	3.95	0.0	0.0
99	__ribosome	46.05	0.0	0.0
99	__rnase_site_ext	8.85	0.0	0.0
99	p0	0.8	0.0	0.0
99	protein1	253.6	8.8	2.4664286
99	protein2	184.7	7.3	2.31974205
99	protein3	163.8	7.05	2.29321425
99	rnapol	1.3	0.0	0.0
100	__protein1_rbs	4.05	0.0	0.0
100	__protein2_rbs	4.0	0.0	0.0
100	__protein3_rbs	3.2	0.0	0.0
100	__ribosome	44.75	0.0	0.0
100	__rnase_site_ext	8.8	0.0	0.0
100	p0	0.95	0.0	0.0
100	protein1	257.85	8.85	2.46127345
100	protein2	187.6	7.4	2.3406746
100	protein3	166.95	7.05	2.39446425
100	rnapol	1.25	0.0	0.0
101	__protein1_rbs	4.8	0.0	0.0
101	__protein2_rbs	3.75	0.0	0.0
101	__protein3_rbs	4.2	0.0	0.0
101	__ribosome	45.0	0.0	0.0
101	__rnase_site_ext	8.9	0.0	0.0
101	p0	0.95	0.0	0.0
101	protein1	261.95	8.85	2.4670670500000003
101	protein2	191.15	7.45	2.33894845
101	protein3	170.35	7.1	2.32311505
101	rnapol	1.25	0.0	0.0
102	__protein1_rbs	4.75	0.0	0.0
102	__protein2_rbs	3.8	0.0	0.0
102	__protein3_rbs	3.6	0.0	0.0
102	__ribosome	44.0	0.0	0.0
102	__rnase_site_ext	8.85	0.0	0.0
102	p0	0.9	0.0	0.0
102	protein1	266.3	8.85	2.4333874
102	protein2	194.15	7.5	2.39593245
102	protein3	173.05	7.25	2.36424605
102	rnapol	1.15	0.0	0.0
103	__protein1_rbs	4.85	0.0	0.0
103	__protein2_rbs	4.15	0.0	0.0
103	__protein3_rbs	4.35	0.0	0.0
103	__ribosome	44.9	0.0	0.0
103	__rnase_site_ext	8.8	0.0	0.0
103	p0	0.95	0.0	0.0
103	protein1	270.4	8.8	2.38380945
103	protein2	197.55	7.6	2.373988
103	protein3	176.85	7.4	2.24811505
103	rnapol	1.2	0.0	0.0
104	__protein1_rbs	5.0	0.0	0.0
104	__protein2_rbs	4.05	0.0	0.0
104	__protein3_rbs	3.8	0.0	0.0
104	__ribosome	45.35	0.0	0.0
104	__rnase_site_ext	8.9	0.0	0.0
104	p0	0.85	0.0	0.0
104	protein1	274.4	8.85	2.3421752500000004
104	protein2	201.25	7.6	2.3173213500000003
104	protein3	180.1	7.55	2.22309525
104	rnapol	1.15	0.0	0.0
105	__protein1_rbs	4.15	0.0	0.0
105	__protein2_rbs	3.85	0.0	0.0
105	__protein3_rbs	3.55	0.0	0.0
105	__ribosome	44.5	0.0	0.0
105	__rnase_site_ext	9.0	0.0	0.0
105	p0	0.95	0.0	0.0
105	protein1	278.7	8.9	2.37538595
105	protein2	204.85	7.6	2.30382935
105	protein3	183.65	7.75	2.2193686500000003
105	rnapol	1.3	0.0	0.0
106	__protein1_rbs	4.55	0.0	0.0
106	__protein2_rbs	4.3	0.0	0.0
106	__protein3_rbs	4.35	0.0	0.0
106	__ribosome	44.05	0.0	0.0
106	__rnase_site_ext	9.1	0.0	0.0
106	p0	0.95	0.0	0.0
106	protein1	283.2	8.95	2.3233333499999995
106	protein2	208.0	7.7	2.29299605
106	protein3	186.35	7.85	2.2972655
106	rnapol	1.4	0.0	0.0
107	__protein1_rbs	5.4	0.0	0.0
107	__protein2_rbs	3.6	0.0	0.0
107	__protein3_rbs	3.6	0.0	0.0
107	__ribosome	44.1	0.0	0.0
107	__rnase_site_ext	9.0	0.0	0.0
107	p0	0.9	0.0	0.0
107	protein1	287.15	9.1	2.2411851
107	protein2	211.85	7.6	2.3549207
107	protein3	190.2	7.85	2.29071965
107	rnapol	1.55	0.0	0.0
108	__protein1_rbs	4.5	0.0	0.0
108	__protein2_rbs	3.9	0.0	0.0
108	__protein3_rbs	4.25	0.0	0.0
108	__ribosome	42.75	0.0	0.0
108	__rnase_site_ext	8.95	0.0	0.0
108	p0	0.85	0.0	0.0
108	protein1	290.85	9.05	2.337828350000001
108	protein2	215.5	7.7	2.3221825000000007
108	protein3	193.0	7.85	2.3845058000000003
108	rnapol	1.55	0.0	0.0
109	__protein1_rbs	5.0	0.0	0.0
109	__protein2_rbs	4.4	0.0	0.0
109	__protein3_rbs	3.95	0.0	0.0
109	__ribosome	43.25	0.0	0.0
109	__rnase_site_ext	8.9	0.0	0.0
109	p0	0.95	0.0	0.0
109	protein1	294.9	8.95	2.33314025
109	protein2	218.8	7.75	2.3290079500000003
109	protein3	196.9	7.8	2.3626137500000004
109	rnapol	1.65	0.0	0.0
110	__protein1_rbs	4.15	0.0	0.0
110	__protein2_rbs	3.95	0.0	0.0
110	__protein3_rbs	3.75	0.0	0.0
110	__ribosome	42.95	0.0	0.0
110	__rnase_site_ext	8.9	0.0	0.0
110	p0	0.95	0.0	0.0
110	protein1	298.95	8.95	2.4128534000000004
110	protein2	222.35	7.65	2.3810497500000003
110	protein3	201.05	7.85	2.2943001
110	rnapol	1.9	0.0	0.0
111	__protein1_rbs	4.6	0.0	0.0
111	__protein2_rbs	4.3	0.0	0.0
111	__protein3_rbs	4.15	0.0	0.0
111	__ribosome	43.2	0.0	0.0
111	__rnase_site_ext	9.0	0.0	0.0
111	p0	0.75	0.0	0.0
111	protein1	303.45	8.9	2.3492476999999994
111	protein2	225.75	7.65	2.340232750000001
111	protein3	203.7	7.85	2.3828986000000003
111	rnapol	1.8	0.0	0.0
112	__protein1_rbs	4.35	0.0	0.0
112	__protein2_rbs	3.8	0.0	0.0
112	__protein3_rbs	4.0	0.0	0.0
112	__ribosome	42.9	0.0	0.0
112	__rnase_site_ext	8.85	0.0	0.0
112	p0	0.95	0.0	0.0
112	protein1	306.95	8.9	2.4557179
112	protein2	229.6	7.7	2.2937212
112	protein3	207.75	7.9	2.27477805
112	rnapol	1.8	0.0	0.0
113	__protein1_rbs	4.55	0.0	0.0
113	__protein2_rbs	3.4	0.0	0.0
113	__protein3_rbs	4.05	0.0	0.0
113	__ribosome	42.3	0.0	0.0
113	__rnase_site_ext	8.8	0.0	0.0
113	p0	0.75	0.0	0.0
113	protein1	311.45	8.8	2.4676335
113	protein2	233.0	7.65	2.3929979
113	protein3	211.15	8.05	2.25729785
113	rnapol	1.7	0.0	0.0
114	__protein1_rbs	4.25	0.0	0.0
114	__protein2_rbs	4.0	0.0	0.0
114	__protein3_rbs	4.7	0.0	0.0
114	__ribosome	43.0	0.0	0.0
114	__rnase_site_ext	9.0	0.0	0.0
114	p0	0.7	0.0	0.0
114	protein1	315.6	8.85	2.4665079000000003
114	protein2	236.4	7.55	2.39948595
114	protein3	214.9	8.0	2.2224133500000005
114	rnapol	1.6	0.0	0.0
115	__protein1_rbs	4.45	0.0	0.0
115	__protein2_rbs	4.05	0.0	0.0
115	__protein3_rbs	4.7	0.0	0.0
115	__ribosome	43.1	0.0	0.0
115	__rnase_site_ext	9.15	0.0	0.0
115	p0	0.75	0.0	0.0
115	protein1	319.85	8.9	2.48073405
115	protein2	239.5	7.55	2.45069445
115	protein3	218.4	8.1	2.12904225
115	rnapol	1.4	0.0	0.0
116	__protein1_rbs	4.45	0.0	0.0
116	__protein2_rbs	4.0	0.0	0.0
116	__protein3_rbs	4.95	0.0	0.0
116	__ribosome	42.9	0.0	0.0
116	__rnase_site_ext	9.25	0.0	0.0
116	p0	0.85	0.0	0.0
116	protein1	324.0	9.15	2.4486399
116	protein2	243.05	7.6	2.41077375
116	protein3	222.05	8.25	2.0740963
116	rnapol	1.3	0.0	0.0
117	__protein1_rbs	5.4	0.0	0.0
117	__protein2_rbs	3.8	0.0	0.0
117	__protein3_rbs	4.05	0.0	0.0
117	__ribosome	43.7	0.0	0.0
117	__rnase_site_ext	9.15	0.0	0.0
117	p0	0.85	0.0	0.0
117	protein1	328.55	9.2	2.3518296000000003
117	protein2	247.3	7.65	2.3391269500000003
117	protein3	225.6	8.2	2.1828715
117	rnapol	1.35	0.0	0.0
118	__protein1_rbs	4.75	0.0	0.0
118	__protein2_rbs	3.7	0.0	0.0
118	__protein3_rbs	4.3	0.0	0.0
118	__ribosome	42.95	0.0	0.0
118	__rnase_site_ext	9.35	0.0	0.0
118	p0	0.95	0.0	0.0
118	protein1	332.65	9.25	2.3495779
118	protein2	250.8	7.5	2.42386895
118	protein3	229.0	8.35	2.194623
118	rnapol	1.45	0.0	0.0
119	__protein1_rbs	5.0	0.0	0.0
119	__protein2_rbs	4.3	0.0	0.0
119	__protein3_rbs	4.7	0.0	0.0
119	__ribosome	43.6	0.0	0.0
119	__rnase_site_ext	9.35	0.0	0.0
119	p0	0.8	0.0	0.0
119	protein1	337.05	9.3	2.2969444
119	protein2	254.25	7.5	2.36613095
119	protein3	232.35	8.35	2.16982145
119	rnapol	1.35	0.0	0.0
120	__protein1_rbs	4.65	0.0	0.0
120	__protein2_rbs	3.9	0.0	0.0
120	__protein3_rbs	3.9	0.0	0.0
120	__ribosome	41.7	0.0	0.0
120	__rnase_site_ext	9.35	0.0	0.0
120	p0	0.95	0.0	0.0
120	protein1	341.05	9.25	2.4123016
120	protein2	257.7	7.55	2.41554835
120	protein3	235.8	8.4	2.27041845
120	rnapol	1.6	0.0	0.0
121	__protein1_rbs	5.4	0.0	0.0
121	__protein2_rbs	4.0	0.0	0.0
121	__protein3_rbs	4.4	0.0	0.0
121	__ribosome	41.9	0.0	0.0
121	__rnase_site_ext	9.5	0.0	0.0
121	p0	0.75	0.0	0.0
121	protein1	345.85	9.35	2.2783765
121	protein2	260.95	7.65	2.4143217500000005
121	protein3	239.25	8.4	2.30915405
121	rnapol	1.5	0.0	0.0
122	__protein1_rbs	4.65	0.0	0.0
122	__protein2_rbs	4.05	0.0	0.0
122	__protein3_rbs	4.35	0.0	0.0
122	__ribosome	40.8	0.0	0.0
122	__rnase_site_ext	9.65	0.0	0.0
122	p0	0.75	0.0	0.0
122	protein1	349.8	9.35	2.3751766999999995
122	protein2	264.4	7.65	2.4013888999999997
122	protein3	242.9	8.35	2.3834181000000005
122	rnapol	1.4	0.0	0.0
123	__protein1_rbs	5.3	0.0	0.0
123	__protein2_rbs	4.05	0.0	0.0
123	__protein3_rbs	4.2	0.0	0.0
123	__ribosome	40.85	0.0	0.0
123	__rnase_site_ext	9.85	0.0	0.0
123	p0	0.85	0.0	0.0
123	protein1	353.9	9.55	2.3383531000000004
123	protein2	268.2	7.75	2.3095436
123	protein3	246.5	8.35	2.4106403500000004
123	rnapol	1.4	0.0	0.0
124	__protein1_rbs	5.3	0.0	0.0
124	__protein2_rbs	4.65	0.0	0.0
124	__protein3_rbs	4.45	0.0	0.0
124	__ribosome	40.5	0.0	0.0
124	__rnase_site_ext	10.05	0.0	0.0
124	p0	0.8	0.0	0.0
124	protein1	358.4	9.75	2.27132035
124	protein2	271.4	8.05	2.2400902
124	protein3	249.9	8.4	2.43776155
124	rnapol	1.25	0.0	0.0
125	__protein1_rbs	5.0	0.0	0.0
125	__protein2_rbs	3.5	0.0	0.0
125	__protein3_rbs	4.8	0.0	0.0
125	__ribosome	40.75	0.0	0.0
125	__rnase_site_ext	10.05	0.0	0.0
125	p0	0.9	0.0	0.0
125	protein1	362.95	9.9	2.2342123500000004
125	protein2	275.25	7.95	2.2655988999999996
125	protein3	254.05	8.35	2.3822708999999995
125	rnapol	1.15	0.0	0.0
126	__protein1_rbs	5.25	0.0	0.0
126	__protein2_rbs	4.1	0.0	0.0
126	__protein3_rbs	4.1	0.0	0.0
126	__ribosome	40.6	0.0	0.0
126	__rnase_site_ext	10.1	0.0	0.0
126	p0	0.9	0.0	0.0
126	protein1	367.25	10.0	2.24474205
126	protein2	278.4	8.0	2.28315655
126	protein3	258.5	8.25	2.37622115
126	rnapol	1.25	0.0	0.0
127	__protein1_rbs	5.15	0.0	0.0
127	__protein2_rbs	3.9	0.0	0.0
127	__protein3_rbs	4.7	0.0	0.0
127	__ribosome	40.15	0.0	0.0
127	__rnase_site_ext	10.1	0.0	0.0
127	p0	0.85	0.0	0.0
127	protein1	371.2	10.1	2.2687132
127	protein2	282.1	7.95	2.32469325
127	protein3	262.35	8.3	2.30284265
127	rnapol	1.25	0.0	0.0
128	__protein1_rbs	5.55	0.0	0.0
128	__protein2_rbs	4.3	0.0	0.0
128	__protein3_rbs	4.6	0.0	0.0
128	__ribosome	40.35	0.0	0.0
128	__rnase_site_ext	10.1	0.0	0.0
128	p0	0.95	0.0	0.0
128	protein1	375.75	10.05	2.24816305
128	protein2	285.3	8.0	2.33964645
128	protein3	266.4	8.25	2.31434165
128	rnapol	1.3	0.0	0.0
129	__protein1_rbs	5.65	0.0	0.0
129	__protein2_rbs	4.6	0.0	0.0
129	__protein3_rbs	4.3	0.0	0.0
129	__ribosome	40.25	0.0	0.0
129	__rnase_site_ext	10.05	0.0	0.0
129	p0	0.95	0.0	0.0
129	protein1	379.9	10.1	2.2730669999999997
129	protein2	288.9	7.9	2.3339087000000003
129	protein3	269.65	8.2	2.3671067000000003
129	rnapol	1.4	0.0	0.0
130	__protein1_rbs	5.4	0.0	0.0
130	__protein2_rbs	4.2	0.0	0.0
130	__protein3_rbs	4.2	0.0	0.0
130	__ribosome	41.05	0.0	0.0
130	__rnase_site_ext	9.9	0.0	0.0
130	p0	0.95	0.0	0.0
130	protein1	384.85	10.05	2.2367669999999995
130	protein2	292.45	7.9	2.34157105
130	protein3	273.85	8.15	2.344121499999999
130	rnapol	1.35	0.0	0.0
131	__protein1_rbs	5.5	0.0	0.0
131	__protein2_rbs	3.9	0.0	0.0
131	__protein3_rbs	4.1	0.0	0.0
131	__ribosome	41.5	0.0	0.0
131	__rnase_site_ext	9.95	0.0	0.0
131	p0	0.8	0.0	0.0
131	protein1	389.1	9.9	2.2485004500000003
131	protein2	296.6	8.0	2.2683315
131	protein3	277.75	8.45	2.30587305
131	rnapol	1.15	0.0	0.0
132	__protein1_rbs	4.85	0.0	0.0
132	__protein2_rbs	3.85	0.0	0.0
132	__protein3_rbs	3.7	0.0	0.0
132	__ribosome	39.65	0.0	0.0
132	__rnase_site_ext	10.15	0.0	0.0
132	p0	0.95	0.0	0.0
132	protein1	393.5	9.95	2.2864263999999994
132	protein2	300.1	8.15	2.2624621
132	protein3	281.1	8.5	2.37992065
132	rnapol	1.35	0.0	0.0
133	__protein1_rbs	5.45	0.0	0.0
133	__protein2_rbs	4.7	0.0	0.0
133	__protein3_rbs	4.6	0.0	0.0
133	__ribosome	40.15	0.0	0.0
133	__rnase_site_ext	10.15	0.0	0.0
133	p0	1.0	0.0	0.0
133	protein1	397.9	10.1	2.2744286
133	protein2	304.0	8.25	2.18697325
133	protein3	284.8	8.45	2.3454960500000004
133	rnapol	1.45	0.0	0.0
134	__protein1_rbs	5.0	0.0	0.0
134	__protein2_rbs	4.65	0.0	0.0
134	__protein3_rbs	4.35	0.0	0.0
134	__ribosome	38.5	0.0	0.0
134	__rnase_site_ext	10.25	0.0	0.0
134	p0	0.8	0.0	0.0
134	protein1	402.15	10.15	2.31006415
134	protein2	307.15	8.1	2.29537685
134	protein3	288.2	8.4	2.45701475
134	rnapol	1.3	0.0	0.0
135	__protein1_rbs	6.15	0.0	0.0
135	__protein2_rbs	4.7	0.0	0.0
135	__protein3_rbs	4.7	0.0	0.0
135	__ribosome	39.5	0.0	0.0
135	__rnase_site_ext	10.1	0.0	0.0
135	p0	0.8	0.0	0.0
135	protein1	406.45	10.15	2.2281834500000004
135	protein2	310.65	8.2	2.24531745
135	protein3	292.3	8.45	2.3757666
135	rnapol	1.15	0.0	0.0
136	__protein1_rbs	5.45	0.0	0.0
136	__protein2_rbs	4.75	0.0	0.0
136	__protein3_rbs	4.15	0.0	0.0
136	__ribosome	39.15	0.0	0.0
136	__rnase_site_ext	10.05	0.0	0.0
136	p0	0.85	0.0	0.0
136	protein1	410.85	10.15	2.2628508000000003
136	protein2	314.25	8.3	2.2180157999999994
136	protein3	296.35	8.55	2.39888165
136	rnapol	1.35	0.0	0.0
137	__protein1_rbs	5.45	0.0	0.0
137	__protein2_rbs	4.25	0.0	0.0
137	__protein3_rbs	4.75	0.0	0.0
137	__ribosome	40.15	0.0	0.0
137	__rnase_site_ext	10.0	0.0	0.0
137	p0	0.95	0.0	0.0
137	protein1	415.9	10.0	2.2729705000000004
137	protein2	318.3	8.25	2.19751985
137	protein3	300.2	8.6	2.35098295
137	rnapol	1.45	0.0	0.0
138	__protein1_rbs	5.4	0.0	0.0
138	__protein2_rbs	4.6	0.0	0.0
138	__protein3_rbs	4.45	0.0	0.0
138	__ribosome	40.15	0.0	0.0
138	__rnase_site_ext	10.05	0.0	0.0
138	p0	0.8	0.0	0.0
138	protein1	420.45	10.0	2.2920342000000007
138	protein2	322.0	8.15	2.18297615
138	protein3	304.05	8.7	2.3277633
138	rnapol	1.4	0.0	0.0
139	__protein1_rbs	5.35	0.0	0.0
139	__protein2_rbs	4.85	0.0	0.0
139	__protein3_rbs	4.6	0.0	0.0
139	__ribosome	41.0	0.0	0.0
139	__rnase_site_ext	10.0	0.0	0.0
139	p0	0.85	0.0	0.0
139	protein1	425.3	9.95	2.26072685
139	protein2	325.8	8.15	2.1092657999999997
139	protein3	308.25	9.05	2.2473808999999996
139	rnapol	1.45	0.0	0.0
140	__protein1_rbs	5.45	0.0	0.0
140	__protein2_rbs	3.95	0.0	0.0
140	__protein3_rbs	4.95	0.0	0.0
140	__ribosome	39.0	0.0	0.0
140	__rnase_site_ext	10.1	0.0	0.0
140	p0	0.85	0.0	0.0
140	protein1	428.95	10.1	2.31487005
140	protein2	329.15	8.15	2.2033134999999997
140	protein3	311.8	9.05	2.2894571
140	rnapol	1.3	0.0	0.0
141	__protein1_rbs	6.0	0.0	0.0
141	__protein2_rbs	4.85	0.0	0.0
141	__protein3_rbs	4.3	0.0	0.0
141	__ribosome	39.95	0.0	0.0
141	__rnase_site_ext	10.1	0.0	0.0
141	p0	0.85	0.0	0.0
141	protein1	433.5	10.15	2.2056438000000003
141	protein2	332.6	8.25	2.16351185
141	protein3	316.05	9.05	2.2924269
141	rnapol	1.4	0.0	0.0
142	__protein1_rbs	5.85	0.0	0.0
142	__protein2_rbs	4.1	0.0	0.0
142	__protein3_rbs	4.95	0.0	0.0
142	__ribosome	40.3	0.0	0.0
142	__rnase_site_ext	10.0	0.0	0.0
142	p0	0.9	0.0	0.0
142	protein1	438.35	10.1	2.1774821500000003
142	protein2	336.35	8.2	2.18593065
142	protein3	319.9	9.1	2.2759567
142	rnapol	1.45	0.0	0.0
143	__protein1_rbs	5.55	0.0	0.0
143	__protein2_rbs	4.65	0.0	0.0
143	__protein3_rbs	5.35	0.0	0.0
143	__ribosome	40.3	0.0	0.0
143	__rnase_site_ext	10.05	0.0	0.0
143	p0	0.95	0.0	0.0
143	protein1	442.95	10.1	2.1712499500000004
143	protein2	339.8	8.3	2.15308975
143	protein3	323.55	9.1	2.30566265
143	rnapol	1.55	0.0	0.0
144	__protein1_rbs	5.55	0.0	0.0
144	__protein2_rbs	4.6	0.0	0.0
144	__protein3_rbs	5.05	0.0	0.0
144	__ribosome	40.3	0.0	0.0
144	__rnase_site_ext	10.1	0.0	0.0
144	p0	0.9	0.0	0.0
144	protein1	447.05	10.15	2.1843717499999995
144	protein2	343.2	8.25	2.20515865
144	protein3	328.05	8.85	2.3238354
144	rnapol	1.75	0.0	0.0
145	__protein1_rbs	5.65	0.0	0.0
145	__protein2_rbs	4.5	0.0	0.0
145	__protein3_rbs	4.5	0.0	0.0
145	__ribosome	39.65	0.0	0.0
145	__rnase_site_ext	10.25	0.0	0.0
145	p0	0.75	0.0	0.0
145	protein1	451.1	10.05	2.19889955
145	protein2	346.7	8.3	2.2381746
145	protein3	332.0	8.9	2.32680025
145	rnapol	1.65	0.0	0.0
146	__protein1_rbs	5.05	0.0	0.0
146	__protein2_rbs	4.0	0.0	0.0
146	__protein3_rbs	5.0	0.0	0.0
146	__ribosome	39.7	0.0	0.0
146	__rnase_site_ext	10.45	0.0	0.0
146	p0	0.9	0.0	0.0
146	protein1	456.0	10.1	2.1706069500000007
146	protein2	350.0	8.25	2.3169842000000003
146	protein3	336.25	8.95	2.2549867000000003
146	rnapol	1.6	0.0	0.0
147	__protein1_rbs	5.55	0.0	0.0
147	__protein2_rbs	4.3	0.0	0.0
147	__protein3_rbs	4.6	0.0	0.0
147	__ribosome	39.35	0.0	0.0
147	__rnase_site_ext	10.35	0.0	0.0
147	p0	0.95	0.0	0.0
147	protein1	459.7	10.35	2.14297865
147	protein2	353.75	8.4	2.2488871500000007
147	protein3	340.35	8.8	2.31157095
147	rnapol	1.8	0.0	0.0
148	__protein1_rbs	5.2	0.0	0.0
148	__protein2_rbs	4.65	0.0	0.0
148	__protein3_rbs	4.7	0.0	0.0
148	__ribosome	38.6	0.0	0.0
148	__rnase_site_ext	10.4	0.0	0.0
148	p0	0.9	0.0	0.0
148	protein1	463.95	10.35	2.2112004
148	protein2	357.7	8.35	2.2680591000000003
148	protein3	344.2	8.8	2.35470535
148	rnapol	1.75	0.0	0.0
149	__protein1_rbs	5.55	0.0	0.0
149	__protein2_rbs	4.9	0.0	0.0
149	__protein3_rbs	4.3	0.0	0.0
149	__ribosome	38.75	0.0	0.0
149	__rnase_site_ext	10.5	0.0	0.0
149	p0	0.85	0.0	0.0
149	protein1	468.9	10.4	2.2054400499999995
149	protein2	361.7	8.5	2.17798335
149	protein3	348.2	8.6	2.4573015
149	rnapol	1.75	0.0	0.0
150	__protein1_rbs	5.4	0.0	0.0
150	__protein2_rbs	4.7	0.0	0.0
150	__protein3_rbs	4.9	0.0	0.0
150	__ribosome	37.3	0.0	0.0
150	__rnase_site_ext	10.65	0.0	0.0
150	p0	0.8	0.0	0.0
150	protein1	472.65	10.4	2.2916345000000002
150	protein2	364.95	8.65	2.20250905
150	protein3	352.1	8.75	2.40815475
150	rnapol	1.65	0.0	0.0
151	__protein1_rbs	6.15	0.0	0.0
151	__protein2_rbs	5.2	0.0	0.0
151	__protein3_rbs	5.25	0.0	0.0
151	__ribosome	38.7	0.0	0.0
151	__rnase_site_ext	10.75	0.0	0.0
151	p0	0.9	0.0	0.0
151	protein1	477.05	10.5	2.26963025
151	protein2	368.6	8.75	2.1383243
151	protein3	356.15	8.65	2.3431547000000004
151	rnapol	1.6	0.0	0.0
152	__protein1_rbs	4.95	0.0	0.0
152	__protein2_rbs	5.25	0.0	0.0
152	__protein3_rbs	4.8	0.0	0.0
152	__ribosome	39.0	0.0	0.0
152	__rnase_site_ext	10.6	0.0	0.0
152	p0	0.95	0.0	0.0
152	protein1	481.5	10.7	2.3100868
152	protein2	372.8	8.75	2.0235408
152	protein3	360.35	8.65	2.3138888
152	rnapol	1.6	0.0	0.0
153	__protein1_rbs	5.85	0.0	0.0
153	__protein2_rbs	4.3	0.0	0.0
153	__protein3_rbs	4.55	0.0	0.0
153	__ribosome	38.6	0.0	0.0
153	__rnase_site_ext	10.55	0.0	0.0
153	p0	0.9	0.0	0.0
153	protein1	486.25	10.6	2.31006825
153	protein2	376.3	8.6	2.1568235499999995
153	protein3	364.25	8.6	2.3220038999999995
153	rnapol	1.65	0.0	0.0
154	__protein1_rbs	6.25	0.0	0.0
154	__protein2_rbs	5.15	0.0	0.0
154	__protein3_rbs	4.45	0.0	0.0
154	__ribosome	40.95	0.0	0.0
154	__rnase_site_ext	10.55	0.0	0.0
154	p0	1.0	0.0	0.0
154	protein1	491.4	10.55	2.2369863000000003
154	protein2	380.35	8.55	2.0597132
154	protein3	368.95	8.65	2.20468255
154	rnapol	1.65	0.0	0.0
155	__protein1_rbs	5.8	0.0	0.0
155	__protein2_rbs	4.1	0.0	0.0
155	__protein3_rbs	5.05	0.0	0.0
155	__ribosome	39.2	0.0	0.0
155	__rnase_site_ext	10.55	0.0	0.0
155	p0	0.85	0.0	0.0
155	protein1	496.15	10.55	2.26084865
155	protein2	383.5	8.65	2.21510455
155	protein3	372.55	8.8	2.1802426
155	rnapol	1.55	0.0	0.0
156	__protein1_rbs	5.7	0.0	0.0
156	__protein2_rbs	4.85	0.0	0.0
156	__protein3_rbs	4.75	0.0	0.0
156	__ribosome	37.6	0.0	0.0
156	__rnase_site_ext	10.8	0.0	0.0
156	p0	0.75	0.0	0.0
156	protein1	499.85	10.65	2.33812705
156	protein2	386.8	8.7	2.26305555
156	protein3	376.1	9.0	2.1486433999999996
156	rnapol	1.45	0.0	0.0
157	__protein1_rbs	6.1	0.0	0.0
157	__protein2_rbs	4.55	0.0	0.0
157	__protein3_rbs	5.25	0.0	0.0
157	__ribosome	38.95	0.0	0.0
157	__rnase_site_ext	10.8	0.0	0.0
157	p0	0.9	0.0	0.0
157	protein1	505.45	10.65	2.2014322
157	protein2	390.55	8.65	2.3022709
157	protein3	379.85	9.0	2.13927205
157	rnapol	1.3	0.0	0.0
158	__protein1_rbs	6.6	0.0	0.0
158	__protein2_rbs	5.25	0.0	0.0
158	__protein3_rbs	4.9	0.0	0.0
158	__ribosome	40.4	0.0	0.0
158	__rnase_site_ext	10.9	0.0	0.0
158	p0	0.9	0.0	0.0
158	protein1	510.4	10.75	2.10811535
158	protein2	394.6	8.6	2.2315403500000004
158	protein3	383.8	9.1	2.1513649
158	rnapol	1.25	0.0	0.0
159	__protein1_rbs	5.85	0.0	0.0
159	__protein2_rbs	4.95	0.0	0.0
159	__protein3_rbs	4.3	0.0	0.0
159	__ribosome	38.75	0.0	0.0
159	__rnase_site_ext	10.75	0.0	0.0
159	p0	0.9	0.0	0.0
159	protein1	514.55	10.9	2.1340595
159	protein2	398.6	8.75	2.19533315
159	protein3	387.65	9.1	2.23373575
159	rnapol	1.15	0.0	0.0
160	__protein1_rbs	5.95	0.0	0.0
160	__protein2_rbs	5.0	0.0	0.0
160	__protein3_rbs	5.1	0.0	0.0
160	__ribosome	38.35	0.0	0.0
160	__rnase_site_ext	10.9	0.0	0.0
160	p0	0.9	0.0	0.0
160	protein1	518.85	10.75	2.19912945
160	protein2	402.5	8.85	2.1294206
160	protein3	391.35	9.1	2.2481086
160	rnapol	1.3	0.0	0.0
161	__protein1_rbs	5.4	0.0	0.0
161	__protein2_rbs	5.3	0.0	0.0
161	__protein3_rbs	4.6	0.0	0.0
161	__ribosome	37.95	0.0	0.0
161	__rnase_site_ext	10.9	0.0	0.0
161	p0	0.95	0.0	0.0
161	protein1	523.55	10.8	2.2064029
161	protein2	406.05	8.85	2.1380863500000005
161	protein3	395.7	9.15	2.23716225
161	rnapol	1.4	0.0	0.0
162	__protein1_rbs	5.9	0.0	0.0
162	__protein2_rbs	5.0	0.0	0.0
162	__protein3_rbs	5.7	0.0	0.0
162	__ribosome	37.65	0.0	0.0
162	__rnase_site_ext	11.0	0.0	0.0
162	p0	0.9	0.0	0.0
162	protein1	528.0	10.95	2.2014613
162	protein2	410.05	8.8	2.1366432
162	protein3	399.15	9.2	2.236810000000001
162	rnapol	1.45	0.0	0.0
163	__protein1_rbs	6.5	0.0	0.0
163	__protein2_rbs	4.65	0.0	0.0
163	__protein3_rbs	5.05	0.0	0.0
163	__ribosome	36.9	0.0	0.0
163	__rnase_site_ext	11.1	0.0	0.0
163	p0	0.9	0.0	0.0
163	protein1	532.55	11.0	2.1725394000000007
163	protein2	413.4	8.9	2.2129311
163	protein3	403.2	9.3	2.22225125
163	rnapol	1.45	0.0	0.0
164	__protein1_rbs	5.65	0.0	0.0
164	__protein2_rbs	4.6	0.0	0.0
164	__protein3_rbs	5.55	0.0	0.0
164	__ribosome	37.15	0.0	0.0
164	__rnase_site_ext	11.05	0.0	0.0
164	p0	0.85	0.0	0.0
164	protein1	537.6	11.15	2.1881384500000003
164	protein2	417.25	8.85	2.2662248
164	protein3	407.85	9.2	2.1282071
164	rnapol	1.3	0.0	0.0
165	__protein1_rbs	6.4	0.0	0.0
165	__protein2_rbs	5.0	0.0	0.0
165	__protein3_rbs	4.75	0.0	0.0
165	__ribosome	36.05	0.0	0.0
165	__rnase_site_ext	11.2	0.0	0.0
165	p0	0.8	0.0	0.0
165	protein1	541.9	11.05	2.2587072000000004
165	protein2	420.75	8.9	2.3088149499999995
165	protein3	411.45	9.25	2.1756241000000003
165	rnapol	1.15	0.0	0.0
166	__protein1_rbs	6.25	0.0	0.0
166	__protein2_rbs	5.7	0.0	0.0
166	__protein3_rbs	5.4	0.0	0.0
166	__ribosome	38.15	0.0	0.0
166	__rnase_site_ext	11.2	0.0	0.0
166	p0	0.9	0.0	0.0
166	protein1	547.0	11.15	2.1891316000000005
166	protein2	425.1	9.05	2.1553225
166	protein3	415.95	9.45	2.0452967
166	rnapol	1.15	0.0	0.0
167	__protein1_rbs	5.8	0.0	0.0
167	__protein2_rbs	5.8	0.0	0.0
167	__protein3_rbs	5.25	0.0	0.0
167	__ribosome	37.45	0.0	0.0
167	__rnase_site_ext	11.25	0.0	0.0
167	p0	0.9	0.0	0.0
167	protein1	551.95	11.25	2.2275362000000003
167	protein2	428.55	9.3	2.05147145
167	protein3	419.6	9.6	2.07273615
167	rnapol	1.2	0.0	0.0
168	__protein1_rbs	6.1	0.0	0.0
168	__protein2_rbs	5.05	0.0	0.0
168	__protein3_rbs	5.65	0.0	0.0
168	__ribosome	37.5	0.0	0.0
168	__rnase_site_ext	11.3	0.0	0.0
168	p0	0.9	0.0	0.0
168	protein1	556.6	11.25	2.25732715
168	protein2	432.85	9.35	2.0146328
168	protein3	423.4	9.45	2.0953654000000004
168	rnapol	1.3	0.0	0.0
169	__protein1_rbs	6.25	0.0	0.0
169	__protein2_rbs	4.45	0.0	0.0
169	__protein3_rbs	5.35	0.0	0.0
169	__ribosome	37.15	0.0	0.0
169	__rnase_site_ext	11.25	0.0	0.0
169	p0	0.85	0.0	0.0
169	protein1	562.0	11.25	2.2016319500000003
169	protein2	437.1	9.2	2.12596545
169	protein3	427.2	9.45	2.15707
169	rnapol	1.3	0.0	0.0
170	__protein1_rbs	6.4	0.0	0.0
170	__protein2_rbs	5.55	0.0	0.0
170	__protein3_rbs	5.5	0.0	0.0
170	__ribosome	36.9	0.0	0.0
170	__rnase_site_ext	11.3	0.0	0.0
170	p0	0.85	0.0	0.0
170	protein1	566.4	11.25	2.2507694500000004
170	protein2	440.9	9.35	2.0456090000000002
170	protein3	431.0	9.45	2.17436485
170	rnapol	1.25	0.0	0.0
171	__protein1_rbs	6.55	0.0	0.0
171	__protein2_rbs	5.45	0.0	0.0
171	__protein3_rbs	4.9	0.0	0.0
171	__ribosome	36.25	0.0	0.0
171	__rnase_site_ext	11.3	0.0	0.0
171	p0	0.9	0.0	0.0
171	protein1	571.2	11.3	2.2425835499999995
171	protein2	444.25	9.35	2.09120155
171	protein3	434.95	9.4	2.2231827999999996
171	rnapol	1.3	0.0	0.0
172	__protein1_rbs	6.75	0.0	0.0
172	__protein2_rbs	5.4	0.0	0.0
172	__protein3_rbs	5.35	0.0	0.0
172	__ribosome	36.9	0.0	0.0
172	__rnase_site_ext	11.4	0.0	0.0
172	p0	0.85	0.0	0.0
172	protein1	576.6	11.3	2.17017165
172	protein2	447.35	9.25	2.1904137500000003
172	protein3	438.85	9.45	2.1887209000000003
172	rnapol	1.4	0.0	0.0
173	__protein1_rbs	6.55	0.0	0.0
173	__protein2_rbs	5.4	0.0	0.0
173	__protein3_rbs	5.5	0.0	0.0
173	__ribosome	37.75	0.0	0.0
173	__rnase_site_ext	11.4	0.0	0.0
173	p0	0.9	0.0	0.0
173	protein1	581.55	11.4	2.1033383000000003
173	protein2	451.5	9.4	2.1190413500000003
173	protein3	442.95	9.5	2.1117259499999994
173	rnapol	1.35	0.0	0.0
174	__protein1_rbs	5.9	0.0	0.0
174	__protein2_rbs	5.5	0.0	0.0
174	__protein3_rbs	5.1	0.0	0.0
174	__ribosome	37.05	0.0	0.0
174	__rnase_site_ext	11.4	0.0	0.0
174	p0	1.0	0.0	0.0
174	protein1	586.8	11.35	2.13843175
174	protein2	455.55	9.5	2.0802817
174	protein3	446.55	9.6	2.1405417999999994
174	rnapol	1.4	0.0	0.0
175	__protein1_rbs	6.9	0.0	0.0
175	__protein2_rbs	5.3	0.0	0.0
175	__protein3_rbs	5.65	0.0	0.0
175	__ribosome	37.55	0.0	0.0
175	__rnase_site_ext	11.45	0.0	0.0
175	p0	0.85	0.0	0.0
175	protein1	591.5	11.45	2.0567692
175	protein2	459.35	9.5	2.1143464
175	protein3	450.75	9.7	2.0864762
175	rnapol	1.3	0.0	0.0
176	__protein1_rbs	6.8	0.0	0.0
176	__protein2_rbs	4.95	0.0	0.0
176	__protein3_rbs	4.9	0.0	0.0
176	__ribosome	36.85	0.0	0.0
176	__rnase_site_ext	11.5	0.0	0.0
176	p0	0.95	0.0	0.0
176	protein1	596.25	11.45	2.03993825
176	protein2	463.35	9.5	2.1693533
176	protein3	454.6	9.7	2.1337502999999995
176	rnapol	1.35	0.0	0.0
177	__protein1_rbs	6.25	0.0	0.0
177	__protein2_rbs	5.8	0.0	0.0
177	__protein3_rbs	5.85	0.0	0.0
177	__ribosome	36.2	0.0	0.0
177	__rnase_site_ext	11.3	0.0	0.0
177	p0	0.9	0.0	0.0
177	protein1	600.5	11.45	2.0970669
177	protein2	467.5	9.55	2.1112165500000004
177	protein3	458.25	9.8	2.16402615
177	rnapol	1.35	0.0	0.0
178	__protein1_rbs	6.85	0.0	0.0
178	__protein2_rbs	5.8	0.0	0.0
178	__protein3_rbs	5.3	0.0	0.0
178	__ribosome	36.25	0.0	0.0
178	__rnase_site_ext	11.15	0.0	0.0
178	p0	0.95	0.0	0.0
178	protein1	605.1	11.35	2.1034435
178	protein2	471.0	9.5	2.16976035
178	protein3	462.7	9.8	2.1296574500000003
178	rnapol	1.65	0.0	0.0
179	__protein1_rbs	6.35	0.0	0.0
179	__protein2_rbs	5.35	0.0	0.0
179	__protein3_rbs	6.1	0.0	0.0
179	__ribosome	36.4	0.0	0.0
179	__rnase_site_ext	11.3	0.0	0.0
179	p0	0.7	0.0	0.0
179	protein1	609.65	11.2	2.1787691000000002
179	protein2	475.25	9.55	2.1252695500000005
179	protein3	466.8	9.75	2.1148987500000005
179	rnapol	1.45	0.0	0.0
180	__protein1_rbs	6.05	0.0	0.0
180	__protein2_rbs	5.65	0.0	0.0
180	__protein3_rbs	6.1	0.0	0.0
180	__ribosome	36.85	0.0	0.0
180	__rnase_site_ext	11.5	0.0	0.0
180	p0	0.75	0.0	0.0
180	protein1	614.9	11.2	2.1346190000000003
180	protein2	479.25	9.55	2.1013132999999997
180	protein3	470.5	9.85	2.07969725
180	rnapol	1.35	0.0	0.0
181	__protein1_rbs	6.5	0.0	0.0
181	__protein2_rbs	5.5	0.0	0.0
181	__protein3_rbs	5.45	0.0	0.0
181	__ribosome	36.65	0.0	0.0
181	__rnase_site_ext	11.7	0.0	0.0
181	p0	0.8	0.0	0.0
181	protein1	619.05	11.5	2.14008905
181	protein2	483.25	9.7	2.08246585
181	protein3	475.15	9.95	2.0030879
181	rnapol	1.2	0.0	0.0
182	__protein1_rbs	6.2	0.0	0.0
182	__protein2_rbs	6.45	0.0	0.0
182	__protein3_rbs	5.2	0.0	0.0
182	__ribosome	36.15	0.0	0.0
182	__rnase_site_ext	11.65	0.0	0.0
182	p0	0.8	0.0	0.0
182	protein1	624.2	11.65	2.118025
182	protein2	487.15	9.7	2.02827575
182	protein3	479.25	10.0	2.0826321000000005
182	rnapol	1.2	0.0	0.0
183	__protein1_rbs	6.95	0.0	0.0
183	__protein2_rbs	5.4	0.0	0.0
183	__protein3_rbs	5.6	0.0	0.0
183	__ribosome	35.25	0.0	0.0
183	__rnase_site_ext	11.65	0.0	0.0
183	p0	1.0	0.0	0.0
183	protein1	628.5	11.6	2.14734455
183	protein2	491.0	9.85	2.07448235
183	protein3	483.15	10.15	2.0724359
183	rnapol	1.3	0.0	0.0
184	__protein1_rbs	6.85	0.0	0.0
184	__protein2_rbs	5.45	0.0	0.0
184	__protein3_rbs	6.0	0.0	0.0
184	__ribosome	35.9	0.0	0.0
184	__rnase_site_ext	11.65	0.0	0.0
184	p0	0.75	0.0	0.0
184	protein1	633.4	11.7	2.09944195
184	protein2	495.2	9.8	2.062757
184	protein3	487.1	10.0	2.0546785
184	rnapol	1.05	0.0	0.0
185	__protein1_rbs	7.3	0.0	0.0
185	__protein2_rbs	6.05	0.0	0.0
185	__protein3_rbs	5.7	0.0	0.0
185	__ribosome	36.55	0.0	0.0
185	__rnase_site_ext	11.85	0.0	0.0
185	p0	0.75	0.0	0.0
185	protein1	638.05	11.6	2.07512735
185	protein2	499.35	9.8	1.97517095
185	protein3	491.1	10.1	2.09904925
185	rnapol	1.0	0.0	0.0
186	__protein1_rbs	7.1	0.0	0.0
186	__protein2_rbs	5.25	0.0	0.0
186	__protein3_rbs	5.25	0.0	0.0
186	__ribosome	35.6	0.0	0.0
186	__rnase_site_ext	11.75	0.0	0.0
186	p0	1.0	0.0	0.0
186	protein1	643.35	11.75	1.9880696000000004
186	protein2	502.85	9.75	2.11484015
186	protein3	495.1	10.0	2.1923726999999995
186	rnapol	1.25	0.0	0.0
187	__protein1_rbs	6.85	0.0	0.0
187	__protein2_rbs	5.35	0.0	0.0
187	__protein3_rbs	5.7	0.0	0.0
187	__ribosome	36.15	0.0	0.0
187	__rnase_site_ext	11.6	0.0	0.0
187	p0	0.95	0.0	0.0
187	protein1	648.6	11.8	1.9228699
187	protein2	506.65	9.9	2.1290430500000004
187	protein3	499.95	10.1	2.1030156000000004
187	rnapol	1.35	0.0	0.0
188	__protein1_rbs	7.2	0.0	0.0
188	__protein2_rbs	5.65	0.0	0.0
188	__protein3_rbs	5.95	0.0	0.0
188	__ribosome	35.75	0.0	0.0
188	__rnase_site_ext	11.55	0.0	0.0
188	p0	0.95	0.0	0.0
188	protein1	652.8	11.55	1.99999795
188	protein2	510.85	10.0	2.1385878500000004
188	protein3	503.9	10.1	2.1023792500000003
188	rnapol	1.5	0.0	0.0
189	__protein1_rbs	6.9	0.0	0.0
189	__protein2_rbs	5.85	0.0	0.0
189	__protein3_rbs	6.05	0.0	0.0
189	__ribosome	35.75	0.0	0.0
189	__rnase_site_ext	11.6	0.0	0.0
189	p0	0.9	0.0	0.0
189	protein1	657.3	11.55	1.9749476500000005
189	protein2	514.75	10.0	2.1281653000000005
189	protein3	508.0	10.3	2.0845778500000005
189	rnapol	1.45	0.0	0.0
190	__protein1_rbs	6.8	0.0	0.0
190	__protein2_rbs	5.5	0.0	0.0
190	__protein3_rbs	6.1	0.0	0.0
190	__ribosome	35.3	0.0	0.0
190	__rnase_site_ext	11.7	0.0	0.0
190	p0	0.9	0.0	0.0
190	protein1	661.75	11.55	1.9777744
190	protein2	519.0	10.2	2.0693885
190	protein3	511.95	10.4	2.08284635
190	rnapol	1.4	0.0	0.0
191	__protein1_rbs	6.4	0.0	0.0
191	__protein2_rbs	5.75	0.0	0.0
191	__protein3_rbs	5.85	0.0	0.0
191	__ribosome	35.2	0.0	0.0
191	__rnase_site_ext	11.5	0.0	0.0
191	p0	0.9	0.0	0.0
191	protein1	666.95	11.7	1.96047525
191	protein2	523.25	10.25	2.06853555
191	protein3	516.45	10.4	2.06659635
191	rnapol	1.5	0.0	0.0
192	__protein1_rbs	6.95	0.0	0.0
192	__protein2_rbs	5.55	0.0	0.0
192	__protein3_rbs	6.05	0.0	0.0
192	__ribosome	35.25	0.0	0.0
192	__rnase_site_ext	11.6	0.0	0.0
192	p0	0.9	0.0	0.0
192	protein1	671.65	11.55	2.0031067000000005
192	protein2	527.4	10.3	2.0770604
192	protein3	520.95	10.4	2.0333822
192	rnapol	1.6	0.0	0.0
193	__protein1_rbs	7.15	0.0	0.0
193	__protein2_rbs	5.95	0.0	0.0
193	__protein3_rbs	6.45	0.0	0.0
193	__ribosome	34.3	0.0	0.0
193	__rnase_site_ext	11.85	0.0	0.0
193	p0	0.9	0.0	0.0
193	protein1	675.55	11.6	2.0509223999999997
193	protein2	531.7	10.25	2.0929293
193	protein3	524.35	10.3	2.10483405
193	rnapol	1.5	0.0	0.0
194	__protein1_rbs	6.85	0.0	0.0
194	__protein2_rbs	5.95	0.0	0.0
194	__protein3_rbs	6.45	0.0	0.0
194	__ribosome	34.9	0.0	0.0
194	__rnase_site_ext	11.9	0.0	0.0
194	p0	0.9	0.0	0.0
194	protein1	680.45	11.85	1.99146225
194	protein2	535.6	10.15	2.1399142
194	protein3	529.1	10.25	2.03787345
194	rnapol	1.5	0.0	0.0
195	__protein1_rbs	6.85	0.0	0.0
195	__protein2_rbs	5.3	0.0	0.0
195	__protein3_rbs	6.9	0.0	0.0
195	__ribosome	35.3	0.0	0.0
195	__rnase_site_ext	11.95	0.0	0.0
195	p0	0.85	0.0	0.0
195	protein1	685.65	11.85	1.95564055
195	protein2	539.5	10.25	2.1691154500000005
195	protein3	533.4	10.45	1.9413835999999995
195	rnapol	1.4	0.0	0.0
196	__protein1_rbs	7.2	0.0	0.0
196	__protein2_rbs	5.95	0.0	0.0
196	__protein3_rbs	5.95	0.0	0.0
196	__ribosome	35.5	0.0	0.0
196	__rnase_site_ext	12.25	0.0	0.0
196	p0	0.8	0.0	0.0
196	protein1	690.3	11.9	1.961576
196	protein2	543.95	10.2	2.1215520500000005
196	protein3	537.9	10.45	1.9605932000000001
196	rnapol	1.3	0.0	0.0
197	__protein1_rbs	7.1	0.0	0.0
197	__protein2_rbs	5.4	0.0	0.0
197	__protein3_rbs	5.8	0.0	0.0
197	__ribosome	35.1	0.0	0.0
197	__rnase_site_ext	12.1	0.0	0.0
197	p0	1.0	0.0	0.0
197	protein1	694.8	12.05	1.9738411500000008
197	protein2	548.75	10.15	2.11541495
197	protein3	542.05	10.6	1.9380882500000003
197	rnapol	1.35	0.0	0.0
198	__protein1_rbs	7.25	0.0	0.0
198	__protein2_rbs	5.7	0.0	0.0
198	__protein3_rbs	6.05	0.0	0.0
198	__ribosome	33.95	0.0	0.0
198	__rnase_site_ext	12.05	0.0	0.0
198	p0	1.0	0.0	0.0
198	protein1	698.75	12.15	2.0148237
198	protein2	553.05	10.1	2.1482707000000003
198	protein3	546.05	10.7	1.96387525
198	rnapol	1.35	0.0	0.0
199	__protein1_rbs	6.6	0.0	0.0
199	__protein2_rbs	5.95	0.0	0.0
199	__protein3_rbs	6.35	0.0	0.0
199	__ribosome	33.55	0.0	0.0
199	__rnase_site_ext	11.8	0.0	0.0
199	p0	0.95	0.0	0.0
199	protein1	704.05	12.0	2.03998785
199	protein2	557.35	10.05	2.126648
199	protein3	549.7	10.75	2.031102
199	rnapol	1.35	0.0	0.0
200	__protein1_rbs	7.05	0.0	0.0
200	__protein2_rbs	6.2	0.0	0.0
200	__protein3_rbs	6.25	0.0	0.0
200	__ribosome	33.65	0.0	0.0
200	__rnase_site_ext	11.85	0.0	0.0
200	p0	0.95	0.0	0.0
200	protein1	708.7	11.85	2.0796533999999998
200	protein2	561.65	10.05	2.0869476000000002
200	protein3	553.9	10.75	2.057480050000001
200	rnapol	1.65	0.0	0.0
201	__protein1_rbs	7.45	0.0	0.0
201	__protein2_rbs	5.55	0.0	0.0
201	__protein3_rbs	6.25	0.0	0.0
201	__ribosome	33.3	0.0	0.0
201	__rnase_site_ext	11.95	0.0	0.0
201	p0	0.9	0.0	0.0
201	protein1	713.75	11.8	2.0289744
201	protein2	565.65	10.1	2.1605298
201	protein3	557.95	10.85	2.10792285
201	rnapol	1.5	0.0	0.0
202	__protein1_rbs	7.1	0.0	0.0
202	__protein2_rbs	6.35	0.0	0.0
202	__protein3_rbs	6.2	0.0	0.0
202	__ribosome	33.45	0.0	0.0
202	__rnase_site_ext	11.75	0.0	0.0
202	p0	0.85	0.0	0.0
202	protein1	718.35	11.9	2.0307214
202	protein2	569.85	10.2	2.0691867
202	protein3	562.55	11.0	2.0587361
202	rnapol	1.7	0.0	0.0
203	__protein1_rbs	6.5	0.0	0.0
203	__protein2_rbs	5.9	0.0	0.0
203	__protein3_rbs	6.45	0.0	0.0
203	__ribosome	33.35	0.0	0.0
203	__rnase_site_ext	11.85	0.0	0.0
203	p0	0.9	0.0	0.0
203	protein1	723.3	11.8	2.0872328500000004
203	protein2	574.55	10.25	2.0108023999999998
203	protein3	566.75	11.0	2.0790126000000004
203	rnapol	1.75	0.0	0.0
204	__protein1_rbs	6.9	0.0	0.0
204	__protein2_rbs	6.1	0.0	0.0
204	__protein3_rbs	5.55	0.0	0.0
204	__ribosome	33.55	0.0	0.0
204	__rnase_site_ext	11.8	0.0	0.0
204	p0	0.85	0.0	0.0
204	protein1	728.45	11.8	2.0250702
204	protein2	578.6	10.15	2.00020075
204	protein3	571.3	10.9	2.14624625
204	rnapol	1.7	0.0	0.0
205	__protein1_rbs	6.75	0.0	0.0
205	__protein2_rbs	6.3	0.0	0.0
205	__protein3_rbs	5.85	0.0	0.0
205	__ribosome	33.65	0.0	0.0
205	__rnase_site_ext	11.95	0.0	0.0
205	p0	0.8	0.0	0.0
205	protein1	733.2	11.8	2.0110808000000002
205	protein2	582.45	10.45	1.96055465
205	protein3	576.1	10.85	2.1604349000000007
205	rnapol	1.55	0.0	0.0
206	__protein1_rbs	7.2	0.0	0.0
206	__protein2_rbs	6.65	0.0	0.0
206	__protein3_rbs	5.85	0.0	0.0
206	__ribosome	33.05	0.0	0.0
206	__rnase_site_ext	12.05	0.0	0.0
206	p0	0.85	0.0	0.0
206	protein1	737.7	11.95	2.0208946999999995
206	protein2	586.75	10.55	1.91094985
206	protein3	580.35	10.9	2.1770557500000005
206	rnapol	1.65	0.0	0.0
207	__protein1_rbs	7.1	0.0	0.0
207	__protein2_rbs	5.3	0.0	0.0
207	__protein3_rbs	6.15	0.0	0.0
207	__ribosome	31.25	0.0	0.0
207	__rnase_site_ext	12.1	0.0	0.0
207	p0	0.9	0.0	0.0
207	protein1	742.05	12.05	2.0652240500000003
207	protein2	591.05	10.5	1.99964925
207	protein3	584.65	10.95	2.1905414500000004
207	rnapol	1.7	0.0	0.0
208	__protein1_rbs	6.75	0.0	0.0
208	__protein2_rbs	6.7	0.0	0.0
208	__protein3_rbs	6.6	0.0	0.0
208	__ribosome	31.95	0.0	0.0
208	__rnase_site_ext	12.15	0.0	0.0
208	p0	0.95	0.0	0.0
208	protein1	747.55	12.05	2.02222135
208	protein2	594.7	10.45	2.03212965
208	protein3	588.95	10.85	2.19982735
208	rnapol	1.65	0.0	0.0
209	__protein1_rbs	7.75	0.0	0.0
209	__protein2_rbs	6.6	0.0	0.0
209	__protein3_rbs	6.1	0.0	0.0
209	__ribosome	33.65	0.0	0.0
209	__rnase_site_ext	12.0	0.0	0.0
209	p0	0.95	0.0	0.0
209	protein1	752.15	12.25	1.97547305
209	protein2	598.9	10.4	1.99246875
209	protein3	593.95	10.8	2.1296172
209	rnapol	1.65	0.0	0.0
210	__protein1_rbs	6.9	0.0	0.0
210	__protein2_rbs	5.8	0.0	0.0
210	__protein3_rbs	6.75	0.0	0.0
210	__ribosome	34.1	0.0	0.0
210	__rnase_site_ext	12.1	0.0	0.0
210	p0	0.8	0.0	0.0
210	protein1	756.95	12.0	2.0597490999999994
210	protein2	603.15	10.5	2.01632145
210	protein3	598.9	10.9	1.9760456000000004
210	rnapol	1.45	0.0	0.0
211	__protein1_rbs	6.6	0.0	0.0
211	__protein2_rbs	6.6	0.0	0.0
211	__protein3_rbs	6.15	0.0	0.0
211	__ribosome	33.95	0.0	0.0
211	__rnase_site_ext	12.25	0.0	0.0
211	p0	0.85	0.0	0.0
211	protein1	762.0	12.05	2.06053795
211	protein2	607.1	10.65	1.98185915
211	protein3	603.65	10.8	1.9981302
211	rnapol	1.5	0.0	0.0
212	__protein1_rbs	7.85	0.0	0.0
212	__protein2_rbs	6.75	0.0	0.0
212	__protein3_rbs	6.25	0.0	0.0
212	__ribosome	34.85	0.0	0.0
212	__rnase_site_ext	12.35	0.0	0.0
212	p0	0.9	0.0	0.0
212	protein1	766.15	12.15	2.0609851000000003
212	protein2	612.1	10.6	1.87456355
212	protein3	608.25	10.95	1.9590738999999997
212	rnapol	1.55	0.0	0.0
213	__protein1_rbs	7.25	0.0	0.0
213	__protein2_rbs	6.0	0.0	0.0
213	__protein3_rbs	6.3	0.0	0.0
213	__ribosome	33.55	0.0	0.0
213	__rnase_site_ext	12.3	0.0	0.0
213	p0	0.9	0.0	0.0
213	protein1	771.6	12.35	1.9924394
213	protein2	615.65	10.55	1.9628134
213	protein3	612.25	11.2	1.9896717000000002
213	rnapol	1.55	0.0	0.0
214	__protein1_rbs	7.35	0.0	0.0
214	__protein2_rbs	6.25	0.0	0.0
214	__protein3_rbs	6.4	0.0	0.0
214	__ribosome	33.0	0.0	0.0
214	__rnase_site_ext	12.25	0.0	0.0
214	p0	0.95	0.0	0.0
214	protein1	776.55	12.25	1.99351525
214	protein2	619.35	10.5	2.028268
214	protein3	616.5	11.0	2.04901415
214	rnapol	1.55	0.0	0.0
215	__protein1_rbs	6.65	0.0	0.0
215	__protein2_rbs	6.2	0.0	0.0
215	__protein3_rbs	5.75	0.0	0.0
215	__ribosome	32.85	0.0	0.0
215	__rnase_site_ext	12.3	0.0	0.0
215	p0	0.85	0.0	0.0
215	protein1	781.7	12.25	2.0316746
215	protein2	624.2	10.6	1.94158455
215	protein3	620.8	10.95	2.12373255
215	rnapol	1.5	0.0	0.0
216	__protein1_rbs	7.75	0.0	0.0
216	__protein2_rbs	5.7	0.0	0.0
216	__protein3_rbs	6.35	0.0	0.0
216	__ribosome	32.3	0.0	0.0
216	__rnase_site_ext	12.25	0.0	0.0
216	p0	0.9	0.0	0.0
216	protein1	786.7	12.35	1.97253565
216	protein2	627.8	10.55	2.07605635
216	protein3	625.4	10.85	2.1195659
216	rnapol	1.5	0.0	0.0
217	__protein1_rbs	6.6	0.0	0.0
217	__protein2_rbs	6.65	0.0	0.0
217	__protein3_rbs	6.4	0.0	0.0
217	__ribosome	31.15	0.0	0.0
217	__rnase_site_ext	12.45	0.0	0.0
217	p0	0.65	0.0	0.0
217	protein1	790.8	12.25	2.11160955
217	protein2	632.15	10.5	2.0389812
217	protein3	629.7	10.95	2.1292114
217	rnapol	1.4	0.0	0.0
218	__protein1_rbs	7.25	0.0	0.0
218	__protein2_rbs	6.75	0.0	0.0
218	__protein3_rbs	6.45	0.0	0.0
218	__ribosome	32.3	0.0	0.0
218	__rnase_site_ext	12.5	0.0	0.0
218	p0	0.95	0.0	0.0
218	protein1	796.05	12.2	2.0592607500000004
218	protein2	635.8	10.5	2.0489733999999995
218	protein3	634.6	11.0	2.0609168500000004
218	rnapol	1.55	0.0	0.0
219	__protein1_rbs	7.45	0.0	0.0
219	__protein2_rbs	5.9	0.0	0.0
219	__protein3_rbs	6.65	0.0	0.0
219	__ribosome	32.0	0.0	0.0
219	__rnase_site_ext	12.35	0.0	0.0
219	p0	0.95	0.0	0.0
219	protein1	800.95	12.55	2.0364302000000003
219	protein2	640.5	10.4	2.0733501
219	protein3	638.7	11.05	2.0827792
219	rnapol	1.5	0.0	0.0
220	__protein1_rbs	7.45	0.0	0.0
220	__protein2_rbs	6.7	0.0	0.0
220	__protein3_rbs	6.35	0.0	0.0
220	__ribosome	32.85	0.0	0.0
220	__rnase_site_ext	12.3	0.0	0.0
220	p0	0.95	0.0	0.0
220	protein1	806.0	12.4	2.0316846
220	protein2	644.8	10.55	1.98806445
220	protein3	643.65	11.05	2.05021375
220	rnapol	1.5	0.0	0.0
221	__protein1_rbs	6.7	0.0	0.0
221	__protein2_rbs	7.2	0.0	0.0
221	__protein3_rbs	6.6	0.0	0.0
221	__ribosome	33.3	0.0	0.0
221	__rnase_site_ext	12.1	0.0	0.0
221	p0	0.9	0.0	0.0
221	protein1	810.5	12.25	2.1164137500000004
221	protein2	649.45	10.7	1.87182485
221	protein3	648.65	11.1	1.99744215
221	rnapol	1.45	0.0	0.0
222	__protein1_rbs	7.55	0.0	0.0
222	__protein2_rbs	6.35	0.0	0.0
222	__protein3_rbs	6.0	0.0	0.0
222	__ribosome	32.95	0.0	0.0
222	__rnase_site_ext	12.15	0.0	0.0
222	p0	0.9	0.0	0.0
222	protein1	815.8	12.15	2.09764905
222	protein2	653.3	10.65	1.8782546999999998
222	protein3	652.7	11.15	2.0472243000000003
222	rnapol	1.45	0.0	0.0
223	__protein1_rbs	7.65	0.0	0.0
223	__protein2_rbs	6.25	0.0	0.0
223	__protein3_rbs	5.7	0.0	0.0
223	__ribosome	33.0	0.0	0.0
223	__rnase_site_ext	12.05	0.0	0.0
223	p0	0.85	0.0	0.0
223	protein1	820.9	12.1	2.01995305
223	protein2	657.2	10.6	1.931793
223	protein3	657.4	11.15	2.0965551499999995
223	rnapol	1.7	0.0	0.0
224	__protein1_rbs	7.1	0.0	0.0
224	__protein2_rbs	6.55	0.0	0.0
224	__protein3_rbs	6.85	0.0	0.0
224	__ribosome	34.1	0.0	0.0
224	__rnase_site_ext	12.25	0.0	0.0
224	p0	0.75	0.0	0.0
224	protein1	825.8	12.05	2.0428667000000003
224	protein2	661.9	10.75	1.85931305
224	protein3	662.1	11.2	2.0441875
224	rnapol	1.6	0.0	0.0
225	__protein1_rbs	7.4	0.0	0.0
225	__protein2_rbs	6.1	0.0	0.0
225	__protein3_rbs	7.3	0.0	0.0
225	__ribosome	33.6	0.0	0.0
225	__rnase_site_ext	12.2	0.0	0.0
225	p0	0.9	0.0	0.0
225	protein1	830.45	12.1	2.040527050000001
225	protein2	665.6	10.6	1.97823855
225	protein3	666.7	11.25	1.9824124
225	rnapol	1.65	0.0	0.0
226	__protein1_rbs	7.15	0.0	0.0
226	__protein2_rbs	6.0	0.0	0.0
226	__protein3_rbs	6.75	0.0	0.0
226	__ribosome	32.95	0.0	0.0
226	__rnase_site_ext	12.15	0.0	0.0
226	p0	0.8	0.0	0.0
226	protein1	835.85	12.2	1.95880965
226	protein2	669.5	10.65	2.0162172499999995
226	protein3	670.8	11.25	2.03197735
226	rnapol	1.45	0.0	0.0
227	__protein1_rbs	7.05	0.0	0.0
227	__protein2_rbs	6.2	0.0	0.0
227	__protein3_rbs	6.25	0.0	0.0
227	__ribosome	32.4	0.0	0.0
227	__rnase_site_ext	12.25	0.0	0.0
227	p0	0.85	0.0	0.0
227	protein1	840.6	12.25	1.9697425
227	protein2	673.25	10.75	2.06447745
227	protein3	675.9	11.25	2.0177948500000005
227	rnapol	1.45	0.0	0.0
228	__protein1_rbs	7.25	0.0	0.0
228	__protein2_rbs	5.85	0.0	0.0
228	__protein3_rbs	6.9	0.0	0.0
228	__ribosome	32.8	0.0	0.0
228	__rnase_site_ext	12.2	0.0	0.0
228	p0	0.75	0.0	0.0
228	protein1	845.35	12.2	2.0000766500000005
228	protein2	677.8	10.75	2.0956756000000003
228	protein3	680.8	11.35	1.9424910500000003
228	rnapol	1.3	0.0	0.0
229	__protein1_rbs	7.65	0.0	0.0
229	__protein2_rbs	6.3	0.0	0.0
229	__protein3_rbs	6.6	0.0	0.0
229	__ribosome	33.35	0.0	0.0
229	__rnase_site_ext	12.45	0.0	0.0
229	p0	0.85	0.0	0.0
229	protein1	850.3	12.2	1.9738835
229	protein2	682.3	10.75	2.0191445000000003
229	protein3	685.05	11.4	1.96497675
229	rnapol	1.2	0.0	0.0
230	__protein1_rbs	6.75	0.0	0.0
230	__protein2_rbs	6.15	0.0	0.0
230	__protein3_rbs	6.4	0.0	0.0
230	__ribosome	31.45	0.0	0.0
230	__rnase_site_ext	12.5	0.0	0.0
230	p0	0.85	0.0	0.0
230	protein1	855.15	12.35	2.02036095
230	protein2	686.4	10.65	2.0650593
230	protein3	689.25	11.4	2.0192200500000004
230	rnapol	1.2	0.0	0.0
231	__protein1_rbs	8.0	0.0	0.0
231	__protein2_rbs	7.15	0.0	0.0
231	__protein3_rbs	6.35	0.0	0.0
231	__ribosome	32.7	0.0	0.0
231	__rnase_site_ext	12.5	0.0	0.0
231	p0	0.95	0.0	0.0
231	protein1	860.35	12.4	1.9411574500000004
231	protein2	690.65	10.75	2.0093498499999995
231	protein3	694.1	11.35	2.0361378
231	rnapol	1.25	0.0	0.0
232	__protein1_rbs	7.2	0.0	0.0
232	__protein2_rbs	5.95	0.0	0.0
232	__protein3_rbs	6.55	0.0	0.0
232	__ribosome	31.15	0.0	0.0
232	__rnase_site_ext	12.4	0.0	0.0
232	p0	0.9	0.0	0.0
232	protein1	864.7	12.45	2.0202583
232	protein2	694.8	10.55	2.0992537000000002
232	protein3	698.7	11.3	2.0425169999999997
232	rnapol	1.35	0.0	0.0
233	__protein1_rbs	7.6	0.0	0.0
233	__protein2_rbs	6.15	0.0	0.0
233	__protein3_rbs	6.45	0.0	0.0
233	__ribosome	32.35	0.0	0.0
233	__rnase_site_ext	12.55	0.0	0.0
233	p0	0.85	0.0	0.0
233	protein1	869.7	12.45	2.0091507500000003
233	protein2	700.15	10.6	1.9788787500000005
233	protein3	703.2	11.25	2.0793893
233	rnapol	1.5	0.0	0.0
234	__protein1_rbs	7.45	0.0	0.0
234	__protein2_rbs	6.5	0.0	0.0
234	__protein3_rbs	6.3	0.0	0.0
234	__ribosome	31.9	0.0	0.0
234	__rnase_site_ext	12.45	0.0	0.0
234	p0	0.8	0.0	0.0
234	protein1	875.1	12.5	1.96314945
234	protein2	704.05	10.65	2.00604475
234	protein3	707.15	11.3	2.1178726
234	rnapol	1.3	0.0	0.0
235	__protein1_rbs	7.0	0.0	0.0
235	__protein2_rbs	6.8	0.0	0.0
235	__protein3_rbs	7.0	0.0	0.0
235	__ribosome	32.1	0.0	0.0
235	__rnase_site_ext	12.4	0.0	0.0
235	p0	1.0	0.0	0.0
235	protein1	879.9	12.5	2.04059755
235	protein2	708.2	10.7	1.9987583500000004
235	protein3	712.45	11.35	2.0176482000000004
235	rnapol	1.5	0.0	0.0
236	__protein1_rbs	8.05	0.0	0.0
236	__protein2_rbs	6.15	0.0	0.0
236	__protein3_rbs	6.05	0.0	0.0
236	__ribosome	30.85	0.0	0.0
236	__rnase_site_ext	12.6	0.0	0.0
236	p0	0.8	0.0	0.0
236	protein1	884.3	12.45	2.0570208000000005
236	protein2	712.0	10.8	2.06592695
236	protein3	716.9	11.2	2.11613775
236	rnapol	1.3	0.0	0.0
237	__protein1_rbs	7.5	0.0	0.0
237	__protein2_rbs	6.7	0.0	0.0
237	__protein3_rbs	7.0	0.0	0.0
237	__ribosome	32.45	0.0	0.0
237	__rnase_site_ext	12.9	0.0	0.0
237	p0	0.75	0.0	0.0
237	protein1	889.6	12.6	2.0097666000000003
237	protein2	716.4	10.75	2.0221515000000005
237	protein3	721.9	11.3	1.9988397500000008
237	rnapol	1.0	0.0	0.0
238	__protein1_rbs	7.9	0.0	0.0
238	__protein2_rbs	6.65	0.0	0.0
238	__protein3_rbs	7.05	0.0	0.0
238	__ribosome	31.85	0.0	0.0
238	__rnase_site_ext	12.95	0.0	0.0
238	p0	0.95	0.0	0.0
238	protein1	894.55	12.8	2.0212348
238	protein2	720.35	10.8	2.03125305
238	protein3	726.35	11.35	1.9868079500000004
238	rnapol	1.0	0.0	0.0
239	__protein1_rbs	7.35	0.0	0.0
239	__protein2_rbs	6.05	0.0	0.0
239	__protein3_rbs	6.9	0.0	0.0
239	__ribosome	31.4	0.0	0.0
239	__rnase_site_ext	12.65	0.0	0.0
239	p0	0.9	0.0	0.0
239	protein1	899.65	12.95	1.9933568
239	protein2	725.0	10.9	2.0077674
239	protein3	730.8	11.35	2.0149068000000003
239	rnapol	1.0	0.0	0.0
240	__protein1_rbs	7.6	0.0	0.0
240	__protein2_rbs	6.4	0.0	0.0
240	__protein3_rbs	6.9	0.0	0.0
240	__ribosome	30.6	0.0	0.0
240	__rnase_site_ext	12.55	0.0	0.0
240	p0	0.9	0.0	0.0
240	protein1	904.6	12.7	2.03420265
240	protein2	729.1	10.95	2.06235245
240	protein3	734.85	11.25	2.0441028500000007
240	rnapol	1.05	0.0	0.0
241	__protein1_rbs	7.25	0.0	0.0
241	__protein2_rbs	7.1	0.0	0.0
241	__protein3_rbs	6.85	0.0	0.0
241	__ribosome	31.7	0.0	0.0
241	__rnase_site_ext	12.6	0.0	0.0
241	p0	0.95	0.0	0.0
241	protein1	909.5	12.5	2.09349675
241	protein2	733.65	10.8	2.0122208500000003
241	protein3	739.9	11.35	1.9776292
241	rnapol	0.95	0.0	0.0
242	__protein1_rbs	8.05	0.0	0.0
242	__protein2_rbs	6.55	0.0	0.0
242	__protein3_rbs	7.05	0.0	0.0
242	__ribosome	33.0	0.0	0.0
242	__rnase_site_ext	12.65	0.0	0.0
242	p0	0.85	0.0	0.0
242	protein1	914.35	12.6	2.0369949
242	protein2	738.3	10.95	1.9825090000000003
242	protein3	745.15	11.45	1.87359685
242	rnapol	0.9	0.0	0.0
243	__protein1_rbs	7.55	0.0	0.0
243	__protein2_rbs	6.65	0.0	0.0
243	__protein3_rbs	7.2	0.0	0.0
243	__ribosome	32.35	0.0	0.0
243	__rnase_site_ext	12.7	0.0	0.0
243	p0	0.85	0.0	0.0
243	protein1	919.65	12.7	2.0162012
243	protein2	742.35	10.9	2.00592355
243	protein3	748.8	11.55	1.920997
243	rnapol	0.9	0.0	0.0
244	__protein1_rbs	7.75	0.0	0.0
244	__protein2_rbs	6.75	0.0	0.0
244	__protein3_rbs	6.75	0.0	0.0
244	__ribosome	32.85	0.0	0.0
244	__rnase_site_ext	12.75	0.0	0.0
244	p0	0.85	0.0	0.0
244	protein1	925.15	12.7	1.9681249000000005
244	protein2	747.35	10.9	1.9322133
244	protein3	753.0	11.7	1.9304725
244	rnapol	0.8	0.0	0.0
245	__protein1_rbs	7.35	0.0	0.0
245	__protein2_rbs	6.5	0.0	0.0
245	__protein3_rbs	7.25	0.0	0.0
245	__ribosome	32.75	0.0	0.0
245	__rnase_site_ext	12.8	0.0	0.0
245	p0	0.85	0.0	0.0
245	protein1	930.2	12.65	1.9970248
245	protein2	751.75	10.9	1.91239385
245	protein3	757.45	11.8	1.9474777500000005
245	rnapol	0.7	0.0	0.0
246	__protein1_rbs	7.85	0.0	0.0
246	__protein2_rbs	6.5	0.0	0.0
246	__protein3_rbs	6.0	0.0	0.0
246	__ribosome	31.45	0.0	0.0
246	__rnase_site_ext	12.7	0.0	0.0
246	p0	0.9	0.0	0.0
246	protein1	935.3	12.7	1.945364
246	protein2	755.85	11.05	1.9420314000000003
246	protein3	761.8	11.85	2.0200042500000004
246	rnapol	0.9	0.0	0.0
247	__protein1_rbs	7.35	0.0	0.0
247	__protein2_rbs	7.05	0.0	0.0
247	__protein3_rbs	7.8	0.0	0.0
247	__ribosome	31.1	0.0	0.0
247	__rnase_site_ext	12.85	0.0	0.0
247	p0	0.8	0.0	0.0
247	protein1	939.7	12.75	2.00888635
247	protein2	759.95	11.25	1.9191993000000005
247	protein3	766.45	11.7	2.0180339
247	rnapol	0.9	0.0	0.0
248	__protein1_rbs	7.85	0.0	0.0
248	__protein2_rbs	7.3	0.0	0.0
248	__protein3_rbs	7.35	0.0	0.0
248	__ribosome	32.5	0.0	0.0
248	__rnase_site_ext	12.8	0.0	0.0
248	p0	0.9	0.0	0.0
248	protein1	945.25	12.8	1.9299547
248	protein2	764.45	11.3	1.86943395
248	protein3	770.8	11.7	2.0000343000000003
248	rnapol	0.9	0.0	0.0
249	__protein1_rbs	7.8	0.0	0.0
249	__protein2_rbs	6.25	0.0	0.0
249	__protein3_rbs	7.1	0.0	0.0
249	__ribosome	32.25	0.0	0.0
249	__rnase_site_ext	12.65	0.0	0.0
249	p0	0.95	0.0	0.0
249	protein1	950.15	12.75	1.8966406000000002
249	protein2	768.75	11.2	1.96481255
249	protein3	775.65	11.8	1.9635011
249	rnapol	1.05	0.0	0.0
250	__protein1_rbs	6.55	0.0	0.0
250	__protein2_rbs	6.15	0.0	0.0
250	__protein3_rbs	5.9	0.0	0.0
250	__ribosome	27.8	0.0	0.0
250	__rnase_site_ext	11.2	0.0	0.0
250	p0	0.8	0.0	0.0
250	protein1	864.9	11.15	1.7473981499999998
250	protein2	695.05	9.8	1.85699095
250	protein3	700.8	10.45	1.8874246
250	rnapol	1.0	0.0	0.0
