time	species	protein	transcript	ribo_density
0	__protein1_rbs	0.0	0.0	0.0
0	__protein2_rbs	0.0	0.0	0.0
0	__protein3_rbs	0.0	0.0	0.0
0	__ribosome	100.0	0.0	0.0
0	__rnase_site_ext	0.0	0.0	0.0
0	p0	1.0	0.0	0.0
0	p1	1.0	0.0	0.0
0	p2	1.0	0.0	0.0
0	r0	0.0	0.0	0.0
0	r2	0.0	0.0	0.0
0	rnapol	4.0	0.0	0.0
1	__protein1_rbs	0.0	0.0	0.0
1	__protein2_rbs	0.0	0.0	0.0
1	__protein3_rbs	0.0	0.0	0.0
1	__ribosome	70.0	0.0	0.0
1	__rnase_site_ext	0.4	0.0	0.0
1	p0	0.1	0.0	0.0
1	p1	0.65	0.0	0.0
1	p2	0.65	0.0	0.0
1	r0	0.2	0.0	0.0
1	r2	0.0	0.0	0.0
1	rnapol	2.1	0.0	0.0
2	__protein1_rbs	0.1	0.0	0.0
2	__protein2_rbs	0.0	0.0	0.0
2	__protein3_rbs	0.0	0.0	0.0
2	__ribosome	110.0	0.0	0.0
2	__rnase_site_ext	0.85	0.0	0.0
2	p0	0.45	0.0	0.0
2	p1	1.0	0.0	0.0
2	p2	1.1	0.0	0.0
2	protein1	0.0	0.1	0.0
2	r0	0.7	0.0	0.0
2	r2	0.05	0.0	0.0
2	rnapol	3.1	0.0	0.0
3	__protein1_rbs	0.25	0.0	0.0
3	__protein2_rbs	0.05	0.0	0.0
3	__protein3_rbs	0.0	0.0	0.0
3	__ribosome	104.6	0.0	0.0
3	__rnase_site_ext	1.4	0.0	0.0
3	p0	0.45	0.0	0.0
3	p1	1.0	0.0	0.0
3	p2	1.0	0.0	0.0
3	protein1	0.0	0.6	0.35
3	protein2	0.0	0.1	0.05
3	r0	1.0	0.0	0.0
3	r2	0.05	0.0	0.0
3	rnapol	2.5	0.0	0.0
4	__protein1_rbs	0.4	0.0	0.0
4	__protein2_rbs	0.0	0.0	0.0
4	__protein3_rbs	0.0	0.0	0.0
4	__ribosome	93.9	0.0	0.0
4	__rnase_site_ext	1.65	0.0	0.0
4	p0	0.9	0.0	0.0
4	p1	0.95	0.0	0.0
4	p2	0.9	0.0	0.0
4	protein1	0.0	0.9	0.725
4	protein2	0.0	0.15	0.2
4	protein3	0.0	0.05	0.05
4	r0	1.4	0.0	0.0
4	r2	0.1	0.0	0.0
4	rnapol	2.05	0.0	0.0
5	__protein1_rbs	0.45	0.0	0.0
5	__protein2_rbs	0.0	0.0	0.0
5	__protein3_rbs	0.0	0.0	0.0
5	__ribosome	92.85	0.0	0.0
5	__rnase_site_ext	1.85	0.0	0.0
5	p0	0.75	0.0	0.0
5	p1	0.95	0.0	0.0
5	p2	0.95	0.0	0.0
5	protein1	0.0	1.4	1.225
5	protein2	0.0	0.15	0.3
5	protein3	0.0	0.05	0.05
5	r0	1.6	0.0	0.0
5	r2	0.15	0.0	0.0
5	rnapol	1.85	0.0	0.0
6	__protein1_rbs	0.5	0.0	0.0
6	__protein2_rbs	0.05	0.0	0.0
6	__protein3_rbs	0.05	0.0	0.0
6	__ribosome	91.85	0.0	0.0
6	__rnase_site_ext	2.2	0.0	0.0
6	p0	0.65	0.0	0.0
6	p1	0.9	0.0	0.0
6	p2	0.95	0.0	0.0
6	protein1	0.0	1.4	1.85
6	protein2	0.0	0.15	0.4
6	protein3	0.0	0.1	0.1
6	r0	1.65	0.0	0.0
6	r2	0.15	0.0	0.0
6	rnapol	1.45	0.0	0.0
7	__protein1_rbs	0.65	0.0	0.0
7	__protein2_rbs	0.1	0.0	0.0
7	__protein3_rbs	0.1	0.0	0.0
7	__ribosome	90.7	0.0	0.0
7	__rnase_site_ext	2.5	0.0	0.0
7	p0	0.65	0.0	0.0
7	p1	0.95	0.0	0.0
7	p2	0.95	0.0	0.0
7	protein1	0.05	1.6	2.31666665
7	protein2	0.0	0.2	0.5
7	protein3	0.0	0.15	0.15
7	r0	1.95	0.0	0.0
7	r2	0.15	0.0	0.0
7	rnapol	1.15	0.0	0.0
8	__protein1_rbs	0.6	0.0	0.0
8	__protein2_rbs	0.05	0.0	0.0
8	__protein3_rbs	0.05	0.0	0.0
8	__ribosome	89.7	0.0	0.0
8	__rnase_site_ext	2.65	0.0	0.0
8	p0	0.9	0.0	0.0
8	p1	0.95	0.0	0.0
8	p2	0.8	0.0	0.0
8	protein1	0.45	1.9	2.3916667
8	protein2	0.05	0.2	0.6
8	protein3	0.0	0.15	0.25
8	r0	2.25	0.0	0.0
8	r2	0.15	0.0	0.0
8	rnapol	1.05	0.0	0.0
9	__protein1_rbs	0.55	0.0	0.0
9	__protein2_rbs	0.0	0.0	0.0
9	__protein3_rbs	0.1	0.0	0.0
9	__ribosome	88.6	0.0	0.0
9	__rnase_site_ext	2.6	0.0	0.0
9	p0	0.85	0.0	0.0
9	p1	0.75	0.0	0.0
9	p2	0.85	0.0	0.0
9	protein1	0.95	2.15	2.50833335
9	protein2	0.2	0.2	0.65
9	protein3	0.0	0.15	0.3
9	r0	2.25	0.0	0.0
9	r2	0.15	0.0	0.0
9	rnapol	1.0	0.0	0.0
10	__protein1_rbs	0.95	0.0	0.0
10	__protein2_rbs	0.3	0.0	0.0
10	__protein3_rbs	0.0	0.0	0.0
10	__ribosome	87.9	0.0	0.0
10	__rnase_site_ext	2.75	0.0	0.0
10	p0	0.85	0.0	0.0
10	p1	0.35	0.0	0.0
10	p2	0.95	0.0	0.0
10	protein1	1.65	2.25	2.7208333500000004
10	protein2	0.25	0.35	0.65
10	protein3	0.05	0.15	0.4
10	r0	2.3	0.0	0.0
10	r2	0.3	0.0	0.0
10	rnapol	0.85	0.0	0.0
11	__protein1_rbs	0.55	0.0	0.0
11	__protein2_rbs	0.1	0.0	0.0
11	__protein3_rbs	0.2	0.0	0.0
11	__ribosome	141.85	0.0	0.0
11	__rnase_site_ext	2.85	0.0	0.0
11	p0	1.4	0.0	0.0
11	p1	0.85	0.0	0.0
11	p2	0.95	0.0	0.0
11	protein1	2.65	2.25	2.8333333000000005
11	protein2	0.35	0.55	0.675
11	protein3	0.05	0.25	0.45
11	r0	2.35	0.0	0.0
11	r2	0.3	0.0	0.0
11	rnapol	2.45	0.0	0.0
12	__protein1_rbs	0.8	0.0	0.0
12	__protein2_rbs	0.5	0.0	0.0
12	__protein3_rbs	0.05	0.0	0.0
12	__ribosome	90.95	0.0	0.0
12	__rnase_site_ext	3.05	0.0	0.0
12	p0	0.9	0.0	0.0
12	p1	0.45	0.0	0.0
12	p2	0.95	0.0	0.0
12	protein1	3.6	2.35	2.94166665
12	protein2	0.5	1.05	0.825
12	protein3	0.15	0.3	0.55
12	r0	2.5	0.0	0.0
12	r2	0.3	0.0	0.0
12	rnapol	0.85	0.0	0.0
13	__protein1_rbs	0.65	0.0	0.0
13	__protein2_rbs	0.55	0.0	0.0
13	__protein3_rbs	0.15	0.0	0.0
13	__ribosome	89.7	0.0	0.0
13	__rnase_site_ext	3.05	0.0	0.0
13	p0	0.95	0.0	0.0
13	p1	0.6	0.0	0.0
13	p2	0.95	0.0	0.0
13	protein1	4.75	2.45	2.9625000499999987
13	protein2	0.65	1.45	1.28333335
13	protein3	0.25	0.3	0.6
13	r0	2.6	0.0	0.0
13	r2	0.35	0.0	0.0
13	rnapol	0.8	0.0	0.0
14	__protein1_rbs	0.7	0.0	0.0
14	__protein2_rbs	0.9	0.0	0.0
14	__protein3_rbs	0.1	0.0	0.0
14	__ribosome	88.7	0.0	0.0
14	__rnase_site_ext	3.2	0.0	0.0
14	p0	0.9	0.0	0.0
14	p1	0.7	0.0	0.0
14	p2	1.0	0.0	0.0
14	protein1	6.25	2.55	2.8375
14	protein2	0.7	1.7	1.5083333
14	protein3	0.3	0.35	0.75
14	r0	2.65	0.0	0.0
14	r2	0.4	0.0	0.0
14	rnapol	0.7	0.0	0.0
15	__protein1_rbs	1.3	0.0	0.0
15	__protein2_rbs	0.3	0.0	0.0
15	__protein3_rbs	0.15	0.0	0.0
15	__ribosome	87.25	0.0	0.0
15	__rnase_site_ext	3.2	0.0	0.0
15	p0	0.9	0.0	0.0
15	p1	0.55	0.0	0.0
15	p2	0.9	0.0	0.0
15	protein1	7.5	2.65	2.7625
15	protein2	0.85	1.8	2.11666665
15	protein3	0.4	0.35	0.85
15	r0	2.7	0.0	0.0
15	r2	0.4	0.0	0.0
15	rnapol	0.6	0.0	0.0
16	__protein1_rbs	0.8	0.0	0.0
16	__protein2_rbs	0.5	0.0	0.0
16	__protein3_rbs	0.1	0.0	0.0
16	__ribosome	86.05	0.0	0.0
16	__rnase_site_ext	3.2	0.0	0.0
16	p0	0.85	0.0	0.0
16	p1	0.5	0.0	0.0
16	p2	0.6	0.0	0.0
16	protein1	9.05	2.7	2.7833333499999995
16	protein2	1.45	2.1	2.2833333
16	protein3	0.45	0.4	1.1
16	r0	2.7	0.0	0.0
16	r2	0.4	0.0	0.0
16	rnapol	0.6	0.0	0.0
17	__protein1_rbs	0.9	0.0	0.0
17	__protein2_rbs	1.05	0.0	0.0
17	__protein3_rbs	0.1	0.0	0.0
17	__ribosome	84.8	0.0	0.0
17	__rnase_site_ext	3.4	0.0	0.0
17	p0	0.95	0.0	0.0
17	p1	0.75	0.0	0.0
17	p2	0.35	0.0	0.0
17	protein1	10.35	2.75	2.8458333500000004
17	protein2	1.8	2.45	2.3124999500000003
17	protein3	0.65	0.4	1.25
17	r0	2.8	0.0	0.0
17	r2	0.5	0.0	0.0
17	rnapol	0.6	0.0	0.0
18	__protein1_rbs	1.05	0.0	0.0
18	__protein2_rbs	0.7	0.0	0.0
18	__protein3_rbs	0.1	0.0	0.0
18	__ribosome	83.45	0.0	0.0
18	__rnase_site_ext	3.3	0.0	0.0
18	p0	1.0	0.0	0.0
18	p1	0.9	0.0	0.0
18	p2	0.45	0.0	0.0
18	protein1	11.6	2.8	3.0125
18	protein2	2.7	2.65	2.46666665
18	protein3	0.9	0.4	1.2
18	r0	2.85	0.0	0.0
18	r2	0.7	0.0	0.0
18	rnapol	0.6	0.0	0.0
19	__protein1_rbs	1.05	0.0	0.0
19	__protein2_rbs	0.9	0.0	0.0
19	__protein3_rbs	0.1	0.0	0.0
19	__ribosome	82.5	0.0	0.0
19	__rnase_site_ext	3.35	0.0	0.0
19	p0	0.95	0.0	0.0
19	p1	0.8	0.0	0.0
19	p2	0.5	0.0	0.0
19	protein1	13.55	2.85	2.85833335
19	protein2	3.4	2.65	2.7666666
19	protein3	1.0	0.55	1.275
19	r0	2.85	0.0	0.0
19	r2	1.25	0.0	0.0
19	rnapol	0.6	0.0	0.0
20	__protein1_rbs	1.05	0.0	0.0
20	__protein2_rbs	1.1	0.0	0.0
20	__protein3_rbs	0.35	0.0	0.0
20	__ribosome	81.75	0.0	0.0
20	__rnase_site_ext	3.35	0.0	0.0
20	p0	0.9	0.0	0.0
20	p1	0.8	0.0	0.0
20	p2	0.65	0.0	0.0
20	protein1	14.9	2.9	2.975
20	protein2	4.7	2.75	2.74166665
20	protein3	1.2	0.85	1.225
20	r0	2.85	0.0	0.0
20	r2	1.55	0.0	0.0
20	rnapol	0.5	0.0	0.0
21	__protein1_rbs	1.2	0.0	0.0
21	__protein2_rbs	1.2	0.0	0.0
21	__protein3_rbs	0.55	0.0	0.0
21	__ribosome	80.95	0.0	0.0
21	__rnase_site_ext	3.35	0.0	0.0
21	p0	1.0	0.0	0.0
21	p1	0.8	0.0	0.0
21	p2	0.5	0.0	0.0
21	protein1	16.55	2.85	3.0541667
21	protein2	6.1	2.9	2.7249999500000004
21	protein3	1.35	1.4	1.425
21	r0	2.9	0.0	0.0
21	r2	1.9	0.0	0.0
21	rnapol	0.5	0.0	0.0
22	__protein1_rbs	1.1	0.0	0.0
22	__protein2_rbs	1.15	0.0	0.0
22	__protein3_rbs	0.8	0.0	0.0
22	__ribosome	79.85	0.0	0.0
22	__rnase_site_ext	3.25	0.0	0.0
22	p0	1.0	0.0	0.0
22	p1	0.75	0.0	0.0
22	p2	0.5	0.0	0.0
22	protein1	18.25	2.9	3.02916665
22	protein2	7.4	3.0	2.7166666999999998
22	protein3	1.7	1.75	1.6
22	r0	2.85	0.0	0.0
22	r2	2.1	0.0	0.0
22	rnapol	0.5	0.0	0.0
23	__protein1_rbs	0.95	0.0	0.0
23	__protein2_rbs	1.0	0.0	0.0
23	__protein3_rbs	0.5	0.0	0.0
23	__ribosome	78.65	0.0	0.0
23	__rnase_site_ext	3.35	0.0	0.0
23	p0	0.95	0.0	0.0
23	p1	0.9	0.0	0.0
23	p2	0.75	0.0	0.0
23	protein1	20.2	2.85	3.0333333500000004
23	protein2	9.25	3.15	2.6791666000000003
23	protein3	1.9	1.9	2.05
23	r0	2.8	0.0	0.0
23	r2	2.3	0.0	0.0
23	rnapol	0.45	0.0	0.0
24	__protein1_rbs	1.05	0.0	0.0
24	__protein2_rbs	1.45	0.0	0.0
24	__protein3_rbs	0.95	0.0	0.0
24	__ribosome	77.7	0.0	0.0
24	__rnase_site_ext	3.3	0.0	0.0
24	p0	0.95	0.0	0.0
24	p1	0.85	0.0	0.0
24	p2	0.9	0.0	0.0
24	protein1	21.5	2.8	3.25
24	protein2	10.85	3.25	2.67916675
24	protein3	2.3	2.15	2.22916665
24	r0	2.85	0.0	0.0
24	r2	2.6	0.0	0.0
24	rnapol	0.55	0.0	0.0
25	__protein1_rbs	1.1	0.0	0.0
25	__protein2_rbs	1.1	0.0	0.0
25	__protein3_rbs	1.0	0.0	0.0
25	__ribosome	76.65	0.0	0.0
25	__rnase_site_ext	3.35	0.0	0.0
25	p0	0.9	0.0	0.0
25	p1	0.8	0.0	0.0
25	p2	0.85	0.0	0.0
25	protein1	23.3	2.85	2.9375
25	protein2	12.4	3.2	2.89999995
25	protein3	2.75	2.5	2.25
25	r0	2.85	0.0	0.0
25	r2	2.65	0.0	0.0
25	rnapol	0.7	0.0	0.0
26	__protein1_rbs	1.05	0.0	0.0
26	__protein2_rbs	1.05	0.0	0.0
26	__protein3_rbs	1.1	0.0	0.0
26	__ribosome	75.35	0.0	0.0
26	__rnase_site_ext	3.5	0.0	0.0
26	p0	0.95	0.0	0.0
26	p1	0.85	0.0	0.0
26	p2	0.8	0.0	0.0
26	protein1	24.85	2.9	3.0
26	protein2	14.0	3.25	3.00833335
26	protein3	3.6	2.65	2.50833335
26	r0	2.95	0.0	0.0
26	r2	2.7	0.0	0.0
26	rnapol	1.15	0.0	0.0
27	__protein1_rbs	1.0	0.0	0.0
27	__protein2_rbs	1.7	0.0	0.0
27	__protein3_rbs	1.0	0.0	0.0
27	__ribosome	74.85	0.0	0.0
27	__rnase_site_ext	3.6	0.0	0.0
27	p0	0.95	0.0	0.0
27	p1	0.9	0.0	0.0
27	p2	0.65	0.0	0.0
27	protein1	26.55	2.95	3.00416665
27	protein2	15.85	3.35	2.8208334000000006
27	protein3	4.65	2.65	2.5916667
27	r0	3.05	0.0	0.0
27	r2	2.8	0.0	0.0
27	rnapol	1.45	0.0	0.0
28	__protein1_rbs	1.1	0.0	0.0
28	__protein2_rbs	1.35	0.0	0.0
28	__protein3_rbs	1.1	0.0	0.0
28	__ribosome	74.3	0.0	0.0
28	__rnase_site_ext	3.7	0.0	0.0
28	p0	0.9	0.0	0.0
28	p1	0.9	0.0	0.0
28	p2	0.75	0.0	0.0
28	protein1	28.35	3.0	2.9575000000000005
28	protein2	17.7	3.4	2.82
28	protein3	5.7	2.75	2.69999995
28	r0	3.0	0.0	0.0
28	r2	2.9	0.0	0.0
28	rnapol	1.4	0.0	0.0
29	__protein1_rbs	1.05	0.0	0.0
29	__protein2_rbs	1.25	0.0	0.0
29	__protein3_rbs	1.45	0.0	0.0
29	__ribosome	73.65	0.0	0.0
29	__rnase_site_ext	3.85	0.0	0.0
29	p0	0.85	0.0	0.0
29	p1	0.9	0.0	0.0
29	p2	0.9	0.0	0.0
29	protein1	30.0	3.05	2.98666665
29	protein2	19.55	3.5	2.8225000000000007
29	protein3	6.75	2.85	2.6249999500000003
29	r0	3.15	0.0	0.0
29	r2	3.1	0.0	0.0
29	rnapol	1.35	0.0	0.0
30	__protein1_rbs	1.0	0.0	0.0
30	__protein2_rbs	1.45	0.0	0.0
30	__protein3_rbs	1.15	0.0	0.0
30	__ribosome	73.55	0.0	0.0
30	__rnase_site_ext	3.8	0.0	0.0
30	p0	0.95	0.0	0.0
30	p1	0.9	0.0	0.0
30	p2	0.85	0.0	0.0
30	protein1	31.8	3.1	2.96833335
30	protein2	21.55	3.5	2.8241667
30	protein3	8.15	3.0	2.5208334
30	r0	3.25	0.0	0.0
30	r2	3.25	0.0	0.0
30	rnapol	1.65	0.0	0.0
31	__protein1_rbs	1.1	0.0	0.0
31	__protein2_rbs	1.2	0.0	0.0
31	__protein3_rbs	1.25	0.0	0.0
31	__ribosome	72.65	0.0	0.0
31	__rnase_site_ext	3.85	0.0	0.0
31	p0	0.85	0.0	0.0
31	p1	1.0	0.0	0.0
31	p2	0.75	0.0	0.0
31	protein1	33.4	3.2	2.952500000000001
31	protein2	23.5	3.6	2.73250005
31	protein3	9.7	3.2	2.50416665
31	r0	3.25	0.0	0.0
31	r2	3.35	0.0	0.0
31	rnapol	1.75	0.0	0.0
32	__protein1_rbs	1.4	0.0	0.0
32	__protein2_rbs	1.4	0.0	0.0
32	__protein3_rbs	1.6	0.0	0.0
32	__ribosome	72.1	0.0	0.0
32	__rnase_site_ext	4.25	0.0	0.0
32	p0	0.7	0.0	0.0
32	p1	0.95	0.0	0.0
32	p2	0.85	0.0	0.0
32	protein1	34.85	3.25	3.0483334
32	protein2	25.05	3.55	2.8600000000000003
32	protein3	11.35	3.3	2.41666665
32	r0	3.5	0.0	0.0
32	r2	3.4	0.0	0.0
32	rnapol	1.45	0.0	0.0
33	__protein1_rbs	1.4	0.0	0.0
33	__protein2_rbs	1.25	0.0	0.0
33	__protein3_rbs	1.2	0.0	0.0
33	__ribosome	71.2	0.0	0.0
33	__rnase_site_ext	4.45	0.0	0.0
33	p0	0.8	0.0	0.0
33	p1	0.85	0.0	0.0
33	p2	0.9	0.0	0.0
33	protein1	36.8	3.35	2.8858334
33	protein2	26.8	3.5	2.9825
33	protein3	12.7	3.35	2.60833335
33	r0	3.7	0.0	0.0
33	r2	3.45	0.0	0.0
33	rnapol	1.25	0.0	0.0
34	__protein1_rbs	1.55	0.0	0.0
34	__protein2_rbs	1.4	0.0	0.0
34	__protein3_rbs	1.45	0.0	0.0
34	__ribosome	70.55	0.0	0.0
34	__rnase_site_ext	4.75	0.0	0.0
34	p0	0.8	0.0	0.0
34	p1	0.8	0.0	0.0
34	p2	0.9	0.0	0.0
34	protein1	38.65	3.7	2.6833332500000004
34	protein2	29.0	3.6	2.8833333
34	protein3	14.0	3.5	2.7083333999999994
34	r0	3.9	0.0	0.0
34	r2	3.55	0.0	0.0
34	rnapol	1.05	0.0	0.0
35	__protein1_rbs	1.85	0.0	0.0
35	__protein2_rbs	1.55	0.0	0.0
35	__protein3_rbs	1.25	0.0	0.0
35	__ribosome	70.1	0.0	0.0
35	__rnase_site_ext	4.7	0.0	0.0
35	p0	0.9	0.0	0.0
35	p1	0.85	0.0	0.0
35	p2	0.8	0.0	0.0
35	protein1	40.6	3.95	2.5783333500000003
35	protein2	31.2	3.75	2.69249995
35	protein3	15.7	3.55	2.84166665
35	r0	4.05	0.0	0.0
35	r2	3.65	0.0	0.0
35	rnapol	1.15	0.0	0.0
36	__protein1_rbs	1.45	0.0	0.0
36	__protein2_rbs	1.85	0.0	0.0
36	__protein3_rbs	1.35	0.0	0.0
36	__ribosome	69.1	0.0	0.0
36	__rnase_site_ext	4.9	0.0	0.0
36	p0	0.8	0.0	0.0
36	p1	0.85	0.0	0.0
36	p2	0.9	0.0	0.0
36	protein1	42.55	4.05	2.6416666500000003
36	protein2	33.0	3.8	2.6216666499999994
36	protein3	17.4	3.6	2.9366666
36	r0	4.1	0.0	0.0
36	r2	3.65	0.0	0.0
36	rnapol	1.05	0.0	0.0
37	__protein1_rbs	1.5	0.0	0.0
37	__protein2_rbs	1.45	0.0	0.0
37	__protein3_rbs	1.35	0.0	0.0
37	__ribosome	68.2	0.0	0.0
37	__rnase_site_ext	4.95	0.0	0.0
37	p0	0.9	0.0	0.0
37	p1	0.8	0.0	0.0
37	p2	0.95	0.0	0.0
37	protein1	44.35	4.0	2.78833335
37	protein2	34.8	3.95	2.67416665
37	protein3	19.35	3.6	2.95500005
37	r0	4.1	0.0	0.0
37	r2	3.75	0.0	0.0
37	rnapol	1.2	0.0	0.0
38	__protein1_rbs	1.5	0.0	0.0
38	__protein2_rbs	1.6	0.0	0.0
38	__protein3_rbs	1.35	0.0	0.0
38	__ribosome	67.25	0.0	0.0
38	__rnase_site_ext	5.05	0.0	0.0
38	p0	0.85	0.0	0.0
38	p1	0.7	0.0	0.0
38	p2	1.0	0.0	0.0
38	protein1	46.6	4.15	2.7358333000000004
38	protein2	36.7	4.0	2.72
38	protein3	21.15	3.75	2.9258333500000004
38	r0	4.3	0.0	0.0
38	r2	3.7	0.0	0.0
38	rnapol	0.95	0.0	0.0
39	__protein1_rbs	1.6	0.0	0.0
39	__protein2_rbs	2.15	0.0	0.0
39	__protein3_rbs	1.5	0.0	0.0
39	__ribosome	66.4	0.0	0.0
39	__rnase_site_ext	5.15	0.0	0.0
39	p0	0.9	0.0	0.0
39	p1	0.8	0.0	0.0
39	p2	0.85	0.0	0.0
39	protein1	48.3	4.25	2.86083335
39	protein2	38.7	4.1	2.655
39	protein3	23.05	3.75	2.9108332999999997
39	r0	4.45	0.0	0.0
39	r2	3.75	0.0	0.0
39	rnapol	0.9	0.0	0.0
40	__protein1_rbs	1.8	0.0	0.0
40	__protein2_rbs	1.7	0.0	0.0
40	__protein3_rbs	1.6	0.0	0.0
40	__ribosome	66.2	0.0	0.0
40	__rnase_site_ext	5.2	0.0	0.0
40	p0	0.9	0.0	0.0
40	p1	0.6	0.0	0.0
40	p2	0.75	0.0	0.0
40	protein1	50.35	4.4	2.7216666000000007
40	protein2	40.85	4.15	2.7325000000000004
40	protein3	25.25	3.8	2.8258332999999998
40	r0	4.4	0.0	0.0
40	r2	3.75	0.0	0.0
40	rnapol	0.9	0.0	0.0
41	__protein1_rbs	1.7	0.0	0.0
41	__protein2_rbs	1.65	0.0	0.0
41	__protein3_rbs	1.55	0.0	0.0
41	__ribosome	65.6	0.0	0.0
41	__rnase_site_ext	5.5	0.0	0.0
41	p0	0.85	0.0	0.0
41	p1	0.5	0.0	0.0
41	p2	0.9	0.0	0.0
41	protein1	52.95	4.45	2.75166665
41	protein2	42.8	4.2	2.77749995
41	protein3	27.2	3.8	2.84249995
41	r0	4.55	0.0	0.0
41	r2	3.85	0.0	0.0
41	rnapol	0.8	0.0	0.0
42	__protein1_rbs	2.0	0.0	0.0
42	__protein2_rbs	1.7	0.0	0.0
42	__protein3_rbs	1.75	0.0	0.0
42	__ribosome	64.5	0.0	0.0
42	__rnase_site_ext	5.4	0.0	0.0
42	p0	0.9	0.0	0.0
42	p1	0.65	0.0	0.0
42	p2	0.85	0.0	0.0
42	protein1	55.0	4.55	2.7533333000000004
42	protein2	44.8	4.6	2.69583335
42	protein3	29.25	3.8	2.8283333500000003
42	r0	4.65	0.0	0.0
42	r2	3.9	0.0	0.0
42	rnapol	0.8	0.0	0.0
43	__protein1_rbs	1.8	0.0	0.0
43	__protein2_rbs	2.3	0.0	0.0
43	__protein3_rbs	1.65	0.0	0.0
43	__ribosome	64.5	0.0	0.0
43	__rnase_site_ext	5.55	0.0	0.0
43	p0	0.95	0.0	0.0
43	p1	0.65	0.0	0.0
43	p2	0.8	0.0	0.0
43	protein1	57.4	4.65	2.73166665
43	protein2	47.1	4.65	2.6425000000000005
43	protein3	31.4	3.95	2.7366667000000002
43	r0	4.7	0.0	0.0
43	r2	3.95	0.0	0.0
43	rnapol	0.75	0.0	0.0
44	__protein1_rbs	1.75	0.0	0.0
44	__protein2_rbs	2.1	0.0	0.0
44	__protein3_rbs	1.55	0.0	0.0
44	__ribosome	63.3	0.0	0.0
44	__rnase_site_ext	5.5	0.0	0.0
44	p0	0.95	0.0	0.0
44	p1	0.85	0.0	0.0
44	p2	0.85	0.0	0.0
44	protein1	59.6	4.7	2.82166665
44	protein2	49.5	4.95	2.5540476
44	protein3	33.3	3.95	2.86000005
44	r0	4.75	0.0	0.0
44	r2	4.0	0.0	0.0
44	rnapol	0.75	0.0	0.0
45	__protein1_rbs	1.85	0.0	0.0
45	__protein2_rbs	2.2	0.0	0.0
45	__protein3_rbs	1.75	0.0	0.0
45	__ribosome	62.95	0.0	0.0
45	__rnase_site_ext	5.6	0.0	0.0
45	p0	0.85	0.0	0.0
45	p1	0.8	0.0	0.0
45	p2	0.8	0.0	0.0
45	protein1	62.2	4.75	2.79833335
45	protein2	51.4	5.05	2.6704762000000004
45	protein3	35.7	4.0	2.75249995
45	r0	4.65	0.0	0.0
45	r2	4.1	0.0	0.0
45	rnapol	0.65	0.0	0.0
46	__protein1_rbs	1.95	0.0	0.0
46	__protein2_rbs	1.9	0.0	0.0
46	__protein3_rbs	1.75	0.0	0.0
46	__ribosome	61.7	0.0	0.0
46	__rnase_site_ext	5.55	0.0	0.0
46	p0	0.95	0.0	0.0
46	p1	0.7	0.0	0.0
46	p2	0.75	0.0	0.0
46	protein1	64.35	4.75	2.9066667
46	protein2	53.8	5.1	2.732261900000001
46	protein3	37.9	4.1	2.7225
46	r0	4.8	0.0	0.0
46	r2	4.2	0.0	0.0
46	rnapol	0.65	0.0	0.0
47	__protein1_rbs	2.1	0.0	0.0
47	__protein2_rbs	2.65	0.0	0.0
47	__protein3_rbs	1.9	0.0	0.0
47	__ribosome	61.55	0.0	0.0
47	__rnase_site_ext	5.6	0.0	0.0
47	p0	0.8	0.0	0.0
47	p1	0.85	0.0	0.0
47	p2	0.5	0.0	0.0
47	protein1	67.25	4.8	2.8325
47	protein2	56.45	5.4	2.57404765
47	protein3	39.65	4.2	2.7591667
47	r0	4.8	0.0	0.0
47	r2	4.2	0.0	0.0
47	rnapol	0.6	0.0	0.0
48	__protein1_rbs	2.2	0.0	0.0
48	__protein2_rbs	2.5	0.0	0.0
48	__protein3_rbs	2.1	0.0	0.0
48	__ribosome	60.7	0.0	0.0
48	__rnase_site_ext	5.7	0.0	0.0
48	p0	0.9	0.0	0.0
48	p1	0.75	0.0	0.0
48	p2	0.65	0.0	0.0
48	protein1	69.4	4.85	2.8583333
48	protein2	59.0	5.45	2.6338095000000004
48	protein3	41.85	4.35	2.6108333000000004
48	r0	4.9	0.0	0.0
48	r2	4.1	0.0	0.0
48	rnapol	0.55	0.0	0.0
49	__protein1_rbs	1.7	0.0	0.0
49	__protein2_rbs	2.55	0.0	0.0
49	__protein3_rbs	1.65	0.0	0.0
49	__ribosome	59.7	0.0	0.0
49	__rnase_site_ext	5.65	0.0	0.0
49	p0	0.95	0.0	0.0
49	p1	0.75	0.0	0.0
49	p2	0.7	0.0	0.0
49	protein1	72.25	4.9	2.8680952500000005
49	protein2	61.55	5.5	2.6960714500000003
49	protein3	43.95	4.2	2.86166665
49	r0	4.95	0.0	0.0
49	r2	4.5	0.0	0.0
49	rnapol	0.6	0.0	0.0
50	__protein1_rbs	2.15	0.0	0.0
50	__protein2_rbs	2.75	0.0	0.0
50	__protein3_rbs	2.05	0.0	0.0
50	__ribosome	59.8	0.0	0.0
50	__rnase_site_ext	5.75	0.0	0.0
50	p0	0.95	0.0	0.0
50	p1	0.75	0.0	0.0
50	p2	0.75	0.0	0.0
50	protein1	74.75	4.95	2.7947619500000003
50	protein2	64.4	5.5	2.6959524000000004
50	protein3	46.0	4.3	2.8191667000000002
50	r0	5.0	0.0	0.0
50	r2	4.7	0.0	0.0
50	rnapol	0.6	0.0	0.0
51	__protein1_rbs	2.6	0.0	0.0
51	__protein2_rbs	2.5	0.0	0.0
51	__protein3_rbs	2.15	0.0	0.0
51	__ribosome	59.95	0.0	0.0
51	__rnase_site_ext	5.9	0.0	0.0
51	p0	0.85	0.0	0.0
51	p1	0.8	0.0	0.0
51	p2	0.9	0.0	0.0
51	protein1	77.75	5.0	2.6286905000000003
51	protein2	67.4	5.65	2.6461905000000003
51	protein3	48.25	4.6	2.7208334
51	r0	5.0	0.0	0.0
51	r2	4.9	0.0	0.0
51	rnapol	0.6	0.0	0.0
52	__protein1_rbs	1.9	0.0	0.0
52	__protein2_rbs	2.6	0.0	0.0
52	__protein3_rbs	2.2	0.0	0.0
52	__ribosome	59.3	0.0	0.0
52	__rnase_site_ext	5.65	0.0	0.0
52	p0	0.95	0.0	0.0
52	p1	0.9	0.0	0.0
52	p2	0.75	0.0	0.0
52	protein1	80.45	4.95	2.725
52	protein2	70.3	5.7	2.65476195
52	protein3	50.75	4.75	2.60214285
52	r0	5.0	0.0	0.0
52	r2	4.95	0.0	0.0
52	rnapol	0.65	0.0	0.0
53	__protein1_rbs	2.05	0.0	0.0
53	__protein2_rbs	2.45	0.0	0.0
53	__protein3_rbs	2.6	0.0	0.0
53	__ribosome	58.05	0.0	0.0
53	__rnase_site_ext	5.6	0.0	0.0
53	p0	0.9	0.0	0.0
53	p1	0.85	0.0	0.0
53	p2	0.6	0.0	0.0
53	protein1	82.4	5.0	2.8963095
53	protein2	73.25	5.8	2.6157143000000005
53	protein3	52.75	4.95	2.61773815
53	r0	5.0	0.0	0.0
53	r2	5.05	0.0	0.0
53	rnapol	0.65	0.0	0.0
54	__protein1_rbs	2.15	0.0	0.0
54	__protein2_rbs	2.6	0.0	0.0
54	__protein3_rbs	1.95	0.0	0.0
54	__ribosome	57.6	0.0	0.0
54	__rnase_site_ext	5.9	0.0	0.0
54	p0	0.95	0.0	0.0
54	p1	0.8	0.0	0.0
54	p2	0.7	0.0	0.0
54	protein1	85.5	5.05	2.8429762000000003
54	protein2	76.0	5.8	2.6811903999999998
54	protein3	55.35	4.95	2.6827381000000003
54	r0	5.1	0.0	0.0
54	r2	5.1	0.0	0.0
54	rnapol	0.7	0.0	0.0
55	__protein1_rbs	2.1	0.0	0.0
55	__protein2_rbs	2.3	0.0	0.0
55	__protein3_rbs	2.6	0.0	0.0
55	__ribosome	57.05	0.0	0.0
55	__rnase_site_ext	5.8	0.0	0.0
55	p0	0.9	0.0	0.0
55	p1	0.8	0.0	0.0
55	p2	0.8	0.0	0.0
55	protein1	88.3	5.1	2.83559525
55	protein2	78.7	5.8	2.78857145
55	protein3	57.95	5.1	2.5558333000000006
55	r0	5.15	0.0	0.0
55	r2	5.35	0.0	0.0
55	rnapol	0.7	0.0	0.0
56	__protein1_rbs	2.3	0.0	0.0
56	__protein2_rbs	2.65	0.0	0.0
56	__protein3_rbs	2.15	0.0	0.0
56	__ribosome	56.15	0.0	0.0
56	__rnase_site_ext	6.0	0.0	0.0
56	p0	0.85	0.0	0.0
56	p1	0.75	0.0	0.0
56	p2	0.75	0.0	0.0
56	protein1	90.55	5.15	2.8648809499999994
56	protein2	81.8	5.95	2.74535715
56	protein3	60.2	5.25	2.5644047500000005
56	r0	5.25	0.0	0.0
56	r2	5.45	0.0	0.0
56	rnapol	1.0	0.0	0.0
57	__protein1_rbs	2.45	0.0	0.0
57	__protein2_rbs	2.6	0.0	0.0
57	__protein3_rbs	2.1	0.0	0.0
57	__ribosome	56.15	0.0	0.0
57	__rnase_site_ext	6.0	0.0	0.0
57	p0	0.95	0.0	0.0
57	p1	0.75	0.0	0.0
57	p2	0.7	0.0	0.0
57	protein1	93.45	5.25	2.6928572
57	protein2	84.8	6.0	2.71976195
57	protein3	63.0	5.4	2.5483333000000004
57	r0	5.4	0.0	0.0
57	r2	5.5	0.0	0.0
57	rnapol	1.15	0.0	0.0
58	__protein1_rbs	2.7	0.0	0.0
58	__protein2_rbs	2.75	0.0	0.0
58	__protein3_rbs	2.35	0.0	0.0
58	__ribosome	55.9	0.0	0.0
58	__rnase_site_ext	6.1	0.0	0.0
58	p0	0.95	0.0	0.0
58	p1	0.9	0.0	0.0
58	p2	0.8	0.0	0.0
58	protein1	96.45	5.4	2.5409523999999997
58	protein2	88.1	6.1	2.6890873500000003
58	protein3	65.15	5.55	2.6011903999999997
58	r0	5.45	0.0	0.0
58	r2	5.55	0.0	0.0
58	rnapol	1.35	0.0	0.0
59	__protein1_rbs	2.65	0.0	0.0
59	__protein2_rbs	2.85	0.0	0.0
59	__protein3_rbs	2.1	0.0	0.0
59	__ribosome	55.05	0.0	0.0
59	__rnase_site_ext	6.2	0.0	0.0
59	p0	0.8	0.0	0.0
59	p1	0.85	0.0	0.0
59	p2	0.8	0.0	0.0
59	protein1	99.5	5.45	2.4537500000000003
59	protein2	90.85	6.1	2.7878967999999995
59	protein3	67.75	5.55	2.70226195
59	r0	5.5	0.0	0.0
59	r2	5.65	0.0	0.0
59	rnapol	1.1	0.0	0.0
60	__protein1_rbs	2.8	0.0	0.0
60	__protein2_rbs	2.9	0.0	0.0
60	__protein3_rbs	2.5	0.0	0.0
60	__ribosome	54.7	0.0	0.0
60	__rnase_site_ext	6.35	0.0	0.0
60	p0	0.75	0.0	0.0
60	p1	0.75	0.0	0.0
60	p2	0.8	0.0	0.0
60	protein1	101.7	5.55	2.46202385
60	protein2	94.5	6.1	2.6682144
60	protein3	70.1	5.65	2.7042857499999995
60	r0	5.65	0.0	0.0
60	r2	5.7	0.0	0.0
60	rnapol	0.95	0.0	0.0
61	__protein1_rbs	2.5	0.0	0.0
61	__protein2_rbs	2.6	0.0	0.0
61	__protein3_rbs	2.55	0.0	0.0
61	__ribosome	54.65	0.0	0.0
61	__rnase_site_ext	6.45	0.0	0.0
61	p0	0.9	0.0	0.0
61	p1	0.75	0.0	0.0
61	p2	0.8	0.0	0.0
61	protein1	104.95	5.65	2.4032737999999996
61	protein2	97.55	6.15	2.7210913
61	protein3	73.3	5.7	2.70880955
61	r0	5.95	0.0	0.0
61	r2	5.75	0.0	0.0
61	rnapol	1.15	0.0	0.0
62	__protein1_rbs	2.7	0.0	0.0
62	__protein2_rbs	2.95	0.0	0.0
62	__protein3_rbs	2.35	0.0	0.0
62	__ribosome	53.45	0.0	0.0
62	__rnase_site_ext	6.8	0.0	0.0
62	p0	0.9	0.0	0.0
62	p1	0.75	0.0	0.0
62	p2	0.85	0.0	0.0
62	protein1	107.4	5.95	2.37125
62	protein2	100.65	6.25	2.6934127
62	protein3	75.8	5.7	2.7971428500000006
62	r0	6.05	0.0	0.0
62	r2	5.7	0.0	0.0
62	rnapol	1.1	0.0	0.0
63	__protein1_rbs	2.9	0.0	0.0
63	__protein2_rbs	2.9	0.0	0.0
63	__protein3_rbs	2.55	0.0	0.0
63	__ribosome	53.3	0.0	0.0
63	__rnase_site_ext	6.85	0.0	0.0
63	p0	0.75	0.0	0.0
63	p1	0.9	0.0	0.0
63	p2	0.7	0.0	0.0
63	protein1	109.8	6.05	2.4243452500000005
63	protein2	104.3	6.4	2.55261905
63	protein3	79.0	5.75	2.7964285499999995
63	r0	6.15	0.0	0.0
63	r2	5.85	0.0	0.0
63	rnapol	0.95	0.0	0.0
64	__protein1_rbs	3.6	0.0	0.0
64	__protein2_rbs	2.95	0.0	0.0
64	__protein3_rbs	2.1	0.0	0.0
64	__ribosome	52.85	0.0	0.0
64	__rnase_site_ext	7.2	0.0	0.0
64	p0	0.75	0.0	0.0
64	p1	0.8	0.0	0.0
64	p2	0.8	0.0	0.0
64	protein1	112.45	6.25	2.3238690500000003
64	protein2	107.05	6.35	2.66250005
64	protein3	82.15	5.8	2.8531548
64	r0	6.35	0.0	0.0
64	r2	5.85	0.0	0.0
64	rnapol	0.7	0.0	0.0
65	__protein1_rbs	2.8	0.0	0.0
65	__protein2_rbs	2.45	0.0	0.0
65	__protein3_rbs	2.65	0.0	0.0
65	__ribosome	51.65	0.0	0.0
65	__rnase_site_ext	7.3	0.0	0.0
65	p0	0.85	0.0	0.0
65	p1	0.8	0.0	0.0
65	p2	0.9	0.0	0.0
65	protein1	115.15	6.35	2.3993849
65	protein2	110.4	6.25	2.7241071500000005
65	protein3	85.0	5.85	2.8411905
65	r0	6.5	0.0	0.0
65	r2	6.05	0.0	0.0
65	rnapol	0.7	0.0	0.0
66	__protein1_rbs	3.2	0.0	0.0
66	__protein2_rbs	2.95	0.0	0.0
66	__protein3_rbs	3.1	0.0	0.0
66	__ribosome	51.55	0.0	0.0
66	__rnase_site_ext	7.35	0.0	0.0
66	p0	0.9	0.0	0.0
66	p1	0.9	0.0	0.0
66	p2	0.95	0.0	0.0
66	protein1	117.9	6.5	2.4244047
66	protein2	113.6	6.25	2.72083335
66	protein3	88.2	5.9	2.7433928
66	r0	6.6	0.0	0.0
66	r2	6.05	0.0	0.0
66	rnapol	0.85	0.0	0.0
67	__protein1_rbs	2.4	0.0	0.0
67	__protein2_rbs	3.35	0.0	0.0
67	__protein3_rbs	3.1	0.0	0.0
67	__ribosome	52.25	0.0	0.0
67	__rnase_site_ext	7.45	0.0	0.0
67	p0	1.0	0.0	0.0
67	p1	0.75	0.0	0.0
67	p2	0.75	0.0	0.0
67	protein1	121.4	6.6	2.4504761000000004
67	protein2	116.75	6.3	2.6419048
67	protein3	91.5	6.05	2.55321435
67	r0	6.65	0.0	0.0
67	r2	6.05	0.0	0.0
67	rnapol	0.9	0.0	0.0
68	__protein1_rbs	2.95	0.0	0.0
68	__protein2_rbs	3.0	0.0	0.0
68	__protein3_rbs	2.7	0.0	0.0
68	__ribosome	51.1	0.0	0.0
68	__rnase_site_ext	7.0	0.0	0.0
68	p0	0.95	0.0	0.0
68	p1	0.7	0.0	0.0
68	p2	0.6	0.0	0.0
68	protein1	124.25	6.65	2.5073808000000004
68	protein2	119.9	6.3	2.6723214500000005
68	protein3	94.4	6.1	2.6155953
68	r0	6.45	0.0	0.0
68	r2	6.1	0.0	0.0
68	rnapol	1.0	0.0	0.0
69	__protein1_rbs	3.2	0.0	0.0
69	__protein2_rbs	2.8	0.0	0.0
69	__protein3_rbs	2.85	0.0	0.0
69	__ribosome	50.5	0.0	0.0
69	__rnase_site_ext	7.3	0.0	0.0
69	p0	0.9	0.0	0.0
69	p1	0.65	0.0	0.0
69	p2	0.85	0.0	0.0
69	protein1	126.55	6.5	2.75841265
69	protein2	123.3	6.35	2.633749999999999
69	protein3	97.95	6.1	2.5412698
69	r0	6.45	0.0	0.0
69	r2	6.2	0.0	0.0
69	rnapol	0.9	0.0	0.0
70	__protein1_rbs	3.1	0.0	0.0
70	__protein2_rbs	3.4	0.0	0.0
70	__protein3_rbs	3.0	0.0	0.0
70	__ribosome	51.45	0.0	0.0
70	__rnase_site_ext	7.4	0.0	0.0
70	p0	0.85	0.0	0.0
70	p1	0.75	0.0	0.0
70	p2	0.9	0.0	0.0
70	protein1	130.15	6.45	2.69337295
70	protein2	126.85	6.65	2.4213888000000003
70	protein3	100.85	6.1	2.51293655
70	r0	6.5	0.0	0.0
70	r2	6.2	0.0	0.0
70	rnapol	0.7	0.0	0.0
71	__protein1_rbs	2.85	0.0	0.0
71	__protein2_rbs	2.95	0.0	0.0
71	__protein3_rbs	2.7	0.0	0.0
71	__ribosome	50.0	0.0	0.0
71	__rnase_site_ext	7.35	0.0	0.0
71	p0	0.85	0.0	0.0
71	p1	0.7	0.0	0.0
71	p2	0.9	0.0	0.0
71	protein1	133.05	6.5	2.75972215
71	protein2	129.85	6.75	2.4971031000000004
71	protein3	103.85	6.25	2.5163889
71	r0	6.5	0.0	0.0
71	r2	6.3	0.0	0.0
71	rnapol	0.6	0.0	0.0
72	__protein1_rbs	3.35	0.0	0.0
72	__protein2_rbs	2.75	0.0	0.0
72	__protein3_rbs	3.5	0.0	0.0
72	__ribosome	50.15	0.0	0.0
72	__rnase_site_ext	7.35	0.0	0.0
72	p0	1.0	0.0	0.0
72	p1	0.65	0.0	0.0
72	p2	0.9	0.0	0.0
72	protein1	136.9	6.55	2.5792459999999995
72	protein2	132.8	6.75	2.6029564
72	protein3	106.5	6.3	2.4888691
72	r0	6.65	0.0	0.0
72	r2	6.35	0.0	0.0
72	rnapol	0.85	0.0	0.0
73	__protein1_rbs	3.1	0.0	0.0
73	__protein2_rbs	3.85	0.0	0.0
73	__protein3_rbs	2.65	0.0	0.0
73	__ribosome	50.9	0.0	0.0
73	__rnase_site_ext	7.45	0.0	0.0
73	p0	0.9	0.0	0.0
73	p1	0.65	0.0	0.0
73	p2	0.8	0.0	0.0
73	protein1	140.5	6.65	2.4514087000000004
73	protein2	136.1	7.05	2.4286706500000004
73	protein3	109.9	6.35	2.5418452499999997
73	r0	6.65	0.0	0.0
73	r2	6.4	0.0	0.0
73	rnapol	0.8	0.0	0.0
74	__protein1_rbs	3.0	0.0	0.0
74	__protein2_rbs	3.7	0.0	0.0
74	__protein3_rbs	2.7	0.0	0.0
74	__ribosome	49.5	0.0	0.0
74	__rnase_site_ext	7.5	0.0	0.0
74	p0	0.95	0.0	0.0
74	p1	0.6	0.0	0.0
74	p2	0.75	0.0	0.0
74	protein1	143.45	6.65	2.5909722500000005
74	protein2	139.3	7.35	2.35067455
74	protein3	112.8	6.45	2.5467460500000003
74	r0	6.7	0.0	0.0
74	r2	6.4	0.0	0.0
74	rnapol	0.7	0.0	0.0
75	__protein1_rbs	3.3	0.0	0.0
75	__protein2_rbs	3.25	0.0	0.0
75	__protein3_rbs	3.6	0.0	0.0
75	__ribosome	49.15	0.0	0.0
75	__rnase_site_ext	7.7	0.0	0.0
75	p0	0.8	0.0	0.0
75	p1	0.8	0.0	0.0
75	p2	0.6	0.0	0.0
75	protein1	147.05	6.75	2.4552777999999997
75	protein2	142.4	7.5	2.4467063
75	protein3	115.55	6.45	2.52736105
75	r0	6.85	0.0	0.0
75	r2	6.35	0.0	0.0
75	rnapol	0.55	0.0	0.0
76	__protein1_rbs	3.45	0.0	0.0
76	__protein2_rbs	3.55	0.0	0.0
76	__protein3_rbs	2.8	0.0	0.0
76	__ribosome	48.35	0.0	0.0
76	__rnase_site_ext	7.8	0.0	0.0
76	p0	0.95	0.0	0.0
76	p1	1.0	0.0	0.0
76	p2	0.75	0.0	0.0
76	protein1	150.15	6.8	2.4681945
76	protein2	145.8	7.7	2.45369045
76	protein3	118.9	6.35	2.5279563999999994
76	r0	6.95	0.0	0.0
76	r2	6.3	0.0	0.0
76	rnapol	0.75	0.0	0.0
77	__protein1_rbs	3.4	0.0	0.0
77	__protein2_rbs	3.8	0.0	0.0
77	__protein3_rbs	3.4	0.0	0.0
77	__ribosome	48.75	0.0	0.0
77	__rnase_site_ext	7.95	0.0	0.0
77	p0	0.9	0.0	0.0
77	p1	0.8	0.0	0.0
77	p2	0.8	0.0	0.0
77	protein1	153.3	6.9	2.46468255
77	protein2	149.75	7.65	2.4100792999999996
77	protein3	121.85	6.4	2.5191666
77	r0	7.0	0.0	0.0
77	r2	6.65	0.0	0.0
77	rnapol	0.6	0.0	0.0
78	__protein1_rbs	2.8	0.0	0.0
78	__protein2_rbs	3.95	0.0	0.0
78	__protein3_rbs	3.55	0.0	0.0
78	__ribosome	48.2	0.0	0.0
78	__rnase_site_ext	8.0	0.0	0.0
78	p0	0.9	0.0	0.0
78	p1	0.65	0.0	0.0
78	p2	0.7	0.0	0.0
78	protein1	156.35	6.95	2.5632936
78	protein2	152.65	7.6	2.5492658
78	protein3	125.45	6.55	2.320198350000001
78	r0	7.0	0.0	0.0
78	r2	6.7	0.0	0.0
78	rnapol	0.6	0.0	0.0
79	__protein1_rbs	3.25	0.0	0.0
79	__protein2_rbs	3.4	0.0	0.0
79	__protein3_rbs	3.65	0.0	0.0
79	__ribosome	48.2	0.0	0.0
79	__rnase_site_ext	7.9	0.0	0.0
79	p0	0.95	0.0	0.0
79	p1	0.65	0.0	0.0
79	p2	0.6	0.0	0.0
79	protein1	159.85	6.95	2.5652976
79	protein2	156.45	7.7	2.52398805
79	protein3	128.55	6.7	2.2572818
79	r0	7.0	0.0	0.0
79	r2	6.55	0.0	0.0
79	rnapol	0.55	0.0	0.0
80	__protein1_rbs	3.6	0.0	0.0
80	__protein2_rbs	3.65	0.0	0.0
80	__protein3_rbs	3.2	0.0	0.0
80	__ribosome	48.15	0.0	0.0
80	__rnase_site_ext	7.9	0.0	0.0
80	p0	0.95	0.0	0.0
80	p1	0.8	0.0	0.0
80	p2	0.6	0.0	0.0
80	protein1	163.45	7.0	2.5079166
80	protein2	160.1	7.95	2.48601185
80	protein3	131.5	6.6	2.3759523999999996
80	r0	6.95	0.0	0.0
80	r2	6.6	0.0	0.0
80	rnapol	0.5	0.0	0.0
81	__protein1_rbs	3.7	0.0	0.0
81	__protein2_rbs	3.95	0.0	0.0
81	__protein3_rbs	3.35	0.0	0.0
81	__ribosome	48.45	0.0	0.0
81	__rnase_site_ext	7.75	0.0	0.0
81	p0	0.95	0.0	0.0
81	p1	0.85	0.0	0.0
81	p2	0.65	0.0	0.0
81	protein1	166.55	7.0	2.5761905
81	protein2	163.9	8.05	2.4534524
81	protein3	134.65	6.65	2.3293253499999995
81	r0	6.85	0.0	0.0
81	r2	6.7	0.0	0.0
81	rnapol	0.6	0.0	0.0
82	__protein1_rbs	3.4	0.0	0.0
82	__protein2_rbs	3.9	0.0	0.0
82	__protein3_rbs	3.35	0.0	0.0
82	__ribosome	47.3	0.0	0.0
82	__rnase_site_ext	7.8	0.0	0.0
82	p0	0.95	0.0	0.0
82	p1	0.95	0.0	0.0
82	p2	0.9	0.0	0.0
82	protein1	169.75	6.85	2.6025199000000003
82	protein2	168.1	8.15	2.4147817500000004
82	protein3	137.05	6.65	2.4691125
82	r0	6.85	0.0	0.0
82	r2	6.85	0.0	0.0
82	rnapol	0.6	0.0	0.0
83	__protein1_rbs	3.6	0.0	0.0
83	__protein2_rbs	3.5	0.0	0.0
83	__protein3_rbs	3.35	0.0	0.0
83	__ribosome	46.9	0.0	0.0
83	__rnase_site_ext	7.85	0.0	0.0
83	p0	0.95	0.0	0.0
83	p1	0.8	0.0	0.0
83	p2	0.8	0.0	0.0
83	protein1	173.5	6.85	2.464127
83	protein2	171.25	8.15	2.56742425
83	protein3	140.35	6.75	2.4670887500000003
83	r0	6.8	0.0	0.0
83	r2	7.0	0.0	0.0
83	rnapol	0.8	0.0	0.0
84	__protein1_rbs	2.85	0.0	0.0
84	__protein2_rbs	3.85	0.0	0.0
84	__protein3_rbs	3.5	0.0	0.0
84	__ribosome	46.9	0.0	0.0
84	__rnase_site_ext	7.7	0.0	0.0
84	p0	0.95	0.0	0.0
84	p1	0.7	0.0	0.0
84	p2	0.75	0.0	0.0
84	protein1	176.95	6.75	2.50283735
84	protein2	175.35	8.2	2.5202994
84	protein3	143.5	7.05	2.30248735
84	r0	6.95	0.0	0.0
84	r2	6.85	0.0	0.0
84	rnapol	0.7	0.0	0.0
85	__protein1_rbs	3.55	0.0	0.0
85	__protein2_rbs	4.35	0.0	0.0
85	__protein3_rbs	3.75	0.0	0.0
85	__ribosome	47.3	0.0	0.0
85	__rnase_site_ext	7.9	0.0	0.0
85	p0	0.95	0.0	0.0
85	p1	0.7	0.0	0.0
85	p2	0.75	0.0	0.0
85	protein1	180.0	6.95	2.4552579000000003
85	protein2	179.2	8.4	2.45254145
85	protein3	146.85	7.0	2.3139159
85	r0	6.85	0.0	0.0
85	r2	6.95	0.0	0.0
85	rnapol	1.0	0.0	0.0
86	__protein1_rbs	3.65	0.0	0.0
86	__protein2_rbs	3.95	0.0	0.0
86	__protein3_rbs	3.1	0.0	0.0
86	__ribosome	46.2	0.0	0.0
86	__rnase_site_ext	8.05	0.0	0.0
86	p0	0.8	0.0	0.0
86	p1	0.8	0.0	0.0
86	p2	0.7	0.0	0.0
86	protein1	183.4	6.8	2.4153175
86	protein2	182.95	8.35	2.5344896
86	protein3	149.3	6.9	2.4921032500000004
86	r0	7.05	0.0	0.0
86	r2	7.0	0.0	0.0
86	rnapol	0.9	0.0	0.0
87	__protein1_rbs	3.65	0.0	0.0
87	__protein2_rbs	4.25	0.0	0.0
87	__protein3_rbs	3.75	0.0	0.0
87	__ribosome	46.55	0.0	0.0
87	__rnase_site_ext	8.1	0.0	0.0
87	p0	0.8	0.0	0.0
87	p1	0.8	0.0	0.0
87	p2	0.8	0.0	0.0
87	protein1	186.8	7.0	2.3312103
87	protein2	187.15	8.4	2.52297805
87	protein3	152.7	7.0	2.39194445
87	r0	7.05	0.0	0.0
87	r2	7.1	0.0	0.0
87	rnapol	1.0	0.0	0.0
88	__protein1_rbs	3.35	0.0	0.0
88	__protein2_rbs	4.25	0.0	0.0
88	__protein3_rbs	3.75	0.0	0.0
88	__ribosome	45.35	0.0	0.0
88	__rnase_site_ext	8.1	0.0	0.0
88	p0	0.8	0.0	0.0
88	p1	0.9	0.0	0.0
88	p2	0.8	0.0	0.0
88	protein1	189.6	7.1	2.4804365500000003
88	protein2	190.95	8.2	2.6284919999999996
88	protein3	156.2	7.1	2.35533735
88	r0	7.1	0.0	0.0
88	r2	7.25	0.0	0.0
88	rnapol	0.95	0.0	0.0
89	__protein1_rbs	3.2	0.0	0.0
89	__protein2_rbs	4.0	0.0	0.0
89	__protein3_rbs	3.9	0.0	0.0
89	__ribosome	44.85	0.0	0.0
89	__rnase_site_ext	8.25	0.0	0.0
89	p0	0.9	0.0	0.0
89	p1	0.9	0.0	0.0
89	p2	0.75	0.0	0.0
89	protein1	192.7	7.1	2.54843255
89	protein2	195.25	8.25	2.5417262000000003
89	protein3	159.1	7.15	2.3796826
89	r0	7.3	0.0	0.0
89	r2	7.3	0.0	0.0
89	rnapol	1.1	0.0	0.0
90	__protein1_rbs	4.05	0.0	0.0
90	__protein2_rbs	4.2	0.0	0.0
90	__protein3_rbs	3.75	0.0	0.0
90	__ribosome	45.4	0.0	0.0
90	__rnase_site_ext	8.5	0.0	0.0
90	p0	0.85	0.0	0.0
90	p1	0.9	0.0	0.0
90	p2	0.75	0.0	0.0
90	protein1	196.2	7.3	2.35293645
90	protein2	198.9	8.25	2.55121025
90	protein3	162.6	7.25	2.3490873500000005
90	r0	7.45	0.0	0.0
90	r2	7.45	0.0	0.0
90	rnapol	0.95	0.0	0.0
91	__protein1_rbs	3.7	0.0	0.0
91	__protein2_rbs	4.0	0.0	0.0
91	__protein3_rbs	4.05	0.0	0.0
91	__ribosome	45.3	0.0	0.0
91	__rnase_site_ext	8.55	0.0	0.0
91	p0	0.95	0.0	0.0
91	p1	0.85	0.0	0.0
91	p2	0.8	0.0	0.0
91	protein1	199.3	7.45	2.33111105
91	protein2	203.5	8.3	2.4919643000000007
91	protein3	165.75	7.35	2.34170635
91	r0	7.6	0.0	0.0
91	r2	7.5	0.0	0.0
91	rnapol	0.95	0.0	0.0
92	__protein1_rbs	4.1	0.0	0.0
92	__protein2_rbs	4.1	0.0	0.0
92	__protein3_rbs	3.85	0.0	0.0
92	__ribosome	46.15	0.0	0.0
92	__rnase_site_ext	8.6	0.0	0.0
92	p0	0.65	0.0	0.0
92	p1	0.9	0.0	0.0
92	p2	0.75	0.0	0.0
92	protein1	203.05	7.55	2.2958333000000004
92	protein2	207.7	8.4	2.38874995
92	protein3	169.3	7.45	2.2900595
92	r0	7.6	0.0	0.0
92	r2	7.6	0.0	0.0
92	rnapol	0.6	0.0	0.0
93	__protein1_rbs	3.95	0.0	0.0
93	__protein2_rbs	4.65	0.0	0.0
93	__protein3_rbs	3.9	0.0	0.0
93	__ribosome	45.35	0.0	0.0
93	__rnase_site_ext	8.8	0.0	0.0
93	p0	0.8	0.0	0.0
93	p1	0.9	0.0	0.0
93	p2	0.75	0.0	0.0
93	protein1	206.15	7.6	2.3599964
93	protein2	211.25	8.4	2.4182539000000003
93	protein3	172.45	7.6	2.2705357000000004
93	r0	7.75	0.0	0.0
93	r2	7.7	0.0	0.0
93	rnapol	0.65	0.0	0.0
94	__protein1_rbs	4.4	0.0	0.0
94	__protein2_rbs	4.65	0.0	0.0
94	__protein3_rbs	4.1	0.0	0.0
94	__ribosome	45.75	0.0	0.0
94	__rnase_site_ext	8.8	0.0	0.0
94	p0	0.95	0.0	0.0
94	p1	0.7	0.0	0.0
94	p2	0.8	0.0	0.0
94	protein1	209.75	7.75	2.2570454
94	protein2	215.35	8.45	2.3812301
94	protein3	175.85	7.6	2.2682936
94	r0	7.9	0.0	0.0
94	r2	7.6	0.0	0.0
94	rnapol	0.7	0.0	0.0
95	__protein1_rbs	4.5	0.0	0.0
95	__protein2_rbs	4.8	0.0	0.0
95	__protein3_rbs	4.2	0.0	0.0
95	__ribosome	46.2	0.0	0.0
95	__rnase_site_ext	8.9	0.0	0.0
95	p0	0.85	0.0	0.0
95	p1	0.8	0.0	0.0
95	p2	0.9	0.0	0.0
95	protein1	213.15	7.85	2.225009
95	protein2	219.5	8.55	2.3122601000000005
95	protein3	179.25	7.6	2.2815873
95	r0	7.8	0.0	0.0
95	r2	7.7	0.0	0.0
95	rnapol	0.7	0.0	0.0
96	__protein1_rbs	4.15	0.0	0.0
96	__protein2_rbs	4.2	0.0	0.0
96	__protein3_rbs	4.1	0.0	0.0
96	__ribosome	45.6	0.0	0.0
96	__rnase_site_ext	9.0	0.0	0.0
96	p0	0.9	0.0	0.0
96	p1	0.7	0.0	0.0
96	p2	0.9	0.0	0.0
96	protein1	216.5	7.85	2.2687589500000005
96	protein2	223.75	8.5	2.3182882
96	protein3	182.35	7.75	2.3046049
96	r0	7.95	0.0	0.0
96	r2	7.75	0.0	0.0
96	rnapol	0.7	0.0	0.0
97	__protein1_rbs	3.6	0.0	0.0
97	__protein2_rbs	4.7	0.0	0.0
97	__protein3_rbs	3.95	0.0	0.0
97	__ribosome	44.7	0.0	0.0
97	__rnase_site_ext	9.1	0.0	0.0
97	p0	0.8	0.0	0.0
97	p1	0.7	0.0	0.0
97	p2	0.9	0.0	0.0
97	protein1	220.0	7.95	2.30109835
97	protein2	227.55	8.6	2.2563113500000003
97	protein3	185.55	7.8	2.34637265
97	r0	8.1	0.0	0.0
97	r2	7.85	0.0	0.0
97	rnapol	0.55	0.0	0.0
98	__protein1_rbs	4.35	0.0	0.0
98	__protein2_rbs	4.25	0.0	0.0
98	__protein3_rbs	4.15	0.0	0.0
98	__ribosome	44.0	0.0	0.0
98	__rnase_site_ext	9.4	0.0	0.0
98	p0	0.85	0.0	0.0
98	p1	0.6	0.0	0.0
98	p2	0.85	0.0	0.0
98	protein1	223.5	8.0	2.2762156999999994
98	protein2	231.1	8.7	2.35383295
98	protein3	189.0	7.85	2.3219912999999996
98	r0	8.25	0.0	0.0
98	r2	7.8	0.0	0.0
98	rnapol	0.5	0.0	0.0
99	__protein1_rbs	4.25	0.0	0.0
99	__protein2_rbs	4.65	0.0	0.0
99	__protein3_rbs	4.2	0.0	0.0
99	__ribosome	44.2	0.0	0.0
99	__rnase_site_ext	9.25	0.0	0.0
99	p0	0.95	0.0	0.0
99	p1	0.75	0.0	0.0
99	p2	0.9	0.0	0.0
99	protein1	226.95	8.25	2.22505045
99	protein2	235.2	8.85	2.2732124499999995
99	protein3	192.55	7.85	2.30780665
99	r0	8.4	0.0	0.0
99	r2	7.85	0.0	0.0
99	rnapol	0.45	0.0	0.0
100	__protein1_rbs	4.4	0.0	0.0
100	__protein2_rbs	4.25	0.0	0.0
100	__protein3_rbs	4.05	0.0	0.0
100	__ribosome	42.85	0.0	0.0
100	__rnase_site_ext	9.3	0.0	0.0
100	p0	0.95	0.0	0.0
100	p1	0.7	0.0	0.0
100	p2	0.7	0.0	0.0
100	protein1	230.25	8.4	2.26016045
100	protein2	238.75	8.8	2.34995675
100	protein3	196.3	7.85	2.33172615
100	r0	8.3	0.0	0.0
100	r2	7.8	0.0	0.0
100	rnapol	0.5	0.0	0.0
101	__protein1_rbs	4.2	0.0	0.0
101	__protein2_rbs	5.35	0.0	0.0
101	__protein3_rbs	4.05	0.0	0.0
101	__ribosome	42.5	0.0	0.0
101	__rnase_site_ext	9.35	0.0	0.0
101	p0	1.0	0.0	0.0
101	p1	0.65	0.0	0.0
101	p2	0.8	0.0	0.0
101	protein1	233.95	8.3	2.31685605
101	protein2	242.3	8.9	2.34815305
101	protein3	199.5	7.85	2.3842261500000004
101	r0	8.25	0.0	0.0
101	r2	7.65	0.0	0.0
101	rnapol	0.65	0.0	0.0
102	__protein1_rbs	4.4	0.0	0.0
102	__protein2_rbs	4.6	0.0	0.0
102	__protein3_rbs	4.45	0.0	0.0
102	__ribosome	43.1	0.0	0.0
102	__rnase_site_ext	9.15	0.0	0.0
102	p0	0.9	0.0	0.0
102	p1	0.65	0.0	0.0
102	p2	0.7	0.0	0.0
102	protein1	237.75	8.25	2.2968885
102	protein2	246.4	8.95	2.307952750000001
102	protein3	203.15	7.85	2.385853200000001
102	r0	8.2	0.0	0.0
102	r2	7.65	0.0	0.0
102	rnapol	0.75	0.0	0.0
103	__protein1_rbs	4.6	0.0	0.0
103	__protein2_rbs	4.8	0.0	0.0
103	__protein3_rbs	4.05	0.0	0.0
103	__ribosome	42.5	0.0	0.0
103	__rnase_site_ext	9.2	0.0	0.0
103	p0	0.85	0.0	0.0
103	p1	0.75	0.0	0.0
103	p2	0.65	0.0	0.0
103	protein1	241.4	8.2	2.2624476500000004
103	protein2	250.0	9.1	2.2871482999999997
103	protein3	206.55	7.8	2.44408725
103	r0	8.2	0.0	0.0
103	r2	7.6	0.0	0.0
103	rnapol	0.65	0.0	0.0
104	__protein1_rbs	4.15	0.0	0.0
104	__protein2_rbs	4.55	0.0	0.0
104	__protein3_rbs	4.0	0.0	0.0
104	__ribosome	42.4	0.0	0.0
104	__rnase_site_ext	9.15	0.0	0.0
104	p0	1.0	0.0	0.0
104	p1	0.75	0.0	0.0
104	p2	0.65	0.0	0.0
104	protein1	244.95	8.2	2.3223359
104	protein2	253.95	9.2	2.30244535
104	protein3	210.55	7.8	2.34107325
104	r0	8.15	0.0	0.0
104	r2	7.6	0.0	0.0
104	rnapol	0.8	0.0	0.0
105	__protein1_rbs	4.65	0.0	0.0
105	__protein2_rbs	4.85	0.0	0.0
105	__protein3_rbs	4.0	0.0	0.0
105	__ribosome	42.7	0.0	0.0
105	__rnase_site_ext	8.95	0.0	0.0
105	p0	0.9	0.0	0.0
105	p1	0.8	0.0	0.0
105	p2	0.5	0.0	0.0
105	protein1	248.5	8.2	2.27390505
105	protein2	258.3	9.3	2.2366353
105	protein3	214.1	7.65	2.44255945
105	r0	8.1	0.0	0.0
105	r2	7.65	0.0	0.0
105	rnapol	0.65	0.0	0.0
106	__protein1_rbs	4.65	0.0	0.0
106	__protein2_rbs	5.35	0.0	0.0
106	__protein3_rbs	4.6	0.0	0.0
106	__ribosome	43.25	0.0	0.0
106	__rnase_site_ext	9.15	0.0	0.0
106	p0	0.9	0.0	0.0
106	p1	0.6	0.0	0.0
106	p2	0.75	0.0	0.0
106	protein1	252.1	8.1	2.2825956000000005
106	protein2	262.25	9.35	2.2295909500000004
106	protein3	217.4	7.85	2.34341265
106	r0	8.1	0.0	0.0
106	r2	7.7	0.0	0.0
106	rnapol	0.55	0.0	0.0
107	__protein1_rbs	4.3	0.0	0.0
107	__protein2_rbs	4.7	0.0	0.0
107	__protein3_rbs	3.75	0.0	0.0
107	__ribosome	42.3	0.0	0.0
107	__rnase_site_ext	9.3	0.0	0.0
107	p0	1.0	0.0	0.0
107	p1	0.7	0.0	0.0
107	p2	0.75	0.0	0.0
107	protein1	256.1	8.05	2.29878425
107	protein2	265.85	9.6	2.31212945
107	protein3	221.15	7.75	2.3808911
107	r0	8.2	0.0	0.0
107	r2	7.85	0.0	0.0
107	rnapol	0.55	0.0	0.0
108	__protein1_rbs	4.45	0.0	0.0
108	__protein2_rbs	5.25	0.0	0.0
108	__protein3_rbs	3.95	0.0	0.0
108	__ribosome	41.7	0.0	0.0
108	__rnase_site_ext	9.3	0.0	0.0
108	p0	0.95	0.0	0.0
108	p1	0.8	0.0	0.0
108	p2	0.65	0.0	0.0
108	protein1	259.05	8.2	2.3102471
108	protein2	270.2	9.8	2.28316965
108	protein3	224.7	7.9	2.3570436000000003
108	r0	8.2	0.0	0.0
108	r2	8.1	0.0	0.0
108	rnapol	0.65	0.0	0.0
109	__protein1_rbs	3.95	0.0	0.0
109	__protein2_rbs	5.25	0.0	0.0
109	__protein3_rbs	4.25	0.0	0.0
109	__ribosome	41.95	0.0	0.0
109	__rnase_site_ext	9.1	0.0	0.0
109	p0	0.9	0.0	0.0
109	p1	0.9	0.0	0.0
109	p2	0.65	0.0	0.0
109	protein1	263.05	8.2	2.3105284999999998
109	protein2	274.4	9.85	2.2724438
109	protein3	228.5	8.0	2.2717461
109	r0	8.25	0.0	0.0
109	r2	8.15	0.0	0.0
109	rnapol	0.7	0.0	0.0
110	__protein1_rbs	4.7	0.0	0.0
110	__protein2_rbs	5.0	0.0	0.0
110	__protein3_rbs	4.4	0.0	0.0
110	__ribosome	41.85	0.0	0.0
110	__rnase_site_ext	9.25	0.0	0.0
110	p0	0.85	0.0	0.0
110	p1	0.95	0.0	0.0
110	p2	0.7	0.0	0.0
110	protein1	266.9	8.25	2.2261382000000003
110	protein2	278.4	9.85	2.33408315
110	protein3	232.05	8.1	2.23205805
110	r0	8.2	0.0	0.0
110	r2	8.15	0.0	0.0
110	rnapol	0.7	0.0	0.0
111	__protein1_rbs	4.45	0.0	0.0
111	__protein2_rbs	5.3	0.0	0.0
111	__protein3_rbs	4.2	0.0	0.0
111	__ribosome	40.3	0.0	0.0
111	__rnase_site_ext	9.35	0.0	0.0
111	p0	0.9	0.0	0.0
111	p1	0.8	0.0	0.0
111	p2	0.7	0.0	0.0
111	protein1	269.8	8.2	2.3112896500000004
111	protein2	282.65	9.75	2.3370725
111	protein3	235.0	8.15	2.31339465
111	r0	8.15	0.0	0.0
111	r2	8.35	0.0	0.0
111	rnapol	0.8	0.0	0.0
112	__protein1_rbs	4.2	0.0	0.0
112	__protein2_rbs	4.95	0.0	0.0
112	__protein3_rbs	4.5	0.0	0.0
112	__ribosome	41.4	0.0	0.0
112	__rnase_site_ext	9.3	0.0	0.0
112	p0	1.0	0.0	0.0
112	p1	0.75	0.0	0.0
112	p2	0.6	0.0	0.0
112	protein1	273.3	8.2	2.33321975
112	protein2	287.45	9.65	2.28355795
112	protein3	238.95	8.3	2.2095147999999996
112	r0	8.15	0.0	0.0
112	r2	8.45	0.0	0.0
112	rnapol	0.9	0.0	0.0
113	__protein1_rbs	4.45	0.0	0.0
113	__protein2_rbs	4.65	0.0	0.0
113	__protein3_rbs	5.35	0.0	0.0
113	__ribosome	40.8	0.0	0.0
113	__rnase_site_ext	9.1	0.0	0.0
113	p0	0.8	0.0	0.0
113	p1	0.8	0.0	0.0
113	p2	0.65	0.0	0.0
113	protein1	276.9	8.15	2.3213546000000003
113	protein2	291.55	9.8	2.32721735
113	protein3	242.35	8.4	2.1663961
113	r0	8.05	0.0	0.0
113	r2	8.5	0.0	0.0
113	rnapol	0.95	0.0	0.0
114	__protein1_rbs	4.55	0.0	0.0
114	__protein2_rbs	4.95	0.0	0.0
114	__protein3_rbs	4.25	0.0	0.0
114	__ribosome	40.3	0.0	0.0
114	__rnase_site_ext	9.3	0.0	0.0
114	p0	0.85	0.0	0.0
114	p1	0.8	0.0	0.0
114	p2	0.75	0.0	0.0
114	protein1	280.8	8.15	2.27061685
114	protein2	295.95	9.75	2.35695095
114	protein3	245.45	8.45	2.23795635
114	r0	8.1	0.0	0.0
114	r2	8.6	0.0	0.0
114	rnapol	0.95	0.0	0.0
115	__protein1_rbs	4.85	0.0	0.0
115	__protein2_rbs	5.3	0.0	0.0
115	__protein3_rbs	4.5	0.0	0.0
115	__ribosome	40.75	0.0	0.0
115	__rnase_site_ext	9.45	0.0	0.0
115	p0	0.7	0.0	0.0
115	p1	0.95	0.0	0.0
115	p2	0.85	0.0	0.0
115	protein1	284.45	8.1	2.1685497499999995
115	protein2	299.65	9.9	2.3830321
115	protein3	249.55	8.55	2.19045805
115	r0	8.25	0.0	0.0
115	r2	8.7	0.0	0.0
115	rnapol	0.85	0.0	0.0
116	__protein1_rbs	4.2	0.0	0.0
116	__protein2_rbs	5.6	0.0	0.0
116	__protein3_rbs	4.9	0.0	0.0
116	__ribosome	41.3	0.0	0.0
116	__rnase_site_ext	9.45	0.0	0.0
116	p0	0.95	0.0	0.0
116	p1	0.9	0.0	0.0
116	p2	0.95	0.0	0.0
116	protein1	287.95	8.25	2.2026767000000005
116	protein2	304.9	9.75	2.3040891
116	protein3	253.3	8.75	2.2101452
116	r0	8.45	0.0	0.0
116	r2	8.85	0.0	0.0
116	rnapol	0.95	0.0	0.0
117	__protein1_rbs	4.45	0.0	0.0
117	__protein2_rbs	5.1	0.0	0.0
117	__protein3_rbs	4.8	0.0	0.0
117	__ribosome	41.0	0.0	0.0
117	__rnase_site_ext	9.55	0.0	0.0
117	p0	1.0	0.0	0.0
117	p1	0.9	0.0	0.0
117	p2	0.95	0.0	0.0
117	protein1	291.55	8.45	2.1599820000000003
117	protein2	309.3	9.7	2.3344642999999996
117	protein3	256.7	8.8	2.24425115
117	r0	8.5	0.0	0.0
117	r2	8.75	0.0	0.0
117	rnapol	1.1	0.0	0.0
118	__protein1_rbs	4.5	0.0	0.0
118	__protein2_rbs	4.85	0.0	0.0
118	__protein3_rbs	4.55	0.0	0.0
118	__ribosome	39.95	0.0	0.0
118	__rnase_site_ext	9.85	0.0	0.0
118	p0	0.8	0.0	0.0
118	p1	0.75	0.0	0.0
118	p2	0.8	0.0	0.0
118	protein1	294.95	8.5	2.1777922499999995
118	protein2	313.45	9.6	2.3406349
118	protein3	260.4	8.85	2.27325065
118	r0	8.6	0.0	0.0
118	r2	8.6	0.0	0.0
118	rnapol	1.0	0.0	0.0
119	__protein1_rbs	4.75	0.0	0.0
119	__protein2_rbs	5.4	0.0	0.0
119	__protein3_rbs	4.4	0.0	0.0
119	__ribosome	40.2	0.0	0.0
119	__rnase_site_ext	9.95	0.0	0.0
119	p0	0.8	0.0	0.0
119	p1	0.7	0.0	0.0
119	p2	0.85	0.0	0.0
119	protein1	298.5	8.5	2.19561325
119	protein2	318.1	9.65	2.23906025
119	protein3	264.15	8.85	2.33611555
119	r0	8.75	0.0	0.0
119	r2	8.55	0.0	0.0
119	rnapol	0.85	0.0	0.0
120	__protein1_rbs	4.7	0.0	0.0
120	__protein2_rbs	5.1	0.0	0.0
120	__protein3_rbs	4.9	0.0	0.0
120	__ribosome	39.15	0.0	0.0
120	__rnase_site_ext	10.05	0.0	0.0
120	p0	0.9	0.0	0.0
120	p1	0.85	0.0	0.0
120	p2	0.8	0.0	0.0
120	protein1	301.45	8.75	2.2275577
120	protein2	322.45	9.8	2.25416485
120	protein3	267.75	8.6	2.3746955
120	r0	8.75	0.0	0.0
120	r2	8.55	0.0	0.0
120	rnapol	0.85	0.0	0.0
121	__protein1_rbs	4.9	0.0	0.0
121	__protein2_rbs	5.35	0.0	0.0
121	__protein3_rbs	4.95	0.0	0.0
121	__ribosome	39.85	0.0	0.0
121	__rnase_site_ext	10.25	0.0	0.0
121	p0	0.85	0.0	0.0
121	p1	0.9	0.0	0.0
121	p2	0.95	0.0	0.0
121	protein1	305.35	8.75	2.1918272
121	protein2	326.6	9.85	2.2575595
121	protein3	271.7	8.6	2.31628285
121	r0	8.9	0.0	0.0
121	r2	8.65	0.0	0.0
121	rnapol	0.95	0.0	0.0
122	__protein1_rbs	5.65	0.0	0.0
122	__protein2_rbs	5.7	0.0	0.0
122	__protein3_rbs	4.7	0.0	0.0
122	__ribosome	40.6	0.0	0.0
122	__rnase_site_ext	10.5	0.0	0.0
122	p0	0.85	0.0	0.0
122	p1	0.65	0.0	0.0
122	p2	0.9	0.0	0.0
122	protein1	308.9	8.9	2.1122240500000005
122	protein2	330.85	9.85	2.21463565
122	protein3	275.85	8.7	2.29003075
122	r0	9.0	0.0	0.0
122	r2	8.7	0.0	0.0
122	rnapol	0.9	0.0	0.0
123	__protein1_rbs	4.95	0.0	0.0
123	__protein2_rbs	5.3	0.0	0.0
123	__protein3_rbs	4.4	0.0	0.0
123	__ribosome	39.25	0.0	0.0
123	__rnase_site_ext	10.25	0.0	0.0
123	p0	0.9	0.0	0.0
123	p1	0.65	0.0	0.0
123	p2	0.9	0.0	0.0
123	protein1	312.65	9.0	2.13892665
123	protein2	334.85	9.7	2.3172871
123	protein3	279.5	8.8	2.342344850000001
123	r0	9.1	0.0	0.0
123	r2	8.65	0.0	0.0
123	rnapol	0.95	0.0	0.0
124	__protein1_rbs	5.15	0.0	0.0
124	__protein2_rbs	5.85	0.0	0.0
124	__protein3_rbs	4.45	0.0	0.0
124	__ribosome	39.4	0.0	0.0
124	__rnase_site_ext	10.45	0.0	0.0
124	p0	0.85	0.0	0.0
124	p1	0.75	0.0	0.0
124	p2	0.8	0.0	0.0
124	protein1	316.25	9.1	2.15363095
124	protein2	339.0	9.9	2.2156084
124	protein3	283.65	8.75	2.3353806
124	r0	9.15	0.0	0.0
124	r2	8.65	0.0	0.0
124	rnapol	0.9	0.0	0.0
125	__protein1_rbs	5.3	0.0	0.0
125	__protein2_rbs	5.35	0.0	0.0
125	__protein3_rbs	4.85	0.0	0.0
125	__ribosome	38.8	0.0	0.0
125	__rnase_site_ext	10.65	0.0	0.0
125	p0	0.85	0.0	0.0
125	p1	0.7	0.0	0.0
125	p2	0.75	0.0	0.0
125	protein1	320.1	9.1	2.1444553
125	protein2	343.3	10.05	2.20431145
125	protein3	287.0	8.7	2.398923150000001
125	r0	9.3	0.0	0.0
125	r2	8.7	0.0	0.0
125	rnapol	0.8	0.0	0.0
126	__protein1_rbs	5.15	0.0	0.0
126	__protein2_rbs	5.35	0.0	0.0
126	__protein3_rbs	4.3	0.0	0.0
126	__ribosome	38.4	0.0	0.0
126	__rnase_site_ext	10.7	0.0	0.0
126	p0	0.9	0.0	0.0
126	p1	0.75	0.0	0.0
126	p2	0.75	0.0	0.0
126	protein1	324.2	9.25	2.08128255
126	protein2	347.5	10.15	2.2054781
126	protein3	291.0	8.65	2.4426081500000003
126	r0	9.35	0.0	0.0
126	r2	8.8	0.0	0.0
126	rnapol	0.7	0.0	0.0
127	__protein1_rbs	5.3	0.0	0.0
127	__protein2_rbs	5.05	0.0	0.0
127	__protein3_rbs	5.75	0.0	0.0
127	__ribosome	38.55	0.0	0.0
127	__rnase_site_ext	10.4	0.0	0.0
127	p0	1.0	0.0	0.0
127	p1	0.6	0.0	0.0
127	p2	0.8	0.0	0.0
127	protein1	327.45	9.4	2.07143935
127	protein2	351.8	10.25	2.2624253
127	protein3	294.9	8.75	2.2468669
127	r0	9.4	0.0	0.0
127	r2	8.75	0.0	0.0
127	rnapol	0.85	0.0	0.0
128	__protein1_rbs	5.25	0.0	0.0
128	__protein2_rbs	6.05	0.0	0.0
128	__protein3_rbs	4.8	0.0	0.0
128	__ribosome	39.75	0.0	0.0
128	__rnase_site_ext	10.3	0.0	0.0
128	p0	0.95	0.0	0.0
128	p1	0.75	0.0	0.0
128	p2	0.75	0.0	0.0
128	protein1	331.55	9.4	2.0373232
128	protein2	356.45	10.1	2.22597505
128	protein3	299.1	8.85	2.1775494
128	r0	9.15	0.0	0.0
128	r2	8.85	0.0	0.0
128	rnapol	0.95	0.0	0.0
129	__protein1_rbs	4.85	0.0	0.0
129	__protein2_rbs	5.25	0.0	0.0
129	__protein3_rbs	4.85	0.0	0.0
129	__ribosome	39.1	0.0	0.0
129	__rnase_site_ext	10.4	0.0	0.0
129	p0	0.95	0.0	0.0
129	p1	0.8	0.0	0.0
129	p2	0.7	0.0	0.0
129	protein1	335.45	9.25	2.10804105
129	protein2	360.6	10.25	2.2658998500000003
129	protein3	303.0	8.8	2.1871002499999994
129	r0	9.2	0.0	0.0
129	r2	8.85	0.0	0.0
129	rnapol	0.95	0.0	0.0
130	__protein1_rbs	4.7	0.0	0.0
130	__protein2_rbs	5.85	0.0	0.0
130	__protein3_rbs	5.0	0.0	0.0
130	__ribosome	38.85	0.0	0.0
130	__rnase_site_ext	10.15	0.0	0.0
130	p0	0.95	0.0	0.0
130	p1	0.8	0.0	0.0
130	p2	0.7	0.0	0.0
130	protein1	338.75	9.2	2.20515325
130	protein2	364.85	10.35	2.1917048
130	protein3	307.0	8.9	2.1264369999999997
130	r0	8.95	0.0	0.0
130	r2	9.05	0.0	0.0
130	rnapol	1.0	0.0	0.0
131	__protein1_rbs	5.15	0.0	0.0
131	__protein2_rbs	5.45	0.0	0.0
131	__protein3_rbs	5.25	0.0	0.0
131	__ribosome	39.8	0.0	0.0
131	__rnase_site_ext	10.0	0.0	0.0
131	p0	0.95	0.0	0.0
131	p1	0.75	0.0	0.0
131	p2	0.75	0.0	0.0
131	protein1	342.85	9.05	2.2146932999999995
131	protein2	369.45	10.3	2.210449
131	protein3	311.25	9.05	2.0087971000000002
131	r0	8.8	0.0	0.0
131	r2	8.95	0.0	0.0
131	rnapol	1.0	0.0	0.0
132	__protein1_rbs	5.05	0.0	0.0
132	__protein2_rbs	5.6	0.0	0.0
132	__protein3_rbs	5.15	0.0	0.0
132	__ribosome	39.6	0.0	0.0
132	__rnase_site_ext	9.95	0.0	0.0
132	p0	0.9	0.0	0.0
132	p1	0.7	0.0	0.0
132	p2	0.7	0.0	0.0
132	protein1	346.7	8.9	2.21122835
132	protein2	374.2	10.3	2.2135943
132	protein3	314.5	9.15	2.06216115
132	r0	8.8	0.0	0.0
132	r2	9.05	0.0	0.0
132	rnapol	1.0	0.0	0.0
133	__protein1_rbs	5.05	0.0	0.0
133	__protein2_rbs	5.85	0.0	0.0
133	__protein3_rbs	5.0	0.0	0.0
133	__ribosome	38.75	0.0	0.0
133	__rnase_site_ext	9.95	0.0	0.0
133	p0	0.95	0.0	0.0
133	p1	0.6	0.0	0.0
133	p2	0.75	0.0	0.0
133	protein1	350.2	8.75	2.2579149
133	protein2	378.45	10.4	2.2078596
133	protein3	317.8	9.15	2.1296115499999995
133	r0	8.75	0.0	0.0
133	r2	9.05	0.0	0.0
133	rnapol	1.05	0.0	0.0
134	__protein1_rbs	5.2	0.0	0.0
134	__protein2_rbs	5.3	0.0	0.0
134	__protein3_rbs	4.6	0.0	0.0
134	__ribosome	37.8	0.0	0.0
134	__rnase_site_ext	10.1	0.0	0.0
134	p0	0.85	0.0	0.0
134	p1	0.75	0.0	0.0
134	p2	0.65	0.0	0.0
134	protein1	354.2	8.8	2.1909578499999998
134	protein2	382.35	10.5	2.2669862000000003
134	protein3	321.6	9.05	2.2295508000000006
134	r0	8.8	0.0	0.0
134	r2	9.1	0.0	0.0
134	rnapol	1.0	0.0	0.0
135	__protein1_rbs	4.7	0.0	0.0
135	__protein2_rbs	6.5	0.0	0.0
135	__protein3_rbs	4.95	0.0	0.0
135	__ribosome	38.4	0.0	0.0
135	__rnase_site_ext	10.1	0.0	0.0
135	p0	0.85	0.0	0.0
135	p1	0.9	0.0	0.0
135	p2	0.85	0.0	0.0
135	protein1	358.55	8.7	2.1922619
135	protein2	386.7	10.55	2.1978511000000003
135	protein3	324.95	9.05	2.295398
135	r0	8.85	0.0	0.0
135	r2	8.95	0.0	0.0
135	rnapol	0.95	0.0	0.0
136	__protein1_rbs	4.85	0.0	0.0
136	__protein2_rbs	5.6	0.0	0.0
136	__protein3_rbs	5.25	0.0	0.0
136	__ribosome	38.05	0.0	0.0
136	__rnase_site_ext	10.2	0.0	0.0
136	p0	0.75	0.0	0.0
136	p1	1.0	0.0	0.0
136	p2	0.65	0.0	0.0
136	protein1	362.3	8.9	2.12284085
136	protein2	391.2	10.6	2.2303247
136	protein3	328.9	9.1	2.2473495999999997
136	r0	8.8	0.0	0.0
136	r2	9.05	0.0	0.0
136	rnapol	0.85	0.0	0.0
137	__protein1_rbs	5.9	0.0	0.0
137	__protein2_rbs	5.7	0.0	0.0
137	__protein3_rbs	6.0	0.0	0.0
137	__ribosome	40.5	0.0	0.0
137	__rnase_site_ext	10.3	0.0	0.0
137	p0	0.95	0.0	0.0
137	p1	0.9	0.0	0.0
137	p2	0.7	0.0	0.0
137	protein1	366.1	8.9	2.0241414000000004
137	protein2	396.5	10.6	2.1327581
137	protein3	332.5	9.15	2.1810757
137	r0	9.05	0.0	0.0
137	r2	9.1	0.0	0.0
137	rnapol	0.95	0.0	0.0
138	__protein1_rbs	5.0	0.0	0.0
138	__protein2_rbs	6.05	0.0	0.0
138	__protein3_rbs	4.8	0.0	0.0
138	__ribosome	39.1	0.0	0.0
138	__rnase_site_ext	10.45	0.0	0.0
138	p0	0.9	0.0	0.0
138	p1	0.9	0.0	0.0
138	p2	0.7	0.0	0.0
138	protein1	369.3	9.05	2.07142135
138	protein2	400.5	10.55	2.1854401999999995
138	protein3	336.45	9.1	2.22105145
138	r0	9.3	0.0	0.0
138	r2	9.0	0.0	0.0
138	rnapol	0.9	0.0	0.0
139	__protein1_rbs	5.05	0.0	0.0
139	__protein2_rbs	5.95	0.0	0.0
139	__protein3_rbs	5.15	0.0	0.0
139	__ribosome	39.3	0.0	0.0
139	__rnase_site_ext	10.3	0.0	0.0
139	p0	1.0	0.0	0.0
139	p1	0.9	0.0	0.0
139	p2	0.7	0.0	0.0
139	protein1	372.75	9.15	2.1076912
139	protein2	404.95	10.6	2.17242855
139	protein3	341.05	9.1	2.15594925
139	r0	9.15	0.0	0.0
139	r2	9.0	0.0	0.0
139	rnapol	1.05	0.0	0.0
140	__protein1_rbs	4.6	0.0	0.0
140	__protein2_rbs	6.3	0.0	0.0
140	__protein3_rbs	5.5	0.0	0.0
140	__ribosome	39.3	0.0	0.0
140	__rnase_site_ext	10.2	0.0	0.0
140	p0	0.9	0.0	0.0
140	p1	0.8	0.0	0.0
140	p2	0.8	0.0	0.0
140	protein1	376.5	9.25	2.1364881
140	protein2	409.25	10.6	2.18425665
140	protein3	345.3	9.1	2.10018605
140	r0	8.9	0.0	0.0
140	r2	9.15	0.0	0.0
140	rnapol	1.1	0.0	0.0
141	__protein1_rbs	5.35	0.0	0.0
141	__protein2_rbs	5.85	0.0	0.0
141	__protein3_rbs	5.05	0.0	0.0
141	__ribosome	38.8	0.0	0.0
141	__rnase_site_ext	10.3	0.0	0.0
141	p0	0.95	0.0	0.0
141	p1	0.85	0.0	0.0
141	p2	0.8	0.0	0.0
141	protein1	380.4	9.0	2.15286255
141	protein2	413.4	10.7	2.2261652000000005
141	protein3	348.8	9.15	2.1156928
141	r0	8.95	0.0	0.0
141	r2	9.05	0.0	0.0
141	rnapol	1.2	0.0	0.0
142	__protein1_rbs	4.65	0.0	0.0
142	__protein2_rbs	5.75	0.0	0.0
142	__protein3_rbs	5.05	0.0	0.0
142	__ribosome	36.65	0.0	0.0
142	__rnase_site_ext	10.2	0.0	0.0
142	p0	0.7	0.0	0.0
142	p1	0.85	0.0	0.0
142	p2	0.85	0.0	0.0
142	protein1	383.55	8.95	2.2769318000000003
142	protein2	418.25	10.6	2.2317712499999995
142	protein3	351.65	9.25	2.19214165
142	r0	9.0	0.0	0.0
142	r2	9.0	0.0	0.0
142	rnapol	1.1	0.0	0.0
143	__protein1_rbs	5.0	0.0	0.0
143	__protein2_rbs	5.9	0.0	0.0
143	__protein3_rbs	4.9	0.0	0.0
143	__ribosome	37.85	0.0	0.0
143	__rnase_site_ext	10.25	0.0	0.0
143	p0	0.9	0.0	0.0
143	p1	0.8	0.0	0.0
143	p2	0.9	0.0	0.0
143	protein1	387.45	8.9	2.2674621
143	protein2	423.15	10.6	2.17530365
143	protein3	355.95	9.05	2.2078374
143	r0	9.1	0.0	0.0
143	r2	9.1	0.0	0.0
143	rnapol	1.15	0.0	0.0
144	__protein1_rbs	5.25	0.0	0.0
144	__protein2_rbs	6.05	0.0	0.0
144	__protein3_rbs	5.15	0.0	0.0
144	__ribosome	38.05	0.0	0.0
144	__rnase_site_ext	10.45	0.0	0.0
144	p0	0.8	0.0	0.0
144	p1	0.85	0.0	0.0
144	p2	0.9	0.0	0.0
144	protein1	391.35	9.1	2.1439538
144	protein2	427.55	10.8	2.14008405
144	protein3	359.55	9.05	2.2113591
144	r0	9.05	0.0	0.0
144	r2	9.1	0.0	0.0
144	rnapol	1.05	0.0	0.0
145	__protein1_rbs	5.05	0.0	0.0
145	__protein2_rbs	5.85	0.0	0.0
145	__protein3_rbs	4.9	0.0	0.0
145	__ribosome	37.55	0.0	0.0
145	__rnase_site_ext	10.55	0.0	0.0
145	p0	0.85	0.0	0.0
145	p1	0.6	0.0	0.0
145	p2	0.95	0.0	0.0
145	protein1	395.5	9.1	2.13483415
145	protein2	431.85	10.8	2.1783165
145	protein3	363.2	9.1	2.26051335
145	r0	9.3	0.0	0.0
145	r2	9.0	0.0	0.0
145	rnapol	1.0	0.0	0.0
146	__protein1_rbs	5.25	0.0	0.0
146	__protein2_rbs	6.2	0.0	0.0
146	__protein3_rbs	5.5	0.0	0.0
146	__ribosome	38.3	0.0	0.0
146	__rnase_site_ext	10.75	0.0	0.0
146	p0	0.85	0.0	0.0
146	p1	0.7	0.0	0.0
146	p2	0.8	0.0	0.0
146	protein1	399.55	9.25	2.0683744500000003
146	protein2	436.05	11.0	2.1349218999999997
146	protein3	367.1	9.15	2.207278600000001
146	r0	9.5	0.0	0.0
146	r2	9.05	0.0	0.0
146	rnapol	1.0	0.0	0.0
147	__protein1_rbs	5.45	0.0	0.0
147	__protein2_rbs	6.3	0.0	0.0
147	__protein3_rbs	4.6	0.0	0.0
147	__ribosome	37.85	0.0	0.0
147	__rnase_site_ext	11.0	0.0	0.0
147	p0	0.75	0.0	0.0
147	p1	0.8	0.0	0.0
147	p2	0.75	0.0	0.0
147	protein1	403.25	9.35	2.03507105
147	protein2	440.85	11.05	2.11746975
147	protein3	371.1	9.05	2.27311855
147	r0	9.65	0.0	0.0
147	r2	8.85	0.0	0.0
147	rnapol	0.9	0.0	0.0
148	__protein1_rbs	5.95	0.0	0.0
148	__protein2_rbs	6.05	0.0	0.0
148	__protein3_rbs	5.2	0.0	0.0
148	__ribosome	37.55	0.0	0.0
148	__rnase_site_ext	11.2	0.0	0.0
148	p0	0.9	0.0	0.0
148	p1	0.95	0.0	0.0
148	p2	0.85	0.0	0.0
148	protein1	406.75	9.65	1.99756965
148	protein2	445.5	11.1	2.1171158999999995
148	protein3	374.85	9.05	2.2455977500000004
148	r0	9.8	0.0	0.0
148	r2	8.85	0.0	0.0
148	rnapol	0.8	0.0	0.0
149	__protein1_rbs	5.55	0.0	0.0
149	__protein2_rbs	6.1	0.0	0.0
149	__protein3_rbs	4.85	0.0	0.0
149	__ribosome	37.5	0.0	0.0
149	__rnase_site_ext	11.1	0.0	0.0
149	p0	0.9	0.0	0.0
149	p1	0.85	0.0	0.0
149	p2	0.8	0.0	0.0
149	protein1	410.55	9.8	1.9857927500000003
149	protein2	449.75	11.0	2.18151495
149	protein3	379.1	8.85	2.2116415000000003
149	r0	9.9	0.0	0.0
149	r2	8.9	0.0	0.0
149	rnapol	0.8	0.0	0.0
150	__protein1_rbs	5.6	0.0	0.0
150	__protein2_rbs	6.05	0.0	0.0
150	__protein3_rbs	5.4	0.0	0.0
150	__ribosome	37.1	0.0	0.0
150	__rnase_site_ext	11.3	0.0	0.0
150	p0	0.95	0.0	0.0
150	p1	0.9	0.0	0.0
150	p2	0.85	0.0	0.0
150	protein1	414.15	9.9	2.03681015
150	protein2	454.2	10.9	2.23056955
150	protein3	383.2	8.9	2.1046320000000005
150	r0	9.95	0.0	0.0
150	r2	8.9	0.0	0.0
150	rnapol	0.8	0.0	0.0
151	__protein1_rbs	6.0	0.0	0.0
151	__protein2_rbs	5.8	0.0	0.0
151	__protein3_rbs	4.5	0.0	0.0
151	__ribosome	36.7	0.0	0.0
151	__rnase_site_ext	11.25	0.0	0.0
151	p0	0.85	0.0	0.0
151	p1	0.65	0.0	0.0
151	p2	0.65	0.0	0.0
151	protein1	418.3	9.9	2.0196437000000005
151	protein2	459.0	10.75	2.2660402500000005
151	protein3	386.65	9.0	2.1926732
151	r0	10.0	0.0	0.0
151	r2	8.85	0.0	0.0
151	rnapol	0.75	0.0	0.0
152	__protein1_rbs	5.35	0.0	0.0
152	__protein2_rbs	5.85	0.0	0.0
152	__protein3_rbs	4.75	0.0	0.0
152	__ribosome	36.45	0.0	0.0
152	__rnase_site_ext	11.3	0.0	0.0
152	p0	0.95	0.0	0.0
152	p1	0.75	0.0	0.0
152	p2	0.65	0.0	0.0
152	protein1	422.4	9.95	2.0475278
152	protein2	463.25	10.9	2.2345941000000002
152	protein3	390.7	8.95	2.19016055
152	r0	10.05	0.0	0.0
152	r2	8.85	0.0	0.0
152	rnapol	0.7	0.0	0.0
153	__protein1_rbs	5.6	0.0	0.0
153	__protein2_rbs	5.6	0.0	0.0
153	__protein3_rbs	4.85	0.0	0.0
153	__ribosome	35.6	0.0	0.0
153	__rnase_site_ext	11.35	0.0	0.0
153	p0	0.95	0.0	0.0
153	p1	0.7	0.0	0.0
153	p2	0.8	0.0	0.0
153	protein1	425.75	10.0	2.1224953
153	protein2	468.55	10.95	2.2129658
153	protein3	394.2	8.85	2.23218245
153	r0	10.1	0.0	0.0
153	r2	9.1	0.0	0.0
153	rnapol	0.75	0.0	0.0
154	__protein1_rbs	5.45	0.0	0.0
154	__protein2_rbs	6.75	0.0	0.0
154	__protein3_rbs	5.1	0.0	0.0
154	__ribosome	35.95	0.0	0.0
154	__rnase_site_ext	11.3	0.0	0.0
154	p0	0.9	0.0	0.0
154	p1	0.7	0.0	0.0
154	p2	0.8	0.0	0.0
154	protein1	429.55	10.05	2.191653
154	protein2	473.1	11.0	2.14363375
154	protein3	398.0	8.9	2.16216085
154	r0	10.0	0.0	0.0
154	r2	9.2	0.0	0.0
154	rnapol	0.65	0.0	0.0
155	__protein1_rbs	5.6	0.0	0.0
155	__protein2_rbs	6.8	0.0	0.0
155	__protein3_rbs	4.7	0.0	0.0
155	__ribosome	35.55	0.0	0.0
155	__rnase_site_ext	11.15	0.0	0.0
155	p0	0.9	0.0	0.0
155	p1	0.6	0.0	0.0
155	p2	0.9	0.0	0.0
155	protein1	433.65	10.0	2.2155812000000004
155	protein2	477.9	11.1	2.069115350000001
155	protein3	401.5	9.2	2.2006638
155	r0	10.05	0.0	0.0
155	r2	9.25	0.0	0.0
155	rnapol	0.65	0.0	0.0
156	__protein1_rbs	5.65	0.0	0.0
156	__protein2_rbs	6.6	0.0	0.0
156	__protein3_rbs	5.6	0.0	0.0
156	__ribosome	36.55	0.0	0.0
156	__rnase_site_ext	11.4	0.0	0.0
156	p0	0.8	0.0	0.0
156	p1	0.65	0.0	0.0
156	p2	0.95	0.0	0.0
156	protein1	438.0	10.0	2.1890671000000004
156	protein2	482.35	11.25	2.0243486
156	protein3	405.65	9.25	2.1153734
156	r0	10.1	0.0	0.0
156	r2	9.2	0.0	0.0
156	rnapol	0.65	0.0	0.0
157	__protein1_rbs	5.5	0.0	0.0
157	__protein2_rbs	6.8	0.0	0.0
157	__protein3_rbs	5.3	0.0	0.0
157	__ribosome	36.5	0.0	0.0
157	__rnase_site_ext	11.4	0.0	0.0
157	p0	0.8	0.0	0.0
157	p1	0.8	0.0	0.0
157	p2	0.7	0.0	0.0
157	protein1	442.45	10.15	2.1517498999999995
157	protein2	487.0	11.4	1.97430115
157	protein3	409.3	9.3	2.1554491
157	r0	10.2	0.0	0.0
157	r2	9.2	0.0	0.0
157	rnapol	0.6	0.0	0.0
158	__protein1_rbs	5.85	0.0	0.0
158	__protein2_rbs	6.15	0.0	0.0
158	__protein3_rbs	5.35	0.0	0.0
158	__ribosome	35.85	0.0	0.0
158	__rnase_site_ext	11.5	0.0	0.0
158	p0	0.95	0.0	0.0
158	p1	0.9	0.0	0.0
158	p2	0.6	0.0	0.0
158	protein1	445.95	10.2	2.1754050000000005
158	protein2	491.95	11.35	1.9803684
158	protein3	413.2	9.3	2.1743099999999997
158	r0	10.25	0.0	0.0
158	r2	9.05	0.0	0.0
158	rnapol	0.6	0.0	0.0
159	__protein1_rbs	5.6	0.0	0.0
159	__protein2_rbs	6.85	0.0	0.0
159	__protein3_rbs	5.15	0.0	0.0
159	__ribosome	35.9	0.0	0.0
159	__rnase_site_ext	11.25	0.0	0.0
159	p0	1.0	0.0	0.0
159	p1	0.8	0.0	0.0
159	p2	0.7	0.0	0.0
159	protein1	450.75	10.2	2.14609705
159	protein2	496.0	11.3	2.0051404
159	protein3	417.0	9.2	2.2205857000000004
159	r0	10.15	0.0	0.0
159	r2	9.1	0.0	0.0
159	rnapol	0.75	0.0	0.0
160	__protein1_rbs	5.9	0.0	0.0
160	__protein2_rbs	6.25	0.0	0.0
160	__protein3_rbs	5.35	0.0	0.0
160	__ribosome	36.3	0.0	0.0
160	__rnase_site_ext	11.45	0.0	0.0
160	p0	0.9	0.0	0.0
160	p1	0.8	0.0	0.0
160	p2	0.6	0.0	0.0
160	protein1	454.85	10.2	2.12150755
160	protein2	500.3	11.3	2.04832625
160	protein3	421.35	9.1	2.16764375
160	r0	10.0	0.0	0.0
160	r2	9.3	0.0	0.0
160	rnapol	0.95	0.0	0.0
161	__protein1_rbs	5.8	0.0	0.0
161	__protein2_rbs	6.0	0.0	0.0
161	__protein3_rbs	5.55	0.0	0.0
161	__ribosome	35.85	0.0	0.0
161	__rnase_site_ext	11.3	0.0	0.0
161	p0	0.9	0.0	0.0
161	p1	0.85	0.0	0.0
161	p2	0.65	0.0	0.0
161	protein1	459.1	10.1	2.1550799000000005
161	protein2	504.4	11.35	2.0987156
161	protein3	425.0	9.15	2.1243965000000005
161	r0	10.1	0.0	0.0
161	r2	9.35	0.0	0.0
161	rnapol	1.0	0.0	0.0
162	__protein1_rbs	5.45	0.0	0.0
162	__protein2_rbs	6.6	0.0	0.0
162	__protein3_rbs	5.45	0.0	0.0
162	__ribosome	36.0	0.0	0.0
162	__rnase_site_ext	11.6	0.0	0.0
162	p0	0.9	0.0	0.0
162	p1	1.0	0.0	0.0
162	p2	0.6	0.0	0.0
162	protein1	463.8	10.05	2.15074255
162	protein2	508.7	11.45	2.09904225
162	protein3	428.95	9.3	2.0969152
162	r0	10.2	0.0	0.0
162	r2	9.3	0.0	0.0
162	rnapol	1.0	0.0	0.0
163	__protein1_rbs	5.6	0.0	0.0
163	__protein2_rbs	7.05	0.0	0.0
163	__protein3_rbs	5.4	0.0	0.0
163	__ribosome	35.65	0.0	0.0
163	__rnase_site_ext	11.3	0.0	0.0
163	p0	0.95	0.0	0.0
163	p1	0.95	0.0	0.0
163	p2	0.85	0.0	0.0
163	protein1	467.75	10.2	2.13946075
163	protein2	513.25	11.45	2.0932425500000003
163	protein3	432.85	9.55	2.04085965
163	r0	10.2	0.0	0.0
163	r2	9.55	0.0	0.0
163	rnapol	1.05	0.0	0.0
164	__protein1_rbs	5.15	0.0	0.0
164	__protein2_rbs	6.1	0.0	0.0
164	__protein3_rbs	5.65	0.0	0.0
164	__ribosome	35.35	0.0	0.0
164	__rnase_site_ext	11.25	0.0	0.0
164	p0	0.85	0.0	0.0
164	p1	0.75	0.0	0.0
164	p2	0.8	0.0	0.0
164	protein1	472.0	10.15	2.1612332000000003
164	protein2	518.15	11.4	2.1271134500000004
164	protein3	436.6	9.5	2.0049603
164	r0	9.95	0.0	0.0
164	r2	9.75	0.0	0.0
164	rnapol	0.85	0.0	0.0
165	__protein1_rbs	5.55	0.0	0.0
165	__protein2_rbs	6.55	0.0	0.0
165	__protein3_rbs	5.65	0.0	0.0
165	__ribosome	34.65	0.0	0.0
165	__rnase_site_ext	11.35	0.0	0.0
165	p0	0.9	0.0	0.0
165	p1	0.75	0.0	0.0
165	p2	0.85	0.0	0.0
165	protein1	476.4	10.05	2.1708874
165	protein2	522.25	11.45	2.1943827000000002
165	protein3	440.25	9.65	1.9779744
165	r0	10.0	0.0	0.0
165	r2	9.6	0.0	0.0
165	rnapol	0.75	0.0	0.0
166	__protein1_rbs	6.25	0.0	0.0
166	__protein2_rbs	7.15	0.0	0.0
166	__protein3_rbs	6.0	0.0	0.0
166	__ribosome	35.35	0.0	0.0
166	__rnase_site_ext	11.3	0.0	0.0
166	p0	0.95	0.0	0.0
166	p1	0.65	0.0	0.0
166	p2	0.8	0.0	0.0
166	protein1	480.15	10.05	2.16857725
166	protein2	526.9	11.45	2.1544354
166	protein3	444.25	9.65	1.9617117500000003
166	r0	10.05	0.0	0.0
166	r2	9.4	0.0	0.0
166	rnapol	0.95	0.0	0.0
167	__protein1_rbs	5.35	0.0	0.0
167	__protein2_rbs	6.4	0.0	0.0
167	__protein3_rbs	5.45	0.0	0.0
167	__ribosome	34.7	0.0	0.0
167	__rnase_site_ext	11.3	0.0	0.0
167	p0	0.75	0.0	0.0
167	p1	0.9	0.0	0.0
167	p2	0.8	0.0	0.0
167	protein1	484.6	10.1	2.1709865
167	protein2	532.2	11.7	2.0917785
167	protein3	447.85	9.65	2.0287067
167	r0	10.05	0.0	0.0
167	r2	9.5	0.0	0.0
167	rnapol	0.9	0.0	0.0
168	__protein1_rbs	5.9	0.0	0.0
168	__protein2_rbs	6.95	0.0	0.0
168	__protein3_rbs	5.75	0.0	0.0
168	__ribosome	36.15	0.0	0.0
168	__rnase_site_ext	11.3	0.0	0.0
168	p0	1.0	0.0	0.0
168	p1	0.9	0.0	0.0
168	p2	0.95	0.0	0.0
168	protein1	488.75	10.0	2.1777673500000003
168	protein2	537.1	11.7	2.06351125
168	protein3	452.15	9.55	1.9764696
168	r0	10.05	0.0	0.0
168	r2	9.45	0.0	0.0
168	rnapol	1.05	0.0	0.0
169	__protein1_rbs	5.8	0.0	0.0
169	__protein2_rbs	6.8	0.0	0.0
169	__protein3_rbs	5.6	0.0	0.0
169	__ribosome	36.35	0.0	0.0
169	__rnase_site_ext	11.3	0.0	0.0
169	p0	0.85	0.0	0.0
169	p1	0.75	0.0	0.0
169	p2	1.0	0.0	0.0
169	protein1	493.5	10.0	2.14180195
169	protein2	541.75	11.75	2.02563875
169	protein3	455.5	9.55	2.03759825
169	r0	10.0	0.0	0.0
169	r2	9.5	0.0	0.0
169	rnapol	1.1	0.0	0.0
170	__protein1_rbs	5.35	0.0	0.0
170	__protein2_rbs	7.35	0.0	0.0
170	__protein3_rbs	5.1	0.0	0.0
170	__ribosome	36.0	0.0	0.0
170	__rnase_site_ext	11.4	0.0	0.0
170	p0	0.9	0.0	0.0
170	p1	0.85	0.0	0.0
170	p2	0.8	0.0	0.0
170	protein1	497.7	10.05	2.1213952000000003
170	protein2	546.45	11.8	1.97008415
170	protein3	459.0	9.6	2.1117487000000006
170	r0	10.15	0.0	0.0
170	r2	9.4	0.0	0.0
170	rnapol	1.2	0.0	0.0
171	__protein1_rbs	5.55	0.0	0.0
171	__protein2_rbs	6.85	0.0	0.0
171	__protein3_rbs	5.25	0.0	0.0
171	__ribosome	35.45	0.0	0.0
171	__rnase_site_ext	11.45	0.0	0.0
171	p0	0.85	0.0	0.0
171	p1	0.75	0.0	0.0
171	p2	0.7	0.0	0.0
171	protein1	501.9	10.25	2.0696695000000003
171	protein2	550.75	11.9	1.9985941999999999
171	protein3	463.2	9.5	2.09500065
171	r0	9.95	0.0	0.0
171	r2	9.3	0.0	0.0
171	rnapol	1.05	0.0	0.0
172	__protein1_rbs	5.65	0.0	0.0
172	__protein2_rbs	7.25	0.0	0.0
172	__protein3_rbs	5.7	0.0	0.0
172	__ribosome	35.75	0.0	0.0
172	__rnase_site_ext	11.75	0.0	0.0
172	p0	0.75	0.0	0.0
172	p1	0.7	0.0	0.0
172	p2	0.75	0.0	0.0
172	protein1	506.3	10.1	2.1130375
172	protein2	555.3	11.9	2.0102966
172	protein3	466.9	9.35	2.1038613
172	r0	10.15	0.0	0.0
172	r2	9.35	0.0	0.0
172	rnapol	1.0	0.0	0.0
173	__protein1_rbs	6.15	0.0	0.0
173	__protein2_rbs	7.3	0.0	0.0
173	__protein3_rbs	5.15	0.0	0.0
173	__ribosome	35.7	0.0	0.0
173	__rnase_site_ext	11.45	0.0	0.0
173	p0	0.95	0.0	0.0
173	p1	0.75	0.0	0.0
173	p2	0.85	0.0	0.0
173	protein1	510.25	10.15	2.0730215499999995
173	protein2	560.3	11.95	1.9728094000000005
173	protein3	470.5	9.3	2.15246445
173	r0	10.15	0.0	0.0
173	r2	9.5	0.0	0.0
173	rnapol	0.95	0.0	0.0
174	__protein1_rbs	6.05	0.0	0.0
174	__protein2_rbs	6.8	0.0	0.0
174	__protein3_rbs	5.65	0.0	0.0
174	__ribosome	35.7	0.0	0.0
174	__rnase_site_ext	11.55	0.0	0.0
174	p0	0.75	0.0	0.0
174	p1	0.85	0.0	0.0
174	p2	0.85	0.0	0.0
174	protein1	514.35	10.3	2.03395295
174	protein2	565.2	12.15	1.96886785
174	protein3	474.2	9.45	2.11030835
174	r0	10.2	0.0	0.0
174	r2	9.4	0.0	0.0
174	rnapol	0.95	0.0	0.0
175	__protein1_rbs	5.9	0.0	0.0
175	__protein2_rbs	6.5	0.0	0.0
175	__protein3_rbs	5.1	0.0	0.0
175	__ribosome	34.45	0.0	0.0
175	__rnase_site_ext	11.7	0.0	0.0
175	p0	1.0	0.0	0.0
175	p1	0.85	0.0	0.0
175	p2	0.8	0.0	0.0
175	protein1	518.65	10.15	2.11504975
175	protein2	569.2	12.05	2.0856185000000003
175	protein3	478.8	9.6	2.04575235
175	r0	10.3	0.0	0.0
175	r2	9.4	0.0	0.0
175	rnapol	1.0	0.0	0.0
176	__protein1_rbs	5.5	0.0	0.0
176	__protein2_rbs	7.25	0.0	0.0
176	__protein3_rbs	5.8	0.0	0.0
176	__ribosome	34.55	0.0	0.0
176	__rnase_site_ext	11.65	0.0	0.0
176	p0	0.9	0.0	0.0
176	p1	0.7	0.0	0.0
176	p2	0.75	0.0	0.0
176	protein1	522.75	10.35	2.12207715
176	protein2	574.15	12.05	2.0715233500000005
176	protein3	482.55	9.5	2.0306294
176	r0	10.25	0.0	0.0
176	r2	9.3	0.0	0.0
176	rnapol	0.95	0.0	0.0
177	__protein1_rbs	5.65	0.0	0.0
177	__protein2_rbs	7.45	0.0	0.0
177	__protein3_rbs	5.25	0.0	0.0
177	__ribosome	33.4	0.0	0.0
177	__rnase_site_ext	11.6	0.0	0.0
177	p0	0.9	0.0	0.0
177	p1	0.8	0.0	0.0
177	p2	0.9	0.0	0.0
177	protein1	526.9	10.25	2.1716601000000004
177	protein2	578.05	12.3	2.0474605500000003
177	protein3	486.0	9.5	2.0911363
177	r0	10.2	0.0	0.0
177	r2	9.3	0.0	0.0
177	rnapol	0.85	0.0	0.0
178	__protein1_rbs	6.55	0.0	0.0
178	__protein2_rbs	7.6	0.0	0.0
178	__protein3_rbs	5.6	0.0	0.0
178	__ribosome	35.45	0.0	0.0
178	__rnase_site_ext	11.8	0.0	0.0
178	p0	0.9	0.0	0.0
178	p1	0.7	0.0	0.0
178	p2	0.8	0.0	0.0
178	protein1	531.05	10.3	2.1204481
178	protein2	583.05	12.25	1.9943443
178	protein3	490.15	9.25	2.0615999
178	r0	10.3	0.0	0.0
178	r2	9.45	0.0	0.0
178	rnapol	0.85	0.0	0.0
179	__protein1_rbs	6.2	0.0	0.0
179	__protein2_rbs	7.0	0.0	0.0
179	__protein3_rbs	5.35	0.0	0.0
179	__ribosome	35.6	0.0	0.0
179	__rnase_site_ext	11.8	0.0	0.0
179	p0	0.9	0.0	0.0
179	p1	0.7	0.0	0.0
179	p2	0.75	0.0	0.0
179	protein1	535.55	10.25	2.0795404
179	protein2	588.4	12.2	2.0037220000000007
179	protein3	493.75	9.35	2.0727615000000004
179	r0	10.35	0.0	0.0
179	r2	9.45	0.0	0.0
179	rnapol	1.0	0.0	0.0
180	__protein1_rbs	5.85	0.0	0.0
180	__protein2_rbs	6.7	0.0	0.0
180	__protein3_rbs	5.35	0.0	0.0
180	__ribosome	35.1	0.0	0.0
180	__rnase_site_ext	11.9	0.0	0.0
180	p0	0.85	0.0	0.0
180	p1	0.65	0.0	0.0
180	p2	0.9	0.0	0.0
180	protein1	539.75	10.3	2.0713106
180	protein2	593.55	12.3	2.0068179500000003
180	protein3	497.5	9.45	2.0572763000000003
180	r0	10.45	0.0	0.0
180	r2	9.3	0.0	0.0
180	rnapol	0.8	0.0	0.0
181	__protein1_rbs	6.35	0.0	0.0
181	__protein2_rbs	7.2	0.0	0.0
181	__protein3_rbs	5.45	0.0	0.0
181	__ribosome	35.1	0.0	0.0
181	__rnase_site_ext	11.85	0.0	0.0
181	p0	0.8	0.0	0.0
181	p1	0.75	0.0	0.0
181	p2	0.7	0.0	0.0
181	protein1	543.75	10.45	2.0106103
181	protein2	598.0	12.5	2.02430805
181	protein3	501.8	9.45	2.03696605
181	r0	10.55	0.0	0.0
181	r2	9.4	0.0	0.0
181	rnapol	0.7	0.0	0.0
182	__protein1_rbs	6.75	0.0	0.0
182	__protein2_rbs	7.2	0.0	0.0
182	__protein3_rbs	5.25	0.0	0.0
182	__ribosome	35.55	0.0	0.0
182	__rnase_site_ext	11.95	0.0	0.0
182	p0	1.0	0.0	0.0
182	p1	0.75	0.0	0.0
182	p2	0.6	0.0	0.0
182	protein1	548.05	10.55	1.93043845
182	protein2	602.4	12.55	2.05139635
182	protein3	505.85	9.35	2.05961945
182	r0	10.45	0.0	0.0
182	r2	9.4	0.0	0.0
182	rnapol	0.8	0.0	0.0
183	__protein1_rbs	6.2	0.0	0.0
183	__protein2_rbs	6.95	0.0	0.0
183	__protein3_rbs	5.45	0.0	0.0
183	__ribosome	33.9	0.0	0.0
183	__rnase_site_ext	11.8	0.0	0.0
183	p0	0.85	0.0	0.0
183	p1	0.8	0.0	0.0
183	p2	0.85	0.0	0.0
183	protein1	552.15	10.5	1.966268
183	protein2	607.2	12.5	2.1187356
183	protein3	508.95	9.4	2.10996925
183	r0	10.4	0.0	0.0
183	r2	9.55	0.0	0.0
183	rnapol	0.75	0.0	0.0
184	__protein1_rbs	6.25	0.0	0.0
184	__protein2_rbs	7.85	0.0	0.0
184	__protein3_rbs	5.75	0.0	0.0
184	__ribosome	35.55	0.0	0.0
184	__rnase_site_ext	12.0	0.0	0.0
184	p0	0.8	0.0	0.0
184	p1	0.85	0.0	0.0
184	p2	0.75	0.0	0.0
184	protein1	556.35	10.4	1.9682649500000005
184	protein2	612.65	12.45	2.0473768
184	protein3	513.1	9.45	2.0334001
184	r0	10.5	0.0	0.0
184	r2	9.7	0.0	0.0
184	rnapol	0.6	0.0	0.0
185	__protein1_rbs	5.8	0.0	0.0
185	__protein2_rbs	6.95	0.0	0.0
185	__protein3_rbs	5.95	0.0	0.0
185	__ribosome	34.25	0.0	0.0
185	__rnase_site_ext	12.05	0.0	0.0
185	p0	1.0	0.0	0.0
185	p1	0.85	0.0	0.0
185	p2	0.55	0.0	0.0
185	protein1	559.9	10.5	2.01367605
185	protein2	617.35	12.45	2.11535055
185	protein3	516.8	9.6	1.9643149
185	r0	10.6	0.0	0.0
185	r2	9.65	0.0	0.0
185	rnapol	0.7	0.0	0.0
186	__protein1_rbs	5.55	0.0	0.0
186	__protein2_rbs	7.75	0.0	0.0
186	__protein3_rbs	5.45	0.0	0.0
186	__ribosome	33.85	0.0	0.0
186	__rnase_site_ext	12.0	0.0	0.0
186	p0	0.9	0.0	0.0
186	p1	0.8	0.0	0.0
186	p2	0.65	0.0	0.0
186	protein1	564.05	10.6	2.0346345500000003
186	protein2	622.45	12.4	2.0722999
186	protein3	520.3	9.75	1.9973036
186	r0	10.65	0.0	0.0
186	r2	9.85	0.0	0.0
186	rnapol	0.75	0.0	0.0
187	__protein1_rbs	6.5	0.0	0.0
187	__protein2_rbs	7.7	0.0	0.0
187	__protein3_rbs	5.45	0.0	0.0
187	__ribosome	34.95	0.0	0.0
187	__rnase_site_ext	12.1	0.0	0.0
187	p0	0.95	0.0	0.0
187	p1	0.85	0.0	0.0
187	p2	0.7	0.0	0.0
187	protein1	568.1	10.7	2.01678865
187	protein2	627.9	12.35	1.9899469999999997
187	protein3	524.2	9.7	1.9981403000000002
187	r0	10.55	0.0	0.0
187	r2	9.95	0.0	0.0
187	rnapol	0.75	0.0	0.0
188	__protein1_rbs	6.05	0.0	0.0
188	__protein2_rbs	7.6	0.0	0.0
188	__protein3_rbs	5.8	0.0	0.0
188	__ribosome	35.45	0.0	0.0
188	__rnase_site_ext	12.05	0.0	0.0
188	p0	1.0	0.0	0.0
188	p1	0.7	0.0	0.0
188	p2	0.7	0.0	0.0
188	protein1	572.4	10.6	2.07885595
188	protein2	633.3	12.3	1.9371287500000005
188	protein3	528.5	9.9	1.91964645
188	r0	10.6	0.0	0.0
188	r2	10.1	0.0	0.0
188	rnapol	0.8	0.0	0.0
189	__protein1_rbs	6.35	0.0	0.0
189	__protein2_rbs	7.2	0.0	0.0
189	__protein3_rbs	6.1	0.0	0.0
189	__ribosome	33.85	0.0	0.0
189	__rnase_site_ext	12.1	0.0	0.0
189	p0	1.0	0.0	0.0
189	p1	0.5	0.0	0.0
189	p2	0.75	0.0	0.0
189	protein1	576.15	10.65	2.1067257
189	protein2	638.0	12.3	1.9870715
189	protein3	531.45	10.05	1.97288245
189	r0	10.6	0.0	0.0
189	r2	10.25	0.0	0.0
189	rnapol	0.7	0.0	0.0
190	__protein1_rbs	6.35	0.0	0.0
190	__protein2_rbs	7.1	0.0	0.0
190	__protein3_rbs	5.6	0.0	0.0
190	__ribosome	33.4	0.0	0.0
190	__rnase_site_ext	12.1	0.0	0.0
190	p0	1.0	0.0	0.0
190	p1	0.7	0.0	0.0
190	p2	0.85	0.0	0.0
190	protein1	580.5	10.65	2.10306675
190	protein2	642.95	12.4	1.9644191999999998
190	protein3	535.3	10.15	1.997316
190	r0	10.5	0.0	0.0
190	r2	10.3	0.0	0.0
190	rnapol	0.85	0.0	0.0
191	__protein1_rbs	6.2	0.0	0.0
191	__protein2_rbs	7.2	0.0	0.0
191	__protein3_rbs	5.95	0.0	0.0
191	__ribosome	32.7	0.0	0.0
191	__rnase_site_ext	11.85	0.0	0.0
191	p0	0.85	0.0	0.0
191	p1	0.9	0.0	0.0
191	p2	0.75	0.0	0.0
191	protein1	584.9	10.55	2.0863513000000005
191	protein2	647.35	12.5	2.013481
191	protein3	539.1	10.3	1.989311
191	r0	10.35	0.0	0.0
191	r2	10.15	0.0	0.0
191	rnapol	0.8	0.0	0.0
192	__protein1_rbs	6.25	0.0	0.0
192	__protein2_rbs	7.6	0.0	0.0
192	__protein3_rbs	5.85	0.0	0.0
192	__ribosome	33.3	0.0	0.0
192	__rnase_site_ext	11.75	0.0	0.0
192	p0	0.9	0.0	0.0
192	p1	0.75	0.0	0.0
192	p2	0.8	0.0	0.0
192	protein1	589.4	10.5	2.066789
192	protein2	652.3	12.5	1.99406755
192	protein3	543.45	10.3	1.99863215
192	r0	10.3	0.0	0.0
192	r2	10.15	0.0	0.0
192	rnapol	0.8	0.0	0.0
193	__protein1_rbs	6.65	0.0	0.0
193	__protein2_rbs	7.65	0.0	0.0
193	__protein3_rbs	6.15	0.0	0.0
193	__ribosome	33.05	0.0	0.0
193	__rnase_site_ext	11.8	0.0	0.0
193	p0	0.8	0.0	0.0
193	p1	0.7	0.0	0.0
193	p2	0.8	0.0	0.0
193	protein1	593.9	10.3	2.03743825
193	protein2	656.35	12.5	2.0382248
193	protein3	547.0	10.15	2.0967371000000004
193	r0	10.3	0.0	0.0
193	r2	10.05	0.0	0.0
193	rnapol	0.8	0.0	0.0
194	__protein1_rbs	5.7	0.0	0.0
194	__protein2_rbs	7.55	0.0	0.0
194	__protein3_rbs	6.7	0.0	0.0
194	__ribosome	33.95	0.0	0.0
194	__rnase_site_ext	12.0	0.0	0.0
194	p0	0.85	0.0	0.0
194	p1	0.8	0.0	0.0
194	p2	0.7	0.0	0.0
194	protein1	597.95	10.25	2.06080755
194	protein2	661.8	12.65	1.96761635
194	protein3	550.7	10.2	2.0157218
194	r0	10.5	0.0	0.0
194	r2	9.95	0.0	0.0
194	rnapol	0.85	0.0	0.0
195	__protein1_rbs	6.45	0.0	0.0
195	__protein2_rbs	8.5	0.0	0.0
195	__protein3_rbs	6.0	0.0	0.0
195	__ribosome	36.2	0.0	0.0
195	__rnase_site_ext	12.0	0.0	0.0
195	p0	0.95	0.0	0.0
195	p1	0.95	0.0	0.0
195	p2	0.5	0.0	0.0
195	protein1	602.3	10.4	1.96061455
195	protein2	666.8	12.55	1.9186301500000005
195	protein3	555.3	10.0	2.0147934000000003
195	r0	10.55	0.0	0.0
195	r2	9.9	0.0	0.0
195	rnapol	1.0	0.0	0.0
196	__protein1_rbs	6.15	0.0	0.0
196	__protein2_rbs	6.5	0.0	0.0
196	__protein3_rbs	5.35	0.0	0.0
196	__ribosome	35.05	0.0	0.0
196	__rnase_site_ext	12.15	0.0	0.0
196	p0	0.95	0.0	0.0
196	p1	0.85	0.0	0.0
196	p2	0.6	0.0	0.0
196	protein1	606.6	10.6	1.9571211
196	protein2	671.75	12.6	1.98355995
196	protein3	559.55	10.0	2.02196675
196	r0	10.6	0.0	0.0
196	r2	9.85	0.0	0.0
196	rnapol	0.95	0.0	0.0
197	__protein1_rbs	5.9	0.0	0.0
197	__protein2_rbs	7.4	0.0	0.0
197	__protein3_rbs	5.5	0.0	0.0
197	__ribosome	35.55	0.0	0.0
197	__rnase_site_ext	12.05	0.0	0.0
197	p0	0.95	0.0	0.0
197	p1	0.75	0.0	0.0
197	p2	0.85	0.0	0.0
197	protein1	611.25	10.6	1.9329544000000003
197	protein2	676.3	12.55	2.00269595
197	protein3	563.9	9.9	2.0147658500000003
197	r0	10.65	0.0	0.0
197	r2	10.05	0.0	0.0
197	rnapol	0.95	0.0	0.0
198	__protein1_rbs	5.1	0.0	0.0
198	__protein2_rbs	6.9	0.0	0.0
198	__protein3_rbs	5.5	0.0	0.0
198	__ribosome	33.25	0.0	0.0
198	__rnase_site_ext	12.2	0.0	0.0
198	p0	0.8	0.0	0.0
198	p1	0.9	0.0	0.0
198	p2	0.8	0.0	0.0
198	protein1	614.5	10.65	2.0792625
198	protein2	681.35	12.6	2.0065026500000003
198	protein3	567.6	9.9	2.0280871
198	r0	10.6	0.0	0.0
198	r2	10.1	0.0	0.0
198	rnapol	0.8	0.0	0.0
199	__protein1_rbs	5.85	0.0	0.0
199	__protein2_rbs	7.45	0.0	0.0
199	__protein3_rbs	6.0	0.0	0.0
199	__ribosome	31.35	0.0	0.0
199	__rnase_site_ext	12.45	0.0	0.0
199	p0	0.9	0.0	0.0
199	p1	0.9	0.0	0.0
199	p2	0.75	0.0	0.0
199	protein1	618.7	10.65	2.12853475
199	protein2	685.8	12.55	2.0492432500000004
199	protein3	570.95	10.2	2.05195145
199	r0	10.85	0.0	0.0
199	r2	10.0	0.0	0.0
199	rnapol	0.75	0.0	0.0
200	__protein1_rbs	7.05	0.0	0.0
200	__protein2_rbs	6.75	0.0	0.0
200	__protein3_rbs	6.65	0.0	0.0
200	__ribosome	31.8	0.0	0.0
200	__rnase_site_ext	12.1	0.0	0.0
200	p0	0.9	0.0	0.0
200	p1	0.9	0.0	0.0
200	p2	0.75	0.0	0.0
200	protein1	622.55	10.85	2.0565753
200	protein2	690.75	12.45	2.1184933
200	protein3	574.85	10.1	2.0368086
200	r0	10.85	0.0	0.0
200	r2	9.95	0.0	0.0
200	rnapol	0.85	0.0	0.0
201	__protein1_rbs	6.65	0.0	0.0
201	__protein2_rbs	7.95	0.0	0.0
201	__protein3_rbs	6.1	0.0	0.0
201	__ribosome	33.1	0.0	0.0
201	__rnase_site_ext	11.9	0.0	0.0
201	p0	0.95	0.0	0.0
201	p1	0.8	0.0	0.0
201	p2	0.85	0.0	0.0
201	protein1	627.05	10.95	1.98842785
201	protein2	695.55	12.45	2.10333695
201	protein3	579.4	10.05	2.0032252500000003
201	r0	10.55	0.0	0.0
201	r2	10.0	0.0	0.0
201	rnapol	0.9	0.0	0.0
202	__protein1_rbs	6.35	0.0	0.0
202	__protein2_rbs	6.9	0.0	0.0
202	__protein3_rbs	6.5	0.0	0.0
202	__ribosome	32.8	0.0	0.0
202	__rnase_site_ext	12.45	0.0	0.0
202	p0	0.9	0.0	0.0
202	p1	0.55	0.0	0.0
202	p2	0.95	0.0	0.0
202	protein1	631.25	10.65	2.05838595
202	protein2	700.35	12.4	2.1446445
202	protein3	583.0	10.0	2.016942
202	r0	10.7	0.0	0.0
202	r2	9.95	0.0	0.0
202	rnapol	0.7	0.0	0.0
203	__protein1_rbs	5.8	0.0	0.0
203	__protein2_rbs	7.45	0.0	0.0
203	__protein3_rbs	6.3	0.0	0.0
203	__ribosome	33.9	0.0	0.0
203	__rnase_site_ext	12.15	0.0	0.0
203	p0	0.9	0.0	0.0
203	p1	0.75	0.0	0.0
203	p2	0.8	0.0	0.0
203	protein1	635.75	10.6	2.07108595
203	protein2	705.75	12.65	2.0574227500000006
203	protein3	587.4	10.15	1.9232889000000004
203	r0	10.6	0.0	0.0
203	r2	9.8	0.0	0.0
203	rnapol	0.8	0.0	0.0
204	__protein1_rbs	6.6	0.0	0.0
204	__protein2_rbs	7.25	0.0	0.0
204	__protein3_rbs	5.6	0.0	0.0
204	__ribosome	35.0	0.0	0.0
204	__rnase_site_ext	12.35	0.0	0.0
204	p0	1.0	0.0	0.0
204	p1	0.8	0.0	0.0
204	p2	0.8	0.0	0.0
204	protein1	640.75	10.65	1.9500188000000003
204	protein2	711.5	12.85	1.9947932999999995
204	protein3	591.4	10.0	1.9853591000000008
204	r0	10.7	0.0	0.0
204	r2	9.8	0.0	0.0
204	rnapol	0.95	0.0	0.0
205	__protein1_rbs	6.4	0.0	0.0
205	__protein2_rbs	7.9	0.0	0.0
205	__protein3_rbs	5.55	0.0	0.0
205	__ribosome	34.2	0.0	0.0
205	__rnase_site_ext	12.35	0.0	0.0
205	p0	0.8	0.0	0.0
205	p1	0.85	0.0	0.0
205	p2	0.85	0.0	0.0
205	protein1	644.45	10.7	2.025445500000001
205	protein2	716.45	12.85	1.96220755
205	protein3	595.2	9.9	2.05048945
205	r0	10.55	0.0	0.0
205	r2	9.85	0.0	0.0
205	rnapol	0.9	0.0	0.0
206	__protein1_rbs	5.95	0.0	0.0
206	__protein2_rbs	7.25	0.0	0.0
206	__protein3_rbs	5.7	0.0	0.0
206	__ribosome	32.5	0.0	0.0
206	__rnase_site_ext	12.35	0.0	0.0
206	p0	0.95	0.0	0.0
206	p1	0.8	0.0	0.0
206	p2	0.9	0.0	0.0
206	protein1	648.45	10.6	2.09705895
206	protein2	720.55	12.9	2.0468136
206	protein3	598.9	9.85	2.0637864499999994
206	r0	10.6	0.0	0.0
206	r2	9.8	0.0	0.0
206	rnapol	1.0	0.0	0.0
207	__protein1_rbs	6.85	0.0	0.0
207	__protein2_rbs	7.2	0.0	0.0
207	__protein3_rbs	5.75	0.0	0.0
207	__ribosome	32.6	0.0	0.0
207	__rnase_site_ext	12.2	0.0	0.0
207	p0	0.9	0.0	0.0
207	p1	0.65	0.0	0.0
207	p2	0.8	0.0	0.0
207	protein1	652.45	10.7	2.03237015
207	protein2	726.3	12.8	2.0285619500000003
207	protein3	602.35	9.9	2.0816274000000003
207	r0	10.7	0.0	0.0
207	r2	9.55	0.0	0.0
207	rnapol	1.05	0.0	0.0
208	__protein1_rbs	6.45	0.0	0.0
208	__protein2_rbs	7.95	0.0	0.0
208	__protein3_rbs	5.0	0.0	0.0
208	__ribosome	32.9	0.0	0.0
208	__rnase_site_ext	12.15	0.0	0.0
208	p0	0.85	0.0	0.0
208	p1	0.85	0.0	0.0
208	p2	0.55	0.0	0.0
208	protein1	656.7	10.7	2.0209576
208	protein2	731.15	12.95	1.9742388
208	protein3	606.55	9.7	2.14415995
208	r0	10.7	0.0	0.0
208	r2	9.55	0.0	0.0
208	rnapol	1.05	0.0	0.0
209	__protein1_rbs	6.65	0.0	0.0
209	__protein2_rbs	7.75	0.0	0.0
209	__protein3_rbs	5.95	0.0	0.0
209	__ribosome	34.0	0.0	0.0
209	__rnase_site_ext	12.3	0.0	0.0
209	p0	0.8	0.0	0.0
209	p1	0.85	0.0	0.0
209	p2	0.75	0.0	0.0
209	protein1	661.05	10.75	1.9719223000000001
209	protein2	736.4	12.95	1.9682922500000004
209	protein3	610.75	9.6	2.1552375
209	r0	10.55	0.0	0.0
209	r2	9.55	0.0	0.0
209	rnapol	0.95	0.0	0.0
210	__protein1_rbs	5.85	0.0	0.0
210	__protein2_rbs	6.95	0.0	0.0
210	__protein3_rbs	5.9	0.0	0.0
210	__ribosome	33.0	0.0	0.0
210	__rnase_site_ext	12.3	0.0	0.0
210	p0	0.8	0.0	0.0
210	p1	0.75	0.0	0.0
210	p2	0.65	0.0	0.0
210	protein1	664.8	10.6	2.06982575
210	protein2	741.15	12.7	2.0735415999999995
210	protein3	614.65	9.55	2.08756545
210	r0	10.7	0.0	0.0
210	r2	9.85	0.0	0.0
210	rnapol	0.8	0.0	0.0
211	__protein1_rbs	6.95	0.0	0.0
211	__protein2_rbs	7.4	0.0	0.0
211	__protein3_rbs	5.8	0.0	0.0
211	__ribosome	33.65	0.0	0.0
211	__rnase_site_ext	12.4	0.0	0.0
211	p0	0.95	0.0	0.0
211	p1	0.9	0.0	0.0
211	p2	0.8	0.0	0.0
211	protein1	669.65	10.75	1.94421255
211	protein2	745.95	12.8	2.08709475
211	protein3	618.4	9.7	2.0652543000000003
211	r0	10.85	0.0	0.0
211	r2	9.95	0.0	0.0
211	rnapol	0.75	0.0	0.0
212	__protein1_rbs	5.4	0.0	0.0
212	__protein2_rbs	7.85	0.0	0.0
212	__protein3_rbs	5.3	0.0	0.0
212	__ribosome	32.5	0.0	0.0
212	__rnase_site_ext	12.35	0.0	0.0
212	p0	0.9	0.0	0.0
212	p1	0.85	0.0	0.0
212	p2	0.75	0.0	0.0
212	protein1	673.25	10.8	2.0689483
212	protein2	751.05	12.85	2.0565963499999995
212	protein3	622.45	10.0	2.017815550000001
212	r0	10.85	0.0	0.0
212	r2	10.05	0.0	0.0
212	rnapol	0.75	0.0	0.0
213	__protein1_rbs	6.45	0.0	0.0
213	__protein2_rbs	7.7	0.0	0.0
213	__protein3_rbs	5.75	0.0	0.0
213	__ribosome	32.7	0.0	0.0
213	__rnase_site_ext	12.25	0.0	0.0
213	p0	0.9	0.0	0.0
213	p1	0.7	0.0	0.0
213	p2	0.7	0.0	0.0
213	protein1	677.4	10.8	2.0829948
213	protein2	756.4	12.95	2.03115335
213	protein3	626.7	10.0	1.9938275
213	r0	10.75	0.0	0.0
213	r2	10.05	0.0	0.0
213	rnapol	0.7	0.0	0.0
214	__protein1_rbs	6.3	0.0	0.0
214	__protein2_rbs	8.5	0.0	0.0
214	__protein3_rbs	6.2	0.0	0.0
214	__ribosome	32.95	0.0	0.0
214	__rnase_site_ext	12.4	0.0	0.0
214	p0	0.95	0.0	0.0
214	p1	0.75	0.0	0.0
214	p2	0.8	0.0	0.0
214	protein1	681.95	10.75	2.0413055
214	protein2	761.2	13.0	1.98511655
214	protein3	630.2	10.05	2.0347583
214	r0	10.65	0.0	0.0
214	r2	10.1	0.0	0.0
214	rnapol	0.7	0.0	0.0
215	__protein1_rbs	6.15	0.0	0.0
215	__protein2_rbs	8.25	0.0	0.0
215	__protein3_rbs	5.45	0.0	0.0
215	__ribosome	31.6	0.0	0.0
215	__rnase_site_ext	12.4	0.0	0.0
215	p0	0.85	0.0	0.0
215	p1	0.85	0.0	0.0
215	p2	0.8	0.0	0.0
215	protein1	685.9	10.65	2.1234903
215	protein2	766.35	13.05	1.9679802
215	protein3	633.7	10.05	2.138897
215	r0	10.75	0.0	0.0
215	r2	10.05	0.0	0.0
215	rnapol	0.6	0.0	0.0
216	__protein1_rbs	6.15	0.0	0.0
216	__protein2_rbs	8.0	0.0	0.0
216	__protein3_rbs	5.8	0.0	0.0
216	__ribosome	31.1	0.0	0.0
216	__rnase_site_ext	12.5	0.0	0.0
216	p0	0.95	0.0	0.0
216	p1	0.9	0.0	0.0
216	p2	0.85	0.0	0.0
216	protein1	689.8	10.7	2.17022965
216	protein2	771.5	13.05	1.9526857499999997
216	protein3	637.7	10.2	2.15310005
216	r0	10.75	0.0	0.0
216	r2	10.15	0.0	0.0
216	rnapol	0.7	0.0	0.0
217	__protein1_rbs	6.4	0.0	0.0
217	__protein2_rbs	7.75	0.0	0.0
217	__protein3_rbs	5.9	0.0	0.0
217	__ribosome	32.05	0.0	0.0
217	__rnase_site_ext	12.45	0.0	0.0
217	p0	0.75	0.0	0.0
217	p1	0.75	0.0	0.0
217	p2	0.85	0.0	0.0
217	protein1	694.8	10.8	2.0709702
217	protein2	776.55	13.0	1.9740804
217	protein3	642.1	10.15	2.1623256
217	r0	10.8	0.0	0.0
217	r2	10.15	0.0	0.0
217	rnapol	0.65	0.0	0.0
218	__protein1_rbs	6.15	0.0	0.0
218	__protein2_rbs	7.35	0.0	0.0
218	__protein3_rbs	6.05	0.0	0.0
218	__ribosome	31.75	0.0	0.0
218	__rnase_site_ext	12.55	0.0	0.0
218	p0	0.95	0.0	0.0
218	p1	0.55	0.0	0.0
218	p2	0.75	0.0	0.0
218	protein1	699.0	10.75	2.05208735
218	protein2	781.4	12.9	2.00604525
218	protein3	646.05	10.15	2.1699268500000004
218	r0	10.95	0.0	0.0
218	r2	10.2	0.0	0.0
218	rnapol	0.65	0.0	0.0
219	__protein1_rbs	7.2	0.0	0.0
219	__protein2_rbs	8.0	0.0	0.0
219	__protein3_rbs	6.45	0.0	0.0
219	__ribosome	33.05	0.0	0.0
219	__rnase_site_ext	12.6	0.0	0.0
219	p0	0.9	0.0	0.0
219	p1	0.6	0.0	0.0
219	p2	0.7	0.0	0.0
219	protein1	703.25	10.9	1.9341829
219	protein2	786.6	13.05	1.9968259500000003
219	protein3	650.1	10.25	2.0915524000000003
219	r0	10.85	0.0	0.0
219	r2	10.25	0.0	0.0
219	rnapol	0.75	0.0	0.0
220	__protein1_rbs	6.3	0.0	0.0
220	__protein2_rbs	7.75	0.0	0.0
220	__protein3_rbs	6.75	0.0	0.0
220	__ribosome	33.35	0.0	0.0
220	__rnase_site_ext	12.65	0.0	0.0
220	p0	0.95	0.0	0.0
220	p1	0.85	0.0	0.0
220	p2	0.65	0.0	0.0
220	protein1	707.65	10.85	1.9744264000000005
220	protein2	791.0	13.1	2.04415155
220	protein3	654.7	10.25	1.9745052
220	r0	10.85	0.0	0.0
220	r2	10.15	0.0	0.0
220	rnapol	0.7	0.0	0.0
221	__protein1_rbs	7.35	0.0	0.0
221	__protein2_rbs	8.05	0.0	0.0
221	__protein3_rbs	5.9	0.0	0.0
221	__ribosome	35.0	0.0	0.0
221	__rnase_site_ext	12.7	0.0	0.0
221	p0	0.9	0.0	0.0
221	p1	0.85	0.0	0.0
221	p2	0.8	0.0	0.0
221	protein1	712.05	10.9	1.8419358000000001
221	protein2	796.6	13.05	1.9878017
221	protein3	658.7	10.25	2.003473
221	r0	10.85	0.0	0.0
221	r2	10.4	0.0	0.0
221	rnapol	0.85	0.0	0.0
222	__protein1_rbs	6.65	0.0	0.0
222	__protein2_rbs	7.35	0.0	0.0
222	__protein3_rbs	5.9	0.0	0.0
222	__ribosome	34.1	0.0	0.0
222	__rnase_site_ext	12.55	0.0	0.0
222	p0	0.85	0.0	0.0
222	p1	0.9	0.0	0.0
222	p2	0.8	0.0	0.0
222	protein1	716.05	10.9	1.8731809
222	protein2	801.15	13.15	2.05640315
222	protein3	663.35	10.3	1.93178115
222	r0	10.9	0.0	0.0
222	r2	10.45	0.0	0.0
222	rnapol	0.75	0.0	0.0
223	__protein1_rbs	6.1	0.0	0.0
223	__protein2_rbs	7.9	0.0	0.0
223	__protein3_rbs	6.2	0.0	0.0
223	__ribosome	33.35	0.0	0.0
223	__rnase_site_ext	12.8	0.0	0.0
223	p0	0.9	0.0	0.0
223	p1	0.85	0.0	0.0
223	p2	0.85	0.0	0.0
223	protein1	720.15	10.9	1.93418815
223	protein2	806.65	13.15	2.01768455
223	protein3	666.55	10.45	1.9976203
223	r0	10.95	0.0	0.0
223	r2	10.35	0.0	0.0
223	rnapol	0.75	0.0	0.0
224	__protein1_rbs	6.6	0.0	0.0
224	__protein2_rbs	8.15	0.0	0.0
224	__protein3_rbs	6.4	0.0	0.0
224	__ribosome	33.45	0.0	0.0
224	__rnase_site_ext	12.4	0.0	0.0
224	p0	0.95	0.0	0.0
224	p1	0.75	0.0	0.0
224	p2	0.6	0.0	0.0
224	protein1	723.9	11.0	1.95505035
224	protein2	811.55	13.15	2.0126394
224	protein3	670.95	10.45	1.9557707500000003
224	r0	10.95	0.0	0.0
224	r2	10.35	0.0	0.0
224	rnapol	0.8	0.0	0.0
225	__protein1_rbs	6.25	0.0	0.0
225	__protein2_rbs	7.25	0.0	0.0
225	__protein3_rbs	6.05	0.0	0.0
225	__ribosome	32.4	0.0	0.0
225	__rnase_site_ext	12.55	0.0	0.0
225	p0	0.95	0.0	0.0
225	p1	0.8	0.0	0.0
225	p2	0.55	0.0	0.0
225	protein1	728.45	10.95	1.9710191999999995
225	protein2	816.9	13.1	2.02707475
225	protein3	673.95	10.4	2.0794360499999995
225	r0	10.9	0.0	0.0
225	r2	10.4	0.0	0.0
225	rnapol	0.75	0.0	0.0
226	__protein1_rbs	6.45	0.0	0.0
226	__protein2_rbs	7.8	0.0	0.0
226	__protein3_rbs	6.95	0.0	0.0
226	__ribosome	32.2	0.0	0.0
226	__rnase_site_ext	12.55	0.0	0.0
226	p0	0.85	0.0	0.0
226	p1	0.6	0.0	0.0
226	p2	0.75	0.0	0.0
226	protein1	731.85	10.85	2.0672023
226	protein2	822.05	13.15	2.0022791
226	protein3	677.95	10.5	1.97838445
226	r0	10.8	0.0	0.0
226	r2	10.55	0.0	0.0
226	rnapol	0.75	0.0	0.0
227	__protein1_rbs	6.7	0.0	0.0
227	__protein2_rbs	7.6	0.0	0.0
227	__protein3_rbs	5.85	0.0	0.0
227	__ribosome	31.75	0.0	0.0
227	__rnase_site_ext	12.55	0.0	0.0
227	p0	0.95	0.0	0.0
227	p1	0.8	0.0	0.0
227	p2	0.85	0.0	0.0
227	protein1	735.9	10.85	2.0565518
227	protein2	827.0	13.35	2.02553125
227	protein3	682.35	10.45	1.98265245
227	r0	10.9	0.0	0.0
227	r2	10.65	0.0	0.0
227	rnapol	0.85	0.0	0.0
228	__protein1_rbs	6.7	0.0	0.0
228	__protein2_rbs	8.2	0.0	0.0
228	__protein3_rbs	6.7	0.0	0.0
228	__ribosome	32.8	0.0	0.0
228	__rnase_site_ext	12.8	0.0	0.0
228	p0	0.95	0.0	0.0
228	p1	0.85	0.0	0.0
228	p2	0.85	0.0	0.0
228	protein1	740.45	10.9	2.00581075
228	protein2	831.95	13.15	2.0342329999999995
228	protein3	686.15	10.65	1.9199320000000004
228	r0	10.85	0.0	0.0
228	r2	10.7	0.0	0.0
228	rnapol	0.95	0.0	0.0
229	__protein1_rbs	6.7	0.0	0.0
229	__protein2_rbs	7.85	0.0	0.0
229	__protein3_rbs	6.6	0.0	0.0
229	__ribosome	33.6	0.0	0.0
229	__rnase_site_ext	12.45	0.0	0.0
229	p0	0.95	0.0	0.0
229	p1	0.95	0.0	0.0
229	p2	0.8	0.0	0.0
229	protein1	744.9	10.95	1.9407845999999995
229	protein2	837.2	13.15	2.0104549999999994
229	protein3	690.3	10.8	1.88453645
229	r0	10.75	0.0	0.0
229	r2	10.6	0.0	0.0
229	rnapol	1.05	0.0	0.0
230	__protein1_rbs	6.3	0.0	0.0
230	__protein2_rbs	7.95	0.0	0.0
230	__protein3_rbs	6.45	0.0	0.0
230	__ribosome	33.6	0.0	0.0
230	__rnase_site_ext	12.55	0.0	0.0
230	p0	1.0	0.0	0.0
230	p1	0.8	0.0	0.0
230	p2	0.8	0.0	0.0
230	protein1	749.55	10.8	1.9388113500000004
230	protein2	842.25	13.0	2.0361159
230	protein3	694.1	10.7	1.9090512
230	r0	10.65	0.0	0.0
230	r2	10.55	0.0	0.0
230	rnapol	1.15	0.0	0.0
231	__protein1_rbs	6.25	0.0	0.0
231	__protein2_rbs	7.85	0.0	0.0
231	__protein3_rbs	6.25	0.0	0.0
231	__ribosome	33.05	0.0	0.0
231	__rnase_site_ext	12.4	0.0	0.0
231	p0	0.85	0.0	0.0
231	p1	0.75	0.0	0.0
231	p2	0.75	0.0	0.0
231	protein1	753.15	10.7	2.023115
231	protein2	847.0	13.0	2.029778399999999
231	protein3	697.85	10.65	1.9415819000000003
231	r0	10.5	0.0	0.0
231	r2	10.55	0.0	0.0
231	rnapol	1.0	0.0	0.0
232	__protein1_rbs	5.6	0.0	0.0
232	__protein2_rbs	7.6	0.0	0.0
232	__protein3_rbs	6.3	0.0	0.0
232	__ribosome	33.85	0.0	0.0
232	__rnase_site_ext	12.55	0.0	0.0
232	p0	0.9	0.0	0.0
232	p1	0.8	0.0	0.0
232	p2	0.65	0.0	0.0
232	protein1	757.7	10.55	2.0201065
232	protein2	852.75	13.1	1.969003
232	protein3	702.25	10.6	1.9718957500000005
232	r0	10.55	0.0	0.0
232	r2	10.5	0.0	0.0
232	rnapol	1.15	0.0	0.0
233	__protein1_rbs	6.8	0.0	0.0
233	__protein2_rbs	7.7	0.0	0.0
233	__protein3_rbs	5.9	0.0	0.0
233	__ribosome	33.35	0.0	0.0
233	__rnase_site_ext	12.55	0.0	0.0
233	p0	0.95	0.0	0.0
233	p1	0.85	0.0	0.0
233	p2	0.7	0.0	0.0
233	protein1	761.45	10.5	2.01087295
233	protein2	857.75	13.15	1.9578951499999997
233	protein3	705.8	10.55	2.0284438
233	r0	10.65	0.0	0.0
233	r2	10.65	0.0	0.0
233	rnapol	1.4	0.0	0.0
234	__protein1_rbs	6.7	0.0	0.0
234	__protein2_rbs	7.85	0.0	0.0
234	__protein3_rbs	5.95	0.0	0.0
234	__ribosome	32.95	0.0	0.0
234	__rnase_site_ext	12.6	0.0	0.0
234	p0	0.75	0.0	0.0
234	p1	0.8	0.0	0.0
234	p2	0.8	0.0	0.0
234	protein1	765.5	10.6	1.97703605
234	protein2	862.75	13.15	1.94235005
234	protein3	709.7	10.6	2.06142495
234	r0	10.6	0.0	0.0
234	r2	10.65	0.0	0.0
234	rnapol	1.25	0.0	0.0
235	__protein1_rbs	7.0	0.0	0.0
235	__protein2_rbs	7.8	0.0	0.0
235	__protein3_rbs	6.75	0.0	0.0
235	__ribosome	34.35	0.0	0.0
235	__rnase_site_ext	12.7	0.0	0.0
235	p0	0.65	0.0	0.0
235	p1	0.85	0.0	0.0
235	p2	0.8	0.0	0.0
235	protein1	769.8	10.65	1.8781237
235	protein2	867.65	13.25	1.9580449000000004
235	protein3	714.35	10.6	1.983293
235	r0	10.75	0.0	0.0
235	r2	10.55	0.0	0.0
235	rnapol	1.05	0.0	0.0
236	__protein1_rbs	6.15	0.0	0.0
236	__protein2_rbs	8.55	0.0	0.0
236	__protein3_rbs	6.2	0.0	0.0
236	__ribosome	32.7	0.0	0.0
236	__rnase_site_ext	12.9	0.0	0.0
236	p0	0.95	0.0	0.0
236	p1	0.85	0.0	0.0
236	p2	0.9	0.0	0.0
236	protein1	773.3	10.75	1.93779845
236	protein2	871.85	13.15	1.9639395
236	protein3	718.1	10.7	2.0268758999999994
236	r0	11.0	0.0	0.0
236	r2	10.45	0.0	0.0
236	rnapol	1.1	0.0	0.0
237	__protein1_rbs	6.15	0.0	0.0
237	__protein2_rbs	7.35	0.0	0.0
237	__protein3_rbs	6.65	0.0	0.0
237	__ribosome	34.2	0.0	0.0
237	__rnase_site_ext	12.85	0.0	0.0
237	p0	0.85	0.0	0.0
237	p1	0.85	0.0	0.0
237	p2	0.75	0.0	0.0
237	protein1	777.95	11.0	1.85622535
237	protein2	877.5	13.15	1.93509665
237	protein3	722.6	10.6	1.97848295
237	r0	11.0	0.0	0.0
237	r2	10.45	0.0	0.0
237	rnapol	1.1	0.0	0.0
238	__protein1_rbs	6.7	0.0	0.0
238	__protein2_rbs	7.85	0.0	0.0
238	__protein3_rbs	5.6	0.0	0.0
238	__ribosome	32.8	0.0	0.0
238	__rnase_site_ext	13.0	0.0	0.0
238	p0	0.95	0.0	0.0
238	p1	1.0	0.0	0.0
238	p2	0.75	0.0	0.0
238	protein1	781.55	11.1	1.917134
238	protein2	882.3	13.25	1.93044945
238	protein3	726.8	10.55	2.0577739500000005
238	r0	11.0	0.0	0.0
238	r2	10.35	0.0	0.0
238	rnapol	1.15	0.0	0.0
239	__protein1_rbs	6.3	0.0	0.0
239	__protein2_rbs	7.85	0.0	0.0
239	__protein3_rbs	6.2	0.0	0.0
239	__ribosome	32.95	0.0	0.0
239	__rnase_site_ext	13.15	0.0	0.0
239	p0	0.65	0.0	0.0
239	p1	0.95	0.0	0.0
239	p2	0.8	0.0	0.0
239	protein1	785.75	11.05	1.9587861
239	protein2	887.35	13.1	1.9646391
239	protein3	731.3	10.5	2.026652
239	r0	11.0	0.0	0.0
239	r2	10.45	0.0	0.0
239	rnapol	0.85	0.0	0.0
240	__protein1_rbs	7.0	0.0	0.0
240	__protein2_rbs	7.85	0.0	0.0
240	__protein3_rbs	6.1	0.0	0.0
240	__ribosome	32.4	0.0	0.0
240	__rnase_site_ext	13.1	0.0	0.0
240	p0	0.9	0.0	0.0
240	p1	0.9	0.0	0.0
240	p2	0.85	0.0	0.0
240	protein1	789.55	11.05	1.9763713
240	protein2	892.4	13.05	1.9535565
240	protein3	734.8	10.4	2.0825620499999995
240	r0	11.25	0.0	0.0
240	r2	10.45	0.0	0.0
240	rnapol	0.95	0.0	0.0
241	__protein1_rbs	6.6	0.0	0.0
241	__protein2_rbs	8.25	0.0	0.0
241	__protein3_rbs	6.35	0.0	0.0
241	__ribosome	31.75	0.0	0.0
241	__rnase_site_ext	13.15	0.0	0.0
241	p0	1.0	0.0	0.0
241	p1	0.8	0.0	0.0
241	p2	0.85	0.0	0.0
241	protein1	793.4	11.25	2.01439515
241	protein2	896.45	12.85	2.0200833
241	protein3	739.1	10.5	2.03113495
241	r0	11.2	0.0	0.0
241	r2	10.45	0.0	0.0
241	rnapol	1.15	0.0	0.0
242	__protein1_rbs	6.6	0.0	0.0
242	__protein2_rbs	8.4	0.0	0.0
242	__protein3_rbs	6.6	0.0	0.0
242	__ribosome	32.95	0.0	0.0
242	__rnase_site_ext	12.95	0.0	0.0
242	p0	0.9	0.0	0.0
242	p1	0.8	0.0	0.0
242	p2	0.95	0.0	0.0
242	protein1	797.85	11.4	1.9760308999999998
242	protein2	901.9	12.95	1.9256182000000002
242	protein3	743.25	10.5	2.0197089000000004
242	r0	11.1	0.0	0.0
242	r2	10.35	0.0	0.0
242	rnapol	1.15	0.0	0.0
243	__protein1_rbs	6.85	0.0	0.0
243	__protein2_rbs	7.1	0.0	0.0
243	__protein3_rbs	6.55	0.0	0.0
243	__ribosome	32.2	0.0	0.0
243	__rnase_site_ext	12.85	0.0	0.0
243	p0	0.95	0.0	0.0
243	p1	0.65	0.0	0.0
243	p2	0.8	0.0	0.0
243	protein1	801.85	11.1	2.04047105
243	protein2	907.0	12.85	2.01027775
243	protein3	747.4	10.5	1.9662428
243	r0	11.1	0.0	0.0
243	r2	10.3	0.0	0.0
243	rnapol	1.15	0.0	0.0
244	__protein1_rbs	6.3	0.0	0.0
244	__protein2_rbs	7.0	0.0	0.0
244	__protein3_rbs	6.8	0.0	0.0
244	__ribosome	32.15	0.0	0.0
244	__rnase_site_ext	12.8	0.0	0.0
244	p0	0.8	0.0	0.0
244	p1	0.6	0.0	0.0
244	p2	0.95	0.0	0.0
244	protein1	806.15	11.1	2.0943696
244	protein2	912.15	12.9	2.0136161999999995
244	protein3	751.55	10.4	1.91839825
244	r0	11.15	0.0	0.0
244	r2	10.15	0.0	0.0
244	rnapol	1.05	0.0	0.0
245	__protein1_rbs	6.85	0.0	0.0
245	__protein2_rbs	7.65	0.0	0.0
245	__protein3_rbs	6.25	0.0	0.0
245	__ribosome	33.45	0.0	0.0
245	__rnase_site_ext	12.9	0.0	0.0
245	p0	0.85	0.0	0.0
245	p1	0.65	0.0	0.0
245	p2	0.95	0.0	0.0
245	protein1	810.8	11.1	1.9927671
245	protein2	917.05	13.0	2.01363495
245	protein3	755.8	10.35	1.89951485
245	r0	11.05	0.0	0.0
245	r2	10.2	0.0	0.0
245	rnapol	1.0	0.0	0.0
246	__protein1_rbs	6.65	0.0	0.0
246	__protein2_rbs	8.35	0.0	0.0
246	__protein3_rbs	6.05	0.0	0.0
246	__ribosome	33.45	0.0	0.0
246	__rnase_site_ext	12.95	0.0	0.0
246	p0	0.85	0.0	0.0
246	p1	0.8	0.0	0.0
246	p2	0.9	0.0	0.0
246	protein1	814.95	11.05	2.0276460000000003
246	protein2	922.15	13.25	1.93250275
246	protein3	759.55	10.2	1.9580843
246	r0	10.95	0.0	0.0
246	r2	10.1	0.0	0.0
246	rnapol	0.85	0.0	0.0
247	__protein1_rbs	6.45	0.0	0.0
247	__protein2_rbs	7.9	0.0	0.0
247	__protein3_rbs	5.95	0.0	0.0
247	__ribosome	32.8	0.0	0.0
247	__rnase_site_ext	12.7	0.0	0.0
247	p0	0.9	0.0	0.0
247	p1	0.7	0.0	0.0
247	p2	0.85	0.0	0.0
247	protein1	819.6	10.9	2.00271785
247	protein2	926.7	13.25	1.9935678
247	protein3	763.4	10.3	1.9985053500000003
247	r0	11.05	0.0	0.0
247	r2	9.95	0.0	0.0
247	rnapol	0.8	0.0	0.0
248	__protein1_rbs	6.4	0.0	0.0
248	__protein2_rbs	7.95	0.0	0.0
248	__protein3_rbs	5.95	0.0	0.0
248	__ribosome	32.5	0.0	0.0
248	__rnase_site_ext	12.85	0.0	0.0
248	p0	0.95	0.0	0.0
248	p1	0.7	0.0	0.0
248	p2	0.8	0.0	0.0
248	protein1	823.65	11.0	2.0117052
248	protein2	931.8	13.2	1.9818930500000005
248	protein3	767.1	10.05	2.0704718
248	r0	11.0	0.0	0.0
248	r2	9.85	0.0	0.0
248	rnapol	0.9	0.0	0.0
249	__protein1_rbs	6.15	0.0	0.0
249	__protein2_rbs	7.5	0.0	0.0
249	__protein3_rbs	6.15	0.0	0.0
249	__ribosome	33.05	0.0	0.0
249	__rnase_site_ext	12.95	0.0	0.0
249	p0	0.95	0.0	0.0
249	p1	0.6	0.0	0.0
249	p2	0.65	0.0	0.0
249	protein1	828.4	11.1	1.96975265
249	protein2	937.1	13.35	1.99814885
249	protein3	771.5	9.95	2.0791718999999995
249	r0	11.1	0.0	0.0
249	r2	9.85	0.0	0.0
249	rnapol	0.85	0.0	0.0
250	__protein1_rbs	6.45	0.0	0.0
250	__protein2_rbs	8.2	0.0	0.0
250	__protein3_rbs	5.3	0.0	0.0
250	__ribosome	31.25	0.0	0.0
250	__rnase_site_ext	13.1	0.0	0.0
250	p0	0.8	0.0	0.0
250	p1	0.9	0.0	0.0
250	p2	0.7	0.0	0.0
250	protein1	832.15	11.1	2.0507166
250	protein2	942.25	13.5	1.95281415
250	protein3	774.65	9.95	2.14024185
250	r0	11.05	0.0	0.0
250	r2	9.8	0.0	0.0
250	rnapol	0.65	0.0	0.0
