time	species	protein	transcript	ribo_density
0	__protein1_rbs	0.0	0.0	0.0
0	__protein2_rbs	0.0	0.0	0.0
0	__protein3_rbs	0.0	0.0	0.0
0	__ribosome	100.0	0.0	0.0
0	__rnase_site_ext	0.0	0.0	0.0
0	p0	1.0	0.0	0.0
0	p1	1.0	0.0	0.0
0	r1	0.0	0.0	0.0
0	rnapol	4.0	0.0	0.0
1	__protein1_rbs	0.0	0.0	0.0
1	__protein2_rbs	0.0	0.0	0.0
1	__protein3_rbs	0.0	0.0	0.0
1	__ribosome	70.0	0.0	0.0
1	__rnase_site_ext	0.45	0.0	0.0
1	p0	0.05	0.0	0.0
1	p1	0.65	0.0	0.0
1	r1	0.0	0.0	0.0
1	rnapol	2.1	0.0	0.0
2	__protein1_rbs	0.2	0.0	0.0
2	__protein2_rbs	0.0	0.0	0.0
2	__protein3_rbs	0.0	0.0	0.0
2	__ribosome	109.95	0.0	0.0
2	__rnase_site_ext	0.8	0.0	0.0
2	p0	0.4	0.0	0.0
2	p1	1.05	0.0	0.0
2	protein1	0.0	0.25	0.05
2	r1	0.05	0.0	0.0
2	rnapol	3.2	0.0	0.0
3	__protein1_rbs	0.2	0.0	0.0
3	__protein2_rbs	0.05	0.0	0.0
3	__protein3_rbs	0.0	0.0	0.0
3	__ribosome	104.6	0.0	0.0
3	__rnase_site_ext	1.05	0.0	0.0
3	p0	0.65	0.0	0.0
3	p1	1.0	0.0	0.0
3	protein1	0.0	0.5	0.4
3	protein2	0.0	0.05	0.0
3	r1	0.05	0.0	0.0
3	rnapol	2.9	0.0	0.0
4	__protein1_rbs	0.35	0.0	0.0
4	__protein2_rbs	0.0	0.0	0.0
4	__protein3_rbs	0.0	0.0	0.0
4	__ribosome	113.95	0.0	0.0
4	__rnase_site_ext	1.4	0.0	0.0
4	p0	0.8	0.0	0.0
4	p1	1.15	0.0	0.0
4	protein1	0.0	0.95	0.85
4	protein2	0.0	0.05	0.05
4	r1	0.1	0.0	0.0
4	rnapol	2.95	0.0	0.0
5	__protein1_rbs	0.5	0.0	0.0
5	__protein2_rbs	0.05	0.0	0.0
5	__protein3_rbs	0.0	0.0	0.0
5	__ribosome	98.15	0.0	0.0
5	__rnase_site_ext	1.5	0.0	0.0
5	p0	0.9	0.0	0.0
5	p1	0.95	0.0	0.0
5	protein1	0.0	1.2	inf
5	protein2	0.0	0.1	0.1
5	r1	0.1	0.0	0.0
5	rnapol	2.3	0.0	0.0
6	__protein1_rbs	0.3	0.0	0.0
6	__protein2_rbs	0.05	0.0	0.0
6	__protein3_rbs	0.0	0.0	0.0
6	__ribosome	97.1	0.0	0.0
6	__rnase_site_ext	1.85	0.0	0.0
6	p0	0.8	0.0	0.0
6	p1	1.0	0.0	0.0
6	protein1	0.0	1.35	inf
6	protein2	0.0	0.1	0.2
6	r1	0.15	0.0	0.0
6	rnapol	1.95	0.0	0.0
7	__protein1_rbs	0.55	0.0	0.0
7	__protein2_rbs	0.05	0.0	0.0
7	__protein3_rbs	0.0	0.0	0.0
7	__ribosome	95.95	0.0	0.0
7	__rnase_site_ext	2.05	0.0	0.0
7	p0	0.8	0.0	0.0
7	p1	1.0	0.0	0.0
7	protein1	0.0	1.65	inf
7	protein2	0.0	0.15	0.3
7	r1	0.1	0.0	0.0
7	rnapol	1.75	0.0	0.0
8	__protein1_rbs	0.7	0.0	0.0
8	__protein2_rbs	0.0	0.0	0.0
8	__protein3_rbs	0.0	0.0	0.0
8	__ribosome	95.25	0.0	0.0
8	__rnase_site_ext	2.45	0.0	0.0
8	p0	0.7	0.0	0.0
8	p1	0.8	0.0	0.0
8	protein1	0.45	1.9	inf
8	protein2	0.0	0.1	inf
8	r1	0.15	0.0	0.0
8	rnapol	1.3	0.0	0.0
9	__protein1_rbs	0.65	0.0	0.0
9	__protein2_rbs	0.05	0.0	0.0
9	__protein3_rbs	0.0	0.0	0.0
9	__ribosome	94.55	0.0	0.0
9	__rnase_site_ext	2.55	0.0	0.0
9	p0	0.9	0.0	0.0
9	p1	0.45	0.0	0.0
9	protein1	1.1	2.1	2.325
9	protein2	0.05	0.15	inf
9	r1	0.25	0.0	0.0
9	rnapol	1.2	0.0	0.0
10	__protein1_rbs	0.65	0.0	0.0
10	__protein2_rbs	0.1	0.0	0.0
10	__protein3_rbs	0.0	0.0	0.0
10	__ribosome	93.3	0.0	0.0
10	__rnase_site_ext	2.8	0.0	0.0
10	p0	0.85	0.0	0.0
10	p1	0.5	0.0	0.0
10	protein1	1.6	2.35	2.70833335
10	protein2	0.1	0.2	inf
10	r1	0.6	0.0	0.0
10	rnapol	0.95	0.0	0.0
11	__protein1_rbs	1.0	0.0	0.0
11	__protein2_rbs	0.15	0.0	0.0
11	__protein3_rbs	0.0	0.0	0.0
11	__ribosome	92.75	0.0	0.0
11	__rnase_site_ext	2.8	0.0	0.0
11	p0	1.0	0.0	0.0
11	p1	0.5	0.0	0.0
11	protein1	2.55	2.45	2.61666675
11	protein2	0.15	0.55	inf
11	protein3	0.0	0.05	0.05
11	r1	1.0	0.0	0.0
11	rnapol	0.95	0.0	0.0
12	__protein1_rbs	0.95	0.0	0.0
12	__protein2_rbs	0.3	0.0	0.0
12	__protein3_rbs	0.0	0.0	0.0
12	__ribosome	92.05	0.0	0.0
12	__rnase_site_ext	2.9	0.0	0.0
12	p0	0.85	0.0	0.0
12	p1	0.55	0.0	0.0
12	protein1	3.75	2.6	2.575
12	protein2	0.2	0.85	inf
12	protein3	0.0	0.05	0.05
12	r1	1.3	0.0	0.0
12	rnapol	0.75	0.0	0.0
13	__protein1_rbs	0.9	0.0	0.0
13	__protein2_rbs	0.25	0.0	0.0
13	__protein3_rbs	0.05	0.0	0.0
13	__ribosome	90.3	0.0	0.0
13	__rnase_site_ext	3.05	0.0	0.0
13	p0	0.85	0.0	0.0
13	p1	0.6	0.0	0.0
13	protein1	4.6	2.65	2.94166665
13	protein2	0.3	1.2	inf
13	protein3	0.0	0.1	0.1
13	r1	1.55	0.0	0.0
13	rnapol	0.65	0.0	0.0
14	__protein1_rbs	0.95	0.0	0.0
14	__protein2_rbs	0.3	0.0	0.0
14	__protein3_rbs	0.05	0.0	0.0
14	__ribosome	89.0	0.0	0.0
14	__rnase_site_ext	3.2	0.0	0.0
14	p0	0.8	0.0	0.0
14	p1	0.45	0.0	0.0
14	protein1	6.1	2.85	2.8083333499999994
14	protein2	0.4	1.55	1.81666665
14	protein3	0.0	0.1	0.2
14	r1	1.8	0.0	0.0
14	rnapol	0.45	0.0	0.0
15	__protein1_rbs	0.8	0.0	0.0
15	__protein2_rbs	0.55	0.0	0.0
15	__protein3_rbs	0.1	0.0	0.0
15	__ribosome	87.9	0.0	0.0
15	__rnase_site_ext	3.3	0.0	0.0
15	p0	0.95	0.0	0.0
15	p1	0.55	0.0	0.0
15	protein1	7.65	2.9	2.84166665
15	protein2	0.6	1.7	2.14166665
15	protein3	0.0	0.15	0.25
15	r1	2.05	0.0	0.0
15	rnapol	0.45	0.0	0.0
16	__protein1_rbs	1.25	0.0	0.0
16	__protein2_rbs	0.75	0.0	0.0
16	__protein3_rbs	0.05	0.0	0.0
16	__ribosome	86.3	0.0	0.0
16	__rnase_site_ext	3.3	0.0	0.0
16	p0	0.95	0.0	0.0
16	p1	0.6	0.0	0.0
16	protein1	8.95	3.1	2.8208333
16	protein2	0.85	2.0	2.25833335
16	protein3	0.0	0.15	0.35
16	r1	2.45	0.0	0.0
16	rnapol	0.45	0.0	0.0
17	__protein1_rbs	1.15	0.0	0.0
17	__protein2_rbs	1.1	0.0	0.0
17	__protein3_rbs	0.1	0.0	0.0
17	__ribosome	85.25	0.0	0.0
17	__rnase_site_ext	3.35	0.0	0.0
17	p0	0.9	0.0	0.0
17	p1	0.8	0.0	0.0
17	protein1	10.25	3.1	3.0208332500000004
17	protein2	1.45	2.35	2.2333333
17	protein3	0.05	0.2	0.4
17	r1	2.65	0.0	0.0
17	rnapol	0.35	0.0	0.0
18	__protein1_rbs	1.2	0.0	0.0
18	__protein2_rbs	0.75	0.0	0.0
18	__protein3_rbs	0.1	0.0	0.0
18	__ribosome	83.7	0.0	0.0
18	__rnase_site_ext	3.25	0.0	0.0
18	p0	1.0	0.0	0.0
18	p1	0.8	0.0	0.0
18	protein1	11.9	3.15	2.9958334
18	protein2	2.1	2.6	2.4333332500000004
18	protein3	0.1	0.35	0.6
18	r1	2.75	0.0	0.0
18	rnapol	0.4	0.0	0.0
19	__protein1_rbs	1.1	0.0	0.0
19	__protein2_rbs	1.15	0.0	0.0
19	__protein3_rbs	0.2	0.0	0.0
19	__ribosome	82.8	0.0	0.0
19	__rnase_site_ext	3.25	0.0	0.0
19	p0	1.0	0.0	0.0
19	p1	0.8	0.0	0.0
19	protein1	13.5	3.05	3.16666655
19	protein2	3.2	2.75	2.4083333500000004
19	protein3	0.15	0.65	0.725
19	r1	2.95	0.0	0.0
19	rnapol	0.45	0.0	0.0
20	__protein1_rbs	1.05	0.0	0.0
20	__protein2_rbs	0.8	0.0	0.0
20	__protein3_rbs	0.45	0.0	0.0
20	__ribosome	81.15	0.0	0.0
20	__rnase_site_ext	3.3	0.0	0.0
20	p0	0.85	0.0	0.0
20	p1	0.7	0.0	0.0
20	protein1	15.35	3.05	3.1833333000000006
20	protein2	4.0	2.9	2.7000000499999994
20	protein3	0.2	1.0	1.05
20	r1	3.0	0.0	0.0
20	rnapol	0.3	0.0	0.0
21	__protein1_rbs	1.0	0.0	0.0
21	__protein2_rbs	1.0	0.0	0.0
21	__protein3_rbs	0.6	0.0	0.0
21	__ribosome	79.9	0.0	0.0
21	__rnase_site_ext	3.4	0.0	0.0
21	p0	0.95	0.0	0.0
21	p1	0.8	0.0	0.0
21	protein1	17.1	3.05	3.1708333
21	protein2	5.25	3.0	2.79166665
21	protein3	0.4	1.3	1.45
21	r1	3.2	0.0	0.0
21	rnapol	0.3	0.0	0.0
22	__protein1_rbs	0.95	0.0	0.0
22	__protein2_rbs	1.45	0.0	0.0
22	__protein3_rbs	0.6	0.0	0.0
22	__ribosome	78.25	0.0	0.0
22	__rnase_site_ext	3.4	0.0	0.0
22	p0	0.9	0.0	0.0
22	p1	0.85	0.0	0.0
22	protein1	19.05	3.25	3.0166667
22	protein2	6.4	3.15	2.89166675
22	protein3	0.45	1.6	1.86666665
22	r1	3.15	0.0	0.0
22	rnapol	0.2	0.0	0.0
23	__protein1_rbs	1.55	0.0	0.0
23	__protein2_rbs	0.95	0.0	0.0
23	__protein3_rbs	0.7	0.0	0.0
23	__ribosome	77.55	0.0	0.0
23	__rnase_site_ext	3.45	0.0	0.0
23	p0	0.9	0.0	0.0
23	p1	0.75	0.0	0.0
23	protein1	20.85	3.15	3.02499995
23	protein2	8.25	3.15	3.07499995
23	protein3	0.6	1.9	2.0416667
23	r1	3.3	0.0	0.0
23	rnapol	0.3	0.0	0.0
24	__protein1_rbs	1.05	0.0	0.0
24	__protein2_rbs	1.1	0.0	0.0
24	__protein3_rbs	0.85	0.0	0.0
24	__ribosome	76.25	0.0	0.0
24	__rnase_site_ext	3.5	0.0	0.0
24	p0	1.0	0.0	0.0
24	p1	0.95	0.0	0.0
24	protein1	22.75	3.25	3.0083332500000006
24	protein2	9.7	3.15	3.17499995
24	protein3	1.1	2.15	inf
24	r1	3.4	0.0	0.0
24	rnapol	0.6	0.0	0.0
25	__protein1_rbs	1.25	0.0	0.0
25	__protein2_rbs	1.1	0.0	0.0
25	__protein3_rbs	0.95	0.0	0.0
25	__ribosome	75.4	0.0	0.0
25	__rnase_site_ext	3.65	0.0	0.0
25	p0	0.8	0.0	0.0
25	p1	0.9	0.0	0.0
25	protein1	24.7	3.3	2.9499999000000012
25	protein2	11.55	3.4	2.9166666500000007
25	protein3	1.7	2.45	2.125
25	r1	3.45	0.0	0.0
25	rnapol	0.6	0.0	0.0
26	__protein1_rbs	1.2	0.0	0.0
26	__protein2_rbs	1.2	0.0	0.0
26	__protein3_rbs	1.15	0.0	0.0
26	__ribosome	74.25	0.0	0.0
26	__rnase_site_ext	3.85	0.0	0.0
26	p0	0.8	0.0	0.0
26	p1	0.9	0.0	0.0
26	protein1	26.4	3.35	2.9533333500000003
26	protein2	13.6	3.45	2.94999995
26	protein3	2.5	2.7	2.2333334
26	r1	3.5	0.0	0.0
26	rnapol	0.6	0.0	0.0
27	__protein1_rbs	1.45	0.0	0.0
27	__protein2_rbs	1.3	0.0	0.0
27	__protein3_rbs	1.4	0.0	0.0
27	__ribosome	73.45	0.0	0.0
27	__rnase_site_ext	3.95	0.0	0.0
27	p0	0.95	0.0	0.0
27	p1	0.9	0.0	0.0
27	protein1	28.35	3.4	2.9491666500000004
27	protein2	15.25	3.5	2.89583335
27	protein3	3.25	2.8	2.3833333
27	r1	3.55	0.0	0.0
27	rnapol	0.9	0.0	0.0
28	__protein1_rbs	1.15	0.0	0.0
28	__protein2_rbs	1.6	0.0	0.0
28	__protein3_rbs	1.2	0.0	0.0
28	__ribosome	71.8	0.0	0.0
28	__rnase_site_ext	4.0	0.0	0.0
28	p0	1.0	0.0	0.0
28	p1	0.85	0.0	0.0
28	protein1	30.0	3.6	3.0516666999999997
28	protein2	17.1	3.6	2.8083332999999997
28	protein3	4.25	2.95	2.483333300000001
28	r1	3.6	0.0	0.0
28	rnapol	1.2	0.0	0.0
29	__protein1_rbs	1.15	0.0	0.0
29	__protein2_rbs	1.65	0.0	0.0
29	__protein3_rbs	1.05	0.0	0.0
29	__ribosome	71.1	0.0	0.0
29	__rnase_site_ext	3.8	0.0	0.0
29	p0	0.95	0.0	0.0
29	p1	0.85	0.0	0.0
29	protein1	32.1	3.65	2.9858333000000004
29	protein2	18.95	3.55	2.86250005
29	protein3	5.55	3.05	2.6416666500000003
29	r1	3.6	0.0	0.0
29	rnapol	1.3	0.0	0.0
30	__protein1_rbs	1.55	0.0	0.0
30	__protein2_rbs	1.3	0.0	0.0
30	__protein3_rbs	1.3	0.0	0.0
30	__ribosome	71.1	0.0	0.0
30	__rnase_site_ext	3.85	0.0	0.0
30	p0	0.95	0.0	0.0
30	p1	0.85	0.0	0.0
30	protein1	34.05	3.65	2.91833335
30	protein2	21.45	3.65	2.7291666
30	protein3	6.9	3.2	2.62500005
30	r1	3.7	0.0	0.0
30	rnapol	1.5	0.0	0.0
31	__protein1_rbs	1.6	0.0	0.0
31	__protein2_rbs	1.45	0.0	0.0
31	__protein3_rbs	1.15	0.0	0.0
31	__ribosome	69.95	0.0	0.0
31	__rnase_site_ext	4.0	0.0	0.0
31	p0	0.8	0.0	0.0
31	p1	0.85	0.0	0.0
31	protein1	36.05	3.55	3.0791666500000003
31	protein2	23.05	3.7	2.82500005
31	protein3	8.25	3.3	2.7583333
31	r1	3.8	0.0	0.0
31	rnapol	1.55	0.0	0.0
32	__protein1_rbs	1.2	0.0	0.0
32	__protein2_rbs	1.85	0.0	0.0
32	__protein3_rbs	1.3	0.0	0.0
32	__ribosome	69.7	0.0	0.0
32	__rnase_site_ext	4.1	0.0	0.0
32	p0	0.8	0.0	0.0
32	p1	0.9	0.0	0.0
32	protein1	38.05	3.65	3.00499995
32	protein2	25.05	3.75	2.6666666
32	protein3	9.6	3.3	2.8833332500000006
32	r1	3.8	0.0	0.0
32	rnapol	1.5	0.0	0.0
33	__protein1_rbs	1.55	0.0	0.0
33	__protein2_rbs	1.35	0.0	0.0
33	__protein3_rbs	1.35	0.0	0.0
33	__ribosome	69.2	0.0	0.0
33	__rnase_site_ext	4.55	0.0	0.0
33	p0	0.7	0.0	0.0
33	p1	0.7	0.0	0.0
33	protein1	39.9	3.8	2.97
33	protein2	27.15	3.85	2.6675000000000004
33	protein3	11.6	3.55	2.64583335
33	r1	3.85	0.0	0.0
33	rnapol	1.3	0.0	0.0
34	__protein1_rbs	1.6	0.0	0.0
34	__protein2_rbs	1.55	0.0	0.0
34	__protein3_rbs	1.35	0.0	0.0
34	__ribosome	68.55	0.0	0.0
34	__rnase_site_ext	4.65	0.0	0.0
34	p0	0.8	0.0	0.0
34	p1	0.7	0.0	0.0
34	protein1	42.35	4.2	2.6566667
34	protein2	29.1	3.8	2.7383333
34	protein3	13.25	3.65	2.7541667000000003
34	r1	3.85	0.0	0.0
34	rnapol	1.25	0.0	0.0
35	__protein1_rbs	1.55	0.0	0.0
35	__protein2_rbs	1.15	0.0	0.0
35	__protein3_rbs	1.9	0.0	0.0
35	__ribosome	67.45	0.0	0.0
35	__rnase_site_ext	4.85	0.0	0.0
35	p0	0.7	0.0	0.0
35	p1	0.85	0.0	0.0
35	protein1	44.65	4.35	2.5941667
35	protein2	31.1	3.9	2.8858333499999995
35	protein3	14.75	3.75	2.7108333000000004
35	r1	4.0	0.0	0.0
35	rnapol	1.05	0.0	0.0
36	__protein1_rbs	2.15	0.0	0.0
36	__protein2_rbs	1.3	0.0	0.0
36	__protein3_rbs	1.1	0.0	0.0
36	__ribosome	66.4	0.0	0.0
36	__rnase_site_ext	5.0	0.0	0.0
36	p0	0.95	0.0	0.0
36	p1	0.95	0.0	0.0
36	protein1	46.65	4.6	2.5759523000000004
36	protein2	33.05	4.0	2.94333335
36	protein3	16.95	3.8	2.7133334
36	r1	4.1	0.0	0.0
36	rnapol	1.1	0.0	0.0
37	__protein1_rbs	1.75	0.0	0.0
37	__protein2_rbs	2.15	0.0	0.0
37	__protein3_rbs	1.75	0.0	0.0
37	__ribosome	65.4	0.0	0.0
37	__rnase_site_ext	5.4	0.0	0.0
37	p0	0.65	0.0	0.0
37	p1	0.95	0.0	0.0
37	protein1	48.55	4.8	2.68785715
37	protein2	34.75	4.1	2.8558333000000005
37	protein3	18.85	3.85	2.72499995
37	r1	4.05	0.0	0.0
37	rnapol	0.7	0.0	0.0
38	__protein1_rbs	2.45	0.0	0.0
38	__protein2_rbs	1.5	0.0	0.0
38	__protein3_rbs	1.7	0.0	0.0
38	__ribosome	65.35	0.0	0.0
38	__rnase_site_ext	5.55	0.0	0.0
38	p0	0.85	0.0	0.0
38	p1	0.75	0.0	0.0
38	protein1	51.0	5.0	2.5658333
38	protein2	37.15	4.1	2.90749995
38	protein3	20.75	3.85	2.76999995
38	r1	4.1	0.0	0.0
38	rnapol	0.75	0.0	0.0
39	__protein1_rbs	1.9	0.0	0.0
39	__protein2_rbs	2.2	0.0	0.0
39	__protein3_rbs	1.0	0.0	0.0
39	__ribosome	63.45	0.0	0.0
39	__rnase_site_ext	5.65	0.0	0.0
39	p0	0.85	0.0	0.0
39	p1	0.55	0.0	0.0
39	protein1	53.05	5.2	2.63988095
39	protein2	39.0	4.1	2.8641667
39	protein3	22.65	3.85	2.97166665
39	r1	4.2	0.0	0.0
39	rnapol	0.75	0.0	0.0
40	__protein1_rbs	2.3	0.0	0.0
40	__protein2_rbs	1.65	0.0	0.0
40	__protein3_rbs	1.55	0.0	0.0
40	__ribosome	64.3	0.0	0.0
40	__rnase_site_ext	5.65	0.0	0.0
40	p0	0.85	0.0	0.0
40	p1	0.7	0.0	0.0
40	protein1	56.05	5.3	2.5678572
40	protein2	41.85	4.15	2.72416665
40	protein3	24.7	3.95	2.8608333000000004
40	r1	4.45	0.0	0.0
40	rnapol	0.7	0.0	0.0
41	__protein1_rbs	2.25	0.0	0.0
41	__protein2_rbs	1.75	0.0	0.0
41	__protein3_rbs	1.25	0.0	0.0
41	__ribosome	62.85	0.0	0.0
41	__rnase_site_ext	5.8	0.0	0.0
41	p0	0.95	0.0	0.0
41	p1	0.6	0.0	0.0
41	protein1	58.1	5.45	2.6196428500000004
41	protein2	44.05	4.4	2.66
41	protein3	26.95	3.95	2.90833335
41	r1	4.65	0.0	0.0
41	rnapol	0.65	0.0	0.0
42	__protein1_rbs	2.15	0.0	0.0
42	__protein2_rbs	2.1	0.0	0.0
42	__protein3_rbs	1.8	0.0	0.0
42	__ribosome	62.0	0.0	0.0
42	__rnase_site_ext	5.95	0.0	0.0
42	p0	0.8	0.0	0.0
42	p1	0.6	0.0	0.0
42	protein1	60.7	5.5	2.7020239
42	protein2	46.35	4.6	2.58583335
42	protein3	28.8	4.05	2.8741667
42	r1	4.9	0.0	0.0
42	rnapol	0.5	0.0	0.0
43	__protein1_rbs	3.0	0.0	0.0
43	__protein2_rbs	1.95	0.0	0.0
43	__protein3_rbs	1.8	0.0	0.0
43	__ribosome	61.6	0.0	0.0
43	__rnase_site_ext	5.9	0.0	0.0
43	p0	0.95	0.0	0.0
43	p1	0.6	0.0	0.0
43	protein1	63.5	5.6	2.5302382000000003
43	protein2	48.5	4.9	2.5408333000000005
43	protein3	30.75	4.25	2.8233333499999995
43	r1	5.1	0.0	0.0
43	rnapol	0.5	0.0	0.0
44	__protein1_rbs	2.8	0.0	0.0
44	__protein2_rbs	2.35	0.0	0.0
44	__protein3_rbs	1.9	0.0	0.0
44	__ribosome	60.95	0.0	0.0
44	__rnase_site_ext	5.7	0.0	0.0
44	p0	1.0	0.0	0.0
44	p1	0.6	0.0	0.0
44	protein1	66.0	5.65	2.6432738
44	protein2	50.5	5.1	2.5426190500000003
44	protein3	33.15	4.2	2.79083335
44	r1	5.25	0.0	0.0
44	rnapol	0.55	0.0	0.0
45	__protein1_rbs	2.3	0.0	0.0
45	__protein2_rbs	2.55	0.0	0.0
45	__protein3_rbs	1.75	0.0	0.0
45	__ribosome	60.15	0.0	0.0
45	__rnase_site_ext	5.7	0.0	0.0
45	p0	1.0	0.0	0.0
45	p1	0.55	0.0	0.0
45	protein1	68.95	5.45	2.7833334
45	protein2	52.8	5.25	2.52309525
45	protein3	35.25	4.4	2.7774999999999994
45	r1	5.65	0.0	0.0
45	rnapol	0.7	0.0	0.0
46	__protein1_rbs	2.35	0.0	0.0
46	__protein2_rbs	1.95	0.0	0.0
46	__protein3_rbs	1.9	0.0	0.0
46	__ribosome	59.95	0.0	0.0
46	__rnase_site_ext	5.75	0.0	0.0
46	p0	0.95	0.0	0.0
46	p1	0.85	0.0	0.0
46	protein1	71.65	5.45	2.77416665
46	protein2	55.5	5.55	2.51988095
46	protein3	38.05	4.35	2.66916665
46	r1	5.75	0.0	0.0
46	rnapol	0.6	0.0	0.0
47	__protein1_rbs	2.25	0.0	0.0
47	__protein2_rbs	2.45	0.0	0.0
47	__protein3_rbs	2.15	0.0	0.0
47	__ribosome	58.75	0.0	0.0
47	__rnase_site_ext	5.6	0.0	0.0
47	p0	1.0	0.0	0.0
47	p1	0.85	0.0	0.0
47	protein1	74.45	5.5	2.733631
47	protein2	57.95	5.75	2.5311905
47	protein3	39.85	4.4	2.7208333
47	r1	5.7	0.0	0.0
47	rnapol	0.65	0.0	0.0
48	__protein1_rbs	1.95	0.0	0.0
48	__protein2_rbs	2.8	0.0	0.0
48	__protein3_rbs	1.9	0.0	0.0
48	__ribosome	58.5	0.0	0.0
48	__rnase_site_ext	5.55	0.0	0.0
48	p0	0.9	0.0	0.0
48	p1	0.7	0.0	0.0
48	protein1	77.25	5.4	2.86660715
48	protein2	60.8	5.75	2.548988
48	protein3	42.2	4.55	2.5891667000000003
48	r1	5.85	0.0	0.0
48	rnapol	0.7	0.0	0.0
49	__protein1_rbs	2.7	0.0	0.0
49	__protein2_rbs	2.1	0.0	0.0
49	__protein3_rbs	1.65	0.0	0.0
49	__ribosome	57.2	0.0	0.0
49	__rnase_site_ext	5.6	0.0	0.0
49	p0	0.95	0.0	0.0
49	p1	0.7	0.0	0.0
49	protein1	80.4	5.35	2.8384523999999995
49	protein2	63.25	5.8	2.72755945
49	protein3	44.6	4.7	2.60916665
49	r1	5.95	0.0	0.0
49	rnapol	0.8	0.0	0.0
50	__protein1_rbs	2.4	0.0	0.0
50	__protein2_rbs	3.1	0.0	0.0
50	__protein3_rbs	2.4	0.0	0.0
50	__ribosome	57.1	0.0	0.0
50	__rnase_site_ext	5.65	0.0	0.0
50	p0	0.95	0.0	0.0
50	p1	0.7	0.0	0.0
50	protein1	83.3	5.35	2.79476195
50	protein2	65.55	5.8	2.73619045
50	protein3	46.55	4.95	2.5191666999999995
50	r1	5.95	0.0	0.0
50	rnapol	0.8	0.0	0.0
51	__protein1_rbs	2.9	0.0	0.0
51	__protein2_rbs	2.45	0.0	0.0
51	__protein3_rbs	2.2	0.0	0.0
51	__ribosome	57.15	0.0	0.0
51	__rnase_site_ext	5.65	0.0	0.0
51	p0	0.95	0.0	0.0
51	p1	0.8	0.0	0.0
51	protein1	86.25	5.45	2.66154755
51	protein2	68.8	5.95	2.71726185
51	protein3	48.95	5.05	2.4883333000000003
51	r1	6.05	0.0	0.0
51	rnapol	0.85	0.0	0.0
52	__protein1_rbs	2.7	0.0	0.0
52	__protein2_rbs	3.0	0.0	0.0
52	__protein3_rbs	2.7	0.0	0.0
52	__ribosome	57.75	0.0	0.0
52	__rnase_site_ext	5.75	0.0	0.0
52	p0	1.0	0.0	0.0
52	p1	1.0	0.0	0.0
52	protein1	89.2	5.5	2.55761905
52	protein2	72.1	6.0	2.58291665
52	protein3	51.25	5.3	2.43952385
52	r1	6.1	0.0	0.0
52	rnapol	0.85	0.0	0.0
53	__protein1_rbs	2.5	0.0	0.0
53	__protein2_rbs	2.45	0.0	0.0
53	__protein3_rbs	2.3	0.0	0.0
53	__ribosome	56.4	0.0	0.0
53	__rnase_site_ext	5.85	0.0	0.0
53	p0	0.95	0.0	0.0
53	p1	0.9	0.0	0.0
53	protein1	92.5	5.6	2.48845235
53	protein2	75.15	6.15	2.6252976500000003
53	protein3	53.4	5.45	2.5995238
53	r1	6.0	0.0	0.0
53	rnapol	0.75	0.0	0.0
54	__protein1_rbs	2.55	0.0	0.0
54	__protein2_rbs	2.95	0.0	0.0
54	__protein3_rbs	2.65	0.0	0.0
54	__ribosome	55.6	0.0	0.0
54	__rnase_site_ext	5.75	0.0	0.0
54	p0	0.95	0.0	0.0
54	p1	0.9	0.0	0.0
54	protein1	95.0	5.65	2.54916665
54	protein2	77.8	6.1	2.67845245
54	protein3	56.1	5.8	2.4792857
54	r1	6.05	0.0	0.0
54	rnapol	0.95	0.0	0.0
55	__protein1_rbs	2.35	0.0	0.0
55	__protein2_rbs	2.6	0.0	0.0
55	__protein3_rbs	2.7	0.0	0.0
55	__ribosome	55.75	0.0	0.0
55	__rnase_site_ext	5.85	0.0	0.0
55	p0	0.85	0.0	0.0
55	p1	0.95	0.0	0.0
55	protein1	98.1	5.6	2.4944048
55	protein2	81.3	6.0	2.692381
55	protein3	58.65	5.9	2.5229762
55	r1	6.1	0.0	0.0
55	rnapol	1.05	0.0	0.0
56	__protein1_rbs	2.5	0.0	0.0
56	__protein2_rbs	3.05	0.0	0.0
56	__protein3_rbs	3.0	0.0	0.0
56	__ribosome	55.2	0.0	0.0
56	__rnase_site_ext	5.95	0.0	0.0
56	p0	0.95	0.0	0.0
56	p1	0.85	0.0	0.0
56	protein1	100.45	5.65	2.56875005
56	protein2	84.25	6.1	2.57886905
56	protein3	61.35	6.0	2.4886310000000003
56	r1	6.15	0.0	0.0
56	rnapol	1.15	0.0	0.0
57	__protein1_rbs	2.8	0.0	0.0
57	__protein2_rbs	2.7	0.0	0.0
57	__protein3_rbs	3.6	0.0	0.0
57	__ribosome	54.3	0.0	0.0
57	__rnase_site_ext	6.1	0.0	0.0
57	p0	0.85	0.0	0.0
57	p1	0.95	0.0	0.0
57	protein1	103.1	5.8	2.5458334
57	protein2	87.05	6.15	2.67095225
57	protein3	63.65	6.2	2.4204762000000004
57	r1	6.1	0.0	0.0
57	rnapol	1.25	0.0	0.0
58	__protein1_rbs	2.3	0.0	0.0
58	__protein2_rbs	2.5	0.0	0.0
58	__protein3_rbs	2.9	0.0	0.0
58	__ribosome	54.0	0.0	0.0
58	__rnase_site_ext	6.1	0.0	0.0
58	p0	0.9	0.0	0.0
58	p1	0.9	0.0	0.0
58	protein1	105.75	5.85	2.62565475
58	protein2	90.7	6.15	2.6252976500000003
58	protein3	66.8	6.4	2.33541655
58	r1	6.0	0.0	0.0
58	rnapol	1.45	0.0	0.0
59	__protein1_rbs	3.15	0.0	0.0
59	__protein2_rbs	2.4	0.0	0.0
59	__protein3_rbs	3.25	0.0	0.0
59	__ribosome	54.05	0.0	0.0
59	__rnase_site_ext	6.2	0.0	0.0
59	p0	0.95	0.0	0.0
59	p1	0.85	0.0	0.0
59	protein1	108.8	5.95	2.53625
59	protein2	93.75	6.0	2.6990476
59	protein3	69.85	6.5	2.32273815
59	r1	5.9	0.0	0.0
59	rnapol	1.65	0.0	0.0
60	__protein1_rbs	3.05	0.0	0.0
60	__protein2_rbs	2.9	0.0	0.0
60	__protein3_rbs	2.75	0.0	0.0
60	__ribosome	53.3	0.0	0.0
60	__rnase_site_ext	6.3	0.0	0.0
60	p0	0.85	0.0	0.0
60	p1	0.95	0.0	0.0
60	protein1	111.7	6.0	2.5423809500000005
60	protein2	96.35	6.0	2.6872024000000003
60	protein3	72.9	6.6	2.3692263
60	r1	5.9	0.0	0.0
60	rnapol	1.65	0.0	0.0
61	__protein1_rbs	2.3	0.0	0.0
61	__protein2_rbs	2.45	0.0	0.0
61	__protein3_rbs	2.95	0.0	0.0
61	__ribosome	51.7	0.0	0.0
61	__rnase_site_ext	6.3	0.0	0.0
61	p0	0.9	0.0	0.0
61	p1	0.9	0.0	0.0
61	protein1	114.4	6.05	2.698988
61	protein2	99.5	5.95	2.75660715
61	protein3	75.9	6.65	2.4029762000000003
61	r1	5.95	0.0	0.0
61	rnapol	1.7	0.0	0.0
62	__protein1_rbs	3.1	0.0	0.0
62	__protein2_rbs	2.85	0.0	0.0
62	__protein3_rbs	2.95	0.0	0.0
62	__ribosome	51.1	0.0	0.0
62	__rnase_site_ext	6.55	0.0	0.0
62	p0	0.8	0.0	0.0
62	p1	0.95	0.0	0.0
62	protein1	117.3	6.2	2.6
62	protein2	102.45	5.95	2.743631
62	protein3	78.45	6.5	2.61803565
62	r1	6.05	0.0	0.0
62	rnapol	1.55	0.0	0.0
63	__protein1_rbs	2.95	0.0	0.0
63	__protein2_rbs	2.5	0.0	0.0
63	__protein3_rbs	3.65	0.0	0.0
63	__ribosome	52.0	0.0	0.0
63	__rnase_site_ext	6.75	0.0	0.0
63	p0	0.9	0.0	0.0
63	p1	0.65	0.0	0.0
63	protein1	120.8	6.3	2.5164880000000003
63	protein2	105.85	6.0	2.7259524000000006
63	protein3	81.75	6.5	2.51982135
63	r1	6.0	0.0	0.0
63	rnapol	1.5	0.0	0.0
64	__protein1_rbs	2.8	0.0	0.0
64	__protein2_rbs	2.65	0.0	0.0
64	__protein3_rbs	2.45	0.0	0.0
64	__ribosome	50.75	0.0	0.0
64	__rnase_site_ext	6.95	0.0	0.0
64	p0	0.9	0.0	0.0
64	p1	0.75	0.0	0.0
64	protein1	123.5	6.5	2.5818452
64	protein2	109.1	6.05	2.6750595499999994
64	protein3	84.8	6.5	2.5892857500000006
64	r1	6.25	0.0	0.0
64	rnapol	1.45	0.0	0.0
65	__protein1_rbs	3.45	0.0	0.0
65	__protein2_rbs	3.1	0.0	0.0
65	__protein3_rbs	3.5	0.0	0.0
65	__ribosome	51.8	0.0	0.0
65	__rnase_site_ext	6.95	0.0	0.0
65	p0	0.9	0.0	0.0
65	p1	0.85	0.0	0.0
65	protein1	126.75	6.6	2.47384925
65	protein2	112.2	6.2	2.6139087000000005
65	protein3	87.95	6.5	2.4966666499999994
65	r1	6.2	0.0	0.0
65	rnapol	1.5	0.0	0.0
66	__protein1_rbs	3.0	0.0	0.0
66	__protein2_rbs	2.9	0.0	0.0
66	__protein3_rbs	2.5	0.0	0.0
66	__ribosome	50.5	0.0	0.0
66	__rnase_site_ext	7.15	0.0	0.0
66	p0	0.95	0.0	0.0
66	p1	0.8	0.0	0.0
66	protein1	129.75	6.65	2.5804763
66	protein2	115.35	6.3	2.59507935
66	protein3	91.7	6.55	2.5114881500000004
66	r1	6.3	0.0	0.0
66	rnapol	1.4	0.0	0.0
67	__protein1_rbs	3.05	0.0	0.0
67	__protein2_rbs	2.6	0.0	0.0
67	__protein3_rbs	2.65	0.0	0.0
67	__ribosome	49.1	0.0	0.0
67	__rnase_site_ext	7.3	0.0	0.0
67	p0	0.9	0.0	0.0
67	p1	0.85	0.0	0.0
67	protein1	133.1	6.85	2.53607145
67	protein2	118.0	6.2	2.7715477
67	protein3	95.0	6.5	2.5841071
67	r1	6.4	0.0	0.0
67	rnapol	1.25	0.0	0.0
68	__protein1_rbs	3.65	0.0	0.0
68	__protein2_rbs	3.5	0.0	0.0
68	__protein3_rbs	3.05	0.0	0.0
68	__ribosome	48.95	0.0	0.0
68	__rnase_site_ext	7.3	0.0	0.0
68	p0	0.75	0.0	0.0
68	p1	0.7	0.0	0.0
68	protein1	136.2	7.0	2.501388850000001
68	protein2	121.2	6.4	2.6222023500000007
68	protein3	97.6	6.4	2.6852382
68	r1	6.55	0.0	0.0
68	rnapol	1.0	0.0	0.0
69	__protein1_rbs	3.0	0.0	0.0
69	__protein2_rbs	2.7	0.0	0.0
69	__protein3_rbs	2.6	0.0	0.0
69	__ribosome	48.3	0.0	0.0
69	__rnase_site_ext	7.25	0.0	0.0
69	p0	0.85	0.0	0.0
69	p1	0.65	0.0	0.0
69	protein1	139.45	6.85	2.6304166
69	protein2	124.7	6.5	2.5249206
69	protein3	100.95	6.45	2.7504167500000003
69	r1	6.75	0.0	0.0
69	rnapol	0.9	0.0	0.0
70	__protein1_rbs	4.35	0.0	0.0
70	__protein2_rbs	3.65	0.0	0.0
70	__protein3_rbs	3.0	0.0	0.0
70	__ribosome	49.05	0.0	0.0
70	__rnase_site_ext	7.35	0.0	0.0
70	p0	0.9	0.0	0.0
70	p1	0.55	0.0	0.0
70	protein1	142.95	6.95	2.4973214
70	protein2	127.5	6.7	2.4432341
70	protein3	104.05	6.5	2.73916675
70	r1	6.9	0.0	0.0
70	rnapol	0.75	0.0	0.0
71	__protein1_rbs	3.15	0.0	0.0
71	__protein2_rbs	2.9	0.0	0.0
71	__protein3_rbs	2.95	0.0	0.0
71	__ribosome	48.25	0.0	0.0
71	__rnase_site_ext	7.55	0.0	0.0
71	p0	0.9	0.0	0.0
71	p1	0.75	0.0	0.0
71	protein1	146.15	7.1	2.51462305
71	protein2	131.0	6.85	2.4449602500000003
71	protein3	107.75	6.55	2.6961310000000003
71	r1	7.1	0.0	0.0
71	rnapol	0.8	0.0	0.0
72	__protein1_rbs	3.85	0.0	0.0
72	__protein2_rbs	3.85	0.0	0.0
72	__protein3_rbs	2.8	0.0	0.0
72	__ribosome	49.7	0.0	0.0
72	__rnase_site_ext	7.5	0.0	0.0
72	p0	1.0	0.0	0.0
72	p1	0.8	0.0	0.0
72	protein1	149.75	7.25	2.40783725
72	protein2	134.65	7.05	2.2539285500000004
72	protein3	111.45	6.6	2.63964285
72	r1	7.15	0.0	0.0
72	rnapol	0.8	0.0	0.0
73	__protein1_rbs	3.15	0.0	0.0
73	__protein2_rbs	3.7	0.0	0.0
73	__protein3_rbs	3.45	0.0	0.0
73	__ribosome	48.85	0.0	0.0
73	__rnase_site_ext	7.6	0.0	0.0
73	p0	0.85	0.0	0.0
73	p1	0.65	0.0	0.0
73	protein1	153.15	7.25	2.47400795
73	protein2	137.3	7.2	2.29267855
73	protein3	114.95	6.8	2.51793645
73	r1	7.2	0.0	0.0
73	rnapol	0.7	0.0	0.0
74	__protein1_rbs	3.05	0.0	0.0
74	__protein2_rbs	3.1	0.0	0.0
74	__protein3_rbs	3.2	0.0	0.0
74	__ribosome	47.85	0.0	0.0
74	__rnase_site_ext	7.55	0.0	0.0
74	p0	0.95	0.0	0.0
74	p1	0.8	0.0	0.0
74	protein1	157.1	7.3	2.4943056
74	protein2	140.7	7.1	2.38613085
74	protein3	117.95	6.75	2.5951389
74	r1	7.4	0.0	0.0
74	rnapol	0.65	0.0	0.0
75	__protein1_rbs	3.85	0.0	0.0
75	__protein2_rbs	3.85	0.0	0.0
75	__protein3_rbs	3.35	0.0	0.0
75	__ribosome	47.65	0.0	0.0
75	__rnase_site_ext	7.6	0.0	0.0
75	p0	0.85	0.0	0.0
75	p1	0.6	0.0	0.0
75	protein1	159.9	7.25	2.56400795
75	protein2	143.4	7.3	2.35930545
75	protein3	121.55	6.8	2.50019835
75	r1	7.45	0.0	0.0
75	rnapol	0.65	0.0	0.0
76	__protein1_rbs	3.95	0.0	0.0
76	__protein2_rbs	4.15	0.0	0.0
76	__protein3_rbs	3.2	0.0	0.0
76	__ribosome	48.55	0.0	0.0
76	__rnase_site_ext	7.65	0.0	0.0
76	p0	0.85	0.0	0.0
76	p1	0.55	0.0	0.0
76	protein1	163.45	7.2	2.5347817999999998
76	protein2	147.25	7.4	2.21684515
76	protein3	124.35	6.75	2.5456746
76	r1	7.65	0.0	0.0
76	rnapol	0.6	0.0	0.0
77	__protein1_rbs	3.35	0.0	0.0
77	__protein2_rbs	3.6	0.0	0.0
77	__protein3_rbs	3.65	0.0	0.0
77	__ribosome	47.35	0.0	0.0
77	__rnase_site_ext	7.55	0.0	0.0
77	p0	1.0	0.0	0.0
77	p1	0.75	0.0	0.0
77	protein1	166.85	7.35	2.600119050000001
77	protein2	150.4	7.6	2.293611100000001
77	protein3	128.05	6.95	2.4060516000000005
77	r1	7.85	0.0	0.0
77	rnapol	0.7	0.0	0.0
78	__protein1_rbs	3.7	0.0	0.0
78	__protein2_rbs	3.8	0.0	0.0
78	__protein3_rbs	3.25	0.0	0.0
78	__ribosome	46.35	0.0	0.0
78	__rnase_site_ext	7.55	0.0	0.0
78	p0	0.95	0.0	0.0
78	p1	0.85	0.0	0.0
78	protein1	170.55	7.35	2.5872023000000004
78	protein2	153.6	7.8	2.34871035
78	protein3	131.4	7.15	2.36992065
78	r1	7.8	0.0	0.0
78	rnapol	0.75	0.0	0.0
79	__protein1_rbs	3.0	0.0	0.0
79	__protein2_rbs	3.7	0.0	0.0
79	__protein3_rbs	4.25	0.0	0.0
79	__ribosome	47.7	0.0	0.0
79	__rnase_site_ext	7.6	0.0	0.0
79	p0	0.95	0.0	0.0
79	p1	0.8	0.0	0.0
79	protein1	174.75	7.25	2.5830357000000004
79	protein2	157.45	7.9	2.3048016
79	protein3	134.95	7.25	2.2044445
79	r1	7.8	0.0	0.0
79	rnapol	0.7	0.0	0.0
80	__protein1_rbs	3.7	0.0	0.0
80	__protein2_rbs	3.9	0.0	0.0
80	__protein3_rbs	3.3	0.0	0.0
80	__ribosome	46.15	0.0	0.0
80	__rnase_site_ext	7.7	0.0	0.0
80	p0	0.85	0.0	0.0
80	p1	0.9	0.0	0.0
80	protein1	178.15	7.4	2.49047615
80	protein2	160.55	7.85	2.39507935
80	protein3	137.75	7.3	2.3561706
80	r1	7.8	0.0	0.0
80	rnapol	0.75	0.0	0.0
81	__protein1_rbs	3.85	0.0	0.0
81	__protein2_rbs	3.6	0.0	0.0
81	__protein3_rbs	4.05	0.0	0.0
81	__ribosome	45.75	0.0	0.0
81	__rnase_site_ext	7.9	0.0	0.0
81	p0	0.9	0.0	0.0
81	p1	0.8	0.0	0.0
81	protein1	181.3	7.35	2.5458928
81	protein2	163.85	7.8	2.4755754000000003
81	protein3	141.25	7.45	2.26236115
81	r1	7.75	0.0	0.0
81	rnapol	0.65	0.0	0.0
82	__protein1_rbs	4.2	0.0	0.0
82	__protein2_rbs	3.9	0.0	0.0
82	__protein3_rbs	4.2	0.0	0.0
82	__ribosome	46.2	0.0	0.0
82	__rnase_site_ext	7.9	0.0	0.0
82	p0	0.9	0.0	0.0
82	p1	0.85	0.0	0.0
82	protein1	185.3	7.6	2.3550992
82	protein2	167.4	7.7	2.4993056000000005
82	protein3	144.35	7.55	2.26204365
82	r1	7.8	0.0	0.0
82	rnapol	0.65	0.0	0.0
83	__protein1_rbs	3.55	0.0	0.0
83	__protein2_rbs	3.85	0.0	0.0
83	__protein3_rbs	3.95	0.0	0.0
83	__ribosome	45.55	0.0	0.0
83	__rnase_site_ext	7.95	0.0	0.0
83	p0	0.95	0.0	0.0
83	p1	0.75	0.0	0.0
83	protein1	188.85	7.65	2.41230155
83	protein2	171.15	7.75	2.4916071000000004
83	protein3	147.65	7.65	2.2553572000000006
83	r1	7.85	0.0	0.0
83	rnapol	0.8	0.0	0.0
84	__protein1_rbs	3.8	0.0	0.0
84	__protein2_rbs	3.75	0.0	0.0
84	__protein3_rbs	3.95	0.0	0.0
84	__ribosome	45.25	0.0	0.0
84	__rnase_site_ext	7.95	0.0	0.0
84	p0	0.75	0.0	0.0
84	p1	0.85	0.0	0.0
84	protein1	192.6	7.7	2.3437012999999998
84	protein2	175.25	7.85	2.4563889
84	protein3	150.8	7.85	2.29238095
84	r1	7.95	0.0	0.0
84	rnapol	0.8	0.0	0.0
85	__protein1_rbs	3.5	0.0	0.0
85	__protein2_rbs	4.25	0.0	0.0
85	__protein3_rbs	4.0	0.0	0.0
85	__ribosome	43.9	0.0	0.0
85	__rnase_site_ext	8.0	0.0	0.0
85	p0	0.95	0.0	0.0
85	p1	0.9	0.0	0.0
85	protein1	195.8	7.7	2.48113455
85	protein2	178.9	7.95	2.42279765
85	protein3	154.35	8.05	2.271428600000001
85	r1	7.9	0.0	0.0
85	rnapol	0.95	0.0	0.0
86	__protein1_rbs	4.05	0.0	0.0
86	__protein2_rbs	4.0	0.0	0.0
86	__protein3_rbs	4.15	0.0	0.0
86	__ribosome	43.1	0.0	0.0
86	__rnase_site_ext	8.15	0.0	0.0
86	p0	0.85	0.0	0.0
86	p1	0.8	0.0	0.0
86	protein1	199.1	7.75	2.4782575500000004
86	protein2	182.55	7.85	2.48928565
86	protein3	157.85	8.25	2.2402416999999994
86	r1	7.75	0.0	0.0
86	rnapol	1.0	0.0	0.0
87	__protein1_rbs	4.35	0.0	0.0
87	__protein2_rbs	4.4	0.0	0.0
87	__protein3_rbs	4.25	0.0	0.0
87	__ribosome	44.1	0.0	0.0
87	__rnase_site_ext	8.25	0.0	0.0
87	p0	0.75	0.0	0.0
87	p1	0.85	0.0	0.0
87	protein1	202.9	7.75	2.37857145
87	protein2	186.6	7.85	2.4208135000000004
87	protein3	161.15	8.2	2.33823415
87	r1	7.75	0.0	0.0
87	rnapol	0.9	0.0	0.0
88	__protein1_rbs	4.65	0.0	0.0
88	__protein2_rbs	3.6	0.0	0.0
88	__protein3_rbs	4.25	0.0	0.0
88	__ribosome	43.65	0.0	0.0
88	__rnase_site_ext	8.45	0.0	0.0
88	p0	0.75	0.0	0.0
88	p1	0.75	0.0	0.0
88	protein1	206.25	7.95	2.3275612999999997
88	protein2	190.75	7.65	2.4696429
88	protein3	164.6	8.3	2.3836508000000003
88	r1	7.7	0.0	0.0
88	rnapol	0.7	0.0	0.0
89	__protein1_rbs	3.65	0.0	0.0
89	__protein2_rbs	3.65	0.0	0.0
89	__protein3_rbs	4.25	0.0	0.0
89	__ribosome	41.75	0.0	0.0
89	__rnase_site_ext	8.4	0.0	0.0
89	p0	0.9	0.0	0.0
89	p1	0.7	0.0	0.0
89	protein1	209.85	8.0	2.4042748499999997
89	protein2	193.7	7.7	2.57067445
89	protein3	168.35	8.5	2.348174600000001
89	r1	7.75	0.0	0.0
89	rnapol	0.85	0.0	0.0
90	__protein1_rbs	4.45	0.0	0.0
90	__protein2_rbs	3.8	0.0	0.0
90	__protein3_rbs	4.35	0.0	0.0
90	__ribosome	42.5	0.0	0.0
90	__rnase_site_ext	8.5	0.0	0.0
90	p0	0.9	0.0	0.0
90	p1	0.85	0.0	0.0
90	protein1	213.85	8.15	2.30079905
90	protein2	197.8	7.8	2.47408725
90	protein3	171.95	8.4	2.3981312500000005
90	r1	7.95	0.0	0.0
90	rnapol	0.9	0.0	0.0
91	__protein1_rbs	4.65	0.0	0.0
91	__protein2_rbs	4.15	0.0	0.0
91	__protein3_rbs	4.7	0.0	0.0
91	__ribosome	43.1	0.0	0.0
91	__rnase_site_ext	8.5	0.0	0.0
91	p0	0.9	0.0	0.0
91	p1	0.7	0.0	0.0
91	protein1	217.5	8.25	2.232128349999999
91	protein2	201.45	8.0	2.3777976
91	protein3	176.05	8.6	2.30864895
91	r1	8.0	0.0	0.0
91	rnapol	1.0	0.0	0.0
92	__protein1_rbs	3.9	0.0	0.0
92	__protein2_rbs	4.05	0.0	0.0
92	__protein3_rbs	4.35	0.0	0.0
92	__ribosome	41.85	0.0	0.0
92	__rnase_site_ext	8.5	0.0	0.0
92	p0	0.75	0.0	0.0
92	p1	0.8	0.0	0.0
92	protein1	220.9	8.25	2.3356673
92	protein2	205.15	8.0	2.3711905
92	protein3	179.8	8.6	2.34210865
92	r1	8.1	0.0	0.0
92	rnapol	0.95	0.0	0.0
93	__protein1_rbs	4.4	0.0	0.0
93	__protein2_rbs	4.1	0.0	0.0
93	__protein3_rbs	5.05	0.0	0.0
93	__ribosome	42.25	0.0	0.0
93	__rnase_site_ext	8.7	0.0	0.0
93	p0	0.9	0.0	0.0
93	p1	0.9	0.0	0.0
93	protein1	224.5	8.2	2.3240457
93	protein2	208.8	8.1	2.3925199000000004
93	protein3	183.6	8.6	2.27278315
93	r1	8.15	0.0	0.0
93	rnapol	0.75	0.0	0.0
94	__protein1_rbs	4.2	0.0	0.0
94	__protein2_rbs	4.2	0.0	0.0
94	__protein3_rbs	4.7	0.0	0.0
94	__ribosome	43.65	0.0	0.0
94	__rnase_site_ext	8.65	0.0	0.0
94	p0	0.85	0.0	0.0
94	p1	0.85	0.0	0.0
94	protein1	228.8	8.3	2.243207
94	protein2	213.0	8.2	2.28700395
94	protein3	187.75	8.7	2.2121229500000004
94	r1	8.1	0.0	0.0
94	rnapol	0.8	0.0	0.0
95	__protein1_rbs	4.3	0.0	0.0
95	__protein2_rbs	3.95	0.0	0.0
95	__protein3_rbs	4.7	0.0	0.0
95	__ribosome	42.25	0.0	0.0
95	__rnase_site_ext	8.75	0.0	0.0
95	p0	0.85	0.0	0.0
95	p1	0.6	0.0	0.0
95	protein1	232.0	8.3	2.3729689
95	protein2	216.15	8.1	2.4339087000000004
95	protein3	191.7	8.55	2.2308964500000004
95	r1	8.15	0.0	0.0
95	rnapol	0.7	0.0	0.0
96	__protein1_rbs	4.25	0.0	0.0
96	__protein2_rbs	4.05	0.0	0.0
96	__protein3_rbs	4.25	0.0	0.0
96	__ribosome	41.4	0.0	0.0
96	__rnase_site_ext	8.8	0.0	0.0
96	p0	0.9	0.0	0.0
96	p1	0.6	0.0	0.0
96	protein1	235.7	8.45	2.35990265
96	protein2	220.05	8.1	2.4351226
96	protein3	195.3	8.45	2.34484115
96	r1	8.45	0.0	0.0
96	rnapol	0.75	0.0	0.0
97	__protein1_rbs	4.25	0.0	0.0
97	__protein2_rbs	4.4	0.0	0.0
97	__protein3_rbs	4.3	0.0	0.0
97	__ribosome	41.75	0.0	0.0
97	__rnase_site_ext	8.9	0.0	0.0
97	p0	0.8	0.0	0.0
97	p1	0.65	0.0	0.0
97	protein1	239.7	8.4	2.3388292500000007
97	protein2	223.9	8.3	2.360422
97	protein3	199.4	8.45	2.3385732000000004
97	r1	8.6	0.0	0.0
97	rnapol	0.7	0.0	0.0
98	__protein1_rbs	4.6	0.0	0.0
98	__protein2_rbs	4.9	0.0	0.0
98	__protein3_rbs	5.05	0.0	0.0
98	__ribosome	41.4	0.0	0.0
98	__rnase_site_ext	8.95	0.0	0.0
98	p0	1.0	0.0	0.0
98	p1	0.7	0.0	0.0
98	protein1	243.2	8.4	2.4102945
98	protein2	227.55	8.6	2.2420039000000007
98	protein3	202.7	8.6	2.3091864500000003
98	r1	8.65	0.0	0.0
98	rnapol	0.75	0.0	0.0
99	__protein1_rbs	4.3	0.0	0.0
99	__protein2_rbs	4.6	0.0	0.0
99	__protein3_rbs	4.6	0.0	0.0
99	__ribosome	41.2	0.0	0.0
99	__rnase_site_ext	8.9	0.0	0.0
99	p0	0.8	0.0	0.0
99	p1	0.8	0.0	0.0
99	protein1	247.2	8.6	2.35469935
99	protein2	231.45	8.65	2.250359
99	protein3	206.65	8.75	2.29404755
99	r1	8.8	0.0	0.0
99	rnapol	0.6	0.0	0.0
100	__protein1_rbs	5.05	0.0	0.0
100	__protein2_rbs	4.7	0.0	0.0
100	__protein3_rbs	5.35	0.0	0.0
100	__ribosome	42.5	0.0	0.0
100	__rnase_site_ext	9.15	0.0	0.0
100	p0	0.9	0.0	0.0
100	p1	0.75	0.0	0.0
100	protein1	251.15	8.55	2.25073105
100	protein2	235.1	8.75	2.2383134999999994
100	protein3	210.55	8.85	2.2008332999999998
100	r1	8.8	0.0	0.0
100	rnapol	0.6	0.0	0.0
101	__protein1_rbs	5.2	0.0	0.0
101	__protein2_rbs	4.5	0.0	0.0
101	__protein3_rbs	3.9	0.0	0.0
101	__ribosome	41.55	0.0	0.0
101	__rnase_site_ext	9.15	0.0	0.0
101	p0	0.9	0.0	0.0
101	p1	0.85	0.0	0.0
101	protein1	254.85	8.75	2.2155741
101	protein2	239.2	8.8	2.2174928
101	protein3	214.45	8.85	2.3038095000000003
101	r1	8.85	0.0	0.0
101	rnapol	0.5	0.0	0.0
102	__protein1_rbs	4.65	0.0	0.0
102	__protein2_rbs	4.85	0.0	0.0
102	__protein3_rbs	4.85	0.0	0.0
102	__ribosome	42.0	0.0	0.0
102	__rnase_site_ext	9.05	0.0	0.0
102	p0	1.0	0.0	0.0
102	p1	0.85	0.0	0.0
102	protein1	258.85	8.8	2.1989851000000002
102	protein2	243.15	8.9	2.2019625
102	protein3	218.4	8.75	2.2962301
102	r1	9.0	0.0	0.0
102	rnapol	0.55	0.0	0.0
103	__protein1_rbs	4.85	0.0	0.0
103	__protein2_rbs	4.5	0.0	0.0
103	__protein3_rbs	4.6	0.0	0.0
103	__ribosome	41.15	0.0	0.0
103	__rnase_site_ext	8.95	0.0	0.0
103	p0	1.0	0.0	0.0
103	p1	0.8	0.0	0.0
103	protein1	262.6	8.65	2.24560005
103	protein2	246.2	9.0	2.2860316500000004
103	protein3	222.7	8.65	2.276129100000001
103	r1	9.1	0.0	0.0
103	rnapol	0.65	0.0	0.0
104	__protein1_rbs	4.85	0.0	0.0
104	__protein2_rbs	5.55	0.0	0.0
104	__protein3_rbs	4.65	0.0	0.0
104	__ribosome	40.7	0.0	0.0
104	__rnase_site_ext	8.9	0.0	0.0
104	p0	1.0	0.0	0.0
104	p1	0.75	0.0	0.0
104	protein1	266.45	8.55	2.2532779
104	protein2	249.8	9.05	2.2174241500000007
104	protein3	225.8	8.75	2.3559054500000007
104	r1	9.15	0.0	0.0
104	rnapol	0.85	0.0	0.0
105	__protein1_rbs	4.6	0.0	0.0
105	__protein2_rbs	4.05	0.0	0.0
105	__protein3_rbs	4.9	0.0	0.0
105	__ribosome	40.15	0.0	0.0
105	__rnase_site_ext	8.85	0.0	0.0
105	p0	0.85	0.0	0.0
105	p1	0.75	0.0	0.0
105	protein1	270.15	8.55	2.26819615
105	protein2	253.95	9.15	2.28871205
105	protein3	229.75	8.9	2.2962012
105	r1	9.05	0.0	0.0
105	rnapol	0.75	0.0	0.0
106	__protein1_rbs	4.15	0.0	0.0
106	__protein2_rbs	4.75	0.0	0.0
106	__protein3_rbs	5.0	0.0	0.0
106	__ribosome	39.9	0.0	0.0
106	__rnase_site_ext	8.95	0.0	0.0
106	p0	0.95	0.0	0.0
106	p1	0.9	0.0	0.0
106	protein1	273.95	8.45	2.3271512999999997
106	protein2	257.65	9.15	2.32423525
106	protein3	234.15	9.15	2.1979671500000006
106	r1	9.1	0.0	0.0
106	rnapol	0.9	0.0	0.0
107	__protein1_rbs	4.2	0.0	0.0
107	__protein2_rbs	5.35	0.0	0.0
107	__protein3_rbs	5.2	0.0	0.0
107	__ribosome	39.6	0.0	0.0
107	__rnase_site_ext	8.85	0.0	0.0
107	p0	0.95	0.0	0.0
107	p1	0.65	0.0	0.0
107	protein1	277.7	8.55	2.3592976
107	protein2	262.15	9.1	2.274786
107	protein3	237.5	9.25	2.26459235
107	r1	9.05	0.0	0.0
107	rnapol	1.0	0.0	0.0
108	__protein1_rbs	5.2	0.0	0.0
108	__protein2_rbs	4.6	0.0	0.0
108	__protein3_rbs	5.3	0.0	0.0
108	__ribosome	39.65	0.0	0.0
108	__rnase_site_ext	9.0	0.0	0.0
108	p0	0.7	0.0	0.0
108	p1	0.7	0.0	0.0
108	protein1	281.4	8.4	2.3489712000000003
108	protein2	265.6	9.1	2.4046218
108	protein3	242.1	9.4	2.1410226500000005
108	r1	9.25	0.0	0.0
108	rnapol	0.75	0.0	0.0
109	__protein1_rbs	4.2	0.0	0.0
109	__protein2_rbs	5.35	0.0	0.0
109	__protein3_rbs	5.1	0.0	0.0
109	__ribosome	40.15	0.0	0.0
109	__rnase_site_ext	9.1	0.0	0.0
109	p0	0.95	0.0	0.0
109	p1	0.9	0.0	0.0
109	protein1	285.4	8.55	2.3325272000000004
109	protein2	269.8	9.15	2.3409346
109	protein3	246.3	9.45	2.0965367500000003
109	r1	9.25	0.0	0.0
109	rnapol	0.8	0.0	0.0
110	__protein1_rbs	5.15	0.0	0.0
110	__protein2_rbs	5.25	0.0	0.0
110	__protein3_rbs	5.45	0.0	0.0
110	__ribosome	39.85	0.0	0.0
110	__rnase_site_ext	9.15	0.0	0.0
110	p0	0.85	0.0	0.0
110	p1	0.95	0.0	0.0
110	protein1	288.85	8.7	2.3297061
110	protein2	274.05	9.3	2.26004755
110	protein3	249.6	9.45	2.1427361999999994
110	r1	9.2	0.0	0.0
110	rnapol	0.8	0.0	0.0
111	__protein1_rbs	4.4	0.0	0.0
111	__protein2_rbs	4.75	0.0	0.0
111	__protein3_rbs	4.75	0.0	0.0
111	__ribosome	39.25	0.0	0.0
111	__rnase_site_ext	9.3	0.0	0.0
111	p0	0.9	0.0	0.0
111	p1	1.0	0.0	0.0
111	protein1	292.55	8.7	2.3375899499999995
111	protein2	278.25	9.25	2.2740899000000003
111	protein3	254.0	9.45	2.18106055
111	r1	9.15	0.0	0.0
111	rnapol	1.0	0.0	0.0
112	__protein1_rbs	4.75	0.0	0.0
112	__protein2_rbs	5.2	0.0	0.0
112	__protein3_rbs	5.4	0.0	0.0
112	__ribosome	40.0	0.0	0.0
112	__rnase_site_ext	9.25	0.0	0.0
112	p0	0.85	0.0	0.0
112	p1	1.0	0.0	0.0
112	protein1	296.85	8.75	2.28637085
112	protein2	282.6	9.25	2.2338762
112	protein3	258.05	9.55	2.1671536
112	r1	9.1	0.0	0.0
112	rnapol	1.0	0.0	0.0
113	__protein1_rbs	5.45	0.0	0.0
113	__protein2_rbs	4.85	0.0	0.0
113	__protein3_rbs	4.95	0.0	0.0
113	__ribosome	39.0	0.0	0.0
113	__rnase_site_ext	9.5	0.0	0.0
113	p0	0.9	0.0	0.0
113	p1	0.85	0.0	0.0
113	protein1	300.45	8.85	2.2352453
113	protein2	286.6	9.1	2.27843255
113	protein3	261.3	9.7	2.24917555
113	r1	9.0	0.0	0.0
113	rnapol	1.15	0.0	0.0
114	__protein1_rbs	4.8	0.0	0.0
114	__protein2_rbs	4.7	0.0	0.0
114	__protein3_rbs	5.15	0.0	0.0
114	__ribosome	38.75	0.0	0.0
114	__rnase_site_ext	9.55	0.0	0.0
114	p0	0.75	0.0	0.0
114	p1	0.9	0.0	0.0
114	protein1	304.55	9.05	2.1845968999999994
114	protein2	290.4	9.0	2.32359495
114	protein3	265.6	9.85	2.2442742000000004
114	r1	9.05	0.0	0.0
114	rnapol	0.95	0.0	0.0
115	__protein1_rbs	5.15	0.0	0.0
115	__protein2_rbs	5.25	0.0	0.0
115	__protein3_rbs	5.6	0.0	0.0
115	__ribosome	39.3	0.0	0.0
115	__rnase_site_ext	9.45	0.0	0.0
115	p0	1.0	0.0	0.0
115	p1	0.85	0.0	0.0
115	protein1	308.25	9.05	2.14739495
115	protein2	294.7	9.1	2.2022403000000006
115	protein3	269.55	9.8	2.2700024
115	r1	9.1	0.0	0.0
115	rnapol	1.05	0.0	0.0
116	__protein1_rbs	4.55	0.0	0.0
116	__protein2_rbs	4.75	0.0	0.0
116	__protein3_rbs	5.65	0.0	0.0
116	__ribosome	39.05	0.0	0.0
116	__rnase_site_ext	9.4	0.0	0.0
116	p0	1.0	0.0	0.0
116	p1	0.6	0.0	0.0
116	protein1	312.15	9.2	2.1555708500000006
116	protein2	298.75	9.05	2.2417099000000005
116	protein3	274.4	9.85	2.2026222
116	r1	9.15	0.0	0.0
116	rnapol	1.2	0.0	0.0
117	__protein1_rbs	5.35	0.0	0.0
117	__protein2_rbs	5.1	0.0	0.0
117	__protein3_rbs	6.1	0.0	0.0
117	__ribosome	39.0	0.0	0.0
117	__rnase_site_ext	9.45	0.0	0.0
117	p0	0.9	0.0	0.0
117	p1	0.8	0.0	0.0
117	protein1	316.05	9.05	2.1790467500000004
117	protein2	302.25	9.05	2.2914141
117	protein3	278.7	10.2	2.100131
117	r1	9.15	0.0	0.0
117	rnapol	1.15	0.0	0.0
118	__protein1_rbs	4.6	0.0	0.0
118	__protein2_rbs	5.5	0.0	0.0
118	__protein3_rbs	5.9	0.0	0.0
118	__ribosome	38.05	0.0	0.0
118	__rnase_site_ext	9.5	0.0	0.0
118	p0	0.9	0.0	0.0
118	p1	0.8	0.0	0.0
118	protein1	319.35	9.1	2.27694705
118	protein2	306.4	9.25	2.1979555000000004
118	protein3	282.55	10.15	2.1575396000000002
118	r1	9.1	0.0	0.0
118	rnapol	1.2	0.0	0.0
119	__protein1_rbs	4.9	0.0	0.0
119	__protein2_rbs	5.05	0.0	0.0
119	__protein3_rbs	5.45	0.0	0.0
119	__ribosome	38.55	0.0	0.0
119	__rnase_site_ext	9.3	0.0	0.0
119	p0	0.95	0.0	0.0
119	p1	0.7	0.0	0.0
119	protein1	323.5	9.15	2.2537365500000006
119	protein2	310.45	9.05	2.2172411000000003
119	protein3	287.0	10.15	2.14223445
119	r1	9.05	0.0	0.0
119	rnapol	1.35	0.0	0.0
120	__protein1_rbs	4.9	0.0	0.0
120	__protein2_rbs	4.9	0.0	0.0
120	__protein3_rbs	5.1	0.0	0.0
120	__ribosome	38.0	0.0	0.0
120	__rnase_site_ext	9.3	0.0	0.0
120	p0	0.7	0.0	0.0
120	p1	0.65	0.0	0.0
120	protein1	327.2	9.0	2.27281955
120	protein2	314.15	9.1	2.2816349999999996
120	protein3	291.5	10.15	2.1433772999999996
120	r1	9.1	0.0	0.0
120	rnapol	1.25	0.0	0.0
121	__protein1_rbs	5.1	0.0	0.0
121	__protein2_rbs	4.4	0.0	0.0
121	__protein3_rbs	6.05	0.0	0.0
121	__ribosome	38.35	0.0	0.0
121	__rnase_site_ext	9.55	0.0	0.0
121	p0	0.8	0.0	0.0
121	p1	0.75	0.0	0.0
121	protein1	331.1	9.0	2.2658007000000002
121	protein2	318.3	9.1	2.3577364
121	protein3	295.7	9.9	2.14680025
121	r1	9.3	0.0	0.0
121	rnapol	1.05	0.0	0.0
122	__protein1_rbs	5.6	0.0	0.0
122	__protein2_rbs	5.2	0.0	0.0
122	__protein3_rbs	5.0	0.0	0.0
122	__ribosome	39.45	0.0	0.0
122	__rnase_site_ext	9.7	0.0	0.0
122	p0	0.85	0.0	0.0
122	p1	0.75	0.0	0.0
122	protein1	335.15	9.2	2.1385597
122	protein2	322.35	9.2	2.2642517000000004
122	protein3	300.0	9.7	2.2046802000000003
122	r1	9.3	0.0	0.0
122	rnapol	1.1	0.0	0.0
123	__protein1_rbs	5.45	0.0	0.0
123	__protein2_rbs	5.4	0.0	0.0
123	__protein3_rbs	5.55	0.0	0.0
123	__ribosome	39.45	0.0	0.0
123	__rnase_site_ext	9.9	0.0	0.0
123	p0	0.85	0.0	0.0
123	p1	0.8	0.0	0.0
123	protein1	339.45	9.3	2.06810835
123	protein2	325.9	9.35	2.26728025
123	protein3	303.6	9.65	2.24692465
123	r1	9.5	0.0	0.0
123	rnapol	1.15	0.0	0.0
124	__protein1_rbs	5.25	0.0	0.0
124	__protein2_rbs	5.4	0.0	0.0
124	__protein3_rbs	5.1	0.0	0.0
124	__ribosome	38.9	0.0	0.0
124	__rnase_site_ext	9.85	0.0	0.0
124	p0	0.9	0.0	0.0
124	p1	0.95	0.0	0.0
124	protein1	343.1	9.6	2.054661
124	protein2	330.05	9.35	2.2463428
124	protein3	307.75	9.75	2.24541365
124	r1	9.25	0.0	0.0
124	rnapol	1.15	0.0	0.0
125	__protein1_rbs	4.7	0.0	0.0
125	__protein2_rbs	5.1	0.0	0.0
125	__protein3_rbs	5.25	0.0	0.0
125	__ribosome	39.15	0.0	0.0
125	__rnase_site_ext	9.7	0.0	0.0
125	p0	1.0	0.0	0.0
125	p1	0.8	0.0	0.0
125	protein1	347.1	9.45	2.127752800000001
125	protein2	334.3	9.35	2.2408037999999997
125	protein3	312.75	9.8	2.19196435
125	r1	9.15	0.0	0.0
125	rnapol	1.1	0.0	0.0
126	__protein1_rbs	4.8	0.0	0.0
126	__protein2_rbs	4.9	0.0	0.0
126	__protein3_rbs	5.65	0.0	0.0
126	__ribosome	38.55	0.0	0.0
126	__rnase_site_ext	9.7	0.0	0.0
126	p0	0.85	0.0	0.0
126	p1	0.85	0.0	0.0
126	protein1	350.45	9.45	2.2135198
126	protein2	338.8	9.2	2.2254272999999998
126	protein3	316.25	9.95	2.1903169
126	r1	9.3	0.0	0.0
126	rnapol	1.0	0.0	0.0
127	__protein1_rbs	5.1	0.0	0.0
127	__protein2_rbs	5.65	0.0	0.0
127	__protein3_rbs	4.65	0.0	0.0
127	__ribosome	37.3	0.0	0.0
127	__rnase_site_ext	9.6	0.0	0.0
127	p0	0.95	0.0	0.0
127	p1	0.85	0.0	0.0
127	protein1	354.0	9.35	2.2756305999999995
127	protein2	342.35	9.3	2.23547705
127	protein3	320.5	10.05	2.24359895
127	r1	9.25	0.0	0.0
127	rnapol	0.9	0.0	0.0
128	__protein1_rbs	5.3	0.0	0.0
128	__protein2_rbs	5.6	0.0	0.0
128	__protein3_rbs	5.5	0.0	0.0
128	__ribosome	37.6	0.0	0.0
128	__rnase_site_ext	9.6	0.0	0.0
128	p0	0.85	0.0	0.0
128	p1	0.7	0.0	0.0
128	protein1	357.9	9.25	2.2757651999999995
128	protein2	346.3	9.3	2.2183882
128	protein3	324.7	9.95	2.31071125
128	r1	9.2	0.0	0.0
128	rnapol	0.8	0.0	0.0
129	__protein1_rbs	4.8	0.0	0.0
129	__protein2_rbs	4.75	0.0	0.0
129	__protein3_rbs	5.6	0.0	0.0
129	__ribosome	37.15	0.0	0.0
129	__rnase_site_ext	9.75	0.0	0.0
129	p0	0.9	0.0	0.0
129	p1	0.65	0.0	0.0
129	protein1	361.9	9.3	2.3173915000000003
129	protein2	350.45	9.3	2.2342775999999995
129	protein3	329.2	9.95	2.2770086
129	r1	9.4	0.0	0.0
129	rnapol	0.85	0.0	0.0
130	__protein1_rbs	4.7	0.0	0.0
130	__protein2_rbs	5.4	0.0	0.0
130	__protein3_rbs	5.6	0.0	0.0
130	__ribosome	36.9	0.0	0.0
130	__rnase_site_ext	9.75	0.0	0.0
130	p0	0.9	0.0	0.0
130	p1	0.75	0.0	0.0
130	protein1	365.95	9.3	2.36003905
130	protein2	354.2	9.3	2.24409765
130	protein3	333.05	10.15	2.25661835
130	r1	9.6	0.0	0.0
130	rnapol	0.8	0.0	0.0
131	__protein1_rbs	5.25	0.0	0.0
131	__protein2_rbs	5.15	0.0	0.0
131	__protein3_rbs	5.8	0.0	0.0
131	__ribosome	36.75	0.0	0.0
131	__rnase_site_ext	9.7	0.0	0.0
131	p0	0.9	0.0	0.0
131	p1	0.65	0.0	0.0
131	protein1	370.2	9.4	2.29283025
131	protein2	358.15	9.55	2.20663415
131	protein3	337.35	10.15	2.2984809
131	r1	9.5	0.0	0.0
131	rnapol	1.0	0.0	0.0
132	__protein1_rbs	5.8	0.0	0.0
132	__protein2_rbs	5.4	0.0	0.0
132	__protein3_rbs	6.05	0.0	0.0
132	__ribosome	37.9	0.0	0.0
132	__rnase_site_ext	9.7	0.0	0.0
132	p0	0.85	0.0	0.0
132	p1	0.85	0.0	0.0
132	protein1	374.1	9.35	2.26131995
132	protein2	361.5	9.55	2.190706
132	protein3	342.6	10.2	2.10957295
132	r1	9.75	0.0	0.0
132	rnapol	1.0	0.0	0.0
133	__protein1_rbs	5.25	0.0	0.0
133	__protein2_rbs	5.95	0.0	0.0
133	__protein3_rbs	5.45	0.0	0.0
133	__ribosome	38.85	0.0	0.0
133	__rnase_site_ext	9.6	0.0	0.0
133	p0	0.85	0.0	0.0
133	p1	0.95	0.0	0.0
133	protein1	378.65	9.35	2.1797581000000004
133	protein2	365.65	9.75	2.09105945
133	protein3	346.85	10.15	2.13146845
133	r1	9.75	0.0	0.0
133	rnapol	1.0	0.0	0.0
134	__protein1_rbs	5.05	0.0	0.0
134	__protein2_rbs	5.6	0.0	0.0
134	__protein3_rbs	5.0	0.0	0.0
134	__ribosome	37.7	0.0	0.0
134	__rnase_site_ext	9.45	0.0	0.0
134	p0	0.95	0.0	0.0
134	p1	0.8	0.0	0.0
134	protein1	382.8	9.2	2.23602655
134	protein2	369.7	9.8	2.1177504000000003
134	protein3	350.85	10.05	2.2475157999999995
134	r1	9.65	0.0	0.0
134	rnapol	1.0	0.0	0.0
135	__protein1_rbs	5.15	0.0	0.0
135	__protein2_rbs	5.3	0.0	0.0
135	__protein3_rbs	5.8	0.0	0.0
135	__ribosome	37.7	0.0	0.0
135	__rnase_site_ext	9.3	0.0	0.0
135	p0	0.9	0.0	0.0
135	p1	0.8	0.0	0.0
135	protein1	386.9	9.2	2.1985733000000005
135	protein2	373.2	9.75	2.2016927
135	protein3	355.3	9.95	2.23317185
135	r1	9.65	0.0	0.0
135	rnapol	1.0	0.0	0.0
136	__protein1_rbs	5.4	0.0	0.0
136	__protein2_rbs	5.6	0.0	0.0
136	__protein3_rbs	5.8	0.0	0.0
136	__ribosome	37.9	0.0	0.0
136	__rnase_site_ext	9.35	0.0	0.0
136	p0	0.8	0.0	0.0
136	p1	0.8	0.0	0.0
136	protein1	390.85	9.05	2.1975495
136	protein2	377.45	9.7	2.1826444
136	protein3	359.05	9.95	2.2455973
136	r1	9.75	0.0	0.0
136	rnapol	1.1	0.0	0.0
137	__protein1_rbs	4.75	0.0	0.0
137	__protein2_rbs	4.95	0.0	0.0
137	__protein3_rbs	5.05	0.0	0.0
137	__ribosome	36.65	0.0	0.0
137	__rnase_site_ext	9.6	0.0	0.0
137	p0	0.85	0.0	0.0
137	p1	0.8	0.0	0.0
137	protein1	394.65	9.05	2.26912215
137	protein2	381.35	9.7	2.22923775
137	protein3	363.5	10.1	2.2494217
137	r1	9.75	0.0	0.0
137	rnapol	0.95	0.0	0.0
138	__protein1_rbs	5.4	0.0	0.0
138	__protein2_rbs	5.6	0.0	0.0
138	__protein3_rbs	6.15	0.0	0.0
138	__ribosome	38.4	0.0	0.0
138	__rnase_site_ext	9.65	0.0	0.0
138	p0	0.9	0.0	0.0
138	p1	0.9	0.0	0.0
138	protein1	398.75	9.25	2.1643703999999997
138	protein2	385.55	9.65	2.18557135
138	protein3	368.05	10.25	2.16947215
138	r1	9.7	0.0	0.0
138	rnapol	0.95	0.0	0.0
139	__protein1_rbs	5.0	0.0	0.0
139	__protein2_rbs	5.4	0.0	0.0
139	__protein3_rbs	6.0	0.0	0.0
139	__ribosome	38.1	0.0	0.0
139	__rnase_site_ext	9.8	0.0	0.0
139	p0	0.8	0.0	0.0
139	p1	0.95	0.0	0.0
139	protein1	402.7	9.35	2.1448634
139	protein2	389.65	9.75	2.1933784
139	protein3	372.4	10.35	2.1319227999999995
139	r1	9.7	0.0	0.0
139	rnapol	0.85	0.0	0.0
140	__protein1_rbs	5.4	0.0	0.0
140	__protein2_rbs	5.75	0.0	0.0
140	__protein3_rbs	5.75	0.0	0.0
140	__ribosome	38.95	0.0	0.0
140	__rnase_site_ext	10.05	0.0	0.0
140	p0	0.75	0.0	0.0
140	p1	0.7	0.0	0.0
140	protein1	406.7	9.45	2.1196235
140	protein2	394.15	9.75	2.15819755
140	protein3	376.95	10.35	2.0882548
140	r1	9.65	0.0	0.0
140	rnapol	0.65	0.0	0.0
141	__protein1_rbs	5.3	0.0	0.0
141	__protein2_rbs	5.3	0.0	0.0
141	__protein3_rbs	5.65	0.0	0.0
141	__ribosome	37.6	0.0	0.0
141	__rnase_site_ext	10.1	0.0	0.0
141	p0	0.9	0.0	0.0
141	p1	0.75	0.0	0.0
141	protein1	410.0	9.6	2.15483105
141	protein2	397.8	9.75	2.2453265999999994
141	protein3	381.6	10.35	2.09655705
141	r1	9.7	0.0	0.0
141	rnapol	0.7	0.0	0.0
142	__protein1_rbs	5.6	0.0	0.0
142	__protein2_rbs	4.85	0.0	0.0
142	__protein3_rbs	5.7	0.0	0.0
142	__ribosome	36.75	0.0	0.0
142	__rnase_site_ext	10.0	0.0	0.0
142	p0	0.95	0.0	0.0
142	p1	0.95	0.0	0.0
142	protein1	414.05	9.8	2.1065736
142	protein2	402.0	9.75	2.28993085
142	protein3	385.45	10.45	2.1185905
142	r1	9.6	0.0	0.0
142	rnapol	0.65	0.0	0.0
143	__protein1_rbs	5.1	0.0	0.0
143	__protein2_rbs	5.65	0.0	0.0
143	__protein3_rbs	5.7	0.0	0.0
143	__ribosome	36.35	0.0	0.0
143	__rnase_site_ext	9.85	0.0	0.0
143	p0	0.95	0.0	0.0
143	p1	0.85	0.0	0.0
143	protein1	418.3	9.8	2.1750632000000003
143	protein2	406.3	9.7	2.2461389
143	protein3	389.95	10.45	2.15548785
143	r1	9.5	0.0	0.0
143	rnapol	0.75	0.0	0.0
144	__protein1_rbs	5.7	0.0	0.0
144	__protein2_rbs	5.4	0.0	0.0
144	__protein3_rbs	5.75	0.0	0.0
144	__ribosome	36.55	0.0	0.0
144	__rnase_site_ext	9.9	0.0	0.0
144	p0	0.9	0.0	0.0
144	p1	0.7	0.0	0.0
144	protein1	422.0	9.6	2.2016542500000003
144	protein2	410.6	9.55	2.2896659
144	protein3	393.7	10.45	2.1672851500000005
144	r1	9.45	0.0	0.0
144	rnapol	0.7	0.0	0.0
145	__protein1_rbs	5.7	0.0	0.0
145	__protein2_rbs	5.1	0.0	0.0
145	__protein3_rbs	6.25	0.0	0.0
145	__ribosome	36.3	0.0	0.0
145	__rnase_site_ext	10.05	0.0	0.0
145	p0	0.85	0.0	0.0
145	p1	0.65	0.0	0.0
145	protein1	426.05	9.65	2.1603767000000005
145	protein2	414.55	9.5	2.3101403
145	protein3	397.9	10.5	2.17815535
145	r1	9.45	0.0	0.0
145	rnapol	0.8	0.0	0.0
146	__protein1_rbs	5.85	0.0	0.0
146	__protein2_rbs	5.8	0.0	0.0
146	__protein3_rbs	6.0	0.0	0.0
146	__ribosome	36.7	0.0	0.0
146	__rnase_site_ext	10.15	0.0	0.0
146	p0	0.85	0.0	0.0
146	p1	0.75	0.0	0.0
146	protein1	429.8	9.75	2.12504495
146	protein2	418.5	9.5	2.28593095
146	protein3	402.65	10.55	2.14094465
146	r1	9.55	0.0	0.0
146	rnapol	0.9	0.0	0.0
147	__protein1_rbs	6.05	0.0	0.0
147	__protein2_rbs	5.5	0.0	0.0
147	__protein3_rbs	6.35	0.0	0.0
147	__ribosome	38.55	0.0	0.0
147	__rnase_site_ext	10.3	0.0	0.0
147	p0	0.85	0.0	0.0
147	p1	0.75	0.0	0.0
147	protein1	433.95	9.85	2.048046
147	protein2	422.95	9.55	2.14219365
147	protein3	406.9	10.6	2.0820403
147	r1	9.65	0.0	0.0
147	rnapol	0.85	0.0	0.0
148	__protein1_rbs	5.2	0.0	0.0
148	__protein2_rbs	5.65	0.0	0.0
148	__protein3_rbs	5.95	0.0	0.0
148	__ribosome	38.05	0.0	0.0
148	__rnase_site_ext	10.3	0.0	0.0
148	p0	0.9	0.0	0.0
148	p1	0.6	0.0	0.0
148	protein1	438.45	10.0	2.0635943000000005
148	protein2	426.95	9.65	2.1372583
148	protein3	411.3	10.65	2.07144805
148	r1	9.7	0.0	0.0
148	rnapol	0.85	0.0	0.0
149	__protein1_rbs	4.85	0.0	0.0
149	__protein2_rbs	6.05	0.0	0.0
149	__protein3_rbs	6.05	0.0	0.0
149	__ribosome	37.2	0.0	0.0
149	__rnase_site_ext	10.3	0.0	0.0
149	p0	0.85	0.0	0.0
149	p1	0.8	0.0	0.0
149	protein1	442.4	10.0	2.1835577999999995
149	protein2	430.9	9.75	2.0823751500000003
149	protein3	415.55	10.65	2.11153065
149	r1	9.6	0.0	0.0
149	rnapol	0.75	0.0	0.0
150	__protein1_rbs	5.8	0.0	0.0
150	__protein2_rbs	5.4	0.0	0.0
150	__protein3_rbs	6.1	0.0	0.0
150	__ribosome	38.05	0.0	0.0
150	__rnase_site_ext	10.4	0.0	0.0
150	p0	0.9	0.0	0.0
150	p1	0.85	0.0	0.0
150	protein1	446.3	10.05	2.16887765
150	protein2	435.85	9.8	2.0043833500000003
150	protein3	419.95	10.7	2.084325
150	r1	9.55	0.0	0.0
150	rnapol	0.8	0.0	0.0
151	__protein1_rbs	5.1	0.0	0.0
151	__protein2_rbs	5.0	0.0	0.0
151	__protein3_rbs	5.85	0.0	0.0
151	__ribosome	35.1	0.0	0.0
151	__rnase_site_ext	10.4	0.0	0.0
151	p0	0.95	0.0	0.0
151	p1	0.85	0.0	0.0
151	protein1	449.65	10.15	2.2677603
151	protein2	439.2	9.65	2.1248593999999996
151	protein3	423.95	10.7	2.1690150000000004
151	r1	9.55	0.0	0.0
151	rnapol	0.95	0.0	0.0
152	__protein1_rbs	6.1	0.0	0.0
152	__protein2_rbs	5.25	0.0	0.0
152	__protein3_rbs	6.4	0.0	0.0
152	__ribosome	36.25	0.0	0.0
152	__rnase_site_ext	10.35	0.0	0.0
152	p0	0.9	0.0	0.0
152	p1	0.7	0.0	0.0
152	protein1	454.05	10.1	2.19094735
152	protein2	443.1	9.6	2.18350695
152	protein3	428.6	10.4	2.14947985
152	r1	9.6	0.0	0.0
152	rnapol	0.85	0.0	0.0
153	__protein1_rbs	5.9	0.0	0.0
153	__protein2_rbs	5.7	0.0	0.0
153	__protein3_rbs	5.45	0.0	0.0
153	__ribosome	36.15	0.0	0.0
153	__rnase_site_ext	10.4	0.0	0.0
153	p0	0.8	0.0	0.0
153	p1	0.7	0.0	0.0
153	protein1	458.35	10.05	2.19217465
153	protein2	447.25	9.6	2.1357014500000004
153	protein3	432.65	10.45	2.22721805
153	r1	9.7	0.0	0.0
153	rnapol	0.85	0.0	0.0
154	__protein1_rbs	6.0	0.0	0.0
154	__protein2_rbs	5.4	0.0	0.0
154	__protein3_rbs	5.95	0.0	0.0
154	__ribosome	36.6	0.0	0.0
154	__rnase_site_ext	10.35	0.0	0.0
154	p0	1.0	0.0	0.0
154	p1	0.7	0.0	0.0
154	protein1	463.2	10.1	2.1067398499999994
154	protein2	450.75	9.65	2.1763445
154	protein3	437.1	10.7	2.1489908
154	r1	9.7	0.0	0.0
154	rnapol	0.9	0.0	0.0
155	__protein1_rbs	6.25	0.0	0.0
155	__protein2_rbs	5.6	0.0	0.0
155	__protein3_rbs	5.65	0.0	0.0
155	__ribosome	36.55	0.0	0.0
155	__rnase_site_ext	10.35	0.0	0.0
155	p0	0.95	0.0	0.0
155	p1	0.8	0.0	0.0
155	protein1	467.1	10.15	2.07910945
155	protein2	455.0	9.8	2.1257007000000003
155	protein3	441.55	10.65	2.18059195
155	r1	9.9	0.0	0.0
155	rnapol	1.0	0.0	0.0
156	__protein1_rbs	5.3	0.0	0.0
156	__protein2_rbs	5.8	0.0	0.0
156	__protein3_rbs	5.75	0.0	0.0
156	__ribosome	37.7	0.0	0.0
156	__rnase_site_ext	10.2	0.0	0.0
156	p0	0.95	0.0	0.0
156	p1	0.85	0.0	0.0
156	protein1	471.95	10.1	2.0479720500000007
156	protein2	459.25	9.75	2.04370325
156	protein3	446.6	10.7	2.1489173
156	r1	9.9	0.0	0.0
156	rnapol	1.05	0.0	0.0
157	__protein1_rbs	6.5	0.0	0.0
157	__protein2_rbs	5.5	0.0	0.0
157	__protein3_rbs	6.7	0.0	0.0
157	__ribosome	36.5	0.0	0.0
157	__rnase_site_ext	10.45	0.0	0.0
157	p0	0.9	0.0	0.0
157	p1	0.75	0.0	0.0
157	protein1	475.7	10.1	2.0322597
157	protein2	463.05	9.85	2.1117699999999995
157	protein3	450.05	10.9	2.1894221000000003
157	r1	9.85	0.0	0.0
157	rnapol	0.9	0.0	0.0
158	__protein1_rbs	5.15	0.0	0.0
158	__protein2_rbs	5.9	0.0	0.0
158	__protein3_rbs	6.35	0.0	0.0
158	__ribosome	36.2	0.0	0.0
158	__rnase_site_ext	10.5	0.0	0.0
158	p0	0.9	0.0	0.0
158	p1	0.85	0.0	0.0
158	protein1	480.15	10.15	2.08988395
158	protein2	466.5	9.95	2.1174548
158	protein3	454.4	10.65	2.1685398000000005
158	r1	9.85	0.0	0.0
158	rnapol	0.8	0.0	0.0
159	__protein1_rbs	5.7	0.0	0.0
159	__protein2_rbs	5.45	0.0	0.0
159	__protein3_rbs	5.75	0.0	0.0
159	__ribosome	35.35	0.0	0.0
159	__rnase_site_ext	10.35	0.0	0.0
159	p0	0.95	0.0	0.0
159	p1	0.9	0.0	0.0
159	protein1	483.75	10.25	2.11662755
159	protein2	471.1	9.9	2.1110214000000003
159	protein3	458.8	10.7	2.2016102
159	r1	9.95	0.0	0.0
159	rnapol	0.9	0.0	0.0
160	__protein1_rbs	5.8	0.0	0.0
160	__protein2_rbs	6.05	0.0	0.0
160	__protein3_rbs	5.85	0.0	0.0
160	__ribosome	35.85	0.0	0.0
160	__rnase_site_ext	10.55	0.0	0.0
160	p0	0.8	0.0	0.0
160	p1	0.8	0.0	0.0
160	protein1	488.05	10.2	2.13006125
160	protein2	475.15	9.95	2.0972239500000005
160	protein3	463.45	10.65	2.2181288
160	r1	9.75	0.0	0.0
160	rnapol	0.85	0.0	0.0
161	__protein1_rbs	5.1	0.0	0.0
161	__protein2_rbs	5.5	0.0	0.0
161	__protein3_rbs	6.65	0.0	0.0
161	__ribosome	36.65	0.0	0.0
161	__rnase_site_ext	10.55	0.0	0.0
161	p0	0.9	0.0	0.0
161	p1	0.7	0.0	0.0
161	protein1	492.35	10.2	2.1789151
161	protein2	478.8	9.8	2.1909619
161	protein3	468.6	10.6	2.0413132500000004
161	r1	9.75	0.0	0.0
161	rnapol	0.85	0.0	0.0
162	__protein1_rbs	6.6	0.0	0.0
162	__protein2_rbs	5.85	0.0	0.0
162	__protein3_rbs	6.25	0.0	0.0
162	__ribosome	36.6	0.0	0.0
162	__rnase_site_ext	10.4	0.0	0.0
162	p0	0.95	0.0	0.0
162	p1	0.8	0.0	0.0
162	protein1	496.0	10.4	2.14355975
162	protein2	482.85	9.8	2.1292208500000003
162	protein3	472.75	10.7	2.0315362
162	r1	9.85	0.0	0.0
162	rnapol	1.0	0.0	0.0
163	__protein1_rbs	5.5	0.0	0.0
163	__protein2_rbs	5.75	0.0	0.0
163	__protein3_rbs	6.6	0.0	0.0
163	__ribosome	36.65	0.0	0.0
163	__rnase_site_ext	10.4	0.0	0.0
163	p0	0.95	0.0	0.0
163	p1	0.9	0.0	0.0
163	protein1	500.7	10.25	2.1433306500000007
163	protein2	486.6	9.85	2.1440637000000002
163	protein3	476.9	10.75	2.0451818
163	r1	9.8	0.0	0.0
163	rnapol	1.15	0.0	0.0
164	__protein1_rbs	6.2	0.0	0.0
164	__protein2_rbs	5.8	0.0	0.0
164	__protein3_rbs	5.8	0.0	0.0
164	__ribosome	37.05	0.0	0.0
164	__rnase_site_ext	10.45	0.0	0.0
164	p0	0.85	0.0	0.0
164	p1	0.85	0.0	0.0
164	protein1	504.6	10.25	2.13951055
164	protein2	491.05	9.8	2.13148875
164	protein3	481.95	10.8	2.0269872500000004
164	r1	9.75	0.0	0.0
164	rnapol	1.0	0.0	0.0
165	__protein1_rbs	6.1	0.0	0.0
165	__protein2_rbs	5.05	0.0	0.0
165	__protein3_rbs	6.55	0.0	0.0
165	__ribosome	37.6	0.0	0.0
165	__rnase_site_ext	10.45	0.0	0.0
165	p0	0.95	0.0	0.0
165	p1	0.65	0.0	0.0
165	protein1	509.25	10.3	2.0535011
165	protein2	495.2	9.8	2.1772312000000005
165	protein3	486.0	10.75	2.03133855
165	r1	9.7	0.0	0.0
165	rnapol	1.15	0.0	0.0
166	__protein1_rbs	5.65	0.0	0.0
166	__protein2_rbs	5.5	0.0	0.0
166	__protein3_rbs	5.65	0.0	0.0
166	__ribosome	36.1	0.0	0.0
166	__rnase_site_ext	10.55	0.0	0.0
166	p0	0.85	0.0	0.0
166	p1	0.8	0.0	0.0
166	protein1	513.5	10.25	2.07495445
166	protein2	499.2	9.75	2.22065455
166	protein3	490.0	10.65	2.1735717
166	r1	10.0	0.0	0.0
166	rnapol	0.95	0.0	0.0
167	__protein1_rbs	6.85	0.0	0.0
167	__protein2_rbs	5.9	0.0	0.0
167	__protein3_rbs	6.6	0.0	0.0
167	__ribosome	37.45	0.0	0.0
167	__rnase_site_ext	10.35	0.0	0.0
167	p0	0.85	0.0	0.0
167	p1	0.9	0.0	0.0
167	protein1	517.7	10.3	1.9678915000000001
167	protein2	502.9	9.9	2.14742955
167	protein3	494.3	10.6	2.12964135
167	r1	10.05	0.0	0.0
167	rnapol	1.05	0.0	0.0
168	__protein1_rbs	5.75	0.0	0.0
168	__protein2_rbs	5.65	0.0	0.0
168	__protein3_rbs	5.9	0.0	0.0
168	__ribosome	36.65	0.0	0.0
168	__rnase_site_ext	10.35	0.0	0.0
168	p0	0.9	0.0	0.0
168	p1	0.7	0.0	0.0
168	protein1	521.75	10.2	2.01920465
168	protein2	506.9	10.05	2.11645245
168	protein3	498.95	10.6	2.1497587000000005
168	r1	10.05	0.0	0.0
168	rnapol	0.95	0.0	0.0
169	__protein1_rbs	6.15	0.0	0.0
169	__protein2_rbs	5.75	0.0	0.0
169	__protein3_rbs	5.75	0.0	0.0
169	__ribosome	36.8	0.0	0.0
169	__rnase_site_ext	10.4	0.0	0.0
169	p0	0.8	0.0	0.0
169	p1	0.7	0.0	0.0
169	protein1	525.85	10.2	1.9985388000000004
169	protein2	511.45	10.1	2.0540171000000003
169	protein3	502.8	10.55	2.2166468500000005
169	r1	10.1	0.0	0.0
169	rnapol	1.0	0.0	0.0
170	__protein1_rbs	5.05	0.0	0.0
170	__protein2_rbs	5.45	0.0	0.0
170	__protein3_rbs	7.0	0.0	0.0
170	__ribosome	36.15	0.0	0.0
170	__rnase_site_ext	10.6	0.0	0.0
170	p0	0.95	0.0	0.0
170	p1	0.85	0.0	0.0
170	protein1	529.85	10.15	2.1272952499999995
170	protein2	515.75	10.1	2.0592462000000005
170	protein3	507.1	10.55	2.1502375
170	r1	10.2	0.0	0.0
170	rnapol	1.0	0.0	0.0
171	__protein1_rbs	6.2	0.0	0.0
171	__protein2_rbs	5.95	0.0	0.0
171	__protein3_rbs	5.8	0.0	0.0
171	__ribosome	36.55	0.0	0.0
171	__rnase_site_ext	10.6	0.0	0.0
171	p0	0.95	0.0	0.0
171	p1	0.8	0.0	0.0
171	protein1	533.9	10.45	2.03310695
171	protein2	519.6	10.2	2.0724267000000003
171	protein3	511.95	10.7	2.07045775
171	r1	10.2	0.0	0.0
171	rnapol	1.1	0.0	0.0
172	__protein1_rbs	6.05	0.0	0.0
172	__protein2_rbs	5.3	0.0	0.0
172	__protein3_rbs	6.45	0.0	0.0
172	__ribosome	34.85	0.0	0.0
172	__rnase_site_ext	10.75	0.0	0.0
172	p0	0.75	0.0	0.0
172	p1	0.85	0.0	0.0
172	protein1	537.4	10.4	2.1336576000000003
172	protein2	523.55	10.25	2.1437108500000006
172	protein3	516.45	10.55	2.0956349000000003
172	r1	10.2	0.0	0.0
172	rnapol	0.9	0.0	0.0
173	__protein1_rbs	5.35	0.0	0.0
173	__protein2_rbs	5.95	0.0	0.0
173	__protein3_rbs	5.8	0.0	0.0
173	__ribosome	34.85	0.0	0.0
173	__rnase_site_ext	10.8	0.0	0.0
173	p0	0.95	0.0	0.0
173	p1	0.8	0.0	0.0
173	protein1	541.85	10.45	2.1653584500000003
173	protein2	527.5	10.2	2.1203566500000006
173	protein3	520.95	10.6	2.0841122000000007
173	r1	10.2	0.0	0.0
173	rnapol	0.9	0.0	0.0
174	__protein1_rbs	6.2	0.0	0.0
174	__protein2_rbs	5.95	0.0	0.0
174	__protein3_rbs	5.95	0.0	0.0
174	__ribosome	35.6	0.0	0.0
174	__rnase_site_ext	10.6	0.0	0.0
174	p0	0.95	0.0	0.0
174	p1	0.75	0.0	0.0
174	protein1	546.2	10.45	2.125283
174	protein2	532.0	10.15	2.101831750000001
174	protein3	525.0	10.75	2.0686843
174	r1	10.35	0.0	0.0
174	rnapol	0.9	0.0	0.0
175	__protein1_rbs	5.55	0.0	0.0
175	__protein2_rbs	6.4	0.0	0.0
175	__protein3_rbs	5.4	0.0	0.0
175	__ribosome	35.35	0.0	0.0
175	__rnase_site_ext	10.65	0.0	0.0
175	p0	0.9	0.0	0.0
175	p1	0.8	0.0	0.0
175	protein1	550.8	10.4	2.1119264000000006
175	protein2	536.3	10.3	2.03964255
175	protein3	529.35	10.75	2.1767838
175	r1	10.2	0.0	0.0
175	rnapol	0.9	0.0	0.0
176	__protein1_rbs	6.25	0.0	0.0
176	__protein2_rbs	5.9	0.0	0.0
176	__protein3_rbs	6.5	0.0	0.0
176	__ribosome	34.7	0.0	0.0
176	__rnase_site_ext	10.6	0.0	0.0
176	p0	0.95	0.0	0.0
176	p1	0.8	0.0	0.0
176	protein1	554.65	10.35	2.1361905000000005
176	protein2	540.25	10.35	2.0519501
176	protein3	533.35	10.75	2.16370605
176	r1	10.35	0.0	0.0
176	rnapol	1.0	0.0	0.0
177	__protein1_rbs	5.65	0.0	0.0
177	__protein2_rbs	6.05	0.0	0.0
177	__protein3_rbs	6.15	0.0	0.0
177	__ribosome	34.4	0.0	0.0
177	__rnase_site_ext	10.6	0.0	0.0
177	p0	0.85	0.0	0.0
177	p1	0.7	0.0	0.0
177	protein1	559.15	10.45	2.1514429
177	protein2	544.8	10.25	2.0442658000000007
177	protein3	537.4	10.7	2.2013766499999994
177	r1	10.25	0.0	0.0
177	rnapol	0.85	0.0	0.0
178	__protein1_rbs	6.55	0.0	0.0
178	__protein2_rbs	5.95	0.0	0.0
178	__protein3_rbs	5.85	0.0	0.0
178	__ribosome	34.95	0.0	0.0
178	__rnase_site_ext	10.7	0.0	0.0
178	p0	0.9	0.0	0.0
178	p1	0.6	0.0	0.0
178	protein1	563.95	10.35	2.0690037
178	protein2	548.6	10.35	2.06616605
178	protein3	542.0	10.8	2.18879715
178	r1	10.35	0.0	0.0
178	rnapol	0.8	0.0	0.0
179	__protein1_rbs	6.5	0.0	0.0
179	__protein2_rbs	5.9	0.0	0.0
179	__protein3_rbs	6.35	0.0	0.0
179	__ribosome	34.85	0.0	0.0
179	__rnase_site_ext	10.8	0.0	0.0
179	p0	0.95	0.0	0.0
179	p1	0.8	0.0	0.0
179	protein1	567.7	10.45	2.0709624
179	protein2	552.45	10.3	2.08842335
179	protein3	546.75	10.75	2.13876885
179	r1	10.4	0.0	0.0
179	rnapol	0.8	0.0	0.0
180	__protein1_rbs	6.15	0.0	0.0
180	__protein2_rbs	6.05	0.0	0.0
180	__protein3_rbs	5.6	0.0	0.0
180	__ribosome	34.3	0.0	0.0
180	__rnase_site_ext	10.75	0.0	0.0
180	p0	0.95	0.0	0.0
180	p1	0.9	0.0	0.0
180	protein1	571.85	10.5	2.0788356
180	protein2	556.8	10.45	2.0649191000000005
180	protein3	551.45	10.9	2.1484572
180	r1	10.45	0.0	0.0
180	rnapol	0.85	0.0	0.0
181	__protein1_rbs	6.45	0.0	0.0
181	__protein2_rbs	6.0	0.0	0.0
181	__protein3_rbs	5.9	0.0	0.0
181	__ribosome	34.75	0.0	0.0
181	__rnase_site_ext	10.65	0.0	0.0
181	p0	1.0	0.0	0.0
181	p1	0.75	0.0	0.0
181	protein1	576.4	10.5	2.00390545
181	protein2	561.05	10.55	2.05206955
181	protein3	555.85	10.85	2.1783969999999995
181	r1	10.45	0.0	0.0
181	rnapol	1.0	0.0	0.0
182	__protein1_rbs	6.1	0.0	0.0
182	__protein2_rbs	6.0	0.0	0.0
182	__protein3_rbs	6.4	0.0	0.0
182	__ribosome	35.15	0.0	0.0
182	__rnase_site_ext	10.6	0.0	0.0
182	p0	0.8	0.0	0.0
182	p1	0.75	0.0	0.0
182	protein1	580.95	10.45	1.9662288000000003
182	protein2	565.05	10.45	2.08934735
182	protein3	560.3	10.9	2.1439592499999995
182	r1	10.4	0.0	0.0
182	rnapol	0.9	0.0	0.0
183	__protein1_rbs	5.25	0.0	0.0
183	__protein2_rbs	5.55	0.0	0.0
183	__protein3_rbs	6.6	0.0	0.0
183	__ribosome	33.55	0.0	0.0
183	__rnase_site_ext	10.75	0.0	0.0
183	p0	0.9	0.0	0.0
183	p1	0.85	0.0	0.0
183	protein1	584.8	10.4	2.0730058000000002
183	protein2	569.45	10.4	2.12403135
183	protein3	564.4	11.05	2.12242365
183	r1	10.45	0.0	0.0
183	rnapol	0.9	0.0	0.0
184	__protein1_rbs	6.7	0.0	0.0
184	__protein2_rbs	5.55	0.0	0.0
184	__protein3_rbs	6.5	0.0	0.0
184	__ribosome	34.35	0.0	0.0
184	__rnase_site_ext	10.7	0.0	0.0
184	p0	0.8	0.0	0.0
184	p1	0.75	0.0	0.0
184	protein1	589.1	10.5	2.02569225
184	protein2	573.2	10.45	2.1856567000000005
184	protein3	569.65	11.0	2.0445163500000003
184	r1	10.35	0.0	0.0
184	rnapol	1.0	0.0	0.0
185	__protein1_rbs	6.45	0.0	0.0
185	__protein2_rbs	6.65	0.0	0.0
185	__protein3_rbs	6.7	0.0	0.0
185	__ribosome	35.45	0.0	0.0
185	__rnase_site_ext	10.95	0.0	0.0
185	p0	0.9	0.0	0.0
185	p1	0.6	0.0	0.0
185	protein1	593.05	10.45	2.0491471000000003
185	protein2	577.65	10.35	2.12248755
185	protein3	574.25	11.05	1.9886370500000008
185	r1	10.25	0.0	0.0
185	rnapol	0.9	0.0	0.0
186	__protein1_rbs	6.6	0.0	0.0
186	__protein2_rbs	5.35	0.0	0.0
186	__protein3_rbs	5.85	0.0	0.0
186	__ribosome	34.65	0.0	0.0
186	__rnase_site_ext	10.9	0.0	0.0
186	p0	0.85	0.0	0.0
186	p1	0.7	0.0	0.0
186	protein1	596.95	10.7	2.01916485
186	protein2	582.5	10.35	2.13439295
186	protein3	578.9	11.15	2.0446038
186	r1	10.45	0.0	0.0
186	rnapol	0.85	0.0	0.0
187	__protein1_rbs	6.4	0.0	0.0
187	__protein2_rbs	6.45	0.0	0.0
187	__protein3_rbs	6.55	0.0	0.0
187	__ribosome	35.0	0.0	0.0
187	__rnase_site_ext	10.9	0.0	0.0
187	p0	0.85	0.0	0.0
187	p1	0.95	0.0	0.0
187	protein1	601.55	10.65	1.9813348
187	protein2	586.25	10.4	2.0927737
187	protein3	582.9	11.15	2.09326775
187	r1	10.5	0.0	0.0
187	rnapol	0.8	0.0	0.0
188	__protein1_rbs	6.35	0.0	0.0
188	__protein2_rbs	6.1	0.0	0.0
188	__protein3_rbs	7.0	0.0	0.0
188	__ribosome	35.2	0.0	0.0
188	__rnase_site_ext	11.1	0.0	0.0
188	p0	0.8	0.0	0.0
188	p1	1.0	0.0	0.0
188	protein1	606.0	10.75	1.9791667
188	protein2	590.5	10.55	2.05844305
188	protein3	587.25	11.2	2.05385405
188	r1	10.35	0.0	0.0
188	rnapol	0.65	0.0	0.0
189	__protein1_rbs	6.15	0.0	0.0
189	__protein2_rbs	5.95	0.0	0.0
189	__protein3_rbs	6.05	0.0	0.0
189	__ribosome	34.7	0.0	0.0
189	__rnase_site_ext	11.05	0.0	0.0
189	p0	0.9	0.0	0.0
189	p1	0.85	0.0	0.0
189	protein1	610.05	10.9	1.96923155
189	protein2	595.45	10.45	2.035711
189	protein3	591.4	11.15	2.1223827
189	r1	10.25	0.0	0.0
189	rnapol	0.7	0.0	0.0
190	__protein1_rbs	6.75	0.0	0.0
190	__protein2_rbs	6.1	0.0	0.0
190	__protein3_rbs	6.45	0.0	0.0
190	__ribosome	34.15	0.0	0.0
190	__rnase_site_ext	11.05	0.0	0.0
190	p0	0.95	0.0	0.0
190	p1	0.8	0.0	0.0
190	protein1	614.1	10.9	2.0142251
190	protein2	599.45	10.3	2.08261575
190	protein3	596.05	11.25	2.1010028000000003
190	r1	10.2	0.0	0.0
190	rnapol	0.8	0.0	0.0
191	__protein1_rbs	6.0	0.0	0.0
191	__protein2_rbs	5.75	0.0	0.0
191	__protein3_rbs	7.2	0.0	0.0
191	__ribosome	34.3	0.0	0.0
191	__rnase_site_ext	10.75	0.0	0.0
191	p0	0.95	0.0	0.0
191	p1	0.85	0.0	0.0
191	protein1	618.3	10.95	2.03019705
191	protein2	603.9	10.25	2.08682145
191	protein3	601.0	11.35	2.02152865
191	r1	10.3	0.0	0.0
191	rnapol	0.9	0.0	0.0
192	__protein1_rbs	6.1	0.0	0.0
192	__protein2_rbs	6.05	0.0	0.0
192	__protein3_rbs	6.4	0.0	0.0
192	__ribosome	33.6	0.0	0.0
192	__rnase_site_ext	10.8	0.0	0.0
192	p0	0.9	0.0	0.0
192	p1	0.65	0.0	0.0
192	protein1	622.5	10.75	2.095218
192	protein2	607.6	10.3	2.0947489500000005
192	protein3	605.8	11.3	2.03757215
192	r1	10.4	0.0	0.0
192	rnapol	0.9	0.0	0.0
193	__protein1_rbs	5.6	0.0	0.0
193	__protein2_rbs	6.05	0.0	0.0
193	__protein3_rbs	6.8	0.0	0.0
193	__ribosome	32.65	0.0	0.0
193	__rnase_site_ext	10.95	0.0	0.0
193	p0	0.85	0.0	0.0
193	p1	0.65	0.0	0.0
193	protein1	626.85	10.6	2.18611505
193	protein2	611.65	10.35	2.0594624
193	protein3	609.85	11.45	2.07735745
193	r1	10.35	0.0	0.0
193	rnapol	0.85	0.0	0.0
194	__protein1_rbs	6.5	0.0	0.0
194	__protein2_rbs	6.15	0.0	0.0
194	__protein3_rbs	6.85	0.0	0.0
194	__ribosome	34.15	0.0	0.0
194	__rnase_site_ext	10.95	0.0	0.0
194	p0	0.95	0.0	0.0
194	p1	0.75	0.0	0.0
194	protein1	631.45	10.7	2.0767404
194	protein2	616.05	10.5	2.01553715
194	protein3	614.85	11.45	2.03073575
194	r1	10.4	0.0	0.0
194	rnapol	1.0	0.0	0.0
195	__protein1_rbs	6.65	0.0	0.0
195	__protein2_rbs	6.3	0.0	0.0
195	__protein3_rbs	6.65	0.0	0.0
195	__ribosome	34.25	0.0	0.0
195	__rnase_site_ext	11.15	0.0	0.0
195	p0	0.75	0.0	0.0
195	p1	0.65	0.0	0.0
195	protein1	635.25	10.75	2.0530221
195	protein2	620.4	10.6	1.993637
195	protein3	619.6	11.5	2.0143263
195	r1	10.55	0.0	0.0
195	rnapol	0.8	0.0	0.0
196	__protein1_rbs	6.45	0.0	0.0
196	__protein2_rbs	6.5	0.0	0.0
196	__protein3_rbs	6.35	0.0	0.0
196	__ribosome	34.4	0.0	0.0
196	__rnase_site_ext	11.0	0.0	0.0
196	p0	0.85	0.0	0.0
196	p1	0.65	0.0	0.0
196	protein1	640.2	10.85	1.9992796000000002
196	protein2	624.2	10.5	2.02143755
196	protein3	624.1	11.55	2.0480770999999995
196	r1	10.7	0.0	0.0
196	rnapol	0.65	0.0	0.0
197	__protein1_rbs	6.1	0.0	0.0
197	__protein2_rbs	6.0	0.0	0.0
197	__protein3_rbs	6.4	0.0	0.0
197	__ribosome	34.5	0.0	0.0
197	__rnase_site_ext	11.1	0.0	0.0
197	p0	0.95	0.0	0.0
197	p1	0.8	0.0	0.0
197	protein1	644.75	11.0	1.9607148
197	protein2	629.1	10.65	1.9652830000000008
197	protein3	628.5	11.45	2.06333485
197	r1	10.7	0.0	0.0
197	rnapol	0.75	0.0	0.0
198	__protein1_rbs	6.15	0.0	0.0
198	__protein2_rbs	5.95	0.0	0.0
198	__protein3_rbs	6.35	0.0	0.0
198	__ribosome	33.25	0.0	0.0
198	__rnase_site_ext	11.0	0.0	0.0
198	p0	0.95	0.0	0.0
198	p1	0.9	0.0	0.0
198	protein1	649.5	10.9	1.9872103000000003
198	protein2	632.65	10.85	2.01295755
198	protein3	632.65	11.3	2.1471093
198	r1	10.8	0.0	0.0
198	rnapol	0.65	0.0	0.0
199	__protein1_rbs	6.25	0.0	0.0
199	__protein2_rbs	6.35	0.0	0.0
199	__protein3_rbs	6.85	0.0	0.0
199	__ribosome	33.65	0.0	0.0
199	__rnase_site_ext	10.8	0.0	0.0
199	p0	0.9	0.0	0.0
199	p1	0.8	0.0	0.0
199	protein1	653.35	10.9	2.0306749
199	protein2	636.7	10.7	2.03688915
199	protein3	637.75	11.3	2.05111145
199	r1	10.65	0.0	0.0
199	rnapol	0.65	0.0	0.0
200	__protein1_rbs	6.35	0.0	0.0
200	__protein2_rbs	6.2	0.0	0.0
200	__protein3_rbs	6.65	0.0	0.0
200	__ribosome	33.7	0.0	0.0
200	__rnase_site_ext	11.05	0.0	0.0
200	p0	0.8	0.0	0.0
200	p1	0.8	0.0	0.0
200	protein1	656.95	10.65	2.13358265
200	protein2	641.4	10.75	2.03224075
200	protein3	642.55	11.25	2.02606475
200	r1	10.7	0.0	0.0
200	rnapol	0.6	0.0	0.0
201	__protein1_rbs	6.1	0.0	0.0
201	__protein2_rbs	7.0	0.0	0.0
201	__protein3_rbs	6.55	0.0	0.0
201	__ribosome	33.95	0.0	0.0
201	__rnase_site_ext	11.0	0.0	0.0
201	p0	0.95	0.0	0.0
201	p1	0.75	0.0	0.0
201	protein1	661.65	10.8	2.0796498000000003
201	protein2	645.3	10.7	2.0379110499999995
201	protein3	647.1	11.25	2.0207422
201	r1	10.6	0.0	0.0
201	rnapol	0.75	0.0	0.0
202	__protein1_rbs	6.45	0.0	0.0
202	__protein2_rbs	6.5	0.0	0.0
202	__protein3_rbs	6.7	0.0	0.0
202	__ribosome	34.1	0.0	0.0
202	__rnase_site_ext	10.85	0.0	0.0
202	p0	1.0	0.0	0.0
202	p1	0.8	0.0	0.0
202	protein1	665.65	10.8	2.10729405
202	protein2	649.8	10.65	2.0243014
202	protein3	651.6	11.35	1.99053115
202	r1	10.8	0.0	0.0
202	rnapol	0.9	0.0	0.0
203	__protein1_rbs	5.65	0.0	0.0
203	__protein2_rbs	5.75	0.0	0.0
203	__protein3_rbs	6.45	0.0	0.0
203	__ribosome	32.85	0.0	0.0
203	__rnase_site_ext	10.9	0.0	0.0
203	p0	1.0	0.0	0.0
203	p1	0.75	0.0	0.0
203	protein1	669.85	10.7	2.1775793
203	protein2	653.75	10.7	2.07360675
203	protein3	656.15	11.35	1.9917424
203	r1	10.7	0.0	0.0
203	rnapol	0.85	0.0	0.0
204	__protein1_rbs	6.15	0.0	0.0
204	__protein2_rbs	6.0	0.0	0.0
204	__protein3_rbs	7.6	0.0	0.0
204	__ribosome	34.9	0.0	0.0
204	__rnase_site_ext	10.9	0.0	0.0
204	p0	0.95	0.0	0.0
204	p1	0.65	0.0	0.0
204	protein1	675.25	10.65	2.09013155
204	protein2	658.4	10.75	2.05387745
204	protein3	660.5	11.45	1.90685425
204	r1	10.85	0.0	0.0
204	rnapol	0.95	0.0	0.0
205	__protein1_rbs	5.8	0.0	0.0
205	__protein2_rbs	5.8	0.0	0.0
205	__protein3_rbs	6.95	0.0	0.0
205	__ribosome	33.6	0.0	0.0
205	__rnase_site_ext	10.75	0.0	0.0
205	p0	0.9	0.0	0.0
205	p1	0.7	0.0	0.0
205	protein1	679.15	10.7	2.12646665
205	protein2	662.4	10.75	2.07687895
205	protein3	665.1	11.55	1.9090017
205	r1	10.8	0.0	0.0
205	rnapol	0.95	0.0	0.0
206	__protein1_rbs	6.1	0.0	0.0
206	__protein2_rbs	6.75	0.0	0.0
206	__protein3_rbs	7.15	0.0	0.0
206	__ribosome	34.0	0.0	0.0
206	__rnase_site_ext	10.65	0.0	0.0
206	p0	0.9	0.0	0.0
206	p1	0.75	0.0	0.0
206	protein1	683.55	10.6	2.13354065
206	protein2	666.2	10.85	2.0608332500000004
206	protein3	669.65	11.7	1.8781512
206	r1	10.8	0.0	0.0
206	rnapol	0.9	0.0	0.0
207	__protein1_rbs	6.85	0.0	0.0
207	__protein2_rbs	7.2	0.0	0.0
207	__protein3_rbs	6.4	0.0	0.0
207	__ribosome	34.25	0.0	0.0
207	__rnase_site_ext	10.5	0.0	0.0
207	p0	1.0	0.0	0.0
207	p1	0.8	0.0	0.0
207	protein1	687.7	10.5	2.1093309500000004
207	protein2	670.55	10.85	1.9953953
207	protein3	673.95	11.75	1.9379598
207	r1	10.7	0.0	0.0
207	rnapol	1.15	0.0	0.0
208	__protein1_rbs	5.75	0.0	0.0
208	__protein2_rbs	6.45	0.0	0.0
208	__protein3_rbs	6.8	0.0	0.0
208	__ribosome	35.6	0.0	0.0
208	__rnase_site_ext	10.35	0.0	0.0
208	p0	0.8	0.0	0.0
208	p1	0.75	0.0	0.0
208	protein1	692.85	10.4	2.0499836500000006
208	protein2	675.2	10.75	1.99698725
208	protein3	678.55	11.65	1.92934015
208	r1	10.6	0.0	0.0
208	rnapol	1.1	0.0	0.0
209	__protein1_rbs	5.75	0.0	0.0
209	__protein2_rbs	6.0	0.0	0.0
209	__protein3_rbs	6.7	0.0	0.0
209	__ribosome	33.85	0.0	0.0
209	__rnase_site_ext	10.3	0.0	0.0
209	p0	0.85	0.0	0.0
209	p1	0.95	0.0	0.0
209	protein1	697.25	10.3	2.0762412
209	protein2	679.55	10.8	2.0003541
209	protein3	682.25	11.75	2.0099351000000003
209	r1	10.65	0.0	0.0
209	rnapol	1.05	0.0	0.0
210	__protein1_rbs	5.95	0.0	0.0
210	__protein2_rbs	6.95	0.0	0.0
210	__protein3_rbs	6.2	0.0	0.0
210	__ribosome	34.6	0.0	0.0
210	__rnase_site_ext	10.3	0.0	0.0
210	p0	1.0	0.0	0.0
210	p1	0.9	0.0	0.0
210	protein1	701.85	10.2	2.07785065
210	protein2	683.75	10.65	1.97047955
210	protein3	687.05	11.45	2.09248075
210	r1	10.6	0.0	0.0
210	rnapol	1.2	0.0	0.0
211	__protein1_rbs	5.8	0.0	0.0
211	__protein2_rbs	5.9	0.0	0.0
211	__protein3_rbs	7.8	0.0	0.0
211	__ribosome	33.85	0.0	0.0
211	__rnase_site_ext	10.45	0.0	0.0
211	p0	0.7	0.0	0.0
211	p1	0.9	0.0	0.0
211	protein1	705.75	10.15	2.1326398999999996
211	protein2	687.65	10.6	2.0566544999999996
211	protein3	691.2	11.6	2.01301505
211	r1	10.7	0.0	0.0
211	rnapol	1.25	0.0	0.0
212	__protein1_rbs	6.45	0.0	0.0
212	__protein2_rbs	5.85	0.0	0.0
212	__protein3_rbs	6.65	0.0	0.0
212	__ribosome	33.15	0.0	0.0
212	__rnase_site_ext	10.45	0.0	0.0
212	p0	0.8	0.0	0.0
212	p1	0.95	0.0	0.0
212	protein1	709.55	10.15	2.13707655
212	protein2	691.5	10.65	2.1213472
212	protein3	695.95	11.55	2.0355733000000003
212	r1	10.55	0.0	0.0
212	rnapol	1.15	0.0	0.0
213	__protein1_rbs	5.6	0.0	0.0
213	__protein2_rbs	6.9	0.0	0.0
213	__protein3_rbs	6.45	0.0	0.0
213	__ribosome	33.75	0.0	0.0
213	__rnase_site_ext	10.65	0.0	0.0
213	p0	0.85	0.0	0.0
213	p1	0.8	0.0	0.0
213	protein1	713.85	10.3	2.1237112000000002
213	protein2	695.95	10.6	2.01690585
213	protein3	700.8	11.45	2.0518460000000003
213	r1	10.5	0.0	0.0
213	rnapol	1.05	0.0	0.0
214	__protein1_rbs	6.1	0.0	0.0
214	__protein2_rbs	6.45	0.0	0.0
214	__protein3_rbs	7.0	0.0	0.0
214	__ribosome	33.85	0.0	0.0
214	__rnase_site_ext	10.75	0.0	0.0
214	p0	0.75	0.0	0.0
214	p1	0.75	0.0	0.0
214	protein1	718.1	10.5	2.11153855
214	protein2	700.55	10.6	1.9934385
214	protein3	705.3	11.65	2.0360672500000003
214	r1	10.6	0.0	0.0
214	rnapol	1.0	0.0	0.0
215	__protein1_rbs	6.25	0.0	0.0
215	__protein2_rbs	6.4	0.0	0.0
215	__protein3_rbs	6.45	0.0	0.0
215	__ribosome	34.25	0.0	0.0
215	__rnase_site_ext	10.75	0.0	0.0
215	p0	0.8	0.0	0.0
215	p1	0.95	0.0	0.0
215	protein1	722.8	10.45	2.03577995
215	protein2	704.5	10.55	2.0305404
215	protein3	710.3	11.7	2.01563075
215	r1	10.6	0.0	0.0
215	rnapol	0.8	0.0	0.0
216	__protein1_rbs	6.7	0.0	0.0
216	__protein2_rbs	5.9	0.0	0.0
216	__protein3_rbs	6.75	0.0	0.0
216	__ribosome	34.5	0.0	0.0
216	__rnase_site_ext	10.65	0.0	0.0
216	p0	0.95	0.0	0.0
216	p1	0.65	0.0	0.0
216	protein1	727.25	10.6	1.9816327
216	protein2	709.05	10.65	2.02540845
216	protein3	714.8	11.9	1.9944397000000005
216	r1	10.3	0.0	0.0
216	rnapol	0.85	0.0	0.0
217	__protein1_rbs	5.8	0.0	0.0
217	__protein2_rbs	5.95	0.0	0.0
217	__protein3_rbs	7.25	0.0	0.0
217	__ribosome	33.1	0.0	0.0
217	__rnase_site_ext	10.6	0.0	0.0
217	p0	0.9	0.0	0.0
217	p1	0.75	0.0	0.0
217	protein1	730.9	10.55	2.1059210000000004
217	protein2	713.2	10.6	2.05056355
217	protein3	719.2	11.9	2.00688915
217	r1	10.4	0.0	0.0
217	rnapol	0.9	0.0	0.0
218	__protein1_rbs	6.65	0.0	0.0
218	__protein2_rbs	5.9	0.0	0.0
218	__protein3_rbs	6.05	0.0	0.0
218	__ribosome	32.3	0.0	0.0
218	__rnase_site_ext	10.55	0.0	0.0
218	p0	0.8	0.0	0.0
218	p1	0.9	0.0	0.0
218	protein1	735.45	10.45	2.0315826
218	protein2	717.25	10.5	2.11859115
218	protein3	724.0	11.85	2.10316075
218	r1	10.3	0.0	0.0
218	rnapol	0.9	0.0	0.0
219	__protein1_rbs	6.1	0.0	0.0
219	__protein2_rbs	5.9	0.0	0.0
219	__protein3_rbs	6.7	0.0	0.0
219	__ribosome	32.25	0.0	0.0
219	__rnase_site_ext	10.6	0.0	0.0
219	p0	0.9	0.0	0.0
219	p1	0.65	0.0	0.0
219	protein1	739.9	10.4	1.9966837
219	protein2	721.5	10.4	2.1820029999999995
219	protein3	728.45	11.7	2.1485387500000006
219	r1	10.2	0.0	0.0
219	rnapol	0.8	0.0	0.0
220	__protein1_rbs	6.4	0.0	0.0
220	__protein2_rbs	5.9	0.0	0.0
220	__protein3_rbs	7.15	0.0	0.0
220	__ribosome	32.8	0.0	0.0
220	__rnase_site_ext	10.75	0.0	0.0
220	p0	0.9	0.0	0.0
220	p1	0.75	0.0	0.0
220	protein1	744.0	10.45	1.92499545
220	protein2	725.75	10.2	2.21951445
220	protein3	733.2	11.65	2.17529255
220	r1	10.45	0.0	0.0
220	rnapol	0.95	0.0	0.0
221	__protein1_rbs	6.45	0.0	0.0
221	__protein2_rbs	5.9	0.0	0.0
221	__protein3_rbs	6.6	0.0	0.0
221	__ribosome	33.35	0.0	0.0
221	__rnase_site_ext	10.65	0.0	0.0
221	p0	0.75	0.0	0.0
221	p1	0.6	0.0	0.0
221	protein1	748.0	10.5	1.92340155
221	protein2	730.25	10.45	2.16903695
221	protein3	738.6	11.55	2.1487403
221	r1	10.45	0.0	0.0
221	rnapol	0.8	0.0	0.0
222	__protein1_rbs	6.4	0.0	0.0
222	__protein2_rbs	6.6	0.0	0.0
222	__protein3_rbs	6.85	0.0	0.0
222	__ribosome	35.25	0.0	0.0
222	__rnase_site_ext	10.8	0.0	0.0
222	p0	0.9	0.0	0.0
222	p1	0.65	0.0	0.0
222	protein1	752.55	10.55	1.8563028000000001
222	protein2	734.75	10.5	2.0220743999999997
222	protein3	743.3	11.55	2.14472665
222	r1	10.65	0.0	0.0
222	rnapol	0.9	0.0	0.0
223	__protein1_rbs	5.35	0.0	0.0
223	__protein2_rbs	6.35	0.0	0.0
223	__protein3_rbs	6.25	0.0	0.0
223	__ribosome	34.25	0.0	0.0
223	__rnase_site_ext	10.75	0.0	0.0
223	p0	0.95	0.0	0.0
223	p1	0.75	0.0	0.0
223	protein1	756.3	10.65	1.93644345
223	protein2	739.15	10.7	1.93483185
223	protein3	748.45	11.65	2.1427765
223	r1	10.7	0.0	0.0
223	rnapol	1.05	0.0	0.0
224	__protein1_rbs	6.3	0.0	0.0
224	__protein2_rbs	6.45	0.0	0.0
224	__protein3_rbs	7.1	0.0	0.0
224	__ribosome	35.7	0.0	0.0
224	__rnase_site_ext	10.75	0.0	0.0
224	p0	0.95	0.0	0.0
224	p1	0.95	0.0	0.0
224	protein1	760.55	10.6	1.9400373
224	protein2	743.45	10.75	1.89431035
224	protein3	753.45	11.4	2.09096015
224	r1	10.6	0.0	0.0
224	rnapol	1.05	0.0	0.0
225	__protein1_rbs	5.85	0.0	0.0
225	__protein2_rbs	6.05	0.0	0.0
225	__protein3_rbs	5.55	0.0	0.0
225	__ribosome	33.5	0.0	0.0
225	__rnase_site_ext	10.55	0.0	0.0
225	p0	0.95	0.0	0.0
225	p1	0.85	0.0	0.0
225	protein1	764.25	10.6	2.0316857500000003
225	protein2	747.95	10.75	1.9623931000000003
225	protein3	758.05	11.25	2.1849665000000003
225	r1	10.35	0.0	0.0
225	rnapol	1.0	0.0	0.0
226	__protein1_rbs	6.15	0.0	0.0
226	__protein2_rbs	6.3	0.0	0.0
226	__protein3_rbs	6.6	0.0	0.0
226	__ribosome	33.9	0.0	0.0
226	__rnase_site_ext	10.5	0.0	0.0
226	p0	1.0	0.0	0.0
226	p1	0.75	0.0	0.0
226	protein1	767.75	10.4	2.11715245
226	protein2	752.15	10.4	2.0034936
226	protein3	762.55	11.35	2.12280275
226	r1	10.25	0.0	0.0
226	rnapol	1.1	0.0	0.0
227	__protein1_rbs	6.55	0.0	0.0
227	__protein2_rbs	6.15	0.0	0.0
227	__protein3_rbs	6.65	0.0	0.0
227	__ribosome	34.9	0.0	0.0
227	__rnase_site_ext	10.3	0.0	0.0
227	p0	0.95	0.0	0.0
227	p1	0.75	0.0	0.0
227	protein1	772.25	10.35	2.0477681000000003
227	protein2	755.9	10.4	2.0584033
227	protein3	767.75	11.45	2.0521771499999995
227	r1	10.35	0.0	0.0
227	rnapol	1.05	0.0	0.0
228	__protein1_rbs	6.45	0.0	0.0
228	__protein2_rbs	5.65	0.0	0.0
228	__protein3_rbs	5.85	0.0	0.0
228	__ribosome	34.2	0.0	0.0
228	__rnase_site_ext	10.2	0.0	0.0
228	p0	0.85	0.0	0.0
228	p1	0.7	0.0	0.0
228	protein1	776.75	10.25	2.0081177500000003
228	protein2	759.6	10.3	2.168196150000001
228	protein3	772.5	11.45	2.0964471
228	r1	10.35	0.0	0.0
228	rnapol	1.05	0.0	0.0
229	__protein1_rbs	5.8	0.0	0.0
229	__protein2_rbs	6.25	0.0	0.0
229	__protein3_rbs	7.0	0.0	0.0
229	__ribosome	34.55	0.0	0.0
229	__rnase_site_ext	10.25	0.0	0.0
229	p0	0.75	0.0	0.0
229	p1	0.75	0.0	0.0
229	protein1	780.9	10.2	2.01404905
229	protein2	764.15	10.4	2.09408995
229	protein3	776.45	11.55	2.1209848999999994
229	r1	10.4	0.0	0.0
229	rnapol	0.9	0.0	0.0
230	__protein1_rbs	5.6	0.0	0.0
230	__protein2_rbs	5.8	0.0	0.0
230	__protein3_rbs	7.3	0.0	0.0
230	__ribosome	35.0	0.0	0.0
230	__rnase_site_ext	10.4	0.0	0.0
230	p0	0.9	0.0	0.0
230	p1	0.75	0.0	0.0
230	protein1	785.15	10.05	2.0584651000000003
230	protein2	768.35	10.4	2.0772476
230	protein3	781.6	11.7	2.02060005
230	r1	10.25	0.0	0.0
230	rnapol	0.8	0.0	0.0
231	__protein1_rbs	5.85	0.0	0.0
231	__protein2_rbs	6.65	0.0	0.0
231	__protein3_rbs	6.3	0.0	0.0
231	__ribosome	35.1	0.0	0.0
231	__rnase_site_ext	10.5	0.0	0.0
231	p0	0.85	0.0	0.0
231	p1	0.9	0.0	0.0
231	protein1	789.3	10.25	1.9923917499999997
231	protein2	772.75	10.35	2.0260993000000003
231	protein3	786.2	11.9	2.05014835
231	r1	10.25	0.0	0.0
231	rnapol	0.85	0.0	0.0
232	__protein1_rbs	6.35	0.0	0.0
232	__protein2_rbs	6.65	0.0	0.0
232	__protein3_rbs	7.1	0.0	0.0
232	__ribosome	34.9	0.0	0.0
232	__rnase_site_ext	10.6	0.0	0.0
232	p0	0.9	0.0	0.0
232	p1	0.95	0.0	0.0
232	protein1	793.1	10.35	1.97140985
232	protein2	776.65	10.3	2.0532885499999995
232	protein3	790.45	11.85	2.0670452
232	r1	10.3	0.0	0.0
232	rnapol	0.75	0.0	0.0
233	__protein1_rbs	5.75	0.0	0.0
233	__protein2_rbs	5.45	0.0	0.0
233	__protein3_rbs	6.8	0.0	0.0
233	__ribosome	34.25	0.0	0.0
233	__rnase_site_ext	10.7	0.0	0.0
233	p0	0.85	0.0	0.0
233	p1	0.95	0.0	0.0
233	protein1	796.55	10.5	2.06033875
233	protein2	781.15	10.35	2.0276272
233	protein3	796.1	11.55	2.05139955
233	r1	10.1	0.0	0.0
233	rnapol	0.65	0.0	0.0
234	__protein1_rbs	6.2	0.0	0.0
234	__protein2_rbs	5.7	0.0	0.0
234	__protein3_rbs	6.3	0.0	0.0
234	__ribosome	33.9	0.0	0.0
234	__rnase_site_ext	10.8	0.0	0.0
234	p0	0.9	0.0	0.0
234	p1	1.0	0.0	0.0
234	protein1	800.85	10.5	2.0139213
234	protein2	785.05	10.25	2.0839221500000003
234	protein3	800.9	11.55	2.0903005999999995
234	r1	9.95	0.0	0.0
234	rnapol	0.65	0.0	0.0
235	__protein1_rbs	5.85	0.0	0.0
235	__protein2_rbs	5.4	0.0	0.0
235	__protein3_rbs	6.95	0.0	0.0
235	__ribosome	32.6	0.0	0.0
235	__rnase_site_ext	10.8	0.0	0.0
235	p0	1.0	0.0	0.0
235	p1	0.95	0.0	0.0
235	protein1	804.9	10.65	2.05682225
235	protein2	789.5	10.1	2.1191821
235	protein3	804.65	11.55	2.14309925
235	r1	9.9	0.0	0.0
235	rnapol	0.8	0.0	0.0
236	__protein1_rbs	6.05	0.0	0.0
236	__protein2_rbs	5.9	0.0	0.0
236	__protein3_rbs	7.1	0.0	0.0
236	__ribosome	34.2	0.0	0.0
236	__rnase_site_ext	10.8	0.0	0.0
236	p0	1.0	0.0	0.0
236	p1	0.7	0.0	0.0
236	protein1	809.3	10.6	2.06564155
236	protein2	793.75	9.9	2.1059121499999995
236	protein3	809.85	11.65	2.03183255
236	r1	9.7	0.0	0.0
236	rnapol	0.9	0.0	0.0
237	__protein1_rbs	5.35	0.0	0.0
237	__protein2_rbs	5.9	0.0	0.0
237	__protein3_rbs	7.5	0.0	0.0
237	__ribosome	33.7	0.0	0.0
237	__rnase_site_ext	10.9	0.0	0.0
237	p0	0.8	0.0	0.0
237	p1	0.65	0.0	0.0
237	protein1	813.35	10.6	2.14838435
237	protein2	797.0	9.8	2.1940995
237	protein3	814.75	11.75	1.9518602000000005
237	r1	9.85	0.0	0.0
237	rnapol	0.9	0.0	0.0
238	__protein1_rbs	6.2	0.0	0.0
238	__protein2_rbs	5.4	0.0	0.0
238	__protein3_rbs	7.2	0.0	0.0
238	__ribosome	34.5	0.0	0.0
238	__rnase_site_ext	10.8	0.0	0.0
238	p0	0.85	0.0	0.0
238	p1	0.8	0.0	0.0
238	protein1	817.95	10.6	2.094421
238	protein2	801.35	9.7	2.204616
238	protein3	819.5	11.7	1.9349691999999998
238	r1	9.9	0.0	0.0
238	rnapol	0.85	0.0	0.0
239	__protein1_rbs	5.9	0.0	0.0
239	__protein2_rbs	5.4	0.0	0.0
239	__protein3_rbs	6.55	0.0	0.0
239	__ribosome	33.85	0.0	0.0
239	__rnase_site_ext	11.0	0.0	0.0
239	p0	0.9	0.0	0.0
239	p1	0.55	0.0	0.0
239	protein1	821.75	10.7	2.1565052
239	protein2	806.05	9.85	2.14214665
239	protein3	824.15	11.85	1.94293895
239	r1	9.85	0.0	0.0
239	rnapol	0.9	0.0	0.0
240	__protein1_rbs	5.6	0.0	0.0
240	__protein2_rbs	5.5	0.0	0.0
240	__protein3_rbs	6.6	0.0	0.0
240	__ribosome	33.4	0.0	0.0
240	__rnase_site_ext	10.8	0.0	0.0
240	p0	0.85	0.0	0.0
240	p1	0.6	0.0	0.0
240	protein1	826.25	10.75	2.1659545499999995
240	protein2	810.35	9.8	2.13519975
240	protein3	828.7	11.6	2.00730275
240	r1	9.95	0.0	0.0
240	rnapol	0.9	0.0	0.0
241	__protein1_rbs	6.6	0.0	0.0
241	__protein2_rbs	5.6	0.0	0.0
241	__protein3_rbs	6.8	0.0	0.0
241	__ribosome	33.6	0.0	0.0
241	__rnase_site_ext	10.9	0.0	0.0
241	p0	0.9	0.0	0.0
241	p1	0.75	0.0	0.0
241	protein1	830.9	10.7	2.0744396000000003
241	protein2	814.35	10.05	2.113800049999999
241	protein3	833.0	11.5	2.0732143
241	r1	10.15	0.0	0.0
241	rnapol	0.9	0.0	0.0
242	__protein1_rbs	5.85	0.0	0.0
242	__protein2_rbs	6.15	0.0	0.0
242	__protein3_rbs	7.05	0.0	0.0
242	__ribosome	33.8	0.0	0.0
242	__rnase_site_ext	10.9	0.0	0.0
242	p0	0.9	0.0	0.0
242	p1	0.8	0.0	0.0
242	protein1	835.2	10.7	2.11349045
242	protein2	818.3	10.1	2.0786976999999998
242	protein3	837.55	11.45	2.04071555
242	r1	10.1	0.0	0.0
242	rnapol	0.85	0.0	0.0
243	__protein1_rbs	6.7	0.0	0.0
243	__protein2_rbs	5.9	0.0	0.0
243	__protein3_rbs	6.25	0.0	0.0
243	__ribosome	33.8	0.0	0.0
243	__rnase_site_ext	10.95	0.0	0.0
243	p0	0.9	0.0	0.0
243	p1	0.9	0.0	0.0
243	protein1	839.9	10.75	2.02002315
243	protein2	822.05	10.0	2.15542925
243	protein3	842.0	11.2	2.1517087000000004
243	r1	10.1	0.0	0.0
243	rnapol	0.95	0.0	0.0
244	__protein1_rbs	6.7	0.0	0.0
244	__protein2_rbs	5.7	0.0	0.0
244	__protein3_rbs	6.4	0.0	0.0
244	__ribosome	35.15	0.0	0.0
244	__rnase_site_ext	10.95	0.0	0.0
244	p0	0.95	0.0	0.0
244	p1	0.9	0.0	0.0
244	protein1	844.4	10.8	1.9463027
244	protein2	826.75	10.15	2.0616359
244	protein3	846.55	11.05	2.126892750000001
244	r1	10.1	0.0	0.0
244	rnapol	1.05	0.0	0.0
245	__protein1_rbs	6.0	0.0	0.0
245	__protein2_rbs	5.8	0.0	0.0
245	__protein3_rbs	6.15	0.0	0.0
245	__ribosome	34.8	0.0	0.0
245	__rnase_site_ext	10.9	0.0	0.0
245	p0	0.85	0.0	0.0
245	p1	0.7	0.0	0.0
245	protein1	849.05	10.85	1.95472045
245	protein2	830.7	10.15	2.1169028500000007
245	protein3	851.5	10.9	2.12433535
245	r1	9.9	0.0	0.0
245	rnapol	1.15	0.0	0.0
246	__protein1_rbs	6.55	0.0	0.0
246	__protein2_rbs	5.65	0.0	0.0
246	__protein3_rbs	6.9	0.0	0.0
246	__ribosome	35.75	0.0	0.0
246	__rnase_site_ext	11.0	0.0	0.0
246	p0	0.75	0.0	0.0
246	p1	0.65	0.0	0.0
246	protein1	852.9	10.7	2.0055050500000005
246	protein2	835.25	10.1	2.10186505
246	protein3	856.45	11.15	2.00021565
246	r1	10.0	0.0	0.0
246	rnapol	1.05	0.0	0.0
247	__protein1_rbs	6.1	0.0	0.0
247	__protein2_rbs	5.95	0.0	0.0
247	__protein3_rbs	6.2	0.0	0.0
247	__ribosome	35.35	0.0	0.0
247	__rnase_site_ext	11.05	0.0	0.0
247	p0	0.9	0.0	0.0
247	p1	0.75	0.0	0.0
247	protein1	857.15	10.7	2.04957185
247	protein2	839.45	9.95	2.0971555
247	protein3	860.75	10.9	2.0831849
247	r1	10.0	0.0	0.0
247	rnapol	0.95	0.0	0.0
248	__protein1_rbs	6.85	0.0	0.0
248	__protein2_rbs	5.25	0.0	0.0
248	__protein3_rbs	6.05	0.0	0.0
248	__ribosome	33.45	0.0	0.0
248	__rnase_site_ext	11.1	0.0	0.0
248	p0	0.9	0.0	0.0
248	p1	0.9	0.0	0.0
248	protein1	860.85	10.85	2.0265168
248	protein2	843.15	10.05	2.185301199999999
248	protein3	865.1	11.05	2.0900112
248	r1	10.0	0.0	0.0
248	rnapol	0.9	0.0	0.0
249	__protein1_rbs	6.3	0.0	0.0
249	__protein2_rbs	5.65	0.0	0.0
249	__protein3_rbs	6.6	0.0	0.0
249	__ribosome	34.0	0.0	0.0
249	__rnase_site_ext	11.15	0.0	0.0
249	p0	0.85	0.0	0.0
249	p1	0.7	0.0	0.0
249	protein1	865.65	10.85	1.9939802
249	protein2	847.55	10.05	2.1562788500000005
249	protein3	869.55	11.4	2.0376760500000004
249	r1	9.9	0.0	0.0
249	rnapol	0.75	0.0	0.0
250	__protein1_rbs	5.05	0.0	0.0
250	__protein2_rbs	4.45	0.0	0.0
250	__protein3_rbs	4.8	0.0	0.0
250	__ribosome	26.85	0.0	0.0
250	__rnase_site_ext	9.0	0.0	0.0
250	p0	0.75	0.0	0.0
250	p1	0.55	0.0	0.0
250	protein1	688.2	8.7	1.657563
250	protein2	675.05	7.85	1.74430915
250	protein3	693.2	8.75	1.7007499000000004
250	r1	8.05	0.0	0.0
250	rnapol	0.55	0.0	0.0
