time	species	protein	transcript	ribo_density
0	__protein1_rbs	0.0	0.0	0.0
0	__protein2_rbs	0.0	0.0	0.0
0	__protein3_rbs	0.0	0.0	0.0
0	__ribosome	100.0	0.0	0.0
0	__rnase_site_ext	0.0	0.0	0.0
0	p0	1.0	0.0	0.0
0	rnapol	4.0	0.0	0.0
1	__protein1_rbs	0.0	0.0	0.0
1	__protein2_rbs	0.0	0.0	0.0
1	__protein3_rbs	0.0	0.0	0.0
1	__ribosome	30.0	0.0	0.0
1	__rnase_site_ext	0.1	0.0	0.0
1	p0	0.05	0.0	0.0
1	rnapol	0.9	0.0	0.0
2	__protein1_rbs	0.05	0.0	0.0
2	__protein2_rbs	0.0	0.0	0.0
2	__protein3_rbs	0.0	0.0	0.0
2	__ribosome	89.95	0.0	0.0
2	__rnase_site_ext	0.45	0.0	0.0
2	p0	0.2	0.0	0.0
2	protein1	0.0	0.1	0.05
2	rnapol	2.65	0.0	0.0
3	__protein1_rbs	0.15	0.0	0.0
3	__protein2_rbs	0.0	0.0	0.0
3	__protein3_rbs	0.0	0.0	0.0
3	__ribosome	99.85	0.0	0.0
3	__rnase_site_ext	0.75	0.0	0.0
3	p0	0.4	0.0	0.0
3	protein1	0.0	0.25	0.15
3	rnapol	2.8	0.0	0.0
4	__protein1_rbs	0.25	0.0	0.0
4	__protein2_rbs	0.0	0.0	0.0
4	__protein3_rbs	0.0	0.0	0.0
4	__ribosome	139.5	0.0	0.0
4	__rnase_site_ext	1.05	0.0	0.0
4	p0	0.65	0.0	0.0
4	protein1	0.0	0.6	0.45
4	rnapol	3.9	0.0	0.0
5	__protein1_rbs	0.4	0.0	0.0
5	__protein2_rbs	0.0	0.0	0.0
5	__protein3_rbs	0.0	0.0	0.0
5	__ribosome	139.0	0.0	0.0
5	__rnase_site_ext	1.3	0.0	0.0
5	p0	0.55	0.0	0.0
5	protein1	0.0	1.0	0.71666665
5	rnapol	3.55	0.0	0.0
6	__protein1_rbs	0.35	0.0	0.0
6	__protein2_rbs	0.0	0.0	0.0
6	__protein3_rbs	0.0	0.0	0.0
6	__ribosome	98.05	0.0	0.0
6	__rnase_site_ext	1.65	0.0	0.0
6	p0	0.85	0.0	0.0
6	protein1	0.0	1.25	inf
6	rnapol	2.25	0.0	0.0
7	__protein1_rbs	0.55	0.0	0.0
7	__protein2_rbs	0.0	0.0	0.0
7	__protein3_rbs	0.0	0.0	0.0
7	__ribosome	97.1	0.0	0.0
7	__rnase_site_ext	1.8	0.0	0.0
7	p0	0.75	0.0	0.0
7	protein1	0.05	1.55	1.84166665
7	rnapol	2.0	0.0	0.0
8	__protein1_rbs	0.65	0.0	0.0
8	__protein2_rbs	0.0	0.0	0.0
8	__protein3_rbs	0.0	0.0	0.0
8	__ribosome	96.3	0.0	0.0
8	__rnase_site_ext	1.95	0.0	0.0
8	p0	0.9	0.0	0.0
8	protein1	0.1	1.8	2.16666665
8	rnapol	1.9	0.0	0.0
9	__protein1_rbs	0.6	0.0	0.0
9	__protein2_rbs	0.0	0.0	0.0
9	__protein3_rbs	0.0	0.0	0.0
9	__ribosome	95.3	0.0	0.0
9	__rnase_site_ext	2.15	0.0	0.0
9	p0	0.8	0.0	0.0
9	protein1	0.4	1.9	2.5666667000000003
9	rnapol	1.7	0.0	0.0
10	__protein1_rbs	0.6	0.0	0.0
10	__protein2_rbs	0.0	0.0	0.0
10	__protein3_rbs	0.0	0.0	0.0
10	__ribosome	94.75	0.0	0.0
10	__rnase_site_ext	2.25	0.0	0.0
10	p0	0.9	0.0	0.0
10	protein1	1.25	2.05	2.67083335
10	protein2	0.0	0.05	0.05
10	rnapol	1.6	0.0	0.0
11	__protein1_rbs	0.75	0.0	0.0
11	__protein2_rbs	0.05	0.0	0.0
11	__protein3_rbs	0.0	0.0	0.0
11	__ribosome	94.0	0.0	0.0
11	__rnase_site_ext	2.5	0.0	0.0
11	p0	0.75	0.0	0.0
11	protein1	1.95	2.25	2.775
11	protein2	0.0	0.25	0.2
11	rnapol	1.45	0.0	0.0
12	__protein1_rbs	0.95	0.0	0.0
12	__protein2_rbs	0.2	0.0	0.0
12	__protein3_rbs	0.0	0.0	0.0
12	__ribosome	93.2	0.0	0.0
12	__rnase_site_ext	2.65	0.0	0.0
12	p0	0.85	0.0	0.0
12	protein1	2.75	2.4	2.8166667000000003
12	protein2	0.0	0.4	0.4
12	rnapol	1.35	0.0	0.0
13	__protein1_rbs	1.0	0.0	0.0
13	__protein2_rbs	0.15	0.0	0.0
13	__protein3_rbs	0.0	0.0	0.0
13	__ribosome	92.05	0.0	0.0
13	__rnase_site_ext	2.7	0.0	0.0
13	p0	1.0	0.0	0.0
13	protein1	3.65	2.65	2.78333335
13	protein2	0.0	0.8	0.7
13	rnapol	1.35	0.0	0.0
14	__protein1_rbs	0.8	0.0	0.0
14	__protein2_rbs	0.45	0.0	0.0
14	__protein3_rbs	0.0	0.0	0.0
14	__ribosome	90.75	0.0	0.0
14	__rnase_site_ext	2.75	0.0	0.0
14	p0	0.85	0.0	0.0
14	protein1	4.75	2.75	2.86666675
14	protein2	0.0	1.05	1.08333335
14	rnapol	1.2	0.0	0.0
15	__protein1_rbs	0.85	0.0	0.0
15	__protein2_rbs	0.2	0.0	0.0
15	__protein3_rbs	0.0	0.0	0.0
15	__ribosome	89.25	0.0	0.0
15	__rnase_site_ext	2.9	0.0	0.0
15	p0	0.85	0.0	0.0
15	protein1	6.1	2.7	3.18750005
15	protein2	0.05	1.45	1.64166665
15	rnapol	1.0	0.0	0.0
16	__protein1_rbs	0.95	0.0	0.0
16	__protein2_rbs	0.8	0.0	0.0
16	__protein3_rbs	0.0	0.0	0.0
16	__ribosome	88.3	0.0	0.0
16	__rnase_site_ext	2.95	0.0	0.0
16	p0	0.95	0.0	0.0
16	protein1	7.45	2.85	3.1458333
16	protein2	0.2	1.6	1.8583333
16	rnapol	0.95	0.0	0.0
17	__protein1_rbs	0.85	0.0	0.0
17	__protein2_rbs	0.45	0.0	0.0
17	__protein3_rbs	0.0	0.0	0.0
17	__ribosome	86.9	0.0	0.0
17	__rnase_site_ext	3.05	0.0	0.0
17	p0	0.85	0.0	0.0
17	protein1	8.95	2.95	3.1500000000000004
17	protein2	0.35	1.7	2.32500005
17	rnapol	0.9	0.0	0.0
18	__protein1_rbs	1.55	0.0	0.0
18	__protein2_rbs	0.6	0.0	0.0
18	__protein3_rbs	0.1	0.0	0.0
18	__ribosome	86.45	0.0	0.0
18	__rnase_site_ext	3.05	0.0	0.0
18	p0	0.95	0.0	0.0
18	protein1	10.3	3.0	3.0500000000000003
18	protein2	1.0	1.8	2.45
18	protein3	0.0	0.15	0.05
18	rnapol	0.85	0.0	0.0
19	__protein1_rbs	0.95	0.0	0.0
19	__protein2_rbs	0.85	0.0	0.0
19	__protein3_rbs	0.25	0.0	0.0
19	__ribosome	85.45	0.0	0.0
19	__rnase_site_ext	3.1	0.0	0.0
19	p0	0.95	0.0	0.0
19	protein1	12.15	3.05	3.0999999500000004
19	protein2	1.55	2.05	2.5208333
19	protein3	0.0	0.4	0.15
19	rnapol	0.8	0.0	0.0
20	__protein1_rbs	1.4	0.0	0.0
20	__protein2_rbs	0.7	0.0	0.0
20	__protein3_rbs	0.15	0.0	0.0
20	__ribosome	84.6	0.0	0.0
20	__rnase_site_ext	3.1	0.0	0.0
20	p0	0.95	0.0	0.0
20	protein1	13.95	3.1	3.02083335
20	protein2	2.3	2.2	2.6208332999999997
20	protein3	0.0	0.5	0.45
20	rnapol	0.75	0.0	0.0
21	__protein1_rbs	0.9	0.0	0.0
21	__protein2_rbs	0.8	0.0	0.0
21	__protein3_rbs	0.3	0.0	0.0
21	__ribosome	82.95	0.0	0.0
21	__rnase_site_ext	3.2	0.0	0.0
21	p0	0.9	0.0	0.0
21	protein1	15.5	3.1	3.21666665
21	protein2	3.35	2.35	2.59583335
21	protein3	0.0	0.85	0.725
21	rnapol	0.7	0.0	0.0
22	__protein1_rbs	1.1	0.0	0.0
22	__protein2_rbs	0.95	0.0	0.0
22	__protein3_rbs	0.5	0.0	0.0
22	__ribosome	82.35	0.0	0.0
22	__rnase_site_ext	3.15	0.0	0.0
22	p0	0.9	0.0	0.0
22	protein1	17.8	3.15	3.0041667000000003
22	protein2	4.25	2.6	2.5375000000000005
22	protein3	0.0	1.2	1.125
22	rnapol	0.6	0.0	0.0
23	__protein1_rbs	1.15	0.0	0.0
23	__protein2_rbs	0.95	0.0	0.0
23	__protein3_rbs	0.55	0.0	0.0
23	__ribosome	80.3	0.0	0.0
23	__rnase_site_ext	3.2	0.0	0.0
23	p0	0.95	0.0	0.0
23	protein1	19.2	3.15	3.2616666000000003
23	protein2	5.3	2.6	2.81666665
23	protein3	0.0	1.55	1.4666667
23	rnapol	0.65	0.0	0.0
24	__protein1_rbs	1.3	0.0	0.0
24	__protein2_rbs	1.0	0.0	0.0
24	__protein3_rbs	0.7	0.0	0.0
24	__ribosome	79.55	0.0	0.0
24	__rnase_site_ext	3.35	0.0	0.0
24	p0	0.85	0.0	0.0
24	protein1	21.05	3.2	3.0649999999999995
24	protein2	6.7	2.65	2.7833334
24	protein3	0.1	1.65	1.93333335
24	rnapol	0.85	0.0	0.0
25	__protein1_rbs	0.95	0.0	0.0
25	__protein2_rbs	1.2	0.0	0.0
25	__protein3_rbs	0.5	0.0	0.0
25	__ribosome	77.8	0.0	0.0
25	__rnase_site_ext	3.4	0.0	0.0
25	p0	0.95	0.0	0.0
25	protein1	22.7	3.25	3.1391667
25	protein2	7.75	2.8	2.8625
25	protein3	0.45	1.7	2.3416667
25	rnapol	0.95	0.0	0.0
26	__protein1_rbs	1.3	0.0	0.0
26	__protein2_rbs	1.0	0.0	0.0
26	__protein3_rbs	0.8	0.0	0.0
26	__ribosome	76.9	0.0	0.0
26	__rnase_site_ext	3.4	0.0	0.0
26	p0	1.0	0.0	0.0
26	protein1	24.7	3.4	3.1216667
26	protein2	9.2	2.9	2.82500005
26	protein3	0.85	2.0	2.32083335
26	rnapol	1.1	0.0	0.0
27	__protein1_rbs	1.55	0.0	0.0
27	__protein2_rbs	1.0	0.0	0.0
27	__protein3_rbs	0.85	0.0	0.0
27	__ribosome	76.45	0.0	0.0
27	__rnase_site_ext	3.4	0.0	0.0
27	p0	0.8	0.0	0.0
27	protein1	26.8	3.4	3.0008333000000005
27	protein2	10.65	2.95	2.92500005
27	protein3	1.55	2.2	2.3708333999999995
27	rnapol	1.4	0.0	0.0
28	__protein1_rbs	1.25	0.0	0.0
28	__protein2_rbs	1.2	0.0	0.0
28	__protein3_rbs	0.75	0.0	0.0
28	__ribosome	75.05	0.0	0.0
28	__rnase_site_ext	3.45	0.0	0.0
28	p0	0.95	0.0	0.0
28	protein1	28.55	3.4	3.1016666000000006
28	protein2	12.1	2.95	2.9999999500000003
28	protein3	2.35	2.25	2.5666667000000003
28	rnapol	1.7	0.0	0.0
29	__protein1_rbs	1.25	0.0	0.0
29	__protein2_rbs	1.35	0.0	0.0
29	__protein3_rbs	1.2	0.0	0.0
29	__ribosome	74.75	0.0	0.0
29	__rnase_site_ext	3.5	0.0	0.0
29	p0	0.85	0.0	0.0
29	protein1	30.65	3.45	3.1658333999999995
29	protein2	14.0	2.95	2.9333333999999995
29	protein3	3.15	2.55	2.4041667
29	rnapol	1.6	0.0	0.0
30	__protein1_rbs	1.5	0.0	0.0
30	__protein2_rbs	0.9	0.0	0.0
30	__protein3_rbs	1.15	0.0	0.0
30	__ribosome	73.9	0.0	0.0
30	__rnase_site_ext	3.6	0.0	0.0
30	p0	0.85	0.0	0.0
30	protein1	32.5	3.45	3.1266667000000004
30	protein2	15.35	3.05	3.12500005
30	protein3	4.35	2.65	2.3708332999999997
30	rnapol	1.5	0.0	0.0
31	__protein1_rbs	1.35	0.0	0.0
31	__protein2_rbs	1.35	0.0	0.0
31	__protein3_rbs	0.7	0.0	0.0
31	__ribosome	72.6	0.0	0.0
31	__rnase_site_ext	3.85	0.0	0.0
31	p0	0.85	0.0	0.0
31	protein1	34.45	3.6	3.0774999500000004
31	protein2	17.0	2.95	3.3333334000000003
31	protein3	5.35	2.7	2.7125000000000004
31	rnapol	1.6	0.0	0.0
32	__protein1_rbs	1.45	0.0	0.0
32	__protein2_rbs	1.1	0.0	0.0
32	__protein3_rbs	1.1	0.0	0.0
32	__ribosome	72.45	0.0	0.0
32	__rnase_site_ext	4.15	0.0	0.0
32	p0	0.75	0.0	0.0
32	protein1	36.6	3.8	2.82000005
32	protein2	18.9	3.05	3.09166665
32	protein3	6.5	2.75	2.8083332999999997
32	rnapol	1.65	0.0	0.0
33	__protein1_rbs	1.7	0.0	0.0
33	__protein2_rbs	1.2	0.0	0.0
33	__protein3_rbs	0.9	0.0	0.0
33	__ribosome	71.95	0.0	0.0
33	__rnase_site_ext	4.1	0.0	0.0
33	p0	0.95	0.0	0.0
33	protein1	38.65	4.05	2.65166665
33	protein2	20.5	3.15	3.0583332999999997
33	protein3	7.9	2.95	2.675000099999999
33	rnapol	1.6	0.0	0.0
34	__protein1_rbs	1.65	0.0	0.0
34	__protein2_rbs	1.3	0.0	0.0
34	__protein3_rbs	1.15	0.0	0.0
34	__ribosome	71.1	0.0	0.0
34	__rnase_site_ext	4.15	0.0	0.0
34	p0	0.9	0.0	0.0
34	protein1	40.4	4.1	2.8833333000000003
34	protein2	22.15	3.15	3.1041666999999995
34	protein3	9.35	3.0	2.7458332999999997
34	rnapol	1.8	0.0	0.0
35	__protein1_rbs	1.95	0.0	0.0
35	__protein2_rbs	1.0	0.0	0.0
35	__protein3_rbs	1.5	0.0	0.0
35	__ribosome	70.95	0.0	0.0
35	__rnase_site_ext	4.25	0.0	0.0
35	p0	0.85	0.0	0.0
35	protein1	42.5	4.15	2.8000000499999995
35	protein2	24.55	3.25	2.9083333499999995
35	protein3	10.7	3.05	2.7541667000000003
35	rnapol	1.7	0.0	0.0
36	__protein1_rbs	1.5	0.0	0.0
36	__protein2_rbs	1.45	0.0	0.0
36	__protein3_rbs	0.85	0.0	0.0
36	__ribosome	69.6	0.0	0.0
36	__rnase_site_ext	4.35	0.0	0.0
36	p0	0.9	0.0	0.0
36	protein1	44.5	4.3	2.93333335
36	protein2	25.95	3.3	2.9575
36	protein3	12.35	3.05	2.916666600000001
36	rnapol	1.65	0.0	0.0
37	__protein1_rbs	1.6	0.0	0.0
37	__protein2_rbs	1.4	0.0	0.0
37	__protein3_rbs	1.35	0.0	0.0
37	__ribosome	69.05	0.0	0.0
37	__rnase_site_ext	4.35	0.0	0.0
37	p0	0.9	0.0	0.0
37	protein1	46.6	4.4	2.791666600000001
37	protein2	28.05	3.4	2.93750005
37	protein3	14.0	3.2	2.88749995
37	rnapol	1.6	0.0	0.0
38	__protein1_rbs	2.0	0.0	0.0
38	__protein2_rbs	1.0	0.0	0.0
38	__protein3_rbs	1.25	0.0	0.0
38	__ribosome	68.5	0.0	0.0
38	__rnase_site_ext	4.45	0.0	0.0
38	p0	0.9	0.0	0.0
38	protein1	48.75	4.4	2.83833335
38	protein2	29.8	3.4	2.98333335
38	protein3	15.6	3.15	3.0166667
38	rnapol	1.7	0.0	0.0
39	__protein1_rbs	1.3	0.0	0.0
39	__protein2_rbs	1.25	0.0	0.0
39	__protein3_rbs	1.05	0.0	0.0
39	__ribosome	67.35	0.0	0.0
39	__rnase_site_ext	4.6	0.0	0.0
39	p0	0.8	0.0	0.0
39	protein1	51.1	4.45	2.9666667
39	protein2	31.7	3.5	2.8325
39	protein3	16.9	3.25	3.10833335
39	rnapol	1.55	0.0	0.0
40	__protein1_rbs	1.55	0.0	0.0
40	__protein2_rbs	1.5	0.0	0.0
40	__protein3_rbs	1.35	0.0	0.0
40	__ribosome	67.25	0.0	0.0
40	__rnase_site_ext	4.8	0.0	0.0
40	p0	0.75	0.0	0.0
40	protein1	53.5	4.55	2.9583332500000004
40	protein2	33.6	3.65	2.73
40	protein3	18.8	3.25	3.0666666500000006
40	rnapol	1.45	0.0	0.0
41	__protein1_rbs	1.9	0.0	0.0
41	__protein2_rbs	1.3	0.0	0.0
41	__protein3_rbs	1.4	0.0	0.0
41	__ribosome	66.85	0.0	0.0
41	__rnase_site_ext	5.0	0.0	0.0
41	p0	0.8	0.0	0.0
41	protein1	56.2	4.65	2.8775000000000004
41	protein2	35.15	3.8	2.7700000499999997
41	protein3	20.9	3.3	2.92083335
41	rnapol	1.25	0.0	0.0
42	__protein1_rbs	2.1	0.0	0.0
42	__protein2_rbs	1.9	0.0	0.0
42	__protein3_rbs	1.4	0.0	0.0
42	__ribosome	66.7	0.0	0.0
42	__rnase_site_ext	5.05	0.0	0.0
42	p0	1.0	0.0	0.0
42	protein1	58.5	4.85	2.80142855
42	protein2	37.05	3.95	2.8533333
42	protein3	22.85	3.35	2.87916665
42	rnapol	1.35	0.0	0.0
43	__protein1_rbs	2.4	0.0	0.0
43	__protein2_rbs	1.7	0.0	0.0
43	__protein3_rbs	1.65	0.0	0.0
43	__ribosome	66.15	0.0	0.0
43	__rnase_site_ext	5.0	0.0	0.0
43	p0	1.0	0.0	0.0
43	protein1	60.8	5.1	2.7569047499999995
43	protein2	39.2	4.05	2.7933333000000005
43	protein3	24.55	3.4	2.81666665
43	rnapol	1.35	0.0	0.0
44	__protein1_rbs	1.9	0.0	0.0
44	__protein2_rbs	1.8	0.0	0.0
44	__protein3_rbs	1.65	0.0	0.0
44	__ribosome	65.9	0.0	0.0
44	__rnase_site_ext	4.95	0.0	0.0
44	p0	0.85	0.0	0.0
44	protein1	63.6	5.0	2.85261905
44	protein2	41.35	4.2	2.745
44	protein3	26.3	3.55	2.695
44	rnapol	1.3	0.0	0.0
45	__protein1_rbs	2.45	0.0	0.0
45	__protein2_rbs	1.65	0.0	0.0
45	__protein3_rbs	1.3	0.0	0.0
45	__ribosome	65.25	0.0	0.0
45	__rnase_site_ext	5.1	0.0	0.0
45	p0	0.9	0.0	0.0
45	protein1	66.2	5.05	2.78380955
45	protein2	43.15	4.25	2.8466666500000004
45	protein3	28.4	3.55	2.7724999999999995
45	rnapol	1.3	0.0	0.0
46	__protein1_rbs	1.9	0.0	0.0
46	__protein2_rbs	1.55	0.0	0.0
46	__protein3_rbs	1.35	0.0	0.0
46	__ribosome	63.6	0.0	0.0
46	__rnase_site_ext	5.1	0.0	0.0
46	p0	1.0	0.0	0.0
46	protein1	68.7	5.05	2.8498809499999997
46	protein2	45.1	4.3	2.9450000499999995
46	protein3	30.1	3.65	2.7966667000000003
46	rnapol	1.35	0.0	0.0
47	__protein1_rbs	1.95	0.0	0.0
47	__protein2_rbs	1.8	0.0	0.0
47	__protein3_rbs	1.55	0.0	0.0
47	__ribosome	64.0	0.0	0.0
47	__rnase_site_ext	5.15	0.0	0.0
47	p0	0.8	0.0	0.0
47	protein1	71.55	5.1	2.8442857000000004
47	protein2	47.5	4.3	2.89083335
47	protein3	32.05	3.7	2.68583335
47	rnapol	1.25	0.0	0.0
48	__protein1_rbs	1.9	0.0	0.0
48	__protein2_rbs	1.65	0.0	0.0
48	__protein3_rbs	1.8	0.0	0.0
48	__ribosome	63.4	0.0	0.0
48	__rnase_site_ext	5.25	0.0	0.0
48	p0	0.95	0.0	0.0
48	protein1	74.4	5.15	2.805
48	protein2	49.65	4.35	2.97511905
48	protein3	33.9	3.8	2.66916665
48	rnapol	1.25	0.0	0.0
49	__protein1_rbs	2.65	0.0	0.0
49	__protein2_rbs	2.2	0.0	0.0
49	__protein3_rbs	1.3	0.0	0.0
49	__ribosome	62.75	0.0	0.0
49	__rnase_site_ext	5.3	0.0	0.0
49	p0	1.0	0.0	0.0
49	protein1	76.75	5.25	2.7292857
49	protein2	52.0	4.5	2.8113095
49	protein3	35.7	4.05	2.70249995
49	rnapol	1.4	0.0	0.0
50	__protein1_rbs	2.4	0.0	0.0
50	__protein2_rbs	2.1	0.0	0.0
50	__protein3_rbs	1.85	0.0	0.0
50	__ribosome	62.3	0.0	0.0
50	__rnase_site_ext	5.25	0.0	0.0
50	p0	1.0	0.0	0.0
50	protein1	79.5	5.3	2.6944644
50	protein2	54.5	4.7	2.6526190499999998
50	protein3	37.55	4.2	2.6966666999999998
50	rnapol	1.4	0.0	0.0
51	__protein1_rbs	1.85	0.0	0.0
51	__protein2_rbs	1.9	0.0	0.0
51	__protein3_rbs	1.8	0.0	0.0
51	__ribosome	61.45	0.0	0.0
51	__rnase_site_ext	5.25	0.0	0.0
51	p0	1.0	0.0	0.0
51	protein1	82.35	5.3	2.77874995
51	protein2	57.0	4.9	2.60619045
51	protein3	39.6	4.2	2.7933333
51	rnapol	1.5	0.0	0.0
52	__protein1_rbs	2.0	0.0	0.0
52	__protein2_rbs	2.75	0.0	0.0
52	__protein3_rbs	1.85	0.0	0.0
52	__ribosome	61.35	0.0	0.0
52	__rnase_site_ext	5.25	0.0	0.0
52	p0	0.95	0.0	0.0
52	protein1	85.05	5.25	2.8637500499999997
52	protein2	59.5	5.05	2.44226185
52	protein3	41.6	4.35	2.77
52	rnapol	1.6	0.0	0.0
53	__protein1_rbs	2.4	0.0	0.0
53	__protein2_rbs	2.1	0.0	0.0
53	__protein3_rbs	1.9	0.0	0.0
53	__ribosome	61.2	0.0	0.0
53	__rnase_site_ext	5.35	0.0	0.0
53	p0	0.95	0.0	0.0
53	protein1	88.05	5.25	2.7397023999999996
53	protein2	62.0	5.0	2.51452385
53	protein3	43.65	4.5	2.7124999999999995
53	rnapol	1.6	0.0	0.0
54	__protein1_rbs	2.25	0.0	0.0
54	__protein2_rbs	2.45	0.0	0.0
54	__protein3_rbs	1.95	0.0	0.0
54	__ribosome	61.05	0.0	0.0
54	__rnase_site_ext	5.35	0.0	0.0
54	p0	0.95	0.0	0.0
54	protein1	90.55	5.35	2.7513096000000004
54	protein2	64.4	5.05	2.45678575
54	protein3	46.0	4.55	2.68916665
54	rnapol	1.75	0.0	0.0
55	__protein1_rbs	2.2	0.0	0.0
55	__protein2_rbs	2.2	0.0	0.0
55	__protein3_rbs	1.55	0.0	0.0
55	__ribosome	60.55	0.0	0.0
55	__rnase_site_ext	5.4	0.0	0.0
55	p0	0.95	0.0	0.0
55	protein1	93.7	5.4	2.7088095
55	protein2	66.9	5.05	2.51869055
55	protein3	48.3	4.55	2.81916665
55	rnapol	1.8	0.0	0.0
56	__protein1_rbs	2.55	0.0	0.0
56	__protein2_rbs	2.15	0.0	0.0
56	__protein3_rbs	2.45	0.0	0.0
56	__ribosome	59.7	0.0	0.0
56	__rnase_site_ext	5.5	0.0	0.0
56	p0	0.9	0.0	0.0
56	protein1	96.05	5.4	2.7769643000000004
56	protein2	69.05	5.0	2.69988095
56	protein3	50.75	4.65	2.6951190000000005
56	rnapol	1.75	0.0	0.0
57	__protein1_rbs	2.6	0.0	0.0
57	__protein2_rbs	2.45	0.0	0.0
57	__protein3_rbs	2.2	0.0	0.0
57	__ribosome	59.9	0.0	0.0
57	__rnase_site_ext	5.5	0.0	0.0
57	p0	0.85	0.0	0.0
57	protein1	99.25	5.45	2.61226195
57	protein2	71.5	5.15	2.63797615
57	protein3	53.05	4.85	2.6164286
57	rnapol	1.85	0.0	0.0
58	__protein1_rbs	2.65	0.0	0.0
58	__protein2_rbs	2.6	0.0	0.0
58	__protein3_rbs	2.3	0.0	0.0
58	__ribosome	59.25	0.0	0.0
58	__rnase_site_ext	5.65	0.0	0.0
58	p0	0.9	0.0	0.0
58	protein1	102.0	5.5	2.63011905
58	protein2	73.9	5.2	2.64130955
58	protein3	55.55	5.15	2.532976249999999
58	rnapol	1.85	0.0	0.0
59	__protein1_rbs	2.3	0.0	0.0
59	__protein2_rbs	2.05	0.0	0.0
59	__protein3_rbs	2.05	0.0	0.0
59	__ribosome	58.05	0.0	0.0
59	__rnase_site_ext	5.65	0.0	0.0
59	p0	0.95	0.0	0.0
59	protein1	104.75	5.6	2.691369
59	protein2	76.65	5.25	2.6901190500000003
59	protein3	57.85	5.25	2.5567856999999994
59	rnapol	1.85	0.0	0.0
60	__protein1_rbs	2.75	0.0	0.0
60	__protein2_rbs	2.15	0.0	0.0
60	__protein3_rbs	2.35	0.0	0.0
60	__ribosome	57.8	0.0	0.0
60	__rnase_site_ext	5.7	0.0	0.0
60	p0	0.9	0.0	0.0
60	protein1	107.25	5.6	2.69577375
60	protein2	79.2	5.2	2.7395237999999997
60	protein3	60.65	5.2	2.5886905
60	rnapol	1.8	0.0	0.0
61	__protein1_rbs	2.85	0.0	0.0
61	__protein2_rbs	2.25	0.0	0.0
61	__protein3_rbs	2.45	0.0	0.0
61	__ribosome	58.45	0.0	0.0
61	__rnase_site_ext	5.75	0.0	0.0
61	p0	0.9	0.0	0.0
61	protein1	110.35	5.65	2.5785714500000005
61	protein2	82.3	5.2	2.6486905
61	protein3	63.05	5.25	2.6070238
61	rnapol	1.8	0.0	0.0
62	__protein1_rbs	2.7	0.0	0.0
62	__protein2_rbs	2.4	0.0	0.0
62	__protein3_rbs	2.2	0.0	0.0
62	__ribosome	57.3	0.0	0.0
62	__rnase_site_ext	5.6	0.0	0.0
62	p0	0.7	0.0	0.0
62	protein1	113.05	5.75	2.566369000000001
62	protein2	84.75	5.2	2.7396429499999995
62	protein3	65.25	5.25	2.73654765
62	rnapol	1.75	0.0	0.0
63	__protein1_rbs	2.4	0.0	0.0
63	__protein2_rbs	2.35	0.0	0.0
63	__protein3_rbs	2.3	0.0	0.0
63	__ribosome	56.3	0.0	0.0
63	__rnase_site_ext	5.8	0.0	0.0
63	p0	0.7	0.0	0.0
63	protein1	115.95	5.55	2.7942857000000005
63	protein2	87.05	5.2	2.79880955
63	protein3	67.85	5.25	2.7622617999999997
63	rnapol	1.85	0.0	0.0
64	__protein1_rbs	2.6	0.0	0.0
64	__protein2_rbs	2.4	0.0	0.0
64	__protein3_rbs	2.55	0.0	0.0
64	__ribosome	56.75	0.0	0.0
64	__rnase_site_ext	5.8	0.0	0.0
64	p0	0.9	0.0	0.0
64	protein1	119.15	5.7	2.71124995
64	protein2	89.9	5.3	2.7340476
64	protein3	70.7	5.3	2.68571435
64	rnapol	1.85	0.0	0.0
65	__protein1_rbs	2.3	0.0	0.0
65	__protein2_rbs	2.65	0.0	0.0
65	__protein3_rbs	2.45	0.0	0.0
65	__ribosome	56.2	0.0	0.0
65	__rnase_site_ext	5.75	0.0	0.0
65	p0	1.0	0.0	0.0
65	protein1	121.55	5.8	2.8235118999999997
65	protein2	92.7	5.35	2.67583325
65	protein3	73.5	5.4	2.6507143
65	rnapol	1.95	0.0	0.0
66	__protein1_rbs	2.3	0.0	0.0
66	__protein2_rbs	2.4	0.0	0.0
66	__protein3_rbs	2.65	0.0	0.0
66	__ribosome	56.1	0.0	0.0
66	__rnase_site_ext	5.7	0.0	0.0
66	p0	1.0	0.0	0.0
66	protein1	124.5	5.75	2.880178550000001
66	protein2	95.7	5.3	2.64416665
66	protein3	76.35	5.45	2.6301189999999997
66	rnapol	2.0	0.0	0.0
67	__protein1_rbs	2.9	0.0	0.0
67	__protein2_rbs	3.0	0.0	0.0
67	__protein3_rbs	2.55	0.0	0.0
67	__ribosome	56.35	0.0	0.0
67	__rnase_site_ext	5.8	0.0	0.0
67	p0	0.85	0.0	0.0
67	protein1	127.3	5.7	2.9638690500000004
67	protein2	98.35	5.4	2.50249995
67	protein3	79.25	5.5	2.6133333
67	rnapol	1.9	0.0	0.0
68	__protein1_rbs	2.3	0.0	0.0
68	__protein2_rbs	2.25	0.0	0.0
68	__protein3_rbs	2.65	0.0	0.0
68	__ribosome	55.95	0.0	0.0
68	__rnase_site_ext	5.7	0.0	0.0
68	p0	0.85	0.0	0.0
68	protein1	130.85	5.65	2.8969048500000008
68	protein2	101.1	5.55	2.52315475
68	protein3	81.85	5.5	2.6733334
68	rnapol	1.75	0.0	0.0
69	__protein1_rbs	2.65	0.0	0.0
69	__protein2_rbs	2.05	0.0	0.0
69	__protein3_rbs	2.35	0.0	0.0
69	__ribosome	55.1	0.0	0.0
69	__rnase_site_ext	5.75	0.0	0.0
69	p0	0.95	0.0	0.0
69	protein1	133.5	5.75	2.8339881000000005
69	protein2	103.9	5.6	2.61815465
69	protein3	84.5	5.55	2.69999995
69	rnapol	1.75	0.0	0.0
70	__protein1_rbs	2.55	0.0	0.0
70	__protein2_rbs	2.6	0.0	0.0
70	__protein3_rbs	2.8	0.0	0.0
70	__ribosome	55.9	0.0	0.0
70	__rnase_site_ext	6.0	0.0	0.0
70	p0	0.75	0.0	0.0
70	protein1	137.0	5.75	2.7605357999999995
70	protein2	106.4	5.6	2.64285715
70	protein3	87.6	5.6	2.5596427999999998
70	rnapol	1.65	0.0	0.0
71	__protein1_rbs	3.0	0.0	0.0
71	__protein2_rbs	2.9	0.0	0.0
71	__protein3_rbs	2.2	0.0	0.0
71	__ribosome	56.8	0.0	0.0
71	__rnase_site_ext	6.05	0.0	0.0
71	p0	0.95	0.0	0.0
71	protein1	140.5	5.85	2.53458335
71	protein2	109.2	5.65	2.5792857000000002
71	protein3	90.65	5.7	2.5466071
71	rnapol	1.65	0.0	0.0
72	__protein1_rbs	2.6	0.0	0.0
72	__protein2_rbs	2.75	0.0	0.0
72	__protein3_rbs	3.05	0.0	0.0
72	__ribosome	54.85	0.0	0.0
72	__rnase_site_ext	6.15	0.0	0.0
72	p0	0.9	0.0	0.0
72	protein1	143.0	6.05	2.6085714
72	protein2	111.5	5.9	2.5816666500000003
72	protein3	92.9	5.75	2.5961905
72	rnapol	1.55	0.0	0.0
73	__protein1_rbs	2.8	0.0	0.0
73	__protein2_rbs	2.6	0.0	0.0
73	__protein3_rbs	2.15	0.0	0.0
73	__ribosome	53.8	0.0	0.0
73	__rnase_site_ext	6.15	0.0	0.0
73	p0	1.0	0.0	0.0
73	protein1	145.95	6.1	2.65900795
73	protein2	114.0	6.0	2.66904755
73	protein3	96.1	5.7	2.6348808999999997
73	rnapol	1.55	0.0	0.0
74	__protein1_rbs	2.85	0.0	0.0
74	__protein2_rbs	2.85	0.0	0.0
74	__protein3_rbs	2.8	0.0	0.0
74	__ribosome	53.85	0.0	0.0
74	__rnase_site_ext	6.15	0.0	0.0
74	p0	0.9	0.0	0.0
74	protein1	149.15	6.15	2.6085119
74	protein2	117.55	6.05	2.53940485
74	protein3	98.55	5.75	2.6757737999999995
74	rnapol	1.65	0.0	0.0
75	__protein1_rbs	2.65	0.0	0.0
75	__protein2_rbs	2.95	0.0	0.0
75	__protein3_rbs	2.6	0.0	0.0
75	__ribosome	53.25	0.0	0.0
75	__rnase_site_ext	6.3	0.0	0.0
75	p0	0.9	0.0	0.0
75	protein1	152.2	6.1	2.62549605
75	protein2	120.35	6.1	2.5605157500000004
75	protein3	101.4	5.85	2.70910715
75	rnapol	1.55	0.0	0.0
76	__protein1_rbs	3.2	0.0	0.0
76	__protein2_rbs	2.9	0.0	0.0
76	__protein3_rbs	3.05	0.0	0.0
76	__ribosome	54.15	0.0	0.0
76	__rnase_site_ext	6.35	0.0	0.0
76	p0	0.9	0.0	0.0
76	protein1	155.35	6.3	2.53821425
76	protein2	123.35	6.05	2.4855159
76	protein3	104.3	5.9	2.633869
76	rnapol	1.65	0.0	0.0
77	__protein1_rbs	3.45	0.0	0.0
77	__protein2_rbs	2.75	0.0	0.0
77	__protein3_rbs	2.3	0.0	0.0
77	__ribosome	54.2	0.0	0.0
77	__rnase_site_ext	6.35	0.0	0.0
77	p0	0.9	0.0	0.0
77	protein1	158.55	6.3	2.4327777000000004
77	protein2	126.2	6.15	2.54825405
77	protein3	107.45	5.85	2.6365476
77	rnapol	1.65	0.0	0.0
78	__protein1_rbs	2.55	0.0	0.0
78	__protein2_rbs	2.7	0.0	0.0
78	__protein3_rbs	2.15	0.0	0.0
78	__ribosome	52.95	0.0	0.0
78	__rnase_site_ext	6.4	0.0	0.0
78	p0	1.0	0.0	0.0
78	protein1	161.7	6.4	2.4367261500000006
78	protein2	129.5	6.25	2.54210315
78	protein3	110.5	5.8	2.7492262500000004
78	rnapol	1.65	0.0	0.0
79	__protein1_rbs	3.45	0.0	0.0
79	__protein2_rbs	2.95	0.0	0.0
79	__protein3_rbs	3.25	0.0	0.0
79	__ribosome	52.8	0.0	0.0
79	__rnase_site_ext	6.4	0.0	0.0
79	p0	0.9	0.0	0.0
79	protein1	164.55	6.4	2.4273213999999994
79	protein2	131.95	6.2	2.7193848999999997
79	protein3	113.55	6.1	2.57494045
79	rnapol	1.55	0.0	0.0
80	__protein1_rbs	2.95	0.0	0.0
80	__protein2_rbs	2.75	0.0	0.0
80	__protein3_rbs	3.3	0.0	0.0
80	__ribosome	53.35	0.0	0.0
80	__rnase_site_ext	6.5	0.0	0.0
80	p0	0.9	0.0	0.0
80	protein1	167.9	6.4	2.40382935
80	protein2	135.25	6.15	2.73845235
80	protein3	116.5	6.4	2.4392262
80	rnapol	1.6	0.0	0.0
81	__protein1_rbs	3.2	0.0	0.0
81	__protein2_rbs	2.8	0.0	0.0
81	__protein3_rbs	2.95	0.0	0.0
81	__ribosome	52.8	0.0	0.0
81	__rnase_site_ext	6.6	0.0	0.0
81	p0	0.85	0.0	0.0
81	protein1	170.75	6.5	2.42688485
81	protein2	138.4	6.1	2.7758928000000003
81	protein3	119.7	6.35	2.5059522999999997
81	rnapol	1.6	0.0	0.0
82	__protein1_rbs	3.05	0.0	0.0
82	__protein2_rbs	3.55	0.0	0.0
82	__protein3_rbs	3.2	0.0	0.0
82	__ribosome	52.5	0.0	0.0
82	__rnase_site_ext	6.7	0.0	0.0
82	p0	0.8	0.0	0.0
82	protein1	173.55	6.55	2.5336905
82	protein2	141.4	6.05	2.7028769500000007
82	protein3	122.7	6.45	2.50035705
82	rnapol	1.5	0.0	0.0
83	__protein1_rbs	3.15	0.0	0.0
83	__protein2_rbs	3.15	0.0	0.0
83	__protein3_rbs	2.6	0.0	0.0
83	__ribosome	52.6	0.0	0.0
83	__rnase_site_ext	6.8	0.0	0.0
83	p0	0.9	0.0	0.0
83	protein1	177.0	6.65	2.4409523999999996
83	protein2	144.7	5.95	2.6540277999999997
83	protein3	125.7	6.4	2.6390278
83	rnapol	1.4	0.0	0.0
84	__protein1_rbs	3.5	0.0	0.0
84	__protein2_rbs	2.9	0.0	0.0
84	__protein3_rbs	2.9	0.0	0.0
84	__ribosome	51.95	0.0	0.0
84	__rnase_site_ext	6.8	0.0	0.0
84	p0	0.9	0.0	0.0
84	protein1	179.95	6.75	2.4159722
84	protein2	147.8	6.05	2.5343253500000005
84	protein3	128.4	6.5	2.6694642
84	rnapol	1.55	0.0	0.0
85	__protein1_rbs	3.5	0.0	0.0
85	__protein2_rbs	2.45	0.0	0.0
85	__protein3_rbs	2.8	0.0	0.0
85	__ribosome	51.2	0.0	0.0
85	__rnase_site_ext	6.8	0.0	0.0
85	p0	0.9	0.0	0.0
85	protein1	182.95	6.85	2.4104167000000003
85	protein2	151.2	6.05	2.5068253500000006
85	protein3	131.5	6.5	2.7532143499999995
85	rnapol	1.8	0.0	0.0
86	__protein1_rbs	3.65	0.0	0.0
86	__protein2_rbs	2.8	0.0	0.0
86	__protein3_rbs	3.65	0.0	0.0
86	__ribosome	52.25	0.0	0.0
86	__rnase_site_ext	6.85	0.0	0.0
86	p0	0.7	0.0	0.0
86	protein1	186.15	6.75	2.41821425
86	protein2	153.9	6.0	2.4749603500000004
86	protein3	135.05	6.65	2.56670625
86	rnapol	1.55	0.0	0.0
87	__protein1_rbs	2.7	0.0	0.0
87	__protein2_rbs	2.75	0.0	0.0
87	__protein3_rbs	3.3	0.0	0.0
87	__ribosome	50.5	0.0	0.0
87	__rnase_site_ext	7.05	0.0	0.0
87	p0	1.0	0.0	0.0
87	protein1	189.3	6.8	2.52267855
87	protein2	156.4	6.0	2.62013875
87	protein3	138.05	6.65	2.61263895
87	rnapol	1.65	0.0	0.0
88	__protein1_rbs	3.55	0.0	0.0
88	__protein2_rbs	3.2	0.0	0.0
88	__protein3_rbs	3.55	0.0	0.0
88	__ribosome	52.4	0.0	0.0
88	__rnase_site_ext	6.95	0.0	0.0
88	p0	0.9	0.0	0.0
88	protein1	192.95	7.05	2.38037875
88	protein2	159.6	6.0	2.5284523
88	protein3	142.15	6.75	2.4513492
88	rnapol	1.65	0.0	0.0
89	__protein1_rbs	3.65	0.0	0.0
89	__protein2_rbs	2.85	0.0	0.0
89	__protein3_rbs	2.8	0.0	0.0
89	__ribosome	51.0	0.0	0.0
89	__rnase_site_ext	7.05	0.0	0.0
89	p0	0.9	0.0	0.0
89	protein1	196.0	6.85	2.49768575
89	protein2	162.4	6.15	2.5142857000000003
89	protein3	145.35	6.8	2.53325395
89	rnapol	1.5	0.0	0.0
90	__protein1_rbs	3.6	0.0	0.0
90	__protein2_rbs	3.4	0.0	0.0
90	__protein3_rbs	3.15	0.0	0.0
90	__ribosome	50.3	0.0	0.0
90	__rnase_site_ext	7.1	0.0	0.0
90	p0	0.85	0.0	0.0
90	protein1	198.9	7.0	2.5029058500000003
90	protein2	165.3	6.25	2.48916675
90	protein3	148.35	6.75	2.56728175
90	rnapol	1.5	0.0	0.0
91	__protein1_rbs	3.85	0.0	0.0
91	__protein2_rbs	2.95	0.0	0.0
91	__protein3_rbs	2.95	0.0	0.0
91	__ribosome	49.7	0.0	0.0
91	__rnase_site_ext	7.05	0.0	0.0
91	p0	0.85	0.0	0.0
91	protein1	202.1	7.1	2.4834849
91	protein2	168.35	6.3	2.49553565
91	protein3	151.6	6.8	2.5915476
91	rnapol	1.45	0.0	0.0
92	__protein1_rbs	3.4	0.0	0.0
92	__protein2_rbs	2.95	0.0	0.0
92	__protein3_rbs	3.1	0.0	0.0
92	__ribosome	49.95	0.0	0.0
92	__rnase_site_ext	7.3	0.0	0.0
92	p0	0.8	0.0	0.0
92	protein1	205.85	7.1	2.4400144999999998
92	protein2	171.75	6.45	2.35755945
92	protein3	154.9	6.85	2.65132935
92	rnapol	1.35	0.0	0.0
93	__protein1_rbs	3.75	0.0	0.0
93	__protein2_rbs	3.35	0.0	0.0
93	__protein3_rbs	3.45	0.0	0.0
93	__ribosome	49.4	0.0	0.0
93	__rnase_site_ext	7.45	0.0	0.0
93	p0	0.9	0.0	0.0
93	protein1	209.35	7.2	2.3756223
93	protein2	174.15	6.55	2.4517063500000003
93	protein3	158.05	6.85	2.6662897
93	rnapol	1.25	0.0	0.0
94	__protein1_rbs	3.7	0.0	0.0
94	__protein2_rbs	3.3	0.0	0.0
94	__protein3_rbs	3.45	0.0	0.0
94	__ribosome	49.65	0.0	0.0
94	__rnase_site_ext	7.5	0.0	0.0
94	p0	0.85	0.0	0.0
94	protein1	212.85	7.4	2.33904765
94	protein2	177.35	6.6	2.46805555
94	protein3	161.7	6.8	2.61317465
94	rnapol	1.2	0.0	0.0
95	__protein1_rbs	4.1	0.0	0.0
95	__protein2_rbs	3.2	0.0	0.0
95	__protein3_rbs	3.05	0.0	0.0
95	__ribosome	49.5	0.0	0.0
95	__rnase_site_ext	7.45	0.0	0.0
95	p0	1.0	0.0	0.0
95	protein1	216.05	7.5	2.33115075
95	protein2	180.35	6.7	2.4581151
95	protein3	165.6	6.75	2.62454365
95	rnapol	1.25	0.0	0.0
96	__protein1_rbs	3.45	0.0	0.0
96	__protein2_rbs	3.2	0.0	0.0
96	__protein3_rbs	3.0	0.0	0.0
96	__ribosome	48.25	0.0	0.0
96	__rnase_site_ext	7.45	0.0	0.0
96	p0	0.9	0.0	0.0
96	protein1	219.2	7.5	2.48593255
96	protein2	183.25	6.8	2.4863889500000003
96	protein3	169.2	6.75	2.6532341500000003
96	rnapol	1.25	0.0	0.0
97	__protein1_rbs	3.55	0.0	0.0
97	__protein2_rbs	3.05	0.0	0.0
97	__protein3_rbs	3.35	0.0	0.0
97	__ribosome	48.15	0.0	0.0
97	__rnase_site_ext	7.4	0.0	0.0
97	p0	0.9	0.0	0.0
97	protein1	222.7	7.4	2.5642658500000004
97	protein2	186.7	6.85	2.4910714500000006
97	protein3	172.45	6.7	2.5929364999999995
97	rnapol	1.25	0.0	0.0
98	__protein1_rbs	4.05	0.0	0.0
98	__protein2_rbs	3.9	0.0	0.0
98	__protein3_rbs	3.65	0.0	0.0
98	__ribosome	47.65	0.0	0.0
98	__rnase_site_ext	7.5	0.0	0.0
98	p0	1.0	0.0	0.0
98	protein1	226.15	7.4	2.48847225
98	protein2	189.35	6.95	2.53212305
98	protein3	175.1	6.85	2.57680555
98	rnapol	1.2	0.0	0.0
99	__protein1_rbs	4.1	0.0	0.0
99	__protein2_rbs	3.8	0.0	0.0
99	__protein3_rbs	3.25	0.0	0.0
99	__ribosome	48.75	0.0	0.0
99	__rnase_site_ext	7.55	0.0	0.0
99	p0	0.85	0.0	0.0
99	protein1	229.95	7.5	2.3983802
99	protein2	192.8	7.05	2.4375992500000003
99	protein3	178.65	6.85	2.49589285
99	rnapol	1.35	0.0	0.0
100	__protein1_rbs	4.15	0.0	0.0
100	__protein2_rbs	3.25	0.0	0.0
100	__protein3_rbs	3.3	0.0	0.0
100	__ribosome	48.5	0.0	0.0
100	__rnase_site_ext	7.7	0.0	0.0
100	p0	0.95	0.0	0.0
100	protein1	233.3	7.45	2.38960855
100	protein2	196.05	7.3	2.40964275
100	protein3	182.15	6.8	2.4477182500000003
100	rnapol	1.35	0.0	0.0
101	__protein1_rbs	3.65	0.0	0.0
101	__protein2_rbs	3.8	0.0	0.0
101	__protein3_rbs	3.6	0.0	0.0
101	__ribosome	49.2	0.0	0.0
101	__rnase_site_ext	7.85	0.0	0.0
101	p0	0.9	0.0	0.0
101	protein1	237.0	7.65	2.33567465
101	protein2	200.05	7.3	2.30821425
101	protein3	185.35	6.95	2.4065277000000003
101	rnapol	1.25	0.0	0.0
102	__protein1_rbs	4.85	0.0	0.0
102	__protein2_rbs	4.1	0.0	0.0
102	__protein3_rbs	3.2	0.0	0.0
102	__ribosome	49.65	0.0	0.0
102	__rnase_site_ext	7.9	0.0	0.0
102	p0	0.95	0.0	0.0
102	protein1	240.7	7.85	2.2041576499999995
102	protein2	202.9	7.15	2.4472817
102	protein3	188.75	6.85	2.4523412499999995
102	rnapol	1.3	0.0	0.0
103	__protein1_rbs	3.8	0.0	0.0
103	__protein2_rbs	4.05	0.0	0.0
103	__protein3_rbs	3.8	0.0	0.0
103	__ribosome	48.95	0.0	0.0
103	__rnase_site_ext	7.85	0.0	0.0
103	p0	0.9	0.0	0.0
103	protein1	244.15	7.85	2.29884565
103	protein2	206.25	7.4	2.42180555
103	protein3	192.1	7.05	2.3722817499999995
103	rnapol	1.35	0.0	0.0
104	__protein1_rbs	3.7	0.0	0.0
104	__protein2_rbs	3.55	0.0	0.0
104	__protein3_rbs	3.5	0.0	0.0
104	__ribosome	46.55	0.0	0.0
104	__rnase_site_ext	8.0	0.0	0.0
104	p0	0.95	0.0	0.0
104	protein1	247.05	7.85	2.379722149999999
104	protein2	209.35	7.4	2.5161580000000003
104	protein3	194.9	7.25	2.4122221999999995
104	rnapol	1.4	0.0	0.0
105	__protein1_rbs	3.35	0.0	0.0
105	__protein2_rbs	3.35	0.0	0.0
105	__protein3_rbs	3.05	0.0	0.0
105	__ribosome	45.5	0.0	0.0
105	__rnase_site_ext	7.95	0.0	0.0
105	p0	0.95	0.0	0.0
105	protein1	250.65	7.95	2.4386905000000003
105	protein2	212.95	7.3	2.5464483499999995
105	protein3	198.2	7.25	2.44767855
105	rnapol	1.45	0.0	0.0
106	__protein1_rbs	4.65	0.0	0.0
106	__protein2_rbs	3.6	0.0	0.0
106	__protein3_rbs	3.6	0.0	0.0
106	__ribosome	45.5	0.0	0.0
106	__rnase_site_ext	7.95	0.0	0.0
106	p0	1.0	0.0	0.0
106	protein1	254.1	8.05	2.36460495
106	protein2	216.75	7.3	2.53952375
106	protein3	201.3	7.35	2.43559525
106	rnapol	1.5	0.0	0.0
107	__protein1_rbs	4.3	0.0	0.0
107	__protein2_rbs	3.8	0.0	0.0
107	__protein3_rbs	4.25	0.0	0.0
107	__ribosome	46.2	0.0	0.0
107	__rnase_site_ext	8.0	0.0	0.0
107	p0	0.75	0.0	0.0
107	protein1	257.6	7.95	2.4216504500000005
107	protein2	219.85	7.25	2.5604762
107	protein3	205.25	7.5	2.26628965
107	rnapol	1.4	0.0	0.0
108	__protein1_rbs	4.3	0.0	0.0
108	__protein2_rbs	3.55	0.0	0.0
108	__protein3_rbs	3.55	0.0	0.0
108	__ribosome	45.5	0.0	0.0
108	__rnase_site_ext	8.2	0.0	0.0
108	p0	0.85	0.0	0.0
108	protein1	261.4	8.0	2.32111115
108	protein2	223.3	7.3	2.55843255
108	protein3	208.05	7.55	2.40279755
108	rnapol	1.5	0.0	0.0
109	__protein1_rbs	4.15	0.0	0.0
109	__protein2_rbs	4.05	0.0	0.0
109	__protein3_rbs	3.95	0.0	0.0
109	__ribosome	46.3	0.0	0.0
109	__rnase_site_ext	8.35	0.0	0.0
109	p0	0.85	0.0	0.0
109	protein1	265.1	8.1	2.33188135
109	protein2	226.85	7.35	2.4574404999999997
109	protein3	211.7	7.6	2.3580916000000003
109	rnapol	1.5	0.0	0.0
110	__protein1_rbs	4.25	0.0	0.0
110	__protein2_rbs	3.6	0.0	0.0
110	__protein3_rbs	4.2	0.0	0.0
110	__ribosome	46.35	0.0	0.0
110	__rnase_site_ext	8.45	0.0	0.0
110	p0	0.95	0.0	0.0
110	protein1	268.6	8.25	2.3332503500000006
110	protein2	230.9	7.45	2.3733658000000006
110	protein3	215.05	7.7	2.3238383
110	rnapol	1.5	0.0	0.0
111	__protein1_rbs	4.6	0.0	0.0
111	__protein2_rbs	3.9	0.0	0.0
111	__protein3_rbs	4.05	0.0	0.0
111	__ribosome	47.1	0.0	0.0
111	__rnase_site_ext	8.5	0.0	0.0
111	p0	0.9	0.0	0.0
111	protein1	272.5	8.45	2.2079058
111	protein2	234.55	7.6	2.32071065
111	protein3	218.9	7.8	2.22418125
111	rnapol	1.5	0.0	0.0
112	__protein1_rbs	4.2	0.0	0.0
112	__protein2_rbs	3.65	0.0	0.0
112	__protein3_rbs	3.85	0.0	0.0
112	__ribosome	45.4	0.0	0.0
112	__rnase_site_ext	8.6	0.0	0.0
112	p0	0.8	0.0	0.0
112	protein1	276.2	8.55	2.2415638499999995
112	protein2	238.1	7.6	2.32639975
112	protein3	221.8	7.8	2.3557052999999994
112	rnapol	1.5	0.0	0.0
113	__protein1_rbs	4.5	0.0	0.0
113	__protein2_rbs	3.75	0.0	0.0
113	__protein3_rbs	4.6	0.0	0.0
113	__ribosome	45.15	0.0	0.0
113	__rnase_site_ext	8.55	0.0	0.0
113	p0	0.95	0.0	0.0
113	protein1	279.45	8.55	2.2962193
113	protein2	241.3	7.5	2.4258494999999995
113	protein3	225.45	7.85	2.3035877000000005
113	rnapol	1.45	0.0	0.0
114	__protein1_rbs	4.2	0.0	0.0
114	__protein2_rbs	4.25	0.0	0.0
114	__protein3_rbs	4.25	0.0	0.0
114	__ribosome	44.15	0.0	0.0
114	__rnase_site_ext	8.65	0.0	0.0
114	p0	0.85	0.0	0.0
114	protein1	283.25	8.55	2.3577146
114	protein2	244.55	7.6	2.3825414
114	protein3	228.8	8.0	2.28295095
114	rnapol	1.5	0.0	0.0
115	__protein1_rbs	4.45	0.0	0.0
115	__protein2_rbs	3.55	0.0	0.0
115	__protein3_rbs	3.9	0.0	0.0
115	__ribosome	43.7	0.0	0.0
115	__rnase_site_ext	8.75	0.0	0.0
115	p0	0.9	0.0	0.0
115	protein1	287.35	8.6	2.28983225
115	protein2	247.95	7.55	2.4732792000000003
115	protein3	232.35	8.0	2.3240404
115	rnapol	1.5	0.0	0.0
116	__protein1_rbs	4.25	0.0	0.0
116	__protein2_rbs	4.0	0.0	0.0
116	__protein3_rbs	4.1	0.0	0.0
116	__ribosome	43.15	0.0	0.0
116	__rnase_site_ext	8.55	0.0	0.0
116	p0	0.95	0.0	0.0
116	protein1	291.05	8.8	2.35044545
116	protein2	251.5	7.6	2.3711398999999997
116	protein3	235.8	8.15	2.347004
116	rnapol	1.6	0.0	0.0
117	__protein1_rbs	4.35	0.0	0.0
117	__protein2_rbs	3.85	0.0	0.0
117	__protein3_rbs	3.9	0.0	0.0
117	__ribosome	42.0	0.0	0.0
117	__rnase_site_ext	8.8	0.0	0.0
117	p0	0.7	0.0	0.0
117	protein1	294.75	8.6	2.4268326000000005
117	protein2	254.95	7.7	2.374549
117	protein3	239.25	8.05	2.44798765
117	rnapol	1.4	0.0	0.0
118	__protein1_rbs	5.0	0.0	0.0
118	__protein2_rbs	4.25	0.0	0.0
118	__protein3_rbs	3.6	0.0	0.0
118	__ribosome	42.45	0.0	0.0
118	__rnase_site_ext	8.8	0.0	0.0
118	p0	0.9	0.0	0.0
118	protein1	298.85	8.7	2.33696785
118	protein2	258.75	7.9	2.281847
118	protein3	242.85	8.15	2.4943466
118	rnapol	1.3	0.0	0.0
119	__protein1_rbs	4.8	0.0	0.0
119	__protein2_rbs	4.35	0.0	0.0
119	__protein3_rbs	4.05	0.0	0.0
119	__ribosome	42.5	0.0	0.0
119	__rnase_site_ext	8.8	0.0	0.0
119	p0	0.95	0.0	0.0
119	protein1	303.0	8.8	2.309154
119	protein2	262.3	8.05	2.2649567000000004
119	protein3	246.6	8.1	2.4826714
119	rnapol	1.4	0.0	0.0
120	__protein1_rbs	4.3	0.0	0.0
120	__protein2_rbs	4.05	0.0	0.0
120	__protein3_rbs	4.4	0.0	0.0
120	__ribosome	42.95	0.0	0.0
120	__rnase_site_ext	8.75	0.0	0.0
120	p0	1.0	0.0	0.0
120	protein1	307.15	8.85	2.30861105
120	protein2	266.05	8.1	2.2408279499999995
120	protein3	250.35	8.1	2.43880225
120	rnapol	1.3	0.0	0.0
121	__protein1_rbs	5.1	0.0	0.0
121	__protein2_rbs	4.85	0.0	0.0
121	__protein3_rbs	3.8	0.0	0.0
121	__ribosome	42.95	0.0	0.0
121	__rnase_site_ext	8.85	0.0	0.0
121	p0	0.8	0.0	0.0
121	protein1	310.75	8.8	2.30567095
121	protein2	269.05	8.3	2.24880055
121	protein3	254.65	8.05	2.41492415
121	rnapol	1.2	0.0	0.0
122	__protein1_rbs	4.3	0.0	0.0
122	__protein2_rbs	3.9	0.0	0.0
122	__protein3_rbs	4.7	0.0	0.0
122	__ribosome	42.9	0.0	0.0
122	__rnase_site_ext	8.9	0.0	0.0
122	p0	0.9	0.0	0.0
122	protein1	315.3	8.8	2.25815475
122	protein2	273.1	8.4	2.3139826
122	protein3	258.3	8.05	2.3650812000000005
122	rnapol	1.35	0.0	0.0
123	__protein1_rbs	4.65	0.0	0.0
123	__protein2_rbs	4.5	0.0	0.0
123	__protein3_rbs	3.6	0.0	0.0
123	__ribosome	41.9	0.0	0.0
123	__rnase_site_ext	8.9	0.0	0.0
123	p0	0.95	0.0	0.0
123	protein1	318.85	8.8	2.2977632999999997
123	protein2	276.6	8.5	2.2982702
123	protein3	262.1	8.1	2.4150144000000004
123	rnapol	1.45	0.0	0.0
124	__protein1_rbs	4.25	0.0	0.0
124	__protein2_rbs	4.7	0.0	0.0
124	__protein3_rbs	3.9	0.0	0.0
124	__ribosome	41.05	0.0	0.0
124	__rnase_site_ext	8.75	0.0	0.0
124	p0	0.95	0.0	0.0
124	protein1	322.75	8.9	2.35871215
124	protein2	279.6	8.6	2.3332088
124	protein3	266.25	8.05	2.40364175
124	rnapol	1.45	0.0	0.0
125	__protein1_rbs	4.6	0.0	0.0
125	__protein2_rbs	4.6	0.0	0.0
125	__protein3_rbs	4.5	0.0	0.0
125	__ribosome	40.7	0.0	0.0
125	__rnase_site_ext	8.85	0.0	0.0
125	p0	0.9	0.0	0.0
125	protein1	326.7	8.8	2.3779293
125	protein2	283.5	8.6	2.32438305
125	protein3	269.25	8.2	2.43187225
125	rnapol	1.4	0.0	0.0
126	__protein1_rbs	4.5	0.0	0.0
126	__protein2_rbs	5.35	0.0	0.0
126	__protein3_rbs	4.55	0.0	0.0
126	__ribosome	42.05	0.0	0.0
126	__rnase_site_ext	8.9	0.0	0.0
126	p0	0.8	0.0	0.0
126	protein1	330.9	8.8	2.3253445
126	protein2	287.6	8.7	2.20430375
126	protein3	273.3	8.2	2.3929365
126	rnapol	1.3	0.0	0.0
127	__protein1_rbs	4.8	0.0	0.0
127	__protein2_rbs	4.7	0.0	0.0
127	__protein3_rbs	4.4	0.0	0.0
127	__ribosome	41.95	0.0	0.0
127	__rnase_site_ext	9.05	0.0	0.0
127	p0	0.8	0.0	0.0
127	protein1	334.75	8.8	2.3251497000000003
127	protein2	291.5	8.85	2.1707178500000004
127	protein3	277.2	8.35	2.3630248000000007
127	rnapol	1.15	0.0	0.0
128	__protein1_rbs	4.65	0.0	0.0
128	__protein2_rbs	4.85	0.0	0.0
128	__protein3_rbs	4.55	0.0	0.0
128	__ribosome	40.95	0.0	0.0
128	__rnase_site_ext	9.1	0.0	0.0
128	p0	0.95	0.0	0.0
128	protein1	338.05	8.9	2.40542245
128	protein2	295.35	8.9	2.16880045
128	protein3	281.05	8.4	2.3206601
128	rnapol	1.2	0.0	0.0
129	__protein1_rbs	4.95	0.0	0.0
129	__protein2_rbs	5.05	0.0	0.0
129	__protein3_rbs	4.5	0.0	0.0
129	__ribosome	41.05	0.0	0.0
129	__rnase_site_ext	9.0	0.0	0.0
129	p0	0.95	0.0	0.0
129	protein1	342.35	9.1	2.2881834999999997
129	protein2	299.1	8.9	2.18434695
129	protein3	284.7	8.6	2.2725918999999997
129	rnapol	1.25	0.0	0.0
130	__protein1_rbs	5.15	0.0	0.0
130	__protein2_rbs	4.55	0.0	0.0
130	__protein3_rbs	4.7	0.0	0.0
130	__ribosome	41.7	0.0	0.0
130	__rnase_site_ext	9.0	0.0	0.0
130	p0	0.9	0.0	0.0
130	protein1	346.25	9.0	2.30785535
130	protein2	302.95	8.85	2.21919005
130	protein3	288.8	8.55	2.21003965
130	rnapol	1.3	0.0	0.0
131	__protein1_rbs	4.7	0.0	0.0
131	__protein2_rbs	4.4	0.0	0.0
131	__protein3_rbs	4.4	0.0	0.0
131	__ribosome	40.3	0.0	0.0
131	__rnase_site_ext	8.9	0.0	0.0
131	p0	1.0	0.0	0.0
131	protein1	350.5	8.9	2.3298918
131	protein2	306.25	8.9	2.27427485
131	protein3	292.1	8.7	2.30470595
131	rnapol	1.45	0.0	0.0
132	__protein1_rbs	6.05	0.0	0.0
132	__protein2_rbs	5.1	0.0	0.0
132	__protein3_rbs	4.95	0.0	0.0
132	__ribosome	43.1	0.0	0.0
132	__rnase_site_ext	8.65	0.0	0.0
132	p0	0.95	0.0	0.0
132	protein1	354.85	8.9	2.1610064499999995
132	protein2	310.6	8.95	2.1309795000000005
132	protein3	296.2	8.8	2.2086652
132	rnapol	1.55	0.0	0.0
133	__protein1_rbs	4.4	0.0	0.0
133	__protein2_rbs	4.3	0.0	0.0
133	__protein3_rbs	4.7	0.0	0.0
133	__ribosome	41.05	0.0	0.0
133	__rnase_site_ext	8.7	0.0	0.0
133	p0	0.85	0.0	0.0
133	protein1	358.7	8.75	2.2465656000000003
133	protein2	314.15	8.95	2.2595617000000003
133	protein3	299.7	8.95	2.2349441000000008
133	rnapol	1.6	0.0	0.0
134	__protein1_rbs	4.75	0.0	0.0
134	__protein2_rbs	4.95	0.0	0.0
134	__protein3_rbs	5.2	0.0	0.0
134	__ribosome	41.3	0.0	0.0
134	__rnase_site_ext	8.8	0.0	0.0
134	p0	0.85	0.0	0.0
134	protein1	362.75	8.7	2.2253444999999994
134	protein2	318.0	8.85	2.27487375
134	protein3	303.55	9.1	2.1806908
134	rnapol	1.55	0.0	0.0
135	__protein1_rbs	4.6	0.0	0.0
135	__protein2_rbs	4.4	0.0	0.0
135	__protein3_rbs	4.95	0.0	0.0
135	__ribosome	41.05	0.0	0.0
135	__rnase_site_ext	8.85	0.0	0.0
135	p0	0.8	0.0	0.0
135	protein1	366.55	8.75	2.24657955
135	protein2	322.2	8.9	2.26479795
135	protein3	307.5	9.2	2.1801876500000006
135	rnapol	1.5	0.0	0.0
136	__protein1_rbs	5.05	0.0	0.0
136	__protein2_rbs	4.85	0.0	0.0
136	__protein3_rbs	5.05	0.0	0.0
136	__ribosome	41.7	0.0	0.0
136	__rnase_site_ext	8.75	0.0	0.0
136	p0	0.95	0.0	0.0
136	protein1	370.75	8.8	2.1535889
136	protein2	326.15	8.8	2.27148985
136	protein3	311.6	9.25	2.1386868999999997
136	rnapol	1.65	0.0	0.0
137	__protein1_rbs	4.5	0.0	0.0
137	__protein2_rbs	4.75	0.0	0.0
137	__protein3_rbs	4.85	0.0	0.0
137	__ribosome	39.05	0.0	0.0
137	__rnase_site_ext	8.8	0.0	0.0
137	p0	0.95	0.0	0.0
137	protein1	374.05	9.0	2.19868395
137	protein2	329.1	8.95	2.3702616000000005
137	protein3	315.2	9.35	2.2375302500000003
137	rnapol	1.6	0.0	0.0
138	__protein1_rbs	5.25	0.0	0.0
138	__protein2_rbs	4.45	0.0	0.0
138	__protein3_rbs	5.0	0.0	0.0
138	__ribosome	40.1	0.0	0.0
138	__rnase_site_ext	8.7	0.0	0.0
138	p0	0.95	0.0	0.0
138	protein1	377.85	8.8	2.21848505
138	protein2	333.75	9.0	2.2901966
138	protein3	319.4	9.3	2.23906205
138	rnapol	1.6	0.0	0.0
139	__protein1_rbs	4.5	0.0	0.0
139	__protein2_rbs	5.05	0.0	0.0
139	__protein3_rbs	4.85	0.0	0.0
139	__ribosome	38.9	0.0	0.0
139	__rnase_site_ext	8.6	0.0	0.0
139	p0	1.0	0.0	0.0
139	protein1	381.5	8.7	2.31880475
139	protein2	337.4	8.9	2.3250413999999995
139	protein3	322.95	9.4	2.2454260500000003
139	rnapol	1.8	0.0	0.0
140	__protein1_rbs	5.25	0.0	0.0
140	__protein2_rbs	5.15	0.0	0.0
140	__protein3_rbs	5.0	0.0	0.0
140	__ribosome	40.9	0.0	0.0
140	__rnase_site_ext	8.5	0.0	0.0
140	p0	0.95	0.0	0.0
140	protein1	385.7	8.6	2.20818965
140	protein2	341.9	8.9	2.23992415
140	protein3	327.4	9.4	2.20120835
140	rnapol	1.8	0.0	0.0
141	__protein1_rbs	4.8	0.0	0.0
141	__protein2_rbs	4.9	0.0	0.0
141	__protein3_rbs	5.35	0.0	0.0
141	__ribosome	40.3	0.0	0.0
141	__rnase_site_ext	8.55	0.0	0.0
141	p0	0.95	0.0	0.0
141	protein1	389.35	8.55	2.2484285
141	protein2	345.85	8.8	2.2967947000000004
141	protein3	331.1	9.55	2.2210037999999996
141	rnapol	1.85	0.0	0.0
142	__protein1_rbs	4.35	0.0	0.0
142	__protein2_rbs	4.1	0.0	0.0
142	__protein3_rbs	5.2	0.0	0.0
142	__ribosome	39.9	0.0	0.0
142	__rnase_site_ext	8.5	0.0	0.0
142	p0	0.8	0.0	0.0
142	protein1	393.1	8.55	2.3133557
142	protein2	350.05	8.8	2.32404215
142	protein3	335.5	9.65	2.1738345000000003
142	rnapol	1.75	0.0	0.0
143	__protein1_rbs	4.9	0.0	0.0
143	__protein2_rbs	4.8	0.0	0.0
143	__protein3_rbs	4.5	0.0	0.0
143	__ribosome	39.3	0.0	0.0
143	__rnase_site_ext	8.7	0.0	0.0
143	p0	0.95	0.0	0.0
143	protein1	396.95	8.5	2.25318415
143	protein2	353.95	8.95	2.32119975
143	protein3	339.45	9.65	2.2834365
143	rnapol	1.8	0.0	0.0
144	__protein1_rbs	5.15	0.0	0.0
144	__protein2_rbs	4.6	0.0	0.0
144	__protein3_rbs	5.55	0.0	0.0
144	__ribosome	39.95	0.0	0.0
144	__rnase_site_ext	8.7	0.0	0.0
144	p0	0.75	0.0	0.0
144	protein1	400.8	8.7	2.1149116
144	protein2	357.3	9.0	2.38103555
144	protein3	343.8	9.6	2.2231281000000003
144	rnapol	1.7	0.0	0.0
145	__protein1_rbs	4.4	0.0	0.0
145	__protein2_rbs	4.75	0.0	0.0
145	__protein3_rbs	4.95	0.0	0.0
145	__ribosome	39.25	0.0	0.0
145	__rnase_site_ext	8.9	0.0	0.0
145	p0	0.8	0.0	0.0
145	protein1	404.7	8.55	2.1578025000000003
145	protein2	361.15	8.9	2.4220945000000005
145	protein3	347.6	9.7	2.2732269500000006
145	rnapol	1.6	0.0	0.0
146	__protein1_rbs	5.1	0.0	0.0
146	__protein2_rbs	5.05	0.0	0.0
146	__protein3_rbs	5.05	0.0	0.0
146	__ribosome	39.85	0.0	0.0
146	__rnase_site_ext	8.95	0.0	0.0
146	p0	0.85	0.0	0.0
146	protein1	408.25	8.85	2.0719197
146	protein2	365.35	9.1	2.2954981000000005
146	protein3	351.9	9.7	2.27601735
146	rnapol	1.5	0.0	0.0
147	__protein1_rbs	4.9	0.0	0.0
147	__protein2_rbs	5.1	0.0	0.0
147	__protein3_rbs	5.05	0.0	0.0
147	__ribosome	40.0	0.0	0.0
147	__rnase_site_ext	8.8	0.0	0.0
147	p0	0.95	0.0	0.0
147	protein1	411.8	9.0	2.0938537500000005
147	protein2	369.5	9.0	2.2500254
147	protein3	356.45	9.75	2.2803686499999998
147	rnapol	1.7	0.0	0.0
148	__protein1_rbs	5.15	0.0	0.0
148	__protein2_rbs	4.75	0.0	0.0
148	__protein3_rbs	4.9	0.0	0.0
148	__ribosome	39.8	0.0	0.0
148	__rnase_site_ext	8.95	0.0	0.0
148	p0	0.75	0.0	0.0
148	protein1	415.3	8.8	2.1458519000000003
148	protein2	373.45	9.0	2.2509982500000003
148	protein3	360.75	9.6	2.31003115
148	rnapol	1.55	0.0	0.0
149	__protein1_rbs	4.75	0.0	0.0
149	__protein2_rbs	4.45	0.0	0.0
149	__protein3_rbs	5.1	0.0	0.0
149	__ribosome	39.2	0.0	0.0
149	__rnase_site_ext	9.1	0.0	0.0
149	p0	0.8	0.0	0.0
149	protein1	419.0	8.8	2.12503775
149	protein2	377.65	8.95	2.2933664
149	protein3	364.7	9.6	2.348864
149	rnapol	1.4	0.0	0.0
150	__protein1_rbs	4.9	0.0	0.0
150	__protein2_rbs	5.0	0.0	0.0
150	__protein3_rbs	4.95	0.0	0.0
150	__ribosome	38.45	0.0	0.0
150	__rnase_site_ext	9.3	0.0	0.0
150	p0	0.85	0.0	0.0
150	protein1	422.65	9.1	2.13890085
150	protein2	381.5	8.85	2.3119827
150	protein3	368.75	9.45	2.41420645
150	rnapol	1.4	0.0	0.0
151	__protein1_rbs	5.65	0.0	0.0
151	__protein2_rbs	5.3	0.0	0.0
151	__protein3_rbs	5.55	0.0	0.0
151	__ribosome	39.4	0.0	0.0
151	__rnase_site_ext	9.2	0.0	0.0
151	p0	0.95	0.0	0.0
151	protein1	426.45	9.25	2.0748845500000006
151	protein2	385.2	8.7	2.32244615
151	protein3	373.2	9.65	2.3198861
151	rnapol	1.45	0.0	0.0
152	__protein1_rbs	5.9	0.0	0.0
152	__protein2_rbs	4.3	0.0	0.0
152	__protein3_rbs	5.3	0.0	0.0
152	__ribosome	39.5	0.0	0.0
152	__rnase_site_ext	9.35	0.0	0.0
152	p0	0.6	0.0	0.0
152	protein1	430.0	9.25	2.0526353000000004
152	protein2	389.2	8.75	2.33445705
152	protein3	377.6	9.65	2.2816464
152	rnapol	1.3	0.0	0.0
153	__protein1_rbs	5.0	0.0	0.0
153	__protein2_rbs	4.65	0.0	0.0
153	__protein3_rbs	5.05	0.0	0.0
153	__ribosome	40.2	0.0	0.0
153	__rnase_site_ext	9.5	0.0	0.0
153	p0	0.9	0.0	0.0
153	protein1	433.85	9.2	2.06639075
153	protein2	393.3	8.85	2.26259185
153	protein3	382.4	9.75	2.2236752
153	rnapol	1.2	0.0	0.0
154	__protein1_rbs	4.85	0.0	0.0
154	__protein2_rbs	4.85	0.0	0.0
154	__protein3_rbs	5.05	0.0	0.0
154	__ribosome	39.65	0.0	0.0
154	__rnase_site_ext	9.4	0.0	0.0
154	p0	0.95	0.0	0.0
154	protein1	437.95	9.35	2.1033657000000003
154	protein2	397.35	8.7	2.2841172999999997
154	protein3	386.5	9.75	2.2507537
154	rnapol	1.2	0.0	0.0
155	__protein1_rbs	5.15	0.0	0.0
155	__protein2_rbs	4.85	0.0	0.0
155	__protein3_rbs	5.0	0.0	0.0
155	__ribosome	39.2	0.0	0.0
155	__rnase_site_ext	9.4	0.0	0.0
155	p0	0.95	0.0	0.0
155	protein1	441.6	9.4	2.12336935
155	protein2	401.3	8.9	2.25194725
155	protein3	391.05	9.65	2.26425115
155	rnapol	1.3	0.0	0.0
156	__protein1_rbs	4.35	0.0	0.0
156	__protein2_rbs	5.3	0.0	0.0
156	__protein3_rbs	6.0	0.0	0.0
156	__ribosome	38.75	0.0	0.0
156	__rnase_site_ext	9.4	0.0	0.0
156	p0	1.0	0.0	0.0
156	protein1	445.5	9.4	2.2278751000000003
156	protein2	404.5	8.8	2.27840245
156	protein3	395.0	9.55	2.2346115000000006
156	rnapol	1.55	0.0	0.0
157	__protein1_rbs	5.6	0.0	0.0
157	__protein2_rbs	4.55	0.0	0.0
157	__protein3_rbs	5.35	0.0	0.0
157	__ribosome	38.5	0.0	0.0
157	__rnase_site_ext	9.45	0.0	0.0
157	p0	0.95	0.0	0.0
157	protein1	449.0	9.35	2.3009145
157	protein2	408.9	9.0	2.2235118499999995
157	protein3	399.05	9.55	2.2359617000000003
157	rnapol	1.5	0.0	0.0
158	__protein1_rbs	5.35	0.0	0.0
158	__protein2_rbs	4.8	0.0	0.0
158	__protein3_rbs	4.75	0.0	0.0
158	__ribosome	38.0	0.0	0.0
158	__rnase_site_ext	9.4	0.0	0.0
158	p0	1.0	0.0	0.0
158	protein1	452.9	9.4	2.2641288000000004
158	protein2	412.35	8.9	2.2834730500000004
158	protein3	403.2	9.45	2.28887515
158	rnapol	1.7	0.0	0.0
159	__protein1_rbs	5.4	0.0	0.0
159	__protein2_rbs	5.25	0.0	0.0
159	__protein3_rbs	5.2	0.0	0.0
159	__ribosome	39.05	0.0	0.0
159	__rnase_site_ext	9.3	0.0	0.0
159	p0	0.85	0.0	0.0
159	protein1	456.9	9.4	2.2427598
159	protein2	416.7	9.05	2.1915580500000003
159	protein3	407.5	9.55	2.2345141
159	rnapol	1.6	0.0	0.0
160	__protein1_rbs	4.7	0.0	0.0
160	__protein2_rbs	4.9	0.0	0.0
160	__protein3_rbs	5.6	0.0	0.0
160	__ribosome	39.3	0.0	0.0
160	__rnase_site_ext	9.2	0.0	0.0
160	p0	1.0	0.0	0.0
160	protein1	461.3	9.3	2.29983585
160	protein2	420.4	9.1	2.19861255
160	protein3	412.05	9.5	2.1663737499999995
160	rnapol	1.65	0.0	0.0
161	__protein1_rbs	5.45	0.0	0.0
161	__protein2_rbs	5.2	0.0	0.0
161	__protein3_rbs	5.2	0.0	0.0
161	__ribosome	39.25	0.0	0.0
161	__rnase_site_ext	9.15	0.0	0.0
161	p0	1.0	0.0	0.0
161	protein1	465.85	9.3	2.19570895
161	protein2	424.0	9.1	2.214592000000001
161	protein3	415.6	9.5	2.2354416
161	rnapol	1.65	0.0	0.0
162	__protein1_rbs	4.2	0.0	0.0
162	__protein2_rbs	5.25	0.0	0.0
162	__protein3_rbs	4.45	0.0	0.0
162	__ribosome	37.85	0.0	0.0
162	__rnase_site_ext	9.1	0.0	0.0
162	p0	1.0	0.0	0.0
162	protein1	469.5	9.2	2.3225378999999995
162	protein2	427.95	9.45	2.1382143000000005
162	protein3	420.0	9.65	2.22814185
162	rnapol	1.7	0.0	0.0
163	__protein1_rbs	4.95	0.0	0.0
163	__protein2_rbs	5.15	0.0	0.0
163	__protein3_rbs	5.2	0.0	0.0
163	__ribosome	38.55	0.0	0.0
163	__rnase_site_ext	9.2	0.0	0.0
163	p0	0.9	0.0	0.0
163	protein1	473.25	9.1	2.3393235999999997
163	protein2	432.0	9.2	2.20013885
163	protein3	424.45	9.75	2.17474155
163	rnapol	1.7	0.0	0.0
164	__protein1_rbs	4.6	0.0	0.0
164	__protein2_rbs	5.25	0.0	0.0
164	__protein3_rbs	5.35	0.0	0.0
164	__ribosome	37.7	0.0	0.0
164	__rnase_site_ext	9.0	0.0	0.0
164	p0	0.95	0.0	0.0
164	protein1	476.95	9.1	2.38476905
164	protein2	435.6	9.0	2.2583119500000004
164	protein3	428.4	9.8	2.2263216000000003
164	rnapol	1.75	0.0	0.0
165	__protein1_rbs	5.45	0.0	0.0
165	__protein2_rbs	5.15	0.0	0.0
165	__protein3_rbs	5.75	0.0	0.0
165	__ribosome	39.8	0.0	0.0
165	__rnase_site_ext	9.0	0.0	0.0
165	p0	0.9	0.0	0.0
165	protein1	481.95	9.0	2.2660317
165	protein2	439.7	9.05	2.1725518500000005
165	protein3	432.2	9.6	2.24943255
165	rnapol	1.75	0.0	0.0
166	__protein1_rbs	4.55	0.0	0.0
166	__protein2_rbs	5.35	0.0	0.0
166	__protein3_rbs	5.8	0.0	0.0
166	__ribosome	39.9	0.0	0.0
166	__rnase_site_ext	9.25	0.0	0.0
166	p0	0.7	0.0	0.0
166	protein1	486.05	9.05	2.2763455
166	protein2	443.4	9.1	2.1577304000000006
166	protein3	436.55	9.85	2.16505405
166	rnapol	1.55	0.0	0.0
167	__protein1_rbs	5.2	0.0	0.0
167	__protein2_rbs	5.05	0.0	0.0
167	__protein3_rbs	5.35	0.0	0.0
167	__ribosome	40.9	0.0	0.0
167	__rnase_site_ext	9.5	0.0	0.0
167	p0	0.9	0.0	0.0
167	protein1	490.1	9.1	2.19335855
167	protein2	447.4	9.15	2.11520755
167	protein3	441.15	9.8	2.15500805
167	rnapol	1.6	0.0	0.0
168	__protein1_rbs	5.9	0.0	0.0
168	__protein2_rbs	4.15	0.0	0.0
168	__protein3_rbs	5.05	0.0	0.0
168	__ribosome	39.9	0.0	0.0
168	__rnase_site_ext	9.75	0.0	0.0
168	p0	0.75	0.0	0.0
168	protein1	494.05	9.5	2.06206675
168	protein2	451.4	9.15	2.1998046000000007
168	protein3	445.4	9.85	2.1894302500000005
168	rnapol	1.45	0.0	0.0
169	__protein1_rbs	4.55	0.0	0.0
169	__protein2_rbs	5.45	0.0	0.0
169	__protein3_rbs	5.85	0.0	0.0
169	__ribosome	39.1	0.0	0.0
169	__rnase_site_ext	9.8	0.0	0.0
169	p0	0.95	0.0	0.0
169	protein1	498.25	9.55	2.1559098999999997
169	protein2	454.95	9.1	2.19906745
169	protein3	449.55	9.95	2.19083325
169	rnapol	1.55	0.0	0.0
170	__protein1_rbs	5.45	0.0	0.0
170	__protein2_rbs	5.0	0.0	0.0
170	__protein3_rbs	5.45	0.0	0.0
170	__ribosome	38.2	0.0	0.0
170	__rnase_site_ext	10.0	0.0	0.0
170	p0	0.85	0.0	0.0
170	protein1	501.8	9.8	2.1368587000000003
170	protein2	458.35	9.05	2.2617515
170	protein3	453.8	9.95	2.2225054
170	rnapol	1.55	0.0	0.0
171	__protein1_rbs	5.15	0.0	0.0
171	__protein2_rbs	4.8	0.0	0.0
171	__protein3_rbs	5.55	0.0	0.0
171	__ribosome	37.7	0.0	0.0
171	__rnase_site_ext	10.05	0.0	0.0
171	p0	0.9	0.0	0.0
171	protein1	505.8	9.85	2.1720415500000003
171	protein2	462.4	8.95	2.2696429
171	protein3	457.6	9.85	2.23406925
171	rnapol	1.65	0.0	0.0
172	__protein1_rbs	5.55	0.0	0.0
172	__protein2_rbs	5.15	0.0	0.0
172	__protein3_rbs	5.2	0.0	0.0
172	__ribosome	37.25	0.0	0.0
172	__rnase_site_ext	10.05	0.0	0.0
172	p0	0.8	0.0	0.0
172	protein1	509.6	10.0	2.2134180999999997
172	protein2	466.4	8.9	2.2564683
172	protein3	461.95	9.85	2.2573755
172	rnapol	1.55	0.0	0.0
173	__protein1_rbs	5.2	0.0	0.0
173	__protein2_rbs	4.9	0.0	0.0
173	__protein3_rbs	4.8	0.0	0.0
173	__ribosome	37.0	0.0	0.0
173	__rnase_site_ext	9.95	0.0	0.0
173	p0	0.85	0.0	0.0
173	protein1	513.75	9.95	2.2152011000000003
173	protein2	470.65	8.8	2.2597420500000003
173	protein3	465.9	9.75	2.3283496
173	rnapol	1.55	0.0	0.0
174	__protein1_rbs	5.65	0.0	0.0
174	__protein2_rbs	4.4	0.0	0.0
174	__protein3_rbs	5.95	0.0	0.0
174	__ribosome	37.15	0.0	0.0
174	__rnase_site_ext	10.0	0.0	0.0
174	p0	0.9	0.0	0.0
174	protein1	517.65	9.9	2.2848492
174	protein2	474.2	8.85	2.32882945
174	protein3	470.45	9.8	2.1964911500000004
174	rnapol	1.75	0.0	0.0
175	__protein1_rbs	5.8	0.0	0.0
175	__protein2_rbs	5.05	0.0	0.0
175	__protein3_rbs	4.9	0.0	0.0
175	__ribosome	37.75	0.0	0.0
175	__rnase_site_ext	10.1	0.0	0.0
175	p0	0.95	0.0	0.0
175	protein1	522.2	9.9	2.19165855
175	protein2	478.05	8.95	2.30372245
175	protein3	474.95	9.8	2.21349325
175	rnapol	1.75	0.0	0.0
176	__protein1_rbs	6.15	0.0	0.0
176	__protein2_rbs	5.0	0.0	0.0
176	__protein3_rbs	5.0	0.0	0.0
176	__ribosome	37.55	0.0	0.0
176	__rnase_site_ext	10.2	0.0	0.0
176	p0	0.75	0.0	0.0
176	protein1	526.6	10.05	2.0691285500000003
176	protein2	481.75	9.05	2.3056533
176	protein3	478.85	9.8	2.2855159
176	rnapol	1.65	0.0	0.0
177	__protein1_rbs	5.85	0.0	0.0
177	__protein2_rbs	5.35	0.0	0.0
177	__protein3_rbs	5.65	0.0	0.0
177	__ribosome	37.85	0.0	0.0
177	__rnase_site_ext	10.2	0.0	0.0
177	p0	0.95	0.0	0.0
177	protein1	530.4	10.05	2.09270025
177	protein2	486.05	9.1	2.2232388
177	protein3	482.85	9.8	2.2570238
177	rnapol	1.55	0.0	0.0
178	__protein1_rbs	6.05	0.0	0.0
178	__protein2_rbs	5.15	0.0	0.0
178	__protein3_rbs	5.3	0.0	0.0
178	__ribosome	39.6	0.0	0.0
178	__rnase_site_ext	10.15	0.0	0.0
178	p0	0.8	0.0	0.0
178	protein1	535.35	10.25	1.9714683
178	protein2	490.05	9.15	2.21222215
178	protein3	487.7	9.65	2.2274342500000004
178	rnapol	1.5	0.0	0.0
179	__protein1_rbs	5.4	0.0	0.0
179	__protein2_rbs	5.85	0.0	0.0
179	__protein3_rbs	5.75	0.0	0.0
179	__ribosome	40.05	0.0	0.0
179	__rnase_site_ext	10.1	0.0	0.0
179	p0	0.85	0.0	0.0
179	protein1	539.3	10.15	2.0668345
179	protein2	494.35	9.25	2.06771065
179	protein3	491.45	9.4	2.260148
179	rnapol	1.45	0.0	0.0
180	__protein1_rbs	5.95	0.0	0.0
180	__protein2_rbs	4.35	0.0	0.0
180	__protein3_rbs	5.05	0.0	0.0
180	__ribosome	38.9	0.0	0.0
180	__rnase_site_ext	10.05	0.0	0.0
180	p0	0.95	0.0	0.0
180	protein1	543.15	10.1	2.08689575
180	protein2	497.8	9.2	2.1825885000000005
180	protein3	495.8	9.45	2.2497263500000004
180	rnapol	1.45	0.0	0.0
181	__protein1_rbs	5.7	0.0	0.0
181	__protein2_rbs	5.3	0.0	0.0
181	__protein3_rbs	5.1	0.0	0.0
181	__ribosome	39.1	0.0	0.0
181	__rnase_site_ext	10.15	0.0	0.0
181	p0	0.9	0.0	0.0
181	protein1	547.15	10.05	2.1417711
181	protein2	501.95	9.3	2.1085606500000003
181	protein3	500.0	9.35	2.24414025
181	rnapol	1.45	0.0	0.0
182	__protein1_rbs	5.75	0.0	0.0
182	__protein2_rbs	5.35	0.0	0.0
182	__protein3_rbs	5.3	0.0	0.0
182	__ribosome	38.35	0.0	0.0
182	__rnase_site_ext	10.1	0.0	0.0
182	p0	0.9	0.0	0.0
182	protein1	551.1	10.1	2.16341805
182	protein2	505.6	9.35	2.16460305
182	protein3	504.2	9.6	2.17839875
182	rnapol	1.5	0.0	0.0
183	__protein1_rbs	5.85	0.0	0.0
183	__protein2_rbs	5.45	0.0	0.0
183	__protein3_rbs	5.85	0.0	0.0
183	__ribosome	39.0	0.0	0.0
183	__rnase_site_ext	10.05	0.0	0.0
183	p0	0.95	0.0	0.0
183	protein1	555.35	10.15	2.11818715
183	protein2	509.75	9.55	2.1211688000000004
183	protein3	508.25	9.75	2.10385865
183	rnapol	1.5	0.0	0.0
184	__protein1_rbs	5.35	0.0	0.0
184	__protein2_rbs	5.9	0.0	0.0
184	__protein3_rbs	5.2	0.0	0.0
184	__ribosome	38.25	0.0	0.0
184	__rnase_site_ext	9.95	0.0	0.0
184	p0	1.0	0.0	0.0
184	protein1	559.65	10.1	2.1415186500000005
184	protein2	513.05	9.55	2.1957520999999995
184	protein3	512.2	9.85	2.1149864
184	rnapol	1.55	0.0	0.0
185	__protein1_rbs	5.65	0.0	0.0
185	__protein2_rbs	5.65	0.0	0.0
185	__protein3_rbs	4.8	0.0	0.0
185	__ribosome	38.05	0.0	0.0
185	__rnase_site_ext	9.85	0.0	0.0
185	p0	0.9	0.0	0.0
185	protein1	564.0	9.95	2.1644918
185	protein2	517.55	9.6	2.1200992000000003
185	protein3	515.9	9.85	2.2051768500000004
185	rnapol	1.45	0.0	0.0
186	__protein1_rbs	5.0	0.0	0.0
186	__protein2_rbs	5.7	0.0	0.0
186	__protein3_rbs	5.7	0.0	0.0
186	__ribosome	38.5	0.0	0.0
186	__rnase_site_ext	9.7	0.0	0.0
186	p0	0.85	0.0	0.0
186	protein1	568.4	9.8	2.2233596
186	protein2	521.4	9.8	2.0776444
186	protein3	520.4	9.95	2.1156529500000003
186	rnapol	1.3	0.0	0.0
187	__protein1_rbs	5.45	0.0	0.0
187	__protein2_rbs	5.75	0.0	0.0
187	__protein3_rbs	5.55	0.0	0.0
187	__ribosome	37.8	0.0	0.0
187	__rnase_site_ext	9.75	0.0	0.0
187	p0	1.0	0.0	0.0
187	protein1	572.4	9.75	2.26687765
187	protein2	525.4	9.85	2.03785615
187	protein3	524.05	9.8	2.2253229000000005
187	rnapol	1.55	0.0	0.0
188	__protein1_rbs	5.1	0.0	0.0
188	__protein2_rbs	5.35	0.0	0.0
188	__protein3_rbs	5.1	0.0	0.0
188	__ribosome	36.85	0.0	0.0
188	__rnase_site_ext	9.75	0.0	0.0
188	p0	0.9	0.0	0.0
188	protein1	576.3	9.8	2.2881133
188	protein2	529.75	10.0	2.0320364
188	protein3	528.15	9.85	2.241645000000001
188	rnapol	1.65	0.0	0.0
189	__protein1_rbs	5.45	0.0	0.0
189	__protein2_rbs	6.0	0.0	0.0
189	__protein3_rbs	5.65	0.0	0.0
189	__ribosome	37.25	0.0	0.0
189	__rnase_site_ext	9.85	0.0	0.0
189	p0	0.85	0.0	0.0
189	protein1	580.3	9.75	2.2791829
189	protein2	533.65	9.85	2.01979395
189	protein3	532.5	9.85	2.1890530000000004
189	rnapol	1.7	0.0	0.0
190	__protein1_rbs	5.15	0.0	0.0
190	__protein2_rbs	5.15	0.0	0.0
190	__protein3_rbs	5.65	0.0	0.0
190	__ribosome	36.6	0.0	0.0
190	__rnase_site_ext	9.95	0.0	0.0
190	p0	0.9	0.0	0.0
190	protein1	584.7	9.8	2.22493145
190	protein2	537.3	9.9	2.13942945
190	protein3	536.8	9.95	2.1543542000000007
190	rnapol	1.65	0.0	0.0
191	__protein1_rbs	5.25	0.0	0.0
191	__protein2_rbs	5.9	0.0	0.0
191	__protein3_rbs	6.2	0.0	0.0
191	__ribosome	37.2	0.0	0.0
191	__rnase_site_ext	9.9	0.0	0.0
191	p0	0.85	0.0	0.0
191	protein1	589.25	9.9	2.2117662
191	protein2	541.15	9.85	2.1868885
191	protein3	541.15	10.0	2.1073016
191	rnapol	1.7	0.0	0.0
192	__protein1_rbs	6.2	0.0	0.0
192	__protein2_rbs	5.55	0.0	0.0
192	__protein3_rbs	4.75	0.0	0.0
192	__ribosome	36.3	0.0	0.0
192	__rnase_site_ext	9.9	0.0	0.0
192	p0	0.95	0.0	0.0
192	protein1	593.15	9.8	2.2110551500000004
192	protein2	545.15	9.85	2.18605875
192	protein3	545.35	10.05	2.17675145
192	rnapol	1.7	0.0	0.0
193	__protein1_rbs	5.8	0.0	0.0
193	__protein2_rbs	5.0	0.0	0.0
193	__protein3_rbs	5.9	0.0	0.0
193	__ribosome	37.0	0.0	0.0
193	__rnase_site_ext	9.85	0.0	0.0
193	p0	0.8	0.0	0.0
193	protein1	597.85	9.85	2.13315475
193	protein2	549.4	9.85	2.1983381500000005
193	protein3	549.3	10.1	2.1438924000000004
193	rnapol	1.6	0.0	0.0
194	__protein1_rbs	5.6	0.0	0.0
194	__protein2_rbs	5.9	0.0	0.0
194	__protein3_rbs	5.75	0.0	0.0
194	__ribosome	37.85	0.0	0.0
194	__rnase_site_ext	9.95	0.0	0.0
194	p0	0.95	0.0	0.0
194	protein1	602.2	9.85	2.10531455
194	protein2	553.75	9.8	2.1706115
194	protein3	553.7	10.1	2.14678215
194	rnapol	1.75	0.0	0.0
195	__protein1_rbs	5.7	0.0	0.0
195	__protein2_rbs	5.3	0.0	0.0
195	__protein3_rbs	5.3	0.0	0.0
195	__ribosome	37.25	0.0	0.0
195	__rnase_site_ext	10.1	0.0	0.0
195	p0	0.8	0.0	0.0
195	protein1	605.95	9.95	2.10403895
195	protein2	558.1	9.6	2.16089095
195	protein3	557.75	10.05	2.2288312
195	rnapol	1.55	0.0	0.0
196	__protein1_rbs	6.15	0.0	0.0
196	__protein2_rbs	5.55	0.0	0.0
196	__protein3_rbs	4.8	0.0	0.0
196	__ribosome	35.9	0.0	0.0
196	__rnase_site_ext	10.3	0.0	0.0
196	p0	0.8	0.0	0.0
196	protein1	610.6	10.05	2.0142016000000003
196	protein2	561.55	9.6	2.23812835
196	protein3	561.65	10.2	2.30291305
196	rnapol	1.45	0.0	0.0
197	__protein1_rbs	5.4	0.0	0.0
197	__protein2_rbs	5.65	0.0	0.0
197	__protein3_rbs	6.05	0.0	0.0
197	__ribosome	35.5	0.0	0.0
197	__rnase_site_ext	10.35	0.0	0.0
197	p0	0.8	0.0	0.0
197	protein1	614.1	10.2	2.1120561
197	protein2	566.05	9.6	2.2311419
197	protein3	566.5	10.3	2.21723665
197	rnapol	1.45	0.0	0.0
198	__protein1_rbs	6.15	0.0	0.0
198	__protein2_rbs	4.95	0.0	0.0
198	__protein3_rbs	5.8	0.0	0.0
198	__ribosome	34.9	0.0	0.0
198	__rnase_site_ext	10.25	0.0	0.0
198	p0	1.0	0.0	0.0
198	protein1	618.35	10.4	2.0616058500000003
198	protein2	570.35	9.6	2.2152851999999994
198	protein3	570.5	10.4	2.2533749000000003
198	rnapol	1.55	0.0	0.0
199	__protein1_rbs	6.2	0.0	0.0
199	__protein2_rbs	5.75	0.0	0.0
199	__protein3_rbs	6.25	0.0	0.0
199	__ribosome	35.35	0.0	0.0
199	__rnase_site_ext	10.25	0.0	0.0
199	p0	0.95	0.0	0.0
199	protein1	622.05	10.3	2.1141902000000004
199	protein2	574.1	9.65	2.2132467
199	protein3	575.1	10.4	2.2012392000000003
199	rnapol	1.7	0.0	0.0
200	__protein1_rbs	5.9	0.0	0.0
200	__protein2_rbs	5.2	0.0	0.0
200	__protein3_rbs	5.6	0.0	0.0
200	__ribosome	34.75	0.0	0.0
200	__rnase_site_ext	10.35	0.0	0.0
200	p0	0.8	0.0	0.0
200	protein1	626.45	10.2	2.14404655
200	protein2	578.3	9.7	2.2228517000000005
200	protein3	579.55	10.45	2.2308981999999995
200	rnapol	1.65	0.0	0.0
201	__protein1_rbs	6.05	0.0	0.0
201	__protein2_rbs	5.15	0.0	0.0
201	__protein3_rbs	6.7	0.0	0.0
201	__ribosome	36.35	0.0	0.0
201	__rnase_site_ext	10.25	0.0	0.0
201	p0	0.95	0.0	0.0
201	protein1	630.75	10.35	2.0869914000000005
201	protein2	582.9	9.65	2.2138564
201	protein3	584.5	10.5	2.08133115
201	rnapol	1.75	0.0	0.0
202	__protein1_rbs	5.95	0.0	0.0
202	__protein2_rbs	5.45	0.0	0.0
202	__protein3_rbs	5.75	0.0	0.0
202	__ribosome	36.2	0.0	0.0
202	__rnase_site_ext	10.15	0.0	0.0
202	p0	0.95	0.0	0.0
202	protein1	635.35	10.3	2.0834940000000004
202	protein2	586.8	9.6	2.2285389500000004
202	protein3	588.65	10.5	2.1408423
202	rnapol	1.85	0.0	0.0
203	__protein1_rbs	6.95	0.0	0.0
203	__protein2_rbs	5.05	0.0	0.0
203	__protein3_rbs	5.9	0.0	0.0
203	__ribosome	36.35	0.0	0.0
203	__rnase_site_ext	10.2	0.0	0.0
203	p0	0.9	0.0	0.0
203	protein1	639.5	10.2	2.0292654500000005
203	protein2	590.7	9.55	2.3206818
203	protein3	593.15	10.45	2.1378066500000004
203	rnapol	1.95	0.0	0.0
204	__protein1_rbs	5.55	0.0	0.0
204	__protein2_rbs	5.8	0.0	0.0
204	__protein3_rbs	5.85	0.0	0.0
204	__ribosome	36.4	0.0	0.0
204	__rnase_site_ext	10.35	0.0	0.0
204	p0	0.75	0.0	0.0
204	protein1	643.9	10.2	2.059744750000001
204	protein2	594.75	9.55	2.2311282500000003
204	protein3	597.4	10.4	2.19607505
204	rnapol	1.7	0.0	0.0
205	__protein1_rbs	5.9	0.0	0.0
205	__protein2_rbs	5.3	0.0	0.0
205	__protein3_rbs	6.0	0.0	0.0
205	__ribosome	37.35	0.0	0.0
205	__rnase_site_ext	10.4	0.0	0.0
205	p0	0.9	0.0	0.0
205	protein1	648.05	10.25	2.0348421
205	protein2	599.55	9.7	2.1619697
205	protein3	602.0	10.4	2.1477381000000006
205	rnapol	1.7	0.0	0.0
206	__protein1_rbs	6.15	0.0	0.0
206	__protein2_rbs	5.8	0.0	0.0
206	__protein3_rbs	6.2	0.0	0.0
206	__ribosome	37.4	0.0	0.0
206	__rnase_site_ext	10.45	0.0	0.0
206	p0	0.95	0.0	0.0
206	protein1	652.35	10.35	2.0594452000000003
206	protein2	603.25	9.85	2.1264394
206	protein3	606.05	10.4	2.1401134000000006
206	rnapol	1.6	0.0	0.0
207	__protein1_rbs	6.0	0.0	0.0
207	__protein2_rbs	4.6	0.0	0.0
207	__protein3_rbs	5.8	0.0	0.0
207	__ribosome	36.55	0.0	0.0
207	__rnase_site_ext	10.5	0.0	0.0
207	p0	1.0	0.0	0.0
207	protein1	656.35	10.5	2.07432695
207	protein2	607.55	9.8	2.2211426000000007
207	protein3	610.6	10.6	2.08960635
207	rnapol	1.75	0.0	0.0
208	__protein1_rbs	5.5	0.0	0.0
208	__protein2_rbs	5.45	0.0	0.0
208	__protein3_rbs	6.1	0.0	0.0
208	__ribosome	35.55	0.0	0.0
208	__rnase_site_ext	10.4	0.0	0.0
208	p0	0.9	0.0	0.0
208	protein1	659.85	10.5	2.17778205
208	protein2	611.45	9.9	2.222178
208	protein3	615.4	10.45	2.0474321
208	rnapol	1.75	0.0	0.0
209	__protein1_rbs	6.5	0.0	0.0
209	__protein2_rbs	5.65	0.0	0.0
209	__protein3_rbs	5.8	0.0	0.0
209	__ribosome	35.45	0.0	0.0
209	__rnase_site_ext	10.45	0.0	0.0
209	p0	0.85	0.0	0.0
209	protein1	664.4	10.4	2.12137395
209	protein2	615.35	9.75	2.3268433999999996
209	protein3	619.4	10.4	2.1080186000000003
209	rnapol	1.6	0.0	0.0
210	__protein1_rbs	6.4	0.0	0.0
210	__protein2_rbs	4.9	0.0	0.0
210	__protein3_rbs	6.1	0.0	0.0
210	__ribosome	34.65	0.0	0.0
210	__rnase_site_ext	10.45	0.0	0.0
210	p0	1.0	0.0	0.0
210	protein1	668.75	10.4	2.11982445
210	protein2	619.4	9.85	2.34703395
210	protein3	623.2	10.2	2.2027005
210	rnapol	1.65	0.0	0.0
211	__protein1_rbs	5.85	0.0	0.0
211	__protein2_rbs	5.85	0.0	0.0
211	__protein3_rbs	6.95	0.0	0.0
211	__ribosome	35.3	0.0	0.0
211	__rnase_site_ext	10.5	0.0	0.0
211	p0	0.85	0.0	0.0
211	protein1	673.15	10.45	2.1187025000000004
211	protein2	623.55	9.85	2.3028575
211	protein3	627.35	10.3	2.10326975
211	rnapol	1.7	0.0	0.0
212	__protein1_rbs	5.8	0.0	0.0
212	__protein2_rbs	5.1	0.0	0.0
212	__protein3_rbs	5.55	0.0	0.0
212	__ribosome	34.65	0.0	0.0
212	__rnase_site_ext	10.3	0.0	0.0
212	p0	0.9	0.0	0.0
212	protein1	677.45	10.4	2.1281682499999994
212	protein2	627.75	9.85	2.33125405
212	protein3	631.7	10.35	2.1404573
212	rnapol	1.75	0.0	0.0
213	__protein1_rbs	6.0	0.0	0.0
213	__protein2_rbs	5.5	0.0	0.0
213	__protein3_rbs	5.95	0.0	0.0
213	__ribosome	35.8	0.0	0.0
213	__rnase_site_ext	10.3	0.0	0.0
213	p0	0.9	0.0	0.0
213	protein1	682.0	10.3	2.10983495
213	protein2	632.55	10.1	2.26925775
213	protein3	636.1	10.35	2.0983104
213	rnapol	1.7	0.0	0.0
214	__protein1_rbs	6.1	0.0	0.0
214	__protein2_rbs	5.5	0.0	0.0
214	__protein3_rbs	6.1	0.0	0.0
214	__ribosome	35.65	0.0	0.0
214	__rnase_site_ext	10.35	0.0	0.0
214	p0	0.95	0.0	0.0
214	protein1	685.9	10.35	2.1426131
214	protein2	636.85	10.25	2.249962
214	protein3	640.8	10.5	2.02359115
214	rnapol	1.7	0.0	0.0
215	__protein1_rbs	5.3	0.0	0.0
215	__protein2_rbs	6.0	0.0	0.0
215	__protein3_rbs	5.85	0.0	0.0
215	__ribosome	35.7	0.0	0.0
215	__rnase_site_ext	10.2	0.0	0.0
215	p0	0.8	0.0	0.0
215	protein1	690.5	10.4	2.1376622500000004
215	protein2	641.5	10.4	2.1767265000000005
215	protein3	645.05	10.35	2.06190125
215	rnapol	1.5	0.0	0.0
216	__protein1_rbs	6.15	0.0	0.0
216	__protein2_rbs	5.95	0.0	0.0
216	__protein3_rbs	6.2	0.0	0.0
216	__ribosome	35.35	0.0	0.0
216	__rnase_site_ext	10.25	0.0	0.0
216	p0	0.9	0.0	0.0
216	protein1	694.7	10.35	2.1045903999999998
216	protein2	645.9	10.2	2.1986029500000006
216	protein3	648.4	10.4	2.1399494500000005
216	rnapol	1.5	0.0	0.0
217	__protein1_rbs	5.75	0.0	0.0
217	__protein2_rbs	5.75	0.0	0.0
217	__protein3_rbs	5.9	0.0	0.0
217	__ribosome	35.2	0.0	0.0
217	__rnase_site_ext	10.05	0.0	0.0
217	p0	0.9	0.0	0.0
217	protein1	699.0	10.15	2.1604877
217	protein2	650.15	10.1	2.2368984500000004
217	protein3	652.65	10.5	2.1156639999999998
217	rnapol	1.6	0.0	0.0
218	__protein1_rbs	5.9	0.0	0.0
218	__protein2_rbs	5.7	0.0	0.0
218	__protein3_rbs	5.75	0.0	0.0
218	__ribosome	35.0	0.0	0.0
218	__rnase_site_ext	10.2	0.0	0.0
218	p0	0.8	0.0	0.0
218	protein1	703.15	10.1	2.18933225
218	protein2	654.4	10.1	2.22407455
218	protein3	657.1	10.3	2.1770702
218	rnapol	1.5	0.0	0.0
219	__protein1_rbs	5.8	0.0	0.0
219	__protein2_rbs	5.5	0.0	0.0
219	__protein3_rbs	5.65	0.0	0.0
219	__ribosome	35.7	0.0	0.0
219	__rnase_site_ext	10.15	0.0	0.0
219	p0	0.95	0.0	0.0
219	protein1	706.9	10.15	2.18415155
219	protein2	659.4	10.2	2.1405259
219	protein3	661.6	10.4	2.11327535
219	rnapol	1.65	0.0	0.0
220	__protein1_rbs	5.9	0.0	0.0
220	__protein2_rbs	6.1	0.0	0.0
220	__protein3_rbs	5.65	0.0	0.0
220	__ribosome	35.9	0.0	0.0
220	__rnase_site_ext	10.2	0.0	0.0
220	p0	0.9	0.0	0.0
220	protein1	711.6	10.15	2.13504295
220	protein2	663.2	10.2	2.12180255
220	protein3	665.9	10.4	2.154128149999999
220	rnapol	1.65	0.0	0.0
221	__protein1_rbs	6.2	0.0	0.0
221	__protein2_rbs	5.55	0.0	0.0
221	__protein3_rbs	5.85	0.0	0.0
221	__ribosome	36.7	0.0	0.0
221	__rnase_site_ext	10.35	0.0	0.0
221	p0	0.85	0.0	0.0
221	protein1	716.35	10.15	2.06579275
221	protein2	668.05	10.15	2.1126091000000002
221	protein3	669.75	10.65	2.1393534
221	rnapol	1.55	0.0	0.0
222	__protein1_rbs	6.3	0.0	0.0
222	__protein2_rbs	6.15	0.0	0.0
222	__protein3_rbs	6.0	0.0	0.0
222	__ribosome	36.6	0.0	0.0
222	__rnase_site_ext	10.3	0.0	0.0
222	p0	0.85	0.0	0.0
222	protein1	720.4	10.3	2.0246653
222	protein2	671.8	10.1	2.1831411
222	protein3	674.35	10.8	2.0901788
222	rnapol	1.4	0.0	0.0
223	__protein1_rbs	5.75	0.0	0.0
223	__protein2_rbs	6.15	0.0	0.0
223	__protein3_rbs	7.05	0.0	0.0
223	__ribosome	36.9	0.0	0.0
223	__rnase_site_ext	10.4	0.0	0.0
223	p0	0.8	0.0	0.0
223	protein1	724.4	10.3	2.0893677
223	protein2	676.35	10.2	2.0946394
223	protein3	678.65	10.8	2.0604462000000003
223	rnapol	1.3	0.0	0.0
224	__protein1_rbs	5.55	0.0	0.0
224	__protein2_rbs	5.05	0.0	0.0
224	__protein3_rbs	6.25	0.0	0.0
224	__ribosome	35.9	0.0	0.0
224	__rnase_site_ext	10.4	0.0	0.0
224	p0	0.9	0.0	0.0
224	protein1	728.65	10.4	2.10044185
224	protein2	680.75	10.1	2.1738831500000004
224	protein3	683.05	10.75	2.0778475500000004
224	rnapol	1.35	0.0	0.0
225	__protein1_rbs	5.25	0.0	0.0
225	__protein2_rbs	5.6	0.0	0.0
225	__protein3_rbs	6.5	0.0	0.0
225	__ribosome	34.8	0.0	0.0
225	__rnase_site_ext	10.45	0.0	0.0
225	p0	0.95	0.0	0.0
225	protein1	732.5	10.4	2.2145373
225	protein2	684.7	10.15	2.1896171000000004
225	protein3	687.2	10.6	2.09686975
225	rnapol	1.4	0.0	0.0
226	__protein1_rbs	6.55	0.0	0.0
226	__protein2_rbs	6.15	0.0	0.0
226	__protein3_rbs	6.15	0.0	0.0
226	__ribosome	35.2	0.0	0.0
226	__rnase_site_ext	10.35	0.0	0.0
226	p0	0.95	0.0	0.0
226	protein1	736.65	10.4	2.1616766000000003
226	protein2	689.0	10.3	2.13853925
226	protein3	691.7	10.7	2.0727776
226	rnapol	1.6	0.0	0.0
227	__protein1_rbs	5.8	0.0	0.0
227	__protein2_rbs	6.55	0.0	0.0
227	__protein3_rbs	7.05	0.0	0.0
227	__ribosome	36.4	0.0	0.0
227	__rnase_site_ext	10.3	0.0	0.0
227	p0	0.95	0.0	0.0
227	protein1	740.9	10.35	2.1986842
227	protein2	693.5	10.2	2.09636855
227	protein3	696.55	10.8	1.96362955
227	rnapol	1.7	0.0	0.0
228	__protein1_rbs	6.35	0.0	0.0
228	__protein2_rbs	6.65	0.0	0.0
228	__protein3_rbs	6.0	0.0	0.0
228	__ribosome	36.1	0.0	0.0
228	__rnase_site_ext	10.35	0.0	0.0
228	p0	0.9	0.0	0.0
228	protein1	745.15	10.3	2.1622242500000004
228	protein2	697.4	10.35	2.0668083000000004
228	protein3	700.3	10.8	2.0302703999999996
228	rnapol	1.7	0.0	0.0
229	__protein1_rbs	6.0	0.0	0.0
229	__protein2_rbs	5.8	0.0	0.0
229	__protein3_rbs	6.15	0.0	0.0
229	__ribosome	36.35	0.0	0.0
229	__rnase_site_ext	10.35	0.0	0.0
229	p0	0.85	0.0	0.0
229	protein1	750.0	10.35	2.10768135
229	protein2	701.8	10.35	2.13246235
229	protein3	704.8	10.8	2.025586
229	rnapol	1.55	0.0	0.0
230	__protein1_rbs	6.0	0.0	0.0
230	__protein2_rbs	6.0	0.0	0.0
230	__protein3_rbs	6.55	0.0	0.0
230	__ribosome	35.55	0.0	0.0
230	__rnase_site_ext	10.25	0.0	0.0
230	p0	0.95	0.0	0.0
230	protein1	754.6	10.25	2.0930958000000004
230	protein2	705.85	10.3	2.11578565
230	protein3	708.35	10.85	2.0810053500000003
230	rnapol	1.55	0.0	0.0
231	__protein1_rbs	6.0	0.0	0.0
231	__protein2_rbs	6.05	0.0	0.0
231	__protein3_rbs	5.9	0.0	0.0
231	__ribosome	36.05	0.0	0.0
231	__rnase_site_ext	10.25	0.0	0.0
231	p0	0.95	0.0	0.0
231	protein1	758.5	10.3	2.0970307000000004
231	protein2	710.75	10.45	2.02780805
231	protein3	713.1	10.8	2.08943805
231	rnapol	1.7	0.0	0.0
232	__protein1_rbs	6.25	0.0	0.0
232	__protein2_rbs	6.2	0.0	0.0
232	__protein3_rbs	6.2	0.0	0.0
232	__ribosome	35.9	0.0	0.0
232	__rnase_site_ext	10.15	0.0	0.0
232	p0	0.85	0.0	0.0
232	protein1	763.2	10.25	2.0483962499999997
232	protein2	715.0	10.45	2.0130256999999996
232	protein3	716.35	10.9	2.18510455
232	rnapol	1.65	0.0	0.0
233	__protein1_rbs	6.25	0.0	0.0
233	__protein2_rbs	5.7	0.0	0.0
233	__protein3_rbs	6.45	0.0	0.0
233	__ribosome	35.3	0.0	0.0
233	__rnase_site_ext	10.25	0.0	0.0
233	p0	0.9	0.0	0.0
233	protein1	767.2	10.25	2.0512904
233	protein2	718.8	10.3	2.12200525
233	protein3	721.1	10.9	2.16007995
233	rnapol	1.65	0.0	0.0
234	__protein1_rbs	5.85	0.0	0.0
234	__protein2_rbs	6.7	0.0	0.0
234	__protein3_rbs	5.9	0.0	0.0
234	__ribosome	36.8	0.0	0.0
234	__rnase_site_ext	10.2	0.0	0.0
234	p0	0.85	0.0	0.0
234	protein1	771.65	10.2	2.01982525
234	protein2	722.95	10.3	2.05268905
234	protein3	725.9	10.95	2.13818155
234	rnapol	1.55	0.0	0.0
235	__protein1_rbs	5.8	0.0	0.0
235	__protein2_rbs	5.3	0.0	0.0
235	__protein3_rbs	6.65	0.0	0.0
235	__ribosome	36.75	0.0	0.0
235	__rnase_site_ext	10.15	0.0	0.0
235	p0	0.95	0.0	0.0
235	protein1	775.75	10.1	2.0811565
235	protein2	727.1	10.1	2.1380506499999994
235	protein3	730.6	11.0	2.09491345
235	rnapol	1.55	0.0	0.0
236	__protein1_rbs	5.7	0.0	0.0
236	__protein2_rbs	5.75	0.0	0.0
236	__protein3_rbs	6.35	0.0	0.0
236	__ribosome	36.3	0.0	0.0
236	__rnase_site_ext	10.15	0.0	0.0
236	p0	0.9	0.0	0.0
236	protein1	779.6	10.15	2.1220047500000003
236	protein2	731.55	10.15	2.1235825
236	protein3	734.95	11.0	2.0983441500000004
236	rnapol	1.6	0.0	0.0
237	__protein1_rbs	5.95	0.0	0.0
237	__protein2_rbs	5.95	0.0	0.0
237	__protein3_rbs	6.35	0.0	0.0
237	__ribosome	36.85	0.0	0.0
237	__rnase_site_ext	10.1	0.0	0.0
237	p0	0.95	0.0	0.0
237	protein1	783.75	10.15	2.09815005
237	protein2	735.45	10.2	2.1295114
237	protein3	739.45	10.9	2.1344031
237	rnapol	1.65	0.0	0.0
238	__protein1_rbs	5.65	0.0	0.0
238	__protein2_rbs	6.1	0.0	0.0
238	__protein3_rbs	6.85	0.0	0.0
238	__ribosome	36.45	0.0	0.0
238	__rnase_site_ext	10.25	0.0	0.0
238	p0	0.9	0.0	0.0
238	protein1	787.45	10.15	2.1577572999999997
238	protein2	739.65	10.2	2.09020585
238	protein3	743.95	11.1	2.04161975
238	rnapol	1.6	0.0	0.0
239	__protein1_rbs	5.6	0.0	0.0
239	__protein2_rbs	5.15	0.0	0.0
239	__protein3_rbs	7.0	0.0	0.0
239	__ribosome	35.7	0.0	0.0
239	__rnase_site_ext	9.85	0.0	0.0
239	p0	0.9	0.0	0.0
239	protein1	791.7	10.25	2.1803533500000003
239	protein2	743.25	10.15	2.19170895
239	protein3	748.75	11.05	1.98370445
239	rnapol	1.65	0.0	0.0
240	__protein1_rbs	5.55	0.0	0.0
240	__protein2_rbs	5.85	0.0	0.0
240	__protein3_rbs	6.7	0.0	0.0
240	__ribosome	36.0	0.0	0.0
240	__rnase_site_ext	10.05	0.0	0.0
240	p0	0.85	0.0	0.0
240	protein1	795.65	10.0	2.2631385
240	protein2	748.15	10.05	2.1351466
240	protein3	753.1	11.2	1.96313455
240	rnapol	1.7	0.0	0.0
241	__protein1_rbs	5.95	0.0	0.0
241	__protein2_rbs	5.55	0.0	0.0
241	__protein3_rbs	6.65	0.0	0.0
241	__ribosome	35.65	0.0	0.0
241	__rnase_site_ext	10.3	0.0	0.0
241	p0	0.7	0.0	0.0
241	protein1	799.85	9.95	2.2398662
241	protein2	751.9	10.05	2.17102545
241	protein3	757.55	11.1	1.999376
241	rnapol	1.4	0.0	0.0
242	__protein1_rbs	5.85	0.0	0.0
242	__protein2_rbs	6.5	0.0	0.0
242	__protein3_rbs	6.3	0.0	0.0
242	__ribosome	37.35	0.0	0.0
242	__rnase_site_ext	10.25	0.0	0.0
242	p0	0.95	0.0	0.0
242	protein1	804.05	10.05	2.1517781000000005
242	protein2	756.4	10.05	2.04496005
242	protein3	762.45	11.1	1.9786511
242	rnapol	1.35	0.0	0.0
243	__protein1_rbs	5.4	0.0	0.0
243	__protein2_rbs	5.3	0.0	0.0
243	__protein3_rbs	6.4	0.0	0.0
243	__ribosome	35.05	0.0	0.0
243	__rnase_site_ext	10.3	0.0	0.0
243	p0	0.85	0.0	0.0
243	protein1	808.6	10.3	2.16951
243	protein2	760.05	10.1	2.1399914
243	protein3	766.05	11.2	2.0353147000000003
243	rnapol	1.55	0.0	0.0
244	__protein1_rbs	6.55	0.0	0.0
244	__protein2_rbs	6.15	0.0	0.0
244	__protein3_rbs	6.05	0.0	0.0
244	__ribosome	35.5	0.0	0.0
244	__rnase_site_ext	10.25	0.0	0.0
244	p0	0.9	0.0	0.0
244	protein1	813.0	10.2	2.0956197
244	protein2	764.75	10.15	2.0793625
244	protein3	769.9	11.15	2.1582630000000003
244	rnapol	1.5	0.0	0.0
245	__protein1_rbs	5.95	0.0	0.0
245	__protein2_rbs	6.0	0.0	0.0
245	__protein3_rbs	6.4	0.0	0.0
245	__ribosome	35.15	0.0	0.0
245	__rnase_site_ext	10.35	0.0	0.0
245	p0	0.9	0.0	0.0
245	protein1	817.35	10.3	2.0897405000000004
245	protein2	768.35	10.1	2.1354263
245	protein3	774.8	11.25	2.10454335
245	rnapol	1.5	0.0	0.0
246	__protein1_rbs	5.9	0.0	0.0
246	__protein2_rbs	5.7	0.0	0.0
246	__protein3_rbs	6.3	0.0	0.0
246	__ribosome	35.65	0.0	0.0
246	__rnase_site_ext	10.3	0.0	0.0
246	p0	0.8	0.0	0.0
246	protein1	821.15	10.35	2.1234345
246	protein2	773.2	10.1	2.0809632
246	protein3	779.2	11.15	2.1389763000000004
246	rnapol	1.4	0.0	0.0
247	__protein1_rbs	6.05	0.0	0.0
247	__protein2_rbs	5.55	0.0	0.0
247	__protein3_rbs	5.8	0.0	0.0
247	__ribosome	34.45	0.0	0.0
247	__rnase_site_ext	10.5	0.0	0.0
247	p0	0.85	0.0	0.0
247	protein1	825.3	10.25	2.1212716
247	protein2	776.85	10.05	2.1712768500000004
247	protein3	783.65	11.0	2.231901
247	rnapol	1.3	0.0	0.0
248	__protein1_rbs	6.2	0.0	0.0
248	__protein2_rbs	6.3	0.0	0.0
248	__protein3_rbs	6.75	0.0	0.0
248	__ribosome	36.45	0.0	0.0
248	__rnase_site_ext	10.45	0.0	0.0
248	p0	1.0	0.0	0.0
248	protein1	830.2	10.35	2.0089606000000004
248	protein2	780.75	10.25	2.1082157
248	protein3	788.2	10.95	2.14654675
248	rnapol	1.45	0.0	0.0
249	__protein1_rbs	6.0	0.0	0.0
249	__protein2_rbs	5.85	0.0	0.0
249	__protein3_rbs	6.3	0.0	0.0
249	__ribosome	36.05	0.0	0.0
249	__rnase_site_ext	10.4	0.0	0.0
249	p0	0.75	0.0	0.0
249	protein1	833.75	10.45	2.06599205
249	protein2	785.15	10.2	2.0804685000000003
249	protein3	793.4	10.95	2.10437345
249	rnapol	1.3	0.0	0.0
250	__protein1_rbs	5.1	0.0	0.0
250	__protein2_rbs	5.65	0.0	0.0
250	__protein3_rbs	5.85	0.0	0.0
250	__ribosome	33.55	0.0	0.0
250	__rnase_site_ext	9.85	0.0	0.0
250	p0	0.9	0.0	0.0
250	protein1	790.7	9.8	1.99831895
250	protein2	746.0	9.55	2.0283554
250	protein3	755.9	10.15	2.0962899
250	rnapol	1.25	0.0	0.0
