time	species	protein	transcript	ribo_density
0	__protein1_rbs	0.0	0.0	0.0
0	__protein2_rbs	0.0	0.0	0.0
0	__protein3_rbs	0.0	0.0	0.0
0	__ribosome	100.0	0.0	0.0
0	__rnase_site_ext	0.0	0.0	0.0
0	p0	1.0	0.0	0.0
0	p1	1.0	0.0	0.0
0	r2	0.0	0.0	0.0
0	rnapol	4.0	0.0	0.0
1	__protein1_rbs	0.0	0.0	0.0
1	__protein2_rbs	0.0	0.0	0.0
1	__protein3_rbs	0.0	0.0	0.0
1	__ribosome	100.0	0.0	0.0
1	__rnase_site_ext	0.8	0.0	0.0
1	p0	0.2	0.0	0.0
1	p1	1.0	0.0	0.0
1	r2	0.0	0.0	0.0
1	rnapol	3.0	0.0	0.0
2	__protein1_rbs	0.4	0.0	0.0
2	__protein2_rbs	0.0	0.0	0.0
2	__protein3_rbs	0.0	0.0	0.0
2	__ribosome	99.8	0.0	0.0
2	__rnase_site_ext	1.4	0.0	0.0
2	p0	0.6	0.0	0.0
2	p1	1.0	0.0	0.0
2	protein1	0.0	0.6	0.2
2	r2	0.0	0.0	0.0
2	rnapol	2.6	0.0	0.0
3	__protein1_rbs	0.8	0.0	0.0
3	__protein2_rbs	0.0	0.0	0.0
3	__protein3_rbs	0.0	0.0	0.0
3	__ribosome	99.4	0.0	0.0
3	__rnase_site_ext	2.0	0.0	0.0
3	p0	0.4	0.0	0.0
3	p1	1.0	0.0	0.0
3	protein1	0.0	1.2	0.5
3	r2	0.0	0.0	0.0
3	rnapol	2.0	0.0	0.0
4	__protein1_rbs	0.6	0.0	0.0
4	__protein2_rbs	0.0	0.0	0.0
4	__protein3_rbs	0.0	0.0	0.0
4	__ribosome	98.4	0.0	0.0
4	__rnase_site_ext	2.6	0.0	0.0
4	p0	0.4	0.0	0.0
4	p1	1.0	0.0	0.0
4	protein1	0.0	1.6	1.1
4	r2	0.0	0.0	0.0
4	rnapol	1.4	0.0	0.0
5	__protein1_rbs	0.2	0.0	0.0
5	__protein2_rbs	0.0	0.0	0.0
5	__protein3_rbs	0.0	0.0	0.0
5	__ribosome	96.4	0.0	0.0
5	__rnase_site_ext	3.0	0.0	0.0
5	p0	0.6	0.0	0.0
5	p1	1.0	0.0	0.0
5	protein1	0.0	2.2	1.6666666
5	r2	0.0	0.0	0.0
5	rnapol	1.0	0.0	0.0
6	__protein1_rbs	1.2	0.0	0.0
6	__protein2_rbs	0.0	0.0	0.0
6	__protein3_rbs	0.0	0.0	0.0
6	__ribosome	95.0	0.0	0.0
6	__rnase_site_ext	3.4	0.0	0.0
6	p0	0.6	0.0	0.0
6	p1	1.0	0.0	0.0
6	protein1	0.0	3.0	1.6666666
6	r2	0.0	0.0	0.0
6	rnapol	0.6	0.0	0.0
7	__protein1_rbs	1.2	0.0	0.0
7	__protein2_rbs	0.0	0.0	0.0
7	__protein3_rbs	0.0	0.0	0.0
7	__ribosome	93.2	0.0	0.0
7	__rnase_site_ext	3.8	0.0	0.0
7	p0	0.6	0.0	0.0
7	p1	0.8	0.0	0.0
7	protein1	0.2	3.2	2.15
7	r2	0.0	0.0	0.0
7	rnapol	0.2	0.0	0.0
8	__protein1_rbs	0.6	0.0	0.0
8	__protein2_rbs	0.0	0.0	0.0
8	__protein3_rbs	0.0	0.0	0.0
8	__ribosome	91.0	0.0	0.0
8	__rnase_site_ext	3.8	0.0	0.0
8	p0	0.8	0.0	0.0
8	p1	0.0	0.0	0.0
8	protein1	0.6	3.4	2.7333334
8	r2	0.0	0.0	0.0
8	rnapol	0.0	0.0	0.0
9	__protein1_rbs	1.0	0.0	0.0
9	__protein2_rbs	0.0	0.0	0.0
9	__protein3_rbs	0.0	0.0	0.0
9	__ribosome	90.0	0.0	0.0
9	__rnase_site_ext	3.8	0.0	0.0
9	p0	1.0	0.0	0.0
9	p1	0.0	0.0	0.0
9	protein1	2.2	3.8	2.6666666
9	r2	0.0	0.0	0.0
9	rnapol	0.0	0.0	0.0
10	__protein1_rbs	1.0	0.0	0.0
10	__protein2_rbs	0.2	0.0	0.0
10	__protein3_rbs	0.0	0.0	0.0
10	__ribosome	88.2	0.0	0.0
10	__rnase_site_ext	3.6	0.0	0.0
10	p0	1.0	0.0	0.0
10	p1	0.0	0.0	0.0
10	protein1	3.2	4.0	2.9
10	protein2	0.0	0.4	0.2
10	r2	0.0	0.0	0.0
10	rnapol	0.0	0.0	0.0
11	__protein1_rbs	1.0	0.0	0.0
11	__protein2_rbs	0.4	0.0	0.0
11	__protein3_rbs	0.0	0.0	0.0
11	__ribosome	86.4	0.0	0.0
11	__rnase_site_ext	3.4	0.0	0.0
11	p0	1.0	0.0	0.0
11	p1	0.2	0.0	0.0
11	protein1	4.4	3.8	3.3833334
11	protein2	0.0	1.0	0.8
11	r2	0.0	0.0	0.0
11	rnapol	0.0	0.0	0.0
12	__protein1_rbs	1.4	0.0	0.0
12	__protein2_rbs	1.2	0.0	0.0
12	__protein3_rbs	0.0	0.0	0.0
12	__ribosome	86.0	0.0	0.0
12	__rnase_site_ext	3.2	0.0	0.0
12	p0	1.0	0.0	0.0
12	p1	0.4	0.0	0.0
12	protein1	7.0	3.4	3.9166665999999997
12	protein2	0.0	1.8	0.8
12	r2	0.0	0.0	0.0
12	rnapol	0.0	0.0	0.0
13	__protein1_rbs	1.2	0.0	0.0
13	__protein2_rbs	1.0	0.0	0.0
13	__protein3_rbs	0.0	0.0	0.0
13	__ribosome	84.8	0.0	0.0
13	__rnase_site_ext	3.2	0.0	0.0
13	p0	1.0	0.0	0.0
13	p1	0.6	0.0	0.0
13	protein1	9.2	3.4	3.65
13	protein2	0.0	2.6	1.2
13	r2	0.0	0.0	0.0
13	rnapol	0.0	0.0	0.0
14	__protein1_rbs	1.2	0.0	0.0
14	__protein2_rbs	0.6	0.0	0.0
14	__protein3_rbs	0.0	0.0	0.0
14	__ribosome	83.0	0.0	0.0
14	__rnase_site_ext	3.2	0.0	0.0
14	p0	1.0	0.0	0.0
14	p1	0.4	0.0	0.0
14	protein1	11.4	3.2	3.8
14	protein2	0.0	3.0	1.7333332
14	r2	0.0	0.0	0.0
14	rnapol	0.2	0.0	0.0
15	__protein1_rbs	1.6	0.0	0.0
15	__protein2_rbs	1.2	0.0	0.0
15	__protein3_rbs	0.0	0.0	0.0
15	__ribosome	82.0	0.0	0.0
15	__rnase_site_ext	3.4	0.0	0.0
15	p0	0.6	0.0	0.0
15	p1	0.6	0.0	0.0
15	protein1	13.8	3.2	3.55
15	protein2	0.0	3.2	2.1166666000000003
15	r2	0.0	0.0	0.0
15	rnapol	0.2	0.0	0.0
16	__protein1_rbs	1.0	0.0	0.0
16	__protein2_rbs	1.8	0.0	0.0
16	__protein3_rbs	0.0	0.0	0.0
16	__ribosome	81.2	0.0	0.0
16	__rnase_site_ext	3.6	0.0	0.0
16	p0	0.8	0.0	0.0
16	p1	1.0	0.0	0.0
16	protein1	17.2	3.4	2.9666667999999996
16	protein2	0.4	3.8	2.25
16	r2	0.4	0.0	0.0
16	rnapol	0.4	0.0	0.0
17	__protein1_rbs	1.4	0.0	0.0
17	__protein2_rbs	1.6	0.0	0.0
17	__protein3_rbs	0.0	0.0	0.0
17	__ribosome	79.8	0.0	0.0
17	__rnase_site_ext	3.8	0.0	0.0
17	p0	0.8	0.0	0.0
17	p1	1.0	0.0	0.0
17	protein1	19.0	3.6	2.8
17	protein2	1.4	4.0	2.5
17	r2	0.6	0.0	0.0
17	rnapol	0.8	0.0	0.0
18	__protein1_rbs	1.8	0.0	0.0
18	__protein2_rbs	1.4	0.0	0.0
18	__protein3_rbs	0.0	0.0	0.0
18	__ribosome	78.0	0.0	0.0
18	__rnase_site_ext	4.0	0.0	0.0
18	p0	0.6	0.0	0.0
18	p1	1.0	0.0	0.0
18	protein1	20.6	3.8	2.8666666000000003
18	protein2	2.8	4.0	2.75
18	r2	1.0	0.0	0.0
18	rnapol	0.8	0.0	0.0
19	__protein1_rbs	1.0	0.0	0.0
19	__protein2_rbs	1.8	0.0	0.0
19	__protein3_rbs	0.2	0.0	0.0
19	__ribosome	77.6	0.0	0.0
19	__rnase_site_ext	4.2	0.0	0.0
19	p0	1.0	0.0	0.0
19	p1	1.0	0.0	0.0
19	protein1	23.2	3.8	2.9166666
19	protein2	4.8	4.0	2.8
19	protein3	0.0	0.2	0.0
19	r2	1.0	0.0	0.0
19	rnapol	1.4	0.0	0.0
20	__protein1_rbs	1.4	0.0	0.0
20	__protein2_rbs	1.4	0.0	0.0
20	__protein3_rbs	0.2	0.0	0.0
20	__ribosome	75.6	0.0	0.0
20	__rnase_site_ext	4.6	0.0	0.0
20	p0	0.6	0.0	0.0
20	p1	1.0	0.0	0.0
20	protein1	24.8	4.2	2.9366666
20	protein2	7.0	4.0	2.95
20	protein3	0.0	0.6	0.4
20	r2	0.8	0.0	0.0
20	rnapol	1.2	0.0	0.0
21	__protein1_rbs	2.2	0.0	0.0
21	__protein2_rbs	1.4	0.0	0.0
21	__protein3_rbs	0.6	0.0	0.0
21	__ribosome	76.0	0.0	0.0
21	__rnase_site_ext	4.8	0.0	0.0
21	p0	0.8	0.0	0.0
21	p1	0.8	0.0	0.0
21	protein1	27.0	4.2	2.8400000000000003
21	protein2	9.4	4.0	2.9
21	protein3	0.0	0.8	0.5
21	r2	1.0	0.0	0.0
21	rnapol	1.0	0.0	0.0
22	__protein1_rbs	1.2	0.0	0.0
22	__protein2_rbs	1.4	0.0	0.0
22	__protein3_rbs	0.4	0.0	0.0
22	__ribosome	73.4	0.0	0.0
22	__rnase_site_ext	5.2	0.0	0.0
22	p0	0.6	0.0	0.0
22	p1	0.6	0.0	0.0
22	protein1	28.6	4.6	2.8866666000000003
22	protein2	11.2	4.0	3.05
22	protein3	0.0	1.0	0.8
22	r2	1.2	0.0	0.0
22	rnapol	0.6	0.0	0.0
23	__protein1_rbs	2.8	0.0	0.0
23	__protein2_rbs	2.2	0.0	0.0
23	__protein3_rbs	0.4	0.0	0.0
23	__ribosome	74.0	0.0	0.0
23	__rnase_site_ext	5.2	0.0	0.0
23	p0	0.6	0.0	0.0
23	p1	0.6	0.0	0.0
23	protein1	31.0	5.0	2.6066667999999997
23	protein2	14.0	4.0	2.8
23	protein3	0.0	1.0	1.2
23	r2	1.2	0.0	0.0
23	rnapol	0.2	0.0	0.0
24	__protein1_rbs	2.0	0.0	0.0
24	__protein2_rbs	1.8	0.0	0.0
24	__protein3_rbs	0.6	0.0	0.0
24	__ribosome	72.2	0.0	0.0
24	__rnase_site_ext	5.6	0.0	0.0
24	p0	1.0	0.0	0.0
24	p1	0.8	0.0	0.0
24	protein1	33.8	5.2	2.5466666000000004
24	protein2	15.6	4.2	2.92
24	protein3	0.0	1.0	1.4
24	r2	1.2	0.0	0.0
24	rnapol	0.2	0.0	0.0
25	__protein1_rbs	2.4	0.0	0.0
25	__protein2_rbs	1.2	0.0	0.0
25	__protein3_rbs	0.6	0.0	0.0
25	__ribosome	70.8	0.0	0.0
25	__rnase_site_ext	5.6	0.0	0.0
25	p0	0.6	0.0	0.0
25	p1	0.6	0.0	0.0
25	protein1	36.6	5.6	2.5057142000000003
25	protein2	18.0	4.2	3.01
25	protein3	0.4	1.2	1.8
25	r2	1.2	0.0	0.0
25	rnapol	0.2	0.0	0.0
26	__protein1_rbs	2.4	0.0	0.0
26	__protein2_rbs	2.8	0.0	0.0
26	__protein3_rbs	0.4	0.0	0.0
26	__ribosome	69.8	0.0	0.0
26	__rnase_site_ext	6.0	0.0	0.0
26	p0	1.0	0.0	0.0
26	p1	0.4	0.0	0.0
26	protein1	38.6	5.6	2.6866666
26	protein2	20.4	4.2	2.85
26	protein3	0.6	1.2	2.2666666
26	r2	1.2	0.0	0.0
26	rnapol	0.4	0.0	0.0
27	__protein1_rbs	3.6	0.0	0.0
27	__protein2_rbs	1.0	0.0	0.0
27	__protein3_rbs	0.6	0.0	0.0
27	__ribosome	69.6	0.0	0.0
27	__rnase_site_ext	6.0	0.0	0.0
27	p0	1.0	0.0	0.0
27	p1	0.6	0.0	0.0
27	protein1	41.2	6.0	2.4904762000000003
27	protein2	22.8	4.2	2.94
27	protein3	1.2	1.2	2.2666666
27	r2	1.2	0.0	0.0
27	rnapol	0.8	0.0	0.0
28	__protein1_rbs	1.6	0.0	0.0
28	__protein2_rbs	1.6	0.0	0.0
28	__protein3_rbs	0.8	0.0	0.0
28	__ribosome	68.2	0.0	0.0
28	__rnase_site_ext	6.0	0.0	0.0
28	p0	0.8	0.0	0.0
28	p1	0.6	0.0	0.0
28	protein1	44.4	6.0	2.6771428000000004
28	protein2	24.8	4.4	3.0266666
28	protein3	1.8	1.2	1.9333334
28	r2	1.2	0.0	0.0
28	rnapol	0.8	0.0	0.0
29	__protein1_rbs	2.6	0.0	0.0
29	__protein2_rbs	2.8	0.0	0.0
29	__protein3_rbs	0.2	0.0	0.0
29	__ribosome	68.6	0.0	0.0
29	__rnase_site_ext	6.0	0.0	0.0
29	p0	0.8	0.0	0.0
29	p1	0.6	0.0	0.0
29	protein1	47.4	6.0	2.7552382
29	protein2	27.8	4.8	2.5080952
29	protein3	2.2	1.2	2.5333334
29	r2	1.2	0.0	0.0
29	rnapol	0.8	0.0	0.0
30	__protein1_rbs	1.6	0.0	0.0
30	__protein2_rbs	1.4	0.0	0.0
30	__protein3_rbs	0.6	0.0	0.0
30	__ribosome	67.0	0.0	0.0
30	__rnase_site_ext	6.4	0.0	0.0
30	p0	0.8	0.0	0.0
30	p1	0.6	0.0	0.0
30	protein1	50.6	6.0	2.88
30	protein2	30.2	4.8	2.6899998
30	protein3	3.0	1.2	2.1333333999999997
30	r2	1.4	0.0	0.0
30	rnapol	0.6	0.0	0.0
31	__protein1_rbs	3.2	0.0	0.0
31	__protein2_rbs	1.8	0.0	0.0
31	__protein3_rbs	0.4	0.0	0.0
31	__ribosome	65.4	0.0	0.0
31	__rnase_site_ext	6.6	0.0	0.0
31	p0	0.6	0.0	0.0
31	p1	0.6	0.0	0.0
31	protein1	53.4	6.2	2.8511906000000002
31	protein2	32.0	5.0	2.8133332
31	protein3	3.8	1.2	2.0
31	r2	1.4	0.0	0.0
31	rnapol	0.4	0.0	0.0
32	__protein1_rbs	2.2	0.0	0.0
32	__protein2_rbs	2.8	0.0	0.0
32	__protein3_rbs	0.8	0.0	0.0
32	__ribosome	65.6	0.0	0.0
32	__rnase_site_ext	7.0	0.0	0.0
32	p0	0.8	0.0	0.0
32	p1	0.4	0.0	0.0
32	protein1	56.0	6.4	2.9195237999999994
32	protein2	35.2	5.2	2.39
32	protein3	4.4	1.2	1.6666666
32	r2	1.4	0.0	0.0
32	rnapol	0.4	0.0	0.0
33	__protein1_rbs	4.0	0.0	0.0
33	__protein2_rbs	2.0	0.0	0.0
33	__protein3_rbs	0.6	0.0	0.0
33	__ribosome	64.8	0.0	0.0
33	__rnase_site_ext	6.8	0.0	0.0
33	p0	1.0	0.0	0.0
33	p1	0.8	0.0	0.0
33	protein1	60.4	7.0	2.4904762000000003
33	protein2	37.2	5.4	2.6
33	protein3	4.4	1.2	1.9333334
33	r2	1.6	0.0	0.0
33	rnapol	0.4	0.0	0.0
34	__protein1_rbs	2.4	0.0	0.0
34	__protein2_rbs	2.6	0.0	0.0
34	__protein3_rbs	0.6	0.0	0.0
34	__ribosome	62.4	0.0	0.0
34	__rnase_site_ext	6.6	0.0	0.0
34	p0	1.0	0.0	0.0
34	p1	1.0	0.0	0.0
34	protein1	63.0	7.0	2.7642857999999997
34	protein2	39.6	5.6	2.5676192
34	protein3	5.0	1.4	2.1333333999999997
34	r2	2.0	0.0	0.0
34	rnapol	0.4	0.0	0.0
35	__protein1_rbs	2.2	0.0	0.0
35	__protein2_rbs	2.4	0.0	0.0
35	__protein3_rbs	0.4	0.0	0.0
35	__ribosome	63.2	0.0	0.0
35	__rnase_site_ext	6.8	0.0	0.0
35	p0	0.8	0.0	0.0
35	p1	0.8	0.0	0.0
35	protein1	67.2	6.8	2.8583334
35	protein2	43.2	6.0	2.3657142
35	protein3	6.2	1.4	2.0666666
35	r2	2.4	0.0	0.0
35	rnapol	0.2	0.0	0.0
36	__protein1_rbs	2.4	0.0	0.0
36	__protein2_rbs	2.0	0.0	0.0
36	__protein3_rbs	0.8	0.0	0.0
36	__ribosome	60.6	0.0	0.0
36	__rnase_site_ext	6.8	0.0	0.0
36	p0	0.8	0.0	0.0
36	p1	0.4	0.0	0.0
36	protein1	70.2	6.8	3.0176192000000004
36	protein2	45.8	6.0	2.5590475999999995
36	protein3	6.6	1.6	2.1333333999999997
36	r2	2.4	0.0	0.0
36	rnapol	0.2	0.0	0.0
37	__protein1_rbs	3.6	0.0	0.0
37	__protein2_rbs	3.0	0.0	0.0
37	__protein3_rbs	0.6	0.0	0.0
37	__ribosome	61.4	0.0	0.0
37	__rnase_site_ext	7.0	0.0	0.0
37	p0	0.8	0.0	0.0
37	p1	0.4	0.0	0.0
37	protein1	74.8	6.8	2.7840476
37	protein2	48.4	6.0	2.6342858
37	protein3	7.2	1.8	2.3
37	r2	2.6	0.0	0.0
37	rnapol	0.0	0.0	0.0
38	__protein1_rbs	2.2	0.0	0.0
38	__protein2_rbs	2.6	0.0	0.0
38	__protein3_rbs	1.4	0.0	0.0
38	__ribosome	59.2	0.0	0.0
38	__rnase_site_ext	7.0	0.0	0.0
38	p0	1.0	0.0	0.0
38	p1	0.4	0.0	0.0
38	protein1	78.0	7.0	2.912143
38	protein2	51.2	6.2	2.6616666
38	protein3	7.8	2.4	1.7166666000000002
38	r2	2.8	0.0	0.0
38	rnapol	0.0	0.0	0.0
39	__protein1_rbs	3.4	0.0	0.0
39	__protein2_rbs	3.2	0.0	0.0
39	__protein3_rbs	0.6	0.0	0.0
39	__ribosome	58.0	0.0	0.0
39	__rnase_site_ext	7.2	0.0	0.0
39	p0	0.8	0.0	0.0
39	p1	0.4	0.0	0.0
39	protein1	81.4	7.0	2.8135716000000004
39	protein2	53.8	6.6	2.6090476
39	protein3	8.8	2.4	2.25
39	r2	2.8	0.0	0.0
39	rnapol	0.2	0.0	0.0
40	__protein1_rbs	2.6	0.0	0.0
40	__protein2_rbs	2.6	0.0	0.0
40	__protein3_rbs	1.2	0.0	0.0
40	__ribosome	57.8	0.0	0.0
40	__rnase_site_ext	7.2	0.0	0.0
40	p0	1.0	0.0	0.0
40	p1	1.0	0.0	0.0
40	protein1	85.8	7.0	2.8292857999999996
40	protein2	57.6	6.8	2.4523808
40	protein3	9.2	2.4	2.4166666
40	r2	3.0	0.0	0.0
40	rnapol	0.2	0.0	0.0
41	__protein1_rbs	3.2	0.0	0.0
41	__protein2_rbs	3.4	0.0	0.0
41	__protein3_rbs	1.2	0.0	0.0
41	__ribosome	56.2	0.0	0.0
41	__rnase_site_ext	7.4	0.0	0.0
41	p0	0.8	0.0	0.0
41	p1	0.8	0.0	0.0
41	protein1	90.0	7.2	2.7064286
41	protein2	60.8	7.4	2.3678572
41	protein3	10.0	2.8	2.4166668
41	r2	3.0	0.0	0.0
41	rnapol	0.2	0.0	0.0
42	__protein1_rbs	3.4	0.0	0.0
42	__protein2_rbs	3.4	0.0	0.0
42	__protein3_rbs	1.8	0.0	0.0
42	__ribosome	55.0	0.0	0.0
42	__rnase_site_ext	7.4	0.0	0.0
42	p0	1.0	0.0	0.0
42	p1	0.8	0.0	0.0
42	protein1	92.8	7.2	2.7778572
42	protein2	63.8	7.4	2.5035714
42	protein3	11.2	2.8	2.3166666
42	r2	3.0	0.0	0.0
42	rnapol	0.4	0.0	0.0
43	__protein1_rbs	2.0	0.0	0.0
43	__protein2_rbs	3.0	0.0	0.0
43	__protein3_rbs	1.2	0.0	0.0
43	__ribosome	52.6	0.0	0.0
43	__rnase_site_ext	7.6	0.0	0.0
43	p0	0.8	0.0	0.0
43	p1	0.8	0.0	0.0
43	protein1	97.2	7.4	2.85
43	protein2	67.2	7.4	2.5964286000000003
43	protein3	12.4	2.8	2.5666666
43	r2	3.4	0.0	0.0
43	rnapol	0.2	0.0	0.0
44	__protein1_rbs	3.2	0.0	0.0
44	__protein2_rbs	4.2	0.0	0.0
44	__protein3_rbs	1.8	0.0	0.0
44	__ribosome	53.8	0.0	0.0
44	__rnase_site_ext	7.6	0.0	0.0
44	p0	1.0	0.0	0.0
44	p1	1.0	0.0	0.0
44	protein1	101.0	7.8	2.6516667999999997
44	protein2	70.6	7.6	2.475
44	protein3	13.8	3.0	2.3499998
44	r2	3.4	0.0	0.0
44	rnapol	0.8	0.0	0.0
45	__protein1_rbs	2.4	0.0	0.0
45	__protein2_rbs	3.2	0.0	0.0
45	__protein3_rbs	0.8	0.0	0.0
45	__ribosome	50.8	0.0	0.0
45	__rnase_site_ext	8.0	0.0	0.0
45	p0	0.8	0.0	0.0
45	p1	0.8	0.0	0.0
45	protein1	105.2	7.6	2.7783333999999997
45	protein2	73.6	7.6	2.75
45	protein3	15.0	3.0	2.55
45	r2	3.6	0.0	0.0
45	rnapol	0.4	0.0	0.0
46	__protein1_rbs	3.6	0.0	0.0
46	__protein2_rbs	4.4	0.0	0.0
46	__protein3_rbs	1.4	0.0	0.0
46	__ribosome	53.0	0.0	0.0
46	__rnase_site_ext	7.8	0.0	0.0
46	p0	0.8	0.0	0.0
46	p1	0.8	0.0	0.0
46	protein1	109.2	8.0	2.6138888
46	protein2	78.4	7.6	2.5083333999999997
46	protein3	17.0	3.2	2.3666666000000003
46	r2	3.8	0.0	0.0
46	rnapol	0.4	0.0	0.0
47	__protein1_rbs	3.2	0.0	0.0
47	__protein2_rbs	3.4	0.0	0.0
47	__protein3_rbs	0.8	0.0	0.0
47	__ribosome	49.4	0.0	0.0
47	__rnase_site_ext	7.8	0.0	0.0
47	p0	1.0	0.0	0.0
47	p1	1.0	0.0	0.0
47	protein1	112.2	7.6	2.9531747999999998
47	protein2	82.2	7.6	2.6107144
47	protein3	17.6	3.4	2.6
47	r2	3.8	0.0	0.0
47	rnapol	0.6	0.0	0.0
48	__protein1_rbs	4.6	0.0	0.0
48	__protein2_rbs	3.6	0.0	0.0
48	__protein3_rbs	1.4	0.0	0.0
48	__ribosome	51.0	0.0	0.0
48	__rnase_site_ext	7.8	0.0	0.0
48	p0	0.8	0.0	0.0
48	p1	0.8	0.0	0.0
48	protein1	116.4	7.8	2.7027778
48	protein2	86.6	7.8	2.4781746
48	protein3	19.2	3.4	2.65
48	r2	4.0	0.0	0.0
48	rnapol	0.4	0.0	0.0
49	__protein1_rbs	4.8	0.0	0.0
49	__protein2_rbs	4.0	0.0	0.0
49	__protein3_rbs	2.4	0.0	0.0
49	__ribosome	52.4	0.0	0.0
49	__rnase_site_ext	8.2	0.0	0.0
49	p0	0.8	0.0	0.0
49	p1	1.0	0.0	0.0
49	protein1	120.6	7.8	2.5166668000000003
49	protein2	89.8	7.8	2.4583334
49	protein3	20.6	4.0	2.22
49	r2	4.0	0.0	0.0
49	rnapol	0.6	0.0	0.0
50	__protein1_rbs	4.0	0.0	0.0
50	__protein2_rbs	2.8	0.0	0.0
50	__protein3_rbs	2.2	0.0	0.0
50	__ribosome	53.2	0.0	0.0
50	__rnase_site_ext	8.4	0.0	0.0
50	p0	0.8	0.0	0.0
50	p1	0.4	0.0	0.0
50	protein1	126.2	8.2	2.2333334
50	protein2	93.8	7.6	2.6083334
50	protein3	22.4	4.2	2.16
50	r2	4.0	0.0	0.0
50	rnapol	0.2	0.0	0.0
51	__protein1_rbs	5.6	0.0	0.0
51	__protein2_rbs	3.0	0.0	0.0
51	__protein3_rbs	1.6	0.0	0.0
51	__ribosome	52.6	0.0	0.0
51	__rnase_site_ext	8.6	0.0	0.0
51	p0	1.0	0.0	0.0
51	p1	0.4	0.0	0.0
51	protein1	129.8	8.4	2.1000002
51	protein2	97.6	7.6	2.5833334
51	protein3	23.4	3.8	2.78
51	r2	4.0	0.0	0.0
51	rnapol	0.2	0.0	0.0
52	__protein1_rbs	4.2	0.0	0.0
52	__protein2_rbs	4.8	0.0	0.0
52	__protein3_rbs	1.8	0.0	0.0
52	__ribosome	55.2	0.0	0.0
52	__rnase_site_ext	8.8	0.0	0.0
52	p0	0.8	0.0	0.0
52	p1	0.6	0.0	0.0
52	protein1	134.4	8.4	1.9777778
52	protein2	101.8	7.8	2.3027778
52	protein3	25.8	4.0	2.6666666
52	r2	4.2	0.0	0.0
52	rnapol	0.4	0.0	0.0
53	__protein1_rbs	4.4	0.0	0.0
53	__protein2_rbs	4.0	0.0	0.0
53	__protein3_rbs	1.6	0.0	0.0
53	__ribosome	54.0	0.0	0.0
53	__rnase_site_ext	9.0	0.0	0.0
53	p0	0.8	0.0	0.0
53	p1	0.6	0.0	0.0
53	protein1	137.8	8.6	1.9587302
53	protein2	105.4	8.2	2.3166664
53	protein3	27.8	4.0	2.5833334
53	r2	4.4	0.0	0.0
53	rnapol	0.2	0.0	0.0
54	__protein1_rbs	4.0	0.0	0.0
54	__protein2_rbs	3.8	0.0	0.0
54	__protein3_rbs	2.8	0.0	0.0
54	__ribosome	51.0	0.0	0.0
54	__rnase_site_ext	9.0	0.0	0.0
54	p0	1.0	0.0	0.0
54	p1	1.0	0.0	0.0
54	protein1	140.6	8.8	2.1746030000000003
54	protein2	108.2	8.4	2.3388888000000003
54	protein3	29.2	4.0	2.5333334
54	r2	4.4	0.0	0.0
54	rnapol	0.6	0.0	0.0
55	__protein1_rbs	4.2	0.0	0.0
55	__protein2_rbs	3.6	0.0	0.0
55	__protein3_rbs	1.6	0.0	0.0
55	__ribosome	49.2	0.0	0.0
55	__rnase_site_ext	9.2	0.0	0.0
55	p0	0.6	0.0	0.0
55	p1	1.0	0.0	0.0
55	protein1	144.0	8.8	2.3139682
55	protein2	112.6	8.4	2.3494444
55	protein3	31.0	4.0	2.6333332
55	r2	4.4	0.0	0.0
55	rnapol	0.6	0.0	0.0
56	__protein1_rbs	4.8	0.0	0.0
56	__protein2_rbs	3.6	0.0	0.0
56	__protein3_rbs	1.6	0.0	0.0
56	__ribosome	46.8	0.0	0.0
56	__rnase_site_ext	9.6	0.0	0.0
56	p0	0.6	0.0	0.0
56	p1	0.4	0.0	0.0
56	protein1	146.8	8.8	2.4631748
56	protein2	116.4	8.6	2.3799998
56	protein3	33.6	4.4	2.4733334
56	r2	4.4	0.0	0.0
56	rnapol	0.6	0.0	0.0
57	__protein1_rbs	4.4	0.0	0.0
57	__protein2_rbs	4.4	0.0	0.0
57	__protein3_rbs	2.2	0.0	0.0
57	__ribosome	46.0	0.0	0.0
57	__rnase_site_ext	9.6	0.0	0.0
57	p0	1.0	0.0	0.0
57	p1	0.6	0.0	0.0
57	protein1	150.6	9.4	2.4077778
57	protein2	120.2	8.6	2.391111
57	protein3	35.6	4.4	2.49
57	r2	4.2	0.0	0.0
57	rnapol	0.8	0.0	0.0
58	__protein1_rbs	5.6	0.0	0.0
58	__protein2_rbs	4.8	0.0	0.0
58	__protein3_rbs	1.8	0.0	0.0
58	__ribosome	46.0	0.0	0.0
58	__rnase_site_ext	9.8	0.0	0.0
58	p0	1.0	0.0	0.0
58	p1	1.0	0.0	0.0
58	protein1	154.8	9.4	2.3888887999999997
58	protein2	123.6	8.8	2.3777776000000004
58	protein3	37.6	4.4	2.4466667999999996
58	r2	4.4	0.0	0.0
58	rnapol	0.8	0.0	0.0
59	__protein1_rbs	6.8	0.0	0.0
59	__protein2_rbs	4.8	0.0	0.0
59	__protein3_rbs	2.6	0.0	0.0
59	__ribosome	48.6	0.0	0.0
59	__rnase_site_ext	9.8	0.0	0.0
59	p0	0.8	0.0	0.0
59	p1	0.6	0.0	0.0
59	protein1	159.6	9.8	2.1343433999999997
59	protein2	127.6	9.0	2.3400000000000003
59	protein3	39.6	4.4	2.2966667999999997
59	r2	4.4	0.0	0.0
59	rnapol	0.6	0.0	0.0
60	__protein1_rbs	4.2	0.0	0.0
60	__protein2_rbs	4.2	0.0	0.0
60	__protein3_rbs	2.4	0.0	0.0
60	__ribosome	47.2	0.0	0.0
60	__rnase_site_ext	10.0	0.0	0.0
60	p0	1.0	0.0	0.0
60	p1	0.6	0.0	0.0
60	protein1	163.8	9.8	2.3249494
60	protein2	132.2	9.0	2.32
60	protein3	42.0	4.4	2.13
60	r2	4.2	0.0	0.0
60	rnapol	0.8	0.0	0.0
61	__protein1_rbs	4.6	0.0	0.0
61	__protein2_rbs	4.0	0.0	0.0
61	__protein3_rbs	2.8	0.0	0.0
61	__ribosome	48.0	0.0	0.0
61	__rnase_site_ext	10.4	0.0	0.0
61	p0	0.8	0.0	0.0
61	p1	1.0	0.0	0.0
61	protein1	169.0	10.0	2.2713636000000004
61	protein2	137.4	9.0	2.2822222000000005
61	protein3	44.0	4.4	2.0233334
61	r2	4.2	0.0	0.0
61	rnapol	0.2	0.0	0.0
62	__protein1_rbs	5.2	0.0	0.0
62	__protein2_rbs	3.2	0.0	0.0
62	__protein3_rbs	2.2	0.0	0.0
62	__ribosome	43.2	0.0	0.0
62	__rnase_site_ext	10.4	0.0	0.0
62	p0	1.0	0.0	0.0
62	p1	0.4	0.0	0.0
62	protein1	172.8	10.4	2.2882827999999997
62	protein2	140.4	9.0	2.5823954
62	protein3	45.8	4.6	2.1633334
62	r2	4.2	0.0	0.0
62	rnapol	0.6	0.0	0.0
63	__protein1_rbs	4.8	0.0	0.0
63	__protein2_rbs	4.2	0.0	0.0
63	__protein3_rbs	2.2	0.0	0.0
63	__ribosome	43.6	0.0	0.0
63	__rnase_site_ext	10.8	0.0	0.0
63	p0	0.6	0.0	0.0
63	p1	0.6	0.0	0.0
63	protein1	177.8	10.4	2.3387877999999995
63	protein2	144.4	9.0	2.5832612
63	protein3	48.6	4.4	2.0900000000000003
63	r2	4.4	0.0	0.0
63	rnapol	0.4	0.0	0.0
64	__protein1_rbs	5.2	0.0	0.0
64	__protein2_rbs	5.2	0.0	0.0
64	__protein3_rbs	2.6	0.0	0.0
64	__ribosome	43.0	0.0	0.0
64	__rnase_site_ext	10.4	0.0	0.0
64	p0	1.0	0.0	0.0
64	p1	0.4	0.0	0.0
64	protein1	181.0	10.4	2.4032322
64	protein2	148.8	9.2	2.4482540000000004
64	protein3	49.4	4.4	2.2466666
64	r2	4.6	0.0	0.0
64	rnapol	0.4	0.0	0.0
65	__protein1_rbs	5.4	0.0	0.0
65	__protein2_rbs	5.2	0.0	0.0
65	__protein3_rbs	1.8	0.0	0.0
65	__ribosome	43.4	0.0	0.0
65	__rnase_site_ext	10.2	0.0	0.0
65	p0	1.0	0.0	0.0
65	p1	0.8	0.0	0.0
65	protein1	186.0	10.4	2.3424242000000004
65	protein2	153.6	9.4	2.2644444
65	protein3	50.8	4.4	2.56
65	r2	4.4	0.0	0.0
65	rnapol	0.4	0.0	0.0
66	__protein1_rbs	5.4	0.0	0.0
66	__protein2_rbs	5.0	0.0	0.0
66	__protein3_rbs	2.2	0.0	0.0
66	__ribosome	44.0	0.0	0.0
66	__rnase_site_ext	10.4	0.0	0.0
66	p0	0.6	0.0	0.0
66	p1	0.8	0.0	0.0
66	protein1	191.6	10.2	2.2860606
66	protein2	157.4	10.0	2.2736362
66	protein3	53.6	4.4	2.3633333999999997
66	r2	4.4	0.0	0.0
66	rnapol	0.2	0.0	0.0
67	__protein1_rbs	3.2	0.0	0.0
67	__protein2_rbs	6.4	0.0	0.0
67	__protein3_rbs	2.6	0.0	0.0
67	__ribosome	43.2	0.0	0.0
67	__rnase_site_ext	10.6	0.0	0.0
67	p0	1.0	0.0	0.0
67	p1	0.6	0.0	0.0
67	protein1	196.8	10.2	2.3965658
67	protein2	162.4	10.2	2.1898484000000003
67	protein3	55.6	4.6	2.2833332000000004
67	r2	4.6	0.0	0.0
67	rnapol	0.4	0.0	0.0
68	__protein1_rbs	6.0	0.0	0.0
68	__protein2_rbs	4.2	0.0	0.0
68	__protein3_rbs	1.8	0.0	0.0
68	__ribosome	40.8	0.0	0.0
68	__rnase_site_ext	10.8	0.0	0.0
68	p0	1.0	0.0	0.0
68	p1	0.4	0.0	0.0
68	protein1	200.6	10.6	2.3320202
68	protein2	166.6	10.2	2.3096970000000003
68	protein3	57.2	4.6	2.5166666
68	r2	4.8	0.0	0.0
68	rnapol	0.2	0.0	0.0
69	__protein1_rbs	6.4	0.0	0.0
69	__protein2_rbs	5.0	0.0	0.0
69	__protein3_rbs	2.0	0.0	0.0
69	__ribosome	39.6	0.0	0.0
69	__rnase_site_ext	10.8	0.0	0.0
69	p0	1.0	0.0	0.0
69	p1	0.8	0.0	0.0
69	protein1	205.2	10.8	2.2693938
69	protein2	170.6	10.4	2.3927272
69	protein3	59.0	4.6	2.4966666
69	r2	4.8	0.0	0.0
69	rnapol	0.6	0.0	0.0
70	__protein1_rbs	6.2	0.0	0.0
70	__protein2_rbs	6.4	0.0	0.0
70	__protein3_rbs	1.6	0.0	0.0
70	__ribosome	39.2	0.0	0.0
70	__rnase_site_ext	10.8	0.0	0.0
70	p0	1.0	0.0	0.0
70	p1	0.8	0.0	0.0
70	protein1	209.8	10.8	2.3075756000000003
70	protein2	175.2	11.0	2.2424242000000003
70	protein3	61.4	4.6	2.5833334
70	r2	5.0	0.0	0.0
70	rnapol	0.8	0.0	0.0
71	__protein1_rbs	6.8	0.0	0.0
71	__protein2_rbs	6.4	0.0	0.0
71	__protein3_rbs	2.0	0.0	0.0
71	__ribosome	40.8	0.0	0.0
71	__rnase_site_ext	10.8	0.0	0.0
71	p0	0.8	0.0	0.0
71	p1	0.6	0.0	0.0
71	protein1	214.8	10.8	2.1957574000000006
71	protein2	180.6	11.0	2.2171715999999995
71	protein3	64.0	4.6	2.6100000000000003
71	r2	4.8	0.0	0.0
71	rnapol	1.0	0.0	0.0
72	__protein1_rbs	6.0	0.0	0.0
72	__protein2_rbs	5.0	0.0	0.0
72	__protein3_rbs	3.4	0.0	0.0
72	__ribosome	40.2	0.0	0.0
72	__rnase_site_ext	11.6	0.0	0.0
72	p0	0.4	0.0	0.0
72	p1	1.0	0.0	0.0
72	protein1	220.4	10.8	2.1051516
72	protein2	184.0	11.0	2.3858585999999997
72	protein3	65.4	5.0	2.4466666
72	r2	4.6	0.0	0.0
72	rnapol	0.4	0.0	0.0
73	__protein1_rbs	6.8	0.0	0.0
73	__protein2_rbs	6.6	0.0	0.0
73	__protein3_rbs	2.2	0.0	0.0
73	__ribosome	40.6	0.0	0.0
73	__rnase_site_ext	11.6	0.0	0.0
73	p0	1.0	0.0	0.0
73	p1	0.4	0.0	0.0
73	protein1	224.8	11.4	2.009697
73	protein2	189.6	11.2	2.2530304
73	protein3	68.0	5.0	2.34
73	r2	4.6	0.0	0.0
73	rnapol	0.6	0.0	0.0
74	__protein1_rbs	6.2	0.0	0.0
74	__protein2_rbs	5.4	0.0	0.0
74	__protein3_rbs	2.2	0.0	0.0
74	__ribosome	38.8	0.0	0.0
74	__rnase_site_ext	11.6	0.0	0.0
74	p0	0.6	0.0	0.0
74	p1	0.6	0.0	0.0
74	protein1	229.4	11.6	2.0493706
74	protein2	194.4	11.0	2.3146464
74	protein3	70.0	5.2	2.48
74	r2	4.8	0.0	0.0
74	rnapol	0.2	0.0	0.0
75	__protein1_rbs	6.0	0.0	0.0
75	__protein2_rbs	6.4	0.0	0.0
75	__protein3_rbs	2.8	0.0	0.0
75	__ribosome	37.4	0.0	0.0
75	__rnase_site_ext	11.8	0.0	0.0
75	p0	0.8	0.0	0.0
75	p1	1.0	0.0	0.0
75	protein1	233.2	11.6	2.2471796000000004
75	protein2	199.2	11.2	2.3060606
75	protein3	72.6	5.0	2.3466666000000003
75	r2	5.2	0.0	0.0
75	rnapol	0.2	0.0	0.0
76	__protein1_rbs	6.2	0.0	0.0
76	__protein2_rbs	6.4	0.0	0.0
76	__protein3_rbs	2.8	0.0	0.0
76	__ribosome	38.4	0.0	0.0
76	__rnase_site_ext	11.6	0.0	0.0
76	p0	1.0	0.0	0.0
76	p1	1.0	0.0	0.0
76	protein1	239.2	11.6	2.1773426
76	protein2	204.4	11.6	2.160909
76	protein3	75.0	5.0	2.3533334
76	r2	5.2	0.0	0.0
76	rnapol	0.4	0.0	0.0
77	__protein1_rbs	6.8	0.0	0.0
77	__protein2_rbs	7.0	0.0	0.0
77	__protein3_rbs	2.6	0.0	0.0
77	__ribosome	37.6	0.0	0.0
77	__rnase_site_ext	11.6	0.0	0.0
77	p0	1.0	0.0	0.0
77	p1	1.0	0.0	0.0
77	protein1	243.0	11.8	2.2499532
77	protein2	209.8	11.6	2.0774126
77	protein3	76.8	5.0	2.4833332
77	r2	5.2	0.0	0.0
77	rnapol	0.6	0.0	0.0
78	__protein1_rbs	8.0	0.0	0.0
78	__protein2_rbs	5.0	0.0	0.0
78	__protein3_rbs	3.8	0.0	0.0
78	__ribosome	38.6	0.0	0.0
78	__rnase_site_ext	11.6	0.0	0.0
78	p0	0.6	0.0	0.0
78	p1	0.6	0.0	0.0
78	protein1	248.0	11.6	2.1841026
78	protein2	214.0	11.6	2.2253846000000004
78	protein3	79.8	5.4	1.9561906000000002
78	r2	5.6	0.0	0.0
78	rnapol	0.6	0.0	0.0
79	__protein1_rbs	5.2	0.0	0.0
79	__protein2_rbs	5.8	0.0	0.0
79	__protein3_rbs	2.2	0.0	0.0
79	__ribosome	38.8	0.0	0.0
79	__rnase_site_ext	12.0	0.0	0.0
79	p0	1.0	0.0	0.0
79	p1	0.2	0.0	0.0
79	protein1	253.4	11.6	2.2110022000000003
79	protein2	220.6	11.2	2.2218882
79	protein3	82.0	5.2	2.0933333999999997
79	r2	5.6	0.0	0.0
79	rnapol	0.4	0.0	0.0
80	__protein1_rbs	7.2	0.0	0.0
80	__protein2_rbs	6.2	0.0	0.0
80	__protein3_rbs	2.6	0.0	0.0
80	__ribosome	36.6	0.0	0.0
80	__rnase_site_ext	11.8	0.0	0.0
80	p0	1.0	0.0	0.0
80	p1	0.6	0.0	0.0
80	protein1	258.4	12.0	2.1322843999999996
80	protein2	223.8	11.2	2.338275
80	protein3	84.0	5.2	2.2666666
80	r2	6.0	0.0	0.0
80	rnapol	0.6	0.0	0.0
81	__protein1_rbs	6.8	0.0	0.0
81	__protein2_rbs	7.0	0.0	0.0
81	__protein3_rbs	2.6	0.0	0.0
81	__ribosome	38.8	0.0	0.0
81	__rnase_site_ext	11.8	0.0	0.0
81	p0	1.0	0.0	0.0
81	p1	0.8	0.0	0.0
81	protein1	265.0	11.8	2.0452212
81	protein2	229.4	11.4	2.2033332000000003
81	protein3	86.4	5.6	2.1952380000000002
81	r2	6.0	0.0	0.0
81	rnapol	0.4	0.0	0.0
82	__protein1_rbs	6.4	0.0	0.0
82	__protein2_rbs	6.2	0.0	0.0
82	__protein3_rbs	3.6	0.0	0.0
82	__ribosome	35.6	0.0	0.0
82	__rnase_site_ext	11.6	0.0	0.0
82	p0	0.6	0.0	0.0
82	p1	0.6	0.0	0.0
82	protein1	268.2	12.0	2.2106060000000003
82	protein2	233.6	11.6	2.279627
82	protein3	88.6	5.6	2.109524
82	r2	6.0	0.0	0.0
82	rnapol	0.0	0.0	0.0
83	__protein1_rbs	6.0	0.0	0.0
83	__protein2_rbs	7.6	0.0	0.0
83	__protein3_rbs	2.4	0.0	0.0
83	__ribosome	35.6	0.0	0.0
83	__rnase_site_ext	11.8	0.0	0.0
83	p0	0.8	0.0	0.0
83	p1	0.8	0.0	0.0
83	protein1	273.4	11.6	2.3261906000000003
83	protein2	239.8	11.8	2.06
83	protein3	90.2	6.0	2.2583333999999997
83	r2	6.0	0.0	0.0
83	rnapol	0.0	0.0	0.0
84	__protein1_rbs	6.6	0.0	0.0
84	__protein2_rbs	7.0	0.0	0.0
84	__protein3_rbs	3.8	0.0	0.0
84	__ribosome	37.2	0.0	0.0
84	__rnase_site_ext	11.8	0.0	0.0
84	p0	0.8	0.0	0.0
84	p1	1.0	0.0	0.0
84	protein1	279.4	11.8	2.2372294
84	protein2	245.0	11.8	1.989021
84	protein3	93.0	6.0	2.2000002
84	r2	6.0	0.0	0.0
84	rnapol	0.4	0.0	0.0
85	__protein1_rbs	6.4	0.0	0.0
85	__protein2_rbs	5.8	0.0	0.0
85	__protein3_rbs	3.4	0.0	0.0
85	__ribosome	34.2	0.0	0.0
85	__rnase_site_ext	12.0	0.0	0.0
85	p0	0.6	0.0	0.0
85	p1	0.6	0.0	0.0
85	protein1	283.0	11.8	2.359557
85	protein2	249.6	12.2	2.0881118
85	protein3	96.0	6.0	2.1
85	r2	6.0	0.0	0.0
85	rnapol	0.2	0.0	0.0
86	__protein1_rbs	6.0	0.0	0.0
86	__protein2_rbs	8.0	0.0	0.0
86	__protein3_rbs	3.6	0.0	0.0
86	__ribosome	35.6	0.0	0.0
86	__rnase_site_ext	12.2	0.0	0.0
86	p0	1.0	0.0	0.0
86	p1	0.4	0.0	0.0
86	protein1	289.2	11.8	2.3370627999999996
86	protein2	254.6	12.2	1.9874126
86	protein3	98.4	6.0	2.1083334
86	r2	6.2	0.0	0.0
86	rnapol	0.6	0.0	0.0
87	__protein1_rbs	8.2	0.0	0.0
87	__protein2_rbs	6.0	0.0	0.0
87	__protein3_rbs	2.8	0.0	0.0
87	__ribosome	34.0	0.0	0.0
87	__rnase_site_ext	12.6	0.0	0.0
87	p0	0.6	0.0	0.0
87	p1	0.8	0.0	0.0
87	protein1	293.6	12.2	2.2055944
87	protein2	259.2	12.2	2.1118879999999995
87	protein3	100.6	6.0	2.2416666000000003
87	r2	6.2	0.0	0.0
87	rnapol	0.2	0.0	0.0
88	__protein1_rbs	7.0	0.0	0.0
88	__protein2_rbs	6.4	0.0	0.0
88	__protein3_rbs	3.6	0.0	0.0
88	__ribosome	35.0	0.0	0.0
88	__rnase_site_ext	12.6	0.0	0.0
88	p0	0.8	0.0	0.0
88	p1	0.6	0.0	0.0
88	protein1	300.8	12.2	2.0315852
88	protein2	263.8	12.8	2.1463372000000005
88	protein3	103.6	6.0	2.1500002
88	r2	6.4	0.0	0.0
88	rnapol	0.2	0.0	0.0
89	__protein1_rbs	6.2	0.0	0.0
89	__protein2_rbs	7.0	0.0	0.0
89	__protein3_rbs	4.8	0.0	0.0
89	__ribosome	33.4	0.0	0.0
89	__rnase_site_ext	12.6	0.0	0.0
89	p0	1.0	0.0	0.0
89	p1	0.6	0.0	0.0
89	protein1	306.0	12.6	2.0893772000000004
89	protein2	268.0	12.8	2.2223444
89	protein3	106.0	6.4	1.8825396
89	r2	6.4	0.0	0.0
89	rnapol	0.6	0.0	0.0
90	__protein1_rbs	6.8	0.0	0.0
90	__protein2_rbs	6.8	0.0	0.0
90	__protein3_rbs	3.8	0.0	0.0
90	__ribosome	34.4	0.0	0.0
90	__rnase_site_ext	12.6	0.0	0.0
90	p0	1.0	0.0	0.0
90	p1	0.4	0.0	0.0
90	protein1	311.0	12.4	2.0904762000000003
90	protein2	274.8	13.0	2.109524
90	protein3	108.6	6.6	1.9134922
90	r2	6.4	0.0	0.0
90	rnapol	0.6	0.0	0.0
91	__protein1_rbs	6.0	0.0	0.0
91	__protein2_rbs	8.0	0.0	0.0
91	__protein3_rbs	3.8	0.0	0.0
91	__ribosome	34.0	0.0	0.0
91	__rnase_site_ext	12.8	0.0	0.0
91	p0	0.6	0.0	0.0
91	p1	0.8	0.0	0.0
91	protein1	316.4	12.4	2.0880952
91	protein2	279.6	13.0	2.137729
91	protein3	111.0	6.6	1.95
91	r2	6.2	0.0	0.0
91	rnapol	0.2	0.0	0.0
92	__protein1_rbs	7.0	0.0	0.0
92	__protein2_rbs	7.4	0.0	0.0
92	__protein3_rbs	4.0	0.0	0.0
92	__ribosome	33.6	0.0	0.0
92	__rnase_site_ext	12.8	0.0	0.0
92	p0	1.0	0.0	0.0
92	p1	0.6	0.0	0.0
92	protein1	320.4	12.4	2.1594574
92	protein2	285.0	13.4	2.0915381999999996
92	protein3	114.2	6.4	1.8833334
92	r2	6.2	0.0	0.0
92	rnapol	0.4	0.0	0.0
93	__protein1_rbs	7.6	0.0	0.0
93	__protein2_rbs	6.4	0.0	0.0
93	__protein3_rbs	4.0	0.0	0.0
93	__ribosome	32.8	0.0	0.0
93	__rnase_site_ext	12.8	0.0	0.0
93	p0	1.0	0.0	0.0
93	p1	0.8	0.0	0.0
93	protein1	325.2	12.6	2.1252082000000003
93	protein2	291.0	13.2	2.1523076
93	protein3	116.4	6.4	1.9650796000000001
93	r2	6.2	0.0	0.0
93	rnapol	0.4	0.0	0.0
94	__protein1_rbs	5.6	0.0	0.0
94	__protein2_rbs	8.0	0.0	0.0
94	__protein3_rbs	4.4	0.0	0.0
94	__ribosome	31.6	0.0	0.0
94	__rnase_site_ext	12.8	0.0	0.0
94	p0	1.0	0.0	0.0
94	p1	0.6	0.0	0.0
94	protein1	330.8	12.6	2.2365636
94	protein2	296.6	13.4	2.0560072000000003
94	protein3	117.8	6.4	2.0722224
94	r2	6.2	0.0	0.0
94	rnapol	0.6	0.0	0.0
95	__protein1_rbs	7.2	0.0	0.0
95	__protein2_rbs	7.8	0.0	0.0
95	__protein3_rbs	3.6	0.0	0.0
95	__ribosome	31.0	0.0	0.0
95	__rnase_site_ext	13.2	0.0	0.0
95	p0	1.0	0.0	0.0
95	p1	0.6	0.0	0.0
95	protein1	335.8	12.6	2.2404097999999997
95	protein2	301.8	13.6	2.071282
95	protein3	121.0	6.4	2.0507936
95	r2	6.6	0.0	0.0
95	rnapol	0.6	0.0	0.0
96	__protein1_rbs	7.8	0.0	0.0
96	__protein2_rbs	6.4	0.0	0.0
96	__protein3_rbs	4.4	0.0	0.0
96	__ribosome	29.4	0.0	0.0
96	__rnase_site_ext	13.4	0.0	0.0
96	p0	0.6	0.0	0.0
96	p1	1.0	0.0	0.0
96	protein1	341.6	12.8	2.1837762
96	protein2	307.0	13.4	2.1809524
96	protein3	122.8	6.8	1.9904762000000005
96	r2	6.6	0.0	0.0
96	rnapol	0.4	0.0	0.0
97	__protein1_rbs	8.0	0.0	0.0
97	__protein2_rbs	8.0	0.0	0.0
97	__protein3_rbs	3.8	0.0	0.0
97	__ribosome	30.4	0.0	0.0
97	__rnase_site_ext	13.2	0.0	0.0
97	p0	1.0	0.0	0.0
97	p1	0.8	0.0	0.0
97	protein1	347.0	12.8	2.1242424
97	protein2	313.0	13.8	2.139414
97	protein3	126.4	6.6	2.0114286
97	r2	7.0	0.0	0.0
97	rnapol	0.6	0.0	0.0
98	__protein1_rbs	8.2	0.0	0.0
98	__protein2_rbs	8.2	0.0	0.0
98	__protein3_rbs	3.2	0.0	0.0
98	__ribosome	30.0	0.0	0.0
98	__rnase_site_ext	13.4	0.0	0.0
98	p0	0.8	0.0	0.0
98	p1	0.6	0.0	0.0
98	protein1	352.0	12.8	2.127126
98	protein2	318.8	13.8	2.0789741999999998
98	protein3	128.2	6.4	2.2447618
98	r2	7.0	0.0	0.0
98	rnapol	0.6	0.0	0.0
99	__protein1_rbs	7.8	0.0	0.0
99	__protein2_rbs	8.0	0.0	0.0
99	__protein3_rbs	4.2	0.0	0.0
99	__ribosome	32.2	0.0	0.0
99	__rnase_site_ext	13.6	0.0	0.0
99	p0	1.0	0.0	0.0
99	p1	0.8	0.0	0.0
99	protein1	358.8	13.0	1.9320279999999999
99	protein2	323.8	13.6	2.1054944
99	protein3	131.0	6.6	2.152381
99	r2	7.2	0.0	0.0
99	rnapol	0.4	0.0	0.0
100	__protein1_rbs	6.6	0.0	0.0
100	__protein2_rbs	7.8	0.0	0.0
100	__protein3_rbs	3.8	0.0	0.0
100	__ribosome	30.4	0.0	0.0
100	__rnase_site_ext	13.8	0.0	0.0
100	p0	0.8	0.0	0.0
100	p1	0.8	0.0	0.0
100	protein1	363.2	13.2	2.0418182
100	protein2	328.8	14.0	2.129011
100	protein3	134.6	6.8	1.8880952000000002
100	r2	7.2	0.0	0.0
100	rnapol	0.2	0.0	0.0
101	__protein1_rbs	7.0	0.0	0.0
101	__protein2_rbs	7.0	0.0	0.0
101	__protein3_rbs	4.0	0.0	0.0
101	__ribosome	31.2	0.0	0.0
101	__rnase_site_ext	14.2	0.0	0.0
101	p0	1.0	0.0	0.0
101	p1	1.0	0.0	0.0
101	protein1	369.4	13.2	1.9861306
101	protein2	335.8	13.6	2.1461537999999996
101	protein3	136.6	7.0	1.9666666000000002
101	r2	7.8	0.0	0.0
101	rnapol	0.2	0.0	0.0
102	__protein1_rbs	9.0	0.0	0.0
102	__protein2_rbs	8.4	0.0	0.0
102	__protein3_rbs	4.8	0.0	0.0
102	__ribosome	33.0	0.0	0.0
102	__rnase_site_ext	13.8	0.0	0.0
102	p0	1.0	0.0	0.0
102	p1	0.8	0.0	0.0
102	protein1	374.4	13.6	1.8856412
102	protein2	341.8	13.8	2.0582418
102	protein3	139.4	7.0	1.8833334
102	r2	7.6	0.0	0.0
102	rnapol	0.4	0.0	0.0
103	__protein1_rbs	8.2	0.0	0.0
103	__protein2_rbs	8.0	0.0	0.0
103	__protein3_rbs	3.8	0.0	0.0
103	__ribosome	33.4	0.0	0.0
103	__rnase_site_ext	13.8	0.0	0.0
103	p0	0.8	0.0	0.0
103	p1	0.6	0.0	0.0
103	protein1	379.4	13.2	1.8844688000000003
103	protein2	346.8	13.8	2.0693774
103	protein3	142.4	7.2	1.85
103	r2	7.6	0.0	0.0
103	rnapol	0.6	0.0	0.0
104	__protein1_rbs	6.6	0.0	0.0
104	__protein2_rbs	8.6	0.0	0.0
104	__protein3_rbs	4.2	0.0	0.0
104	__ribosome	31.8	0.0	0.0
104	__rnase_site_ext	14.4	0.0	0.0
104	p0	0.4	0.0	0.0
104	p1	0.6	0.0	0.0
104	protein1	383.6	13.2	2.0136263999999997
104	protein2	352.4	14.0	2.0141392
104	protein3	145.2	7.4	1.8333334
104	r2	7.6	0.0	0.0
104	rnapol	0.2	0.0	0.0
105	__protein1_rbs	7.4	0.0	0.0
105	__protein2_rbs	8.4	0.0	0.0
105	__protein3_rbs	5.0	0.0	0.0
105	__ribosome	32.6	0.0	0.0
105	__rnase_site_ext	14.4	0.0	0.0
105	p0	1.0	0.0	0.0
105	p1	0.6	0.0	0.0
105	protein1	389.6	13.8	1.9491942
105	protein2	359.2	13.6	1.9427106000000005
105	protein3	147.0	7.8	1.8670636
105	r2	7.4	0.0	0.0
105	rnapol	0.2	0.0	0.0
106	__protein1_rbs	8.8	0.0	0.0
106	__protein2_rbs	9.4	0.0	0.0
106	__protein3_rbs	4.6	0.0	0.0
106	__ribosome	33.8	0.0	0.0
106	__rnase_site_ext	14.4	0.0	0.0
106	p0	0.8	0.0	0.0
106	p1	0.8	0.0	0.0
106	protein1	395.0	14.0	1.9282142
106	protein2	365.2	13.6	1.8499632
106	protein3	150.4	7.8	1.8662698
106	r2	7.0	0.0	0.0
106	rnapol	0.6	0.0	0.0
107	__protein1_rbs	8.2	0.0	0.0
107	__protein2_rbs	8.2	0.0	0.0
107	__protein3_rbs	4.8	0.0	0.0
107	__ribosome	31.4	0.0	0.0
107	__rnase_site_ext	14.6	0.0	0.0
107	p0	0.6	0.0	0.0
107	p1	0.6	0.0	0.0
107	protein1	399.4	13.8	2.0033824
107	protein2	370.2	13.8	1.8856776000000002
107	protein3	152.4	7.8	2.0047620000000004
107	r2	7.0	0.0	0.0
107	rnapol	0.2	0.0	0.0
108	__protein1_rbs	7.4	0.0	0.0
108	__protein2_rbs	8.0	0.0	0.0
108	__protein3_rbs	4.4	0.0	0.0
108	__ribosome	29.4	0.0	0.0
108	__rnase_site_ext	15.0	0.0	0.0
108	p0	0.8	0.0	0.0
108	p1	0.8	0.0	0.0
108	protein1	404.0	14.0	2.0769048
108	protein2	375.6	14.0	1.8854944
108	protein3	155.4	7.6	2.0150794000000003
108	r2	6.8	0.0	0.0
108	rnapol	0.2	0.0	0.0
109	__protein1_rbs	8.8	0.0	0.0
109	__protein2_rbs	9.2	0.0	0.0
109	__protein3_rbs	5.2	0.0	0.0
109	__ribosome	32.4	0.0	0.0
109	__rnase_site_ext	14.8	0.0	0.0
109	p0	0.8	0.0	0.0
109	p1	1.0	0.0	0.0
109	protein1	410.2	14.4	1.9733333999999998
109	protein2	381.0	14.2	1.7757508000000002
109	protein3	159.2	7.6	1.8329363999999997
109	r2	6.8	0.0	0.0
109	rnapol	0.2	0.0	0.0
110	__protein1_rbs	7.0	0.0	0.0
110	__protein2_rbs	8.2	0.0	0.0
110	__protein3_rbs	5.2	0.0	0.0
110	__ribosome	29.8	0.0	0.0
110	__rnase_site_ext	15.0	0.0	0.0
110	p0	0.4	0.0	0.0
110	p1	0.6	0.0	0.0
110	protein1	416.6	14.6	2.0282351999999997
110	protein2	385.6	14.4	1.8504759999999998
110	protein3	162.2	7.6	1.8337302
110	r2	6.8	0.0	0.0
110	rnapol	0.4	0.0	0.0
111	__protein1_rbs	8.6	0.0	0.0
111	__protein2_rbs	7.6	0.0	0.0
111	__protein3_rbs	4.2	0.0	0.0
111	__ribosome	27.8	0.0	0.0
111	__rnase_site_ext	15.0	0.0	0.0
111	p0	1.0	0.0	0.0
111	p1	0.2	0.0	0.0
111	protein1	422.0	14.6	2.0674434
111	protein2	391.2	14.4	1.8942856
111	protein3	165.0	7.8	1.9083333999999998
111	r2	6.6	0.0	0.0
111	rnapol	1.0	0.0	0.0
112	__protein1_rbs	9.8	0.0	0.0
112	__protein2_rbs	9.6	0.0	0.0
112	__protein3_rbs	5.2	0.0	0.0
112	__ribosome	29.0	0.0	0.0
112	__rnase_site_ext	15.4	0.0	0.0
112	p0	0.8	0.0	0.0
112	p1	0.6	0.0	0.0
112	protein1	427.0	14.8	2.0267858
112	protein2	396.6	14.4	1.8904762
112	protein3	167.8	7.2	2.0
112	r2	6.6	0.0	0.0
112	rnapol	0.6	0.0	0.0
113	__protein1_rbs	9.8	0.0	0.0
113	__protein2_rbs	8.6	0.0	0.0
113	__protein3_rbs	4.6	0.0	0.0
113	__ribosome	29.0	0.0	0.0
113	__rnase_site_ext	15.4	0.0	0.0
113	p0	0.8	0.0	0.0
113	p1	0.6	0.0	0.0
113	protein1	433.0	15.0	2.0011764000000003
113	protein2	402.0	14.8	1.895
113	protein3	171.2	7.2	1.9342858
113	r2	6.6	0.0	0.0
113	rnapol	0.6	0.0	0.0
114	__protein1_rbs	9.2	0.0	0.0
114	__protein2_rbs	10.6	0.0	0.0
114	__protein3_rbs	3.8	0.0	0.0
114	__ribosome	27.8	0.0	0.0
114	__rnase_site_ext	15.6	0.0	0.0
114	p0	0.8	0.0	0.0
114	p1	0.6	0.0	0.0
114	protein1	438.2	15.2	1.9983192000000003
114	protein2	406.0	15.0	1.8455952000000002
114	protein3	173.2	6.8	2.3090476000000004
114	r2	6.4	0.0	0.0
114	rnapol	0.4	0.0	0.0
115	__protein1_rbs	9.6	0.0	0.0
115	__protein2_rbs	10.2	0.0	0.0
115	__protein3_rbs	4.2	0.0	0.0
115	__ribosome	30.8	0.0	0.0
115	__rnase_site_ext	15.4	0.0	0.0
115	p0	1.0	0.0	0.0
115	p1	0.6	0.0	0.0
115	protein1	445.8	15.0	1.8796982
115	protein2	412.4	15.2	1.7833332000000002
115	protein3	176.2	6.8	2.2671428
115	r2	6.4	0.0	0.0
115	rnapol	0.2	0.0	0.0
116	__protein1_rbs	8.4	0.0	0.0
116	__protein2_rbs	9.8	0.0	0.0
116	__protein3_rbs	3.2	0.0	0.0
116	__ribosome	32.0	0.0	0.0
116	__rnase_site_ext	15.2	0.0	0.0
116	p0	1.0	0.0	0.0
116	p1	0.6	0.0	0.0
116	protein1	451.8	15.0	1.899804
116	protein2	418.8	15.4	1.6786206000000001
116	protein3	179.4	6.6	2.3
116	r2	6.4	0.0	0.0
116	rnapol	0.4	0.0	0.0
117	__protein1_rbs	10.2	0.0	0.0
117	__protein2_rbs	8.2	0.0	0.0
117	__protein3_rbs	4.4	0.0	0.0
117	__ribosome	31.4	0.0	0.0
117	__rnase_site_ext	15.0	0.0	0.0
117	p0	0.6	0.0	0.0
117	p1	0.4	0.0	0.0
117	protein1	458.4	14.8	1.8049838
117	protein2	423.2	15.6	1.835084
117	protein3	181.8	6.6	2.1414286
117	r2	6.2	0.0	0.0
117	rnapol	0.2	0.0	0.0
118	__protein1_rbs	8.2	0.0	0.0
118	__protein2_rbs	10.4	0.0	0.0
118	__protein3_rbs	4.2	0.0	0.0
118	__ribosome	30.8	0.0	0.0
118	__rnase_site_ext	15.2	0.0	0.0
118	p0	0.8	0.0	0.0
118	p1	0.6	0.0	0.0
118	protein1	463.8	14.6	1.9129546
118	protein2	429.2	15.4	1.8031371999999999
118	protein3	184.8	6.8	2.0147619999999997
118	r2	6.6	0.0	0.0
118	rnapol	0.2	0.0	0.0
119	__protein1_rbs	8.6	0.0	0.0
119	__protein2_rbs	9.2	0.0	0.0
119	__protein3_rbs	4.6	0.0	0.0
119	__ribosome	28.4	0.0	0.0
119	__rnase_site_ext	15.2	0.0	0.0
119	p0	0.8	0.0	0.0
119	p1	0.6	0.0	0.0
119	protein1	468.6	14.8	1.9672756
119	protein2	434.6	16.0	1.8296078
119	protein3	186.8	6.8	2.0533334
119	r2	6.4	0.0	0.0
119	rnapol	0.2	0.0	0.0
120	__protein1_rbs	10.0	0.0	0.0
120	__protein2_rbs	10.8	0.0	0.0
120	__protein3_rbs	3.2	0.0	0.0
120	__ribosome	28.8	0.0	0.0
120	__rnase_site_ext	15.0	0.0	0.0
120	p0	1.0	0.0	0.0
120	p1	0.8	0.0	0.0
120	protein1	474.0	14.8	1.9577778000000001
120	protein2	440.4	16.2	1.832549
120	protein3	190.2	6.4	2.1222222000000004
120	r2	6.6	0.0	0.0
120	rnapol	0.4	0.0	0.0
121	__protein1_rbs	9.8	0.0	0.0
121	__protein2_rbs	7.8	0.0	0.0
121	__protein3_rbs	4.6	0.0	0.0
121	__ribosome	28.6	0.0	0.0
121	__rnase_site_ext	15.0	0.0	0.0
121	p0	1.0	0.0	0.0
121	p1	0.6	0.0	0.0
121	protein1	480.6	14.6	1.8064542000000001
121	protein2	445.2	16.4	1.989804
121	protein3	193.0	6.8	1.8853970000000002
121	r2	6.6	0.0	0.0
121	rnapol	0.4	0.0	0.0
122	__protein1_rbs	9.4	0.0	0.0
122	__protein2_rbs	10.0	0.0	0.0
122	__protein3_rbs	3.4	0.0	0.0
122	__ribosome	30.2	0.0	0.0
122	__rnase_site_ext	15.0	0.0	0.0
122	p0	0.6	0.0	0.0
122	p1	0.8	0.0	0.0
122	protein1	486.0	14.6	1.835049
122	protein2	452.4	16.6	1.8611928
122	protein3	196.0	6.6	1.9384128
122	r2	6.6	0.0	0.0
122	rnapol	0.0	0.0	0.0
123	__protein1_rbs	10.6	0.0	0.0
123	__protein2_rbs	10.2	0.0	0.0
123	__protein3_rbs	4.0	0.0	0.0
123	__ribosome	30.2	0.0	0.0
123	__rnase_site_ext	15.0	0.0	0.0
123	p0	0.8	0.0	0.0
123	p1	0.6	0.0	0.0
123	protein1	492.0	14.6	1.7124852000000002
123	protein2	457.8	16.6	1.9414052
123	protein3	198.4	6.6	1.9669842
123	r2	6.6	0.0	0.0
123	rnapol	0.0	0.0	0.0
124	__protein1_rbs	8.4	0.0	0.0
124	__protein2_rbs	8.4	0.0	0.0
124	__protein3_rbs	4.0	0.0	0.0
124	__ribosome	28.6	0.0	0.0
124	__rnase_site_ext	14.6	0.0	0.0
124	p0	1.0	0.0	0.0
124	p1	0.6	0.0	0.0
124	protein1	498.2	14.6	1.7161402000000003
124	protein2	464.4	16.4	1.9828596
124	protein3	200.2	6.6	2.1285714
124	r2	7.0	0.0	0.0
124	rnapol	0.4	0.0	0.0
125	__protein1_rbs	8.4	0.0	0.0
125	__protein2_rbs	9.8	0.0	0.0
125	__protein3_rbs	4.6	0.0	0.0
125	__ribosome	29.2	0.0	0.0
125	__rnase_site_ext	14.8	0.0	0.0
125	p0	0.6	0.0	0.0
125	p1	0.6	0.0	0.0
125	protein1	502.6	14.6	1.8050876
125	protein2	470.4	16.6	1.9602736
125	protein3	203.6	6.6	1.8561906
125	r2	7.0	0.0	0.0
125	rnapol	0.0	0.0	0.0
126	__protein1_rbs	10.2	0.0	0.0
126	__protein2_rbs	11.2	0.0	0.0
126	__protein3_rbs	3.0	0.0	0.0
126	__ribosome	30.8	0.0	0.0
126	__rnase_site_ext	14.8	0.0	0.0
126	p0	1.0	0.0	0.0
126	p1	0.8	0.0	0.0
126	protein1	507.0	14.4	1.7838636000000003
126	protein2	477.2	16.8	1.871241
126	protein3	206.6	6.6	1.940635
126	r2	7.0	0.0	0.0
126	rnapol	0.2	0.0	0.0
127	__protein1_rbs	9.2	0.0	0.0
127	__protein2_rbs	9.8	0.0	0.0
127	__protein3_rbs	4.4	0.0	0.0
127	__ribosome	30.8	0.0	0.0
127	__rnase_site_ext	14.6	0.0	0.0
127	p0	0.8	0.0	0.0
127	p1	0.8	0.0	0.0
127	protein1	513.2	14.4	1.7000000000000004
127	protein2	484.0	16.6	1.9141921999999998
127	protein3	208.8	6.8	1.9533334
127	r2	7.0	0.0	0.0
127	rnapol	0.4	0.0	0.0
128	__protein1_rbs	8.8	0.0	0.0
128	__protein2_rbs	10.6	0.0	0.0
128	__protein3_rbs	4.2	0.0	0.0
128	__ribosome	27.2	0.0	0.0
128	__rnase_site_ext	14.8	0.0	0.0
128	p0	1.0	0.0	0.0
128	p1	0.6	0.0	0.0
128	protein1	517.4	14.2	1.8361402
128	protein2	489.2	16.8	1.951159
128	protein3	210.8	7.2	2.0366666
128	r2	7.0	0.0	0.0
128	rnapol	0.4	0.0	0.0
129	__protein1_rbs	9.4	0.0	0.0
129	__protein2_rbs	11.2	0.0	0.0
129	__protein3_rbs	4.6	0.0	0.0
129	__ribosome	29.2	0.0	0.0
129	__rnase_site_ext	14.8	0.0	0.0
129	p0	0.8	0.0	0.0
129	p1	0.4	0.0	0.0
129	protein1	522.8	14.4	1.78
129	protein2	496.6	16.8	1.8905056
129	protein3	213.6	7.2	2.0524244
129	r2	7.0	0.0	0.0
129	rnapol	0.4	0.0	0.0
130	__protein1_rbs	10.0	0.0	0.0
130	__protein2_rbs	11.2	0.0	0.0
130	__protein3_rbs	4.6	0.0	0.0
130	__ribosome	31.6	0.0	0.0
130	__rnase_site_ext	14.6	0.0	0.0
130	p0	1.0	0.0	0.0
130	p1	0.8	0.0	0.0
130	protein1	528.6	14.6	1.6054546000000005
130	protein2	503.6	17.0	1.8392254
130	protein3	216.4	7.2	2.0422728
130	r2	7.2	0.0	0.0
130	rnapol	0.4	0.0	0.0
131	__protein1_rbs	7.6	0.0	0.0
131	__protein2_rbs	8.6	0.0	0.0
131	__protein3_rbs	4.4	0.0	0.0
131	__ribosome	28.2	0.0	0.0
131	__rnase_site_ext	14.6	0.0	0.0
131	p0	1.0	0.0	0.0
131	p1	0.8	0.0	0.0
131	protein1	532.6	14.4	1.81
131	protein2	509.6	17.0	1.937874
131	protein3	219.6	7.2	1.9206061999999997
131	r2	7.6	0.0	0.0
131	rnapol	0.2	0.0	0.0
132	__protein1_rbs	9.2	0.0	0.0
132	__protein2_rbs	11.6	0.0	0.0
132	__protein3_rbs	4.2	0.0	0.0
132	__ribosome	32.2	0.0	0.0
132	__rnase_site_ext	14.4	0.0	0.0
132	p0	0.8	0.0	0.0
132	p1	0.6	0.0	0.0
132	protein1	539.2	14.4	1.6852216000000002
132	protein2	516.4	16.8	1.8179536000000005
132	protein3	221.8	7.2	1.9995672
132	r2	7.6	0.0	0.0
132	rnapol	0.4	0.0	0.0
133	__protein1_rbs	9.4	0.0	0.0
133	__protein2_rbs	9.8	0.0	0.0
133	__protein3_rbs	4.8	0.0	0.0
133	__ribosome	32.2	0.0	0.0
133	__rnase_site_ext	14.6	0.0	0.0
133	p0	0.6	0.0	0.0
133	p1	0.8	0.0	0.0
133	protein1	543.4	14.0	1.7467133999999995
133	protein2	522.2	16.6	1.8610702000000001
133	protein3	225.4	7.0	1.9012986
133	r2	7.4	0.0	0.0
133	rnapol	0.2	0.0	0.0
134	__protein1_rbs	8.2	0.0	0.0
134	__protein2_rbs	10.4	0.0	0.0
134	__protein3_rbs	3.4	0.0	0.0
134	__ribosome	29.2	0.0	0.0
134	__rnase_site_ext	14.8	0.0	0.0
134	p0	1.0	0.0	0.0
134	p1	0.8	0.0	0.0
134	protein1	548.2	14.0	1.9089104
134	protein2	528.4	17.0	1.8550278
134	protein3	228.0	7.4	1.9104978
134	r2	7.6	0.0	0.0
134	rnapol	0.2	0.0	0.0
135	__protein1_rbs	8.2	0.0	0.0
135	__protein2_rbs	10.6	0.0	0.0
135	__protein3_rbs	4.8	0.0	0.0
135	__ribosome	28.0	0.0	0.0
135	__rnase_site_ext	14.4	0.0	0.0
135	p0	1.0	0.0	0.0
135	p1	0.6	0.0	0.0
135	protein1	552.0	14.2	1.9916668
135	protein2	535.0	16.8	1.8544842000000001
135	protein3	230.8	7.8	1.8601588
135	r2	7.8	0.0	0.0
135	rnapol	0.6	0.0	0.0
136	__protein1_rbs	9.0	0.0	0.0
136	__protein2_rbs	10.8	0.0	0.0
136	__protein3_rbs	5.0	0.0	0.0
136	__ribosome	28.8	0.0	0.0
136	__rnase_site_ext	14.2	0.0	0.0
136	p0	0.8	0.0	0.0
136	p1	0.8	0.0	0.0
136	protein1	557.2	13.8	2.0013919999999996
136	protein2	541.2	16.8	1.8456748
136	protein3	233.6	7.6	1.8440474
136	r2	7.6	0.0	0.0
136	rnapol	0.4	0.0	0.0
137	__protein1_rbs	8.4	0.0	0.0
137	__protein2_rbs	9.6	0.0	0.0
137	__protein3_rbs	5.2	0.0	0.0
137	__ribosome	29.0	0.0	0.0
137	__rnase_site_ext	13.8	0.0	0.0
137	p0	0.8	0.0	0.0
137	p1	0.8	0.0	0.0
137	protein1	563.2	13.8	1.9626546000000002
137	protein2	547.8	16.6	1.892262
137	protein3	236.2	7.6	1.8680952
137	r2	7.4	0.0	0.0
137	rnapol	0.4	0.0	0.0
138	__protein1_rbs	7.8	0.0	0.0
138	__protein2_rbs	10.0	0.0	0.0
138	__protein3_rbs	4.0	0.0	0.0
138	__ribosome	27.4	0.0	0.0
138	__rnase_site_ext	14.4	0.0	0.0
138	p0	0.6	0.0	0.0
138	p1	1.0	0.0	0.0
138	protein1	568.8	13.2	2.0266668
138	protein2	553.4	16.4	1.9541058
138	protein3	238.2	7.6	2.1416668000000003
138	r2	7.2	0.0	0.0
138	rnapol	0.0	0.0	0.0
139	__protein1_rbs	8.6	0.0	0.0
139	__protein2_rbs	10.2	0.0	0.0
139	__protein3_rbs	6.0	0.0	0.0
139	__ribosome	30.0	0.0	0.0
139	__rnase_site_ext	14.8	0.0	0.0
139	p0	0.8	0.0	0.0
139	p1	0.8	0.0	0.0
139	protein1	573.4	13.8	1.9961928
139	protein2	560.0	16.4	1.8987696
139	protein3	241.8	7.8	1.7733333999999998
139	r2	7.4	0.0	0.0
139	rnapol	0.2	0.0	0.0
140	__protein1_rbs	7.8	0.0	0.0
140	__protein2_rbs	10.4	0.0	0.0
140	__protein3_rbs	4.2	0.0	0.0
140	__ribosome	29.0	0.0	0.0
140	__rnase_site_ext	14.8	0.0	0.0
140	p0	0.6	0.0	0.0
140	p1	0.8	0.0	0.0
140	protein1	578.6	14.0	2.018889
140	protein2	566.2	16.0	1.9460714
140	protein3	245.6	8.0	1.7166666000000002
140	r2	7.4	0.0	0.0
140	rnapol	0.2	0.0	0.0
141	__protein1_rbs	7.6	0.0	0.0
141	__protein2_rbs	10.0	0.0	0.0
141	__protein3_rbs	5.0	0.0	0.0
141	__ribosome	30.4	0.0	0.0
141	__rnase_site_ext	15.0	0.0	0.0
141	p0	1.0	0.0	0.0
141	p1	0.6	0.0	0.0
141	protein1	584.2	14.0	2.0420512
141	protein2	573.8	16.0	1.7941665999999998
141	protein3	247.6	7.6	1.8725756000000002
141	r2	7.6	0.0	0.0
141	rnapol	0.4	0.0	0.0
142	__protein1_rbs	8.6	0.0	0.0
142	__protein2_rbs	9.0	0.0	0.0
142	__protein3_rbs	4.6	0.0	0.0
142	__ribosome	27.8	0.0	0.0
142	__rnase_site_ext	15.2	0.0	0.0
142	p0	0.8	0.0	0.0
142	p1	0.8	0.0	0.0
142	protein1	589.0	14.4	2.0654914
142	protein2	579.0	15.8	1.8800279999999998
142	protein3	250.0	7.6	1.9657576000000003
142	r2	7.6	0.0	0.0
142	rnapol	0.2	0.0	0.0
143	__protein1_rbs	10.6	0.0	0.0
143	__protein2_rbs	10.2	0.0	0.0
143	__protein3_rbs	4.6	0.0	0.0
143	__ribosome	31.0	0.0	0.0
143	__rnase_site_ext	14.8	0.0	0.0
143	p0	1.0	0.0	0.0
143	p1	0.8	0.0	0.0
143	protein1	595.2	14.6	1.9104072000000003
143	protein2	585.8	16.2	1.7606232
143	protein3	253.0	7.8	1.8583333999999998
143	r2	7.4	0.0	0.0
143	rnapol	0.4	0.0	0.0
144	__protein1_rbs	8.8	0.0	0.0
144	__protein2_rbs	9.2	0.0	0.0
144	__protein3_rbs	5.4	0.0	0.0
144	__ribosome	29.8	0.0	0.0
144	__rnase_site_ext	14.8	0.0	0.0
144	p0	0.6	0.0	0.0
144	p1	0.6	0.0	0.0
144	protein1	601.6	14.4	1.8388887999999999
144	protein2	590.6	16.0	1.8681371999999998
144	protein3	255.0	7.4	2.0533334
144	r2	7.4	0.0	0.0
144	rnapol	0.4	0.0	0.0
145	__protein1_rbs	7.8	0.0	0.0
145	__protein2_rbs	9.6	0.0	0.0
145	__protein3_rbs	5.0	0.0	0.0
145	__ribosome	29.0	0.0	0.0
145	__rnase_site_ext	14.4	0.0	0.0
145	p0	0.8	0.0	0.0
145	p1	0.4	0.0	0.0
145	protein1	606.8	14.0	1.976854
145	protein2	595.8	16.0	1.9076959999999998
145	protein3	259.4	7.8	1.775
145	r2	7.4	0.0	0.0
145	rnapol	0.6	0.0	0.0
146	__protein1_rbs	9.4	0.0	0.0
146	__protein2_rbs	10.6	0.0	0.0
146	__protein3_rbs	4.4	0.0	0.0
146	__ribosome	29.0	0.0	0.0
146	__rnase_site_ext	14.0	0.0	0.0
146	p0	1.0	0.0	0.0
146	p1	0.6	0.0	0.0
146	protein1	612.6	13.8	1.8825273999999999
146	protein2	601.6	16.0	1.9489706
146	protein3	261.6	7.8	1.8416666000000002
146	r2	6.8	0.0	0.0
146	rnapol	0.8	0.0	0.0
147	__protein1_rbs	8.4	0.0	0.0
147	__protein2_rbs	8.4	0.0	0.0
147	__protein3_rbs	5.8	0.0	0.0
147	__ribosome	28.6	0.0	0.0
147	__rnase_site_ext	14.2	0.0	0.0
147	p0	1.0	0.0	0.0
147	p1	0.4	0.0	0.0
147	protein1	618.6	13.4	1.8607692
147	protein2	606.8	16.6	2.0220146
147	protein3	264.2	7.8	1.786111
147	r2	6.8	0.0	0.0
147	rnapol	0.6	0.0	0.0
148	__protein1_rbs	7.6	0.0	0.0
148	__protein2_rbs	10.8	0.0	0.0
148	__protein3_rbs	5.2	0.0	0.0
148	__ribosome	30.4	0.0	0.0
148	__rnase_site_ext	14.0	0.0	0.0
148	p0	0.8	0.0	0.0
148	p1	0.6	0.0	0.0
148	protein1	622.2	13.4	1.980824
148	protein2	615.0	16.2	1.9469446
148	protein3	267.8	7.8	1.5833334
148	r2	6.8	0.0	0.0
148	rnapol	0.4	0.0	0.0
149	__protein1_rbs	8.0	0.0	0.0
149	__protein2_rbs	9.2	0.0	0.0
149	__protein3_rbs	4.4	0.0	0.0
149	__ribosome	28.6	0.0	0.0
149	__rnase_site_ext	14.2	0.0	0.0
149	p0	1.0	0.0	0.0
149	p1	0.8	0.0	0.0
149	protein1	628.4	13.2	1.9676192
149	protein2	620.2	16.2	2.048853
149	protein3	269.6	7.6	1.8083334
149	r2	6.6	0.0	0.0
149	rnapol	0.8	0.0	0.0
150	__protein1_rbs	7.0	0.0	0.0
150	__protein2_rbs	9.2	0.0	0.0
150	__protein3_rbs	4.2	0.0	0.0
150	__ribosome	28.4	0.0	0.0
150	__rnase_site_ext	14.2	0.0	0.0
150	p0	1.0	0.0	0.0
150	p1	0.8	0.0	0.0
150	protein1	633.6	13.4	2.0575
150	protein2	628.0	16.6	1.9581826
150	protein3	272.8	7.4	1.8045454
150	r2	6.6	0.0	0.0
150	rnapol	1.0	0.0	0.0
151	__protein1_rbs	9.2	0.0	0.0
151	__protein2_rbs	9.2	0.0	0.0
151	__protein3_rbs	5.0	0.0	0.0
151	__ribosome	30.2	0.0	0.0
151	__rnase_site_ext	14.6	0.0	0.0
151	p0	0.4	0.0	0.0
151	p1	0.6	0.0	0.0
151	protein1	639.2	13.4	1.9029762
151	protein2	634.2	16.4	1.9905916
151	protein3	275.8	7.4	1.72
151	r2	6.6	0.0	0.0
151	rnapol	0.8	0.0	0.0
152	__protein1_rbs	7.6	0.0	0.0
152	__protein2_rbs	9.8	0.0	0.0
152	__protein3_rbs	4.8	0.0	0.0
152	__ribosome	30.6	0.0	0.0
152	__rnase_site_ext	14.8	0.0	0.0
152	p0	0.8	0.0	0.0
152	p1	0.8	0.0	0.0
152	protein1	644.8	13.6	1.9161356
152	protein2	641.2	16.2	1.9760606
152	protein3	278.0	7.0	1.7961906
152	r2	6.8	0.0	0.0
152	rnapol	0.6	0.0	0.0
153	__protein1_rbs	9.4	0.0	0.0
153	__protein2_rbs	11.4	0.0	0.0
153	__protein3_rbs	4.0	0.0	0.0
153	__ribosome	29.4	0.0	0.0
153	__rnase_site_ext	14.6	0.0	0.0
153	p0	0.8	0.0	0.0
153	p1	0.8	0.0	0.0
153	protein1	649.2	14.0	1.8744638
153	protein2	646.2	16.4	1.953785
153	protein3	280.4	7.0	1.9019048
153	r2	7.0	0.0	0.0
153	rnapol	0.4	0.0	0.0
154	__protein1_rbs	10.0	0.0	0.0
154	__protein2_rbs	9.4	0.0	0.0
154	__protein3_rbs	5.6	0.0	0.0
154	__ribosome	33.0	0.0	0.0
154	__rnase_site_ext	14.8	0.0	0.0
154	p0	0.8	0.0	0.0
154	p1	1.0	0.0	0.0
154	protein1	654.4	14.0	1.792331
154	protein2	653.4	16.2	1.9544056
154	protein3	284.0	7.0	1.6849349999999998
154	r2	7.4	0.0	0.0
154	rnapol	0.2	0.0	0.0
155	__protein1_rbs	8.0	0.0	0.0
155	__protein2_rbs	8.6	0.0	0.0
155	__protein3_rbs	4.6	0.0	0.0
155	__ribosome	32.2	0.0	0.0
155	__rnase_site_ext	14.8	0.0	0.0
155	p0	0.8	0.0	0.0
155	p1	0.8	0.0	0.0
155	protein1	659.6	13.8	1.8710490000000002
155	protein2	660.4	16.2	1.9452152
155	protein3	287.0	7.0	1.6763635999999995
155	r2	7.4	0.0	0.0
155	rnapol	0.2	0.0	0.0
156	__protein1_rbs	7.2	0.0	0.0
156	__protein2_rbs	8.6	0.0	0.0
156	__protein3_rbs	3.8	0.0	0.0
156	__ribosome	28.6	0.0	0.0
156	__rnase_site_ext	15.0	0.0	0.0
156	p0	1.0	0.0	0.0
156	p1	1.0	0.0	0.0
156	protein1	665.2	14.0	1.9408976000000002
156	protein2	666.8	16.0	2.0087412
156	protein3	288.6	7.0	1.8851948
156	r2	7.4	0.0	0.0
156	rnapol	0.4	0.0	0.0
157	__protein1_rbs	8.2	0.0	0.0
157	__protein2_rbs	10.2	0.0	0.0
157	__protein3_rbs	4.6	0.0	0.0
157	__ribosome	29.2	0.0	0.0
157	__rnase_site_ext	14.6	0.0	0.0
157	p0	1.0	0.0	0.0
157	p1	0.4	0.0	0.0
157	protein1	671.0	14.2	1.9176456
157	protein2	673.4	16.2	1.9354727999999999
157	protein3	290.8	7.6	1.8412119999999998
157	r2	7.6	0.0	0.0
157	rnapol	0.6	0.0	0.0
158	__protein1_rbs	7.8	0.0	0.0
158	__protein2_rbs	9.2	0.0	0.0
158	__protein3_rbs	5.0	0.0	0.0
158	__ribosome	27.4	0.0	0.0
158	__rnase_site_ext	14.6	0.0	0.0
158	p0	0.8	0.0	0.0
158	p1	0.4	0.0	0.0
158	protein1	675.6	13.6	2.0829106
158	protein2	678.4	16.2	1.9914896
158	protein3	294.0	7.6	1.7217171999999998
158	r2	7.4	0.0	0.0
158	rnapol	0.4	0.0	0.0
159	__protein1_rbs	8.0	0.0	0.0
159	__protein2_rbs	9.4	0.0	0.0
159	__protein3_rbs	4.4	0.0	0.0
159	__ribosome	27.2	0.0	0.0
159	__rnase_site_ext	14.6	0.0	0.0
159	p0	0.8	0.0	0.0
159	p1	0.6	0.0	0.0
159	protein1	680.4	13.6	2.0985548
159	protein2	685.4	16.6	1.9187866000000002
159	protein3	296.0	7.6	1.8311616
159	r2	7.4	0.0	0.0
159	rnapol	0.4	0.0	0.0
160	__protein1_rbs	9.6	0.0	0.0
160	__protein2_rbs	11.0	0.0	0.0
160	__protein3_rbs	4.4	0.0	0.0
160	__ribosome	30.2	0.0	0.0
160	__rnase_site_ext	14.8	0.0	0.0
160	p0	1.0	0.0	0.0
160	p1	0.4	0.0	0.0
160	protein1	686.4	13.8	1.9263736
160	protein2	692.8	16.6	1.8075494
160	protein3	298.8	7.4	1.9359596000000001
160	r2	7.4	0.0	0.0
160	rnapol	0.6	0.0	0.0
161	__protein1_rbs	8.2	0.0	0.0
161	__protein2_rbs	11.6	0.0	0.0
161	__protein3_rbs	4.6	0.0	0.0
161	__ribosome	30.4	0.0	0.0
161	__rnase_site_ext	14.6	0.0	0.0
161	p0	1.0	0.0	0.0
161	p1	0.8	0.0	0.0
161	protein1	692.6	14.0	1.8707692
161	protein2	698.8	16.4	1.7537014
161	protein3	300.8	7.6	2.0585858000000004
161	r2	7.4	0.0	0.0
161	rnapol	0.6	0.0	0.0
162	__protein1_rbs	8.8	0.0	0.0
162	__protein2_rbs	8.4	0.0	0.0
162	__protein3_rbs	3.8	0.0	0.0
162	__ribosome	31.0	0.0	0.0
162	__rnase_site_ext	14.6	0.0	0.0
162	p0	0.8	0.0	0.0
162	p1	0.8	0.0	0.0
162	protein1	699.0	13.8	1.7624175999999998
162	protein2	705.0	15.8	1.9174836
162	protein3	304.4	7.6	1.9588383999999999
162	r2	7.4	0.0	0.0
162	rnapol	0.8	0.0	0.0
163	__protein1_rbs	8.0	0.0	0.0
163	__protein2_rbs	9.4	0.0	0.0
163	__protein3_rbs	3.8	0.0	0.0
163	__ribosome	29.4	0.0	0.0
163	__rnase_site_ext	15.0	0.0	0.0
163	p0	0.6	0.0	0.0
163	p1	1.0	0.0	0.0
163	protein1	703.4	13.6	1.8844688
163	protein2	711.0	16.0	1.912887
163	protein3	307.4	7.4	1.9853534
163	r2	7.4	0.0	0.0
163	rnapol	0.8	0.0	0.0
164	__protein1_rbs	8.4	0.0	0.0
164	__protein2_rbs	9.6	0.0	0.0
164	__protein3_rbs	3.8	0.0	0.0
164	__ribosome	27.8	0.0	0.0
164	__rnase_site_ext	15.2	0.0	0.0
164	p0	0.4	0.0	0.0
164	p1	0.8	0.0	0.0
164	protein1	709.6	14.2	1.8333334
164	protein2	717.4	15.8	1.919528
164	protein3	309.8	7.4	2.1621933999999996
164	r2	7.4	0.0	0.0
164	rnapol	0.4	0.0	0.0
165	__protein1_rbs	10.0	0.0	0.0
165	__protein2_rbs	9.2	0.0	0.0
165	__protein3_rbs	4.2	0.0	0.0
165	__ribosome	27.4	0.0	0.0
165	__rnase_site_ext	15.4	0.0	0.0
165	p0	0.8	0.0	0.0
165	p1	0.6	0.0	0.0
165	protein1	714.0	14.2	1.8636906000000002
165	protein2	723.0	15.8	1.9650644
165	protein3	313.6	7.4	2.0560606
165	r2	7.2	0.0	0.0
165	rnapol	0.4	0.0	0.0
166	__protein1_rbs	9.4	0.0	0.0
166	__protein2_rbs	9.0	0.0	0.0
166	__protein3_rbs	5.2	0.0	0.0
166	__ribosome	27.2	0.0	0.0
166	__rnase_site_ext	15.4	0.0	0.0
166	p0	0.8	0.0	0.0
166	p1	0.6	0.0	0.0
166	protein1	719.2	14.8	1.7981577999999998
166	protein2	729.8	15.8	1.9435938000000001
166	protein3	315.8	7.8	2.0833332
166	r2	7.6	0.0	0.0
166	rnapol	0.4	0.0	0.0
167	__protein1_rbs	10.4	0.0	0.0
167	__protein2_rbs	11.6	0.0	0.0
167	__protein3_rbs	5.6	0.0	0.0
167	__ribosome	30.4	0.0	0.0
167	__rnase_site_ext	15.2	0.0	0.0
167	p0	1.0	0.0	0.0
167	p1	1.0	0.0	0.0
167	protein1	725.0	14.6	1.7196427999999997
167	protein2	736.2	16.2	1.7920279999999995
167	protein3	318.6	8.0	2.0155556
167	r2	7.8	0.0	0.0
167	rnapol	0.4	0.0	0.0
168	__protein1_rbs	8.0	0.0	0.0
168	__protein2_rbs	8.0	0.0	0.0
168	__protein3_rbs	5.4	0.0	0.0
168	__ribosome	30.0	0.0	0.0
168	__rnase_site_ext	15.2	0.0	0.0
168	p0	1.0	0.0	0.0
168	p1	0.8	0.0	0.0
168	protein1	730.6	14.4	1.8139653999999998
168	protein2	741.8	16.0	1.9055556
168	protein3	323.4	8.0	1.7272221999999997
168	r2	7.8	0.0	0.0
168	rnapol	0.4	0.0	0.0
169	__protein1_rbs	8.8	0.0	0.0
169	__protein2_rbs	10.0	0.0	0.0
169	__protein3_rbs	4.4	0.0	0.0
169	__ribosome	31.0	0.0	0.0
169	__rnase_site_ext	15.2	0.0	0.0
169	p0	1.0	0.0	0.0
169	p1	0.4	0.0	0.0
169	protein1	736.0	14.4	1.8232692
169	protein2	748.6	16.0	1.8756158
169	protein3	326.4	7.6	1.8319048
169	r2	8.0	0.0	0.0
169	rnapol	0.2	0.0	0.0
170	__protein1_rbs	8.4	0.0	0.0
170	__protein2_rbs	9.6	0.0	0.0
170	__protein3_rbs	4.6	0.0	0.0
170	__ribosome	30.0	0.0	0.0
170	__rnase_site_ext	15.2	0.0	0.0
170	p0	1.0	0.0	0.0
170	p1	0.6	0.0	0.0
170	protein1	741.8	14.4	1.8351648
170	protein2	754.6	15.8	1.956278
170	protein3	329.4	8.0	1.7599268
170	r2	8.0	0.0	0.0
170	rnapol	0.2	0.0	0.0
171	__protein1_rbs	9.0	0.0	0.0
171	__protein2_rbs	9.2	0.0	0.0
171	__protein3_rbs	4.8	0.0	0.0
171	__ribosome	27.2	0.0	0.0
171	__rnase_site_ext	15.2	0.0	0.0
171	p0	1.0	0.0	0.0
171	p1	0.2	0.0	0.0
171	protein1	745.8	14.4	1.9416208
171	protein2	760.6	16.2	1.9783498
171	protein3	332.6	7.8	1.6873016
171	r2	7.6	0.0	0.0
171	rnapol	0.6	0.0	0.0
172	__protein1_rbs	9.4	0.0	0.0
172	__protein2_rbs	11.4	0.0	0.0
172	__protein3_rbs	3.4	0.0	0.0
172	__ribosome	26.6	0.0	0.0
172	__rnase_site_ext	15.4	0.0	0.0
172	p0	0.8	0.0	0.0
172	p1	0.8	0.0	0.0
172	protein1	751.4	14.4	1.8869504000000001
172	protein2	766.0	16.4	1.9035132
172	protein3	334.2	8.0	1.9833333999999998
172	r2	7.4	0.0	0.0
172	rnapol	0.8	0.0	0.0
173	__protein1_rbs	10.8	0.0	0.0
173	__protein2_rbs	9.0	0.0	0.0
173	__protein3_rbs	5.0	0.0	0.0
173	__ribosome	28.4	0.0	0.0
173	__rnase_site_ext	16.0	0.0	0.0
173	p0	0.6	0.0	0.0
173	p1	0.8	0.0	0.0
173	protein1	757.2	14.4	1.7925824000000001
173	protein2	772.6	16.6	1.9112868
173	protein3	337.6	8.0	1.8742858
173	r2	7.4	0.0	0.0
173	rnapol	0.2	0.0	0.0
174	__protein1_rbs	7.6	0.0	0.0
174	__protein2_rbs	12.4	0.0	0.0
174	__protein3_rbs	5.6	0.0	0.0
174	__ribosome	30.4	0.0	0.0
174	__rnase_site_ext	15.6	0.0	0.0
174	p0	0.8	0.0	0.0
174	p1	1.0	0.0	0.0
174	protein1	763.6	15.2	1.7763795999999998
174	protein2	780.0	16.4	1.7213889999999998
174	protein3	340.2	8.2	1.8157144000000005
174	r2	7.4	0.0	0.0
174	rnapol	0.0	0.0	0.0
175	__protein1_rbs	10.2	0.0	0.0
175	__protein2_rbs	9.4	0.0	0.0
175	__protein3_rbs	6.0	0.0	0.0
175	__ribosome	32.4	0.0	0.0
175	__rnase_site_ext	15.6	0.0	0.0
175	p0	1.0	0.0	0.0
175	p1	0.8	0.0	0.0
175	protein1	768.8	14.8	1.7501282
175	protein2	787.4	16.2	1.7387468
175	protein3	343.4	8.2	1.687143
175	r2	7.6	0.0	0.0
175	rnapol	0.6	0.0	0.0
176	__protein1_rbs	8.0	0.0	0.0
176	__protein2_rbs	11.0	0.0	0.0
176	__protein3_rbs	4.6	0.0	0.0
176	__ribosome	30.0	0.0	0.0
176	__rnase_site_ext	15.6	0.0	0.0
176	p0	0.8	0.0	0.0
176	p1	0.8	0.0	0.0
176	protein1	774.6	14.8	1.8443774
176	protein2	793.2	16.2	1.7358898
176	protein3	346.2	8.2	1.8407142
176	r2	7.6	0.0	0.0
176	rnapol	1.0	0.0	0.0
177	__protein1_rbs	9.0	0.0	0.0
177	__protein2_rbs	9.8	0.0	0.0
177	__protein3_rbs	4.8	0.0	0.0
177	__ribosome	30.0	0.0	0.0
177	__rnase_site_ext	15.8	0.0	0.0
177	p0	0.8	0.0	0.0
177	p1	0.8	0.0	0.0
177	protein1	779.4	15.0	1.8803572
177	protein2	799.6	16.2	1.7003842000000002
177	protein3	349.8	7.6	1.925
177	r2	7.4	0.0	0.0
177	rnapol	0.8	0.0	0.0
178	__protein1_rbs	9.6	0.0	0.0
178	__protein2_rbs	10.0	0.0	0.0
178	__protein3_rbs	5.2	0.0	0.0
178	__ribosome	29.8	0.0	0.0
178	__rnase_site_ext	15.6	0.0	0.0
178	p0	1.0	0.0	0.0
178	p1	1.0	0.0	0.0
178	protein1	784.0	14.8	1.9711264
178	protein2	805.8	16.2	1.7087383999999999
178	protein3	353.0	7.4	1.8488093999999997
178	r2	7.6	0.0	0.0
178	rnapol	1.0	0.0	0.0
179	__protein1_rbs	9.0	0.0	0.0
179	__protein2_rbs	10.2	0.0	0.0
179	__protein3_rbs	5.0	0.0	0.0
179	__ribosome	27.6	0.0	0.0
179	__rnase_site_ext	15.8	0.0	0.0
179	p0	1.0	0.0	0.0
179	p1	0.2	0.0	0.0
179	protein1	789.4	14.6	1.9928203999999998
179	protein2	810.6	16.4	1.7737304000000005
179	protein3	355.4	7.8	1.8221246
179	r2	7.4	0.0	0.0
179	rnapol	1.0	0.0	0.0
180	__protein1_rbs	9.8	0.0	0.0
180	__protein2_rbs	9.6	0.0	0.0
180	__protein3_rbs	4.8	0.0	0.0
180	__ribosome	28.2	0.0	0.0
180	__rnase_site_ext	16.0	0.0	0.0
180	p0	1.0	0.0	0.0
180	p1	0.2	0.0	0.0
180	protein1	796.0	14.8	1.9046152
180	protein2	816.8	16.4	1.7733624
180	protein3	358.2	7.6	1.9876372
180	r2	7.4	0.0	0.0
180	rnapol	1.0	0.0	0.0
181	__protein1_rbs	9.8	0.0	0.0
181	__protein2_rbs	10.2	0.0	0.0
181	__protein3_rbs	4.2	0.0	0.0
181	__ribosome	28.8	0.0	0.0
181	__rnase_site_ext	16.0	0.0	0.0
181	p0	1.0	0.0	0.0
181	p1	0.8	0.0	0.0
181	protein1	803.4	15.0	1.7358974000000005
181	protein2	821.8	16.4	1.8246114
181	protein3	361.0	7.8	2.0173076
181	r2	7.2	0.0	0.0
181	rnapol	1.2	0.0	0.0
182	__protein1_rbs	9.4	0.0	0.0
182	__protein2_rbs	9.6	0.0	0.0
182	__protein3_rbs	4.4	0.0	0.0
182	__ribosome	28.0	0.0	0.0
182	__rnase_site_ext	16.0	0.0	0.0
182	p0	0.6	0.0	0.0
182	p1	0.8	0.0	0.0
182	protein1	809.0	15.0	1.715577
182	protein2	828.8	16.6	1.8491502
182	protein3	364.2	7.8	2.1034616
182	r2	7.2	0.0	0.0
182	rnapol	1.0	0.0	0.0
183	__protein1_rbs	8.6	0.0	0.0
183	__protein2_rbs	9.6	0.0	0.0
183	__protein3_rbs	5.2	0.0	0.0
183	__ribosome	25.0	0.0	0.0
183	__rnase_site_ext	16.4	0.0	0.0
183	p0	0.8	0.0	0.0
183	p1	0.6	0.0	0.0
183	protein1	813.4	15.0	1.8608334
183	protein2	834.6	16.6	1.9315684
183	protein3	367.2	7.8	2.0384616
183	r2	7.2	0.0	0.0
183	rnapol	0.8	0.0	0.0
184	__protein1_rbs	9.4	0.0	0.0
184	__protein2_rbs	9.8	0.0	0.0
184	__protein3_rbs	3.8	0.0	0.0
184	__ribosome	24.6	0.0	0.0
184	__rnase_site_ext	16.6	0.0	0.0
184	p0	0.8	0.0	0.0
184	p1	0.6	0.0	0.0
184	protein1	820.0	15.4	1.795
184	protein2	841.4	16.6	1.9335293999999998
184	protein3	370.2	7.4	2.1838094
184	r2	6.8	0.0	0.0
184	rnapol	1.0	0.0	0.0
185	__protein1_rbs	9.8	0.0	0.0
185	__protein2_rbs	10.6	0.0	0.0
185	__protein3_rbs	4.0	0.0	0.0
185	__ribosome	25.2	0.0	0.0
185	__rnase_site_ext	16.6	0.0	0.0
185	p0	1.0	0.0	0.0
185	p1	0.8	0.0	0.0
185	protein1	825.6	15.4	1.8091668
185	protein2	847.6	16.6	1.9214054
185	protein3	373.4	7.6	1.96
185	r2	6.8	0.0	0.0
185	rnapol	1.4	0.0	0.0
186	__protein1_rbs	9.8	0.0	0.0
186	__protein2_rbs	10.2	0.0	0.0
186	__protein3_rbs	4.4	0.0	0.0
186	__ribosome	26.0	0.0	0.0
186	__rnase_site_ext	17.0	0.0	0.0
186	p0	0.8	0.0	0.0
186	p1	0.8	0.0	0.0
186	protein1	830.2	15.6	1.86
186	protein2	854.8	16.8	1.8152778
186	protein3	376.8	7.4	1.9783332
186	r2	7.0	0.0	0.0
186	rnapol	1.2	0.0	0.0
187	__protein1_rbs	11.2	0.0	0.0
187	__protein2_rbs	9.8	0.0	0.0
187	__protein3_rbs	5.0	0.0	0.0
187	__ribosome	26.8	0.0	0.0
187	__rnase_site_ext	17.0	0.0	0.0
187	p0	1.0	0.0	0.0
187	p1	1.0	0.0	0.0
187	protein1	836.8	16.0	1.6809311999999998
187	protein2	860.2	17.0	1.9714872
187	protein3	380.8	7.2	1.7921214000000003
187	r2	7.2	0.0	0.0
187	rnapol	1.4	0.0	0.0
188	__protein1_rbs	10.6	0.0	0.0
188	__protein2_rbs	11.8	0.0	0.0
188	__protein3_rbs	4.0	0.0	0.0
188	__ribosome	28.0	0.0	0.0
188	__rnase_site_ext	17.2	0.0	0.0
188	p0	0.6	0.0	0.0
188	p1	0.8	0.0	0.0
188	protein1	843.0	16.0	1.6684312
188	protein2	867.8	17.2	1.8229534
188	protein3	382.6	7.2	1.9666666000000002
188	r2	7.2	0.0	0.0
188	rnapol	1.0	0.0	0.0
189	__protein1_rbs	9.6	0.0	0.0
189	__protein2_rbs	9.8	0.0	0.0
189	__protein3_rbs	4.2	0.0	0.0
189	__ribosome	26.8	0.0	0.0
189	__rnase_site_ext	17.6	0.0	0.0
189	p0	1.0	0.0	0.0
189	p1	0.8	0.0	0.0
189	protein1	849.6	16.2	1.629657
189	protein2	873.8	16.8	1.9837866
189	protein3	385.8	7.0	2.0706062000000003
189	r2	7.4	0.0	0.0
189	rnapol	1.0	0.0	0.0
190	__protein1_rbs	9.0	0.0	0.0
190	__protein2_rbs	11.6	0.0	0.0
190	__protein3_rbs	5.0	0.0	0.0
190	__ribosome	27.8	0.0	0.0
190	__rnase_site_ext	17.6	0.0	0.0
190	p0	0.6	0.0	0.0
190	p1	0.8	0.0	0.0
190	protein1	854.6	16.6	1.7841504
190	protein2	881.4	17.0	1.7943714
190	protein3	389.6	7.2	1.7290043999999998
190	r2	7.4	0.0	0.0
190	rnapol	0.8	0.0	0.0
191	__protein1_rbs	10.6	0.0	0.0
191	__protein2_rbs	10.2	0.0	0.0
191	__protein3_rbs	5.2	0.0	0.0
191	__ribosome	24.6	0.0	0.0
191	__rnase_site_ext	17.4	0.0	0.0
191	p0	0.8	0.0	0.0
191	p1	0.6	0.0	0.0
191	protein1	859.0	16.6	1.9145192
191	protein2	887.0	17.2	1.8687994
191	protein3	392.2	7.2	1.6718613999999998
191	r2	7.4	0.0	0.0
191	rnapol	0.6	0.0	0.0
192	__protein1_rbs	10.2	0.0	0.0
192	__protein2_rbs	11.0	0.0	0.0
192	__protein3_rbs	4.4	0.0	0.0
192	__ribosome	25.4	0.0	0.0
192	__rnase_site_ext	17.6	0.0	0.0
192	p0	1.0	0.0	0.0
192	p1	0.8	0.0	0.0
192	protein1	865.8	16.4	1.9030556
192	protein2	894.4	17.0	1.8079334
192	protein3	394.6	7.2	1.8082252
192	r2	7.2	0.0	0.0
192	rnapol	0.4	0.0	0.0
193	__protein1_rbs	8.2	0.0	0.0
193	__protein2_rbs	12.4	0.0	0.0
193	__protein3_rbs	4.6	0.0	0.0
193	__ribosome	23.6	0.0	0.0
193	__rnase_site_ext	17.6	0.0	0.0
193	p0	0.8	0.0	0.0
193	p1	0.8	0.0	0.0
193	protein1	871.2	16.6	2.0784477999999997
193	protein2	900.8	17.0	1.6977940000000005
193	protein3	397.2	7.4	1.780303
193	r2	7.2	0.0	0.0
193	rnapol	0.2	0.0	0.0
194	__protein1_rbs	12.6	0.0	0.0
194	__protein2_rbs	10.4	0.0	0.0
194	__protein3_rbs	4.8	0.0	0.0
194	__ribosome	27.6	0.0	0.0
194	__rnase_site_ext	17.6	0.0	0.0
194	p0	1.0	0.0	0.0
194	p1	0.8	0.0	0.0
194	protein1	878.8	16.6	1.8834478
194	protein2	907.8	17.2	1.6579246
194	protein3	400.2	7.4	1.7204546000000003
194	r2	7.2	0.0	0.0
194	rnapol	0.0	0.0	0.0
195	__protein1_rbs	11.0	0.0	0.0
195	__protein2_rbs	10.6	0.0	0.0
195	__protein3_rbs	4.0	0.0	0.0
195	__ribosome	26.4	0.0	0.0
195	__rnase_site_ext	17.6	0.0	0.0
195	p0	0.8	0.0	0.0
195	p1	0.6	0.0	0.0
195	protein1	885.8	16.8	1.8183334
195	protein2	914.2	17.2	1.6514706
195	protein3	401.6	7.4	2.0121214000000003
195	r2	7.2	0.0	0.0
195	rnapol	0.0	0.0	0.0
196	__protein1_rbs	9.8	0.0	0.0
196	__protein2_rbs	11.8	0.0	0.0
196	__protein3_rbs	4.8	0.0	0.0
196	__ribosome	24.4	0.0	0.0
196	__rnase_site_ext	17.6	0.0	0.0
196	p0	1.0	0.0	0.0
196	p1	0.4	0.0	0.0
196	protein1	891.6	16.6	1.921884
196	protein2	919.6	17.4	1.6764706000000003
196	protein3	404.6	7.6	1.928788
196	r2	7.4	0.0	0.0
196	rnapol	0.2	0.0	0.0
197	__protein1_rbs	11.8	0.0	0.0
197	__protein2_rbs	11.8	0.0	0.0
197	__protein3_rbs	5.8	0.0	0.0
197	__ribosome	30.2	0.0	0.0
197	__rnase_site_ext	17.4	0.0	0.0
197	p0	1.0	0.0	0.0
197	p1	0.2	0.0	0.0
197	protein1	900.2	16.8	1.6817648000000005
197	protein2	926.0	17.2	1.6277778
197	protein3	408.0	7.6	1.7966449999999998
197	r2	7.8	0.0	0.0
197	rnapol	0.2	0.0	0.0
198	__protein1_rbs	10.4	0.0	0.0
198	__protein2_rbs	10.8	0.0	0.0
198	__protein3_rbs	4.4	0.0	0.0
198	__ribosome	28.6	0.0	0.0
198	__rnase_site_ext	17.2	0.0	0.0
198	p0	1.0	0.0	0.0
198	p1	0.6	0.0	0.0
198	protein1	906.2	16.6	1.7571241999999998
198	protein2	931.8	17.6	1.6482671999999998
198	protein3	411.4	7.4	1.7919048
198	r2	8.0	0.0	0.0
198	rnapol	0.6	0.0	0.0
199	__protein1_rbs	10.2	0.0	0.0
199	__protein2_rbs	11.0	0.0	0.0
199	__protein3_rbs	4.0	0.0	0.0
199	__ribosome	26.0	0.0	0.0
199	__rnase_site_ext	17.0	0.0	0.0
199	p0	0.8	0.0	0.0
199	p1	0.8	0.0	0.0
199	protein1	911.8	16.4	1.8325
199	protein2	938.2	18.2	1.6375818000000002
199	protein3	413.4	7.4	1.9802381999999998
199	r2	7.8	0.0	0.0
199	rnapol	0.4	0.0	0.0
200	__protein1_rbs	10.0	0.0	0.0
200	__protein2_rbs	12.0	0.0	0.0
200	__protein3_rbs	5.0	0.0	0.0
200	__ribosome	27.6	0.0	0.0
200	__rnase_site_ext	17.4	0.0	0.0
200	p0	0.8	0.0	0.0
200	p1	0.6	0.0	0.0
200	protein1	918.8	16.4	1.7741666000000005
200	protein2	944.6	18.4	1.6334984
200	protein3	416.6	7.6	1.8095238
200	r2	8.0	0.0	0.0
200	rnapol	0.2	0.0	0.0
201	__protein1_rbs	11.2	0.0	0.0
201	__protein2_rbs	12.0	0.0	0.0
201	__protein3_rbs	4.6	0.0	0.0
201	__ribosome	26.6	0.0	0.0
201	__rnase_site_ext	17.4	0.0	0.0
201	p0	1.0	0.0	0.0
201	p1	0.8	0.0	0.0
201	protein1	925.4	16.6	1.691111
201	protein2	949.4	18.4	1.742009
201	protein3	420.0	7.8	1.7689394
201	r2	7.8	0.0	0.0
201	rnapol	0.2	0.0	0.0
202	__protein1_rbs	12.0	0.0	0.0
202	__protein2_rbs	11.4	0.0	0.0
202	__protein3_rbs	4.6	0.0	0.0
202	__ribosome	25.2	0.0	0.0
202	__rnase_site_ext	17.4	0.0	0.0
202	p0	1.0	0.0	0.0
202	p1	0.8	0.0	0.0
202	protein1	930.6	16.6	1.656111
202	protein2	956.6	18.6	1.7483350000000002
202	protein3	422.0	8.0	1.9107142
202	r2	7.8	0.0	0.0
202	rnapol	0.8	0.0	0.0
203	__protein1_rbs	10.0	0.0	0.0
203	__protein2_rbs	13.4	0.0	0.0
203	__protein3_rbs	4.8	0.0	0.0
203	__ribosome	26.2	0.0	0.0
203	__rnase_site_ext	16.8	0.0	0.0
203	p0	0.8	0.0	0.0
203	p1	1.0	0.0	0.0
203	protein1	937.0	16.6	1.6908332
203	protein2	962.8	18.6	1.6574749999999998
203	protein3	425.4	8.0	1.9059524
203	r2	7.8	0.0	0.0
203	rnapol	0.8	0.0	0.0
204	__protein1_rbs	10.0	0.0	0.0
204	__protein2_rbs	12.8	0.0	0.0
204	__protein3_rbs	4.8	0.0	0.0
204	__ribosome	26.6	0.0	0.0
204	__rnase_site_ext	16.8	0.0	0.0
204	p0	0.6	0.0	0.0
204	p1	1.0	0.0	0.0
204	protein1	943.6	16.0	1.7037558000000002
204	protein2	969.2	18.8	1.6275232
204	protein3	428.2	8.2	1.9396824000000001
204	r2	8.4	0.0	0.0
204	rnapol	0.4	0.0	0.0
205	__protein1_rbs	9.6	0.0	0.0
205	__protein2_rbs	12.0	0.0	0.0
205	__protein3_rbs	4.0	0.0	0.0
205	__ribosome	26.2	0.0	0.0
205	__rnase_site_ext	17.0	0.0	0.0
205	p0	1.0	0.0	0.0
205	p1	0.8	0.0	0.0
205	protein1	949.0	15.6	1.7940476000000003
205	protein2	977.0	18.8	1.5797522
205	protein3	431.0	8.0	2.0365081999999997
205	r2	8.4	0.0	0.0
205	rnapol	0.4	0.0	0.0
206	__protein1_rbs	9.6	0.0	0.0
206	__protein2_rbs	12.2	0.0	0.0
206	__protein3_rbs	5.6	0.0	0.0
206	__ribosome	24.4	0.0	0.0
206	__rnase_site_ext	17.6	0.0	0.0
206	p0	0.6	0.0	0.0
206	p1	0.6	0.0	0.0
206	protein1	954.4	16.0	1.796911
206	protein2	982.4	18.8	1.6682896
206	protein3	434.2	8.2	1.9576314
206	r2	8.4	0.0	0.0
206	rnapol	0.2	0.0	0.0
207	__protein1_rbs	10.4	0.0	0.0
207	__protein2_rbs	14.0	0.0	0.0
207	__protein3_rbs	5.2	0.0	0.0
207	__ribosome	27.2	0.0	0.0
207	__rnase_site_ext	17.8	0.0	0.0
207	p0	0.6	0.0	0.0
207	p1	0.8	0.0	0.0
207	protein1	959.4	16.4	1.8367858
207	protein2	990.8	18.4	1.5173391999999999
207	protein3	438.4	8.6	1.7489378000000002
207	r2	8.2	0.0	0.0
207	rnapol	0.0	0.0	0.0
208	__protein1_rbs	11.6	0.0	0.0
208	__protein2_rbs	11.0	0.0	0.0
208	__protein3_rbs	4.8	0.0	0.0
208	__ribosome	22.8	0.0	0.0
208	__rnase_site_ext	17.6	0.0	0.0
208	p0	1.0	0.0	0.0
208	p1	1.0	0.0	0.0
208	protein1	966.6	16.8	1.6866944
208	protein2	994.6	18.4	1.7727004000000002
208	protein3	440.6	8.6	1.9245238000000002
208	r2	8.0	0.0	0.0
208	rnapol	0.4	0.0	0.0
209	__protein1_rbs	10.0	0.0	0.0
209	__protein2_rbs	11.6	0.0	0.0
209	__protein3_rbs	4.4	0.0	0.0
209	__ribosome	23.8	0.0	0.0
209	__rnase_site_ext	17.6	0.0	0.0
209	p0	1.0	0.0	0.0
209	p1	0.8	0.0	0.0
209	protein1	972.6	16.6	1.6951189999999998
209	protein2	1002.4	18.4	1.6695218
209	protein3	444.0	8.6	1.9978572
209	r2	8.0	0.0	0.0
209	rnapol	0.4	0.0	0.0
210	__protein1_rbs	11.0	0.0	0.0
210	__protein2_rbs	11.2	0.0	0.0
210	__protein3_rbs	5.6	0.0	0.0
210	__ribosome	22.4	0.0	0.0
210	__rnase_site_ext	17.8	0.0	0.0
210	p0	0.8	0.0	0.0
210	p1	0.4	0.0	0.0
210	protein1	977.0	16.6	1.7916666
210	protein2	1009.6	18.2	1.6858273999999998
210	protein3	447.6	8.6	1.9797618000000001
210	r2	8.0	0.0	0.0
210	rnapol	0.6	0.0	0.0
211	__protein1_rbs	10.4	0.0	0.0
211	__protein2_rbs	12.2	0.0	0.0
211	__protein3_rbs	6.0	0.0	0.0
211	__ribosome	24.8	0.0	0.0
211	__rnase_site_ext	17.4	0.0	0.0
211	p0	1.0	0.0	0.0
211	p1	0.6	0.0	0.0
211	protein1	984.4	16.6	1.7095240000000003
211	protein2	1015.2	18.4	1.6793156000000002
211	protein3	452.0	8.6	1.8666668
211	r2	8.0	0.0	0.0
211	rnapol	0.6	0.0	0.0
212	__protein1_rbs	11.0	0.0	0.0
212	__protein2_rbs	12.4	0.0	0.0
212	__protein3_rbs	5.8	0.0	0.0
212	__ribosome	23.8	0.0	0.0
212	__rnase_site_ext	17.4	0.0	0.0
212	p0	1.0	0.0	0.0
212	p1	0.4	0.0	0.0
212	protein1	990.0	16.4	1.7543556000000002
212	protein2	1020.4	18.4	1.7068388
212	protein3	454.6	8.6	1.8916666000000002
212	r2	8.0	0.0	0.0
212	rnapol	1.2	0.0	0.0
213	__protein1_rbs	10.4	0.0	0.0
213	__protein2_rbs	13.0	0.0	0.0
213	__protein3_rbs	4.0	0.0	0.0
213	__ribosome	26.8	0.0	0.0
213	__rnase_site_ext	18.2	0.0	0.0
213	p0	0.4	0.0	0.0
213	p1	0.2	0.0	0.0
213	protein1	996.6	16.4	1.7057493999999995
213	protein2	1028.2	18.6	1.5572754
213	protein3	458.6	8.0	2.0804761999999997
213	r2	8.2	0.0	0.0
213	rnapol	0.8	0.0	0.0
214	__protein1_rbs	9.6	0.0	0.0
214	__protein2_rbs	10.6	0.0	0.0
214	__protein3_rbs	5.4	0.0	0.0
214	__ribosome	25.0	0.0	0.0
214	__rnase_site_ext	18.4	0.0	0.0
214	p0	0.6	0.0	0.0
214	p1	0.6	0.0	0.0
214	protein1	1002.8	16.8	1.7380555999999998
214	protein2	1034.8	18.2	1.6583333999999998
214	protein3	461.8	8.0	2.0290476
214	r2	8.0	0.0	0.0
214	rnapol	0.6	0.0	0.0
215	__protein1_rbs	11.6	0.0	0.0
215	__protein2_rbs	10.8	0.0	0.0
215	__protein3_rbs	4.8	0.0	0.0
215	__ribosome	25.0	0.0	0.0
215	__rnase_site_ext	18.6	0.0	0.0
215	p0	0.6	0.0	0.0
215	p1	1.0	0.0	0.0
215	protein1	1008.2	17.2	1.7056953999999998
215	protein2	1041.0	18.8	1.6722369999999998
215	protein3	466.2	8.0	1.8380954000000005
215	r2	8.0	0.0	0.0
215	rnapol	0.2	0.0	0.0
216	__protein1_rbs	11.2	0.0	0.0
216	__protein2_rbs	13.6	0.0	0.0
216	__protein3_rbs	5.4	0.0	0.0
216	__ribosome	26.4	0.0	0.0
216	__rnase_site_ext	18.6	0.0	0.0
216	p0	1.0	0.0	0.0
216	p1	1.0	0.0	0.0
216	protein1	1014.8	17.6	1.6134355999999996
216	protein2	1047.6	19.2	1.6215414
216	protein3	469.2	8.2	1.7666668
216	r2	8.2	0.0	0.0
216	rnapol	0.4	0.0	0.0
217	__protein1_rbs	9.8	0.0	0.0
217	__protein2_rbs	12.0	0.0	0.0
217	__protein3_rbs	4.6	0.0	0.0
217	__ribosome	21.8	0.0	0.0
217	__rnase_site_ext	19.0	0.0	0.0
217	p0	0.6	0.0	0.0
217	p1	0.8	0.0	0.0
217	protein1	1020.0	17.6	1.7857602
217	protein2	1054.0	19.2	1.6529510000000005
217	protein3	472.0	8.2	1.955
217	r2	8.0	0.0	0.0
217	rnapol	0.2	0.0	0.0
218	__protein1_rbs	12.2	0.0	0.0
218	__protein2_rbs	13.2	0.0	0.0
218	__protein3_rbs	6.4	0.0	0.0
218	__ribosome	24.4	0.0	0.0
218	__rnase_site_ext	18.8	0.0	0.0
218	p0	1.0	0.0	0.0
218	p1	1.0	0.0	0.0
218	protein1	1026.4	17.8	1.6885526000000002
218	protein2	1058.8	18.6	1.7842858
218	protein3	476.2	8.2	1.5833334
218	r2	8.0	0.0	0.0
218	rnapol	0.2	0.0	0.0
219	__protein1_rbs	11.0	0.0	0.0
219	__protein2_rbs	11.2	0.0	0.0
219	__protein3_rbs	5.6	0.0	0.0
219	__ribosome	22.6	0.0	0.0
219	__rnase_site_ext	18.2	0.0	0.0
219	p0	1.0	0.0	0.0
219	p1	0.4	0.0	0.0
219	protein1	1032.6	18.0	1.7306578000000001
219	protein2	1067.0	18.8	1.772976
219	protein3	478.6	8.2	1.6211111999999999
219	r2	8.6	0.0	0.0
219	rnapol	0.2	0.0	0.0
220	__protein1_rbs	12.0	0.0	0.0
220	__protein2_rbs	12.0	0.0	0.0
220	__protein3_rbs	6.0	0.0	0.0
220	__ribosome	26.2	0.0	0.0
220	__rnase_site_ext	18.2	0.0	0.0
220	p0	0.8	0.0	0.0
220	p1	0.2	0.0	0.0
220	protein1	1039.0	17.2	1.759432
220	protein2	1074.8	18.4	1.7380638000000002
220	protein3	482.4	8.4	1.3666668
220	r2	8.4	0.0	0.0
220	rnapol	0.2	0.0	0.0
221	__protein1_rbs	10.8	0.0	0.0
221	__protein2_rbs	12.2	0.0	0.0
221	__protein3_rbs	6.0	0.0	0.0
221	__ribosome	26.6	0.0	0.0
221	__rnase_site_ext	18.0	0.0	0.0
221	p0	1.0	0.0	0.0
221	p1	0.2	0.0	0.0
221	protein1	1045.4	17.0	1.8125396000000005
221	protein2	1081.6	18.4	1.6929824
221	protein3	485.0	8.2	1.3611111999999999
221	r2	8.6	0.0	0.0
221	rnapol	0.4	0.0	0.0
222	__protein1_rbs	10.2	0.0	0.0
222	__protein2_rbs	12.2	0.0	0.0
222	__protein3_rbs	5.8	0.0	0.0
222	__ribosome	27.2	0.0	0.0
222	__rnase_site_ext	18.0	0.0	0.0
222	p0	0.8	0.0	0.0
222	p1	0.6	0.0	0.0
222	protein1	1053.2	17.2	1.7552776
222	protein2	1087.8	18.8	1.6426844000000005
222	protein3	487.8	8.6	1.3547619999999998
222	r2	8.6	0.0	0.0
222	rnapol	0.2	0.0	0.0
223	__protein1_rbs	11.8	0.0	0.0
223	__protein2_rbs	10.6	0.0	0.0
223	__protein3_rbs	6.0	0.0	0.0
223	__ribosome	24.8	0.0	0.0
223	__rnase_site_ext	18.0	0.0	0.0
223	p0	1.0	0.0	0.0
223	p1	0.8	0.0	0.0
223	protein1	1058.6	17.0	1.7717834
223	protein2	1094.4	19.4	1.6828636000000001
223	protein3	489.8	8.6	1.4276624
223	r2	8.2	0.0	0.0
223	rnapol	0.2	0.0	0.0
224	__protein1_rbs	9.0	0.0	0.0
224	__protein2_rbs	12.4	0.0	0.0
224	__protein3_rbs	5.0	0.0	0.0
224	__ribosome	22.8	0.0	0.0
224	__rnase_site_ext	18.0	0.0	0.0
224	p0	0.8	0.0	0.0
224	p1	0.6	0.0	0.0
224	protein1	1065.4	17.0	1.8536766
224	protein2	1101.4	19.4	1.6370182
224	protein3	492.2	8.6	1.5779219999999998
224	r2	8.2	0.0	0.0
224	rnapol	0.2	0.0	0.0
225	__protein1_rbs	11.8	0.0	0.0
225	__protein2_rbs	13.6	0.0	0.0
225	__protein3_rbs	5.8	0.0	0.0
225	__ribosome	23.6	0.0	0.0
225	__rnase_site_ext	17.8	0.0	0.0
225	p0	1.0	0.0	0.0
225	p1	1.0	0.0	0.0
225	protein1	1072.6	17.0	1.7285784000000004
225	protein2	1106.6	19.4	1.7297938000000002
225	protein3	495.0	8.6	1.6257141999999998
225	r2	8.2	0.0	0.0
225	rnapol	0.4	0.0	0.0
226	__protein1_rbs	12.2	0.0	0.0
226	__protein2_rbs	11.0	0.0	0.0
226	__protein3_rbs	6.8	0.0	0.0
226	__ribosome	22.2	0.0	0.0
226	__rnase_site_ext	17.0	0.0	0.0
226	p0	1.0	0.0	0.0
226	p1	1.0	0.0	0.0
226	protein1	1078.8	17.0	1.6704333999999998
226	protein2	1113.0	19.8	1.8375758
226	protein3	497.6	8.8	1.4935345999999998
226	r2	8.0	0.0	0.0
226	rnapol	0.6	0.0	0.0
227	__protein1_rbs	11.4	0.0	0.0
227	__protein2_rbs	14.2	0.0	0.0
227	__protein3_rbs	5.6	0.0	0.0
227	__ribosome	25.0	0.0	0.0
227	__rnase_site_ext	17.4	0.0	0.0
227	p0	0.6	0.0	0.0
227	p1	0.8	0.0	0.0
227	protein1	1085.2	16.0	1.7
227	protein2	1120.8	19.4	1.7408734000000001
227	protein3	500.0	8.8	1.6289192
227	r2	8.6	0.0	0.0
227	rnapol	0.4	0.0	0.0
228	__protein1_rbs	11.0	0.0	0.0
228	__protein2_rbs	12.0	0.0	0.0
228	__protein3_rbs	4.2	0.0	0.0
228	__ribosome	25.8	0.0	0.0
228	__rnase_site_ext	17.6	0.0	0.0
228	p0	0.8	0.0	0.0
228	p1	0.8	0.0	0.0
228	protein1	1091.4	16.2	1.6169118
228	protein2	1128.2	19.4	1.7586758000000002
228	protein3	504.0	8.4	1.6690476000000003
228	r2	8.8	0.0	0.0
228	rnapol	0.4	0.0	0.0
229	__protein1_rbs	10.0	0.0	0.0
229	__protein2_rbs	13.0	0.0	0.0
229	__protein3_rbs	5.8	0.0	0.0
229	__ribosome	26.4	0.0	0.0
229	__rnase_site_ext	18.2	0.0	0.0
229	p0	0.8	0.0	0.0
229	p1	0.8	0.0	0.0
229	protein1	1098.6	16.4	1.5632354
229	protein2	1134.6	19.6	1.7474025999999998
229	protein3	506.6	8.2	1.7142858
229	r2	8.8	0.0	0.0
229	rnapol	0.2	0.0	0.0
230	__protein1_rbs	10.2	0.0	0.0
230	__protein2_rbs	12.6	0.0	0.0
230	__protein3_rbs	5.2	0.0	0.0
230	__ribosome	25.8	0.0	0.0
230	__rnase_site_ext	18.2	0.0	0.0
230	p0	1.0	0.0	0.0
230	p1	1.0	0.0	0.0
230	protein1	1104.4	17.0	1.5686274
230	protein2	1143.2	19.8	1.6771667999999995
230	protein3	509.4	8.8	1.6963676
230	r2	8.6	0.0	0.0
230	rnapol	0.4	0.0	0.0
231	__protein1_rbs	9.8	0.0	0.0
231	__protein2_rbs	14.4	0.0	0.0
231	__protein3_rbs	6.0	0.0	0.0
231	__ribosome	24.4	0.0	0.0
231	__rnase_site_ext	18.0	0.0	0.0
231	p0	1.0	0.0	0.0
231	p1	0.8	0.0	0.0
231	protein1	1109.4	17.0	1.7092319999999999
231	protein2	1151.0	19.6	1.5833701999999998
231	protein3	511.6	9.0	1.7797435999999998
231	r2	8.6	0.0	0.0
231	rnapol	0.4	0.0	0.0
232	__protein1_rbs	11.8	0.0	0.0
232	__protein2_rbs	13.8	0.0	0.0
232	__protein3_rbs	5.6	0.0	0.0
232	__ribosome	22.4	0.0	0.0
232	__rnase_site_ext	17.8	0.0	0.0
232	p0	1.0	0.0	0.0
232	p1	1.0	0.0	0.0
232	protein1	1113.2	16.8	1.7632354
232	protein2	1156.2	19.6	1.6548024
232	protein3	514.8	9.0	1.7474726000000003
232	r2	8.4	0.0	0.0
232	rnapol	0.6	0.0	0.0
233	__protein1_rbs	11.2	0.0	0.0
233	__protein2_rbs	12.8	0.0	0.0
233	__protein3_rbs	5.0	0.0	0.0
233	__ribosome	23.2	0.0	0.0
233	__rnase_site_ext	18.0	0.0	0.0
233	p0	0.6	0.0	0.0
233	p1	0.4	0.0	0.0
233	protein1	1119.2	16.8	1.7514706000000002
233	protein2	1164.0	19.8	1.6153693999999998
233	protein3	519.0	9.0	1.738262
233	r2	8.4	0.0	0.0
233	rnapol	0.4	0.0	0.0
234	__protein1_rbs	10.4	0.0	0.0
234	__protein2_rbs	12.8	0.0	0.0
234	__protein3_rbs	6.2	0.0	0.0
234	__ribosome	23.2	0.0	0.0
234	__rnase_site_ext	18.0	0.0	0.0
234	p0	1.0	0.0	0.0
234	p1	0.4	0.0	0.0
234	protein1	1126.2	16.6	1.7380394000000001
234	protein2	1172.0	19.6	1.6220005999999998
234	protein3	521.2	9.2	1.7577174
234	r2	8.6	0.0	0.0
234	rnapol	0.2	0.0	0.0
235	__protein1_rbs	11.6	0.0	0.0
235	__protein2_rbs	12.8	0.0	0.0
235	__protein3_rbs	5.4	0.0	0.0
235	__ribosome	25.4	0.0	0.0
235	__rnase_site_ext	18.0	0.0	0.0
235	p0	1.0	0.0	0.0
235	p1	0.4	0.0	0.0
235	protein1	1133.8	16.8	1.6053921999999998
235	protein2	1178.2	19.2	1.6511228
235	protein3	525.0	9.2	1.7943058
235	r2	8.6	0.0	0.0
235	rnapol	0.8	0.0	0.0
236	__protein1_rbs	10.2	0.0	0.0
236	__protein2_rbs	12.6	0.0	0.0
236	__protein3_rbs	6.4	0.0	0.0
236	__ribosome	24.6	0.0	0.0
236	__rnase_site_ext	18.0	0.0	0.0
236	p0	0.8	0.0	0.0
236	p1	0.4	0.0	0.0
236	protein1	1139.4	16.8	1.6408496
236	protein2	1184.4	19.6	1.6748292
236	protein3	528.2	8.8	1.7510824
236	r2	8.8	0.0	0.0
236	rnapol	0.6	0.0	0.0
237	__protein1_rbs	10.6	0.0	0.0
237	__protein2_rbs	13.8	0.0	0.0
237	__protein3_rbs	4.8	0.0	0.0
237	__ribosome	24.0	0.0	0.0
237	__rnase_site_ext	17.8	0.0	0.0
237	p0	0.8	0.0	0.0
237	p1	1.0	0.0	0.0
237	protein1	1145.0	17.0	1.6988776
237	protein2	1190.8	19.2	1.6587778000000002
237	protein3	531.4	8.4	1.8645023999999997
237	r2	8.8	0.0	0.0
237	rnapol	0.8	0.0	0.0
238	__protein1_rbs	10.2	0.0	0.0
238	__protein2_rbs	12.6	0.0	0.0
238	__protein3_rbs	6.0	0.0	0.0
238	__ribosome	24.0	0.0	0.0
238	__rnase_site_ext	17.6	0.0	0.0
238	p0	1.0	0.0	0.0
238	p1	1.0	0.0	0.0
238	protein1	1151.2	16.8	1.7522962
238	protein2	1197.8	19.8	1.6525358
238	protein3	535.2	8.6	1.6652596000000002
238	r2	9.0	0.0	0.0
238	rnapol	0.8	0.0	0.0
239	__protein1_rbs	11.6	0.0	0.0
239	__protein2_rbs	13.6	0.0	0.0
239	__protein3_rbs	6.0	0.0	0.0
239	__ribosome	25.4	0.0	0.0
239	__rnase_site_ext	18.0	0.0	0.0
239	p0	0.6	0.0	0.0
239	p1	0.6	0.0	0.0
239	protein1	1156.4	16.8	1.828581
239	protein2	1206.2	19.4	1.5504870000000002
239	protein3	538.4	8.8	1.6035714
239	r2	9.0	0.0	0.0
239	rnapol	1.0	0.0	0.0
240	__protein1_rbs	11.0	0.0	0.0
240	__protein2_rbs	13.8	0.0	0.0
240	__protein3_rbs	5.0	0.0	0.0
240	__ribosome	25.0	0.0	0.0
240	__rnase_site_ext	17.6	0.0	0.0
240	p0	0.8	0.0	0.0
240	p1	0.4	0.0	0.0
240	protein1	1163.2	17.2	1.7635671999999998
240	protein2	1211.8	19.4	1.5822368
240	protein3	541.6	8.8	1.5883118
240	r2	9.2	0.0	0.0
240	rnapol	0.8	0.0	0.0
241	__protein1_rbs	11.0	0.0	0.0
241	__protein2_rbs	12.0	0.0	0.0
241	__protein3_rbs	6.8	0.0	0.0
241	__ribosome	25.4	0.0	0.0
241	__rnase_site_ext	17.6	0.0	0.0
241	p0	1.0	0.0	0.0
241	p1	1.0	0.0	0.0
241	protein1	1169.4	16.8	1.7777777999999995
241	protein2	1218.8	18.8	1.6236654
241	protein3	544.0	9.0	1.5766234
241	r2	9.0	0.0	0.0
241	rnapol	1.0	0.0	0.0
242	__protein1_rbs	9.8	0.0	0.0
242	__protein2_rbs	11.8	0.0	0.0
242	__protein3_rbs	6.0	0.0	0.0
242	__ribosome	24.6	0.0	0.0
242	__rnase_site_ext	18.0	0.0	0.0
242	p0	0.4	0.0	0.0
242	p1	0.6	0.0	0.0
242	protein1	1175.4	16.8	1.833611
242	protein2	1225.0	19.0	1.6480111999999998
242	protein3	548.2	9.0	1.5064933999999999
242	r2	9.2	0.0	0.0
242	rnapol	0.4	0.0	0.0
243	__protein1_rbs	11.6	0.0	0.0
243	__protein2_rbs	13.6	0.0	0.0
243	__protein3_rbs	6.2	0.0	0.0
243	__ribosome	26.4	0.0	0.0
243	__rnase_site_ext	18.0	0.0	0.0
243	p0	1.0	0.0	0.0
243	p1	1.0	0.0	0.0
243	protein1	1181.8	16.6	1.8294382
243	protein2	1231.8	18.6	1.5872446000000002
243	protein3	550.2	9.2	1.5901516000000002
243	r2	9.2	0.0	0.0
243	rnapol	0.6	0.0	0.0
244	__protein1_rbs	11.0	0.0	0.0
244	__protein2_rbs	11.2	0.0	0.0
244	__protein3_rbs	6.4	0.0	0.0
244	__ribosome	24.8	0.0	0.0
244	__rnase_site_ext	18.2	0.0	0.0
244	p0	0.8	0.0	0.0
244	p1	0.8	0.0	0.0
244	protein1	1188.0	17.0	1.7704852000000002
244	protein2	1238.0	18.8	1.6605881999999998
244	protein3	553.6	9.4	1.5247474
244	r2	9.2	0.0	0.0
244	rnapol	0.4	0.0	0.0
245	__protein1_rbs	12.6	0.0	0.0
245	__protein2_rbs	11.6	0.0	0.0
245	__protein3_rbs	7.0	0.0	0.0
245	__ribosome	26.4	0.0	0.0
245	__rnase_site_ext	18.2	0.0	0.0
245	p0	0.8	0.0	0.0
245	p1	0.6	0.0	0.0
245	protein1	1195.0	17.2	1.6058236
245	protein2	1244.8	18.8	1.6741176
245	protein3	556.6	9.6	1.5290406
245	r2	9.2	0.0	0.0
245	rnapol	0.4	0.0	0.0
246	__protein1_rbs	9.8	0.0	0.0
246	__protein2_rbs	12.4	0.0	0.0
246	__protein3_rbs	6.2	0.0	0.0
246	__ribosome	24.4	0.0	0.0
246	__rnase_site_ext	18.4	0.0	0.0
246	p0	1.0	0.0	0.0
246	p1	0.4	0.0	0.0
246	protein1	1201.2	17.2	1.6875668
246	protein2	1250.8	18.8	1.6856794000000002
246	protein3	559.4	9.4	1.6000506
246	r2	9.0	0.0	0.0
246	rnapol	0.6	0.0	0.0
247	__protein1_rbs	12.6	0.0	0.0
247	__protein2_rbs	12.2	0.0	0.0
247	__protein3_rbs	6.0	0.0	0.0
247	__ribosome	27.2	0.0	0.0
247	__rnase_site_ext	18.6	0.0	0.0
247	p0	0.6	0.0	0.0
247	p1	0.8	0.0	0.0
247	protein1	1208.4	17.4	1.4939526
247	protein2	1257.6	19.0	1.6893758
247	protein3	562.6	9.2	1.6083839999999998
247	r2	9.2	0.0	0.0
247	rnapol	0.4	0.0	0.0
248	__protein1_rbs	11.4	0.0	0.0
248	__protein2_rbs	12.4	0.0	0.0
248	__protein3_rbs	6.0	0.0	0.0
248	__ribosome	25.2	0.0	0.0
248	__rnase_site_ext	19.0	0.0	0.0
248	p0	1.0	0.0	0.0
248	p1	0.4	0.0	0.0
248	protein1	1212.8	17.6	1.6072584
248	protein2	1264.2	19.0	1.7007814
248	protein3	566.2	9.2	1.5680808000000002
248	r2	9.0	0.0	0.0
248	rnapol	0.4	0.0	0.0
249	__protein1_rbs	11.0	0.0	0.0
249	__protein2_rbs	12.8	0.0	0.0
249	__protein3_rbs	5.4	0.0	0.0
249	__ribosome	25.2	0.0	0.0
249	__rnase_site_ext	18.8	0.0	0.0
249	p0	0.6	0.0	0.0
249	p1	0.4	0.0	0.0
249	protein1	1218.8	17.8	1.6153972
249	protein2	1272.2	19.2	1.6031354
249	protein3	569.2	9.4	1.6467171999999999
249	r2	9.0	0.0	0.0
249	rnapol	0.4	0.0	0.0
250	__protein1_rbs	12.0	0.0	0.0
250	__protein2_rbs	12.4	0.0	0.0
250	__protein3_rbs	7.2	0.0	0.0
250	__ribosome	27.2	0.0	0.0
250	__rnase_site_ext	19.2	0.0	0.0
250	p0	0.8	0.0	0.0
250	p1	0.8	0.0	0.0
250	protein1	1227.2	17.6	1.4744204
250	protein2	1278.8	19.2	1.6603468000000001
250	protein3	572.0	9.4	1.6007576
250	r2	8.6	0.0	0.0
250	rnapol	0.4	0.0	0.0
