time	species	protein	transcript	ribo_density
0	__protein1_rbs	0.0	0.0	0.0
0	__protein2_rbs	0.0	0.0	0.0
0	__protein3_rbs	0.0	0.0	0.0
0	__ribosome	100.0	0.0	0.0
0	__rnase_site_ext	0.0	0.0	0.0
0	p0	1.0	0.0	0.0
0	r2	0.0	0.0	0.0
0	rnapol	4.0	0.0	0.0
1	__protein1_rbs	0.0	0.0	0.0
1	__protein2_rbs	0.0	0.0	0.0
1	__protein3_rbs	0.0	0.0	0.0
1	__ribosome	100.0	0.0	0.0
1	__rnase_site_ext	0.8	0.0	0.0
1	p0	0.4	0.0	0.0
1	r2	0.0	0.0	0.0
1	rnapol	3.0	0.0	0.0
2	__protein1_rbs	0.6	0.0	0.0
2	__protein2_rbs	0.0	0.0	0.0
2	__protein3_rbs	0.0	0.0	0.0
2	__ribosome	100.0	0.0	0.0
2	__rnase_site_ext	1.2	0.0	0.0
2	p0	0.6	0.0	0.0
2	protein1	0.0	0.6	0.0
2	r2	0.0	0.0	0.0
2	rnapol	2.6	0.0	0.0
3	__protein1_rbs	0.2	0.0	0.0
3	__protein2_rbs	0.0	0.0	0.0
3	__protein3_rbs	0.0	0.0	0.0
3	__ribosome	99.2	0.0	0.0
3	__rnase_site_ext	1.8	0.0	0.0
3	p0	0.2	0.0	0.0
3	protein1	0.0	1.0	0.8
3	r2	0.0	0.0	0.0
3	rnapol	2.0	0.0	0.0
4	__protein1_rbs	0.6	0.0	0.0
4	__protein2_rbs	0.0	0.0	0.0
4	__protein3_rbs	0.0	0.0	0.0
4	__ribosome	98.4	0.0	0.0
4	__rnase_site_ext	1.8	0.0	0.0
4	p0	0.4	0.0	0.0
4	protein1	0.0	1.2	inf
4	r2	0.0	0.0	0.0
4	rnapol	1.4	0.0	0.0
5	__protein1_rbs	0.6	0.0	0.0
5	__protein2_rbs	0.0	0.0	0.0
5	__protein3_rbs	0.0	0.0	0.0
5	__ribosome	97.0	0.0	0.0
5	__rnase_site_ext	2.6	0.0	0.0
5	p0	0.6	0.0	0.0
5	protein1	0.0	1.8	inf
5	r2	0.0	0.0	0.0
5	rnapol	1.0	0.0	0.0
6	__protein1_rbs	1.0	0.0	0.0
6	__protein2_rbs	0.0	0.0	0.0
6	__protein3_rbs	0.0	0.0	0.0
6	__ribosome	95.8	0.0	0.0
6	__rnase_site_ext	3.0	0.0	0.0
6	p0	0.8	0.0	0.0
6	protein1	0.0	2.4	1.9833333999999998
6	r2	0.0	0.0	0.0
6	rnapol	0.8	0.0	0.0
7	__protein1_rbs	0.6	0.0	0.0
7	__protein2_rbs	0.0	0.0	0.0
7	__protein3_rbs	0.0	0.0	0.0
7	__ribosome	94.2	0.0	0.0
7	__rnase_site_ext	3.0	0.0	0.0
7	p0	1.0	0.0	0.0
7	protein1	0.2	2.8	2.0
7	r2	0.0	0.0	0.0
7	rnapol	0.8	0.0	0.0
8	__protein1_rbs	0.0	0.0	0.0
8	__protein2_rbs	0.2	0.0	0.0
8	__protein3_rbs	0.0	0.0	0.0
8	__ribosome	91.8	0.0	0.0
8	__rnase_site_ext	3.0	0.0	0.0
8	p0	1.0	0.0	0.0
8	protein1	0.8	3.0	2.7
8	protein2	0.0	0.2	0.0
8	r2	0.0	0.0	0.0
8	rnapol	0.8	0.0	0.0
9	__protein1_rbs	1.4	0.0	0.0
9	__protein2_rbs	0.2	0.0	0.0
9	__protein3_rbs	0.0	0.0	0.0
9	__ribosome	91.0	0.0	0.0
9	__rnase_site_ext	3.0	0.0	0.0
9	p0	0.8	0.0	0.0
9	protein1	1.8	3.0	2.8
9	protein2	0.0	0.8	0.6
9	r2	0.0	0.0	0.0
9	rnapol	0.4	0.0	0.0
10	__protein1_rbs	1.0	0.0	0.0
10	__protein2_rbs	0.4	0.0	0.0
10	__protein3_rbs	0.0	0.0	0.0
10	__ribosome	89.4	0.0	0.0
10	__rnase_site_ext	3.4	0.0	0.0
10	p0	0.8	0.0	0.0
10	protein1	2.4	3.0	3.1666668
10	protein2	0.0	1.0	1.0
10	r2	0.0	0.0	0.0
10	rnapol	0.2	0.0	0.0
11	__protein1_rbs	1.4	0.0	0.0
11	__protein2_rbs	0.4	0.0	0.0
11	__protein3_rbs	0.0	0.0	0.0
11	__ribosome	88.6	0.0	0.0
11	__rnase_site_ext	3.2	0.0	0.0
11	p0	1.0	0.0	0.0
11	protein1	4.0	3.2	3.0
11	protein2	0.0	1.4	1.6
11	r2	0.0	0.0	0.0
11	rnapol	0.2	0.0	0.0
12	__protein1_rbs	0.8	0.0	0.0
12	__protein2_rbs	1.0	0.0	0.0
12	__protein3_rbs	0.0	0.0	0.0
12	__ribosome	87.4	0.0	0.0
12	__rnase_site_ext	3.4	0.0	0.0
12	p0	0.8	0.0	0.0
12	protein1	6.2	3.2	3.0666666
12	protein2	0.0	2.0	1.6333334000000002
12	r2	0.0	0.0	0.0
12	rnapol	0.2	0.0	0.0
13	__protein1_rbs	1.2	0.0	0.0
13	__protein2_rbs	1.0	0.0	0.0
13	__protein3_rbs	0.0	0.0	0.0
13	__ribosome	85.2	0.0	0.0
13	__rnase_site_ext	3.4	0.0	0.0
13	p0	1.0	0.0	0.0
13	protein1	7.8	3.4	3.0833334
13	protein2	0.2	2.8	1.7333333999999998
13	r2	0.2	0.0	0.0
13	rnapol	0.6	0.0	0.0
14	__protein1_rbs	1.0	0.0	0.0
14	__protein2_rbs	1.0	0.0	0.0
14	__protein3_rbs	0.0	0.0	0.0
14	__ribosome	83.6	0.0	0.0
14	__rnase_site_ext	3.4	0.0	0.0
14	p0	1.0	0.0	0.0
14	protein1	10.0	3.4	3.0333334
14	protein2	0.6	3.2	2.0833334
14	r2	0.2	0.0	0.0
14	rnapol	0.6	0.0	0.0
15	__protein1_rbs	1.6	0.0	0.0
15	__protein2_rbs	0.6	0.0	0.0
15	__protein3_rbs	0.0	0.0	0.0
15	__ribosome	81.6	0.0	0.0
15	__rnase_site_ext	3.4	0.0	0.0
15	p0	0.8	0.0	0.0
15	protein1	12.0	3.4	2.9833334
15	protein2	0.8	3.2	2.7833334
15	r2	0.2	0.0	0.0
15	rnapol	0.6	0.0	0.0
16	__protein1_rbs	1.0	0.0	0.0
16	__protein2_rbs	1.0	0.0	0.0
16	__protein3_rbs	0.0	0.0	0.0
16	__ribosome	80.0	0.0	0.0
16	__rnase_site_ext	3.6	0.0	0.0
16	p0	0.8	0.0	0.0
16	protein1	13.6	3.4	3.3166665999999996
16	protein2	1.8	3.2	3.0166666
16	protein3	0.0	0.2	0.2
16	r2	0.4	0.0	0.0
16	rnapol	0.4	0.0	0.0
17	__protein1_rbs	1.4	0.0	0.0
17	__protein2_rbs	1.6	0.0	0.0
17	__protein3_rbs	0.2	0.0	0.0
17	__ribosome	80.0	0.0	0.0
17	__rnase_site_ext	4.0	0.0	0.0
17	p0	0.6	0.0	0.0
17	protein1	15.6	3.6	2.9833334
17	protein2	3.2	3.2	2.9833334
17	protein3	0.0	0.2	0.2
17	r2	1.2	0.0	0.0
17	rnapol	0.4	0.0	0.0
18	__protein1_rbs	1.6	0.0	0.0
18	__protein2_rbs	1.6	0.0	0.0
18	__protein3_rbs	0.0	0.0	0.0
18	__ribosome	78.6	0.0	0.0
18	__rnase_site_ext	4.2	0.0	0.0
18	p0	0.8	0.0	0.0
18	protein1	17.4	3.6	3.0333334
18	protein2	4.4	3.6	2.8166667999999997
18	protein3	0.0	0.4	0.6
18	r2	1.2	0.0	0.0
18	rnapol	0.2	0.0	0.0
19	__protein1_rbs	1.2	0.0	0.0
19	__protein2_rbs	1.2	0.0	0.0
19	__protein3_rbs	0.8	0.0	0.0
19	__ribosome	78.2	0.0	0.0
19	__rnase_site_ext	4.4	0.0	0.0
19	p0	0.8	0.0	0.0
19	protein1	19.4	4.0	2.8766666
19	protein2	6.6	3.4	2.9166668
19	protein3	0.0	0.8	0.5
19	r2	1.8	0.0	0.0
19	rnapol	0.0	0.0	0.0
20	__protein1_rbs	1.2	0.0	0.0
20	__protein2_rbs	1.4	0.0	0.0
20	__protein3_rbs	0.4	0.0	0.0
20	__ribosome	76.8	0.0	0.0
20	__rnase_site_ext	4.4	0.0	0.0
20	p0	1.0	0.0	0.0
20	protein1	22.0	4.2	2.67
20	protein2	8.4	3.8	2.8166666
20	protein3	0.0	1.2	0.8
20	r2	2.0	0.0	0.0
20	rnapol	0.0	0.0	0.0
21	__protein1_rbs	1.6	0.0	0.0
21	__protein2_rbs	1.4	0.0	0.0
21	__protein3_rbs	0.8	0.0	0.0
21	__ribosome	75.4	0.0	0.0
21	__rnase_site_ext	4.4	0.0	0.0
21	p0	1.0	0.0	0.0
21	protein1	24.0	4.4	2.6733334
21	protein2	10.4	3.8	2.8666666000000003
21	protein3	0.0	1.4	1.2
21	r2	2.0	0.0	0.0
21	rnapol	0.2	0.0	0.0
22	__protein1_rbs	1.6	0.0	0.0
22	__protein2_rbs	1.2	0.0	0.0
22	__protein3_rbs	0.6	0.0	0.0
22	__ribosome	73.6	0.0	0.0
22	__rnase_site_ext	4.4	0.0	0.0
22	p0	1.0	0.0	0.0
22	protein1	26.2	4.4	2.8833333999999997
22	protein2	12.6	3.8	2.8666666000000003
22	protein3	0.2	2.0	1.3
22	r2	2.0	0.0	0.0
22	rnapol	0.2	0.0	0.0
23	__protein1_rbs	1.4	0.0	0.0
23	__protein2_rbs	1.6	0.0	0.0
23	__protein3_rbs	1.2	0.0	0.0
23	__ribosome	72.6	0.0	0.0
23	__rnase_site_ext	4.6	0.0	0.0
23	p0	0.6	0.0	0.0
23	protein1	28.0	4.4	2.94
23	protein2	14.6	4.0	2.7
23	protein3	0.6	2.0	1.4666666000000002
23	r2	2.4	0.0	0.0
23	rnapol	0.2	0.0	0.0
24	__protein1_rbs	1.6	0.0	0.0
24	__protein2_rbs	1.4	0.0	0.0
24	__protein3_rbs	0.8	0.0	0.0
24	__ribosome	69.4	0.0	0.0
24	__rnase_site_ext	4.8	0.0	0.0
24	p0	1.0	0.0	0.0
24	protein1	30.0	4.4	3.1566666000000003
24	protein2	16.0	4.0	3.05
24	protein3	0.8	2.0	1.8666668
24	r2	2.4	0.0	0.0
24	rnapol	0.4	0.0	0.0
25	__protein1_rbs	1.6	0.0	0.0
25	__protein2_rbs	2.2	0.0	0.0
25	__protein3_rbs	1.0	0.0	0.0
25	__ribosome	70.0	0.0	0.0
25	__rnase_site_ext	4.8	0.0	0.0
25	p0	1.0	0.0	0.0
25	protein1	33.2	4.8	2.87
25	protein2	18.8	4.2	2.7
25	protein3	1.2	2.2	1.8666666
25	r2	2.8	0.0	0.0
25	rnapol	0.4	0.0	0.0
26	__protein1_rbs	2.6	0.0	0.0
26	__protein2_rbs	1.6	0.0	0.0
26	__protein3_rbs	1.0	0.0	0.0
26	__ribosome	67.6	0.0	0.0
26	__rnase_site_ext	4.8	0.0	0.0
26	p0	1.0	0.0	0.0
26	protein1	34.8	4.8	3.0
26	protein2	20.8	4.4	2.85
26	protein3	1.6	2.4	2.1333333999999997
26	r2	2.8	0.0	0.0
26	rnapol	0.6	0.0	0.0
27	__protein1_rbs	1.8	0.0	0.0
27	__protein2_rbs	2.0	0.0	0.0
27	__protein3_rbs	1.4	0.0	0.0
27	__ribosome	68.0	0.0	0.0
27	__rnase_site_ext	5.2	0.0	0.0
27	p0	1.0	0.0	0.0
27	protein1	37.8	4.8	2.9566668
27	protein2	23.0	4.6	2.7733334
27	protein3	3.0	2.4	1.8666668
27	r2	2.8	0.0	0.0
27	rnapol	1.0	0.0	0.0
28	__protein1_rbs	2.6	0.0	0.0
28	__protein2_rbs	1.6	0.0	0.0
28	__protein3_rbs	1.2	0.0	0.0
28	__ribosome	67.2	0.0	0.0
28	__rnase_site_ext	5.2	0.0	0.0
28	p0	1.0	0.0	0.0
28	protein1	41.0	5.2	2.6
28	protein2	25.2	4.6	2.8333334
28	protein3	3.6	2.8	2.1
28	r2	3.0	0.0	0.0
28	rnapol	1.2	0.0	0.0
29	__protein1_rbs	2.0	0.0	0.0
29	__protein2_rbs	2.0	0.0	0.0
29	__protein3_rbs	1.2	0.0	0.0
29	__ribosome	65.6	0.0	0.0
29	__rnase_site_ext	5.2	0.0	0.0
29	p0	0.8	0.0	0.0
29	protein1	43.2	5.2	2.7333332
29	protein2	27.4	4.4	3.13
29	protein3	4.8	2.8	2.3666666000000003
29	r2	3.0	0.0	0.0
29	rnapol	1.4	0.0	0.0
30	__protein1_rbs	2.6	0.0	0.0
30	__protein2_rbs	1.6	0.0	0.0
30	__protein3_rbs	1.2	0.0	0.0
30	__ribosome	65.4	0.0	0.0
30	__rnase_site_ext	5.6	0.0	0.0
30	p0	0.6	0.0	0.0
30	protein1	46.0	5.2	2.7499998
30	protein2	29.8	4.4	3.2266666
30	protein3	6.2	3.0	2.1833334
30	r2	3.2	0.0	0.0
30	rnapol	1.0	0.0	0.0
31	__protein1_rbs	2.4	0.0	0.0
31	__protein2_rbs	2.6	0.0	0.0
31	__protein3_rbs	1.8	0.0	0.0
31	__ribosome	66.8	0.0	0.0
31	__rnase_site_ext	5.6	0.0	0.0
31	p0	0.8	0.0	0.0
31	protein1	49.0	5.4	2.6004762
31	protein2	32.8	4.6	2.8333334
31	protein3	7.4	3.0	2.3166666
31	r2	3.4	0.0	0.0
31	rnapol	1.2	0.0	0.0
32	__protein1_rbs	2.8	0.0	0.0
32	__protein2_rbs	2.2	0.0	0.0
32	__protein3_rbs	1.6	0.0	0.0
32	__ribosome	66.2	0.0	0.0
32	__rnase_site_ext	6.2	0.0	0.0
32	p0	0.6	0.0	0.0
32	protein1	52.2	5.6	2.3690476
32	protein2	35.4	4.8	2.7166667999999996
32	protein3	8.0	3.2	2.5666666
32	r2	3.4	0.0	0.0
32	rnapol	1.2	0.0	0.0
33	__protein1_rbs	1.8	0.0	0.0
33	__protein2_rbs	3.2	0.0	0.0
33	__protein3_rbs	1.4	0.0	0.0
33	__ribosome	65.8	0.0	0.0
33	__rnase_site_ext	6.6	0.0	0.0
33	p0	0.8	0.0	0.0
33	protein1	54.4	5.8	2.6476192000000003
33	protein2	38.0	4.8	2.4066666000000003
33	protein3	10.0	3.2	2.4833332
33	r2	3.4	0.0	0.0
33	rnapol	1.0	0.0	0.0
34	__protein1_rbs	3.0	0.0	0.0
34	__protein2_rbs	1.4	0.0	0.0
34	__protein3_rbs	1.8	0.0	0.0
34	__ribosome	63.8	0.0	0.0
34	__rnase_site_ext	6.8	0.0	0.0
34	p0	0.8	0.0	0.0
34	protein1	57.2	6.4	2.4295237999999997
34	protein2	40.4	5.0	2.6
34	protein3	11.0	3.2	2.6
34	r2	3.4	0.0	0.0
34	rnapol	0.8	0.0	0.0
35	__protein1_rbs	2.8	0.0	0.0
35	__protein2_rbs	2.4	0.0	0.0
35	__protein3_rbs	2.2	0.0	0.0
35	__ribosome	63.0	0.0	0.0
35	__rnase_site_ext	7.0	0.0	0.0
35	p0	0.6	0.0	0.0
35	protein1	60.0	6.8	2.5326192
35	protein2	42.8	5.2	2.5333334
35	protein3	13.0	3.4	2.0833334
35	r2	3.4	0.0	0.0
35	rnapol	0.6	0.0	0.0
36	__protein1_rbs	2.8	0.0	0.0
36	__protein2_rbs	2.6	0.0	0.0
36	__protein3_rbs	2.2	0.0	0.0
36	__ribosome	61.4	0.0	0.0
36	__rnase_site_ext	7.0	0.0	0.0
36	p0	1.0	0.0	0.0
36	protein1	62.2	6.8	2.6714286
36	protein2	45.2	5.2	2.5333332000000004
36	protein3	14.0	3.4	2.1666668
36	r2	3.4	0.0	0.0
36	rnapol	0.6	0.0	0.0
37	__protein1_rbs	2.2	0.0	0.0
37	__protein2_rbs	2.2	0.0	0.0
37	__protein3_rbs	1.0	0.0	0.0
37	__ribosome	59.6	0.0	0.0
37	__rnase_site_ext	7.0	0.0	0.0
37	p0	1.0	0.0	0.0
37	protein1	66.4	7.0	2.6306350000000003
37	protein2	47.4	5.4	2.6233334
37	protein3	15.8	3.4	2.3666666000000003
37	r2	3.2	0.0	0.0
37	rnapol	0.8	0.0	0.0
38	__protein1_rbs	2.4	0.0	0.0
38	__protein2_rbs	2.8	0.0	0.0
38	__protein3_rbs	2.2	0.0	0.0
38	__ribosome	58.0	0.0	0.0
38	__rnase_site_ext	7.4	0.0	0.0
38	p0	0.8	0.0	0.0
38	protein1	69.0	7.0	2.8836508
38	protein2	50.2	5.8	2.5485714
38	protein3	17.6	3.4	2.2
38	r2	3.4	0.0	0.0
38	rnapol	0.6	0.0	0.0
39	__protein1_rbs	3.6	0.0	0.0
39	__protein2_rbs	2.4	0.0	0.0
39	__protein3_rbs	1.2	0.0	0.0
39	__ribosome	58.0	0.0	0.0
39	__rnase_site_ext	7.2	0.0	0.0
39	p0	1.0	0.0	0.0
39	protein1	73.0	7.4	2.5833334
39	protein2	53.2	5.8	2.6033334
39	protein3	19.0	3.4	2.3166667999999997
39	r2	3.4	0.0	0.0
39	rnapol	0.6	0.0	0.0
40	__protein1_rbs	2.6	0.0	0.0
40	__protein2_rbs	3.2	0.0	0.0
40	__protein3_rbs	1.4	0.0	0.0
40	__ribosome	56.4	0.0	0.0
40	__rnase_site_ext	7.4	0.0	0.0
40	p0	0.6	0.0	0.0
40	protein1	76.4	7.2	2.7627778
40	protein2	55.8	6.4	2.3580952
40	protein3	20.4	3.4	2.4833334
40	r2	3.6	0.0	0.0
40	rnapol	0.4	0.0	0.0
41	__protein1_rbs	3.0	0.0	0.0
41	__protein2_rbs	2.8	0.0	0.0
41	__protein3_rbs	2.2	0.0	0.0
41	__ribosome	54.6	0.0	0.0
41	__rnase_site_ext	7.8	0.0	0.0
41	p0	0.6	0.0	0.0
41	protein1	80.4	7.4	2.7321428
41	protein2	58.0	6.8	2.5004762
41	protein3	21.8	3.4	2.5166666
41	r2	3.4	0.0	0.0
41	rnapol	0.0	0.0	0.0
42	__protein1_rbs	3.2	0.0	0.0
42	__protein2_rbs	2.8	0.0	0.0
42	__protein3_rbs	1.2	0.0	0.0
42	__ribosome	53.6	0.0	0.0
42	__rnase_site_ext	7.6	0.0	0.0
42	p0	1.0	0.0	0.0
42	protein1	84.4	7.4	2.688889
42	protein2	61.0	7.0	2.545
42	protein3	23.6	3.6	2.4733334
42	r2	3.6	0.0	0.0
42	rnapol	0.2	0.0	0.0
43	__protein1_rbs	4.0	0.0	0.0
43	__protein2_rbs	3.4	0.0	0.0
43	__protein3_rbs	2.0	0.0	0.0
43	__ribosome	53.8	0.0	0.0
43	__rnase_site_ext	7.6	0.0	0.0
43	p0	1.0	0.0	0.0
43	protein1	88.4	7.8	2.4633332
43	protein2	64.0	7.4	2.5306349999999997
43	protein3	25.4	3.6	2.5566666
43	r2	3.6	0.0	0.0
43	rnapol	0.2	0.0	0.0
44	__protein1_rbs	4.0	0.0	0.0
44	__protein2_rbs	2.4	0.0	0.0
44	__protein3_rbs	1.8	0.0	0.0
44	__ribosome	52.2	0.0	0.0
44	__rnase_site_ext	7.8	0.0	0.0
44	p0	0.6	0.0	0.0
44	protein1	91.6	7.6	2.6016666
44	protein2	67.8	7.4	2.7206348
44	protein3	27.2	3.6	2.4733334
44	r2	3.8	0.0	0.0
44	rnapol	0.0	0.0	0.0
45	__protein1_rbs	3.6	0.0	0.0
45	__protein2_rbs	3.2	0.0	0.0
45	__protein3_rbs	1.8	0.0	0.0
45	__ribosome	51.6	0.0	0.0
45	__rnase_site_ext	7.6	0.0	0.0
45	p0	1.0	0.0	0.0
45	protein1	96.6	7.8	2.4545454
45	protein2	70.2	7.4	2.8374606000000004
45	protein3	29.0	3.6	2.43
45	r2	4.2	0.0	0.0
45	rnapol	0.0	0.0	0.0
46	__protein1_rbs	3.8	0.0	0.0
46	__protein2_rbs	4.2	0.0	0.0
46	__protein3_rbs	1.8	0.0	0.0
46	__ribosome	51.0	0.0	0.0
46	__rnase_site_ext	7.6	0.0	0.0
46	p0	1.0	0.0	0.0
46	protein1	99.6	7.8	2.5242424
46	protein2	74.6	7.6	2.6269839999999998
46	protein3	30.0	3.8	2.41
46	r2	4.4	0.0	0.0
46	rnapol	0.2	0.0	0.0
47	__protein1_rbs	3.2	0.0	0.0
47	__protein2_rbs	4.0	0.0	0.0
47	__protein3_rbs	1.8	0.0	0.0
47	__ribosome	52.4	0.0	0.0
47	__rnase_site_ext	7.6	0.0	0.0
47	p0	1.0	0.0	0.0
47	protein1	104.2	7.6	2.5464284
47	protein2	78.4	7.8	2.4876986000000003
47	protein3	32.4	3.8	2.3200000000000003
47	r2	4.6	0.0	0.0
47	rnapol	0.4	0.0	0.0
48	__protein1_rbs	4.0	0.0	0.0
48	__protein2_rbs	3.4	0.0	0.0
48	__protein3_rbs	2.2	0.0	0.0
48	__ribosome	51.6	0.0	0.0
48	__rnase_site_ext	7.4	0.0	0.0
48	p0	1.0	0.0	0.0
48	protein1	107.2	7.6	2.5416666
48	protein2	83.0	8.2	2.3964286
48	protein3	34.0	4.4	2.1166666000000003
48	r2	5.0	0.0	0.0
48	rnapol	0.4	0.0	0.0
49	__protein1_rbs	3.6	0.0	0.0
49	__protein2_rbs	2.4	0.0	0.0
49	__protein3_rbs	2.4	0.0	0.0
49	__ribosome	50.2	0.0	0.0
49	__rnase_site_ext	7.2	0.0	0.0
49	p0	0.8	0.0	0.0
49	protein1	111.4	7.4	2.4807142000000004
49	protein2	86.6	8.2	2.6488096000000003
49	protein3	36.0	4.6	2.05
49	r2	5.4	0.0	0.0
49	rnapol	0.2	0.0	0.0
50	__protein1_rbs	3.6	0.0	0.0
50	__protein2_rbs	3.2	0.0	0.0
50	__protein3_rbs	1.8	0.0	0.0
50	__ribosome	48.2	0.0	0.0
50	__rnase_site_ext	7.4	0.0	0.0
50	p0	0.8	0.0	0.0
50	protein1	115.0	7.4	2.4807142000000004
50	protein2	90.4	8.4	2.6557144
50	protein3	37.2	4.8	2.33
50	r2	5.4	0.0	0.0
50	rnapol	0.6	0.0	0.0
51	__protein1_rbs	4.2	0.0	0.0
51	__protein2_rbs	4.0	0.0	0.0
51	__protein3_rbs	2.0	0.0	0.0
51	__ribosome	46.2	0.0	0.0
51	__rnase_site_ext	7.6	0.0	0.0
51	p0	1.0	0.0	0.0
51	protein1	118.2	7.4	2.4611112
51	protein2	93.4	8.2	2.9357144
51	protein3	39.2	5.0	2.3219047999999995
51	r2	5.4	0.0	0.0
51	rnapol	0.8	0.0	0.0
52	__protein1_rbs	2.0	0.0	0.0
52	__protein2_rbs	5.4	0.0	0.0
52	__protein3_rbs	3.0	0.0	0.0
52	__ribosome	46.2	0.0	0.0
52	__rnase_site_ext	7.8	0.0	0.0
52	p0	0.8	0.0	0.0
52	protein1	122.4	7.6	2.5563494
52	protein2	97.6	8.4	2.7107502
52	protein3	41.2	5.4	2.0928572
52	r2	5.4	0.0	0.0
52	rnapol	0.6	0.0	0.0
53	__protein1_rbs	5.6	0.0	0.0
53	__protein2_rbs	4.0	0.0	0.0
53	__protein3_rbs	2.4	0.0	0.0
53	__ribosome	48.2	0.0	0.0
53	__rnase_site_ext	8.2	0.0	0.0
53	p0	0.4	0.0	0.0
53	protein1	126.6	7.8	2.2412697999999995
53	protein2	103.2	8.6	2.4925686000000002
53	protein3	43.4	5.4	2.3428572
53	r2	5.4	0.0	0.0
53	rnapol	0.8	0.0	0.0
54	__protein1_rbs	3.0	0.0	0.0
54	__protein2_rbs	4.4	0.0	0.0
54	__protein3_rbs	3.4	0.0	0.0
54	__ribosome	48.4	0.0	0.0
54	__rnase_site_ext	8.2	0.0	0.0
54	p0	1.0	0.0	0.0
54	protein1	129.6	7.6	2.525
54	protein2	107.6	8.2	2.5051226000000004
54	protein3	45.6	5.6	2.1195237999999996
54	r2	5.6	0.0	0.0
54	rnapol	1.2	0.0	0.0
55	__protein1_rbs	3.2	0.0	0.0
55	__protein2_rbs	4.0	0.0	0.0
55	__protein3_rbs	3.2	0.0	0.0
55	__ribosome	48.4	0.0	0.0
55	__rnase_site_ext	8.8	0.0	0.0
55	p0	0.6	0.0	0.0
55	protein1	134.0	8.2	2.3559523999999996
55	protein2	112.4	8.2	2.4059164
55	protein3	47.8	5.4	2.2766667999999997
55	r2	5.6	0.0	0.0
55	rnapol	0.6	0.0	0.0
56	__protein1_rbs	4.4	0.0	0.0
56	__protein2_rbs	3.2	0.0	0.0
56	__protein3_rbs	2.6	0.0	0.0
56	__ribosome	48.0	0.0	0.0
56	__rnase_site_ext	9.0	0.0	0.0
56	p0	0.8	0.0	0.0
56	protein1	137.0	8.4	2.3392858
56	protein2	117.2	8.2	2.4393216
56	protein3	50.6	5.6	2.2333334
56	r2	5.6	0.0	0.0
56	rnapol	0.6	0.0	0.0
57	__protein1_rbs	4.0	0.0	0.0
57	__protein2_rbs	5.2	0.0	0.0
57	__protein3_rbs	3.2	0.0	0.0
57	__ribosome	48.0	0.0	0.0
57	__rnase_site_ext	9.0	0.0	0.0
57	p0	0.8	0.0	0.0
57	protein1	141.2	8.8	2.2836507999999998
57	protein2	120.2	8.0	2.4540042
57	protein3	53.0	5.6	2.2666668
57	r2	5.8	0.0	0.0
57	rnapol	1.2	0.0	0.0
58	__protein1_rbs	4.4	0.0	0.0
58	__protein2_rbs	5.0	0.0	0.0
58	__protein3_rbs	2.6	0.0	0.0
58	__ribosome	47.2	0.0	0.0
58	__rnase_site_ext	9.6	0.0	0.0
58	p0	1.0	0.0	0.0
58	protein1	143.8	9.0	2.409488
58	protein2	124.6	8.2	2.2848484
58	protein3	55.6	5.6	2.2999998
58	r2	5.8	0.0	0.0
58	rnapol	0.8	0.0	0.0
59	__protein1_rbs	5.6	0.0	0.0
59	__protein2_rbs	4.4	0.0	0.0
59	__protein3_rbs	2.8	0.0	0.0
59	__ribosome	45.4	0.0	0.0
59	__rnase_site_ext	9.6	0.0	0.0
59	p0	0.6	0.0	0.0
59	protein1	147.8	9.6	2.2790908
59	protein2	128.4	8.4	2.2691557999999996
59	protein3	57.8	5.6	2.45
59	r2	5.8	0.0	0.0
59	rnapol	0.6	0.0	0.0
60	__protein1_rbs	5.0	0.0	0.0
60	__protein2_rbs	3.8	0.0	0.0
60	__protein3_rbs	3.2	0.0	0.0
60	__ribosome	44.8	0.0	0.0
60	__rnase_site_ext	9.6	0.0	0.0
60	p0	0.8	0.0	0.0
60	protein1	152.2	9.4	2.296212
60	protein2	132.0	8.2	2.4561112
60	protein3	60.2	5.8	2.3333332
60	r2	5.8	0.0	0.0
60	rnapol	0.4	0.0	0.0
61	__protein1_rbs	5.6	0.0	0.0
61	__protein2_rbs	4.4	0.0	0.0
61	__protein3_rbs	3.0	0.0	0.0
61	__ribosome	45.6	0.0	0.0
61	__rnase_site_ext	9.8	0.0	0.0
61	p0	1.0	0.0	0.0
61	protein1	156.0	9.6	2.225505
61	protein2	137.2	8.4	2.2338888
61	protein3	62.4	5.8	2.4
61	r2	5.6	0.0	0.0
61	rnapol	0.6	0.0	0.0
62	__protein1_rbs	5.8	0.0	0.0
62	__protein2_rbs	3.4	0.0	0.0
62	__protein3_rbs	3.8	0.0	0.0
62	__ribosome	43.4	0.0	0.0
62	__rnase_site_ext	10.4	0.0	0.0
62	p0	0.8	0.0	0.0
62	protein1	159.8	9.8	2.1931816000000004
62	protein2	139.6	8.6	2.5028572000000002
62	protein3	65.2	5.8	2.3333334
62	r2	5.6	0.0	0.0
62	rnapol	0.0	0.0	0.0
63	__protein1_rbs	4.2	0.0	0.0
63	__protein2_rbs	4.8	0.0	0.0
63	__protein3_rbs	3.4	0.0	0.0
63	__ribosome	42.8	0.0	0.0
63	__rnase_site_ext	10.4	0.0	0.0
63	p0	1.0	0.0	0.0
63	protein1	165.8	10.4	2.131212
63	protein2	143.2	9.0	2.3915585999999998
63	protein3	67.6	5.8	2.3333334
63	r2	5.8	0.0	0.0
63	rnapol	0.0	0.0	0.0
64	__protein1_rbs	6.2	0.0	0.0
64	__protein2_rbs	4.4	0.0	0.0
64	__protein3_rbs	2.4	0.0	0.0
64	__ribosome	43.4	0.0	0.0
64	__rnase_site_ext	10.4	0.0	0.0
64	p0	1.0	0.0	0.0
64	protein1	169.0	10.4	2.1911112000000004
64	protein2	147.6	9.2	2.2879364
64	protein3	71.6	5.8	2.1866666
64	r2	5.8	0.0	0.0
64	rnapol	0.0	0.0	0.0
65	__protein1_rbs	4.6	0.0	0.0
65	__protein2_rbs	4.6	0.0	0.0
65	__protein3_rbs	2.6	0.0	0.0
65	__ribosome	40.4	0.0	0.0
65	__rnase_site_ext	10.4	0.0	0.0
65	p0	1.0	0.0	0.0
65	protein1	173.4	10.4	2.3074746
65	protein2	151.2	9.2	2.4082538
65	protein3	73.8	5.6	2.4266666
65	r2	6.0	0.0	0.0
65	rnapol	0.2	0.0	0.0
66	__protein1_rbs	6.2	0.0	0.0
66	__protein2_rbs	5.4	0.0	0.0
66	__protein3_rbs	3.2	0.0	0.0
66	__ribosome	42.4	0.0	0.0
66	__rnase_site_ext	10.2	0.0	0.0
66	p0	1.0	0.0	0.0
66	protein1	177.4	10.4	2.2673737999999997
66	protein2	156.0	9.8	2.1866666
66	protein3	76.8	5.8	2.2152382000000004
66	r2	6.0	0.0	0.0
66	rnapol	0.2	0.0	0.0
67	__protein1_rbs	5.2	0.0	0.0
67	__protein2_rbs	4.8	0.0	0.0
67	__protein3_rbs	3.2	0.0	0.0
67	__ribosome	39.4	0.0	0.0
67	__rnase_site_ext	10.0	0.0	0.0
67	p0	1.0	0.0	0.0
67	protein1	181.6	10.2	2.4183840000000005
67	protein2	160.4	9.8	2.279091
67	protein3	78.4	6.2	2.2352380000000003
67	r2	6.8	0.0	0.0
67	rnapol	0.2	0.0	0.0
68	__protein1_rbs	5.8	0.0	0.0
68	__protein2_rbs	5.6	0.0	0.0
68	__protein3_rbs	4.4	0.0	0.0
68	__ribosome	39.6	0.0	0.0
68	__rnase_site_ext	9.8	0.0	0.0
68	p0	1.0	0.0	0.0
68	protein1	187.2	10.2	2.3638386
68	protein2	163.6	10.2	2.350707
68	protein3	81.6	6.2	2.0095238
68	r2	6.8	0.0	0.0
68	rnapol	0.2	0.0	0.0
69	__protein1_rbs	5.6	0.0	0.0
69	__protein2_rbs	5.2	0.0	0.0
69	__protein3_rbs	3.6	0.0	0.0
69	__ribosome	41.2	0.0	0.0
69	__rnase_site_ext	9.6	0.0	0.0
69	p0	0.8	0.0	0.0
69	protein1	191.4	10.0	2.3531817999999998
69	protein2	169.2	10.2	2.2724242
69	protein3	84.8	6.4	1.952381
69	r2	7.2	0.0	0.0
69	rnapol	0.2	0.0	0.0
70	__protein1_rbs	5.0	0.0	0.0
70	__protein2_rbs	6.4	0.0	0.0
70	__protein3_rbs	4.2	0.0	0.0
70	__ribosome	40.6	0.0	0.0
70	__rnase_site_ext	9.8	0.0	0.0
70	p0	1.0	0.0	0.0
70	protein1	195.8	9.6	2.455
70	protein2	172.4	10.8	2.1669696000000003
70	protein3	87.0	6.8	1.8892858
70	r2	7.2	0.0	0.0
70	rnapol	0.8	0.0	0.0
71	__protein1_rbs	4.8	0.0	0.0
71	__protein2_rbs	5.4	0.0	0.0
71	__protein3_rbs	3.0	0.0	0.0
71	__ribosome	39.0	0.0	0.0
71	__rnase_site_ext	9.8	0.0	0.0
71	p0	1.0	0.0	0.0
71	protein1	201.0	9.8	2.3786364
71	protein2	178.4	10.8	2.1145454
71	protein3	89.0	7.2	2.1567462
71	r2	7.4	0.0	0.0
71	rnapol	0.8	0.0	0.0
72	__protein1_rbs	5.8	0.0	0.0
72	__protein2_rbs	5.2	0.0	0.0
72	__protein3_rbs	4.8	0.0	0.0
72	__ribosome	39.8	0.0	0.0
72	__rnase_site_ext	9.8	0.0	0.0
72	p0	1.0	0.0	0.0
72	protein1	206.0	9.8	2.2386364
72	protein2	182.6	10.8	2.2657574
72	protein3	92.0	7.2	1.9857142
72	r2	7.4	0.0	0.0
72	rnapol	1.0	0.0	0.0
73	__protein1_rbs	6.2	0.0	0.0
73	__protein2_rbs	6.4	0.0	0.0
73	__protein3_rbs	2.6	0.0	0.0
73	__ribosome	38.4	0.0	0.0
73	__rnase_site_ext	10.2	0.0	0.0
73	p0	0.8	0.0	0.0
73	protein1	210.0	10.0	2.1890910000000003
73	protein2	186.4	10.4	2.319293
73	protein3	94.2	7.2	2.261111
73	r2	7.6	0.0	0.0
73	rnapol	0.6	0.0	0.0
74	__protein1_rbs	6.4	0.0	0.0
74	__protein2_rbs	5.6	0.0	0.0
74	__protein3_rbs	4.6	0.0	0.0
74	__ribosome	39.6	0.0	0.0
74	__rnase_site_ext	10.4	0.0	0.0
74	p0	0.6	0.0	0.0
74	protein1	215.2	10.0	1.9995453999999997
74	protein2	191.0	10.4	2.3748484
74	protein3	97.4	7.4	2.1373018000000004
74	r2	7.6	0.0	0.0
74	rnapol	0.6	0.0	0.0
75	__protein1_rbs	4.8	0.0	0.0
75	__protein2_rbs	4.8	0.0	0.0
75	__protein3_rbs	3.8	0.0	0.0
75	__ribosome	37.0	0.0	0.0
75	__rnase_site_ext	10.2	0.0	0.0
75	p0	0.8	0.0	0.0
75	protein1	219.8	10.4	2.0388888
75	protein2	195.8	10.4	2.4171716
75	protein3	100.0	7.4	2.2555554
75	r2	8.0	0.0	0.0
75	rnapol	1.0	0.0	0.0
76	__protein1_rbs	6.4	0.0	0.0
76	__protein2_rbs	4.2	0.0	0.0
76	__protein3_rbs	4.4	0.0	0.0
76	__ribosome	37.8	0.0	0.0
76	__rnase_site_ext	10.2	0.0	0.0
76	p0	0.6	0.0	0.0
76	protein1	223.8	10.4	2.0185858
76	protein2	202.0	10.4	2.3534342
76	protein3	103.2	8.0	2.1186507999999997
76	r2	8.0	0.0	0.0
76	rnapol	0.8	0.0	0.0
77	__protein1_rbs	5.8	0.0	0.0
77	__protein2_rbs	5.4	0.0	0.0
77	__protein3_rbs	4.4	0.0	0.0
77	__ribosome	37.6	0.0	0.0
77	__rnase_site_ext	10.6	0.0	0.0
77	p0	0.8	0.0	0.0
77	protein1	227.6	10.2	2.1208082000000004
77	protein2	206.6	10.4	2.3075758
77	protein3	106.6	8.0	2.1007938
77	r2	7.8	0.0	0.0
77	rnapol	0.6	0.0	0.0
78	__protein1_rbs	6.2	0.0	0.0
78	__protein2_rbs	6.8	0.0	0.0
78	__protein3_rbs	5.4	0.0	0.0
78	__ribosome	39.8	0.0	0.0
78	__rnase_site_ext	11.0	0.0	0.0
78	p0	0.6	0.0	0.0
78	protein1	231.8	10.6	2.0473736000000002
78	protein2	211.4	10.6	2.17
78	protein3	110.4	8.2	1.8904762
78	r2	7.8	0.0	0.0
78	rnapol	0.2	0.0	0.0
79	__protein1_rbs	6.0	0.0	0.0
79	__protein2_rbs	5.8	0.0	0.0
79	__protein3_rbs	4.4	0.0	0.0
79	__ribosome	37.6	0.0	0.0
79	__rnase_site_ext	11.4	0.0	0.0
79	p0	0.8	0.0	0.0
79	protein1	235.4	10.8	2.0732324
79	protein2	215.4	10.6	2.2022222
79	protein3	113.2	8.2	2.0511906000000004
79	r2	7.8	0.0	0.0
79	rnapol	0.2	0.0	0.0
80	__protein1_rbs	5.8	0.0	0.0
80	__protein2_rbs	5.2	0.0	0.0
80	__protein3_rbs	5.2	0.0	0.0
80	__ribosome	37.6	0.0	0.0
80	__rnase_site_ext	11.2	0.0	0.0
80	p0	1.0	0.0	0.0
80	protein1	240.2	11.2	2.0376068000000003
80	protein2	220.0	10.8	2.2201008
80	protein3	116.8	8.0	1.9638887999999999
80	r2	7.8	0.0	0.0
80	rnapol	0.2	0.0	0.0
81	__protein1_rbs	4.8	0.0	0.0
81	__protein2_rbs	6.4	0.0	0.0
81	__protein3_rbs	4.8	0.0	0.0
81	__ribosome	37.4	0.0	0.0
81	__rnase_site_ext	11.6	0.0	0.0
81	p0	0.6	0.0	0.0
81	protein1	245.0	11.2	2.171212
81	protein2	226.4	11.0	2.0181818
81	protein3	119.6	7.8	2.0833334
81	r2	7.8	0.0	0.0
81	rnapol	0.4	0.0	0.0
82	__protein1_rbs	7.0	0.0	0.0
82	__protein2_rbs	6.2	0.0	0.0
82	__protein3_rbs	4.6	0.0	0.0
82	__ribosome	38.0	0.0	0.0
82	__rnase_site_ext	11.8	0.0	0.0
82	p0	0.8	0.0	0.0
82	protein1	249.6	11.4	2.0666666
82	protein2	230.8	10.8	2.0719968
82	protein3	122.8	7.8	2.1138888
82	r2	7.8	0.0	0.0
82	rnapol	0.2	0.0	0.0
83	__protein1_rbs	6.0	0.0	0.0
83	__protein2_rbs	5.0	0.0	0.0
83	__protein3_rbs	4.4	0.0	0.0
83	__ribosome	34.0	0.0	0.0
83	__rnase_site_ext	11.8	0.0	0.0
83	p0	0.6	0.0	0.0
83	protein1	253.0	11.6	2.1933336
83	protein2	234.2	11.2	2.2372026000000003
83	protein3	126.6	7.8	2.0277778000000004
83	r2	8.0	0.0	0.0
83	rnapol	0.4	0.0	0.0
84	__protein1_rbs	7.6	0.0	0.0
84	__protein2_rbs	6.2	0.0	0.0
84	__protein3_rbs	4.2	0.0	0.0
84	__ribosome	33.2	0.0	0.0
84	__rnase_site_ext	12.0	0.0	0.0
84	p0	1.0	0.0	0.0
84	protein1	257.2	11.8	2.1866668
84	protein2	238.6	11.0	2.2681818
84	protein3	129.6	7.8	2.0888888000000003
84	r2	7.6	0.0	0.0
84	rnapol	0.4	0.0	0.0
85	__protein1_rbs	7.2	0.0	0.0
85	__protein2_rbs	7.2	0.0	0.0
85	__protein3_rbs	4.8	0.0	0.0
85	__ribosome	35.2	0.0	0.0
85	__rnase_site_ext	11.8	0.0	0.0
85	p0	1.0	0.0	0.0
85	protein1	262.0	12.0	2.168718
85	protein2	244.6	11.4	1.9936364
85	protein3	132.8	7.8	2.1055556
85	r2	7.8	0.0	0.0
85	rnapol	0.4	0.0	0.0
86	__protein1_rbs	6.0	0.0	0.0
86	__protein2_rbs	7.6	0.0	0.0
86	__protein3_rbs	6.0	0.0	0.0
86	__ribosome	35.6	0.0	0.0
86	__rnase_site_ext	11.6	0.0	0.0
86	p0	1.0	0.0	0.0
86	protein1	267.8	11.8	2.1888810000000003
86	protein2	248.6	11.6	1.9542892
86	protein3	135.6	8.0	2.0194444000000003
86	r2	8.0	0.0	0.0
86	rnapol	0.4	0.0	0.0
87	__protein1_rbs	7.6	0.0	0.0
87	__protein2_rbs	7.0	0.0	0.0
87	__protein3_rbs	4.8	0.0	0.0
87	__ribosome	37.2	0.0	0.0
87	__rnase_site_ext	11.8	0.0	0.0
87	p0	0.8	0.0	0.0
87	protein1	273.4	11.6	2.0935664000000003
87	protein2	253.2	12.0	1.9086714
87	protein3	139.0	8.0	2.0250002
87	r2	8.2	0.0	0.0
87	rnapol	0.6	0.0	0.0
88	__protein1_rbs	5.2	0.0	0.0
88	__protein2_rbs	7.0	0.0	0.0
88	__protein3_rbs	4.4	0.0	0.0
88	__ribosome	35.6	0.0	0.0
88	__rnase_site_ext	11.8	0.0	0.0
88	p0	1.0	0.0	0.0
88	protein1	278.2	11.6	2.2372028
88	protein2	258.6	12.0	1.8643356
88	protein3	142.0	8.0	2.0583334
88	r2	8.4	0.0	0.0
88	rnapol	0.8	0.0	0.0
89	__protein1_rbs	5.6	0.0	0.0
89	__protein2_rbs	7.0	0.0	0.0
89	__protein3_rbs	5.2	0.0	0.0
89	__ribosome	35.0	0.0	0.0
89	__rnase_site_ext	12.0	0.0	0.0
89	p0	0.6	0.0	0.0
89	protein1	283.4	11.8	2.243816
89	protein2	263.0	12.2	1.878205
89	protein3	145.4	8.2	1.9523811999999998
89	r2	8.4	0.0	0.0
89	rnapol	0.4	0.0	0.0
90	__protein1_rbs	6.8	0.0	0.0
90	__protein2_rbs	7.0	0.0	0.0
90	__protein3_rbs	5.2	0.0	0.0
90	__ribosome	34.2	0.0	0.0
90	__rnase_site_ext	12.2	0.0	0.0
90	p0	1.0	0.0	0.0
90	protein1	287.4	12.0	2.2701298
90	protein2	266.2	12.2	1.9889743999999998
90	protein3	149.6	8.4	1.7793652000000002
90	r2	8.4	0.0	0.0
90	rnapol	0.4	0.0	0.0
91	__protein1_rbs	7.0	0.0	0.0
91	__protein2_rbs	6.8	0.0	0.0
91	__protein3_rbs	4.6	0.0	0.0
91	__ribosome	32.0	0.0	0.0
91	__rnase_site_ext	12.6	0.0	0.0
91	p0	0.6	0.0	0.0
91	protein1	293.2	12.2	2.1701298
91	protein2	270.8	12.2	2.0558973999999997
91	protein3	151.8	8.4	1.9940476
91	r2	8.8	0.0	0.0
91	rnapol	0.6	0.0	0.0
92	__protein1_rbs	7.4	0.0	0.0
92	__protein2_rbs	7.4	0.0	0.0
92	__protein3_rbs	4.4	0.0	0.0
92	__ribosome	30.2	0.0	0.0
92	__rnase_site_ext	12.6	0.0	0.0
92	p0	1.0	0.0	0.0
92	protein1	297.8	12.4	2.1439394
92	protein2	275.6	12.4	2.0287912
92	protein3	154.4	8.4	2.2186508
92	r2	8.8	0.0	0.0
92	rnapol	0.6	0.0	0.0
93	__protein1_rbs	8.2	0.0	0.0
93	__protein2_rbs	8.4	0.0	0.0
93	__protein3_rbs	4.6	0.0	0.0
93	__ribosome	34.6	0.0	0.0
93	__rnase_site_ext	12.6	0.0	0.0
93	p0	0.8	0.0	0.0
93	protein1	304.0	12.6	1.9775756
93	protein2	280.8	12.4	1.910806
93	protein3	158.8	8.8	1.9805556
93	r2	8.4	0.0	0.0
93	rnapol	0.6	0.0	0.0
94	__protein1_rbs	6.6	0.0	0.0
94	__protein2_rbs	8.4	0.0	0.0
94	__protein3_rbs	5.4	0.0	0.0
94	__ribosome	35.2	0.0	0.0
94	__rnase_site_ext	12.6	0.0	0.0
94	p0	1.0	0.0	0.0
94	protein1	308.8	12.4	2.0574026
94	protein2	285.6	12.2	1.8271796
94	protein3	161.8	8.8	1.9333334
94	r2	8.8	0.0	0.0
94	rnapol	1.0	0.0	0.0
95	__protein1_rbs	7.0	0.0	0.0
95	__protein2_rbs	6.6	0.0	0.0
95	__protein3_rbs	4.2	0.0	0.0
95	__ribosome	32.8	0.0	0.0
95	__rnase_site_ext	12.6	0.0	0.0
95	p0	0.8	0.0	0.0
95	protein1	314.0	12.6	2.0143722
95	protein2	290.2	12.4	1.8768132
95	protein3	164.8	8.8	2.1027777999999997
95	r2	8.8	0.0	0.0
95	rnapol	1.2	0.0	0.0
96	__protein1_rbs	7.6	0.0	0.0
96	__protein2_rbs	6.0	0.0	0.0
96	__protein3_rbs	5.8	0.0	0.0
96	__ribosome	33.2	0.0	0.0
96	__rnase_site_ext	12.6	0.0	0.0
96	p0	0.8	0.0	0.0
96	protein1	319.6	12.4	1.9922078
96	protein2	295.0	12.4	1.9752014
96	protein3	168.6	9.0	1.9414142
96	r2	9.0	0.0	0.0
96	rnapol	1.0	0.0	0.0
97	__protein1_rbs	7.8	0.0	0.0
97	__protein2_rbs	6.8	0.0	0.0
97	__protein3_rbs	4.6	0.0	0.0
97	__ribosome	33.0	0.0	0.0
97	__rnase_site_ext	13.0	0.0	0.0
97	p0	0.8	0.0	0.0
97	protein1	324.2	12.4	1.9731602
97	protein2	300.6	12.6	1.9213918000000003
97	protein3	172.8	9.0	2.0680808
97	r2	9.2	0.0	0.0
97	rnapol	0.6	0.0	0.0
98	__protein1_rbs	7.6	0.0	0.0
98	__protein2_rbs	7.2	0.0	0.0
98	__protein3_rbs	5.0	0.0	0.0
98	__ribosome	32.2	0.0	0.0
98	__rnase_site_ext	13.0	0.0	0.0
98	p0	0.8	0.0	0.0
98	protein1	329.6	12.8	1.8838296000000003
98	protein2	305.2	12.6	1.9603896
98	protein3	175.2	9.0	2.1461112
98	r2	9.0	0.0	0.0
98	rnapol	0.8	0.0	0.0
99	__protein1_rbs	7.8	0.0	0.0
99	__protein2_rbs	6.4	0.0	0.0
99	__protein3_rbs	5.2	0.0	0.0
99	__ribosome	29.0	0.0	0.0
99	__rnase_site_ext	13.4	0.0	0.0
99	p0	0.6	0.0	0.0
99	protein1	334.4	12.8	1.9389011999999999
99	protein2	307.6	12.6	2.2380952
99	protein3	179.0	9.2	1.99
99	r2	9.0	0.0	0.0
99	rnapol	0.4	0.0	0.0
100	__protein1_rbs	8.0	0.0	0.0
100	__protein2_rbs	8.0	0.0	0.0
100	__protein3_rbs	5.6	0.0	0.0
100	__ribosome	30.4	0.0	0.0
100	__rnase_site_ext	13.4	0.0	0.0
100	p0	0.8	0.0	0.0
100	protein1	339.6	13.2	1.8512686000000005
100	protein2	312.4	12.6	2.2141992000000004
100	protein3	182.8	9.2	1.9138887999999998
100	r2	9.2	0.0	0.0
100	rnapol	0.2	0.0	0.0
101	__protein1_rbs	8.2	0.0	0.0
101	__protein2_rbs	8.6	0.0	0.0
101	__protein3_rbs	4.2	0.0	0.0
101	__ribosome	30.6	0.0	0.0
101	__rnase_site_ext	13.8	0.0	0.0
101	p0	0.8	0.0	0.0
101	protein1	344.0	13.4	1.879534
101	protein2	318.8	12.8	1.969264
101	protein3	186.0	9.0	2.1238888
101	r2	9.0	0.0	0.0
101	rnapol	0.4	0.0	0.0
102	__protein1_rbs	7.8	0.0	0.0
102	__protein2_rbs	8.2	0.0	0.0
102	__protein3_rbs	6.4	0.0	0.0
102	__ribosome	31.8	0.0	0.0
102	__rnase_site_ext	13.8	0.0	0.0
102	p0	1.0	0.0	0.0
102	protein1	349.2	13.8	1.8853846
102	protein2	323.8	12.8	1.9522944
102	protein3	190.6	9.0	1.9255556
102	r2	8.6	0.0	0.0
102	rnapol	0.6	0.0	0.0
103	__protein1_rbs	8.0	0.0	0.0
103	__protein2_rbs	7.4	0.0	0.0
103	__protein3_rbs	6.6	0.0	0.0
103	__ribosome	32.2	0.0	0.0
103	__rnase_site_ext	13.6	0.0	0.0
103	p0	0.8	0.0	0.0
103	protein1	354.2	13.8	1.9091939999999998
103	protein2	329.8	12.8	1.9264072000000003
103	protein3	193.6	9.2	1.8705556
103	r2	8.8	0.0	0.0
103	rnapol	0.8	0.0	0.0
104	__protein1_rbs	7.8	0.0	0.0
104	__protein2_rbs	8.4	0.0	0.0
104	__protein3_rbs	4.2	0.0	0.0
104	__ribosome	31.2	0.0	0.0
104	__rnase_site_ext	14.0	0.0	0.0
104	p0	0.4	0.0	0.0
104	protein1	358.8	13.6	2.03
104	protein2	335.8	13.2	1.7433332
104	protein3	197.4	9.2	1.9988887999999998
104	r2	9.0	0.0	0.0
104	rnapol	0.6	0.0	0.0
105	__protein1_rbs	8.6	0.0	0.0
105	__protein2_rbs	8.0	0.0	0.0
105	__protein3_rbs	6.2	0.0	0.0
105	__ribosome	32.6	0.0	0.0
105	__rnase_site_ext	13.8	0.0	0.0
105	p0	1.0	0.0	0.0
105	protein1	364.2	13.8	1.9152098
105	protein2	340.0	13.4	1.8351282
105	protein3	201.0	9.0	1.9022221999999998
105	r2	9.0	0.0	0.0
105	rnapol	0.8	0.0	0.0
106	__protein1_rbs	8.8	0.0	0.0
106	__protein2_rbs	7.4	0.0	0.0
106	__protein3_rbs	5.2	0.0	0.0
106	__ribosome	31.0	0.0	0.0
106	__rnase_site_ext	14.2	0.0	0.0
106	p0	0.8	0.0	0.0
106	protein1	369.4	13.8	1.9106585999999999
106	protein2	344.0	13.8	1.939487
106	protein3	205.2	9.0	1.8272221999999998
106	r2	9.0	0.0	0.0
106	rnapol	0.4	0.0	0.0
107	__protein1_rbs	9.0	0.0	0.0
107	__protein2_rbs	8.4	0.0	0.0
107	__protein3_rbs	5.6	0.0	0.0
107	__ribosome	30.6	0.0	0.0
107	__rnase_site_ext	14.2	0.0	0.0
107	p0	1.0	0.0	0.0
107	protein1	374.6	14.2	1.8550324
107	protein2	349.6	13.6	1.9520511999999999
107	protein3	207.8	9.0	1.898889
107	r2	9.0	0.0	0.0
107	rnapol	0.4	0.0	0.0
108	__protein1_rbs	8.4	0.0	0.0
108	__protein2_rbs	8.0	0.0	0.0
108	__protein3_rbs	6.0	0.0	0.0
108	__ribosome	27.8	0.0	0.0
108	__rnase_site_ext	14.2	0.0	0.0
108	p0	1.0	0.0	0.0
108	protein1	380.2	14.2	1.9003248
108	protein2	354.0	14.2	1.9778754
108	protein3	210.6	9.2	1.9200000000000004
108	r2	9.0	0.0	0.0
108	rnapol	0.8	0.0	0.0
109	__protein1_rbs	8.0	0.0	0.0
109	__protein2_rbs	9.4	0.0	0.0
109	__protein3_rbs	5.6	0.0	0.0
109	__ribosome	31.2	0.0	0.0
109	__rnase_site_ext	14.4	0.0	0.0
109	p0	0.6	0.0	0.0
109	protein1	385.8	14.2	1.8542206
109	protein2	359.6	14.2	1.8863644
109	protein3	215.2	9.0	1.8122222
109	r2	9.2	0.0	0.0
109	rnapol	0.4	0.0	0.0
110	__protein1_rbs	6.4	0.0	0.0
110	__protein2_rbs	8.4	0.0	0.0
110	__protein3_rbs	7.2	0.0	0.0
110	__ribosome	28.6	0.0	0.0
110	__rnase_site_ext	14.0	0.0	0.0
110	p0	1.0	0.0	0.0
110	protein1	390.8	14.0	2.060964
110	protein2	363.8	14.2	1.9649726000000003
110	protein3	218.0	9.0	1.7027777999999998
110	r2	9.0	0.0	0.0
110	rnapol	0.6	0.0	0.0
111	__protein1_rbs	9.6	0.0	0.0
111	__protein2_rbs	8.4	0.0	0.0
111	__protein3_rbs	5.6	0.0	0.0
111	__ribosome	29.4	0.0	0.0
111	__rnase_site_ext	13.8	0.0	0.0
111	p0	0.8	0.0	0.0
111	protein1	395.4	14.2	2.0575072000000003
111	protein2	370.6	14.4	1.8714286
111	protein3	221.4	9.0	1.6955556
111	r2	9.2	0.0	0.0
111	rnapol	0.8	0.0	0.0
112	__protein1_rbs	9.6	0.0	0.0
112	__protein2_rbs	9.4	0.0	0.0
112	__protein3_rbs	3.6	0.0	0.0
112	__ribosome	28.8	0.0	0.0
112	__rnase_site_ext	14.2	0.0	0.0
112	p0	0.8	0.0	0.0
112	protein1	401.0	14.0	1.9986768
112	protein2	375.2	14.0	1.938837
112	protein3	225.0	9.2	1.8928284
112	r2	9.0	0.0	0.0
112	rnapol	1.0	0.0	0.0
113	__protein1_rbs	9.2	0.0	0.0
113	__protein2_rbs	9.0	0.0	0.0
113	__protein3_rbs	6.4	0.0	0.0
113	__ribosome	29.6	0.0	0.0
113	__rnase_site_ext	14.0	0.0	0.0
113	p0	0.8	0.0	0.0
113	protein1	406.6	14.2	1.9759792
113	protein2	381.0	14.4	1.8863096000000001
113	protein3	228.6	9.6	1.7492424
113	r2	9.2	0.0	0.0
113	rnapol	1.2	0.0	0.0
114	__protein1_rbs	8.0	0.0	0.0
114	__protein2_rbs	9.2	0.0	0.0
114	__protein3_rbs	6.8	0.0	0.0
114	__ribosome	28.2	0.0	0.0
114	__rnase_site_ext	13.6	0.0	0.0
114	p0	1.0	0.0	0.0
114	protein1	411.6	14.0	2.0550484
114	protein2	386.0	14.6	1.9053572
114	protein3	231.0	9.4	1.8072728
114	r2	9.2	0.0	0.0
114	rnapol	1.2	0.0	0.0
115	__protein1_rbs	7.4	0.0	0.0
115	__protein2_rbs	8.6	0.0	0.0
115	__protein3_rbs	6.8	0.0	0.0
115	__ribosome	30.0	0.0	0.0
115	__rnase_site_ext	13.8	0.0	0.0
115	p0	0.8	0.0	0.0
115	protein1	419.4	13.8	1.9650523999999998
115	protein2	392.0	14.8	1.8595938000000003
115	protein3	233.6	9.2	1.8177778000000002
115	r2	9.2	0.0	0.0
115	rnapol	0.8	0.0	0.0
116	__protein1_rbs	7.2	0.0	0.0
116	__protein2_rbs	8.6	0.0	0.0
116	__protein3_rbs	5.0	0.0	0.0
116	__ribosome	29.2	0.0	0.0
116	__rnase_site_ext	13.8	0.0	0.0
116	p0	1.0	0.0	0.0
116	protein1	424.2	13.6	2.036561
116	protein2	397.8	14.8	1.8414984
116	protein3	237.6	9.2	1.8485714
116	r2	9.4	0.0	0.0
116	rnapol	1.0	0.0	0.0
117	__protein1_rbs	8.4	0.0	0.0
117	__protein2_rbs	8.6	0.0	0.0
117	__protein3_rbs	5.4	0.0	0.0
117	__ribosome	28.8	0.0	0.0
117	__rnase_site_ext	13.8	0.0	0.0
117	p0	0.8	0.0	0.0
117	protein1	429.6	13.8	1.9829434000000004
117	protein2	402.6	14.8	1.9115078
117	protein3	242.0	9.2	1.7469842
117	r2	9.4	0.0	0.0
117	rnapol	1.2	0.0	0.0
118	__protein1_rbs	8.0	0.0	0.0
118	__protein2_rbs	9.0	0.0	0.0
118	__protein3_rbs	6.4	0.0	0.0
118	__ribosome	26.4	0.0	0.0
118	__rnase_site_ext	14.0	0.0	0.0
118	p0	0.8	0.0	0.0
118	protein1	434.2	13.8	2.052262
118	protein2	407.0	15.0	2.0084968
118	protein3	244.8	9.2	1.6876192
118	r2	9.4	0.0	0.0
118	rnapol	1.0	0.0	0.0
119	__protein1_rbs	10.0	0.0	0.0
119	__protein2_rbs	8.8	0.0	0.0
119	__protein3_rbs	5.2	0.0	0.0
119	__ribosome	27.6	0.0	0.0
119	__rnase_site_ext	14.2	0.0	0.0
119	p0	0.8	0.0	0.0
119	protein1	439.6	14.0	1.9172296000000002
119	protein2	412.4	15.0	2.0193276
119	protein3	248.4	9.4	1.6893218
119	r2	9.6	0.0	0.0
119	rnapol	1.2	0.0	0.0
120	__protein1_rbs	9.2	0.0	0.0
120	__protein2_rbs	9.2	0.0	0.0
120	__protein3_rbs	5.8	0.0	0.0
120	__ribosome	28.0	0.0	0.0
120	__rnase_site_ext	14.4	0.0	0.0
120	p0	0.8	0.0	0.0
120	protein1	445.8	14.0	1.7997945999999998
120	protein2	418.0	14.8	2.0395824
120	protein3	250.6	9.4	1.8160752
120	r2	9.6	0.0	0.0
120	rnapol	1.0	0.0	0.0
121	__protein1_rbs	8.8	0.0	0.0
121	__protein2_rbs	7.0	0.0	0.0
121	__protein3_rbs	5.4	0.0	0.0
121	__ribosome	26.4	0.0	0.0
121	__rnase_site_ext	14.2	0.0	0.0
121	p0	1.0	0.0	0.0
121	protein1	451.2	14.4	1.7358334
121	protein2	424.0	15.2	2.1440996
121	protein3	254.8	9.6	1.7334489999999998
121	r2	9.4	0.0	0.0
121	rnapol	1.2	0.0	0.0
122	__protein1_rbs	8.8	0.0	0.0
122	__protein2_rbs	9.8	0.0	0.0
122	__protein3_rbs	6.8	0.0	0.0
122	__ribosome	29.2	0.0	0.0
122	__rnase_site_ext	14.6	0.0	0.0
122	p0	0.6	0.0	0.0
122	protein1	457.6	14.4	1.640238
122	protein2	430.0	15.2	2.0843376
122	protein3	258.4	9.8	1.6237374
122	r2	9.6	0.0	0.0
122	rnapol	0.8	0.0	0.0
123	__protein1_rbs	10.0	0.0	0.0
123	__protein2_rbs	10.0	0.0	0.0
123	__protein3_rbs	5.4	0.0	0.0
123	__ribosome	30.2	0.0	0.0
123	__rnase_site_ext	15.0	0.0	0.0
123	p0	0.6	0.0	0.0
123	protein1	462.8	14.2	1.5622404
123	protein2	436.2	15.4	1.9851422
123	protein3	260.8	9.6	1.8236364000000005
123	r2	9.2	0.0	0.0
123	rnapol	0.4	0.0	0.0
124	__protein1_rbs	10.6	0.0	0.0
124	__protein2_rbs	7.4	0.0	0.0
124	__protein3_rbs	6.0	0.0	0.0
124	__ribosome	28.4	0.0	0.0
124	__rnase_site_ext	14.8	0.0	0.0
124	p0	0.8	0.0	0.0
124	protein1	466.4	14.8	1.515
124	protein2	442.2	15.4	2.1166082000000004
124	protein3	264.4	9.8	1.7837880000000002
124	r2	9.2	0.0	0.0
124	rnapol	0.4	0.0	0.0
125	__protein1_rbs	9.4	0.0	0.0
125	__protein2_rbs	9.2	0.0	0.0
125	__protein3_rbs	6.4	0.0	0.0
125	__ribosome	27.8	0.0	0.0
125	__rnase_site_ext	14.6	0.0	0.0
125	p0	0.8	0.0	0.0
125	protein1	471.2	14.8	1.5734454
125	protein2	448.2	15.2	2.1338470000000003
125	protein3	267.4	9.8	1.7906061999999998
125	r2	9.4	0.0	0.0
125	rnapol	0.4	0.0	0.0
126	__protein1_rbs	10.0	0.0	0.0
126	__protein2_rbs	9.0	0.0	0.0
126	__protein3_rbs	5.0	0.0	0.0
126	__ribosome	28.4	0.0	0.0
126	__rnase_site_ext	14.8	0.0	0.0
126	p0	1.0	0.0	0.0
126	protein1	475.4	14.6	1.6741737999999995
126	protein2	456.0	15.2	2.0350606
126	protein3	271.0	9.6	1.8644156
126	r2	9.6	0.0	0.0
126	rnapol	0.6	0.0	0.0
127	__protein1_rbs	9.4	0.0	0.0
127	__protein2_rbs	9.0	0.0	0.0
127	__protein3_rbs	5.4	0.0	0.0
127	__ribosome	26.0	0.0	0.0
127	__rnase_site_ext	14.8	0.0	0.0
127	p0	0.6	0.0	0.0
127	protein1	480.4	14.8	1.6573296000000002
127	protein2	461.4	15.2	2.0945728
127	protein3	274.0	9.6	2.0783548
127	r2	9.6	0.0	0.0
127	rnapol	0.6	0.0	0.0
128	__protein1_rbs	9.0	0.0	0.0
128	__protein2_rbs	9.0	0.0	0.0
128	__protein3_rbs	6.0	0.0	0.0
128	__ribosome	25.0	0.0	0.0
128	__rnase_site_ext	14.8	0.0	0.0
128	p0	1.0	0.0	0.0
128	protein1	484.2	14.8	1.8075256000000002
128	protein2	467.8	15.2	2.0325
128	protein3	277.4	9.4	2.0146754
128	r2	9.8	0.0	0.0
128	rnapol	0.6	0.0	0.0
129	__protein1_rbs	8.8	0.0	0.0
129	__protein2_rbs	8.8	0.0	0.0
129	__protein3_rbs	6.0	0.0	0.0
129	__ribosome	24.6	0.0	0.0
129	__rnase_site_ext	14.8	0.0	0.0
129	p0	0.6	0.0	0.0
129	protein1	488.6	14.8	1.8943744
129	protein2	473.8	15.0	2.0122473999999997
129	protein3	281.4	9.6	1.9238743999999999
129	r2	9.8	0.0	0.0
129	rnapol	0.6	0.0	0.0
130	__protein1_rbs	9.6	0.0	0.0
130	__protein2_rbs	9.4	0.0	0.0
130	__protein3_rbs	6.2	0.0	0.0
130	__ribosome	27.4	0.0	0.0
130	__rnase_site_ext	15.0	0.0	0.0
130	p0	0.8	0.0	0.0
130	protein1	493.8	14.6	1.828268
130	protein2	480.8	15.0	1.887304
130	protein3	284.8	9.8	1.8748484
130	r2	10.0	0.0	0.0
130	rnapol	0.4	0.0	0.0
131	__protein1_rbs	9.4	0.0	0.0
131	__protein2_rbs	9.8	0.0	0.0
131	__protein3_rbs	6.8	0.0	0.0
131	__ribosome	29.4	0.0	0.0
131	__rnase_site_ext	14.6	0.0	0.0
131	p0	1.0	0.0	0.0
131	protein1	499.2	14.8	1.8297636
131	protein2	487.2	15.2	1.8021796
131	protein3	288.8	9.8	1.7637880000000004
131	r2	9.8	0.0	0.0
131	rnapol	0.4	0.0	0.0
132	__protein1_rbs	7.6	0.0	0.0
132	__protein2_rbs	10.2	0.0	0.0
132	__protein3_rbs	6.0	0.0	0.0
132	__ribosome	28.2	0.0	0.0
132	__rnase_site_ext	14.6	0.0	0.0
132	p0	1.0	0.0	0.0
132	protein1	504.2	14.6	1.9424836000000003
132	protein2	492.4	15.6	1.7390421999999999
132	protein3	292.6	9.8	1.7572728000000002
132	r2	10.2	0.0	0.0
132	rnapol	0.6	0.0	0.0
133	__protein1_rbs	9.0	0.0	0.0
133	__protein2_rbs	10.0	0.0	0.0
133	__protein3_rbs	5.6	0.0	0.0
133	__ribosome	28.8	0.0	0.0
133	__rnase_site_ext	14.6	0.0	0.0
133	p0	0.6	0.0	0.0
133	protein1	510.6	14.6	1.8398692
133	protein2	498.2	15.6	1.7650903999999998
133	protein3	295.8	10.0	1.805
133	r2	10.2	0.0	0.0
133	rnapol	0.4	0.0	0.0
134	__protein1_rbs	9.2	0.0	0.0
134	__protein2_rbs	9.0	0.0	0.0
134	__protein3_rbs	6.8	0.0	0.0
134	__ribosome	27.6	0.0	0.0
134	__rnase_site_ext	14.4	0.0	0.0
134	p0	1.0	0.0	0.0
134	protein1	514.8	14.6	1.9424836
134	protein2	504.4	15.6	1.7692712
134	protein3	300.0	10.2	1.7272221999999997
134	r2	10.2	0.0	0.0
134	rnapol	0.4	0.0	0.0
135	__protein1_rbs	10.6	0.0	0.0
135	__protein2_rbs	9.8	0.0	0.0
135	__protein3_rbs	6.0	0.0	0.0
135	__ribosome	26.0	0.0	0.0
135	__rnase_site_ext	14.4	0.0	0.0
135	p0	1.0	0.0	0.0
135	protein1	520.2	14.6	1.8195133999999997
135	protein2	508.8	16.0	1.8341588
135	protein3	302.8	10.2	1.9073076
135	r2	10.4	0.0	0.0
135	rnapol	0.4	0.0	0.0
136	__protein1_rbs	9.4	0.0	0.0
136	__protein2_rbs	10.8	0.0	0.0
136	__protein3_rbs	7.6	0.0	0.0
136	__ribosome	26.0	0.0	0.0
136	__rnase_site_ext	14.6	0.0	0.0
136	p0	0.8	0.0	0.0
136	protein1	524.8	14.4	1.892539
136	protein2	514.2	16.0	1.8092153999999998
136	protein3	306.2	10.4	1.8313288
136	r2	10.4	0.0	0.0
136	rnapol	0.6	0.0	0.0
137	__protein1_rbs	9.4	0.0	0.0
137	__protein2_rbs	10.2	0.0	0.0
137	__protein3_rbs	7.8	0.0	0.0
137	__ribosome	28.6	0.0	0.0
137	__rnase_site_ext	14.4	0.0	0.0
137	p0	1.0	0.0	0.0
137	protein1	531.2	14.4	1.7760182
137	protein2	520.4	15.8	1.8215852
137	protein3	309.0	10.6	1.7833768
137	r2	10.2	0.0	0.0
137	rnapol	0.6	0.0	0.0
138	__protein1_rbs	9.4	0.0	0.0
138	__protein2_rbs	10.2	0.0	0.0
138	__protein3_rbs	5.6	0.0	0.0
138	__ribosome	29.2	0.0	0.0
138	__rnase_site_ext	14.6	0.0	0.0
138	p0	0.8	0.0	0.0
138	protein1	536.6	14.4	1.7439114000000004
138	protein2	526.8	16.0	1.8204422
138	protein3	314.0	10.4	1.7679566000000002
138	r2	10.4	0.0	0.0
138	rnapol	0.6	0.0	0.0
139	__protein1_rbs	8.8	0.0	0.0
139	__protein2_rbs	10.4	0.0	0.0
139	__protein3_rbs	6.4	0.0	0.0
139	__ribosome	28.8	0.0	0.0
139	__rnase_site_ext	14.6	0.0	0.0
139	p0	0.8	0.0	0.0
139	protein1	542.0	14.4	1.722001
139	protein2	531.8	16.0	1.8280866000000002
139	protein3	317.4	10.4	1.8029372
139	r2	10.4	0.0	0.0
139	rnapol	1.0	0.0	0.0
140	__protein1_rbs	9.2	0.0	0.0
140	__protein2_rbs	9.6	0.0	0.0
140	__protein3_rbs	6.4	0.0	0.0
140	__ribosome	27.6	0.0	0.0
140	__rnase_site_ext	14.8	0.0	0.0
140	p0	0.8	0.0	0.0
140	protein1	546.0	14.6	1.7514532000000005
140	protein2	537.0	15.8	1.9171428
140	protein3	321.8	10.4	1.7577778000000002
140	r2	10.4	0.0	0.0
140	rnapol	0.8	0.0	0.0
141	__protein1_rbs	10.0	0.0	0.0
141	__protein2_rbs	10.0	0.0	0.0
141	__protein3_rbs	7.4	0.0	0.0
141	__ribosome	27.2	0.0	0.0
141	__rnase_site_ext	15.2	0.0	0.0
141	p0	0.8	0.0	0.0
141	protein1	550.4	14.8	1.7870085999999998
141	protein2	543.0	16.0	1.8355556
141	protein3	325.2	10.4	1.7397008000000003
141	r2	10.4	0.0	0.0
141	rnapol	0.6	0.0	0.0
142	__protein1_rbs	9.0	0.0	0.0
142	__protein2_rbs	10.4	0.0	0.0
142	__protein3_rbs	6.2	0.0	0.0
142	__ribosome	27.2	0.0	0.0
142	__rnase_site_ext	15.2	0.0	0.0
142	p0	0.6	0.0	0.0
142	protein1	556.4	15.2	1.7514868000000001
142	protein2	549.8	15.6	1.7577776000000003
142	protein3	328.4	10.4	1.9300088
142	r2	10.4	0.0	0.0
142	rnapol	0.6	0.0	0.0
143	__protein1_rbs	9.8	0.0	0.0
143	__protein2_rbs	8.8	0.0	0.0
143	__protein3_rbs	7.8	0.0	0.0
143	__ribosome	26.6	0.0	0.0
143	__rnase_site_ext	15.2	0.0	0.0
143	p0	0.6	0.0	0.0
143	protein1	560.8	14.8	1.861111
143	protein2	555.0	15.8	1.8636258
143	protein3	332.8	10.6	1.7166472000000002
143	r2	10.4	0.0	0.0
143	rnapol	0.4	0.0	0.0
144	__protein1_rbs	9.8	0.0	0.0
144	__protein2_rbs	10.2	0.0	0.0
144	__protein3_rbs	7.4	0.0	0.0
144	__ribosome	26.4	0.0	0.0
144	__rnase_site_ext	15.8	0.0	0.0
144	p0	0.8	0.0	0.0
144	protein1	566.8	15.2	1.799728
144	protein2	560.4	15.8	1.8654636000000002
144	protein3	336.0	10.4	1.7815268
144	r2	10.4	0.0	0.0
144	rnapol	0.2	0.0	0.0
145	__protein1_rbs	10.4	0.0	0.0
145	__protein2_rbs	8.2	0.0	0.0
145	__protein3_rbs	8.2	0.0	0.0
145	__ribosome	27.0	0.0	0.0
145	__rnase_site_ext	15.8	0.0	0.0
145	p0	0.8	0.0	0.0
145	protein1	572.0	15.8	1.796732
145	protein2	565.8	15.4	1.9857259999999999
145	protein3	340.6	10.6	1.5167748
145	r2	10.4	0.0	0.0
145	rnapol	0.4	0.0	0.0
146	__protein1_rbs	9.8	0.0	0.0
146	__protein2_rbs	9.8	0.0	0.0
146	__protein3_rbs	7.2	0.0	0.0
146	__ribosome	25.8	0.0	0.0
146	__rnase_site_ext	15.8	0.0	0.0
146	p0	0.8	0.0	0.0
146	protein1	576.8	15.6	1.8762838
146	protein2	571.6	15.6	1.9473684
146	protein3	344.0	10.8	1.5369046000000002
146	r2	10.4	0.0	0.0
146	rnapol	0.8	0.0	0.0
147	__protein1_rbs	9.0	0.0	0.0
147	__protein2_rbs	9.8	0.0	0.0
147	__protein3_rbs	5.6	0.0	0.0
147	__ribosome	26.0	0.0	0.0
147	__rnase_site_ext	16.0	0.0	0.0
147	p0	0.6	0.0	0.0
147	protein1	583.4	15.8	1.7928104
147	protein2	577.2	15.6	1.9309312000000003
147	protein3	348.0	10.4	1.634732
147	r2	10.4	0.0	0.0
147	rnapol	0.6	0.0	0.0
148	__protein1_rbs	9.0	0.0	0.0
148	__protein2_rbs	10.4	0.0	0.0
148	__protein3_rbs	6.0	0.0	0.0
148	__ribosome	23.4	0.0	0.0
148	__rnase_site_ext	16.2	0.0	0.0
148	p0	1.0	0.0	0.0
148	protein1	588.4	16.0	1.9044444000000005
148	protein2	583.4	16.0	1.784182
148	protein3	350.4	10.6	1.8216782
148	r2	10.2	0.0	0.0
148	rnapol	0.6	0.0	0.0
149	__protein1_rbs	11.4	0.0	0.0
149	__protein2_rbs	10.4	0.0	0.0
149	__protein3_rbs	5.2	0.0	0.0
149	__ribosome	25.2	0.0	0.0
149	__rnase_site_ext	16.2	0.0	0.0
149	p0	0.8	0.0	0.0
149	protein1	594.8	16.2	1.7616124
149	protein2	589.2	15.6	1.7332594
149	protein3	354.0	10.6	1.8896854
149	r2	10.0	0.0	0.0
149	rnapol	0.4	0.0	0.0
150	__protein1_rbs	8.8	0.0	0.0
150	__protein2_rbs	11.2	0.0	0.0
150	__protein3_rbs	6.4	0.0	0.0
150	__ribosome	22.4	0.0	0.0
150	__rnase_site_ext	16.6	0.0	0.0
150	p0	0.6	0.0	0.0
150	protein1	599.8	16.2	1.9316624
150	protein2	594.8	15.8	1.6205826
150	protein3	356.2	10.4	2.0634034
150	r2	9.8	0.0	0.0
150	rnapol	0.4	0.0	0.0
151	__protein1_rbs	11.2	0.0	0.0
151	__protein2_rbs	11.8	0.0	0.0
151	__protein3_rbs	7.6	0.0	0.0
151	__ribosome	29.0	0.0	0.0
151	__rnase_site_ext	16.8	0.0	0.0
151	p0	0.8	0.0	0.0
151	protein1	606.0	16.4	1.7828434000000002
151	protein2	601.4	15.6	1.5108264000000002
151	protein3	361.4	10.4	1.837704
151	r2	9.8	0.0	0.0
151	rnapol	0.4	0.0	0.0
152	__protein1_rbs	11.2	0.0	0.0
152	__protein2_rbs	9.4	0.0	0.0
152	__protein3_rbs	4.6	0.0	0.0
152	__ribosome	26.8	0.0	0.0
152	__rnase_site_ext	16.4	0.0	0.0
152	p0	0.6	0.0	0.0
152	protein1	611.8	16.6	1.7241970000000002
152	protein2	606.8	16.2	1.507678
152	protein3	365.2	10.4	2.0290792
152	r2	10.0	0.0	0.0
152	rnapol	0.2	0.0	0.0
153	__protein1_rbs	10.8	0.0	0.0
153	__protein2_rbs	10.0	0.0	0.0
153	__protein3_rbs	7.2	0.0	0.0
153	__ribosome	29.2	0.0	0.0
153	__rnase_site_ext	16.8	0.0	0.0
153	p0	1.0	0.0	0.0
153	protein1	619.0	16.4	1.6272598000000005
153	protein2	611.4	16.4	1.5926428
153	protein3	370.0	10.0	1.8784716000000001
153	r2	10.0	0.0	0.0
153	rnapol	0.4	0.0	0.0
154	__protein1_rbs	10.4	0.0	0.0
154	__protein2_rbs	10.2	0.0	0.0
154	__protein3_rbs	7.2	0.0	0.0
154	__ribosome	26.4	0.0	0.0
154	__rnase_site_ext	17.0	0.0	0.0
154	p0	0.8	0.0	0.0
154	protein1	623.2	16.8	1.7290619999999997
154	protein2	616.2	16.4	1.6437993999999998
154	protein3	373.4	10.0	1.9058692
154	r2	10.0	0.0	0.0
154	rnapol	0.2	0.0	0.0
155	__protein1_rbs	10.8	0.0	0.0
155	__protein2_rbs	10.4	0.0	0.0
155	__protein3_rbs	6.4	0.0	0.0
155	__ribosome	24.6	0.0	0.0
155	__rnase_site_ext	16.6	0.0	0.0
155	p0	1.0	0.0	0.0
155	protein1	629.2	16.8	1.7354256000000001
155	protein2	621.0	17.0	1.716491
155	protein3	377.2	10.0	1.9176824000000001
155	r2	10.2	0.0	0.0
155	rnapol	0.4	0.0	0.0
156	__protein1_rbs	11.4	0.0	0.0
156	__protein2_rbs	11.8	0.0	0.0
156	__protein3_rbs	6.4	0.0	0.0
156	__ribosome	24.4	0.0	0.0
156	__rnase_site_ext	16.8	0.0	0.0
156	p0	0.8	0.0	0.0
156	protein1	635.0	16.6	1.7236505999999998
156	protein2	625.6	17.0	1.7638744000000002
156	protein3	380.2	10.2	1.8973692
156	r2	10.2	0.0	0.0
156	rnapol	0.6	0.0	0.0
157	__protein1_rbs	12.0	0.0	0.0
157	__protein2_rbs	11.2	0.0	0.0
157	__protein3_rbs	8.4	0.0	0.0
157	__ribosome	27.4	0.0	0.0
157	__rnase_site_ext	17.0	0.0	0.0
157	p0	0.8	0.0	0.0
157	protein1	639.8	16.8	1.765238
157	protein2	631.6	16.6	1.769883
157	protein3	385.4	10.4	1.5351982
157	r2	10.2	0.0	0.0
157	rnapol	0.4	0.0	0.0
158	__protein1_rbs	11.2	0.0	0.0
158	__protein2_rbs	10.8	0.0	0.0
158	__protein3_rbs	6.4	0.0	0.0
158	__ribosome	27.6	0.0	0.0
158	__rnase_site_ext	17.2	0.0	0.0
158	p0	1.0	0.0	0.0
158	protein1	647.0	16.8	1.6265078000000002
158	protein2	637.2	17.0	1.7822221999999999
158	protein3	389.2	10.4	1.578077
158	r2	10.2	0.0	0.0
158	rnapol	0.4	0.0	0.0
159	__protein1_rbs	10.8	0.0	0.0
159	__protein2_rbs	12.4	0.0	0.0
159	__protein3_rbs	7.2	0.0	0.0
159	__ribosome	27.0	0.0	0.0
159	__rnase_site_ext	17.4	0.0	0.0
159	p0	1.0	0.0	0.0
159	protein1	652.6	17.2	1.6817634
159	protein2	643.0	17.4	1.7144612
159	protein3	392.4	10.4	1.5706838
159	r2	10.2	0.0	0.0
159	rnapol	0.4	0.0	0.0
160	__protein1_rbs	12.4	0.0	0.0
160	__protein2_rbs	10.6	0.0	0.0
160	__protein3_rbs	5.6	0.0	0.0
160	__ribosome	26.8	0.0	0.0
160	__rnase_site_ext	16.8	0.0	0.0
160	p0	1.0	0.0	0.0
160	protein1	658.6	17.4	1.6065549999999995
160	protein2	650.2	17.6	1.6886966
160	protein3	395.4	10.4	1.7234615999999998
160	r2	10.2	0.0	0.0
160	rnapol	0.6	0.0	0.0
161	__protein1_rbs	12.8	0.0	0.0
161	__protein2_rbs	11.0	0.0	0.0
161	__protein3_rbs	8.2	0.0	0.0
161	__ribosome	26.2	0.0	0.0
161	__rnase_site_ext	16.8	0.0	0.0
161	p0	0.8	0.0	0.0
161	protein1	663.2	17.2	1.6152698
161	protein2	655.0	17.6	1.8050376000000001
161	protein3	399.0	10.4	1.6021367999999998
161	r2	10.2	0.0	0.0
161	rnapol	0.6	0.0	0.0
162	__protein1_rbs	10.0	0.0	0.0
162	__protein2_rbs	13.0	0.0	0.0
162	__protein3_rbs	6.6	0.0	0.0
162	__ribosome	24.4	0.0	0.0
162	__rnase_site_ext	17.0	0.0	0.0
162	p0	0.8	0.0	0.0
162	protein1	668.0	16.8	1.7498748
162	protein2	660.6	17.6	1.7802256
162	protein3	402.2	10.6	1.630641
162	r2	9.8	0.0	0.0
162	rnapol	0.8	0.0	0.0
163	__protein1_rbs	11.0	0.0	0.0
163	__protein2_rbs	13.0	0.0	0.0
163	__protein3_rbs	7.2	0.0	0.0
163	__ribosome	27.6	0.0	0.0
163	__rnase_site_ext	17.4	0.0	0.0
163	p0	0.6	0.0	0.0
163	protein1	675.0	17.0	1.6587356
163	protein2	666.2	17.6	1.7186968
163	protein3	405.8	10.4	1.5547436
163	r2	10.0	0.0	0.0
163	rnapol	0.6	0.0	0.0
164	__protein1_rbs	9.8	0.0	0.0
164	__protein2_rbs	12.4	0.0	0.0
164	__protein3_rbs	6.6	0.0	0.0
164	__ribosome	26.6	0.0	0.0
164	__rnase_site_ext	16.6	0.0	0.0
164	p0	0.8	0.0	0.0
164	protein1	681.2	17.2	1.7009523999999998
164	protein2	672.6	17.6	1.6438777999999998
164	protein3	408.6	10.2	1.6755554
164	r2	10.2	0.0	0.0
164	rnapol	0.6	0.0	0.0
165	__protein1_rbs	10.6	0.0	0.0
165	__protein2_rbs	11.0	0.0	0.0
165	__protein3_rbs	5.8	0.0	0.0
165	__ribosome	26.4	0.0	0.0
165	__rnase_site_ext	16.8	0.0	0.0
165	p0	0.8	0.0	0.0
165	protein1	686.0	16.6	1.8288972
165	protein2	680.8	17.4	1.5691594
165	protein3	413.0	10.4	1.6541452
165	r2	10.4	0.0	0.0
165	rnapol	0.2	0.0	0.0
166	__protein1_rbs	11.0	0.0	0.0
166	__protein2_rbs	11.0	0.0	0.0
166	__protein3_rbs	7.8	0.0	0.0
166	__ribosome	25.2	0.0	0.0
166	__rnase_site_ext	16.6	0.0	0.0
166	p0	1.0	0.0	0.0
166	protein1	691.8	16.6	1.8064912
166	protein2	686.0	17.6	1.6001754
166	protein3	415.2	10.2	1.7494872
166	r2	10.4	0.0	0.0
166	rnapol	0.4	0.0	0.0
167	__protein1_rbs	11.4	0.0	0.0
167	__protein2_rbs	11.0	0.0	0.0
167	__protein3_rbs	6.4	0.0	0.0
167	__ribosome	24.4	0.0	0.0
167	__rnase_site_ext	16.8	0.0	0.0
167	p0	0.8	0.0	0.0
167	protein1	698.2	16.6	1.7392569999999998
167	protein2	690.2	17.8	1.716473
167	protein3	419.2	10.2	1.7315508000000002
167	r2	10.6	0.0	0.0
167	rnapol	0.4	0.0	0.0
168	__protein1_rbs	13.0	0.0	0.0
168	__protein2_rbs	12.0	0.0	0.0
168	__protein3_rbs	6.0	0.0	0.0
168	__ribosome	23.4	0.0	0.0
168	__rnase_site_ext	16.2	0.0	0.0
168	p0	1.0	0.0	0.0
168	protein1	703.0	16.8	1.6775797999999995
168	protein2	695.8	17.6	1.7607153999999998
168	protein3	421.6	10.4	1.8898211999999999
168	r2	10.8	0.0	0.0
168	rnapol	0.4	0.0	0.0
169	__protein1_rbs	11.4	0.0	0.0
169	__protein2_rbs	10.8	0.0	0.0
169	__protein3_rbs	5.8	0.0	0.0
169	__ribosome	23.8	0.0	0.0
169	__rnase_site_ext	16.6	0.0	0.0
169	p0	0.6	0.0	0.0
169	protein1	710.4	16.4	1.5576324
169	protein2	701.0	17.8	1.8381318
169	protein3	426.0	10.6	1.8795094
169	r2	10.8	0.0	0.0
169	rnapol	0.0	0.0	0.0
170	__protein1_rbs	10.6	0.0	0.0
170	__protein2_rbs	11.8	0.0	0.0
170	__protein3_rbs	8.0	0.0	0.0
170	__ribosome	28.0	0.0	0.0
170	__rnase_site_ext	16.6	0.0	0.0
170	p0	1.0	0.0	0.0
170	protein1	716.8	16.6	1.5261406000000002
170	protein2	708.6	17.8	1.7015836
170	protein3	430.0	10.8	1.7079363999999997
170	r2	10.8	0.0	0.0
170	rnapol	0.2	0.0	0.0
171	__protein1_rbs	9.6	0.0	0.0
171	__protein2_rbs	11.4	0.0	0.0
171	__protein3_rbs	8.0	0.0	0.0
171	__ribosome	25.8	0.0	0.0
171	__rnase_site_ext	16.6	0.0	0.0
171	p0	1.0	0.0	0.0
171	protein1	722.4	16.6	1.649532
171	protein2	714.8	18.4	1.6505404
171	protein3	433.4	10.8	1.6865077999999998
171	r2	11.2	0.0	0.0
171	rnapol	0.4	0.0	0.0
172	__protein1_rbs	11.2	0.0	0.0
172	__protein2_rbs	11.4	0.0	0.0
172	__protein3_rbs	7.6	0.0	0.0
172	__ribosome	23.8	0.0	0.0
172	__rnase_site_ext	16.2	0.0	0.0
172	p0	1.0	0.0	0.0
172	protein1	727.0	16.6	1.6761406000000003
172	protein2	721.4	18.4	1.6527648000000001
172	protein3	436.4	11.0	1.7468865999999998
172	r2	11.2	0.0	0.0
172	rnapol	0.4	0.0	0.0
173	__protein1_rbs	11.2	0.0	0.0
173	__protein2_rbs	13.0	0.0	0.0
173	__protein3_rbs	8.0	0.0	0.0
173	__ribosome	22.2	0.0	0.0
173	__rnase_site_ext	16.0	0.0	0.0
173	p0	0.8	0.0	0.0
173	protein1	731.2	16.4	1.7382624
173	protein2	726.2	19.0	1.6282202
173	protein3	439.6	11.2	1.7361089999999997
173	r2	11.2	0.0	0.0
173	rnapol	0.6	0.0	0.0
174	__protein1_rbs	10.8	0.0	0.0
174	__protein2_rbs	12.6	0.0	0.0
174	__protein3_rbs	7.6	0.0	0.0
174	__ribosome	23.6	0.0	0.0
174	__rnase_site_ext	16.0	0.0	0.0
174	p0	0.6	0.0	0.0
174	protein1	736.6	16.0	1.7291948
174	protein2	732.2	18.8	1.6757142000000005
174	protein3	444.2	11.2	1.6415036
174	r2	11.2	0.0	0.0
174	rnapol	0.6	0.0	0.0
175	__protein1_rbs	10.2	0.0	0.0
175	__protein2_rbs	12.8	0.0	0.0
175	__protein3_rbs	6.4	0.0	0.0
175	__ribosome	25.2	0.0	0.0
175	__rnase_site_ext	16.2	0.0	0.0
175	p0	0.6	0.0	0.0
175	protein1	743.4	16.0	1.6649797999999998
175	protein2	739.4	18.8	1.5796917999999998
175	protein3	448.0	11.4	1.7246853999999998
175	r2	10.8	0.0	0.0
175	rnapol	0.6	0.0	0.0
176	__protein1_rbs	9.2	0.0	0.0
176	__protein2_rbs	13.2	0.0	0.0
176	__protein3_rbs	7.8	0.0	0.0
176	__ribosome	25.0	0.0	0.0
176	__rnase_site_ext	16.0	0.0	0.0
176	p0	1.0	0.0	0.0
176	protein1	749.0	16.2	1.7079621999999999
176	protein2	745.4	18.6	1.5735114
176	protein3	452.0	11.2	1.7354048
176	r2	11.4	0.0	0.0
176	rnapol	0.8	0.0	0.0
177	__protein1_rbs	11.2	0.0	0.0
177	__protein2_rbs	13.0	0.0	0.0
177	__protein3_rbs	6.8	0.0	0.0
177	__ribosome	25.8	0.0	0.0
177	__rnase_site_ext	16.0	0.0	0.0
177	p0	1.0	0.0	0.0
177	protein1	754.6	16.0	1.6971884000000004
177	protein2	751.8	18.8	1.5699556000000001
177	protein3	455.6	11.2	1.7734414
177	r2	11.2	0.0	0.0
177	rnapol	1.0	0.0	0.0
178	__protein1_rbs	11.2	0.0	0.0
178	__protein2_rbs	12.4	0.0	0.0
178	__protein3_rbs	7.2	0.0	0.0
178	__ribosome	25.2	0.0	0.0
178	__rnase_site_ext	16.0	0.0	0.0
178	p0	0.8	0.0	0.0
178	protein1	759.4	16.0	1.6947368000000003
178	protein2	758.0	18.6	1.5463496
178	protein3	459.0	11.6	1.7795238000000002
178	r2	11.6	0.0	0.0
178	rnapol	1.0	0.0	0.0
179	__protein1_rbs	10.4	0.0	0.0
179	__protein2_rbs	12.4	0.0	0.0
179	__protein3_rbs	7.4	0.0	0.0
179	__ribosome	24.6	0.0	0.0
179	__rnase_site_ext	16.0	0.0	0.0
179	p0	0.8	0.0	0.0
179	protein1	764.2	16.0	1.7549078000000002
179	protein2	763.6	18.0	1.6256156000000002
179	protein3	463.0	11.4	1.8168331999999998
179	r2	11.6	0.0	0.0
179	rnapol	1.0	0.0	0.0
180	__protein1_rbs	11.2	0.0	0.0
180	__protein2_rbs	12.6	0.0	0.0
180	__protein3_rbs	7.2	0.0	0.0
180	__ribosome	26.8	0.0	0.0
180	__rnase_site_ext	16.0	0.0	0.0
180	p0	1.0	0.0	0.0
180	protein1	769.4	15.8	1.7675261999999998
180	protein2	769.8	17.4	1.635044
180	protein3	468.2	11.4	1.7662337999999995
180	r2	11.6	0.0	0.0
180	rnapol	1.0	0.0	0.0
181	__protein1_rbs	10.8	0.0	0.0
181	__protein2_rbs	11.4	0.0	0.0
181	__protein3_rbs	9.0	0.0	0.0
181	__ribosome	27.4	0.0	0.0
181	__rnase_site_ext	15.8	0.0	0.0
181	p0	0.8	0.0	0.0
181	protein1	775.6	16.2	1.6793278000000003
181	protein2	775.6	16.8	1.6689328
181	protein3	471.4	11.8	1.7106891999999998
181	r2	11.8	0.0	0.0
181	rnapol	0.8	0.0	0.0
182	__protein1_rbs	10.0	0.0	0.0
182	__protein2_rbs	11.6	0.0	0.0
182	__protein3_rbs	7.0	0.0	0.0
182	__ribosome	26.0	0.0	0.0
182	__rnase_site_ext	16.0	0.0	0.0
182	p0	0.8	0.0	0.0
182	protein1	781.0	15.8	1.7194678
182	protein2	780.6	17.0	1.7157893999999998
182	protein3	476.0	11.6	1.6790042
182	r2	11.8	0.0	0.0
182	rnapol	0.8	0.0	0.0
183	__protein1_rbs	10.2	0.0	0.0
183	__protein2_rbs	11.2	0.0	0.0
183	__protein3_rbs	8.2	0.0	0.0
183	__ribosome	27.0	0.0	0.0
183	__rnase_site_ext	15.8	0.0	0.0
183	p0	0.8	0.0	0.0
183	protein1	786.4	15.8	1.6634703999999998
183	protein2	787.0	17.4	1.6629824
183	protein3	479.4	11.6	1.6774892
183	r2	12.0	0.0	0.0
183	rnapol	0.8	0.0	0.0
184	__protein1_rbs	9.4	0.0	0.0
184	__protein2_rbs	13.0	0.0	0.0
184	__protein3_rbs	7.2	0.0	0.0
184	__ribosome	27.6	0.0	0.0
184	__rnase_site_ext	16.0	0.0	0.0
184	p0	0.8	0.0	0.0
184	protein1	791.6	15.8	1.7372470000000002
184	protein2	794.0	17.4	1.5270173999999999
184	protein3	483.6	11.8	1.6878354000000002
184	r2	12.0	0.0	0.0
184	rnapol	0.6	0.0	0.0
185	__protein1_rbs	10.0	0.0	0.0
185	__protein2_rbs	11.4	0.0	0.0
185	__protein3_rbs	8.4	0.0	0.0
185	__ribosome	24.6	0.0	0.0
185	__rnase_site_ext	16.0	0.0	0.0
185	p0	0.8	0.0	0.0
185	protein1	796.2	15.8	1.833192
185	protein2	798.0	17.4	1.6771178
185	protein3	487.8	12.2	1.557619
185	r2	12.0	0.0	0.0
185	rnapol	0.4	0.0	0.0
186	__protein1_rbs	12.4	0.0	0.0
186	__protein2_rbs	11.8	0.0	0.0
186	__protein3_rbs	8.8	0.0	0.0
186	__ribosome	27.0	0.0	0.0
186	__rnase_site_ext	16.4	0.0	0.0
186	p0	0.8	0.0	0.0
186	protein1	801.2	16.0	1.7023549999999998
186	protein2	803.6	17.2	1.6766918000000002
186	protein3	491.4	12.0	1.5585714000000002
186	r2	11.8	0.0	0.0
186	rnapol	1.0	0.0	0.0
187	__protein1_rbs	10.6	0.0	0.0
187	__protein2_rbs	11.6	0.0	0.0
187	__protein3_rbs	7.8	0.0	0.0
187	__ribosome	27.8	0.0	0.0
187	__rnase_site_ext	16.2	0.0	0.0
187	p0	0.6	0.0	0.0
187	protein1	807.6	16.4	1.6430386000000001
187	protein2	810.2	17.4	1.6112242
187	protein3	495.2	12.0	1.6171428
187	r2	11.8	0.0	0.0
187	rnapol	0.6	0.0	0.0
188	__protein1_rbs	10.4	0.0	0.0
188	__protein2_rbs	11.0	0.0	0.0
188	__protein3_rbs	7.6	0.0	0.0
188	__ribosome	25.6	0.0	0.0
188	__rnase_site_ext	16.2	0.0	0.0
188	p0	0.8	0.0	0.0
188	protein1	813.0	16.4	1.6770286
188	protein2	816.0	17.4	1.6749082000000002
188	protein3	498.6	12.0	1.6842855999999995
188	r2	11.4	0.0	0.0
188	rnapol	0.4	0.0	0.0
189	__protein1_rbs	11.8	0.0	0.0
189	__protein2_rbs	10.4	0.0	0.0
189	__protein3_rbs	8.8	0.0	0.0
189	__ribosome	27.2	0.0	0.0
189	__rnase_site_ext	16.4	0.0	0.0
189	p0	0.8	0.0	0.0
189	protein1	819.0	16.2	1.6330303999999998
189	protein2	821.0	17.0	1.8239192
189	protein3	503.4	12.0	1.5533333999999999
189	r2	11.6	0.0	0.0
189	rnapol	0.4	0.0	0.0
190	__protein1_rbs	10.2	0.0	0.0
190	__protein2_rbs	11.0	0.0	0.0
190	__protein3_rbs	7.6	0.0	0.0
190	__ribosome	25.4	0.0	0.0
190	__rnase_site_ext	16.4	0.0	0.0
190	p0	1.0	0.0	0.0
190	protein1	824.6	16.2	1.6444328000000001
190	protein2	826.4	16.8	1.8631746
190	protein3	507.0	12.0	1.6085714
190	r2	11.0	0.0	0.0
190	rnapol	1.0	0.0	0.0
191	__protein1_rbs	12.0	0.0	0.0
191	__protein2_rbs	11.8	0.0	0.0
191	__protein3_rbs	7.6	0.0	0.0
191	__ribosome	24.0	0.0	0.0
191	__rnase_site_ext	16.4	0.0	0.0
191	p0	0.8	0.0	0.0
191	protein1	829.0	16.4	1.6237966000000001
191	protein2	832.2	17.2	1.8367642
191	protein3	510.0	11.8	1.7886446
191	r2	10.6	0.0	0.0
191	rnapol	0.6	0.0	0.0
192	__protein1_rbs	10.2	0.0	0.0
192	__protein2_rbs	12.4	0.0	0.0
192	__protein3_rbs	7.4	0.0	0.0
192	__ribosome	24.6	0.0	0.0
192	__rnase_site_ext	16.8	0.0	0.0
192	p0	0.6	0.0	0.0
192	protein1	834.0	16.4	1.7260683999999995
192	protein2	839.2	17.6	1.6714286
192	protein3	514.2	11.8	1.7538462000000004
192	r2	10.6	0.0	0.0
192	rnapol	0.4	0.0	0.0
193	__protein1_rbs	11.0	0.0	0.0
193	__protein2_rbs	11.4	0.0	0.0
193	__protein3_rbs	8.0	0.0	0.0
193	__ribosome	25.0	0.0	0.0
193	__rnase_site_ext	17.0	0.0	0.0
193	p0	1.0	0.0	0.0
193	protein1	840.6	16.6	1.6104414000000002
193	protein2	844.6	17.4	1.6996336
193	protein3	518.0	11.6	1.7619046000000003
193	r2	10.4	0.0	0.0
193	rnapol	0.6	0.0	0.0
194	__protein1_rbs	11.4	0.0	0.0
194	__protein2_rbs	11.0	0.0	0.0
194	__protein3_rbs	7.2	0.0	0.0
194	__ribosome	23.4	0.0	0.0
194	__rnase_site_ext	16.8	0.0	0.0
194	p0	0.8	0.0	0.0
194	protein1	845.4	17.0	1.6733288000000002
194	protein2	851.6	18.0	1.6462262000000003
194	protein3	521.2	11.2	1.8769566
194	r2	10.2	0.0	0.0
194	rnapol	0.4	0.0	0.0
195	__protein1_rbs	11.4	0.0	0.0
195	__protein2_rbs	11.8	0.0	0.0
195	__protein3_rbs	6.2	0.0	0.0
195	__ribosome	23.8	0.0	0.0
195	__rnase_site_ext	17.0	0.0	0.0
195	p0	0.6	0.0	0.0
195	protein1	850.8	16.8	1.6322808000000002
195	protein2	856.8	17.8	1.6589936
195	protein3	526.0	10.8	1.9104762
195	r2	10.4	0.0	0.0
195	rnapol	0.0	0.0	0.0
196	__protein1_rbs	10.6	0.0	0.0
196	__protein2_rbs	12.4	0.0	0.0
196	__protein3_rbs	6.2	0.0	0.0
196	__ribosome	23.4	0.0	0.0
196	__rnase_site_ext	17.2	0.0	0.0
196	p0	0.8	0.0	0.0
196	protein1	856.2	16.8	1.6745135999999998
196	protein2	862.8	17.8	1.6537320000000002
196	protein3	530.2	10.6	1.9185714
196	r2	10.4	0.0	0.0
196	rnapol	0.0	0.0	0.0
197	__protein1_rbs	12.2	0.0	0.0
197	__protein2_rbs	11.0	0.0	0.0
197	__protein3_rbs	8.0	0.0	0.0
197	__ribosome	25.4	0.0	0.0
197	__rnase_site_ext	17.0	0.0	0.0
197	p0	1.0	0.0	0.0
197	protein1	861.8	17.0	1.6172066
197	protein2	868.4	17.6	1.7519470000000001
197	protein3	534.8	10.4	1.7116881999999998
197	r2	10.6	0.0	0.0
197	rnapol	0.4	0.0	0.0
198	__protein1_rbs	11.0	0.0	0.0
198	__protein2_rbs	11.4	0.0	0.0
198	__protein3_rbs	5.2	0.0	0.0
198	__ribosome	24.2	0.0	0.0
198	__rnase_site_ext	17.0	0.0	0.0
198	p0	1.0	0.0	0.0
198	protein1	867.8	17.0	1.6051370000000005
198	protein2	874.0	17.4	1.800075
198	protein3	538.4	10.4	1.8501398
198	r2	10.8	0.0	0.0
198	rnapol	0.6	0.0	0.0
199	__protein1_rbs	11.4	0.0	0.0
199	__protein2_rbs	11.8	0.0	0.0
199	__protein3_rbs	6.6	0.0	0.0
199	__ribosome	24.4	0.0	0.0
199	__rnase_site_ext	17.0	0.0	0.0
199	p0	1.0	0.0	0.0
199	protein1	872.8	17.0	1.6558585999999995
199	protein2	880.8	17.6	1.6854638000000002
199	protein3	542.4	10.8	1.8237880000000002
199	r2	10.6	0.0	0.0
199	rnapol	1.0	0.0	0.0
200	__protein1_rbs	12.8	0.0	0.0
200	__protein2_rbs	11.0	0.0	0.0
200	__protein3_rbs	7.4	0.0	0.0
200	__ribosome	25.8	0.0	0.0
200	__rnase_site_ext	17.2	0.0	0.0
200	p0	0.8	0.0	0.0
200	protein1	878.8	17.0	1.6025398000000002
200	protein2	887.0	17.8	1.7183800000000002
200	protein3	546.6	10.8	1.7076342
200	r2	10.8	0.0	0.0
200	rnapol	0.8	0.0	0.0
201	__protein1_rbs	10.2	0.0	0.0
201	__protein2_rbs	11.8	0.0	0.0
201	__protein3_rbs	8.4	0.0	0.0
201	__ribosome	25.8	0.0	0.0
201	__rnase_site_ext	17.2	0.0	0.0
201	p0	0.8	0.0	0.0
201	protein1	884.8	17.0	1.6452958
201	protein2	893.2	17.8	1.7124560000000002
201	protein3	550.6	11.0	1.5533798
201	r2	10.4	0.0	0.0
201	rnapol	0.6	0.0	0.0
202	__protein1_rbs	12.0	0.0	0.0
202	__protein2_rbs	11.0	0.0	0.0
202	__protein3_rbs	6.0	0.0	0.0
202	__ribosome	23.2	0.0	0.0
202	__rnase_site_ext	17.4	0.0	0.0
202	p0	1.0	0.0	0.0
202	protein1	889.8	17.2	1.6445021999999998
202	protein2	899.8	17.8	1.7323764
202	protein3	553.0	11.0	1.7829254000000003
202	r2	10.4	0.0	0.0
202	rnapol	0.6	0.0	0.0
203	__protein1_rbs	11.8	0.0	0.0
203	__protein2_rbs	13.0	0.0	0.0
203	__protein3_rbs	8.0	0.0	0.0
203	__ribosome	22.6	0.0	0.0
203	__rnase_site_ext	17.4	0.0	0.0
203	p0	0.8	0.0	0.0
203	protein1	895.0	17.4	1.7006518
203	protein2	904.0	17.8	1.7988838
203	protein3	557.4	11.2	1.6511652
203	r2	10.2	0.0	0.0
203	rnapol	0.8	0.0	0.0
204	__protein1_rbs	12.6	0.0	0.0
204	__protein2_rbs	11.4	0.0	0.0
204	__protein3_rbs	7.8	0.0	0.0
204	__ribosome	23.6	0.0	0.0
204	__rnase_site_ext	17.6	0.0	0.0
204	p0	0.6	0.0	0.0
204	protein1	901.6	17.6	1.6290796
204	protein2	910.6	17.8	1.7980741999999998
204	protein3	561.0	11.0	1.6310256
204	r2	10.4	0.0	0.0
204	rnapol	1.0	0.0	0.0
205	__protein1_rbs	12.6	0.0	0.0
205	__protein2_rbs	12.0	0.0	0.0
205	__protein3_rbs	7.0	0.0	0.0
205	__ribosome	24.8	0.0	0.0
205	__rnase_site_ext	17.8	0.0	0.0
205	p0	0.4	0.0	0.0
205	protein1	907.6	17.6	1.6060091999999997
205	protein2	917.4	17.8	1.7455804
205	protein3	564.4	10.6	1.6991066000000004
205	r2	10.6	0.0	0.0
205	rnapol	0.4	0.0	0.0
206	__protein1_rbs	12.2	0.0	0.0
206	__protein2_rbs	13.2	0.0	0.0
206	__protein3_rbs	6.0	0.0	0.0
206	__ribosome	26.4	0.0	0.0
206	__rnase_site_ext	18.2	0.0	0.0
206	p0	0.8	0.0	0.0
206	protein1	913.0	17.4	1.6586466000000002
206	protein2	924.2	17.8	1.6259358
206	protein3	568.6	10.4	1.7142191999999998
206	r2	10.6	0.0	0.0
206	rnapol	0.6	0.0	0.0
207	__protein1_rbs	13.8	0.0	0.0
207	__protein2_rbs	11.4	0.0	0.0
207	__protein3_rbs	6.4	0.0	0.0
207	__ribosome	27.0	0.0	0.0
207	__rnase_site_ext	18.0	0.0	0.0
207	p0	1.0	0.0	0.0
207	protein1	919.6	18.2	1.4778053999999998
207	protein2	929.2	17.4	1.7291956000000002
207	protein3	572.6	10.4	1.7914862
207	r2	10.8	0.0	0.0
207	rnapol	0.6	0.0	0.0
208	__protein1_rbs	11.4	0.0	0.0
208	__protein2_rbs	11.6	0.0	0.0
208	__protein3_rbs	7.4	0.0	0.0
208	__ribosome	26.6	0.0	0.0
208	__rnase_site_ext	17.4	0.0	0.0
208	p0	1.0	0.0	0.0
208	protein1	925.8	18.2	1.4802634
208	protein2	936.0	17.8	1.6229011999999998
208	protein3	575.4	10.6	1.7988743999999999
208	r2	11.0	0.0	0.0
208	rnapol	1.0	0.0	0.0
209	__protein1_rbs	12.4	0.0	0.0
209	__protein2_rbs	13.4	0.0	0.0
209	__protein3_rbs	7.0	0.0	0.0
209	__ribosome	28.0	0.0	0.0
209	__rnase_site_ext	17.4	0.0	0.0
209	p0	1.0	0.0	0.0
209	protein1	931.6	17.4	1.5565763999999995
209	protein2	941.8	18.0	1.5085716000000002
209	protein3	579.2	10.6	1.8560173999999998
209	r2	10.6	0.0	0.0
209	rnapol	0.8	0.0	0.0
210	__protein1_rbs	9.8	0.0	0.0
210	__protein2_rbs	12.2	0.0	0.0
210	__protein3_rbs	8.2	0.0	0.0
210	__ribosome	27.4	0.0	0.0
210	__rnase_site_ext	17.2	0.0	0.0
210	p0	0.8	0.0	0.0
210	protein1	937.6	17.4	1.6793938000000002
210	protein2	948.2	17.8	1.4796364
210	protein3	582.6	11.0	1.6800000000000002
210	r2	10.4	0.0	0.0
210	rnapol	0.6	0.0	0.0
211	__protein1_rbs	11.6	0.0	0.0
211	__protein2_rbs	11.0	0.0	0.0
211	__protein3_rbs	7.6	0.0	0.0
211	__ribosome	25.4	0.0	0.0
211	__rnase_site_ext	17.4	0.0	0.0
211	p0	1.0	0.0	0.0
211	protein1	941.4	17.2	1.804199
211	protein2	953.4	17.8	1.567532
211	protein3	587.2	11.2	1.5480952
211	r2	10.4	0.0	0.0
211	rnapol	0.8	0.0	0.0
212	__protein1_rbs	12.2	0.0	0.0
212	__protein2_rbs	11.8	0.0	0.0
212	__protein3_rbs	7.4	0.0	0.0
212	__ribosome	25.8	0.0	0.0
212	__rnase_site_ext	16.8	0.0	0.0
212	p0	0.8	0.0	0.0
212	protein1	947.2	17.4	1.7308557999999998
212	protein2	959.4	18.2	1.5602918
212	protein3	590.8	11.2	1.5780952
212	r2	10.2	0.0	0.0
212	rnapol	1.0	0.0	0.0
213	__protein1_rbs	10.2	0.0	0.0
213	__protein2_rbs	13.4	0.0	0.0
213	__protein3_rbs	6.8	0.0	0.0
213	__ribosome	26.0	0.0	0.0
213	__rnase_site_ext	16.8	0.0	0.0
213	p0	1.0	0.0	0.0
213	protein1	953.2	16.8	1.8741848
213	protein2	965.4	18.6	1.4892450000000002
213	protein3	595.4	10.8	1.5757143999999998
213	r2	10.0	0.0	0.0
213	rnapol	1.0	0.0	0.0
214	__protein1_rbs	9.2	0.0	0.0
214	__protein2_rbs	13.2	0.0	0.0
214	__protein3_rbs	7.2	0.0	0.0
214	__ribosome	23.4	0.0	0.0
214	__rnase_site_ext	16.8	0.0	0.0
214	p0	0.6	0.0	0.0
214	protein1	958.6	16.8	2.0207018
214	protein2	970.6	19.0	1.4884950000000001
214	protein3	598.4	10.4	1.6398268000000005
214	r2	10.4	0.0	0.0
214	rnapol	0.8	0.0	0.0
215	__protein1_rbs	12.0	0.0	0.0
215	__protein2_rbs	12.4	0.0	0.0
215	__protein3_rbs	7.8	0.0	0.0
215	__ribosome	25.6	0.0	0.0
215	__rnase_site_ext	16.8	0.0	0.0
215	p0	0.6	0.0	0.0
215	protein1	966.8	17.0	1.7304761999999998
215	protein2	975.2	18.8	1.6472398000000001
215	protein3	602.2	10.4	1.595599
215	r2	10.4	0.0	0.0
215	rnapol	0.6	0.0	0.0
216	__protein1_rbs	10.8	0.0	0.0
216	__protein2_rbs	11.8	0.0	0.0
216	__protein3_rbs	7.4	0.0	0.0
216	__ribosome	24.6	0.0	0.0
216	__rnase_site_ext	17.0	0.0	0.0
216	p0	1.0	0.0	0.0
216	protein1	972.8	16.6	1.7988052
216	protein2	981.4	18.8	1.6798972
216	protein3	605.4	10.6	1.571385
216	r2	10.4	0.0	0.0
216	rnapol	0.8	0.0	0.0
217	__protein1_rbs	10.8	0.0	0.0
217	__protein2_rbs	13.8	0.0	0.0
217	__protein3_rbs	7.8	0.0	0.0
217	__ribosome	24.4	0.0	0.0
217	__rnase_site_ext	17.4	0.0	0.0
217	p0	0.4	0.0	0.0
217	protein1	978.4	17.0	1.8065962
217	protein2	987.8	19.0	1.6613858
217	protein3	609.0	10.6	1.509567
217	r2	11.0	0.0	0.0
217	rnapol	0.8	0.0	0.0
218	__protein1_rbs	11.6	0.0	0.0
218	__protein2_rbs	11.2	0.0	0.0
218	__protein3_rbs	7.2	0.0	0.0
218	__ribosome	23.6	0.0	0.0
218	__rnase_site_ext	17.8	0.0	0.0
218	p0	0.6	0.0	0.0
218	protein1	985.4	17.2	1.7153041999999998
218	protein2	994.0	19.0	1.7361793999999997
218	protein3	612.6	10.4	1.6051948
218	r2	11.0	0.0	0.0
218	rnapol	0.6	0.0	0.0
219	__protein1_rbs	12.0	0.0	0.0
219	__protein2_rbs	13.0	0.0	0.0
219	__protein3_rbs	7.8	0.0	0.0
219	__ribosome	25.0	0.0	0.0
219	__rnase_site_ext	18.0	0.0	0.0
219	p0	0.8	0.0	0.0
219	protein1	991.6	18.0	1.6515771999999995
219	protein2	999.6	18.8	1.741615
219	protein3	616.6	10.8	1.3489308
219	r2	11.0	0.0	0.0
219	rnapol	0.4	0.0	0.0
220	__protein1_rbs	12.0	0.0	0.0
220	__protein2_rbs	12.2	0.0	0.0
220	__protein3_rbs	7.6	0.0	0.0
220	__ribosome	24.4	0.0	0.0
220	__rnase_site_ext	17.6	0.0	0.0
220	p0	1.0	0.0	0.0
220	protein1	997.6	17.8	1.6794728
220	protein2	1006.4	18.6	1.7433732
220	protein3	618.8	11.0	1.4578756000000002
220	r2	11.0	0.0	0.0
220	rnapol	0.6	0.0	0.0
221	__protein1_rbs	13.0	0.0	0.0
221	__protein2_rbs	13.4	0.0	0.0
221	__protein3_rbs	6.2	0.0	0.0
221	__ribosome	26.2	0.0	0.0
221	__rnase_site_ext	18.0	0.0	0.0
221	p0	0.6	0.0	0.0
221	protein1	1003.6	17.6	1.7024224
221	protein2	1014.0	18.6	1.6087719999999999
221	protein3	622.0	11.0	1.5903664
221	r2	10.8	0.0	0.0
221	rnapol	0.4	0.0	0.0
222	__protein1_rbs	11.8	0.0	0.0
222	__protein2_rbs	11.8	0.0	0.0
222	__protein3_rbs	7.2	0.0	0.0
222	__ribosome	26.0	0.0	0.0
222	__rnase_site_ext	18.2	0.0	0.0
222	p0	0.8	0.0	0.0
222	protein1	1010.0	17.8	1.6087972
222	protein2	1020.2	18.4	1.648422
222	protein3	625.4	11.0	1.6811353999999998
222	r2	10.8	0.0	0.0
222	rnapol	0.2	0.0	0.0
223	__protein1_rbs	12.6	0.0	0.0
223	__protein2_rbs	12.0	0.0	0.0
223	__protein3_rbs	7.8	0.0	0.0
223	__ribosome	25.2	0.0	0.0
223	__rnase_site_ext	17.6	0.0	0.0
223	p0	1.0	0.0	0.0
223	protein1	1015.4	18.0	1.6363298000000002
223	protein2	1026.4	18.4	1.687866
223	protein3	629.2	11.0	1.6254943999999998
223	r2	11.0	0.0	0.0
223	rnapol	0.4	0.0	0.0
224	__protein1_rbs	11.2	0.0	0.0
224	__protein2_rbs	12.2	0.0	0.0
224	__protein3_rbs	7.6	0.0	0.0
224	__ribosome	24.2	0.0	0.0
224	__rnase_site_ext	17.8	0.0	0.0
224	p0	0.6	0.0	0.0
224	protein1	1022.2	17.8	1.652251
224	protein2	1033.0	18.6	1.7033334
224	protein3	631.8	11.0	1.7186811999999998
224	r2	11.0	0.0	0.0
224	rnapol	0.2	0.0	0.0
225	__protein1_rbs	12.4	0.0	0.0
225	__protein2_rbs	13.2	0.0	0.0
225	__protein3_rbs	6.0	0.0	0.0
225	__ribosome	23.6	0.0	0.0
225	__rnase_site_ext	17.6	0.0	0.0
225	p0	1.0	0.0	0.0
225	protein1	1027.4	17.8	1.5876192
225	protein2	1038.6	19.0	1.6518959999999998
225	protein3	635.6	11.2	1.753077
225	r2	11.2	0.0	0.0
225	rnapol	0.4	0.0	0.0
226	__protein1_rbs	12.2	0.0	0.0
226	__protein2_rbs	13.2	0.0	0.0
226	__protein3_rbs	7.4	0.0	0.0
226	__ribosome	23.8	0.0	0.0
226	__rnase_site_ext	17.8	0.0	0.0
226	p0	0.8	0.0	0.0
226	protein1	1032.2	17.6	1.6109526000000003
226	protein2	1045.2	19.0	1.6979046000000002
226	protein3	639.6	11.0	1.7402563999999998
226	r2	11.0	0.0	0.0
226	rnapol	0.2	0.0	0.0
227	__protein1_rbs	10.8	0.0	0.0
227	__protein2_rbs	13.0	0.0	0.0
227	__protein3_rbs	7.4	0.0	0.0
227	__ribosome	24.2	0.0	0.0
227	__rnase_site_ext	17.8	0.0	0.0
227	p0	1.0	0.0	0.0
227	protein1	1039.0	17.6	1.655
227	protein2	1051.8	18.6	1.6376812
227	protein3	643.0	11.0	1.6923076
227	r2	11.0	0.0	0.0
227	rnapol	0.4	0.0	0.0
228	__protein1_rbs	12.2	0.0	0.0
228	__protein2_rbs	12.4	0.0	0.0
228	__protein3_rbs	7.6	0.0	0.0
228	__ribosome	24.4	0.0	0.0
228	__rnase_site_ext	17.8	0.0	0.0
228	p0	1.0	0.0	0.0
228	protein1	1045.0	17.8	1.6254761999999998
228	protein2	1058.6	18.8	1.6144319999999999
228	protein3	646.6	11.2	1.6647619999999999
228	r2	11.0	0.0	0.0
228	rnapol	0.4	0.0	0.0
229	__protein1_rbs	11.8	0.0	0.0
229	__protein2_rbs	13.2	0.0	0.0
229	__protein3_rbs	9.2	0.0	0.0
229	__ribosome	25.4	0.0	0.0
229	__rnase_site_ext	17.8	0.0	0.0
229	p0	1.0	0.0	0.0
229	protein1	1051.0	17.8	1.6189285999999998
229	protein2	1064.8	18.6	1.6241666
229	protein3	649.8	11.2	1.605238
229	r2	11.2	0.0	0.0
229	rnapol	0.4	0.0	0.0
230	__protein1_rbs	12.2	0.0	0.0
230	__protein2_rbs	14.2	0.0	0.0
230	__protein3_rbs	6.8	0.0	0.0
230	__ribosome	24.8	0.0	0.0
230	__rnase_site_ext	18.0	0.0	0.0
230	p0	0.6	0.0	0.0
230	protein1	1056.0	18.0	1.6509526
230	protein2	1070.2	18.8	1.5940477999999998
230	protein3	654.6	11.0	1.611111
230	r2	11.2	0.0	0.0
230	rnapol	0.6	0.0	0.0
231	__protein1_rbs	10.4	0.0	0.0
231	__protein2_rbs	13.8	0.0	0.0
231	__protein3_rbs	6.6	0.0	0.0
231	__ribosome	24.8	0.0	0.0
231	__rnase_site_ext	18.2	0.0	0.0
231	p0	0.8	0.0	0.0
231	protein1	1062.2	17.6	1.7292292
231	protein2	1077.4	19.0	1.4551120000000002
231	protein3	658.0	11.2	1.6865080000000001
231	r2	11.0	0.0	0.0
231	rnapol	0.6	0.0	0.0
232	__protein1_rbs	11.4	0.0	0.0
232	__protein2_rbs	13.4	0.0	0.0
232	__protein3_rbs	7.2	0.0	0.0
232	__ribosome	22.4	0.0	0.0
232	__rnase_site_ext	18.0	0.0	0.0
232	p0	0.8	0.0	0.0
232	protein1	1068.4	18.0	1.7003929999999996
232	protein2	1083.2	19.2	1.5087704
232	protein3	661.4	11.4	1.7685714
232	r2	11.0	0.0	0.0
232	rnapol	0.2	0.0	0.0
233	__protein1_rbs	11.0	0.0	0.0
233	__protein2_rbs	12.6	0.0	0.0
233	__protein3_rbs	8.6	0.0	0.0
233	__ribosome	22.2	0.0	0.0
233	__rnase_site_ext	18.0	0.0	0.0
233	p0	1.0	0.0	0.0
233	protein1	1074.6	18.0	1.7309274
233	protein2	1089.8	19.0	1.5753246
233	protein3	665.2	11.4	1.6973628
233	r2	11.0	0.0	0.0
233	rnapol	0.4	0.0	0.0
234	__protein1_rbs	12.4	0.0	0.0
234	__protein2_rbs	12.6	0.0	0.0
234	__protein3_rbs	8.6	0.0	0.0
234	__ribosome	21.8	0.0	0.0
234	__rnase_site_ext	18.2	0.0	0.0
234	p0	0.6	0.0	0.0
234	protein1	1080.4	18.2	1.6708333999999998
234	protein2	1095.2	19.2	1.6330654000000002
234	protein3	668.6	11.6	1.6228572
234	r2	11.0	0.0	0.0
234	rnapol	0.0	0.0	0.0
235	__protein1_rbs	12.4	0.0	0.0
235	__protein2_rbs	13.8	0.0	0.0
235	__protein3_rbs	7.8	0.0	0.0
235	__ribosome	22.6	0.0	0.0
235	__rnase_site_ext	18.4	0.0	0.0
235	p0	1.0	0.0	0.0
235	protein1	1085.6	18.0	1.7251942
235	protein2	1100.2	19.2	1.6183352
235	protein3	673.2	11.2	1.5919698
235	r2	11.4	0.0	0.0
235	rnapol	0.0	0.0	0.0
236	__protein1_rbs	13.8	0.0	0.0
236	__protein2_rbs	12.6	0.0	0.0
236	__protein3_rbs	7.6	0.0	0.0
236	__ribosome	25.4	0.0	0.0
236	__rnase_site_ext	17.8	0.0	0.0
236	p0	1.0	0.0	0.0
236	protein1	1092.2	18.4	1.590535
236	protein2	1106.6	19.0	1.6266584000000002
236	protein3	677.8	11.0	1.5345454
236	r2	11.6	0.0	0.0
236	rnapol	0.4	0.0	0.0
237	__protein1_rbs	12.4	0.0	0.0
237	__protein2_rbs	13.2	0.0	0.0
237	__protein3_rbs	6.8	0.0	0.0
237	__ribosome	26.2	0.0	0.0
237	__rnase_site_ext	17.6	0.0	0.0
237	p0	0.8	0.0	0.0
237	protein1	1099.2	18.0	1.6053220000000004
237	protein2	1113.4	18.8	1.5507552
237	protein3	681.0	11.0	1.599091
237	r2	11.4	0.0	0.0
237	rnapol	0.4	0.0	0.0
238	__protein1_rbs	12.0	0.0	0.0
238	__protein2_rbs	12.8	0.0	0.0
238	__protein3_rbs	7.2	0.0	0.0
238	__ribosome	26.2	0.0	0.0
238	__rnase_site_ext	17.8	0.0	0.0
238	p0	0.6	0.0	0.0
238	protein1	1105.4	17.6	1.6202068
238	protein2	1120.4	19.2	1.4954774
238	protein3	684.4	11.4	1.6007576
238	r2	11.6	0.0	0.0
238	rnapol	0.4	0.0	0.0
239	__protein1_rbs	11.2	0.0	0.0
239	__protein2_rbs	11.8	0.0	0.0
239	__protein3_rbs	8.6	0.0	0.0
239	__ribosome	23.2	0.0	0.0
239	__rnase_site_ext	18.2	0.0	0.0
239	p0	0.8	0.0	0.0
239	protein1	1111.4	17.8	1.6577778000000003
239	protein2	1126.0	19.2	1.6011668
239	protein3	687.6	11.8	1.5357936
239	r2	11.4	0.0	0.0
239	rnapol	0.2	0.0	0.0
240	__protein1_rbs	12.2	0.0	0.0
240	__protein2_rbs	12.2	0.0	0.0
240	__protein3_rbs	7.2	0.0	0.0
240	__ribosome	20.4	0.0	0.0
240	__rnase_site_ext	18.0	0.0	0.0
240	p0	1.0	0.0	0.0
240	protein1	1117.0	18.0	1.6341668000000005
240	protein2	1131.6	19.4	1.6598247999999998
240	protein3	690.8	11.6	1.6731061999999999
240	r2	11.4	0.0	0.0
240	rnapol	0.4	0.0	0.0
241	__protein1_rbs	12.6	0.0	0.0
241	__protein2_rbs	12.2	0.0	0.0
241	__protein3_rbs	8.4	0.0	0.0
241	__ribosome	19.6	0.0	0.0
241	__rnase_site_ext	18.0	0.0	0.0
241	p0	1.0	0.0	0.0
241	protein1	1122.4	18.0	1.6595300000000002
241	protein2	1137.4	19.0	1.7706709999999999
241	protein3	694.2	11.6	1.6193472
241	r2	11.4	0.0	0.0
241	rnapol	0.4	0.0	0.0
242	__protein1_rbs	12.4	0.0	0.0
242	__protein2_rbs	13.8	0.0	0.0
242	__protein3_rbs	8.4	0.0	0.0
242	__ribosome	22.4	0.0	0.0
242	__rnase_site_ext	17.6	0.0	0.0
242	p0	1.0	0.0	0.0
242	protein1	1129.8	18.0	1.5777632
242	protein2	1143.0	19.4	1.7220016
242	protein3	698.8	11.6	1.5804778
242	r2	11.6	0.0	0.0
242	rnapol	0.8	0.0	0.0
243	__protein1_rbs	10.4	0.0	0.0
243	__protein2_rbs	13.0	0.0	0.0
243	__protein3_rbs	7.2	0.0	0.0
243	__ribosome	22.4	0.0	0.0
243	__rnase_site_ext	17.2	0.0	0.0
243	p0	1.0	0.0	0.0
243	protein1	1134.8	17.6	1.7295235999999998
243	protein2	1151.4	19.2	1.6584164
243	protein3	703.6	11.4	1.538141
243	r2	11.6	0.0	0.0
243	rnapol	1.0	0.0	0.0
244	__protein1_rbs	11.8	0.0	0.0
244	__protein2_rbs	12.8	0.0	0.0
244	__protein3_rbs	8.6	0.0	0.0
244	__ribosome	24.4	0.0	0.0
244	__rnase_site_ext	17.4	0.0	0.0
244	p0	0.8	0.0	0.0
244	protein1	1141.6	17.4	1.6612209999999998
244	protein2	1158.2	19.2	1.6464476
244	protein3	706.6	11.6	1.4554196
244	r2	12.0	0.0	0.0
244	rnapol	1.2	0.0	0.0
245	__protein1_rbs	10.4	0.0	0.0
245	__protein2_rbs	11.6	0.0	0.0
245	__protein3_rbs	8.0	0.0	0.0
245	__ribosome	22.6	0.0	0.0
245	__rnase_site_ext	17.0	0.0	0.0
245	p0	0.8	0.0	0.0
245	protein1	1147.8	17.4	1.6785896
245	protein2	1164.8	19.2	1.6739700000000002
245	protein3	710.2	11.6	1.4752040000000002
245	r2	12.0	0.0	0.0
245	rnapol	1.0	0.0	0.0
246	__protein1_rbs	11.8	0.0	0.0
246	__protein2_rbs	13.2	0.0	0.0
246	__protein3_rbs	9.0	0.0	0.0
246	__ribosome	24.6	0.0	0.0
246	__rnase_site_ext	17.2	0.0	0.0
246	p0	0.2	0.0	0.0
246	protein1	1153.2	16.8	1.7052527999999998
246	protein2	1171.6	19.0	1.6383192000000002
246	protein3	713.8	12.0	1.3795624
246	r2	11.6	0.0	0.0
246	rnapol	0.4	0.0	0.0
247	__protein1_rbs	9.6	0.0	0.0
247	__protein2_rbs	12.2	0.0	0.0
247	__protein3_rbs	9.0	0.0	0.0
247	__ribosome	23.8	0.0	0.0
247	__rnase_site_ext	17.6	0.0	0.0
247	p0	0.8	0.0	0.0
247	protein1	1158.6	17.0	1.721267
247	protein2	1178.6	19.0	1.6384058000000001
247	protein3	717.2	12.0	1.4036952
247	r2	11.8	0.0	0.0
247	rnapol	0.2	0.0	0.0
248	__protein1_rbs	10.8	0.0	0.0
248	__protein2_rbs	13.0	0.0	0.0
248	__protein3_rbs	6.8	0.0	0.0
248	__ribosome	22.4	0.0	0.0
248	__rnase_site_ext	17.4	0.0	0.0
248	p0	1.0	0.0	0.0
248	protein1	1164.6	17.6	1.6939683999999997
248	protein2	1185.4	19.2	1.5832976
248	protein3	721.2	12.0	1.6702564000000002
248	r2	11.4	0.0	0.0
248	rnapol	0.2	0.0	0.0
249	__protein1_rbs	12.0	0.0	0.0
249	__protein2_rbs	12.2	0.0	0.0
249	__protein3_rbs	8.8	0.0	0.0
249	__ribosome	22.2	0.0	0.0
249	__rnase_site_ext	17.6	0.0	0.0
249	p0	0.8	0.0	0.0
249	protein1	1170.0	17.4	1.7622500000000003
249	protein2	1192.8	19.4	1.5554722
249	protein3	724.4	12.0	1.6068348
249	r2	11.6	0.0	0.0
249	rnapol	0.0	0.0	0.0
250	__protein1_rbs	11.6	0.0	0.0
250	__protein2_rbs	12.6	0.0	0.0
250	__protein3_rbs	8.2	0.0	0.0
250	__ribosome	20.8	0.0	0.0
250	__rnase_site_ext	18.0	0.0	0.0
250	p0	0.8	0.0	0.0
250	protein1	1176.4	17.6	1.7697478
250	protein2	1197.8	18.8	1.6520237999999998
250	protein3	727.8	11.8	1.6416633999999999
250	r2	11.4	0.0	0.0
250	rnapol	0.0	0.0	0.0
