time	species	protein	transcript	ribo_density
0	__protein1_rbs	0.0	0.0	0.0
0	__protein2_rbs	0.0	0.0	0.0
0	__protein3_rbs	0.0	0.0	0.0
0	__ribosome	100.0	0.0	0.0
0	__rnase_site_ext	0.0	0.0	0.0
0	p0	1.0	0.0	0.0
0	r2	0.0	0.0	0.0
0	rnapol	4.0	0.0	0.0
1	__protein1_rbs	0.0	0.0	0.0
1	__protein2_rbs	0.0	0.0	0.0
1	__protein3_rbs	0.0	0.0	0.0
1	__ribosome	80.0	0.0	0.0
1	__rnase_site_ext	0.6	0.0	0.0
1	p0	0.2	0.0	0.0
1	r2	0.0	0.0	0.0
1	rnapol	2.4	0.0	0.0
2	__protein1_rbs	0.0	0.0	0.0
2	__protein2_rbs	0.0	0.0	0.0
2	__protein3_rbs	0.0	0.0	0.0
2	__ribosome	79.8	0.0	0.0
2	__rnase_site_ext	1.2	0.0	0.0
2	p0	0.2	0.0	0.0
2	protein1	0.0	0.2	0.2
2	r2	0.0	0.0	0.0
2	rnapol	1.8	0.0	0.0
3	__protein1_rbs	0.0	0.0	0.0
3	__protein2_rbs	0.0	0.0	0.0
3	__protein3_rbs	0.0	0.0	0.0
3	__ribosome	139.0	0.0	0.0
3	__rnase_site_ext	2.0	0.0	0.0
3	p0	0.2	0.0	0.0
3	protein1	0.0	0.8	1.0
3	r2	0.0	0.0	0.0
3	rnapol	3.0	0.0	0.0
4	__protein1_rbs	0.4	0.0	0.0
4	__protein2_rbs	0.0	0.0	0.0
4	__protein3_rbs	0.0	0.0	0.0
4	__ribosome	98.0	0.0	0.0
4	__rnase_site_ext	2.4	0.0	0.0
4	p0	0.6	0.0	0.0
4	protein1	0.0	1.6	1.0
4	r2	0.0	0.0	0.0
4	rnapol	1.4	0.0	0.0
5	__protein1_rbs	0.8	0.0	0.0
5	__protein2_rbs	0.0	0.0	0.0
5	__protein3_rbs	0.0	0.0	0.0
5	__ribosome	97.0	0.0	0.0
5	__rnase_site_ext	2.8	0.0	0.0
5	p0	0.4	0.0	0.0
5	protein1	0.0	2.2	1.2666666000000002
5	r2	0.0	0.0	0.0
5	rnapol	1.0	0.0	0.0
6	__protein1_rbs	1.2	0.0	0.0
6	__protein2_rbs	0.0	0.0	0.0
6	__protein3_rbs	0.0	0.0	0.0
6	__ribosome	95.8	0.0	0.0
6	__rnase_site_ext	3.2	0.0	0.0
6	p0	0.6	0.0	0.0
6	protein1	0.0	2.6	1.6
6	r2	0.0	0.0	0.0
6	rnapol	0.8	0.0	0.0
7	__protein1_rbs	1.0	0.0	0.0
7	__protein2_rbs	0.0	0.0	0.0
7	__protein3_rbs	0.0	0.0	0.0
7	__ribosome	94.0	0.0	0.0
7	__rnase_site_ext	3.0	0.0	0.0
7	p0	1.0	0.0	0.0
7	protein1	0.2	3.0	1.9166666
7	r2	0.0	0.0	0.0
7	rnapol	0.8	0.0	0.0
8	__protein1_rbs	1.0	0.0	0.0
8	__protein2_rbs	0.0	0.0	0.0
8	__protein3_rbs	0.0	0.0	0.0
8	__ribosome	92.8	0.0	0.0
8	__rnase_site_ext	3.0	0.0	0.0
8	p0	1.0	0.0	0.0
8	protein1	0.6	3.0	2.4833334
8	r2	0.0	0.0	0.0
8	rnapol	0.8	0.0	0.0
9	__protein1_rbs	0.8	0.0	0.0
9	__protein2_rbs	0.0	0.0	0.0
9	__protein3_rbs	0.0	0.0	0.0
9	__ribosome	91.2	0.0	0.0
9	__rnase_site_ext	3.2	0.0	0.0
9	p0	1.0	0.0	0.0
9	protein1	1.4	3.0	2.8833333999999997
9	protein2	0.0	0.4	0.4
9	r2	0.0	0.0	0.0
9	rnapol	0.6	0.0	0.0
10	__protein1_rbs	1.6	0.0	0.0
10	__protein2_rbs	1.0	0.0	0.0
10	__protein3_rbs	0.0	0.0	0.0
10	__ribosome	90.6	0.0	0.0
10	__rnase_site_ext	3.2	0.0	0.0
10	p0	1.0	0.0	0.0
10	protein1	2.4	3.2	2.8833333999999997
10	protein2	0.0	1.0	0.3
10	r2	0.0	0.0	0.0
10	rnapol	0.6	0.0	0.0
11	__protein1_rbs	2.4	0.0	0.0
11	__protein2_rbs	0.2	0.0	0.0
11	__protein3_rbs	0.0	0.0	0.0
11	__ribosome	90.0	0.0	0.0
11	__rnase_site_ext	3.2	0.0	0.0
11	p0	0.8	0.0	0.0
11	protein1	4.0	3.2	2.7333334
11	protein2	0.0	1.4	1.0
11	r2	0.0	0.0	0.0
11	rnapol	0.4	0.0	0.0
12	__protein1_rbs	1.0	0.0	0.0
12	__protein2_rbs	0.8	0.0	0.0
12	__protein3_rbs	0.0	0.0	0.0
12	__ribosome	88.2	0.0	0.0
12	__rnase_site_ext	3.2	0.0	0.0
12	p0	1.0	0.0	0.0
12	protein1	5.6	3.0	3.0999998
12	protein2	0.0	2.0	1.1
12	r2	0.0	0.0	0.0
12	rnapol	0.2	0.0	0.0
13	__protein1_rbs	1.2	0.0	0.0
13	__protein2_rbs	0.8	0.0	0.0
13	__protein3_rbs	0.0	0.0	0.0
13	__ribosome	86.6	0.0	0.0
13	__rnase_site_ext	3.4	0.0	0.0
13	p0	0.8	0.0	0.0
13	protein1	7.8	3.4	2.75
13	protein2	0.0	2.6	1.5333333999999998
13	r2	0.2	0.0	0.0
13	rnapol	0.0	0.0	0.0
14	__protein1_rbs	1.2	0.0	0.0
14	__protein2_rbs	1.0	0.0	0.0
14	__protein3_rbs	0.0	0.0	0.0
14	__ribosome	84.6	0.0	0.0
14	__rnase_site_ext	3.4	0.0	0.0
14	p0	1.0	0.0	0.0
14	protein1	9.6	3.4	3.0833334
14	protein2	0.0	2.8	2.1
14	r2	0.6	0.0	0.0
14	rnapol	0.0	0.0	0.0
15	__protein1_rbs	1.4	0.0	0.0
15	__protein2_rbs	1.2	0.0	0.0
15	__protein3_rbs	0.0	0.0	0.0
15	__ribosome	82.4	0.0	0.0
15	__rnase_site_ext	3.4	0.0	0.0
15	p0	1.0	0.0	0.0
15	protein1	11.2	3.4	3.0666666
15	protein2	0.4	3.2	2.4166666
15	r2	0.8	0.0	0.0
15	rnapol	0.0	0.0	0.0
16	__protein1_rbs	1.2	0.0	0.0
16	__protein2_rbs	0.6	0.0	0.0
16	__protein3_rbs	0.0	0.0	0.0
16	__ribosome	80.6	0.0	0.0
16	__rnase_site_ext	3.2	0.0	0.0
16	p0	1.0	0.0	0.0
16	protein1	13.0	3.4	3.0166666
16	protein2	1.2	3.2	2.9833334
16	r2	1.4	0.0	0.0
16	rnapol	0.0	0.0	0.0
17	__protein1_rbs	0.8	0.0	0.0
17	__protein2_rbs	1.4	0.0	0.0
17	__protein3_rbs	0.0	0.0	0.0
17	__ribosome	79.6	0.0	0.0
17	__rnase_site_ext	3.2	0.0	0.0
17	p0	1.0	0.0	0.0
17	protein1	14.8	3.2	3.2833332000000004
17	protein2	2.4	3.2	3.0833334
17	protein3	0.0	0.2	0.2
17	r2	1.8	0.0	0.0
17	rnapol	0.2	0.0	0.0
18	__protein1_rbs	2.4	0.0	0.0
18	__protein2_rbs	1.2	0.0	0.0
18	__protein3_rbs	0.0	0.0	0.0
18	__ribosome	79.8	0.0	0.0
18	__rnase_site_ext	3.2	0.0	0.0
18	p0	1.0	0.0	0.0
18	protein1	17.2	3.2	2.85
18	protein2	4.2	3.4	3.0
18	protein3	0.0	0.8	1.0
18	r2	2.4	0.0	0.0
18	rnapol	0.0	0.0	0.0
19	__protein1_rbs	0.2	0.0	0.0
19	__protein2_rbs	1.2	0.0	0.0
19	__protein3_rbs	0.6	0.0	0.0
19	__ribosome	77.8	0.0	0.0
19	__rnase_site_ext	3.2	0.0	0.0
19	p0	1.0	0.0	0.0
19	protein1	18.8	3.2	3.2666668000000003
19	protein2	6.0	3.4	3.05
19	protein3	0.0	1.2	1.0
19	r2	2.8	0.0	0.0
19	rnapol	0.0	0.0	0.0
20	__protein1_rbs	1.0	0.0	0.0
20	__protein2_rbs	1.6	0.0	0.0
20	__protein3_rbs	0.8	0.0	0.0
20	__ribosome	77.0	0.0	0.0
20	__rnase_site_ext	3.2	0.0	0.0
20	p0	1.0	0.0	0.0
20	protein1	21.0	3.2	3.2
20	protein2	7.8	3.6	2.8333332
20	protein3	0.0	1.8	1.1
20	r2	2.8	0.0	0.0
20	rnapol	0.0	0.0	0.0
21	__protein1_rbs	1.2	0.0	0.0
21	__protein2_rbs	1.4	0.0	0.0
21	__protein3_rbs	1.2	0.0	0.0
21	__ribosome	75.8	0.0	0.0
21	__rnase_site_ext	3.2	0.0	0.0
21	p0	1.0	0.0	0.0
21	protein1	23.2	3.2	3.1333332
21	protein2	10.0	4.0	2.7
21	protein3	0.0	2.0	1.5333333999999998
21	r2	2.8	0.0	0.0
21	rnapol	0.0	0.0	0.0
22	__protein1_rbs	1.8	0.0	0.0
22	__protein2_rbs	2.0	0.0	0.0
22	__protein3_rbs	1.2	0.0	0.0
22	__ribosome	74.2	0.0	0.0
22	__rnase_site_ext	3.2	0.0	0.0
22	p0	1.0	0.0	0.0
22	protein1	25.2	3.2	3.0166666
22	protein2	11.4	3.8	3.05
22	protein3	0.2	2.4	1.8
22	r2	2.8	0.0	0.0
22	rnapol	0.4	0.0	0.0
23	__protein1_rbs	1.6	0.0	0.0
23	__protein2_rbs	1.2	0.0	0.0
23	__protein3_rbs	1.8	0.0	0.0
23	__ribosome	73.2	0.0	0.0
23	__rnase_site_ext	3.4	0.0	0.0
23	p0	0.8	0.0	0.0
23	protein1	26.2	3.2	3.1333333999999997
23	protein2	13.8	3.8	3.0833334
23	protein3	0.8	3.0	1.6
23	r2	3.0	0.0	0.0
23	rnapol	0.6	0.0	0.0
24	__protein1_rbs	1.4	0.0	0.0
24	__protein2_rbs	1.6	0.0	0.0
24	__protein3_rbs	1.0	0.0	0.0
24	__ribosome	72.2	0.0	0.0
24	__rnase_site_ext	3.6	0.0	0.0
24	p0	0.8	0.0	0.0
24	protein1	29.0	3.4	2.7666666
24	protein2	15.6	3.8	3.0833334
24	protein3	1.2	3.0	2.1666666
24	r2	3.0	0.0	0.0
24	rnapol	1.0	0.0	0.0
25	__protein1_rbs	1.2	0.0	0.0
25	__protein2_rbs	0.6	0.0	0.0
25	__protein3_rbs	1.2	0.0	0.0
25	__ribosome	71.2	0.0	0.0
25	__rnase_site_ext	3.6	0.0	0.0
25	p0	1.0	0.0	0.0
25	protein1	31.0	3.6	2.77
25	protein2	18.0	3.6	3.5166668000000003
25	protein3	2.6	2.8	2.3666666000000003
25	r2	3.2	0.0	0.0
25	rnapol	1.4	0.0	0.0
26	__protein1_rbs	1.2	0.0	0.0
26	__protein2_rbs	2.2	0.0	0.0
26	__protein3_rbs	1.0	0.0	0.0
26	__ribosome	71.2	0.0	0.0
26	__rnase_site_ext	4.2	0.0	0.0
26	p0	0.6	0.0	0.0
26	protein1	32.2	3.6	2.97
26	protein2	20.8	3.8	2.9033333999999997
26	protein3	3.4	3.0	2.4666666
26	r2	3.2	0.0	0.0
26	rnapol	1.4	0.0	0.0
27	__protein1_rbs	1.8	0.0	0.0
27	__protein2_rbs	2.2	0.0	0.0
27	__protein3_rbs	0.8	0.0	0.0
27	__ribosome	71.4	0.0	0.0
27	__rnase_site_ext	4.4	0.0	0.0
27	p0	0.6	0.0	0.0
27	protein1	34.6	4.0	2.56
27	protein2	23.2	3.8	2.62
27	protein3	4.2	3.0	2.8000002000000004
27	r2	3.2	0.0	0.0
27	rnapol	1.2	0.0	0.0
28	__protein1_rbs	2.2	0.0	0.0
28	__protein2_rbs	1.2	0.0	0.0
28	__protein3_rbs	1.4	0.0	0.0
28	__ribosome	70.4	0.0	0.0
28	__rnase_site_ext	5.4	0.0	0.0
28	p0	0.2	0.0	0.0
28	protein1	35.8	4.2	2.6233334
28	protein2	25.6	3.8	2.6633332000000003
28	protein3	5.8	3.0	2.8666668
28	r2	3.0	0.0	0.0
28	rnapol	0.8	0.0	0.0
29	__protein1_rbs	2.2	0.0	0.0
29	__protein2_rbs	1.4	0.0	0.0
29	__protein3_rbs	1.8	0.0	0.0
29	__ribosome	70.0	0.0	0.0
29	__rnase_site_ext	5.8	0.0	0.0
29	p0	0.8	0.0	0.0
29	protein1	38.4	4.8	2.3166666
29	protein2	26.8	3.6	3.1366666000000003
29	protein3	7.4	3.2	2.6166666000000003
29	r2	3.0	0.0	0.0
29	rnapol	0.4	0.0	0.0
30	__protein1_rbs	2.0	0.0	0.0
30	__protein2_rbs	0.8	0.0	0.0
30	__protein3_rbs	2.0	0.0	0.0
30	__ribosome	68.4	0.0	0.0
30	__rnase_site_ext	5.8	0.0	0.0
30	p0	1.0	0.0	0.0
30	protein1	40.4	5.6	2.2457142000000005
30	protein2	30.0	3.4	3.0966666000000003
30	protein3	8.2	3.4	2.6833334
30	r2	3.0	0.0	0.0
30	rnapol	0.6	0.0	0.0
31	__protein1_rbs	2.8	0.0	0.0
31	__protein2_rbs	0.8	0.0	0.0
31	__protein3_rbs	1.2	0.0	0.0
31	__ribosome	66.8	0.0	0.0
31	__rnase_site_ext	5.6	0.0	0.0
31	p0	0.6	0.0	0.0
31	protein1	42.0	5.8	2.3123810000000002
31	protein2	31.2	3.6	3.1033334
31	protein3	10.2	3.2	2.9
31	r2	3.2	0.0	0.0
31	rnapol	0.2	0.0	0.0
32	__protein1_rbs	2.2	0.0	0.0
32	__protein2_rbs	1.2	0.0	0.0
32	__protein3_rbs	1.0	0.0	0.0
32	__ribosome	67.0	0.0	0.0
32	__rnase_site_ext	5.8	0.0	0.0
32	p0	1.0	0.0	0.0
32	protein1	44.6	5.6	2.4942857999999997
32	protein2	33.2	3.4	3.2
32	protein3	12.6	3.2	2.6833334
32	r2	3.2	0.0	0.0
32	rnapol	0.2	0.0	0.0
33	__protein1_rbs	2.4	0.0	0.0
33	__protein2_rbs	1.6	0.0	0.0
33	__protein3_rbs	0.8	0.0	0.0
33	__ribosome	64.8	0.0	0.0
33	__rnase_site_ext	6.0	0.0	0.0
33	p0	1.0	0.0	0.0
33	protein1	46.8	5.8	2.6316666
33	protein2	34.8	3.6	3.16
33	protein3	14.2	3.2	2.9166666
33	r2	3.2	0.0	0.0
33	rnapol	0.2	0.0	0.0
34	__protein1_rbs	3.0	0.0	0.0
34	__protein2_rbs	2.0	0.0	0.0
34	__protein3_rbs	1.2	0.0	0.0
34	__ribosome	64.6	0.0	0.0
34	__rnase_site_ext	6.0	0.0	0.0
34	p0	0.8	0.0	0.0
34	protein1	49.0	6.0	2.7216668
34	protein2	37.4	4.0	2.6700000000000004
34	protein3	15.8	3.0	3.1166666000000003
34	r2	3.2	0.0	0.0
34	rnapol	0.0	0.0	0.0
35	__protein1_rbs	1.6	0.0	0.0
35	__protein2_rbs	2.2	0.0	0.0
35	__protein3_rbs	1.4	0.0	0.0
35	__ribosome	63.0	0.0	0.0
35	__rnase_site_ext	6.2	0.0	0.0
35	p0	1.0	0.0	0.0
35	protein1	51.8	6.0	2.9166666
35	protein2	39.6	4.6	2.2466666
35	protein3	17.2	3.2	2.9666666
35	r2	3.2	0.0	0.0
35	rnapol	0.0	0.0	0.0
36	__protein1_rbs	3.0	0.0	0.0
36	__protein2_rbs	2.4	0.0	0.0
36	__protein3_rbs	1.2	0.0	0.0
36	__ribosome	63.6	0.0	0.0
36	__rnase_site_ext	6.2	0.0	0.0
36	p0	0.8	0.0	0.0
36	protein1	55.0	6.2	2.7183332
36	protein2	41.8	5.0	2.1333333999999997
36	protein3	19.4	3.2	2.9166668
36	r2	3.4	0.0	0.0
36	rnapol	0.0	0.0	0.0
37	__protein1_rbs	3.4	0.0	0.0
37	__protein2_rbs	2.8	0.0	0.0
37	__protein3_rbs	1.6	0.0	0.0
37	__ribosome	62.2	0.0	0.0
37	__rnase_site_ext	6.4	0.0	0.0
37	p0	1.0	0.0	0.0
37	protein1	57.8	6.2	2.7016668000000004
37	protein2	43.4	5.8	2.0285714
37	protein3	20.8	3.2	2.85
37	r2	3.4	0.0	0.0
37	rnapol	0.0	0.0	0.0
38	__protein1_rbs	2.8	0.0	0.0
38	__protein2_rbs	3.0	0.0	0.0
38	__protein3_rbs	1.8	0.0	0.0
38	__ribosome	61.8	0.0	0.0
38	__rnase_site_ext	6.4	0.0	0.0
38	p0	1.0	0.0	0.0
38	protein1	61.6	6.4	2.5835714
38	protein2	46.0	6.0	2.0666666
38	protein3	22.4	3.2	2.9333334
38	r2	3.4	0.0	0.0
38	rnapol	0.0	0.0	0.0
39	__protein1_rbs	2.4	0.0	0.0
39	__protein2_rbs	1.8	0.0	0.0
39	__protein3_rbs	1.2	0.0	0.0
39	__ribosome	58.8	0.0	0.0
39	__rnase_site_ext	6.4	0.0	0.0
39	p0	1.0	0.0	0.0
39	protein1	64.8	6.4	2.6590476
39	protein2	47.8	6.0	2.4152382
39	protein3	24.2	3.4	2.85
39	r2	3.4	0.0	0.0
39	rnapol	0.2	0.0	0.0
40	__protein1_rbs	3.2	0.0	0.0
40	__protein2_rbs	2.8	0.0	0.0
40	__protein3_rbs	1.2	0.0	0.0
40	__ribosome	57.8	0.0	0.0
40	__rnase_site_ext	6.4	0.0	0.0
40	p0	0.8	0.0	0.0
40	protein1	68.0	6.4	2.6926192
40	protein2	49.6	6.4	2.5188096
40	protein3	26.4	3.4	2.6833334
40	r2	4.4	0.0	0.0
40	rnapol	0.0	0.0	0.0
41	__protein1_rbs	2.8	0.0	0.0
41	__protein2_rbs	3.0	0.0	0.0
41	__protein3_rbs	1.0	0.0	0.0
41	__ribosome	55.8	0.0	0.0
41	__rnase_site_ext	6.4	0.0	0.0
41	p0	1.0	0.0	0.0
41	protein1	70.8	6.2	2.9478572
41	protein2	51.8	6.4	2.6916667999999997
41	protein3	28.6	3.6	2.55
41	r2	4.6	0.0	0.0
41	rnapol	0.0	0.0	0.0
42	__protein1_rbs	2.4	0.0	0.0
42	__protein2_rbs	3.0	0.0	0.0
42	__protein3_rbs	1.6	0.0	0.0
42	__ribosome	56.0	0.0	0.0
42	__rnase_site_ext	6.4	0.0	0.0
42	p0	1.0	0.0	0.0
42	protein1	74.6	6.4	2.7995238
42	protein2	55.2	6.4	2.6333333999999997
42	protein3	29.8	3.6	2.65
42	r2	5.2	0.0	0.0
42	rnapol	0.0	0.0	0.0
43	__protein1_rbs	2.8	0.0	0.0
43	__protein2_rbs	2.6	0.0	0.0
43	__protein3_rbs	2.0	0.0	0.0
43	__ribosome	55.8	0.0	0.0
43	__rnase_site_ext	6.6	0.0	0.0
43	p0	0.8	0.0	0.0
43	protein1	78.2	6.4	2.7095238
43	protein2	58.4	6.4	2.6666668
43	protein3	31.8	4.4	2.3200000000000003
43	r2	5.4	0.0	0.0
43	rnapol	0.0	0.0	0.0
44	__protein1_rbs	3.4	0.0	0.0
44	__protein2_rbs	4.0	0.0	0.0
44	__protein3_rbs	2.6	0.0	0.0
44	__ribosome	57.4	0.0	0.0
44	__rnase_site_ext	6.6	0.0	0.0
44	p0	0.8	0.0	0.0
44	protein1	81.6	6.4	2.609524
44	protein2	62.2	6.8	2.3583334
44	protein3	33.2	4.6	2.6266666
44	r2	5.6	0.0	0.0
44	rnapol	0.2	0.0	0.0
45	__protein1_rbs	2.8	0.0	0.0
45	__protein2_rbs	3.0	0.0	0.0
45	__protein3_rbs	2.2	0.0	0.0
45	__ribosome	55.4	0.0	0.0
45	__rnase_site_ext	7.0	0.0	0.0
45	p0	0.6	0.0	0.0
45	protein1	85.0	6.6	2.5059526
45	protein2	64.8	6.8	2.4940476
45	protein3	35.2	5.4	2.0333332
45	r2	5.6	0.0	0.0
45	rnapol	0.2	0.0	0.0
46	__protein1_rbs	2.4	0.0	0.0
46	__protein2_rbs	3.0	0.0	0.0
46	__protein3_rbs	3.0	0.0	0.0
46	__ribosome	55.0	0.0	0.0
46	__rnase_site_ext	7.0	0.0	0.0
46	p0	1.0	0.0	0.0
46	protein1	88.8	6.8	2.365476
46	protein2	68.2	6.6	2.6059526
46	protein3	37.2	5.4	2.1666666
46	r2	5.6	0.0	0.0
46	rnapol	0.2	0.0	0.0
47	__protein1_rbs	2.6	0.0	0.0
47	__protein2_rbs	2.8	0.0	0.0
47	__protein3_rbs	2.8	0.0	0.0
47	__ribosome	52.0	0.0	0.0
47	__rnase_site_ext	6.8	0.0	0.0
47	p0	0.6	0.0	0.0
47	protein1	91.4	7.0	2.6107142000000003
47	protein2	71.6	6.4	2.7538093999999997
47	protein3	39.2	5.6	2.2104760000000003
47	r2	5.6	0.0	0.0
47	rnapol	0.2	0.0	0.0
48	__protein1_rbs	4.0	0.0	0.0
48	__protein2_rbs	3.2	0.0	0.0
48	__protein3_rbs	2.2	0.0	0.0
48	__ribosome	52.0	0.0	0.0
48	__rnase_site_ext	7.0	0.0	0.0
48	p0	0.8	0.0	0.0
48	protein1	94.8	6.6	2.5714286
48	protein2	75.0	6.4	2.7907142000000005
48	protein3	41.0	5.6	2.4414286
48	r2	5.6	0.0	0.0
48	rnapol	0.8	0.0	0.0
49	__protein1_rbs	3.0	0.0	0.0
49	__protein2_rbs	2.6	0.0	0.0
49	__protein3_rbs	3.2	0.0	0.0
49	__ribosome	50.4	0.0	0.0
49	__rnase_site_ext	7.4	0.0	0.0
49	p0	0.4	0.0	0.0
49	protein1	98.0	7.0	2.525
49	protein2	78.0	6.6	2.8226192
49	protein3	43.4	5.6	2.4319046
49	r2	6.0	0.0	0.0
49	rnapol	0.8	0.0	0.0
50	__protein1_rbs	3.0	0.0	0.0
50	__protein2_rbs	2.8	0.0	0.0
50	__protein3_rbs	2.6	0.0	0.0
50	__ribosome	49.0	0.0	0.0
50	__rnase_site_ext	8.2	0.0	0.0
50	p0	0.6	0.0	0.0
50	protein1	101.0	7.2	2.582143
50	protein2	81.2	6.6	2.8511903999999997
50	protein3	45.8	5.6	2.5052382
50	r2	5.8	0.0	0.0
50	rnapol	0.6	0.0	0.0
51	__protein1_rbs	3.6	0.0	0.0
51	__protein2_rbs	4.0	0.0	0.0
51	__protein3_rbs	3.0	0.0	0.0
51	__ribosome	51.2	0.0	0.0
51	__rnase_site_ext	8.4	0.0	0.0
51	p0	1.0	0.0	0.0
51	protein1	104.6	8.0	2.3230158
51	protein2	85.0	6.6	2.6023810000000003
51	protein3	48.6	5.6	2.3680952
51	r2	5.8	0.0	0.0
51	rnapol	0.4	0.0	0.0
52	__protein1_rbs	3.2	0.0	0.0
52	__protein2_rbs	3.4	0.0	0.0
52	__protein3_rbs	3.2	0.0	0.0
52	__ribosome	50.2	0.0	0.0
52	__rnase_site_ext	8.2	0.0	0.0
52	p0	1.0	0.0	0.0
52	protein1	108.2	8.4	2.2972222
52	protein2	88.6	6.8	2.484524
52	protein3	51.0	6.0	2.3333332
52	r2	5.8	0.0	0.0
52	rnapol	0.6	0.0	0.0
53	__protein1_rbs	4.2	0.0	0.0
53	__protein2_rbs	2.4	0.0	0.0
53	__protein3_rbs	2.6	0.0	0.0
53	__ribosome	48.8	0.0	0.0
53	__rnase_site_ext	8.0	0.0	0.0
53	p0	1.0	0.0	0.0
53	protein1	111.8	8.4	2.3805556
53	protein2	92.0	6.8	2.6047618
53	protein3	54.0	6.0	2.3119048
53	r2	5.8	0.0	0.0
53	rnapol	0.8	0.0	0.0
54	__protein1_rbs	3.4	0.0	0.0
54	__protein2_rbs	3.6	0.0	0.0
54	__protein3_rbs	3.0	0.0	0.0
54	__ribosome	49.2	0.0	0.0
54	__rnase_site_ext	8.2	0.0	0.0
54	p0	0.8	0.0	0.0
54	protein1	115.4	8.0	2.5861112
54	protein2	96.4	7.0	2.3619048
54	protein3	56.8	6.0	2.3666668
54	r2	6.0	0.0	0.0
54	rnapol	0.6	0.0	0.0
55	__protein1_rbs	3.6	0.0	0.0
55	__protein2_rbs	3.6	0.0	0.0
55	__protein3_rbs	3.4	0.0	0.0
55	__ribosome	48.6	0.0	0.0
55	__rnase_site_ext	8.4	0.0	0.0
55	p0	0.8	0.0	0.0
55	protein1	119.0	8.2	2.575
55	protein2	99.2	7.0	2.4452380000000002
55	protein3	59.2	6.0	2.3071428000000003
55	r2	5.8	0.0	0.0
55	rnapol	0.4	0.0	0.0
56	__protein1_rbs	4.4	0.0	0.0
56	__protein2_rbs	2.8	0.0	0.0
56	__protein3_rbs	2.2	0.0	0.0
56	__ribosome	46.2	0.0	0.0
56	__rnase_site_ext	8.4	0.0	0.0
56	p0	0.8	0.0	0.0
56	protein1	122.8	8.4	2.5
56	protein2	102.4	7.4	2.4519840000000004
56	protein3	61.2	5.8	2.6033334
56	r2	5.8	0.0	0.0
56	rnapol	0.4	0.0	0.0
57	__protein1_rbs	4.8	0.0	0.0
57	__protein2_rbs	4.4	0.0	0.0
57	__protein3_rbs	2.4	0.0	0.0
57	__ribosome	46.8	0.0	0.0
57	__rnase_site_ext	8.2	0.0	0.0
57	p0	1.0	0.0	0.0
57	protein1	127.4	8.4	2.3766232000000005
57	protein2	105.6	8.0	2.2587302000000005
57	protein3	64.2	6.0	2.5880952
57	r2	5.6	0.0	0.0
57	rnapol	0.6	0.0	0.0
58	__protein1_rbs	3.8	0.0	0.0
58	__protein2_rbs	3.8	0.0	0.0
58	__protein3_rbs	4.0	0.0	0.0
58	__ribosome	45.6	0.0	0.0
58	__rnase_site_ext	8.6	0.0	0.0
58	p0	0.8	0.0	0.0
58	protein1	131.2	8.2	2.4807142000000004
58	protein2	108.8	8.4	2.354603
58	protein3	67.2	6.0	2.4595238000000004
58	r2	5.4	0.0	0.0
58	rnapol	0.4	0.0	0.0
59	__protein1_rbs	3.8	0.0	0.0
59	__protein2_rbs	4.0	0.0	0.0
59	__protein3_rbs	2.6	0.0	0.0
59	__ribosome	45.4	0.0	0.0
59	__rnase_site_ext	8.4	0.0	0.0
59	p0	0.8	0.0	0.0
59	protein1	135.6	8.4	2.4228572
59	protein2	112.8	8.8	2.22
59	protein3	69.8	6.0	2.55
59	r2	5.4	0.0	0.0
59	rnapol	0.2	0.0	0.0
60	__protein1_rbs	5.0	0.0	0.0
60	__protein2_rbs	4.0	0.0	0.0
60	__protein3_rbs	3.0	0.0	0.0
60	__ribosome	45.4	0.0	0.0
60	__rnase_site_ext	8.6	0.0	0.0
60	p0	0.8	0.0	0.0
60	protein1	138.6	8.4	2.4079363999999996
60	protein2	116.4	8.6	2.2222222
60	protein3	72.4	5.8	2.6666666
60	r2	5.6	0.0	0.0
60	rnapol	0.0	0.0	0.0
61	__protein1_rbs	5.6	0.0	0.0
61	__protein2_rbs	4.2	0.0	0.0
61	__protein3_rbs	3.0	0.0	0.0
61	__ribosome	48.2	0.0	0.0
61	__rnase_site_ext	8.6	0.0	0.0
61	p0	1.0	0.0	0.0
61	protein1	143.8	8.4	2.1469842
61	protein2	120.2	8.8	2.2580807999999997
61	protein3	75.4	6.0	2.4666666
61	r2	5.6	0.0	0.0
61	rnapol	0.4	0.0	0.0
62	__protein1_rbs	3.4	0.0	0.0
62	__protein2_rbs	4.6	0.0	0.0
62	__protein3_rbs	3.0	0.0	0.0
62	__ribosome	47.8	0.0	0.0
62	__rnase_site_ext	8.2	0.0	0.0
62	p0	1.0	0.0	0.0
62	protein1	147.8	8.6	2.1994444
62	protein2	124.0	8.8	2.3111112
62	protein3	79.2	6.2	2.2095238
62	r2	5.8	0.0	0.0
62	rnapol	0.4	0.0	0.0
63	__protein1_rbs	3.8	0.0	0.0
63	__protein2_rbs	3.2	0.0	0.0
63	__protein3_rbs	2.6	0.0	0.0
63	__ribosome	44.6	0.0	0.0
63	__rnase_site_ext	8.4	0.0	0.0
63	p0	0.6	0.0	0.0
63	protein1	151.4	8.4	2.2638887999999997
63	protein2	127.0	9.0	2.4866666000000004
63	protein3	81.8	6.0	2.5198414000000002
63	r2	6.6	0.0	0.0
63	rnapol	0.0	0.0	0.0
64	__protein1_rbs	3.8	0.0	0.0
64	__protein2_rbs	4.2	0.0	0.0
64	__protein3_rbs	2.6	0.0	0.0
64	__ribosome	44.8	0.0	0.0
64	__rnase_site_ext	8.4	0.0	0.0
64	p0	1.0	0.0	0.0
64	protein1	155.6	8.2	2.3972222000000003
64	protein2	131.2	9.0	2.4233334
64	protein3	84.6	5.8	2.4264286
64	r2	6.4	0.0	0.0
64	rnapol	0.0	0.0	0.0
65	__protein1_rbs	4.4	0.0	0.0
65	__protein2_rbs	4.4	0.0	0.0
65	__protein3_rbs	3.2	0.0	0.0
65	__ribosome	44.0	0.0	0.0
65	__rnase_site_ext	8.4	0.0	0.0
65	p0	1.0	0.0	0.0
65	protein1	158.8	8.4	2.3944444000000003
65	protein2	135.8	9.2	2.3424242000000004
65	protein3	86.8	6.0	2.3821428
65	r2	6.6	0.0	0.0
65	rnapol	0.0	0.0	0.0
66	__protein1_rbs	5.4	0.0	0.0
66	__protein2_rbs	5.2	0.0	0.0
66	__protein3_rbs	4.2	0.0	0.0
66	__ribosome	45.2	0.0	0.0
66	__rnase_site_ext	8.2	0.0	0.0
66	p0	1.0	0.0	0.0
66	protein1	162.4	8.4	2.3194444
66	protein2	140.0	9.4	2.2269192
66	protein3	88.8	6.2	2.3466666000000003
66	r2	6.8	0.0	0.0
66	rnapol	0.4	0.0	0.0
67	__protein1_rbs	3.8	0.0	0.0
67	__protein2_rbs	5.6	0.0	0.0
67	__protein3_rbs	3.0	0.0	0.0
67	__ribosome	44.8	0.0	0.0
67	__rnase_site_ext	8.2	0.0	0.0
67	p0	1.0	0.0	0.0
67	protein1	165.8	8.2	2.4916666000000003
67	protein2	144.2	9.6	2.1389897999999996
67	protein3	92.4	6.6	2.1357142000000002
67	r2	6.8	0.0	0.0
67	rnapol	0.4	0.0	0.0
68	__protein1_rbs	4.2	0.0	0.0
68	__protein2_rbs	5.8	0.0	0.0
68	__protein3_rbs	3.6	0.0	0.0
68	__ribosome	44.8	0.0	0.0
68	__rnase_site_ext	8.2	0.0	0.0
68	p0	1.0	0.0	0.0
68	protein1	170.6	8.2	2.405
68	protein2	148.0	9.8	2.1844444
68	protein3	95.4	6.8	2.1083334
68	r2	6.8	0.0	0.0
68	rnapol	0.6	0.0	0.0
69	__protein1_rbs	3.8	0.0	0.0
69	__protein2_rbs	3.8	0.0	0.0
69	__protein3_rbs	3.4	0.0	0.0
69	__ribosome	43.2	0.0	0.0
69	__rnase_site_ext	8.0	0.0	0.0
69	p0	0.8	0.0	0.0
69	protein1	174.8	8.2	2.3714286
69	protein2	152.2	9.6	2.3626262
69	protein3	97.8	7.0	2.1369048
69	r2	6.8	0.0	0.0
69	rnapol	0.8	0.0	0.0
70	__protein1_rbs	4.6	0.0	0.0
70	__protein2_rbs	4.4	0.0	0.0
70	__protein3_rbs	4.0	0.0	0.0
70	__ribosome	41.4	0.0	0.0
70	__rnase_site_ext	8.2	0.0	0.0
70	p0	0.8	0.0	0.0
70	protein1	178.4	8.2	2.3914286
70	protein2	155.8	9.2	2.6128786
70	protein3	100.0	6.8	2.2880952000000003
70	r2	7.0	0.0	0.0
70	rnapol	1.2	0.0	0.0
71	__protein1_rbs	4.2	0.0	0.0
71	__protein2_rbs	5.8	0.0	0.0
71	__protein3_rbs	3.2	0.0	0.0
71	__ribosome	42.4	0.0	0.0
71	__rnase_site_ext	8.2	0.0	0.0
71	p0	0.6	0.0	0.0
71	protein1	181.8	8.2	2.4716666000000003
71	protein2	161.0	9.6	2.3277778
71	protein3	103.2	6.8	2.3285714
71	r2	7.0	0.0	0.0
71	rnapol	1.4	0.0	0.0
72	__protein1_rbs	4.8	0.0	0.0
72	__protein2_rbs	4.4	0.0	0.0
72	__protein3_rbs	4.0	0.0	0.0
72	__ribosome	42.6	0.0	0.0
72	__rnase_site_ext	8.2	0.0	0.0
72	p0	1.0	0.0	0.0
72	protein1	185.2	8.0	2.49
72	protein2	165.0	9.4	2.4177777999999996
72	protein3	106.6	6.8	2.2761902000000003
72	r2	7.0	0.0	0.0
72	rnapol	1.4	0.0	0.0
73	__protein1_rbs	3.8	0.0	0.0
73	__protein2_rbs	5.6	0.0	0.0
73	__protein3_rbs	3.2	0.0	0.0
73	__ribosome	41.6	0.0	0.0
73	__rnase_site_ext	8.4	0.0	0.0
73	p0	0.8	0.0	0.0
73	protein1	189.8	8.2	2.401508
73	protein2	169.2	9.4	2.3638888
73	protein3	109.2	6.8	2.457143
73	r2	7.0	0.0	0.0
73	rnapol	1.0	0.0	0.0
74	__protein1_rbs	4.6	0.0	0.0
74	__protein2_rbs	4.8	0.0	0.0
74	__protein3_rbs	4.2	0.0	0.0
74	__ribosome	43.6	0.0	0.0
74	__rnase_site_ext	8.8	0.0	0.0
74	p0	0.6	0.0	0.0
74	protein1	193.6	8.4	2.3092064
74	protein2	174.6	9.4	2.294899
74	protein3	112.4	7.0	2.2488094
74	r2	7.2	0.0	0.0
74	rnapol	0.6	0.0	0.0
75	__protein1_rbs	3.8	0.0	0.0
75	__protein2_rbs	5.4	0.0	0.0
75	__protein3_rbs	3.6	0.0	0.0
75	__ribosome	42.2	0.0	0.0
75	__rnase_site_ext	8.6	0.0	0.0
75	p0	0.8	0.0	0.0
75	protein1	196.6	8.6	2.415476
75	protein2	179.0	9.6	2.1820706000000003
75	protein3	115.6	7.2	2.2083332
75	r2	7.0	0.0	0.0
75	rnapol	0.6	0.0	0.0
76	__protein1_rbs	4.4	0.0	0.0
76	__protein2_rbs	4.6	0.0	0.0
76	__protein3_rbs	3.8	0.0	0.0
76	__ribosome	41.4	0.0	0.0
76	__rnase_site_ext	8.8	0.0	0.0
76	p0	0.8	0.0	0.0
76	protein1	201.6	8.8	2.2596826
76	protein2	182.4	9.4	2.3788888
76	protein3	118.4	7.4	2.2321428
76	r2	7.4	0.0	0.0
76	rnapol	0.6	0.0	0.0
77	__protein1_rbs	3.6	0.0	0.0
77	__protein2_rbs	5.6	0.0	0.0
77	__protein3_rbs	3.8	0.0	0.0
77	__ribosome	40.4	0.0	0.0
77	__rnase_site_ext	8.8	0.0	0.0
77	p0	0.8	0.0	0.0
77	protein1	204.6	8.6	2.4788096
77	protein2	186.6	9.2	2.325
77	protein3	121.8	7.6	2.225
77	r2	7.4	0.0	0.0
77	rnapol	0.4	0.0	0.0
78	__protein1_rbs	4.8	0.0	0.0
78	__protein2_rbs	5.4	0.0	0.0
78	__protein3_rbs	4.8	0.0	0.0
78	__ribosome	41.4	0.0	0.0
78	__rnase_site_ext	8.6	0.0	0.0
78	p0	0.8	0.0	0.0
78	protein1	209.2	8.6	2.4204906000000004
78	protein2	190.4	9.2	2.3511110000000004
78	protein3	125.2	7.4	2.1892857999999995
78	r2	7.4	0.0	0.0
78	rnapol	0.4	0.0	0.0
79	__protein1_rbs	5.4	0.0	0.0
79	__protein2_rbs	3.8	0.0	0.0
79	__protein3_rbs	4.0	0.0	0.0
79	__ribosome	40.8	0.0	0.0
79	__rnase_site_ext	8.6	0.0	0.0
79	p0	0.8	0.0	0.0
79	protein1	212.0	8.6	2.3616668
79	protein2	195.4	9.2	2.411111
79	protein3	128.2	7.4	2.267857
79	r2	7.6	0.0	0.0
79	rnapol	0.2	0.0	0.0
80	__protein1_rbs	4.4	0.0	0.0
80	__protein2_rbs	5.2	0.0	0.0
80	__protein3_rbs	3.4	0.0	0.0
80	__ribosome	40.8	0.0	0.0
80	__rnase_site_ext	8.8	0.0	0.0
80	p0	1.0	0.0	0.0
80	protein1	216.4	8.6	2.4053968
80	protein2	199.4	9.4	2.2872222
80	protein3	131.2	7.6	2.324603
80	r2	7.2	0.0	0.0
80	rnapol	0.2	0.0	0.0
81	__protein1_rbs	4.2	0.0	0.0
81	__protein2_rbs	5.2	0.0	0.0
81	__protein3_rbs	4.0	0.0	0.0
81	__ribosome	43.0	0.0	0.0
81	__rnase_site_ext	9.0	0.0	0.0
81	p0	0.8	0.0	0.0
81	protein1	222.0	8.8	2.1813276000000004
81	protein2	204.0	9.6	2.1844444
81	protein3	134.6	7.4	2.3535714
81	r2	6.8	0.0	0.0
81	rnapol	0.6	0.0	0.0
82	__protein1_rbs	6.2	0.0	0.0
82	__protein2_rbs	4.8	0.0	0.0
82	__protein3_rbs	3.6	0.0	0.0
82	__ribosome	44.0	0.0	0.0
82	__rnase_site_ext	8.8	0.0	0.0
82	p0	1.0	0.0	0.0
82	protein1	226.2	8.8	2.0034631999999997
82	protein2	207.8	9.6	2.3
82	protein3	139.0	7.4	2.2714286
82	r2	7.0	0.0	0.0
82	rnapol	0.6	0.0	0.0
83	__protein1_rbs	5.2	0.0	0.0
83	__protein2_rbs	3.6	0.0	0.0
83	__protein3_rbs	3.6	0.0	0.0
83	__ribosome	40.2	0.0	0.0
83	__rnase_site_ext	9.0	0.0	0.0
83	p0	0.8	0.0	0.0
83	protein1	229.0	9.0	2.0816738
83	protein2	212.2	9.8	2.35
83	protein3	141.2	7.8	2.3523808
83	r2	6.8	0.0	0.0
83	rnapol	0.4	0.0	0.0
84	__protein1_rbs	3.8	0.0	0.0
84	__protein2_rbs	5.8	0.0	0.0
84	__protein3_rbs	4.4	0.0	0.0
84	__ribosome	42.8	0.0	0.0
84	__rnase_site_ext	9.4	0.0	0.0
84	p0	0.8	0.0	0.0
84	protein1	233.0	8.8	2.2029723999999997
84	protein2	217.6	9.8	2.129293
84	protein3	145.6	7.8	2.2063492
84	r2	7.0	0.0	0.0
84	rnapol	0.4	0.0	0.0
85	__protein1_rbs	6.2	0.0	0.0
85	__protein2_rbs	5.4	0.0	0.0
85	__protein3_rbs	3.6	0.0	0.0
85	__ribosome	42.2	0.0	0.0
85	__rnase_site_ext	9.6	0.0	0.0
85	p0	0.4	0.0	0.0
85	protein1	236.4	9.2	2.01487
85	protein2	220.8	9.8	2.2101010000000003
85	protein3	149.0	7.4	2.413095
85	r2	7.0	0.0	0.0
85	rnapol	0.2	0.0	0.0
86	__protein1_rbs	5.8	0.0	0.0
86	__protein2_rbs	6.0	0.0	0.0
86	__protein3_rbs	3.6	0.0	0.0
86	__ribosome	41.6	0.0	0.0
86	__rnase_site_ext	10.0	0.0	0.0
86	p0	1.0	0.0	0.0
86	protein1	240.0	9.4	2.000909
86	protein2	224.8	9.6	2.2277272
86	protein3	152.0	7.2	2.5661904
86	r2	7.2	0.0	0.0
86	rnapol	0.4	0.0	0.0
87	__protein1_rbs	5.6	0.0	0.0
87	__protein2_rbs	5.2	0.0	0.0
87	__protein3_rbs	4.0	0.0	0.0
87	__ribosome	42.0	0.0	0.0
87	__rnase_site_ext	10.0	0.0	0.0
87	p0	1.0	0.0	0.0
87	protein1	243.0	10.0	1.9957578
87	protein2	230.2	9.8	2.0536364
87	protein3	155.6	7.4	2.4329363999999996
87	r2	7.2	0.0	0.0
87	rnapol	0.6	0.0	0.0
88	__protein1_rbs	4.0	0.0	0.0
88	__protein2_rbs	5.8	0.0	0.0
88	__protein3_rbs	3.8	0.0	0.0
88	__ribosome	40.8	0.0	0.0
88	__rnase_site_ext	10.0	0.0	0.0
88	p0	1.0	0.0	0.0
88	protein1	248.0	10.0	2.0882828
88	protein2	234.2	9.8	2.1159596
88	protein3	159.4	7.4	2.4075398
88	r2	7.4	0.0	0.0
88	rnapol	0.4	0.0	0.0
89	__protein1_rbs	6.4	0.0	0.0
89	__protein2_rbs	6.2	0.0	0.0
89	__protein3_rbs	3.6	0.0	0.0
89	__ribosome	43.0	0.0	0.0
89	__rnase_site_ext	10.0	0.0	0.0
89	p0	1.0	0.0	0.0
89	protein1	252.2	10.0	2.0080808
89	protein2	238.6	10.0	1.9933334
89	protein3	162.6	7.4	2.3408732000000003
89	r2	7.6	0.0	0.0
89	rnapol	0.4	0.0	0.0
90	__protein1_rbs	5.6	0.0	0.0
90	__protein2_rbs	5.0	0.0	0.0
90	__protein3_rbs	4.4	0.0	0.0
90	__ribosome	41.8	0.0	0.0
90	__rnase_site_ext	10.2	0.0	0.0
90	p0	0.8	0.0	0.0
90	protein1	255.6	10.0	2.0977272
90	protein2	242.2	10.0	2.1386868
90	protein3	166.8	7.4	2.1571428
90	r2	7.4	0.0	0.0
90	rnapol	0.4	0.0	0.0
91	__protein1_rbs	5.2	0.0	0.0
91	__protein2_rbs	5.4	0.0	0.0
91	__protein3_rbs	4.6	0.0	0.0
91	__ribosome	39.4	0.0	0.0
91	__rnase_site_ext	10.0	0.0	0.0
91	p0	1.0	0.0	0.0
91	protein1	258.8	10.2	2.2601008
91	protein2	246.4	9.8	2.2918326
91	protein3	169.8	7.4	2.167857
91	r2	7.4	0.0	0.0
91	rnapol	0.4	0.0	0.0
92	__protein1_rbs	6.2	0.0	0.0
92	__protein2_rbs	5.4	0.0	0.0
92	__protein3_rbs	4.2	0.0	0.0
92	__ribosome	40.0	0.0	0.0
92	__rnase_site_ext	10.0	0.0	0.0
92	p0	0.8	0.0	0.0
92	protein1	263.0	10.2	2.2977272
92	protein2	251.2	10.2	2.1245454
92	protein3	173.6	7.4	2.0829364
92	r2	7.2	0.0	0.0
92	rnapol	0.4	0.0	0.0
93	__protein1_rbs	4.8	0.0	0.0
93	__protein2_rbs	5.8	0.0	0.0
93	__protein3_rbs	3.8	0.0	0.0
93	__ribosome	38.0	0.0	0.0
93	__rnase_site_ext	10.2	0.0	0.0
93	p0	0.8	0.0	0.0
93	protein1	268.2	10.2	2.3116666
93	protein2	255.0	10.2	2.1765152000000003
93	protein3	176.4	7.8	2.1357142000000002
93	r2	6.8	0.0	0.0
93	rnapol	0.8	0.0	0.0
94	__protein1_rbs	6.2	0.0	0.0
94	__protein2_rbs	5.6	0.0	0.0
94	__protein3_rbs	3.4	0.0	0.0
94	__ribosome	37.8	0.0	0.0
94	__rnase_site_ext	10.2	0.0	0.0
94	p0	1.0	0.0	0.0
94	protein1	272.0	10.0	2.324293
94	protein2	258.6	10.0	2.2303028
94	protein3	179.8	7.8	2.170635
94	r2	6.6	0.0	0.0
94	rnapol	0.6	0.0	0.0
95	__protein1_rbs	5.2	0.0	0.0
95	__protein2_rbs	5.2	0.0	0.0
95	__protein3_rbs	4.6	0.0	0.0
95	__ribosome	37.4	0.0	0.0
95	__rnase_site_ext	10.4	0.0	0.0
95	p0	0.8	0.0	0.0
95	protein1	277.0	10.2	2.2296967999999997
95	protein2	263.2	10.2	2.2303029999999997
95	protein3	182.2	7.6	2.2714286
95	r2	6.6	0.0	0.0
95	rnapol	0.2	0.0	0.0
96	__protein1_rbs	4.4	0.0	0.0
96	__protein2_rbs	5.6	0.0	0.0
96	__protein3_rbs	3.8	0.0	0.0
96	__ribosome	35.6	0.0	0.0
96	__rnase_site_ext	10.4	0.0	0.0
96	p0	0.8	0.0	0.0
96	protein1	281.2	10.4	2.363131
96	protein2	268.2	10.4	2.1989898
96	protein3	186.2	7.8	2.209127
96	r2	6.8	0.0	0.0
96	rnapol	0.6	0.0	0.0
97	__protein1_rbs	6.0	0.0	0.0
97	__protein2_rbs	5.8	0.0	0.0
97	__protein3_rbs	4.8	0.0	0.0
97	__ribosome	38.4	0.0	0.0
97	__rnase_site_ext	11.0	0.0	0.0
97	p0	0.4	0.0	0.0
97	protein1	286.4	10.6	2.1696967999999996
97	protein2	273.2	10.4	2.1348484
97	protein3	189.6	7.4	2.2583333999999997
97	r2	7.0	0.0	0.0
97	rnapol	0.2	0.0	0.0
98	__protein1_rbs	6.4	0.0	0.0
98	__protein2_rbs	5.2	0.0	0.0
98	__protein3_rbs	3.4	0.0	0.0
98	__ribosome	37.6	0.0	0.0
98	__rnase_site_ext	11.0	0.0	0.0
98	p0	0.8	0.0	0.0
98	protein1	291.2	10.6	2.1257576
98	protein2	277.4	10.4	2.2035352
98	protein3	192.6	7.0	2.5023807999999996
98	r2	7.2	0.0	0.0
98	rnapol	0.2	0.0	0.0
99	__protein1_rbs	5.2	0.0	0.0
99	__protein2_rbs	6.0	0.0	0.0
99	__protein3_rbs	4.0	0.0	0.0
99	__ribosome	37.0	0.0	0.0
99	__rnase_site_ext	11.0	0.0	0.0
99	p0	0.8	0.0	0.0
99	protein1	295.6	11.0	2.169969
99	protein2	281.2	10.4	2.2075756
99	protein3	196.2	6.8	2.5323808
99	r2	7.4	0.0	0.0
99	rnapol	0.4	0.0	0.0
100	__protein1_rbs	5.0	0.0	0.0
100	__protein2_rbs	6.4	0.0	0.0
100	__protein3_rbs	3.6	0.0	0.0
100	__ribosome	36.6	0.0	0.0
100	__rnase_site_ext	11.2	0.0	0.0
100	p0	1.0	0.0	0.0
100	protein1	300.0	11.0	2.2299300000000004
100	protein2	286.4	10.6	2.0449493999999997
100	protein3	199.2	7.4	2.3821428
100	r2	7.6	0.0	0.0
100	rnapol	0.4	0.0	0.0
101	__protein1_rbs	6.6	0.0	0.0
101	__protein2_rbs	5.4	0.0	0.0
101	__protein3_rbs	4.0	0.0	0.0
101	__ribosome	37.8	0.0	0.0
101	__rnase_site_ext	11.2	0.0	0.0
101	p0	1.0	0.0	0.0
101	protein1	304.4	11.2	2.1803420000000004
101	protein2	291.4	10.6	2.0448484
101	protein3	203.4	7.2	2.365
101	r2	7.6	0.0	0.0
101	rnapol	0.4	0.0	0.0
102	__protein1_rbs	5.4	0.0	0.0
102	__protein2_rbs	6.6	0.0	0.0
102	__protein3_rbs	4.4	0.0	0.0
102	__ribosome	38.2	0.0	0.0
102	__rnase_site_ext	11.2	0.0	0.0
102	p0	0.8	0.0	0.0
102	protein1	309.8	11.2	2.1579488000000007
102	protein2	294.8	10.8	2.031111
102	protein3	206.6	7.4	2.224365
102	r2	7.6	0.0	0.0
102	rnapol	0.2	0.0	0.0
103	__protein1_rbs	6.6	0.0	0.0
103	__protein2_rbs	6.2	0.0	0.0
103	__protein3_rbs	4.6	0.0	0.0
103	__ribosome	38.4	0.0	0.0
103	__rnase_site_ext	11.4	0.0	0.0
103	p0	0.8	0.0	0.0
103	protein1	313.4	11.2	2.2285470000000003
103	protein2	300.2	11.0	1.950645
103	protein3	210.0	7.6	2.0515871999999997
103	r2	7.6	0.0	0.0
103	rnapol	0.0	0.0	0.0
104	__protein1_rbs	6.0	0.0	0.0
104	__protein2_rbs	5.4	0.0	0.0
104	__protein3_rbs	4.6	0.0	0.0
104	__ribosome	36.0	0.0	0.0
104	__rnase_site_ext	11.6	0.0	0.0
104	p0	0.6	0.0	0.0
104	protein1	319.0	11.2	2.2135043999999997
104	protein2	303.2	11.2	2.1461306
104	protein3	213.6	7.8	2.0067459999999997
104	r2	7.4	0.0	0.0
104	rnapol	0.0	0.0	0.0
105	__protein1_rbs	6.6	0.0	0.0
105	__protein2_rbs	7.8	0.0	0.0
105	__protein3_rbs	3.2	0.0	0.0
105	__ribosome	36.0	0.0	0.0
105	__rnase_site_ext	11.8	0.0	0.0
105	p0	1.0	0.0	0.0
105	protein1	323.8	11.4	2.207265
105	protein2	308.4	11.6	1.9592640000000003
105	protein3	217.2	7.8	2.1396825999999995
105	r2	7.2	0.0	0.0
105	rnapol	0.2	0.0	0.0
106	__protein1_rbs	6.8	0.0	0.0
106	__protein2_rbs	6.8	0.0	0.0
106	__protein3_rbs	4.8	0.0	0.0
106	__ribosome	35.6	0.0	0.0
106	__rnase_site_ext	12.0	0.0	0.0
106	p0	0.8	0.0	0.0
106	protein1	329.2	11.8	2.0066666
106	protein2	312.2	11.6	2.0674126
106	protein3	219.4	8.0	2.136111
106	r2	7.6	0.0	0.0
106	rnapol	0.6	0.0	0.0
107	__protein1_rbs	6.2	0.0	0.0
107	__protein2_rbs	7.2	0.0	0.0
107	__protein3_rbs	4.6	0.0	0.0
107	__ribosome	36.8	0.0	0.0
107	__rnase_site_ext	12.2	0.0	0.0
107	p0	0.6	0.0	0.0
107	protein1	334.0	11.8	2.1042858000000004
107	protein2	317.0	11.8	1.9904896
107	protein3	223.6	7.8	1.9900794
107	r2	7.8	0.0	0.0
107	rnapol	0.4	0.0	0.0
108	__protein1_rbs	6.8	0.0	0.0
108	__protein2_rbs	7.2	0.0	0.0
108	__protein3_rbs	4.6	0.0	0.0
108	__ribosome	36.0	0.0	0.0
108	__rnase_site_ext	12.4	0.0	0.0
108	p0	1.0	0.0	0.0
108	protein1	339.0	12.0	2.0982084
108	protein2	321.8	11.6	1.9584616
108	protein3	226.0	7.8	2.1214286
108	r2	7.4	0.0	0.0
108	rnapol	0.4	0.0	0.0
109	__protein1_rbs	7.4	0.0	0.0
109	__protein2_rbs	5.2	0.0	0.0
109	__protein3_rbs	5.2	0.0	0.0
109	__ribosome	35.8	0.0	0.0
109	__rnase_site_ext	12.4	0.0	0.0
109	p0	0.8	0.0	0.0
109	protein1	344.0	12.4	2.0941024
109	protein2	327.6	11.6	2.0010258000000003
109	protein3	229.6	7.6	2.0388888
109	r2	8.0	0.0	0.0
109	rnapol	0.2	0.0	0.0
110	__protein1_rbs	5.0	0.0	0.0
110	__protein2_rbs	6.6	0.0	0.0
110	__protein3_rbs	4.2	0.0	0.0
110	__ribosome	33.0	0.0	0.0
110	__rnase_site_ext	12.4	0.0	0.0
110	p0	0.8	0.0	0.0
110	protein1	349.0	12.2	2.318376
110	protein2	332.2	11.8	2.0089378
110	protein3	233.0	8.0	1.99
110	r2	8.2	0.0	0.0
110	rnapol	0.4	0.0	0.0
111	__protein1_rbs	8.6	0.0	0.0
111	__protein2_rbs	8.2	0.0	0.0
111	__protein3_rbs	4.4	0.0	0.0
111	__ribosome	34.0	0.0	0.0
111	__rnase_site_ext	12.6	0.0	0.0
111	p0	0.6	0.0	0.0
111	protein1	353.2	12.4	2.2353846
111	protein2	336.6	11.8	1.9092676
111	protein3	236.2	7.8	2.1192856
111	r2	8.4	0.0	0.0
111	rnapol	0.2	0.0	0.0
112	__protein1_rbs	7.8	0.0	0.0
112	__protein2_rbs	7.0	0.0	0.0
112	__protein3_rbs	5.0	0.0	0.0
112	__ribosome	34.0	0.0	0.0
112	__rnase_site_ext	12.6	0.0	0.0
112	p0	0.8	0.0	0.0
112	protein1	358.6	12.6	2.1953206
112	protein2	340.8	11.6	2.004469
112	protein3	239.4	8.2	1.9918832
112	r2	8.4	0.0	0.0
112	rnapol	0.0	0.0	0.0
113	__protein1_rbs	8.2	0.0	0.0
113	__protein2_rbs	7.8	0.0	0.0
113	__protein3_rbs	4.2	0.0	0.0
113	__ribosome	33.2	0.0	0.0
113	__rnase_site_ext	12.4	0.0	0.0
113	p0	1.0	0.0	0.0
113	protein1	364.4	12.6	2.1192307999999995
113	protein2	344.2	12.0	2.0066666
113	protein3	242.8	8.4	2.0185063999999997
113	r2	8.4	0.0	0.0
113	rnapol	0.0	0.0	0.0
114	__protein1_rbs	6.6	0.0	0.0
114	__protein2_rbs	5.6	0.0	0.0
114	__protein3_rbs	5.8	0.0	0.0
114	__ribosome	33.4	0.0	0.0
114	__rnase_site_ext	12.4	0.0	0.0
114	p0	1.0	0.0	0.0
114	protein1	370.4	12.4	2.0946154
114	protein2	350.0	12.0	2.0257144
114	protein3	245.8	8.4	2.0012698
114	r2	8.4	0.0	0.0
114	rnapol	0.0	0.0	0.0
115	__protein1_rbs	7.0	0.0	0.0
115	__protein2_rbs	6.0	0.0	0.0
115	__protein3_rbs	5.2	0.0	0.0
115	__ribosome	33.4	0.0	0.0
115	__rnase_site_ext	12.4	0.0	0.0
115	p0	1.0	0.0	0.0
115	protein1	377.0	12.4	1.983077
115	protein2	354.8	12.2	2.0542423999999997
115	protein3	248.8	8.4	2.080635
115	r2	8.4	0.0	0.0
115	rnapol	0.4	0.0	0.0
116	__protein1_rbs	7.6	0.0	0.0
116	__protein2_rbs	7.2	0.0	0.0
116	__protein3_rbs	5.4	0.0	0.0
116	__ribosome	33.4	0.0	0.0
116	__rnase_site_ext	12.4	0.0	0.0
116	p0	1.0	0.0	0.0
116	protein1	381.8	12.4	1.9751284
116	protein2	359.2	12.6	2.0728572
116	protein3	252.8	8.6	1.8792858000000003
116	r2	8.6	0.0	0.0
116	rnapol	0.4	0.0	0.0
117	__protein1_rbs	6.6	0.0	0.0
117	__protein2_rbs	9.0	0.0	0.0
117	__protein3_rbs	4.6	0.0	0.0
117	__ribosome	32.6	0.0	0.0
117	__rnase_site_ext	12.2	0.0	0.0
117	p0	1.0	0.0	0.0
117	protein1	386.4	12.4	2.0512822
117	protein2	363.4	12.4	2.0651284
117	protein3	256.0	8.6	1.9542858
117	r2	8.6	0.0	0.0
117	rnapol	0.8	0.0	0.0
118	__protein1_rbs	7.8	0.0	0.0
118	__protein2_rbs	7.6	0.0	0.0
118	__protein3_rbs	5.2	0.0	0.0
118	__ribosome	32.6	0.0	0.0
118	__rnase_site_ext	12.0	0.0	0.0
118	p0	0.8	0.0	0.0
118	protein1	391.6	12.4	2.0387180000000003
118	protein2	368.0	12.6	2.0740792000000003
118	protein3	259.8	8.8	1.8643506000000003
118	r2	8.6	0.0	0.0
118	rnapol	1.0	0.0	0.0
119	__protein1_rbs	6.0	0.0	0.0
119	__protein2_rbs	7.0	0.0	0.0
119	__protein3_rbs	5.4	0.0	0.0
119	__ribosome	31.4	0.0	0.0
119	__rnase_site_ext	12.2	0.0	0.0
119	p0	0.8	0.0	0.0
119	protein1	396.6	12.0	2.2318182
119	protein2	373.8	12.8	2.0386074
119	protein3	263.8	8.8	1.8316668
119	r2	8.8	0.0	0.0
119	rnapol	1.6	0.0	0.0
120	__protein1_rbs	8.4	0.0	0.0
120	__protein2_rbs	7.2	0.0	0.0
120	__protein3_rbs	5.2	0.0	0.0
120	__ribosome	32.8	0.0	0.0
120	__rnase_site_ext	12.6	0.0	0.0
120	p0	0.4	0.0	0.0
120	protein1	401.4	12.0	2.1436362
120	protein2	380.4	13.2	1.8884616
120	protein3	266.4	9.0	1.9305556000000001
120	r2	8.6	0.0	0.0
120	rnapol	1.2	0.0	0.0
121	__protein1_rbs	6.4	0.0	0.0
121	__protein2_rbs	7.2	0.0	0.0
121	__protein3_rbs	4.8	0.0	0.0
121	__ribosome	29.4	0.0	0.0
121	__rnase_site_ext	12.6	0.0	0.0
121	p0	0.8	0.0	0.0
121	protein1	406.2	12.4	2.2018358000000005
121	protein2	386.2	13.2	1.9070514
121	protein3	269.0	9.0	2.1077778
121	r2	8.4	0.0	0.0
121	rnapol	1.0	0.0	0.0
122	__protein1_rbs	8.6	0.0	0.0
122	__protein2_rbs	7.8	0.0	0.0
122	__protein3_rbs	5.4	0.0	0.0
122	__ribosome	31.4	0.0	0.0
122	__rnase_site_ext	13.0	0.0	0.0
122	p0	0.8	0.0	0.0
122	protein1	413.4	12.8	1.8705128
122	protein2	389.6	13.2	2.040705
122	protein3	273.0	9.0	2.033889
122	r2	8.4	0.0	0.0
122	rnapol	1.2	0.0	0.0
123	__protein1_rbs	7.0	0.0	0.0
123	__protein2_rbs	7.2	0.0	0.0
123	__protein3_rbs	5.6	0.0	0.0
123	__ribosome	29.8	0.0	0.0
123	__rnase_site_ext	12.6	0.0	0.0
123	p0	1.0	0.0	0.0
123	protein1	418.2	12.8	1.961451
123	protein2	395.0	13.2	2.0875
123	protein3	276.6	8.8	2.063889
123	r2	8.4	0.0	0.0
123	rnapol	1.2	0.0	0.0
124	__protein1_rbs	7.2	0.0	0.0
124	__protein2_rbs	7.6	0.0	0.0
124	__protein3_rbs	6.0	0.0	0.0
124	__ribosome	29.0	0.0	0.0
124	__rnase_site_ext	12.6	0.0	0.0
124	p0	1.0	0.0	0.0
124	protein1	422.8	12.8	2.0078786
124	protein2	399.6	13.0	2.1577504000000003
124	protein3	279.8	8.8	2.0055556
124	r2	8.4	0.0	0.0
124	rnapol	1.4	0.0	0.0
125	__protein1_rbs	7.4	0.0	0.0
125	__protein2_rbs	8.0	0.0	0.0
125	__protein3_rbs	5.0	0.0	0.0
125	__ribosome	32.0	0.0	0.0
125	__rnase_site_ext	13.0	0.0	0.0
125	p0	0.2	0.0	0.0
125	protein1	428.2	12.6	2.0617748
125	protein2	405.8	13.0	2.0464452
125	protein3	284.6	8.8	1.8400794
125	r2	8.6	0.0	0.0
125	rnapol	0.8	0.0	0.0
126	__protein1_rbs	7.6	0.0	0.0
126	__protein2_rbs	6.6	0.0	0.0
126	__protein3_rbs	5.6	0.0	0.0
126	__ribosome	30.6	0.0	0.0
126	__rnase_site_ext	13.4	0.0	0.0
126	p0	0.6	0.0	0.0
126	protein1	433.4	13.0	2.0275758
126	protein2	410.2	13.2	2.1044872000000003
126	protein3	287.8	8.6	1.8559523999999998
126	r2	8.6	0.0	0.0
126	rnapol	0.4	0.0	0.0
127	__protein1_rbs	8.8	0.0	0.0
127	__protein2_rbs	7.4	0.0	0.0
127	__protein3_rbs	4.2	0.0	0.0
127	__ribosome	32.6	0.0	0.0
127	__rnase_site_ext	13.4	0.0	0.0
127	p0	1.0	0.0	0.0
127	protein1	438.4	13.4	1.9625
127	protein2	417.8	12.8	1.9917482
127	protein3	291.6	8.4	1.9178572
127	r2	8.4	0.0	0.0
127	rnapol	0.4	0.0	0.0
128	__protein1_rbs	8.0	0.0	0.0
128	__protein2_rbs	8.4	0.0	0.0
128	__protein3_rbs	6.0	0.0	0.0
128	__ribosome	31.8	0.0	0.0
128	__rnase_site_ext	13.6	0.0	0.0
128	p0	0.8	0.0	0.0
128	protein1	443.6	13.4	1.978205
128	protein2	422.4	13.6	1.9077798
128	protein3	294.4	8.8	1.7817459999999998
128	r2	8.4	0.0	0.0
128	rnapol	0.4	0.0	0.0
129	__protein1_rbs	7.8	0.0	0.0
129	__protein2_rbs	8.4	0.0	0.0
129	__protein3_rbs	5.6	0.0	0.0
129	__ribosome	32.0	0.0	0.0
129	__rnase_site_ext	13.6	0.0	0.0
129	p0	1.0	0.0	0.0
129	protein1	449.0	13.4	1.9562272
129	protein2	427.0	13.6	1.9456543999999998
129	protein3	297.6	8.6	1.7972222000000002
129	r2	8.4	0.0	0.0
129	rnapol	0.4	0.0	0.0
130	__protein1_rbs	8.4	0.0	0.0
130	__protein2_rbs	8.6	0.0	0.0
130	__protein3_rbs	4.8	0.0	0.0
130	__ribosome	33.2	0.0	0.0
130	__rnase_site_ext	13.8	0.0	0.0
130	p0	1.0	0.0	0.0
130	protein1	455.2	13.6	1.879918
130	protein2	432.4	13.8	1.8930943999999998
130	protein3	301.4	8.6	1.8111110000000001
130	r2	8.4	0.0	0.0
130	rnapol	0.2	0.0	0.0
131	__protein1_rbs	9.6	0.0	0.0
131	__protein2_rbs	7.2	0.0	0.0
131	__protein3_rbs	5.2	0.0	0.0
131	__ribosome	31.4	0.0	0.0
131	__rnase_site_ext	13.6	0.0	0.0
131	p0	1.0	0.0	0.0
131	protein1	460.2	13.8	1.785682
131	protein2	436.8	13.8	2.030741
131	protein3	304.2	8.6	1.8666666
131	r2	8.6	0.0	0.0
131	rnapol	0.6	0.0	0.0
132	__protein1_rbs	6.8	0.0	0.0
132	__protein2_rbs	7.8	0.0	0.0
132	__protein3_rbs	6.0	0.0	0.0
132	__ribosome	31.4	0.0	0.0
132	__rnase_site_ext	14.0	0.0	0.0
132	p0	0.6	0.0	0.0
132	protein1	465.2	13.6	1.9487218000000002
132	protein2	443.4	13.4	2.0599566000000005
132	protein3	307.8	8.6	1.775
132	r2	8.8	0.0	0.0
132	rnapol	0.4	0.0	0.0
133	__protein1_rbs	8.8	0.0	0.0
133	__protein2_rbs	7.2	0.0	0.0
133	__protein3_rbs	5.4	0.0	0.0
133	__ribosome	31.0	0.0	0.0
133	__rnase_site_ext	14.0	0.0	0.0
133	p0	1.0	0.0	0.0
133	protein1	470.8	13.8	1.851379
133	protein2	449.4	13.8	2.0180062
133	protein3	310.6	8.6	1.8805556
133	r2	9.4	0.0	0.0
133	rnapol	0.4	0.0	0.0
134	__protein1_rbs	7.6	0.0	0.0
134	__protein2_rbs	8.6	0.0	0.0
134	__protein3_rbs	6.0	0.0	0.0
134	__ribosome	29.2	0.0	0.0
134	__rnase_site_ext	14.2	0.0	0.0
134	p0	0.8	0.0	0.0
134	protein1	476.8	14.0	1.9021366000000002
134	protein2	453.6	14.4	2.0018486
134	protein3	313.6	8.6	1.8217172
134	r2	9.6	0.0	0.0
134	rnapol	0.2	0.0	0.0
135	__protein1_rbs	8.0	0.0	0.0
135	__protein2_rbs	9.2	0.0	0.0
135	__protein3_rbs	5.0	0.0	0.0
135	__ribosome	29.4	0.0	0.0
135	__rnase_site_ext	14.4	0.0	0.0
135	p0	0.8	0.0	0.0
135	protein1	481.2	14.2	1.9507936
135	protein2	460.0	14.2	1.9422324
135	protein3	317.4	8.8	1.7919698
135	r2	9.8	0.0	0.0
135	rnapol	0.0	0.0	0.0
136	__protein1_rbs	9.2	0.0	0.0
136	__protein2_rbs	9.2	0.0	0.0
136	__protein3_rbs	5.2	0.0	0.0
136	__ribosome	29.0	0.0	0.0
136	__rnase_site_ext	14.2	0.0	0.0
136	p0	1.0	0.0	0.0
136	protein1	485.2	14.4	1.9873016
136	protein2	465.4	14.6	1.8652137999999998
136	protein3	321.4	9.0	1.6898990000000003
136	r2	9.4	0.0	0.0
136	rnapol	0.0	0.0	0.0
137	__protein1_rbs	9.8	0.0	0.0
137	__protein2_rbs	9.6	0.0	0.0
137	__protein3_rbs	5.2	0.0	0.0
137	__ribosome	31.2	0.0	0.0
137	__rnase_site_ext	14.2	0.0	0.0
137	p0	1.0	0.0	0.0
137	protein1	492.2	14.2	1.8503054
137	protein2	471.4	14.4	1.7809804
137	protein3	323.8	9.4	1.8053968
137	r2	9.8	0.0	0.0
137	rnapol	0.0	0.0	0.0
138	__protein1_rbs	8.4	0.0	0.0
138	__protein2_rbs	8.8	0.0	0.0
138	__protein3_rbs	6.0	0.0	0.0
138	__ribosome	30.6	0.0	0.0
138	__rnase_site_ext	14.2	0.0	0.0
138	p0	1.0	0.0	0.0
138	protein1	497.6	14.2	1.8933456000000002
138	protein2	477.8	14.6	1.7450420000000002
138	protein3	327.6	9.8	1.7333332
138	r2	10.2	0.0	0.0
138	rnapol	0.0	0.0	0.0
139	__protein1_rbs	9.4	0.0	0.0
139	__protein2_rbs	8.0	0.0	0.0
139	__protein3_rbs	6.2	0.0	0.0
139	__ribosome	30.8	0.0	0.0
139	__rnase_site_ext	14.2	0.0	0.0
139	p0	1.0	0.0	0.0
139	protein1	503.2	14.2	1.8079366
139	protein2	483.8	14.6	1.7558823999999995
139	protein3	330.0	9.8	1.8401514
139	r2	10.6	0.0	0.0
139	rnapol	0.2	0.0	0.0
140	__protein1_rbs	8.2	0.0	0.0
140	__protein2_rbs	8.4	0.0	0.0
140	__protein3_rbs	6.8	0.0	0.0
140	__ribosome	28.2	0.0	0.0
140	__rnase_site_ext	14.4	0.0	0.0
140	p0	0.8	0.0	0.0
140	protein1	509.6	14.2	1.7992674000000002
140	protein2	487.8	14.6	1.8955799999999998
140	protein3	333.4	10.0	1.8976263999999998
140	r2	10.0	0.0	0.0
140	rnapol	0.8	0.0	0.0
141	__protein1_rbs	8.4	0.0	0.0
141	__protein2_rbs	8.2	0.0	0.0
141	__protein3_rbs	6.2	0.0	0.0
141	__ribosome	26.2	0.0	0.0
141	__rnase_site_ext	14.6	0.0	0.0
141	p0	0.6	0.0	0.0
141	protein1	515.2	14.2	1.8041516
141	protein2	492.2	14.6	2.0224664
141	protein3	337.2	10.2	1.9255128000000001
141	r2	10.2	0.0	0.0
141	rnapol	0.6	0.0	0.0
142	__protein1_rbs	9.4	0.0	0.0
142	__protein2_rbs	9.2	0.0	0.0
142	__protein3_rbs	6.0	0.0	0.0
142	__ribosome	26.4	0.0	0.0
142	__rnase_site_ext	14.8	0.0	0.0
142	p0	0.6	0.0	0.0
142	protein1	518.6	14.4	1.8539682000000002
142	protein2	498.2	14.4	1.937729
142	protein3	341.2	10.2	1.9261112
142	r2	10.2	0.0	0.0
142	rnapol	0.4	0.0	0.0
143	__protein1_rbs	9.2	0.0	0.0
143	__protein2_rbs	9.8	0.0	0.0
143	__protein3_rbs	6.0	0.0	0.0
143	__ribosome	26.8	0.0	0.0
143	__rnase_site_ext	15.0	0.0	0.0
143	p0	0.8	0.0	0.0
143	protein1	525.4	14.6	1.7696824000000002
143	protein2	503.8	14.6	1.880464
143	protein3	345.0	10.6	1.9360684000000004
143	r2	9.8	0.0	0.0
143	rnapol	0.4	0.0	0.0
144	__protein1_rbs	9.4	0.0	0.0
144	__protein2_rbs	8.2	0.0	0.0
144	__protein3_rbs	6.8	0.0	0.0
144	__ribosome	26.6	0.0	0.0
144	__rnase_site_ext	15.2	0.0	0.0
144	p0	0.8	0.0	0.0
144	protein1	530.2	14.8	1.8198414
144	protein2	510.6	14.6	1.8479854
144	protein3	349.0	10.6	1.8888888
144	r2	10.2	0.0	0.0
144	rnapol	0.6	0.0	0.0
145	__protein1_rbs	9.8	0.0	0.0
145	__protein2_rbs	9.6	0.0	0.0
145	__protein3_rbs	6.6	0.0	0.0
145	__ribosome	28.8	0.0	0.0
145	__rnase_site_ext	14.8	0.0	0.0
145	p0	0.8	0.0	0.0
145	protein1	535.8	15.2	1.7523135999999997
145	protein2	517.0	14.6	1.7516486
145	protein3	353.4	10.4	1.8388887999999999
145	r2	10.0	0.0	0.0
145	rnapol	0.4	0.0	0.0
146	__protein1_rbs	8.0	0.0	0.0
146	__protein2_rbs	10.0	0.0	0.0
146	__protein3_rbs	6.6	0.0	0.0
146	__ribosome	28.0	0.0	0.0
146	__rnase_site_ext	15.0	0.0	0.0
146	p0	0.8	0.0	0.0
146	protein1	541.0	14.8	1.9213324
146	protein2	523.2	14.4	1.6735042000000002
146	protein3	357.2	10.6	1.8433334
146	r2	10.0	0.0	0.0
146	rnapol	0.6	0.0	0.0
147	__protein1_rbs	9.6	0.0	0.0
147	__protein2_rbs	9.8	0.0	0.0
147	__protein3_rbs	6.8	0.0	0.0
147	__ribosome	27.0	0.0	0.0
147	__rnase_site_ext	14.8	0.0	0.0
147	p0	0.8	0.0	0.0
147	protein1	545.6	15.0	1.92685
147	protein2	526.6	14.4	1.7352869999999998
147	protein3	361.6	10.4	1.8481817999999999
147	r2	10.0	0.0	0.0
147	rnapol	0.8	0.0	0.0
148	__protein1_rbs	9.4	0.0	0.0
148	__protein2_rbs	7.8	0.0	0.0
148	__protein3_rbs	7.4	0.0	0.0
148	__ribosome	28.4	0.0	0.0
148	__rnase_site_ext	14.6	0.0	0.0
148	p0	0.4	0.0	0.0
148	protein1	552.2	14.8	1.8812970000000002
148	protein2	532.2	14.4	1.7813186
148	protein3	365.6	10.4	1.7752526000000002
148	r2	10.0	0.0	0.0
148	rnapol	0.6	0.0	0.0
149	__protein1_rbs	9.6	0.0	0.0
149	__protein2_rbs	7.8	0.0	0.0
149	__protein3_rbs	7.6	0.0	0.0
149	__ribosome	28.0	0.0	0.0
149	__rnase_site_ext	15.2	0.0	0.0
149	p0	0.8	0.0	0.0
149	protein1	556.8	14.8	1.8978328
149	protein2	537.6	14.8	1.8190476000000002
149	protein3	370.0	10.6	1.6453536
149	r2	9.8	0.0	0.0
149	rnapol	0.4	0.0	0.0
150	__protein1_rbs	9.8	0.0	0.0
150	__protein2_rbs	9.6	0.0	0.0
150	__protein3_rbs	6.2	0.0	0.0
150	__ribosome	28.6	0.0	0.0
150	__rnase_site_ext	15.0	0.0	0.0
150	p0	1.0	0.0	0.0
150	protein1	563.8	15.0	1.7758522
150	protein2	542.8	15.0	1.8466422
150	protein3	373.6	10.0	1.7964142
150	r2	9.6	0.0	0.0
150	rnapol	0.6	0.0	0.0
151	__protein1_rbs	9.4	0.0	0.0
151	__protein2_rbs	9.0	0.0	0.0
151	__protein3_rbs	7.2	0.0	0.0
151	__ribosome	27.4	0.0	0.0
151	__rnase_site_ext	14.8	0.0	0.0
151	p0	1.0	0.0	0.0
151	protein1	569.2	15.0	1.8107638
151	protein2	548.0	15.4	1.8350202000000002
151	protein3	376.4	10.2	1.8073232
151	r2	9.4	0.0	0.0
151	rnapol	0.8	0.0	0.0
152	__protein1_rbs	8.8	0.0	0.0
152	__protein2_rbs	10.2	0.0	0.0
152	__protein3_rbs	7.0	0.0	0.0
152	__ribosome	27.0	0.0	0.0
152	__rnase_site_ext	14.8	0.0	0.0
152	p0	0.8	0.0	0.0
152	protein1	574.8	14.8	1.8690552
152	protein2	552.8	15.6	1.8714536
152	protein3	381.4	10.2	1.7085857999999998
152	r2	9.4	0.0	0.0
152	rnapol	0.6	0.0	0.0
153	__protein1_rbs	7.8	0.0	0.0
153	__protein2_rbs	9.8	0.0	0.0
153	__protein3_rbs	6.6	0.0	0.0
153	__ribosome	26.6	0.0	0.0
153	__rnase_site_ext	15.0	0.0	0.0
153	p0	1.0	0.0	0.0
153	protein1	580.4	14.6	2.0247822
153	protein2	559.8	15.6	1.7888034000000002
153	protein3	385.0	10.0	1.7083334
153	r2	9.6	0.0	0.0
153	rnapol	0.6	0.0	0.0
154	__protein1_rbs	10.6	0.0	0.0
154	__protein2_rbs	9.8	0.0	0.0
154	__protein3_rbs	6.8	0.0	0.0
154	__ribosome	28.4	0.0	0.0
154	__rnase_site_ext	15.2	0.0	0.0
154	p0	1.0	0.0	0.0
154	protein1	586.6	15.0	1.7903871999999998
154	protein2	565.4	15.8	1.7736903999999998
154	protein3	387.4	9.8	1.7596969999999998
154	r2	10.0	0.0	0.0
154	rnapol	0.4	0.0	0.0
155	__protein1_rbs	9.2	0.0	0.0
155	__protein2_rbs	9.2	0.0	0.0
155	__protein3_rbs	7.4	0.0	0.0
155	__ribosome	28.6	0.0	0.0
155	__rnase_site_ext	15.4	0.0	0.0
155	p0	0.8	0.0	0.0
155	protein1	591.4	15.2	1.8273669999999997
155	protein2	571.6	16.0	1.7922618000000001
155	protein3	392.0	9.8	1.5798484
155	r2	10.4	0.0	0.0
155	rnapol	0.2	0.0	0.0
156	__protein1_rbs	9.2	0.0	0.0
156	__protein2_rbs	10.6	0.0	0.0
156	__protein3_rbs	5.4	0.0	0.0
156	__ribosome	27.6	0.0	0.0
156	__rnase_site_ext	15.2	0.0	0.0
156	p0	1.0	0.0	0.0
156	protein1	597.8	15.4	1.7613154000000002
156	protein2	576.4	16.2	1.8170866
156	protein3	395.8	9.8	1.6545453999999997
156	r2	10.6	0.0	0.0
156	rnapol	0.2	0.0	0.0
157	__protein1_rbs	9.2	0.0	0.0
157	__protein2_rbs	10.6	0.0	0.0
157	__protein3_rbs	5.8	0.0	0.0
157	__ribosome	27.0	0.0	0.0
157	__rnase_site_ext	14.6	0.0	0.0
157	p0	1.0	0.0	0.0
157	protein1	603.2	15.2	1.8236712
157	protein2	583.0	16.4	1.6896078
157	protein3	398.6	9.6	1.8472727999999998
157	r2	10.6	0.0	0.0
157	rnapol	0.2	0.0	0.0
158	__protein1_rbs	10.0	0.0	0.0
158	__protein2_rbs	12.6	0.0	0.0
158	__protein3_rbs	7.4	0.0	0.0
158	__ribosome	28.6	0.0	0.0
158	__rnase_site_ext	14.6	0.0	0.0
158	p0	1.0	0.0	0.0
158	protein1	609.2	15.2	1.7807866
158	protein2	588.4	16.6	1.6487604
158	protein3	402.2	10.4	1.7030302
158	r2	10.6	0.0	0.0
158	rnapol	0.2	0.0	0.0
159	__protein1_rbs	9.2	0.0	0.0
159	__protein2_rbs	8.4	0.0	0.0
159	__protein3_rbs	7.4	0.0	0.0
159	__ribosome	26.4	0.0	0.0
159	__rnase_site_ext	14.2	0.0	0.0
159	p0	1.0	0.0	0.0
159	protein1	613.8	14.6	1.8809082
159	protein2	594.0	16.4	1.8138936
159	protein3	406.0	10.6	1.5964645999999998
159	r2	10.6	0.0	0.0
159	rnapol	0.2	0.0	0.0
160	__protein1_rbs	8.8	0.0	0.0
160	__protein2_rbs	11.2	0.0	0.0
160	__protein3_rbs	7.4	0.0	0.0
160	__ribosome	28.2	0.0	0.0
160	__rnase_site_ext	14.2	0.0	0.0
160	p0	1.0	0.0	0.0
160	protein1	619.0	14.2	1.975
160	protein2	601.6	16.6	1.651846
160	protein3	408.8	10.6	1.5893938
160	r2	10.8	0.0	0.0
160	rnapol	0.4	0.0	0.0
161	__protein1_rbs	9.2	0.0	0.0
161	__protein2_rbs	9.6	0.0	0.0
161	__protein3_rbs	6.8	0.0	0.0
161	__ribosome	26.8	0.0	0.0
161	__rnase_site_ext	14.2	0.0	0.0
161	p0	1.0	0.0	0.0
161	protein1	625.6	14.2	1.8830392
161	protein2	606.4	16.4	1.7843698000000003
161	protein3	412.6	10.8	1.6228281999999998
161	r2	11.2	0.0	0.0
161	rnapol	0.6	0.0	0.0
162	__protein1_rbs	10.0	0.0	0.0
162	__protein2_rbs	11.0	0.0	0.0
162	__protein3_rbs	7.4	0.0	0.0
162	__ribosome	29.6	0.0	0.0
162	__rnase_site_ext	14.2	0.0	0.0
162	p0	0.8	0.0	0.0
162	protein1	632.4	14.2	1.7079638
162	protein2	611.6	16.4	1.8044806
162	protein3	416.6	10.8	1.5900000000000003
162	r2	11.6	0.0	0.0
162	rnapol	0.8	0.0	0.0
163	__protein1_rbs	10.0	0.0	0.0
163	__protein2_rbs	10.6	0.0	0.0
163	__protein3_rbs	6.2	0.0	0.0
163	__ribosome	29.0	0.0	0.0
163	__rnase_site_ext	14.2	0.0	0.0
163	p0	1.0	0.0	0.0
163	protein1	637.6	14.2	1.6598039999999998
163	protein2	617.4	16.2	1.8331374
163	protein3	420.8	11.0	1.7046385999999998
163	r2	11.6	0.0	0.0
163	rnapol	0.8	0.0	0.0
164	__protein1_rbs	9.2	0.0	0.0
164	__protein2_rbs	10.0	0.0	0.0
164	__protein3_rbs	8.4	0.0	0.0
164	__ribosome	28.6	0.0	0.0
164	__rnase_site_ext	14.6	0.0	0.0
164	p0	0.4	0.0	0.0
164	protein1	642.2	14.4	1.6820816000000003
164	protein2	624.8	16.2	1.7855603999999998
164	protein3	423.2	11.2	1.7420746
164	r2	11.6	0.0	0.0
164	rnapol	0.6	0.0	0.0
165	__protein1_rbs	8.8	0.0	0.0
165	__protein2_rbs	10.2	0.0	0.0
165	__protein3_rbs	6.4	0.0	0.0
165	__ribosome	25.8	0.0	0.0
165	__rnase_site_ext	15.0	0.0	0.0
165	p0	0.8	0.0	0.0
165	protein1	647.6	14.4	1.6902666000000002
165	protein2	630.0	16.0	1.863418
165	protein3	426.4	11.4	1.892028
165	r2	11.4	0.0	0.0
165	rnapol	0.6	0.0	0.0
166	__protein1_rbs	10.6	0.0	0.0
166	__protein2_rbs	10.4	0.0	0.0
166	__protein3_rbs	6.4	0.0	0.0
166	__ribosome	26.2	0.0	0.0
166	__rnase_site_ext	15.0	0.0	0.0
166	p0	1.0	0.0	0.0
166	protein1	653.0	14.8	1.6038462
166	protein2	635.4	15.8	1.9149638
166	protein3	430.8	11.6	1.9029369999999999
166	r2	11.2	0.0	0.0
166	rnapol	0.4	0.0	0.0
167	__protein1_rbs	9.2	0.0	0.0
167	__protein2_rbs	9.4	0.0	0.0
167	__protein3_rbs	6.8	0.0	0.0
167	__ribosome	25.4	0.0	0.0
167	__rnase_site_ext	14.8	0.0	0.0
167	p0	0.8	0.0	0.0
167	protein1	657.8	15.0	1.5963462000000002
167	protein2	642.6	15.6	1.8666561999999998
167	protein3	434.8	11.8	1.9477156000000002
167	r2	11.4	0.0	0.0
167	rnapol	0.6	0.0	0.0
168	__protein1_rbs	10.4	0.0	0.0
168	__protein2_rbs	10.4	0.0	0.0
168	__protein3_rbs	7.4	0.0	0.0
168	__ribosome	26.8	0.0	0.0
168	__rnase_site_ext	14.6	0.0	0.0
168	p0	0.8	0.0	0.0
168	protein1	661.8	14.8	1.6370728
168	protein2	648.2	15.6	1.8520666000000001
168	protein3	440.0	11.8	1.8923076
168	r2	11.2	0.0	0.0
168	rnapol	0.8	0.0	0.0
169	__protein1_rbs	9.4	0.0	0.0
169	__protein2_rbs	11.2	0.0	0.0
169	__protein3_rbs	7.8	0.0	0.0
169	__ribosome	25.6	0.0	0.0
169	__rnase_site_ext	14.8	0.0	0.0
169	p0	0.4	0.0	0.0
169	protein1	666.2	14.6	1.7292063999999998
169	protein2	653.8	15.6	1.7953716
169	protein3	443.4	11.8	1.9648952
169	r2	10.8	0.0	0.0
169	rnapol	0.6	0.0	0.0
170	__protein1_rbs	10.0	0.0	0.0
170	__protein2_rbs	11.2	0.0	0.0
170	__protein3_rbs	8.0	0.0	0.0
170	__ribosome	29.4	0.0	0.0
170	__rnase_site_ext	15.4	0.0	0.0
170	p0	0.6	0.0	0.0
170	protein1	672.4	14.6	1.6499206000000002
170	protein2	660.8	15.8	1.6232938
170	protein3	447.8	11.8	1.9305128
170	r2	10.4	0.0	0.0
170	rnapol	0.6	0.0	0.0
171	__protein1_rbs	9.4	0.0	0.0
171	__protein2_rbs	8.2	0.0	0.0
171	__protein3_rbs	6.8	0.0	0.0
171	__ribosome	28.2	0.0	0.0
171	__rnase_site_ext	15.4	0.0	0.0
171	p0	1.0	0.0	0.0
171	protein1	677.0	15.4	1.6562616000000001
171	protein2	666.8	15.6	1.7355462
171	protein3	454.2	11.6	1.8810256
171	r2	10.2	0.0	0.0
171	rnapol	0.6	0.0	0.0
172	__protein1_rbs	9.2	0.0	0.0
172	__protein2_rbs	9.0	0.0	0.0
172	__protein3_rbs	6.8	0.0	0.0
172	__ribosome	25.6	0.0	0.0
172	__rnase_site_ext	15.4	0.0	0.0
172	p0	0.8	0.0	0.0
172	protein1	682.2	15.4	1.7558334000000002
172	protein2	672.8	15.8	1.7493319999999997
172	protein3	458.4	11.4	1.9600002
172	r2	10.2	0.0	0.0
172	rnapol	0.4	0.0	0.0
173	__protein1_rbs	10.8	0.0	0.0
173	__protein2_rbs	9.4	0.0	0.0
173	__protein3_rbs	7.0	0.0	0.0
173	__ribosome	25.0	0.0	0.0
173	__rnase_site_ext	15.2	0.0	0.0
173	p0	0.8	0.0	0.0
173	protein1	686.2	15.4	1.7916666
173	protein2	678.2	15.6	1.7973473999999998
173	protein3	463.6	11.2	1.9065658
173	r2	10.0	0.0	0.0
173	rnapol	0.4	0.0	0.0
174	__protein1_rbs	11.4	0.0	0.0
174	__protein2_rbs	9.8	0.0	0.0
174	__protein3_rbs	6.8	0.0	0.0
174	__ribosome	25.2	0.0	0.0
174	__rnase_site_ext	15.8	0.0	0.0
174	p0	0.6	0.0	0.0
174	protein1	692.6	15.4	1.61
174	protein2	681.8	15.8	1.8874686
174	protein3	467.8	10.8	1.9655556
174	r2	10.0	0.0	0.0
174	rnapol	0.2	0.0	0.0
175	__protein1_rbs	10.2	0.0	0.0
175	__protein2_rbs	9.4	0.0	0.0
175	__protein3_rbs	6.8	0.0	0.0
175	__ribosome	24.6	0.0	0.0
175	__rnase_site_ext	15.8	0.0	0.0
175	p0	1.0	0.0	0.0
175	protein1	697.4	15.4	1.6335714
175	protein2	687.6	16.0	1.8828362
175	protein3	471.4	10.4	2.0413566000000003
175	r2	9.8	0.0	0.0
175	rnapol	0.0	0.0	0.0
176	__protein1_rbs	9.0	0.0	0.0
176	__protein2_rbs	9.8	0.0	0.0
176	__protein3_rbs	7.2	0.0	0.0
176	__ribosome	25.4	0.0	0.0
176	__rnase_site_ext	15.8	0.0	0.0
176	p0	1.0	0.0	0.0
176	protein1	702.8	15.8	1.6803572
176	protein2	694.8	16.0	1.845144
176	protein3	476.6	10.2	1.8834919999999997
176	r2	9.8	0.0	0.0
176	rnapol	0.4	0.0	0.0
177	__protein1_rbs	9.6	0.0	0.0
177	__protein2_rbs	11.4	0.0	0.0
177	__protein3_rbs	6.6	0.0	0.0
177	__ribosome	27.8	0.0	0.0
177	__rnase_site_ext	16.0	0.0	0.0
177	p0	0.8	0.0	0.0
177	protein1	709.0	15.8	1.6416668
177	protein2	701.2	16.0	1.7796581999999999
177	protein3	481.4	10.4	1.8299564
177	r2	10.2	0.0	0.0
177	rnapol	0.2	0.0	0.0
178	__protein1_rbs	10.2	0.0	0.0
178	__protein2_rbs	10.2	0.0	0.0
178	__protein3_rbs	6.8	0.0	0.0
178	__ribosome	27.8	0.0	0.0
178	__rnase_site_ext	15.8	0.0	0.0
178	p0	1.0	0.0	0.0
178	protein1	714.2	15.8	1.6605953999999998
178	protein2	708.2	16.4	1.7137816
178	protein3	484.8	10.2	1.8473302
178	r2	10.2	0.0	0.0
178	rnapol	0.2	0.0	0.0
179	__protein1_rbs	10.6	0.0	0.0
179	__protein2_rbs	11.4	0.0	0.0
179	__protein3_rbs	7.4	0.0	0.0
179	__ribosome	27.4	0.0	0.0
179	__rnase_site_ext	15.6	0.0	0.0
179	p0	1.0	0.0	0.0
179	protein1	717.8	16.0	1.8085436
179	protein2	713.6	16.4	1.6905966000000001
179	protein3	489.6	10.4	1.688052
179	r2	10.4	0.0	0.0
179	rnapol	0.4	0.0	0.0
180	__protein1_rbs	9.0	0.0	0.0
180	__protein2_rbs	9.8	0.0	0.0
180	__protein3_rbs	7.4	0.0	0.0
180	__ribosome	23.6	0.0	0.0
180	__rnase_site_ext	15.8	0.0	0.0
180	p0	1.0	0.0	0.0
180	protein1	723.2	15.6	1.9627382
180	protein2	718.4	16.2	1.8403741999999998
180	protein3	493.0	10.6	1.6684126
180	r2	10.4	0.0	0.0
180	rnapol	0.0	0.0	0.0
181	__protein1_rbs	10.6	0.0	0.0
181	__protein2_rbs	11.2	0.0	0.0
181	__protein3_rbs	5.6	0.0	0.0
181	__ribosome	28.0	0.0	0.0
181	__rnase_site_ext	16.0	0.0	0.0
181	p0	0.8	0.0	0.0
181	protein1	730.0	15.8	1.84493
181	protein2	725.6	16.0	1.7026262
181	protein3	498.4	10.6	1.6001098000000002
181	r2	10.2	0.0	0.0
181	rnapol	0.0	0.0	0.0
182	__protein1_rbs	10.0	0.0	0.0
182	__protein2_rbs	10.6	0.0	0.0
182	__protein3_rbs	6.2	0.0	0.0
182	__ribosome	27.4	0.0	0.0
182	__rnase_site_ext	15.8	0.0	0.0
182	p0	1.0	0.0	0.0
182	protein1	736.6	15.8	1.8017363999999998
182	protein2	730.8	16.4	1.6887675999999998
182	protein3	501.6	10.4	1.7055495999999999
182	r2	10.4	0.0	0.0
182	rnapol	0.0	0.0	0.0
183	__protein1_rbs	10.2	0.0	0.0
183	__protein2_rbs	10.8	0.0	0.0
183	__protein3_rbs	7.0	0.0	0.0
183	__ribosome	26.2	0.0	0.0
183	__rnase_site_ext	16.0	0.0	0.0
183	p0	0.8	0.0	0.0
183	protein1	741.8	15.8	1.7957631999999997
183	protein2	736.8	16.6	1.662395
183	protein3	504.6	10.6	1.7774176000000002
183	r2	10.4	0.0	0.0
183	rnapol	0.2	0.0	0.0
184	__protein1_rbs	10.0	0.0	0.0
184	__protein2_rbs	11.2	0.0	0.0
184	__protein3_rbs	7.4	0.0	0.0
184	__ribosome	26.2	0.0	0.0
184	__rnase_site_ext	16.0	0.0	0.0
184	p0	0.8	0.0	0.0
184	protein1	748.0	15.8	1.7417716
184	protein2	742.2	16.6	1.6729691999999998
184	protein3	507.8	10.6	1.8327474
184	r2	10.4	0.0	0.0
184	rnapol	0.4	0.0	0.0
185	__protein1_rbs	10.6	0.0	0.0
185	__protein2_rbs	10.2	0.0	0.0
185	__protein3_rbs	7.8	0.0	0.0
185	__ribosome	28.8	0.0	0.0
185	__rnase_site_ext	15.8	0.0	0.0
185	p0	1.0	0.0	0.0
185	protein1	754.6	16.2	1.6617646
185	protein2	750.0	16.6	1.6073411999999998
185	protein3	511.4	11.0	1.7533333999999998
185	r2	10.6	0.0	0.0
185	rnapol	0.8	0.0	0.0
186	__protein1_rbs	9.0	0.0	0.0
186	__protein2_rbs	10.8	0.0	0.0
186	__protein3_rbs	7.8	0.0	0.0
186	__ribosome	27.0	0.0	0.0
186	__rnase_site_ext	16.2	0.0	0.0
186	p0	0.8	0.0	0.0
186	protein1	759.6	15.8	1.8539067999999999
186	protein2	754.8	16.4	1.6926192
186	protein3	517.2	11.2	1.5317404
186	r2	10.4	0.0	0.0
186	rnapol	0.4	0.0	0.0
187	__protein1_rbs	10.2	0.0	0.0
187	__protein2_rbs	11.4	0.0	0.0
187	__protein3_rbs	7.0	0.0	0.0
187	__ribosome	25.6	0.0	0.0
187	__rnase_site_ext	16.0	0.0	0.0
187	p0	1.0	0.0	0.0
187	protein1	765.0	16.2	1.8135946
187	protein2	760.4	16.6	1.706316
187	protein3	520.4	11.0	1.6057441999999995
187	r2	10.6	0.0	0.0
187	rnapol	0.6	0.0	0.0
188	__protein1_rbs	9.8	0.0	0.0
188	__protein2_rbs	12.0	0.0	0.0
188	__protein3_rbs	7.2	0.0	0.0
188	__ribosome	25.8	0.0	0.0
188	__rnase_site_ext	16.4	0.0	0.0
188	p0	0.8	0.0	0.0
188	protein1	771.6	16.2	1.8256583999999998
188	protein2	765.4	16.4	1.7108335999999995
188	protein3	523.6	10.6	1.6995672000000002
188	r2	10.4	0.0	0.0
188	rnapol	0.2	0.0	0.0
189	__protein1_rbs	10.4	0.0	0.0
189	__protein2_rbs	10.2	0.0	0.0
189	__protein3_rbs	7.0	0.0	0.0
189	__ribosome	25.8	0.0	0.0
189	__rnase_site_ext	16.4	0.0	0.0
189	p0	0.6	0.0	0.0
189	protein1	778.0	16.4	1.7744804000000003
189	protein2	772.0	16.4	1.678611
189	protein3	527.6	10.6	1.7029222000000002
189	r2	10.4	0.0	0.0
189	rnapol	0.4	0.0	0.0
190	__protein1_rbs	10.6	0.0	0.0
190	__protein2_rbs	10.4	0.0	0.0
190	__protein3_rbs	6.6	0.0	0.0
190	__ribosome	24.8	0.0	0.0
190	__rnase_site_ext	16.6	0.0	0.0
190	p0	1.0	0.0	0.0
190	protein1	783.2	16.4	1.873492
190	protein2	779.2	16.6	1.625992
190	protein3	531.2	11.0	1.7112626
190	r2	9.8	0.0	0.0
190	rnapol	0.6	0.0	0.0
191	__protein1_rbs	11.6	0.0	0.0
191	__protein2_rbs	11.2	0.0	0.0
191	__protein3_rbs	7.0	0.0	0.0
191	__ribosome	25.2	0.0	0.0
191	__rnase_site_ext	16.6	0.0	0.0
191	p0	0.8	0.0	0.0
191	protein1	789.2	16.6	1.773133
191	protein2	784.6	16.8	1.6109848
191	protein3	534.8	11.0	1.7400793999999995
191	r2	10.0	0.0	0.0
191	rnapol	0.2	0.0	0.0
192	__protein1_rbs	11.8	0.0	0.0
192	__protein2_rbs	9.2	0.0	0.0
192	__protein3_rbs	6.6	0.0	0.0
192	__ribosome	24.6	0.0	0.0
192	__rnase_site_ext	16.2	0.0	0.0
192	p0	1.0	0.0	0.0
192	protein1	796.2	16.8	1.6586550000000002
192	protein2	790.2	16.8	1.7547651999999998
192	protein3	538.8	10.8	1.788248
192	r2	10.2	0.0	0.0
192	rnapol	0.6	0.0	0.0
193	__protein1_rbs	12.4	0.0	0.0
193	__protein2_rbs	10.6	0.0	0.0
193	__protein3_rbs	7.0	0.0	0.0
193	__ribosome	25.4	0.0	0.0
193	__rnase_site_ext	15.8	0.0	0.0
193	p0	1.0	0.0	0.0
193	protein1	803.0	16.2	1.5587376
193	protein2	794.8	16.8	1.8224298
193	protein3	542.2	10.6	1.8066433999999998
193	r2	10.2	0.0	0.0
193	rnapol	0.8	0.0	0.0
194	__protein1_rbs	10.4	0.0	0.0
194	__protein2_rbs	10.8	0.0	0.0
194	__protein3_rbs	6.6	0.0	0.0
194	__ribosome	26.6	0.0	0.0
194	__rnase_site_ext	15.8	0.0	0.0
194	p0	0.6	0.0	0.0
194	protein1	809.4	15.8	1.5601754
194	protein2	801.2	17.0	1.8258396
194	protein3	546.6	10.6	1.7519535999999998
194	r2	10.4	0.0	0.0
194	rnapol	0.8	0.0	0.0
195	__protein1_rbs	10.4	0.0	0.0
195	__protein2_rbs	9.6	0.0	0.0
195	__protein3_rbs	6.6	0.0	0.0
195	__ribosome	26.4	0.0	0.0
195	__rnase_site_ext	16.2	0.0	0.0
195	p0	0.8	0.0	0.0
195	protein1	815.6	16.0	1.5122808
195	protein2	807.4	17.0	1.8582498
195	protein3	550.6	10.4	1.814827
195	r2	10.4	0.0	0.0
195	rnapol	0.8	0.0	0.0
196	__protein1_rbs	10.0	0.0	0.0
196	__protein2_rbs	12.4	0.0	0.0
196	__protein3_rbs	7.2	0.0	0.0
196	__ribosome	27.0	0.0	0.0
196	__rnase_site_ext	16.0	0.0	0.0
196	p0	1.0	0.0	0.0
196	protein1	820.4	16.2	1.5775591999999998
196	protein2	814.0	17.4	1.7424430000000002
196	protein3	554.8	10.2	1.755
196	r2	10.2	0.0	0.0
196	rnapol	0.6	0.0	0.0
197	__protein1_rbs	9.4	0.0	0.0
197	__protein2_rbs	10.8	0.0	0.0
197	__protein3_rbs	7.0	0.0	0.0
197	__ribosome	26.0	0.0	0.0
197	__rnase_site_ext	15.8	0.0	0.0
197	p0	0.6	0.0	0.0
197	protein1	826.0	16.0	1.6652198000000002
197	protein2	820.6	17.4	1.7326423999999998
197	protein3	559.2	10.4	1.6650432000000002
197	r2	10.2	0.0	0.0
197	rnapol	0.4	0.0	0.0
198	__protein1_rbs	8.6	0.0	0.0
198	__protein2_rbs	11.8	0.0	0.0
198	__protein3_rbs	6.4	0.0	0.0
198	__ribosome	23.8	0.0	0.0
198	__rnase_site_ext	16.2	0.0	0.0
198	p0	0.8	0.0	0.0
198	protein1	830.6	15.8	1.8022894
198	protein2	827.0	17.6	1.6838004000000002
198	protein3	561.8	10.4	1.7775974
198	r2	10.6	0.0	0.0
198	rnapol	0.2	0.0	0.0
199	__protein1_rbs	10.4	0.0	0.0
199	__protein2_rbs	12.0	0.0	0.0
199	__protein3_rbs	6.2	0.0	0.0
199	__ribosome	23.8	0.0	0.0
199	__rnase_site_ext	15.6	0.0	0.0
199	p0	1.0	0.0	0.0
199	protein1	835.4	16.0	1.8694444
199	protein2	833.2	17.4	1.6980989999999998
199	protein3	567.0	10.4	1.6483768
199	r2	10.6	0.0	0.0
199	rnapol	0.4	0.0	0.0
200	__protein1_rbs	10.4	0.0	0.0
200	__protein2_rbs	11.6	0.0	0.0
200	__protein3_rbs	8.2	0.0	0.0
200	__ribosome	24.6	0.0	0.0
200	__rnase_site_ext	16.0	0.0	0.0
200	p0	0.6	0.0	0.0
200	protein1	841.0	15.8	1.8822192
200	protein2	839.8	17.4	1.7341894000000004
200	protein3	570.6	10.6	1.5345236
200	r2	10.8	0.0	0.0
200	rnapol	0.4	0.0	0.0
201	__protein1_rbs	9.0	0.0	0.0
201	__protein2_rbs	10.6	0.0	0.0
201	__protein3_rbs	7.8	0.0	0.0
201	__ribosome	23.6	0.0	0.0
201	__rnase_site_ext	16.0	0.0	0.0
201	p0	0.8	0.0	0.0
201	protein1	848.0	16.0	1.8948574
201	protein2	845.6	17.0	1.7805263999999998
201	protein3	573.4	11.0	1.4777888000000001
201	r2	11.0	0.0	0.0
201	rnapol	0.4	0.0	0.0
202	__protein1_rbs	11.0	0.0	0.0
202	__protein2_rbs	10.0	0.0	0.0
202	__protein3_rbs	6.2	0.0	0.0
202	__ribosome	22.8	0.0	0.0
202	__rnase_site_ext	16.2	0.0	0.0
202	p0	1.0	0.0	0.0
202	protein1	854.0	16.0	1.8489908
202	protein2	852.8	17.4	1.7863832
202	protein3	577.6	10.8	1.6065657999999998
202	r2	10.8	0.0	0.0
202	rnapol	0.4	0.0	0.0
203	__protein1_rbs	11.4	0.0	0.0
203	__protein2_rbs	12.0	0.0	0.0
203	__protein3_rbs	6.8	0.0	0.0
203	__ribosome	25.4	0.0	0.0
203	__rnase_site_ext	15.8	0.0	0.0
203	p0	1.0	0.0	0.0
203	protein1	861.2	16.2	1.6742298000000002
203	protein2	859.4	17.6	1.706832
203	protein3	580.8	11.0	1.628788
203	r2	10.6	0.0	0.0
203	rnapol	0.4	0.0	0.0
204	__protein1_rbs	9.8	0.0	0.0
204	__protein2_rbs	10.8	0.0	0.0
204	__protein3_rbs	6.4	0.0	0.0
204	__ribosome	23.8	0.0	0.0
204	__rnase_site_ext	15.8	0.0	0.0
204	p0	1.0	0.0	0.0
204	protein1	868.0	15.8	1.7507866
204	protein2	865.2	17.6	1.7564151999999997
204	protein3	585.2	10.8	1.6549884
204	r2	10.6	0.0	0.0
204	rnapol	0.4	0.0	0.0
205	__protein1_rbs	9.6	0.0	0.0
205	__protein2_rbs	11.8	0.0	0.0
205	__protein3_rbs	7.2	0.0	0.0
205	__ribosome	21.0	0.0	0.0
205	__rnase_site_ext	16.0	0.0	0.0
205	p0	0.6	0.0	0.0
205	protein1	872.4	15.8	1.9151046000000003
205	protein2	871.2	17.6	1.7451651999999997
205	protein3	588.4	11.0	1.6952450000000001
205	r2	10.6	0.0	0.0
205	rnapol	0.6	0.0	0.0
206	__protein1_rbs	9.8	0.0	0.0
206	__protein2_rbs	11.4	0.0	0.0
206	__protein3_rbs	7.4	0.0	0.0
206	__ribosome	23.6	0.0	0.0
206	__rnase_site_ext	16.2	0.0	0.0
206	p0	0.8	0.0	0.0
206	protein1	880.4	16.0	1.7385620000000004
206	protein2	878.2	17.4	1.7064664
206	protein3	592.0	11.2	1.7103594000000002
206	r2	10.8	0.0	0.0
206	rnapol	1.0	0.0	0.0
207	__protein1_rbs	11.6	0.0	0.0
207	__protein2_rbs	12.2	0.0	0.0
207	__protein3_rbs	7.2	0.0	0.0
207	__ribosome	25.8	0.0	0.0
207	__rnase_site_ext	16.6	0.0	0.0
207	p0	0.6	0.0	0.0
207	protein1	884.8	16.0	1.7343976000000003
207	protein2	886.0	17.6	1.6000623999999999
207	protein3	596.6	11.2	1.6547651999999997
207	r2	11.0	0.0	0.0
207	rnapol	0.6	0.0	0.0
208	__protein1_rbs	11.0	0.0	0.0
208	__protein2_rbs	12.2	0.0	0.0
208	__protein3_rbs	7.4	0.0	0.0
208	__ribosome	25.6	0.0	0.0
208	__rnase_site_ext	17.0	0.0	0.0
208	p0	0.6	0.0	0.0
208	protein1	891.2	16.4	1.6868113999999998
208	protein2	892.0	17.4	1.6127200000000002
208	protein3	600.0	11.0	1.7013203999999995
208	r2	11.0	0.0	0.0
208	rnapol	0.2	0.0	0.0
209	__protein1_rbs	12.2	0.0	0.0
209	__protein2_rbs	11.8	0.0	0.0
209	__protein3_rbs	8.4	0.0	0.0
209	__ribosome	29.0	0.0	0.0
209	__rnase_site_ext	16.8	0.0	0.0
209	p0	1.0	0.0	0.0
209	protein1	898.8	16.8	1.5120095999999998
209	protein2	897.8	17.4	1.6479700000000002
209	protein3	604.2	11.0	1.577987
209	r2	11.4	0.0	0.0
209	rnapol	0.4	0.0	0.0
210	__protein1_rbs	10.6	0.0	0.0
210	__protein2_rbs	9.6	0.0	0.0
210	__protein3_rbs	6.6	0.0	0.0
210	__ribosome	25.4	0.0	0.0
210	__rnase_site_ext	16.2	0.0	0.0
210	p0	1.0	0.0	0.0
210	protein1	904.8	16.6	1.5860622000000002
210	protein2	904.0	17.0	1.7887304
210	protein3	608.0	11.0	1.6729439999999998
210	r2	11.2	0.0	0.0
210	rnapol	0.6	0.0	0.0
211	__protein1_rbs	12.0	0.0	0.0
211	__protein2_rbs	11.4	0.0	0.0
211	__protein3_rbs	6.4	0.0	0.0
211	__ribosome	25.6	0.0	0.0
211	__rnase_site_ext	16.0	0.0	0.0
211	p0	1.0	0.0	0.0
211	protein1	910.0	16.4	1.5992156000000002
211	protein2	909.8	16.8	1.8069842
211	protein3	612.6	11.0	1.7396106000000002
211	r2	11.4	0.0	0.0
211	rnapol	0.4	0.0	0.0
212	__protein1_rbs	9.8	0.0	0.0
212	__protein2_rbs	10.4	0.0	0.0
212	__protein3_rbs	5.8	0.0	0.0
212	__ribosome	25.8	0.0	0.0
212	__rnase_site_ext	15.8	0.0	0.0
212	p0	0.8	0.0	0.0
212	protein1	915.6	16.0	1.6992362
212	protein2	918.0	16.8	1.6992250000000002
212	protein3	617.0	11.4	1.7288462000000002
212	r2	11.2	0.0	0.0
212	rnapol	0.8	0.0	0.0
213	__protein1_rbs	10.6	0.0	0.0
213	__protein2_rbs	10.4	0.0	0.0
213	__protein3_rbs	6.4	0.0	0.0
213	__ribosome	22.6	0.0	0.0
213	__rnase_site_ext	16.4	0.0	0.0
213	p0	0.6	0.0	0.0
213	protein1	922.2	15.8	1.6773110000000002
213	protein2	922.6	16.4	1.8415311999999997
213	protein3	620.0	11.6	1.8277778
213	r2	11.4	0.0	0.0
213	rnapol	0.4	0.0	0.0
214	__protein1_rbs	11.8	0.0	0.0
214	__protein2_rbs	10.4	0.0	0.0
214	__protein3_rbs	8.2	0.0	0.0
214	__ribosome	24.2	0.0	0.0
214	__rnase_site_ext	16.4	0.0	0.0
214	p0	0.6	0.0	0.0
214	protein1	927.6	16.2	1.5698747999999998
214	protein2	930.0	16.8	1.7494281999999999
214	protein3	623.2	11.6	1.8358974
214	r2	11.2	0.0	0.0
214	rnapol	0.2	0.0	0.0
215	__protein1_rbs	11.6	0.0	0.0
215	__protein2_rbs	10.6	0.0	0.0
215	__protein3_rbs	8.0	0.0	0.0
215	__ribosome	25.0	0.0	0.0
215	__rnase_site_ext	16.8	0.0	0.0
215	p0	0.6	0.0	0.0
215	protein1	933.6	16.4	1.5381285999999998
215	protein2	936.8	17.2	1.7242043999999999
215	protein3	627.6	11.6	1.751049
215	r2	10.8	0.0	0.0
215	rnapol	0.2	0.0	0.0
216	__protein1_rbs	12.2	0.0	0.0
216	__protein2_rbs	11.0	0.0	0.0
216	__protein3_rbs	7.2	0.0	0.0
216	__ribosome	24.0	0.0	0.0
216	__rnase_site_ext	16.8	0.0	0.0
216	p0	1.0	0.0	0.0
216	protein1	939.8	16.8	1.4417106000000002
216	protein2	942.2	17.0	1.8475154
216	protein3	632.8	11.8	1.7370164000000003
216	r2	11.0	0.0	0.0
216	rnapol	0.2	0.0	0.0
217	__protein1_rbs	9.8	0.0	0.0
217	__protein2_rbs	12.8	0.0	0.0
217	__protein3_rbs	7.2	0.0	0.0
217	__ribosome	24.4	0.0	0.0
217	__rnase_site_ext	16.4	0.0	0.0
217	p0	1.0	0.0	0.0
217	protein1	944.8	16.8	1.5948692000000002
217	protein2	949.0	17.2	1.6922712
217	protein3	637.8	11.4	1.7584616000000002
217	r2	11.0	0.0	0.0
217	rnapol	0.6	0.0	0.0
218	__protein1_rbs	8.6	0.0	0.0
218	__protein2_rbs	12.8	0.0	0.0
218	__protein3_rbs	8.6	0.0	0.0
218	__ribosome	24.6	0.0	0.0
218	__rnase_site_ext	16.4	0.0	0.0
218	p0	0.8	0.0	0.0
218	protein1	950.8	16.6	1.7394841999999997
218	protein2	956.2	17.2	1.6508006000000002
218	protein3	643.0	11.4	1.6389741999999998
218	r2	11.0	0.0	0.0
218	rnapol	0.6	0.0	0.0
219	__protein1_rbs	10.6	0.0	0.0
219	__protein2_rbs	12.0	0.0	0.0
219	__protein3_rbs	7.6	0.0	0.0
219	__ribosome	23.0	0.0	0.0
219	__rnase_site_ext	16.4	0.0	0.0
219	p0	1.0	0.0	0.0
219	protein1	956.0	16.4	1.7716738
219	protein2	962.2	17.2	1.641536
219	protein3	645.8	11.6	1.7319348
219	r2	11.8	0.0	0.0
219	rnapol	0.6	0.0	0.0
220	__protein1_rbs	10.6	0.0	0.0
220	__protein2_rbs	10.8	0.0	0.0
220	__protein3_rbs	7.4	0.0	0.0
220	__ribosome	22.6	0.0	0.0
220	__rnase_site_ext	16.2	0.0	0.0
220	p0	0.6	0.0	0.0
220	protein1	961.4	16.4	1.8177636000000001
220	protein2	969.2	17.2	1.6391175999999998
220	protein3	650.4	11.2	1.7829138
220	r2	11.6	0.0	0.0
220	rnapol	0.4	0.0	0.0
221	__protein1_rbs	10.6	0.0	0.0
221	__protein2_rbs	10.4	0.0	0.0
221	__protein3_rbs	7.0	0.0	0.0
221	__ribosome	20.4	0.0	0.0
221	__rnase_site_ext	16.4	0.0	0.0
221	p0	1.0	0.0	0.0
221	protein1	967.8	16.2	1.7938748
221	protein2	974.2	17.8	1.714155
221	protein3	654.4	11.2	1.8209558
221	r2	11.8	0.0	0.0
221	rnapol	0.4	0.0	0.0
222	__protein1_rbs	12.4	0.0	0.0
222	__protein2_rbs	13.2	0.0	0.0
222	__protein3_rbs	8.2	0.0	0.0
222	__ribosome	24.8	0.0	0.0
222	__rnase_site_ext	16.0	0.0	0.0
222	p0	1.0	0.0	0.0
222	protein1	974.0	16.2	1.6940802
222	protein2	980.8	18.0	1.6362012
222	protein3	659.8	11.6	1.6134501999999995
222	r2	11.6	0.0	0.0
222	rnapol	0.6	0.0	0.0
223	__protein1_rbs	10.2	0.0	0.0
223	__protein2_rbs	12.2	0.0	0.0
223	__protein3_rbs	7.4	0.0	0.0
223	__ribosome	26.6	0.0	0.0
223	__rnase_site_ext	16.4	0.0	0.0
223	p0	0.8	0.0	0.0
223	protein1	982.0	16.0	1.5886086000000001
223	protein2	987.4	17.8	1.5983978
223	protein3	663.8	11.8	1.6820277999999995
223	r2	11.6	0.0	0.0
223	rnapol	0.2	0.0	0.0
224	__protein1_rbs	10.6	0.0	0.0
224	__protein2_rbs	11.4	0.0	0.0
224	__protein3_rbs	8.2	0.0	0.0
224	__ribosome	26.6	0.0	0.0
224	__rnase_site_ext	16.4	0.0	0.0
224	p0	1.0	0.0	0.0
224	protein1	987.4	16.2	1.5791596
224	protein2	993.8	17.6	1.6537540000000002
224	protein3	668.2	11.8	1.6116549999999998
224	r2	11.6	0.0	0.0
224	rnapol	0.2	0.0	0.0
225	__protein1_rbs	10.4	0.0	0.0
225	__protein2_rbs	10.6	0.0	0.0
225	__protein3_rbs	8.0	0.0	0.0
225	__ribosome	25.2	0.0	0.0
225	__rnase_site_ext	16.4	0.0	0.0
225	p0	1.0	0.0	0.0
225	protein1	993.2	16.4	1.5411204
225	protein2	1000.4	17.8	1.6881656000000003
225	protein3	672.0	11.8	1.6609324
225	r2	11.8	0.0	0.0
225	rnapol	0.4	0.0	0.0
226	__protein1_rbs	10.4	0.0	0.0
226	__protein2_rbs	11.6	0.0	0.0
226	__protein3_rbs	8.2	0.0	0.0
226	__ribosome	24.6	0.0	0.0
226	__rnase_site_ext	16.4	0.0	0.0
226	p0	1.0	0.0	0.0
226	protein1	998.0	16.4	1.6338746000000002
226	protein2	1007.0	17.4	1.7159056000000001
226	protein3	676.2	11.8	1.6385546000000002
226	r2	11.8	0.0	0.0
226	rnapol	0.8	0.0	0.0
227	__protein1_rbs	10.4	0.0	0.0
227	__protein2_rbs	12.0	0.0	0.0
227	__protein3_rbs	7.8	0.0	0.0
227	__ribosome	25.8	0.0	0.0
227	__rnase_site_ext	16.4	0.0	0.0
227	p0	0.8	0.0	0.0
227	protein1	1005.2	16.4	1.5904178000000002
227	protein2	1013.0	17.4	1.7491486000000005
227	protein3	681.6	11.8	1.515671
227	r2	12.0	0.0	0.0
227	rnapol	0.8	0.0	0.0
228	__protein1_rbs	10.2	0.0	0.0
228	__protein2_rbs	12.6	0.0	0.0
228	__protein3_rbs	8.0	0.0	0.0
228	__ribosome	21.4	0.0	0.0
228	__rnase_site_ext	17.0	0.0	0.0
228	p0	0.4	0.0	0.0
228	protein1	1008.4	16.4	1.7641454
228	protein2	1019.2	17.4	1.7365970000000002
228	protein3	684.6	11.8	1.6633768
228	r2	12.0	0.0	0.0
228	rnapol	0.4	0.0	0.0
229	__protein1_rbs	12.2	0.0	0.0
229	__protein2_rbs	12.2	0.0	0.0
229	__protein3_rbs	8.2	0.0	0.0
229	__ribosome	23.6	0.0	0.0
229	__rnase_site_ext	16.8	0.0	0.0
229	p0	1.0	0.0	0.0
229	protein1	1015.0	16.6	1.7007352
229	protein2	1026.6	17.4	1.6285775999999998
229	protein3	689.0	12.2	1.6333799999999998
229	r2	12.2	0.0	0.0
229	rnapol	0.8	0.0	0.0
230	__protein1_rbs	11.0	0.0	0.0
230	__protein2_rbs	11.6	0.0	0.0
230	__protein3_rbs	7.4	0.0	0.0
230	__ribosome	23.6	0.0	0.0
230	__rnase_site_ext	17.0	0.0	0.0
230	p0	0.6	0.0	0.0
230	protein1	1021.2	16.8	1.7239148000000002
230	protein2	1033.2	17.2	1.592974
230	protein3	693.2	12.2	1.6788502
230	r2	12.2	0.0	0.0
230	rnapol	0.4	0.0	0.0
231	__protein1_rbs	11.0	0.0	0.0
231	__protein2_rbs	11.8	0.0	0.0
231	__protein3_rbs	7.2	0.0	0.0
231	__ribosome	24.2	0.0	0.0
231	__rnase_site_ext	17.4	0.0	0.0
231	p0	0.8	0.0	0.0
231	protein1	1028.2	17.0	1.6856208
231	protein2	1040.8	17.2	1.4777778
231	protein3	696.8	12.2	1.8074594
231	r2	12.4	0.0	0.0
231	rnapol	0.2	0.0	0.0
232	__protein1_rbs	11.0	0.0	0.0
232	__protein2_rbs	11.4	0.0	0.0
232	__protein3_rbs	8.4	0.0	0.0
232	__ribosome	24.0	0.0	0.0
232	__rnase_site_ext	17.2	0.0	0.0
232	p0	1.0	0.0	0.0
232	protein1	1033.2	17.4	1.7719298
232	protein2	1047.0	17.4	1.485539
232	protein3	703.0	12.4	1.5808394
232	r2	11.6	0.0	0.0
232	rnapol	0.8	0.0	0.0
233	__protein1_rbs	11.8	0.0	0.0
233	__protein2_rbs	12.2	0.0	0.0
233	__protein3_rbs	8.2	0.0	0.0
233	__ribosome	24.0	0.0	0.0
233	__rnase_site_ext	16.8	0.0	0.0
233	p0	0.8	0.0	0.0
233	protein1	1040.8	17.4	1.6985966
233	protein2	1052.0	17.4	1.5071078000000002
233	protein3	706.4	12.2	1.6861540000000002
233	r2	11.2	0.0	0.0
233	rnapol	1.0	0.0	0.0
234	__protein1_rbs	11.0	0.0	0.0
234	__protein2_rbs	11.6	0.0	0.0
234	__protein3_rbs	8.2	0.0	0.0
234	__ribosome	23.2	0.0	0.0
234	__rnase_site_ext	17.0	0.0	0.0
234	p0	1.0	0.0	0.0
234	protein1	1046.4	16.8	1.7512721999999998
234	protein2	1058.0	16.8	1.5821732000000002
234	protein3	710.2	12.4	1.7098833999999998
234	r2	11.2	0.0	0.0
234	rnapol	0.8	0.0	0.0
235	__protein1_rbs	12.6	0.0	0.0
235	__protein2_rbs	11.0	0.0	0.0
235	__protein3_rbs	9.0	0.0	0.0
235	__ribosome	24.8	0.0	0.0
235	__rnase_site_ext	17.4	0.0	0.0
235	p0	0.6	0.0	0.0
235	protein1	1053.4	17.2	1.6410966000000002
235	protein2	1063.4	16.8	1.6433826
235	protein3	715.6	12.4	1.6124476
235	r2	11.0	0.0	0.0
235	rnapol	0.6	0.0	0.0
236	__protein1_rbs	11.0	0.0	0.0
236	__protein2_rbs	13.0	0.0	0.0
236	__protein3_rbs	7.6	0.0	0.0
236	__ribosome	25.0	0.0	0.0
236	__rnase_site_ext	17.8	0.0	0.0
236	p0	0.8	0.0	0.0
236	protein1	1060.2	17.4	1.6577246
236	protein2	1069.6	17.4	1.5101462
236	protein3	719.8	12.2	1.6778554
236	r2	11.2	0.0	0.0
236	rnapol	0.2	0.0	0.0
237	__protein1_rbs	11.0	0.0	0.0
237	__protein2_rbs	11.0	0.0	0.0
237	__protein3_rbs	8.6	0.0	0.0
237	__ribosome	24.8	0.0	0.0
237	__rnase_site_ext	17.8	0.0	0.0
237	p0	0.8	0.0	0.0
237	protein1	1065.8	17.8	1.6790712
237	protein2	1076.6	17.6	1.5142982
237	protein3	724.8	11.8	1.6345454
237	r2	10.8	0.0	0.0
237	rnapol	0.2	0.0	0.0
238	__protein1_rbs	11.6	0.0	0.0
238	__protein2_rbs	10.2	0.0	0.0
238	__protein3_rbs	7.6	0.0	0.0
238	__ribosome	22.4	0.0	0.0
238	__rnase_site_ext	17.6	0.0	0.0
238	p0	1.0	0.0	0.0
238	protein1	1073.4	17.8	1.6246782
238	protein2	1081.8	17.8	1.6652778
238	protein3	729.4	11.6	1.7187588000000005
238	r2	10.8	0.0	0.0
238	rnapol	0.2	0.0	0.0
239	__protein1_rbs	12.0	0.0	0.0
239	__protein2_rbs	11.6	0.0	0.0
239	__protein3_rbs	8.6	0.0	0.0
239	__ribosome	21.4	0.0	0.0
239	__rnase_site_ext	17.6	0.0	0.0
239	p0	1.0	0.0	0.0
239	protein1	1078.2	17.6	1.6969118000000003
239	protein2	1087.6	18.0	1.6935088
239	protein3	733.8	11.6	1.6628872
239	r2	10.8	0.0	0.0
239	rnapol	0.2	0.0	0.0
240	__protein1_rbs	11.4	0.0	0.0
240	__protein2_rbs	11.0	0.0	0.0
240	__protein3_rbs	7.4	0.0	0.0
240	__ribosome	21.0	0.0	0.0
240	__rnase_site_ext	17.6	0.0	0.0
240	p0	1.0	0.0	0.0
240	protein1	1085.4	17.6	1.6470098000000002
240	protein2	1093.6	17.8	1.792544
240	protein3	738.2	11.2	1.6667834
240	r2	11.0	0.0	0.0
240	rnapol	0.2	0.0	0.0
241	__protein1_rbs	10.4	0.0	0.0
241	__protein2_rbs	10.8	0.0	0.0
241	__protein3_rbs	8.2	0.0	0.0
241	__ribosome	22.6	0.0	0.0
241	__rnase_site_ext	17.4	0.0	0.0
241	p0	0.8	0.0	0.0
241	protein1	1093.4	17.6	1.599804
241	protein2	1099.8	17.6	1.834956
241	protein3	742.8	11.2	1.5832166
241	r2	11.4	0.0	0.0
241	rnapol	0.2	0.0	0.0
242	__protein1_rbs	12.6	0.0	0.0
242	__protein2_rbs	11.4	0.0	0.0
242	__protein3_rbs	7.2	0.0	0.0
242	__ribosome	21.8	0.0	0.0
242	__rnase_site_ext	17.2	0.0	0.0
242	p0	0.8	0.0	0.0
242	protein1	1098.6	17.4	1.6385966
242	protein2	1107.0	18.0	1.7751634000000005
242	protein3	746.4	11.0	1.658003
242	r2	11.8	0.0	0.0
242	rnapol	0.4	0.0	0.0
243	__protein1_rbs	9.8	0.0	0.0
243	__protein2_rbs	12.8	0.0	0.0
243	__protein3_rbs	9.4	0.0	0.0
243	__ribosome	22.2	0.0	0.0
243	__rnase_site_ext	17.2	0.0	0.0
243	p0	0.8	0.0	0.0
243	protein1	1104.2	17.2	1.8329824
243	protein2	1114.4	18.6	1.6311364000000002
243	protein3	751.2	11.4	1.4217460000000002
243	r2	11.8	0.0	0.0
243	rnapol	0.4	0.0	0.0
244	__protein1_rbs	12.2	0.0	0.0
244	__protein2_rbs	13.4	0.0	0.0
244	__protein3_rbs	8.8	0.0	0.0
244	__ribosome	24.2	0.0	0.0
244	__rnase_site_ext	17.0	0.0	0.0
244	p0	0.8	0.0	0.0
244	protein1	1112.2	17.4	1.6908586
244	protein2	1121.4	19.0	1.5837302000000002
244	protein3	754.8	11.4	1.4726552000000002
244	r2	11.8	0.0	0.0
244	rnapol	0.2	0.0	0.0
245	__protein1_rbs	10.4	0.0	0.0
245	__protein2_rbs	14.0	0.0	0.0
245	__protein3_rbs	7.4	0.0	0.0
245	__ribosome	23.4	0.0	0.0
245	__rnase_site_ext	17.0	0.0	0.0
245	p0	1.0	0.0	0.0
245	protein1	1118.4	17.0	1.7960778000000002
245	protein2	1129.2	19.0	1.5158732
245	protein3	758.6	11.6	1.5384848
245	r2	11.8	0.0	0.0
245	rnapol	0.6	0.0	0.0
246	__protein1_rbs	10.2	0.0	0.0
246	__protein2_rbs	12.2	0.0	0.0
246	__protein3_rbs	9.2	0.0	0.0
246	__ribosome	23.0	0.0	0.0
246	__rnase_site_ext	16.8	0.0	0.0
246	p0	0.8	0.0	0.0
246	protein1	1124.4	17.0	1.8513166
246	protein2	1135.6	19.0	1.5880953999999998
246	protein3	763.0	11.8	1.3697590000000002
246	r2	12.0	0.0	0.0
246	rnapol	0.8	0.0	0.0
247	__protein1_rbs	11.4	0.0	0.0
247	__protein2_rbs	13.8	0.0	0.0
247	__protein3_rbs	9.0	0.0	0.0
247	__ribosome	26.2	0.0	0.0
247	__rnase_site_ext	17.0	0.0	0.0
247	p0	0.8	0.0	0.0
247	protein1	1131.2	17.0	1.7782633999999995
247	protein2	1142.4	18.8	1.5331224
247	protein3	766.6	12.0	1.2848406
247	r2	12.4	0.0	0.0
247	rnapol	0.8	0.0	0.0
248	__protein1_rbs	12.6	0.0	0.0
248	__protein2_rbs	11.6	0.0	0.0
248	__protein3_rbs	7.6	0.0	0.0
248	__ribosome	26.4	0.0	0.0
248	__rnase_site_ext	17.2	0.0	0.0
248	p0	0.6	0.0	0.0
248	protein1	1139.2	17.2	1.5906862
248	protein2	1148.8	18.4	1.6202777999999998
248	protein3	769.6	12.0	1.4440636000000002
248	r2	12.8	0.0	0.0
248	rnapol	0.4	0.0	0.0
249	__protein1_rbs	10.2	0.0	0.0
249	__protein2_rbs	10.8	0.0	0.0
249	__protein3_rbs	7.4	0.0	0.0
249	__ribosome	23.8	0.0	0.0
249	__rnase_site_ext	17.4	0.0	0.0
249	p0	0.8	0.0	0.0
249	protein1	1146.8	17.2	1.5897526000000002
249	protein2	1156.0	18.4	1.6745098000000005
249	protein3	773.6	11.8	1.5670746000000002
249	r2	12.6	0.0	0.0
249	rnapol	0.8	0.0	0.0
250	__protein1_rbs	12.8	0.0	0.0
250	__protein2_rbs	12.4	0.0	0.0
250	__protein3_rbs	7.8	0.0	0.0
250	__ribosome	22.8	0.0	0.0
250	__rnase_site_ext	17.8	0.0	0.0
250	p0	0.8	0.0	0.0
250	protein1	1151.8	17.2	1.6028480000000005
250	protein2	1162.0	18.6	1.6640708
250	protein3	777.0	12.0	1.6152368000000001
250	r2	12.4	0.0	0.0
250	rnapol	0.4	0.0	0.0
