time	species	protein	transcript	ribo_density
0	__protein1_rbs	0.0	0.0	0.0
0	__protein2_rbs	0.0	0.0	0.0
0	__protein3_rbs	0.0	0.0	0.0
0	__ribosome	100.0	0.0	0.0
0	__rnase_site_ext	0.0	0.0	0.0
0	p0	1.0	0.0	0.0
0	p1	1.0	0.0	0.0
0	p2	1.0	0.0	0.0
0	r2	0.0	0.0	0.0
0	rnapol	4.0	0.0	0.0
1	__protein1_rbs	0.0	0.0	0.0
1	__protein2_rbs	0.0	0.0	0.0
1	__protein3_rbs	0.0	0.0	0.0
1	__ribosome	100.0	0.0	0.0
1	__rnase_site_ext	1.2	0.0	0.0
1	p0	0.0	0.0	0.0
1	p1	0.8	0.0	0.0
1	p2	1.0	0.0	0.0
1	r2	0.0	0.0	0.0
1	rnapol	2.8	0.0	0.0
2	__protein1_rbs	0.4	0.0	0.0
2	__protein2_rbs	0.0	0.0	0.0
2	__protein3_rbs	0.0	0.0	0.0
2	__ribosome	99.6	0.0	0.0
2	__rnase_site_ext	2.2	0.0	0.0
2	p0	0.4	0.0	0.0
2	p1	0.8	0.0	0.0
2	p2	1.0	0.0	0.0
2	protein1	0.0	0.8	0.4
2	r2	0.0	0.0	0.0
2	rnapol	2.0	0.0	0.0
3	__protein1_rbs	1.0	0.0	0.0
3	__protein2_rbs	0.0	0.0	0.0
3	__protein3_rbs	0.0	0.0	0.0
3	__ribosome	98.8	0.0	0.0
3	__rnase_site_ext	2.4	0.0	0.0
3	p0	0.8	0.0	0.0
3	p1	1.0	0.0	0.0
3	p2	1.0	0.0	0.0
3	protein1	0.0	1.2	0.9
3	protein2	0.0	0.2	0.2
3	r2	0.0	0.0	0.0
3	rnapol	1.8	0.0	0.0
4	__protein1_rbs	0.4	0.0	0.0
4	__protein2_rbs	0.0	0.0	0.0
4	__protein3_rbs	0.0	0.0	0.0
4	__ribosome	97.0	0.0	0.0
4	__rnase_site_ext	2.8	0.0	0.0
4	p0	0.4	0.0	0.0
4	p1	1.0	0.0	0.0
4	p2	1.0	0.0	0.0
4	protein1	0.0	1.8	1.4
4	protein2	0.0	0.4	0.6
4	r2	0.0	0.0	0.0
4	rnapol	1.2	0.0	0.0
5	__protein1_rbs	0.8	0.0	0.0
5	__protein2_rbs	0.4	0.0	0.0
5	__protein3_rbs	0.0	0.0	0.0
5	__ribosome	96.0	0.0	0.0
5	__rnase_site_ext	3.4	0.0	0.0
5	p0	0.4	0.0	0.0
5	p1	1.0	0.0	0.0
5	p2	1.0	0.0	0.0
5	protein1	0.0	1.8	2.1666666
5	protein2	0.0	0.4	0.6
5	r2	0.0	0.0	0.0
5	rnapol	0.6	0.0	0.0
6	__protein1_rbs	1.0	0.0	0.0
6	__protein2_rbs	0.0	0.0	0.0
6	__protein3_rbs	0.0	0.0	0.0
6	__ribosome	94.2	0.0	0.0
6	__rnase_site_ext	3.6	0.0	0.0
6	p0	1.0	0.0	0.0
6	p1	1.0	0.0	0.0
6	p2	1.0	0.0	0.0
6	protein1	0.0	2.4	2.0333334
6	protein2	0.0	0.4	1.0
6	r2	0.0	0.0	0.0
6	rnapol	0.6	0.0	0.0
7	__protein1_rbs	0.6	0.0	0.0
7	__protein2_rbs	0.0	0.0	0.0
7	__protein3_rbs	0.0	0.0	0.0
7	__ribosome	92.4	0.0	0.0
7	__rnase_site_ext	3.6	0.0	0.0
7	p0	0.8	0.0	0.0
7	p1	1.0	0.0	0.0
7	p2	0.8	0.0	0.0
7	protein1	0.4	2.8	2.45
7	protein2	0.2	0.4	1.2
7	r2	0.0	0.0	0.0
7	rnapol	0.4	0.0	0.0
8	__protein1_rbs	0.8	0.0	0.0
8	__protein2_rbs	0.2	0.0	0.0
8	__protein3_rbs	0.0	0.0	0.0
8	__ribosome	90.8	0.0	0.0
8	__rnase_site_ext	4.0	0.0	0.0
8	p0	0.8	0.0	0.0
8	p1	0.0	0.0	0.0
8	p2	0.6	0.0	0.0
8	protein1	1.0	2.8	2.9
8	protein2	0.2	0.4	1.4
8	r2	0.0	0.0	0.0
8	rnapol	0.2	0.0	0.0
9	__protein1_rbs	0.8	0.0	0.0
9	__protein2_rbs	0.0	0.0	0.0
9	__protein3_rbs	0.0	0.0	0.0
9	__ribosome	89.6	0.0	0.0
9	__rnase_site_ext	4.2	0.0	0.0
9	p0	1.0	0.0	0.0
9	p1	0.4	0.0	0.0
9	p2	0.8	0.0	0.0
9	protein1	2.0	3.0	2.9333334
9	protein2	0.4	0.4	1.6
9	r2	0.0	0.0	0.0
9	rnapol	0.0	0.0	0.0
10	__protein1_rbs	0.8	0.0	0.0
10	__protein2_rbs	0.6	0.0	0.0
10	__protein3_rbs	0.0	0.0	0.0
10	__ribosome	89.0	0.0	0.0
10	__rnase_site_ext	4.2	0.0	0.0
10	p0	1.0	0.0	0.0
10	p1	0.4	0.0	0.0
10	p2	1.0	0.0	0.0
10	protein1	3.0	3.4	2.8
10	protein2	0.6	0.8	1.1
10	r2	0.0	0.0	0.0
10	rnapol	0.0	0.0	0.0
11	__protein1_rbs	0.8	0.0	0.0
11	__protein2_rbs	0.2	0.0	0.0
11	__protein3_rbs	0.0	0.0	0.0
11	__ribosome	87.4	0.0	0.0
11	__rnase_site_ext	4.2	0.0	0.0
11	p0	1.0	0.0	0.0
11	p1	0.6	0.0	0.0
11	p2	1.0	0.0	0.0
11	protein1	4.6	3.4	3.0333334
11	protein2	1.0	1.4	1.3
11	r2	0.2	0.0	0.0
11	rnapol	0.0	0.0	0.0
12	__protein1_rbs	1.4	0.0	0.0
12	__protein2_rbs	1.0	0.0	0.0
12	__protein3_rbs	0.2	0.0	0.0
12	__ribosome	87.0	0.0	0.0
12	__rnase_site_ext	4.2	0.0	0.0
12	p0	1.0	0.0	0.0
12	p1	0.2	0.0	0.0
12	p2	1.0	0.0	0.0
12	protein1	6.4	3.4	3.0666667999999997
12	protein2	1.4	1.8	1.3
12	protein3	0.0	0.2	0.0
12	r2	0.4	0.0	0.0
12	rnapol	0.0	0.0	0.0
13	__protein1_rbs	1.4	0.0	0.0
13	__protein2_rbs	0.8	0.0	0.0
13	__protein3_rbs	0.2	0.0	0.0
13	__ribosome	86.0	0.0	0.0
13	__rnase_site_ext	4.2	0.0	0.0
13	p0	1.0	0.0	0.0
13	p1	0.4	0.0	0.0
13	p2	1.0	0.0	0.0
13	protein1	8.6	3.4	2.9333334
13	protein2	1.4	2.0	1.8666666
13	protein3	0.0	0.4	0.2
13	r2	0.4	0.0	0.0
13	rnapol	0.0	0.0	0.0
14	__protein1_rbs	2.0	0.0	0.0
14	__protein2_rbs	1.6	0.0	0.0
14	__protein3_rbs	0.2	0.0	0.0
14	__ribosome	84.6	0.0	0.0
14	__rnase_site_ext	4.2	0.0	0.0
14	p0	1.0	0.0	0.0
14	p1	0.6	0.0	0.0
14	p2	0.6	0.0	0.0
14	protein1	9.6	3.4	3.0333332000000004
14	protein2	1.8	2.8	1.6333334000000002
14	protein3	0.0	0.4	0.4
14	r2	0.4	0.0	0.0
14	rnapol	0.0	0.0	0.0
15	__protein1_rbs	1.0	0.0	0.0
15	__protein2_rbs	0.8	0.0	0.0
15	__protein3_rbs	0.2	0.0	0.0
15	__ribosome	83.0	0.0	0.0
15	__rnase_site_ext	4.2	0.0	0.0
15	p0	0.8	0.0	0.0
15	p1	0.8	0.0	0.0
15	p2	0.6	0.0	0.0
15	protein1	12.2	3.4	2.8333334
15	protein2	2.0	3.0	2.2
15	protein3	0.0	0.4	0.6
15	r2	0.4	0.0	0.0
15	rnapol	0.4	0.0	0.0
16	__protein1_rbs	1.8	0.0	0.0
16	__protein2_rbs	1.0	0.0	0.0
16	__protein3_rbs	0.0	0.0	0.0
16	__ribosome	81.4	0.0	0.0
16	__rnase_site_ext	4.2	0.0	0.0
16	p0	0.8	0.0	0.0
16	p1	0.6	0.0	0.0
16	p2	0.6	0.0	0.0
16	protein1	13.6	3.4	2.9666666
16	protein2	3.2	3.4	2.2333332
16	protein3	0.0	0.4	1.0
16	r2	0.4	0.0	0.0
16	rnapol	0.4	0.0	0.0
17	__protein1_rbs	1.6	0.0	0.0
17	__protein2_rbs	1.0	0.0	0.0
17	__protein3_rbs	0.0	0.0	0.0
17	__ribosome	79.8	0.0	0.0
17	__rnase_site_ext	4.2	0.0	0.0
17	p0	1.0	0.0	0.0
17	p1	0.6	0.0	0.0
17	p2	0.4	0.0	0.0
17	protein1	16.0	3.4	2.88
17	protein2	3.8	3.4	2.7333332
17	protein3	0.0	0.4	1.4
17	r2	0.4	0.0	0.0
17	rnapol	0.8	0.0	0.0
18	__protein1_rbs	1.4	0.0	0.0
18	__protein2_rbs	1.8	0.0	0.0
18	__protein3_rbs	0.2	0.0	0.0
18	__ribosome	79.8	0.0	0.0
18	__rnase_site_ext	4.6	0.0	0.0
18	p0	0.6	0.0	0.0
18	p1	1.0	0.0	0.0
18	p2	0.2	0.0	0.0
18	protein1	18.2	3.4	2.8133334000000003
18	protein2	5.4	3.6	2.6
18	protein3	0.2	0.4	1.4
18	r2	0.4	0.0	0.0
18	rnapol	1.0	0.0	0.0
19	__protein1_rbs	1.4	0.0	0.0
19	__protein2_rbs	1.2	0.0	0.0
19	__protein3_rbs	0.2	0.0	0.0
19	__ribosome	77.6	0.0	0.0
19	__rnase_site_ext	4.8	0.0	0.0
19	p0	0.8	0.0	0.0
19	p1	1.0	0.0	0.0
19	p2	0.8	0.0	0.0
19	protein1	19.6	3.4	2.92
19	protein2	6.4	4.0	2.8
19	protein3	0.4	0.4	1.4
19	r2	0.6	0.0	0.0
19	rnapol	1.4	0.0	0.0
20	__protein1_rbs	1.0	0.0	0.0
20	__protein2_rbs	2.2	0.0	0.0
20	__protein3_rbs	0.2	0.0	0.0
20	__ribosome	76.6	0.0	0.0
20	__rnase_site_ext	5.4	0.0	0.0
20	p0	1.0	0.0	0.0
20	p1	0.8	0.0	0.0
20	p2	0.8	0.0	0.0
20	protein1	21.6	4.0	2.7833334
20	protein2	8.4	4.0	2.7
20	protein3	0.6	0.6	1.6
20	r2	0.8	0.0	0.0
20	rnapol	1.2	0.0	0.0
21	__protein1_rbs	2.2	0.0	0.0
21	__protein2_rbs	0.6	0.0	0.0
21	__protein3_rbs	0.0	0.0	0.0
21	__ribosome	74.4	0.0	0.0
21	__rnase_site_ext	6.2	0.0	0.0
21	p0	0.6	0.0	0.0
21	p1	0.8	0.0	0.0
21	p2	0.8	0.0	0.0
21	protein1	23.4	4.4	2.5
21	protein2	9.8	4.0	3.2
21	protein3	1.0	0.8	1.4
21	r2	0.8	0.0	0.0
21	rnapol	0.4	0.0	0.0
22	__protein1_rbs	2.4	0.0	0.0
22	__protein2_rbs	2.6	0.0	0.0
22	__protein3_rbs	0.4	0.0	0.0
22	__ribosome	75.2	0.0	0.0
22	__rnase_site_ext	6.4	0.0	0.0
22	p0	0.6	0.0	0.0
22	p1	1.0	0.0	0.0
22	p2	0.6	0.0	0.0
22	protein1	25.4	5.0	2.42
22	protein2	13.0	4.0	2.84
22	protein3	1.4	0.8	1.4
22	r2	0.8	0.0	0.0
22	rnapol	0.0	0.0	0.0
23	__protein1_rbs	1.0	0.0	0.0
23	__protein2_rbs	1.2	0.0	0.0
23	__protein3_rbs	0.4	0.0	0.0
23	__ribosome	73.0	0.0	0.0
23	__rnase_site_ext	6.6	0.0	0.0
23	p0	0.8	0.0	0.0
23	p1	0.8	0.0	0.0
23	p2	1.0	0.0	0.0
23	protein1	27.8	5.0	2.5866666
23	protein2	14.6	4.2	3.01
23	protein3	1.4	0.8	1.6
23	r2	0.8	0.0	0.0
23	rnapol	0.4	0.0	0.0
24	__protein1_rbs	2.2	0.0	0.0
24	__protein2_rbs	1.2	0.0	0.0
24	__protein3_rbs	0.2	0.0	0.0
24	__ribosome	72.0	0.0	0.0
24	__rnase_site_ext	6.8	0.0	0.0
24	p0	1.0	0.0	0.0
24	p1	0.8	0.0	0.0
24	p2	1.0	0.0	0.0
24	protein1	29.8	5.4	2.5866667999999997
24	protein2	17.6	4.2	2.8466666000000003
24	protein3	1.8	0.8	1.7
24	r2	1.2	0.0	0.0
24	rnapol	0.4	0.0	0.0
25	__protein1_rbs	2.0	0.0	0.0
25	__protein2_rbs	1.6	0.0	0.0
25	__protein3_rbs	0.8	0.0	0.0
25	__ribosome	69.6	0.0	0.0
25	__rnase_site_ext	7.0	0.0	0.0
25	p0	0.6	0.0	0.0
25	p1	0.8	0.0	0.0
25	p2	1.0	0.0	0.0
25	protein1	31.8	5.6	2.6266666
25	protein2	19.0	4.4	3.04
25	protein3	2.0	1.2	1.8
25	r2	1.2	0.0	0.0
25	rnapol	0.4	0.0	0.0
26	__protein1_rbs	3.0	0.0	0.0
26	__protein2_rbs	1.2	0.0	0.0
26	__protein3_rbs	0.6	0.0	0.0
26	__ribosome	70.6	0.0	0.0
26	__rnase_site_ext	7.2	0.0	0.0
26	p0	1.0	0.0	0.0
26	p1	0.4	0.0	0.0
26	p2	0.8	0.0	0.0
26	protein1	34.4	5.6	2.68
26	protein2	22.6	4.4	2.71
26	protein3	2.4	1.2	2.1
26	r2	1.2	0.0	0.0
26	rnapol	0.4	0.0	0.0
27	__protein1_rbs	3.4	0.0	0.0
27	__protein2_rbs	1.8	0.0	0.0
27	__protein3_rbs	0.4	0.0	0.0
27	__ribosome	68.6	0.0	0.0
27	__rnase_site_ext	7.6	0.0	0.0
27	p0	0.8	0.0	0.0
27	p1	0.4	0.0	0.0
27	p2	0.8	0.0	0.0
27	protein1	36.8	6.0	2.5333332000000004
27	protein2	23.8	4.4	3.04
27	protein3	3.0	1.2	2.4
27	r2	1.2	0.0	0.0
27	rnapol	0.2	0.0	0.0
28	__protein1_rbs	1.4	0.0	0.0
28	__protein2_rbs	2.4	0.0	0.0
28	__protein3_rbs	0.4	0.0	0.0
28	__ribosome	67.0	0.0	0.0
28	__rnase_site_ext	7.8	0.0	0.0
28	p0	0.8	0.0	0.0
28	p1	0.4	0.0	0.0
28	p2	1.0	0.0	0.0
28	protein1	39.8	6.2	2.6857144
28	protein2	26.2	4.8	2.7833334
28	protein3	3.6	1.2	2.5
28	r2	1.2	0.0	0.0
28	rnapol	0.2	0.0	0.0
29	__protein1_rbs	2.8	0.0	0.0
29	__protein2_rbs	2.2	0.0	0.0
29	__protein3_rbs	0.4	0.0	0.0
29	__ribosome	67.0	0.0	0.0
29	__rnase_site_ext	7.8	0.0	0.0
29	p0	0.8	0.0	0.0
29	p1	0.4	0.0	0.0
29	p2	1.0	0.0	0.0
29	protein1	42.8	6.6	2.5238094
29	protein2	29.0	5.2	2.5066666
29	protein3	4.0	1.2	2.7
29	r2	1.2	0.0	0.0
29	rnapol	0.0	0.0	0.0
30	__protein1_rbs	1.6	0.0	0.0
30	__protein2_rbs	2.0	0.0	0.0
30	__protein3_rbs	0.2	0.0	0.0
30	__ribosome	64.0	0.0	0.0
30	__rnase_site_ext	8.2	0.0	0.0
30	p0	0.8	0.0	0.0
30	p1	0.4	0.0	0.0
30	p2	0.8	0.0	0.0
30	protein1	46.2	6.6	2.7095238000000004
30	protein2	30.8	5.6	2.5814286
30	protein3	4.2	1.2	3.2
30	r2	1.2	0.0	0.0
30	rnapol	0.2	0.0	0.0
31	__protein1_rbs	3.8	0.0	0.0
31	__protein2_rbs	2.0	0.0	0.0
31	__protein3_rbs	0.6	0.0	0.0
31	__ribosome	64.2	0.0	0.0
31	__rnase_site_ext	8.0	0.0	0.0
31	p0	0.8	0.0	0.0
31	p1	0.6	0.0	0.0
31	p2	1.0	0.0	0.0
31	protein1	49.2	6.8	2.5666666
31	protein2	34.2	6.0	2.4657144000000004
31	protein3	5.0	1.2	3.0
31	r2	1.2	0.0	0.0
31	rnapol	0.2	0.0	0.0
32	__protein1_rbs	2.8	0.0	0.0
32	__protein2_rbs	2.0	0.0	0.0
32	__protein3_rbs	0.6	0.0	0.0
32	__ribosome	61.2	0.0	0.0
32	__rnase_site_ext	8.2	0.0	0.0
32	p0	1.0	0.0	0.0
32	p1	0.8	0.0	0.0
32	p2	0.6	0.0	0.0
32	protein1	51.4	7.0	2.7142858
32	protein2	36.8	6.2	2.56
32	protein3	5.6	1.2	3.1
32	r2	1.2	0.0	0.0
32	rnapol	0.4	0.0	0.0
33	__protein1_rbs	3.0	0.0	0.0
33	__protein2_rbs	2.6	0.0	0.0
33	__protein3_rbs	0.4	0.0	0.0
33	__ribosome	61.4	0.0	0.0
33	__rnase_site_ext	8.2	0.0	0.0
33	p0	0.8	0.0	0.0
33	p1	0.6	0.0	0.0
33	p2	0.4	0.0	0.0
33	protein1	55.6	7.0	2.6226190000000003
33	protein2	39.2	6.4	2.63
33	protein3	6.6	1.2	3.0
33	r2	1.2	0.0	0.0
33	rnapol	0.2	0.0	0.0
34	__protein1_rbs	3.6	0.0	0.0
34	__protein2_rbs	2.4	0.0	0.0
34	__protein3_rbs	0.8	0.0	0.0
34	__ribosome	60.2	0.0	0.0
34	__rnase_site_ext	8.2	0.0	0.0
34	p0	1.0	0.0	0.0
34	p1	0.6	0.0	0.0
34	p2	0.8	0.0	0.0
34	protein1	58.8	7.0	2.6535716000000003
34	protein2	41.6	6.4	2.7819048
34	protein3	7.0	1.2	2.9
34	r2	1.2	0.0	0.0
34	rnapol	0.4	0.0	0.0
35	__protein1_rbs	2.8	0.0	0.0
35	__protein2_rbs	3.2	0.0	0.0
35	__protein3_rbs	0.6	0.0	0.0
35	__ribosome	60.0	0.0	0.0
35	__rnase_site_ext	8.2	0.0	0.0
35	p0	1.0	0.0	0.0
35	p1	0.8	0.0	0.0
35	p2	0.6	0.0	0.0
35	protein1	63.4	7.2	2.5738096
35	protein2	44.8	6.8	2.6690478
35	protein3	7.8	1.2	2.8
35	r2	1.2	0.0	0.0
35	rnapol	0.4	0.0	0.0
36	__protein1_rbs	2.8	0.0	0.0
36	__protein2_rbs	2.6	0.0	0.0
36	__protein3_rbs	0.0	0.0	0.0
36	__ribosome	57.0	0.0	0.0
36	__rnase_site_ext	8.8	0.0	0.0
36	p0	0.4	0.0	0.0
36	p1	0.8	0.0	0.0
36	p2	0.6	0.0	0.0
36	protein1	66.4	7.0	2.7916666
36	protein2	47.8	7.2	2.7607142000000002
36	protein3	8.6	1.2	3.2
36	r2	1.4	0.0	0.0
36	rnapol	0.2	0.0	0.0
37	__protein1_rbs	2.8	0.0	0.0
37	__protein2_rbs	2.8	0.0	0.0
37	__protein3_rbs	0.4	0.0	0.0
37	__ribosome	56.8	0.0	0.0
37	__rnase_site_ext	9.0	0.0	0.0
37	p0	0.4	0.0	0.0
37	p1	1.0	0.0	0.0
37	p2	0.6	0.0	0.0
37	protein1	69.6	7.4	2.7583333999999997
37	protein2	52.2	7.2	2.6357142000000002
37	protein3	9.4	1.4	3.0
37	r2	1.6	0.0	0.0
37	rnapol	0.0	0.0	0.0
38	__protein1_rbs	4.0	0.0	0.0
38	__protein2_rbs	2.8	0.0	0.0
38	__protein3_rbs	1.2	0.0	0.0
38	__ribosome	56.4	0.0	0.0
38	__rnase_site_ext	9.4	0.0	0.0
38	p0	1.0	0.0	0.0
38	p1	0.6	0.0	0.0
38	p2	0.8	0.0	0.0
38	protein1	73.8	7.8	2.510238
38	protein2	55.0	7.4	2.7992063999999997
38	protein3	10.0	1.6	2.6
38	r2	1.8	0.0	0.0
38	rnapol	0.0	0.0	0.0
39	__protein1_rbs	3.6	0.0	0.0
39	__protein2_rbs	3.6	0.0	0.0
39	__protein3_rbs	0.6	0.0	0.0
39	__ribosome	54.6	0.0	0.0
39	__rnase_site_ext	9.4	0.0	0.0
39	p0	1.0	0.0	0.0
39	p1	0.8	0.0	0.0
39	p2	1.0	0.0	0.0
39	protein1	77.0	8.2	2.5322222
39	protein2	59.0	7.4	2.8087302000000003
39	protein3	10.6	1.8	2.6666666
39	r2	1.8	0.0	0.0
39	rnapol	0.2	0.0	0.0
40	__protein1_rbs	3.8	0.0	0.0
40	__protein2_rbs	2.8	0.0	0.0
40	__protein3_rbs	0.8	0.0	0.0
40	__ribosome	53.2	0.0	0.0
40	__rnase_site_ext	9.2	0.0	0.0
40	p0	1.0	0.0	0.0
40	p1	0.6	0.0	0.0
40	p2	0.6	0.0	0.0
40	protein1	81.4	8.2	2.5155554
40	protein2	62.6	7.6	2.8365080000000003
40	protein3	11.2	1.8	2.8666666000000003
40	r2	1.8	0.0	0.0
40	rnapol	0.0	0.0	0.0
41	__protein1_rbs	3.8	0.0	0.0
41	__protein2_rbs	3.4	0.0	0.0
41	__protein3_rbs	0.8	0.0	0.0
41	__ribosome	52.8	0.0	0.0
41	__rnase_site_ext	9.2	0.0	0.0
41	p0	1.0	0.0	0.0
41	p1	0.8	0.0	0.0
41	p2	0.8	0.0	0.0
41	protein1	84.8	8.2	2.5988096
41	protein2	67.4	7.8	2.7027778
41	protein3	12.2	1.8	2.7
41	r2	2.0	0.0	0.0
41	rnapol	0.6	0.0	0.0
42	__protein1_rbs	4.0	0.0	0.0
42	__protein2_rbs	3.6	0.0	0.0
42	__protein3_rbs	1.4	0.0	0.0
42	__ribosome	54.0	0.0	0.0
42	__rnase_site_ext	9.0	0.0	0.0
42	p0	1.0	0.0	0.0
42	p1	1.0	0.0	0.0
42	p2	0.8	0.0	0.0
42	protein1	89.4	8.0	2.5734128
42	protein2	71.0	8.0	2.6492064
42	protein3	13.2	2.0	inf
42	r2	2.0	0.0	0.0
42	rnapol	0.8	0.0	0.0
43	__protein1_rbs	4.0	0.0	0.0
43	__protein2_rbs	3.6	0.0	0.0
43	__protein3_rbs	0.8	0.0	0.0
43	__ribosome	53.2	0.0	0.0
43	__rnase_site_ext	8.8	0.0	0.0
43	p0	1.0	0.0	0.0
43	p1	0.6	0.0	0.0
43	p2	0.8	0.0	0.0
43	protein1	93.0	8.0	2.6753970000000002
43	protein2	75.0	8.2	2.5777778
43	protein3	14.2	2.0	inf
43	r2	2.0	0.0	0.0
43	rnapol	0.8	0.0	0.0
44	__protein1_rbs	3.8	0.0	0.0
44	__protein2_rbs	4.6	0.0	0.0
44	__protein3_rbs	0.8	0.0	0.0
44	__ribosome	54.0	0.0	0.0
44	__rnase_site_ext	8.6	0.0	0.0
44	p0	0.8	0.0	0.0
44	p1	0.2	0.0	0.0
44	p2	0.8	0.0	0.0
44	protein1	97.2	7.8	2.6972222
44	protein2	79.4	8.2	2.420635
44	protein3	14.8	2.0	inf
44	r2	2.0	0.0	0.0
44	rnapol	0.8	0.0	0.0
45	__protein1_rbs	3.2	0.0	0.0
45	__protein2_rbs	3.4	0.0	0.0
45	__protein3_rbs	1.2	0.0	0.0
45	__ribosome	53.8	0.0	0.0
45	__rnase_site_ext	9.0	0.0	0.0
45	p0	0.6	0.0	0.0
45	p1	0.4	0.0	0.0
45	p2	0.6	0.0	0.0
45	protein1	101.6	7.8	2.682143
45	protein2	83.2	8.4	2.4972223999999996
45	protein3	16.2	2.0	1.6833334
45	r2	2.0	0.0	0.0
45	rnapol	0.4	0.0	0.0
46	__protein1_rbs	3.2	0.0	0.0
46	__protein2_rbs	5.2	0.0	0.0
46	__protein3_rbs	0.4	0.0	0.0
46	__ribosome	53.6	0.0	0.0
46	__rnase_site_ext	9.4	0.0	0.0
46	p0	0.8	0.0	0.0
46	p1	0.6	0.0	0.0
46	p2	0.8	0.0	0.0
46	protein1	105.4	8.0	2.7206349999999997
46	protein2	88.0	8.6	2.2594444
46	protein3	16.8	2.0	2.1333333999999997
46	r2	2.2	0.0	0.0
46	rnapol	0.4	0.0	0.0
47	__protein1_rbs	3.8	0.0	0.0
47	__protein2_rbs	5.6	0.0	0.0
47	__protein3_rbs	1.2	0.0	0.0
47	__ribosome	54.2	0.0	0.0
47	__rnase_site_ext	9.2	0.0	0.0
47	p0	1.0	0.0	0.0
47	p1	0.8	0.0	0.0
47	p2	0.8	0.0	0.0
47	protein1	109.8	8.2	2.5527778
47	protein2	91.8	9.2	2.1105556
47	protein3	17.6	2.2	2.15
47	r2	2.2	0.0	0.0
47	rnapol	0.8	0.0	0.0
48	__protein1_rbs	3.2	0.0	0.0
48	__protein2_rbs	4.0	0.0	0.0
48	__protein3_rbs	1.2	0.0	0.0
48	__ribosome	52.6	0.0	0.0
48	__rnase_site_ext	9.2	0.0	0.0
48	p0	0.8	0.0	0.0
48	p1	0.6	0.0	0.0
48	p2	1.0	0.0	0.0
48	protein1	113.8	8.4	2.615
48	protein2	95.8	9.4	2.206515
48	protein3	18.8	2.2	1.85
48	r2	2.2	0.0	0.0
48	rnapol	0.8	0.0	0.0
49	__protein1_rbs	3.6	0.0	0.0
49	__protein2_rbs	4.2	0.0	0.0
49	__protein3_rbs	1.0	0.0	0.0
49	__ribosome	50.2	0.0	0.0
49	__rnase_site_ext	9.2	0.0	0.0
49	p0	0.8	0.0	0.0
49	p1	1.0	0.0	0.0
49	p2	1.0	0.0	0.0
49	protein1	118.2	8.0	2.7555556
49	protein2	99.0	9.6	2.3989898000000003
49	protein3	20.0	2.2	1.7
49	r2	2.4	0.0	0.0
49	rnapol	0.8	0.0	0.0
50	__protein1_rbs	3.6	0.0	0.0
50	__protein2_rbs	4.2	0.0	0.0
50	__protein3_rbs	0.8	0.0	0.0
50	__ribosome	48.0	0.0	0.0
50	__rnase_site_ext	9.6	0.0	0.0
50	p0	0.8	0.0	0.0
50	p1	0.8	0.0	0.0
50	p2	0.6	0.0	0.0
50	protein1	122.0	8.2	2.7971428
50	protein2	103.8	9.8	2.3941414
50	protein3	20.4	2.4	1.8333334
50	r2	2.4	0.0	0.0
50	rnapol	0.6	0.0	0.0
51	__protein1_rbs	3.4	0.0	0.0
51	__protein2_rbs	6.2	0.0	0.0
51	__protein3_rbs	1.2	0.0	0.0
51	__ribosome	48.6	0.0	0.0
51	__rnase_site_ext	9.8	0.0	0.0
51	p0	1.0	0.0	0.0
51	p1	0.6	0.0	0.0
51	p2	0.6	0.0	0.0
51	protein1	126.2	8.2	2.7882540000000002
51	protein2	107.4	9.8	2.378586
51	protein3	22.0	2.4	1.95
51	r2	2.4	0.0	0.0
51	rnapol	0.8	0.0	0.0
52	__protein1_rbs	2.8	0.0	0.0
52	__protein2_rbs	5.4	0.0	0.0
52	__protein3_rbs	0.4	0.0	0.0
52	__ribosome	47.2	0.0	0.0
52	__rnase_site_ext	10.2	0.0	0.0
52	p0	0.6	0.0	0.0
52	p1	0.6	0.0	0.0
52	p2	0.4	0.0	0.0
52	protein1	130.2	8.2	2.9488888
52	protein2	111.8	9.4	2.3801007999999997
52	protein3	22.8	2.4	2.0833334
52	r2	2.4	0.0	0.0
52	rnapol	0.8	0.0	0.0
53	__protein1_rbs	5.0	0.0	0.0
53	__protein2_rbs	3.0	0.0	0.0
53	__protein3_rbs	0.8	0.0	0.0
53	__ribosome	48.0	0.0	0.0
53	__rnase_site_ext	9.6	0.0	0.0
53	p0	0.8	0.0	0.0
53	p1	0.6	0.0	0.0
53	p2	0.8	0.0	0.0
53	protein1	135.8	8.4	2.5472222
53	protein2	117.0	9.6	2.4629798000000003
53	protein3	23.6	2.4	2.4
53	r2	2.4	0.0	0.0
53	rnapol	1.0	0.0	0.0
54	__protein1_rbs	3.8	0.0	0.0
54	__protein2_rbs	4.0	0.0	0.0
54	__protein3_rbs	1.2	0.0	0.0
54	__ribosome	46.4	0.0	0.0
54	__rnase_site_ext	9.8	0.0	0.0
54	p0	0.8	0.0	0.0
54	p1	0.6	0.0	0.0
54	p2	0.6	0.0	0.0
54	protein1	140.2	8.4	2.5564574
54	protein2	120.2	9.8	2.5979799999999997
54	protein3	24.8	2.4	2.35
54	r2	2.6	0.0	0.0
54	rnapol	0.8	0.0	0.0
55	__protein1_rbs	3.8	0.0	0.0
55	__protein2_rbs	4.6	0.0	0.0
55	__protein3_rbs	1.6	0.0	0.0
55	__ribosome	48.4	0.0	0.0
55	__rnase_site_ext	10.2	0.0	0.0
55	p0	0.8	0.0	0.0
55	p1	0.8	0.0	0.0
55	p2	1.0	0.0	0.0
55	protein1	144.2	8.2	2.6714286
55	protein2	126.2	9.8	2.479798
55	protein3	26.4	2.6	1.8333334
55	r2	2.8	0.0	0.0
55	rnapol	0.8	0.0	0.0
56	__protein1_rbs	5.2	0.0	0.0
56	__protein2_rbs	5.4	0.0	0.0
56	__protein3_rbs	1.4	0.0	0.0
56	__ribosome	48.0	0.0	0.0
56	__rnase_site_ext	10.6	0.0	0.0
56	p0	0.8	0.0	0.0
56	p1	0.8	0.0	0.0
56	p2	1.0	0.0	0.0
56	protein1	148.4	8.6	2.3752598
56	protein2	129.4	10.0	2.5519192000000004
56	protein3	27.4	2.8	1.99
56	r2	2.8	0.0	0.0
56	rnapol	0.4	0.0	0.0
57	__protein1_rbs	4.4	0.0	0.0
57	__protein2_rbs	5.4	0.0	0.0
57	__protein3_rbs	1.0	0.0	0.0
57	__ribosome	47.4	0.0	0.0
57	__rnase_site_ext	10.8	0.0	0.0
57	p0	1.0	0.0	0.0
57	p1	0.6	0.0	0.0
57	p2	0.8	0.0	0.0
57	protein1	152.6	9.0	2.3233767999999997
57	protein2	134.6	10.0	2.5366668
57	protein3	29.0	2.8	1.88
57	r2	3.0	0.0	0.0
57	rnapol	0.4	0.0	0.0
58	__protein1_rbs	4.8	0.0	0.0
58	__protein2_rbs	4.2	0.0	0.0
58	__protein3_rbs	1.8	0.0	0.0
58	__ribosome	47.6	0.0	0.0
58	__rnase_site_ext	10.8	0.0	0.0
58	p0	0.8	0.0	0.0
58	p1	1.0	0.0	0.0
58	p2	0.8	0.0	0.0
58	protein1	156.6	9.2	2.3136362
58	protein2	140.2	9.8	2.5080810000000002
58	protein3	30.0	3.0	1.75
58	r2	2.8	0.0	0.0
58	rnapol	0.4	0.0	0.0
59	__protein1_rbs	5.0	0.0	0.0
59	__protein2_rbs	6.0	0.0	0.0
59	__protein3_rbs	1.6	0.0	0.0
59	__ribosome	49.2	0.0	0.0
59	__rnase_site_ext	10.8	0.0	0.0
59	p0	1.0	0.0	0.0
59	p1	1.0	0.0	0.0
59	p2	0.8	0.0	0.0
59	protein1	161.0	9.2	2.190909
59	protein2	144.2	10.2	2.4146466
59	protein3	31.4	2.8	1.7399999999999998
59	r2	2.8	0.0	0.0
59	rnapol	0.6	0.0	0.0
60	__protein1_rbs	6.2	0.0	0.0
60	__protein2_rbs	4.8	0.0	0.0
60	__protein3_rbs	1.2	0.0	0.0
60	__ribosome	49.8	0.0	0.0
60	__rnase_site_ext	11.0	0.0	0.0
60	p0	0.6	0.0	0.0
60	p1	0.8	0.0	0.0
60	p2	0.8	0.0	0.0
60	protein1	164.8	9.4	2.0737374
60	protein2	149.8	10.2	2.3949494
60	protein3	32.6	2.8	1.98
60	r2	2.8	0.0	0.0
60	rnapol	0.4	0.0	0.0
61	__protein1_rbs	4.4	0.0	0.0
61	__protein2_rbs	5.0	0.0	0.0
61	__protein3_rbs	1.4	0.0	0.0
61	__ribosome	49.4	0.0	0.0
61	__rnase_site_ext	11.4	0.0	0.0
61	p0	0.4	0.0	0.0
61	p1	0.6	0.0	0.0
61	p2	0.8	0.0	0.0
61	protein1	169.0	9.4	2.2141414
61	protein2	154.8	9.6	2.493889
61	protein3	33.8	2.8	1.7899999999999998
61	r2	2.8	0.0	0.0
61	rnapol	0.6	0.0	0.0
62	__protein1_rbs	4.8	0.0	0.0
62	__protein2_rbs	5.4	0.0	0.0
62	__protein3_rbs	1.0	0.0	0.0
62	__ribosome	48.4	0.0	0.0
62	__rnase_site_ext	11.6	0.0	0.0
62	p0	1.0	0.0	0.0
62	p1	0.6	0.0	0.0
62	p2	0.8	0.0	0.0
62	protein1	172.2	9.8	2.272121
62	protein2	159.6	9.8	2.3768802000000004
62	protein3	35.6	2.8	1.94
62	r2	2.8	0.0	0.0
62	rnapol	0.6	0.0	0.0
63	__protein1_rbs	5.6	0.0	0.0
63	__protein2_rbs	3.0	0.0	0.0
63	__protein3_rbs	1.8	0.0	0.0
63	__ribosome	48.2	0.0	0.0
63	__rnase_site_ext	11.4	0.0	0.0
63	p0	0.8	0.0	0.0
63	p1	0.4	0.0	0.0
63	p2	0.6	0.0	0.0
63	protein1	178.4	10.2	2.000404
63	protein2	164.8	10.2	2.4593782
63	protein3	36.6	2.8	1.99
63	r2	2.8	0.0	0.0
63	rnapol	0.6	0.0	0.0
64	__protein1_rbs	4.2	0.0	0.0
64	__protein2_rbs	6.0	0.0	0.0
64	__protein3_rbs	1.2	0.0	0.0
64	__ribosome	43.8	0.0	0.0
64	__rnase_site_ext	11.6	0.0	0.0
64	p0	1.0	0.0	0.0
64	p1	0.8	0.0	0.0
64	p2	1.0	0.0	0.0
64	protein1	180.6	10.0	2.4030302000000003
64	protein2	168.0	10.6	2.4049350000000005
64	protein3	37.6	2.8	2.09
64	r2	2.8	0.0	0.0
64	rnapol	1.0	0.0	0.0
65	__protein1_rbs	5.4	0.0	0.0
65	__protein2_rbs	5.4	0.0	0.0
65	__protein3_rbs	1.6	0.0	0.0
65	__ribosome	43.0	0.0	0.0
65	__rnase_site_ext	11.8	0.0	0.0
65	p0	0.8	0.0	0.0
65	p1	0.8	0.0	0.0
65	p2	1.0	0.0	0.0
65	protein1	185.2	10.2	2.4038383999999997
65	protein2	173.0	11.0	2.4177778
65	protein3	38.8	2.8	1.99
65	r2	3.0	0.0	0.0
65	rnapol	0.6	0.0	0.0
66	__protein1_rbs	5.4	0.0	0.0
66	__protein2_rbs	4.4	0.0	0.0
66	__protein3_rbs	2.0	0.0	0.0
66	__ribosome	42.2	0.0	0.0
66	__rnase_site_ext	12.0	0.0	0.0
66	p0	0.8	0.0	0.0
66	p1	0.8	0.0	0.0
66	p2	0.8	0.0	0.0
66	protein1	189.6	10.4	2.3973736000000003
66	protein2	178.4	10.4	2.6507692000000005
66	protein3	40.2	3.0	1.67
66	r2	3.0	0.0	0.0
66	rnapol	0.4	0.0	0.0
67	__protein1_rbs	5.0	0.0	0.0
67	__protein2_rbs	6.0	0.0	0.0
67	__protein3_rbs	1.0	0.0	0.0
67	__ribosome	41.8	0.0	0.0
67	__rnase_site_ext	12.0	0.0	0.0
67	p0	1.0	0.0	0.0
67	p1	0.8	0.0	0.0
67	p2	0.6	0.0	0.0
67	protein1	194.0	10.4	2.4638382
67	protein2	182.6	10.6	2.496923
67	protein3	42.0	3.0	1.7600000000000002
67	r2	3.0	0.0	0.0
67	rnapol	0.6	0.0	0.0
68	__protein1_rbs	5.6	0.0	0.0
68	__protein2_rbs	5.0	0.0	0.0
68	__protein3_rbs	1.4	0.0	0.0
68	__ribosome	42.4	0.0	0.0
68	__rnase_site_ext	11.8	0.0	0.0
68	p0	1.0	0.0	0.0
68	p1	0.4	0.0	0.0
68	p2	0.8	0.0	0.0
68	protein1	199.6	10.6	2.381212
68	protein2	188.4	10.8	2.4235898
68	protein3	43.4	3.0	1.7100000000000002
68	r2	3.0	0.0	0.0
68	rnapol	0.8	0.0	0.0
69	__protein1_rbs	5.8	0.0	0.0
69	__protein2_rbs	4.2	0.0	0.0
69	__protein3_rbs	0.8	0.0	0.0
69	__ribosome	41.0	0.0	0.0
69	__rnase_site_ext	11.6	0.0	0.0
69	p0	1.0	0.0	0.0
69	p1	0.6	0.0	0.0
69	p2	0.6	0.0	0.0
69	protein1	205.0	10.4	2.3433333999999997
69	protein2	193.0	10.8	2.557863
69	protein3	44.4	3.0	2.01
69	r2	3.0	0.0	0.0
69	rnapol	1.0	0.0	0.0
70	__protein1_rbs	4.8	0.0	0.0
70	__protein2_rbs	6.2	0.0	0.0
70	__protein3_rbs	2.0	0.0	0.0
70	__ribosome	40.4	0.0	0.0
70	__rnase_site_ext	11.8	0.0	0.0
70	p0	0.6	0.0	0.0
70	p1	0.8	0.0	0.0
70	p2	1.0	0.0	0.0
70	protein1	209.4	10.2	2.4822222000000003
70	protein2	198.0	10.8	2.474359
70	protein3	45.0	3.0	2.08
70	r2	2.8	0.0	0.0
70	rnapol	0.8	0.0	0.0
71	__protein1_rbs	6.0	0.0	0.0
71	__protein2_rbs	5.6	0.0	0.0
71	__protein3_rbs	1.8	0.0	0.0
71	__ribosome	43.8	0.0	0.0
71	__rnase_site_ext	12.2	0.0	0.0
71	p0	0.8	0.0	0.0
71	p1	0.8	0.0	0.0
71	p2	0.8	0.0	0.0
71	protein1	215.4	10.2	2.2877778
71	protein2	204.8	11.0	2.2633334
71	protein3	46.2	3.0	2.14
71	r2	3.0	0.0	0.0
71	rnapol	0.8	0.0	0.0
72	__protein1_rbs	6.2	0.0	0.0
72	__protein2_rbs	6.2	0.0	0.0
72	__protein3_rbs	2.0	0.0	0.0
72	__ribosome	44.4	0.0	0.0
72	__rnase_site_ext	12.0	0.0	0.0
72	p0	0.6	0.0	0.0
72	p1	0.6	0.0	0.0
72	p2	0.8	0.0	0.0
72	protein1	220.0	10.6	2.1605128
72	protein2	208.4	11.0	2.3645454
72	protein3	48.2	3.0	2.0
72	r2	3.2	0.0	0.0
72	rnapol	0.8	0.0	0.0
73	__protein1_rbs	5.2	0.0	0.0
73	__protein2_rbs	4.8	0.0	0.0
73	__protein3_rbs	1.4	0.0	0.0
73	__ribosome	44.0	0.0	0.0
73	__rnase_site_ext	12.4	0.0	0.0
73	p0	0.6	0.0	0.0
73	p1	0.8	0.0	0.0
73	p2	1.0	0.0	0.0
73	protein1	225.0	10.2	2.2776824
73	protein2	214.0	11.2	2.3693937999999997
73	protein3	49.6	3.2	1.81
73	r2	3.4	0.0	0.0
73	rnapol	0.6	0.0	0.0
74	__protein1_rbs	6.6	0.0	0.0
74	__protein2_rbs	5.8	0.0	0.0
74	__protein3_rbs	0.8	0.0	0.0
74	__ribosome	44.2	0.0	0.0
74	__rnase_site_ext	12.6	0.0	0.0
74	p0	1.0	0.0	0.0
74	p1	0.8	0.0	0.0
74	p2	0.8	0.0	0.0
74	protein1	228.6	10.8	2.1641992
74	protein2	220.0	11.4	2.2742422
74	protein3	51.6	3.4	1.98
74	r2	3.4	0.0	0.0
74	rnapol	0.4	0.0	0.0
75	__protein1_rbs	5.4	0.0	0.0
75	__protein2_rbs	6.8	0.0	0.0
75	__protein3_rbs	2.2	0.0	0.0
75	__ribosome	43.4	0.0	0.0
75	__rnase_site_ext	12.6	0.0	0.0
75	p0	0.8	0.0	0.0
75	p1	0.8	0.0	0.0
75	p2	0.6	0.0	0.0
75	protein1	233.8	11.0	2.1483334
75	protein2	224.4	11.6	2.2623542000000003
75	protein3	52.6	3.4	2.0900000000000003
75	r2	3.4	0.0	0.0
75	rnapol	0.4	0.0	0.0
76	__protein1_rbs	5.8	0.0	0.0
76	__protein2_rbs	5.4	0.0	0.0
76	__protein3_rbs	1.2	0.0	0.0
76	__ribosome	42.2	0.0	0.0
76	__rnase_site_ext	13.2	0.0	0.0
76	p0	0.4	0.0	0.0
76	p1	1.0	0.0	0.0
76	p2	1.0	0.0	0.0
76	protein1	239.0	11.0	2.1482683999999996
76	protein2	230.2	11.6	2.2552448000000003
76	protein3	54.0	3.4	2.51
76	r2	3.4	0.0	0.0
76	rnapol	0.4	0.0	0.0
77	__protein1_rbs	6.0	0.0	0.0
77	__protein2_rbs	8.2	0.0	0.0
77	__protein3_rbs	2.2	0.0	0.0
77	__ribosome	41.6	0.0	0.0
77	__rnase_site_ext	13.4	0.0	0.0
77	p0	1.0	0.0	0.0
77	p1	1.0	0.0	0.0
77	p2	0.8	0.0	0.0
77	protein1	242.8	11.2	2.2175756
77	protein2	235.0	11.8	2.1543124
77	protein3	54.8	3.4	2.6100000000000003
77	r2	3.4	0.0	0.0
77	rnapol	0.6	0.0	0.0
78	__protein1_rbs	7.0	0.0	0.0
78	__protein2_rbs	5.2	0.0	0.0
78	__protein3_rbs	1.4	0.0	0.0
78	__ribosome	40.6	0.0	0.0
78	__rnase_site_ext	13.2	0.0	0.0
78	p0	0.4	0.0	0.0
78	p1	0.6	0.0	0.0
78	p2	0.8	0.0	0.0
78	protein1	247.4	11.6	2.1362626
78	protein2	240.4	11.8	2.2363636000000002
78	protein3	56.4	3.4	2.85
78	r2	3.2	0.0	0.0
78	rnapol	0.4	0.0	0.0
79	__protein1_rbs	5.6	0.0	0.0
79	__protein2_rbs	7.2	0.0	0.0
79	__protein3_rbs	1.8	0.0	0.0
79	__ribosome	39.4	0.0	0.0
79	__rnase_site_ext	13.4	0.0	0.0
79	p0	0.8	0.0	0.0
79	p1	0.6	0.0	0.0
79	p2	0.8	0.0	0.0
79	protein1	251.6	11.8	2.3217174
79	protein2	244.8	11.8	2.196387
79	protein3	58.6	3.2	2.56
79	r2	3.2	0.0	0.0
79	rnapol	0.6	0.0	0.0
80	__protein1_rbs	7.0	0.0	0.0
80	__protein2_rbs	6.2	0.0	0.0
80	__protein3_rbs	1.4	0.0	0.0
80	__ribosome	40.4	0.0	0.0
80	__rnase_site_ext	13.6	0.0	0.0
80	p0	1.0	0.0	0.0
80	p1	0.4	0.0	0.0
80	p2	0.6	0.0	0.0
80	protein1	257.4	11.6	2.2333332
80	protein2	250.8	11.8	2.1951050000000003
80	protein3	59.8	3.2	2.65
80	r2	3.2	0.0	0.0
80	rnapol	0.4	0.0	0.0
81	__protein1_rbs	6.6	0.0	0.0
81	__protein2_rbs	5.4	0.0	0.0
81	__protein3_rbs	1.8	0.0	0.0
81	__ribosome	41.2	0.0	0.0
81	__rnase_site_ext	13.6	0.0	0.0
81	p0	0.8	0.0	0.0
81	p1	0.2	0.0	0.0
81	p2	1.0	0.0	0.0
81	protein1	262.6	11.8	2.2092308
81	protein2	256.4	12.0	2.1603896000000002
81	protein3	61.8	3.2	2.35
81	r2	3.2	0.0	0.0
81	rnapol	0.4	0.0	0.0
82	__protein1_rbs	8.6	0.0	0.0
82	__protein2_rbs	7.0	0.0	0.0
82	__protein3_rbs	2.0	0.0	0.0
82	__ribosome	41.4	0.0	0.0
82	__rnase_site_ext	13.8	0.0	0.0
82	p0	1.0	0.0	0.0
82	p1	0.6	0.0	0.0
82	p2	1.0	0.0	0.0
82	protein1	267.6	11.8	2.1167520000000004
82	protein2	260.2	12.2	2.2383118
82	protein3	63.0	3.2	2.32
82	r2	3.4	0.0	0.0
82	rnapol	0.4	0.0	0.0
83	__protein1_rbs	6.4	0.0	0.0
83	__protein2_rbs	6.4	0.0	0.0
83	__protein3_rbs	1.8	0.0	0.0
83	__ribosome	41.6	0.0	0.0
83	__rnase_site_ext	13.4	0.0	0.0
83	p0	1.0	0.0	0.0
83	p1	0.2	0.0	0.0
83	p2	1.0	0.0	0.0
83	protein1	272.8	12.0	2.101367600000001
83	protein2	266.2	12.6	2.1366234000000004
83	protein3	64.8	3.4	2.12
83	r2	3.4	0.0	0.0
83	rnapol	0.4	0.0	0.0
84	__protein1_rbs	5.6	0.0	0.0
84	__protein2_rbs	6.6	0.0	0.0
84	__protein3_rbs	2.0	0.0	0.0
84	__ribosome	41.0	0.0	0.0
84	__rnase_site_ext	13.4	0.0	0.0
84	p0	1.0	0.0	0.0
84	p1	0.6	0.0	0.0
84	p2	1.0	0.0	0.0
84	protein1	278.6	11.6	2.1242978
84	protein2	271.8	13.0	2.1474026000000004
84	protein3	66.4	3.2	2.4866666000000004
84	r2	3.2	0.0	0.0
84	rnapol	0.4	0.0	0.0
85	__protein1_rbs	7.8	0.0	0.0
85	__protein2_rbs	7.6	0.0	0.0
85	__protein3_rbs	1.8	0.0	0.0
85	__ribosome	41.4	0.0	0.0
85	__rnase_site_ext	13.4	0.0	0.0
85	p0	1.0	0.0	0.0
85	p1	0.8	0.0	0.0
85	p2	0.6	0.0	0.0
85	protein1	284.0	11.4	2.0514286
85	protein2	276.8	13.4	2.1118592
85	protein3	67.8	3.2	2.1333333999999997
85	r2	3.2	0.0	0.0
85	rnapol	0.4	0.0	0.0
86	__protein1_rbs	5.6	0.0	0.0
86	__protein2_rbs	7.8	0.0	0.0
86	__protein3_rbs	1.6	0.0	0.0
86	__ribosome	39.2	0.0	0.0
86	__rnase_site_ext	13.2	0.0	0.0
86	p0	1.0	0.0	0.0
86	p1	0.4	0.0	0.0
86	p2	0.8	0.0	0.0
86	protein1	288.8	11.4	2.1766666
86	protein2	282.0	13.4	2.1547620000000003
86	protein3	69.0	3.2	2.3666666000000003
86	r2	3.0	0.0	0.0
86	rnapol	0.8	0.0	0.0
87	__protein1_rbs	5.6	0.0	0.0
87	__protein2_rbs	6.0	0.0	0.0
87	__protein3_rbs	1.2	0.0	0.0
87	__ribosome	35.2	0.0	0.0
87	__rnase_site_ext	13.4	0.0	0.0
87	p0	0.8	0.0	0.0
87	p1	0.4	0.0	0.0
87	p2	0.4	0.0	0.0
87	protein1	292.6	11.2	2.3211964000000003
87	protein2	287.0	13.4	2.3087452
87	protein3	70.4	3.0	2.6266666
87	r2	3.0	0.0	0.0
87	rnapol	0.8	0.0	0.0
88	__protein1_rbs	7.4	0.0	0.0
88	__protein2_rbs	6.6	0.0	0.0
88	__protein3_rbs	1.6	0.0	0.0
88	__ribosome	36.8	0.0	0.0
88	__rnase_site_ext	13.4	0.0	0.0
88	p0	0.8	0.0	0.0
88	p1	1.0	0.0	0.0
88	p2	0.4	0.0	0.0
88	protein1	298.2	11.2	2.157094
88	protein2	293.0	13.4	2.3351898
88	protein3	71.8	3.0	2.4933334
88	r2	3.0	0.0	0.0
88	rnapol	0.8	0.0	0.0
89	__protein1_rbs	5.8	0.0	0.0
89	__protein2_rbs	6.8	0.0	0.0
89	__protein3_rbs	1.8	0.0	0.0
89	__ribosome	36.8	0.0	0.0
89	__rnase_site_ext	13.6	0.0	0.0
89	p0	1.0	0.0	0.0
89	p1	0.8	0.0	0.0
89	p2	0.2	0.0	0.0
89	protein1	303.6	11.4	2.168718
89	protein2	299.4	13.8	2.2881942000000004
89	protein3	73.8	3.0	2.12
89	r2	3.0	0.0	0.0
89	rnapol	1.4	0.0	0.0
90	__protein1_rbs	6.2	0.0	0.0
90	__protein2_rbs	7.8	0.0	0.0
90	__protein3_rbs	1.0	0.0	0.0
90	__ribosome	37.8	0.0	0.0
90	__rnase_site_ext	14.0	0.0	0.0
90	p0	0.2	0.0	0.0
90	p1	1.0	0.0	0.0
90	p2	1.0	0.0	0.0
90	protein1	307.8	11.6	2.1691608
90	protein2	306.6	13.4	2.211511
90	protein3	74.6	3.0	2.3066666000000002
90	r2	3.0	0.0	0.0
90	rnapol	1.4	0.0	0.0
91	__protein1_rbs	5.8	0.0	0.0
91	__protein2_rbs	8.2	0.0	0.0
91	__protein3_rbs	2.2	0.0	0.0
91	__ribosome	38.6	0.0	0.0
91	__rnase_site_ext	14.4	0.0	0.0
91	p0	1.0	0.0	0.0
91	p1	1.0	0.0	0.0
91	p2	0.8	0.0	0.0
91	protein1	313.8	11.6	2.1019813999999997
91	protein2	311.2	13.6	2.2375
91	protein3	76.2	3.0	1.96
91	r2	3.4	0.0	0.0
91	rnapol	1.4	0.0	0.0
92	__protein1_rbs	7.2	0.0	0.0
92	__protein2_rbs	7.4	0.0	0.0
92	__protein3_rbs	2.4	0.0	0.0
92	__ribosome	38.2	0.0	0.0
92	__rnase_site_ext	14.4	0.0	0.0
92	p0	0.0	0.0	0.0
92	p1	1.0	0.0	0.0
92	p2	0.6	0.0	0.0
92	protein1	319.0	12.4	2.0400266
92	protein2	317.2	13.6	2.2614286
92	protein3	78.0	3.4	1.4566666000000001
92	r2	3.4	0.0	0.0
92	rnapol	0.6	0.0	0.0
93	__protein1_rbs	6.4	0.0	0.0
93	__protein2_rbs	6.2	0.0	0.0
93	__protein3_rbs	1.8	0.0	0.0
93	__ribosome	36.4	0.0	0.0
93	__rnase_site_ext	14.8	0.0	0.0
93	p0	0.6	0.0	0.0
93	p1	1.0	0.0	0.0
93	p2	0.8	0.0	0.0
93	protein1	323.0	12.4	2.2216082000000004
93	protein2	324.6	13.4	2.256978
93	protein3	79.6	3.4	1.64
93	r2	3.4	0.0	0.0
93	rnapol	0.6	0.0	0.0
94	__protein1_rbs	8.0	0.0	0.0
94	__protein2_rbs	7.6	0.0	0.0
94	__protein3_rbs	1.4	0.0	0.0
94	__ribosome	36.6	0.0	0.0
94	__rnase_site_ext	15.0	0.0	0.0
94	p0	1.0	0.0	0.0
94	p1	1.0	0.0	0.0
94	p2	1.0	0.0	0.0
94	protein1	326.6	13.0	2.2069229999999997
94	protein2	330.6	13.4	2.1433516
94	protein3	81.4	3.4	1.6566666
94	r2	3.4	0.0	0.0
94	rnapol	0.4	0.0	0.0
95	__protein1_rbs	8.6	0.0	0.0
95	__protein2_rbs	7.6	0.0	0.0
95	__protein3_rbs	2.2	0.0	0.0
95	__ribosome	39.4	0.0	0.0
95	__rnase_site_ext	14.6	0.0	0.0
95	p0	0.8	0.0	0.0
95	p1	0.8	0.0	0.0
95	p2	0.8	0.0	0.0
95	protein1	333.4	13.4	1.9857142
95	protein2	336.6	13.0	2.1350974000000003
95	protein3	82.4	3.4	1.8233334
95	r2	3.4	0.0	0.0
95	rnapol	0.2	0.0	0.0
96	__protein1_rbs	6.4	0.0	0.0
96	__protein2_rbs	7.4	0.0	0.0
96	__protein3_rbs	2.0	0.0	0.0
96	__ribosome	36.0	0.0	0.0
96	__rnase_site_ext	15.0	0.0	0.0
96	p0	0.8	0.0	0.0
96	p1	0.8	0.0	0.0
96	p2	1.0	0.0	0.0
96	protein1	339.4	13.0	2.0776558
96	protein2	340.4	12.8	2.3473502
96	protein3	83.4	3.4	1.9733333999999998
96	r2	3.4	0.0	0.0
96	rnapol	0.2	0.0	0.0
97	__protein1_rbs	7.6	0.0	0.0
97	__protein2_rbs	6.4	0.0	0.0
97	__protein3_rbs	1.8	0.0	0.0
97	__ribosome	35.2	0.0	0.0
97	__rnase_site_ext	15.0	0.0	0.0
97	p0	1.0	0.0	0.0
97	p1	0.2	0.0	0.0
97	p2	1.0	0.0	0.0
97	protein1	344.2	13.2	2.1065934000000004
97	protein2	347.0	13.0	2.287138
97	protein3	84.6	3.4	2.3633333999999997
97	r2	3.0	0.0	0.0
97	rnapol	0.6	0.0	0.0
98	__protein1_rbs	6.4	0.0	0.0
98	__protein2_rbs	8.0	0.0	0.0
98	__protein3_rbs	1.2	0.0	0.0
98	__ribosome	36.8	0.0	0.0
98	__rnase_site_ext	15.2	0.0	0.0
98	p0	1.0	0.0	0.0
98	p1	0.4	0.0	0.0
98	p2	1.0	0.0	0.0
98	protein1	350.6	13.4	2.1007326
98	protein2	353.6	13.2	2.128588
98	protein3	86.4	3.0	2.38
98	r2	3.0	0.0	0.0
98	rnapol	0.4	0.0	0.0
99	__protein1_rbs	8.2	0.0	0.0
99	__protein2_rbs	7.8	0.0	0.0
99	__protein3_rbs	2.2	0.0	0.0
99	__ribosome	38.8	0.0	0.0
99	__rnase_site_ext	15.6	0.0	0.0
99	p0	0.6	0.0	0.0
99	p1	0.4	0.0	0.0
99	p2	1.0	0.0	0.0
99	protein1	355.8	13.6	2.0053848000000003
99	protein2	359.6	13.6	2.0102564000000003
99	protein3	88.0	3.0	2.1
99	r2	3.0	0.0	0.0
99	rnapol	0.0	0.0	0.0
100	__protein1_rbs	7.2	0.0	0.0
100	__protein2_rbs	7.8	0.0	0.0
100	__protein3_rbs	1.8	0.0	0.0
100	__ribosome	35.0	0.0	0.0
100	__rnase_site_ext	15.6	0.0	0.0
100	p0	1.0	0.0	0.0
100	p1	0.0	0.0	0.0
100	p2	0.8	0.0	0.0
100	protein1	360.0	13.8	2.1613918
100	protein2	365.2	13.8	2.0705768
100	protein3	89.2	3.0	2.1
100	r2	3.0	0.0	0.0
100	rnapol	0.0	0.0	0.0
101	__protein1_rbs	8.0	0.0	0.0
101	__protein2_rbs	7.2	0.0	0.0
101	__protein3_rbs	1.6	0.0	0.0
101	__ribosome	35.8	0.0	0.0
101	__rnase_site_ext	15.4	0.0	0.0
101	p0	1.0	0.0	0.0
101	p1	0.4	0.0	0.0
101	p2	0.8	0.0	0.0
101	protein1	367.0	14.0	2.0293680000000003
101	protein2	370.8	14.2	2.12368
101	protein3	91.4	3.0	1.92
101	r2	3.0	0.0	0.0
101	rnapol	0.0	0.0	0.0
102	__protein1_rbs	8.4	0.0	0.0
102	__protein2_rbs	8.0	0.0	0.0
102	__protein3_rbs	2.2	0.0	0.0
102	__ribosome	34.8	0.0	0.0
102	__rnase_site_ext	15.4	0.0	0.0
102	p0	1.0	0.0	0.0
102	p1	0.6	0.0	0.0
102	p2	1.0	0.0	0.0
102	protein1	372.2	14.0	2.0804028000000003
102	protein2	376.8	14.4	2.1196682000000004
102	protein3	92.2	3.0	1.7600000000000002
102	r2	3.0	0.0	0.0
102	rnapol	0.2	0.0	0.0
103	__protein1_rbs	8.0	0.0	0.0
103	__protein2_rbs	7.6	0.0	0.0
103	__protein3_rbs	1.4	0.0	0.0
103	__ribosome	33.8	0.0	0.0
103	__rnase_site_ext	15.2	0.0	0.0
103	p0	1.0	0.0	0.0
103	p1	0.6	0.0	0.0
103	p2	0.6	0.0	0.0
103	protein1	378.4	14.0	2.056355
103	protein2	382.0	14.4	2.2513900000000002
103	protein3	94.2	3.0	1.82
103	r2	2.8	0.0	0.0
103	rnapol	0.2	0.0	0.0
104	__protein1_rbs	10.0	0.0	0.0
104	__protein2_rbs	8.6	0.0	0.0
104	__protein3_rbs	2.4	0.0	0.0
104	__ribosome	37.0	0.0	0.0
104	__rnase_site_ext	15.0	0.0	0.0
104	p0	0.8	0.0	0.0
104	p1	0.6	0.0	0.0
104	p2	1.0	0.0	0.0
104	protein1	384.4	14.0	1.864194
104	protein2	387.8	14.8	2.1572462000000003
104	protein3	95.2	2.8	2.02
104	r2	3.0	0.0	0.0
104	rnapol	0.8	0.0	0.0
105	__protein1_rbs	6.8	0.0	0.0
105	__protein2_rbs	7.8	0.0	0.0
105	__protein3_rbs	1.8	0.0	0.0
105	__ribosome	35.2	0.0	0.0
105	__rnase_site_ext	15.0	0.0	0.0
105	p0	1.0	0.0	0.0
105	p1	0.8	0.0	0.0
105	p2	0.6	0.0	0.0
105	protein1	390.2	13.6	1.9830038
105	protein2	394.4	15.0	2.2034172
105	protein3	96.6	3.0	1.78
105	r2	3.0	0.0	0.0
105	rnapol	0.8	0.0	0.0
106	__protein1_rbs	7.2	0.0	0.0
106	__protein2_rbs	9.0	0.0	0.0
106	__protein3_rbs	2.0	0.0	0.0
106	__ribosome	35.2	0.0	0.0
106	__rnase_site_ext	15.0	0.0	0.0
106	p0	0.6	0.0	0.0
106	p1	0.8	0.0	0.0
106	p2	0.4	0.0	0.0
106	protein1	396.0	13.6	2.0102564
106	protein2	400.6	15.2	2.1440898000000006
106	protein3	97.6	3.0	1.7899999999999998
106	r2	3.0	0.0	0.0
106	rnapol	0.6	0.0	0.0
107	__protein1_rbs	8.0	0.0	0.0
107	__protein2_rbs	9.8	0.0	0.0
107	__protein3_rbs	1.6	0.0	0.0
107	__ribosome	36.2	0.0	0.0
107	__rnase_site_ext	15.4	0.0	0.0
107	p0	0.8	0.0	0.0
107	p1	0.6	0.0	0.0
107	p2	0.4	0.0	0.0
107	protein1	400.4	13.6	2.0032964
107	protein2	407.2	15.4	2.048889
107	protein3	98.8	3.0	1.8233334
107	r2	3.0	0.0	0.0
107	rnapol	1.0	0.0	0.0
108	__protein1_rbs	7.0	0.0	0.0
108	__protein2_rbs	8.4	0.0	0.0
108	__protein3_rbs	1.8	0.0	0.0
108	__ribosome	36.0	0.0	0.0
108	__rnase_site_ext	16.0	0.0	0.0
108	p0	0.4	0.0	0.0
108	p1	0.8	0.0	0.0
108	p2	0.8	0.0	0.0
108	protein1	406.8	13.8	2.0218312
108	protein2	414.2	15.4	2.0022222
108	protein3	99.6	3.0	1.9666666000000002
108	r2	3.0	0.0	0.0
108	rnapol	1.0	0.0	0.0
109	__protein1_rbs	7.4	0.0	0.0
109	__protein2_rbs	8.8	0.0	0.0
109	__protein3_rbs	1.6	0.0	0.0
109	__ribosome	33.4	0.0	0.0
109	__rnase_site_ext	16.2	0.0	0.0
109	p0	0.8	0.0	0.0
109	p1	0.8	0.0	0.0
109	p2	0.8	0.0	0.0
109	protein1	411.8	14.0	2.0715752000000003
109	protein2	420.2	15.8	2.0176192
109	protein3	100.4	3.0	2.1166666000000003
109	r2	3.2	0.0	0.0
109	rnapol	0.8	0.0	0.0
110	__protein1_rbs	8.2	0.0	0.0
110	__protein2_rbs	9.4	0.0	0.0
110	__protein3_rbs	1.6	0.0	0.0
110	__ribosome	35.8	0.0	0.0
110	__rnase_site_ext	16.6	0.0	0.0
110	p0	0.6	0.0	0.0
110	p1	0.8	0.0	0.0
110	p2	1.0	0.0	0.0
110	protein1	417.6	14.6	1.9815752
110	protein2	428.2	15.6	1.8720238
110	protein3	101.8	3.2	2.14
110	r2	3.2	0.0	0.0
110	rnapol	0.6	0.0	0.0
111	__protein1_rbs	8.0	0.0	0.0
111	__protein2_rbs	8.0	0.0	0.0
111	__protein3_rbs	1.6	0.0	0.0
111	__ribosome	33.4	0.0	0.0
111	__rnase_site_ext	16.8	0.0	0.0
111	p0	0.8	0.0	0.0
111	p1	0.8	0.0	0.0
111	p2	0.8	0.0	0.0
111	protein1	424.0	14.8	1.9871153999999998
111	protein2	434.4	15.6	1.9750398
111	protein3	103.2	3.2	2.33
111	r2	3.2	0.0	0.0
111	rnapol	0.6	0.0	0.0
112	__protein1_rbs	8.0	0.0	0.0
112	__protein2_rbs	9.6	0.0	0.0
112	__protein3_rbs	1.6	0.0	0.0
112	__ribosome	30.8	0.0	0.0
112	__rnase_site_ext	16.8	0.0	0.0
112	p0	1.0	0.0	0.0
112	p1	0.8	0.0	0.0
112	p2	1.0	0.0	0.0
112	protein1	429.2	14.8	2.0513424
112	protein2	438.6	15.2	2.1086904
112	protein3	104.4	3.2	2.42
112	r2	3.2	0.0	0.0
112	rnapol	0.8	0.0	0.0
113	__protein1_rbs	8.4	0.0	0.0
113	__protein2_rbs	9.0	0.0	0.0
113	__protein3_rbs	2.2	0.0	0.0
113	__ribosome	32.0	0.0	0.0
113	__rnase_site_ext	16.4	0.0	0.0
113	p0	1.0	0.0	0.0
113	p1	0.6	0.0	0.0
113	p2	0.6	0.0	0.0
113	protein1	435.4	14.6	2.0596061999999997
113	protein2	445.6	15.0	2.0900208
113	protein3	105.6	3.2	2.1
113	r2	3.2	0.0	0.0
113	rnapol	0.6	0.0	0.0
114	__protein1_rbs	7.6	0.0	0.0
114	__protein2_rbs	8.6	0.0	0.0
114	__protein3_rbs	1.4	0.0	0.0
114	__ribosome	30.2	0.0	0.0
114	__rnase_site_ext	16.2	0.0	0.0
114	p0	1.0	0.0	0.0
114	p1	0.8	0.0	0.0
114	p2	0.4	0.0	0.0
114	protein1	440.8	14.4	2.2090110000000003
114	protein2	452.4	15.2	2.0096636
114	protein3	106.4	3.2	2.33
114	r2	3.2	0.0	0.0
114	rnapol	0.6	0.0	0.0
115	__protein1_rbs	9.0	0.0	0.0
115	__protein2_rbs	10.0	0.0	0.0
115	__protein3_rbs	2.6	0.0	0.0
115	__ribosome	34.0	0.0	0.0
115	__rnase_site_ext	15.8	0.0	0.0
115	p0	0.8	0.0	0.0
115	p1	0.6	0.0	0.0
115	p2	0.8	0.0	0.0
115	protein1	447.4	14.0	2.1463004
115	protein2	458.4	15.4	1.9193278000000003
115	protein3	108.2	3.2	1.85
115	r2	3.2	0.0	0.0
115	rnapol	0.8	0.0	0.0
116	__protein1_rbs	7.2	0.0	0.0
116	__protein2_rbs	7.8	0.0	0.0
116	__protein3_rbs	1.2	0.0	0.0
116	__ribosome	34.6	0.0	0.0
116	__rnase_site_ext	15.8	0.0	0.0
116	p0	0.8	0.0	0.0
116	p1	0.4	0.0	0.0
116	p2	1.0	0.0	0.0
116	protein1	454.4	13.6	2.1363002
116	protein2	465.2	15.6	1.9160924
116	protein3	110.2	3.2	2.1100000000000003
116	r2	3.2	0.0	0.0
116	rnapol	0.6	0.0	0.0
117	__protein1_rbs	7.0	0.0	0.0
117	__protein2_rbs	9.8	0.0	0.0
117	__protein3_rbs	2.2	0.0	0.0
117	__ribosome	35.2	0.0	0.0
117	__rnase_site_ext	15.4	0.0	0.0
117	p0	1.0	0.0	0.0
117	p1	0.2	0.0	0.0
117	p2	0.8	0.0	0.0
117	protein1	460.4	13.6	2.1132966
117	protein2	471.6	15.8	1.8705158
117	protein3	111.2	3.2	1.94
117	r2	3.2	0.0	0.0
117	rnapol	0.6	0.0	0.0
118	__protein1_rbs	7.4	0.0	0.0
118	__protein2_rbs	9.0	0.0	0.0
118	__protein3_rbs	1.4	0.0	0.0
118	__ribosome	33.2	0.0	0.0
118	__rnase_site_ext	15.8	0.0	0.0
118	p0	0.6	0.0	0.0
118	p1	0.8	0.0	0.0
118	p2	0.8	0.0	0.0
118	protein1	465.8	13.2	2.2223808
118	protein2	477.4	16.4	1.8833168000000002
118	protein3	113.0	3.2	2.15
118	r2	3.4	0.0	0.0
118	rnapol	0.4	0.0	0.0
119	__protein1_rbs	9.0	0.0	0.0
119	__protein2_rbs	11.2	0.0	0.0
119	__protein3_rbs	2.0	0.0	0.0
119	__ribosome	35.6	0.0	0.0
119	__rnase_site_ext	15.8	0.0	0.0
119	p0	1.0	0.0	0.0
119	p1	0.6	0.0	0.0
119	p2	0.8	0.0	0.0
119	protein1	473.4	13.6	1.9179488
119	protein2	482.6	17.0	1.8540246
119	protein3	114.2	3.4	1.98
119	r2	3.4	0.0	0.0
119	rnapol	0.4	0.0	0.0
120	__protein1_rbs	9.0	0.0	0.0
120	__protein2_rbs	9.4	0.0	0.0
120	__protein3_rbs	2.0	0.0	0.0
120	__ribosome	34.0	0.0	0.0
120	__rnase_site_ext	15.8	0.0	0.0
120	p0	0.8	0.0	0.0
120	p1	0.8	0.0	0.0
120	p2	1.0	0.0	0.0
120	protein1	479.0	13.4	1.8716118
120	protein2	488.8	17.2	1.9402942
120	protein3	115.0	3.4	2.22
120	r2	3.2	0.0	0.0
120	rnapol	0.6	0.0	0.0
121	__protein1_rbs	8.2	0.0	0.0
121	__protein2_rbs	9.8	0.0	0.0
121	__protein3_rbs	1.6	0.0	0.0
121	__ribosome	33.4	0.0	0.0
121	__rnase_site_ext	15.8	0.0	0.0
121	p0	0.8	0.0	0.0
121	p1	1.0	0.0	0.0
121	p2	0.6	0.0	0.0
121	protein1	484.6	13.6	1.9071428
121	protein2	496.0	17.2	1.9410294
121	protein3	117.0	3.2	2.35
121	r2	3.2	0.0	0.0
121	rnapol	0.4	0.0	0.0
122	__protein1_rbs	7.6	0.0	0.0
122	__protein2_rbs	10.4	0.0	0.0
122	__protein3_rbs	1.8	0.0	0.0
122	__ribosome	33.0	0.0	0.0
122	__rnase_site_ext	15.6	0.0	0.0
122	p0	1.0	0.0	0.0
122	p1	0.8	0.0	0.0
122	p2	0.4	0.0	0.0
122	protein1	490.0	13.6	1.895238
122	protein2	501.8	17.0	2.0007354
122	protein3	118.4	3.2	2.2
122	r2	3.2	0.0	0.0
122	rnapol	0.6	0.0	0.0
123	__protein1_rbs	8.8	0.0	0.0
123	__protein2_rbs	10.0	0.0	0.0
123	__protein3_rbs	1.8	0.0	0.0
123	__ribosome	33.6	0.0	0.0
123	__rnase_site_ext	15.6	0.0	0.0
123	p0	0.8	0.0	0.0
123	p1	1.0	0.0	0.0
123	p2	0.8	0.0	0.0
123	protein1	495.6	13.6	1.8273994
123	protein2	508.8	16.8	2.0288888
123	protein3	119.8	3.2	2.35
123	r2	3.2	0.0	0.0
123	rnapol	1.0	0.0	0.0
124	__protein1_rbs	8.6	0.0	0.0
124	__protein2_rbs	10.2	0.0	0.0
124	__protein3_rbs	1.4	0.0	0.0
124	__ribosome	32.8	0.0	0.0
124	__rnase_site_ext	16.0	0.0	0.0
124	p0	0.8	0.0	0.0
124	p1	0.8	0.0	0.0
124	p2	0.6	0.0	0.0
124	protein1	500.4	13.2	1.9215752000000001
124	protein2	515.0	16.8	2.0705882
124	protein3	121.8	3.2	2.35
124	r2	3.2	0.0	0.0
124	rnapol	1.0	0.0	0.0
125	__protein1_rbs	8.4	0.0	0.0
125	__protein2_rbs	8.8	0.0	0.0
125	__protein3_rbs	1.8	0.0	0.0
125	__ribosome	34.2	0.0	0.0
125	__rnase_site_ext	16.0	0.0	0.0
125	p0	0.6	0.0	0.0
125	p1	0.6	0.0	0.0
125	p2	0.6	0.0	0.0
125	protein1	505.6	13.8	1.8135534
125	protein2	523.6	16.4	2.0300654
125	protein3	122.8	3.2	2.45
125	r2	3.2	0.0	0.0
125	rnapol	0.8	0.0	0.0
126	__protein1_rbs	6.8	0.0	0.0
126	__protein2_rbs	10.6	0.0	0.0
126	__protein3_rbs	2.2	0.0	0.0
126	__ribosome	34.6	0.0	0.0
126	__rnase_site_ext	16.2	0.0	0.0
126	p0	0.6	0.0	0.0
126	p1	0.6	0.0	0.0
126	p2	0.8	0.0	0.0
126	protein1	511.0	13.8	1.9150916
126	protein2	531.0	16.2	2.0008218
126	protein3	124.6	3.2	2.15
126	r2	3.4	0.0	0.0
126	rnapol	0.4	0.0	0.0
127	__protein1_rbs	9.2	0.0	0.0
127	__protein2_rbs	9.6	0.0	0.0
127	__protein3_rbs	2.6	0.0	0.0
127	__ribosome	35.0	0.0	0.0
127	__rnase_site_ext	16.2	0.0	0.0
127	p0	1.0	0.0	0.0
127	p1	1.0	0.0	0.0
127	p2	1.0	0.0	0.0
127	protein1	516.2	14.4	1.8357144
127	protein2	537.6	16.4	1.996335
127	protein3	126.6	3.2	2.0533334
127	r2	3.2	0.0	0.0
127	rnapol	0.4	0.0	0.0
128	__protein1_rbs	8.0	0.0	0.0
128	__protein2_rbs	10.4	0.0	0.0
128	__protein3_rbs	2.2	0.0	0.0
128	__ribosome	32.8	0.0	0.0
128	__rnase_site_ext	16.6	0.0	0.0
128	p0	0.6	0.0	0.0
128	p1	0.6	0.0	0.0
128	p2	0.8	0.0	0.0
128	protein1	521.4	14.2	1.9828572
128	protein2	543.8	16.6	1.9834734
128	protein3	127.6	3.2	2.0366666
128	r2	3.2	0.0	0.0
128	rnapol	0.0	0.0	0.0
129	__protein1_rbs	8.6	0.0	0.0
129	__protein2_rbs	9.2	0.0	0.0
129	__protein3_rbs	2.0	0.0	0.0
129	__ribosome	33.0	0.0	0.0
129	__rnase_site_ext	16.4	0.0	0.0
129	p0	1.0	0.0	0.0
129	p1	0.4	0.0	0.0
129	p2	1.0	0.0	0.0
129	protein1	527.0	14.4	1.9759796000000003
129	protein2	551.4	16.4	2.018359
129	protein3	129.4	3.2	1.82
129	r2	3.4	0.0	0.0
129	rnapol	0.0	0.0	0.0
130	__protein1_rbs	10.4	0.0	0.0
130	__protein2_rbs	9.2	0.0	0.0
130	__protein3_rbs	1.8	0.0	0.0
130	__ribosome	32.2	0.0	0.0
130	__rnase_site_ext	16.2	0.0	0.0
130	p0	1.0	0.0	0.0
130	p1	0.6	0.0	0.0
130	p2	1.0	0.0	0.0
130	protein1	532.2	14.6	1.9035712
130	protein2	557.6	16.6	2.0595472
130	protein3	131.0	3.2	1.9533334
130	r2	3.4	0.0	0.0
130	rnapol	0.0	0.0	0.0
131	__protein1_rbs	7.2	0.0	0.0
131	__protein2_rbs	10.2	0.0	0.0
131	__protein3_rbs	2.0	0.0	0.0
131	__ribosome	33.8	0.0	0.0
131	__rnase_site_ext	16.0	0.0	0.0
131	p0	1.0	0.0	0.0
131	p1	0.6	0.0	0.0
131	p2	1.0	0.0	0.0
131	protein1	539.2	14.4	1.9580954
131	protein2	565.2	16.4	1.9619444
131	protein3	132.0	3.4	1.7633332
131	r2	3.4	0.0	0.0
131	rnapol	0.2	0.0	0.0
132	__protein1_rbs	7.8	0.0	0.0
132	__protein2_rbs	9.0	0.0	0.0
132	__protein3_rbs	2.2	0.0	0.0
132	__ribosome	30.4	0.0	0.0
132	__rnase_site_ext	15.4	0.0	0.0
132	p0	1.0	0.0	0.0
132	p1	0.6	0.0	0.0
132	p2	0.6	0.0	0.0
132	protein1	544.2	14.2	2.0742858
132	protein2	572.0	16.4	2.0577216
132	protein3	132.8	3.2	2.1133333999999997
132	r2	3.4	0.0	0.0
132	rnapol	0.4	0.0	0.0
133	__protein1_rbs	9.4	0.0	0.0
133	__protein2_rbs	8.8	0.0	0.0
133	__protein3_rbs	1.6	0.0	0.0
133	__ribosome	30.6	0.0	0.0
133	__rnase_site_ext	15.4	0.0	0.0
133	p0	1.0	0.0	0.0
133	p1	0.4	0.0	0.0
133	p2	0.8	0.0	0.0
133	protein1	550.6	14.0	1.9857142
133	protein2	579.0	16.2	2.1356864
133	protein3	134.2	3.4	2.1766666
133	r2	3.2	0.0	0.0
133	rnapol	0.4	0.0	0.0
134	__protein1_rbs	6.6	0.0	0.0
134	__protein2_rbs	10.2	0.0	0.0
134	__protein3_rbs	2.4	0.0	0.0
134	__ribosome	32.6	0.0	0.0
134	__rnase_site_ext	15.2	0.0	0.0
134	p0	1.0	0.0	0.0
134	p1	0.4	0.0	0.0
134	p2	0.6	0.0	0.0
134	protein1	557.0	13.8	2.0626371999999997
134	protein2	586.4	16.0	2.0335294
134	protein3	135.8	3.2	2.0866668
134	r2	3.2	0.0	0.0
134	rnapol	0.6	0.0	0.0
135	__protein1_rbs	8.8	0.0	0.0
135	__protein2_rbs	9.8	0.0	0.0
135	__protein3_rbs	1.8	0.0	0.0
135	__ribosome	29.8	0.0	0.0
135	__rnase_site_ext	15.0	0.0	0.0
135	p0	0.8	0.0	0.0
135	p1	0.6	0.0	0.0
135	p2	0.4	0.0	0.0
135	protein1	561.2	13.6	2.181319
135	protein2	591.8	16.2	2.1146826
135	protein3	137.0	3.2	2.18
135	r2	3.4	0.0	0.0
135	rnapol	0.6	0.0	0.0
136	__protein1_rbs	7.0	0.0	0.0
136	__protein2_rbs	10.0	0.0	0.0
136	__protein3_rbs	2.0	0.0	0.0
136	__ribosome	31.0	0.0	0.0
136	__rnase_site_ext	15.2	0.0	0.0
136	p0	1.0	0.0	0.0
136	p1	1.0	0.0	0.0
136	p2	0.8	0.0	0.0
136	protein1	568.6	13.4	2.13022
136	protein2	598.4	16.4	2.0927172
136	protein3	138.2	3.4	2.0999998
136	r2	3.6	0.0	0.0
136	rnapol	0.8	0.0	0.0
137	__protein1_rbs	7.0	0.0	0.0
137	__protein2_rbs	10.0	0.0	0.0
137	__protein3_rbs	2.2	0.0	0.0
137	__ribosome	32.6	0.0	0.0
137	__rnase_site_ext	15.2	0.0	0.0
137	p0	0.8	0.0	0.0
137	p1	1.0	0.0	0.0
137	p2	0.8	0.0	0.0
137	protein1	574.8	13.6	2.0776924
137	protein2	606.0	16.4	1.9983194
137	protein3	139.2	3.6	2.05
137	r2	3.6	0.0	0.0
137	rnapol	0.8	0.0	0.0
138	__protein1_rbs	8.4	0.0	0.0
138	__protein2_rbs	6.8	0.0	0.0
138	__protein3_rbs	1.8	0.0	0.0
138	__ribosome	33.0	0.0	0.0
138	__rnase_site_ext	15.0	0.0	0.0
138	p0	0.8	0.0	0.0
138	p1	1.0	0.0	0.0
138	p2	0.6	0.0	0.0
138	protein1	580.6	13.6	1.997399
138	protein2	613.8	16.4	2.0924369999999994
138	protein3	141.8	3.6	1.7833333999999998
138	r2	4.0	0.0	0.0
138	rnapol	0.6	0.0	0.0
139	__protein1_rbs	6.8	0.0	0.0
139	__protein2_rbs	9.8	0.0	0.0
139	__protein3_rbs	2.6	0.0	0.0
139	__ribosome	31.2	0.0	0.0
139	__rnase_site_ext	14.8	0.0	0.0
139	p0	0.8	0.0	0.0
139	p1	1.0	0.0	0.0
139	p2	0.6	0.0	0.0
139	protein1	586.6	13.6	2.0743723999999997
139	protein2	619.8	15.8	2.1507352
139	protein3	142.4	4.0	1.8214286
139	r2	4.0	0.0	0.0
139	rnapol	0.6	0.0	0.0
140	__protein1_rbs	8.6	0.0	0.0
140	__protein2_rbs	7.8	0.0	0.0
140	__protein3_rbs	3.0	0.0	0.0
140	__ribosome	32.8	0.0	0.0
140	__rnase_site_ext	15.0	0.0	0.0
140	p0	1.0	0.0	0.0
140	p1	1.0	0.0	0.0
140	p2	0.6	0.0	0.0
140	protein1	593.0	13.2	2.0114284
140	protein2	627.0	15.8	2.1632352000000004
140	protein3	143.6	4.0	1.8214286
140	r2	4.0	0.0	0.0
140	rnapol	1.0	0.0	0.0
141	__protein1_rbs	8.8	0.0	0.0
141	__protein2_rbs	8.4	0.0	0.0
141	__protein3_rbs	2.8	0.0	0.0
141	__ribosome	32.4	0.0	0.0
141	__rnase_site_ext	14.6	0.0	0.0
141	p0	1.0	0.0	0.0
141	p1	1.0	0.0	0.0
141	p2	0.6	0.0	0.0
141	protein1	597.6	13.4	2.0476192
141	protein2	634.0	15.8	2.1703780000000004
141	protein3	145.2	4.0	1.6952379999999998
141	r2	4.2	0.0	0.0
141	rnapol	1.6	0.0	0.0
142	__protein1_rbs	6.4	0.0	0.0
142	__protein2_rbs	9.8	0.0	0.0
142	__protein3_rbs	2.2	0.0	0.0
142	__ribosome	31.2	0.0	0.0
142	__rnase_site_ext	14.4	0.0	0.0
142	p0	0.8	0.0	0.0
142	p1	0.8	0.0	0.0
142	p2	1.0	0.0	0.0
142	protein1	604.2	13.4	2.0838094000000003
142	protein2	640.2	15.4	2.22
142	protein3	146.4	4.2	1.8619047999999998
142	r2	4.0	0.0	0.0
142	rnapol	1.4	0.0	0.0
143	__protein1_rbs	8.0	0.0	0.0
143	__protein2_rbs	8.2	0.0	0.0
143	__protein3_rbs	1.8	0.0	0.0
143	__ribosome	34.4	0.0	0.0
143	__rnase_site_ext	14.6	0.0	0.0
143	p0	0.4	0.0	0.0
143	p1	0.8	0.0	0.0
143	p2	1.0	0.0	0.0
143	protein1	610.0	12.6	2.1131868
143	protein2	650.0	15.2	2.0719046000000003
143	protein3	147.8	4.0	2.0142856
143	r2	4.0	0.0	0.0
143	rnapol	0.6	0.0	0.0
144	__protein1_rbs	7.2	0.0	0.0
144	__protein2_rbs	9.2	0.0	0.0
144	__protein3_rbs	2.4	0.0	0.0
144	__ribosome	35.2	0.0	0.0
144	__rnase_site_ext	15.6	0.0	0.0
144	p0	0.4	0.0	0.0
144	p1	0.6	0.0	0.0
144	p2	1.0	0.0	0.0
144	protein1	616.0	13.0	2.006813
144	protein2	656.0	15.4	2.0691666
144	protein3	149.8	4.0	1.7619048
144	r2	4.2	0.0	0.0
144	rnapol	0.2	0.0	0.0
145	__protein1_rbs	8.0	0.0	0.0
145	__protein2_rbs	8.4	0.0	0.0
145	__protein3_rbs	2.2	0.0	0.0
145	__ribosome	31.6	0.0	0.0
145	__rnase_site_ext	15.8	0.0	0.0
145	p0	1.0	0.0	0.0
145	p1	0.4	0.0	0.0
145	p2	1.0	0.0	0.0
145	protein1	620.6	13.8	1.9649352
145	protein2	662.0	15.6	2.130098
145	protein3	151.0	4.2	1.9238096
145	r2	4.2	0.0	0.0
145	rnapol	0.2	0.0	0.0
146	__protein1_rbs	9.6	0.0	0.0
146	__protein2_rbs	8.6	0.0	0.0
146	__protein3_rbs	2.8	0.0	0.0
146	__ribosome	33.2	0.0	0.0
146	__rnase_site_ext	15.8	0.0	0.0
146	p0	0.8	0.0	0.0
146	p1	0.6	0.0	0.0
146	p2	1.0	0.0	0.0
146	protein1	627.2	14.0	1.853593
146	protein2	670.0	16.0	2.0484313999999997
146	protein3	152.4	4.2	1.9
146	r2	4.2	0.0	0.0
146	rnapol	0.2	0.0	0.0
147	__protein1_rbs	9.0	0.0	0.0
147	__protein2_rbs	11.0	0.0	0.0
147	__protein3_rbs	2.6	0.0	0.0
147	__ribosome	33.8	0.0	0.0
147	__rnase_site_ext	15.8	0.0	0.0
147	p0	1.0	0.0	0.0
147	p1	0.8	0.0	0.0
147	p2	1.0	0.0	0.0
147	protein1	632.4	14.0	1.8693504
147	protein2	676.2	16.0	2.015
147	protein3	154.6	4.2	1.7666666000000002
147	r2	4.2	0.0	0.0
147	rnapol	0.4	0.0	0.0
148	__protein1_rbs	8.0	0.0	0.0
148	__protein2_rbs	10.0	0.0	0.0
148	__protein3_rbs	3.0	0.0	0.0
148	__ribosome	32.8	0.0	0.0
148	__rnase_site_ext	15.8	0.0	0.0
148	p0	0.8	0.0	0.0
148	p1	1.0	0.0	0.0
148	p2	0.8	0.0	0.0
148	protein1	638.0	14.2	1.8557792000000002
148	protein2	682.2	16.0	2.05
148	protein3	156.0	4.2	1.8333334
148	r2	3.8	0.0	0.0
148	rnapol	0.2	0.0	0.0
149	__protein1_rbs	8.0	0.0	0.0
149	__protein2_rbs	9.6	0.0	0.0
149	__protein3_rbs	1.2	0.0	0.0
149	__ribosome	31.0	0.0	0.0
149	__rnase_site_ext	16.2	0.0	0.0
149	p0	0.8	0.0	0.0
149	p1	1.0	0.0	0.0
149	p2	0.8	0.0	0.0
149	protein1	643.2	14.0	1.9269698
149	protein2	690.0	16.2	2.0014706
149	protein3	157.2	4.0	2.5
149	r2	3.8	0.0	0.0
149	rnapol	0.6	0.0	0.0
150	__protein1_rbs	9.4	0.0	0.0
150	__protein2_rbs	9.6	0.0	0.0
150	__protein3_rbs	1.4	0.0	0.0
150	__ribosome	35.0	0.0	0.0
150	__rnase_site_ext	16.0	0.0	0.0
150	p0	1.0	0.0	0.0
150	p1	0.2	0.0	0.0
150	p2	0.6	0.0	0.0
150	protein1	650.8	14.2	1.7121428
150	protein2	697.0	15.8	2.0258334
150	protein3	159.8	3.8	2.3166666
150	r2	3.8	0.0	0.0
150	rnapol	0.8	0.0	0.0
151	__protein1_rbs	7.6	0.0	0.0
151	__protein2_rbs	10.2	0.0	0.0
151	__protein3_rbs	2.0	0.0	0.0
151	__ribosome	31.4	0.0	0.0
151	__rnase_site_ext	16.2	0.0	0.0
151	p0	1.0	0.0	0.0
151	p1	0.0	0.0	0.0
151	p2	0.6	0.0	0.0
151	protein1	654.2	14.2	2.0448812
151	protein2	704.4	15.4	2.0070238000000002
151	protein3	161.4	3.8	2.4666667999999996
151	r2	3.8	0.0	0.0
151	rnapol	0.8	0.0	0.0
152	__protein1_rbs	8.6	0.0	0.0
152	__protein2_rbs	8.0	0.0	0.0
152	__protein3_rbs	2.6	0.0	0.0
152	__ribosome	32.8	0.0	0.0
152	__rnase_site_ext	16.6	0.0	0.0
152	p0	0.6	0.0	0.0
152	p1	0.2	0.0	0.0
152	p2	1.0	0.0	0.0
152	protein1	660.4	14.2	1.987857
152	protein2	711.8	15.6	1.9808544
152	protein3	163.6	3.8	2.2666666
152	r2	3.6	0.0	0.0
152	rnapol	1.0	0.0	0.0
153	__protein1_rbs	8.8	0.0	0.0
153	__protein2_rbs	10.2	0.0	0.0
153	__protein3_rbs	2.4	0.0	0.0
153	__ribosome	32.2	0.0	0.0
153	__rnase_site_ext	17.2	0.0	0.0
153	p0	0.4	0.0	0.0
153	p1	0.8	0.0	0.0
153	p2	0.8	0.0	0.0
153	protein1	665.0	14.2	2.0542582
153	protein2	718.8	16.0	1.8733192000000003
153	protein3	165.0	3.8	2.3833332
153	r2	3.8	0.0	0.0
153	rnapol	0.4	0.0	0.0
154	__protein1_rbs	10.0	0.0	0.0
154	__protein2_rbs	9.8	0.0	0.0
154	__protein3_rbs	2.2	0.0	0.0
154	__ribosome	33.8	0.0	0.0
154	__rnase_site_ext	17.0	0.0	0.0
154	p0	1.0	0.0	0.0
154	p1	1.0	0.0	0.0
154	p2	1.0	0.0	0.0
154	protein1	672.0	14.6	1.8845462
154	protein2	724.6	16.2	1.9231208
154	protein3	167.4	3.8	2.2466666
154	r2	3.8	0.0	0.0
154	rnapol	0.6	0.0	0.0
155	__protein1_rbs	7.4	0.0	0.0
155	__protein2_rbs	9.0	0.0	0.0
155	__protein3_rbs	2.4	0.0	0.0
155	__ribosome	31.2	0.0	0.0
155	__rnase_site_ext	16.4	0.0	0.0
155	p0	1.0	0.0	0.0
155	p1	0.8	0.0	0.0
155	p2	1.0	0.0	0.0
155	protein1	678.4	14.8	1.9393278
155	protein2	730.4	16.2	2.0003204
155	protein3	168.6	3.8	2.1566666000000003
155	r2	3.6	0.0	0.0
155	rnapol	0.6	0.0	0.0
156	__protein1_rbs	8.6	0.0	0.0
156	__protein2_rbs	7.6	0.0	0.0
156	__protein3_rbs	2.4	0.0	0.0
156	__ribosome	29.8	0.0	0.0
156	__rnase_site_ext	16.8	0.0	0.0
156	p0	0.6	0.0	0.0
156	p1	0.8	0.0	0.0
156	p2	0.6	0.0	0.0
156	protein1	684.2	14.4	2.0020512000000004
156	protein2	736.4	16.0	2.1583334
156	protein3	170.6	3.4	2.25
156	r2	3.4	0.0	0.0
156	rnapol	0.2	0.0	0.0
157	__protein1_rbs	8.2	0.0	0.0
157	__protein2_rbs	11.2	0.0	0.0
157	__protein3_rbs	2.2	0.0	0.0
157	__ribosome	31.8	0.0	0.0
157	__rnase_site_ext	16.6	0.0	0.0
157	p0	1.0	0.0	0.0
157	p1	0.8	0.0	0.0
157	p2	0.6	0.0	0.0
157	protein1	690.2	14.6	2.0684158
157	protein2	743.8	15.8	2.0069444
157	protein3	172.8	3.4	2.01
157	r2	3.4	0.0	0.0
157	rnapol	0.8	0.0	0.0
158	__protein1_rbs	9.0	0.0	0.0
158	__protein2_rbs	10.6	0.0	0.0
158	__protein3_rbs	1.8	0.0	0.0
158	__ribosome	33.2	0.0	0.0
158	__rnase_site_ext	17.0	0.0	0.0
158	p0	0.2	0.0	0.0
158	p1	0.8	0.0	0.0
158	p2	0.8	0.0	0.0
158	protein1	696.4	14.6	2.0601098
158	protein2	751.4	15.6	1.9355052
158	protein3	174.4	3.4	2.06
158	r2	3.2	0.0	0.0
158	rnapol	0.8	0.0	0.0
159	__protein1_rbs	9.2	0.0	0.0
159	__protein2_rbs	7.6	0.0	0.0
159	__protein3_rbs	2.6	0.0	0.0
159	__ribosome	30.2	0.0	0.0
159	__rnase_site_ext	17.6	0.0	0.0
159	p0	0.8	0.0	0.0
159	p1	0.4	0.0	0.0
159	p2	1.0	0.0	0.0
159	protein1	701.6	14.8	2.0666026
159	protein2	756.6	15.4	2.1902942000000003
159	protein3	176.0	3.2	1.7366666000000002
159	r2	3.2	0.0	0.0
159	rnapol	0.8	0.0	0.0
160	__protein1_rbs	9.2	0.0	0.0
160	__protein2_rbs	10.2	0.0	0.0
160	__protein3_rbs	1.6	0.0	0.0
160	__ribosome	34.0	0.0	0.0
160	__rnase_site_ext	17.8	0.0	0.0
160	p0	0.6	0.0	0.0
160	p1	0.4	0.0	0.0
160	p2	1.0	0.0	0.0
160	protein1	708.8	15.4	1.9242858
160	protein2	765.2	15.4	1.9492858
160	protein3	176.8	3.2	2.0166666
160	r2	3.2	0.0	0.0
160	rnapol	0.4	0.0	0.0
161	__protein1_rbs	8.8	0.0	0.0
161	__protein2_rbs	9.2	0.0	0.0
161	__protein3_rbs	2.2	0.0	0.0
161	__ribosome	34.0	0.0	0.0
161	__rnase_site_ext	17.8	0.0	0.0
161	p0	1.0	0.0	0.0
161	p1	0.6	0.0	0.0
161	p2	0.8	0.0	0.0
161	protein1	715.6	15.8	1.9111344000000003
161	protein2	772.4	15.4	1.9578394000000001
161	protein3	178.6	3.2	1.8533334
161	r2	3.2	0.0	0.0
161	rnapol	0.4	0.0	0.0
162	__protein1_rbs	8.2	0.0	0.0
162	__protein2_rbs	8.0	0.0	0.0
162	__protein3_rbs	2.4	0.0	0.0
162	__ribosome	31.2	0.0	0.0
162	__rnase_site_ext	17.6	0.0	0.0
162	p0	1.0	0.0	0.0
162	p1	0.6	0.0	0.0
162	p2	1.0	0.0	0.0
162	protein1	722.4	16.0	1.9461276
162	protein2	778.6	15.8	2.0576874000000003
162	protein3	179.8	3.2	1.9233334
162	r2	3.4	0.0	0.0
162	rnapol	0.6	0.0	0.0
163	__protein1_rbs	9.0	0.0	0.0
163	__protein2_rbs	9.2	0.0	0.0
163	__protein3_rbs	2.2	0.0	0.0
163	__ribosome	28.2	0.0	0.0
163	__rnase_site_ext	17.6	0.0	0.0
163	p0	0.8	0.0	0.0
163	p1	0.4	0.0	0.0
163	p2	0.6	0.0	0.0
163	protein1	728.0	15.8	2.0485293999999996
163	protein2	784.6	16.0	2.0989444
163	protein3	180.8	3.4	1.9633332
163	r2	3.4	0.0	0.0
163	rnapol	0.4	0.0	0.0
164	__protein1_rbs	9.0	0.0	0.0
164	__protein2_rbs	8.6	0.0	0.0
164	__protein3_rbs	2.4	0.0	0.0
164	__ribosome	28.4	0.0	0.0
164	__rnase_site_ext	17.8	0.0	0.0
164	p0	0.6	0.0	0.0
164	p1	0.8	0.0	0.0
164	p2	1.0	0.0	0.0
164	protein1	734.8	15.8	2.0467648
164	protein2	791.8	16.0	2.1202614
164	protein3	182.0	3.4	1.8033333999999999
164	r2	3.4	0.0	0.0
164	rnapol	0.4	0.0	0.0
165	__protein1_rbs	8.6	0.0	0.0
165	__protein2_rbs	9.6	0.0	0.0
165	__protein3_rbs	2.6	0.0	0.0
165	__ribosome	28.8	0.0	0.0
165	__rnase_site_ext	18.4	0.0	0.0
165	p0	1.0	0.0	0.0
165	p1	0.4	0.0	0.0
165	p2	1.0	0.0	0.0
165	protein1	741.0	15.8	2.1111276
165	protein2	798.8	16.2	2.0563034
165	protein3	184.2	3.4	1.5566666000000002
165	r2	3.4	0.0	0.0
165	rnapol	0.2	0.0	0.0
166	__protein1_rbs	11.0	0.0	0.0
166	__protein2_rbs	9.0	0.0	0.0
166	__protein3_rbs	2.0	0.0	0.0
166	__ribosome	26.4	0.0	0.0
166	__rnase_site_ext	18.4	0.0	0.0
166	p0	0.8	0.0	0.0
166	p1	0.4	0.0	0.0
166	p2	0.2	0.0	0.0
166	protein1	748.2	16.4	1.9833333999999998
166	protein2	804.4	16.2	2.1614316000000002
166	protein3	184.6	3.4	1.87
166	r2	3.4	0.0	0.0
166	rnapol	0.0	0.0	0.0
167	__protein1_rbs	10.0	0.0	0.0
167	__protein2_rbs	11.4	0.0	0.0
167	__protein3_rbs	1.4	0.0	0.0
167	__ribosome	31.0	0.0	0.0
167	__rnase_site_ext	18.2	0.0	0.0
167	p0	0.8	0.0	0.0
167	p1	0.6	0.0	0.0
167	p2	0.6	0.0	0.0
167	protein1	755.8	16.4	1.925
167	protein2	814.0	16.8	1.837782
167	protein3	186.2	3.4	1.9066666
167	r2	3.4	0.0	0.0
167	rnapol	0.4	0.0	0.0
168	__protein1_rbs	10.6	0.0	0.0
168	__protein2_rbs	10.8	0.0	0.0
168	__protein3_rbs	3.0	0.0	0.0
168	__ribosome	32.6	0.0	0.0
168	__rnase_site_ext	17.8	0.0	0.0
168	p0	1.0	0.0	0.0
168	p1	1.0	0.0	0.0
168	p2	0.6	0.0	0.0
168	protein1	763.6	16.4	1.8472222000000005
168	protein2	820.2	17.2	1.8544716
168	protein3	187.8	3.4	1.5433334
168	r2	3.4	0.0	0.0
168	rnapol	0.4	0.0	0.0
169	__protein1_rbs	10.6	0.0	0.0
169	__protein2_rbs	10.4	0.0	0.0
169	__protein3_rbs	1.2	0.0	0.0
169	__ribosome	32.4	0.0	0.0
169	__rnase_site_ext	17.6	0.0	0.0
169	p0	1.0	0.0	0.0
169	p1	1.0	0.0	0.0
169	p2	1.0	0.0	0.0
169	protein1	770.8	16.0	1.7779412
169	protein2	826.8	17.4	1.8641666
169	protein3	188.8	3.4	1.87
169	r2	3.4	0.0	0.0
169	rnapol	0.6	0.0	0.0
170	__protein1_rbs	10.4	0.0	0.0
170	__protein2_rbs	11.0	0.0	0.0
170	__protein3_rbs	1.8	0.0	0.0
170	__ribosome	32.4	0.0	0.0
170	__rnase_site_ext	17.6	0.0	0.0
170	p0	1.0	0.0	0.0
170	p1	0.8	0.0	0.0
170	p2	0.6	0.0	0.0
170	protein1	777.6	15.6	1.8309804
170	protein2	834.2	17.4	1.8247221999999998
170	protein3	189.6	3.4	2.25
170	r2	3.6	0.0	0.0
170	rnapol	0.6	0.0	0.0
171	__protein1_rbs	10.4	0.0	0.0
171	__protein2_rbs	11.2	0.0	0.0
171	__protein3_rbs	1.8	0.0	0.0
171	__ribosome	34.0	0.0	0.0
171	__rnase_site_ext	17.2	0.0	0.0
171	p0	0.8	0.0	0.0
171	p1	0.6	0.0	0.0
171	p2	0.4	0.0	0.0
171	protein1	784.2	15.6	1.760343
171	protein2	841.6	17.2	1.7835611999999998
171	protein3	191.0	3.6	2.3
171	r2	3.8	0.0	0.0
171	rnapol	0.8	0.0	0.0
172	__protein1_rbs	9.4	0.0	0.0
172	__protein2_rbs	10.0	0.0	0.0
172	__protein3_rbs	2.0	0.0	0.0
172	__ribosome	32.2	0.0	0.0
172	__rnase_site_ext	17.6	0.0	0.0
172	p0	1.0	0.0	0.0
172	p1	0.6	0.0	0.0
172	p2	0.8	0.0	0.0
172	protein1	790.2	15.6	1.7824018
172	protein2	847.8	17.2	1.8815060000000003
172	protein3	192.8	3.8	2.05
172	r2	3.4	0.0	0.0
172	rnapol	1.0	0.0	0.0
173	__protein1_rbs	9.6	0.0	0.0
173	__protein2_rbs	11.2	0.0	0.0
173	__protein3_rbs	1.4	0.0	0.0
173	__ribosome	31.6	0.0	0.0
173	__rnase_site_ext	18.0	0.0	0.0
173	p0	0.4	0.0	0.0
173	p1	0.8	0.0	0.0
173	p2	1.0	0.0	0.0
173	protein1	796.4	15.6	1.7935152000000003
173	protein2	855.4	17.2	1.85817
173	protein3	194.2	3.4	2.7333334
173	r2	3.4	0.0	0.0
173	rnapol	0.6	0.0	0.0
174	__protein1_rbs	9.2	0.0	0.0
174	__protein2_rbs	12.4	0.0	0.0
174	__protein3_rbs	2.2	0.0	0.0
174	__ribosome	32.2	0.0	0.0
174	__rnase_site_ext	18.4	0.0	0.0
174	p0	0.6	0.0	0.0
174	p1	0.8	0.0	0.0
174	p2	0.8	0.0	0.0
174	protein1	803.0	16.2	1.7648528000000003
174	protein2	862.0	17.4	1.7962847999999998
174	protein3	196.2	3.6	2.5476192
174	r2	3.6	0.0	0.0
174	rnapol	0.2	0.0	0.0
175	__protein1_rbs	10.4	0.0	0.0
175	__protein2_rbs	9.8	0.0	0.0
175	__protein3_rbs	1.0	0.0	0.0
175	__ribosome	28.8	0.0	0.0
175	__rnase_site_ext	18.6	0.0	0.0
175	p0	0.8	0.0	0.0
175	p1	0.8	0.0	0.0
175	p2	0.8	0.0	0.0
175	protein1	808.6	16.2	1.8315196
175	protein2	869.0	17.4	1.8774382
175	protein3	197.8	3.6	2.66
175	r2	3.6	0.0	0.0
175	rnapol	0.4	0.0	0.0
176	__protein1_rbs	10.2	0.0	0.0
176	__protein2_rbs	10.4	0.0	0.0
176	__protein3_rbs	2.6	0.0	0.0
176	__ribosome	27.4	0.0	0.0
176	__rnase_site_ext	18.8	0.0	0.0
176	p0	0.8	0.0	0.0
176	p1	1.0	0.0	0.0
176	p2	1.0	0.0	0.0
176	protein1	814.6	16.6	1.8134638
176	protein2	875.0	17.6	1.9494968000000001
176	protein3	199.6	3.6	2.38
176	r2	3.6	0.0	0.0
176	rnapol	0.4	0.0	0.0
177	__protein1_rbs	11.0	0.0	0.0
177	__protein2_rbs	11.8	0.0	0.0
177	__protein3_rbs	1.4	0.0	0.0
177	__ribosome	29.4	0.0	0.0
177	__rnase_site_ext	18.6	0.0	0.0
177	p0	1.0	0.0	0.0
177	p1	1.0	0.0	0.0
177	p2	0.8	0.0	0.0
177	protein1	821.8	16.6	1.751634
177	protein2	882.6	17.8	1.8644566000000002
177	protein3	201.4	3.6	2.3600000000000003
177	r2	3.6	0.0	0.0
177	rnapol	0.6	0.0	0.0
178	__protein1_rbs	10.4	0.0	0.0
178	__protein2_rbs	11.4	0.0	0.0
178	__protein3_rbs	2.4	0.0	0.0
178	__ribosome	31.2	0.0	0.0
178	__rnase_site_ext	18.6	0.0	0.0
178	p0	0.6	0.0	0.0
178	p1	0.6	0.0	0.0
178	p2	0.8	0.0	0.0
178	protein1	828.0	16.4	1.7594444
178	protein2	890.6	17.6	1.8097953999999998
178	protein3	203.2	3.6	2.3266666000000003
178	r2	3.8	0.0	0.0
178	rnapol	0.8	0.0	0.0
179	__protein1_rbs	9.8	0.0	0.0
179	__protein2_rbs	11.4	0.0	0.0
179	__protein3_rbs	1.6	0.0	0.0
179	__ribosome	29.6	0.0	0.0
179	__rnase_site_ext	18.8	0.0	0.0
179	p0	0.8	0.0	0.0
179	p1	0.6	0.0	0.0
179	p2	1.0	0.0	0.0
179	protein1	834.6	16.6	1.7986929999999997
179	protein2	897.2	17.4	1.8603716
179	protein3	205.4	3.8	2.12
179	r2	3.8	0.0	0.0
179	rnapol	0.8	0.0	0.0
180	__protein1_rbs	8.4	0.0	0.0
180	__protein2_rbs	10.6	0.0	0.0
180	__protein3_rbs	2.0	0.0	0.0
180	__ribosome	29.2	0.0	0.0
180	__rnase_site_ext	19.0	0.0	0.0
180	p0	0.8	0.0	0.0
180	p1	0.4	0.0	0.0
180	p2	1.0	0.0	0.0
180	protein1	841.6	16.8	1.8651796000000003
180	protein2	905.4	17.6	1.772175
180	protein3	207.0	3.8	2.1933332
180	r2	3.8	0.0	0.0
180	rnapol	0.8	0.0	0.0
181	__protein1_rbs	9.6	0.0	0.0
181	__protein2_rbs	10.4	0.0	0.0
181	__protein3_rbs	2.8	0.0	0.0
181	__ribosome	26.6	0.0	0.0
181	__rnase_site_ext	19.2	0.0	0.0
181	p0	0.6	0.0	0.0
181	p1	0.8	0.0	0.0
181	p2	0.8	0.0	0.0
181	protein1	847.4	17.2	1.914035
181	protein2	912.2	17.8	1.8391984
181	protein3	208.4	3.8	2.0666666
181	r2	3.8	0.0	0.0
181	rnapol	0.4	0.0	0.0
182	__protein1_rbs	11.2	0.0	0.0
182	__protein2_rbs	12.4	0.0	0.0
182	__protein3_rbs	2.0	0.0	0.0
182	__ribosome	27.6	0.0	0.0
182	__rnase_site_ext	19.6	0.0	0.0
182	p0	1.0	0.0	0.0
182	p1	0.6	0.0	0.0
182	p2	1.0	0.0	0.0
182	protein1	853.6	17.4	1.9128784000000003
182	protein2	919.6	18.4	1.6963887999999998
182	protein3	210.2	3.8	2.1733332
182	r2	3.8	0.0	0.0
182	rnapol	0.6	0.0	0.0
183	__protein1_rbs	10.2	0.0	0.0
183	__protein2_rbs	10.8	0.0	0.0
183	__protein3_rbs	2.6	0.0	0.0
183	__ribosome	25.6	0.0	0.0
183	__rnase_site_ext	19.8	0.0	0.0
183	p0	0.8	0.0	0.0
183	p1	0.6	0.0	0.0
183	p2	0.8	0.0	0.0
183	protein1	861.6	17.8	1.8792568
183	protein2	926.2	18.0	1.8694444
183	protein3	212.2	3.8	2.1933332
183	r2	3.8	0.0	0.0
183	rnapol	0.6	0.0	0.0
184	__protein1_rbs	12.0	0.0	0.0
184	__protein2_rbs	11.4	0.0	0.0
184	__protein3_rbs	2.2	0.0	0.0
184	__ribosome	25.6	0.0	0.0
184	__rnase_site_ext	19.8	0.0	0.0
184	p0	0.6	0.0	0.0
184	p1	0.8	0.0	0.0
184	p2	1.0	0.0	0.0
184	protein1	867.8	18.0	1.8718886
184	protein2	932.6	17.6	1.8873066000000003
184	protein3	213.8	3.8	2.1666666
184	r2	3.6	0.0	0.0
184	rnapol	0.4	0.0	0.0
185	__protein1_rbs	11.4	0.0	0.0
185	__protein2_rbs	12.2	0.0	0.0
185	__protein3_rbs	2.2	0.0	0.0
185	__ribosome	28.0	0.0	0.0
185	__rnase_site_ext	20.0	0.0	0.0
185	p0	0.8	0.0	0.0
185	p1	0.6	0.0	0.0
185	p2	0.8	0.0	0.0
185	protein1	875.6	18.0	1.8264964
185	protein2	939.4	18.0	1.8051254
185	protein3	216.0	3.6	2.05
185	r2	3.6	0.0	0.0
185	rnapol	0.4	0.0	0.0
186	__protein1_rbs	9.8	0.0	0.0
186	__protein2_rbs	13.0	0.0	0.0
186	__protein3_rbs	1.8	0.0	0.0
186	__ribosome	27.0	0.0	0.0
186	__rnase_site_ext	20.4	0.0	0.0
186	p0	0.6	0.0	0.0
186	p1	0.6	0.0	0.0
186	p2	0.8	0.0	0.0
186	protein1	883.6	18.2	1.8759236
186	protein2	946.8	17.8	1.7551428000000002
186	protein3	216.6	3.6	2.4166666
186	r2	3.6	0.0	0.0
186	rnapol	0.4	0.0	0.0
187	__protein1_rbs	10.8	0.0	0.0
187	__protein2_rbs	11.8	0.0	0.0
187	__protein3_rbs	2.8	0.0	0.0
187	__ribosome	26.8	0.0	0.0
187	__rnase_site_ext	20.8	0.0	0.0
187	p0	0.6	0.0	0.0
187	p1	0.6	0.0	0.0
187	p2	1.0	0.0	0.0
187	protein1	889.6	18.2	1.998607
187	protein2	955.6	18.2	1.6852426
187	protein3	218.8	3.6	2.0333334
187	r2	3.4	0.0	0.0
187	rnapol	0.0	0.0	0.0
188	__protein1_rbs	11.2	0.0	0.0
188	__protein2_rbs	11.0	0.0	0.0
188	__protein3_rbs	2.8	0.0	0.0
188	__ribosome	25.0	0.0	0.0
188	__rnase_site_ext	20.8	0.0	0.0
188	p0	1.0	0.0	0.0
188	p1	0.6	0.0	0.0
188	p2	0.6	0.0	0.0
188	protein1	897.6	18.6	1.9168922
188	protein2	962.0	18.4	1.7906433999999998
188	protein3	220.0	3.4	2.1
188	r2	3.2	0.0	0.0
188	rnapol	0.0	0.0	0.0
189	__protein1_rbs	13.4	0.0	0.0
189	__protein2_rbs	12.4	0.0	0.0
189	__protein3_rbs	2.2	0.0	0.0
189	__ribosome	27.6	0.0	0.0
189	__rnase_site_ext	20.8	0.0	0.0
189	p0	0.8	0.0	0.0
189	p1	0.6	0.0	0.0
189	p2	0.6	0.0	0.0
189	protein1	904.8	19.0	1.801623
189	protein2	968.4	18.2	1.7702786
189	protein3	222.0	3.2	1.92
189	r2	3.2	0.0	0.0
189	rnapol	0.2	0.0	0.0
190	__protein1_rbs	12.8	0.0	0.0
190	__protein2_rbs	12.0	0.0	0.0
190	__protein3_rbs	1.4	0.0	0.0
190	__ribosome	26.4	0.0	0.0
190	__rnase_site_ext	20.6	0.0	0.0
190	p0	1.0	0.0	0.0
190	p1	0.6	0.0	0.0
190	p2	0.8	0.0	0.0
190	protein1	912.2	19.0	1.809668
190	protein2	975.4	18.4	1.7964909999999996
190	protein3	223.8	3.2	2.02
190	r2	3.4	0.0	0.0
190	rnapol	0.4	0.0	0.0
191	__protein1_rbs	12.4	0.0	0.0
191	__protein2_rbs	12.6	0.0	0.0
191	__protein3_rbs	2.2	0.0	0.0
191	__ribosome	28.4	0.0	0.0
191	__rnase_site_ext	20.4	0.0	0.0
191	p0	1.0	0.0	0.0
191	p1	0.6	0.0	0.0
191	p2	0.8	0.0	0.0
191	protein1	920.6	18.8	1.7752256000000002
191	protein2	983.0	18.6	1.7321635999999998
191	protein3	225.2	3.4	1.77
191	r2	3.4	0.0	0.0
191	rnapol	0.4	0.0	0.0
192	__protein1_rbs	10.4	0.0	0.0
192	__protein2_rbs	10.6	0.0	0.0
192	__protein3_rbs	2.0	0.0	0.0
192	__ribosome	26.0	0.0	0.0
192	__rnase_site_ext	20.6	0.0	0.0
192	p0	0.8	0.0	0.0
192	p1	0.6	0.0	0.0
192	p2	0.6	0.0	0.0
192	protein1	928.4	18.6	1.8504496
192	protein2	990.8	19.0	1.7808769999999998
192	protein3	226.8	3.4	1.6
192	r2	3.6	0.0	0.0
192	rnapol	0.2	0.0	0.0
193	__protein1_rbs	13.2	0.0	0.0
193	__protein2_rbs	10.0	0.0	0.0
193	__protein3_rbs	2.0	0.0	0.0
193	__ribosome	23.8	0.0	0.0
193	__rnase_site_ext	20.2	0.0	0.0
193	p0	1.0	0.0	0.0
193	p1	0.6	0.0	0.0
193	p2	0.8	0.0	0.0
193	protein1	936.0	18.8	1.7631548
193	protein2	997.6	18.6	1.971696
193	protein3	227.8	3.6	1.7266667999999998
193	r2	3.6	0.0	0.0
193	rnapol	0.6	0.0	0.0
194	__protein1_rbs	12.4	0.0	0.0
194	__protein2_rbs	13.8	0.0	0.0
194	__protein3_rbs	2.2	0.0	0.0
194	__ribosome	26.4	0.0	0.0
194	__rnase_site_ext	20.2	0.0	0.0
194	p0	0.6	0.0	0.0
194	p1	0.4	0.0	0.0
194	p2	0.8	0.0	0.0
194	protein1	943.8	18.6	1.7307469999999998
194	protein2	1005.2	19.0	1.8167836
194	protein3	228.4	3.6	1.8833334
194	r2	3.6	0.0	0.0
194	rnapol	0.4	0.0	0.0
195	__protein1_rbs	11.0	0.0	0.0
195	__protein2_rbs	12.8	0.0	0.0
195	__protein3_rbs	3.0	0.0	0.0
195	__ribosome	25.4	0.0	0.0
195	__rnase_site_ext	20.4	0.0	0.0
195	p0	0.8	0.0	0.0
195	p1	0.6	0.0	0.0
195	p2	0.8	0.0	0.0
195	protein1	949.6	18.4	1.8626052
195	protein2	1011.2	19.2	1.8477778000000002
195	protein3	231.0	3.6	1.3366665999999998
195	r2	3.8	0.0	0.0
195	rnapol	0.6	0.0	0.0
196	__protein1_rbs	10.6	0.0	0.0
196	__protein2_rbs	12.8	0.0	0.0
196	__protein3_rbs	1.4	0.0	0.0
196	__ribosome	24.2	0.0	0.0
196	__rnase_site_ext	21.0	0.0	0.0
196	p0	0.8	0.0	0.0
196	p1	0.8	0.0	0.0
196	p2	0.6	0.0	0.0
196	protein1	957.8	18.6	1.8823332
196	protein2	1020.0	19.8	1.7306016
196	protein3	231.8	3.8	1.7066665999999997
196	r2	3.8	0.0	0.0
196	rnapol	0.2	0.0	0.0
197	__protein1_rbs	13.2	0.0	0.0
197	__protein2_rbs	12.8	0.0	0.0
197	__protein3_rbs	2.4	0.0	0.0
197	__ribosome	28.4	0.0	0.0
197	__rnase_site_ext	21.2	0.0	0.0
197	p0	0.6	0.0	0.0
197	p1	0.8	0.0	0.0
197	p2	0.8	0.0	0.0
197	protein1	967.0	19.2	1.6642523999999999
197	protein2	1028.2	19.8	1.6869674
197	protein3	233.6	3.8	1.6433334000000002
197	r2	3.8	0.0	0.0
197	rnapol	0.4	0.0	0.0
198	__protein1_rbs	13.0	0.0	0.0
198	__protein2_rbs	13.0	0.0	0.0
198	__protein3_rbs	2.8	0.0	0.0
198	__ribosome	27.4	0.0	0.0
198	__rnase_site_ext	21.0	0.0	0.0
198	p0	0.8	0.0	0.0
198	p1	0.8	0.0	0.0
198	p2	0.8	0.0	0.0
198	protein1	972.4	19.2	1.7765983999999997
198	protein2	1037.0	20.0	1.6132079999999998
198	protein3	234.6	3.8	1.67
198	r2	4.0	0.0	0.0
198	rnapol	0.6	0.0	0.0
199	__protein1_rbs	11.8	0.0	0.0
199	__protein2_rbs	12.8	0.0	0.0
199	__protein3_rbs	3.0	0.0	0.0
199	__ribosome	26.4	0.0	0.0
199	__rnase_site_ext	21.4	0.0	0.0
199	p0	1.0	0.0	0.0
199	p1	0.8	0.0	0.0
199	p2	0.6	0.0	0.0
199	protein1	980.4	19.2	1.809074
199	protein2	1044.2	20.2	1.6344614
199	protein3	235.8	4.0	1.53
199	r2	4.0	0.0	0.0
199	rnapol	0.6	0.0	0.0
200	__protein1_rbs	13.8	0.0	0.0
200	__protein2_rbs	12.4	0.0	0.0
200	__protein3_rbs	3.4	0.0	0.0
200	__ribosome	24.8	0.0	0.0
200	__rnase_site_ext	21.4	0.0	0.0
200	p0	1.0	0.0	0.0
200	p1	1.0	0.0	0.0
200	p2	0.8	0.0	0.0
200	protein1	988.0	19.6	1.7161102
200	protein2	1050.2	19.8	1.8096908
200	protein3	236.8	4.0	1.5233333999999998
200	r2	4.0	0.0	0.0
200	rnapol	1.2	0.0	0.0
201	__protein1_rbs	11.8	0.0	0.0
201	__protein2_rbs	12.8	0.0	0.0
201	__protein3_rbs	2.0	0.0	0.0
201	__ribosome	25.4	0.0	0.0
201	__rnase_site_ext	21.8	0.0	0.0
201	p0	0.6	0.0	0.0
201	p1	0.4	0.0	0.0
201	p2	0.8	0.0	0.0
201	protein1	995.8	19.6	1.7257028000000003
201	protein2	1058.0	20.0	1.7557144
201	protein3	239.0	4.0	1.5133333999999998
201	r2	4.0	0.0	0.0
201	rnapol	0.8	0.0	0.0
202	__protein1_rbs	11.0	0.0	0.0
202	__protein2_rbs	13.2	0.0	0.0
202	__protein3_rbs	3.6	0.0	0.0
202	__ribosome	25.2	0.0	0.0
202	__rnase_site_ext	22.0	0.0	0.0
202	p0	0.8	0.0	0.0
202	p1	0.4	0.0	0.0
202	p2	0.4	0.0	0.0
202	protein1	1003.4	19.6	1.7904392000000002
202	protein2	1066.2	20.2	1.7156278000000003
202	protein3	240.0	4.0	1.4133334000000002
202	r2	4.0	0.0	0.0
202	rnapol	0.4	0.0	0.0
203	__protein1_rbs	14.0	0.0	0.0
203	__protein2_rbs	12.4	0.0	0.0
203	__protein3_rbs	2.6	0.0	0.0
203	__ribosome	26.8	0.0	0.0
203	__rnase_site_ext	21.6	0.0	0.0
203	p0	1.0	0.0	0.0
203	p1	0.4	0.0	0.0
203	p2	1.0	0.0	0.0
203	protein1	1011.8	20.0	1.6390704000000005
203	protein2	1074.0	20.4	1.6942788
203	protein3	241.4	4.0	1.54
203	r2	3.8	0.0	0.0
203	rnapol	0.8	0.0	0.0
204	__protein1_rbs	12.8	0.0	0.0
204	__protein2_rbs	13.4	0.0	0.0
204	__protein3_rbs	1.8	0.0	0.0
204	__ribosome	23.8	0.0	0.0
204	__rnase_site_ext	21.6	0.0	0.0
204	p0	0.8	0.0	0.0
204	p1	0.8	0.0	0.0
204	p2	0.8	0.0	0.0
204	protein1	1018.4	19.4	1.7226616000000001
204	protein2	1081.2	21.0	1.7033266
204	protein3	242.4	3.8	1.93
204	r2	3.6	0.0	0.0
204	rnapol	0.4	0.0	0.0
205	__protein1_rbs	12.6	0.0	0.0
205	__protein2_rbs	12.6	0.0	0.0
205	__protein3_rbs	2.6	0.0	0.0
205	__ribosome	24.2	0.0	0.0
205	__rnase_site_ext	21.2	0.0	0.0
205	p0	1.0	0.0	0.0
205	p1	0.6	0.0	0.0
205	p2	1.0	0.0	0.0
205	protein1	1025.4	19.4	1.7278542
205	protein2	1089.8	21.0	1.7044658
205	protein3	244.4	3.6	1.89
205	r2	4.0	0.0	0.0
205	rnapol	0.6	0.0	0.0
206	__protein1_rbs	13.2	0.0	0.0
206	__protein2_rbs	12.8	0.0	0.0
206	__protein3_rbs	2.0	0.0	0.0
206	__ribosome	22.6	0.0	0.0
206	__rnase_site_ext	21.4	0.0	0.0
206	p0	1.0	0.0	0.0
206	p1	0.6	0.0	0.0
206	p2	0.6	0.0	0.0
206	protein1	1032.8	19.2	1.742463
206	protein2	1097.4	20.8	1.7818182
206	protein3	245.8	4.0	1.8333334
206	r2	4.0	0.0	0.0
206	rnapol	0.4	0.0	0.0
207	__protein1_rbs	11.8	0.0	0.0
207	__protein2_rbs	14.0	0.0	0.0
207	__protein3_rbs	3.2	0.0	0.0
207	__ribosome	22.8	0.0	0.0
207	__rnase_site_ext	21.6	0.0	0.0
207	p0	0.8	0.0	0.0
207	p1	0.8	0.0	0.0
207	p2	0.6	0.0	0.0
207	protein1	1041.2	19.4	1.6971936
207	protein2	1104.0	20.6	1.8053544
207	protein3	246.8	4.0	1.8666666
207	r2	4.0	0.0	0.0
207	rnapol	0.6	0.0	0.0
208	__protein1_rbs	12.8	0.0	0.0
208	__protein2_rbs	12.6	0.0	0.0
208	__protein3_rbs	2.8	0.0	0.0
208	__ribosome	25.0	0.0	0.0
208	__rnase_site_ext	21.2	0.0	0.0
208	p0	0.6	0.0	0.0
208	p1	0.6	0.0	0.0
208	p2	0.8	0.0	0.0
208	protein1	1048.8	19.6	1.6404568000000002
208	protein2	1113.6	20.8	1.7527278000000002
208	protein3	248.4	4.0	1.7333333999999998
208	r2	4.0	0.0	0.0
208	rnapol	0.8	0.0	0.0
209	__protein1_rbs	11.4	0.0	0.0
209	__protein2_rbs	12.6	0.0	0.0
209	__protein3_rbs	2.6	0.0	0.0
209	__ribosome	23.0	0.0	0.0
209	__rnase_site_ext	20.8	0.0	0.0
209	p0	0.8	0.0	0.0
209	p1	0.8	0.0	0.0
209	p2	1.0	0.0	0.0
209	protein1	1055.4	19.2	1.7304278000000002
209	protein2	1120.4	20.6	1.8347578
209	protein3	250.4	4.0	1.6
209	r2	4.0	0.0	0.0
209	rnapol	1.0	0.0	0.0
210	__protein1_rbs	11.2	0.0	0.0
210	__protein2_rbs	13.0	0.0	0.0
210	__protein3_rbs	2.6	0.0	0.0
210	__ribosome	23.6	0.0	0.0
210	__rnase_site_ext	21.0	0.0	0.0
210	p0	0.6	0.0	0.0
210	p1	0.8	0.0	0.0
210	p2	0.8	0.0	0.0
210	protein1	1063.4	18.6	1.8297188
210	protein2	1129.6	20.8	1.7428643999999998
210	protein3	252.4	4.0	1.6000002000000002
210	r2	4.0	0.0	0.0
210	rnapol	0.8	0.0	0.0
211	__protein1_rbs	13.4	0.0	0.0
211	__protein2_rbs	12.2	0.0	0.0
211	__protein3_rbs	2.2	0.0	0.0
211	__ribosome	22.6	0.0	0.0
211	__rnase_site_ext	21.4	0.0	0.0
211	p0	0.8	0.0	0.0
211	p1	0.8	0.0	0.0
211	p2	0.6	0.0	0.0
211	protein1	1070.8	19.0	1.7274360000000002
211	protein2	1137.6	21.0	1.8021132
211	protein3	253.6	4.0	1.7666668
211	r2	4.0	0.0	0.0
211	rnapol	1.0	0.0	0.0
212	__protein1_rbs	11.6	0.0	0.0
212	__protein2_rbs	15.0	0.0	0.0
212	__protein3_rbs	2.6	0.0	0.0
212	__ribosome	23.2	0.0	0.0
212	__rnase_site_ext	21.6	0.0	0.0
212	p0	1.0	0.0	0.0
212	p1	0.8	0.0	0.0
212	p2	1.0	0.0	0.0
212	protein1	1077.8	19.2	1.7695808000000002
212	protein2	1146.8	21.2	1.7010606
212	protein3	255.0	4.0	1.8
212	r2	4.0	0.0	0.0
212	rnapol	1.2	0.0	0.0
213	__protein1_rbs	13.4	0.0	0.0
213	__protein2_rbs	13.4	0.0	0.0
213	__protein3_rbs	2.8	0.0	0.0
213	__ribosome	25.0	0.0	0.0
213	__rnase_site_ext	22.0	0.0	0.0
213	p0	0.6	0.0	0.0
213	p1	0.6	0.0	0.0
213	p2	0.8	0.0	0.0
213	protein1	1085.6	19.4	1.6887511999999998
213	protein2	1154.4	21.0	1.7052632000000003
213	protein3	256.6	4.0	1.6833334
213	r2	4.0	0.0	0.0
213	rnapol	0.8	0.0	0.0
214	__protein1_rbs	12.4	0.0	0.0
214	__protein2_rbs	13.8	0.0	0.0
214	__protein3_rbs	1.8	0.0	0.0
214	__ribosome	23.4	0.0	0.0
214	__rnase_site_ext	22.2	0.0	0.0
214	p0	0.6	0.0	0.0
214	p1	0.8	0.0	0.0
214	p2	0.6	0.0	0.0
214	protein1	1093.6	19.4	1.7000735999999996
214	protein2	1163.0	21.0	1.710622
214	protein3	258.0	4.0	1.9833333999999998
214	r2	4.0	0.0	0.0
214	rnapol	0.4	0.0	0.0
215	__protein1_rbs	13.6	0.0	0.0
215	__protein2_rbs	13.6	0.0	0.0
215	__protein3_rbs	2.4	0.0	0.0
215	__ribosome	23.8	0.0	0.0
215	__rnase_site_ext	21.4	0.0	0.0
215	p0	0.6	0.0	0.0
215	p1	0.6	0.0	0.0
215	p2	0.6	0.0	0.0
215	protein1	1101.2	20.0	1.6077777999999998
215	protein2	1170.8	21.4	1.7183262
215	protein3	259.8	3.8	2.05
215	r2	3.8	0.0	0.0
215	rnapol	0.2	0.0	0.0
216	__protein1_rbs	12.4	0.0	0.0
216	__protein2_rbs	13.2	0.0	0.0
216	__protein3_rbs	2.2	0.0	0.0
216	__ribosome	22.8	0.0	0.0
216	__rnase_site_ext	21.2	0.0	0.0
216	p0	0.6	0.0	0.0
216	p1	0.4	0.0	0.0
216	p2	1.0	0.0	0.0
216	protein1	1108.0	19.4	1.7680702000000001
216	protein2	1180.2	21.0	1.6889988000000002
216	protein3	261.2	3.8	2.1666666
216	r2	3.8	0.0	0.0
216	rnapol	0.2	0.0	0.0
217	__protein1_rbs	11.2	0.0	0.0
217	__protein2_rbs	15.2	0.0	0.0
217	__protein3_rbs	3.2	0.0	0.0
217	__ribosome	21.4	0.0	0.0
217	__rnase_site_ext	21.4	0.0	0.0
217	p0	1.0	0.0	0.0
217	p1	0.8	0.0	0.0
217	p2	0.8	0.0	0.0
217	protein1	1115.2	19.0	1.8578948
217	protein2	1185.8	21.2	1.7484935999999998
217	protein3	262.4	3.8	1.9666668
217	r2	3.8	0.0	0.0
217	rnapol	0.2	0.0	0.0
218	__protein1_rbs	13.0	0.0	0.0
218	__protein2_rbs	14.4	0.0	0.0
218	__protein3_rbs	2.4	0.0	0.0
218	__ribosome	22.8	0.0	0.0
218	__rnase_site_ext	21.2	0.0	0.0
218	p0	1.0	0.0	0.0
218	p1	0.4	0.0	0.0
218	p2	1.0	0.0	0.0
218	protein1	1122.0	19.2	1.7931579999999996
218	protein2	1194.6	21.6	1.6879698
218	protein3	264.4	3.8	1.9
218	r2	4.0	0.0	0.0
218	rnapol	0.4	0.0	0.0
219	__protein1_rbs	13.6	0.0	0.0
219	__protein2_rbs	12.4	0.0	0.0
219	__protein3_rbs	2.2	0.0	0.0
219	__ribosome	24.4	0.0	0.0
219	__rnase_site_ext	21.2	0.0	0.0
219	p0	0.8	0.0	0.0
219	p1	0.8	0.0	0.0
219	p2	0.6	0.0	0.0
219	protein1	1129.4	19.0	1.7368422
219	protein2	1203.4	21.4	1.7029772
219	protein3	266.6	4.0	1.6533334
219	r2	4.0	0.0	0.0
219	rnapol	0.2	0.0	0.0
220	__protein1_rbs	12.4	0.0	0.0
220	__protein2_rbs	13.8	0.0	0.0
220	__protein3_rbs	2.0	0.0	0.0
220	__ribosome	27.8	0.0	0.0
220	__rnase_site_ext	20.8	0.0	0.0
220	p0	1.0	0.0	0.0
220	p1	0.4	0.0	0.0
220	p2	0.8	0.0	0.0
220	protein1	1138.6	19.0	1.5996491999999995
220	protein2	1213.2	21.6	1.6092094
220	protein3	267.8	4.0	1.85
220	r2	4.0	0.0	0.0
220	rnapol	0.2	0.0	0.0
221	__protein1_rbs	12.0	0.0	0.0
221	__protein2_rbs	11.4	0.0	0.0
221	__protein3_rbs	2.8	0.0	0.0
221	__ribosome	24.8	0.0	0.0
221	__rnase_site_ext	21.2	0.0	0.0
221	p0	0.8	0.0	0.0
221	p1	0.6	0.0	0.0
221	p2	0.2	0.0	0.0
221	protein1	1147.2	18.4	1.63
221	protein2	1220.6	21.6	1.7402718000000001
221	protein3	269.0	4.0	1.8833332
221	r2	4.0	0.0	0.0
221	rnapol	0.0	0.0	0.0
222	__protein1_rbs	11.6	0.0	0.0
222	__protein2_rbs	14.8	0.0	0.0
222	__protein3_rbs	2.6	0.0	0.0
222	__ribosome	23.0	0.0	0.0
222	__rnase_site_ext	21.2	0.0	0.0
222	p0	0.8	0.0	0.0
222	p1	0.6	0.0	0.0
222	p2	1.0	0.0	0.0
222	protein1	1154.0	18.6	1.6851459999999998
222	protein2	1228.2	22.2	1.7244286
222	protein3	270.4	4.0	1.7166666000000002
222	r2	4.0	0.0	0.0
222	rnapol	0.4	0.0	0.0
223	__protein1_rbs	12.6	0.0	0.0
223	__protein2_rbs	14.8	0.0	0.0
223	__protein3_rbs	2.4	0.0	0.0
223	__ribosome	21.2	0.0	0.0
223	__rnase_site_ext	21.2	0.0	0.0
223	p0	0.8	0.0	0.0
223	p1	0.4	0.0	0.0
223	p2	0.8	0.0	0.0
223	protein1	1159.8	18.4	1.7469762
223	protein2	1235.8	22.0	1.7673706000000002
223	protein3	271.8	4.0	1.9266666
223	r2	4.2	0.0	0.0
223	rnapol	0.4	0.0	0.0
224	__protein1_rbs	12.2	0.0	0.0
224	__protein2_rbs	15.0	0.0	0.0
224	__protein3_rbs	3.0	0.0	0.0
224	__ribosome	23.2	0.0	0.0
224	__rnase_site_ext	20.8	0.0	0.0
224	p0	0.8	0.0	0.0
224	p1	1.0	0.0	0.0
224	p2	0.6	0.0	0.0
224	protein1	1166.8	18.6	1.7289541999999998
224	protein2	1244.2	22.0	1.7484554
224	protein3	274.0	4.2	1.4466666000000001
224	r2	4.4	0.0	0.0
224	rnapol	0.4	0.0	0.0
225	__protein1_rbs	11.8	0.0	0.0
225	__protein2_rbs	13.8	0.0	0.0
225	__protein3_rbs	3.2	0.0	0.0
225	__ribosome	26.0	0.0	0.0
225	__rnase_site_ext	20.2	0.0	0.0
225	p0	1.0	0.0	0.0
225	p1	0.8	0.0	0.0
225	p2	0.6	0.0	0.0
225	protein1	1174.8	18.2	1.6939706
225	protein2	1253.4	21.8	1.7241511999999999
225	protein3	276.0	4.4	1.2704761999999998
225	r2	4.2	0.0	0.0
225	rnapol	0.6	0.0	0.0
226	__protein1_rbs	12.8	0.0	0.0
226	__protein2_rbs	14.0	0.0	0.0
226	__protein3_rbs	2.6	0.0	0.0
226	__ribosome	29.0	0.0	0.0
226	__rnase_site_ext	19.8	0.0	0.0
226	p0	1.0	0.0	0.0
226	p1	0.8	0.0	0.0
226	p2	0.6	0.0	0.0
226	protein1	1182.0	18.0	1.6300971999999998
226	protein2	1263.8	21.8	1.6424432
226	protein3	277.4	4.2	1.5333333999999998
226	r2	4.2	0.0	0.0
226	rnapol	1.0	0.0	0.0
227	__protein1_rbs	11.8	0.0	0.0
227	__protein2_rbs	13.4	0.0	0.0
227	__protein3_rbs	3.0	0.0	0.0
227	__ribosome	26.8	0.0	0.0
227	__rnase_site_ext	19.4	0.0	0.0
227	p0	0.8	0.0	0.0
227	p1	0.8	0.0	0.0
227	p2	0.6	0.0	0.0
227	protein1	1188.8	17.6	1.6878948
227	protein2	1271.8	22.0	1.7070912
227	protein3	278.6	4.2	1.5371428000000005
227	r2	4.2	0.0	0.0
227	rnapol	1.0	0.0	0.0
228	__protein1_rbs	11.6	0.0	0.0
228	__protein2_rbs	14.8	0.0	0.0
228	__protein3_rbs	2.6	0.0	0.0
228	__ribosome	27.4	0.0	0.0
228	__rnase_site_ext	19.8	0.0	0.0
228	p0	0.8	0.0	0.0
228	p1	0.8	0.0	0.0
228	p2	0.6	0.0	0.0
228	protein1	1195.6	17.2	1.67
228	protein2	1280.4	21.8	1.7035302
228	protein3	279.4	4.2	1.8647618
228	r2	4.2	0.0	0.0
228	rnapol	0.8	0.0	0.0
229	__protein1_rbs	10.8	0.0	0.0
229	__protein2_rbs	15.4	0.0	0.0
229	__protein3_rbs	3.2	0.0	0.0
229	__ribosome	27.8	0.0	0.0
229	__rnase_site_ext	20.0	0.0	0.0
229	p0	0.6	0.0	0.0
229	p1	0.6	0.0	0.0
229	p2	0.8	0.0	0.0
229	protein1	1203.0	17.6	1.6045906
229	protein2	1288.2	21.6	1.7134764
229	protein3	280.8	4.2	1.7266666000000002
229	r2	3.6	0.0	0.0
229	rnapol	0.6	0.0	0.0
230	__protein1_rbs	9.8	0.0	0.0
230	__protein2_rbs	13.2	0.0	0.0
230	__protein3_rbs	2.2	0.0	0.0
230	__ribosome	25.2	0.0	0.0
230	__rnase_site_ext	20.6	0.0	0.0
230	p0	0.6	0.0	0.0
230	p1	1.0	0.0	0.0
230	p2	1.0	0.0	0.0
230	protein1	1209.4	17.6	1.7044446
230	protein2	1296.6	21.6	1.7404668
230	protein3	282.2	3.6	2.12
230	r2	3.8	0.0	0.0
230	rnapol	0.6	0.0	0.0
231	__protein1_rbs	10.8	0.0	0.0
231	__protein2_rbs	14.0	0.0	0.0
231	__protein3_rbs	2.2	0.0	0.0
231	__ribosome	25.2	0.0	0.0
231	__rnase_site_ext	20.6	0.0	0.0
231	p0	0.4	0.0	0.0
231	p1	0.6	0.0	0.0
231	p2	0.8	0.0	0.0
231	protein1	1216.8	18.0	1.6890874
231	protein2	1305.8	21.6	1.7333333999999998
231	protein3	284.2	3.8	1.8233334
231	r2	4.2	0.0	0.0
231	rnapol	0.0	0.0	0.0
232	__protein1_rbs	12.0	0.0	0.0
232	__protein2_rbs	14.6	0.0	0.0
232	__protein3_rbs	2.6	0.0	0.0
232	__ribosome	25.2	0.0	0.0
232	__rnase_site_ext	20.8	0.0	0.0
232	p0	1.0	0.0	0.0
232	p1	0.8	0.0	0.0
232	p2	1.0	0.0	0.0
232	protein1	1222.4	18.4	1.6995891999999997
232	protein2	1314.0	21.2	1.7206494
232	protein3	285.8	4.2	1.6233334
232	r2	4.2	0.0	0.0
232	rnapol	0.2	0.0	0.0
233	__protein1_rbs	11.8	0.0	0.0
233	__protein2_rbs	12.8	0.0	0.0
233	__protein3_rbs	3.4	0.0	0.0
233	__ribosome	24.4	0.0	0.0
233	__rnase_site_ext	20.2	0.0	0.0
233	p0	1.0	0.0	0.0
233	p1	1.0	0.0	0.0
233	p2	0.8	0.0	0.0
233	protein1	1229.4	18.4	1.7277724
233	protein2	1322.2	21.0	1.7769264
233	protein3	287.4	4.2	1.5766666
233	r2	4.0	0.0	0.0
233	rnapol	0.2	0.0	0.0
234	__protein1_rbs	12.2	0.0	0.0
234	__protein2_rbs	14.8	0.0	0.0
234	__protein3_rbs	2.6	0.0	0.0
234	__ribosome	25.2	0.0	0.0
234	__rnase_site_ext	20.2	0.0	0.0
234	p0	1.0	0.0	0.0
234	p1	0.6	0.0	0.0
234	p2	0.8	0.0	0.0
234	protein1	1235.8	18.0	1.7341176
234	protein2	1330.0	21.0	1.7655844000000005
234	protein3	289.2	4.0	1.6800000000000002
234	r2	4.0	0.0	0.0
234	rnapol	0.2	0.0	0.0
235	__protein1_rbs	11.8	0.0	0.0
235	__protein2_rbs	13.2	0.0	0.0
235	__protein3_rbs	2.4	0.0	0.0
235	__ribosome	26.4	0.0	0.0
235	__rnase_site_ext	20.4	0.0	0.0
235	p0	0.8	0.0	0.0
235	p1	0.8	0.0	0.0
235	p2	1.0	0.0	0.0
235	protein1	1243.8	17.8	1.6788752000000002
235	protein2	1339.4	20.4	1.7880314
235	protein3	290.6	4.0	1.9166666
235	r2	4.0	0.0	0.0
235	rnapol	0.6	0.0	0.0
236	__protein1_rbs	11.2	0.0	0.0
236	__protein2_rbs	14.0	0.0	0.0
236	__protein3_rbs	2.6	0.0	0.0
236	__ribosome	26.6	0.0	0.0
236	__rnase_site_ext	20.4	0.0	0.0
236	p0	0.8	0.0	0.0
236	p1	0.4	0.0	0.0
236	p2	0.8	0.0	0.0
236	protein1	1251.0	17.8	1.7112247999999999
236	protein2	1347.8	20.4	1.765368
236	protein3	292.4	4.0	1.86
236	r2	3.8	0.0	0.0
236	rnapol	0.4	0.0	0.0
237	__protein1_rbs	11.6	0.0	0.0
237	__protein2_rbs	14.8	0.0	0.0
237	__protein3_rbs	1.6	0.0	0.0
237	__ribosome	26.6	0.0	0.0
237	__rnase_site_ext	20.4	0.0	0.0
237	p0	1.0	0.0	0.0
237	p1	0.4	0.0	0.0
237	p2	0.8	0.0	0.0
237	protein1	1258.6	17.8	1.6779461999999998
237	protein2	1354.6	20.4	1.737316
237	protein3	293.8	3.6	2.5866666
237	r2	3.6	0.0	0.0
237	rnapol	0.8	0.0	0.0
238	__protein1_rbs	11.4	0.0	0.0
238	__protein2_rbs	12.8	0.0	0.0
238	__protein3_rbs	2.6	0.0	0.0
238	__ribosome	25.4	0.0	0.0
238	__rnase_site_ext	20.0	0.0	0.0
238	p0	0.8	0.0	0.0
238	p1	0.6	0.0	0.0
238	p2	1.0	0.0	0.0
238	protein1	1264.2	17.8	1.734159
238	protein2	1363.8	20.6	1.7391054
238	protein3	295.2	3.6	2.2833334
238	r2	3.4	0.0	0.0
238	rnapol	0.6	0.0	0.0
239	__protein1_rbs	9.8	0.0	0.0
239	__protein2_rbs	12.6	0.0	0.0
239	__protein3_rbs	2.2	0.0	0.0
239	__ribosome	25.4	0.0	0.0
239	__rnase_site_ext	20.0	0.0	0.0
239	p0	1.0	0.0	0.0
239	p1	0.8	0.0	0.0
239	p2	0.8	0.0	0.0
239	protein1	1271.8	17.8	1.7600178
239	protein2	1372.8	20.8	1.7430872000000002
239	protein3	297.6	3.4	2.0
239	r2	3.4	0.0	0.0
239	rnapol	0.6	0.0	0.0
240	__protein1_rbs	11.4	0.0	0.0
240	__protein2_rbs	14.2	0.0	0.0
240	__protein3_rbs	2.6	0.0	0.0
240	__ribosome	27.4	0.0	0.0
240	__rnase_site_ext	20.6	0.0	0.0
240	p0	0.6	0.0	0.0
240	p1	1.0	0.0	0.0
240	p2	0.8	0.0	0.0
240	protein1	1279.8	17.8	1.7061383999999995
240	protein2	1380.2	20.8	1.713427
240	protein3	298.8	3.4	2.0166666
240	r2	3.6	0.0	0.0
240	rnapol	0.2	0.0	0.0
241	__protein1_rbs	11.6	0.0	0.0
241	__protein2_rbs	11.8	0.0	0.0
241	__protein3_rbs	2.6	0.0	0.0
241	__ribosome	25.4	0.0	0.0
241	__rnase_site_ext	20.8	0.0	0.0
241	p0	0.8	0.0	0.0
241	p1	1.0	0.0	0.0
241	p2	0.4	0.0	0.0
241	protein1	1285.4	18.2	1.7390729999999999
241	protein2	1388.2	20.4	1.84487
241	protein3	301.2	3.4	1.6
241	r2	3.6	0.0	0.0
241	rnapol	0.0	0.0	0.0
242	__protein1_rbs	12.0	0.0	0.0
242	__protein2_rbs	13.4	0.0	0.0
242	__protein3_rbs	3.0	0.0	0.0
242	__ribosome	25.6	0.0	0.0
242	__rnase_site_ext	21.2	0.0	0.0
242	p0	0.6	0.0	0.0
242	p1	0.8	0.0	0.0
242	p2	0.4	0.0	0.0
242	protein1	1292.2	18.6	1.7243109999999997
242	protein2	1395.8	19.8	1.9066488000000001
242	protein3	303.0	3.6	1.35
242	r2	3.8	0.0	0.0
242	rnapol	0.2	0.0	0.0
243	__protein1_rbs	11.0	0.0	0.0
243	__protein2_rbs	11.6	0.0	0.0
243	__protein3_rbs	2.2	0.0	0.0
243	__ribosome	26.4	0.0	0.0
243	__rnase_site_ext	20.8	0.0	0.0
243	p0	0.8	0.0	0.0
243	p1	0.8	0.0	0.0
243	p2	0.6	0.0	0.0
243	protein1	1301.2	19.0	1.6740512
243	protein2	1405.2	19.8	1.8631882
243	protein3	304.0	3.8	1.4600000000000002
243	r2	3.8	0.0	0.0
243	rnapol	0.2	0.0	0.0
244	__protein1_rbs	10.2	0.0	0.0
244	__protein2_rbs	13.4	0.0	0.0
244	__protein3_rbs	2.4	0.0	0.0
244	__ribosome	25.0	0.0	0.0
244	__rnase_site_ext	21.0	0.0	0.0
244	p0	1.0	0.0	0.0
244	p1	0.6	0.0	0.0
244	p2	0.6	0.0	0.0
244	protein1	1307.6	18.6	1.8268441999999998
244	protein2	1413.0	19.8	1.8106446000000005
244	protein3	305.4	3.8	1.5033333999999998
244	r2	3.8	0.0	0.0
244	rnapol	0.4	0.0	0.0
245	__protein1_rbs	13.8	0.0	0.0
245	__protein2_rbs	12.4	0.0	0.0
245	__protein3_rbs	2.6	0.0	0.0
245	__ribosome	26.4	0.0	0.0
245	__rnase_site_ext	20.8	0.0	0.0
245	p0	1.0	0.0	0.0
245	p1	0.8	0.0	0.0
245	p2	1.0	0.0	0.0
245	protein1	1314.2	18.8	1.7640874
245	protein2	1422.2	19.8	1.7451174000000005
245	protein3	306.4	3.8	1.6933334000000002
245	r2	4.0	0.0	0.0
245	rnapol	0.8	0.0	0.0
246	__protein1_rbs	11.2	0.0	0.0
246	__protein2_rbs	14.2	0.0	0.0
246	__protein3_rbs	2.2	0.0	0.0
246	__ribosome	28.2	0.0	0.0
246	__rnase_site_ext	20.4	0.0	0.0
246	p0	1.0	0.0	0.0
246	p1	0.4	0.0	0.0
246	p2	1.0	0.0	0.0
246	protein1	1321.8	18.2	1.8178067999999998
246	protein2	1430.8	19.8	1.6312996000000002
246	protein3	307.6	4.0	1.6666666
246	r2	4.2	0.0	0.0
246	rnapol	0.8	0.0	0.0
247	__protein1_rbs	12.2	0.0	0.0
247	__protein2_rbs	12.6	0.0	0.0
247	__protein3_rbs	2.4	0.0	0.0
247	__ribosome	26.6	0.0	0.0
247	__rnase_site_ext	20.4	0.0	0.0
247	p0	1.0	0.0	0.0
247	p1	0.6	0.0	0.0
247	p2	0.8	0.0	0.0
247	protein1	1328.2	18.0	1.8538598000000002
247	protein2	1437.8	19.4	1.7118067999999995
247	protein3	308.8	4.0	1.8433331999999998
247	r2	4.2	0.0	0.0
247	rnapol	1.2	0.0	0.0
248	__protein1_rbs	12.2	0.0	0.0
248	__protein2_rbs	10.8	0.0	0.0
248	__protein3_rbs	2.2	0.0	0.0
248	__ribosome	28.8	0.0	0.0
248	__rnase_site_ext	20.4	0.0	0.0
248	p0	0.8	0.0	0.0
248	p1	0.6	0.0	0.0
248	p2	1.0	0.0	0.0
248	protein1	1338.6	18.0	1.7061401999999999
248	protein2	1446.6	19.8	1.702964
248	protein3	310.6	4.2	1.7366668
248	r2	4.2	0.0	0.0
248	rnapol	0.8	0.0	0.0
249	__protein1_rbs	9.4	0.0	0.0
249	__protein2_rbs	12.6	0.0	0.0
249	__protein3_rbs	3.2	0.0	0.0
249	__ribosome	25.6	0.0	0.0
249	__rnase_site_ext	20.4	0.0	0.0
249	p0	0.6	0.0	0.0
249	p1	0.6	0.0	0.0
249	p2	0.8	0.0	0.0
249	protein1	1345.6	18.0	1.8685964
249	protein2	1453.6	19.8	1.7283839999999997
249	protein3	311.8	4.2	1.6633331999999998
249	r2	4.0	0.0	0.0
249	rnapol	0.4	0.0	0.0
250	__protein1_rbs	10.4	0.0	0.0
250	__protein2_rbs	12.6	0.0	0.0
250	__protein3_rbs	3.0	0.0	0.0
250	__ribosome	24.2	0.0	0.0
250	__rnase_site_ext	19.8	0.0	0.0
250	p0	1.0	0.0	0.0
250	p1	0.8	0.0	0.0
250	p2	0.6	0.0	0.0
250	protein1	1352.6	18.2	1.9628948
250	protein2	1461.8	20.0	1.6958334000000002
250	protein3	313.2	4.0	1.5766665999999998
250	r2	4.0	0.0	0.0
250	rnapol	0.6	0.0	0.0
