time	species	protein	transcript	ribo_density
0	__protein1_rbs	0.0	0.0	0.0
0	__protein2_rbs	0.0	0.0	0.0
0	__protein3_rbs	0.0	0.0	0.0
0	__ribosome	100.0	0.0	0.0
0	__rnase_site_ext	0.0	0.0	0.0
0	p0	1.0	0.0	0.0
0	p1	1.0	0.0	0.0
0	p2	1.0	0.0	0.0
0	rnapol	4.0	0.0	0.0
1	__protein1_rbs	0.0	0.0	0.0
1	__protein2_rbs	0.0	0.0	0.0
1	__protein3_rbs	0.0	0.0	0.0
1	__ribosome	100.0	0.0	0.0
1	__rnase_site_ext	1.0	0.0	0.0
1	p0	0.4	0.0	0.0
1	p1	1.0	0.0	0.0
1	p2	1.0	0.0	0.0
1	rnapol	2.8	0.0	0.0
2	__protein1_rbs	0.2	0.0	0.0
2	__protein2_rbs	0.0	0.0	0.0
2	__protein3_rbs	0.0	0.0	0.0
2	__ribosome	99.6	0.0	0.0
2	__rnase_site_ext	1.8	0.0	0.0
2	p0	0.0	0.0	0.0
2	p1	1.0	0.0	0.0
2	p2	1.0	0.0	0.0
2	protein1	0.0	0.4	0.2
2	protein2	0.0	0.2	0.2
2	rnapol	1.8	0.0	0.0
3	__protein1_rbs	1.0	0.0	0.0
3	__protein2_rbs	0.2	0.0	0.0
3	__protein3_rbs	0.0	0.0	0.0
3	__ribosome	99.2	0.0	0.0
3	__rnase_site_ext	2.6	0.0	0.0
3	p0	0.8	0.0	0.0
3	p1	1.0	0.0	0.0
3	p2	1.0	0.0	0.0
3	protein1	0.0	1.4	0.4
3	protein2	0.0	0.2	0.2
3	rnapol	1.4	0.0	0.0
4	__protein1_rbs	0.6	0.0	0.0
4	__protein2_rbs	0.0	0.0	0.0
4	__protein3_rbs	0.0	0.0	0.0
4	__ribosome	97.4	0.0	0.0
4	__rnase_site_ext	3.4	0.0	0.0
4	p0	0.4	0.0	0.0
4	p1	1.0	0.0	0.0
4	p2	1.0	0.0	0.0
4	protein1	0.0	2.2	0.9666666
4	protein2	0.0	0.2	0.4
4	rnapol	0.6	0.0	0.0
5	__protein1_rbs	0.8	0.0	0.0
5	__protein2_rbs	0.0	0.0	0.0
5	__protein3_rbs	0.0	0.0	0.0
5	__ribosome	95.8	0.0	0.0
5	__rnase_site_ext	3.8	0.0	0.0
5	p0	0.6	0.0	0.0
5	p1	1.0	0.0	0.0
5	p2	1.0	0.0	0.0
5	protein1	0.0	2.8	1.3333334
5	protein2	0.0	0.2	0.6
5	rnapol	0.2	0.0	0.0
6	__protein1_rbs	0.8	0.0	0.0
6	__protein2_rbs	0.0	0.0	0.0
6	__protein3_rbs	0.0	0.0	0.0
6	__ribosome	93.4	0.0	0.0
6	__rnase_site_ext	3.6	0.0	0.0
6	p0	1.0	0.0	0.0
6	p1	1.0	0.0	0.0
6	p2	0.8	0.0	0.0
6	protein1	0.0	3.4	1.7166666000000002
6	protein2	0.0	0.2	0.8
6	rnapol	0.2	0.0	0.0
7	__protein1_rbs	1.4	0.0	0.0
7	__protein2_rbs	0.0	0.0	0.0
7	__protein3_rbs	0.0	0.0	0.0
7	__ribosome	92.2	0.0	0.0
7	__rnase_site_ext	3.8	0.0	0.0
7	p0	0.8	0.0	0.0
7	p1	1.0	0.0	0.0
7	p2	1.0	0.0	0.0
7	protein1	0.2	3.2	2.35
7	protein2	0.2	0.2	0.6
7	rnapol	0.2	0.0	0.0
8	__protein1_rbs	0.4	0.0	0.0
8	__protein2_rbs	0.0	0.0	0.0
8	__protein3_rbs	0.0	0.0	0.0
8	__ribosome	89.6	0.0	0.0
8	__rnase_site_ext	3.8	0.0	0.0
8	p0	1.0	0.0	0.0
8	p1	0.4	0.0	0.0
8	p2	1.0	0.0	0.0
8	protein1	0.6	3.2	3.0833334
8	protein2	0.2	0.2	0.8
8	rnapol	0.2	0.0	0.0
9	__protein1_rbs	2.2	0.0	0.0
9	__protein2_rbs	0.0	0.0	0.0
9	__protein3_rbs	0.0	0.0	0.0
9	__ribosome	90.0	0.0	0.0
9	__rnase_site_ext	3.8	0.0	0.0
9	p0	1.0	0.0	0.0
9	p1	0.2	0.0	0.0
9	p2	1.0	0.0	0.0
9	protein1	2.2	3.4	2.8
9	protein2	0.4	0.2	0.8
9	rnapol	0.2	0.0	0.0
10	__protein1_rbs	0.6	0.0	0.0
10	__protein2_rbs	0.6	0.0	0.0
10	__protein3_rbs	0.0	0.0	0.0
10	__ribosome	88.4	0.0	0.0
10	__rnase_site_ext	3.8	0.0	0.0
10	p0	0.8	0.0	0.0
10	p1	0.0	0.0	0.0
10	p2	1.0	0.0	0.0
10	protein1	3.2	3.4	3.3666666
10	protein2	0.6	0.6	0.3
10	rnapol	0.0	0.0	0.0
11	__protein1_rbs	1.0	0.0	0.0
11	__protein2_rbs	0.0	0.0	0.0
11	__protein3_rbs	0.0	0.0	0.0
11	__ribosome	87.0	0.0	0.0
11	__rnase_site_ext	3.8	0.0	0.0
11	p0	1.0	0.0	0.0
11	p1	0.2	0.0	0.0
11	p2	1.0	0.0	0.0
11	protein1	5.0	3.6	3.2166666
11	protein2	0.6	0.8	1.4
11	rnapol	0.0	0.0	0.0
12	__protein1_rbs	1.0	0.0	0.0
12	__protein2_rbs	0.6	0.0	0.0
12	__protein3_rbs	0.0	0.0	0.0
12	__ribosome	87.0	0.0	0.0
12	__rnase_site_ext	3.8	0.0	0.0
12	p0	1.0	0.0	0.0
12	p1	0.2	0.0	0.0
12	p2	1.0	0.0	0.0
12	protein1	7.4	3.6	3.1666666
12	protein2	0.8	1.2	1.1
12	rnapol	0.0	0.0	0.0
13	__protein1_rbs	1.0	0.0	0.0
13	__protein2_rbs	0.6	0.0	0.0
13	__protein3_rbs	0.0	0.0	0.0
13	__ribosome	86.0	0.0	0.0
13	__rnase_site_ext	3.8	0.0	0.0
13	p0	1.0	0.0	0.0
13	p1	0.4	0.0	0.0
13	p2	1.0	0.0	0.0
13	protein1	9.8	3.6	3.1
13	protein2	1.0	2.0	1.3666665999999998
13	rnapol	0.0	0.0	0.0
14	__protein1_rbs	0.8	0.0	0.0
14	__protein2_rbs	1.2	0.0	0.0
14	__protein3_rbs	0.0	0.0	0.0
14	__ribosome	84.4	0.0	0.0
14	__rnase_site_ext	3.8	0.0	0.0
14	p0	1.0	0.0	0.0
14	p1	0.4	0.0	0.0
14	p2	0.8	0.0	0.0
14	protein1	11.6	3.6	3.2666666
14	protein2	1.0	2.6	1.3666668
14	rnapol	0.0	0.0	0.0
15	__protein1_rbs	1.6	0.0	0.0
15	__protein2_rbs	1.2	0.0	0.0
15	__protein3_rbs	0.0	0.0	0.0
15	__ribosome	83.4	0.0	0.0
15	__rnase_site_ext	3.8	0.0	0.0
15	p0	1.0	0.0	0.0
15	p1	1.0	0.0	0.0
15	p2	0.8	0.0	0.0
15	protein1	14.0	3.6	3.0833334
15	protein2	1.2	3.2	1.7500002000000001
15	rnapol	0.4	0.0	0.0
16	__protein1_rbs	1.0	0.0	0.0
16	__protein2_rbs	1.2	0.0	0.0
16	__protein3_rbs	0.0	0.0	0.0
16	__ribosome	80.6	0.0	0.0
16	__rnase_site_ext	4.0	0.0	0.0
16	p0	1.0	0.0	0.0
16	p1	1.0	0.0	0.0
16	p2	0.4	0.0	0.0
16	protein1	16.0	3.6	3.2166666
16	protein2	2.0	3.8	2.0833334
16	rnapol	0.4	0.0	0.0
17	__protein1_rbs	2.2	0.0	0.0
17	__protein2_rbs	1.0	0.0	0.0
17	__protein3_rbs	0.0	0.0	0.0
17	__ribosome	79.8	0.0	0.0
17	__rnase_site_ext	4.0	0.0	0.0
17	p0	1.0	0.0	0.0
17	p1	0.8	0.0	0.0
17	p2	0.2	0.0	0.0
17	protein1	18.8	3.8	2.6533333999999997
17	protein2	2.4	3.8	2.7166666
17	rnapol	0.8	0.0	0.0
18	__protein1_rbs	0.6	0.0	0.0
18	__protein2_rbs	1.0	0.0	0.0
18	__protein3_rbs	0.0	0.0	0.0
18	__ribosome	77.6	0.0	0.0
18	__rnase_site_ext	4.2	0.0	0.0
18	p0	0.8	0.0	0.0
18	p1	0.8	0.0	0.0
18	p2	0.4	0.0	0.0
18	protein1	20.6	3.8	2.9166668
18	protein2	3.6	3.8	2.9666666
18	rnapol	0.8	0.0	0.0
19	__protein1_rbs	1.6	0.0	0.0
19	__protein2_rbs	1.0	0.0	0.0
19	__protein3_rbs	0.0	0.0	0.0
19	__ribosome	77.4	0.0	0.0
19	__rnase_site_ext	4.4	0.0	0.0
19	p0	0.6	0.0	0.0
19	p1	1.0	0.0	0.0
19	p2	0.4	0.0	0.0
19	protein1	23.2	4.0	2.6333333999999997
19	protein2	5.2	3.8	3.15
19	rnapol	0.8	0.0	0.0
20	__protein1_rbs	1.8	0.0	0.0
20	__protein2_rbs	0.4	0.0	0.0
20	__protein3_rbs	0.0	0.0	0.0
20	__ribosome	74.4	0.0	0.0
20	__rnase_site_ext	4.6	0.0	0.0
20	p0	0.6	0.0	0.0
20	p1	1.0	0.0	0.0
20	p2	0.8	0.0	0.0
20	protein1	24.4	4.0	2.9366666
20	protein2	6.8	4.0	3.5
20	rnapol	1.0	0.0	0.0
21	__protein1_rbs	1.2	0.0	0.0
21	__protein2_rbs	2.4	0.0	0.0
21	__protein3_rbs	0.2	0.0	0.0
21	__ribosome	74.4	0.0	0.0
21	__rnase_site_ext	5.6	0.0	0.0
21	p0	0.4	0.0	0.0
21	p1	1.0	0.0	0.0
21	p2	0.8	0.0	0.0
21	protein1	26.8	4.4	2.93
21	protein2	8.8	4.0	3.25
21	protein3	0.0	0.2	0.0
21	rnapol	0.6	0.0	0.0
22	__protein1_rbs	3.0	0.0	0.0
22	__protein2_rbs	0.6	0.0	0.0
22	__protein3_rbs	0.4	0.0	0.0
22	__ribosome	74.2	0.0	0.0
22	__rnase_site_ext	5.8	0.0	0.0
22	p0	0.8	0.0	0.0
22	p1	1.0	0.0	0.0
22	p2	1.0	0.0	0.0
22	protein1	29.0	5.2	2.4533332000000003
22	protein2	11.6	3.8	3.5166666
22	protein3	0.0	0.6	0.1
22	rnapol	0.4	0.0	0.0
23	__protein1_rbs	2.2	0.0	0.0
23	__protein2_rbs	1.0	0.0	0.0
23	__protein3_rbs	0.2	0.0	0.0
23	__ribosome	72.6	0.0	0.0
23	__rnase_site_ext	5.8	0.0	0.0
23	p0	1.0	0.0	0.0
23	p1	0.8	0.0	0.0
23	p2	0.8	0.0	0.0
23	protein1	31.2	5.6	2.45
23	protein2	14.0	3.8	3.5166666
23	protein3	0.0	0.6	0.4
23	rnapol	0.4	0.0	0.0
24	__protein1_rbs	3.0	0.0	0.0
24	__protein2_rbs	1.0	0.0	0.0
24	__protein3_rbs	0.2	0.0	0.0
24	__ribosome	72.6	0.0	0.0
24	__rnase_site_ext	5.8	0.0	0.0
24	p0	0.6	0.0	0.0
24	p1	0.8	0.0	0.0
24	p2	1.0	0.0	0.0
24	protein1	33.4	5.6	2.4666666
24	protein2	16.8	3.6	3.5166666
24	protein3	0.0	0.8	0.4666666
24	rnapol	0.2	0.0	0.0
25	__protein1_rbs	2.6	0.0	0.0
25	__protein2_rbs	1.8	0.0	0.0
25	__protein3_rbs	0.2	0.0	0.0
25	__ribosome	71.8	0.0	0.0
25	__rnase_site_ext	6.2	0.0	0.0
25	p0	0.8	0.0	0.0
25	p1	0.8	0.0	0.0
25	p2	1.0	0.0	0.0
25	protein1	36.0	5.6	2.6666666
25	protein2	19.0	3.6	3.45
25	protein3	0.0	0.8	0.8
25	rnapol	0.2	0.0	0.0
26	__protein1_rbs	2.8	0.0	0.0
26	__protein2_rbs	1.0	0.0	0.0
26	__protein3_rbs	0.4	0.0	0.0
26	__ribosome	70.6	0.0	0.0
26	__rnase_site_ext	6.2	0.0	0.0
26	p0	0.8	0.0	0.0
26	p1	0.6	0.0	0.0
26	p2	1.0	0.0	0.0
26	protein1	38.8	6.0	2.604762
26	protein2	21.4	3.8	3.3833334
26	protein3	0.0	1.0	1.0666666
26	rnapol	0.2	0.0	0.0
27	__protein1_rbs	2.4	0.0	0.0
27	__protein2_rbs	1.6	0.0	0.0
27	__protein3_rbs	0.4	0.0	0.0
27	__ribosome	69.8	0.0	0.0
27	__rnase_site_ext	6.6	0.0	0.0
27	p0	0.8	0.0	0.0
27	p1	0.2	0.0	0.0
27	p2	1.0	0.0	0.0
27	protein1	41.2	6.0	2.5857144
27	protein2	24.0	4.0	3.1066666
27	protein3	0.2	1.0	1.3333334
27	rnapol	0.0	0.0	0.0
28	__protein1_rbs	2.2	0.0	0.0
28	__protein2_rbs	1.4	0.0	0.0
28	__protein3_rbs	0.8	0.0	0.0
28	__ribosome	70.0	0.0	0.0
28	__rnase_site_ext	6.6	0.0	0.0
28	p0	1.0	0.0	0.0
28	p1	0.2	0.0	0.0
28	p2	1.0	0.0	0.0
28	protein1	44.6	6.2	2.5488096000000002
28	protein2	26.8	4.0	3.0066666
28	protein3	0.4	1.0	1.3333334
28	rnapol	0.2	0.0	0.0
29	__protein1_rbs	3.0	0.0	0.0
29	__protein2_rbs	1.4	0.0	0.0
29	__protein3_rbs	0.2	0.0	0.0
29	__ribosome	68.0	0.0	0.0
29	__rnase_site_ext	6.6	0.0	0.0
29	p0	0.8	0.0	0.0
29	p1	0.0	0.0	0.0
29	p2	1.0	0.0	0.0
29	protein1	47.4	6.4	2.5321428
29	protein2	29.0	4.8	2.7233334
29	protein3	1.0	1.0	1.5333333999999998
29	rnapol	0.2	0.0	0.0
30	__protein1_rbs	2.8	0.0	0.0
30	__protein2_rbs	2.0	0.0	0.0
30	__protein3_rbs	0.6	0.0	0.0
30	__ribosome	67.0	0.0	0.0
30	__rnase_site_ext	6.6	0.0	0.0
30	p0	0.8	0.0	0.0
30	p1	0.4	0.0	0.0
30	p2	0.8	0.0	0.0
30	protein1	50.0	6.4	2.6678572
30	protein2	31.6	4.8	2.7333334
30	protein3	1.6	1.0	1.3333334
30	rnapol	0.0	0.0	0.0
31	__protein1_rbs	1.8	0.0	0.0
31	__protein2_rbs	3.0	0.0	0.0
31	__protein3_rbs	0.4	0.0	0.0
31	__ribosome	65.8	0.0	0.0
31	__rnase_site_ext	6.4	0.0	0.0
31	p0	1.0	0.0	0.0
31	p1	0.8	0.0	0.0
31	p2	1.0	0.0	0.0
31	protein1	53.0	6.2	2.9323808
31	protein2	34.0	5.6	2.4114286000000003
31	protein3	2.2	1.0	1.2
31	rnapol	0.4	0.0	0.0
32	__protein1_rbs	2.8	0.0	0.0
32	__protein2_rbs	1.8	0.0	0.0
32	__protein3_rbs	0.6	0.0	0.0
32	__ribosome	64.0	0.0	0.0
32	__rnase_site_ext	6.4	0.0	0.0
32	p0	0.8	0.0	0.0
32	p1	0.6	0.0	0.0
32	p2	0.8	0.0	0.0
32	protein1	56.2	6.2	2.9971427999999998
32	protein2	36.4	6.2	2.4980953999999995
32	protein3	2.6	1.0	1.1333334000000002
32	rnapol	0.4	0.0	0.0
33	__protein1_rbs	2.8	0.0	0.0
33	__protein2_rbs	3.0	0.0	0.0
33	__protein3_rbs	0.4	0.0	0.0
33	__ribosome	64.0	0.0	0.0
33	__rnase_site_ext	6.4	0.0	0.0
33	p0	0.8	0.0	0.0
33	p1	0.8	0.0	0.0
33	p2	0.8	0.0	0.0
33	protein1	59.8	6.2	2.8790476000000003
33	protein2	38.8	6.2	2.5361904
33	protein3	2.8	1.0	1.2666666000000002
33	rnapol	0.6	0.0	0.0
34	__protein1_rbs	2.0	0.0	0.0
34	__protein2_rbs	2.8	0.0	0.0
34	__protein3_rbs	0.8	0.0	0.0
34	__ribosome	61.2	0.0	0.0
34	__rnase_site_ext	6.8	0.0	0.0
34	p0	0.8	0.0	0.0
34	p1	0.8	0.0	0.0
34	p2	0.4	0.0	0.0
34	protein1	63.2	6.2	3.1104762000000004
34	protein2	41.2	6.6	2.6571428
34	protein3	3.4	1.0	1.0666666
34	rnapol	0.4	0.0	0.0
35	__protein1_rbs	4.2	0.0	0.0
35	__protein2_rbs	2.4	0.0	0.0
35	__protein3_rbs	0.6	0.0	0.0
35	__ribosome	61.6	0.0	0.0
35	__rnase_site_ext	7.0	0.0	0.0
35	p0	0.8	0.0	0.0
35	p1	0.6	0.0	0.0
35	p2	0.6	0.0	0.0
35	protein1	67.0	6.4	2.8
35	protein2	44.0	6.6	2.7885714
35	protein3	4.0	1.0	1.0
35	rnapol	0.6	0.0	0.0
36	__protein1_rbs	2.6	0.0	0.0
36	__protein2_rbs	1.6	0.0	0.0
36	__protein3_rbs	0.6	0.0	0.0
36	__ribosome	60.2	0.0	0.0
36	__rnase_site_ext	7.4	0.0	0.0
36	p0	0.6	0.0	0.0
36	p1	1.0	0.0	0.0
36	p2	0.4	0.0	0.0
36	protein1	71.0	6.8	2.6642856
36	protein2	47.4	6.6	3.0785714
36	protein3	4.8	1.0	1.0666666
36	rnapol	0.8	0.0	0.0
37	__protein1_rbs	3.4	0.0	0.0
37	__protein2_rbs	2.6	0.0	0.0
37	__protein3_rbs	0.4	0.0	0.0
37	__ribosome	60.6	0.0	0.0
37	__rnase_site_ext	7.6	0.0	0.0
37	p0	0.6	0.0	0.0
37	p1	0.8	0.0	0.0
37	p2	0.8	0.0	0.0
37	protein1	74.6	6.8	2.5285714
37	protein2	50.8	6.6	2.9766666
37	protein3	4.8	1.2	1.4
37	rnapol	0.8	0.0	0.0
38	__protein1_rbs	2.2	0.0	0.0
38	__protein2_rbs	2.6	0.0	0.0
38	__protein3_rbs	0.4	0.0	0.0
38	__ribosome	58.0	0.0	0.0
38	__rnase_site_ext	7.8	0.0	0.0
38	p0	0.8	0.0	0.0
38	p1	0.8	0.0	0.0
38	p2	0.8	0.0	0.0
38	protein1	77.8	7.4	2.6059523999999996
38	protein2	53.8	6.6	3.0338093999999995
38	protein3	5.4	1.2	1.6333334000000002
38	rnapol	0.6	0.0	0.0
39	__protein1_rbs	4.0	0.0	0.0
39	__protein2_rbs	4.4	0.0	0.0
39	__protein3_rbs	0.4	0.0	0.0
39	__ribosome	59.0	0.0	0.0
39	__rnase_site_ext	7.8	0.0	0.0
39	p0	0.8	0.0	0.0
39	p1	0.8	0.0	0.0
39	p2	0.6	0.0	0.0
39	protein1	80.8	7.6	2.5440478000000004
39	protein2	57.8	6.6	2.815
39	protein3	5.8	1.2	1.6666666
39	rnapol	0.4	0.0	0.0
40	__protein1_rbs	3.6	0.0	0.0
40	__protein2_rbs	2.6	0.0	0.0
40	__protein3_rbs	1.0	0.0	0.0
40	__ribosome	58.6	0.0	0.0
40	__rnase_site_ext	8.4	0.0	0.0
40	p0	0.6	0.0	0.0
40	p1	0.8	0.0	0.0
40	p2	0.8	0.0	0.0
40	protein1	84.4	7.4	2.7007144000000003
40	protein2	61.6	6.8	2.775
40	protein3	6.0	1.2	1.7
40	rnapol	0.2	0.0	0.0
41	__protein1_rbs	3.6	0.0	0.0
41	__protein2_rbs	3.4	0.0	0.0
41	__protein3_rbs	1.0	0.0	0.0
41	__ribosome	59.0	0.0	0.0
41	__rnase_site_ext	8.2	0.0	0.0
41	p0	0.8	0.0	0.0
41	p1	0.6	0.0	0.0
41	p2	0.8	0.0	0.0
41	protein1	88.0	7.6	2.6295238
41	protein2	65.2	7.0	2.7059523999999997
41	protein3	7.0	1.4	1.2
41	rnapol	0.2	0.0	0.0
42	__protein1_rbs	3.8	0.0	0.0
42	__protein2_rbs	4.0	0.0	0.0
42	__protein3_rbs	0.6	0.0	0.0
42	__ribosome	60.4	0.0	0.0
42	__rnase_site_ext	8.4	0.0	0.0
42	p0	0.6	0.0	0.0
42	p1	0.6	0.0	0.0
42	p2	1.0	0.0	0.0
42	protein1	91.4	8.0	2.5814286
42	protein2	70.0	6.8	2.4809523999999996
42	protein3	7.8	1.4	1.2
42	rnapol	0.0	0.0	0.0
43	__protein1_rbs	2.8	0.0	0.0
43	__protein2_rbs	2.6	0.0	0.0
43	__protein3_rbs	0.4	0.0	0.0
43	__ribosome	58.4	0.0	0.0
43	__rnase_site_ext	8.8	0.0	0.0
43	p0	1.0	0.0	0.0
43	p1	0.4	0.0	0.0
43	p2	1.0	0.0	0.0
43	protein1	96.0	8.0	2.684935
43	protein2	73.2	7.2	2.5464286
43	protein3	8.6	1.6	1.1166665999999998
43	rnapol	0.2	0.0	0.0
44	__protein1_rbs	4.0	0.0	0.0
44	__protein2_rbs	3.2	0.0	0.0
44	__protein3_rbs	0.8	0.0	0.0
44	__ribosome	57.6	0.0	0.0
44	__rnase_site_ext	8.8	0.0	0.0
44	p0	0.8	0.0	0.0
44	p1	0.2	0.0	0.0
44	p2	0.8	0.0	0.0
44	protein1	99.8	8.4	2.530974
44	protein2	76.8	7.6	2.4734128
44	protein3	9.4	1.6	1.0833334
44	rnapol	0.0	0.0	0.0
45	__protein1_rbs	3.4	0.0	0.0
45	__protein2_rbs	3.6	0.0	0.0
45	__protein3_rbs	0.8	0.0	0.0
45	__ribosome	56.4	0.0	0.0
45	__rnase_site_ext	8.8	0.0	0.0
45	p0	0.8	0.0	0.0
45	p1	0.4	0.0	0.0
45	p2	1.0	0.0	0.0
45	protein1	103.6	8.4	2.5686148
45	protein2	80.2	7.8	2.4392857999999995
45	protein3	9.4	1.6	1.25
45	rnapol	0.2	0.0	0.0
46	__protein1_rbs	3.8	0.0	0.0
46	__protein2_rbs	4.8	0.0	0.0
46	__protein3_rbs	0.6	0.0	0.0
46	__ribosome	55.8	0.0	0.0
46	__rnase_site_ext	8.8	0.0	0.0
46	p0	1.0	0.0	0.0
46	p1	1.0	0.0	0.0
46	p2	1.0	0.0	0.0
46	protein1	107.8	8.4	2.6587880000000004
46	protein2	84.0	8.0	2.2412696
46	protein3	9.6	1.6	1.65
46	rnapol	0.4	0.0	0.0
47	__protein1_rbs	3.8	0.0	0.0
47	__protein2_rbs	3.8	0.0	0.0
47	__protein3_rbs	0.8	0.0	0.0
47	__ribosome	53.8	0.0	0.0
47	__rnase_site_ext	9.0	0.0	0.0
47	p0	1.0	0.0	0.0
47	p1	0.6	0.0	0.0
47	p2	0.6	0.0	0.0
47	protein1	111.4	8.4	2.6987879999999995
47	protein2	87.2	8.6	2.3122222000000003
47	protein3	10.6	1.6	1.6
47	rnapol	0.4	0.0	0.0
48	__protein1_rbs	5.4	0.0	0.0
48	__protein2_rbs	3.8	0.0	0.0
48	__protein3_rbs	0.4	0.0	0.0
48	__ribosome	54.0	0.0	0.0
48	__rnase_site_ext	9.0	0.0	0.0
48	p0	1.0	0.0	0.0
48	p1	0.6	0.0	0.0
48	p2	0.6	0.0	0.0
48	protein1	116.4	8.6	2.4517173999999997
48	protein2	90.8	8.2	2.5022222000000003
48	protein3	11.4	1.6	1.8166666
48	rnapol	0.6	0.0	0.0
49	__protein1_rbs	3.6	0.0	0.0
49	__protein2_rbs	4.8	0.0	0.0
49	__protein3_rbs	0.4	0.0	0.0
49	__ribosome	53.6	0.0	0.0
49	__rnase_site_ext	9.2	0.0	0.0
49	p0	0.4	0.0	0.0
49	p1	0.8	0.0	0.0
49	p2	1.0	0.0	0.0
49	protein1	120.6	8.6	2.5187880000000002
49	protein2	94.6	8.4	2.425
49	protein3	12.2	1.6	1.8
49	rnapol	0.6	0.0	0.0
50	__protein1_rbs	4.8	0.0	0.0
50	__protein2_rbs	4.2	0.0	0.0
50	__protein3_rbs	0.6	0.0	0.0
50	__ribosome	53.2	0.0	0.0
50	__rnase_site_ext	9.4	0.0	0.0
50	p0	0.8	0.0	0.0
50	p1	0.8	0.0	0.0
50	p2	0.6	0.0	0.0
50	protein1	124.6	8.8	2.4711112
50	protein2	98.4	8.6	2.4105554
50	protein3	13.2	1.6	1.6833334
50	rnapol	0.4	0.0	0.0
51	__protein1_rbs	3.8	0.0	0.0
51	__protein2_rbs	4.2	0.0	0.0
51	__protein3_rbs	1.2	0.0	0.0
51	__ribosome	52.6	0.0	0.0
51	__rnase_site_ext	9.2	0.0	0.0
51	p0	0.8	0.0	0.0
51	p1	0.6	0.0	0.0
51	p2	0.6	0.0	0.0
51	protein1	129.4	9.0	2.3828788
51	protein2	102.2	8.8	2.4885857999999996
51	protein3	13.8	1.6	1.85
51	rnapol	0.4	0.0	0.0
52	__protein1_rbs	3.4	0.0	0.0
52	__protein2_rbs	5.2	0.0	0.0
52	__protein3_rbs	0.6	0.0	0.0
52	__ribosome	52.0	0.0	0.0
52	__rnase_site_ext	9.2	0.0	0.0
52	p0	1.0	0.0	0.0
52	p1	0.6	0.0	0.0
52	p2	0.8	0.0	0.0
52	protein1	134.0	9.0	2.4163636000000004
52	protein2	106.4	8.8	2.4859596
52	protein3	14.4	1.6	1.95
52	rnapol	0.8	0.0	0.0
53	__protein1_rbs	5.0	0.0	0.0
53	__protein2_rbs	3.4	0.0	0.0
53	__protein3_rbs	0.6	0.0	0.0
53	__ribosome	49.4	0.0	0.0
53	__rnase_site_ext	9.4	0.0	0.0
53	p0	0.8	0.0	0.0
53	p1	0.6	0.0	0.0
53	p2	0.8	0.0	0.0
53	protein1	137.0	8.8	2.6180302
53	protein2	110.2	8.8	2.6347978
53	protein3	15.2	1.6	1.9666666000000002
53	rnapol	0.8	0.0	0.0
54	__protein1_rbs	5.8	0.0	0.0
54	__protein2_rbs	4.4	0.0	0.0
54	__protein3_rbs	0.8	0.0	0.0
54	__ribosome	51.0	0.0	0.0
54	__rnase_site_ext	9.8	0.0	0.0
54	p0	0.4	0.0	0.0
54	p1	0.8	0.0	0.0
54	p2	0.8	0.0	0.0
54	protein1	142.2	9.0	2.3665152000000003
54	protein2	114.4	9.2	2.5478212000000005
54	protein3	16.4	1.6	1.6666668000000002
54	rnapol	0.6	0.0	0.0
55	__protein1_rbs	3.8	0.0	0.0
55	__protein2_rbs	3.6	0.0	0.0
55	__protein3_rbs	0.4	0.0	0.0
55	__ribosome	48.6	0.0	0.0
55	__rnase_site_ext	10.2	0.0	0.0
55	p0	0.8	0.0	0.0
55	p1	0.8	0.0	0.0
55	p2	0.8	0.0	0.0
55	protein1	145.8	9.0	2.5128787999999997
55	protein2	119.0	9.2	2.679423
55	protein3	17.8	1.6	1.6333334000000002
55	rnapol	0.4	0.0	0.0
56	__protein1_rbs	6.6	0.0	0.0
56	__protein2_rbs	4.6	0.0	0.0
56	__protein3_rbs	0.4	0.0	0.0
56	__ribosome	49.4	0.0	0.0
56	__rnase_site_ext	10.2	0.0	0.0
56	p0	0.8	0.0	0.0
56	p1	0.6	0.0	0.0
56	p2	0.8	0.0	0.0
56	protein1	150.2	9.6	2.2366882
56	protein2	123.4	9.2	2.6256062
56	protein3	18.0	1.6	2.0
56	rnapol	0.2	0.0	0.0
57	__protein1_rbs	4.8	0.0	0.0
57	__protein2_rbs	4.8	0.0	0.0
57	__protein3_rbs	0.8	0.0	0.0
57	__ribosome	50.0	0.0	0.0
57	__rnase_site_ext	10.2	0.0	0.0
57	p0	0.8	0.0	0.0
57	p1	0.2	0.0	0.0
57	p2	0.8	0.0	0.0
57	protein1	156.0	9.8	2.1482683999999996
57	protein2	127.0	9.4	2.623788
57	protein3	19.0	1.6	1.9333332
57	rnapol	0.0	0.0	0.0
58	__protein1_rbs	4.2	0.0	0.0
58	__protein2_rbs	5.2	0.0	0.0
58	__protein3_rbs	1.0	0.0	0.0
58	__ribosome	50.8	0.0	0.0
58	__rnase_site_ext	10.0	0.0	0.0
58	p0	1.0	0.0	0.0
58	p1	0.6	0.0	0.0
58	p2	0.8	0.0	0.0
58	protein1	160.6	9.8	2.2310606
58	protein2	132.2	9.4	2.5150506
58	protein3	20.2	1.6	1.6666668000000002
58	rnapol	0.2	0.0	0.0
59	__protein1_rbs	5.8	0.0	0.0
59	__protein2_rbs	3.0	0.0	0.0
59	__protein3_rbs	0.4	0.0	0.0
59	__ribosome	49.6	0.0	0.0
59	__rnase_site_ext	10.2	0.0	0.0
59	p0	0.8	0.0	0.0
59	p1	0.8	0.0	0.0
59	p2	1.0	0.0	0.0
59	protein1	163.2	9.8	2.4870398
59	protein2	138.0	9.4	2.4464644
59	protein3	21.2	1.6	1.7
59	rnapol	0.2	0.0	0.0
60	__protein1_rbs	4.6	0.0	0.0
60	__protein2_rbs	5.6	0.0	0.0
60	__protein3_rbs	0.8	0.0	0.0
60	__ribosome	50.2	0.0	0.0
60	__rnase_site_ext	10.2	0.0	0.0
60	p0	0.8	0.0	0.0
60	p1	0.8	0.0	0.0
60	p2	0.8	0.0	0.0
60	protein1	168.2	9.8	2.3553029999999997
60	protein2	142.2	9.8	2.2789392000000004
60	protein3	21.6	1.6	1.95
60	rnapol	0.2	0.0	0.0
61	__protein1_rbs	3.6	0.0	0.0
61	__protein2_rbs	5.0	0.0	0.0
61	__protein3_rbs	0.8	0.0	0.0
61	__ribosome	46.8	0.0	0.0
61	__rnase_site_ext	10.2	0.0	0.0
61	p0	0.8	0.0	0.0
61	p1	0.6	0.0	0.0
61	p2	0.8	0.0	0.0
61	protein1	170.6	9.8	2.6526226000000004
61	protein2	147.0	10.0	2.2868686
61	protein3	22.8	1.6	1.75
61	rnapol	0.2	0.0	0.0
62	__protein1_rbs	5.6	0.0	0.0
62	__protein2_rbs	4.6	0.0	0.0
62	__protein3_rbs	1.0	0.0	0.0
62	__ribosome	48.2	0.0	0.0
62	__rnase_site_ext	10.4	0.0	0.0
62	p0	0.8	0.0	0.0
62	p1	0.2	0.0	0.0
62	p2	0.8	0.0	0.0
62	protein1	176.2	9.8	2.5240442
62	protein2	151.6	10.0	2.3773232
62	protein3	24.0	1.6	1.5
62	rnapol	0.2	0.0	0.0
63	__protein1_rbs	6.0	0.0	0.0
63	__protein2_rbs	5.0	0.0	0.0
63	__protein3_rbs	0.6	0.0	0.0
63	__ribosome	49.6	0.0	0.0
63	__rnase_site_ext	10.8	0.0	0.0
63	p0	0.8	0.0	0.0
63	p1	0.4	0.0	0.0
63	p2	0.8	0.0	0.0
63	protein1	181.6	10.0	2.346923
63	protein2	155.4	10.0	2.3652523999999997
63	protein3	24.8	1.6	1.55
63	rnapol	0.2	0.0	0.0
64	__protein1_rbs	5.0	0.0	0.0
64	__protein2_rbs	4.8	0.0	0.0
64	__protein3_rbs	0.6	0.0	0.0
64	__ribosome	46.8	0.0	0.0
64	__rnase_site_ext	10.4	0.0	0.0
64	p0	0.8	0.0	0.0
64	p1	0.6	0.0	0.0
64	p2	0.6	0.0	0.0
64	protein1	185.6	10.2	2.3673074
64	protein2	159.4	10.8	2.358586
64	protein3	25.8	1.6	1.4
64	rnapol	0.0	0.0	0.0
65	__protein1_rbs	4.6	0.0	0.0
65	__protein2_rbs	5.4	0.0	0.0
65	__protein3_rbs	1.2	0.0	0.0
65	__ribosome	48.2	0.0	0.0
65	__rnase_site_ext	10.4	0.0	0.0
65	p0	1.0	0.0	0.0
65	p1	0.8	0.0	0.0
65	p2	0.8	0.0	0.0
65	protein1	190.8	10.2	2.3948716
65	protein2	165.2	10.8	2.3474776000000004
65	protein3	26.6	1.6	1.25
65	rnapol	0.4	0.0	0.0
66	__protein1_rbs	5.2	0.0	0.0
66	__protein2_rbs	5.8	0.0	0.0
66	__protein3_rbs	0.8	0.0	0.0
66	__ribosome	50.2	0.0	0.0
66	__rnase_site_ext	10.4	0.0	0.0
66	p0	1.0	0.0	0.0
66	p1	0.8	0.0	0.0
66	p2	1.0	0.0	0.0
66	protein1	196.8	9.8	2.2760822000000003
66	protein2	169.8	11.0	2.2819292
66	protein3	27.4	1.6	1.35
66	rnapol	0.2	0.0	0.0
67	__protein1_rbs	4.8	0.0	0.0
67	__protein2_rbs	6.0	0.0	0.0
67	__protein3_rbs	0.8	0.0	0.0
67	__ribosome	48.4	0.0	0.0
67	__rnase_site_ext	10.6	0.0	0.0
67	p0	1.0	0.0	0.0
67	p1	0.8	0.0	0.0
67	p2	1.0	0.0	0.0
67	protein1	200.8	10.0	2.362013
67	protein2	173.8	11.0	2.3241732
67	protein3	28.4	1.8	1.4
67	rnapol	0.4	0.0	0.0
68	__protein1_rbs	4.0	0.0	0.0
68	__protein2_rbs	6.0	0.0	0.0
68	__protein3_rbs	0.8	0.0	0.0
68	__ribosome	47.2	0.0	0.0
68	__rnase_site_ext	10.6	0.0	0.0
68	p0	1.0	0.0	0.0
68	p1	0.6	0.0	0.0
68	p2	0.2	0.0	0.0
68	protein1	204.8	10.2	2.4749502
68	protein2	178.8	11.0	2.3095432
68	protein3	29.2	1.8	1.45
68	rnapol	0.4	0.0	0.0
69	__protein1_rbs	4.8	0.0	0.0
69	__protein2_rbs	6.0	0.0	0.0
69	__protein3_rbs	1.0	0.0	0.0
69	__ribosome	48.6	0.0	0.0
69	__rnase_site_ext	10.8	0.0	0.0
69	p0	0.6	0.0	0.0
69	p1	0.6	0.0	0.0
69	p2	0.4	0.0	0.0
69	protein1	209.6	10.2	2.3925158
69	protein2	184.6	11.2	2.1755798
69	protein3	29.8	1.8	1.7
69	rnapol	0.6	0.0	0.0
70	__protein1_rbs	4.6	0.0	0.0
70	__protein2_rbs	5.0	0.0	0.0
70	__protein3_rbs	1.2	0.0	0.0
70	__ribosome	45.4	0.0	0.0
70	__rnase_site_ext	11.2	0.0	0.0
70	p0	0.6	0.0	0.0
70	p1	0.8	0.0	0.0
70	p2	0.8	0.0	0.0
70	protein1	214.4	10.0	2.4412453999999997
70	protein2	188.4	11.0	2.4147436
70	protein3	30.2	2.0	1.75
70	rnapol	0.6	0.0	0.0
71	__protein1_rbs	4.8	0.0	0.0
71	__protein2_rbs	4.8	0.0	0.0
71	__protein3_rbs	1.4	0.0	0.0
71	__ribosome	43.4	0.0	0.0
71	__rnase_site_ext	11.2	0.0	0.0
71	p0	0.8	0.0	0.0
71	p1	0.8	0.0	0.0
71	p2	1.0	0.0	0.0
71	protein1	219.2	10.4	2.3949797999999998
71	protein2	193.4	11.0	2.5732906000000004
71	protein3	30.6	2.0	1.85
71	rnapol	0.6	0.0	0.0
72	__protein1_rbs	6.0	0.0	0.0
72	__protein2_rbs	5.6	0.0	0.0
72	__protein3_rbs	1.2	0.0	0.0
72	__ribosome	44.0	0.0	0.0
72	__rnase_site_ext	11.6	0.0	0.0
72	p0	0.8	0.0	0.0
72	p1	0.8	0.0	0.0
72	p2	0.8	0.0	0.0
72	protein1	223.4	10.6	2.3630952
72	protein2	199.0	11.2	2.4646154
72	protein3	31.6	2.0	1.75
72	rnapol	0.4	0.0	0.0
73	__protein1_rbs	5.6	0.0	0.0
73	__protein2_rbs	5.8	0.0	0.0
73	__protein3_rbs	1.0	0.0	0.0
73	__ribosome	44.4	0.0	0.0
73	__rnase_site_ext	12.0	0.0	0.0
73	p0	0.6	0.0	0.0
73	p1	0.6	0.0	0.0
73	p2	0.8	0.0	0.0
73	protein1	228.4	10.8	2.3355312
73	protein2	204.6	11.2	2.4351282000000003
73	protein3	32.6	2.0	1.85
73	rnapol	0.4	0.0	0.0
74	__protein1_rbs	5.0	0.0	0.0
74	__protein2_rbs	6.2	0.0	0.0
74	__protein3_rbs	1.0	0.0	0.0
74	__ribosome	43.2	0.0	0.0
74	__rnase_site_ext	12.2	0.0	0.0
74	p0	0.8	0.0	0.0
74	p1	0.8	0.0	0.0
74	p2	1.0	0.0	0.0
74	protein1	233.8	11.0	2.3851648
74	protein2	209.0	11.2	2.4375642
74	protein3	33.2	2.2	1.65
74	rnapol	0.4	0.0	0.0
75	__protein1_rbs	6.2	0.0	0.0
75	__protein2_rbs	4.8	0.0	0.0
75	__protein3_rbs	1.8	0.0	0.0
75	__ribosome	43.2	0.0	0.0
75	__rnase_site_ext	12.6	0.0	0.0
75	p0	0.6	0.0	0.0
75	p1	0.8	0.0	0.0
75	p2	0.8	0.0	0.0
75	protein1	238.2	11.4	2.337729
75	protein2	216.0	11.4	2.384732
75	protein3	34.4	2.4	1.45
75	rnapol	0.2	0.0	0.0
76	__protein1_rbs	7.0	0.0	0.0
76	__protein2_rbs	4.4	0.0	0.0
76	__protein3_rbs	0.6	0.0	0.0
76	__ribosome	40.6	0.0	0.0
76	__rnase_site_ext	12.8	0.0	0.0
76	p0	0.8	0.0	0.0
76	p1	1.0	0.0	0.0
76	p2	0.8	0.0	0.0
76	protein1	243.4	11.6	2.3180954
76	protein2	221.0	11.0	2.6660258
76	protein3	35.2	2.4	1.7
76	rnapol	0.0	0.0	0.0
77	__protein1_rbs	5.8	0.0	0.0
77	__protein2_rbs	6.6	0.0	0.0
77	__protein3_rbs	1.2	0.0	0.0
77	__ribosome	40.4	0.0	0.0
77	__rnase_site_ext	12.0	0.0	0.0
77	p0	0.8	0.0	0.0
77	p1	0.6	0.0	0.0
77	p2	1.0	0.0	0.0
77	protein1	249.0	12.2	2.2311537999999995
77	protein2	225.8	11.2	2.6182844
77	protein3	36.4	2.4	1.75
77	rnapol	0.0	0.0	0.0
78	__protein1_rbs	6.4	0.0	0.0
78	__protein2_rbs	4.8	0.0	0.0
78	__protein3_rbs	1.6	0.0	0.0
78	__ribosome	39.0	0.0	0.0
78	__rnase_site_ext	12.0	0.0	0.0
78	p0	1.0	0.0	0.0
78	p1	0.6	0.0	0.0
78	p2	1.0	0.0	0.0
78	protein1	253.4	11.6	2.3311662
78	protein2	230.8	11.0	2.7184066
78	protein3	36.8	2.4	1.95
78	rnapol	0.2	0.0	0.0
79	__protein1_rbs	6.4	0.0	0.0
79	__protein2_rbs	6.0	0.0	0.0
79	__protein3_rbs	1.0	0.0	0.0
79	__ribosome	40.4	0.0	0.0
79	__rnase_site_ext	12.0	0.0	0.0
79	p0	1.0	0.0	0.0
79	p1	0.6	0.0	0.0
79	p2	0.6	0.0	0.0
79	protein1	258.8	11.4	2.3061964
79	protein2	236.8	11.4	2.5247252000000002
79	protein3	38.0	2.4	1.95
79	rnapol	0.4	0.0	0.0
80	__protein1_rbs	5.8	0.0	0.0
80	__protein2_rbs	5.6	0.0	0.0
80	__protein3_rbs	1.4	0.0	0.0
80	__ribosome	40.6	0.0	0.0
80	__rnase_site_ext	12.4	0.0	0.0
80	p0	0.6	0.0	0.0
80	p1	0.8	0.0	0.0
80	p2	1.0	0.0	0.0
80	protein1	264.6	11.4	2.2855922000000004
80	protein2	243.0	11.8	2.4207142000000004
80	protein3	39.0	2.6	1.9
80	rnapol	0.6	0.0	0.0
81	__protein1_rbs	6.4	0.0	0.0
81	__protein2_rbs	7.4	0.0	0.0
81	__protein3_rbs	0.8	0.0	0.0
81	__ribosome	41.4	0.0	0.0
81	__rnase_site_ext	12.4	0.0	0.0
81	p0	0.8	0.0	0.0
81	p1	0.6	0.0	0.0
81	p2	0.8	0.0	0.0
81	protein1	269.0	11.8	2.2386324
81	protein2	249.2	12.0	2.2342857999999994
81	protein3	40.0	2.6	2.1166666000000003
81	rnapol	0.4	0.0	0.0
82	__protein1_rbs	6.6	0.0	0.0
82	__protein2_rbs	5.4	0.0	0.0
82	__protein3_rbs	1.2	0.0	0.0
82	__ribosome	39.6	0.0	0.0
82	__rnase_site_ext	12.8	0.0	0.0
82	p0	0.6	0.0	0.0
82	p1	0.4	0.0	0.0
82	p2	1.0	0.0	0.0
82	protein1	275.4	12.0	2.1256412
82	protein2	253.4	12.0	2.4192857999999995
82	protein3	41.4	2.6	2.0666666
82	rnapol	0.2	0.0	0.0
83	__protein1_rbs	6.8	0.0	0.0
83	__protein2_rbs	7.8	0.0	0.0
83	__protein3_rbs	1.2	0.0	0.0
83	__ribosome	42.6	0.0	0.0
83	__rnase_site_ext	12.8	0.0	0.0
83	p0	0.8	0.0	0.0
83	p1	0.4	0.0	0.0
83	p2	0.8	0.0	0.0
83	protein1	280.6	11.8	2.1596580000000003
83	protein2	259.6	11.8	2.2273016
83	protein3	42.8	2.6	1.9666666000000002
83	rnapol	0.2	0.0	0.0
84	__protein1_rbs	7.0	0.0	0.0
84	__protein2_rbs	7.2	0.0	0.0
84	__protein3_rbs	1.2	0.0	0.0
84	__ribosome	43.0	0.0	0.0
84	__rnase_site_ext	12.8	0.0	0.0
84	p0	1.0	0.0	0.0
84	p1	1.0	0.0	0.0
84	p2	0.4	0.0	0.0
84	protein1	286.2	12.0	2.0548718
84	protein2	264.4	12.0	2.2442460000000004
84	protein3	43.8	2.6	1.9166666
84	rnapol	0.2	0.0	0.0
85	__protein1_rbs	6.8	0.0	0.0
85	__protein2_rbs	8.0	0.0	0.0
85	__protein3_rbs	1.6	0.0	0.0
85	__ribosome	43.0	0.0	0.0
85	__rnase_site_ext	11.8	0.0	0.0
85	p0	1.0	0.0	0.0
85	p1	0.8	0.0	0.0
85	p2	1.0	0.0	0.0
85	protein1	291.2	12.2	2.0874358
85	protein2	269.4	12.6	2.1194048
85	protein3	45.2	2.6	1.7666666000000002
85	rnapol	0.6	0.0	0.0
86	__protein1_rbs	6.0	0.0	0.0
86	__protein2_rbs	6.8	0.0	0.0
86	__protein3_rbs	1.0	0.0	0.0
86	__ribosome	41.8	0.0	0.0
86	__rnase_site_ext	12.0	0.0	0.0
86	p0	0.6	0.0	0.0
86	p1	1.0	0.0	0.0
86	p2	0.8	0.0	0.0
86	protein1	296.2	11.0	2.432599
86	protein2	275.2	12.6	2.1610714
86	protein3	47.2	2.6	1.6666666
86	rnapol	0.4	0.0	0.0
87	__protein1_rbs	6.8	0.0	0.0
87	__protein2_rbs	7.2	0.0	0.0
87	__protein3_rbs	1.4	0.0	0.0
87	__ribosome	43.0	0.0	0.0
87	__rnase_site_ext	12.4	0.0	0.0
87	p0	0.6	0.0	0.0
87	p1	0.6	0.0	0.0
87	p2	0.8	0.0	0.0
87	protein1	301.4	11.0	2.3441342
87	protein2	281.2	12.6	2.1076068
87	protein3	48.2	2.6	1.7833333999999998
87	rnapol	0.6	0.0	0.0
88	__protein1_rbs	5.2	0.0	0.0
88	__protein2_rbs	6.2	0.0	0.0
88	__protein3_rbs	1.6	0.0	0.0
88	__ribosome	40.2	0.0	0.0
88	__rnase_site_ext	13.0	0.0	0.0
88	p0	1.0	0.0	0.0
88	p1	0.4	0.0	0.0
88	p2	0.8	0.0	0.0
88	protein1	306.6	11.4	2.3518074
88	protein2	285.6	12.6	2.268376
88	protein3	49.4	2.8	1.8166666
88	rnapol	0.4	0.0	0.0
89	__protein1_rbs	5.8	0.0	0.0
89	__protein2_rbs	8.6	0.0	0.0
89	__protein3_rbs	1.2	0.0	0.0
89	__ribosome	40.0	0.0	0.0
89	__rnase_site_ext	12.8	0.0	0.0
89	p0	0.6	0.0	0.0
89	p1	0.8	0.0	0.0
89	p2	0.8	0.0	0.0
89	protein1	311.4	11.8	2.407738
89	protein2	292.0	13.2	2.0199651999999997
89	protein3	50.4	2.8	2.0166666
89	rnapol	0.4	0.0	0.0
90	__protein1_rbs	7.2	0.0	0.0
90	__protein2_rbs	6.6	0.0	0.0
90	__protein3_rbs	2.0	0.0	0.0
90	__ribosome	39.4	0.0	0.0
90	__rnase_site_ext	13.0	0.0	0.0
90	p0	0.6	0.0	0.0
90	p1	0.6	0.0	0.0
90	p2	1.0	0.0	0.0
90	protein1	317.8	11.8	2.1071428
90	protein2	295.4	13.0	2.3049767999999995
90	protein3	51.0	2.8	2.1
90	rnapol	0.4	0.0	0.0
91	__protein1_rbs	7.4	0.0	0.0
91	__protein2_rbs	6.4	0.0	0.0
91	__protein3_rbs	1.2	0.0	0.0
91	__ribosome	39.0	0.0	0.0
91	__rnase_site_ext	13.2	0.0	0.0
91	p0	0.8	0.0	0.0
91	p1	0.8	0.0	0.0
91	p2	0.8	0.0	0.0
91	protein1	322.0	12.0	2.0731306000000003
91	protein2	302.4	13.2	2.2793590000000004
91	protein3	52.6	2.8	2.2666666
91	rnapol	0.2	0.0	0.0
92	__protein1_rbs	6.8	0.0	0.0
92	__protein2_rbs	8.6	0.0	0.0
92	__protein3_rbs	1.8	0.0	0.0
92	__ribosome	40.4	0.0	0.0
92	__rnase_site_ext	13.4	0.0	0.0
92	p0	0.8	0.0	0.0
92	p1	0.8	0.0	0.0
92	p2	1.0	0.0	0.0
92	protein1	327.0	12.2	2.0939064000000003
92	protein2	308.4	13.6	2.0857634
92	protein3	54.2	2.8	2.1333333999999997
92	rnapol	0.2	0.0	0.0
93	__protein1_rbs	5.8	0.0	0.0
93	__protein2_rbs	6.6	0.0	0.0
93	__protein3_rbs	1.6	0.0	0.0
93	__ribosome	38.2	0.0	0.0
93	__rnase_site_ext	13.4	0.0	0.0
93	p0	0.8	0.0	0.0
93	p1	0.6	0.0	0.0
93	p2	0.6	0.0	0.0
93	protein1	332.0	12.2	2.1997136000000004
93	protein2	314.2	13.4	2.1992656000000004
93	protein3	55.4	2.6	2.7666666
93	rnapol	0.0	0.0	0.0
94	__protein1_rbs	7.4	0.0	0.0
94	__protein2_rbs	7.6	0.0	0.0
94	__protein3_rbs	2.0	0.0	0.0
94	__ribosome	40.0	0.0	0.0
94	__rnase_site_ext	13.6	0.0	0.0
94	p0	1.0	0.0	0.0
94	p1	0.4	0.0	0.0
94	p2	1.0	0.0	0.0
94	protein1	337.8	12.4	2.0188083999999997
94	protein2	320.0	13.4	2.2280244
94	protein3	56.8	2.6	2.4166666
94	rnapol	0.8	0.0	0.0
95	__protein1_rbs	6.6	0.0	0.0
95	__protein2_rbs	6.2	0.0	0.0
95	__protein3_rbs	1.8	0.0	0.0
95	__ribosome	39.6	0.0	0.0
95	__rnase_site_ext	13.6	0.0	0.0
95	p0	0.8	0.0	0.0
95	p1	0.6	0.0	0.0
95	p2	1.0	0.0	0.0
95	protein1	343.4	12.2	2.0882351999999997
95	protein2	325.8	12.8	2.4051922
95	protein3	58.2	2.2	inf
95	rnapol	0.8	0.0	0.0
96	__protein1_rbs	6.8	0.0	0.0
96	__protein2_rbs	7.6	0.0	0.0
96	__protein3_rbs	1.0	0.0	0.0
96	__ribosome	40.2	0.0	0.0
96	__rnase_site_ext	13.8	0.0	0.0
96	p0	0.4	0.0	0.0
96	p1	0.6	0.0	0.0
96	p2	1.0	0.0	0.0
96	protein1	347.4	12.2	2.238871
96	protein2	332.6	13.2	2.178718
96	protein3	59.6	2.2	inf
96	rnapol	0.6	0.0	0.0
97	__protein1_rbs	6.2	0.0	0.0
97	__protein2_rbs	8.0	0.0	0.0
97	__protein3_rbs	1.0	0.0	0.0
97	__ribosome	40.4	0.0	0.0
97	__rnase_site_ext	14.0	0.0	0.0
97	p0	0.8	0.0	0.0
97	p1	0.2	0.0	0.0
97	p2	1.0	0.0	0.0
97	protein1	353.2	12.4	2.2140874
97	protein2	338.6	13.4	2.1152787999999996
97	protein3	60.6	2.2	inf
97	rnapol	0.4	0.0	0.0
98	__protein1_rbs	6.8	0.0	0.0
98	__protein2_rbs	7.8	0.0	0.0
98	__protein3_rbs	0.8	0.0	0.0
98	__ribosome	40.4	0.0	0.0
98	__rnase_site_ext	14.0	0.0	0.0
98	p0	1.0	0.0	0.0
98	p1	0.6	0.0	0.0
98	p2	0.8	0.0	0.0
98	protein1	358.2	12.8	2.1535714
98	protein2	344.8	13.8	2.0394468
98	protein3	62.0	2.2	inf
98	rnapol	0.4	0.0	0.0
99	__protein1_rbs	7.8	0.0	0.0
99	__protein2_rbs	9.6	0.0	0.0
99	__protein3_rbs	1.0	0.0	0.0
99	__ribosome	40.0	0.0	0.0
99	__rnase_site_ext	13.8	0.0	0.0
99	p0	0.8	0.0	0.0
99	p1	0.8	0.0	0.0
99	p2	0.8	0.0	0.0
99	protein1	363.4	12.8	2.1499146
99	protein2	349.4	14.6	1.9604926
99	protein3	63.2	2.2	1.25
99	rnapol	0.4	0.0	0.0
100	__protein1_rbs	6.4	0.0	0.0
100	__protein2_rbs	7.0	0.0	0.0
100	__protein3_rbs	1.6	0.0	0.0
100	__ribosome	39.6	0.0	0.0
100	__rnase_site_ext	14.2	0.0	0.0
100	p0	1.0	0.0	0.0
100	p1	0.8	0.0	0.0
100	p2	0.6	0.0	0.0
100	protein1	369.0	12.4	2.2374419999999997
100	protein2	356.4	14.0	2.1031578
100	protein3	63.6	2.0	1.4
100	rnapol	0.0	0.0	0.0
101	__protein1_rbs	5.8	0.0	0.0
101	__protein2_rbs	8.4	0.0	0.0
101	__protein3_rbs	0.6	0.0	0.0
101	__ribosome	38.2	0.0	0.0
101	__rnase_site_ext	13.6	0.0	0.0
101	p0	0.8	0.0	0.0
101	p1	0.8	0.0	0.0
101	p2	0.6	0.0	0.0
101	protein1	375.2	12.8	2.2198027999999996
101	protein2	361.4	13.8	2.1438808000000003
101	protein3	64.6	2.0	1.65
101	rnapol	0.0	0.0	0.0
102	__protein1_rbs	7.2	0.0	0.0
102	__protein2_rbs	7.6	0.0	0.0
102	__protein3_rbs	1.6	0.0	0.0
102	__ribosome	39.2	0.0	0.0
102	__rnase_site_ext	13.8	0.0	0.0
102	p0	1.0	0.0	0.0
102	p1	1.0	0.0	0.0
102	p2	0.8	0.0	0.0
102	protein1	380.2	12.2	2.2532036
102	protein2	367.2	13.4	2.2519456
102	protein3	66.0	2.0	1.4
102	rnapol	0.4	0.0	0.0
103	__protein1_rbs	6.2	0.0	0.0
103	__protein2_rbs	8.0	0.0	0.0
103	__protein3_rbs	0.6	0.0	0.0
103	__ribosome	37.2	0.0	0.0
103	__rnase_site_ext	13.4	0.0	0.0
103	p0	0.8	0.0	0.0
103	p1	0.2	0.0	0.0
103	p2	0.6	0.0	0.0
103	protein1	385.8	12.4	2.290433
103	protein2	372.6	13.4	2.2812137999999997
103	protein3	66.4	2.0	1.75
103	rnapol	0.4	0.0	0.0
104	__protein1_rbs	6.2	0.0	0.0
104	__protein2_rbs	6.8	0.0	0.0
104	__protein3_rbs	1.6	0.0	0.0
104	__ribosome	37.0	0.0	0.0
104	__rnase_site_ext	13.4	0.0	0.0
104	p0	0.6	0.0	0.0
104	p1	0.6	0.0	0.0
104	p2	0.4	0.0	0.0
104	protein1	391.4	11.8	2.434026
104	protein2	378.2	13.4	2.3707936000000003
104	protein3	67.6	2.2	1.4300000000000002
104	rnapol	0.4	0.0	0.0
105	__protein1_rbs	7.6	0.0	0.0
105	__protein2_rbs	9.4	0.0	0.0
105	__protein3_rbs	1.4	0.0	0.0
105	__ribosome	40.8	0.0	0.0
105	__rnase_site_ext	14.0	0.0	0.0
105	p0	0.6	0.0	0.0
105	p1	0.8	0.0	0.0
105	p2	1.0	0.0	0.0
105	protein1	397.0	12.0	2.2468804
105	protein2	385.0	14.0	2.0590018
105	protein3	68.6	2.2	1.38
105	rnapol	0.2	0.0	0.0
106	__protein1_rbs	7.2	0.0	0.0
106	__protein2_rbs	7.6	0.0	0.0
106	__protein3_rbs	1.0	0.0	0.0
106	__ribosome	40.2	0.0	0.0
106	__rnase_site_ext	13.8	0.0	0.0
106	p0	1.0	0.0	0.0
106	p1	0.6	0.0	0.0
106	p2	0.8	0.0	0.0
106	protein1	402.6	12.4	2.1442596000000003
106	protein2	390.6	14.2	2.1009624
106	protein3	69.8	2.2	1.33
106	rnapol	0.2	0.0	0.0
107	__protein1_rbs	6.4	0.0	0.0
107	__protein2_rbs	7.0	0.0	0.0
107	__protein3_rbs	1.2	0.0	0.0
107	__ribosome	41.0	0.0	0.0
107	__rnase_site_ext	13.8	0.0	0.0
107	p0	1.0	0.0	0.0
107	p1	0.4	0.0	0.0
107	p2	0.8	0.0	0.0
107	protein1	408.8	12.4	2.1235896
107	protein2	396.8	14.0	2.1243494
107	protein3	71.2	2.2	1.13
107	rnapol	0.4	0.0	0.0
108	__protein1_rbs	5.8	0.0	0.0
108	__protein2_rbs	8.2	0.0	0.0
108	__protein3_rbs	1.0	0.0	0.0
108	__ribosome	39.8	0.0	0.0
108	__rnase_site_ext	13.6	0.0	0.0
108	p0	1.0	0.0	0.0
108	p1	1.0	0.0	0.0
108	p2	1.0	0.0	0.0
108	protein1	414.6	12.4	2.2000426
108	protein2	403.0	14.0	2.0673396
108	protein3	71.8	2.0	1.72
108	rnapol	0.6	0.0	0.0
109	__protein1_rbs	7.6	0.0	0.0
109	__protein2_rbs	7.4	0.0	0.0
109	__protein3_rbs	1.2	0.0	0.0
109	__ribosome	38.8	0.0	0.0
109	__rnase_site_ext	13.8	0.0	0.0
109	p0	0.6	0.0	0.0
109	p1	0.8	0.0	0.0
109	p2	0.2	0.0	0.0
109	protein1	419.8	12.4	2.1846154
109	protein2	408.6	14.4	2.1303208
109	protein3	72.6	2.2	1.5166666000000002
109	rnapol	0.0	0.0	0.0
110	__protein1_rbs	6.6	0.0	0.0
110	__protein2_rbs	7.4	0.0	0.0
110	__protein3_rbs	1.2	0.0	0.0
110	__ribosome	36.8	0.0	0.0
110	__rnase_site_ext	14.0	0.0	0.0
110	p0	0.6	0.0	0.0
110	p1	0.8	0.0	0.0
110	p2	1.0	0.0	0.0
110	protein1	424.6	12.4	2.2197084
110	protein2	414.8	14.2	2.250191
110	protein3	73.6	2.2	1.5
110	rnapol	0.6	0.0	0.0
111	__protein1_rbs	6.6	0.0	0.0
111	__protein2_rbs	9.2	0.0	0.0
111	__protein3_rbs	1.4	0.0	0.0
111	__ribosome	35.0	0.0	0.0
111	__rnase_site_ext	14.6	0.0	0.0
111	p0	0.6	0.0	0.0
111	p1	0.4	0.0	0.0
111	p2	0.8	0.0	0.0
111	protein1	429.6	12.6	2.331868
111	protein2	420.4	14.4	2.2240007999999998
111	protein3	74.2	2.0	1.7
111	rnapol	0.2	0.0	0.0
112	__protein1_rbs	7.8	0.0	0.0
112	__protein2_rbs	6.6	0.0	0.0
112	__protein3_rbs	1.0	0.0	0.0
112	__ribosome	34.6	0.0	0.0
112	__rnase_site_ext	14.6	0.0	0.0
112	p0	0.8	0.0	0.0
112	p1	0.4	0.0	0.0
112	p2	1.0	0.0	0.0
112	protein1	435.4	13.0	2.2827596000000003
112	protein2	428.0	14.2	2.2812240000000004
112	protein3	75.6	2.0	1.3666668000000002
112	rnapol	0.2	0.0	0.0
113	__protein1_rbs	7.2	0.0	0.0
113	__protein2_rbs	8.0	0.0	0.0
113	__protein3_rbs	1.6	0.0	0.0
113	__ribosome	35.8	0.0	0.0
113	__rnase_site_ext	15.0	0.0	0.0
113	p0	1.0	0.0	0.0
113	p1	0.6	0.0	0.0
113	p2	0.4	0.0	0.0
113	protein1	442.0	13.2	2.19237
113	protein2	433.6	14.6	2.2471392000000003
113	protein3	77.0	2.0	1.0666666
113	rnapol	0.0	0.0	0.0
114	__protein1_rbs	8.0	0.0	0.0
114	__protein2_rbs	9.4	0.0	0.0
114	__protein3_rbs	1.0	0.0	0.0
114	__ribosome	36.2	0.0	0.0
114	__rnase_site_ext	14.8	0.0	0.0
114	p0	0.6	0.0	0.0
114	p1	1.0	0.0	0.0
114	p2	0.8	0.0	0.0
114	protein1	447.4	13.6	2.156591
114	protein2	440.4	14.8	2.1503086
114	protein3	77.6	2.0	1.2
114	rnapol	0.2	0.0	0.0
115	__protein1_rbs	7.2	0.0	0.0
115	__protein2_rbs	8.8	0.0	0.0
115	__protein3_rbs	1.0	0.0	0.0
115	__ribosome	34.6	0.0	0.0
115	__rnase_site_ext	15.0	0.0	0.0
115	p0	0.8	0.0	0.0
115	p1	0.8	0.0	0.0
115	p2	0.8	0.0	0.0
115	protein1	453.0	13.6	2.2354546
115	protein2	446.0	15.0	2.1881459999999997
115	protein3	78.6	2.0	0.9666668
115	rnapol	0.0	0.0	0.0
116	__protein1_rbs	9.0	0.0	0.0
116	__protein2_rbs	7.6	0.0	0.0
116	__protein3_rbs	1.2	0.0	0.0
116	__ribosome	35.6	0.0	0.0
116	__rnase_site_ext	15.0	0.0	0.0
116	p0	1.0	0.0	0.0
116	p1	0.8	0.0	0.0
116	p2	0.8	0.0	0.0
116	protein1	460.0	13.8	2.1078572
116	protein2	453.0	14.6	2.2146048
116	protein3	79.4	2.0	1.0
116	rnapol	0.0	0.0	0.0
117	__protein1_rbs	9.8	0.0	0.0
117	__protein2_rbs	7.0	0.0	0.0
117	__protein3_rbs	1.0	0.0	0.0
117	__ribosome	36.6	0.0	0.0
117	__rnase_site_ext	15.0	0.0	0.0
117	p0	1.0	0.0	0.0
117	p1	0.6	0.0	0.0
117	p2	0.4	0.0	0.0
117	protein1	466.0	13.6	2.0174892
117	protein2	460.2	14.8	2.2126798
117	protein3	80.2	2.0	1.2333332
117	rnapol	0.0	0.0	0.0
118	__protein1_rbs	8.4	0.0	0.0
118	__protein2_rbs	7.8	0.0	0.0
118	__protein3_rbs	1.6	0.0	0.0
118	__ribosome	37.8	0.0	0.0
118	__rnase_site_ext	15.0	0.0	0.0
118	p0	0.8	0.0	0.0
118	p1	0.4	0.0	0.0
118	p2	0.6	0.0	0.0
118	protein1	471.8	13.6	1.9942208
118	protein2	466.6	14.6	2.182778
118	protein3	81.0	2.0	1.1428572
118	rnapol	0.2	0.0	0.0
119	__protein1_rbs	7.2	0.0	0.0
119	__protein2_rbs	8.4	0.0	0.0
119	__protein3_rbs	1.8	0.0	0.0
119	__ribosome	37.4	0.0	0.0
119	__rnase_site_ext	15.2	0.0	0.0
119	p0	1.0	0.0	0.0
119	p1	0.2	0.0	0.0
119	p2	0.6	0.0	0.0
119	protein1	478.4	13.6	2.0516666
119	protein2	473.0	14.6	2.2059830000000002
119	protein3	81.8	2.0	1.0142858
119	rnapol	0.2	0.0	0.0
120	__protein1_rbs	7.2	0.0	0.0
120	__protein2_rbs	6.6	0.0	0.0
120	__protein3_rbs	1.0	0.0	0.0
120	__ribosome	36.8	0.0	0.0
120	__rnase_site_ext	15.2	0.0	0.0
120	p0	0.8	0.0	0.0
120	p1	0.8	0.0	0.0
120	p2	1.0	0.0	0.0
120	protein1	485.4	13.8	1.9725
120	protein2	479.6	14.0	2.3744032000000006
120	protein3	82.8	2.0	1.1333334000000002
120	rnapol	0.2	0.0	0.0
121	__protein1_rbs	8.2	0.0	0.0
121	__protein2_rbs	9.2	0.0	0.0
121	__protein3_rbs	0.8	0.0	0.0
121	__ribosome	37.0	0.0	0.0
121	__rnase_site_ext	15.4	0.0	0.0
121	p0	1.0	0.0	0.0
121	p1	0.6	0.0	0.0
121	p2	0.6	0.0	0.0
121	protein1	490.6	13.8	2.0091668
121	protein2	486.4	14.8	2.171746
121	protein3	83.4	2.0	1.2666666000000002
121	rnapol	0.2	0.0	0.0
122	__protein1_rbs	7.8	0.0	0.0
122	__protein2_rbs	7.2	0.0	0.0
122	__protein3_rbs	1.0	0.0	0.0
122	__ribosome	35.0	0.0	0.0
122	__rnase_site_ext	15.6	0.0	0.0
122	p0	0.8	0.0	0.0
122	p1	0.6	0.0	0.0
122	p2	0.8	0.0	0.0
122	protein1	495.2	14.0	2.0857352
122	protein2	493.2	14.6	2.232208
122	protein3	84.2	2.2	1.1666668000000002
122	rnapol	0.4	0.0	0.0
123	__protein1_rbs	8.8	0.0	0.0
123	__protein2_rbs	7.2	0.0	0.0
123	__protein3_rbs	1.8	0.0	0.0
123	__ribosome	34.6	0.0	0.0
123	__rnase_site_ext	15.8	0.0	0.0
123	p0	0.6	0.0	0.0
123	p1	1.0	0.0	0.0
123	p2	0.8	0.0	0.0
123	protein1	501.4	14.2	2.0377778
123	protein2	500.0	14.8	2.2392066
123	protein3	85.0	2.2	1.2333333999999998
123	rnapol	0.4	0.0	0.0
124	__protein1_rbs	7.8	0.0	0.0
124	__protein2_rbs	9.6	0.0	0.0
124	__protein3_rbs	0.6	0.0	0.0
124	__ribosome	34.4	0.0	0.0
124	__rnase_site_ext	15.8	0.0	0.0
124	p0	1.0	0.0	0.0
124	p1	1.0	0.0	0.0
124	p2	1.0	0.0	0.0
124	protein1	507.0	14.4	2.1034342
124	protein2	507.2	15.0	2.0733334
124	protein3	85.4	2.2	1.7666666000000002
124	rnapol	0.4	0.0	0.0
125	__protein1_rbs	8.2	0.0	0.0
125	__protein2_rbs	8.8	0.0	0.0
125	__protein3_rbs	1.2	0.0	0.0
125	__ribosome	34.8	0.0	0.0
125	__rnase_site_ext	16.2	0.0	0.0
125	p0	0.6	0.0	0.0
125	p1	0.8	0.0	0.0
125	p2	0.2	0.0	0.0
125	protein1	513.2	14.4	2.0828786
125	protein2	513.8	15.0	2.0562698
125	protein3	86.2	2.2	1.8333334
125	rnapol	0.2	0.0	0.0
126	__protein1_rbs	7.8	0.0	0.0
126	__protein2_rbs	8.8	0.0	0.0
126	__protein3_rbs	1.2	0.0	0.0
126	__ribosome	35.2	0.0	0.0
126	__rnase_site_ext	17.0	0.0	0.0
126	p0	0.2	0.0	0.0
126	p1	0.6	0.0	0.0
126	p2	0.8	0.0	0.0
126	protein1	520.6	14.8	1.9666668
126	protein2	519.4	14.8	2.1390126
126	protein3	87.6	2.2	1.6666666
126	rnapol	0.2	0.0	0.0
127	__protein1_rbs	8.2	0.0	0.0
127	__protein2_rbs	7.8	0.0	0.0
127	__protein3_rbs	1.6	0.0	0.0
127	__ribosome	34.8	0.0	0.0
127	__rnase_site_ext	17.0	0.0	0.0
127	p0	1.0	0.0	0.0
127	p1	0.8	0.0	0.0
127	p2	0.6	0.0	0.0
127	protein1	526.2	15.6	1.9786764
127	protein2	527.6	14.6	2.0648808
127	protein3	88.2	2.2	1.5666666
127	rnapol	0.6	0.0	0.0
128	__protein1_rbs	8.2	0.0	0.0
128	__protein2_rbs	8.8	0.0	0.0
128	__protein3_rbs	1.4	0.0	0.0
128	__ribosome	36.0	0.0	0.0
128	__rnase_site_ext	17.0	0.0	0.0
128	p0	0.6	0.0	0.0
128	p1	0.8	0.0	0.0
128	p2	0.8	0.0	0.0
128	protein1	532.4	15.6	1.9962103999999998
128	protein2	534.6	14.6	1.9974358
128	protein3	89.4	2.4	1.5666666
128	rnapol	0.6	0.0	0.0
129	__protein1_rbs	8.4	0.0	0.0
129	__protein2_rbs	7.4	0.0	0.0
129	__protein3_rbs	1.4	0.0	0.0
129	__ribosome	31.4	0.0	0.0
129	__rnase_site_ext	17.6	0.0	0.0
129	p0	0.8	0.0	0.0
129	p1	0.4	0.0	0.0
129	p2	1.0	0.0	0.0
129	protein1	537.8	15.8	2.1000224
129	protein2	539.0	14.8	2.167534
129	protein3	90.8	2.4	1.5333333999999998
129	rnapol	0.2	0.0	0.0
130	__protein1_rbs	10.0	0.0	0.0
130	__protein2_rbs	10.2	0.0	0.0
130	__protein3_rbs	1.4	0.0	0.0
130	__ribosome	33.4	0.0	0.0
130	__rnase_site_ext	17.6	0.0	0.0
130	p0	1.0	0.0	0.0
130	p1	0.6	0.0	0.0
130	p2	1.0	0.0	0.0
130	protein1	544.2	16.2	2.0398878000000003
130	protein2	546.0	15.2	2.0004022
130	protein3	91.8	2.4	1.7333333999999998
130	rnapol	0.2	0.0	0.0
131	__protein1_rbs	9.4	0.0	0.0
131	__protein2_rbs	8.2	0.0	0.0
131	__protein3_rbs	1.2	0.0	0.0
131	__ribosome	32.8	0.0	0.0
131	__rnase_site_ext	17.6	0.0	0.0
131	p0	1.0	0.0	0.0
131	p1	0.6	0.0	0.0
131	p2	0.8	0.0	0.0
131	protein1	552.0	16.2	1.9777030000000004
131	protein2	552.4	15.2	2.0707047999999997
131	protein3	92.2	2.2	2.6333333999999997
131	rnapol	0.0	0.0	0.0
132	__protein1_rbs	9.2	0.0	0.0
132	__protein2_rbs	10.0	0.0	0.0
132	__protein3_rbs	1.4	0.0	0.0
132	__ribosome	32.4	0.0	0.0
132	__rnase_site_ext	17.0	0.0	0.0
132	p0	1.0	0.0	0.0
132	p1	0.4	0.0	0.0
132	p2	0.8	0.0	0.0
132	protein1	559.2	16.2	1.9961346
132	protein2	558.4	15.4	2.0399640000000003
132	protein3	92.8	2.2	2.7
132	rnapol	0.2	0.0	0.0
133	__protein1_rbs	9.2	0.0	0.0
133	__protein2_rbs	8.6	0.0	0.0
133	__protein3_rbs	1.4	0.0	0.0
133	__ribosome	31.2	0.0	0.0
133	__rnase_site_ext	17.2	0.0	0.0
133	p0	0.6	0.0	0.0
133	p1	0.2	0.0	0.0
133	p2	0.8	0.0	0.0
133	protein1	565.4	16.0	2.0914098
133	protein2	565.4	15.2	2.0710258
133	protein3	93.8	2.2	2.5333332000000004
133	rnapol	0.0	0.0	0.0
134	__protein1_rbs	9.6	0.0	0.0
134	__protein2_rbs	9.6	0.0	0.0
134	__protein3_rbs	1.0	0.0	0.0
134	__ribosome	30.8	0.0	0.0
134	__rnase_site_ext	16.8	0.0	0.0
134	p0	1.0	0.0	0.0
134	p1	0.6	0.0	0.0
134	p2	0.6	0.0	0.0
134	protein1	571.8	16.2	2.0888512
134	protein2	571.6	15.6	2.0011906
134	protein3	94.8	2.0	2.4666666
134	rnapol	0.0	0.0	0.0
135	__protein1_rbs	10.0	0.0	0.0
135	__protein2_rbs	9.2	0.0	0.0
135	__protein3_rbs	1.2	0.0	0.0
135	__ribosome	31.8	0.0	0.0
135	__rnase_site_ext	16.8	0.0	0.0
135	p0	1.0	0.0	0.0
135	p1	0.2	0.0	0.0
135	p2	0.8	0.0	0.0
135	protein1	578.6	15.6	2.1353173999999995
135	protein2	579.2	16.2	1.9012536
135	protein3	95.8	2.0	2.24
135	rnapol	0.4	0.0	0.0
136	__protein1_rbs	9.4	0.0	0.0
136	__protein2_rbs	9.8	0.0	0.0
136	__protein3_rbs	1.0	0.0	0.0
136	__ribosome	34.2	0.0	0.0
136	__rnase_site_ext	17.0	0.0	0.0
136	p0	0.8	0.0	0.0
136	p1	0.4	0.0	0.0
136	p2	0.6	0.0	0.0
136	protein1	587.2	15.6	2.0353174
136	protein2	585.8	16.2	1.8785584
136	protein3	97.2	2.0	1.8
136	rnapol	0.2	0.0	0.0
137	__protein1_rbs	9.6	0.0	0.0
137	__protein2_rbs	10.2	0.0	0.0
137	__protein3_rbs	1.2	0.0	0.0
137	__ribosome	32.8	0.0	0.0
137	__rnase_site_ext	17.0	0.0	0.0
137	p0	1.0	0.0	0.0
137	p1	0.8	0.0	0.0
137	p2	0.6	0.0	0.0
137	protein1	593.2	15.8	2.0586954
137	protein2	591.8	16.6	1.8255768
137	protein3	97.8	2.2	1.7600000000000002
137	rnapol	0.0	0.0	0.0
138	__protein1_rbs	8.8	0.0	0.0
138	__protein2_rbs	8.4	0.0	0.0
138	__protein3_rbs	0.8	0.0	0.0
138	__ribosome	30.8	0.0	0.0
138	__rnase_site_ext	16.6	0.0	0.0
138	p0	1.0	0.0	0.0
138	p1	0.8	0.0	0.0
138	p2	0.4	0.0	0.0
138	protein1	601.0	16.0	2.0327676
138	protein2	598.6	17.2	1.9072474
138	protein3	99.2	2.0	1.8333334
138	rnapol	0.4	0.0	0.0
139	__protein1_rbs	10.0	0.0	0.0
139	__protein2_rbs	10.0	0.0	0.0
139	__protein3_rbs	1.4	0.0	0.0
139	__ribosome	32.6	0.0	0.0
139	__rnase_site_ext	16.6	0.0	0.0
139	p0	0.8	0.0	0.0
139	p1	1.0	0.0	0.0
139	p2	0.6	0.0	0.0
139	protein1	608.4	15.4	1.9745268
139	protein2	604.8	17.2	1.9632206
139	protein3	100.2	1.8	1.6666666
139	rnapol	0.6	0.0	0.0
140	__protein1_rbs	8.8	0.0	0.0
140	__protein2_rbs	9.8	0.0	0.0
140	__protein3_rbs	1.2	0.0	0.0
140	__ribosome	31.2	0.0	0.0
140	__rnase_site_ext	17.2	0.0	0.0
140	p0	0.6	0.0	0.0
140	p1	0.6	0.0	0.0
140	p2	0.6	0.0	0.0
140	protein1	614.4	15.4	2.0487026000000004
140	protein2	612.0	17.4	1.9356538
140	protein3	100.8	2.0	1.6666666
140	rnapol	0.2	0.0	0.0
141	__protein1_rbs	9.0	0.0	0.0
141	__protein2_rbs	12.2	0.0	0.0
141	__protein3_rbs	1.2	0.0	0.0
141	__ribosome	31.6	0.0	0.0
141	__rnase_site_ext	17.0	0.0	0.0
141	p0	0.8	0.0	0.0
141	p1	1.0	0.0	0.0
141	p2	0.6	0.0	0.0
141	protein1	621.4	15.8	1.9871848
141	protein2	618.6	17.4	1.8986676
141	protein3	101.6	2.2	1.9333332
141	rnapol	0.4	0.0	0.0
142	__protein1_rbs	11.6	0.0	0.0
142	__protein2_rbs	10.0	0.0	0.0
142	__protein3_rbs	1.2	0.0	0.0
142	__ribosome	32.2	0.0	0.0
142	__rnase_site_ext	17.0	0.0	0.0
142	p0	0.8	0.0	0.0
142	p1	1.0	0.0	0.0
142	p2	0.8	0.0	0.0
142	protein1	628.4	16.0	1.8141946
142	protein2	625.8	17.6	1.9338344
142	protein3	102.6	2.4	2.0333334
142	rnapol	0.8	0.0	0.0
143	__protein1_rbs	9.0	0.0	0.0
143	__protein2_rbs	11.4	0.0	0.0
143	__protein3_rbs	2.2	0.0	0.0
143	__ribosome	33.2	0.0	0.0
143	__rnase_site_ext	17.2	0.0	0.0
143	p0	0.4	0.0	0.0
143	p1	0.8	0.0	0.0
143	p2	0.8	0.0	0.0
143	protein1	635.2	15.8	1.9159523999999997
143	protein2	633.6	17.6	1.8581159999999999
143	protein3	103.8	2.4	1.75
143	rnapol	0.4	0.0	0.0
144	__protein1_rbs	9.6	0.0	0.0
144	__protein2_rbs	10.4	0.0	0.0
144	__protein3_rbs	1.0	0.0	0.0
144	__ribosome	32.0	0.0	0.0
144	__rnase_site_ext	17.2	0.0	0.0
144	p0	1.0	0.0	0.0
144	p1	0.6	0.0	0.0
144	p2	1.0	0.0	0.0
144	protein1	641.6	16.0	1.9311273999999998
144	protein2	641.0	17.4	1.8553883999999998
144	protein3	104.6	2.4	1.9666666000000002
144	rnapol	0.6	0.0	0.0
145	__protein1_rbs	7.2	0.0	0.0
145	__protein2_rbs	11.4	0.0	0.0
145	__protein3_rbs	2.0	0.0	0.0
145	__ribosome	31.2	0.0	0.0
145	__rnase_site_ext	17.4	0.0	0.0
145	p0	1.0	0.0	0.0
145	p1	1.0	0.0	0.0
145	p2	0.6	0.0	0.0
145	protein1	648.6	16.2	2.047206
145	protein2	648.4	17.6	1.7826238
145	protein3	105.8	2.4	1.5833334
145	rnapol	0.6	0.0	0.0
146	__protein1_rbs	10.2	0.0	0.0
146	__protein2_rbs	10.0	0.0	0.0
146	__protein3_rbs	1.4	0.0	0.0
146	__ribosome	28.6	0.0	0.0
146	__rnase_site_ext	17.4	0.0	0.0
146	p0	0.8	0.0	0.0
146	p1	0.4	0.0	0.0
146	p2	1.0	0.0	0.0
146	protein1	655.0	16.2	2.069141
146	protein2	654.6	17.8	1.8966292000000002
146	protein3	107.0	2.4	1.5833334
146	rnapol	0.6	0.0	0.0
147	__protein1_rbs	10.8	0.0	0.0
147	__protein2_rbs	10.0	0.0	0.0
147	__protein3_rbs	1.2	0.0	0.0
147	__ribosome	28.2	0.0	0.0
147	__rnase_site_ext	17.8	0.0	0.0
147	p0	0.6	0.0	0.0
147	p1	0.4	0.0	0.0
147	p2	1.0	0.0	0.0
147	protein1	661.4	16.6	1.9814868
147	protein2	661.6	17.2	2.0216608000000003
147	protein3	107.8	2.4	1.5666668
147	rnapol	0.0	0.0	0.0
148	__protein1_rbs	11.6	0.0	0.0
148	__protein2_rbs	9.2	0.0	0.0
148	__protein3_rbs	1.6	0.0	0.0
148	__ribosome	27.8	0.0	0.0
148	__rnase_site_ext	18.0	0.0	0.0
148	p0	0.8	0.0	0.0
148	p1	0.6	0.0	0.0
148	p2	1.0	0.0	0.0
148	protein1	668.6	16.8	1.8775130000000002
148	protein2	668.8	17.6	2.0045096
148	protein3	107.8	2.4	1.8666666
148	rnapol	0.0	0.0	0.0
149	__protein1_rbs	10.2	0.0	0.0
149	__protein2_rbs	12.6	0.0	0.0
149	__protein3_rbs	1.4	0.0	0.0
149	__ribosome	31.0	0.0	0.0
149	__rnase_site_ext	17.6	0.0	0.0
149	p0	1.0	0.0	0.0
149	p1	0.6	0.0	0.0
149	p2	0.8	0.0	0.0
149	protein1	678.0	16.8	1.7650153999999998
149	protein2	674.8	18.0	1.9286138
149	protein3	109.2	2.4	1.6833332
149	rnapol	0.0	0.0	0.0
150	__protein1_rbs	9.6	0.0	0.0
150	__protein2_rbs	11.0	0.0	0.0
150	__protein3_rbs	1.6	0.0	0.0
150	__ribosome	29.4	0.0	0.0
150	__rnase_site_ext	17.6	0.0	0.0
150	p0	1.0	0.0	0.0
150	p1	0.4	0.0	0.0
150	p2	0.8	0.0	0.0
150	protein1	684.2	16.6	1.8636112
150	protein2	682.8	17.6	1.9622221999999998
150	protein3	110.0	2.4	2.2
150	rnapol	0.2	0.0	0.0
151	__protein1_rbs	10.8	0.0	0.0
151	__protein2_rbs	10.4	0.0	0.0
151	__protein3_rbs	1.6	0.0	0.0
151	__ribosome	31.4	0.0	0.0
151	__rnase_site_ext	17.8	0.0	0.0
151	p0	0.8	0.0	0.0
151	p1	0.8	0.0	0.0
151	p2	0.8	0.0	0.0
151	protein1	691.4	16.6	1.8697058
151	protein2	692.0	17.8	1.82933
151	protein3	110.8	2.4	2.05
151	rnapol	0.0	0.0	0.0
152	__protein1_rbs	9.4	0.0	0.0
152	__protein2_rbs	10.4	0.0	0.0
152	__protein3_rbs	1.6	0.0	0.0
152	__ribosome	28.8	0.0	0.0
152	__rnase_site_ext	17.8	0.0	0.0
152	p0	1.0	0.0	0.0
152	p1	0.4	0.0	0.0
152	p2	0.6	0.0	0.0
152	protein1	697.2	16.8	1.946977
152	protein2	698.8	18.4	1.8463810000000005
152	protein3	112.2	2.2	1.9333334
152	rnapol	0.2	0.0	0.0
153	__protein1_rbs	10.4	0.0	0.0
153	__protein2_rbs	11.0	0.0	0.0
153	__protein3_rbs	2.0	0.0	0.0
153	__ribosome	29.0	0.0	0.0
153	__rnase_site_ext	18.0	0.0	0.0
153	p0	0.6	0.0	0.0
153	p1	0.4	0.0	0.0
153	p2	0.8	0.0	0.0
153	protein1	703.2	16.8	1.960866
153	protein2	706.0	18.4	1.8580976000000002
153	protein3	113.2	2.2	1.7333332
153	rnapol	0.4	0.0	0.0
154	__protein1_rbs	11.0	0.0	0.0
154	__protein2_rbs	12.2	0.0	0.0
154	__protein3_rbs	1.0	0.0	0.0
154	__ribosome	31.2	0.0	0.0
154	__rnase_site_ext	18.2	0.0	0.0
154	p0	0.6	0.0	0.0
154	p1	0.4	0.0	0.0
154	p2	0.8	0.0	0.0
154	protein1	711.8	16.6	1.7968136
154	protein2	712.6	18.8	1.8627991999999998
154	protein3	114.4	2.2	1.5999997999999995
154	rnapol	0.0	0.0	0.0
155	__protein1_rbs	10.2	0.0	0.0
155	__protein2_rbs	11.6	0.0	0.0
155	__protein3_rbs	1.2	0.0	0.0
155	__ribosome	30.6	0.0	0.0
155	__rnase_site_ext	18.2	0.0	0.0
155	p0	1.0	0.0	0.0
155	p1	0.8	0.0	0.0
155	p2	0.8	0.0	0.0
155	protein1	718.8	17.4	1.7339696
155	protein2	720.6	19.2	1.8304582000000005
155	protein3	115.2	2.2	1.8
155	rnapol	0.2	0.0	0.0
156	__protein1_rbs	10.6	0.0	0.0
156	__protein2_rbs	11.4	0.0	0.0
156	__protein3_rbs	0.8	0.0	0.0
156	__ribosome	28.6	0.0	0.0
156	__rnase_site_ext	18.2	0.0	0.0
156	p0	0.8	0.0	0.0
156	p1	0.8	0.0	0.0
156	p2	0.4	0.0	0.0
156	protein1	724.8	17.4	1.8126204
156	protein2	728.2	19.2	1.8415290000000002
156	protein3	116.2	2.2	1.9333334
156	rnapol	0.0	0.0	0.0
157	__protein1_rbs	11.0	0.0	0.0
157	__protein2_rbs	12.2	0.0	0.0
157	__protein3_rbs	1.6	0.0	0.0
157	__ribosome	30.8	0.0	0.0
157	__rnase_site_ext	18.2	0.0	0.0
157	p0	0.4	0.0	0.0
157	p1	0.6	0.0	0.0
157	p2	1.0	0.0	0.0
157	protein1	732.6	17.4	1.6998365999999998
157	protein2	736.4	19.0	1.8449707999999998
157	protein3	117.0	2.2	2.1333333999999997
157	rnapol	0.0	0.0	0.0
158	__protein1_rbs	10.2	0.0	0.0
158	__protein2_rbs	10.2	0.0	0.0
158	__protein3_rbs	1.8	0.0	0.0
158	__ribosome	26.6	0.0	0.0
158	__rnase_site_ext	18.6	0.0	0.0
158	p0	1.0	0.0	0.0
158	p1	0.6	0.0	0.0
158	p2	0.4	0.0	0.0
158	protein1	737.4	17.4	1.913562
158	protein2	743.2	18.6	1.9791093999999998
158	protein3	118.4	2.2	1.5666668
158	rnapol	0.0	0.0	0.0
159	__protein1_rbs	11.2	0.0	0.0
159	__protein2_rbs	12.0	0.0	0.0
159	__protein3_rbs	1.8	0.0	0.0
159	__ribosome	27.6	0.0	0.0
159	__rnase_site_ext	18.2	0.0	0.0
159	p0	0.8	0.0	0.0
159	p1	0.6	0.0	0.0
159	p2	0.8	0.0	0.0
159	protein1	744.8	18.0	1.8116957999999999
159	protein2	750.6	18.4	1.9652672
159	protein3	118.8	2.4	1.5
159	rnapol	0.4	0.0	0.0
160	__protein1_rbs	10.8	0.0	0.0
160	__protein2_rbs	10.6	0.0	0.0
160	__protein3_rbs	1.0	0.0	0.0
160	__ribosome	28.6	0.0	0.0
160	__rnase_site_ext	18.2	0.0	0.0
160	p0	0.6	0.0	0.0
160	p1	0.6	0.0	0.0
160	p2	0.8	0.0	0.0
160	protein1	752.2	17.4	1.8585346
160	protein2	759.2	18.4	1.8978536
160	protein3	120.0	2.4	1.6333334000000002
160	rnapol	0.4	0.0	0.0
161	__protein1_rbs	10.8	0.0	0.0
161	__protein2_rbs	11.8	0.0	0.0
161	__protein3_rbs	1.6	0.0	0.0
161	__ribosome	28.8	0.0	0.0
161	__rnase_site_ext	18.2	0.0	0.0
161	p0	0.8	0.0	0.0
161	p1	0.6	0.0	0.0
161	p2	1.0	0.0	0.0
161	protein1	758.8	17.4	1.8842543999999999
161	protein2	766.8	18.8	1.8346996
161	protein3	121.0	2.4	1.4166666
161	rnapol	0.2	0.0	0.0
162	__protein1_rbs	9.6	0.0	0.0
162	__protein2_rbs	11.0	0.0	0.0
162	__protein3_rbs	2.2	0.0	0.0
162	__ribosome	28.6	0.0	0.0
162	__rnase_site_ext	18.0	0.0	0.0
162	p0	1.0	0.0	0.0
162	p1	0.6	0.0	0.0
162	p2	1.0	0.0	0.0
162	protein1	767.4	17.6	1.8618299999999999
162	protein2	775.0	18.6	1.8648683999999998
162	protein3	121.4	2.6	1.3
162	rnapol	0.2	0.0	0.0
163	__protein1_rbs	11.0	0.0	0.0
163	__protein2_rbs	12.4	0.0	0.0
163	__protein3_rbs	1.8	0.0	0.0
163	__ribosome	27.6	0.0	0.0
163	__rnase_site_ext	17.8	0.0	0.0
163	p0	0.6	0.0	0.0
163	p1	0.8	0.0	0.0
163	p2	1.0	0.0	0.0
163	protein1	773.8	17.4	1.9030682000000003
163	protein2	782.8	18.8	1.8822368000000003
163	protein3	122.2	2.6	1.2833333999999998
163	rnapol	0.0	0.0	0.0
164	__protein1_rbs	12.8	0.0	0.0
164	__protein2_rbs	10.8	0.0	0.0
164	__protein3_rbs	1.2	0.0	0.0
164	__ribosome	27.4	0.0	0.0
164	__rnase_site_ext	17.8	0.0	0.0
164	p0	1.0	0.0	0.0
164	p1	0.4	0.0	0.0
164	p2	0.6	0.0	0.0
164	protein1	781.0	17.6	1.7978843999999998
164	protein2	789.2	18.2	2.0241228
164	protein3	123.2	2.4	1.65
164	rnapol	0.2	0.0	0.0
165	__protein1_rbs	10.2	0.0	0.0
165	__protein2_rbs	11.6	0.0	0.0
165	__protein3_rbs	1.6	0.0	0.0
165	__ribosome	28.6	0.0	0.0
165	__rnase_site_ext	17.6	0.0	0.0
165	p0	0.6	0.0	0.0
165	p1	0.8	0.0	0.0
165	p2	0.4	0.0	0.0
165	protein1	788.0	17.2	1.8713448000000001
165	protein2	797.2	18.2	1.9417956000000003
165	protein3	124.4	2.4	1.5333333999999998
165	rnapol	0.0	0.0	0.0
166	__protein1_rbs	9.6	0.0	0.0
166	__protein2_rbs	11.4	0.0	0.0
166	__protein3_rbs	1.8	0.0	0.0
166	__ribosome	30.0	0.0	0.0
166	__rnase_site_ext	17.4	0.0	0.0
166	p0	0.8	0.0	0.0
166	p1	0.8	0.0	0.0
166	p2	1.0	0.0	0.0
166	protein1	795.4	17.2	1.9425916
166	protein2	806.2	18.4	1.8316098000000003
166	protein3	125.4	2.2	1.7333333999999998
166	rnapol	0.2	0.0	0.0
167	__protein1_rbs	8.6	0.0	0.0
167	__protein2_rbs	12.2	0.0	0.0
167	__protein3_rbs	1.0	0.0	0.0
167	__ribosome	30.2	0.0	0.0
167	__rnase_site_ext	17.4	0.0	0.0
167	p0	1.0	0.0	0.0
167	p1	0.2	0.0	0.0
167	p2	0.6	0.0	0.0
167	protein1	803.6	16.8	1.9760556
167	protein2	813.8	18.6	1.7499038000000002
167	protein3	125.8	2.2	2.3166666
167	rnapol	0.2	0.0	0.0
168	__protein1_rbs	9.2	0.0	0.0
168	__protein2_rbs	13.0	0.0	0.0
168	__protein3_rbs	2.0	0.0	0.0
168	__ribosome	29.8	0.0	0.0
168	__rnase_site_ext	17.6	0.0	0.0
168	p0	0.6	0.0	0.0
168	p1	0.2	0.0	0.0
168	p2	1.0	0.0	0.0
168	protein1	810.8	16.8	2.0135042000000003
168	protein2	820.6	18.4	1.7462678
168	protein3	126.6	2.2	2.15
168	rnapol	0.4	0.0	0.0
169	__protein1_rbs	10.6	0.0	0.0
169	__protein2_rbs	10.4	0.0	0.0
169	__protein3_rbs	1.2	0.0	0.0
169	__ribosome	26.6	0.0	0.0
169	__rnase_site_ext	17.4	0.0	0.0
169	p0	1.0	0.0	0.0
169	p1	0.8	0.0	0.0
169	p2	0.6	0.0	0.0
169	protein1	815.6	17.0	2.0645852
169	protein2	828.2	18.6	1.844582
169	protein3	128.0	2.4	2.25
169	rnapol	0.4	0.0	0.0
170	__protein1_rbs	9.8	0.0	0.0
170	__protein2_rbs	12.8	0.0	0.0
170	__protein3_rbs	1.6	0.0	0.0
170	__ribosome	28.2	0.0	0.0
170	__rnase_site_ext	17.4	0.0	0.0
170	p0	0.8	0.0	0.0
170	p1	0.6	0.0	0.0
170	p2	0.6	0.0	0.0
170	protein1	824.2	16.8	2.0204678
170	protein2	835.2	19.4	1.754503
170	protein3	128.8	2.4	1.9666666000000002
170	rnapol	0.6	0.0	0.0
171	__protein1_rbs	11.4	0.0	0.0
171	__protein2_rbs	13.6	0.0	0.0
171	__protein3_rbs	1.6	0.0	0.0
171	__ribosome	30.2	0.0	0.0
171	__rnase_site_ext	17.8	0.0	0.0
171	p0	0.8	0.0	0.0
171	p1	0.6	0.0	0.0
171	p2	0.8	0.0	0.0
171	protein1	831.8	16.8	1.946389
171	protein2	843.0	19.6	1.6773683999999998
171	protein3	129.2	2.4	1.95
171	rnapol	0.2	0.0	0.0
172	__protein1_rbs	10.8	0.0	0.0
172	__protein2_rbs	10.4	0.0	0.0
172	__protein3_rbs	1.6	0.0	0.0
172	__ribosome	29.0	0.0	0.0
172	__rnase_site_ext	17.8	0.0	0.0
172	p0	0.8	0.0	0.0
172	p1	0.6	0.0	0.0
172	p2	1.0	0.0	0.0
172	protein1	840.0	17.2	1.8206914
172	protein2	849.6	19.8	1.8122306000000001
172	protein3	130.8	2.4	1.7833332
172	rnapol	0.0	0.0	0.0
173	__protein1_rbs	11.4	0.0	0.0
173	__protein2_rbs	11.0	0.0	0.0
173	__protein3_rbs	1.4	0.0	0.0
173	__ribosome	29.2	0.0	0.0
173	__rnase_site_ext	17.2	0.0	0.0
173	p0	1.0	0.0	0.0
173	p1	0.8	0.0	0.0
173	p2	0.6	0.0	0.0
173	protein1	847.6	17.2	1.7402991999999995
173	protein2	857.8	19.8	1.8938096
173	protein3	132.0	2.4	1.3666668
173	rnapol	0.2	0.0	0.0
174	__protein1_rbs	9.8	0.0	0.0
174	__protein2_rbs	14.2	0.0	0.0
174	__protein3_rbs	2.0	0.0	0.0
174	__ribosome	28.2	0.0	0.0
174	__rnase_site_ext	17.4	0.0	0.0
174	p0	0.8	0.0	0.0
174	p1	0.8	0.0	0.0
174	p2	0.8	0.0	0.0
174	protein1	854.4	16.8	1.8073114
174	protein2	864.2	20.2	1.8637093999999996
174	protein3	132.2	2.6	1.5833334
174	rnapol	0.2	0.0	0.0
175	__protein1_rbs	11.8	0.0	0.0
175	__protein2_rbs	13.2	0.0	0.0
175	__protein3_rbs	1.4	0.0	0.0
175	__ribosome	30.4	0.0	0.0
175	__rnase_site_ext	17.8	0.0	0.0
175	p0	1.0	0.0	0.0
175	p1	0.6	0.0	0.0
175	p2	0.6	0.0	0.0
175	protein1	862.4	17.0	1.6468136000000002
175	protein2	872.6	20.0	1.8607732
175	protein3	133.4	2.8	1.5166666000000002
175	rnapol	0.4	0.0	0.0
176	__protein1_rbs	11.4	0.0	0.0
176	__protein2_rbs	11.8	0.0	0.0
176	__protein3_rbs	2.0	0.0	0.0
176	__ribosome	30.8	0.0	0.0
176	__rnase_site_ext	17.6	0.0	0.0
176	p0	0.8	0.0	0.0
176	p1	0.8	0.0	0.0
176	p2	0.8	0.0	0.0
176	protein1	867.8	17.4	1.6573683999999997
176	protein2	882.2	19.6	1.8457524
176	protein3	134.6	2.8	1.5333333999999998
176	rnapol	0.4	0.0	0.0
177	__protein1_rbs	11.4	0.0	0.0
177	__protein2_rbs	11.2	0.0	0.0
177	__protein3_rbs	1.8	0.0	0.0
177	__ribosome	30.4	0.0	0.0
177	__rnase_site_ext	17.8	0.0	0.0
177	p0	0.6	0.0	0.0
177	p1	0.6	0.0	0.0
177	p2	0.8	0.0	0.0
177	protein1	875.2	17.2	1.638889
177	protein2	890.2	19.8	1.8591706000000001
177	protein3	135.0	2.8	1.7666668
177	rnapol	0.0	0.0	0.0
178	__protein1_rbs	10.2	0.0	0.0
178	__protein2_rbs	13.2	0.0	0.0
178	__protein3_rbs	1.4	0.0	0.0
178	__ribosome	31.0	0.0	0.0
178	__rnase_site_ext	17.0	0.0	0.0
178	p0	1.0	0.0	0.0
178	p1	0.8	0.0	0.0
178	p2	0.6	0.0	0.0
178	protein1	882.4	17.4	1.6673503999999997
178	protein2	899.6	19.0	1.8226626
178	protein3	136.4	3.0	1.8833334
178	rnapol	0.2	0.0	0.0
179	__protein1_rbs	9.6	0.0	0.0
179	__protein2_rbs	13.2	0.0	0.0
179	__protein3_rbs	2.0	0.0	0.0
179	__ribosome	28.2	0.0	0.0
179	__rnase_site_ext	17.2	0.0	0.0
179	p0	0.4	0.0	0.0
179	p1	0.6	0.0	0.0
179	p2	1.0	0.0	0.0
179	protein1	887.6	16.6	1.9252692
179	protein2	905.8	19.2	1.8121492
179	protein3	137.4	2.8	2.0666666
179	rnapol	0.2	0.0	0.0
180	__protein1_rbs	11.8	0.0	0.0
180	__protein2_rbs	12.8	0.0	0.0
180	__protein3_rbs	1.2	0.0	0.0
180	__ribosome	29.8	0.0	0.0
180	__rnase_site_ext	17.4	0.0	0.0
180	p0	0.8	0.0	0.0
180	p1	1.0	0.0	0.0
180	p2	0.8	0.0	0.0
180	protein1	894.0	16.8	1.853391
180	protein2	914.8	18.8	1.8006350000000002
180	protein3	138.4	3.0	2.25
180	rnapol	0.2	0.0	0.0
181	__protein1_rbs	11.0	0.0	0.0
181	__protein2_rbs	10.8	0.0	0.0
181	__protein3_rbs	2.0	0.0	0.0
181	__ribosome	29.0	0.0	0.0
181	__rnase_site_ext	17.6	0.0	0.0
181	p0	0.8	0.0	0.0
181	p1	0.4	0.0	0.0
181	p2	1.0	0.0	0.0
181	protein1	900.2	16.8	1.8954366000000002
181	protein2	923.0	18.4	1.830827
181	protein3	139.6	3.2	2.1433334000000004
181	rnapol	0.2	0.0	0.0
182	__protein1_rbs	10.2	0.0	0.0
182	__protein2_rbs	9.8	0.0	0.0
182	__protein3_rbs	2.4	0.0	0.0
182	__ribosome	28.4	0.0	0.0
182	__rnase_site_ext	17.4	0.0	0.0
182	p0	1.0	0.0	0.0
182	p1	0.2	0.0	0.0
182	p2	0.6	0.0	0.0
182	protein1	907.4	17.2	1.9352113999999998
182	protein2	931.4	18.2	1.8670906
182	protein3	141.2	3.2	1.87
182	rnapol	0.0	0.0	0.0
183	__protein1_rbs	12.0	0.0	0.0
183	__protein2_rbs	11.6	0.0	0.0
183	__protein3_rbs	1.4	0.0	0.0
183	__ribosome	27.8	0.0	0.0
183	__rnase_site_ext	17.6	0.0	0.0
183	p0	0.8	0.0	0.0
183	p1	1.0	0.0	0.0
183	p2	1.0	0.0	0.0
183	protein1	914.4	17.0	1.8992838
183	protein2	938.4	18.6	1.8569982
183	protein3	142.4	3.2	2.04
183	rnapol	0.2	0.0	0.0
184	__protein1_rbs	12.0	0.0	0.0
184	__protein2_rbs	11.4	0.0	0.0
184	__protein3_rbs	2.0	0.0	0.0
184	__ribosome	28.0	0.0	0.0
184	__rnase_site_ext	17.2	0.0	0.0
184	p0	1.0	0.0	0.0
184	p1	0.6	0.0	0.0
184	p2	0.6	0.0	0.0
184	protein1	922.2	17.4	1.7568255999999998
184	protein2	945.0	18.8	1.9381682
184	protein3	144.0	3.2	1.8433334
184	rnapol	0.2	0.0	0.0
185	__protein1_rbs	12.0	0.0	0.0
185	__protein2_rbs	10.8	0.0	0.0
185	__protein3_rbs	2.0	0.0	0.0
185	__ribosome	29.2	0.0	0.0
185	__rnase_site_ext	16.8	0.0	0.0
185	p0	1.0	0.0	0.0
185	p1	0.6	0.0	0.0
185	p2	1.0	0.0	0.0
185	protein1	930.0	17.2	1.6684033999999999
185	protein2	951.8	18.4	2.0394834000000004
185	protein3	145.6	3.2	1.6866666
185	rnapol	0.8	0.0	0.0
186	__protein1_rbs	10.6	0.0	0.0
186	__protein2_rbs	10.8	0.0	0.0
186	__protein3_rbs	1.4	0.0	0.0
186	__ribosome	28.4	0.0	0.0
186	__rnase_site_ext	17.2	0.0	0.0
186	p0	0.8	0.0	0.0
186	p1	0.4	0.0	0.0
186	p2	0.8	0.0	0.0
186	protein1	937.0	16.6	1.728217
186	protein2	960.0	18.8	1.9947778000000003
186	protein3	146.4	3.2	2.06
186	rnapol	0.6	0.0	0.0
187	__protein1_rbs	11.2	0.0	0.0
187	__protein2_rbs	10.8	0.0	0.0
187	__protein3_rbs	1.8	0.0	0.0
187	__ribosome	26.4	0.0	0.0
187	__rnase_site_ext	17.0	0.0	0.0
187	p0	1.0	0.0	0.0
187	p1	0.4	0.0	0.0
187	p2	0.4	0.0	0.0
187	protein1	942.8	16.6	1.7595261999999998
187	protein2	967.8	18.8	2.0645462
187	protein3	147.4	3.2	2.1266666
187	rnapol	0.6	0.0	0.0
188	__protein1_rbs	10.6	0.0	0.0
188	__protein2_rbs	11.0	0.0	0.0
188	__protein3_rbs	2.6	0.0	0.0
188	__ribosome	28.4	0.0	0.0
188	__rnase_site_ext	17.4	0.0	0.0
188	p0	0.6	0.0	0.0
188	p1	0.4	0.0	0.0
188	p2	1.0	0.0	0.0
188	protein1	948.8	16.8	1.8467974000000005
188	protein2	978.4	19.2	1.884145
188	protein3	149.2	3.2	1.72
188	rnapol	0.6	0.0	0.0
189	__protein1_rbs	10.8	0.0	0.0
189	__protein2_rbs	12.2	0.0	0.0
189	__protein3_rbs	2.0	0.0	0.0
189	__ribosome	26.8	0.0	0.0
189	__rnase_site_ext	17.2	0.0	0.0
189	p0	0.8	0.0	0.0
189	p1	0.8	0.0	0.0
189	p2	0.8	0.0	0.0
189	protein1	955.8	17.0	1.8108188
189	protein2	985.6	19.4	1.9404894
189	protein3	150.4	3.2	1.6666666
189	rnapol	0.2	0.0	0.0
190	__protein1_rbs	10.2	0.0	0.0
190	__protein2_rbs	13.0	0.0	0.0
190	__protein3_rbs	2.2	0.0	0.0
190	__ribosome	29.0	0.0	0.0
190	__rnase_site_ext	17.6	0.0	0.0
190	p0	0.8	0.0	0.0
190	p1	0.4	0.0	0.0
190	p2	1.0	0.0	0.0
190	protein1	962.6	16.8	1.865178
190	protein2	994.0	19.6	1.8717550000000005
190	protein3	152.8	3.2	1.2866666000000002
190	rnapol	0.4	0.0	0.0
191	__protein1_rbs	10.6	0.0	0.0
191	__protein2_rbs	12.6	0.0	0.0
191	__protein3_rbs	2.2	0.0	0.0
191	__ribosome	29.8	0.0	0.0
191	__rnase_site_ext	17.0	0.0	0.0
191	p0	1.0	0.0	0.0
191	p1	0.8	0.0	0.0
191	p2	0.8	0.0	0.0
191	protein1	969.6	17.2	1.7936793999999998
191	protein2	1002.0	19.4	1.87668
191	protein3	153.8	3.0	1.3
191	rnapol	0.6	0.0	0.0
192	__protein1_rbs	11.0	0.0	0.0
192	__protein2_rbs	11.6	0.0	0.0
192	__protein3_rbs	2.0	0.0	0.0
192	__ribosome	28.2	0.0	0.0
192	__rnase_site_ext	17.2	0.0	0.0
192	p0	0.6	0.0	0.0
192	p1	0.8	0.0	0.0
192	p2	0.6	0.0	0.0
192	protein1	976.4	16.6	1.8862594
192	protein2	1009.6	19.6	1.9102564
192	protein3	154.2	3.0	1.5666666
192	rnapol	0.4	0.0	0.0
193	__protein1_rbs	10.0	0.0	0.0
193	__protein2_rbs	12.0	0.0	0.0
193	__protein3_rbs	1.4	0.0	0.0
193	__ribosome	27.2	0.0	0.0
193	__rnase_site_ext	17.4	0.0	0.0
193	p0	0.4	0.0	0.0
193	p1	0.6	0.0	0.0
193	p2	0.6	0.0	0.0
193	protein1	982.8	16.6	1.9254522
193	protein2	1018.6	19.4	1.8854446
193	protein3	155.4	3.0	1.8166666
193	rnapol	0.0	0.0	0.0
194	__protein1_rbs	9.0	0.0	0.0
194	__protein2_rbs	10.6	0.0	0.0
194	__protein3_rbs	1.8	0.0	0.0
194	__ribosome	27.4	0.0	0.0
194	__rnase_site_ext	17.2	0.0	0.0
194	p0	0.8	0.0	0.0
194	p1	0.4	0.0	0.0
194	p2	0.8	0.0	0.0
194	protein1	990.6	17.0	1.872829
194	protein2	1027.4	18.8	1.902628
194	protein3	156.8	3.0	1.8666666
194	rnapol	0.2	0.0	0.0
195	__protein1_rbs	10.8	0.0	0.0
195	__protein2_rbs	11.0	0.0	0.0
195	__protein3_rbs	2.2	0.0	0.0
195	__ribosome	29.2	0.0	0.0
195	__rnase_site_ext	17.2	0.0	0.0
195	p0	0.4	0.0	0.0
195	p1	0.4	0.0	0.0
195	p2	0.8	0.0	0.0
195	protein1	997.2	16.8	1.917556
195	protein2	1036.4	18.8	1.8322468
195	protein3	158.2	2.8	1.8666668
195	rnapol	0.0	0.0	0.0
196	__protein1_rbs	11.0	0.0	0.0
196	__protein2_rbs	13.0	0.0	0.0
196	__protein3_rbs	1.6	0.0	0.0
196	__ribosome	29.2	0.0	0.0
196	__rnase_site_ext	17.2	0.0	0.0
196	p0	1.0	0.0	0.0
196	p1	0.6	0.0	0.0
196	p2	0.8	0.0	0.0
196	protein1	1003.2	16.6	1.9922044
196	protein2	1044.0	19.0	1.7447118000000001
196	protein3	159.4	2.8	1.85
196	rnapol	0.2	0.0	0.0
197	__protein1_rbs	10.2	0.0	0.0
197	__protein2_rbs	13.0	0.0	0.0
197	__protein3_rbs	1.6	0.0	0.0
197	__ribosome	27.6	0.0	0.0
197	__rnase_site_ext	17.0	0.0	0.0
197	p0	1.0	0.0	0.0
197	p1	0.8	0.0	0.0
197	p2	1.0	0.0	0.0
197	protein1	1011.2	16.8	1.978925
197	protein2	1050.4	19.4	1.7774664000000002
197	protein3	160.4	2.6	2.2333334
197	rnapol	0.4	0.0	0.0
198	__protein1_rbs	9.8	0.0	0.0
198	__protein2_rbs	11.6	0.0	0.0
198	__protein3_rbs	1.0	0.0	0.0
198	__ribosome	30.2	0.0	0.0
198	__rnase_site_ext	17.2	0.0	0.0
198	p0	0.8	0.0	0.0
198	p1	0.8	0.0	0.0
198	p2	0.8	0.0	0.0
198	protein1	1019.6	16.8	1.9036612
198	protein2	1059.8	19.2	1.7357286000000005
198	protein3	162.0	2.6	2.1333332
198	rnapol	0.0	0.0	0.0
199	__protein1_rbs	9.8	0.0	0.0
199	__protein2_rbs	11.4	0.0	0.0
199	__protein3_rbs	2.0	0.0	0.0
199	__ribosome	31.8	0.0	0.0
199	__rnase_site_ext	17.2	0.0	0.0
199	p0	1.0	0.0	0.0
199	p1	0.2	0.0	0.0
199	p2	0.8	0.0	0.0
199	protein1	1026.8	16.8	1.921119
199	protein2	1068.8	18.8	1.6930039999999995
199	protein3	163.2	2.6	1.9333332
199	rnapol	0.0	0.0	0.0
200	__protein1_rbs	10.6	0.0	0.0
200	__protein2_rbs	12.8	0.0	0.0
200	__protein3_rbs	1.8	0.0	0.0
200	__ribosome	30.8	0.0	0.0
200	__rnase_site_ext	17.0	0.0	0.0
200	p0	1.0	0.0	0.0
200	p1	0.4	0.0	0.0
200	p2	0.2	0.0	0.0
200	protein1	1033.4	16.8	1.915614
200	protein2	1074.4	18.6	1.782558
200	protein3	164.4	2.6	1.7333333999999998
200	rnapol	0.2	0.0	0.0
201	__protein1_rbs	10.6	0.0	0.0
201	__protein2_rbs	11.2	0.0	0.0
201	__protein3_rbs	2.0	0.0	0.0
201	__ribosome	31.2	0.0	0.0
201	__rnase_site_ext	17.4	0.0	0.0
201	p0	0.2	0.0	0.0
201	p1	0.4	0.0	0.0
201	p2	0.4	0.0	0.0
201	protein1	1040.8	16.6	1.9001756
201	protein2	1082.6	19.0	1.8078786
201	protein3	166.0	2.6	1.2666667999999999
201	rnapol	0.0	0.0	0.0
202	__protein1_rbs	9.0	0.0	0.0
202	__protein2_rbs	11.6	0.0	0.0
202	__protein3_rbs	1.4	0.0	0.0
202	__ribosome	28.4	0.0	0.0
202	__rnase_site_ext	17.6	0.0	0.0
202	p0	1.0	0.0	0.0
202	p1	0.4	0.0	0.0
202	p2	0.8	0.0	0.0
202	protein1	1048.8	16.6	1.904152
202	protein2	1088.8	19.4	1.9297788
202	protein3	167.4	2.6	1.2
202	rnapol	0.2	0.0	0.0
203	__protein1_rbs	11.2	0.0	0.0
203	__protein2_rbs	13.2	0.0	0.0
203	__protein3_rbs	0.8	0.0	0.0
203	__ribosome	29.8	0.0	0.0
203	__rnase_site_ext	17.6	0.0	0.0
203	p0	1.0	0.0	0.0
203	p1	1.0	0.0	0.0
203	p2	0.8	0.0	0.0
203	protein1	1055.4	17.0	1.8313316000000002
203	protein2	1098.2	19.6	1.780614
203	protein3	167.8	2.4	1.8666666
203	rnapol	0.2	0.0	0.0
204	__protein1_rbs	12.0	0.0	0.0
204	__protein2_rbs	11.4	0.0	0.0
204	__protein3_rbs	1.2	0.0	0.0
204	__ribosome	29.2	0.0	0.0
204	__rnase_site_ext	17.4	0.0	0.0
204	p0	1.0	0.0	0.0
204	p1	0.6	0.0	0.0
204	p2	0.6	0.0	0.0
204	protein1	1062.8	17.0	1.7858581999999998
204	protein2	1106.0	19.6	1.8429191999999999
204	protein3	168.6	2.6	2.0666668
204	rnapol	0.0	0.0	0.0
205	__protein1_rbs	10.8	0.0	0.0
205	__protein2_rbs	12.6	0.0	0.0
205	__protein3_rbs	1.8	0.0	0.0
205	__ribosome	28.4	0.0	0.0
205	__rnase_site_ext	17.4	0.0	0.0
205	p0	0.8	0.0	0.0
205	p1	0.8	0.0	0.0
205	p2	0.6	0.0	0.0
205	protein1	1069.2	16.8	1.8381598
205	protein2	1113.6	19.6	1.8341408
205	protein3	169.4	2.6	1.9666666000000002
205	rnapol	0.2	0.0	0.0
206	__protein1_rbs	10.0	0.0	0.0
206	__protein2_rbs	12.8	0.0	0.0
206	__protein3_rbs	1.8	0.0	0.0
206	__ribosome	29.6	0.0	0.0
206	__rnase_site_ext	17.2	0.0	0.0
206	p0	1.0	0.0	0.0
206	p1	1.0	0.0	0.0
206	p2	0.6	0.0	0.0
206	protein1	1077.2	16.8	1.806389
206	protein2	1122.4	19.4	1.8077523999999998
206	protein3	170.4	2.8	1.95
206	rnapol	0.2	0.0	0.0
207	__protein1_rbs	9.4	0.0	0.0
207	__protein2_rbs	11.6	0.0	0.0
207	__protein3_rbs	1.8	0.0	0.0
207	__ribosome	27.8	0.0	0.0
207	__rnase_site_ext	17.2	0.0	0.0
207	p0	1.0	0.0	0.0
207	p1	0.8	0.0	0.0
207	p2	0.2	0.0	0.0
207	protein1	1084.6	16.6	1.8999270000000001
207	protein2	1130.4	19.2	1.8620425999999999
207	protein3	171.8	3.0	1.9833333999999998
207	rnapol	0.2	0.0	0.0
208	__protein1_rbs	10.6	0.0	0.0
208	__protein2_rbs	13.0	0.0	0.0
208	__protein3_rbs	1.4	0.0	0.0
208	__ribosome	30.2	0.0	0.0
208	__rnase_site_ext	17.2	0.0	0.0
208	p0	0.4	0.0	0.0
208	p1	0.4	0.0	0.0
208	p2	1.0	0.0	0.0
208	protein1	1091.2	16.6	1.8691142
208	protein2	1139.4	19.2	1.7547806
208	protein3	173.4	3.0	1.9333334
208	rnapol	0.2	0.0	0.0
209	__protein1_rbs	9.8	0.0	0.0
209	__protein2_rbs	10.8	0.0	0.0
209	__protein3_rbs	2.6	0.0	0.0
209	__ribosome	27.8	0.0	0.0
209	__rnase_site_ext	17.6	0.0	0.0
209	p0	0.8	0.0	0.0
209	p1	0.8	0.0	0.0
209	p2	0.8	0.0	0.0
209	protein1	1098.2	16.6	1.9589268
209	protein2	1146.8	18.4	1.930303
209	protein3	174.4	3.2	1.6833332
209	rnapol	0.2	0.0	0.0
210	__protein1_rbs	12.0	0.0	0.0
210	__protein2_rbs	13.4	0.0	0.0
210	__protein3_rbs	2.0	0.0	0.0
210	__ribosome	32.2	0.0	0.0
210	__rnase_site_ext	17.4	0.0	0.0
210	p0	0.8	0.0	0.0
210	p1	0.8	0.0	0.0
210	p2	0.6	0.0	0.0
210	protein1	1105.6	17.0	1.8481080000000003
210	protein2	1155.4	18.8	1.7086371999999999
210	protein3	176.0	3.2	1.5833334
210	rnapol	0.2	0.0	0.0
211	__protein1_rbs	10.6	0.0	0.0
211	__protein2_rbs	11.6	0.0	0.0
211	__protein3_rbs	2.0	0.0	0.0
211	__ribosome	30.0	0.0	0.0
211	__rnase_site_ext	18.2	0.0	0.0
211	p0	0.6	0.0	0.0
211	p1	0.8	0.0	0.0
211	p2	0.8	0.0	0.0
211	protein1	1112.6	16.8	1.8910904
211	protein2	1162.8	18.6	1.7889602
211	protein3	176.8	3.4	1.7333332
211	rnapol	0.0	0.0	0.0
212	__protein1_rbs	11.6	0.0	0.0
212	__protein2_rbs	10.2	0.0	0.0
212	__protein3_rbs	2.4	0.0	0.0
212	__ribosome	31.4	0.0	0.0
212	__rnase_site_ext	18.0	0.0	0.0
212	p0	0.8	0.0	0.0
212	p1	0.4	0.0	0.0
212	p2	0.8	0.0	0.0
212	protein1	1120.2	17.6	1.7497661999999998
212	protein2	1171.8	18.2	1.813357
212	protein3	178.2	3.4	1.5833331999999998
212	rnapol	0.0	0.0	0.0
213	__protein1_rbs	11.0	0.0	0.0
213	__protein2_rbs	12.0	0.0	0.0
213	__protein3_rbs	2.2	0.0	0.0
213	__ribosome	31.2	0.0	0.0
213	__rnase_site_ext	18.2	0.0	0.0
213	p0	1.0	0.0	0.0
213	p1	0.6	0.0	0.0
213	p2	0.6	0.0	0.0
213	protein1	1127.6	17.4	1.818889
213	protein2	1179.4	18.2	1.7678429999999998
213	protein3	179.4	3.4	1.65
213	rnapol	0.0	0.0	0.0
214	__protein1_rbs	11.6	0.0	0.0
214	__protein2_rbs	12.0	0.0	0.0
214	__protein3_rbs	2.4	0.0	0.0
214	__ribosome	28.6	0.0	0.0
214	__rnase_site_ext	18.2	0.0	0.0
214	p0	0.8	0.0	0.0
214	p1	0.4	0.0	0.0
214	p2	0.8	0.0	0.0
214	protein1	1134.0	17.6	1.8301169999999998
214	protein2	1186.6	18.6	1.8196240000000001
214	protein3	180.4	3.6	1.6166668000000002
214	rnapol	0.4	0.0	0.0
215	__protein1_rbs	11.6	0.0	0.0
215	__protein2_rbs	12.2	0.0	0.0
215	__protein3_rbs	1.4	0.0	0.0
215	__ribosome	28.8	0.0	0.0
215	__rnase_site_ext	18.4	0.0	0.0
215	p0	1.0	0.0	0.0
215	p1	0.4	0.0	0.0
215	p2	0.8	0.0	0.0
215	protein1	1142.2	17.4	1.8
215	protein2	1193.6	18.4	1.833918
215	protein3	181.8	3.4	1.9166668
215	rnapol	0.2	0.0	0.0
216	__protein1_rbs	11.2	0.0	0.0
216	__protein2_rbs	11.8	0.0	0.0
216	__protein3_rbs	2.2	0.0	0.0
216	__ribosome	28.0	0.0	0.0
216	__rnase_site_ext	18.4	0.0	0.0
216	p0	0.8	0.0	0.0
216	p1	0.8	0.0	0.0
216	p2	1.0	0.0	0.0
216	protein1	1148.8	17.8	1.7964282
216	protein2	1201.4	18.6	1.8177778000000002
216	protein3	183.4	3.4	1.8166666
216	rnapol	0.0	0.0	0.0
217	__protein1_rbs	12.8	0.0	0.0
217	__protein2_rbs	10.6	0.0	0.0
217	__protein3_rbs	2.2	0.0	0.0
217	__ribosome	28.2	0.0	0.0
217	__rnase_site_ext	18.2	0.0	0.0
217	p0	1.0	0.0	0.0
217	p1	0.2	0.0	0.0
217	p2	0.8	0.0	0.0
217	protein1	1156.2	17.8	1.7566081999999998
217	protein2	1209.6	18.8	1.8516792
217	protein3	185.0	3.6	1.7166668
217	rnapol	0.2	0.0	0.0
218	__protein1_rbs	9.8	0.0	0.0
218	__protein2_rbs	10.4	0.0	0.0
218	__protein3_rbs	2.6	0.0	0.0
218	__ribosome	26.2	0.0	0.0
218	__rnase_site_ext	18.2	0.0	0.0
218	p0	0.8	0.0	0.0
218	p1	0.6	0.0	0.0
218	p2	0.6	0.0	0.0
218	protein1	1164.2	17.4	1.8623482
218	protein2	1218.2	18.6	1.9135004
218	protein3	186.0	3.6	1.7133334000000002
218	rnapol	0.2	0.0	0.0
219	__protein1_rbs	10.0	0.0	0.0
219	__protein2_rbs	14.0	0.0	0.0
219	__protein3_rbs	2.2	0.0	0.0
219	__ribosome	28.6	0.0	0.0
219	__rnase_site_ext	18.2	0.0	0.0
219	p0	0.4	0.0	0.0
219	p1	0.8	0.0	0.0
219	p2	0.8	0.0	0.0
219	protein1	1172.4	17.6	1.8418804
219	protein2	1226.4	19.2	1.7487402
219	protein3	188.2	3.8	1.6266666
219	rnapol	0.2	0.0	0.0
220	__protein1_rbs	11.4	0.0	0.0
220	__protein2_rbs	11.2	0.0	0.0
220	__protein3_rbs	1.6	0.0	0.0
220	__ribosome	26.0	0.0	0.0
220	__rnase_site_ext	18.4	0.0	0.0
220	p0	0.8	0.0	0.0
220	p1	0.6	0.0	0.0
220	p2	0.4	0.0	0.0
220	protein1	1179.6	17.8	1.8195366000000002
220	protein2	1234.4	18.4	1.9142245999999998
220	protein3	189.4	3.8	1.95
220	rnapol	0.0	0.0	0.0
221	__protein1_rbs	11.2	0.0	0.0
221	__protein2_rbs	10.0	0.0	0.0
221	__protein3_rbs	2.8	0.0	0.0
221	__ribosome	25.4	0.0	0.0
221	__rnase_site_ext	18.6	0.0	0.0
221	p0	1.0	0.0	0.0
221	p1	0.4	0.0	0.0
221	p2	0.4	0.0	0.0
221	protein1	1186.2	17.8	1.8903842
221	protein2	1243.2	18.6	1.9397824000000001
221	protein3	191.4	3.8	1.58
221	rnapol	0.0	0.0	0.0
222	__protein1_rbs	12.6	0.0	0.0
222	__protein2_rbs	13.6	0.0	0.0
222	__protein3_rbs	2.0	0.0	0.0
222	__ribosome	28.8	0.0	0.0
222	__rnase_site_ext	18.6	0.0	0.0
222	p0	0.8	0.0	0.0
222	p1	0.8	0.0	0.0
222	p2	0.8	0.0	0.0
222	protein1	1194.8	18.0	1.7307602000000002
222	protein2	1251.6	18.8	1.7970273999999997
222	protein3	192.4	3.6	1.9066666
222	rnapol	0.4	0.0	0.0
223	__protein1_rbs	11.2	0.0	0.0
223	__protein2_rbs	12.2	0.0	0.0
223	__protein3_rbs	2.0	0.0	0.0
223	__ribosome	29.4	0.0	0.0
223	__rnase_site_ext	18.8	0.0	0.0
223	p0	0.6	0.0	0.0
223	p1	0.8	0.0	0.0
223	p2	0.8	0.0	0.0
223	protein1	1202.0	18.0	1.7784796000000003
223	protein2	1259.8	18.8	1.7519202
223	protein3	194.2	3.6	1.85
223	rnapol	0.6	0.0	0.0
224	__protein1_rbs	10.8	0.0	0.0
224	__protein2_rbs	11.0	0.0	0.0
224	__protein3_rbs	2.6	0.0	0.0
224	__ribosome	28.8	0.0	0.0
224	__rnase_site_ext	19.2	0.0	0.0
224	p0	0.6	0.0	0.0
224	p1	0.8	0.0	0.0
224	p2	1.0	0.0	0.0
224	protein1	1211.0	18.2	1.7582285999999996
224	protein2	1267.6	18.8	1.8043918
224	protein3	195.6	4.2	1.7399999999999998
224	rnapol	0.2	0.0	0.0
225	__protein1_rbs	12.2	0.0	0.0
225	__protein2_rbs	11.6	0.0	0.0
225	__protein3_rbs	2.0	0.0	0.0
225	__ribosome	30.0	0.0	0.0
225	__rnase_site_ext	19.4	0.0	0.0
225	p0	1.0	0.0	0.0
225	p1	0.4	0.0	0.0
225	p2	0.8	0.0	0.0
225	protein1	1219.0	18.8	1.6505534000000002
225	protein2	1277.8	18.8	1.72685
225	protein3	197.4	4.2	1.7933332
225	rnapol	0.2	0.0	0.0
226	__protein1_rbs	12.8	0.0	0.0
226	__protein2_rbs	12.8	0.0	0.0
226	__protein3_rbs	2.8	0.0	0.0
226	__ribosome	26.8	0.0	0.0
226	__rnase_site_ext	19.6	0.0	0.0
226	p0	0.8	0.0	0.0
226	p1	0.8	0.0	0.0
226	p2	0.6	0.0	0.0
226	protein1	1225.4	19.0	1.7150252
226	protein2	1283.8	18.8	1.8088646
226	protein3	198.6	4.2	1.8333334
226	rnapol	0.0	0.0	0.0
227	__protein1_rbs	13.4	0.0	0.0
227	__protein2_rbs	13.0	0.0	0.0
227	__protein3_rbs	2.8	0.0	0.0
227	__ribosome	26.4	0.0	0.0
227	__rnase_site_ext	19.8	0.0	0.0
227	p0	0.8	0.0	0.0
227	p1	0.8	0.0	0.0
227	p2	1.0	0.0	0.0
227	protein1	1233.2	19.2	1.6906458
227	protein2	1292.0	19.2	1.7917218000000001
227	protein3	200.0	4.0	1.9466666000000001
227	rnapol	0.2	0.0	0.0
228	__protein1_rbs	11.6	0.0	0.0
228	__protein2_rbs	11.8	0.0	0.0
228	__protein3_rbs	2.8	0.0	0.0
228	__ribosome	25.4	0.0	0.0
228	__rnase_site_ext	19.8	0.0	0.0
228	p0	1.0	0.0	0.0
228	p1	0.8	0.0	0.0
228	p2	1.0	0.0	0.0
228	protein1	1241.0	19.4	1.7203389999999998
228	protein2	1299.6	19.0	1.8066166000000001
228	protein3	202.0	4.0	1.8
228	rnapol	0.4	0.0	0.0
229	__protein1_rbs	11.0	0.0	0.0
229	__protein2_rbs	14.2	0.0	0.0
229	__protein3_rbs	2.6	0.0	0.0
229	__ribosome	27.8	0.0	0.0
229	__rnase_site_ext	20.0	0.0	0.0
229	p0	0.6	0.0	0.0
229	p1	0.6	0.0	0.0
229	p2	0.8	0.0	0.0
229	protein1	1248.8	19.6	1.7731298
229	protein2	1308.8	19.2	1.60604
229	protein3	204.4	4.2	1.6166668000000002
229	rnapol	0.4	0.0	0.0
230	__protein1_rbs	12.4	0.0	0.0
230	__protein2_rbs	10.2	0.0	0.0
230	__protein3_rbs	3.0	0.0	0.0
230	__ribosome	26.8	0.0	0.0
230	__rnase_site_ext	19.8	0.0	0.0
230	p0	1.0	0.0	0.0
230	p1	0.4	0.0	0.0
230	p2	0.6	0.0	0.0
230	protein1	1257.4	19.4	1.7801543999999998
230	protein2	1317.6	19.0	1.6761401999999999
230	protein3	205.8	4.2	1.7666668
230	rnapol	0.4	0.0	0.0
231	__protein1_rbs	10.6	0.0	0.0
231	__protein2_rbs	13.0	0.0	0.0
231	__protein3_rbs	3.0	0.0	0.0
231	__ribosome	24.4	0.0	0.0
231	__rnase_site_ext	20.0	0.0	0.0
231	p0	0.4	0.0	0.0
231	p1	0.6	0.0	0.0
231	p2	1.0	0.0	0.0
231	protein1	1264.2	19.4	1.928779
231	protein2	1325.6	19.0	1.6293233999999999
231	protein3	207.4	4.0	1.9666664
231	rnapol	0.2	0.0	0.0
232	__protein1_rbs	12.8	0.0	0.0
232	__protein2_rbs	14.0	0.0	0.0
232	__protein3_rbs	2.6	0.0	0.0
232	__ribosome	27.2	0.0	0.0
232	__rnase_site_ext	19.8	0.0	0.0
232	p0	0.8	0.0	0.0
232	p1	0.8	0.0	0.0
232	p2	0.8	0.0	0.0
232	protein1	1272.8	19.4	1.8486871999999999
232	protein2	1333.2	19.8	1.5211903999999998
232	protein3	209.2	4.0	1.9333334
232	rnapol	0.2	0.0	0.0
233	__protein1_rbs	13.2	0.0	0.0
233	__protein2_rbs	11.8	0.0	0.0
233	__protein3_rbs	2.0	0.0	0.0
233	__ribosome	26.0	0.0	0.0
233	__rnase_site_ext	20.0	0.0	0.0
233	p0	0.8	0.0	0.0
233	p1	0.6	0.0	0.0
233	p2	1.0	0.0	0.0
233	protein1	1282.6	19.6	1.734777
233	protein2	1340.2	19.6	1.6434522
233	protein3	210.6	4.0	2.1666666
233	rnapol	0.2	0.0	0.0
234	__protein1_rbs	12.6	0.0	0.0
234	__protein2_rbs	11.4	0.0	0.0
234	__protein3_rbs	2.6	0.0	0.0
234	__ribosome	26.4	0.0	0.0
234	__rnase_site_ext	20.0	0.0	0.0
234	p0	0.8	0.0	0.0
234	p1	0.6	0.0	0.0
234	p2	0.8	0.0	0.0
234	protein1	1289.8	19.6	1.7762518
234	protein2	1348.8	19.6	1.6599322
234	protein3	213.2	3.6	2.7666666
234	rnapol	0.2	0.0	0.0
235	__protein1_rbs	12.6	0.0	0.0
235	__protein2_rbs	11.2	0.0	0.0
235	__protein3_rbs	2.2	0.0	0.0
235	__ribosome	25.0	0.0	0.0
235	__rnase_site_ext	19.8	0.0	0.0
235	p0	1.0	0.0	0.0
235	p1	0.4	0.0	0.0
235	p2	0.8	0.0	0.0
235	protein1	1298.8	19.8	1.6799044000000003
235	protein2	1355.8	19.6	1.7735293999999997
235	protein3	215.0	3.6	2.7333334
235	rnapol	0.6	0.0	0.0
236	__protein1_rbs	11.4	0.0	0.0
236	__protein2_rbs	12.8	0.0	0.0
236	__protein3_rbs	2.0	0.0	0.0
236	__ribosome	23.0	0.0	0.0
236	__rnase_site_ext	19.8	0.0	0.0
236	p0	0.4	0.0	0.0
236	p1	0.8	0.0	0.0
236	p2	0.8	0.0	0.0
236	protein1	1307.0	19.2	1.7728444
236	protein2	1362.4	20.0	1.8046653999999998
236	protein3	216.4	3.6	2.5
236	rnapol	0.4	0.0	0.0
237	__protein1_rbs	12.4	0.0	0.0
237	__protein2_rbs	14.4	0.0	0.0
237	__protein3_rbs	2.8	0.0	0.0
237	__ribosome	26.0	0.0	0.0
237	__rnase_site_ext	20.0	0.0	0.0
237	p0	0.6	0.0	0.0
237	p1	0.4	0.0	0.0
237	p2	0.8	0.0	0.0
237	protein1	1314.6	19.2	1.7772206000000002
237	protein2	1371.0	20.4	1.6972239999999998
237	protein3	218.8	3.6	2.0333332
237	rnapol	0.0	0.0	0.0
238	__protein1_rbs	13.6	0.0	0.0
238	__protein2_rbs	12.6	0.0	0.0
238	__protein3_rbs	2.0	0.0	0.0
238	__ribosome	25.0	0.0	0.0
238	__rnase_site_ext	20.0	0.0	0.0
238	p0	1.0	0.0	0.0
238	p1	0.6	0.0	0.0
238	p2	0.8	0.0	0.0
238	protein1	1322.2	19.6	1.7116664000000001
238	protein2	1379.4	20.4	1.7525808
238	protein3	220.2	3.6	2.0666668
238	rnapol	0.2	0.0	0.0
239	__protein1_rbs	13.2	0.0	0.0
239	__protein2_rbs	14.0	0.0	0.0
239	__protein3_rbs	2.2	0.0	0.0
239	__ribosome	26.8	0.0	0.0
239	__rnase_site_ext	20.2	0.0	0.0
239	p0	1.0	0.0	0.0
239	p1	0.6	0.0	0.0
239	p2	0.8	0.0	0.0
239	protein1	1332.2	19.6	1.6185762
239	protein2	1387.2	21.0	1.7105743999999998
239	protein3	222.4	3.6	1.7333333999999998
239	rnapol	0.0	0.0	0.0
240	__protein1_rbs	12.2	0.0	0.0
240	__protein2_rbs	14.4	0.0	0.0
240	__protein3_rbs	3.2	0.0	0.0
240	__ribosome	28.6	0.0	0.0
240	__rnase_site_ext	19.8	0.0	0.0
240	p0	1.0	0.0	0.0
240	p1	0.6	0.0	0.0
240	p2	0.4	0.0	0.0
240	protein1	1340.2	19.8	1.7233918000000001
240	protein2	1396.8	20.8	1.5565534
240	protein3	223.8	3.8	1.3
240	rnapol	0.2	0.0	0.0
241	__protein1_rbs	12.0	0.0	0.0
241	__protein2_rbs	14.2	0.0	0.0
241	__protein3_rbs	3.0	0.0	0.0
241	__ribosome	27.4	0.0	0.0
241	__rnase_site_ext	19.6	0.0	0.0
241	p0	1.0	0.0	0.0
241	p1	0.8	0.0	0.0
241	p2	0.8	0.0	0.0
241	protein1	1348.0	19.6	1.7597954000000002
241	protein2	1404.2	21.0	1.5509714
241	protein3	225.2	3.8	1.3333331999999998
241	rnapol	0.8	0.0	0.0
242	__protein1_rbs	13.4	0.0	0.0
242	__protein2_rbs	13.4	0.0	0.0
242	__protein3_rbs	2.2	0.0	0.0
242	__ribosome	24.8	0.0	0.0
242	__rnase_site_ext	20.2	0.0	0.0
242	p0	0.6	0.0	0.0
242	p1	0.4	0.0	0.0
242	p2	0.8	0.0	0.0
242	protein1	1355.2	19.2	1.7701498
242	protein2	1411.4	21.4	1.639935
242	protein3	226.8	4.0	1.5
242	rnapol	0.2	0.0	0.0
243	__protein1_rbs	11.8	0.0	0.0
243	__protein2_rbs	14.4	0.0	0.0
243	__protein3_rbs	2.0	0.0	0.0
243	__ribosome	25.0	0.0	0.0
243	__rnase_site_ext	20.8	0.0	0.0
243	p0	0.8	0.0	0.0
243	p1	0.2	0.0	0.0
243	p2	0.8	0.0	0.0
243	protein1	1363.8	19.8	1.7386258
243	protein2	1421.2	21.6	1.5929256000000005
243	protein3	228.4	3.8	1.66
243	rnapol	0.4	0.0	0.0
244	__protein1_rbs	12.8	0.0	0.0
244	__protein2_rbs	14.2	0.0	0.0
244	__protein3_rbs	2.2	0.0	0.0
244	__ribosome	23.2	0.0	0.0
244	__rnase_site_ext	20.6	0.0	0.0
244	p0	0.6	0.0	0.0
244	p1	0.8	0.0	0.0
244	p2	0.8	0.0	0.0
244	protein1	1372.4	20.0	1.7236258000000002
244	protein2	1428.4	21.6	1.6540372
244	protein3	229.6	3.8	1.8333332
244	rnapol	0.0	0.0	0.0
245	__protein1_rbs	13.8	0.0	0.0
245	__protein2_rbs	14.4	0.0	0.0
245	__protein3_rbs	3.0	0.0	0.0
245	__ribosome	22.6	0.0	0.0
245	__rnase_site_ext	20.4	0.0	0.0
245	p0	0.8	0.0	0.0
245	p1	1.0	0.0	0.0
245	p2	0.8	0.0	0.0
245	protein1	1380.4	19.8	1.7560836000000002
245	protein2	1436.4	21.2	1.7416107999999997
245	protein3	231.0	3.8	1.7
245	rnapol	0.4	0.0	0.0
246	__protein1_rbs	14.4	0.0	0.0
246	__protein2_rbs	13.4	0.0	0.0
246	__protein3_rbs	3.2	0.0	0.0
246	__ribosome	26.2	0.0	0.0
246	__rnase_site_ext	20.8	0.0	0.0
246	p0	0.4	0.0	0.0
246	p1	1.0	0.0	0.0
246	p2	0.8	0.0	0.0
246	protein1	1388.8	19.6	1.6446596000000002
246	protein2	1445.6	21.2	1.7449089999999998
246	protein3	233.2	3.8	1.3866666
246	rnapol	0.0	0.0	0.0
247	__protein1_rbs	12.8	0.0	0.0
247	__protein2_rbs	14.4	0.0	0.0
247	__protein3_rbs	2.2	0.0	0.0
247	__ribosome	25.6	0.0	0.0
247	__rnase_site_ext	20.8	0.0	0.0
247	p0	0.8	0.0	0.0
247	p1	0.8	0.0	0.0
247	p2	0.8	0.0	0.0
247	protein1	1397.2	20.0	1.6124798000000002
247	protein2	1454.6	21.2	1.7386700000000002
247	protein3	234.6	4.0	1.5666664
247	rnapol	0.2	0.0	0.0
248	__protein1_rbs	13.0	0.0	0.0
248	__protein2_rbs	13.4	0.0	0.0
248	__protein3_rbs	2.8	0.0	0.0
248	__ribosome	25.6	0.0	0.0
248	__rnase_site_ext	20.8	0.0	0.0
248	p0	0.8	0.0	0.0
248	p1	0.4	0.0	0.0
248	p2	0.4	0.0	0.0
248	protein1	1405.6	20.0	1.5888103999999998
248	protein2	1463.2	21.0	1.8046262
248	protein3	236.4	4.0	1.4000001999999998
248	rnapol	0.2	0.0	0.0
249	__protein1_rbs	12.2	0.0	0.0
249	__protein2_rbs	15.0	0.0	0.0
249	__protein3_rbs	2.2	0.0	0.0
249	__ribosome	24.8	0.0	0.0
249	__rnase_site_ext	20.2	0.0	0.0
249	p0	0.8	0.0	0.0
249	p1	0.6	0.0	0.0
249	p2	0.6	0.0	0.0
249	protein1	1414.4	20.2	1.5785298
249	protein2	1472.8	21.0	1.7621588
249	protein3	237.2	4.0	1.6999998
249	rnapol	0.4	0.0	0.0
250	__protein1_rbs	13.8	0.0	0.0
250	__protein2_rbs	13.6	0.0	0.0
250	__protein3_rbs	3.0	0.0	0.0
250	__ribosome	25.2	0.0	0.0
250	__rnase_site_ext	20.8	0.0	0.0
250	p0	0.6	0.0	0.0
250	p1	0.4	0.0	0.0
250	p2	1.0	0.0	0.0
250	protein1	1421.0	19.6	1.6328124
250	protein2	1482.0	21.0	1.7465395999999995
250	protein3	238.6	4.0	1.5666666
250	rnapol	0.2	0.0	0.0
