time	species	protein	transcript	ribo_density
0	__protein1_rbs	0.0	0.0	0.0
0	__protein2_rbs	0.0	0.0	0.0
0	__protein3_rbs	0.0	0.0	0.0
0	__ribosome	100.0	0.0	0.0
0	__rnase_site_ext	0.0	0.0	0.0
0	p0	1.0	0.0	0.0
0	p1	1.0	0.0	0.0
0	p2	1.0	0.0	0.0
0	r2	0.0	0.0	0.0
0	rnapol	4.0	0.0	0.0
1	__protein1_rbs	0.0	0.0	0.0
1	__protein2_rbs	0.0	0.0	0.0
1	__protein3_rbs	0.0	0.0	0.0
1	__ribosome	60.0	0.0	0.0
1	__rnase_site_ext	0.6	0.0	0.0
1	p0	0.2	0.0	0.0
1	p1	0.6	0.0	0.0
1	p2	0.4	0.0	0.0
1	r2	0.0	0.0	0.0
1	rnapol	1.8	0.0	0.0
2	__protein1_rbs	0.4	0.0	0.0
2	__protein2_rbs	0.0	0.0	0.0
2	__protein3_rbs	0.0	0.0	0.0
2	__ribosome	100.0	0.0	0.0
2	__rnase_site_ext	1.0	0.0	0.0
2	p0	0.6	0.0	0.0
2	p1	1.0	0.0	0.0
2	p2	0.8	0.0	0.0
2	protein1	0.0	0.4	0.0
2	r2	0.0	0.0	0.0
2	rnapol	2.8	0.0	0.0
3	__protein1_rbs	0.0	0.0	0.0
3	__protein2_rbs	0.0	0.0	0.0
3	__protein3_rbs	0.0	0.0	0.0
3	__ribosome	79.6	0.0	0.0
3	__rnase_site_ext	1.8	0.0	0.0
3	p0	0.6	0.0	0.0
3	p1	0.8	0.0	0.0
3	p2	0.8	0.0	0.0
3	protein1	0.0	0.4	0.4
3	r2	0.0	0.0	0.0
3	rnapol	2.0	0.0	0.0
4	__protein1_rbs	0.2	0.0	0.0
4	__protein2_rbs	0.0	0.0	0.0
4	__protein3_rbs	0.0	0.0	0.0
4	__ribosome	159.0	0.0	0.0
4	__rnase_site_ext	3.2	0.0	0.0
4	p0	0.2	0.0	0.0
4	p1	1.6	0.0	0.0
4	p2	1.6	0.0	0.0
4	protein1	0.0	0.8	0.7
4	r2	0.0	0.0	0.0
4	rnapol	3.8	0.0	0.0
5	__protein1_rbs	0.2	0.0	0.0
5	__protein2_rbs	0.0	0.0	0.0
5	__protein3_rbs	0.0	0.0	0.0
5	__ribosome	98.2	0.0	0.0
5	__rnase_site_ext	3.0	0.0	0.0
5	p0	0.4	0.0	0.0
5	p1	1.0	0.0	0.0
5	p2	1.0	0.0	0.0
5	protein1	0.0	1.0	1.3
5	r2	0.2	0.0	0.0
5	rnapol	1.4	0.0	0.0
6	__protein1_rbs	1.0	0.0	0.0
6	__protein2_rbs	0.0	0.0	0.0
6	__protein3_rbs	0.2	0.0	0.0
6	__ribosome	97.2	0.0	0.0
6	__rnase_site_ext	3.6	0.0	0.0
6	p0	0.6	0.0	0.0
6	p1	1.0	0.0	0.0
6	p2	1.0	0.0	0.0
6	protein1	0.0	2.0	1.2
6	protein3	0.0	0.2	0.0
6	r2	0.2	0.0	0.0
6	rnapol	1.0	0.0	0.0
7	__protein1_rbs	1.4	0.0	0.0
7	__protein2_rbs	0.0	0.0	0.0
7	__protein3_rbs	0.0	0.0	0.0
7	__ribosome	96.0	0.0	0.0
7	__rnase_site_ext	3.6	0.0	0.0
7	p0	1.0	0.0	0.0
7	p1	0.8	0.0	0.0
7	p2	1.0	0.0	0.0
7	protein1	0.2	2.6	1.45
7	protein3	0.0	0.2	0.2
7	r2	0.2	0.0	0.0
7	rnapol	0.8	0.0	0.0
8	__protein1_rbs	0.4	0.0	0.0
8	__protein2_rbs	0.0	0.0	0.0
8	__protein3_rbs	0.2	0.0	0.0
8	__ribosome	93.8	0.0	0.0
8	__rnase_site_ext	4.2	0.0	0.0
8	p0	0.6	0.0	0.0
8	p1	0.8	0.0	0.0
8	p2	1.0	0.0	0.0
8	protein1	0.6	2.8	2.1
8	protein3	0.0	0.2	0.2
8	r2	0.2	0.0	0.0
8	rnapol	0.4	0.0	0.0
9	__protein1_rbs	1.2	0.0	0.0
9	__protein2_rbs	0.0	0.0	0.0
9	__protein3_rbs	0.0	0.0	0.0
9	__ribosome	91.8	0.0	0.0
9	__rnase_site_ext	4.2	0.0	0.0
9	p0	1.0	0.0	0.0
9	p1	0.6	0.0	0.0
9	p2	1.0	0.0	0.0
9	protein1	0.8	3.0	2.4166666
9	protein2	0.0	0.2	0.2
9	protein3	0.0	0.2	0.6
9	r2	0.2	0.0	0.0
9	rnapol	0.4	0.0	0.0
10	__protein1_rbs	1.0	0.0	0.0
10	__protein2_rbs	0.4	0.0	0.0
10	__protein3_rbs	0.0	0.0	0.0
10	__ribosome	90.8	0.0	0.0
10	__rnase_site_ext	4.4	0.0	0.0
10	p0	0.8	0.0	0.0
10	p1	0.2	0.0	0.0
10	p2	1.0	0.0	0.0
10	protein1	1.6	3.2	2.5833334
10	protein2	0.0	0.4	0.2
10	protein3	0.0	0.2	0.6
10	r2	0.2	0.0	0.0
10	rnapol	0.2	0.0	0.0
11	__protein1_rbs	1.2	0.0	0.0
11	__protein2_rbs	0.2	0.0	0.0
11	__protein3_rbs	0.0	0.0	0.0
11	__ribosome	89.0	0.0	0.0
11	__rnase_site_ext	4.4	0.0	0.0
11	p0	1.0	0.0	0.0
11	p1	0.6	0.0	0.0
11	p2	1.0	0.0	0.0
11	protein1	2.6	3.4	2.8666666000000003
11	protein2	0.0	0.6	0.3
11	protein3	0.0	0.2	0.8
11	r2	0.2	0.0	0.0
11	rnapol	0.4	0.0	0.0
12	__protein1_rbs	1.0	0.0	0.0
12	__protein2_rbs	0.4	0.0	0.0
12	__protein3_rbs	0.2	0.0	0.0
12	__ribosome	88.2	0.0	0.0
12	__rnase_site_ext	4.8	0.0	0.0
12	p0	0.6	0.0	0.0
12	p1	0.0	0.0	0.0
12	p2	1.0	0.0	0.0
12	protein1	4.8	3.4	2.9666667999999996
12	protein2	0.0	0.8	0.6
12	protein3	0.0	0.2	0.8
12	r2	0.2	0.0	0.0
12	rnapol	0.0	0.0	0.0
13	__protein1_rbs	1.2	0.0	0.0
13	__protein2_rbs	0.6	0.0	0.0
13	__protein3_rbs	0.0	0.0	0.0
13	__ribosome	87.4	0.0	0.0
13	__rnase_site_ext	4.8	0.0	0.0
13	p0	0.8	0.0	0.0
13	p1	0.2	0.0	0.0
13	p2	1.0	0.0	0.0
13	protein1	6.8	3.4	2.9666666
13	protein2	0.0	1.2	1.2
13	protein3	0.2	0.2	0.8
13	r2	0.2	0.0	0.0
13	rnapol	0.0	0.0	0.0
14	__protein1_rbs	1.4	0.0	0.0
14	__protein2_rbs	0.4	0.0	0.0
14	__protein3_rbs	0.0	0.0	0.0
14	__ribosome	85.2	0.0	0.0
14	__rnase_site_ext	5.0	0.0	0.0
14	p0	1.0	0.0	0.0
14	p1	0.6	0.0	0.0
14	p2	0.8	0.0	0.0
14	protein1	8.2	3.8	2.8833333999999997
14	protein2	0.2	2.0	1.2
14	protein3	0.4	0.2	0.8
14	r2	0.2	0.0	0.0
14	rnapol	0.0	0.0	0.0
15	__protein1_rbs	0.6	0.0	0.0
15	__protein2_rbs	1.2	0.0	0.0
15	__protein3_rbs	0.2	0.0	0.0
15	__ribosome	82.8	0.0	0.0
15	__rnase_site_ext	4.8	0.0	0.0
15	p0	0.8	0.0	0.0
15	p1	0.6	0.0	0.0
15	p2	0.8	0.0	0.0
15	protein1	10.2	4.0	3.1
15	protein2	0.2	2.6	1.45
15	protein3	0.6	0.2	0.6
15	r2	0.2	0.0	0.0
15	rnapol	0.0	0.0	0.0
16	__protein1_rbs	1.2	0.0	0.0
16	__protein2_rbs	1.8	0.0	0.0
16	__protein3_rbs	0.0	0.0	0.0
16	__ribosome	81.8	0.0	0.0
16	__rnase_site_ext	5.0	0.0	0.0
16	p0	1.0	0.0	0.0
16	p1	0.6	0.0	0.0
16	p2	0.8	0.0	0.0
16	protein1	12.4	3.8	3.2666666
16	protein2	0.8	3.0	1.7333333999999998
16	protein3	0.8	0.2	0.6
16	r2	0.2	0.0	0.0
16	rnapol	0.2	0.0	0.0
17	__protein1_rbs	1.2	0.0	0.0
17	__protein2_rbs	1.0	0.0	0.0
17	__protein3_rbs	0.2	0.0	0.0
17	__ribosome	79.2	0.0	0.0
17	__rnase_site_ext	5.2	0.0	0.0
17	p0	1.0	0.0	0.0
17	p1	0.8	0.0	0.0
17	p2	0.6	0.0	0.0
17	protein1	14.2	4.0	3.3366666
17	protein2	1.0	3.2	2.1166666000000003
17	protein3	0.8	0.2	0.6
17	r2	0.2	0.0	0.0
17	rnapol	0.2	0.0	0.0
18	__protein1_rbs	1.0	0.0	0.0
18	__protein2_rbs	1.0	0.0	0.0
18	__protein3_rbs	0.0	0.0	0.0
18	__ribosome	78.2	0.0	0.0
18	__rnase_site_ext	5.2	0.0	0.0
18	p0	1.0	0.0	0.0
18	p1	0.8	0.0	0.0
18	p2	0.2	0.0	0.0
18	protein1	16.6	4.0	3.26
18	protein2	2.0	3.6	2.3333334
18	protein3	1.0	0.2	0.6
18	r2	0.2	0.0	0.0
18	rnapol	0.6	0.0	0.0
19	__protein1_rbs	1.0	0.0	0.0
19	__protein2_rbs	1.2	0.0	0.0
19	__protein3_rbs	0.2	0.0	0.0
19	__ribosome	76.4	0.0	0.0
19	__rnase_site_ext	5.4	0.0	0.0
19	p0	0.8	0.0	0.0
19	p1	0.6	0.0	0.0
19	p2	0.2	0.0	0.0
19	protein1	18.8	4.0	3.4466666000000004
19	protein2	3.0	3.6	2.6533333999999997
19	protein3	1.2	0.2	0.4
19	r2	0.2	0.0	0.0
19	rnapol	0.8	0.0	0.0
20	__protein1_rbs	1.6	0.0	0.0
20	__protein2_rbs	1.8	0.0	0.0
20	__protein3_rbs	0.0	0.0	0.0
20	__ribosome	76.2	0.0	0.0
20	__rnase_site_ext	5.4	0.0	0.0
20	p0	0.8	0.0	0.0
20	p1	0.6	0.0	0.0
20	p2	0.6	0.0	0.0
20	protein1	21.6	4.2	3.1266666
20	protein2	4.8	3.8	2.7033334
20	protein3	1.2	0.2	0.6
20	r2	0.2	0.0	0.0
20	rnapol	1.0	0.0	0.0
21	__protein1_rbs	1.8	0.0	0.0
21	__protein2_rbs	1.2	0.0	0.0
21	__protein3_rbs	0.0	0.0	0.0
21	__ribosome	74.6	0.0	0.0
21	__rnase_site_ext	5.6	0.0	0.0
21	p0	0.6	0.0	0.0
21	p1	0.8	0.0	0.0
21	p2	0.6	0.0	0.0
21	protein1	23.6	4.2	3.1900000000000004
21	protein2	6.0	4.0	2.89
21	protein3	1.4	0.2	0.4
21	r2	0.2	0.0	0.0
21	rnapol	1.0	0.0	0.0
22	__protein1_rbs	2.6	0.0	0.0
22	__protein2_rbs	2.0	0.0	0.0
22	__protein3_rbs	0.0	0.0	0.0
22	__ribosome	75.4	0.0	0.0
22	__rnase_site_ext	6.0	0.0	0.0
22	p0	1.0	0.0	0.0
22	p1	0.6	0.0	0.0
22	p2	0.4	0.0	0.0
22	protein1	26.6	4.4	2.8133332
22	protein2	7.8	4.2	2.81
22	protein3	1.4	0.2	0.6
22	r2	0.4	0.0	0.0
22	rnapol	1.2	0.0	0.0
23	__protein1_rbs	1.2	0.0	0.0
23	__protein2_rbs	1.8	0.0	0.0
23	__protein3_rbs	0.0	0.0	0.0
23	__ribosome	73.6	0.0	0.0
23	__rnase_site_ext	6.2	0.0	0.0
23	p0	0.8	0.0	0.0
23	p1	0.8	0.0	0.0
23	p2	1.0	0.0	0.0
23	protein1	29.4	4.8	2.6766666
23	protein2	9.6	4.4	2.9666666
23	protein3	1.6	0.2	0.6
23	r2	0.6	0.0	0.0
23	rnapol	1.4	0.0	0.0
24	__protein1_rbs	2.0	0.0	0.0
24	__protein2_rbs	1.2	0.0	0.0
24	__protein3_rbs	0.0	0.0	0.0
24	__ribosome	73.6	0.0	0.0
24	__rnase_site_ext	6.4	0.0	0.0
24	p0	0.6	0.0	0.0
24	p1	1.0	0.0	0.0
24	p2	1.0	0.0	0.0
24	protein1	31.8	5.0	2.6014286
24	protein2	12.8	4.4	2.7666666
24	protein3	1.6	0.6	1.2
24	r2	0.6	0.0	0.0
24	rnapol	1.2	0.0	0.0
25	__protein1_rbs	1.8	0.0	0.0
25	__protein2_rbs	2.2	0.0	0.0
25	__protein3_rbs	0.2	0.0	0.0
25	__ribosome	73.0	0.0	0.0
25	__rnase_site_ext	7.0	0.0	0.0
25	p0	0.6	0.0	0.0
25	p1	1.0	0.0	0.0
25	p2	0.8	0.0	0.0
25	protein1	34.0	4.8	2.8214286
25	protein2	15.0	4.6	2.6466666
25	protein3	1.6	0.6	1.4
25	r2	0.8	0.0	0.0
25	rnapol	0.8	0.0	0.0
26	__protein1_rbs	1.8	0.0	0.0
26	__protein2_rbs	1.6	0.0	0.0
26	__protein3_rbs	0.2	0.0	0.0
26	__ribosome	71.6	0.0	0.0
26	__rnase_site_ext	7.0	0.0	0.0
26	p0	0.8	0.0	0.0
26	p1	1.0	0.0	0.0
26	p2	0.6	0.0	0.0
26	protein1	36.2	5.2	2.785
26	protein2	17.0	4.6	2.66
26	protein3	1.8	0.8	1.5
26	r2	0.8	0.0	0.0
26	rnapol	0.6	0.0	0.0
27	__protein1_rbs	2.8	0.0	0.0
27	__protein2_rbs	0.8	0.0	0.0
27	__protein3_rbs	0.2	0.0	0.0
27	__ribosome	69.6	0.0	0.0
27	__rnase_site_ext	7.2	0.0	0.0
27	p0	1.0	0.0	0.0
27	p1	0.8	0.0	0.0
27	p2	0.8	0.0	0.0
27	protein1	38.6	5.6	2.5983334
27	protein2	19.2	4.6	2.9666666
27	protein3	2.0	0.8	1.7
27	r2	0.8	0.0	0.0
27	rnapol	0.8	0.0	0.0
28	__protein1_rbs	2.2	0.0	0.0
28	__protein2_rbs	2.4	0.0	0.0
28	__protein3_rbs	0.0	0.0	0.0
28	__ribosome	68.6	0.0	0.0
28	__rnase_site_ext	7.4	0.0	0.0
28	p0	0.6	0.0	0.0
28	p1	0.8	0.0	0.0
28	p2	0.8	0.0	0.0
28	protein1	41.8	5.8	2.6283332
28	protein2	21.2	4.6	2.95
28	protein3	2.2	0.8	1.9
28	r2	0.8	0.0	0.0
28	rnapol	1.0	0.0	0.0
29	__protein1_rbs	2.8	0.0	0.0
29	__protein2_rbs	2.8	0.0	0.0
29	__protein3_rbs	0.6	0.0	0.0
29	__ribosome	70.2	0.0	0.0
29	__rnase_site_ext	7.6	0.0	0.0
29	p0	0.8	0.0	0.0
29	p1	0.6	0.0	0.0
29	p2	0.8	0.0	0.0
29	protein1	44.4	6.0	2.55
29	protein2	24.2	4.8	2.54
29	protein3	2.6	0.8	1.6
29	r2	0.8	0.0	0.0
29	rnapol	0.8	0.0	0.0
30	__protein1_rbs	3.2	0.0	0.0
30	__protein2_rbs	1.6	0.0	0.0
30	__protein3_rbs	0.2	0.0	0.0
30	__ribosome	68.6	0.0	0.0
30	__rnase_site_ext	7.4	0.0	0.0
30	p0	1.0	0.0	0.0
30	p1	0.6	0.0	0.0
30	p2	1.0	0.0	0.0
30	protein1	47.2	6.2	2.5357142
30	protein2	26.0	5.0	2.7666668000000003
30	protein3	3.4	1.0	1.4
30	r2	1.0	0.0	0.0
30	rnapol	0.8	0.0	0.0
31	__protein1_rbs	2.6	0.0	0.0
31	__protein2_rbs	1.8	0.0	0.0
31	__protein3_rbs	1.0	0.0	0.0
31	__ribosome	68.6	0.0	0.0
31	__rnase_site_ext	7.8	0.0	0.0
31	p0	0.6	0.0	0.0
31	p1	0.6	0.0	0.0
31	p2	1.0	0.0	0.0
31	protein1	50.4	6.2	2.534524
31	protein2	29.0	4.8	2.8866666000000003
31	protein3	3.8	1.0	1.2
31	r2	1.0	0.0	0.0
31	rnapol	0.6	0.0	0.0
32	__protein1_rbs	1.6	0.0	0.0
32	__protein2_rbs	1.8	0.0	0.0
32	__protein3_rbs	0.4	0.0	0.0
32	__ribosome	66.6	0.0	0.0
32	__rnase_site_ext	7.6	0.0	0.0
32	p0	1.0	0.0	0.0
32	p1	0.6	0.0	0.0
32	p2	1.0	0.0	0.0
32	protein1	53.4	6.2	2.7607142000000002
32	protein2	31.4	5.2	2.7133334
32	protein3	4.4	1.0	1.2666666000000002
32	r2	1.0	0.0	0.0
32	rnapol	0.6	0.0	0.0
33	__protein1_rbs	2.2	0.0	0.0
33	__protein2_rbs	2.2	0.0	0.0
33	__protein3_rbs	0.2	0.0	0.0
33	__ribosome	65.8	0.0	0.0
33	__rnase_site_ext	7.8	0.0	0.0
33	p0	0.8	0.0	0.0
33	p1	0.6	0.0	0.0
33	p2	0.8	0.0	0.0
33	protein1	56.8	6.6	2.6928572
33	protein2	34.0	5.2	2.7042857999999996
33	protein3	4.8	1.0	1.4666666000000002
33	r2	1.2	0.0	0.0
33	rnapol	0.4	0.0	0.0
34	__protein1_rbs	4.0	0.0	0.0
34	__protein2_rbs	2.2	0.0	0.0
34	__protein3_rbs	0.4	0.0	0.0
34	__ribosome	65.0	0.0	0.0
34	__rnase_site_ext	7.8	0.0	0.0
34	p0	1.0	0.0	0.0
34	p1	0.8	0.0	0.0
34	p2	0.8	0.0	0.0
34	protein1	59.8	6.4	2.6107144
34	protein2	36.0	5.6	2.795
34	protein3	4.8	1.2	1.9333334
34	r2	1.2	0.0	0.0
34	rnapol	0.6	0.0	0.0
35	__protein1_rbs	2.2	0.0	0.0
35	__protein2_rbs	3.0	0.0	0.0
35	__protein3_rbs	0.8	0.0	0.0
35	__ribosome	64.8	0.0	0.0
35	__rnase_site_ext	8.0	0.0	0.0
35	p0	0.8	0.0	0.0
35	p1	0.6	0.0	0.0
35	p2	0.8	0.0	0.0
35	protein1	62.6	6.6	2.6490478
35	protein2	39.0	6.0	2.53
35	protein3	5.8	1.2	1.6666666
35	r2	1.2	0.0	0.0
35	rnapol	0.6	0.0	0.0
36	__protein1_rbs	2.0	0.0	0.0
36	__protein2_rbs	2.6	0.0	0.0
36	__protein3_rbs	0.6	0.0	0.0
36	__ribosome	63.0	0.0	0.0
36	__rnase_site_ext	8.0	0.0	0.0
36	p0	0.8	0.0	0.0
36	p1	0.6	0.0	0.0
36	p2	0.6	0.0	0.0
36	protein1	66.0	6.8	2.795238
36	protein2	42.2	6.0	2.5683332
36	protein3	6.0	1.2	1.8666666
36	r2	1.2	0.0	0.0
36	rnapol	0.6	0.0	0.0
37	__protein1_rbs	3.8	0.0	0.0
37	__protein2_rbs	2.8	0.0	0.0
37	__protein3_rbs	0.4	0.0	0.0
37	__ribosome	63.2	0.0	0.0
37	__rnase_site_ext	8.4	0.0	0.0
37	p0	0.8	0.0	0.0
37	p1	0.4	0.0	0.0
37	p2	0.8	0.0	0.0
37	protein1	69.8	7.0	2.555
37	protein2	44.8	6.2	2.5583334
37	protein3	6.8	1.2	1.9333334
37	r2	1.2	0.0	0.0
37	rnapol	0.6	0.0	0.0
38	__protein1_rbs	2.8	0.0	0.0
38	__protein2_rbs	2.8	0.0	0.0
38	__protein3_rbs	0.4	0.0	0.0
38	__ribosome	61.6	0.0	0.0
38	__rnase_site_ext	8.8	0.0	0.0
38	p0	0.6	0.0	0.0
38	p1	0.6	0.0	0.0
38	p2	0.6	0.0	0.0
38	protein1	73.6	7.0	2.6650794
38	protein2	47.6	6.6	2.559762
38	protein3	7.0	1.2	2.2666666
38	r2	1.2	0.0	0.0
38	rnapol	0.6	0.0	0.0
39	__protein1_rbs	3.4	0.0	0.0
39	__protein2_rbs	2.8	0.0	0.0
39	__protein3_rbs	0.6	0.0	0.0
39	__ribosome	60.0	0.0	0.0
39	__rnase_site_ext	9.0	0.0	0.0
39	p0	1.0	0.0	0.0
39	p1	0.8	0.0	0.0
39	p2	0.4	0.0	0.0
39	protein1	75.8	7.2	2.7711906
39	protein2	50.6	6.8	2.4845238000000003
39	protein3	8.0	1.2	2.0
39	r2	1.2	0.0	0.0
39	rnapol	0.6	0.0	0.0
40	__protein1_rbs	2.8	0.0	0.0
40	__protein2_rbs	3.6	0.0	0.0
40	__protein3_rbs	0.4	0.0	0.0
40	__ribosome	57.8	0.0	0.0
40	__rnase_site_ext	9.0	0.0	0.0
40	p0	0.8	0.0	0.0
40	p1	0.8	0.0	0.0
40	p2	0.8	0.0	0.0
40	protein1	80.0	7.4	2.7328572
40	protein2	52.6	7.4	2.5309524
40	protein3	8.6	1.2	2.2
40	r2	1.2	0.0	0.0
40	rnapol	0.6	0.0	0.0
41	__protein1_rbs	3.0	0.0	0.0
41	__protein2_rbs	3.4	0.0	0.0
41	__protein3_rbs	1.2	0.0	0.0
41	__ribosome	57.0	0.0	0.0
41	__rnase_site_ext	9.2	0.0	0.0
41	p0	0.8	0.0	0.0
41	p1	0.8	0.0	0.0
41	p2	0.8	0.0	0.0
41	protein1	84.0	7.6	2.7211906000000003
41	protein2	56.6	7.4	2.645
41	protein3	9.0	1.2	2.0
41	r2	1.2	0.0	0.0
41	rnapol	0.4	0.0	0.0
42	__protein1_rbs	3.8	0.0	0.0
42	__protein2_rbs	2.6	0.0	0.0
42	__protein3_rbs	0.2	0.0	0.0
42	__ribosome	55.4	0.0	0.0
42	__rnase_site_ext	9.2	0.0	0.0
42	p0	0.8	0.0	0.0
42	p1	1.0	0.0	0.0
42	p2	0.6	0.0	0.0
42	protein1	87.4	7.8	2.7375542
42	protein2	59.6	7.4	2.755
42	protein3	9.6	1.2	2.2666666
42	r2	1.4	0.0	0.0
42	rnapol	0.2	0.0	0.0
43	__protein1_rbs	4.2	0.0	0.0
43	__protein2_rbs	2.4	0.0	0.0
43	__protein3_rbs	0.8	0.0	0.0
43	__ribosome	55.4	0.0	0.0
43	__rnase_site_ext	9.2	0.0	0.0
43	p0	1.0	0.0	0.0
43	p1	0.6	0.0	0.0
43	p2	0.4	0.0	0.0
43	protein1	91.6	7.8	2.6066666
43	protein2	63.2	7.6	2.7916666
43	protein3	10.4	1.4	1.7
43	r2	1.6	0.0	0.0
43	rnapol	0.2	0.0	0.0
44	__protein1_rbs	4.2	0.0	0.0
44	__protein2_rbs	3.2	0.0	0.0
44	__protein3_rbs	0.6	0.0	0.0
44	__ribosome	56.4	0.0	0.0
44	__rnase_site_ext	9.2	0.0	0.0
44	p0	1.0	0.0	0.0
44	p1	0.8	0.0	0.0
44	p2	0.4	0.0	0.0
44	protein1	96.2	7.8	2.4623807999999996
44	protein2	67.0	7.6	2.7916666
44	protein3	11.2	1.4	2.0
44	r2	1.6	0.0	0.0
44	rnapol	0.4	0.0	0.0
45	__protein1_rbs	3.6	0.0	0.0
45	__protein2_rbs	4.0	0.0	0.0
45	__protein3_rbs	0.4	0.0	0.0
45	__ribosome	56.0	0.0	0.0
45	__rnase_site_ext	9.4	0.0	0.0
45	p0	0.8	0.0	0.0
45	p1	0.8	0.0	0.0
45	p2	0.8	0.0	0.0
45	protein1	99.6	7.8	2.4892857999999998
45	protein2	71.0	8.0	2.6027776000000005
45	protein3	12.0	1.6	2.3
45	r2	1.8	0.0	0.0
45	rnapol	0.6	0.0	0.0
46	__protein1_rbs	3.4	0.0	0.0
46	__protein2_rbs	3.6	0.0	0.0
46	__protein3_rbs	0.4	0.0	0.0
46	__ribosome	54.6	0.0	0.0
46	__rnase_site_ext	9.6	0.0	0.0
46	p0	0.8	0.0	0.0
46	p1	0.6	0.0	0.0
46	p2	1.0	0.0	0.0
46	protein1	104.0	7.8	2.4726192000000005
46	protein2	74.4	8.2	2.6805554000000003
46	protein3	12.4	1.6	2.6666666
46	r2	2.0	0.0	0.0
46	rnapol	0.4	0.0	0.0
47	__protein1_rbs	3.6	0.0	0.0
47	__protein2_rbs	3.4	0.0	0.0
47	__protein3_rbs	1.2	0.0	0.0
47	__ribosome	54.0	0.0	0.0
47	__rnase_site_ext	9.6	0.0	0.0
47	p0	1.0	0.0	0.0
47	p1	0.6	0.0	0.0
47	p2	0.8	0.0	0.0
47	protein1	107.6	8.4	2.3581168
47	protein2	79.2	8.2	2.5944446
47	protein3	13.0	2.0	2.5333332000000004
47	r2	2.2	0.0	0.0
47	rnapol	0.6	0.0	0.0
48	__protein1_rbs	3.2	0.0	0.0
48	__protein2_rbs	3.4	0.0	0.0
48	__protein3_rbs	1.0	0.0	0.0
48	__ribosome	52.6	0.0	0.0
48	__rnase_site_ext	9.6	0.0	0.0
48	p0	1.0	0.0	0.0
48	p1	0.6	0.0	0.0
48	p2	0.8	0.0	0.0
48	protein1	111.4	8.2	2.5742858
48	protein2	83.0	8.2	2.6222222
48	protein3	14.2	2.2	2.2666666
48	r2	2.4	0.0	0.0
48	rnapol	0.8	0.0	0.0
49	__protein1_rbs	3.2	0.0	0.0
49	__protein2_rbs	4.6	0.0	0.0
49	__protein3_rbs	0.8	0.0	0.0
49	__ribosome	52.0	0.0	0.0
49	__rnase_site_ext	9.6	0.0	0.0
49	p0	1.0	0.0	0.0
49	p1	0.4	0.0	0.0
49	p2	0.8	0.0	0.0
49	protein1	114.6	8.2	2.7642857999999997
49	protein2	88.8	8.4	2.2866666
49	protein3	14.6	2.2	2.9333334
49	r2	2.4	0.0	0.0
49	rnapol	1.0	0.0	0.0
50	__protein1_rbs	5.2	0.0	0.0
50	__protein2_rbs	3.8	0.0	0.0
50	__protein3_rbs	0.6	0.0	0.0
50	__ribosome	50.8	0.0	0.0
50	__rnase_site_ext	9.8	0.0	0.0
50	p0	1.0	0.0	0.0
50	p1	0.8	0.0	0.0
50	p2	1.0	0.0	0.0
50	protein1	118.4	8.2	2.745
50	protein2	92.0	8.6	2.3988888000000004
50	protein3	15.8	2.4	2.5999998
50	r2	2.4	0.0	0.0
50	rnapol	1.2	0.0	0.0
51	__protein1_rbs	3.0	0.0	0.0
51	__protein2_rbs	4.8	0.0	0.0
51	__protein3_rbs	1.4	0.0	0.0
51	__ribosome	49.6	0.0	0.0
51	__rnase_site_ext	9.6	0.0	0.0
51	p0	1.0	0.0	0.0
51	p1	1.0	0.0	0.0
51	p2	0.8	0.0	0.0
51	protein1	122.0	8.4	2.8380952
51	protein2	96.0	8.6	2.4432540000000005
51	protein3	16.8	2.4	2.5333334
51	r2	2.4	0.0	0.0
51	rnapol	1.4	0.0	0.0
52	__protein1_rbs	4.4	0.0	0.0
52	__protein2_rbs	4.4	0.0	0.0
52	__protein3_rbs	0.8	0.0	0.0
52	__ribosome	50.4	0.0	0.0
52	__rnase_site_ext	10.8	0.0	0.0
52	p0	0.4	0.0	0.0
52	p1	0.8	0.0	0.0
52	p2	0.8	0.0	0.0
52	protein1	127.4	8.0	2.6829363999999996
52	protein2	99.8	8.8	2.4373737999999996
52	protein3	17.8	2.4	2.8666666000000003
52	r2	2.4	0.0	0.0
52	rnapol	0.8	0.0	0.0
53	__protein1_rbs	3.4	0.0	0.0
53	__protein2_rbs	3.6	0.0	0.0
53	__protein3_rbs	0.6	0.0	0.0
53	__ribosome	48.6	0.0	0.0
53	__rnase_site_ext	10.8	0.0	0.0
53	p0	1.0	0.0	0.0
53	p1	0.6	0.0	0.0
53	p2	0.6	0.0	0.0
53	protein1	131.8	8.4	2.6142856
53	protein2	103.8	8.8	2.5265152000000004
53	protein3	18.8	2.4	3.1666666
53	r2	2.4	0.0	0.0
53	rnapol	0.8	0.0	0.0
54	__protein1_rbs	4.0	0.0	0.0
54	__protein2_rbs	5.8	0.0	0.0
54	__protein3_rbs	1.0	0.0	0.0
54	__ribosome	51.6	0.0	0.0
54	__rnase_site_ext	11.0	0.0	0.0
54	p0	1.0	0.0	0.0
54	p1	0.8	0.0	0.0
54	p2	1.0	0.0	0.0
54	protein1	137.2	8.8	2.363889
54	protein2	108.4	9.2	2.2055554
54	protein3	20.0	2.4	3.1999998
54	r2	2.4	0.0	0.0
54	rnapol	1.2	0.0	0.0
55	__protein1_rbs	3.6	0.0	0.0
55	__protein2_rbs	4.6	0.0	0.0
55	__protein3_rbs	0.6	0.0	0.0
55	__ribosome	49.4	0.0	0.0
55	__rnase_site_ext	11.2	0.0	0.0
55	p0	0.6	0.0	0.0
55	p1	1.0	0.0	0.0
55	p2	0.8	0.0	0.0
55	protein1	140.2	8.6	2.6583332000000004
55	protein2	112.6	9.2	2.2499998
55	protein3	21.8	2.4	2.9666666
55	r2	2.4	0.0	0.0
55	rnapol	1.2	0.0	0.0
56	__protein1_rbs	4.8	0.0	0.0
56	__protein2_rbs	5.2	0.0	0.0
56	__protein3_rbs	1.6	0.0	0.0
56	__ribosome	50.0	0.0	0.0
56	__rnase_site_ext	11.8	0.0	0.0
56	p0	0.6	0.0	0.0
56	p1	1.0	0.0	0.0
56	p2	1.0	0.0	0.0
56	protein1	144.8	8.8	2.5666667999999997
56	protein2	117.2	9.4	2.1966666
56	protein3	22.8	2.4	2.9666666
56	r2	2.6	0.0	0.0
56	rnapol	1.2	0.0	0.0
57	__protein1_rbs	4.8	0.0	0.0
57	__protein2_rbs	4.0	0.0	0.0
57	__protein3_rbs	1.6	0.0	0.0
57	__ribosome	49.6	0.0	0.0
57	__rnase_site_ext	12.0	0.0	0.0
57	p0	0.6	0.0	0.0
57	p1	0.8	0.0	0.0
57	p2	1.0	0.0	0.0
57	protein1	149.4	9.2	2.4494444
57	protein2	120.8	9.4	2.33
57	protein3	24.8	2.6	2.3
57	r2	2.4	0.0	0.0
57	rnapol	0.8	0.0	0.0
58	__protein1_rbs	4.6	0.0	0.0
58	__protein2_rbs	4.2	0.0	0.0
58	__protein3_rbs	1.6	0.0	0.0
58	__ribosome	48.0	0.0	0.0
58	__rnase_site_ext	12.4	0.0	0.0
58	p0	0.6	0.0	0.0
58	p1	1.0	0.0	0.0
58	p2	0.8	0.0	0.0
58	protein1	152.4	9.4	2.6244444
58	protein2	125.4	9.4	2.3288888
58	protein3	26.4	2.4	2.3333334
58	r2	2.4	0.0	0.0
58	rnapol	0.4	0.0	0.0
59	__protein1_rbs	6.0	0.0	0.0
59	__protein2_rbs	4.4	0.0	0.0
59	__protein3_rbs	0.6	0.0	0.0
59	__ribosome	47.4	0.0	0.0
59	__rnase_site_ext	12.4	0.0	0.0
59	p0	0.8	0.0	0.0
59	p1	0.6	0.0	0.0
59	p2	1.0	0.0	0.0
59	protein1	157.4	9.8	2.3888887999999997
59	protein2	129.2	9.6	2.44
59	protein3	27.8	2.4	2.5
59	r2	2.2	0.0	0.0
59	rnapol	0.6	0.0	0.0
60	__protein1_rbs	6.2	0.0	0.0
60	__protein2_rbs	4.6	0.0	0.0
60	__protein3_rbs	1.2	0.0	0.0
60	__ribosome	48.4	0.0	0.0
60	__rnase_site_ext	12.6	0.0	0.0
60	p0	1.0	0.0	0.0
60	p1	0.2	0.0	0.0
60	p2	0.6	0.0	0.0
60	protein1	163.2	10.0	2.18
60	protein2	133.0	9.4	2.5977272
60	protein3	29.0	2.2	2.5
60	r2	2.2	0.0	0.0
60	rnapol	0.6	0.0	0.0
61	__protein1_rbs	6.0	0.0	0.0
61	__protein2_rbs	3.4	0.0	0.0
61	__protein3_rbs	1.6	0.0	0.0
61	__ribosome	46.2	0.0	0.0
61	__rnase_site_ext	12.8	0.0	0.0
61	p0	1.0	0.0	0.0
61	p1	0.6	0.0	0.0
61	p2	0.8	0.0	0.0
61	protein1	167.0	10.2	2.1963636
61	protein2	136.8	9.4	2.7754546
61	protein3	30.0	2.2	2.4333334
61	r2	2.0	0.0	0.0
61	rnapol	0.6	0.0	0.0
62	__protein1_rbs	4.4	0.0	0.0
62	__protein2_rbs	4.2	0.0	0.0
62	__protein3_rbs	1.0	0.0	0.0
62	__ribosome	45.6	0.0	0.0
62	__rnase_site_ext	12.8	0.0	0.0
62	p0	0.8	0.0	0.0
62	p1	0.6	0.0	0.0
62	p2	1.0	0.0	0.0
62	protein1	171.6	10.4	2.2890908
62	protein2	142.6	10.0	2.5363636
62	protein3	31.2	2.0	2.7666666
62	r2	2.0	0.0	0.0
62	rnapol	0.6	0.0	0.0
63	__protein1_rbs	4.4	0.0	0.0
63	__protein2_rbs	5.8	0.0	0.0
63	__protein3_rbs	0.6	0.0	0.0
63	__ribosome	44.8	0.0	0.0
63	__rnase_site_ext	13.0	0.0	0.0
63	p0	0.8	0.0	0.0
63	p1	0.6	0.0	0.0
63	p2	0.8	0.0	0.0
63	protein1	176.8	10.4	2.3290908000000003
63	protein2	146.8	10.2	2.4828284
63	protein3	32.2	2.0	2.8333334
63	r2	2.0	0.0	0.0
63	rnapol	0.4	0.0	0.0
64	__protein1_rbs	5.0	0.0	0.0
64	__protein2_rbs	4.4	0.0	0.0
64	__protein3_rbs	1.0	0.0	0.0
64	__ribosome	45.4	0.0	0.0
64	__rnase_site_ext	13.2	0.0	0.0
64	p0	0.8	0.0	0.0
64	p1	0.4	0.0	0.0
64	p2	1.0	0.0	0.0
64	protein1	181.6	10.6	2.2809090000000003
64	protein2	152.0	10.2	2.4909092
64	protein3	33.6	2.0	2.5
64	r2	2.2	0.0	0.0
64	rnapol	0.4	0.0	0.0
65	__protein1_rbs	6.0	0.0	0.0
65	__protein2_rbs	5.0	0.0	0.0
65	__protein3_rbs	0.6	0.0	0.0
65	__ribosome	43.4	0.0	0.0
65	__rnase_site_ext	13.2	0.0	0.0
65	p0	1.0	0.0	0.0
65	p1	0.4	0.0	0.0
65	p2	0.6	0.0	0.0
65	protein1	185.2	10.8	2.341818
65	protein2	156.8	10.6	2.3979798
65	protein3	34.6	2.2	2.7
65	r2	2.2	0.0	0.0
65	rnapol	0.4	0.0	0.0
66	__protein1_rbs	4.8	0.0	0.0
66	__protein2_rbs	4.6	0.0	0.0
66	__protein3_rbs	1.0	0.0	0.0
66	__ribosome	41.4	0.0	0.0
66	__rnase_site_ext	13.2	0.0	0.0
66	p0	0.8	0.0	0.0
66	p1	0.4	0.0	0.0
66	p2	0.6	0.0	0.0
66	protein1	189.6	11.0	2.4239396
66	protein2	162.2	10.8	2.4051514000000003
66	protein3	35.2	2.2	2.7
66	r2	2.2	0.0	0.0
66	rnapol	0.4	0.0	0.0
67	__protein1_rbs	7.0	0.0	0.0
67	__protein2_rbs	6.6	0.0	0.0
67	__protein3_rbs	1.2	0.0	0.0
67	__ribosome	42.6	0.0	0.0
67	__rnase_site_ext	13.4	0.0	0.0
67	p0	1.0	0.0	0.0
67	p1	0.8	0.0	0.0
67	p2	0.6	0.0	0.0
67	protein1	195.2	11.0	2.3642424
67	protein2	167.0	11.2	2.3
67	protein3	36.4	2.2	2.6333333999999997
67	r2	2.2	0.0	0.0
67	rnapol	0.6	0.0	0.0
68	__protein1_rbs	6.2	0.0	0.0
68	__protein2_rbs	4.8	0.0	0.0
68	__protein3_rbs	1.0	0.0	0.0
68	__ribosome	42.2	0.0	0.0
68	__rnase_site_ext	13.4	0.0	0.0
68	p0	0.8	0.0	0.0
68	p1	0.6	0.0	0.0
68	p2	1.0	0.0	0.0
68	protein1	200.4	11.2	2.31
68	protein2	172.4	11.4	2.3242422
68	protein3	37.8	2.2	2.5333334
68	r2	2.2	0.0	0.0
68	rnapol	0.4	0.0	0.0
69	__protein1_rbs	5.6	0.0	0.0
69	__protein2_rbs	6.2	0.0	0.0
69	__protein3_rbs	1.0	0.0	0.0
69	__ribosome	40.6	0.0	0.0
69	__rnase_site_ext	13.4	0.0	0.0
69	p0	1.0	0.0	0.0
69	p1	0.8	0.0	0.0
69	p2	0.6	0.0	0.0
69	protein1	204.4	11.4	2.425641
69	protein2	177.4	11.4	2.3060606
69	protein3	38.8	2.2	2.5333334
69	r2	2.2	0.0	0.0
69	rnapol	0.4	0.0	0.0
70	__protein1_rbs	6.6	0.0	0.0
70	__protein2_rbs	5.6	0.0	0.0
70	__protein3_rbs	1.2	0.0	0.0
70	__ribosome	40.6	0.0	0.0
70	__rnase_site_ext	13.8	0.0	0.0
70	p0	0.6	0.0	0.0
70	p1	0.8	0.0	0.0
70	p2	0.8	0.0	0.0
70	protein1	210.4	11.4	2.2823076
70	protein2	182.2	11.6	2.4149184000000004
70	protein3	39.8	2.2	2.5333334
70	r2	2.0	0.0	0.0
70	rnapol	0.6	0.0	0.0
71	__protein1_rbs	8.0	0.0	0.0
71	__protein2_rbs	6.4	0.0	0.0
71	__protein3_rbs	1.0	0.0	0.0
71	__ribosome	43.0	0.0	0.0
71	__rnase_site_ext	13.6	0.0	0.0
71	p0	1.0	0.0	0.0
71	p1	0.6	0.0	0.0
71	p2	0.4	0.0	0.0
71	protein1	215.6	11.8	2.1773658
71	protein2	188.4	11.4	2.311958
71	protein3	41.0	2.0	3.0666666
71	r2	2.2	0.0	0.0
71	rnapol	0.8	0.0	0.0
72	__protein1_rbs	7.2	0.0	0.0
72	__protein2_rbs	5.4	0.0	0.0
72	__protein3_rbs	1.8	0.0	0.0
72	__ribosome	40.8	0.0	0.0
72	__rnase_site_ext	13.6	0.0	0.0
72	p0	0.8	0.0	0.0
72	p1	0.8	0.0	0.0
72	p2	0.6	0.0	0.0
72	protein1	220.8	11.8	2.1617482000000003
72	protein2	191.6	11.6	2.5542857999999997
72	protein3	42.2	2.4	2.25
72	r2	2.0	0.0	0.0
72	rnapol	0.8	0.0	0.0
73	__protein1_rbs	5.4	0.0	0.0
73	__protein2_rbs	5.0	0.0	0.0
73	__protein3_rbs	1.0	0.0	0.0
73	__ribosome	39.8	0.0	0.0
73	__rnase_site_ext	14.0	0.0	0.0
73	p0	0.8	0.0	0.0
73	p1	0.6	0.0	0.0
73	p2	0.8	0.0	0.0
73	protein1	226.0	11.6	2.307599
73	protein2	198.8	11.6	2.474026
73	protein3	43.0	2.0	2.6666666
73	r2	2.0	0.0	0.0
73	rnapol	0.8	0.0	0.0
74	__protein1_rbs	6.8	0.0	0.0
74	__protein2_rbs	6.8	0.0	0.0
74	__protein3_rbs	0.8	0.0	0.0
74	__ribosome	40.2	0.0	0.0
74	__rnase_site_ext	14.4	0.0	0.0
74	p0	0.6	0.0	0.0
74	p1	0.8	0.0	0.0
74	p2	0.8	0.0	0.0
74	protein1	231.2	11.8	2.1607692000000003
74	protein2	202.6	11.8	2.4987012
74	protein3	44.0	2.0	2.6
74	r2	2.0	0.0	0.0
74	rnapol	0.4	0.0	0.0
75	__protein1_rbs	7.6	0.0	0.0
75	__protein2_rbs	7.2	0.0	0.0
75	__protein3_rbs	0.6	0.0	0.0
75	__ribosome	42.6	0.0	0.0
75	__rnase_site_ext	14.4	0.0	0.0
75	p0	1.0	0.0	0.0
75	p1	0.8	0.0	0.0
75	p2	0.8	0.0	0.0
75	protein1	236.4	12.2	2.0523808
75	protein2	209.0	11.8	2.3792208
75	protein3	45.8	2.0	inf
75	r2	2.2	0.0	0.0
75	rnapol	0.4	0.0	0.0
76	__protein1_rbs	7.2	0.0	0.0
76	__protein2_rbs	6.2	0.0	0.0
76	__protein3_rbs	0.6	0.0	0.0
76	__ribosome	40.4	0.0	0.0
76	__rnase_site_ext	14.2	0.0	0.0
76	p0	0.8	0.0	0.0
76	p1	0.8	0.0	0.0
76	p2	0.8	0.0	0.0
76	protein1	240.6	12.6	2.11675
76	protein2	214.8	11.8	2.3221444
76	protein3	46.4	2.2	inf
76	r2	2.2	0.0	0.0
76	rnapol	0.2	0.0	0.0
77	__protein1_rbs	7.0	0.0	0.0
77	__protein2_rbs	6.2	0.0	0.0
77	__protein3_rbs	1.8	0.0	0.0
77	__ribosome	42.4	0.0	0.0
77	__rnase_site_ext	14.2	0.0	0.0
77	p0	0.8	0.0	0.0
77	p1	0.6	0.0	0.0
77	p2	1.0	0.0	0.0
77	protein1	246.6	12.6	2.069081
77	protein2	221.0	11.8	2.2762238
77	protein3	47.2	2.2	inf
77	r2	2.2	0.0	0.0
77	rnapol	0.4	0.0	0.0
78	__protein1_rbs	5.8	0.0	0.0
78	__protein2_rbs	7.2	0.0	0.0
78	__protein3_rbs	0.6	0.0	0.0
78	__ribosome	41.2	0.0	0.0
78	__rnase_site_ext	14.4	0.0	0.0
78	p0	1.0	0.0	0.0
78	p1	1.0	0.0	0.0
78	p2	0.8	0.0	0.0
78	protein1	252.4	12.4	2.1495238
78	protein2	226.4	12.0	2.2002164
78	protein3	47.6	2.4	2.4333334
78	r2	2.2	0.0	0.0
78	rnapol	0.4	0.0	0.0
79	__protein1_rbs	5.2	0.0	0.0
79	__protein2_rbs	7.0	0.0	0.0
79	__protein3_rbs	1.4	0.0	0.0
79	__ribosome	40.2	0.0	0.0
79	__rnase_site_ext	14.6	0.0	0.0
79	p0	1.0	0.0	0.0
79	p1	1.0	0.0	0.0
79	p2	0.8	0.0	0.0
79	protein1	257.2	12.4	2.302381
79	protein2	231.6	12.4	2.1076257999999997
79	protein3	48.8	2.2	2.6
79	r2	2.4	0.0	0.0
79	rnapol	0.6	0.0	0.0
80	__protein1_rbs	5.8	0.0	0.0
80	__protein2_rbs	7.6	0.0	0.0
80	__protein3_rbs	1.4	0.0	0.0
80	__ribosome	39.2	0.0	0.0
80	__rnase_site_ext	14.4	0.0	0.0
80	p0	1.0	0.0	0.0
80	p1	1.0	0.0	0.0
80	p2	0.6	0.0	0.0
80	protein1	262.2	12.4	2.4519048
80	protein2	237.0	12.4	2.0396270000000003
80	protein3	49.8	2.4	2.4833334
80	r2	2.6	0.0	0.0
80	rnapol	0.8	0.0	0.0
81	__protein1_rbs	4.6	0.0	0.0
81	__protein2_rbs	7.0	0.0	0.0
81	__protein3_rbs	1.2	0.0	0.0
81	__ribosome	37.8	0.0	0.0
81	__rnase_site_ext	14.8	0.0	0.0
81	p0	0.6	0.0	0.0
81	p1	0.4	0.0	0.0
81	p2	1.0	0.0	0.0
81	protein1	267.4	12.2	2.5959342
81	protein2	242.2	12.4	2.087296
81	protein3	51.4	2.6	2.0666666
81	r2	2.4	0.0	0.0
81	rnapol	0.6	0.0	0.0
82	__protein1_rbs	6.4	0.0	0.0
82	__protein2_rbs	6.2	0.0	0.0
82	__protein3_rbs	1.6	0.0	0.0
82	__ribosome	37.0	0.0	0.0
82	__rnase_site_ext	14.4	0.0	0.0
82	p0	0.6	0.0	0.0
82	p1	0.4	0.0	0.0
82	p2	0.8	0.0	0.0
82	protein1	272.6	12.2	2.5631134
82	protein2	247.6	12.4	2.151998
82	protein3	51.8	2.4	2.4
82	r2	2.4	0.0	0.0
82	rnapol	0.4	0.0	0.0
83	__protein1_rbs	7.8	0.0	0.0
83	__protein2_rbs	7.0	0.0	0.0
83	__protein3_rbs	1.2	0.0	0.0
83	__ribosome	36.6	0.0	0.0
83	__rnase_site_ext	15.0	0.0	0.0
83	p0	1.0	0.0	0.0
83	p1	0.6	0.0	0.0
83	p2	0.6	0.0	0.0
83	protein1	278.8	12.6	2.398135
83	protein2	252.2	13.0	2.1772228
83	protein3	53.2	2.4	2.2833334
83	r2	2.6	0.0	0.0
83	rnapol	0.4	0.0	0.0
84	__protein1_rbs	7.4	0.0	0.0
84	__protein2_rbs	7.0	0.0	0.0
84	__protein3_rbs	1.0	0.0	0.0
84	__ribosome	37.6	0.0	0.0
84	__rnase_site_ext	15.2	0.0	0.0
84	p0	0.8	0.0	0.0
84	p1	0.6	0.0	0.0
84	p2	0.8	0.0	0.0
84	protein1	285.4	12.6	2.3104396
84	protein2	257.6	13.4	2.1023808
84	protein3	54.2	2.4	2.2166666
84	r2	2.6	0.0	0.0
84	rnapol	0.4	0.0	0.0
85	__protein1_rbs	9.0	0.0	0.0
85	__protein2_rbs	7.8	0.0	0.0
85	__protein3_rbs	1.6	0.0	0.0
85	__ribosome	39.6	0.0	0.0
85	__rnase_site_ext	14.8	0.0	0.0
85	p0	1.0	0.0	0.0
85	p1	1.0	0.0	0.0
85	p2	0.8	0.0	0.0
85	protein1	291.4	12.6	2.1239928
85	protein2	263.2	13.6	2.0714286
85	protein3	54.8	2.6	2.05
85	r2	2.6	0.0	0.0
85	rnapol	0.6	0.0	0.0
86	__protein1_rbs	8.0	0.0	0.0
86	__protein2_rbs	7.0	0.0	0.0
86	__protein3_rbs	1.2	0.0	0.0
86	__ribosome	40.6	0.0	0.0
86	__rnase_site_ext	14.8	0.0	0.0
86	p0	0.8	0.0	0.0
86	p1	1.0	0.0	0.0
86	p2	1.0	0.0	0.0
86	protein1	298.4	12.6	1.9391939999999999
86	protein2	268.8	14.0	2.097143
86	protein3	56.0	2.6	2.1666666
86	r2	2.8	0.0	0.0
86	rnapol	0.6	0.0	0.0
87	__protein1_rbs	7.0	0.0	0.0
87	__protein2_rbs	8.4	0.0	0.0
87	__protein3_rbs	1.6	0.0	0.0
87	__ribosome	40.8	0.0	0.0
87	__rnase_site_ext	14.8	0.0	0.0
87	p0	1.0	0.0	0.0
87	p1	1.0	0.0	0.0
87	p2	0.6	0.0	0.0
87	protein1	304.0	12.4	1.9952048
87	protein2	274.4	14.0	2.0780952
87	protein3	57.2	2.8	2.08
87	r2	2.8	0.0	0.0
87	rnapol	0.6	0.0	0.0
88	__protein1_rbs	6.8	0.0	0.0
88	__protein2_rbs	8.6	0.0	0.0
88	__protein3_rbs	2.0	0.0	0.0
88	__ribosome	40.2	0.0	0.0
88	__rnase_site_ext	15.2	0.0	0.0
88	p0	0.6	0.0	0.0
88	p1	0.8	0.0	0.0
88	p2	0.6	0.0	0.0
88	protein1	308.8	12.2	2.1060606
88	protein2	280.2	14.0	2.0595236
88	protein3	58.2	2.8	1.82
88	r2	3.0	0.0	0.0
88	rnapol	0.6	0.0	0.0
89	__protein1_rbs	7.0	0.0	0.0
89	__protein2_rbs	6.6	0.0	0.0
89	__protein3_rbs	1.4	0.0	0.0
89	__ribosome	38.2	0.0	0.0
89	__rnase_site_ext	15.4	0.0	0.0
89	p0	0.8	0.0	0.0
89	p1	0.8	0.0	0.0
89	p2	0.8	0.0	0.0
89	protein1	314.6	12.2	2.0708124
89	protein2	285.4	13.8	2.2400734
89	protein3	59.4	3.0	2.0733334
89	r2	3.0	0.0	0.0
89	rnapol	1.0	0.0	0.0
90	__protein1_rbs	6.8	0.0	0.0
90	__protein2_rbs	6.8	0.0	0.0
90	__protein3_rbs	2.0	0.0	0.0
90	__ribosome	36.2	0.0	0.0
90	__rnase_site_ext	15.4	0.0	0.0
90	p0	0.8	0.0	0.0
90	p1	0.6	0.0	0.0
90	p2	0.4	0.0	0.0
90	protein1	318.4	12.8	2.0833334
90	protein2	292.2	14.0	2.2195237999999997
90	protein3	60.0	3.0	2.21
90	r2	2.8	0.0	0.0
90	rnapol	0.8	0.0	0.0
91	__protein1_rbs	8.2	0.0	0.0
91	__protein2_rbs	6.0	0.0	0.0
91	__protein3_rbs	1.2	0.0	0.0
91	__ribosome	36.0	0.0	0.0
91	__rnase_site_ext	15.4	0.0	0.0
91	p0	0.8	0.0	0.0
91	p1	0.6	0.0	0.0
91	p2	0.8	0.0	0.0
91	protein1	323.4	12.6	2.0454546
91	protein2	298.2	14.0	2.302381
91	protein3	61.6	2.8	inf
91	r2	2.8	0.0	0.0
91	rnapol	0.6	0.0	0.0
92	__protein1_rbs	7.8	0.0	0.0
92	__protein2_rbs	7.4	0.0	0.0
92	__protein3_rbs	1.8	0.0	0.0
92	__ribosome	36.2	0.0	0.0
92	__rnase_site_ext	15.2	0.0	0.0
92	p0	0.8	0.0	0.0
92	p1	0.8	0.0	0.0
92	p2	1.0	0.0	0.0
92	protein1	329.4	13.0	1.9233168
92	protein2	303.8	14.4	2.2775824000000005
92	protein3	62.4	2.8	inf
92	r2	2.8	0.0	0.0
92	rnapol	0.8	0.0	0.0
93	__protein1_rbs	7.4	0.0	0.0
93	__protein2_rbs	7.6	0.0	0.0
93	__protein3_rbs	1.6	0.0	0.0
93	__ribosome	34.8	0.0	0.0
93	__rnase_site_ext	15.4	0.0	0.0
93	p0	0.8	0.0	0.0
93	p1	0.8	0.0	0.0
93	p2	1.0	0.0	0.0
93	protein1	334.4	12.6	2.0343346
93	protein2	309.8	14.6	2.2866668
93	protein3	63.4	2.8	inf
93	r2	2.8	0.0	0.0
93	rnapol	0.6	0.0	0.0
94	__protein1_rbs	6.2	0.0	0.0
94	__protein2_rbs	8.2	0.0	0.0
94	__protein3_rbs	1.8	0.0	0.0
94	__ribosome	34.4	0.0	0.0
94	__rnase_site_ext	15.4	0.0	0.0
94	p0	0.8	0.0	0.0
94	p1	1.0	0.0	0.0
94	p2	0.8	0.0	0.0
94	protein1	339.6	12.8	2.0930252
94	protein2	316.2	14.6	2.2810257999999997
94	protein3	64.8	3.0	1.7933334
94	r2	3.2	0.0	0.0
94	rnapol	0.6	0.0	0.0
95	__protein1_rbs	6.6	0.0	0.0
95	__protein2_rbs	8.6	0.0	0.0
95	__protein3_rbs	2.2	0.0	0.0
95	__ribosome	34.0	0.0	0.0
95	__rnase_site_ext	15.4	0.0	0.0
95	p0	0.8	0.0	0.0
95	p1	0.8	0.0	0.0
95	p2	1.0	0.0	0.0
95	protein1	345.0	13.0	2.1423810000000003
95	protein2	323.2	14.4	2.2907054
95	protein3	66.0	3.2	1.7
95	r2	3.2	0.0	0.0
95	rnapol	0.6	0.0	0.0
96	__protein1_rbs	7.0	0.0	0.0
96	__protein2_rbs	7.8	0.0	0.0
96	__protein3_rbs	1.8	0.0	0.0
96	__ribosome	33.4	0.0	0.0
96	__rnase_site_ext	15.4	0.0	0.0
96	p0	0.8	0.0	0.0
96	p1	0.4	0.0	0.0
96	p2	0.6	0.0	0.0
96	protein1	349.8	13.0	2.2257144
96	protein2	330.4	14.4	2.226282
96	protein3	67.2	3.2	1.89
96	r2	3.2	0.0	0.0
96	rnapol	0.2	0.0	0.0
97	__protein1_rbs	7.6	0.0	0.0
97	__protein2_rbs	8.6	0.0	0.0
97	__protein3_rbs	1.6	0.0	0.0
97	__ribosome	35.0	0.0	0.0
97	__rnase_site_ext	15.6	0.0	0.0
97	p0	1.0	0.0	0.0
97	p1	0.6	0.0	0.0
97	p2	0.8	0.0	0.0
97	protein1	355.2	12.8	2.220093
97	protein2	337.0	14.8	2.0803754000000003
97	protein3	68.6	3.2	2.1
97	r2	3.2	0.0	0.0
97	rnapol	0.2	0.0	0.0
98	__protein1_rbs	7.8	0.0	0.0
98	__protein2_rbs	9.2	0.0	0.0
98	__protein3_rbs	1.6	0.0	0.0
98	__ribosome	36.4	0.0	0.0
98	__rnase_site_ext	15.8	0.0	0.0
98	p0	0.8	0.0	0.0
98	p1	0.4	0.0	0.0
98	p2	1.0	0.0	0.0
98	protein1	361.4	13.0	2.0986144
98	protein2	343.0	15.0	2.029643
98	protein3	70.2	3.2	2.05
98	r2	3.2	0.0	0.0
98	rnapol	0.4	0.0	0.0
99	__protein1_rbs	7.2	0.0	0.0
99	__protein2_rbs	8.6	0.0	0.0
99	__protein3_rbs	1.6	0.0	0.0
99	__ribosome	35.6	0.0	0.0
99	__rnase_site_ext	15.8	0.0	0.0
99	p0	1.0	0.0	0.0
99	p1	1.0	0.0	0.0
99	p2	0.8	0.0	0.0
99	protein1	365.8	13.0	2.12987
99	protein2	350.0	15.2	1.9579832
99	protein3	71.0	3.2	2.28
99	r2	3.2	0.0	0.0
99	rnapol	0.6	0.0	0.0
100	__protein1_rbs	7.2	0.0	0.0
100	__protein2_rbs	8.8	0.0	0.0
100	__protein3_rbs	1.4	0.0	0.0
100	__ribosome	35.0	0.0	0.0
100	__rnase_site_ext	16.2	0.0	0.0
100	p0	0.6	0.0	0.0
100	p1	0.8	0.0	0.0
100	p2	1.0	0.0	0.0
100	protein1	372.4	13.0	2.1058874
100	protein2	355.8	15.4	1.9588166
100	protein3	71.8	3.2	2.39
100	r2	3.2	0.0	0.0
100	rnapol	0.6	0.0	0.0
101	__protein1_rbs	6.2	0.0	0.0
101	__protein2_rbs	8.4	0.0	0.0
101	__protein3_rbs	1.6	0.0	0.0
101	__ribosome	32.4	0.0	0.0
101	__rnase_site_ext	16.0	0.0	0.0
101	p0	1.0	0.0	0.0
101	p1	0.4	0.0	0.0
101	p2	0.8	0.0	0.0
101	protein1	377.2	13.0	2.2529868
101	protein2	361.6	15.4	2.0032631999999997
101	protein3	73.0	3.2	2.34
101	r2	3.2	0.0	0.0
101	rnapol	0.6	0.0	0.0
102	__protein1_rbs	6.8	0.0	0.0
102	__protein2_rbs	8.4	0.0	0.0
102	__protein3_rbs	2.0	0.0	0.0
102	__ribosome	33.2	0.0	0.0
102	__rnase_site_ext	16.0	0.0	0.0
102	p0	1.0	0.0	0.0
102	p1	0.4	0.0	0.0
102	p2	0.4	0.0	0.0
102	protein1	384.0	13.2	2.1976190000000004
102	protein2	368.0	15.0	2.0447618000000003
102	protein3	74.6	3.2	2.08
102	r2	3.0	0.0	0.0
102	rnapol	0.4	0.0	0.0
103	__protein1_rbs	7.2	0.0	0.0
103	__protein2_rbs	8.4	0.0	0.0
103	__protein3_rbs	1.8	0.0	0.0
103	__ribosome	30.2	0.0	0.0
103	__rnase_site_ext	16.2	0.0	0.0
103	p0	0.4	0.0	0.0
103	p1	0.6	0.0	0.0
103	p2	0.6	0.0	0.0
103	protein1	387.8	13.2	2.322381
103	protein2	373.2	14.8	2.1932302000000004
103	protein3	76.0	3.0	2.2466666
103	r2	3.0	0.0	0.0
103	rnapol	0.2	0.0	0.0
104	__protein1_rbs	6.8	0.0	0.0
104	__protein2_rbs	9.4	0.0	0.0
104	__protein3_rbs	1.6	0.0	0.0
104	__ribosome	31.6	0.0	0.0
104	__rnase_site_ext	16.4	0.0	0.0
104	p0	0.6	0.0	0.0
104	p1	0.6	0.0	0.0
104	p2	0.4	0.0	0.0
104	protein1	395.0	12.8	2.2931936
104	protein2	378.8	15.2	2.1362324
104	protein3	77.8	3.0	2.09
104	r2	3.0	0.0	0.0
104	rnapol	0.2	0.0	0.0
105	__protein1_rbs	8.8	0.0	0.0
105	__protein2_rbs	9.0	0.0	0.0
105	__protein3_rbs	2.2	0.0	0.0
105	__ribosome	33.2	0.0	0.0
105	__rnase_site_ext	16.6	0.0	0.0
105	p0	0.8	0.0	0.0
105	p1	1.0	0.0	0.0
105	p2	0.8	0.0	0.0
105	protein1	400.0	13.4	2.2219046000000002
105	protein2	386.2	15.6	1.9989358
105	protein3	79.2	3.0	2.0433334000000003
105	r2	3.2	0.0	0.0
105	rnapol	0.4	0.0	0.0
106	__protein1_rbs	9.0	0.0	0.0
106	__protein2_rbs	9.4	0.0	0.0
106	__protein3_rbs	1.8	0.0	0.0
106	__ribosome	34.8	0.0	0.0
106	__rnase_site_ext	16.6	0.0	0.0
106	p0	0.8	0.0	0.0
106	p1	0.8	0.0	0.0
106	p2	1.0	0.0	0.0
106	protein1	407.2	13.8	2.0232142
106	protein2	392.4	15.8	1.954727
106	protein3	80.4	3.2	2.0333334
106	r2	3.2	0.0	0.0
106	rnapol	0.2	0.0	0.0
107	__protein1_rbs	8.0	0.0	0.0
107	__protein2_rbs	8.2	0.0	0.0
107	__protein3_rbs	2.0	0.0	0.0
107	__ribosome	34.0	0.0	0.0
107	__rnase_site_ext	16.8	0.0	0.0
107	p0	1.0	0.0	0.0
107	p1	0.8	0.0	0.0
107	p2	0.4	0.0	0.0
107	protein1	413.0	13.8	2.0248524
107	protein2	399.0	15.6	2.0578642
107	protein3	82.0	3.2	2.0
107	r2	3.2	0.0	0.0
107	rnapol	0.2	0.0	0.0
108	__protein1_rbs	8.8	0.0	0.0
108	__protein2_rbs	9.0	0.0	0.0
108	__protein3_rbs	1.4	0.0	0.0
108	__ribosome	34.0	0.0	0.0
108	__rnase_site_ext	16.8	0.0	0.0
108	p0	1.0	0.0	0.0
108	p1	0.6	0.0	0.0
108	p2	0.8	0.0	0.0
108	protein1	418.0	14.0	2.0058468
108	protein2	405.6	15.6	2.0265756
108	protein3	83.4	3.2	2.1933334
108	r2	3.2	0.0	0.0
108	rnapol	0.6	0.0	0.0
109	__protein1_rbs	9.4	0.0	0.0
109	__protein2_rbs	8.4	0.0	0.0
109	__protein3_rbs	2.6	0.0	0.0
109	__ribosome	34.0	0.0	0.0
109	__rnase_site_ext	17.0	0.0	0.0
109	p0	0.8	0.0	0.0
109	p1	0.8	0.0	0.0
109	p2	0.8	0.0	0.0
109	protein1	424.6	14.0	1.9140482
109	protein2	411.2	15.4	2.1898914
109	protein3	84.6	3.2	1.96
109	r2	3.2	0.0	0.0
109	rnapol	0.4	0.0	0.0
110	__protein1_rbs	8.0	0.0	0.0
110	__protein2_rbs	8.6	0.0	0.0
110	__protein3_rbs	2.0	0.0	0.0
110	__ribosome	32.4	0.0	0.0
110	__rnase_site_ext	17.0	0.0	0.0
110	p0	0.8	0.0	0.0
110	p1	0.4	0.0	0.0
110	p2	0.6	0.0	0.0
110	protein1	429.6	14.2	1.9791026000000005
110	protein2	418.0	15.6	2.2053652
110	protein3	86.2	3.2	1.7600000000000002
110	r2	3.2	0.0	0.0
110	rnapol	0.4	0.0	0.0
111	__protein1_rbs	8.2	0.0	0.0
111	__protein2_rbs	9.4	0.0	0.0
111	__protein3_rbs	1.8	0.0	0.0
111	__ribosome	31.4	0.0	0.0
111	__rnase_site_ext	17.0	0.0	0.0
111	p0	1.0	0.0	0.0
111	p1	0.6	0.0	0.0
111	p2	1.0	0.0	0.0
111	protein1	434.4	14.4	2.0331721999999997
111	protein2	424.2	15.4	2.1641666
111	protein3	87.2	3.2	1.8666666
111	r2	3.2	0.0	0.0
111	rnapol	0.8	0.0	0.0
112	__protein1_rbs	8.4	0.0	0.0
112	__protein2_rbs	7.2	0.0	0.0
112	__protein3_rbs	2.4	0.0	0.0
112	__ribosome	30.4	0.0	0.0
112	__rnase_site_ext	17.2	0.0	0.0
112	p0	0.8	0.0	0.0
112	p1	0.6	0.0	0.0
112	p2	0.8	0.0	0.0
112	protein1	441.0	14.2	1.967458
112	protein2	430.6	16.0	2.2125
112	protein3	88.4	3.4	1.8066666
112	r2	3.2	0.0	0.0
112	rnapol	0.6	0.0	0.0
113	__protein1_rbs	10.0	0.0	0.0
113	__protein2_rbs	8.8	0.0	0.0
113	__protein3_rbs	2.0	0.0	0.0
113	__ribosome	33.0	0.0	0.0
113	__rnase_site_ext	16.8	0.0	0.0
113	p0	0.8	0.0	0.0
113	p1	0.4	0.0	0.0
113	p2	1.0	0.0	0.0
113	protein1	446.4	14.2	1.9367856000000003
113	protein2	438.6	15.6	2.1349183999999997
113	protein3	89.8	3.2	1.9733333999999998
113	r2	3.2	0.0	0.0
113	rnapol	0.6	0.0	0.0
114	__protein1_rbs	7.2	0.0	0.0
114	__protein2_rbs	9.8	0.0	0.0
114	__protein3_rbs	1.2	0.0	0.0
114	__ribosome	32.4	0.0	0.0
114	__rnase_site_ext	16.4	0.0	0.0
114	p0	1.0	0.0	0.0
114	p1	0.6	0.0	0.0
114	p2	0.6	0.0	0.0
114	protein1	452.4	14.4	1.9752138
114	protein2	445.4	15.6	2.0525816000000003
114	protein3	91.0	3.2	2.2333334
114	r2	3.4	0.0	0.0
114	rnapol	0.6	0.0	0.0
115	__protein1_rbs	10.0	0.0	0.0
115	__protein2_rbs	8.8	0.0	0.0
115	__protein3_rbs	2.8	0.0	0.0
115	__ribosome	32.6	0.0	0.0
115	__rnase_site_ext	16.6	0.0	0.0
115	p0	0.8	0.0	0.0
115	p1	1.0	0.0	0.0
115	p2	0.8	0.0	0.0
115	protein1	458.2	13.6	2.0160316000000003
115	protein2	451.2	16.0	2.1055554
115	protein3	91.8	3.4	2.1666668
115	r2	3.4	0.0	0.0
115	rnapol	0.8	0.0	0.0
116	__protein1_rbs	7.6	0.0	0.0
116	__protein2_rbs	9.8	0.0	0.0
116	__protein3_rbs	2.0	0.0	0.0
116	__ribosome	33.4	0.0	0.0
116	__rnase_site_ext	16.4	0.0	0.0
116	p0	1.0	0.0	0.0
116	p1	0.8	0.0	0.0
116	p2	0.4	0.0	0.0
116	protein1	464.2	13.6	2.0058732
116	protein2	458.4	16.0	2.0715018
116	protein3	93.8	3.4	2.1
116	r2	3.4	0.0	0.0
116	rnapol	0.8	0.0	0.0
117	__protein1_rbs	8.0	0.0	0.0
117	__protein2_rbs	9.6	0.0	0.0
117	__protein3_rbs	1.4	0.0	0.0
117	__ribosome	35.0	0.0	0.0
117	__rnase_site_ext	16.6	0.0	0.0
117	p0	0.6	0.0	0.0
117	p1	0.6	0.0	0.0
117	p2	0.6	0.0	0.0
117	protein1	469.8	13.4	2.0415586
117	protein2	465.8	16.0	1.9985439999999999
117	protein3	95.4	3.4	2.2666668000000003
117	r2	3.4	0.0	0.0
117	rnapol	1.0	0.0	0.0
118	__protein1_rbs	8.8	0.0	0.0
118	__protein2_rbs	9.4	0.0	0.0
118	__protein3_rbs	1.8	0.0	0.0
118	__ribosome	34.4	0.0	0.0
118	__rnase_site_ext	17.2	0.0	0.0
118	p0	0.8	0.0	0.0
118	p1	0.8	0.0	0.0
118	p2	0.6	0.0	0.0
118	protein1	475.0	13.4	1.9919192
118	protein2	471.2	16.2	1.9984868
118	protein3	96.0	3.4	2.4666666
118	r2	3.4	0.0	0.0
118	rnapol	0.8	0.0	0.0
119	__protein1_rbs	8.2	0.0	0.0
119	__protein2_rbs	8.6	0.0	0.0
119	__protein3_rbs	1.6	0.0	0.0
119	__ribosome	35.0	0.0	0.0
119	__rnase_site_ext	17.6	0.0	0.0
119	p0	0.8	0.0	0.0
119	p1	0.8	0.0	0.0
119	p2	0.8	0.0	0.0
119	protein1	481.2	13.8	1.8232720000000002
119	protein2	478.2	16.0	2.0520054
119	protein3	98.2	3.4	2.3333334
119	r2	3.6	0.0	0.0
119	rnapol	0.4	0.0	0.0
120	__protein1_rbs	9.6	0.0	0.0
120	__protein2_rbs	10.4	0.0	0.0
120	__protein3_rbs	2.6	0.0	0.0
120	__ribosome	36.0	0.0	0.0
120	__rnase_site_ext	17.8	0.0	0.0
120	p0	0.8	0.0	0.0
120	p1	0.8	0.0	0.0
120	p2	0.6	0.0	0.0
120	protein1	486.6	14.4	1.7327354
120	protein2	485.2	16.2	1.9959594
120	protein3	99.2	3.6	1.9666666000000002
120	r2	3.8	0.0	0.0
120	rnapol	0.4	0.0	0.0
121	__protein1_rbs	9.0	0.0	0.0
121	__protein2_rbs	9.0	0.0	0.0
121	__protein3_rbs	1.6	0.0	0.0
121	__ribosome	34.4	0.0	0.0
121	__rnase_site_ext	17.8	0.0	0.0
121	p0	0.8	0.0	0.0
121	p1	0.8	0.0	0.0
121	p2	0.8	0.0	0.0
121	protein1	491.6	14.4	1.806535
121	protein2	491.6	16.0	2.0396316000000003
121	protein3	100.6	3.6	2.0733334
121	r2	3.8	0.0	0.0
121	rnapol	0.2	0.0	0.0
122	__protein1_rbs	8.4	0.0	0.0
122	__protein2_rbs	10.4	0.0	0.0
122	__protein3_rbs	2.4	0.0	0.0
122	__ribosome	34.4	0.0	0.0
122	__rnase_site_ext	17.6	0.0	0.0
122	p0	1.0	0.0	0.0
122	p1	0.8	0.0	0.0
122	p2	0.8	0.0	0.0
122	protein1	496.8	14.8	1.835667
122	protein2	497.2	15.8	2.0546596
122	protein3	102.4	3.8	1.7733333999999998
122	r2	4.2	0.0	0.0
122	rnapol	0.2	0.0	0.0
123	__protein1_rbs	8.8	0.0	0.0
123	__protein2_rbs	9.6	0.0	0.0
123	__protein3_rbs	2.4	0.0	0.0
123	__ribosome	34.2	0.0	0.0
123	__rnase_site_ext	17.6	0.0	0.0
123	p0	1.0	0.0	0.0
123	p1	0.8	0.0	0.0
123	p2	0.8	0.0	0.0
123	protein1	502.0	14.6	1.9365046000000001
123	protein2	504.8	16.0	2.0146302
123	protein3	103.6	4.2	1.6766666
123	r2	4.0	0.0	0.0
123	rnapol	0.4	0.0	0.0
124	__protein1_rbs	8.8	0.0	0.0
124	__protein2_rbs	8.8	0.0	0.0
124	__protein3_rbs	2.2	0.0	0.0
124	__ribosome	33.4	0.0	0.0
124	__rnase_site_ext	17.6	0.0	0.0
124	p0	1.0	0.0	0.0
124	p1	0.8	0.0	0.0
124	p2	0.8	0.0	0.0
124	protein1	506.2	14.6	2.0170602
124	protein2	511.8	15.8	1.9939766
124	protein3	105.4	4.0	1.6800000000000002
124	r2	4.4	0.0	0.0
124	rnapol	0.6	0.0	0.0
125	__protein1_rbs	8.8	0.0	0.0
125	__protein2_rbs	8.6	0.0	0.0
125	__protein3_rbs	2.2	0.0	0.0
125	__ribosome	31.8	0.0	0.0
125	__rnase_site_ext	17.6	0.0	0.0
125	p0	1.0	0.0	0.0
125	p1	0.4	0.0	0.0
125	p2	1.0	0.0	0.0
125	protein1	513.0	14.6	1.9633392
125	protein2	518.2	16.0	2.0231856
125	protein3	106.6	4.4	1.8266666
125	r2	4.2	0.0	0.0
125	rnapol	0.6	0.0	0.0
126	__protein1_rbs	9.2	0.0	0.0
126	__protein2_rbs	9.4	0.0	0.0
126	__protein3_rbs	3.2	0.0	0.0
126	__ribosome	33.0	0.0	0.0
126	__rnase_site_ext	17.2	0.0	0.0
126	p0	1.0	0.0	0.0
126	p1	0.6	0.0	0.0
126	p2	0.6	0.0	0.0
126	protein1	519.0	14.6	1.9300876
126	protein2	524.8	16.0	1.9889706000000003
126	protein3	108.2	4.2	1.8733334
126	r2	4.0	0.0	0.0
126	rnapol	1.0	0.0	0.0
127	__protein1_rbs	8.2	0.0	0.0
127	__protein2_rbs	8.8	0.0	0.0
127	__protein3_rbs	2.0	0.0	0.0
127	__ribosome	29.4	0.0	0.0
127	__rnase_site_ext	17.0	0.0	0.0
127	p0	1.0	0.0	0.0
127	p1	1.0	0.0	0.0
127	p2	1.0	0.0	0.0
127	protein1	524.4	14.2	2.0155078
127	protein2	530.2	16.4	2.0733102000000003
127	protein3	109.0	4.0	2.3
127	r2	4.2	0.0	0.0
127	rnapol	1.2	0.0	0.0
128	__protein1_rbs	9.2	0.0	0.0
128	__protein2_rbs	10.6	0.0	0.0
128	__protein3_rbs	3.4	0.0	0.0
128	__ribosome	30.0	0.0	0.0
128	__rnase_site_ext	17.0	0.0	0.0
128	p0	0.6	0.0	0.0
128	p1	0.6	0.0	0.0
128	p2	0.8	0.0	0.0
128	protein1	530.0	14.2	2.0294192
128	protein2	536.2	16.8	2.029183
128	protein3	110.8	4.2	2.0
128	r2	4.2	0.0	0.0
128	rnapol	1.2	0.0	0.0
129	__protein1_rbs	8.4	0.0	0.0
129	__protein2_rbs	9.8	0.0	0.0
129	__protein3_rbs	1.8	0.0	0.0
129	__ribosome	29.8	0.0	0.0
129	__rnase_site_ext	17.2	0.0	0.0
129	p0	0.8	0.0	0.0
129	p1	0.8	0.0	0.0
129	p2	1.0	0.0	0.0
129	protein1	535.6	14.2	2.0262374000000003
129	protein2	543.8	16.6	2.0353845999999995
129	protein3	112.4	4.2	2.2133334
129	r2	4.2	0.0	0.0
129	rnapol	1.2	0.0	0.0
130	__protein1_rbs	8.6	0.0	0.0
130	__protein2_rbs	9.6	0.0	0.0
130	__protein3_rbs	2.2	0.0	0.0
130	__ribosome	30.6	0.0	0.0
130	__rnase_site_ext	17.6	0.0	0.0
130	p0	0.8	0.0	0.0
130	p1	1.0	0.0	0.0
130	p2	0.6	0.0	0.0
130	protein1	542.2	14.4	2.0022222
130	protein2	551.0	16.6	2.0476888
130	protein3	115.0	4.2	1.96
130	r2	4.2	0.0	0.0
130	rnapol	1.0	0.0	0.0
131	__protein1_rbs	9.2	0.0	0.0
131	__protein2_rbs	11.2	0.0	0.0
131	__protein3_rbs	1.8	0.0	0.0
131	__ribosome	31.8	0.0	0.0
131	__rnase_site_ext	18.0	0.0	0.0
131	p0	0.6	0.0	0.0
131	p1	1.0	0.0	0.0
131	p2	0.6	0.0	0.0
131	protein1	548.6	14.8	1.8466056
131	protein2	557.0	16.4	2.0580234
131	protein3	116.6	4.2	2.0133334
131	r2	4.2	0.0	0.0
131	rnapol	0.8	0.0	0.0
132	__protein1_rbs	9.2	0.0	0.0
132	__protein2_rbs	9.2	0.0	0.0
132	__protein3_rbs	2.2	0.0	0.0
132	__ribosome	32.0	0.0	0.0
132	__rnase_site_ext	18.4	0.0	0.0
132	p0	1.0	0.0	0.0
132	p1	1.0	0.0	0.0
132	p2	0.6	0.0	0.0
132	protein1	553.6	15.0	1.8872848
132	protein2	565.2	16.2	1.9792606
132	protein3	118.0	4.2	2.0666668
132	r2	4.0	0.0	0.0
132	rnapol	1.0	0.0	0.0
133	__protein1_rbs	10.2	0.0	0.0
133	__protein2_rbs	8.6	0.0	0.0
133	__protein3_rbs	3.4	0.0	0.0
133	__ribosome	31.4	0.0	0.0
133	__rnase_site_ext	18.6	0.0	0.0
133	p0	0.8	0.0	0.0
133	p1	0.8	0.0	0.0
133	p2	1.0	0.0	0.0
133	protein1	559.4	15.4	1.8202362
133	protein2	572.0	16.0	2.0957502
133	protein3	119.0	4.0	2.04
133	r2	4.0	0.0	0.0
133	rnapol	1.4	0.0	0.0
134	__protein1_rbs	8.4	0.0	0.0
134	__protein2_rbs	10.6	0.0	0.0
134	__protein3_rbs	1.8	0.0	0.0
134	__ribosome	31.4	0.0	0.0
134	__rnase_site_ext	18.6	0.0	0.0
134	p0	0.6	0.0	0.0
134	p1	0.6	0.0	0.0
134	p2	0.6	0.0	0.0
134	protein1	565.8	15.4	1.8279032
134	protein2	578.2	16.0	2.0808682000000003
134	protein3	121.2	4.0	2.0433334000000003
134	r2	4.2	0.0	0.0
134	rnapol	0.6	0.0	0.0
135	__protein1_rbs	8.0	0.0	0.0
135	__protein2_rbs	10.2	0.0	0.0
135	__protein3_rbs	2.8	0.0	0.0
135	__ribosome	31.2	0.0	0.0
135	__rnase_site_ext	19.0	0.0	0.0
135	p0	1.0	0.0	0.0
135	p1	0.6	0.0	0.0
135	p2	0.6	0.0	0.0
135	protein1	571.2	15.8	1.899322
135	protein2	585.8	16.0	2.0258974000000003
135	protein3	122.8	4.2	1.78
135	r2	4.2	0.0	0.0
135	rnapol	0.6	0.0	0.0
136	__protein1_rbs	10.8	0.0	0.0
136	__protein2_rbs	11.4	0.0	0.0
136	__protein3_rbs	2.6	0.0	0.0
136	__ribosome	32.8	0.0	0.0
136	__rnase_site_ext	19.0	0.0	0.0
136	p0	1.0	0.0	0.0
136	p1	0.6	0.0	0.0
136	p2	1.0	0.0	0.0
136	protein1	577.4	15.6	1.8981226000000002
136	protein2	591.2	16.4	1.8884310000000002
136	protein3	124.2	4.2	1.8666668
136	r2	4.2	0.0	0.0
136	rnapol	0.4	0.0	0.0
137	__protein1_rbs	10.2	0.0	0.0
137	__protein2_rbs	9.8	0.0	0.0
137	__protein3_rbs	2.2	0.0	0.0
137	__ribosome	33.0	0.0	0.0
137	__rnase_site_ext	19.0	0.0	0.0
137	p0	0.8	0.0	0.0
137	p1	0.4	0.0	0.0
137	p2	1.0	0.0	0.0
137	protein1	583.6	15.8	1.8987932
137	protein2	598.4	16.4	1.8772268
137	protein3	126.4	4.2	1.8533334
137	r2	4.2	0.0	0.0
137	rnapol	0.2	0.0	0.0
138	__protein1_rbs	9.2	0.0	0.0
138	__protein2_rbs	11.0	0.0	0.0
138	__protein3_rbs	2.6	0.0	0.0
138	__ribosome	34.0	0.0	0.0
138	__rnase_site_ext	19.0	0.0	0.0
138	p0	0.8	0.0	0.0
138	p1	0.8	0.0	0.0
138	p2	1.0	0.0	0.0
138	protein1	590.2	15.6	1.8952186
138	protein2	605.6	16.8	1.7607518000000002
138	protein3	127.6	4.2	1.8666668
138	r2	4.2	0.0	0.0
138	rnapol	0.0	0.0	0.0
139	__protein1_rbs	9.6	0.0	0.0
139	__protein2_rbs	9.6	0.0	0.0
139	__protein3_rbs	2.2	0.0	0.0
139	__ribosome	32.0	0.0	0.0
139	__rnase_site_ext	18.6	0.0	0.0
139	p0	1.0	0.0	0.0
139	p1	0.6	0.0	0.0
139	p2	0.8	0.0	0.0
139	protein1	595.6	15.8	1.896561
139	protein2	611.6	17.0	1.808093
139	protein3	129.2	4.2	2.06
139	r2	4.4	0.0	0.0
139	rnapol	0.0	0.0	0.0
140	__protein1_rbs	9.4	0.0	0.0
140	__protein2_rbs	10.6	0.0	0.0
140	__protein3_rbs	2.4	0.0	0.0
140	__ribosome	31.6	0.0	0.0
140	__rnase_site_ext	18.6	0.0	0.0
140	p0	1.0	0.0	0.0
140	p1	0.6	0.0	0.0
140	p2	0.8	0.0	0.0
140	protein1	602.6	15.6	1.895968
140	protein2	617.4	17.0	1.8038936
140	protein3	130.8	4.4	2.0200002
140	r2	4.2	0.0	0.0
140	rnapol	0.4	0.0	0.0
141	__protein1_rbs	9.0	0.0	0.0
141	__protein2_rbs	10.8	0.0	0.0
141	__protein3_rbs	2.4	0.0	0.0
141	__ribosome	29.4	0.0	0.0
141	__rnase_site_ext	18.6	0.0	0.0
141	p0	1.0	0.0	0.0
141	p1	0.4	0.0	0.0
141	p2	0.6	0.0	0.0
141	protein1	607.8	15.4	1.99457
141	protein2	622.8	17.4	1.8294678
141	protein3	132.6	4.2	2.1666666
141	r2	4.2	0.0	0.0
141	rnapol	0.6	0.0	0.0
142	__protein1_rbs	9.2	0.0	0.0
142	__protein2_rbs	10.2	0.0	0.0
142	__protein3_rbs	2.4	0.0	0.0
142	__ribosome	28.8	0.0	0.0
142	__rnase_site_ext	18.6	0.0	0.0
142	p0	0.6	0.0	0.0
142	p1	0.6	0.0	0.0
142	p2	0.6	0.0	0.0
142	protein1	613.0	15.4	2.0499546000000004
142	protein2	630.4	17.4	1.8581794000000005
142	protein3	134.8	4.2	1.8266666
142	r2	4.2	0.0	0.0
142	rnapol	0.4	0.0	0.0
143	__protein1_rbs	9.4	0.0	0.0
143	__protein2_rbs	11.4	0.0	0.0
143	__protein3_rbs	2.8	0.0	0.0
143	__ribosome	28.2	0.0	0.0
143	__rnase_site_ext	18.4	0.0	0.0
143	p0	0.8	0.0	0.0
143	p1	0.6	0.0	0.0
143	p2	0.6	0.0	0.0
143	protein1	620.2	15.4	1.9485042000000001
143	protein2	635.6	17.8	1.9096970000000002
143	protein3	135.8	4.2	1.96
143	r2	4.2	0.0	0.0
143	rnapol	0.6	0.0	0.0
144	__protein1_rbs	9.8	0.0	0.0
144	__protein2_rbs	9.4	0.0	0.0
144	__protein3_rbs	3.0	0.0	0.0
144	__ribosome	28.2	0.0	0.0
144	__rnase_site_ext	18.6	0.0	0.0
144	p0	1.0	0.0	0.0
144	p1	0.6	0.0	0.0
144	p2	0.8	0.0	0.0
144	protein1	626.0	15.0	1.9860195999999999
144	protein2	642.6	17.6	1.9649792
144	protein3	137.8	4.2	1.7333332
144	r2	4.4	0.0	0.0
144	rnapol	0.8	0.0	0.0
145	__protein1_rbs	8.6	0.0	0.0
145	__protein2_rbs	12.2	0.0	0.0
145	__protein3_rbs	3.6	0.0	0.0
145	__ribosome	31.2	0.0	0.0
145	__rnase_site_ext	18.0	0.0	0.0
145	p0	1.0	0.0	0.0
145	p1	0.8	0.0	0.0
145	p2	0.6	0.0	0.0
145	protein1	632.8	15.2	1.9345636000000002
145	protein2	649.4	17.8	1.8891054
145	protein3	140.0	4.4	1.3266668
145	r2	4.4	0.0	0.0
145	rnapol	1.0	0.0	0.0
146	__protein1_rbs	7.4	0.0	0.0
146	__protein2_rbs	10.6	0.0	0.0
146	__protein3_rbs	2.2	0.0	0.0
146	__ribosome	27.6	0.0	0.0
146	__rnase_site_ext	18.2	0.0	0.0
146	p0	1.0	0.0	0.0
146	p1	0.8	0.0	0.0
146	p2	0.8	0.0	0.0
146	protein1	638.2	14.8	2.1056282000000004
146	protein2	656.2	18.0	1.8897130000000002
146	protein3	141.4	4.2	1.6933334000000002
146	r2	4.2	0.0	0.0
146	rnapol	1.0	0.0	0.0
147	__protein1_rbs	7.6	0.0	0.0
147	__protein2_rbs	10.4	0.0	0.0
147	__protein3_rbs	3.0	0.0	0.0
147	__ribosome	28.2	0.0	0.0
147	__rnase_site_ext	18.4	0.0	0.0
147	p0	0.8	0.0	0.0
147	p1	1.0	0.0	0.0
147	p2	0.6	0.0	0.0
147	protein1	644.8	14.8	2.10003
147	protein2	663.2	18.0	1.8948121999999998
147	protein3	143.2	4.2	1.6266668
147	r2	3.8	0.0	0.0
147	rnapol	1.0	0.0	0.0
148	__protein1_rbs	9.8	0.0	0.0
148	__protein2_rbs	11.2	0.0	0.0
148	__protein3_rbs	2.2	0.0	0.0
148	__ribosome	31.4	0.0	0.0
148	__rnase_site_ext	18.8	0.0	0.0
148	p0	0.6	0.0	0.0
148	p1	0.8	0.0	0.0
148	p2	0.8	0.0	0.0
148	protein1	652.0	15.0	1.9377826
148	protein2	671.0	18.2	1.7942544000000002
148	protein3	144.6	4.0	1.9333334
148	r2	3.8	0.0	0.0
148	rnapol	0.8	0.0	0.0
149	__protein1_rbs	9.6	0.0	0.0
149	__protein2_rbs	10.0	0.0	0.0
149	__protein3_rbs	2.0	0.0	0.0
149	__ribosome	28.0	0.0	0.0
149	__rnase_site_ext	19.0	0.0	0.0
149	p0	1.0	0.0	0.0
149	p1	0.8	0.0	0.0
149	p2	0.6	0.0	0.0
149	protein1	656.2	15.2	2.0398502
149	protein2	678.2	18.2	1.8687593999999996
149	protein3	145.8	3.8	2.08
149	r2	3.8	0.0	0.0
149	rnapol	0.6	0.0	0.0
150	__protein1_rbs	8.4	0.0	0.0
150	__protein2_rbs	11.2	0.0	0.0
150	__protein3_rbs	3.2	0.0	0.0
150	__ribosome	28.8	0.0	0.0
150	__rnase_site_ext	18.8	0.0	0.0
150	p0	1.0	0.0	0.0
150	p1	0.8	0.0	0.0
150	p2	0.8	0.0	0.0
150	protein1	663.6	15.6	1.9305358
150	protein2	684.4	18.0	1.9054072
150	protein3	146.8	3.8	1.9333334
150	r2	3.8	0.0	0.0
150	rnapol	1.0	0.0	0.0
151	__protein1_rbs	9.4	0.0	0.0
151	__protein2_rbs	10.2	0.0	0.0
151	__protein3_rbs	2.8	0.0	0.0
151	__ribosome	29.8	0.0	0.0
151	__rnase_site_ext	19.0	0.0	0.0
151	p0	0.8	0.0	0.0
151	p1	0.6	0.0	0.0
151	p2	1.0	0.0	0.0
151	protein1	669.8	15.6	1.9108343999999997
151	protein2	691.2	18.0	1.9364598
151	protein3	148.8	3.8	1.6533331999999998
151	r2	3.8	0.0	0.0
151	rnapol	0.8	0.0	0.0
152	__protein1_rbs	8.0	0.0	0.0
152	__protein2_rbs	10.4	0.0	0.0
152	__protein3_rbs	2.2	0.0	0.0
152	__ribosome	29.8	0.0	0.0
152	__rnase_site_ext	19.4	0.0	0.0
152	p0	0.6	0.0	0.0
152	p1	0.8	0.0	0.0
152	p2	0.8	0.0	0.0
152	protein1	676.8	15.8	1.9282794
152	protein2	698.0	17.8	1.956767
152	protein3	151.0	3.8	1.4533334
152	r2	3.8	0.0	0.0
152	rnapol	0.4	0.0	0.0
153	__protein1_rbs	9.8	0.0	0.0
153	__protein2_rbs	11.8	0.0	0.0
153	__protein3_rbs	2.6	0.0	0.0
153	__ribosome	31.0	0.0	0.0
153	__rnase_site_ext	19.4	0.0	0.0
153	p0	0.8	0.0	0.0
153	p1	0.8	0.0	0.0
153	p2	0.8	0.0	0.0
153	protein1	681.8	15.8	1.9790358
153	protein2	706.0	18.2	1.8134928
153	protein3	152.4	4.0	1.38
153	r2	4.0	0.0	0.0
153	rnapol	0.2	0.0	0.0
154	__protein1_rbs	10.8	0.0	0.0
154	__protein2_rbs	11.8	0.0	0.0
154	__protein3_rbs	2.2	0.0	0.0
154	__ribosome	32.2	0.0	0.0
154	__rnase_site_ext	19.2	0.0	0.0
154	p0	1.0	0.0	0.0
154	p1	0.8	0.0	0.0
154	p2	1.0	0.0	0.0
154	protein1	688.6	16.2	1.8743889999999999
154	protein2	712.6	18.0	1.8004952000000003
154	protein3	153.6	4.0	1.4866668
154	r2	4.0	0.0	0.0
154	rnapol	0.2	0.0	0.0
155	__protein1_rbs	10.2	0.0	0.0
155	__protein2_rbs	11.0	0.0	0.0
155	__protein3_rbs	2.2	0.0	0.0
155	__ribosome	31.2	0.0	0.0
155	__rnase_site_ext	19.2	0.0	0.0
155	p0	0.8	0.0	0.0
155	p1	0.6	0.0	0.0
155	p2	0.8	0.0	0.0
155	protein1	694.4	16.0	1.9190764
155	protein2	720.4	18.0	1.7801756000000002
155	protein3	154.2	4.0	1.7366668
155	r2	4.0	0.0	0.0
155	rnapol	0.2	0.0	0.0
156	__protein1_rbs	9.4	0.0	0.0
156	__protein2_rbs	13.0	0.0	0.0
156	__protein3_rbs	2.0	0.0	0.0
156	__ribosome	30.0	0.0	0.0
156	__rnase_site_ext	19.6	0.0	0.0
156	p0	0.6	0.0	0.0
156	p1	0.2	0.0	0.0
156	p2	0.8	0.0	0.0
156	protein1	700.4	16.0	1.9294188
156	protein2	725.6	17.8	1.7743254000000002
156	protein3	155.0	4.0	2.0166666
156	r2	4.0	0.0	0.0
156	rnapol	0.0	0.0	0.0
157	__protein1_rbs	9.6	0.0	0.0
157	__protein2_rbs	11.6	0.0	0.0
157	__protein3_rbs	1.6	0.0	0.0
157	__ribosome	30.8	0.0	0.0
157	__rnase_site_ext	19.6	0.0	0.0
157	p0	1.0	0.0	0.0
157	p1	0.6	0.0	0.0
157	p2	0.8	0.0	0.0
157	protein1	707.4	16.4	1.9217652
157	protein2	734.4	17.6	1.6812697999999997
157	protein3	156.4	3.8	2.3566667999999997
157	r2	4.0	0.0	0.0
157	rnapol	0.2	0.0	0.0
158	__protein1_rbs	11.8	0.0	0.0
158	__protein2_rbs	12.0	0.0	0.0
158	__protein3_rbs	2.6	0.0	0.0
158	__ribosome	31.6	0.0	0.0
158	__rnase_site_ext	19.6	0.0	0.0
158	p0	0.6	0.0	0.0
158	p1	1.0	0.0	0.0
158	p2	0.8	0.0	0.0
158	protein1	714.0	16.6	1.8034971999999998
158	protein2	739.6	18.4	1.6685464
158	protein3	158.0	3.8	2.25
158	r2	3.8	0.0	0.0
158	rnapol	0.2	0.0	0.0
159	__protein1_rbs	9.6	0.0	0.0
159	__protein2_rbs	9.6	0.0	0.0
159	__protein3_rbs	1.6	0.0	0.0
159	__ribosome	28.2	0.0	0.0
159	__rnase_site_ext	19.8	0.0	0.0
159	p0	0.8	0.0	0.0
159	p1	0.6	0.0	0.0
159	p2	0.8	0.0	0.0
159	protein1	719.4	16.6	1.9446056
159	protein2	746.4	18.4	1.7536465999999995
159	protein3	160.6	3.8	2.0466668
159	r2	3.8	0.0	0.0
159	rnapol	0.2	0.0	0.0
160	__protein1_rbs	10.2	0.0	0.0
160	__protein2_rbs	11.6	0.0	0.0
160	__protein3_rbs	2.6	0.0	0.0
160	__ribosome	26.8	0.0	0.0
160	__rnase_site_ext	19.8	0.0	0.0
160	p0	0.8	0.0	0.0
160	p1	0.6	0.0	0.0
160	p2	1.0	0.0	0.0
160	protein1	725.4	16.8	1.9925962
160	protein2	753.0	17.8	1.7760652
160	protein3	161.2	3.8	2.26
160	r2	3.8	0.0	0.0
160	rnapol	0.2	0.0	0.0
161	__protein1_rbs	10.2	0.0	0.0
161	__protein2_rbs	10.2	0.0	0.0
161	__protein3_rbs	2.6	0.0	0.0
161	__ribosome	26.8	0.0	0.0
161	__rnase_site_ext	19.8	0.0	0.0
161	p0	1.0	0.0	0.0
161	p1	0.8	0.0	0.0
161	p2	0.6	0.0	0.0
161	protein1	733.0	17.0	1.9037258
161	protein2	759.0	17.8	1.8825439999999998
161	protein3	163.4	3.8	2.0566666
161	r2	3.8	0.0	0.0
161	rnapol	0.4	0.0	0.0
162	__protein1_rbs	9.4	0.0	0.0
162	__protein2_rbs	11.6	0.0	0.0
162	__protein3_rbs	2.2	0.0	0.0
162	__ribosome	26.0	0.0	0.0
162	__rnase_site_ext	19.2	0.0	0.0
162	p0	0.8	0.0	0.0
162	p1	0.6	0.0	0.0
162	p2	0.4	0.0	0.0
162	protein1	739.4	17.0	1.9515456000000002
162	protein2	765.4	17.8	1.897544
162	protein3	165.4	3.8	2.0066666
162	r2	3.8	0.0	0.0
162	rnapol	1.0	0.0	0.0
163	__protein1_rbs	9.6	0.0	0.0
163	__protein2_rbs	9.2	0.0	0.0
163	__protein3_rbs	2.4	0.0	0.0
163	__ribosome	24.2	0.0	0.0
163	__rnase_site_ext	19.4	0.0	0.0
163	p0	0.8	0.0	0.0
163	p1	0.4	0.0	0.0
163	p2	1.0	0.0	0.0
163	protein1	745.4	16.6	2.0414754000000004
163	protein2	772.0	17.4	1.998421
163	protein3	166.6	3.8	2.0466666
163	r2	3.6	0.0	0.0
163	rnapol	1.2	0.0	0.0
164	__protein1_rbs	11.2	0.0	0.0
164	__protein2_rbs	11.0	0.0	0.0
164	__protein3_rbs	3.0	0.0	0.0
164	__ribosome	27.4	0.0	0.0
164	__rnase_site_ext	19.0	0.0	0.0
164	p0	0.8	0.0	0.0
164	p1	0.8	0.0	0.0
164	p2	0.8	0.0	0.0
164	protein1	751.6	16.8	1.9595616000000002
164	protein2	778.8	17.6	1.9265352
164	protein3	169.0	3.6	1.6666666
164	r2	3.4	0.0	0.0
164	rnapol	1.0	0.0	0.0
165	__protein1_rbs	9.6	0.0	0.0
165	__protein2_rbs	11.6	0.0	0.0
165	__protein3_rbs	2.4	0.0	0.0
165	__ribosome	30.4	0.0	0.0
165	__rnase_site_ext	19.8	0.0	0.0
165	p0	0.8	0.0	0.0
165	p1	0.8	0.0	0.0
165	p2	0.8	0.0	0.0
165	protein1	759.4	16.6	1.9040666
165	protein2	786.8	18.0	1.8131580000000003
165	protein3	170.6	3.4	1.65
165	r2	3.4	0.0	0.0
165	rnapol	0.6	0.0	0.0
166	__protein1_rbs	10.4	0.0	0.0
166	__protein2_rbs	10.8	0.0	0.0
166	__protein3_rbs	2.2	0.0	0.0
166	__ribosome	29.2	0.0	0.0
166	__rnase_site_ext	19.8	0.0	0.0
166	p0	0.8	0.0	0.0
166	p1	0.8	0.0	0.0
166	p2	0.8	0.0	0.0
166	protein1	766.2	17.0	1.895692
166	protein2	792.8	17.8	1.8900712
166	protein3	171.8	3.4	1.55
166	r2	3.4	0.0	0.0
166	rnapol	0.6	0.0	0.0
167	__protein1_rbs	8.4	0.0	0.0
167	__protein2_rbs	10.6	0.0	0.0
167	__protein3_rbs	2.4	0.0	0.0
167	__ribosome	30.0	0.0	0.0
167	__rnase_site_ext	20.0	0.0	0.0
167	p0	0.8	0.0	0.0
167	p1	0.6	0.0	0.0
167	p2	1.0	0.0	0.0
167	protein1	774.2	16.8	1.9551192
167	protein2	801.4	18.0	1.8016194
167	protein3	173.4	3.4	1.45
167	r2	3.4	0.0	0.0
167	rnapol	0.2	0.0	0.0
168	__protein1_rbs	10.8	0.0	0.0
168	__protein2_rbs	11.6	0.0	0.0
168	__protein3_rbs	1.8	0.0	0.0
168	__ribosome	28.0	0.0	0.0
168	__rnase_site_ext	19.8	0.0	0.0
168	p0	0.8	0.0	0.0
168	p1	0.8	0.0	0.0
168	p2	0.8	0.0	0.0
168	protein1	779.8	17.0	1.9366668
168	protein2	807.0	18.2	1.8484132
168	protein3	174.6	3.4	1.6666666
168	r2	3.4	0.0	0.0
168	rnapol	0.0	0.0	0.0
169	__protein1_rbs	11.0	0.0	0.0
169	__protein2_rbs	13.6	0.0	0.0
169	__protein3_rbs	2.4	0.0	0.0
169	__ribosome	30.8	0.0	0.0
169	__rnase_site_ext	19.8	0.0	0.0
169	p0	1.0	0.0	0.0
169	p1	0.8	0.0	0.0
169	p2	0.8	0.0	0.0
169	protein1	785.4	17.2	1.9511028000000001
169	protein2	814.4	18.4	1.6568808000000002
169	protein3	175.4	3.4	1.6666666
169	r2	3.4	0.0	0.0
169	rnapol	0.4	0.0	0.0
170	__protein1_rbs	11.2	0.0	0.0
170	__protein2_rbs	10.8	0.0	0.0
170	__protein3_rbs	2.4	0.0	0.0
170	__ribosome	31.4	0.0	0.0
170	__rnase_site_ext	19.8	0.0	0.0
170	p0	1.0	0.0	0.0
170	p1	0.4	0.0	0.0
170	p2	0.6	0.0	0.0
170	protein1	793.0	17.2	1.8804572
170	protein2	821.6	18.4	1.6841542
170	protein3	176.2	3.4	1.7833333999999998
170	r2	3.2	0.0	0.0
170	rnapol	0.4	0.0	0.0
171	__protein1_rbs	10.2	0.0	0.0
171	__protein2_rbs	11.2	0.0	0.0
171	__protein3_rbs	1.2	0.0	0.0
171	__ribosome	31.2	0.0	0.0
171	__rnase_site_ext	19.4	0.0	0.0
171	p0	1.0	0.0	0.0
171	p1	0.6	0.0	0.0
171	p2	0.8	0.0	0.0
171	protein1	801.0	17.2	1.868371
171	protein2	829.4	18.0	1.7101063999999997
171	protein3	177.4	3.2	2.1833334
171	r2	3.2	0.0	0.0
171	rnapol	0.8	0.0	0.0
172	__protein1_rbs	8.8	0.0	0.0
172	__protein2_rbs	12.2	0.0	0.0
172	__protein3_rbs	2.6	0.0	0.0
172	__ribosome	29.8	0.0	0.0
172	__rnase_site_ext	19.2	0.0	0.0
172	p0	1.0	0.0	0.0
172	p1	0.6	0.0	0.0
172	p2	0.8	0.0	0.0
172	protein1	808.4	16.8	2.0189473999999996
172	protein2	835.8	18.6	1.6680392000000002
172	protein3	179.0	3.2	1.9
172	r2	3.2	0.0	0.0
172	rnapol	0.8	0.0	0.0
173	__protein1_rbs	10.4	0.0	0.0
173	__protein2_rbs	12.4	0.0	0.0
173	__protein3_rbs	1.8	0.0	0.0
173	__ribosome	26.2	0.0	0.0
173	__rnase_site_ext	19.0	0.0	0.0
173	p0	1.0	0.0	0.0
173	p1	0.4	0.0	0.0
173	p2	0.8	0.0	0.0
173	protein1	814.0	16.8	2.0886216
173	protein2	841.6	18.8	1.7517088
173	protein3	179.8	3.2	2.0833334
173	r2	3.4	0.0	0.0
173	rnapol	0.8	0.0	0.0
174	__protein1_rbs	10.4	0.0	0.0
174	__protein2_rbs	13.4	0.0	0.0
174	__protein3_rbs	2.4	0.0	0.0
174	__ribosome	27.8	0.0	0.0
174	__rnase_site_ext	19.4	0.0	0.0
174	p0	0.6	0.0	0.0
174	p1	0.4	0.0	0.0
174	p2	1.0	0.0	0.0
174	protein1	821.2	16.4	2.0821804
174	protein2	847.2	19.2	1.6940236000000002
174	protein3	181.4	3.4	1.8666666
174	r2	3.4	0.0	0.0
174	rnapol	0.4	0.0	0.0
175	__protein1_rbs	12.0	0.0	0.0
175	__protein2_rbs	11.8	0.0	0.0
175	__protein3_rbs	2.4	0.0	0.0
175	__ribosome	29.6	0.0	0.0
175	__rnase_site_ext	19.4	0.0	0.0
175	p0	1.0	0.0	0.0
175	p1	0.6	0.0	0.0
175	p2	0.8	0.0	0.0
175	protein1	828.0	16.2	2.0019048
175	protein2	855.4	19.2	1.6720464
175	protein3	182.6	3.4	1.9
175	r2	3.2	0.0	0.0
175	rnapol	0.6	0.0	0.0
176	__protein1_rbs	8.2	0.0	0.0
176	__protein2_rbs	12.0	0.0	0.0
176	__protein3_rbs	2.4	0.0	0.0
176	__ribosome	28.4	0.0	0.0
176	__rnase_site_ext	19.6	0.0	0.0
176	p0	0.8	0.0	0.0
176	p1	1.0	0.0	0.0
176	p2	0.4	0.0	0.0
176	protein1	836.2	16.6	1.9924604
176	protein2	861.8	19.6	1.7295543999999998
176	protein3	184.6	3.2	2.0666666
176	r2	3.2	0.0	0.0
176	rnapol	0.4	0.0	0.0
177	__protein1_rbs	11.4	0.0	0.0
177	__protein2_rbs	12.6	0.0	0.0
177	__protein3_rbs	2.0	0.0	0.0
177	__ribosome	29.4	0.0	0.0
177	__rnase_site_ext	19.6	0.0	0.0
177	p0	1.0	0.0	0.0
177	p1	1.0	0.0	0.0
177	p2	0.4	0.0	0.0
177	protein1	843.6	16.6	1.8748016
177	protein2	869.0	19.8	1.7245396000000002
177	protein3	185.2	3.2	2.5
177	r2	3.4	0.0	0.0
177	rnapol	0.8	0.0	0.0
178	__protein1_rbs	9.2	0.0	0.0
178	__protein2_rbs	12.4	0.0	0.0
178	__protein3_rbs	2.8	0.0	0.0
178	__ribosome	28.8	0.0	0.0
178	__rnase_site_ext	19.6	0.0	0.0
178	p0	1.0	0.0	0.0
178	p1	1.0	0.0	0.0
178	p2	0.8	0.0	0.0
178	protein1	849.8	16.6	1.9060316000000002
178	protein2	875.4	19.8	1.7932941999999998
178	protein3	187.2	3.4	1.95
178	r2	3.6	0.0	0.0
178	rnapol	1.2	0.0	0.0
179	__protein1_rbs	11.2	0.0	0.0
179	__protein2_rbs	11.4	0.0	0.0
179	__protein3_rbs	2.0	0.0	0.0
179	__ribosome	25.8	0.0	0.0
179	__rnase_site_ext	19.8	0.0	0.0
179	p0	0.6	0.0	0.0
179	p1	0.8	0.0	0.0
179	p2	0.4	0.0	0.0
179	protein1	856.0	16.6	1.9292063999999998
179	protein2	882.2	19.4	1.9407093999999998
179	protein3	188.2	3.6	1.89
179	r2	3.6	0.0	0.0
179	rnapol	1.2	0.0	0.0
180	__protein1_rbs	10.2	0.0	0.0
180	__protein2_rbs	11.0	0.0	0.0
180	__protein3_rbs	2.2	0.0	0.0
180	__ribosome	27.4	0.0	0.0
180	__rnase_site_ext	19.8	0.0	0.0
180	p0	0.6	0.0	0.0
180	p1	1.0	0.0	0.0
180	p2	0.4	0.0	0.0
180	protein1	863.2	16.8	1.8311112
180	protein2	891.0	18.8	1.9679902
180	protein3	189.2	3.6	1.98
180	r2	3.6	0.0	0.0
180	rnapol	1.2	0.0	0.0
181	__protein1_rbs	10.8	0.0	0.0
181	__protein2_rbs	10.8	0.0	0.0
181	__protein3_rbs	2.4	0.0	0.0
181	__ribosome	26.8	0.0	0.0
181	__rnase_site_ext	20.4	0.0	0.0
181	p0	0.8	0.0	0.0
181	p1	0.8	0.0	0.0
181	p2	0.6	0.0	0.0
181	protein1	870.2	16.8	1.8024061999999998
181	protein2	897.8	18.6	2.044762
181	protein3	190.0	3.6	2.02
181	r2	3.4	0.0	0.0
181	rnapol	0.8	0.0	0.0
182	__protein1_rbs	11.6	0.0	0.0
182	__protein2_rbs	11.4	0.0	0.0
182	__protein3_rbs	1.8	0.0	0.0
182	__ribosome	27.8	0.0	0.0
182	__rnase_site_ext	20.2	0.0	0.0
182	p0	1.0	0.0	0.0
182	p1	0.6	0.0	0.0
182	p2	1.0	0.0	0.0
182	protein1	877.0	17.6	1.6791668000000002
182	protein2	906.0	18.4	2.0071358
182	protein3	191.6	3.6	1.97
182	r2	3.2	0.0	0.0
182	rnapol	0.6	0.0	0.0
183	__protein1_rbs	10.6	0.0	0.0
183	__protein2_rbs	11.2	0.0	0.0
183	__protein3_rbs	2.2	0.0	0.0
183	__ribosome	27.4	0.0	0.0
183	__rnase_site_ext	20.0	0.0	0.0
183	p0	0.6	0.0	0.0
183	p1	0.6	0.0	0.0
183	p2	1.0	0.0	0.0
183	protein1	883.4	17.8	1.7408333999999999
183	protein2	914.6	18.6	1.9467024
183	protein3	192.6	3.2	2.2166666
183	r2	3.4	0.0	0.0
183	rnapol	0.6	0.0	0.0
184	__protein1_rbs	12.0	0.0	0.0
184	__protein2_rbs	11.0	0.0	0.0
184	__protein3_rbs	2.2	0.0	0.0
184	__ribosome	26.4	0.0	0.0
184	__rnase_site_ext	20.2	0.0	0.0
184	p0	0.8	0.0	0.0
184	p1	1.0	0.0	0.0
184	p2	1.0	0.0	0.0
184	protein1	889.0	17.2	1.7950000000000004
184	protein2	922.0	18.4	2.0030114
184	protein3	194.0	3.4	1.8166666
184	r2	3.8	0.0	0.0
184	rnapol	0.2	0.0	0.0
185	__protein1_rbs	10.8	0.0	0.0
185	__protein2_rbs	11.2	0.0	0.0
185	__protein3_rbs	3.0	0.0	0.0
185	__ribosome	27.8	0.0	0.0
185	__rnase_site_ext	20.4	0.0	0.0
185	p0	1.0	0.0	0.0
185	p1	1.0	0.0	0.0
185	p2	0.8	0.0	0.0
185	protein1	895.8	17.8	1.7599745999999998
185	protein2	929.4	18.6	1.9402478
185	protein3	195.4	3.6	1.5
185	r2	3.6	0.0	0.0
185	rnapol	0.2	0.0	0.0
186	__protein1_rbs	12.2	0.0	0.0
186	__protein2_rbs	10.0	0.0	0.0
186	__protein3_rbs	2.0	0.0	0.0
186	__ribosome	25.4	0.0	0.0
186	__rnase_site_ext	20.4	0.0	0.0
186	p0	0.8	0.0	0.0
186	p1	0.6	0.0	0.0
186	p2	1.0	0.0	0.0
186	protein1	902.4	18.0	1.7552330000000003
186	protein2	936.6	18.2	2.0668132
186	protein3	196.6	3.6	1.65
186	r2	3.4	0.0	0.0
186	rnapol	0.2	0.0	0.0
187	__protein1_rbs	11.4	0.0	0.0
187	__protein2_rbs	12.6	0.0	0.0
187	__protein3_rbs	2.4	0.0	0.0
187	__ribosome	27.0	0.0	0.0
187	__rnase_site_ext	20.2	0.0	0.0
187	p0	1.0	0.0	0.0
187	p1	0.2	0.0	0.0
187	p2	0.8	0.0	0.0
187	protein1	908.6	18.0	1.8172700000000002
187	protein2	944.0	17.8	2.02057
187	protein3	198.4	3.4	1.85
187	r2	3.4	0.0	0.0
187	rnapol	0.4	0.0	0.0
188	__protein1_rbs	11.8	0.0	0.0
188	__protein2_rbs	11.2	0.0	0.0
188	__protein3_rbs	2.4	0.0	0.0
188	__ribosome	31.2	0.0	0.0
188	__rnase_site_ext	20.0	0.0	0.0
188	p0	0.8	0.0	0.0
188	p1	0.0	0.0	0.0
188	p2	0.6	0.0	0.0
188	protein1	917.4	17.8	1.7082286
188	protein2	952.4	18.0	1.9196220000000002
188	protein3	199.6	3.4	1.95
188	r2	3.4	0.0	0.0
188	rnapol	0.2	0.0	0.0
189	__protein1_rbs	9.8	0.0	0.0
189	__protein2_rbs	11.6	0.0	0.0
189	__protein3_rbs	2.0	0.0	0.0
189	__ribosome	31.4	0.0	0.0
189	__rnase_site_ext	20.0	0.0	0.0
189	p0	0.6	0.0	0.0
189	p1	0.6	0.0	0.0
189	p2	0.8	0.0	0.0
189	protein1	923.0	17.4	1.8784706000000002
189	protein2	961.0	18.0	1.7792858000000005
189	protein3	200.8	3.4	1.95
189	r2	3.2	0.0	0.0
189	rnapol	0.4	0.0	0.0
190	__protein1_rbs	9.6	0.0	0.0
190	__protein2_rbs	10.6	0.0	0.0
190	__protein3_rbs	2.4	0.0	0.0
190	__ribosome	30.0	0.0	0.0
190	__rnase_site_ext	20.2	0.0	0.0
190	p0	1.0	0.0	0.0
190	p1	0.4	0.0	0.0
190	p2	1.0	0.0	0.0
190	protein1	929.4	17.4	1.9414718
190	protein2	968.2	18.4	1.7394399999999997
190	protein3	201.6	3.2	2.05
190	r2	3.2	0.0	0.0
190	rnapol	0.4	0.0	0.0
191	__protein1_rbs	11.4	0.0	0.0
191	__protein2_rbs	9.8	0.0	0.0
191	__protein3_rbs	2.0	0.0	0.0
191	__ribosome	28.0	0.0	0.0
191	__rnase_site_ext	20.2	0.0	0.0
191	p0	1.0	0.0	0.0
191	p1	0.6	0.0	0.0
191	p2	0.8	0.0	0.0
191	protein1	935.6	17.8	1.8727166000000002
191	protein2	976.0	18.6	1.8167914
191	protein3	203.0	3.2	1.8666666
191	r2	3.4	0.0	0.0
191	rnapol	0.4	0.0	0.0
192	__protein1_rbs	10.4	0.0	0.0
192	__protein2_rbs	13.0	0.0	0.0
192	__protein3_rbs	2.2	0.0	0.0
192	__ribosome	28.0	0.0	0.0
192	__rnase_site_ext	20.0	0.0	0.0
192	p0	0.8	0.0	0.0
192	p1	0.8	0.0	0.0
192	p2	0.8	0.0	0.0
192	protein1	942.6	17.8	1.9006493999999998
192	protein2	982.6	19.2	1.7582148000000002
192	protein3	204.4	3.4	1.7833333999999998
192	r2	3.6	0.0	0.0
192	rnapol	0.4	0.0	0.0
193	__protein1_rbs	13.2	0.0	0.0
193	__protein2_rbs	12.0	0.0	0.0
193	__protein3_rbs	2.2	0.0	0.0
193	__ribosome	28.4	0.0	0.0
193	__rnase_site_ext	20.0	0.0	0.0
193	p0	0.8	0.0	0.0
193	p1	0.8	0.0	0.0
193	p2	0.8	0.0	0.0
193	protein1	949.0	17.6	1.8127380000000002
193	protein2	989.2	19.4	1.816575
193	protein3	205.4	3.6	1.5066666000000002
193	r2	3.6	0.0	0.0
193	rnapol	0.4	0.0	0.0
194	__protein1_rbs	10.4	0.0	0.0
194	__protein2_rbs	10.2	0.0	0.0
194	__protein3_rbs	2.4	0.0	0.0
194	__ribosome	25.0	0.0	0.0
194	__rnase_site_ext	20.0	0.0	0.0
194	p0	0.8	0.0	0.0
194	p1	0.8	0.0	0.0
194	p2	0.2	0.0	0.0
194	protein1	956.2	17.8	1.8347944
194	protein2	995.2	19.0	2.0080882
194	protein3	206.6	3.6	1.5833334
194	r2	3.6	0.0	0.0
194	rnapol	0.4	0.0	0.0
195	__protein1_rbs	11.8	0.0	0.0
195	__protein2_rbs	13.0	0.0	0.0
195	__protein3_rbs	2.4	0.0	0.0
195	__ribosome	29.2	0.0	0.0
195	__rnase_site_ext	19.8	0.0	0.0
195	p0	0.8	0.0	0.0
195	p1	0.8	0.0	0.0
195	p2	1.0	0.0	0.0
195	protein1	964.6	17.8	1.710552
195	protein2	1004.0	19.0	1.8929348
195	protein3	207.4	3.6	1.7066665999999997
195	r2	3.6	0.0	0.0
195	rnapol	0.6	0.0	0.0
196	__protein1_rbs	9.4	0.0	0.0
196	__protein2_rbs	11.0	0.0	0.0
196	__protein3_rbs	1.8	0.0	0.0
196	__ribosome	26.8	0.0	0.0
196	__rnase_site_ext	20.2	0.0	0.0
196	p0	1.0	0.0	0.0
196	p1	0.6	0.0	0.0
196	p2	0.4	0.0	0.0
196	protein1	972.4	17.6	1.7770130000000002
196	protein2	1011.8	19.0	1.945658
196	protein3	208.6	3.6	1.91
196	r2	3.6	0.0	0.0
196	rnapol	0.2	0.0	0.0
197	__protein1_rbs	12.2	0.0	0.0
197	__protein2_rbs	13.4	0.0	0.0
197	__protein3_rbs	2.2	0.0	0.0
197	__ribosome	28.0	0.0	0.0
197	__rnase_site_ext	19.6	0.0	0.0
197	p0	0.8	0.0	0.0
197	p1	0.4	0.0	0.0
197	p2	0.8	0.0	0.0
197	protein1	977.6	18.2	1.7315862000000002
197	protein2	1019.4	19.2	1.8519108
197	protein3	210.0	3.6	1.78
197	r2	4.0	0.0	0.0
197	rnapol	0.8	0.0	0.0
198	__protein1_rbs	11.0	0.0	0.0
198	__protein2_rbs	11.8	0.0	0.0
198	__protein3_rbs	2.4	0.0	0.0
198	__ribosome	26.4	0.0	0.0
198	__rnase_site_ext	19.8	0.0	0.0
198	p0	1.0	0.0	0.0
198	p1	0.8	0.0	0.0
198	p2	1.0	0.0	0.0
198	protein1	983.2	17.6	1.84493
198	protein2	1027.4	19.4	1.8315612000000001
198	protein3	211.0	3.8	1.7133333999999998
198	r2	4.0	0.0	0.0
198	rnapol	0.8	0.0	0.0
199	__protein1_rbs	10.2	0.0	0.0
199	__protein2_rbs	11.4	0.0	0.0
199	__protein3_rbs	2.8	0.0	0.0
199	__ribosome	26.8	0.0	0.0
199	__rnase_site_ext	19.6	0.0	0.0
199	p0	0.8	0.0	0.0
199	p1	0.6	0.0	0.0
199	p2	1.0	0.0	0.0
199	protein1	991.4	17.8	1.8434636
199	protein2	1035.8	19.6	1.8010414
199	protein3	212.2	4.0	1.5566666000000002
199	r2	4.2	0.0	0.0
199	rnapol	0.6	0.0	0.0
200	__protein1_rbs	11.6	0.0	0.0
200	__protein2_rbs	12.2	0.0	0.0
200	__protein3_rbs	3.0	0.0	0.0
200	__ribosome	25.8	0.0	0.0
200	__rnase_site_ext	20.0	0.0	0.0
200	p0	0.8	0.0	0.0
200	p1	1.0	0.0	0.0
200	p2	0.8	0.0	0.0
200	protein1	997.2	17.4	1.913713
200	protein2	1042.8	19.4	1.8529154
200	protein3	213.8	4.0	1.5866665999999998
200	r2	4.0	0.0	0.0
200	rnapol	0.0	0.0	0.0
201	__protein1_rbs	11.6	0.0	0.0
201	__protein2_rbs	13.2	0.0	0.0
201	__protein3_rbs	3.2	0.0	0.0
201	__ribosome	27.2	0.0	0.0
201	__rnase_site_ext	20.0	0.0	0.0
201	p0	0.8	0.0	0.0
201	p1	0.6	0.0	0.0
201	p2	0.8	0.0	0.0
201	protein1	1005.0	18.0	1.770834
201	protein2	1049.8	19.6	1.8430342
201	protein3	215.2	4.0	1.5566666
201	r2	4.0	0.0	0.0
201	rnapol	0.0	0.0	0.0
202	__protein1_rbs	11.0	0.0	0.0
202	__protein2_rbs	12.4	0.0	0.0
202	__protein3_rbs	1.4	0.0	0.0
202	__ribosome	27.0	0.0	0.0
202	__rnase_site_ext	19.8	0.0	0.0
202	p0	1.0	0.0	0.0
202	p1	0.4	0.0	0.0
202	p2	0.6	0.0	0.0
202	protein1	1011.2	18.2	1.8522618
202	protein2	1059.4	19.4	1.7464646
202	protein3	217.0	4.0	1.7133333999999998
202	r2	4.0	0.0	0.0
202	rnapol	0.0	0.0	0.0
203	__protein1_rbs	11.2	0.0	0.0
203	__protein2_rbs	11.8	0.0	0.0
203	__protein3_rbs	3.0	0.0	0.0
203	__ribosome	26.0	0.0	0.0
203	__rnase_site_ext	19.8	0.0	0.0
203	p0	1.0	0.0	0.0
203	p1	0.8	0.0	0.0
203	p2	0.8	0.0	0.0
203	protein1	1019.8	18.2	1.7715530000000002
203	protein2	1065.2	19.6	1.874373
203	protein3	218.2	4.0	1.62
203	r2	4.2	0.0	0.0
203	rnapol	0.6	0.0	0.0
204	__protein1_rbs	11.8	0.0	0.0
204	__protein2_rbs	12.6	0.0	0.0
204	__protein3_rbs	3.2	0.0	0.0
204	__ribosome	26.2	0.0	0.0
204	__rnase_site_ext	20.2	0.0	0.0
204	p0	0.8	0.0	0.0
204	p1	0.6	0.0	0.0
204	p2	0.4	0.0	0.0
204	protein1	1026.4	18.0	1.7877698
204	protein2	1073.0	19.8	1.8369950000000002
204	protein3	219.6	4.2	1.52
204	r2	4.2	0.0	0.0
204	rnapol	0.0	0.0	0.0
205	__protein1_rbs	10.2	0.0	0.0
205	__protein2_rbs	12.0	0.0	0.0
205	__protein3_rbs	1.8	0.0	0.0
205	__ribosome	22.8	0.0	0.0
205	__rnase_site_ext	20.6	0.0	0.0
205	p0	1.0	0.0	0.0
205	p1	1.0	0.0	0.0
205	p2	0.8	0.0	0.0
205	protein1	1031.8	18.2	1.8890952
205	protein2	1081.6	19.6	1.8698306
205	protein3	220.8	4.2	1.8
205	r2	4.4	0.0	0.0
205	rnapol	0.2	0.0	0.0
206	__protein1_rbs	12.2	0.0	0.0
206	__protein2_rbs	15.0	0.0	0.0
206	__protein3_rbs	2.4	0.0	0.0
206	__ribosome	26.6	0.0	0.0
206	__rnase_site_ext	20.2	0.0	0.0
206	p0	0.8	0.0	0.0
206	p1	0.4	0.0	0.0
206	p2	1.0	0.0	0.0
206	protein1	1039.8	18.4	1.7261978
206	protein2	1088.8	19.6	1.7543297999999998
206	protein3	222.2	4.4	1.95
206	r2	4.6	0.0	0.0
206	rnapol	0.2	0.0	0.0
207	__protein1_rbs	10.4	0.0	0.0
207	__protein2_rbs	12.6	0.0	0.0
207	__protein3_rbs	3.2	0.0	0.0
207	__ribosome	27.2	0.0	0.0
207	__rnase_site_ext	20.4	0.0	0.0
207	p0	1.0	0.0	0.0
207	p1	0.6	0.0	0.0
207	p2	0.4	0.0	0.0
207	protein1	1047.2	17.8	1.8614262
207	protein2	1097.0	19.6	1.7008696
207	protein3	224.2	4.6	1.7233333999999998
207	r2	5.0	0.0	0.0
207	rnapol	0.2	0.0	0.0
208	__protein1_rbs	11.8	0.0	0.0
208	__protein2_rbs	12.2	0.0	0.0
208	__protein3_rbs	3.0	0.0	0.0
208	__ribosome	25.8	0.0	0.0
208	__rnase_site_ext	20.2	0.0	0.0
208	p0	1.0	0.0	0.0
208	p1	0.8	0.0	0.0
208	p2	0.6	0.0	0.0
208	protein1	1054.4	18.0	1.8101009999999997
208	protein2	1104.4	20.2	1.6963422
208	protein3	225.4	5.0	1.75
208	r2	5.2	0.0	0.0
208	rnapol	0.6	0.0	0.0
209	__protein1_rbs	11.8	0.0	0.0
209	__protein2_rbs	13.4	0.0	0.0
209	__protein3_rbs	3.2	0.0	0.0
209	__ribosome	27.8	0.0	0.0
209	__rnase_site_ext	20.0	0.0	0.0
209	p0	0.8	0.0	0.0
209	p1	1.0	0.0	0.0
209	p2	0.8	0.0	0.0
209	protein1	1060.4	17.8	1.8244444
209	protein2	1113.4	20.2	1.6088988000000002
209	protein3	227.6	5.2	1.65
209	r2	5.2	0.0	0.0
209	rnapol	0.6	0.0	0.0
210	__protein1_rbs	10.6	0.0	0.0
210	__protein2_rbs	10.8	0.0	0.0
210	__protein3_rbs	3.0	0.0	0.0
210	__ribosome	26.0	0.0	0.0
210	__rnase_site_ext	20.2	0.0	0.0
210	p0	0.6	0.0	0.0
210	p1	1.0	0.0	0.0
210	p2	0.6	0.0	0.0
210	protein1	1068.4	17.8	1.7904759999999997
210	protein2	1120.0	20.0	1.7440000000000002
210	protein3	229.6	5.2	1.6533334
210	r2	5.2	0.0	0.0
210	rnapol	0.2	0.0	0.0
211	__protein1_rbs	11.8	0.0	0.0
211	__protein2_rbs	13.4	0.0	0.0
211	__protein3_rbs	3.6	0.0	0.0
211	__ribosome	27.2	0.0	0.0
211	__rnase_site_ext	20.2	0.0	0.0
211	p0	1.0	0.0	0.0
211	p1	0.6	0.0	0.0
211	p2	0.8	0.0	0.0
211	protein1	1077.0	17.8	1.6474604
211	protein2	1125.8	19.8	1.8305
211	protein3	231.6	5.2	1.63
211	r2	5.4	0.0	0.0
211	rnapol	0.6	0.0	0.0
212	__protein1_rbs	12.4	0.0	0.0
212	__protein2_rbs	12.8	0.0	0.0
212	__protein3_rbs	4.0	0.0	0.0
212	__ribosome	26.6	0.0	0.0
212	__rnase_site_ext	20.0	0.0	0.0
212	p0	0.6	0.0	0.0
212	p1	0.8	0.0	0.0
212	p2	0.8	0.0	0.0
212	protein1	1082.6	18.0	1.6898999999999995
212	protein2	1132.8	19.4	1.8416372
212	protein3	233.0	5.4	1.5799999999999998
212	r2	5.6	0.0	0.0
212	rnapol	1.0	0.0	0.0
213	__protein1_rbs	10.4	0.0	0.0
213	__protein2_rbs	12.0	0.0	0.0
213	__protein3_rbs	2.8	0.0	0.0
213	__ribosome	27.4	0.0	0.0
213	__rnase_site_ext	20.8	0.0	0.0
213	p0	0.4	0.0	0.0
213	p1	0.8	0.0	0.0
213	p2	0.8	0.0	0.0
213	protein1	1090.0	17.8	1.7205012
213	protein2	1140.6	19.2	1.8013726
213	protein3	235.6	5.6	1.5428572
213	r2	5.6	0.0	0.0
213	rnapol	0.4	0.0	0.0
214	__protein1_rbs	13.8	0.0	0.0
214	__protein2_rbs	10.8	0.0	0.0
214	__protein3_rbs	3.4	0.0	0.0
214	__ribosome	25.0	0.0	0.0
214	__rnase_site_ext	20.8	0.0	0.0
214	p0	0.8	0.0	0.0
214	p1	0.8	0.0	0.0
214	p2	0.8	0.0	0.0
214	protein1	1095.8	18.8	1.6277271999999998
214	protein2	1147.4	19.0	1.8403750000000003
214	protein3	237.2	5.6	1.7180952
214	r2	5.8	0.0	0.0
214	rnapol	0.4	0.0	0.0
215	__protein1_rbs	13.2	0.0	0.0
215	__protein2_rbs	12.4	0.0	0.0
215	__protein3_rbs	3.4	0.0	0.0
215	__ribosome	28.2	0.0	0.0
215	__rnase_site_ext	21.0	0.0	0.0
215	p0	1.0	0.0	0.0
215	p1	1.0	0.0	0.0
215	p2	1.0	0.0	0.0
215	protein1	1103.8	18.8	1.5518181999999998
215	protein2	1156.4	18.8	1.7717058
215	protein3	239.4	5.8	1.6800000000000002
215	r2	5.8	0.0	0.0
215	rnapol	0.6	0.0	0.0
216	__protein1_rbs	11.6	0.0	0.0
216	__protein2_rbs	12.6	0.0	0.0
216	__protein3_rbs	4.0	0.0	0.0
216	__ribosome	25.2	0.0	0.0
216	__rnase_site_ext	21.0	0.0	0.0
216	p0	1.0	0.0	0.0
216	p1	0.8	0.0	0.0
216	p2	0.8	0.0	0.0
216	protein1	1109.8	18.8	1.655909
216	protein2	1164.2	19.0	1.7250514000000003
216	protein3	240.6	5.8	1.9466668
216	r2	6.0	0.0	0.0
216	rnapol	0.6	0.0	0.0
217	__protein1_rbs	14.2	0.0	0.0
217	__protein2_rbs	10.8	0.0	0.0
217	__protein3_rbs	4.4	0.0	0.0
217	__ribosome	24.8	0.0	0.0
217	__rnase_site_ext	20.8	0.0	0.0
217	p0	1.0	0.0	0.0
217	p1	0.6	0.0	0.0
217	p2	0.6	0.0	0.0
217	protein1	1116.2	19.0	1.5737524
217	protein2	1170.0	19.0	1.9030281999999998
217	protein3	244.0	6.0	1.5914286
217	r2	6.0	0.0	0.0
217	rnapol	0.6	0.0	0.0
218	__protein1_rbs	11.8	0.0	0.0
218	__protein2_rbs	11.4	0.0	0.0
218	__protein3_rbs	3.2	0.0	0.0
218	__ribosome	24.6	0.0	0.0
218	__rnase_site_ext	21.2	0.0	0.0
218	p0	0.8	0.0	0.0
218	p1	0.8	0.0	0.0
218	p2	0.8	0.0	0.0
218	protein1	1123.4	18.6	1.5913636
218	protein2	1178.2	19.0	1.8963186
218	protein3	245.8	6.0	1.7666666000000002
218	r2	6.0	0.0	0.0
218	rnapol	0.4	0.0	0.0
219	__protein1_rbs	12.4	0.0	0.0
219	__protein2_rbs	13.4	0.0	0.0
219	__protein3_rbs	4.0	0.0	0.0
219	__ribosome	24.4	0.0	0.0
219	__rnase_site_ext	21.4	0.0	0.0
219	p0	1.0	0.0	0.0
219	p1	0.4	0.0	0.0
219	p2	0.8	0.0	0.0
219	protein1	1130.6	18.6	1.574653
219	protein2	1184.6	19.2	1.8760438
219	protein3	247.6	6.0	1.8076192
219	r2	5.8	0.0	0.0
219	rnapol	0.2	0.0	0.0
220	__protein1_rbs	12.2	0.0	0.0
220	__protein2_rbs	13.4	0.0	0.0
220	__protein3_rbs	3.8	0.0	0.0
220	__ribosome	25.2	0.0	0.0
220	__rnase_site_ext	21.6	0.0	0.0
220	p0	1.0	0.0	0.0
220	p1	0.2	0.0	0.0
220	p2	1.0	0.0	0.0
220	protein1	1136.6	19.0	1.6159846000000002
220	protein2	1193.0	19.4	1.7589925999999998
220	protein3	250.2	5.8	1.8190476000000002
220	r2	6.0	0.0	0.0
220	rnapol	0.2	0.0	0.0
221	__protein1_rbs	12.2	0.0	0.0
221	__protein2_rbs	14.0	0.0	0.0
221	__protein3_rbs	3.6	0.0	0.0
221	__ribosome	27.0	0.0	0.0
221	__rnase_site_ext	21.4	0.0	0.0
221	p0	1.0	0.0	0.0
221	p1	0.8	0.0	0.0
221	p2	1.0	0.0	0.0
221	protein1	1143.0	19.2	1.6579376000000001
221	protein2	1201.8	19.6	1.6261906000000002
221	protein3	253.0	6.0	1.7142858
221	r2	5.8	0.0	0.0
221	rnapol	0.6	0.0	0.0
222	__protein1_rbs	12.2	0.0	0.0
222	__protein2_rbs	14.6	0.0	0.0
222	__protein3_rbs	3.8	0.0	0.0
222	__ribosome	28.6	0.0	0.0
222	__rnase_site_ext	21.6	0.0	0.0
222	p0	0.6	0.0	0.0
222	p1	0.6	0.0	0.0
222	p2	0.8	0.0	0.0
222	protein1	1150.4	19.2	1.6507678
222	protein2	1210.2	20.0	1.5239336
222	protein3	255.0	5.8	1.7071428000000002
222	r2	6.0	0.0	0.0
222	rnapol	0.2	0.0	0.0
223	__protein1_rbs	12.2	0.0	0.0
223	__protein2_rbs	12.2	0.0	0.0
223	__protein3_rbs	3.2	0.0	0.0
223	__ribosome	25.4	0.0	0.0
223	__rnase_site_ext	21.0	0.0	0.0
223	p0	1.0	0.0	0.0
223	p1	1.0	0.0	0.0
223	p2	0.6	0.0	0.0
223	protein1	1157.2	19.2	1.7229456
223	protein2	1217.2	19.8	1.6199116000000002
223	protein3	257.8	6.0	1.6619047999999998
223	r2	6.0	0.0	0.0
223	rnapol	0.0	0.0	0.0
224	__protein1_rbs	13.0	0.0	0.0
224	__protein2_rbs	12.0	0.0	0.0
224	__protein3_rbs	4.8	0.0	0.0
224	__ribosome	24.6	0.0	0.0
224	__rnase_site_ext	21.2	0.0	0.0
224	p0	1.0	0.0	0.0
224	p1	0.8	0.0	0.0
224	p2	0.8	0.0	0.0
224	protein1	1164.0	18.6	1.6866448000000005
224	protein2	1223.8	19.8	1.7229987999999998
224	protein3	259.4	6.0	1.7190477999999998
224	r2	6.0	0.0	0.0
224	rnapol	0.0	0.0	0.0
225	__protein1_rbs	11.6	0.0	0.0
225	__protein2_rbs	13.6	0.0	0.0
225	__protein3_rbs	4.0	0.0	0.0
225	__ribosome	25.6	0.0	0.0
225	__rnase_site_ext	21.0	0.0	0.0
225	p0	1.0	0.0	0.0
225	p1	0.6	0.0	0.0
225	p2	0.4	0.0	0.0
225	protein1	1171.4	18.8	1.6777844000000002
225	protein2	1231.6	19.8	1.6812851999999998
225	protein3	261.6	6.0	1.6404761999999995
225	r2	5.8	0.0	0.0
225	rnapol	0.4	0.0	0.0
226	__protein1_rbs	12.6	0.0	0.0
226	__protein2_rbs	12.2	0.0	0.0
226	__protein3_rbs	3.2	0.0	0.0
226	__ribosome	22.0	0.0	0.0
226	__rnase_site_ext	20.8	0.0	0.0
226	p0	1.0	0.0	0.0
226	p1	0.4	0.0	0.0
226	p2	0.6	0.0	0.0
226	protein1	1177.6	18.6	1.7327076000000001
226	protein2	1238.2	20.0	1.8179562
226	protein3	263.4	5.8	1.8261906
226	r2	5.6	0.0	0.0
226	rnapol	1.0	0.0	0.0
227	__protein1_rbs	11.8	0.0	0.0
227	__protein2_rbs	14.6	0.0	0.0
227	__protein3_rbs	4.4	0.0	0.0
227	__ribosome	26.2	0.0	0.0
227	__rnase_site_ext	20.6	0.0	0.0
227	p0	0.8	0.0	0.0
227	p1	0.8	0.0	0.0
227	p2	0.8	0.0	0.0
227	protein1	1186.4	18.6	1.6559677999999998
227	protein2	1245.6	20.0	1.7297463999999998
227	protein3	266.0	5.6	1.7390476000000001
227	r2	5.6	0.0	0.0
227	rnapol	0.8	0.0	0.0
228	__protein1_rbs	11.6	0.0	0.0
228	__protein2_rbs	12.2	0.0	0.0
228	__protein3_rbs	3.4	0.0	0.0
228	__ribosome	27.0	0.0	0.0
228	__rnase_site_ext	20.4	0.0	0.0
228	p0	0.8	0.0	0.0
228	p1	1.0	0.0	0.0
228	p2	0.8	0.0	0.0
228	protein1	1193.4	18.2	1.6586040000000002
228	protein2	1254.0	20.4	1.6952459999999998
228	protein3	268.8	5.6	1.6390476000000003
228	r2	5.6	0.0	0.0
228	rnapol	1.0	0.0	0.0
229	__protein1_rbs	12.0	0.0	0.0
229	__protein2_rbs	12.0	0.0	0.0
229	__protein3_rbs	3.8	0.0	0.0
229	__ribosome	23.8	0.0	0.0
229	__rnase_site_ext	20.8	0.0	0.0
229	p0	0.6	0.0	0.0
229	p1	0.6	0.0	0.0
229	p2	0.6	0.0	0.0
229	protein1	1198.8	18.2	1.7615648000000002
229	protein2	1261.2	20.4	1.7939092
229	protein3	271.2	5.6	1.5990476
229	r2	5.6	0.0	0.0
229	rnapol	0.4	0.0	0.0
230	__protein1_rbs	11.8	0.0	0.0
230	__protein2_rbs	13.6	0.0	0.0
230	__protein3_rbs	4.6	0.0	0.0
230	__ribosome	25.4	0.0	0.0
230	__rnase_site_ext	20.6	0.0	0.0
230	p0	1.0	0.0	0.0
230	p1	0.6	0.0	0.0
230	p2	0.8	0.0	0.0
230	protein1	1206.4	18.2	1.6851782
230	protein2	1269.8	20.8	1.7396306000000001
230	protein3	273.0	5.6	1.5566666
230	r2	5.4	0.0	0.0
230	rnapol	0.4	0.0	0.0
231	__protein1_rbs	11.4	0.0	0.0
231	__protein2_rbs	14.6	0.0	0.0
231	__protein3_rbs	3.4	0.0	0.0
231	__ribosome	25.0	0.0	0.0
231	__rnase_site_ext	20.2	0.0	0.0
231	p0	1.0	0.0	0.0
231	p1	0.8	0.0	0.0
231	p2	0.8	0.0	0.0
231	protein1	1213.8	18.4	1.6722431999999998
231	protein2	1276.6	21.0	1.7097932
231	protein3	274.6	5.2	1.66
231	r2	5.0	0.0	0.0
231	rnapol	0.6	0.0	0.0
232	__protein1_rbs	12.0	0.0	0.0
232	__protein2_rbs	13.6	0.0	0.0
232	__protein3_rbs	3.0	0.0	0.0
232	__ribosome	24.8	0.0	0.0
232	__rnase_site_ext	20.8	0.0	0.0
232	p0	0.6	0.0	0.0
232	p1	1.0	0.0	0.0
232	p2	0.6	0.0	0.0
232	protein1	1220.6	18.0	1.7078852000000002
232	protein2	1284.6	21.2	1.7495513999999999
232	protein3	277.0	5.0	1.5783334
232	r2	5.2	0.0	0.0
232	rnapol	0.2	0.0	0.0
233	__protein1_rbs	12.4	0.0	0.0
233	__protein2_rbs	14.2	0.0	0.0
233	__protein3_rbs	3.2	0.0	0.0
233	__ribosome	27.4	0.0	0.0
233	__rnase_site_ext	21.0	0.0	0.0
233	p0	0.8	0.0	0.0
233	p1	0.6	0.0	0.0
233	p2	1.0	0.0	0.0
233	protein1	1228.6	18.2	1.6096032
233	protein2	1293.2	21.0	1.6989493999999998
233	protein3	279.0	5.2	1.485
233	r2	5.4	0.0	0.0
233	rnapol	0.2	0.0	0.0
234	__protein1_rbs	12.0	0.0	0.0
234	__protein2_rbs	13.2	0.0	0.0
234	__protein3_rbs	3.4	0.0	0.0
234	__ribosome	23.4	0.0	0.0
234	__rnase_site_ext	20.8	0.0	0.0
234	p0	1.0	0.0	0.0
234	p1	0.6	0.0	0.0
234	p2	0.6	0.0	0.0
234	protein1	1233.4	18.4	1.783182
234	protein2	1301.8	20.8	1.7177894000000002
234	protein3	280.6	5.4	1.5666666
234	r2	5.2	0.0	0.0
234	rnapol	0.2	0.0	0.0
235	__protein1_rbs	12.8	0.0	0.0
235	__protein2_rbs	14.6	0.0	0.0
235	__protein3_rbs	3.0	0.0	0.0
235	__ribosome	24.0	0.0	0.0
235	__rnase_site_ext	20.6	0.0	0.0
235	p0	1.0	0.0	0.0
235	p1	0.8	0.0	0.0
235	p2	1.0	0.0	0.0
235	protein1	1240.2	18.6	1.7563636000000002
235	protein2	1309.6	21.0	1.6804613999999998
235	protein3	283.0	5.2	1.7166666000000002
235	r2	5.4	0.0	0.0
235	rnapol	0.6	0.0	0.0
236	__protein1_rbs	12.4	0.0	0.0
236	__protein2_rbs	13.4	0.0	0.0
236	__protein3_rbs	3.6	0.0	0.0
236	__ribosome	24.0	0.0	0.0
236	__rnase_site_ext	20.2	0.0	0.0
236	p0	0.8	0.0	0.0
236	p1	0.6	0.0	0.0
236	p2	0.6	0.0	0.0
236	protein1	1248.4	18.2	1.7234953999999998
236	protein2	1317.0	21.2	1.7201615999999995
236	protein3	284.4	5.2	1.7616666
236	r2	5.2	0.0	0.0
236	rnapol	0.4	0.0	0.0
237	__protein1_rbs	11.6	0.0	0.0
237	__protein2_rbs	13.6	0.0	0.0
237	__protein3_rbs	3.4	0.0	0.0
237	__ribosome	23.2	0.0	0.0
237	__rnase_site_ext	20.6	0.0	0.0
237	p0	1.0	0.0	0.0
237	p1	0.8	0.0	0.0
237	p2	0.8	0.0	0.0
237	protein1	1254.8	18.0	1.8102554
237	protein2	1326.6	21.2	1.6565632
237	protein3	285.8	5.2	1.9333332
237	r2	5.6	0.0	0.0
237	rnapol	0.8	0.0	0.0
238	__protein1_rbs	11.2	0.0	0.0
238	__protein2_rbs	12.8	0.0	0.0
238	__protein3_rbs	3.8	0.0	0.0
238	__ribosome	24.0	0.0	0.0
238	__rnase_site_ext	20.4	0.0	0.0
238	p0	0.8	0.0	0.0
238	p1	0.8	0.0	0.0
238	p2	1.0	0.0	0.0
238	protein1	1262.4	18.2	1.8142424
238	protein2	1334.0	20.8	1.6945072
238	protein3	289.0	5.6	1.4666666000000002
238	r2	5.6	0.0	0.0
238	rnapol	0.8	0.0	0.0
239	__protein1_rbs	12.0	0.0	0.0
239	__protein2_rbs	12.4	0.0	0.0
239	__protein3_rbs	4.4	0.0	0.0
239	__ribosome	26.0	0.0	0.0
239	__rnase_site_ext	21.0	0.0	0.0
239	p0	0.8	0.0	0.0
239	p1	0.6	0.0	0.0
239	p2	1.0	0.0	0.0
239	protein1	1270.2	18.0	1.6902012
239	protein2	1341.8	20.4	1.7830646
239	protein3	291.2	5.6	1.325
239	r2	5.6	0.0	0.0
239	rnapol	0.6	0.0	0.0
240	__protein1_rbs	12.0	0.0	0.0
240	__protein2_rbs	14.4	0.0	0.0
240	__protein3_rbs	2.6	0.0	0.0
240	__ribosome	23.6	0.0	0.0
240	__rnase_site_ext	20.8	0.0	0.0
240	p0	1.0	0.0	0.0
240	p1	0.8	0.0	0.0
240	p2	1.0	0.0	0.0
240	protein1	1277.0	18.4	1.6941446000000002
240	protein2	1348.8	20.6	1.766328
240	protein3	292.8	5.6	1.5416666
240	r2	5.8	0.0	0.0
240	rnapol	0.8	0.0	0.0
241	__protein1_rbs	12.2	0.0	0.0
241	__protein2_rbs	12.4	0.0	0.0
241	__protein3_rbs	4.4	0.0	0.0
241	__ribosome	22.8	0.0	0.0
241	__rnase_site_ext	20.8	0.0	0.0
241	p0	0.6	0.0	0.0
241	p1	1.0	0.0	0.0
241	p2	0.8	0.0	0.0
241	protein1	1283.4	18.4	1.6902583999999998
241	protein2	1356.2	20.8	1.8198130000000001
241	protein3	295.2	5.8	1.3333334
241	r2	6.0	0.0	0.0
241	rnapol	0.4	0.0	0.0
242	__protein1_rbs	12.2	0.0	0.0
242	__protein2_rbs	15.6	0.0	0.0
242	__protein3_rbs	3.4	0.0	0.0
242	__ribosome	27.2	0.0	0.0
242	__rnase_site_ext	20.6	0.0	0.0
242	p0	0.8	0.0	0.0
242	p1	0.8	0.0	0.0
242	p2	0.6	0.0	0.0
242	protein1	1290.8	18.2	1.6301922000000002
242	protein2	1366.2	20.8	1.6225978
242	protein3	296.6	6.0	1.4811112
242	r2	6.0	0.0	0.0
242	rnapol	0.4	0.0	0.0
243	__protein1_rbs	11.8	0.0	0.0
243	__protein2_rbs	12.2	0.0	0.0
243	__protein3_rbs	4.0	0.0	0.0
243	__ribosome	24.6	0.0	0.0
243	__rnase_site_ext	21.0	0.0	0.0
243	p0	0.6	0.0	0.0
243	p1	1.0	0.0	0.0
243	p2	0.8	0.0	0.0
243	protein1	1297.0	18.4	1.7023400000000002
243	protein2	1374.2	20.2	1.6987022
243	protein3	298.4	6.0	1.6777778
243	r2	6.0	0.0	0.0
243	rnapol	0.4	0.0	0.0
244	__protein1_rbs	12.2	0.0	0.0
244	__protein2_rbs	14.2	0.0	0.0
244	__protein3_rbs	4.2	0.0	0.0
244	__ribosome	25.6	0.0	0.0
244	__rnase_site_ext	20.8	0.0	0.0
244	p0	1.0	0.0	0.0
244	p1	0.6	0.0	0.0
244	p2	0.8	0.0	0.0
244	protein1	1304.8	18.8	1.7142066000000002
244	protein2	1382.8	20.2	1.6080953999999998
244	protein3	300.6	6.0	1.6966666000000001
244	r2	6.0	0.0	0.0
244	rnapol	0.4	0.0	0.0
245	__protein1_rbs	12.0	0.0	0.0
245	__protein2_rbs	13.4	0.0	0.0
245	__protein3_rbs	3.2	0.0	0.0
245	__ribosome	25.4	0.0	0.0
245	__rnase_site_ext	20.6	0.0	0.0
245	p0	1.0	0.0	0.0
245	p1	0.4	0.0	0.0
245	p2	0.8	0.0	0.0
245	protein1	1311.8	18.6	1.7331792000000001
245	protein2	1390.8	20.0	1.5718688
245	protein3	302.4	5.8	1.9133332
245	r2	6.2	0.0	0.0
245	rnapol	0.8	0.0	0.0
246	__protein1_rbs	13.0	0.0	0.0
246	__protein2_rbs	11.2	0.0	0.0
246	__protein3_rbs	4.4	0.0	0.0
246	__ribosome	24.4	0.0	0.0
246	__rnase_site_ext	20.4	0.0	0.0
246	p0	0.8	0.0	0.0
246	p1	0.8	0.0	0.0
246	p2	0.8	0.0	0.0
246	protein1	1318.8	18.4	1.7301866
246	protein2	1397.6	19.6	1.7234161999999995
246	protein3	304.8	6.2	1.6716666
246	r2	6.0	0.0	0.0
246	rnapol	0.6	0.0	0.0
247	__protein1_rbs	12.8	0.0	0.0
247	__protein2_rbs	12.0	0.0	0.0
247	__protein3_rbs	3.8	0.0	0.0
247	__ribosome	23.6	0.0	0.0
247	__rnase_site_ext	20.2	0.0	0.0
247	p0	1.0	0.0	0.0
247	p1	0.4	0.0	0.0
247	p2	0.8	0.0	0.0
247	protein1	1324.4	18.4	1.7849078000000005
247	protein2	1405.2	20.0	1.6949502
247	protein3	307.6	6.0	1.6716668000000001
247	r2	6.2	0.0	0.0
247	rnapol	0.8	0.0	0.0
248	__protein1_rbs	11.0	0.0	0.0
248	__protein2_rbs	13.0	0.0	0.0
248	__protein3_rbs	3.4	0.0	0.0
248	__ribosome	24.4	0.0	0.0
248	__rnase_site_ext	20.0	0.0	0.0
248	p0	0.8	0.0	0.0
248	p1	0.6	0.0	0.0
248	p2	1.0	0.0	0.0
248	protein1	1334.2	18.0	1.6665056
248	protein2	1413.0	19.8	1.7560787999999998
248	protein3	309.2	6.2	1.8045238
248	r2	6.2	0.0	0.0
248	rnapol	0.6	0.0	0.0
249	__protein1_rbs	12.2	0.0	0.0
249	__protein2_rbs	13.4	0.0	0.0
249	__protein3_rbs	4.4	0.0	0.0
249	__ribosome	24.0	0.0	0.0
249	__rnase_site_ext	20.0	0.0	0.0
249	p0	0.8	0.0	0.0
249	p1	0.8	0.0	0.0
249	p2	1.0	0.0	0.0
249	protein1	1339.8	18.0	1.7077950000000002
249	protein2	1419.8	20.0	1.766061
249	protein3	312.0	6.2	1.6895238000000001
249	r2	6.4	0.0	0.0
249	rnapol	0.4	0.0	0.0
250	__protein1_rbs	9.4	0.0	0.0
250	__protein2_rbs	10.2	0.0	0.0
250	__protein3_rbs	3.6	0.0	0.0
250	__ribosome	21.6	0.0	0.0
250	__rnase_site_ext	15.0	0.0	0.0
250	p0	0.6	0.0	0.0
250	p1	0.6	0.0	0.0
250	p2	0.4	0.0	0.0
250	protein1	1054.2	13.6	1.3101024
250	protein2	1125.4	15.6	1.3966631999999999
250	protein3	262.6	5.4	1.3773807999999998
250	r2	5.4	0.0	0.0
250	rnapol	0.2	0.0	0.0
