time	species	protein	transcript	ribo_density
0	__protein1_rbs	0.0	0.0	0.0
0	__protein2_rbs	0.0	0.0	0.0
0	__protein3_rbs	0.0	0.0	0.0
0	__ribosome	100.0	0.0	0.0
0	__rnase_site_ext	0.0	0.0	0.0
0	p0	1.0	0.0	0.0
0	p1	1.0	0.0	0.0
0	r2	0.0	0.0	0.0
0	rnapol	4.0	0.0	0.0
1	__protein1_rbs	0.0	0.0	0.0
1	__protein2_rbs	0.0	0.0	0.0
1	__protein3_rbs	0.0	0.0	0.0
1	__ribosome	100.0	0.0	0.0
1	__rnase_site_ext	1.4	0.0	0.0
1	p0	0.2	0.0	0.0
1	p1	0.6	0.0	0.0
1	r2	0.0	0.0	0.0
1	rnapol	2.6	0.0	0.0
2	__protein1_rbs	0.6	0.0	0.0
2	__protein2_rbs	0.0	0.0	0.0
2	__protein3_rbs	0.0	0.0	0.0
2	__ribosome	99.6	0.0	0.0
2	__rnase_site_ext	2.2	0.0	0.0
2	p0	0.4	0.0	0.0
2	p1	1.0	0.0	0.0
2	protein1	0.0	1.0	0.4
2	r2	0.0	0.0	0.0
2	rnapol	1.8	0.0	0.0
3	__protein1_rbs	0.2	0.0	0.0
3	__protein2_rbs	0.0	0.0	0.0
3	__protein3_rbs	0.0	0.0	0.0
3	__ribosome	98.4	0.0	0.0
3	__rnase_site_ext	2.8	0.0	0.0
3	p0	0.4	0.0	0.0
3	p1	1.0	0.0	0.0
3	protein1	0.0	1.2	0.9
3	protein2	0.0	0.6	0.6
3	r2	0.0	0.0	0.0
3	rnapol	1.0	0.0	0.0
4	__protein1_rbs	0.8	0.0	0.0
4	__protein2_rbs	0.2	0.0	0.0
4	__protein3_rbs	0.0	0.0	0.0
4	__ribosome	97.2	0.0	0.0
4	__rnase_site_ext	3.4	0.0	0.0
4	p0	0.6	0.0	0.0
4	p1	0.8	0.0	0.0
4	protein1	0.0	1.8	1.2
4	protein2	0.0	0.8	0.8
4	r2	0.0	0.0	0.0
4	rnapol	0.4	0.0	0.0
5	__protein1_rbs	1.6	0.0	0.0
5	__protein2_rbs	0.6	0.0	0.0
5	__protein3_rbs	0.0	0.0	0.0
5	__ribosome	96.0	0.0	0.0
5	__rnase_site_ext	3.6	0.0	0.0
5	p0	1.0	0.0	0.0
5	p1	1.0	0.0	0.0
5	protein1	0.0	2.4	1.2
5	protein2	0.0	1.0	1.2
5	r2	0.0	0.0	0.0
5	rnapol	0.4	0.0	0.0
6	__protein1_rbs	1.4	0.0	0.0
6	__protein2_rbs	0.4	0.0	0.0
6	__protein3_rbs	0.0	0.0	0.0
6	__ribosome	94.0	0.0	0.0
6	__rnase_site_ext	3.6	0.0	0.0
6	p0	0.8	0.0	0.0
6	p1	1.0	0.0	0.0
6	protein1	0.0	2.6	1.6666668000000002
6	protein2	0.0	1.0	1.8
6	r2	0.2	0.0	0.0
6	rnapol	0.4	0.0	0.0
7	__protein1_rbs	0.2	0.0	0.0
7	__protein2_rbs	0.6	0.0	0.0
7	__protein3_rbs	0.0	0.0	0.0
7	__ribosome	91.8	0.0	0.0
7	__rnase_site_ext	4.0	0.0	0.0
7	p0	0.8	0.0	0.0
7	p1	1.0	0.0	0.0
7	protein1	0.4	2.6	2.2666666
7	protein2	0.0	1.0	2.4
7	r2	0.4	0.0	0.0
7	rnapol	0.2	0.0	0.0
8	__protein1_rbs	0.6	0.0	0.0
8	__protein2_rbs	0.2	0.0	0.0
8	__protein3_rbs	0.0	0.0	0.0
8	__ribosome	89.6	0.0	0.0
8	__rnase_site_ext	4.2	0.0	0.0
8	p0	1.0	0.0	0.0
8	p1	1.0	0.0	0.0
8	protein1	1.0	3.0	2.6333332
8	protein2	0.4	1.0	2.8
8	r2	0.6	0.0	0.0
8	rnapol	0.4	0.0	0.0
9	__protein1_rbs	1.2	0.0	0.0
9	__protein2_rbs	0.4	0.0	0.0
9	__protein3_rbs	0.0	0.0	0.0
9	__ribosome	88.4	0.0	0.0
9	__rnase_site_ext	4.2	0.0	0.0
9	p0	1.0	0.0	0.0
9	p1	0.6	0.0	0.0
9	protein1	1.8	3.0	2.8666666000000003
9	protein2	0.8	1.0	3.2
9	r2	1.0	0.0	0.0
9	rnapol	0.6	0.0	0.0
10	__protein1_rbs	0.6	0.0	0.0
10	__protein2_rbs	0.6	0.0	0.0
10	__protein3_rbs	0.0	0.0	0.0
10	__ribosome	87.2	0.0	0.0
10	__rnase_site_ext	4.6	0.0	0.0
10	p0	0.8	0.0	0.0
10	p1	0.2	0.0	0.0
10	protein1	3.0	3.2	3.0333334
10	protein2	1.4	1.0	3.0
10	protein3	0.0	0.2	0.2
10	r2	1.0	0.0	0.0
10	rnapol	0.2	0.0	0.0
11	__protein1_rbs	0.8	0.0	0.0
11	__protein2_rbs	0.4	0.0	0.0
11	__protein3_rbs	0.2	0.0	0.0
11	__ribosome	86.0	0.0	0.0
11	__rnase_site_ext	4.6	0.0	0.0
11	p0	1.0	0.0	0.0
11	p1	0.6	0.0	0.0
11	protein1	4.4	3.4	3.1666666
11	protein2	2.0	1.4	2.5
11	protein3	0.0	0.2	0.2
11	r2	1.0	0.0	0.0
11	rnapol	0.2	0.0	0.0
12	__protein1_rbs	1.2	0.0	0.0
12	__protein2_rbs	0.6	0.0	0.0
12	__protein3_rbs	0.0	0.0	0.0
12	__ribosome	84.6	0.0	0.0
12	__rnase_site_ext	4.8	0.0	0.0
12	p0	0.8	0.0	0.0
12	p1	0.4	0.0	0.0
12	protein1	6.4	3.6	3.12
12	protein2	2.6	1.8	2.3
12	protein3	0.0	0.4	0.6
12	r2	1.0	0.0	0.0
12	rnapol	0.2	0.0	0.0
13	__protein1_rbs	1.2	0.0	0.0
13	__protein2_rbs	1.4	0.0	0.0
13	__protein3_rbs	0.2	0.0	0.0
13	__ribosome	83.4	0.0	0.0
13	__rnase_site_ext	4.6	0.0	0.0
13	p0	1.0	0.0	0.0
13	p1	0.6	0.0	0.0
13	protein1	8.0	3.6	3.21
13	protein2	3.0	2.2	2.0
13	protein3	0.0	0.8	1.2
13	r2	1.0	0.0	0.0
13	rnapol	0.2	0.0	0.0
14	__protein1_rbs	1.8	0.0	0.0
14	__protein2_rbs	0.8	0.0	0.0
14	__protein3_rbs	0.6	0.0	0.0
14	__ribosome	82.0	0.0	0.0
14	__rnase_site_ext	4.6	0.0	0.0
14	p0	1.0	0.0	0.0
14	p1	0.6	0.0	0.0
14	protein1	9.8	3.8	3.15
14	protein2	3.8	2.6	1.9
14	protein3	0.0	0.8	1.4
14	r2	1.0	0.0	0.0
14	rnapol	0.2	0.0	0.0
15	__protein1_rbs	1.2	0.0	0.0
15	__protein2_rbs	1.2	0.0	0.0
15	__protein3_rbs	0.2	0.0	0.0
15	__ribosome	81.2	0.0	0.0
15	__rnase_site_ext	4.8	0.0	0.0
15	p0	1.0	0.0	0.0
15	p1	0.8	0.0	0.0
15	protein1	12.0	3.6	3.1833334
15	protein2	4.6	3.0	1.7833333999999998
15	protein3	0.2	0.8	1.8
15	r2	1.2	0.0	0.0
15	rnapol	0.4	0.0	0.0
16	__protein1_rbs	1.6	0.0	0.0
16	__protein2_rbs	1.2	0.0	0.0
16	__protein3_rbs	0.4	0.0	0.0
16	__ribosome	79.8	0.0	0.0
16	__rnase_site_ext	5.0	0.0	0.0
16	p0	1.0	0.0	0.0
16	p1	1.0	0.0	0.0
16	protein1	14.4	3.8	2.9666666
16	protein2	5.0	3.2	2.0833334
16	protein3	0.2	0.8	2.2
16	r2	1.8	0.0	0.0
16	rnapol	0.8	0.0	0.0
17	__protein1_rbs	1.0	0.0	0.0
17	__protein2_rbs	1.0	0.0	0.0
17	__protein3_rbs	0.2	0.0	0.0
17	__ribosome	76.6	0.0	0.0
17	__rnase_site_ext	5.4	0.0	0.0
17	p0	0.6	0.0	0.0
17	p1	0.6	0.0	0.0
17	protein1	16.8	4.0	2.9833334
17	protein2	5.4	3.2	2.7166666
17	protein3	0.4	0.8	2.8
17	r2	2.0	0.0	0.0
17	rnapol	0.8	0.0	0.0
18	__protein1_rbs	1.4	0.0	0.0
18	__protein2_rbs	0.8	0.0	0.0
18	__protein3_rbs	0.4	0.0	0.0
18	__ribosome	75.6	0.0	0.0
18	__rnase_site_ext	5.6	0.0	0.0
18	p0	0.8	0.0	0.0
18	p1	0.4	0.0	0.0
18	protein1	19.0	4.0	3.0733334
18	protein2	6.4	3.2	2.95
18	protein3	1.0	0.8	2.6
18	r2	2.4	0.0	0.0
18	rnapol	0.8	0.0	0.0
19	__protein1_rbs	1.4	0.0	0.0
19	__protein2_rbs	1.0	0.0	0.0
19	__protein3_rbs	0.6	0.0	0.0
19	__ribosome	75.4	0.0	0.0
19	__rnase_site_ext	6.2	0.0	0.0
19	p0	0.8	0.0	0.0
19	p1	0.6	0.0	0.0
19	protein1	21.4	4.4	2.92
19	protein2	8.4	3.4	2.8666666000000003
19	protein3	1.6	0.8	2.0
19	r2	2.8	0.0	0.0
19	rnapol	0.8	0.0	0.0
20	__protein1_rbs	1.4	0.0	0.0
20	__protein2_rbs	1.4	0.0	0.0
20	__protein3_rbs	0.0	0.0	0.0
20	__ribosome	74.0	0.0	0.0
20	__rnase_site_ext	6.8	0.0	0.0
20	p0	0.8	0.0	0.0
20	p1	0.8	0.0	0.0
20	protein1	23.4	4.6	2.8933334000000004
20	protein2	10.0	4.0	2.6366666000000003
20	protein3	2.2	0.8	2.2
20	r2	3.2	0.0	0.0
20	rnapol	0.8	0.0	0.0
21	__protein1_rbs	2.6	0.0	0.0
21	__protein2_rbs	1.8	0.0	0.0
21	__protein3_rbs	0.4	0.0	0.0
21	__ribosome	73.4	0.0	0.0
21	__rnase_site_ext	7.0	0.0	0.0
21	p0	1.0	0.0	0.0
21	p1	1.0	0.0	0.0
21	protein1	25.4	5.0	2.6566666000000003
21	protein2	12.2	4.2	2.5866666
21	protein3	2.6	1.2	1.8
21	r2	3.2	0.0	0.0
21	rnapol	0.4	0.0	0.0
22	__protein1_rbs	2.2	0.0	0.0
22	__protein2_rbs	1.0	0.0	0.0
22	__protein3_rbs	0.6	0.0	0.0
22	__ribosome	70.2	0.0	0.0
22	__rnase_site_ext	7.0	0.0	0.0
22	p0	1.0	0.0	0.0
22	p1	0.8	0.0	0.0
22	protein1	27.8	5.2	2.73
22	protein2	13.2	4.4	3.08
22	protein3	3.2	1.2	1.8
22	r2	3.2	0.0	0.0
22	rnapol	0.2	0.0	0.0
23	__protein1_rbs	1.6	0.0	0.0
23	__protein2_rbs	2.6	0.0	0.0
23	__protein3_rbs	0.0	0.0	0.0
23	__ribosome	69.0	0.0	0.0
23	__rnase_site_ext	7.2	0.0	0.0
23	p0	0.8	0.0	0.0
23	p1	0.8	0.0	0.0
23	protein1	30.0	5.2	2.8933334000000004
23	protein2	15.6	4.4	2.84
23	protein3	3.4	1.4	2.7
23	r2	3.2	0.0	0.0
23	rnapol	0.0	0.0	0.0
24	__protein1_rbs	1.2	0.0	0.0
24	__protein2_rbs	1.0	0.0	0.0
24	__protein3_rbs	0.8	0.0	0.0
24	__ribosome	67.2	0.0	0.0
24	__rnase_site_ext	7.2	0.0	0.0
24	p0	0.8	0.0	0.0
24	p1	0.8	0.0	0.0
24	protein1	32.6	5.2	3.04
24	protein2	18.2	4.4	3.03
24	protein3	3.6	1.4	2.8
24	r2	3.6	0.0	0.0
24	rnapol	0.2	0.0	0.0
25	__protein1_rbs	2.8	0.0	0.0
25	__protein2_rbs	1.6	0.0	0.0
25	__protein3_rbs	0.2	0.0	0.0
25	__ribosome	67.2	0.0	0.0
25	__rnase_site_ext	7.4	0.0	0.0
25	p0	0.6	0.0	0.0
25	p1	0.6	0.0	0.0
25	protein1	35.6	5.2	2.9633332
25	protein2	20.6	4.6	2.98
25	protein3	4.4	1.4	3.1
25	r2	4.2	0.0	0.0
25	rnapol	0.6	0.0	0.0
26	__protein1_rbs	2.0	0.0	0.0
26	__protein2_rbs	1.6	0.0	0.0
26	__protein3_rbs	1.0	0.0	0.0
26	__ribosome	66.8	0.0	0.0
26	__rnase_site_ext	7.8	0.0	0.0
26	p0	0.8	0.0	0.0
26	p1	0.4	0.0	0.0
26	protein1	38.8	5.6	2.7676192000000004
26	protein2	22.8	4.8	2.98
26	protein3	5.2	1.4	2.6
26	r2	4.4	0.0	0.0
26	rnapol	0.6	0.0	0.0
27	__protein1_rbs	2.8	0.0	0.0
27	__protein2_rbs	2.4	0.0	0.0
27	__protein3_rbs	0.6	0.0	0.0
27	__ribosome	68.0	0.0	0.0
27	__rnase_site_ext	8.2	0.0	0.0
27	p0	0.6	0.0	0.0
27	p1	0.6	0.0	0.0
27	protein1	42.0	5.8	2.6695238
27	protein2	26.4	5.0	2.56
27	protein3	5.8	1.4	2.8
27	r2	4.6	0.0	0.0
27	rnapol	0.4	0.0	0.0
28	__protein1_rbs	2.6	0.0	0.0
28	__protein2_rbs	1.8	0.0	0.0
28	__protein3_rbs	0.6	0.0	0.0
28	__ribosome	65.6	0.0	0.0
28	__rnase_site_ext	8.2	0.0	0.0
28	p0	0.8	0.0	0.0
28	p1	0.6	0.0	0.0
28	protein1	44.0	5.8	2.7261904
28	protein2	27.6	5.2	2.8866666000000003
28	protein3	6.8	1.4	2.7
28	r2	4.8	0.0	0.0
28	rnapol	0.6	0.0	0.0
29	__protein1_rbs	2.8	0.0	0.0
29	__protein2_rbs	2.6	0.0	0.0
29	__protein3_rbs	0.4	0.0	0.0
29	__ribosome	65.8	0.0	0.0
29	__rnase_site_ext	8.4	0.0	0.0
29	p0	0.8	0.0	0.0
29	p1	0.8	0.0	0.0
29	protein1	47.6	6.2	2.4647620000000003
29	protein2	30.6	5.6	2.6800002
29	protein3	7.4	1.4	2.9
29	r2	4.8	0.0	0.0
29	rnapol	0.4	0.0	0.0
30	__protein1_rbs	3.4	0.0	0.0
30	__protein2_rbs	2.8	0.0	0.0
30	__protein3_rbs	0.6	0.0	0.0
30	__ribosome	66.0	0.0	0.0
30	__rnase_site_ext	8.8	0.0	0.0
30	p0	0.8	0.0	0.0
30	p1	0.6	0.0	0.0
30	protein1	50.6	6.6	2.327381
30	protein2	33.6	6.0	2.5695236
30	protein3	8.4	1.4	2.6
30	r2	4.8	0.0	0.0
30	rnapol	0.2	0.0	0.0
31	__protein1_rbs	1.6	0.0	0.0
31	__protein2_rbs	3.2	0.0	0.0
31	__protein3_rbs	0.2	0.0	0.0
31	__ribosome	64.4	0.0	0.0
31	__rnase_site_ext	9.0	0.0	0.0
31	p0	0.6	0.0	0.0
31	p1	0.8	0.0	0.0
31	protein1	54.2	6.6	2.5557142
31	protein2	37.0	6.2	2.3571428
31	protein3	8.8	1.4	3.1
31	r2	5.0	0.0	0.0
31	rnapol	0.0	0.0	0.0
32	__protein1_rbs	2.0	0.0	0.0
32	__protein2_rbs	1.8	0.0	0.0
32	__protein3_rbs	0.4	0.0	0.0
32	__ribosome	60.2	0.0	0.0
32	__rnase_site_ext	9.2	0.0	0.0
32	p0	0.6	0.0	0.0
32	p1	0.6	0.0	0.0
32	protein1	56.4	6.6	2.9178572
32	protein2	39.0	6.2	2.7142860000000004
32	protein3	9.6	1.4	3.3
32	r2	5.2	0.0	0.0
32	rnapol	0.0	0.0	0.0
33	__protein1_rbs	2.8	0.0	0.0
33	__protein2_rbs	1.8	0.0	0.0
33	__protein3_rbs	0.6	0.0	0.0
33	__ribosome	59.6	0.0	0.0
33	__rnase_site_ext	9.0	0.0	0.0
33	p0	1.0	0.0	0.0
33	p1	0.6	0.0	0.0
33	protein1	59.6	7.0	2.7477777999999997
33	protein2	42.8	6.4	2.6857144
33	protein3	10.2	1.4	3.2
33	r2	5.2	0.0	0.0
33	rnapol	0.0	0.0	0.0
34	__protein1_rbs	3.6	0.0	0.0
34	__protein2_rbs	3.6	0.0	0.0
34	__protein3_rbs	0.6	0.0	0.0
34	__ribosome	60.0	0.0	0.0
34	__rnase_site_ext	8.8	0.0	0.0
34	p0	1.0	0.0	0.0
34	p1	0.6	0.0	0.0
34	protein1	63.0	7.2	2.6294444
34	protein2	46.0	6.6	2.5642857999999995
34	protein3	10.8	1.4	3.4
34	r2	5.6	0.0	0.0
34	rnapol	0.2	0.0	0.0
35	__protein1_rbs	3.6	0.0	0.0
35	__protein2_rbs	3.0	0.0	0.0
35	__protein3_rbs	0.2	0.0	0.0
35	__ribosome	58.2	0.0	0.0
35	__rnase_site_ext	8.8	0.0	0.0
35	p0	0.6	0.0	0.0
35	p1	0.4	0.0	0.0
35	protein1	65.8	6.8	2.8309523999999997
35	protein2	48.6	6.8	2.6869048
35	protein3	11.8	1.4	3.6
35	r2	6.2	0.0	0.0
35	rnapol	0.4	0.0	0.0
36	__protein1_rbs	3.0	0.0	0.0
36	__protein2_rbs	4.2	0.0	0.0
36	__protein3_rbs	0.8	0.0	0.0
36	__ribosome	60.4	0.0	0.0
36	__rnase_site_ext	9.0	0.0	0.0
36	p0	1.0	0.0	0.0
36	p1	0.4	0.0	0.0
36	protein1	70.2	6.8	2.7390476
36	protein2	52.0	7.2	2.4460316000000004
36	protein3	13.2	1.4	2.7
36	r2	6.4	0.0	0.0
36	rnapol	0.4	0.0	0.0
37	__protein1_rbs	2.6	0.0	0.0
37	__protein2_rbs	3.4	0.0	0.0
37	__protein3_rbs	0.6	0.0	0.0
37	__ribosome	58.6	0.0	0.0
37	__rnase_site_ext	9.2	0.0	0.0
37	p0	0.8	0.0	0.0
37	p1	0.6	0.0	0.0
37	protein1	73.6	7.0	2.7176984
37	protein2	55.0	7.6	2.4654764
37	protein3	14.2	1.4	2.6
37	r2	6.6	0.0	0.0
37	rnapol	0.6	0.0	0.0
38	__protein1_rbs	2.4	0.0	0.0
38	__protein2_rbs	3.0	0.0	0.0
38	__protein3_rbs	0.4	0.0	0.0
38	__ribosome	57.8	0.0	0.0
38	__rnase_site_ext	9.6	0.0	0.0
38	p0	0.4	0.0	0.0
38	p1	0.8	0.0	0.0
38	protein1	77.2	6.8	2.8535714
38	protein2	59.8	7.8	2.3369047999999997
38	protein3	14.6	1.6	2.8
38	r2	6.6	0.0	0.0
38	rnapol	0.2	0.0	0.0
39	__protein1_rbs	3.0	0.0	0.0
39	__protein2_rbs	3.8	0.0	0.0
39	__protein3_rbs	0.2	0.0	0.0
39	__ribosome	56.6	0.0	0.0
39	__rnase_site_ext	9.8	0.0	0.0
39	p0	0.6	0.0	0.0
39	p1	0.6	0.0	0.0
39	protein1	81.0	7.0	2.7910318
39	protein2	63.2	8.0	2.4091270000000002
39	protein3	15.4	1.6	2.9
39	r2	6.8	0.0	0.0
39	rnapol	0.2	0.0	0.0
40	__protein1_rbs	3.4	0.0	0.0
40	__protein2_rbs	3.4	0.0	0.0
40	__protein3_rbs	0.4	0.0	0.0
40	__ribosome	54.8	0.0	0.0
40	__rnase_site_ext	10.0	0.0	0.0
40	p0	0.8	0.0	0.0
40	p1	0.4	0.0	0.0
40	protein1	85.0	7.6	2.6307142000000003
40	protein2	66.6	8.2	2.5277778
40	protein3	16.4	1.6	2.9
40	r2	7.0	0.0	0.0
40	rnapol	0.2	0.0	0.0
41	__protein1_rbs	3.0	0.0	0.0
41	__protein2_rbs	3.4	0.0	0.0
41	__protein3_rbs	1.4	0.0	0.0
41	__ribosome	51.0	0.0	0.0
41	__rnase_site_ext	10.0	0.0	0.0
41	p0	0.8	0.0	0.0
41	p1	0.8	0.0	0.0
41	protein1	87.6	7.8	2.7976192
41	protein2	69.0	8.2	2.7972222
41	protein3	16.8	1.6	2.7
41	r2	7.2	0.0	0.0
41	rnapol	0.4	0.0	0.0
42	__protein1_rbs	3.2	0.0	0.0
42	__protein2_rbs	5.2	0.0	0.0
42	__protein3_rbs	0.8	0.0	0.0
42	__ribosome	51.8	0.0	0.0
42	__rnase_site_ext	10.4	0.0	0.0
42	p0	0.8	0.0	0.0
42	p1	1.0	0.0	0.0
42	protein1	92.2	7.6	2.8083334
42	protein2	73.4	8.6	2.6
42	protein3	17.6	1.6	2.9
42	r2	7.8	0.0	0.0
42	rnapol	0.4	0.0	0.0
43	__protein1_rbs	4.6	0.0	0.0
43	__protein2_rbs	3.4	0.0	0.0
43	__protein3_rbs	0.6	0.0	0.0
43	__ribosome	52.8	0.0	0.0
43	__rnase_site_ext	10.8	0.0	0.0
43	p0	0.8	0.0	0.0
43	p1	1.0	0.0	0.0
43	protein1	97.0	8.0	2.4988096000000004
43	protein2	77.8	8.4	2.6944446
43	protein3	18.4	1.6	2.9
43	r2	7.8	0.0	0.0
43	rnapol	0.4	0.0	0.0
44	__protein1_rbs	3.8	0.0	0.0
44	__protein2_rbs	3.8	0.0	0.0
44	__protein3_rbs	0.8	0.0	0.0
44	__ribosome	52.6	0.0	0.0
44	__rnase_site_ext	11.0	0.0	0.0
44	p0	0.8	0.0	0.0
44	p1	0.6	0.0	0.0
44	protein1	100.8	8.4	2.4438094
44	protein2	82.4	8.4	2.6583334
44	protein3	19.6	1.6	2.7
44	r2	8.2	0.0	0.0
44	rnapol	0.2	0.0	0.0
45	__protein1_rbs	5.6	0.0	0.0
45	__protein2_rbs	4.0	0.0	0.0
45	__protein3_rbs	1.0	0.0	0.0
45	__ribosome	54.8	0.0	0.0
45	__rnase_site_ext	11.2	0.0	0.0
45	p0	1.0	0.0	0.0
45	p1	0.8	0.0	0.0
45	protein1	105.0	8.6	2.303492
45	protein2	87.2	8.6	2.5222224
45	protein3	20.6	1.6	2.5
45	r2	8.4	0.0	0.0
45	rnapol	0.8	0.0	0.0
46	__protein1_rbs	3.0	0.0	0.0
46	__protein2_rbs	4.2	0.0	0.0
46	__protein3_rbs	1.2	0.0	0.0
46	__ribosome	54.6	0.0	0.0
46	__rnase_site_ext	11.2	0.0	0.0
46	p0	1.0	0.0	0.0
46	p1	0.8	0.0	0.0
46	protein1	109.4	8.8	2.382857
46	protein2	91.6	8.6	2.4305554000000003
46	protein3	21.2	1.8	2.1
46	r2	8.6	0.0	0.0
46	rnapol	0.8	0.0	0.0
47	__protein1_rbs	4.0	0.0	0.0
47	__protein2_rbs	4.0	0.0	0.0
47	__protein3_rbs	0.6	0.0	0.0
47	__ribosome	53.6	0.0	0.0
47	__rnase_site_ext	11.4	0.0	0.0
47	p0	0.6	0.0	0.0
47	p1	0.6	0.0	0.0
47	protein1	114.0	9.0	2.3221427999999995
47	protein2	95.8	8.8	2.443889
47	protein3	22.0	1.8	2.2
47	r2	8.4	0.0	0.0
47	rnapol	0.8	0.0	0.0
48	__protein1_rbs	4.6	0.0	0.0
48	__protein2_rbs	3.6	0.0	0.0
48	__protein3_rbs	1.2	0.0	0.0
48	__ribosome	51.2	0.0	0.0
48	__rnase_site_ext	12.0	0.0	0.0
48	p0	0.4	0.0	0.0
48	p1	0.8	0.0	0.0
48	protein1	116.0	8.8	2.6051585999999998
48	protein2	100.0	8.8	2.5594446
48	protein3	23.2	1.8	inf
48	r2	8.4	0.0	0.0
48	rnapol	0.4	0.0	0.0
49	__protein1_rbs	4.2	0.0	0.0
49	__protein2_rbs	4.2	0.0	0.0
49	__protein3_rbs	0.6	0.0	0.0
49	__ribosome	50.6	0.0	0.0
49	__rnase_site_ext	12.6	0.0	0.0
49	p0	1.0	0.0	0.0
49	p1	0.8	0.0	0.0
49	protein1	121.6	9.2	2.3906494
49	protein2	103.4	9.2	2.5572222
49	protein3	23.8	1.8	inf
49	r2	8.4	0.0	0.0
49	rnapol	0.4	0.0	0.0
50	__protein1_rbs	4.8	0.0	0.0
50	__protein2_rbs	4.2	0.0	0.0
50	__protein3_rbs	0.8	0.0	0.0
50	__ribosome	49.0	0.0	0.0
50	__rnase_site_ext	13.0	0.0	0.0
50	p0	0.6	0.0	0.0
50	p1	0.6	0.0	0.0
50	protein1	125.2	9.8	2.3831818
50	protein2	108.0	9.2	2.5127778
50	protein3	24.4	1.8	2.0
50	r2	8.8	0.0	0.0
50	rnapol	0.2	0.0	0.0
51	__protein1_rbs	6.0	0.0	0.0
51	__protein2_rbs	4.6	0.0	0.0
51	__protein3_rbs	0.8	0.0	0.0
51	__ribosome	50.8	0.0	0.0
51	__rnase_site_ext	13.0	0.0	0.0
51	p0	0.8	0.0	0.0
51	p1	0.8	0.0	0.0
51	protein1	130.6	10.0	2.1868685999999995
51	protein2	112.6	9.2	2.4849494
51	protein3	25.0	1.8	2.0333334
51	r2	9.0	0.0	0.0
51	rnapol	0.2	0.0	0.0
52	__protein1_rbs	3.8	0.0	0.0
52	__protein2_rbs	4.0	0.0	0.0
52	__protein3_rbs	0.8	0.0	0.0
52	__ribosome	47.6	0.0	0.0
52	__rnase_site_ext	13.0	0.0	0.0
52	p0	1.0	0.0	0.0
52	p1	0.8	0.0	0.0
52	protein1	135.0	10.0	2.352929
52	protein2	117.0	9.6	2.4957576
52	protein3	25.8	1.8	2.0666666
52	r2	8.8	0.0	0.0
52	rnapol	0.4	0.0	0.0
53	__protein1_rbs	4.2	0.0	0.0
53	__protein2_rbs	4.8	0.0	0.0
53	__protein3_rbs	1.2	0.0	0.0
53	__ribosome	47.4	0.0	0.0
53	__rnase_site_ext	13.4	0.0	0.0
53	p0	0.6	0.0	0.0
53	p1	1.0	0.0	0.0
53	protein1	139.2	10.0	2.4478788
53	protein2	122.0	9.4	2.5090908
53	protein3	26.6	1.6	2.3
53	r2	9.0	0.0	0.0
53	rnapol	0.6	0.0	0.0
54	__protein1_rbs	6.0	0.0	0.0
54	__protein2_rbs	4.2	0.0	0.0
54	__protein3_rbs	0.8	0.0	0.0
54	__ribosome	47.8	0.0	0.0
54	__rnase_site_ext	13.8	0.0	0.0
54	p0	0.6	0.0	0.0
54	p1	0.6	0.0	0.0
54	protein1	143.4	10.0	2.3856566000000003
54	protein2	126.6	9.6	2.459394
54	protein3	27.6	1.8	2.3
54	r2	9.0	0.0	0.0
54	rnapol	0.0	0.0	0.0
55	__protein1_rbs	5.0	0.0	0.0
55	__protein2_rbs	5.4	0.0	0.0
55	__protein3_rbs	1.4	0.0	0.0
55	__ribosome	47.0	0.0	0.0
55	__rnase_site_ext	13.6	0.0	0.0
55	p0	1.0	0.0	0.0
55	p1	0.8	0.0	0.0
55	protein1	148.2	10.2	2.4055554
55	protein2	130.0	9.6	2.5561618
55	protein3	28.8	1.8	1.9
55	r2	9.2	0.0	0.0
55	rnapol	0.2	0.0	0.0
56	__protein1_rbs	5.2	0.0	0.0
56	__protein2_rbs	4.0	0.0	0.0
56	__protein3_rbs	0.4	0.0	0.0
56	__ribosome	45.6	0.0	0.0
56	__rnase_site_ext	13.6	0.0	0.0
56	p0	0.8	0.0	0.0
56	p1	0.4	0.0	0.0
56	protein1	153.0	10.4	2.4044441999999995
56	protein2	136.0	9.8	2.5133334
56	protein3	29.4	1.8	2.2
56	r2	9.2	0.0	0.0
56	rnapol	0.0	0.0	0.0
57	__protein1_rbs	5.4	0.0	0.0
57	__protein2_rbs	6.0	0.0	0.0
57	__protein3_rbs	1.4	0.0	0.0
57	__ribosome	48.6	0.0	0.0
57	__rnase_site_ext	13.6	0.0	0.0
57	p0	0.8	0.0	0.0
57	p1	0.2	0.0	0.0
57	protein1	158.6	10.4	2.3062624
57	protein2	141.0	9.8	2.4139394
57	protein3	30.6	1.8	1.8
57	r2	9.6	0.0	0.0
57	rnapol	0.4	0.0	0.0
58	__protein1_rbs	5.2	0.0	0.0
58	__protein2_rbs	3.4	0.0	0.0
58	__protein3_rbs	0.8	0.0	0.0
58	__ribosome	46.8	0.0	0.0
58	__rnase_site_ext	13.6	0.0	0.0
58	p0	0.8	0.0	0.0
58	p1	0.6	0.0	0.0
58	protein1	162.8	10.4	2.349091
58	protein2	145.6	9.8	2.5432324
58	protein3	31.2	1.8	1.8666666
58	r2	9.8	0.0	0.0
58	rnapol	0.2	0.0	0.0
59	__protein1_rbs	5.0	0.0	0.0
59	__protein2_rbs	5.0	0.0	0.0
59	__protein3_rbs	0.8	0.0	0.0
59	__ribosome	47.6	0.0	0.0
59	__rnase_site_ext	13.8	0.0	0.0
59	p0	0.8	0.0	0.0
59	p1	0.6	0.0	0.0
59	protein1	167.6	10.2	2.3349496
59	protein2	150.2	10.2	2.4131816
59	protein3	32.4	2.0	1.8333334
59	r2	9.8	0.0	0.0
59	rnapol	0.4	0.0	0.0
60	__protein1_rbs	5.4	0.0	0.0
60	__protein2_rbs	5.6	0.0	0.0
60	__protein3_rbs	0.8	0.0	0.0
60	__ribosome	47.6	0.0	0.0
60	__rnase_site_ext	13.8	0.0	0.0
60	p0	0.6	0.0	0.0
60	p1	1.0	0.0	0.0
60	protein1	173.4	10.4	2.2709092
60	protein2	155.6	10.6	2.3034342
60	protein3	33.0	2.0	2.2666666
60	r2	9.8	0.0	0.0
60	rnapol	0.2	0.0	0.0
61	__protein1_rbs	4.0	0.0	0.0
61	__protein2_rbs	4.4	0.0	0.0
61	__protein3_rbs	1.0	0.0	0.0
61	__ribosome	44.2	0.0	0.0
61	__rnase_site_ext	14.0	0.0	0.0
61	p0	1.0	0.0	0.0
61	p1	0.6	0.0	0.0
61	protein1	178.0	10.6	2.3555556
61	protein2	159.8	10.8	2.4260607999999997
61	protein3	33.8	2.0	2.3
61	r2	9.8	0.0	0.0
61	rnapol	0.0	0.0	0.0
62	__protein1_rbs	6.2	0.0	0.0
62	__protein2_rbs	6.6	0.0	0.0
62	__protein3_rbs	1.0	0.0	0.0
62	__ribosome	43.4	0.0	0.0
62	__rnase_site_ext	14.0	0.0	0.0
62	p0	1.0	0.0	0.0
62	p1	0.4	0.0	0.0
62	protein1	182.2	10.8	2.35
62	protein2	163.6	11.0	2.4248484
62	protein3	34.8	2.2	2.3
62	r2	10.0	0.0	0.0
62	rnapol	0.2	0.0	0.0
63	__protein1_rbs	5.8	0.0	0.0
63	__protein2_rbs	6.2	0.0	0.0
63	__protein3_rbs	1.8	0.0	0.0
63	__ribosome	45.6	0.0	0.0
63	__rnase_site_ext	14.2	0.0	0.0
63	p0	0.8	0.0	0.0
63	p1	0.6	0.0	0.0
63	protein1	185.8	10.6	2.4211112
63	protein2	170.2	11.0	2.2418182
63	protein3	35.6	2.2	2.15
63	r2	10.2	0.0	0.0
63	rnapol	0.0	0.0	0.0
64	__protein1_rbs	6.2	0.0	0.0
64	__protein2_rbs	5.8	0.0	0.0
64	__protein3_rbs	1.2	0.0	0.0
64	__ribosome	45.8	0.0	0.0
64	__rnase_site_ext	14.6	0.0	0.0
64	p0	0.8	0.0	0.0
64	p1	1.0	0.0	0.0
64	protein1	191.6	10.8	2.2923076
64	protein2	175.0	11.4	2.2535664
64	protein3	36.8	2.2	2.15
64	r2	10.6	0.0	0.0
64	rnapol	0.4	0.0	0.0
65	__protein1_rbs	6.2	0.0	0.0
65	__protein2_rbs	7.8	0.0	0.0
65	__protein3_rbs	1.0	0.0	0.0
65	__ribosome	46.6	0.0	0.0
65	__rnase_site_ext	15.0	0.0	0.0
65	p0	0.8	0.0	0.0
65	p1	0.6	0.0	0.0
65	protein1	196.8	11.0	2.1441414
65	protein2	179.4	11.8	2.1619113999999997
65	protein3	37.8	2.2	2.2
65	r2	10.8	0.0	0.0
65	rnapol	0.2	0.0	0.0
66	__protein1_rbs	6.6	0.0	0.0
66	__protein2_rbs	5.4	0.0	0.0
66	__protein3_rbs	1.2	0.0	0.0
66	__ribosome	46.2	0.0	0.0
66	__rnase_site_ext	15.0	0.0	0.0
66	p0	1.0	0.0	0.0
66	p1	0.4	0.0	0.0
66	protein1	203.0	11.4	1.9226342000000003
66	protein2	184.8	11.8	2.2893474
66	protein3	38.6	2.4	2.25
66	r2	10.6	0.0	0.0
66	rnapol	0.2	0.0	0.0
67	__protein1_rbs	5.8	0.0	0.0
67	__protein2_rbs	9.2	0.0	0.0
67	__protein3_rbs	1.2	0.0	0.0
67	__ribosome	46.2	0.0	0.0
67	__rnase_site_ext	14.8	0.0	0.0
67	p0	0.4	0.0	0.0
67	p1	0.6	0.0	0.0
67	protein1	206.6	11.4	2.1015152
67	protein2	190.4	12.2	1.9974358000000003
67	protein3	39.6	2.2	2.85
67	r2	10.8	0.0	0.0
67	rnapol	0.0	0.0	0.0
68	__protein1_rbs	5.0	0.0	0.0
68	__protein2_rbs	7.2	0.0	0.0
68	__protein3_rbs	1.0	0.0	0.0
68	__ribosome	44.4	0.0	0.0
68	__rnase_site_ext	14.8	0.0	0.0
68	p0	1.0	0.0	0.0
68	p1	0.8	0.0	0.0
68	protein1	211.4	11.4	2.1827272
68	protein2	194.4	12.2	2.0814684
68	protein3	40.6	2.2	2.7833334
68	r2	11.0	0.0	0.0
68	rnapol	0.4	0.0	0.0
69	__protein1_rbs	5.2	0.0	0.0
69	__protein2_rbs	5.8	0.0	0.0
69	__protein3_rbs	1.0	0.0	0.0
69	__ribosome	41.4	0.0	0.0
69	__rnase_site_ext	15.0	0.0	0.0
69	p0	0.8	0.0	0.0
69	p1	0.8	0.0	0.0
69	protein1	215.0	11.6	2.3641958
69	protein2	201.0	12.4	2.0540792000000003
69	protein3	41.2	2.2	2.5666666
69	r2	11.2	0.0	0.0
69	rnapol	0.4	0.0	0.0
70	__protein1_rbs	6.0	0.0	0.0
70	__protein2_rbs	6.8	0.0	0.0
70	__protein3_rbs	1.4	0.0	0.0
70	__ribosome	41.4	0.0	0.0
70	__rnase_site_ext	15.0	0.0	0.0
70	p0	0.6	0.0	0.0
70	p1	1.0	0.0	0.0
70	protein1	220.2	11.4	2.3739396000000004
70	protein2	205.6	12.4	2.1350816000000004
70	protein3	42.6	2.2	2.3333332
70	r2	11.4	0.0	0.0
70	rnapol	0.4	0.0	0.0
71	__protein1_rbs	5.2	0.0	0.0
71	__protein2_rbs	6.2	0.0	0.0
71	__protein3_rbs	1.0	0.0	0.0
71	__ribosome	39.4	0.0	0.0
71	__rnase_site_ext	15.2	0.0	0.0
71	p0	1.0	0.0	0.0
71	p1	0.6	0.0	0.0
71	protein1	225.2	11.6	2.4617716
71	protein2	211.8	12.6	2.1384614
71	protein3	43.8	2.2	2.3
71	r2	11.8	0.0	0.0
71	rnapol	0.6	0.0	0.0
72	__protein1_rbs	6.2	0.0	0.0
72	__protein2_rbs	6.6	0.0	0.0
72	__protein3_rbs	0.6	0.0	0.0
72	__ribosome	38.4	0.0	0.0
72	__rnase_site_ext	15.8	0.0	0.0
72	p0	0.6	0.0	0.0
72	p1	0.8	0.0	0.0
72	protein1	230.8	11.6	2.3433564
72	protein2	215.4	12.6	2.2825172
72	protein3	44.6	2.2	2.5666666
72	r2	12.0	0.0	0.0
72	rnapol	0.2	0.0	0.0
73	__protein1_rbs	6.2	0.0	0.0
73	__protein2_rbs	7.2	0.0	0.0
73	__protein3_rbs	1.6	0.0	0.0
73	__ribosome	39.2	0.0	0.0
73	__rnase_site_ext	16.0	0.0	0.0
73	p0	0.6	0.0	0.0
73	p1	1.0	0.0	0.0
73	protein1	236.6	11.8	2.2220280000000003
73	protein2	220.0	13.0	2.2843154
73	protein3	45.6	2.0	3.0
73	r2	12.4	0.0	0.0
73	rnapol	0.2	0.0	0.0
74	__protein1_rbs	6.2	0.0	0.0
74	__protein2_rbs	6.6	0.0	0.0
74	__protein3_rbs	0.8	0.0	0.0
74	__ribosome	40.2	0.0	0.0
74	__rnase_site_ext	15.8	0.0	0.0
74	p0	1.0	0.0	0.0
74	p1	1.0	0.0	0.0
74	protein1	243.2	12.0	2.1106058
74	protein2	227.0	13.2	2.2157507999999995
74	protein3	46.8	2.2	2.9166666
74	r2	12.4	0.0	0.0
74	rnapol	0.2	0.0	0.0
75	__protein1_rbs	6.0	0.0	0.0
75	__protein2_rbs	6.2	0.0	0.0
75	__protein3_rbs	0.8	0.0	0.0
75	__ribosome	37.6	0.0	0.0
75	__rnase_site_ext	15.4	0.0	0.0
75	p0	0.6	0.0	0.0
75	p1	0.6	0.0	0.0
75	protein1	247.8	12.4	2.1382950000000003
75	protein2	232.8	13.0	2.3456043999999996
75	protein3	47.6	2.4	2.4166666
75	r2	12.6	0.0	0.0
75	rnapol	0.2	0.0	0.0
76	__protein1_rbs	6.4	0.0	0.0
76	__protein2_rbs	7.4	0.0	0.0
76	__protein3_rbs	1.8	0.0	0.0
76	__ribosome	41.2	0.0	0.0
76	__rnase_site_ext	15.4	0.0	0.0
76	p0	0.8	0.0	0.0
76	p1	0.4	0.0	0.0
76	protein1	254.0	11.8	2.1272293999999996
76	protein2	239.4	12.8	2.2584248
76	protein3	49.0	2.4	2.2333334
76	r2	12.6	0.0	0.0
76	rnapol	0.0	0.0	0.0
77	__protein1_rbs	7.2	0.0	0.0
77	__protein2_rbs	8.2	0.0	0.0
77	__protein3_rbs	0.8	0.0	0.0
77	__ribosome	40.2	0.0	0.0
77	__rnase_site_ext	14.8	0.0	0.0
77	p0	1.0	0.0	0.0
77	p1	0.4	0.0	0.0
77	protein1	258.0	11.6	2.2240326
77	protein2	244.6	12.8	2.2434066
77	protein3	50.4	2.6	1.8333334
77	r2	12.6	0.0	0.0
77	rnapol	0.0	0.0	0.0
78	__protein1_rbs	3.6	0.0	0.0
78	__protein2_rbs	6.6	0.0	0.0
78	__protein3_rbs	1.6	0.0	0.0
78	__ribosome	36.2	0.0	0.0
78	__rnase_site_ext	14.8	0.0	0.0
78	p0	0.6	0.0	0.0
78	p1	0.4	0.0	0.0
78	protein1	263.0	11.0	2.6222222000000004
78	protein2	249.6	13.0	2.2892972
78	protein3	50.8	2.6	2.0166666
78	r2	12.8	0.0	0.0
78	rnapol	0.4	0.0	0.0
79	__protein1_rbs	6.6	0.0	0.0
79	__protein2_rbs	6.2	0.0	0.0
79	__protein3_rbs	1.4	0.0	0.0
79	__ribosome	36.4	0.0	0.0
79	__rnase_site_ext	15.2	0.0	0.0
79	p0	1.0	0.0	0.0
79	p1	0.8	0.0	0.0
79	protein1	268.2	11.2	2.5186868
79	protein2	256.2	12.8	2.2875056
79	protein3	52.0	2.6	2.2666666
79	r2	12.8	0.0	0.0
79	rnapol	0.2	0.0	0.0
80	__protein1_rbs	5.6	0.0	0.0
80	__protein2_rbs	8.6	0.0	0.0
80	__protein3_rbs	1.6	0.0	0.0
80	__ribosome	38.4	0.0	0.0
80	__rnase_site_ext	15.4	0.0	0.0
80	p0	0.8	0.0	0.0
80	p1	0.8	0.0	0.0
80	protein1	273.2	11.4	2.5469698000000003
80	protein2	263.4	13.6	1.9704486000000003
80	protein3	53.0	2.6	2.3
80	r2	12.6	0.0	0.0
80	rnapol	0.2	0.0	0.0
81	__protein1_rbs	6.6	0.0	0.0
81	__protein2_rbs	7.8	0.0	0.0
81	__protein3_rbs	1.4	0.0	0.0
81	__ribosome	37.4	0.0	0.0
81	__rnase_site_ext	15.2	0.0	0.0
81	p0	0.6	0.0	0.0
81	p1	1.0	0.0	0.0
81	protein1	278.8	11.4	2.4425406
81	protein2	268.0	13.4	2.1356176
81	protein3	54.0	2.8	2.35
81	r2	12.8	0.0	0.0
81	rnapol	0.2	0.0	0.0
82	__protein1_rbs	7.4	0.0	0.0
82	__protein2_rbs	9.4	0.0	0.0
82	__protein3_rbs	1.0	0.0	0.0
82	__ribosome	40.6	0.0	0.0
82	__rnase_site_ext	15.4	0.0	0.0
82	p0	0.8	0.0	0.0
82	p1	0.8	0.0	0.0
82	protein1	284.4	11.6	2.306682
82	protein2	274.4	13.6	1.9063694
82	protein3	55.4	2.8	2.5
82	r2	13.0	0.0	0.0
82	rnapol	0.2	0.0	0.0
83	__protein1_rbs	6.6	0.0	0.0
83	__protein2_rbs	7.4	0.0	0.0
83	__protein3_rbs	1.8	0.0	0.0
83	__ribosome	40.8	0.0	0.0
83	__rnase_site_ext	15.2	0.0	0.0
83	p0	1.0	0.0	0.0
83	p1	0.8	0.0	0.0
83	protein1	290.8	11.8	2.1991507999999995
83	protein2	279.6	13.4	2.0431442
83	protein3	57.0	2.8	2.15
83	r2	13.0	0.0	0.0
83	rnapol	0.4	0.0	0.0
84	__protein1_rbs	5.6	0.0	0.0
84	__protein2_rbs	8.2	0.0	0.0
84	__protein3_rbs	1.2	0.0	0.0
84	__ribosome	40.8	0.0	0.0
84	__rnase_site_ext	14.8	0.0	0.0
84	p0	0.8	0.0	0.0
84	p1	0.6	0.0	0.0
84	protein1	296.2	11.6	2.2787056
84	protein2	286.0	13.6	2.0019854
84	protein3	58.8	2.8	1.95
84	r2	13.4	0.0	0.0
84	rnapol	0.4	0.0	0.0
85	__protein1_rbs	6.0	0.0	0.0
85	__protein2_rbs	7.4	0.0	0.0
85	__protein3_rbs	1.8	0.0	0.0
85	__ribosome	39.8	0.0	0.0
85	__rnase_site_ext	15.0	0.0	0.0
85	p0	0.8	0.0	0.0
85	p1	0.8	0.0	0.0
85	protein1	301.8	11.4	2.2637606000000003
85	protein2	290.8	13.2	2.1673328
85	protein3	59.0	2.8	2.1
85	r2	13.4	0.0	0.0
85	rnapol	0.4	0.0	0.0
86	__protein1_rbs	6.2	0.0	0.0
86	__protein2_rbs	7.0	0.0	0.0
86	__protein3_rbs	1.4	0.0	0.0
86	__ribosome	39.6	0.0	0.0
86	__rnase_site_ext	15.0	0.0	0.0
86	p0	0.8	0.0	0.0
86	p1	0.8	0.0	0.0
86	protein1	307.2	11.6	2.2690752
86	protein2	296.6	12.8	2.201798
86	protein3	60.6	2.8	2.05
86	r2	13.0	0.0	0.0
86	rnapol	0.4	0.0	0.0
87	__protein1_rbs	7.2	0.0	0.0
87	__protein2_rbs	5.8	0.0	0.0
87	__protein3_rbs	2.2	0.0	0.0
87	__ribosome	38.8	0.0	0.0
87	__rnase_site_ext	15.4	0.0	0.0
87	p0	0.6	0.0	0.0
87	p1	0.4	0.0	0.0
87	protein1	312.4	11.8	2.175641
87	protein2	301.2	12.8	2.3738259999999998
87	protein3	62.2	3.0	1.66
87	r2	13.2	0.0	0.0
87	rnapol	0.0	0.0	0.0
88	__protein1_rbs	6.0	0.0	0.0
88	__protein2_rbs	7.0	0.0	0.0
88	__protein3_rbs	2.0	0.0	0.0
88	__ribosome	37.0	0.0	0.0
88	__rnase_site_ext	15.4	0.0	0.0
88	p0	1.0	0.0	0.0
88	p1	0.6	0.0	0.0
88	protein1	317.8	12.2	2.1982904000000003
88	protein2	307.0	12.4	2.4769229999999998
88	protein3	63.0	3.4	1.65
88	r2	12.8	0.0	0.0
88	rnapol	0.0	0.0	0.0
89	__protein1_rbs	7.8	0.0	0.0
89	__protein2_rbs	7.8	0.0	0.0
89	__protein3_rbs	1.6	0.0	0.0
89	__ribosome	38.0	0.0	0.0
89	__rnase_site_ext	15.4	0.0	0.0
89	p0	1.0	0.0	0.0
89	p1	0.6	0.0	0.0
89	protein1	322.6	12.4	2.1277166000000003
89	protein2	313.2	13.0	2.237962
89	protein3	64.4	3.6	1.6833334
89	r2	12.6	0.0	0.0
89	rnapol	0.0	0.0	0.0
90	__protein1_rbs	6.2	0.0	0.0
90	__protein2_rbs	7.8	0.0	0.0
90	__protein3_rbs	2.4	0.0	0.0
90	__ribosome	38.0	0.0	0.0
90	__rnase_site_ext	15.6	0.0	0.0
90	p0	0.8	0.0	0.0
90	p1	0.6	0.0	0.0
90	protein1	328.2	12.2	2.1829669999999997
90	protein2	319.4	13.2	2.1483516
90	protein3	65.2	3.8	1.8047618000000003
90	r2	12.8	0.0	0.0
90	rnapol	0.2	0.0	0.0
91	__protein1_rbs	6.2	0.0	0.0
91	__protein2_rbs	9.0	0.0	0.0
91	__protein3_rbs	2.2	0.0	0.0
91	__ribosome	38.6	0.0	0.0
91	__rnase_site_ext	15.6	0.0	0.0
91	p0	0.6	0.0	0.0
91	p1	0.8	0.0	0.0
91	protein1	334.2	12.2	2.137912
91	protein2	325.2	13.6	2.0404994
91	protein3	66.4	3.8	1.9666666000000002
91	r2	12.8	0.0	0.0
91	rnapol	0.0	0.0	0.0
92	__protein1_rbs	7.8	0.0	0.0
92	__protein2_rbs	7.0	0.0	0.0
92	__protein3_rbs	2.2	0.0	0.0
92	__ribosome	38.8	0.0	0.0
92	__rnase_site_ext	15.4	0.0	0.0
92	p0	0.8	0.0	0.0
92	p1	1.0	0.0	0.0
92	protein1	339.8	12.2	2.0714286
92	protein2	331.4	13.6	2.1015384
92	protein3	68.0	4.0	1.9714286
92	r2	12.8	0.0	0.0
92	rnapol	0.2	0.0	0.0
93	__protein1_rbs	7.2	0.0	0.0
93	__protein2_rbs	7.6	0.0	0.0
93	__protein3_rbs	2.0	0.0	0.0
93	__ribosome	36.2	0.0	0.0
93	__rnase_site_ext	15.6	0.0	0.0
93	p0	1.0	0.0	0.0
93	p1	0.4	0.0	0.0
93	protein1	344.6	12.2	2.1271062
93	protein2	337.6	13.6	2.1202562
93	protein3	69.0	3.8	2.4000002
93	r2	13.4	0.0	0.0
93	rnapol	0.6	0.0	0.0
94	__protein1_rbs	6.4	0.0	0.0
94	__protein2_rbs	7.0	0.0	0.0
94	__protein3_rbs	1.8	0.0	0.0
94	__ribosome	34.4	0.0	0.0
94	__rnase_site_ext	16.0	0.0	0.0
94	p0	0.8	0.0	0.0
94	p1	0.8	0.0	0.0
94	protein1	349.0	12.2	2.2662394
94	protein2	343.4	13.2	2.21
94	protein3	71.2	4.0	2.2666666
94	r2	13.2	0.0	0.0
94	rnapol	0.6	0.0	0.0
95	__protein1_rbs	6.6	0.0	0.0
95	__protein2_rbs	7.6	0.0	0.0
95	__protein3_rbs	2.2	0.0	0.0
95	__ribosome	36.4	0.0	0.0
95	__rnase_site_ext	16.0	0.0	0.0
95	p0	0.6	0.0	0.0
95	p1	0.6	0.0	0.0
95	protein1	355.4	12.4	2.1461537999999996
95	protein2	349.6	12.8	2.2179152
95	protein3	72.6	4.0	2.2999998
95	r2	13.0	0.0	0.0
95	rnapol	0.6	0.0	0.0
96	__protein1_rbs	6.2	0.0	0.0
96	__protein2_rbs	7.2	0.0	0.0
96	__protein3_rbs	2.6	0.0	0.0
96	__ribosome	35.8	0.0	0.0
96	__rnase_site_ext	16.6	0.0	0.0
96	p0	0.8	0.0	0.0
96	p1	0.4	0.0	0.0
96	protein1	360.8	12.4	2.2185716
96	protein2	355.0	12.8	2.2388442000000004
96	protein3	74.2	4.0	2.1733334
96	r2	13.0	0.0	0.0
96	rnapol	0.6	0.0	0.0
97	__protein1_rbs	7.2	0.0	0.0
97	__protein2_rbs	7.4	0.0	0.0
97	__protein3_rbs	2.4	0.0	0.0
97	__ribosome	36.8	0.0	0.0
97	__rnase_site_ext	16.8	0.0	0.0
97	p0	1.0	0.0	0.0
97	p1	0.8	0.0	0.0
97	protein1	365.6	12.6	2.2488888
97	protein2	361.8	13.2	2.0833334
97	protein3	76.6	4.0	2.0
97	r2	12.6	0.0	0.0
97	rnapol	0.4	0.0	0.0
98	__protein1_rbs	7.2	0.0	0.0
98	__protein2_rbs	7.4	0.0	0.0
98	__protein3_rbs	2.4	0.0	0.0
98	__ribosome	38.0	0.0	0.0
98	__rnase_site_ext	16.8	0.0	0.0
98	p0	1.0	0.0	0.0
98	p1	0.8	0.0	0.0
98	protein1	371.8	12.6	2.1366666000000003
98	protein2	368.2	13.4	2.0119048
98	protein3	78.0	4.2	2.0361903999999997
98	r2	12.8	0.0	0.0
98	rnapol	0.4	0.0	0.0
99	__protein1_rbs	7.2	0.0	0.0
99	__protein2_rbs	7.2	0.0	0.0
99	__protein3_rbs	2.6	0.0	0.0
99	__ribosome	37.4	0.0	0.0
99	__rnase_site_ext	16.8	0.0	0.0
99	p0	0.4	0.0	0.0
99	p1	0.6	0.0	0.0
99	protein1	376.4	12.4	2.2404037999999997
99	protein2	373.8	13.6	2.0309524
99	protein3	80.6	4.2	1.7676192
99	r2	13.0	0.0	0.0
99	rnapol	0.2	0.0	0.0
100	__protein1_rbs	6.0	0.0	0.0
100	__protein2_rbs	8.2	0.0	0.0
100	__protein3_rbs	2.4	0.0	0.0
100	__ribosome	37.2	0.0	0.0
100	__rnase_site_ext	17.2	0.0	0.0
100	p0	1.0	0.0	0.0
100	p1	0.6	0.0	0.0
100	protein1	383.0	12.6	2.1955554
100	protein2	379.4	13.4	2.0836996
100	protein3	82.2	4.2	1.8228572
100	r2	13.0	0.0	0.0
100	rnapol	0.4	0.0	0.0
101	__protein1_rbs	7.0	0.0	0.0
101	__protein2_rbs	7.4	0.0	0.0
101	__protein3_rbs	2.8	0.0	0.0
101	__ribosome	35.8	0.0	0.0
101	__rnase_site_ext	17.6	0.0	0.0
101	p0	0.4	0.0	0.0
101	p1	0.8	0.0	0.0
101	protein1	388.0	13.0	2.2236112
101	protein2	385.6	13.6	2.0703298
101	protein3	83.6	4.2	1.8228572
101	r2	13.4	0.0	0.0
101	rnapol	0.2	0.0	0.0
102	__protein1_rbs	7.4	0.0	0.0
102	__protein2_rbs	6.8	0.0	0.0
102	__protein3_rbs	3.2	0.0	0.0
102	__ribosome	35.2	0.0	0.0
102	__rnase_site_ext	18.6	0.0	0.0
102	p0	0.6	0.0	0.0
102	p1	0.4	0.0	0.0
102	protein1	394.8	13.2	2.0916666
102	protein2	391.0	13.8	2.171868
102	protein3	85.0	3.8	1.8166666
102	r2	13.6	0.0	0.0
102	rnapol	0.0	0.0	0.0
103	__protein1_rbs	7.8	0.0	0.0
103	__protein2_rbs	7.0	0.0	0.0
103	__protein3_rbs	1.6	0.0	0.0
103	__ribosome	32.8	0.0	0.0
103	__rnase_site_ext	18.6	0.0	0.0
103	p0	0.4	0.0	0.0
103	p1	0.6	0.0	0.0
103	protein1	399.6	13.6	2.0932692
103	protein2	397.0	14.0	2.2151647999999997
103	protein3	86.6	3.6	2.1
103	r2	13.6	0.0	0.0
103	rnapol	0.0	0.0	0.0
104	__protein1_rbs	8.8	0.0	0.0
104	__protein2_rbs	9.6	0.0	0.0
104	__protein3_rbs	1.6	0.0	0.0
104	__ribosome	34.8	0.0	0.0
104	__rnase_site_ext	18.8	0.0	0.0
104	p0	1.0	0.0	0.0
104	p1	0.8	0.0	0.0
104	protein1	406.6	14.0	1.9064560000000002
104	protein2	403.4	14.6	2.080641
104	protein3	88.2	3.6	2.1166666000000003
104	r2	12.6	0.0	0.0
104	rnapol	0.0	0.0	0.0
105	__protein1_rbs	10.0	0.0	0.0
105	__protein2_rbs	7.4	0.0	0.0
105	__protein3_rbs	2.4	0.0	0.0
105	__ribosome	33.4	0.0	0.0
105	__rnase_site_ext	18.8	0.0	0.0
105	p0	1.0	0.0	0.0
105	p1	1.0	0.0	0.0
105	protein1	412.2	14.4	1.834333
105	protein2	408.6	14.6	2.2607784000000004
105	protein3	90.0	3.6	2.0666666
105	r2	13.0	0.0	0.0
105	rnapol	0.2	0.0	0.0
106	__protein1_rbs	7.8	0.0	0.0
106	__protein2_rbs	8.8	0.0	0.0
106	__protein3_rbs	2.8	0.0	0.0
106	__ribosome	34.4	0.0	0.0
106	__rnase_site_ext	18.6	0.0	0.0
106	p0	1.0	0.0	0.0
106	p1	0.8	0.0	0.0
106	protein1	418.4	14.6	1.8856810000000004
106	protein2	415.8	14.4	2.2132142000000004
106	protein3	91.6	3.6	1.9166668
106	r2	12.8	0.0	0.0
106	rnapol	0.4	0.0	0.0
107	__protein1_rbs	8.8	0.0	0.0
107	__protein2_rbs	7.4	0.0	0.0
107	__protein3_rbs	2.8	0.0	0.0
107	__ribosome	33.2	0.0	0.0
107	__rnase_site_ext	18.6	0.0	0.0
107	p0	0.8	0.0	0.0
107	p1	0.6	0.0	0.0
107	protein1	423.0	14.4	1.9899546
107	protein2	422.6	14.4	2.2271428
107	protein3	92.8	3.6	1.8833334
107	r2	12.8	0.0	0.0
107	rnapol	0.2	0.0	0.0
108	__protein1_rbs	7.8	0.0	0.0
108	__protein2_rbs	9.0	0.0	0.0
108	__protein3_rbs	2.0	0.0	0.0
108	__ribosome	35.8	0.0	0.0
108	__rnase_site_ext	19.2	0.0	0.0
108	p0	0.8	0.0	0.0
108	p1	0.6	0.0	0.0
108	protein1	430.0	14.4	2.013816
108	protein2	430.8	14.4	2.0291666
108	protein3	95.0	3.6	1.8166666
108	r2	13.2	0.0	0.0
108	rnapol	0.6	0.0	0.0
109	__protein1_rbs	8.6	0.0	0.0
109	__protein2_rbs	9.6	0.0	0.0
109	__protein3_rbs	1.6	0.0	0.0
109	__ribosome	33.2	0.0	0.0
109	__rnase_site_ext	19.6	0.0	0.0
109	p0	0.6	0.0	0.0
109	p1	0.2	0.0	0.0
109	protein1	435.4	14.8	2.0626076
109	protein2	435.6	14.8	2.0143838
109	protein3	96.2	3.6	2.0166666
109	r2	13.2	0.0	0.0
109	rnapol	0.6	0.0	0.0
110	__protein1_rbs	9.0	0.0	0.0
110	__protein2_rbs	8.4	0.0	0.0
110	__protein3_rbs	2.0	0.0	0.0
110	__ribosome	34.0	0.0	0.0
110	__rnase_site_ext	19.4	0.0	0.0
110	p0	0.8	0.0	0.0
110	p1	0.8	0.0	0.0
110	protein1	440.8	14.8	2.0781683999999996
110	protein2	443.6	14.8	1.9610256000000001
110	protein3	97.8	3.4	2.0666668
110	r2	13.2	0.0	0.0
110	rnapol	0.6	0.0	0.0
111	__protein1_rbs	8.6	0.0	0.0
111	__protein2_rbs	8.0	0.0	0.0
111	__protein3_rbs	2.0	0.0	0.0
111	__ribosome	32.6	0.0	0.0
111	__rnase_site_ext	20.2	0.0	0.0
111	p0	0.8	0.0	0.0
111	p1	0.6	0.0	0.0
111	protein1	447.6	15.0	2.0651738
111	protein2	450.2	14.8	2.0164101999999997
111	protein3	98.8	3.4	2.1666668
111	r2	13.2	0.0	0.0
111	rnapol	0.0	0.0	0.0
112	__protein1_rbs	9.4	0.0	0.0
112	__protein2_rbs	8.2	0.0	0.0
112	__protein3_rbs	1.8	0.0	0.0
112	__ribosome	31.2	0.0	0.0
112	__rnase_site_ext	20.0	0.0	0.0
112	p0	1.0	0.0	0.0
112	p1	0.8	0.0	0.0
112	protein1	454.0	15.6	1.9825652
112	protein2	455.6	15.0	2.0459828
112	protein3	100.2	3.4	2.1666666
112	r2	13.2	0.0	0.0
112	rnapol	0.2	0.0	0.0
113	__protein1_rbs	10.4	0.0	0.0
113	__protein2_rbs	6.2	0.0	0.0
113	__protein3_rbs	2.0	0.0	0.0
113	__ribosome	29.2	0.0	0.0
113	__rnase_site_ext	20.2	0.0	0.0
113	p0	0.6	0.0	0.0
113	p1	1.0	0.0	0.0
113	protein1	460.8	15.4	1.950245
113	protein2	461.8	15.4	2.1877838
113	protein3	101.8	3.2	2.3166666
113	r2	13.6	0.0	0.0
113	rnapol	0.4	0.0	0.0
114	__protein1_rbs	9.6	0.0	0.0
114	__protein2_rbs	10.8	0.0	0.0
114	__protein3_rbs	1.4	0.0	0.0
114	__ribosome	31.8	0.0	0.0
114	__rnase_site_ext	20.4	0.0	0.0
114	p0	0.8	0.0	0.0
114	p1	0.8	0.0	0.0
114	protein1	467.6	15.4	1.9264708
114	protein2	468.8	15.6	1.9951880000000002
114	protein3	103.6	3.2	2.3
114	r2	14.0	0.0	0.0
114	rnapol	0.4	0.0	0.0
115	__protein1_rbs	9.4	0.0	0.0
115	__protein2_rbs	9.0	0.0	0.0
115	__protein3_rbs	2.2	0.0	0.0
115	__ribosome	31.8	0.0	0.0
115	__rnase_site_ext	20.6	0.0	0.0
115	p0	0.6	0.0	0.0
115	p1	0.8	0.0	0.0
115	protein1	474.2	15.6	1.9159152
115	protein2	475.4	15.4	2.0355266
115	protein3	105.0	3.2	2.1
115	r2	14.0	0.0	0.0
115	rnapol	0.6	0.0	0.0
116	__protein1_rbs	9.6	0.0	0.0
116	__protein2_rbs	7.6	0.0	0.0
116	__protein3_rbs	2.6	0.0	0.0
116	__ribosome	32.4	0.0	0.0
116	__rnase_site_ext	21.0	0.0	0.0
116	p0	0.8	0.0	0.0
116	p1	0.6	0.0	0.0
116	protein1	480.6	16.0	1.8319006
116	protein2	482.0	15.2	2.1417654
116	protein3	107.2	3.2	1.5166666000000002
116	r2	14.0	0.0	0.0
116	rnapol	0.4	0.0	0.0
117	__protein1_rbs	9.2	0.0	0.0
117	__protein2_rbs	9.6	0.0	0.0
117	__protein3_rbs	1.8	0.0	0.0
117	__ribosome	31.8	0.0	0.0
117	__rnase_site_ext	21.6	0.0	0.0
117	p0	0.6	0.0	0.0
117	p1	0.2	0.0	0.0
117	protein1	486.8	16.2	1.8584106
117	protein2	488.2	15.6	2.051748
117	protein3	108.6	3.2	1.7
117	r2	14.4	0.0	0.0
117	rnapol	0.2	0.0	0.0
118	__protein1_rbs	9.4	0.0	0.0
118	__protein2_rbs	10.2	0.0	0.0
118	__protein3_rbs	2.0	0.0	0.0
118	__ribosome	33.2	0.0	0.0
118	__rnase_site_ext	21.6	0.0	0.0
118	p0	1.0	0.0	0.0
118	p1	0.8	0.0	0.0
118	protein1	493.6	16.2	1.8716168000000002
118	protein2	496.2	16.0	1.8901190000000003
118	protein3	109.8	3.4	1.8214286
118	r2	14.6	0.0	0.0
118	rnapol	0.2	0.0	0.0
119	__protein1_rbs	8.4	0.0	0.0
119	__protein2_rbs	8.6	0.0	0.0
119	__protein3_rbs	2.4	0.0	0.0
119	__ribosome	30.0	0.0	0.0
119	__rnase_site_ext	21.6	0.0	0.0
119	p0	0.8	0.0	0.0
119	p1	0.6	0.0	0.0
119	protein1	498.8	16.4	2.0154798
119	protein2	502.8	16.4	1.9287956
119	protein3	111.8	3.4	1.5642858
119	r2	14.2	0.0	0.0
119	rnapol	0.2	0.0	0.0
120	__protein1_rbs	11.2	0.0	0.0
120	__protein2_rbs	9.4	0.0	0.0
120	__protein3_rbs	2.0	0.0	0.0
120	__ribosome	28.8	0.0	0.0
120	__rnase_site_ext	21.8	0.0	0.0
120	p0	1.0	0.0	0.0
120	p1	0.6	0.0	0.0
120	protein1	505.0	16.4	1.9791332
120	protein2	509.0	16.6	1.9792648000000002
120	protein3	112.6	3.4	1.9357142
120	r2	14.0	0.0	0.0
120	rnapol	0.0	0.0	0.0
121	__protein1_rbs	9.2	0.0	0.0
121	__protein2_rbs	11.2	0.0	0.0
121	__protein3_rbs	2.2	0.0	0.0
121	__ribosome	30.8	0.0	0.0
121	__rnase_site_ext	21.4	0.0	0.0
121	p0	0.8	0.0	0.0
121	p1	0.8	0.0	0.0
121	protein1	512.4	16.8	1.9132308
121	protein2	516.0	16.6	1.8766666
121	protein3	113.8	3.6	1.85
121	r2	14.0	0.0	0.0
121	rnapol	0.2	0.0	0.0
122	__protein1_rbs	9.8	0.0	0.0
122	__protein2_rbs	8.8	0.0	0.0
122	__protein3_rbs	2.6	0.0	0.0
122	__ribosome	29.6	0.0	0.0
122	__rnase_site_ext	21.4	0.0	0.0
122	p0	0.8	0.0	0.0
122	p1	0.6	0.0	0.0
122	protein1	518.8	16.8	1.9489763999999998
122	protein2	522.2	16.6	1.9813726000000005
122	protein3	115.4	3.4	1.6785713999999998
122	r2	14.6	0.0	0.0
122	rnapol	0.6	0.0	0.0
123	__protein1_rbs	11.6	0.0	0.0
123	__protein2_rbs	9.6	0.0	0.0
123	__protein3_rbs	2.2	0.0	0.0
123	__ribosome	31.0	0.0	0.0
123	__rnase_site_ext	21.6	0.0	0.0
123	p0	0.8	0.0	0.0
123	p1	0.6	0.0	0.0
123	protein1	527.0	17.0	1.7835189999999999
123	protein2	528.4	16.2	2.0670212
123	protein3	116.2	3.4	1.7142858
123	r2	14.8	0.0	0.0
123	rnapol	0.6	0.0	0.0
124	__protein1_rbs	9.2	0.0	0.0
124	__protein2_rbs	10.0	0.0	0.0
124	__protein3_rbs	1.6	0.0	0.0
124	__ribosome	32.2	0.0	0.0
124	__rnase_site_ext	21.8	0.0	0.0
124	p0	0.6	0.0	0.0
124	p1	0.8	0.0	0.0
124	protein1	534.2	17.2	1.8096176
124	protein2	536.6	16.2	1.9630311999999999
124	protein3	118.0	3.4	1.5928572
124	r2	14.8	0.0	0.0
124	rnapol	0.4	0.0	0.0
125	__protein1_rbs	9.8	0.0	0.0
125	__protein2_rbs	10.6	0.0	0.0
125	__protein3_rbs	2.0	0.0	0.0
125	__ribosome	30.8	0.0	0.0
125	__rnase_site_ext	21.4	0.0	0.0
125	p0	0.6	0.0	0.0
125	p1	0.8	0.0	0.0
125	protein1	540.0	17.4	1.9390977999999999
125	protein2	543.6	16.6	1.839943
125	protein3	119.4	3.4	1.45
125	r2	15.2	0.0	0.0
125	rnapol	0.4	0.0	0.0
126	__protein1_rbs	11.8	0.0	0.0
126	__protein2_rbs	9.2	0.0	0.0
126	__protein3_rbs	2.2	0.0	0.0
126	__ribosome	27.6	0.0	0.0
126	__rnase_site_ext	22.0	0.0	0.0
126	p0	1.0	0.0	0.0
126	p1	0.6	0.0	0.0
126	protein1	545.4	17.6	1.9581898000000002
126	protein2	549.6	16.8	1.9192416
126	protein3	120.2	3.6	1.5285714
126	r2	14.8	0.0	0.0
126	rnapol	0.0	0.0	0.0
127	__protein1_rbs	11.4	0.0	0.0
127	__protein2_rbs	10.8	0.0	0.0
127	__protein3_rbs	2.2	0.0	0.0
127	__ribosome	30.6	0.0	0.0
127	__rnase_site_ext	22.0	0.0	0.0
127	p0	1.0	0.0	0.0
127	p1	0.8	0.0	0.0
127	protein1	554.0	17.8	1.8389660000000003
127	protein2	557.0	16.8	1.8169818
127	protein3	121.2	3.6	1.7619048
127	r2	15.0	0.0	0.0
127	rnapol	0.2	0.0	0.0
128	__protein1_rbs	10.6	0.0	0.0
128	__protein2_rbs	10.4	0.0	0.0
128	__protein3_rbs	2.2	0.0	0.0
128	__ribosome	30.8	0.0	0.0
128	__rnase_site_ext	21.8	0.0	0.0
128	p0	1.0	0.0	0.0
128	p1	0.4	0.0	0.0
128	protein1	561.6	17.8	1.8442066
128	protein2	563.6	17.0	1.7797620000000005
128	protein3	122.6	3.6	1.9595238000000001
128	r2	15.4	0.0	0.0
128	rnapol	0.4	0.0	0.0
129	__protein1_rbs	10.6	0.0	0.0
129	__protein2_rbs	10.6	0.0	0.0
129	__protein3_rbs	2.6	0.0	0.0
129	__ribosome	31.6	0.0	0.0
129	__rnase_site_ext	21.8	0.0	0.0
129	p0	0.6	0.0	0.0
129	p1	0.6	0.0	0.0
129	protein1	570.4	17.4	1.7691502000000001
129	protein2	569.8	16.4	1.8939076000000001
129	protein3	123.6	3.8	1.9928572
129	r2	15.4	0.0	0.0
129	rnapol	0.4	0.0	0.0
130	__protein1_rbs	10.4	0.0	0.0
130	__protein2_rbs	9.4	0.0	0.0
130	__protein3_rbs	2.2	0.0	0.0
130	__ribosome	29.6	0.0	0.0
130	__rnase_site_ext	22.0	0.0	0.0
130	p0	1.0	0.0	0.0
130	p1	0.6	0.0	0.0
130	protein1	576.0	17.6	1.8327272
130	protein2	577.2	16.8	1.8570308
130	protein3	125.4	3.8	1.9714286
130	r2	15.6	0.0	0.0
130	rnapol	0.8	0.0	0.0
131	__protein1_rbs	10.8	0.0	0.0
131	__protein2_rbs	10.0	0.0	0.0
131	__protein3_rbs	2.4	0.0	0.0
131	__ribosome	27.6	0.0	0.0
131	__rnase_site_ext	22.8	0.0	0.0
131	p0	0.8	0.0	0.0
131	p1	0.4	0.0	0.0
131	protein1	582.4	17.8	1.8898549999999998
131	protein2	583.2	16.8	1.9307214
131	protein3	127.4	3.8	1.8214286
131	r2	16.0	0.0	0.0
131	rnapol	0.6	0.0	0.0
132	__protein1_rbs	12.6	0.0	0.0
132	__protein2_rbs	10.2	0.0	0.0
132	__protein3_rbs	2.8	0.0	0.0
132	__ribosome	26.0	0.0	0.0
132	__rnase_site_ext	23.0	0.0	0.0
132	p0	0.6	0.0	0.0
132	p1	0.8	0.0	0.0
132	protein1	589.2	18.0	1.7965870000000002
132	protein2	587.8	17.4	2.0059524
132	protein3	128.6	3.8	1.8214286
132	r2	15.4	0.0	0.0
132	rnapol	0.2	0.0	0.0
133	__protein1_rbs	10.6	0.0	0.0
133	__protein2_rbs	12.0	0.0	0.0
133	__protein3_rbs	2.0	0.0	0.0
133	__ribosome	28.4	0.0	0.0
133	__rnase_site_ext	23.0	0.0	0.0
133	p0	0.8	0.0	0.0
133	p1	0.6	0.0	0.0
133	protein1	595.8	18.2	1.8437072
133	protein2	598.0	17.6	1.716778
133	protein3	129.6	3.8	2.0
133	r2	15.6	0.0	0.0
133	rnapol	0.4	0.0	0.0
134	__protein1_rbs	11.8	0.0	0.0
134	__protein2_rbs	11.4	0.0	0.0
134	__protein3_rbs	2.4	0.0	0.0
134	__ribosome	28.0	0.0	0.0
134	__rnase_site_ext	22.8	0.0	0.0
134	p0	0.8	0.0	0.0
134	p1	0.6	0.0	0.0
134	protein1	603.4	18.2	1.8832342
134	protein2	603.6	17.6	1.7570706000000003
134	protein3	131.8	4.0	1.7047619999999999
134	r2	15.8	0.0	0.0
134	rnapol	0.2	0.0	0.0
135	__protein1_rbs	11.4	0.0	0.0
135	__protein2_rbs	9.0	0.0	0.0
135	__protein3_rbs	2.8	0.0	0.0
135	__ribosome	28.0	0.0	0.0
135	__rnase_site_ext	23.0	0.0	0.0
135	p0	0.8	0.0	0.0
135	p1	1.0	0.0	0.0
135	protein1	610.0	18.0	1.9123976
135	protein2	612.2	17.6	1.7644741999999998
135	protein3	133.4	4.0	1.6595238
135	r2	16.2	0.0	0.0
135	rnapol	0.4	0.0	0.0
136	__protein1_rbs	11.0	0.0	0.0
136	__protein2_rbs	10.8	0.0	0.0
136	__protein3_rbs	3.0	0.0	0.0
136	__ribosome	29.4	0.0	0.0
136	__rnase_site_ext	23.0	0.0	0.0
136	p0	0.8	0.0	0.0
136	p1	1.0	0.0	0.0
136	protein1	619.0	18.4	1.7977174000000002
136	protein2	617.8	17.6	1.7931818
136	protein3	134.6	4.0	1.5595237999999998
136	r2	16.2	0.0	0.0
136	rnapol	0.2	0.0	0.0
137	__protein1_rbs	11.4	0.0	0.0
137	__protein2_rbs	11.4	0.0	0.0
137	__protein3_rbs	2.0	0.0	0.0
137	__ribosome	29.0	0.0	0.0
137	__rnase_site_ext	22.8	0.0	0.0
137	p0	1.0	0.0	0.0
137	p1	0.8	0.0	0.0
137	protein1	625.8	18.6	1.8225306000000001
137	protein2	625.8	17.4	1.7252139999999998
137	protein3	135.6	4.0	1.8095238
137	r2	16.0	0.0	0.0
137	rnapol	0.6	0.0	0.0
138	__protein1_rbs	11.8	0.0	0.0
138	__protein2_rbs	9.2	0.0	0.0
138	__protein3_rbs	2.4	0.0	0.0
138	__ribosome	27.2	0.0	0.0
138	__rnase_site_ext	22.8	0.0	0.0
138	p0	0.6	0.0	0.0
138	p1	0.4	0.0	0.0
138	protein1	633.8	18.6	1.7659382
138	protein2	631.4	17.4	1.915847
138	protein3	137.6	4.2	1.7709523999999999
138	r2	16.2	0.0	0.0
138	rnapol	0.6	0.0	0.0
139	__protein1_rbs	11.0	0.0	0.0
139	__protein2_rbs	10.6	0.0	0.0
139	__protein3_rbs	2.8	0.0	0.0
139	__ribosome	25.6	0.0	0.0
139	__rnase_site_ext	23.2	0.0	0.0
139	p0	0.8	0.0	0.0
139	p1	0.4	0.0	0.0
139	protein1	641.0	18.6	1.9000914
139	protein2	637.8	17.2	1.9347728
139	protein3	139.2	4.0	1.6976191999999999
139	r2	16.0	0.0	0.0
139	rnapol	0.2	0.0	0.0
140	__protein1_rbs	12.0	0.0	0.0
140	__protein2_rbs	11.6	0.0	0.0
140	__protein3_rbs	2.4	0.0	0.0
140	__ribosome	25.2	0.0	0.0
140	__rnase_site_ext	22.8	0.0	0.0
140	p0	0.8	0.0	0.0
140	p1	0.6	0.0	0.0
140	protein1	646.2	19.0	1.9010214
140	protein2	645.6	17.8	1.7760028
140	protein3	140.4	4.0	1.854762
140	r2	16.4	0.0	0.0
140	rnapol	0.2	0.0	0.0
141	__protein1_rbs	11.4	0.0	0.0
141	__protein2_rbs	12.0	0.0	0.0
141	__protein3_rbs	2.6	0.0	0.0
141	__ribosome	27.6	0.0	0.0
141	__rnase_site_ext	22.8	0.0	0.0
141	p0	1.0	0.0	0.0
141	p1	0.8	0.0	0.0
141	protein1	655.8	18.6	1.8503176
141	protein2	652.4	17.8	1.753023
141	protein3	142.2	4.2	1.7547620000000002
141	r2	16.2	0.0	0.0
141	rnapol	0.4	0.0	0.0
142	__protein1_rbs	12.6	0.0	0.0
142	__protein2_rbs	12.2	0.0	0.0
142	__protein3_rbs	2.2	0.0	0.0
142	__ribosome	29.6	0.0	0.0
142	__rnase_site_ext	22.2	0.0	0.0
142	p0	0.8	0.0	0.0
142	p1	0.6	0.0	0.0
142	protein1	662.8	18.8	1.8081206
142	protein2	659.6	17.8	1.7021036000000005
142	protein3	144.4	4.2	1.6880953999999997
142	r2	16.0	0.0	0.0
142	rnapol	0.4	0.0	0.0
143	__protein1_rbs	11.2	0.0	0.0
143	__protein2_rbs	11.2	0.0	0.0
143	__protein3_rbs	3.0	0.0	0.0
143	__ribosome	29.6	0.0	0.0
143	__rnase_site_ext	22.4	0.0	0.0
143	p0	1.0	0.0	0.0
143	p1	0.6	0.0	0.0
143	protein1	671.0	18.4	1.81193
143	protein2	666.8	17.6	1.7059080000000002
143	protein3	145.4	4.4	1.825
143	r2	15.8	0.0	0.0
143	rnapol	0.4	0.0	0.0
144	__protein1_rbs	11.8	0.0	0.0
144	__protein2_rbs	11.4	0.0	0.0
144	__protein3_rbs	2.2	0.0	0.0
144	__ribosome	29.0	0.0	0.0
144	__rnase_site_ext	22.4	0.0	0.0
144	p0	1.0	0.0	0.0
144	p1	0.8	0.0	0.0
144	protein1	678.4	18.6	1.8112282
144	protein2	674.4	17.8	1.6145588
144	protein3	146.6	4.6	2.0166666
144	r2	15.8	0.0	0.0
144	rnapol	0.6	0.0	0.0
145	__protein1_rbs	10.2	0.0	0.0
145	__protein2_rbs	11.4	0.0	0.0
145	__protein3_rbs	3.0	0.0	0.0
145	__ribosome	27.2	0.0	0.0
145	__rnase_site_ext	22.8	0.0	0.0
145	p0	0.8	0.0	0.0
145	p1	0.6	0.0	0.0
145	protein1	686.2	18.4	1.8884212
145	protein2	680.2	17.8	1.6786763999999998
145	protein3	148.2	4.4	2.1083334
145	r2	15.6	0.0	0.0
145	rnapol	0.6	0.0	0.0
146	__protein1_rbs	12.4	0.0	0.0
146	__protein2_rbs	11.8	0.0	0.0
146	__protein3_rbs	2.2	0.0	0.0
146	__ribosome	26.2	0.0	0.0
146	__rnase_site_ext	22.8	0.0	0.0
146	p0	0.8	0.0	0.0
146	p1	0.4	0.0	0.0
146	protein1	692.6	18.6	1.8610526
146	protein2	685.4	17.8	1.7203430000000002
146	protein3	150.4	4.4	2.125
146	r2	15.6	0.0	0.0
146	rnapol	0.6	0.0	0.0
147	__protein1_rbs	11.2	0.0	0.0
147	__protein2_rbs	10.6	0.0	0.0
147	__protein3_rbs	2.8	0.0	0.0
147	__ribosome	24.8	0.0	0.0
147	__rnase_site_ext	23.2	0.0	0.0
147	p0	0.6	0.0	0.0
147	p1	0.4	0.0	0.0
147	protein1	699.8	18.6	1.8775113999999997
147	protein2	692.2	18.0	1.7487746000000002
147	protein3	152.4	4.4	2.0333334
147	r2	15.6	0.0	0.0
147	rnapol	0.4	0.0	0.0
148	__protein1_rbs	14.4	0.0	0.0
148	__protein2_rbs	11.0	0.0	0.0
148	__protein3_rbs	2.6	0.0	0.0
148	__ribosome	28.0	0.0	0.0
148	__rnase_site_ext	23.2	0.0	0.0
148	p0	0.8	0.0	0.0
148	p1	1.0	0.0	0.0
148	protein1	708.6	18.8	1.6635088
148	protein2	698.8	18.4	1.7528236000000001
148	protein3	154.4	4.4	2.2333334
148	r2	16.0	0.0	0.0
148	rnapol	0.6	0.0	0.0
149	__protein1_rbs	11.8	0.0	0.0
149	__protein2_rbs	12.0	0.0	0.0
149	__protein3_rbs	3.0	0.0	0.0
149	__ribosome	26.8	0.0	0.0
149	__rnase_site_ext	23.0	0.0	0.0
149	p0	1.0	0.0	0.0
149	p1	0.8	0.0	0.0
149	protein1	715.6	18.8	1.7239208
149	protein2	705.6	18.6	1.7445098
149	protein3	156.2	4.6	2.0755556
149	r2	16.2	0.0	0.0
149	rnapol	0.4	0.0	0.0
150	__protein1_rbs	11.4	0.0	0.0
150	__protein2_rbs	10.8	0.0	0.0
150	__protein3_rbs	3.0	0.0	0.0
150	__ribosome	25.8	0.0	0.0
150	__rnase_site_ext	23.0	0.0	0.0
150	p0	0.8	0.0	0.0
150	p1	0.8	0.0	0.0
150	protein1	723.0	18.6	1.7621662
150	protein2	712.4	18.4	1.8609343999999997
150	protein3	158.6	4.6	1.7566665999999995
150	r2	16.4	0.0	0.0
150	rnapol	0.0	0.0	0.0
151	__protein1_rbs	12.6	0.0	0.0
151	__protein2_rbs	12.2	0.0	0.0
151	__protein3_rbs	3.6	0.0	0.0
151	__ribosome	29.6	0.0	0.0
151	__rnase_site_ext	22.8	0.0	0.0
151	p0	1.0	0.0	0.0
151	p1	1.0	0.0	0.0
151	protein1	731.8	18.6	1.6095237999999998
151	protein2	719.2	18.4	1.8463132
151	protein3	160.2	4.2	1.765
151	r2	16.2	0.0	0.0
151	rnapol	0.2	0.0	0.0
152	__protein1_rbs	10.6	0.0	0.0
152	__protein2_rbs	14.4	0.0	0.0
152	__protein3_rbs	3.6	0.0	0.0
152	__ribosome	30.8	0.0	0.0
152	__rnase_site_ext	22.8	0.0	0.0
152	p0	1.0	0.0	0.0
152	p1	0.6	0.0	0.0
152	protein1	736.8	18.6	1.8064128000000002
152	protein2	727.4	18.6	1.6480580000000002
152	protein3	162.6	4.4	1.4566666
152	r2	17.0	0.0	0.0
152	rnapol	1.0	0.0	0.0
153	__protein1_rbs	11.4	0.0	0.0
153	__protein2_rbs	10.2	0.0	0.0
153	__protein3_rbs	2.6	0.0	0.0
153	__ribosome	27.6	0.0	0.0
153	__rnase_site_ext	22.6	0.0	0.0
153	p0	0.4	0.0	0.0
153	p1	0.6	0.0	0.0
153	protein1	743.8	18.2	1.8387301999999999
153	protein2	734.0	18.8	1.7757082
153	protein3	164.6	4.8	1.3266668
153	r2	16.8	0.0	0.0
153	rnapol	0.4	0.0	0.0
154	__protein1_rbs	10.6	0.0	0.0
154	__protein2_rbs	11.6	0.0	0.0
154	__protein3_rbs	3.2	0.0	0.0
154	__ribosome	28.4	0.0	0.0
154	__rnase_site_ext	22.6	0.0	0.0
154	p0	0.8	0.0	0.0
154	p1	0.6	0.0	0.0
154	protein1	752.4	17.8	1.774703
154	protein2	741.8	18.8	1.7611401999999998
154	protein3	165.4	4.8	1.5733333999999999
154	r2	17.0	0.0	0.0
154	rnapol	0.4	0.0	0.0
155	__protein1_rbs	12.8	0.0	0.0
155	__protein2_rbs	12.6	0.0	0.0
155	__protein3_rbs	2.8	0.0	0.0
155	__ribosome	26.8	0.0	0.0
155	__rnase_site_ext	22.8	0.0	0.0
155	p0	0.6	0.0	0.0
155	p1	0.6	0.0	0.0
155	protein1	758.6	18.2	1.7611740000000002
155	protein2	749.2	19.0	1.7830878000000001
155	protein3	166.8	5.0	1.6277777999999998
155	r2	17.0	0.0	0.0
155	rnapol	0.2	0.0	0.0
156	__protein1_rbs	13.0	0.0	0.0
156	__protein2_rbs	12.2	0.0	0.0
156	__protein3_rbs	3.6	0.0	0.0
156	__ribosome	27.6	0.0	0.0
156	__rnase_site_ext	23.4	0.0	0.0
156	p0	0.8	0.0	0.0
156	p1	0.8	0.0	0.0
156	protein1	765.6	18.6	1.6996554
156	protein2	756.2	19.0	1.7962105999999998
156	protein3	168.6	5.0	1.5255556
156	r2	17.2	0.0	0.0
156	rnapol	0.2	0.0	0.0
157	__protein1_rbs	13.4	0.0	0.0
157	__protein2_rbs	12.0	0.0	0.0
157	__protein3_rbs	2.8	0.0	0.0
157	__ribosome	26.4	0.0	0.0
157	__rnase_site_ext	23.4	0.0	0.0
157	p0	0.4	0.0	0.0
157	p1	0.6	0.0	0.0
157	protein1	773.8	18.8	1.5353902
157	protein2	761.8	19.6	1.8917222
157	protein3	170.2	4.8	1.7577778000000002
157	r2	17.2	0.0	0.0
157	rnapol	0.0	0.0	0.0
158	__protein1_rbs	10.6	0.0	0.0
158	__protein2_rbs	11.6	0.0	0.0
158	__protein3_rbs	2.4	0.0	0.0
158	__ribosome	22.4	0.0	0.0
158	__rnase_site_ext	23.6	0.0	0.0
158	p0	1.0	0.0	0.0
158	p1	0.8	0.0	0.0
158	protein1	779.0	18.8	1.7105848
158	protein2	770.2	19.4	1.9105556000000001
158	protein3	171.8	4.8	2.0477778000000004
158	r2	17.2	0.0	0.0
158	rnapol	0.4	0.0	0.0
159	__protein1_rbs	13.2	0.0	0.0
159	__protein2_rbs	11.4	0.0	0.0
159	__protein3_rbs	3.2	0.0	0.0
159	__ribosome	24.4	0.0	0.0
159	__rnase_site_ext	23.4	0.0	0.0
159	p0	0.8	0.0	0.0
159	p1	1.0	0.0	0.0
159	protein1	787.2	19.0	1.5987458
159	protein2	778.8	19.4	1.9155554
159	protein3	173.8	4.8	1.92
159	r2	17.4	0.0	0.0
159	rnapol	0.6	0.0	0.0
160	__protein1_rbs	8.8	0.0	0.0
160	__protein2_rbs	13.4	0.0	0.0
160	__protein3_rbs	2.8	0.0	0.0
160	__ribosome	20.8	0.0	0.0
160	__rnase_site_ext	23.8	0.0	0.0
160	p0	0.8	0.0	0.0
160	p1	0.8	0.0	0.0
160	protein1	793.0	18.8	1.830671
160	protein2	786.4	19.4	1.8720028000000002
160	protein3	176.0	4.8	1.9977778
160	r2	17.4	0.0	0.0
160	rnapol	0.6	0.0	0.0
161	__protein1_rbs	13.4	0.0	0.0
161	__protein2_rbs	12.6	0.0	0.0
161	__protein3_rbs	3.8	0.0	0.0
161	__ribosome	22.4	0.0	0.0
161	__rnase_site_ext	23.4	0.0	0.0
161	p0	0.8	0.0	0.0
161	p1	0.6	0.0	0.0
161	protein1	800.2	19.0	1.7132686000000001
161	protein2	793.8	19.4	1.8809523999999997
161	protein3	178.0	4.8	1.88
161	r2	18.0	0.0	0.0
161	rnapol	1.0	0.0	0.0
162	__protein1_rbs	11.4	0.0	0.0
162	__protein2_rbs	13.6	0.0	0.0
162	__protein3_rbs	3.0	0.0	0.0
162	__ribosome	23.8	0.0	0.0
162	__rnase_site_ext	23.6	0.0	0.0
162	p0	0.8	0.0	0.0
162	p1	1.0	0.0	0.0
162	protein1	806.0	18.8	1.8855744
162	protein2	803.2	19.6	1.6812772000000002
162	protein3	180.6	4.8	1.6800000000000002
162	r2	18.4	0.0	0.0
162	rnapol	0.6	0.0	0.0
163	__protein1_rbs	13.6	0.0	0.0
163	__protein2_rbs	12.0	0.0	0.0
163	__protein3_rbs	3.6	0.0	0.0
163	__ribosome	24.6	0.0	0.0
163	__rnase_site_ext	23.6	0.0	0.0
163	p0	1.0	0.0	0.0
163	p1	0.8	0.0	0.0
163	protein1	812.4	19.0	1.8495438000000002
163	protein2	810.4	19.2	1.7042981999999998
163	protein3	182.6	4.8	1.5577778
163	r2	18.2	0.0	0.0
163	rnapol	0.2	0.0	0.0
164	__protein1_rbs	11.4	0.0	0.0
164	__protein2_rbs	11.6	0.0	0.0
164	__protein3_rbs	3.2	0.0	0.0
164	__ribosome	27.0	0.0	0.0
164	__rnase_site_ext	23.4	0.0	0.0
164	p0	0.6	0.0	0.0
164	p1	0.6	0.0	0.0
164	protein1	822.0	19.0	1.8145194
164	protein2	819.6	19.2	1.628275
164	protein3	185.0	4.8	1.4533334
164	r2	18.0	0.0	0.0
164	rnapol	0.0	0.0	0.0
165	__protein1_rbs	12.2	0.0	0.0
165	__protein2_rbs	12.4	0.0	0.0
165	__protein3_rbs	2.6	0.0	0.0
165	__ribosome	25.2	0.0	0.0
165	__rnase_site_ext	23.2	0.0	0.0
165	p0	1.0	0.0	0.0
165	p1	0.6	0.0	0.0
165	protein1	829.2	18.8	1.8185086
165	protein2	826.0	19.2	1.6506982
165	protein3	186.4	4.8	1.6966666000000001
165	r2	18.0	0.0	0.0
165	rnapol	0.0	0.0	0.0
166	__protein1_rbs	11.8	0.0	0.0
166	__protein2_rbs	11.0	0.0	0.0
166	__protein3_rbs	3.4	0.0	0.0
166	__ribosome	26.2	0.0	0.0
166	__rnase_site_ext	22.6	0.0	0.0
166	p0	1.0	0.0	0.0
166	p1	0.6	0.0	0.0
166	protein1	837.8	18.8	1.7931718
166	protein2	833.0	18.6	1.757437
166	protein3	188.6	5.2	1.5066666000000002
166	r2	18.0	0.0	0.0
166	rnapol	0.2	0.0	0.0
167	__protein1_rbs	12.4	0.0	0.0
167	__protein2_rbs	12.6	0.0	0.0
167	__protein3_rbs	3.2	0.0	0.0
167	__ribosome	25.8	0.0	0.0
167	__rnase_site_ext	22.0	0.0	0.0
167	p0	0.8	0.0	0.0
167	p1	0.6	0.0	0.0
167	protein1	845.2	18.4	1.7606478
167	protein2	839.6	18.8	1.7482958
167	protein3	190.0	5.2	1.8266668000000001
167	r2	18.0	0.0	0.0
167	rnapol	0.2	0.0	0.0
168	__protein1_rbs	10.6	0.0	0.0
168	__protein2_rbs	12.8	0.0	0.0
168	__protein3_rbs	3.2	0.0	0.0
168	__ribosome	26.0	0.0	0.0
168	__rnase_site_ext	22.2	0.0	0.0
168	p0	1.0	0.0	0.0
168	p1	0.8	0.0	0.0
168	protein1	852.4	18.0	1.8579272
168	protein2	846.8	19.0	1.7170028000000002
168	protein3	192.0	5.2	1.7333333999999998
168	r2	17.8	0.0	0.0
168	rnapol	0.0	0.0	0.0
169	__protein1_rbs	12.0	0.0	0.0
169	__protein2_rbs	13.0	0.0	0.0
169	__protein3_rbs	3.2	0.0	0.0
169	__ribosome	29.4	0.0	0.0
169	__rnase_site_ext	21.8	0.0	0.0
169	p0	0.4	0.0	0.0
169	p1	0.4	0.0	0.0
169	protein1	859.6	18.2	1.767369
169	protein2	855.0	19.0	1.6177404
169	protein3	194.4	5.2	1.8933334
169	r2	17.8	0.0	0.0
169	rnapol	0.0	0.0	0.0
170	__protein1_rbs	11.2	0.0	0.0
170	__protein2_rbs	11.6	0.0	0.0
170	__protein3_rbs	3.4	0.0	0.0
170	__ribosome	27.8	0.0	0.0
170	__rnase_site_ext	22.4	0.0	0.0
170	p0	0.8	0.0	0.0
170	p1	0.6	0.0	0.0
170	protein1	867.4	18.0	1.8136542
170	protein2	862.2	19.0	1.6780389999999998
170	protein3	196.8	5.0	2.0
170	r2	18.0	0.0	0.0
170	rnapol	0.6	0.0	0.0
171	__protein1_rbs	10.6	0.0	0.0
171	__protein2_rbs	12.2	0.0	0.0
171	__protein3_rbs	2.6	0.0	0.0
171	__ribosome	24.0	0.0	0.0
171	__rnase_site_ext	22.6	0.0	0.0
171	p0	1.0	0.0	0.0
171	p1	0.8	0.0	0.0
171	protein1	873.8	18.6	1.8504662
171	protein2	868.6	18.8	1.6987848
171	protein3	198.6	5.0	1.84
171	r2	17.4	0.0	0.0
171	rnapol	0.4	0.0	0.0
172	__protein1_rbs	12.6	0.0	0.0
172	__protein2_rbs	14.8	0.0	0.0
172	__protein3_rbs	3.4	0.0	0.0
172	__ribosome	28.0	0.0	0.0
172	__rnase_site_ext	22.4	0.0	0.0
172	p0	0.8	0.0	0.0
172	p1	0.8	0.0	0.0
172	protein1	881.6	19.0	1.737785
172	protein2	876.4	19.4	1.5023098
172	protein3	200.2	4.8	1.8777778
172	r2	17.8	0.0	0.0
172	rnapol	0.4	0.0	0.0
173	__protein1_rbs	12.6	0.0	0.0
173	__protein2_rbs	10.2	0.0	0.0
173	__protein3_rbs	3.0	0.0	0.0
173	__ribosome	26.0	0.0	0.0
173	__rnase_site_ext	22.6	0.0	0.0
173	p0	0.4	0.0	0.0
173	p1	1.0	0.0	0.0
173	protein1	888.4	18.8	1.7448236
173	protein2	882.8	19.2	1.677807
173	protein3	202.8	4.8	1.62
173	r2	17.4	0.0	0.0
173	rnapol	0.4	0.0	0.0
174	__protein1_rbs	12.4	0.0	0.0
174	__protein2_rbs	13.8	0.0	0.0
174	__protein3_rbs	2.8	0.0	0.0
174	__ribosome	29.0	0.0	0.0
174	__rnase_site_ext	22.8	0.0	0.0
174	p0	1.0	0.0	0.0
174	p1	0.8	0.0	0.0
174	protein1	896.8	19.0	1.621
174	protein2	890.0	19.4	1.5942942
174	protein3	205.0	4.6	1.7622221999999998
174	r2	17.4	0.0	0.0
174	rnapol	0.2	0.0	0.0
175	__protein1_rbs	10.4	0.0	0.0
175	__protein2_rbs	13.4	0.0	0.0
175	__protein3_rbs	3.6	0.0	0.0
175	__ribosome	27.8	0.0	0.0
175	__rnase_site_ext	22.8	0.0	0.0
175	p0	0.8	0.0	0.0
175	p1	0.4	0.0	0.0
175	protein1	904.4	19.2	1.7547356
175	protein2	897.2	19.4	1.6276482
175	protein3	207.4	4.8	1.4311112
175	r2	17.6	0.0	0.0
175	rnapol	0.4	0.0	0.0
176	__protein1_rbs	13.2	0.0	0.0
176	__protein2_rbs	12.0	0.0	0.0
176	__protein3_rbs	3.0	0.0	0.0
176	__ribosome	27.0	0.0	0.0
176	__rnase_site_ext	23.6	0.0	0.0
176	p0	0.6	0.0	0.0
176	p1	0.8	0.0	0.0
176	protein1	912.4	19.2	1.6784004000000003
176	protein2	903.2	18.8	1.7877848000000003
176	protein3	209.2	4.6	1.7977778000000002
176	r2	17.8	0.0	0.0
176	rnapol	0.4	0.0	0.0
177	__protein1_rbs	11.8	0.0	0.0
177	__protein2_rbs	13.4	0.0	0.0
177	__protein3_rbs	2.4	0.0	0.0
177	__ribosome	28.6	0.0	0.0
177	__rnase_site_ext	23.6	0.0	0.0
177	p0	0.6	0.0	0.0
177	p1	0.4	0.0	0.0
177	protein1	918.6	19.4	1.7479787999999998
177	protein2	913.0	19.2	1.5307182
177	protein3	211.2	4.6	1.8377778000000002
177	r2	17.8	0.0	0.0
177	rnapol	0.2	0.0	0.0
178	__protein1_rbs	12.8	0.0	0.0
178	__protein2_rbs	13.4	0.0	0.0
178	__protein3_rbs	3.0	0.0	0.0
178	__ribosome	26.0	0.0	0.0
178	__rnase_site_ext	23.4	0.0	0.0
178	p0	1.0	0.0	0.0
178	p1	1.0	0.0	0.0
178	protein1	924.8	19.8	1.8228726
178	protein2	918.4	19.2	1.6028028
178	protein3	213.4	4.2	2.0577778
178	r2	18.0	0.0	0.0
178	rnapol	0.4	0.0	0.0
179	__protein1_rbs	14.2	0.0	0.0
179	__protein2_rbs	10.8	0.0	0.0
179	__protein3_rbs	1.8	0.0	0.0
179	__ribosome	26.0	0.0	0.0
179	__rnase_site_ext	22.8	0.0	0.0
179	p0	1.0	0.0	0.0
179	p1	0.6	0.0	0.0
179	protein1	933.0	19.4	1.779462
179	protein2	926.8	19.2	1.6411576
179	protein3	215.2	3.8	2.255
179	r2	17.4	0.0	0.0
179	rnapol	0.4	0.0	0.0
180	__protein1_rbs	13.0	0.0	0.0
180	__protein2_rbs	12.2	0.0	0.0
180	__protein3_rbs	2.2	0.0	0.0
180	__ribosome	26.8	0.0	0.0
180	__rnase_site_ext	23.2	0.0	0.0
180	p0	0.8	0.0	0.0
180	p1	0.6	0.0	0.0
180	protein1	941.6	19.0	1.7418301999999997
180	protein2	934.2	19.4	1.688927
180	protein3	217.4	4.0	2.1
180	r2	17.6	0.0	0.0
180	rnapol	0.8	0.0	0.0
181	__protein1_rbs	12.8	0.0	0.0
181	__protein2_rbs	12.2	0.0	0.0
181	__protein3_rbs	2.8	0.0	0.0
181	__ribosome	25.6	0.0	0.0
181	__rnase_site_ext	23.6	0.0	0.0
181	p0	1.0	0.0	0.0
181	p1	0.2	0.0	0.0
181	protein1	949.4	19.2	1.6703400000000002
181	protein2	940.2	19.4	1.818118
181	protein3	219.0	4.0	1.925
181	r2	17.4	0.0	0.0
181	rnapol	0.6	0.0	0.0
182	__protein1_rbs	11.8	0.0	0.0
182	__protein2_rbs	13.2	0.0	0.0
182	__protein3_rbs	3.2	0.0	0.0
182	__ribosome	27.2	0.0	0.0
182	__rnase_site_ext	24.2	0.0	0.0
182	p0	0.4	0.0	0.0
182	p1	0.8	0.0	0.0
182	protein1	958.6	19.4	1.5946665999999998
182	protein2	947.6	19.8	1.7829400000000002
182	protein3	220.8	3.8	1.6952379999999998
182	r2	17.2	0.0	0.0
182	rnapol	0.0	0.0	0.0
183	__protein1_rbs	14.0	0.0	0.0
183	__protein2_rbs	11.0	0.0	0.0
183	__protein3_rbs	2.8	0.0	0.0
183	__ribosome	27.0	0.0	0.0
183	__rnase_site_ext	24.4	0.0	0.0
183	p0	1.0	0.0	0.0
183	p1	0.6	0.0	0.0
183	protein1	966.0	19.6	1.5078874
183	protein2	955.0	20.0	1.841223
183	protein3	222.4	3.8	1.7666666000000002
183	r2	17.6	0.0	0.0
183	rnapol	0.2	0.0	0.0
184	__protein1_rbs	14.4	0.0	0.0
184	__protein2_rbs	13.0	0.0	0.0
184	__protein3_rbs	1.8	0.0	0.0
184	__ribosome	26.2	0.0	0.0
184	__rnase_site_ext	24.4	0.0	0.0
184	p0	0.8	0.0	0.0
184	p1	0.6	0.0	0.0
184	protein1	971.8	20.2	1.5284592
184	protein2	962.6	19.6	1.9249784
184	protein3	224.8	3.6	2.0047620000000004
184	r2	17.2	0.0	0.0
184	rnapol	0.2	0.0	0.0
185	__protein1_rbs	12.4	0.0	0.0
185	__protein2_rbs	11.8	0.0	0.0
185	__protein3_rbs	1.6	0.0	0.0
185	__ribosome	26.2	0.0	0.0
185	__rnase_site_ext	24.4	0.0	0.0
185	p0	0.8	0.0	0.0
185	p1	0.6	0.0	0.0
185	protein1	979.0	20.0	1.662741
185	protein2	972.6	19.2	1.8580952000000002
185	protein3	226.2	3.6	1.9476191999999999
185	r2	17.0	0.0	0.0
185	rnapol	0.0	0.0	0.0
186	__protein1_rbs	13.8	0.0	0.0
186	__protein2_rbs	11.8	0.0	0.0
186	__protein3_rbs	2.2	0.0	0.0
186	__ribosome	25.0	0.0	0.0
186	__rnase_site_ext	24.4	0.0	0.0
186	p0	1.0	0.0	0.0
186	p1	1.0	0.0	0.0
186	protein1	984.8	20.2	1.6965914000000002
186	protein2	981.0	19.6	1.8127381999999999
186	protein3	227.4	3.0	2.3866666000000003
186	r2	17.8	0.0	0.0
186	rnapol	0.4	0.0	0.0
187	__protein1_rbs	14.0	0.0	0.0
187	__protein2_rbs	11.8	0.0	0.0
187	__protein3_rbs	1.8	0.0	0.0
187	__ribosome	25.0	0.0	0.0
187	__rnase_site_ext	24.6	0.0	0.0
187	p0	0.6	0.0	0.0
187	p1	0.4	0.0	0.0
187	protein1	993.0	20.2	1.6063112
187	protein2	989.2	19.8	1.8635784
187	protein3	228.6	3.0	2.2533334
187	r2	17.6	0.0	0.0
187	rnapol	0.4	0.0	0.0
188	__protein1_rbs	13.4	0.0	0.0
188	__protein2_rbs	12.8	0.0	0.0
188	__protein3_rbs	2.4	0.0	0.0
188	__ribosome	25.8	0.0	0.0
188	__rnase_site_ext	25.0	0.0	0.0
188	p0	0.8	0.0	0.0
188	p1	0.6	0.0	0.0
188	protein1	999.8	20.2	1.6179982
188	protein2	998.0	19.8	1.7887136000000001
188	protein3	229.8	3.2	1.9066666
188	r2	17.2	0.0	0.0
188	rnapol	0.0	0.0	0.0
189	__protein1_rbs	12.4	0.0	0.0
189	__protein2_rbs	13.4	0.0	0.0
189	__protein3_rbs	2.4	0.0	0.0
189	__ribosome	27.0	0.0	0.0
189	__rnase_site_ext	25.4	0.0	0.0
189	p0	0.8	0.0	0.0
189	p1	1.0	0.0	0.0
189	protein1	1009.0	20.4	1.5763353999999998
189	protein2	1006.4	20.2	1.7472378000000002
189	protein3	231.8	3.4	1.34
189	r2	17.4	0.0	0.0
189	rnapol	0.2	0.0	0.0
190	__protein1_rbs	12.4	0.0	0.0
190	__protein2_rbs	14.0	0.0	0.0
190	__protein3_rbs	1.8	0.0	0.0
190	__ribosome	26.4	0.0	0.0
190	__rnase_site_ext	25.6	0.0	0.0
190	p0	0.8	0.0	0.0
190	p1	0.2	0.0	0.0
190	protein1	1016.4	20.8	1.6698624
190	protein2	1014.8	20.4	1.6617988
190	protein3	233.2	3.2	1.4466666000000001
190	r2	17.8	0.0	0.0
190	rnapol	0.4	0.0	0.0
191	__protein1_rbs	13.4	0.0	0.0
191	__protein2_rbs	13.8	0.0	0.0
191	__protein3_rbs	2.0	0.0	0.0
191	__ribosome	25.6	0.0	0.0
191	__rnase_site_ext	25.4	0.0	0.0
191	p0	1.0	0.0	0.0
191	p1	0.8	0.0	0.0
191	protein1	1023.6	21.0	1.7418714000000002
191	protein2	1022.8	20.4	1.618737
191	protein3	234.4	3.2	1.48
191	r2	17.8	0.0	0.0
191	rnapol	0.4	0.0	0.0
192	__protein1_rbs	14.0	0.0	0.0
192	__protein2_rbs	13.0	0.0	0.0
192	__protein3_rbs	1.8	0.0	0.0
192	__ribosome	22.6	0.0	0.0
192	__rnase_site_ext	25.8	0.0	0.0
192	p0	0.4	0.0	0.0
192	p1	1.0	0.0	0.0
192	protein1	1031.4	20.8	1.8033586
192	protein2	1030.4	21.0	1.6678571999999998
192	protein3	235.2	3.2	1.6266666
192	r2	17.8	0.0	0.0
192	rnapol	0.4	0.0	0.0
193	__protein1_rbs	14.0	0.0	0.0
193	__protein2_rbs	14.0	0.0	0.0
193	__protein3_rbs	2.0	0.0	0.0
193	__ribosome	22.0	0.0	0.0
193	__rnase_site_ext	26.0	0.0	0.0
193	p0	1.0	0.0	0.0
193	p1	0.6	0.0	0.0
193	protein1	1037.8	21.2	1.8326456
193	protein2	1039.4	21.0	1.61627
193	protein3	236.6	3.2	1.6533334
193	r2	17.6	0.0	0.0
193	rnapol	0.4	0.0	0.0
194	__protein1_rbs	14.4	0.0	0.0
194	__protein2_rbs	13.8	0.0	0.0
194	__protein3_rbs	1.6	0.0	0.0
194	__ribosome	24.8	0.0	0.0
194	__rnase_site_ext	26.4	0.0	0.0
194	p0	0.6	0.0	0.0
194	p1	0.8	0.0	0.0
194	protein1	1049.2	21.2	1.708343
194	protein2	1047.2	21.0	1.5905634000000002
194	protein3	238.0	3.2	1.6933333999999998
194	r2	17.6	0.0	0.0
194	rnapol	0.8	0.0	0.0
195	__protein1_rbs	14.0	0.0	0.0
195	__protein2_rbs	13.2	0.0	0.0
195	__protein3_rbs	2.4	0.0	0.0
195	__ribosome	23.8	0.0	0.0
195	__rnase_site_ext	26.6	0.0	0.0
195	p0	1.0	0.0	0.0
195	p1	0.8	0.0	0.0
195	protein1	1057.2	21.4	1.6973015999999999
195	protein2	1055.2	21.2	1.6146303999999998
195	protein3	239.2	3.2	1.6066666
195	r2	17.6	0.0	0.0
195	rnapol	1.0	0.0	0.0
196	__protein1_rbs	14.0	0.0	0.0
196	__protein2_rbs	12.2	0.0	0.0
196	__protein3_rbs	2.0	0.0	0.0
196	__ribosome	23.4	0.0	0.0
196	__rnase_site_ext	27.2	0.0	0.0
196	p0	1.0	0.0	0.0
196	p1	0.8	0.0	0.0
196	protein1	1065.8	21.6	1.6436996
196	protein2	1063.8	20.6	1.6974052
196	protein3	240.6	3.2	1.5933334
196	r2	17.6	0.0	0.0
196	rnapol	0.6	0.0	0.0
197	__protein1_rbs	16.0	0.0	0.0
197	__protein2_rbs	12.4	0.0	0.0
197	__protein3_rbs	2.8	0.0	0.0
197	__ribosome	23.4	0.0	0.0
197	__rnase_site_ext	27.0	0.0	0.0
197	p0	1.0	0.0	0.0
197	p1	1.0	0.0	0.0
197	protein1	1074.0	22.0	1.5476374
197	protein2	1070.6	20.6	1.806936
197	protein3	241.8	3.4	1.3866666
197	r2	17.8	0.0	0.0
197	rnapol	1.0	0.0	0.0
198	__protein1_rbs	14.2	0.0	0.0
198	__protein2_rbs	13.8	0.0	0.0
198	__protein3_rbs	2.6	0.0	0.0
198	__ribosome	22.0	0.0	0.0
198	__rnase_site_ext	27.4	0.0	0.0
198	p0	0.4	0.0	0.0
198	p1	0.6	0.0	0.0
198	protein1	1081.0	21.8	1.654989
198	protein2	1078.4	20.6	1.8013886000000001
198	protein3	243.2	3.4	1.42
198	r2	18.0	0.0	0.0
198	rnapol	0.4	0.0	0.0
199	__protein1_rbs	14.2	0.0	0.0
199	__protein2_rbs	14.6	0.0	0.0
199	__protein3_rbs	2.0	0.0	0.0
199	__ribosome	23.6	0.0	0.0
199	__rnase_site_ext	27.8	0.0	0.0
199	p0	1.0	0.0	0.0
199	p1	0.6	0.0	0.0
199	protein1	1089.6	22.0	1.6491930000000001
199	protein2	1087.4	21.0	1.6998556
199	protein3	244.8	3.2	1.5433334
199	r2	18.2	0.0	0.0
199	rnapol	0.4	0.0	0.0
200	__protein1_rbs	14.2	0.0	0.0
200	__protein2_rbs	13.4	0.0	0.0
200	__protein3_rbs	2.6	0.0	0.0
200	__ribosome	24.6	0.0	0.0
200	__rnase_site_ext	27.4	0.0	0.0
200	p0	0.8	0.0	0.0
200	p1	1.0	0.0	0.0
200	protein1	1098.6	22.4	1.5702496
200	protein2	1096.8	21.0	1.6770188
200	protein3	245.8	3.2	1.4166666
200	r2	18.2	0.0	0.0
200	rnapol	0.4	0.0	0.0
201	__protein1_rbs	15.6	0.0	0.0
201	__protein2_rbs	15.4	0.0	0.0
201	__protein3_rbs	2.0	0.0	0.0
201	__ribosome	26.6	0.0	0.0
201	__rnase_site_ext	27.4	0.0	0.0
201	p0	1.0	0.0	0.0
201	p1	0.4	0.0	0.0
201	protein1	1105.8	22.2	1.6110424
201	protein2	1106.6	21.0	1.545975
201	protein3	246.6	3.2	1.7333333999999998
201	r2	18.0	0.0	0.0
201	rnapol	0.6	0.0	0.0
202	__protein1_rbs	15.2	0.0	0.0
202	__protein2_rbs	13.6	0.0	0.0
202	__protein3_rbs	1.4	0.0	0.0
202	__ribosome	26.6	0.0	0.0
202	__rnase_site_ext	27.4	0.0	0.0
202	p0	0.8	0.0	0.0
202	p1	0.4	0.0	0.0
202	protein1	1114.6	22.2	1.5605808
202	protein2	1112.8	21.2	1.6071654
202	protein3	248.2	2.8	1.94
202	r2	17.8	0.0	0.0
202	rnapol	0.4	0.0	0.0
203	__protein1_rbs	14.4	0.0	0.0
203	__protein2_rbs	14.4	0.0	0.0
203	__protein3_rbs	1.8	0.0	0.0
203	__ribosome	26.0	0.0	0.0
203	__rnase_site_ext	27.4	0.0	0.0
203	p0	1.0	0.0	0.0
203	p1	0.4	0.0	0.0
203	protein1	1123.2	22.2	1.6382622000000002
203	protein2	1122.2	21.6	1.5503294
203	protein3	249.2	2.8	1.95
203	r2	18.0	0.0	0.0
203	rnapol	0.6	0.0	0.0
204	__protein1_rbs	12.8	0.0	0.0
204	__protein2_rbs	15.2	0.0	0.0
204	__protein3_rbs	2.6	0.0	0.0
204	__ribosome	25.8	0.0	0.0
204	__rnase_site_ext	27.6	0.0	0.0
204	p0	0.6	0.0	0.0
204	p1	0.6	0.0	0.0
204	protein1	1131.8	22.2	1.7189953999999996
204	protein2	1131.2	22.0	1.5160189999999998
204	protein3	251.0	3.0	1.4166666
204	r2	17.8	0.0	0.0
204	rnapol	0.2	0.0	0.0
205	__protein1_rbs	15.2	0.0	0.0
205	__protein2_rbs	13.6	0.0	0.0
205	__protein3_rbs	1.8	0.0	0.0
205	__ribosome	21.8	0.0	0.0
205	__rnase_site_ext	27.2	0.0	0.0
205	p0	0.8	0.0	0.0
205	p1	0.2	0.0	0.0
205	protein1	1139.2	22.2	1.7064892
205	protein2	1138.0	21.8	1.6583662
205	protein3	251.8	3.0	1.8666666
205	r2	18.0	0.0	0.0
205	rnapol	0.4	0.0	0.0
206	__protein1_rbs	15.8	0.0	0.0
206	__protein2_rbs	16.2	0.0	0.0
206	__protein3_rbs	2.8	0.0	0.0
206	__ribosome	23.2	0.0	0.0
206	__rnase_site_ext	27.6	0.0	0.0
206	p0	1.0	0.0	0.0
206	p1	0.4	0.0	0.0
206	protein1	1147.2	22.2	1.6625
206	protein2	1144.6	22.0	1.6785573999999996
206	protein3	253.2	3.2	1.5066666000000002
206	r2	18.4	0.0	0.0
206	rnapol	0.6	0.0	0.0
207	__protein1_rbs	15.4	0.0	0.0
207	__protein2_rbs	14.2	0.0	0.0
207	__protein3_rbs	2.6	0.0	0.0
207	__ribosome	24.0	0.0	0.0
207	__rnase_site_ext	27.8	0.0	0.0
207	p0	0.8	0.0	0.0
207	p1	1.0	0.0	0.0
207	protein1	1157.2	22.6	1.5759843999999998
207	protein2	1154.2	22.6	1.6506470000000002
207	protein3	254.4	3.2	1.2133333999999998
207	r2	18.4	0.0	0.0
207	rnapol	0.2	0.0	0.0
208	__protein1_rbs	15.4	0.0	0.0
208	__protein2_rbs	15.6	0.0	0.0
208	__protein3_rbs	1.4	0.0	0.0
208	__ribosome	24.6	0.0	0.0
208	__rnase_site_ext	27.4	0.0	0.0
208	p0	0.6	0.0	0.0
208	p1	1.0	0.0	0.0
208	protein1	1166.0	22.8	1.5692186000000001
208	protein2	1163.6	22.4	1.5890178
208	protein3	255.6	3.2	1.36
208	r2	18.8	0.0	0.0
208	rnapol	0.2	0.0	0.0
209	__protein1_rbs	15.0	0.0	0.0
209	__protein2_rbs	15.6	0.0	0.0
209	__protein3_rbs	2.6	0.0	0.0
209	__ribosome	24.4	0.0	0.0
209	__rnase_site_ext	27.0	0.0	0.0
209	p0	0.8	0.0	0.0
209	p1	0.8	0.0	0.0
209	protein1	1174.6	23.2	1.623815
209	protein2	1172.0	21.8	1.6027136
209	protein3	256.6	3.2	1.2266666000000002
209	r2	19.0	0.0	0.0
209	rnapol	0.4	0.0	0.0
210	__protein1_rbs	16.4	0.0	0.0
210	__protein2_rbs	15.2	0.0	0.0
210	__protein3_rbs	2.4	0.0	0.0
210	__ribosome	24.2	0.0	0.0
210	__rnase_site_ext	27.0	0.0	0.0
210	p0	1.0	0.0	0.0
210	p1	0.6	0.0	0.0
210	protein1	1183.2	22.6	1.5904530000000001
210	protein2	1179.6	21.8	1.6547770000000004
210	protein3	257.2	3.2	1.3666668000000002
210	r2	18.6	0.0	0.0
210	rnapol	0.2	0.0	0.0
211	__protein1_rbs	15.2	0.0	0.0
211	__protein2_rbs	15.0	0.0	0.0
211	__protein3_rbs	1.8	0.0	0.0
211	__ribosome	24.4	0.0	0.0
211	__rnase_site_ext	27.2	0.0	0.0
211	p0	0.6	0.0	0.0
211	p1	0.8	0.0	0.0
211	protein1	1190.2	22.8	1.6500388
211	protein2	1189.6	21.8	1.5268483999999998
211	protein3	258.0	3.2	1.5166666000000002
211	r2	19.4	0.0	0.0
211	rnapol	0.6	0.0	0.0
212	__protein1_rbs	14.6	0.0	0.0
212	__protein2_rbs	14.2	0.0	0.0
212	__protein3_rbs	2.6	0.0	0.0
212	__ribosome	26.0	0.0	0.0
212	__rnase_site_ext	27.2	0.0	0.0
212	p0	0.8	0.0	0.0
212	p1	0.4	0.0	0.0
212	protein1	1200.6	22.6	1.6023188000000002
212	protein2	1197.0	21.8	1.5711841999999998
212	protein3	259.8	3.2	1.2666666000000002
212	r2	19.2	0.0	0.0
212	rnapol	0.0	0.0	0.0
213	__protein1_rbs	14.0	0.0	0.0
213	__protein2_rbs	16.4	0.0	0.0
213	__protein3_rbs	1.8	0.0	0.0
213	__ribosome	25.4	0.0	0.0
213	__rnase_site_ext	27.2	0.0	0.0
213	p0	0.8	0.0	0.0
213	p1	0.6	0.0	0.0
213	protein1	1209.4	22.6	1.6561979999999998
213	protein2	1205.8	22.0	1.4820132000000004
213	protein3	260.6	3.4	1.4666666000000002
213	r2	19.2	0.0	0.0
213	rnapol	0.0	0.0	0.0
214	__protein1_rbs	15.0	0.0	0.0
214	__protein2_rbs	14.8	0.0	0.0
214	__protein3_rbs	2.4	0.0	0.0
214	__ribosome	22.0	0.0	0.0
214	__rnase_site_ext	27.6	0.0	0.0
214	p0	0.8	0.0	0.0
214	p1	0.6	0.0	0.0
214	protein1	1217.4	22.6	1.7150944000000004
214	protein2	1212.6	22.4	1.5437344
214	protein3	261.6	3.4	1.6166665999999998
214	r2	19.0	0.0	0.0
214	rnapol	0.0	0.0	0.0
215	__protein1_rbs	16.6	0.0	0.0
215	__protein2_rbs	15.0	0.0	0.0
215	__protein3_rbs	2.2	0.0	0.0
215	__ribosome	21.8	0.0	0.0
215	__rnase_site_ext	27.4	0.0	0.0
215	p0	0.8	0.0	0.0
215	p1	0.6	0.0	0.0
215	protein1	1225.4	22.6	1.6536166
215	protein2	1219.6	22.6	1.591798
215	protein3	262.8	3.6	1.4766666000000002
215	r2	19.2	0.0	0.0
215	rnapol	0.2	0.0	0.0
216	__protein1_rbs	16.0	0.0	0.0
216	__protein2_rbs	16.6	0.0	0.0
216	__protein3_rbs	2.6	0.0	0.0
216	__ribosome	23.8	0.0	0.0
216	__rnase_site_ext	27.4	0.0	0.0
216	p0	0.8	0.0	0.0
216	p1	0.8	0.0	0.0
216	protein1	1233.6	22.8	1.6673996
216	protein2	1229.4	22.6	1.4642420000000005
216	protein3	263.8	3.6	1.6266666
216	r2	19.4	0.0	0.0
216	rnapol	0.0	0.0	0.0
217	__protein1_rbs	15.8	0.0	0.0
217	__protein2_rbs	15.8	0.0	0.0
217	__protein3_rbs	1.8	0.0	0.0
217	__ribosome	24.6	0.0	0.0
217	__rnase_site_ext	27.2	0.0	0.0
217	p0	1.0	0.0	0.0
217	p1	1.0	0.0	0.0
217	protein1	1245.0	22.6	1.5360864
217	protein2	1235.8	23.2	1.5267057999999998
217	protein3	265.4	3.6	1.5433333999999999
217	r2	18.8	0.0	0.0
217	rnapol	0.4	0.0	0.0
218	__protein1_rbs	12.8	0.0	0.0
218	__protein2_rbs	15.8	0.0	0.0
218	__protein3_rbs	1.8	0.0	0.0
218	__ribosome	23.2	0.0	0.0
218	__rnase_site_ext	27.4	0.0	0.0
218	p0	0.6	0.0	0.0
218	p1	0.6	0.0	0.0
218	protein1	1253.4	22.4	1.6543432
218	protein2	1246.0	23.2	1.4713136000000002
218	protein3	267.0	3.8	1.3066666000000002
218	r2	18.8	0.0	0.0
218	rnapol	0.4	0.0	0.0
219	__protein1_rbs	16.6	0.0	0.0
219	__protein2_rbs	16.2	0.0	0.0
219	__protein3_rbs	2.2	0.0	0.0
219	__ribosome	23.2	0.0	0.0
219	__rnase_site_ext	27.6	0.0	0.0
219	p0	0.6	0.0	0.0
219	p1	0.8	0.0	0.0
219	protein1	1261.6	22.8	1.6105593999999999
219	protein2	1254.0	23.0	1.4853038
219	protein3	268.0	3.8	1.6133334
219	r2	19.0	0.0	0.0
219	rnapol	0.4	0.0	0.0
220	__protein1_rbs	15.8	0.0	0.0
220	__protein2_rbs	16.8	0.0	0.0
220	__protein3_rbs	2.8	0.0	0.0
220	__ribosome	22.2	0.0	0.0
220	__rnase_site_ext	27.8	0.0	0.0
220	p0	0.4	0.0	0.0
220	p1	0.8	0.0	0.0
220	protein1	1270.2	22.8	1.5973528000000001
220	protein2	1260.2	23.0	1.5504706
220	protein3	268.6	3.8	1.7566665999999995
220	r2	19.4	0.0	0.0
220	rnapol	0.6	0.0	0.0
221	__protein1_rbs	14.8	0.0	0.0
221	__protein2_rbs	14.6	0.0	0.0
221	__protein3_rbs	2.2	0.0	0.0
221	__ribosome	22.2	0.0	0.0
221	__rnase_site_ext	28.2	0.0	0.0
221	p0	0.6	0.0	0.0
221	p1	0.8	0.0	0.0
221	protein1	1279.8	23.4	1.5523338
221	protein2	1270.6	23.2	1.5430392000000002
221	protein3	270.6	3.8	1.7899999999999998
221	r2	19.4	0.0	0.0
221	rnapol	0.4	0.0	0.0
222	__protein1_rbs	14.0	0.0	0.0
222	__protein2_rbs	16.2	0.0	0.0
222	__protein3_rbs	2.6	0.0	0.0
222	__ribosome	22.0	0.0	0.0
222	__rnase_site_ext	28.6	0.0	0.0
222	p0	0.8	0.0	0.0
222	p1	0.6	0.0	0.0
222	protein1	1288.2	23.6	1.6383759999999998
222	protein2	1279.8	23.2	1.4873724
222	protein3	272.8	3.8	1.7266666000000002
222	r2	19.4	0.0	0.0
222	rnapol	0.2	0.0	0.0
223	__protein1_rbs	17.0	0.0	0.0
223	__protein2_rbs	14.8	0.0	0.0
223	__protein3_rbs	2.0	0.0	0.0
223	__ribosome	19.6	0.0	0.0
223	__rnase_site_ext	28.6	0.0	0.0
223	p0	0.8	0.0	0.0
223	p1	1.0	0.0	0.0
223	protein1	1296.6	23.6	1.5996124000000005
223	protein2	1286.8	23.2	1.607
223	protein3	273.8	3.4	1.96
223	r2	19.8	0.0	0.0
223	rnapol	0.2	0.0	0.0
224	__protein1_rbs	16.6	0.0	0.0
224	__protein2_rbs	15.8	0.0	0.0
224	__protein3_rbs	2.6	0.0	0.0
224	__ribosome	19.6	0.0	0.0
224	__rnase_site_ext	28.0	0.0	0.0
224	p0	0.8	0.0	0.0
224	p1	1.0	0.0	0.0
224	protein1	1304.4	23.6	1.6108854
224	protein2	1295.4	23.6	1.6104613999999997
224	protein3	275.2	3.4	1.7600000000000002
224	r2	20.0	0.0	0.0
224	rnapol	0.0	0.0	0.0
225	__protein1_rbs	15.2	0.0	0.0
225	__protein2_rbs	16.4	0.0	0.0
225	__protein3_rbs	2.0	0.0	0.0
225	__ribosome	20.8	0.0	0.0
225	__rnase_site_ext	28.2	0.0	0.0
225	p0	0.8	0.0	0.0
225	p1	0.4	0.0	0.0
225	protein1	1313.6	23.2	1.6231532000000002
225	protein2	1304.6	23.6	1.6040770000000002
225	protein3	277.2	3.4	1.5699999999999998
225	r2	20.2	0.0	0.0
225	rnapol	0.2	0.0	0.0
226	__protein1_rbs	16.2	0.0	0.0
226	__protein2_rbs	15.6	0.0	0.0
226	__protein3_rbs	3.2	0.0	0.0
226	__ribosome	21.4	0.0	0.0
226	__rnase_site_ext	27.8	0.0	0.0
226	p0	1.0	0.0	0.0
226	p1	0.8	0.0	0.0
226	protein1	1324.0	23.2	1.4964343999999998
226	protein2	1311.8	23.4	1.710166
226	protein3	277.8	3.8	1.3666668
226	r2	19.6	0.0	0.0
226	rnapol	0.4	0.0	0.0
227	__protein1_rbs	16.4	0.0	0.0
227	__protein2_rbs	15.0	0.0	0.0
227	__protein3_rbs	2.4	0.0	0.0
227	__ribosome	21.8	0.0	0.0
227	__rnase_site_ext	28.0	0.0	0.0
227	p0	0.8	0.0	0.0
227	p1	0.4	0.0	0.0
227	protein1	1333.4	23.2	1.4493648
227	protein2	1321.6	23.6	1.7235294
227	protein3	279.6	3.8	1.35
227	r2	19.6	0.0	0.0
227	rnapol	0.0	0.0	0.0
228	__protein1_rbs	15.0	0.0	0.0
228	__protein2_rbs	16.4	0.0	0.0
228	__protein3_rbs	2.8	0.0	0.0
228	__ribosome	22.2	0.0	0.0
228	__rnase_site_ext	28.0	0.0	0.0
228	p0	0.8	0.0	0.0
228	p1	0.4	0.0	0.0
228	protein1	1340.6	23.0	1.5611068000000001
228	protein2	1332.2	23.4	1.6039742
228	protein3	280.6	4.0	1.3633332
228	r2	19.6	0.0	0.0
228	rnapol	0.2	0.0	0.0
229	__protein1_rbs	15.8	0.0	0.0
229	__protein2_rbs	16.8	0.0	0.0
229	__protein3_rbs	2.4	0.0	0.0
229	__ribosome	19.4	0.0	0.0
229	__rnase_site_ext	27.4	0.0	0.0
229	p0	0.8	0.0	0.0
229	p1	0.8	0.0	0.0
229	protein1	1348.8	23.4	1.586177
229	protein2	1340.2	23.8	1.6116431999999998
229	protein3	281.4	4.0	1.7100000000000002
229	r2	19.6	0.0	0.0
229	rnapol	0.0	0.0	0.0
230	__protein1_rbs	15.4	0.0	0.0
230	__protein2_rbs	17.6	0.0	0.0
230	__protein3_rbs	2.4	0.0	0.0
230	__ribosome	20.6	0.0	0.0
230	__rnase_site_ext	26.6	0.0	0.0
230	p0	1.0	0.0	0.0
230	p1	1.0	0.0	0.0
230	protein1	1357.6	23.2	1.624401
230	protein2	1349.4	24.0	1.5077151999999998
230	protein3	282.8	4.0	1.7566665999999995
230	r2	20.0	0.0	0.0
230	rnapol	0.6	0.0	0.0
231	__protein1_rbs	15.2	0.0	0.0
231	__protein2_rbs	15.6	0.0	0.0
231	__protein3_rbs	2.6	0.0	0.0
231	__ribosome	21.4	0.0	0.0
231	__rnase_site_ext	27.0	0.0	0.0
231	p0	0.8	0.0	0.0
231	p1	0.6	0.0	0.0
231	protein1	1365.8	22.4	1.7032580000000002
231	protein2	1359.8	24.0	1.4968629999999998
231	protein3	284.8	4.0	1.5233333999999998
231	r2	20.2	0.0	0.0
231	rnapol	0.4	0.0	0.0
232	__protein1_rbs	16.2	0.0	0.0
232	__protein2_rbs	16.4	0.0	0.0
232	__protein3_rbs	2.6	0.0	0.0
232	__ribosome	23.8	0.0	0.0
232	__rnase_site_ext	26.6	0.0	0.0
232	p0	0.6	0.0	0.0
232	p1	0.6	0.0	0.0
232	protein1	1375.6	22.6	1.5459642
232	protein2	1369.0	24.0	1.4775406
232	protein3	286.0	3.8	1.9466666000000001
232	r2	20.8	0.0	0.0
232	rnapol	0.6	0.0	0.0
233	__protein1_rbs	15.0	0.0	0.0
233	__protein2_rbs	16.6	0.0	0.0
233	__protein3_rbs	2.0	0.0	0.0
233	__ribosome	22.0	0.0	0.0
233	__rnase_site_ext	27.2	0.0	0.0
233	p0	0.6	0.0	0.0
233	p1	0.8	0.0	0.0
233	protein1	1384.0	22.0	1.5945684000000002
233	protein2	1378.2	24.2	1.4998116
233	protein3	287.4	3.6	2.1333333999999997
233	r2	21.4	0.0	0.0
233	rnapol	0.6	0.0	0.0
234	__protein1_rbs	14.8	0.0	0.0
234	__protein2_rbs	16.4	0.0	0.0
234	__protein3_rbs	2.8	0.0	0.0
234	__ribosome	22.0	0.0	0.0
234	__rnase_site_ext	27.4	0.0	0.0
234	p0	0.8	0.0	0.0
234	p1	0.8	0.0	0.0
234	protein1	1393.2	22.2	1.5225587999999999
234	protein2	1385.8	24.2	1.5473626
234	protein3	289.0	3.8	1.9533332
234	r2	21.4	0.0	0.0
234	rnapol	0.0	0.0	0.0
235	__protein1_rbs	16.8	0.0	0.0
235	__protein2_rbs	16.4	0.0	0.0
235	__protein3_rbs	2.4	0.0	0.0
235	__ribosome	21.4	0.0	0.0
235	__rnase_site_ext	26.8	0.0	0.0
235	p0	1.0	0.0	0.0
235	p1	0.6	0.0	0.0
235	protein1	1402.6	22.6	1.4335883999999999
235	protein2	1394.0	24.0	1.6163516000000002
235	protein3	290.2	3.8	2.0599998000000004
235	r2	21.2	0.0	0.0
235	rnapol	0.4	0.0	0.0
236	__protein1_rbs	13.6	0.0	0.0
236	__protein2_rbs	16.6	0.0	0.0
236	__protein3_rbs	2.4	0.0	0.0
236	__ribosome	21.8	0.0	0.0
236	__rnase_site_ext	26.6	0.0	0.0
236	p0	0.8	0.0	0.0
236	p1	0.8	0.0	0.0
236	protein1	1410.4	22.0	1.5704082000000001
236	protein2	1403.8	23.8	1.571238
236	protein3	292.4	3.8	1.8600002
236	r2	20.8	0.0	0.0
236	rnapol	0.0	0.0	0.0
237	__protein1_rbs	16.2	0.0	0.0
237	__protein2_rbs	15.0	0.0	0.0
237	__protein3_rbs	3.0	0.0	0.0
237	__ribosome	23.2	0.0	0.0
237	__rnase_site_ext	26.2	0.0	0.0
237	p0	1.0	0.0	0.0
237	p1	0.6	0.0	0.0
237	protein1	1417.6	21.8	1.5629824
237	protein2	1413.2	23.6	1.584762
237	protein3	294.4	4.2	1.4033331999999998
237	r2	21.0	0.0	0.0
237	rnapol	0.6	0.0	0.0
238	__protein1_rbs	14.4	0.0	0.0
238	__protein2_rbs	14.8	0.0	0.0
238	__protein3_rbs	2.2	0.0	0.0
238	__ribosome	20.8	0.0	0.0
238	__rnase_site_ext	26.6	0.0	0.0
238	p0	0.6	0.0	0.0
238	p1	0.8	0.0	0.0
238	protein1	1426.0	21.6	1.6439524
238	protein2	1422.6	23.6	1.6102710000000002
238	protein3	296.0	4.2	1.6166668000000002
238	r2	20.8	0.0	0.0
238	rnapol	0.4	0.0	0.0
239	__protein1_rbs	16.4	0.0	0.0
239	__protein2_rbs	15.2	0.0	0.0
239	__protein3_rbs	3.2	0.0	0.0
239	__ribosome	23.6	0.0	0.0
239	__rnase_site_ext	26.0	0.0	0.0
239	p0	1.0	0.0	0.0
239	p1	0.8	0.0	0.0
239	protein1	1435.0	21.6	1.544311
239	protein2	1432.4	24.2	1.5645854
239	protein3	297.6	4.2	1.5466666
239	r2	20.6	0.0	0.0
239	rnapol	0.2	0.0	0.0
240	__protein1_rbs	14.8	0.0	0.0
240	__protein2_rbs	15.2	0.0	0.0
240	__protein3_rbs	2.8	0.0	0.0
240	__ribosome	19.4	0.0	0.0
240	__rnase_site_ext	25.8	0.0	0.0
240	p0	0.8	0.0	0.0
240	p1	0.4	0.0	0.0
240	protein1	1442.6	21.0	1.6084462000000002
240	protein2	1439.0	24.0	1.7375186000000002
240	protein3	299.4	4.2	1.4666668
240	r2	20.8	0.0	0.0
240	rnapol	0.6	0.0	0.0
241	__protein1_rbs	13.6	0.0	0.0
241	__protein2_rbs	16.4	0.0	0.0
241	__protein3_rbs	2.6	0.0	0.0
241	__ribosome	20.2	0.0	0.0
241	__rnase_site_ext	26.4	0.0	0.0
241	p0	0.6	0.0	0.0
241	p1	0.6	0.0	0.0
241	protein1	1450.6	20.8	1.6667613999999997
241	protein2	1450.2	23.8	1.6330372
241	protein3	300.0	4.0	1.8
241	r2	20.2	0.0	0.0
241	rnapol	0.4	0.0	0.0
242	__protein1_rbs	16.6	0.0	0.0
242	__protein2_rbs	14.8	0.0	0.0
242	__protein3_rbs	2.6	0.0	0.0
242	__ribosome	23.4	0.0	0.0
242	__rnase_site_ext	26.0	0.0	0.0
242	p0	1.0	0.0	0.0
242	p1	0.8	0.0	0.0
242	protein1	1460.6	21.4	1.4375806
242	protein2	1459.8	24.4	1.6538372
242	protein3	302.2	4.0	1.5833332
242	r2	20.8	0.0	0.0
242	rnapol	0.4	0.0	0.0
243	__protein1_rbs	15.0	0.0	0.0
243	__protein2_rbs	15.8	0.0	0.0
243	__protein3_rbs	2.0	0.0	0.0
243	__ribosome	20.2	0.0	0.0
243	__rnase_site_ext	26.2	0.0	0.0
243	p0	0.6	0.0	0.0
243	p1	1.0	0.0	0.0
243	protein1	1468.6	20.8	1.4981286
243	protein2	1468.8	24.8	1.6854758
243	protein3	303.4	4.0	1.8000002
243	r2	20.6	0.0	0.0
243	rnapol	0.2	0.0	0.0
244	__protein1_rbs	14.4	0.0	0.0
244	__protein2_rbs	17.0	0.0	0.0
244	__protein3_rbs	2.8	0.0	0.0
244	__ribosome	21.8	0.0	0.0
244	__rnase_site_ext	26.0	0.0	0.0
244	p0	0.8	0.0	0.0
244	p1	0.8	0.0	0.0
244	protein1	1477.2	21.0	1.4767378
244	protein2	1479.8	24.8	1.6557744
244	protein3	304.8	4.0	1.7166666000000002
244	r2	20.6	0.0	0.0
244	rnapol	0.0	0.0	0.0
245	__protein1_rbs	12.4	0.0	0.0
245	__protein2_rbs	17.2	0.0	0.0
245	__protein3_rbs	2.8	0.0	0.0
245	__ribosome	20.0	0.0	0.0
245	__rnase_site_ext	25.6	0.0	0.0
245	p0	0.8	0.0	0.0
245	p1	0.6	0.0	0.0
245	protein1	1485.2	20.8	1.550657
245	protein2	1488.0	24.6	1.7134804000000003
245	protein3	306.8	4.0	1.6166665999999998
245	r2	21.0	0.0	0.0
245	rnapol	0.4	0.0	0.0
246	__protein1_rbs	13.4	0.0	0.0
246	__protein2_rbs	18.0	0.0	0.0
246	__protein3_rbs	2.8	0.0	0.0
246	__ribosome	21.4	0.0	0.0
246	__rnase_site_ext	25.4	0.0	0.0
246	p0	1.0	0.0	0.0
246	p1	0.8	0.0	0.0
246	protein1	1492.8	20.8	1.5810968
246	protein2	1498.4	24.0	1.6454076000000002
246	protein3	308.6	4.2	1.62
246	r2	21.2	0.0	0.0
246	rnapol	0.2	0.0	0.0
247	__protein1_rbs	13.4	0.0	0.0
247	__protein2_rbs	15.6	0.0	0.0
247	__protein3_rbs	2.6	0.0	0.0
247	__ribosome	20.2	0.0	0.0
247	__rnase_site_ext	25.4	0.0	0.0
247	p0	1.0	0.0	0.0
247	p1	0.4	0.0	0.0
247	protein1	1500.4	20.6	1.655864
247	protein2	1509.0	24.2	1.6118114
247	protein3	309.8	4.2	1.7100000000000002
247	r2	21.2	0.0	0.0
247	rnapol	0.4	0.0	0.0
248	__protein1_rbs	14.0	0.0	0.0
248	__protein2_rbs	14.4	0.0	0.0
248	__protein3_rbs	2.2	0.0	0.0
248	__ribosome	20.6	0.0	0.0
248	__rnase_site_ext	25.4	0.0	0.0
248	p0	0.6	0.0	0.0
248	p1	0.4	0.0	0.0
248	protein1	1508.6	20.6	1.6186751999999998
248	protein2	1520.0	23.6	1.6676341999999995
248	protein3	312.2	4.2	1.7066666
248	r2	21.2	0.0	0.0
248	rnapol	0.4	0.0	0.0
249	__protein1_rbs	15.2	0.0	0.0
249	__protein2_rbs	16.2	0.0	0.0
249	__protein3_rbs	3.2	0.0	0.0
249	__ribosome	21.8	0.0	0.0
249	__rnase_site_ext	25.2	0.0	0.0
249	p0	1.0	0.0	0.0
249	p1	0.6	0.0	0.0
249	protein1	1516.6	20.8	1.5481146
249	protein2	1528.8	23.8	1.6515368
249	protein3	313.8	4.2	1.5633334
249	r2	20.4	0.0	0.0
249	rnapol	0.4	0.0	0.0
250	__protein1_rbs	12.8	0.0	0.0
250	__protein2_rbs	15.0	0.0	0.0
250	__protein3_rbs	2.0	0.0	0.0
250	__ribosome	19.8	0.0	0.0
250	__rnase_site_ext	25.2	0.0	0.0
250	p0	0.6	0.0	0.0
250	p1	0.6	0.0	0.0
250	protein1	1525.0	20.6	1.6173608000000002
250	protein2	1538.4	23.4	1.6821240000000002
250	protein3	315.4	4.2	1.82
250	r2	20.6	0.0	0.0
250	rnapol	0.2	0.0	0.0
