time	species	protein	transcript	ribo_density
0	__protein1_rbs	0.0	0.0	0.0
0	__protein2_rbs	0.0	0.0	0.0
0	__protein3_rbs	0.0	0.0	0.0
0	__ribosome	100.0	0.0	0.0
0	__rnase_site_ext	0.0	0.0	0.0
0	p0	1.0	0.0	0.0
0	p1	1.0	0.0	0.0
0	r2	0.0	0.0	0.0
0	rnapol	4.0	0.0	0.0
1	__protein1_rbs	0.0	0.0	0.0
1	__protein2_rbs	0.0	0.0	0.0
1	__protein3_rbs	0.0	0.0	0.0
1	__ribosome	100.0	0.0	0.0
1	__rnase_site_ext	1.2	0.0	0.0
1	p0	0.2	0.0	0.0
1	p1	0.8	0.0	0.0
1	r2	0.0	0.0	0.0
1	rnapol	2.8	0.0	0.0
2	__protein1_rbs	0.2	0.0	0.0
2	__protein2_rbs	0.0	0.0	0.0
2	__protein3_rbs	0.0	0.0	0.0
2	__ribosome	99.4	0.0	0.0
2	__rnase_site_ext	2.0	0.0	0.0
2	p0	0.0	0.0	0.0
2	p1	1.0	0.0	0.0
2	protein1	0.0	0.6	0.4
2	protein2	0.0	0.2	0.2
2	r2	0.0	0.0	0.0
2	rnapol	1.6	0.0	0.0
3	__protein1_rbs	0.6	0.0	0.0
3	__protein2_rbs	0.0	0.0	0.0
3	__protein3_rbs	0.0	0.0	0.0
3	__ribosome	99.0	0.0	0.0
3	__rnase_site_ext	2.4	0.0	0.0
3	p0	0.6	0.0	0.0
3	p1	1.0	0.0	0.0
3	protein1	0.0	1.2	0.7
3	protein2	0.0	0.2	0.2
3	r2	0.0	0.0	0.0
3	rnapol	1.2	0.0	0.0
4	__protein1_rbs	0.8	0.0	0.0
4	__protein2_rbs	0.0	0.0	0.0
4	__protein3_rbs	0.0	0.0	0.0
4	__ribosome	97.4	0.0	0.0
4	__rnase_site_ext	2.8	0.0	0.0
4	p0	0.6	0.0	0.0
4	p1	1.0	0.0	0.0
4	protein1	0.0	2.0	1.1666666
4	protein2	0.0	0.2	0.4
4	r2	0.0	0.0	0.0
4	rnapol	0.8	0.0	0.0
5	__protein1_rbs	1.2	0.0	0.0
5	__protein2_rbs	0.0	0.0	0.0
5	__protein3_rbs	0.0	0.0	0.0
5	__ribosome	95.8	0.0	0.0
5	__rnase_site_ext	3.0	0.0	0.0
5	p0	0.8	0.0	0.0
5	p1	1.0	0.0	0.0
5	protein1	0.0	2.4	1.5
5	protein2	0.0	0.2	0.6
5	r2	0.0	0.0	0.0
5	rnapol	0.4	0.0	0.0
6	__protein1_rbs	1.2	0.0	0.0
6	__protein2_rbs	0.2	0.0	0.0
6	__protein3_rbs	0.0	0.0	0.0
6	__ribosome	94.4	0.0	0.0
6	__rnase_site_ext	3.2	0.0	0.0
6	p0	0.8	0.0	0.0
6	p1	1.0	0.0	0.0
6	protein1	0.0	2.6	2.25
6	protein2	0.0	0.2	0.6
6	r2	0.0	0.0	0.0
6	rnapol	0.0	0.0	0.0
7	__protein1_rbs	1.4	0.0	0.0
7	__protein2_rbs	0.2	0.0	0.0
7	__protein3_rbs	0.0	0.0	0.0
7	__ribosome	92.8	0.0	0.0
7	__rnase_site_ext	3.4	0.0	0.0
7	p0	1.0	0.0	0.0
7	p1	1.0	0.0	0.0
7	protein1	0.4	3.0	2.45
7	protein2	0.0	0.2	0.8
7	r2	0.2	0.0	0.0
7	rnapol	0.2	0.0	0.0
8	__protein1_rbs	1.4	0.0	0.0
8	__protein2_rbs	0.0	0.0	0.0
8	__protein3_rbs	0.0	0.0	0.0
8	__ribosome	91.8	0.0	0.0
8	__rnase_site_ext	3.2	0.0	0.0
8	p0	1.0	0.0	0.0
8	p1	0.8	0.0	0.0
8	protein1	1.2	3.2	2.6333333999999997
8	protein2	0.2	0.2	0.8
8	r2	0.2	0.0	0.0
8	rnapol	0.2	0.0	0.0
9	__protein1_rbs	0.8	0.0	0.0
9	__protein2_rbs	0.2	0.0	0.0
9	__protein3_rbs	0.0	0.0	0.0
9	__ribosome	91.0	0.0	0.0
9	__rnase_site_ext	3.2	0.0	0.0
9	p0	1.0	0.0	0.0
9	p1	0.0	0.0	0.0
9	protein1	2.2	3.0	3.2
9	protein2	0.4	0.2	0.6
9	r2	0.2	0.0	0.0
9	rnapol	0.2	0.0	0.0
10	__protein1_rbs	2.0	0.0	0.0
10	__protein2_rbs	0.4	0.0	0.0
10	__protein3_rbs	0.0	0.0	0.0
10	__ribosome	91.2	0.0	0.0
10	__rnase_site_ext	3.4	0.0	0.0
10	p0	0.8	0.0	0.0
10	p1	0.0	0.0	0.0
10	protein1	3.2	3.0	3.15
10	protein2	0.6	0.4	0.4
10	r2	0.2	0.0	0.0
10	rnapol	0.0	0.0	0.0
11	__protein1_rbs	0.8	0.0	0.0
11	__protein2_rbs	0.6	0.0	0.0
11	__protein3_rbs	0.0	0.0	0.0
11	__ribosome	90.0	0.0	0.0
11	__rnase_site_ext	3.4	0.0	0.0
11	p0	1.0	0.0	0.0
11	p1	0.0	0.0	0.0
11	protein1	4.6	3.0	3.15
11	protein2	0.6	1.0	0.6
11	r2	0.2	0.0	0.0
11	rnapol	0.0	0.0	0.0
12	__protein1_rbs	0.6	0.0	0.0
12	__protein2_rbs	0.6	0.0	0.0
12	__protein3_rbs	0.0	0.0	0.0
12	__ribosome	88.8	0.0	0.0
12	__rnase_site_ext	3.4	0.0	0.0
12	p0	1.0	0.0	0.0
12	p1	0.2	0.0	0.0
12	protein1	6.8	3.2	2.8
12	protein2	0.6	1.8	1.1333334000000002
12	r2	0.2	0.0	0.0
12	rnapol	0.0	0.0	0.0
13	__protein1_rbs	0.8	0.0	0.0
13	__protein2_rbs	0.8	0.0	0.0
13	__protein3_rbs	0.0	0.0	0.0
13	__ribosome	87.0	0.0	0.0
13	__rnase_site_ext	3.4	0.0	0.0
13	p0	1.0	0.0	0.0
13	p1	0.2	0.0	0.0
13	protein1	8.6	3.2	2.9
13	protein2	0.8	2.6	1.4166666
13	r2	0.2	0.0	0.0
13	rnapol	0.0	0.0	0.0
14	__protein1_rbs	1.6	0.0	0.0
14	__protein2_rbs	1.4	0.0	0.0
14	__protein3_rbs	0.0	0.0	0.0
14	__ribosome	85.8	0.0	0.0
14	__rnase_site_ext	3.2	0.0	0.0
14	p0	1.0	0.0	0.0
14	p1	0.6	0.0	0.0
14	protein1	9.8	3.2	2.95
14	protein2	1.0	2.8	1.6166665999999998
14	r2	0.2	0.0	0.0
14	rnapol	0.0	0.0	0.0
15	__protein1_rbs	0.8	0.0	0.0
15	__protein2_rbs	0.8	0.0	0.0
15	__protein3_rbs	0.0	0.0	0.0
15	__ribosome	82.6	0.0	0.0
15	__rnase_site_ext	3.2	0.0	0.0
15	p0	1.0	0.0	0.0
15	p1	0.8	0.0	0.0
15	protein1	11.2	3.0	3.85
15	protein2	1.2	3.6	1.9666668
15	r2	1.0	0.0	0.0
15	rnapol	0.0	0.0	0.0
16	__protein1_rbs	2.0	0.0	0.0
16	__protein2_rbs	1.6	0.0	0.0
16	__protein3_rbs	0.0	0.0	0.0
16	__ribosome	81.4	0.0	0.0
16	__rnase_site_ext	3.2	0.0	0.0
16	p0	0.8	0.0	0.0
16	p1	1.0	0.0	0.0
16	protein1	13.0	3.0	3.4
16	protein2	1.6	4.0	2.3
16	r2	1.4	0.0	0.0
16	rnapol	0.2	0.0	0.0
17	__protein1_rbs	1.4	0.0	0.0
17	__protein2_rbs	1.8	0.0	0.0
17	__protein3_rbs	0.0	0.0	0.0
17	__ribosome	81.2	0.0	0.0
17	__rnase_site_ext	3.4	0.0	0.0
17	p0	1.0	0.0	0.0
17	p1	1.0	0.0	0.0
17	protein1	15.4	3.0	2.8333334
17	protein2	2.6	4.0	2.5
17	r2	2.4	0.0	0.0
17	rnapol	0.6	0.0	0.0
18	__protein1_rbs	0.6	0.0	0.0
18	__protein2_rbs	1.6	0.0	0.0
18	__protein3_rbs	0.0	0.0	0.0
18	__ribosome	79.0	0.0	0.0
18	__rnase_site_ext	3.4	0.0	0.0
18	p0	0.8	0.0	0.0
18	p1	0.8	0.0	0.0
18	protein1	17.6	3.2	2.9266666
18	protein2	3.8	4.0	2.9
18	r2	2.4	0.0	0.0
18	rnapol	0.6	0.0	0.0
19	__protein1_rbs	0.8	0.0	0.0
19	__protein2_rbs	1.0	0.0	0.0
19	__protein3_rbs	0.0	0.0	0.0
19	__ribosome	76.8	0.0	0.0
19	__rnase_site_ext	4.2	0.0	0.0
19	p0	0.6	0.0	0.0
19	p1	0.8	0.0	0.0
19	protein1	18.4	3.2	3.3733334000000004
19	protein2	5.6	4.0	3.0
19	protein3	0.0	0.4	0.4
19	r2	3.0	0.0	0.0
19	rnapol	0.4	0.0	0.0
20	__protein1_rbs	1.4	0.0	0.0
20	__protein2_rbs	1.6	0.0	0.0
20	__protein3_rbs	0.2	0.0	0.0
20	__ribosome	77.2	0.0	0.0
20	__rnase_site_ext	4.4	0.0	0.0
20	p0	0.8	0.0	0.0
20	p1	1.0	0.0	0.0
20	protein1	20.6	3.6	3.0266666
20	protein2	8.0	4.2	2.78
20	protein3	0.0	0.6	0.5
20	r2	3.4	0.0	0.0
20	rnapol	0.4	0.0	0.0
21	__protein1_rbs	1.0	0.0	0.0
21	__protein2_rbs	2.0	0.0	0.0
21	__protein3_rbs	0.0	0.0	0.0
21	__ribosome	74.4	0.0	0.0
21	__rnase_site_ext	4.6	0.0	0.0
21	p0	0.8	0.0	0.0
21	p1	1.0	0.0	0.0
21	protein1	22.4	4.0	3.08
21	protein2	9.6	3.8	3.2666666
21	protein3	0.0	0.8	1.1
21	r2	3.8	0.0	0.0
21	rnapol	0.6	0.0	0.0
22	__protein1_rbs	1.6	0.0	0.0
22	__protein2_rbs	1.0	0.0	0.0
22	__protein3_rbs	0.4	0.0	0.0
22	__ribosome	74.0	0.0	0.0
22	__rnase_site_ext	4.8	0.0	0.0
22	p0	0.6	0.0	0.0
22	p1	1.0	0.0	0.0
22	protein1	24.2	4.2	3.0333334
22	protein2	12.4	3.6	3.3166667999999997
22	protein3	0.0	1.0	1.2666666000000002
22	r2	3.6	0.0	0.0
22	rnapol	0.2	0.0	0.0
23	__protein1_rbs	1.4	0.0	0.0
23	__protein2_rbs	1.0	0.0	0.0
23	__protein3_rbs	0.8	0.0	0.0
23	__ribosome	73.0	0.0	0.0
23	__rnase_site_ext	5.2	0.0	0.0
23	p0	0.8	0.0	0.0
23	p1	0.8	0.0	0.0
23	protein1	26.6	4.4	2.9523808
23	protein2	14.6	3.6	3.4333334000000004
23	protein3	0.0	1.4	1.4333334
23	r2	3.6	0.0	0.0
23	rnapol	0.0	0.0	0.0
24	__protein1_rbs	1.8	0.0	0.0
24	__protein2_rbs	1.0	0.0	0.0
24	__protein3_rbs	0.6	0.0	0.0
24	__ribosome	72.4	0.0	0.0
24	__rnase_site_ext	5.2	0.0	0.0
24	p0	1.0	0.0	0.0
24	p1	0.6	0.0	0.0
24	protein1	29.2	4.8	2.9190476000000003
24	protein2	17.6	3.6	3.2666668000000003
24	protein3	0.2	1.6	1.4666666000000002
24	r2	3.8	0.0	0.0
24	rnapol	0.4	0.0	0.0
25	__protein1_rbs	1.4	0.0	0.0
25	__protein2_rbs	1.2	0.0	0.0
25	__protein3_rbs	0.4	0.0	0.0
25	__ribosome	69.4	0.0	0.0
25	__rnase_site_ext	5.6	0.0	0.0
25	p0	0.8	0.0	0.0
25	p1	0.8	0.0	0.0
25	protein1	30.6	5.0	3.1414286
25	protein2	19.4	3.4	3.7333334
25	protein3	0.6	1.4	2.0
25	r2	3.8	0.0	0.0
25	rnapol	0.2	0.0	0.0
26	__protein1_rbs	3.2	0.0	0.0
26	__protein2_rbs	2.0	0.0	0.0
26	__protein3_rbs	0.2	0.0	0.0
26	__ribosome	69.4	0.0	0.0
26	__rnase_site_ext	5.8	0.0	0.0
26	p0	0.6	0.0	0.0
26	p1	0.8	0.0	0.0
26	protein1	32.8	5.4	2.7869048
26	protein2	21.8	3.8	3.0133334
26	protein3	1.2	1.4	2.4
26	r2	3.6	0.0	0.0
26	rnapol	0.0	0.0	0.0
27	__protein1_rbs	1.8	0.0	0.0
27	__protein2_rbs	1.4	0.0	0.0
27	__protein3_rbs	0.8	0.0	0.0
27	__ribosome	69.6	0.0	0.0
27	__rnase_site_ext	6.2	0.0	0.0
27	p0	0.8	0.0	0.0
27	p1	0.4	0.0	0.0
27	protein1	35.4	5.6	2.8119048
27	protein2	24.4	3.8	2.79
27	protein3	1.8	1.4	2.4
27	r2	3.6	0.0	0.0
27	rnapol	0.0	0.0	0.0
28	__protein1_rbs	3.0	0.0	0.0
28	__protein2_rbs	1.4	0.0	0.0
28	__protein3_rbs	0.6	0.0	0.0
28	__ribosome	69.0	0.0	0.0
28	__rnase_site_ext	6.8	0.0	0.0
28	p0	0.6	0.0	0.0
28	p1	0.4	0.0	0.0
28	protein1	38.0	6.0	2.5664286
28	protein2	26.6	4.0	2.83
28	protein3	2.6	1.4	2.4
28	r2	3.6	0.0	0.0
28	rnapol	0.0	0.0	0.0
29	__protein1_rbs	3.4	0.0	0.0
29	__protein2_rbs	2.0	0.0	0.0
29	__protein3_rbs	0.4	0.0	0.0
29	__ribosome	68.8	0.0	0.0
29	__rnase_site_ext	6.8	0.0	0.0
29	p0	1.0	0.0	0.0
29	p1	0.8	0.0	0.0
29	protein1	41.2	6.2	2.4726192000000005
29	protein2	28.8	4.4	2.64
29	protein3	3.4	1.4	2.4
29	r2	3.6	0.0	0.0
29	rnapol	0.2	0.0	0.0
30	__protein1_rbs	3.0	0.0	0.0
30	__protein2_rbs	2.4	0.0	0.0
30	__protein3_rbs	0.8	0.0	0.0
30	__ribosome	68.8	0.0	0.0
30	__rnase_site_ext	6.8	0.0	0.0
30	p0	1.0	0.0	0.0
30	p1	0.6	0.0	0.0
30	protein1	45.0	6.6	2.3183333999999998
30	protein2	30.4	4.8	2.5633332
30	protein3	4.4	1.2	2.7
30	r2	3.6	0.0	0.0
30	rnapol	0.2	0.0	0.0
31	__protein1_rbs	3.4	0.0	0.0
31	__protein2_rbs	2.6	0.0	0.0
31	__protein3_rbs	0.4	0.0	0.0
31	__ribosome	68.6	0.0	0.0
31	__rnase_site_ext	7.0	0.0	0.0
31	p0	0.8	0.0	0.0
31	p1	0.4	0.0	0.0
31	protein1	47.4	6.6	2.4666666
31	protein2	33.0	5.0	2.3757142000000004
31	protein3	5.6	1.2	2.4
31	r2	3.6	0.0	0.0
31	rnapol	0.0	0.0	0.0
32	__protein1_rbs	2.8	0.0	0.0
32	__protein2_rbs	1.2	0.0	0.0
32	__protein3_rbs	0.8	0.0	0.0
32	__ribosome	66.4	0.0	0.0
32	__rnase_site_ext	7.2	0.0	0.0
32	p0	1.0	0.0	0.0
32	p1	0.4	0.0	0.0
32	protein1	50.8	6.8	2.4254762000000003
32	protein2	34.8	4.8	2.9180954
32	protein3	6.0	1.2	2.6
32	r2	3.8	0.0	0.0
32	rnapol	0.2	0.0	0.0
33	__protein1_rbs	3.0	0.0	0.0
33	__protein2_rbs	3.2	0.0	0.0
33	__protein3_rbs	0.4	0.0	0.0
33	__ribosome	66.2	0.0	0.0
33	__rnase_site_ext	7.0	0.0	0.0
33	p0	1.0	0.0	0.0
33	p1	0.6	0.0	0.0
33	protein1	53.6	7.0	2.454762
33	protein2	37.4	5.4	2.6535714
33	protein3	6.8	1.2	2.5
33	r2	3.8	0.0	0.0
33	rnapol	0.4	0.0	0.0
34	__protein1_rbs	3.2	0.0	0.0
34	__protein2_rbs	1.4	0.0	0.0
34	__protein3_rbs	0.6	0.0	0.0
34	__ribosome	65.0	0.0	0.0
34	__rnase_site_ext	6.8	0.0	0.0
34	p0	0.8	0.0	0.0
34	p1	0.8	0.0	0.0
34	protein1	56.6	7.0	2.5380952000000003
34	protein2	39.8	5.2	2.9609523999999996
34	protein3	8.0	1.2	2.1
34	r2	4.4	0.0	0.0
34	rnapol	0.6	0.0	0.0
35	__protein1_rbs	2.2	0.0	0.0
35	__protein2_rbs	2.2	0.0	0.0
35	__protein3_rbs	0.4	0.0	0.0
35	__ribosome	64.0	0.0	0.0
35	__rnase_site_ext	7.2	0.0	0.0
35	p0	0.6	0.0	0.0
35	p1	0.6	0.0	0.0
35	protein1	59.8	6.6	2.7595238
35	protein2	42.8	5.6	2.6642857999999996
35	protein3	8.4	1.2	2.4
35	r2	4.4	0.0	0.0
35	rnapol	0.2	0.0	0.0
36	__protein1_rbs	3.0	0.0	0.0
36	__protein2_rbs	3.2	0.0	0.0
36	__protein3_rbs	0.8	0.0	0.0
36	__ribosome	64.0	0.0	0.0
36	__rnase_site_ext	7.4	0.0	0.0
36	p0	0.6	0.0	0.0
36	p1	0.4	0.0	0.0
36	protein1	63.2	6.8	2.6666666
36	protein2	44.4	5.8	2.6480954000000003
36	protein3	9.2	1.2	2.0
36	r2	4.8	0.0	0.0
36	rnapol	0.0	0.0	0.0
37	__protein1_rbs	2.6	0.0	0.0
37	__protein2_rbs	2.4	0.0	0.0
37	__protein3_rbs	0.4	0.0	0.0
37	__ribosome	62.0	0.0	0.0
37	__rnase_site_ext	7.8	0.0	0.0
37	p0	1.0	0.0	0.0
37	p1	0.6	0.0	0.0
37	protein1	66.2	7.2	2.7718254
37	protein2	48.2	6.2	2.3511904
37	protein3	9.4	1.2	2.4
37	r2	5.2	0.0	0.0
37	rnapol	0.0	0.0	0.0
38	__protein1_rbs	3.4	0.0	0.0
38	__protein2_rbs	2.4	0.0	0.0
38	__protein3_rbs	0.4	0.0	0.0
38	__ribosome	61.2	0.0	0.0
38	__rnase_site_ext	7.8	0.0	0.0
38	p0	0.8	0.0	0.0
38	p1	0.8	0.0	0.0
38	protein1	70.2	7.6	2.5330158
38	protein2	50.4	6.6	2.3928572
38	protein3	10.2	1.4	inf
38	r2	5.2	0.0	0.0
38	rnapol	0.2	0.0	0.0
39	__protein1_rbs	3.6	0.0	0.0
39	__protein2_rbs	2.8	0.0	0.0
39	__protein3_rbs	0.0	0.0	0.0
39	__ribosome	60.0	0.0	0.0
39	__rnase_site_ext	8.2	0.0	0.0
39	p0	0.8	0.0	0.0
39	p1	0.6	0.0	0.0
39	protein1	73.8	7.6	2.591746
39	protein2	53.2	6.6	2.5116666000000003
39	protein3	11.0	1.2	inf
39	r2	5.2	0.0	0.0
39	rnapol	0.0	0.0	0.0
40	__protein1_rbs	3.2	0.0	0.0
40	__protein2_rbs	3.0	0.0	0.0
40	__protein3_rbs	0.4	0.0	0.0
40	__ribosome	59.8	0.0	0.0
40	__rnase_site_ext	8.2	0.0	0.0
40	p0	0.8	0.0	0.0
40	p1	0.8	0.0	0.0
40	protein1	77.8	8.0	2.5148627999999995
40	protein2	56.6	6.6	2.5016667999999997
40	protein3	11.4	1.0	inf
40	r2	5.6	0.0	0.0
40	rnapol	0.0	0.0	0.0
41	__protein1_rbs	3.6	0.0	0.0
41	__protein2_rbs	3.0	0.0	0.0
41	__protein3_rbs	0.4	0.0	0.0
41	__ribosome	56.8	0.0	0.0
41	__rnase_site_ext	8.4	0.0	0.0
41	p0	1.0	0.0	0.0
41	p1	1.0	0.0	0.0
41	protein1	80.4	8.2	2.7454183999999997
41	protein2	59.2	7.0	2.4202382
41	protein3	12.0	1.2	inf
41	r2	5.6	0.0	0.0
41	rnapol	0.2	0.0	0.0
42	__protein1_rbs	3.4	0.0	0.0
42	__protein2_rbs	3.8	0.0	0.0
42	__protein3_rbs	1.0	0.0	0.0
42	__ribosome	59.2	0.0	0.0
42	__rnase_site_ext	8.4	0.0	0.0
42	p0	1.0	0.0	0.0
42	p1	0.6	0.0	0.0
42	protein1	85.4	8.4	2.5295454
42	protein2	62.8	7.0	2.3535714
42	protein3	13.0	1.2	inf
42	r2	5.8	0.0	0.0
42	rnapol	0.2	0.0	0.0
43	__protein1_rbs	3.0	0.0	0.0
43	__protein2_rbs	2.6	0.0	0.0
43	__protein3_rbs	0.4	0.0	0.0
43	__ribosome	56.2	0.0	0.0
43	__rnase_site_ext	8.4	0.0	0.0
43	p0	1.0	0.0	0.0
43	p1	0.6	0.0	0.0
43	protein1	89.0	8.4	2.7020202
43	protein2	65.4	7.0	2.5559524
43	protein3	13.6	1.2	inf
43	r2	6.0	0.0	0.0
43	rnapol	0.8	0.0	0.0
44	__protein1_rbs	4.2	0.0	0.0
44	__protein2_rbs	3.6	0.0	0.0
44	__protein3_rbs	0.6	0.0	0.0
44	__ribosome	56.6	0.0	0.0
44	__rnase_site_ext	9.0	0.0	0.0
44	p0	0.8	0.0	0.0
44	p1	0.6	0.0	0.0
44	protein1	92.2	8.4	2.719733
44	protein2	69.0	7.2	2.4956352
44	protein3	14.8	1.2	1.5666666
44	r2	6.0	0.0	0.0
44	rnapol	0.2	0.0	0.0
45	__protein1_rbs	4.4	0.0	0.0
45	__protein2_rbs	3.4	0.0	0.0
45	__protein3_rbs	0.8	0.0	0.0
45	__ribosome	57.0	0.0	0.0
45	__rnase_site_ext	9.0	0.0	0.0
45	p0	0.6	0.0	0.0
45	p1	0.6	0.0	0.0
45	protein1	97.2	8.6	2.5956349999999997
45	protein2	72.4	7.6	2.4380952
45	protein3	15.2	1.2	1.3666665999999998
45	r2	6.0	0.0	0.0
45	rnapol	0.0	0.0	0.0
46	__protein1_rbs	3.8	0.0	0.0
46	__protein2_rbs	2.4	0.0	0.0
46	__protein3_rbs	0.4	0.0	0.0
46	__ribosome	53.2	0.0	0.0
46	__rnase_site_ext	9.4	0.0	0.0
46	p0	0.8	0.0	0.0
46	p1	0.4	0.0	0.0
46	protein1	101.4	8.8	2.6182537999999997
46	protein2	75.6	8.0	2.5561906000000003
46	protein3	15.6	1.8	1.8666666
46	r2	6.2	0.0	0.0
46	rnapol	0.2	0.0	0.0
47	__protein1_rbs	4.2	0.0	0.0
47	__protein2_rbs	4.8	0.0	0.0
47	__protein3_rbs	0.8	0.0	0.0
47	__ribosome	52.8	0.0	0.0
47	__rnase_site_ext	9.4	0.0	0.0
47	p0	1.0	0.0	0.0
47	p1	0.6	0.0	0.0
47	protein1	105.6	9.2	2.5
47	protein2	78.8	8.2	2.5285714
47	protein3	16.2	1.8	2.1333333999999997
47	r2	6.2	0.0	0.0
47	rnapol	0.2	0.0	0.0
48	__protein1_rbs	5.0	0.0	0.0
48	__protein2_rbs	4.0	0.0	0.0
48	__protein3_rbs	1.0	0.0	0.0
48	__ribosome	55.0	0.0	0.0
48	__rnase_site_ext	9.6	0.0	0.0
48	p0	0.8	0.0	0.0
48	p1	0.8	0.0	0.0
48	protein1	110.8	9.2	2.270909
48	protein2	83.0	8.4	2.442857
48	protein3	17.0	1.8	1.8666666
48	r2	6.4	0.0	0.0
48	rnapol	0.2	0.0	0.0
49	__protein1_rbs	3.8	0.0	0.0
49	__protein2_rbs	3.2	0.0	0.0
49	__protein3_rbs	0.8	0.0	0.0
49	__ribosome	50.4	0.0	0.0
49	__rnase_site_ext	9.6	0.0	0.0
49	p0	1.0	0.0	0.0
49	p1	0.8	0.0	0.0
49	protein1	114.8	9.2	2.4371212000000004
49	protein2	85.8	8.8	2.6485138000000004
49	protein3	17.4	1.8	2.2
49	r2	6.4	0.0	0.0
49	rnapol	0.2	0.0	0.0
50	__protein1_rbs	3.8	0.0	0.0
50	__protein2_rbs	4.4	0.0	0.0
50	__protein3_rbs	0.6	0.0	0.0
50	__ribosome	48.8	0.0	0.0
50	__rnase_site_ext	9.8	0.0	0.0
50	p0	0.8	0.0	0.0
50	p1	1.0	0.0	0.0
50	protein1	118.8	9.4	2.5354546
50	protein2	89.8	8.6	2.6865586
50	protein3	18.2	1.8	2.4
50	r2	6.8	0.0	0.0
50	rnapol	0.6	0.0	0.0
51	__protein1_rbs	4.4	0.0	0.0
51	__protein2_rbs	5.0	0.0	0.0
51	__protein3_rbs	0.6	0.0	0.0
51	__ribosome	48.8	0.0	0.0
51	__rnase_site_ext	10.0	0.0	0.0
51	p0	0.8	0.0	0.0
51	p1	0.8	0.0	0.0
51	protein1	122.8	9.6	2.6012626
51	protein2	95.0	8.8	2.4445454
51	protein3	18.8	1.8	2.8666666000000003
51	r2	6.8	0.0	0.0
51	rnapol	0.8	0.0	0.0
52	__protein1_rbs	5.2	0.0	0.0
52	__protein2_rbs	4.0	0.0	0.0
52	__protein3_rbs	0.6	0.0	0.0
52	__ribosome	48.2	0.0	0.0
52	__rnase_site_ext	10.2	0.0	0.0
52	p0	0.6	0.0	0.0
52	p1	0.4	0.0	0.0
52	protein1	127.4	9.6	2.5598486
52	protein2	98.6	8.6	2.5479798
52	protein3	19.6	1.6	3.4
52	r2	7.2	0.0	0.0
52	rnapol	0.8	0.0	0.0
53	__protein1_rbs	6.2	0.0	0.0
53	__protein2_rbs	4.2	0.0	0.0
53	__protein3_rbs	0.6	0.0	0.0
53	__ribosome	48.6	0.0	0.0
53	__rnase_site_ext	10.8	0.0	0.0
53	p0	0.6	0.0	0.0
53	p1	0.8	0.0	0.0
53	protein1	131.2	9.8	2.4606060000000003
53	protein2	102.8	8.8	2.5189394
53	protein3	20.6	1.6	3.3666666
53	r2	7.6	0.0	0.0
53	rnapol	0.2	0.0	0.0
54	__protein1_rbs	6.4	0.0	0.0
54	__protein2_rbs	3.6	0.0	0.0
54	__protein3_rbs	1.2	0.0	0.0
54	__ribosome	50.6	0.0	0.0
54	__rnase_site_ext	10.8	0.0	0.0
54	p0	0.8	0.0	0.0
54	p1	0.6	0.0	0.0
54	protein1	137.2	10.6	2.1133333999999997
54	protein2	107.8	9.2	2.3706348
54	protein3	21.6	1.8	3.0
54	r2	7.4	0.0	0.0
54	rnapol	0.4	0.0	0.0
55	__protein1_rbs	5.6	0.0	0.0
55	__protein2_rbs	3.6	0.0	0.0
55	__protein3_rbs	1.2	0.0	0.0
55	__ribosome	49.4	0.0	0.0
55	__rnase_site_ext	10.8	0.0	0.0
55	p0	1.0	0.0	0.0
55	p1	0.4	0.0	0.0
55	protein1	142.8	10.8	2.049697
55	protein2	111.2	9.2	2.5833334
55	protein3	22.6	1.6	3.5
55	r2	7.4	0.0	0.0
55	rnapol	0.4	0.0	0.0
56	__protein1_rbs	5.0	0.0	0.0
56	__protein2_rbs	5.4	0.0	0.0
56	__protein3_rbs	0.6	0.0	0.0
56	__ribosome	47.6	0.0	0.0
56	__rnase_site_ext	11.0	0.0	0.0
56	p0	0.8	0.0	0.0
56	p1	0.8	0.0	0.0
56	protein1	146.6	10.6	2.2181818
56	protein2	115.2	9.6	2.5344444000000004
56	protein3	23.8	1.6	3.0666666
56	r2	7.4	0.0	0.0
56	rnapol	0.4	0.0	0.0
57	__protein1_rbs	5.6	0.0	0.0
57	__protein2_rbs	5.4	0.0	0.0
57	__protein3_rbs	1.4	0.0	0.0
57	__ribosome	48.6	0.0	0.0
57	__rnase_site_ext	11.4	0.0	0.0
57	p0	0.8	0.0	0.0
57	p1	1.0	0.0	0.0
57	protein1	151.4	10.8	2.1818182
57	protein2	119.6	10.0	2.3733334
57	protein3	24.8	1.8	2.6666666
57	r2	7.4	0.0	0.0
57	rnapol	0.0	0.0	0.0
58	__protein1_rbs	5.0	0.0	0.0
58	__protein2_rbs	6.0	0.0	0.0
58	__protein3_rbs	0.6	0.0	0.0
58	__ribosome	46.8	0.0	0.0
58	__rnase_site_ext	11.2	0.0	0.0
58	p0	0.8	0.0	0.0
58	p1	0.8	0.0	0.0
58	protein1	154.8	11.0	2.3818182
58	protein2	124.4	10.0	2.31
58	protein3	26.2	1.8	2.3333332
58	r2	7.4	0.0	0.0
58	rnapol	0.0	0.0	0.0
59	__protein1_rbs	5.6	0.0	0.0
59	__protein2_rbs	4.8	0.0	0.0
59	__protein3_rbs	1.0	0.0	0.0
59	__ribosome	43.4	0.0	0.0
59	__rnase_site_ext	11.6	0.0	0.0
59	p0	0.8	0.0	0.0
59	p1	0.4	0.0	0.0
59	protein1	158.8	11.2	2.4878790000000004
59	protein2	128.0	10.0	2.4477776
59	protein3	26.8	1.8	2.4666667999999996
59	r2	7.4	0.0	0.0
59	rnapol	0.0	0.0	0.0
60	__protein1_rbs	5.2	0.0	0.0
60	__protein2_rbs	6.2	0.0	0.0
60	__protein3_rbs	1.0	0.0	0.0
60	__ribosome	45.8	0.0	0.0
60	__rnase_site_ext	11.6	0.0	0.0
60	p0	1.0	0.0	0.0
60	p1	0.4	0.0	0.0
60	protein1	165.2	11.4	2.390909
60	protein2	134.2	10.2	2.2322222000000003
60	protein3	27.4	1.8	2.4
60	r2	7.4	0.0	0.0
60	rnapol	0.0	0.0	0.0
61	__protein1_rbs	5.6	0.0	0.0
61	__protein2_rbs	6.6	0.0	0.0
61	__protein3_rbs	1.0	0.0	0.0
61	__ribosome	46.6	0.0	0.0
61	__rnase_site_ext	11.6	0.0	0.0
61	p0	1.0	0.0	0.0
61	p1	0.2	0.0	0.0
61	protein1	170.2	11.4	2.4639394
61	protein2	139.6	10.6	2.03
61	protein3	28.4	1.8	2.2666666
61	r2	7.6	0.0	0.0
61	rnapol	0.2	0.0	0.0
62	__protein1_rbs	5.2	0.0	0.0
62	__protein2_rbs	6.0	0.0	0.0
62	__protein3_rbs	0.8	0.0	0.0
62	__ribosome	44.8	0.0	0.0
62	__rnase_site_ext	11.2	0.0	0.0
62	p0	0.6	0.0	0.0
62	p1	0.4	0.0	0.0
62	protein1	174.8	11.4	2.5224244
62	protein2	143.8	10.6	2.1086867999999996
62	protein3	29.0	2.0	2.3
62	r2	7.6	0.0	0.0
62	rnapol	0.4	0.0	0.0
63	__protein1_rbs	6.4	0.0	0.0
63	__protein2_rbs	6.4	0.0	0.0
63	__protein3_rbs	1.4	0.0	0.0
63	__ribosome	44.6	0.0	0.0
63	__rnase_site_ext	11.6	0.0	0.0
63	p0	1.0	0.0	0.0
63	p1	0.8	0.0	0.0
63	protein1	180.8	11.2	2.4421214
63	protein2	147.6	11.2	2.1596037999999997
63	protein3	29.8	2.2	1.7833333999999998
63	r2	7.6	0.0	0.0
63	rnapol	0.2	0.0	0.0
64	__protein1_rbs	6.4	0.0	0.0
64	__protein2_rbs	6.0	0.0	0.0
64	__protein3_rbs	1.2	0.0	0.0
64	__ribosome	43.8	0.0	0.0
64	__rnase_site_ext	11.6	0.0	0.0
64	p0	1.0	0.0	0.0
64	p1	0.8	0.0	0.0
64	protein1	185.6	11.4	2.420979
64	protein2	152.0	11.2	2.2218182
64	protein3	31.0	2.4	1.4833333999999998
64	r2	7.6	0.0	0.0
64	rnapol	0.0	0.0	0.0
65	__protein1_rbs	6.6	0.0	0.0
65	__protein2_rbs	4.2	0.0	0.0
65	__protein3_rbs	1.2	0.0	0.0
65	__ribosome	43.0	0.0	0.0
65	__rnase_site_ext	11.6	0.0	0.0
65	p0	1.0	0.0	0.0
65	p1	0.6	0.0	0.0
65	protein1	191.8	11.4	2.2965266
65	protein2	157.6	11.4	2.3227273999999998
65	protein3	31.6	2.4	1.7333333999999998
65	r2	7.6	0.0	0.0
65	rnapol	0.2	0.0	0.0
66	__protein1_rbs	6.0	0.0	0.0
66	__protein2_rbs	4.6	0.0	0.0
66	__protein3_rbs	0.8	0.0	0.0
66	__ribosome	40.2	0.0	0.0
66	__rnase_site_ext	11.8	0.0	0.0
66	p0	1.0	0.0	0.0
66	p1	0.4	0.0	0.0
66	protein1	197.6	11.4	2.2944754
66	protein2	161.2	11.4	2.5057578000000005
66	protein3	32.2	2.2	2.5
66	r2	8.0	0.0	0.0
66	rnapol	0.2	0.0	0.0
67	__protein1_rbs	6.2	0.0	0.0
67	__protein2_rbs	8.2	0.0	0.0
67	__protein3_rbs	1.4	0.0	0.0
67	__ribosome	42.0	0.0	0.0
67	__rnase_site_ext	11.6	0.0	0.0
67	p0	1.0	0.0	0.0
67	p1	0.6	0.0	0.0
67	protein1	202.4	11.2	2.3034576
67	protein2	166.4	11.8	2.3123542
67	protein3	33.2	2.2	2.4
67	r2	8.0	0.0	0.0
67	rnapol	0.4	0.0	0.0
68	__protein1_rbs	5.6	0.0	0.0
68	__protein2_rbs	5.6	0.0	0.0
68	__protein3_rbs	1.4	0.0	0.0
68	__ribosome	41.2	0.0	0.0
68	__rnase_site_ext	11.8	0.0	0.0
68	p0	0.8	0.0	0.0
68	p1	1.0	0.0	0.0
68	protein1	208.2	11.6	2.2342656
68	protein2	172.0	11.8	2.3426572
68	protein3	33.8	2.2	2.5
68	r2	8.8	0.0	0.0
68	rnapol	0.4	0.0	0.0
69	__protein1_rbs	6.0	0.0	0.0
69	__protein2_rbs	6.2	0.0	0.0
69	__protein3_rbs	0.4	0.0	0.0
69	__ribosome	40.2	0.0	0.0
69	__rnase_site_ext	11.6	0.0	0.0
69	p0	0.8	0.0	0.0
69	p1	1.0	0.0	0.0
69	protein1	213.2	11.4	2.2914662
69	protein2	177.0	12.0	2.3354312000000004
69	protein3	35.2	2.2	2.65
69	r2	9.0	0.0	0.0
69	rnapol	0.4	0.0	0.0
70	__protein1_rbs	5.4	0.0	0.0
70	__protein2_rbs	5.8	0.0	0.0
70	__protein3_rbs	1.4	0.0	0.0
70	__ribosome	40.6	0.0	0.0
70	__rnase_site_ext	12.2	0.0	0.0
70	p0	0.6	0.0	0.0
70	p1	0.4	0.0	0.0
70	protein1	217.8	11.6	2.3582216000000003
70	protein2	183.8	12.0	2.2391608
70	protein3	36.2	2.4	2.0833334
70	r2	8.6	0.0	0.0
70	rnapol	0.2	0.0	0.0
71	__protein1_rbs	5.6	0.0	0.0
71	__protein2_rbs	7.0	0.0	0.0
71	__protein3_rbs	1.4	0.0	0.0
71	__ribosome	41.4	0.0	0.0
71	__rnase_site_ext	12.2	0.0	0.0
71	p0	1.0	0.0	0.0
71	p1	0.2	0.0	0.0
71	protein1	223.2	11.6	2.3800000000000003
71	protein2	189.2	12.0	2.1960372
71	protein3	37.6	2.4	2.0833334
71	r2	9.0	0.0	0.0
71	rnapol	0.0	0.0	0.0
72	__protein1_rbs	6.6	0.0	0.0
72	__protein2_rbs	8.4	0.0	0.0
72	__protein3_rbs	1.4	0.0	0.0
72	__ribosome	42.0	0.0	0.0
72	__rnase_site_ext	12.6	0.0	0.0
72	p0	0.8	0.0	0.0
72	p1	1.0	0.0	0.0
72	protein1	228.8	12.0	2.2231167999999997
72	protein2	194.0	12.6	2.0896104
72	protein3	38.2	3.0	1.8466666
72	r2	9.0	0.0	0.0
72	rnapol	0.0	0.0	0.0
73	__protein1_rbs	5.8	0.0	0.0
73	__protein2_rbs	6.2	0.0	0.0
73	__protein3_rbs	0.8	0.0	0.0
73	__ribosome	39.4	0.0	0.0
73	__rnase_site_ext	12.6	0.0	0.0
73	p0	1.0	0.0	0.0
73	p1	1.0	0.0	0.0
73	protein1	233.4	12.0	2.3259740000000004
73	protein2	200.2	12.8	2.0783883999999997
73	protein3	39.2	3.0	2.0933332
73	r2	9.2	0.0	0.0
73	rnapol	0.0	0.0	0.0
74	__protein1_rbs	5.8	0.0	0.0
74	__protein2_rbs	7.6	0.0	0.0
74	__protein3_rbs	1.4	0.0	0.0
74	__ribosome	37.6	0.0	0.0
74	__rnase_site_ext	12.8	0.0	0.0
74	p0	0.8	0.0	0.0
74	p1	0.6	0.0	0.0
74	protein1	238.8	12.2	2.365238
74	protein2	205.2	12.8	2.1247252
74	protein3	40.4	3.0	2.2333334
74	r2	8.8	0.0	0.0
74	rnapol	0.0	0.0	0.0
75	__protein1_rbs	7.2	0.0	0.0
75	__protein2_rbs	5.8	0.0	0.0
75	__protein3_rbs	1.6	0.0	0.0
75	__ribosome	38.6	0.0	0.0
75	__rnase_site_ext	12.6	0.0	0.0
75	p0	1.0	0.0	0.0
75	p1	0.8	0.0	0.0
75	protein1	244.6	12.2	2.2485714000000003
75	protein2	211.0	12.8	2.1441394
75	protein3	41.4	3.0	2.2733332
75	r2	8.6	0.0	0.0
75	rnapol	0.2	0.0	0.0
76	__protein1_rbs	6.0	0.0	0.0
76	__protein2_rbs	7.2	0.0	0.0
76	__protein3_rbs	2.0	0.0	0.0
76	__ribosome	37.2	0.0	0.0
76	__rnase_site_ext	12.8	0.0	0.0
76	p0	0.6	0.0	0.0
76	p1	0.6	0.0	0.0
76	protein1	250.4	12.4	2.1800863999999995
76	protein2	215.4	13.0	2.2000932000000004
76	protein3	42.0	3.4	2.3
76	r2	9.0	0.0	0.0
76	rnapol	0.2	0.0	0.0
77	__protein1_rbs	7.4	0.0	0.0
77	__protein2_rbs	7.4	0.0	0.0
77	__protein3_rbs	1.6	0.0	0.0
77	__ribosome	37.4	0.0	0.0
77	__rnase_site_ext	13.0	0.0	0.0
77	p0	1.0	0.0	0.0
77	p1	0.4	0.0	0.0
77	protein1	254.8	12.2	2.194199
77	protein2	220.8	13.0	2.1826574
77	protein3	43.4	3.4	2.2666666
77	r2	9.2	0.0	0.0
77	rnapol	1.0	0.0	0.0
78	__protein1_rbs	7.4	0.0	0.0
78	__protein2_rbs	6.2	0.0	0.0
78	__protein3_rbs	2.0	0.0	0.0
78	__ribosome	37.6	0.0	0.0
78	__rnase_site_ext	13.0	0.0	0.0
78	p0	0.4	0.0	0.0
78	p1	0.6	0.0	0.0
78	protein1	260.4	12.6	2.1060606
78	protein2	226.6	13.4	2.1827906
78	protein3	45.6	3.4	1.9
78	r2	9.0	0.0	0.0
78	rnapol	0.6	0.0	0.0
79	__protein1_rbs	7.4	0.0	0.0
79	__protein2_rbs	7.4	0.0	0.0
79	__protein3_rbs	1.8	0.0	0.0
79	__ribosome	37.2	0.0	0.0
79	__rnase_site_ext	13.4	0.0	0.0
79	p0	1.0	0.0	0.0
79	p1	0.8	0.0	0.0
79	protein1	266.8	12.4	2.0004762
79	protein2	231.4	13.6	2.2666664
79	protein3	46.8	3.4	2.0
79	r2	9.0	0.0	0.0
79	rnapol	0.4	0.0	0.0
80	__protein1_rbs	6.8	0.0	0.0
80	__protein2_rbs	7.6	0.0	0.0
80	__protein3_rbs	1.8	0.0	0.0
80	__ribosome	38.4	0.0	0.0
80	__rnase_site_ext	13.6	0.0	0.0
80	p0	1.0	0.0	0.0
80	p1	0.8	0.0	0.0
80	protein1	271.4	13.2	1.9277856
80	protein2	238.0	13.4	2.2017582
80	protein3	48.4	3.0	2.5
80	r2	9.2	0.0	0.0
80	rnapol	0.2	0.0	0.0
81	__protein1_rbs	7.2	0.0	0.0
81	__protein2_rbs	6.4	0.0	0.0
81	__protein3_rbs	1.4	0.0	0.0
81	__ribosome	37.0	0.0	0.0
81	__rnase_site_ext	13.6	0.0	0.0
81	p0	0.6	0.0	0.0
81	p1	1.0	0.0	0.0
81	protein1	277.4	13.4	1.8896038
81	protein2	243.6	13.2	2.311685
81	protein3	49.2	3.2	2.1333332
81	r2	9.0	0.0	0.0
81	rnapol	0.4	0.0	0.0
82	__protein1_rbs	7.0	0.0	0.0
82	__protein2_rbs	7.8	0.0	0.0
82	__protein3_rbs	2.0	0.0	0.0
82	__ribosome	38.0	0.0	0.0
82	__rnase_site_ext	13.8	0.0	0.0
82	p0	0.6	0.0	0.0
82	p1	1.0	0.0	0.0
82	protein1	282.4	13.4	1.8951982
82	protein2	249.0	13.4	2.2783516
82	protein3	50.8	3.0	1.8533334
82	r2	9.2	0.0	0.0
82	rnapol	0.0	0.0	0.0
83	__protein1_rbs	8.0	0.0	0.0
83	__protein2_rbs	7.8	0.0	0.0
83	__protein3_rbs	1.4	0.0	0.0
83	__ribosome	38.4	0.0	0.0
83	__rnase_site_ext	14.2	0.0	0.0
83	p0	1.0	0.0	0.0
83	p1	0.8	0.0	0.0
83	protein1	287.2	13.6	1.9324358
83	protein2	256.0	13.2	2.2448718
83	protein3	52.2	3.0	1.88
83	r2	9.8	0.0	0.0
83	rnapol	0.2	0.0	0.0
84	__protein1_rbs	6.0	0.0	0.0
84	__protein2_rbs	6.8	0.0	0.0
84	__protein3_rbs	0.6	0.0	0.0
84	__ribosome	34.8	0.0	0.0
84	__rnase_site_ext	14.4	0.0	0.0
84	p0	0.6	0.0	0.0
84	p1	0.6	0.0	0.0
84	protein1	291.6	14.0	2.1210256000000003
84	protein2	262.6	13.0	2.2352714
84	protein3	53.6	3.0	2.2466666
84	r2	9.8	0.0	0.0
84	rnapol	0.0	0.0	0.0
85	__protein1_rbs	9.6	0.0	0.0
85	__protein2_rbs	7.4	0.0	0.0
85	__protein3_rbs	1.8	0.0	0.0
85	__ribosome	35.0	0.0	0.0
85	__rnase_site_ext	14.4	0.0	0.0
85	p0	0.8	0.0	0.0
85	p1	1.0	0.0	0.0
85	protein1	296.4	14.0	2.0478204
85	protein2	267.6	13.0	2.2704196
85	protein3	54.6	3.0	2.2666666
85	r2	10.0	0.0	0.0
85	rnapol	0.0	0.0	0.0
86	__protein1_rbs	8.0	0.0	0.0
86	__protein2_rbs	8.4	0.0	0.0
86	__protein3_rbs	2.0	0.0	0.0
86	__ribosome	34.8	0.0	0.0
86	__rnase_site_ext	14.6	0.0	0.0
86	p0	1.0	0.0	0.0
86	p1	0.6	0.0	0.0
86	protein1	301.4	14.4	2.1418956
86	protein2	273.8	13.0	2.1461538
86	protein3	56.2	3.2	2.0733332
86	r2	9.6	0.0	0.0
86	rnapol	0.0	0.0	0.0
87	__protein1_rbs	7.8	0.0	0.0
87	__protein2_rbs	6.8	0.0	0.0
87	__protein3_rbs	1.6	0.0	0.0
87	__ribosome	33.8	0.0	0.0
87	__rnase_site_ext	14.4	0.0	0.0
87	p0	0.6	0.0	0.0
87	p1	0.2	0.0	0.0
87	protein1	308.2	14.4	2.1078754
87	protein2	279.2	13.0	2.2074358
87	protein3	56.6	3.0	2.5
87	r2	9.8	0.0	0.0
87	rnapol	0.0	0.0	0.0
88	__protein1_rbs	8.6	0.0	0.0
88	__protein2_rbs	9.4	0.0	0.0
88	__protein3_rbs	1.8	0.0	0.0
88	__ribosome	35.8	0.0	0.0
88	__rnase_site_ext	14.6	0.0	0.0
88	p0	1.0	0.0	0.0
88	p1	0.8	0.0	0.0
88	protein1	313.6	14.2	2.1510506
88	protein2	285.0	13.4	1.9675324000000003
88	protein3	58.2	3.2	2.3333334
88	r2	9.6	0.0	0.0
88	rnapol	0.0	0.0	0.0
89	__protein1_rbs	7.6	0.0	0.0
89	__protein2_rbs	6.4	0.0	0.0
89	__protein3_rbs	1.0	0.0	0.0
89	__ribosome	34.6	0.0	0.0
89	__rnase_site_ext	14.6	0.0	0.0
89	p0	0.8	0.0	0.0
89	p1	0.6	0.0	0.0
89	protein1	320.0	14.4	2.1069446
89	protein2	291.4	13.8	2.0025916
89	protein3	59.6	3.2	2.5
89	r2	9.4	0.0	0.0
89	rnapol	0.0	0.0	0.0
90	__protein1_rbs	8.8	0.0	0.0
90	__protein2_rbs	8.6	0.0	0.0
90	__protein3_rbs	1.6	0.0	0.0
90	__ribosome	36.0	0.0	0.0
90	__rnase_site_ext	14.6	0.0	0.0
90	p0	1.0	0.0	0.0
90	p1	0.6	0.0	0.0
90	protein1	326.0	14.4	2.0214286
90	protein2	296.2	14.2	1.9325
90	protein3	61.4	3.2	2.2833332000000004
90	r2	9.6	0.0	0.0
90	rnapol	0.2	0.0	0.0
91	__protein1_rbs	9.4	0.0	0.0
91	__protein2_rbs	7.2	0.0	0.0
91	__protein3_rbs	1.6	0.0	0.0
91	__ribosome	34.4	0.0	0.0
91	__rnase_site_ext	15.0	0.0	0.0
91	p0	0.8	0.0	0.0
91	p1	0.8	0.0	0.0
91	protein1	331.6	14.4	2.0282694
91	protein2	301.2	14.6	2.0274726000000003
91	protein3	63.0	3.2	2.2833334
91	r2	9.4	0.0	0.0
91	rnapol	0.2	0.0	0.0
92	__protein1_rbs	7.4	0.0	0.0
92	__protein2_rbs	8.8	0.0	0.0
92	__protein3_rbs	1.4	0.0	0.0
92	__ribosome	35.0	0.0	0.0
92	__rnase_site_ext	14.8	0.0	0.0
92	p0	0.8	0.0	0.0
92	p1	0.8	0.0	0.0
92	protein1	338.2	14.8	1.972193
92	protein2	308.0	14.6	1.9648953999999998
92	protein3	64.4	3.2	2.3166666
92	r2	9.4	0.0	0.0
92	rnapol	0.0	0.0	0.0
93	__protein1_rbs	8.8	0.0	0.0
93	__protein2_rbs	9.0	0.0	0.0
93	__protein3_rbs	1.6	0.0	0.0
93	__ribosome	34.0	0.0	0.0
93	__rnase_site_ext	15.2	0.0	0.0
93	p0	0.6	0.0	0.0
93	p1	0.4	0.0	0.0
93	protein1	343.8	14.8	1.9642894
93	protein2	313.0	14.8	1.9948458
93	protein3	65.4	3.0	2.6166666000000003
93	r2	9.8	0.0	0.0
93	rnapol	0.4	0.0	0.0
94	__protein1_rbs	9.4	0.0	0.0
94	__protein2_rbs	9.4	0.0	0.0
94	__protein3_rbs	2.0	0.0	0.0
94	__ribosome	34.6	0.0	0.0
94	__rnase_site_ext	15.2	0.0	0.0
94	p0	1.0	0.0	0.0
94	p1	0.6	0.0	0.0
94	protein1	350.0	14.6	1.9722689999999998
94	protein2	317.8	15.0	2.0285716000000003
94	protein3	67.2	3.0	2.3666666000000003
94	r2	10.2	0.0	0.0
94	rnapol	0.4	0.0	0.0
95	__protein1_rbs	7.6	0.0	0.0
95	__protein2_rbs	9.2	0.0	0.0
95	__protein3_rbs	1.4	0.0	0.0
95	__ribosome	33.8	0.0	0.0
95	__rnase_site_ext	15.6	0.0	0.0
95	p0	0.4	0.0	0.0
95	p1	0.6	0.0	0.0
95	protein1	355.6	14.8	2.0164502
95	protein2	323.8	15.2	1.9635684
95	protein3	68.6	3.0	2.3166666
95	r2	10.2	0.0	0.0
95	rnapol	0.2	0.0	0.0
96	__protein1_rbs	8.0	0.0	0.0
96	__protein2_rbs	9.0	0.0	0.0
96	__protein3_rbs	1.6	0.0	0.0
96	__ribosome	32.8	0.0	0.0
96	__rnase_site_ext	16.0	0.0	0.0
96	p0	0.8	0.0	0.0
96	p1	0.8	0.0	0.0
96	protein1	360.8	15.0	2.129182
96	protein2	330.8	15.2	1.8944923999999999
96	protein3	70.2	3.0	2.2166667999999996
96	r2	10.2	0.0	0.0
96	rnapol	0.2	0.0	0.0
97	__protein1_rbs	8.4	0.0	0.0
97	__protein2_rbs	10.2	0.0	0.0
97	__protein3_rbs	1.8	0.0	0.0
97	__ribosome	34.2	0.0	0.0
97	__rnase_site_ext	16.0	0.0	0.0
97	p0	0.8	0.0	0.0
97	p1	0.8	0.0	0.0
97	protein1	367.4	15.6	2.013442
97	protein2	336.8	15.6	1.810176
97	protein3	71.6	3.0	2.0666666
97	r2	9.8	0.0	0.0
97	rnapol	0.2	0.0	0.0
98	__protein1_rbs	11.2	0.0	0.0
98	__protein2_rbs	9.0	0.0	0.0
98	__protein3_rbs	1.6	0.0	0.0
98	__ribosome	34.0	0.0	0.0
98	__rnase_site_ext	15.8	0.0	0.0
98	p0	1.0	0.0	0.0
98	p1	0.6	0.0	0.0
98	protein1	372.8	15.4	2.0036064
98	protein2	342.2	15.6	1.8723680000000005
98	protein3	73.2	3.0	2.0666666
98	r2	9.8	0.0	0.0
98	rnapol	0.2	0.0	0.0
99	__protein1_rbs	8.8	0.0	0.0
99	__protein2_rbs	9.2	0.0	0.0
99	__protein3_rbs	2.0	0.0	0.0
99	__ribosome	31.4	0.0	0.0
99	__rnase_site_ext	16.2	0.0	0.0
99	p0	1.0	0.0	0.0
99	p1	0.4	0.0	0.0
99	protein1	378.6	15.6	2.0470932
99	protein2	347.6	15.6	1.9162092
99	protein3	73.8	3.0	2.3
99	r2	10.0	0.0	0.0
99	rnapol	0.4	0.0	0.0
100	__protein1_rbs	10.2	0.0	0.0
100	__protein2_rbs	11.4	0.0	0.0
100	__protein3_rbs	1.6	0.0	0.0
100	__ribosome	35.6	0.0	0.0
100	__rnase_site_ext	16.2	0.0	0.0
100	p0	0.6	0.0	0.0
100	p1	0.4	0.0	0.0
100	protein1	386.0	15.6	1.9251063999999998
100	protein2	354.6	15.8	1.7859659999999995
100	protein3	75.4	3.0	2.3666668
100	r2	10.0	0.0	0.0
100	rnapol	0.0	0.0	0.0
101	__protein1_rbs	9.8	0.0	0.0
101	__protein2_rbs	7.2	0.0	0.0
101	__protein3_rbs	1.4	0.0	0.0
101	__ribosome	33.2	0.0	0.0
101	__rnase_site_ext	16.2	0.0	0.0
101	p0	1.0	0.0	0.0
101	p1	0.6	0.0	0.0
101	protein1	391.8	15.8	1.9139286
101	protein2	360.4	16.0	1.9255322000000004
101	protein3	77.0	3.0	2.3333334
101	r2	10.0	0.0	0.0
101	rnapol	0.4	0.0	0.0
102	__protein1_rbs	9.6	0.0	0.0
102	__protein2_rbs	9.2	0.0	0.0
102	__protein3_rbs	1.2	0.0	0.0
102	__ribosome	31.8	0.0	0.0
102	__rnase_site_ext	16.2	0.0	0.0
102	p0	0.6	0.0	0.0
102	p1	0.2	0.0	0.0
102	protein1	398.8	15.8	1.854445
102	protein2	364.8	16.4	2.0173894
102	protein3	78.8	2.8	2.3333332
102	r2	10.2	0.0	0.0
102	rnapol	0.2	0.0	0.0
103	__protein1_rbs	9.6	0.0	0.0
103	__protein2_rbs	9.4	0.0	0.0
103	__protein3_rbs	1.8	0.0	0.0
103	__ribosome	32.0	0.0	0.0
103	__rnase_site_ext	16.0	0.0	0.0
103	p0	1.0	0.0	0.0
103	p1	0.4	0.0	0.0
103	protein1	404.0	15.8	1.8984124
103	protein2	371.8	16.4	1.990543
103	protein3	80.0	2.4	2.6
103	r2	10.0	0.0	0.0
103	rnapol	0.2	0.0	0.0
104	__protein1_rbs	9.4	0.0	0.0
104	__protein2_rbs	10.4	0.0	0.0
104	__protein3_rbs	1.2	0.0	0.0
104	__ribosome	32.4	0.0	0.0
104	__rnase_site_ext	15.8	0.0	0.0
104	p0	0.8	0.0	0.0
104	p1	0.6	0.0	0.0
104	protein1	410.8	15.6	1.8571428
104	protein2	378.0	17.0	1.914551
104	protein3	80.6	2.4	2.8333334
104	r2	10.4	0.0	0.0
104	rnapol	0.0	0.0	0.0
105	__protein1_rbs	9.2	0.0	0.0
105	__protein2_rbs	10.8	0.0	0.0
105	__protein3_rbs	1.8	0.0	0.0
105	__ribosome	31.4	0.0	0.0
105	__rnase_site_ext	15.8	0.0	0.0
105	p0	0.8	0.0	0.0
105	p1	0.8	0.0	0.0
105	protein1	416.0	15.2	1.9399796
105	protein2	383.4	17.2	1.9793860000000003
105	protein3	82.0	2.2	2.5666666
105	r2	10.4	0.0	0.0
105	rnapol	0.0	0.0	0.0
106	__protein1_rbs	7.0	0.0	0.0
106	__protein2_rbs	11.2	0.0	0.0
106	__protein3_rbs	0.8	0.0	0.0
106	__ribosome	31.8	0.0	0.0
106	__rnase_site_ext	15.6	0.0	0.0
106	p0	0.8	0.0	0.0
106	p1	0.8	0.0	0.0
106	protein1	422.6	15.2	2.0207138
106	protein2	391.2	17.4	1.8543988
106	protein3	83.6	2.2	2.4333334
106	r2	11.0	0.0	0.0
106	rnapol	0.2	0.0	0.0
107	__protein1_rbs	9.6	0.0	0.0
107	__protein2_rbs	10.0	0.0	0.0
107	__protein3_rbs	1.4	0.0	0.0
107	__ribosome	31.6	0.0	0.0
107	__rnase_site_ext	15.8	0.0	0.0
107	p0	1.0	0.0	0.0
107	p1	0.8	0.0	0.0
107	protein1	427.4	15.2	2.0705683999999995
107	protein2	397.8	17.4	1.8724666
107	protein3	85.2	2.2	2.0666666
107	r2	11.2	0.0	0.0
107	rnapol	0.4	0.0	0.0
108	__protein1_rbs	8.0	0.0	0.0
108	__protein2_rbs	10.4	0.0	0.0
108	__protein3_rbs	1.8	0.0	0.0
108	__ribosome	30.6	0.0	0.0
108	__rnase_site_ext	15.8	0.0	0.0
108	p0	0.6	0.0	0.0
108	p1	0.8	0.0	0.0
108	protein1	433.8	15.4	2.0661424
108	protein2	403.8	17.6	1.9233977999999998
108	protein3	86.2	2.4	1.6666666
108	r2	11.0	0.0	0.0
108	rnapol	0.2	0.0	0.0
109	__protein1_rbs	8.4	0.0	0.0
109	__protein2_rbs	11.2	0.0	0.0
109	__protein3_rbs	0.6	0.0	0.0
109	__ribosome	30.8	0.0	0.0
109	__rnase_site_ext	16.0	0.0	0.0
109	p0	0.8	0.0	0.0
109	p1	0.8	0.0	0.0
109	protein1	440.0	15.4	2.083406
109	protein2	411.4	17.2	1.91589
109	protein3	87.2	2.4	2.0666666
109	r2	11.6	0.0	0.0
109	rnapol	0.6	0.0	0.0
110	__protein1_rbs	9.4	0.0	0.0
110	__protein2_rbs	10.2	0.0	0.0
110	__protein3_rbs	1.4	0.0	0.0
110	__ribosome	30.4	0.0	0.0
110	__rnase_site_ext	16.2	0.0	0.0
110	p0	0.8	0.0	0.0
110	p1	0.6	0.0	0.0
110	protein1	446.2	15.6	2.0445314
110	protein2	417.8	17.0	1.9348018
110	protein3	87.8	2.8	1.9166668
110	r2	11.4	0.0	0.0
110	rnapol	0.4	0.0	0.0
111	__protein1_rbs	9.6	0.0	0.0
111	__protein2_rbs	9.2	0.0	0.0
111	__protein3_rbs	1.6	0.0	0.0
111	__ribosome	29.4	0.0	0.0
111	__rnase_site_ext	16.0	0.0	0.0
111	p0	0.6	0.0	0.0
111	p1	0.8	0.0	0.0
111	protein1	453.6	15.6	2.0064566000000004
111	protein2	424.2	17.2	2.0180452
111	protein3	89.0	3.0	1.9
111	r2	11.6	0.0	0.0
111	rnapol	0.0	0.0	0.0
112	__protein1_rbs	11.0	0.0	0.0
112	__protein2_rbs	11.8	0.0	0.0
112	__protein3_rbs	2.2	0.0	0.0
112	__ribosome	32.6	0.0	0.0
112	__rnase_site_ext	16.2	0.0	0.0
112	p0	1.0	0.0	0.0
112	p1	0.8	0.0	0.0
112	protein1	460.2	15.6	1.9056023999999998
112	protein2	430.8	17.4	1.9008334
112	protein3	89.6	3.0	1.9833333999999998
112	r2	11.4	0.0	0.0
112	rnapol	0.0	0.0	0.0
113	__protein1_rbs	9.0	0.0	0.0
113	__protein2_rbs	10.0	0.0	0.0
113	__protein3_rbs	2.0	0.0	0.0
113	__ribosome	30.6	0.0	0.0
113	__rnase_site_ext	16.2	0.0	0.0
113	p0	1.0	0.0	0.0
113	p1	0.6	0.0	0.0
113	protein1	465.8	15.8	1.9331374
113	protein2	437.8	17.4	1.9310714
113	protein3	90.4	3.2	2.0166666
113	r2	11.4	0.0	0.0
113	rnapol	0.2	0.0	0.0
114	__protein1_rbs	11.2	0.0	0.0
114	__protein2_rbs	11.2	0.0	0.0
114	__protein3_rbs	2.0	0.0	0.0
114	__ribosome	33.4	0.0	0.0
114	__rnase_site_ext	16.4	0.0	0.0
114	p0	1.0	0.0	0.0
114	p1	0.8	0.0	0.0
114	protein1	471.6	15.8	1.824902
114	protein2	445.8	17.4	1.867262
114	protein3	92.0	3.2	2.0333332
114	r2	11.0	0.0	0.0
114	rnapol	0.2	0.0	0.0
115	__protein1_rbs	8.8	0.0	0.0
115	__protein2_rbs	10.6	0.0	0.0
115	__protein3_rbs	1.2	0.0	0.0
115	__ribosome	31.2	0.0	0.0
115	__rnase_site_ext	16.2	0.0	0.0
115	p0	0.8	0.0	0.0
115	p1	1.0	0.0	0.0
115	protein1	479.2	16.0	1.8066668000000001
115	protein2	451.4	17.6	1.8994048
115	protein3	93.2	3.4	2.2433334
115	r2	10.8	0.0	0.0
115	rnapol	0.2	0.0	0.0
116	__protein1_rbs	9.6	0.0	0.0
116	__protein2_rbs	9.2	0.0	0.0
116	__protein3_rbs	2.0	0.0	0.0
116	__ribosome	29.0	0.0	0.0
116	__rnase_site_ext	16.2	0.0	0.0
116	p0	0.6	0.0	0.0
116	p1	0.6	0.0	0.0
116	protein1	485.0	16.0	1.8606564
116	protein2	458.2	17.8	1.9914916000000005
116	protein3	95.0	3.4	2.07
116	r2	10.8	0.0	0.0
116	rnapol	0.2	0.0	0.0
117	__protein1_rbs	10.0	0.0	0.0
117	__protein2_rbs	12.0	0.0	0.0
117	__protein3_rbs	2.0	0.0	0.0
117	__ribosome	27.8	0.0	0.0
117	__rnase_site_ext	16.4	0.0	0.0
117	p0	0.8	0.0	0.0
117	p1	0.2	0.0	0.0
117	protein1	489.8	16.0	1.9293650000000002
117	protein2	464.2	17.6	1.9789078000000002
117	protein3	96.0	3.6	2.1566666000000003
117	r2	10.6	0.0	0.0
117	rnapol	0.2	0.0	0.0
118	__protein1_rbs	9.8	0.0	0.0
118	__protein2_rbs	9.8	0.0	0.0
118	__protein3_rbs	1.8	0.0	0.0
118	__ribosome	28.4	0.0	0.0
118	__rnase_site_ext	16.2	0.0	0.0
118	p0	1.0	0.0	0.0
118	p1	0.6	0.0	0.0
118	protein1	496.4	16.0	1.8557796000000002
118	protein2	472.2	17.8	1.939944
118	protein3	97.2	3.4	2.3666666000000003
118	r2	10.2	0.0	0.0
118	rnapol	0.4	0.0	0.0
119	__protein1_rbs	9.2	0.0	0.0
119	__protein2_rbs	11.2	0.0	0.0
119	__protein3_rbs	2.8	0.0	0.0
119	__ribosome	28.4	0.0	0.0
119	__rnase_site_ext	16.0	0.0	0.0
119	p0	0.6	0.0	0.0
119	p1	0.6	0.0	0.0
119	protein1	502.4	15.8	1.944246
119	protein2	479.0	17.8	1.9134676
119	protein3	98.4	3.6	2.1333333999999997
119	r2	10.2	0.0	0.0
119	rnapol	0.4	0.0	0.0
120	__protein1_rbs	10.0	0.0	0.0
120	__protein2_rbs	10.4	0.0	0.0
120	__protein3_rbs	1.4	0.0	0.0
120	__ribosome	29.2	0.0	0.0
120	__rnase_site_ext	16.2	0.0	0.0
120	p0	0.8	0.0	0.0
120	p1	1.0	0.0	0.0
120	protein1	508.8	15.4	1.930873
120	protein2	485.6	17.6	1.9974273999999999
120	protein3	100.8	3.2	2.7
120	r2	10.4	0.0	0.0
120	rnapol	0.2	0.0	0.0
121	__protein1_rbs	10.0	0.0	0.0
121	__protein2_rbs	10.4	0.0	0.0
121	__protein3_rbs	1.8	0.0	0.0
121	__ribosome	29.6	0.0	0.0
121	__rnase_site_ext	16.8	0.0	0.0
121	p0	0.8	0.0	0.0
121	p1	0.8	0.0	0.0
121	protein1	514.6	15.8	1.9076023999999998
121	protein2	493.6	17.6	1.9682296
121	protein3	102.2	3.2	2.5333334
121	r2	9.8	0.0	0.0
121	rnapol	0.0	0.0	0.0
122	__protein1_rbs	9.6	0.0	0.0
122	__protein2_rbs	10.4	0.0	0.0
122	__protein3_rbs	2.0	0.0	0.0
122	__ribosome	29.0	0.0	0.0
122	__rnase_site_ext	17.0	0.0	0.0
122	p0	0.8	0.0	0.0
122	p1	0.6	0.0	0.0
122	protein1	520.0	16.4	1.9275
122	protein2	500.6	17.4	1.9816058
122	protein3	104.0	3.2	2.0833334
122	r2	9.6	0.0	0.0
122	rnapol	0.0	0.0	0.0
123	__protein1_rbs	10.2	0.0	0.0
123	__protein2_rbs	10.8	0.0	0.0
123	__protein3_rbs	1.4	0.0	0.0
123	__ribosome	29.4	0.0	0.0
123	__rnase_site_ext	17.0	0.0	0.0
123	p0	0.8	0.0	0.0
123	p1	0.6	0.0	0.0
123	protein1	526.2	16.6	1.8864286
123	protein2	507.6	17.2	1.9592438
123	protein3	105.4	3.2	2.2166666
123	r2	10.2	0.0	0.0
123	rnapol	0.4	0.0	0.0
124	__protein1_rbs	10.8	0.0	0.0
124	__protein2_rbs	10.2	0.0	0.0
124	__protein3_rbs	2.4	0.0	0.0
124	__ribosome	30.2	0.0	0.0
124	__rnase_site_ext	17.2	0.0	0.0
124	p0	0.8	0.0	0.0
124	p1	0.2	0.0	0.0
124	protein1	532.8	16.8	1.8298460000000003
124	protein2	514.4	17.4	1.9590104
124	protein3	106.6	3.2	1.7666666000000002
124	r2	10.2	0.0	0.0
124	rnapol	0.2	0.0	0.0
125	__protein1_rbs	8.6	0.0	0.0
125	__protein2_rbs	12.0	0.0	0.0
125	__protein3_rbs	2.4	0.0	0.0
125	__ribosome	31.2	0.0	0.0
125	__rnase_site_ext	17.4	0.0	0.0
125	p0	1.0	0.0	0.0
125	p1	0.8	0.0	0.0
125	protein1	538.8	16.8	1.9716680000000004
125	protein2	522.8	18.0	1.7307783999999995
125	protein3	107.8	3.2	1.5333333999999998
125	r2	10.2	0.0	0.0
125	rnapol	0.4	0.0	0.0
126	__protein1_rbs	12.2	0.0	0.0
126	__protein2_rbs	10.2	0.0	0.0
126	__protein3_rbs	2.2	0.0	0.0
126	__ribosome	33.6	0.0	0.0
126	__rnase_site_ext	17.8	0.0	0.0
126	p0	0.6	0.0	0.0
126	p1	0.8	0.0	0.0
126	protein1	545.4	16.8	1.8651056
126	protein2	531.0	18.2	1.7123234
126	protein3	109.2	3.2	1.3833334000000002
126	r2	9.8	0.0	0.0
126	rnapol	0.0	0.0	0.0
127	__protein1_rbs	9.2	0.0	0.0
127	__protein2_rbs	12.4	0.0	0.0
127	__protein3_rbs	1.4	0.0	0.0
127	__ribosome	31.2	0.0	0.0
127	__rnase_site_ext	17.8	0.0	0.0
127	p0	1.0	0.0	0.0
127	p1	0.6	0.0	0.0
127	protein1	551.0	16.8	1.9539036
127	protein2	536.2	17.6	1.8384293999999999
127	protein3	111.4	2.8	1.5666666
127	r2	9.4	0.0	0.0
127	rnapol	0.0	0.0	0.0
128	__protein1_rbs	10.4	0.0	0.0
128	__protein2_rbs	10.6	0.0	0.0
128	__protein3_rbs	1.4	0.0	0.0
128	__ribosome	30.2	0.0	0.0
128	__rnase_site_ext	17.8	0.0	0.0
128	p0	1.0	0.0	0.0
128	p1	0.4	0.0	0.0
128	protein1	558.6	17.2	1.8693398
128	protein2	542.6	17.6	1.8902876
128	protein3	112.0	2.6	1.9333334
128	r2	9.8	0.0	0.0
128	rnapol	0.0	0.0	0.0
129	__protein1_rbs	11.4	0.0	0.0
129	__protein2_rbs	12.6	0.0	0.0
129	__protein3_rbs	2.2	0.0	0.0
129	__ribosome	30.4	0.0	0.0
129	__rnase_site_ext	17.4	0.0	0.0
129	p0	1.0	0.0	0.0
129	p1	0.4	0.0	0.0
129	protein1	564.2	17.2	1.9300144000000001
129	protein2	549.8	17.8	1.8195520000000005
129	protein3	113.0	2.6	1.7333333999999998
129	r2	10.2	0.0	0.0
129	rnapol	0.2	0.0	0.0
130	__protein1_rbs	9.6	0.0	0.0
130	__protein2_rbs	12.0	0.0	0.0
130	__protein3_rbs	1.8	0.0	0.0
130	__ribosome	30.2	0.0	0.0
130	__rnase_site_ext	17.0	0.0	0.0
130	p0	0.4	0.0	0.0
130	p1	0.6	0.0	0.0
130	protein1	571.8	17.0	1.9473015999999999
130	protein2	556.4	18.4	1.7479167999999998
130	protein3	114.0	2.6	1.7333332
130	r2	10.0	0.0	0.0
130	rnapol	0.0	0.0	0.0
131	__protein1_rbs	11.0	0.0	0.0
131	__protein2_rbs	11.6	0.0	0.0
131	__protein3_rbs	1.6	0.0	0.0
131	__ribosome	31.4	0.0	0.0
131	__rnase_site_ext	17.2	0.0	0.0
131	p0	0.8	0.0	0.0
131	p1	0.6	0.0	0.0
131	protein1	578.0	16.6	2.0143868
131	protein2	564.2	18.8	1.6744608
131	protein3	115.4	2.6	1.6666668000000002
131	r2	10.2	0.0	0.0
131	rnapol	0.0	0.0	0.0
132	__protein1_rbs	11.0	0.0	0.0
132	__protein2_rbs	11.0	0.0	0.0
132	__protein3_rbs	1.8	0.0	0.0
132	__ribosome	30.4	0.0	0.0
132	__rnase_site_ext	17.4	0.0	0.0
132	p0	1.0	0.0	0.0
132	p1	0.8	0.0	0.0
132	protein1	585.0	16.8	1.9083194
132	protein2	570.4	18.6	1.8471152
132	protein3	116.6	2.8	1.7833333999999998
132	r2	10.4	0.0	0.0
132	rnapol	0.0	0.0	0.0
133	__protein1_rbs	8.8	0.0	0.0
133	__protein2_rbs	11.8	0.0	0.0
133	__protein3_rbs	2.4	0.0	0.0
133	__ribosome	31.0	0.0	0.0
133	__rnase_site_ext	16.8	0.0	0.0
133	p0	1.0	0.0	0.0
133	p1	0.6	0.0	0.0
133	protein1	592.0	16.8	1.9246032
133	protein2	577.2	18.6	1.8276606
133	protein3	117.8	2.8	1.4
133	r2	10.6	0.0	0.0
133	rnapol	0.6	0.0	0.0
134	__protein1_rbs	10.4	0.0	0.0
134	__protein2_rbs	11.2	0.0	0.0
134	__protein3_rbs	1.2	0.0	0.0
134	__ribosome	29.8	0.0	0.0
134	__rnase_site_ext	17.0	0.0	0.0
134	p0	0.8	0.0	0.0
134	p1	0.6	0.0	0.0
134	protein1	599.2	16.2	1.9310422
134	protein2	583.4	18.4	2.0106284000000003
134	protein3	118.8	2.4	1.9
134	r2	11.0	0.0	0.0
134	rnapol	0.6	0.0	0.0
135	__protein1_rbs	10.4	0.0	0.0
135	__protein2_rbs	12.2	0.0	0.0
135	__protein3_rbs	1.6	0.0	0.0
135	__ribosome	28.8	0.0	0.0
135	__rnase_site_ext	17.2	0.0	0.0
135	p0	1.0	0.0	0.0
135	p1	0.8	0.0	0.0
135	protein1	606.2	16.2	1.8557142
135	protein2	589.8	18.6	2.0270272
135	protein3	119.2	2.4	2.0333334
135	r2	11.4	0.0	0.0
135	rnapol	0.8	0.0	0.0
136	__protein1_rbs	11.2	0.0	0.0
136	__protein2_rbs	12.0	0.0	0.0
136	__protein3_rbs	1.4	0.0	0.0
136	__ribosome	30.8	0.0	0.0
136	__rnase_site_ext	17.6	0.0	0.0
136	p0	0.6	0.0	0.0
136	p1	1.0	0.0	0.0
136	protein1	612.2	16.6	1.8160843999999998
136	protein2	598.2	18.6	1.9497966
136	protein3	120.4	2.4	1.8333332
136	r2	11.4	0.0	0.0
136	rnapol	0.4	0.0	0.0
137	__protein1_rbs	10.0	0.0	0.0
137	__protein2_rbs	11.8	0.0	0.0
137	__protein3_rbs	1.8	0.0	0.0
137	__ribosome	29.6	0.0	0.0
137	__rnase_site_ext	18.0	0.0	0.0
137	p0	0.6	0.0	0.0
137	p1	0.6	0.0	0.0
137	protein1	618.0	16.8	1.8676694
137	protein2	605.2	18.6	1.9463514
137	protein3	121.4	2.2	1.7333332
137	r2	11.4	0.0	0.0
137	rnapol	0.4	0.0	0.0
138	__protein1_rbs	10.2	0.0	0.0
138	__protein2_rbs	11.8	0.0	0.0
138	__protein3_rbs	1.2	0.0	0.0
138	__ribosome	31.2	0.0	0.0
138	__rnase_site_ext	17.6	0.0	0.0
138	p0	1.0	0.0	0.0
138	p1	0.4	0.0	0.0
138	protein1	625.8	17.2	1.7733894000000001
138	protein2	612.6	18.6	1.9139153999999998
138	protein3	122.2	2.2	1.7333333999999998
138	r2	11.4	0.0	0.0
138	rnapol	0.6	0.0	0.0
139	__protein1_rbs	9.0	0.0	0.0
139	__protein2_rbs	11.6	0.0	0.0
139	__protein3_rbs	0.6	0.0	0.0
139	__ribosome	28.8	0.0	0.0
139	__rnase_site_ext	18.0	0.0	0.0
139	p0	0.6	0.0	0.0
139	p1	0.8	0.0	0.0
139	protein1	631.6	17.2	1.924762
139	protein2	620.2	18.6	1.8734126
139	protein3	123.2	2.2	1.9333334
139	r2	11.6	0.0	0.0
139	rnapol	0.2	0.0	0.0
140	__protein1_rbs	11.0	0.0	0.0
140	__protein2_rbs	11.4	0.0	0.0
140	__protein3_rbs	1.2	0.0	0.0
140	__ribosome	27.6	0.0	0.0
140	__rnase_site_ext	18.2	0.0	0.0
140	p0	0.8	0.0	0.0
140	p1	0.8	0.0	0.0
140	protein1	637.0	17.4	1.9673684
140	protein2	628.4	18.8	1.8259608
140	protein3	123.8	2.4	2.0833334
140	r2	11.8	0.0	0.0
140	rnapol	0.4	0.0	0.0
141	__protein1_rbs	12.0	0.0	0.0
141	__protein2_rbs	12.4	0.0	0.0
141	__protein3_rbs	1.8	0.0	0.0
141	__ribosome	30.6	0.0	0.0
141	__rnase_site_ext	18.0	0.0	0.0
141	p0	1.0	0.0	0.0
141	p1	0.6	0.0	0.0
141	protein1	643.8	17.6	1.8888888
141	protein2	636.4	19.0	1.7189681999999995
141	protein3	124.8	2.4	2.0166666
141	r2	11.4	0.0	0.0
141	rnapol	0.2	0.0	0.0
142	__protein1_rbs	10.6	0.0	0.0
142	__protein2_rbs	11.4	0.0	0.0
142	__protein3_rbs	1.4	0.0	0.0
142	__ribosome	29.0	0.0	0.0
142	__rnase_site_ext	18.0	0.0	0.0
142	p0	0.8	0.0	0.0
142	p1	0.6	0.0	0.0
142	protein1	650.6	17.4	1.9198498
142	protein2	642.6	18.8	1.7826568000000005
142	protein3	125.0	2.4	2.3666666000000003
142	r2	11.0	0.0	0.0
142	rnapol	0.0	0.0	0.0
143	__protein1_rbs	10.8	0.0	0.0
143	__protein2_rbs	11.8	0.0	0.0
143	__protein3_rbs	2.0	0.0	0.0
143	__ribosome	29.6	0.0	0.0
143	__rnase_site_ext	17.8	0.0	0.0
143	p0	1.0	0.0	0.0
143	p1	0.4	0.0	0.0
143	protein1	659.6	17.4	1.7846118000000002
143	protein2	648.2	18.8	1.8690272
143	protein3	126.0	2.4	2.25
143	r2	11.0	0.0	0.0
143	rnapol	0.0	0.0	0.0
144	__protein1_rbs	9.2	0.0	0.0
144	__protein2_rbs	11.8	0.0	0.0
144	__protein3_rbs	1.4	0.0	0.0
144	__ribosome	28.6	0.0	0.0
144	__rnase_site_ext	17.4	0.0	0.0
144	p0	1.0	0.0	0.0
144	p1	0.6	0.0	0.0
144	protein1	665.8	17.2	1.9692544
144	protein2	655.8	19.0	1.9092972000000004
144	protein3	127.8	2.2	2.2833334
144	r2	11.0	0.0	0.0
144	rnapol	0.4	0.0	0.0
145	__protein1_rbs	10.4	0.0	0.0
145	__protein2_rbs	10.2	0.0	0.0
145	__protein3_rbs	1.4	0.0	0.0
145	__ribosome	27.6	0.0	0.0
145	__rnase_site_ext	17.4	0.0	0.0
145	p0	0.6	0.0	0.0
145	p1	0.4	0.0	0.0
145	protein1	672.4	17.0	2.018114
145	protein2	664.0	19.2	1.8689331999999999
145	protein3	128.8	2.2	2.2166666
145	r2	10.8	0.0	0.0
145	rnapol	0.2	0.0	0.0
146	__protein1_rbs	10.2	0.0	0.0
146	__protein2_rbs	13.0	0.0	0.0
146	__protein3_rbs	1.4	0.0	0.0
146	__ribosome	27.4	0.0	0.0
146	__rnase_site_ext	17.6	0.0	0.0
146	p0	1.0	0.0	0.0
146	p1	0.6	0.0	0.0
146	protein1	679.6	17.0	1.9804824
146	protein2	669.4	19.4	1.902103
146	protein3	130.0	2.0	2.0333334
146	r2	10.6	0.0	0.0
146	rnapol	0.2	0.0	0.0
147	__protein1_rbs	11.4	0.0	0.0
147	__protein2_rbs	13.0	0.0	0.0
147	__protein3_rbs	1.6	0.0	0.0
147	__ribosome	29.8	0.0	0.0
147	__rnase_site_ext	17.0	0.0	0.0
147	p0	1.0	0.0	0.0
147	p1	0.6	0.0	0.0
147	protein1	686.0	17.0	1.9448976
147	protein2	677.8	19.4	1.8086656000000003
147	protein3	130.4	2.2	1.85
147	r2	10.6	0.0	0.0
147	rnapol	0.2	0.0	0.0
148	__protein1_rbs	10.4	0.0	0.0
148	__protein2_rbs	11.6	0.0	0.0
148	__protein3_rbs	1.2	0.0	0.0
148	__ribosome	28.0	0.0	0.0
148	__rnase_site_ext	16.8	0.0	0.0
148	p0	0.8	0.0	0.0
148	p1	0.4	0.0	0.0
148	protein1	693.4	16.6	2.0026634000000003
148	protein2	684.6	19.4	1.8264740000000002
148	protein3	130.8	2.2	2.2166666
148	r2	11.2	0.0	0.0
148	rnapol	0.4	0.0	0.0
149	__protein1_rbs	9.8	0.0	0.0
149	__protein2_rbs	12.8	0.0	0.0
149	__protein3_rbs	1.6	0.0	0.0
149	__ribosome	32.2	0.0	0.0
149	__rnase_site_ext	17.2	0.0	0.0
149	p0	0.4	0.0	0.0
149	p1	0.6	0.0	0.0
149	protein1	701.6	16.2	1.9451024
149	protein2	693.4	19.6	1.7017653999999998
149	protein3	132.0	2.6	1.5833334
149	r2	10.8	0.0	0.0
149	rnapol	0.0	0.0	0.0
150	__protein1_rbs	11.2	0.0	0.0
150	__protein2_rbs	11.4	0.0	0.0
150	__protein3_rbs	1.6	0.0	0.0
150	__ribosome	30.6	0.0	0.0
150	__rnase_site_ext	17.2	0.0	0.0
150	p0	0.8	0.0	0.0
150	p1	0.8	0.0	0.0
150	protein1	708.4	16.6	1.8776496000000005
150	protein2	699.6	19.4	1.8104134000000005
150	protein3	133.0	2.6	1.4
150	r2	11.0	0.0	0.0
150	rnapol	0.0	0.0	0.0
151	__protein1_rbs	10.2	0.0	0.0
151	__protein2_rbs	12.2	0.0	0.0
151	__protein3_rbs	2.0	0.0	0.0
151	__ribosome	30.0	0.0	0.0
151	__rnase_site_ext	17.4	0.0	0.0
151	p0	0.8	0.0	0.0
151	p1	1.0	0.0	0.0
151	protein1	714.4	16.8	1.9164656000000002
151	protein2	706.8	19.4	1.8016906
151	protein3	134.0	2.6	1.3166666
151	r2	11.6	0.0	0.0
151	rnapol	0.2	0.0	0.0
152	__protein1_rbs	11.4	0.0	0.0
152	__protein2_rbs	10.8	0.0	0.0
152	__protein3_rbs	1.2	0.0	0.0
152	__ribosome	26.4	0.0	0.0
152	__rnase_site_ext	17.4	0.0	0.0
152	p0	0.8	0.0	0.0
152	p1	0.8	0.0	0.0
152	protein1	720.4	17.0	1.8611568000000005
152	protein2	713.8	19.4	1.9573526
152	protein3	134.4	2.8	1.6666666
152	r2	11.6	0.0	0.0
152	rnapol	0.4	0.0	0.0
153	__protein1_rbs	10.0	0.0	0.0
153	__protein2_rbs	13.2	0.0	0.0
153	__protein3_rbs	1.6	0.0	0.0
153	__ribosome	27.0	0.0	0.0
153	__rnase_site_ext	17.4	0.0	0.0
153	p0	0.8	0.0	0.0
153	p1	0.6	0.0	0.0
153	protein1	727.8	17.0	1.8454932000000002
153	protein2	722.4	19.4	1.8824242
153	protein3	134.8	2.8	1.85
153	r2	11.6	0.0	0.0
153	rnapol	0.8	0.0	0.0
154	__protein1_rbs	10.0	0.0	0.0
154	__protein2_rbs	11.2	0.0	0.0
154	__protein3_rbs	1.8	0.0	0.0
154	__ribosome	28.0	0.0	0.0
154	__rnase_site_ext	18.0	0.0	0.0
154	p0	0.8	0.0	0.0
154	p1	0.8	0.0	0.0
154	protein1	735.2	17.0	1.8536526
154	protein2	730.4	19.0	1.9088888
154	protein3	136.2	2.8	1.7333332
154	r2	11.6	0.0	0.0
154	rnapol	0.2	0.0	0.0
155	__protein1_rbs	13.4	0.0	0.0
155	__protein2_rbs	10.6	0.0	0.0
155	__protein3_rbs	1.4	0.0	0.0
155	__ribosome	27.2	0.0	0.0
155	__rnase_site_ext	18.2	0.0	0.0
155	p0	0.6	0.0	0.0
155	p1	0.8	0.0	0.0
155	protein1	740.8	17.6	1.7456909999999999
155	protein2	737.4	18.8	1.9973016
155	protein3	137.4	2.8	1.85
155	r2	11.4	0.0	0.0
155	rnapol	0.0	0.0	0.0
156	__protein1_rbs	9.4	0.0	0.0
156	__protein2_rbs	11.4	0.0	0.0
156	__protein3_rbs	1.8	0.0	0.0
156	__ribosome	26.2	0.0	0.0
156	__rnase_site_ext	18.2	0.0	0.0
156	p0	1.0	0.0	0.0
156	p1	0.6	0.0	0.0
156	protein1	748.0	17.6	1.8174932
156	protein2	746.0	19.0	1.9371426
156	protein3	138.2	3.2	1.7666668
156	r2	11.2	0.0	0.0
156	rnapol	0.0	0.0	0.0
157	__protein1_rbs	10.8	0.0	0.0
157	__protein2_rbs	11.6	0.0	0.0
157	__protein3_rbs	1.2	0.0	0.0
157	__ribosome	26.2	0.0	0.0
157	__rnase_site_ext	18.0	0.0	0.0
157	p0	0.8	0.0	0.0
157	p1	0.4	0.0	0.0
157	protein1	754.8	17.8	1.7985947999999996
157	protein2	754.6	18.8	1.9458296
157	protein3	139.4	3.2	1.95
157	r2	11.0	0.0	0.0
157	rnapol	0.0	0.0	0.0
158	__protein1_rbs	13.2	0.0	0.0
158	__protein2_rbs	11.6	0.0	0.0
158	__protein3_rbs	1.4	0.0	0.0
158	__ribosome	27.6	0.0	0.0
158	__rnase_site_ext	17.8	0.0	0.0
158	p0	1.0	0.0	0.0
158	p1	0.6	0.0	0.0
158	protein1	761.8	17.6	1.7063259999999998
158	protein2	762.0	18.4	1.9917648000000001
158	protein3	140.6	3.2	2.15
158	r2	11.2	0.0	0.0
158	rnapol	0.0	0.0	0.0
159	__protein1_rbs	11.6	0.0	0.0
159	__protein2_rbs	11.8	0.0	0.0
159	__protein3_rbs	2.4	0.0	0.0
159	__ribosome	26.4	0.0	0.0
159	__rnase_site_ext	17.6	0.0	0.0
159	p0	1.0	0.0	0.0
159	p1	0.6	0.0	0.0
159	protein1	767.2	17.6	1.7677444000000002
159	protein2	769.0	18.4	2.0364666000000002
159	protein3	142.2	3.4	1.9166666
159	r2	10.6	0.0	0.0
159	rnapol	0.2	0.0	0.0
160	__protein1_rbs	11.0	0.0	0.0
160	__protein2_rbs	11.2	0.0	0.0
160	__protein3_rbs	2.8	0.0	0.0
160	__ribosome	27.2	0.0	0.0
160	__rnase_site_ext	17.4	0.0	0.0
160	p0	1.0	0.0	0.0
160	p1	0.6	0.0	0.0
160	protein1	774.8	17.6	1.7660526
160	protein2	777.6	18.8	1.9613454
160	protein3	143.2	3.4	1.8833334
160	r2	10.6	0.0	0.0
160	rnapol	0.6	0.0	0.0
161	__protein1_rbs	10.2	0.0	0.0
161	__protein2_rbs	12.0	0.0	0.0
161	__protein3_rbs	1.6	0.0	0.0
161	__ribosome	28.8	0.0	0.0
161	__rnase_site_ext	17.8	0.0	0.0
161	p0	0.4	0.0	0.0
161	p1	0.6	0.0	0.0
161	protein1	782.0	17.2	1.8107601999999998
161	protein2	786.2	18.8	1.8338238
161	protein3	144.8	3.4	2.0
161	r2	10.6	0.0	0.0
161	rnapol	0.4	0.0	0.0
162	__protein1_rbs	9.8	0.0	0.0
162	__protein2_rbs	10.8	0.0	0.0
162	__protein3_rbs	1.8	0.0	0.0
162	__ribosome	26.8	0.0	0.0
162	__rnase_site_ext	17.8	0.0	0.0
162	p0	1.0	0.0	0.0
162	p1	0.4	0.0	0.0
162	protein1	789.6	17.4	1.789927
162	protein2	792.8	19.0	1.9018046
162	protein3	146.4	3.4	1.9833333999999998
162	r2	10.6	0.0	0.0
162	rnapol	0.6	0.0	0.0
163	__protein1_rbs	10.2	0.0	0.0
163	__protein2_rbs	12.2	0.0	0.0
163	__protein3_rbs	1.8	0.0	0.0
163	__ribosome	26.4	0.0	0.0
163	__rnase_site_ext	17.8	0.0	0.0
163	p0	0.6	0.0	0.0
163	p1	0.6	0.0	0.0
163	protein1	794.2	17.6	1.9493734
163	protein2	801.4	18.8	1.8085714
163	protein3	148.4	3.4	1.9833333999999998
163	r2	10.6	0.0	0.0
163	rnapol	0.6	0.0	0.0
164	__protein1_rbs	13.2	0.0	0.0
164	__protein2_rbs	11.2	0.0	0.0
164	__protein3_rbs	2.8	0.0	0.0
164	__ribosome	28.0	0.0	0.0
164	__rnase_site_ext	18.0	0.0	0.0
164	p0	0.8	0.0	0.0
164	p1	0.8	0.0	0.0
164	protein1	801.0	17.6	1.8049396
164	protein2	808.8	18.8	1.8509022
164	protein3	149.2	3.4	1.8666666
164	r2	11.0	0.0	0.0
164	rnapol	0.4	0.0	0.0
165	__protein1_rbs	10.0	0.0	0.0
165	__protein2_rbs	13.2	0.0	0.0
165	__protein3_rbs	2.0	0.0	0.0
165	__ribosome	28.0	0.0	0.0
165	__rnase_site_ext	18.2	0.0	0.0
165	p0	0.6	0.0	0.0
165	p1	0.8	0.0	0.0
165	protein1	809.0	17.6	1.8123836
165	protein2	815.8	19.0	1.8071428
165	protein3	150.4	3.4	1.95
165	r2	11.2	0.0	0.0
165	rnapol	0.4	0.0	0.0
166	__protein1_rbs	11.0	0.0	0.0
166	__protein2_rbs	12.0	0.0	0.0
166	__protein3_rbs	2.2	0.0	0.0
166	__ribosome	28.8	0.0	0.0
166	__rnase_site_ext	18.2	0.0	0.0
166	p0	0.4	0.0	0.0
166	p1	1.0	0.0	0.0
166	protein1	816.2	18.0	1.7755257999999998
166	protein2	824.6	19.0	1.7887970000000002
166	protein3	152.4	3.4	1.75
166	r2	11.2	0.0	0.0
166	rnapol	0.0	0.0	0.0
167	__protein1_rbs	12.2	0.0	0.0
167	__protein2_rbs	11.0	0.0	0.0
167	__protein3_rbs	2.2	0.0	0.0
167	__ribosome	30.4	0.0	0.0
167	__rnase_site_ext	18.4	0.0	0.0
167	p0	0.8	0.0	0.0
167	p1	1.0	0.0	0.0
167	protein1	824.0	17.6	1.7172343999999997
167	protein2	831.8	18.6	1.872381
167	protein3	154.2	3.6	1.5633333999999999
167	r2	11.0	0.0	0.0
167	rnapol	0.2	0.0	0.0
168	__protein1_rbs	11.2	0.0	0.0
168	__protein2_rbs	11.4	0.0	0.0
168	__protein3_rbs	1.4	0.0	0.0
168	__ribosome	27.6	0.0	0.0
168	__rnase_site_ext	18.4	0.0	0.0
168	p0	1.0	0.0	0.0
168	p1	0.8	0.0	0.0
168	protein1	830.8	18.2	1.7697998
168	protein2	839.4	18.6	1.8824372
168	protein3	155.2	3.6	1.8766666
168	r2	10.6	0.0	0.0
168	rnapol	0.2	0.0	0.0
169	__protein1_rbs	11.8	0.0	0.0
169	__protein2_rbs	12.4	0.0	0.0
169	__protein3_rbs	2.4	0.0	0.0
169	__ribosome	26.8	0.0	0.0
169	__rnase_site_ext	18.4	0.0	0.0
169	p0	1.0	0.0	0.0
169	p1	0.6	0.0	0.0
169	protein1	835.8	18.4	1.8329746
169	protein2	847.6	18.4	1.849916
169	protein3	156.4	3.8	1.8033333999999999
169	r2	10.8	0.0	0.0
169	rnapol	0.6	0.0	0.0
170	__protein1_rbs	11.8	0.0	0.0
170	__protein2_rbs	12.8	0.0	0.0
170	__protein3_rbs	2.0	0.0	0.0
170	__ribosome	27.4	0.0	0.0
170	__rnase_site_ext	18.2	0.0	0.0
170	p0	0.8	0.0	0.0
170	p1	0.6	0.0	0.0
170	protein1	844.4	18.2	1.7535539999999998
170	protein2	854.0	18.6	1.8442858
170	protein3	157.4	3.8	2.0033334
170	r2	10.8	0.0	0.0
170	rnapol	0.0	0.0	0.0
171	__protein1_rbs	13.8	0.0	0.0
171	__protein2_rbs	12.6	0.0	0.0
171	__protein3_rbs	2.6	0.0	0.0
171	__ribosome	29.6	0.0	0.0
171	__rnase_site_ext	18.4	0.0	0.0
171	p0	0.8	0.0	0.0
171	p1	0.6	0.0	0.0
171	protein1	851.4	18.2	1.6940478
171	protein2	862.4	19.2	1.7182541999999998
171	protein3	158.4	4.0	1.97
171	r2	10.2	0.0	0.0
171	rnapol	0.2	0.0	0.0
172	__protein1_rbs	11.6	0.0	0.0
172	__protein2_rbs	13.0	0.0	0.0
172	__protein3_rbs	3.2	0.0	0.0
172	__ribosome	30.8	0.0	0.0
172	__rnase_site_ext	18.4	0.0	0.0
172	p0	1.0	0.0	0.0
172	p1	0.4	0.0	0.0
172	protein1	858.8	18.2	1.6986556000000002
172	protein2	871.2	19.2	1.6514285999999998
172	protein3	160.4	4.0	1.89
172	r2	10.0	0.0	0.0
172	rnapol	0.0	0.0	0.0
173	__protein1_rbs	12.0	0.0	0.0
173	__protein2_rbs	12.8	0.0	0.0
173	__protein3_rbs	3.0	0.0	0.0
173	__ribosome	30.6	0.0	0.0
173	__rnase_site_ext	17.8	0.0	0.0
173	p0	1.0	0.0	0.0
173	p1	0.8	0.0	0.0
173	protein1	865.6	18.2	1.6640993999999998
173	protein2	877.8	19.4	1.6962302
173	protein3	162.4	4.2	1.5566666000000002
173	r2	9.6	0.0	0.0
173	rnapol	0.2	0.0	0.0
174	__protein1_rbs	10.8	0.0	0.0
174	__protein2_rbs	12.8	0.0	0.0
174	__protein3_rbs	2.4	0.0	0.0
174	__ribosome	28.2	0.0	0.0
174	__rnase_site_ext	17.8	0.0	0.0
174	p0	1.0	0.0	0.0
174	p1	0.4	0.0	0.0
174	protein1	871.4	17.6	1.8118156
174	protein2	886.0	19.6	1.6845960000000002
174	protein3	164.0	3.8	1.85
174	r2	9.8	0.0	0.0
174	rnapol	0.2	0.0	0.0
175	__protein1_rbs	11.8	0.0	0.0
175	__protein2_rbs	13.8	0.0	0.0
175	__protein3_rbs	2.0	0.0	0.0
175	__ribosome	27.2	0.0	0.0
175	__rnase_site_ext	17.6	0.0	0.0
175	p0	1.0	0.0	0.0
175	p1	1.0	0.0	0.0
175	protein1	878.0	17.6	1.8378991999999998
175	protein2	892.2	19.6	1.7203592
175	protein3	165.4	3.6	1.94
175	r2	10.2	0.0	0.0
175	rnapol	0.8	0.0	0.0
176	__protein1_rbs	11.0	0.0	0.0
176	__protein2_rbs	13.0	0.0	0.0
176	__protein3_rbs	2.4	0.0	0.0
176	__ribosome	26.0	0.0	0.0
176	__rnase_site_ext	17.8	0.0	0.0
176	p0	0.8	0.0	0.0
176	p1	0.8	0.0	0.0
176	protein1	884.8	17.6	1.8483754
176	protein2	899.0	19.8	1.7566472000000002
176	protein3	166.8	3.4	2.1966666
176	r2	10.0	0.0	0.0
176	rnapol	0.6	0.0	0.0
177	__protein1_rbs	12.8	0.0	0.0
177	__protein2_rbs	13.2	0.0	0.0
177	__protein3_rbs	2.2	0.0	0.0
177	__ribosome	27.8	0.0	0.0
177	__rnase_site_ext	18.2	0.0	0.0
177	p0	0.4	0.0	0.0
177	p1	0.4	0.0	0.0
177	protein1	892.8	17.4	1.6781631999999995
177	protein2	906.0	20.0	1.828139
177	protein3	168.4	3.4	2.1133333999999997
177	r2	10.0	0.0	0.0
177	rnapol	0.4	0.0	0.0
178	__protein1_rbs	11.0	0.0	0.0
178	__protein2_rbs	13.6	0.0	0.0
178	__protein3_rbs	2.2	0.0	0.0
178	__ribosome	30.4	0.0	0.0
178	__rnase_site_ext	18.6	0.0	0.0
178	p0	0.6	0.0	0.0
178	p1	0.8	0.0	0.0
178	protein1	900.4	17.6	1.6497547999999995
178	protein2	915.2	20.0	1.7261354
178	protein3	170.4	3.4	1.8633331999999998
178	r2	10.4	0.0	0.0
178	rnapol	0.2	0.0	0.0
179	__protein1_rbs	11.4	0.0	0.0
179	__protein2_rbs	13.6	0.0	0.0
179	__protein3_rbs	2.2	0.0	0.0
179	__ribosome	30.2	0.0	0.0
179	__rnase_site_ext	18.6	0.0	0.0
179	p0	1.0	0.0	0.0
179	p1	0.8	0.0	0.0
179	protein1	907.8	18.2	1.6279363999999998
179	protein2	921.8	20.0	1.7304798
179	protein3	172.0	3.2	1.9
179	r2	11.2	0.0	0.0
179	rnapol	0.4	0.0	0.0
180	__protein1_rbs	11.4	0.0	0.0
180	__protein2_rbs	13.0	0.0	0.0
180	__protein3_rbs	1.4	0.0	0.0
180	__ribosome	29.0	0.0	0.0
180	__rnase_site_ext	18.8	0.0	0.0
180	p0	0.6	0.0	0.0
180	p1	0.8	0.0	0.0
180	protein1	914.4	18.2	1.6822690000000002
180	protein2	930.4	20.4	1.6866354
180	protein3	173.2	3.2	2.0733334
180	r2	11.0	0.0	0.0
180	rnapol	0.2	0.0	0.0
181	__protein1_rbs	11.4	0.0	0.0
181	__protein2_rbs	10.6	0.0	0.0
181	__protein3_rbs	2.8	0.0	0.0
181	__ribosome	26.6	0.0	0.0
181	__rnase_site_ext	19.0	0.0	0.0
181	p0	0.8	0.0	0.0
181	p1	0.8	0.0	0.0
181	protein1	920.6	18.4	1.7754810000000003
181	protein2	938.4	20.0	1.8372836
181	protein3	175.2	3.2	1.52
181	r2	11.2	0.0	0.0
181	rnapol	0.0	0.0	0.0
182	__protein1_rbs	12.0	0.0	0.0
182	__protein2_rbs	13.6	0.0	0.0
182	__protein3_rbs	2.2	0.0	0.0
182	__ribosome	27.2	0.0	0.0
182	__rnase_site_ext	19.0	0.0	0.0
182	p0	1.0	0.0	0.0
182	p1	0.8	0.0	0.0
182	protein1	927.2	18.4	1.7656581999999998
182	protein2	946.4	20.0	1.7465464000000002
182	protein3	175.8	3.6	1.55
182	r2	11.2	0.0	0.0
182	rnapol	0.2	0.0	0.0
183	__protein1_rbs	11.0	0.0	0.0
183	__protein2_rbs	12.8	0.0	0.0
183	__protein3_rbs	2.2	0.0	0.0
183	__ribosome	23.6	0.0	0.0
183	__rnase_site_ext	18.8	0.0	0.0
183	p0	1.0	0.0	0.0
183	p1	0.8	0.0	0.0
183	protein1	934.0	18.6	1.8536508
183	protein2	952.8	20.0	1.8278586
183	protein3	177.4	3.8	1.4666668
183	r2	11.4	0.0	0.0
183	rnapol	0.2	0.0	0.0
184	__protein1_rbs	11.2	0.0	0.0
184	__protein2_rbs	12.4	0.0	0.0
184	__protein3_rbs	3.2	0.0	0.0
184	__ribosome	26.0	0.0	0.0
184	__rnase_site_ext	19.2	0.0	0.0
184	p0	0.6	0.0	0.0
184	p1	0.4	0.0	0.0
184	protein1	941.6	18.4	1.834902
184	protein2	962.2	20.0	1.7842976000000002
184	protein3	178.8	4.0	1.2600000000000002
184	r2	11.4	0.0	0.0
184	rnapol	0.2	0.0	0.0
185	__protein1_rbs	11.8	0.0	0.0
185	__protein2_rbs	12.6	0.0	0.0
185	__protein3_rbs	2.8	0.0	0.0
185	__ribosome	25.0	0.0	0.0
185	__rnase_site_ext	19.4	0.0	0.0
185	p0	0.8	0.0	0.0
185	p1	0.4	0.0	0.0
185	protein1	949.4	18.6	1.7987304000000002
185	protein2	970.2	19.6	1.8623810000000005
185	protein3	179.8	4.2	1.39
185	r2	11.2	0.0	0.0
185	rnapol	0.0	0.0	0.0
186	__protein1_rbs	11.6	0.0	0.0
186	__protein2_rbs	12.6	0.0	0.0
186	__protein3_rbs	2.6	0.0	0.0
186	__ribosome	23.0	0.0	0.0
186	__rnase_site_ext	19.2	0.0	0.0
186	p0	1.0	0.0	0.0
186	p1	0.8	0.0	0.0
186	protein1	956.2	18.8	1.8430242
186	protein2	977.4	19.8	1.853277
186	protein3	180.8	4.0	1.6266666
186	r2	11.0	0.0	0.0
186	rnapol	0.2	0.0	0.0
187	__protein1_rbs	12.2	0.0	0.0
187	__protein2_rbs	13.8	0.0	0.0
187	__protein3_rbs	2.2	0.0	0.0
187	__ribosome	25.2	0.0	0.0
187	__rnase_site_ext	19.2	0.0	0.0
187	p0	0.6	0.0	0.0
187	p1	0.6	0.0	0.0
187	protein1	962.6	18.8	1.8619047999999998
187	protein2	987.2	20.0	1.6951512000000002
187	protein3	182.8	4.2	1.62
187	r2	10.8	0.0	0.0
187	rnapol	0.6	0.0	0.0
188	__protein1_rbs	12.8	0.0	0.0
188	__protein2_rbs	13.2	0.0	0.0
188	__protein3_rbs	2.6	0.0	0.0
188	__ribosome	27.2	0.0	0.0
188	__rnase_site_ext	19.6	0.0	0.0
188	p0	0.8	0.0	0.0
188	p1	0.8	0.0	0.0
188	protein1	972.2	18.8	1.7005743999999998
188	protein2	994.0	19.8	1.7198748
188	protein3	183.6	4.2	1.8
188	r2	10.8	0.0	0.0
188	rnapol	0.6	0.0	0.0
189	__protein1_rbs	12.0	0.0	0.0
189	__protein2_rbs	12.8	0.0	0.0
189	__protein3_rbs	2.6	0.0	0.0
189	__ribosome	27.6	0.0	0.0
189	__rnase_site_ext	19.8	0.0	0.0
189	p0	0.8	0.0	0.0
189	p1	0.8	0.0	0.0
189	protein1	979.2	19.2	1.6843138
189	protein2	1003.0	20.0	1.6147218
189	protein3	185.2	4.2	1.96
189	r2	10.4	0.0	0.0
189	rnapol	0.4	0.0	0.0
190	__protein1_rbs	11.6	0.0	0.0
190	__protein2_rbs	13.2	0.0	0.0
190	__protein3_rbs	3.6	0.0	0.0
190	__ribosome	27.4	0.0	0.0
190	__rnase_site_ext	20.2	0.0	0.0
190	p0	0.6	0.0	0.0
190	p1	1.0	0.0	0.0
190	protein1	988.0	19.2	1.7499746000000005
190	protein2	1009.8	19.8	1.6448766
190	protein3	186.8	4.2	1.73
190	r2	11.0	0.0	0.0
190	rnapol	0.2	0.0	0.0
191	__protein1_rbs	12.0	0.0	0.0
191	__protein2_rbs	12.6	0.0	0.0
191	__protein3_rbs	2.0	0.0	0.0
191	__ribosome	26.4	0.0	0.0
191	__rnase_site_ext	20.4	0.0	0.0
191	p0	0.4	0.0	0.0
191	p1	0.6	0.0	0.0
191	protein1	994.6	19.4	1.749596
191	protein2	1017.4	20.0	1.6313087999999998
191	protein3	188.8	4.0	1.95
191	r2	10.4	0.0	0.0
191	rnapol	0.2	0.0	0.0
192	__protein1_rbs	14.0	0.0	0.0
192	__protein2_rbs	12.2	0.0	0.0
192	__protein3_rbs	2.6	0.0	0.0
192	__ribosome	25.4	0.0	0.0
192	__rnase_site_ext	21.0	0.0	0.0
192	p0	0.8	0.0	0.0
192	p1	0.8	0.0	0.0
192	protein1	1000.4	19.8	1.7243302
192	protein2	1024.6	19.6	1.7118311999999998
192	protein3	190.6	3.8	2.21
192	r2	10.4	0.0	0.0
192	rnapol	0.0	0.0	0.0
193	__protein1_rbs	13.6	0.0	0.0
193	__protein2_rbs	12.0	0.0	0.0
193	__protein3_rbs	2.4	0.0	0.0
193	__ribosome	25.4	0.0	0.0
193	__rnase_site_ext	20.4	0.0	0.0
193	p0	1.0	0.0	0.0
193	p1	0.8	0.0	0.0
193	protein1	1009.0	20.6	1.6244565999999998
193	protein2	1032.0	19.8	1.7455501999999998
193	protein3	192.4	3.8	1.96
193	r2	10.4	0.0	0.0
193	rnapol	0.2	0.0	0.0
194	__protein1_rbs	13.6	0.0	0.0
194	__protein2_rbs	12.0	0.0	0.0
194	__protein3_rbs	2.8	0.0	0.0
194	__ribosome	25.6	0.0	0.0
194	__rnase_site_ext	20.4	0.0	0.0
194	p0	0.8	0.0	0.0
194	p1	0.6	0.0	0.0
194	protein1	1017.8	20.0	1.5577828
194	protein2	1038.4	19.8	1.8651172
194	protein3	193.8	4.0	1.7600000000000002
194	r2	10.2	0.0	0.0
194	rnapol	0.0	0.0	0.0
195	__protein1_rbs	13.0	0.0	0.0
195	__protein2_rbs	12.0	0.0	0.0
195	__protein3_rbs	2.6	0.0	0.0
195	__ribosome	25.0	0.0	0.0
195	__rnase_site_ext	20.0	0.0	0.0
195	p0	1.0	0.0	0.0
195	p1	0.4	0.0	0.0
195	protein1	1025.4	20.0	1.6019422
195	protein2	1046.2	20.0	1.8681818
195	protein3	195.8	3.8	1.7633333999999998
195	r2	10.2	0.0	0.0
195	rnapol	0.2	0.0	0.0
196	__protein1_rbs	12.8	0.0	0.0
196	__protein2_rbs	12.8	0.0	0.0
196	__protein3_rbs	2.6	0.0	0.0
196	__ribosome	23.6	0.0	0.0
196	__rnase_site_ext	19.8	0.0	0.0
196	p0	0.8	0.0	0.0
196	p1	0.6	0.0	0.0
196	protein1	1031.6	19.8	1.6867421999999999
196	protein2	1054.8	20.4	1.8041178
196	protein3	197.0	3.8	1.8366666000000005
196	r2	10.4	0.0	0.0
196	rnapol	0.0	0.0	0.0
197	__protein1_rbs	12.2	0.0	0.0
197	__protein2_rbs	14.2	0.0	0.0
197	__protein3_rbs	2.2	0.0	0.0
197	__ribosome	25.2	0.0	0.0
197	__rnase_site_ext	19.4	0.0	0.0
197	p0	1.0	0.0	0.0
197	p1	0.6	0.0	0.0
197	protein1	1039.4	19.2	1.7441982
197	protein2	1063.0	20.6	1.7419745999999998
197	protein3	198.8	3.6	1.92
197	r2	10.6	0.0	0.0
197	rnapol	0.0	0.0	0.0
198	__protein1_rbs	13.2	0.0	0.0
198	__protein2_rbs	12.8	0.0	0.0
198	__protein3_rbs	1.8	0.0	0.0
198	__ribosome	25.2	0.0	0.0
198	__rnase_site_ext	19.4	0.0	0.0
198	p0	1.0	0.0	0.0
198	p1	0.4	0.0	0.0
198	protein1	1046.6	19.0	1.7391503999999998
198	protein2	1070.4	20.8	1.7384718000000001
198	protein3	200.6	3.6	1.87
198	r2	10.6	0.0	0.0
198	rnapol	0.4	0.0	0.0
199	__protein1_rbs	11.6	0.0	0.0
199	__protein2_rbs	12.8	0.0	0.0
199	__protein3_rbs	2.6	0.0	0.0
199	__ribosome	25.2	0.0	0.0
199	__rnase_site_ext	19.2	0.0	0.0
199	p0	1.0	0.0	0.0
199	p1	0.2	0.0	0.0
199	protein1	1054.2	19.0	1.7941948
199	protein2	1079.4	21.0	1.695016
199	protein3	202.2	3.6	1.63
199	r2	10.6	0.0	0.0
199	rnapol	0.6	0.0	0.0
200	__protein1_rbs	11.8	0.0	0.0
200	__protein2_rbs	15.4	0.0	0.0
200	__protein3_rbs	2.8	0.0	0.0
200	__ribosome	25.0	0.0	0.0
200	__rnase_site_ext	19.2	0.0	0.0
200	p0	0.6	0.0	0.0
200	p1	0.8	0.0	0.0
200	protein1	1061.4	18.8	1.8591223999999997
200	protein2	1087.6	21.6	1.6324765999999995
200	protein3	203.6	3.6	1.6333334000000002
200	r2	10.8	0.0	0.0
200	rnapol	0.6	0.0	0.0
201	__protein1_rbs	13.0	0.0	0.0
201	__protein2_rbs	14.4	0.0	0.0
201	__protein3_rbs	2.4	0.0	0.0
201	__ribosome	24.2	0.0	0.0
201	__rnase_site_ext	19.6	0.0	0.0
201	p0	0.4	0.0	0.0
201	p1	1.0	0.0	0.0
201	protein1	1068.8	18.8	1.7850607999999997
201	protein2	1094.8	22.0	1.6388513999999998
201	protein3	204.0	3.6	1.9266668000000002
201	r2	11.0	0.0	0.0
201	rnapol	0.6	0.0	0.0
202	__protein1_rbs	11.4	0.0	0.0
202	__protein2_rbs	14.6	0.0	0.0
202	__protein3_rbs	2.6	0.0	0.0
202	__ribosome	24.2	0.0	0.0
202	__rnase_site_ext	20.0	0.0	0.0
202	p0	0.8	0.0	0.0
202	p1	1.0	0.0	0.0
202	protein1	1077.2	19.2	1.7841948
202	protein2	1103.2	22.0	1.6488189999999998
202	protein3	205.8	3.6	1.6533331999999998
202	r2	10.8	0.0	0.0
202	rnapol	0.4	0.0	0.0
203	__protein1_rbs	11.8	0.0	0.0
203	__protein2_rbs	12.8	0.0	0.0
203	__protein3_rbs	2.6	0.0	0.0
203	__ribosome	23.0	0.0	0.0
203	__rnase_site_ext	20.2	0.0	0.0
203	p0	0.8	0.0	0.0
203	p1	0.8	0.0	0.0
203	protein1	1085.0	19.6	1.7442638
203	protein2	1111.2	22.0	1.7297368000000002
203	protein3	207.4	3.6	1.5666666
203	r2	10.6	0.0	0.0
203	rnapol	0.2	0.0	0.0
204	__protein1_rbs	13.2	0.0	0.0
204	__protein2_rbs	13.2	0.0	0.0
204	__protein3_rbs	2.2	0.0	0.0
204	__ribosome	22.8	0.0	0.0
204	__rnase_site_ext	20.4	0.0	0.0
204	p0	0.6	0.0	0.0
204	p1	0.8	0.0	0.0
204	protein1	1092.2	19.8	1.6930906
204	protein2	1120.2	21.6	1.8082202
204	protein3	208.8	3.4	1.5599999999999998
204	r2	11.0	0.0	0.0
204	rnapol	0.8	0.0	0.0
205	__protein1_rbs	14.6	0.0	0.0
205	__protein2_rbs	15.0	0.0	0.0
205	__protein3_rbs	2.4	0.0	0.0
205	__ribosome	25.0	0.0	0.0
205	__rnase_site_ext	20.8	0.0	0.0
205	p0	1.0	0.0	0.0
205	p1	1.0	0.0	0.0
205	protein1	1098.4	19.8	1.6558695999999995
205	protein2	1128.6	21.6	1.765783
205	protein3	210.0	3.2	1.49
205	r2	11.2	0.0	0.0
205	rnapol	1.0	0.0	0.0
206	__protein1_rbs	12.6	0.0	0.0
206	__protein2_rbs	14.8	0.0	0.0
206	__protein3_rbs	1.8	0.0	0.0
206	__ribosome	24.0	0.0	0.0
206	__rnase_site_ext	21.2	0.0	0.0
206	p0	0.8	0.0	0.0
206	p1	1.0	0.0	0.0
206	protein1	1107.6	20.4	1.5765477999999995
206	protein2	1135.8	21.6	1.8075324000000002
206	protein3	210.8	3.0	1.8833334
206	r2	11.4	0.0	0.0
206	rnapol	0.4	0.0	0.0
207	__protein1_rbs	14.0	0.0	0.0
207	__protein2_rbs	14.0	0.0	0.0
207	__protein3_rbs	1.6	0.0	0.0
207	__ribosome	23.6	0.0	0.0
207	__rnase_site_ext	21.4	0.0	0.0
207	p0	0.8	0.0	0.0
207	p1	0.6	0.0	0.0
207	protein1	1115.0	21.0	1.5739834
207	protein2	1145.0	21.4	1.8038226
207	protein3	212.2	3.0	1.9
207	r2	11.2	0.0	0.0
207	rnapol	0.4	0.0	0.0
208	__protein1_rbs	14.4	0.0	0.0
208	__protein2_rbs	15.2	0.0	0.0
208	__protein3_rbs	2.4	0.0	0.0
208	__ribosome	25.6	0.0	0.0
208	__rnase_site_ext	21.6	0.0	0.0
208	p0	0.6	0.0	0.0
208	p1	0.4	0.0	0.0
208	protein1	1122.0	21.0	1.5984539999999998
208	protein2	1155.2	21.6	1.66343
208	protein3	213.4	3.0	1.77
208	r2	10.8	0.0	0.0
208	rnapol	0.0	0.0	0.0
209	__protein1_rbs	13.2	0.0	0.0
209	__protein2_rbs	13.6	0.0	0.0
209	__protein3_rbs	1.8	0.0	0.0
209	__ribosome	24.0	0.0	0.0
209	__rnase_site_ext	21.0	0.0	0.0
209	p0	1.0	0.0	0.0
209	p1	0.2	0.0	0.0
209	protein1	1129.2	21.0	1.6879684
209	protein2	1164.2	21.2	1.6888972000000002
209	protein3	214.4	2.8	1.85
209	r2	10.8	0.0	0.0
209	rnapol	0.2	0.0	0.0
210	__protein1_rbs	12.2	0.0	0.0
210	__protein2_rbs	15.0	0.0	0.0
210	__protein3_rbs	1.4	0.0	0.0
210	__ribosome	24.6	0.0	0.0
210	__rnase_site_ext	20.8	0.0	0.0
210	p0	1.0	0.0	0.0
210	p1	0.6	0.0	0.0
210	protein1	1137.6	20.6	1.7244720000000002
210	protein2	1171.8	21.4	1.6406115999999995
210	protein3	216.2	2.8	1.75
210	r2	10.6	0.0	0.0
210	rnapol	0.0	0.0	0.0
211	__protein1_rbs	14.2	0.0	0.0
211	__protein2_rbs	12.4	0.0	0.0
211	__protein3_rbs	1.6	0.0	0.0
211	__ribosome	21.6	0.0	0.0
211	__rnase_site_ext	20.6	0.0	0.0
211	p0	1.0	0.0	0.0
211	p1	0.4	0.0	0.0
211	protein1	1144.2	20.6	1.7491342
211	protein2	1180.4	21.8	1.7025094000000005
211	protein3	217.4	2.8	1.85
211	r2	10.6	0.0	0.0
211	rnapol	0.0	0.0	0.0
212	__protein1_rbs	12.2	0.0	0.0
212	__protein2_rbs	14.2	0.0	0.0
212	__protein3_rbs	2.6	0.0	0.0
212	__ribosome	22.4	0.0	0.0
212	__rnase_site_ext	20.2	0.0	0.0
212	p0	1.0	0.0	0.0
212	p1	0.8	0.0	0.0
212	protein1	1153.8	20.2	1.743556
212	protein2	1187.6	21.8	1.7372628
212	protein3	218.2	2.8	1.6
212	r2	10.4	0.0	0.0
212	rnapol	0.4	0.0	0.0
213	__protein1_rbs	14.8	0.0	0.0
213	__protein2_rbs	13.4	0.0	0.0
213	__protein3_rbs	1.8	0.0	0.0
213	__ribosome	26.0	0.0	0.0
213	__rnase_site_ext	20.2	0.0	0.0
213	p0	0.8	0.0	0.0
213	p1	0.4	0.0	0.0
213	protein1	1161.2	19.8	1.7140058
213	protein2	1198.2	21.8	1.6347117999999998
213	protein3	219.2	2.8	1.6
213	r2	10.6	0.0	0.0
213	rnapol	0.2	0.0	0.0
214	__protein1_rbs	13.2	0.0	0.0
214	__protein2_rbs	14.4	0.0	0.0
214	__protein3_rbs	1.2	0.0	0.0
214	__ribosome	23.8	0.0	0.0
214	__rnase_site_ext	20.0	0.0	0.0
214	p0	0.8	0.0	0.0
214	p1	0.6	0.0	0.0
214	protein1	1169.8	19.6	1.6483830000000002
214	protein2	1202.8	21.6	1.823059
214	protein3	221.0	2.8	1.6
214	r2	10.4	0.0	0.0
214	rnapol	0.4	0.0	0.0
215	__protein1_rbs	12.6	0.0	0.0
215	__protein2_rbs	14.6	0.0	0.0
215	__protein3_rbs	1.8	0.0	0.0
215	__ribosome	26.2	0.0	0.0
215	__rnase_site_ext	20.0	0.0	0.0
215	p0	1.0	0.0	0.0
215	p1	0.6	0.0	0.0
215	protein1	1178.0	19.8	1.6371284
215	protein2	1213.4	22.0	1.6779560000000002
215	protein3	222.2	2.6	1.6833334
215	r2	11.2	0.0	0.0
215	rnapol	0.8	0.0	0.0
216	__protein1_rbs	12.2	0.0	0.0
216	__protein2_rbs	12.6	0.0	0.0
216	__protein3_rbs	1.8	0.0	0.0
216	__ribosome	24.0	0.0	0.0
216	__rnase_site_ext	20.0	0.0	0.0
216	p0	0.4	0.0	0.0
216	p1	0.6	0.0	0.0
216	protein1	1186.0	19.6	1.6792718
216	protein2	1222.2	22.2	1.7294514
216	protein3	223.0	2.6	1.7833333999999998
216	r2	11.4	0.0	0.0
216	rnapol	0.0	0.0	0.0
217	__protein1_rbs	13.8	0.0	0.0
217	__protein2_rbs	14.2	0.0	0.0
217	__protein3_rbs	1.6	0.0	0.0
217	__ribosome	24.6	0.0	0.0
217	__rnase_site_ext	20.0	0.0	0.0
217	p0	0.8	0.0	0.0
217	p1	0.8	0.0	0.0
217	protein1	1193.8	19.6	1.6128113999999996
217	protein2	1230.2	22.6	1.741161
217	protein3	224.2	2.8	1.7
217	r2	11.4	0.0	0.0
217	rnapol	0.0	0.0	0.0
218	__protein1_rbs	13.0	0.0	0.0
218	__protein2_rbs	15.4	0.0	0.0
218	__protein3_rbs	2.0	0.0	0.0
218	__ribosome	24.2	0.0	0.0
218	__rnase_site_ext	19.2	0.0	0.0
218	p0	1.0	0.0	0.0
218	p1	1.0	0.0	0.0
218	protein1	1200.6	19.6	1.6621596
218	protein2	1239.0	22.4	1.747162
218	protein3	225.0	2.8	1.7166666000000002
218	r2	11.0	0.0	0.0
218	rnapol	0.2	0.0	0.0
219	__protein1_rbs	12.4	0.0	0.0
219	__protein2_rbs	15.6	0.0	0.0
219	__protein3_rbs	1.2	0.0	0.0
219	__ribosome	23.4	0.0	0.0
219	__rnase_site_ext	19.0	0.0	0.0
219	p0	0.8	0.0	0.0
219	p1	1.0	0.0	0.0
219	protein1	1207.4	19.0	1.7821306000000001
219	protein2	1247.6	22.2	1.7269740000000002
219	protein3	226.6	2.8	1.5833334
219	r2	10.6	0.0	0.0
219	rnapol	0.4	0.0	0.0
220	__protein1_rbs	12.2	0.0	0.0
220	__protein2_rbs	14.6	0.0	0.0
220	__protein3_rbs	2.2	0.0	0.0
220	__ribosome	28.2	0.0	0.0
220	__rnase_site_ext	18.8	0.0	0.0
220	p0	0.6	0.0	0.0
220	p1	0.6	0.0	0.0
220	protein1	1217.0	18.6	1.6634293999999996
220	protein2	1257.4	22.2	1.6425404
220	protein3	227.2	2.6	1.75
220	r2	11.0	0.0	0.0
220	rnapol	0.0	0.0	0.0
221	__protein1_rbs	9.6	0.0	0.0
221	__protein2_rbs	13.8	0.0	0.0
221	__protein3_rbs	1.4	0.0	0.0
221	__ribosome	25.4	0.0	0.0
221	__rnase_site_ext	18.8	0.0	0.0
221	p0	1.0	0.0	0.0
221	p1	0.6	0.0	0.0
221	protein1	1223.6	18.4	1.8455532
221	protein2	1266.8	22.2	1.6183340000000002
221	protein3	228.6	2.8	1.7333333999999998
221	r2	11.2	0.0	0.0
221	rnapol	0.2	0.0	0.0
222	__protein1_rbs	11.2	0.0	0.0
222	__protein2_rbs	14.2	0.0	0.0
222	__protein3_rbs	2.6	0.0	0.0
222	__ribosome	26.8	0.0	0.0
222	__rnase_site_ext	18.8	0.0	0.0
222	p0	1.0	0.0	0.0
222	p1	0.8	0.0	0.0
222	protein1	1231.8	18.4	1.8170509999999997
222	protein2	1276.2	22.2	1.6211288000000004
222	protein3	229.6	3.0	1.3466666
222	r2	10.8	0.0	0.0
222	rnapol	0.4	0.0	0.0
223	__protein1_rbs	11.4	0.0	0.0
223	__protein2_rbs	14.0	0.0	0.0
223	__protein3_rbs	1.8	0.0	0.0
223	__ribosome	24.0	0.0	0.0
223	__rnase_site_ext	19.0	0.0	0.0
223	p0	1.0	0.0	0.0
223	p1	0.4	0.0	0.0
223	protein1	1239.0	18.4	1.8577004000000001
223	protein2	1283.2	22.2	1.7046423999999998
223	protein3	230.8	3.2	1.4333332
223	r2	10.6	0.0	0.0
223	rnapol	0.0	0.0	0.0
224	__protein1_rbs	13.0	0.0	0.0
224	__protein2_rbs	16.0	0.0	0.0
224	__protein3_rbs	3.0	0.0	0.0
224	__ribosome	24.8	0.0	0.0
224	__rnase_site_ext	19.0	0.0	0.0
224	p0	1.0	0.0	0.0
224	p1	0.8	0.0	0.0
224	protein1	1246.2	18.6	1.8170428
224	protein2	1291.0	22.6	1.6764203999999998
224	protein3	231.8	3.4	1.2166668
224	r2	10.6	0.0	0.0
224	rnapol	0.0	0.0	0.0
225	__protein1_rbs	12.4	0.0	0.0
225	__protein2_rbs	13.6	0.0	0.0
225	__protein3_rbs	2.2	0.0	0.0
225	__ribosome	25.6	0.0	0.0
225	__rnase_site_ext	18.8	0.0	0.0
225	p0	1.0	0.0	0.0
225	p1	0.8	0.0	0.0
225	protein1	1254.8	18.6	1.7810986
225	protein2	1300.4	22.4	1.6798226000000003
225	protein3	233.2	3.4	1.4166668
225	r2	10.6	0.0	0.0
225	rnapol	0.2	0.0	0.0
226	__protein1_rbs	11.6	0.0	0.0
226	__protein2_rbs	14.2	0.0	0.0
226	__protein3_rbs	1.4	0.0	0.0
226	__ribosome	26.0	0.0	0.0
226	__rnase_site_ext	19.0	0.0	0.0
226	p0	0.8	0.0	0.0
226	p1	0.6	0.0	0.0
226	protein1	1262.4	18.4	1.749208
226	protein2	1310.6	22.4	1.6044916
226	protein3	233.8	3.6	1.5833334
226	r2	10.8	0.0	0.0
226	rnapol	0.4	0.0	0.0
227	__protein1_rbs	12.0	0.0	0.0
227	__protein2_rbs	14.8	0.0	0.0
227	__protein3_rbs	2.6	0.0	0.0
227	__ribosome	24.6	0.0	0.0
227	__rnase_site_ext	19.4	0.0	0.0
227	p0	0.8	0.0	0.0
227	p1	0.6	0.0	0.0
227	protein1	1269.8	18.6	1.7784688000000002
227	protein2	1318.8	22.2	1.6343164
227	protein3	235.0	3.6	1.5999998000000002
227	r2	10.8	0.0	0.0
227	rnapol	0.0	0.0	0.0
228	__protein1_rbs	13.4	0.0	0.0
228	__protein2_rbs	15.2	0.0	0.0
228	__protein3_rbs	1.8	0.0	0.0
228	__ribosome	26.0	0.0	0.0
228	__rnase_site_ext	19.4	0.0	0.0
228	p0	0.8	0.0	0.0
228	p1	0.8	0.0	0.0
228	protein1	1278.6	18.8	1.6175171999999998
228	protein2	1326.2	22.2	1.6600178
228	protein3	236.0	3.6	1.81
228	r2	11.0	0.0	0.0
228	rnapol	0.4	0.0	0.0
229	__protein1_rbs	12.2	0.0	0.0
229	__protein2_rbs	13.2	0.0	0.0
229	__protein3_rbs	2.2	0.0	0.0
229	__ribosome	25.8	0.0	0.0
229	__rnase_site_ext	19.4	0.0	0.0
229	p0	0.6	0.0	0.0
229	p1	0.6	0.0	0.0
229	protein1	1286.0	19.0	1.5964712
229	protein2	1336.2	22.0	1.6790644
229	protein3	237.2	3.4	1.94
229	r2	11.6	0.0	0.0
229	rnapol	0.4	0.0	0.0
230	__protein1_rbs	13.0	0.0	0.0
230	__protein2_rbs	12.6	0.0	0.0
230	__protein3_rbs	2.4	0.0	0.0
230	__ribosome	25.2	0.0	0.0
230	__rnase_site_ext	19.8	0.0	0.0
230	p0	0.6	0.0	0.0
230	p1	0.8	0.0	0.0
230	protein1	1293.0	19.0	1.6073563999999998
230	protein2	1344.2	21.8	1.8039576000000002
230	protein3	239.6	3.2	1.65
230	r2	11.4	0.0	0.0
230	rnapol	0.4	0.0	0.0
231	__protein1_rbs	12.0	0.0	0.0
231	__protein2_rbs	14.4	0.0	0.0
231	__protein3_rbs	2.4	0.0	0.0
231	__ribosome	24.8	0.0	0.0
231	__rnase_site_ext	20.0	0.0	0.0
231	p0	1.0	0.0	0.0
231	p1	0.8	0.0	0.0
231	protein1	1300.6	19.2	1.6040684000000005
231	protein2	1352.4	21.8	1.7959139999999998
231	protein3	240.8	3.2	1.7
231	r2	11.2	0.0	0.0
231	rnapol	0.4	0.0	0.0
232	__protein1_rbs	11.4	0.0	0.0
232	__protein2_rbs	14.4	0.0	0.0
232	__protein3_rbs	2.4	0.0	0.0
232	__ribosome	25.2	0.0	0.0
232	__rnase_site_ext	20.0	0.0	0.0
232	p0	0.8	0.0	0.0
232	p1	0.8	0.0	0.0
232	protein1	1307.6	19.6	1.6899887999999998
232	protein2	1362.2	21.4	1.7346363999999999
232	protein3	242.6	3.2	1.4
232	r2	11.0	0.0	0.0
232	rnapol	0.4	0.0	0.0
233	__protein1_rbs	13.0	0.0	0.0
233	__protein2_rbs	15.6	0.0	0.0
233	__protein3_rbs	2.2	0.0	0.0
233	__ribosome	27.4	0.0	0.0
233	__rnase_site_ext	20.6	0.0	0.0
233	p0	1.0	0.0	0.0
233	p1	0.4	0.0	0.0
233	protein1	1315.2	19.8	1.6917648
233	protein2	1371.0	21.0	1.6713790000000004
233	protein3	244.2	3.2	1.35
233	r2	10.6	0.0	0.0
233	rnapol	0.2	0.0	0.0
234	__protein1_rbs	13.4	0.0	0.0
234	__protein2_rbs	13.2	0.0	0.0
234	__protein3_rbs	2.2	0.0	0.0
234	__ribosome	26.2	0.0	0.0
234	__rnase_site_ext	20.0	0.0	0.0
234	p0	1.0	0.0	0.0
234	p1	0.8	0.0	0.0
234	protein1	1322.2	20.2	1.6762339999999998
234	protein2	1380.4	20.6	1.6956543999999998
234	protein3	244.8	3.4	1.52
234	r2	10.8	0.0	0.0
234	rnapol	0.2	0.0	0.0
235	__protein1_rbs	13.8	0.0	0.0
235	__protein2_rbs	14.8	0.0	0.0
235	__protein3_rbs	2.2	0.0	0.0
235	__ribosome	27.2	0.0	0.0
235	__rnase_site_ext	19.8	0.0	0.0
235	p0	1.0	0.0	0.0
235	p1	0.6	0.0	0.0
235	protein1	1329.8	19.6	1.7619786000000002
235	protein2	1389.8	20.6	1.6177271999999998
235	protein3	246.6	3.4	1.53
235	r2	10.8	0.0	0.0
235	rnapol	0.4	0.0	0.0
236	__protein1_rbs	11.8	0.0	0.0
236	__protein2_rbs	12.8	0.0	0.0
236	__protein3_rbs	2.2	0.0	0.0
236	__ribosome	26.6	0.0	0.0
236	__rnase_site_ext	19.8	0.0	0.0
236	p0	0.8	0.0	0.0
236	p1	0.8	0.0	0.0
236	protein1	1339.0	19.6	1.7386714
236	protein2	1397.8	20.4	1.6658572
236	protein3	247.6	3.4	1.62
236	r2	11.0	0.0	0.0
236	rnapol	0.4	0.0	0.0
237	__protein1_rbs	14.0	0.0	0.0
237	__protein2_rbs	13.8	0.0	0.0
237	__protein3_rbs	1.8	0.0	0.0
237	__ribosome	25.6	0.0	0.0
237	__rnase_site_ext	19.6	0.0	0.0
237	p0	0.8	0.0	0.0
237	p1	0.6	0.0	0.0
237	protein1	1346.4	19.4	1.7169020000000002
237	protein2	1404.6	20.8	1.7006046
237	protein3	248.8	3.4	1.89
237	r2	10.6	0.0	0.0
237	rnapol	0.2	0.0	0.0
238	__protein1_rbs	11.8	0.0	0.0
238	__protein2_rbs	12.4	0.0	0.0
238	__protein3_rbs	2.4	0.0	0.0
238	__ribosome	25.8	0.0	0.0
238	__rnase_site_ext	19.8	0.0	0.0
238	p0	0.8	0.0	0.0
238	p1	0.6	0.0	0.0
238	protein1	1354.8	19.2	1.7253140000000002
238	protein2	1414.8	20.6	1.6984158
238	protein3	249.6	3.4	2.03
238	r2	10.6	0.0	0.0
238	rnapol	0.6	0.0	0.0
239	__protein1_rbs	12.4	0.0	0.0
239	__protein2_rbs	13.4	0.0	0.0
239	__protein3_rbs	1.8	0.0	0.0
239	__ribosome	23.2	0.0	0.0
239	__rnase_site_ext	20.2	0.0	0.0
239	p0	0.6	0.0	0.0
239	p1	0.4	0.0	0.0
239	protein1	1362.4	19.4	1.7200362000000002
239	protein2	1422.2	21.2	1.7653523999999998
239	protein3	251.6	3.6	1.9566666
239	r2	10.4	0.0	0.0
239	rnapol	0.0	0.0	0.0
240	__protein1_rbs	13.4	0.0	0.0
240	__protein2_rbs	15.4	0.0	0.0
240	__protein3_rbs	2.2	0.0	0.0
240	__ribosome	26.2	0.0	0.0
240	__rnase_site_ext	20.4	0.0	0.0
240	p0	1.0	0.0	0.0
240	p1	0.6	0.0	0.0
240	protein1	1371.4	19.8	1.5850634
240	protein2	1431.0	21.2	1.7073464
240	protein3	252.6	3.6	2.0133334
240	r2	9.8	0.0	0.0
240	rnapol	0.0	0.0	0.0
241	__protein1_rbs	13.6	0.0	0.0
241	__protein2_rbs	14.6	0.0	0.0
241	__protein3_rbs	2.0	0.0	0.0
241	__ribosome	23.8	0.0	0.0
241	__rnase_site_ext	20.4	0.0	0.0
241	p0	1.0	0.0	0.0
241	p1	1.0	0.0	0.0
241	protein1	1378.4	20.0	1.6387969999999998
241	protein2	1438.2	21.8	1.726002
241	protein3	254.4	3.6	1.92
241	r2	9.4	0.0	0.0
241	rnapol	0.0	0.0	0.0
242	__protein1_rbs	15.6	0.0	0.0
242	__protein2_rbs	14.8	0.0	0.0
242	__protein3_rbs	2.4	0.0	0.0
242	__ribosome	27.2	0.0	0.0
242	__rnase_site_ext	20.2	0.0	0.0
242	p0	0.8	0.0	0.0
242	p1	1.0	0.0	0.0
242	protein1	1386.2	20.0	1.5810964000000003
242	protein2	1448.0	21.8	1.6050496000000003
242	protein3	255.8	3.8	1.9166666
242	r2	9.6	0.0	0.0
242	rnapol	0.4	0.0	0.0
243	__protein1_rbs	13.0	0.0	0.0
243	__protein2_rbs	13.6	0.0	0.0
243	__protein3_rbs	2.6	0.0	0.0
243	__ribosome	26.8	0.0	0.0
243	__rnase_site_ext	20.0	0.0	0.0
243	p0	0.8	0.0	0.0
243	p1	0.8	0.0	0.0
243	protein1	1392.8	19.8	1.7137680000000004
243	protein2	1458.6	21.4	1.5839596000000002
243	protein3	257.8	3.4	1.92
243	r2	9.8	0.0	0.0
243	rnapol	0.4	0.0	0.0
244	__protein1_rbs	13.0	0.0	0.0
244	__protein2_rbs	13.6	0.0	0.0
244	__protein3_rbs	2.4	0.0	0.0
244	__ribosome	26.2	0.0	0.0
244	__rnase_site_ext	20.0	0.0	0.0
244	p0	0.8	0.0	0.0
244	p1	0.8	0.0	0.0
244	protein1	1402.0	19.8	1.6300996
244	protein2	1465.6	21.2	1.6966666000000001
244	protein3	259.4	3.6	1.6333334000000002
244	r2	10.0	0.0	0.0
244	rnapol	0.6	0.0	0.0
245	__protein1_rbs	12.0	0.0	0.0
245	__protein2_rbs	12.6	0.0	0.0
245	__protein3_rbs	2.6	0.0	0.0
245	__ribosome	24.8	0.0	0.0
245	__rnase_site_ext	20.6	0.0	0.0
245	p0	0.6	0.0	0.0
245	p1	0.4	0.0	0.0
245	protein1	1408.8	19.6	1.72573
245	protein2	1474.6	21.2	1.7341673999999998
245	protein3	261.2	3.6	1.4533334
245	r2	10.4	0.0	0.0
245	rnapol	0.2	0.0	0.0
246	__protein1_rbs	13.0	0.0	0.0
246	__protein2_rbs	12.2	0.0	0.0
246	__protein3_rbs	1.4	0.0	0.0
246	__ribosome	24.6	0.0	0.0
246	__rnase_site_ext	20.4	0.0	0.0
246	p0	1.0	0.0	0.0
246	p1	0.4	0.0	0.0
246	protein1	1418.0	20.0	1.5493462
246	protein2	1482.0	21.4	1.8534302
246	protein3	262.8	3.2	1.6666666
246	r2	10.0	0.0	0.0
246	rnapol	0.4	0.0	0.0
247	__protein1_rbs	13.8	0.0	0.0
247	__protein2_rbs	16.0	0.0	0.0
247	__protein3_rbs	1.8	0.0	0.0
247	__ribosome	25.8	0.0	0.0
247	__rnase_site_ext	20.4	0.0	0.0
247	p0	1.0	0.0	0.0
247	p1	1.0	0.0	0.0
247	protein1	1426.2	20.2	1.5188712
247	protein2	1490.6	22.0	1.7111956000000001
247	protein3	263.6	3.2	2.0066666
247	r2	10.0	0.0	0.0
247	rnapol	0.4	0.0	0.0
248	__protein1_rbs	14.0	0.0	0.0
248	__protein2_rbs	13.4	0.0	0.0
248	__protein3_rbs	1.8	0.0	0.0
248	__ribosome	24.6	0.0	0.0
248	__rnase_site_ext	20.2	0.0	0.0
248	p0	0.8	0.0	0.0
248	p1	0.8	0.0	0.0
248	protein1	1433.2	20.0	1.591418
248	protein2	1500.4	21.8	1.7422472000000002
248	protein3	265.0	3.0	1.95
248	r2	10.2	0.0	0.0
248	rnapol	0.2	0.0	0.0
249	__protein1_rbs	12.2	0.0	0.0
249	__protein2_rbs	13.4	0.0	0.0
249	__protein3_rbs	2.8	0.0	0.0
249	__ribosome	24.4	0.0	0.0
249	__rnase_site_ext	20.2	0.0	0.0
249	p0	0.8	0.0	0.0
249	p1	0.6	0.0	0.0
249	protein1	1440.6	19.8	1.6800018
249	protein2	1510.0	21.4	1.7399238
249	protein3	266.4	3.2	1.6866666
249	r2	10.4	0.0	0.0
249	rnapol	0.6	0.0	0.0
250	__protein1_rbs	12.6	0.0	0.0
250	__protein2_rbs	13.4	0.0	0.0
250	__protein3_rbs	2.8	0.0	0.0
250	__ribosome	22.2	0.0	0.0
250	__rnase_site_ext	20.6	0.0	0.0
250	p0	1.0	0.0	0.0
250	p1	0.6	0.0	0.0
250	protein1	1448.2	19.8	1.7078286000000005
250	protein2	1518.2	21.2	1.8647619999999998
250	protein3	268.0	3.2	1.49
250	r2	10.2	0.0	0.0
250	rnapol	0.4	0.0	0.0
