time	species	protein	transcript	ribo_density
0	__protein1_rbs	0.0	0.0	0.0
0	__protein2_rbs	0.0	0.0	0.0
0	__protein3_rbs	0.0	0.0	0.0
0	__ribosome	100.0	0.0	0.0
0	__rnase_site_ext	0.0	0.0	0.0
0	p0	1.0	0.0	0.0
0	p1	1.0	0.0	0.0
0	r2	0.0	0.0	0.0
0	rnapol	4.0	0.0	0.0
1	__protein1_rbs	0.0	0.0	0.0
1	__protein2_rbs	0.0	0.0	0.0
1	__protein3_rbs	0.0	0.0	0.0
1	__ribosome	100.0	0.0	0.0
1	__rnase_site_ext	1.0	0.0	0.0
1	p0	0.2	0.0	0.0
1	p1	1.0	0.0	0.0
1	r2	0.0	0.0	0.0
1	rnapol	2.6	0.0	0.0
2	__protein1_rbs	0.0	0.0	0.0
2	__protein2_rbs	0.0	0.0	0.0
2	__protein3_rbs	0.0	0.0	0.0
2	__ribosome	99.4	0.0	0.0
2	__rnase_site_ext	2.2	0.0	0.0
2	p0	0.4	0.0	0.0
2	p1	1.0	0.0	0.0
2	protein1	0.0	0.6	0.6
2	r2	0.0	0.0	0.0
2	rnapol	1.6	0.0	0.0
3	__protein1_rbs	0.8	0.0	0.0
3	__protein2_rbs	0.0	0.0	0.0
3	__protein3_rbs	0.0	0.0	0.0
3	__ribosome	98.8	0.0	0.0
3	__rnase_site_ext	3.2	0.0	0.0
3	p0	0.0	0.0	0.0
3	p1	1.0	0.0	0.0
3	protein1	0.0	1.6	0.7
3	protein2	0.0	0.2	0.2
3	r2	0.0	0.0	0.0
3	rnapol	0.8	0.0	0.0
4	__protein1_rbs	0.4	0.0	0.0
4	__protein2_rbs	0.2	0.0	0.0
4	__protein3_rbs	0.0	0.0	0.0
4	__ribosome	96.8	0.0	0.0
4	__rnase_site_ext	3.6	0.0	0.0
4	p0	0.4	0.0	0.0
4	p1	1.0	0.0	0.0
4	protein1	0.0	2.4	1.2666666000000002
4	protein2	0.0	0.2	0.2
4	r2	0.0	0.0	0.0
4	rnapol	0.2	0.0	0.0
5	__protein1_rbs	1.2	0.0	0.0
5	__protein2_rbs	0.2	0.0	0.0
5	__protein3_rbs	0.0	0.0	0.0
5	__ribosome	95.0	0.0	0.0
5	__rnase_site_ext	3.8	0.0	0.0
5	p0	1.0	0.0	0.0
5	p1	1.0	0.0	0.0
5	protein1	0.0	3.0	1.6000002000000002
5	protein2	0.0	0.2	0.2
5	r2	0.0	0.0	0.0
5	rnapol	0.0	0.0	0.0
6	__protein1_rbs	1.4	0.0	0.0
6	__protein2_rbs	0.2	0.0	0.0
6	__protein3_rbs	0.0	0.0	0.0
6	__ribosome	93.0	0.0	0.0
6	__rnase_site_ext	3.8	0.0	0.0
6	p0	1.0	0.0	0.0
6	p1	1.0	0.0	0.0
6	protein1	0.0	3.6	1.8333334
6	protein2	0.0	0.2	0.4
6	r2	0.0	0.0	0.0
6	rnapol	0.0	0.0	0.0
7	__protein1_rbs	1.0	0.0	0.0
7	__protein2_rbs	0.0	0.0	0.0
7	__protein3_rbs	0.0	0.0	0.0
7	__ribosome	91.0	0.0	0.0
7	__rnase_site_ext	3.8	0.0	0.0
7	p0	1.0	0.0	0.0
7	p1	1.0	0.0	0.0
7	protein1	0.8	3.6	2.3333332
7	protein2	0.0	0.2	0.6
7	r2	0.2	0.0	0.0
7	rnapol	0.0	0.0	0.0
8	__protein1_rbs	0.8	0.0	0.0
8	__protein2_rbs	0.0	0.0	0.0
8	__protein3_rbs	0.0	0.0	0.0
8	__ribosome	89.0	0.0	0.0
8	__rnase_site_ext	3.8	0.0	0.0
8	p0	0.8	0.0	0.0
8	p1	0.6	0.0	0.0
8	protein1	1.2	3.6	2.9
8	protein2	0.2	0.2	0.6
8	r2	0.2	0.0	0.0
8	rnapol	0.0	0.0	0.0
9	__protein1_rbs	1.6	0.0	0.0
9	__protein2_rbs	0.2	0.0	0.0
9	__protein3_rbs	0.0	0.0	0.0
9	__ribosome	88.2	0.0	0.0
9	__rnase_site_ext	4.0	0.0	0.0
9	p0	1.0	0.0	0.0
9	p1	0.0	0.0	0.0
9	protein1	2.4	3.6	3.1166666000000003
9	protein2	0.2	0.2	0.6
9	r2	0.2	0.0	0.0
9	rnapol	0.0	0.0	0.0
10	__protein1_rbs	1.6	0.0	0.0
10	__protein2_rbs	0.2	0.0	0.0
10	__protein3_rbs	0.0	0.0	0.0
10	__ribosome	87.8	0.0	0.0
10	__rnase_site_ext	4.0	0.0	0.0
10	p0	1.0	0.0	0.0
10	p1	0.0	0.0	0.0
10	protein1	4.2	3.8	3.0
10	protein2	0.2	0.4	0.4
10	r2	0.2	0.0	0.0
10	rnapol	0.0	0.0	0.0
11	__protein1_rbs	1.4	0.0	0.0
11	__protein2_rbs	0.2	0.0	0.0
11	__protein3_rbs	0.0	0.0	0.0
11	__ribosome	86.8	0.0	0.0
11	__rnase_site_ext	4.0	0.0	0.0
11	p0	1.0	0.0	0.0
11	p1	0.0	0.0	0.0
11	protein1	6.4	3.8	3.05
11	protein2	0.4	1.2	1.1
11	r2	0.2	0.0	0.0
11	rnapol	0.0	0.0	0.0
12	__protein1_rbs	0.8	0.0	0.0
12	__protein2_rbs	0.6	0.0	0.0
12	__protein3_rbs	0.0	0.0	0.0
12	__ribosome	85.2	0.0	0.0
12	__rnase_site_ext	4.0	0.0	0.0
12	p0	1.0	0.0	0.0
12	p1	0.0	0.0	0.0
12	protein1	8.8	3.8	3.2333334
12	protein2	0.6	2.0	1.2
12	r2	0.2	0.0	0.0
12	rnapol	0.0	0.0	0.0
13	__protein1_rbs	1.2	0.0	0.0
13	__protein2_rbs	1.6	0.0	0.0
13	__protein3_rbs	0.0	0.0	0.0
13	__ribosome	83.8	0.0	0.0
13	__rnase_site_ext	3.8	0.0	0.0
13	p0	1.0	0.0	0.0
13	p1	0.2	0.0	0.0
13	protein1	11.0	3.8	3.3666666
13	protein2	0.6	2.8	1.2
13	r2	0.2	0.0	0.0
13	rnapol	0.0	0.0	0.0
14	__protein1_rbs	1.2	0.0	0.0
14	__protein2_rbs	0.8	0.0	0.0
14	__protein3_rbs	0.0	0.0	0.0
14	__ribosome	81.4	0.0	0.0
14	__rnase_site_ext	3.8	0.0	0.0
14	p0	1.0	0.0	0.0
14	p1	1.0	0.0	0.0
14	protein1	12.8	3.6	3.6
14	protein2	0.8	3.4	1.7
14	r2	0.4	0.0	0.0
14	rnapol	0.0	0.0	0.0
15	__protein1_rbs	2.0	0.0	0.0
15	__protein2_rbs	0.8	0.0	0.0
15	__protein3_rbs	0.0	0.0	0.0
15	__ribosome	79.8	0.0	0.0
15	__rnase_site_ext	3.8	0.0	0.0
15	p0	0.8	0.0	0.0
15	p1	1.0	0.0	0.0
15	protein1	15.4	3.6	3.2333334
15	protein2	1.2	4.0	2.15
15	r2	1.2	0.0	0.0
15	rnapol	0.6	0.0	0.0
16	__protein1_rbs	1.0	0.0	0.0
16	__protein2_rbs	2.0	0.0	0.0
16	__protein3_rbs	0.0	0.0	0.0
16	__ribosome	78.6	0.0	0.0
16	__rnase_site_ext	4.4	0.0	0.0
16	p0	0.4	0.0	0.0
16	p1	0.8	0.0	0.0
16	protein1	18.0	3.6	3.3
16	protein2	1.8	4.0	2.4
16	r2	1.8	0.0	0.0
16	rnapol	0.2	0.0	0.0
17	__protein1_rbs	1.2	0.0	0.0
17	__protein2_rbs	0.8	0.0	0.0
17	__protein3_rbs	0.0	0.0	0.0
17	__ribosome	76.8	0.0	0.0
17	__rnase_site_ext	4.6	0.0	0.0
17	p0	0.8	0.0	0.0
17	p1	0.8	0.0	0.0
17	protein1	20.4	4.2	2.81
17	protein2	3.2	4.0	2.85
17	r2	2.2	0.0	0.0
17	rnapol	0.4	0.0	0.0
18	__protein1_rbs	2.0	0.0	0.0
18	__protein2_rbs	1.2	0.0	0.0
18	__protein3_rbs	0.0	0.0	0.0
18	__ribosome	76.4	0.0	0.0
18	__rnase_site_ext	5.0	0.0	0.0
18	p0	0.4	0.0	0.0
18	p1	1.0	0.0	0.0
18	protein1	23.4	4.4	2.5
18	protein2	4.6	4.2	3.02
18	r2	3.2	0.0	0.0
18	rnapol	0.6	0.0	0.0
19	__protein1_rbs	1.8	0.0	0.0
19	__protein2_rbs	2.0	0.0	0.0
19	__protein3_rbs	0.0	0.0	0.0
19	__ribosome	75.2	0.0	0.0
19	__rnase_site_ext	6.0	0.0	0.0
19	p0	0.2	0.0	0.0
19	p1	1.0	0.0	0.0
19	protein1	25.4	4.6	2.51
19	protein2	6.2	4.2	3.16
19	r2	4.0	0.0	0.0
19	rnapol	0.4	0.0	0.0
20	__protein1_rbs	2.2	0.0	0.0
20	__protein2_rbs	0.8	0.0	0.0
20	__protein3_rbs	0.0	0.0	0.0
20	__ribosome	74.2	0.0	0.0
20	__rnase_site_ext	6.6	0.0	0.0
20	p0	0.2	0.0	0.0
20	p1	1.0	0.0	0.0
20	protein1	27.4	5.4	2.3833332
20	protein2	9.4	4.2	3.08
20	protein3	0.0	0.2	0.2
20	r2	4.0	0.0	0.0
20	rnapol	0.2	0.0	0.0
21	__protein1_rbs	2.4	0.0	0.0
21	__protein2_rbs	2.2	0.0	0.0
21	__protein3_rbs	0.2	0.0	0.0
21	__ribosome	73.8	0.0	0.0
21	__rnase_site_ext	6.4	0.0	0.0
21	p0	0.8	0.0	0.0
21	p1	1.0	0.0	0.0
21	protein1	29.4	6.0	2.3171428
21	protein2	11.4	4.2	2.87
21	protein3	0.0	0.4	0.4
21	r2	4.0	0.0	0.0
21	rnapol	0.0	0.0	0.0
22	__protein1_rbs	2.6	0.0	0.0
22	__protein2_rbs	1.0	0.0	0.0
22	__protein3_rbs	0.0	0.0	0.0
22	__ribosome	70.6	0.0	0.0
22	__rnase_site_ext	6.4	0.0	0.0
22	p0	1.0	0.0	0.0
22	p1	1.0	0.0	0.0
22	protein1	31.4	6.2	2.5076192
22	protein2	13.6	4.2	3.16
22	protein3	0.0	0.4	0.8
22	r2	4.2	0.0	0.0
22	rnapol	0.0	0.0	0.0
23	__protein1_rbs	2.2	0.0	0.0
23	__protein2_rbs	2.0	0.0	0.0
23	__protein3_rbs	0.6	0.0	0.0
23	__ribosome	70.2	0.0	0.0
23	__rnase_site_ext	6.4	0.0	0.0
23	p0	1.0	0.0	0.0
23	p1	0.8	0.0	0.0
23	protein1	34.2	6.2	2.7047617999999995
23	protein2	16.2	4.0	3.1333333999999997
23	protein3	0.0	0.6	0.8
23	r2	4.2	0.0	0.0
23	rnapol	0.0	0.0	0.0
24	__protein1_rbs	1.6	0.0	0.0
24	__protein2_rbs	1.4	0.0	0.0
24	__protein3_rbs	0.2	0.0	0.0
24	__ribosome	68.4	0.0	0.0
24	__rnase_site_ext	6.2	0.0	0.0
24	p0	1.0	0.0	0.0
24	p1	0.2	0.0	0.0
24	protein1	36.4	6.2	2.8885716
24	protein2	18.6	4.0	3.19
24	protein3	0.0	0.6	1.2
24	r2	4.2	0.0	0.0
24	rnapol	0.0	0.0	0.0
25	__protein1_rbs	3.0	0.0	0.0
25	__protein2_rbs	1.4	0.0	0.0
25	__protein3_rbs	0.6	0.0	0.0
25	__ribosome	69.6	0.0	0.0
25	__rnase_site_ext	6.4	0.0	0.0
25	p0	0.8	0.0	0.0
25	p1	0.6	0.0	0.0
25	protein1	40.0	6.0	2.7838096
25	protein2	21.4	4.2	3.1666666
25	protein3	0.2	0.6	1.0
25	r2	4.2	0.0	0.0
25	rnapol	0.0	0.0	0.0
26	__protein1_rbs	1.4	0.0	0.0
26	__protein2_rbs	1.8	0.0	0.0
26	__protein3_rbs	0.0	0.0	0.0
26	__ribosome	67.4	0.0	0.0
26	__rnase_site_ext	6.4	0.0	0.0
26	p0	1.0	0.0	0.0
26	p1	0.4	0.0	0.0
26	protein1	43.8	6.0	2.8676192000000005
26	protein2	23.0	4.6	3.0166666
26	protein3	0.2	0.8	1.8
26	r2	4.0	0.0	0.0
26	rnapol	0.2	0.0	0.0
27	__protein1_rbs	2.2	0.0	0.0
27	__protein2_rbs	2.2	0.0	0.0
27	__protein3_rbs	0.2	0.0	0.0
27	__ribosome	65.6	0.0	0.0
27	__rnase_site_ext	6.6	0.0	0.0
27	p0	0.8	0.0	0.0
27	p1	0.0	0.0	0.0
27	protein1	45.2	6.2	3.095238
27	protein2	26.2	5.0	2.7233334
27	protein3	0.6	0.8	1.8
27	r2	4.0	0.0	0.0
27	rnapol	0.0	0.0	0.0
28	__protein1_rbs	2.4	0.0	0.0
28	__protein2_rbs	1.8	0.0	0.0
28	__protein3_rbs	0.4	0.0	0.0
28	__ribosome	64.2	0.0	0.0
28	__rnase_site_ext	6.6	0.0	0.0
28	p0	1.0	0.0	0.0
28	p1	0.0	0.0	0.0
28	protein1	48.8	6.4	3.0857142000000004
28	protein2	28.2	5.2	2.7657142000000006
28	protein3	1.0	0.8	1.8
28	r2	4.0	0.0	0.0
28	rnapol	0.0	0.0	0.0
29	__protein1_rbs	2.8	0.0	0.0
29	__protein2_rbs	2.6	0.0	0.0
29	__protein3_rbs	0.2	0.0	0.0
29	__ribosome	63.0	0.0	0.0
29	__rnase_site_ext	6.6	0.0	0.0
29	p0	1.0	0.0	0.0
29	p1	0.6	0.0	0.0
29	protein1	52.8	6.4	3.0190474
29	protein2	30.6	6.0	2.6100000000000003
29	protein3	1.2	0.8	2.2
29	r2	4.0	0.0	0.0
29	rnapol	0.2	0.0	0.0
30	__protein1_rbs	2.4	0.0	0.0
30	__protein2_rbs	2.8	0.0	0.0
30	__protein3_rbs	0.4	0.0	0.0
30	__ribosome	61.6	0.0	0.0
30	__rnase_site_ext	6.8	0.0	0.0
30	p0	1.0	0.0	0.0
30	p1	0.8	0.0	0.0
30	protein1	56.6	6.4	2.9904762000000003
30	protein2	33.0	6.8	2.5130953999999996
30	protein3	1.4	0.8	2.2
30	r2	4.6	0.0	0.0
30	rnapol	0.6	0.0	0.0
31	__protein1_rbs	3.4	0.0	0.0
31	__protein2_rbs	2.0	0.0	0.0
31	__protein3_rbs	0.2	0.0	0.0
31	__ribosome	61.0	0.0	0.0
31	__rnase_site_ext	7.2	0.0	0.0
31	p0	0.6	0.0	0.0
31	p1	1.0	0.0	0.0
31	protein1	60.2	6.6	2.7523807999999996
31	protein2	36.0	6.8	2.6857144
31	protein3	1.8	0.8	2.6
31	r2	5.0	0.0	0.0
31	rnapol	0.6	0.0	0.0
32	__protein1_rbs	2.4	0.0	0.0
32	__protein2_rbs	3.2	0.0	0.0
32	__protein3_rbs	0.4	0.0	0.0
32	__ribosome	60.2	0.0	0.0
32	__rnase_site_ext	7.2	0.0	0.0
32	p0	0.8	0.0	0.0
32	p1	1.0	0.0	0.0
32	protein1	64.0	7.0	2.6250002
32	protein2	39.0	7.0	2.734524
32	protein3	2.2	0.8	2.4
32	r2	5.2	0.0	0.0
32	rnapol	0.2	0.0	0.0
33	__protein1_rbs	3.0	0.0	0.0
33	__protein2_rbs	3.4	0.0	0.0
33	__protein3_rbs	0.4	0.0	0.0
33	__ribosome	61.6	0.0	0.0
33	__rnase_site_ext	7.2	0.0	0.0
33	p0	0.8	0.0	0.0
33	p1	0.8	0.0	0.0
33	protein1	68.2	6.8	2.5345236
33	protein2	42.2	7.0	2.7238096
33	protein3	2.8	0.8	2.2
33	r2	5.4	0.0	0.0
33	rnapol	0.4	0.0	0.0
34	__protein1_rbs	2.6	0.0	0.0
34	__protein2_rbs	4.0	0.0	0.0
34	__protein3_rbs	0.2	0.0	0.0
34	__ribosome	61.2	0.0	0.0
34	__rnase_site_ext	7.6	0.0	0.0
34	p0	0.6	0.0	0.0
34	p1	1.0	0.0	0.0
34	protein1	70.8	7.0	2.6714286
34	protein2	46.0	7.0	2.5440474
34	protein3	3.2	0.8	2.2
34	r2	6.4	0.0	0.0
34	rnapol	0.4	0.0	0.0
35	__protein1_rbs	3.2	0.0	0.0
35	__protein2_rbs	3.2	0.0	0.0
35	__protein3_rbs	0.4	0.0	0.0
35	__ribosome	61.0	0.0	0.0
35	__rnase_site_ext	8.0	0.0	0.0
35	p0	0.2	0.0	0.0
35	p1	0.8	0.0	0.0
35	protein1	74.6	7.2	2.545238
35	protein2	49.4	7.2	2.572619
35	protein3	3.6	0.8	2.2
35	r2	6.6	0.0	0.0
35	rnapol	0.0	0.0	0.0
36	__protein1_rbs	3.2	0.0	0.0
36	__protein2_rbs	3.2	0.0	0.0
36	__protein3_rbs	0.0	0.0	0.0
36	__ribosome	60.8	0.0	0.0
36	__rnase_site_ext	8.4	0.0	0.0
36	p0	0.6	0.0	0.0
36	p1	1.0	0.0	0.0
36	protein1	78.0	7.4	2.5440476000000003
36	protein2	54.0	7.2	2.5059522000000003
36	protein3	4.2	0.8	2.2
36	r2	6.8	0.0	0.0
36	rnapol	0.0	0.0	0.0
37	__protein1_rbs	2.6	0.0	0.0
37	__protein2_rbs	2.0	0.0	0.0
37	__protein3_rbs	0.4	0.0	0.0
37	__ribosome	58.6	0.0	0.0
37	__rnase_site_ext	8.6	0.0	0.0
37	p0	1.0	0.0	0.0
37	p1	1.0	0.0	0.0
37	protein1	81.4	8.0	2.5277778
37	protein2	57.8	7.4	2.5285712000000005
37	protein3	4.6	0.8	2.2
37	r2	7.0	0.0	0.0
37	rnapol	0.2	0.0	0.0
38	__protein1_rbs	4.6	0.0	0.0
38	__protein2_rbs	3.4	0.0	0.0
38	__protein3_rbs	0.6	0.0	0.0
38	__ribosome	58.6	0.0	0.0
38	__rnase_site_ext	8.8	0.0	0.0
38	p0	1.0	0.0	0.0
38	p1	0.6	0.0	0.0
38	protein1	85.4	8.4	2.4085714
38	protein2	60.8	7.2	2.6
38	protein3	5.0	1.0	2.0
38	r2	7.0	0.0	0.0
38	rnapol	0.0	0.0	0.0
39	__protein1_rbs	4.8	0.0	0.0
39	__protein2_rbs	2.6	0.0	0.0
39	__protein3_rbs	0.6	0.0	0.0
39	__ribosome	56.8	0.0	0.0
39	__rnase_site_ext	8.8	0.0	0.0
39	p0	1.0	0.0	0.0
39	p1	0.2	0.0	0.0
39	protein1	89.6	8.6	2.3064286
39	protein2	63.2	7.0	2.9845238
39	protein3	5.4	1.0	2.1
39	r2	6.8	0.0	0.0
39	rnapol	0.0	0.0	0.0
40	__protein1_rbs	3.2	0.0	0.0
40	__protein2_rbs	3.4	0.0	0.0
40	__protein3_rbs	0.2	0.0	0.0
40	__ribosome	54.6	0.0	0.0
40	__rnase_site_ext	8.6	0.0	0.0
40	p0	0.8	0.0	0.0
40	p1	0.2	0.0	0.0
40	protein1	92.6	8.6	2.5571428000000003
40	protein2	67.4	7.4	2.7535714
40	protein3	5.6	1.0	2.5
40	r2	6.6	0.0	0.0
40	rnapol	0.0	0.0	0.0
41	__protein1_rbs	3.4	0.0	0.0
41	__protein2_rbs	2.8	0.0	0.0
41	__protein3_rbs	0.8	0.0	0.0
41	__ribosome	52.2	0.0	0.0
41	__rnase_site_ext	8.6	0.0	0.0
41	p0	1.0	0.0	0.0
41	p1	0.6	0.0	0.0
41	protein1	96.0	8.6	2.755
41	protein2	70.8	7.6	2.8785714
41	protein3	6.2	1.0	2.2
41	r2	6.6	0.0	0.0
41	rnapol	0.0	0.0	0.0
42	__protein1_rbs	3.8	0.0	0.0
42	__protein2_rbs	3.4	0.0	0.0
42	__protein3_rbs	0.6	0.0	0.0
42	__ribosome	53.2	0.0	0.0
42	__rnase_site_ext	8.8	0.0	0.0
42	p0	1.0	0.0	0.0
42	p1	0.4	0.0	0.0
42	protein1	101.0	8.4	2.7269840000000003
42	protein2	75.4	8.2	2.6333333999999997
42	protein3	7.0	1.0	2.1
42	r2	6.2	0.0	0.0
42	rnapol	0.0	0.0	0.0
43	__protein1_rbs	3.2	0.0	0.0
43	__protein2_rbs	3.8	0.0	0.0
43	__protein3_rbs	0.4	0.0	0.0
43	__ribosome	51.4	0.0	0.0
43	__rnase_site_ext	8.8	0.0	0.0
43	p0	1.0	0.0	0.0
43	p1	0.2	0.0	0.0
43	protein1	105.4	8.6	2.7620202000000003
43	protein2	79.0	8.2	2.7055556
43	protein3	7.2	1.0	2.4
43	r2	6.2	0.0	0.0
43	rnapol	0.2	0.0	0.0
44	__protein1_rbs	3.8	0.0	0.0
44	__protein2_rbs	3.4	0.0	0.0
44	__protein3_rbs	0.8	0.0	0.0
44	__ribosome	51.4	0.0	0.0
44	__rnase_site_ext	8.4	0.0	0.0
44	p0	1.0	0.0	0.0
44	p1	0.6	0.0	0.0
44	protein1	110.2	8.6	2.7671572
44	protein2	83.2	8.4	2.7
44	protein3	7.8	1.0	2.1
44	r2	6.2	0.0	0.0
44	rnapol	0.0	0.0	0.0
45	__protein1_rbs	4.0	0.0	0.0
45	__protein2_rbs	5.6	0.0	0.0
45	__protein3_rbs	0.0	0.0	0.0
45	__ribosome	51.6	0.0	0.0
45	__rnase_site_ext	8.4	0.0	0.0
45	p0	0.8	0.0	0.0
45	p1	0.4	0.0	0.0
45	protein1	114.2	8.4	2.8057142
45	protein2	87.8	9.2	2.4155556000000002
45	protein3	8.4	1.0	2.3
45	r2	7.0	0.0	0.0
45	rnapol	0.0	0.0	0.0
46	__protein1_rbs	3.4	0.0	0.0
46	__protein2_rbs	4.8	0.0	0.0
46	__protein3_rbs	0.2	0.0	0.0
46	__ribosome	50.6	0.0	0.0
46	__rnase_site_ext	8.2	0.0	0.0
46	p0	1.0	0.0	0.0
46	p1	0.8	0.0	0.0
46	protein1	118.2	8.2	3.011746
46	protein2	92.0	9.6	2.3755554
46	protein3	9.0	0.8	inf
46	r2	7.4	0.0	0.0
46	rnapol	0.2	0.0	0.0
47	__protein1_rbs	4.6	0.0	0.0
47	__protein2_rbs	5.4	0.0	0.0
47	__protein3_rbs	0.4	0.0	0.0
47	__ribosome	53.4	0.0	0.0
47	__rnase_site_ext	8.4	0.0	0.0
47	p0	0.6	0.0	0.0
47	p1	0.6	0.0	0.0
47	protein1	123.2	8.2	2.765
47	protein2	96.8	9.8	2.2688888
47	protein3	9.6	0.8	inf
47	r2	7.6	0.0	0.0
47	rnapol	0.0	0.0	0.0
48	__protein1_rbs	4.0	0.0	0.0
48	__protein2_rbs	4.6	0.0	0.0
48	__protein3_rbs	0.2	0.0	0.0
48	__ribosome	53.4	0.0	0.0
48	__rnase_site_ext	8.8	0.0	0.0
48	p0	0.8	0.0	0.0
48	p1	0.8	0.0	0.0
48	protein1	128.4	8.2	2.7252596000000002
48	protein2	101.0	9.8	2.3567676
48	protein3	10.2	0.8	inf
48	r2	7.8	0.0	0.0
48	rnapol	0.2	0.0	0.0
49	__protein1_rbs	4.6	0.0	0.0
49	__protein2_rbs	4.0	0.0	0.0
49	__protein3_rbs	0.6	0.0	0.0
49	__ribosome	54.0	0.0	0.0
49	__rnase_site_ext	8.6	0.0	0.0
49	p0	0.8	0.0	0.0
49	p1	1.0	0.0	0.0
49	protein1	133.0	8.6	2.4637518
49	protein2	106.4	9.8	2.3088888
49	protein3	10.2	1.2	1.8
49	r2	7.6	0.0	0.0
49	rnapol	0.0	0.0	0.0
50	__protein1_rbs	4.4	0.0	0.0
50	__protein2_rbs	5.6	0.0	0.0
50	__protein3_rbs	0.6	0.0	0.0
50	__ribosome	53.6	0.0	0.0
50	__rnase_site_ext	8.8	0.0	0.0
50	p0	0.8	0.0	0.0
50	p1	0.8	0.0	0.0
50	protein1	136.8	8.4	2.5270706
50	protein2	110.0	9.6	2.4066668000000004
50	protein3	11.0	1.2	1.8
50	r2	8.0	0.0	0.0
50	rnapol	0.4	0.0	0.0
51	__protein1_rbs	3.8	0.0	0.0
51	__protein2_rbs	5.0	0.0	0.0
51	__protein3_rbs	0.0	0.0	0.0
51	__ribosome	53.6	0.0	0.0
51	__rnase_site_ext	9.2	0.0	0.0
51	p0	0.8	0.0	0.0
51	p1	0.8	0.0	0.0
51	protein1	142.2	8.6	2.3345453999999997
51	protein2	114.0	9.2	2.5666666
51	protein3	11.6	1.4	2.0
51	r2	8.4	0.0	0.0
51	rnapol	0.2	0.0	0.0
52	__protein1_rbs	4.6	0.0	0.0
52	__protein2_rbs	4.2	0.0	0.0
52	__protein3_rbs	0.8	0.0	0.0
52	__ribosome	51.6	0.0	0.0
52	__rnase_site_ext	9.0	0.0	0.0
52	p0	0.6	0.0	0.0
52	p1	0.8	0.0	0.0
52	protein1	145.6	9.2	2.303593
52	protein2	118.6	9.4	2.6043937999999995
52	protein3	11.8	1.4	2.2333334
52	r2	8.4	0.0	0.0
52	rnapol	0.2	0.0	0.0
53	__protein1_rbs	4.0	0.0	0.0
53	__protein2_rbs	5.4	0.0	0.0
53	__protein3_rbs	0.6	0.0	0.0
53	__ribosome	52.2	0.0	0.0
53	__rnase_site_ext	9.2	0.0	0.0
53	p0	1.0	0.0	0.0
53	p1	0.8	0.0	0.0
53	protein1	149.8	8.8	2.493824
53	protein2	124.0	9.2	2.4708080000000003
53	protein3	12.2	1.4	2.2
53	r2	8.6	0.0	0.0
53	rnapol	0.4	0.0	0.0
54	__protein1_rbs	4.8	0.0	0.0
54	__protein2_rbs	5.4	0.0	0.0
54	__protein3_rbs	1.0	0.0	0.0
54	__ribosome	53.6	0.0	0.0
54	__rnase_site_ext	9.2	0.0	0.0
54	p0	0.4	0.0	0.0
54	p1	0.6	0.0	0.0
54	protein1	153.8	9.0	2.396984
54	protein2	129.0	9.4	2.2919192
54	protein3	12.8	1.6	1.9
54	r2	8.8	0.0	0.0
54	rnapol	0.0	0.0	0.0
55	__protein1_rbs	4.8	0.0	0.0
55	__protein2_rbs	4.8	0.0	0.0
55	__protein3_rbs	0.4	0.0	0.0
55	__ribosome	51.0	0.0	0.0
55	__rnase_site_ext	10.0	0.0	0.0
55	p0	0.6	0.0	0.0
55	p1	0.4	0.0	0.0
55	protein1	157.0	9.0	2.5607502
55	protein2	133.0	9.6	2.3519192
55	protein3	13.6	1.6	2.1
55	r2	8.8	0.0	0.0
55	rnapol	0.2	0.0	0.0
56	__protein1_rbs	4.2	0.0	0.0
56	__protein2_rbs	4.4	0.0	0.0
56	__protein3_rbs	0.6	0.0	0.0
56	__ribosome	52.2	0.0	0.0
56	__rnase_site_ext	10.2	0.0	0.0
56	p0	0.8	0.0	0.0
56	p1	0.6	0.0	0.0
56	protein1	162.4	9.6	2.3887064
56	protein2	137.4	9.6	2.3583334
56	protein3	15.0	1.6	1.6333334000000002
56	r2	8.8	0.0	0.0
56	rnapol	0.0	0.0	0.0
57	__protein1_rbs	4.6	0.0	0.0
57	__protein2_rbs	3.4	0.0	0.0
57	__protein3_rbs	0.6	0.0	0.0
57	__ribosome	49.2	0.0	0.0
57	__rnase_site_ext	10.2	0.0	0.0
57	p0	1.0	0.0	0.0
57	p1	1.0	0.0	0.0
57	protein1	166.0	10.0	2.4374908
57	protein2	142.8	9.8	2.3484342000000002
57	protein3	15.2	1.6	2.1333333999999997
57	r2	8.6	0.0	0.0
57	rnapol	0.0	0.0	0.0
58	__protein1_rbs	4.2	0.0	0.0
58	__protein2_rbs	5.4	0.0	0.0
58	__protein3_rbs	0.8	0.0	0.0
58	__ribosome	47.4	0.0	0.0
58	__rnase_site_ext	10.2	0.0	0.0
58	p0	1.0	0.0	0.0
58	p1	0.4	0.0	0.0
58	protein1	170.8	10.2	2.4847802000000003
58	protein2	146.4	10.0	2.3282826
58	protein3	15.6	1.8	2.0
58	r2	8.6	0.0	0.0
58	rnapol	0.0	0.0	0.0
59	__protein1_rbs	5.4	0.0	0.0
59	__protein2_rbs	5.0	0.0	0.0
59	__protein3_rbs	1.4	0.0	0.0
59	__ribosome	48.4	0.0	0.0
59	__rnase_site_ext	10.4	0.0	0.0
59	p0	0.8	0.0	0.0
59	p1	0.2	0.0	0.0
59	protein1	176.0	10.0	2.3655859999999995
59	protein2	150.8	9.8	2.4911616000000003
59	protein3	16.6	1.8	1.6333331999999998
59	r2	8.2	0.0	0.0
59	rnapol	0.0	0.0	0.0
60	__protein1_rbs	4.6	0.0	0.0
60	__protein2_rbs	5.0	0.0	0.0
60	__protein3_rbs	0.8	0.0	0.0
60	__ribosome	45.2	0.0	0.0
60	__rnase_site_ext	10.4	0.0	0.0
60	p0	1.0	0.0	0.0
60	p1	0.8	0.0	0.0
60	protein1	179.2	10.0	2.6325824
60	protein2	155.8	10.4	2.3639392000000004
60	protein3	17.2	1.8	2.0
60	r2	8.6	0.0	0.0
60	rnapol	0.2	0.0	0.0
61	__protein1_rbs	5.2	0.0	0.0
61	__protein2_rbs	5.4	0.0	0.0
61	__protein3_rbs	0.8	0.0	0.0
61	__ribosome	45.6	0.0	0.0
61	__rnase_site_ext	10.6	0.0	0.0
61	p0	0.8	0.0	0.0
61	p1	0.6	0.0	0.0
61	protein1	185.0	10.2	2.5010624
61	protein2	160.2	10.2	2.482121
61	protein3	18.2	1.8	1.9
61	r2	8.4	0.0	0.0
61	rnapol	0.0	0.0	0.0
62	__protein1_rbs	4.4	0.0	0.0
62	__protein2_rbs	5.6	0.0	0.0
62	__protein3_rbs	1.0	0.0	0.0
62	__ribosome	46.4	0.0	0.0
62	__rnase_site_ext	10.8	0.0	0.0
62	p0	0.6	0.0	0.0
62	p1	0.4	0.0	0.0
62	protein1	190.4	10.4	2.4395672000000004
62	protein2	165.8	10.4	2.3175756
62	protein3	19.0	2.0	1.8333334
62	r2	8.6	0.0	0.0
62	rnapol	0.0	0.0	0.0
63	__protein1_rbs	4.2	0.0	0.0
63	__protein2_rbs	5.0	0.0	0.0
63	__protein3_rbs	0.8	0.0	0.0
63	__ribosome	44.0	0.0	0.0
63	__rnase_site_ext	10.8	0.0	0.0
63	p0	0.8	0.0	0.0
63	p1	0.2	0.0	0.0
63	protein1	194.8	10.4	2.6067388
63	protein2	169.6	10.4	2.4078754
63	protein3	20.2	2.0	1.7666666000000002
63	r2	8.4	0.0	0.0
63	rnapol	0.0	0.0	0.0
64	__protein1_rbs	5.2	0.0	0.0
64	__protein2_rbs	4.6	0.0	0.0
64	__protein3_rbs	1.0	0.0	0.0
64	__ribosome	42.2	0.0	0.0
64	__rnase_site_ext	11.0	0.0	0.0
64	p0	1.0	0.0	0.0
64	p1	0.4	0.0	0.0
64	protein1	199.4	10.6	2.5993506
64	protein2	174.6	10.4	2.5233334
64	protein3	20.8	2.0	2.0166666
64	r2	8.8	0.0	0.0
64	rnapol	0.2	0.0	0.0
65	__protein1_rbs	3.8	0.0	0.0
65	__protein2_rbs	6.8	0.0	0.0
65	__protein3_rbs	1.2	0.0	0.0
65	__ribosome	43.8	0.0	0.0
65	__rnase_site_ext	11.0	0.0	0.0
65	p0	0.8	0.0	0.0
65	p1	0.6	0.0	0.0
65	protein1	205.6	10.8	2.6296536
65	protein2	180.2	10.8	2.2501998
65	protein3	22.0	2.0	2.0333334
65	r2	8.8	0.0	0.0
65	rnapol	0.4	0.0	0.0
66	__protein1_rbs	6.0	0.0	0.0
66	__protein2_rbs	5.6	0.0	0.0
66	__protein3_rbs	1.2	0.0	0.0
66	__ribosome	42.0	0.0	0.0
66	__rnase_site_ext	11.2	0.0	0.0
66	p0	0.6	0.0	0.0
66	p1	0.8	0.0	0.0
66	protein1	210.2	10.8	2.6809884
66	protein2	184.6	11.0	2.3406038
66	protein3	22.6	1.8	2.45
66	r2	9.0	0.0	0.0
66	rnapol	0.0	0.0	0.0
67	__protein1_rbs	6.0	0.0	0.0
67	__protein2_rbs	6.6	0.0	0.0
67	__protein3_rbs	1.0	0.0	0.0
67	__ribosome	43.4	0.0	0.0
67	__rnase_site_ext	11.2	0.0	0.0
67	p0	1.0	0.0	0.0
67	p1	0.8	0.0	0.0
67	protein1	215.4	11.0	2.5682984
67	protein2	189.6	11.0	2.264466
67	protein3	23.8	1.8	1.9833333999999998
67	r2	9.0	0.0	0.0
67	rnapol	0.4	0.0	0.0
68	__protein1_rbs	6.2	0.0	0.0
68	__protein2_rbs	5.0	0.0	0.0
68	__protein3_rbs	0.8	0.0	0.0
68	__ribosome	45.4	0.0	0.0
68	__rnase_site_ext	11.8	0.0	0.0
68	p0	0.6	0.0	0.0
68	p1	0.8	0.0	0.0
68	protein1	221.4	11.0	2.44662
68	protein2	195.4	11.0	2.2158702
68	protein3	24.6	1.8	1.9833333999999998
68	r2	9.0	0.0	0.0
68	rnapol	0.0	0.0	0.0
69	__protein1_rbs	7.0	0.0	0.0
69	__protein2_rbs	5.4	0.0	0.0
69	__protein3_rbs	0.6	0.0	0.0
69	__ribosome	45.0	0.0	0.0
69	__rnase_site_ext	11.8	0.0	0.0
69	p0	1.0	0.0	0.0
69	p1	0.6	0.0	0.0
69	protein1	226.2	11.4	2.2678632000000003
69	protein2	200.2	11.0	2.2510378
69	protein3	25.4	2.0	2.1666666
69	r2	9.2	0.0	0.0
69	rnapol	0.4	0.0	0.0
70	__protein1_rbs	4.6	0.0	0.0
70	__protein2_rbs	6.0	0.0	0.0
70	__protein3_rbs	1.6	0.0	0.0
70	__ribosome	44.6	0.0	0.0
70	__rnase_site_ext	12.2	0.0	0.0
70	p0	0.8	0.0	0.0
70	p1	0.4	0.0	0.0
70	protein1	233.2	11.6	2.2469842
70	protein2	204.6	10.8	2.3724786
70	protein3	26.4	2.2	1.5833334
70	r2	9.0	0.0	0.0
70	rnapol	0.0	0.0	0.0
71	__protein1_rbs	7.4	0.0	0.0
71	__protein2_rbs	5.0	0.0	0.0
71	__protein3_rbs	1.4	0.0	0.0
71	__ribosome	45.2	0.0	0.0
71	__rnase_site_ext	12.4	0.0	0.0
71	p0	0.8	0.0	0.0
71	p1	0.6	0.0	0.0
71	protein1	238.6	12.0	2.0538093999999996
71	protein2	209.4	11.0	2.4752136
71	protein3	27.2	2.0	1.5833334
71	r2	9.0	0.0	0.0
71	rnapol	0.0	0.0	0.0
72	__protein1_rbs	6.8	0.0	0.0
72	__protein2_rbs	6.0	0.0	0.0
72	__protein3_rbs	0.6	0.0	0.0
72	__ribosome	43.6	0.0	0.0
72	__rnase_site_ext	12.2	0.0	0.0
72	p0	1.0	0.0	0.0
72	p1	0.8	0.0	0.0
72	protein1	243.2	12.2	2.0561906000000003
72	protein2	213.8	11.2	2.5215628
72	protein3	28.4	1.8	1.8666668
72	r2	8.8	0.0	0.0
72	rnapol	0.0	0.0	0.0
73	__protein1_rbs	4.8	0.0	0.0
73	__protein2_rbs	6.2	0.0	0.0
73	__protein3_rbs	1.4	0.0	0.0
73	__ribosome	42.2	0.0	0.0
73	__rnase_site_ext	12.2	0.0	0.0
73	p0	1.0	0.0	0.0
73	p1	0.6	0.0	0.0
73	protein1	247.4	12.2	2.2633332000000004
73	protein2	219.8	11.4	2.3444578
73	protein3	28.8	1.8	1.8666668
73	r2	9.0	0.0	0.0
73	rnapol	0.0	0.0	0.0
74	__protein1_rbs	6.8	0.0	0.0
74	__protein2_rbs	6.6	0.0	0.0
74	__protein3_rbs	1.0	0.0	0.0
74	__ribosome	42.0	0.0	0.0
74	__rnase_site_ext	12.0	0.0	0.0
74	p0	0.6	0.0	0.0
74	p1	0.4	0.0	0.0
74	protein1	252.0	12.0	2.3051947999999998
74	protein2	225.2	11.6	2.3359952
74	protein3	29.8	2.0	1.9333334
74	r2	8.8	0.0	0.0
74	rnapol	0.0	0.0	0.0
75	__protein1_rbs	7.2	0.0	0.0
75	__protein2_rbs	5.8	0.0	0.0
75	__protein3_rbs	1.6	0.0	0.0
75	__ribosome	42.6	0.0	0.0
75	__rnase_site_ext	12.4	0.0	0.0
75	p0	0.6	0.0	0.0
75	p1	0.8	0.0	0.0
75	protein1	258.2	12.0	2.1887444
75	protein2	230.0	11.8	2.3753116000000003
75	protein3	30.6	2.2	1.7666666000000002
75	r2	8.8	0.0	0.0
75	rnapol	0.0	0.0	0.0
76	__protein1_rbs	6.0	0.0	0.0
76	__protein2_rbs	6.4	0.0	0.0
76	__protein3_rbs	1.2	0.0	0.0
76	__ribosome	41.6	0.0	0.0
76	__rnase_site_ext	12.6	0.0	0.0
76	p0	1.0	0.0	0.0
76	p1	0.4	0.0	0.0
76	protein1	263.6	12.2	2.2285138
76	protein2	236.4	12.2	2.2342857999999994
76	protein3	31.2	2.4	2.1333333999999997
76	r2	9.2	0.0	0.0
76	rnapol	0.0	0.0	0.0
77	__protein1_rbs	7.8	0.0	0.0
77	__protein2_rbs	6.6	0.0	0.0
77	__protein3_rbs	1.2	0.0	0.0
77	__ribosome	41.4	0.0	0.0
77	__rnase_site_ext	12.4	0.0	0.0
77	p0	1.0	0.0	0.0
77	p1	0.6	0.0	0.0
77	protein1	268.0	12.4	2.2357576000000003
77	protein2	242.2	12.2	2.2145054
77	protein3	32.2	2.4	2.05
77	r2	9.2	0.0	0.0
77	rnapol	0.4	0.0	0.0
78	__protein1_rbs	6.8	0.0	0.0
78	__protein2_rbs	6.4	0.0	0.0
78	__protein3_rbs	1.0	0.0	0.0
78	__ribosome	40.6	0.0	0.0
78	__rnase_site_ext	12.4	0.0	0.0
78	p0	0.8	0.0	0.0
78	p1	0.4	0.0	0.0
78	protein1	274.4	12.4	2.0907576000000003
78	protein2	246.8	12.4	2.3376222
78	protein3	33.0	2.4	2.1
78	r2	9.2	0.0	0.0
78	rnapol	0.2	0.0	0.0
79	__protein1_rbs	7.0	0.0	0.0
79	__protein2_rbs	7.4	0.0	0.0
79	__protein3_rbs	1.8	0.0	0.0
79	__ribosome	40.0	0.0	0.0
79	__rnase_site_ext	12.8	0.0	0.0
79	p0	0.6	0.0	0.0
79	p1	0.8	0.0	0.0
79	protein1	280.2	12.4	2.1089177999999995
79	protein2	252.2	12.6	2.295507
79	protein3	33.6	2.6	2.2333334
79	r2	9.0	0.0	0.0
79	rnapol	0.2	0.0	0.0
80	__protein1_rbs	5.8	0.0	0.0
80	__protein2_rbs	6.4	0.0	0.0
80	__protein3_rbs	1.2	0.0	0.0
80	__ribosome	38.2	0.0	0.0
80	__rnase_site_ext	13.2	0.0	0.0
80	p0	0.8	0.0	0.0
80	p1	1.0	0.0	0.0
80	protein1	284.8	12.4	2.2122476000000004
80	protein2	259.0	12.8	2.2240636
80	protein3	34.4	2.6	2.55
80	r2	9.4	0.0	0.0
80	rnapol	0.4	0.0	0.0
81	__protein1_rbs	7.4	0.0	0.0
81	__protein2_rbs	7.2	0.0	0.0
81	__protein3_rbs	0.6	0.0	0.0
81	__ribosome	36.4	0.0	0.0
81	__rnase_site_ext	13.6	0.0	0.0
81	p0	1.0	0.0	0.0
81	p1	0.8	0.0	0.0
81	protein1	290.8	12.8	2.0963372
81	protein2	263.0	12.6	2.4366776000000003
81	protein3	35.6	2.6	2.8166667999999997
81	r2	9.4	0.0	0.0
81	rnapol	0.4	0.0	0.0
82	__protein1_rbs	7.8	0.0	0.0
82	__protein2_rbs	7.2	0.0	0.0
82	__protein3_rbs	1.4	0.0	0.0
82	__ribosome	39.4	0.0	0.0
82	__rnase_site_ext	13.8	0.0	0.0
82	p0	0.8	0.0	0.0
82	p1	0.8	0.0	0.0
82	protein1	295.8	13.4	1.9936563999999999
82	protein2	270.6	12.6	2.1953788
82	protein3	36.6	2.6	2.75
82	r2	9.6	0.0	0.0
82	rnapol	0.2	0.0	0.0
83	__protein1_rbs	7.2	0.0	0.0
83	__protein2_rbs	5.8	0.0	0.0
83	__protein3_rbs	1.6	0.0	0.0
83	__ribosome	37.4	0.0	0.0
83	__rnase_site_ext	14.2	0.0	0.0
83	p0	0.6	0.0	0.0
83	p1	0.6	0.0	0.0
83	protein1	302.0	13.6	2.0007784
83	protein2	275.8	12.8	2.339175
83	protein3	38.4	2.6	2.6166666000000003
83	r2	10.0	0.0	0.0
83	rnapol	0.2	0.0	0.0
84	__protein1_rbs	7.4	0.0	0.0
84	__protein2_rbs	8.6	0.0	0.0
84	__protein3_rbs	1.6	0.0	0.0
84	__ribosome	38.0	0.0	0.0
84	__rnase_site_ext	14.2	0.0	0.0
84	p0	0.4	0.0	0.0
84	p1	0.6	0.0	0.0
84	protein1	306.6	13.6	2.08663
84	protein2	281.4	12.8	2.2176266
84	protein3	39.8	2.4	2.6166666000000003
84	r2	10.0	0.0	0.0
84	rnapol	0.2	0.0	0.0
85	__protein1_rbs	5.0	0.0	0.0
85	__protein2_rbs	7.6	0.0	0.0
85	__protein3_rbs	1.0	0.0	0.0
85	__ribosome	35.2	0.0	0.0
85	__rnase_site_ext	14.2	0.0	0.0
85	p0	1.0	0.0	0.0
85	p1	0.6	0.0	0.0
85	protein1	312.2	13.8	2.2635894
85	protein2	287.2	13.0	2.1286256000000003
85	protein3	41.0	2.6	2.5066666
85	r2	10.0	0.0	0.0
85	rnapol	0.2	0.0	0.0
86	__protein1_rbs	8.4	0.0	0.0
86	__protein2_rbs	6.6	0.0	0.0
86	__protein3_rbs	1.2	0.0	0.0
86	__ribosome	35.0	0.0	0.0
86	__rnase_site_ext	14.4	0.0	0.0
86	p0	0.6	0.0	0.0
86	p1	0.4	0.0	0.0
86	protein1	318.0	14.2	2.1894047999999997
86	protein2	293.0	13.0	2.1718072
86	protein3	42.6	2.6	2.4133334
86	r2	10.0	0.0	0.0
86	rnapol	0.0	0.0	0.0
87	__protein1_rbs	8.0	0.0	0.0
87	__protein2_rbs	8.4	0.0	0.0
87	__protein3_rbs	1.6	0.0	0.0
87	__ribosome	35.8	0.0	0.0
87	__rnase_site_ext	14.0	0.0	0.0
87	p0	1.0	0.0	0.0
87	p1	0.4	0.0	0.0
87	protein1	324.4	14.2	2.1764706
87	protein2	298.6	13.4	2.0633334000000003
87	protein3	43.6	2.6	2.4666666
87	r2	10.0	0.0	0.0
87	rnapol	0.0	0.0	0.0
88	__protein1_rbs	8.2	0.0	0.0
88	__protein2_rbs	8.0	0.0	0.0
88	__protein3_rbs	1.0	0.0	0.0
88	__ribosome	34.2	0.0	0.0
88	__rnase_site_ext	14.0	0.0	0.0
88	p0	0.8	0.0	0.0
88	p1	0.6	0.0	0.0
88	protein1	329.4	14.2	2.239431
88	protein2	304.4	13.8	1.99609
88	protein3	44.6	2.6	2.62
88	r2	10.0	0.0	0.0
88	rnapol	0.0	0.0	0.0
89	__protein1_rbs	8.0	0.0	0.0
89	__protein2_rbs	7.8	0.0	0.0
89	__protein3_rbs	2.0	0.0	0.0
89	__ribosome	33.8	0.0	0.0
89	__rnase_site_ext	13.8	0.0	0.0
89	p0	1.0	0.0	0.0
89	p1	0.6	0.0	0.0
89	protein1	335.2	13.8	2.2720748
89	protein2	308.4	14.0	2.1009616
89	protein3	46.2	2.6	2.0133334
89	r2	10.0	0.0	0.0
89	rnapol	0.0	0.0	0.0
90	__protein1_rbs	8.2	0.0	0.0
90	__protein2_rbs	7.6	0.0	0.0
90	__protein3_rbs	1.6	0.0	0.0
90	__ribosome	37.0	0.0	0.0
90	__rnase_site_ext	13.8	0.0	0.0
90	p0	1.0	0.0	0.0
90	p1	0.8	0.0	0.0
90	protein1	343.6	13.8	2.0970086
90	protein2	315.0	14.2	2.0819572
90	protein3	47.8	2.6	1.8333334
90	r2	10.4	0.0	0.0
90	rnapol	0.2	0.0	0.0
91	__protein1_rbs	8.2	0.0	0.0
91	__protein2_rbs	9.4	0.0	0.0
91	__protein3_rbs	1.8	0.0	0.0
91	__ribosome	36.4	0.0	0.0
91	__rnase_site_ext	14.0	0.0	0.0
91	p0	0.8	0.0	0.0
91	p1	0.4	0.0	0.0
91	protein1	348.8	13.6	2.1905732
91	protein2	320.4	14.4	2.0221154
91	protein3	49.2	2.6	1.7333333999999998
91	r2	10.4	0.0	0.0
91	rnapol	0.2	0.0	0.0
92	__protein1_rbs	8.2	0.0	0.0
92	__protein2_rbs	7.4	0.0	0.0
92	__protein3_rbs	1.0	0.0	0.0
92	__ribosome	37.2	0.0	0.0
92	__rnase_site_ext	14.2	0.0	0.0
92	p0	0.6	0.0	0.0
92	p1	0.4	0.0	0.0
92	protein1	356.2	13.8	2.043967
92	protein2	327.0	14.4	2.0557692
92	protein3	50.2	2.6	1.9933334000000005
92	r2	11.0	0.0	0.0
92	rnapol	0.2	0.0	0.0
93	__protein1_rbs	7.2	0.0	0.0
93	__protein2_rbs	8.6	0.0	0.0
93	__protein3_rbs	0.8	0.0	0.0
93	__ribosome	33.0	0.0	0.0
93	__rnase_site_ext	14.6	0.0	0.0
93	p0	0.6	0.0	0.0
93	p1	0.6	0.0	0.0
93	protein1	360.6	13.8	2.2193336
93	protein2	332.0	14.6	2.1442386000000004
93	protein3	51.4	2.4	2.48
93	r2	11.4	0.0	0.0
93	rnapol	0.2	0.0	0.0
94	__protein1_rbs	7.0	0.0	0.0
94	__protein2_rbs	9.0	0.0	0.0
94	__protein3_rbs	1.2	0.0	0.0
94	__ribosome	33.6	0.0	0.0
94	__rnase_site_ext	14.8	0.0	0.0
94	p0	0.6	0.0	0.0
94	p1	0.6	0.0	0.0
94	protein1	367.4	14.2	2.0904762000000003
94	protein2	338.8	15.0	2.0363282
94	protein3	51.8	2.6	2.7866666
94	r2	11.8	0.0	0.0
94	rnapol	0.0	0.0	0.0
95	__protein1_rbs	8.2	0.0	0.0
95	__protein2_rbs	8.4	0.0	0.0
95	__protein3_rbs	1.4	0.0	0.0
95	__ribosome	35.4	0.0	0.0
95	__rnase_site_ext	14.8	0.0	0.0
95	p0	0.6	0.0	0.0
95	p1	1.0	0.0	0.0
95	protein1	374.0	14.4	2.0198744
95	protein2	345.2	15.0	2.028765
95	protein3	53.6	2.6	2.34
95	r2	12.0	0.0	0.0
95	rnapol	0.0	0.0	0.0
96	__protein1_rbs	9.2	0.0	0.0
96	__protein2_rbs	7.4	0.0	0.0
96	__protein3_rbs	1.6	0.0	0.0
96	__ribosome	33.0	0.0	0.0
96	__rnase_site_ext	15.0	0.0	0.0
96	p0	1.0	0.0	0.0
96	p1	1.0	0.0	0.0
96	protein1	380.0	14.8	1.9264494
96	protein2	350.4	15.2	2.1907563999999997
96	protein3	54.6	2.4	inf
96	r2	12.0	0.0	0.0
96	rnapol	0.0	0.0	0.0
97	__protein1_rbs	8.2	0.0	0.0
97	__protein2_rbs	10.8	0.0	0.0
97	__protein3_rbs	1.4	0.0	0.0
97	__ribosome	33.2	0.0	0.0
97	__rnase_site_ext	15.0	0.0	0.0
97	p0	0.8	0.0	0.0
97	p1	0.8	0.0	0.0
97	protein1	384.8	14.8	2.0722473999999997
97	protein2	357.4	15.2	1.9823526
97	protein3	55.2	2.6	inf
97	r2	12.4	0.0	0.0
97	rnapol	0.2	0.0	0.0
98	__protein1_rbs	8.6	0.0	0.0
98	__protein2_rbs	8.8	0.0	0.0
98	__protein3_rbs	1.6	0.0	0.0
98	__ribosome	33.2	0.0	0.0
98	__rnase_site_ext	15.0	0.0	0.0
98	p0	0.8	0.0	0.0
98	p1	0.8	0.0	0.0
98	protein1	390.8	14.8	2.1402866
98	protein2	363.0	15.4	1.9964518
98	protein3	57.4	2.6	inf
98	r2	12.6	0.0	0.0
98	rnapol	0.0	0.0	0.0
99	__protein1_rbs	10.0	0.0	0.0
99	__protein2_rbs	8.2	0.0	0.0
99	__protein3_rbs	1.4	0.0	0.0
99	__ribosome	33.4	0.0	0.0
99	__rnase_site_ext	15.2	0.0	0.0
99	p0	0.8	0.0	0.0
99	p1	0.6	0.0	0.0
99	protein1	397.0	15.0	2.033424
99	protein2	370.6	15.4	1.9875818
99	protein3	58.0	2.8	2.16
99	r2	12.8	0.0	0.0
99	rnapol	0.4	0.0	0.0
100	__protein1_rbs	8.4	0.0	0.0
100	__protein2_rbs	8.6	0.0	0.0
100	__protein3_rbs	1.6	0.0	0.0
100	__ribosome	33.4	0.0	0.0
100	__rnase_site_ext	15.6	0.0	0.0
100	p0	0.6	0.0	0.0
100	p1	0.4	0.0	0.0
100	protein1	404.4	15.0	1.9772162
100	protein2	376.4	15.6	2.0373856000000004
100	protein3	59.6	2.8	1.96
100	r2	12.8	0.0	0.0
100	rnapol	0.2	0.0	0.0
101	__protein1_rbs	8.8	0.0	0.0
101	__protein2_rbs	9.8	0.0	0.0
101	__protein3_rbs	1.6	0.0	0.0
101	__ribosome	32.6	0.0	0.0
101	__rnase_site_ext	15.6	0.0	0.0
101	p0	1.0	0.0	0.0
101	p1	0.6	0.0	0.0
101	protein1	410.6	15.2	2.0197534
101	protein2	383.2	15.8	2.0200862
101	protein3	60.6	2.8	1.92
101	r2	12.8	0.0	0.0
101	rnapol	0.4	0.0	0.0
102	__protein1_rbs	9.4	0.0	0.0
102	__protein2_rbs	8.2	0.0	0.0
102	__protein3_rbs	1.2	0.0	0.0
102	__ribosome	28.8	0.0	0.0
102	__rnase_site_ext	15.8	0.0	0.0
102	p0	0.8	0.0	0.0
102	p1	0.6	0.0	0.0
102	protein1	416.8	15.6	1.9967034
102	protein2	387.4	15.6	2.2444048
102	protein3	62.2	2.8	1.92
102	r2	13.0	0.0	0.0
102	rnapol	0.0	0.0	0.0
103	__protein1_rbs	9.8	0.0	0.0
103	__protein2_rbs	9.6	0.0	0.0
103	__protein3_rbs	1.2	0.0	0.0
103	__ribosome	28.0	0.0	0.0
103	__rnase_site_ext	15.8	0.0	0.0
103	p0	0.8	0.0	0.0
103	p1	0.4	0.0	0.0
103	protein1	423.0	15.6	2.0143132
103	protein2	393.8	15.8	2.22282
103	protein3	62.8	2.8	2.37
103	r2	12.8	0.0	0.0
103	rnapol	0.0	0.0	0.0
104	__protein1_rbs	9.2	0.0	0.0
104	__protein2_rbs	9.4	0.0	0.0
104	__protein3_rbs	2.2	0.0	0.0
104	__ribosome	29.8	0.0	0.0
104	__rnase_site_ext	15.4	0.0	0.0
104	p0	0.8	0.0	0.0
104	p1	1.0	0.0	0.0
104	protein1	429.0	15.6	2.0193278
104	protein2	401.2	15.6	2.1807136000000003
104	protein3	63.8	2.8	2.1100000000000003
104	r2	12.8	0.0	0.0
104	rnapol	0.0	0.0	0.0
105	__protein1_rbs	8.4	0.0	0.0
105	__protein2_rbs	10.2	0.0	0.0
105	__protein3_rbs	0.8	0.0	0.0
105	__ribosome	29.8	0.0	0.0
105	__rnase_site_ext	15.8	0.0	0.0
105	p0	0.8	0.0	0.0
105	p1	0.4	0.0	0.0
105	protein1	435.8	15.2	2.054998
105	protein2	409.0	16.2	2.033492
105	protein3	64.8	2.8	2.6
105	r2	12.8	0.0	0.0
105	rnapol	0.0	0.0	0.0
106	__protein1_rbs	9.6	0.0	0.0
106	__protein2_rbs	8.6	0.0	0.0
106	__protein3_rbs	2.2	0.0	0.0
106	__ribosome	30.8	0.0	0.0
106	__rnase_site_ext	16.0	0.0	0.0
106	p0	1.0	0.0	0.0
106	p1	0.6	0.0	0.0
106	protein1	442.8	15.6	1.9640454
106	protein2	415.6	15.8	2.1171802000000004
106	protein3	66.4	2.8	2.08
106	r2	13.0	0.0	0.0
106	rnapol	0.0	0.0	0.0
107	__protein1_rbs	8.6	0.0	0.0
107	__protein2_rbs	11.0	0.0	0.0
107	__protein3_rbs	2.2	0.0	0.0
107	__ribosome	33.0	0.0	0.0
107	__rnase_site_ext	15.6	0.0	0.0
107	p0	0.8	0.0	0.0
107	p1	0.6	0.0	0.0
107	protein1	448.0	15.8	2.052278
107	protein2	423.6	16.4	1.8205558000000002
107	protein3	67.6	2.8	1.88
107	r2	13.0	0.0	0.0
107	rnapol	0.0	0.0	0.0
108	__protein1_rbs	8.6	0.0	0.0
108	__protein2_rbs	10.4	0.0	0.0
108	__protein3_rbs	1.8	0.0	0.0
108	__ribosome	35.0	0.0	0.0
108	__rnase_site_ext	15.8	0.0	0.0
108	p0	1.0	0.0	0.0
108	p1	0.4	0.0	0.0
108	protein1	454.8	15.4	2.1030038
108	protein2	430.2	16.0	1.8082540000000005
108	protein3	69.0	2.8	1.73
108	r2	13.2	0.0	0.0
108	rnapol	0.2	0.0	0.0
109	__protein1_rbs	9.2	0.0	0.0
109	__protein2_rbs	8.2	0.0	0.0
109	__protein3_rbs	1.4	0.0	0.0
109	__ribosome	33.2	0.0	0.0
109	__rnase_site_ext	15.8	0.0	0.0
109	p0	0.6	0.0	0.0
109	p1	0.6	0.0	0.0
109	protein1	461.0	15.6	2.1323018000000005
109	protein2	437.2	16.2	1.8167419999999999
109	protein3	70.2	3.0	1.7600000000000002
109	r2	13.8	0.0	0.0
109	rnapol	0.0	0.0	0.0
110	__protein1_rbs	9.2	0.0	0.0
110	__protein2_rbs	9.6	0.0	0.0
110	__protein3_rbs	1.8	0.0	0.0
110	__ribosome	30.6	0.0	0.0
110	__rnase_site_ext	16.0	0.0	0.0
110	p0	1.0	0.0	0.0
110	p1	0.8	0.0	0.0
110	protein1	467.6	15.6	2.1678029999999997
110	protein2	442.2	16.8	1.8542460000000005
110	protein3	71.2	3.2	1.7333333999999998
110	r2	13.8	0.0	0.0
110	rnapol	0.0	0.0	0.0
111	__protein1_rbs	9.8	0.0	0.0
111	__protein2_rbs	10.0	0.0	0.0
111	__protein3_rbs	2.2	0.0	0.0
111	__ribosome	31.2	0.0	0.0
111	__rnase_site_ext	16.0	0.0	0.0
111	p0	0.8	0.0	0.0
111	p1	0.8	0.0	0.0
111	protein1	474.6	15.8	2.084722
111	protein2	449.2	17.0	1.8433331999999998
111	protein3	72.2	3.2	1.7600000000000002
111	r2	13.8	0.0	0.0
111	rnapol	0.0	0.0	0.0
112	__protein1_rbs	10.4	0.0	0.0
112	__protein2_rbs	10.8	0.0	0.0
112	__protein3_rbs	1.2	0.0	0.0
112	__ribosome	30.4	0.0	0.0
112	__rnase_site_ext	16.0	0.0	0.0
112	p0	1.0	0.0	0.0
112	p1	0.6	0.0	0.0
112	protein1	481.2	15.8	1.96
112	protein2	454.2	17.0	1.9133332
112	protein3	72.4	3.0	2.1666666
112	r2	13.6	0.0	0.0
112	rnapol	0.2	0.0	0.0
113	__protein1_rbs	8.2	0.0	0.0
113	__protein2_rbs	11.0	0.0	0.0
113	__protein3_rbs	2.2	0.0	0.0
113	__ribosome	30.2	0.0	0.0
113	__rnase_site_ext	16.2	0.0	0.0
113	p0	0.8	0.0	0.0
113	p1	0.6	0.0	0.0
113	protein1	488.8	15.8	1.9573261999999998
113	protein2	459.4	17.0	1.9507002
113	protein3	74.0	3.4	1.8119048
113	r2	13.4	0.0	0.0
113	rnapol	0.0	0.0	0.0
114	__protein1_rbs	10.2	0.0	0.0
114	__protein2_rbs	8.8	0.0	0.0
114	__protein3_rbs	2.2	0.0	0.0
114	__ribosome	33.8	0.0	0.0
114	__rnase_site_ext	16.2	0.0	0.0
114	p0	0.6	0.0	0.0
114	p1	0.8	0.0	0.0
114	protein1	496.0	15.8	1.7972785999999998
114	protein2	468.2	17.0	1.8630254
114	protein3	75.2	3.4	1.8119048
114	r2	14.0	0.0	0.0
114	rnapol	0.2	0.0	0.0
115	__protein1_rbs	9.8	0.0	0.0
115	__protein2_rbs	9.0	0.0	0.0
115	__protein3_rbs	2.6	0.0	0.0
115	__ribosome	31.2	0.0	0.0
115	__rnase_site_ext	16.6	0.0	0.0
115	p0	0.6	0.0	0.0
115	p1	0.8	0.0	0.0
115	protein1	501.2	16.0	1.836788
115	protein2	474.6	17.4	1.9675236
115	protein3	76.6	3.6	1.7314286
115	r2	14.0	0.0	0.0
115	rnapol	0.4	0.0	0.0
116	__protein1_rbs	9.6	0.0	0.0
116	__protein2_rbs	10.0	0.0	0.0
116	__protein3_rbs	2.2	0.0	0.0
116	__ribosome	30.0	0.0	0.0
116	__rnase_site_ext	16.8	0.0	0.0
116	p0	0.6	0.0	0.0
116	p1	0.4	0.0	0.0
116	protein1	507.6	16.0	1.8106276
116	protein2	481.4	17.4	2.0090372
116	protein3	77.4	3.6	1.6438094
116	r2	13.8	0.0	0.0
116	rnapol	0.0	0.0	0.0
117	__protein1_rbs	10.4	0.0	0.0
117	__protein2_rbs	10.0	0.0	0.0
117	__protein3_rbs	2.2	0.0	0.0
117	__ribosome	28.6	0.0	0.0
117	__rnase_site_ext	17.0	0.0	0.0
117	p0	1.0	0.0	0.0
117	p1	0.6	0.0	0.0
117	protein1	513.8	16.6	1.8238804
117	protein2	487.6	17.0	2.1016062
117	protein3	79.2	3.8	1.7028572
117	r2	14.0	0.0	0.0
117	rnapol	0.0	0.0	0.0
118	__protein1_rbs	13.0	0.0	0.0
118	__protein2_rbs	9.6	0.0	0.0
118	__protein3_rbs	2.4	0.0	0.0
118	__ribosome	30.2	0.0	0.0
118	__rnase_site_ext	17.2	0.0	0.0
118	p0	0.8	0.0	0.0
118	p1	1.0	0.0	0.0
118	protein1	519.8	16.8	1.6775399999999998
118	protein2	494.4	17.6	2.0755952
118	protein3	81.0	4.0	1.5190476000000002
118	r2	14.0	0.0	0.0
118	rnapol	0.4	0.0	0.0
119	__protein1_rbs	11.0	0.0	0.0
119	__protein2_rbs	12.2	0.0	0.0
119	__protein3_rbs	2.8	0.0	0.0
119	__ribosome	29.6	0.0	0.0
119	__rnase_site_ext	17.2	0.0	0.0
119	p0	0.8	0.0	0.0
119	p1	0.8	0.0	0.0
119	protein1	524.8	17.0	1.8135256
119	protein2	501.6	17.4	1.9755952
119	protein3	82.2	4.0	1.5571426000000002
119	r2	14.0	0.0	0.0
119	rnapol	0.4	0.0	0.0
120	__protein1_rbs	10.2	0.0	0.0
120	__protein2_rbs	10.0	0.0	0.0
120	__protein3_rbs	2.6	0.0	0.0
120	__ribosome	29.8	0.0	0.0
120	__rnase_site_ext	17.8	0.0	0.0
120	p0	0.6	0.0	0.0
120	p1	0.8	0.0	0.0
120	protein1	531.4	17.2	1.8175148
120	protein2	510.6	17.2	1.9115078
120	protein3	83.0	4.0	1.7657142
120	r2	14.2	0.0	0.0
120	rnapol	0.2	0.0	0.0
121	__protein1_rbs	11.0	0.0	0.0
121	__protein2_rbs	10.0	0.0	0.0
121	__protein3_rbs	2.2	0.0	0.0
121	__ribosome	28.6	0.0	0.0
121	__rnase_site_ext	17.4	0.0	0.0
121	p0	0.8	0.0	0.0
121	p1	0.6	0.0	0.0
121	protein1	538.4	17.4	1.8030252
121	protein2	517.6	17.0	1.9509618000000004
121	protein3	84.4	4.0	1.8947619999999998
121	r2	14.2	0.0	0.0
121	rnapol	0.0	0.0	0.0
122	__protein1_rbs	10.2	0.0	0.0
122	__protein2_rbs	11.0	0.0	0.0
122	__protein3_rbs	3.2	0.0	0.0
122	__ribosome	27.8	0.0	0.0
122	__rnase_site_ext	17.4	0.0	0.0
122	p0	1.0	0.0	0.0
122	p1	0.4	0.0	0.0
122	protein1	544.6	17.4	1.8739298
122	protein2	523.8	17.0	1.969085
122	protein3	86.0	4.0	1.5809524
122	r2	14.2	0.0	0.0
122	rnapol	0.2	0.0	0.0
123	__protein1_rbs	11.8	0.0	0.0
123	__protein2_rbs	10.4	0.0	0.0
123	__protein3_rbs	1.8	0.0	0.0
123	__ribosome	28.0	0.0	0.0
123	__rnase_site_ext	17.6	0.0	0.0
123	p0	1.0	0.0	0.0
123	p1	0.2	0.0	0.0
123	protein1	550.0	17.0	1.8646406
123	protein2	531.8	17.2	1.884762
123	protein3	87.2	4.0	2.0828572000000003
123	r2	14.2	0.0	0.0
123	rnapol	0.2	0.0	0.0
124	__protein1_rbs	10.4	0.0	0.0
124	__protein2_rbs	9.8	0.0	0.0
124	__protein3_rbs	2.6	0.0	0.0
124	__ribosome	25.2	0.0	0.0
124	__rnase_site_ext	17.8	0.0	0.0
124	p0	1.0	0.0	0.0
124	p1	0.8	0.0	0.0
124	protein1	555.8	17.4	1.9227062000000004
124	protein2	538.0	17.4	1.9475164
124	protein3	88.6	4.0	1.8466666
124	r2	14.0	0.0	0.0
124	rnapol	0.0	0.0	0.0
125	__protein1_rbs	10.8	0.0	0.0
125	__protein2_rbs	11.2	0.0	0.0
125	__protein3_rbs	2.0	0.0	0.0
125	__ribosome	26.6	0.0	0.0
125	__rnase_site_ext	17.2	0.0	0.0
125	p0	1.0	0.0	0.0
125	p1	0.8	0.0	0.0
125	protein1	563.2	17.4	1.9416542
125	protein2	545.2	17.4	1.9087002
125	protein3	90.8	4.0	1.6276192000000005
125	r2	14.2	0.0	0.0
125	rnapol	0.4	0.0	0.0
126	__protein1_rbs	9.8	0.0	0.0
126	__protein2_rbs	11.0	0.0	0.0
126	__protein3_rbs	2.8	0.0	0.0
126	__ribosome	27.4	0.0	0.0
126	__rnase_site_ext	16.8	0.0	0.0
126	p0	0.8	0.0	0.0
126	p1	0.6	0.0	0.0
126	protein1	570.8	17.0	1.9743586
126	protein2	552.2	17.6	1.8511462
126	protein3	91.6	4.4	1.7971428
126	r2	14.2	0.0	0.0
126	rnapol	0.0	0.0	0.0
127	__protein1_rbs	12.0	0.0	0.0
127	__protein2_rbs	10.6	0.0	0.0
127	__protein3_rbs	3.0	0.0	0.0
127	__ribosome	29.4	0.0	0.0
127	__rnase_site_ext	17.0	0.0	0.0
127	p0	0.8	0.0	0.0
127	p1	0.4	0.0	0.0
127	protein1	578.6	16.8	1.8358906
127	protein2	558.8	17.6	1.8849120000000004
127	protein3	93.2	4.4	1.7342858
127	r2	14.2	0.0	0.0
127	rnapol	0.0	0.0	0.0
128	__protein1_rbs	10.0	0.0	0.0
128	__protein2_rbs	12.0	0.0	0.0
128	__protein3_rbs	2.4	0.0	0.0
128	__ribosome	31.0	0.0	0.0
128	__rnase_site_ext	17.0	0.0	0.0
128	p0	1.0	0.0	0.0
128	p1	1.0	0.0	0.0
128	protein1	584.6	16.8	1.8995849999999999
128	protein2	567.2	17.8	1.7353968000000002
128	protein3	95.4	4.2	1.7357142
128	r2	14.8	0.0	0.0
128	rnapol	0.0	0.0	0.0
129	__protein1_rbs	9.2	0.0	0.0
129	__protein2_rbs	12.2	0.0	0.0
129	__protein3_rbs	2.4	0.0	0.0
129	__ribosome	30.2	0.0	0.0
129	__rnase_site_ext	16.8	0.0	0.0
129	p0	0.8	0.0	0.0
129	p1	0.6	0.0	0.0
129	protein1	592.2	16.8	1.8757894
129	protein2	573.4	18.2	1.7236214
129	protein3	96.8	4.2	1.8642858
129	r2	15.0	0.0	0.0
129	rnapol	0.0	0.0	0.0
130	__protein1_rbs	9.4	0.0	0.0
130	__protein2_rbs	12.0	0.0	0.0
130	__protein3_rbs	3.4	0.0	0.0
130	__ribosome	30.4	0.0	0.0
130	__rnase_site_ext	17.0	0.0	0.0
130	p0	0.6	0.0	0.0
130	p1	0.4	0.0	0.0
130	protein1	598.6	16.6	1.9523566
130	protein2	580.6	18.0	1.7430826000000001
130	protein3	98.0	4.2	1.7642858
130	r2	15.2	0.0	0.0
130	rnapol	0.0	0.0	0.0
131	__protein1_rbs	10.6	0.0	0.0
131	__protein2_rbs	12.8	0.0	0.0
131	__protein3_rbs	2.2	0.0	0.0
131	__ribosome	30.4	0.0	0.0
131	__rnase_site_ext	17.0	0.0	0.0
131	p0	0.8	0.0	0.0
131	p1	0.6	0.0	0.0
131	protein1	605.2	16.6	1.915235
131	protein2	586.6	18.4	1.6872888000000004
131	protein3	100.0	4.4	1.7657142
131	r2	15.0	0.0	0.0
131	rnapol	0.2	0.0	0.0
132	__protein1_rbs	9.8	0.0	0.0
132	__protein2_rbs	11.0	0.0	0.0
132	__protein3_rbs	3.4	0.0	0.0
132	__ribosome	27.0	0.0	0.0
132	__rnase_site_ext	16.8	0.0	0.0
132	p0	0.8	0.0	0.0
132	p1	1.0	0.0	0.0
132	protein1	610.8	16.8	2.0193784
132	protein2	593.6	18.8	1.7195240000000005
132	protein3	101.0	4.8	1.6683334
132	r2	15.0	0.0	0.0
132	rnapol	0.2	0.0	0.0
133	__protein1_rbs	11.4	0.0	0.0
133	__protein2_rbs	11.2	0.0	0.0
133	__protein3_rbs	3.0	0.0	0.0
133	__ribosome	25.8	0.0	0.0
133	__rnase_site_ext	16.8	0.0	0.0
133	p0	0.8	0.0	0.0
133	p1	0.6	0.0	0.0
133	protein1	617.4	16.6	1.9970542
133	protein2	600.0	18.8	1.8234922
133	protein3	102.8	4.8	1.6833334
133	r2	14.8	0.0	0.0
133	rnapol	0.0	0.0	0.0
134	__protein1_rbs	11.4	0.0	0.0
134	__protein2_rbs	12.8	0.0	0.0
134	__protein3_rbs	3.4	0.0	0.0
134	__ribosome	26.8	0.0	0.0
134	__rnase_site_ext	16.8	0.0	0.0
134	p0	1.0	0.0	0.0
134	p1	0.6	0.0	0.0
134	protein1	624.2	17.0	1.8879869999999999
134	protein2	605.6	18.8	1.8225398000000002
134	protein3	104.4	4.8	1.6166665999999998
134	r2	14.4	0.0	0.0
134	rnapol	0.0	0.0	0.0
135	__protein1_rbs	10.2	0.0	0.0
135	__protein2_rbs	11.6	0.0	0.0
135	__protein3_rbs	3.0	0.0	0.0
135	__ribosome	29.0	0.0	0.0
135	__rnase_site_ext	16.8	0.0	0.0
135	p0	0.8	0.0	0.0
135	p1	0.8	0.0	0.0
135	protein1	632.8	16.8	1.7691668
135	protein2	613.6	19.2	1.7663432
135	protein3	106.4	5.0	1.65
135	r2	15.0	0.0	0.0
135	rnapol	0.2	0.0	0.0
136	__protein1_rbs	10.8	0.0	0.0
136	__protein2_rbs	11.8	0.0	0.0
136	__protein3_rbs	3.2	0.0	0.0
136	__ribosome	26.6	0.0	0.0
136	__rnase_site_ext	17.2	0.0	0.0
136	p0	0.8	0.0	0.0
136	p1	0.8	0.0	0.0
136	protein1	639.2	16.6	1.7761906000000003
136	protein2	619.8	19.2	1.8435060000000003
136	protein3	107.2	5.0	1.8077778
136	r2	15.2	0.0	0.0
136	rnapol	0.0	0.0	0.0
137	__protein1_rbs	10.2	0.0	0.0
137	__protein2_rbs	12.4	0.0	0.0
137	__protein3_rbs	2.6	0.0	0.0
137	__ribosome	28.0	0.0	0.0
137	__rnase_site_ext	17.2	0.0	0.0
137	p0	0.8	0.0	0.0
137	p1	0.8	0.0	0.0
137	protein1	646.2	16.8	1.7276192
137	protein2	628.0	18.8	1.8125768
137	protein3	109.6	5.2	1.7955556
137	r2	14.8	0.0	0.0
137	rnapol	0.4	0.0	0.0
138	__protein1_rbs	9.6	0.0	0.0
138	__protein2_rbs	11.0	0.0	0.0
138	__protein3_rbs	3.8	0.0	0.0
138	__ribosome	25.8	0.0	0.0
138	__rnase_site_ext	17.4	0.0	0.0
138	p0	1.0	0.0	0.0
138	p1	0.6	0.0	0.0
138	protein1	652.6	17.0	1.7740872
138	protein2	635.0	18.8	1.8740637999999998
138	protein3	111.2	5.4	1.6977778
138	r2	14.8	0.0	0.0
138	rnapol	0.2	0.0	0.0
139	__protein1_rbs	11.4	0.0	0.0
139	__protein2_rbs	12.6	0.0	0.0
139	__protein3_rbs	3.6	0.0	0.0
139	__ribosome	26.2	0.0	0.0
139	__rnase_site_ext	17.2	0.0	0.0
139	p0	1.0	0.0	0.0
139	p1	0.8	0.0	0.0
139	protein1	658.4	17.4	1.7474207999999998
139	protein2	642.8	18.6	1.8448774
139	protein3	112.8	5.4	1.7977778000000002
139	r2	15.0	0.0	0.0
139	rnapol	0.0	0.0	0.0
140	__protein1_rbs	9.2	0.0	0.0
140	__protein2_rbs	11.2	0.0	0.0
140	__protein3_rbs	4.2	0.0	0.0
140	__ribosome	22.6	0.0	0.0
140	__rnase_site_ext	17.0	0.0	0.0
140	p0	0.8	0.0	0.0
140	p1	0.6	0.0	0.0
140	protein1	663.2	17.0	2.0212301999999998
140	protein2	649.4	19.0	1.858715
140	protein3	115.4	5.6	1.5666668
140	r2	14.8	0.0	0.0
140	rnapol	0.0	0.0	0.0
141	__protein1_rbs	11.4	0.0	0.0
141	__protein2_rbs	11.4	0.0	0.0
141	__protein3_rbs	3.4	0.0	0.0
141	__ribosome	25.0	0.0	0.0
141	__rnase_site_ext	16.6	0.0	0.0
141	p0	0.6	0.0	0.0
141	p1	0.8	0.0	0.0
141	protein1	669.4	16.6	1.9828948
141	protein2	657.2	18.6	1.8734266
141	protein3	117.8	5.2	1.6511112
141	r2	14.8	0.0	0.0
141	rnapol	0.0	0.0	0.0
142	__protein1_rbs	9.0	0.0	0.0
142	__protein2_rbs	10.8	0.0	0.0
142	__protein3_rbs	3.4	0.0	0.0
142	__ribosome	24.2	0.0	0.0
142	__rnase_site_ext	16.8	0.0	0.0
142	p0	1.0	0.0	0.0
142	p1	0.6	0.0	0.0
142	protein1	676.8	16.4	2.0497928
142	protein2	664.6	18.4	1.8803076000000003
142	protein3	119.4	5.4	1.6611112000000001
142	r2	15.0	0.0	0.0
142	rnapol	0.0	0.0	0.0
143	__protein1_rbs	10.6	0.0	0.0
143	__protein2_rbs	13.4	0.0	0.0
143	__protein3_rbs	3.4	0.0	0.0
143	__ribosome	26.8	0.0	0.0
143	__rnase_site_ext	17.2	0.0	0.0
143	p0	0.4	0.0	0.0
143	p1	0.8	0.0	0.0
143	protein1	684.4	16.6	1.92522
143	protein2	671.2	18.6	1.8120732
143	protein3	121.4	5.6	1.6
143	r2	15.2	0.0	0.0
143	rnapol	0.0	0.0	0.0
144	__protein1_rbs	10.2	0.0	0.0
144	__protein2_rbs	11.6	0.0	0.0
144	__protein3_rbs	3.0	0.0	0.0
144	__ribosome	26.2	0.0	0.0
144	__rnase_site_ext	16.8	0.0	0.0
144	p0	0.8	0.0	0.0
144	p1	0.6	0.0	0.0
144	protein1	691.6	16.6	1.8907322
144	protein2	678.6	18.6	1.812745
144	protein3	123.8	5.6	1.7533332
144	r2	15.2	0.0	0.0
144	rnapol	0.4	0.0	0.0
145	__protein1_rbs	10.0	0.0	0.0
145	__protein2_rbs	11.0	0.0	0.0
145	__protein3_rbs	3.6	0.0	0.0
145	__ribosome	25.8	0.0	0.0
145	__rnase_site_ext	17.0	0.0	0.0
145	p0	0.8	0.0	0.0
145	p1	0.4	0.0	0.0
145	protein1	699.2	16.6	1.8156941999999998
145	protein2	686.4	18.4	1.8859313999999998
145	protein3	125.0	5.6	1.8433334
145	r2	15.2	0.0	0.0
145	rnapol	0.4	0.0	0.0
146	__protein1_rbs	10.6	0.0	0.0
146	__protein2_rbs	12.6	0.0	0.0
146	__protein3_rbs	3.6	0.0	0.0
146	__ribosome	25.0	0.0	0.0
146	__rnase_site_ext	17.4	0.0	0.0
146	p0	0.8	0.0	0.0
146	p1	0.8	0.0	0.0
146	protein1	705.0	16.8	1.8141532
146	protein2	693.0	18.4	1.8505288
146	protein3	126.8	5.6	1.9544444
146	r2	15.0	0.0	0.0
146	rnapol	0.0	0.0	0.0
147	__protein1_rbs	12.8	0.0	0.0
147	__protein2_rbs	10.8	0.0	0.0
147	__protein3_rbs	3.6	0.0	0.0
147	__ribosome	25.6	0.0	0.0
147	__rnase_site_ext	17.2	0.0	0.0
147	p0	1.0	0.0	0.0
147	p1	0.8	0.0	0.0
147	protein1	710.8	17.2	1.7005642
147	protein2	699.8	18.6	1.9134804000000003
147	protein3	129.4	5.4	1.9066666
147	r2	14.8	0.0	0.0
147	rnapol	0.0	0.0	0.0
148	__protein1_rbs	12.4	0.0	0.0
148	__protein2_rbs	11.4	0.0	0.0
148	__protein3_rbs	3.2	0.0	0.0
148	__ribosome	28.4	0.0	0.0
148	__rnase_site_ext	17.6	0.0	0.0
148	p0	0.4	0.0	0.0
148	p1	0.4	0.0	0.0
148	protein1	718.0	17.0	1.6379084
148	protein2	707.6	18.6	1.8498042000000001
148	protein3	131.8	5.4	1.7911112
148	r2	15.2	0.0	0.0
148	rnapol	0.0	0.0	0.0
149	__protein1_rbs	9.2	0.0	0.0
149	__protein2_rbs	11.2	0.0	0.0
149	__protein3_rbs	3.8	0.0	0.0
149	__ribosome	25.4	0.0	0.0
149	__rnase_site_ext	17.8	0.0	0.0
149	p0	0.8	0.0	0.0
149	p1	0.8	0.0	0.0
149	protein1	723.6	17.2	1.8031371999999999
149	protein2	714.6	18.6	1.8781614
149	protein3	133.8	5.4	1.6233334
149	r2	15.0	0.0	0.0
149	rnapol	0.0	0.0	0.0
150	__protein1_rbs	11.8	0.0	0.0
150	__protein2_rbs	12.6	0.0	0.0
150	__protein3_rbs	2.6	0.0	0.0
150	__ribosome	26.0	0.0	0.0
150	__rnase_site_ext	18.0	0.0	0.0
150	p0	0.8	0.0	0.0
150	p1	0.4	0.0	0.0
150	protein1	731.2	17.8	1.6988433999999997
150	protein2	723.0	18.8	1.7880318000000002
150	protein3	135.8	5.4	1.9633334
150	r2	15.0	0.0	0.0
150	rnapol	0.2	0.0	0.0
151	__protein1_rbs	12.2	0.0	0.0
151	__protein2_rbs	10.0	0.0	0.0
151	__protein3_rbs	3.2	0.0	0.0
151	__ribosome	24.2	0.0	0.0
151	__rnase_site_ext	18.0	0.0	0.0
151	p0	0.8	0.0	0.0
151	p1	0.6	0.0	0.0
151	protein1	737.0	17.8	1.738845
151	protein2	731.0	18.8	1.8855061999999998
151	protein3	138.2	5.4	1.7955556
151	r2	14.8	0.0	0.0
151	rnapol	0.0	0.0	0.0
152	__protein1_rbs	12.4	0.0	0.0
152	__protein2_rbs	11.4	0.0	0.0
152	__protein3_rbs	3.8	0.0	0.0
152	__ribosome	24.4	0.0	0.0
152	__rnase_site_ext	17.8	0.0	0.0
152	p0	1.0	0.0	0.0
152	p1	0.6	0.0	0.0
152	protein1	743.4	17.8	1.6888450000000002
152	protein2	737.4	18.8	1.9602942
152	protein3	140.4	5.4	1.7733333999999998
152	r2	14.6	0.0	0.0
152	rnapol	0.0	0.0	0.0
153	__protein1_rbs	12.0	0.0	0.0
153	__protein2_rbs	13.4	0.0	0.0
153	__protein3_rbs	3.6	0.0	0.0
153	__ribosome	25.8	0.0	0.0
153	__rnase_site_ext	17.2	0.0	0.0
153	p0	1.0	0.0	0.0
153	p1	0.4	0.0	0.0
153	protein1	749.8	17.6	1.7205409999999999
153	protein2	745.2	19.0	1.8319384000000003
153	protein3	142.2	5.2	1.91
153	r2	14.6	0.0	0.0
153	rnapol	0.0	0.0	0.0
154	__protein1_rbs	10.8	0.0	0.0
154	__protein2_rbs	12.6	0.0	0.0
154	__protein3_rbs	2.6	0.0	0.0
154	__ribosome	27.2	0.0	0.0
154	__rnase_site_ext	17.0	0.0	0.0
154	p0	1.0	0.0	0.0
154	p1	0.6	0.0	0.0
154	protein1	757.0	17.2	1.7589285999999995
154	protein2	754.4	19.6	1.6513061999999998
154	protein3	144.4	5.2	2.1233334
154	r2	14.6	0.0	0.0
154	rnapol	0.2	0.0	0.0
155	__protein1_rbs	9.6	0.0	0.0
155	__protein2_rbs	12.6	0.0	0.0
155	__protein3_rbs	3.2	0.0	0.0
155	__ribosome	25.6	0.0	0.0
155	__rnase_site_ext	17.4	0.0	0.0
155	p0	0.6	0.0	0.0
155	p1	0.4	0.0	0.0
155	protein1	764.0	16.8	1.8047876000000005
155	protein2	760.2	19.4	1.7369696
155	protein3	146.4	5.4	2.24
155	r2	14.8	0.0	0.0
155	rnapol	0.0	0.0	0.0
156	__protein1_rbs	10.0	0.0	0.0
156	__protein2_rbs	12.8	0.0	0.0
156	__protein3_rbs	3.0	0.0	0.0
156	__ribosome	25.4	0.0	0.0
156	__rnase_site_ext	17.4	0.0	0.0
156	p0	0.8	0.0	0.0
156	p1	0.2	0.0	0.0
156	protein1	769.6	16.8	1.8391064
156	protein2	768.0	19.2	1.7243004000000002
156	protein3	148.6	5.2	2.2900002
156	r2	14.8	0.0	0.0
156	rnapol	0.0	0.0	0.0
157	__protein1_rbs	11.2	0.0	0.0
157	__protein2_rbs	10.6	0.0	0.0
157	__protein3_rbs	3.4	0.0	0.0
157	__ribosome	25.6	0.0	0.0
157	__rnase_site_ext	17.0	0.0	0.0
157	p0	0.6	0.0	0.0
157	p1	0.6	0.0	0.0
157	protein1	776.6	17.0	1.7838597999999997
157	protein2	776.0	19.4	1.7540386000000001
157	protein3	150.8	5.2	2.14
157	r2	15.0	0.0	0.0
157	rnapol	0.0	0.0	0.0
158	__protein1_rbs	12.8	0.0	0.0
158	__protein2_rbs	10.8	0.0	0.0
158	__protein3_rbs	2.8	0.0	0.0
158	__ribosome	25.2	0.0	0.0
158	__rnase_site_ext	17.0	0.0	0.0
158	p0	0.6	0.0	0.0
158	p1	0.8	0.0	0.0
158	protein1	782.6	17.0	1.7227658
158	protein2	782.6	19.2	1.8460288
158	protein3	153.4	5.0	2.072222
158	r2	15.2	0.0	0.0
158	rnapol	0.0	0.0	0.0
159	__protein1_rbs	10.4	0.0	0.0
159	__protein2_rbs	11.6	0.0	0.0
159	__protein3_rbs	3.6	0.0	0.0
159	__ribosome	24.2	0.0	0.0
159	__rnase_site_ext	17.2	0.0	0.0
159	p0	0.6	0.0	0.0
159	p1	1.0	0.0	0.0
159	protein1	789.0	16.8	1.7378741999999998
159	protein2	789.2	19.2	1.9241878000000001
159	protein3	155.8	5.0	1.8333334
159	r2	15.4	0.0	0.0
159	rnapol	0.0	0.0	0.0
160	__protein1_rbs	11.2	0.0	0.0
160	__protein2_rbs	12.4	0.0	0.0
160	__protein3_rbs	2.2	0.0	0.0
160	__ribosome	26.6	0.0	0.0
160	__rnase_site_ext	17.8	0.0	0.0
160	p0	0.6	0.0	0.0
160	p1	1.0	0.0	0.0
160	protein1	795.0	16.8	1.7062372
160	protein2	797.2	19.0	1.8599439999999998
160	protein3	158.6	4.6	1.9366666000000001
160	r2	15.2	0.0	0.0
160	rnapol	0.2	0.0	0.0
161	__protein1_rbs	11.4	0.0	0.0
161	__protein2_rbs	12.6	0.0	0.0
161	__protein3_rbs	3.2	0.0	0.0
161	__ribosome	28.8	0.0	0.0
161	__rnase_site_ext	17.4	0.0	0.0
161	p0	0.6	0.0	0.0
161	p1	0.8	0.0	0.0
161	protein1	803.0	17.2	1.6145752000000002
161	protein2	805.2	18.8	1.822661
161	protein3	160.4	4.6	1.8833334
161	r2	15.4	0.0	0.0
161	rnapol	0.0	0.0	0.0
162	__protein1_rbs	12.4	0.0	0.0
162	__protein2_rbs	10.2	0.0	0.0
162	__protein3_rbs	3.4	0.0	0.0
162	__ribosome	28.4	0.0	0.0
162	__rnase_site_ext	17.4	0.0	0.0
162	p0	1.0	0.0	0.0
162	p1	0.4	0.0	0.0
162	protein1	809.8	17.2	1.5493937999999998
162	protein2	813.0	18.6	1.9456208
162	protein3	162.6	5.0	1.6533334
162	r2	15.8	0.0	0.0
162	rnapol	0.2	0.0	0.0
163	__protein1_rbs	10.8	0.0	0.0
163	__protein2_rbs	10.4	0.0	0.0
163	__protein3_rbs	3.6	0.0	0.0
163	__ribosome	25.8	0.0	0.0
163	__rnase_site_ext	17.8	0.0	0.0
163	p0	0.4	0.0	0.0
163	p1	0.6	0.0	0.0
163	protein1	814.6	17.4	1.6566952
163	protein2	821.8	18.6	1.9870656
163	protein3	164.4	5.0	1.48
163	r2	15.2	0.0	0.0
163	rnapol	0.0	0.0	0.0
164	__protein1_rbs	11.4	0.0	0.0
164	__protein2_rbs	11.8	0.0	0.0
164	__protein3_rbs	3.4	0.0	0.0
164	__ribosome	24.6	0.0	0.0
164	__rnase_site_ext	17.8	0.0	0.0
164	p0	1.0	0.0	0.0
164	p1	0.8	0.0	0.0
164	protein1	820.8	17.4	1.6775156000000002
164	protein2	828.0	19.0	2.0235293999999997
164	protein3	166.4	5.0	1.4666668
164	r2	15.0	0.0	0.0
164	rnapol	0.0	0.0	0.0
165	__protein1_rbs	12.4	0.0	0.0
165	__protein2_rbs	13.0	0.0	0.0
165	__protein3_rbs	3.8	0.0	0.0
165	__ribosome	27.4	0.0	0.0
165	__rnase_site_ext	17.8	0.0	0.0
165	p0	1.0	0.0	0.0
165	p1	0.4	0.0	0.0
165	protein1	827.4	17.6	1.61
165	protein2	836.6	19.0	1.9389473999999998
165	protein3	168.4	5.4	1.2633333999999998
165	r2	15.0	0.0	0.0
165	rnapol	0.0	0.0	0.0
166	__protein1_rbs	11.0	0.0	0.0
166	__protein2_rbs	11.8	0.0	0.0
166	__protein3_rbs	3.8	0.0	0.0
166	__ribosome	28.8	0.0	0.0
166	__rnase_site_ext	17.8	0.0	0.0
166	p0	1.0	0.0	0.0
166	p1	0.2	0.0	0.0
166	protein1	835.2	17.6	1.5875
166	protein2	845.2	19.0	1.8897496
166	protein3	170.2	5.2	1.4611112
166	r2	14.6	0.0	0.0
166	rnapol	0.2	0.0	0.0
167	__protein1_rbs	10.4	0.0	0.0
167	__protein2_rbs	10.6	0.0	0.0
167	__protein3_rbs	3.2	0.0	0.0
167	__ribosome	25.6	0.0	0.0
167	__rnase_site_ext	18.0	0.0	0.0
167	p0	0.8	0.0	0.0
167	p1	0.6	0.0	0.0
167	protein1	840.2	17.6	1.755
167	protein2	854.6	19.4	1.8238784
167	protein3	171.6	5.0	1.6877778
167	r2	14.4	0.0	0.0
167	rnapol	0.4	0.0	0.0
168	__protein1_rbs	12.0	0.0	0.0
168	__protein2_rbs	12.2	0.0	0.0
168	__protein3_rbs	3.6	0.0	0.0
168	__ribosome	26.4	0.0	0.0
168	__rnase_site_ext	18.0	0.0	0.0
168	p0	0.8	0.0	0.0
168	p1	0.4	0.0	0.0
168	protein1	846.2	17.8	1.7339706000000001
168	protein2	862.2	19.4	1.7996452
168	protein3	173.4	5.0	1.6377777999999998
168	r2	14.6	0.0	0.0
168	rnapol	0.2	0.0	0.0
169	__protein1_rbs	10.4	0.0	0.0
169	__protein2_rbs	11.0	0.0	0.0
169	__protein3_rbs	3.0	0.0	0.0
169	__ribosome	24.4	0.0	0.0
169	__rnase_site_ext	18.0	0.0	0.0
169	p0	0.8	0.0	0.0
169	p1	0.8	0.0	0.0
169	protein1	853.4	18.0	1.760441
169	protein2	869.8	19.4	1.8588516
169	protein3	175.4	4.8	1.7166666000000002
169	r2	14.2	0.0	0.0
169	rnapol	0.2	0.0	0.0
170	__protein1_rbs	12.0	0.0	0.0
170	__protein2_rbs	13.0	0.0	0.0
170	__protein3_rbs	3.2	0.0	0.0
170	__ribosome	24.2	0.0	0.0
170	__rnase_site_ext	18.4	0.0	0.0
170	p0	0.6	0.0	0.0
170	p1	0.6	0.0	0.0
170	protein1	858.2	18.0	1.854644
170	protein2	877.2	19.6	1.8053164000000002
170	protein3	177.4	4.6	1.5166666000000002
170	r2	14.2	0.0	0.0
170	rnapol	0.0	0.0	0.0
171	__protein1_rbs	12.0	0.0	0.0
171	__protein2_rbs	10.2	0.0	0.0
171	__protein3_rbs	3.2	0.0	0.0
171	__ribosome	25.4	0.0	0.0
171	__rnase_site_ext	18.4	0.0	0.0
171	p0	1.0	0.0	0.0
171	p1	0.8	0.0	0.0
171	protein1	868.0	18.2	1.6842484
171	protein2	884.6	19.2	1.933622
171	protein3	178.8	4.8	1.4611112
171	r2	15.0	0.0	0.0
171	rnapol	0.2	0.0	0.0
172	__protein1_rbs	10.8	0.0	0.0
172	__protein2_rbs	11.4	0.0	0.0
172	__protein3_rbs	3.0	0.0	0.0
172	__ribosome	25.2	0.0	0.0
172	__rnase_site_ext	19.0	0.0	0.0
172	p0	0.6	0.0	0.0
172	p1	0.8	0.0	0.0
172	protein1	873.8	18.2	1.7975164000000001
172	protein2	894.4	19.0	1.8416436
172	protein3	180.2	4.6	1.5583334
172	r2	14.8	0.0	0.0
172	rnapol	0.2	0.0	0.0
173	__protein1_rbs	13.0	0.0	0.0
173	__protein2_rbs	11.8	0.0	0.0
173	__protein3_rbs	3.2	0.0	0.0
173	__ribosome	25.4	0.0	0.0
173	__rnase_site_ext	19.2	0.0	0.0
173	p0	0.8	0.0	0.0
173	p1	0.8	0.0	0.0
173	protein1	880.6	18.6	1.7134356
173	protein2	901.2	19.0	1.8537392
173	protein3	181.8	4.6	1.7
173	r2	15.0	0.0	0.0
173	rnapol	0.0	0.0	0.0
174	__protein1_rbs	11.0	0.0	0.0
174	__protein2_rbs	12.2	0.0	0.0
174	__protein3_rbs	3.6	0.0	0.0
174	__ribosome	27.2	0.0	0.0
174	__rnase_site_ext	19.2	0.0	0.0
174	p0	0.8	0.0	0.0
174	p1	0.8	0.0	0.0
174	protein1	889.8	19.0	1.6347534
174	protein2	909.2	19.0	1.8387403999999998
174	protein3	184.0	4.8	1.3883333999999998
174	r2	15.0	0.0	0.0
174	rnapol	0.0	0.0	0.0
175	__protein1_rbs	12.0	0.0	0.0
175	__protein2_rbs	12.8	0.0	0.0
175	__protein3_rbs	2.8	0.0	0.0
175	__ribosome	25.4	0.0	0.0
175	__rnase_site_ext	19.4	0.0	0.0
175	p0	1.0	0.0	0.0
175	p1	0.6	0.0	0.0
175	protein1	894.6	19.0	1.7761676000000002
175	protein2	916.8	19.0	1.782977
175	protein3	185.6	4.4	1.5914286
175	r2	14.8	0.0	0.0
175	rnapol	0.0	0.0	0.0
176	__protein1_rbs	11.8	0.0	0.0
176	__protein2_rbs	11.8	0.0	0.0
176	__protein3_rbs	3.0	0.0	0.0
176	__ribosome	26.2	0.0	0.0
176	__rnase_site_ext	19.4	0.0	0.0
176	p0	0.8	0.0	0.0
176	p1	0.8	0.0	0.0
176	protein1	902.4	19.2	1.7522221999999998
176	protein2	924.8	18.6	1.7537908000000002
176	protein3	186.6	4.2	1.7919048
176	r2	14.6	0.0	0.0
176	rnapol	0.2	0.0	0.0
177	__protein1_rbs	14.6	0.0	0.0
177	__protein2_rbs	10.0	0.0	0.0
177	__protein3_rbs	2.4	0.0	0.0
177	__ribosome	26.0	0.0	0.0
177	__rnase_site_ext	20.0	0.0	0.0
177	p0	0.8	0.0	0.0
177	p1	0.2	0.0	0.0
177	protein1	909.0	19.4	1.6696491999999998
177	protein2	933.2	19.0	1.7685380000000002
177	protein3	188.2	4.2	1.86
177	r2	14.2	0.0	0.0
177	rnapol	0.0	0.0	0.0
178	__protein1_rbs	11.6	0.0	0.0
178	__protein2_rbs	12.6	0.0	0.0
178	__protein3_rbs	2.4	0.0	0.0
178	__ribosome	23.8	0.0	0.0
178	__rnase_site_ext	20.2	0.0	0.0
178	p0	0.8	0.0	0.0
178	p1	0.6	0.0	0.0
178	protein1	915.0	19.6	1.8126566000000002
178	protein2	941.2	18.8	1.7370310000000002
178	protein3	190.2	4.4	1.8080952000000001
178	r2	14.0	0.0	0.0
178	rnapol	0.0	0.0	0.0
179	__protein1_rbs	11.6	0.0	0.0
179	__protein2_rbs	11.4	0.0	0.0
179	__protein3_rbs	3.0	0.0	0.0
179	__ribosome	24.0	0.0	0.0
179	__rnase_site_ext	20.0	0.0	0.0
179	p0	1.0	0.0	0.0
179	p1	0.6	0.0	0.0
179	protein1	923.8	20.0	1.7268921999999998
179	protein2	947.8	19.2	1.784977
179	protein3	192.2	4.4	1.6795237999999997
179	r2	14.0	0.0	0.0
179	rnapol	0.0	0.0	0.0
180	__protein1_rbs	13.0	0.0	0.0
180	__protein2_rbs	14.4	0.0	0.0
180	__protein3_rbs	2.2	0.0	0.0
180	__ribosome	25.2	0.0	0.0
180	__rnase_site_ext	20.2	0.0	0.0
180	p0	0.8	0.0	0.0
180	p1	0.4	0.0	0.0
180	protein1	932.0	19.8	1.6899248
180	protein2	953.8	19.4	1.7614474000000002
180	protein3	193.6	4.0	1.8866664
180	r2	14.2	0.0	0.0
180	rnapol	0.2	0.0	0.0
181	__protein1_rbs	14.2	0.0	0.0
181	__protein2_rbs	11.6	0.0	0.0
181	__protein3_rbs	2.4	0.0	0.0
181	__ribosome	26.0	0.0	0.0
181	__rnase_site_ext	20.0	0.0	0.0
181	p0	1.0	0.0	0.0
181	p1	0.6	0.0	0.0
181	protein1	939.2	20.0	1.634035
181	protein2	962.8	19.8	1.7140463999999995
181	protein3	195.2	4.0	1.9533332
181	r2	14.0	0.0	0.0
181	rnapol	0.2	0.0	0.0
182	__protein1_rbs	12.8	0.0	0.0
182	__protein2_rbs	14.0	0.0	0.0
182	__protein3_rbs	3.0	0.0	0.0
182	__ribosome	27.8	0.0	0.0
182	__rnase_site_ext	20.6	0.0	0.0
182	p0	0.4	0.0	0.0
182	p1	0.4	0.0	0.0
182	protein1	946.6	19.8	1.688421
182	protein2	971.0	20.2	1.5953823999999999
182	protein3	197.6	4.0	1.6466666
182	r2	14.4	0.0	0.0
182	rnapol	0.2	0.0	0.0
183	__protein1_rbs	14.2	0.0	0.0
183	__protein2_rbs	12.2	0.0	0.0
183	__protein3_rbs	2.2	0.0	0.0
183	__ribosome	26.6	0.0	0.0
183	__rnase_site_ext	19.6	0.0	0.0
183	p0	0.8	0.0	0.0
183	p1	0.6	0.0	0.0
183	protein1	954.2	20.0	1.6306016
183	protein2	979.4	20.4	1.6506872
183	protein3	198.6	3.6	1.9566668
183	r2	14.6	0.0	0.0
183	rnapol	0.0	0.0	0.0
184	__protein1_rbs	13.2	0.0	0.0
184	__protein2_rbs	12.6	0.0	0.0
184	__protein3_rbs	2.2	0.0	0.0
184	__ribosome	25.4	0.0	0.0
184	__rnase_site_ext	19.8	0.0	0.0
184	p0	1.0	0.0	0.0
184	p1	0.4	0.0	0.0
184	protein1	962.0	19.6	1.6422221999999995
184	protein2	985.4	20.4	1.7358623999999998
184	protein3	200.4	3.6	1.97
184	r2	14.6	0.0	0.0
184	rnapol	0.2	0.0	0.0
185	__protein1_rbs	11.4	0.0	0.0
185	__protein2_rbs	12.0	0.0	0.0
185	__protein3_rbs	2.6	0.0	0.0
185	__ribosome	22.4	0.0	0.0
185	__rnase_site_ext	19.8	0.0	0.0
185	p0	0.8	0.0	0.0
185	p1	0.6	0.0	0.0
185	protein1	968.6	19.6	1.7486554
185	protein2	993.6	20.6	1.786186
185	protein3	202.0	3.6	1.8433334
185	r2	14.8	0.0	0.0
185	rnapol	0.2	0.0	0.0
186	__protein1_rbs	12.2	0.0	0.0
186	__protein2_rbs	14.8	0.0	0.0
186	__protein3_rbs	2.6	0.0	0.0
186	__ribosome	23.0	0.0	0.0
186	__rnase_site_ext	19.6	0.0	0.0
186	p0	1.0	0.0	0.0
186	p1	1.0	0.0	0.0
186	protein1	977.4	19.6	1.7392717999999998
186	protein2	1000.6	20.8	1.7748484000000002
186	protein3	203.8	3.8	1.69
186	r2	14.8	0.0	0.0
186	rnapol	0.2	0.0	0.0
187	__protein1_rbs	12.8	0.0	0.0
187	__protein2_rbs	12.4	0.0	0.0
187	__protein3_rbs	2.6	0.0	0.0
187	__ribosome	23.8	0.0	0.0
187	__rnase_site_ext	19.6	0.0	0.0
187	p0	0.8	0.0	0.0
187	p1	0.8	0.0	0.0
187	protein1	984.8	19.6	1.7620847999999998
187	protein2	1010.0	20.8	1.7416884
187	protein3	205.4	3.8	1.5333333999999998
187	r2	14.8	0.0	0.0
187	rnapol	0.0	0.0	0.0
188	__protein1_rbs	12.2	0.0	0.0
188	__protein2_rbs	14.4	0.0	0.0
188	__protein3_rbs	2.6	0.0	0.0
188	__ribosome	23.6	0.0	0.0
188	__rnase_site_ext	19.4	0.0	0.0
188	p0	1.0	0.0	0.0
188	p1	0.4	0.0	0.0
188	protein1	990.8	19.4	1.8757144
188	protein2	1018.6	20.8	1.6645023999999997
188	protein3	206.6	4.0	1.4633332
188	r2	14.8	0.0	0.0
188	rnapol	0.0	0.0	0.0
189	__protein1_rbs	12.0	0.0	0.0
189	__protein2_rbs	13.8	0.0	0.0
189	__protein3_rbs	3.2	0.0	0.0
189	__ribosome	24.0	0.0	0.0
189	__rnase_site_ext	19.4	0.0	0.0
189	p0	1.0	0.0	0.0
189	p1	0.4	0.0	0.0
189	protein1	998.8	19.4	1.8637202000000002
189	protein2	1026.6	21.0	1.6687880000000002
189	protein3	208.6	4.0	1.2433333999999998
189	r2	14.8	0.0	0.0
189	rnapol	0.2	0.0	0.0
190	__protein1_rbs	13.2	0.0	0.0
190	__protein2_rbs	12.4	0.0	0.0
190	__protein3_rbs	3.0	0.0	0.0
190	__ribosome	25.4	0.0	0.0
190	__rnase_site_ext	19.8	0.0	0.0
190	p0	1.0	0.0	0.0
190	p1	0.4	0.0	0.0
190	protein1	1007.6	19.2	1.7725360000000001
190	protein2	1035.0	21.2	1.6886148
190	protein3	209.8	4.4	1.2133334000000002
190	r2	15.0	0.0	0.0
190	rnapol	0.2	0.0	0.0
191	__protein1_rbs	12.8	0.0	0.0
191	__protein2_rbs	12.8	0.0	0.0
191	__protein3_rbs	2.2	0.0	0.0
191	__ribosome	26.2	0.0	0.0
191	__rnase_site_ext	19.8	0.0	0.0
191	p0	1.0	0.0	0.0
191	p1	0.6	0.0	0.0
191	protein1	1017.0	19.6	1.6684849999999998
191	protein2	1043.8	21.4	1.6571938000000002
191	protein3	211.0	4.2	1.58
191	r2	14.8	0.0	0.0
191	rnapol	0.2	0.0	0.0
192	__protein1_rbs	13.2	0.0	0.0
192	__protein2_rbs	14.4	0.0	0.0
192	__protein3_rbs	3.2	0.0	0.0
192	__ribosome	24.6	0.0	0.0
192	__rnase_site_ext	19.8	0.0	0.0
192	p0	1.0	0.0	0.0
192	p1	0.6	0.0	0.0
192	protein1	1024.2	19.6	1.7122944
192	protein2	1051.0	21.6	1.671788
192	protein3	212.2	4.4	1.56
192	r2	14.8	0.0	0.0
192	rnapol	0.0	0.0	0.0
193	__protein1_rbs	11.6	0.0	0.0
193	__protein2_rbs	13.6	0.0	0.0
193	__protein3_rbs	3.6	0.0	0.0
193	__ribosome	21.4	0.0	0.0
193	__rnase_site_ext	20.0	0.0	0.0
193	p0	0.8	0.0	0.0
193	p1	0.8	0.0	0.0
193	protein1	1032.0	19.8	1.7269698000000002
193	protein2	1058.2	21.8	1.7586185999999997
193	protein3	213.4	4.6	1.4666666000000002
193	r2	14.6	0.0	0.0
193	rnapol	0.2	0.0	0.0
194	__protein1_rbs	16.0	0.0	0.0
194	__protein2_rbs	13.6	0.0	0.0
194	__protein3_rbs	2.8	0.0	0.0
194	__ribosome	23.2	0.0	0.0
194	__rnase_site_ext	20.0	0.0	0.0
194	p0	0.6	0.0	0.0
194	p1	0.8	0.0	0.0
194	protein1	1039.0	19.8	1.5572248000000002
194	protein2	1066.8	21.8	1.7444006
194	protein3	214.4	4.4	1.7966666000000004
194	r2	14.8	0.0	0.0
194	rnapol	0.2	0.0	0.0
195	__protein1_rbs	12.0	0.0	0.0
195	__protein2_rbs	13.8	0.0	0.0
195	__protein3_rbs	2.8	0.0	0.0
195	__ribosome	23.2	0.0	0.0
195	__rnase_site_ext	20.0	0.0	0.0
195	p0	0.4	0.0	0.0
195	p1	0.8	0.0	0.0
195	protein1	1045.0	19.8	1.6801746000000002
195	protein2	1077.0	21.8	1.6636081999999999
195	protein3	216.4	4.0	1.9566666
195	r2	14.8	0.0	0.0
195	rnapol	0.0	0.0	0.0
196	__protein1_rbs	13.2	0.0	0.0
196	__protein2_rbs	15.6	0.0	0.0
196	__protein3_rbs	2.2	0.0	0.0
196	__ribosome	25.8	0.0	0.0
196	__rnase_site_ext	20.2	0.0	0.0
196	p0	1.0	0.0	0.0
196	p1	0.6	0.0	0.0
196	protein1	1054.6	20.0	1.5642954
196	protein2	1085.2	22.0	1.614143
196	protein3	218.2	4.0	1.96
196	r2	15.0	0.0	0.0
196	rnapol	0.2	0.0	0.0
197	__protein1_rbs	11.0	0.0	0.0
197	__protein2_rbs	14.0	0.0	0.0
197	__protein3_rbs	2.6	0.0	0.0
197	__ribosome	24.2	0.0	0.0
197	__rnase_site_ext	20.2	0.0	0.0
197	p0	0.8	0.0	0.0
197	p1	0.8	0.0	0.0
197	protein1	1062.8	20.0	1.6357477999999996
197	protein2	1093.0	21.8	1.6701054000000002
197	protein3	220.0	4.0	1.8266668000000004
197	r2	15.4	0.0	0.0
197	rnapol	0.0	0.0	0.0
198	__protein1_rbs	13.0	0.0	0.0
198	__protein2_rbs	15.6	0.0	0.0
198	__protein3_rbs	2.8	0.0	0.0
198	__ribosome	22.6	0.0	0.0
198	__rnase_site_ext	20.2	0.0	0.0
198	p0	0.8	0.0	0.0
198	p1	0.8	0.0	0.0
198	protein1	1067.2	20.0	1.8246508
198	protein2	1101.6	22.0	1.5812306
198	protein3	222.0	4.2	1.6233334
198	r2	15.4	0.0	0.0
198	rnapol	0.0	0.0	0.0
199	__protein1_rbs	11.8	0.0	0.0
199	__protein2_rbs	13.2	0.0	0.0
199	__protein3_rbs	2.6	0.0	0.0
199	__ribosome	20.8	0.0	0.0
199	__rnase_site_ext	20.0	0.0	0.0
199	p0	1.0	0.0	0.0
199	p1	0.8	0.0	0.0
199	protein1	1074.4	19.8	1.9285668000000002
199	protein2	1110.4	21.2	1.6507999999999998
199	protein3	223.4	4.2	1.8833334
199	r2	15.2	0.0	0.0
199	rnapol	0.0	0.0	0.0
200	__protein1_rbs	14.0	0.0	0.0
200	__protein2_rbs	13.8	0.0	0.0
200	__protein3_rbs	2.6	0.0	0.0
200	__ribosome	21.8	0.0	0.0
200	__rnase_site_ext	19.6	0.0	0.0
200	p0	1.0	0.0	0.0
200	p1	0.8	0.0	0.0
200	protein1	1082.8	19.8	1.7924242
200	protein2	1117.2	21.2	1.692389
200	protein3	224.8	4.2	1.9333334
200	r2	15.0	0.0	0.0
200	rnapol	0.2	0.0	0.0
201	__protein1_rbs	13.8	0.0	0.0
201	__protein2_rbs	14.4	0.0	0.0
201	__protein3_rbs	3.2	0.0	0.0
201	__ribosome	26.2	0.0	0.0
201	__rnase_site_ext	19.6	0.0	0.0
201	p0	0.8	0.0	0.0
201	p1	0.4	0.0	0.0
201	protein1	1092.0	19.8	1.6763637999999998
201	protein2	1126.6	21.0	1.621453
201	protein3	226.4	4.4	1.7880952
201	r2	15.0	0.0	0.0
201	rnapol	0.0	0.0	0.0
202	__protein1_rbs	11.8	0.0	0.0
202	__protein2_rbs	13.0	0.0	0.0
202	__protein3_rbs	3.4	0.0	0.0
202	__ribosome	26.2	0.0	0.0
202	__rnase_site_ext	19.8	0.0	0.0
202	p0	0.6	0.0	0.0
202	p1	0.6	0.0	0.0
202	protein1	1101.4	19.6	1.6472563999999998
202	protein2	1134.4	20.8	1.6964723999999998
202	protein3	228.6	4.6	1.5761903999999998
202	r2	15.2	0.0	0.0
202	rnapol	0.0	0.0	0.0
203	__protein1_rbs	12.2	0.0	0.0
203	__protein2_rbs	13.0	0.0	0.0
203	__protein3_rbs	3.0	0.0	0.0
203	__ribosome	24.2	0.0	0.0
203	__rnase_site_ext	19.8	0.0	0.0
203	p0	0.8	0.0	0.0
203	p1	0.4	0.0	0.0
203	protein1	1108.0	19.6	1.7164286000000004
203	protein2	1142.8	21.0	1.700797
203	protein3	229.8	4.6	1.7309526000000002
203	r2	15.4	0.0	0.0
203	rnapol	0.0	0.0	0.0
204	__protein1_rbs	12.8	0.0	0.0
204	__protein2_rbs	13.8	0.0	0.0
204	__protein3_rbs	2.4	0.0	0.0
204	__ribosome	22.8	0.0	0.0
204	__rnase_site_ext	20.0	0.0	0.0
204	p0	0.8	0.0	0.0
204	p1	0.6	0.0	0.0
204	protein1	1117.0	19.6	1.6353507999999999
204	protein2	1149.6	21.6	1.7693308
204	protein3	231.6	4.6	1.8309523999999997
204	r2	15.4	0.0	0.0
204	rnapol	0.0	0.0	0.0
205	__protein1_rbs	12.4	0.0	0.0
205	__protein2_rbs	14.4	0.0	0.0
205	__protein3_rbs	3.6	0.0	0.0
205	__ribosome	22.8	0.0	0.0
205	__rnase_site_ext	19.4	0.0	0.0
205	p0	0.4	0.0	0.0
205	p1	0.6	0.0	0.0
205	protein1	1123.0	19.8	1.6945138
205	protein2	1158.8	21.8	1.7119896
205	protein3	233.6	4.6	1.75
205	r2	15.0	0.0	0.0
205	rnapol	0.0	0.0	0.0
206	__protein1_rbs	13.2	0.0	0.0
206	__protein2_rbs	15.6	0.0	0.0
206	__protein3_rbs	3.4	0.0	0.0
206	__ribosome	23.0	0.0	0.0
206	__rnase_site_ext	19.8	0.0	0.0
206	p0	1.0	0.0	0.0
206	p1	1.0	0.0	0.0
206	protein1	1130.2	19.4	1.6875832
206	protein2	1166.2	22.0	1.715887
206	protein3	235.6	4.8	1.6404761999999995
206	r2	14.8	0.0	0.0
206	rnapol	0.0	0.0	0.0
207	__protein1_rbs	12.8	0.0	0.0
207	__protein2_rbs	14.0	0.0	0.0
207	__protein3_rbs	4.0	0.0	0.0
207	__ribosome	22.8	0.0	0.0
207	__rnase_site_ext	19.8	0.0	0.0
207	p0	0.8	0.0	0.0
207	p1	1.0	0.0	0.0
207	protein1	1139.2	19.6	1.5696629999999998
207	protein2	1174.0	22.0	1.8365942
207	protein3	237.0	4.8	1.5666666
207	r2	14.6	0.0	0.0
207	rnapol	0.2	0.0	0.0
208	__protein1_rbs	12.6	0.0	0.0
208	__protein2_rbs	14.6	0.0	0.0
208	__protein3_rbs	3.8	0.0	0.0
208	__ribosome	25.2	0.0	0.0
208	__rnase_site_ext	19.6	0.0	0.0
208	p0	1.0	0.0	0.0
208	p1	0.8	0.0	0.0
208	protein1	1146.6	19.6	1.5830778000000003
208	protein2	1184.4	21.8	1.7441251999999998
208	protein3	239.0	4.8	1.3619048
208	r2	14.8	0.0	0.0
208	rnapol	0.4	0.0	0.0
209	__protein1_rbs	13.0	0.0	0.0
209	__protein2_rbs	13.6	0.0	0.0
209	__protein3_rbs	3.4	0.0	0.0
209	__ribosome	26.4	0.0	0.0
209	__rnase_site_ext	19.8	0.0	0.0
209	p0	0.8	0.0	0.0
209	p1	0.6	0.0	0.0
209	protein1	1153.8	19.6	1.617355
209	protein2	1194.6	21.8	1.6976284
209	protein3	241.2	4.8	1.2238094
209	r2	15.0	0.0	0.0
209	rnapol	0.0	0.0	0.0
210	__protein1_rbs	13.0	0.0	0.0
210	__protein2_rbs	15.8	0.0	0.0
210	__protein3_rbs	4.2	0.0	0.0
210	__ribosome	24.2	0.0	0.0
210	__rnase_site_ext	20.2	0.0	0.0
210	p0	0.8	0.0	0.0
210	p1	0.6	0.0	0.0
210	protein1	1160.6	19.6	1.673611
210	protein2	1200.8	21.8	1.7268148
210	protein3	242.4	5.2	1.1
210	r2	15.0	0.0	0.0
210	rnapol	0.0	0.0	0.0
211	__protein1_rbs	13.2	0.0	0.0
211	__protein2_rbs	15.8	0.0	0.0
211	__protein3_rbs	3.8	0.0	0.0
211	__ribosome	24.2	0.0	0.0
211	__rnase_site_ext	20.2	0.0	0.0
211	p0	1.0	0.0	0.0
211	p1	0.8	0.0	0.0
211	protein1	1167.0	19.8	1.7602654000000002
211	protein2	1210.2	21.8	1.5954013999999999
211	protein3	243.6	5.4	1.2571428
211	r2	14.6	0.0	0.0
211	rnapol	0.2	0.0	0.0
212	__protein1_rbs	13.6	0.0	0.0
212	__protein2_rbs	13.4	0.0	0.0
212	__protein3_rbs	3.2	0.0	0.0
212	__ribosome	25.6	0.0	0.0
212	__rnase_site_ext	20.4	0.0	0.0
212	p0	0.8	0.0	0.0
212	p1	0.4	0.0	0.0
212	protein1	1176.0	20.0	1.6442666000000001
212	protein2	1219.6	21.8	1.6007082
212	protein3	245.2	5.4	1.3678572
212	r2	14.4	0.0	0.0
212	rnapol	0.0	0.0	0.0
213	__protein1_rbs	12.2	0.0	0.0
213	__protein2_rbs	15.0	0.0	0.0
213	__protein3_rbs	3.6	0.0	0.0
213	__ribosome	22.6	0.0	0.0
213	__rnase_site_ext	19.6	0.0	0.0
213	p0	1.0	0.0	0.0
213	p1	0.4	0.0	0.0
213	protein1	1183.0	20.2	1.7268591999999998
213	protein2	1227.4	21.6	1.6594045999999998
213	protein3	246.6	4.8	1.5619048
213	r2	14.4	0.0	0.0
213	rnapol	0.0	0.0	0.0
214	__protein1_rbs	13.0	0.0	0.0
214	__protein2_rbs	15.6	0.0	0.0
214	__protein3_rbs	3.2	0.0	0.0
214	__ribosome	24.4	0.0	0.0
214	__rnase_site_ext	19.8	0.0	0.0
214	p0	0.6	0.0	0.0
214	p1	0.8	0.0	0.0
214	protein1	1192.4	19.4	1.7152256
214	protein2	1235.6	22.0	1.6074677999999998
214	protein3	248.4	4.8	1.7857142
214	r2	14.8	0.0	0.0
214	rnapol	0.4	0.0	0.0
215	__protein1_rbs	14.0	0.0	0.0
215	__protein2_rbs	14.0	0.0	0.0
215	__protein3_rbs	2.8	0.0	0.0
215	__ribosome	23.0	0.0	0.0
215	__rnase_site_ext	19.8	0.0	0.0
215	p0	0.6	0.0	0.0
215	p1	0.4	0.0	0.0
215	protein1	1199.2	19.6	1.6667198
215	protein2	1242.6	21.8	1.6913523999999998
215	protein3	251.0	4.8	1.6952379999999998
215	r2	15.0	0.0	0.0
215	rnapol	0.4	0.0	0.0
216	__protein1_rbs	11.8	0.0	0.0
216	__protein2_rbs	13.4	0.0	0.0
216	__protein3_rbs	3.0	0.0	0.0
216	__ribosome	18.2	0.0	0.0
216	__rnase_site_ext	20.2	0.0	0.0
216	p0	1.0	0.0	0.0
216	p1	0.6	0.0	0.0
216	protein1	1205.8	19.6	1.7826568000000005
216	protein2	1249.8	21.4	1.8127343999999996
216	protein3	252.2	4.6	1.9
216	r2	15.0	0.0	0.0
216	rnapol	0.0	0.0	0.0
217	__protein1_rbs	14.6	0.0	0.0
217	__protein2_rbs	14.4	0.0	0.0
217	__protein3_rbs	3.0	0.0	0.0
217	__ribosome	23.0	0.0	0.0
217	__rnase_site_ext	20.2	0.0	0.0
217	p0	1.0	0.0	0.0
217	p1	0.6	0.0	0.0
217	protein1	1215.2	20.0	1.6093263999999998
217	protein2	1259.4	21.8	1.7189464
217	protein3	254.0	4.6	1.8
217	r2	14.8	0.0	0.0
217	rnapol	0.2	0.0	0.0
218	__protein1_rbs	14.0	0.0	0.0
218	__protein2_rbs	14.8	0.0	0.0
218	__protein3_rbs	3.4	0.0	0.0
218	__ribosome	23.8	0.0	0.0
218	__rnase_site_ext	20.2	0.0	0.0
218	p0	0.8	0.0	0.0
218	p1	1.0	0.0	0.0
218	protein1	1223.4	20.0	1.6028948
218	protein2	1267.4	22.0	1.721693
218	protein3	256.4	4.6	1.5833334
218	r2	15.4	0.0	0.0
218	rnapol	0.2	0.0	0.0
219	__protein1_rbs	12.0	0.0	0.0
219	__protein2_rbs	15.6	0.0	0.0
219	__protein3_rbs	3.0	0.0	0.0
219	__ribosome	25.2	0.0	0.0
219	__rnase_site_ext	20.6	0.0	0.0
219	p0	1.0	0.0	0.0
219	p1	0.8	0.0	0.0
219	protein1	1230.2	20.0	1.7281959999999998
219	protein2	1277.2	21.8	1.5717056
219	protein3	258.6	4.8	1.5366666000000002
219	r2	15.4	0.0	0.0
219	rnapol	0.0	0.0	0.0
220	__protein1_rbs	14.0	0.0	0.0
220	__protein2_rbs	12.8	0.0	0.0
220	__protein3_rbs	3.6	0.0	0.0
220	__ribosome	22.6	0.0	0.0
220	__rnase_site_ext	20.4	0.0	0.0
220	p0	0.8	0.0	0.0
220	p1	1.0	0.0	0.0
220	protein1	1236.2	20.4	1.7554848
220	protein2	1285.0	21.4	1.6861886000000001
220	protein3	260.0	4.8	1.5666666
220	r2	15.4	0.0	0.0
220	rnapol	0.0	0.0	0.0
221	__protein1_rbs	13.6	0.0	0.0
221	__protein2_rbs	13.2	0.0	0.0
221	__protein3_rbs	3.2	0.0	0.0
221	__ribosome	23.0	0.0	0.0
221	__rnase_site_ext	20.8	0.0	0.0
221	p0	0.4	0.0	0.0
221	p1	0.6	0.0	0.0
221	protein1	1245.4	20.2	1.6924845999999998
221	protein2	1293.8	21.6	1.7015194
221	protein3	262.2	5.0	1.5166667999999999
221	r2	15.2	0.0	0.0
221	rnapol	0.0	0.0	0.0
222	__protein1_rbs	12.8	0.0	0.0
222	__protein2_rbs	14.2	0.0	0.0
222	__protein3_rbs	3.6	0.0	0.0
222	__ribosome	22.6	0.0	0.0
222	__rnase_site_ext	21.2	0.0	0.0
222	p0	1.0	0.0	0.0
222	p1	0.2	0.0	0.0
222	protein1	1253.6	20.6	1.6600426
222	protein2	1301.4	21.4	1.7122422
222	protein3	263.4	5.0	1.6033331999999998
222	r2	15.6	0.0	0.0
222	rnapol	0.2	0.0	0.0
223	__protein1_rbs	14.6	0.0	0.0
223	__protein2_rbs	15.6	0.0	0.0
223	__protein3_rbs	3.2	0.0	0.0
223	__ribosome	23.6	0.0	0.0
223	__rnase_site_ext	20.8	0.0	0.0
223	p0	0.6	0.0	0.0
223	p1	0.8	0.0	0.0
223	protein1	1260.4	21.0	1.6112698
223	protein2	1309.8	21.6	1.6754454
223	protein3	265.8	5.0	1.4566668
223	r2	15.0	0.0	0.0
223	rnapol	0.2	0.0	0.0
224	__protein1_rbs	14.0	0.0	0.0
224	__protein2_rbs	14.4	0.0	0.0
224	__protein3_rbs	3.6	0.0	0.0
224	__ribosome	24.8	0.0	0.0
224	__rnase_site_ext	21.0	0.0	0.0
224	p0	0.8	0.0	0.0
224	p1	0.6	0.0	0.0
224	protein1	1269.4	20.4	1.5497988
224	protein2	1318.0	22.2	1.6446936
224	protein3	266.8	5.0	1.5666668
224	r2	14.8	0.0	0.0
224	rnapol	0.0	0.0	0.0
225	__protein1_rbs	14.8	0.0	0.0
225	__protein2_rbs	14.4	0.0	0.0
225	__protein3_rbs	3.0	0.0	0.0
225	__ribosome	25.0	0.0	0.0
225	__rnase_site_ext	21.0	0.0	0.0
225	p0	1.0	0.0	0.0
225	p1	0.8	0.0	0.0
225	protein1	1275.6	20.8	1.5490000000000002
225	protein2	1326.6	21.8	1.6477282000000002
225	protein3	269.0	5.0	1.5366665999999998
225	r2	14.8	0.0	0.0
225	rnapol	0.0	0.0	0.0
226	__protein1_rbs	13.6	0.0	0.0
226	__protein2_rbs	13.8	0.0	0.0
226	__protein3_rbs	3.8	0.0	0.0
226	__ribosome	27.6	0.0	0.0
226	__rnase_site_ext	21.0	0.0	0.0
226	p0	0.6	0.0	0.0
226	p1	0.6	0.0	0.0
226	protein1	1284.4	20.8	1.4873332
226	protein2	1337.0	21.8	1.6536385999999996
226	protein3	270.8	5.0	1.4433332
226	r2	14.6	0.0	0.0
226	rnapol	0.2	0.0	0.0
227	__protein1_rbs	14.2	0.0	0.0
227	__protein2_rbs	13.2	0.0	0.0
227	__protein3_rbs	3.0	0.0	0.0
227	__ribosome	24.6	0.0	0.0
227	__rnase_site_ext	20.8	0.0	0.0
227	p0	0.8	0.0	0.0
227	p1	0.6	0.0	0.0
227	protein1	1291.0	20.8	1.563052
227	protein2	1344.4	21.8	1.730117
227	protein3	272.6	4.8	1.6233334
227	r2	14.6	0.0	0.0
227	rnapol	0.0	0.0	0.0
228	__protein1_rbs	13.4	0.0	0.0
228	__protein2_rbs	13.8	0.0	0.0
228	__protein3_rbs	3.6	0.0	0.0
228	__ribosome	24.6	0.0	0.0
228	__rnase_site_ext	21.0	0.0	0.0
228	p0	0.8	0.0	0.0
228	p1	0.6	0.0	0.0
228	protein1	1299.4	21.0	1.5319856
228	protein2	1352.8	21.8	1.7078810000000002
228	protein3	274.4	5.0	1.4933332000000001
228	r2	14.4	0.0	0.0
228	rnapol	0.2	0.0	0.0
229	__protein1_rbs	14.8	0.0	0.0
229	__protein2_rbs	15.4	0.0	0.0
229	__protein3_rbs	4.4	0.0	0.0
229	__ribosome	25.2	0.0	0.0
229	__rnase_site_ext	21.0	0.0	0.0
229	p0	0.8	0.0	0.0
229	p1	0.8	0.0	0.0
229	protein1	1305.8	20.8	1.5247508
229	protein2	1361.2	22.2	1.673095
229	protein3	276.0	5.2	1.4190476
229	r2	14.6	0.0	0.0
229	rnapol	0.2	0.0	0.0
230	__protein1_rbs	11.8	0.0	0.0
230	__protein2_rbs	13.2	0.0	0.0
230	__protein3_rbs	3.8	0.0	0.0
230	__ribosome	21.4	0.0	0.0
230	__rnase_site_ext	21.2	0.0	0.0
230	p0	0.8	0.0	0.0
230	p1	0.4	0.0	0.0
230	protein1	1312.4	20.6	1.6808112000000002
230	protein2	1370.0	21.8	1.769691
230	protein3	277.6	4.8	1.3828571999999997
230	r2	14.6	0.0	0.0
230	rnapol	0.0	0.0	0.0
231	__protein1_rbs	14.2	0.0	0.0
231	__protein2_rbs	15.8	0.0	0.0
231	__protein3_rbs	3.4	0.0	0.0
231	__ribosome	24.6	0.0	0.0
231	__rnase_site_ext	20.8	0.0	0.0
231	p0	0.8	0.0	0.0
231	p1	0.8	0.0	0.0
231	protein1	1321.4	21.0	1.5786389999999997
231	protein2	1379.0	21.8	1.6406683999999998
231	protein3	278.8	5.2	1.3980951999999998
231	r2	14.6	0.0	0.0
231	rnapol	0.2	0.0	0.0
232	__protein1_rbs	12.8	0.0	0.0
232	__protein2_rbs	14.0	0.0	0.0
232	__protein3_rbs	4.0	0.0	0.0
232	__ribosome	24.4	0.0	0.0
232	__rnase_site_ext	21.2	0.0	0.0
232	p0	0.8	0.0	0.0
232	p1	0.6	0.0	0.0
232	protein1	1329.2	20.6	1.707862
232	protein2	1387.8	22.0	1.6303173999999998
232	protein3	281.8	5.2	1.0476192000000002
232	r2	15.0	0.0	0.0
232	rnapol	0.0	0.0	0.0
233	__protein1_rbs	14.0	0.0	0.0
233	__protein2_rbs	15.2	0.0	0.0
233	__protein3_rbs	3.2	0.0	0.0
233	__ribosome	22.0	0.0	0.0
233	__rnase_site_ext	21.0	0.0	0.0
233	p0	0.6	0.0	0.0
233	p1	0.8	0.0	0.0
233	protein1	1336.8	21.0	1.6928572
233	protein2	1395.6	22.0	1.6528572
233	protein3	282.2	5.2	1.4314285999999998
233	r2	15.0	0.0	0.0
233	rnapol	0.0	0.0	0.0
234	__protein1_rbs	15.4	0.0	0.0
234	__protein2_rbs	15.4	0.0	0.0
234	__protein3_rbs	3.0	0.0	0.0
234	__ribosome	26.4	0.0	0.0
234	__rnase_site_ext	21.2	0.0	0.0
234	p0	0.8	0.0	0.0
234	p1	0.6	0.0	0.0
234	protein1	1345.6	20.6	1.5672376000000001
234	protein2	1405.6	22.4	1.516336
234	protein3	283.8	5.2	1.6800000000000002
234	r2	14.2	0.0	0.0
234	rnapol	0.0	0.0	0.0
235	__protein1_rbs	14.8	0.0	0.0
235	__protein2_rbs	14.4	0.0	0.0
235	__protein3_rbs	3.4	0.0	0.0
235	__ribosome	26.0	0.0	0.0
235	__rnase_site_ext	21.8	0.0	0.0
235	p0	0.8	0.0	0.0
235	p1	0.8	0.0	0.0
235	protein1	1354.0	21.2	1.458236
235	protein2	1413.8	22.6	1.567756
235	protein3	285.6	5.4	1.6390476000000003
235	r2	14.2	0.0	0.0
235	rnapol	0.2	0.0	0.0
236	__protein1_rbs	16.4	0.0	0.0
236	__protein2_rbs	15.4	0.0	0.0
236	__protein3_rbs	3.8	0.0	0.0
236	__ribosome	27.2	0.0	0.0
236	__rnase_site_ext	22.4	0.0	0.0
236	p0	0.6	0.0	0.0
236	p1	0.6	0.0	0.0
236	protein1	1362.0	21.6	1.3351247999999998
236	protein2	1422.2	22.6	1.6136320000000002
236	protein3	287.8	5.4	1.5757141999999995
236	r2	13.2	0.0	0.0
236	rnapol	0.0	0.0	0.0
237	__protein1_rbs	13.2	0.0	0.0
237	__protein2_rbs	16.0	0.0	0.0
237	__protein3_rbs	4.2	0.0	0.0
237	__ribosome	24.0	0.0	0.0
237	__rnase_site_ext	21.8	0.0	0.0
237	p0	0.8	0.0	0.0
237	p1	0.6	0.0	0.0
237	protein1	1370.2	22.2	1.3997392
237	protein2	1430.4	22.4	1.6548864
237	protein3	289.0	5.4	1.5761906
237	r2	13.2	0.0	0.0
237	rnapol	0.0	0.0	0.0
238	__protein1_rbs	14.6	0.0	0.0
238	__protein2_rbs	14.8	0.0	0.0
238	__protein3_rbs	4.2	0.0	0.0
238	__ribosome	22.2	0.0	0.0
238	__rnase_site_ext	22.0	0.0	0.0
238	p0	0.8	0.0	0.0
238	p1	0.8	0.0	0.0
238	protein1	1376.4	21.8	1.5290586000000002
238	protein2	1437.6	22.2	1.697439
238	protein3	291.6	5.4	1.3628572
238	r2	13.0	0.0	0.0
238	rnapol	0.0	0.0	0.0
239	__protein1_rbs	14.2	0.0	0.0
239	__protein2_rbs	14.6	0.0	0.0
239	__protein3_rbs	3.8	0.0	0.0
239	__ribosome	20.0	0.0	0.0
239	__rnase_site_ext	21.6	0.0	0.0
239	p0	1.0	0.0	0.0
239	p1	0.6	0.0	0.0
239	protein1	1382.4	21.4	1.6643131999999998
239	protein2	1446.8	22.4	1.6882694
239	protein3	292.8	5.4	1.41
239	r2	13.2	0.0	0.0
239	rnapol	0.2	0.0	0.0
240	__protein1_rbs	15.2	0.0	0.0
240	__protein2_rbs	15.6	0.0	0.0
240	__protein3_rbs	3.8	0.0	0.0
240	__ribosome	21.4	0.0	0.0
240	__rnase_site_ext	21.6	0.0	0.0
240	p0	0.8	0.0	0.0
240	p1	0.6	0.0	0.0
240	protein1	1388.4	21.4	1.7142177999999997
240	protein2	1456.6	22.4	1.649568
240	protein3	296.0	5.2	1.1642858
240	r2	13.0	0.0	0.0
240	rnapol	0.2	0.0	0.0
241	__protein1_rbs	13.6	0.0	0.0
241	__protein2_rbs	16.0	0.0	0.0
241	__protein3_rbs	3.6	0.0	0.0
241	__ribosome	24.6	0.0	0.0
241	__rnase_site_ext	21.2	0.0	0.0
241	p0	0.8	0.0	0.0
241	p1	0.0	0.0	0.0
241	protein1	1399.8	21.2	1.6022872
241	protein2	1465.2	22.6	1.583644
241	protein3	297.2	5.0	1.3257142
241	r2	13.2	0.0	0.0
241	rnapol	0.0	0.0	0.0
242	__protein1_rbs	13.2	0.0	0.0
242	__protein2_rbs	16.0	0.0	0.0
242	__protein3_rbs	3.0	0.0	0.0
242	__ribosome	23.6	0.0	0.0
242	__rnase_site_ext	20.6	0.0	0.0
242	p0	0.8	0.0	0.0
242	p1	0.4	0.0	0.0
242	protein1	1407.6	21.0	1.6731936
242	protein2	1473.6	23.0	1.5447052
242	protein3	299.0	4.4	1.6333334000000002
242	r2	13.2	0.0	0.0
242	rnapol	0.0	0.0	0.0
243	__protein1_rbs	14.0	0.0	0.0
243	__protein2_rbs	15.0	0.0	0.0
243	__protein3_rbs	3.4	0.0	0.0
243	__ribosome	24.0	0.0	0.0
243	__rnase_site_ext	20.6	0.0	0.0
243	p0	0.8	0.0	0.0
243	p1	0.8	0.0	0.0
243	protein1	1415.8	20.4	1.7215728
243	protein2	1483.6	23.2	1.4860183999999999
243	protein3	300.4	4.6	1.5842858
243	r2	13.4	0.0	0.0
243	rnapol	0.0	0.0	0.0
244	__protein1_rbs	12.6	0.0	0.0
244	__protein2_rbs	16.0	0.0	0.0
244	__protein3_rbs	2.4	0.0	0.0
244	__ribosome	21.0	0.0	0.0
244	__rnase_site_ext	20.4	0.0	0.0
244	p0	1.0	0.0	0.0
244	p1	0.8	0.0	0.0
244	protein1	1423.0	20.2	1.8562084
244	protein2	1491.4	23.4	1.4911633999999998
244	protein3	302.0	4.6	1.6809523999999998
244	r2	13.2	0.0	0.0
244	rnapol	0.0	0.0	0.0
245	__protein1_rbs	14.0	0.0	0.0
245	__protein2_rbs	15.8	0.0	0.0
245	__protein3_rbs	3.6	0.0	0.0
245	__ribosome	24.0	0.0	0.0
245	__rnase_site_ext	20.2	0.0	0.0
245	p0	0.4	0.0	0.0
245	p1	0.6	0.0	0.0
245	protein1	1432.4	20.2	1.7636238000000002
245	protein2	1500.8	23.0	1.498625
245	protein3	303.8	4.6	1.4628571999999995
245	r2	13.6	0.0	0.0
245	rnapol	0.0	0.0	0.0
246	__protein1_rbs	12.8	0.0	0.0
246	__protein2_rbs	16.6	0.0	0.0
246	__protein3_rbs	2.8	0.0	0.0
246	__ribosome	23.0	0.0	0.0
246	__rnase_site_ext	20.8	0.0	0.0
246	p0	0.8	0.0	0.0
246	p1	0.6	0.0	0.0
246	protein1	1441.0	20.0	1.7385508
246	protein2	1508.0	23.0	1.538196
246	protein3	305.6	4.8	1.5642858
246	r2	13.6	0.0	0.0
246	rnapol	0.6	0.0	0.0
247	__protein1_rbs	13.4	0.0	0.0
247	__protein2_rbs	15.0	0.0	0.0
247	__protein3_rbs	2.4	0.0	0.0
247	__ribosome	18.6	0.0	0.0
247	__rnase_site_ext	21.0	0.0	0.0
247	p0	1.0	0.0	0.0
247	p1	0.4	0.0	0.0
247	protein1	1448.4	20.6	1.7591797999999998
247	protein2	1515.8	23.2	1.6110365999999998
247	protein3	307.2	4.8	1.7861906000000003
247	r2	14.2	0.0	0.0
247	rnapol	0.6	0.0	0.0
248	__protein1_rbs	13.2	0.0	0.0
248	__protein2_rbs	16.4	0.0	0.0
248	__protein3_rbs	3.2	0.0	0.0
248	__ribosome	23.0	0.0	0.0
248	__rnase_site_ext	21.8	0.0	0.0
248	p0	0.6	0.0	0.0
248	p1	0.8	0.0	0.0
248	protein1	1458.6	20.8	1.6714722000000002
248	protein2	1525.6	23.4	1.5157564
248	protein3	309.6	4.6	1.6723807999999998
248	r2	14.0	0.0	0.0
248	rnapol	0.0	0.0	0.0
249	__protein1_rbs	13.6	0.0	0.0
249	__protein2_rbs	17.0	0.0	0.0
249	__protein3_rbs	2.2	0.0	0.0
249	__ribosome	18.8	0.0	0.0
249	__rnase_site_ext	21.6	0.0	0.0
249	p0	0.8	0.0	0.0
249	p1	0.8	0.0	0.0
249	protein1	1466.2	21.6	1.6738732000000005
249	protein2	1534.2	23.4	1.5591738000000002
249	protein3	310.6	4.6	2.110476
249	r2	13.8	0.0	0.0
249	rnapol	0.0	0.0	0.0
250	__protein1_rbs	16.0	0.0	0.0
250	__protein2_rbs	16.8	0.0	0.0
250	__protein3_rbs	2.8	0.0	0.0
250	__ribosome	18.2	0.0	0.0
250	__rnase_site_ext	21.2	0.0	0.0
250	p0	0.8	0.0	0.0
250	p1	0.8	0.0	0.0
250	protein1	1472.4	21.2	1.7428354
250	protein2	1542.0	23.6	1.5687362000000002
250	protein3	312.6	4.4	2.0866666
250	r2	13.8	0.0	0.0
250	rnapol	0.2	0.0	0.0
