time	species	protein	transcript	ribo_density
0	__protein1_rbs	0.0	0.0	0.0
0	__protein2_rbs	0.0	0.0	0.0
0	__protein3_rbs	0.0	0.0	0.0
0	__ribosome	100.0	0.0	0.0
0	__rnase_site_ext	0.0	0.0	0.0
0	p0	1.0	0.0	0.0
0	p2	1.0	0.0	0.0
0	r2	0.0	0.0	0.0
0	rnapol	4.0	0.0	0.0
1	__protein1_rbs	0.0	0.0	0.0
1	__protein2_rbs	0.0	0.0	0.0
1	__protein3_rbs	0.0	0.0	0.0
1	__ribosome	100.0	0.0	0.0
1	__rnase_site_ext	1.2	0.0	0.0
1	p0	0.2	0.0	0.0
1	p2	0.8	0.0	0.0
1	r2	0.0	0.0	0.0
1	rnapol	2.8	0.0	0.0
2	__protein1_rbs	0.6	0.0	0.0
2	__protein2_rbs	0.0	0.0	0.0
2	__protein3_rbs	0.0	0.0	0.0
2	__ribosome	99.8	0.0	0.0
2	__rnase_site_ext	1.6	0.0	0.0
2	p0	0.6	0.0	0.0
2	p2	1.0	0.0	0.0
2	protein1	0.0	0.8	0.2
2	r2	0.0	0.0	0.0
2	rnapol	2.4	0.0	0.0
3	__protein1_rbs	0.8	0.0	0.0
3	__protein2_rbs	0.0	0.0	0.0
3	__protein3_rbs	0.0	0.0	0.0
3	__ribosome	99.0	0.0	0.0
3	__rnase_site_ext	2.0	0.0	0.0
3	p0	0.4	0.0	0.0
3	p2	1.0	0.0	0.0
3	protein1	0.0	1.2	0.6
3	protein3	0.0	0.2	0.2
3	r2	0.0	0.0	0.0
3	rnapol	1.8	0.0	0.0
4	__protein1_rbs	0.0	0.0	0.0
4	__protein2_rbs	0.0	0.0	0.0
4	__protein3_rbs	0.2	0.0	0.0
4	__ribosome	97.4	0.0	0.0
4	__rnase_site_ext	2.6	0.0	0.0
4	p0	0.6	0.0	0.0
4	p2	1.0	0.0	0.0
4	protein1	0.0	1.6	1.5
4	protein3	0.0	0.2	0.2
4	r2	0.0	0.0	0.0
4	rnapol	1.2	0.0	0.0
5	__protein1_rbs	0.4	0.0	0.0
5	__protein2_rbs	0.0	0.0	0.0
5	__protein3_rbs	0.2	0.0	0.0
5	__ribosome	96.0	0.0	0.0
5	__rnase_site_ext	3.0	0.0	0.0
5	p0	0.8	0.0	0.0
5	p2	1.0	0.0	0.0
5	protein1	0.0	2.2	1.7333333999999998
5	protein3	0.0	0.2	0.2
5	r2	0.0	0.0	0.0
5	rnapol	1.0	0.0	0.0
6	__protein1_rbs	0.6	0.0	0.0
6	__protein2_rbs	0.0	0.0	0.0
6	__protein3_rbs	0.0	0.0	0.0
6	__ribosome	94.4	0.0	0.0
6	__rnase_site_ext	3.0	0.0	0.0
6	p0	1.0	0.0	0.0
6	p2	1.0	0.0	0.0
6	protein1	0.0	2.6	2.0
6	protein3	0.0	0.2	0.4
6	r2	0.0	0.0	0.0
6	rnapol	1.0	0.0	0.0
7	__protein1_rbs	0.8	0.0	0.0
7	__protein2_rbs	0.0	0.0	0.0
7	__protein3_rbs	0.2	0.0	0.0
7	__ribosome	92.8	0.0	0.0
7	__rnase_site_ext	3.2	0.0	0.0
7	p0	0.6	0.0	0.0
7	p2	1.0	0.0	0.0
7	protein1	0.2	2.8	2.5333334
7	protein3	0.2	0.2	0.2
7	r2	0.0	0.0	0.0
7	rnapol	0.6	0.0	0.0
8	__protein1_rbs	0.4	0.0	0.0
8	__protein2_rbs	0.0	0.0	0.0
8	__protein3_rbs	0.2	0.0	0.0
8	__ribosome	91.4	0.0	0.0
8	__rnase_site_ext	3.4	0.0	0.0
8	p0	1.0	0.0	0.0
8	p2	1.0	0.0	0.0
8	protein1	1.0	2.8	2.9666667999999996
8	protein3	0.2	0.2	0.4
8	r2	0.0	0.0	0.0
8	rnapol	0.8	0.0	0.0
9	__protein1_rbs	1.2	0.0	0.0
9	__protein2_rbs	0.2	0.0	0.0
9	__protein3_rbs	0.0	0.0	0.0
9	__ribosome	91.2	0.0	0.0
9	__rnase_site_ext	3.0	0.0	0.0
9	p0	0.8	0.0	0.0
9	p2	1.0	0.0	0.0
9	protein1	2.4	3.0	2.85
9	protein2	0.0	0.2	0.0
9	protein3	0.2	0.2	0.6
9	r2	0.0	0.0	0.0
9	rnapol	0.6	0.0	0.0
10	__protein1_rbs	1.2	0.0	0.0
10	__protein2_rbs	0.0	0.0	0.0
10	__protein3_rbs	0.2	0.0	0.0
10	__ribosome	89.4	0.0	0.0
10	__rnase_site_ext	3.2	0.0	0.0
10	p0	1.0	0.0	0.0
10	p2	1.0	0.0	0.0
10	protein1	3.2	3.0	3.1833332000000003
10	protein2	0.0	0.8	0.8
10	protein3	0.2	0.2	0.6
10	r2	0.0	0.0	0.0
10	rnapol	0.6	0.0	0.0
11	__protein1_rbs	1.6	0.0	0.0
11	__protein2_rbs	0.0	0.0	0.0
11	__protein3_rbs	0.0	0.0	0.0
11	__ribosome	88.4	0.0	0.0
11	__rnase_site_ext	3.6	0.0	0.0
11	p0	0.8	0.0	0.0
11	p2	1.0	0.0	0.0
11	protein1	5.0	3.0	3.1833332000000003
11	protein2	0.0	1.2	1.5
11	protein3	0.4	0.2	0.6
11	r2	0.0	0.0	0.0
11	rnapol	0.2	0.0	0.0
12	__protein1_rbs	1.6	0.0	0.0
12	__protein2_rbs	0.8	0.0	0.0
12	__protein3_rbs	0.0	0.0	0.0
12	__ribosome	88.0	0.0	0.0
12	__rnase_site_ext	3.4	0.0	0.0
12	p0	1.0	0.0	0.0
12	p2	1.0	0.0	0.0
12	protein1	7.0	3.4	2.6333332
12	protein2	0.0	1.6	1.5
12	protein3	0.4	0.2	0.8
12	r2	0.0	0.0	0.0
12	rnapol	0.2	0.0	0.0
13	__protein1_rbs	0.8	0.0	0.0
13	__protein2_rbs	0.8	0.0	0.0
13	__protein3_rbs	0.2	0.0	0.0
13	__ribosome	86.0	0.0	0.0
13	__rnase_site_ext	3.4	0.0	0.0
13	p0	1.0	0.0	0.0
13	p2	1.0	0.0	0.0
13	protein1	8.4	3.2	2.9833334
13	protein2	0.0	2.4	1.7
13	protein3	0.6	0.2	0.6
13	r2	0.0	0.0	0.0
13	rnapol	0.2	0.0	0.0
14	__protein1_rbs	1.2	0.0	0.0
14	__protein2_rbs	1.2	0.0	0.0
14	__protein3_rbs	0.2	0.0	0.0
14	__ribosome	85.6	0.0	0.0
14	__rnase_site_ext	3.4	0.0	0.0
14	p0	1.0	0.0	0.0
14	p2	1.0	0.0	0.0
14	protein1	10.8	3.2	2.9166668
14	protein2	0.4	2.6	1.9
14	protein3	0.8	0.2	0.4
14	r2	0.0	0.0	0.0
14	rnapol	0.6	0.0	0.0
15	__protein1_rbs	1.6	0.0	0.0
15	__protein2_rbs	1.0	0.0	0.0
15	__protein3_rbs	0.0	0.0	0.0
15	__ribosome	84.0	0.0	0.0
15	__rnase_site_ext	3.4	0.0	0.0
15	p0	1.0	0.0	0.0
15	p2	1.0	0.0	0.0
15	protein1	12.2	3.2	2.9833334
15	protein2	1.0	2.8	2.2
15	protein3	0.8	0.2	0.6
15	r2	0.0	0.0	0.0
15	rnapol	1.2	0.0	0.0
16	__protein1_rbs	0.2	0.0	0.0
16	__protein2_rbs	1.4	0.0	0.0
16	__protein3_rbs	0.2	0.0	0.0
16	__ribosome	82.4	0.0	0.0
16	__rnase_site_ext	3.4	0.0	0.0
16	p0	0.6	0.0	0.0
16	p2	1.0	0.0	0.0
16	protein1	14.0	3.2	3.2333332
16	protein2	1.6	3.0	2.4333334
16	protein3	1.0	0.2	0.4
16	r2	0.0	0.0	0.0
16	rnapol	1.0	0.0	0.0
17	__protein1_rbs	1.0	0.0	0.0
17	__protein2_rbs	0.6	0.0	0.0
17	__protein3_rbs	0.0	0.0	0.0
17	__ribosome	79.6	0.0	0.0
17	__rnase_site_ext	3.8	0.0	0.0
17	p0	0.6	0.0	0.0
17	p2	1.0	0.0	0.0
17	protein1	15.0	3.2	3.5666667999999997
17	protein2	2.4	3.0	2.9166666
17	protein3	1.0	0.2	0.6
17	r2	0.2	0.0	0.0
17	rnapol	0.8	0.0	0.0
18	__protein1_rbs	1.4	0.0	0.0
18	__protein2_rbs	2.0	0.0	0.0
18	__protein3_rbs	0.0	0.0	0.0
18	__ribosome	80.8	0.0	0.0
18	__rnase_site_ext	4.0	0.0	0.0
18	p0	0.8	0.0	0.0
18	p2	0.8	0.0	0.0
18	protein1	17.6	3.4	3.0666666
18	protein2	4.0	3.2	2.55
18	protein3	1.2	0.2	0.6
18	r2	0.2	0.0	0.0
18	rnapol	1.4	0.0	0.0
19	__protein1_rbs	0.6	0.0	0.0
19	__protein2_rbs	1.0	0.0	0.0
19	__protein3_rbs	0.2	0.0	0.0
19	__ribosome	78.4	0.0	0.0
19	__rnase_site_ext	4.6	0.0	0.0
19	p0	0.4	0.0	0.0
19	p2	0.8	0.0	0.0
19	protein1	19.6	3.8	3.1333333999999997
19	protein2	5.0	3.4	2.7
19	protein3	1.2	0.2	0.6
19	r2	0.2	0.0	0.0
19	rnapol	1.2	0.0	0.0
20	__protein1_rbs	1.8	0.0	0.0
20	__protein2_rbs	1.4	0.0	0.0
20	__protein3_rbs	0.0	0.0	0.0
20	__ribosome	78.2	0.0	0.0
20	__rnase_site_ext	4.6	0.0	0.0
20	p0	0.4	0.0	0.0
20	p2	1.0	0.0	0.0
20	protein1	21.6	4.4	2.6633334
20	protein2	6.6	3.6	2.75
20	protein3	1.4	0.2	0.6
20	r2	0.2	0.0	0.0
20	rnapol	0.8	0.0	0.0
21	__protein1_rbs	0.4	0.0	0.0
21	__protein2_rbs	1.8	0.0	0.0
21	__protein3_rbs	0.2	0.0	0.0
21	__ribosome	76.0	0.0	0.0
21	__rnase_site_ext	5.2	0.0	0.0
21	p0	0.8	0.0	0.0
21	p2	1.0	0.0	0.0
21	protein1	23.6	4.4	3.0366666
21	protein2	8.2	3.8	2.7333334
21	protein3	1.4	0.2	0.6
21	r2	0.2	0.0	0.0
21	rnapol	0.4	0.0	0.0
22	__protein1_rbs	1.8	0.0	0.0
22	__protein2_rbs	0.8	0.0	0.0
22	__protein3_rbs	0.0	0.0	0.0
22	__ribosome	75.0	0.0	0.0
22	__rnase_site_ext	5.2	0.0	0.0
22	p0	1.0	0.0	0.0
22	p2	1.0	0.0	0.0
22	protein1	25.8	5.0	2.76
22	protein2	10.4	3.8	2.7833334
22	protein3	1.6	0.4	0.8
22	r2	0.2	0.0	0.0
22	rnapol	0.4	0.0	0.0
23	__protein1_rbs	2.2	0.0	0.0
23	__protein2_rbs	1.4	0.0	0.0
23	__protein3_rbs	0.2	0.0	0.0
23	__ribosome	73.4	0.0	0.0
23	__rnase_site_ext	5.4	0.0	0.0
23	p0	0.8	0.0	0.0
23	p2	1.0	0.0	0.0
23	protein1	27.8	5.0	2.84
23	protein2	11.8	3.8	3.0833334
23	protein3	1.6	0.4	1.0
23	r2	0.2	0.0	0.0
23	rnapol	0.4	0.0	0.0
24	__protein1_rbs	1.8	0.0	0.0
24	__protein2_rbs	1.2	0.0	0.0
24	__protein3_rbs	0.2	0.0	0.0
24	__ribosome	72.0	0.0	0.0
24	__rnase_site_ext	5.8	0.0	0.0
24	p0	1.0	0.0	0.0
24	p2	1.0	0.0	0.0
24	protein1	30.0	5.2	2.9771428
24	protein2	14.0	3.8	3.1333333999999997
24	protein3	1.8	0.4	1.0
24	r2	0.2	0.0	0.0
24	rnapol	0.2	0.0	0.0
25	__protein1_rbs	2.4	0.0	0.0
25	__protein2_rbs	1.4	0.0	0.0
25	__protein3_rbs	0.2	0.0	0.0
25	__ribosome	71.0	0.0	0.0
25	__rnase_site_ext	5.6	0.0	0.0
25	p0	1.0	0.0	0.0
25	p2	1.0	0.0	0.0
25	protein1	32.4	5.6	2.8542857999999995
25	protein2	15.6	3.8	3.3
25	protein3	2.0	0.4	0.8
25	r2	0.2	0.0	0.0
25	rnapol	0.4	0.0	0.0
26	__protein1_rbs	2.4	0.0	0.0
26	__protein2_rbs	1.8	0.0	0.0
26	__protein3_rbs	0.2	0.0	0.0
26	__ribosome	72.0	0.0	0.0
26	__rnase_site_ext	5.4	0.0	0.0
26	p0	0.8	0.0	0.0
26	p2	0.8	0.0	0.0
26	protein1	35.8	5.4	2.8209524
26	protein2	18.4	4.0	3.0733334
26	protein3	2.0	0.4	1.0
26	r2	0.4	0.0	0.0
26	rnapol	0.2	0.0	0.0
27	__protein1_rbs	2.0	0.0	0.0
27	__protein2_rbs	1.6	0.0	0.0
27	__protein3_rbs	0.2	0.0	0.0
27	__ribosome	70.4	0.0	0.0
27	__rnase_site_ext	5.6	0.0	0.0
27	p0	1.0	0.0	0.0
27	p2	0.8	0.0	0.0
27	protein1	38.2	5.2	3.0714286
27	protein2	20.6	4.6	2.8600000000000003
27	protein3	2.4	0.4	0.8
27	r2	0.4	0.0	0.0
27	rnapol	0.4	0.0	0.0
28	__protein1_rbs	1.4	0.0	0.0
28	__protein2_rbs	2.0	0.0	0.0
28	__protein3_rbs	0.4	0.0	0.0
28	__ribosome	70.2	0.0	0.0
28	__rnase_site_ext	5.6	0.0	0.0
28	p0	1.0	0.0	0.0
28	p2	1.0	0.0	0.0
28	protein1	41.0	5.4	3.0461906
28	protein2	23.2	5.0	2.6133334
28	protein3	2.6	0.4	0.6
28	r2	0.4	0.0	0.0
28	rnapol	0.4	0.0	0.0
29	__protein1_rbs	1.0	0.0	0.0
29	__protein2_rbs	2.6	0.0	0.0
29	__protein3_rbs	0.2	0.0	0.0
29	__ribosome	69.4	0.0	0.0
29	__rnase_site_ext	5.8	0.0	0.0
29	p0	0.8	0.0	0.0
29	p2	1.0	0.0	0.0
29	protein1	45.0	5.4	2.9333334
29	protein2	25.2	5.4	2.5299998
29	protein3	2.6	0.6	1.2
29	r2	0.4	0.0	0.0
29	rnapol	0.2	0.0	0.0
30	__protein1_rbs	2.4	0.0	0.0
30	__protein2_rbs	2.2	0.0	0.0
30	__protein3_rbs	0.0	0.0	0.0
30	__ribosome	68.0	0.0	0.0
30	__rnase_site_ext	6.0	0.0	0.0
30	p0	0.8	0.0	0.0
30	p2	1.0	0.0	0.0
30	protein1	47.6	5.6	2.8414285999999995
30	protein2	27.6	5.6	2.5666666
30	protein3	2.8	0.6	1.6
30	r2	0.4	0.0	0.0
30	rnapol	0.2	0.0	0.0
31	__protein1_rbs	2.8	0.0	0.0
31	__protein2_rbs	3.2	0.0	0.0
31	__protein3_rbs	0.2	0.0	0.0
31	__ribosome	68.4	0.0	0.0
31	__rnase_site_ext	6.2	0.0	0.0
31	p0	0.6	0.0	0.0
31	p2	1.0	0.0	0.0
31	protein1	51.2	5.8	2.5728572
31	protein2	30.2	5.8	2.5133334
31	protein3	3.0	0.6	1.8
31	r2	0.4	0.0	0.0
31	rnapol	0.2	0.0	0.0
32	__protein1_rbs	2.6	0.0	0.0
32	__protein2_rbs	3.0	0.0	0.0
32	__protein3_rbs	0.2	0.0	0.0
32	__ribosome	67.4	0.0	0.0
32	__rnase_site_ext	6.8	0.0	0.0
32	p0	0.4	0.0	0.0
32	p2	1.0	0.0	0.0
32	protein1	53.0	5.8	2.7642856
32	protein2	32.8	6.2	2.4914286
32	protein3	3.2	0.6	1.6
32	r2	0.4	0.0	0.0
32	rnapol	0.4	0.0	0.0
33	__protein1_rbs	2.4	0.0	0.0
33	__protein2_rbs	2.8	0.0	0.0
33	__protein3_rbs	0.0	0.0	0.0
33	__ribosome	66.4	0.0	0.0
33	__rnase_site_ext	7.2	0.0	0.0
33	p0	1.0	0.0	0.0
33	p2	1.0	0.0	0.0
33	protein1	56.4	6.2	2.6207142
33	protein2	35.8	6.2	2.5371428000000003
33	protein3	3.4	0.6	2.0
33	r2	0.4	0.0	0.0
33	rnapol	0.6	0.0	0.0
34	__protein1_rbs	4.0	0.0	0.0
34	__protein2_rbs	2.2	0.0	0.0
34	__protein3_rbs	0.6	0.0	0.0
34	__ribosome	67.4	0.0	0.0
34	__rnase_site_ext	7.0	0.0	0.0
34	p0	1.0	0.0	0.0
34	p2	1.0	0.0	0.0
34	protein1	60.4	7.0	2.0746824
34	protein2	38.6	6.0	2.7704763999999997
34	protein3	3.8	0.6	1.6
34	r2	0.6	0.0	0.0
34	rnapol	0.8	0.0	0.0
35	__protein1_rbs	1.8	0.0	0.0
35	__protein2_rbs	3.4	0.0	0.0
35	__protein3_rbs	0.0	0.0	0.0
35	__ribosome	65.2	0.0	0.0
35	__rnase_site_ext	7.4	0.0	0.0
35	p0	0.4	0.0	0.0
35	p2	0.8	0.0	0.0
35	protein1	63.0	6.8	2.6127778
35	protein2	41.4	6.2	2.5876189999999997
35	protein3	4.4	0.6	1.6
35	r2	0.6	0.0	0.0
35	rnapol	0.6	0.0	0.0
36	__protein1_rbs	2.8	0.0	0.0
36	__protein2_rbs	2.2	0.0	0.0
36	__protein3_rbs	0.0	0.0	0.0
36	__ribosome	63.0	0.0	0.0
36	__rnase_site_ext	7.8	0.0	0.0
36	p0	0.8	0.0	0.0
36	p2	0.8	0.0	0.0
36	protein1	66.0	6.8	2.6888888
36	protein2	44.0	6.2	2.7485714
36	protein3	4.6	0.6	2.0
36	r2	0.6	0.0	0.0
36	rnapol	0.6	0.0	0.0
37	__protein1_rbs	2.8	0.0	0.0
37	__protein2_rbs	3.2	0.0	0.0
37	__protein3_rbs	0.2	0.0	0.0
37	__ribosome	62.4	0.0	0.0
37	__rnase_site_ext	8.0	0.0	0.0
37	p0	0.8	0.0	0.0
37	p2	0.8	0.0	0.0
37	protein1	68.8	7.4	2.657143
37	protein2	47.2	5.8	2.7847619999999997
37	protein3	5.0	0.6	1.8
37	r2	0.8	0.0	0.0
37	rnapol	0.8	0.0	0.0
38	__protein1_rbs	3.0	0.0	0.0
38	__protein2_rbs	3.0	0.0	0.0
38	__protein3_rbs	0.6	0.0	0.0
38	__ribosome	61.2	0.0	0.0
38	__rnase_site_ext	8.0	0.0	0.0
38	p0	1.0	0.0	0.0
38	p2	0.8	0.0	0.0
38	protein1	71.8	7.6	2.7880954000000004
38	protein2	50.4	6.2	2.575238
38	protein3	5.2	0.8	1.6
38	r2	0.8	0.0	0.0
38	rnapol	0.6	0.0	0.0
39	__protein1_rbs	4.4	0.0	0.0
39	__protein2_rbs	1.6	0.0	0.0
39	__protein3_rbs	0.6	0.0	0.0
39	__ribosome	60.8	0.0	0.0
39	__rnase_site_ext	8.4	0.0	0.0
39	p0	0.8	0.0	0.0
39	p2	1.0	0.0	0.0
39	protein1	76.2	7.8	2.6015874
39	protein2	53.8	6.2	2.7533332
39	protein3	5.4	0.8	1.5
39	r2	0.8	0.0	0.0
39	rnapol	0.2	0.0	0.0
40	__protein1_rbs	2.4	0.0	0.0
40	__protein2_rbs	2.8	0.0	0.0
40	__protein3_rbs	0.6	0.0	0.0
40	__ribosome	58.8	0.0	0.0
40	__rnase_site_ext	8.4	0.0	0.0
40	p0	0.8	0.0	0.0
40	p2	1.0	0.0	0.0
40	protein1	79.8	8.0	2.7880952000000003
40	protein2	57.2	6.6	2.6611906000000003
40	protein3	6.0	1.0	1.2
40	r2	0.8	0.0	0.0
40	rnapol	0.2	0.0	0.0
41	__protein1_rbs	3.8	0.0	0.0
41	__protein2_rbs	4.2	0.0	0.0
41	__protein3_rbs	0.4	0.0	0.0
41	__ribosome	59.2	0.0	0.0
41	__rnase_site_ext	8.6	0.0	0.0
41	p0	0.8	0.0	0.0
41	p2	1.0	0.0	0.0
41	protein1	83.4	8.2	2.7753174
41	protein2	60.2	6.8	2.5107142000000002
41	protein3	6.6	1.0	1.1
41	r2	0.8	0.0	0.0
41	rnapol	0.0	0.0	0.0
42	__protein1_rbs	3.6	0.0	0.0
42	__protein2_rbs	2.4	0.0	0.0
42	__protein3_rbs	0.6	0.0	0.0
42	__ribosome	57.4	0.0	0.0
42	__rnase_site_ext	8.4	0.0	0.0
42	p0	1.0	0.0	0.0
42	p2	1.0	0.0	0.0
42	protein1	88.0	8.4	2.74
42	protein2	63.2	7.0	2.608492
42	protein3	6.8	1.0	1.2
42	r2	0.8	0.0	0.0
42	rnapol	0.2	0.0	0.0
43	__protein1_rbs	3.4	0.0	0.0
43	__protein2_rbs	3.8	0.0	0.0
43	__protein3_rbs	0.6	0.0	0.0
43	__ribosome	56.6	0.0	0.0
43	__rnase_site_ext	8.6	0.0	0.0
43	p0	0.8	0.0	0.0
43	p2	1.0	0.0	0.0
43	protein1	91.6	8.2	2.8911112
43	protein2	66.2	7.0	2.571746
43	protein3	7.0	1.0	1.3
43	r2	1.0	0.0	0.0
43	rnapol	0.2	0.0	0.0
44	__protein1_rbs	3.8	0.0	0.0
44	__protein2_rbs	3.0	0.0	0.0
44	__protein3_rbs	0.6	0.0	0.0
44	__ribosome	58.6	0.0	0.0
44	__rnase_site_ext	8.8	0.0	0.0
44	p0	0.8	0.0	0.0
44	p2	0.8	0.0	0.0
44	protein1	97.0	8.2	2.6953970000000003
44	protein2	70.2	7.4	2.3722222
44	protein3	7.4	1.0	1.3
44	r2	0.8	0.0	0.0
44	rnapol	0.0	0.0	0.0
45	__protein1_rbs	3.4	0.0	0.0
45	__protein2_rbs	4.8	0.0	0.0
45	__protein3_rbs	0.4	0.0	0.0
45	__ribosome	58.8	0.0	0.0
45	__rnase_site_ext	8.6	0.0	0.0
45	p0	1.0	0.0	0.0
45	p2	0.8	0.0	0.0
45	protein1	101.8	8.4	2.6375398
45	protein2	73.8	7.8	2.1527778
45	protein3	7.8	1.0	1.6
45	r2	0.8	0.0	0.0
45	rnapol	0.2	0.0	0.0
46	__protein1_rbs	4.0	0.0	0.0
46	__protein2_rbs	3.4	0.0	0.0
46	__protein3_rbs	0.2	0.0	0.0
46	__ribosome	56.4	0.0	0.0
46	__rnase_site_ext	8.6	0.0	0.0
46	p0	0.8	0.0	0.0
46	p2	0.8	0.0	0.0
46	protein1	106.2	8.6	2.6385714
46	protein2	76.4	8.2	2.3019842
46	protein3	8.4	1.0	1.8
46	r2	1.2	0.0	0.0
46	rnapol	0.6	0.0	0.0
47	__protein1_rbs	2.4	0.0	0.0
47	__protein2_rbs	4.2	0.0	0.0
47	__protein3_rbs	0.4	0.0	0.0
47	__ribosome	54.4	0.0	0.0
47	__rnase_site_ext	8.6	0.0	0.0
47	p0	0.6	0.0	0.0
47	p2	0.6	0.0	0.0
47	protein1	110.2	8.4	2.865
47	protein2	80.4	8.4	2.2058729999999995
47	protein3	8.4	1.2	2.2
47	r2	1.0	0.0	0.0
47	rnapol	0.6	0.0	0.0
48	__protein1_rbs	3.8	0.0	0.0
48	__protein2_rbs	4.2	0.0	0.0
48	__protein3_rbs	0.8	0.0	0.0
48	__ribosome	53.8	0.0	0.0
48	__rnase_site_ext	9.0	0.0	0.0
48	p0	0.8	0.0	0.0
48	p2	1.0	0.0	0.0
48	protein1	115.0	8.4	2.8613492000000003
48	protein2	83.2	8.2	2.3988888000000004
48	protein3	9.0	1.2	1.8
48	r2	1.0	0.0	0.0
48	rnapol	0.6	0.0	0.0
49	__protein1_rbs	4.6	0.0	0.0
49	__protein2_rbs	3.0	0.0	0.0
49	__protein3_rbs	0.6	0.0	0.0
49	__ribosome	52.6	0.0	0.0
49	__rnase_site_ext	8.8	0.0	0.0
49	p0	1.0	0.0	0.0
49	p2	1.0	0.0	0.0
49	protein1	119.0	8.6	2.7641054000000005
49	protein2	87.4	8.6	2.3803174
49	protein3	9.4	1.6	2.0
49	r2	1.0	0.0	0.0
49	rnapol	1.0	0.0	0.0
50	__protein1_rbs	3.6	0.0	0.0
50	__protein2_rbs	4.2	0.0	0.0
50	__protein3_rbs	1.4	0.0	0.0
50	__ribosome	53.4	0.0	0.0
50	__rnase_site_ext	9.2	0.0	0.0
50	p0	0.6	0.0	0.0
50	p2	1.0	0.0	0.0
50	protein1	124.6	8.6	2.6907936
50	protein2	91.2	8.8	2.3422222
50	protein3	9.8	1.6	1.7
50	r2	1.0	0.0	0.0
50	rnapol	0.8	0.0	0.0
51	__protein1_rbs	5.0	0.0	0.0
51	__protein2_rbs	3.4	0.0	0.0
51	__protein3_rbs	0.8	0.0	0.0
51	__ribosome	52.0	0.0	0.0
51	__rnase_site_ext	9.0	0.0	0.0
51	p0	0.8	0.0	0.0
51	p2	1.0	0.0	0.0
51	protein1	128.6	8.8	2.6520202
51	protein2	95.0	8.8	2.5002380000000004
51	protein3	10.6	1.4	inf
51	r2	1.0	0.0	0.0
51	rnapol	0.8	0.0	0.0
52	__protein1_rbs	3.2	0.0	0.0
52	__protein2_rbs	3.6	0.0	0.0
52	__protein3_rbs	1.0	0.0	0.0
52	__ribosome	51.2	0.0	0.0
52	__rnase_site_ext	8.8	0.0	0.0
52	p0	1.0	0.0	0.0
52	p2	1.0	0.0	0.0
52	protein1	133.8	8.8	2.6405554
52	protein2	99.2	9.0	2.5411112
52	protein3	11.0	1.4	inf
52	r2	1.0	0.0	0.0
52	rnapol	1.2	0.0	0.0
53	__protein1_rbs	5.6	0.0	0.0
53	__protein2_rbs	4.6	0.0	0.0
53	__protein3_rbs	0.4	0.0	0.0
53	__ribosome	51.8	0.0	0.0
53	__rnase_site_ext	9.0	0.0	0.0
53	p0	1.0	0.0	0.0
53	p2	1.0	0.0	0.0
53	protein1	138.6	8.8	2.475
53	protein2	102.6	9.0	2.5855556
53	protein3	11.8	1.2	inf
53	r2	1.0	0.0	0.0
53	rnapol	1.0	0.0	0.0
54	__protein1_rbs	3.0	0.0	0.0
54	__protein2_rbs	4.2	0.0	0.0
54	__protein3_rbs	0.6	0.0	0.0
54	__ribosome	50.6	0.0	0.0
54	__rnase_site_ext	9.0	0.0	0.0
54	p0	0.8	0.0	0.0
54	p2	1.0	0.0	0.0
54	protein1	142.6	8.8	2.7422223999999997
54	protein2	107.0	9.2	2.5406566
54	protein3	12.8	1.2	inf
54	r2	1.2	0.0	0.0
54	rnapol	1.0	0.0	0.0
55	__protein1_rbs	3.6	0.0	0.0
55	__protein2_rbs	4.8	0.0	0.0
55	__protein3_rbs	0.8	0.0	0.0
55	__ribosome	52.2	0.0	0.0
55	__rnase_site_ext	9.4	0.0	0.0
55	p0	0.6	0.0	0.0
55	p2	0.8	0.0	0.0
55	protein1	147.8	8.8	2.64
55	protein2	112.0	9.2	2.4522222000000005
55	protein3	13.2	1.2	inf
55	r2	1.2	0.0	0.0
55	rnapol	1.0	0.0	0.0
56	__protein1_rbs	3.6	0.0	0.0
56	__protein2_rbs	4.0	0.0	0.0
56	__protein3_rbs	1.0	0.0	0.0
56	__ribosome	50.4	0.0	0.0
56	__rnase_site_ext	9.4	0.0	0.0
56	p0	1.0	0.0	0.0
56	p2	0.8	0.0	0.0
56	protein1	151.6	8.8	2.6733334
56	protein2	116.0	9.4	2.529293
56	protein3	13.6	1.2	inf
56	r2	1.2	0.0	0.0
56	rnapol	1.2	0.0	0.0
57	__protein1_rbs	4.2	0.0	0.0
57	__protein2_rbs	4.4	0.0	0.0
57	__protein3_rbs	0.6	0.0	0.0
57	__ribosome	51.6	0.0	0.0
57	__rnase_site_ext	9.6	0.0	0.0
57	p0	0.4	0.0	0.0
57	p2	1.0	0.0	0.0
57	protein1	157.0	9.2	2.54
57	protein2	121.6	9.2	2.4770202
57	protein3	14.4	1.2	inf
57	r2	1.0	0.0	0.0
57	rnapol	0.6	0.0	0.0
58	__protein1_rbs	4.2	0.0	0.0
58	__protein2_rbs	3.4	0.0	0.0
58	__protein3_rbs	0.4	0.0	0.0
58	__ribosome	49.0	0.0	0.0
58	__rnase_site_ext	10.0	0.0	0.0
58	p0	0.6	0.0	0.0
58	p2	1.0	0.0	0.0
58	protein1	160.8	9.2	2.5926984
58	protein2	125.4	9.4	2.5694444
58	protein3	15.0	1.4	inf
58	r2	1.0	0.0	0.0
58	rnapol	0.4	0.0	0.0
59	__protein1_rbs	4.2	0.0	0.0
59	__protein2_rbs	5.8	0.0	0.0
59	__protein3_rbs	1.0	0.0	0.0
59	__ribosome	48.2	0.0	0.0
59	__rnase_site_ext	10.2	0.0	0.0
59	p0	1.0	0.0	0.0
59	p2	1.0	0.0	0.0
59	protein1	164.6	9.8	2.5636363999999996
59	protein2	129.8	9.8	2.4200002
59	protein3	15.6	1.4	1.0
59	r2	1.0	0.0	0.0
59	rnapol	0.4	0.0	0.0
60	__protein1_rbs	4.0	0.0	0.0
60	__protein2_rbs	4.8	0.0	0.0
60	__protein3_rbs	0.4	0.0	0.0
60	__ribosome	48.2	0.0	0.0
60	__rnase_site_ext	10.0	0.0	0.0
60	p0	1.0	0.0	0.0
60	p2	1.0	0.0	0.0
60	protein1	170.2	10.2	2.4309092
60	protein2	135.0	10.0	2.3544444
60	protein3	16.0	1.4	1.25
60	r2	1.0	0.0	0.0
60	rnapol	0.6	0.0	0.0
61	__protein1_rbs	4.8	0.0	0.0
61	__protein2_rbs	2.8	0.0	0.0
61	__protein3_rbs	0.6	0.0	0.0
61	__ribosome	47.4	0.0	0.0
61	__rnase_site_ext	10.2	0.0	0.0
61	p0	1.0	0.0	0.0
61	p2	1.0	0.0	0.0
61	protein1	175.6	9.8	2.4745454
61	protein2	139.8	9.8	2.5511112
61	protein3	16.4	1.4	1.4
61	r2	1.0	0.0	0.0
61	rnapol	0.2	0.0	0.0
62	__protein1_rbs	4.4	0.0	0.0
62	__protein2_rbs	5.6	0.0	0.0
62	__protein3_rbs	1.0	0.0	0.0
62	__ribosome	46.8	0.0	0.0
62	__rnase_site_ext	10.2	0.0	0.0
62	p0	1.0	0.0	0.0
62	p2	1.0	0.0	0.0
62	protein1	180.2	10.0	2.5366666
62	protein2	144.2	10.2	2.4222222
62	protein3	17.0	1.4	1.5
62	r2	0.8	0.0	0.0
62	rnapol	0.4	0.0	0.0
63	__protein1_rbs	4.4	0.0	0.0
63	__protein2_rbs	5.4	0.0	0.0
63	__protein3_rbs	0.6	0.0	0.0
63	__ribosome	46.4	0.0	0.0
63	__rnase_site_ext	10.2	0.0	0.0
63	p0	1.0	0.0	0.0
63	p2	1.0	0.0	0.0
63	protein1	184.8	10.0	2.5944444
63	protein2	149.2	10.2	2.3866668000000004
63	protein3	17.6	1.4	1.6
63	r2	0.8	0.0	0.0
63	rnapol	0.8	0.0	0.0
64	__protein1_rbs	4.2	0.0	0.0
64	__protein2_rbs	4.6	0.0	0.0
64	__protein3_rbs	0.6	0.0	0.0
64	__ribosome	42.6	0.0	0.0
64	__rnase_site_ext	10.4	0.0	0.0
64	p0	0.6	0.0	0.0
64	p2	1.0	0.0	0.0
64	protein1	188.8	10.0	2.7466668
64	protein2	152.6	10.6	2.5307691999999995
64	protein3	18.2	1.2	2.05
64	r2	0.8	0.0	0.0
64	rnapol	0.6	0.0	0.0
65	__protein1_rbs	4.0	0.0	0.0
65	__protein2_rbs	6.0	0.0	0.0
65	__protein3_rbs	0.2	0.0	0.0
65	__ribosome	44.4	0.0	0.0
65	__rnase_site_ext	10.4	0.0	0.0
65	p0	0.8	0.0	0.0
65	p2	0.8	0.0	0.0
65	protein1	195.0	10.0	2.637778
65	protein2	158.6	10.4	2.4933334
65	protein3	19.2	1.2	1.9
65	r2	1.0	0.0	0.0
65	rnapol	0.6	0.0	0.0
66	__protein1_rbs	4.2	0.0	0.0
66	__protein2_rbs	5.8	0.0	0.0
66	__protein3_rbs	0.2	0.0	0.0
66	__ribosome	44.8	0.0	0.0
66	__rnase_site_ext	10.4	0.0	0.0
66	p0	1.0	0.0	0.0
66	p2	0.8	0.0	0.0
66	protein1	199.6	10.2	2.6607576
66	protein2	164.0	10.8	2.3093937999999996
66	protein3	20.0	1.2	1.9
66	r2	1.0	0.0	0.0
66	rnapol	0.8	0.0	0.0
67	__protein1_rbs	5.8	0.0	0.0
67	__protein2_rbs	4.2	0.0	0.0
67	__protein3_rbs	0.8	0.0	0.0
67	__ribosome	44.8	0.0	0.0
67	__rnase_site_ext	10.8	0.0	0.0
67	p0	0.6	0.0	0.0
67	p2	1.0	0.0	0.0
67	protein1	205.2	10.2	2.4913636
67	protein2	168.6	10.8	2.4454546
67	protein3	20.2	1.0	1.9333334
67	r2	1.0	0.0	0.0
67	rnapol	0.6	0.0	0.0
68	__protein1_rbs	5.2	0.0	0.0
68	__protein2_rbs	5.2	0.0	0.0
68	__protein3_rbs	0.6	0.0	0.0
68	__ribosome	43.2	0.0	0.0
68	__rnase_site_ext	11.0	0.0	0.0
68	p0	0.6	0.0	0.0
68	p2	1.0	0.0	0.0
68	protein1	209.0	10.4	2.6450000000000005
68	protein2	173.8	10.8	2.4287878
68	protein3	20.8	1.2	1.8666666
68	r2	1.0	0.0	0.0
68	rnapol	0.4	0.0	0.0
69	__protein1_rbs	6.4	0.0	0.0
69	__protein2_rbs	4.8	0.0	0.0
69	__protein3_rbs	0.8	0.0	0.0
69	__ribosome	45.2	0.0	0.0
69	__rnase_site_ext	11.4	0.0	0.0
69	p0	0.4	0.0	0.0
69	p2	1.0	0.0	0.0
69	protein1	215.2	10.6	2.4161537999999996
69	protein2	179.4	10.8	2.480505
69	protein3	21.4	1.2	1.8
69	r2	1.0	0.0	0.0
69	rnapol	0.2	0.0	0.0
70	__protein1_rbs	5.2	0.0	0.0
70	__protein2_rbs	6.0	0.0	0.0
70	__protein3_rbs	0.4	0.0	0.0
70	__ribosome	47.4	0.0	0.0
70	__rnase_site_ext	11.6	0.0	0.0
70	p0	1.0	0.0	0.0
70	p2	1.0	0.0	0.0
70	protein1	221.4	10.8	2.3153846
70	protein2	184.8	10.8	2.3930304000000002
70	protein3	22.6	1.2	1.6666666
70	r2	1.0	0.0	0.0
70	rnapol	0.6	0.0	0.0
71	__protein1_rbs	5.2	0.0	0.0
71	__protein2_rbs	7.8	0.0	0.0
71	__protein3_rbs	0.4	0.0	0.0
71	__ribosome	46.4	0.0	0.0
71	__rnase_site_ext	11.8	0.0	0.0
71	p0	0.8	0.0	0.0
71	p2	1.0	0.0	0.0
71	protein1	226.2	11.4	2.2775212000000002
71	protein2	189.0	10.8	2.3373738
71	protein3	23.2	1.2	1.6666666
71	r2	1.2	0.0	0.0
71	rnapol	0.6	0.0	0.0
72	__protein1_rbs	6.8	0.0	0.0
72	__protein2_rbs	5.2	0.0	0.0
72	__protein3_rbs	0.6	0.0	0.0
72	__ribosome	46.8	0.0	0.0
72	__rnase_site_ext	11.8	0.0	0.0
72	p0	1.0	0.0	0.0
72	p2	0.8	0.0	0.0
72	protein1	231.4	11.6	2.1745542
72	protein2	194.6	10.8	2.370101
72	protein3	23.6	1.2	1.6666666
72	r2	1.2	0.0	0.0
72	rnapol	0.6	0.0	0.0
73	__protein1_rbs	7.4	0.0	0.0
73	__protein2_rbs	6.0	0.0	0.0
73	__protein3_rbs	0.6	0.0	0.0
73	__ribosome	46.8	0.0	0.0
73	__rnase_site_ext	11.4	0.0	0.0
73	p0	0.8	0.0	0.0
73	p2	0.8	0.0	0.0
73	protein1	235.6	11.8	2.1853722
73	protein2	200.0	11.0	2.2959593999999997
73	protein3	24.0	1.2	2.0666666
73	r2	1.2	0.0	0.0
73	rnapol	0.8	0.0	0.0
74	__protein1_rbs	6.6	0.0	0.0
74	__protein2_rbs	4.6	0.0	0.0
74	__protein3_rbs	1.0	0.0	0.0
74	__ribosome	46.2	0.0	0.0
74	__rnase_site_ext	11.6	0.0	0.0
74	p0	1.0	0.0	0.0
74	p2	1.0	0.0	0.0
74	protein1	240.0	11.2	2.3830767999999996
74	protein2	206.0	11.2	2.2863636
74	protein3	24.6	1.2	1.9333334
74	r2	1.4	0.0	0.0
74	rnapol	0.8	0.0	0.0
75	__protein1_rbs	6.8	0.0	0.0
75	__protein2_rbs	5.6	0.0	0.0
75	__protein3_rbs	0.6	0.0	0.0
75	__ribosome	46.2	0.0	0.0
75	__rnase_site_ext	11.8	0.0	0.0
75	p0	1.0	0.0	0.0
75	p2	0.8	0.0	0.0
75	protein1	246.0	11.4	2.1803846
75	protein2	210.2	11.2	2.4160060000000003
75	protein3	25.0	1.4	2.0666666
75	r2	1.4	0.0	0.0
75	rnapol	0.4	0.0	0.0
76	__protein1_rbs	5.4	0.0	0.0
76	__protein2_rbs	4.8	0.0	0.0
76	__protein3_rbs	0.8	0.0	0.0
76	__ribosome	45.0	0.0	0.0
76	__rnase_site_ext	11.8	0.0	0.0
76	p0	1.0	0.0	0.0
76	p2	0.8	0.0	0.0
76	protein1	251.2	11.6	2.1980464
76	protein2	215.6	11.2	2.4601398
76	protein3	26.0	1.4	1.8666666
76	r2	1.4	0.0	0.0
76	rnapol	0.4	0.0	0.0
77	__protein1_rbs	6.2	0.0	0.0
77	__protein2_rbs	6.0	0.0	0.0
77	__protein3_rbs	0.8	0.0	0.0
77	__ribosome	45.0	0.0	0.0
77	__rnase_site_ext	11.6	0.0	0.0
77	p0	1.0	0.0	0.0
77	p2	1.0	0.0	0.0
77	protein1	256.8	11.6	2.156288
77	protein2	220.4	11.4	2.3975
77	protein3	26.4	1.4	2.2
77	r2	1.4	0.0	0.0
77	rnapol	0.4	0.0	0.0
78	__protein1_rbs	6.0	0.0	0.0
78	__protein2_rbs	4.8	0.0	0.0
78	__protein3_rbs	1.0	0.0	0.0
78	__ribosome	42.2	0.0	0.0
78	__rnase_site_ext	11.4	0.0	0.0
78	p0	1.0	0.0	0.0
78	p2	1.0	0.0	0.0
78	protein1	262.0	11.6	2.2161662
78	protein2	224.8	11.8	2.463017
78	protein3	26.8	1.6	2.2
78	r2	1.4	0.0	0.0
78	rnapol	0.8	0.0	0.0
79	__protein1_rbs	6.8	0.0	0.0
79	__protein2_rbs	7.2	0.0	0.0
79	__protein3_rbs	0.8	0.0	0.0
79	__ribosome	42.8	0.0	0.0
79	__rnase_site_ext	11.4	0.0	0.0
79	p0	0.6	0.0	0.0
79	p2	1.0	0.0	0.0
79	protein1	265.8	11.4	2.3305915999999995
79	protein2	231.6	12.2	2.2270996
79	protein3	27.2	1.6	2.35
79	r2	1.4	0.0	0.0
79	rnapol	0.4	0.0	0.0
80	__protein1_rbs	6.0	0.0	0.0
80	__protein2_rbs	5.4	0.0	0.0
80	__protein3_rbs	0.8	0.0	0.0
80	__ribosome	41.2	0.0	0.0
80	__rnase_site_ext	11.8	0.0	0.0
80	p0	0.8	0.0	0.0
80	p2	0.8	0.0	0.0
80	protein1	271.8	11.2	2.3118104
80	protein2	235.4	12.0	2.4403498
80	protein3	28.2	1.6	2.3
80	r2	1.6	0.0	0.0
80	rnapol	0.2	0.0	0.0
81	__protein1_rbs	6.4	0.0	0.0
81	__protein2_rbs	7.0	0.0	0.0
81	__protein3_rbs	0.6	0.0	0.0
81	__ribosome	42.6	0.0	0.0
81	__rnase_site_ext	11.8	0.0	0.0
81	p0	0.8	0.0	0.0
81	p2	0.8	0.0	0.0
81	protein1	277.0	11.6	2.264047
81	protein2	242.6	12.2	2.3084316000000005
81	protein3	29.0	1.6	2.3
81	r2	1.8	0.0	0.0
81	rnapol	0.6	0.0	0.0
82	__protein1_rbs	7.2	0.0	0.0
82	__protein2_rbs	6.8	0.0	0.0
82	__protein3_rbs	1.4	0.0	0.0
82	__ribosome	42.6	0.0	0.0
82	__rnase_site_ext	12.2	0.0	0.0
82	p0	0.6	0.0	0.0
82	p2	0.6	0.0	0.0
82	protein1	282.0	11.6	2.2403817999999998
82	protein2	247.6	12.4	2.3247252
82	protein3	29.8	1.6	1.85
82	r2	1.8	0.0	0.0
82	rnapol	0.4	0.0	0.0
83	__protein1_rbs	6.4	0.0	0.0
83	__protein2_rbs	6.8	0.0	0.0
83	__protein3_rbs	1.0	0.0	0.0
83	__ribosome	41.0	0.0	0.0
83	__rnase_site_ext	12.4	0.0	0.0
83	p0	0.4	0.0	0.0
83	p2	1.0	0.0	0.0
83	protein1	287.6	11.6	2.2483404
83	protein2	253.2	12.8	2.314732
83	protein3	30.2	1.6	2.05
83	r2	1.8	0.0	0.0
83	rnapol	0.2	0.0	0.0
84	__protein1_rbs	5.0	0.0	0.0
84	__protein2_rbs	5.8	0.0	0.0
84	__protein3_rbs	1.0	0.0	0.0
84	__ribosome	39.0	0.0	0.0
84	__rnase_site_ext	12.8	0.0	0.0
84	p0	0.6	0.0	0.0
84	p2	1.0	0.0	0.0
84	protein1	292.0	11.8	2.392857
84	protein2	259.6	12.8	2.3001166
84	protein3	31.4	2.0	1.75
84	r2	1.8	0.0	0.0
84	rnapol	0.0	0.0	0.0
85	__protein1_rbs	7.2	0.0	0.0
85	__protein2_rbs	6.8	0.0	0.0
85	__protein3_rbs	1.0	0.0	0.0
85	__ribosome	38.8	0.0	0.0
85	__rnase_site_ext	12.8	0.0	0.0
85	p0	1.0	0.0	0.0
85	p2	1.0	0.0	0.0
85	protein1	297.4	12.2	2.2879488
85	protein2	264.4	12.6	2.3658740000000003
85	protein3	32.0	2.2	1.8
85	r2	1.8	0.0	0.0
85	rnapol	0.0	0.0	0.0
86	__protein1_rbs	5.8	0.0	0.0
86	__protein2_rbs	8.6	0.0	0.0
86	__protein3_rbs	1.0	0.0	0.0
86	__ribosome	40.0	0.0	0.0
86	__rnase_site_ext	12.6	0.0	0.0
86	p0	1.0	0.0	0.0
86	p2	1.0	0.0	0.0
86	protein1	303.2	12.4	2.3045178
86	protein2	270.4	12.6	2.2159438
86	protein3	32.8	2.2	1.9166666
86	r2	2.0	0.0	0.0
86	rnapol	0.2	0.0	0.0
87	__protein1_rbs	6.4	0.0	0.0
87	__protein2_rbs	6.0	0.0	0.0
87	__protein3_rbs	1.2	0.0	0.0
87	__ribosome	39.0	0.0	0.0
87	__rnase_site_ext	13.0	0.0	0.0
87	p0	1.0	0.0	0.0
87	p2	0.6	0.0	0.0
87	protein1	308.6	12.2	2.3075702000000002
87	protein2	276.6	13.0	2.2430767999999994
87	protein3	33.4	2.2	2.1833334
87	r2	2.0	0.0	0.0
87	rnapol	0.0	0.0	0.0
88	__protein1_rbs	7.2	0.0	0.0
88	__protein2_rbs	6.8	0.0	0.0
88	__protein3_rbs	1.6	0.0	0.0
88	__ribosome	40.2	0.0	0.0
88	__rnase_site_ext	12.8	0.0	0.0
88	p0	1.0	0.0	0.0
88	p2	1.0	0.0	0.0
88	protein1	315.2	12.4	2.1878754
88	protein2	283.0	12.8	2.2539742
88	protein3	33.6	2.2	2.3833333999999997
88	r2	2.0	0.0	0.0
88	rnapol	0.4	0.0	0.0
89	__protein1_rbs	7.2	0.0	0.0
89	__protein2_rbs	6.4	0.0	0.0
89	__protein3_rbs	1.6	0.0	0.0
89	__ribosome	39.6	0.0	0.0
89	__rnase_site_ext	12.8	0.0	0.0
89	p0	0.8	0.0	0.0
89	p2	1.0	0.0	0.0
89	protein1	320.2	12.0	2.256923
89	protein2	288.8	12.8	2.2714410000000003
89	protein3	34.6	2.4	1.7666666000000002
89	r2	2.0	0.0	0.0
89	rnapol	0.6	0.0	0.0
90	__protein1_rbs	6.2	0.0	0.0
90	__protein2_rbs	6.4	0.0	0.0
90	__protein3_rbs	1.0	0.0	0.0
90	__ribosome	37.4	0.0	0.0
90	__rnase_site_ext	12.6	0.0	0.0
90	p0	0.8	0.0	0.0
90	p2	1.0	0.0	0.0
90	protein1	325.4	12.0	2.3135896000000002
90	protein2	293.8	12.6	2.362604
90	protein3	35.4	2.6	2.0333334
90	r2	2.0	0.0	0.0
90	rnapol	0.6	0.0	0.0
91	__protein1_rbs	6.8	0.0	0.0
91	__protein2_rbs	6.4	0.0	0.0
91	__protein3_rbs	1.8	0.0	0.0
91	__ribosome	38.0	0.0	0.0
91	__rnase_site_ext	12.6	0.0	0.0
91	p0	0.8	0.0	0.0
91	p2	1.0	0.0	0.0
91	protein1	331.4	11.8	2.24879
91	protein2	298.4	13.0	2.395641
91	protein3	36.8	2.6	1.7600000000000002
91	r2	1.8	0.0	0.0
91	rnapol	0.8	0.0	0.0
92	__protein1_rbs	6.2	0.0	0.0
92	__protein2_rbs	7.4	0.0	0.0
92	__protein3_rbs	2.0	0.0	0.0
92	__ribosome	37.6	0.0	0.0
92	__rnase_site_ext	12.2	0.0	0.0
92	p0	1.0	0.0	0.0
92	p2	1.0	0.0	0.0
92	protein1	336.4	11.8	2.3247972000000003
92	protein2	304.6	13.4	2.2662936
92	protein3	37.4	2.6	1.7933334000000003
92	r2	1.8	0.0	0.0
92	rnapol	0.6	0.0	0.0
93	__protein1_rbs	5.8	0.0	0.0
93	__protein2_rbs	7.0	0.0	0.0
93	__protein3_rbs	1.2	0.0	0.0
93	__ribosome	38.6	0.0	0.0
93	__rnase_site_ext	12.4	0.0	0.0
93	p0	0.6	0.0	0.0
93	p2	1.0	0.0	0.0
93	protein1	342.4	11.6	2.339011
93	protein2	311.6	13.8	2.177191
93	protein3	38.4	2.6	1.7399999999999998
93	r2	1.8	0.0	0.0
93	rnapol	0.6	0.0	0.0
94	__protein1_rbs	8.0	0.0	0.0
94	__protein2_rbs	7.8	0.0	0.0
94	__protein3_rbs	1.4	0.0	0.0
94	__ribosome	40.0	0.0	0.0
94	__rnase_site_ext	12.8	0.0	0.0
94	p0	1.0	0.0	0.0
94	p2	1.0	0.0	0.0
94	protein1	347.4	11.8	2.2039192
94	protein2	318.0	13.4	2.2130402000000005
94	protein3	39.2	2.6	1.7533333999999998
94	r2	1.8	0.0	0.0
94	rnapol	0.8	0.0	0.0
95	__protein1_rbs	6.4	0.0	0.0
95	__protein2_rbs	7.4	0.0	0.0
95	__protein3_rbs	1.8	0.0	0.0
95	__ribosome	41.8	0.0	0.0
95	__rnase_site_ext	13.0	0.0	0.0
95	p0	0.4	0.0	0.0
95	p2	1.0	0.0	0.0
95	protein1	353.4	12.2	2.0407692
95	protein2	323.8	13.6	2.1685182000000003
95	protein3	40.8	2.6	1.54
95	r2	1.8	0.0	0.0
95	rnapol	0.6	0.0	0.0
96	__protein1_rbs	7.6	0.0	0.0
96	__protein2_rbs	6.6	0.0	0.0
96	__protein3_rbs	1.4	0.0	0.0
96	__ribosome	39.2	0.0	0.0
96	__rnase_site_ext	13.2	0.0	0.0
96	p0	1.0	0.0	0.0
96	p2	1.0	0.0	0.0
96	protein1	358.0	12.0	2.1319598
96	protein2	330.0	13.6	2.2693638
96	protein3	41.4	2.6	1.7266666000000002
96	r2	1.6	0.0	0.0
96	rnapol	1.2	0.0	0.0
97	__protein1_rbs	6.4	0.0	0.0
97	__protein2_rbs	8.0	0.0	0.0
97	__protein3_rbs	1.0	0.0	0.0
97	__ribosome	39.8	0.0	0.0
97	__rnase_site_ext	13.8	0.0	0.0
97	p0	0.6	0.0	0.0
97	p2	1.0	0.0	0.0
97	protein1	363.8	12.6	1.9647252
97	protein2	335.6	13.6	2.2603796000000003
97	protein3	42.4	2.6	2.0133334
97	r2	1.6	0.0	0.0
97	rnapol	0.8	0.0	0.0
98	__protein1_rbs	8.0	0.0	0.0
98	__protein2_rbs	6.8	0.0	0.0
98	__protein3_rbs	1.2	0.0	0.0
98	__ribosome	39.8	0.0	0.0
98	__rnase_site_ext	14.0	0.0	0.0
98	p0	0.8	0.0	0.0
98	p2	1.0	0.0	0.0
98	protein1	369.4	12.8	1.9081133999999997
98	protein2	341.8	13.4	2.2747252000000002
98	protein3	43.6	2.6	2.2466666
98	r2	1.6	0.0	0.0
98	rnapol	0.8	0.0	0.0
99	__protein1_rbs	7.4	0.0	0.0
99	__protein2_rbs	7.2	0.0	0.0
99	__protein3_rbs	1.4	0.0	0.0
99	__ribosome	36.4	0.0	0.0
99	__rnase_site_ext	14.6	0.0	0.0
99	p0	0.6	0.0	0.0
99	p2	1.0	0.0	0.0
99	protein1	374.6	13.4	1.9472222
99	protein2	347.0	13.2	2.3972526000000003
99	protein3	44.4	2.4	2.42
99	r2	1.4	0.0	0.0
99	rnapol	0.6	0.0	0.0
100	__protein1_rbs	6.0	0.0	0.0
100	__protein2_rbs	8.2	0.0	0.0
100	__protein3_rbs	1.6	0.0	0.0
100	__ribosome	36.0	0.0	0.0
100	__rnase_site_ext	14.6	0.0	0.0
100	p0	0.8	0.0	0.0
100	p2	1.0	0.0	0.0
100	protein1	379.2	13.8	2.1032934
100	protein2	354.2	13.6	2.1806225999999995
100	protein3	45.6	2.4	2.44
100	r2	1.4	0.0	0.0
100	rnapol	0.4	0.0	0.0
101	__protein1_rbs	9.4	0.0	0.0
101	__protein2_rbs	8.0	0.0	0.0
101	__protein3_rbs	1.0	0.0	0.0
101	__ribosome	38.4	0.0	0.0
101	__rnase_site_ext	14.8	0.0	0.0
101	p0	1.0	0.0	0.0
101	p2	1.0	0.0	0.0
101	protein1	384.4	14.0	1.9591666
101	protein2	361.6	13.4	2.1087712000000005
101	protein3	46.8	2.4	2.62
101	r2	1.4	0.0	0.0
101	rnapol	0.2	0.0	0.0
102	__protein1_rbs	8.4	0.0	0.0
102	__protein2_rbs	7.0	0.0	0.0
102	__protein3_rbs	1.0	0.0	0.0
102	__ribosome	35.2	0.0	0.0
102	__rnase_site_ext	14.8	0.0	0.0
102	p0	1.0	0.0	0.0
102	p2	1.0	0.0	0.0
102	protein1	388.0	14.2	2.166389
102	protein2	367.2	13.8	2.1033332
102	protein3	48.4	2.4	2.48
102	r2	1.4	0.0	0.0
102	rnapol	0.6	0.0	0.0
103	__protein1_rbs	8.2	0.0	0.0
103	__protein2_rbs	7.6	0.0	0.0
103	__protein3_rbs	0.6	0.0	0.0
103	__ribosome	35.6	0.0	0.0
103	__rnase_site_ext	14.8	0.0	0.0
103	p0	1.0	0.0	0.0
103	p2	1.0	0.0	0.0
103	protein1	395.0	14.2	2.1286112
103	protein2	373.4	14.0	2.0842034000000003
103	protein3	49.4	2.2	3.12
103	r2	1.4	0.0	0.0
103	rnapol	0.4	0.0	0.0
104	__protein1_rbs	8.4	0.0	0.0
104	__protein2_rbs	8.4	0.0	0.0
104	__protein3_rbs	1.0	0.0	0.0
104	__ribosome	34.8	0.0	0.0
104	__rnase_site_ext	15.0	0.0	0.0
104	p0	1.0	0.0	0.0
104	p2	1.0	0.0	0.0
104	protein1	400.6	14.4	2.1688888000000004
104	protein2	379.4	14.2	2.0464286
104	protein3	50.6	2.2	2.94
104	r2	1.4	0.0	0.0
104	rnapol	0.2	0.0	0.0
105	__protein1_rbs	9.2	0.0	0.0
105	__protein2_rbs	7.0	0.0	0.0
105	__protein3_rbs	1.2	0.0	0.0
105	__ribosome	35.4	0.0	0.0
105	__rnase_site_ext	14.8	0.0	0.0
105	p0	1.0	0.0	0.0
105	p2	1.0	0.0	0.0
105	protein1	407.4	14.4	2.0349018
105	protein2	384.2	13.8	2.2387178
105	protein3	51.6	2.0	inf
105	r2	1.4	0.0	0.0
105	rnapol	0.6	0.0	0.0
106	__protein1_rbs	7.0	0.0	0.0
106	__protein2_rbs	8.0	0.0	0.0
106	__protein3_rbs	1.0	0.0	0.0
106	__ribosome	34.8	0.0	0.0
106	__rnase_site_ext	14.8	0.0	0.0
106	p0	1.0	0.0	0.0
106	p2	1.0	0.0	0.0
106	protein1	413.0	14.2	2.2295426
106	protein2	391.4	14.0	2.119384
106	protein3	53.2	2.0	inf
106	r2	1.4	0.0	0.0
106	rnapol	1.0	0.0	0.0
107	__protein1_rbs	8.2	0.0	0.0
107	__protein2_rbs	8.6	0.0	0.0
107	__protein3_rbs	1.0	0.0	0.0
107	__ribosome	33.4	0.0	0.0
107	__rnase_site_ext	15.4	0.0	0.0
107	p0	0.6	0.0	0.0
107	p2	1.0	0.0	0.0
107	protein1	418.6	14.2	2.2624836000000004
107	protein2	396.8	14.4	2.1975
107	protein3	54.6	2.0	inf
107	r2	1.4	0.0	0.0
107	rnapol	0.8	0.0	0.0
108	__protein1_rbs	8.2	0.0	0.0
108	__protein2_rbs	8.6	0.0	0.0
108	__protein3_rbs	1.2	0.0	0.0
108	__ribosome	36.2	0.0	0.0
108	__rnase_site_ext	15.6	0.0	0.0
108	p0	1.0	0.0	0.0
108	p2	1.0	0.0	0.0
108	protein1	425.6	14.6	2.1716666
108	protein2	404.2	14.2	2.0611766
108	protein3	55.2	2.0	2.24
108	r2	1.4	0.0	0.0
108	rnapol	1.0	0.0	0.0
109	__protein1_rbs	8.4	0.0	0.0
109	__protein2_rbs	8.4	0.0	0.0
109	__protein3_rbs	1.4	0.0	0.0
109	__ribosome	34.2	0.0	0.0
109	__rnase_site_ext	15.4	0.0	0.0
109	p0	1.0	0.0	0.0
109	p2	1.0	0.0	0.0
109	protein1	431.2	15.0	2.111634
109	protein2	409.0	14.6	2.105719
109	protein3	56.2	2.0	2.04
109	r2	1.4	0.0	0.0
109	rnapol	1.0	0.0	0.0
110	__protein1_rbs	8.0	0.0	0.0
110	__protein2_rbs	8.0	0.0	0.0
110	__protein3_rbs	0.8	0.0	0.0
110	__ribosome	34.2	0.0	0.0
110	__rnase_site_ext	15.2	0.0	0.0
110	p0	0.8	0.0	0.0
110	p2	1.0	0.0	0.0
110	protein1	438.0	14.8	2.150992
110	protein2	415.6	14.6	2.0772221999999996
110	protein3	57.4	2.0	2.16
110	r2	1.4	0.0	0.0
110	rnapol	1.0	0.0	0.0
111	__protein1_rbs	8.6	0.0	0.0
111	__protein2_rbs	9.8	0.0	0.0
111	__protein3_rbs	1.4	0.0	0.0
111	__ribosome	36.4	0.0	0.0
111	__rnase_site_ext	15.4	0.0	0.0
111	p0	0.4	0.0	0.0
111	p2	1.0	0.0	0.0
111	protein1	443.8	14.8	2.1245238
111	protein2	422.4	14.6	1.945
111	protein3	58.2	2.0	1.84
111	r2	1.4	0.0	0.0
111	rnapol	0.6	0.0	0.0
112	__protein1_rbs	9.8	0.0	0.0
112	__protein2_rbs	7.8	0.0	0.0
112	__protein3_rbs	1.0	0.0	0.0
112	__ribosome	37.2	0.0	0.0
112	__rnase_site_ext	16.0	0.0	0.0
112	p0	0.8	0.0	0.0
112	p2	1.0	0.0	0.0
112	protein1	450.4	14.8	2.0189456000000003
112	protein2	429.0	14.8	1.9708333999999998
112	protein3	59.4	2.0	1.7399999999999998
112	r2	1.8	0.0	0.0
112	rnapol	0.6	0.0	0.0
113	__protein1_rbs	8.2	0.0	0.0
113	__protein2_rbs	8.2	0.0	0.0
113	__protein3_rbs	1.4	0.0	0.0
113	__ribosome	35.0	0.0	0.0
113	__rnase_site_ext	16.0	0.0	0.0
113	p0	0.8	0.0	0.0
113	p2	0.6	0.0	0.0
113	protein1	457.0	15.4	1.9911112000000002
113	protein2	434.0	14.8	2.104804
113	protein3	60.6	2.0	1.56
113	r2	2.0	0.0	0.0
113	rnapol	0.4	0.0	0.0
114	__protein1_rbs	9.8	0.0	0.0
114	__protein2_rbs	9.2	0.0	0.0
114	__protein3_rbs	1.0	0.0	0.0
114	__ribosome	34.6	0.0	0.0
114	__rnase_site_ext	16.0	0.0	0.0
114	p0	0.8	0.0	0.0
114	p2	0.6	0.0	0.0
114	protein1	462.4	15.4	2.0026797999999997
114	protein2	440.4	14.8	2.055
114	protein3	61.0	2.0	1.8
114	r2	1.8	0.0	0.0
114	rnapol	0.2	0.0	0.0
115	__protein1_rbs	10.0	0.0	0.0
115	__protein2_rbs	8.4	0.0	0.0
115	__protein3_rbs	1.4	0.0	0.0
115	__ribosome	37.2	0.0	0.0
115	__rnase_site_ext	16.0	0.0	0.0
115	p0	1.0	0.0	0.0
115	p2	0.8	0.0	0.0
115	protein1	469.8	15.4	1.9459383999999997
115	protein2	447.6	15.2	1.9431817999999998
115	protein3	62.4	2.0	1.3
115	r2	2.0	0.0	0.0
115	rnapol	0.2	0.0	0.0
116	__protein1_rbs	8.0	0.0	0.0
116	__protein2_rbs	8.4	0.0	0.0
116	__protein3_rbs	1.6	0.0	0.0
116	__ribosome	31.4	0.0	0.0
116	__rnase_site_ext	16.0	0.0	0.0
116	p0	0.8	0.0	0.0
116	p2	0.8	0.0	0.0
116	protein1	475.8	15.4	2.0684126
116	protein2	452.2	15.4	2.1613636
116	protein3	63.0	2.4	1.2666667999999999
116	r2	2.2	0.0	0.0
116	rnapol	0.2	0.0	0.0
117	__protein1_rbs	8.2	0.0	0.0
117	__protein2_rbs	7.6	0.0	0.0
117	__protein3_rbs	1.6	0.0	0.0
117	__ribosome	29.8	0.0	0.0
117	__rnase_site_ext	16.2	0.0	0.0
117	p0	1.0	0.0	0.0
117	p2	0.6	0.0	0.0
117	protein1	481.6	15.4	2.1479364
117	protein2	459.8	15.6	2.1651336
117	protein3	64.0	2.6	1.2571428
117	r2	2.2	0.0	0.0
117	rnapol	0.2	0.0	0.0
118	__protein1_rbs	9.4	0.0	0.0
118	__protein2_rbs	9.0	0.0	0.0
118	__protein3_rbs	1.4	0.0	0.0
118	__ribosome	31.2	0.0	0.0
118	__rnase_site_ext	15.8	0.0	0.0
118	p0	1.0	0.0	0.0
118	p2	0.8	0.0	0.0
118	protein1	489.2	15.6	2.0211108
118	protein2	466.6	15.6	2.1371717999999995
118	protein3	64.8	2.6	1.4809523999999998
118	r2	2.2	0.0	0.0
118	rnapol	0.2	0.0	0.0
119	__protein1_rbs	9.4	0.0	0.0
119	__protein2_rbs	8.8	0.0	0.0
119	__protein3_rbs	2.0	0.0	0.0
119	__ribosome	29.8	0.0	0.0
119	__rnase_site_ext	15.8	0.0	0.0
119	p0	0.8	0.0	0.0
119	p2	1.0	0.0	0.0
119	protein1	495.8	15.4	2.0276191999999997
119	protein2	471.6	15.8	2.2366666000000004
119	protein3	65.8	2.8	1.3428572
119	r2	2.2	0.0	0.0
119	rnapol	0.2	0.0	0.0
120	__protein1_rbs	9.8	0.0	0.0
120	__protein2_rbs	10.0	0.0	0.0
120	__protein3_rbs	2.2	0.0	0.0
120	__ribosome	30.4	0.0	0.0
120	__rnase_site_ext	15.6	0.0	0.0
120	p0	1.0	0.0	0.0
120	p2	1.0	0.0	0.0
120	protein1	501.2	15.2	2.0855698
120	protein2	479.2	16.2	2.168421
120	protein3	66.2	2.8	1.4833333999999998
120	r2	2.2	0.0	0.0
120	rnapol	1.0	0.0	0.0
121	__protein1_rbs	8.0	0.0	0.0
121	__protein2_rbs	9.4	0.0	0.0
121	__protein3_rbs	1.2	0.0	0.0
121	__ribosome	32.0	0.0	0.0
121	__rnase_site_ext	15.6	0.0	0.0
121	p0	0.8	0.0	0.0
121	p2	1.0	0.0	0.0
121	protein1	509.6	15.0	2.0484956000000003
121	protein2	486.6	16.2	2.1290936
121	protein3	67.8	2.8	1.6833334
121	r2	2.2	0.0	0.0
121	rnapol	1.2	0.0	0.0
122	__protein1_rbs	8.8	0.0	0.0
122	__protein2_rbs	9.8	0.0	0.0
122	__protein3_rbs	2.2	0.0	0.0
122	__ribosome	33.6	0.0	0.0
122	__rnase_site_ext	16.0	0.0	0.0
122	p0	0.4	0.0	0.0
122	p2	0.8	0.0	0.0
122	protein1	516.4	15.0	2.000861
122	protein2	493.6	16.6	2.0304740000000003
122	protein3	68.6	2.8	1.4166666
122	r2	2.4	0.0	0.0
122	rnapol	0.8	0.0	0.0
123	__protein1_rbs	9.0	0.0	0.0
123	__protein2_rbs	9.2	0.0	0.0
123	__protein3_rbs	1.8	0.0	0.0
123	__ribosome	34.4	0.0	0.0
123	__rnase_site_ext	16.2	0.0	0.0
123	p0	1.0	0.0	0.0
123	p2	0.8	0.0	0.0
123	protein1	523.0	15.0	1.922116
123	protein2	502.4	16.8	1.98363
123	protein3	69.4	2.8	1.5833334
123	r2	2.4	0.0	0.0
123	rnapol	1.2	0.0	0.0
124	__protein1_rbs	8.0	0.0	0.0
124	__protein2_rbs	8.6	0.0	0.0
124	__protein3_rbs	2.2	0.0	0.0
124	__ribosome	30.4	0.0	0.0
124	__rnase_site_ext	16.4	0.0	0.0
124	p0	0.8	0.0	0.0
124	p2	1.0	0.0	0.0
124	protein1	527.6	15.6	2.072778
124	protein2	509.2	16.6	2.0464474
124	protein3	70.4	2.8	1.5
124	r2	2.4	0.0	0.0
124	rnapol	1.2	0.0	0.0
125	__protein1_rbs	8.8	0.0	0.0
125	__protein2_rbs	10.0	0.0	0.0
125	__protein3_rbs	1.8	0.0	0.0
125	__ribosome	30.4	0.0	0.0
125	__rnase_site_ext	16.6	0.0	0.0
125	p0	0.8	0.0	0.0
125	p2	1.0	0.0	0.0
125	protein1	534.0	15.6	2.0491668
125	protein2	515.8	16.6	2.0111112
125	protein3	71.0	3.0	1.3
125	r2	2.6	0.0	0.0
125	rnapol	1.0	0.0	0.0
126	__protein1_rbs	10.6	0.0	0.0
126	__protein2_rbs	10.2	0.0	0.0
126	__protein3_rbs	2.0	0.0	0.0
126	__ribosome	34.4	0.0	0.0
126	__rnase_site_ext	16.4	0.0	0.0
126	p0	1.0	0.0	0.0
126	p2	0.8	0.0	0.0
126	protein1	542.4	16.0	1.7912570000000003
126	protein2	522.0	16.2	2.0644736
126	protein3	72.4	3.0	0.9833334
126	r2	2.6	0.0	0.0
126	rnapol	1.2	0.0	0.0
127	__protein1_rbs	9.8	0.0	0.0
127	__protein2_rbs	9.8	0.0	0.0
127	__protein3_rbs	1.8	0.0	0.0
127	__ribosome	31.8	0.0	0.0
127	__rnase_site_ext	16.8	0.0	0.0
127	p0	0.6	0.0	0.0
127	p2	0.8	0.0	0.0
127	protein1	547.4	15.8	1.937971
127	protein2	529.0	16.2	2.0942252
127	protein3	73.0	3.0	1.25
127	r2	2.6	0.0	0.0
127	rnapol	1.2	0.0	0.0
128	__protein1_rbs	10.2	0.0	0.0
128	__protein2_rbs	9.8	0.0	0.0
128	__protein3_rbs	1.8	0.0	0.0
128	__ribosome	32.4	0.0	0.0
128	__rnase_site_ext	16.8	0.0	0.0
128	p0	0.8	0.0	0.0
128	p2	1.0	0.0	0.0
128	protein1	553.8	16.2	1.8689728000000003
128	protein2	536.6	16.4	2.0166668000000003
128	protein3	74.2	3.0	1.5
128	r2	2.6	0.0	0.0
128	rnapol	1.0	0.0	0.0
129	__protein1_rbs	10.0	0.0	0.0
129	__protein2_rbs	11.0	0.0	0.0
129	__protein3_rbs	2.0	0.0	0.0
129	__ribosome	33.4	0.0	0.0
129	__rnase_site_ext	17.2	0.0	0.0
129	p0	0.6	0.0	0.0
129	p2	1.0	0.0	0.0
129	protein1	560.2	16.2	1.875182
129	protein2	544.0	16.4	1.8835863999999998
129	protein3	75.0	3.2	1.5833334
129	r2	2.6	0.0	0.0
129	rnapol	1.0	0.0	0.0
130	__protein1_rbs	9.2	0.0	0.0
130	__protein2_rbs	10.0	0.0	0.0
130	__protein3_rbs	2.0	0.0	0.0
130	__ribosome	31.6	0.0	0.0
130	__rnase_site_ext	17.8	0.0	0.0
130	p0	1.0	0.0	0.0
130	p2	1.0	0.0	0.0
130	protein1	566.4	16.6	1.9812326
130	protein2	551.0	16.6	1.847753
130	protein3	76.2	3.2	1.8
130	r2	2.6	0.0	0.0
130	rnapol	0.6	0.0	0.0
131	__protein1_rbs	11.6	0.0	0.0
131	__protein2_rbs	10.0	0.0	0.0
131	__protein3_rbs	1.4	0.0	0.0
131	__ribosome	30.8	0.0	0.0
131	__rnase_site_ext	18.0	0.0	0.0
131	p0	0.8	0.0	0.0
131	p2	1.0	0.0	0.0
131	protein1	572.8	17.2	1.8517216
131	protein2	557.6	16.8	1.8372491999999998
131	protein3	77.2	3.2	2.05
131	r2	2.6	0.0	0.0
131	rnapol	0.4	0.0	0.0
132	__protein1_rbs	10.2	0.0	0.0
132	__protein2_rbs	10.8	0.0	0.0
132	__protein3_rbs	2.4	0.0	0.0
132	__ribosome	31.4	0.0	0.0
132	__rnase_site_ext	17.8	0.0	0.0
132	p0	1.0	0.0	0.0
132	p2	1.0	0.0	0.0
132	protein1	579.2	17.4	1.8887104
132	protein2	564.4	16.6	1.8184586
132	protein3	78.4	3.2	1.8833332
132	r2	2.6	0.0	0.0
132	rnapol	0.6	0.0	0.0
133	__protein1_rbs	8.8	0.0	0.0
133	__protein2_rbs	10.6	0.0	0.0
133	__protein3_rbs	2.6	0.0	0.0
133	__ribosome	31.0	0.0	0.0
133	__rnase_site_ext	18.2	0.0	0.0
133	p0	0.4	0.0	0.0
133	p2	1.0	0.0	0.0
133	protein1	586.0	17.2	1.9591193999999998
133	protein2	571.2	17.0	1.7771428
133	protein3	79.6	3.2	1.9333332
133	r2	2.6	0.0	0.0
133	rnapol	0.2	0.0	0.0
134	__protein1_rbs	10.4	0.0	0.0
134	__protein2_rbs	9.2	0.0	0.0
134	__protein3_rbs	2.4	0.0	0.0
134	__ribosome	30.8	0.0	0.0
134	__rnase_site_ext	18.2	0.0	0.0
134	p0	0.8	0.0	0.0
134	p2	1.0	0.0	0.0
134	protein1	593.0	17.2	1.9446692000000003
134	protein2	577.8	16.8	1.8974402
134	protein3	81.0	3.2	1.6833332
134	r2	2.6	0.0	0.0
134	rnapol	0.2	0.0	0.0
135	__protein1_rbs	11.0	0.0	0.0
135	__protein2_rbs	10.2	0.0	0.0
135	__protein3_rbs	2.0	0.0	0.0
135	__ribosome	28.4	0.0	0.0
135	__rnase_site_ext	18.4	0.0	0.0
135	p0	0.6	0.0	0.0
135	p2	1.0	0.0	0.0
135	protein1	600.0	17.6	1.8896682
135	protein2	582.2	17.2	1.9927172
135	protein3	82.4	3.2	1.75
135	r2	2.6	0.0	0.0
135	rnapol	0.4	0.0	0.0
136	__protein1_rbs	10.6	0.0	0.0
136	__protein2_rbs	10.8	0.0	0.0
136	__protein3_rbs	2.0	0.0	0.0
136	__ribosome	28.6	0.0	0.0
136	__rnase_site_ext	18.2	0.0	0.0
136	p0	0.8	0.0	0.0
136	p2	1.0	0.0	0.0
136	protein1	606.4	17.4	1.972323
136	protein2	589.6	16.8	1.9925016
136	protein3	84.2	3.2	1.6333331999999998
136	r2	2.6	0.0	0.0
136	rnapol	0.2	0.0	0.0
137	__protein1_rbs	10.6	0.0	0.0
137	__protein2_rbs	11.6	0.0	0.0
137	__protein3_rbs	2.4	0.0	0.0
137	__ribosome	30.8	0.0	0.0
137	__rnase_site_ext	17.6	0.0	0.0
137	p0	1.0	0.0	0.0
137	p2	1.0	0.0	0.0
137	protein1	614.2	17.4	1.9770202
137	protein2	596.6	16.8	1.8559986
137	protein3	85.0	3.2	1.45
137	r2	2.6	0.0	0.0
137	rnapol	0.6	0.0	0.0
138	__protein1_rbs	11.0	0.0	0.0
138	__protein2_rbs	11.6	0.0	0.0
138	__protein3_rbs	1.0	0.0	0.0
138	__ribosome	30.0	0.0	0.0
138	__rnase_site_ext	17.8	0.0	0.0
138	p0	1.0	0.0	0.0
138	p2	1.0	0.0	0.0
138	protein1	621.4	17.2	1.9580912
138	protein2	603.4	17.4	1.7684034
138	protein3	86.0	3.2	1.6166665999999998
138	r2	2.6	0.0	0.0
138	rnapol	0.4	0.0	0.0
139	__protein1_rbs	12.2	0.0	0.0
139	__protein2_rbs	12.4	0.0	0.0
139	__protein3_rbs	1.2	0.0	0.0
139	__ribosome	32.2	0.0	0.0
139	__rnase_site_ext	18.0	0.0	0.0
139	p0	0.8	0.0	0.0
139	p2	1.0	0.0	0.0
139	protein1	628.6	17.4	1.8825032
139	protein2	610.6	17.4	1.6864557999999998
139	protein3	86.8	3.0	2.3333332
139	r2	2.6	0.0	0.0
139	rnapol	0.6	0.0	0.0
140	__protein1_rbs	10.4	0.0	0.0
140	__protein2_rbs	9.8	0.0	0.0
140	__protein3_rbs	2.0	0.0	0.0
140	__ribosome	30.6	0.0	0.0
140	__rnase_site_ext	18.2	0.0	0.0
140	p0	0.8	0.0	0.0
140	p2	1.0	0.0	0.0
140	protein1	635.8	17.2	1.9082052
140	protein2	617.6	17.4	1.7591013999999998
140	protein3	88.0	3.2	2.5866666
140	r2	2.6	0.0	0.0
140	rnapol	0.6	0.0	0.0
141	__protein1_rbs	12.4	0.0	0.0
141	__protein2_rbs	9.6	0.0	0.0
141	__protein3_rbs	2.2	0.0	0.0
141	__ribosome	30.4	0.0	0.0
141	__rnase_site_ext	18.4	0.0	0.0
141	p0	0.8	0.0	0.0
141	p2	1.0	0.0	0.0
141	protein1	642.6	17.6	1.7967418000000002
141	protein2	623.6	17.4	1.8391741999999998
141	protein3	89.2	3.2	2.1533333999999997
141	r2	2.6	0.0	0.0
141	rnapol	0.4	0.0	0.0
142	__protein1_rbs	10.0	0.0	0.0
142	__protein2_rbs	11.4	0.0	0.0
142	__protein3_rbs	2.0	0.0	0.0
142	__ribosome	28.6	0.0	0.0
142	__rnase_site_ext	18.6	0.0	0.0
142	p0	0.6	0.0	0.0
142	p2	1.0	0.0	0.0
142	protein1	651.0	17.6	1.8116042
142	protein2	629.2	18.2	1.857459
142	protein3	90.4	3.2	2.2933334
142	r2	2.4	0.0	0.0
142	rnapol	0.6	0.0	0.0
143	__protein1_rbs	11.0	0.0	0.0
143	__protein2_rbs	11.6	0.0	0.0
143	__protein3_rbs	2.2	0.0	0.0
143	__ribosome	28.0	0.0	0.0
143	__rnase_site_ext	18.8	0.0	0.0
143	p0	0.8	0.0	0.0
143	p2	0.8	0.0	0.0
143	protein1	657.4	17.8	1.8177256
143	protein2	635.6	18.6	1.8922892
143	protein3	92.6	3.2	2.02
143	r2	2.4	0.0	0.0
143	rnapol	0.4	0.0	0.0
144	__protein1_rbs	11.4	0.0	0.0
144	__protein2_rbs	12.8	0.0	0.0
144	__protein3_rbs	2.6	0.0	0.0
144	__ribosome	29.6	0.0	0.0
144	__rnase_site_ext	19.0	0.0	0.0
144	p0	0.8	0.0	0.0
144	p2	1.0	0.0	0.0
144	protein1	663.6	18.0	1.8107018
144	protein2	643.0	18.8	1.8281328
144	protein3	94.2	3.2	1.48
144	r2	2.4	0.0	0.0
144	rnapol	0.4	0.0	0.0
145	__protein1_rbs	10.8	0.0	0.0
145	__protein2_rbs	11.6	0.0	0.0
145	__protein3_rbs	1.6	0.0	0.0
145	__ribosome	28.0	0.0	0.0
145	__rnase_site_ext	19.0	0.0	0.0
145	p0	0.8	0.0	0.0
145	p2	1.0	0.0	0.0
145	protein1	669.6	18.2	1.8669736
145	protein2	651.0	19.0	1.7764288
145	protein3	95.2	3.4	1.3666665999999998
145	r2	2.4	0.0	0.0
145	rnapol	0.6	0.0	0.0
146	__protein1_rbs	11.2	0.0	0.0
146	__protein2_rbs	12.6	0.0	0.0
146	__protein3_rbs	2.8	0.0	0.0
146	__ribosome	27.8	0.0	0.0
146	__rnase_site_ext	19.4	0.0	0.0
146	p0	0.6	0.0	0.0
146	p2	1.0	0.0	0.0
146	protein1	676.2	18.2	1.8944736
146	protein2	658.0	19.2	1.7758768000000005
146	protein3	96.0	3.4	1.3
146	r2	2.4	0.0	0.0
146	rnapol	0.6	0.0	0.0
147	__protein1_rbs	10.2	0.0	0.0
147	__protein2_rbs	11.8	0.0	0.0
147	__protein3_rbs	1.6	0.0	0.0
147	__ribosome	27.2	0.0	0.0
147	__rnase_site_ext	19.0	0.0	0.0
147	p0	0.8	0.0	0.0
147	p2	1.0	0.0	0.0
147	protein1	684.2	18.2	1.8692026000000002
147	protein2	666.0	19.2	1.8140912
147	protein3	97.2	3.2	1.45
147	r2	2.4	0.0	0.0
147	rnapol	0.6	0.0	0.0
148	__protein1_rbs	12.2	0.0	0.0
148	__protein2_rbs	12.4	0.0	0.0
148	__protein3_rbs	2.6	0.0	0.0
148	__ribosome	27.8	0.0	0.0
148	__rnase_site_ext	19.4	0.0	0.0
148	p0	0.8	0.0	0.0
148	p2	1.0	0.0	0.0
148	protein1	691.6	18.2	1.8155184
148	protein2	673.4	19.2	1.8404543999999998
148	protein3	98.2	3.2	1.4166666
148	r2	2.4	0.0	0.0
148	rnapol	0.4	0.0	0.0
149	__protein1_rbs	12.6	0.0	0.0
149	__protein2_rbs	13.4	0.0	0.0
149	__protein3_rbs	2.2	0.0	0.0
149	__ribosome	29.6	0.0	0.0
149	__rnase_site_ext	19.2	0.0	0.0
149	p0	1.0	0.0	0.0
149	p2	0.8	0.0	0.0
149	protein1	698.6	18.4	1.7127556000000002
149	protein2	679.6	19.0	1.87
149	protein3	99.4	3.2	1.45
149	r2	2.4	0.0	0.0
149	rnapol	0.6	0.0	0.0
150	__protein1_rbs	11.4	0.0	0.0
150	__protein2_rbs	12.6	0.0	0.0
150	__protein3_rbs	2.2	0.0	0.0
150	__ribosome	30.4	0.0	0.0
150	__rnase_site_ext	19.2	0.0	0.0
150	p0	0.8	0.0	0.0
150	p2	0.8	0.0	0.0
150	protein1	706.2	18.4	1.7059131999999997
150	protein2	687.0	18.4	1.8418506
150	protein3	100.2	3.2	1.5166666000000002
150	r2	2.6	0.0	0.0
150	rnapol	0.6	0.0	0.0
151	__protein1_rbs	11.6	0.0	0.0
151	__protein2_rbs	11.6	0.0	0.0
151	__protein3_rbs	1.8	0.0	0.0
151	__ribosome	31.6	0.0	0.0
151	__rnase_site_ext	19.2	0.0	0.0
151	p0	0.8	0.0	0.0
151	p2	0.8	0.0	0.0
151	protein1	713.6	18.4	1.7135946
151	protein2	696.6	18.8	1.6946708
151	protein3	101.2	3.2	1.95
151	r2	2.6	0.0	0.0
151	rnapol	0.6	0.0	0.0
152	__protein1_rbs	12.2	0.0	0.0
152	__protein2_rbs	10.4	0.0	0.0
152	__protein3_rbs	2.6	0.0	0.0
152	__ribosome	30.0	0.0	0.0
152	__rnase_site_ext	18.6	0.0	0.0
152	p0	1.0	0.0	0.0
152	p2	1.0	0.0	0.0
152	protein1	720.6	18.4	1.7112932
152	protein2	703.6	18.8	1.7991526000000002
152	protein3	102.2	3.4	1.75
152	r2	2.6	0.0	0.0
152	rnapol	0.6	0.0	0.0
153	__protein1_rbs	10.4	0.0	0.0
153	__protein2_rbs	12.2	0.0	0.0
153	__protein3_rbs	2.2	0.0	0.0
153	__ribosome	28.2	0.0	0.0
153	__rnase_site_ext	18.4	0.0	0.0
153	p0	0.6	0.0	0.0
153	p2	0.8	0.0	0.0
153	protein1	726.2	18.2	1.8406188
153	protein2	711.0	19.0	1.7392858
153	protein3	103.2	3.6	1.7899999999999998
153	r2	2.6	0.0	0.0
153	rnapol	0.2	0.0	0.0
154	__protein1_rbs	11.2	0.0	0.0
154	__protein2_rbs	12.6	0.0	0.0
154	__protein3_rbs	2.6	0.0	0.0
154	__ribosome	26.8	0.0	0.0
154	__rnase_site_ext	18.8	0.0	0.0
154	p0	1.0	0.0	0.0
154	p2	1.0	0.0	0.0
154	protein1	732.6	17.8	1.9418448
154	protein2	717.6	19.0	1.7412302000000004
154	protein3	103.6	3.4	1.8733331999999998
154	r2	2.6	0.0	0.0
154	rnapol	0.2	0.0	0.0
155	__protein1_rbs	9.4	0.0	0.0
155	__protein2_rbs	12.0	0.0	0.0
155	__protein3_rbs	1.8	0.0	0.0
155	__ribosome	25.4	0.0	0.0
155	__rnase_site_ext	18.6	0.0	0.0
155	p0	0.8	0.0	0.0
155	p2	1.0	0.0	0.0
155	protein1	740.0	18.0	2.0210318000000003
155	protein2	725.4	19.2	1.6997223999999997
155	protein3	105.2	3.4	1.7600000000000002
155	r2	2.6	0.0	0.0
155	rnapol	0.4	0.0	0.0
156	__protein1_rbs	11.6	0.0	0.0
156	__protein2_rbs	12.8	0.0	0.0
156	__protein3_rbs	2.0	0.0	0.0
156	__ribosome	25.2	0.0	0.0
156	__rnase_site_ext	18.6	0.0	0.0
156	p0	0.8	0.0	0.0
156	p2	1.0	0.0	0.0
156	protein1	747.0	17.6	2.0101422
156	protein2	731.6	19.8	1.723839
156	protein3	107.0	3.4	1.64
156	r2	2.6	0.0	0.0
156	rnapol	0.4	0.0	0.0
157	__protein1_rbs	10.6	0.0	0.0
157	__protein2_rbs	10.6	0.0	0.0
157	__protein3_rbs	2.8	0.0	0.0
157	__ribosome	26.8	0.0	0.0
157	__rnase_site_ext	18.6	0.0	0.0
157	p0	0.4	0.0	0.0
157	p2	1.0	0.0	0.0
157	protein1	755.4	17.6	1.9397876
157	protein2	740.2	19.8	1.7285546000000003
157	protein3	107.8	3.4	1.3733334
157	r2	2.6	0.0	0.0
157	rnapol	0.2	0.0	0.0
158	__protein1_rbs	12.4	0.0	0.0
158	__protein2_rbs	12.8	0.0	0.0
158	__protein3_rbs	2.0	0.0	0.0
158	__ribosome	25.8	0.0	0.0
158	__rnase_site_ext	18.4	0.0	0.0
158	p0	0.8	0.0	0.0
158	p2	1.0	0.0	0.0
158	protein1	762.8	17.6	1.8274860000000002
158	protein2	745.2	20.0	1.8395384
158	protein3	109.0	3.4	1.5466666
158	r2	2.6	0.0	0.0
158	rnapol	0.6	0.0	0.0
159	__protein1_rbs	11.2	0.0	0.0
159	__protein2_rbs	13.2	0.0	0.0
159	__protein3_rbs	2.6	0.0	0.0
159	__ribosome	28.0	0.0	0.0
159	__rnase_site_ext	18.4	0.0	0.0
159	p0	0.8	0.0	0.0
159	p2	1.0	0.0	0.0
159	protein1	770.4	17.4	1.8313726000000004
159	protein2	752.8	20.0	1.7832611999999997
159	protein3	110.6	3.4	1.2399999999999998
159	r2	2.6	0.0	0.0
159	rnapol	0.6	0.0	0.0
160	__protein1_rbs	11.4	0.0	0.0
160	__protein2_rbs	11.8	0.0	0.0
160	__protein3_rbs	2.0	0.0	0.0
160	__ribosome	29.0	0.0	0.0
160	__rnase_site_ext	18.4	0.0	0.0
160	p0	0.8	0.0	0.0
160	p2	1.0	0.0	0.0
160	protein1	778.4	17.6	1.7107139999999998
160	protein2	760.4	19.8	1.8110824
160	protein3	111.4	3.4	1.5333332
160	r2	2.4	0.0	0.0
160	rnapol	1.0	0.0	0.0
161	__protein1_rbs	11.0	0.0	0.0
161	__protein2_rbs	12.8	0.0	0.0
161	__protein3_rbs	2.2	0.0	0.0
161	__ribosome	28.0	0.0	0.0
161	__rnase_site_ext	18.8	0.0	0.0
161	p0	0.6	0.0	0.0
161	p2	0.8	0.0	0.0
161	protein1	785.0	17.6	1.7542366000000003
161	protein2	767.6	19.8	1.8006380000000002
161	protein3	112.4	3.4	1.56
161	r2	2.4	0.0	0.0
161	rnapol	0.4	0.0	0.0
162	__protein1_rbs	10.8	0.0	0.0
162	__protein2_rbs	14.2	0.0	0.0
162	__protein3_rbs	2.8	0.0	0.0
162	__ribosome	28.0	0.0	0.0
162	__rnase_site_ext	19.2	0.0	0.0
162	p0	0.8	0.0	0.0
162	p2	0.6	0.0	0.0
162	protein1	790.4	17.8	1.8528594
162	protein2	775.8	19.8	1.7400295999999995
162	protein3	114.0	3.4	1.56
162	r2	2.4	0.0	0.0
162	rnapol	0.2	0.0	0.0
163	__protein1_rbs	10.6	0.0	0.0
163	__protein2_rbs	13.0	0.0	0.0
163	__protein3_rbs	2.2	0.0	0.0
163	__ribosome	27.6	0.0	0.0
163	__rnase_site_ext	19.8	0.0	0.0
163	p0	1.0	0.0	0.0
163	p2	1.0	0.0	0.0
163	protein1	797.6	18.0	1.8047703999999998
163	protein2	783.6	19.8	1.7457754
163	protein3	114.8	3.6	1.48
163	r2	2.2	0.0	0.0
163	rnapol	0.0	0.0	0.0
164	__protein1_rbs	11.8	0.0	0.0
164	__protein2_rbs	11.8	0.0	0.0
164	__protein3_rbs	2.0	0.0	0.0
164	__ribosome	25.0	0.0	0.0
164	__rnase_site_ext	19.8	0.0	0.0
164	p0	1.0	0.0	0.0
164	p2	1.0	0.0	0.0
164	protein1	804.8	18.4	1.7639778000000002
164	protein2	790.4	19.8	1.824136
164	protein3	115.8	4.0	1.6266666
164	r2	2.4	0.0	0.0
164	rnapol	0.0	0.0	0.0
165	__protein1_rbs	10.6	0.0	0.0
165	__protein2_rbs	13.2	0.0	0.0
165	__protein3_rbs	2.8	0.0	0.0
165	__ribosome	26.0	0.0	0.0
165	__rnase_site_ext	19.8	0.0	0.0
165	p0	1.0	0.0	0.0
165	p2	0.8	0.0	0.0
165	protein1	811.4	18.4	1.836413
165	protein2	799.2	19.8	1.716215
165	protein3	117.0	4.0	1.5433332
165	r2	2.4	0.0	0.0
165	rnapol	0.0	0.0	0.0
166	__protein1_rbs	11.4	0.0	0.0
166	__protein2_rbs	12.8	0.0	0.0
166	__protein3_rbs	3.0	0.0	0.0
166	__ribosome	27.4	0.0	0.0
166	__rnase_site_ext	19.4	0.0	0.0
166	p0	1.0	0.0	0.0
166	p2	1.0	0.0	0.0
166	protein1	819.4	18.4	1.7847540000000002
166	protein2	806.6	20.4	1.6809982
166	protein3	118.6	3.8	1.4866666000000002
166	r2	2.4	0.0	0.0
166	rnapol	0.6	0.0	0.0
167	__protein1_rbs	11.4	0.0	0.0
167	__protein2_rbs	13.4	0.0	0.0
167	__protein3_rbs	3.0	0.0	0.0
167	__ribosome	25.2	0.0	0.0
167	__rnase_site_ext	19.6	0.0	0.0
167	p0	1.0	0.0	0.0
167	p2	0.8	0.0	0.0
167	protein1	824.6	18.2	1.9120774
167	protein2	814.0	20.0	1.7440684000000002
167	protein3	120.0	4.0	1.4933333999999998
167	r2	2.4	0.0	0.0
167	rnapol	0.6	0.0	0.0
168	__protein1_rbs	12.4	0.0	0.0
168	__protein2_rbs	13.8	0.0	0.0
168	__protein3_rbs	2.2	0.0	0.0
168	__ribosome	27.2	0.0	0.0
168	__rnase_site_ext	20.2	0.0	0.0
168	p0	0.6	0.0	0.0
168	p2	0.8	0.0	0.0
168	protein1	832.2	18.0	1.8498294
168	protein2	821.0	20.0	1.724218
168	protein3	121.6	4.0	1.4633334000000002
168	r2	2.4	0.0	0.0
168	rnapol	0.0	0.0	0.0
169	__protein1_rbs	11.8	0.0	0.0
169	__protein2_rbs	12.4	0.0	0.0
169	__protein3_rbs	2.8	0.0	0.0
169	__ribosome	27.8	0.0	0.0
169	__rnase_site_ext	20.0	0.0	0.0
169	p0	0.8	0.0	0.0
169	p2	1.0	0.0	0.0
169	protein1	840.8	18.0	1.7639622
169	protein2	828.8	19.8	1.7675464
169	protein3	123.2	4.2	1.39
169	r2	2.4	0.0	0.0
169	rnapol	0.6	0.0	0.0
170	__protein1_rbs	11.6	0.0	0.0
170	__protein2_rbs	13.0	0.0	0.0
170	__protein3_rbs	3.6	0.0	0.0
170	__ribosome	26.6	0.0	0.0
170	__rnase_site_ext	20.2	0.0	0.0
170	p0	0.4	0.0	0.0
170	p2	1.0	0.0	0.0
170	protein1	847.4	18.2	1.8048962
170	protein2	836.6	20.2	1.7446872
170	protein3	123.8	4.2	1.3833334000000002
170	r2	2.4	0.0	0.0
170	rnapol	0.4	0.0	0.0
171	__protein1_rbs	11.6	0.0	0.0
171	__protein2_rbs	13.4	0.0	0.0
171	__protein3_rbs	3.0	0.0	0.0
171	__ribosome	25.0	0.0	0.0
171	__rnase_site_ext	20.4	0.0	0.0
171	p0	0.8	0.0	0.0
171	p2	1.0	0.0	0.0
171	protein1	854.6	18.4	1.7643478
171	protein2	843.8	20.0	1.8103836
171	protein3	125.0	4.0	1.65
171	r2	2.4	0.0	0.0
171	rnapol	0.8	0.0	0.0
172	__protein1_rbs	12.0	0.0	0.0
172	__protein2_rbs	10.4	0.0	0.0
172	__protein3_rbs	1.6	0.0	0.0
172	__ribosome	23.4	0.0	0.0
172	__rnase_site_ext	20.4	0.0	0.0
172	p0	0.8	0.0	0.0
172	p2	1.0	0.0	0.0
172	protein1	861.6	19.0	1.7252632
172	protein2	852.4	19.4	1.9075858
172	protein3	126.8	4.0	1.84
172	r2	2.4	0.0	0.0
172	rnapol	0.8	0.0	0.0
173	__protein1_rbs	12.6	0.0	0.0
173	__protein2_rbs	12.6	0.0	0.0
173	__protein3_rbs	2.4	0.0	0.0
173	__ribosome	24.8	0.0	0.0
173	__rnase_site_ext	20.0	0.0	0.0
173	p0	0.8	0.0	0.0
173	p2	1.0	0.0	0.0
173	protein1	868.8	19.0	1.7094558000000002
173	protein2	859.4	18.8	1.9055778
173	protein3	128.0	4.0	1.7100000000000002
173	r2	2.2	0.0	0.0
173	rnapol	1.0	0.0	0.0
174	__protein1_rbs	11.8	0.0	0.0
174	__protein2_rbs	11.8	0.0	0.0
174	__protein3_rbs	2.8	0.0	0.0
174	__ribosome	25.4	0.0	0.0
174	__rnase_site_ext	20.4	0.0	0.0
174	p0	1.0	0.0	0.0
174	p2	1.0	0.0	0.0
174	protein1	875.2	18.6	1.7985205999999998
174	protein2	868.4	19.0	1.8270412
174	protein3	129.4	3.8	1.8166666
174	r2	2.0	0.0	0.0
174	rnapol	1.2	0.0	0.0
175	__protein1_rbs	10.0	0.0	0.0
175	__protein2_rbs	13.6	0.0	0.0
175	__protein3_rbs	2.8	0.0	0.0
175	__ribosome	26.8	0.0	0.0
175	__rnase_site_ext	20.4	0.0	0.0
175	p0	1.0	0.0	0.0
175	p2	1.0	0.0	0.0
175	protein1	883.0	19.0	1.8624688
175	protein2	876.4	18.8	1.7202023999999998
175	protein3	131.2	3.8	1.5833334
175	r2	2.2	0.0	0.0
175	rnapol	1.2	0.0	0.0
176	__protein1_rbs	11.6	0.0	0.0
176	__protein2_rbs	11.6	0.0	0.0
176	__protein3_rbs	2.6	0.0	0.0
176	__ribosome	25.2	0.0	0.0
176	__rnase_site_ext	20.4	0.0	0.0
176	p0	0.8	0.0	0.0
176	p2	0.8	0.0	0.0
176	protein1	889.8	19.0	1.9194446
176	protein2	883.0	19.0	1.7452542000000002
176	protein3	133.0	3.8	1.7
176	r2	2.2	0.0	0.0
176	rnapol	1.0	0.0	0.0
177	__protein1_rbs	12.4	0.0	0.0
177	__protein2_rbs	12.4	0.0	0.0
177	__protein3_rbs	2.4	0.0	0.0
177	__ribosome	26.4	0.0	0.0
177	__rnase_site_ext	20.6	0.0	0.0
177	p0	1.0	0.0	0.0
177	p2	0.6	0.0	0.0
177	protein1	897.2	18.8	1.8957844
177	protein2	891.0	19.2	1.6690316000000005
177	protein3	134.2	3.8	1.7
177	r2	2.2	0.0	0.0
177	rnapol	0.6	0.0	0.0
178	__protein1_rbs	12.0	0.0	0.0
178	__protein2_rbs	12.2	0.0	0.0
178	__protein3_rbs	3.0	0.0	0.0
178	__ribosome	25.8	0.0	0.0
178	__rnase_site_ext	20.8	0.0	0.0
178	p0	0.6	0.0	0.0
178	p2	1.0	0.0	0.0
178	protein1	903.8	19.0	1.9176900000000001
178	protein2	898.4	19.4	1.6376469999999999
178	protein3	135.6	4.0	1.6428572
178	r2	2.0	0.0	0.0
178	rnapol	0.2	0.0	0.0
179	__protein1_rbs	12.8	0.0	0.0
179	__protein2_rbs	11.8	0.0	0.0
179	__protein3_rbs	2.2	0.0	0.0
179	__ribosome	25.6	0.0	0.0
179	__rnase_site_ext	21.0	0.0	0.0
179	p0	0.8	0.0	0.0
179	p2	1.0	0.0	0.0
179	protein1	913.0	19.0	1.825804
179	protein2	905.6	20.0	1.6887838
179	protein3	137.2	4.0	2.2595238
179	r2	1.8	0.0	0.0
179	rnapol	0.2	0.0	0.0
180	__protein1_rbs	11.4	0.0	0.0
180	__protein2_rbs	12.8	0.0	0.0
180	__protein3_rbs	3.0	0.0	0.0
180	__ribosome	25.2	0.0	0.0
180	__rnase_site_ext	21.4	0.0	0.0
180	p0	0.8	0.0	0.0
180	p2	1.0	0.0	0.0
180	protein1	922.0	19.4	1.7442982
180	protein2	912.2	20.2	1.7342622
180	protein3	138.2	4.0	2.3976192000000003
180	r2	1.8	0.0	0.0
180	rnapol	0.0	0.0	0.0
181	__protein1_rbs	13.6	0.0	0.0
181	__protein2_rbs	13.8	0.0	0.0
181	__protein3_rbs	2.8	0.0	0.0
181	__ribosome	27.4	0.0	0.0
181	__rnase_site_ext	21.6	0.0	0.0
181	p0	1.0	0.0	0.0
181	p2	1.0	0.0	0.0
181	protein1	928.8	19.8	1.7023012000000002
181	protein2	920.2	20.2	1.6663906000000002
181	protein3	139.8	3.8	2.1809526000000004
181	r2	1.8	0.0	0.0
181	rnapol	0.2	0.0	0.0
182	__protein1_rbs	12.2	0.0	0.0
182	__protein2_rbs	12.0	0.0	0.0
182	__protein3_rbs	1.8	0.0	0.0
182	__ribosome	21.6	0.0	0.0
182	__rnase_site_ext	21.8	0.0	0.0
182	p0	1.0	0.0	0.0
182	p2	1.0	0.0	0.0
182	protein1	936.2	20.0	1.7315223999999998
182	protein2	925.4	20.2	1.8592085999999999
182	protein3	141.0	3.8	2.4190474
182	r2	2.0	0.0	0.0
182	rnapol	0.0	0.0	0.0
183	__protein1_rbs	12.4	0.0	0.0
183	__protein2_rbs	14.8	0.0	0.0
183	__protein3_rbs	2.6	0.0	0.0
183	__ribosome	24.6	0.0	0.0
183	__rnase_site_ext	21.6	0.0	0.0
183	p0	0.8	0.0	0.0
183	p2	0.8	0.0	0.0
183	protein1	944.0	20.2	1.7527183999999998
183	protein2	934.6	20.2	1.7097698
183	protein3	142.6	3.8	1.92
183	r2	2.0	0.0	0.0
183	rnapol	0.8	0.0	0.0
184	__protein1_rbs	13.8	0.0	0.0
184	__protein2_rbs	13.8	0.0	0.0
184	__protein3_rbs	2.0	0.0	0.0
184	__ribosome	25.2	0.0	0.0
184	__rnase_site_ext	21.6	0.0	0.0
184	p0	0.8	0.0	0.0
184	p2	0.8	0.0	0.0
184	protein1	951.8	20.0	1.7062613999999998
184	protein2	942.2	20.2	1.7173683999999998
184	protein3	144.6	3.6	1.9266668000000002
184	r2	2.0	0.0	0.0
184	rnapol	0.6	0.0	0.0
185	__protein1_rbs	12.2	0.0	0.0
185	__protein2_rbs	13.6	0.0	0.0
185	__protein3_rbs	2.6	0.0	0.0
185	__ribosome	24.8	0.0	0.0
185	__rnase_site_ext	21.6	0.0	0.0
185	p0	1.0	0.0	0.0
185	p2	0.8	0.0	0.0
185	protein1	959.0	20.0	1.7686431999999996
185	protein2	950.4	20.2	1.6429412
185	protein3	145.0	3.4	2.0266666
185	r2	2.2	0.0	0.0
185	rnapol	0.6	0.0	0.0
186	__protein1_rbs	14.0	0.0	0.0
186	__protein2_rbs	12.8	0.0	0.0
186	__protein3_rbs	2.8	0.0	0.0
186	__ribosome	26.2	0.0	0.0
186	__rnase_site_ext	21.6	0.0	0.0
186	p0	0.6	0.0	0.0
186	p2	0.8	0.0	0.0
186	protein1	966.4	20.0	1.7574268000000004
186	protein2	959.0	20.4	1.5997998
186	protein3	147.0	3.6	1.8966666
186	r2	2.4	0.0	0.0
186	rnapol	0.4	0.0	0.0
187	__protein1_rbs	13.2	0.0	0.0
187	__protein2_rbs	12.8	0.0	0.0
187	__protein3_rbs	1.8	0.0	0.0
187	__ribosome	25.6	0.0	0.0
187	__rnase_site_ext	21.4	0.0	0.0
187	p0	1.0	0.0	0.0
187	p2	0.6	0.0	0.0
187	protein1	974.8	19.8	1.6796932000000002
187	protein2	965.6	20.6	1.7028506
187	protein3	149.0	3.8	2.0
187	r2	2.4	0.0	0.0
187	rnapol	0.8	0.0	0.0
188	__protein1_rbs	11.6	0.0	0.0
188	__protein2_rbs	14.2	0.0	0.0
188	__protein3_rbs	3.0	0.0	0.0
188	__ribosome	25.4	0.0	0.0
188	__rnase_site_ext	21.2	0.0	0.0
188	p0	0.6	0.0	0.0
188	p2	1.0	0.0	0.0
188	protein1	983.2	19.8	1.7037656000000003
188	protein2	972.6	20.6	1.7219887999999999
188	protein3	150.2	3.8	1.9466666000000001
188	r2	2.4	0.0	0.0
188	rnapol	0.6	0.0	0.0
189	__protein1_rbs	11.6	0.0	0.0
189	__protein2_rbs	13.2	0.0	0.0
189	__protein3_rbs	2.8	0.0	0.0
189	__ribosome	23.0	0.0	0.0
189	__rnase_site_ext	21.2	0.0	0.0
189	p0	1.0	0.0	0.0
189	p2	1.0	0.0	0.0
189	protein1	990.0	19.6	1.7731418
189	protein2	979.0	20.4	1.8278152
189	protein3	152.2	4.2	1.3733334
189	r2	2.4	0.0	0.0
189	rnapol	0.8	0.0	0.0
190	__protein1_rbs	12.2	0.0	0.0
190	__protein2_rbs	14.0	0.0	0.0
190	__protein3_rbs	3.0	0.0	0.0
190	__ribosome	25.2	0.0	0.0
190	__rnase_site_ext	21.6	0.0	0.0
190	p0	0.4	0.0	0.0
190	p2	1.0	0.0	0.0
190	protein1	998.2	19.6	1.7187054
190	protein2	987.4	20.6	1.7223810000000002
190	protein3	153.2	4.2	1.4933332000000001
190	r2	2.4	0.0	0.0
190	rnapol	0.4	0.0	0.0
191	__protein1_rbs	14.8	0.0	0.0
191	__protein2_rbs	12.0	0.0	0.0
191	__protein3_rbs	2.6	0.0	0.0
191	__ribosome	25.4	0.0	0.0
191	__rnase_site_ext	21.8	0.0	0.0
191	p0	0.8	0.0	0.0
191	p2	1.0	0.0	0.0
191	protein1	1005.2	19.8	1.6551692
191	protein2	996.0	20.4	1.7633683999999998
191	protein3	154.8	4.0	1.5466666000000002
191	r2	2.4	0.0	0.0
191	rnapol	0.6	0.0	0.0
192	__protein1_rbs	13.0	0.0	0.0
192	__protein2_rbs	12.4	0.0	0.0
192	__protein3_rbs	2.6	0.0	0.0
192	__ribosome	23.6	0.0	0.0
192	__rnase_site_ext	21.8	0.0	0.0
192	p0	0.8	0.0	0.0
192	p2	1.0	0.0	0.0
192	protein1	1011.8	20.0	1.7473683999999998
192	protein2	1004.8	20.6	1.7022221999999998
192	protein3	156.2	4.0	1.6466666
192	r2	2.6	0.0	0.0
192	rnapol	0.8	0.0	0.0
193	__protein1_rbs	12.4	0.0	0.0
193	__protein2_rbs	14.0	0.0	0.0
193	__protein3_rbs	2.2	0.0	0.0
193	__ribosome	25.0	0.0	0.0
193	__rnase_site_ext	21.6	0.0	0.0
193	p0	1.0	0.0	0.0
193	p2	0.8	0.0	0.0
193	protein1	1021.6	20.0	1.7107211999999996
193	protein2	1012.0	20.6	1.6742221999999998
193	protein3	157.6	4.0	1.8733334
193	r2	2.6	0.0	0.0
193	rnapol	1.2	0.0	0.0
194	__protein1_rbs	13.8	0.0	0.0
194	__protein2_rbs	14.0	0.0	0.0
194	__protein3_rbs	2.6	0.0	0.0
194	__ribosome	24.4	0.0	0.0
194	__rnase_site_ext	21.6	0.0	0.0
194	p0	0.8	0.0	0.0
194	p2	0.8	0.0	0.0
194	protein1	1028.4	20.0	1.7344444000000003
194	protein2	1020.0	21.0	1.6550182
194	protein3	159.2	4.0	1.8733334000000004
194	r2	2.6	0.0	0.0
194	rnapol	0.8	0.0	0.0
195	__protein1_rbs	14.2	0.0	0.0
195	__protein2_rbs	14.6	0.0	0.0
195	__protein3_rbs	2.4	0.0	0.0
195	__ribosome	24.0	0.0	0.0
195	__rnase_site_ext	21.8	0.0	0.0
195	p0	1.0	0.0	0.0
195	p2	1.0	0.0	0.0
195	protein1	1034.6	20.0	1.737772
195	protein2	1027.4	21.0	1.63884
195	protein3	160.8	4.4	1.78
195	r2	2.6	0.0	0.0
195	rnapol	0.6	0.0	0.0
196	__protein1_rbs	14.6	0.0	0.0
196	__protein2_rbs	12.2	0.0	0.0
196	__protein3_rbs	2.8	0.0	0.0
196	__ribosome	23.0	0.0	0.0
196	__rnase_site_ext	21.6	0.0	0.0
196	p0	1.0	0.0	0.0
196	p2	1.0	0.0	0.0
196	protein1	1041.0	20.2	1.6817616000000002
196	protein2	1034.8	21.2	1.7236876000000003
196	protein3	162.4	4.4	1.6933334000000002
196	r2	2.6	0.0	0.0
196	rnapol	0.8	0.0	0.0
197	__protein1_rbs	13.6	0.0	0.0
197	__protein2_rbs	12.6	0.0	0.0
197	__protein3_rbs	2.8	0.0	0.0
197	__ribosome	24.4	0.0	0.0
197	__rnase_site_ext	21.4	0.0	0.0
197	p0	1.0	0.0	0.0
197	p2	1.0	0.0	0.0
197	protein1	1051.2	19.8	1.5510164
197	protein2	1043.0	21.2	1.7600528000000002
197	protein3	163.4	4.4	1.8933334
197	r2	2.8	0.0	0.0
197	rnapol	0.6	0.0	0.0
198	__protein1_rbs	12.8	0.0	0.0
198	__protein2_rbs	14.0	0.0	0.0
198	__protein3_rbs	2.4	0.0	0.0
198	__ribosome	23.6	0.0	0.0
198	__rnase_site_ext	21.6	0.0	0.0
198	p0	1.0	0.0	0.0
198	p2	0.8	0.0	0.0
198	protein1	1058.4	19.6	1.6179972
198	protein2	1051.4	21.6	1.7039656000000003
198	protein3	165.6	4.4	1.8599998
198	r2	2.8	0.0	0.0
198	rnapol	0.6	0.0	0.0
199	__protein1_rbs	11.4	0.0	0.0
199	__protein2_rbs	14.8	0.0	0.0
199	__protein3_rbs	3.0	0.0	0.0
199	__ribosome	23.0	0.0	0.0
199	__rnase_site_ext	21.6	0.0	0.0
199	p0	0.8	0.0	0.0
199	p2	0.6	0.0	0.0
199	protein1	1066.6	19.8	1.6119048
199	protein2	1058.2	21.8	1.7220804
199	protein3	167.2	4.4	1.7733333999999998
199	r2	3.0	0.0	0.0
199	rnapol	0.8	0.0	0.0
200	__protein1_rbs	14.4	0.0	0.0
200	__protein2_rbs	13.8	0.0	0.0
200	__protein3_rbs	3.0	0.0	0.0
200	__ribosome	23.4	0.0	0.0
200	__rnase_site_ext	21.4	0.0	0.0
200	p0	0.8	0.0	0.0
200	p2	0.8	0.0	0.0
200	protein1	1072.8	19.4	1.6206348000000002
200	protein2	1067.0	21.8	1.7448372
200	protein3	169.4	4.4	1.7133332
200	r2	3.0	0.0	0.0
200	rnapol	0.4	0.0	0.0
201	__protein1_rbs	12.0	0.0	0.0
201	__protein2_rbs	14.8	0.0	0.0
201	__protein3_rbs	3.2	0.0	0.0
201	__ribosome	22.8	0.0	0.0
201	__rnase_site_ext	20.8	0.0	0.0
201	p0	1.0	0.0	0.0
201	p2	0.8	0.0	0.0
201	protein1	1079.0	19.6	1.7058025999999995
201	protein2	1075.0	21.4	1.7574772
201	protein3	171.4	4.6	1.5933334
201	r2	3.2	0.0	0.0
201	rnapol	0.4	0.0	0.0
202	__protein1_rbs	12.4	0.0	0.0
202	__protein2_rbs	14.0	0.0	0.0
202	__protein3_rbs	3.0	0.0	0.0
202	__ribosome	23.6	0.0	0.0
202	__rnase_site_ext	21.0	0.0	0.0
202	p0	1.0	0.0	0.0
202	p2	0.6	0.0	0.0
202	protein1	1086.4	19.2	1.7402514
202	protein2	1084.4	21.6	1.6918928000000002
202	protein3	172.8	4.8	1.6433334000000002
202	r2	3.2	0.0	0.0
202	rnapol	0.4	0.0	0.0
203	__protein1_rbs	13.6	0.0	0.0
203	__protein2_rbs	13.4	0.0	0.0
203	__protein3_rbs	3.0	0.0	0.0
203	__ribosome	24.4	0.0	0.0
203	__rnase_site_ext	21.2	0.0	0.0
203	p0	1.0	0.0	0.0
203	p2	0.6	0.0	0.0
203	protein1	1094.8	19.4	1.6658787999999998
203	protein2	1092.8	21.6	1.7341026000000004
203	protein3	174.4	4.6	1.7166666000000002
203	r2	3.4	0.0	0.0
203	rnapol	0.6	0.0	0.0
204	__protein1_rbs	14.0	0.0	0.0
204	__protein2_rbs	15.0	0.0	0.0
204	__protein3_rbs	3.4	0.0	0.0
204	__ribosome	26.4	0.0	0.0
204	__rnase_site_ext	21.4	0.0	0.0
204	p0	0.8	0.0	0.0
204	p2	0.8	0.0	0.0
204	protein1	1102.0	19.6	1.6543802
204	protein2	1101.8	21.4	1.649423
204	protein3	176.4	4.8	1.5714286
204	r2	3.4	0.0	0.0
204	rnapol	0.4	0.0	0.0
205	__protein1_rbs	12.6	0.0	0.0
205	__protein2_rbs	14.6	0.0	0.0
205	__protein3_rbs	3.6	0.0	0.0
205	__ribosome	26.6	0.0	0.0
205	__rnase_site_ext	21.0	0.0	0.0
205	p0	0.8	0.0	0.0
205	p2	1.0	0.0	0.0
205	protein1	1109.8	19.8	1.6257355999999998
205	protein2	1110.0	21.2	1.631746
205	protein3	177.2	5.0	1.595238
205	r2	3.4	0.0	0.0
205	rnapol	0.4	0.0	0.0
206	__protein1_rbs	12.6	0.0	0.0
206	__protein2_rbs	12.8	0.0	0.0
206	__protein3_rbs	3.4	0.0	0.0
206	__ribosome	24.8	0.0	0.0
206	__rnase_site_ext	21.0	0.0	0.0
206	p0	0.8	0.0	0.0
206	p2	1.0	0.0	0.0
206	protein1	1116.8	19.6	1.6383712
206	protein2	1117.0	21.0	1.7253968000000002
206	protein3	179.6	5.2	1.5052379999999999
206	r2	3.6	0.0	0.0
206	rnapol	0.4	0.0	0.0
207	__protein1_rbs	11.8	0.0	0.0
207	__protein2_rbs	14.8	0.0	0.0
207	__protein3_rbs	3.0	0.0	0.0
207	__ribosome	23.8	0.0	0.0
207	__rnase_site_ext	20.8	0.0	0.0
207	p0	0.8	0.0	0.0
207	p2	0.8	0.0	0.0
207	protein1	1123.4	19.6	1.7148712
207	protein2	1125.2	21.4	1.6227235999999998
207	protein3	181.2	5.2	1.6385714
207	r2	3.8	0.0	0.0
207	rnapol	0.2	0.0	0.0
208	__protein1_rbs	13.4	0.0	0.0
208	__protein2_rbs	13.6	0.0	0.0
208	__protein3_rbs	3.4	0.0	0.0
208	__ribosome	24.8	0.0	0.0
208	__rnase_site_ext	21.0	0.0	0.0
208	p0	1.0	0.0	0.0
208	p2	0.8	0.0	0.0
208	protein1	1131.0	19.4	1.6525919999999998
208	protein2	1133.8	21.2	1.6565439999999998
208	protein3	182.8	5.0	1.7509526000000002
208	r2	3.6	0.0	0.0
208	rnapol	0.4	0.0	0.0
209	__protein1_rbs	12.6	0.0	0.0
209	__protein2_rbs	15.6	0.0	0.0
209	__protein3_rbs	3.4	0.0	0.0
209	__ribosome	24.4	0.0	0.0
209	__rnase_site_ext	21.0	0.0	0.0
209	p0	0.8	0.0	0.0
209	p2	0.8	0.0	0.0
209	protein1	1137.6	19.6	1.6970196000000002
209	protein2	1141.0	21.4	1.6151628000000002
209	protein3	184.6	5.0	1.8266668000000001
209	r2	3.6	0.0	0.0
209	rnapol	0.2	0.0	0.0
210	__protein1_rbs	12.0	0.0	0.0
210	__protein2_rbs	16.2	0.0	0.0
210	__protein3_rbs	2.4	0.0	0.0
210	__ribosome	25.0	0.0	0.0
210	__rnase_site_ext	21.2	0.0	0.0
210	p0	0.8	0.0	0.0
210	p2	1.0	0.0	0.0
210	protein1	1146.0	19.8	1.707432
210	protein2	1148.4	21.6	1.5247882
210	protein3	186.6	5.0	1.9171428
210	r2	3.6	0.0	0.0
210	rnapol	0.4	0.0	0.0
211	__protein1_rbs	12.8	0.0	0.0
211	__protein2_rbs	13.8	0.0	0.0
211	__protein3_rbs	3.2	0.0	0.0
211	__ribosome	23.6	0.0	0.0
211	__rnase_site_ext	20.6	0.0	0.0
211	p0	1.0	0.0	0.0
211	p2	1.0	0.0	0.0
211	protein1	1153.0	20.0	1.732643
211	protein2	1156.4	21.8	1.5484946000000002
211	protein3	189.0	5.2	1.7285714
211	r2	3.6	0.0	0.0
211	rnapol	0.6	0.0	0.0
212	__protein1_rbs	12.4	0.0	0.0
212	__protein2_rbs	14.8	0.0	0.0
212	__protein3_rbs	2.4	0.0	0.0
212	__ribosome	25.2	0.0	0.0
212	__rnase_site_ext	21.0	0.0	0.0
212	p0	0.8	0.0	0.0
212	p2	1.0	0.0	0.0
212	protein1	1161.6	19.6	1.7744178000000002
212	protein2	1166.2	21.2	1.4556336
212	protein3	190.6	5.0	1.9428572
212	r2	3.6	0.0	0.0
212	rnapol	0.4	0.0	0.0
213	__protein1_rbs	12.6	0.0	0.0
213	__protein2_rbs	14.6	0.0	0.0
213	__protein3_rbs	4.0	0.0	0.0
213	__ribosome	23.4	0.0	0.0
213	__rnase_site_ext	20.6	0.0	0.0
213	p0	1.0	0.0	0.0
213	p2	0.8	0.0	0.0
213	protein1	1167.6	19.6	1.8392208
213	protein2	1172.2	21.0	1.5340274
213	protein3	192.6	4.8	1.8542858
213	r2	3.6	0.0	0.0
213	rnapol	0.8	0.0	0.0
214	__protein1_rbs	13.6	0.0	0.0
214	__protein2_rbs	14.4	0.0	0.0
214	__protein3_rbs	3.0	0.0	0.0
214	__ribosome	24.2	0.0	0.0
214	__rnase_site_ext	20.8	0.0	0.0
214	p0	1.0	0.0	0.0
214	p2	1.0	0.0	0.0
214	protein1	1175.8	19.4	1.7966668000000001
214	protein2	1178.8	21.0	1.5679823999999998
214	protein3	194.6	4.8	1.8457142
214	r2	3.6	0.0	0.0
214	rnapol	1.0	0.0	0.0
215	__protein1_rbs	11.4	0.0	0.0
215	__protein2_rbs	15.0	0.0	0.0
215	__protein3_rbs	3.6	0.0	0.0
215	__ribosome	25.8	0.0	0.0
215	__rnase_site_ext	21.2	0.0	0.0
215	p0	0.8	0.0	0.0
215	p2	1.0	0.0	0.0
215	protein1	1185.0	19.6	1.7530304
215	protein2	1187.0	21.0	1.5434212
215	protein3	197.4	5.0	1.6871427999999995
215	r2	3.4	0.0	0.0
215	rnapol	1.0	0.0	0.0
216	__protein1_rbs	13.4	0.0	0.0
216	__protein2_rbs	13.6	0.0	0.0
216	__protein3_rbs	3.0	0.0	0.0
216	__ribosome	25.4	0.0	0.0
216	__rnase_site_ext	21.2	0.0	0.0
216	p0	0.8	0.0	0.0
216	p2	1.0	0.0	0.0
216	protein1	1194.0	20.0	1.6457141999999998
216	protein2	1194.4	20.8	1.6119883999999998
216	protein3	199.0	5.0	1.8357142
216	r2	3.6	0.0	0.0
216	rnapol	0.8	0.0	0.0
217	__protein1_rbs	13.4	0.0	0.0
217	__protein2_rbs	13.4	0.0	0.0
217	__protein3_rbs	3.4	0.0	0.0
217	__ribosome	24.4	0.0	0.0
217	__rnase_site_ext	21.0	0.0	0.0
217	p0	0.8	0.0	0.0
217	p2	0.8	0.0	0.0
217	protein1	1201.0	20.0	1.6685036
217	protein2	1201.4	21.2	1.6299313999999998
217	protein3	201.2	4.8	1.8823808000000002
217	r2	3.6	0.0	0.0
217	rnapol	0.8	0.0	0.0
218	__protein1_rbs	13.6	0.0	0.0
218	__protein2_rbs	14.2	0.0	0.0
218	__protein3_rbs	2.8	0.0	0.0
218	__ribosome	22.4	0.0	0.0
218	__rnase_site_ext	21.0	0.0	0.0
218	p0	0.8	0.0	0.0
218	p2	0.8	0.0	0.0
218	protein1	1207.6	19.8	1.7240982000000002
218	protein2	1208.4	21.2	1.6529378
218	protein3	202.8	4.8	2.0180952000000003
218	r2	3.8	0.0	0.0
218	rnapol	0.8	0.0	0.0
219	__protein1_rbs	12.6	0.0	0.0
219	__protein2_rbs	14.2	0.0	0.0
219	__protein3_rbs	3.0	0.0	0.0
219	__ribosome	23.8	0.0	0.0
219	__rnase_site_ext	21.6	0.0	0.0
219	p0	0.8	0.0	0.0
219	p2	0.8	0.0	0.0
219	protein1	1216.6	19.8	1.6420204000000005
219	protein2	1216.6	21.2	1.6672918000000003
219	protein3	204.8	4.8	1.9828572
219	r2	3.8	0.0	0.0
219	rnapol	0.8	0.0	0.0
220	__protein1_rbs	12.8	0.0	0.0
220	__protein2_rbs	13.6	0.0	0.0
220	__protein3_rbs	4.2	0.0	0.0
220	__ribosome	23.6	0.0	0.0
220	__rnase_site_ext	21.6	0.0	0.0
220	p0	0.8	0.0	0.0
220	p2	0.8	0.0	0.0
220	protein1	1223.6	20.2	1.6761431999999998
220	protein2	1225.0	21.2	1.6464933999999998
220	protein3	207.0	5.0	1.6571427999999997
220	r2	3.8	0.0	0.0
220	rnapol	0.8	0.0	0.0
221	__protein1_rbs	14.8	0.0	0.0
221	__protein2_rbs	13.2	0.0	0.0
221	__protein3_rbs	2.4	0.0	0.0
221	__ribosome	21.8	0.0	0.0
221	__rnase_site_ext	21.4	0.0	0.0
221	p0	0.8	0.0	0.0
221	p2	1.0	0.0	0.0
221	protein1	1230.0	20.4	1.6766828
221	protein2	1232.4	20.8	1.7214418000000002
221	protein3	209.2	4.8	1.9471428
221	r2	3.8	0.0	0.0
221	rnapol	1.0	0.0	0.0
222	__protein1_rbs	14.2	0.0	0.0
222	__protein2_rbs	12.6	0.0	0.0
222	__protein3_rbs	3.6	0.0	0.0
222	__ribosome	23.6	0.0	0.0
222	__rnase_site_ext	21.6	0.0	0.0
222	p0	0.8	0.0	0.0
222	p2	0.8	0.0	0.0
222	protein1	1239.4	20.2	1.5602446
222	protein2	1240.8	21.4	1.7233642
222	protein3	211.0	5.0	1.7871427999999998
222	r2	4.0	0.0	0.0
222	rnapol	0.4	0.0	0.0
223	__protein1_rbs	13.6	0.0	0.0
223	__protein2_rbs	15.2	0.0	0.0
223	__protein3_rbs	3.8	0.0	0.0
223	__ribosome	23.0	0.0	0.0
223	__rnase_site_ext	21.6	0.0	0.0
223	p0	0.8	0.0	0.0
223	p2	0.8	0.0	0.0
223	protein1	1246.4	20.4	1.548837
223	protein2	1247.4	21.4	1.7523209999999998
223	protein3	213.0	5.0	1.7971428
223	r2	4.0	0.0	0.0
223	rnapol	0.4	0.0	0.0
224	__protein1_rbs	10.4	0.0	0.0
224	__protein2_rbs	14.4	0.0	0.0
224	__protein3_rbs	3.6	0.0	0.0
224	__ribosome	24.2	0.0	0.0
224	__rnase_site_ext	21.6	0.0	0.0
224	p0	1.0	0.0	0.0
224	p2	1.0	0.0	0.0
224	protein1	1253.6	20.0	1.6831201999999998
224	protein2	1257.6	21.2	1.6381732
224	protein3	215.2	5.2	1.5771428000000005
224	r2	4.0	0.0	0.0
224	rnapol	0.4	0.0	0.0
225	__protein1_rbs	13.8	0.0	0.0
225	__protein2_rbs	13.0	0.0	0.0
225	__protein3_rbs	3.6	0.0	0.0
225	__ribosome	25.2	0.0	0.0
225	__rnase_site_ext	21.6	0.0	0.0
225	p0	0.8	0.0	0.0
225	p2	1.0	0.0	0.0
225	protein1	1262.0	20.2	1.6044593999999999
225	protein2	1266.0	21.0	1.6556596000000001
225	protein3	217.2	5.4	1.5690476
225	r2	4.0	0.0	0.0
225	rnapol	0.4	0.0	0.0
226	__protein1_rbs	14.0	0.0	0.0
226	__protein2_rbs	11.8	0.0	0.0
226	__protein3_rbs	4.6	0.0	0.0
226	__ribosome	23.4	0.0	0.0
226	__rnase_site_ext	21.6	0.0	0.0
226	p0	1.0	0.0	0.0
226	p2	1.0	0.0	0.0
226	protein1	1269.4	20.4	1.6180232
226	protein2	1273.6	21.2	1.7228873999999998
226	protein3	219.4	5.4	1.4838094
226	r2	4.0	0.0	0.0
226	rnapol	1.0	0.0	0.0
227	__protein1_rbs	15.6	0.0	0.0
227	__protein2_rbs	13.2	0.0	0.0
227	__protein3_rbs	3.6	0.0	0.0
227	__ribosome	23.0	0.0	0.0
227	__rnase_site_ext	21.6	0.0	0.0
227	p0	0.8	0.0	0.0
227	p2	1.0	0.0	0.0
227	protein1	1275.4	20.2	1.612675
227	protein2	1282.0	21.2	1.7494046000000003
227	protein3	221.0	5.4	1.5038094000000002
227	r2	4.0	0.0	0.0
227	rnapol	0.8	0.0	0.0
228	__protein1_rbs	13.4	0.0	0.0
228	__protein2_rbs	16.0	0.0	0.0
228	__protein3_rbs	4.0	0.0	0.0
228	__ribosome	26.4	0.0	0.0
228	__rnase_site_ext	22.2	0.0	0.0
228	p0	0.6	0.0	0.0
228	p2	1.0	0.0	0.0
228	protein1	1284.2	20.4	1.5567254
228	protein2	1290.4	21.0	1.6808018
228	protein3	223.0	5.4	1.3785714
228	r2	4.0	0.0	0.0
228	rnapol	0.4	0.0	0.0
229	__protein1_rbs	14.4	0.0	0.0
229	__protein2_rbs	12.8	0.0	0.0
229	__protein3_rbs	2.6	0.0	0.0
229	__ribosome	24.2	0.0	0.0
229	__rnase_site_ext	22.4	0.0	0.0
229	p0	1.0	0.0	0.0
229	p2	1.0	0.0	0.0
229	protein1	1292.0	20.8	1.4896526
229	protein2	1298.6	21.4	1.7457583999999997
229	protein3	225.4	5.4	1.4876192
229	r2	3.8	0.0	0.0
229	rnapol	0.8	0.0	0.0
230	__protein1_rbs	14.2	0.0	0.0
230	__protein2_rbs	15.6	0.0	0.0
230	__protein3_rbs	2.8	0.0	0.0
230	__ribosome	22.6	0.0	0.0
230	__rnase_site_ext	22.6	0.0	0.0
230	p0	0.8	0.0	0.0
230	p2	1.0	0.0	0.0
230	protein1	1299.2	21.0	1.5358412000000001
230	protein2	1306.8	21.6	1.7104664
230	protein3	226.6	5.4	1.6747619999999999
230	r2	3.8	0.0	0.0
230	rnapol	0.8	0.0	0.0
231	__protein1_rbs	13.2	0.0	0.0
231	__protein2_rbs	15.2	0.0	0.0
231	__protein3_rbs	2.8	0.0	0.0
231	__ribosome	20.8	0.0	0.0
231	__rnase_site_ext	22.6	0.0	0.0
231	p0	0.8	0.0	0.0
231	p2	1.0	0.0	0.0
231	protein1	1306.6	21.2	1.6128557999999995
231	protein2	1315.8	21.6	1.6361923999999999
231	protein3	227.8	5.4	1.964762
231	r2	3.6	0.0	0.0
231	rnapol	0.6	0.0	0.0
232	__protein1_rbs	13.8	0.0	0.0
232	__protein2_rbs	13.8	0.0	0.0
232	__protein3_rbs	2.8	0.0	0.0
232	__ribosome	20.4	0.0	0.0
232	__rnase_site_ext	22.6	0.0	0.0
232	p0	0.8	0.0	0.0
232	p2	1.0	0.0	0.0
232	protein1	1314.0	21.2	1.6296898000000002
232	protein2	1324.4	21.8	1.5855286
232	protein3	230.2	5.4	2.0038093999999997
232	r2	3.6	0.0	0.0
232	rnapol	0.8	0.0	0.0
233	__protein1_rbs	14.2	0.0	0.0
233	__protein2_rbs	14.0	0.0	0.0
233	__protein3_rbs	4.2	0.0	0.0
233	__ribosome	21.6	0.0	0.0
233	__rnase_site_ext	22.8	0.0	0.0
233	p0	1.0	0.0	0.0
233	p2	0.8	0.0	0.0
233	protein1	1321.2	21.2	1.650783
233	protein2	1332.8	21.8	1.5468903999999999
233	protein3	232.4	5.4	1.8880952000000002
233	r2	3.6	0.0	0.0
233	rnapol	0.8	0.0	0.0
234	__protein1_rbs	13.4	0.0	0.0
234	__protein2_rbs	15.8	0.0	0.0
234	__protein3_rbs	3.4	0.0	0.0
234	__ribosome	23.0	0.0	0.0
234	__rnase_site_ext	22.8	0.0	0.0
234	p0	0.8	0.0	0.0
234	p2	1.0	0.0	0.0
234	protein1	1328.8	21.4	1.6883518
234	protein2	1341.6	21.8	1.4474988000000002
234	protein3	234.6	5.4	1.8695238
234	r2	3.6	0.0	0.0
234	rnapol	0.8	0.0	0.0
235	__protein1_rbs	15.0	0.0	0.0
235	__protein2_rbs	14.2	0.0	0.0
235	__protein3_rbs	3.6	0.0	0.0
235	__ribosome	23.2	0.0	0.0
235	__rnase_site_ext	23.0	0.0	0.0
235	p0	0.4	0.0	0.0
235	p2	1.0	0.0	0.0
235	protein1	1338.0	21.4	1.6288475999999998
235	protein2	1348.8	21.8	1.5501660000000002
235	protein3	237.6	5.4	1.7166668
235	r2	3.4	0.0	0.0
235	rnapol	0.4	0.0	0.0
236	__protein1_rbs	15.6	0.0	0.0
236	__protein2_rbs	15.8	0.0	0.0
236	__protein3_rbs	3.2	0.0	0.0
236	__ribosome	24.6	0.0	0.0
236	__rnase_site_ext	23.2	0.0	0.0
236	p0	0.8	0.0	0.0
236	p2	1.0	0.0	0.0
236	protein1	1346.2	21.6	1.548417
236	protein2	1356.2	22.0	1.54371
236	protein3	240.2	5.2	1.7233333999999998
236	r2	3.4	0.0	0.0
236	rnapol	0.4	0.0	0.0
237	__protein1_rbs	14.4	0.0	0.0
237	__protein2_rbs	13.8	0.0	0.0
237	__protein3_rbs	2.2	0.0	0.0
237	__ribosome	22.2	0.0	0.0
237	__rnase_site_ext	23.4	0.0	0.0
237	p0	0.8	0.0	0.0
237	p2	1.0	0.0	0.0
237	protein1	1354.0	21.8	1.5535311999999997
237	protein2	1363.8	21.8	1.6005026000000002
237	protein3	242.0	5.0	2.0166666
237	r2	3.4	0.0	0.0
237	rnapol	0.6	0.0	0.0
238	__protein1_rbs	15.2	0.0	0.0
238	__protein2_rbs	15.2	0.0	0.0
238	__protein3_rbs	3.6	0.0	0.0
238	__ribosome	24.0	0.0	0.0
238	__rnase_site_ext	23.6	0.0	0.0
238	p0	0.8	0.0	0.0
238	p2	1.0	0.0	0.0
238	protein1	1363.2	22.0	1.4444924
238	protein2	1371.6	22.2	1.5818264
238	protein3	244.2	5.0	1.92
238	r2	3.4	0.0	0.0
238	rnapol	0.6	0.0	0.0
239	__protein1_rbs	15.0	0.0	0.0
239	__protein2_rbs	15.8	0.0	0.0
239	__protein3_rbs	3.2	0.0	0.0
239	__ribosome	23.8	0.0	0.0
239	__rnase_site_ext	23.6	0.0	0.0
239	p0	1.0	0.0	0.0
239	p2	1.0	0.0	0.0
239	protein1	1369.8	22.2	1.5087122000000002
239	protein2	1380.6	22.2	1.5244592
239	protein3	246.4	5.0	1.8933331999999998
239	r2	3.4	0.0	0.0
239	rnapol	1.2	0.0	0.0
240	__protein1_rbs	12.6	0.0	0.0
240	__protein2_rbs	14.4	0.0	0.0
240	__protein3_rbs	2.8	0.0	0.0
240	__ribosome	21.0	0.0	0.0
240	__rnase_site_ext	23.8	0.0	0.0
240	p0	0.6	0.0	0.0
240	p2	1.0	0.0	0.0
240	protein1	1378.0	22.2	1.5845328
240	protein2	1388.0	22.4	1.5711913999999998
240	protein3	248.6	4.8	2.0666666
240	r2	3.4	0.0	0.0
240	rnapol	1.2	0.0	0.0
241	__protein1_rbs	14.2	0.0	0.0
241	__protein2_rbs	15.6	0.0	0.0
241	__protein3_rbs	3.6	0.0	0.0
241	__ribosome	22.6	0.0	0.0
241	__rnase_site_ext	24.0	0.0	0.0
241	p0	1.0	0.0	0.0
241	p2	0.8	0.0	0.0
241	protein1	1386.6	22.4	1.5864828000000002
241	protein2	1396.8	22.2	1.5385858
241	protein3	251.2	4.8	1.9733333999999998
241	r2	3.4	0.0	0.0
241	rnapol	1.0	0.0	0.0
242	__protein1_rbs	14.0	0.0	0.0
242	__protein2_rbs	16.2	0.0	0.0
242	__protein3_rbs	2.6	0.0	0.0
242	__ribosome	19.8	0.0	0.0
242	__rnase_site_ext	24.0	0.0	0.0
242	p0	1.0	0.0	0.0
242	p2	1.0	0.0	0.0
242	protein1	1393.2	22.4	1.650712
242	protein2	1402.8	22.4	1.5649068000000002
242	protein3	253.4	4.8	2.0166668000000003
242	r2	3.6	0.0	0.0
242	rnapol	1.2	0.0	0.0
243	__protein1_rbs	16.0	0.0	0.0
243	__protein2_rbs	14.6	0.0	0.0
243	__protein3_rbs	4.0	0.0	0.0
243	__ribosome	21.8	0.0	0.0
243	__rnase_site_ext	24.2	0.0	0.0
243	p0	0.8	0.0	0.0
243	p2	0.8	0.0	0.0
243	protein1	1402.0	22.4	1.5953304
243	protein2	1411.4	22.4	1.6095844
243	protein3	255.4	5.0	1.7666668
243	r2	3.4	0.0	0.0
243	rnapol	0.6	0.0	0.0
244	__protein1_rbs	12.8	0.0	0.0
244	__protein2_rbs	17.4	0.0	0.0
244	__protein3_rbs	4.0	0.0	0.0
244	__ribosome	21.6	0.0	0.0
244	__rnase_site_ext	24.0	0.0	0.0
244	p0	0.8	0.0	0.0
244	p2	0.8	0.0	0.0
244	protein1	1410.0	22.2	1.7589473999999998
244	protein2	1420.8	23.0	1.4424702
244	protein3	257.4	5.0	1.6266666
244	r2	3.6	0.0	0.0
244	rnapol	0.6	0.0	0.0
245	__protein1_rbs	16.8	0.0	0.0
245	__protein2_rbs	16.6	0.0	0.0
245	__protein3_rbs	3.4	0.0	0.0
245	__ribosome	24.8	0.0	0.0
245	__rnase_site_ext	24.4	0.0	0.0
245	p0	0.6	0.0	0.0
245	p2	0.8	0.0	0.0
245	protein1	1419.4	22.4	1.6068978
245	protein2	1428.4	23.2	1.4416636
245	protein3	260.0	5.2	1.4371427999999995
245	r2	3.6	0.0	0.0
245	rnapol	0.2	0.0	0.0
246	__protein1_rbs	14.2	0.0	0.0
246	__protein2_rbs	15.8	0.0	0.0
246	__protein3_rbs	3.4	0.0	0.0
246	__ribosome	22.4	0.0	0.0
246	__rnase_site_ext	24.4	0.0	0.0
246	p0	1.0	0.0	0.0
246	p2	1.0	0.0	0.0
246	protein1	1427.6	22.6	1.6552604
246	protein2	1435.8	23.0	1.4671100000000001
246	protein3	262.0	5.4	1.5183332
246	r2	3.6	0.0	0.0
246	rnapol	0.6	0.0	0.0
247	__protein1_rbs	14.8	0.0	0.0
247	__protein2_rbs	16.4	0.0	0.0
247	__protein3_rbs	4.2	0.0	0.0
247	__ribosome	22.0	0.0	0.0
247	__rnase_site_ext	24.2	0.0	0.0
247	p0	0.8	0.0	0.0
247	p2	1.0	0.0	0.0
247	protein1	1436.4	22.6	1.6634287999999997
247	protein2	1443.4	23.0	1.4632678
247	protein3	263.6	5.4	1.4600000000000002
247	r2	3.6	0.0	0.0
247	rnapol	1.0	0.0	0.0
248	__protein1_rbs	14.0	0.0	0.0
248	__protein2_rbs	15.0	0.0	0.0
248	__protein3_rbs	3.8	0.0	0.0
248	__ribosome	21.6	0.0	0.0
248	__rnase_site_ext	23.8	0.0	0.0
248	p0	0.6	0.0	0.0
248	p2	1.0	0.0	0.0
248	protein1	1446.4	22.6	1.6519384
248	protein2	1453.2	23.4	1.4488865999999998
248	protein3	264.8	5.4	1.5766668
248	r2	3.6	0.0	0.0
248	rnapol	1.2	0.0	0.0
249	__protein1_rbs	15.8	0.0	0.0
249	__protein2_rbs	17.2	0.0	0.0
249	__protein3_rbs	4.2	0.0	0.0
249	__ribosome	22.0	0.0	0.0
249	__rnase_site_ext	24.0	0.0	0.0
249	p0	1.0	0.0	0.0
249	p2	1.0	0.0	0.0
249	protein1	1453.8	21.8	1.7124636000000002
249	protein2	1459.8	23.2	1.4527726
249	protein3	266.8	5.4	1.485
249	r2	3.6	0.0	0.0
249	rnapol	1.0	0.0	0.0
250	__protein1_rbs	14.4	0.0	0.0
250	__protein2_rbs	16.6	0.0	0.0
250	__protein3_rbs	4.8	0.0	0.0
250	__ribosome	23.4	0.0	0.0
250	__rnase_site_ext	23.4	0.0	0.0
250	p0	0.8	0.0	0.0
250	p2	1.0	0.0	0.0
250	protein1	1461.8	22.4	1.7322394
250	protein2	1468.2	22.8	1.4259662
250	protein3	269.2	5.4	1.2316666
250	r2	3.6	0.0	0.0
250	rnapol	0.8	0.0	0.0
