time	species	protein	transcript	ribo_density
0	__protein1_rbs	0.0	0.0	0.0
0	__protein2_rbs	0.0	0.0	0.0
0	__protein3_rbs	0.0	0.0	0.0
0	__ribosome	100.0	0.0	0.0
0	__rnase_site_ext	0.0	0.0	0.0
0	p0	1.0	0.0	0.0
0	r0	0.0	0.0	0.0
0	rnapol	4.0	0.0	0.0
1	__protein1_rbs	1.0	0.0	0.0
1	__protein2_rbs	0.0	0.0	0.0
1	__protein3_rbs	0.0	0.0	0.0
1	__ribosome	100.0	0.0	0.0
1	__rnase_site_ext	2.0	0.0	0.0
1	p0	1.0	0.0	0.0
1	protein1	0.0	1.0	0.0
1	r0	1.0	0.0	0.0
1	rnapol	2.0	0.0	0.0
2	__protein1_rbs	1.0	0.0	0.0
2	__protein2_rbs	0.0	0.0	0.0
2	__protein3_rbs	0.0	0.0	0.0
2	__ribosome	99.0	0.0	0.0
2	__rnase_site_ext	3.0	0.0	0.0
2	p0	1.0	0.0	0.0
2	protein1	0.0	2.0	0.5
2	r0	2.0	0.0	0.0
2	rnapol	1.0	0.0	0.0
3	__protein1_rbs	3.0	0.0	0.0
3	__protein2_rbs	0.0	0.0	0.0
3	__protein3_rbs	0.0	0.0	0.0
3	__ribosome	96.0	0.0	0.0
3	__rnase_site_ext	4.0	0.0	0.0
3	p0	1.0	0.0	0.0
3	protein1	0.0	4.0	1.0
3	r0	3.0	0.0	0.0
3	rnapol	0.0	0.0	0.0
4	__protein1_rbs	2.0	0.0	0.0
4	__protein2_rbs	0.0	0.0	0.0
4	__protein3_rbs	0.0	0.0	0.0
4	__ribosome	93.0	0.0	0.0
4	__rnase_site_ext	4.0	0.0	0.0
4	p0	1.0	0.0	0.0
4	protein1	0.0	4.0	1.75
4	r0	4.0	0.0	0.0
4	rnapol	0.0	0.0	0.0
5	__protein1_rbs	3.0	0.0	0.0
5	__protein2_rbs	1.0	0.0	0.0
5	__protein3_rbs	0.0	0.0	0.0
5	__ribosome	89.0	0.0	0.0
5	__rnase_site_ext	4.0	0.0	0.0
5	p0	1.0	0.0	0.0
5	protein1	0.0	4.0	2.75
5	protein2	0.0	1.0	0.0
5	r0	4.0	0.0	0.0
5	rnapol	0.0	0.0	0.0
6	__protein1_rbs	2.0	0.0	0.0
6	__protein2_rbs	2.0	0.0	0.0
6	__protein3_rbs	0.0	0.0	0.0
6	__ribosome	84.0	0.0	0.0
6	__rnase_site_ext	4.0	0.0	0.0
6	p0	1.0	0.0	0.0
6	protein1	3.0	4.0	3.5
6	protein2	0.0	3.0	0.666667
6	r0	3.0	0.0	0.0
6	rnapol	0.0	0.0	0.0
7	__protein1_rbs	4.0	0.0	0.0
7	__protein2_rbs	3.0	0.0	0.0
7	__protein3_rbs	0.0	0.0	0.0
7	__ribosome	83.0	0.0	0.0
7	__rnase_site_ext	4.0	0.0	0.0
7	p0	1.0	0.0	0.0
7	protein1	5.0	4.0	3.25
7	protein2	0.0	4.0	1.0
7	r0	4.0	0.0	0.0
7	rnapol	0.0	0.0	0.0
8	__protein1_rbs	1.0	0.0	0.0
8	__protein2_rbs	2.0	0.0	0.0
8	__protein3_rbs	0.0	0.0	0.0
8	__ribosome	80.0	0.0	0.0
8	__rnase_site_ext	4.0	0.0	0.0
8	p0	1.0	0.0	0.0
8	protein1	10.0	4.0	3.0
8	protein2	0.0	4.0	2.0
8	r0	3.0	0.0	0.0
8	rnapol	0.0	0.0	0.0
9	__protein1_rbs	2.0	0.0	0.0
9	__protein2_rbs	1.0	0.0	0.0
9	__protein3_rbs	1.0	0.0	0.0
9	__ribosome	78.0	0.0	0.0
9	__rnase_site_ext	4.0	0.0	0.0
9	p0	1.0	0.0	0.0
9	protein1	16.0	4.0	2.5
9	protein2	0.0	4.0	3.0
9	protein3	0.0	1.0	0.0
9	r0	4.0	0.0	0.0
9	rnapol	0.0	0.0	0.0
10	__protein1_rbs	3.0	0.0	0.0
10	__protein2_rbs	4.0	0.0	0.0
10	__protein3_rbs	2.0	0.0	0.0
10	__ribosome	76.0	0.0	0.0
10	__rnase_site_ext	3.0	0.0	0.0
10	p0	1.0	0.0	0.0
10	protein1	18.0	3.0	3.333333
10	protein2	1.0	4.0	3.0
10	protein3	0.0	3.0	0.666667
10	r0	3.0	0.0	0.0
10	rnapol	0.0	0.0	0.0
11	__protein1_rbs	2.0	0.0	0.0
11	__protein2_rbs	3.0	0.0	0.0
11	__protein3_rbs	2.0	0.0	0.0
11	__ribosome	70.0	0.0	0.0
11	__rnase_site_ext	3.0	0.0	0.0
11	p0	1.0	0.0	0.0
11	protein1	20.0	3.0	4.0
11	protein2	3.0	4.0	3.25
11	protein3	0.0	4.0	1.25
11	r0	3.0	0.0	0.0
11	rnapol	0.0	0.0	0.0
12	__protein1_rbs	1.0	0.0	0.0
12	__protein2_rbs	2.0	0.0	0.0
12	__protein3_rbs	2.0	0.0	0.0
12	__ribosome	67.0	0.0	0.0
12	__rnase_site_ext	2.0	0.0	0.0
12	p0	1.0	0.0	0.0
12	protein1	25.0	3.0	3.666667
12	protein2	7.0	4.0	3.25
12	protein3	0.0	4.0	2.25
12	r0	2.0	0.0	0.0
12	rnapol	0.0	0.0	0.0
13	__protein1_rbs	0.0	0.0	0.0
13	__protein2_rbs	3.0	0.0	0.0
13	__protein3_rbs	3.0	0.0	0.0
13	__ribosome	64.0	0.0	0.0
13	__rnase_site_ext	4.0	0.0	0.0
13	p0	1.0	0.0	0.0
13	protein1	28.0	3.0	3.666667
13	protein2	10.0	4.0	3.5
13	protein3	0.0	4.0	2.75
13	r0	4.0	0.0	0.0
13	rnapol	1.0	0.0	0.0
14	__protein1_rbs	2.0	0.0	0.0
14	__protein2_rbs	2.0	0.0	0.0
14	__protein3_rbs	2.0	0.0	0.0
14	__ribosome	60.0	0.0	0.0
14	__rnase_site_ext	5.0	0.0	0.0
14	p0	1.0	0.0	0.0
14	protein1	31.0	4.0	2.5
14	protein2	12.0	4.0	4.0
14	protein3	1.0	4.0	3.5
14	r0	4.0	0.0	0.0
14	rnapol	0.0	0.0	0.0
15	__protein1_rbs	1.0	0.0	0.0
15	__protein2_rbs	4.0	0.0	0.0
15	__protein3_rbs	0.0	0.0	0.0
15	__ribosome	58.0	0.0	0.0
15	__rnase_site_ext	5.0	0.0	0.0
15	p0	1.0	0.0	0.0
15	protein1	35.0	5.0	2.4
15	protein2	14.0	4.0	3.75
15	protein3	4.0	4.0	3.75
15	r0	4.0	0.0	0.0
15	rnapol	1.0	0.0	0.0
16	__protein1_rbs	3.0	0.0	0.0
16	__protein2_rbs	2.0	0.0	0.0
16	__protein3_rbs	4.0	0.0	0.0
16	__ribosome	61.0	0.0	0.0
16	__rnase_site_ext	6.0	0.0	0.0
16	p0	1.0	0.0	0.0
16	protein1	38.0	6.0	2.0
16	protein2	19.0	3.0	4.666667
16	protein3	6.0	4.0	3.25
16	r0	6.0	0.0	0.0
16	rnapol	0.0	0.0	0.0
17	__protein1_rbs	3.0	0.0	0.0
17	__protein2_rbs	4.0	0.0	0.0
17	__protein3_rbs	2.0	0.0	0.0
17	__ribosome	63.0	0.0	0.0
17	__rnase_site_ext	4.0	0.0	0.0
17	p0	1.0	0.0	0.0
17	protein1	40.0	4.0	2.75
17	protein2	21.0	5.0	2.8
17	protein3	10.0	4.0	3.0
17	r0	4.0	0.0	0.0
17	rnapol	0.0	0.0	0.0
18	__protein1_rbs	2.0	0.0	0.0
18	__protein2_rbs	4.0	0.0	0.0
18	__protein3_rbs	3.0	0.0	0.0
18	__ribosome	61.0	0.0	0.0
18	__rnase_site_ext	4.0	0.0	0.0
18	p0	1.0	0.0	0.0
18	protein1	43.0	4.0	3.0
18	protein2	27.0	6.0	2.166667
18	protein3	11.0	4.0	3.5
18	r0	3.0	0.0	0.0
18	rnapol	0.0	0.0	0.0
19	__protein1_rbs	3.0	0.0	0.0
19	__protein2_rbs	4.0	0.0	0.0
19	__protein3_rbs	1.0	0.0	0.0
19	__ribosome	61.0	0.0	0.0
19	__rnase_site_ext	4.0	0.0	0.0
19	p0	1.0	0.0	0.0
19	protein1	48.0	4.0	2.0
19	protein2	28.0	6.0	2.833333
19	protein3	15.0	4.0	3.5
19	r0	4.0	0.0	0.0
19	rnapol	0.0	0.0	0.0
20	__protein1_rbs	2.0	0.0	0.0
20	__protein2_rbs	3.0	0.0	0.0
20	__protein3_rbs	3.0	0.0	0.0
20	__ribosome	57.0	0.0	0.0
20	__rnase_site_ext	4.0	0.0	0.0
20	p0	1.0	0.0	0.0
20	protein1	50.0	4.0	2.5
20	protein2	32.0	7.0	2.857143
20	protein3	19.0	4.0	3.25
20	r0	3.0	0.0	0.0
20	rnapol	0.0	0.0	0.0
21	__protein1_rbs	3.0	0.0	0.0
21	__protein2_rbs	3.0	0.0	0.0
21	__protein3_rbs	3.0	0.0	0.0
21	__ribosome	56.0	0.0	0.0
21	__rnase_site_ext	4.0	0.0	0.0
21	p0	1.0	0.0	0.0
21	protein1	52.0	4.0	2.5
21	protein2	35.0	6.0	3.333333
21	protein3	21.0	5.0	2.8
21	r0	3.0	0.0	0.0
21	rnapol	0.0	0.0	0.0
22	__protein1_rbs	3.0	0.0	0.0
22	__protein2_rbs	2.0	0.0	0.0
22	__protein3_rbs	6.0	0.0	0.0
22	__ribosome	56.0	0.0	0.0
22	__rnase_site_ext	4.0	0.0	0.0
22	p0	1.0	0.0	0.0
22	protein1	54.0	4.0	2.75
22	protein2	40.0	6.0	3.166667
22	protein3	24.0	6.0	2.333333
22	r0	4.0	0.0	0.0
22	rnapol	0.0	0.0	0.0
23	__protein1_rbs	1.0	0.0	0.0
23	__protein2_rbs	4.0	0.0	0.0
23	__protein3_rbs	5.0	0.0	0.0
23	__ribosome	54.0	0.0	0.0
23	__rnase_site_ext	4.0	0.0	0.0
23	p0	1.0	0.0	0.0
23	protein1	59.0	4.0	3.0
23	protein2	43.0	6.0	3.166667
23	protein3	28.0	7.0	2.142857
23	r0	3.0	0.0	0.0
23	rnapol	0.0	0.0	0.0
24	__protein1_rbs	3.0	0.0	0.0
24	__protein2_rbs	4.0	0.0	0.0
24	__protein3_rbs	2.0	0.0	0.0
24	__ribosome	53.0	0.0	0.0
24	__rnase_site_ext	4.0	0.0	0.0
24	p0	0.0	0.0	0.0
24	protein1	61.0	4.0	3.0
24	protein2	49.0	4.0	3.75
24	protein3	32.0	7.0	2.857143
24	r0	4.0	0.0	0.0
24	rnapol	0.0	0.0	0.0
25	__protein1_rbs	3.0	0.0	0.0
25	__protein2_rbs	4.0	0.0	0.0
25	__protein3_rbs	3.0	0.0	0.0
25	__ribosome	52.0	0.0	0.0
25	__rnase_site_ext	5.0	0.0	0.0
25	p0	1.0	0.0	0.0
25	protein1	63.0	5.0	2.6
25	protein2	54.0	4.0	3.0
25	protein3	33.0	7.0	3.285714
25	r0	4.0	0.0	0.0
25	rnapol	1.0	0.0	0.0
26	__protein1_rbs	4.0	0.0	0.0
26	__protein2_rbs	2.0	0.0	0.0
26	__protein3_rbs	6.0	0.0	0.0
26	__ribosome	58.0	0.0	0.0
26	__rnase_site_ext	6.0	0.0	0.0
26	p0	0.0	0.0	0.0
26	protein1	69.0	5.0	1.8
26	protein2	57.0	4.0	2.75
26	protein3	37.0	7.0	3.142857
26	r0	6.0	0.0	0.0
26	rnapol	0.0	0.0	0.0
27	__protein1_rbs	4.0	0.0	0.0
27	__protein2_rbs	2.0	0.0	0.0
27	__protein3_rbs	4.0	0.0	0.0
27	__ribosome	56.0	0.0	0.0
27	__rnase_site_ext	7.0	0.0	0.0
27	p0	1.0	0.0	0.0
27	protein1	73.0	7.0	1.4285709999999998
27	protein2	62.0	4.0	2.25
27	protein3	41.0	7.0	3.571429
27	r0	7.0	0.0	0.0
27	rnapol	1.0	0.0	0.0
28	__protein1_rbs	6.0	0.0	0.0
28	__protein2_rbs	5.0	0.0	0.0
28	__protein3_rbs	6.0	0.0	0.0
28	__ribosome	59.0	0.0	0.0
28	__rnase_site_ext	7.0	0.0	0.0
28	p0	1.0	0.0	0.0
28	protein1	75.0	7.0	1.4285709999999998
28	protein2	63.0	5.0	2.0
28	protein3	49.0	7.0	3.0
28	r0	6.0	0.0	0.0
28	rnapol	1.0	0.0	0.0
29	__protein1_rbs	5.0	0.0	0.0
29	__protein2_rbs	2.0	0.0	0.0
29	__protein3_rbs	4.0	0.0	0.0
29	__ribosome	54.0	0.0	0.0
29	__rnase_site_ext	8.0	0.0	0.0
29	p0	1.0	0.0	0.0
29	protein1	77.0	8.0	1.875
29	protein2	66.0	5.0	2.2
29	protein3	54.0	6.0	3.333333
29	r0	8.0	0.0	0.0
29	rnapol	0.0	0.0	0.0
30	__protein1_rbs	3.0	0.0	0.0
30	__protein2_rbs	4.0	0.0	0.0
30	__protein3_rbs	5.0	0.0	0.0
30	__ribosome	50.0	0.0	0.0
30	__rnase_site_ext	7.0	0.0	0.0
30	p0	1.0	0.0	0.0
30	protein1	82.0	7.0	2.285714
30	protein2	67.0	6.0	2.5
30	protein3	58.0	6.0	3.166667
30	r0	7.0	0.0	0.0
30	rnapol	0.0	0.0	0.0
31	__protein1_rbs	5.0	0.0	0.0
31	__protein2_rbs	6.0	0.0	0.0
31	__protein3_rbs	4.0	0.0	0.0
31	__ribosome	47.0	0.0	0.0
31	__rnase_site_ext	7.0	0.0	0.0
31	p0	1.0	0.0	0.0
31	protein1	84.0	7.0	3.0
31	protein2	70.0	7.0	2.0
31	protein3	63.0	6.0	3.0
31	r0	7.0	0.0	0.0
31	rnapol	0.0	0.0	0.0
32	__protein1_rbs	3.0	0.0	0.0
32	__protein2_rbs	8.0	0.0	0.0
32	__protein3_rbs	2.0	0.0	0.0
32	__ribosome	45.0	0.0	0.0
32	__rnase_site_ext	5.0	0.0	0.0
32	p0	1.0	0.0	0.0
32	protein1	89.0	7.0	3.142857
32	protein2	72.0	8.0	1.875
32	protein3	67.0	5.0	3.6
32	r0	4.0	0.0	0.0
32	rnapol	0.0	0.0	0.0
33	__protein1_rbs	5.0	0.0	0.0
33	__protein2_rbs	6.0	0.0	0.0
33	__protein3_rbs	3.0	0.0	0.0
33	__ribosome	45.0	0.0	0.0
33	__rnase_site_ext	6.0	0.0	0.0
33	p0	1.0	0.0	0.0
33	protein1	96.0	7.0	2.714286
33	protein2	75.0	8.0	2.25
33	protein3	72.0	5.0	3.6
33	r0	6.0	0.0	0.0
33	rnapol	0.0	0.0	0.0
34	__protein1_rbs	6.0	0.0	0.0
34	__protein2_rbs	7.0	0.0	0.0
34	__protein3_rbs	1.0	0.0	0.0
34	__ribosome	50.0	0.0	0.0
34	__rnase_site_ext	7.0	0.0	0.0
34	p0	1.0	0.0	0.0
34	protein1	103.0	7.0	2.0
34	protein2	82.0	8.0	1.875
34	protein3	76.0	6.0	3.5
34	r0	7.0	0.0	0.0
34	rnapol	0.0	0.0	0.0
35	__protein1_rbs	4.0	0.0	0.0
35	__protein2_rbs	5.0	0.0	0.0
35	__protein3_rbs	5.0	0.0	0.0
35	__ribosome	47.0	0.0	0.0
35	__rnase_site_ext	7.0	0.0	0.0
35	p0	1.0	0.0	0.0
35	protein1	108.0	7.0	2.0
35	protein2	85.0	8.0	2.25
35	protein3	79.0	7.0	3.0
35	r0	6.0	0.0	0.0
35	rnapol	0.0	0.0	0.0
36	__protein1_rbs	5.0	0.0	0.0
36	__protein2_rbs	4.0	0.0	0.0
36	__protein3_rbs	6.0	0.0	0.0
36	__ribosome	43.0	0.0	0.0
36	__rnase_site_ext	7.0	0.0	0.0
36	p0	1.0	0.0	0.0
36	protein1	113.0	7.0	2.0
36	protein2	87.0	8.0	2.625
36	protein3	82.0	8.0	2.75
36	r0	7.0	0.0	0.0
36	rnapol	1.0	0.0	0.0
37	__protein1_rbs	5.0	0.0	0.0
37	__protein2_rbs	6.0	0.0	0.0
37	__protein3_rbs	5.0	0.0	0.0
37	__ribosome	43.0	0.0	0.0
37	__rnase_site_ext	8.0	0.0	0.0
37	p0	1.0	0.0	0.0
37	protein1	117.0	8.0	1.75
37	protein2	92.0	7.0	2.857143
37	protein3	87.0	8.0	2.875
37	r0	8.0	0.0	0.0
37	rnapol	1.0	0.0	0.0
38	__protein1_rbs	8.0	0.0	0.0
38	__protein2_rbs	5.0	0.0	0.0
38	__protein3_rbs	6.0	0.0	0.0
38	__ribosome	41.0	0.0	0.0
38	__rnase_site_ext	9.0	0.0	0.0
38	p0	1.0	0.0	0.0
38	protein1	120.0	9.0	1.888889
38	protein2	96.0	7.0	3.0
38	protein3	94.0	8.0	2.625
38	r0	9.0	0.0	0.0
38	rnapol	0.0	0.0	0.0
39	__protein1_rbs	8.0	0.0	0.0
39	__protein2_rbs	6.0	0.0	0.0
39	__protein3_rbs	4.0	0.0	0.0
39	__ribosome	45.0	0.0	0.0
39	__rnase_site_ext	9.0	0.0	0.0
39	p0	1.0	0.0	0.0
39	protein1	127.0	9.0	1.222222
39	protein2	101.0	7.0	3.0
39	protein3	97.0	8.0	2.875
39	r0	9.0	0.0	0.0
39	rnapol	1.0	0.0	0.0
40	__protein1_rbs	5.0	0.0	0.0
40	__protein2_rbs	4.0	0.0	0.0
40	__protein3_rbs	7.0	0.0	0.0
40	__ribosome	46.0	0.0	0.0
40	__rnase_site_ext	9.0	0.0	0.0
40	p0	1.0	0.0	0.0
40	protein1	131.0	9.0	1.444444
40	protein2	107.0	8.0	2.625
40	protein3	102.0	8.0	2.5
40	r0	9.0	0.0	0.0
40	rnapol	1.0	0.0	0.0
41	__protein1_rbs	5.0	0.0	0.0
41	__protein2_rbs	5.0	0.0	0.0
41	__protein3_rbs	4.0	0.0	0.0
41	__ribosome	45.0	0.0	0.0
41	__rnase_site_ext	9.0	0.0	0.0
41	p0	1.0	0.0	0.0
41	protein1	136.0	9.0	1.666667
41	protein2	113.0	8.0	2.375
41	protein3	107.0	8.0	2.625
41	r0	9.0	0.0	0.0
41	rnapol	0.0	0.0	0.0
42	__protein1_rbs	4.0	0.0	0.0
42	__protein2_rbs	5.0	0.0	0.0
42	__protein3_rbs	4.0	0.0	0.0
42	__ribosome	34.0	0.0	0.0
42	__rnase_site_ext	10.0	0.0	0.0
42	p0	1.0	0.0	0.0
42	protein1	138.0	10.0	2.2
42	protein2	117.0	9.0	2.333333
42	protein3	113.0	8.0	2.875
42	r0	9.0	0.0	0.0
42	rnapol	0.0	0.0	0.0
43	__protein1_rbs	7.0	0.0	0.0
43	__protein2_rbs	4.0	0.0	0.0
43	__protein3_rbs	7.0	0.0	0.0
43	__ribosome	32.0	0.0	0.0
43	__rnase_site_ext	10.0	0.0	0.0
43	p0	1.0	0.0	0.0
43	protein1	141.0	10.0	2.3
43	protein2	122.0	10.0	2.3
43	protein3	116.0	8.0	2.75
43	r0	10.0	0.0	0.0
43	rnapol	0.0	0.0	0.0
44	__protein1_rbs	7.0	0.0	0.0
44	__protein2_rbs	7.0	0.0	0.0
44	__protein3_rbs	6.0	0.0	0.0
44	__ribosome	35.0	0.0	0.0
44	__rnase_site_ext	9.0	0.0	0.0
44	p0	1.0	0.0	0.0
44	protein1	148.0	10.0	2.2
44	protein2	126.0	10.0	2.3
44	protein3	120.0	7.0	2.857143
44	r0	9.0	0.0	0.0
44	rnapol	0.0	0.0	0.0
45	__protein1_rbs	6.0	0.0	0.0
45	__protein2_rbs	7.0	0.0	0.0
45	__protein3_rbs	6.0	0.0	0.0
45	__ribosome	38.0	0.0	0.0
45	__rnase_site_ext	10.0	0.0	0.0
45	p0	1.0	0.0	0.0
45	protein1	157.0	10.0	1.9
45	protein2	131.0	10.0	2.4
45	protein3	125.0	8.0	2.375
45	r0	10.0	0.0	0.0
45	rnapol	0.0	0.0	0.0
46	__protein1_rbs	7.0	0.0	0.0
46	__protein2_rbs	6.0	0.0	0.0
46	__protein3_rbs	7.0	0.0	0.0
46	__ribosome	41.0	0.0	0.0
46	__rnase_site_ext	10.0	0.0	0.0
46	p0	1.0	0.0	0.0
46	protein1	163.0	10.0	2.0
46	protein2	137.0	10.0	2.3
46	protein3	132.0	9.0	1.777778
46	r0	10.0	0.0	0.0
46	rnapol	0.0	0.0	0.0
47	__protein1_rbs	7.0	0.0	0.0
47	__protein2_rbs	6.0	0.0	0.0
47	__protein3_rbs	7.0	0.0	0.0
47	__ribosome	37.0	0.0	0.0
47	__rnase_site_ext	10.0	0.0	0.0
47	p0	1.0	0.0	0.0
47	protein1	167.0	10.0	2.2
47	protein2	144.0	10.0	2.2
47	protein3	135.0	10.0	1.9
47	r0	10.0	0.0	0.0
47	rnapol	0.0	0.0	0.0
48	__protein1_rbs	8.0	0.0	0.0
48	__protein2_rbs	8.0	0.0	0.0
48	__protein3_rbs	6.0	0.0	0.0
48	__ribosome	37.0	0.0	0.0
48	__rnase_site_ext	11.0	0.0	0.0
48	p0	1.0	0.0	0.0
48	protein1	174.0	10.0	2.0
48	protein2	147.0	10.0	2.4
48	protein3	141.0	10.0	1.9
48	r0	10.0	0.0	0.0
48	rnapol	0.0	0.0	0.0
49	__protein1_rbs	4.0	0.0	0.0
49	__protein2_rbs	4.0	0.0	0.0
49	__protein3_rbs	8.0	0.0	0.0
49	__ribosome	23.0	0.0	0.0
49	__rnase_site_ext	11.0	0.0	0.0
49	p0	1.0	0.0	0.0
49	protein1	181.0	11.0	2.181818
49	protein2	152.0	10.0	2.7
49	protein3	142.0	11.0	2.363636
49	r0	10.0	0.0	0.0
49	rnapol	0.0	0.0	0.0
50	__protein1_rbs	8.0	0.0	0.0
50	__protein2_rbs	10.0	0.0	0.0
50	__protein3_rbs	9.0	0.0	0.0
50	__ribosome	27.0	0.0	0.0
50	__rnase_site_ext	12.0	0.0	0.0
50	p0	1.0	0.0	0.0
50	protein1	187.0	12.0	2.0
50	protein2	156.0	10.0	2.6
50	protein3	147.0	11.0	2.090909
50	r0	12.0	0.0	0.0
50	rnapol	0.0	0.0	0.0
51	__protein1_rbs	8.0	0.0	0.0
51	__protein2_rbs	8.0	0.0	0.0
51	__protein3_rbs	8.0	0.0	0.0
51	__ribosome	30.0	0.0	0.0
51	__rnase_site_ext	12.0	0.0	0.0
51	p0	1.0	0.0	0.0
51	protein1	193.0	12.0	1.833333
51	protein2	164.0	10.0	2.3
51	protein3	151.0	11.0	2.272727
51	r0	12.0	0.0	0.0
51	rnapol	1.0	0.0	0.0
52	__protein1_rbs	11.0	0.0	0.0
52	__protein2_rbs	7.0	0.0	0.0
52	__protein3_rbs	10.0	0.0	0.0
52	__ribosome	33.0	0.0	0.0
52	__rnase_site_ext	13.0	0.0	0.0
52	p0	1.0	0.0	0.0
52	protein1	201.0	13.0	1.615385
52	protein2	169.0	11.0	2.090909
52	protein3	157.0	11.0	2.090909
52	r0	13.0	0.0	0.0
52	rnapol	0.0	0.0	0.0
53	__protein1_rbs	10.0	0.0	0.0
53	__protein2_rbs	9.0	0.0	0.0
53	__protein3_rbs	7.0	0.0	0.0
53	__ribosome	39.0	0.0	0.0
53	__rnase_site_ext	13.0	0.0	0.0
53	p0	1.0	0.0	0.0
53	protein1	208.0	13.0	1.615385
53	protein2	177.0	12.0	1.75
53	protein3	166.0	10.0	1.9
53	r0	13.0	0.0	0.0
53	rnapol	0.0	0.0	0.0
54	__protein1_rbs	6.0	0.0	0.0
54	__protein2_rbs	12.0	0.0	0.0
54	__protein3_rbs	8.0	0.0	0.0
54	__ribosome	35.0	0.0	0.0
54	__rnase_site_ext	12.0	0.0	0.0
54	p0	1.0	0.0	0.0
54	protein1	214.0	12.0	2.0
54	protein2	183.0	13.0	1.461538
54	protein3	168.0	10.0	2.2
54	r0	11.0	0.0	0.0
54	rnapol	0.0	0.0	0.0
55	__protein1_rbs	9.0	0.0	0.0
55	__protein2_rbs	9.0	0.0	0.0
55	__protein3_rbs	6.0	0.0	0.0
55	__ribosome	34.0	0.0	0.0
55	__rnase_site_ext	12.0	0.0	0.0
55	p0	1.0	0.0	0.0
55	protein1	221.0	12.0	1.75
55	protein2	186.0	13.0	1.692308
55	protein3	173.0	10.0	2.3
55	r0	12.0	0.0	0.0
55	rnapol	0.0	0.0	0.0
56	__protein1_rbs	9.0	0.0	0.0
56	__protein2_rbs	11.0	0.0	0.0
56	__protein3_rbs	10.0	0.0	0.0
56	__ribosome	29.0	0.0	0.0
56	__rnase_site_ext	12.0	0.0	0.0
56	p0	1.0	0.0	0.0
56	protein1	228.0	12.0	1.75
56	protein2	190.0	14.0	1.714286
56	protein3	178.0	11.0	2.363636
56	r0	12.0	0.0	0.0
56	rnapol	0.0	0.0	0.0
57	__protein1_rbs	12.0	0.0	0.0
57	__protein2_rbs	10.0	0.0	0.0
57	__protein3_rbs	8.0	0.0	0.0
57	__ribosome	28.0	0.0	0.0
57	__rnase_site_ext	12.0	0.0	0.0
57	p0	1.0	0.0	0.0
57	protein1	233.0	12.0	1.583333
57	protein2	195.0	14.0	2.071429
57	protein3	185.0	12.0	2.0
57	r0	12.0	0.0	0.0
57	rnapol	0.0	0.0	0.0
58	__protein1_rbs	10.0	0.0	0.0
58	__protein2_rbs	10.0	0.0	0.0
58	__protein3_rbs	10.0	0.0	0.0
58	__ribosome	26.0	0.0	0.0
58	__rnase_site_ext	12.0	0.0	0.0
58	p0	1.0	0.0	0.0
58	protein1	238.0	12.0	1.75
58	protein2	201.0	14.0	2.142857
58	protein3	190.0	13.0	1.7692310000000002
58	r0	12.0	0.0	0.0
58	rnapol	0.0	0.0	0.0
59	__protein1_rbs	8.0	0.0	0.0
59	__protein2_rbs	8.0	0.0	0.0
59	__protein3_rbs	11.0	0.0	0.0
59	__ribosome	22.0	0.0	0.0
59	__rnase_site_ext	11.0	0.0	0.0
59	p0	0.0	0.0	0.0
59	protein1	246.0	11.0	1.818182
59	protein2	206.0	13.0	2.461538
59	protein3	193.0	14.0	1.857143
59	r0	10.0	0.0	0.0
59	rnapol	0.0	0.0	0.0
60	__protein1_rbs	12.0	0.0	0.0
60	__protein2_rbs	9.0	0.0	0.0
60	__protein3_rbs	11.0	0.0	0.0
60	__ribosome	28.0	0.0	0.0
60	__rnase_site_ext	12.0	0.0	0.0
60	p0	1.0	0.0	0.0
60	protein1	252.0	12.0	1.416667
60	protein2	212.0	12.0	2.583333
60	protein3	202.0	14.0	1.714286
60	r0	12.0	0.0	0.0
60	rnapol	0.0	0.0	0.0
61	__protein1_rbs	8.0	0.0	0.0
61	__protein2_rbs	8.0	0.0	0.0
61	__protein3_rbs	8.0	0.0	0.0
61	__ribosome	25.0	0.0	0.0
61	__rnase_site_ext	13.0	0.0	0.0
61	p0	0.0	0.0	0.0
61	protein1	258.0	12.0	1.666667
61	protein2	223.0	12.0	2.0
61	protein3	206.0	14.0	2.214286
61	r0	12.0	0.0	0.0
61	rnapol	0.0	0.0	0.0
62	__protein1_rbs	10.0	0.0	0.0
62	__protein2_rbs	9.0	0.0	0.0
62	__protein3_rbs	11.0	0.0	0.0
62	__ribosome	22.0	0.0	0.0
62	__rnase_site_ext	14.0	0.0	0.0
62	p0	1.0	0.0	0.0
62	protein1	264.0	14.0	1.5
62	protein2	229.0	12.0	1.916667
62	protein3	210.0	14.0	2.428571
62	r0	13.0	0.0	0.0
62	rnapol	0.0	0.0	0.0
63	__protein1_rbs	10.0	0.0	0.0
63	__protein2_rbs	10.0	0.0	0.0
63	__protein3_rbs	12.0	0.0	0.0
63	__ribosome	32.0	0.0	0.0
63	__rnase_site_ext	14.0	0.0	0.0
63	p0	1.0	0.0	0.0
63	protein1	270.0	13.0	1.384615
63	protein2	235.0	12.0	1.75
63	protein3	218.0	14.0	2.071429
63	r0	13.0	0.0	0.0
63	rnapol	0.0	0.0	0.0
64	__protein1_rbs	7.0	0.0	0.0
64	__protein2_rbs	10.0	0.0	0.0
64	__protein3_rbs	13.0	0.0	0.0
64	__ribosome	31.0	0.0	0.0
64	__rnase_site_ext	13.0	0.0	0.0
64	p0	1.0	0.0	0.0
64	protein1	276.0	14.0	1.5714290000000002
64	protein2	241.0	13.0	1.846154
64	protein3	225.0	14.0	1.642857
64	r0	11.0	0.0	0.0
64	rnapol	0.0	0.0	0.0
65	__protein1_rbs	12.0	0.0	0.0
65	__protein2_rbs	9.0	0.0	0.0
65	__protein3_rbs	12.0	0.0	0.0
65	__ribosome	30.0	0.0	0.0
65	__rnase_site_ext	14.0	0.0	0.0
65	p0	1.0	0.0	0.0
65	protein1	281.0	14.0	1.642857
65	protein2	246.0	13.0	2.0
65	protein3	233.0	14.0	1.5
65	r0	13.0	0.0	0.0
65	rnapol	0.0	0.0	0.0
66	__protein1_rbs	10.0	0.0	0.0
66	__protein2_rbs	12.0	0.0	0.0
66	__protein3_rbs	10.0	0.0	0.0
66	__ribosome	34.0	0.0	0.0
66	__rnase_site_ext	14.0	0.0	0.0
66	p0	1.0	0.0	0.0
66	protein1	288.0	14.0	1.5714290000000002
66	protein2	252.0	15.0	1.7333330000000002
66	protein3	241.0	14.0	1.285714
66	r0	14.0	0.0	0.0
66	rnapol	0.0	0.0	0.0
67	__protein1_rbs	8.0	0.0	0.0
67	__protein2_rbs	11.0	0.0	0.0
67	__protein3_rbs	8.0	0.0	0.0
67	__ribosome	25.0	0.0	0.0
67	__rnase_site_ext	10.0	0.0	0.0
67	p0	1.0	0.0	0.0
67	protein1	293.0	13.0	1.923077
67	protein2	256.0	15.0	1.8
67	protein3	244.0	13.0	1.7692310000000002
67	r0	9.0	0.0	0.0
67	rnapol	0.0	0.0	0.0
68	__protein1_rbs	8.0	0.0	0.0
68	__protein2_rbs	11.0	0.0	0.0
68	__protein3_rbs	10.0	0.0	0.0
68	__ribosome	22.0	0.0	0.0
68	__rnase_site_ext	12.0	0.0	0.0
68	p0	1.0	0.0	0.0
68	protein1	301.0	12.0	1.833333
68	protein2	262.0	15.0	1.8
68	protein3	246.0	13.0	2.230769
68	r0	11.0	0.0	0.0
68	rnapol	0.0	0.0	0.0
69	__protein1_rbs	10.0	0.0	0.0
69	__protein2_rbs	10.0	0.0	0.0
69	__protein3_rbs	12.0	0.0	0.0
69	__ribosome	31.0	0.0	0.0
69	__rnase_site_ext	12.0	0.0	0.0
69	p0	1.0	0.0	0.0
69	protein1	308.0	12.0	1.583333
69	protein2	272.0	14.0	1.714286
69	protein3	253.0	14.0	1.857143
69	r0	11.0	0.0	0.0
69	rnapol	0.0	0.0	0.0
70	__protein1_rbs	9.0	0.0	0.0
70	__protein2_rbs	11.0	0.0	0.0
70	__protein3_rbs	14.0	0.0	0.0
70	__ribosome	30.0	0.0	0.0
70	__rnase_site_ext	12.0	0.0	0.0
70	p0	1.0	0.0	0.0
70	protein1	315.0	12.0	1.333333
70	protein2	275.0	14.0	1.857143
70	protein3	256.0	15.0	1.866667
70	r0	10.0	0.0	0.0
70	rnapol	0.0	0.0	0.0
71	__protein1_rbs	8.0	0.0	0.0
71	__protein2_rbs	10.0	0.0	0.0
71	__protein3_rbs	14.0	0.0	0.0
71	__ribosome	36.0	0.0	0.0
71	__rnase_site_ext	12.0	0.0	0.0
71	p0	1.0	0.0	0.0
71	protein1	322.0	12.0	1.25
71	protein2	285.0	14.0	1.5714290000000002
71	protein3	262.0	16.0	1.6875
71	r0	12.0	0.0	0.0
71	rnapol	0.0	0.0	0.0
72	__protein1_rbs	10.0	0.0	0.0
72	__protein2_rbs	12.0	0.0	0.0
72	__protein3_rbs	11.0	0.0	0.0
72	__ribosome	36.0	0.0	0.0
72	__rnase_site_ext	13.0	0.0	0.0
72	p0	1.0	0.0	0.0
72	protein1	327.0	13.0	1.153846
72	protein2	287.0	14.0	1.714286
72	protein3	271.0	16.0	1.5625
72	r0	12.0	0.0	0.0
72	rnapol	1.0	0.0	0.0
73	__protein1_rbs	11.0	0.0	0.0
73	__protein2_rbs	8.0	0.0	0.0
73	__protein3_rbs	11.0	0.0	0.0
73	__ribosome	32.0	0.0	0.0
73	__rnase_site_ext	13.0	0.0	0.0
73	p0	1.0	0.0	0.0
73	protein1	327.0	13.0	1.461538
73	protein2	294.0	13.0	1.846154
73	protein3	277.0	15.0	1.666667
73	r0	12.0	0.0	0.0
73	rnapol	1.0	0.0	0.0
74	__protein1_rbs	10.0	0.0	0.0
74	__protein2_rbs	9.0	0.0	0.0
74	__protein3_rbs	11.0	0.0	0.0
74	__ribosome	32.0	0.0	0.0
74	__rnase_site_ext	14.0	0.0	0.0
74	p0	1.0	0.0	0.0
74	protein1	335.0	14.0	1.285714
74	protein2	299.0	13.0	1.923077
74	protein3	282.0	15.0	1.666667
74	r0	14.0	0.0	0.0
74	rnapol	1.0	0.0	0.0
75	__protein1_rbs	9.0	0.0	0.0
75	__protein2_rbs	8.0	0.0	0.0
75	__protein3_rbs	14.0	0.0	0.0
75	__ribosome	29.0	0.0	0.0
75	__rnase_site_ext	14.0	0.0	0.0
75	p0	1.0	0.0	0.0
75	protein1	340.0	14.0	1.4285709999999998
75	protein2	305.0	13.0	1.923077
75	protein3	287.0	15.0	1.7333330000000002
75	r0	14.0	0.0	0.0
75	rnapol	0.0	0.0	0.0
76	__protein1_rbs	10.0	0.0	0.0
76	__protein2_rbs	10.0	0.0	0.0
76	__protein3_rbs	13.0	0.0	0.0
76	__ribosome	27.0	0.0	0.0
76	__rnase_site_ext	14.0	0.0	0.0
76	p0	1.0	0.0	0.0
76	protein1	344.0	14.0	1.5
76	protein2	310.0	14.0	1.857143
76	protein3	293.0	15.0	1.7333330000000002
76	r0	14.0	0.0	0.0
76	rnapol	0.0	0.0	0.0
77	__protein1_rbs	11.0	0.0	0.0
77	__protein2_rbs	14.0	0.0	0.0
77	__protein3_rbs	11.0	0.0	0.0
77	__ribosome	26.0	0.0	0.0
77	__rnase_site_ext	14.0	0.0	0.0
77	p0	1.0	0.0	0.0
77	protein1	349.0	14.0	1.642857
77	protein2	316.0	15.0	1.6
77	protein3	298.0	14.0	1.928571
77	r0	13.0	0.0	0.0
77	rnapol	0.0	0.0	0.0
78	__protein1_rbs	8.0	0.0	0.0
78	__protein2_rbs	10.0	0.0	0.0
78	__protein3_rbs	10.0	0.0	0.0
78	__ribosome	18.0	0.0	0.0
78	__rnase_site_ext	13.0	0.0	0.0
78	p0	1.0	0.0	0.0
78	protein1	355.0	13.0	1.846154
78	protein2	323.0	16.0	1.875
78	protein3	304.0	14.0	2.0
78	r0	13.0	0.0	0.0
78	rnapol	0.0	0.0	0.0
79	__protein1_rbs	11.0	0.0	0.0
79	__protein2_rbs	12.0	0.0	0.0
79	__protein3_rbs	10.0	0.0	0.0
79	__ribosome	27.0	0.0	0.0
79	__rnase_site_ext	12.0	0.0	0.0
79	p0	1.0	0.0	0.0
79	protein1	363.0	12.0	1.583333
79	protein2	329.0	15.0	1.933333
79	protein3	312.0	14.0	1.785714
79	r0	12.0	0.0	0.0
79	rnapol	0.0	0.0	0.0
80	__protein1_rbs	10.0	0.0	0.0
80	__protein2_rbs	12.0	0.0	0.0
80	__protein3_rbs	14.0	0.0	0.0
80	__ribosome	33.0	0.0	0.0
80	__rnase_site_ext	11.0	0.0	0.0
80	p0	1.0	0.0	0.0
80	protein1	371.0	12.0	1.166667
80	protein2	334.0	15.0	2.066667
80	protein3	318.0	15.0	1.466667
80	r0	11.0	0.0	0.0
80	rnapol	0.0	0.0	0.0
81	__protein1_rbs	10.0	0.0	0.0
81	__protein2_rbs	13.0	0.0	0.0
81	__protein3_rbs	11.0	0.0	0.0
81	__ribosome	25.0	0.0	0.0
81	__rnase_site_ext	12.0	0.0	0.0
81	p0	1.0	0.0	0.0
81	protein1	377.0	12.0	1.083333
81	protein2	339.0	15.0	2.066667
81	protein3	321.0	17.0	1.823529
81	r0	12.0	0.0	0.0
81	rnapol	0.0	0.0	0.0
82	__protein1_rbs	7.0	0.0	0.0
82	__protein2_rbs	10.0	0.0	0.0
82	__protein3_rbs	12.0	0.0	0.0
82	__ribosome	26.0	0.0	0.0
82	__rnase_site_ext	12.0	0.0	0.0
82	p0	1.0	0.0	0.0
82	protein1	381.0	12.0	1.25
82	protein2	348.0	14.0	2.0
82	protein3	330.0	15.0	2.066667
82	r0	11.0	0.0	0.0
82	rnapol	0.0	0.0	0.0
83	__protein1_rbs	12.0	0.0	0.0
83	__protein2_rbs	8.0	0.0	0.0
83	__protein3_rbs	12.0	0.0	0.0
83	__ribosome	23.0	0.0	0.0
83	__rnase_site_ext	12.0	0.0	0.0
83	p0	1.0	0.0	0.0
83	protein1	384.0	12.0	1.25
83	protein2	354.0	14.0	2.071429
83	protein3	334.0	16.0	2.0625
83	r0	11.0	0.0	0.0
83	rnapol	0.0	0.0	0.0
84	__protein1_rbs	8.0	0.0	0.0
84	__protein2_rbs	13.0	0.0	0.0
84	__protein3_rbs	11.0	0.0	0.0
84	__ribosome	24.0	0.0	0.0
84	__rnase_site_ext	12.0	0.0	0.0
84	p0	0.0	0.0	0.0
84	protein1	389.0	12.0	1.333333
84	protein2	364.0	14.0	1.714286
84	protein3	338.0	16.0	2.25
84	r0	12.0	0.0	0.0
84	rnapol	0.0	0.0	0.0
85	__protein1_rbs	8.0	0.0	0.0
85	__protein2_rbs	11.0	0.0	0.0
85	__protein3_rbs	14.0	0.0	0.0
85	__ribosome	21.0	0.0	0.0
85	__rnase_site_ext	13.0	0.0	0.0
85	p0	1.0	0.0	0.0
85	protein1	392.0	13.0	1.615385
85	protein2	368.0	12.0	2.083333
85	protein3	347.0	16.0	2.0625
85	r0	13.0	0.0	0.0
85	rnapol	1.0	0.0	0.0
86	__protein1_rbs	11.0	0.0	0.0
86	__protein2_rbs	10.0	0.0	0.0
86	__protein3_rbs	15.0	0.0	0.0
86	__ribosome	31.0	0.0	0.0
86	__rnase_site_ext	15.0	0.0	0.0
86	p0	1.0	0.0	0.0
86	protein1	400.0	15.0	1.333333
86	protein2	374.0	12.0	2.0
86	protein3	356.0	16.0	1.5625
86	r0	15.0	0.0	0.0
86	rnapol	0.0	0.0	0.0
87	__protein1_rbs	11.0	0.0	0.0
87	__protein2_rbs	10.0	0.0	0.0
87	__protein3_rbs	11.0	0.0	0.0
87	__ribosome	29.0	0.0	0.0
87	__rnase_site_ext	15.0	0.0	0.0
87	p0	1.0	0.0	0.0
87	protein1	404.0	15.0	1.6
87	protein2	380.0	13.0	1.692308
87	protein3	364.0	16.0	1.5625
87	r0	13.0	0.0	0.0
87	rnapol	0.0	0.0	0.0
88	__protein1_rbs	14.0	0.0	0.0
88	__protein2_rbs	10.0	0.0	0.0
88	__protein3_rbs	13.0	0.0	0.0
88	__ribosome	30.0	0.0	0.0
88	__rnase_site_ext	15.0	0.0	0.0
88	p0	1.0	0.0	0.0
88	protein1	411.0	15.0	1.8
88	protein2	388.0	14.0	1.5
88	protein3	371.0	15.0	1.466667
88	r0	15.0	0.0	0.0
88	rnapol	0.0	0.0	0.0
89	__protein1_rbs	10.0	0.0	0.0
89	__protein2_rbs	7.0	0.0	0.0
89	__protein3_rbs	10.0	0.0	0.0
89	__ribosome	21.0	0.0	0.0
89	__rnase_site_ext	15.0	0.0	0.0
89	p0	1.0	0.0	0.0
89	protein1	419.0	15.0	1.866667
89	protein2	393.0	15.0	1.7333330000000002
89	protein3	378.0	15.0	1.666667
89	r0	13.0	0.0	0.0
89	rnapol	0.0	0.0	0.0
90	__protein1_rbs	10.0	0.0	0.0
90	__protein2_rbs	13.0	0.0	0.0
90	__protein3_rbs	14.0	0.0	0.0
90	__ribosome	18.0	0.0	0.0
90	__rnase_site_ext	15.0	0.0	0.0
90	p0	1.0	0.0	0.0
90	protein1	424.0	15.0	1.933333
90	protein2	397.0	15.0	1.666667
90	protein3	380.0	15.0	1.866667
90	r0	13.0	0.0	0.0
90	rnapol	0.0	0.0	0.0
91	__protein1_rbs	12.0	0.0	0.0
91	__protein2_rbs	13.0	0.0	0.0
91	__protein3_rbs	15.0	0.0	0.0
91	__ribosome	25.0	0.0	0.0
91	__rnase_site_ext	15.0	0.0	0.0
91	p0	1.0	0.0	0.0
91	protein1	437.0	15.0	1.4
91	protein2	402.0	15.0	1.866667
91	protein3	385.0	15.0	1.7333330000000002
91	r0	13.0	0.0	0.0
91	rnapol	0.0	0.0	0.0
92	__protein1_rbs	10.0	0.0	0.0
92	__protein2_rbs	11.0	0.0	0.0
92	__protein3_rbs	14.0	0.0	0.0
92	__ribosome	23.0	0.0	0.0
92	__rnase_site_ext	15.0	0.0	0.0
92	p0	1.0	0.0	0.0
92	protein1	445.0	15.0	1.466667
92	protein2	407.0	15.0	2.1333330000000004
92	protein3	391.0	16.0	1.4375
92	r0	15.0	0.0	0.0
92	rnapol	0.0	0.0	0.0
93	__protein1_rbs	12.0	0.0	0.0
93	__protein2_rbs	11.0	0.0	0.0
93	__protein3_rbs	12.0	0.0	0.0
93	__ribosome	25.0	0.0	0.0
93	__rnase_site_ext	14.0	0.0	0.0
93	p0	1.0	0.0	0.0
93	protein1	451.0	14.0	1.357143
93	protein2	414.0	15.0	2.266667
93	protein3	400.0	16.0	1.375
93	r0	12.0	0.0	0.0
93	rnapol	0.0	0.0	0.0
94	__protein1_rbs	12.0	0.0	0.0
94	__protein2_rbs	15.0	0.0	0.0
94	__protein3_rbs	11.0	0.0	0.0
94	__ribosome	26.0	0.0	0.0
94	__rnase_site_ext	14.0	0.0	0.0
94	p0	1.0	0.0	0.0
94	protein1	456.0	14.0	1.4285709999999998
94	protein2	420.0	15.0	2.066667
94	protein3	405.0	16.0	1.4375
94	r0	14.0	0.0	0.0
94	rnapol	1.0	0.0	0.0
95	__protein1_rbs	9.0	0.0	0.0
95	__protein2_rbs	12.0	0.0	0.0
95	__protein3_rbs	12.0	0.0	0.0
95	__ribosome	30.0	0.0	0.0
95	__rnase_site_ext	13.0	0.0	0.0
95	p0	1.0	0.0	0.0
95	protein1	465.0	14.0	1.5
95	protein2	429.0	15.0	1.7333330000000002
95	protein3	410.0	16.0	1.4375
95	r0	12.0	0.0	0.0
95	rnapol	0.0	0.0	0.0
96	__protein1_rbs	12.0	0.0	0.0
96	__protein2_rbs	12.0	0.0	0.0
96	__protein3_rbs	12.0	0.0	0.0
96	__ribosome	25.0	0.0	0.0
96	__rnase_site_ext	15.0	0.0	0.0
96	p0	1.0	0.0	0.0
96	protein1	469.0	14.0	1.714286
96	protein2	440.0	15.0	1.333333
96	protein3	413.0	16.0	1.9375
96	r0	14.0	0.0	0.0
96	rnapol	0.0	0.0	0.0
97	__protein1_rbs	11.0	0.0	0.0
97	__protein2_rbs	11.0	0.0	0.0
97	__protein3_rbs	13.0	0.0	0.0
97	__ribosome	22.0	0.0	0.0
97	__rnase_site_ext	16.0	0.0	0.0
97	p0	1.0	0.0	0.0
97	protein1	474.0	15.0	1.8
97	protein2	446.0	15.0	1.266667
97	protein3	418.0	16.0	2.0
97	r0	14.0	0.0	0.0
97	rnapol	1.0	0.0	0.0
98	__protein1_rbs	15.0	0.0	0.0
98	__protein2_rbs	14.0	0.0	0.0
98	__protein3_rbs	11.0	0.0	0.0
98	__ribosome	26.0	0.0	0.0
98	__rnase_site_ext	17.0	0.0	0.0
98	p0	1.0	0.0	0.0
98	protein1	482.0	17.0	1.352941
98	protein2	451.0	15.0	1.2
98	protein3	423.0	15.0	2.2
98	r0	17.0	0.0	0.0
98	rnapol	0.0	0.0	0.0
99	__protein1_rbs	15.0	0.0	0.0
99	__protein2_rbs	13.0	0.0	0.0
99	__protein3_rbs	11.0	0.0	0.0
99	__ribosome	23.0	0.0	0.0
99	__rnase_site_ext	17.0	0.0	0.0
99	p0	1.0	0.0	0.0
99	protein1	490.0	17.0	1.235294
99	protein2	452.0	16.0	1.375
99	protein3	430.0	15.0	2.266667
99	r0	17.0	0.0	0.0
99	rnapol	0.0	0.0	0.0
100	__protein1_rbs	11.0	0.0	0.0
100	__protein2_rbs	13.0	0.0	0.0
100	__protein3_rbs	12.0	0.0	0.0
100	__ribosome	32.0	0.0	0.0
100	__rnase_site_ext	17.0	0.0	0.0
100	p0	1.0	0.0	0.0
100	protein1	498.0	17.0	1.1764709999999998
100	protein2	459.0	15.0	1.266667
100	protein3	442.0	15.0	1.933333
100	r0	16.0	0.0	0.0
100	rnapol	0.0	0.0	0.0
101	__protein1_rbs	11.0	0.0	0.0
101	__protein2_rbs	14.0	0.0	0.0
101	__protein3_rbs	11.0	0.0	0.0
101	__ribosome	22.0	0.0	0.0
101	__rnase_site_ext	16.0	0.0	0.0
101	p0	1.0	0.0	0.0
101	protein1	502.0	16.0	1.5625
101	protein2	464.0	17.0	1.1764709999999998
101	protein3	447.0	15.0	2.2
101	r0	15.0	0.0	0.0
101	rnapol	0.0	0.0	0.0
102	__protein1_rbs	14.0	0.0	0.0
102	__protein2_rbs	13.0	0.0	0.0
102	__protein3_rbs	12.0	0.0	0.0
102	__ribosome	23.0	0.0	0.0
102	__rnase_site_ext	16.0	0.0	0.0
102	p0	1.0	0.0	0.0
102	protein1	510.0	16.0	1.3125
102	protein2	469.0	17.0	1.294118
102	protein3	452.0	15.0	2.266667
102	r0	16.0	0.0	0.0
102	rnapol	0.0	0.0	0.0
103	__protein1_rbs	11.0	0.0	0.0
103	__protein2_rbs	15.0	0.0	0.0
103	__protein3_rbs	12.0	0.0	0.0
103	__ribosome	15.0	0.0	0.0
103	__rnase_site_ext	16.0	0.0	0.0
103	p0	1.0	0.0	0.0
103	protein1	516.0	16.0	1.4375
103	protein2	472.0	17.0	1.647059
103	protein3	460.0	16.0	2.125
103	r0	15.0	0.0	0.0
103	rnapol	0.0	0.0	0.0
104	__protein1_rbs	10.0	0.0	0.0
104	__protein2_rbs	14.0	0.0	0.0
104	__protein3_rbs	14.0	0.0	0.0
104	__ribosome	25.0	0.0	0.0
104	__rnase_site_ext	16.0	0.0	0.0
104	p0	1.0	0.0	0.0
104	protein1	527.0	16.0	1.125
104	protein2	476.0	17.0	1.588235
104	protein3	468.0	16.0	1.875
104	r0	16.0	0.0	0.0
104	rnapol	0.0	0.0	0.0
105	__protein1_rbs	13.0	0.0	0.0
105	__protein2_rbs	15.0	0.0	0.0
105	__protein3_rbs	14.0	0.0	0.0
105	__ribosome	22.0	0.0	0.0
105	__rnase_site_ext	16.0	0.0	0.0
105	p0	1.0	0.0	0.0
105	protein1	530.0	16.0	1.3125
105	protein2	482.0	17.0	1.764706
105	protein3	476.0	17.0	1.588235
105	r0	15.0	0.0	0.0
105	rnapol	0.0	0.0	0.0
106	__protein1_rbs	14.0	0.0	0.0
106	__protein2_rbs	12.0	0.0	0.0
106	__protein3_rbs	18.0	0.0	0.0
106	__ribosome	22.0	0.0	0.0
106	__rnase_site_ext	16.0	0.0	0.0
106	p0	1.0	0.0	0.0
106	protein1	536.0	16.0	1.375
106	protein2	489.0	17.0	1.823529
106	protein3	484.0	19.0	1.315789
106	r0	16.0	0.0	0.0
106	rnapol	0.0	0.0	0.0
107	__protein1_rbs	13.0	0.0	0.0
107	__protein2_rbs	13.0	0.0	0.0
107	__protein3_rbs	14.0	0.0	0.0
107	__ribosome	24.0	0.0	0.0
107	__rnase_site_ext	17.0	0.0	0.0
107	p0	1.0	0.0	0.0
107	protein1	542.0	16.0	1.3125
107	protein2	499.0	17.0	1.647059
107	protein3	490.0	19.0	1.421053
107	r0	14.0	0.0	0.0
107	rnapol	0.0	0.0	0.0
108	__protein1_rbs	16.0	0.0	0.0
108	__protein2_rbs	12.0	0.0	0.0
108	__protein3_rbs	14.0	0.0	0.0
108	__ribosome	26.0	0.0	0.0
108	__rnase_site_ext	17.0	0.0	0.0
108	p0	1.0	0.0	0.0
108	protein1	551.0	17.0	0.941176
108	protein2	502.0	16.0	1.875
108	protein3	497.0	18.0	1.555556
108	r0	17.0	0.0	0.0
108	rnapol	1.0	0.0	0.0
109	__protein1_rbs	14.0	0.0	0.0
109	__protein2_rbs	13.0	0.0	0.0
109	__protein3_rbs	13.0	0.0	0.0
109	__ribosome	22.0	0.0	0.0
109	__rnase_site_ext	17.0	0.0	0.0
109	p0	1.0	0.0	0.0
109	protein1	557.0	17.0	1.0
109	protein2	510.0	16.0	1.8125
109	protein3	499.0	17.0	1.882353
109	r0	17.0	0.0	0.0
109	rnapol	1.0	0.0	0.0
110	__protein1_rbs	14.0	0.0	0.0
110	__protein2_rbs	11.0	0.0	0.0
110	__protein3_rbs	13.0	0.0	0.0
110	__ribosome	27.0	0.0	0.0
110	__rnase_site_ext	19.0	0.0	0.0
110	p0	1.0	0.0	0.0
110	protein1	563.0	18.0	1.0
110	protein2	521.0	16.0	1.5
110	protein3	507.0	17.0	1.823529
110	r0	18.0	0.0	0.0
110	rnapol	0.0	0.0	0.0
111	__protein1_rbs	13.0	0.0	0.0
111	__protein2_rbs	14.0	0.0	0.0
111	__protein3_rbs	13.0	0.0	0.0
111	__ribosome	21.0	0.0	0.0
111	__rnase_site_ext	17.0	0.0	0.0
111	p0	1.0	0.0	0.0
111	protein1	567.0	18.0	1.166667
111	protein2	524.0	17.0	1.529412
111	protein3	512.0	17.0	1.882353
111	r0	16.0	0.0	0.0
111	rnapol	0.0	0.0	0.0
112	__protein1_rbs	13.0	0.0	0.0
112	__protein2_rbs	13.0	0.0	0.0
112	__protein3_rbs	11.0	0.0	0.0
112	__ribosome	21.0	0.0	0.0
112	__rnase_site_ext	17.0	0.0	0.0
112	p0	1.0	0.0	0.0
112	protein1	573.0	18.0	1.277778
112	protein2	531.0	18.0	1.388889
112	protein3	521.0	17.0	1.823529
112	r0	17.0	0.0	0.0
112	rnapol	0.0	0.0	0.0
113	__protein1_rbs	15.0	0.0	0.0
113	__protein2_rbs	14.0	0.0	0.0
113	__protein3_rbs	14.0	0.0	0.0
113	__ribosome	18.0	0.0	0.0
113	__rnase_site_ext	18.0	0.0	0.0
113	p0	1.0	0.0	0.0
113	protein1	576.0	18.0	1.333333
113	protein2	539.0	19.0	1.421053
113	protein3	527.0	17.0	1.823529
113	r0	18.0	0.0	0.0
113	rnapol	0.0	0.0	0.0
114	__protein1_rbs	14.0	0.0	0.0
114	__protein2_rbs	14.0	0.0	0.0
114	__protein3_rbs	15.0	0.0	0.0
114	__ribosome	15.0	0.0	0.0
114	__rnase_site_ext	17.0	0.0	0.0
114	p0	1.0	0.0	0.0
114	protein1	585.0	17.0	1.1176469999999998
114	protein2	541.0	20.0	1.8
114	protein3	533.0	17.0	1.764706
114	r0	16.0	0.0	0.0
114	rnapol	0.0	0.0	0.0
115	__protein1_rbs	13.0	0.0	0.0
115	__protein2_rbs	16.0	0.0	0.0
115	__protein3_rbs	15.0	0.0	0.0
115	__ribosome	19.0	0.0	0.0
115	__rnase_site_ext	16.0	0.0	0.0
115	p0	1.0	0.0	0.0
115	protein1	591.0	16.0	1.3125
115	protein2	549.0	19.0	1.7894740000000002
115	protein3	541.0	18.0	1.444444
115	r0	15.0	0.0	0.0
115	rnapol	0.0	0.0	0.0
116	__protein1_rbs	13.0	0.0	0.0
116	__protein2_rbs	14.0	0.0	0.0
116	__protein3_rbs	17.0	0.0	0.0
116	__ribosome	17.0	0.0	0.0
116	__rnase_site_ext	16.0	0.0	0.0
116	p0	1.0	0.0	0.0
116	protein1	598.0	16.0	1.25
116	protein2	553.0	19.0	2.105263
116	protein3	545.0	18.0	1.277778
116	r0	16.0	0.0	0.0
116	rnapol	0.0	0.0	0.0
117	__protein1_rbs	15.0	0.0	0.0
117	__protein2_rbs	13.0	0.0	0.0
117	__protein3_rbs	14.0	0.0	0.0
117	__ribosome	21.0	0.0	0.0
117	__rnase_site_ext	16.0	0.0	0.0
117	p0	1.0	0.0	0.0
117	protein1	601.0	16.0	1.3125
117	protein2	564.0	18.0	2.055556
117	protein3	554.0	18.0	1.166667
117	r0	16.0	0.0	0.0
117	rnapol	0.0	0.0	0.0
118	__protein1_rbs	11.0	0.0	0.0
118	__protein2_rbs	16.0	0.0	0.0
118	__protein3_rbs	12.0	0.0	0.0
118	__ribosome	26.0	0.0	0.0
118	__rnase_site_ext	16.0	0.0	0.0
118	p0	1.0	0.0	0.0
118	protein1	610.0	16.0	1.3125
118	protein2	575.0	18.0	1.722222
118	protein3	561.0	19.0	1.157895
118	r0	14.0	0.0	0.0
118	rnapol	1.0	0.0	0.0
119	__protein1_rbs	16.0	0.0	0.0
119	__protein2_rbs	16.0	0.0	0.0
119	__protein3_rbs	17.0	0.0	0.0
119	__ribosome	29.0	0.0	0.0
119	__rnase_site_ext	16.0	0.0	0.0
119	p0	1.0	0.0	0.0
119	protein1	616.0	17.0	1.0
119	protein2	583.0	18.0	1.611111
119	protein3	564.0	20.0	1.25
119	r0	15.0	0.0	0.0
119	rnapol	0.0	0.0	0.0
120	__protein1_rbs	13.0	0.0	0.0
120	__protein2_rbs	12.0	0.0	0.0
120	__protein3_rbs	15.0	0.0	0.0
120	__ribosome	22.0	0.0	0.0
120	__rnase_site_ext	15.0	0.0	0.0
120	p0	1.0	0.0	0.0
120	protein1	623.0	16.0	0.9375
120	protein2	591.0	17.0	1.941176
120	protein3	568.0	20.0	1.5
120	r0	15.0	0.0	0.0
120	rnapol	1.0	0.0	0.0
121	__protein1_rbs	12.0	0.0	0.0
121	__protein2_rbs	11.0	0.0	0.0
121	__protein3_rbs	19.0	0.0	0.0
121	__ribosome	19.0	0.0	0.0
121	__rnase_site_ext	17.0	0.0	0.0
121	p0	1.0	0.0	0.0
121	protein1	627.0	16.0	1.0625
121	protein2	599.0	16.0	2.1875
121	protein3	571.0	20.0	1.45
121	r0	16.0	0.0	0.0
121	rnapol	0.0	0.0	0.0
122	__protein1_rbs	12.0	0.0	0.0
122	__protein2_rbs	14.0	0.0	0.0
122	__protein3_rbs	18.0	0.0	0.0
122	__ribosome	22.0	0.0	0.0
122	__rnase_site_ext	16.0	0.0	0.0
122	p0	1.0	0.0	0.0
122	protein1	632.0	17.0	1.1176469999999998
122	protein2	606.0	17.0	1.941176
122	protein3	581.0	20.0	1.3
122	r0	13.0	0.0	0.0
122	rnapol	1.0	0.0	0.0
123	__protein1_rbs	17.0	0.0	0.0
123	__protein2_rbs	15.0	0.0	0.0
123	__protein3_rbs	16.0	0.0	0.0
123	__ribosome	13.0	0.0	0.0
123	__rnase_site_ext	18.0	0.0	0.0
123	p0	1.0	0.0	0.0
123	protein1	635.0	18.0	1.166667
123	protein2	610.0	17.0	2.235294
123	protein3	588.0	19.0	1.473684
123	r0	18.0	0.0	0.0
123	rnapol	0.0	0.0	0.0
124	__protein1_rbs	14.0	0.0	0.0
124	__protein2_rbs	13.0	0.0	0.0
124	__protein3_rbs	17.0	0.0	0.0
124	__ribosome	17.0	0.0	0.0
124	__rnase_site_ext	18.0	0.0	0.0
124	p0	1.0	0.0	0.0
124	protein1	643.0	18.0	1.055556
124	protein2	620.0	18.0	2.0
124	protein3	593.0	19.0	1.473684
124	r0	18.0	0.0	0.0
124	rnapol	0.0	0.0	0.0
125	__protein1_rbs	15.0	0.0	0.0
125	__protein2_rbs	14.0	0.0	0.0
125	__protein3_rbs	15.0	0.0	0.0
125	__ribosome	14.0	0.0	0.0
125	__rnase_site_ext	17.0	0.0	0.0
125	p0	1.0	0.0	0.0
125	protein1	646.0	18.0	1.111111
125	protein2	628.0	19.0	1.947368
125	protein3	599.0	18.0	1.611111
125	r0	17.0	0.0	0.0
125	rnapol	0.0	0.0	0.0
126	__protein1_rbs	17.0	0.0	0.0
126	__protein2_rbs	15.0	0.0	0.0
126	__protein3_rbs	11.0	0.0	0.0
126	__ribosome	19.0	0.0	0.0
126	__rnase_site_ext	18.0	0.0	0.0
126	p0	1.0	0.0	0.0
126	protein1	655.0	18.0	0.833333
126	protein2	638.0	19.0	1.684211
126	protein3	605.0	19.0	1.7894740000000002
126	r0	17.0	0.0	0.0
126	rnapol	0.0	0.0	0.0
127	__protein1_rbs	16.0	0.0	0.0
127	__protein2_rbs	14.0	0.0	0.0
127	__protein3_rbs	18.0	0.0	0.0
127	__ribosome	17.0	0.0	0.0
127	__rnase_site_ext	17.0	0.0	0.0
127	p0	1.0	0.0	0.0
127	protein1	660.0	18.0	0.944444
127	protein2	647.0	19.0	1.631579
127	protein3	610.0	19.0	1.842105
127	r0	17.0	0.0	0.0
127	rnapol	0.0	0.0	0.0
128	__protein1_rbs	14.0	0.0	0.0
128	__protein2_rbs	15.0	0.0	0.0
128	__protein3_rbs	16.0	0.0	0.0
128	__ribosome	22.0	0.0	0.0
128	__rnase_site_ext	18.0	0.0	0.0
128	p0	1.0	0.0	0.0
128	protein1	664.0	18.0	1.055556
128	protein2	656.0	18.0	1.5
128	protein3	620.0	19.0	1.684211
128	r0	18.0	0.0	0.0
128	rnapol	0.0	0.0	0.0
129	__protein1_rbs	14.0	0.0	0.0
129	__protein2_rbs	15.0	0.0	0.0
129	__protein3_rbs	16.0	0.0	0.0
129	__ribosome	23.0	0.0	0.0
129	__rnase_site_ext	17.0	0.0	0.0
129	p0	1.0	0.0	0.0
129	protein1	669.0	17.0	1.1176469999999998
129	protein2	663.0	18.0	1.388889
129	protein3	625.0	19.0	1.7368419999999998
129	r0	17.0	0.0	0.0
129	rnapol	0.0	0.0	0.0
130	__protein1_rbs	15.0	0.0	0.0
130	__protein2_rbs	10.0	0.0	0.0
130	__protein3_rbs	16.0	0.0	0.0
130	__ribosome	16.0	0.0	0.0
130	__rnase_site_ext	17.0	0.0	0.0
130	p0	1.0	0.0	0.0
130	protein1	675.0	18.0	1.222222
130	protein2	669.0	18.0	1.555556
130	protein3	632.0	20.0	1.7
130	r0	16.0	0.0	0.0
130	rnapol	1.0	0.0	0.0
131	__protein1_rbs	14.0	0.0	0.0
131	__protein2_rbs	15.0	0.0	0.0
131	__protein3_rbs	16.0	0.0	0.0
131	__ribosome	24.0	0.0	0.0
131	__rnase_site_ext	19.0	0.0	0.0
131	p0	1.0	0.0	0.0
131	protein1	681.0	18.0	1.277778
131	protein2	677.0	18.0	1.333333
131	protein3	641.0	20.0	1.45
131	r0	19.0	0.0	0.0
131	rnapol	0.0	0.0	0.0
132	__protein1_rbs	14.0	0.0	0.0
132	__protein2_rbs	14.0	0.0	0.0
132	__protein3_rbs	17.0	0.0	0.0
132	__ribosome	17.0	0.0	0.0
132	__rnase_site_ext	17.0	0.0	0.0
132	p0	0.0	0.0	0.0
132	protein1	685.0	18.0	1.444444
132	protein2	682.0	18.0	1.5
132	protein3	648.0	20.0	1.5
132	r0	16.0	0.0	0.0
132	rnapol	0.0	0.0	0.0
133	__protein1_rbs	15.0	0.0	0.0
133	__protein2_rbs	14.0	0.0	0.0
133	__protein3_rbs	13.0	0.0	0.0
133	__ribosome	14.0	0.0	0.0
133	__rnase_site_ext	17.0	0.0	0.0
133	p0	1.0	0.0	0.0
133	protein1	693.0	19.0	1.263158
133	protein2	685.0	19.0	1.631579
133	protein3	655.0	20.0	1.55
133	r0	15.0	0.0	0.0
133	rnapol	0.0	0.0	0.0
134	__protein1_rbs	16.0	0.0	0.0
134	__protein2_rbs	17.0	0.0	0.0
134	__protein3_rbs	13.0	0.0	0.0
134	__ribosome	22.0	0.0	0.0
134	__rnase_site_ext	19.0	0.0	0.0
134	p0	1.0	0.0	0.0
134	protein1	703.0	18.0	1.0
134	protein2	696.0	19.0	1.263158
134	protein3	661.0	19.0	1.894737
134	r0	19.0	0.0	0.0
134	rnapol	0.0	0.0	0.0
135	__protein1_rbs	17.0	0.0	0.0
135	__protein2_rbs	17.0	0.0	0.0
135	__protein3_rbs	16.0	0.0	0.0
135	__ribosome	16.0	0.0	0.0
135	__rnase_site_ext	18.0	0.0	0.0
135	p0	1.0	0.0	0.0
135	protein1	710.0	18.0	0.944444
135	protein2	700.0	20.0	1.45
135	protein3	666.0	19.0	2.0
135	r0	18.0	0.0	0.0
135	rnapol	0.0	0.0	0.0
136	__protein1_rbs	14.0	0.0	0.0
136	__protein2_rbs	16.0	0.0	0.0
136	__protein3_rbs	15.0	0.0	0.0
136	__ribosome	19.0	0.0	0.0
136	__rnase_site_ext	18.0	0.0	0.0
136	p0	1.0	0.0	0.0
136	protein1	714.0	18.0	1.0
136	protein2	709.0	21.0	1.380952
136	protein3	675.0	18.0	1.888889
136	r0	17.0	0.0	0.0
136	rnapol	0.0	0.0	0.0
137	__protein1_rbs	16.0	0.0	0.0
137	__protein2_rbs	14.0	0.0	0.0
137	__protein3_rbs	16.0	0.0	0.0
137	__ribosome	18.0	0.0	0.0
137	__rnase_site_ext	18.0	0.0	0.0
137	p0	1.0	0.0	0.0
137	protein1	720.0	18.0	0.944444
137	protein2	715.0	20.0	1.55
137	protein3	680.0	19.0	1.7894740000000002
137	r0	18.0	0.0	0.0
137	rnapol	0.0	0.0	0.0
138	__protein1_rbs	15.0	0.0	0.0
138	__protein2_rbs	17.0	0.0	0.0
138	__protein3_rbs	16.0	0.0	0.0
138	__ribosome	21.0	0.0	0.0
138	__rnase_site_ext	18.0	0.0	0.0
138	p0	1.0	0.0	0.0
138	protein1	725.0	18.0	0.944444
138	protein2	720.0	21.0	1.5714290000000002
138	protein3	691.0	19.0	1.526316
138	r0	18.0	0.0	0.0
138	rnapol	0.0	0.0	0.0
139	__protein1_rbs	15.0	0.0	0.0
139	__protein2_rbs	15.0	0.0	0.0
139	__protein3_rbs	17.0	0.0	0.0
139	__ribosome	22.0	0.0	0.0
139	__rnase_site_ext	16.0	0.0	0.0
139	p0	1.0	0.0	0.0
139	protein1	732.0	18.0	0.8888889999999999
139	protein2	727.0	20.0	1.7
139	protein3	698.0	20.0	1.4
139	r0	16.0	0.0	0.0
139	rnapol	0.0	0.0	0.0
140	__protein1_rbs	15.0	0.0	0.0
140	__protein2_rbs	16.0	0.0	0.0
140	__protein3_rbs	16.0	0.0	0.0
140	__ribosome	22.0	0.0	0.0
140	__rnase_site_ext	18.0	0.0	0.0
140	p0	1.0	0.0	0.0
140	protein1	735.0	18.0	1.166667
140	protein2	735.0	19.0	1.578947
140	protein3	706.0	20.0	1.35
140	r0	17.0	0.0	0.0
140	rnapol	1.0	0.0	0.0
141	__protein1_rbs	15.0	0.0	0.0
141	__protein2_rbs	16.0	0.0	0.0
141	__protein3_rbs	20.0	0.0	0.0
141	__ribosome	24.0	0.0	0.0
141	__rnase_site_ext	19.0	0.0	0.0
141	p0	1.0	0.0	0.0
141	protein1	740.0	19.0	1.210526
141	protein2	746.0	19.0	1.315789
141	protein3	711.0	21.0	1.333333
141	r0	19.0	0.0	0.0
141	rnapol	0.0	0.0	0.0
142	__protein1_rbs	15.0	0.0	0.0
142	__protein2_rbs	13.0	0.0	0.0
142	__protein3_rbs	16.0	0.0	0.0
142	__ribosome	16.0	0.0	0.0
142	__rnase_site_ext	19.0	0.0	0.0
142	p0	1.0	0.0	0.0
142	protein1	745.0	19.0	1.263158
142	protein2	751.0	18.0	1.5
142	protein3	717.0	22.0	1.5
142	r0	17.0	0.0	0.0
142	rnapol	0.0	0.0	0.0
143	__protein1_rbs	17.0	0.0	0.0
143	__protein2_rbs	18.0	0.0	0.0
143	__protein3_rbs	15.0	0.0	0.0
143	__ribosome	19.0	0.0	0.0
143	__rnase_site_ext	19.0	0.0	0.0
143	p0	1.0	0.0	0.0
143	protein1	755.0	20.0	0.95
143	protein2	755.0	18.0	1.388889
143	protein3	722.0	22.0	1.681818
143	r0	18.0	0.0	0.0
143	rnapol	0.0	0.0	0.0
144	__protein1_rbs	11.0	0.0	0.0
144	__protein2_rbs	17.0	0.0	0.0
144	__protein3_rbs	19.0	0.0	0.0
144	__ribosome	19.0	0.0	0.0
144	__rnase_site_ext	19.0	0.0	0.0
144	p0	1.0	0.0	0.0
144	protein1	761.0	20.0	1.2
144	protein2	764.0	19.0	1.105263
144	protein3	728.0	21.0	1.714286
144	r0	19.0	0.0	0.0
144	rnapol	0.0	0.0	0.0
145	__protein1_rbs	15.0	0.0	0.0
145	__protein2_rbs	17.0	0.0	0.0
145	__protein3_rbs	18.0	0.0	0.0
145	__ribosome	25.0	0.0	0.0
145	__rnase_site_ext	20.0	0.0	0.0
145	p0	1.0	0.0	0.0
145	protein1	767.0	20.0	1.15
145	protein2	770.0	19.0	1.0
145	protein3	738.0	21.0	1.5714290000000002
145	r0	19.0	0.0	0.0
145	rnapol	1.0	0.0	0.0
146	__protein1_rbs	13.0	0.0	0.0
146	__protein2_rbs	18.0	0.0	0.0
146	__protein3_rbs	20.0	0.0	0.0
146	__ribosome	18.0	0.0	0.0
146	__rnase_site_ext	19.0	0.0	0.0
146	p0	1.0	0.0	0.0
146	protein1	773.0	19.0	1.578947
146	protein2	775.0	20.0	0.95
146	protein3	743.0	21.0	1.5714290000000002
146	r0	17.0	0.0	0.0
146	rnapol	0.0	0.0	0.0
147	__protein1_rbs	14.0	0.0	0.0
147	__protein2_rbs	15.0	0.0	0.0
147	__protein3_rbs	18.0	0.0	0.0
147	__ribosome	24.0	0.0	0.0
147	__rnase_site_ext	18.0	0.0	0.0
147	p0	1.0	0.0	0.0
147	protein1	781.0	19.0	1.578947
147	protein2	780.0	20.0	1.0
147	protein3	754.0	20.0	1.3
147	r0	18.0	0.0	0.0
147	rnapol	0.0	0.0	0.0
148	__protein1_rbs	15.0	0.0	0.0
148	__protein2_rbs	19.0	0.0	0.0
148	__protein3_rbs	17.0	0.0	0.0
148	__ribosome	22.0	0.0	0.0
148	__rnase_site_ext	18.0	0.0	0.0
148	p0	1.0	0.0	0.0
148	protein1	788.0	19.0	1.578947
148	protein2	785.0	21.0	1.0
148	protein3	760.0	20.0	1.35
148	r0	18.0	0.0	0.0
148	rnapol	0.0	0.0	0.0
149	__protein1_rbs	13.0	0.0	0.0
149	__protein2_rbs	18.0	0.0	0.0
149	__protein3_rbs	16.0	0.0	0.0
149	__ribosome	26.0	0.0	0.0
149	__rnase_site_ext	18.0	0.0	0.0
149	p0	1.0	0.0	0.0
149	protein1	800.0	18.0	1.444444
149	protein2	789.0	21.0	1.190476
149	protein3	769.0	20.0	1.15
149	r0	16.0	0.0	0.0
149	rnapol	0.0	0.0	0.0
150	__protein1_rbs	16.0	0.0	0.0
150	__protein2_rbs	17.0	0.0	0.0
150	__protein3_rbs	15.0	0.0	0.0
150	__ribosome	21.0	0.0	0.0
150	__rnase_site_ext	17.0	0.0	0.0
150	p0	1.0	0.0	0.0
150	protein1	809.0	17.0	1.411765
150	protein2	793.0	22.0	1.272727
150	protein3	775.0	21.0	1.285714
150	r0	17.0	0.0	0.0
150	rnapol	0.0	0.0	0.0
151	__protein1_rbs	14.0	0.0	0.0
151	__protein2_rbs	15.0	0.0	0.0
151	__protein3_rbs	20.0	0.0	0.0
151	__ribosome	15.0	0.0	0.0
151	__rnase_site_ext	16.0	0.0	0.0
151	p0	1.0	0.0	0.0
151	protein1	815.0	17.0	1.411765
151	protein2	799.0	21.0	1.4285709999999998
151	protein3	778.0	20.0	1.55
151	r0	16.0	0.0	0.0
151	rnapol	0.0	0.0	0.0
152	__protein1_rbs	16.0	0.0	0.0
152	__protein2_rbs	18.0	0.0	0.0
152	__protein3_rbs	19.0	0.0	0.0
152	__ribosome	19.0	0.0	0.0
152	__rnase_site_ext	18.0	0.0	0.0
152	p0	1.0	0.0	0.0
152	protein1	821.0	17.0	1.235294
152	protein2	805.0	21.0	1.4285709999999998
152	protein3	784.0	21.0	1.4285709999999998
152	r0	16.0	0.0	0.0
152	rnapol	0.0	0.0	0.0
153	__protein1_rbs	14.0	0.0	0.0
153	__protein2_rbs	16.0	0.0	0.0
153	__protein3_rbs	17.0	0.0	0.0
153	__ribosome	20.0	0.0	0.0
153	__rnase_site_ext	18.0	0.0	0.0
153	p0	1.0	0.0	0.0
153	protein1	831.0	17.0	0.941176
153	protein2	812.0	19.0	1.631579
153	protein3	789.0	21.0	1.5714290000000002
153	r0	17.0	0.0	0.0
153	rnapol	0.0	0.0	0.0
154	__protein1_rbs	15.0	0.0	0.0
154	__protein2_rbs	14.0	0.0	0.0
154	__protein3_rbs	18.0	0.0	0.0
154	__ribosome	21.0	0.0	0.0
154	__rnase_site_ext	17.0	0.0	0.0
154	p0	1.0	0.0	0.0
154	protein1	837.0	18.0	0.777778
154	protein2	819.0	19.0	1.578947
154	protein3	795.0	22.0	1.590909
154	r0	16.0	0.0	0.0
154	rnapol	0.0	0.0	0.0
155	__protein1_rbs	15.0	0.0	0.0
155	__protein2_rbs	10.0	0.0	0.0
155	__protein3_rbs	14.0	0.0	0.0
155	__ribosome	18.0	0.0	0.0
155	__rnase_site_ext	18.0	0.0	0.0
155	p0	1.0	0.0	0.0
155	protein1	841.0	18.0	0.8888889999999999
155	protein2	828.0	19.0	1.684211
155	protein3	808.0	22.0	1.545455
155	r0	17.0	0.0	0.0
155	rnapol	1.0	0.0	0.0
156	__protein1_rbs	17.0	0.0	0.0
156	__protein2_rbs	18.0	0.0	0.0
156	__protein3_rbs	19.0	0.0	0.0
156	__ribosome	13.0	0.0	0.0
156	__rnase_site_ext	19.0	0.0	0.0
156	p0	1.0	0.0	0.0
156	protein1	844.0	18.0	1.111111
156	protein2	834.0	19.0	1.578947
156	protein3	811.0	22.0	1.681818
156	r0	19.0	0.0	0.0
156	rnapol	0.0	0.0	0.0
157	__protein1_rbs	16.0	0.0	0.0
157	__protein2_rbs	15.0	0.0	0.0
157	__protein3_rbs	17.0	0.0	0.0
157	__ribosome	14.0	0.0	0.0
157	__rnase_site_ext	19.0	0.0	0.0
157	p0	1.0	0.0	0.0
157	protein1	849.0	19.0	1.052632
157	protein2	841.0	20.0	1.4
157	protein3	818.0	22.0	1.727273
157	r0	17.0	0.0	0.0
157	rnapol	1.0	0.0	0.0
158	__protein1_rbs	18.0	0.0	0.0
158	__protein2_rbs	17.0	0.0	0.0
158	__protein3_rbs	20.0	0.0	0.0
158	__ribosome	18.0	0.0	0.0
158	__rnase_site_ext	20.0	0.0	0.0
158	p0	1.0	0.0	0.0
158	protein1	854.0	20.0	0.95
158	protein2	845.0	19.0	1.421053
158	protein3	824.0	21.0	1.714286
158	r0	20.0	0.0	0.0
158	rnapol	0.0	0.0	0.0
159	__protein1_rbs	16.0	0.0	0.0
159	__protein2_rbs	12.0	0.0	0.0
159	__protein3_rbs	19.0	0.0	0.0
159	__ribosome	22.0	0.0	0.0
159	__rnase_site_ext	20.0	0.0	0.0
159	p0	1.0	0.0	0.0
159	protein1	862.0	20.0	0.9
159	protein2	856.0	18.0	1.388889
159	protein3	834.0	21.0	1.666667
159	r0	20.0	0.0	0.0
159	rnapol	0.0	0.0	0.0
160	__protein1_rbs	14.0	0.0	0.0
160	__protein2_rbs	11.0	0.0	0.0
160	__protein3_rbs	16.0	0.0	0.0
160	__ribosome	16.0	0.0	0.0
160	__rnase_site_ext	20.0	0.0	0.0
160	p0	1.0	0.0	0.0
160	protein1	868.0	20.0	1.15
160	protein2	863.0	19.0	1.473684
160	protein3	845.0	21.0	1.5714290000000002
160	r0	18.0	0.0	0.0
160	rnapol	0.0	0.0	0.0
161	__protein1_rbs	17.0	0.0	0.0
161	__protein2_rbs	18.0	0.0	0.0
161	__protein3_rbs	17.0	0.0	0.0
161	__ribosome	11.0	0.0	0.0
161	__rnase_site_ext	20.0	0.0	0.0
161	p0	1.0	0.0	0.0
161	protein1	871.0	20.0	1.15
161	protein2	866.0	20.0	1.4
161	protein3	850.0	22.0	1.727273
161	r0	19.0	0.0	0.0
161	rnapol	0.0	0.0	0.0
162	__protein1_rbs	18.0	0.0	0.0
162	__protein2_rbs	17.0	0.0	0.0
162	__protein3_rbs	19.0	0.0	0.0
162	__ribosome	16.0	0.0	0.0
162	__rnase_site_ext	20.0	0.0	0.0
162	p0	1.0	0.0	0.0
162	protein1	878.0	20.0	1.0
162	protein2	872.0	20.0	1.4
162	protein3	858.0	21.0	1.714286
162	r0	20.0	0.0	0.0
162	rnapol	0.0	0.0	0.0
163	__protein1_rbs	18.0	0.0	0.0
163	__protein2_rbs	17.0	0.0	0.0
163	__protein3_rbs	18.0	0.0	0.0
163	__ribosome	24.0	0.0	0.0
163	__rnase_site_ext	20.0	0.0	0.0
163	p0	0.0	0.0	0.0
163	protein1	888.0	20.0	0.7
163	protein2	879.0	20.0	1.3
163	protein3	866.0	21.0	1.714286
163	r0	20.0	0.0	0.0
163	rnapol	0.0	0.0	0.0
164	__protein1_rbs	14.0	0.0	0.0
164	__protein2_rbs	9.0	0.0	0.0
164	__protein3_rbs	15.0	0.0	0.0
164	__ribosome	15.0	0.0	0.0
164	__rnase_site_ext	20.0	0.0	0.0
164	p0	1.0	0.0	0.0
164	protein1	892.0	20.0	1.0
164	protein2	888.0	20.0	1.55
164	protein3	877.0	21.0	1.619048
164	r0	20.0	0.0	0.0
164	rnapol	0.0	0.0	0.0
165	__protein1_rbs	18.0	0.0	0.0
165	__protein2_rbs	17.0	0.0	0.0
165	__protein3_rbs	16.0	0.0	0.0
165	__ribosome	18.0	0.0	0.0
165	__rnase_site_ext	21.0	0.0	0.0
165	p0	1.0	0.0	0.0
165	protein1	897.0	20.0	0.9
165	protein2	894.0	20.0	1.55
165	protein3	885.0	20.0	1.65
165	r0	20.0	0.0	0.0
165	rnapol	0.0	0.0	0.0
166	__protein1_rbs	14.0	0.0	0.0
166	__protein2_rbs	16.0	0.0	0.0
166	__protein3_rbs	18.0	0.0	0.0
166	__ribosome	11.0	0.0	0.0
166	__rnase_site_ext	19.0	0.0	0.0
166	p0	1.0	0.0	0.0
166	protein1	901.0	20.0	1.1
166	protein2	899.0	20.0	1.7
166	protein3	892.0	21.0	1.5714290000000002
166	r0	19.0	0.0	0.0
166	rnapol	0.0	0.0	0.0
167	__protein1_rbs	20.0	0.0	0.0
167	__protein2_rbs	17.0	0.0	0.0
167	__protein3_rbs	15.0	0.0	0.0
167	__ribosome	16.0	0.0	0.0
167	__rnase_site_ext	20.0	0.0	0.0
167	p0	0.0	0.0	0.0
167	protein1	906.0	20.0	0.9
167	protein2	904.0	21.0	1.5714290000000002
167	protein3	899.0	20.0	1.65
167	r0	20.0	0.0	0.0
167	rnapol	0.0	0.0	0.0
168	__protein1_rbs	17.0	0.0	0.0
168	__protein2_rbs	16.0	0.0	0.0
168	__protein3_rbs	14.0	0.0	0.0
168	__ribosome	17.0	0.0	0.0
168	__rnase_site_ext	21.0	0.0	0.0
168	p0	1.0	0.0	0.0
168	protein1	913.0	21.0	0.809524
168	protein2	913.0	21.0	1.52381
168	protein3	908.0	20.0	1.7
168	r0	20.0	0.0	0.0
168	rnapol	0.0	0.0	0.0
169	__protein1_rbs	20.0	0.0	0.0
169	__protein2_rbs	17.0	0.0	0.0
169	__protein3_rbs	18.0	0.0	0.0
169	__ribosome	25.0	0.0	0.0
169	__rnase_site_ext	21.0	0.0	0.0
169	p0	1.0	0.0	0.0
169	protein1	921.0	21.0	0.6190479999999999
169	protein2	924.0	22.0	1.227273
169	protein3	915.0	20.0	1.75
169	r0	21.0	0.0	0.0
169	rnapol	0.0	0.0	0.0
170	__protein1_rbs	15.0	0.0	0.0
170	__protein2_rbs	17.0	0.0	0.0
170	__protein3_rbs	19.0	0.0	0.0
170	__ribosome	14.0	0.0	0.0
170	__rnase_site_ext	21.0	0.0	0.0
170	p0	1.0	0.0	0.0
170	protein1	924.0	21.0	1.190476
170	protein2	928.0	22.0	1.363636
170	protein3	922.0	20.0	1.55
170	r0	19.0	0.0	0.0
170	rnapol	0.0	0.0	0.0
171	__protein1_rbs	17.0	0.0	0.0
171	__protein2_rbs	21.0	0.0	0.0
171	__protein3_rbs	21.0	0.0	0.0
171	__ribosome	15.0	0.0	0.0
171	__rnase_site_ext	21.0	0.0	0.0
171	p0	1.0	0.0	0.0
171	protein1	928.0	21.0	1.4285709999999998
171	protein2	935.0	23.0	1.217391
171	protein3	928.0	21.0	1.285714
171	r0	21.0	0.0	0.0
171	rnapol	0.0	0.0	0.0
172	__protein1_rbs	19.0	0.0	0.0
172	__protein2_rbs	17.0	0.0	0.0
172	__protein3_rbs	16.0	0.0	0.0
172	__ribosome	15.0	0.0	0.0
172	__rnase_site_ext	21.0	0.0	0.0
172	p0	1.0	0.0	0.0
172	protein1	933.0	21.0	1.47619
172	protein2	942.0	21.0	1.333333
172	protein3	937.0	21.0	1.2380950000000002
172	r0	21.0	0.0	0.0
172	rnapol	0.0	0.0	0.0
173	__protein1_rbs	12.0	0.0	0.0
173	__protein2_rbs	17.0	0.0	0.0
173	__protein3_rbs	18.0	0.0	0.0
173	__ribosome	19.0	0.0	0.0
173	__rnase_site_ext	20.0	0.0	0.0
173	p0	1.0	0.0	0.0
173	protein1	945.0	20.0	1.45
173	protein2	951.0	22.0	1.181818
173	protein3	944.0	22.0	1.181818
173	r0	19.0	0.0	0.0
173	rnapol	0.0	0.0	0.0
174	__protein1_rbs	14.0	0.0	0.0
174	__protein2_rbs	20.0	0.0	0.0
174	__protein3_rbs	18.0	0.0	0.0
174	__ribosome	22.0	0.0	0.0
174	__rnase_site_ext	19.0	0.0	0.0
174	p0	1.0	0.0	0.0
174	protein1	953.0	19.0	1.473684
174	protein2	955.0	22.0	1.227273
174	protein3	953.0	22.0	1.045455
174	r0	18.0	0.0	0.0
174	rnapol	0.0	0.0	0.0
175	__protein1_rbs	14.0	0.0	0.0
175	__protein2_rbs	19.0	0.0	0.0
175	__protein3_rbs	21.0	0.0	0.0
175	__ribosome	20.0	0.0	0.0
175	__rnase_site_ext	19.0	0.0	0.0
175	p0	1.0	0.0	0.0
175	protein1	964.0	19.0	1.368421
175	protein2	962.0	22.0	1.136364
175	protein3	956.0	22.0	1.318182
175	r0	19.0	0.0	0.0
175	rnapol	1.0	0.0	0.0
176	__protein1_rbs	19.0	0.0	0.0
176	__protein2_rbs	14.0	0.0	0.0
176	__protein3_rbs	20.0	0.0	0.0
176	__ribosome	20.0	0.0	0.0
176	__rnase_site_ext	20.0	0.0	0.0
176	p0	0.0	0.0	0.0
176	protein1	970.0	20.0	1.15
176	protein2	969.0	21.0	1.333333
176	protein3	962.0	24.0	1.208333
176	r0	20.0	0.0	0.0
176	rnapol	0.0	0.0	0.0
177	__protein1_rbs	20.0	0.0	0.0
177	__protein2_rbs	17.0	0.0	0.0
177	__protein3_rbs	19.0	0.0	0.0
177	__ribosome	20.0	0.0	0.0
177	__rnase_site_ext	21.0	0.0	0.0
177	p0	1.0	0.0	0.0
177	protein1	977.0	21.0	1.047619
177	protein2	977.0	21.0	1.190476
177	protein3	967.0	24.0	1.375
177	r0	20.0	0.0	0.0
177	rnapol	0.0	0.0	0.0
178	__protein1_rbs	19.0	0.0	0.0
178	__protein2_rbs	18.0	0.0	0.0
178	__protein3_rbs	18.0	0.0	0.0
178	__ribosome	15.0	0.0	0.0
178	__rnase_site_ext	21.0	0.0	0.0
178	p0	1.0	0.0	0.0
178	protein1	987.0	21.0	0.952381
178	protein2	980.0	21.0	1.333333
178	protein3	973.0	24.0	1.541667
178	r0	20.0	0.0	0.0
178	rnapol	0.0	0.0	0.0
179	__protein1_rbs	18.0	0.0	0.0
179	__protein2_rbs	15.0	0.0	0.0
179	__protein3_rbs	19.0	0.0	0.0
179	__ribosome	16.0	0.0	0.0
179	__rnase_site_ext	20.0	0.0	0.0
179	p0	0.0	0.0	0.0
179	protein1	991.0	20.0	1.1
179	protein2	987.0	20.0	1.35
179	protein3	981.0	23.0	1.521739
179	r0	20.0	0.0	0.0
179	rnapol	0.0	0.0	0.0
180	__protein1_rbs	18.0	0.0	0.0
180	__protein2_rbs	14.0	0.0	0.0
180	__protein3_rbs	17.0	0.0	0.0
180	__ribosome	21.0	0.0	0.0
180	__rnase_site_ext	21.0	0.0	0.0
180	p0	1.0	0.0	0.0
180	protein1	997.0	20.0	0.95
180	protein2	997.0	20.0	1.25
180	protein3	987.0	22.0	1.590909
180	r0	21.0	0.0	0.0
180	rnapol	0.0	0.0	0.0
181	__protein1_rbs	14.0	0.0	0.0
181	__protein2_rbs	17.0	0.0	0.0
181	__protein3_rbs	19.0	0.0	0.0
181	__ribosome	20.0	0.0	0.0
181	__rnase_site_ext	20.0	0.0	0.0
181	p0	1.0	0.0	0.0
181	protein1	1005.0	21.0	0.952381
181	protein2	1002.0	21.0	1.333333
181	protein3	995.0	22.0	1.454545
181	r0	20.0	0.0	0.0
181	rnapol	0.0	0.0	0.0
182	__protein1_rbs	16.0	0.0	0.0
182	__protein2_rbs	17.0	0.0	0.0
182	__protein3_rbs	17.0	0.0	0.0
182	__ribosome	18.0	0.0	0.0
182	__rnase_site_ext	21.0	0.0	0.0
182	p0	1.0	0.0	0.0
182	protein1	1011.0	21.0	1.047619
182	protein2	1007.0	21.0	1.4285709999999998
182	protein3	1004.0	22.0	1.363636
182	r0	20.0	0.0	0.0
182	rnapol	0.0	0.0	0.0
183	__protein1_rbs	20.0	0.0	0.0
183	__protein2_rbs	18.0	0.0	0.0
183	__protein3_rbs	18.0	0.0	0.0
183	__ribosome	21.0	0.0	0.0
183	__rnase_site_ext	21.0	0.0	0.0
183	p0	1.0	0.0	0.0
183	protein1	1016.0	21.0	1.0
183	protein2	1012.0	22.0	1.409091
183	protein3	1013.0	23.0	1.173913
183	r0	21.0	0.0	0.0
183	rnapol	0.0	0.0	0.0
184	__protein1_rbs	16.0	0.0	0.0
184	__protein2_rbs	20.0	0.0	0.0
184	__protein3_rbs	18.0	0.0	0.0
184	__ribosome	16.0	0.0	0.0
184	__rnase_site_ext	20.0	0.0	0.0
184	p0	1.0	0.0	0.0
184	protein1	1021.0	20.0	1.1
184	protein2	1018.0	23.0	1.304348
184	protein3	1019.0	23.0	1.391304
184	r0	19.0	0.0	0.0
184	rnapol	0.0	0.0	0.0
185	__protein1_rbs	17.0	0.0	0.0
185	__protein2_rbs	16.0	0.0	0.0
185	__protein3_rbs	19.0	0.0	0.0
185	__ribosome	21.0	0.0	0.0
185	__rnase_site_ext	20.0	0.0	0.0
185	p0	1.0	0.0	0.0
185	protein1	1031.0	20.0	0.9
185	protein2	1030.0	22.0	1.227273
185	protein3	1025.0	23.0	1.478261
185	r0	20.0	0.0	0.0
185	rnapol	0.0	0.0	0.0
186	__protein1_rbs	17.0	0.0	0.0
186	__protein2_rbs	20.0	0.0	0.0
186	__protein3_rbs	19.0	0.0	0.0
186	__ribosome	20.0	0.0	0.0
186	__rnase_site_ext	20.0	0.0	0.0
186	p0	1.0	0.0	0.0
186	protein1	1037.0	20.0	0.95
186	protein2	1037.0	22.0	1.181818
186	protein3	1030.0	22.0	1.590909
186	r0	20.0	0.0	0.0
186	rnapol	0.0	0.0	0.0
187	__protein1_rbs	15.0	0.0	0.0
187	__protein2_rbs	19.0	0.0	0.0
187	__protein3_rbs	18.0	0.0	0.0
187	__ribosome	16.0	0.0	0.0
187	__rnase_site_ext	21.0	0.0	0.0
187	p0	1.0	0.0	0.0
187	protein1	1040.0	20.0	1.3
187	protein2	1043.0	22.0	1.090909
187	protein3	1039.0	22.0	1.545455
187	r0	20.0	0.0	0.0
187	rnapol	0.0	0.0	0.0
188	__protein1_rbs	17.0	0.0	0.0
188	__protein2_rbs	20.0	0.0	0.0
188	__protein3_rbs	19.0	0.0	0.0
188	__ribosome	17.0	0.0	0.0
188	__rnase_site_ext	22.0	0.0	0.0
188	p0	1.0	0.0	0.0
188	protein1	1047.0	22.0	1.272727
188	protein2	1047.0	21.0	1.047619
188	protein3	1046.0	23.0	1.434783
188	r0	21.0	0.0	0.0
188	rnapol	0.0	0.0	0.0
189	__protein1_rbs	17.0	0.0	0.0
189	__protein2_rbs	15.0	0.0	0.0
189	__protein3_rbs	19.0	0.0	0.0
189	__ribosome	18.0	0.0	0.0
189	__rnase_site_ext	22.0	0.0	0.0
189	p0	1.0	0.0	0.0
189	protein1	1055.0	22.0	1.318182
189	protein2	1054.0	21.0	1.142857
189	protein3	1054.0	23.0	1.2608700000000002
189	r0	21.0	0.0	0.0
189	rnapol	0.0	0.0	0.0
190	__protein1_rbs	18.0	0.0	0.0
190	__protein2_rbs	17.0	0.0	0.0
190	__protein3_rbs	19.0	0.0	0.0
190	__ribosome	21.0	0.0	0.0
190	__rnase_site_ext	22.0	0.0	0.0
190	p0	1.0	0.0	0.0
190	protein1	1062.0	22.0	1.272727
190	protein2	1061.0	20.0	1.1
190	protein3	1062.0	23.0	1.2608700000000002
190	r0	21.0	0.0	0.0
190	rnapol	0.0	0.0	0.0
191	__protein1_rbs	17.0	0.0	0.0
191	__protein2_rbs	14.0	0.0	0.0
191	__protein3_rbs	21.0	0.0	0.0
191	__ribosome	16.0	0.0	0.0
191	__rnase_site_ext	22.0	0.0	0.0
191	p0	1.0	0.0	0.0
191	protein1	1070.0	21.0	1.380952
191	protein2	1066.0	21.0	1.190476
191	protein3	1067.0	23.0	1.304348
191	r0	20.0	0.0	0.0
191	rnapol	1.0	0.0	0.0
192	__protein1_rbs	18.0	0.0	0.0
192	__protein2_rbs	20.0	0.0	0.0
192	__protein3_rbs	19.0	0.0	0.0
192	__ribosome	16.0	0.0	0.0
192	__rnase_site_ext	23.0	0.0	0.0
192	p0	1.0	0.0	0.0
192	protein1	1081.0	22.0	1.090909
192	protein2	1068.0	22.0	1.227273
192	protein3	1074.0	23.0	1.434783
192	r0	23.0	0.0	0.0
192	rnapol	0.0	0.0	0.0
193	__protein1_rbs	21.0	0.0	0.0
193	__protein2_rbs	15.0	0.0	0.0
193	__protein3_rbs	19.0	0.0	0.0
193	__ribosome	18.0	0.0	0.0
193	__rnase_site_ext	22.0	0.0	0.0
193	p0	1.0	0.0	0.0
193	protein1	1087.0	23.0	1.0
193	protein2	1075.0	22.0	1.363636
193	protein3	1081.0	22.0	1.318182
193	r0	21.0	0.0	0.0
193	rnapol	0.0	0.0	0.0
194	__protein1_rbs	20.0	0.0	0.0
194	__protein2_rbs	20.0	0.0	0.0
194	__protein3_rbs	16.0	0.0	0.0
194	__ribosome	16.0	0.0	0.0
194	__rnase_site_ext	22.0	0.0	0.0
194	p0	1.0	0.0	0.0
194	protein1	1098.0	23.0	1.0
194	protein2	1082.0	22.0	1.318182
194	protein3	1087.0	23.0	1.391304
194	r0	21.0	0.0	0.0
194	rnapol	0.0	0.0	0.0
195	__protein1_rbs	17.0	0.0	0.0
195	__protein2_rbs	19.0	0.0	0.0
195	__protein3_rbs	24.0	0.0	0.0
195	__ribosome	19.0	0.0	0.0
195	__rnase_site_ext	22.0	0.0	0.0
195	p0	1.0	0.0	0.0
195	protein1	1102.0	23.0	1.2608700000000002
195	protein2	1090.0	22.0	1.181818
195	protein3	1095.0	24.0	1.083333
195	r0	21.0	0.0	0.0
195	rnapol	0.0	0.0	0.0
196	__protein1_rbs	20.0	0.0	0.0
196	__protein2_rbs	22.0	0.0	0.0
196	__protein3_rbs	18.0	0.0	0.0
196	__ribosome	19.0	0.0	0.0
196	__rnase_site_ext	22.0	0.0	0.0
196	p0	1.0	0.0	0.0
196	protein1	1109.0	22.0	1.181818
196	protein2	1095.0	24.0	1.125
196	protein3	1103.0	23.0	1.217391
196	r0	20.0	0.0	0.0
196	rnapol	0.0	0.0	0.0
197	__protein1_rbs	15.0	0.0	0.0
197	__protein2_rbs	20.0	0.0	0.0
197	__protein3_rbs	18.0	0.0	0.0
197	__ribosome	18.0	0.0	0.0
197	__rnase_site_ext	21.0	0.0	0.0
197	p0	1.0	0.0	0.0
197	protein1	1121.0	21.0	1.047619
197	protein2	1104.0	24.0	1.125
197	protein3	1107.0	22.0	1.5
197	r0	20.0	0.0	0.0
197	rnapol	1.0	0.0	0.0
198	__protein1_rbs	18.0	0.0	0.0
198	__protein2_rbs	19.0	0.0	0.0
198	__protein3_rbs	19.0	0.0	0.0
198	__ribosome	15.0	0.0	0.0
198	__rnase_site_ext	21.0	0.0	0.0
198	p0	0.0	0.0	0.0
198	protein1	1128.0	21.0	1.095238
198	protein2	1110.0	23.0	1.130435
198	protein3	1113.0	22.0	1.636364
198	r0	20.0	0.0	0.0
198	rnapol	0.0	0.0	0.0
199	__protein1_rbs	18.0	0.0	0.0
199	__protein2_rbs	20.0	0.0	0.0
199	__protein3_rbs	19.0	0.0	0.0
199	__ribosome	15.0	0.0	0.0
199	__rnase_site_ext	23.0	0.0	0.0
199	p0	1.0	0.0	0.0
199	protein1	1133.0	22.0	1.045455
199	protein2	1115.0	23.0	1.086957
199	protein3	1121.0	22.0	1.681818
199	r0	22.0	0.0	0.0
199	rnapol	0.0	0.0	0.0
200	__protein1_rbs	20.0	0.0	0.0
200	__protein2_rbs	18.0	0.0	0.0
200	__protein3_rbs	18.0	0.0	0.0
200	__ribosome	17.0	0.0	0.0
200	__rnase_site_ext	23.0	0.0	0.0
200	p0	1.0	0.0	0.0
200	protein1	1140.0	23.0	0.8695649999999999
200	protein2	1122.0	23.0	1.086957
200	protein3	1125.0	23.0	1.6521740000000005
200	r0	22.0	0.0	0.0
200	rnapol	0.0	0.0	0.0
201	__protein1_rbs	18.0	0.0	0.0
201	__protein2_rbs	19.0	0.0	0.0
201	__protein3_rbs	18.0	0.0	0.0
201	__ribosome	22.0	0.0	0.0
201	__rnase_site_ext	20.0	0.0	0.0
201	p0	1.0	0.0	0.0
201	protein1	1147.0	21.0	0.857143
201	protein2	1131.0	23.0	1.043478
201	protein3	1138.0	24.0	1.5
201	r0	20.0	0.0	0.0
201	rnapol	0.0	0.0	0.0
202	__protein1_rbs	17.0	0.0	0.0
202	__protein2_rbs	19.0	0.0	0.0
202	__protein3_rbs	22.0	0.0	0.0
202	__ribosome	18.0	0.0	0.0
202	__rnase_site_ext	20.0	0.0	0.0
202	p0	1.0	0.0	0.0
202	protein1	1153.0	20.0	1.1
202	protein2	1134.0	23.0	1.2608700000000002
202	protein3	1149.0	24.0	1.291667
202	r0	19.0	0.0	0.0
202	rnapol	0.0	0.0	0.0
203	__protein1_rbs	17.0	0.0	0.0
203	__protein2_rbs	22.0	0.0	0.0
203	__protein3_rbs	21.0	0.0	0.0
203	__ribosome	19.0	0.0	0.0
203	__rnase_site_ext	19.0	0.0	0.0
203	p0	1.0	0.0	0.0
203	protein1	1159.0	20.0	1.1
203	protein2	1140.0	24.0	1.208333
203	protein3	1155.0	24.0	1.25
203	r0	19.0	0.0	0.0
203	rnapol	1.0	0.0	0.0
204	__protein1_rbs	17.0	0.0	0.0
204	__protein2_rbs	18.0	0.0	0.0
204	__protein3_rbs	19.0	0.0	0.0
204	__ribosome	11.0	0.0	0.0
204	__rnase_site_ext	18.0	0.0	0.0
204	p0	0.0	0.0	0.0
204	protein1	1163.0	19.0	1.157895
204	protein2	1144.0	23.0	1.391304
204	protein3	1159.0	24.0	1.458333
204	r0	17.0	0.0	0.0
204	rnapol	0.0	0.0	0.0
205	__protein1_rbs	17.0	0.0	0.0
205	__protein2_rbs	16.0	0.0	0.0
205	__protein3_rbs	19.0	0.0	0.0
205	__ribosome	18.0	0.0	0.0
205	__rnase_site_ext	21.0	0.0	0.0
205	p0	1.0	0.0	0.0
205	protein1	1172.0	20.0	0.8
205	protein2	1154.0	23.0	1.434783
205	protein3	1170.0	24.0	1.375
205	r0	20.0	0.0	0.0
205	rnapol	0.0	0.0	0.0
206	__protein1_rbs	17.0	0.0	0.0
206	__protein2_rbs	21.0	0.0	0.0
206	__protein3_rbs	20.0	0.0	0.0
206	__ribosome	17.0	0.0	0.0
206	__rnase_site_ext	21.0	0.0	0.0
206	p0	1.0	0.0	0.0
206	protein1	1180.0	21.0	0.761905
206	protein2	1159.0	23.0	1.521739
206	protein3	1177.0	24.0	1.333333
206	r0	18.0	0.0	0.0
206	rnapol	0.0	0.0	0.0
207	__protein1_rbs	18.0	0.0	0.0
207	__protein2_rbs	18.0	0.0	0.0
207	__protein3_rbs	21.0	0.0	0.0
207	__ribosome	17.0	0.0	0.0
207	__rnase_site_ext	20.0	0.0	0.0
207	p0	1.0	0.0	0.0
207	protein1	1183.0	21.0	0.857143
207	protein2	1169.0	22.0	1.409091
207	protein3	1182.0	25.0	1.36
207	r0	19.0	0.0	0.0
207	rnapol	0.0	0.0	0.0
208	__protein1_rbs	17.0	0.0	0.0
208	__protein2_rbs	16.0	0.0	0.0
208	__protein3_rbs	23.0	0.0	0.0
208	__ribosome	15.0	0.0	0.0
208	__rnase_site_ext	21.0	0.0	0.0
208	p0	1.0	0.0	0.0
208	protein1	1187.0	21.0	0.952381
208	protein2	1175.0	20.0	1.65
208	protein3	1189.0	25.0	1.28
208	r0	21.0	0.0	0.0
208	rnapol	0.0	0.0	0.0
209	__protein1_rbs	13.0	0.0	0.0
209	__protein2_rbs	20.0	0.0	0.0
209	__protein3_rbs	23.0	0.0	0.0
209	__ribosome	22.0	0.0	0.0
209	__rnase_site_ext	21.0	0.0	0.0
209	p0	1.0	0.0	0.0
209	protein1	1195.0	20.0	0.95
209	protein2	1184.0	22.0	1.272727
209	protein3	1198.0	25.0	1.24
209	r0	18.0	0.0	0.0
209	rnapol	0.0	0.0	0.0
210	__protein1_rbs	16.0	0.0	0.0
210	__protein2_rbs	16.0	0.0	0.0
210	__protein3_rbs	17.0	0.0	0.0
210	__ribosome	17.0	0.0	0.0
210	__rnase_site_ext	20.0	0.0	0.0
210	p0	1.0	0.0	0.0
210	protein1	1199.0	21.0	1.0
210	protein2	1192.0	21.0	1.380952
210	protein3	1209.0	25.0	1.32
210	r0	18.0	0.0	0.0
210	rnapol	1.0	0.0	0.0
211	__protein1_rbs	21.0	0.0	0.0
211	__protein2_rbs	17.0	0.0	0.0
211	__protein3_rbs	21.0	0.0	0.0
211	__ribosome	23.0	0.0	0.0
211	__rnase_site_ext	22.0	0.0	0.0
211	p0	1.0	0.0	0.0
211	protein1	1203.0	22.0	0.8636360000000001
211	protein2	1200.0	21.0	1.190476
211	protein3	1213.0	24.0	1.375
211	r0	22.0	0.0	0.0
211	rnapol	0.0	0.0	0.0
212	__protein1_rbs	18.0	0.0	0.0
212	__protein2_rbs	17.0	0.0	0.0
212	__protein3_rbs	18.0	0.0	0.0
212	__ribosome	18.0	0.0	0.0
212	__rnase_site_ext	22.0	0.0	0.0
212	p0	1.0	0.0	0.0
212	protein1	1209.0	22.0	0.954545
212	protein2	1206.0	21.0	1.333333
212	protein3	1220.0	23.0	1.434783
212	r0	22.0	0.0	0.0
212	rnapol	0.0	0.0	0.0
213	__protein1_rbs	19.0	0.0	0.0
213	__protein2_rbs	18.0	0.0	0.0
213	__protein3_rbs	17.0	0.0	0.0
213	__ribosome	14.0	0.0	0.0
213	__rnase_site_ext	21.0	0.0	0.0
213	p0	1.0	0.0	0.0
213	protein1	1216.0	22.0	0.954545
213	protein2	1212.0	22.0	1.227273
213	protein3	1224.0	24.0	1.583333
213	r0	21.0	0.0	0.0
213	rnapol	0.0	0.0	0.0
214	__protein1_rbs	19.0	0.0	0.0
214	__protein2_rbs	18.0	0.0	0.0
214	__protein3_rbs	21.0	0.0	0.0
214	__ribosome	16.0	0.0	0.0
214	__rnase_site_ext	22.0	0.0	0.0
214	p0	1.0	0.0	0.0
214	protein1	1221.0	22.0	1.0
214	protein2	1217.0	22.0	1.181818
214	protein3	1233.0	25.0	1.44
214	r0	21.0	0.0	0.0
214	rnapol	0.0	0.0	0.0
215	__protein1_rbs	18.0	0.0	0.0
215	__protein2_rbs	16.0	0.0	0.0
215	__protein3_rbs	22.0	0.0	0.0
215	__ribosome	17.0	0.0	0.0
215	__rnase_site_ext	22.0	0.0	0.0
215	p0	1.0	0.0	0.0
215	protein1	1228.0	22.0	1.045455
215	protein2	1224.0	22.0	1.181818
215	protein3	1241.0	25.0	1.36
215	r0	21.0	0.0	0.0
215	rnapol	0.0	0.0	0.0
216	__protein1_rbs	19.0	0.0	0.0
216	__protein2_rbs	17.0	0.0	0.0
216	__protein3_rbs	17.0	0.0	0.0
216	__ribosome	20.0	0.0	0.0
216	__rnase_site_ext	22.0	0.0	0.0
216	p0	1.0	0.0	0.0
216	protein1	1235.0	22.0	0.909091
216	protein2	1232.0	22.0	1.181818
216	protein3	1249.0	21.0	1.619048
216	r0	21.0	0.0	0.0
216	rnapol	1.0	0.0	0.0
217	__protein1_rbs	14.0	0.0	0.0
217	__protein2_rbs	18.0	0.0	0.0
217	__protein3_rbs	20.0	0.0	0.0
217	__ribosome	13.0	0.0	0.0
217	__rnase_site_ext	21.0	0.0	0.0
217	p0	1.0	0.0	0.0
217	protein1	1240.0	21.0	1.142857
217	protein2	1237.0	22.0	1.272727
217	protein3	1255.0	22.0	1.590909
217	r0	20.0	0.0	0.0
217	rnapol	2.0	0.0	0.0
218	__protein1_rbs	17.0	0.0	0.0
218	__protein2_rbs	18.0	0.0	0.0
218	__protein3_rbs	19.0	0.0	0.0
218	__ribosome	15.0	0.0	0.0
218	__rnase_site_ext	22.0	0.0	0.0
218	p0	1.0	0.0	0.0
218	protein1	1247.0	21.0	1.047619
218	protein2	1239.0	22.0	1.636364
218	protein3	1268.0	22.0	1.227273
218	r0	22.0	0.0	0.0
218	rnapol	0.0	0.0	0.0
219	__protein1_rbs	20.0	0.0	0.0
219	__protein2_rbs	18.0	0.0	0.0
219	__protein3_rbs	22.0	0.0	0.0
219	__ribosome	22.0	0.0	0.0
219	__rnase_site_ext	22.0	0.0	0.0
219	p0	1.0	0.0	0.0
219	protein1	1254.0	22.0	1.045455
219	protein2	1251.0	22.0	1.318182
219	protein3	1273.0	23.0	1.130435
219	r0	21.0	0.0	0.0
219	rnapol	0.0	0.0	0.0
220	__protein1_rbs	19.0	0.0	0.0
220	__protein2_rbs	17.0	0.0	0.0
220	__protein3_rbs	19.0	0.0	0.0
220	__ribosome	22.0	0.0	0.0
220	__rnase_site_ext	21.0	0.0	0.0
220	p0	1.0	0.0	0.0
220	protein1	1259.0	21.0	1.095238
220	protein2	1257.0	22.0	1.5
220	protein3	1284.0	23.0	0.956522
220	r0	20.0	0.0	0.0
220	rnapol	0.0	0.0	0.0
221	__protein1_rbs	15.0	0.0	0.0
221	__protein2_rbs	20.0	0.0	0.0
221	__protein3_rbs	20.0	0.0	0.0
221	__ribosome	16.0	0.0	0.0
221	__rnase_site_ext	20.0	0.0	0.0
221	p0	0.0	0.0	0.0
221	protein1	1266.0	20.0	1.4
221	protein2	1263.0	22.0	1.590909
221	protein3	1289.0	23.0	0.913043
221	r0	19.0	0.0	0.0
221	rnapol	0.0	0.0	0.0
222	__protein1_rbs	19.0	0.0	0.0
222	__protein2_rbs	20.0	0.0	0.0
222	__protein3_rbs	17.0	0.0	0.0
222	__ribosome	17.0	0.0	0.0
222	__rnase_site_ext	21.0	0.0	0.0
222	p0	1.0	0.0	0.0
222	protein1	1273.0	21.0	1.2380950000000002
222	protein2	1273.0	23.0	1.304348
222	protein3	1293.0	23.0	1.173913
222	r0	20.0	0.0	0.0
222	rnapol	1.0	0.0	0.0
223	__protein1_rbs	18.0	0.0	0.0
223	__protein2_rbs	20.0	0.0	0.0
223	__protein3_rbs	22.0	0.0	0.0
223	__ribosome	15.0	0.0	0.0
223	__rnase_site_ext	21.0	0.0	0.0
223	p0	0.0	0.0	0.0
223	protein1	1280.0	21.0	1.285714
223	protein2	1278.0	23.0	1.304348
223	protein3	1297.0	23.0	1.217391
223	r0	21.0	0.0	0.0
223	rnapol	0.0	0.0	0.0
224	__protein1_rbs	19.0	0.0	0.0
224	__protein2_rbs	22.0	0.0	0.0
224	__protein3_rbs	20.0	0.0	0.0
224	__ribosome	27.0	0.0	0.0
224	__rnase_site_ext	22.0	0.0	0.0
224	p0	1.0	0.0	0.0
224	protein1	1291.0	22.0	0.954545
224	protein2	1288.0	23.0	1.173913
224	protein3	1304.0	22.0	1.136364
224	r0	22.0	0.0	0.0
224	rnapol	0.0	0.0	0.0
225	__protein1_rbs	12.0	0.0	0.0
225	__protein2_rbs	17.0	0.0	0.0
225	__protein3_rbs	18.0	0.0	0.0
225	__ribosome	15.0	0.0	0.0
225	__rnase_site_ext	19.0	0.0	0.0
225	p0	1.0	0.0	0.0
225	protein1	1299.0	21.0	1.2380950000000002
225	protein2	1296.0	23.0	1.2608700000000002
225	protein3	1307.0	22.0	1.363636
225	r0	19.0	0.0	0.0
225	rnapol	0.0	0.0	0.0
226	__protein1_rbs	16.0	0.0	0.0
226	__protein2_rbs	20.0	0.0	0.0
226	__protein3_rbs	21.0	0.0	0.0
226	__ribosome	16.0	0.0	0.0
226	__rnase_site_ext	21.0	0.0	0.0
226	p0	1.0	0.0	0.0
226	protein1	1304.0	21.0	1.285714
226	protein2	1303.0	24.0	1.291667
226	protein3	1315.0	23.0	1.130435
226	r0	19.0	0.0	0.0
226	rnapol	0.0	0.0	0.0
227	__protein1_rbs	15.0	0.0	0.0
227	__protein2_rbs	19.0	0.0	0.0
227	__protein3_rbs	18.0	0.0	0.0
227	__ribosome	15.0	0.0	0.0
227	__rnase_site_ext	21.0	0.0	0.0
227	p0	1.0	0.0	0.0
227	protein1	1311.0	21.0	1.380952
227	protein2	1309.0	23.0	1.391304
227	protein3	1325.0	24.0	1.0
227	r0	20.0	0.0	0.0
227	rnapol	0.0	0.0	0.0
228	__protein1_rbs	17.0	0.0	0.0
228	__protein2_rbs	21.0	0.0	0.0
228	__protein3_rbs	18.0	0.0	0.0
228	__ribosome	19.0	0.0	0.0
228	__rnase_site_ext	21.0	0.0	0.0
228	p0	1.0	0.0	0.0
228	protein1	1323.0	21.0	1.095238
228	protein2	1315.0	22.0	1.363636
228	protein3	1328.0	24.0	1.166667
228	r0	20.0	0.0	0.0
228	rnapol	0.0	0.0	0.0
229	__protein1_rbs	17.0	0.0	0.0
229	__protein2_rbs	17.0	0.0	0.0
229	__protein3_rbs	22.0	0.0	0.0
229	__ribosome	18.0	0.0	0.0
229	__rnase_site_ext	21.0	0.0	0.0
229	p0	1.0	0.0	0.0
229	protein1	1327.0	21.0	1.2380950000000002
229	protein2	1322.0	22.0	1.409091
229	protein3	1334.0	24.0	1.041667
229	r0	20.0	0.0	0.0
229	rnapol	1.0	0.0	0.0
230	__protein1_rbs	19.0	0.0	0.0
230	__protein2_rbs	18.0	0.0	0.0
230	__protein3_rbs	22.0	0.0	0.0
230	__ribosome	20.0	0.0	0.0
230	__rnase_site_ext	22.0	0.0	0.0
230	p0	1.0	0.0	0.0
230	protein1	1336.0	21.0	0.952381
230	protein2	1331.0	22.0	1.409091
230	protein3	1339.0	25.0	1.16
230	r0	22.0	0.0	0.0
230	rnapol	1.0	0.0	0.0
231	__protein1_rbs	17.0	0.0	0.0
231	__protein2_rbs	15.0	0.0	0.0
231	__protein3_rbs	22.0	0.0	0.0
231	__ribosome	20.0	0.0	0.0
231	__rnase_site_ext	20.0	0.0	0.0
231	p0	1.0	0.0	0.0
231	protein1	1344.0	20.0	1.0
231	protein2	1340.0	22.0	1.5
231	protein3	1345.0	25.0	1.08
231	r0	19.0	0.0	0.0
231	rnapol	1.0	0.0	0.0
232	__protein1_rbs	21.0	0.0	0.0
232	__protein2_rbs	19.0	0.0	0.0
232	__protein3_rbs	21.0	0.0	0.0
232	__ribosome	24.0	0.0	0.0
232	__rnase_site_ext	21.0	0.0	0.0
232	p0	1.0	0.0	0.0
232	protein1	1350.0	21.0	0.714286
232	protein2	1345.0	21.0	1.52381
232	protein3	1352.0	25.0	1.16
232	r0	21.0	0.0	0.0
232	rnapol	0.0	0.0	0.0
233	__protein1_rbs	20.0	0.0	0.0
233	__protein2_rbs	16.0	0.0	0.0
233	__protein3_rbs	23.0	0.0	0.0
233	__ribosome	17.0	0.0	0.0
233	__rnase_site_ext	21.0	0.0	0.0
233	p0	1.0	0.0	0.0
233	protein1	1353.0	21.0	0.761905
233	protein2	1350.0	21.0	1.809524
233	protein3	1358.0	25.0	1.16
233	r0	21.0	0.0	0.0
233	rnapol	1.0	0.0	0.0
234	__protein1_rbs	14.0	0.0	0.0
234	__protein2_rbs	19.0	0.0	0.0
234	__protein3_rbs	21.0	0.0	0.0
234	__ribosome	14.0	0.0	0.0
234	__rnase_site_ext	22.0	0.0	0.0
234	p0	0.0	0.0	0.0
234	protein1	1360.0	22.0	0.818182
234	protein2	1358.0	22.0	1.727273
234	protein3	1365.0	25.0	1.2
234	r0	19.0	0.0	0.0
234	rnapol	0.0	0.0	0.0
235	__protein1_rbs	21.0	0.0	0.0
235	__protein2_rbs	20.0	0.0	0.0
235	__protein3_rbs	19.0	0.0	0.0
235	__ribosome	15.0	0.0	0.0
235	__rnase_site_ext	23.0	0.0	0.0
235	p0	1.0	0.0	0.0
235	protein1	1365.0	23.0	1.0
235	protein2	1372.0	23.0	1.304348
235	protein3	1370.0	23.0	1.391304
235	r0	22.0	0.0	0.0
235	rnapol	0.0	0.0	0.0
236	__protein1_rbs	19.0	0.0	0.0
236	__protein2_rbs	18.0	0.0	0.0
236	__protein3_rbs	23.0	0.0	0.0
236	__ribosome	12.0	0.0	0.0
236	__rnase_site_ext	23.0	0.0	0.0
236	p0	1.0	0.0	0.0
236	protein1	1368.0	23.0	1.173913
236	protein2	1378.0	22.0	1.409091
236	protein3	1378.0	23.0	1.304348
236	r0	23.0	0.0	0.0
236	rnapol	0.0	0.0	0.0
237	__protein1_rbs	20.0	0.0	0.0
237	__protein2_rbs	20.0	0.0	0.0
237	__protein3_rbs	17.0	0.0	0.0
237	__ribosome	16.0	0.0	0.0
237	__rnase_site_ext	23.0	0.0	0.0
237	p0	1.0	0.0	0.0
237	protein1	1373.0	23.0	1.173913
237	protein2	1388.0	22.0	1.136364
237	protein3	1382.0	22.0	1.454545
237	r0	23.0	0.0	0.0
237	rnapol	0.0	0.0	0.0
238	__protein1_rbs	17.0	0.0	0.0
238	__protein2_rbs	18.0	0.0	0.0
238	__protein3_rbs	19.0	0.0	0.0
238	__ribosome	26.0	0.0	0.0
238	__rnase_site_ext	22.0	0.0	0.0
238	p0	1.0	0.0	0.0
238	protein1	1387.0	23.0	0.913043
238	protein2	1395.0	22.0	1.045455
238	protein3	1390.0	22.0	1.363636
238	r0	22.0	0.0	0.0
238	rnapol	0.0	0.0	0.0
239	__protein1_rbs	17.0	0.0	0.0
239	__protein2_rbs	12.0	0.0	0.0
239	__protein3_rbs	17.0	0.0	0.0
239	__ribosome	11.0	0.0	0.0
239	__rnase_site_ext	22.0	0.0	0.0
239	p0	1.0	0.0	0.0
239	protein1	1393.0	22.0	0.954545
239	protein2	1399.0	23.0	1.478261
239	protein3	1395.0	22.0	1.545455
239	r0	21.0	0.0	0.0
239	rnapol	0.0	0.0	0.0
240	__protein1_rbs	19.0	0.0	0.0
240	__protein2_rbs	20.0	0.0	0.0
240	__protein3_rbs	20.0	0.0	0.0
240	__ribosome	15.0	0.0	0.0
240	__rnase_site_ext	22.0	0.0	0.0
240	p0	1.0	0.0	0.0
240	protein1	1397.0	22.0	1.045455
240	protein2	1406.0	23.0	1.391304
240	protein3	1406.0	23.0	1.304348
240	r0	22.0	0.0	0.0
240	rnapol	0.0	0.0	0.0
