time	species	protein	transcript	ribo_density
0	__protein1_rbs	0.0	0.0	0.0
0	__protein2_rbs	0.0	0.0	0.0
0	__protein3_rbs	0.0	0.0	0.0
0	__ribosome	100.0	0.0	0.0
0	__rnase_site_ext	0.0	0.0	0.0
0	p0	1.0	0.0	0.0
0	p2	1.0	0.0	0.0
0	rnapol	4.0	0.0	0.0
1	__protein1_rbs	0.0	0.0	0.0
1	__protein2_rbs	0.0	0.0	0.0
1	__protein3_rbs	0.0	0.0	0.0
1	__ribosome	100.0	0.0	0.0
1	__rnase_site_ext	0.95	0.0	0.0
1	p0	0.3	0.0	0.0
1	p2	1.0	0.0	0.0
1	rnapol	2.9	0.0	0.0
2	__protein1_rbs	0.45	0.0	0.0
2	__protein2_rbs	0.0	0.0	0.0
2	__protein3_rbs	0.0	0.0	0.0
2	__ribosome	99.75	0.0	0.0
2	__rnase_site_ext	1.75	0.0	0.0
2	p0	0.45	0.0	0.0
2	p2	0.9	0.0	0.0
2	protein1	0.0	0.7	0.25
2	rnapol	2.05	0.0	0.0
3	__protein1_rbs	0.75	0.0	0.0
3	__protein2_rbs	0.0	0.0	0.0
3	__protein3_rbs	0.0	0.0	0.0
3	__ribosome	99.0	0.0	0.0
3	__rnase_site_ext	2.45	0.0	0.0
3	p0	0.45	0.0	0.0
3	p2	1.0	0.0	0.0
3	protein1	0.0	1.55	0.675
3	rnapol	1.5	0.0	0.0
4	__protein1_rbs	0.7	0.0	0.0
4	__protein2_rbs	0.0	0.0	0.0
4	__protein3_rbs	0.0	0.0	0.0
4	__ribosome	97.75	0.0	0.0
4	__rnase_site_ext	3.05	0.0	0.0
4	p0	0.45	0.0	0.0
4	p2	0.95	0.0	0.0
4	protein1	0.0	1.95	1.125
4	rnapol	0.75	0.0	0.0
5	__protein1_rbs	0.9	0.0	0.0
5	__protein2_rbs	0.0	0.0	0.0
5	__protein3_rbs	0.0	0.0	0.0
5	__ribosome	96.1	0.0	0.0
5	__rnase_site_ext	3.55	0.0	0.0
5	p0	0.8	0.0	0.0
5	p2	1.0	0.0	0.0
5	protein1	0.0	2.55	1.4666666000000002
5	protein3	0.0	0.05	0.05
5	rnapol	0.45	0.0	0.0
6	__protein1_rbs	1.05	0.0	0.0
6	__protein2_rbs	0.0	0.0	0.0
6	__protein3_rbs	0.0	0.0	0.0
6	__ribosome	93.95	0.0	0.0
6	__rnase_site_ext	3.8	0.0	0.0
6	p0	0.9	0.0	0.0
6	p2	1.0	0.0	0.0
6	protein1	0.0	3.15	1.85000005
6	protein3	0.0	0.15	0.2
6	rnapol	0.25	0.0	0.0
7	__protein1_rbs	1.4	0.0	0.0
7	__protein2_rbs	0.0	0.0	0.0
7	__protein3_rbs	0.2	0.0	0.0
7	__ribosome	92.35	0.0	0.0
7	__rnase_site_ext	3.95	0.0	0.0
7	p0	0.9	0.0	0.0
7	p2	1.0	0.0	0.0
7	protein1	0.25	3.35	2.21249995
7	protein3	0.0	0.2	0.2
7	rnapol	0.15	0.0	0.0
8	__protein1_rbs	0.9	0.0	0.0
8	__protein2_rbs	0.0	0.0	0.0
8	__protein3_rbs	0.1	0.0	0.0
8	__ribosome	90.25	0.0	0.0
8	__rnase_site_ext	4.05	0.0	0.0
8	p0	0.9	0.0	0.0
8	p2	1.0	0.0	0.0
8	protein1	0.85	3.55	2.6041667
8	protein3	0.0	0.25	0.35
8	rnapol	0.05	0.0	0.0
9	__protein1_rbs	1.2	0.0	0.0
9	__protein2_rbs	0.15	0.0	0.0
9	__protein3_rbs	0.05	0.0	0.0
9	__ribosome	89.05	0.0	0.0
9	__rnase_site_ext	4.1	0.0	0.0
9	p0	0.95	0.0	0.0
9	p2	1.0	0.0	0.0
9	protein1	2.25	3.65	2.8208332500000006
9	protein2	0.0	0.25	0.1
9	protein3	0.05	0.25	0.5
9	rnapol	0.0	0.0	0.0
10	__protein1_rbs	1.55	0.0	0.0
10	__protein2_rbs	0.25	0.0	0.0
10	__protein3_rbs	0.25	0.0	0.0
10	__ribosome	88.05	0.0	0.0
10	__rnase_site_ext	3.95	0.0	0.0
10	p0	0.95	0.0	0.0
10	p2	1.0	0.0	0.0
10	protein1	3.75	3.6	2.99583335
10	protein2	0.0	0.8	0.65
10	protein3	0.05	0.25	0.5
10	rnapol	0.0	0.0	0.0
11	__protein1_rbs	1.4	0.0	0.0
11	__protein2_rbs	0.4	0.0	0.0
11	__protein3_rbs	0.1	0.0	0.0
11	__ribosome	86.8	0.0	0.0
11	__rnase_site_ext	4.0	0.0	0.0
11	p0	1.0	0.0	0.0
11	p2	1.0	0.0	0.0
11	protein1	5.65	3.55	3.09583335
11	protein2	0.0	1.5	1.225
11	protein3	0.2	0.25	0.55
11	rnapol	0.05	0.0	0.0
12	__protein1_rbs	0.75	0.0	0.0
12	__protein2_rbs	1.1	0.0	0.0
12	__protein3_rbs	0.05	0.0	0.0
12	__ribosome	84.5	0.0	0.0
12	__rnase_site_ext	4.0	0.0	0.0
12	p0	0.9	0.0	0.0
12	p2	1.0	0.0	0.0
12	protein1	7.5	3.6	3.304166700000001
12	protein2	0.0	2.3	1.29166665
12	protein3	0.25	0.25	0.7
12	rnapol	0.05	0.0	0.0
13	__protein1_rbs	1.0	0.0	0.0
13	__protein2_rbs	1.05	0.0	0.0
13	__protein3_rbs	0.1	0.0	0.0
13	__ribosome	82.9	0.0	0.0
13	__rnase_site_ext	4.1	0.0	0.0
13	p0	0.95	0.0	0.0
13	p2	1.0	0.0	0.0
13	protein1	9.75	3.55	3.3375
13	protein2	0.0	2.75	1.7250000499999998
13	protein3	0.45	0.25	0.65
13	rnapol	0.05	0.0	0.0
14	__protein1_rbs	1.5	0.0	0.0
14	__protein2_rbs	1.6	0.0	0.0
14	__protein3_rbs	0.05	0.0	0.0
14	__ribosome	81.8	0.0	0.0
14	__rnase_site_ext	4.15	0.0	0.0
14	p0	0.95	0.0	0.0
14	p2	0.75	0.0	0.0
14	protein1	12.3	3.65	3.14583335
14	protein2	0.15	3.25	1.9125
14	protein3	0.55	0.25	0.75
14	rnapol	0.0	0.0	0.0
15	__protein1_rbs	1.5	0.0	0.0
15	__protein2_rbs	0.95	0.0	0.0
15	__protein3_rbs	0.05	0.0	0.0
15	__ribosome	79.3	0.0	0.0
15	__rnase_site_ext	4.1	0.0	0.0
15	p0	1.0	0.0	0.0
15	p2	0.35	0.0	0.0
15	protein1	14.05	3.75	3.14583335
15	protein2	0.6	3.45	2.34583325
15	protein3	0.55	0.25	0.95
15	rnapol	0.2	0.0	0.0
16	__protein1_rbs	1.2	0.0	0.0
16	__protein2_rbs	1.3	0.0	0.0
16	__protein3_rbs	0.05	0.0	0.0
16	__ribosome	77.5	0.0	0.0
16	__rnase_site_ext	4.2	0.0	0.0
16	p0	0.9	0.0	0.0
16	p2	0.2	0.0	0.0
16	protein1	16.15	3.75	3.2791666000000013
16	protein2	1.45	3.6	2.5666667000000003
16	protein3	0.75	0.25	0.9
16	rnapol	0.5	0.0	0.0
17	__protein1_rbs	1.5	0.0	0.0
17	__protein2_rbs	1.35	0.0	0.0
17	__protein3_rbs	0.1	0.0	0.0
17	__ribosome	76.65	0.0	0.0
17	__rnase_site_ext	4.35	0.0	0.0
17	p0	0.65	0.0	0.0
17	p2	0.3	0.0	0.0
17	protein1	18.75	3.85	3.1133333000000003
17	protein2	2.6	3.65	2.9041667
17	protein3	0.85	0.25	0.9
17	rnapol	0.65	0.0	0.0
18	__protein1_rbs	1.45	0.0	0.0
18	__protein2_rbs	1.6	0.0	0.0
18	__protein3_rbs	0.05	0.0	0.0
18	__ribosome	76.35	0.0	0.0
18	__rnase_site_ext	4.7	0.0	0.0
18	p0	0.7	0.0	0.0
18	p2	0.35	0.0	0.0
18	protein1	21.0	3.8	3.1625
18	protein2	4.35	3.7	2.94583335
18	protein3	1.05	0.25	0.9
18	rnapol	0.65	0.0	0.0
19	__protein1_rbs	1.1	0.0	0.0
19	__protein2_rbs	1.3	0.0	0.0
19	__protein3_rbs	0.2	0.0	0.0
19	__ribosome	75.2	0.0	0.0
19	__rnase_site_ext	5.2	0.0	0.0
19	p0	0.45	0.0	0.0
19	p2	0.2	0.0	0.0
19	protein1	23.3	4.25	2.96083335
19	protein2	6.0	3.75	3.06666665
19	protein3	1.25	0.45	inf
19	rnapol	0.45	0.0	0.0
20	__protein1_rbs	1.95	0.0	0.0
20	__protein2_rbs	1.1	0.0	0.0
20	__protein3_rbs	0.15	0.0	0.0
20	__ribosome	74.25	0.0	0.0
20	__rnase_site_ext	5.5	0.0	0.0
20	p0	0.7	0.0	0.0
20	p2	0.6	0.0	0.0
20	protein1	25.75	4.6	2.7616666500000004
20	protein2	7.95	3.75	3.23333335
20	protein3	1.35	0.55	inf
20	rnapol	0.75	0.0	0.0
21	__protein1_rbs	1.65	0.0	0.0
21	__protein2_rbs	1.9	0.0	0.0
21	__protein3_rbs	0.35	0.0	0.0
21	__ribosome	73.65	0.0	0.0
21	__rnase_site_ext	5.85	0.0	0.0
21	p0	0.6	0.0	0.0
21	p2	0.7	0.0	0.0
21	protein1	27.65	4.95	2.8358333
21	protein2	10.65	3.8	2.99583335
21	protein3	1.55	0.65	inf
21	rnapol	0.5	0.0	0.0
22	__protein1_rbs	1.8	0.0	0.0
22	__protein2_rbs	1.7	0.0	0.0
22	__protein3_rbs	0.25	0.0	0.0
22	__ribosome	72.1	0.0	0.0
22	__rnase_site_ext	6.0	0.0	0.0
22	p0	0.8	0.0	0.0
22	p2	0.85	0.0	0.0
22	protein1	30.0	5.25	2.8488095
22	protein2	12.6	3.9	2.9458333
22	protein3	1.75	0.85	inf
22	rnapol	0.3	0.0	0.0
23	__protein1_rbs	2.25	0.0	0.0
23	__protein2_rbs	1.95	0.0	0.0
23	__protein3_rbs	0.55	0.0	0.0
23	__ribosome	71.25	0.0	0.0
23	__rnase_site_ext	6.35	0.0	0.0
23	p0	0.9	0.0	0.0
23	p2	0.95	0.0	0.0
23	protein1	32.35	5.55	2.8566666
23	protein2	15.05	3.95	2.80416665
23	protein3	1.9	1.05	1.375
23	rnapol	0.25	0.0	0.0
24	__protein1_rbs	2.8	0.0	0.0
24	__protein2_rbs	1.35	0.0	0.0
24	__protein3_rbs	0.4	0.0	0.0
24	__ribosome	70.1	0.0	0.0
24	__rnase_site_ext	6.45	0.0	0.0
24	p0	0.9	0.0	0.0
24	p2	0.95	0.0	0.0
24	protein1	35.1	5.95	2.706131
24	protein2	17.15	3.9	2.9666667
24	protein3	2.2	1.15	1.7
24	rnapol	0.25	0.0	0.0
25	__protein1_rbs	2.3	0.0	0.0
25	__protein2_rbs	1.45	0.0	0.0
25	__protein3_rbs	0.6	0.0	0.0
25	__ribosome	69.2	0.0	0.0
25	__rnase_site_ext	6.4	0.0	0.0
25	p0	0.95	0.0	0.0
25	p2	0.95	0.0	0.0
25	protein1	37.65	5.95	2.82714295
25	protein2	19.55	4.0	2.9
25	protein3	2.65	1.25	1.6333333500000002
25	rnapol	0.25	0.0	0.0
26	__protein1_rbs	2.95	0.0	0.0
26	__protein2_rbs	2.0	0.0	0.0
26	__protein3_rbs	0.5	0.0	0.0
26	__ribosome	68.8	0.0	0.0
26	__rnase_site_ext	6.4	0.0	0.0
26	p0	0.9	0.0	0.0
26	p2	0.95	0.0	0.0
26	protein1	40.75	6.05	2.8251192
26	protein2	21.6	4.1	2.8125
26	protein3	3.1	1.25	1.6666666499999998
26	rnapol	0.3	0.0	0.0
27	__protein1_rbs	2.65	0.0	0.0
27	__protein2_rbs	1.8	0.0	0.0
27	__protein3_rbs	0.5	0.0	0.0
27	__ribosome	67.05	0.0	0.0
27	__rnase_site_ext	6.6	0.0	0.0
27	p0	0.7	0.0	0.0
27	p2	0.9	0.0	0.0
27	protein1	43.55	6.05	2.8955952500000004
27	protein2	23.45	4.7	2.70166665
27	protein3	3.55	1.3	1.83333335
27	rnapol	0.25	0.0	0.0
28	__protein1_rbs	2.55	0.0	0.0
28	__protein2_rbs	2.2	0.0	0.0
28	__protein3_rbs	0.6	0.0	0.0
28	__ribosome	66.8	0.0	0.0
28	__rnase_site_ext	6.65	0.0	0.0
28	p0	0.9	0.0	0.0
28	p2	0.9	0.0	0.0
28	protein1	47.05	6.05	2.9396428
28	protein2	26.0	4.9	2.56833335
28	protein3	4.0	1.3	1.86666665
28	rnapol	0.25	0.0	0.0
29	__protein1_rbs	3.05	0.0	0.0
29	__protein2_rbs	2.05	0.0	0.0
29	__protein3_rbs	0.45	0.0	0.0
29	__ribosome	65.6	0.0	0.0
29	__rnase_site_ext	6.75	0.0	0.0
29	p0	0.8	0.0	0.0
29	p2	0.95	0.0	0.0
29	protein1	50.45	6.35	2.79
29	protein2	28.2	5.3	2.5477381
29	protein3	4.4	1.3	2.15
29	rnapol	0.25	0.0	0.0
30	__protein1_rbs	2.85	0.0	0.0
30	__protein2_rbs	2.35	0.0	0.0
30	__protein3_rbs	0.45	0.0	0.0
30	__ribosome	65.3	0.0	0.0
30	__rnase_site_ext	6.9	0.0	0.0
30	p0	0.9	0.0	0.0
30	p2	0.95	0.0	0.0
30	protein1	54.1	6.25	2.7932143
30	protein2	30.6	5.6	2.50999995
30	protein3	5.05	1.3	2.21666665
30	rnapol	0.3	0.0	0.0
31	__protein1_rbs	2.95	0.0	0.0
31	__protein2_rbs	2.15	0.0	0.0
31	__protein3_rbs	0.75	0.0	0.0
31	__ribosome	64.0	0.0	0.0
31	__rnase_site_ext	6.9	0.0	0.0
31	p0	0.9	0.0	0.0
31	p2	0.85	0.0	0.0
31	protein1	57.15	6.4	2.7507737999999997
31	protein2	33.2	5.8	2.5885714500000008
31	protein3	5.75	1.35	2.2
31	rnapol	0.3	0.0	0.0
32	__protein1_rbs	2.5	0.0	0.0
32	__protein2_rbs	2.6	0.0	0.0
32	__protein3_rbs	0.4	0.0	0.0
32	__ribosome	62.3	0.0	0.0
32	__rnase_site_ext	7.1	0.0	0.0
32	p0	0.9	0.0	0.0
32	p2	0.4	0.0	0.0
32	protein1	60.55	6.45	2.78041675
32	protein2	35.5	6.15	2.62529765
32	protein3	6.45	1.35	2.33333335
32	rnapol	0.3	0.0	0.0
33	__protein1_rbs	3.35	0.0	0.0
33	__protein2_rbs	2.5	0.0	0.0
33	__protein3_rbs	0.9	0.0	0.0
33	__ribosome	61.65	0.0	0.0
33	__rnase_site_ext	7.25	0.0	0.0
33	p0	0.8	0.0	0.0
33	p2	0.7	0.0	0.0
33	protein1	64.15	6.65	2.62202385
33	protein2	37.7	6.3	2.7610713500000004
33	protein3	7.05	1.35	2.1583333
33	rnapol	0.5	0.0	0.0
34	__protein1_rbs	2.7	0.0	0.0
34	__protein2_rbs	2.85	0.0	0.0
34	__protein3_rbs	0.35	0.0	0.0
34	__ribosome	60.15	0.0	0.0
34	__rnase_site_ext	7.4	0.0	0.0
34	p0	0.75	0.0	0.0
34	p2	0.5	0.0	0.0
34	protein1	67.1	6.75	2.73511915
34	protein2	40.6	6.2	2.859881
34	protein3	7.85	1.35	2.34166665
34	rnapol	0.45	0.0	0.0
35	__protein1_rbs	3.3	0.0	0.0
35	__protein2_rbs	2.6	0.0	0.0
35	__protein3_rbs	0.45	0.0	0.0
35	__ribosome	60.55	0.0	0.0
35	__rnase_site_ext	7.4	0.0	0.0
35	p0	0.65	0.0	0.0
35	p2	0.65	0.0	0.0
35	protein1	70.75	6.8	2.6958334
35	protein2	44.1	6.25	2.8290476000000004
35	protein3	8.75	1.4	2.14166665
35	rnapol	0.35	0.0	0.0
36	__protein1_rbs	3.4	0.0	0.0
36	__protein2_rbs	3.25	0.0	0.0
36	__protein3_rbs	0.85	0.0	0.0
36	__ribosome	60.55	0.0	0.0
36	__rnase_site_ext	7.85	0.0	0.0
36	p0	0.8	0.0	0.0
36	p2	0.7	0.0	0.0
36	protein1	74.15	6.95	2.64136905
36	protein2	47.5	6.6	2.6542262000000005
36	protein3	9.45	1.5	2.06666665
36	rnapol	0.3	0.0	0.0
37	__protein1_rbs	3.75	0.0	0.0
37	__protein2_rbs	2.85	0.0	0.0
37	__protein3_rbs	0.55	0.0	0.0
37	__ribosome	59.45	0.0	0.0
37	__rnase_site_ext	8.1	0.0	0.0
37	p0	0.8	0.0	0.0
37	p2	0.7	0.0	0.0
37	protein1	77.65	7.4	2.52271825
37	protein2	50.85	6.75	2.6713691
37	protein3	10.25	1.6	2.0083333000000003
37	rnapol	0.25	0.0	0.0
38	__protein1_rbs	3.25	0.0	0.0
38	__protein2_rbs	3.3	0.0	0.0
38	__protein3_rbs	1.0	0.0	0.0
38	__ribosome	58.7	0.0	0.0
38	__rnase_site_ext	8.1	0.0	0.0
38	p0	0.85	0.0	0.0
38	p2	0.7	0.0	0.0
38	protein1	81.2	7.6	2.5535714
38	protein2	54.35	6.9	2.58940465
38	protein3	10.85	1.7	2.0666667000000003
38	rnapol	0.2	0.0	0.0
39	__protein1_rbs	2.85	0.0	0.0
39	__protein2_rbs	3.25	0.0	0.0
39	__protein3_rbs	0.9	0.0	0.0
39	__ribosome	57.45	0.0	0.0
39	__rnase_site_ext	8.3	0.0	0.0
39	p0	0.8	0.0	0.0
39	p2	0.9	0.0	0.0
39	protein1	85.0	7.6	2.6404762
39	protein2	57.45	7.0	2.6385714
39	protein3	11.65	1.8	1.92499995
39	rnapol	0.2	0.0	0.0
40	__protein1_rbs	3.3	0.0	0.0
40	__protein2_rbs	3.35	0.0	0.0
40	__protein3_rbs	0.9	0.0	0.0
40	__ribosome	56.35	0.0	0.0
40	__rnase_site_ext	8.35	0.0	0.0
40	p0	0.95	0.0	0.0
40	p2	0.9	0.0	0.0
40	protein1	88.2	7.85	2.7061111
40	protein2	61.4	7.2	2.5613095
40	protein3	12.5	1.9	2.025
40	rnapol	0.2	0.0	0.0
41	__protein1_rbs	3.65	0.0	0.0
41	__protein2_rbs	3.05	0.0	0.0
41	__protein3_rbs	0.85	0.0	0.0
41	__ribosome	55.3	0.0	0.0
41	__rnase_site_ext	8.4	0.0	0.0
41	p0	0.95	0.0	0.0
41	p2	0.7	0.0	0.0
41	protein1	92.2	7.9	2.6618055500000004
41	protein2	64.5	7.35	2.63224205
41	protein3	13.25	1.95	2.1958333
41	rnapol	0.35	0.0	0.0
42	__protein1_rbs	3.7	0.0	0.0
42	__protein2_rbs	3.95	0.0	0.0
42	__protein3_rbs	1.0	0.0	0.0
42	__ribosome	54.7	0.0	0.0
42	__rnase_site_ext	8.5	0.0	0.0
42	p0	0.95	0.0	0.0
42	p2	0.7	0.0	0.0
42	protein1	95.8	8.0	2.709385
42	protein2	68.0	7.5	2.56359125
42	protein3	14.25	1.9	2.47499995
42	rnapol	0.4	0.0	0.0
43	__protein1_rbs	3.65	0.0	0.0
43	__protein2_rbs	3.75	0.0	0.0
43	__protein3_rbs	0.9	0.0	0.0
43	__ribosome	54.15	0.0	0.0
43	__rnase_site_ext	8.45	0.0	0.0
43	p0	0.9	0.0	0.0
43	p2	0.65	0.0	0.0
43	protein1	100.05	8.0	2.7288078
43	protein2	71.75	7.6	2.5330357500000003
43	protein3	14.85	1.9	2.6958333
43	rnapol	0.6	0.0	0.0
44	__protein1_rbs	3.55	0.0	0.0
44	__protein2_rbs	3.85	0.0	0.0
44	__protein3_rbs	0.85	0.0	0.0
44	__ribosome	53.5	0.0	0.0
44	__rnase_site_ext	8.5	0.0	0.0
44	p0	0.75	0.0	0.0
44	p2	0.9	0.0	0.0
44	protein1	104.05	7.95	2.7951028
44	protein2	75.35	7.75	2.5286707
44	protein3	15.75	1.9	2.7
44	rnapol	0.6	0.0	0.0
45	__protein1_rbs	3.85	0.0	0.0
45	__protein2_rbs	4.25	0.0	0.0
45	__protein3_rbs	0.95	0.0	0.0
45	__ribosome	54.25	0.0	0.0
45	__rnase_site_ext	8.7	0.0	0.0
45	p0	0.8	0.0	0.0
45	p2	0.7	0.0	0.0
45	protein1	108.55	8.0	2.7046699500000004
45	protein2	79.15	8.05	2.4055556000000005
45	protein3	16.75	2.0	2.45
45	rnapol	0.5	0.0	0.0
46	__protein1_rbs	3.55	0.0	0.0
46	__protein2_rbs	3.6	0.0	0.0
46	__protein3_rbs	0.9	0.0	0.0
46	__ribosome	53.2	0.0	0.0
46	__rnase_site_ext	9.0	0.0	0.0
46	p0	0.85	0.0	0.0
46	p2	0.75	0.0	0.0
46	protein1	112.8	8.15	2.66312045
46	protein2	82.9	8.2	2.48525785
46	protein3	17.85	2.0	2.38333335
46	rnapol	0.55	0.0	0.0
47	__protein1_rbs	4.2	0.0	0.0
47	__protein2_rbs	4.3	0.0	0.0
47	__protein3_rbs	1.15	0.0	0.0
47	__ribosome	52.75	0.0	0.0
47	__rnase_site_ext	9.15	0.0	0.0
47	p0	0.9	0.0	0.0
47	p2	0.8	0.0	0.0
47	protein1	116.55	8.45	2.58576665
47	protein2	86.9	8.3	2.4659722500000005
47	protein3	18.7	2.1	2.35833335
47	rnapol	0.5	0.0	0.0
48	__protein1_rbs	3.9	0.0	0.0
48	__protein2_rbs	4.0	0.0	0.0
48	__protein3_rbs	1.05	0.0	0.0
48	__ribosome	51.7	0.0	0.0
48	__rnase_site_ext	9.4	0.0	0.0
48	p0	0.75	0.0	0.0
48	p2	0.7	0.0	0.0
48	protein1	121.0	8.6	2.5630213
48	protein2	90.75	8.45	2.47746035
48	protein3	19.55	2.15	2.44583335
48	rnapol	0.35	0.0	0.0
49	__protein1_rbs	4.15	0.0	0.0
49	__protein2_rbs	4.7	0.0	0.0
49	__protein3_rbs	1.1	0.0	0.0
49	__ribosome	51.3	0.0	0.0
49	__rnase_site_ext	9.5	0.0	0.0
49	p0	0.85	0.0	0.0
49	p2	0.65	0.0	0.0
49	protein1	125.5	8.8	2.50664135
49	protein2	94.1	8.45	2.5441865000000004
49	protein3	20.65	2.15	2.4
49	rnapol	0.35	0.0	0.0
50	__protein1_rbs	4.3	0.0	0.0
50	__protein2_rbs	4.15	0.0	0.0
50	__protein3_rbs	1.25	0.0	0.0
50	__ribosome	50.35	0.0	0.0
50	__rnase_site_ext	9.5	0.0	0.0
50	p0	0.85	0.0	0.0
50	p2	0.5	0.0	0.0
50	protein1	129.05	8.95	2.6036508
50	protein2	98.55	8.35	2.5332142999999996
50	protein3	21.55	2.3	2.32083335
50	rnapol	0.3	0.0	0.0
51	__protein1_rbs	4.75	0.0	0.0
51	__protein2_rbs	4.7	0.0	0.0
51	__protein3_rbs	1.3	0.0	0.0
51	__ribosome	51.05	0.0	0.0
51	__rnase_site_ext	9.6	0.0	0.0
51	p0	0.8	0.0	0.0
51	p2	0.55	0.0	0.0
51	protein1	133.65	9.0	2.56104975
51	protein2	102.55	8.45	2.4576803499999995
51	protein3	22.65	2.4	2.19583335
51	rnapol	0.4	0.0	0.0
52	__protein1_rbs	4.5	0.0	0.0
52	__protein2_rbs	4.1	0.0	0.0
52	__protein3_rbs	1.2	0.0	0.0
52	__ribosome	50.5	0.0	0.0
52	__rnase_site_ext	9.85	0.0	0.0
52	p0	0.7	0.0	0.0
52	p2	0.8	0.0	0.0
52	protein1	138.15	9.05	2.58160355
52	protein2	107.15	8.5	2.44179285
52	protein3	23.65	2.4	2.3
52	rnapol	0.45	0.0	0.0
53	__protein1_rbs	4.9	0.0	0.0
53	__protein2_rbs	4.15	0.0	0.0
53	__protein3_rbs	1.35	0.0	0.0
53	__ribosome	50.85	0.0	0.0
53	__rnase_site_ext	9.9	0.0	0.0
53	p0	0.9	0.0	0.0
53	p2	0.75	0.0	0.0
53	protein1	143.1	9.25	2.4464646
53	protein2	111.05	8.55	2.4510786500000004
53	protein3	24.9	2.5	2.28333335
53	rnapol	0.55	0.0	0.0
54	__protein1_rbs	4.3	0.0	0.0
54	__protein2_rbs	4.1	0.0	0.0
54	__protein3_rbs	1.45	0.0	0.0
54	__ribosome	49.15	0.0	0.0
54	__rnase_site_ext	10.0	0.0	0.0
54	p0	0.7	0.0	0.0
54	p2	0.9	0.0	0.0
54	protein1	147.3	9.35	2.50920455
54	protein2	115.15	8.7	2.45830085
54	protein3	25.9	2.75	2.205
54	rnapol	0.55	0.0	0.0
55	__protein1_rbs	4.9	0.0	0.0
55	__protein2_rbs	4.3	0.0	0.0
55	__protein3_rbs	1.65	0.0	0.0
55	__ribosome	48.15	0.0	0.0
55	__rnase_site_ext	10.05	0.0	0.0
55	p0	0.8	0.0	0.0
55	p2	0.9	0.0	0.0
55	protein1	152.1	9.45	2.4927345
55	protein2	119.15	8.95	2.4523827
55	protein3	27.0	2.85	2.2758333000000004
55	rnapol	0.4	0.0	0.0
56	__protein1_rbs	4.45	0.0	0.0
56	__protein2_rbs	4.7	0.0	0.0
56	__protein3_rbs	1.5	0.0	0.0
56	__ribosome	46.4	0.0	0.0
56	__rnase_site_ext	10.15	0.0	0.0
56	p0	0.9	0.0	0.0
56	p2	0.95	0.0	0.0
56	protein1	156.35	9.55	2.5438961000000004
56	protein2	122.75	9.1	2.49016775
56	protein3	27.9	2.85	2.3816666000000004
56	rnapol	0.45	0.0	0.0
57	__protein1_rbs	5.2	0.0	0.0
57	__protein2_rbs	5.05	0.0	0.0
57	__protein3_rbs	1.1	0.0	0.0
57	__ribosome	46.4	0.0	0.0
57	__rnase_site_ext	10.35	0.0	0.0
57	p0	0.75	0.0	0.0
57	p2	0.85	0.0	0.0
57	protein1	160.65	9.75	2.4963833499999994
57	protein2	127.1	9.3	2.4220923999999995
57	protein3	29.3	2.85	2.4291667
57	rnapol	0.25	0.0	0.0
58	__protein1_rbs	5.35	0.0	0.0
58	__protein2_rbs	4.1	0.0	0.0
58	__protein3_rbs	1.3	0.0	0.0
58	__ribosome	46.4	0.0	0.0
58	__rnase_site_ext	10.55	0.0	0.0
58	p0	0.85	0.0	0.0
58	p2	0.85	0.0	0.0
58	protein1	165.55	9.8	2.43312205
58	protein2	131.55	9.45	2.41834595
58	protein3	30.75	2.9	2.3458333
58	rnapol	0.3	0.0	0.0
59	__protein1_rbs	5.05	0.0	0.0
59	__protein2_rbs	4.8	0.0	0.0
59	__protein3_rbs	1.7	0.0	0.0
59	__ribosome	45.9	0.0	0.0
59	__rnase_site_ext	10.55	0.0	0.0
59	p0	0.75	0.0	0.0
59	p2	0.75	0.0	0.0
59	protein1	170.1	10.0	2.4160003
59	protein2	136.1	9.5	2.42453275
59	protein3	32.0	2.9	2.4025
59	rnapol	0.4	0.0	0.0
60	__protein1_rbs	4.55	0.0	0.0
60	__protein2_rbs	4.95	0.0	0.0
60	__protein3_rbs	1.8	0.0	0.0
60	__ribosome	45.2	0.0	0.0
60	__rnase_site_ext	10.75	0.0	0.0
60	p0	0.8	0.0	0.0
60	p2	0.65	0.0	0.0
60	protein1	174.95	10.05	2.4655753499999995
60	protein2	140.55	9.6	2.4347980500000004
60	protein3	33.25	2.9	2.3925000000000005
60	rnapol	0.5	0.0	0.0
61	__protein1_rbs	5.3	0.0	0.0
61	__protein2_rbs	5.15	0.0	0.0
61	__protein3_rbs	1.65	0.0	0.0
61	__ribosome	44.75	0.0	0.0
61	__rnase_site_ext	10.8	0.0	0.0
61	p0	0.7	0.0	0.0
61	p2	0.8	0.0	0.0
61	protein1	179.8	10.35	2.4076047000000003
61	protein2	144.55	9.75	2.4422474500000004
61	protein3	34.6	2.95	2.2591667
61	rnapol	0.5	0.0	0.0
62	__protein1_rbs	5.8	0.0	0.0
62	__protein2_rbs	5.25	0.0	0.0
62	__protein3_rbs	1.5	0.0	0.0
62	__ribosome	44.6	0.0	0.0
62	__rnase_site_ext	10.9	0.0	0.0
62	p0	0.95	0.0	0.0
62	p2	0.75	0.0	0.0
62	protein1	184.45	10.3	2.4195454
62	protein2	149.25	9.85	2.4331186500000004
62	protein3	36.25	3.0	2.2575
62	rnapol	0.5	0.0	0.0
63	__protein1_rbs	5.85	0.0	0.0
63	__protein2_rbs	5.0	0.0	0.0
63	__protein3_rbs	1.8	0.0	0.0
63	__ribosome	44.8	0.0	0.0
63	__rnase_site_ext	11.1	0.0	0.0
63	p0	0.8	0.0	0.0
63	p2	0.65	0.0	0.0
63	protein1	189.2	10.45	2.3868108999999995
63	protein2	154.05	10.15	2.3736743
63	protein3	37.55	3.0	2.16583335
63	rnapol	0.35	0.0	0.0
64	__protein1_rbs	5.35	0.0	0.0
64	__protein2_rbs	5.1	0.0	0.0
64	__protein3_rbs	1.55	0.0	0.0
64	__ribosome	44.3	0.0	0.0
64	__rnase_site_ext	11.4	0.0	0.0
64	p0	0.75	0.0	0.0
64	p2	0.85	0.0	0.0
64	protein1	193.9	10.6	2.4014902
64	protein2	158.9	10.25	2.3545978000000005
64	protein3	39.15	3.05	2.1375
64	rnapol	0.25	0.0	0.0
65	__protein1_rbs	5.8	0.0	0.0
65	__protein2_rbs	5.75	0.0	0.0
65	__protein3_rbs	1.95	0.0	0.0
65	__ribosome	44.95	0.0	0.0
65	__rnase_site_ext	11.5	0.0	0.0
65	p0	0.85	0.0	0.0
65	p2	0.9	0.0	0.0
65	protein1	199.0	10.85	2.3231688999999998
65	protein2	163.7	10.55	2.2700622000000004
65	protein3	40.45	3.2	2.01000005
65	rnapol	0.15	0.0	0.0
66	__protein1_rbs	5.9	0.0	0.0
66	__protein2_rbs	6.35	0.0	0.0
66	__protein3_rbs	1.85	0.0	0.0
66	__ribosome	44.35	0.0	0.0
66	__rnase_site_ext	11.35	0.0	0.0
66	p0	0.9	0.0	0.0
66	p2	0.8	0.0	0.0
66	protein1	204.15	10.95	2.2932609500000005
66	protein2	168.1	10.65	2.26622175
66	protein3	41.55	3.3	1.9941666
66	rnapol	0.15	0.0	0.0
67	__protein1_rbs	5.6	0.0	0.0
67	__protein2_rbs	5.45	0.0	0.0
67	__protein3_rbs	2.05	0.0	0.0
67	__ribosome	43.05	0.0	0.0
67	__rnase_site_ext	11.4	0.0	0.0
67	p0	0.9	0.0	0.0
67	p2	0.85	0.0	0.0
67	protein1	208.95	10.85	2.3630519000000003
67	protein2	172.8	10.7	2.3314899
67	protein3	42.8	3.3	2.0408333
67	rnapol	0.3	0.0	0.0
68	__protein1_rbs	5.95	0.0	0.0
68	__protein2_rbs	5.9	0.0	0.0
68	__protein3_rbs	2.05	0.0	0.0
68	__ribosome	42.8	0.0	0.0
68	__rnase_site_ext	11.35	0.0	0.0
68	p0	1.0	0.0	0.0
68	p2	0.75	0.0	0.0
68	protein1	214.15	10.95	2.341805
68	protein2	177.7	10.95	2.2841419
68	protein3	43.85	3.25	inf
68	rnapol	0.4	0.0	0.0
69	__protein1_rbs	5.6	0.0	0.0
69	__protein2_rbs	6.0	0.0	0.0
69	__protein3_rbs	1.85	0.0	0.0
69	__ribosome	42.1	0.0	0.0
69	__rnase_site_ext	11.35	0.0	0.0
69	p0	0.8	0.0	0.0
69	p2	0.75	0.0	0.0
69	protein1	218.7	10.95	2.4085015
69	protein2	182.65	11.1	2.2680979500000005
69	protein3	45.45	3.2	inf
69	rnapol	0.35	0.0	0.0
70	__protein1_rbs	6.0	0.0	0.0
70	__protein2_rbs	6.15	0.0	0.0
70	__protein3_rbs	1.85	0.0	0.0
70	__ribosome	42.2	0.0	0.0
70	__rnase_site_ext	11.55	0.0	0.0
70	p0	0.75	0.0	0.0
70	p2	0.7	0.0	0.0
70	protein1	223.5	10.85	2.3958591
70	protein2	187.5	11.15	2.27111435
70	protein3	46.95	3.15	inf
70	rnapol	0.45	0.0	0.0
71	__protein1_rbs	5.85	0.0	0.0
71	__protein2_rbs	6.1	0.0	0.0
71	__protein3_rbs	1.9	0.0	0.0
71	__ribosome	42.7	0.0	0.0
71	__rnase_site_ext	11.75	0.0	0.0
71	p0	0.7	0.0	0.0
71	p2	0.7	0.0	0.0
71	protein1	229.05	11.05	2.3334217000000006
71	protein2	192.35	11.15	2.26605145
71	protein3	48.35	3.25	1.9283333999999999
71	rnapol	0.45	0.0	0.0
72	__protein1_rbs	6.0	0.0	0.0
72	__protein2_rbs	6.05	0.0	0.0
72	__protein3_rbs	1.6	0.0	0.0
72	__ribosome	42.15	0.0	0.0
72	__rnase_site_ext	12.05	0.0	0.0
72	p0	0.85	0.0	0.0
72	p2	0.85	0.0	0.0
72	protein1	234.2	11.3	2.26891225
72	protein2	197.7	11.3	2.2496576
72	protein3	49.55	3.25	2.0666667000000003
72	rnapol	0.55	0.0	0.0
73	__protein1_rbs	6.15	0.0	0.0
73	__protein2_rbs	5.3	0.0	0.0
73	__protein3_rbs	1.85	0.0	0.0
73	__ribosome	41.1	0.0	0.0
73	__rnase_site_ext	12.05	0.0	0.0
73	p0	0.7	0.0	0.0
73	p2	0.65	0.0	0.0
73	protein1	239.25	11.45	2.222985
73	protein2	202.75	11.6	2.2867807
73	protein3	50.95	3.3	2.0716666999999998
73	rnapol	0.3	0.0	0.0
74	__protein1_rbs	6.0	0.0	0.0
74	__protein2_rbs	5.95	0.0	0.0
74	__protein3_rbs	1.9	0.0	0.0
74	__ribosome	40.2	0.0	0.0
74	__rnase_site_ext	12.2	0.0	0.0
74	p0	0.8	0.0	0.0
74	p2	0.75	0.0	0.0
74	protein1	244.5	11.5	2.2446716
74	protein2	207.9	11.75	2.29810555
74	protein3	52.15	3.35	2.1125000499999995
74	rnapol	0.3	0.0	0.0
75	__protein1_rbs	6.6	0.0	0.0
75	__protein2_rbs	6.05	0.0	0.0
75	__protein3_rbs	2.05	0.0	0.0
75	__ribosome	39.25	0.0	0.0
75	__rnase_site_ext	12.45	0.0	0.0
75	p0	0.75	0.0	0.0
75	p2	0.8	0.0	0.0
75	protein1	249.55	11.55	2.23524425
75	protein2	212.5	11.8	2.3718058500000003
75	protein3	53.55	3.4	2.0808332500000004
75	rnapol	0.15	0.0	0.0
76	__protein1_rbs	6.4	0.0	0.0
76	__protein2_rbs	6.95	0.0	0.0
76	__protein3_rbs	1.5	0.0	0.0
76	__ribosome	38.5	0.0	0.0
76	__rnase_site_ext	12.5	0.0	0.0
76	p0	0.8	0.0	0.0
76	p2	0.7	0.0	0.0
76	protein1	254.2	11.7	2.2615634
76	protein2	217.8	11.65	2.36845565
76	protein3	54.85	3.45	2.2366667000000002
76	rnapol	0.1	0.0	0.0
77	__protein1_rbs	6.35	0.0	0.0
77	__protein2_rbs	7.05	0.0	0.0
77	__protein3_rbs	1.9	0.0	0.0
77	__ribosome	39.2	0.0	0.0
77	__rnase_site_ext	12.3	0.0	0.0
77	p0	0.8	0.0	0.0
77	p2	0.8	0.0	0.0
77	protein1	259.4	11.85	2.24426685
77	protein2	223.25	11.7	2.30167145
77	protein3	56.5	3.55	2.105
77	rnapol	0.3	0.0	0.0
78	__protein1_rbs	6.65	0.0	0.0
78	__protein2_rbs	6.35	0.0	0.0
78	__protein3_rbs	2.2	0.0	0.0
78	__ribosome	39.0	0.0	0.0
78	__rnase_site_ext	12.5	0.0	0.0
78	p0	0.85	0.0	0.0
78	p2	0.65	0.0	0.0
78	protein1	264.65	11.85	2.2432592
78	protein2	228.75	11.8	2.3174725
78	protein3	58.2	3.6	2.0532143000000005
78	rnapol	0.25	0.0	0.0
79	__protein1_rbs	6.8	0.0	0.0
79	__protein2_rbs	6.9	0.0	0.0
79	__protein3_rbs	1.85	0.0	0.0
79	__ribosome	39.5	0.0	0.0
79	__rnase_site_ext	12.5	0.0	0.0
79	p0	0.9	0.0	0.0
79	p2	0.7	0.0	0.0
79	protein1	270.05	11.9	2.1944725000000003
79	protein2	234.55	12.05	2.22340875
79	protein3	59.45	3.6	2.13619045
79	rnapol	0.45	0.0	0.0
80	__protein1_rbs	6.05	0.0	0.0
80	__protein2_rbs	5.85	0.0	0.0
80	__protein3_rbs	2.2	0.0	0.0
80	__ribosome	38.15	0.0	0.0
80	__rnase_site_ext	12.7	0.0	0.0
80	p0	0.75	0.0	0.0
80	p2	0.8	0.0	0.0
80	protein1	275.05	12.0	2.2563539
80	protein2	240.0	12.3	2.23288565
80	protein3	61.15	3.65	2.0752381000000004
80	rnapol	0.35	0.0	0.0
81	__protein1_rbs	6.1	0.0	0.0
81	__protein2_rbs	6.95	0.0	0.0
81	__protein3_rbs	1.95	0.0	0.0
81	__ribosome	36.85	0.0	0.0
81	__rnase_site_ext	12.85	0.0	0.0
81	p0	0.95	0.0	0.0
81	p2	0.85	0.0	0.0
81	protein1	280.15	12.0	2.3159822
81	protein2	244.95	12.4	2.2500211
81	protein3	62.75	3.65	2.19904765
81	rnapol	0.25	0.0	0.0
82	__protein1_rbs	7.1	0.0	0.0
82	__protein2_rbs	7.4	0.0	0.0
82	__protein3_rbs	2.1	0.0	0.0
82	__ribosome	37.55	0.0	0.0
82	__rnase_site_ext	12.9	0.0	0.0
82	p0	0.75	0.0	0.0
82	p2	0.8	0.0	0.0
82	protein1	285.65	12.25	2.233176
82	protein2	250.05	12.4	2.231204
82	protein3	64.4	3.75	2.12035715
82	rnapol	0.15	0.0	0.0
83	__protein1_rbs	7.0	0.0	0.0
83	__protein2_rbs	6.75	0.0	0.0
83	__protein3_rbs	2.05	0.0	0.0
83	__ribosome	36.55	0.0	0.0
83	__rnase_site_ext	12.95	0.0	0.0
83	p0	0.8	0.0	0.0
83	p2	0.8	0.0	0.0
83	protein1	290.5	12.3	2.2543356999999995
83	protein2	255.45	12.55	2.2419254000000004
83	protein3	66.05	3.8	2.1058333
83	rnapol	0.25	0.0	0.0
84	__protein1_rbs	6.8	0.0	0.0
84	__protein2_rbs	7.05	0.0	0.0
84	__protein3_rbs	2.05	0.0	0.0
84	__ribosome	35.65	0.0	0.0
84	__rnase_site_ext	13.0	0.0	0.0
84	p0	0.95	0.0	0.0
84	p2	0.65	0.0	0.0
84	protein1	295.9	12.4	2.26085655
84	protein2	260.75	12.65	2.2600665500000003
84	protein3	67.55	3.75	2.24250005
84	rnapol	0.3	0.0	0.0
85	__protein1_rbs	7.55	0.0	0.0
85	__protein2_rbs	7.15	0.0	0.0
85	__protein3_rbs	2.2	0.0	0.0
85	__ribosome	36.5	0.0	0.0
85	__rnase_site_ext	13.05	0.0	0.0
85	p0	0.85	0.0	0.0
85	p2	0.6	0.0	0.0
85	protein1	301.3	12.4	2.2036728
85	protein2	266.8	12.8	2.2040182499999994
85	protein3	69.0	3.8	2.2754167
85	rnapol	0.45	0.0	0.0
86	__protein1_rbs	6.9	0.0	0.0
86	__protein2_rbs	7.35	0.0	0.0
86	__protein3_rbs	2.15	0.0	0.0
86	__ribosome	36.55	0.0	0.0
86	__rnase_site_ext	13.0	0.0	0.0
86	p0	0.75	0.0	0.0
86	p2	0.65	0.0	0.0
86	protein1	306.95	12.5	2.14619465
86	protein2	272.1	12.95	2.20033805
86	protein3	70.75	3.85	2.2029167000000003
86	rnapol	0.45	0.0	0.0
87	__protein1_rbs	6.75	0.0	0.0
87	__protein2_rbs	6.9	0.0	0.0
87	__protein3_rbs	2.2	0.0	0.0
87	__ribosome	36.9	0.0	0.0
87	__rnase_site_ext	13.25	0.0	0.0
87	p0	0.7	0.0	0.0
87	p2	0.8	0.0	0.0
87	protein1	312.95	12.5	2.0812345000000003
87	protein2	277.8	13.05	2.2281541499999995
87	protein3	72.5	3.85	2.1516667000000003
87	rnapol	0.35	0.0	0.0
88	__protein1_rbs	7.4	0.0	0.0
88	__protein2_rbs	7.55	0.0	0.0
88	__protein3_rbs	2.3	0.0	0.0
88	__ribosome	37.4	0.0	0.0
88	__rnase_site_ext	13.4	0.0	0.0
88	p0	0.75	0.0	0.0
88	p2	0.75	0.0	0.0
88	protein1	318.2	12.55	2.0712556
88	protein2	283.3	13.25	2.1791189500000003
88	protein3	74.3	3.95	2.06124995
88	rnapol	0.35	0.0	0.0
89	__protein1_rbs	7.45	0.0	0.0
89	__protein2_rbs	6.8	0.0	0.0
89	__protein3_rbs	2.15	0.0	0.0
89	__ribosome	36.3	0.0	0.0
89	__rnase_site_ext	13.45	0.0	0.0
89	p0	0.8	0.0	0.0
89	p2	0.75	0.0	0.0
89	protein1	323.3	12.65	2.0658905
89	protein2	288.95	13.3	2.2477439
89	protein3	75.95	3.95	2.17958335
89	rnapol	0.35	0.0	0.0
90	__protein1_rbs	7.15	0.0	0.0
90	__protein2_rbs	7.15	0.0	0.0
90	__protein3_rbs	2.4	0.0	0.0
90	__ribosome	35.3	0.0	0.0
90	__rnase_site_ext	13.65	0.0	0.0
90	p0	0.85	0.0	0.0
90	p2	0.7	0.0	0.0
90	protein1	328.05	12.85	2.0822601
90	protein2	294.4	13.2	2.2973874
90	protein3	77.75	4.05	2.147916700000001
90	rnapol	0.4	0.0	0.0
91	__protein1_rbs	6.8	0.0	0.0
91	__protein2_rbs	8.35	0.0	0.0
91	__protein3_rbs	2.55	0.0	0.0
91	__ribosome	35.6	0.0	0.0
91	__rnase_site_ext	13.7	0.0	0.0
91	p0	0.75	0.0	0.0
91	p2	0.8	0.0	0.0
91	protein1	333.55	13.0	2.13152325
91	protein2	300.7	13.25	2.19985975
91	protein3	79.5	4.15	2.0804166000000004
91	rnapol	0.4	0.0	0.0
92	__protein1_rbs	7.65	0.0	0.0
92	__protein2_rbs	6.9	0.0	0.0
92	__protein3_rbs	2.6	0.0	0.0
92	__ribosome	34.85	0.0	0.0
92	__rnase_site_ext	13.7	0.0	0.0
92	p0	0.9	0.0	0.0
92	p2	0.85	0.0	0.0
92	protein1	338.7	13.05	2.12795405
92	protein2	306.2	13.3	2.2259198500000004
92	protein3	80.95	4.2	2.1483334000000003
92	rnapol	0.5	0.0	0.0
93	__protein1_rbs	7.65	0.0	0.0
93	__protein2_rbs	8.4	0.0	0.0
93	__protein3_rbs	2.2	0.0	0.0
93	__ribosome	35.4	0.0	0.0
93	__rnase_site_ext	13.95	0.0	0.0
93	p0	0.55	0.0	0.0
93	p2	0.7	0.0	0.0
93	protein1	344.1	13.2	2.11750655
93	protein2	312.55	13.2	2.1508405500000003
93	protein3	82.45	4.3	2.20875
93	rnapol	0.3	0.0	0.0
94	__protein1_rbs	8.2	0.0	0.0
94	__protein2_rbs	7.5	0.0	0.0
94	__protein3_rbs	2.7	0.0	0.0
94	__ribosome	35.15	0.0	0.0
94	__rnase_site_ext	14.0	0.0	0.0
94	p0	0.95	0.0	0.0
94	p2	0.65	0.0	0.0
94	protein1	349.05	13.25	2.1292867
94	protein2	318.4	13.0	2.20130575
94	protein3	84.35	4.3	2.12624995
94	rnapol	0.4	0.0	0.0
95	__protein1_rbs	7.8	0.0	0.0
95	__protein2_rbs	7.0	0.0	0.0
95	__protein3_rbs	2.85	0.0	0.0
95	__ribosome	35.3	0.0	0.0
95	__rnase_site_ext	14.05	0.0	0.0
95	p0	0.8	0.0	0.0
95	p2	0.75	0.0	0.0
95	protein1	354.95	13.35	2.1261054
95	protein2	324.35	13.35	2.1379014
95	protein3	85.95	4.2	2.11541665
95	rnapol	0.4	0.0	0.0
96	__protein1_rbs	7.65	0.0	0.0
96	__protein2_rbs	7.8	0.0	0.0
96	__protein3_rbs	2.3	0.0	0.0
96	__ribosome	35.0	0.0	0.0
96	__rnase_site_ext	14.2	0.0	0.0
96	p0	0.8	0.0	0.0
96	p2	0.8	0.0	0.0
96	protein1	360.95	13.4	2.1089597999999996
96	protein2	329.9	13.4	2.16148
96	protein3	87.9	4.2	2.1029166999999998
96	rnapol	0.35	0.0	0.0
97	__protein1_rbs	7.2	0.0	0.0
97	__protein2_rbs	7.65	0.0	0.0
97	__protein3_rbs	2.55	0.0	0.0
97	__ribosome	33.05	0.0	0.0
97	__rnase_site_ext	14.3	0.0	0.0
97	p0	0.85	0.0	0.0
97	p2	0.7	0.0	0.0
97	protein1	366.15	13.45	2.19061985
97	protein2	335.4	13.7	2.1433583
97	protein3	89.5	4.3	2.1043650499999997
97	rnapol	0.2	0.0	0.0
98	__protein1_rbs	8.25	0.0	0.0
98	__protein2_rbs	8.45	0.0	0.0
98	__protein3_rbs	2.85	0.0	0.0
98	__ribosome	33.65	0.0	0.0
98	__rnase_site_ext	14.35	0.0	0.0
98	p0	0.85	0.0	0.0
98	p2	1.0	0.0	0.0
98	protein1	371.6	13.55	2.16529605
98	protein2	340.9	13.85	2.1246505
98	protein3	91.45	4.35	2.0227381499999995
98	rnapol	0.3	0.0	0.0
99	__protein1_rbs	7.9	0.0	0.0
99	__protein2_rbs	8.35	0.0	0.0
99	__protein3_rbs	2.6	0.0	0.0
99	__ribosome	33.7	0.0	0.0
99	__rnase_site_ext	14.2	0.0	0.0
99	p0	0.85	0.0	0.0
99	p2	0.8	0.0	0.0
99	protein1	377.5	13.75	2.11897005
99	protein2	346.2	13.85	2.15099705
99	protein3	93.25	4.5	1.9028571
99	rnapol	0.3	0.0	0.0
100	__protein1_rbs	7.75	0.0	0.0
100	__protein2_rbs	7.85	0.0	0.0
100	__protein3_rbs	2.5	0.0	0.0
100	__ribosome	33.1	0.0	0.0
100	__rnase_site_ext	14.2	0.0	0.0
100	p0	0.8	0.0	0.0
100	p2	0.75	0.0	0.0
100	protein1	382.95	13.7	2.1470917500000004
100	protein2	352.55	14.0	2.0923285
100	protein3	94.7	4.45	2.0687301
100	rnapol	0.35	0.0	0.0
101	__protein1_rbs	8.3	0.0	0.0
101	__protein2_rbs	8.75	0.0	0.0
101	__protein3_rbs	2.55	0.0	0.0
101	__ribosome	34.5	0.0	0.0
101	__rnase_site_ext	14.1	0.0	0.0
101	p0	0.75	0.0	0.0
101	p2	0.7	0.0	0.0
101	protein1	388.95	13.6	2.1209101499999994
101	protein2	358.35	14.15	2.0438687
101	protein3	96.95	4.45	1.9566667000000002
101	rnapol	0.3	0.0	0.0
102	__protein1_rbs	8.25	0.0	0.0
102	__protein2_rbs	7.7	0.0	0.0
102	__protein3_rbs	2.35	0.0	0.0
102	__ribosome	34.15	0.0	0.0
102	__rnase_site_ext	14.25	0.0	0.0
102	p0	0.8	0.0	0.0
102	p2	0.75	0.0	0.0
102	protein1	395.25	13.55	2.07160315
102	protein2	364.95	14.3	2.0225037500000003
102	protein3	98.35	4.45	2.098373
102	rnapol	0.25	0.0	0.0
103	__protein1_rbs	7.4	0.0	0.0
103	__protein2_rbs	8.6	0.0	0.0
103	__protein3_rbs	2.35	0.0	0.0
103	__ribosome	32.15	0.0	0.0
103	__rnase_site_ext	14.4	0.0	0.0
103	p0	0.85	0.0	0.0
103	p2	0.8	0.0	0.0
103	protein1	400.4	13.5	2.15818245
103	protein2	370.3	14.3	2.04023675
103	protein3	99.6	4.3	2.3491666
103	rnapol	0.4	0.0	0.0
104	__protein1_rbs	8.15	0.0	0.0
104	__protein2_rbs	8.3	0.0	0.0
104	__protein3_rbs	3.15	0.0	0.0
104	__ribosome	31.6	0.0	0.0
104	__rnase_site_ext	14.5	0.0	0.0
104	p0	0.7	0.0	0.0
104	p2	0.75	0.0	0.0
104	protein1	406.2	13.75	2.1205511
104	protein2	375.5	14.55	2.0943931000000005
104	protein3	101.65	4.3	2.26611115
104	rnapol	0.35	0.0	0.0
105	__protein1_rbs	8.4	0.0	0.0
105	__protein2_rbs	9.35	0.0	0.0
105	__protein3_rbs	2.65	0.0	0.0
105	__ribosome	33.45	0.0	0.0
105	__rnase_site_ext	14.6	0.0	0.0
105	p0	0.8	0.0	0.0
105	p2	0.8	0.0	0.0
105	protein1	412.2	13.8	2.0690378499999995
105	protein2	381.5	14.5	2.04767655
105	protein3	103.75	4.4	2.0530555500000003
105	rnapol	0.5	0.0	0.0
106	__protein1_rbs	8.15	0.0	0.0
106	__protein2_rbs	9.05	0.0	0.0
106	__protein3_rbs	2.9	0.0	0.0
106	__ribosome	34.2	0.0	0.0
106	__rnase_site_ext	14.35	0.0	0.0
106	p0	0.85	0.0	0.0
106	p2	0.5	0.0	0.0
106	protein1	418.15	13.85	2.06631795
106	protein2	387.95	14.6	1.98012155
106	protein3	105.25	4.3	2.13416665
106	rnapol	0.45	0.0	0.0
107	__protein1_rbs	8.05	0.0	0.0
107	__protein2_rbs	9.05	0.0	0.0
107	__protein3_rbs	2.2	0.0	0.0
107	__ribosome	34.5	0.0	0.0
107	__rnase_site_ext	14.45	0.0	0.0
107	p0	0.8	0.0	0.0
107	p2	0.7	0.0	0.0
107	protein1	423.95	13.9	2.0653712000000004
107	protein2	394.1	14.85	1.94383435
107	protein3	107.6	4.3	2.07583335
107	rnapol	0.45	0.0	0.0
108	__protein1_rbs	7.3	0.0	0.0
108	__protein2_rbs	7.65	0.0	0.0
108	__protein3_rbs	2.55	0.0	0.0
108	__ribosome	33.45	0.0	0.0
108	__rnase_site_ext	14.7	0.0	0.0
108	p0	0.65	0.0	0.0
108	p2	0.75	0.0	0.0
108	protein1	429.8	13.9	2.0950884000000003
108	protein2	400.05	14.7	2.0280082999999998
108	protein3	109.85	4.35	1.9591666
108	rnapol	0.15	0.0	0.0
109	__protein1_rbs	8.85	0.0	0.0
109	__protein2_rbs	8.55	0.0	0.0
109	__protein3_rbs	3.0	0.0	0.0
109	__ribosome	33.95	0.0	0.0
109	__rnase_site_ext	14.8	0.0	0.0
109	p0	0.85	0.0	0.0
109	p2	0.7	0.0	0.0
109	protein1	435.85	13.9	2.05362015
109	protein2	406.35	14.85	2.00020805
109	protein3	111.05	4.35	1.90583335
109	rnapol	0.2	0.0	0.0
110	__protein1_rbs	8.9	0.0	0.0
110	__protein2_rbs	8.8	0.0	0.0
110	__protein3_rbs	2.7	0.0	0.0
110	__ribosome	32.55	0.0	0.0
110	__rnase_site_ext	14.85	0.0	0.0
110	p0	0.95	0.0	0.0
110	p2	0.9	0.0	0.0
110	protein1	441.2	14.25	2.0149084000000004
110	protein2	411.15	14.95	2.05845895
110	protein3	112.75	4.45	1.9083333
110	rnapol	0.45	0.0	0.0
111	__protein1_rbs	8.5	0.0	0.0
111	__protein2_rbs	8.95	0.0	0.0
111	__protein3_rbs	2.5	0.0	0.0
111	__ribosome	33.55	0.0	0.0
111	__rnase_site_ext	14.95	0.0	0.0
111	p0	0.75	0.0	0.0
111	p2	0.75	0.0	0.0
111	protein1	447.2	14.25	1.99512655
111	protein2	417.95	15.05	1.9990256000000002
111	protein3	114.4	4.45	1.94333335
111	rnapol	0.25	0.0	0.0
112	__protein1_rbs	8.45	0.0	0.0
112	__protein2_rbs	8.9	0.0	0.0
112	__protein3_rbs	2.7	0.0	0.0
112	__ribosome	32.9	0.0	0.0
112	__rnase_site_ext	15.0	0.0	0.0
112	p0	0.9	0.0	0.0
112	p2	0.85	0.0	0.0
112	protein1	452.6	14.25	2.0238994000000003
112	protein2	424.15	15.0	2.0121348
112	protein3	116.15	4.45	1.9116666500000004
112	rnapol	0.4	0.0	0.0
113	__protein1_rbs	8.9	0.0	0.0
113	__protein2_rbs	9.0	0.0	0.0
113	__protein3_rbs	2.7	0.0	0.0
113	__ribosome	34.0	0.0	0.0
113	__rnase_site_ext	14.9	0.0	0.0
113	p0	0.8	0.0	0.0
113	p2	0.8	0.0	0.0
113	protein1	459.35	14.4	1.9319039
113	protein2	430.15	15.15	2.02308595
113	protein3	118.05	4.55	1.83416665
113	rnapol	0.3	0.0	0.0
114	__protein1_rbs	8.35	0.0	0.0
114	__protein2_rbs	8.7	0.0	0.0
114	__protein3_rbs	2.7	0.0	0.0
114	__ribosome	31.4	0.0	0.0
114	__rnase_site_ext	14.9	0.0	0.0
114	p0	0.8	0.0	0.0
114	p2	0.7	0.0	0.0
114	protein1	464.7	14.35	1.9844881999999997
114	protein2	436.05	15.25	2.092603
114	protein3	119.55	4.55	1.95666665
114	rnapol	0.3	0.0	0.0
115	__protein1_rbs	7.8	0.0	0.0
115	__protein2_rbs	9.55	0.0	0.0
115	__protein3_rbs	2.4	0.0	0.0
115	__ribosome	30.7	0.0	0.0
115	__rnase_site_ext	14.9	0.0	0.0
115	p0	0.8	0.0	0.0
115	p2	0.7	0.0	0.0
115	protein1	470.35	14.4	2.0520181
115	protein2	442.45	15.3	2.05004375
115	protein3	121.35	4.55	2.045
115	rnapol	0.45	0.0	0.0
116	__protein1_rbs	9.25	0.0	0.0
116	__protein2_rbs	9.45	0.0	0.0
116	__protein3_rbs	3.05	0.0	0.0
116	__ribosome	31.15	0.0	0.0
116	__rnase_site_ext	14.95	0.0	0.0
116	p0	0.9	0.0	0.0
116	p2	0.75	0.0	0.0
116	protein1	475.95	14.3	2.0382651000000003
116	protein2	448.5	15.25	2.0324113500000003
116	protein3	123.1	4.6	1.9849999999999997
116	rnapol	0.55	0.0	0.0
117	__protein1_rbs	9.1	0.0	0.0
117	__protein2_rbs	9.25	0.0	0.0
117	__protein3_rbs	2.6	0.0	0.0
117	__ribosome	30.85	0.0	0.0
117	__rnase_site_ext	15.1	0.0	0.0
117	p0	0.8	0.0	0.0
117	p2	0.8	0.0	0.0
117	protein1	481.3	14.45	2.0348127500000004
117	protein2	455.0	15.3	1.99307285
117	protein3	124.7	4.6	2.079166699999999
117	rnapol	0.5	0.0	0.0
118	__protein1_rbs	8.8	0.0	0.0
118	__protein2_rbs	9.45	0.0	0.0
118	__protein3_rbs	2.3	0.0	0.0
118	__ribosome	31.15	0.0	0.0
118	__rnase_site_ext	15.3	0.0	0.0
118	p0	0.8	0.0	0.0
118	p2	0.8	0.0	0.0
118	protein1	487.9	14.5	1.9823277500000005
118	protein2	461.5	15.4	1.9688411
118	protein3	126.45	4.65	2.1952381
118	rnapol	0.4	0.0	0.0
119	__protein1_rbs	8.05	0.0	0.0
119	__protein2_rbs	10.5	0.0	0.0
119	__protein3_rbs	2.95	0.0	0.0
119	__ribosome	31.6	0.0	0.0
119	__rnase_site_ext	15.35	0.0	0.0
119	p0	0.75	0.0	0.0
119	p2	0.7	0.0	0.0
119	protein1	493.7	14.7	2.0258998
119	protein2	468.15	15.5	1.873607
119	protein3	128.45	4.7	2.16440475
119	rnapol	0.3	0.0	0.0
120	__protein1_rbs	8.9	0.0	0.0
120	__protein2_rbs	9.4	0.0	0.0
120	__protein3_rbs	2.95	0.0	0.0
120	__ribosome	32.35	0.0	0.0
120	__rnase_site_ext	15.45	0.0	0.0
120	p0	0.85	0.0	0.0
120	p2	0.8	0.0	0.0
120	protein1	500.15	14.65	1.99752145
120	protein2	474.6	15.55	1.87154495
120	protein3	130.7	4.8	2.0571212
120	rnapol	0.35	0.0	0.0
121	__protein1_rbs	8.45	0.0	0.0
121	__protein2_rbs	10.1	0.0	0.0
121	__protein3_rbs	3.1	0.0	0.0
121	__ribosome	31.7	0.0	0.0
121	__rnase_site_ext	15.4	0.0	0.0
121	p0	0.95	0.0	0.0
121	p2	0.65	0.0	0.0
121	protein1	506.25	14.85	2.0183948
121	protein2	480.0	15.6	1.8777682
121	protein3	132.4	4.75	2.1954870000000004
121	rnapol	0.35	0.0	0.0
122	__protein1_rbs	9.2	0.0	0.0
122	__protein2_rbs	9.45	0.0	0.0
122	__protein3_rbs	2.8	0.0	0.0
122	__ribosome	30.45	0.0	0.0
122	__rnase_site_ext	15.45	0.0	0.0
122	p0	0.7	0.0	0.0
122	p2	0.5	0.0	0.0
122	protein1	511.25	14.9	2.0632495000000004
122	protein2	486.1	15.4	1.91429705
122	protein3	134.45	4.75	2.2093613999999997
122	rnapol	0.25	0.0	0.0
123	__protein1_rbs	8.3	0.0	0.0
123	__protein2_rbs	9.45	0.0	0.0
123	__protein3_rbs	2.75	0.0	0.0
123	__ribosome	30.0	0.0	0.0
123	__rnase_site_ext	15.55	0.0	0.0
123	p0	0.8	0.0	0.0
123	p2	0.75	0.0	0.0
123	protein1	517.3	14.9	2.09313115
123	protein2	492.0	15.45	1.94423425
123	protein3	137.05	4.8	1.9932143000000004
123	rnapol	0.4	0.0	0.0
124	__protein1_rbs	9.7	0.0	0.0
124	__protein2_rbs	9.45	0.0	0.0
124	__protein3_rbs	2.8	0.0	0.0
124	__ribosome	31.7	0.0	0.0
124	__rnase_site_ext	15.7	0.0	0.0
124	p0	0.8	0.0	0.0
124	p2	0.8	0.0	0.0
124	protein1	523.95	15.1	1.97699885
124	protein2	498.45	15.55	1.9102732
124	protein3	139.25	4.85	1.8500216
124	rnapol	0.3	0.0	0.0
125	__protein1_rbs	8.95	0.0	0.0
125	__protein2_rbs	9.6	0.0	0.0
125	__protein3_rbs	3.35	0.0	0.0
125	__ribosome	31.2	0.0	0.0
125	__rnase_site_ext	15.55	0.0	0.0
125	p0	0.95	0.0	0.0
125	p2	0.8	0.0	0.0
125	protein1	530.6	15.1	1.9873506999999997
125	protein2	504.2	15.45	1.9613317
125	protein3	141.1	4.95	1.7206709999999998
125	rnapol	0.4	0.0	0.0
126	__protein1_rbs	8.75	0.0	0.0
126	__protein2_rbs	9.75	0.0	0.0
126	__protein3_rbs	3.3	0.0	0.0
126	__ribosome	30.3	0.0	0.0
126	__rnase_site_ext	15.65	0.0	0.0
126	p0	0.7	0.0	0.0
126	p2	0.85	0.0	0.0
126	protein1	536.2	15.0	2.0697901
126	protein2	510.6	15.65	1.92448485
126	protein3	142.85	5.0	1.7704112000000003
126	rnapol	0.35	0.0	0.0
127	__protein1_rbs	8.9	0.0	0.0
127	__protein2_rbs	9.9	0.0	0.0
127	__protein3_rbs	3.3	0.0	0.0
127	__ribosome	29.55	0.0	0.0
127	__rnase_site_ext	15.7	0.0	0.0
127	p0	0.9	0.0	0.0
127	p2	0.75	0.0	0.0
127	protein1	542.45	15.05	2.04197755
127	protein2	516.25	15.95	1.93358505
127	protein3	144.45	5.1	1.7946753500000003
127	rnapol	0.4	0.0	0.0
128	__protein1_rbs	9.5	0.0	0.0
128	__protein2_rbs	9.65	0.0	0.0
128	__protein3_rbs	2.5	0.0	0.0
128	__ribosome	30.1	0.0	0.0
128	__rnase_site_ext	15.65	0.0	0.0
128	p0	0.75	0.0	0.0
128	p2	0.65	0.0	0.0
128	protein1	549.1	15.2	1.97779175
128	protein2	522.45	16.05	1.9129110500000004
128	protein3	146.55	5.0	1.9330087
128	rnapol	0.3	0.0	0.0
129	__protein1_rbs	9.25	0.0	0.0
129	__protein2_rbs	9.5	0.0	0.0
129	__protein3_rbs	3.1	0.0	0.0
129	__ribosome	30.65	0.0	0.0
129	__rnase_site_ext	15.6	0.0	0.0
129	p0	0.85	0.0	0.0
129	p2	0.85	0.0	0.0
129	protein1	555.1	15.05	1.98195035
129	protein2	529.3	16.05	1.90947645
129	protein3	148.65	4.95	1.9671104500000005
129	rnapol	0.3	0.0	0.0
130	__protein1_rbs	8.75	0.0	0.0
130	__protein2_rbs	9.65	0.0	0.0
130	__protein3_rbs	2.9	0.0	0.0
130	__ribosome	30.0	0.0	0.0
130	__rnase_site_ext	15.75	0.0	0.0
130	p0	0.75	0.0	0.0
130	p2	0.7	0.0	0.0
130	protein1	561.05	15.1	2.0145695000000003
130	protein2	535.65	15.9	1.90758265
130	protein3	150.2	4.95	2.0022944000000003
130	rnapol	0.2	0.0	0.0
131	__protein1_rbs	9.5	0.0	0.0
131	__protein2_rbs	9.05	0.0	0.0
131	__protein3_rbs	3.75	0.0	0.0
131	__ribosome	29.55	0.0	0.0
131	__rnase_site_ext	15.75	0.0	0.0
131	p0	0.95	0.0	0.0
131	p2	0.65	0.0	0.0
131	protein1	567.85	15.15	1.9587951999999995
131	protein2	541.3	16.05	1.9938893500000003
131	protein3	152.15	5.0	1.8392857
131	rnapol	0.4	0.0	0.0
132	__protein1_rbs	9.8	0.0	0.0
132	__protein2_rbs	9.15	0.0	0.0
132	__protein3_rbs	3.45	0.0	0.0
132	__ribosome	30.15	0.0	0.0
132	__rnase_site_ext	15.6	0.0	0.0
132	p0	0.75	0.0	0.0
132	p2	0.75	0.0	0.0
132	protein1	574.3	15.2	1.88581165
132	protein2	548.3	16.0	2.0133756999999997
132	protein3	154.05	5.05	1.8638095000000001
132	rnapol	0.55	0.0	0.0
133	__protein1_rbs	8.65	0.0	0.0
133	__protein2_rbs	9.95	0.0	0.0
133	__protein3_rbs	3.1	0.0	0.0
133	__ribosome	29.65	0.0	0.0
133	__rnase_site_ext	15.55	0.0	0.0
133	p0	0.8	0.0	0.0
133	p2	0.65	0.0	0.0
133	protein1	580.0	15.05	1.9454961
133	protein2	554.5	16.3	2.00055235
133	protein3	156.75	5.05	1.681277
133	rnapol	0.55	0.0	0.0
134	__protein1_rbs	9.9	0.0	0.0
134	__protein2_rbs	10.05	0.0	0.0
134	__protein3_rbs	3.15	0.0	0.0
134	__ribosome	30.55	0.0	0.0
134	__rnase_site_ext	15.7	0.0	0.0
134	p0	0.8	0.0	0.0
134	p2	0.95	0.0	0.0
134	protein1	586.25	15.1	1.88811255
134	protein2	561.5	16.25	1.9678271499999995
134	protein3	158.35	5.1	1.8112554
134	rnapol	0.65	0.0	0.0
135	__protein1_rbs	9.5	0.0	0.0
135	__protein2_rbs	10.0	0.0	0.0
135	__protein3_rbs	3.25	0.0	0.0
135	__ribosome	30.2	0.0	0.0
135	__rnase_site_ext	15.95	0.0	0.0
135	p0	0.7	0.0	0.0
135	p2	0.8	0.0	0.0
135	protein1	592.25	15.3	1.866342
135	protein2	567.25	16.4	1.9853691
135	protein3	160.65	5.05	1.86430735
135	rnapol	0.25	0.0	0.0
136	__protein1_rbs	9.4	0.0	0.0
136	__protein2_rbs	9.95	0.0	0.0
136	__protein3_rbs	3.05	0.0	0.0
136	__ribosome	29.9	0.0	0.0
136	__rnase_site_ext	16.25	0.0	0.0
136	p0	0.9	0.0	0.0
136	p2	0.7	0.0	0.0
136	protein1	598.25	15.45	1.8473135500000004
136	protein2	574.8	16.35	1.96533635
136	protein3	161.95	5.0	1.9923268
136	rnapol	0.3	0.0	0.0
137	__protein1_rbs	9.45	0.0	0.0
137	__protein2_rbs	9.6	0.0	0.0
137	__protein3_rbs	3.3	0.0	0.0
137	__ribosome	29.3	0.0	0.0
137	__rnase_site_ext	16.15	0.0	0.0
137	p0	0.8	0.0	0.0
137	p2	0.7	0.0	0.0
137	protein1	603.6	15.8	1.90396475
137	protein2	581.7	16.3	1.95984945
137	protein3	164.15	4.95	1.92127705
137	rnapol	0.4	0.0	0.0
138	__protein1_rbs	10.85	0.0	0.0
138	__protein2_rbs	9.65	0.0	0.0
138	__protein3_rbs	3.05	0.0	0.0
138	__ribosome	29.95	0.0	0.0
138	__rnase_site_ext	16.2	0.0	0.0
138	p0	0.85	0.0	0.0
138	p2	0.7	0.0	0.0
138	protein1	610.1	15.75	1.8287109
138	protein2	588.15	16.25	1.99050215
138	protein3	166.0	4.9	1.94673165
138	rnapol	0.55	0.0	0.0
139	__protein1_rbs	9.75	0.0	0.0
139	__protein2_rbs	10.8	0.0	0.0
139	__protein3_rbs	2.95	0.0	0.0
139	__ribosome	30.55	0.0	0.0
139	__rnase_site_ext	16.35	0.0	0.0
139	p0	0.65	0.0	0.0
139	p2	0.75	0.0	0.0
139	protein1	616.1	15.8	1.87369315
139	protein2	594.85	16.35	1.9082626
139	protein3	168.1	4.95	1.9320886999999998
139	rnapol	0.4	0.0	0.0
140	__protein1_rbs	9.4	0.0	0.0
140	__protein2_rbs	10.15	0.0	0.0
140	__protein3_rbs	3.15	0.0	0.0
140	__ribosome	30.1	0.0	0.0
140	__rnase_site_ext	16.2	0.0	0.0
140	p0	0.9	0.0	0.0
140	p2	0.9	0.0	0.0
140	protein1	621.8	15.85	1.9540068999999995
140	protein2	601.6	16.15	1.8933801
140	protein3	170.05	4.9	1.86925315
140	rnapol	0.65	0.0	0.0
141	__protein1_rbs	9.55	0.0	0.0
141	__protein2_rbs	9.6	0.0	0.0
141	__protein3_rbs	3.35	0.0	0.0
141	__ribosome	30.0	0.0	0.0
141	__rnase_site_ext	16.5	0.0	0.0
141	p0	0.85	0.0	0.0
141	p2	0.75	0.0	0.0
141	protein1	628.5	15.85	1.91713155
141	protein2	608.35	16.25	1.91585765
141	protein3	172.15	5.0	1.82199125
141	rnapol	0.3	0.0	0.0
142	__protein1_rbs	9.85	0.0	0.0
142	__protein2_rbs	10.65	0.0	0.0
142	__protein3_rbs	3.45	0.0	0.0
142	__ribosome	30.9	0.0	0.0
142	__rnase_site_ext	16.3	0.0	0.0
142	p0	0.9	0.0	0.0
142	p2	0.8	0.0	0.0
142	protein1	634.8	16.0	1.9040562
142	protein2	614.8	16.25	1.8956055
142	protein3	174.15	5.0	1.75309525
142	rnapol	0.25	0.0	0.0
143	__protein1_rbs	9.8	0.0	0.0
143	__protein2_rbs	9.7	0.0	0.0
143	__protein3_rbs	3.3	0.0	0.0
143	__ribosome	29.35	0.0	0.0
143	__rnase_site_ext	16.3	0.0	0.0
143	p0	0.8	0.0	0.0
143	p2	0.8	0.0	0.0
143	protein1	640.45	15.85	1.9547059999999996
143	protein2	621.3	16.6	1.91972055
143	protein3	176.2	4.9	1.71194445
143	rnapol	0.25	0.0	0.0
144	__protein1_rbs	10.45	0.0	0.0
144	__protein2_rbs	10.3	0.0	0.0
144	__protein3_rbs	2.8	0.0	0.0
144	__ribosome	28.4	0.0	0.0
144	__rnase_site_ext	16.35	0.0	0.0
144	p0	0.85	0.0	0.0
144	p2	0.85	0.0	0.0
144	protein1	647.05	15.8	1.89902695
144	protein2	627.0	16.75	1.96851445
144	protein3	177.95	4.95	1.90226185
144	rnapol	0.25	0.0	0.0
145	__protein1_rbs	10.8	0.0	0.0
145	__protein2_rbs	10.4	0.0	0.0
145	__protein3_rbs	3.55	0.0	0.0
145	__ribosome	31.4	0.0	0.0
145	__rnase_site_ext	16.45	0.0	0.0
145	p0	0.95	0.0	0.0
145	p2	0.85	0.0	0.0
145	protein1	654.3	15.8	1.7594139499999997
145	protein2	634.2	16.75	1.93852535
145	protein3	179.8	5.0	1.83130945
145	rnapol	0.3	0.0	0.0
146	__protein1_rbs	10.1	0.0	0.0
146	__protein2_rbs	10.2	0.0	0.0
146	__protein3_rbs	2.75	0.0	0.0
146	__ribosome	29.35	0.0	0.0
146	__rnase_site_ext	16.3	0.0	0.0
146	p0	0.85	0.0	0.0
146	p2	0.75	0.0	0.0
146	protein1	659.7	15.85	1.8055595000000002
146	protein2	640.8	16.8	1.9827664
146	protein3	181.55	5.0	1.9696428
146	rnapol	0.3	0.0	0.0
147	__protein1_rbs	9.75	0.0	0.0
147	__protein2_rbs	10.4	0.0	0.0
147	__protein3_rbs	3.35	0.0	0.0
147	__ribosome	30.55	0.0	0.0
147	__rnase_site_ext	16.3	0.0	0.0
147	p0	0.9	0.0	0.0
147	p2	0.6	0.0	0.0
147	protein1	666.15	15.85	1.7895665
147	protein2	647.65	16.7	1.96662925
147	protein3	183.7	4.95	1.91166665
147	rnapol	0.5	0.0	0.0
148	__protein1_rbs	9.6	0.0	0.0
148	__protein2_rbs	10.45	0.0	0.0
148	__protein3_rbs	2.75	0.0	0.0
148	__ribosome	29.95	0.0	0.0
148	__rnase_site_ext	16.1	0.0	0.0
148	p0	0.8	0.0	0.0
148	p2	0.5	0.0	0.0
148	protein1	672.15	15.8	1.81599755
148	protein2	654.45	16.95	1.93676485
148	protein3	185.75	4.95	1.9796428
148	rnapol	0.65	0.0	0.0
149	__protein1_rbs	9.65	0.0	0.0
149	__protein2_rbs	10.45	0.0	0.0
149	__protein3_rbs	3.15	0.0	0.0
149	__ribosome	29.3	0.0	0.0
149	__rnase_site_ext	16.3	0.0	0.0
149	p0	0.85	0.0	0.0
149	p2	0.85	0.0	0.0
149	protein1	678.0	15.6	1.88843945
149	protein2	661.3	17.2	1.9096045500000003
149	protein3	187.55	4.95	1.95261905
149	rnapol	0.75	0.0	0.0
150	__protein1_rbs	9.2	0.0	0.0
150	__protein2_rbs	10.15	0.0	0.0
150	__protein3_rbs	2.9	0.0	0.0
150	__ribosome	27.15	0.0	0.0
150	__rnase_site_ext	16.5	0.0	0.0
150	p0	0.75	0.0	0.0
150	p2	0.75	0.0	0.0
150	protein1	683.6	15.7	1.9237578999999998
150	protein2	668.0	17.3	1.93252485
150	protein3	189.4	4.9	2.0751191
150	rnapol	0.6	0.0	0.0
151	__protein1_rbs	10.55	0.0	0.0
151	__protein2_rbs	10.7	0.0	0.0
151	__protein3_rbs	3.45	0.0	0.0
151	__ribosome	28.15	0.0	0.0
151	__rnase_site_ext	16.7	0.0	0.0
151	p0	0.7	0.0	0.0
151	p2	0.85	0.0	0.0
151	protein1	689.0	15.85	1.92503675
151	protein2	674.9	17.25	1.9143298
151	protein3	191.7	4.95	1.8297619500000004
151	rnapol	0.45	0.0	0.0
152	__protein1_rbs	9.7	0.0	0.0
152	__protein2_rbs	10.35	0.0	0.0
152	__protein3_rbs	2.6	0.0	0.0
152	__ribosome	27.05	0.0	0.0
152	__rnase_site_ext	16.65	0.0	0.0
152	p0	0.8	0.0	0.0
152	p2	0.65	0.0	0.0
152	protein1	695.7	16.15	1.88238
152	protein2	681.2	17.35	1.9452429
152	protein3	193.85	4.95	1.84535715
152	rnapol	0.25	0.0	0.0
153	__protein1_rbs	10.8	0.0	0.0
153	__protein2_rbs	11.45	0.0	0.0
153	__protein3_rbs	2.55	0.0	0.0
153	__ribosome	29.1	0.0	0.0
153	__rnase_site_ext	16.8	0.0	0.0
153	p0	0.8	0.0	0.0
153	p2	0.7	0.0	0.0
153	protein1	702.4	16.0	1.82841345
153	protein2	688.4	17.25	1.8894041
153	protein3	195.75	4.85	2.02027775
153	rnapol	0.4	0.0	0.0
154	__protein1_rbs	10.75	0.0	0.0
154	__protein2_rbs	11.1	0.0	0.0
154	__protein3_rbs	3.15	0.0	0.0
154	__ribosome	30.45	0.0	0.0
154	__rnase_site_ext	16.55	0.0	0.0
154	p0	0.75	0.0	0.0
154	p2	0.6	0.0	0.0
154	protein1	708.35	16.1	1.83388025
154	protein2	695.85	17.1	1.8297099500000005
154	protein3	197.75	4.9	1.9025794500000004
154	rnapol	0.35	0.0	0.0
155	__protein1_rbs	10.0	0.0	0.0
155	__protein2_rbs	10.15	0.0	0.0
155	__protein3_rbs	3.1	0.0	0.0
155	__ribosome	30.75	0.0	0.0
155	__rnase_site_ext	16.7	0.0	0.0
155	p0	0.7	0.0	0.0
155	p2	0.75	0.0	0.0
155	protein1	715.3	15.9	1.81295435
155	protein2	702.95	17.05	1.86735295
155	protein3	199.75	4.85	1.9348016
155	rnapol	0.4	0.0	0.0
156	__protein1_rbs	10.3	0.0	0.0
156	__protein2_rbs	10.15	0.0	0.0
156	__protein3_rbs	3.0	0.0	0.0
156	__ribosome	29.55	0.0	0.0
156	__rnase_site_ext	16.8	0.0	0.0
156	p0	0.85	0.0	0.0
156	p2	0.85	0.0	0.0
156	protein1	720.6	16.0	1.84819955
156	protein2	709.6	17.0	1.9102056
156	protein3	201.6	4.8	1.9822223
156	rnapol	0.4	0.0	0.0
157	__protein1_rbs	9.25	0.0	0.0
157	__protein2_rbs	10.6	0.0	0.0
157	__protein3_rbs	3.4	0.0	0.0
157	__ribosome	29.25	0.0	0.0
157	__rnase_site_ext	16.7	0.0	0.0
157	p0	0.85	0.0	0.0
157	p2	0.75	0.0	0.0
157	protein1	727.25	16.15	1.86211255
157	protein2	716.25	17.1	1.88249375
157	protein3	203.55	4.95	1.9080952000000002
157	rnapol	0.35	0.0	0.0
158	__protein1_rbs	10.3	0.0	0.0
158	__protein2_rbs	10.8	0.0	0.0
158	__protein3_rbs	3.4	0.0	0.0
158	__ribosome	29.25	0.0	0.0
158	__rnase_site_ext	16.8	0.0	0.0
158	p0	0.8	0.0	0.0
158	p2	0.9	0.0	0.0
158	protein1	733.2	16.05	1.87710875
158	protein2	722.3	17.2	1.91889845
158	protein3	206.0	5.0	1.7065475499999998
158	rnapol	0.35	0.0	0.0
159	__protein1_rbs	10.25	0.0	0.0
159	__protein2_rbs	10.25	0.0	0.0
159	__protein3_rbs	3.15	0.0	0.0
159	__ribosome	28.95	0.0	0.0
159	__rnase_site_ext	17.0	0.0	0.0
159	p0	0.8	0.0	0.0
159	p2	0.75	0.0	0.0
159	protein1	739.5	16.15	1.86920365
159	protein2	729.55	17.35	1.89211195
159	protein3	207.65	5.05	1.7358334
159	rnapol	0.15	0.0	0.0
160	__protein1_rbs	11.1	0.0	0.0
160	__protein2_rbs	11.9	0.0	0.0
160	__protein3_rbs	2.85	0.0	0.0
160	__ribosome	29.7	0.0	0.0
160	__rnase_site_ext	16.75	0.0	0.0
160	p0	0.85	0.0	0.0
160	p2	0.9	0.0	0.0
160	protein1	746.15	16.35	1.8094124
160	protein2	736.65	17.65	1.83453915
160	protein3	209.75	5.1	1.8145237500000004
160	rnapol	0.35	0.0	0.0
161	__protein1_rbs	10.1	0.0	0.0
161	__protein2_rbs	10.9	0.0	0.0
161	__protein3_rbs	3.1	0.0	0.0
161	__ribosome	28.35	0.0	0.0
161	__rnase_site_ext	16.75	0.0	0.0
161	p0	0.9	0.0	0.0
161	p2	0.85	0.0	0.0
161	protein1	752.7	16.1	1.84312395
161	protein2	743.0	17.65	1.8996519499999995
161	protein3	211.65	5.1	1.8542857000000008
161	rnapol	0.35	0.0	0.0
162	__protein1_rbs	9.45	0.0	0.0
162	__protein2_rbs	11.9	0.0	0.0
162	__protein3_rbs	3.05	0.0	0.0
162	__ribosome	28.25	0.0	0.0
162	__rnase_site_ext	16.9	0.0	0.0
162	p0	0.75	0.0	0.0
162	p2	0.6	0.0	0.0
162	protein1	759.05	16.1	1.9136366
162	protein2	750.45	17.65	1.8158632
162	protein3	213.3	5.1	1.925
162	rnapol	0.25	0.0	0.0
163	__protein1_rbs	10.55	0.0	0.0
163	__protein2_rbs	10.1	0.0	0.0
163	__protein3_rbs	3.25	0.0	0.0
163	__ribosome	26.6	0.0	0.0
163	__rnase_site_ext	16.85	0.0	0.0
163	p0	0.75	0.0	0.0
163	p2	0.85	0.0	0.0
163	protein1	765.0	16.3	1.89034725
163	protein2	757.1	17.55	1.913613
163	protein3	215.2	5.05	1.96630955
163	rnapol	0.45	0.0	0.0
164	__protein1_rbs	10.55	0.0	0.0
164	__protein2_rbs	11.7	0.0	0.0
164	__protein3_rbs	3.15	0.0	0.0
164	__ribosome	27.7	0.0	0.0
164	__rnase_site_ext	17.15	0.0	0.0
164	p0	0.95	0.0	0.0
164	p2	0.6	0.0	0.0
164	protein1	771.2	16.25	1.899268
164	protein2	764.5	17.55	1.84064495
164	protein3	217.3	5.1	1.967619
164	rnapol	0.35	0.0	0.0
165	__protein1_rbs	10.7	0.0	0.0
165	__protein2_rbs	11.15	0.0	0.0
165	__protein3_rbs	3.15	0.0	0.0
165	__ribosome	26.7	0.0	0.0
165	__rnase_site_ext	17.05	0.0	0.0
165	p0	0.75	0.0	0.0
165	p2	0.65	0.0	0.0
165	protein1	776.95	16.55	1.90998975
165	protein2	771.25	17.55	1.8633678
165	protein3	219.4	5.1	1.97130955
165	rnapol	0.5	0.0	0.0
166	__protein1_rbs	10.15	0.0	0.0
166	__protein2_rbs	10.95	0.0	0.0
166	__protein3_rbs	3.65	0.0	0.0
166	__ribosome	27.85	0.0	0.0
166	__rnase_site_ext	17.05	0.0	0.0
166	p0	0.95	0.0	0.0
166	p2	0.75	0.0	0.0
166	protein1	784.5	16.45	1.87825955
166	protein2	777.9	17.55	1.8617699
166	protein3	221.55	5.1	1.9016667000000005
166	rnapol	0.6	0.0	0.0
167	__protein1_rbs	10.95	0.0	0.0
167	__protein2_rbs	10.8	0.0	0.0
167	__protein3_rbs	3.4	0.0	0.0
167	__ribosome	28.15	0.0	0.0
167	__rnase_site_ext	17.2	0.0	0.0
167	p0	0.8	0.0	0.0
167	p2	0.75	0.0	0.0
167	protein1	791.0	16.5	1.85562815
167	protein2	784.75	17.55	1.8751253
167	protein3	223.7	5.2	1.8243254
167	rnapol	0.4	0.0	0.0
168	__protein1_rbs	10.3	0.0	0.0
168	__protein2_rbs	11.85	0.0	0.0
168	__protein3_rbs	3.15	0.0	0.0
168	__ribosome	28.75	0.0	0.0
168	__rnase_site_ext	17.3	0.0	0.0
168	p0	0.85	0.0	0.0
168	p2	0.8	0.0	0.0
168	protein1	797.3	16.7	1.8861696500000005
168	protein2	792.1	17.45	1.80108715
168	protein3	225.95	5.2	1.84730165
168	rnapol	0.3	0.0	0.0
169	__protein1_rbs	10.2	0.0	0.0
169	__protein2_rbs	11.1	0.0	0.0
169	__protein3_rbs	3.75	0.0	0.0
169	__ribosome	28.05	0.0	0.0
169	__rnase_site_ext	17.3	0.0	0.0
169	p0	0.9	0.0	0.0
169	p2	0.7	0.0	0.0
169	protein1	803.5	16.7	1.9194362
169	protein2	798.5	17.4	1.8225476000000003
169	protein3	227.85	5.3	1.787381
169	rnapol	0.3	0.0	0.0
170	__protein1_rbs	10.25	0.0	0.0
170	__protein2_rbs	10.35	0.0	0.0
170	__protein3_rbs	2.95	0.0	0.0
170	__ribosome	27.6	0.0	0.0
170	__rnase_site_ext	17.1	0.0	0.0
170	p0	0.9	0.0	0.0
170	p2	0.85	0.0	0.0
170	protein1	810.4	16.75	1.9160651
170	protein2	805.95	17.3	1.82443235
170	protein3	229.6	5.25	1.9003173500000003
170	rnapol	0.4	0.0	0.0
171	__protein1_rbs	10.5	0.0	0.0
171	__protein2_rbs	11.45	0.0	0.0
171	__protein3_rbs	3.3	0.0	0.0
171	__ribosome	28.05	0.0	0.0
171	__rnase_site_ext	17.25	0.0	0.0
171	p0	0.9	0.0	0.0
171	p2	0.75	0.0	0.0
171	protein1	817.25	16.55	1.92835765
171	protein2	812.6	17.55	1.7638921500000002
171	protein3	231.55	5.45	1.8948809500000003
171	rnapol	0.4	0.0	0.0
172	__protein1_rbs	10.0	0.0	0.0
172	__protein2_rbs	11.05	0.0	0.0
172	__protein3_rbs	3.7	0.0	0.0
172	__ribosome	29.1	0.0	0.0
172	__rnase_site_ext	17.2	0.0	0.0
172	p0	0.85	0.0	0.0
172	p2	0.8	0.0	0.0
172	protein1	824.25	16.55	1.9035824000000001
172	protein2	819.7	17.55	1.7601491500000002
172	protein3	233.85	5.5	1.7499405500000005
172	rnapol	0.45	0.0	0.0
173	__protein1_rbs	10.9	0.0	0.0
173	__protein2_rbs	11.45	0.0	0.0
173	__protein3_rbs	3.3	0.0	0.0
173	__ribosome	27.4	0.0	0.0
173	__rnase_site_ext	17.3	0.0	0.0
173	p0	0.8	0.0	0.0
173	p2	0.75	0.0	0.0
173	protein1	830.05	16.65	1.9285738999999995
173	protein2	825.65	17.65	1.8113537
173	protein3	235.75	5.3	1.8575397
173	rnapol	0.45	0.0	0.0
174	__protein1_rbs	10.9	0.0	0.0
174	__protein2_rbs	11.5	0.0	0.0
174	__protein3_rbs	3.5	0.0	0.0
174	__ribosome	28.3	0.0	0.0
174	__rnase_site_ext	17.3	0.0	0.0
174	p0	0.9	0.0	0.0
174	p2	0.75	0.0	0.0
174	protein1	837.25	16.65	1.8918436000000003
174	protein2	832.9	17.8	1.7744174999999998
174	protein3	237.85	5.35	1.8222619
174	rnapol	0.45	0.0	0.0
175	__protein1_rbs	10.75	0.0	0.0
175	__protein2_rbs	11.25	0.0	0.0
175	__protein3_rbs	3.15	0.0	0.0
175	__ribosome	27.0	0.0	0.0
175	__rnase_site_ext	17.4	0.0	0.0
175	p0	0.8	0.0	0.0
175	p2	0.7	0.0	0.0
175	protein1	844.3	16.75	1.8005564499999998
175	protein2	838.85	18.0	1.8361209000000005
175	protein3	239.75	5.35	1.92559525
175	rnapol	0.35	0.0	0.0
176	__protein1_rbs	10.2	0.0	0.0
176	__protein2_rbs	11.25	0.0	0.0
176	__protein3_rbs	3.2	0.0	0.0
176	__ribosome	26.45	0.0	0.0
176	__rnase_site_ext	17.6	0.0	0.0
176	p0	0.8	0.0	0.0
176	p2	0.85	0.0	0.0
176	protein1	850.95	16.8	1.8314398
176	protein2	845.65	17.85	1.86523175
176	protein3	242.15	5.35	1.83547625
176	rnapol	0.7	0.0	0.0
177	__protein1_rbs	10.3	0.0	0.0
177	__protein2_rbs	12.05	0.0	0.0
177	__protein3_rbs	3.05	0.0	0.0
177	__ribosome	26.45	0.0	0.0
177	__rnase_site_ext	17.8	0.0	0.0
177	p0	0.7	0.0	0.0
177	p2	0.8	0.0	0.0
177	protein1	857.7	17.0	1.83478225
177	protein2	853.15	17.9	1.8088516
177	protein3	243.85	5.4	2.0073610500000005
177	rnapol	0.5	0.0	0.0
178	__protein1_rbs	11.45	0.0	0.0
178	__protein2_rbs	10.75	0.0	0.0
178	__protein3_rbs	3.15	0.0	0.0
178	__ribosome	26.05	0.0	0.0
178	__rnase_site_ext	18.15	0.0	0.0
178	p0	0.85	0.0	0.0
178	p2	0.8	0.0	0.0
178	protein1	864.2	17.2	1.79307555
178	protein2	859.7	17.95	1.84371025
178	protein3	246.35	5.45	1.9579959999999998
178	rnapol	0.45	0.0	0.0
179	__protein1_rbs	10.75	0.0	0.0
179	__protein2_rbs	11.7	0.0	0.0
179	__protein3_rbs	4.0	0.0	0.0
179	__ribosome	26.2	0.0	0.0
179	__rnase_site_ext	18.25	0.0	0.0
179	p0	0.8	0.0	0.0
179	p2	0.65	0.0	0.0
179	protein1	870.05	17.5	1.84092515
179	protein2	866.8	17.85	1.79933835
179	protein3	248.35	5.4	1.9168651000000003
179	rnapol	0.45	0.0	0.0
180	__protein1_rbs	11.3	0.0	0.0
180	__protein2_rbs	10.6	0.0	0.0
180	__protein3_rbs	3.4	0.0	0.0
180	__ribosome	27.15	0.0	0.0
180	__rnase_site_ext	18.25	0.0	0.0
180	p0	0.85	0.0	0.0
180	p2	0.6	0.0	0.0
180	protein1	877.35	17.6	1.7989706000000003
180	protein2	874.45	17.75	1.81736865
180	protein3	251.0	5.25	1.8914881
180	rnapol	0.45	0.0	0.0
181	__protein1_rbs	11.3	0.0	0.0
181	__protein2_rbs	11.4	0.0	0.0
181	__protein3_rbs	3.15	0.0	0.0
181	__ribosome	26.7	0.0	0.0
181	__rnase_site_ext	18.35	0.0	0.0
181	p0	0.65	0.0	0.0
181	p2	0.9	0.0	0.0
181	protein1	883.9	17.5	1.8282739500000005
181	protein2	880.75	17.85	1.8324193
181	protein3	253.35	5.1	1.88583335
181	rnapol	0.4	0.0	0.0
182	__protein1_rbs	10.45	0.0	0.0
182	__protein2_rbs	11.65	0.0	0.0
182	__protein3_rbs	3.15	0.0	0.0
182	__ribosome	26.85	0.0	0.0
182	__rnase_site_ext	18.55	0.0	0.0
182	p0	0.9	0.0	0.0
182	p2	0.8	0.0	0.0
182	protein1	890.9	17.6	1.8451437
182	protein2	887.75	17.95	1.79917845
182	protein3	255.5	5.15	1.8036308999999997
182	rnapol	0.35	0.0	0.0
183	__protein1_rbs	11.5	0.0	0.0
183	__protein2_rbs	11.8	0.0	0.0
183	__protein3_rbs	3.45	0.0	0.0
183	__ribosome	27.2	0.0	0.0
183	__rnase_site_ext	18.35	0.0	0.0
183	p0	0.75	0.0	0.0
183	p2	0.9	0.0	0.0
183	protein1	897.3	17.7	1.83744425
183	protein2	894.95	17.95	1.78174635
183	protein3	257.8	5.25	1.7429563999999997
183	rnapol	0.35	0.0	0.0
184	__protein1_rbs	11.5	0.0	0.0
184	__protein2_rbs	11.8	0.0	0.0
184	__protein3_rbs	3.1	0.0	0.0
184	__ribosome	27.3	0.0	0.0
184	__rnase_site_ext	18.55	0.0	0.0
184	p0	0.9	0.0	0.0
184	p2	0.85	0.0	0.0
184	protein1	904.65	17.9	1.7616395
184	protein2	901.6	18.05	1.7742121999999998
184	protein3	259.5	5.05	1.9370833000000005
184	rnapol	0.25	0.0	0.0
185	__protein1_rbs	13.05	0.0	0.0
185	__protein2_rbs	11.05	0.0	0.0
185	__protein3_rbs	3.4	0.0	0.0
185	__ribosome	28.7	0.0	0.0
185	__rnase_site_ext	18.35	0.0	0.0
185	p0	0.9	0.0	0.0
185	p2	0.8	0.0	0.0
185	protein1	911.1	17.75	1.71718125
185	protein2	909.05	17.95	1.7980817999999996
185	protein3	261.4	4.8	1.9930951500000005
185	rnapol	0.2	0.0	0.0
186	__protein1_rbs	11.4	0.0	0.0
186	__protein2_rbs	11.6	0.0	0.0
186	__protein3_rbs	3.2	0.0	0.0
186	__ribosome	28.2	0.0	0.0
186	__rnase_site_ext	18.4	0.0	0.0
186	p0	0.9	0.0	0.0
186	p2	0.75	0.0	0.0
186	protein1	918.15	17.65	1.7256633999999995
186	protein2	915.95	18.3	1.7945432
186	protein3	263.45	4.85	1.9656548
186	rnapol	0.1	0.0	0.0
187	__protein1_rbs	10.9	0.0	0.0
187	__protein2_rbs	11.1	0.0	0.0
187	__protein3_rbs	3.2	0.0	0.0
187	__ribosome	27.1	0.0	0.0
187	__rnase_site_ext	18.15	0.0	0.0
187	p0	0.95	0.0	0.0
187	p2	0.8	0.0	0.0
187	protein1	924.7	17.6	1.7756173999999998
187	protein2	922.9	18.25	1.84451425
187	protein3	265.8	4.85	1.8295635
187	rnapol	0.35	0.0	0.0
188	__protein1_rbs	10.75	0.0	0.0
188	__protein2_rbs	12.35	0.0	0.0
188	__protein3_rbs	2.9	0.0	0.0
188	__ribosome	27.9	0.0	0.0
188	__rnase_site_ext	18.1	0.0	0.0
188	p0	0.9	0.0	0.0
188	p2	0.75	0.0	0.0
188	protein1	932.1	17.55	1.78951775
188	protein2	929.65	18.3	1.8064683999999998
188	protein3	268.15	4.8	1.85392855
188	rnapol	0.35	0.0	0.0
189	__protein1_rbs	11.65	0.0	0.0
189	__protein2_rbs	11.8	0.0	0.0
189	__protein3_rbs	3.25	0.0	0.0
189	__ribosome	26.4	0.0	0.0
189	__rnase_site_ext	18.2	0.0	0.0
189	p0	0.75	0.0	0.0
189	p2	0.75	0.0	0.0
189	protein1	938.5	17.35	1.81736665
189	protein2	936.05	18.65	1.84352705
189	protein3	269.75	4.95	1.75972215
189	rnapol	0.3	0.0	0.0
190	__protein1_rbs	11.0	0.0	0.0
190	__protein2_rbs	13.1	0.0	0.0
190	__protein3_rbs	3.65	0.0	0.0
190	__ribosome	27.6	0.0	0.0
190	__rnase_site_ext	18.35	0.0	0.0
190	p0	0.75	0.0	0.0
190	p2	0.5	0.0	0.0
190	protein1	944.85	17.45	1.8447478
190	protein2	943.6	18.8	1.7410411499999998
190	protein3	271.8	4.95	1.7314284999999998
190	rnapol	0.2	0.0	0.0
191	__protein1_rbs	11.6	0.0	0.0
191	__protein2_rbs	12.15	0.0	0.0
191	__protein3_rbs	3.2	0.0	0.0
191	__ribosome	27.45	0.0	0.0
191	__rnase_site_ext	18.35	0.0	0.0
191	p0	0.85	0.0	0.0
191	p2	0.85	0.0	0.0
191	protein1	951.55	17.6	1.81059445
191	protein2	951.15	19.15	1.7115863500000004
191	protein3	273.35	4.95	1.81809525
191	rnapol	0.5	0.0	0.0
192	__protein1_rbs	11.3	0.0	0.0
192	__protein2_rbs	12.0	0.0	0.0
192	__protein3_rbs	3.15	0.0	0.0
192	__ribosome	27.25	0.0	0.0
192	__rnase_site_ext	18.15	0.0	0.0
192	p0	0.75	0.0	0.0
192	p2	0.85	0.0	0.0
192	protein1	959.1	17.55	1.79331045
192	protein2	958.5	19.35	1.72487315
192	protein3	275.3	4.9	1.87422615
192	rnapol	0.4	0.0	0.0
193	__protein1_rbs	11.55	0.0	0.0
193	__protein2_rbs	12.6	0.0	0.0
193	__protein3_rbs	3.2	0.0	0.0
193	__ribosome	28.4	0.0	0.0
193	__rnase_site_ext	18.1	0.0	0.0
193	p0	0.85	0.0	0.0
193	p2	0.55	0.0	0.0
193	protein1	966.1	17.4	1.7859789000000001
193	protein2	966.0	19.3	1.70335325
193	protein3	277.5	4.8	1.7714880999999998
193	rnapol	0.45	0.0	0.0
194	__protein1_rbs	10.8	0.0	0.0
194	__protein2_rbs	12.4	0.0	0.0
194	__protein3_rbs	2.9	0.0	0.0
194	__ribosome	26.85	0.0	0.0
194	__rnase_site_ext	18.4	0.0	0.0
194	p0	0.75	0.0	0.0
194	p2	0.65	0.0	0.0
194	protein1	973.1	17.3	1.7911316000000004
194	protein2	971.95	19.15	1.8011933999999998
194	protein3	279.45	4.8	1.7507142999999998
194	rnapol	0.5	0.0	0.0
195	__protein1_rbs	10.9	0.0	0.0
195	__protein2_rbs	11.95	0.0	0.0
195	__protein3_rbs	3.2	0.0	0.0
195	__ribosome	26.45	0.0	0.0
195	__rnase_site_ext	18.45	0.0	0.0
195	p0	0.7	0.0	0.0
195	p2	0.7	0.0	0.0
195	protein1	979.7	17.4	1.7972381999999998
195	protein2	979.45	18.95	1.8296596999999999
195	protein3	281.1	4.75	1.7589881000000005
195	rnapol	0.45	0.0	0.0
196	__protein1_rbs	11.25	0.0	0.0
196	__protein2_rbs	12.2	0.0	0.0
196	__protein3_rbs	2.65	0.0	0.0
196	__ribosome	26.1	0.0	0.0
196	__rnase_site_ext	18.5	0.0	0.0
196	p0	0.9	0.0	0.0
196	p2	0.7	0.0	0.0
196	protein1	986.1	17.45	1.82803035
196	protein2	987.15	18.85	1.8210273
196	protein3	283.0	4.75	1.82416665
196	rnapol	0.55	0.0	0.0
197	__protein1_rbs	11.15	0.0	0.0
197	__protein2_rbs	11.9	0.0	0.0
197	__protein3_rbs	2.9	0.0	0.0
197	__ribosome	26.3	0.0	0.0
197	__rnase_site_ext	18.6	0.0	0.0
197	p0	0.8	0.0	0.0
197	p2	0.9	0.0	0.0
197	protein1	993.0	17.5	1.807519
197	protein2	994.9	18.9	1.7941127
197	protein3	284.9	4.8	1.77708325
197	rnapol	0.65	0.0	0.0
198	__protein1_rbs	11.6	0.0	0.0
198	__protein2_rbs	12.55	0.0	0.0
198	__protein3_rbs	3.2	0.0	0.0
198	__ribosome	26.6	0.0	0.0
198	__rnase_site_ext	18.65	0.0	0.0
198	p0	0.7	0.0	0.0
198	p2	0.85	0.0	0.0
198	protein1	1000.1	17.55	1.7652585000000005
198	protein2	1001.8	18.9	1.7969237
198	protein3	286.65	4.9	1.80750005
198	rnapol	0.4	0.0	0.0
199	__protein1_rbs	11.2	0.0	0.0
199	__protein2_rbs	12.15	0.0	0.0
199	__protein3_rbs	3.1	0.0	0.0
199	__ribosome	25.6	0.0	0.0
199	__rnase_site_ext	18.9	0.0	0.0
199	p0	0.75	0.0	0.0
199	p2	0.95	0.0	0.0
199	protein1	1006.4	17.7	1.80808355
199	protein2	1009.75	19.0	1.7701539999999998
199	protein3	288.25	4.95	1.9299405000000005
199	rnapol	0.35	0.0	0.0
200	__protein1_rbs	11.8	0.0	0.0
200	__protein2_rbs	11.75	0.0	0.0
200	__protein3_rbs	3.5	0.0	0.0
200	__ribosome	26.45	0.0	0.0
200	__rnase_site_ext	19.0	0.0	0.0
200	p0	0.9	0.0	0.0
200	p2	0.9	0.0	0.0
200	protein1	1014.0	18.0	1.7435208999999998
200	protein2	1017.05	19.05	1.7870986499999997
200	protein3	290.4	4.95	1.8425
200	rnapol	0.2	0.0	0.0
201	__protein1_rbs	11.55	0.0	0.0
201	__protein2_rbs	12.05	0.0	0.0
201	__protein3_rbs	3.15	0.0	0.0
201	__ribosome	25.45	0.0	0.0
201	__rnase_site_ext	18.75	0.0	0.0
201	p0	0.9	0.0	0.0
201	p2	0.75	0.0	0.0
201	protein1	1020.6	18.15	1.77840835
201	protein2	1024.6	18.95	1.7949180999999996
201	protein3	292.35	4.9	1.8588095000000002
201	rnapol	0.25	0.0	0.0
202	__protein1_rbs	11.6	0.0	0.0
202	__protein2_rbs	12.95	0.0	0.0
202	__protein3_rbs	2.9	0.0	0.0
202	__ribosome	26.65	0.0	0.0
202	__rnase_site_ext	18.75	0.0	0.0
202	p0	0.85	0.0	0.0
202	p2	0.8	0.0	0.0
202	protein1	1027.55	17.95	1.799534
202	protein2	1032.2	19.1	1.7356338999999998
202	protein3	294.7	4.9	1.8067857
202	rnapol	0.3	0.0	0.0
203	__protein1_rbs	11.1	0.0	0.0
203	__protein2_rbs	11.75	0.0	0.0
203	__protein3_rbs	3.05	0.0	0.0
203	__ribosome	25.45	0.0	0.0
203	__rnase_site_ext	18.6	0.0	0.0
203	p0	1.0	0.0	0.0
203	p2	0.75	0.0	0.0
203	protein1	1034.5	17.85	1.8120875500000004
203	protein2	1038.95	19.05	1.8091788
203	protein3	296.75	4.9	1.7680952
203	rnapol	0.4	0.0	0.0
204	__protein1_rbs	11.95	0.0	0.0
204	__protein2_rbs	12.2	0.0	0.0
204	__protein3_rbs	3.6	0.0	0.0
204	__ribosome	25.15	0.0	0.0
204	__rnase_site_ext	18.4	0.0	0.0
204	p0	0.9	0.0	0.0
204	p2	0.55	0.0	0.0
204	protein1	1040.5	17.8	1.8653566
204	protein2	1046.7	19.2	1.7840783999999996
204	protein3	298.6	4.9	1.6723809500000002
204	rnapol	0.25	0.0	0.0
205	__protein1_rbs	11.55	0.0	0.0
205	__protein2_rbs	12.55	0.0	0.0
205	__protein3_rbs	2.95	0.0	0.0
205	__ribosome	26.2	0.0	0.0
205	__rnase_site_ext	18.65	0.0	0.0
205	p0	0.75	0.0	0.0
205	p2	0.75	0.0	0.0
205	protein1	1048.15	17.6	1.82754535
205	protein2	1054.0	19.3	1.773997
205	protein3	300.5	4.9	1.7190476499999998
205	rnapol	0.3	0.0	0.0
206	__protein1_rbs	11.7	0.0	0.0
206	__protein2_rbs	12.85	0.0	0.0
206	__protein3_rbs	3.5	0.0	0.0
206	__ribosome	26.2	0.0	0.0
206	__rnase_site_ext	18.8	0.0	0.0
206	p0	0.75	0.0	0.0
206	p2	0.8	0.0	0.0
206	protein1	1055.4	17.75	1.7857284999999998
206	protein2	1060.95	19.25	1.7945577000000001
206	protein3	302.1	5.0	1.6992857500000005
206	rnapol	0.2	0.0	0.0
207	__protein1_rbs	11.85	0.0	0.0
207	__protein2_rbs	12.15	0.0	0.0
207	__protein3_rbs	3.0	0.0	0.0
207	__ribosome	25.75	0.0	0.0
207	__rnase_site_ext	18.75	0.0	0.0
207	p0	0.9	0.0	0.0
207	p2	0.6	0.0	0.0
207	protein1	1062.4	17.85	1.7764581499999998
207	protein2	1068.45	19.15	1.7944314
207	protein3	304.3	5.2	1.6839284500000002
207	rnapol	0.25	0.0	0.0
208	__protein1_rbs	11.25	0.0	0.0
208	__protein2_rbs	12.7	0.0	0.0
208	__protein3_rbs	3.35	0.0	0.0
208	__ribosome	27.75	0.0	0.0
208	__rnase_site_ext	18.7	0.0	0.0
208	p0	0.85	0.0	0.0
208	p2	0.65	0.0	0.0
208	protein1	1070.5	17.9	1.7068676500000002
208	protein2	1076.4	19.2	1.74185925
208	protein3	306.45	5.25	1.6157143
208	rnapol	0.35	0.0	0.0
209	__protein1_rbs	11.5	0.0	0.0
209	__protein2_rbs	12.1	0.0	0.0
209	__protein3_rbs	3.35	0.0	0.0
209	__ribosome	26.1	0.0	0.0
209	__rnase_site_ext	18.85	0.0	0.0
209	p0	0.7	0.0	0.0
209	p2	0.75	0.0	0.0
209	protein1	1076.8	17.85	1.7549072000000001
209	protein2	1083.85	19.1	1.7792234
209	protein3	308.1	5.15	1.7415477000000004
209	rnapol	0.35	0.0	0.0
210	__protein1_rbs	12.4	0.0	0.0
210	__protein2_rbs	12.5	0.0	0.0
210	__protein3_rbs	3.45	0.0	0.0
210	__ribosome	27.0	0.0	0.0
210	__rnase_site_ext	19.0	0.0	0.0
210	p0	0.8	0.0	0.0
210	p2	0.65	0.0	0.0
210	protein1	1083.6	18.0	1.6988031500000005
210	protein2	1091.3	19.0	1.7566823499999995
210	protein3	309.6	5.2	1.7905952500000002
210	rnapol	0.35	0.0	0.0
211	__protein1_rbs	11.6	0.0	0.0
211	__protein2_rbs	12.55	0.0	0.0
211	__protein3_rbs	3.2	0.0	0.0
211	__ribosome	26.5	0.0	0.0
211	__rnase_site_ext	19.1	0.0	0.0
211	p0	0.65	0.0	0.0
211	p2	0.6	0.0	0.0
211	protein1	1090.65	18.15	1.71051375
211	protein2	1098.75	19.05	1.7582361
211	protein3	311.95	5.35	1.7528572
211	rnapol	0.3	0.0	0.0
212	__protein1_rbs	11.9	0.0	0.0
212	__protein2_rbs	12.6	0.0	0.0
212	__protein3_rbs	3.95	0.0	0.0
212	__ribosome	26.7	0.0	0.0
212	__rnase_site_ext	19.2	0.0	0.0
212	p0	0.85	0.0	0.0
212	p2	0.8	0.0	0.0
212	protein1	1097.25	18.25	1.7462361999999998
212	protein2	1106.45	19.05	1.7266066000000002
212	protein3	314.1	5.4	1.6691072000000002
212	rnapol	0.5	0.0	0.0
213	__protein1_rbs	11.05	0.0	0.0
213	__protein2_rbs	12.9	0.0	0.0
213	__protein3_rbs	3.4	0.0	0.0
213	__ribosome	25.6	0.0	0.0
213	__rnase_site_ext	19.15	0.0	0.0
213	p0	0.75	0.0	0.0
213	p2	0.75	0.0	0.0
213	protein1	1104.2	18.35	1.79568425
213	protein2	1113.65	19.25	1.7318042999999996
213	protein3	316.65	5.4	1.63095245
213	rnapol	0.35	0.0	0.0
214	__protein1_rbs	11.8	0.0	0.0
214	__protein2_rbs	13.4	0.0	0.0
214	__protein3_rbs	3.4	0.0	0.0
214	__ribosome	25.05	0.0	0.0
214	__rnase_site_ext	18.95	0.0	0.0
214	p0	0.95	0.0	0.0
214	p2	0.9	0.0	0.0
214	protein1	1111.1	18.35	1.82965165
214	protein2	1121.1	19.3	1.68726525
214	protein3	317.95	5.5	1.7814286000000004
214	rnapol	0.55	0.0	0.0
215	__protein1_rbs	12.15	0.0	0.0
215	__protein2_rbs	13.3	0.0	0.0
215	__protein3_rbs	3.75	0.0	0.0
215	__ribosome	26.3	0.0	0.0
215	__rnase_site_ext	19.0	0.0	0.0
215	p0	0.85	0.0	0.0
215	p2	0.7	0.0	0.0
215	protein1	1118.3	18.15	1.7933066000000004
215	protein2	1128.85	19.25	1.67079575
215	protein3	319.9	5.6	1.7514286
215	rnapol	0.35	0.0	0.0
216	__protein1_rbs	12.0	0.0	0.0
216	__protein2_rbs	12.2	0.0	0.0
216	__protein3_rbs	3.2	0.0	0.0
216	__ribosome	25.35	0.0	0.0
216	__rnase_site_ext	19.15	0.0	0.0
216	p0	0.85	0.0	0.0
216	p2	0.85	0.0	0.0
216	protein1	1125.15	18.15	1.8061133000000005
216	protein2	1136.0	19.2	1.6898688999999998
216	protein3	322.1	5.5	1.8073810000000001
216	rnapol	0.35	0.0	0.0
217	__protein1_rbs	11.95	0.0	0.0
217	__protein2_rbs	12.8	0.0	0.0
217	__protein3_rbs	3.55	0.0	0.0
217	__ribosome	26.05	0.0	0.0
217	__rnase_site_ext	19.0	0.0	0.0
217	p0	0.7	0.0	0.0
217	p2	0.65	0.0	0.0
217	protein1	1133.45	18.3	1.73913015
217	protein2	1143.35	19.25	1.69457445
217	protein3	323.9	5.5	1.86482145
217	rnapol	0.3	0.0	0.0
218	__protein1_rbs	11.85	0.0	0.0
218	__protein2_rbs	12.85	0.0	0.0
218	__protein3_rbs	3.55	0.0	0.0
218	__ribosome	25.85	0.0	0.0
218	__rnase_site_ext	19.15	0.0	0.0
218	p0	0.7	0.0	0.0
218	p2	0.65	0.0	0.0
218	protein1	1140.4	18.15	1.74184385
218	protein2	1150.15	19.1	1.7208471499999998
218	protein3	326.2	5.5	1.89011905
218	rnapol	0.3	0.0	0.0
219	__protein1_rbs	11.8	0.0	0.0
219	__protein2_rbs	12.15	0.0	0.0
219	__protein3_rbs	3.4	0.0	0.0
219	__ribosome	25.25	0.0	0.0
219	__rnase_site_ext	19.25	0.0	0.0
219	p0	0.8	0.0	0.0
219	p2	0.75	0.0	0.0
219	protein1	1147.4	18.4	1.75008995
219	protein2	1157.35	19.1	1.72187485
219	protein3	328.2	5.5	1.9147421
219	rnapol	0.35	0.0	0.0
220	__protein1_rbs	11.6	0.0	0.0
220	__protein2_rbs	12.4	0.0	0.0
220	__protein3_rbs	3.45	0.0	0.0
220	__ribosome	25.75	0.0	0.0
220	__rnase_site_ext	19.1	0.0	0.0
220	p0	0.85	0.0	0.0
220	p2	0.95	0.0	0.0
220	protein1	1154.3	18.3	1.7515688000000005
220	protein2	1164.4	19.15	1.73045185
220	protein3	331.2	5.4	1.7792856500000005
220	rnapol	0.4	0.0	0.0
221	__protein1_rbs	12.3	0.0	0.0
221	__protein2_rbs	12.8	0.0	0.0
221	__protein3_rbs	3.05	0.0	0.0
221	__ribosome	25.6	0.0	0.0
221	__rnase_site_ext	19.4	0.0	0.0
221	p0	0.8	0.0	0.0
221	p2	0.8	0.0	0.0
221	protein1	1161.4	18.25	1.73068445
221	protein2	1171.65	19.45	1.6983115000000002
221	protein3	333.1	5.4	1.92200405
221	rnapol	0.3	0.0	0.0
222	__protein1_rbs	12.45	0.0	0.0
222	__protein2_rbs	13.15	0.0	0.0
222	__protein3_rbs	3.55	0.0	0.0
222	__ribosome	27.4	0.0	0.0
222	__rnase_site_ext	19.25	0.0	0.0
222	p0	1.0	0.0	0.0
222	p2	0.85	0.0	0.0
222	protein1	1168.8	18.5	1.6666345
222	protein2	1179.65	19.4	1.659113
222	protein3	335.45	5.55	1.80660715
222	rnapol	0.45	0.0	0.0
223	__protein1_rbs	11.6	0.0	0.0
223	__protein2_rbs	12.8	0.0	0.0
223	__protein3_rbs	3.15	0.0	0.0
223	__ribosome	25.05	0.0	0.0
223	__rnase_site_ext	19.1	0.0	0.0
223	p0	0.8	0.0	0.0
223	p2	0.6	0.0	0.0
223	protein1	1175.65	18.35	1.7387183000000002
223	protein2	1186.2	19.55	1.72317195
223	protein3	337.95	5.5	1.8153572
223	rnapol	0.3	0.0	0.0
224	__protein1_rbs	12.75	0.0	0.0
224	__protein2_rbs	11.85	0.0	0.0
224	__protein3_rbs	3.15	0.0	0.0
224	__ribosome	25.3	0.0	0.0
224	__rnase_site_ext	19.15	0.0	0.0
224	p0	0.6	0.0	0.0
224	p2	0.85	0.0	0.0
224	protein1	1182.85	18.15	1.6811268
224	protein2	1194.1	19.7	1.73890715
224	protein3	339.8	5.3	2.0383333500000003
224	rnapol	0.3	0.0	0.0
225	__protein1_rbs	12.5	0.0	0.0
225	__protein2_rbs	12.7	0.0	0.0
225	__protein3_rbs	3.45	0.0	0.0
225	__ribosome	25.5	0.0	0.0
225	__rnase_site_ext	19.35	0.0	0.0
225	p0	0.9	0.0	0.0
225	p2	0.6	0.0	0.0
225	protein1	1190.1	18.2	1.6600658000000004
225	protein2	1201.4	19.8	1.7214704500000004
225	protein3	342.05	5.35	2.0365476000000005
225	rnapol	0.15	0.0	0.0
226	__protein1_rbs	12.75	0.0	0.0
226	__protein2_rbs	13.2	0.0	0.0
226	__protein3_rbs	3.15	0.0	0.0
226	__ribosome	25.1	0.0	0.0
226	__rnase_site_ext	19.35	0.0	0.0
226	p0	0.85	0.0	0.0
226	p2	0.75	0.0	0.0
226	protein1	1196.4	18.5	1.64514985
226	protein2	1209.0	19.85	1.70228305
226	protein3	344.25	5.4	2.0655357000000003
226	rnapol	0.35	0.0	0.0
227	__protein1_rbs	11.4	0.0	0.0
227	__protein2_rbs	12.65	0.0	0.0
227	__protein3_rbs	3.75	0.0	0.0
227	__ribosome	25.5	0.0	0.0
227	__rnase_site_ext	19.45	0.0	0.0
227	p0	0.95	0.0	0.0
227	p2	0.9	0.0	0.0
227	protein1	1204.05	18.55	1.6563732000000002
227	protein2	1216.6	19.75	1.7261119999999999
227	protein3	346.9	5.35	1.9057738500000003
227	rnapol	0.55	0.0	0.0
228	__protein1_rbs	12.4	0.0	0.0
228	__protein2_rbs	12.65	0.0	0.0
228	__protein3_rbs	3.65	0.0	0.0
228	__ribosome	24.45	0.0	0.0
228	__rnase_site_ext	19.55	0.0	0.0
228	p0	0.7	0.0	0.0
228	p2	0.75	0.0	0.0
228	protein1	1210.05	18.65	1.6987291499999997
228	protein2	1223.85	19.7	1.75479935
228	protein3	349.3	5.45	1.8033333
228	rnapol	0.25	0.0	0.0
229	__protein1_rbs	13.0	0.0	0.0
229	__protein2_rbs	13.65	0.0	0.0
229	__protein3_rbs	4.1	0.0	0.0
229	__ribosome	25.7	0.0	0.0
229	__rnase_site_ext	19.6	0.0	0.0
229	p0	1.0	0.0	0.0
229	p2	0.85	0.0	0.0
229	protein1	1217.3	18.8	1.67257505
229	protein2	1231.65	19.85	1.72550985
229	protein3	351.45	5.5	1.7055952500000005
229	rnapol	0.45	0.0	0.0
230	__protein1_rbs	11.75	0.0	0.0
230	__protein2_rbs	13.2	0.0	0.0
230	__protein3_rbs	3.8	0.0	0.0
230	__ribosome	24.95	0.0	0.0
230	__rnase_site_ext	19.35	0.0	0.0
230	p0	0.7	0.0	0.0
230	p2	0.55	0.0	0.0
230	protein1	1223.5	18.9	1.7472444999999999
230	protein2	1239.4	19.6	1.73892845
230	protein3	354.15	5.45	1.6019642499999995
230	rnapol	0.25	0.0	0.0
231	__protein1_rbs	12.15	0.0	0.0
231	__protein2_rbs	13.1	0.0	0.0
231	__protein3_rbs	3.3	0.0	0.0
231	__ribosome	25.3	0.0	0.0
231	__rnase_site_ext	19.45	0.0	0.0
231	p0	0.85	0.0	0.0
231	p2	0.8	0.0	0.0
231	protein1	1230.85	18.55	1.7663476500000002
231	protein2	1247.0	19.7	1.7111207999999998
231	protein3	356.35	5.4	1.7102976
231	rnapol	0.4	0.0	0.0
232	__protein1_rbs	11.1	0.0	0.0
232	__protein2_rbs	12.8	0.0	0.0
232	__protein3_rbs	3.75	0.0	0.0
232	__ribosome	24.45	0.0	0.0
232	__rnase_site_ext	19.6	0.0	0.0
232	p0	0.8	0.0	0.0
232	p2	0.85	0.0	0.0
232	protein1	1238.35	18.75	1.8005137499999997
232	protein2	1255.15	19.85	1.6878911000000003
232	protein3	358.25	5.3	1.7115476000000003
232	rnapol	0.3	0.0	0.0
233	__protein1_rbs	11.9	0.0	0.0
233	__protein2_rbs	13.15	0.0	0.0
233	__protein3_rbs	4.0	0.0	0.0
233	__ribosome	24.25	0.0	0.0
233	__rnase_site_ext	19.5	0.0	0.0
233	p0	0.85	0.0	0.0
233	p2	0.65	0.0	0.0
233	protein1	1245.4	18.8	1.8181615000000002
233	protein2	1262.5	19.8	1.7106284500000002
233	protein3	360.3	5.4	1.6060119
233	rnapol	0.3	0.0	0.0
234	__protein1_rbs	12.85	0.0	0.0
234	__protein2_rbs	11.85	0.0	0.0
234	__protein3_rbs	3.25	0.0	0.0
234	__ribosome	24.05	0.0	0.0
234	__rnase_site_ext	19.1	0.0	0.0
234	p0	0.95	0.0	0.0
234	p2	0.7	0.0	0.0
234	protein1	1252.75	18.7	1.7840891500000002
234	protein2	1270.5	19.8	1.7322706
234	protein3	362.2	5.45	1.7265278000000002
234	rnapol	0.45	0.0	0.0
235	__protein1_rbs	12.0	0.0	0.0
235	__protein2_rbs	13.6	0.0	0.0
235	__protein3_rbs	3.1	0.0	0.0
235	__ribosome	24.05	0.0	0.0
235	__rnase_site_ext	19.15	0.0	0.0
235	p0	0.75	0.0	0.0
235	p2	0.8	0.0	0.0
235	protein1	1260.5	18.45	1.7965461499999995
235	protein2	1277.7	20.0	1.7161017499999995
235	protein3	364.45	5.45	1.759742
235	rnapol	0.25	0.0	0.0
236	__protein1_rbs	11.6	0.0	0.0
236	__protein2_rbs	13.45	0.0	0.0
236	__protein3_rbs	3.95	0.0	0.0
236	__ribosome	24.95	0.0	0.0
236	__rnase_site_ext	18.85	0.0	0.0
236	p0	0.95	0.0	0.0
236	p2	0.6	0.0	0.0
236	protein1	1268.15	18.25	1.7932485000000002
236	protein2	1285.6	20.2	1.66680955
236	protein3	366.2	5.5	1.7252379999999998
236	rnapol	0.25	0.0	0.0
237	__protein1_rbs	11.25	0.0	0.0
237	__protein2_rbs	13.55	0.0	0.0
237	__protein3_rbs	3.7	0.0	0.0
237	__ribosome	25.4	0.0	0.0
237	__rnase_site_ext	19.05	0.0	0.0
237	p0	0.8	0.0	0.0
237	p2	0.75	0.0	0.0
237	protein1	1276.45	18.15	1.7670551
237	protein2	1293.1	19.95	1.6905081000000002
237	protein3	368.2	5.65	1.6961706500000002
237	rnapol	0.3	0.0	0.0
238	__protein1_rbs	12.05	0.0	0.0
238	__protein2_rbs	13.65	0.0	0.0
238	__protein3_rbs	4.0	0.0	0.0
238	__ribosome	25.45	0.0	0.0
238	__rnase_site_ext	18.9	0.0	0.0
238	p0	0.85	0.0	0.0
238	p2	0.9	0.0	0.0
238	protein1	1282.85	18.3	1.7876098499999995
238	protein2	1300.95	19.85	1.6690251500000002
238	protein3	370.3	5.65	1.6471429
238	rnapol	0.35	0.0	0.0
239	__protein1_rbs	11.95	0.0	0.0
239	__protein2_rbs	14.1	0.0	0.0
239	__protein3_rbs	3.6	0.0	0.0
239	__ribosome	25.6	0.0	0.0
239	__rnase_site_ext	18.9	0.0	0.0
239	p0	0.75	0.0	0.0
239	p2	0.6	0.0	0.0
239	protein1	1290.05	18.15	1.80393025
239	protein2	1308.15	19.95	1.6717596
239	protein3	372.8	5.65	1.6370834000000003
239	rnapol	0.35	0.0	0.0
240	__protein1_rbs	11.85	0.0	0.0
240	__protein2_rbs	13.35	0.0	0.0
240	__protein3_rbs	3.5	0.0	0.0
240	__ribosome	24.75	0.0	0.0
240	__rnase_site_ext	19.1	0.0	0.0
240	p0	0.75	0.0	0.0
240	p2	0.7	0.0	0.0
240	protein1	1297.5	18.2	1.7789179500000003
240	protein2	1315.4	20.0	1.6945712000000004
240	protein3	374.75	5.8	1.6619048000000003
240	rnapol	0.35	0.0	0.0
241	__protein1_rbs	11.15	0.0	0.0
241	__protein2_rbs	13.15	0.0	0.0
241	__protein3_rbs	4.25	0.0	0.0
241	__ribosome	25.5	0.0	0.0
241	__rnase_site_ext	19.2	0.0	0.0
241	p0	0.8	0.0	0.0
241	p2	0.65	0.0	0.0
241	protein1	1305.4	18.2	1.7855490499999995
241	protein2	1323.65	20.15	1.6600452499999996
241	protein3	377.0	5.75	1.62726185
241	rnapol	0.25	0.0	0.0
242	__protein1_rbs	12.2	0.0	0.0
242	__protein2_rbs	12.85	0.0	0.0
242	__protein3_rbs	4.25	0.0	0.0
242	__ribosome	25.75	0.0	0.0
242	__rnase_site_ext	19.3	0.0	0.0
242	p0	0.75	0.0	0.0
242	p2	0.85	0.0	0.0
242	protein1	1312.9	18.35	1.74078635
242	protein2	1331.5	19.95	1.69679185
242	protein3	379.0	5.75	1.6421230000000002
242	rnapol	0.45	0.0	0.0
243	__protein1_rbs	13.05	0.0	0.0
243	__protein2_rbs	12.7	0.0	0.0
243	__protein3_rbs	3.65	0.0	0.0
243	__ribosome	24.85	0.0	0.0
243	__rnase_site_ext	19.5	0.0	0.0
243	p0	0.8	0.0	0.0
243	p2	0.7	0.0	0.0
243	protein1	1320.2	18.5	1.67159705
243	protein2	1338.8	20.1	1.73972615
243	protein3	380.6	5.8	1.7198412499999995
243	rnapol	0.25	0.0	0.0
244	__protein1_rbs	13.5	0.0	0.0
244	__protein2_rbs	14.3	0.0	0.0
244	__protein3_rbs	3.6	0.0	0.0
244	__ribosome	25.6	0.0	0.0
244	__rnase_site_ext	19.45	0.0	0.0
244	p0	0.9	0.0	0.0
244	p2	0.85	0.0	0.0
244	protein1	1327.0	18.7	1.63103875
244	protein2	1346.0	20.25	1.710275
244	protein3	382.95	5.85	1.7430952000000002
244	rnapol	0.5	0.0	0.0
245	__protein1_rbs	11.95	0.0	0.0
245	__protein2_rbs	12.85	0.0	0.0
245	__protein3_rbs	3.35	0.0	0.0
245	__ribosome	24.9	0.0	0.0
245	__rnase_site_ext	19.65	0.0	0.0
245	p0	0.7	0.0	0.0
245	p2	0.7	0.0	0.0
245	protein1	1334.3	18.6	1.6487404
245	protein2	1354.15	20.05	1.75284145
245	protein3	385.5	5.8	1.74607145
245	rnapol	0.35	0.0	0.0
246	__protein1_rbs	12.1	0.0	0.0
246	__protein2_rbs	13.45	0.0	0.0
246	__protein3_rbs	4.05	0.0	0.0
246	__ribosome	23.85	0.0	0.0
246	__rnase_site_ext	19.7	0.0	0.0
246	p0	0.65	0.0	0.0
246	p2	0.9	0.0	0.0
246	protein1	1341.35	18.7	1.67172615
246	protein2	1361.45	20.05	1.7686118500000003
246	protein3	387.25	5.85	1.77565475
246	rnapol	0.15	0.0	0.0
247	__protein1_rbs	13.0	0.0	0.0
247	__protein2_rbs	13.1	0.0	0.0
247	__protein3_rbs	3.75	0.0	0.0
247	__ribosome	24.35	0.0	0.0
247	__rnase_site_ext	19.8	0.0	0.0
247	p0	0.9	0.0	0.0
247	p2	0.8	0.0	0.0
247	protein1	1348.55	18.7	1.6470363000000001
247	protein2	1369.85	20.0	1.76526335
247	protein3	389.6	5.8	1.7990277999999995
247	rnapol	0.1	0.0	0.0
248	__protein1_rbs	12.25	0.0	0.0
248	__protein2_rbs	13.2	0.0	0.0
248	__protein3_rbs	3.7	0.0	0.0
248	__ribosome	23.7	0.0	0.0
248	__rnase_site_ext	19.6	0.0	0.0
248	p0	0.95	0.0	0.0
248	p2	0.65	0.0	0.0
248	protein1	1355.15	19.0	1.6891803500000002
248	protein2	1377.9	19.9	1.7407304500000005
248	protein3	391.7	5.85	1.8096627
248	rnapol	0.2	0.0	0.0
249	__protein1_rbs	12.4	0.0	0.0
249	__protein2_rbs	13.55	0.0	0.0
249	__protein3_rbs	4.0	0.0	0.0
249	__ribosome	24.65	0.0	0.0
249	__rnase_site_ext	19.6	0.0	0.0
249	p0	0.9	0.0	0.0
249	p2	0.8	0.0	0.0
249	protein1	1362.0	18.75	1.72503885
249	protein2	1385.5	19.75	1.7245160499999996
249	protein3	394.4	5.8	1.7500595500000002
249	rnapol	0.3	0.0	0.0
250	__protein1_rbs	12.2	0.0	0.0
250	__protein2_rbs	11.5	0.0	0.0
250	__protein3_rbs	3.55	0.0	0.0
250	__ribosome	23.65	0.0	0.0
250	__rnase_site_ext	18.7	0.0	0.0
250	p0	0.9	0.0	0.0
250	p2	0.75	0.0	0.0
250	protein1	1302.35	17.75	1.64741915
250	protein2	1328.55	18.85	1.6266876999999995
250	protein3	366.75	5.45	1.64343265
250	rnapol	0.25	0.0	0.0
