time	species	protein	transcript	ribo_density
0	__protein1_rbs	0.0	0.0	0.0
0	__protein2_rbs	0.0	0.0	0.0
0	__protein3_rbs	0.0	0.0	0.0
0	__ribosome	100.0	0.0	0.0
0	__rnase_site_ext	0.0	0.0	0.0
0	p0	1.0	0.0	0.0
0	p2	1.0	0.0	0.0
0	rnapol	4.0	0.0	0.0
1	__protein1_rbs	0.0	0.0	0.0
1	__protein2_rbs	0.0	0.0	0.0
1	__protein3_rbs	0.0	0.0	0.0
1	__ribosome	85.0	0.0	0.0
1	__rnase_site_ext	0.7	0.0	0.0
1	p0	0.3	0.0	0.0
1	p2	0.8	0.0	0.0
1	rnapol	2.55	0.0	0.0
2	__protein1_rbs	0.25	0.0	0.0
2	__protein2_rbs	0.0	0.0	0.0
2	__protein3_rbs	0.0	0.0	0.0
2	__ribosome	114.75	0.0	0.0
2	__rnase_site_ext	1.25	0.0	0.0
2	p0	0.35	0.0	0.0
2	p2	1.1	0.0	0.0
2	protein1	0.0	0.5	0.25
2	rnapol	2.85	0.0	0.0
3	__protein1_rbs	0.55	0.0	0.0
3	__protein2_rbs	0.0	0.0	0.0
3	__protein3_rbs	0.0	0.0	0.0
3	__ribosome	99.3	0.0	0.0
3	__rnase_site_ext	1.7	0.0	0.0
3	p0	0.65	0.0	0.0
3	p2	0.95	0.0	0.0
3	protein1	0.0	0.95	0.625
3	rnapol	2.1	0.0	0.0
4	__protein1_rbs	0.35	0.0	0.0
4	__protein2_rbs	0.0	0.0	0.0
4	__protein3_rbs	0.0	0.0	0.0
4	__ribosome	98.1	0.0	0.0
4	__rnase_site_ext	2.35	0.0	0.0
4	p0	0.4	0.0	0.0
4	p2	1.0	0.0	0.0
4	protein1	0.0	1.55	1.175
4	protein3	0.0	0.05	0.05
4	rnapol	1.4	0.0	0.0
5	__protein1_rbs	0.8	0.0	0.0
5	__protein2_rbs	0.0	0.0	0.0
5	__protein3_rbs	0.05	0.0	0.0
5	__ribosome	96.95	0.0	0.0
5	__rnase_site_ext	2.7	0.0	0.0
5	p0	0.7	0.0	0.0
5	p2	1.0	0.0	0.0
5	protein1	0.0	1.95	1.56666665
5	protein3	0.0	0.1	0.1
5	rnapol	1.1	0.0	0.0
6	__protein1_rbs	0.95	0.0	0.0
6	__protein2_rbs	0.0	0.0	0.0
6	__protein3_rbs	0.1	0.0	0.0
6	__ribosome	95.4	0.0	0.0
6	__rnase_site_ext	3.15	0.0	0.0
6	p0	0.75	0.0	0.0
6	p2	1.0	0.0	0.0
6	protein1	0.0	2.45	1.90833335
6	protein3	0.0	0.15	0.15
6	rnapol	0.75	0.0	0.0
7	__protein1_rbs	1.25	0.0	0.0
7	__protein2_rbs	0.0	0.0	0.0
7	__protein3_rbs	0.1	0.0	0.0
7	__ribosome	94.0	0.0	0.0
7	__rnase_site_ext	3.4	0.0	0.0
7	p0	0.75	0.0	0.0
7	p2	1.0	0.0	0.0
7	protein1	0.4	2.85	2.0083333
7	protein3	0.0	0.15	0.2
7	rnapol	0.5	0.0	0.0
8	__protein1_rbs	0.9	0.0	0.0
8	__protein2_rbs	0.0	0.0	0.0
8	__protein3_rbs	0.05	0.0	0.0
8	__ribosome	91.9	0.0	0.0
8	__rnase_site_ext	3.6	0.0	0.0
8	p0	0.8	0.0	0.0
8	p2	0.9	0.0	0.0
8	protein1	0.65	3.2	2.4208333
8	protein3	0.0	0.15	0.3
8	rnapol	0.25	0.0	0.0
9	__protein1_rbs	1.2	0.0	0.0
9	__protein2_rbs	0.1	0.0	0.0
9	__protein3_rbs	0.05	0.0	0.0
9	__ribosome	90.85	0.0	0.0
9	__rnase_site_ext	3.7	0.0	0.0
9	p0	0.95	0.0	0.0
9	p2	1.0	0.0	0.0
9	protein1	1.6	3.3	2.65416665
9	protein2	0.0	0.15	0.05
9	protein3	0.05	0.15	0.35
9	rnapol	0.2	0.0	0.0
10	__protein1_rbs	1.15	0.0	0.0
10	__protein2_rbs	0.3	0.0	0.0
10	__protein3_rbs	0.15	0.0	0.0
10	__ribosome	89.35	0.0	0.0
10	__rnase_site_ext	3.7	0.0	0.0
10	p0	1.0	0.0	0.0
10	p2	1.0	0.0	0.0
10	protein1	2.8	3.45	2.82499995
10	protein2	0.0	0.75	0.5
10	protein3	0.05	0.25	0.45
10	rnapol	0.2	0.0	0.0
11	__protein1_rbs	1.35	0.0	0.0
11	__protein2_rbs	0.45	0.0	0.0
11	__protein3_rbs	0.05	0.0	0.0
11	__ribosome	87.95	0.0	0.0
11	__rnase_site_ext	3.8	0.0	0.0
11	p0	0.9	0.0	0.0
11	p2	1.0	0.0	0.0
11	protein1	4.1	3.5	2.975
11	protein2	0.0	1.1	0.825
11	protein3	0.15	0.25	0.6
11	rnapol	0.15	0.0	0.0
12	__protein1_rbs	0.75	0.0	0.0
12	__protein2_rbs	0.75	0.0	0.0
12	__protein3_rbs	0.25	0.0	0.0
12	__ribosome	86.5	0.0	0.0
12	__rnase_site_ext	3.8	0.0	0.0
12	p0	1.0	0.0	0.0
12	p2	1.0	0.0	0.0
12	protein1	6.1	3.45	3.1874999000000006
12	protein2	0.0	1.65	1.1833333000000001
12	protein3	0.2	0.25	0.55
12	rnapol	0.2	0.0	0.0
13	__protein1_rbs	1.6	0.0	0.0
13	__protein2_rbs	0.9	0.0	0.0
13	__protein3_rbs	0.1	0.0	0.0
13	__ribosome	85.05	0.0	0.0
13	__rnase_site_ext	3.85	0.0	0.0
13	p0	0.95	0.0	0.0
13	p2	1.0	0.0	0.0
13	protein1	7.95	3.55	3.1250000000000004
13	protein2	0.0	2.1	1.5666666999999999
13	protein3	0.3	0.25	0.6
13	rnapol	0.1	0.0	0.0
14	__protein1_rbs	1.0	0.0	0.0
14	__protein2_rbs	0.45	0.0	0.0
14	__protein3_rbs	0.15	0.0	0.0
14	__ribosome	82.8	0.0	0.0
14	__rnase_site_ext	3.85	0.0	0.0
14	p0	1.0	0.0	0.0
14	p2	1.0	0.0	0.0
14	protein1	9.9	3.6	3.225
14	protein2	0.1	2.55	1.9458333
14	protein3	0.4	0.25	0.6
14	rnapol	0.15	0.0	0.0
15	__protein1_rbs	1.1	0.0	0.0
15	__protein2_rbs	1.3	0.0	0.0
15	__protein3_rbs	0.1	0.0	0.0
15	__ribosome	81.25	0.0	0.0
15	__rnase_site_ext	3.9	0.0	0.0
15	p0	1.0	0.0	0.0
15	p2	0.85	0.0	0.0
15	protein1	12.0	3.6	3.29166665
15	protein2	0.4	3.05	2.07916675
15	protein3	0.5	0.25	0.65
15	rnapol	0.5	0.0	0.0
16	__protein1_rbs	0.95	0.0	0.0
16	__protein2_rbs	1.2	0.0	0.0
16	__protein3_rbs	0.05	0.0	0.0
16	__ribosome	79.5	0.0	0.0
16	__rnase_site_ext	4.05	0.0	0.0
16	p0	0.8	0.0	0.0
16	p2	0.85	0.0	0.0
16	protein1	14.0	3.6	3.40000005
16	protein2	1.0	3.25	2.3875
16	protein3	0.7	0.25	0.6
16	rnapol	0.8	0.0	0.0
17	__protein1_rbs	1.65	0.0	0.0
17	__protein2_rbs	1.15	0.0	0.0
17	__protein3_rbs	0.0	0.0	0.0
17	__ribosome	78.7	0.0	0.0
17	__rnase_site_ext	4.4	0.0	0.0
17	p0	0.7	0.0	0.0
17	p2	0.9	0.0	0.0
17	protein1	16.35	3.7	3.14333335
17	protein2	2.0	3.4	2.6875
17	protein3	0.75	0.25	0.75
17	rnapol	0.75	0.0	0.0
18	__protein1_rbs	1.6	0.0	0.0
18	__protein2_rbs	1.4	0.0	0.0
18	__protein3_rbs	0.15	0.0	0.0
18	__ribosome	77.35	0.0	0.0
18	__rnase_site_ext	4.5	0.0	0.0
18	p0	0.7	0.0	0.0
18	p2	0.75	0.0	0.0
18	protein1	18.4	4.0	3.00083335
18	protein2	3.1	3.6	2.75416665
18	protein3	0.9	0.4	0.775
18	rnapol	0.95	0.0	0.0
19	__protein1_rbs	1.3	0.0	0.0
19	__protein2_rbs	1.3	0.0	0.0
19	__protein3_rbs	0.3	0.0	0.0
19	__ribosome	76.6	0.0	0.0
19	__rnase_site_ext	4.85	0.0	0.0
19	p0	0.85	0.0	0.0
19	p2	0.75	0.0	0.0
19	protein1	20.9	4.15	2.96583335
19	protein2	4.8	3.6	2.89583335
19	protein3	1.0	0.45	0.775
19	rnapol	1.1	0.0	0.0
20	__protein1_rbs	1.65	0.0	0.0
20	__protein2_rbs	1.5	0.0	0.0
20	__protein3_rbs	0.15	0.0	0.0
20	__ribosome	75.85	0.0	0.0
20	__rnase_site_ext	5.0	0.0	0.0
20	p0	0.8	0.0	0.0
20	p2	0.85	0.0	0.0
20	protein1	23.2	4.5	2.85583335
20	protein2	6.7	3.6	2.9166667
20	protein3	1.15	0.5	0.825
20	rnapol	1.0	0.0	0.0
21	__protein1_rbs	1.85	0.0	0.0
21	__protein2_rbs	1.5	0.0	0.0
21	__protein3_rbs	0.2	0.0	0.0
21	__ribosome	74.4	0.0	0.0
21	__rnase_site_ext	5.3	0.0	0.0
21	p0	0.6	0.0	0.0
21	p2	0.95	0.0	0.0
21	protein1	25.3	4.65	2.8049999000000003
21	protein2	8.25	3.7	3.03750005
21	protein3	1.25	0.7	1.225
21	rnapol	0.95	0.0	0.0
22	__protein1_rbs	1.7	0.0	0.0
22	__protein2_rbs	1.2	0.0	0.0
22	__protein3_rbs	0.35	0.0	0.0
22	__ribosome	73.4	0.0	0.0
22	__rnase_site_ext	5.45	0.0	0.0
22	p0	0.85	0.0	0.0
22	p2	1.0	0.0	0.0
22	protein1	27.5	4.8	2.96499995
22	protein2	10.75	3.7	2.97916665
22	protein3	1.45	0.85	1.375
22	rnapol	0.95	0.0	0.0
23	__protein1_rbs	1.95	0.0	0.0
23	__protein2_rbs	1.25	0.0	0.0
23	__protein3_rbs	0.35	0.0	0.0
23	__ribosome	71.8	0.0	0.0
23	__rnase_site_ext	5.5	0.0	0.0
23	p0	0.95	0.0	0.0
23	p2	1.0	0.0	0.0
23	protein1	29.9	5.0	3.17452375
23	protein2	12.55	3.75	3.1
23	protein3	1.75	0.9	1.46666665
23	rnapol	1.05	0.0	0.0
24	__protein1_rbs	1.7	0.0	0.0
24	__protein2_rbs	1.4	0.0	0.0
24	__protein3_rbs	0.5	0.0	0.0
24	__ribosome	71.65	0.0	0.0
24	__rnase_site_ext	5.65	0.0	0.0
24	p0	0.85	0.0	0.0
24	p2	0.95	0.0	0.0
24	protein1	32.7	5.0	3.12500005
24	protein2	14.85	3.8	2.9875
24	protein3	1.95	1.0	1.59166665
24	rnapol	1.05	0.0	0.0
25	__protein1_rbs	2.0	0.0	0.0
25	__protein2_rbs	1.55	0.0	0.0
25	__protein3_rbs	0.5	0.0	0.0
25	__ribosome	70.35	0.0	0.0
25	__rnase_site_ext	5.85	0.0	0.0
25	p0	0.7	0.0	0.0
25	p2	1.0	0.0	0.0
25	protein1	34.7	5.1	3.22333335
25	protein2	16.95	3.9	2.93416675
25	protein3	2.15	1.0	1.86666665
25	rnapol	0.9	0.0	0.0
26	__protein1_rbs	2.5	0.0	0.0
26	__protein2_rbs	1.85	0.0	0.0
26	__protein3_rbs	0.45	0.0	0.0
26	__ribosome	70.85	0.0	0.0
26	__rnase_site_ext	6.3	0.0	0.0
26	p0	0.7	0.0	0.0
26	p2	0.95	0.0	0.0
26	protein1	37.9	5.15	2.91583335
26	protein2	19.15	4.2	2.85833335
26	protein3	2.75	1.05	1.84166665
26	rnapol	0.55	0.0	0.0
27	__protein1_rbs	2.55	0.0	0.0
27	__protein2_rbs	1.65	0.0	0.0
27	__protein3_rbs	0.35	0.0	0.0
27	__ribosome	69.4	0.0	0.0
27	__rnase_site_ext	6.5	0.0	0.0
27	p0	0.8	0.0	0.0
27	p2	1.0	0.0	0.0
27	protein1	40.45	5.55	2.7792857000000004
27	protein2	21.1	4.45	2.7875
27	protein3	3.25	1.05	1.99166665
27	rnapol	0.7	0.0	0.0
28	__protein1_rbs	2.0	0.0	0.0
28	__protein2_rbs	1.95	0.0	0.0
28	__protein3_rbs	0.35	0.0	0.0
28	__ribosome	68.25	0.0	0.0
28	__rnase_site_ext	6.55	0.0	0.0
28	p0	0.75	0.0	0.0
28	p2	0.95	0.0	0.0
28	protein1	43.4	5.75	2.8086905
28	protein2	23.45	4.75	2.6650000499999997
28	protein3	3.65	1.05	2.13333335
28	rnapol	0.55	0.0	0.0
29	__protein1_rbs	2.35	0.0	0.0
29	__protein2_rbs	2.2	0.0	0.0
29	__protein3_rbs	0.5	0.0	0.0
29	__ribosome	67.7	0.0	0.0
29	__rnase_site_ext	6.7	0.0	0.0
29	p0	0.85	0.0	0.0
29	p2	1.0	0.0	0.0
29	protein1	46.5	5.8	2.796607100000001
29	protein2	25.75	4.85	2.67833335
29	protein3	4.25	1.15	2.075
29	rnapol	0.55	0.0	0.0
30	__protein1_rbs	2.9	0.0	0.0
30	__protein2_rbs	2.05	0.0	0.0
30	__protein3_rbs	0.55	0.0	0.0
30	__ribosome	66.9	0.0	0.0
30	__rnase_site_ext	6.8	0.0	0.0
30	p0	0.85	0.0	0.0
30	p2	0.9	0.0	0.0
30	protein1	49.2	6.0	2.76327375
30	protein2	28.2	5.15	2.6599999500000004
30	protein3	4.95	1.2	1.975
30	rnapol	0.5	0.0	0.0
31	__protein1_rbs	2.9	0.0	0.0
31	__protein2_rbs	2.1	0.0	0.0
31	__protein3_rbs	0.4	0.0	0.0
31	__ribosome	65.25	0.0	0.0
31	__rnase_site_ext	6.95	0.0	0.0
31	p0	0.85	0.0	0.0
31	p2	0.85	0.0	0.0
31	protein1	52.15	6.1	2.74357155
31	protein2	30.3	5.4	2.7419048
31	protein3	5.25	1.15	2.26666665
31	rnapol	0.55	0.0	0.0
32	__protein1_rbs	3.1	0.0	0.0
32	__protein2_rbs	2.15	0.0	0.0
32	__protein3_rbs	0.3	0.0	0.0
32	__ribosome	64.35	0.0	0.0
32	__rnase_site_ext	7.15	0.0	0.0
32	p0	0.85	0.0	0.0
32	p2	1.0	0.0	0.0
32	protein1	54.95	6.25	2.7397025
32	protein2	32.7	5.55	2.81071425
32	protein3	6.1	1.15	2.2333333
32	rnapol	0.55	0.0	0.0
33	__protein1_rbs	2.65	0.0	0.0
33	__protein2_rbs	2.3	0.0	0.0
33	__protein3_rbs	0.65	0.0	0.0
33	__ribosome	63.55	0.0	0.0
33	__rnase_site_ext	7.15	0.0	0.0
33	p0	0.9	0.0	0.0
33	p2	0.95	0.0	0.0
33	protein1	58.3	6.45	2.7591070500000003
33	protein2	35.4	5.6	2.8350001
33	protein3	6.85	1.2	2.0
33	rnapol	0.7	0.0	0.0
34	__protein1_rbs	2.65	0.0	0.0
34	__protein2_rbs	1.95	0.0	0.0
34	__protein3_rbs	0.4	0.0	0.0
34	__ribosome	62.15	0.0	0.0
34	__rnase_site_ext	7.2	0.0	0.0
34	p0	0.9	0.0	0.0
34	p2	0.8	0.0	0.0
34	protein1	62.1	6.6	2.6852381500000004
34	protein2	38.4	5.95	2.80982135
34	protein3	7.35	1.3	2.05
34	rnapol	0.7	0.0	0.0
35	__protein1_rbs	3.45	0.0	0.0
35	__protein2_rbs	2.85	0.0	0.0
35	__protein3_rbs	0.75	0.0	0.0
35	__ribosome	62.65	0.0	0.0
35	__rnase_site_ext	7.25	0.0	0.0
35	p0	0.75	0.0	0.0
35	p2	0.85	0.0	0.0
35	protein1	65.3	6.55	2.68005955
35	protein2	41.35	6.15	2.69827375
35	protein3	8.0	1.25	2.00833335
35	rnapol	0.75	0.0	0.0
36	__protein1_rbs	2.6	0.0	0.0
36	__protein2_rbs	2.15	0.0	0.0
36	__protein3_rbs	0.65	0.0	0.0
36	__ribosome	61.05	0.0	0.0
36	__rnase_site_ext	7.5	0.0	0.0
36	p0	0.9	0.0	0.0
36	p2	0.95	0.0	0.0
36	protein1	68.4	6.65	2.77839295
36	protein2	44.25	6.25	2.83380965
36	protein3	8.85	1.3	1.86666665
36	rnapol	0.95	0.0	0.0
37	__protein1_rbs	2.9	0.0	0.0
37	__protein2_rbs	2.9	0.0	0.0
37	__protein3_rbs	0.8	0.0	0.0
37	__ribosome	60.25	0.0	0.0
37	__rnase_site_ext	7.5	0.0	0.0
37	p0	0.7	0.0	0.0
37	p2	0.95	0.0	0.0
37	protein1	71.8	6.8	2.7783929
37	protein2	47.15	6.35	2.81023815
37	protein3	9.5	1.45	1.9
37	rnapol	0.75	0.0	0.0
38	__protein1_rbs	2.35	0.0	0.0
38	__protein2_rbs	2.65	0.0	0.0
38	__protein3_rbs	0.5	0.0	0.0
38	__ribosome	59.3	0.0	0.0
38	__rnase_site_ext	7.65	0.0	0.0
38	p0	0.85	0.0	0.0
38	p2	0.95	0.0	0.0
38	protein1	75.55	6.8	2.8127381000000007
38	protein2	50.6	6.4	2.8466072
38	protein3	10.05	1.5	2.08333335
38	rnapol	0.65	0.0	0.0
39	__protein1_rbs	3.3	0.0	0.0
39	__protein2_rbs	3.05	0.0	0.0
39	__protein3_rbs	0.45	0.0	0.0
39	__ribosome	59.1	0.0	0.0
39	__rnase_site_ext	7.7	0.0	0.0
39	p0	0.9	0.0	0.0
39	p2	0.95	0.0	0.0
39	protein1	78.8	7.0	2.79470245
39	protein2	53.85	6.45	2.79589285
39	protein3	10.7	1.5	2.2458333500000003
39	rnapol	0.95	0.0	0.0
40	__protein1_rbs	3.15	0.0	0.0
40	__protein2_rbs	2.95	0.0	0.0
40	__protein3_rbs	0.85	0.0	0.0
40	__ribosome	59.05	0.0	0.0
40	__rnase_site_ext	7.85	0.0	0.0
40	p0	0.8	0.0	0.0
40	p2	0.9	0.0	0.0
40	protein1	82.7	7.05	2.7957936
40	protein2	57.65	6.6	2.6713096000000003
40	protein3	11.15	1.5	2.35416665
40	rnapol	0.9	0.0	0.0
41	__protein1_rbs	2.8	0.0	0.0
41	__protein2_rbs	3.2	0.0	0.0
41	__protein3_rbs	0.65	0.0	0.0
41	__ribosome	58.3	0.0	0.0
41	__rnase_site_ext	7.95	0.0	0.0
41	p0	0.85	0.0	0.0
41	p2	0.85	0.0	0.0
41	protein1	86.15	7.15	2.8711507500000013
41	protein2	61.15	6.8	2.6069047500000004
41	protein3	11.85	1.55	2.27083335
41	rnapol	0.8	0.0	0.0
42	__protein1_rbs	3.15	0.0	0.0
42	__protein2_rbs	3.4	0.0	0.0
42	__protein3_rbs	0.65	0.0	0.0
42	__ribosome	58.1	0.0	0.0
42	__rnase_site_ext	8.0	0.0	0.0
42	p0	0.85	0.0	0.0
42	p2	0.8	0.0	0.0
42	protein1	90.2	7.2	2.8364682
42	protein2	64.6	6.95	2.53615075
42	protein3	12.65	1.6	2.175
42	rnapol	0.85	0.0	0.0
43	__protein1_rbs	3.35	0.0	0.0
43	__protein2_rbs	3.2	0.0	0.0
43	__protein3_rbs	0.9	0.0	0.0
43	__ribosome	57.6	0.0	0.0
43	__rnase_site_ext	8.4	0.0	0.0
43	p0	0.7	0.0	0.0
43	p2	0.9	0.0	0.0
43	protein1	93.75	7.3	2.8455555
43	protein2	68.05	7.0	2.5790874500000003
43	protein3	13.6	1.65	1.98333335
43	rnapol	0.8	0.0	0.0
44	__protein1_rbs	3.55	0.0	0.0
44	__protein2_rbs	3.2	0.0	0.0
44	__protein3_rbs	0.85	0.0	0.0
44	__ribosome	56.35	0.0	0.0
44	__rnase_site_ext	8.5	0.0	0.0
44	p0	0.75	0.0	0.0
44	p2	0.95	0.0	0.0
44	protein1	97.65	7.55	2.7782341
44	protein2	71.05	7.1	2.6793849500000007
44	protein3	14.4	1.8	1.9875
44	rnapol	0.75	0.0	0.0
45	__protein1_rbs	3.75	0.0	0.0
45	__protein2_rbs	3.55	0.0	0.0
45	__protein3_rbs	1.0	0.0	0.0
45	__ribosome	56.4	0.0	0.0
45	__rnase_site_ext	8.55	0.0	0.0
45	p0	0.8	0.0	0.0
45	p2	1.0	0.0	0.0
45	protein1	101.7	7.65	2.73097225
45	protein2	74.7	7.3	2.6047421
45	protein3	15.05	1.9	2.0975
45	rnapol	0.7	0.0	0.0
46	__protein1_rbs	3.4	0.0	0.0
46	__protein2_rbs	3.2	0.0	0.0
46	__protein3_rbs	0.9	0.0	0.0
46	__ribosome	55.05	0.0	0.0
46	__rnase_site_ext	8.7	0.0	0.0
46	p0	0.7	0.0	0.0
46	p2	0.85	0.0	0.0
46	protein1	105.8	7.8	2.6822619
46	protein2	77.95	7.5	2.67432535
46	protein3	15.75	1.9	2.26416665
46	rnapol	0.45	0.0	0.0
47	__protein1_rbs	3.45	0.0	0.0
47	__protein2_rbs	3.75	0.0	0.0
47	__protein3_rbs	1.05	0.0	0.0
47	__ribosome	55.45	0.0	0.0
47	__rnase_site_ext	8.7	0.0	0.0
47	p0	1.0	0.0	0.0
47	p2	0.8	0.0	0.0
47	protein1	109.85	7.95	2.6264087
47	protein2	82.1	7.7	2.55416665
47	protein3	16.75	1.9	2.40583335
47	rnapol	0.5	0.0	0.0
48	__protein1_rbs	3.55	0.0	0.0
48	__protein2_rbs	3.6	0.0	0.0
48	__protein3_rbs	1.0	0.0	0.0
48	__ribosome	53.55	0.0	0.0
48	__rnase_site_ext	8.7	0.0	0.0
48	p0	0.7	0.0	0.0
48	p2	0.8	0.0	0.0
48	protein1	113.5	8.05	2.68121035
48	protein2	85.75	7.9	2.5721032000000004
48	protein3	17.45	1.9	2.4658333
48	rnapol	0.3	0.0	0.0
49	__protein1_rbs	3.7	0.0	0.0
49	__protein2_rbs	3.7	0.0	0.0
49	__protein3_rbs	1.25	0.0	0.0
49	__ribosome	53.05	0.0	0.0
49	__rnase_site_ext	8.85	0.0	0.0
49	p0	0.8	0.0	0.0
49	p2	0.85	0.0	0.0
49	protein1	117.4	7.95	2.6938691
49	protein2	89.35	8.0	2.5982142500000003
49	protein3	18.3	2.0	2.4741666500000004
49	rnapol	0.25	0.0	0.0
50	__protein1_rbs	3.9	0.0	0.0
50	__protein2_rbs	3.0	0.0	0.0
50	__protein3_rbs	1.0	0.0	0.0
50	__ribosome	51.55	0.0	0.0
50	__rnase_site_ext	9.05	0.0	0.0
50	p0	0.9	0.0	0.0
50	p2	0.95	0.0	0.0
50	protein1	121.45	8.05	2.69519845
50	protein2	93.0	8.0	2.7514285000000003
50	protein3	19.3	2.1	2.41416665
50	rnapol	0.4	0.0	0.0
51	__protein1_rbs	4.25	0.0	0.0
51	__protein2_rbs	4.05	0.0	0.0
51	__protein3_rbs	1.15	0.0	0.0
51	__ribosome	51.45	0.0	0.0
51	__rnase_site_ext	9.1	0.0	0.0
51	p0	0.9	0.0	0.0
51	p2	0.9	0.0	0.0
51	protein1	125.5	8.3	2.64053935
51	protein2	97.15	8.25	2.6455159
51	protein3	20.35	2.15	2.25083335
51	rnapol	0.7	0.0	0.0
52	__protein1_rbs	4.35	0.0	0.0
52	__protein2_rbs	4.2	0.0	0.0
52	__protein3_rbs	0.85	0.0	0.0
52	__ribosome	51.4	0.0	0.0
52	__rnase_site_ext	9.2	0.0	0.0
52	p0	0.8	0.0	0.0
52	p2	0.95	0.0	0.0
52	protein1	129.9	8.4	2.5402434
52	protein2	101.35	8.35	2.60650805
52	protein3	21.2	2.2	2.4091667
52	rnapol	0.55	0.0	0.0
53	__protein1_rbs	4.0	0.0	0.0
53	__protein2_rbs	4.1	0.0	0.0
53	__protein3_rbs	0.85	0.0	0.0
53	__ribosome	50.25	0.0	0.0
53	__rnase_site_ext	9.4	0.0	0.0
53	p0	0.85	0.0	0.0
53	p2	0.8	0.0	0.0
53	protein1	134.05	8.5	2.5818019000000003
53	protein2	105.4	8.45	2.60517865
53	protein3	22.15	2.2	2.625
53	rnapol	0.55	0.0	0.0
54	__protein1_rbs	4.2	0.0	0.0
54	__protein2_rbs	3.65	0.0	0.0
54	__protein3_rbs	1.1	0.0	0.0
54	__ribosome	49.9	0.0	0.0
54	__rnase_site_ext	9.45	0.0	0.0
54	p0	0.85	0.0	0.0
54	p2	0.8	0.0	0.0
54	protein1	138.4	8.55	2.511066
54	protein2	109.3	8.55	2.6804672499999995
54	protein3	23.25	2.3	2.54916665
54	rnapol	0.5	0.0	0.0
55	__protein1_rbs	4.4	0.0	0.0
55	__protein2_rbs	4.15	0.0	0.0
55	__protein3_rbs	1.3	0.0	0.0
55	__ribosome	50.65	0.0	0.0
55	__rnase_site_ext	9.75	0.0	0.0
55	p0	0.75	0.0	0.0
55	p2	0.9	0.0	0.0
55	protein1	142.8	8.75	2.4351154
55	protein2	113.95	8.6	2.6149441
55	protein3	24.35	2.3	2.495
55	rnapol	0.35	0.0	0.0
56	__protein1_rbs	4.65	0.0	0.0
56	__protein2_rbs	3.95	0.0	0.0
56	__protein3_rbs	0.95	0.0	0.0
56	__ribosome	50.55	0.0	0.0
56	__rnase_site_ext	9.95	0.0	0.0
56	p0	0.8	0.0	0.0
56	p2	0.95	0.0	0.0
56	protein1	147.0	8.95	2.37132025
56	protein2	118.5	8.6	2.558088
56	protein3	25.4	2.45	2.5625
56	rnapol	0.45	0.0	0.0
57	__protein1_rbs	4.45	0.0	0.0
57	__protein2_rbs	3.7	0.0	0.0
57	__protein3_rbs	1.05	0.0	0.0
57	__ribosome	48.25	0.0	0.0
57	__rnase_site_ext	10.15	0.0	0.0
57	p0	0.8	0.0	0.0
57	p2	1.0	0.0	0.0
57	protein1	150.95	9.15	2.4523646
57	protein2	122.2	8.6	2.71567645
57	protein3	26.75	2.55	2.5708333
57	rnapol	0.6	0.0	0.0
58	__protein1_rbs	4.7	0.0	0.0
58	__protein2_rbs	4.55	0.0	0.0
58	__protein3_rbs	1.35	0.0	0.0
58	__ribosome	47.75	0.0	0.0
58	__rnase_site_ext	10.2	0.0	0.0
58	p0	0.85	0.0	0.0
58	p2	0.95	0.0	0.0
58	protein1	155.05	9.45	2.4637338
58	protein2	126.8	8.85	2.5930104500000004
58	protein3	27.9	2.55	2.46249995
58	rnapol	0.7	0.0	0.0
59	__protein1_rbs	4.7	0.0	0.0
59	__protein2_rbs	4.25	0.0	0.0
59	__protein3_rbs	1.5	0.0	0.0
59	__ribosome	47.45	0.0	0.0
59	__rnase_site_ext	10.0	0.0	0.0
59	p0	0.9	0.0	0.0
59	p2	0.95	0.0	0.0
59	protein1	159.15	9.5	2.5182179
59	protein2	131.6	9.05	2.4964196000000003
59	protein3	29.0	2.6	2.4558333
59	rnapol	0.8	0.0	0.0
60	__protein1_rbs	4.7	0.0	0.0
60	__protein2_rbs	4.8	0.0	0.0
60	__protein3_rbs	1.1	0.0	0.0
60	__ribosome	47.05	0.0	0.0
60	__rnase_site_ext	10.15	0.0	0.0
60	p0	0.8	0.0	0.0
60	p2	0.95	0.0	0.0
60	protein1	163.55	9.3	2.61571425
60	protein2	135.4	9.0	2.5085118500000005
60	protein3	30.4	2.55	2.46916665
60	rnapol	0.75	0.0	0.0
61	__protein1_rbs	4.95	0.0	0.0
61	__protein2_rbs	4.6	0.0	0.0
61	__protein3_rbs	1.1	0.0	0.0
61	__ribosome	46.85	0.0	0.0
61	__rnase_site_ext	10.35	0.0	0.0
61	p0	0.8	0.0	0.0
61	p2	0.9	0.0	0.0
61	protein1	167.95	9.5	2.557343
61	protein2	139.9	9.05	2.5017912
61	protein3	31.65	2.6	2.46083335
61	rnapol	0.6	0.0	0.0
62	__protein1_rbs	4.65	0.0	0.0
62	__protein2_rbs	5.05	0.0	0.0
62	__protein3_rbs	1.35	0.0	0.0
62	__ribosome	48.55	0.0	0.0
62	__rnase_site_ext	10.55	0.0	0.0
62	p0	0.85	0.0	0.0
62	p2	0.95	0.0	0.0
62	protein1	173.6	9.65	2.4607556500000003
62	protein2	145.0	9.2	2.3588366
62	protein3	33.05	2.55	2.49916665
62	rnapol	0.65	0.0	0.0
63	__protein1_rbs	5.3	0.0	0.0
63	__protein2_rbs	4.8	0.0	0.0
63	__protein3_rbs	1.1	0.0	0.0
63	__ribosome	48.5	0.0	0.0
63	__rnase_site_ext	10.55	0.0	0.0
63	p0	0.95	0.0	0.0
63	p2	0.8	0.0	0.0
63	protein1	177.8	9.7	2.45388465
63	protein2	149.25	9.3	2.3478661
63	protein3	34.4	2.55	2.47333335
63	rnapol	0.8	0.0	0.0
64	__protein1_rbs	4.0	0.0	0.0
64	__protein2_rbs	4.8	0.0	0.0
64	__protein3_rbs	1.55	0.0	0.0
64	__ribosome	45.8	0.0	0.0
64	__rnase_site_ext	10.55	0.0	0.0
64	p0	0.8	0.0	0.0
64	p2	0.75	0.0	0.0
64	protein1	182.45	9.7	2.5653048499999995
64	protein2	152.7	9.55	2.4183820000000003
64	protein3	35.25	2.7	2.4750000000000005
64	rnapol	0.7	0.0	0.0
65	__protein1_rbs	4.55	0.0	0.0
65	__protein2_rbs	4.85	0.0	0.0
65	__protein3_rbs	1.1	0.0	0.0
65	__ribosome	46.0	0.0	0.0
65	__rnase_site_ext	10.85	0.0	0.0
65	p0	0.75	0.0	0.0
65	p2	0.85	0.0	0.0
65	protein1	187.15	9.65	2.6089429
65	protein2	157.75	9.5	2.36583335
65	protein3	36.65	2.7	2.60333335
65	rnapol	0.55	0.0	0.0
66	__protein1_rbs	5.0	0.0	0.0
66	__protein2_rbs	4.85	0.0	0.0
66	__protein3_rbs	1.25	0.0	0.0
66	__ribosome	46.1	0.0	0.0
66	__rnase_site_ext	10.95	0.0	0.0
66	p0	0.9	0.0	0.0
66	p2	0.95	0.0	0.0
66	protein1	192.0	9.85	2.511270150000001
66	protein2	162.15	9.8	2.3164647
66	protein3	38.1	2.9	2.43583335
66	rnapol	0.55	0.0	0.0
67	__protein1_rbs	5.0	0.0	0.0
67	__protein2_rbs	4.75	0.0	0.0
67	__protein3_rbs	1.4	0.0	0.0
67	__ribosome	44.15	0.0	0.0
67	__rnase_site_ext	11.05	0.0	0.0
67	p0	0.75	0.0	0.0
67	p2	0.85	0.0	0.0
67	protein1	196.2	10.05	2.5239025
67	protein2	166.1	9.95	2.38850285
67	protein3	39.25	2.95	2.48
67	rnapol	0.4	0.0	0.0
68	__protein1_rbs	5.45	0.0	0.0
68	__protein2_rbs	5.55	0.0	0.0
68	__protein3_rbs	1.8	0.0	0.0
68	__ribosome	45.0	0.0	0.0
68	__rnase_site_ext	11.05	0.0	0.0
68	p0	0.95	0.0	0.0
68	p2	0.9	0.0	0.0
68	protein1	201.4	10.1	2.4508626500000004
68	protein2	170.3	10.0	2.3758548999999998
68	protein3	40.65	3.05	2.32666665
68	rnapol	0.6	0.0	0.0
69	__protein1_rbs	5.3	0.0	0.0
69	__protein2_rbs	5.55	0.0	0.0
69	__protein3_rbs	1.5	0.0	0.0
69	__ribosome	45.75	0.0	0.0
69	__rnase_site_ext	11.15	0.0	0.0
69	p0	0.8	0.0	0.0
69	p2	0.95	0.0	0.0
69	protein1	206.65	10.3	2.3639056
69	protein2	175.15	10.15	2.2933223999999997
69	protein3	42.05	3.05	2.33250005
69	rnapol	0.8	0.0	0.0
70	__protein1_rbs	5.25	0.0	0.0
70	__protein2_rbs	5.45	0.0	0.0
70	__protein3_rbs	1.55	0.0	0.0
70	__ribosome	45.25	0.0	0.0
70	__rnase_site_ext	11.5	0.0	0.0
70	p0	0.75	0.0	0.0
70	p2	0.9	0.0	0.0
70	protein1	211.7	10.15	2.38041265
70	protein2	179.85	10.4	2.26464135
70	protein3	43.4	3.15	2.30749995
70	rnapol	0.55	0.0	0.0
71	__protein1_rbs	5.4	0.0	0.0
71	__protein2_rbs	5.55	0.0	0.0
71	__protein3_rbs	1.95	0.0	0.0
71	__ribosome	44.7	0.0	0.0
71	__rnase_site_ext	11.35	0.0	0.0
71	p0	0.95	0.0	0.0
71	p2	0.9	0.0	0.0
71	protein1	216.35	10.5	2.3202344
71	protein2	184.0	10.6	2.31155705
71	protein3	45.0	3.2	2.0641666
71	rnapol	0.65	0.0	0.0
72	__protein1_rbs	5.05	0.0	0.0
72	__protein2_rbs	5.3	0.0	0.0
72	__protein3_rbs	1.95	0.0	0.0
72	__ribosome	43.4	0.0	0.0
72	__rnase_site_ext	11.4	0.0	0.0
72	p0	0.85	0.0	0.0
72	p2	0.8	0.0	0.0
72	protein1	220.75	10.45	2.4199181500000004
72	protein2	189.05	10.55	2.3390569
72	protein3	46.2	3.3	2.09166665
72	rnapol	0.65	0.0	0.0
73	__protein1_rbs	5.9	0.0	0.0
73	__protein2_rbs	5.55	0.0	0.0
73	__protein3_rbs	1.8	0.0	0.0
73	__ribosome	43.4	0.0	0.0
73	__rnase_site_ext	11.2	0.0	0.0
73	p0	0.9	0.0	0.0
73	p2	0.85	0.0	0.0
73	protein1	225.75	10.3	2.38086345
73	protein2	193.45	10.7	2.3787551
73	protein3	47.7	3.25	2.2683334
73	rnapol	0.85	0.0	0.0
74	__protein1_rbs	5.65	0.0	0.0
74	__protein2_rbs	5.4	0.0	0.0
74	__protein3_rbs	1.45	0.0	0.0
74	__ribosome	42.65	0.0	0.0
74	__rnase_site_ext	11.4	0.0	0.0
74	p0	0.75	0.0	0.0
74	p2	1.0	0.0	0.0
74	protein1	230.85	10.3	2.38993195
74	protein2	198.45	10.65	2.3955541
74	protein3	49.15	3.35	2.3425
74	rnapol	0.8	0.0	0.0
75	__protein1_rbs	5.7	0.0	0.0
75	__protein2_rbs	5.75	0.0	0.0
75	__protein3_rbs	2.1	0.0	0.0
75	__ribosome	41.9	0.0	0.0
75	__rnase_site_ext	11.55	0.0	0.0
75	p0	0.85	0.0	0.0
75	p2	0.95	0.0	0.0
75	protein1	235.55	10.4	2.3353155
75	protein2	202.55	10.75	2.4520745000000006
75	protein3	50.3	3.45	2.31
75	rnapol	0.7	0.0	0.0
76	__protein1_rbs	5.0	0.0	0.0
76	__protein2_rbs	6.05	0.0	0.0
76	__protein3_rbs	2.0	0.0	0.0
76	__ribosome	41.85	0.0	0.0
76	__rnase_site_ext	11.6	0.0	0.0
76	p0	0.65	0.0	0.0
76	p2	0.9	0.0	0.0
76	protein1	240.4	10.4	2.3847979000000006
76	protein2	208.2	10.95	2.35207455
76	protein3	51.7	3.4	2.33333345
76	rnapol	0.65	0.0	0.0
77	__protein1_rbs	5.3	0.0	0.0
77	__protein2_rbs	5.05	0.0	0.0
77	__protein3_rbs	1.55	0.0	0.0
77	__ribosome	41.35	0.0	0.0
77	__rnase_site_ext	12.0	0.0	0.0
77	p0	0.85	0.0	0.0
77	p2	0.75	0.0	0.0
77	protein1	245.65	10.45	2.32523985
77	protein2	213.4	10.9	2.40980295
77	protein3	53.1	3.4	2.4825
77	rnapol	0.45	0.0	0.0
78	__protein1_rbs	5.35	0.0	0.0
78	__protein2_rbs	5.5	0.0	0.0
78	__protein3_rbs	1.9	0.0	0.0
78	__ribosome	41.05	0.0	0.0
78	__rnase_site_ext	12.1	0.0	0.0
78	p0	0.8	0.0	0.0
78	p2	0.95	0.0	0.0
78	protein1	250.85	10.9	2.29359365
78	protein2	218.9	10.95	2.3854060499999994
78	protein3	54.8	3.5	2.4025
78	rnapol	0.4	0.0	0.0
79	__protein1_rbs	6.65	0.0	0.0
79	__protein2_rbs	6.45	0.0	0.0
79	__protein3_rbs	1.65	0.0	0.0
79	__ribosome	40.55	0.0	0.0
79	__rnase_site_ext	12.15	0.0	0.0
79	p0	0.9	0.0	0.0
79	p2	0.95	0.0	0.0
79	protein1	255.0	11.05	2.30509015
79	protein2	223.45	11.05	2.3475653
79	protein3	56.7	3.55	2.4208333000000004
79	rnapol	0.4	0.0	0.0
80	__protein1_rbs	6.15	0.0	0.0
80	__protein2_rbs	5.75	0.0	0.0
80	__protein3_rbs	2.35	0.0	0.0
80	__ribosome	40.85	0.0	0.0
80	__rnase_site_ext	12.25	0.0	0.0
80	p0	0.8	0.0	0.0
80	p2	0.7	0.0	0.0
80	protein1	259.8	10.95	2.3534801
80	protein2	228.9	11.15	2.3057103500000005
80	protein3	58.05	3.65	2.28785715
80	rnapol	0.4	0.0	0.0
81	__protein1_rbs	6.3	0.0	0.0
81	__protein2_rbs	6.55	0.0	0.0
81	__protein3_rbs	1.9	0.0	0.0
81	__ribosome	41.8	0.0	0.0
81	__rnase_site_ext	12.35	0.0	0.0
81	p0	0.95	0.0	0.0
81	p2	0.9	0.0	0.0
81	protein1	264.9	11.05	2.32027725
81	protein2	234.4	11.2	2.2138353
81	protein3	59.7	3.7	2.28761905
81	rnapol	0.7	0.0	0.0
82	__protein1_rbs	5.4	0.0	0.0
82	__protein2_rbs	5.85	0.0	0.0
82	__protein3_rbs	2.3	0.0	0.0
82	__ribosome	40.4	0.0	0.0
82	__rnase_site_ext	12.5	0.0	0.0
82	p0	0.85	0.0	0.0
82	p2	1.0	0.0	0.0
82	protein1	269.95	11.1	2.3821141
82	protein2	239.35	11.35	2.2223413999999995
82	protein3	61.05	3.75	2.3264286
82	rnapol	0.55	0.0	0.0
83	__protein1_rbs	6.15	0.0	0.0
83	__protein2_rbs	5.1	0.0	0.0
83	__protein3_rbs	2.05	0.0	0.0
83	__ribosome	39.9	0.0	0.0
83	__rnase_site_ext	12.5	0.0	0.0
83	p0	0.8	0.0	0.0
83	p2	0.95	0.0	0.0
83	protein1	275.6	11.2	2.2852816
83	protein2	244.5	11.45	2.31271155
83	protein3	62.8	3.9	2.3125
83	rnapol	0.6	0.0	0.0
84	__protein1_rbs	5.7	0.0	0.0
84	__protein2_rbs	6.25	0.0	0.0
84	__protein3_rbs	1.9	0.0	0.0
84	__ribosome	38.95	0.0	0.0
84	__rnase_site_ext	12.7	0.0	0.0
84	p0	0.85	0.0	0.0
84	p2	0.95	0.0	0.0
84	protein1	280.5	11.2	2.3532805
84	protein2	249.85	11.55	2.28406395
84	protein3	64.5	3.95	2.2732143
84	rnapol	0.6	0.0	0.0
85	__protein1_rbs	6.4	0.0	0.0
85	__protein2_rbs	6.75	0.0	0.0
85	__protein3_rbs	2.4	0.0	0.0
85	__ribosome	38.25	0.0	0.0
85	__rnase_site_ext	12.7	0.0	0.0
85	p0	0.85	0.0	0.0
85	p2	0.8	0.0	0.0
85	protein1	285.8	11.4	2.2903899500000007
85	protein2	254.35	11.85	2.27968345
85	protein3	66.0	3.95	2.3182142999999997
85	rnapol	0.65	0.0	0.0
86	__protein1_rbs	5.75	0.0	0.0
86	__protein2_rbs	6.4	0.0	0.0
86	__protein3_rbs	2.05	0.0	0.0
86	__ribosome	37.95	0.0	0.0
86	__rnase_site_ext	13.0	0.0	0.0
86	p0	0.6	0.0	0.0
86	p2	0.95	0.0	0.0
86	protein1	291.05	11.4	2.31314605
86	protein2	259.65	12.0	2.26848925
86	protein3	67.95	3.95	2.2976786500000004
86	rnapol	0.35	0.0	0.0
87	__protein1_rbs	6.75	0.0	0.0
87	__protein2_rbs	6.8	0.0	0.0
87	__protein3_rbs	2.1	0.0	0.0
87	__ribosome	37.9	0.0	0.0
87	__rnase_site_ext	13.0	0.0	0.0
87	p0	0.85	0.0	0.0
87	p2	0.95	0.0	0.0
87	protein1	296.0	11.65	2.2554570000000007
87	protein2	265.05	11.95	2.2514996500000004
87	protein3	69.3	4.0	2.41928565
87	rnapol	0.35	0.0	0.0
88	__protein1_rbs	6.85	0.0	0.0
88	__protein2_rbs	6.85	0.0	0.0
88	__protein3_rbs	2.3	0.0	0.0
88	__ribosome	38.2	0.0	0.0
88	__rnase_site_ext	13.15	0.0	0.0
88	p0	0.85	0.0	0.0
88	p2	0.9	0.0	0.0
88	protein1	301.2	11.7	2.21451185
88	protein2	270.5	12.05	2.25110315
88	protein3	71.1	4.1	2.3183334
88	rnapol	0.3	0.0	0.0
89	__protein1_rbs	6.2	0.0	0.0
89	__protein2_rbs	6.6	0.0	0.0
89	__protein3_rbs	1.95	0.0	0.0
89	__ribosome	37.95	0.0	0.0
89	__rnase_site_ext	13.15	0.0	0.0
89	p0	0.95	0.0	0.0
89	p2	0.85	0.0	0.0
89	protein1	306.55	11.75	2.2253824
89	protein2	276.25	12.0	2.2343089000000003
89	protein3	73.05	4.1	2.36999995
89	rnapol	0.45	0.0	0.0
90	__protein1_rbs	6.45	0.0	0.0
90	__protein2_rbs	6.6	0.0	0.0
90	__protein3_rbs	2.4	0.0	0.0
90	__ribosome	36.85	0.0	0.0
90	__rnase_site_ext	13.05	0.0	0.0
90	p0	0.85	0.0	0.0
90	p2	0.85	0.0	0.0
90	protein1	311.6	11.8	2.2507683499999995
90	protein2	281.05	12.0	2.2916939
90	protein3	74.9	4.2	2.39694445
90	rnapol	0.65	0.0	0.0
91	__protein1_rbs	6.9	0.0	0.0
91	__protein2_rbs	6.8	0.0	0.0
91	__protein3_rbs	2.05	0.0	0.0
91	__ribosome	38.0	0.0	0.0
91	__rnase_site_ext	13.05	0.0	0.0
91	p0	0.95	0.0	0.0
91	p2	0.95	0.0	0.0
91	protein1	317.0	11.8	2.1903234000000005
91	protein2	287.05	12.0	2.2385930499999995
91	protein3	76.6	4.1	2.53402775
91	rnapol	0.75	0.0	0.0
92	__protein1_rbs	6.4	0.0	0.0
92	__protein2_rbs	6.5	0.0	0.0
92	__protein3_rbs	2.3	0.0	0.0
92	__ribosome	37.45	0.0	0.0
92	__rnase_site_ext	13.1	0.0	0.0
92	p0	0.9	0.0	0.0
92	p2	0.9	0.0	0.0
92	protein1	322.1	11.85	2.2210757
92	protein2	292.85	12.05	2.22851045
92	protein3	78.45	4.1	2.3928174
92	rnapol	0.8	0.0	0.0
93	__protein1_rbs	6.8	0.0	0.0
93	__protein2_rbs	6.85	0.0	0.0
93	__protein3_rbs	2.35	0.0	0.0
93	__ribosome	37.6	0.0	0.0
93	__rnase_site_ext	13.3	0.0	0.0
93	p0	0.75	0.0	0.0
93	p2	0.9	0.0	0.0
93	protein1	327.8	11.9	2.17242335
93	protein2	297.5	12.1	2.2646671500000006
93	protein3	80.5	4.1	2.3211904500000005
93	rnapol	0.8	0.0	0.0
94	__protein1_rbs	6.5	0.0	0.0
94	__protein2_rbs	6.85	0.0	0.0
94	__protein3_rbs	2.6	0.0	0.0
94	__ribosome	37.65	0.0	0.0
94	__rnase_site_ext	13.45	0.0	0.0
94	p0	0.65	0.0	0.0
94	p2	0.8	0.0	0.0
94	protein1	333.0	12.0	2.19851405
94	protein2	303.25	12.4	2.19654515
94	protein3	82.25	4.15	2.1403571
94	rnapol	0.45	0.0	0.0
95	__protein1_rbs	6.6	0.0	0.0
95	__protein2_rbs	6.8	0.0	0.0
95	__protein3_rbs	2.2	0.0	0.0
95	__ribosome	36.8	0.0	0.0
95	__rnase_site_ext	13.5	0.0	0.0
95	p0	0.95	0.0	0.0
95	p2	0.95	0.0	0.0
95	protein1	338.2	12.2	2.15383645
95	protein2	308.45	12.45	2.252844650000001
95	protein3	84.05	4.2	2.2075
95	rnapol	0.55	0.0	0.0
96	__protein1_rbs	7.6	0.0	0.0
96	__protein2_rbs	6.8	0.0	0.0
96	__protein3_rbs	2.35	0.0	0.0
96	__ribosome	37.45	0.0	0.0
96	__rnase_site_ext	13.7	0.0	0.0
96	p0	0.75	0.0	0.0
96	p2	0.9	0.0	0.0
96	protein1	343.3	12.45	2.0827045000000006
96	protein2	314.3	12.5	2.23604145
96	protein3	86.35	4.35	2.1280357000000003
96	rnapol	0.4	0.0	0.0
97	__protein1_rbs	6.8	0.0	0.0
97	__protein2_rbs	7.15	0.0	0.0
97	__protein3_rbs	2.7	0.0	0.0
97	__ribosome	36.75	0.0	0.0
97	__rnase_site_ext	13.65	0.0	0.0
97	p0	0.9	0.0	0.0
97	p2	1.0	0.0	0.0
97	protein1	348.5	12.45	2.1303570500000006
97	protein2	319.55	12.6	2.225641
97	protein3	87.95	4.35	2.1208928
97	rnapol	0.65	0.0	0.0
98	__protein1_rbs	7.45	0.0	0.0
98	__protein2_rbs	6.9	0.0	0.0
98	__protein3_rbs	2.35	0.0	0.0
98	__ribosome	37.1	0.0	0.0
98	__rnase_site_ext	13.75	0.0	0.0
98	p0	0.8	0.0	0.0
98	p2	0.95	0.0	0.0
98	protein1	354.2	12.4	2.09889575
98	protein2	325.25	12.5	2.2293122500000004
98	protein3	89.95	4.4	2.1281548
98	rnapol	0.65	0.0	0.0
99	__protein1_rbs	7.1	0.0	0.0
99	__protein2_rbs	7.85	0.0	0.0
99	__protein3_rbs	2.1	0.0	0.0
99	__ribosome	36.8	0.0	0.0
99	__rnase_site_ext	13.85	0.0	0.0
99	p0	0.85	0.0	0.0
99	p2	1.0	0.0	0.0
99	protein1	359.55	12.6	2.0719945
99	protein2	331.0	12.65	2.1479391
99	protein3	91.4	4.35	2.33779765
99	rnapol	0.7	0.0	0.0
100	__protein1_rbs	7.45	0.0	0.0
100	__protein2_rbs	6.55	0.0	0.0
100	__protein3_rbs	2.1	0.0	0.0
100	__ribosome	35.35	0.0	0.0
100	__rnase_site_ext	14.0	0.0	0.0
100	p0	0.8	0.0	0.0
100	p2	0.9	0.0	0.0
100	protein1	364.6	12.65	2.0842084
100	protein2	336.2	12.7	2.2348826
100	protein3	93.55	4.35	2.3415476000000006
100	rnapol	0.75	0.0	0.0
101	__protein1_rbs	7.15	0.0	0.0
101	__protein2_rbs	7.5	0.0	0.0
101	__protein3_rbs	2.25	0.0	0.0
101	__ribosome	35.45	0.0	0.0
101	__rnase_site_ext	13.85	0.0	0.0
101	p0	0.8	0.0	0.0
101	p2	0.85	0.0	0.0
101	protein1	370.2	12.85	2.0818186500000007
101	protein2	342.05	12.75	2.1947511500000005
101	protein3	95.5	4.4	2.3345833
101	rnapol	0.85	0.0	0.0
102	__protein1_rbs	7.35	0.0	0.0
102	__protein2_rbs	7.85	0.0	0.0
102	__protein3_rbs	2.5	0.0	0.0
102	__ribosome	35.35	0.0	0.0
102	__rnase_site_ext	14.05	0.0	0.0
102	p0	0.85	0.0	0.0
102	p2	0.95	0.0	0.0
102	protein1	375.0	12.7	2.157724
102	protein2	347.65	12.75	2.15492835
102	protein3	97.55	4.3	2.408631
102	rnapol	0.9	0.0	0.0
103	__protein1_rbs	7.65	0.0	0.0
103	__protein2_rbs	8.1	0.0	0.0
103	__protein3_rbs	2.85	0.0	0.0
103	__ribosome	36.7	0.0	0.0
103	__rnase_site_ext	14.05	0.0	0.0
103	p0	0.95	0.0	0.0
103	p2	1.0	0.0	0.0
103	protein1	380.4	12.9	2.1226963000000003
103	protein2	353.2	12.9	2.08317755
103	protein3	99.5	4.35	2.21654765
103	rnapol	0.85	0.0	0.0
104	__protein1_rbs	7.05	0.0	0.0
104	__protein2_rbs	7.75	0.0	0.0
104	__protein3_rbs	2.3	0.0	0.0
104	__ribosome	36.35	0.0	0.0
104	__rnase_site_ext	14.15	0.0	0.0
104	p0	0.75	0.0	0.0
104	p2	0.95	0.0	0.0
104	protein1	386.15	12.9	2.1408468000000007
104	protein2	359.05	13.05	2.0538450500000005
104	protein3	101.65	4.4	2.19398805
104	rnapol	0.65	0.0	0.0
105	__protein1_rbs	7.75	0.0	0.0
105	__protein2_rbs	8.3	0.0	0.0
105	__protein3_rbs	2.7	0.0	0.0
105	__ribosome	37.05	0.0	0.0
105	__rnase_site_ext	14.3	0.0	0.0
105	p0	0.75	0.0	0.0
105	p2	0.95	0.0	0.0
105	protein1	391.6	13.0	2.11393475
105	protein2	364.55	13.3	1.9869085
105	protein3	103.85	4.35	2.1579761000000004
105	rnapol	0.45	0.0	0.0
106	__protein1_rbs	7.35	0.0	0.0
106	__protein2_rbs	7.45	0.0	0.0
106	__protein3_rbs	2.45	0.0	0.0
106	__ribosome	37.0	0.0	0.0
106	__rnase_site_ext	14.5	0.0	0.0
106	p0	0.75	0.0	0.0
106	p2	0.95	0.0	0.0
106	protein1	397.3	13.1	2.13801815
106	protein2	370.65	13.55	1.9528243
106	protein3	106.05	4.35	2.0768452
106	rnapol	0.3	0.0	0.0
107	__protein1_rbs	7.25	0.0	0.0
107	__protein2_rbs	7.75	0.0	0.0
107	__protein3_rbs	2.35	0.0	0.0
107	__ribosome	34.3	0.0	0.0
107	__rnase_site_ext	14.3	0.0	0.0
107	p0	0.95	0.0	0.0
107	p2	0.85	0.0	0.0
107	protein1	402.35	13.25	2.1916395
107	protein2	375.35	13.5	2.0782038500000004
107	protein3	107.7	4.35	2.2785119
107	rnapol	0.4	0.0	0.0
108	__protein1_rbs	7.65	0.0	0.0
108	__protein2_rbs	8.2	0.0	0.0
108	__protein3_rbs	2.75	0.0	0.0
108	__ribosome	34.65	0.0	0.0
108	__rnase_site_ext	14.35	0.0	0.0
108	p0	0.8	0.0	0.0
108	p2	0.9	0.0	0.0
108	protein1	407.9	13.1	2.2031976
108	protein2	380.75	13.6	2.0544682
108	protein3	109.6	4.25	2.3590476
108	rnapol	0.4	0.0	0.0
109	__protein1_rbs	8.0	0.0	0.0
109	__protein2_rbs	7.9	0.0	0.0
109	__protein3_rbs	2.75	0.0	0.0
109	__ribosome	35.65	0.0	0.0
109	__rnase_site_ext	14.5	0.0	0.0
109	p0	0.85	0.0	0.0
109	p2	0.9	0.0	0.0
109	protein1	414.15	13.2	2.0978277000000003
109	protein2	385.8	13.7	2.0785462000000003
109	protein3	111.75	4.3	2.2464881
109	rnapol	0.65	0.0	0.0
110	__protein1_rbs	8.3	0.0	0.0
110	__protein2_rbs	8.15	0.0	0.0
110	__protein3_rbs	2.5	0.0	0.0
110	__ribosome	35.2	0.0	0.0
110	__rnase_site_ext	14.55	0.0	0.0
110	p0	0.8	0.0	0.0
110	p2	0.95	0.0	0.0
110	protein1	419.25	13.3	2.1140581000000003
110	protein2	391.7	13.85	2.0320501500000003
110	protein3	113.45	4.3	2.16404765
110	rnapol	0.7	0.0	0.0
111	__protein1_rbs	8.15	0.0	0.0
111	__protein2_rbs	7.95	0.0	0.0
111	__protein3_rbs	2.4	0.0	0.0
111	__ribosome	35.9	0.0	0.0
111	__rnase_site_ext	14.4	0.0	0.0
111	p0	0.75	0.0	0.0
111	p2	0.95	0.0	0.0
111	protein1	425.5	13.4	2.0280282
111	protein2	397.25	14.1	2.01306695
111	protein3	115.5	4.25	2.06994045
111	rnapol	0.65	0.0	0.0
112	__protein1_rbs	7.2	0.0	0.0
112	__protein2_rbs	8.2	0.0	0.0
112	__protein3_rbs	2.7	0.0	0.0
112	__ribosome	35.6	0.0	0.0
112	__rnase_site_ext	14.8	0.0	0.0
112	p0	0.7	0.0	0.0
112	p2	0.9	0.0	0.0
112	protein1	431.45	13.45	2.0380653000000004
112	protein2	403.15	14.05	2.0331056
112	protein3	117.25	4.25	2.00984125
112	rnapol	0.35	0.0	0.0
113	__protein1_rbs	7.8	0.0	0.0
113	__protein2_rbs	8.95	0.0	0.0
113	__protein3_rbs	2.4	0.0	0.0
113	__ribosome	35.9	0.0	0.0
113	__rnase_site_ext	14.85	0.0	0.0
113	p0	0.85	0.0	0.0
113	p2	0.95	0.0	0.0
113	protein1	436.85	13.5	2.0437755
113	protein2	409.1	14.25	1.955089
113	protein3	119.05	4.3	2.0667857
113	rnapol	0.35	0.0	0.0
114	__protein1_rbs	7.8	0.0	0.0
114	__protein2_rbs	8.5	0.0	0.0
114	__protein3_rbs	2.85	0.0	0.0
114	__ribosome	35.0	0.0	0.0
114	__rnase_site_ext	14.9	0.0	0.0
114	p0	0.9	0.0	0.0
114	p2	0.9	0.0	0.0
114	protein1	442.45	13.75	2.0647613500000004
114	protein2	414.45	14.25	1.9915589999999996
114	protein3	120.75	4.25	2.03563495
114	rnapol	0.45	0.0	0.0
115	__protein1_rbs	7.85	0.0	0.0
115	__protein2_rbs	8.25	0.0	0.0
115	__protein3_rbs	2.55	0.0	0.0
115	__ribosome	34.45	0.0	0.0
115	__rnase_site_ext	14.85	0.0	0.0
115	p0	0.9	0.0	0.0
115	p2	0.9	0.0	0.0
115	protein1	447.9	13.85	2.08756185
115	protein2	420.45	14.3	2.00583945
115	protein3	122.7	4.25	1.99755955
115	rnapol	0.45	0.0	0.0
116	__protein1_rbs	8.2	0.0	0.0
116	__protein2_rbs	8.8	0.0	0.0
116	__protein3_rbs	2.45	0.0	0.0
116	__ribosome	34.5	0.0	0.0
116	__rnase_site_ext	15.05	0.0	0.0
116	p0	0.85	0.0	0.0
116	p2	0.85	0.0	0.0
116	protein1	452.75	13.85	2.15933185
116	protein2	427.15	14.2	1.9647108
116	protein3	124.55	4.2	2.0296429
116	rnapol	0.6	0.0	0.0
117	__protein1_rbs	8.5	0.0	0.0
117	__protein2_rbs	8.5	0.0	0.0
117	__protein3_rbs	2.55	0.0	0.0
117	__ribosome	34.4	0.0	0.0
117	__rnase_site_ext	14.95	0.0	0.0
117	p0	0.9	0.0	0.0
117	p2	1.0	0.0	0.0
117	protein1	459.0	13.95	2.0779511000000004
117	protein2	432.2	14.3	2.0140951
117	protein3	126.3	4.3	2.06369055
117	rnapol	0.65	0.0	0.0
118	__protein1_rbs	8.25	0.0	0.0
118	__protein2_rbs	9.0	0.0	0.0
118	__protein3_rbs	2.8	0.0	0.0
118	__ribosome	34.35	0.0	0.0
118	__rnase_site_ext	15.25	0.0	0.0
118	p0	0.6	0.0	0.0
118	p2	1.0	0.0	0.0
118	protein1	464.65	13.9	2.10041275
118	protein2	437.65	14.3	2.02893645
118	protein3	128.2	4.35	1.9603174
118	rnapol	0.55	0.0	0.0
119	__protein1_rbs	8.45	0.0	0.0
119	__protein2_rbs	8.1	0.0	0.0
119	__protein3_rbs	2.05	0.0	0.0
119	__ribosome	33.5	0.0	0.0
119	__rnase_site_ext	15.55	0.0	0.0
119	p0	0.95	0.0	0.0
119	p2	0.95	0.0	0.0
119	protein1	471.1	14.15	2.0188406999999997
119	protein2	443.6	14.45	2.0503592500000005
119	protein3	130.1	4.25	2.1317461
119	rnapol	0.75	0.0	0.0
120	__protein1_rbs	9.05	0.0	0.0
120	__protein2_rbs	8.8	0.0	0.0
120	__protein3_rbs	2.5	0.0	0.0
120	__ribosome	33.65	0.0	0.0
120	__rnase_site_ext	15.6	0.0	0.0
120	p0	0.9	0.0	0.0
120	p2	0.9	0.0	0.0
120	protein1	476.9	14.5	1.9385407
120	protein2	449.8	14.7	2.0203284000000004
120	protein3	131.5	4.25	2.2410317500000003
120	rnapol	0.9	0.0	0.0
121	__protein1_rbs	8.05	0.0	0.0
121	__protein2_rbs	8.7	0.0	0.0
121	__protein3_rbs	2.35	0.0	0.0
121	__ribosome	33.1	0.0	0.0
121	__rnase_site_ext	15.75	0.0	0.0
121	p0	0.8	0.0	0.0
121	p2	0.95	0.0	0.0
121	protein1	482.85	14.5	1.99173755
121	protein2	456.1	14.6	2.0215219499999995
121	protein3	133.35	4.15	2.29309525
121	rnapol	0.8	0.0	0.0
122	__protein1_rbs	9.75	0.0	0.0
122	__protein2_rbs	8.85	0.0	0.0
122	__protein3_rbs	1.95	0.0	0.0
122	__ribosome	32.05	0.0	0.0
122	__rnase_site_ext	15.7	0.0	0.0
122	p0	0.7	0.0	0.0
122	p2	1.0	0.0	0.0
122	protein1	488.35	14.65	1.97994525
122	protein2	461.5	14.65	2.06463025
122	protein3	134.95	4.15	2.44876985
122	rnapol	0.8	0.0	0.0
123	__protein1_rbs	8.65	0.0	0.0
123	__protein2_rbs	8.6	0.0	0.0
123	__protein3_rbs	2.65	0.0	0.0
123	__ribosome	31.95	0.0	0.0
123	__rnase_site_ext	15.9	0.0	0.0
123	p0	0.8	0.0	0.0
123	p2	0.95	0.0	0.0
123	protein1	494.2	14.7	1.98777835
123	protein2	467.6	14.75	2.0866206999999997
123	protein3	137.05	4.2	2.2252381000000003
123	rnapol	0.85	0.0	0.0
124	__protein1_rbs	8.9	0.0	0.0
124	__protein2_rbs	9.2	0.0	0.0
124	__protein3_rbs	2.55	0.0	0.0
124	__ribosome	32.7	0.0	0.0
124	__rnase_site_ext	16.25	0.0	0.0
124	p0	0.75	0.0	0.0
124	p2	0.95	0.0	0.0
124	protein1	499.8	14.8	2.0094467000000003
124	protein2	474.05	14.85	2.0024127000000003
124	protein3	139.1	4.2	2.12634915
124	rnapol	0.8	0.0	0.0
125	__protein1_rbs	8.65	0.0	0.0
125	__protein2_rbs	8.95	0.0	0.0
125	__protein3_rbs	2.4	0.0	0.0
125	__ribosome	31.8	0.0	0.0
125	__rnase_site_ext	16.45	0.0	0.0
125	p0	0.85	0.0	0.0
125	p2	0.9	0.0	0.0
125	protein1	505.8	15.2	1.9814909
125	protein2	479.9	14.85	2.0151712
125	protein3	141.05	4.15	2.09702385
125	rnapol	0.8	0.0	0.0
126	__protein1_rbs	9.25	0.0	0.0
126	__protein2_rbs	8.8	0.0	0.0
126	__protein3_rbs	2.7	0.0	0.0
126	__ribosome	32.1	0.0	0.0
126	__rnase_site_ext	16.45	0.0	0.0
126	p0	0.7	0.0	0.0
126	p2	0.85	0.0	0.0
126	protein1	512.1	15.3	1.95892695
126	protein2	486.15	14.85	2.01089535
126	protein3	142.65	4.2	2.0359921000000005
126	rnapol	0.5	0.0	0.0
127	__protein1_rbs	9.4	0.0	0.0
127	__protein2_rbs	8.45	0.0	0.0
127	__protein3_rbs	2.1	0.0	0.0
127	__ribosome	31.4	0.0	0.0
127	__rnase_site_ext	16.6	0.0	0.0
127	p0	0.85	0.0	0.0
127	p2	0.85	0.0	0.0
127	protein1	518.0	15.35	1.9816607
127	protein2	492.55	15.05	1.995181
127	protein3	144.95	4.15	2.0371826
127	rnapol	0.5	0.0	0.0
128	__protein1_rbs	9.2	0.0	0.0
128	__protein2_rbs	10.0	0.0	0.0
128	__protein3_rbs	2.9	0.0	0.0
128	__ribosome	31.4	0.0	0.0
128	__rnase_site_ext	16.7	0.0	0.0
128	p0	0.95	0.0	0.0
128	p2	1.0	0.0	0.0
128	protein1	523.8	15.45	2.03120815
128	protein2	498.5	15.1	1.96020745
128	protein3	146.55	4.2	1.9436905
128	rnapol	0.65	0.0	0.0
129	__protein1_rbs	9.15	0.0	0.0
129	__protein2_rbs	9.75	0.0	0.0
129	__protein3_rbs	2.3	0.0	0.0
129	__ribosome	30.3	0.0	0.0
129	__rnase_site_ext	16.8	0.0	0.0
129	p0	0.75	0.0	0.0
129	p2	0.9	0.0	0.0
129	protein1	529.9	15.5	2.0701633000000004
129	protein2	503.95	15.2	1.96786415
129	protein3	148.3	4.25	1.98619045
129	rnapol	0.45	0.0	0.0
130	__protein1_rbs	9.5	0.0	0.0
130	__protein2_rbs	9.2	0.0	0.0
130	__protein3_rbs	2.75	0.0	0.0
130	__ribosome	30.9	0.0	0.0
130	__rnase_site_ext	16.8	0.0	0.0
130	p0	0.85	0.0	0.0
130	p2	0.95	0.0	0.0
130	protein1	536.7	15.6	2.0181308999999996
130	protein2	510.4	15.35	1.95459065
130	protein3	150.3	4.35	1.8828571
130	rnapol	0.4	0.0	0.0
131	__protein1_rbs	9.4	0.0	0.0
131	__protein2_rbs	9.6	0.0	0.0
131	__protein3_rbs	3.0	0.0	0.0
131	__ribosome	31.55	0.0	0.0
131	__rnase_site_ext	16.55	0.0	0.0
131	p0	0.9	0.0	0.0
131	p2	0.9	0.0	0.0
131	protein1	542.9	15.55	2.02107185
131	protein2	516.9	15.35	1.92532175
131	protein3	152.0	4.35	1.9116667
131	rnapol	0.45	0.0	0.0
132	__protein1_rbs	9.25	0.0	0.0
132	__protein2_rbs	9.3	0.0	0.0
132	__protein3_rbs	2.85	0.0	0.0
132	__ribosome	31.35	0.0	0.0
132	__rnase_site_ext	16.4	0.0	0.0
132	p0	0.9	0.0	0.0
132	p2	0.95	0.0	0.0
132	protein1	549.3	15.45	2.0079877500000003
132	protein2	523.45	15.7	1.90476955
132	protein3	153.5	4.35	1.8979762
132	rnapol	0.55	0.0	0.0
133	__protein1_rbs	9.3	0.0	0.0
133	__protein2_rbs	9.35	0.0	0.0
133	__protein3_rbs	2.5	0.0	0.0
133	__ribosome	30.35	0.0	0.0
133	__rnase_site_ext	16.55	0.0	0.0
133	p0	0.9	0.0	0.0
133	p2	0.95	0.0	0.0
133	protein1	555.8	15.3	2.0257277
133	protein2	528.7	15.75	1.97175345
133	protein3	155.4	4.25	1.9619048
133	rnapol	0.7	0.0	0.0
134	__protein1_rbs	9.55	0.0	0.0
134	__protein2_rbs	9.3	0.0	0.0
134	__protein3_rbs	2.4	0.0	0.0
134	__ribosome	31.4	0.0	0.0
134	__rnase_site_ext	16.4	0.0	0.0
134	p0	0.75	0.0	0.0
134	p2	1.0	0.0	0.0
134	protein1	562.35	15.35	1.9795907000000004
134	protein2	535.75	16.05	1.9127995499999997
134	protein3	157.25	4.35	1.9295238
134	rnapol	0.55	0.0	0.0
135	__protein1_rbs	9.0	0.0	0.0
135	__protein2_rbs	10.3	0.0	0.0
135	__protein3_rbs	2.4	0.0	0.0
135	__ribosome	30.2	0.0	0.0
135	__rnase_site_ext	16.5	0.0	0.0
135	p0	0.95	0.0	0.0
135	p2	0.9	0.0	0.0
135	protein1	568.3	15.35	2.01242975
135	protein2	541.35	16.15	1.9314416
135	protein3	158.85	4.15	2.0417857500000003
135	rnapol	0.75	0.0	0.0
136	__protein1_rbs	9.05	0.0	0.0
136	__protein2_rbs	10.5	0.0	0.0
136	__protein3_rbs	2.4	0.0	0.0
136	__ribosome	30.55	0.0	0.0
136	__rnase_site_ext	16.5	0.0	0.0
136	p0	0.9	0.0	0.0
136	p2	0.9	0.0	0.0
136	protein1	574.8	15.4	2.0013932500000005
136	protein2	547.85	16.35	1.9075697
136	protein3	160.7	4.2	1.9630952
136	rnapol	1.0	0.0	0.0
137	__protein1_rbs	9.6	0.0	0.0
137	__protein2_rbs	10.35	0.0	0.0
137	__protein3_rbs	2.45	0.0	0.0
137	__ribosome	29.8	0.0	0.0
137	__rnase_site_ext	16.55	0.0	0.0
137	p0	0.7	0.0	0.0
137	p2	0.95	0.0	0.0
137	protein1	581.05	15.4	1.9977273999999998
137	protein2	554.4	16.4	1.9195451000000001
137	protein3	162.25	4.15	2.145119
137	rnapol	1.0	0.0	0.0
138	__protein1_rbs	8.55	0.0	0.0
138	__protein2_rbs	10.4	0.0	0.0
138	__protein3_rbs	2.55	0.0	0.0
138	__ribosome	29.3	0.0	0.0
138	__rnase_site_ext	16.3	0.0	0.0
138	p0	0.8	0.0	0.0
138	p2	0.95	0.0	0.0
138	protein1	587.35	15.25	2.0552898
138	protein2	561.1	16.5	1.91289425
138	protein3	163.9	4.25	2.05499995
138	rnapol	1.0	0.0	0.0
139	__protein1_rbs	9.25	0.0	0.0
139	__protein2_rbs	10.75	0.0	0.0
139	__protein3_rbs	2.5	0.0	0.0
139	__ribosome	29.55	0.0	0.0
139	__rnase_site_ext	16.55	0.0	0.0
139	p0	0.7	0.0	0.0
139	p2	0.95	0.0	0.0
139	protein1	593.75	15.3	2.05508755
139	protein2	567.1	16.55	1.93451445
139	protein3	166.15	4.2	1.88583335
139	rnapol	0.95	0.0	0.0
140	__protein1_rbs	9.75	0.0	0.0
140	__protein2_rbs	9.9	0.0	0.0
140	__protein3_rbs	2.9	0.0	0.0
140	__ribosome	29.4	0.0	0.0
140	__rnase_site_ext	17.05	0.0	0.0
140	p0	0.65	0.0	0.0
140	p2	0.85	0.0	0.0
140	protein1	599.8	15.3	2.0333798
140	protein2	573.65	16.6	1.96781115
140	protein3	167.85	4.25	1.79690475
140	rnapol	0.6	0.0	0.0
141	__protein1_rbs	9.95	0.0	0.0
141	__protein2_rbs	10.9	0.0	0.0
141	__protein3_rbs	2.8	0.0	0.0
141	__ribosome	31.5	0.0	0.0
141	__rnase_site_ext	16.95	0.0	0.0
141	p0	0.95	0.0	0.0
141	p2	0.85	0.0	0.0
141	protein1	606.9	15.5	1.9613024
141	protein2	580.4	16.65	1.8994396
141	protein3	169.6	4.3	1.7008332999999998
141	rnapol	0.7	0.0	0.0
142	__protein1_rbs	9.55	0.0	0.0
142	__protein2_rbs	10.2	0.0	0.0
142	__protein3_rbs	2.6	0.0	0.0
142	__ribosome	31.2	0.0	0.0
142	__rnase_site_ext	16.8	0.0	0.0
142	p0	0.85	0.0	0.0
142	p2	0.9	0.0	0.0
142	protein1	613.55	15.65	1.92585695
142	protein2	587.2	16.6	1.90610325
142	protein3	171.25	4.35	1.86124995
142	rnapol	0.55	0.0	0.0
143	__protein1_rbs	8.85	0.0	0.0
143	__protein2_rbs	10.4	0.0	0.0
143	__protein3_rbs	2.65	0.0	0.0
143	__ribosome	30.35	0.0	0.0
143	__rnase_site_ext	17.05	0.0	0.0
143	p0	0.7	0.0	0.0
143	p2	0.85	0.0	0.0
143	protein1	619.85	15.55	1.95789905
143	protein2	593.65	16.7	1.90486545
143	protein3	172.95	4.4	1.88541665
143	rnapol	0.45	0.0	0.0
144	__protein1_rbs	9.95	0.0	0.0
144	__protein2_rbs	10.3	0.0	0.0
144	__protein3_rbs	2.85	0.0	0.0
144	__ribosome	29.5	0.0	0.0
144	__rnase_site_ext	17.35	0.0	0.0
144	p0	0.75	0.0	0.0
144	p2	0.95	0.0	0.0
144	protein1	626.0	15.65	1.92765955
144	protein2	600.2	16.75	1.9250121999999998
144	protein3	174.25	4.55	1.9587499500000003
144	rnapol	0.35	0.0	0.0
145	__protein1_rbs	9.55	0.0	0.0
145	__protein2_rbs	10.65	0.0	0.0
145	__protein3_rbs	3.0	0.0	0.0
145	__ribosome	29.4	0.0	0.0
145	__rnase_site_ext	17.55	0.0	0.0
145	p0	0.9	0.0	0.0
145	p2	0.95	0.0	0.0
145	protein1	632.55	15.9	1.90827765
145	protein2	606.95	16.6	1.9348952500000005
145	protein3	175.8	4.65	1.90875
145	rnapol	0.35	0.0	0.0
146	__protein1_rbs	10.45	0.0	0.0
146	__protein2_rbs	11.0	0.0	0.0
146	__protein3_rbs	2.9	0.0	0.0
146	__ribosome	29.8	0.0	0.0
146	__rnase_site_ext	17.25	0.0	0.0
146	p0	0.9	0.0	0.0
146	p2	0.95	0.0	0.0
146	protein1	638.2	16.1	1.8957043999999998
146	protein2	613.35	16.65	1.88498395
146	protein3	177.7	4.6	1.94666665
146	rnapol	0.5	0.0	0.0
147	__protein1_rbs	10.05	0.0	0.0
147	__protein2_rbs	10.9	0.0	0.0
147	__protein3_rbs	3.05	0.0	0.0
147	__ribosome	31.1	0.0	0.0
147	__rnase_site_ext	17.05	0.0	0.0
147	p0	0.9	0.0	0.0
147	p2	0.9	0.0	0.0
147	protein1	644.35	16.0	1.91845425
147	protein2	620.5	16.7	1.81956985
147	protein3	179.6	4.65	1.895000000000001
147	rnapol	0.45	0.0	0.0
148	__protein1_rbs	9.15	0.0	0.0
148	__protein2_rbs	10.8	0.0	0.0
148	__protein3_rbs	2.6	0.0	0.0
148	__ribosome	31.0	0.0	0.0
148	__rnase_site_ext	17.1	0.0	0.0
148	p0	0.9	0.0	0.0
148	p2	0.9	0.0	0.0
148	protein1	651.15	15.8	1.9248209499999995
148	protein2	626.7	16.9	1.8283686000000001
148	protein3	181.8	4.65	1.8916667
148	rnapol	0.55	0.0	0.0
149	__protein1_rbs	9.1	0.0	0.0
149	__protein2_rbs	9.6	0.0	0.0
149	__protein3_rbs	2.7	0.0	0.0
149	__ribosome	29.45	0.0	0.0
149	__rnase_site_ext	17.0	0.0	0.0
149	p0	0.75	0.0	0.0
149	p2	0.85	0.0	0.0
149	protein1	657.4	15.75	1.9734682000000001
149	protein2	633.95	17.05	1.84656015
149	protein3	183.65	4.7	1.92041665
149	rnapol	0.4	0.0	0.0
150	__protein1_rbs	9.75	0.0	0.0
150	__protein2_rbs	11.25	0.0	0.0
150	__protein3_rbs	2.85	0.0	0.0
150	__ribosome	29.8	0.0	0.0
150	__rnase_site_ext	17.0	0.0	0.0
150	p0	0.95	0.0	0.0
150	p2	0.85	0.0	0.0
150	protein1	663.55	15.6	1.98571795
150	protein2	640.3	17.0	1.82321095
150	protein3	185.4	4.75	1.8148809500000005
150	rnapol	0.55	0.0	0.0
151	__protein1_rbs	9.85	0.0	0.0
151	__protein2_rbs	10.65	0.0	0.0
151	__protein3_rbs	3.1	0.0	0.0
151	__ribosome	29.25	0.0	0.0
151	__rnase_site_ext	17.0	0.0	0.0
151	p0	0.75	0.0	0.0
151	p2	0.85	0.0	0.0
151	protein1	669.8	15.7	1.96749285
151	protein2	646.3	17.2	1.8361372999999999
151	protein3	187.1	4.7	1.8648810000000002
151	rnapol	0.5	0.0	0.0
152	__protein1_rbs	9.95	0.0	0.0
152	__protein2_rbs	10.85	0.0	0.0
152	__protein3_rbs	2.85	0.0	0.0
152	__ribosome	28.05	0.0	0.0
152	__rnase_site_ext	17.05	0.0	0.0
152	p0	0.9	0.0	0.0
152	p2	0.9	0.0	0.0
152	protein1	675.65	15.55	2.0231037000000005
152	protein2	652.9	17.35	1.84887525
152	protein3	188.8	4.8	1.9169048
152	rnapol	0.8	0.0	0.0
153	__protein1_rbs	9.4	0.0	0.0
153	__protein2_rbs	10.35	0.0	0.0
153	__protein3_rbs	3.25	0.0	0.0
153	__ribosome	28.05	0.0	0.0
153	__rnase_site_ext	17.1	0.0	0.0
153	p0	0.65	0.0	0.0
153	p2	0.85	0.0	0.0
153	protein1	682.75	15.65	1.9761862500000005
153	protein2	659.4	17.15	1.91617655
153	protein3	190.75	4.8	1.86226195
153	rnapol	0.65	0.0	0.0
154	__protein1_rbs	10.25	0.0	0.0
154	__protein2_rbs	10.05	0.0	0.0
154	__protein3_rbs	2.95	0.0	0.0
154	__ribosome	28.45	0.0	0.0
154	__rnase_site_ext	17.35	0.0	0.0
154	p0	0.85	0.0	0.0
154	p2	0.75	0.0	0.0
154	protein1	689.8	15.75	1.8815419
154	protein2	666.25	17.25	1.93160825
154	protein3	192.3	4.85	1.90047615
154	rnapol	0.55	0.0	0.0
155	__protein1_rbs	10.3	0.0	0.0
155	__protein2_rbs	10.2	0.0	0.0
155	__protein3_rbs	3.3	0.0	0.0
155	__ribosome	27.7	0.0	0.0
155	__rnase_site_ext	17.25	0.0	0.0
155	p0	0.9	0.0	0.0
155	p2	0.85	0.0	0.0
155	protein1	695.8	15.9	1.8859475000000003
155	protein2	672.55	17.1	2.0090708500000005
155	protein3	194.5	4.85	1.8729762
155	rnapol	0.55	0.0	0.0
156	__protein1_rbs	9.75	0.0	0.0
156	__protein2_rbs	10.75	0.0	0.0
156	__protein3_rbs	3.25	0.0	0.0
156	__ribosome	28.4	0.0	0.0
156	__rnase_site_ext	17.35	0.0	0.0
156	p0	0.75	0.0	0.0
156	p2	0.95	0.0	0.0
156	protein1	702.6	15.75	1.86499855
156	protein2	679.25	16.95	2.0177172000000003
156	protein3	196.35	5.05	1.815754
156	rnapol	0.8	0.0	0.0
157	__protein1_rbs	9.4	0.0	0.0
157	__protein2_rbs	10.85	0.0	0.0
157	__protein3_rbs	3.0	0.0	0.0
157	__ribosome	27.4	0.0	0.0
157	__rnase_site_ext	17.5	0.0	0.0
157	p0	0.75	0.0	0.0
157	p2	0.9	0.0	0.0
157	protein1	708.05	15.9	1.9135056999999995
157	protein2	686.45	16.85	1.99381885
157	protein3	198.4	5.2	1.82950395
157	rnapol	0.8	0.0	0.0
158	__protein1_rbs	10.15	0.0	0.0
158	__protein2_rbs	10.45	0.0	0.0
158	__protein3_rbs	3.2	0.0	0.0
158	__ribosome	29.0	0.0	0.0
158	__rnase_site_ext	17.3	0.0	0.0
158	p0	0.85	0.0	0.0
158	p2	1.0	0.0	0.0
158	protein1	714.7	15.9	1.87653455
158	protein2	693.95	16.9	1.9173850500000005
158	protein3	200.3	5.2	1.8599404999999998
158	rnapol	0.95	0.0	0.0
159	__protein1_rbs	10.05	0.0	0.0
159	__protein2_rbs	11.1	0.0	0.0
159	__protein3_rbs	3.55	0.0	0.0
159	__ribosome	29.95	0.0	0.0
159	__rnase_site_ext	17.65	0.0	0.0
159	p0	0.65	0.0	0.0
159	p2	0.95	0.0	0.0
159	protein1	720.8	15.9	1.8617086999999999
159	protein2	701.4	17.0	1.84350495
159	protein3	202.0	5.25	1.87591275
159	rnapol	0.6	0.0	0.0
160	__protein1_rbs	9.9	0.0	0.0
160	__protein2_rbs	10.7	0.0	0.0
160	__protein3_rbs	3.15	0.0	0.0
160	__ribosome	29.65	0.0	0.0
160	__rnase_site_ext	17.65	0.0	0.0
160	p0	0.85	0.0	0.0
160	p2	0.85	0.0	0.0
160	protein1	726.65	16.2	1.8767428999999995
160	protein2	708.5	16.9	1.8370834500000004
160	protein3	204.45	5.3	1.77787705
160	rnapol	0.5	0.0	0.0
161	__protein1_rbs	9.9	0.0	0.0
161	__protein2_rbs	10.75	0.0	0.0
161	__protein3_rbs	3.05	0.0	0.0
161	__ribosome	28.25	0.0	0.0
161	__rnase_site_ext	17.65	0.0	0.0
161	p0	0.95	0.0	0.0
161	p2	0.9	0.0	0.0
161	protein1	733.15	16.35	1.9100055
161	protein2	714.7	17.05	1.8475941500000004
161	protein3	206.25	5.25	1.8400595000000002
161	rnapol	0.55	0.0	0.0
162	__protein1_rbs	10.35	0.0	0.0
162	__protein2_rbs	10.6	0.0	0.0
162	__protein3_rbs	3.35	0.0	0.0
162	__ribosome	28.6	0.0	0.0
162	__rnase_site_ext	17.4	0.0	0.0
162	p0	0.8	0.0	0.0
162	p2	0.95	0.0	0.0
162	protein1	740.15	16.25	1.8799862
162	protein2	720.95	17.05	1.8900784
162	protein3	208.55	5.4	1.78317455
162	rnapol	0.8	0.0	0.0
163	__protein1_rbs	10.9	0.0	0.0
163	__protein2_rbs	10.6	0.0	0.0
163	__protein3_rbs	3.4	0.0	0.0
163	__ribosome	28.6	0.0	0.0
163	__rnase_site_ext	17.4	0.0	0.0
163	p0	0.8	0.0	0.0
163	p2	0.9	0.0	0.0
163	protein1	745.85	16.15	1.88880125
163	protein2	727.8	17.1	1.87028125
163	protein3	210.5	5.45	1.7926588000000003
163	rnapol	0.6	0.0	0.0
164	__protein1_rbs	10.65	0.0	0.0
164	__protein2_rbs	11.0	0.0	0.0
164	__protein3_rbs	3.5	0.0	0.0
164	__ribosome	29.25	0.0	0.0
164	__rnase_site_ext	17.5	0.0	0.0
164	p0	0.7	0.0	0.0
164	p2	0.95	0.0	0.0
164	protein1	752.0	16.05	1.8900287
164	protein2	734.95	17.0	1.84750135
164	protein3	212.55	5.4	1.80593255
164	rnapol	0.55	0.0	0.0
165	__protein1_rbs	10.3	0.0	0.0
165	__protein2_rbs	11.4	0.0	0.0
165	__protein3_rbs	3.55	0.0	0.0
165	__ribosome	30.6	0.0	0.0
165	__rnase_site_ext	17.55	0.0	0.0
165	p0	1.0	0.0	0.0
165	p2	1.0	0.0	0.0
165	protein1	759.5	16.2	1.7977616
165	protein2	741.4	17.05	1.8172954999999995
165	protein3	214.65	5.35	1.87831355
165	rnapol	0.55	0.0	0.0
166	__protein1_rbs	10.25	0.0	0.0
166	__protein2_rbs	10.5	0.0	0.0
166	__protein3_rbs	3.25	0.0	0.0
166	__ribosome	30.75	0.0	0.0
166	__rnase_site_ext	17.55	0.0	0.0
166	p0	0.95	0.0	0.0
166	p2	0.9	0.0	0.0
166	protein1	766.45	16.25	1.7739294999999997
166	protein2	747.95	17.15	1.8263971
166	protein3	216.65	5.35	1.8775794
166	rnapol	0.75	0.0	0.0
167	__protein1_rbs	10.3	0.0	0.0
167	__protein2_rbs	10.5	0.0	0.0
167	__protein3_rbs	3.3	0.0	0.0
167	__ribosome	29.4	0.0	0.0
167	__rnase_site_ext	17.4	0.0	0.0
167	p0	0.75	0.0	0.0
167	p2	0.9	0.0	0.0
167	protein1	772.05	16.1	1.86235335
167	protein2	754.9	17.15	1.8417545
167	protein3	218.75	5.3	1.95505955
167	rnapol	0.85	0.0	0.0
168	__protein1_rbs	9.95	0.0	0.0
168	__protein2_rbs	10.4	0.0	0.0
168	__protein3_rbs	3.75	0.0	0.0
168	__ribosome	28.5	0.0	0.0
168	__rnase_site_ext	17.35	0.0	0.0
168	p0	0.9	0.0	0.0
168	p2	0.8	0.0	0.0
168	protein1	778.15	16.1	1.90400665
168	protein2	761.45	17.2	1.8687672499999997
168	protein3	220.9	5.25	1.8853968
168	rnapol	0.75	0.0	0.0
169	__protein1_rbs	9.7	0.0	0.0
169	__protein2_rbs	10.95	0.0	0.0
169	__protein3_rbs	3.2	0.0	0.0
169	__ribosome	27.1	0.0	0.0
169	__rnase_site_ext	17.35	0.0	0.0
169	p0	0.75	0.0	0.0
169	p2	0.85	0.0	0.0
169	protein1	784.1	16.05	1.99712685
169	protein2	767.8	17.35	1.8562615500000004
169	protein3	222.9	5.15	1.99942465
169	rnapol	0.7	0.0	0.0
170	__protein1_rbs	10.2	0.0	0.0
170	__protein2_rbs	11.25	0.0	0.0
170	__protein3_rbs	3.1	0.0	0.0
170	__ribosome	27.2	0.0	0.0
170	__rnase_site_ext	17.5	0.0	0.0
170	p0	0.85	0.0	0.0
170	p2	1.0	0.0	0.0
170	protein1	790.85	16.0	1.9348444500000004
170	protein2	774.15	17.45	1.8835491
170	protein3	225.15	5.15	2.025119000000001
170	rnapol	0.9	0.0	0.0
171	__protein1_rbs	10.05	0.0	0.0
171	__protein2_rbs	10.7	0.0	0.0
171	__protein3_rbs	2.85	0.0	0.0
171	__ribosome	27.65	0.0	0.0
171	__rnase_site_ext	17.85	0.0	0.0
171	p0	0.9	0.0	0.0
171	p2	0.8	0.0	0.0
171	protein1	797.15	16.15	1.91455475
171	protein2	781.55	17.35	1.8849086500000003
171	protein3	227.7	5.1	1.9823413000000003
171	rnapol	0.6	0.0	0.0
172	__protein1_rbs	10.8	0.0	0.0
172	__protein2_rbs	12.05	0.0	0.0
172	__protein3_rbs	3.65	0.0	0.0
172	__ribosome	29.4	0.0	0.0
172	__rnase_site_ext	17.65	0.0	0.0
172	p0	0.75	0.0	0.0
172	p2	0.95	0.0	0.0
172	protein1	804.0	16.4	1.8409106
172	protein2	788.3	17.55	1.8309828000000004
172	protein3	229.6	5.0	1.90003965
172	rnapol	0.55	0.0	0.0
173	__protein1_rbs	9.75	0.0	0.0
173	__protein2_rbs	11.35	0.0	0.0
173	__protein3_rbs	2.65	0.0	0.0
173	__ribosome	27.75	0.0	0.0
173	__rnase_site_ext	17.65	0.0	0.0
173	p0	0.9	0.0	0.0
173	p2	0.9	0.0	0.0
173	protein1	810.2	16.2	1.88521725
173	protein2	794.9	17.6	1.8295311
173	protein3	231.5	5.15	2.02
173	rnapol	0.65	0.0	0.0
174	__protein1_rbs	10.05	0.0	0.0
174	__protein2_rbs	10.9	0.0	0.0
174	__protein3_rbs	3.5	0.0	0.0
174	__ribosome	27.45	0.0	0.0
174	__rnase_site_ext	17.6	0.0	0.0
174	p0	0.85	0.0	0.0
174	p2	0.9	0.0	0.0
174	protein1	816.85	16.3	1.88557865
174	protein2	801.6	17.7	1.8476759000000005
174	protein3	233.7	5.25	1.90178575
174	rnapol	0.7	0.0	0.0
175	__protein1_rbs	9.85	0.0	0.0
175	__protein2_rbs	11.5	0.0	0.0
175	__protein3_rbs	3.45	0.0	0.0
175	__ribosome	28.5	0.0	0.0
175	__rnase_site_ext	17.65	0.0	0.0
175	p0	0.9	0.0	0.0
175	p2	0.85	0.0	0.0
175	protein1	823.3	16.1	1.92307555
175	protein2	809.05	17.45	1.81686655
175	protein3	236.0	5.35	1.81416665
175	rnapol	0.6	0.0	0.0
176	__protein1_rbs	10.2	0.0	0.0
176	__protein2_rbs	11.3	0.0	0.0
176	__protein3_rbs	3.65	0.0	0.0
176	__ribosome	28.75	0.0	0.0
176	__rnase_site_ext	17.65	0.0	0.0
176	p0	0.9	0.0	0.0
176	p2	0.85	0.0	0.0
176	protein1	829.75	16.15	1.8864368
176	protein2	815.4	17.35	1.878761
176	protein3	238.25	5.25	1.8024604
176	rnapol	0.6	0.0	0.0
177	__protein1_rbs	9.45	0.0	0.0
177	__protein2_rbs	10.45	0.0	0.0
177	__protein3_rbs	3.2	0.0	0.0
177	__ribosome	27.15	0.0	0.0
177	__rnase_site_ext	17.45	0.0	0.0
177	p0	0.8	0.0	0.0
177	p2	0.85	0.0	0.0
177	protein1	835.7	16.1	1.9879162
177	protein2	822.7	17.35	1.8692991000000003
177	protein3	240.1	5.35	1.8478968
177	rnapol	0.7	0.0	0.0
178	__protein1_rbs	10.45	0.0	0.0
178	__protein2_rbs	11.45	0.0	0.0
178	__protein3_rbs	3.5	0.0	0.0
178	__ribosome	29.45	0.0	0.0
178	__rnase_site_ext	17.7	0.0	0.0
178	p0	0.75	0.0	0.0
178	p2	0.95	0.0	0.0
178	protein1	843.15	15.95	1.9125482000000005
178	protein2	829.85	17.35	1.84392175
178	protein3	242.25	5.35	1.7673810000000003
178	rnapol	0.65	0.0	0.0
179	__protein1_rbs	10.35	0.0	0.0
179	__protein2_rbs	11.35	0.0	0.0
179	__protein3_rbs	3.35	0.0	0.0
179	__ribosome	28.55	0.0	0.0
179	__rnase_site_ext	17.65	0.0	0.0
179	p0	0.85	0.0	0.0
179	p2	1.0	0.0	0.0
179	protein1	849.4	16.0	1.92151765
179	protein2	835.9	17.5	1.86391505
179	protein3	244.15	5.45	1.7860912000000002
179	rnapol	0.8	0.0	0.0
180	__protein1_rbs	10.45	0.0	0.0
180	__protein2_rbs	10.7	0.0	0.0
180	__protein3_rbs	3.45	0.0	0.0
180	__ribosome	29.25	0.0	0.0
180	__rnase_site_ext	17.6	0.0	0.0
180	p0	0.85	0.0	0.0
180	p2	0.9	0.0	0.0
180	protein1	855.95	16.05	1.8586061500000004
180	protein2	843.3	17.5	1.84708315
180	protein3	246.35	5.55	1.7575595000000002
180	rnapol	0.65	0.0	0.0
181	__protein1_rbs	10.0	0.0	0.0
181	__protein2_rbs	10.7	0.0	0.0
181	__protein3_rbs	3.5	0.0	0.0
181	__ribosome	29.55	0.0	0.0
181	__rnase_site_ext	17.4	0.0	0.0
181	p0	0.85	0.0	0.0
181	p2	0.95	0.0	0.0
181	protein1	862.65	15.95	1.84464065
181	protein2	850.6	17.6	1.81443055
181	protein3	248.1	5.45	1.84513885
181	rnapol	0.75	0.0	0.0
182	__protein1_rbs	9.8	0.0	0.0
182	__protein2_rbs	10.85	0.0	0.0
182	__protein3_rbs	2.6	0.0	0.0
182	__ribosome	28.85	0.0	0.0
182	__rnase_site_ext	17.6	0.0	0.0
182	p0	0.85	0.0	0.0
182	p2	0.95	0.0	0.0
182	protein1	869.2	15.8	1.8594376
182	protein2	857.7	17.5	1.8220333999999998
182	protein3	250.15	5.4	1.99573415
182	rnapol	0.6	0.0	0.0
183	__protein1_rbs	10.6	0.0	0.0
183	__protein2_rbs	11.3	0.0	0.0
183	__protein3_rbs	3.4	0.0	0.0
183	__ribosome	28.4	0.0	0.0
183	__rnase_site_ext	17.4	0.0	0.0
183	p0	0.85	0.0	0.0
183	p2	0.9	0.0	0.0
183	protein1	875.4	16.05	1.82404435
183	protein2	864.25	17.55	1.84141225
183	protein3	252.15	5.5	1.99146825
183	rnapol	0.75	0.0	0.0
184	__protein1_rbs	9.95	0.0	0.0
184	__protein2_rbs	11.7	0.0	0.0
184	__protein3_rbs	3.4	0.0	0.0
184	__ribosome	27.35	0.0	0.0
184	__rnase_site_ext	17.55	0.0	0.0
184	p0	0.85	0.0	0.0
184	p2	0.8	0.0	0.0
184	protein1	881.2	15.8	1.8991213499999997
184	protein2	870.5	17.5	1.8845056
184	protein3	254.55	5.4	1.9409127
184	rnapol	0.75	0.0	0.0
185	__protein1_rbs	10.15	0.0	0.0
185	__protein2_rbs	11.15	0.0	0.0
185	__protein3_rbs	3.4	0.0	0.0
185	__ribosome	27.35	0.0	0.0
185	__rnase_site_ext	17.65	0.0	0.0
185	p0	0.9	0.0	0.0
185	p2	0.9	0.0	0.0
185	protein1	887.8	15.95	1.88673955
185	protein2	877.25	17.55	1.8602941500000008
185	protein3	256.75	5.5	1.86700395
185	rnapol	0.85	0.0	0.0
186	__protein1_rbs	10.4	0.0	0.0
186	__protein2_rbs	11.3	0.0	0.0
186	__protein3_rbs	4.0	0.0	0.0
186	__ribosome	28.6	0.0	0.0
186	__rnase_site_ext	17.95	0.0	0.0
186	p0	0.6	0.0	0.0
186	p2	0.85	0.0	0.0
186	protein1	893.8	15.95	1.895563
186	protein2	884.8	17.7	1.7739482
186	protein3	258.95	5.6	1.8046032
186	rnapol	0.35	0.0	0.0
187	__protein1_rbs	9.5	0.0	0.0
187	__protein2_rbs	11.65	0.0	0.0
187	__protein3_rbs	3.85	0.0	0.0
187	__ribosome	28.45	0.0	0.0
187	__rnase_site_ext	17.95	0.0	0.0
187	p0	0.8	0.0	0.0
187	p2	0.9	0.0	0.0
187	protein1	900.25	16.25	1.8890241
187	protein2	891.4	17.55	1.8025227
187	protein3	261.65	5.55	1.7560913000000002
187	rnapol	0.4	0.0	0.0
188	__protein1_rbs	10.05	0.0	0.0
188	__protein2_rbs	11.35	0.0	0.0
188	__protein3_rbs	3.4	0.0	0.0
188	__ribosome	28.55	0.0	0.0
188	__rnase_site_ext	17.95	0.0	0.0
188	p0	0.8	0.0	0.0
188	p2	0.95	0.0	0.0
188	protein1	906.45	16.2	1.9236080500000003
188	protein2	898.65	17.4	1.7885423500000002
188	protein3	264.15	5.55	1.7530753500000005
188	rnapol	0.25	0.0	0.0
189	__protein1_rbs	10.25	0.0	0.0
189	__protein2_rbs	10.9	0.0	0.0
189	__protein3_rbs	3.45	0.0	0.0
189	__ribosome	27.4	0.0	0.0
189	__rnase_site_ext	18.1	0.0	0.0
189	p0	0.9	0.0	0.0
189	p2	0.95	0.0	0.0
189	protein1	913.4	16.25	1.91480295
189	protein2	904.95	17.4	1.8394641
189	protein3	266.25	5.6	1.79591265
189	rnapol	0.2	0.0	0.0
190	__protein1_rbs	11.0	0.0	0.0
190	__protein2_rbs	10.35	0.0	0.0
190	__protein3_rbs	3.4	0.0	0.0
190	__ribosome	27.5	0.0	0.0
190	__rnase_site_ext	18.0	0.0	0.0
190	p0	0.95	0.0	0.0
190	p2	0.9	0.0	0.0
190	protein1	919.85	16.45	1.86957425
190	protein2	911.75	17.35	1.87076685
190	protein3	268.6	5.55	1.7664087000000002
190	rnapol	0.45	0.0	0.0
191	__protein1_rbs	9.7	0.0	0.0
191	__protein2_rbs	11.5	0.0	0.0
191	__protein3_rbs	3.75	0.0	0.0
191	__ribosome	27.05	0.0	0.0
191	__rnase_site_ext	17.95	0.0	0.0
191	p0	0.85	0.0	0.0
191	p2	0.85	0.0	0.0
191	protein1	926.3	16.4	1.9030783
191	protein2	918.45	17.35	1.8549258
191	protein3	270.55	5.45	1.86240085
191	rnapol	0.55	0.0	0.0
192	__protein1_rbs	11.15	0.0	0.0
192	__protein2_rbs	11.4	0.0	0.0
192	__protein3_rbs	3.5	0.0	0.0
192	__ribosome	27.95	0.0	0.0
192	__rnase_site_ext	18.1	0.0	0.0
192	p0	0.8	0.0	0.0
192	p2	0.9	0.0	0.0
192	protein1	933.35	16.4	1.8350554000000001
192	protein2	925.5	17.6	1.8114136000000003
192	protein3	272.4	5.45	1.9501786000000003
192	rnapol	0.55	0.0	0.0
193	__protein1_rbs	10.2	0.0	0.0
193	__protein2_rbs	10.8	0.0	0.0
193	__protein3_rbs	3.4	0.0	0.0
193	__ribosome	27.9	0.0	0.0
193	__rnase_site_ext	18.1	0.0	0.0
193	p0	0.95	0.0	0.0
193	p2	0.95	0.0	0.0
193	protein1	940.4	16.4	1.8265680000000004
193	protein2	932.1	17.4	1.8551752000000004
193	protein3	274.6	5.45	2.00831345
193	rnapol	0.65	0.0	0.0
194	__protein1_rbs	9.85	0.0	0.0
194	__protein2_rbs	10.95	0.0	0.0
194	__protein3_rbs	3.35	0.0	0.0
194	__ribosome	27.8	0.0	0.0
194	__rnase_site_ext	18.15	0.0	0.0
194	p0	0.85	0.0	0.0
194	p2	0.9	0.0	0.0
194	protein1	947.05	16.45	1.8274034000000003
194	protein2	939.3	17.45	1.8532348
194	protein3	277.15	5.55	1.89357145
194	rnapol	0.5	0.0	0.0
195	__protein1_rbs	10.5	0.0	0.0
195	__protein2_rbs	11.85	0.0	0.0
195	__protein3_rbs	3.5	0.0	0.0
195	__ribosome	29.15	0.0	0.0
195	__rnase_site_ext	18.05	0.0	0.0
195	p0	0.85	0.0	0.0
195	p2	0.85	0.0	0.0
195	protein1	953.45	16.5	1.82519425
195	protein2	947.15	17.65	1.7593872000000002
195	protein3	279.45	5.55	1.8654563000000002
195	rnapol	0.5	0.0	0.0
196	__protein1_rbs	10.5	0.0	0.0
196	__protein2_rbs	11.15	0.0	0.0
196	__protein3_rbs	3.15	0.0	0.0
196	__ribosome	27.55	0.0	0.0
196	__rnase_site_ext	17.95	0.0	0.0
196	p0	1.0	0.0	0.0
196	p2	0.9	0.0	0.0
196	protein1	959.9	16.45	1.8540875
196	protein2	953.75	17.65	1.7783499999999997
196	protein3	281.6	5.6	1.98763895
196	rnapol	0.65	0.0	0.0
197	__protein1_rbs	10.3	0.0	0.0
197	__protein2_rbs	11.5	0.0	0.0
197	__protein3_rbs	4.05	0.0	0.0
197	__ribosome	27.3	0.0	0.0
197	__rnase_site_ext	18.0	0.0	0.0
197	p0	0.9	0.0	0.0
197	p2	0.9	0.0	0.0
197	protein1	965.8	16.45	1.8871076500000004
197	protein2	960.55	17.6	1.7946982499999995
197	protein3	284.0	5.8	1.8147817
197	rnapol	0.7	0.0	0.0
198	__protein1_rbs	10.7	0.0	0.0
198	__protein2_rbs	10.75	0.0	0.0
198	__protein3_rbs	3.35	0.0	0.0
198	__ribosome	26.7	0.0	0.0
198	__rnase_site_ext	18.05	0.0	0.0
198	p0	0.8	0.0	0.0
198	p2	0.85	0.0	0.0
198	protein1	972.8	16.35	1.8564081000000008
198	protein2	967.2	17.35	1.84592085
198	protein3	285.9	5.8	1.98164695
198	rnapol	0.75	0.0	0.0
199	__protein1_rbs	10.55	0.0	0.0
199	__protein2_rbs	10.85	0.0	0.0
199	__protein3_rbs	3.95	0.0	0.0
199	__ribosome	27.4	0.0	0.0
199	__rnase_site_ext	18.05	0.0	0.0
199	p0	0.9	0.0	0.0
199	p2	0.9	0.0	0.0
199	protein1	979.5	16.45	1.84577505
199	protein2	974.6	17.45	1.8105087
199	protein3	288.65	5.8	1.89414675
199	rnapol	1.0	0.0	0.0
200	__protein1_rbs	10.75	0.0	0.0
200	__protein2_rbs	10.7	0.0	0.0
200	__protein3_rbs	3.35	0.0	0.0
200	__ribosome	25.8	0.0	0.0
200	__rnase_site_ext	18.05	0.0	0.0
200	p0	0.7	0.0	0.0
200	p2	0.9	0.0	0.0
200	protein1	985.85	16.4	1.8328704
200	protein2	980.65	17.6	1.8951205
200	protein3	290.85	5.75	1.9154761999999999
200	rnapol	1.1	0.0	0.0
201	__protein1_rbs	10.3	0.0	0.0
201	__protein2_rbs	11.05	0.0	0.0
201	__protein3_rbs	3.55	0.0	0.0
201	__ribosome	27.8	0.0	0.0
201	__rnase_site_ext	18.4	0.0	0.0
201	p0	0.75	0.0	0.0
201	p2	0.75	0.0	0.0
201	protein1	993.15	16.35	1.8004485499999998
201	protein2	988.5	17.6	1.85564145
201	protein3	293.75	5.8	1.82906745
201	rnapol	0.7	0.0	0.0
202	__protein1_rbs	10.5	0.0	0.0
202	__protein2_rbs	11.45	0.0	0.0
202	__protein3_rbs	4.25	0.0	0.0
202	__ribosome	27.7	0.0	0.0
202	__rnase_site_ext	18.5	0.0	0.0
202	p0	0.85	0.0	0.0
202	p2	0.95	0.0	0.0
202	protein1	999.4	16.65	1.81662845
202	protein2	995.35	17.5	1.85189065
202	protein3	296.05	5.8	1.7358134999999997
202	rnapol	0.85	0.0	0.0
203	__protein1_rbs	11.05	0.0	0.0
203	__protein2_rbs	10.8	0.0	0.0
203	__protein3_rbs	3.65	0.0	0.0
203	__ribosome	26.55	0.0	0.0
203	__rnase_site_ext	18.45	0.0	0.0
203	p0	0.9	0.0	0.0
203	p2	0.95	0.0	0.0
203	protein1	1006.1	16.8	1.7931980999999997
203	protein2	1001.95	17.6	1.9098166
203	protein3	298.45	6.0	1.75839295
203	rnapol	0.9	0.0	0.0
204	__protein1_rbs	10.75	0.0	0.0
204	__protein2_rbs	11.1	0.0	0.0
204	__protein3_rbs	3.55	0.0	0.0
204	__ribosome	26.45	0.0	0.0
204	__rnase_site_ext	18.45	0.0	0.0
204	p0	0.7	0.0	0.0
204	p2	0.9	0.0	0.0
204	protein1	1012.65	16.9	1.7861611500000003
204	protein2	1010.0	17.6	1.86004405
204	protein3	300.3	6.0	1.91775795
204	rnapol	0.75	0.0	0.0
205	__protein1_rbs	11.05	0.0	0.0
205	__protein2_rbs	11.1	0.0	0.0
205	__protein3_rbs	4.2	0.0	0.0
205	__ribosome	27.0	0.0	0.0
205	__rnase_site_ext	18.55	0.0	0.0
205	p0	0.8	0.0	0.0
205	p2	0.95	0.0	0.0
205	protein1	1019.05	16.65	1.81602855
205	protein2	1016.85	17.6	1.8588544999999999
205	protein3	303.0	6.05	1.8217856
205	rnapol	0.8	0.0	0.0
206	__protein1_rbs	10.55	0.0	0.0
206	__protein2_rbs	11.35	0.0	0.0
206	__protein3_rbs	4.0	0.0	0.0
206	__ribosome	26.9	0.0	0.0
206	__rnase_site_ext	18.95	0.0	0.0
206	p0	0.8	0.0	0.0
206	p2	0.85	0.0	0.0
206	protein1	1025.95	16.8	1.7957749
206	protein2	1023.85	17.5	1.86054545
206	protein3	305.15	5.95	1.91432545
206	rnapol	0.6	0.0	0.0
207	__protein1_rbs	11.45	0.0	0.0
207	__protein2_rbs	11.05	0.0	0.0
207	__protein3_rbs	4.05	0.0	0.0
207	__ribosome	27.4	0.0	0.0
207	__rnase_site_ext	19.0	0.0	0.0
207	p0	0.75	0.0	0.0
207	p2	1.0	0.0	0.0
207	protein1	1032.5	17.1	1.7707614499999995
207	protein2	1031.65	17.5	1.81755935
207	protein3	307.55	5.95	1.8757342
207	rnapol	0.6	0.0	0.0
208	__protein1_rbs	11.05	0.0	0.0
208	__protein2_rbs	10.35	0.0	0.0
208	__protein3_rbs	3.4	0.0	0.0
208	__ribosome	26.65	0.0	0.0
208	__rnase_site_ext	19.05	0.0	0.0
208	p0	0.8	0.0	0.0
208	p2	0.9	0.0	0.0
208	protein1	1039.35	17.1	1.7967129000000004
208	protein2	1038.55	17.45	1.858363
208	protein3	310.65	5.9	1.8296429
208	rnapol	0.6	0.0	0.0
209	__protein1_rbs	10.3	0.0	0.0
209	__protein2_rbs	11.75	0.0	0.0
209	__protein3_rbs	3.7	0.0	0.0
209	__ribosome	25.55	0.0	0.0
209	__rnase_site_ext	19.15	0.0	0.0
209	p0	0.9	0.0	0.0
209	p2	1.0	0.0	0.0
209	protein1	1045.4	17.25	1.85438645
209	protein2	1046.05	17.75	1.824159
209	protein3	312.95	5.85	1.83565465
209	rnapol	0.55	0.0	0.0
210	__protein1_rbs	11.3	0.0	0.0
210	__protein2_rbs	11.2	0.0	0.0
210	__protein3_rbs	3.95	0.0	0.0
210	__ribosome	25.2	0.0	0.0
210	__rnase_site_ext	19.05	0.0	0.0
210	p0	0.85	0.0	0.0
210	p2	1.0	0.0	0.0
210	protein1	1052.4	17.3	1.8181218999999997
210	protein2	1052.6	17.85	1.8535595
210	protein3	315.05	5.95	1.7972023499999998
210	rnapol	0.6	0.0	0.0
211	__protein1_rbs	10.95	0.0	0.0
211	__protein2_rbs	11.95	0.0	0.0
211	__protein3_rbs	3.95	0.0	0.0
211	__ribosome	26.15	0.0	0.0
211	__rnase_site_ext	19.15	0.0	0.0
211	p0	0.9	0.0	0.0
211	p2	1.0	0.0	0.0
211	protein1	1059.45	17.3	1.84544365
211	protein2	1059.7	17.85	1.8106276999999997
211	protein3	317.6	5.95	1.6938691000000003
211	rnapol	0.6	0.0	0.0
212	__protein1_rbs	11.15	0.0	0.0
212	__protein2_rbs	11.4	0.0	0.0
212	__protein3_rbs	3.85	0.0	0.0
212	__ribosome	25.65	0.0	0.0
212	__rnase_site_ext	19.1	0.0	0.0
212	p0	0.9	0.0	0.0
212	p2	0.85	0.0	0.0
212	protein1	1066.1	17.5	1.8413018
212	protein2	1066.9	18.0	1.7960307999999998
212	protein3	319.7	5.85	1.73029765
212	rnapol	0.55	0.0	0.0
213	__protein1_rbs	10.4	0.0	0.0
213	__protein2_rbs	12.15	0.0	0.0
213	__protein3_rbs	3.55	0.0	0.0
213	__ribosome	26.7	0.0	0.0
213	__rnase_site_ext	19.1	0.0	0.0
213	p0	0.9	0.0	0.0
213	p2	0.9	0.0	0.0
213	protein1	1074.25	17.55	1.8394266
213	protein2	1074.65	18.1	1.7335761000000003
213	protein3	322.25	5.7	1.72807535
213	rnapol	0.85	0.0	0.0
214	__protein1_rbs	12.25	0.0	0.0
214	__protein2_rbs	11.0	0.0	0.0
214	__protein3_rbs	3.65	0.0	0.0
214	__ribosome	27.2	0.0	0.0
214	__rnase_site_ext	19.3	0.0	0.0
214	p0	0.75	0.0	0.0
214	p2	0.85	0.0	0.0
214	protein1	1080.9	17.55	1.7829057
214	protein2	1082.15	18.15	1.75149205
214	protein3	324.6	5.75	1.7322618
214	rnapol	0.75	0.0	0.0
215	__protein1_rbs	12.0	0.0	0.0
215	__protein2_rbs	11.5	0.0	0.0
215	__protein3_rbs	3.55	0.0	0.0
215	__ribosome	27.0	0.0	0.0
215	__rnase_site_ext	19.4	0.0	0.0
215	p0	0.75	0.0	0.0
215	p2	0.9	0.0	0.0
215	protein1	1088.05	17.7	1.7614325999999998
215	protein2	1089.35	18.2	1.7641382999999995
215	protein3	326.65	5.65	1.79494045
215	rnapol	0.6	0.0	0.0
216	__protein1_rbs	11.85	0.0	0.0
216	__protein2_rbs	11.7	0.0	0.0
216	__protein3_rbs	3.5	0.0	0.0
216	__ribosome	26.55	0.0	0.0
216	__rnase_site_ext	19.35	0.0	0.0
216	p0	0.8	0.0	0.0
216	p2	0.85	0.0	0.0
216	protein1	1094.55	17.75	1.77240885
216	protein2	1095.95	18.2	1.7905107
216	protein3	329.2	5.7	1.7267857
216	rnapol	0.65	0.0	0.0
217	__protein1_rbs	11.35	0.0	0.0
217	__protein2_rbs	11.15	0.0	0.0
217	__protein3_rbs	3.35	0.0	0.0
217	__ribosome	26.5	0.0	0.0
217	__rnase_site_ext	19.55	0.0	0.0
217	p0	0.75	0.0	0.0
217	p2	0.85	0.0	0.0
217	protein1	1103.1	17.8	1.6897813000000002
217	protein2	1103.05	18.25	1.8261657
217	protein3	331.2	5.85	1.8104438000000005
217	rnapol	0.35	0.0	0.0
218	__protein1_rbs	12.15	0.0	0.0
218	__protein2_rbs	12.05	0.0	0.0
218	__protein3_rbs	3.55	0.0	0.0
218	__ribosome	26.35	0.0	0.0
218	__rnase_site_ext	19.4	0.0	0.0
218	p0	1.0	0.0	0.0
218	p2	0.8	0.0	0.0
218	protein1	1109.2	17.8	1.70299225
218	protein2	1109.85	18.2	1.8297011
218	protein3	333.85	5.9	1.7808334
218	rnapol	0.55	0.0	0.0
219	__protein1_rbs	11.65	0.0	0.0
219	__protein2_rbs	11.8	0.0	0.0
219	__protein3_rbs	3.45	0.0	0.0
219	__ribosome	26.2	0.0	0.0
219	__rnase_site_ext	19.25	0.0	0.0
219	p0	0.95	0.0	0.0
219	p2	0.85	0.0	0.0
219	protein1	1115.55	17.7	1.74176365
219	protein2	1117.95	18.2	1.7514308
219	protein3	335.55	6.05	1.9074999999999995
219	rnapol	0.5	0.0	0.0
220	__protein1_rbs	11.8	0.0	0.0
220	__protein2_rbs	11.75	0.0	0.0
220	__protein3_rbs	4.35	0.0	0.0
220	__ribosome	27.6	0.0	0.0
220	__rnase_site_ext	19.1	0.0	0.0
220	p0	0.95	0.0	0.0
220	p2	0.85	0.0	0.0
220	protein1	1122.9	17.55	1.7023490000000003
220	protein2	1124.95	18.25	1.75497145
220	protein3	337.85	6.1	1.8719751
220	rnapol	0.65	0.0	0.0
221	__protein1_rbs	11.1	0.0	0.0
221	__protein2_rbs	11.5	0.0	0.0
221	__protein3_rbs	4.05	0.0	0.0
221	__ribosome	27.05	0.0	0.0
221	__rnase_site_ext	19.0	0.0	0.0
221	p0	0.85	0.0	0.0
221	p2	0.9	0.0	0.0
221	protein1	1129.75	17.25	1.7440048
221	protein2	1132.1	18.3	1.7771882499999996
221	protein3	340.6	6.25	1.7529491499999998
221	rnapol	0.75	0.0	0.0
222	__protein1_rbs	11.05	0.0	0.0
222	__protein2_rbs	11.95	0.0	0.0
222	__protein3_rbs	4.1	0.0	0.0
222	__ribosome	27.4	0.0	0.0
222	__rnase_site_ext	19.0	0.0	0.0
222	p0	0.9	0.0	0.0
222	p2	0.95	0.0	0.0
222	protein1	1136.9	17.25	1.7381707
222	protein2	1139.65	18.5	1.7526500499999995
222	protein3	343.35	6.3	1.7295778999999998
222	rnapol	0.9	0.0	0.0
223	__protein1_rbs	11.8	0.0	0.0
223	__protein2_rbs	11.75	0.0	0.0
223	__protein3_rbs	4.15	0.0	0.0
223	__ribosome	25.5	0.0	0.0
223	__rnase_site_ext	19.2	0.0	0.0
223	p0	0.75	0.0	0.0
223	p2	0.85	0.0	0.0
223	protein1	1142.6	17.25	1.7860904499999997
223	protein2	1146.55	18.6	1.7938352000000002
223	protein3	345.8	6.35	1.71884555
223	rnapol	0.75	0.0	0.0
224	__protein1_rbs	11.75	0.0	0.0
224	__protein2_rbs	12.05	0.0	0.0
224	__protein3_rbs	4.35	0.0	0.0
224	__ribosome	25.7	0.0	0.0
224	__rnase_site_ext	19.5	0.0	0.0
224	p0	0.7	0.0	0.0
224	p2	0.75	0.0	0.0
224	protein1	1149.7	17.4	1.7533531999999998
224	protein2	1153.8	18.7	1.7922677500000002
224	protein3	348.35	6.4	1.6969769499999998
224	rnapol	0.55	0.0	0.0
225	__protein1_rbs	11.9	0.0	0.0
225	__protein2_rbs	13.45	0.0	0.0
225	__protein3_rbs	3.8	0.0	0.0
225	__ribosome	25.9	0.0	0.0
225	__rnase_site_ext	19.4	0.0	0.0
225	p0	0.8	0.0	0.0
225	p2	0.85	0.0	0.0
225	protein1	1156.65	17.6	1.6998066500000004
225	protein2	1161.6	18.95	1.7263723499999997
225	protein3	350.15	6.4	1.8712428
225	rnapol	0.5	0.0	0.0
226	__protein1_rbs	11.35	0.0	0.0
226	__protein2_rbs	12.4	0.0	0.0
226	__protein3_rbs	4.55	0.0	0.0
226	__ribosome	25.3	0.0	0.0
226	__rnase_site_ext	19.5	0.0	0.0
226	p0	0.9	0.0	0.0
226	p2	0.8	0.0	0.0
226	protein1	1163.0	17.65	1.7314528000000002
226	protein2	1168.7	18.95	1.7801396
226	protein3	353.1	6.5	1.7026876000000002
226	rnapol	0.65	0.0	0.0
227	__protein1_rbs	11.35	0.0	0.0
227	__protein2_rbs	12.05	0.0	0.0
227	__protein3_rbs	4.0	0.0	0.0
227	__ribosome	25.7	0.0	0.0
227	__rnase_site_ext	19.55	0.0	0.0
227	p0	0.85	0.0	0.0
227	p2	0.7	0.0	0.0
227	protein1	1170.7	17.7	1.7018875999999998
227	protein2	1176.8	18.85	1.78825665
227	protein3	355.6	6.55	1.7281548
227	rnapol	0.7	0.0	0.0
228	__protein1_rbs	11.6	0.0	0.0
228	__protein2_rbs	12.3	0.0	0.0
228	__protein3_rbs	3.95	0.0	0.0
228	__ribosome	24.5	0.0	0.0
228	__rnase_site_ext	19.5	0.0	0.0
228	p0	0.8	0.0	0.0
228	p2	0.85	0.0	0.0
228	protein1	1176.6	17.7	1.76821895
228	protein2	1184.25	18.9	1.7689559000000004
228	protein3	358.45	6.6	1.7463293999999998
228	rnapol	0.65	0.0	0.0
229	__protein1_rbs	12.0	0.0	0.0
229	__protein2_rbs	12.35	0.0	0.0
229	__protein3_rbs	5.0	0.0	0.0
229	__ribosome	26.05	0.0	0.0
229	__rnase_site_ext	19.65	0.0	0.0
229	p0	0.75	0.0	0.0
229	p2	0.9	0.0	0.0
229	protein1	1183.85	17.85	1.71426695
229	protein2	1192.0	18.9	1.7448118499999996
229	protein3	360.8	6.8	1.6629165999999995
229	rnapol	0.55	0.0	0.0
230	__protein1_rbs	12.5	0.0	0.0
230	__protein2_rbs	11.75	0.0	0.0
230	__protein3_rbs	4.6	0.0	0.0
230	__ribosome	24.9	0.0	0.0
230	__rnase_site_ext	19.75	0.0	0.0
230	p0	0.9	0.0	0.0
230	p2	0.9	0.0	0.0
230	protein1	1190.75	17.9	1.6856419999999999
230	protein2	1198.75	18.85	1.8056287
230	protein3	363.2	6.95	1.6689287
230	rnapol	0.65	0.0	0.0
231	__protein1_rbs	12.0	0.0	0.0
231	__protein2_rbs	12.2	0.0	0.0
231	__protein3_rbs	4.85	0.0	0.0
231	__ribosome	26.35	0.0	0.0
231	__rnase_site_ext	19.9	0.0	0.0
231	p0	0.85	0.0	0.0
231	p2	1.0	0.0	0.0
231	protein1	1197.85	17.95	1.6595421
231	protein2	1207.2	18.7	1.7596508999999998
231	protein3	365.85	6.95	1.65650795
231	rnapol	0.6	0.0	0.0
232	__protein1_rbs	11.45	0.0	0.0
232	__protein2_rbs	12.65	0.0	0.0
232	__protein3_rbs	3.9	0.0	0.0
232	__ribosome	25.05	0.0	0.0
232	__rnase_site_ext	19.95	0.0	0.0
232	p0	0.9	0.0	0.0
232	p2	1.0	0.0	0.0
232	protein1	1204.45	18.05	1.6946633000000002
232	protein2	1214.35	18.9	1.7463382999999997
232	protein3	368.7	7.0	1.7155952500000002
232	rnapol	0.7	0.0	0.0
233	__protein1_rbs	11.85	0.0	0.0
233	__protein2_rbs	12.05	0.0	0.0
233	__protein3_rbs	5.0	0.0	0.0
233	__ribosome	23.85	0.0	0.0
233	__rnase_site_ext	19.3	0.0	0.0
233	p0	0.9	0.0	0.0
233	p2	0.9	0.0	0.0
233	protein1	1211.2	18.2	1.7129364000000002
233	protein2	1221.7	18.85	1.7913608
233	protein3	371.1	6.95	1.73464295
233	rnapol	0.7	0.0	0.0
234	__protein1_rbs	12.9	0.0	0.0
234	__protein2_rbs	13.2	0.0	0.0
234	__protein3_rbs	4.15	0.0	0.0
234	__ribosome	25.75	0.0	0.0
234	__rnase_site_ext	19.45	0.0	0.0
234	p0	0.7	0.0	0.0
234	p2	0.8	0.0	0.0
234	protein1	1217.75	17.65	1.7164860500000003
234	protein2	1229.6	18.7	1.72478965
234	protein3	373.7	6.85	1.8069245500000004
234	rnapol	0.85	0.0	0.0
235	__protein1_rbs	11.4	0.0	0.0
235	__protein2_rbs	12.45	0.0	0.0
235	__protein3_rbs	4.5	0.0	0.0
235	__ribosome	25.35	0.0	0.0
235	__rnase_site_ext	19.2	0.0	0.0
235	p0	0.75	0.0	0.0
235	p2	1.0	0.0	0.0
235	protein1	1225.0	17.55	1.73704115
235	protein2	1236.75	18.65	1.7215289499999995
235	protein3	375.85	6.85	1.8485515
235	rnapol	0.85	0.0	0.0
236	__protein1_rbs	10.75	0.0	0.0
236	__protein2_rbs	12.05	0.0	0.0
236	__protein3_rbs	4.25	0.0	0.0
236	__ribosome	25.65	0.0	0.0
236	__rnase_site_ext	19.35	0.0	0.0
236	p0	0.65	0.0	0.0
236	p2	0.95	0.0	0.0
236	protein1	1232.15	17.5	1.77341185
236	protein2	1244.75	18.65	1.7188737
236	protein3	379.45	6.85	1.7581944000000005
236	rnapol	0.8	0.0	0.0
237	__protein1_rbs	12.05	0.0	0.0
237	__protein2_rbs	12.2	0.0	0.0
237	__protein3_rbs	4.25	0.0	0.0
237	__ribosome	25.6	0.0	0.0
237	__rnase_site_ext	19.35	0.0	0.0
237	p0	0.75	0.0	0.0
237	p2	0.9	0.0	0.0
237	protein1	1239.05	17.55	1.7208742999999995
237	protein2	1251.95	18.95	1.7165682999999998
237	protein3	382.25	6.8	1.7860840999999996
237	rnapol	0.8	0.0	0.0
238	__protein1_rbs	11.15	0.0	0.0
238	__protein2_rbs	12.5	0.0	0.0
238	__protein3_rbs	4.0	0.0	0.0
238	__ribosome	25.35	0.0	0.0
238	__rnase_site_ext	19.2	0.0	0.0
238	p0	0.9	0.0	0.0
238	p2	1.0	0.0	0.0
238	protein1	1245.85	17.65	1.7263752499999998
238	protein2	1258.6	19.0	1.74976505
238	protein3	385.7	6.75	1.7603463
238	rnapol	0.9	0.0	0.0
239	__protein1_rbs	11.6	0.0	0.0
239	__protein2_rbs	12.4	0.0	0.0
239	__protein3_rbs	4.35	0.0	0.0
239	__ribosome	24.05	0.0	0.0
239	__rnase_site_ext	19.15	0.0	0.0
239	p0	0.7	0.0	0.0
239	p2	1.0	0.0	0.0
239	protein1	1252.5	17.6	1.7421984499999996
239	protein2	1266.0	19.1	1.7470927
239	protein3	387.55	6.8	1.88747115
239	rnapol	0.6	0.0	0.0
240	__protein1_rbs	11.45	0.0	0.0
240	__protein2_rbs	12.35	0.0	0.0
240	__protein3_rbs	4.6	0.0	0.0
240	__ribosome	24.55	0.0	0.0
240	__rnase_site_ext	19.4	0.0	0.0
240	p0	0.75	0.0	0.0
240	p2	1.0	0.0	0.0
240	protein1	1259.35	17.55	1.7394195499999998
240	protein2	1273.5	18.95	1.75697885
240	protein3	390.4	6.7	1.8936796000000002
240	rnapol	0.5	0.0	0.0
241	__protein1_rbs	12.7	0.0	0.0
241	__protein2_rbs	13.2	0.0	0.0
241	__protein3_rbs	4.45	0.0	0.0
241	__ribosome	27.0	0.0	0.0
241	__rnase_site_ext	19.5	0.0	0.0
241	p0	0.8	0.0	0.0
241	p2	0.85	0.0	0.0
241	protein1	1266.55	17.75	1.6317280000000003
241	protein2	1280.7	19.05	1.7396237
241	protein3	393.5	6.65	1.78424605
241	rnapol	0.65	0.0	0.0
242	__protein1_rbs	11.7	0.0	0.0
242	__protein2_rbs	12.35	0.0	0.0
242	__protein3_rbs	3.95	0.0	0.0
242	__ribosome	26.45	0.0	0.0
242	__rnase_site_ext	19.75	0.0	0.0
242	p0	0.9	0.0	0.0
242	p2	0.9	0.0	0.0
242	protein1	1273.2	17.8	1.6472509999999998
242	protein2	1288.35	19.2	1.7452561000000002
242	protein3	396.55	6.65	1.76392855
242	rnapol	0.7	0.0	0.0
243	__protein1_rbs	11.0	0.0	0.0
243	__protein2_rbs	12.05	0.0	0.0
243	__protein3_rbs	5.05	0.0	0.0
243	__ribosome	26.05	0.0	0.0
243	__rnase_site_ext	19.75	0.0	0.0
243	p0	0.85	0.0	0.0
243	p2	0.95	0.0	0.0
243	protein1	1280.1	18.05	1.6841364500000005
243	protein2	1296.05	19.05	1.76207295
243	protein3	398.95	6.6	1.7345256000000002
243	rnapol	0.65	0.0	0.0
244	__protein1_rbs	11.45	0.0	0.0
244	__protein2_rbs	12.9	0.0	0.0
244	__protein3_rbs	4.65	0.0	0.0
244	__ribosome	25.25	0.0	0.0
244	__rnase_site_ext	19.8	0.0	0.0
244	p0	0.75	0.0	0.0
244	p2	0.95	0.0	0.0
244	protein1	1286.9	18.2	1.7083580499999995
244	protein2	1303.4	19.4	1.7488727000000002
244	protein3	401.75	6.6	1.7467081500000003
244	rnapol	0.6	0.0	0.0
245	__protein1_rbs	11.9	0.0	0.0
245	__protein2_rbs	12.55	0.0	0.0
245	__protein3_rbs	4.45	0.0	0.0
245	__ribosome	24.2	0.0	0.0
245	__rnase_site_ext	20.0	0.0	0.0
245	p0	0.7	0.0	0.0
245	p2	0.95	0.0	0.0
245	protein1	1293.0	18.05	1.7877691000000002
245	protein2	1311.2	19.5	1.7357295
245	protein3	404.1	6.65	1.7061977
245	rnapol	0.35	0.0	0.0
246	__protein1_rbs	12.75	0.0	0.0
246	__protein2_rbs	12.4	0.0	0.0
246	__protein3_rbs	4.25	0.0	0.0
246	__ribosome	24.85	0.0	0.0
246	__rnase_site_ext	19.7	0.0	0.0
246	p0	0.85	0.0	0.0
246	p2	1.0	0.0	0.0
246	protein1	1299.75	18.25	1.7413535
246	protein2	1319.05	19.45	1.7369804500000003
246	protein3	406.9	6.65	1.6191197999999996
246	rnapol	0.35	0.0	0.0
247	__protein1_rbs	11.9	0.0	0.0
247	__protein2_rbs	12.95	0.0	0.0
247	__protein3_rbs	5.25	0.0	0.0
247	__ribosome	26.3	0.0	0.0
247	__rnase_site_ext	19.6	0.0	0.0
247	p0	0.75	0.0	0.0
247	p2	1.0	0.0	0.0
247	protein1	1307.45	18.1	1.7124208
247	protein2	1326.75	19.45	1.7149936499999998
247	protein3	409.05	6.6	1.52411975
247	rnapol	0.3	0.0	0.0
248	__protein1_rbs	11.85	0.0	0.0
248	__protein2_rbs	12.65	0.0	0.0
248	__protein3_rbs	4.35	0.0	0.0
248	__ribosome	25.9	0.0	0.0
248	__rnase_site_ext	19.65	0.0	0.0
248	p0	0.75	0.0	0.0
248	p2	1.0	0.0	0.0
248	protein1	1314.6	18.05	1.7078038000000002
248	protein2	1334.1	19.3	1.76585855
248	protein3	411.6	6.55	1.5068830499999997
248	rnapol	0.5	0.0	0.0
249	__protein1_rbs	12.15	0.0	0.0
249	__protein2_rbs	12.75	0.0	0.0
249	__protein3_rbs	4.35	0.0	0.0
249	__ribosome	27.0	0.0	0.0
249	__rnase_site_ext	19.6	0.0	0.0
249	p0	0.95	0.0	0.0
249	p2	0.85	0.0	0.0
249	protein1	1322.75	18.0	1.6398085999999998
249	protein2	1341.95	19.25	1.7460549500000002
249	protein3	413.9	6.55	1.6168289999999998
249	rnapol	0.6	0.0	0.0
250	__protein1_rbs	11.3	0.0	0.0
250	__protein2_rbs	13.1	0.0	0.0
250	__protein3_rbs	4.25	0.0	0.0
250	__ribosome	26.05	0.0	0.0
250	__rnase_site_ext	19.55	0.0	0.0
250	p0	0.8	0.0	0.0
250	p2	0.95	0.0	0.0
250	protein1	1329.15	18.0	1.6987106
250	protein2	1349.45	19.45	1.7196243999999998
250	protein3	416.6	6.45	1.61611835
250	rnapol	0.6	0.0	0.0
