time	species	protein	transcript	ribo_density
0	__protein1_rbs	0.0	0.0	0.0
0	__protein2_rbs	0.0	0.0	0.0
0	__protein3_rbs	0.0	0.0	0.0
0	__ribosome	100.0	0.0	0.0
0	__rnase_site_ext	0.0	0.0	0.0
0	p0	1.0	0.0	0.0
0	p1	1.0	0.0	0.0
0	rnapol	4.0	0.0	0.0
1	__protein1_rbs	0.0	0.0	0.0
1	__protein2_rbs	0.0	0.0	0.0
1	__protein3_rbs	0.0	0.0	0.0
1	__ribosome	100.0	0.0	0.0
1	__rnase_site_ext	0.9	0.0	0.0
1	p0	0.35	0.0	0.0
1	p1	1.0	0.0	0.0
1	rnapol	2.9	0.0	0.0
2	__protein1_rbs	0.35	0.0	0.0
2	__protein2_rbs	0.0	0.0	0.0
2	__protein3_rbs	0.0	0.0	0.0
2	__ribosome	99.65	0.0	0.0
2	__rnase_site_ext	1.6	0.0	0.0
2	p0	0.25	0.0	0.0
2	p1	1.0	0.0	0.0
2	protein1	0.0	0.7	0.35
2	rnapol	2.2	0.0	0.0
3	__protein1_rbs	0.55	0.0	0.0
3	__protein2_rbs	0.0	0.0	0.0
3	__protein3_rbs	0.0	0.0	0.0
3	__ribosome	99.0	0.0	0.0
3	__rnase_site_ext	2.2	0.0	0.0
3	p0	0.45	0.0	0.0
3	p1	1.0	0.0	0.0
3	protein1	0.0	1.3	0.775
3	rnapol	1.55	0.0	0.0
4	__protein1_rbs	0.85	0.0	0.0
4	__protein2_rbs	0.0	0.0	0.0
4	__protein3_rbs	0.0	0.0	0.0
4	__ribosome	97.85	0.0	0.0
4	__rnase_site_ext	2.9	0.0	0.0
4	p0	0.45	0.0	0.0
4	p1	1.0	0.0	0.0
4	protein1	0.0	1.95	1.11666665
4	rnapol	1.0	0.0	0.0
5	__protein1_rbs	0.9	0.0	0.0
5	__protein2_rbs	0.0	0.0	0.0
5	__protein3_rbs	0.0	0.0	0.0
5	__ribosome	96.1	0.0	0.0
5	__rnase_site_ext	3.3	0.0	0.0
5	p0	0.65	0.0	0.0
5	p1	1.0	0.0	0.0
5	protein1	0.0	2.65	1.49166665
5	rnapol	0.6	0.0	0.0
6	__protein1_rbs	1.15	0.0	0.0
6	__protein2_rbs	0.0	0.0	0.0
6	__protein3_rbs	0.0	0.0	0.0
6	__ribosome	94.0	0.0	0.0
6	__rnase_site_ext	3.75	0.0	0.0
6	p0	0.7	0.0	0.0
6	p1	1.0	0.0	0.0
6	protein1	0.0	3.15	1.9083333
6	rnapol	0.2	0.0	0.0
7	__protein1_rbs	1.4	0.0	0.0
7	__protein2_rbs	0.0	0.0	0.0
7	__protein3_rbs	0.0	0.0	0.0
7	__ribosome	92.1	0.0	0.0
7	__rnase_site_ext	3.8	0.0	0.0
7	p0	0.9	0.0	0.0
7	p1	1.0	0.0	0.0
7	protein1	0.25	3.6	2.2083333
7	rnapol	0.1	0.0	0.0
8	__protein1_rbs	1.05	0.0	0.0
8	__protein2_rbs	0.0	0.0	0.0
8	__protein3_rbs	0.0	0.0	0.0
8	__ribosome	90.5	0.0	0.0
8	__rnase_site_ext	3.75	0.0	0.0
8	p0	1.0	0.0	0.0
8	p1	0.6	0.0	0.0
8	protein1	1.1	3.75	2.54583335
8	rnapol	0.1	0.0	0.0
9	__protein1_rbs	1.25	0.0	0.0
9	__protein2_rbs	0.0	0.0	0.0
9	__protein3_rbs	0.0	0.0	0.0
9	__ribosome	89.2	0.0	0.0
9	__rnase_site_ext	3.8	0.0	0.0
9	p0	0.9	0.0	0.0
9	p1	0.1	0.0	0.0
9	protein1	2.05	3.75	2.8916667
9	rnapol	0.0	0.0	0.0
10	__protein1_rbs	1.4	0.0	0.0
10	__protein2_rbs	0.45	0.0	0.0
10	__protein3_rbs	0.0	0.0	0.0
10	__ribosome	88.5	0.0	0.0
10	__rnase_site_ext	3.8	0.0	0.0
10	p0	1.0	0.0	0.0
10	p1	0.15	0.0	0.0
10	protein1	3.6	3.75	3.08333335
10	protein2	0.0	0.45	0.0
10	rnapol	0.0	0.0	0.0
11	__protein1_rbs	1.15	0.0	0.0
11	__protein2_rbs	0.25	0.0	0.0
11	__protein3_rbs	0.0	0.0	0.0
11	__ribosome	87.15	0.0	0.0
11	__rnase_site_ext	3.8	0.0	0.0
11	p0	1.0	0.0	0.0
11	p1	0.2	0.0	0.0
11	protein1	5.35	3.8	3.24166665
11	protein2	0.0	0.85	0.625
11	rnapol	0.0	0.0	0.0
12	__protein1_rbs	1.0	0.0	0.0
12	__protein2_rbs	0.5	0.0	0.0
12	__protein3_rbs	0.0	0.0	0.0
12	__ribosome	85.65	0.0	0.0
12	__rnase_site_ext	3.8	0.0	0.0
12	p0	1.0	0.0	0.0
12	p1	0.15	0.0	0.0
12	protein1	7.45	3.8	3.375
12	protein2	0.0	1.55	1.075
12	rnapol	0.0	0.0	0.0
13	__protein1_rbs	1.85	0.0	0.0
13	__protein2_rbs	1.15	0.0	0.0
13	__protein3_rbs	0.0	0.0	0.0
13	__ribosome	85.15	0.0	0.0
13	__rnase_site_ext	3.75	0.0	0.0
13	p0	1.0	0.0	0.0
13	p1	0.25	0.0	0.0
13	protein1	10.0	3.8	3.1875000000000004
13	protein2	0.0	2.25	1.2666667
13	rnapol	0.0	0.0	0.0
14	__protein1_rbs	1.55	0.0	0.0
14	__protein2_rbs	0.8	0.0	0.0
14	__protein3_rbs	0.0	0.0	0.0
14	__ribosome	83.4	0.0	0.0
14	__rnase_site_ext	3.7	0.0	0.0
14	p0	1.0	0.0	0.0
14	p1	0.25	0.0	0.0
14	protein1	12.35	3.8	3.1625
14	protein2	0.0	2.75	1.7166666499999998
14	rnapol	0.0	0.0	0.0
15	__protein1_rbs	1.2	0.0	0.0
15	__protein2_rbs	1.1	0.0	0.0
15	__protein3_rbs	0.0	0.0	0.0
15	__ribosome	81.2	0.0	0.0
15	__rnase_site_ext	3.65	0.0	0.0
15	p0	0.9	0.0	0.0
15	p1	0.55	0.0	0.0
15	protein1	14.55	3.75	3.25
15	protein2	0.1	3.4	1.9958334
15	rnapol	0.25	0.0	0.0
16	__protein1_rbs	1.15	0.0	0.0
16	__protein2_rbs	1.75	0.0	0.0
16	__protein3_rbs	0.0	0.0	0.0
16	__ribosome	79.95	0.0	0.0
16	__rnase_site_ext	3.9	0.0	0.0
16	p0	0.8	0.0	0.0
16	p1	1.0	0.0	0.0
16	protein1	17.0	3.65	3.34999995
16	protein2	0.7	3.8	2.10416665
16	rnapol	0.35	0.0	0.0
17	__protein1_rbs	1.7	0.0	0.0
17	__protein2_rbs	1.0	0.0	0.0
17	__protein3_rbs	0.0	0.0	0.0
17	__ribosome	78.15	0.0	0.0
17	__rnase_site_ext	3.75	0.0	0.0
17	p0	0.85	0.0	0.0
17	p1	0.95	0.0	0.0
17	protein1	19.15	3.85	3.1950000000000003
17	protein2	1.65	3.9	2.5125
17	rnapol	0.6	0.0	0.0
18	__protein1_rbs	1.4	0.0	0.0
18	__protein2_rbs	1.6	0.0	0.0
18	__protein3_rbs	0.05	0.0	0.0
18	__ribosome	77.75	0.0	0.0
18	__rnase_site_ext	4.2	0.0	0.0
18	p0	0.5	0.0	0.0
18	p1	0.9	0.0	0.0
18	protein1	21.85	3.85	3.05
18	protein2	2.8	3.9	2.74166665
18	protein3	0.0	0.1	0.05
18	rnapol	0.7	0.0	0.0
19	__protein1_rbs	1.75	0.0	0.0
19	__protein2_rbs	1.45	0.0	0.0
19	__protein3_rbs	0.05	0.0	0.0
19	__ribosome	76.4	0.0	0.0
19	__rnase_site_ext	4.5	0.0	0.0
19	p0	0.85	0.0	0.0
19	p1	1.0	0.0	0.0
19	protein1	23.9	4.0	3.1025
19	protein2	4.4	3.95	2.9125
19	protein3	0.0	0.15	0.15
19	rnapol	1.05	0.0	0.0
20	__protein1_rbs	1.75	0.0	0.0
20	__protein2_rbs	2.15	0.0	0.0
20	__protein3_rbs	0.1	0.0	0.0
20	__ribosome	76.05	0.0	0.0
20	__rnase_site_ext	4.95	0.0	0.0
20	p0	0.45	0.0	0.0
20	p1	0.95	0.0	0.0
20	protein1	26.25	4.5	2.7558333000000004
20	protein2	6.4	4.0	2.8625
20	protein3	0.0	0.25	0.3
20	rnapol	0.75	0.0	0.0
21	__protein1_rbs	1.65	0.0	0.0
21	__protein2_rbs	2.15	0.0	0.0
21	__protein3_rbs	0.05	0.0	0.0
21	__ribosome	75.55	0.0	0.0
21	__rnase_site_ext	5.35	0.0	0.0
21	p0	0.7	0.0	0.0
21	p1	1.0	0.0	0.0
21	protein1	28.7	4.65	2.7508333
21	protein2	8.55	4.05	2.785
21	protein3	0.0	0.35	0.525
21	rnapol	0.85	0.0	0.0
22	__protein1_rbs	2.0	0.0	0.0
22	__protein2_rbs	0.95	0.0	0.0
22	__protein3_rbs	0.1	0.0	0.0
22	__ribosome	73.55	0.0	0.0
22	__rnase_site_ext	5.85	0.0	0.0
22	p0	0.6	0.0	0.0
22	p1	0.95	0.0	0.0
22	protein1	30.65	5.05	2.6848808999999996
22	protein2	10.6	4.05	3.0175
22	protein3	0.0	0.35	0.675
22	rnapol	0.5	0.0	0.0
23	__protein1_rbs	1.7	0.0	0.0
23	__protein2_rbs	1.7	0.0	0.0
23	__protein3_rbs	0.25	0.0	0.0
23	__ribosome	72.45	0.0	0.0
23	__rnase_site_ext	5.85	0.0	0.0
23	p0	0.8	0.0	0.0
23	p1	0.7	0.0	0.0
23	protein1	33.2	5.45	2.6869048
23	protein2	13.1	4.05	2.975
23	protein3	0.0	0.45	0.8
23	rnapol	0.4	0.0	0.0
24	__protein1_rbs	2.3	0.0	0.0
24	__protein2_rbs	1.95	0.0	0.0
24	__protein3_rbs	0.15	0.0	0.0
24	__ribosome	71.3	0.0	0.0
24	__rnase_site_ext	6.0	0.0	0.0
24	p0	0.95	0.0	0.0
24	p1	0.75	0.0	0.0
24	protein1	35.2	5.7	2.7872023500000003
24	protein2	15.4	4.1	2.845
24	protein3	0.15	0.55	0.96666665
24	rnapol	0.4	0.0	0.0
25	__protein1_rbs	2.45	0.0	0.0
25	__protein2_rbs	1.3	0.0	0.0
25	__protein3_rbs	0.25	0.0	0.0
25	__ribosome	69.9	0.0	0.0
25	__rnase_site_ext	6.2	0.0	0.0
25	p0	0.8	0.0	0.0
25	p1	0.85	0.0	0.0
25	protein1	37.85	5.95	2.76970245
25	protein2	17.35	4.2	3.005
25	protein3	0.4	0.6	1.05
25	rnapol	0.4	0.0	0.0
26	__protein1_rbs	2.35	0.0	0.0
26	__protein2_rbs	2.05	0.0	0.0
26	__protein3_rbs	0.15	0.0	0.0
26	__ribosome	69.35	0.0	0.0
26	__rnase_site_ext	6.45	0.0	0.0
26	p0	0.7	0.0	0.0
26	p1	0.45	0.0	0.0
26	protein1	40.95	6.1	2.7908333
26	protein2	19.7	4.3	2.91333335
26	protein3	0.5	0.6	1.23333335
26	rnapol	0.15	0.0	0.0
27	__protein1_rbs	2.9	0.0	0.0
27	__protein2_rbs	1.75	0.0	0.0
27	__protein3_rbs	0.2	0.0	0.0
27	__ribosome	68.15	0.0	0.0
27	__rnase_site_ext	6.45	0.0	0.0
27	p0	0.9	0.0	0.0
27	p1	0.3	0.0	0.0
27	protein1	43.65	6.3	2.79988105
27	protein2	22.25	4.3	2.93916665
27	protein3	0.65	0.6	1.43333335
27	rnapol	0.05	0.0	0.0
28	__protein1_rbs	2.35	0.0	0.0
28	__protein2_rbs	2.25	0.0	0.0
28	__protein3_rbs	0.3	0.0	0.0
28	__ribosome	67.6	0.0	0.0
28	__rnase_site_ext	6.35	0.0	0.0
28	p0	0.95	0.0	0.0
28	p1	0.4	0.0	0.0
28	protein1	47.2	6.4	2.7853571500000003
28	protein2	24.45	4.8	2.6933333
28	protein3	0.95	0.6	1.46666665
28	rnapol	0.1	0.0	0.0
29	__protein1_rbs	2.95	0.0	0.0
29	__protein2_rbs	2.0	0.0	0.0
29	__protein3_rbs	0.25	0.0	0.0
29	__ribosome	66.75	0.0	0.0
29	__rnase_site_ext	6.5	0.0	0.0
29	p0	0.9	0.0	0.0
29	p1	0.25	0.0	0.0
29	protein1	50.2	6.3	2.89928575
29	protein2	27.15	5.25	2.5516666500000005
29	protein3	1.3	0.6	1.5
29	rnapol	0.1	0.0	0.0
30	__protein1_rbs	3.0	0.0	0.0
30	__protein2_rbs	2.1	0.0	0.0
30	__protein3_rbs	0.15	0.0	0.0
30	__ribosome	65.85	0.0	0.0
30	__rnase_site_ext	6.5	0.0	0.0
30	p0	0.9	0.0	0.0
30	p1	0.3	0.0	0.0
30	protein1	53.9	6.4	2.83452385
30	protein2	29.3	5.55	2.5767857000000003
30	protein3	1.65	0.65	1.48333335
30	rnapol	0.2	0.0	0.0
31	__protein1_rbs	2.15	0.0	0.0
31	__protein2_rbs	2.6	0.0	0.0
31	__protein3_rbs	0.2	0.0	0.0
31	__ribosome	64.35	0.0	0.0
31	__rnase_site_ext	6.55	0.0	0.0
31	p0	0.95	0.0	0.0
31	p1	0.5	0.0	0.0
31	protein1	57.45	6.45	2.9194047499999987
31	protein2	32.05	6.1	2.45392855
31	protein3	2.0	0.65	1.575
31	rnapol	0.35	0.0	0.0
32	__protein1_rbs	2.75	0.0	0.0
32	__protein2_rbs	3.15	0.0	0.0
32	__protein3_rbs	0.55	0.0	0.0
32	__ribosome	64.15	0.0	0.0
32	__rnase_site_ext	6.55	0.0	0.0
32	p0	0.8	0.0	0.0
32	p1	0.6	0.0	0.0
32	protein1	60.75	6.5	2.8790873
32	protein2	34.6	6.35	2.4135714
32	protein3	2.35	0.7	1.425
32	rnapol	0.25	0.0	0.0
33	__protein1_rbs	2.45	0.0	0.0
33	__protein2_rbs	2.5	0.0	0.0
33	__protein3_rbs	0.35	0.0	0.0
33	__ribosome	62.4	0.0	0.0
33	__rnase_site_ext	6.6	0.0	0.0
33	p0	0.9	0.0	0.0
33	p1	0.65	0.0	0.0
33	protein1	64.65	6.45	2.85015865
33	protein2	36.8	6.55	2.6605953
33	protein3	2.65	0.7	1.46666665
33	rnapol	0.35	0.0	0.0
34	__protein1_rbs	2.85	0.0	0.0
34	__protein2_rbs	3.15	0.0	0.0
34	__protein3_rbs	0.25	0.0	0.0
34	__ribosome	61.95	0.0	0.0
34	__rnase_site_ext	6.6	0.0	0.0
34	p0	0.9	0.0	0.0
34	p1	0.7	0.0	0.0
34	protein1	68.2	6.6	2.81091265
34	protein2	39.85	6.6	2.6888690000000013
34	protein3	3.1	0.7	1.45833335
34	rnapol	0.4	0.0	0.0
35	__protein1_rbs	2.6	0.0	0.0
35	__protein2_rbs	2.65	0.0	0.0
35	__protein3_rbs	0.25	0.0	0.0
35	__ribosome	60.3	0.0	0.0
35	__rnase_site_ext	6.7	0.0	0.0
35	p0	0.7	0.0	0.0
35	p1	0.8	0.0	0.0
35	protein1	71.1	6.55	2.9497024
35	protein2	43.0	6.8	2.7586905
35	protein3	3.6	0.7	1.41666665
35	rnapol	0.6	0.0	0.0
36	__protein1_rbs	2.5	0.0	0.0
36	__protein2_rbs	2.95	0.0	0.0
36	__protein3_rbs	0.45	0.0	0.0
36	__ribosome	60.3	0.0	0.0
36	__rnase_site_ext	7.1	0.0	0.0
36	p0	0.8	0.0	0.0
36	p1	0.75	0.0	0.0
36	protein1	75.35	6.5	2.9322421000000003
36	protein2	46.15	6.95	2.7633332999999998
36	protein3	4.0	0.8	1.26666665
36	rnapol	0.65	0.0	0.0
37	__protein1_rbs	3.15	0.0	0.0
37	__protein2_rbs	3.15	0.0	0.0
37	__protein3_rbs	0.25	0.0	0.0
37	__ribosome	59.35	0.0	0.0
37	__rnase_site_ext	7.25	0.0	0.0
37	p0	0.8	0.0	0.0
37	p1	0.85	0.0	0.0
37	protein1	78.8	7.05	2.76875005
37	protein2	49.6	7.0	2.7599405
37	protein3	4.25	0.9	1.55
37	rnapol	0.75	0.0	0.0
38	__protein1_rbs	3.55	0.0	0.0
38	__protein2_rbs	3.85	0.0	0.0
38	__protein3_rbs	0.25	0.0	0.0
38	__ribosome	59.45	0.0	0.0
38	__rnase_site_ext	7.65	0.0	0.0
38	p0	0.7	0.0	0.0
38	p1	0.85	0.0	0.0
38	protein1	82.35	7.25	2.71799605
38	protein2	53.35	7.0	2.67625005
38	protein3	4.45	0.9	1.6833333500000005
38	rnapol	0.65	0.0	0.0
39	__protein1_rbs	3.3	0.0	0.0
39	__protein2_rbs	2.85	0.0	0.0
39	__protein3_rbs	0.5	0.0	0.0
39	__ribosome	58.4	0.0	0.0
39	__rnase_site_ext	7.8	0.0	0.0
39	p0	0.65	0.0	0.0
39	p1	0.85	0.0	0.0
39	protein1	85.95	7.4	2.70034455
39	protein2	56.7	7.05	2.75351195
39	protein3	4.85	1.0	1.7916666499999998
39	rnapol	0.4	0.0	0.0
40	__protein1_rbs	3.4	0.0	0.0
40	__protein2_rbs	2.45	0.0	0.0
40	__protein3_rbs	0.25	0.0	0.0
40	__ribosome	58.05	0.0	0.0
40	__rnase_site_ext	8.05	0.0	0.0
40	p0	0.9	0.0	0.0
40	p1	0.85	0.0	0.0
40	protein1	89.85	7.65	2.6692497000000004
40	protein2	60.8	7.05	2.71847225
40	protein3	5.3	1.05	1.88333335
40	rnapol	0.35	0.0	0.0
41	__protein1_rbs	3.5	0.0	0.0
41	__protein2_rbs	3.55	0.0	0.0
41	__protein3_rbs	0.6	0.0	0.0
41	__ribosome	57.8	0.0	0.0
41	__rnase_site_ext	8.15	0.0	0.0
41	p0	0.8	0.0	0.0
41	p1	0.75	0.0	0.0
41	protein1	93.75	7.95	2.6199513
41	protein2	64.75	6.95	2.6897818
41	protein3	5.65	1.15	1.94166665
41	rnapol	0.35	0.0	0.0
42	__protein1_rbs	4.1	0.0	0.0
42	__protein2_rbs	3.5	0.0	0.0
42	__protein3_rbs	0.3	0.0	0.0
42	__ribosome	56.9	0.0	0.0
42	__rnase_site_ext	8.35	0.0	0.0
42	p0	0.75	0.0	0.0
42	p1	0.75	0.0	0.0
42	protein1	97.4	8.1	2.6012175500000003
42	protein2	68.15	7.05	2.6720238000000003
42	protein3	6.0	1.2	2.1083333
42	rnapol	0.3	0.0	0.0
43	__protein1_rbs	3.0	0.0	0.0
43	__protein2_rbs	2.75	0.0	0.0
43	__protein3_rbs	0.75	0.0	0.0
43	__ribosome	55.2	0.0	0.0
43	__rnase_site_ext	8.4	0.0	0.0
43	p0	1.0	0.0	0.0
43	p1	0.6	0.0	0.0
43	protein1	101.5	8.15	2.7027669
43	protein2	71.55	7.15	2.7929961
43	protein3	6.7	1.25	inf
43	rnapol	0.35	0.0	0.0
44	__protein1_rbs	4.05	0.0	0.0
44	__protein2_rbs	3.65	0.0	0.0
44	__protein3_rbs	0.45	0.0	0.0
44	__ribosome	54.65	0.0	0.0
44	__rnase_site_ext	8.35	0.0	0.0
44	p0	0.9	0.0	0.0
44	p1	0.45	0.0	0.0
44	protein1	104.65	8.35	2.73831885
44	protein2	75.55	7.3	2.6621032500000004
44	protein3	7.3	1.3	1.8916667
44	rnapol	0.35	0.0	0.0
45	__protein1_rbs	4.0	0.0	0.0
45	__protein2_rbs	3.65	0.0	0.0
45	__protein3_rbs	0.65	0.0	0.0
45	__ribosome	55.3	0.0	0.0
45	__rnase_site_ext	8.5	0.0	0.0
45	p0	0.75	0.0	0.0
45	p1	0.45	0.0	0.0
45	protein1	109.35	8.35	2.657379099999999
45	protein2	79.6	7.55	2.5594247
45	protein3	8.0	1.35	1.86666665
45	rnapol	0.3	0.0	0.0
46	__protein1_rbs	3.75	0.0	0.0
46	__protein2_rbs	3.75	0.0	0.0
46	__protein3_rbs	0.5	0.0	0.0
46	__ribosome	54.65	0.0	0.0
46	__rnase_site_ext	8.65	0.0	0.0
46	p0	0.9	0.0	0.0
46	p1	0.4	0.0	0.0
46	protein1	113.8	8.4	2.67666305
46	protein2	83.35	7.85	2.4740277500000003
46	protein3	8.55	1.35	2.0083333
46	rnapol	0.3	0.0	0.0
47	__protein1_rbs	4.55	0.0	0.0
47	__protein2_rbs	3.65	0.0	0.0
47	__protein3_rbs	0.55	0.0	0.0
47	__ribosome	54.0	0.0	0.0
47	__rnase_site_ext	8.7	0.0	0.0
47	p0	0.9	0.0	0.0
47	p1	0.5	0.0	0.0
47	protein1	118.15	8.5	2.57689935
47	protein2	86.75	8.15	2.510377
47	protein3	9.25	1.4	2.14166665
47	rnapol	0.25	0.0	0.0
48	__protein1_rbs	4.3	0.0	0.0
48	__protein2_rbs	3.9	0.0	0.0
48	__protein3_rbs	0.65	0.0	0.0
48	__ribosome	53.85	0.0	0.0
48	__rnase_site_ext	8.75	0.0	0.0
48	p0	0.85	0.0	0.0
48	p1	0.6	0.0	0.0
48	protein1	122.35	8.6	2.553171
48	protein2	90.65	8.3	2.4949061500000003
48	protein3	9.85	1.4	2.1166667
48	rnapol	0.35	0.0	0.0
49	__protein1_rbs	4.15	0.0	0.0
49	__protein2_rbs	4.15	0.0	0.0
49	__protein3_rbs	0.8	0.0	0.0
49	__ribosome	53.05	0.0	0.0
49	__rnase_site_ext	8.9	0.0	0.0
49	p0	0.8	0.0	0.0
49	p1	0.7	0.0	0.0
49	protein1	126.65	8.7	2.5556765
49	protein2	94.8	8.75	2.4495094000000006
49	protein3	10.7	1.45	2.02916665
49	rnapol	0.3	0.0	0.0
50	__protein1_rbs	4.55	0.0	0.0
50	__protein2_rbs	3.9	0.0	0.0
50	__protein3_rbs	0.65	0.0	0.0
50	__ribosome	51.75	0.0	0.0
50	__rnase_site_ext	8.9	0.0	0.0
50	p0	0.8	0.0	0.0
50	p1	0.8	0.0	0.0
50	protein1	130.65	8.85	2.5382305
50	protein2	98.55	8.9	2.49654035
50	protein3	11.3	1.45	2.125
50	rnapol	0.4	0.0	0.0
51	__protein1_rbs	3.7	0.0	0.0
51	__protein2_rbs	4.55	0.0	0.0
51	__protein3_rbs	0.6	0.0	0.0
51	__ribosome	51.2	0.0	0.0
51	__rnase_site_ext	9.05	0.0	0.0
51	p0	0.85	0.0	0.0
51	p1	0.7	0.0	0.0
51	protein1	135.5	8.8	2.56376805
51	protein2	102.35	8.85	2.570873
51	protein3	12.2	1.45	2.04583335
51	rnapol	0.55	0.0	0.0
52	__protein1_rbs	4.35	0.0	0.0
52	__protein2_rbs	3.9	0.0	0.0
52	__protein3_rbs	0.8	0.0	0.0
52	__ribosome	49.55	0.0	0.0
52	__rnase_site_ext	9.3	0.0	0.0
52	p0	0.8	0.0	0.0
52	p1	0.7	0.0	0.0
52	protein1	139.4	8.95	2.59417515
52	protein2	106.3	8.95	2.6671357
52	protein3	12.85	1.45	2.05416665
52	rnapol	0.6	0.0	0.0
53	__protein1_rbs	4.65	0.0	0.0
53	__protein2_rbs	4.1	0.0	0.0
53	__protein3_rbs	0.5	0.0	0.0
53	__ribosome	48.8	0.0	0.0
53	__rnase_site_ext	9.4	0.0	0.0
53	p0	0.7	0.0	0.0
53	p1	0.75	0.0	0.0
53	protein1	144.3	9.2	2.47678865
53	protein2	110.4	9.05	2.7056583999999995
53	protein3	13.45	1.55	2.1833332999999997
53	rnapol	0.55	0.0	0.0
54	__protein1_rbs	5.1	0.0	0.0
54	__protein2_rbs	4.45	0.0	0.0
54	__protein3_rbs	0.65	0.0	0.0
54	__ribosome	49.15	0.0	0.0
54	__rnase_site_ext	9.5	0.0	0.0
54	p0	0.7	0.0	0.0
54	p1	0.65	0.0	0.0
54	protein1	148.4	9.3	2.50485195
54	protein2	115.55	9.05	2.62859485
54	protein3	14.25	1.6	2.22916665
54	rnapol	0.6	0.0	0.0
55	__protein1_rbs	4.85	0.0	0.0
55	__protein2_rbs	4.45	0.0	0.0
55	__protein3_rbs	0.85	0.0	0.0
55	__ribosome	49.3	0.0	0.0
55	__rnase_site_ext	9.8	0.0	0.0
55	p0	0.6	0.0	0.0
55	p1	0.8	0.0	0.0
55	protein1	152.95	9.4	2.519237
55	protein2	120.2	9.05	2.61328465
55	protein3	15.05	1.6	2.07916665
55	rnapol	0.4	0.0	0.0
56	__protein1_rbs	4.85	0.0	0.0
56	__protein2_rbs	4.4	0.0	0.0
56	__protein3_rbs	0.6	0.0	0.0
56	__ribosome	48.7	0.0	0.0
56	__rnase_site_ext	10.15	0.0	0.0
56	p0	0.8	0.0	0.0
56	p1	0.8	0.0	0.0
56	protein1	157.4	9.65	2.4884552500000003
56	protein2	125.05	9.3	2.5146392000000004
56	protein3	15.8	1.75	2.0874999999999995
56	rnapol	0.35	0.0	0.0
57	__protein1_rbs	4.7	0.0	0.0
57	__protein2_rbs	4.4	0.0	0.0
57	__protein3_rbs	1.05	0.0	0.0
57	__ribosome	48.15	0.0	0.0
57	__rnase_site_ext	10.2	0.0	0.0
57	p0	0.95	0.0	0.0
57	p1	0.65	0.0	0.0
57	protein1	162.1	10.0	2.4132706
57	protein2	129.65	9.3	2.55229985
57	protein3	16.5	1.8	2.0916667
57	rnapol	0.25	0.0	0.0
58	__protein1_rbs	5.15	0.0	0.0
58	__protein2_rbs	4.4	0.0	0.0
58	__protein3_rbs	0.9	0.0	0.0
58	__ribosome	48.0	0.0	0.0
58	__rnase_site_ext	10.3	0.0	0.0
58	p0	0.85	0.0	0.0
58	p1	0.75	0.0	0.0
58	protein1	167.0	10.15	2.38135465
58	protein2	134.15	9.2	2.6248178
58	protein3	17.55	1.9	1.89583335
58	rnapol	0.25	0.0	0.0
59	__protein1_rbs	4.75	0.0	0.0
59	__protein2_rbs	4.65	0.0	0.0
59	__protein3_rbs	1.1	0.0	0.0
59	__ribosome	46.5	0.0	0.0
59	__rnase_site_ext	10.25	0.0	0.0
59	p0	0.75	0.0	0.0
59	p1	0.5	0.0	0.0
59	protein1	171.1	10.15	2.4993551
59	protein2	138.7	9.45	2.53367425
59	protein3	18.2	1.9	2.0958333
59	rnapol	0.25	0.0	0.0
60	__protein1_rbs	5.7	0.0	0.0
60	__protein2_rbs	4.5	0.0	0.0
60	__protein3_rbs	1.05	0.0	0.0
60	__ribosome	46.4	0.0	0.0
60	__rnase_site_ext	10.3	0.0	0.0
60	p0	0.9	0.0	0.0
60	p1	0.6	0.0	0.0
60	protein1	176.2	10.1	2.43504675
60	protein2	143.05	9.6	2.5649951
60	protein3	18.9	1.95	2.10833335
60	rnapol	0.3	0.0	0.0
61	__protein1_rbs	5.05	0.0	0.0
61	__protein2_rbs	5.5	0.0	0.0
61	__protein3_rbs	1.25	0.0	0.0
61	__ribosome	47.35	0.0	0.0
61	__rnase_site_ext	10.4	0.0	0.0
61	p0	0.85	0.0	0.0
61	p1	0.55	0.0	0.0
61	protein1	181.2	10.25	2.4142939
61	protein2	148.2	9.9	2.412313
61	protein3	20.05	1.9	1.9666667000000002
61	rnapol	0.6	0.0	0.0
62	__protein1_rbs	5.15	0.0	0.0
62	__protein2_rbs	4.5	0.0	0.0
62	__protein3_rbs	0.95	0.0	0.0
62	__ribosome	46.1	0.0	0.0
62	__rnase_site_ext	10.45	0.0	0.0
62	p0	0.75	0.0	0.0
62	p1	0.5	0.0	0.0
62	protein1	186.0	10.25	2.44735425
62	protein2	152.85	9.95	2.47981225
62	protein3	20.95	1.95	1.9125
62	rnapol	0.4	0.0	0.0
63	__protein1_rbs	4.9	0.0	0.0
63	__protein2_rbs	5.5	0.0	0.0
63	__protein3_rbs	0.95	0.0	0.0
63	__ribosome	45.75	0.0	0.0
63	__rnase_site_ext	10.5	0.0	0.0
63	p0	0.9	0.0	0.0
63	p1	0.55	0.0	0.0
63	protein1	191.0	10.4	2.4093966999999994
63	protein2	157.05	10.1	2.47724555
63	protein3	21.75	1.95	1.9333333500000005
63	rnapol	0.4	0.0	0.0
64	__protein1_rbs	5.2	0.0	0.0
64	__protein2_rbs	5.35	0.0	0.0
64	__protein3_rbs	1.0	0.0	0.0
64	__ribosome	45.45	0.0	0.0
64	__rnase_site_ext	10.65	0.0	0.0
64	p0	0.8	0.0	0.0
64	p1	0.45	0.0	0.0
64	protein1	195.9	10.45	2.4267278
64	protein2	161.95	10.35	2.44121615
64	protein3	22.85	1.95	1.8291667
64	rnapol	0.35	0.0	0.0
65	__protein1_rbs	5.9	0.0	0.0
65	__protein2_rbs	5.75	0.0	0.0
65	__protein3_rbs	1.15	0.0	0.0
65	__ribosome	45.85	0.0	0.0
65	__rnase_site_ext	10.65	0.0	0.0
65	p0	0.9	0.0	0.0
65	p1	0.65	0.0	0.0
65	protein1	200.35	10.6	2.4146357999999997
65	protein2	167.0	10.55	2.3509806
65	protein3	23.75	2.0	1.795
65	rnapol	0.3	0.0	0.0
66	__protein1_rbs	5.25	0.0	0.0
66	__protein2_rbs	4.85	0.0	0.0
66	__protein3_rbs	1.05	0.0	0.0
66	__ribosome	44.15	0.0	0.0
66	__rnase_site_ext	10.9	0.0	0.0
66	p0	0.75	0.0	0.0
66	p1	0.85	0.0	0.0
66	protein1	205.4	10.65	2.45407615
66	protein2	171.85	10.9	2.35140235
66	protein3	24.4	2.0	1.8608333
66	rnapol	0.45	0.0	0.0
67	__protein1_rbs	5.85	0.0	0.0
67	__protein2_rbs	5.4	0.0	0.0
67	__protein3_rbs	1.2	0.0	0.0
67	__ribosome	44.5	0.0	0.0
67	__rnase_site_ext	11.05	0.0	0.0
67	p0	0.75	0.0	0.0
67	p1	0.6	0.0	0.0
67	protein1	210.6	10.7	2.37134175
67	protein2	177.0	11.05	2.3712120999999997
67	protein3	25.15	2.05	1.91250005
67	rnapol	0.4	0.0	0.0
68	__protein1_rbs	5.4	0.0	0.0
68	__protein2_rbs	5.3	0.0	0.0
68	__protein3_rbs	0.95	0.0	0.0
68	__ribosome	44.65	0.0	0.0
68	__rnase_site_ext	11.2	0.0	0.0
68	p0	0.85	0.0	0.0
68	p1	0.75	0.0	0.0
68	protein1	216.25	10.85	2.3048467500000003
68	protein2	182.1	10.95	2.3944496499999994
68	protein3	26.1	2.0	2.09999995
68	rnapol	0.5	0.0	0.0
69	__protein1_rbs	5.6	0.0	0.0
69	__protein2_rbs	6.35	0.0	0.0
69	__protein3_rbs	0.8	0.0	0.0
69	__ribosome	42.95	0.0	0.0
69	__rnase_site_ext	11.25	0.0	0.0
69	p0	0.8	0.0	0.0
69	p1	0.65	0.0	0.0
69	protein1	220.75	11.05	2.36532145
69	protein2	186.75	11.2	2.35944785
69	protein3	27.05	2.05	2.22499995
69	rnapol	0.5	0.0	0.0
70	__protein1_rbs	6.3	0.0	0.0
70	__protein2_rbs	5.8	0.0	0.0
70	__protein3_rbs	1.15	0.0	0.0
70	__ribosome	43.55	0.0	0.0
70	__rnase_site_ext	11.4	0.0	0.0
70	p0	0.75	0.0	0.0
70	p1	0.65	0.0	0.0
70	protein1	225.75	11.2	2.32972895
70	protein2	192.45	11.25	2.2808112
70	protein3	27.85	2.0	2.3899999500000004
70	rnapol	0.5	0.0	0.0
71	__protein1_rbs	5.8	0.0	0.0
71	__protein2_rbs	6.05	0.0	0.0
71	__protein3_rbs	1.2	0.0	0.0
71	__ribosome	41.9	0.0	0.0
71	__rnase_site_ext	11.45	0.0	0.0
71	p0	0.9	0.0	0.0
71	p1	0.75	0.0	0.0
71	protein1	230.8	11.3	2.38868585
71	protein2	197.15	11.45	2.32537235
71	protein3	28.8	2.0	2.25583335
71	rnapol	0.75	0.0	0.0
72	__protein1_rbs	6.55	0.0	0.0
72	__protein2_rbs	5.8	0.0	0.0
72	__protein3_rbs	1.0	0.0	0.0
72	__ribosome	41.0	0.0	0.0
72	__rnase_site_ext	11.5	0.0	0.0
72	p0	0.65	0.0	0.0
72	p1	0.6	0.0	0.0
72	protein1	235.35	11.4	2.41622845
72	protein2	202.4	11.3	2.34354615
72	protein3	29.7	2.05	2.3166667000000003
72	rnapol	0.55	0.0	0.0
73	__protein1_rbs	6.1	0.0	0.0
73	__protein2_rbs	6.1	0.0	0.0
73	__protein3_rbs	0.9	0.0	0.0
73	__ribosome	40.9	0.0	0.0
73	__rnase_site_ext	11.75	0.0	0.0
73	p0	0.85	0.0	0.0
73	p1	0.65	0.0	0.0
73	protein1	240.6	11.4	2.43237375
73	protein2	208.15	11.45	2.2924805000000004
73	protein3	30.6	2.05	2.385
73	rnapol	0.4	0.0	0.0
74	__protein1_rbs	6.3	0.0	0.0
74	__protein2_rbs	6.25	0.0	0.0
74	__protein3_rbs	1.0	0.0	0.0
74	__ribosome	40.35	0.0	0.0
74	__rnase_site_ext	11.95	0.0	0.0
74	p0	0.9	0.0	0.0
74	p1	0.65	0.0	0.0
74	protein1	246.3	11.7	2.3572372
74	protein2	212.5	11.5	2.36893405
74	protein3	31.85	2.1	2.1866666500000003
74	rnapol	0.4	0.0	0.0
75	__protein1_rbs	6.0	0.0	0.0
75	__protein2_rbs	6.7	0.0	0.0
75	__protein3_rbs	1.15	0.0	0.0
75	__ribosome	41.2	0.0	0.0
75	__rnase_site_ext	12.0	0.0	0.0
75	p0	0.8	0.0	0.0
75	p1	0.6	0.0	0.0
75	protein1	251.9	11.9	2.336072150000001
75	protein2	218.4	11.55	2.2773169500000003
75	protein3	33.0	2.1	2.1608332999999997
75	rnapol	0.25	0.0	0.0
76	__protein1_rbs	6.5	0.0	0.0
76	__protein2_rbs	6.6	0.0	0.0
76	__protein3_rbs	1.0	0.0	0.0
76	__ribosome	41.3	0.0	0.0
76	__rnase_site_ext	12.0	0.0	0.0
76	p0	0.9	0.0	0.0
76	p1	0.6	0.0	0.0
76	protein1	257.45	11.85	2.3305206000000003
76	protein2	223.7	11.8	2.2221366500000004
76	protein3	33.85	2.15	2.1533333
76	rnapol	0.35	0.0	0.0
77	__protein1_rbs	6.9	0.0	0.0
77	__protein2_rbs	6.65	0.0	0.0
77	__protein3_rbs	1.15	0.0	0.0
77	__ribosome	41.45	0.0	0.0
77	__rnase_site_ext	12.0	0.0	0.0
77	p0	0.95	0.0	0.0
77	p1	0.65	0.0	0.0
77	protein1	262.8	12.0	2.26151575
77	protein2	228.95	12.05	2.20594505
77	protein3	34.8	2.2	2.0775000500000003
77	rnapol	0.3	0.0	0.0
78	__protein1_rbs	5.75	0.0	0.0
78	__protein2_rbs	6.35	0.0	0.0
78	__protein3_rbs	1.05	0.0	0.0
78	__ribosome	40.0	0.0	0.0
78	__rnase_site_ext	12.25	0.0	0.0
78	p0	0.75	0.0	0.0
78	p1	0.6	0.0	0.0
78	protein1	268.2	12.05	2.3061283
78	protein2	234.2	12.15	2.2579021
78	protein3	36.1	2.2	2.06999995
78	rnapol	0.15	0.0	0.0
79	__protein1_rbs	6.8	0.0	0.0
79	__protein2_rbs	6.85	0.0	0.0
79	__protein3_rbs	1.0	0.0	0.0
79	__ribosome	39.9	0.0	0.0
79	__rnase_site_ext	12.35	0.0	0.0
79	p0	0.8	0.0	0.0
79	p1	0.7	0.0	0.0
79	protein1	273.75	12.1	2.28946965
79	protein2	239.5	12.3	2.218586
79	protein3	37.0	2.25	2.0966667
79	rnapol	0.2	0.0	0.0
80	__protein1_rbs	7.4	0.0	0.0
80	__protein2_rbs	6.75	0.0	0.0
80	__protein3_rbs	1.35	0.0	0.0
80	__ribosome	40.3	0.0	0.0
80	__rnase_site_ext	12.3	0.0	0.0
80	p0	0.9	0.0	0.0
80	p1	0.4	0.0	0.0
80	protein1	279.55	12.2	2.1810566000000007
80	protein2	244.55	12.35	2.2883282
80	protein3	38.0	2.25	2.0491667000000002
80	rnapol	0.2	0.0	0.0
81	__protein1_rbs	6.75	0.0	0.0
81	__protein2_rbs	6.6	0.0	0.0
81	__protein3_rbs	1.6	0.0	0.0
81	__ribosome	39.9	0.0	0.0
81	__rnase_site_ext	12.25	0.0	0.0
81	p0	0.95	0.0	0.0
81	p1	0.45	0.0	0.0
81	protein1	285.0	12.25	2.17366085
81	protein2	249.5	12.4	2.3413819
81	protein3	39.1	2.3	1.8083333
81	rnapol	0.45	0.0	0.0
82	__protein1_rbs	6.6	0.0	0.0
82	__protein2_rbs	6.8	0.0	0.0
82	__protein3_rbs	1.15	0.0	0.0
82	__ribosome	39.55	0.0	0.0
82	__rnase_site_ext	12.25	0.0	0.0
82	p0	0.75	0.0	0.0
82	p1	0.7	0.0	0.0
82	protein1	290.1	12.15	2.2508801000000003
82	protein2	255.7	12.85	2.2395182
82	protein3	40.05	2.4	1.93749995
82	rnapol	0.45	0.0	0.0
83	__protein1_rbs	6.1	0.0	0.0
83	__protein2_rbs	7.4	0.0	0.0
83	__protein3_rbs	1.0	0.0	0.0
83	__ribosome	39.5	0.0	0.0
83	__rnase_site_ext	12.25	0.0	0.0
83	p0	0.9	0.0	0.0
83	p1	0.7	0.0	0.0
83	protein1	296.1	12.15	2.2317769
83	protein2	261.45	12.9	2.2326718999999997
83	protein3	41.2	2.5	1.96666665
83	rnapol	0.35	0.0	0.0
84	__protein1_rbs	6.65	0.0	0.0
84	__protein2_rbs	7.55	0.0	0.0
84	__protein3_rbs	1.45	0.0	0.0
84	__ribosome	39.15	0.0	0.0
84	__rnase_site_ext	12.25	0.0	0.0
84	p0	0.85	0.0	0.0
84	p1	0.65	0.0	0.0
84	protein1	301.45	12.15	2.2475327000000003
84	protein2	267.0	12.9	2.23009035
84	protein3	42.3	2.5	2.0333333
84	rnapol	0.65	0.0	0.0
85	__protein1_rbs	6.55	0.0	0.0
85	__protein2_rbs	7.65	0.0	0.0
85	__protein3_rbs	1.5	0.0	0.0
85	__ribosome	39.15	0.0	0.0
85	__rnase_site_ext	12.4	0.0	0.0
85	p0	0.7	0.0	0.0
85	p1	0.6	0.0	0.0
85	protein1	306.5	12.15	2.27351675
85	protein2	272.9	13.1	2.1791254500000004
85	protein3	43.35	2.55	2.06833335
85	rnapol	0.5	0.0	0.0
86	__protein1_rbs	7.1	0.0	0.0
86	__protein2_rbs	7.35	0.0	0.0
86	__protein3_rbs	1.55	0.0	0.0
86	__ribosome	38.65	0.0	0.0
86	__rnase_site_ext	12.6	0.0	0.0
86	p0	0.65	0.0	0.0
86	p1	0.6	0.0	0.0
86	protein1	311.95	12.25	2.2284133
86	protein2	279.0	13.2	2.177061
86	protein3	44.15	2.55	2.29083335
86	rnapol	0.25	0.0	0.0
87	__protein1_rbs	7.0	0.0	0.0
87	__protein2_rbs	7.05	0.0	0.0
87	__protein3_rbs	1.65	0.0	0.0
87	__ribosome	37.0	0.0	0.0
87	__rnase_site_ext	12.8	0.0	0.0
87	p0	0.85	0.0	0.0
87	p1	0.65	0.0	0.0
87	protein1	317.0	12.5	2.2221295
87	protein2	284.2	13.3	2.2522591
87	protein3	45.35	2.6	2.08166665
87	rnapol	0.5	0.0	0.0
88	__protein1_rbs	7.15	0.0	0.0
88	__protein2_rbs	7.55	0.0	0.0
88	__protein3_rbs	1.2	0.0	0.0
88	__ribosome	37.6	0.0	0.0
88	__rnase_site_ext	12.95	0.0	0.0
88	p0	0.6	0.0	0.0
88	p1	0.9	0.0	0.0
88	protein1	322.75	12.65	2.1995911500000003
88	protein2	290.55	13.4	2.2037477
88	protein3	46.8	2.6	2.0958334
88	rnapol	0.45	0.0	0.0
89	__protein1_rbs	7.55	0.0	0.0
89	__protein2_rbs	7.7	0.0	0.0
89	__protein3_rbs	1.6	0.0	0.0
89	__ribosome	36.55	0.0	0.0
89	__rnase_site_ext	13.2	0.0	0.0
89	p0	0.75	0.0	0.0
89	p1	0.75	0.0	0.0
89	protein1	328.25	12.75	2.1780296000000003
89	protein2	295.45	13.45	2.26822745
89	protein3	47.65	2.6	2.0933333499999995
89	rnapol	0.15	0.0	0.0
90	__protein1_rbs	6.85	0.0	0.0
90	__protein2_rbs	7.65	0.0	0.0
90	__protein3_rbs	1.3	0.0	0.0
90	__ribosome	36.5	0.0	0.0
90	__rnase_site_ext	13.15	0.0	0.0
90	p0	0.85	0.0	0.0
90	p1	0.65	0.0	0.0
90	protein1	333.65	13.0	2.19712995
90	protein2	302.1	13.35	2.225668450000001
90	protein3	48.9	2.65	2.075
90	rnapol	0.3	0.0	0.0
91	__protein1_rbs	7.8	0.0	0.0
91	__protein2_rbs	7.4	0.0	0.0
91	__protein3_rbs	1.95	0.0	0.0
91	__ribosome	37.0	0.0	0.0
91	__rnase_site_ext	13.25	0.0	0.0
91	p0	0.9	0.0	0.0
91	p1	0.7	0.0	0.0
91	protein1	339.35	13.1	2.13783485
91	protein2	308.0	13.5	2.2193542499999994
91	protein3	50.0	2.75	1.8375
91	rnapol	0.25	0.0	0.0
92	__protein1_rbs	8.15	0.0	0.0
92	__protein2_rbs	7.3	0.0	0.0
92	__protein3_rbs	1.45	0.0	0.0
92	__ribosome	36.55	0.0	0.0
92	__rnase_site_ext	13.4	0.0	0.0
92	p0	0.75	0.0	0.0
92	p1	0.8	0.0	0.0
92	protein1	344.6	13.2	2.13172455
92	protein2	313.85	13.55	2.24207935
92	protein3	51.25	2.8	1.8175
92	rnapol	0.3	0.0	0.0
93	__protein1_rbs	7.5	0.0	0.0
93	__protein2_rbs	7.6	0.0	0.0
93	__protein3_rbs	1.65	0.0	0.0
93	__ribosome	37.05	0.0	0.0
93	__rnase_site_ext	13.3	0.0	0.0
93	p0	0.9	0.0	0.0
93	p1	0.45	0.0	0.0
93	protein1	350.55	13.25	2.1231004
93	protein2	320.3	13.55	2.196999700000001
93	protein3	52.45	2.85	1.7249999500000002
93	rnapol	0.35	0.0	0.0
94	__protein1_rbs	8.35	0.0	0.0
94	__protein2_rbs	8.0	0.0	0.0
94	__protein3_rbs	1.75	0.0	0.0
94	__ribosome	36.9	0.0	0.0
94	__rnase_site_ext	13.35	0.0	0.0
94	p0	0.75	0.0	0.0
94	p1	0.55	0.0	0.0
94	protein1	356.1	13.3	2.11446595
94	protein2	326.05	13.55	2.21607065
94	protein3	53.5	2.95	1.74250005
94	rnapol	0.25	0.0	0.0
95	__protein1_rbs	7.3	0.0	0.0
95	__protein2_rbs	7.8	0.0	0.0
95	__protein3_rbs	1.5	0.0	0.0
95	__ribosome	36.6	0.0	0.0
95	__rnase_site_ext	13.4	0.0	0.0
95	p0	0.95	0.0	0.0
95	p1	0.6	0.0	0.0
95	protein1	362.7	13.3	2.0996892500000004
95	protein2	332.2	13.9	2.1679101500000004
95	protein3	54.45	2.9	1.98749995
95	rnapol	0.2	0.0	0.0
96	__protein1_rbs	8.45	0.0	0.0
96	__protein2_rbs	7.55	0.0	0.0
96	__protein3_rbs	1.6	0.0	0.0
96	__ribosome	36.55	0.0	0.0
96	__rnase_site_ext	13.5	0.0	0.0
96	p0	0.8	0.0	0.0
96	p1	0.3	0.0	0.0
96	protein1	367.9	13.35	2.05412935
96	protein2	338.45	13.95	2.17208855
96	protein3	55.3	2.9	2.04500005
96	rnapol	0.3	0.0	0.0
97	__protein1_rbs	7.55	0.0	0.0
97	__protein2_rbs	8.05	0.0	0.0
97	__protein3_rbs	1.75	0.0	0.0
97	__ribosome	36.95	0.0	0.0
97	__rnase_site_ext	13.7	0.0	0.0
97	p0	0.8	0.0	0.0
97	p1	0.5	0.0	0.0
97	protein1	373.55	13.35	2.0609073
97	protein2	344.65	14.2	2.1309348
97	protein3	56.5	2.85	2.0075
97	rnapol	0.3	0.0	0.0
98	__protein1_rbs	7.35	0.0	0.0
98	__protein2_rbs	8.2	0.0	0.0
98	__protein3_rbs	1.65	0.0	0.0
98	__ribosome	36.3	0.0	0.0
98	__rnase_site_ext	13.75	0.0	0.0
98	p0	0.9	0.0	0.0
98	p1	0.75	0.0	0.0
98	protein1	379.35	13.6	2.05057795
98	protein2	350.75	14.65	2.07942685
98	protein3	57.8	2.85	1.9058333000000005
98	rnapol	0.4	0.0	0.0
99	__protein1_rbs	7.3	0.0	0.0
99	__protein2_rbs	8.4	0.0	0.0
99	__protein3_rbs	1.5	0.0	0.0
99	__ribosome	34.6	0.0	0.0
99	__rnase_site_ext	14.0	0.0	0.0
99	p0	0.75	0.0	0.0
99	p1	0.75	0.0	0.0
99	protein1	384.55	13.7	2.11063845
99	protein2	356.75	14.5	2.147095
99	protein3	59.05	2.85	1.985
99	rnapol	0.25	0.0	0.0
100	__protein1_rbs	7.75	0.0	0.0
100	__protein2_rbs	8.3	0.0	0.0
100	__protein3_rbs	1.5	0.0	0.0
100	__ribosome	34.3	0.0	0.0
100	__rnase_site_ext	14.05	0.0	0.0
100	p0	0.8	0.0	0.0
100	p1	0.65	0.0	0.0
100	protein1	390.65	13.85	2.10865185
100	protein2	362.65	14.2	2.18452325
100	protein3	60.25	2.9	2.1041667
100	rnapol	0.4	0.0	0.0
101	__protein1_rbs	8.0	0.0	0.0
101	__protein2_rbs	8.8	0.0	0.0
101	__protein3_rbs	1.7	0.0	0.0
101	__ribosome	33.4	0.0	0.0
101	__rnase_site_ext	14.1	0.0	0.0
101	p0	0.85	0.0	0.0
101	p1	0.7	0.0	0.0
101	protein1	395.3	13.95	2.20376915
101	protein2	369.05	14.4	2.0971741500000003
101	protein3	61.35	2.9	2.0458333
101	rnapol	0.5	0.0	0.0
102	__protein1_rbs	8.2	0.0	0.0
102	__protein2_rbs	8.7	0.0	0.0
102	__protein3_rbs	1.75	0.0	0.0
102	__ribosome	33.35	0.0	0.0
102	__rnase_site_ext	14.35	0.0	0.0
102	p0	0.65	0.0	0.0
102	p1	0.65	0.0	0.0
102	protein1	401.15	14.0	2.20065295
102	protein2	375.05	14.4	2.102435
102	protein3	62.6	3.0	2.0341666500000004
102	rnapol	0.35	0.0	0.0
103	__protein1_rbs	8.0	0.0	0.0
103	__protein2_rbs	8.75	0.0	0.0
103	__protein3_rbs	1.7	0.0	0.0
103	__ribosome	33.45	0.0	0.0
103	__rnase_site_ext	14.35	0.0	0.0
103	p0	0.95	0.0	0.0
103	p1	0.85	0.0	0.0
103	protein1	406.85	14.1	2.2216336
103	protein2	382.05	14.65	1.99891555
103	protein3	63.7	2.95	2.2275
103	rnapol	0.5	0.0	0.0
104	__protein1_rbs	8.1	0.0	0.0
104	__protein2_rbs	8.7	0.0	0.0
104	__protein3_rbs	2.05	0.0	0.0
104	__ribosome	34.1	0.0	0.0
104	__rnase_site_ext	14.35	0.0	0.0
104	p0	0.6	0.0	0.0
104	p1	0.7	0.0	0.0
104	protein1	413.9	14.35	2.13222595
104	protein2	387.85	14.65	2.0424043000000003
104	protein3	65.15	3.0	2.0275
104	rnapol	0.45	0.0	0.0
105	__protein1_rbs	8.65	0.0	0.0
105	__protein2_rbs	9.1	0.0	0.0
105	__protein3_rbs	1.8	0.0	0.0
105	__ribosome	34.25	0.0	0.0
105	__rnase_site_ext	14.7	0.0	0.0
105	p0	0.8	0.0	0.0
105	p1	0.65	0.0	0.0
105	protein1	419.95	14.2	2.14359135
105	protein2	393.75	14.55	2.059285
105	protein3	66.55	3.05	1.92166665
105	rnapol	0.4	0.0	0.0
106	__protein1_rbs	8.85	0.0	0.0
106	__protein2_rbs	8.35	0.0	0.0
106	__protein3_rbs	1.9	0.0	0.0
106	__ribosome	34.4	0.0	0.0
106	__rnase_site_ext	14.7	0.0	0.0
106	p0	0.8	0.0	0.0
106	p1	0.7	0.0	0.0
106	protein1	426.5	14.65	2.027385
106	protein2	399.35	14.65	2.0860383500000004
106	protein3	67.9	3.2	1.8808333500000003
106	rnapol	0.4	0.0	0.0
107	__protein1_rbs	8.85	0.0	0.0
107	__protein2_rbs	8.5	0.0	0.0
107	__protein3_rbs	1.8	0.0	0.0
107	__ribosome	34.3	0.0	0.0
107	__rnase_site_ext	14.85	0.0	0.0
107	p0	0.9	0.0	0.0
107	p1	0.6	0.0	0.0
107	protein1	432.35	14.75	2.0269998
107	protein2	406.0	14.8	2.02498575
107	protein3	69.3	3.25	1.8966667
107	rnapol	0.5	0.0	0.0
108	__protein1_rbs	8.6	0.0	0.0
108	__protein2_rbs	7.95	0.0	0.0
108	__protein3_rbs	1.7	0.0	0.0
108	__ribosome	32.35	0.0	0.0
108	__rnase_site_ext	14.7	0.0	0.0
108	p0	0.85	0.0	0.0
108	p1	0.7	0.0	0.0
108	protein1	438.5	14.75	2.05868995
108	protein2	412.1	14.9	2.0872902000000004
108	protein3	70.45	3.2	1.98499995
108	rnapol	0.45	0.0	0.0
109	__protein1_rbs	8.45	0.0	0.0
109	__protein2_rbs	9.35	0.0	0.0
109	__protein3_rbs	1.75	0.0	0.0
109	__ribosome	33.2	0.0	0.0
109	__rnase_site_ext	14.75	0.0	0.0
109	p0	0.9	0.0	0.0
109	p1	0.5	0.0	0.0
109	protein1	445.1	14.55	2.05906135
109	protein2	418.3	15.0	2.0321668500000003
109	protein3	71.95	3.25	2.01
109	rnapol	0.45	0.0	0.0
110	__protein1_rbs	8.6	0.0	0.0
110	__protein2_rbs	8.7	0.0	0.0
110	__protein3_rbs	1.95	0.0	0.0
110	__ribosome	32.2	0.0	0.0
110	__rnase_site_ext	14.75	0.0	0.0
110	p0	0.75	0.0	0.0
110	p1	0.6	0.0	0.0
110	protein1	450.5	14.65	2.1070585
110	protein2	424.5	15.0	2.0672639999999998
110	protein3	73.15	3.25	1.9916667
110	rnapol	0.35	0.0	0.0
111	__protein1_rbs	9.75	0.0	0.0
111	__protein2_rbs	8.9	0.0	0.0
111	__protein3_rbs	2.3	0.0	0.0
111	__ribosome	33.05	0.0	0.0
111	__rnase_site_ext	14.7	0.0	0.0
111	p0	0.75	0.0	0.0
111	p1	0.85	0.0	0.0
111	protein1	456.95	14.75	2.0047274500000003
111	protein2	430.35	15.0	2.11025335
111	protein3	74.65	3.4	1.8500000000000003
111	rnapol	0.4	0.0	0.0
112	__protein1_rbs	8.35	0.0	0.0
112	__protein2_rbs	9.2	0.0	0.0
112	__protein3_rbs	1.8	0.0	0.0
112	__ribosome	32.9	0.0	0.0
112	__rnase_site_ext	14.9	0.0	0.0
112	p0	0.8	0.0	0.0
112	p1	0.55	0.0	0.0
112	protein1	462.9	14.65	2.0644307
112	protein2	437.2	15.15	2.0474572
112	protein3	75.9	3.55	1.8510714
112	rnapol	0.3	0.0	0.0
113	__protein1_rbs	8.3	0.0	0.0
113	__protein2_rbs	9.5	0.0	0.0
113	__protein3_rbs	2.15	0.0	0.0
113	__ribosome	32.95	0.0	0.0
113	__rnase_site_ext	14.8	0.0	0.0
113	p0	0.85	0.0	0.0
113	p1	0.7	0.0	0.0
113	protein1	469.3	14.85	2.07638485
113	protein2	444.15	15.3	1.99512665
113	protein3	77.35	3.5	1.90345235
113	rnapol	0.35	0.0	0.0
114	__protein1_rbs	8.6	0.0	0.0
114	__protein2_rbs	9.45	0.0	0.0
114	__protein3_rbs	1.95	0.0	0.0
114	__ribosome	32.05	0.0	0.0
114	__rnase_site_ext	15.0	0.0	0.0
114	p0	0.9	0.0	0.0
114	p1	0.65	0.0	0.0
114	protein1	475.7	14.85	2.07258725
114	protein2	449.45	15.4	2.0428809
114	protein3	78.9	3.5	1.92845235
114	rnapol	0.3	0.0	0.0
115	__protein1_rbs	9.05	0.0	0.0
115	__protein2_rbs	10.1	0.0	0.0
115	__protein3_rbs	2.3	0.0	0.0
115	__ribosome	33.3	0.0	0.0
115	__rnase_site_ext	15.15	0.0	0.0
115	p0	0.85	0.0	0.0
115	p1	0.85	0.0	0.0
115	protein1	481.85	14.95	2.05071905
115	protein2	456.55	15.5	1.9495047
115	protein3	80.3	3.6	1.8652381
115	rnapol	0.25	0.0	0.0
116	__protein1_rbs	8.9	0.0	0.0
116	__protein2_rbs	9.2	0.0	0.0
116	__protein3_rbs	2.2	0.0	0.0
116	__ribosome	31.1	0.0	0.0
116	__rnase_site_ext	15.5	0.0	0.0
116	p0	0.65	0.0	0.0
116	p1	0.75	0.0	0.0
116	protein1	487.1	15.15	2.08394215
116	protein2	462.65	15.6	1.97116825
116	protein3	81.55	3.65	2.0051191000000004
116	rnapol	0.25	0.0	0.0
117	__protein1_rbs	9.3	0.0	0.0
117	__protein2_rbs	9.65	0.0	0.0
117	__protein3_rbs	2.6	0.0	0.0
117	__ribosome	31.95	0.0	0.0
117	__rnase_site_ext	15.7	0.0	0.0
117	p0	0.85	0.0	0.0
117	p1	0.7	0.0	0.0
117	protein1	493.7	15.3	2.0434328500000003
117	protein2	469.1	15.65	1.9409403
117	protein3	83.0	3.7	1.89119055
117	rnapol	0.25	0.0	0.0
118	__protein1_rbs	8.75	0.0	0.0
118	__protein2_rbs	9.35	0.0	0.0
118	__protein3_rbs	2.4	0.0	0.0
118	__ribosome	31.35	0.0	0.0
118	__rnase_site_ext	15.75	0.0	0.0
118	p0	0.85	0.0	0.0
118	p1	0.6	0.0	0.0
118	protein1	500.65	15.6	2.0086853499999995
118	protein2	475.35	15.75	1.95888235
118	protein3	84.5	3.7	1.80761905
118	rnapol	0.25	0.0	0.0
119	__protein1_rbs	9.8	0.0	0.0
119	__protein2_rbs	9.6	0.0	0.0
119	__protein3_rbs	2.4	0.0	0.0
119	__ribosome	31.75	0.0	0.0
119	__rnase_site_ext	15.7	0.0	0.0
119	p0	0.7	0.0	0.0
119	p1	0.6	0.0	0.0
119	protein1	506.75	15.65	1.9749854
119	protein2	481.35	15.8	1.9657916
119	protein3	86.4	3.85	1.67005955
119	rnapol	0.35	0.0	0.0
120	__protein1_rbs	9.6	0.0	0.0
120	__protein2_rbs	9.7	0.0	0.0
120	__protein3_rbs	2.1	0.0	0.0
120	__ribosome	31.0	0.0	0.0
120	__rnase_site_ext	15.7	0.0	0.0
120	p0	0.8	0.0	0.0
120	p1	0.65	0.0	0.0
120	protein1	512.8	15.65	1.98959965
120	protein2	487.55	15.85	1.9679005
120	protein3	87.5	3.9	1.7661904999999998
120	rnapol	0.3	0.0	0.0
121	__protein1_rbs	9.35	0.0	0.0
121	__protein2_rbs	10.1	0.0	0.0
121	__protein3_rbs	2.55	0.0	0.0
121	__ribosome	31.4	0.0	0.0
121	__rnase_site_ext	15.4	0.0	0.0
121	p0	0.9	0.0	0.0
121	p1	0.65	0.0	0.0
121	protein1	519.35	15.65	1.99285785
121	protein2	494.25	16.2	1.9155173500000005
121	protein3	89.0	3.9	1.6925596000000005
121	rnapol	0.55	0.0	0.0
122	__protein1_rbs	9.45	0.0	0.0
122	__protein2_rbs	9.5	0.0	0.0
122	__protein3_rbs	2.35	0.0	0.0
122	__ribosome	30.35	0.0	0.0
122	__rnase_site_ext	15.6	0.0	0.0
122	p0	0.9	0.0	0.0
122	p1	0.5	0.0	0.0
122	protein1	526.0	15.4	2.0402967
122	protein2	500.65	16.15	1.9738042000000002
122	protein3	90.45	3.85	1.81488085
122	rnapol	0.4	0.0	0.0
123	__protein1_rbs	9.3	0.0	0.0
123	__protein2_rbs	9.6	0.0	0.0
123	__protein3_rbs	2.65	0.0	0.0
123	__ribosome	30.65	0.0	0.0
123	__rnase_site_ext	15.5	0.0	0.0
123	p0	0.8	0.0	0.0
123	p1	0.65	0.0	0.0
123	protein1	532.45	15.55	2.0070109
123	protein2	507.0	16.25	1.96339535
123	protein3	92.0	3.85	1.7307738500000005
123	rnapol	0.45	0.0	0.0
124	__protein1_rbs	9.7	0.0	0.0
124	__protein2_rbs	10.05	0.0	0.0
124	__protein3_rbs	2.7	0.0	0.0
124	__ribosome	30.3	0.0	0.0
124	__rnase_site_ext	15.6	0.0	0.0
124	p0	0.9	0.0	0.0
124	p1	0.45	0.0	0.0
124	protein1	538.9	15.55	1.98746005
124	protein2	513.35	16.5	1.9815699
124	protein3	93.5	3.85	1.7397023999999999
124	rnapol	0.5	0.0	0.0
125	__protein1_rbs	9.35	0.0	0.0
125	__protein2_rbs	11.0	0.0	0.0
125	__protein3_rbs	1.95	0.0	0.0
125	__ribosome	30.05	0.0	0.0
125	__rnase_site_ext	15.7	0.0	0.0
125	p0	0.8	0.0	0.0
125	p1	0.75	0.0	0.0
125	protein1	545.1	15.5	2.00763345
125	protein2	519.6	16.5	1.9488868500000005
125	protein3	95.0	3.8	1.90095235
125	rnapol	0.25	0.0	0.0
126	__protein1_rbs	9.1	0.0	0.0
126	__protein2_rbs	9.85	0.0	0.0
126	__protein3_rbs	2.55	0.0	0.0
126	__ribosome	30.5	0.0	0.0
126	__rnase_site_ext	15.75	0.0	0.0
126	p0	0.9	0.0	0.0
126	p1	0.75	0.0	0.0
126	protein1	551.75	15.5	2.0019236000000005
126	protein2	526.5	16.5	1.9508901999999997
126	protein3	96.55	3.8	1.86208335
126	rnapol	0.4	0.0	0.0
127	__protein1_rbs	9.5	0.0	0.0
127	__protein2_rbs	10.4	0.0	0.0
127	__protein3_rbs	2.25	0.0	0.0
127	__ribosome	30.2	0.0	0.0
127	__rnase_site_ext	15.75	0.0	0.0
127	p0	0.9	0.0	0.0
127	p1	0.65	0.0	0.0
127	protein1	558.05	15.65	1.99744845
127	protein2	533.25	16.6	1.9316749500000003
127	protein3	97.9	3.9	1.8766667
127	rnapol	0.25	0.0	0.0
128	__protein1_rbs	9.75	0.0	0.0
128	__protein2_rbs	9.45	0.0	0.0
128	__protein3_rbs	3.0	0.0	0.0
128	__ribosome	30.6	0.0	0.0
128	__rnase_site_ext	15.75	0.0	0.0
128	p0	0.9	0.0	0.0
128	p1	0.7	0.0	0.0
128	protein1	564.45	15.7	2.00300335
128	protein2	540.5	16.6	1.92959415
128	protein3	99.5	3.95	1.8608333
128	rnapol	0.4	0.0	0.0
129	__protein1_rbs	9.5	0.0	0.0
129	__protein2_rbs	9.65	0.0	0.0
129	__protein3_rbs	2.65	0.0	0.0
129	__ribosome	29.45	0.0	0.0
129	__rnase_site_ext	15.6	0.0	0.0
129	p0	0.8	0.0	0.0
129	p1	0.65	0.0	0.0
129	protein1	570.85	15.7	1.9984016
129	protein2	546.75	16.65	1.9606642
129	protein3	100.85	4.1	1.8168452
129	rnapol	0.4	0.0	0.0
130	__protein1_rbs	10.0	0.0	0.0
130	__protein2_rbs	10.85	0.0	0.0
130	__protein3_rbs	2.3	0.0	0.0
130	__ribosome	29.7	0.0	0.0
130	__rnase_site_ext	15.8	0.0	0.0
130	p0	0.65	0.0	0.0
130	p1	0.75	0.0	0.0
130	protein1	577.1	15.5	2.01304265
130	protein2	553.05	16.75	1.9532743999999995
130	protein3	102.75	4.05	1.8225
130	rnapol	0.3	0.0	0.0
131	__protein1_rbs	9.7	0.0	0.0
131	__protein2_rbs	9.8	0.0	0.0
131	__protein3_rbs	2.9	0.0	0.0
131	__ribosome	29.3	0.0	0.0
131	__rnase_site_ext	15.8	0.0	0.0
131	p0	0.95	0.0	0.0
131	p1	0.75	0.0	0.0
131	protein1	583.8	15.6	1.93166565
131	protein2	559.15	16.9	2.0285389500000006
131	protein3	104.05	4.15	1.73
131	rnapol	0.45	0.0	0.0
132	__protein1_rbs	10.8	0.0	0.0
132	__protein2_rbs	10.2	0.0	0.0
132	__protein3_rbs	2.75	0.0	0.0
132	__ribosome	31.2	0.0	0.0
132	__rnase_site_ext	15.9	0.0	0.0
132	p0	0.75	0.0	0.0
132	p1	0.6	0.0	0.0
132	protein1	590.35	15.75	1.8405247
132	protein2	566.35	17.05	1.98422585
132	protein3	105.95	4.1	1.67529765
132	rnapol	0.35	0.0	0.0
133	__protein1_rbs	9.85	0.0	0.0
133	__protein2_rbs	10.2	0.0	0.0
133	__protein3_rbs	2.6	0.0	0.0
133	__ribosome	30.85	0.0	0.0
133	__rnase_site_ext	15.85	0.0	0.0
133	p0	0.8	0.0	0.0
133	p1	0.6	0.0	0.0
133	protein1	597.25	15.75	1.82106525
133	protein2	573.25	17.3	1.9908262
133	protein3	107.4	4.15	1.68680555
133	rnapol	0.35	0.0	0.0
134	__protein1_rbs	9.75	0.0	0.0
134	__protein2_rbs	10.85	0.0	0.0
134	__protein3_rbs	2.9	0.0	0.0
134	__ribosome	29.75	0.0	0.0
134	__rnase_site_ext	15.8	0.0	0.0
134	p0	0.75	0.0	0.0
134	p1	0.6	0.0	0.0
134	protein1	603.2	15.8	1.866969
134	protein2	579.8	17.35	2.00923915
134	protein3	108.5	4.1	1.7170832999999999
134	rnapol	0.45	0.0	0.0
135	__protein1_rbs	9.75	0.0	0.0
135	__protein2_rbs	11.5	0.0	0.0
135	__protein3_rbs	2.5	0.0	0.0
135	__ribosome	30.0	0.0	0.0
135	__rnase_site_ext	15.95	0.0	0.0
135	p0	0.7	0.0	0.0
135	p1	0.85	0.0	0.0
135	protein1	609.0	15.7	1.90745545
135	protein2	587.35	17.55	1.9240827000000005
135	protein3	110.1	4.2	1.73541665
135	rnapol	0.35	0.0	0.0
136	__protein1_rbs	10.0	0.0	0.0
136	__protein2_rbs	11.55	0.0	0.0
136	__protein3_rbs	2.8	0.0	0.0
136	__ribosome	29.7	0.0	0.0
136	__rnase_site_ext	16.05	0.0	0.0
136	p0	0.8	0.0	0.0
136	p1	0.85	0.0	0.0
136	protein1	614.65	15.9	1.93318325
136	protein2	594.75	17.5	1.89144725
136	protein3	111.45	4.2	1.8079166500000003
136	rnapol	0.45	0.0	0.0
137	__protein1_rbs	9.95	0.0	0.0
137	__protein2_rbs	11.15	0.0	0.0
137	__protein3_rbs	2.35	0.0	0.0
137	__ribosome	29.5	0.0	0.0
137	__rnase_site_ext	16.2	0.0	0.0
137	p0	0.85	0.0	0.0
137	p1	0.75	0.0	0.0
137	protein1	620.7	15.95	1.9504356
137	protein2	601.25	17.15	1.91149215
137	protein3	113.25	4.2	1.8429167000000004
137	rnapol	0.45	0.0	0.0
138	__protein1_rbs	10.95	0.0	0.0
138	__protein2_rbs	10.5	0.0	0.0
138	__protein3_rbs	2.8	0.0	0.0
138	__ribosome	31.0	0.0	0.0
138	__rnase_site_ext	16.1	0.0	0.0
138	p0	0.75	0.0	0.0
138	p1	0.65	0.0	0.0
138	protein1	626.95	16.0	1.8950035
138	protein2	608.95	17.15	1.8720432
138	protein3	114.85	4.2	1.8068452
138	rnapol	0.55	0.0	0.0
139	__protein1_rbs	10.25	0.0	0.0
139	__protein2_rbs	10.7	0.0	0.0
139	__protein3_rbs	2.25	0.0	0.0
139	__ribosome	31.1	0.0	0.0
139	__rnase_site_ext	16.15	0.0	0.0
139	p0	0.75	0.0	0.0
139	p1	0.6	0.0	0.0
139	protein1	633.5	16.15	1.8626538000000001
139	protein2	615.9	17.15	1.83058835
139	protein3	116.2	4.25	1.9561309500000004
139	rnapol	0.6	0.0	0.0
140	__protein1_rbs	9.95	0.0	0.0
140	__protein2_rbs	10.6	0.0	0.0
140	__protein3_rbs	2.65	0.0	0.0
140	__ribosome	31.9	0.0	0.0
140	__rnase_site_ext	16.25	0.0	0.0
140	p0	0.8	0.0	0.0
140	p1	0.65	0.0	0.0
140	protein1	640.75	16.1	1.8363176000000003
140	protein2	622.65	17.1	1.84848895
140	protein3	118.05	4.15	1.9336905
140	rnapol	0.5	0.0	0.0
141	__protein1_rbs	9.7	0.0	0.0
141	__protein2_rbs	10.6	0.0	0.0
141	__protein3_rbs	2.55	0.0	0.0
141	__ribosome	30.35	0.0	0.0
141	__rnase_site_ext	16.4	0.0	0.0
141	p0	0.7	0.0	0.0
141	p1	0.75	0.0	0.0
141	protein1	646.85	16.2	1.8624199
141	protein2	629.25	17.3	1.8706923
141	protein3	119.5	4.15	2.0247618500000004
141	rnapol	0.3	0.0	0.0
142	__protein1_rbs	9.9	0.0	0.0
142	__protein2_rbs	11.0	0.0	0.0
142	__protein3_rbs	2.35	0.0	0.0
142	__ribosome	29.3	0.0	0.0
142	__rnase_site_ext	16.35	0.0	0.0
142	p0	0.85	0.0	0.0
142	p1	0.6	0.0	0.0
142	protein1	653.4	16.35	1.8562130500000005
142	protein2	635.25	17.3	1.9050662
142	protein3	121.4	4.15	2.0602381000000003
142	rnapol	0.2	0.0	0.0
143	__protein1_rbs	10.6	0.0	0.0
143	__protein2_rbs	11.6	0.0	0.0
143	__protein3_rbs	2.7	0.0	0.0
143	__ribosome	28.3	0.0	0.0
143	__rnase_site_ext	16.3	0.0	0.0
143	p0	0.95	0.0	0.0
143	p1	0.55	0.0	0.0
143	protein1	658.25	16.4	1.9453054
143	protein2	642.1	17.35	1.85029355
143	protein3	122.65	4.2	2.15511905
143	rnapol	0.35	0.0	0.0
144	__protein1_rbs	10.3	0.0	0.0
144	__protein2_rbs	10.5	0.0	0.0
144	__protein3_rbs	2.6	0.0	0.0
144	__ribosome	29.55	0.0	0.0
144	__rnase_site_ext	16.35	0.0	0.0
144	p0	0.8	0.0	0.0
144	p1	0.7	0.0	0.0
144	protein1	665.3	16.2	1.9076914000000005
144	protein2	649.0	17.4	1.863305
144	protein3	124.75	4.05	2.1259523
144	rnapol	0.3	0.0	0.0
145	__protein1_rbs	9.6	0.0	0.0
145	__protein2_rbs	11.7	0.0	0.0
145	__protein3_rbs	2.7	0.0	0.0
145	__ribosome	30.45	0.0	0.0
145	__rnase_site_ext	16.25	0.0	0.0
145	p0	0.95	0.0	0.0
145	p1	0.6	0.0	0.0
145	protein1	671.55	16.3	1.91034795
145	protein2	656.0	17.55	1.78534965
145	protein3	126.5	4.05	2.032261900000001
145	rnapol	0.4	0.0	0.0
146	__protein1_rbs	9.9	0.0	0.0
146	__protein2_rbs	11.7	0.0	0.0
146	__protein3_rbs	2.45	0.0	0.0
146	__ribosome	30.75	0.0	0.0
146	__rnase_site_ext	16.25	0.0	0.0
146	p0	0.85	0.0	0.0
146	p1	0.55	0.0	0.0
146	protein1	678.7	16.2	1.9100232999999995
146	protein2	662.25	17.7	1.7872966000000001
146	protein3	128.55	4.05	1.8780953
146	rnapol	0.45	0.0	0.0
147	__protein1_rbs	9.0	0.0	0.0
147	__protein2_rbs	10.9	0.0	0.0
147	__protein3_rbs	2.75	0.0	0.0
147	__ribosome	29.25	0.0	0.0
147	__rnase_site_ext	16.35	0.0	0.0
147	p0	0.85	0.0	0.0
147	p1	0.35	0.0	0.0
147	protein1	685.25	16.15	1.97116185
147	protein2	668.9	17.65	1.8361476
147	protein3	130.2	4.1	1.7792856999999995
147	rnapol	0.2	0.0	0.0
148	__protein1_rbs	10.55	0.0	0.0
148	__protein2_rbs	11.35	0.0	0.0
148	__protein3_rbs	2.6	0.0	0.0
148	__ribosome	28.7	0.0	0.0
148	__rnase_site_ext	16.35	0.0	0.0
148	p0	0.95	0.0	0.0
148	p1	0.65	0.0	0.0
148	protein1	690.95	16.25	1.9705686000000002
148	protein2	675.75	17.8	1.82981265
148	protein3	131.6	4.1	1.7792857000000002
148	rnapol	0.25	0.0	0.0
149	__protein1_rbs	10.75	0.0	0.0
149	__protein2_rbs	11.2	0.0	0.0
149	__protein3_rbs	2.65	0.0	0.0
149	__ribosome	28.55	0.0	0.0
149	__rnase_site_ext	16.4	0.0	0.0
149	p0	0.95	0.0	0.0
149	p1	0.7	0.0	0.0
149	protein1	697.45	16.35	1.9235572999999997
149	protein2	682.3	18.05	1.8562571
149	protein3	133.25	4.05	1.8346428500000005
149	rnapol	0.35	0.0	0.0
150	__protein1_rbs	9.9	0.0	0.0
150	__protein2_rbs	11.8	0.0	0.0
150	__protein3_rbs	2.55	0.0	0.0
150	__ribosome	28.7	0.0	0.0
150	__rnase_site_ext	16.4	0.0	0.0
150	p0	0.6	0.0	0.0
150	p1	0.7	0.0	0.0
150	protein1	704.35	16.35	1.90833575
150	protein2	689.3	18.05	1.8580585
150	protein3	134.75	4.2	1.86702375
150	rnapol	0.2	0.0	0.0
151	__protein1_rbs	10.75	0.0	0.0
151	__protein2_rbs	10.65	0.0	0.0
151	__protein3_rbs	3.0	0.0	0.0
151	__ribosome	28.8	0.0	0.0
151	__rnase_site_ext	16.5	0.0	0.0
151	p0	0.95	0.0	0.0
151	p1	0.75	0.0	0.0
151	protein1	711.4	16.4	1.81884
151	protein2	695.9	18.1	1.9181598500000003
151	protein3	136.05	4.3	1.8946429
151	rnapol	0.45	0.0	0.0
152	__protein1_rbs	9.75	0.0	0.0
152	__protein2_rbs	10.85	0.0	0.0
152	__protein3_rbs	2.75	0.0	0.0
152	__ribosome	27.45	0.0	0.0
152	__rnase_site_ext	16.5	0.0	0.0
152	p0	1.0	0.0	0.0
152	p1	0.8	0.0	0.0
152	protein1	718.2	16.5	1.8458731
152	protein2	703.3	18.1	1.9344240000000004
152	protein3	137.5	4.35	1.96321435
152	rnapol	0.4	0.0	0.0
153	__protein1_rbs	10.0	0.0	0.0
153	__protein2_rbs	11.6	0.0	0.0
153	__protein3_rbs	2.55	0.0	0.0
153	__ribosome	28.15	0.0	0.0
153	__rnase_site_ext	16.5	0.0	0.0
153	p0	0.8	0.0	0.0
153	p1	0.6	0.0	0.0
153	protein1	724.75	16.55	1.8606520000000004
153	protein2	710.55	18.0	1.9089335
153	protein3	139.4	4.25	1.90315475
153	rnapol	0.4	0.0	0.0
154	__protein1_rbs	10.05	0.0	0.0
154	__protein2_rbs	12.35	0.0	0.0
154	__protein3_rbs	2.75	0.0	0.0
154	__ribosome	28.45	0.0	0.0
154	__rnase_site_ext	16.8	0.0	0.0
154	p0	0.65	0.0	0.0
154	p1	0.6	0.0	0.0
154	protein1	731.3	16.3	1.90828065
154	protein2	717.35	17.95	1.8724409
154	protein3	141.05	4.45	1.7922620000000002
154	rnapol	0.45	0.0	0.0
155	__protein1_rbs	10.5	0.0	0.0
155	__protein2_rbs	12.0	0.0	0.0
155	__protein3_rbs	3.0	0.0	0.0
155	__ribosome	28.5	0.0	0.0
155	__rnase_site_ext	16.95	0.0	0.0
155	p0	0.7	0.0	0.0
155	p1	0.85	0.0	0.0
155	protein1	737.25	16.6	1.89625
155	protein2	724.9	18.3	1.80556775
155	protein3	142.5	4.35	1.80446425
155	rnapol	0.5	0.0	0.0
156	__protein1_rbs	10.55	0.0	0.0
156	__protein2_rbs	11.35	0.0	0.0
156	__protein3_rbs	2.8	0.0	0.0
156	__ribosome	27.85	0.0	0.0
156	__rnase_site_ext	17.15	0.0	0.0
156	p0	0.75	0.0	0.0
156	p1	0.9	0.0	0.0
156	protein1	743.15	16.85	1.91782215
156	protein2	732.6	18.1	1.8207058499999995
156	protein3	144.2	4.3	1.81910715
156	rnapol	0.5	0.0	0.0
157	__protein1_rbs	9.6	0.0	0.0
157	__protein2_rbs	10.9	0.0	0.0
157	__protein3_rbs	2.95	0.0	0.0
157	__ribosome	28.6	0.0	0.0
157	__rnase_site_ext	17.0	0.0	0.0
157	p0	0.7	0.0	0.0
157	p1	0.75	0.0	0.0
157	protein1	750.8	17.05	1.89864255
157	protein2	740.25	17.75	1.8201323000000005
157	protein3	145.95	4.35	1.8314882
157	rnapol	0.25	0.0	0.0
158	__protein1_rbs	10.25	0.0	0.0
158	__protein2_rbs	10.9	0.0	0.0
158	__protein3_rbs	2.6	0.0	0.0
158	__ribosome	27.3	0.0	0.0
158	__rnase_site_ext	17.1	0.0	0.0
158	p0	0.9	0.0	0.0
158	p1	0.5	0.0	0.0
158	protein1	757.65	16.85	1.9240071000000003
158	protein2	746.7	17.7	1.8758082
158	protein3	147.65	4.5	1.86845235
158	rnapol	0.35	0.0	0.0
159	__protein1_rbs	11.1	0.0	0.0
159	__protein2_rbs	11.25	0.0	0.0
159	__protein3_rbs	3.1	0.0	0.0
159	__ribosome	26.4	0.0	0.0
159	__rnase_site_ext	17.1	0.0	0.0
159	p0	0.9	0.0	0.0
159	p1	0.75	0.0	0.0
159	protein1	763.85	17.0	1.9350784
159	protein2	752.75	17.6	1.9268100500000007
159	protein3	149.5	4.5	1.7674404499999998
159	rnapol	0.35	0.0	0.0
160	__protein1_rbs	10.9	0.0	0.0
160	__protein2_rbs	11.1	0.0	0.0
160	__protein3_rbs	3.1	0.0	0.0
160	__ribosome	25.8	0.0	0.0
160	__rnase_site_ext	17.45	0.0	0.0
160	p0	0.65	0.0	0.0
160	p1	0.7	0.0	0.0
160	protein1	770.4	17.1	1.9387025
160	protein2	760.15	17.75	1.9160177999999997
160	protein3	150.95	4.55	1.8026191000000003
160	rnapol	0.2	0.0	0.0
161	__protein1_rbs	12.2	0.0	0.0
161	__protein2_rbs	12.25	0.0	0.0
161	__protein3_rbs	2.65	0.0	0.0
161	__ribosome	27.9	0.0	0.0
161	__rnase_site_ext	17.45	0.0	0.0
161	p0	0.9	0.0	0.0
161	p1	0.5	0.0	0.0
161	protein1	777.4	17.25	1.8219737
161	protein2	766.95	17.65	1.87425785
161	protein3	153.0	4.6	1.78267855
161	rnapol	0.25	0.0	0.0
162	__protein1_rbs	10.95	0.0	0.0
162	__protein2_rbs	10.75	0.0	0.0
162	__protein3_rbs	2.85	0.0	0.0
162	__ribosome	29.15	0.0	0.0
162	__rnase_site_ext	17.55	0.0	0.0
162	p0	0.95	0.0	0.0
162	p1	0.4	0.0	0.0
162	protein1	784.95	17.4	1.7865709500000002
162	protein2	774.75	17.85	1.81330925
162	protein3	154.6	4.6	1.84071425
162	rnapol	0.15	0.0	0.0
163	__protein1_rbs	10.85	0.0	0.0
163	__protein2_rbs	11.6	0.0	0.0
163	__protein3_rbs	2.75	0.0	0.0
163	__ribosome	28.95	0.0	0.0
163	__rnase_site_ext	17.35	0.0	0.0
163	p0	0.95	0.0	0.0
163	p1	0.55	0.0	0.0
163	protein1	791.55	17.5	1.78811625
163	protein2	781.5	17.9	1.81374075
163	protein3	156.65	4.6	1.75922615
163	rnapol	0.3	0.0	0.0
164	__protein1_rbs	10.75	0.0	0.0
164	__protein2_rbs	10.85	0.0	0.0
164	__protein3_rbs	2.65	0.0	0.0
164	__ribosome	27.0	0.0	0.0
164	__rnase_site_ext	17.2	0.0	0.0
164	p0	0.9	0.0	0.0
164	p1	0.65	0.0	0.0
164	protein1	799.05	17.35	1.817151
164	protein2	788.4	18.15	1.85998055
164	protein3	158.1	4.55	1.9782738
164	rnapol	0.45	0.0	0.0
165	__protein1_rbs	10.9	0.0	0.0
165	__protein2_rbs	11.85	0.0	0.0
165	__protein3_rbs	2.75	0.0	0.0
165	__ribosome	27.75	0.0	0.0
165	__rnase_site_ext	17.25	0.0	0.0
165	p0	0.85	0.0	0.0
165	p1	0.7	0.0	0.0
165	protein1	805.7	17.2	1.82733215
165	protein2	795.5	18.3	1.8184964500000005
165	protein3	159.95	4.5	1.99005955
165	rnapol	0.35	0.0	0.0
166	__protein1_rbs	10.4	0.0	0.0
166	__protein2_rbs	11.85	0.0	0.0
166	__protein3_rbs	3.3	0.0	0.0
166	__ribosome	25.25	0.0	0.0
166	__rnase_site_ext	17.15	0.0	0.0
166	p0	0.95	0.0	0.0
166	p1	0.6	0.0	0.0
166	protein1	811.25	17.15	1.9554813000000002
166	protein2	802.0	18.5	1.84929955
166	protein3	161.5	4.45	1.9100595
166	rnapol	0.5	0.0	0.0
167	__protein1_rbs	11.4	0.0	0.0
167	__protein2_rbs	11.7	0.0	0.0
167	__protein3_rbs	2.65	0.0	0.0
167	__ribosome	27.05	0.0	0.0
167	__rnase_site_ext	17.3	0.0	0.0
167	p0	0.65	0.0	0.0
167	p1	0.6	0.0	0.0
167	protein1	818.55	17.1	1.87595055
167	protein2	809.05	18.55	1.83768235
167	protein3	163.65	4.45	1.85142855
167	rnapol	0.35	0.0	0.0
168	__protein1_rbs	11.3	0.0	0.0
168	__protein2_rbs	11.7	0.0	0.0
168	__protein3_rbs	2.8	0.0	0.0
168	__ribosome	28.1	0.0	0.0
168	__rnase_site_ext	17.55	0.0	0.0
168	p0	0.65	0.0	0.0
168	p1	0.55	0.0	0.0
168	protein1	825.45	17.2	1.8183866
168	protein2	816.65	18.7	1.8159253
168	protein3	165.55	4.35	1.80922625
168	rnapol	0.25	0.0	0.0
169	__protein1_rbs	10.65	0.0	0.0
169	__protein2_rbs	12.4	0.0	0.0
169	__protein3_rbs	2.8	0.0	0.0
169	__ribosome	28.3	0.0	0.0
169	__rnase_site_ext	17.35	0.0	0.0
169	p0	0.9	0.0	0.0
169	p1	0.6	0.0	0.0
169	protein1	832.85	17.5	1.7870564499999997
169	protein2	823.75	18.85	1.78284265
169	protein3	167.35	4.4	1.7854762000000002
169	rnapol	0.4	0.0	0.0
170	__protein1_rbs	11.1	0.0	0.0
170	__protein2_rbs	11.95	0.0	0.0
170	__protein3_rbs	2.75	0.0	0.0
170	__ribosome	28.35	0.0	0.0
170	__rnase_site_ext	17.45	0.0	0.0
170	p0	0.8	0.0	0.0
170	p1	0.75	0.0	0.0
170	protein1	839.65	17.45	1.7926196499999996
170	protein2	831.25	18.8	1.78333055
170	protein3	168.9	4.4	1.8166071
170	rnapol	0.35	0.0	0.0
171	__protein1_rbs	11.55	0.0	0.0
171	__protein2_rbs	12.35	0.0	0.0
171	__protein3_rbs	2.6	0.0	0.0
171	__ribosome	26.95	0.0	0.0
171	__rnase_site_ext	17.6	0.0	0.0
171	p0	0.85	0.0	0.0
171	p1	0.8	0.0	0.0
171	protein1	846.45	17.3	1.7926472999999998
171	protein2	837.65	18.85	1.8360576
171	protein3	170.45	4.35	1.97875
171	rnapol	0.35	0.0	0.0
172	__protein1_rbs	11.15	0.0	0.0
172	__protein2_rbs	12.15	0.0	0.0
172	__protein3_rbs	2.9	0.0	0.0
172	__ribosome	26.7	0.0	0.0
172	__rnase_site_ext	17.55	0.0	0.0
172	p0	0.85	0.0	0.0
172	p1	0.65	0.0	0.0
172	protein1	852.4	17.45	1.8344605
172	protein2	845.95	18.75	1.8034435
172	protein3	171.9	4.45	2.0022619
172	rnapol	0.45	0.0	0.0
173	__protein1_rbs	10.85	0.0	0.0
173	__protein2_rbs	12.1	0.0	0.0
173	__protein3_rbs	2.95	0.0	0.0
173	__ribosome	26.45	0.0	0.0
173	__rnase_site_ext	17.45	0.0	0.0
173	p0	0.7	0.0	0.0
173	p1	0.85	0.0	0.0
173	protein1	859.55	17.45	1.8635943
173	protein2	852.35	18.65	1.84108825
173	protein3	174.05	4.35	1.822619
173	rnapol	0.3	0.0	0.0
174	__protein1_rbs	12.0	0.0	0.0
174	__protein2_rbs	12.45	0.0	0.0
174	__protein3_rbs	2.85	0.0	0.0
174	__ribosome	27.6	0.0	0.0
174	__rnase_site_ext	17.65	0.0	0.0
174	p0	0.7	0.0	0.0
174	p1	0.6	0.0	0.0
174	protein1	866.55	17.25	1.85485635
174	protein2	859.95	18.7	1.8003928000000002
174	protein3	175.5	4.35	1.91392855
174	rnapol	0.25	0.0	0.0
175	__protein1_rbs	10.85	0.0	0.0
175	__protein2_rbs	11.75	0.0	0.0
175	__protein3_rbs	2.2	0.0	0.0
175	__ribosome	27.1	0.0	0.0
175	__rnase_site_ext	17.8	0.0	0.0
175	p0	0.8	0.0	0.0
175	p1	0.5	0.0	0.0
175	protein1	872.75	17.55	1.8931405
175	protein2	868.35	18.65	1.74739085
175	protein3	177.7	4.4	1.8710714
175	rnapol	0.3	0.0	0.0
176	__protein1_rbs	11.9	0.0	0.0
176	__protein2_rbs	12.25	0.0	0.0
176	__protein3_rbs	3.2	0.0	0.0
176	__ribosome	27.45	0.0	0.0
176	__rnase_site_ext	17.7	0.0	0.0
176	p0	0.75	0.0	0.0
176	p1	0.75	0.0	0.0
176	protein1	880.05	17.65	1.82419905
176	protein2	874.45	18.85	1.77917735
176	protein3	179.25	4.5	1.85642855
176	rnapol	0.4	0.0	0.0
177	__protein1_rbs	11.45	0.0	0.0
177	__protein2_rbs	12.45	0.0	0.0
177	__protein3_rbs	2.85	0.0	0.0
177	__ribosome	27.55	0.0	0.0
177	__rnase_site_ext	17.55	0.0	0.0
177	p0	0.8	0.0	0.0
177	p1	0.5	0.0	0.0
177	protein1	887.7	17.55	1.8233871000000004
177	protein2	881.95	19.1	1.7614938999999998
177	protein3	181.3	4.5	1.79190475
177	rnapol	0.35	0.0	0.0
178	__protein1_rbs	11.0	0.0	0.0
178	__protein2_rbs	12.65	0.0	0.0
178	__protein3_rbs	2.9	0.0	0.0
178	__ribosome	26.7	0.0	0.0
178	__rnase_site_ext	17.6	0.0	0.0
178	p0	0.95	0.0	0.0
178	p1	0.6	0.0	0.0
178	protein1	894.5	17.45	1.85704545
178	protein2	889.15	19.1	1.7717265000000002
178	protein3	182.55	4.5	1.81892855
178	rnapol	0.25	0.0	0.0
179	__protein1_rbs	11.3	0.0	0.0
179	__protein2_rbs	12.0	0.0	0.0
179	__protein3_rbs	3.35	0.0	0.0
179	__ribosome	25.95	0.0	0.0
179	__rnase_site_ext	17.6	0.0	0.0
179	p0	0.9	0.0	0.0
179	p1	0.7	0.0	0.0
179	protein1	901.05	17.5	1.87650375
179	protein2	896.0	19.35	1.79703415
179	protein3	184.35	4.5	1.73761905
179	rnapol	0.45	0.0	0.0
180	__protein1_rbs	11.5	0.0	0.0
180	__protein2_rbs	13.15	0.0	0.0
180	__protein3_rbs	3.0	0.0	0.0
180	__ribosome	27.25	0.0	0.0
180	__rnase_site_ext	17.85	0.0	0.0
180	p0	0.75	0.0	0.0
180	p1	0.6	0.0	0.0
180	protein1	908.3	17.5	1.83703375
180	protein2	903.35	19.2	1.7769181499999998
180	protein3	186.05	4.55	1.71547615
180	rnapol	0.4	0.0	0.0
181	__protein1_rbs	11.25	0.0	0.0
181	__protein2_rbs	11.65	0.0	0.0
181	__protein3_rbs	2.8	0.0	0.0
181	__ribosome	26.95	0.0	0.0
181	__rnase_site_ext	18.1	0.0	0.0
181	p0	0.75	0.0	0.0
181	p1	0.6	0.0	0.0
181	protein1	916.2	17.65	1.7831017500000006
181	protein2	911.1	19.15	1.81376695
181	protein3	187.7	4.55	1.8460119
181	rnapol	0.3	0.0	0.0
182	__protein1_rbs	11.4	0.0	0.0
182	__protein2_rbs	12.8	0.0	0.0
182	__protein3_rbs	2.6	0.0	0.0
182	__ribosome	26.55	0.0	0.0
182	__rnase_site_ext	18.1	0.0	0.0
182	p0	0.8	0.0	0.0
182	p1	0.65	0.0	0.0
182	protein1	922.85	18.0	1.7685286500000004
182	protein2	918.6	19.3	1.7954853
182	protein3	189.5	4.6	1.8335119
182	rnapol	0.2	0.0	0.0
183	__protein1_rbs	11.1	0.0	0.0
183	__protein2_rbs	11.95	0.0	0.0
183	__protein3_rbs	3.65	0.0	0.0
183	__ribosome	26.3	0.0	0.0
183	__rnase_site_ext	18.05	0.0	0.0
183	p0	0.95	0.0	0.0
183	p1	0.7	0.0	0.0
183	protein1	930.0	18.05	1.7753047
183	protein2	925.85	19.3	1.8246330000000002
183	protein3	191.3	4.7	1.6483929
183	rnapol	0.4	0.0	0.0
184	__protein1_rbs	11.55	0.0	0.0
184	__protein2_rbs	12.5	0.0	0.0
184	__protein3_rbs	2.75	0.0	0.0
184	__ribosome	24.95	0.0	0.0
184	__rnase_site_ext	18.3	0.0	0.0
184	p0	0.75	0.0	0.0
184	p1	0.6	0.0	0.0
184	protein1	936.5	18.0	1.79823625
184	protein2	933.5	19.5	1.8267091
184	protein3	192.85	4.7	1.9154762000000003
184	rnapol	0.25	0.0	0.0
185	__protein1_rbs	12.05	0.0	0.0
185	__protein2_rbs	12.65	0.0	0.0
185	__protein3_rbs	3.05	0.0	0.0
185	__ribosome	26.35	0.0	0.0
185	__rnase_site_ext	18.35	0.0	0.0
185	p0	0.85	0.0	0.0
185	p1	0.65	0.0	0.0
185	protein1	943.6	18.1	1.7561702
185	protein2	941.25	19.35	1.7966203
185	protein3	194.45	4.65	1.9059524
185	rnapol	0.2	0.0	0.0
186	__protein1_rbs	12.05	0.0	0.0
186	__protein2_rbs	13.65	0.0	0.0
186	__protein3_rbs	2.9	0.0	0.0
186	__ribosome	26.1	0.0	0.0
186	__rnase_site_ext	18.45	0.0	0.0
186	p0	0.85	0.0	0.0
186	p1	0.8	0.0	0.0
186	protein1	950.15	18.3	1.7709646999999995
186	protein2	948.3	19.55	1.7588952000000002
186	protein3	196.4	4.75	1.84573415
186	rnapol	0.25	0.0	0.0
187	__protein1_rbs	12.0	0.0	0.0
187	__protein2_rbs	12.6	0.0	0.0
187	__protein3_rbs	2.7	0.0	0.0
187	__ribosome	26.7	0.0	0.0
187	__rnase_site_ext	18.5	0.0	0.0
187	p0	0.8	0.0	0.0
187	p1	0.6	0.0	0.0
187	protein1	957.55	18.3	1.7570793000000002
187	protein2	956.8	19.45	1.6945919999999999
187	protein3	198.05	4.7	2.05089275
187	rnapol	0.3	0.0	0.0
188	__protein1_rbs	11.3	0.0	0.0
188	__protein2_rbs	12.9	0.0	0.0
188	__protein3_rbs	2.85	0.0	0.0
188	__ribosome	26.35	0.0	0.0
188	__rnase_site_ext	18.6	0.0	0.0
188	p0	0.75	0.0	0.0
188	p1	0.6	0.0	0.0
188	protein1	965.0	18.4	1.7642047499999998
188	protein2	963.7	19.3	1.71005825
188	protein3	199.85	4.8	1.9885119
188	rnapol	0.45	0.0	0.0
189	__protein1_rbs	11.45	0.0	0.0
189	__protein2_rbs	12.85	0.0	0.0
189	__protein3_rbs	3.2	0.0	0.0
189	__ribosome	26.3	0.0	0.0
189	__rnase_site_ext	18.65	0.0	0.0
189	p0	0.8	0.0	0.0
189	p1	0.6	0.0	0.0
189	protein1	972.05	18.5	1.7917769499999998
189	protein2	971.9	19.4	1.6578328499999997
189	protein3	201.5	4.8	2.01797615
189	rnapol	0.4	0.0	0.0
190	__protein1_rbs	11.55	0.0	0.0
190	__protein2_rbs	12.45	0.0	0.0
190	__protein3_rbs	2.85	0.0	0.0
190	__ribosome	24.0	0.0	0.0
190	__rnase_site_ext	18.65	0.0	0.0
190	p0	0.8	0.0	0.0
190	p1	0.7	0.0	0.0
190	protein1	978.5	18.5	1.8410023000000002
190	protein2	978.4	19.5	1.71122165
190	protein3	203.5	4.85	2.0144840500000005
190	rnapol	0.4	0.0	0.0
191	__protein1_rbs	13.0	0.0	0.0
191	__protein2_rbs	12.45	0.0	0.0
191	__protein3_rbs	2.75	0.0	0.0
191	__ribosome	24.35	0.0	0.0
191	__rnase_site_ext	18.75	0.0	0.0
191	p0	0.8	0.0	0.0
191	p1	0.65	0.0	0.0
191	protein1	985.85	18.6	1.7897923499999997
191	protein2	985.7	19.4	1.737257
191	protein3	205.45	4.8	2.04087295
191	rnapol	0.25	0.0	0.0
192	__protein1_rbs	12.7	0.0	0.0
192	__protein2_rbs	13.35	0.0	0.0
192	__protein3_rbs	2.9	0.0	0.0
192	__ribosome	26.35	0.0	0.0
192	__rnase_site_ext	18.75	0.0	0.0
192	p0	0.8	0.0	0.0
192	p1	0.7	0.0	0.0
192	protein1	993.45	18.65	1.7423241000000003
192	protein2	993.3	19.4	1.6744430499999996
192	protein3	207.85	4.85	1.96817455
192	rnapol	0.2	0.0	0.0
193	__protein1_rbs	11.4	0.0	0.0
193	__protein2_rbs	11.65	0.0	0.0
193	__protein3_rbs	3.05	0.0	0.0
193	__ribosome	24.65	0.0	0.0
193	__rnase_site_ext	18.75	0.0	0.0
193	p0	0.85	0.0	0.0
193	p1	0.65	0.0	0.0
193	protein1	1000.95	18.65	1.7782235999999998
193	protein2	1000.0	19.3	1.7752406000000003
193	protein3	210.2	4.95	1.8039882000000005
193	rnapol	0.25	0.0	0.0
194	__protein1_rbs	12.85	0.0	0.0
194	__protein2_rbs	12.9	0.0	0.0
194	__protein3_rbs	3.2	0.0	0.0
194	__ribosome	25.5	0.0	0.0
194	__rnase_site_ext	18.55	0.0	0.0
194	p0	0.85	0.0	0.0
194	p1	0.7	0.0	0.0
194	protein1	1008.55	18.55	1.7263107500000003
194	protein2	1006.75	19.45	1.7616320499999998
194	protein3	211.9	5.1	1.7928572500000002
194	rnapol	0.4	0.0	0.0
195	__protein1_rbs	12.0	0.0	0.0
195	__protein2_rbs	12.5	0.0	0.0
195	__protein3_rbs	3.3	0.0	0.0
195	__ribosome	24.8	0.0	0.0
195	__rnase_site_ext	18.5	0.0	0.0
195	p0	0.85	0.0	0.0
195	p1	0.7	0.0	0.0
195	protein1	1015.4	18.5	1.7582711000000004
195	protein2	1014.7	19.4	1.76505645
195	protein3	213.9	5.1	1.8836905500000003
195	rnapol	0.4	0.0	0.0
196	__protein1_rbs	12.0	0.0	0.0
196	__protein2_rbs	12.5	0.0	0.0
196	__protein3_rbs	3.3	0.0	0.0
196	__ribosome	24.65	0.0	0.0
196	__rnase_site_ext	18.7	0.0	0.0
196	p0	0.8	0.0	0.0
196	p1	0.6	0.0	0.0
196	protein1	1022.6	18.4	1.7669528
196	protein2	1022.15	19.55	1.7735560000000001
196	protein3	216.1	5.05	1.90190485
196	rnapol	0.25	0.0	0.0
197	__protein1_rbs	12.35	0.0	0.0
197	__protein2_rbs	13.3	0.0	0.0
197	__protein3_rbs	3.7	0.0	0.0
197	__ribosome	25.55	0.0	0.0
197	__rnase_site_ext	18.95	0.0	0.0
197	p0	0.75	0.0	0.0
197	p1	0.75	0.0	0.0
197	protein1	1029.45	18.55	1.7368834999999998
197	protein2	1029.55	19.7	1.7418795999999996
197	protein3	218.2	5.05	1.80462295
197	rnapol	0.25	0.0	0.0
198	__protein1_rbs	13.2	0.0	0.0
198	__protein2_rbs	12.2	0.0	0.0
198	__protein3_rbs	3.2	0.0	0.0
198	__ribosome	25.7	0.0	0.0
198	__rnase_site_ext	18.95	0.0	0.0
198	p0	0.8	0.0	0.0
198	p1	0.55	0.0	0.0
198	protein1	1037.0	18.8	1.6736995
198	protein2	1037.35	19.9	1.74106245
198	protein3	220.2	5.15	1.7814086999999998
198	rnapol	0.3	0.0	0.0
199	__protein1_rbs	12.75	0.0	0.0
199	__protein2_rbs	13.2	0.0	0.0
199	__protein3_rbs	3.45	0.0	0.0
199	__ribosome	26.35	0.0	0.0
199	__rnase_site_ext	19.05	0.0	0.0
199	p0	0.85	0.0	0.0
199	p1	0.65	0.0	0.0
199	protein1	1044.15	18.85	1.6424427
199	protein2	1044.55	19.95	1.7552011000000003
199	protein3	222.6	5.1	1.6887698
199	rnapol	0.4	0.0	0.0
200	__protein1_rbs	12.2	0.0	0.0
200	__protein2_rbs	12.6	0.0	0.0
200	__protein3_rbs	3.45	0.0	0.0
200	__ribosome	24.7	0.0	0.0
200	__rnase_site_ext	19.2	0.0	0.0
200	p0	0.85	0.0	0.0
200	p1	0.8	0.0	0.0
200	protein1	1050.75	18.9	1.6804403
200	protein2	1052.35	20.15	1.7655203499999998
200	protein3	224.35	5.2	1.6762698
200	rnapol	0.2	0.0	0.0
201	__protein1_rbs	12.5	0.0	0.0
201	__protein2_rbs	12.95	0.0	0.0
201	__protein3_rbs	3.4	0.0	0.0
201	__ribosome	24.5	0.0	0.0
201	__rnase_site_ext	18.95	0.0	0.0
201	p0	0.8	0.0	0.0
201	p1	0.65	0.0	0.0
201	protein1	1057.95	19.05	1.68111625
201	protein2	1060.3	20.1	1.751356
201	protein3	226.15	5.05	1.8190872999999999
201	rnapol	0.4	0.0	0.0
202	__protein1_rbs	12.7	0.0	0.0
202	__protein2_rbs	12.65	0.0	0.0
202	__protein3_rbs	3.5	0.0	0.0
202	__ribosome	23.95	0.0	0.0
202	__rnase_site_ext	19.15	0.0	0.0
202	p0	0.8	0.0	0.0
202	p1	0.65	0.0	0.0
202	protein1	1065.2	18.9	1.6850413999999998
202	protein2	1067.45	20.15	1.7936026999999997
202	protein3	228.1	5.05	1.7614086999999998
202	rnapol	0.35	0.0	0.0
203	__protein1_rbs	12.8	0.0	0.0
203	__protein2_rbs	13.65	0.0	0.0
203	__protein3_rbs	3.5	0.0	0.0
203	__ribosome	25.1	0.0	0.0
203	__rnase_site_ext	19.15	0.0	0.0
203	p0	0.85	0.0	0.0
203	p1	0.5	0.0	0.0
203	protein1	1071.9	19.0	1.68696835
203	protein2	1075.75	20.1	1.7518009500000002
203	protein3	230.05	5.05	1.7575199
203	rnapol	0.45	0.0	0.0
204	__protein1_rbs	13.1	0.0	0.0
204	__protein2_rbs	12.8	0.0	0.0
204	__protein3_rbs	3.45	0.0	0.0
204	__ribosome	24.85	0.0	0.0
204	__rnase_site_ext	19.4	0.0	0.0
204	p0	0.8	0.0	0.0
204	p1	0.8	0.0	0.0
204	protein1	1079.25	19.15	1.65372
204	protein2	1083.2	20.3	1.7818554000000002
204	protein3	232.15	5.0	1.6978968999999997
204	rnapol	0.45	0.0	0.0
205	__protein1_rbs	13.1	0.0	0.0
205	__protein2_rbs	13.15	0.0	0.0
205	__protein3_rbs	3.5	0.0	0.0
205	__ribosome	25.7	0.0	0.0
205	__rnase_site_ext	19.3	0.0	0.0
205	p0	0.95	0.0	0.0
205	p1	0.7	0.0	0.0
205	protein1	1086.0	19.25	1.6298691
205	protein2	1091.6	20.55	1.7347124499999995
205	protein3	233.95	5.0	1.6328174500000003
205	rnapol	0.45	0.0	0.0
206	__protein1_rbs	12.2	0.0	0.0
206	__protein2_rbs	13.55	0.0	0.0
206	__protein3_rbs	3.3	0.0	0.0
206	__ribosome	25.75	0.0	0.0
206	__rnase_site_ext	19.25	0.0	0.0
206	p0	0.75	0.0	0.0
206	p1	0.75	0.0	0.0
206	protein1	1093.75	19.1	1.6421471500000002
206	protein2	1099.45	20.5	1.72341405
206	protein3	235.85	5.05	1.6418253999999997
206	rnapol	0.3	0.0	0.0
207	__protein1_rbs	12.5	0.0	0.0
207	__protein2_rbs	12.6	0.0	0.0
207	__protein3_rbs	3.25	0.0	0.0
207	__ribosome	24.45	0.0	0.0
207	__rnase_site_ext	19.4	0.0	0.0
207	p0	0.65	0.0	0.0
207	p1	0.7	0.0	0.0
207	protein1	1101.55	19.05	1.6347962000000005
207	protein2	1107.25	20.45	1.78363655
207	protein3	237.6	5.0	1.7657936
207	rnapol	0.25	0.0	0.0
208	__protein1_rbs	12.6	0.0	0.0
208	__protein2_rbs	14.3	0.0	0.0
208	__protein3_rbs	3.65	0.0	0.0
208	__ribosome	25.3	0.0	0.0
208	__rnase_site_ext	19.6	0.0	0.0
208	p0	0.8	0.0	0.0
208	p1	0.8	0.0	0.0
208	protein1	1107.95	19.1	1.6619616999999998
208	protein2	1115.3	20.3	1.74436715
208	protein3	239.65	5.1	1.6299602
208	rnapol	0.2	0.0	0.0
209	__protein1_rbs	12.0	0.0	0.0
209	__protein2_rbs	13.55	0.0	0.0
209	__protein3_rbs	3.85	0.0	0.0
209	__ribosome	23.7	0.0	0.0
209	__rnase_site_ext	19.45	0.0	0.0
209	p0	0.9	0.0	0.0
209	p1	0.4	0.0	0.0
209	protein1	1114.6	19.4	1.71007475
209	protein2	1123.5	20.45	1.7225453999999998
209	protein3	240.75	5.15	1.69357145
209	rnapol	0.3	0.0	0.0
210	__protein1_rbs	12.85	0.0	0.0
210	__protein2_rbs	14.35	0.0	0.0
210	__protein3_rbs	3.25	0.0	0.0
210	__ribosome	24.6	0.0	0.0
210	__rnase_site_ext	19.45	0.0	0.0
210	p0	0.85	0.0	0.0
210	p1	0.7	0.0	0.0
210	protein1	1121.75	19.35	1.7252502000000003
210	protein2	1131.2	20.55	1.66444535
210	protein3	242.95	5.2	1.6577778000000003
210	rnapol	0.4	0.0	0.0
211	__protein1_rbs	12.35	0.0	0.0
211	__protein2_rbs	13.55	0.0	0.0
211	__protein3_rbs	3.4	0.0	0.0
211	__ribosome	23.75	0.0	0.0
211	__rnase_site_ext	19.55	0.0	0.0
211	p0	0.85	0.0	0.0
211	p1	0.55	0.0	0.0
211	protein1	1128.5	19.3	1.7906036
211	protein2	1139.65	20.55	1.64480875
211	protein3	245.15	5.25	1.64130955
211	rnapol	0.35	0.0	0.0
212	__protein1_rbs	13.3	0.0	0.0
212	__protein2_rbs	13.8	0.0	0.0
212	__protein3_rbs	3.05	0.0	0.0
212	__ribosome	24.6	0.0	0.0
212	__rnase_site_ext	19.35	0.0	0.0
212	p0	0.8	0.0	0.0
212	p1	0.65	0.0	0.0
212	protein1	1136.25	19.35	1.7504429499999996
212	protein2	1147.7	20.7	1.60680975
212	protein3	247.15	5.3	1.6866666
212	rnapol	0.25	0.0	0.0
213	__protein1_rbs	12.95	0.0	0.0
213	__protein2_rbs	14.3	0.0	0.0
213	__protein3_rbs	3.65	0.0	0.0
213	__ribosome	24.05	0.0	0.0
213	__rnase_site_ext	19.4	0.0	0.0
213	p0	0.85	0.0	0.0
213	p1	0.8	0.0	0.0
213	protein1	1143.95	19.2	1.749035
213	protein2	1154.75	20.8	1.61155295
213	protein3	248.65	5.3	1.7710317999999998
213	rnapol	0.25	0.0	0.0
214	__protein1_rbs	12.2	0.0	0.0
214	__protein2_rbs	13.65	0.0	0.0
214	__protein3_rbs	3.75	0.0	0.0
214	__ribosome	24.05	0.0	0.0
214	__rnase_site_ext	19.5	0.0	0.0
214	p0	0.85	0.0	0.0
214	p1	0.7	0.0	0.0
214	protein1	1151.7	19.3	1.7570834500000003
214	protein2	1162.35	20.65	1.6229651000000003
214	protein3	250.8	5.35	1.7277380999999998
214	rnapol	0.4	0.0	0.0
215	__protein1_rbs	12.45	0.0	0.0
215	__protein2_rbs	14.25	0.0	0.0
215	__protein3_rbs	3.2	0.0	0.0
215	__ribosome	23.2	0.0	0.0
215	__rnase_site_ext	19.5	0.0	0.0
215	p0	0.9	0.0	0.0
215	p1	0.5	0.0	0.0
215	protein1	1158.95	19.4	1.7803738999999998
215	protein2	1170.15	20.75	1.5965802999999998
215	protein3	252.7	5.45	1.8127183
215	rnapol	0.4	0.0	0.0
216	__protein1_rbs	13.0	0.0	0.0
216	__protein2_rbs	14.35	0.0	0.0
216	__protein3_rbs	3.65	0.0	0.0
216	__ribosome	22.8	0.0	0.0
216	__rnase_site_ext	19.65	0.0	0.0
216	p0	0.75	0.0	0.0
216	p1	0.75	0.0	0.0
216	protein1	1166.25	19.45	1.7926184000000005
216	protein2	1177.0	20.8	1.6208973999999998
216	protein3	254.95	5.45	1.7311903999999998
216	rnapol	0.3	0.0	0.0
217	__protein1_rbs	13.0	0.0	0.0
217	__protein2_rbs	13.05	0.0	0.0
217	__protein3_rbs	3.5	0.0	0.0
217	__ribosome	22.45	0.0	0.0
217	__rnase_site_ext	19.8	0.0	0.0
217	p0	0.85	0.0	0.0
217	p1	0.7	0.0	0.0
217	protein1	1174.4	19.4	1.7584964000000003
217	protein2	1185.0	20.9	1.6626691999999998
217	protein3	257.35	5.6	1.7196428
217	rnapol	0.45	0.0	0.0
218	__protein1_rbs	12.7	0.0	0.0
218	__protein2_rbs	14.15	0.0	0.0
218	__protein3_rbs	3.85	0.0	0.0
218	__ribosome	22.85	0.0	0.0
218	__rnase_site_ext	19.95	0.0	0.0
218	p0	0.75	0.0	0.0
218	p1	0.8	0.0	0.0
218	protein1	1182.45	19.75	1.6975678499999998
218	protein2	1192.95	20.85	1.6496589
218	protein3	259.2	5.75	1.7153373000000005
218	rnapol	0.5	0.0	0.0
219	__protein1_rbs	13.7	0.0	0.0
219	__protein2_rbs	14.7	0.0	0.0
219	__protein3_rbs	4.05	0.0	0.0
219	__ribosome	23.4	0.0	0.0
219	__rnase_site_ext	20.0	0.0	0.0
219	p0	0.8	0.0	0.0
219	p1	0.55	0.0	0.0
219	protein1	1189.55	19.8	1.6820838500000002
219	protein2	1199.9	20.8	1.6502276500000002
219	protein3	261.6	5.8	1.6270437000000002
219	rnapol	0.3	0.0	0.0
220	__protein1_rbs	13.25	0.0	0.0
220	__protein2_rbs	14.75	0.0	0.0
220	__protein3_rbs	4.2	0.0	0.0
220	__ribosome	24.8	0.0	0.0
220	__rnase_site_ext	20.2	0.0	0.0
220	p0	0.75	0.0	0.0
220	p1	0.75	0.0	0.0
220	protein1	1197.55	19.8	1.6588435499999998
220	protein2	1207.45	20.85	1.6350192
220	protein3	264.05	5.85	1.535258
220	rnapol	0.4	0.0	0.0
221	__protein1_rbs	13.2	0.0	0.0
221	__protein2_rbs	13.6	0.0	0.0
221	__protein3_rbs	3.9	0.0	0.0
221	__ribosome	24.25	0.0	0.0
221	__rnase_site_ext	20.35	0.0	0.0
221	p0	0.75	0.0	0.0
221	p1	0.8	0.0	0.0
221	protein1	1205.1	19.95	1.67076805
221	protein2	1215.65	20.85	1.6312401
221	protein3	265.9	5.75	1.5730951999999998
221	rnapol	0.45	0.0	0.0
222	__protein1_rbs	13.75	0.0	0.0
222	__protein2_rbs	13.35	0.0	0.0
222	__protein3_rbs	4.0	0.0	0.0
222	__ribosome	24.5	0.0	0.0
222	__rnase_site_ext	20.35	0.0	0.0
222	p0	0.8	0.0	0.0
222	p1	0.65	0.0	0.0
222	protein1	1212.25	20.15	1.6558148499999998
222	protein2	1224.4	20.8	1.6040575
222	protein3	268.15	5.8	1.58051595
222	rnapol	0.55	0.0	0.0
223	__protein1_rbs	14.7	0.0	0.0
223	__protein2_rbs	14.45	0.0	0.0
223	__protein3_rbs	3.15	0.0	0.0
223	__ribosome	25.2	0.0	0.0
223	__rnase_site_ext	20.15	0.0	0.0
223	p0	0.65	0.0	0.0
223	p1	0.65	0.0	0.0
223	protein1	1220.4	20.25	1.5638125
223	protein2	1231.15	20.9	1.60611435
223	protein3	270.25	5.65	1.7925793000000003
223	rnapol	0.5	0.0	0.0
224	__protein1_rbs	13.2	0.0	0.0
224	__protein2_rbs	14.3	0.0	0.0
224	__protein3_rbs	4.05	0.0	0.0
224	__ribosome	24.6	0.0	0.0
224	__rnase_site_ext	20.4	0.0	0.0
224	p0	0.8	0.0	0.0
224	p1	0.75	0.0	0.0
224	protein1	1228.05	19.95	1.6059560000000002
224	protein2	1238.1	21.0	1.6265680500000002
224	protein3	272.35	5.75	1.7332342
224	rnapol	0.4	0.0	0.0
225	__protein1_rbs	14.2	0.0	0.0
225	__protein2_rbs	14.0	0.0	0.0
225	__protein3_rbs	3.55	0.0	0.0
225	__ribosome	23.55	0.0	0.0
225	__rnase_site_ext	20.45	0.0	0.0
225	p0	0.8	0.0	0.0
225	p1	0.65	0.0	0.0
225	protein1	1235.15	20.3	1.5590418999999998
225	protein2	1246.2	20.95	1.6540387000000003
225	protein3	274.2	5.75	1.8414683
225	rnapol	0.45	0.0	0.0
226	__protein1_rbs	13.05	0.0	0.0
226	__protein2_rbs	14.1	0.0	0.0
226	__protein3_rbs	4.1	0.0	0.0
226	__ribosome	23.0	0.0	0.0
226	__rnase_site_ext	20.55	0.0	0.0
226	p0	0.85	0.0	0.0
226	p1	0.7	0.0	0.0
226	protein1	1242.55	20.2	1.6260651999999998
226	protein2	1254.0	21.1	1.6460158500000002
226	protein3	276.8	5.75	1.77430555
226	rnapol	0.25	0.0	0.0
227	__protein1_rbs	13.45	0.0	0.0
227	__protein2_rbs	14.5	0.0	0.0
227	__protein3_rbs	3.8	0.0	0.0
227	__ribosome	23.6	0.0	0.0
227	__rnase_site_ext	20.55	0.0	0.0
227	p0	0.85	0.0	0.0
227	p1	0.5	0.0	0.0
227	protein1	1249.7	20.45	1.6469101000000002
227	protein2	1262.35	21.0	1.6142497000000002
227	protein3	279.35	5.7	1.7110119
227	rnapol	0.15	0.0	0.0
228	__protein1_rbs	13.55	0.0	0.0
228	__protein2_rbs	14.55	0.0	0.0
228	__protein3_rbs	4.05	0.0	0.0
228	__ribosome	23.35	0.0	0.0
228	__rnase_site_ext	20.55	0.0	0.0
228	p0	0.85	0.0	0.0
228	p1	0.7	0.0	0.0
228	protein1	1257.25	20.35	1.66217
228	protein2	1269.65	21.05	1.6049287500000002
228	protein3	281.35	5.7	1.7119048000000003
228	rnapol	0.25	0.0	0.0
229	__protein1_rbs	13.55	0.0	0.0
229	__protein2_rbs	14.05	0.0	0.0
229	__protein3_rbs	3.65	0.0	0.0
229	__ribosome	22.85	0.0	0.0
229	__rnase_site_ext	20.5	0.0	0.0
229	p0	0.85	0.0	0.0
229	p1	0.55	0.0	0.0
229	protein1	1264.3	20.4	1.7098316000000002
229	protein2	1277.6	21.3	1.590928
229	protein3	284.15	5.8	1.6197024
229	rnapol	0.35	0.0	0.0
230	__protein1_rbs	13.85	0.0	0.0
230	__protein2_rbs	14.5	0.0	0.0
230	__protein3_rbs	3.95	0.0	0.0
230	__ribosome	22.7	0.0	0.0
230	__rnase_site_ext	20.65	0.0	0.0
230	p0	0.85	0.0	0.0
230	p1	0.65	0.0	0.0
230	protein1	1272.15	20.35	1.7055402000000002
230	protein2	1285.15	21.5	1.5884104
230	protein3	286.25	5.7	1.6499404999999998
230	rnapol	0.35	0.0	0.0
231	__protein1_rbs	13.6	0.0	0.0
231	__protein2_rbs	14.2	0.0	0.0
231	__protein3_rbs	4.0	0.0	0.0
231	__ribosome	22.85	0.0	0.0
231	__rnase_site_ext	20.65	0.0	0.0
231	p0	0.85	0.0	0.0
231	p1	0.55	0.0	0.0
231	protein1	1280.2	20.45	1.7080269
231	protein2	1293.55	21.6	1.56431855
231	protein3	288.3	5.65	1.6759126499999997
231	rnapol	0.3	0.0	0.0
232	__protein1_rbs	13.75	0.0	0.0
232	__protein2_rbs	14.8	0.0	0.0
232	__protein3_rbs	3.85	0.0	0.0
232	__ribosome	23.05	0.0	0.0
232	__rnase_site_ext	20.85	0.0	0.0
232	p0	0.9	0.0	0.0
232	p1	0.55	0.0	0.0
232	protein1	1288.5	20.55	1.6518099999999998
232	protein2	1300.35	21.75	1.60171765
232	protein3	290.55	5.65	1.6206546999999998
232	rnapol	0.35	0.0	0.0
233	__protein1_rbs	14.05	0.0	0.0
233	__protein2_rbs	14.65	0.0	0.0
233	__protein3_rbs	4.1	0.0	0.0
233	__ribosome	22.3	0.0	0.0
233	__rnase_site_ext	20.7	0.0	0.0
233	p0	0.6	0.0	0.0
233	p1	0.7	0.0	0.0
233	protein1	1296.0	20.7	1.6540951499999998
233	protein2	1308.45	22.0	1.6099351499999996
233	protein3	292.3	5.6	1.6023809999999998
233	rnapol	0.2	0.0	0.0
234	__protein1_rbs	13.45	0.0	0.0
234	__protein2_rbs	16.25	0.0	0.0
234	__protein3_rbs	3.7	0.0	0.0
234	__ribosome	22.9	0.0	0.0
234	__rnase_site_ext	20.75	0.0	0.0
234	p0	0.85	0.0	0.0
234	p1	0.6	0.0	0.0
234	protein1	1303.25	20.6	1.69680245
234	protein2	1316.15	22.1	1.5780307999999998
234	protein3	294.7	5.6	1.4860119500000004
234	rnapol	0.25	0.0	0.0
235	__protein1_rbs	13.5	0.0	0.0
235	__protein2_rbs	14.3	0.0	0.0
235	__protein3_rbs	3.95	0.0	0.0
235	__ribosome	21.85	0.0	0.0
235	__rnase_site_ext	20.75	0.0	0.0
235	p0	0.7	0.0	0.0
235	p1	0.8	0.0	0.0
235	protein1	1311.6	20.6	1.6915633
235	protein2	1324.5	22.05	1.6322829
235	protein3	296.75	5.6	1.4482738000000002
235	rnapol	0.2	0.0	0.0
236	__protein1_rbs	14.7	0.0	0.0
236	__protein2_rbs	15.5	0.0	0.0
236	__protein3_rbs	3.85	0.0	0.0
236	__ribosome	22.35	0.0	0.0
236	__rnase_site_ext	20.8	0.0	0.0
236	p0	0.85	0.0	0.0
236	p1	0.7	0.0	0.0
236	protein1	1319.55	20.7	1.6155623
236	protein2	1331.95	22.2	1.64854455
236	protein3	298.85	5.75	1.4294427
236	rnapol	0.35	0.0	0.0
237	__protein1_rbs	12.85	0.0	0.0
237	__protein2_rbs	15.3	0.0	0.0
237	__protein3_rbs	4.45	0.0	0.0
237	__ribosome	21.75	0.0	0.0
237	__rnase_site_ext	20.65	0.0	0.0
237	p0	0.8	0.0	0.0
237	p1	0.65	0.0	0.0
237	protein1	1327.2	20.7	1.6834021499999998
237	protein2	1340.7	21.9	1.6295501499999996
237	protein3	300.4	5.75	1.4592857
237	rnapol	0.25	0.0	0.0
238	__protein1_rbs	13.65	0.0	0.0
238	__protein2_rbs	14.95	0.0	0.0
238	__protein3_rbs	4.55	0.0	0.0
238	__ribosome	22.9	0.0	0.0
238	__rnase_site_ext	20.75	0.0	0.0
238	p0	0.75	0.0	0.0
238	p1	0.7	0.0	0.0
238	protein1	1335.3	20.6	1.66043765
238	protein2	1348.95	21.95	1.6053412999999996
238	protein3	302.35	5.8	1.4032739000000003
238	rnapol	0.25	0.0	0.0
239	__protein1_rbs	14.4	0.0	0.0
239	__protein2_rbs	14.55	0.0	0.0
239	__protein3_rbs	4.5	0.0	0.0
239	__ribosome	23.5	0.0	0.0
239	__rnase_site_ext	20.75	0.0	0.0
239	p0	0.75	0.0	0.0
239	p1	0.6	0.0	0.0
239	protein1	1342.7	20.7	1.66538535
239	protein2	1357.55	21.85	1.5961141499999998
239	protein3	304.45	5.9	1.3236905
239	rnapol	0.3	0.0	0.0
240	__protein1_rbs	14.0	0.0	0.0
240	__protein2_rbs	14.6	0.0	0.0
240	__protein3_rbs	3.25	0.0	0.0
240	__ribosome	22.65	0.0	0.0
240	__rnase_site_ext	20.75	0.0	0.0
240	p0	0.8	0.0	0.0
240	p1	0.55	0.0	0.0
240	protein1	1350.75	20.75	1.6574679
240	protein2	1365.65	21.75	1.6162885000000002
240	protein3	306.5	5.95	1.4337500499999998
240	rnapol	0.5	0.0	0.0
241	__protein1_rbs	13.3	0.0	0.0
241	__protein2_rbs	14.8	0.0	0.0
241	__protein3_rbs	4.45	0.0	0.0
241	__ribosome	22.6	0.0	0.0
241	__rnase_site_ext	20.85	0.0	0.0
241	p0	0.85	0.0	0.0
241	p1	0.6	0.0	0.0
241	protein1	1358.9	20.55	1.6729795999999997
241	protein2	1373.4	22.1	1.5977472000000004
241	protein3	308.3	5.95	1.4079762500000004
241	rnapol	0.4	0.0	0.0
242	__protein1_rbs	13.45	0.0	0.0
242	__protein2_rbs	16.05	0.0	0.0
242	__protein3_rbs	3.55	0.0	0.0
242	__ribosome	22.35	0.0	0.0
242	__rnase_site_ext	20.8	0.0	0.0
242	p0	0.85	0.0	0.0
242	p1	0.7	0.0	0.0
242	protein1	1366.7	20.6	1.6809553999999998
242	protein2	1381.65	22.25	1.55962005
242	protein3	310.05	5.95	1.56839285
242	rnapol	0.4	0.0	0.0
243	__protein1_rbs	13.55	0.0	0.0
243	__protein2_rbs	14.95	0.0	0.0
243	__protein3_rbs	4.35	0.0	0.0
243	__ribosome	21.2	0.0	0.0
243	__rnase_site_ext	20.9	0.0	0.0
243	p0	0.6	0.0	0.0
243	p1	0.8	0.0	0.0
243	protein1	1374.25	20.75	1.6821264999999999
243	protein2	1389.1	22.4	1.5846922
243	protein3	311.9	5.9	1.5712499000000002
243	rnapol	0.1	0.0	0.0
244	__protein1_rbs	13.85	0.0	0.0
244	__protein2_rbs	15.45	0.0	0.0
244	__protein3_rbs	3.75	0.0	0.0
244	__ribosome	22.4	0.0	0.0
244	__rnase_site_ext	21.05	0.0	0.0
244	p0	0.85	0.0	0.0
244	p1	0.6	0.0	0.0
244	protein1	1383.15	20.65	1.6262515
244	protein2	1398.0	22.3	1.55691715
244	protein3	314.1	5.9	1.6841829500000003
244	rnapol	0.35	0.0	0.0
245	__protein1_rbs	14.75	0.0	0.0
245	__protein2_rbs	15.35	0.0	0.0
245	__protein3_rbs	4.65	0.0	0.0
245	__ribosome	23.05	0.0	0.0
245	__rnase_site_ext	21.15	0.0	0.0
245	p0	0.9	0.0	0.0
245	p1	0.6	0.0	0.0
245	protein1	1389.8	20.9	1.6263291000000002
245	protein2	1405.9	22.3	1.5348897
245	protein3	316.4	5.95	1.58868705
245	rnapol	0.4	0.0	0.0
246	__protein1_rbs	13.75	0.0	0.0
246	__protein2_rbs	15.4	0.0	0.0
246	__protein3_rbs	4.4	0.0	0.0
246	__ribosome	22.5	0.0	0.0
246	__rnase_site_ext	20.9	0.0	0.0
246	p0	0.75	0.0	0.0
246	p1	0.65	0.0	0.0
246	protein1	1398.45	20.95	1.6057647999999998
246	protein2	1413.75	22.5	1.5651452499999996
246	protein3	318.75	6.0	1.5943146
246	rnapol	0.45	0.0	0.0
247	__protein1_rbs	14.55	0.0	0.0
247	__protein2_rbs	15.35	0.0	0.0
247	__protein3_rbs	4.15	0.0	0.0
247	__ribosome	21.4	0.0	0.0
247	__rnase_site_ext	20.95	0.0	0.0
247	p0	0.9	0.0	0.0
247	p1	0.7	0.0	0.0
247	protein1	1406.0	20.8	1.6099717000000002
247	protein2	1421.0	22.4	1.6375242500000002
247	protein3	321.1	6.05	1.5486652499999998
247	rnapol	0.3	0.0	0.0
248	__protein1_rbs	13.4	0.0	0.0
248	__protein2_rbs	14.9	0.0	0.0
248	__protein3_rbs	4.4	0.0	0.0
248	__ribosome	21.95	0.0	0.0
248	__rnase_site_ext	20.95	0.0	0.0
248	p0	0.9	0.0	0.0
248	p1	0.6	0.0	0.0
248	protein1	1414.15	20.8	1.61925445
248	protein2	1429.85	22.4	1.6140814
248	protein3	323.25	6.15	1.4823160000000002
248	rnapol	0.35	0.0	0.0
249	__protein1_rbs	14.9	0.0	0.0
249	__protein2_rbs	14.75	0.0	0.0
249	__protein3_rbs	4.3	0.0	0.0
249	__ribosome	22.1	0.0	0.0
249	__rnase_site_ext	20.9	0.0	0.0
249	p0	0.75	0.0	0.0
249	p1	0.75	0.0	0.0
249	protein1	1421.8	20.8	1.59589195
249	protein2	1437.95	22.3	1.6358248
249	protein3	325.35	6.15	1.5120996000000002
249	rnapol	0.1	0.0	0.0
250	__protein1_rbs	13.4	0.0	0.0
250	__protein2_rbs	14.65	0.0	0.0
250	__protein3_rbs	4.05	0.0	0.0
250	__ribosome	20.95	0.0	0.0
250	__rnase_site_ext	19.8	0.0	0.0
250	p0	0.7	0.0	0.0
250	p1	0.6	0.0	0.0
250	protein1	1359.9	19.9	1.5482383
250	protein2	1376.25	21.45	1.5379733499999997
250	protein3	307.0	5.55	1.36636905
250	rnapol	0.3	0.0	0.0
