time	species	protein	transcript	ribo_density
0	__protein1_rbs	0.0	0.0	0.0
0	__protein2_rbs	0.0	0.0	0.0
0	__protein3_rbs	0.0	0.0	0.0
0	__ribosome	100.0	0.0	0.0
0	__rnase_site_ext	0.0	0.0	0.0
0	p0	1.0	0.0	0.0
0	p2	1.0	0.0	0.0
0	rnapol	4.0	0.0	0.0
1	__protein1_rbs	0.0	0.0	0.0
1	__protein2_rbs	0.0	0.0	0.0
1	__protein3_rbs	0.0	0.0	0.0
1	__ribosome	75.0	0.0	0.0
1	__rnase_site_ext	0.35	0.0	0.0
1	p0	0.15	0.0	0.0
1	p2	0.7	0.0	0.0
1	rnapol	2.25	0.0	0.0
2	__protein1_rbs	0.15	0.0	0.0
2	__protein2_rbs	0.0	0.0	0.0
2	__protein3_rbs	0.0	0.0	0.0
2	__ribosome	104.9	0.0	0.0
2	__rnase_site_ext	0.9	0.0	0.0
2	p0	0.4	0.0	0.0
2	p2	1.05	0.0	0.0
2	protein1	0.0	0.25	0.1
2	rnapol	3.0	0.0	0.0
3	__protein1_rbs	0.1	0.0	0.0
3	__protein2_rbs	0.0	0.0	0.0
3	__protein3_rbs	0.0	0.0	0.0
3	__ribosome	119.4	0.0	0.0
3	__rnase_site_ext	1.55	0.0	0.0
3	p0	0.4	0.0	0.0
3	p2	1.2	0.0	0.0
3	protein1	0.0	0.7	0.575
3	rnapol	2.95	0.0	0.0
4	__protein1_rbs	0.3	0.0	0.0
4	__protein2_rbs	0.0	0.0	0.0
4	__protein3_rbs	0.0	0.0	0.0
4	__ribosome	98.8	0.0	0.0
4	__rnase_site_ext	2.1	0.0	0.0
4	p0	0.65	0.0	0.0
4	p2	1.0	0.0	0.0
4	protein1	0.0	1.0	inf
4	rnapol	1.9	0.0	0.0
5	__protein1_rbs	0.5	0.0	0.0
5	__protein2_rbs	0.0	0.0	0.0
5	__protein3_rbs	0.0	0.0	0.0
5	__ribosome	97.45	0.0	0.0
5	__rnase_site_ext	2.45	0.0	0.0
5	p0	0.7	0.0	0.0
5	p2	1.0	0.0	0.0
5	protein1	0.0	1.85	1.29166665
5	rnapol	1.5	0.0	0.0
6	__protein1_rbs	0.9	0.0	0.0
6	__protein2_rbs	0.0	0.0	0.0
6	__protein3_rbs	0.0	0.0	0.0
6	__ribosome	96.25	0.0	0.0
6	__rnase_site_ext	2.9	0.0	0.0
6	p0	0.7	0.0	0.0
6	p2	1.0	0.0	0.0
6	protein1	0.0	2.1	1.7916667000000002
6	rnapol	1.15	0.0	0.0
7	__protein1_rbs	0.85	0.0	0.0
7	__protein2_rbs	0.0	0.0	0.0
7	__protein3_rbs	0.0	0.0	0.0
7	__ribosome	94.8	0.0	0.0
7	__rnase_site_ext	3.25	0.0	0.0
7	p0	0.9	0.0	0.0
7	p2	1.0	0.0	0.0
7	protein1	0.1	2.6	2.0416667
7	rnapol	0.85	0.0	0.0
8	__protein1_rbs	0.9	0.0	0.0
8	__protein2_rbs	0.0	0.0	0.0
8	__protein3_rbs	0.0	0.0	0.0
8	__ribosome	93.1	0.0	0.0
8	__rnase_site_ext	3.35	0.0	0.0
8	p0	0.85	0.0	0.0
8	p2	1.0	0.0	0.0
8	protein1	0.4	2.95	2.375
8	rnapol	0.65	0.0	0.0
9	__protein1_rbs	0.85	0.0	0.0
9	__protein2_rbs	0.0	0.0	0.0
9	__protein3_rbs	0.0	0.0	0.0
9	__ribosome	91.75	0.0	0.0
9	__rnase_site_ext	3.45	0.0	0.0
9	p0	0.9	0.0	0.0
9	p2	1.0	0.0	0.0
9	protein1	1.2	3.1	2.72916665
9	rnapol	0.5	0.0	0.0
10	__protein1_rbs	0.95	0.0	0.0
10	__protein2_rbs	0.4	0.0	0.0
10	__protein3_rbs	0.0	0.0	0.0
10	__ribosome	90.55	0.0	0.0
10	__rnase_site_ext	3.6	0.0	0.0
10	p0	0.9	0.0	0.0
10	p2	1.0	0.0	0.0
10	protein1	2.25	3.2	3.00416665
10	protein2	0.0	0.55	0.15
10	rnapol	0.4	0.0	0.0
11	__protein1_rbs	1.2	0.0	0.0
11	__protein2_rbs	0.35	0.0	0.0
11	__protein3_rbs	0.0	0.0	0.0
11	__ribosome	89.0	0.0	0.0
11	__rnase_site_ext	3.75	0.0	0.0
11	p0	0.75	0.0	0.0
11	p2	1.0	0.0	0.0
11	protein1	3.45	3.3	3.1666666
11	protein2	0.0	0.95	0.675
11	rnapol	0.15	0.0	0.0
12	__protein1_rbs	1.2	0.0	0.0
12	__protein2_rbs	0.9	0.0	0.0
12	__protein3_rbs	0.0	0.0	0.0
12	__ribosome	88.1	0.0	0.0
12	__rnase_site_ext	3.75	0.0	0.0
12	p0	0.95	0.0	0.0
12	p2	1.0	0.0	0.0
12	protein1	5.05	3.45	3.13333335
12	protein2	0.0	1.5	0.775
12	rnapol	0.1	0.0	0.0
13	__protein1_rbs	1.05	0.0	0.0
13	__protein2_rbs	0.55	0.0	0.0
13	__protein3_rbs	0.0	0.0	0.0
13	__ribosome	86.25	0.0	0.0
13	__rnase_site_ext	3.75	0.0	0.0
13	p0	1.0	0.0	0.0
13	p2	1.0	0.0	0.0
13	protein1	7.0	3.55	3.14166665
13	protein2	0.0	1.95	1.43333335
13	rnapol	0.1	0.0	0.0
14	__protein1_rbs	1.35	0.0	0.0
14	__protein2_rbs	0.95	0.0	0.0
14	__protein3_rbs	0.0	0.0	0.0
14	__ribosome	85.05	0.0	0.0
14	__rnase_site_ext	3.85	0.0	0.0
14	p0	0.95	0.0	0.0
14	p2	0.95	0.0	0.0
14	protein1	9.1	3.5	3.1666666
14	protein2	0.05	2.35	1.7750000499999998
14	rnapol	0.0	0.0	0.0
15	__protein1_rbs	1.05	0.0	0.0
15	__protein2_rbs	1.05	0.0	0.0
15	__protein3_rbs	0.0	0.0	0.0
15	__ribosome	83.4	0.0	0.0
15	__rnase_site_ext	3.85	0.0	0.0
15	p0	1.0	0.0	0.0
15	p2	0.55	0.0	0.0
15	protein1	11.1	3.55	3.2041667000000005
15	protein2	0.15	2.65	2.03333335
15	rnapol	0.0	0.0	0.0
16	__protein1_rbs	1.45	0.0	0.0
16	__protein2_rbs	1.15	0.0	0.0
16	__protein3_rbs	0.0	0.0	0.0
16	__ribosome	82.2	0.0	0.0
16	__rnase_site_ext	3.9	0.0	0.0
16	p0	0.9	0.0	0.0
16	p2	0.45	0.0	0.0
16	protein1	13.2	3.6	3.10833335
16	protein2	0.65	3.15	2.1458333
16	rnapol	0.2	0.0	0.0
17	__protein1_rbs	1.25	0.0	0.0
17	__protein2_rbs	1.2	0.0	0.0
17	__protein3_rbs	0.0	0.0	0.0
17	__ribosome	80.65	0.0	0.0
17	__rnase_site_ext	4.05	0.0	0.0
17	p0	0.85	0.0	0.0
17	p2	0.45	0.0	0.0
17	protein1	15.4	3.6	3.1125
17	protein2	1.25	3.35	2.46250005
17	rnapol	0.35	0.0	0.0
18	__protein1_rbs	1.55	0.0	0.0
18	__protein2_rbs	0.95	0.0	0.0
18	__protein3_rbs	0.0	0.0	0.0
18	__ribosome	79.75	0.0	0.0
18	__rnase_site_ext	4.1	0.0	0.0
18	p0	0.95	0.0	0.0
18	p2	0.45	0.0	0.0
18	protein1	17.7	3.75	3.02083335
18	protein2	2.6	3.4	2.6708333000000004
18	protein3	0.0	0.05	0.1
18	rnapol	0.8	0.0	0.0
19	__protein1_rbs	1.3	0.0	0.0
19	__protein2_rbs	1.4	0.0	0.0
19	__protein3_rbs	0.1	0.0	0.0
19	__ribosome	78.35	0.0	0.0
19	__rnase_site_ext	4.15	0.0	0.0
19	p0	0.7	0.0	0.0
19	p2	0.4	0.0	0.0
19	protein1	19.6	3.85	3.06416665
19	protein2	3.75	3.5	2.89583335
19	protein3	0.0	0.15	0.1
19	rnapol	0.75	0.0	0.0
20	__protein1_rbs	1.55	0.0	0.0
20	__protein2_rbs	1.4	0.0	0.0
20	__protein3_rbs	0.1	0.0	0.0
20	__ribosome	77.4	0.0	0.0
20	__rnase_site_ext	4.55	0.0	0.0
20	p0	0.7	0.0	0.0
20	p2	0.6	0.0	0.0
20	protein1	21.7	3.85	3.13666665
20	protein2	5.25	3.6	2.9583333
20	protein3	0.0	0.3	0.3
20	rnapol	0.85	0.0	0.0
21	__protein1_rbs	1.7	0.0	0.0
21	__protein2_rbs	1.6	0.0	0.0
21	__protein3_rbs	0.15	0.0	0.0
21	__ribosome	76.85	0.0	0.0
21	__rnase_site_ext	4.8	0.0	0.0
21	p0	0.8	0.0	0.0
21	p2	0.45	0.0	0.0
21	protein1	24.15	4.15	2.8775000000000004
21	protein2	6.85	3.8	2.89166665
21	protein3	0.0	0.35	0.5
21	rnapol	0.95	0.0	0.0
22	__protein1_rbs	2.05	0.0	0.0
22	__protein2_rbs	1.4	0.0	0.0
22	__protein3_rbs	0.2	0.0	0.0
22	__ribosome	76.45	0.0	0.0
22	__rnase_site_ext	4.9	0.0	0.0
22	p0	0.7	0.0	0.0
22	p2	0.75	0.0	0.0
22	protein1	26.25	4.55	2.6866666500000003
22	protein2	9.2	3.8	2.8916667
22	protein3	0.05	0.4	0.625
22	rnapol	1.05	0.0	0.0
23	__protein1_rbs	1.45	0.0	0.0
23	__protein2_rbs	1.65	0.0	0.0
23	__protein3_rbs	0.15	0.0	0.0
23	__ribosome	74.8	0.0	0.0
23	__rnase_site_ext	5.1	0.0	0.0
23	p0	0.6	0.0	0.0
23	p2	0.9	0.0	0.0
23	protein1	28.45	4.75	2.78821435
23	protein2	11.05	3.85	2.94166665
23	protein3	0.05	0.45	0.85
23	rnapol	0.8	0.0	0.0
24	__protein1_rbs	1.6	0.0	0.0
24	__protein2_rbs	1.65	0.0	0.0
24	__protein3_rbs	0.15	0.0	0.0
24	__ribosome	73.85	0.0	0.0
24	__rnase_site_ext	5.45	0.0	0.0
24	p0	0.8	0.0	0.0
24	p2	0.7	0.0	0.0
24	protein1	30.85	4.85	2.8266667
24	protein2	13.05	3.85	2.97916665
24	protein3	0.1	0.55	1.05
24	rnapol	0.65	0.0	0.0
25	__protein1_rbs	1.8	0.0	0.0
25	__protein2_rbs	1.35	0.0	0.0
25	__protein3_rbs	0.6	0.0	0.0
25	__ribosome	73.1	0.0	0.0
25	__rnase_site_ext	5.4	0.0	0.0
25	p0	0.85	0.0	0.0
25	p2	0.9	0.0	0.0
25	protein1	33.3	5.15	2.76999995
25	protein2	15.5	3.95	2.945
25	protein3	0.25	0.75	0.975
25	rnapol	0.7	0.0	0.0
26	__protein1_rbs	2.05	0.0	0.0
26	__protein2_rbs	1.75	0.0	0.0
26	__protein3_rbs	0.2	0.0	0.0
26	__ribosome	71.35	0.0	0.0
26	__rnase_site_ext	5.45	0.0	0.0
26	p0	0.9	0.0	0.0
26	p2	0.8	0.0	0.0
26	protein1	35.7	5.35	2.7749405000000005
26	protein2	17.1	4.0	3.05416665
26	protein3	0.35	0.75	1.275
26	rnapol	0.85	0.0	0.0
27	__protein1_rbs	2.15	0.0	0.0
27	__protein2_rbs	1.65	0.0	0.0
27	__protein3_rbs	0.3	0.0	0.0
27	__ribosome	70.55	0.0	0.0
27	__rnase_site_ext	5.65	0.0	0.0
27	p0	0.75	0.0	0.0
27	p2	1.0	0.0	0.0
27	protein1	37.75	5.3	3.04303575
27	protein2	19.85	4.05	2.9983333
27	protein3	0.75	0.8	1.275
27	rnapol	0.85	0.0	0.0
28	__protein1_rbs	2.45	0.0	0.0
28	__protein2_rbs	1.35	0.0	0.0
28	__protein3_rbs	0.35	0.0	0.0
28	__ribosome	69.7	0.0	0.0
28	__rnase_site_ext	5.65	0.0	0.0
28	p0	0.85	0.0	0.0
28	p2	0.95	0.0	0.0
28	protein1	40.85	5.55	2.8239881000000002
28	protein2	21.95	4.3	2.9525
28	protein3	0.85	0.9	1.65
28	rnapol	0.7	0.0	0.0
29	__protein1_rbs	1.7	0.0	0.0
29	__protein2_rbs	1.95	0.0	0.0
29	__protein3_rbs	0.4	0.0	0.0
29	__ribosome	68.8	0.0	0.0
29	__rnase_site_ext	5.75	0.0	0.0
29	p0	0.8	0.0	0.0
29	p2	0.95	0.0	0.0
29	protein1	43.5	5.45	3.04636905
29	protein2	24.05	4.45	2.8358333
29	protein3	1.25	0.9	1.675
29	rnapol	0.65	0.0	0.0
30	__protein1_rbs	2.3	0.0	0.0
30	__protein2_rbs	1.8	0.0	0.0
30	__protein3_rbs	0.3	0.0	0.0
30	__ribosome	68.3	0.0	0.0
30	__rnase_site_ext	5.85	0.0	0.0
30	p0	0.95	0.0	0.0
30	p2	0.85	0.0	0.0
30	protein1	46.55	5.55	3.04827385
30	protein2	26.65	4.7	2.67
30	protein3	1.5	0.9	1.9
30	rnapol	0.65	0.0	0.0
31	__protein1_rbs	2.35	0.0	0.0
31	__protein2_rbs	2.35	0.0	0.0
31	__protein3_rbs	0.4	0.0	0.0
31	__ribosome	68.15	0.0	0.0
31	__rnase_site_ext	5.95	0.0	0.0
31	p0	0.85	0.0	0.0
31	p2	0.95	0.0	0.0
31	protein1	49.6	5.7	2.9714286000000003
31	protein2	29.2	5.05	2.52107145
31	protein3	2.05	0.9	1.95
31	rnapol	0.7	0.0	0.0
32	__protein1_rbs	2.45	0.0	0.0
32	__protein2_rbs	2.1	0.0	0.0
32	__protein3_rbs	0.35	0.0	0.0
32	__ribosome	67.25	0.0	0.0
32	__rnase_site_ext	6.2	0.0	0.0
32	p0	0.7	0.0	0.0
32	p2	0.95	0.0	0.0
32	protein1	53.15	5.8	2.8750000000000004
32	protein2	31.5	5.25	2.6030952000000003
32	protein3	2.4	0.95	1.9
32	rnapol	0.45	0.0	0.0
33	__protein1_rbs	2.3	0.0	0.0
33	__protein2_rbs	2.7	0.0	0.0
33	__protein3_rbs	0.35	0.0	0.0
33	__ribosome	66.05	0.0	0.0
33	__rnase_site_ext	6.2	0.0	0.0
33	p0	0.85	0.0	0.0
33	p2	0.8	0.0	0.0
33	protein1	56.1	5.95	2.8699999500000004
33	protein2	33.75	5.55	2.57404755
33	protein3	2.85	0.95	2.1
33	rnapol	0.5	0.0	0.0
34	__protein1_rbs	2.3	0.0	0.0
34	__protein2_rbs	2.85	0.0	0.0
34	__protein3_rbs	0.35	0.0	0.0
34	__ribosome	65.0	0.0	0.0
34	__rnase_site_ext	6.4	0.0	0.0
34	p0	0.85	0.0	0.0
34	p2	0.45	0.0	0.0
34	protein1	59.55	6.05	2.84339285
34	protein2	36.0	5.65	2.6704166500000004
34	protein3	3.45	1.0	2.15
34	rnapol	0.5	0.0	0.0
35	__protein1_rbs	2.6	0.0	0.0
35	__protein2_rbs	2.3	0.0	0.0
35	__protein3_rbs	0.55	0.0	0.0
35	__ribosome	64.45	0.0	0.0
35	__rnase_site_ext	6.6	0.0	0.0
35	p0	0.8	0.0	0.0
35	p2	0.8	0.0	0.0
35	protein1	62.65	6.3	2.7930952499999995
35	protein2	38.95	5.75	2.7264881
35	protein3	4.0	1.0	2.0
35	rnapol	0.65	0.0	0.0
36	__protein1_rbs	2.75	0.0	0.0
36	__protein2_rbs	3.0	0.0	0.0
36	__protein3_rbs	0.2	0.0	0.0
36	__ribosome	63.35	0.0	0.0
36	__rnase_site_ext	6.8	0.0	0.0
36	p0	0.9	0.0	0.0
36	p2	0.55	0.0	0.0
36	protein1	65.95	6.3	2.8076785
36	protein2	41.35	5.95	2.68636895
36	protein3	4.3	0.95	2.575
36	rnapol	0.55	0.0	0.0
37	__protein1_rbs	2.65	0.0	0.0
37	__protein2_rbs	2.2	0.0	0.0
37	__protein3_rbs	0.45	0.0	0.0
37	__ribosome	62.45	0.0	0.0
37	__rnase_site_ext	6.75	0.0	0.0
37	p0	0.85	0.0	0.0
37	p2	0.8	0.0	0.0
37	protein1	69.2	6.6	2.73982145
37	protein2	44.55	6.2	2.6756548
37	protein3	4.95	1.05	2.375
37	rnapol	0.8	0.0	0.0
38	__protein1_rbs	2.9	0.0	0.0
38	__protein2_rbs	2.95	0.0	0.0
38	__protein3_rbs	0.5	0.0	0.0
38	__ribosome	62.1	0.0	0.0
38	__rnase_site_ext	6.8	0.0	0.0
38	p0	0.9	0.0	0.0
38	p2	0.7	0.0	0.0
38	protein1	72.9	6.7	2.7110119500000005
38	protein2	47.4	6.4	2.65964285
38	protein3	5.65	1.15	2.2
38	rnapol	0.8	0.0	0.0
39	__protein1_rbs	2.9	0.0	0.0
39	__protein2_rbs	2.65	0.0	0.0
39	__protein3_rbs	0.55	0.0	0.0
39	__ribosome	61.3	0.0	0.0
39	__rnase_site_ext	6.95	0.0	0.0
39	p0	0.9	0.0	0.0
39	p2	0.8	0.0	0.0
39	protein1	75.9	6.7	2.88263885
39	protein2	50.5	6.3	2.7529762000000004
39	protein3	6.25	1.2	2.05833335
39	rnapol	0.95	0.0	0.0
40	__protein1_rbs	2.65	0.0	0.0
40	__protein2_rbs	3.2	0.0	0.0
40	__protein3_rbs	0.5	0.0	0.0
40	__ribosome	60.55	0.0	0.0
40	__rnase_site_ext	7.05	0.0	0.0
40	p0	0.85	0.0	0.0
40	p2	0.9	0.0	0.0
40	protein1	79.35	6.75	2.8706348000000004
40	protein2	53.8	6.4	2.7039881
40	protein3	6.55	1.25	2.425
40	rnapol	0.9	0.0	0.0
41	__protein1_rbs	3.45	0.0	0.0
41	__protein2_rbs	2.5	0.0	0.0
41	__protein3_rbs	0.55	0.0	0.0
41	__ribosome	60.05	0.0	0.0
41	__rnase_site_ext	7.1	0.0	0.0
41	p0	0.9	0.0	0.0
41	p2	0.8	0.0	0.0
41	protein1	82.95	6.9	2.73057535
41	protein2	57.05	6.6	2.74726195
41	protein3	7.35	1.25	2.19166665
41	rnapol	0.8	0.0	0.0
42	__protein1_rbs	3.05	0.0	0.0
42	__protein2_rbs	3.4	0.0	0.0
42	__protein3_rbs	0.5	0.0	0.0
42	__ribosome	60.1	0.0	0.0
42	__rnase_site_ext	7.4	0.0	0.0
42	p0	0.65	0.0	0.0
42	p2	0.7	0.0	0.0
42	protein1	86.9	7.0	2.7936797
42	protein2	60.3	6.75	2.65625
42	protein3	8.05	1.3	2.28333335
42	rnapol	0.7	0.0	0.0
43	__protein1_rbs	3.55	0.0	0.0
43	__protein2_rbs	3.4	0.0	0.0
43	__protein3_rbs	0.8	0.0	0.0
43	__ribosome	59.9	0.0	0.0
43	__rnase_site_ext	7.45	0.0	0.0
43	p0	0.95	0.0	0.0
43	p2	0.75	0.0	0.0
43	protein1	90.45	7.2	2.65761905
43	protein2	63.65	6.85	2.6406548000000005
43	protein3	8.55	1.25	inf
43	rnapol	0.9	0.0	0.0
44	__protein1_rbs	3.2	0.0	0.0
44	__protein2_rbs	2.55	0.0	0.0
44	__protein3_rbs	0.45	0.0	0.0
44	__ribosome	59.0	0.0	0.0
44	__rnase_site_ext	7.55	0.0	0.0
44	p0	0.9	0.0	0.0
44	p2	0.95	0.0	0.0
44	protein1	94.05	7.45	2.5949044500000005
44	protein2	67.5	6.7	2.75625005
44	protein3	9.15	1.3	inf
44	rnapol	1.05	0.0	0.0
45	__protein1_rbs	3.55	0.0	0.0
45	__protein2_rbs	3.45	0.0	0.0
45	__protein3_rbs	0.4	0.0	0.0
45	__ribosome	57.95	0.0	0.0
45	__rnase_site_ext	7.7	0.0	0.0
45	p0	0.85	0.0	0.0
45	p2	0.75	0.0	0.0
45	protein1	97.45	7.45	2.69036075
45	protein2	70.7	7.0	2.70125
45	protein3	9.8	1.3	inf
45	rnapol	0.85	0.0	0.0
46	__protein1_rbs	4.05	0.0	0.0
46	__protein2_rbs	3.55	0.0	0.0
46	__protein3_rbs	0.75	0.0	0.0
46	__ribosome	57.95	0.0	0.0
46	__rnase_site_ext	7.7	0.0	0.0
46	p0	0.9	0.0	0.0
46	p2	0.85	0.0	0.0
46	protein1	100.8	7.65	2.64754505
46	protein2	74.2	7.2	2.63150785
46	protein3	10.45	1.25	inf
46	rnapol	0.95	0.0	0.0
47	__protein1_rbs	3.75	0.0	0.0
47	__protein2_rbs	3.1	0.0	0.0
47	__protein3_rbs	0.6	0.0	0.0
47	__ribosome	57.55	0.0	0.0
47	__rnase_site_ext	7.75	0.0	0.0
47	p0	0.85	0.0	0.0
47	p2	0.8	0.0	0.0
47	protein1	104.95	7.6	2.6612338
47	protein2	77.85	7.15	2.7114881000000004
47	protein3	11.15	1.25	inf
47	rnapol	0.85	0.0	0.0
48	__protein1_rbs	3.0	0.0	0.0
48	__protein2_rbs	3.15	0.0	0.0
48	__protein3_rbs	0.7	0.0	0.0
48	__ribosome	56.35	0.0	0.0
48	__rnase_site_ext	7.9	0.0	0.0
48	p0	0.8	0.0	0.0
48	p2	0.7	0.0	0.0
48	protein1	108.45	7.7	2.7610822999999995
48	protein2	81.5	7.3	2.69797615
48	protein3	11.85	1.25	2.3
48	rnapol	0.8	0.0	0.0
49	__protein1_rbs	3.75	0.0	0.0
49	__protein2_rbs	3.45	0.0	0.0
49	__protein3_rbs	0.45	0.0	0.0
49	__ribosome	56.25	0.0	0.0
49	__rnase_site_ext	8.1	0.0	0.0
49	p0	0.9	0.0	0.0
49	p2	0.85	0.0	0.0
49	protein1	112.1	7.75	2.7637266000000005
49	protein2	85.35	7.45	2.5965476
49	protein3	12.65	1.25	2.31666665
49	rnapol	0.95	0.0	0.0
50	__protein1_rbs	3.95	0.0	0.0
50	__protein2_rbs	3.75	0.0	0.0
50	__protein3_rbs	0.7	0.0	0.0
50	__ribosome	56.7	0.0	0.0
50	__rnase_site_ext	8.25	0.0	0.0
50	p0	0.7	0.0	0.0
50	p2	0.8	0.0	0.0
50	protein1	116.45	8.0	2.6129888500000003
50	protein2	89.0	7.6	2.518236
50	protein3	13.25	1.35	2.4
50	rnapol	0.85	0.0	0.0
51	__protein1_rbs	3.35	0.0	0.0
51	__protein2_rbs	3.45	0.0	0.0
51	__protein3_rbs	0.6	0.0	0.0
51	__ribosome	55.25	0.0	0.0
51	__rnase_site_ext	8.4	0.0	0.0
51	p0	0.8	0.0	0.0
51	p2	0.75	0.0	0.0
51	protein1	120.2	8.15	2.67559525
51	protein2	92.55	7.8	2.5298431
51	protein3	13.95	1.35	2.38333335
51	rnapol	0.85	0.0	0.0
52	__protein1_rbs	4.1	0.0	0.0
52	__protein2_rbs	3.4	0.0	0.0
52	__protein3_rbs	0.6	0.0	0.0
52	__ribosome	55.55	0.0	0.0
52	__rnase_site_ext	8.55	0.0	0.0
52	p0	0.85	0.0	0.0
52	p2	0.8	0.0	0.0
52	protein1	124.5	8.2	2.61764255
52	protein2	96.45	7.95	2.51562765
52	protein3	14.85	1.35	2.23333335
52	rnapol	0.75	0.0	0.0
53	__protein1_rbs	4.25	0.0	0.0
53	__protein2_rbs	4.05	0.0	0.0
53	__protein3_rbs	0.6	0.0	0.0
53	__ribosome	56.1	0.0	0.0
53	__rnase_site_ext	8.65	0.0	0.0
53	p0	0.8	0.0	0.0
53	p2	0.8	0.0	0.0
53	protein1	129.3	8.4	2.4958604500000003
53	protein2	100.35	8.25	2.4299549000000003
53	protein3	15.35	1.35	2.34166665
53	rnapol	0.7	0.0	0.0
54	__protein1_rbs	3.85	0.0	0.0
54	__protein2_rbs	3.45	0.0	0.0
54	__protein3_rbs	0.4	0.0	0.0
54	__ribosome	53.75	0.0	0.0
54	__rnase_site_ext	8.7	0.0	0.0
54	p0	0.9	0.0	0.0
54	p2	0.7	0.0	0.0
54	protein1	132.75	8.55	2.5887428000000003
54	protein2	104.35	8.3	2.51465725
54	protein3	16.0	1.4	2.46666665
54	rnapol	0.7	0.0	0.0
55	__protein1_rbs	4.1	0.0	0.0
55	__protein2_rbs	4.1	0.0	0.0
55	__protein3_rbs	0.65	0.0	0.0
55	__ribosome	52.5	0.0	0.0
55	__rnase_site_ext	8.8	0.0	0.0
55	p0	0.9	0.0	0.0
55	p2	0.8	0.0	0.0
55	protein1	136.85	8.65	2.59472035
55	protein2	107.35	8.3	2.6317514500000003
55	protein3	16.7	1.45	2.46666665
55	rnapol	0.85	0.0	0.0
56	__protein1_rbs	3.9	0.0	0.0
56	__protein2_rbs	3.9	0.0	0.0
56	__protein3_rbs	0.75	0.0	0.0
56	__ribosome	51.2	0.0	0.0
56	__rnase_site_ext	8.75	0.0	0.0
56	p0	0.9	0.0	0.0
56	p2	0.6	0.0	0.0
56	protein1	141.15	8.7	2.6397944
56	protein2	111.2	8.5	2.6884362
56	protein3	17.35	1.45	2.59166665
56	rnapol	0.85	0.0	0.0
57	__protein1_rbs	4.7	0.0	0.0
57	__protein2_rbs	4.4	0.0	0.0
57	__protein3_rbs	0.85	0.0	0.0
57	__ribosome	51.75	0.0	0.0
57	__rnase_site_ext	8.65	0.0	0.0
57	p0	0.9	0.0	0.0
57	p2	0.85	0.0	0.0
57	protein1	145.65	8.75	2.5878121500000004
57	protein2	115.35	8.45	2.66835135
57	protein3	17.95	1.45	2.63333335
57	rnapol	1.1	0.0	0.0
58	__protein1_rbs	3.9	0.0	0.0
58	__protein2_rbs	3.95	0.0	0.0
58	__protein3_rbs	0.7	0.0	0.0
58	__ribosome	50.9	0.0	0.0
58	__rnase_site_ext	8.7	0.0	0.0
58	p0	0.85	0.0	0.0
58	p2	0.7	0.0	0.0
58	protein1	149.6	8.55	2.69325405
58	protein2	119.7	8.7	2.6061778
58	protein3	18.85	1.45	inf
58	rnapol	1.0	0.0	0.0
59	__protein1_rbs	4.4	0.0	0.0
59	__protein2_rbs	3.95	0.0	0.0
59	__protein3_rbs	0.8	0.0	0.0
59	__ribosome	51.4	0.0	0.0
59	__rnase_site_ext	8.7	0.0	0.0
59	p0	0.75	0.0	0.0
59	p2	0.65	0.0	0.0
59	protein1	154.3	8.65	2.70781745
59	protein2	124.45	8.95	2.5312734500000005
59	protein3	19.55	1.45	inf
59	rnapol	0.85	0.0	0.0
60	__protein1_rbs	4.45	0.0	0.0
60	__protein2_rbs	4.2	0.0	0.0
60	__protein3_rbs	0.75	0.0	0.0
60	__ribosome	52.15	0.0	0.0
60	__rnase_site_ext	8.8	0.0	0.0
60	p0	0.8	0.0	0.0
60	p2	0.7	0.0	0.0
60	protein1	159.25	8.6	2.55922805
60	protein2	128.85	9.15	2.4952077999999998
60	protein3	20.4	1.5	inf
60	rnapol	0.75	0.0	0.0
61	__protein1_rbs	4.05	0.0	0.0
61	__protein2_rbs	4.4	0.0	0.0
61	__protein3_rbs	0.9	0.0	0.0
61	__ribosome	51.6	0.0	0.0
61	__rnase_site_ext	8.85	0.0	0.0
61	p0	0.9	0.0	0.0
61	p2	0.95	0.0	0.0
61	protein1	163.65	8.7	2.54150255
61	protein2	133.1	9.0	2.5835082000000003
61	protein3	21.0	1.55	2.13333335
61	rnapol	0.85	0.0	0.0
62	__protein1_rbs	4.75	0.0	0.0
62	__protein2_rbs	4.45	0.0	0.0
62	__protein3_rbs	0.8	0.0	0.0
62	__ribosome	51.25	0.0	0.0
62	__rnase_site_ext	8.8	0.0	0.0
62	p0	0.9	0.0	0.0
62	p2	0.9	0.0	0.0
62	protein1	167.45	8.8	2.50961765
62	protein2	137.35	9.0	2.5801321
62	protein3	21.75	1.65	2.20000005
62	rnapol	0.85	0.0	0.0
63	__protein1_rbs	4.6	0.0	0.0
63	__protein2_rbs	3.85	0.0	0.0
63	__protein3_rbs	0.85	0.0	0.0
63	__ribosome	51.55	0.0	0.0
63	__rnase_site_ext	8.9	0.0	0.0
63	p0	0.85	0.0	0.0
63	p2	0.75	0.0	0.0
63	protein1	172.3	8.75	2.46119415
63	protein2	142.45	9.1	2.52523015
63	protein3	22.45	1.8	2.25833335
63	rnapol	0.75	0.0	0.0
64	__protein1_rbs	4.05	0.0	0.0
64	__protein2_rbs	5.1	0.0	0.0
64	__protein3_rbs	0.7	0.0	0.0
64	__ribosome	51.0	0.0	0.0
64	__rnase_site_ext	9.15	0.0	0.0
64	p0	0.8	0.0	0.0
64	p2	0.65	0.0	0.0
64	protein1	176.4	8.8	2.5256801
64	protein2	146.65	9.25	2.4506021
64	protein3	23.2	1.8	2.35833335
64	rnapol	0.8	0.0	0.0
65	__protein1_rbs	4.6	0.0	0.0
65	__protein2_rbs	4.15	0.0	0.0
65	__protein3_rbs	1.05	0.0	0.0
65	__ribosome	50.65	0.0	0.0
65	__rnase_site_ext	9.3	0.0	0.0
65	p0	0.75	0.0	0.0
65	p2	0.65	0.0	0.0
65	protein1	180.75	9.05	2.45181095
65	protein2	151.35	9.25	2.4864559499999994
65	protein3	24.1	1.85	2.3625
65	rnapol	0.75	0.0	0.0
66	__protein1_rbs	4.3	0.0	0.0
66	__protein2_rbs	4.7	0.0	0.0
66	__protein3_rbs	0.7	0.0	0.0
66	__ribosome	49.4	0.0	0.0
66	__rnase_site_ext	9.35	0.0	0.0
66	p0	0.75	0.0	0.0
66	p2	0.8	0.0	0.0
66	protein1	185.0	9.1	2.5012266
66	protein2	155.55	9.35	2.4779329
66	protein3	24.75	1.85	2.6166667
66	rnapol	0.8	0.0	0.0
67	__protein1_rbs	4.5	0.0	0.0
67	__protein2_rbs	4.3	0.0	0.0
67	__protein3_rbs	0.85	0.0	0.0
67	__ribosome	48.5	0.0	0.0
67	__rnase_site_ext	9.6	0.0	0.0
67	p0	0.7	0.0	0.0
67	p2	0.9	0.0	0.0
67	protein1	189.35	9.25	2.5057672499999994
67	protein2	159.75	9.4	2.51662875
67	protein3	25.85	1.85	2.51666665
67	rnapol	0.75	0.0	0.0
68	__protein1_rbs	5.05	0.0	0.0
68	__protein2_rbs	4.65	0.0	0.0
68	__protein3_rbs	1.0	0.0	0.0
68	__ribosome	48.8	0.0	0.0
68	__rnase_site_ext	9.7	0.0	0.0
68	p0	0.8	0.0	0.0
68	p2	0.75	0.0	0.0
68	protein1	193.55	9.3	2.49625735
68	protein2	164.8	9.6	2.4490783
68	protein3	26.7	1.95	2.42083335
68	rnapol	0.6	0.0	0.0
69	__protein1_rbs	4.0	0.0	0.0
69	__protein2_rbs	4.65	0.0	0.0
69	__protein3_rbs	1.05	0.0	0.0
69	__ribosome	47.15	0.0	0.0
69	__rnase_site_ext	9.9	0.0	0.0
69	p0	0.8	0.0	0.0
69	p2	0.95	0.0	0.0
69	protein1	198.1	9.55	2.5392081
69	protein2	168.95	9.7	2.48411255
69	protein3	27.7	2.05	2.3125
69	rnapol	0.75	0.0	0.0
70	__protein1_rbs	5.85	0.0	0.0
70	__protein2_rbs	4.6	0.0	0.0
70	__protein3_rbs	1.05	0.0	0.0
70	__ribosome	47.55	0.0	0.0
70	__rnase_site_ext	9.9	0.0	0.0
70	p0	0.85	0.0	0.0
70	p2	0.9	0.0	0.0
70	protein1	202.75	9.8	2.4087373
70	protein2	174.0	9.9	2.4651624
70	protein3	28.55	2.05	2.42916665
70	rnapol	0.7	0.0	0.0
71	__protein1_rbs	5.8	0.0	0.0
71	__protein2_rbs	5.6	0.0	0.0
71	__protein3_rbs	0.85	0.0	0.0
71	__ribosome	47.45	0.0	0.0
71	__rnase_site_ext	9.95	0.0	0.0
71	p0	0.9	0.0	0.0
71	p2	0.9	0.0	0.0
71	protein1	207.25	9.8	2.38857325
71	protein2	178.35	10.0	2.4449242000000004
71	protein3	29.65	2.1	2.3875
71	rnapol	0.65	0.0	0.0
72	__protein1_rbs	5.15	0.0	0.0
72	__protein2_rbs	5.1	0.0	0.0
72	__protein3_rbs	0.85	0.0	0.0
72	__ribosome	47.15	0.0	0.0
72	__rnase_site_ext	10.15	0.0	0.0
72	p0	0.8	0.0	0.0
72	p2	0.75	0.0	0.0
72	protein1	212.2	9.8	2.37958155
72	protein2	183.05	10.05	2.45532825
72	protein3	30.7	2.05	inf
72	rnapol	0.5	0.0	0.0
73	__protein1_rbs	4.8	0.0	0.0
73	__protein2_rbs	4.6	0.0	0.0
73	__protein3_rbs	0.9	0.0	0.0
73	__ribosome	45.9	0.0	0.0
73	__rnase_site_ext	10.2	0.0	0.0
73	p0	0.7	0.0	0.0
73	p2	0.75	0.0	0.0
73	protein1	216.45	9.9	2.4384000500000007
73	protein2	188.1	10.05	2.52699205
73	protein3	31.7	2.05	inf
73	rnapol	0.4	0.0	0.0
74	__protein1_rbs	5.35	0.0	0.0
74	__protein2_rbs	5.45	0.0	0.0
74	__protein3_rbs	0.95	0.0	0.0
74	__ribosome	46.9	0.0	0.0
74	__rnase_site_ext	10.25	0.0	0.0
74	p0	0.9	0.0	0.0
74	p2	0.7	0.0	0.0
74	protein1	221.65	10.1	2.2923196500000005
74	protein2	193.0	10.2	2.46392305
74	protein3	32.6	2.05	inf
74	rnapol	0.6	0.0	0.0
75	__protein1_rbs	5.25	0.0	0.0
75	__protein2_rbs	5.4	0.0	0.0
75	__protein3_rbs	1.0	0.0	0.0
75	__ribosome	45.9	0.0	0.0
75	__rnase_site_ext	10.3	0.0	0.0
75	p0	0.95	0.0	0.0
75	p2	0.8	0.0	0.0
75	protein1	226.05	10.15	2.3504491
75	protein2	197.75	10.2	2.4896625
75	protein3	33.7	2.05	2.38750005
75	rnapol	0.85	0.0	0.0
76	__protein1_rbs	4.8	0.0	0.0
76	__protein2_rbs	5.65	0.0	0.0
76	__protein3_rbs	1.2	0.0	0.0
76	__ribosome	45.6	0.0	0.0
76	__rnase_site_ext	10.3	0.0	0.0
76	p0	0.85	0.0	0.0
76	p2	0.85	0.0	0.0
76	protein1	230.55	10.25	2.4235804
76	protein2	202.5	10.3	2.4195336500000004
76	protein3	34.9	2.1	2.33333335
76	rnapol	0.9	0.0	0.0
77	__protein1_rbs	5.1	0.0	0.0
77	__protein2_rbs	5.4	0.0	0.0
77	__protein3_rbs	0.85	0.0	0.0
77	__ribosome	45.65	0.0	0.0
77	__rnase_site_ext	10.2	0.0	0.0
77	p0	0.9	0.0	0.0
77	p2	0.8	0.0	0.0
77	protein1	235.45	10.2	2.426251849999999
77	protein2	207.7	10.4	2.3957842
77	protein3	36.05	2.05	2.47916665
77	rnapol	0.95	0.0	0.0
78	__protein1_rbs	5.25	0.0	0.0
78	__protein2_rbs	5.2	0.0	0.0
78	__protein3_rbs	1.2	0.0	0.0
78	__ribosome	44.4	0.0	0.0
78	__rnase_site_ext	10.5	0.0	0.0
78	p0	0.8	0.0	0.0
78	p2	0.7	0.0	0.0
78	protein1	239.85	10.3	2.48102635
78	protein2	212.7	10.5	2.42423415
78	protein3	37.0	2.1	2.43333335
78	rnapol	0.75	0.0	0.0
79	__protein1_rbs	5.8	0.0	0.0
79	__protein2_rbs	5.8	0.0	0.0
79	__protein3_rbs	1.1	0.0	0.0
79	__ribosome	45.85	0.0	0.0
79	__rnase_site_ext	10.6	0.0	0.0
79	p0	0.9	0.0	0.0
79	p2	0.7	0.0	0.0
79	protein1	245.0	10.45	2.39359935
79	protein2	217.95	10.7	2.3236863
79	protein3	38.25	2.15	2.375
79	rnapol	0.9	0.0	0.0
80	__protein1_rbs	5.7	0.0	0.0
80	__protein2_rbs	5.5	0.0	0.0
80	__protein3_rbs	1.05	0.0	0.0
80	__ribosome	44.4	0.0	0.0
80	__rnase_site_ext	10.65	0.0	0.0
80	p0	0.9	0.0	0.0
80	p2	0.75	0.0	0.0
80	protein1	249.4	10.6	2.4385428
80	protein2	222.6	10.65	2.3492019
80	protein3	38.95	2.15	2.4250000000000003
80	rnapol	0.9	0.0	0.0
81	__protein1_rbs	6.4	0.0	0.0
81	__protein2_rbs	5.4	0.0	0.0
81	__protein3_rbs	1.15	0.0	0.0
81	__ribosome	45.0	0.0	0.0
81	__rnase_site_ext	10.8	0.0	0.0
81	p0	0.8	0.0	0.0
81	p2	0.7	0.0	0.0
81	protein1	255.2	10.7	2.32384245
81	protein2	227.4	10.85	2.3450789
81	protein3	40.1	2.15	2.35833335
81	rnapol	0.75	0.0	0.0
82	__protein1_rbs	5.4	0.0	0.0
82	__protein2_rbs	6.3	0.0	0.0
82	__protein3_rbs	1.1	0.0	0.0
82	__ribosome	44.05	0.0	0.0
82	__rnase_site_ext	10.7	0.0	0.0
82	p0	0.95	0.0	0.0
82	p2	0.7	0.0	0.0
82	protein1	259.6	10.8	2.38415325
82	protein2	232.3	10.85	2.348599900000001
82	protein3	41.25	2.1	2.3291666
82	rnapol	0.9	0.0	0.0
83	__protein1_rbs	5.2	0.0	0.0
83	__protein2_rbs	5.9	0.0	0.0
83	__protein3_rbs	1.35	0.0	0.0
83	__ribosome	45.0	0.0	0.0
83	__rnase_site_ext	10.65	0.0	0.0
83	p0	0.8	0.0	0.0
83	p2	0.7	0.0	0.0
83	protein1	265.2	10.65	2.36842135
83	protein2	238.0	11.0	2.26310895
83	protein3	42.3	2.2	2.15000005
83	rnapol	0.95	0.0	0.0
84	__protein1_rbs	5.7	0.0	0.0
84	__protein2_rbs	6.1	0.0	0.0
84	__protein3_rbs	0.85	0.0	0.0
84	__ribosome	43.5	0.0	0.0
84	__rnase_site_ext	10.85	0.0	0.0
84	p0	0.8	0.0	0.0
84	p2	0.8	0.0	0.0
84	protein1	269.9	10.75	2.36762545
84	protein2	242.15	10.95	2.35568185
84	protein3	43.1	2.25	2.3708332999999997
84	rnapol	0.85	0.0	0.0
85	__protein1_rbs	5.85	0.0	0.0
85	__protein2_rbs	5.35	0.0	0.0
85	__protein3_rbs	1.2	0.0	0.0
85	__ribosome	43.15	0.0	0.0
85	__rnase_site_ext	11.0	0.0	0.0
85	p0	0.8	0.0	0.0
85	p2	0.7	0.0	0.0
85	protein1	274.7	10.8	2.4145058500000003
85	protein2	247.3	10.85	2.4188888500000005
85	protein3	44.4	2.25	2.10416665
85	rnapol	0.75	0.0	0.0
86	__protein1_rbs	5.35	0.0	0.0
86	__protein2_rbs	5.5	0.0	0.0
86	__protein3_rbs	1.3	0.0	0.0
86	__ribosome	42.75	0.0	0.0
86	__rnase_site_ext	11.05	0.0	0.0
86	p0	0.8	0.0	0.0
86	p2	0.8	0.0	0.0
86	protein1	279.95	10.9	2.3801634
86	protein2	252.5	11.0	2.42317925
86	protein3	45.5	2.4	2.05416665
86	rnapol	0.75	0.0	0.0
87	__protein1_rbs	5.4	0.0	0.0
87	__protein2_rbs	5.85	0.0	0.0
87	__protein3_rbs	1.45	0.0	0.0
87	__ribosome	42.4	0.0	0.0
87	__rnase_site_ext	10.95	0.0	0.0
87	p0	0.75	0.0	0.0
87	p2	0.8	0.0	0.0
87	protein1	285.15	11.1	2.36136865
87	protein2	257.65	11.05	2.40412835
87	protein3	46.4	2.45	2.17166665
87	rnapol	0.6	0.0	0.0
88	__protein1_rbs	6.25	0.0	0.0
88	__protein2_rbs	5.65	0.0	0.0
88	__protein3_rbs	1.2	0.0	0.0
88	__ribosome	42.55	0.0	0.0
88	__rnase_site_ext	11.1	0.0	0.0
88	p0	0.85	0.0	0.0
88	p2	0.85	0.0	0.0
88	protein1	290.4	11.0	2.34089245
88	protein2	263.0	11.1	2.3924172
88	protein3	47.4	2.5	2.27583335
88	rnapol	0.55	0.0	0.0
89	__protein1_rbs	5.85	0.0	0.0
89	__protein2_rbs	6.55	0.0	0.0
89	__protein3_rbs	1.3	0.0	0.0
89	__ribosome	42.95	0.0	0.0
89	__rnase_site_ext	11.2	0.0	0.0
89	p0	0.85	0.0	0.0
89	p2	0.95	0.0	0.0
89	protein1	295.55	11.05	2.3513391500000003
89	protein2	268.25	11.3	2.3311006999999995
89	protein3	48.75	2.4	2.2908333
89	rnapol	0.55	0.0	0.0
90	__protein1_rbs	6.4	0.0	0.0
90	__protein2_rbs	5.9	0.0	0.0
90	__protein3_rbs	1.4	0.0	0.0
90	__ribosome	42.9	0.0	0.0
90	__rnase_site_ext	11.35	0.0	0.0
90	p0	0.9	0.0	0.0
90	p2	0.9	0.0	0.0
90	protein1	300.7	11.3	2.2369631
90	protein2	273.95	11.5	2.2894626500000004
90	protein3	49.55	2.5	2.36249995
90	rnapol	0.55	0.0	0.0
91	__protein1_rbs	5.65	0.0	0.0
91	__protein2_rbs	6.85	0.0	0.0
91	__protein3_rbs	1.55	0.0	0.0
91	__ribosome	42.55	0.0	0.0
91	__rnase_site_ext	11.25	0.0	0.0
91	p0	0.9	0.0	0.0
91	p2	0.7	0.0	0.0
91	protein1	305.75	11.25	2.3214460999999997
91	protein2	279.1	11.55	2.2592365
91	protein3	50.85	2.55	2.1533333999999997
91	rnapol	0.6	0.0	0.0
92	__protein1_rbs	6.5	0.0	0.0
92	__protein2_rbs	6.05	0.0	0.0
92	__protein3_rbs	1.55	0.0	0.0
92	__ribosome	42.4	0.0	0.0
92	__rnase_site_ext	11.3	0.0	0.0
92	p0	0.8	0.0	0.0
92	p2	0.9	0.0	0.0
92	protein1	311.25	11.35	2.2632579999999995
92	protein2	284.1	11.75	2.27809635
92	protein3	51.9	2.5	2.16666665
92	rnapol	0.75	0.0	0.0
93	__protein1_rbs	6.3	0.0	0.0
93	__protein2_rbs	6.0	0.0	0.0
93	__protein3_rbs	1.35	0.0	0.0
93	__ribosome	42.35	0.0	0.0
93	__rnase_site_ext	11.35	0.0	0.0
93	p0	0.9	0.0	0.0
93	p2	0.75	0.0	0.0
93	protein1	316.15	11.25	2.27495645
93	protein2	289.8	11.8	2.3088119
93	protein3	53.2	2.5	2.10916665
93	rnapol	0.75	0.0	0.0
94	__protein1_rbs	5.3	0.0	0.0
94	__protein2_rbs	5.85	0.0	0.0
94	__protein3_rbs	1.25	0.0	0.0
94	__ribosome	40.1	0.0	0.0
94	__rnase_site_ext	11.4	0.0	0.0
94	p0	0.85	0.0	0.0
94	p2	0.75	0.0	0.0
94	protein1	321.3	11.4	2.3385222000000003
94	protein2	294.65	12.05	2.3363862999999996
94	protein3	54.4	2.45	2.2608333000000003
94	rnapol	0.7	0.0	0.0
95	__protein1_rbs	6.45	0.0	0.0
95	__protein2_rbs	6.8	0.0	0.0
95	__protein3_rbs	1.05	0.0	0.0
95	__ribosome	40.5	0.0	0.0
95	__rnase_site_ext	11.35	0.0	0.0
95	p0	0.9	0.0	0.0
95	p2	0.8	0.0	0.0
95	protein1	326.75	11.25	2.2964369500000004
95	protein2	300.0	12.3	2.29784405
95	protein3	55.45	2.5	2.38666665
95	rnapol	0.75	0.0	0.0
96	__protein1_rbs	6.35	0.0	0.0
96	__protein2_rbs	5.75	0.0	0.0
96	__protein3_rbs	1.5	0.0	0.0
96	__ribosome	39.45	0.0	0.0
96	__rnase_site_ext	11.3	0.0	0.0
96	p0	0.95	0.0	0.0
96	p2	0.9	0.0	0.0
96	protein1	331.95	11.25	2.31594735
96	protein2	305.45	12.35	2.3856943
96	protein3	56.65	2.45	2.3275
96	rnapol	1.0	0.0	0.0
97	__protein1_rbs	6.2	0.0	0.0
97	__protein2_rbs	6.85	0.0	0.0
97	__protein3_rbs	1.65	0.0	0.0
97	__ribosome	39.35	0.0	0.0
97	__rnase_site_ext	11.3	0.0	0.0
97	p0	0.85	0.0	0.0
97	p2	0.6	0.0	0.0
97	protein1	336.9	11.2	2.39250385
97	protein2	311.3	12.35	2.35501605
97	protein3	57.6	2.5	2.17416665
97	rnapol	0.9	0.0	0.0
98	__protein1_rbs	6.45	0.0	0.0
98	__protein2_rbs	7.3	0.0	0.0
98	__protein3_rbs	1.35	0.0	0.0
98	__ribosome	40.6	0.0	0.0
98	__rnase_site_ext	11.5	0.0	0.0
98	p0	0.75	0.0	0.0
98	p2	0.85	0.0	0.0
98	protein1	342.05	11.3	2.33362615
98	protein2	317.05	12.5	2.2666256
98	protein3	58.9	2.55	2.0908333000000003
98	rnapol	0.9	0.0	0.0
99	__protein1_rbs	6.25	0.0	0.0
99	__protein2_rbs	6.45	0.0	0.0
99	__protein3_rbs	1.35	0.0	0.0
99	__ribosome	40.9	0.0	0.0
99	__rnase_site_ext	11.9	0.0	0.0
99	p0	0.75	0.0	0.0
99	p2	0.55	0.0	0.0
99	protein1	347.95	11.45	2.2763771000000004
99	protein2	322.9	12.5	2.2864097
99	protein3	60.1	2.55	2.1416667
99	rnapol	0.65	0.0	0.0
100	__protein1_rbs	6.95	0.0	0.0
100	__protein2_rbs	6.35	0.0	0.0
100	__protein3_rbs	1.55	0.0	0.0
100	__ribosome	41.3	0.0	0.0
100	__rnase_site_ext	11.95	0.0	0.0
100	p0	0.85	0.0	0.0
100	p2	0.75	0.0	0.0
100	protein1	353.55	11.65	2.18136675
100	protein2	328.95	12.4	2.3346889500000008
100	protein3	61.3	2.5	2.03499995
100	rnapol	0.95	0.0	0.0
101	__protein1_rbs	6.1	0.0	0.0
101	__protein2_rbs	6.7	0.0	0.0
101	__protein3_rbs	1.25	0.0	0.0
101	__ribosome	39.45	0.0	0.0
101	__rnase_site_ext	12.0	0.0	0.0
101	p0	0.8	0.0	0.0
101	p2	0.85	0.0	0.0
101	protein1	358.45	11.75	2.2395030500000006
101	protein2	334.3	12.4	2.38894735
101	protein3	62.25	2.55	2.1183333499999994
101	rnapol	1.05	0.0	0.0
102	__protein1_rbs	6.25	0.0	0.0
102	__protein2_rbs	6.5	0.0	0.0
102	__protein3_rbs	1.1	0.0	0.0
102	__ribosome	38.8	0.0	0.0
102	__rnase_site_ext	12.2	0.0	0.0
102	p0	0.75	0.0	0.0
102	p2	0.9	0.0	0.0
102	protein1	363.85	11.75	2.2683909
102	protein2	340.25	12.45	2.3862781500000003
102	protein3	63.45	2.55	2.10416665
102	rnapol	0.95	0.0	0.0
103	__protein1_rbs	7.0	0.0	0.0
103	__protein2_rbs	6.85	0.0	0.0
103	__protein3_rbs	1.7	0.0	0.0
103	__ribosome	39.0	0.0	0.0
103	__rnase_site_ext	12.5	0.0	0.0
103	p0	0.75	0.0	0.0
103	p2	0.8	0.0	0.0
103	protein1	368.95	12.0	2.21105855
103	protein2	346.0	12.45	2.3769383
103	protein3	64.45	2.5	2.06000005
103	rnapol	0.9	0.0	0.0
104	__protein1_rbs	6.3	0.0	0.0
104	__protein2_rbs	6.9	0.0	0.0
104	__protein3_rbs	1.5	0.0	0.0
104	__ribosome	39.2	0.0	0.0
104	__rnase_site_ext	12.65	0.0	0.0
104	p0	0.75	0.0	0.0
104	p2	0.8	0.0	0.0
104	protein1	374.2	12.25	2.2354003
104	protein2	352.35	12.35	2.33228985
104	protein3	65.75	2.5	1.8441666
104	rnapol	0.7	0.0	0.0
105	__protein1_rbs	7.3	0.0	0.0
105	__protein2_rbs	7.4	0.0	0.0
105	__protein3_rbs	1.25	0.0	0.0
105	__ribosome	39.35	0.0	0.0
105	__rnase_site_ext	12.7	0.0	0.0
105	p0	1.0	0.0	0.0
105	p2	1.0	0.0	0.0
105	protein1	379.35	12.35	2.21761535
105	protein2	358.35	12.45	2.2701947500000004
105	protein3	66.75	2.5	2.065
105	rnapol	0.9	0.0	0.0
106	__protein1_rbs	7.15	0.0	0.0
106	__protein2_rbs	6.45	0.0	0.0
106	__protein3_rbs	1.05	0.0	0.0
106	__ribosome	39.25	0.0	0.0
106	__rnase_site_ext	12.7	0.0	0.0
106	p0	0.9	0.0	0.0
106	p2	0.65	0.0	0.0
106	protein1	385.15	12.55	2.1449882999999996
106	protein2	364.2	12.55	2.27987755
106	protein3	68.05	2.5	2.0158333
106	rnapol	0.8	0.0	0.0
107	__protein1_rbs	6.55	0.0	0.0
107	__protein2_rbs	6.65	0.0	0.0
107	__protein3_rbs	1.45	0.0	0.0
107	__ribosome	39.0	0.0	0.0
107	__rnase_site_ext	12.7	0.0	0.0
107	p0	0.85	0.0	0.0
107	p2	0.9	0.0	0.0
107	protein1	390.95	12.5	2.2013909
107	protein2	370.2	12.7	2.2465836
107	protein3	69.1	2.55	2.1208332999999997
107	rnapol	0.95	0.0	0.0
108	__protein1_rbs	6.7	0.0	0.0
108	__protein2_rbs	7.0	0.0	0.0
108	__protein3_rbs	1.45	0.0	0.0
108	__ribosome	38.2	0.0	0.0
108	__rnase_site_ext	12.95	0.0	0.0
108	p0	0.9	0.0	0.0
108	p2	0.75	0.0	0.0
108	protein1	396.85	12.55	2.2199365
108	protein2	375.9	12.8	2.248895800000001
108	protein3	70.0	2.5	2.4999999500000003
108	rnapol	0.85	0.0	0.0
109	__protein1_rbs	7.5	0.0	0.0
109	__protein2_rbs	7.15	0.0	0.0
109	__protein3_rbs	1.35	0.0	0.0
109	__ribosome	38.25	0.0	0.0
109	__rnase_site_ext	13.1	0.0	0.0
109	p0	0.9	0.0	0.0
109	p2	0.85	0.0	0.0
109	protein1	402.0	12.75	2.1720926999999994
109	protein2	381.75	12.85	2.2275275000000003
109	protein3	71.1	2.55	2.4250000000000003
109	rnapol	0.9	0.0	0.0
110	__protein1_rbs	7.45	0.0	0.0
110	__protein2_rbs	7.15	0.0	0.0
110	__protein3_rbs	1.5	0.0	0.0
110	__ribosome	37.45	0.0	0.0
110	__rnase_site_ext	13.2	0.0	0.0
110	p0	0.9	0.0	0.0
110	p2	0.85	0.0	0.0
110	protein1	407.4	12.9	2.17342375
110	protein2	387.1	12.85	2.2777056
110	protein3	72.4	2.55	2.3875
110	rnapol	0.85	0.0	0.0
111	__protein1_rbs	7.3	0.0	0.0
111	__protein2_rbs	7.3	0.0	0.0
111	__protein3_rbs	1.55	0.0	0.0
111	__ribosome	37.0	0.0	0.0
111	__rnase_site_ext	13.3	0.0	0.0
111	p0	0.85	0.0	0.0
111	p2	0.7	0.0	0.0
111	protein1	412.85	13.1	2.18818305
111	protein2	392.6	12.95	2.25475605
111	protein3	73.55	2.55	2.32916675
111	rnapol	0.7	0.0	0.0
112	__protein1_rbs	7.4	0.0	0.0
112	__protein2_rbs	7.65	0.0	0.0
112	__protein3_rbs	1.4	0.0	0.0
112	__ribosome	38.2	0.0	0.0
112	__rnase_site_ext	13.35	0.0	0.0
112	p0	0.9	0.0	0.0
112	p2	0.7	0.0	0.0
112	protein1	419.05	13.1	2.1634801500000003
112	protein2	399.15	13.05	2.19084075
112	protein3	75.1	2.55	2.20916665
112	rnapol	0.75	0.0	0.0
113	__protein1_rbs	7.7	0.0	0.0
113	__protein2_rbs	7.05	0.0	0.0
113	__protein3_rbs	1.45	0.0	0.0
113	__ribosome	38.4	0.0	0.0
113	__rnase_site_ext	13.4	0.0	0.0
113	p0	0.75	0.0	0.0
113	p2	0.75	0.0	0.0
113	protein1	424.7	13.15	2.1446749
113	protein2	405.35	13.15	2.1687154
113	protein3	76.45	2.55	2.1841666500000003
113	rnapol	0.65	0.0	0.0
114	__protein1_rbs	7.35	0.0	0.0
114	__protein2_rbs	7.7	0.0	0.0
114	__protein3_rbs	1.7	0.0	0.0
114	__ribosome	38.5	0.0	0.0
114	__rnase_site_ext	13.45	0.0	0.0
114	p0	0.95	0.0	0.0
114	p2	0.65	0.0	0.0
114	protein1	430.55	13.15	2.1803071000000003
114	protein2	411.2	13.25	2.13457195
114	protein3	77.55	2.5	2.08833335
114	rnapol	0.75	0.0	0.0
115	__protein1_rbs	7.8	0.0	0.0
115	__protein2_rbs	7.15	0.0	0.0
115	__protein3_rbs	1.15	0.0	0.0
115	__ribosome	37.35	0.0	0.0
115	__rnase_site_ext	13.45	0.0	0.0
115	p0	0.8	0.0	0.0
115	p2	0.8	0.0	0.0
115	protein1	436.25	13.2	2.1738610000000005
115	protein2	416.55	13.2	2.2071146000000006
115	protein3	78.55	2.65	2.23166665
115	rnapol	0.75	0.0	0.0
116	__protein1_rbs	6.55	0.0	0.0
116	__protein2_rbs	7.8	0.0	0.0
116	__protein3_rbs	1.4	0.0	0.0
116	__ribosome	37.1	0.0	0.0
116	__rnase_site_ext	13.4	0.0	0.0
116	p0	0.8	0.0	0.0
116	p2	0.65	0.0	0.0
116	protein1	442.2	13.25	2.2190034
116	protein2	422.75	13.3	2.14530075
116	protein3	79.55	2.65	2.2975000000000003
116	rnapol	0.65	0.0	0.0
117	__protein1_rbs	7.5	0.0	0.0
117	__protein2_rbs	8.05	0.0	0.0
117	__protein3_rbs	1.5	0.0	0.0
117	__ribosome	37.15	0.0	0.0
117	__rnase_site_ext	13.5	0.0	0.0
117	p0	0.95	0.0	0.0
117	p2	0.65	0.0	0.0
117	protein1	448.05	13.2	2.1847999000000007
117	protein2	428.35	13.45	2.1340713
117	protein3	80.8	2.75	2.1666666
117	rnapol	0.8	0.0	0.0
118	__protein1_rbs	7.0	0.0	0.0
118	__protein2_rbs	7.5	0.0	0.0
118	__protein3_rbs	1.7	0.0	0.0
118	__ribosome	35.9	0.0	0.0
118	__rnase_site_ext	13.45	0.0	0.0
118	p0	0.85	0.0	0.0
118	p2	0.75	0.0	0.0
118	protein1	453.65	13.2	2.250525
118	protein2	433.9	13.5	2.1898541000000002
118	protein3	81.95	2.7	2.23833335
118	rnapol	0.75	0.0	0.0
119	__protein1_rbs	7.3	0.0	0.0
119	__protein2_rbs	7.35	0.0	0.0
119	__protein3_rbs	1.65	0.0	0.0
119	__ribosome	36.15	0.0	0.0
119	__rnase_site_ext	13.5	0.0	0.0
119	p0	0.7	0.0	0.0
119	p2	0.75	0.0	0.0
119	protein1	460.0	13.3	2.1888971
119	protein2	440.3	13.6	2.16428465
119	protein3	83.05	2.8	2.2491667000000004
119	rnapol	0.55	0.0	0.0
120	__protein1_rbs	6.45	0.0	0.0
120	__protein2_rbs	8.55	0.0	0.0
120	__protein3_rbs	1.55	0.0	0.0
120	__ribosome	35.65	0.0	0.0
120	__rnase_site_ext	13.6	0.0	0.0
120	p0	0.9	0.0	0.0
120	p2	0.9	0.0	0.0
120	protein1	466.15	13.25	2.2631791000000003
120	protein2	446.4	13.85	2.10353445
120	protein3	84.3	2.8	2.1625
120	rnapol	0.8	0.0	0.0
121	__protein1_rbs	7.55	0.0	0.0
121	__protein2_rbs	7.65	0.0	0.0
121	__protein3_rbs	1.75	0.0	0.0
121	__ribosome	34.8	0.0	0.0
121	__rnase_site_ext	13.75	0.0	0.0
121	p0	0.75	0.0	0.0
121	p2	0.7	0.0	0.0
121	protein1	472.0	13.3	2.2520142000000005
121	protein2	452.1	13.8	2.1823880000000004
121	protein3	85.65	2.9	2.0241667000000003
121	rnapol	0.5	0.0	0.0
122	__protein1_rbs	7.85	0.0	0.0
122	__protein2_rbs	7.8	0.0	0.0
122	__protein3_rbs	1.7	0.0	0.0
122	__ribosome	34.0	0.0	0.0
122	__rnase_site_ext	13.9	0.0	0.0
122	p0	0.95	0.0	0.0
122	p2	0.9	0.0	0.0
122	protein1	477.55	13.45	2.22163575
122	protein2	458.05	13.9	2.1907495999999997
122	protein3	86.65	3.0	2.0983334
122	rnapol	0.7	0.0	0.0
123	__protein1_rbs	9.0	0.0	0.0
123	__protein2_rbs	8.45	0.0	0.0
123	__protein3_rbs	1.65	0.0	0.0
123	__ribosome	35.45	0.0	0.0
123	__rnase_site_ext	14.15	0.0	0.0
123	p0	0.75	0.0	0.0
123	p2	0.8	0.0	0.0
123	protein1	483.7	13.55	2.1178462500000004
123	protein2	464.3	14.1	2.15365505
123	protein3	87.95	2.95	2.0675
123	rnapol	0.75	0.0	0.0
124	__protein1_rbs	8.3	0.0	0.0
124	__protein2_rbs	7.85	0.0	0.0
124	__protein3_rbs	2.05	0.0	0.0
124	__ribosome	36.4	0.0	0.0
124	__rnase_site_ext	14.15	0.0	0.0
124	p0	0.8	0.0	0.0
124	p2	0.8	0.0	0.0
124	protein1	490.2	13.75	2.02302755
124	protein2	470.8	14.25	2.1373439999999997
124	protein3	89.35	3.0	1.9516666500000004
124	rnapol	0.7	0.0	0.0
125	__protein1_rbs	7.2	0.0	0.0
125	__protein2_rbs	7.95	0.0	0.0
125	__protein3_rbs	1.6	0.0	0.0
125	__ribosome	35.8	0.0	0.0
125	__rnase_site_ext	14.25	0.0	0.0
125	p0	0.8	0.0	0.0
125	p2	0.7	0.0	0.0
125	protein1	496.85	13.85	2.03209825
125	protein2	477.4	14.4	2.1147297000000003
125	protein3	90.6	3.05	2.0008333
125	rnapol	0.55	0.0	0.0
126	__protein1_rbs	8.1	0.0	0.0
126	__protein2_rbs	7.9	0.0	0.0
126	__protein3_rbs	1.6	0.0	0.0
126	__ribosome	34.8	0.0	0.0
126	__rnase_site_ext	14.35	0.0	0.0
126	p0	0.75	0.0	0.0
126	p2	0.8	0.0	0.0
126	protein1	502.75	13.85	2.06045865
126	protein2	483.45	14.5	2.14854415
126	protein3	91.7	3.05	2.0500000000000003
126	rnapol	0.7	0.0	0.0
127	__protein1_rbs	7.9	0.0	0.0
127	__protein2_rbs	8.35	0.0	0.0
127	__protein3_rbs	2.1	0.0	0.0
127	__ribosome	34.45	0.0	0.0
127	__rnase_site_ext	14.45	0.0	0.0
127	p0	0.9	0.0	0.0
127	p2	0.95	0.0	0.0
127	protein1	508.5	13.95	2.0961831500000003
127	protein2	489.75	14.6	2.1279994
127	protein3	93.2	3.15	1.8775001
127	rnapol	0.9	0.0	0.0
128	__protein1_rbs	8.35	0.0	0.0
128	__protein2_rbs	8.1	0.0	0.0
128	__protein3_rbs	1.9	0.0	0.0
128	__ribosome	33.15	0.0	0.0
128	__rnase_site_ext	14.7	0.0	0.0
128	p0	0.7	0.0	0.0
128	p2	0.8	0.0	0.0
128	protein1	513.6	14.2	2.1142046000000003
128	protein2	495.9	14.65	2.1591753
128	protein3	94.3	3.15	1.98333335
128	rnapol	0.6	0.0	0.0
129	__protein1_rbs	8.0	0.0	0.0
129	__protein2_rbs	8.05	0.0	0.0
129	__protein3_rbs	2.1	0.0	0.0
129	__ribosome	33.1	0.0	0.0
129	__rnase_site_ext	14.5	0.0	0.0
129	p0	0.9	0.0	0.0
129	p2	0.8	0.0	0.0
129	protein1	520.0	14.3	2.09024495
129	protein2	502.25	14.55	2.2060553
129	protein3	95.45	3.1	2.05166665
129	rnapol	0.7	0.0	0.0
130	__protein1_rbs	8.25	0.0	0.0
130	__protein2_rbs	8.8	0.0	0.0
130	__protein3_rbs	2.05	0.0	0.0
130	__ribosome	33.7	0.0	0.0
130	__rnase_site_ext	14.5	0.0	0.0
130	p0	0.8	0.0	0.0
130	p2	0.9	0.0	0.0
130	protein1	526.65	14.2	2.0935973999999997
130	protein2	508.75	14.75	2.1698277999999998
130	protein3	96.8	3.1	1.98499995
130	rnapol	0.8	0.0	0.0
131	__protein1_rbs	8.8	0.0	0.0
131	__protein2_rbs	9.0	0.0	0.0
131	__protein3_rbs	1.9	0.0	0.0
131	__ribosome	34.45	0.0	0.0
131	__rnase_site_ext	14.7	0.0	0.0
131	p0	0.85	0.0	0.0
131	p2	0.75	0.0	0.0
131	protein1	532.7	14.15	2.0563165
131	protein2	515.35	14.65	2.14960845
131	protein3	98.25	3.1	2.02666665
131	rnapol	0.7	0.0	0.0
132	__protein1_rbs	8.9	0.0	0.0
132	__protein2_rbs	9.25	0.0	0.0
132	__protein3_rbs	1.6	0.0	0.0
132	__ribosome	34.3	0.0	0.0
132	__rnase_site_ext	14.75	0.0	0.0
132	p0	0.8	0.0	0.0
132	p2	0.7	0.0	0.0
132	protein1	538.45	14.35	2.0441977000000007
132	protein2	522.05	14.75	2.09270895
132	protein3	99.55	3.1	2.0458333000000004
132	rnapol	0.65	0.0	0.0
133	__protein1_rbs	8.4	0.0	0.0
133	__protein2_rbs	9.4	0.0	0.0
133	__protein3_rbs	2.25	0.0	0.0
133	__ribosome	35.3	0.0	0.0
133	__rnase_site_ext	14.85	0.0	0.0
133	p0	0.85	0.0	0.0
133	p2	0.7	0.0	0.0
133	protein1	544.65	14.3	2.0696683000000005
133	protein2	528.3	14.7	2.0241733500000003
133	protein3	100.7	3.1	1.96083335
133	rnapol	0.75	0.0	0.0
134	__protein1_rbs	8.65	0.0	0.0
134	__protein2_rbs	8.15	0.0	0.0
134	__protein3_rbs	2.05	0.0	0.0
134	__ribosome	34.0	0.0	0.0
134	__rnase_site_ext	15.05	0.0	0.0
134	p0	0.75	0.0	0.0
134	p2	0.75	0.0	0.0
134	protein1	550.7	14.45	2.06504385
134	protein2	534.75	14.9	2.0589254
134	protein3	101.85	3.1	1.93916665
134	rnapol	0.75	0.0	0.0
135	__protein1_rbs	8.4	0.0	0.0
135	__protein2_rbs	8.95	0.0	0.0
135	__protein3_rbs	1.45	0.0	0.0
135	__ribosome	34.4	0.0	0.0
135	__rnase_site_ext	15.05	0.0	0.0
135	p0	0.95	0.0	0.0
135	p2	0.9	0.0	0.0
135	protein1	557.15	14.65	2.0352718999999997
135	protein2	541.9	15.0	1.98201575
135	protein3	103.05	3.15	2.1358333
135	rnapol	0.8	0.0	0.0
136	__protein1_rbs	9.25	0.0	0.0
136	__protein2_rbs	8.35	0.0	0.0
136	__protein3_rbs	2.05	0.0	0.0
136	__ribosome	34.7	0.0	0.0
136	__rnase_site_ext	14.95	0.0	0.0
136	p0	0.9	0.0	0.0
136	p2	0.7	0.0	0.0
136	protein1	563.35	14.75	1.9858274
136	protein2	548.0	14.9	2.052909800000001
136	protein3	104.6	3.2	1.85583335
136	rnapol	0.8	0.0	0.0
137	__protein1_rbs	8.7	0.0	0.0
137	__protein2_rbs	8.9	0.0	0.0
137	__protein3_rbs	2.05	0.0	0.0
137	__ribosome	34.0	0.0	0.0
137	__rnase_site_ext	15.05	0.0	0.0
137	p0	0.85	0.0	0.0
137	p2	0.85	0.0	0.0
137	protein1	569.25	14.65	2.0136685
137	protein2	554.0	15.2	2.02576825
137	protein3	105.9	3.25	1.9075
137	rnapol	0.9	0.0	0.0
138	__protein1_rbs	8.9	0.0	0.0
138	__protein2_rbs	8.55	0.0	0.0
138	__protein3_rbs	2.15	0.0	0.0
138	__ribosome	32.85	0.0	0.0
138	__rnase_site_ext	15.1	0.0	0.0
138	p0	0.9	0.0	0.0
138	p2	0.75	0.0	0.0
138	protein1	575.65	14.65	1.9918973
138	protein2	559.65	15.25	2.11362695
138	protein3	106.75	3.25	1.97083335
138	rnapol	0.8	0.0	0.0
139	__protein1_rbs	8.65	0.0	0.0
139	__protein2_rbs	9.6	0.0	0.0
139	__protein3_rbs	2.15	0.0	0.0
139	__ribosome	34.65	0.0	0.0
139	__rnase_site_ext	15.05	0.0	0.0
139	p0	0.85	0.0	0.0
139	p2	0.75	0.0	0.0
139	protein1	582.1	14.75	1.96496645
139	protein2	567.0	15.35	2.00747275
139	protein3	108.15	3.3	1.8899999500000004
139	rnapol	0.8	0.0	0.0
140	__protein1_rbs	9.15	0.0	0.0
140	__protein2_rbs	8.75	0.0	0.0
140	__protein3_rbs	2.15	0.0	0.0
140	__ribosome	33.2	0.0	0.0
140	__rnase_site_ext	15.25	0.0	0.0
140	p0	0.65	0.0	0.0
140	p2	0.75	0.0	0.0
140	protein1	588.15	14.7	1.9837651
140	protein2	573.25	15.35	2.06056555
140	protein3	109.4	3.35	1.97333335
140	rnapol	0.7	0.0	0.0
141	__protein1_rbs	8.9	0.0	0.0
141	__protein2_rbs	9.05	0.0	0.0
141	__protein3_rbs	1.7	0.0	0.0
141	__ribosome	32.3	0.0	0.0
141	__rnase_site_ext	15.15	0.0	0.0
141	p0	0.8	0.0	0.0
141	p2	0.6	0.0	0.0
141	protein1	593.75	14.9	2.00576745
141	protein2	579.9	15.45	2.05202875
141	protein3	111.05	3.35	2.0091667
141	rnapol	0.65	0.0	0.0
142	__protein1_rbs	9.35	0.0	0.0
142	__protein2_rbs	8.6	0.0	0.0
142	__protein3_rbs	2.0	0.0	0.0
142	__ribosome	31.9	0.0	0.0
142	__rnase_site_ext	15.0	0.0	0.0
142	p0	0.9	0.0	0.0
142	p2	0.85	0.0	0.0
142	protein1	600.3	14.9	1.9857953
142	protein2	586.35	15.55	2.1072835000000003
142	protein3	112.45	3.35	2.00607145
142	rnapol	0.9	0.0	0.0
143	__protein1_rbs	8.3	0.0	0.0
143	__protein2_rbs	9.4	0.0	0.0
143	__protein3_rbs	1.9	0.0	0.0
143	__ribosome	32.3	0.0	0.0
143	__rnase_site_ext	15.05	0.0	0.0
143	p0	0.9	0.0	0.0
143	p2	0.8	0.0	0.0
143	protein1	607.1	14.6	2.0318152
143	protein2	593.15	15.8	2.04394075
143	protein3	113.95	3.35	inf
143	rnapol	0.95	0.0	0.0
144	__protein1_rbs	8.65	0.0	0.0
144	__protein2_rbs	9.65	0.0	0.0
144	__protein3_rbs	2.4	0.0	0.0
144	__ribosome	31.85	0.0	0.0
144	__rnase_site_ext	15.0	0.0	0.0
144	p0	0.9	0.0	0.0
144	p2	0.8	0.0	0.0
144	protein1	612.7	14.75	2.0485778000000003
144	protein2	599.75	15.55	2.06399
144	protein3	115.1	3.5	1.8569047500000004
144	rnapol	1.1	0.0	0.0
145	__protein1_rbs	9.2	0.0	0.0
145	__protein2_rbs	8.8	0.0	0.0
145	__protein3_rbs	2.3	0.0	0.0
145	__ribosome	32.15	0.0	0.0
145	__rnase_site_ext	15.15	0.0	0.0
145	p0	0.75	0.0	0.0
145	p2	0.8	0.0	0.0
145	protein1	619.1	14.65	2.00964355
145	protein2	606.2	15.65	2.0888878
145	protein3	116.65	3.5	1.85142855
145	rnapol	1.05	0.0	0.0
146	__protein1_rbs	8.85	0.0	0.0
146	__protein2_rbs	9.2	0.0	0.0
146	__protein3_rbs	2.25	0.0	0.0
146	__ribosome	32.5	0.0	0.0
146	__rnase_site_ext	15.3	0.0	0.0
146	p0	0.75	0.0	0.0
146	p2	0.85	0.0	0.0
146	protein1	625.45	14.7	2.0132088500000003
146	protein2	613.25	15.55	2.0820846
146	protein3	117.95	3.5	1.8004762499999998
146	rnapol	1.1	0.0	0.0
147	__protein1_rbs	8.2	0.0	0.0
147	__protein2_rbs	8.6	0.0	0.0
147	__protein3_rbs	2.0	0.0	0.0
147	__ribosome	31.8	0.0	0.0
147	__rnase_site_ext	15.2	0.0	0.0
147	p0	0.75	0.0	0.0
147	p2	0.6	0.0	0.0
147	protein1	631.7	14.8	2.0281898499999995
147	protein2	620.7	15.7	2.0545016999999994
147	protein3	119.25	3.5	1.88357145
147	rnapol	0.95	0.0	0.0
148	__protein1_rbs	8.55	0.0	0.0
148	__protein2_rbs	10.15	0.0	0.0
148	__protein3_rbs	2.0	0.0	0.0
148	__ribosome	31.5	0.0	0.0
148	__rnase_site_ext	15.35	0.0	0.0
148	p0	0.8	0.0	0.0
148	p2	0.9	0.0	0.0
148	protein1	638.1	14.9	2.0296331999999997
148	protein2	626.95	15.85	2.00906285
148	protein3	120.6	3.45	2.07404765
148	rnapol	1.0	0.0	0.0
149	__protein1_rbs	9.1	0.0	0.0
149	__protein2_rbs	9.85	0.0	0.0
149	__protein3_rbs	2.05	0.0	0.0
149	__ribosome	31.15	0.0	0.0
149	__rnase_site_ext	15.45	0.0	0.0
149	p0	0.8	0.0	0.0
149	p2	0.75	0.0	0.0
149	protein1	643.8	14.9	2.06260165
149	protein2	633.45	15.95	2.01813175
149	protein3	122.25	3.45	1.96892855
149	rnapol	1.0	0.0	0.0
150	__protein1_rbs	8.85	0.0	0.0
150	__protein2_rbs	9.0	0.0	0.0
150	__protein3_rbs	1.9	0.0	0.0
150	__ribosome	29.75	0.0	0.0
150	__rnase_site_ext	15.55	0.0	0.0
150	p0	0.85	0.0	0.0
150	p2	0.7	0.0	0.0
150	protein1	650.6	15.0	1.99904745
150	protein2	639.85	16.05	2.1063921000000003
150	protein3	123.4	3.5	2.0878571500000005
150	rnapol	1.1	0.0	0.0
151	__protein1_rbs	9.6	0.0	0.0
151	__protein2_rbs	9.8	0.0	0.0
151	__protein3_rbs	2.3	0.0	0.0
151	__ribosome	31.1	0.0	0.0
151	__rnase_site_ext	15.45	0.0	0.0
151	p0	0.85	0.0	0.0
151	p2	0.9	0.0	0.0
151	protein1	656.6	15.05	1.98270715
151	protein2	647.8	15.95	2.0388954
151	protein3	124.8	3.55	2.1628571500000007
151	rnapol	1.0	0.0	0.0
152	__protein1_rbs	8.8	0.0	0.0
152	__protein2_rbs	9.65	0.0	0.0
152	__protein3_rbs	2.05	0.0	0.0
152	__ribosome	30.65	0.0	0.0
152	__rnase_site_ext	15.7	0.0	0.0
152	p0	0.6	0.0	0.0
152	p2	0.7	0.0	0.0
152	protein1	663.2	15.05	1.97427355
152	protein2	654.5	16.0	2.0587957500000003
152	protein3	126.3	3.55	2.25333335
152	rnapol	0.5	0.0	0.0
153	__protein1_rbs	9.75	0.0	0.0
153	__protein2_rbs	9.15	0.0	0.0
153	__protein3_rbs	2.6	0.0	0.0
153	__ribosome	32.45	0.0	0.0
153	__rnase_site_ext	15.95	0.0	0.0
153	p0	0.85	0.0	0.0
153	p2	0.7	0.0	0.0
153	protein1	670.45	15.2	1.8882714
153	protein2	661.4	15.95	2.0739605
153	protein3	128.0	3.6	2.0003572
153	rnapol	0.55	0.0	0.0
154	__protein1_rbs	9.25	0.0	0.0
154	__protein2_rbs	9.25	0.0	0.0
154	__protein3_rbs	2.2	0.0	0.0
154	__ribosome	31.1	0.0	0.0
154	__rnase_site_ext	15.9	0.0	0.0
154	p0	0.75	0.0	0.0
154	p2	0.8	0.0	0.0
154	protein1	676.45	15.55	1.87736035
154	protein2	667.75	16.05	2.0900315
154	protein3	129.55	3.65	2.0351191
154	rnapol	0.55	0.0	0.0
155	__protein1_rbs	9.3	0.0	0.0
155	__protein2_rbs	9.5	0.0	0.0
155	__protein3_rbs	2.1	0.0	0.0
155	__ribosome	31.7	0.0	0.0
155	__rnase_site_ext	15.85	0.0	0.0
155	p0	0.85	0.0	0.0
155	p2	0.9	0.0	0.0
155	protein1	682.25	15.4	1.9354134000000005
155	protein2	675.5	15.95	2.039812
155	protein3	131.35	3.7	1.83702385
155	rnapol	0.5	0.0	0.0
156	__protein1_rbs	9.85	0.0	0.0
156	__protein2_rbs	9.75	0.0	0.0
156	__protein3_rbs	2.5	0.0	0.0
156	__ribosome	31.2	0.0	0.0
156	__rnase_site_ext	15.85	0.0	0.0
156	p0	0.9	0.0	0.0
156	p2	0.85	0.0	0.0
156	protein1	687.6	15.4	1.99120695
156	protein2	682.25	16.05	2.01894305
156	protein3	132.8	3.75	1.7996428499999997
156	rnapol	0.5	0.0	0.0
157	__protein1_rbs	9.05	0.0	0.0
157	__protein2_rbs	9.55	0.0	0.0
157	__protein3_rbs	2.3	0.0	0.0
157	__ribosome	31.2	0.0	0.0
157	__rnase_site_ext	15.85	0.0	0.0
157	p0	0.85	0.0	0.0
157	p2	0.85	0.0	0.0
157	protein1	695.05	15.45	1.9573343999999997
157	protein2	688.7	16.15	2.02478905
157	protein3	134.15	3.8	1.85511905
157	rnapol	0.45	0.0	0.0
158	__protein1_rbs	9.25	0.0	0.0
158	__protein2_rbs	9.55	0.0	0.0
158	__protein3_rbs	2.5	0.0	0.0
158	__ribosome	30.35	0.0	0.0
158	__rnase_site_ext	15.8	0.0	0.0
158	p0	0.95	0.0	0.0
158	p2	0.75	0.0	0.0
158	protein1	700.95	15.4	1.98767965
158	protein2	696.1	16.2	2.0058046000000003
158	protein3	135.25	3.8	2.0408334
158	rnapol	0.5	0.0	0.0
159	__protein1_rbs	9.15	0.0	0.0
159	__protein2_rbs	10.2	0.0	0.0
159	__protein3_rbs	2.2	0.0	0.0
159	__ribosome	30.75	0.0	0.0
159	__rnase_site_ext	15.65	0.0	0.0
159	p0	0.85	0.0	0.0
159	p2	0.85	0.0	0.0
159	protein1	707.2	15.5	1.9992462
159	protein2	703.0	16.2	1.96190505
159	protein3	137.05	3.75	2.1533333000000003
159	rnapol	0.6	0.0	0.0
160	__protein1_rbs	9.1	0.0	0.0
160	__protein2_rbs	10.6	0.0	0.0
160	__protein3_rbs	2.7	0.0	0.0
160	__ribosome	31.85	0.0	0.0
160	__rnase_site_ext	15.45	0.0	0.0
160	p0	0.85	0.0	0.0
160	p2	0.7	0.0	0.0
160	protein1	713.85	15.15	2.0418106499999995
160	protein2	709.8	16.45	1.89639935
160	protein3	138.75	3.75	1.9855952000000001
160	rnapol	0.7	0.0	0.0
161	__protein1_rbs	9.3	0.0	0.0
161	__protein2_rbs	10.4	0.0	0.0
161	__protein3_rbs	2.4	0.0	0.0
161	__ribosome	31.25	0.0	0.0
161	__rnase_site_ext	15.45	0.0	0.0
161	p0	0.85	0.0	0.0
161	p2	0.8	0.0	0.0
161	protein1	720.3	15.1	2.05383475
161	protein2	716.6	16.75	1.8928113999999998
161	protein3	140.05	3.8	1.9236904000000004
161	rnapol	0.8	0.0	0.0
162	__protein1_rbs	9.05	0.0	0.0
162	__protein2_rbs	10.1	0.0	0.0
162	__protein3_rbs	1.85	0.0	0.0
162	__ribosome	30.5	0.0	0.0
162	__rnase_site_ext	15.35	0.0	0.0
162	p0	0.75	0.0	0.0
162	p2	0.8	0.0	0.0
162	protein1	726.55	15.05	2.0565082
162	protein2	723.35	16.65	1.9254333
162	protein3	141.85	3.75	2.04464285
162	rnapol	0.8	0.0	0.0
163	__protein1_rbs	9.3	0.0	0.0
163	__protein2_rbs	10.45	0.0	0.0
163	__protein3_rbs	2.35	0.0	0.0
163	__ribosome	31.9	0.0	0.0
163	__rnase_site_ext	15.35	0.0	0.0
163	p0	0.9	0.0	0.0
163	p2	0.85	0.0	0.0
163	protein1	733.25	14.95	2.02880975
163	protein2	730.65	16.55	1.9026696499999995
163	protein3	143.35	3.75	2.0061905
163	rnapol	0.95	0.0	0.0
164	__protein1_rbs	9.1	0.0	0.0
164	__protein2_rbs	9.85	0.0	0.0
164	__protein3_rbs	2.6	0.0	0.0
164	__ribosome	30.85	0.0	0.0
164	__rnase_site_ext	15.4	0.0	0.0
164	p0	0.85	0.0	0.0
164	p2	0.85	0.0	0.0
164	protein1	740.15	15.05	1.9991166
164	protein2	736.8	16.55	1.9752112500000003
164	protein3	144.7	3.9	1.9858333
164	rnapol	0.95	0.0	0.0
165	__protein1_rbs	9.3	0.0	0.0
165	__protein2_rbs	10.1	0.0	0.0
165	__protein3_rbs	2.3	0.0	0.0
165	__ribosome	30.15	0.0	0.0
165	__rnase_site_ext	15.35	0.0	0.0
165	p0	0.8	0.0	0.0
165	p2	0.4	0.0	0.0
165	protein1	746.4	15.15	1.96830895
165	protein2	743.25	16.55	2.0291762
165	protein3	146.2	3.95	1.9816667000000001
165	rnapol	1.0	0.0	0.0
166	__protein1_rbs	9.85	0.0	0.0
166	__protein2_rbs	10.0	0.0	0.0
166	__protein3_rbs	2.4	0.0	0.0
166	__ribosome	31.35	0.0	0.0
166	__rnase_site_ext	15.5	0.0	0.0
166	p0	0.75	0.0	0.0
166	p2	0.9	0.0	0.0
166	protein1	752.9	15.0	1.91727085
166	protein2	750.6	16.45	1.99366705
166	protein3	147.6	3.9	2.0829167
166	rnapol	1.2	0.0	0.0
167	__protein1_rbs	8.85	0.0	0.0
167	__protein2_rbs	10.3	0.0	0.0
167	__protein3_rbs	2.2	0.0	0.0
167	__ribosome	31.8	0.0	0.0
167	__rnase_site_ext	15.75	0.0	0.0
167	p0	0.65	0.0	0.0
167	p2	0.75	0.0	0.0
167	protein1	759.5	15.15	1.9319127000000005
167	protein2	758.05	16.4	1.95367775
167	protein3	149.35	3.95	2.11458335
167	rnapol	0.9	0.0	0.0
168	__protein1_rbs	9.2	0.0	0.0
168	__protein2_rbs	9.65	0.0	0.0
168	__protein3_rbs	2.35	0.0	0.0
168	__ribosome	30.35	0.0	0.0
168	__rnase_site_ext	15.8	0.0	0.0
168	p0	0.95	0.0	0.0
168	p2	0.95	0.0	0.0
168	protein1	765.45	15.4	1.94399675
168	protein2	764.5	16.45	1.99678545
168	protein3	150.85	3.9	2.075
168	rnapol	1.05	0.0	0.0
169	__protein1_rbs	9.65	0.0	0.0
169	__protein2_rbs	10.1	0.0	0.0
169	__protein3_rbs	2.5	0.0	0.0
169	__ribosome	30.4	0.0	0.0
169	__rnase_site_ext	15.95	0.0	0.0
169	p0	0.95	0.0	0.0
169	p2	0.85	0.0	0.0
169	protein1	771.2	15.45	1.9825509500000005
169	protein2	771.75	16.5	1.9682779
169	protein3	152.55	3.95	2.08458335
169	rnapol	0.95	0.0	0.0
170	__protein1_rbs	9.95	0.0	0.0
170	__protein2_rbs	9.6	0.0	0.0
170	__protein3_rbs	2.55	0.0	0.0
170	__ribosome	31.6	0.0	0.0
170	__rnase_site_ext	15.9	0.0	0.0
170	p0	0.75	0.0	0.0
170	p2	0.85	0.0	0.0
170	protein1	777.95	15.6	1.9043298999999998
170	protein2	778.8	16.35	1.9784213
170	protein3	154.55	3.85	1.94750005
170	rnapol	0.9	0.0	0.0
171	__protein1_rbs	9.15	0.0	0.0
171	__protein2_rbs	10.95	0.0	0.0
171	__protein3_rbs	2.3	0.0	0.0
171	__ribosome	31.75	0.0	0.0
171	__rnase_site_ext	15.75	0.0	0.0
171	p0	0.7	0.0	0.0
171	p2	0.95	0.0	0.0
171	protein1	784.1	15.5	1.9606081000000002
171	protein2	785.9	16.55	1.89221275
171	protein3	156.2	3.85	2.00291665
171	rnapol	0.7	0.0	0.0
172	__protein1_rbs	9.5	0.0	0.0
172	__protein2_rbs	10.0	0.0	0.0
172	__protein3_rbs	2.6	0.0	0.0
172	__ribosome	32.2	0.0	0.0
172	__rnase_site_ext	15.75	0.0	0.0
172	p0	0.8	0.0	0.0
172	p2	0.8	0.0	0.0
172	protein1	791.25	15.3	1.93745405
172	protein2	793.0	16.8	1.8970915
172	protein3	157.95	3.8	1.9304166500000004
172	rnapol	0.55	0.0	0.0
173	__protein1_rbs	9.7	0.0	0.0
173	__protein2_rbs	9.95	0.0	0.0
173	__protein3_rbs	2.15	0.0	0.0
173	__ribosome	30.85	0.0	0.0
173	__rnase_site_ext	15.9	0.0	0.0
173	p0	0.85	0.0	0.0
173	p2	0.85	0.0	0.0
173	protein1	797.35	15.45	1.9498685500000004
173	protein2	799.65	16.55	1.9448668
173	protein3	159.35	3.8	2.0525
173	rnapol	0.5	0.0	0.0
174	__protein1_rbs	8.75	0.0	0.0
174	__protein2_rbs	10.15	0.0	0.0
174	__protein3_rbs	2.35	0.0	0.0
174	__ribosome	30.45	0.0	0.0
174	__rnase_site_ext	16.05	0.0	0.0
174	p0	0.9	0.0	0.0
174	p2	0.8	0.0	0.0
174	protein1	803.65	15.6	1.9742484
174	protein2	806.8	16.6	1.95175545
174	protein3	161.15	3.7	inf
174	rnapol	0.7	0.0	0.0
175	__protein1_rbs	9.55	0.0	0.0
175	__protein2_rbs	10.3	0.0	0.0
175	__protein3_rbs	1.8	0.0	0.0
175	__ribosome	28.85	0.0	0.0
175	__rnase_site_ext	16.0	0.0	0.0
175	p0	0.8	0.0	0.0
175	p2	0.8	0.0	0.0
175	protein1	809.65	15.7	2.0193060000000003
175	protein2	813.2	16.8	1.9465929
175	protein3	162.75	3.8	2.0658333
175	rnapol	0.7	0.0	0.0
176	__protein1_rbs	9.75	0.0	0.0
176	__protein2_rbs	10.35	0.0	0.0
176	__protein3_rbs	2.3	0.0	0.0
176	__ribosome	28.75	0.0	0.0
176	__rnase_site_ext	16.1	0.0	0.0
176	p0	0.9	0.0	0.0
176	p2	0.75	0.0	0.0
176	protein1	816.7	15.75	1.98636645
176	protein2	819.9	16.8	1.954647
176	protein3	164.1	3.8	2.18124995
176	rnapol	0.65	0.0	0.0
177	__protein1_rbs	9.9	0.0	0.0
177	__protein2_rbs	10.2	0.0	0.0
177	__protein3_rbs	2.05	0.0	0.0
177	__ribosome	30.6	0.0	0.0
177	__rnase_site_ext	15.95	0.0	0.0
177	p0	0.8	0.0	0.0
177	p2	0.7	0.0	0.0
177	protein1	823.35	15.85	1.9525420500000004
177	protein2	827.95	16.65	1.8947663
177	protein3	165.95	3.75	2.11583335
177	rnapol	0.55	0.0	0.0
178	__protein1_rbs	10.05	0.0	0.0
178	__protein2_rbs	10.65	0.0	0.0
178	__protein3_rbs	2.05	0.0	0.0
178	__ribosome	30.6	0.0	0.0
178	__rnase_site_ext	16.05	0.0	0.0
178	p0	0.9	0.0	0.0
178	p2	0.95	0.0	0.0
178	protein1	829.75	15.7	1.96822825
178	protein2	834.4	16.45	1.91540605
178	protein3	167.55	3.8	2.1087500500000003
178	rnapol	0.65	0.0	0.0
179	__protein1_rbs	9.7	0.0	0.0
179	__protein2_rbs	10.8	0.0	0.0
179	__protein3_rbs	2.35	0.0	0.0
179	__ribosome	31.5	0.0	0.0
179	__rnase_site_ext	16.15	0.0	0.0
179	p0	0.85	0.0	0.0
179	p2	0.6	0.0	0.0
179	protein1	836.9	15.75	1.9430484000000001
179	protein2	841.3	16.9	1.83457295
179	protein3	169.2	3.75	2.1383332999999998
179	rnapol	0.45	0.0	0.0
180	__protein1_rbs	9.2	0.0	0.0
180	__protein2_rbs	9.75	0.0	0.0
180	__protein3_rbs	2.55	0.0	0.0
180	__ribosome	31.25	0.0	0.0
180	__rnase_site_ext	16.25	0.0	0.0
180	p0	0.75	0.0	0.0
180	p2	0.55	0.0	0.0
180	protein1	844.15	15.85	1.94260965
180	protein2	848.2	16.65	1.9022052
180	protein3	171.0	3.85	1.9412499
180	rnapol	0.55	0.0	0.0
181	__protein1_rbs	10.45	0.0	0.0
181	__protein2_rbs	10.2	0.0	0.0
181	__protein3_rbs	2.6	0.0	0.0
181	__ribosome	31.4	0.0	0.0
181	__rnase_site_ext	16.0	0.0	0.0
181	p0	0.9	0.0	0.0
181	p2	0.8	0.0	0.0
181	protein1	850.65	15.75	1.91601725
181	protein2	855.2	16.8	1.92024155
181	protein3	172.55	3.85	1.86541665
181	rnapol	0.65	0.0	0.0
182	__protein1_rbs	9.55	0.0	0.0
182	__protein2_rbs	10.6	0.0	0.0
182	__protein3_rbs	2.9	0.0	0.0
182	__ribosome	30.85	0.0	0.0
182	__rnase_site_ext	16.25	0.0	0.0
182	p0	0.8	0.0	0.0
182	p2	0.85	0.0	0.0
182	protein1	856.7	15.8	1.9705995500000004
182	protein2	862.1	16.9	1.907619
182	protein3	174.35	3.85	1.7404165999999996
182	rnapol	0.5	0.0	0.0
183	__protein1_rbs	10.55	0.0	0.0
183	__protein2_rbs	11.4	0.0	0.0
183	__protein3_rbs	2.35	0.0	0.0
183	__ribosome	31.85	0.0	0.0
183	__rnase_site_ext	16.15	0.0	0.0
183	p0	0.9	0.0	0.0
183	p2	0.8	0.0	0.0
183	protein1	863.8	15.85	1.8901726000000003
183	protein2	868.45	16.95	1.89514515
183	protein3	176.1	4.1	1.7380357
183	rnapol	0.55	0.0	0.0
184	__protein1_rbs	9.55	0.0	0.0
184	__protein2_rbs	10.4	0.0	0.0
184	__protein3_rbs	2.4	0.0	0.0
184	__ribosome	30.2	0.0	0.0
184	__rnase_site_ext	15.95	0.0	0.0
184	p0	0.8	0.0	0.0
184	p2	0.75	0.0	0.0
184	protein1	870.3	15.85	1.91772505
184	protein2	875.6	17.05	1.92687925
184	protein3	177.25	4.2	1.8294047999999998
184	rnapol	0.45	0.0	0.0
185	__protein1_rbs	9.45	0.0	0.0
185	__protein2_rbs	10.15	0.0	0.0
185	__protein3_rbs	2.75	0.0	0.0
185	__ribosome	31.6	0.0	0.0
185	__rnase_site_ext	16.0	0.0	0.0
185	p0	0.95	0.0	0.0
185	p2	0.65	0.0	0.0
185	protein1	877.5	15.65	1.9085644
185	protein2	883.6	16.85	1.8967368500000004
185	protein3	179.05	4.25	1.8657142500000004
185	rnapol	0.6	0.0	0.0
186	__protein1_rbs	8.85	0.0	0.0
186	__protein2_rbs	10.2	0.0	0.0
186	__protein3_rbs	2.9	0.0	0.0
186	__ribosome	29.7	0.0	0.0
186	__rnase_site_ext	16.1	0.0	0.0
186	p0	0.95	0.0	0.0
186	p2	0.75	0.0	0.0
186	protein1	884.05	15.65	1.97144275
186	protein2	890.2	16.95	1.92973705
186	protein3	180.4	4.15	2.1086905499999995
186	rnapol	0.65	0.0	0.0
187	__protein1_rbs	9.9	0.0	0.0
187	__protein2_rbs	10.8	0.0	0.0
187	__protein3_rbs	2.85	0.0	0.0
187	__ribosome	29.3	0.0	0.0
187	__rnase_site_ext	16.3	0.0	0.0
187	p0	0.8	0.0	0.0
187	p2	0.7	0.0	0.0
187	protein1	890.0	15.8	1.9808858999999996
187	protein2	897.15	17.1	1.91288465
187	protein3	182.0	4.25	1.9947221999999998
187	rnapol	0.6	0.0	0.0
188	__protein1_rbs	9.3	0.0	0.0
188	__protein2_rbs	10.95	0.0	0.0
188	__protein3_rbs	2.9	0.0	0.0
188	__ribosome	29.25	0.0	0.0
188	__rnase_site_ext	16.2	0.0	0.0
188	p0	0.9	0.0	0.0
188	p2	0.75	0.0	0.0
188	protein1	896.6	15.75	2.02407755
188	protein2	904.6	17.15	1.8818018000000003
188	protein3	183.9	4.2	1.86666665
188	rnapol	0.9	0.0	0.0
189	__protein1_rbs	10.25	0.0	0.0
189	__protein2_rbs	9.9	0.0	0.0
189	__protein3_rbs	2.6	0.0	0.0
189	__ribosome	28.95	0.0	0.0
189	__rnase_site_ext	16.3	0.0	0.0
189	p0	0.85	0.0	0.0
189	p2	0.8	0.0	0.0
189	protein1	903.05	15.8	2.01692725
189	protein2	911.6	17.05	1.9397450000000005
189	protein3	185.85	4.2	1.8280357
189	rnapol	1.05	0.0	0.0
190	__protein1_rbs	9.75	0.0	0.0
190	__protein2_rbs	11.15	0.0	0.0
190	__protein3_rbs	2.6	0.0	0.0
190	__ribosome	29.8	0.0	0.0
190	__rnase_site_ext	16.45	0.0	0.0
190	p0	0.7	0.0	0.0
190	p2	0.6	0.0	0.0
190	protein1	910.65	15.8	1.9762335
190	protein2	918.45	17.0	1.9161772000000001
190	protein3	187.35	4.25	1.8874802
190	rnapol	0.8	0.0	0.0
191	__protein1_rbs	9.85	0.0	0.0
191	__protein2_rbs	10.3	0.0	0.0
191	__protein3_rbs	2.7	0.0	0.0
191	__ribosome	29.3	0.0	0.0
191	__rnase_site_ext	16.5	0.0	0.0
191	p0	0.85	0.0	0.0
191	p2	0.85	0.0	0.0
191	protein1	917.45	16.1	1.96506905
191	protein2	925.9	17.05	1.9320096999999998
191	protein3	189.0	4.2	1.85339285
191	rnapol	0.85	0.0	0.0
192	__protein1_rbs	10.55	0.0	0.0
192	__protein2_rbs	10.8	0.0	0.0
192	__protein3_rbs	2.75	0.0	0.0
192	__ribosome	29.85	0.0	0.0
192	__rnase_site_ext	16.2	0.0	0.0
192	p0	0.95	0.0	0.0
192	p2	0.65	0.0	0.0
192	protein1	924.0	16.1	1.95167665
192	protein2	932.9	17.0	1.93110555
192	protein3	190.95	4.3	1.7488094999999997
192	rnapol	0.95	0.0	0.0
193	__protein1_rbs	9.75	0.0	0.0
193	__protein2_rbs	10.9	0.0	0.0
193	__protein3_rbs	2.7	0.0	0.0
193	__ribosome	29.2	0.0	0.0
193	__rnase_site_ext	16.3	0.0	0.0
193	p0	0.8	0.0	0.0
193	p2	0.9	0.0	0.0
193	protein1	930.95	15.9	2.01129145
193	protein2	939.85	16.9	1.94217535
193	protein3	192.45	4.4	1.7576189999999996
193	rnapol	1.0	0.0	0.0
194	__protein1_rbs	10.0	0.0	0.0
194	__protein2_rbs	10.0	0.0	0.0
194	__protein3_rbs	2.75	0.0	0.0
194	__ribosome	29.25	0.0	0.0
194	__rnase_site_ext	16.55	0.0	0.0
194	p0	0.75	0.0	0.0
194	p2	0.9	0.0	0.0
194	protein1	937.9	16.05	1.97607465
194	protein2	947.45	16.95	1.93130105
194	protein3	194.1	4.35	1.7914881
194	rnapol	0.9	0.0	0.0
195	__protein1_rbs	9.7	0.0	0.0
195	__protein2_rbs	10.85	0.0	0.0
195	__protein3_rbs	3.15	0.0	0.0
195	__ribosome	30.15	0.0	0.0
195	__rnase_site_ext	16.85	0.0	0.0
195	p0	0.8	0.0	0.0
195	p2	0.8	0.0	0.0
195	protein1	944.95	16.25	1.9623563
195	protein2	954.95	16.85	1.8941147
195	protein3	195.85	4.35	1.7523809500000005
195	rnapol	0.95	0.0	0.0
196	__protein1_rbs	10.7	0.0	0.0
196	__protein2_rbs	10.3	0.0	0.0
196	__protein3_rbs	2.9	0.0	0.0
196	__ribosome	30.1	0.0	0.0
196	__rnase_site_ext	16.85	0.0	0.0
196	p0	0.6	0.0	0.0
196	p2	0.8	0.0	0.0
196	protein1	951.8	16.45	1.9093761999999999
196	protein2	962.15	16.9	1.9133533000000005
196	protein3	197.4	4.35	1.7677381
196	rnapol	0.75	0.0	0.0
197	__protein1_rbs	10.95	0.0	0.0
197	__protein2_rbs	10.5	0.0	0.0
197	__protein3_rbs	2.7	0.0	0.0
197	__ribosome	29.4	0.0	0.0
197	__rnase_site_ext	17.05	0.0	0.0
197	p0	0.85	0.0	0.0
197	p2	0.85	0.0	0.0
197	protein1	958.7	16.5	1.9146912
197	protein2	968.8	16.9	1.9457638
197	protein3	199.05	4.3	1.89654765
197	rnapol	0.85	0.0	0.0
198	__protein1_rbs	10.5	0.0	0.0
198	__protein2_rbs	10.75	0.0	0.0
198	__protein3_rbs	2.6	0.0	0.0
198	__ribosome	28.75	0.0	0.0
198	__rnase_site_ext	17.05	0.0	0.0
198	p0	0.85	0.0	0.0
198	p2	0.8	0.0	0.0
198	protein1	965.2	16.7	1.90050915
198	protein2	976.25	16.9	1.9463909
198	protein3	200.65	4.2	2.0622618999999998
198	rnapol	0.85	0.0	0.0
199	__protein1_rbs	11.1	0.0	0.0
199	__protein2_rbs	10.7	0.0	0.0
199	__protein3_rbs	2.8	0.0	0.0
199	__ribosome	29.8	0.0	0.0
199	__rnase_site_ext	17.1	0.0	0.0
199	p0	0.85	0.0	0.0
199	p2	0.95	0.0	0.0
199	protein1	972.55	16.7	1.86292955
199	protein2	983.3	17.05	1.93140135
199	protein3	202.55	4.2	1.9255357
199	rnapol	0.95	0.0	0.0
200	__protein1_rbs	10.15	0.0	0.0
200	__protein2_rbs	10.5	0.0	0.0
200	__protein3_rbs	2.3	0.0	0.0
200	__ribosome	28.45	0.0	0.0
200	__rnase_site_ext	17.25	0.0	0.0
200	p0	0.85	0.0	0.0
200	p2	0.85	0.0	0.0
200	protein1	979.4	16.7	1.8915061
200	protein2	990.35	17.1	1.9394748500000003
200	protein3	204.15	4.3	1.92672615
200	rnapol	0.8	0.0	0.0
201	__protein1_rbs	10.15	0.0	0.0
201	__protein2_rbs	11.0	0.0	0.0
201	__protein3_rbs	2.7	0.0	0.0
201	__ribosome	28.65	0.0	0.0
201	__rnase_site_ext	17.45	0.0	0.0
201	p0	0.8	0.0	0.0
201	p2	0.8	0.0	0.0
201	protein1	986.35	16.75	1.88201725
201	protein2	998.0	17.2	1.89486055
201	protein3	205.75	4.3	1.90142855
201	rnapol	0.65	0.0	0.0
202	__protein1_rbs	10.6	0.0	0.0
202	__protein2_rbs	11.4	0.0	0.0
202	__protein3_rbs	2.45	0.0	0.0
202	__ribosome	28.4	0.0	0.0
202	__rnase_site_ext	17.55	0.0	0.0
202	p0	0.75	0.0	0.0
202	p2	0.75	0.0	0.0
202	protein1	993.1	17.0	1.86244605
202	protein2	1005.1	17.35	1.85885075
202	protein3	207.6	4.35	2.0219643
202	rnapol	0.45	0.0	0.0
203	__protein1_rbs	10.75	0.0	0.0
203	__protein2_rbs	11.25	0.0	0.0
203	__protein3_rbs	2.95	0.0	0.0
203	__ribosome	29.05	0.0	0.0
203	__rnase_site_ext	17.45	0.0	0.0
203	p0	0.9	0.0	0.0
203	p2	0.65	0.0	0.0
203	protein1	1000.6	17.2	1.81383215
203	protein2	1012.3	17.5	1.8495598
203	protein3	209.45	4.3	1.92363095
203	rnapol	0.45	0.0	0.0
204	__protein1_rbs	10.8	0.0	0.0
204	__protein2_rbs	11.65	0.0	0.0
204	__protein3_rbs	3.05	0.0	0.0
204	__ribosome	28.3	0.0	0.0
204	__rnase_site_ext	17.4	0.0	0.0
204	p0	0.85	0.0	0.0
204	p2	0.75	0.0	0.0
204	protein1	1006.7	17.15	1.8803457500000005
204	protein2	1019.65	17.7	1.8195574
204	protein3	211.0	4.35	1.8786904999999998
204	rnapol	0.6	0.0	0.0
205	__protein1_rbs	10.35	0.0	0.0
205	__protein2_rbs	11.8	0.0	0.0
205	__protein3_rbs	3.05	0.0	0.0
205	__ribosome	30.15	0.0	0.0
205	__rnase_site_ext	17.6	0.0	0.0
205	p0	0.75	0.0	0.0
205	p2	0.75	0.0	0.0
205	protein1	1014.55	17.0	1.87344295
205	protein2	1027.25	17.8	1.7714655999999998
205	protein3	213.25	4.4	1.7728572
205	rnapol	0.6	0.0	0.0
206	__protein1_rbs	10.65	0.0	0.0
206	__protein2_rbs	11.85	0.0	0.0
206	__protein3_rbs	2.8	0.0	0.0
206	__ribosome	29.5	0.0	0.0
206	__rnase_site_ext	17.55	0.0	0.0
206	p0	0.85	0.0	0.0
206	p2	0.7	0.0	0.0
206	protein1	1020.85	17.25	1.91061655
206	protein2	1034.65	17.65	1.7721381499999995
206	protein3	214.95	4.4	1.73625
206	rnapol	0.6	0.0	0.0
207	__protein1_rbs	10.6	0.0	0.0
207	__protein2_rbs	10.4	0.0	0.0
207	__protein3_rbs	2.6	0.0	0.0
207	__ribosome	28.1	0.0	0.0
207	__rnase_site_ext	17.55	0.0	0.0
207	p0	0.9	0.0	0.0
207	p2	0.75	0.0	0.0
207	protein1	1027.9	17.15	1.95453875
207	protein2	1041.5	17.7	1.81980745
207	protein3	216.9	4.2	1.80750005
207	rnapol	0.65	0.0	0.0
208	__protein1_rbs	10.75	0.0	0.0
208	__protein2_rbs	11.95	0.0	0.0
208	__protein3_rbs	2.55	0.0	0.0
208	__ribosome	28.55	0.0	0.0
208	__rnase_site_ext	17.6	0.0	0.0
208	p0	0.95	0.0	0.0
208	p2	0.6	0.0	0.0
208	protein1	1035.15	17.2	1.9652703
208	protein2	1048.95	17.75	1.7776874
208	protein3	218.7	4.25	1.7685714999999995
208	rnapol	0.8	0.0	0.0
209	__protein1_rbs	10.6	0.0	0.0
209	__protein2_rbs	12.05	0.0	0.0
209	__protein3_rbs	2.6	0.0	0.0
209	__ribosome	29.4	0.0	0.0
209	__rnase_site_ext	17.65	0.0	0.0
209	p0	0.8	0.0	0.0
209	p2	0.8	0.0	0.0
209	protein1	1043.35	17.2	1.8949599000000004
209	protein2	1056.05	17.9	1.7532210999999993
209	protein3	220.15	4.25	1.808631
209	rnapol	0.9	0.0	0.0
210	__protein1_rbs	10.3	0.0	0.0
210	__protein2_rbs	11.1	0.0	0.0
210	__protein3_rbs	2.7	0.0	0.0
210	__ribosome	28.1	0.0	0.0
210	__rnase_site_ext	17.85	0.0	0.0
210	p0	0.7	0.0	0.0
210	p2	0.85	0.0	0.0
210	protein1	1050.45	17.25	1.9129765
210	protein2	1062.7	17.9	1.78328035
210	protein3	221.6	4.25	1.9232143
210	rnapol	0.7	0.0	0.0
211	__protein1_rbs	11.75	0.0	0.0
211	__protein2_rbs	11.85	0.0	0.0
211	__protein3_rbs	2.85	0.0	0.0
211	__ribosome	29.85	0.0	0.0
211	__rnase_site_ext	17.7	0.0	0.0
211	p0	0.85	0.0	0.0
211	p2	0.75	0.0	0.0
211	protein1	1058.3	17.55	1.82428015
211	protein2	1069.9	18.05	1.7570265500000002
211	protein3	223.85	4.3	1.8083333500000005
211	rnapol	0.7	0.0	0.0
212	__protein1_rbs	10.65	0.0	0.0
212	__protein2_rbs	11.2	0.0	0.0
212	__protein3_rbs	2.65	0.0	0.0
212	__ribosome	27.9	0.0	0.0
212	__rnase_site_ext	17.85	0.0	0.0
212	p0	0.65	0.0	0.0
212	p2	0.85	0.0	0.0
212	protein1	1065.3	17.4	1.9172884
212	protein2	1077.35	18.15	1.76931095
212	protein3	225.5	4.4	1.89226185
212	rnapol	0.5	0.0	0.0
213	__protein1_rbs	11.35	0.0	0.0
213	__protein2_rbs	11.55	0.0	0.0
213	__protein3_rbs	2.85	0.0	0.0
213	__ribosome	28.15	0.0	0.0
213	__rnase_site_ext	17.9	0.0	0.0
213	p0	0.9	0.0	0.0
213	p2	0.8	0.0	0.0
213	protein1	1072.95	17.45	1.85475835
213	protein2	1084.3	18.25	1.7892084499999998
213	protein3	227.35	4.45	1.87511905
213	rnapol	0.55	0.0	0.0
214	__protein1_rbs	10.4	0.0	0.0
214	__protein2_rbs	11.15	0.0	0.0
214	__protein3_rbs	3.05	0.0	0.0
214	__ribosome	26.45	0.0	0.0
214	__rnase_site_ext	17.9	0.0	0.0
214	p0	0.95	0.0	0.0
214	p2	0.75	0.0	0.0
214	protein1	1080.3	17.55	1.8783040000000004
214	protein2	1091.25	18.4	1.82644195
214	protein3	229.05	4.5	1.78113095
214	rnapol	0.55	0.0	0.0
215	__protein1_rbs	12.0	0.0	0.0
215	__protein2_rbs	12.7	0.0	0.0
215	__protein3_rbs	2.85	0.0	0.0
215	__ribosome	26.45	0.0	0.0
215	__rnase_site_ext	17.7	0.0	0.0
215	p0	0.85	0.0	0.0
215	p2	0.8	0.0	0.0
215	protein1	1087.15	17.55	1.87553255
215	protein2	1098.2	18.65	1.8011189999999997
215	protein3	231.0	4.5	1.76547615
215	rnapol	0.65	0.0	0.0
216	__protein1_rbs	11.65	0.0	0.0
216	__protein2_rbs	11.75	0.0	0.0
216	__protein3_rbs	2.75	0.0	0.0
216	__ribosome	26.7	0.0	0.0
216	__rnase_site_ext	17.85	0.0	0.0
216	p0	0.75	0.0	0.0
216	p2	0.9	0.0	0.0
216	protein1	1095.2	17.45	1.8164223999999998
216	protein2	1105.65	18.55	1.839135
216	protein3	232.8	4.65	1.8619047999999998
216	rnapol	0.55	0.0	0.0
217	__protein1_rbs	11.85	0.0	0.0
217	__protein2_rbs	11.45	0.0	0.0
217	__protein3_rbs	3.2	0.0	0.0
217	__ribosome	26.8	0.0	0.0
217	__rnase_site_ext	17.7	0.0	0.0
217	p0	0.85	0.0	0.0
217	p2	0.8	0.0	0.0
217	protein1	1101.75	17.5	1.7985744
217	protein2	1113.3	18.7	1.8418448500000004
217	protein3	234.65	4.65	1.7962698500000005
217	rnapol	0.55	0.0	0.0
218	__protein1_rbs	10.7	0.0	0.0
218	__protein2_rbs	12.3	0.0	0.0
218	__protein3_rbs	2.95	0.0	0.0
218	__ribosome	27.5	0.0	0.0
218	__rnase_site_ext	17.85	0.0	0.0
218	p0	0.9	0.0	0.0
218	p2	0.65	0.0	0.0
218	protein1	1109.35	17.4	1.7968389000000002
218	protein2	1121.25	18.8	1.81217365
218	protein3	236.75	4.55	1.83321425
218	rnapol	0.65	0.0	0.0
219	__protein1_rbs	11.5	0.0	0.0
219	__protein2_rbs	12.0	0.0	0.0
219	__protein3_rbs	2.85	0.0	0.0
219	__ribosome	27.65	0.0	0.0
219	__rnase_site_ext	17.75	0.0	0.0
219	p0	0.85	0.0	0.0
219	p2	0.65	0.0	0.0
219	protein1	1117.1	17.5	1.76113945
219	protein2	1128.65	18.6	1.8450233499999995
219	protein3	238.35	4.55	1.7731348999999998
219	rnapol	0.65	0.0	0.0
220	__protein1_rbs	11.1	0.0	0.0
220	__protein2_rbs	11.4	0.0	0.0
220	__protein3_rbs	3.05	0.0	0.0
220	__ribosome	26.95	0.0	0.0
220	__rnase_site_ext	17.65	0.0	0.0
220	p0	0.95	0.0	0.0
220	p2	0.7	0.0	0.0
220	protein1	1124.25	17.25	1.7991689999999998
220	protein2	1136.4	18.7	1.8788553
220	protein3	240.45	4.6	1.7485714499999996
220	rnapol	0.7	0.0	0.0
221	__protein1_rbs	11.6	0.0	0.0
221	__protein2_rbs	12.8	0.0	0.0
221	__protein3_rbs	3.0	0.0	0.0
221	__ribosome	27.0	0.0	0.0
221	__rnase_site_ext	17.55	0.0	0.0
221	p0	0.9	0.0	0.0
221	p2	0.65	0.0	0.0
221	protein1	1130.4	17.3	1.80431805
221	protein2	1143.85	18.75	1.8432891500000004
221	protein3	242.2	4.7	1.7855556000000001
221	rnapol	0.9	0.0	0.0
222	__protein1_rbs	10.35	0.0	0.0
222	__protein2_rbs	12.7	0.0	0.0
222	__protein3_rbs	2.95	0.0	0.0
222	__ribosome	27.35	0.0	0.0
222	__rnase_site_ext	17.35	0.0	0.0
222	p0	0.9	0.0	0.0
222	p2	0.8	0.0	0.0
222	protein1	1137.55	17.25	1.8279331
222	protein2	1152.3	18.85	1.7922640499999996
222	protein3	244.35	4.8	1.7401785999999997
222	rnapol	1.15	0.0	0.0
223	__protein1_rbs	11.1	0.0	0.0
223	__protein2_rbs	11.7	0.0	0.0
223	__protein3_rbs	3.4	0.0	0.0
223	__ribosome	27.75	0.0	0.0
223	__rnase_site_ext	17.6	0.0	0.0
223	p0	0.75	0.0	0.0
223	p2	0.85	0.0	0.0
223	protein1	1144.9	17.0	1.8489285
223	protein2	1160.3	18.9	1.7829014499999996
223	protein3	246.25	4.8	1.7709524
223	rnapol	0.95	0.0	0.0
224	__protein1_rbs	10.9	0.0	0.0
224	__protein2_rbs	12.25	0.0	0.0
224	__protein3_rbs	3.1	0.0	0.0
224	__ribosome	27.4	0.0	0.0
224	__rnase_site_ext	17.7	0.0	0.0
224	p0	0.8	0.0	0.0
224	p2	0.75	0.0	0.0
224	protein1	1152.3	17.2	1.8171434
224	protein2	1167.8	18.9	1.80596325
224	protein3	247.7	4.7	1.85357145
224	rnapol	0.8	0.0	0.0
225	__protein1_rbs	11.55	0.0	0.0
225	__protein2_rbs	12.25	0.0	0.0
225	__protein3_rbs	2.85	0.0	0.0
225	__ribosome	26.9	0.0	0.0
225	__rnase_site_ext	17.9	0.0	0.0
225	p0	0.9	0.0	0.0
225	p2	0.9	0.0	0.0
225	protein1	1158.9	17.25	1.79912535
225	protein2	1175.1	18.85	1.83552585
225	protein3	249.65	4.7	1.83613095
225	rnapol	0.8	0.0	0.0
226	__protein1_rbs	11.25	0.0	0.0
226	__protein2_rbs	12.7	0.0	0.0
226	__protein3_rbs	2.95	0.0	0.0
226	__ribosome	27.65	0.0	0.0
226	__rnase_site_ext	17.9	0.0	0.0
226	p0	0.8	0.0	0.0
226	p2	0.75	0.0	0.0
226	protein1	1165.75	17.55	1.7748330999999995
226	protein2	1183.2	18.75	1.7970423500000003
226	protein3	251.6	4.7	1.85202385
226	rnapol	0.8	0.0	0.0
227	__protein1_rbs	11.3	0.0	0.0
227	__protein2_rbs	11.95	0.0	0.0
227	__protein3_rbs	3.05	0.0	0.0
227	__ribosome	28.1	0.0	0.0
227	__rnase_site_ext	17.85	0.0	0.0
227	p0	0.85	0.0	0.0
227	p2	0.85	0.0	0.0
227	protein1	1173.35	17.5	1.76079935
227	protein2	1190.85	18.75	1.80835425
227	protein3	253.85	4.65	1.8573485
227	rnapol	1.05	0.0	0.0
228	__protein1_rbs	11.1	0.0	0.0
228	__protein2_rbs	11.55	0.0	0.0
228	__protein3_rbs	2.75	0.0	0.0
228	__ribosome	26.45	0.0	0.0
228	__rnase_site_ext	18.0	0.0	0.0
228	p0	0.8	0.0	0.0
228	p2	0.75	0.0	0.0
228	protein1	1180.15	17.55	1.8150987
228	protein2	1198.8	18.7	1.81416705
228	protein3	255.3	4.65	1.9199675
228	rnapol	1.0	0.0	0.0
229	__protein1_rbs	11.75	0.0	0.0
229	__protein2_rbs	11.5	0.0	0.0
229	__protein3_rbs	3.1	0.0	0.0
229	__ribosome	27.15	0.0	0.0
229	__rnase_site_ext	17.85	0.0	0.0
229	p0	0.85	0.0	0.0
229	p2	0.85	0.0	0.0
229	protein1	1187.75	17.55	1.7782495999999999
229	protein2	1205.95	18.35	1.88523345
229	protein3	257.4	4.7	1.8437987
229	rnapol	1.15	0.0	0.0
230	__protein1_rbs	11.35	0.0	0.0
230	__protein2_rbs	10.95	0.0	0.0
230	__protein3_rbs	2.95	0.0	0.0
230	__ribosome	24.45	0.0	0.0
230	__rnase_site_ext	17.95	0.0	0.0
230	p0	0.75	0.0	0.0
230	p2	0.85	0.0	0.0
230	protein1	1193.75	17.6	1.84877325
230	protein2	1213.05	18.3	1.9603399
230	protein3	259.15	4.65	1.83583335
230	rnapol	0.95	0.0	0.0
231	__protein1_rbs	11.4	0.0	0.0
231	__protein2_rbs	12.55	0.0	0.0
231	__protein3_rbs	3.0	0.0	0.0
231	__ribosome	28.35	0.0	0.0
231	__rnase_site_ext	17.75	0.0	0.0
231	p0	0.9	0.0	0.0
231	p2	0.75	0.0	0.0
231	protein1	1201.7	17.6	1.78791345
231	protein2	1221.8	18.5	1.7954192000000002
231	protein3	261.45	4.65	1.79833335
231	rnapol	0.95	0.0	0.0
232	__protein1_rbs	11.25	0.0	0.0
232	__protein2_rbs	11.85	0.0	0.0
232	__protein3_rbs	2.75	0.0	0.0
232	__ribosome	28.05	0.0	0.0
232	__rnase_site_ext	17.95	0.0	0.0
232	p0	0.9	0.0	0.0
232	p2	0.8	0.0	0.0
232	protein1	1209.25	17.55	1.77964795
232	protein2	1229.65	18.7	1.78930845
232	protein3	263.4	4.65	1.8291666499999997
232	rnapol	1.0	0.0	0.0
233	__protein1_rbs	11.2	0.0	0.0
233	__protein2_rbs	12.6	0.0	0.0
233	__protein3_rbs	2.95	0.0	0.0
233	__ribosome	27.8	0.0	0.0
233	__rnase_site_ext	17.75	0.0	0.0
233	p0	0.85	0.0	0.0
233	p2	0.85	0.0	0.0
233	protein1	1216.1	17.55	1.7984772
233	protein2	1237.35	18.7	1.7618484499999998
233	protein3	265.0	4.65	1.87789685
233	rnapol	0.85	0.0	0.0
234	__protein1_rbs	11.5	0.0	0.0
234	__protein2_rbs	11.5	0.0	0.0
234	__protein3_rbs	3.4	0.0	0.0
234	__ribosome	27.0	0.0	0.0
234	__rnase_site_ext	18.05	0.0	0.0
234	p0	0.8	0.0	0.0
234	p2	0.9	0.0	0.0
234	protein1	1222.6	17.4	1.8423147000000002
234	protein2	1244.85	18.8	1.80258375
234	protein3	267.15	4.7	1.80055555
234	rnapol	0.6	0.0	0.0
235	__protein1_rbs	11.5	0.0	0.0
235	__protein2_rbs	12.65	0.0	0.0
235	__protein3_rbs	3.1	0.0	0.0
235	__ribosome	28.1	0.0	0.0
235	__rnase_site_ext	17.9	0.0	0.0
235	p0	0.9	0.0	0.0
235	p2	0.65	0.0	0.0
235	protein1	1230.7	17.7	1.7645354000000002
235	protein2	1252.4	18.95	1.7698085499999998
235	protein3	269.15	4.7	1.7392460499999998
235	rnapol	0.55	0.0	0.0
236	__protein1_rbs	11.15	0.0	0.0
236	__protein2_rbs	11.95	0.0	0.0
236	__protein3_rbs	2.9	0.0	0.0
236	__ribosome	26.2	0.0	0.0
236	__rnase_site_ext	17.7	0.0	0.0
236	p0	0.8	0.0	0.0
236	p2	0.7	0.0	0.0
236	protein1	1237.65	17.5	1.8212283
236	protein2	1259.2	18.6	1.8825800999999995
236	protein3	271.05	4.7	1.823254
236	rnapol	0.5	0.0	0.0
237	__protein1_rbs	11.3	0.0	0.0
237	__protein2_rbs	12.0	0.0	0.0
237	__protein3_rbs	3.25	0.0	0.0
237	__ribosome	27.35	0.0	0.0
237	__rnase_site_ext	17.6	0.0	0.0
237	p0	0.85	0.0	0.0
237	p2	0.6	0.0	0.0
237	protein1	1244.65	17.35	1.8432153000000002
237	protein2	1267.6	18.85	1.81095355
237	protein3	273.15	4.75	1.6743254
237	rnapol	0.7	0.0	0.0
238	__protein1_rbs	11.0	0.0	0.0
238	__protein2_rbs	12.65	0.0	0.0
238	__protein3_rbs	3.0	0.0	0.0
238	__ribosome	28.2	0.0	0.0
238	__rnase_site_ext	17.7	0.0	0.0
238	p0	0.8	0.0	0.0
238	p2	0.8	0.0	0.0
238	protein1	1252.7	17.15	1.8298308500000005
238	protein2	1275.75	18.7	1.7953045500000002
238	protein3	274.85	4.8	1.7736706999999998
238	rnapol	0.8	0.0	0.0
239	__protein1_rbs	10.6	0.0	0.0
239	__protein2_rbs	11.7	0.0	0.0
239	__protein3_rbs	2.45	0.0	0.0
239	__ribosome	25.05	0.0	0.0
239	__rnase_site_ext	17.5	0.0	0.0
239	p0	0.9	0.0	0.0
239	p2	0.8	0.0	0.0
239	protein1	1259.0	17.2	1.91456755
239	protein2	1282.95	18.9	1.8298674999999995
239	protein3	276.7	4.75	1.90281745
239	rnapol	0.8	0.0	0.0
240	__protein1_rbs	11.2	0.0	0.0
240	__protein2_rbs	11.6	0.0	0.0
240	__protein3_rbs	3.2	0.0	0.0
240	__ribosome	25.4	0.0	0.0
240	__rnase_site_ext	17.35	0.0	0.0
240	p0	0.85	0.0	0.0
240	p2	0.8	0.0	0.0
240	protein1	1266.85	17.25	1.84968495
240	protein2	1290.55	19.0	1.85062805
240	protein3	278.6	4.8	1.9727579
240	rnapol	0.7	0.0	0.0
241	__protein1_rbs	11.2	0.0	0.0
241	__protein2_rbs	13.0	0.0	0.0
241	__protein3_rbs	3.4	0.0	0.0
241	__ribosome	27.35	0.0	0.0
241	__rnase_site_ext	17.3	0.0	0.0
241	p0	0.85	0.0	0.0
241	p2	0.7	0.0	0.0
241	protein1	1273.95	17.05	1.8359702500000004
241	protein2	1299.2	19.1	1.7690585
241	protein3	280.3	4.9	1.833373
241	rnapol	0.7	0.0	0.0
242	__protein1_rbs	11.0	0.0	0.0
242	__protein2_rbs	11.8	0.0	0.0
242	__protein3_rbs	3.25	0.0	0.0
242	__ribosome	26.2	0.0	0.0
242	__rnase_site_ext	17.45	0.0	0.0
242	p0	0.85	0.0	0.0
242	p2	0.65	0.0	0.0
242	protein1	1280.95	16.85	1.8582353500000004
242	protein2	1306.0	18.95	1.8533039
242	protein3	282.5	4.8	1.8006944
242	rnapol	0.75	0.0	0.0
243	__protein1_rbs	11.15	0.0	0.0
243	__protein2_rbs	12.0	0.0	0.0
243	__protein3_rbs	3.35	0.0	0.0
243	__ribosome	27.25	0.0	0.0
243	__rnase_site_ext	17.25	0.0	0.0
243	p0	0.7	0.0	0.0
243	p2	0.7	0.0	0.0
243	protein1	1288.9	17.0	1.7774366
243	protein2	1313.8	18.8	1.8758759000000005
243	protein3	284.4	4.85	1.7491666499999998
243	rnapol	0.7	0.0	0.0
244	__protein1_rbs	11.0	0.0	0.0
244	__protein2_rbs	12.4	0.0	0.0
244	__protein3_rbs	2.85	0.0	0.0
244	__ribosome	28.2	0.0	0.0
244	__rnase_site_ext	17.4	0.0	0.0
244	p0	0.75	0.0	0.0
244	p2	0.9	0.0	0.0
244	protein1	1296.4	16.95	1.7883488500000002
244	protein2	1322.15	18.85	1.8148298999999999
244	protein3	286.45	4.85	1.7423611
244	rnapol	0.65	0.0	0.0
245	__protein1_rbs	10.95	0.0	0.0
245	__protein2_rbs	12.35	0.0	0.0
245	__protein3_rbs	2.75	0.0	0.0
245	__ribosome	28.7	0.0	0.0
245	__rnase_site_ext	17.1	0.0	0.0
245	p0	0.85	0.0	0.0
245	p2	0.7	0.0	0.0
245	protein1	1303.65	16.9	1.7777536
245	protein2	1330.2	18.8	1.78332555
245	protein3	288.35	4.85	1.8959126500000003
245	rnapol	0.8	0.0	0.0
246	__protein1_rbs	10.8	0.0	0.0
246	__protein2_rbs	11.6	0.0	0.0
246	__protein3_rbs	3.2	0.0	0.0
246	__ribosome	28.0	0.0	0.0
246	__rnase_site_ext	16.9	0.0	0.0
246	p0	0.85	0.0	0.0
246	p2	0.95	0.0	0.0
246	protein1	1309.75	16.65	1.83601725
246	protein2	1338.3	18.75	1.7914666499999998
246	protein3	290.45	4.95	1.96035715
246	rnapol	1.0	0.0	0.0
247	__protein1_rbs	10.65	0.0	0.0
247	__protein2_rbs	11.25	0.0	0.0
247	__protein3_rbs	3.25	0.0	0.0
247	__ribosome	27.95	0.0	0.0
247	__rnase_site_ext	16.9	0.0	0.0
247	p0	0.85	0.0	0.0
247	p2	0.75	0.0	0.0
247	protein1	1317.2	16.5	1.82968405
247	protein2	1346.55	18.6	1.82677245
247	protein3	292.35	4.9	1.9368056
247	rnapol	0.95	0.0	0.0
248	__protein1_rbs	10.75	0.0	0.0
248	__protein2_rbs	11.75	0.0	0.0
248	__protein3_rbs	2.8	0.0	0.0
248	__ribosome	25.5	0.0	0.0
248	__rnase_site_ext	16.7	0.0	0.0
248	p0	0.75	0.0	0.0
248	p2	0.85	0.0	0.0
248	protein1	1323.85	16.45	1.85587285
248	protein2	1353.4	18.7	1.8890087000000004
248	protein3	294.05	4.85	2.0619444
248	rnapol	0.9	0.0	0.0
249	__protein1_rbs	10.5	0.0	0.0
249	__protein2_rbs	12.6	0.0	0.0
249	__protein3_rbs	2.65	0.0	0.0
249	__ribosome	27.0	0.0	0.0
249	__rnase_site_ext	16.8	0.0	0.0
249	p0	0.7	0.0	0.0
249	p2	0.7	0.0	0.0
249	protein1	1331.6	16.35	1.82382265
249	protein2	1361.3	18.6	1.8679009000000004
249	protein3	296.3	4.8	2.0752778000000003
249	rnapol	0.6	0.0	0.0
250	__protein1_rbs	10.3	0.0	0.0
250	__protein2_rbs	11.15	0.0	0.0
250	__protein3_rbs	2.9	0.0	0.0
250	__ribosome	25.15	0.0	0.0
250	__rnase_site_ext	16.3	0.0	0.0
250	p0	0.7	0.0	0.0
250	p2	0.8	0.0	0.0
250	protein1	1275.25	15.9	1.7096686
250	protein2	1301.05	18.1	1.7355101999999996
250	protein3	282.6	4.65	1.8449999500000005
250	rnapol	0.6	0.0	0.0
