time	species	protein	transcript	ribo_density
0	__protein1_rbs	0.0	0.0	0.0
0	__protein2_rbs	0.0	0.0	0.0
0	__protein3_rbs	0.0	0.0	0.0
0	__ribosome	100.0	0.0	0.0
0	__rnase_site_ext	0.0	0.0	0.0
0	p0	1.0	0.0	0.0
0	p1	1.0	0.0	0.0
0	p2	1.0	0.0	0.0
0	r2	0.0	0.0	0.0
0	rnapol	4.0	0.0	0.0
1	__protein1_rbs	0.0	0.0	0.0
1	__protein2_rbs	0.0	0.0	0.0
1	__protein3_rbs	0.0	0.0	0.0
1	__ribosome	100.0	0.0	0.0
1	__rnase_site_ext	1.0	0.0	0.0
1	p0	0.35	0.0	0.0
1	p1	1.0	0.0	0.0
1	p2	1.0	0.0	0.0
1	r2	0.0	0.0	0.0
1	rnapol	2.8	0.0	0.0
2	__protein1_rbs	0.45	0.0	0.0
2	__protein2_rbs	0.0	0.0	0.0
2	__protein3_rbs	0.0	0.0	0.0
2	__ribosome	99.5	0.0	0.0
2	__rnase_site_ext	2.0	0.0	0.0
2	p0	0.15	0.0	0.0
2	p1	0.95	0.0	0.0
2	p2	1.0	0.0	0.0
2	protein1	0.0	0.95	0.5
2	r2	0.0	0.0	0.0
2	rnapol	1.75	0.0	0.0
3	__protein1_rbs	1.0	0.0	0.0
3	__protein2_rbs	0.05	0.0	0.0
3	__protein3_rbs	0.0	0.0	0.0
3	__ribosome	98.75	0.0	0.0
3	__rnase_site_ext	2.95	0.0	0.0
3	p0	0.2	0.0	0.0
3	p1	1.0	0.0	0.0
3	p2	1.0	0.0	0.0
3	protein1	0.0	1.9	0.675
3	protein2	0.0	0.05	0.0
3	r2	0.0	0.0	0.0
3	rnapol	0.95	0.0	0.0
4	__protein1_rbs	0.9	0.0	0.0
4	__protein2_rbs	0.0	0.0	0.0
4	__protein3_rbs	0.0	0.0	0.0
4	__ribosome	97.05	0.0	0.0
4	__rnase_site_ext	3.45	0.0	0.0
4	p0	0.4	0.0	0.0
4	p1	1.0	0.0	0.0
4	p2	1.0	0.0	0.0
4	protein1	0.0	2.3	1.3166666999999999
4	protein2	0.0	0.05	0.05
4	r2	0.0	0.0	0.0
4	rnapol	0.3	0.0	0.0
5	__protein1_rbs	1.2	0.0	0.0
5	__protein2_rbs	0.0	0.0	0.0
5	__protein3_rbs	0.0	0.0	0.0
5	__ribosome	95.15	0.0	0.0
5	__rnase_site_ext	3.85	0.0	0.0
5	p0	0.8	0.0	0.0
5	p1	1.0	0.0	0.0
5	p2	1.0	0.0	0.0
5	protein1	0.0	3.1	1.55833335
5	protein2	0.0	0.05	0.1
5	r2	0.0	0.0	0.0
5	rnapol	0.05	0.0	0.0
6	__protein1_rbs	1.2	0.0	0.0
6	__protein2_rbs	0.05	0.0	0.0
6	__protein3_rbs	0.0	0.0	0.0
6	__ribosome	92.85	0.0	0.0
6	__rnase_site_ext	3.8	0.0	0.0
6	p0	0.95	0.0	0.0
6	p1	1.0	0.0	0.0
6	p2	1.0	0.0	0.0
6	protein1	0.0	3.7	1.925
6	protein2	0.0	0.05	0.1
6	r2	0.0	0.0	0.0
6	rnapol	0.0	0.0	0.0
7	__protein1_rbs	1.5	0.0	0.0
7	__protein2_rbs	0.0	0.0	0.0
7	__protein3_rbs	0.0	0.0	0.0
7	__ribosome	90.95	0.0	0.0
7	__rnase_site_ext	3.85	0.0	0.0
7	p0	1.0	0.0	0.0
7	p1	1.0	0.0	0.0
7	p2	1.0	0.0	0.0
7	protein1	0.3	3.75	2.3791667000000003
7	protein2	0.0	0.05	0.15
7	r2	0.0	0.0	0.0
7	rnapol	0.0	0.0	0.0
8	__protein1_rbs	1.0	0.0	0.0
8	__protein2_rbs	0.05	0.0	0.0
8	__protein3_rbs	0.0	0.0	0.0
8	__ribosome	89.3	0.0	0.0
8	__rnase_site_ext	3.7	0.0	0.0
8	p0	1.0	0.0	0.0
8	p1	0.6	0.0	0.0
8	p2	0.95	0.0	0.0
8	protein1	1.3	3.8	2.7791667
8	protein2	0.0	0.05	0.15
8	r2	0.0	0.0	0.0
8	rnapol	0.0	0.0	0.0
9	__protein1_rbs	0.75	0.0	0.0
9	__protein2_rbs	0.05	0.0	0.0
9	__protein3_rbs	0.0	0.0	0.0
9	__ribosome	88.3	0.0	0.0
9	__rnase_site_ext	3.7	0.0	0.0
9	p0	0.95	0.0	0.0
9	p1	0.05	0.0	0.0
9	p2	1.0	0.0	0.0
9	protein1	2.95	3.75	3.10000005
9	protein2	0.05	0.1	0.15
9	r2	0.0	0.0	0.0
9	rnapol	0.0	0.0	0.0
10	__protein1_rbs	1.35	0.0	0.0
10	__protein2_rbs	0.3	0.0	0.0
10	__protein3_rbs	0.0	0.0	0.0
10	__ribosome	87.35	0.0	0.0
10	__rnase_site_ext	3.75	0.0	0.0
10	p0	1.0	0.0	0.0
10	p1	0.05	0.0	0.0
10	p2	1.0	0.0	0.0
10	protein1	4.4	3.65	3.3708333500000003
10	protein2	0.05	0.7	0.425
10	r2	0.0	0.0	0.0
10	rnapol	0.0	0.0	0.0
11	__protein1_rbs	1.05	0.0	0.0
11	__protein2_rbs	0.55	0.0	0.0
11	__protein3_rbs	0.0	0.0	0.0
11	__ribosome	86.25	0.0	0.0
11	__rnase_site_ext	3.75	0.0	0.0
11	p0	1.0	0.0	0.0
11	p1	0.05	0.0	0.0
11	p2	1.0	0.0	0.0
11	protein1	6.4	3.7	3.4708333
11	protein2	0.1	1.15	0.925
11	r2	0.0	0.0	0.0
11	rnapol	0.0	0.0	0.0
12	__protein1_rbs	1.2	0.0	0.0
12	__protein2_rbs	0.75	0.0	0.0
12	__protein3_rbs	0.0	0.0	0.0
12	__ribosome	85.25	0.0	0.0
12	__rnase_site_ext	3.7	0.0	0.0
12	p0	1.0	0.0	0.0
12	p1	0.0	0.0	0.0
12	p2	1.0	0.0	0.0
12	protein1	8.8	3.7	3.4499999999999997
12	protein2	0.15	1.9	1.10833335
12	r2	0.0	0.0	0.0
12	rnapol	0.0	0.0	0.0
13	__protein1_rbs	1.55	0.0	0.0
13	__protein2_rbs	0.9	0.0	0.0
13	__protein3_rbs	0.0	0.0	0.0
13	__ribosome	84.05	0.0	0.0
13	__rnase_site_ext	3.7	0.0	0.0
13	p0	1.0	0.0	0.0
13	p1	0.15	0.0	0.0
13	p2	1.0	0.0	0.0
13	protein1	11.4	3.65	3.3916667
13	protein2	0.15	2.7	1.45000005
13	r2	0.0	0.0	0.0
13	rnapol	0.0	0.0	0.0
14	__protein1_rbs	1.2	0.0	0.0
14	__protein2_rbs	1.5	0.0	0.0
14	__protein3_rbs	0.0	0.0	0.0
14	__ribosome	82.3	0.0	0.0
14	__rnase_site_ext	3.6	0.0	0.0
14	p0	1.0	0.0	0.0
14	p1	0.45	0.0	0.0
14	p2	0.85	0.0	0.0
14	protein1	13.65	3.65	3.4083333
14	protein2	0.15	3.3	1.6583333500000002
14	r2	0.0	0.0	0.0
14	rnapol	0.0	0.0	0.0
15	__protein1_rbs	1.85	0.0	0.0
15	__protein2_rbs	1.4	0.0	0.0
15	__protein3_rbs	0.0	0.0	0.0
15	__ribosome	80.7	0.0	0.0
15	__rnase_site_ext	3.6	0.0	0.0
15	p0	0.95	0.0	0.0
15	p1	0.95	0.0	0.0
15	p2	0.2	0.0	0.0
15	protein1	16.05	3.6	3.2625
15	protein2	0.4	3.9	2.0
15	r2	0.0	0.0	0.0
15	rnapol	0.0	0.0	0.0
16	__protein1_rbs	1.25	0.0	0.0
16	__protein2_rbs	1.35	0.0	0.0
16	__protein3_rbs	0.0	0.0	0.0
16	__ribosome	78.95	0.0	0.0
16	__rnase_site_ext	3.7	0.0	0.0
16	p0	0.9	0.0	0.0
16	p1	1.0	0.0	0.0
16	p2	0.3	0.0	0.0
16	protein1	18.55	3.6	3.2083333
16	protein2	1.1	4.0	2.3875
16	r2	0.0	0.0	0.0
16	rnapol	0.35	0.0	0.0
17	__protein1_rbs	1.3	0.0	0.0
17	__protein2_rbs	1.2	0.0	0.0
17	__protein3_rbs	0.0	0.0	0.0
17	__ribosome	77.9	0.0	0.0
17	__rnase_site_ext	4.15	0.0	0.0
17	p0	0.65	0.0	0.0
17	p1	0.95	0.0	0.0
17	p2	0.15	0.0	0.0
17	protein1	20.95	3.6	3.1666666
17	protein2	2.3	4.0	2.7
17	r2	0.1	0.0	0.0
17	rnapol	0.3	0.0	0.0
18	__protein1_rbs	1.65	0.0	0.0
18	__protein2_rbs	1.7	0.0	0.0
18	__protein3_rbs	0.0	0.0	0.0
18	__ribosome	77.25	0.0	0.0
18	__rnase_site_ext	4.5	0.0	0.0
18	p0	0.5	0.0	0.0
18	p1	0.9	0.0	0.0
18	p2	0.05	0.0	0.0
18	protein1	23.15	3.9	2.9608333500000006
18	protein2	3.7	4.0	2.8625
18	r2	0.15	0.0	0.0
18	rnapol	0.3	0.0	0.0
19	__protein1_rbs	1.65	0.0	0.0
19	__protein2_rbs	1.4	0.0	0.0
19	__protein3_rbs	0.05	0.0	0.0
19	__ribosome	75.95	0.0	0.0
19	__rnase_site_ext	4.8	0.0	0.0
19	p0	0.6	0.0	0.0
19	p1	1.0	0.0	0.0
19	p2	0.25	0.0	0.0
19	protein1	25.35	4.2	2.89083335
19	protein2	5.35	4.1	3.02
19	protein3	0.0	0.15	0.1
19	r2	0.25	0.0	0.0
19	rnapol	0.45	0.0	0.0
20	__protein1_rbs	2.0	0.0	0.0
20	__protein2_rbs	1.5	0.0	0.0
20	__protein3_rbs	0.1	0.0	0.0
20	__ribosome	75.15	0.0	0.0
20	__rnase_site_ext	5.45	0.0	0.0
20	p0	0.6	0.0	0.0
20	p1	1.0	0.0	0.0
20	p2	0.3	0.0	0.0
20	protein1	27.35	4.6	2.68916665
20	protein2	7.6	4.05	3.12583335
20	protein3	0.0	0.2	0.2
20	r2	0.3	0.0	0.0
20	rnapol	0.45	0.0	0.0
21	__protein1_rbs	1.85	0.0	0.0
21	__protein2_rbs	1.4	0.0	0.0
21	__protein3_rbs	0.05	0.0	0.0
21	__ribosome	73.95	0.0	0.0
21	__rnase_site_ext	5.75	0.0	0.0
21	p0	0.6	0.0	0.0
21	p1	1.0	0.0	0.0
21	p2	0.65	0.0	0.0
21	protein1	29.6	5.2	2.5388095500000003
21	protein2	10.05	4.05	3.1225
21	protein3	0.0	0.25	0.4
21	r2	0.35	0.0	0.0
21	rnapol	0.4	0.0	0.0
22	__protein1_rbs	1.85	0.0	0.0
22	__protein2_rbs	2.05	0.0	0.0
22	__protein3_rbs	0.1	0.0	0.0
22	__ribosome	73.25	0.0	0.0
22	__rnase_site_ext	6.2	0.0	0.0
22	p0	0.5	0.0	0.0
22	p1	1.0	0.0	0.0
22	p2	1.0	0.0	0.0
22	protein1	32.0	5.45	2.6211904499999994
22	protein2	12.6	4.0	3.0
22	protein3	0.0	0.3	0.475
22	r2	0.5	0.0	0.0
22	rnapol	0.1	0.0	0.0
23	__protein1_rbs	2.2	0.0	0.0
23	__protein2_rbs	1.05	0.0	0.0
23	__protein3_rbs	0.2	0.0	0.0
23	__ribosome	71.15	0.0	0.0
23	__rnase_site_ext	6.35	0.0	0.0
23	p0	0.95	0.0	0.0
23	p1	0.95	0.0	0.0
23	p2	1.0	0.0	0.0
23	protein1	33.95	5.8	2.75214285
23	protein2	14.85	4.0	3.0933333000000003
23	protein3	0.0	0.4	0.675
23	r2	0.65	0.0	0.0
23	rnapol	0.05	0.0	0.0
24	__protein1_rbs	2.05	0.0	0.0
24	__protein2_rbs	1.5	0.0	0.0
24	__protein3_rbs	0.3	0.0	0.0
24	__ribosome	69.45	0.0	0.0
24	__rnase_site_ext	6.45	0.0	0.0
24	p0	0.85	0.0	0.0
24	p1	0.75	0.0	0.0
24	p2	0.9	0.0	0.0
24	protein1	36.55	6.2	2.814821450000001
24	protein2	17.05	3.95	3.1308333500000005
24	protein3	0.05	0.55	0.825
24	r2	0.65	0.0	0.0
24	rnapol	0.0	0.0	0.0
25	__protein1_rbs	2.5	0.0	0.0
25	__protein2_rbs	1.4	0.0	0.0
25	__protein3_rbs	0.25	0.0	0.0
25	__ribosome	68.45	0.0	0.0
25	__rnase_site_ext	6.5	0.0	0.0
25	p0	0.9	0.0	0.0
25	p1	0.55	0.0	0.0
25	p2	1.0	0.0	0.0
25	protein1	39.45	6.3	2.86750005
25	protein2	19.55	4.1	3.05916665
25	protein3	0.1	0.65	1.025
25	r2	0.65	0.0	0.0
25	rnapol	0.1	0.0	0.0
26	__protein1_rbs	2.65	0.0	0.0
26	__protein2_rbs	1.5	0.0	0.0
26	__protein3_rbs	0.3	0.0	0.0
26	__ribosome	67.9	0.0	0.0
26	__rnase_site_ext	6.55	0.0	0.0
26	p0	0.9	0.0	0.0
26	p1	0.35	0.0	0.0
26	p2	1.0	0.0	0.0
26	protein1	42.5	6.35	2.92875
26	protein2	21.85	4.1	3.06416665
26	protein3	0.35	0.65	1.125
26	r2	0.65	0.0	0.0
26	rnapol	0.0	0.0	0.0
27	__protein1_rbs	2.25	0.0	0.0
27	__protein2_rbs	1.9	0.0	0.0
27	__protein3_rbs	0.2	0.0	0.0
27	__ribosome	66.15	0.0	0.0
27	__rnase_site_ext	6.5	0.0	0.0
27	p0	1.0	0.0	0.0
27	p1	0.3	0.0	0.0
27	p2	1.0	0.0	0.0
27	protein1	45.2	6.4	3.1149405000000003
27	protein2	24.1	4.45	2.83833335
27	protein3	0.5	0.65	1.325
27	r2	0.65	0.0	0.0
27	rnapol	0.1	0.0	0.0
28	__protein1_rbs	2.45	0.0	0.0
28	__protein2_rbs	2.25	0.0	0.0
28	__protein3_rbs	0.3	0.0	0.0
28	__ribosome	65.55	0.0	0.0
28	__rnase_site_ext	6.45	0.0	0.0
28	p0	0.95	0.0	0.0
28	p1	0.2	0.0	0.0
28	p2	1.0	0.0	0.0
28	protein1	48.9	6.4	3.14125005
28	protein2	26.4	4.9	2.66416665
28	protein3	0.7	0.65	1.4
28	r2	0.65	0.0	0.0
28	rnapol	0.15	0.0	0.0
29	__protein1_rbs	2.95	0.0	0.0
29	__protein2_rbs	1.95	0.0	0.0
29	__protein3_rbs	0.2	0.0	0.0
29	__ribosome	66.05	0.0	0.0
29	__rnase_site_ext	6.45	0.0	0.0
29	p0	0.75	0.0	0.0
29	p1	0.25	0.0	0.0
29	p2	0.95	0.0	0.0
29	protein1	53.3	6.3	2.93345245
29	protein2	29.05	5.35	2.59761905
29	protein3	0.95	0.65	1.525
29	r2	0.65	0.0	0.0
29	rnapol	0.05	0.0	0.0
30	__protein1_rbs	2.25	0.0	0.0
30	__protein2_rbs	2.8	0.0	0.0
30	__protein3_rbs	0.2	0.0	0.0
30	__ribosome	64.9	0.0	0.0
30	__rnase_site_ext	6.6	0.0	0.0
30	p0	0.95	0.0	0.0
30	p1	0.15	0.0	0.0
30	p2	0.85	0.0	0.0
30	protein1	56.6	6.35	3.0119643500000013
30	protein2	31.4	5.95	2.41571425
30	protein3	1.3	0.65	1.525
30	r2	0.65	0.0	0.0
30	rnapol	0.05	0.0	0.0
31	__protein1_rbs	2.95	0.0	0.0
31	__protein2_rbs	2.75	0.0	0.0
31	__protein3_rbs	0.3	0.0	0.0
31	__ribosome	64.3	0.0	0.0
31	__rnase_site_ext	6.55	0.0	0.0
31	p0	0.95	0.0	0.0
31	p1	0.45	0.0	0.0
31	p2	0.75	0.0	0.0
31	protein1	60.5	6.5	2.87172615
31	protein2	33.6	6.25	2.47113095
31	protein3	1.65	0.65	1.625
31	r2	0.65	0.0	0.0
31	rnapol	0.1	0.0	0.0
32	__protein1_rbs	2.95	0.0	0.0
32	__protein2_rbs	3.05	0.0	0.0
32	__protein3_rbs	0.1	0.0	0.0
32	__ribosome	63.4	0.0	0.0
32	__rnase_site_ext	6.6	0.0	0.0
32	p0	0.9	0.0	0.0
32	p1	0.75	0.0	0.0
32	p2	0.45	0.0	0.0
32	protein1	64.0	6.5	2.8066667
32	protein2	36.3	6.8	2.4184522999999998
32	protein3	1.95	0.65	1.725
32	r2	0.65	0.0	0.0
32	rnapol	0.1	0.0	0.0
33	__protein1_rbs	2.7	0.0	0.0
33	__protein2_rbs	3.25	0.0	0.0
33	__protein3_rbs	0.3	0.0	0.0
33	__ribosome	62.35	0.0	0.0
33	__rnase_site_ext	6.7	0.0	0.0
33	p0	0.75	0.0	0.0
33	p1	0.75	0.0	0.0
33	p2	0.4	0.0	0.0
33	protein1	67.8	6.55	2.79994055
33	protein2	38.95	7.0	2.51696435
33	protein3	2.4	0.65	1.725
33	r2	0.65	0.0	0.0
33	rnapol	0.05	0.0	0.0
34	__protein1_rbs	2.65	0.0	0.0
34	__protein2_rbs	3.3	0.0	0.0
34	__protein3_rbs	0.35	0.0	0.0
34	__ribosome	61.55	0.0	0.0
34	__rnase_site_ext	6.75	0.0	0.0
34	p0	0.75	0.0	0.0
34	p1	0.75	0.0	0.0
34	p2	0.25	0.0	0.0
34	protein1	71.45	6.65	2.7667263
34	protein2	42.0	6.95	2.63196425
34	protein3	2.6	0.65	1.725
34	r2	0.7	0.0	0.0
34	rnapol	0.05	0.0	0.0
35	__protein1_rbs	2.75	0.0	0.0
35	__protein2_rbs	2.95	0.0	0.0
35	__protein3_rbs	0.3	0.0	0.0
35	__ribosome	61.1	0.0	0.0
35	__rnase_site_ext	6.95	0.0	0.0
35	p0	0.45	0.0	0.0
35	p1	0.9	0.0	0.0
35	p2	0.45	0.0	0.0
35	protein1	75.3	6.55	2.78940475
35	protein2	45.1	7.0	2.71607145
35	protein3	3.05	0.65	1.675
35	r2	0.9	0.0	0.0
35	rnapol	0.15	0.0	0.0
36	__protein1_rbs	2.75	0.0	0.0
36	__protein2_rbs	3.2	0.0	0.0
36	__protein3_rbs	0.2	0.0	0.0
36	__ribosome	59.95	0.0	0.0
36	__rnase_site_ext	7.35	0.0	0.0
36	p0	0.65	0.0	0.0
36	p1	1.0	0.0	0.0
36	p2	0.45	0.0	0.0
36	protein1	78.65	6.8	2.81878975
36	protein2	48.6	7.05	2.7278769
36	protein3	3.45	0.75	1.725
36	r2	0.9	0.0	0.0
36	rnapol	0.15	0.0	0.0
37	__protein1_rbs	3.25	0.0	0.0
37	__protein2_rbs	3.25	0.0	0.0
37	__protein3_rbs	0.5	0.0	0.0
37	__ribosome	59.45	0.0	0.0
37	__rnase_site_ext	7.8	0.0	0.0
37	p0	0.75	0.0	0.0
37	p1	0.85	0.0	0.0
37	p2	0.35	0.0	0.0
37	protein1	81.65	7.15	2.7750000499999987
37	protein2	52.35	7.0	2.70295635
37	protein3	3.9	0.9	1.575
37	r2	1.0	0.0	0.0
37	rnapol	0.15	0.0	0.0
38	__protein1_rbs	2.7	0.0	0.0
38	__protein2_rbs	3.05	0.0	0.0
38	__protein3_rbs	0.35	0.0	0.0
38	__ribosome	58.05	0.0	0.0
38	__rnase_site_ext	8.2	0.0	0.0
38	p0	0.45	0.0	0.0
38	p1	0.65	0.0	0.0
38	p2	0.8	0.0	0.0
38	protein1	85.35	7.45	2.8038095499999995
38	protein2	56.0	6.9	2.73099215
38	protein3	4.2	0.9	1.775
38	r2	1.05	0.0	0.0
38	rnapol	0.0	0.0	0.0
39	__protein1_rbs	3.8	0.0	0.0
39	__protein2_rbs	2.95	0.0	0.0
39	__protein3_rbs	0.45	0.0	0.0
39	__ribosome	57.3	0.0	0.0
39	__rnase_site_ext	8.3	0.0	0.0
39	p0	0.95	0.0	0.0
39	p1	0.9	0.0	0.0
39	p2	0.85	0.0	0.0
39	protein1	88.9	7.8	2.7588095
39	protein2	59.8	7.1	2.6780158500000004
39	protein3	4.6	1.0	1.925
39	r2	1.25	0.0	0.0
39	rnapol	0.1	0.0	0.0
40	__protein1_rbs	3.1	0.0	0.0
40	__protein2_rbs	3.0	0.0	0.0
40	__protein3_rbs	0.55	0.0	0.0
40	__ribosome	56.05	0.0	0.0
40	__rnase_site_ext	8.3	0.0	0.0
40	p0	0.85	0.0	0.0
40	p1	0.85	0.0	0.0
40	p2	0.85	0.0	0.0
40	protein1	92.65	8.2	2.73158725
40	protein2	63.4	7.1	2.70281745
40	protein3	5.0	1.1	1.8
40	r2	1.25	0.0	0.0
40	rnapol	0.1	0.0	0.0
41	__protein1_rbs	3.95	0.0	0.0
41	__protein2_rbs	2.85	0.0	0.0
41	__protein3_rbs	0.65	0.0	0.0
41	__ribosome	55.55	0.0	0.0
41	__rnase_site_ext	8.25	0.0	0.0
41	p0	0.8	0.0	0.0
41	p1	0.75	0.0	0.0
41	p2	0.9	0.0	0.0
41	protein1	96.95	8.25	2.6765962500000007
41	protein2	67.05	7.2	2.75081345
41	protein3	5.4	1.25	inf
41	r2	1.25	0.0	0.0
41	rnapol	0.15	0.0	0.0
42	__protein1_rbs	4.0	0.0	0.0
42	__protein2_rbs	2.9	0.0	0.0
42	__protein3_rbs	0.55	0.0	0.0
42	__ribosome	55.1	0.0	0.0
42	__rnase_site_ext	8.45	0.0	0.0
42	p0	0.8	0.0	0.0
42	p1	0.7	0.0	0.0
42	p2	0.95	0.0	0.0
42	protein1	101.1	8.2	2.7016775
42	protein2	70.7	7.3	2.76031745
42	protein3	6.0	1.3	inf
42	r2	1.3	0.0	0.0
42	rnapol	0.05	0.0	0.0
43	__protein1_rbs	4.5	0.0	0.0
43	__protein2_rbs	3.3	0.0	0.0
43	__protein3_rbs	0.55	0.0	0.0
43	__ribosome	55.0	0.0	0.0
43	__rnase_site_ext	8.55	0.0	0.0
43	p0	1.0	0.0	0.0
43	p1	0.3	0.0	0.0
43	p2	0.95	0.0	0.0
43	protein1	105.5	8.35	2.58876445
43	protein2	74.05	7.4	2.7744047999999992
43	protein3	6.45	1.3	inf
43	r2	1.35	0.0	0.0
43	rnapol	0.05	0.0	0.0
44	__protein1_rbs	3.95	0.0	0.0
44	__protein2_rbs	3.05	0.0	0.0
44	__protein3_rbs	0.7	0.0	0.0
44	__ribosome	55.0	0.0	0.0
44	__rnase_site_ext	8.5	0.0	0.0
44	p0	0.95	0.0	0.0
44	p1	0.35	0.0	0.0
44	p2	0.7	0.0	0.0
44	protein1	109.8	8.45	2.5694967
44	protein2	78.3	7.5	2.69210325
44	protein3	6.85	1.3	inf
44	r2	1.4	0.0	0.0
44	rnapol	0.1	0.0	0.0
45	__protein1_rbs	3.95	0.0	0.0
45	__protein2_rbs	3.5	0.0	0.0
45	__protein3_rbs	0.55	0.0	0.0
45	__ribosome	54.2	0.0	0.0
45	__rnase_site_ext	8.55	0.0	0.0
45	p0	0.85	0.0	0.0
45	p1	0.6	0.0	0.0
45	p2	0.8	0.0	0.0
45	protein1	114.3	8.45	2.5956764000000003
45	protein2	82.05	8.05	2.6104960000000004
45	protein3	7.65	1.35	inf
45	r2	1.4	0.0	0.0
45	rnapol	0.1	0.0	0.0
46	__protein1_rbs	4.25	0.0	0.0
46	__protein2_rbs	3.85	0.0	0.0
46	__protein3_rbs	0.7	0.0	0.0
46	__ribosome	53.8	0.0	0.0
46	__rnase_site_ext	8.75	0.0	0.0
46	p0	0.7	0.0	0.0
46	p1	0.45	0.0	0.0
46	p2	0.9	0.0	0.0
46	protein1	118.3	8.5	2.58446435
46	protein2	86.1	8.2	2.5699602500000003
46	protein3	8.1	1.4	1.9666667000000002
46	r2	1.4	0.0	0.0
46	rnapol	0.1	0.0	0.0
47	__protein1_rbs	4.2	0.0	0.0
47	__protein2_rbs	3.7	0.0	0.0
47	__protein3_rbs	0.65	0.0	0.0
47	__ribosome	53.1	0.0	0.0
47	__rnase_site_ext	8.9	0.0	0.0
47	p0	0.95	0.0	0.0
47	p1	0.55	0.0	0.0
47	p2	0.7	0.0	0.0
47	protein1	122.65	8.6	2.5525991999999995
47	protein2	89.7	8.45	2.5892713
47	protein3	8.95	1.4	1.95
47	r2	1.4	0.0	0.0
47	rnapol	0.1	0.0	0.0
48	__protein1_rbs	4.35	0.0	0.0
48	__protein2_rbs	4.45	0.0	0.0
48	__protein3_rbs	0.75	0.0	0.0
48	__ribosome	52.0	0.0	0.0
48	__rnase_site_ext	8.85	0.0	0.0
48	p0	0.75	0.0	0.0
48	p1	0.75	0.0	0.0
48	p2	0.85	0.0	0.0
48	protein1	126.55	8.75	2.5427886499999994
48	protein2	93.45	8.75	2.5796555000000003
48	protein3	9.5	1.35	2.00833335
48	r2	1.4	0.0	0.0
48	rnapol	0.2	0.0	0.0
49	__protein1_rbs	3.6	0.0	0.0
49	__protein2_rbs	4.35	0.0	0.0
49	__protein3_rbs	0.35	0.0	0.0
49	__ribosome	51.35	0.0	0.0
49	__rnase_site_ext	9.0	0.0	0.0
49	p0	0.9	0.0	0.0
49	p1	0.8	0.0	0.0
49	p2	0.5	0.0	0.0
49	protein1	130.9	8.65	2.6068741
49	protein2	97.8	8.9	2.52287515
49	protein3	10.1	1.4	2.275
49	r2	1.4	0.0	0.0
49	rnapol	0.15	0.0	0.0
50	__protein1_rbs	4.65	0.0	0.0
50	__protein2_rbs	4.25	0.0	0.0
50	__protein3_rbs	0.6	0.0	0.0
50	__ribosome	50.8	0.0	0.0
50	__rnase_site_ext	9.2	0.0	0.0
50	p0	0.85	0.0	0.0
50	p1	0.7	0.0	0.0
50	p2	0.5	0.0	0.0
50	protein1	135.0	8.85	2.5496897
50	protein2	101.75	8.9	2.59923705
50	protein3	11.05	1.4	2.16666665
50	r2	1.4	0.0	0.0
50	rnapol	0.25	0.0	0.0
51	__protein1_rbs	4.6	0.0	0.0
51	__protein2_rbs	4.7	0.0	0.0
51	__protein3_rbs	0.7	0.0	0.0
51	__ribosome	51.55	0.0	0.0
51	__rnase_site_ext	9.4	0.0	0.0
51	p0	0.6	0.0	0.0
51	p1	0.75	0.0	0.0
51	p2	0.6	0.0	0.0
51	protein1	139.5	9.0	2.46562405
51	protein2	106.7	9.1	2.48949675
51	protein3	11.7	1.4	2.13333335
51	r2	1.35	0.0	0.0
51	rnapol	0.2	0.0	0.0
52	__protein1_rbs	4.0	0.0	0.0
52	__protein2_rbs	4.9	0.0	0.0
52	__protein3_rbs	0.7	0.0	0.0
52	__ribosome	51.1	0.0	0.0
52	__rnase_site_ext	9.55	0.0	0.0
52	p0	0.85	0.0	0.0
52	p1	0.95	0.0	0.0
52	p2	0.5	0.0	0.0
52	protein1	143.8	9.15	2.5005681000000006
52	protein2	111.05	9.3	2.4245039000000004
52	protein3	12.3	1.4	2.0583333500000003
52	r2	1.35	0.0	0.0
52	rnapol	0.2	0.0	0.0
53	__protein1_rbs	4.7	0.0	0.0
53	__protein2_rbs	4.1	0.0	0.0
53	__protein3_rbs	0.6	0.0	0.0
53	__ribosome	49.45	0.0	0.0
53	__rnase_site_ext	9.5	0.0	0.0
53	p0	0.75	0.0	0.0
53	p1	0.8	0.0	0.0
53	p2	0.55	0.0	0.0
53	protein1	147.75	9.35	2.54871965
53	protein2	115.8	9.05	2.5538294
53	protein3	12.9	1.4	2.15
53	r2	1.4	0.0	0.0
53	rnapol	0.25	0.0	0.0
54	__protein1_rbs	4.7	0.0	0.0
54	__protein2_rbs	4.75	0.0	0.0
54	__protein3_rbs	0.35	0.0	0.0
54	__ribosome	49.55	0.0	0.0
54	__rnase_site_ext	9.85	0.0	0.0
54	p0	0.7	0.0	0.0
54	p1	0.6	0.0	0.0
54	p2	0.65	0.0	0.0
54	protein1	152.5	9.4	2.51741665
54	protein2	119.95	9.1	2.52486475
54	protein3	13.8	1.4	inf
54	r2	1.6	0.0	0.0
54	rnapol	0.2	0.0	0.0
55	__protein1_rbs	4.8	0.0	0.0
55	__protein2_rbs	4.1	0.0	0.0
55	__protein3_rbs	0.6	0.0	0.0
55	__ribosome	49.25	0.0	0.0
55	__rnase_site_ext	9.95	0.0	0.0
55	p0	0.75	0.0	0.0
55	p1	0.7	0.0	0.0
55	p2	0.8	0.0	0.0
55	protein1	157.2	9.55	2.445760950000001
55	protein2	124.6	9.2	2.57156745
55	protein3	14.5	1.45	inf
55	r2	1.7	0.0	0.0
55	rnapol	0.05	0.0	0.0
56	__protein1_rbs	5.55	0.0	0.0
56	__protein2_rbs	4.6	0.0	0.0
56	__protein3_rbs	0.8	0.0	0.0
56	__ribosome	48.65	0.0	0.0
56	__rnase_site_ext	10.15	0.0	0.0
56	p0	0.9	0.0	0.0
56	p1	0.75	0.0	0.0
56	p2	0.75	0.0	0.0
56	protein1	161.25	9.85	2.41268085
56	protein2	129.2	9.4	2.53095245
56	protein3	15.2	1.65	2.33333335
56	r2	1.8	0.0	0.0
56	rnapol	0.1	0.0	0.0
57	__protein1_rbs	4.55	0.0	0.0
57	__protein2_rbs	4.55	0.0	0.0
57	__protein3_rbs	1.0	0.0	0.0
57	__ribosome	47.5	0.0	0.0
57	__rnase_site_ext	10.25	0.0	0.0
57	p0	0.85	0.0	0.0
57	p1	0.7	0.0	0.0
57	p2	0.75	0.0	0.0
57	protein1	166.3	10.05	2.382189
57	protein2	133.4	9.55	2.5696245499999995
57	protein3	15.85	1.75	2.22083335
57	r2	1.8	0.0	0.0
57	rnapol	0.0	0.0	0.0
58	__protein1_rbs	5.15	0.0	0.0
58	__protein2_rbs	4.95	0.0	0.0
58	__protein3_rbs	0.95	0.0	0.0
58	__ribosome	47.65	0.0	0.0
58	__rnase_site_ext	10.3	0.0	0.0
58	p0	0.95	0.0	0.0
58	p1	0.55	0.0	0.0
58	p2	0.85	0.0	0.0
58	protein1	170.55	10.15	2.39919195
58	protein2	138.4	9.55	2.5173979499999994
58	protein3	16.65	1.8	2.12916665
58	r2	1.8	0.0	0.0
58	rnapol	0.05	0.0	0.0
59	__protein1_rbs	5.45	0.0	0.0
59	__protein2_rbs	4.6	0.0	0.0
59	__protein3_rbs	0.8	0.0	0.0
59	__ribosome	46.85	0.0	0.0
59	__rnase_site_ext	10.25	0.0	0.0
59	p0	0.95	0.0	0.0
59	p1	0.45	0.0	0.0
59	p2	0.85	0.0	0.0
59	protein1	175.35	10.2	2.36717895
59	protein2	142.6	9.65	2.5900757999999997
59	protein3	17.65	1.8	2.2083333
59	r2	1.85	0.0	0.0
59	rnapol	0.05	0.0	0.0
60	__protein1_rbs	5.1	0.0	0.0
60	__protein2_rbs	5.25	0.0	0.0
60	__protein3_rbs	0.9	0.0	0.0
60	__ribosome	46.6	0.0	0.0
60	__rnase_site_ext	10.3	0.0	0.0
60	p0	0.8	0.0	0.0
60	p1	0.6	0.0	0.0
60	p2	0.75	0.0	0.0
60	protein1	179.9	10.2	2.4169354000000003
60	protein2	147.75	9.95	2.4631138500000005
60	protein3	18.3	1.8	2.4041667
60	r2	1.85	0.0	0.0
60	rnapol	0.1	0.0	0.0
61	__protein1_rbs	5.0	0.0	0.0
61	__protein2_rbs	4.35	0.0	0.0
61	__protein3_rbs	1.4	0.0	0.0
61	__ribosome	45.85	0.0	0.0
61	__rnase_site_ext	10.3	0.0	0.0
61	p0	0.85	0.0	0.0
61	p1	0.55	0.0	0.0
61	p2	0.7	0.0	0.0
61	protein1	184.9	10.1	2.45165645
61	protein2	152.5	10.25	2.4788451999999994
61	protein3	19.2	1.95	2.0833333
61	r2	1.85	0.0	0.0
61	rnapol	0.25	0.0	0.0
62	__protein1_rbs	5.45	0.0	0.0
62	__protein2_rbs	5.25	0.0	0.0
62	__protein3_rbs	1.0	0.0	0.0
62	__ribosome	45.6	0.0	0.0
62	__rnase_site_ext	10.65	0.0	0.0
62	p0	0.65	0.0	0.0
62	p1	0.6	0.0	0.0
62	p2	0.8	0.0	0.0
62	protein1	189.65	10.25	2.39374925
62	protein2	157.3	10.4	2.4832245
62	protein3	20.1	1.9	2.2
62	r2	1.9	0.0	0.0
62	rnapol	0.1	0.0	0.0
63	__protein1_rbs	5.15	0.0	0.0
63	__protein2_rbs	5.75	0.0	0.0
63	__protein3_rbs	0.85	0.0	0.0
63	__ribosome	44.85	0.0	0.0
63	__rnase_site_ext	10.85	0.0	0.0
63	p0	0.9	0.0	0.0
63	p1	0.55	0.0	0.0
63	p2	0.7	0.0	0.0
63	protein1	194.15	10.35	2.4190103
63	protein2	162.05	10.65	2.4293219500000003
63	protein3	21.0	1.9	2.12916665
63	r2	1.9	0.0	0.0
63	rnapol	0.05	0.0	0.0
64	__protein1_rbs	5.55	0.0	0.0
64	__protein2_rbs	5.3	0.0	0.0
64	__protein3_rbs	0.8	0.0	0.0
64	__ribosome	44.35	0.0	0.0
64	__rnase_site_ext	10.9	0.0	0.0
64	p0	0.85	0.0	0.0
64	p1	0.6	0.0	0.0
64	p2	0.7	0.0	0.0
64	protein1	198.95	10.65	2.35278715
64	protein2	167.1	10.7	2.44512365
64	protein3	21.8	1.95	2.2541666500000006
64	r2	2.0	0.0	0.0
64	rnapol	0.15	0.0	0.0
65	__protein1_rbs	5.5	0.0	0.0
65	__protein2_rbs	5.4	0.0	0.0
65	__protein3_rbs	1.2	0.0	0.0
65	__ribosome	43.4	0.0	0.0
65	__rnase_site_ext	10.9	0.0	0.0
65	p0	0.85	0.0	0.0
65	p1	0.8	0.0	0.0
65	p2	0.55	0.0	0.0
65	protein1	204.15	10.75	2.38950995
65	protein2	171.7	10.95	2.46465015
65	protein3	22.95	1.95	2.02916665
65	r2	2.0	0.0	0.0
65	rnapol	0.2	0.0	0.0
66	__protein1_rbs	5.65	0.0	0.0
66	__protein2_rbs	5.25	0.0	0.0
66	__protein3_rbs	0.95	0.0	0.0
66	__ribosome	42.8	0.0	0.0
66	__rnase_site_ext	11.25	0.0	0.0
66	p0	0.7	0.0	0.0
66	p1	0.7	0.0	0.0
66	p2	0.65	0.0	0.0
66	protein1	208.9	10.95	2.35165525
66	protein2	177.15	10.95	2.45239175
66	protein3	23.45	2.0	2.2666666500000003
66	r2	2.0	0.0	0.0
66	rnapol	0.15	0.0	0.0
67	__protein1_rbs	6.15	0.0	0.0
67	__protein2_rbs	5.8	0.0	0.0
67	__protein3_rbs	1.05	0.0	0.0
67	__ribosome	43.0	0.0	0.0
67	__rnase_site_ext	11.2	0.0	0.0
67	p0	0.7	0.0	0.0
67	p1	0.65	0.0	0.0
67	p2	0.65	0.0	0.0
67	protein1	213.9	11.0	2.33421715
67	protein2	182.3	10.95	2.4647836
67	protein3	24.5	2.0	2.2083333
67	r2	2.05	0.0	0.0
67	rnapol	0.1	0.0	0.0
68	__protein1_rbs	6.0	0.0	0.0
68	__protein2_rbs	5.95	0.0	0.0
68	__protein3_rbs	1.1	0.0	0.0
68	__ribosome	43.1	0.0	0.0
68	__rnase_site_ext	11.5	0.0	0.0
68	p0	0.85	0.0	0.0
68	p1	0.9	0.0	0.0
68	p2	0.6	0.0	0.0
68	protein1	218.75	11.15	2.31605315
68	protein2	187.45	11.1	2.4183586000000004
68	protein3	25.5	2.0	2.17083335
68	r2	2.05	0.0	0.0
68	rnapol	0.05	0.0	0.0
69	__protein1_rbs	5.65	0.0	0.0
69	__protein2_rbs	5.8	0.0	0.0
69	__protein3_rbs	0.9	0.0	0.0
69	__ribosome	42.8	0.0	0.0
69	__rnase_site_ext	11.5	0.0	0.0
69	p0	0.85	0.0	0.0
69	p1	0.85	0.0	0.0
69	p2	0.65	0.0	0.0
69	protein1	223.95	11.35	2.3344155000000004
69	protein2	192.85	11.0	2.4060858000000005
69	protein3	26.5	2.05	2.1599999500000004
69	r2	2.05	0.0	0.0
69	rnapol	0.2	0.0	0.0
70	__protein1_rbs	6.2	0.0	0.0
70	__protein2_rbs	6.4	0.0	0.0
70	__protein3_rbs	1.1	0.0	0.0
70	__ribosome	42.85	0.0	0.0
70	__rnase_site_ext	11.55	0.0	0.0
70	p0	0.8	0.0	0.0
70	p1	0.6	0.0	0.0
70	p2	0.6	0.0	0.0
70	protein1	228.8	11.3	2.34362555
70	protein2	197.7	10.9	2.4116523500000007
70	protein3	27.45	2.05	2.09333335
70	r2	2.15	0.0	0.0
70	rnapol	0.2	0.0	0.0
71	__protein1_rbs	5.5	0.0	0.0
71	__protein2_rbs	6.2	0.0	0.0
71	__protein3_rbs	0.85	0.0	0.0
71	__ribosome	42.75	0.0	0.0
71	__rnase_site_ext	11.65	0.0	0.0
71	p0	0.8	0.0	0.0
71	p1	0.5	0.0	0.0
71	p2	0.75	0.0	0.0
71	protein1	234.2	11.3	2.4243975
71	protein2	203.45	11.0	2.3177830500000005
71	protein3	28.4	2.05	2.1433333999999995
71	r2	2.2	0.0	0.0
71	rnapol	0.15	0.0	0.0
72	__protein1_rbs	6.1	0.0	0.0
72	__protein2_rbs	6.15	0.0	0.0
72	__protein3_rbs	1.2	0.0	0.0
72	__ribosome	41.85	0.0	0.0
72	__rnase_site_ext	11.8	0.0	0.0
72	p0	0.85	0.0	0.0
72	p1	0.75	0.0	0.0
72	p2	0.8	0.0	0.0
72	protein1	239.15	11.5	2.4177848
72	protein2	208.5	11.45	2.2611257
72	protein3	29.15	2.15	2.38333335
72	r2	2.2	0.0	0.0
72	rnapol	0.05	0.0	0.0
73	__protein1_rbs	6.5	0.0	0.0
73	__protein2_rbs	5.6	0.0	0.0
73	__protein3_rbs	1.2	0.0	0.0
73	__ribosome	41.65	0.0	0.0
73	__rnase_site_ext	11.7	0.0	0.0
73	p0	0.9	0.0	0.0
73	p1	0.7	0.0	0.0
73	p2	0.65	0.0	0.0
73	protein1	244.95	11.6	2.31021195
73	protein2	213.5	11.55	2.3332318
73	protein3	30.25	2.2	2.22916665
73	r2	2.3	0.0	0.0
73	rnapol	0.05	0.0	0.0
74	__protein1_rbs	6.2	0.0	0.0
74	__protein2_rbs	6.1	0.0	0.0
74	__protein3_rbs	1.25	0.0	0.0
74	__ribosome	41.1	0.0	0.0
74	__rnase_site_ext	11.8	0.0	0.0
74	p0	0.8	0.0	0.0
74	p1	0.45	0.0	0.0
74	p2	0.95	0.0	0.0
74	protein1	250.1	11.55	2.35568005
74	protein2	218.6	11.7	2.30389515
74	protein3	31.3	2.3	2.11833335
74	r2	2.35	0.0	0.0
74	rnapol	0.15	0.0	0.0
75	__protein1_rbs	6.0	0.0	0.0
75	__protein2_rbs	6.8	0.0	0.0
75	__protein3_rbs	1.35	0.0	0.0
75	__ribosome	40.4	0.0	0.0
75	__rnase_site_ext	11.8	0.0	0.0
75	p0	0.9	0.0	0.0
75	p1	0.6	0.0	0.0
75	p2	0.85	0.0	0.0
75	protein1	254.75	11.6	2.4436667
75	protein2	223.85	11.85	2.2394594
75	protein3	32.15	2.3	2.09333335
75	r2	2.4	0.0	0.0
75	rnapol	0.05	0.0	0.0
76	__protein1_rbs	6.25	0.0	0.0
76	__protein2_rbs	6.35	0.0	0.0
76	__protein3_rbs	1.4	0.0	0.0
76	__ribosome	40.65	0.0	0.0
76	__rnase_site_ext	11.75	0.0	0.0
76	p0	0.85	0.0	0.0
76	p1	0.55	0.0	0.0
76	p2	0.7	0.0	0.0
76	protein1	261.25	11.7	2.33282065
76	protein2	228.8	12.1	2.2634482000000005
76	protein3	33.2	2.35	2.1258334000000003
76	r2	2.35	0.0	0.0
76	rnapol	0.05	0.0	0.0
77	__protein1_rbs	7.2	0.0	0.0
77	__protein2_rbs	7.0	0.0	0.0
77	__protein3_rbs	1.3	0.0	0.0
77	__ribosome	41.3	0.0	0.0
77	__rnase_site_ext	11.85	0.0	0.0
77	p0	0.9	0.0	0.0
77	p1	0.65	0.0	0.0
77	p2	0.5	0.0	0.0
77	protein1	266.45	11.6	2.3122877500000003
77	protein2	233.95	12.15	2.26485335
77	protein3	34.25	2.45	2.00083335
77	r2	2.35	0.0	0.0
77	rnapol	0.15	0.0	0.0
78	__protein1_rbs	5.7	0.0	0.0
78	__protein2_rbs	6.6	0.0	0.0
78	__protein3_rbs	1.1	0.0	0.0
78	__ribosome	40.95	0.0	0.0
78	__rnase_site_ext	11.85	0.0	0.0
78	p0	0.7	0.0	0.0
78	p1	0.75	0.0	0.0
78	p2	0.85	0.0	0.0
78	protein1	272.05	11.8	2.3044464499999995
78	protein2	240.25	12.25	2.2230393000000004
78	protein3	35.1	2.35	inf
78	r2	2.45	0.0	0.0
78	rnapol	0.3	0.0	0.0
79	__protein1_rbs	6.3	0.0	0.0
79	__protein2_rbs	6.75	0.0	0.0
79	__protein3_rbs	1.25	0.0	0.0
79	__ribosome	40.95	0.0	0.0
79	__rnase_site_ext	12.05	0.0	0.0
79	p0	0.85	0.0	0.0
79	p1	0.65	0.0	0.0
79	p2	0.8	0.0	0.0
79	protein1	277.05	11.7	2.3199659
79	protein2	245.65	12.25	2.2172419000000003
79	protein3	36.35	2.4	inf
79	r2	2.45	0.0	0.0
79	rnapol	0.15	0.0	0.0
80	__protein1_rbs	6.35	0.0	0.0
80	__protein2_rbs	6.95	0.0	0.0
80	__protein3_rbs	1.3	0.0	0.0
80	__ribosome	40.5	0.0	0.0
80	__rnase_site_ext	12.15	0.0	0.0
80	p0	0.75	0.0	0.0
80	p1	0.7	0.0	0.0
80	p2	0.7	0.0	0.0
80	protein1	282.85	12.0	2.2099694000000003
80	protein2	250.55	12.55	2.2216927
80	protein3	37.15	2.45	inf
80	r2	2.6	0.0	0.0
80	rnapol	0.1	0.0	0.0
81	__protein1_rbs	6.85	0.0	0.0
81	__protein2_rbs	6.65	0.0	0.0
81	__protein3_rbs	1.55	0.0	0.0
81	__ribosome	40.05	0.0	0.0
81	__rnase_site_ext	12.35	0.0	0.0
81	p0	0.8	0.0	0.0
81	p1	0.85	0.0	0.0
81	p2	0.5	0.0	0.0
81	protein1	287.95	12.05	2.20362445
81	protein2	256.2	12.75	2.1966231
81	protein3	38.1	2.55	inf
81	r2	2.55	0.0	0.0
81	rnapol	0.1	0.0	0.0
82	__protein1_rbs	6.0	0.0	0.0
82	__protein2_rbs	6.8	0.0	0.0
82	__protein3_rbs	1.4	0.0	0.0
82	__ribosome	38.35	0.0	0.0
82	__rnase_site_ext	12.45	0.0	0.0
82	p0	0.65	0.0	0.0
82	p1	0.65	0.0	0.0
82	p2	0.7	0.0	0.0
82	protein1	293.05	12.3	2.21428445
82	protein2	261.3	12.75	2.279274
82	protein3	39.3	2.55	2.0265476500000004
82	r2	2.55	0.0	0.0
82	rnapol	0.15	0.0	0.0
83	__protein1_rbs	7.0	0.0	0.0
83	__protein2_rbs	6.7	0.0	0.0
83	__protein3_rbs	1.65	0.0	0.0
83	__ribosome	38.6	0.0	0.0
83	__rnase_site_ext	12.65	0.0	0.0
83	p0	0.9	0.0	0.0
83	p1	0.65	0.0	0.0
83	p2	0.55	0.0	0.0
83	protein1	298.45	12.3	2.1987562000000005
83	protein2	266.85	12.75	2.3051977000000003
83	protein3	40.55	2.65	1.90166675
83	r2	2.6	0.0	0.0
83	rnapol	0.15	0.0	0.0
84	__protein1_rbs	6.95	0.0	0.0
84	__protein2_rbs	7.75	0.0	0.0
84	__protein3_rbs	1.75	0.0	0.0
84	__ribosome	38.65	0.0	0.0
84	__rnase_site_ext	12.75	0.0	0.0
84	p0	0.8	0.0	0.0
84	p1	0.9	0.0	0.0
84	p2	0.8	0.0	0.0
84	protein1	303.55	12.45	2.22234325
84	protein2	272.9	12.95	2.2293805499999992
84	protein3	41.4	2.55	1.92333335
84	r2	2.65	0.0	0.0
84	rnapol	0.25	0.0	0.0
85	__protein1_rbs	6.55	0.0	0.0
85	__protein2_rbs	6.1	0.0	0.0
85	__protein3_rbs	1.6	0.0	0.0
85	__ribosome	37.95	0.0	0.0
85	__rnase_site_ext	12.9	0.0	0.0
85	p0	0.75	0.0	0.0
85	p1	0.75	0.0	0.0
85	p2	0.7	0.0	0.0
85	protein1	309.3	12.6	2.1780458999999994
85	protein2	278.75	12.8	2.33402645
85	protein3	42.7	2.6	1.85416665
85	r2	2.65	0.0	0.0
85	rnapol	0.1	0.0	0.0
86	__protein1_rbs	7.6	0.0	0.0
86	__protein2_rbs	7.55	0.0	0.0
86	__protein3_rbs	1.6	0.0	0.0
86	__ribosome	37.55	0.0	0.0
86	__rnase_site_ext	13.25	0.0	0.0
86	p0	0.75	0.0	0.0
86	p1	0.75	0.0	0.0
86	p2	0.7	0.0	0.0
86	protein1	314.45	12.75	2.1795507
86	protein2	284.0	12.85	2.3327237999999997
86	protein3	43.75	2.65	1.82666665
86	r2	2.7	0.0	0.0
86	rnapol	0.0	0.0	0.0
87	__protein1_rbs	6.35	0.0	0.0
87	__protein2_rbs	7.65	0.0	0.0
87	__protein3_rbs	1.6	0.0	0.0
87	__ribosome	37.75	0.0	0.0
87	__rnase_site_ext	13.35	0.0	0.0
87	p0	0.8	0.0	0.0
87	p1	0.6	0.0	0.0
87	p2	0.85	0.0	0.0
87	protein1	320.1	12.9	2.2196932
87	protein2	290.25	12.85	2.2653008999999997
87	protein3	45.05	2.65	1.8686904999999998
87	r2	2.7	0.0	0.0
87	rnapol	0.0	0.0	0.0
88	__protein1_rbs	7.55	0.0	0.0
88	__protein2_rbs	6.8	0.0	0.0
88	__protein3_rbs	1.5	0.0	0.0
88	__ribosome	37.75	0.0	0.0
88	__rnase_site_ext	13.35	0.0	0.0
88	p0	0.9	0.0	0.0
88	p1	0.6	0.0	0.0
88	p2	0.75	0.0	0.0
88	protein1	325.4	13.15	2.1810780500000004
88	protein2	296.55	12.95	2.225215850000001
88	protein3	45.85	2.7	1.9263095000000001
88	r2	2.75	0.0	0.0
88	rnapol	0.1	0.0	0.0
89	__protein1_rbs	7.95	0.0	0.0
89	__protein2_rbs	7.25	0.0	0.0
89	__protein3_rbs	1.7	0.0	0.0
89	__ribosome	37.15	0.0	0.0
89	__rnase_site_ext	13.4	0.0	0.0
89	p0	0.9	0.0	0.0
89	p1	0.65	0.0	0.0
89	p2	0.8	0.0	0.0
89	protein1	331.05	13.3	2.14092355
89	protein2	302.0	13.1	2.2197465499999995
89	protein3	46.8	2.75	1.9394048
89	r2	2.8	0.0	0.0
89	rnapol	0.2	0.0	0.0
90	__protein1_rbs	7.45	0.0	0.0
90	__protein2_rbs	7.65	0.0	0.0
90	__protein3_rbs	1.8	0.0	0.0
90	__ribosome	37.05	0.0	0.0
90	__rnase_site_ext	13.5	0.0	0.0
90	p0	0.8	0.0	0.0
90	p1	0.55	0.0	0.0
90	p2	0.9	0.0	0.0
90	protein1	336.25	13.4	2.1747901
90	protein2	308.35	13.3	2.1368485
90	protein3	47.9	2.8	1.86642855
90	r2	2.8	0.0	0.0
90	rnapol	0.15	0.0	0.0
91	__protein1_rbs	7.55	0.0	0.0
91	__protein2_rbs	8.1	0.0	0.0
91	__protein3_rbs	1.95	0.0	0.0
91	__ribosome	37.2	0.0	0.0
91	__rnase_site_ext	13.55	0.0	0.0
91	p0	0.75	0.0	0.0
91	p1	0.65	0.0	0.0
91	p2	0.75	0.0	0.0
91	protein1	342.15	13.4	2.1624017
91	protein2	313.65	13.4	2.1312725
91	protein3	49.0	2.8	1.8022619
91	r2	2.75	0.0	0.0
91	rnapol	0.05	0.0	0.0
92	__protein1_rbs	7.25	0.0	0.0
92	__protein2_rbs	7.85	0.0	0.0
92	__protein3_rbs	1.65	0.0	0.0
92	__ribosome	37.5	0.0	0.0
92	__rnase_site_ext	13.5	0.0	0.0
92	p0	0.9	0.0	0.0
92	p1	0.6	0.0	0.0
92	p2	0.8	0.0	0.0
92	protein1	348.0	13.4	2.13626285
92	protein2	319.55	13.6	2.0890492499999995
92	protein3	50.1	2.8	1.81583335
92	r2	2.75	0.0	0.0
92	rnapol	0.2	0.0	0.0
93	__protein1_rbs	7.15	0.0	0.0
93	__protein2_rbs	7.2	0.0	0.0
93	__protein3_rbs	1.35	0.0	0.0
93	__ribosome	36.65	0.0	0.0
93	__rnase_site_ext	13.75	0.0	0.0
93	p0	0.75	0.0	0.0
93	p1	0.65	0.0	0.0
93	p2	0.7	0.0	0.0
93	protein1	353.85	13.45	2.13684155
93	protein2	325.5	13.65	2.12420695
93	protein3	51.35	2.85	2.0070833500000003
93	r2	2.7	0.0	0.0
93	rnapol	0.15	0.0	0.0
94	__protein1_rbs	7.6	0.0	0.0
94	__protein2_rbs	7.75	0.0	0.0
94	__protein3_rbs	1.7	0.0	0.0
94	__ribosome	36.3	0.0	0.0
94	__rnase_site_ext	13.8	0.0	0.0
94	p0	0.75	0.0	0.0
94	p1	0.65	0.0	0.0
94	p2	0.65	0.0	0.0
94	protein1	359.65	13.6	2.1307818000000003
94	protein2	331.1	13.85	2.1333027
94	protein3	52.75	2.75	inf
94	r2	2.7	0.0	0.0
94	rnapol	0.15	0.0	0.0
95	__protein1_rbs	7.85	0.0	0.0
95	__protein2_rbs	8.5	0.0	0.0
95	__protein3_rbs	1.45	0.0	0.0
95	__ribosome	34.85	0.0	0.0
95	__rnase_site_ext	13.95	0.0	0.0
95	p0	0.75	0.0	0.0
95	p1	0.55	0.0	0.0
95	p2	0.65	0.0	0.0
95	protein1	365.15	13.6	2.14407695
95	protein2	336.1	13.95	2.181481
95	protein3	53.6	2.7	inf
95	r2	2.65	0.0	0.0
95	rnapol	0.2	0.0	0.0
96	__protein1_rbs	8.05	0.0	0.0
96	__protein2_rbs	7.95	0.0	0.0
96	__protein3_rbs	1.4	0.0	0.0
96	__ribosome	34.65	0.0	0.0
96	__rnase_site_ext	13.95	0.0	0.0
96	p0	0.85	0.0	0.0
96	p1	0.75	0.0	0.0
96	p2	0.65	0.0	0.0
96	protein1	371.2	13.75	2.12938735
96	protein2	342.5	14.05	2.1608856
96	protein3	54.7	2.7	inf
96	r2	2.7	0.0	0.0
96	rnapol	0.25	0.0	0.0
97	__protein1_rbs	8.45	0.0	0.0
97	__protein2_rbs	8.15	0.0	0.0
97	__protein3_rbs	1.85	0.0	0.0
97	__ribosome	35.55	0.0	0.0
97	__rnase_site_ext	14.05	0.0	0.0
97	p0	0.75	0.0	0.0
97	p1	0.8	0.0	0.0
97	p2	0.6	0.0	0.0
97	protein1	377.05	14.0	2.04899125
97	protein2	348.6	14.25	2.1342438
97	protein3	55.9	2.65	inf
97	r2	2.65	0.0	0.0
97	rnapol	0.1	0.0	0.0
98	__protein1_rbs	7.7	0.0	0.0
98	__protein2_rbs	8.55	0.0	0.0
98	__protein3_rbs	1.7	0.0	0.0
98	__ribosome	35.95	0.0	0.0
98	__rnase_site_ext	14.0	0.0	0.0
98	p0	0.75	0.0	0.0
98	p1	0.75	0.0	0.0
98	p2	0.65	0.0	0.0
98	protein1	383.0	13.85	2.11814925
98	protein2	354.85	14.2	2.0975275
98	protein3	57.35	2.65	1.98916665
98	r2	2.7	0.0	0.0
98	rnapol	0.15	0.0	0.0
99	__protein1_rbs	8.35	0.0	0.0
99	__protein2_rbs	7.5	0.0	0.0
99	__protein3_rbs	1.7	0.0	0.0
99	__ribosome	34.7	0.0	0.0
99	__rnase_site_ext	14.2	0.0	0.0
99	p0	0.8	0.0	0.0
99	p1	0.8	0.0	0.0
99	p2	0.65	0.0	0.0
99	protein1	389.1	13.9	2.0921391
99	protein2	360.6	14.3	2.1830576000000006
99	protein3	58.4	2.7	1.87
99	r2	2.75	0.0	0.0
99	rnapol	0.15	0.0	0.0
100	__protein1_rbs	8.2	0.0	0.0
100	__protein2_rbs	8.0	0.0	0.0
100	__protein3_rbs	1.9	0.0	0.0
100	__ribosome	34.9	0.0	0.0
100	__rnase_site_ext	14.4	0.0	0.0
100	p0	0.75	0.0	0.0
100	p1	0.65	0.0	0.0
100	p2	0.65	0.0	0.0
100	protein1	394.75	14.05	2.0964796999999997
100	protein2	366.85	14.3	2.1602679
100	protein3	59.7	2.75	1.74791665
100	r2	2.85	0.0	0.0
100	rnapol	0.05	0.0	0.0
101	__protein1_rbs	7.45	0.0	0.0
101	__protein2_rbs	8.55	0.0	0.0
101	__protein3_rbs	1.95	0.0	0.0
101	__ribosome	34.65	0.0	0.0
101	__rnase_site_ext	14.55	0.0	0.0
101	p0	0.7	0.0	0.0
101	p1	0.6	0.0	0.0
101	p2	0.75	0.0	0.0
101	protein1	401.0	14.15	2.123093
101	protein2	372.75	14.4	2.14217255
101	protein3	60.9	2.85	1.54541665
101	r2	2.9	0.0	0.0
101	rnapol	0.05	0.0	0.0
102	__protein1_rbs	8.45	0.0	0.0
102	__protein2_rbs	8.25	0.0	0.0
102	__protein3_rbs	1.45	0.0	0.0
102	__ribosome	34.4	0.0	0.0
102	__rnase_site_ext	14.5	0.0	0.0
102	p0	0.8	0.0	0.0
102	p1	0.8	0.0	0.0
102	p2	0.65	0.0	0.0
102	protein1	407.1	14.3	2.0863515
102	protein2	378.95	14.45	2.1288382500000003
102	protein3	61.95	2.85	1.70291665
102	r2	2.95	0.0	0.0
102	rnapol	0.0	0.0	0.0
103	__protein1_rbs	8.45	0.0	0.0
103	__protein2_rbs	8.4	0.0	0.0
103	__protein3_rbs	1.9	0.0	0.0
103	__ribosome	34.35	0.0	0.0
103	__rnase_site_ext	14.35	0.0	0.0
103	p0	0.9	0.0	0.0
103	p1	0.5	0.0	0.0
103	p2	0.8	0.0	0.0
103	protein1	412.8	14.4	2.11093075
103	protein2	384.9	14.6	2.1018561
103	protein3	63.25	2.9	1.59708335
103	r2	2.95	0.0	0.0
103	rnapol	0.15	0.0	0.0
104	__protein1_rbs	8.0	0.0	0.0
104	__protein2_rbs	8.8	0.0	0.0
104	__protein3_rbs	1.6	0.0	0.0
104	__ribosome	33.45	0.0	0.0
104	__rnase_site_ext	14.45	0.0	0.0
104	p0	0.8	0.0	0.0
104	p1	0.6	0.0	0.0
104	p2	0.7	0.0	0.0
104	protein1	417.95	14.35	2.18049145
104	protein2	391.45	14.8	2.0438857
104	protein3	64.3	2.95	1.70000005
104	r2	2.95	0.0	0.0
104	rnapol	0.0	0.0	0.0
105	__protein1_rbs	8.25	0.0	0.0
105	__protein2_rbs	8.75	0.0	0.0
105	__protein3_rbs	1.7	0.0	0.0
105	__ribosome	34.05	0.0	0.0
105	__rnase_site_ext	14.45	0.0	0.0
105	p0	0.85	0.0	0.0
105	p1	0.65	0.0	0.0
105	p2	0.8	0.0	0.0
105	protein1	424.85	14.25	2.13072185
105	protein2	397.8	14.95	2.03413265
105	protein3	65.15	2.9	1.7875
105	r2	3.0	0.0	0.0
105	rnapol	0.05	0.0	0.0
106	__protein1_rbs	8.65	0.0	0.0
106	__protein2_rbs	8.55	0.0	0.0
106	__protein3_rbs	1.75	0.0	0.0
106	__ribosome	34.65	0.0	0.0
106	__rnase_site_ext	14.55	0.0	0.0
106	p0	0.8	0.0	0.0
106	p1	0.65	0.0	0.0
106	p2	0.7	0.0	0.0
106	protein1	431.4	14.3	2.0671264000000003
106	protein2	404.25	15.1	2.01509515
106	protein3	66.1	2.95	1.8091667000000002
106	r2	3.0	0.0	0.0
106	rnapol	0.15	0.0	0.0
107	__protein1_rbs	8.05	0.0	0.0
107	__protein2_rbs	8.85	0.0	0.0
107	__protein3_rbs	1.8	0.0	0.0
107	__ribosome	33.55	0.0	0.0
107	__rnase_site_ext	14.55	0.0	0.0
107	p0	0.85	0.0	0.0
107	p1	0.55	0.0	0.0
107	p2	0.7	0.0	0.0
107	protein1	437.2	14.4	2.0971309500000004
107	protein2	410.3	15.3	2.0264048500000005
107	protein3	67.5	3.0	1.85277775
107	r2	3.05	0.0	0.0
107	rnapol	0.15	0.0	0.0
108	__protein1_rbs	8.5	0.0	0.0
108	__protein2_rbs	9.3	0.0	0.0
108	__protein3_rbs	1.45	0.0	0.0
108	__ribosome	33.55	0.0	0.0
108	__rnase_site_ext	14.75	0.0	0.0
108	p0	0.75	0.0	0.0
108	p1	0.65	0.0	0.0
108	p2	0.9	0.0	0.0
108	protein1	443.3	14.5	2.04481385
108	protein2	416.65	15.35	2.0042085
108	protein3	68.65	3.0	2.0238888999999998
108	r2	2.95	0.0	0.0
108	rnapol	0.15	0.0	0.0
109	__protein1_rbs	8.45	0.0	0.0
109	__protein2_rbs	9.85	0.0	0.0
109	__protein3_rbs	1.75	0.0	0.0
109	__ribosome	33.0	0.0	0.0
109	__rnase_site_ext	14.65	0.0	0.0
109	p0	0.9	0.0	0.0
109	p1	0.6	0.0	0.0
109	p2	0.55	0.0	0.0
109	protein1	449.1	14.55	2.0853908
109	protein2	422.55	15.6	1.9849244
109	protein3	69.9	3.05	1.9130555500000004
109	r2	3.0	0.0	0.0
109	rnapol	0.1	0.0	0.0
110	__protein1_rbs	9.1	0.0	0.0
110	__protein2_rbs	9.6	0.0	0.0
110	__protein3_rbs	1.6	0.0	0.0
110	__ribosome	32.2	0.0	0.0
110	__rnase_site_ext	14.75	0.0	0.0
110	p0	0.85	0.0	0.0
110	p1	0.7	0.0	0.0
110	p2	0.8	0.0	0.0
110	protein1	455.15	14.7	2.0662316
110	protein2	429.0	15.7	1.9833262500000004
110	protein3	70.9	3.0	2.03625005
110	r2	3.0	0.0	0.0
110	rnapol	0.25	0.0	0.0
111	__protein1_rbs	8.35	0.0	0.0
111	__protein2_rbs	8.8	0.0	0.0
111	__protein3_rbs	1.9	0.0	0.0
111	__ribosome	30.45	0.0	0.0
111	__rnase_site_ext	14.85	0.0	0.0
111	p0	0.75	0.0	0.0
111	p1	0.7	0.0	0.0
111	p2	0.65	0.0	0.0
111	protein1	461.3	14.55	2.1237329000000007
111	protein2	434.75	15.8	2.0569195
111	protein3	72.15	3.0	1.9650000000000003
111	r2	3.0	0.0	0.0
111	rnapol	0.2	0.0	0.0
112	__protein1_rbs	8.85	0.0	0.0
112	__protein2_rbs	10.3	0.0	0.0
112	__protein3_rbs	2.15	0.0	0.0
112	__ribosome	31.9	0.0	0.0
112	__rnase_site_ext	14.95	0.0	0.0
112	p0	0.8	0.0	0.0
112	p1	0.6	0.0	0.0
112	p2	0.7	0.0	0.0
112	protein1	467.15	14.75	2.0926223999999998
112	protein2	441.9	15.85	1.96936365
112	protein3	73.4	3.0	1.94916665
112	r2	3.0	0.0	0.0
112	rnapol	0.1	0.0	0.0
113	__protein1_rbs	8.35	0.0	0.0
113	__protein2_rbs	10.0	0.0	0.0
113	__protein3_rbs	2.15	0.0	0.0
113	__ribosome	32.85	0.0	0.0
113	__rnase_site_ext	15.1	0.0	0.0
113	p0	0.7	0.0	0.0
113	p1	0.65	0.0	0.0
113	p2	0.75	0.0	0.0
113	protein1	474.0	15.0	2.01129415
113	protein2	448.25	15.75	1.9778656
113	protein3	74.65	3.05	1.7729166499999998
113	r2	3.0	0.0	0.0
113	rnapol	0.05	0.0	0.0
114	__protein1_rbs	9.1	0.0	0.0
114	__protein2_rbs	9.85	0.0	0.0
114	__protein3_rbs	1.55	0.0	0.0
114	__ribosome	32.95	0.0	0.0
114	__rnase_site_ext	15.2	0.0	0.0
114	p0	0.8	0.0	0.0
114	p1	0.7	0.0	0.0
114	p2	0.7	0.0	0.0
114	protein1	480.2	14.9	2.0260392499999997
114	protein2	454.5	15.9	1.9564515
114	protein3	76.3	3.0	1.81791665
114	r2	3.15	0.0	0.0
114	rnapol	0.05	0.0	0.0
115	__protein1_rbs	9.65	0.0	0.0
115	__protein2_rbs	8.25	0.0	0.0
115	__protein3_rbs	1.7	0.0	0.0
115	__ribosome	32.3	0.0	0.0
115	__rnase_site_ext	15.15	0.0	0.0
115	p0	0.9	0.0	0.0
115	p1	0.7	0.0	0.0
115	p2	0.7	0.0	0.0
115	protein1	486.55	15.05	1.9948085
115	protein2	461.15	15.8	2.03539155
115	protein3	77.8	3.1	1.73875
115	r2	3.15	0.0	0.0
115	rnapol	0.15	0.0	0.0
116	__protein1_rbs	7.85	0.0	0.0
116	__protein2_rbs	10.05	0.0	0.0
116	__protein3_rbs	1.9	0.0	0.0
116	__ribosome	31.7	0.0	0.0
116	__rnase_site_ext	15.05	0.0	0.0
116	p0	0.9	0.0	0.0
116	p1	0.75	0.0	0.0
116	p2	0.7	0.0	0.0
116	protein1	492.8	15.2	2.03043325
116	protein2	467.9	15.95	1.9729219
116	protein3	78.85	3.15	1.76333335
116	r2	3.2	0.0	0.0
116	rnapol	0.15	0.0	0.0
117	__protein1_rbs	8.75	0.0	0.0
117	__protein2_rbs	9.25	0.0	0.0
117	__protein3_rbs	1.8	0.0	0.0
117	__ribosome	31.0	0.0	0.0
117	__rnase_site_ext	15.2	0.0	0.0
117	p0	0.8	0.0	0.0
117	p1	0.7	0.0	0.0
117	p2	0.65	0.0	0.0
117	protein1	498.55	14.95	2.08278605
117	protein2	474.05	15.9	2.02577345
117	protein3	80.45	3.15	1.6958333
117	r2	3.3	0.0	0.0
117	rnapol	0.2	0.0	0.0
118	__protein1_rbs	9.65	0.0	0.0
118	__protein2_rbs	9.7	0.0	0.0
118	__protein3_rbs	1.7	0.0	0.0
118	__ribosome	30.75	0.0	0.0
118	__rnase_site_ext	15.35	0.0	0.0
118	p0	0.55	0.0	0.0
118	p1	0.75	0.0	0.0
118	p2	0.8	0.0	0.0
118	protein1	504.5	15.1	2.0663827
118	protein2	480.5	15.85	2.0335053
118	protein3	81.4	3.25	1.8679167
118	r2	3.35	0.0	0.0
118	rnapol	0.0	0.0	0.0
119	__protein1_rbs	8.55	0.0	0.0
119	__protein2_rbs	10.05	0.0	0.0
119	__protein3_rbs	1.9	0.0	0.0
119	__ribosome	30.9	0.0	0.0
119	__rnase_site_ext	15.6	0.0	0.0
119	p0	0.95	0.0	0.0
119	p1	0.55	0.0	0.0
119	p2	0.7	0.0	0.0
119	protein1	511.6	15.25	2.05210085
119	protein2	486.95	15.9	2.0093252
119	protein3	82.55	3.3	1.8308333
119	r2	3.35	0.0	0.0
119	rnapol	0.1	0.0	0.0
120	__protein1_rbs	8.6	0.0	0.0
120	__protein2_rbs	10.1	0.0	0.0
120	__protein3_rbs	2.0	0.0	0.0
120	__ribosome	31.3	0.0	0.0
120	__rnase_site_ext	15.65	0.0	0.0
120	p0	0.75	0.0	0.0
120	p1	0.45	0.0	0.0
120	p2	0.75	0.0	0.0
120	protein1	517.4	15.45	2.07734425
120	protein2	494.2	16.0	1.9249586499999995
120	protein3	83.95	3.35	1.93291665
120	r2	3.4	0.0	0.0
120	rnapol	0.1	0.0	0.0
121	__protein1_rbs	9.45	0.0	0.0
121	__protein2_rbs	9.85	0.0	0.0
121	__protein3_rbs	2.1	0.0	0.0
121	__ribosome	31.75	0.0	0.0
121	__rnase_site_ext	15.75	0.0	0.0
121	p0	0.8	0.0	0.0
121	p1	0.55	0.0	0.0
121	p2	0.8	0.0	0.0
121	protein1	524.15	15.55	2.0448199
121	protein2	500.6	16.1	1.9233356
121	protein3	85.3	3.35	1.97125
121	r2	3.4	0.0	0.0
121	rnapol	0.15	0.0	0.0
122	__protein1_rbs	8.85	0.0	0.0
122	__protein2_rbs	9.4	0.0	0.0
122	__protein3_rbs	2.3	0.0	0.0
122	__ribosome	31.15	0.0	0.0
122	__rnase_site_ext	15.75	0.0	0.0
122	p0	0.7	0.0	0.0
122	p1	0.65	0.0	0.0
122	p2	0.75	0.0	0.0
122	protein1	530.45	15.55	2.0606555
122	protein2	507.05	16.25	1.9331734
122	protein3	86.8	3.4	1.8529166500000005
122	r2	3.4	0.0	0.0
122	rnapol	0.0	0.0	0.0
123	__protein1_rbs	9.9	0.0	0.0
123	__protein2_rbs	10.1	0.0	0.0
123	__protein3_rbs	2.15	0.0	0.0
123	__ribosome	30.6	0.0	0.0
123	__rnase_site_ext	15.85	0.0	0.0
123	p0	0.95	0.0	0.0
123	p1	0.75	0.0	0.0
123	p2	0.8	0.0	0.0
123	protein1	536.45	15.65	2.034338
123	protein2	513.25	16.45	1.9336482
123	protein3	88.0	3.4	1.93833335
123	r2	3.35	0.0	0.0
123	rnapol	0.2	0.0	0.0
124	__protein1_rbs	9.75	0.0	0.0
124	__protein2_rbs	9.25	0.0	0.0
124	__protein3_rbs	1.85	0.0	0.0
124	__ribosome	30.25	0.0	0.0
124	__rnase_site_ext	15.95	0.0	0.0
124	p0	0.7	0.0	0.0
124	p1	0.75	0.0	0.0
124	p2	0.8	0.0	0.0
124	protein1	543.05	15.7	1.9899647000000005
124	protein2	519.45	16.5	1.99453495
124	protein3	89.45	3.4	1.95625005
124	r2	3.35	0.0	0.0
124	rnapol	0.05	0.0	0.0
125	__protein1_rbs	8.9	0.0	0.0
125	__protein2_rbs	10.1	0.0	0.0
125	__protein3_rbs	2.15	0.0	0.0
125	__ribosome	30.2	0.0	0.0
125	__rnase_site_ext	15.9	0.0	0.0
125	p0	0.95	0.0	0.0
125	p1	0.75	0.0	0.0
125	p2	0.6	0.0	0.0
125	protein1	549.65	15.8	1.9921769
125	protein2	526.05	16.45	1.9816182
125	protein3	90.95	3.4	1.98833335
125	r2	3.4	0.0	0.0
125	rnapol	0.05	0.0	0.0
126	__protein1_rbs	10.05	0.0	0.0
126	__protein2_rbs	10.2	0.0	0.0
126	__protein3_rbs	2.3	0.0	0.0
126	__ribosome	29.8	0.0	0.0
126	__rnase_site_ext	15.95	0.0	0.0
126	p0	0.9	0.0	0.0
126	p1	0.6	0.0	0.0
126	p2	0.5	0.0	0.0
126	protein1	555.6	15.85	1.9920714
126	protein2	532.05	16.45	2.00458895
126	protein3	92.0	3.4	2.0308334
126	r2	3.4	0.0	0.0
126	rnapol	0.0	0.0	0.0
127	__protein1_rbs	10.1	0.0	0.0
127	__protein2_rbs	10.0	0.0	0.0
127	__protein3_rbs	2.15	0.0	0.0
127	__ribosome	30.55	0.0	0.0
127	__rnase_site_ext	15.9	0.0	0.0
127	p0	0.8	0.0	0.0
127	p1	0.65	0.0	0.0
127	p2	0.7	0.0	0.0
127	protein1	562.6	15.8	1.9296055000000003
127	protein2	539.3	16.6	1.9840670499999995
127	protein3	93.05	3.45	2.0791666500000003
127	r2	3.45	0.0	0.0
127	rnapol	0.2	0.0	0.0
128	__protein1_rbs	9.9	0.0	0.0
128	__protein2_rbs	10.15	0.0	0.0
128	__protein3_rbs	2.0	0.0	0.0
128	__ribosome	30.7	0.0	0.0
128	__rnase_site_ext	16.05	0.0	0.0
128	p0	0.85	0.0	0.0
128	p1	0.7	0.0	0.0
128	p2	0.65	0.0	0.0
128	protein1	569.1	15.8	1.894425
128	protein2	545.65	16.7	1.99354365
128	protein3	94.4	3.35	2.13458335
128	r2	3.5	0.0	0.0
128	rnapol	0.15	0.0	0.0
129	__protein1_rbs	9.75	0.0	0.0
129	__protein2_rbs	10.3	0.0	0.0
129	__protein3_rbs	1.95	0.0	0.0
129	__ribosome	31.2	0.0	0.0
129	__rnase_site_ext	16.2	0.0	0.0
129	p0	0.8	0.0	0.0
129	p1	0.55	0.0	0.0
129	p2	0.75	0.0	0.0
129	protein1	575.2	15.9	1.90520585
129	protein2	553.25	16.7	1.9417191
129	protein3	95.9	3.5	2.0424999500000003
129	r2	3.6	0.0	0.0
129	rnapol	0.0	0.0	0.0
130	__protein1_rbs	10.2	0.0	0.0
130	__protein2_rbs	10.45	0.0	0.0
130	__protein3_rbs	2.4	0.0	0.0
130	__ribosome	31.35	0.0	0.0
130	__rnase_site_ext	16.25	0.0	0.0
130	p0	0.95	0.0	0.0
130	p1	0.65	0.0	0.0
130	p2	0.6	0.0	0.0
130	protein1	581.75	16.1	1.89235705
130	protein2	559.9	16.8	1.9477308500000003
130	protein3	97.7	3.6	1.77958335
130	r2	3.65	0.0	0.0
130	rnapol	0.0	0.0	0.0
131	__protein1_rbs	8.95	0.0	0.0
131	__protein2_rbs	9.95	0.0	0.0
131	__protein3_rbs	2.1	0.0	0.0
131	__ribosome	29.05	0.0	0.0
131	__rnase_site_ext	16.1	0.0	0.0
131	p0	0.8	0.0	0.0
131	p1	0.6	0.0	0.0
131	p2	0.8	0.0	0.0
131	protein1	588.0	16.15	1.9668045000000005
131	protein2	566.4	16.85	1.96100065
131	protein3	98.7	3.7	2.0258333000000004
131	r2	3.85	0.0	0.0
131	rnapol	0.1	0.0	0.0
132	__protein1_rbs	10.2	0.0	0.0
132	__protein2_rbs	10.7	0.0	0.0
132	__protein3_rbs	2.6	0.0	0.0
132	__ribosome	30.2	0.0	0.0
132	__rnase_site_ext	16.35	0.0	0.0
132	p0	0.85	0.0	0.0
132	p1	0.65	0.0	0.0
132	p2	0.7	0.0	0.0
132	protein1	593.85	16.0	1.95405625
132	protein2	573.2	16.9	1.91316255
132	protein3	100.15	3.85	1.81666665
132	r2	3.85	0.0	0.0
132	rnapol	0.15	0.0	0.0
133	__protein1_rbs	9.75	0.0	0.0
133	__protein2_rbs	10.55	0.0	0.0
133	__protein3_rbs	2.55	0.0	0.0
133	__ribosome	29.35	0.0	0.0
133	__rnase_site_ext	16.3	0.0	0.0
133	p0	0.8	0.0	0.0
133	p1	0.75	0.0	0.0
133	p2	0.7	0.0	0.0
133	protein1	600.05	16.05	2.01015405
133	protein2	580.05	17.05	1.89784185
133	protein3	101.8	3.85	1.7208333500000002
133	r2	3.7	0.0	0.0
133	rnapol	0.15	0.0	0.0
134	__protein1_rbs	9.7	0.0	0.0
134	__protein2_rbs	10.5	0.0	0.0
134	__protein3_rbs	2.55	0.0	0.0
134	__ribosome	29.1	0.0	0.0
134	__rnase_site_ext	16.4	0.0	0.0
134	p0	0.8	0.0	0.0
134	p1	0.75	0.0	0.0
134	p2	0.8	0.0	0.0
134	protein1	606.35	16.1	2.0311725000000003
134	protein2	586.55	17.05	1.9262616999999997
134	protein3	103.1	3.85	1.7791667000000002
134	r2	3.7	0.0	0.0
134	rnapol	0.2	0.0	0.0
135	__protein1_rbs	9.95	0.0	0.0
135	__protein2_rbs	11.25	0.0	0.0
135	__protein3_rbs	2.35	0.0	0.0
135	__ribosome	28.85	0.0	0.0
135	__rnase_site_ext	16.55	0.0	0.0
135	p0	0.8	0.0	0.0
135	p1	0.6	0.0	0.0
135	p2	0.55	0.0	0.0
135	protein1	612.75	16.25	2.00993905
135	protein2	593.2	17.25	1.8765794999999998
135	protein3	104.2	3.7	1.93375
135	r2	3.75	0.0	0.0
135	rnapol	0.05	0.0	0.0
136	__protein1_rbs	9.75	0.0	0.0
136	__protein2_rbs	10.65	0.0	0.0
136	__protein3_rbs	2.4	0.0	0.0
136	__ribosome	30.0	0.0	0.0
136	__rnase_site_ext	16.4	0.0	0.0
136	p0	0.9	0.0	0.0
136	p1	0.6	0.0	0.0
136	p2	0.65	0.0	0.0
136	protein1	620.0	16.25	1.9786262
136	protein2	600.3	17.3	1.8615878
136	protein3	106.0	3.75	1.7527778000000003
136	r2	3.65	0.0	0.0
136	rnapol	0.25	0.0	0.0
137	__protein1_rbs	10.35	0.0	0.0
137	__protein2_rbs	11.05	0.0	0.0
137	__protein3_rbs	2.2	0.0	0.0
137	__ribosome	30.8	0.0	0.0
137	__rnase_site_ext	16.65	0.0	0.0
137	p0	0.75	0.0	0.0
137	p1	0.75	0.0	0.0
137	p2	0.75	0.0	0.0
137	protein1	627.15	16.15	1.9191900000000002
137	protein2	607.1	17.5	1.8493068
137	protein3	107.2	3.7	1.8477778000000002
137	r2	3.8	0.0	0.0
137	rnapol	0.35	0.0	0.0
138	__protein1_rbs	10.75	0.0	0.0
138	__protein2_rbs	10.55	0.0	0.0
138	__protein3_rbs	2.2	0.0	0.0
138	__ribosome	30.0	0.0	0.0
138	__rnase_site_ext	16.95	0.0	0.0
138	p0	0.8	0.0	0.0
138	p1	0.9	0.0	0.0
138	p2	0.7	0.0	0.0
138	protein1	633.4	16.4	1.88409395
138	protein2	613.65	17.5	1.88626275
138	protein3	108.55	3.75	1.9170635
138	r2	3.8	0.0	0.0
138	rnapol	0.3	0.0	0.0
139	__protein1_rbs	10.8	0.0	0.0
139	__protein2_rbs	11.1	0.0	0.0
139	__protein3_rbs	2.4	0.0	0.0
139	__ribosome	30.45	0.0	0.0
139	__rnase_site_ext	17.05	0.0	0.0
139	p0	0.9	0.0	0.0
139	p1	0.75	0.0	0.0
139	p2	0.85	0.0	0.0
139	protein1	639.95	16.65	1.82813735
139	protein2	620.5	17.4	1.88302965
139	protein3	110.0	3.8	1.8932936500000004
139	r2	3.75	0.0	0.0
139	rnapol	0.2	0.0	0.0
140	__protein1_rbs	10.15	0.0	0.0
140	__protein2_rbs	11.05	0.0	0.0
140	__protein3_rbs	2.1	0.0	0.0
140	__ribosome	29.4	0.0	0.0
140	__rnase_site_ext	17.0	0.0	0.0
140	p0	0.95	0.0	0.0
140	p1	0.6	0.0	0.0
140	p2	0.7	0.0	0.0
140	protein1	647.0	16.85	1.7923291000000001
140	protein2	626.55	17.3	1.9366688000000003
140	protein3	111.35	3.8	2.014881
140	r2	3.75	0.0	0.0
140	rnapol	0.15	0.0	0.0
141	__protein1_rbs	10.25	0.0	0.0
141	__protein2_rbs	11.5	0.0	0.0
141	__protein3_rbs	2.5	0.0	0.0
141	__ribosome	30.25	0.0	0.0
141	__rnase_site_ext	17.1	0.0	0.0
141	p0	0.8	0.0	0.0
141	p1	0.65	0.0	0.0
141	p2	0.6	0.0	0.0
141	protein1	653.5	16.75	1.82194425
141	protein2	634.15	17.35	1.8648740000000001
141	protein3	112.8	3.8	2.1011905
141	r2	3.75	0.0	0.0
141	rnapol	0.1	0.0	0.0
142	__protein1_rbs	10.4	0.0	0.0
142	__protein2_rbs	11.05	0.0	0.0
142	__protein3_rbs	2.5	0.0	0.0
142	__ribosome	29.55	0.0	0.0
142	__rnase_site_ext	17.25	0.0	0.0
142	p0	0.65	0.0	0.0
142	p1	0.65	0.0	0.0
142	p2	0.6	0.0	0.0
142	protein1	659.3	16.85	1.8804293
142	protein2	641.1	17.5	1.8366117500000003
142	protein3	114.25	3.8	2.06988095
142	r2	3.75	0.0	0.0
142	rnapol	0.05	0.0	0.0
143	__protein1_rbs	10.65	0.0	0.0
143	__protein2_rbs	10.2	0.0	0.0
143	__protein3_rbs	2.35	0.0	0.0
143	__ribosome	27.6	0.0	0.0
143	__rnase_site_ext	17.35	0.0	0.0
143	p0	0.75	0.0	0.0
143	p1	0.65	0.0	0.0
143	p2	0.75	0.0	0.0
143	protein1	665.15	17.0	1.90619745
143	protein2	648.25	17.6	1.87380215
143	protein3	115.45	3.75	2.19410715
143	r2	3.8	0.0	0.0
143	rnapol	0.2	0.0	0.0
144	__protein1_rbs	10.6	0.0	0.0
144	__protein2_rbs	11.3	0.0	0.0
144	__protein3_rbs	2.4	0.0	0.0
144	__ribosome	28.0	0.0	0.0
144	__rnase_site_ext	17.4	0.0	0.0
144	p0	0.7	0.0	0.0
144	p1	0.55	0.0	0.0
144	p2	0.9	0.0	0.0
144	protein1	671.5	17.1	1.9173376
144	protein2	654.9	17.65	1.8571084999999998
144	protein3	117.4	3.75	2.0327381000000004
144	r2	3.8	0.0	0.0
144	rnapol	0.1	0.0	0.0
145	__protein1_rbs	11.6	0.0	0.0
145	__protein2_rbs	10.45	0.0	0.0
145	__protein3_rbs	2.3	0.0	0.0
145	__ribosome	28.0	0.0	0.0
145	__rnase_site_ext	17.55	0.0	0.0
145	p0	0.85	0.0	0.0
145	p1	0.65	0.0	0.0
145	p2	0.75	0.0	0.0
145	protein1	678.45	17.1	1.85969855
145	protein2	661.4	17.7	1.9047380499999995
145	protein3	119.05	3.8	1.98125
145	r2	3.8	0.0	0.0
145	rnapol	0.0	0.0	0.0
146	__protein1_rbs	10.65	0.0	0.0
146	__protein2_rbs	11.45	0.0	0.0
146	__protein3_rbs	2.0	0.0	0.0
146	__ribosome	27.4	0.0	0.0
146	__rnase_site_ext	17.3	0.0	0.0
146	p0	1.0	0.0	0.0
146	p1	0.35	0.0	0.0
146	p2	0.75	0.0	0.0
146	protein1	685.45	17.45	1.81512605
146	protein2	667.9	17.85	1.9112312
146	protein3	120.7	3.8	2.0525
146	r2	3.75	0.0	0.0
146	rnapol	0.2	0.0	0.0
147	__protein1_rbs	10.55	0.0	0.0
147	__protein2_rbs	11.55	0.0	0.0
147	__protein3_rbs	2.35	0.0	0.0
147	__ribosome	27.65	0.0	0.0
147	__rnase_site_ext	17.4	0.0	0.0
147	p0	0.7	0.0	0.0
147	p1	0.55	0.0	0.0
147	p2	0.65	0.0	0.0
147	protein1	692.95	17.1	1.8159466
147	protein2	675.05	18.2	1.87238485
147	protein3	121.95	3.75	2.13607145
147	r2	3.75	0.0	0.0
147	rnapol	0.15	0.0	0.0
148	__protein1_rbs	10.75	0.0	0.0
148	__protein2_rbs	12.25	0.0	0.0
148	__protein3_rbs	2.4	0.0	0.0
148	__ribosome	28.8	0.0	0.0
148	__rnase_site_ext	17.35	0.0	0.0
148	p0	0.85	0.0	0.0
148	p1	0.8	0.0	0.0
148	p2	0.75	0.0	0.0
148	protein1	699.25	17.1	1.8328536
148	protein2	682.6	18.4	1.7887844000000002
148	protein3	123.7	3.75	2.016369
148	r2	3.8	0.0	0.0
148	rnapol	0.3	0.0	0.0
149	__protein1_rbs	11.2	0.0	0.0
149	__protein2_rbs	11.9	0.0	0.0
149	__protein3_rbs	1.65	0.0	0.0
149	__ribosome	28.8	0.0	0.0
149	__rnase_site_ext	17.55	0.0	0.0
149	p0	0.75	0.0	0.0
149	p1	0.6	0.0	0.0
149	p2	0.75	0.0	0.0
149	protein1	706.05	17.1	1.7994754999999998
149	protein2	689.55	18.3	1.79952345
149	protein3	125.1	3.8	2.0701785500000005
149	r2	3.75	0.0	0.0
149	rnapol	0.1	0.0	0.0
150	__protein1_rbs	10.45	0.0	0.0
150	__protein2_rbs	11.8	0.0	0.0
150	__protein3_rbs	2.55	0.0	0.0
150	__ribosome	28.2	0.0	0.0
150	__rnase_site_ext	17.55	0.0	0.0
150	p0	0.85	0.0	0.0
150	p1	0.55	0.0	0.0
150	p2	0.7	0.0	0.0
150	protein1	712.25	17.3	1.83257655
150	protein2	696.35	18.25	1.80313295
150	protein3	126.65	3.8	1.9727976500000004
150	r2	3.7	0.0	0.0
150	rnapol	0.15	0.0	0.0
151	__protein1_rbs	10.7	0.0	0.0
151	__protein2_rbs	12.2	0.0	0.0
151	__protein3_rbs	2.5	0.0	0.0
151	__ribosome	28.75	0.0	0.0
151	__rnase_site_ext	17.6	0.0	0.0
151	p0	0.75	0.0	0.0
151	p1	0.7	0.0	0.0
151	p2	0.65	0.0	0.0
151	protein1	718.95	17.35	1.85974925
151	protein2	703.6	18.45	1.7531043999999998
151	protein3	128.3	3.8	1.91011905
151	r2	3.8	0.0	0.0
151	rnapol	0.25	0.0	0.0
152	__protein1_rbs	11.15	0.0	0.0
152	__protein2_rbs	11.7	0.0	0.0
152	__protein3_rbs	2.2	0.0	0.0
152	__ribosome	29.1	0.0	0.0
152	__rnase_site_ext	17.65	0.0	0.0
152	p0	0.7	0.0	0.0
152	p1	0.5	0.0	0.0
152	p2	0.55	0.0	0.0
152	protein1	725.85	17.5	1.82681745
152	protein2	711.05	18.35	1.76499165
152	protein3	130.0	3.8	1.9160119
152	r2	3.75	0.0	0.0
152	rnapol	0.25	0.0	0.0
153	__protein1_rbs	12.05	0.0	0.0
153	__protein2_rbs	11.5	0.0	0.0
153	__protein3_rbs	2.7	0.0	0.0
153	__ribosome	29.35	0.0	0.0
153	__rnase_site_ext	17.75	0.0	0.0
153	p0	0.75	0.0	0.0
153	p1	0.85	0.0	0.0
153	p2	0.7	0.0	0.0
153	protein1	732.5	17.55	1.7708465500000004
153	protein2	717.75	18.45	1.7963407
153	protein3	131.2	3.8	1.7137499999999997
153	r2	3.7	0.0	0.0
153	rnapol	0.15	0.0	0.0
154	__protein1_rbs	11.15	0.0	0.0
154	__protein2_rbs	11.55	0.0	0.0
154	__protein3_rbs	2.5	0.0	0.0
154	__ribosome	28.65	0.0	0.0
154	__rnase_site_ext	17.85	0.0	0.0
154	p0	0.75	0.0	0.0
154	p1	0.75	0.0	0.0
154	p2	0.8	0.0	0.0
154	protein1	738.95	17.5	1.78126845
154	protein2	724.3	18.55	1.8383720999999995
154	protein3	133.1	3.8	1.66077385
154	r2	3.8	0.0	0.0
154	rnapol	0.15	0.0	0.0
155	__protein1_rbs	11.0	0.0	0.0
155	__protein2_rbs	11.95	0.0	0.0
155	__protein3_rbs	2.5	0.0	0.0
155	__ribosome	28.4	0.0	0.0
155	__rnase_site_ext	17.85	0.0	0.0
155	p0	0.65	0.0	0.0
155	p1	0.7	0.0	0.0
155	p2	0.7	0.0	0.0
155	protein1	746.0	17.6	1.7728884499999995
155	protein2	731.1	18.6	1.87052945
155	protein3	134.55	3.75	1.7032143000000002
155	r2	3.8	0.0	0.0
155	rnapol	0.0	0.0	0.0
156	__protein1_rbs	10.95	0.0	0.0
156	__protein2_rbs	12.45	0.0	0.0
156	__protein3_rbs	2.7	0.0	0.0
156	__ribosome	29.1	0.0	0.0
156	__rnase_site_ext	17.6	0.0	0.0
156	p0	0.9	0.0	0.0
156	p1	0.7	0.0	0.0
156	p2	0.65	0.0	0.0
156	protein1	753.0	17.55	1.79205215
156	protein2	738.85	18.65	1.81069895
156	protein3	135.85	3.8	1.6209524000000002
156	r2	3.8	0.0	0.0
156	rnapol	0.05	0.0	0.0
157	__protein1_rbs	11.2	0.0	0.0
157	__protein2_rbs	11.0	0.0	0.0
157	__protein3_rbs	2.45	0.0	0.0
157	__ribosome	27.3	0.0	0.0
157	__rnase_site_ext	17.65	0.0	0.0
157	p0	0.8	0.0	0.0
157	p1	0.45	0.0	0.0
157	p2	0.6	0.0	0.0
157	protein1	759.05	17.45	1.8374504000000005
157	protein2	745.4	18.55	1.8845243000000003
157	protein3	137.4	3.8	1.6646429
157	r2	3.8	0.0	0.0
157	rnapol	0.15	0.0	0.0
158	__protein1_rbs	11.0	0.0	0.0
158	__protein2_rbs	13.0	0.0	0.0
158	__protein3_rbs	2.5	0.0	0.0
158	__ribosome	28.55	0.0	0.0
158	__rnase_site_ext	17.5	0.0	0.0
158	p0	0.85	0.0	0.0
158	p1	0.7	0.0	0.0
158	p2	0.65	0.0	0.0
158	protein1	766.0	17.35	1.8590952
158	protein2	753.35	18.8	1.79446665
158	protein3	138.6	3.8	1.6191665999999998
158	r2	3.8	0.0	0.0
158	rnapol	0.2	0.0	0.0
159	__protein1_rbs	10.95	0.0	0.0
159	__protein2_rbs	11.8	0.0	0.0
159	__protein3_rbs	2.3	0.0	0.0
159	__ribosome	27.6	0.0	0.0
159	__rnase_site_ext	17.6	0.0	0.0
159	p0	0.75	0.0	0.0
159	p1	0.7	0.0	0.0
159	p2	0.95	0.0	0.0
159	protein1	772.6	17.4	1.88082475
159	protein2	760.6	18.9	1.7853636500000003
159	protein3	140.0	3.8	1.7226190000000003
159	r2	3.85	0.0	0.0
159	rnapol	0.25	0.0	0.0
160	__protein1_rbs	9.9	0.0	0.0
160	__protein2_rbs	12.45	0.0	0.0
160	__protein3_rbs	2.35	0.0	0.0
160	__ribosome	26.2	0.0	0.0
160	__rnase_site_ext	17.6	0.0	0.0
160	p0	0.7	0.0	0.0
160	p1	0.6	0.0	0.0
160	p2	0.8	0.0	0.0
160	protein1	779.45	17.4	1.9357823
160	protein2	767.75	19.0	1.7654536
160	protein3	141.1	3.85	1.9054761999999998
160	r2	3.75	0.0	0.0
160	rnapol	0.1	0.0	0.0
161	__protein1_rbs	11.5	0.0	0.0
161	__protein2_rbs	11.6	0.0	0.0
161	__protein3_rbs	2.2	0.0	0.0
161	__ribosome	25.65	0.0	0.0
161	__rnase_site_ext	17.7	0.0	0.0
161	p0	0.9	0.0	0.0
161	p1	0.7	0.0	0.0
161	p2	0.75	0.0	0.0
161	protein1	786.05	17.35	1.8986414
161	protein2	774.55	19.05	1.8131564500000004
161	protein3	142.4	3.8	2.0583333499999994
161	r2	3.65	0.0	0.0
161	rnapol	0.15	0.0	0.0
162	__protein1_rbs	11.35	0.0	0.0
162	__protein2_rbs	12.0	0.0	0.0
162	__protein3_rbs	2.75	0.0	0.0
162	__ribosome	26.1	0.0	0.0
162	__rnase_site_ext	17.75	0.0	0.0
162	p0	0.85	0.0	0.0
162	p1	0.7	0.0	0.0
162	p2	0.7	0.0	0.0
162	protein1	792.8	17.45	1.8768073999999997
162	protein2	782.0	19.2	1.7954901000000003
162	protein3	143.65	3.7	2.06476195
162	r2	3.65	0.0	0.0
162	rnapol	0.2	0.0	0.0
163	__protein1_rbs	10.75	0.0	0.0
163	__protein2_rbs	12.0	0.0	0.0
163	__protein3_rbs	2.2	0.0	0.0
163	__ribosome	26.1	0.0	0.0
163	__rnase_site_ext	17.85	0.0	0.0
163	p0	0.8	0.0	0.0
163	p1	0.65	0.0	0.0
163	p2	0.6	0.0	0.0
163	protein1	800.0	17.55	1.85012125
163	protein2	789.3	19.15	1.8208701
163	protein3	145.45	3.65	1.9509524000000005
163	r2	3.65	0.0	0.0
163	rnapol	0.15	0.0	0.0
164	__protein1_rbs	11.85	0.0	0.0
164	__protein2_rbs	12.6	0.0	0.0
164	__protein3_rbs	2.25	0.0	0.0
164	__ribosome	27.1	0.0	0.0
164	__rnase_site_ext	18.05	0.0	0.0
164	p0	0.7	0.0	0.0
164	p1	0.65	0.0	0.0
164	p2	0.65	0.0	0.0
164	protein1	807.5	17.7	1.7586363500000002
164	protein2	796.2	19.15	1.82989415
164	protein3	146.9	3.65	1.99619045
164	r2	3.65	0.0	0.0
164	rnapol	0.1	0.0	0.0
165	__protein1_rbs	10.9	0.0	0.0
165	__protein2_rbs	12.15	0.0	0.0
165	__protein3_rbs	2.25	0.0	0.0
165	__ribosome	26.95	0.0	0.0
165	__rnase_site_ext	18.2	0.0	0.0
165	p0	0.8	0.0	0.0
165	p1	0.6	0.0	0.0
165	p2	0.7	0.0	0.0
165	protein1	814.45	17.75	1.7730380499999998
165	protein2	803.8	19.25	1.83300725
165	protein3	148.7	3.65	1.9244047
165	r2	3.65	0.0	0.0
165	rnapol	0.15	0.0	0.0
166	__protein1_rbs	11.2	0.0	0.0
166	__protein2_rbs	11.8	0.0	0.0
166	__protein3_rbs	2.4	0.0	0.0
166	__ribosome	26.2	0.0	0.0
166	__rnase_site_ext	18.2	0.0	0.0
166	p0	0.85	0.0	0.0
166	p1	0.65	0.0	0.0
166	p2	0.6	0.0	0.0
166	protein1	821.2	18.05	1.7520616999999998
166	protein2	811.25	19.45	1.8544395500000004
166	protein3	150.15	3.7	1.7724999500000005
166	r2	3.6	0.0	0.0
166	rnapol	0.1	0.0	0.0
167	__protein1_rbs	11.45	0.0	0.0
167	__protein2_rbs	12.55	0.0	0.0
167	__protein3_rbs	2.25	0.0	0.0
167	__ribosome	26.0	0.0	0.0
167	__rnase_site_ext	18.15	0.0	0.0
167	p0	0.85	0.0	0.0
167	p1	0.55	0.0	0.0
167	p2	0.8	0.0	0.0
167	protein1	827.8	18.0	1.7682864499999995
167	protein2	818.75	19.35	1.85514375
167	protein3	151.4	3.7	1.8923810000000003
167	r2	3.6	0.0	0.0
167	rnapol	0.25	0.0	0.0
168	__protein1_rbs	12.25	0.0	0.0
168	__protein2_rbs	12.35	0.0	0.0
168	__protein3_rbs	2.3	0.0	0.0
168	__ribosome	28.0	0.0	0.0
168	__rnase_site_ext	18.1	0.0	0.0
168	p0	0.7	0.0	0.0
168	p1	0.6	0.0	0.0
168	p2	0.75	0.0	0.0
168	protein1	834.75	18.05	1.7098155000000002
168	protein2	827.2	19.3	1.81157225
168	protein3	153.0	3.6	1.8470833
168	r2	3.65	0.0	0.0
168	rnapol	0.1	0.0	0.0
169	__protein1_rbs	10.9	0.0	0.0
169	__protein2_rbs	12.65	0.0	0.0
169	__protein3_rbs	2.65	0.0	0.0
169	__ribosome	26.95	0.0	0.0
169	__rnase_site_ext	18.05	0.0	0.0
169	p0	0.8	0.0	0.0
169	p1	0.8	0.0	0.0
169	p2	0.65	0.0	0.0
169	protein1	840.8	17.85	1.7997920999999997
169	protein2	833.95	19.4	1.8140568
169	protein3	154.3	3.6	1.7436905000000005
169	r2	3.65	0.0	0.0
169	rnapol	0.05	0.0	0.0
170	__protein1_rbs	10.6	0.0	0.0
170	__protein2_rbs	11.7	0.0	0.0
170	__protein3_rbs	2.5	0.0	0.0
170	__ribosome	26.15	0.0	0.0
170	__rnase_site_ext	18.15	0.0	0.0
170	p0	0.8	0.0	0.0
170	p1	0.7	0.0	0.0
170	p2	0.65	0.0	0.0
170	protein1	847.7	18.0	1.8220462
170	protein2	842.0	19.5	1.8261381000000003
170	protein3	155.95	3.7	1.5467857
170	r2	3.6	0.0	0.0
170	rnapol	0.05	0.0	0.0
171	__protein1_rbs	11.3	0.0	0.0
171	__protein2_rbs	13.55	0.0	0.0
171	__protein3_rbs	2.15	0.0	0.0
171	__ribosome	26.85	0.0	0.0
171	__rnase_site_ext	18.15	0.0	0.0
171	p0	0.8	0.0	0.0
171	p1	0.6	0.0	0.0
171	p2	0.8	0.0	0.0
171	protein1	854.75	18.05	1.8296479999999995
171	protein2	849.8	19.6	1.7582748499999998
171	protein3	157.2	3.65	1.65714285
171	r2	3.6	0.0	0.0
171	rnapol	0.1	0.0	0.0
172	__protein1_rbs	11.05	0.0	0.0
172	__protein2_rbs	11.65	0.0	0.0
172	__protein3_rbs	2.1	0.0	0.0
172	__ribosome	25.25	0.0	0.0
172	__rnase_site_ext	18.3	0.0	0.0
172	p0	0.8	0.0	0.0
172	p1	0.5	0.0	0.0
172	p2	0.8	0.0	0.0
172	protein1	861.75	17.95	1.85568645
172	protein2	857.1	19.45	1.8310225
172	protein3	158.7	3.6	1.75428565
172	r2	3.65	0.0	0.0
172	rnapol	0.05	0.0	0.0
173	__protein1_rbs	11.5	0.0	0.0
173	__protein2_rbs	12.55	0.0	0.0
173	__protein3_rbs	2.15	0.0	0.0
173	__ribosome	24.9	0.0	0.0
173	__rnase_site_ext	18.15	0.0	0.0
173	p0	0.85	0.0	0.0
173	p1	0.75	0.0	0.0
173	p2	0.6	0.0	0.0
173	protein1	867.75	18.1	1.8986538000000008
173	protein2	864.65	19.3	1.7946573
173	protein3	160.0	3.65	1.87166665
173	r2	3.6	0.0	0.0
173	rnapol	0.1	0.0	0.0
174	__protein1_rbs	12.25	0.0	0.0
174	__protein2_rbs	13.3	0.0	0.0
174	__protein3_rbs	2.55	0.0	0.0
174	__ribosome	26.1	0.0	0.0
174	__rnase_site_ext	18.2	0.0	0.0
174	p0	0.85	0.0	0.0
174	p1	0.75	0.0	0.0
174	p2	0.8	0.0	0.0
174	protein1	875.25	18.05	1.84404735
174	protein2	871.9	19.35	1.7773386000000002
174	protein3	161.1	3.6	1.8445238500000003
174	r2	3.6	0.0	0.0
174	rnapol	0.3	0.0	0.0
175	__protein1_rbs	12.0	0.0	0.0
175	__protein2_rbs	12.7	0.0	0.0
175	__protein3_rbs	2.5	0.0	0.0
175	__ribosome	27.3	0.0	0.0
175	__rnase_site_ext	18.3	0.0	0.0
175	p0	0.85	0.0	0.0
175	p1	0.65	0.0	0.0
175	p2	0.75	0.0	0.0
175	protein1	882.4	18.05	1.81418705
175	protein2	880.0	19.2	1.7650388999999995
175	protein3	162.55	3.6	1.8763095
175	r2	3.55	0.0	0.0
175	rnapol	0.0	0.0	0.0
176	__protein1_rbs	11.25	0.0	0.0
176	__protein2_rbs	13.2	0.0	0.0
176	__protein3_rbs	2.15	0.0	0.0
176	__ribosome	28.0	0.0	0.0
176	__rnase_site_ext	18.3	0.0	0.0
176	p0	0.9	0.0	0.0
176	p1	0.7	0.0	0.0
176	p2	0.7	0.0	0.0
176	protein1	890.25	18.15	1.7894036
176	protein2	887.4	19.4	1.7141708999999998
176	protein3	163.9	3.6	1.81690475
176	r2	3.55	0.0	0.0
176	rnapol	0.05	0.0	0.0
177	__protein1_rbs	11.75	0.0	0.0
177	__protein2_rbs	11.75	0.0	0.0
177	__protein3_rbs	2.5	0.0	0.0
177	__ribosome	27.15	0.0	0.0
177	__rnase_site_ext	18.15	0.0	0.0
177	p0	0.85	0.0	0.0
177	p1	0.6	0.0	0.0
177	p2	0.65	0.0	0.0
177	protein1	897.05	18.1	1.8067825000000002
177	protein2	894.95	19.45	1.7518811500000002
177	protein3	165.3	3.55	1.79285715
177	r2	3.6	0.0	0.0
177	rnapol	0.05	0.0	0.0
178	__protein1_rbs	11.3	0.0	0.0
178	__protein2_rbs	12.15	0.0	0.0
178	__protein3_rbs	2.35	0.0	0.0
178	__ribosome	26.65	0.0	0.0
178	__rnase_site_ext	18.2	0.0	0.0
178	p0	0.8	0.0	0.0
178	p1	0.55	0.0	0.0
178	p2	0.55	0.0	0.0
178	protein1	904.25	18.05	1.83087235
178	protein2	902.15	19.45	1.7756970999999997
178	protein3	167.15	3.6	1.6514286500000002
178	r2	3.6	0.0	0.0
178	rnapol	0.1	0.0	0.0
179	__protein1_rbs	12.0	0.0	0.0
179	__protein2_rbs	12.6	0.0	0.0
179	__protein3_rbs	2.25	0.0	0.0
179	__ribosome	25.9	0.0	0.0
179	__rnase_site_ext	18.4	0.0	0.0
179	p0	0.85	0.0	0.0
179	p1	0.55	0.0	0.0
179	p2	0.7	0.0	0.0
179	protein1	910.9	18.05	1.8461283
179	protein2	909.5	19.6	1.7626569500000002
179	protein3	168.3	3.6	1.6916666499999995
179	r2	3.65	0.0	0.0
179	rnapol	0.15	0.0	0.0
180	__protein1_rbs	11.05	0.0	0.0
180	__protein2_rbs	13.4	0.0	0.0
180	__protein3_rbs	2.0	0.0	0.0
180	__ribosome	24.7	0.0	0.0
180	__rnase_site_ext	18.35	0.0	0.0
180	p0	0.7	0.0	0.0
180	p1	0.65	0.0	0.0
180	p2	0.85	0.0	0.0
180	protein1	918.4	18.2	1.83297095
180	protein2	916.05	19.85	1.7851357499999998
180	protein3	169.6	3.6	1.8907143
180	r2	3.8	0.0	0.0
180	rnapol	0.0	0.0	0.0
181	__protein1_rbs	12.75	0.0	0.0
181	__protein2_rbs	12.95	0.0	0.0
181	__protein3_rbs	2.2	0.0	0.0
181	__ribosome	26.1	0.0	0.0
181	__rnase_site_ext	18.35	0.0	0.0
181	p0	0.95	0.0	0.0
181	p1	0.6	0.0	0.0
181	p2	0.7	0.0	0.0
181	protein1	925.25	18.2	1.7877601000000003
181	protein2	924.2	19.95	1.7646029000000003
181	protein3	171.25	3.65	1.8591072
181	r2	3.9	0.0	0.0
181	rnapol	0.0	0.0	0.0
182	__protein1_rbs	11.15	0.0	0.0
182	__protein2_rbs	13.25	0.0	0.0
182	__protein3_rbs	2.3	0.0	0.0
182	__ribosome	25.4	0.0	0.0
182	__rnase_site_ext	18.3	0.0	0.0
182	p0	0.85	0.0	0.0
182	p1	0.6	0.0	0.0
182	p2	0.7	0.0	0.0
182	protein1	932.25	18.2	1.82828975
182	protein2	932.05	19.9	1.7546920999999998
182	protein3	172.35	3.85	1.81107145
182	r2	3.9	0.0	0.0
182	rnapol	0.15	0.0	0.0
183	__protein1_rbs	12.15	0.0	0.0
183	__protein2_rbs	12.2	0.0	0.0
183	__protein3_rbs	2.6	0.0	0.0
183	__ribosome	25.45	0.0	0.0
183	__rnase_site_ext	18.4	0.0	0.0
183	p0	0.7	0.0	0.0
183	p1	0.5	0.0	0.0
183	p2	0.7	0.0	0.0
183	protein1	940.25	18.1	1.7871737499999998
183	protein2	939.2	20.05	1.79887345
183	protein3	174.05	3.95	1.7905555999999998
183	r2	3.9	0.0	0.0
183	rnapol	0.1	0.0	0.0
184	__protein1_rbs	12.1	0.0	0.0
184	__protein2_rbs	12.65	0.0	0.0
184	__protein3_rbs	2.6	0.0	0.0
184	__ribosome	25.75	0.0	0.0
184	__rnase_site_ext	18.45	0.0	0.0
184	p0	0.8	0.0	0.0
184	p1	0.75	0.0	0.0
184	p2	0.7	0.0	0.0
184	protein1	947.25	18.25	1.7667563000000002
184	protein2	947.4	19.9	1.7998894
184	protein3	175.5	3.9	1.8566667000000001
184	r2	3.9	0.0	0.0
184	rnapol	0.2	0.0	0.0
185	__protein1_rbs	11.05	0.0	0.0
185	__protein2_rbs	12.45	0.0	0.0
185	__protein3_rbs	2.75	0.0	0.0
185	__ribosome	24.75	0.0	0.0
185	__rnase_site_ext	18.45	0.0	0.0
185	p0	0.9	0.0	0.0
185	p1	0.75	0.0	0.0
185	p2	0.7	0.0	0.0
185	protein1	954.3	18.3	1.7852587499999997
185	protein2	954.6	19.95	1.8224471
185	protein3	176.9	3.9	1.8829167
185	r2	3.9	0.0	0.0
185	rnapol	0.3	0.0	0.0
186	__protein1_rbs	12.0	0.0	0.0
186	__protein2_rbs	13.55	0.0	0.0
186	__protein3_rbs	2.3	0.0	0.0
186	__ribosome	24.0	0.0	0.0
186	__rnase_site_ext	18.45	0.0	0.0
186	p0	0.65	0.0	0.0
186	p1	0.65	0.0	0.0
186	p2	0.85	0.0	0.0
186	protein1	960.8	18.2	1.8121884
186	protein2	962.1	19.85	1.8118571000000003
186	protein3	178.25	3.9	2.03541665
186	r2	3.8	0.0	0.0
186	rnapol	0.35	0.0	0.0
187	__protein1_rbs	11.45	0.0	0.0
187	__protein2_rbs	13.7	0.0	0.0
187	__protein3_rbs	2.65	0.0	0.0
187	__ribosome	25.3	0.0	0.0
187	__rnase_site_ext	18.8	0.0	0.0
187	p0	0.85	0.0	0.0
187	p1	0.65	0.0	0.0
187	p2	0.65	0.0	0.0
187	protein1	968.35	18.25	1.8023240000000003
187	protein2	969.95	20.05	1.75551475
187	protein3	180.15	3.9	1.88625
187	r2	3.85	0.0	0.0
187	rnapol	0.2	0.0	0.0
188	__protein1_rbs	12.4	0.0	0.0
188	__protein2_rbs	14.05	0.0	0.0
188	__protein3_rbs	2.65	0.0	0.0
188	__ribosome	26.75	0.0	0.0
188	__rnase_site_ext	18.9	0.0	0.0
188	p0	0.6	0.0	0.0
188	p1	0.75	0.0	0.0
188	p2	0.7	0.0	0.0
188	protein1	974.75	18.65	1.7582963499999995
188	protein2	978.4	19.8	1.6957546999999995
188	protein3	181.55	3.9	1.8795833
188	r2	3.75	0.0	0.0
188	rnapol	0.15	0.0	0.0
189	__protein1_rbs	12.2	0.0	0.0
189	__protein2_rbs	13.25	0.0	0.0
189	__protein3_rbs	2.55	0.0	0.0
189	__ribosome	27.0	0.0	0.0
189	__rnase_site_ext	19.05	0.0	0.0
189	p0	0.85	0.0	0.0
189	p1	0.75	0.0	0.0
189	p2	0.65	0.0	0.0
189	protein1	981.95	18.75	1.7478914
189	protein2	986.2	19.9	1.6890255499999998
189	protein3	183.15	3.85	1.8067857
189	r2	3.65	0.0	0.0
189	rnapol	0.15	0.0	0.0
190	__protein1_rbs	11.9	0.0	0.0
190	__protein2_rbs	13.15	0.0	0.0
190	__protein3_rbs	2.35	0.0	0.0
190	__ribosome	27.0	0.0	0.0
190	__rnase_site_ext	19.15	0.0	0.0
190	p0	0.9	0.0	0.0
190	p1	0.6	0.0	0.0
190	p2	0.85	0.0	0.0
190	protein1	989.6	18.8	1.7386191000000002
190	protein2	993.6	19.7	1.7095305000000005
190	protein3	185.0	3.75	1.8817857
190	r2	3.7	0.0	0.0
190	rnapol	0.2	0.0	0.0
191	__protein1_rbs	11.85	0.0	0.0
191	__protein2_rbs	11.75	0.0	0.0
191	__protein3_rbs	2.75	0.0	0.0
191	__ribosome	25.8	0.0	0.0
191	__rnase_site_ext	19.1	0.0	0.0
191	p0	0.85	0.0	0.0
191	p1	0.55	0.0	0.0
191	p2	0.7	0.0	0.0
191	protein1	996.65	18.95	1.7610080000000001
191	protein2	1001.5	19.55	1.74949075
191	protein3	186.1	3.7	1.8701189999999999
191	r2	3.65	0.0	0.0
191	rnapol	0.0	0.0	0.0
192	__protein1_rbs	11.6	0.0	0.0
192	__protein2_rbs	13.0	0.0	0.0
192	__protein3_rbs	2.75	0.0	0.0
192	__ribosome	25.15	0.0	0.0
192	__rnase_site_ext	19.05	0.0	0.0
192	p0	1.0	0.0	0.0
192	p1	0.7	0.0	0.0
192	p2	0.65	0.0	0.0
192	protein1	1004.1	19.0	1.79813235
192	protein2	1008.4	19.75	1.7501514
192	protein3	187.7	3.7	1.82404765
192	r2	3.65	0.0	0.0
192	rnapol	0.05	0.0	0.0
193	__protein1_rbs	12.75	0.0	0.0
193	__protein2_rbs	12.8	0.0	0.0
193	__protein3_rbs	2.4	0.0	0.0
193	__ribosome	25.0	0.0	0.0
193	__rnase_site_ext	19.0	0.0	0.0
193	p0	0.75	0.0	0.0
193	p1	0.65	0.0	0.0
193	p2	0.8	0.0	0.0
193	protein1	1010.85	18.85	1.83282245
193	protein2	1016.0	19.75	1.74821585
193	protein3	189.35	3.65	1.7313094999999996
193	r2	3.65	0.0	0.0
193	rnapol	0.2	0.0	0.0
194	__protein1_rbs	11.9	0.0	0.0
194	__protein2_rbs	12.95	0.0	0.0
194	__protein3_rbs	2.35	0.0	0.0
194	__ribosome	24.45	0.0	0.0
194	__rnase_site_ext	19.15	0.0	0.0
194	p0	0.9	0.0	0.0
194	p1	0.5	0.0	0.0
194	p2	0.9	0.0	0.0
194	protein1	1018.5	18.9	1.8152736999999997
194	protein2	1023.2	19.85	1.7885442499999995
194	protein3	191.15	3.7	1.7336905000000002
194	r2	3.7	0.0	0.0
194	rnapol	0.1	0.0	0.0
195	__protein1_rbs	13.05	0.0	0.0
195	__protein2_rbs	12.6	0.0	0.0
195	__protein3_rbs	2.45	0.0	0.0
195	__ribosome	23.55	0.0	0.0
195	__rnase_site_ext	19.1	0.0	0.0
195	p0	0.85	0.0	0.0
195	p1	0.6	0.0	0.0
195	p2	0.75	0.0	0.0
195	protein1	1025.55	19.05	1.7829572000000002
195	protein2	1030.25	19.8	1.85803575
195	protein3	192.5	3.75	inf
195	r2	3.7	0.0	0.0
195	rnapol	0.05	0.0	0.0
196	__protein1_rbs	13.15	0.0	0.0
196	__protein2_rbs	13.0	0.0	0.0
196	__protein3_rbs	2.0	0.0	0.0
196	__ribosome	25.3	0.0	0.0
196	__rnase_site_ext	19.15	0.0	0.0
196	p0	0.95	0.0	0.0
196	p1	0.55	0.0	0.0
196	p2	0.7	0.0	0.0
196	protein1	1033.1	19.0	1.7392038500000002
196	protein2	1039.1	20.0	1.7669325499999995
196	protein3	193.55	3.7	inf
196	r2	3.7	0.0	0.0
196	rnapol	0.0	0.0	0.0
197	__protein1_rbs	12.7	0.0	0.0
197	__protein2_rbs	12.4	0.0	0.0
197	__protein3_rbs	2.4	0.0	0.0
197	__ribosome	25.45	0.0	0.0
197	__rnase_site_ext	19.15	0.0	0.0
197	p0	1.0	0.0	0.0
197	p1	0.6	0.0	0.0
197	p2	0.55	0.0	0.0
197	protein1	1041.75	19.0	1.6491831499999996
197	protein2	1046.05	20.25	1.8171931
197	protein3	194.9	3.75	inf
197	r2	3.7	0.0	0.0
197	rnapol	0.1	0.0	0.0
198	__protein1_rbs	12.55	0.0	0.0
198	__protein2_rbs	14.1	0.0	0.0
198	__protein3_rbs	2.25	0.0	0.0
198	__ribosome	25.15	0.0	0.0
198	__rnase_site_ext	19.0	0.0	0.0
198	p0	0.8	0.0	0.0
198	p1	0.7	0.0	0.0
198	p2	0.75	0.0	0.0
198	protein1	1048.45	19.0	1.6721866499999998
198	protein2	1053.75	20.3	1.80280805
198	protein3	196.4	3.7	1.7996428000000002
198	r2	3.6	0.0	0.0
198	rnapol	0.2	0.0	0.0
199	__protein1_rbs	12.75	0.0	0.0
199	__protein2_rbs	13.3	0.0	0.0
199	__protein3_rbs	2.4	0.0	0.0
199	__ribosome	26.2	0.0	0.0
199	__rnase_site_ext	19.2	0.0	0.0
199	p0	0.7	0.0	0.0
199	p1	0.85	0.0	0.0
199	p2	0.7	0.0	0.0
199	protein1	1056.0	18.85	1.6427819499999998
199	protein2	1062.0	20.55	1.75537995
199	protein3	197.8	3.65	1.90333335
199	r2	3.6	0.0	0.0
199	rnapol	0.15	0.0	0.0
200	__protein1_rbs	13.85	0.0	0.0
200	__protein2_rbs	13.45	0.0	0.0
200	__protein3_rbs	2.75	0.0	0.0
200	__ribosome	27.5	0.0	0.0
200	__rnase_site_ext	19.15	0.0	0.0
200	p0	0.9	0.0	0.0
200	p1	0.9	0.0	0.0
200	p2	0.5	0.0	0.0
200	protein1	1062.9	19.1	1.5912458999999999
200	protein2	1070.0	20.5	1.7493353999999997
200	protein3	199.35	3.7	1.7066666500000005
200	r2	3.6	0.0	0.0
200	rnapol	0.2	0.0	0.0
201	__protein1_rbs	12.0	0.0	0.0
201	__protein2_rbs	12.65	0.0	0.0
201	__protein3_rbs	2.05	0.0	0.0
201	__ribosome	26.25	0.0	0.0
201	__rnase_site_ext	19.5	0.0	0.0
201	p0	0.7	0.0	0.0
201	p1	0.55	0.0	0.0
201	p2	0.55	0.0	0.0
201	protein1	1069.75	19.05	1.6614573499999998
201	protein2	1078.55	20.3	1.7756769499999998
201	protein3	200.95	3.6	1.84416665
201	r2	3.55	0.0	0.0
201	rnapol	0.1	0.0	0.0
202	__protein1_rbs	12.7	0.0	0.0
202	__protein2_rbs	13.05	0.0	0.0
202	__protein3_rbs	2.6	0.0	0.0
202	__ribosome	26.4	0.0	0.0
202	__rnase_site_ext	19.65	0.0	0.0
202	p0	0.55	0.0	0.0
202	p1	0.6	0.0	0.0
202	p2	0.65	0.0	0.0
202	protein1	1076.6	19.2	1.6721366000000002
202	protein2	1086.75	20.25	1.7701434999999996
202	protein3	202.4	3.6	1.8474999999999997
202	r2	3.65	0.0	0.0
202	rnapol	0.05	0.0	0.0
203	__protein1_rbs	12.8	0.0	0.0
203	__protein2_rbs	13.9	0.0	0.0
203	__protein3_rbs	2.45	0.0	0.0
203	__ribosome	24.7	0.0	0.0
203	__rnase_site_ext	19.7	0.0	0.0
203	p0	0.85	0.0	0.0
203	p1	0.75	0.0	0.0
203	p2	0.6	0.0	0.0
203	protein1	1083.05	19.3	1.72047575
203	protein2	1093.75	20.6	1.77966715
203	protein3	204.0	3.55	inf
203	r2	3.6	0.0	0.0
203	rnapol	0.15	0.0	0.0
204	__protein1_rbs	12.0	0.0	0.0
204	__protein2_rbs	13.2	0.0	0.0
204	__protein3_rbs	2.6	0.0	0.0
204	__ribosome	24.75	0.0	0.0
204	__rnase_site_ext	19.9	0.0	0.0
204	p0	0.8	0.0	0.0
204	p1	0.85	0.0	0.0
204	p2	0.65	0.0	0.0
204	protein1	1090.8	19.55	1.71941745
204	protein2	1101.95	20.55	1.7707481
204	protein3	205.5	3.7	inf
204	r2	3.6	0.0	0.0
204	rnapol	0.15	0.0	0.0
205	__protein1_rbs	12.85	0.0	0.0
205	__protein2_rbs	13.95	0.0	0.0
205	__protein3_rbs	2.7	0.0	0.0
205	__ribosome	26.0	0.0	0.0
205	__rnase_site_ext	20.0	0.0	0.0
205	p0	0.75	0.0	0.0
205	p1	0.8	0.0	0.0
205	p2	0.9	0.0	0.0
205	protein1	1097.8	19.65	1.7192794999999998
205	protein2	1110.35	20.55	1.7143839500000002
205	protein3	206.95	3.65	inf
205	r2	3.5	0.0	0.0
205	rnapol	0.1	0.0	0.0
206	__protein1_rbs	13.15	0.0	0.0
206	__protein2_rbs	12.7	0.0	0.0
206	__protein3_rbs	2.2	0.0	0.0
206	__ribosome	24.95	0.0	0.0
206	__rnase_site_ext	19.8	0.0	0.0
206	p0	0.75	0.0	0.0
206	p1	0.6	0.0	0.0
206	p2	0.85	0.0	0.0
206	protein1	1104.4	19.8	1.76453685
206	protein2	1118.65	20.3	1.72990685
206	protein3	208.4	3.55	inf
206	r2	3.6	0.0	0.0
206	rnapol	0.0	0.0	0.0
207	__protein1_rbs	13.4	0.0	0.0
207	__protein2_rbs	13.35	0.0	0.0
207	__protein3_rbs	2.2	0.0	0.0
207	__ribosome	25.5	0.0	0.0
207	__rnase_site_ext	19.7	0.0	0.0
207	p0	0.95	0.0	0.0
207	p1	0.6	0.0	0.0
207	p2	0.5	0.0	0.0
207	protein1	1112.35	19.65	1.74909485
207	protein2	1126.5	20.3	1.7294508999999998
207	protein3	209.85	3.5	inf
207	r2	3.6	0.0	0.0
207	rnapol	0.0	0.0	0.0
208	__protein1_rbs	12.45	0.0	0.0
208	__protein2_rbs	13.55	0.0	0.0
208	__protein3_rbs	2.1	0.0	0.0
208	__ribosome	24.85	0.0	0.0
208	__rnase_site_ext	19.7	0.0	0.0
208	p0	0.75	0.0	0.0
208	p1	0.65	0.0	0.0
208	p2	0.75	0.0	0.0
208	protein1	1120.25	19.55	1.7542230500000002
208	protein2	1134.45	20.65	1.7078525000000002
208	protein3	211.15	3.65	1.5316666499999998
208	r2	3.65	0.0	0.0
208	rnapol	0.25	0.0	0.0
209	__protein1_rbs	12.8	0.0	0.0
209	__protein2_rbs	13.95	0.0	0.0
209	__protein3_rbs	2.5	0.0	0.0
209	__ribosome	24.8	0.0	0.0
209	__rnase_site_ext	19.85	0.0	0.0
209	p0	0.9	0.0	0.0
209	p1	0.6	0.0	0.0
209	p2	0.8	0.0	0.0
209	protein1	1127.75	19.55	1.7337918499999998
209	protein2	1141.7	20.55	1.73350805
209	protein3	212.05	3.6	1.6566667000000002
209	r2	3.65	0.0	0.0
209	rnapol	0.2	0.0	0.0
210	__protein1_rbs	13.5	0.0	0.0
210	__protein2_rbs	14.25	0.0	0.0
210	__protein3_rbs	1.9	0.0	0.0
210	__ribosome	25.0	0.0	0.0
210	__rnase_site_ext	19.8	0.0	0.0
210	p0	0.9	0.0	0.0
210	p1	0.5	0.0	0.0
210	p2	0.8	0.0	0.0
210	protein1	1135.05	19.7	1.7075627
210	protein2	1149.9	20.75	1.66878225
210	protein3	213.25	3.65	1.89416665
210	r2	3.6	0.0	0.0
210	rnapol	0.2	0.0	0.0
211	__protein1_rbs	12.25	0.0	0.0
211	__protein2_rbs	13.95	0.0	0.0
211	__protein3_rbs	2.15	0.0	0.0
211	__ribosome	25.2	0.0	0.0
211	__rnase_site_ext	19.65	0.0	0.0
211	p0	0.85	0.0	0.0
211	p1	0.6	0.0	0.0
211	p2	0.85	0.0	0.0
211	protein1	1142.65	19.65	1.74493485
211	protein2	1158.1	20.7	1.6421712999999998
211	protein3	215.1	3.65	1.85999995
211	r2	3.6	0.0	0.0
211	rnapol	0.05	0.0	0.0
212	__protein1_rbs	13.05	0.0	0.0
212	__protein2_rbs	13.5	0.0	0.0
212	__protein3_rbs	2.45	0.0	0.0
212	__ribosome	25.3	0.0	0.0
212	__rnase_site_ext	19.6	0.0	0.0
212	p0	0.9	0.0	0.0
212	p1	0.55	0.0	0.0
212	p2	0.55	0.0	0.0
212	protein1	1150.5	19.5	1.7300431
212	protein2	1165.6	21.05	1.6311760999999998
212	protein3	216.4	3.6	1.8816667
212	r2	3.6	0.0	0.0
212	rnapol	0.05	0.0	0.0
213	__protein1_rbs	13.3	0.0	0.0
213	__protein2_rbs	14.3	0.0	0.0
213	__protein3_rbs	2.3	0.0	0.0
213	__ribosome	26.0	0.0	0.0
213	__rnase_site_ext	19.65	0.0	0.0
213	p0	0.7	0.0	0.0
213	p1	0.65	0.0	0.0
213	p2	0.75	0.0	0.0
213	protein1	1158.2	19.5	1.69425945
213	protein2	1173.3	21.05	1.6441913999999995
213	protein3	217.9	3.6	1.8974999000000004
213	r2	3.6	0.0	0.0
213	rnapol	0.05	0.0	0.0
214	__protein1_rbs	12.9	0.0	0.0
214	__protein2_rbs	13.8	0.0	0.0
214	__protein3_rbs	2.6	0.0	0.0
214	__ribosome	26.45	0.0	0.0
214	__rnase_site_ext	19.55	0.0	0.0
214	p0	0.95	0.0	0.0
214	p1	0.7	0.0	0.0
214	p2	0.65	0.0	0.0
214	protein1	1165.8	19.4	1.6929279999999998
214	protein2	1181.15	21.1	1.6407961
214	protein3	219.6	3.6	1.7591667000000002
214	r2	3.65	0.0	0.0
214	rnapol	0.15	0.0	0.0
215	__protein1_rbs	12.55	0.0	0.0
215	__protein2_rbs	13.9	0.0	0.0
215	__protein3_rbs	2.75	0.0	0.0
215	__ribosome	25.05	0.0	0.0
215	__rnase_site_ext	19.65	0.0	0.0
215	p0	0.75	0.0	0.0
215	p1	0.6	0.0	0.0
215	p2	0.65	0.0	0.0
215	protein1	1172.65	19.4	1.7411528999999994
215	protein2	1188.55	21.25	1.6757098499999998
215	protein3	221.25	3.7	1.59916665
215	r2	3.75	0.0	0.0
215	rnapol	0.15	0.0	0.0
216	__protein1_rbs	12.8	0.0	0.0
216	__protein2_rbs	13.95	0.0	0.0
216	__protein3_rbs	2.2	0.0	0.0
216	__ribosome	25.05	0.0	0.0
216	__rnase_site_ext	19.6	0.0	0.0
216	p0	0.85	0.0	0.0
216	p1	0.55	0.0	0.0
216	p2	0.55	0.0	0.0
216	protein1	1180.5	19.35	1.7118004499999997
216	protein2	1195.9	21.15	1.7246967000000002
216	protein3	222.9	3.7	1.58083335
216	r2	3.75	0.0	0.0
216	rnapol	0.2	0.0	0.0
217	__protein1_rbs	12.7	0.0	0.0
217	__protein2_rbs	14.35	0.0	0.0
217	__protein3_rbs	2.45	0.0	0.0
217	__ribosome	24.6	0.0	0.0
217	__rnase_site_ext	19.7	0.0	0.0
217	p0	0.65	0.0	0.0
217	p1	0.85	0.0	0.0
217	p2	0.6	0.0	0.0
217	protein1	1187.7	19.45	1.72640205
217	protein2	1204.3	21.45	1.67083365
217	protein3	224.25	3.75	1.61511905
217	r2	3.75	0.0	0.0
217	rnapol	0.0	0.0	0.0
218	__protein1_rbs	12.8	0.0	0.0
218	__protein2_rbs	14.4	0.0	0.0
218	__protein3_rbs	2.1	0.0	0.0
218	__ribosome	23.55	0.0	0.0
218	__rnase_site_ext	19.7	0.0	0.0
218	p0	1.0	0.0	0.0
218	p1	0.65	0.0	0.0
218	p2	0.7	0.0	0.0
218	protein1	1195.05	19.45	1.7302289499999997
218	protein2	1211.85	21.45	1.7037182999999998
218	protein3	225.8	3.75	1.66345235
218	r2	3.85	0.0	0.0
218	rnapol	0.15	0.0	0.0
219	__protein1_rbs	12.9	0.0	0.0
219	__protein2_rbs	14.6	0.0	0.0
219	__protein3_rbs	2.55	0.0	0.0
219	__ribosome	23.9	0.0	0.0
219	__rnase_site_ext	19.5	0.0	0.0
219	p0	0.75	0.0	0.0
219	p1	0.9	0.0	0.0
219	p2	0.75	0.0	0.0
219	protein1	1202.85	19.5	1.7066252499999996
219	protein2	1220.4	21.55	1.67860435
219	protein3	226.65	3.85	1.7240476499999997
219	r2	3.9	0.0	0.0
219	rnapol	0.1	0.0	0.0
220	__protein1_rbs	12.45	0.0	0.0
220	__protein2_rbs	15.15	0.0	0.0
220	__protein3_rbs	2.65	0.0	0.0
220	__ribosome	23.6	0.0	0.0
220	__rnase_site_ext	19.65	0.0	0.0
220	p0	0.8	0.0	0.0
220	p1	0.55	0.0	0.0
220	p2	0.55	0.0	0.0
220	protein1	1210.0	19.4	1.7442897499999996
220	protein2	1228.1	21.55	1.6735968500000002
220	protein3	228.15	3.85	1.68154765
220	r2	4.1	0.0	0.0
220	rnapol	0.05	0.0	0.0
221	__protein1_rbs	12.65	0.0	0.0
221	__protein2_rbs	15.4	0.0	0.0
221	__protein3_rbs	2.65	0.0	0.0
221	__ribosome	25.65	0.0	0.0
221	__rnase_site_ext	19.7	0.0	0.0
221	p0	0.8	0.0	0.0
221	p1	0.8	0.0	0.0
221	p2	0.65	0.0	0.0
221	protein1	1218.15	19.5	1.7120639999999998
221	protein2	1236.5	21.45	1.62987655
221	protein3	229.9	4.0	1.5753572
221	r2	4.15	0.0	0.0
221	rnapol	0.2	0.0	0.0
222	__protein1_rbs	13.05	0.0	0.0
222	__protein2_rbs	14.6	0.0	0.0
222	__protein3_rbs	2.9	0.0	0.0
222	__ribosome	26.15	0.0	0.0
222	__rnase_site_ext	19.75	0.0	0.0
222	p0	0.8	0.0	0.0
222	p1	0.65	0.0	0.0
222	p2	0.8	0.0	0.0
222	protein1	1225.75	19.4	1.7190653000000002
222	protein2	1244.75	21.35	1.6134446999999998
222	protein3	231.25	4.15	1.5545238000000001
222	r2	4.25	0.0	0.0
222	rnapol	0.15	0.0	0.0
223	__protein1_rbs	13.0	0.0	0.0
223	__protein2_rbs	13.7	0.0	0.0
223	__protein3_rbs	2.5	0.0	0.0
223	__ribosome	25.05	0.0	0.0
223	__rnase_site_ext	19.95	0.0	0.0
223	p0	0.75	0.0	0.0
223	p1	0.7	0.0	0.0
223	p2	0.7	0.0	0.0
223	protein1	1233.0	19.6	1.71916375
223	protein2	1253.1	21.4	1.6330309499999998
223	protein3	233.0	4.2	1.5720238000000002
223	r2	4.2	0.0	0.0
223	rnapol	0.0	0.0	0.0
224	__protein1_rbs	12.9	0.0	0.0
224	__protein2_rbs	14.55	0.0	0.0
224	__protein3_rbs	2.7	0.0	0.0
224	__ribosome	24.6	0.0	0.0
224	__rnase_site_ext	19.7	0.0	0.0
224	p0	0.8	0.0	0.0
224	p1	0.6	0.0	0.0
224	p2	0.9	0.0	0.0
224	protein1	1240.25	19.75	1.71081285
224	protein2	1260.9	21.4	1.6268112
224	protein3	234.6	4.25	1.6197618500000002
224	r2	4.35	0.0	0.0
224	rnapol	0.15	0.0	0.0
225	__protein1_rbs	13.3	0.0	0.0
225	__protein2_rbs	14.65	0.0	0.0
225	__protein3_rbs	2.6	0.0	0.0
225	__ribosome	24.65	0.0	0.0
225	__rnase_site_ext	19.7	0.0	0.0
225	p0	0.85	0.0	0.0
225	p1	0.7	0.0	0.0
225	p2	0.8	0.0	0.0
225	protein1	1248.55	19.45	1.6748393999999998
225	protein2	1268.35	21.35	1.6535354000000002
225	protein3	235.75	4.35	1.7271429
225	r2	4.35	0.0	0.0
225	rnapol	0.15	0.0	0.0
226	__protein1_rbs	12.8	0.0	0.0
226	__protein2_rbs	13.5	0.0	0.0
226	__protein3_rbs	2.95	0.0	0.0
226	__ribosome	23.25	0.0	0.0
226	__rnase_site_ext	19.65	0.0	0.0
226	p0	0.8	0.0	0.0
226	p1	0.8	0.0	0.0
226	p2	0.6	0.0	0.0
226	protein1	1256.2	19.45	1.6886090999999996
226	protein2	1275.65	21.3	1.7285053
226	protein3	237.55	4.35	1.6700000000000004
226	r2	4.25	0.0	0.0
226	rnapol	0.2	0.0	0.0
227	__protein1_rbs	13.2	0.0	0.0
227	__protein2_rbs	14.65	0.0	0.0
227	__protein3_rbs	2.95	0.0	0.0
227	__ribosome	24.35	0.0	0.0
227	__rnase_site_ext	19.85	0.0	0.0
227	p0	0.85	0.0	0.0
227	p1	0.6	0.0	0.0
227	p2	0.85	0.0	0.0
227	protein1	1263.4	19.55	1.6651023500000002
227	protein2	1284.0	21.1	1.7141011000000002
227	protein3	239.15	4.35	1.6554762500000002
227	r2	4.2	0.0	0.0
227	rnapol	0.35	0.0	0.0
228	__protein1_rbs	12.6	0.0	0.0
228	__protein2_rbs	13.8	0.0	0.0
228	__protein3_rbs	2.9	0.0	0.0
228	__ribosome	22.85	0.0	0.0
228	__rnase_site_ext	20.05	0.0	0.0
228	p0	0.7	0.0	0.0
228	p1	0.5	0.0	0.0
228	p2	0.75	0.0	0.0
228	protein1	1270.1	19.75	1.7288183500000005
228	protein2	1292.55	21.0	1.7277155999999998
228	protein3	241.1	4.3	1.6442856999999995
228	r2	4.25	0.0	0.0
228	rnapol	0.2	0.0	0.0
229	__protein1_rbs	13.55	0.0	0.0
229	__protein2_rbs	14.15	0.0	0.0
229	__protein3_rbs	2.7	0.0	0.0
229	__ribosome	23.95	0.0	0.0
229	__rnase_site_ext	20.15	0.0	0.0
229	p0	0.75	0.0	0.0
229	p1	0.55	0.0	0.0
229	p2	0.65	0.0	0.0
229	protein1	1277.75	19.85	1.6571481499999998
229	protein2	1300.2	21.0	1.7365945500000002
229	protein3	243.1	4.2	1.62166665
229	r2	4.25	0.0	0.0
229	rnapol	0.1	0.0	0.0
230	__protein1_rbs	13.35	0.0	0.0
230	__protein2_rbs	13.4	0.0	0.0
230	__protein3_rbs	3.0	0.0	0.0
230	__ribosome	23.35	0.0	0.0
230	__rnase_site_ext	19.9	0.0	0.0
230	p0	0.8	0.0	0.0
230	p1	0.6	0.0	0.0
230	p2	0.9	0.0	0.0
230	protein1	1285.35	19.95	1.63502515
230	protein2	1308.25	21.35	1.7335753500000002
230	protein3	244.5	4.25	1.63916665
230	r2	4.25	0.0	0.0
230	rnapol	0.3	0.0	0.0
231	__protein1_rbs	13.15	0.0	0.0
231	__protein2_rbs	14.65	0.0	0.0
231	__protein3_rbs	2.15	0.0	0.0
231	__ribosome	23.8	0.0	0.0
231	__rnase_site_ext	20.0	0.0	0.0
231	p0	0.9	0.0	0.0
231	p1	0.6	0.0	0.0
231	p2	0.85	0.0	0.0
231	protein1	1292.8	19.8	1.6609895
231	protein2	1316.9	21.25	1.6920498
231	protein3	246.15	4.25	1.7265476000000002
231	r2	4.25	0.0	0.0
231	rnapol	0.1	0.0	0.0
232	__protein1_rbs	13.55	0.0	0.0
232	__protein2_rbs	13.65	0.0	0.0
232	__protein3_rbs	2.9	0.0	0.0
232	__ribosome	25.05	0.0	0.0
232	__rnase_site_ext	20.05	0.0	0.0
232	p0	0.8	0.0	0.0
232	p1	0.75	0.0	0.0
232	p2	0.8	0.0	0.0
232	protein1	1300.5	19.85	1.6462232499999998
232	protein2	1325.55	21.4	1.6636958999999998
232	protein3	248.05	4.25	1.6336905000000002
232	r2	4.2	0.0	0.0
232	rnapol	0.0	0.0	0.0
233	__protein1_rbs	12.9	0.0	0.0
233	__protein2_rbs	13.7	0.0	0.0
233	__protein3_rbs	2.7	0.0	0.0
233	__ribosome	23.65	0.0	0.0
233	__rnase_site_ext	20.05	0.0	0.0
233	p0	0.9	0.0	0.0
233	p1	0.7	0.0	0.0
233	p2	0.75	0.0	0.0
233	protein1	1307.8	19.9	1.6759336
233	protein2	1333.2	21.3	1.7152475500000002
233	protein3	249.85	4.25	1.58547625
233	r2	4.2	0.0	0.0
233	rnapol	0.1	0.0	0.0
234	__protein1_rbs	13.65	0.0	0.0
234	__protein2_rbs	14.4	0.0	0.0
234	__protein3_rbs	3.1	0.0	0.0
234	__ribosome	24.5	0.0	0.0
234	__rnase_site_ext	20.2	0.0	0.0
234	p0	0.8	0.0	0.0
234	p1	0.5	0.0	0.0
234	p2	0.5	0.0	0.0
234	protein1	1314.6	19.85	1.70385755
234	protein2	1342.0	21.2	1.6737979999999997
234	protein3	251.3	4.25	1.62702385
234	r2	4.15	0.0	0.0
234	rnapol	0.0	0.0	0.0
235	__protein1_rbs	13.85	0.0	0.0
235	__protein2_rbs	14.0	0.0	0.0
235	__protein3_rbs	2.9	0.0	0.0
235	__ribosome	24.85	0.0	0.0
235	__rnase_site_ext	19.9	0.0	0.0
235	p0	0.85	0.0	0.0
235	p1	0.45	0.0	0.0
235	p2	0.5	0.0	0.0
235	protein1	1322.75	20.0	1.65449245
235	protein2	1349.35	21.3	1.7157590499999995
235	protein3	253.35	4.2	1.4923809499999998
235	r2	4.1	0.0	0.0
235	rnapol	0.15	0.0	0.0
236	__protein1_rbs	13.15	0.0	0.0
236	__protein2_rbs	13.05	0.0	0.0
236	__protein3_rbs	2.7	0.0	0.0
236	__ribosome	23.8	0.0	0.0
236	__rnase_site_ext	20.1	0.0	0.0
236	p0	0.8	0.0	0.0
236	p1	0.45	0.0	0.0
236	p2	0.6	0.0	0.0
236	protein1	1329.55	19.85	1.69121665
236	protein2	1358.4	21.5	1.7044654
236	protein3	254.95	4.15	1.5002381000000002
236	r2	4.05	0.0	0.0
236	rnapol	0.15	0.0	0.0
237	__protein1_rbs	13.55	0.0	0.0
237	__protein2_rbs	14.9	0.0	0.0
237	__protein3_rbs	2.75	0.0	0.0
237	__ribosome	23.8	0.0	0.0
237	__rnase_site_ext	20.05	0.0	0.0
237	p0	0.8	0.0	0.0
237	p1	0.45	0.0	0.0
237	p2	0.85	0.0	0.0
237	protein1	1337.3	19.9	1.6532741000000002
237	protein2	1366.05	21.65	1.70397835
237	protein3	256.2	4.1	1.6236904500000002
237	r2	4.1	0.0	0.0
237	rnapol	0.2	0.0	0.0
238	__protein1_rbs	13.25	0.0	0.0
238	__protein2_rbs	14.6	0.0	0.0
238	__protein3_rbs	2.7	0.0	0.0
238	__ribosome	23.3	0.0	0.0
238	__rnase_site_ext	20.3	0.0	0.0
238	p0	0.75	0.0	0.0
238	p1	0.7	0.0	0.0
238	p2	0.85	0.0	0.0
238	protein1	1344.85	19.9	1.6567532999999997
238	protein2	1374.25	21.9	1.6989734499999998
238	protein3	257.85	4.2	1.53583335
238	r2	4.0	0.0	0.0
238	rnapol	0.05	0.0	0.0
239	__protein1_rbs	14.1	0.0	0.0
239	__protein2_rbs	14.95	0.0	0.0
239	__protein3_rbs	2.65	0.0	0.0
239	__ribosome	23.3	0.0	0.0
239	__rnase_site_ext	20.35	0.0	0.0
239	p0	0.95	0.0	0.0
239	p1	0.85	0.0	0.0
239	p2	0.75	0.0	0.0
239	protein1	1352.5	20.05	1.6243942999999998
239	protein2	1382.35	22.0	1.70188795
239	protein3	259.4	4.1	1.652381
239	r2	4.05	0.0	0.0
239	rnapol	0.15	0.0	0.0
240	__protein1_rbs	13.55	0.0	0.0
240	__protein2_rbs	14.45	0.0	0.0
240	__protein3_rbs	2.75	0.0	0.0
240	__ribosome	23.4	0.0	0.0
240	__rnase_site_ext	20.4	0.0	0.0
240	p0	0.8	0.0	0.0
240	p1	0.9	0.0	0.0
240	p2	0.55	0.0	0.0
240	protein1	1360.25	20.2	1.6262066500000003
240	protein2	1391.15	21.8	1.7028956499999996
240	protein3	261.0	4.05	1.6659523999999997
240	r2	4.1	0.0	0.0
240	rnapol	0.0	0.0	0.0
241	__protein1_rbs	12.75	0.0	0.0
241	__protein2_rbs	14.3	0.0	0.0
241	__protein3_rbs	2.9	0.0	0.0
241	__ribosome	23.3	0.0	0.0
241	__rnase_site_ext	20.3	0.0	0.0
241	p0	0.75	0.0	0.0
241	p1	0.6	0.0	0.0
241	p2	0.65	0.0	0.0
241	protein1	1367.8	20.2	1.6440168500000003
241	protein2	1400.05	21.6	1.69963695
241	protein3	262.45	4.1	1.6664285999999997
241	r2	4.0	0.0	0.0
241	rnapol	0.1	0.0	0.0
242	__protein1_rbs	13.35	0.0	0.0
242	__protein2_rbs	14.7	0.0	0.0
242	__protein3_rbs	2.8	0.0	0.0
242	__ribosome	21.9	0.0	0.0
242	__rnase_site_ext	20.5	0.0	0.0
242	p0	0.8	0.0	0.0
242	p1	0.85	0.0	0.0
242	p2	0.55	0.0	0.0
242	protein1	1374.8	20.15	1.6994338
242	protein2	1407.95	21.6	1.7183525000000002
242	protein3	264.1	4.1	1.5925000500000004
242	r2	3.95	0.0	0.0
242	rnapol	0.2	0.0	0.0
243	__protein1_rbs	14.45	0.0	0.0
243	__protein2_rbs	15.3	0.0	0.0
243	__protein3_rbs	2.85	0.0	0.0
243	__ribosome	24.5	0.0	0.0
243	__rnase_site_ext	20.75	0.0	0.0
243	p0	0.5	0.0	0.0
243	p1	0.55	0.0	0.0
243	p2	0.65	0.0	0.0
243	protein1	1382.4	20.3	1.6263813000000005
243	protein2	1416.55	21.65	1.66096215
243	protein3	265.95	4.0	1.5794046999999998
243	r2	4.05	0.0	0.0
243	rnapol	0.05	0.0	0.0
244	__protein1_rbs	12.9	0.0	0.0
244	__protein2_rbs	14.3	0.0	0.0
244	__protein3_rbs	2.55	0.0	0.0
244	__ribosome	23.65	0.0	0.0
244	__rnase_site_ext	20.8	0.0	0.0
244	p0	0.85	0.0	0.0
244	p1	0.7	0.0	0.0
244	p2	0.75	0.0	0.0
244	protein1	1390.3	20.55	1.6427348999999998
244	protein2	1425.0	21.7	1.6704963999999998
244	protein3	267.65	4.0	1.6451190000000004
244	r2	4.1	0.0	0.0
244	rnapol	0.15	0.0	0.0
245	__protein1_rbs	13.9	0.0	0.0
245	__protein2_rbs	14.55	0.0	0.0
245	__protein3_rbs	2.75	0.0	0.0
245	__ribosome	24.4	0.0	0.0
245	__rnase_site_ext	20.75	0.0	0.0
245	p0	0.95	0.0	0.0
245	p1	0.6	0.0	0.0
245	p2	0.9	0.0	0.0
245	protein1	1398.55	20.7	1.6369929499999998
245	protein2	1433.6	21.7	1.6464685499999998
245	protein3	269.35	4.05	1.59714285
245	r2	4.2	0.0	0.0
245	rnapol	0.15	0.0	0.0
246	__protein1_rbs	14.15	0.0	0.0
246	__protein2_rbs	14.2	0.0	0.0
246	__protein3_rbs	2.5	0.0	0.0
246	__ribosome	24.65	0.0	0.0
246	__rnase_site_ext	20.7	0.0	0.0
246	p0	0.9	0.0	0.0
246	p1	0.7	0.0	0.0
246	p2	0.7	0.0	0.0
246	protein1	1406.1	20.6	1.6698761999999998
246	protein2	1442.65	21.5	1.6171867999999996
246	protein3	270.65	4.15	1.6804166500000002
246	r2	4.25	0.0	0.0
246	rnapol	0.1	0.0	0.0
247	__protein1_rbs	14.0	0.0	0.0
247	__protein2_rbs	14.55	0.0	0.0
247	__protein3_rbs	2.95	0.0	0.0
247	__ribosome	24.6	0.0	0.0
247	__rnase_site_ext	20.65	0.0	0.0
247	p0	0.85	0.0	0.0
247	p1	0.7	0.0	0.0
247	p2	0.7	0.0	0.0
247	protein1	1413.3	20.5	1.6871392
247	protein2	1450.4	21.6	1.6315537
247	protein3	272.8	4.25	1.6120833500000002
247	r2	4.2	0.0	0.0
247	rnapol	0.1	0.0	0.0
248	__protein1_rbs	14.2	0.0	0.0
248	__protein2_rbs	14.9	0.0	0.0
248	__protein3_rbs	2.45	0.0	0.0
248	__ribosome	23.5	0.0	0.0
248	__rnase_site_ext	20.55	0.0	0.0
248	p0	0.8	0.0	0.0
248	p1	0.75	0.0	0.0
248	p2	0.65	0.0	0.0
248	protein1	1421.2	20.5	1.6794971
248	protein2	1458.65	21.65	1.64034455
248	protein3	274.0	4.25	1.7600000499999997
248	r2	4.2	0.0	0.0
248	rnapol	0.2	0.0	0.0
249	__protein1_rbs	14.25	0.0	0.0
249	__protein2_rbs	14.1	0.0	0.0
249	__protein3_rbs	2.95	0.0	0.0
249	__ribosome	24.0	0.0	0.0
249	__rnase_site_ext	20.7	0.0	0.0
249	p0	0.9	0.0	0.0
249	p1	0.45	0.0	0.0
249	p2	0.75	0.0	0.0
249	protein1	1429.85	20.4	1.59635505
249	protein2	1466.4	21.6	1.7231191499999998
249	protein3	275.6	4.2	1.6746428499999997
249	r2	4.25	0.0	0.0
249	rnapol	0.3	0.0	0.0
250	__protein1_rbs	13.45	0.0	0.0
250	__protein2_rbs	13.65	0.0	0.0
250	__protein3_rbs	2.85	0.0	0.0
250	__ribosome	23.15	0.0	0.0
250	__rnase_site_ext	19.5	0.0	0.0
250	p0	0.9	0.0	0.0
250	p1	0.4	0.0	0.0
250	p2	0.65	0.0	0.0
250	protein1	1366.4	19.45	1.48929305
250	protein2	1397.9	20.55	1.61158645
250	protein3	263.1	4.15	1.53916665
250	r2	4.05	0.0	0.0
250	rnapol	0.3	0.0	0.0
