time	species	protein	transcript	ribo_density
0	__protein1_rbs	0.0	0.0	0.0
0	__protein2_rbs	0.0	0.0	0.0
0	__protein3_rbs	0.0	0.0	0.0
0	__ribosome	100.0	0.0	0.0
0	__rnase_site_ext	0.0	0.0	0.0
0	p0	1.0	0.0	0.0
0	p2	1.0	0.0	0.0
0	r2	0.0	0.0	0.0
0	rnapol	4.0	0.0	0.0
1	__protein1_rbs	0.0	0.0	0.0
1	__protein2_rbs	0.0	0.0	0.0
1	__protein3_rbs	0.0	0.0	0.0
1	__ribosome	100.0	0.0	0.0
1	__rnase_site_ext	1.0	0.0	0.0
1	p0	0.35	0.0	0.0
1	p2	0.95	0.0	0.0
1	r2	0.0	0.0	0.0
1	rnapol	2.9	0.0	0.0
2	__protein1_rbs	0.55	0.0	0.0
2	__protein2_rbs	0.0	0.0	0.0
2	__protein3_rbs	0.0	0.0	0.0
2	__ribosome	99.85	0.0	0.0
2	__rnase_site_ext	1.8	0.0	0.0
2	p0	0.2	0.0	0.0
2	p2	1.0	0.0	0.0
2	protein1	0.0	0.7	0.15
2	r2	0.0	0.0	0.0
2	rnapol	2.05	0.0	0.0
3	__protein1_rbs	0.6	0.0	0.0
3	__protein2_rbs	0.0	0.0	0.0
3	__protein3_rbs	0.0	0.0	0.0
3	__ribosome	99.0	0.0	0.0
3	__rnase_site_ext	2.7	0.0	0.0
3	p0	0.1	0.0	0.0
3	p2	0.95	0.0	0.0
3	protein1	0.0	1.5	0.725
3	r2	0.0	0.0	0.0
3	rnapol	1.05	0.0	0.0
4	__protein1_rbs	0.9	0.0	0.0
4	__protein2_rbs	0.0	0.0	0.0
4	__protein3_rbs	0.0	0.0	0.0
4	__ribosome	97.5	0.0	0.0
4	__rnase_site_ext	3.3	0.0	0.0
4	p0	0.4	0.0	0.0
4	p2	1.0	0.0	0.0
4	protein1	0.0	2.3	1.10833335
4	r2	0.0	0.0	0.0
4	rnapol	0.45	0.0	0.0
5	__protein1_rbs	1.05	0.0	0.0
5	__protein2_rbs	0.0	0.0	0.0
5	__protein3_rbs	0.0	0.0	0.0
5	__ribosome	95.65	0.0	0.0
5	__rnase_site_ext	3.75	0.0	0.0
5	p0	0.7	0.0	0.0
5	p2	1.0	0.0	0.0
5	protein1	0.0	3.0	1.4625001000000002
5	r2	0.0	0.0	0.0
5	rnapol	0.1	0.0	0.0
6	__protein1_rbs	0.85	0.0	0.0
6	__protein2_rbs	0.0	0.0	0.0
6	__protein3_rbs	0.0	0.0	0.0
6	__ribosome	92.9	0.0	0.0
6	__rnase_site_ext	3.95	0.0	0.0
6	p0	0.95	0.0	0.0
6	p2	1.0	0.0	0.0
6	protein1	0.0	3.55	2.0125
6	protein3	0.0	0.05	0.05
6	r2	0.0	0.0	0.0
6	rnapol	0.0	0.0	0.0
7	__protein1_rbs	1.5	0.0	0.0
7	__protein2_rbs	0.0	0.0	0.0
7	__protein3_rbs	0.0	0.0	0.0
7	__ribosome	90.95	0.0	0.0
7	__rnase_site_ext	3.95	0.0	0.0
7	p0	1.0	0.0	0.0
7	p2	1.0	0.0	0.0
7	protein1	0.25	3.9	2.32083335
7	protein3	0.0	0.05	0.05
7	r2	0.0	0.0	0.0
7	rnapol	0.0	0.0	0.0
8	__protein1_rbs	1.2	0.0	0.0
8	__protein2_rbs	0.0	0.0	0.0
8	__protein3_rbs	0.0	0.0	0.0
8	__ribosome	89.25	0.0	0.0
8	__rnase_site_ext	3.85	0.0	0.0
8	p0	1.0	0.0	0.0
8	p2	1.0	0.0	0.0
8	protein1	1.05	3.85	2.775
8	protein3	0.0	0.05	0.1
8	r2	0.0	0.0	0.0
8	rnapol	0.0	0.0	0.0
9	__protein1_rbs	1.45	0.0	0.0
9	__protein2_rbs	0.1	0.0	0.0
9	__protein3_rbs	0.05	0.0	0.0
9	__ribosome	88.55	0.0	0.0
9	__rnase_site_ext	3.85	0.0	0.0
9	p0	1.0	0.0	0.0
9	p2	1.0	0.0	0.0
9	protein1	2.35	3.8	3.0
9	protein2	0.0	0.1	0.0
9	protein3	0.0	0.05	0.1
9	r2	0.0	0.0	0.0
9	rnapol	0.0	0.0	0.0
10	__protein1_rbs	1.0	0.0	0.0
10	__protein2_rbs	0.35	0.0	0.0
10	__protein3_rbs	0.0	0.0	0.0
10	__ribosome	87.0	0.0	0.0
10	__rnase_site_ext	3.85	0.0	0.0
10	p0	1.0	0.0	0.0
10	p2	1.0	0.0	0.0
10	protein1	4.0	3.75	3.2958332999999995
10	protein2	0.0	0.9	0.55
10	protein3	0.0	0.05	0.15
10	r2	0.0	0.0	0.0
10	rnapol	0.0	0.0	0.0
11	__protein1_rbs	0.95	0.0	0.0
11	__protein2_rbs	0.45	0.0	0.0
11	__protein3_rbs	0.0	0.0	0.0
11	__ribosome	86.2	0.0	0.0
11	__rnase_site_ext	3.85	0.0	0.0
11	p0	1.0	0.0	0.0
11	p2	1.0	0.0	0.0
11	protein1	6.4	3.75	3.2416666500000004
11	protein2	0.0	1.5	0.975
11	protein3	0.0	0.05	0.15
11	r2	0.0	0.0	0.0
11	rnapol	0.0	0.0	0.0
12	__protein1_rbs	1.3	0.0	0.0
12	__protein2_rbs	1.25	0.0	0.0
12	__protein3_rbs	0.0	0.0	0.0
12	__ribosome	84.95	0.0	0.0
12	__rnase_site_ext	3.85	0.0	0.0
12	p0	0.95	0.0	0.0
12	p2	1.0	0.0	0.0
12	protein1	8.65	3.75	3.2791666500000005
12	protein2	0.0	2.4	1.08333335
12	protein3	0.05	0.05	0.15
12	r2	0.0	0.0	0.0
12	rnapol	0.0	0.0	0.0
13	__protein1_rbs	1.45	0.0	0.0
13	__protein2_rbs	0.9	0.0	0.0
13	__protein3_rbs	0.05	0.0	0.0
13	__ribosome	83.35	0.0	0.0
13	__rnase_site_ext	3.9	0.0	0.0
13	p0	1.0	0.0	0.0
13	p2	1.0	0.0	0.0
13	protein1	11.3	3.75	3.14583335
13	protein2	0.0	3.0	1.58333335
13	protein3	0.1	0.05	0.1
13	r2	0.05	0.0	0.0
13	rnapol	0.0	0.0	0.0
14	__protein1_rbs	1.4	0.0	0.0
14	__protein2_rbs	1.5	0.0	0.0
14	__protein3_rbs	0.0	0.0	0.0
14	__ribosome	81.05	0.0	0.0
14	__rnase_site_ext	3.8	0.0	0.0
14	p0	1.0	0.0	0.0
14	p2	0.9	0.0	0.0
14	protein1	13.35	3.8	3.18333335
14	protein2	0.1	3.75	1.7916666499999998
14	protein3	0.1	0.05	0.15
14	r2	0.3	0.0	0.0
14	rnapol	0.0	0.0	0.0
15	__protein1_rbs	1.55	0.0	0.0
15	__protein2_rbs	1.45	0.0	0.0
15	__protein3_rbs	0.0	0.0	0.0
15	__ribosome	79.25	0.0	0.0
15	__rnase_site_ext	3.75	0.0	0.0
15	p0	1.0	0.0	0.0
15	p2	0.35	0.0	0.0
15	protein1	15.75	3.75	3.175
15	protein2	0.5	3.95	2.20416665
15	protein3	0.1	0.05	0.2
15	r2	1.0	0.0	0.0
15	rnapol	0.0	0.0	0.0
16	__protein1_rbs	1.65	0.0	0.0
16	__protein2_rbs	1.4	0.0	0.0
16	__protein3_rbs	0.05	0.0	0.0
16	__ribosome	77.85	0.0	0.0
16	__rnase_site_ext	3.8	0.0	0.0
16	p0	0.85	0.0	0.0
16	p2	0.3	0.0	0.0
16	protein1	18.05	3.7	3.15000005
16	protein2	1.3	3.95	2.63333335
16	protein3	0.15	0.05	0.15
16	r2	1.7	0.0	0.0
16	rnapol	0.15	0.0	0.0
17	__protein1_rbs	1.35	0.0	0.0
17	__protein2_rbs	1.15	0.0	0.0
17	__protein3_rbs	0.05	0.0	0.0
17	__ribosome	76.8	0.0	0.0
17	__rnase_site_ext	4.15	0.0	0.0
17	p0	0.6	0.0	0.0
17	p2	0.05	0.0	0.0
17	protein1	20.15	3.65	3.2708333000000005
17	protein2	2.75	3.95	2.8875
17	protein3	0.2	0.05	0.1
17	r2	2.35	0.0	0.0
17	rnapol	0.15	0.0	0.0
18	__protein1_rbs	1.45	0.0	0.0
18	__protein2_rbs	1.35	0.0	0.0
18	__protein3_rbs	0.05	0.0	0.0
18	__ribosome	75.85	0.0	0.0
18	__rnase_site_ext	4.45	0.0	0.0
18	p0	0.6	0.0	0.0
18	p2	0.05	0.0	0.0
18	protein1	22.35	3.95	3.0475000000000003
18	protein2	4.35	3.95	3.0625
18	protein3	0.25	0.1	0.15
18	r2	3.0	0.0	0.0
18	rnapol	0.45	0.0	0.0
19	__protein1_rbs	1.5	0.0	0.0
19	__protein2_rbs	1.6	0.0	0.0
19	__protein3_rbs	0.05	0.0	0.0
19	__ribosome	75.45	0.0	0.0
19	__rnase_site_ext	4.85	0.0	0.0
19	p0	0.8	0.0	0.0
19	p2	0.4	0.0	0.0
19	protein1	24.8	4.2	2.9033333
19	protein2	6.4	3.95	3.1
19	protein3	0.25	0.3	0.4
19	r2	3.9	0.0	0.0
19	rnapol	0.8	0.0	0.0
20	__protein1_rbs	2.3	0.0	0.0
20	__protein2_rbs	1.45	0.0	0.0
20	__protein3_rbs	0.2	0.0	0.0
20	__ribosome	75.15	0.0	0.0
20	__rnase_site_ext	5.25	0.0	0.0
20	p0	0.35	0.0	0.0
20	p2	0.15	0.0	0.0
20	protein1	27.3	4.65	2.59999995
20	protein2	8.6	3.95	3.1625
20	protein3	0.25	0.35	inf
20	r2	3.9	0.0	0.0
20	rnapol	0.35	0.0	0.0
21	__protein1_rbs	1.75	0.0	0.0
21	__protein2_rbs	1.55	0.0	0.0
21	__protein3_rbs	0.15	0.0	0.0
21	__ribosome	73.4	0.0	0.0
21	__rnase_site_ext	5.7	0.0	0.0
21	p0	0.55	0.0	0.0
21	p2	0.95	0.0	0.0
21	protein1	29.2	4.95	2.8177381
21	protein2	10.9	4.0	3.1
21	protein3	0.3	0.45	inf
21	r2	3.9	0.0	0.0
21	rnapol	0.65	0.0	0.0
22	__protein1_rbs	2.1	0.0	0.0
22	__protein2_rbs	1.5	0.0	0.0
22	__protein3_rbs	0.2	0.0	0.0
22	__ribosome	73.0	0.0	0.0
22	__rnase_site_ext	6.1	0.0	0.0
22	p0	0.65	0.0	0.0
22	p2	1.0	0.0	0.0
22	protein1	31.7	5.35	2.5542857000000003
22	protein2	13.5	3.95	3.13333335
22	protein3	0.35	0.6	inf
22	r2	3.9	0.0	0.0
22	rnapol	0.3	0.0	0.0
23	__protein1_rbs	2.25	0.0	0.0
23	__protein2_rbs	1.95	0.0	0.0
23	__protein3_rbs	0.35	0.0	0.0
23	__ribosome	71.95	0.0	0.0
23	__rnase_site_ext	6.35	0.0	0.0
23	p0	0.85	0.0	0.0
23	p2	1.0	0.0	0.0
23	protein1	33.95	5.85	2.5144048000000003
23	protein2	16.0	3.85	3.11666665
23	protein3	0.35	0.7	inf
23	r2	3.9	0.0	0.0
23	rnapol	0.2	0.0	0.0
24	__protein1_rbs	2.4	0.0	0.0
24	__protein2_rbs	1.2	0.0	0.0
24	__protein3_rbs	0.2	0.0	0.0
24	__ribosome	70.25	0.0	0.0
24	__rnase_site_ext	6.65	0.0	0.0
24	p0	0.85	0.0	0.0
24	p2	1.0	0.0	0.0
24	protein1	36.35	6.25	2.5099404000000005
24	protein2	18.1	3.85	3.1458333
24	protein3	0.6	0.75	inf
24	r2	3.9	0.0	0.0
24	rnapol	0.05	0.0	0.0
25	__protein1_rbs	2.85	0.0	0.0
25	__protein2_rbs	1.65	0.0	0.0
25	__protein3_rbs	0.35	0.0	0.0
25	__ribosome	69.5	0.0	0.0
25	__rnase_site_ext	6.7	0.0	0.0
25	p0	0.85	0.0	0.0
25	p2	1.0	0.0	0.0
25	protein1	38.75	6.35	2.6239881
25	protein2	20.6	4.0	3.0075
25	protein3	0.9	0.75	1.35
25	r2	3.8	0.0	0.0
25	rnapol	0.1	0.0	0.0
26	__protein1_rbs	2.1	0.0	0.0
26	__protein2_rbs	1.65	0.0	0.0
26	__protein3_rbs	0.35	0.0	0.0
26	__ribosome	68.4	0.0	0.0
26	__rnase_site_ext	6.75	0.0	0.0
26	p0	0.9	0.0	0.0
26	p2	1.0	0.0	0.0
26	protein1	41.9	6.45	2.77940485
26	protein2	23.1	4.3	2.76666665
26	protein3	1.2	0.75	1.475
26	r2	3.85	0.0	0.0
26	rnapol	0.05	0.0	0.0
27	__protein1_rbs	2.15	0.0	0.0
27	__protein2_rbs	2.0	0.0	0.0
27	__protein3_rbs	0.25	0.0	0.0
27	__ribosome	66.8	0.0	0.0
27	__rnase_site_ext	6.9	0.0	0.0
27	p0	0.95	0.0	0.0
27	p2	0.95	0.0	0.0
27	protein1	44.75	6.6	2.9163095
27	protein2	25.7	4.65	2.58583335
27	protein3	1.55	0.7	inf
27	r2	3.85	0.0	0.0
27	rnapol	0.05	0.0	0.0
28	__protein1_rbs	3.05	0.0	0.0
28	__protein2_rbs	2.1	0.0	0.0
28	__protein3_rbs	0.3	0.0	0.0
28	__ribosome	65.65	0.0	0.0
28	__rnase_site_ext	6.85	0.0	0.0
28	p0	0.85	0.0	0.0
28	p2	1.0	0.0	0.0
28	protein1	48.2	6.75	2.79964285
28	protein2	27.2	5.1	2.6158334
28	protein3	1.85	0.7	inf
28	r2	3.8	0.0	0.0
28	rnapol	0.1	0.0	0.0
29	__protein1_rbs	2.8	0.0	0.0
29	__protein2_rbs	2.65	0.0	0.0
29	__protein3_rbs	0.35	0.0	0.0
29	__ribosome	64.55	0.0	0.0
29	__rnase_site_ext	6.9	0.0	0.0
29	p0	0.75	0.0	0.0
29	p2	1.0	0.0	0.0
29	protein1	51.4	6.75	2.9269048
29	protein2	29.7	5.75	2.4327381
29	protein3	2.3	0.7	inf
29	r2	3.85	0.0	0.0
29	rnapol	0.0	0.0	0.0
30	__protein1_rbs	2.5	0.0	0.0
30	__protein2_rbs	2.35	0.0	0.0
30	__protein3_rbs	0.4	0.0	0.0
30	__ribosome	63.25	0.0	0.0
30	__rnase_site_ext	6.9	0.0	0.0
30	p0	1.0	0.0	0.0
30	p2	0.85	0.0	0.0
30	protein1	55.3	6.7	3.03880955
30	protein2	32.3	6.05	2.465595150000001
30	protein3	2.65	0.7	inf
30	r2	4.15	0.0	0.0
30	rnapol	0.0	0.0	0.0
31	__protein1_rbs	3.2	0.0	0.0
31	__protein2_rbs	2.7	0.0	0.0
31	__protein3_rbs	0.2	0.0	0.0
31	__ribosome	62.25	0.0	0.0
31	__rnase_site_ext	6.85	0.0	0.0
31	p0	0.95	0.0	0.0
31	p2	0.65	0.0	0.0
31	protein1	59.15	6.75	2.95910715
31	protein2	34.6	6.5	2.4830952
31	protein3	3.2	0.7	inf
31	r2	4.4	0.0	0.0
31	rnapol	0.05	0.0	0.0
32	__protein1_rbs	2.6	0.0	0.0
32	__protein2_rbs	2.9	0.0	0.0
32	__protein3_rbs	0.2	0.0	0.0
32	__ribosome	60.9	0.0	0.0
32	__rnase_site_ext	6.8	0.0	0.0
32	p0	0.9	0.0	0.0
32	p2	0.65	0.0	0.0
32	protein1	62.7	6.7	3.0004762
32	protein2	37.0	6.55	2.6491071500000003
32	protein3	3.7	0.7	1.3
32	r2	4.85	0.0	0.0
32	rnapol	0.15	0.0	0.0
33	__protein1_rbs	2.65	0.0	0.0
33	__protein2_rbs	2.75	0.0	0.0
33	__protein3_rbs	0.3	0.0	0.0
33	__ribosome	60.6	0.0	0.0
33	__rnase_site_ext	6.9	0.0	0.0
33	p0	0.85	0.0	0.0
33	p2	0.4	0.0	0.0
33	protein1	66.75	6.65	2.9837896000000006
33	protein2	39.9	6.7	2.67827385
33	protein3	4.1	0.7	1.25
33	r2	5.35	0.0	0.0
33	rnapol	0.1	0.0	0.0
34	__protein1_rbs	2.6	0.0	0.0
34	__protein2_rbs	3.0	0.0	0.0
34	__protein3_rbs	0.45	0.0	0.0
34	__ribosome	60.55	0.0	0.0
34	__rnase_site_ext	7.05	0.0	0.0
34	p0	0.75	0.0	0.0
34	p2	0.45	0.0	0.0
34	protein1	70.8	6.7	2.9000793999999996
34	protein2	43.15	6.95	2.6507143
34	protein3	4.3	0.7	1.25
34	r2	5.75	0.0	0.0
34	rnapol	0.3	0.0	0.0
35	__protein1_rbs	3.05	0.0	0.0
35	__protein2_rbs	2.9	0.0	0.0
35	__protein3_rbs	0.3	0.0	0.0
35	__ribosome	59.65	0.0	0.0
35	__rnase_site_ext	7.35	0.0	0.0
35	p0	0.85	0.0	0.0
35	p2	0.35	0.0	0.0
35	protein1	74.4	6.8	2.84732145
35	protein2	46.5	7.0	2.7449405
35	protein3	4.65	0.85	1.5
35	r2	6.1	0.0	0.0
35	rnapol	0.35	0.0	0.0
36	__protein1_rbs	3.1	0.0	0.0
36	__protein2_rbs	3.25	0.0	0.0
36	__protein3_rbs	0.45	0.0	0.0
36	__ribosome	59.5	0.0	0.0
36	__rnase_site_ext	7.65	0.0	0.0
36	p0	0.5	0.0	0.0
36	p2	0.65	0.0	0.0
36	protein1	78.15	7.1	2.8150793999999997
36	protein2	50.15	6.85	2.80190475
36	protein3	5.1	0.9	1.5
36	r2	6.45	0.0	0.0
36	rnapol	0.45	0.0	0.0
37	__protein1_rbs	3.2	0.0	0.0
37	__protein2_rbs	3.35	0.0	0.0
37	__protein3_rbs	0.7	0.0	0.0
37	__ribosome	59.15	0.0	0.0
37	__rnase_site_ext	7.9	0.0	0.0
37	p0	0.7	0.0	0.0
37	p2	0.65	0.0	0.0
37	protein1	81.8	7.35	2.7595437499999997
37	protein2	53.5	7.05	2.7276786
37	protein3	5.5	1.05	1.36666665
37	r2	6.55	0.0	0.0
37	rnapol	0.35	0.0	0.0
38	__protein1_rbs	4.05	0.0	0.0
38	__protein2_rbs	3.2	0.0	0.0
38	__protein3_rbs	0.5	0.0	0.0
38	__ribosome	59.65	0.0	0.0
38	__rnase_site_ext	8.15	0.0	0.0
38	p0	0.7	0.0	0.0
38	p2	0.8	0.0	0.0
38	protein1	85.85	7.7	2.53809525
38	protein2	57.7	7.25	2.5916667
38	protein3	5.8	1.15	1.6916667
38	r2	6.7	0.0	0.0
38	rnapol	0.35	0.0	0.0
39	__protein1_rbs	3.3	0.0	0.0
39	__protein2_rbs	3.3	0.0	0.0
39	__protein3_rbs	0.5	0.0	0.0
39	__ribosome	57.8	0.0	0.0
39	__rnase_site_ext	8.5	0.0	0.0
39	p0	0.75	0.0	0.0
39	p2	0.7	0.0	0.0
39	protein1	89.45	7.95	2.6138852500000005
39	protein2	61.2	7.25	2.6408929
39	protein3	6.15	1.2	1.8916667
39	r2	6.9	0.0	0.0
39	rnapol	0.2	0.0	0.0
40	__protein1_rbs	4.45	0.0	0.0
40	__protein2_rbs	2.95	0.0	0.0
40	__protein3_rbs	0.8	0.0	0.0
40	__ribosome	57.95	0.0	0.0
40	__rnase_site_ext	8.5	0.0	0.0
40	p0	0.85	0.0	0.0
40	p2	0.75	0.0	0.0
40	protein1	93.35	8.3	2.45505235
40	protein2	65.15	7.25	2.66214295
40	protein3	6.5	1.25	1.90833335
40	r2	6.9	0.0	0.0
40	rnapol	0.2	0.0	0.0
41	__protein1_rbs	3.4	0.0	0.0
41	__protein2_rbs	3.4	0.0	0.0
41	__protein3_rbs	0.55	0.0	0.0
41	__ribosome	56.35	0.0	0.0
41	__rnase_site_ext	8.6	0.0	0.0
41	p0	0.55	0.0	0.0
41	p2	0.95	0.0	0.0
41	protein1	97.2	8.35	2.5637284
41	protein2	68.75	7.4	2.64180555
41	protein3	7.1	1.35	1.8083333
41	r2	6.85	0.0	0.0
41	rnapol	0.15	0.0	0.0
42	__protein1_rbs	4.1	0.0	0.0
42	__protein2_rbs	3.25	0.0	0.0
42	__protein3_rbs	0.7	0.0	0.0
42	__ribosome	55.1	0.0	0.0
42	__rnase_site_ext	8.8	0.0	0.0
42	p0	0.8	0.0	0.0
42	p2	0.8	0.0	0.0
42	protein1	100.95	8.35	2.6046267000000003
42	protein2	72.3	7.45	2.7200794
42	protein3	7.45	1.4	2.0166666500000003
42	r2	7.1	0.0	0.0
42	rnapol	0.0	0.0	0.0
43	__protein1_rbs	3.75	0.0	0.0
43	__protein2_rbs	3.75	0.0	0.0
43	__protein3_rbs	0.8	0.0	0.0
43	__ribosome	53.8	0.0	0.0
43	__rnase_site_ext	8.85	0.0	0.0
43	p0	0.8	0.0	0.0
43	p2	0.8	0.0	0.0
43	protein1	104.8	8.75	2.6035317000000004
43	protein2	75.7	7.6	2.68402775
43	protein3	7.95	1.4	2.0583333500000003
43	r2	7.1	0.0	0.0
43	rnapol	0.1	0.0	0.0
44	__protein1_rbs	4.35	0.0	0.0
44	__protein2_rbs	3.25	0.0	0.0
44	__protein3_rbs	0.7	0.0	0.0
44	__ribosome	53.45	0.0	0.0
44	__rnase_site_ext	9.0	0.0	0.0
44	p0	0.9	0.0	0.0
44	p2	0.85	0.0	0.0
44	protein1	109.15	8.75	2.59274525
44	protein2	79.8	7.8	2.7010715000000003
44	protein3	8.55	1.5	1.98333335
44	r2	7.0	0.0	0.0
44	rnapol	0.15	0.0	0.0
45	__protein1_rbs	3.4	0.0	0.0
45	__protein2_rbs	3.8	0.0	0.0
45	__protein3_rbs	0.8	0.0	0.0
45	__ribosome	51.9	0.0	0.0
45	__rnase_site_ext	9.1	0.0	0.0
45	p0	0.9	0.0	0.0
45	p2	0.95	0.0	0.0
45	protein1	113.3	8.85	2.6754545
45	protein2	83.7	8.05	2.6383929
45	protein3	9.15	1.5	2.1833333500000003
45	r2	7.05	0.0	0.0
45	rnapol	0.15	0.0	0.0
46	__protein1_rbs	4.1	0.0	0.0
46	__protein2_rbs	4.15	0.0	0.0
46	__protein3_rbs	0.55	0.0	0.0
46	__ribosome	51.75	0.0	0.0
46	__rnase_site_ext	9.2	0.0	0.0
46	p0	0.85	0.0	0.0
46	p2	0.9	0.0	0.0
46	protein1	118.0	8.95	2.59607315
46	protein2	87.4	8.3	2.619183
46	protein3	9.8	1.55	2.37916665
46	r2	7.05	0.0	0.0
46	rnapol	0.15	0.0	0.0
47	__protein1_rbs	4.0	0.0	0.0
47	__protein2_rbs	4.45	0.0	0.0
47	__protein3_rbs	1.0	0.0	0.0
47	__ribosome	51.15	0.0	0.0
47	__rnase_site_ext	9.15	0.0	0.0
47	p0	0.8	0.0	0.0
47	p2	0.85	0.0	0.0
47	protein1	121.9	9.05	2.6753662
47	protein2	91.75	8.6	2.4901406999999995
47	protein3	10.55	1.6	2.1166667
47	r2	7.05	0.0	0.0
47	rnapol	0.1	0.0	0.0
48	__protein1_rbs	4.15	0.0	0.0
48	__protein2_rbs	4.35	0.0	0.0
48	__protein3_rbs	0.9	0.0	0.0
48	__ribosome	51.3	0.0	0.0
48	__rnase_site_ext	9.4	0.0	0.0
48	p0	0.85	0.0	0.0
48	p2	0.8	0.0	0.0
48	protein1	127.25	9.15	2.5975992000000008
48	protein2	95.85	8.65	2.4818451999999995
48	protein3	11.1	1.6	2.2250000000000005
48	r2	7.4	0.0	0.0
48	rnapol	0.15	0.0	0.0
49	__protein1_rbs	5.25	0.0	0.0
49	__protein2_rbs	3.8	0.0	0.0
49	__protein3_rbs	0.9	0.0	0.0
49	__ribosome	50.65	0.0	0.0
49	__rnase_site_ext	9.5	0.0	0.0
49	p0	0.9	0.0	0.0
49	p2	0.85	0.0	0.0
49	protein1	131.1	9.15	2.6026136499999994
49	protein2	100.0	8.85	2.51572875
49	protein3	11.85	1.6	2.1583333
49	r2	7.6	0.0	0.0
49	rnapol	0.2	0.0	0.0
50	__protein1_rbs	4.05	0.0	0.0
50	__protein2_rbs	4.4	0.0	0.0
50	__protein3_rbs	0.55	0.0	0.0
50	__ribosome	49.0	0.0	0.0
50	__rnase_site_ext	9.7	0.0	0.0
50	p0	0.75	0.0	0.0
50	p2	0.7	0.0	0.0
50	protein1	135.5	9.35	2.64160525
50	protein2	104.05	9.05	2.5215908
50	protein3	12.55	1.55	inf
50	r2	7.9	0.0	0.0
50	rnapol	0.05	0.0	0.0
51	__protein1_rbs	4.55	0.0	0.0
51	__protein2_rbs	4.65	0.0	0.0
51	__protein3_rbs	0.5	0.0	0.0
51	__ribosome	48.7	0.0	0.0
51	__rnase_site_ext	9.75	0.0	0.0
51	p0	0.95	0.0	0.0
51	p2	0.5	0.0	0.0
51	protein1	140.4	9.45	2.5830535
51	protein2	108.35	9.4	2.47001265
51	protein3	13.6	1.55	2.24166665
51	r2	8.2	0.0	0.0
51	rnapol	0.2	0.0	0.0
52	__protein1_rbs	4.85	0.0	0.0
52	__protein2_rbs	4.7	0.0	0.0
52	__protein3_rbs	1.0	0.0	0.0
52	__ribosome	48.7	0.0	0.0
52	__rnase_site_ext	9.9	0.0	0.0
52	p0	0.8	0.0	0.0
52	p2	0.5	0.0	0.0
52	protein1	145.8	9.65	2.42417495
52	protein2	112.2	9.5	2.5627760000000004
52	protein3	14.1	1.6	2.2166667
52	r2	8.6	0.0	0.0
52	rnapol	0.3	0.0	0.0
53	__protein1_rbs	4.35	0.0	0.0
53	__protein2_rbs	4.9	0.0	0.0
53	__protein3_rbs	0.65	0.0	0.0
53	__ribosome	47.5	0.0	0.0
53	__rnase_site_ext	9.95	0.0	0.0
53	p0	0.85	0.0	0.0
53	p2	0.65	0.0	0.0
53	protein1	150.1	9.75	2.5082948000000007
53	protein2	116.85	9.6	2.5301551
53	protein3	14.75	1.6	2.40833335
53	r2	8.65	0.0	0.0
53	rnapol	0.4	0.0	0.0
54	__protein1_rbs	5.25	0.0	0.0
54	__protein2_rbs	4.9	0.0	0.0
54	__protein3_rbs	0.85	0.0	0.0
54	__ribosome	47.7	0.0	0.0
54	__rnase_site_ext	10.25	0.0	0.0
54	p0	0.65	0.0	0.0
54	p2	0.7	0.0	0.0
54	protein1	154.55	9.8	2.43996575
54	protein2	121.5	9.75	2.49274895
54	protein3	15.5	1.75	2.2333333000000004
54	r2	8.7	0.0	0.0
54	rnapol	0.2	0.0	0.0
55	__protein1_rbs	4.85	0.0	0.0
55	__protein2_rbs	4.45	0.0	0.0
55	__protein3_rbs	1.0	0.0	0.0
55	__ribosome	46.85	0.0	0.0
55	__rnase_site_ext	10.45	0.0	0.0
55	p0	0.6	0.0	0.0
55	p2	0.65	0.0	0.0
55	protein1	159.15	10.1	2.44170635
55	protein2	126.45	9.75	2.5235732000000004
55	protein3	16.45	1.9	2.0833332500000004
55	r2	9.05	0.0	0.0
55	rnapol	0.0	0.0	0.0
56	__protein1_rbs	5.05	0.0	0.0
56	__protein2_rbs	4.6	0.0	0.0
56	__protein3_rbs	1.05	0.0	0.0
56	__ribosome	46.6	0.0	0.0
56	__rnase_site_ext	10.5	0.0	0.0
56	p0	1.0	0.0	0.0
56	p2	0.65	0.0	0.0
56	protein1	164.0	10.35	2.3868463
56	protein2	131.45	9.85	2.4711849
56	protein3	17.3	1.95	2.0916667
56	r2	9.15	0.0	0.0
56	rnapol	0.2	0.0	0.0
57	__protein1_rbs	5.7	0.0	0.0
57	__protein2_rbs	5.05	0.0	0.0
57	__protein3_rbs	1.0	0.0	0.0
57	__ribosome	45.8	0.0	0.0
57	__rnase_site_ext	10.5	0.0	0.0
57	p0	0.8	0.0	0.0
57	p2	0.75	0.0	0.0
57	protein1	168.45	10.5	2.3861014000000003
57	protein2	135.8	9.85	2.526092749999999
57	protein3	18.2	2.05	2.05
57	r2	9.25	0.0	0.0
57	rnapol	0.05	0.0	0.0
58	__protein1_rbs	4.95	0.0	0.0
58	__protein2_rbs	5.05	0.0	0.0
58	__protein3_rbs	0.9	0.0	0.0
58	__ribosome	45.75	0.0	0.0
58	__rnase_site_ext	10.7	0.0	0.0
58	p0	0.8	0.0	0.0
58	p2	0.8	0.0	0.0
58	protein1	173.45	10.4	2.4525505
58	protein2	140.85	9.95	2.43347175
58	protein3	19.15	2.1	2.06666665
58	r2	9.25	0.0	0.0
58	rnapol	0.05	0.0	0.0
59	__protein1_rbs	5.35	0.0	0.0
59	__protein2_rbs	5.05	0.0	0.0
59	__protein3_rbs	1.1	0.0	0.0
59	__ribosome	44.85	0.0	0.0
59	__rnase_site_ext	10.65	0.0	0.0
59	p0	0.95	0.0	0.0
59	p2	0.9	0.0	0.0
59	protein1	178.3	10.55	2.44420305
59	protein2	145.55	10.15	2.4354951500000004
59	protein3	19.85	2.3	2.22916665
59	r2	9.3	0.0	0.0
59	rnapol	0.25	0.0	0.0
60	__protein1_rbs	5.3	0.0	0.0
60	__protein2_rbs	4.95	0.0	0.0
60	__protein3_rbs	1.3	0.0	0.0
60	__ribosome	43.45	0.0	0.0
60	__rnase_site_ext	10.75	0.0	0.0
60	p0	0.75	0.0	0.0
60	p2	0.7	0.0	0.0
60	protein1	183.25	10.6	2.4831719
60	protein2	150.1	10.2	2.4971144
60	protein3	20.8	2.4	2.2299999999999995
60	r2	9.35	0.0	0.0
60	rnapol	0.1	0.0	0.0
61	__protein1_rbs	5.4	0.0	0.0
61	__protein2_rbs	5.65	0.0	0.0
61	__protein3_rbs	1.2	0.0	0.0
61	__ribosome	43.55	0.0	0.0
61	__rnase_site_ext	10.9	0.0	0.0
61	p0	0.9	0.0	0.0
61	p2	0.85	0.0	0.0
61	protein1	188.1	10.65	2.53035845
61	protein2	155.2	10.35	2.3900232999999997
61	protein3	21.8	2.45	2.25833335
61	r2	9.35	0.0	0.0
61	rnapol	0.25	0.0	0.0
62	__protein1_rbs	6.05	0.0	0.0
62	__protein2_rbs	5.45	0.0	0.0
62	__protein3_rbs	1.25	0.0	0.0
62	__ribosome	43.7	0.0	0.0
62	__rnase_site_ext	11.15	0.0	0.0
62	p0	0.75	0.0	0.0
62	p2	0.85	0.0	0.0
62	protein1	193.15	10.8	2.45455355
62	protein2	160.0	10.55	2.32958445
62	protein3	22.8	2.45	2.3199999999999994
62	r2	9.6	0.0	0.0
62	rnapol	0.1	0.0	0.0
63	__protein1_rbs	6.45	0.0	0.0
63	__protein2_rbs	5.7	0.0	0.0
63	__protein3_rbs	1.4	0.0	0.0
63	__ribosome	43.95	0.0	0.0
63	__rnase_site_ext	11.2	0.0	0.0
63	p0	0.85	0.0	0.0
63	p2	0.75	0.0	0.0
63	protein1	198.3	11.1	2.36932075
63	protein2	164.9	10.75	2.3172149
63	protein3	24.0	2.5	2.18166665
63	r2	9.7	0.0	0.0
63	rnapol	0.1	0.0	0.0
64	__protein1_rbs	4.8	0.0	0.0
64	__protein2_rbs	6.2	0.0	0.0
64	__protein3_rbs	1.25	0.0	0.0
64	__ribosome	42.35	0.0	0.0
64	__rnase_site_ext	11.05	0.0	0.0
64	p0	0.75	0.0	0.0
64	p2	0.8	0.0	0.0
64	protein1	203.25	11.1	2.4819762999999995
64	protein2	169.55	10.9	2.28971495
64	protein3	24.9	2.5	2.3783333000000004
64	r2	9.8	0.0	0.0
64	rnapol	0.2	0.0	0.0
65	__protein1_rbs	6.05	0.0	0.0
65	__protein2_rbs	5.5	0.0	0.0
65	__protein3_rbs	0.95	0.0	0.0
65	__ribosome	42.75	0.0	0.0
65	__rnase_site_ext	11.35	0.0	0.0
65	p0	0.6	0.0	0.0
65	p2	0.8	0.0	0.0
65	protein1	208.75	11.05	2.4407219500000004
65	protein2	175.0	11.05	2.26189215
65	protein3	26.25	2.5	2.4266666500000005
65	r2	9.75	0.0	0.0
65	rnapol	0.2	0.0	0.0
66	__protein1_rbs	5.85	0.0	0.0
66	__protein2_rbs	5.5	0.0	0.0
66	__protein3_rbs	1.05	0.0	0.0
66	__ribosome	41.45	0.0	0.0
66	__rnase_site_ext	11.55	0.0	0.0
66	p0	0.75	0.0	0.0
66	p2	0.75	0.0	0.0
66	protein1	214.6	11.15	2.3858250999999995
66	protein2	179.0	11.2	2.3698742500000005
66	protein3	27.35	2.55	2.4441667
66	r2	9.9	0.0	0.0
66	rnapol	0.2	0.0	0.0
67	__protein1_rbs	6.1	0.0	0.0
67	__protein2_rbs	7.0	0.0	0.0
67	__protein3_rbs	1.65	0.0	0.0
67	__ribosome	41.7	0.0	0.0
67	__rnase_site_ext	11.65	0.0	0.0
67	p0	0.85	0.0	0.0
67	p2	0.7	0.0	0.0
67	protein1	219.9	11.5	2.34045785
67	protein2	183.85	11.2	2.33737115
67	protein3	28.35	2.55	2.3625
67	r2	10.1	0.0	0.0
67	rnapol	0.15	0.0	0.0
68	__protein1_rbs	6.65	0.0	0.0
68	__protein2_rbs	6.6	0.0	0.0
68	__protein3_rbs	1.25	0.0	0.0
68	__ribosome	41.35	0.0	0.0
68	__rnase_site_ext	11.75	0.0	0.0
68	p0	0.8	0.0	0.0
68	p2	0.8	0.0	0.0
68	protein1	224.05	11.65	2.3571697
68	protein2	188.9	11.2	2.30900345
68	protein3	29.8	2.45	inf
68	r2	10.15	0.0	0.0
68	rnapol	0.25	0.0	0.0
69	__protein1_rbs	6.05	0.0	0.0
69	__protein2_rbs	6.6	0.0	0.0
69	__protein3_rbs	1.05	0.0	0.0
69	__ribosome	41.85	0.0	0.0
69	__rnase_site_ext	11.8	0.0	0.0
69	p0	0.9	0.0	0.0
69	p2	0.55	0.0	0.0
69	protein1	230.25	11.7	2.2960049000000007
69	protein2	194.15	11.55	2.2259358
69	protein3	30.85	2.4	inf
69	r2	10.25	0.0	0.0
69	rnapol	0.2	0.0	0.0
70	__protein1_rbs	5.85	0.0	0.0
70	__protein2_rbs	5.85	0.0	0.0
70	__protein3_rbs	1.35	0.0	0.0
70	__ribosome	40.35	0.0	0.0
70	__rnase_site_ext	11.9	0.0	0.0
70	p0	0.75	0.0	0.0
70	p2	0.75	0.0	0.0
70	protein1	235.2	11.9	2.33934605
70	protein2	199.5	11.75	2.22693035
70	protein3	32.15	2.45	inf
70	r2	10.4	0.0	0.0
70	rnapol	0.25	0.0	0.0
71	__protein1_rbs	6.7	0.0	0.0
71	__protein2_rbs	6.1	0.0	0.0
71	__protein3_rbs	1.3	0.0	0.0
71	__ribosome	41.4	0.0	0.0
71	__rnase_site_ext	11.95	0.0	0.0
71	p0	0.75	0.0	0.0
71	p2	0.7	0.0	0.0
71	protein1	240.75	11.85	2.2828053
71	protein2	205.1	11.85	2.2046163
71	protein3	33.4	2.45	inf
71	r2	10.5	0.0	0.0
71	rnapol	0.15	0.0	0.0
72	__protein1_rbs	5.85	0.0	0.0
72	__protein2_rbs	6.5	0.0	0.0
72	__protein3_rbs	1.45	0.0	0.0
72	__ribosome	39.9	0.0	0.0
72	__rnase_site_ext	12.15	0.0	0.0
72	p0	0.85	0.0	0.0
72	p2	0.75	0.0	0.0
72	protein1	246.25	11.85	2.3375627000000003
72	protein2	209.45	11.75	2.31284155
72	protein3	34.45	2.5	inf
72	r2	10.6	0.0	0.0
72	rnapol	0.1	0.0	0.0
73	__protein1_rbs	6.7	0.0	0.0
73	__protein2_rbs	7.1	0.0	0.0
73	__protein3_rbs	1.15	0.0	0.0
73	__ribosome	40.3	0.0	0.0
73	__rnase_site_ext	12.2	0.0	0.0
73	p0	0.7	0.0	0.0
73	p2	0.8	0.0	0.0
73	protein1	251.1	12.1	2.27409175
73	protein2	214.75	12.0	2.23933895
73	protein3	36.0	2.55	2.3125000000000004
73	r2	10.75	0.0	0.0
73	rnapol	0.05	0.0	0.0
74	__protein1_rbs	6.05	0.0	0.0
74	__protein2_rbs	6.65	0.0	0.0
74	__protein3_rbs	1.55	0.0	0.0
74	__ribosome	39.3	0.0	0.0
74	__rnase_site_ext	12.05	0.0	0.0
74	p0	0.95	0.0	0.0
74	p2	0.7	0.0	0.0
74	protein1	257.0	12.0	2.28482185
74	protein2	219.35	12.2	2.30811235
74	protein3	36.95	2.55	2.325
74	r2	11.0	0.0	0.0
74	rnapol	0.2	0.0	0.0
75	__protein1_rbs	7.35	0.0	0.0
75	__protein2_rbs	6.75	0.0	0.0
75	__protein3_rbs	1.35	0.0	0.0
75	__ribosome	40.6	0.0	0.0
75	__rnase_site_ext	12.2	0.0	0.0
75	p0	0.8	0.0	0.0
75	p2	0.7	0.0	0.0
75	protein1	262.55	12.1	2.204348
75	protein2	225.55	12.35	2.2233813
75	protein3	38.1	2.55	2.3416666500000005
75	r2	11.05	0.0	0.0
75	rnapol	0.15	0.0	0.0
76	__protein1_rbs	6.5	0.0	0.0
76	__protein2_rbs	6.7	0.0	0.0
76	__protein3_rbs	1.65	0.0	0.0
76	__ribosome	39.65	0.0	0.0
76	__rnase_site_ext	12.25	0.0	0.0
76	p0	0.85	0.0	0.0
76	p2	0.7	0.0	0.0
76	protein1	267.4	12.05	2.2955311000000003
76	protein2	230.9	12.55	2.18201655
76	protein3	39.3	2.55	2.25
76	r2	11.15	0.0	0.0
76	rnapol	0.3	0.0	0.0
77	__protein1_rbs	6.4	0.0	0.0
77	__protein2_rbs	7.45	0.0	0.0
77	__protein3_rbs	1.6	0.0	0.0
77	__ribosome	40.0	0.0	0.0
77	__rnase_site_ext	12.6	0.0	0.0
77	p0	0.7	0.0	0.0
77	p2	0.85	0.0	0.0
77	protein1	273.05	12.15	2.2907507999999996
77	protein2	236.2	12.6	2.1735328000000003
77	protein3	40.4	2.55	2.2208333500000004
77	r2	11.25	0.0	0.0
77	rnapol	0.2	0.0	0.0
78	__protein1_rbs	6.95	0.0	0.0
78	__protein2_rbs	7.55	0.0	0.0
78	__protein3_rbs	1.3	0.0	0.0
78	__ribosome	39.6	0.0	0.0
78	__rnase_site_ext	12.7	0.0	0.0
78	p0	0.75	0.0	0.0
78	p2	0.8	0.0	0.0
78	protein1	278.5	12.4	2.25468185
78	protein2	241.25	12.7	2.1693412000000003
78	protein3	41.9	2.65	2.10833335
78	r2	11.45	0.0	0.0
78	rnapol	0.15	0.0	0.0
79	__protein1_rbs	7.25	0.0	0.0
79	__protein2_rbs	7.6	0.0	0.0
79	__protein3_rbs	1.35	0.0	0.0
79	__ribosome	39.05	0.0	0.0
79	__rnase_site_ext	12.8	0.0	0.0
79	p0	0.85	0.0	0.0
79	p2	0.75	0.0	0.0
79	protein1	284.15	12.6	2.1908113500000006
79	protein2	246.6	12.9	2.16780565
79	protein3	42.8	2.65	2.27916665
79	r2	11.75	0.0	0.0
79	rnapol	0.25	0.0	0.0
80	__protein1_rbs	7.1	0.0	0.0
80	__protein2_rbs	6.55	0.0	0.0
80	__protein3_rbs	1.7	0.0	0.0
80	__ribosome	37.55	0.0	0.0
80	__rnase_site_ext	13.05	0.0	0.0
80	p0	0.85	0.0	0.0
80	p2	0.5	0.0	0.0
80	protein1	289.25	12.7	2.2330350000000005
80	protein2	252.2	12.85	2.2225672999999997
80	protein3	44.0	2.75	2.1874999500000003
80	r2	11.85	0.0	0.0
80	rnapol	0.15	0.0	0.0
81	__protein1_rbs	7.3	0.0	0.0
81	__protein2_rbs	7.15	0.0	0.0
81	__protein3_rbs	1.55	0.0	0.0
81	__ribosome	38.25	0.0	0.0
81	__rnase_site_ext	13.15	0.0	0.0
81	p0	0.85	0.0	0.0
81	p2	0.6	0.0	0.0
81	protein1	294.95	13.0	2.153571800000001
81	protein2	258.15	12.95	2.1634149
81	protein3	45.0	2.8	2.19999995
81	r2	11.8	0.0	0.0
81	rnapol	0.15	0.0	0.0
82	__protein1_rbs	7.35	0.0	0.0
82	__protein2_rbs	7.6	0.0	0.0
82	__protein3_rbs	1.55	0.0	0.0
82	__ribosome	38.0	0.0	0.0
82	__rnase_site_ext	13.25	0.0	0.0
82	p0	0.85	0.0	0.0
82	p2	0.75	0.0	0.0
82	protein1	300.3	13.1	2.1748239000000003
82	protein2	263.8	13.05	2.1287507000000003
82	protein3	46.05	2.8	2.27083335
82	r2	11.8	0.0	0.0
82	rnapol	0.15	0.0	0.0
83	__protein1_rbs	6.65	0.0	0.0
83	__protein2_rbs	7.55	0.0	0.0
83	__protein3_rbs	1.3	0.0	0.0
83	__ribosome	36.35	0.0	0.0
83	__rnase_site_ext	13.4	0.0	0.0
83	p0	0.75	0.0	0.0
83	p2	0.7	0.0	0.0
83	protein1	306.1	13.15	2.22456955
83	protein2	269.2	13.2	2.15169335
83	protein3	47.3	2.8	2.4416667000000003
83	r2	11.95	0.0	0.0
83	rnapol	0.15	0.0	0.0
84	__protein1_rbs	7.25	0.0	0.0
84	__protein2_rbs	7.7	0.0	0.0
84	__protein3_rbs	1.55	0.0	0.0
84	__ribosome	35.85	0.0	0.0
84	__rnase_site_ext	13.4	0.0	0.0
84	p0	0.75	0.0	0.0
84	p2	0.85	0.0	0.0
84	protein1	311.85	13.15	2.2176983500000005
84	protein2	274.35	13.25	2.19243325
84	protein3	48.7	3.05	2.3625
84	r2	12.1	0.0	0.0
84	rnapol	0.15	0.0	0.0
85	__protein1_rbs	7.5	0.0	0.0
85	__protein2_rbs	7.55	0.0	0.0
85	__protein3_rbs	1.75	0.0	0.0
85	__ribosome	35.05	0.0	0.0
85	__rnase_site_ext	13.6	0.0	0.0
85	p0	0.8	0.0	0.0
85	p2	0.7	0.0	0.0
85	protein1	317.05	13.45	2.2172917999999995
85	protein2	280.05	13.25	2.1884053
85	protein3	50.0	3.15	2.1934524
85	r2	12.25	0.0	0.0
85	rnapol	0.1	0.0	0.0
86	__protein1_rbs	8.3	0.0	0.0
86	__protein2_rbs	8.2	0.0	0.0
86	__protein3_rbs	1.5	0.0	0.0
86	__ribosome	35.45	0.0	0.0
86	__rnase_site_ext	13.7	0.0	0.0
86	p0	0.9	0.0	0.0
86	p2	0.8	0.0	0.0
86	protein1	322.65	13.55	2.1738235500000003
86	protein2	286.35	13.5	2.11831915
86	protein3	51.2	3.15	2.3279762
86	r2	12.3	0.0	0.0
86	rnapol	0.3	0.0	0.0
87	__protein1_rbs	7.9	0.0	0.0
87	__protein2_rbs	7.85	0.0	0.0
87	__protein3_rbs	1.95	0.0	0.0
87	__ribosome	35.5	0.0	0.0
87	__rnase_site_ext	13.65	0.0	0.0
87	p0	0.85	0.0	0.0
87	p2	0.65	0.0	0.0
87	protein1	328.45	13.7	2.13996675
87	protein2	291.8	13.5	2.1163123
87	protein3	52.55	3.15	2.26726195
87	r2	12.45	0.0	0.0
87	rnapol	0.15	0.0	0.0
88	__protein1_rbs	7.8	0.0	0.0
88	__protein2_rbs	7.65	0.0	0.0
88	__protein3_rbs	1.75	0.0	0.0
88	__ribosome	35.15	0.0	0.0
88	__rnase_site_ext	13.95	0.0	0.0
88	p0	0.8	0.0	0.0
88	p2	0.8	0.0	0.0
88	protein1	334.5	13.6	2.12507515
88	protein2	297.3	13.55	2.1567062000000004
88	protein3	54.0	3.2	2.2697619
88	r2	12.35	0.0	0.0
88	rnapol	0.1	0.0	0.0
89	__protein1_rbs	7.75	0.0	0.0
89	__protein2_rbs	8.65	0.0	0.0
89	__protein3_rbs	1.75	0.0	0.0
89	__ribosome	36.7	0.0	0.0
89	__rnase_site_ext	13.9	0.0	0.0
89	p0	0.8	0.0	0.0
89	p2	0.65	0.0	0.0
89	protein1	340.8	13.8	2.0799349
89	protein2	303.25	13.75	2.060202399999999
89	protein3	55.55	3.25	2.1839286
89	r2	12.6	0.0	0.0
89	rnapol	0.25	0.0	0.0
90	__protein1_rbs	8.2	0.0	0.0
90	__protein2_rbs	7.65	0.0	0.0
90	__protein3_rbs	2.1	0.0	0.0
90	__ribosome	37.8	0.0	0.0
90	__rnase_site_ext	14.15	0.0	0.0
90	p0	0.8	0.0	0.0
90	p2	0.75	0.0	0.0
90	protein1	346.95	13.9	2.02755395
90	protein2	309.35	13.45	2.0957934499999995
90	protein3	57.05	3.25	2.12
90	r2	12.35	0.0	0.0
90	rnapol	0.25	0.0	0.0
91	__protein1_rbs	7.8	0.0	0.0
91	__protein2_rbs	7.3	0.0	0.0
91	__protein3_rbs	2.15	0.0	0.0
91	__ribosome	36.05	0.0	0.0
91	__rnase_site_ext	14.1	0.0	0.0
91	p0	0.9	0.0	0.0
91	p2	0.65	0.0	0.0
91	protein1	351.75	14.1	2.0812874500000005
91	protein2	314.65	13.5	2.1219027
91	protein3	58.45	3.3	2.0525
91	r2	12.45	0.0	0.0
91	rnapol	0.2	0.0	0.0
92	__protein1_rbs	7.9	0.0	0.0
92	__protein2_rbs	7.7	0.0	0.0
92	__protein3_rbs	1.85	0.0	0.0
92	__ribosome	35.2	0.0	0.0
92	__rnase_site_ext	14.3	0.0	0.0
92	p0	0.75	0.0	0.0
92	p2	0.75	0.0	0.0
92	protein1	357.55	14.1	2.1123149
92	protein2	320.4	13.55	2.1180147
92	protein3	59.65	3.3	2.13250005
92	r2	12.45	0.0	0.0
92	rnapol	0.1	0.0	0.0
93	__protein1_rbs	8.8	0.0	0.0
93	__protein2_rbs	8.05	0.0	0.0
93	__protein3_rbs	2.15	0.0	0.0
93	__ribosome	35.75	0.0	0.0
93	__rnase_site_ext	14.35	0.0	0.0
93	p0	0.9	0.0	0.0
93	p2	0.85	0.0	0.0
93	protein1	363.85	14.3	2.0393685
93	protein2	325.8	14.0	2.0857952499999994
93	protein3	61.2	3.4	1.9133333
93	r2	12.7	0.0	0.0
93	rnapol	0.15	0.0	0.0
94	__protein1_rbs	8.15	0.0	0.0
94	__protein2_rbs	7.7	0.0	0.0
94	__protein3_rbs	2.15	0.0	0.0
94	__ribosome	33.95	0.0	0.0
94	__rnase_site_ext	14.25	0.0	0.0
94	p0	0.9	0.0	0.0
94	p2	0.65	0.0	0.0
94	protein1	369.0	14.35	2.13841765
94	protein2	331.7	14.1	2.09981195
94	protein3	62.85	3.45	1.86583335
94	r2	12.55	0.0	0.0
94	rnapol	0.1	0.0	0.0
95	__protein1_rbs	8.6	0.0	0.0
95	__protein2_rbs	8.1	0.0	0.0
95	__protein3_rbs	2.25	0.0	0.0
95	__ribosome	33.65	0.0	0.0
95	__rnase_site_ext	14.3	0.0	0.0
95	p0	0.95	0.0	0.0
95	p2	0.8	0.0	0.0
95	protein1	375.05	14.3	2.1428743
95	protein2	337.4	14.3	2.0800096000000003
95	protein3	64.1	3.6	1.8158332999999998
95	r2	12.25	0.0	0.0
95	rnapol	0.25	0.0	0.0
96	__protein1_rbs	8.7	0.0	0.0
96	__protein2_rbs	8.45	0.0	0.0
96	__protein3_rbs	2.4	0.0	0.0
96	__ribosome	33.8	0.0	0.0
96	__rnase_site_ext	14.35	0.0	0.0
96	p0	0.65	0.0	0.0
96	p2	0.9	0.0	0.0
96	protein1	381.55	14.3	2.0875086500000006
96	protein2	342.9	14.4	2.10732905
96	protein3	65.25	3.55	1.83083335
96	r2	12.3	0.0	0.0
96	rnapol	0.05	0.0	0.0
97	__protein1_rbs	8.7	0.0	0.0
97	__protein2_rbs	9.25	0.0	0.0
97	__protein3_rbs	2.15	0.0	0.0
97	__ribosome	33.55	0.0	0.0
97	__rnase_site_ext	14.6	0.0	0.0
97	p0	0.95	0.0	0.0
97	p2	0.7	0.0	0.0
97	protein1	387.65	14.45	2.05505365
97	protein2	348.55	14.6	2.0820402
97	protein3	66.6	3.7	1.92
97	r2	12.6	0.0	0.0
97	rnapol	0.1	0.0	0.0
98	__protein1_rbs	8.5	0.0	0.0
98	__protein2_rbs	8.45	0.0	0.0
98	__protein3_rbs	2.2	0.0	0.0
98	__ribosome	33.25	0.0	0.0
98	__rnase_site_ext	14.65	0.0	0.0
98	p0	0.85	0.0	0.0
98	p2	0.65	0.0	0.0
98	protein1	393.25	14.55	2.0698677
98	protein2	355.05	14.7	2.05589395
98	protein3	67.9	3.55	2.095
98	r2	12.8	0.0	0.0
98	rnapol	0.15	0.0	0.0
99	__protein1_rbs	9.0	0.0	0.0
99	__protein2_rbs	9.0	0.0	0.0
99	__protein3_rbs	1.75	0.0	0.0
99	__ribosome	34.3	0.0	0.0
99	__rnase_site_ext	14.75	0.0	0.0
99	p0	0.75	0.0	0.0
99	p2	0.65	0.0	0.0
99	protein1	400.4	14.6	2.003936
99	protein2	361.35	14.95	2.0052749500000004
99	protein3	69.35	3.5	2.19249995
99	r2	12.75	0.0	0.0
99	rnapol	0.15	0.0	0.0
100	__protein1_rbs	9.1	0.0	0.0
100	__protein2_rbs	8.75	0.0	0.0
100	__protein3_rbs	2.2	0.0	0.0
100	__ribosome	34.4	0.0	0.0
100	__rnase_site_ext	15.0	0.0	0.0
100	p0	0.7	0.0	0.0
100	p2	0.75	0.0	0.0
100	protein1	405.95	14.75	1.9764451500000004
100	protein2	367.5	15.0	1.9893171000000005
100	protein3	70.75	3.5	2.15416665
100	r2	12.7	0.0	0.0
100	rnapol	0.25	0.0	0.0
101	__protein1_rbs	8.7	0.0	0.0
101	__protein2_rbs	8.7	0.0	0.0
101	__protein3_rbs	2.35	0.0	0.0
101	__ribosome	33.7	0.0	0.0
101	__rnase_site_ext	15.1	0.0	0.0
101	p0	0.8	0.0	0.0
101	p2	0.75	0.0	0.0
101	protein1	411.85	14.85	1.9938006999999998
101	protein2	373.85	15.1	1.99858195
101	protein3	72.3	3.55	1.9966666500000003
101	r2	12.9	0.0	0.0
101	rnapol	0.2	0.0	0.0
102	__protein1_rbs	9.3	0.0	0.0
102	__protein2_rbs	8.65	0.0	0.0
102	__protein3_rbs	1.95	0.0	0.0
102	__ribosome	32.85	0.0	0.0
102	__rnase_site_ext	14.95	0.0	0.0
102	p0	0.8	0.0	0.0
102	p2	0.8	0.0	0.0
102	protein1	417.75	15.05	1.9913216
102	protein2	379.8	15.25	2.01687575
102	protein3	73.9	3.65	2.0108333499999995
102	r2	13.05	0.0	0.0
102	rnapol	0.15	0.0	0.0
103	__protein1_rbs	8.95	0.0	0.0
103	__protein2_rbs	8.85	0.0	0.0
103	__protein3_rbs	2.2	0.0	0.0
103	__ribosome	31.0	0.0	0.0
103	__rnase_site_ext	15.05	0.0	0.0
103	p0	0.8	0.0	0.0
103	p2	0.7	0.0	0.0
103	protein1	423.95	15.15	1.9877672
103	protein2	385.4	15.3	2.09604895
103	protein3	74.95	3.6	2.1525000000000003
103	r2	13.1	0.0	0.0
103	rnapol	0.15	0.0	0.0
104	__protein1_rbs	9.75	0.0	0.0
104	__protein2_rbs	9.8	0.0	0.0
104	__protein3_rbs	2.3	0.0	0.0
104	__ribosome	32.0	0.0	0.0
104	__rnase_site_ext	15.05	0.0	0.0
104	p0	0.9	0.0	0.0
104	p2	0.65	0.0	0.0
104	protein1	430.0	15.1	1.99125075
104	protein2	391.75	15.4	2.0498847
104	protein3	76.7	3.65	2.03
104	r2	13.25	0.0	0.0
104	rnapol	0.15	0.0	0.0
105	__protein1_rbs	8.65	0.0	0.0
105	__protein2_rbs	9.4	0.0	0.0
105	__protein3_rbs	2.1	0.0	0.0
105	__ribosome	30.85	0.0	0.0
105	__rnase_site_ext	15.15	0.0	0.0
105	p0	0.8	0.0	0.0
105	p2	0.8	0.0	0.0
105	protein1	435.8	15.05	2.0447386999999995
105	protein2	398.05	15.55	2.0321386
105	protein3	78.05	3.6	2.16999995
105	r2	13.35	0.0	0.0
105	rnapol	0.2	0.0	0.0
106	__protein1_rbs	9.5	0.0	0.0
106	__protein2_rbs	9.3	0.0	0.0
106	__protein3_rbs	2.2	0.0	0.0
106	__ribosome	31.75	0.0	0.0
106	__rnase_site_ext	15.1	0.0	0.0
106	p0	0.9	0.0	0.0
106	p2	0.6	0.0	0.0
106	protein1	442.25	15.05	2.016199250000001
106	protein2	404.75	15.55	2.01552915
106	protein3	79.7	3.65	2.13499995
106	r2	13.6	0.0	0.0
106	rnapol	0.2	0.0	0.0
107	__protein1_rbs	9.2	0.0	0.0
107	__protein2_rbs	9.4	0.0	0.0
107	__protein3_rbs	2.0	0.0	0.0
107	__ribosome	31.5	0.0	0.0
107	__rnase_site_ext	15.3	0.0	0.0
107	p0	0.75	0.0	0.0
107	p2	0.75	0.0	0.0
107	protein1	448.35	15.1	1.985871
107	protein2	411.2	15.6	2.0237148
107	protein3	81.2	3.7	2.04
107	r2	13.8	0.0	0.0
107	rnapol	0.2	0.0	0.0
108	__protein1_rbs	8.65	0.0	0.0
108	__protein2_rbs	9.25	0.0	0.0
108	__protein3_rbs	2.45	0.0	0.0
108	__ribosome	31.35	0.0	0.0
108	__rnase_site_ext	15.2	0.0	0.0
108	p0	0.8	0.0	0.0
108	p2	0.75	0.0	0.0
108	protein1	454.5	15.15	2.0226103
108	protein2	417.9	15.8	1.98610925
108	protein3	82.75	3.75	1.94000005
108	r2	13.95	0.0	0.0
108	rnapol	0.15	0.0	0.0
109	__protein1_rbs	7.9	0.0	0.0
109	__protein2_rbs	9.25	0.0	0.0
109	__protein3_rbs	2.2	0.0	0.0
109	__ribosome	29.8	0.0	0.0
109	__rnase_site_ext	15.3	0.0	0.0
109	p0	0.9	0.0	0.0
109	p2	0.85	0.0	0.0
109	protein1	460.8	15.1	2.09315765
109	protein2	424.25	15.8	2.00424025
109	protein3	84.25	3.85	1.9308332500000005
109	r2	14.05	0.0	0.0
109	rnapol	0.25	0.0	0.0
110	__protein1_rbs	9.4	0.0	0.0
110	__protein2_rbs	9.8	0.0	0.0
110	__protein3_rbs	2.3	0.0	0.0
110	__ribosome	29.55	0.0	0.0
110	__rnase_site_ext	15.4	0.0	0.0
110	p0	0.9	0.0	0.0
110	p2	0.75	0.0	0.0
110	protein1	467.2	15.2	2.044073
110	protein2	430.35	16.0	2.0039548
110	protein3	85.55	4.0	1.93511905
110	r2	14.1	0.0	0.0
110	rnapol	0.2	0.0	0.0
111	__protein1_rbs	9.7	0.0	0.0
111	__protein2_rbs	9.95	0.0	0.0
111	__protein3_rbs	2.75	0.0	0.0
111	__ribosome	29.35	0.0	0.0
111	__rnase_site_ext	15.35	0.0	0.0
111	p0	0.7	0.0	0.0
111	p2	0.85	0.0	0.0
111	protein1	473.3	15.2	2.0530286
111	protein2	436.5	16.15	2.0205452500000005
111	protein3	87.25	4.0	1.8236904
111	r2	14.2	0.0	0.0
111	rnapol	0.2	0.0	0.0
112	__protein1_rbs	9.6	0.0	0.0
112	__protein2_rbs	10.15	0.0	0.0
112	__protein3_rbs	2.25	0.0	0.0
112	__ribosome	30.35	0.0	0.0
112	__rnase_site_ext	15.55	0.0	0.0
112	p0	0.85	0.0	0.0
112	p2	0.65	0.0	0.0
112	protein1	478.95	15.3	2.0488722000000004
112	protein2	443.8	16.2	1.9367811999999998
112	protein3	88.85	3.95	1.9675
112	r2	14.35	0.0	0.0
112	rnapol	0.2	0.0	0.0
113	__protein1_rbs	9.8	0.0	0.0
113	__protein2_rbs	9.85	0.0	0.0
113	__protein3_rbs	2.65	0.0	0.0
113	__ribosome	30.95	0.0	0.0
113	__rnase_site_ext	15.7	0.0	0.0
113	p0	0.75	0.0	0.0
113	p2	0.8	0.0	0.0
113	protein1	485.8	15.45	1.9782502
113	protein2	450.25	16.35	1.9174762000000003
113	protein3	90.25	3.95	2.0527381
113	r2	14.4	0.0	0.0
113	rnapol	0.15	0.0	0.0
114	__protein1_rbs	9.3	0.0	0.0
114	__protein2_rbs	10.15	0.0	0.0
114	__protein3_rbs	2.0	0.0	0.0
114	__ribosome	31.1	0.0	0.0
114	__rnase_site_ext	15.75	0.0	0.0
114	p0	0.9	0.0	0.0
114	p2	0.9	0.0	0.0
114	protein1	492.6	15.55	1.95389795
114	protein2	456.9	16.4	1.90030865
114	protein3	91.95	3.95	2.14988095
114	r2	14.7	0.0	0.0
114	rnapol	0.3	0.0	0.0
115	__protein1_rbs	9.65	0.0	0.0
115	__protein2_rbs	10.45	0.0	0.0
115	__protein3_rbs	2.5	0.0	0.0
115	__ribosome	31.15	0.0	0.0
115	__rnase_site_ext	15.7	0.0	0.0
115	p0	0.7	0.0	0.0
115	p2	0.55	0.0	0.0
115	protein1	498.8	15.7	1.9235702
115	protein2	463.15	16.45	1.90745765
115	protein3	93.7	4.05	2.0528572
115	r2	14.8	0.0	0.0
115	rnapol	0.2	0.0	0.0
116	__protein1_rbs	8.95	0.0	0.0
116	__protein2_rbs	10.45	0.0	0.0
116	__protein3_rbs	2.5	0.0	0.0
116	__ribosome	30.5	0.0	0.0
116	__rnase_site_ext	15.85	0.0	0.0
116	p0	0.6	0.0	0.0
116	p2	0.65	0.0	0.0
116	protein1	505.0	15.6	1.97258375
116	protein2	469.5	16.55	1.88448525
116	protein3	95.05	4.1	2.10035715
116	r2	14.95	0.0	0.0
116	rnapol	0.25	0.0	0.0
117	__protein1_rbs	9.1	0.0	0.0
117	__protein2_rbs	10.15	0.0	0.0
117	__protein3_rbs	2.3	0.0	0.0
117	__ribosome	29.6	0.0	0.0
117	__rnase_site_ext	16.1	0.0	0.0
117	p0	0.75	0.0	0.0
117	p2	0.65	0.0	0.0
117	protein1	510.9	15.75	2.02435385
117	protein2	476.35	16.5	1.87448055
117	protein3	96.85	4.05	2.07130955
117	r2	15.0	0.0	0.0
117	rnapol	0.15	0.0	0.0
118	__protein1_rbs	10.5	0.0	0.0
118	__protein2_rbs	9.8	0.0	0.0
118	__protein3_rbs	2.6	0.0	0.0
118	__ribosome	29.3	0.0	0.0
118	__rnase_site_ext	16.15	0.0	0.0
118	p0	0.85	0.0	0.0
118	p2	0.85	0.0	0.0
118	protein1	517.35	15.95	1.95099415
118	protein2	482.15	16.45	1.9539114
118	protein3	98.25	4.05	2.07666665
118	r2	14.9	0.0	0.0
118	rnapol	0.1	0.0	0.0
119	__protein1_rbs	10.15	0.0	0.0
119	__protein2_rbs	11.15	0.0	0.0
119	__protein3_rbs	2.7	0.0	0.0
119	__ribosome	29.8	0.0	0.0
119	__rnase_site_ext	16.05	0.0	0.0
119	p0	0.9	0.0	0.0
119	p2	0.75	0.0	0.0
119	protein1	523.55	16.2	1.93869425
119	protein2	488.05	16.55	1.91364325
119	protein3	99.95	4.1	1.97023815
119	r2	14.9	0.0	0.0
119	rnapol	0.05	0.0	0.0
120	__protein1_rbs	9.4	0.0	0.0
120	__protein2_rbs	10.15	0.0	0.0
120	__protein3_rbs	2.4	0.0	0.0
120	__ribosome	29.3	0.0	0.0
120	__rnase_site_ext	16.0	0.0	0.0
120	p0	0.8	0.0	0.0
120	p2	0.95	0.0	0.0
120	protein1	529.75	16.0	2.01360195
120	protein2	494.8	16.7	1.8929553
120	protein3	102.1	4.15	1.8923810000000003
120	r2	15.0	0.0	0.0
120	rnapol	0.15	0.0	0.0
121	__protein1_rbs	10.1	0.0	0.0
121	__protein2_rbs	10.6	0.0	0.0
121	__protein3_rbs	2.4	0.0	0.0
121	__ribosome	30.25	0.0	0.0
121	__rnase_site_ext	16.05	0.0	0.0
121	p0	0.9	0.0	0.0
121	p2	0.7	0.0	0.0
121	protein1	536.65	15.95	1.96899075
121	protein2	501.5	16.6	1.87412065
121	protein3	103.55	4.25	1.91535715
121	r2	15.2	0.0	0.0
121	rnapol	0.15	0.0	0.0
122	__protein1_rbs	10.05	0.0	0.0
122	__protein2_rbs	9.9	0.0	0.0
122	__protein3_rbs	2.7	0.0	0.0
122	__ribosome	29.9	0.0	0.0
122	__rnase_site_ext	16.05	0.0	0.0
122	p0	0.8	0.0	0.0
122	p2	0.65	0.0	0.0
122	protein1	543.4	15.95	1.9405512000000005
122	protein2	507.95	16.9	1.8811168
122	protein3	105.15	4.2	1.9503571500000003
122	r2	15.25	0.0	0.0
122	rnapol	0.15	0.0	0.0
123	__protein1_rbs	10.6	0.0	0.0
123	__protein2_rbs	10.45	0.0	0.0
123	__protein3_rbs	2.6	0.0	0.0
123	__ribosome	29.4	0.0	0.0
123	__rnase_site_ext	16.2	0.0	0.0
123	p0	0.8	0.0	0.0
123	p2	0.85	0.0	0.0
123	protein1	549.05	16.0	1.9568637
123	protein2	514.65	17.0	1.8555000000000004
123	protein3	106.55	4.2	2.04750005
123	r2	15.35	0.0	0.0
123	rnapol	0.15	0.0	0.0
124	__protein1_rbs	9.65	0.0	0.0
124	__protein2_rbs	10.95	0.0	0.0
124	__protein3_rbs	2.4	0.0	0.0
124	__ribosome	29.2	0.0	0.0
124	__rnase_site_ext	16.1	0.0	0.0
124	p0	0.95	0.0	0.0
124	p2	0.85	0.0	0.0
124	protein1	555.9	16.15	1.9250578
124	protein2	520.95	17.05	1.8666169
124	protein3	108.1	4.15	2.0316666500000005
124	r2	15.5	0.0	0.0
124	rnapol	0.25	0.0	0.0
125	__protein1_rbs	10.3	0.0	0.0
125	__protein2_rbs	10.55	0.0	0.0
125	__protein3_rbs	1.85	0.0	0.0
125	__ribosome	29.2	0.0	0.0
125	__rnase_site_ext	16.3	0.0	0.0
125	p0	0.8	0.0	0.0
125	p2	0.6	0.0	0.0
125	protein1	562.8	16.1	1.86705705
125	protein2	527.0	17.1	1.9029897
125	protein3	110.0	4.15	2.0908333000000003
125	r2	15.55	0.0	0.0
125	rnapol	0.3	0.0	0.0
126	__protein1_rbs	9.85	0.0	0.0
126	__protein2_rbs	11.2	0.0	0.0
126	__protein3_rbs	2.5	0.0	0.0
126	__ribosome	30.2	0.0	0.0
126	__rnase_site_ext	16.2	0.0	0.0
126	p0	0.7	0.0	0.0
126	p2	0.75	0.0	0.0
126	protein1	569.4	16.2	1.82772715
126	protein2	533.95	17.35	1.85061025
126	protein3	111.85	4.15	1.9925
126	r2	15.75	0.0	0.0
126	rnapol	0.3	0.0	0.0
127	__protein1_rbs	10.2	0.0	0.0
127	__protein2_rbs	10.5	0.0	0.0
127	__protein3_rbs	2.35	0.0	0.0
127	__ribosome	28.8	0.0	0.0
127	__rnase_site_ext	16.5	0.0	0.0
127	p0	0.7	0.0	0.0
127	p2	0.65	0.0	0.0
127	protein1	575.05	16.15	1.8682265
127	protein2	540.8	17.25	1.8948636000000003
127	protein3	113.35	4.05	2.0874999499999998
127	r2	15.7	0.0	0.0
127	rnapol	0.15	0.0	0.0
128	__protein1_rbs	10.5	0.0	0.0
128	__protein2_rbs	11.4	0.0	0.0
128	__protein3_rbs	2.85	0.0	0.0
128	__ribosome	29.6	0.0	0.0
128	__rnase_site_ext	16.55	0.0	0.0
128	p0	0.9	0.0	0.0
128	p2	0.7	0.0	0.0
128	protein1	581.35	16.4	1.8585808500000005
128	protein2	547.65	17.25	1.8772065
128	protein3	115.05	4.05	2.0041667000000003
128	r2	15.75	0.0	0.0
128	rnapol	0.25	0.0	0.0
129	__protein1_rbs	10.45	0.0	0.0
129	__protein2_rbs	10.7	0.0	0.0
129	__protein3_rbs	2.8	0.0	0.0
129	__ribosome	29.5	0.0	0.0
129	__rnase_site_ext	16.55	0.0	0.0
129	p0	0.9	0.0	0.0
129	p2	0.65	0.0	0.0
129	protein1	587.75	16.5	1.8545251
129	protein2	554.5	17.25	1.8928895
129	protein3	116.9	4.15	1.8239286
129	r2	15.85	0.0	0.0
129	rnapol	0.3	0.0	0.0
130	__protein1_rbs	10.1	0.0	0.0
130	__protein2_rbs	10.5	0.0	0.0
130	__protein3_rbs	2.5	0.0	0.0
130	__ribosome	27.7	0.0	0.0
130	__rnase_site_ext	16.6	0.0	0.0
130	p0	0.75	0.0	0.0
130	p2	0.75	0.0	0.0
130	protein1	593.65	16.5	1.90081545
130	protein2	560.9	17.2	1.9568096
130	protein3	118.65	4.15	1.8247619
130	r2	15.8	0.0	0.0
130	rnapol	0.35	0.0	0.0
131	__protein1_rbs	9.55	0.0	0.0
131	__protein2_rbs	11.3	0.0	0.0
131	__protein3_rbs	3.0	0.0	0.0
131	__ribosome	27.5	0.0	0.0
131	__rnase_site_ext	16.85	0.0	0.0
131	p0	0.75	0.0	0.0
131	p2	0.6	0.0	0.0
131	protein1	599.55	16.5	1.98038525
131	protein2	567.75	17.2	1.9196735
131	protein3	120.35	4.3	1.67452375
131	r2	15.75	0.0	0.0
131	rnapol	0.25	0.0	0.0
132	__protein1_rbs	10.2	0.0	0.0
132	__protein2_rbs	11.2	0.0	0.0
132	__protein3_rbs	2.8	0.0	0.0
132	__ribosome	28.85	0.0	0.0
132	__rnase_site_ext	16.9	0.0	0.0
132	p0	0.8	0.0	0.0
132	p2	0.85	0.0	0.0
132	protein1	606.8	16.65	1.9368098000000002
132	protein2	574.9	17.3	1.8729371
132	protein3	122.2	4.35	1.6252381500000002
132	r2	15.75	0.0	0.0
132	rnapol	0.2	0.0	0.0
133	__protein1_rbs	10.65	0.0	0.0
133	__protein2_rbs	10.65	0.0	0.0
133	__protein3_rbs	2.85	0.0	0.0
133	__ribosome	28.15	0.0	0.0
133	__rnase_site_ext	16.95	0.0	0.0
133	p0	0.9	0.0	0.0
133	p2	0.7	0.0	0.0
133	protein1	613.2	16.7	1.8997186000000001
133	protein2	581.6	17.45	1.8998538
133	protein3	123.6	4.45	1.6158333500000002
133	r2	15.95	0.0	0.0
133	rnapol	0.0	0.0	0.0
134	__protein1_rbs	10.9	0.0	0.0
134	__protein2_rbs	11.5	0.0	0.0
134	__protein3_rbs	2.95	0.0	0.0
134	__ribosome	28.4	0.0	0.0
134	__rnase_site_ext	16.95	0.0	0.0
134	p0	0.8	0.0	0.0
134	p2	0.9	0.0	0.0
134	protein1	619.75	16.8	1.9073508
134	protein2	588.55	17.5	1.8578606
134	protein3	125.05	4.35	1.7232142999999998
134	r2	15.9	0.0	0.0
134	rnapol	0.2	0.0	0.0
135	__protein1_rbs	10.65	0.0	0.0
135	__protein2_rbs	10.75	0.0	0.0
135	__protein3_rbs	2.3	0.0	0.0
135	__ribosome	28.75	0.0	0.0
135	__rnase_site_ext	17.05	0.0	0.0
135	p0	0.8	0.0	0.0
135	p2	0.85	0.0	0.0
135	protein1	626.85	16.85	1.87100435
135	protein2	595.5	17.65	1.8322442500000005
135	protein3	126.6	4.35	1.85559525
135	r2	16.05	0.0	0.0
135	rnapol	0.1	0.0	0.0
136	__protein1_rbs	10.6	0.0	0.0
136	__protein2_rbs	10.6	0.0	0.0
136	__protein3_rbs	2.6	0.0	0.0
136	__ribosome	27.4	0.0	0.0
136	__rnase_site_ext	16.9	0.0	0.0
136	p0	0.9	0.0	0.0
136	p2	0.7	0.0	0.0
136	protein1	633.6	16.9	1.84916345
136	protein2	601.75	17.75	1.89487735
136	protein3	128.1	4.4	1.9084524
136	r2	16.05	0.0	0.0
136	rnapol	0.15	0.0	0.0
137	__protein1_rbs	11.2	0.0	0.0
137	__protein2_rbs	11.2	0.0	0.0
137	__protein3_rbs	2.55	0.0	0.0
137	__ribosome	28.0	0.0	0.0
137	__rnase_site_ext	16.85	0.0	0.0
137	p0	0.6	0.0	0.0
137	p2	0.7	0.0	0.0
137	protein1	640.1	16.85	1.82596355
137	protein2	608.85	17.6	1.8890847
137	protein3	130.0	4.35	1.9444048
137	r2	16.05	0.0	0.0
137	rnapol	0.1	0.0	0.0
138	__protein1_rbs	10.4	0.0	0.0
138	__protein2_rbs	10.95	0.0	0.0
138	__protein3_rbs	2.9	0.0	0.0
138	__ribosome	28.45	0.0	0.0
138	__rnase_site_ext	16.85	0.0	0.0
138	p0	1.0	0.0	0.0
138	p2	0.8	0.0	0.0
138	protein1	646.85	16.65	1.8393128
138	protein2	616.0	17.5	1.88062605
138	protein3	131.45	4.3	1.9345238
138	r2	15.95	0.0	0.0
138	rnapol	0.35	0.0	0.0
139	__protein1_rbs	11.4	0.0	0.0
139	__protein2_rbs	11.2	0.0	0.0
139	__protein3_rbs	2.9	0.0	0.0
139	__ribosome	28.3	0.0	0.0
139	__rnase_site_ext	17.0	0.0	0.0
139	p0	0.7	0.0	0.0
139	p2	0.65	0.0	0.0
139	protein1	652.9	16.75	1.80573705
139	protein2	622.5	17.75	1.8896778500000004
139	protein3	133.25	4.25	1.90202385
139	r2	16.35	0.0	0.0
139	rnapol	0.2	0.0	0.0
140	__protein1_rbs	10.9	0.0	0.0
140	__protein2_rbs	11.4	0.0	0.0
140	__protein3_rbs	2.9	0.0	0.0
140	__ribosome	29.2	0.0	0.0
140	__rnase_site_ext	17.1	0.0	0.0
140	p0	0.7	0.0	0.0
140	p2	0.6	0.0	0.0
140	protein1	659.8	16.95	1.7732328000000002
140	protein2	629.85	17.95	1.85439
140	protein3	135.15	4.3	1.83607145
140	r2	16.4	0.0	0.0
140	rnapol	0.25	0.0	0.0
141	__protein1_rbs	10.65	0.0	0.0
141	__protein2_rbs	11.4	0.0	0.0
141	__protein3_rbs	2.7	0.0	0.0
141	__ribosome	28.45	0.0	0.0
141	__rnase_site_ext	17.15	0.0	0.0
141	p0	0.65	0.0	0.0
141	p2	0.75	0.0	0.0
141	protein1	666.2	16.95	1.80349395
141	protein2	636.8	17.95	1.8704802
141	protein3	136.95	4.35	1.8125
141	r2	16.45	0.0	0.0
141	rnapol	0.2	0.0	0.0
142	__protein1_rbs	10.45	0.0	0.0
142	__protein2_rbs	11.85	0.0	0.0
142	__protein3_rbs	3.05	0.0	0.0
142	__ribosome	28.15	0.0	0.0
142	__rnase_site_ext	17.35	0.0	0.0
142	p0	0.9	0.0	0.0
142	p2	0.85	0.0	0.0
142	protein1	672.45	17.05	1.8260365
142	protein2	643.35	17.95	1.87406065
142	protein3	138.7	4.35	1.7348809999999997
142	r2	16.3	0.0	0.0
142	rnapol	0.2	0.0	0.0
143	__protein1_rbs	11.05	0.0	0.0
143	__protein2_rbs	11.05	0.0	0.0
143	__protein3_rbs	2.75	0.0	0.0
143	__ribosome	28.1	0.0	0.0
143	__rnase_site_ext	17.4	0.0	0.0
143	p0	0.8	0.0	0.0
143	p2	0.75	0.0	0.0
143	protein1	679.25	17.2	1.7993015
143	protein2	650.6	18.0	1.88729675
143	protein3	140.5	4.35	1.7227380500000002
143	r2	16.35	0.0	0.0
143	rnapol	0.05	0.0	0.0
144	__protein1_rbs	11.4	0.0	0.0
144	__protein2_rbs	11.55	0.0	0.0
144	__protein3_rbs	2.5	0.0	0.0
144	__ribosome	27.9	0.0	0.0
144	__rnase_site_ext	17.5	0.0	0.0
144	p0	0.9	0.0	0.0
144	p2	0.65	0.0	0.0
144	protein1	685.6	17.3	1.7983131
144	protein2	657.7	18.15	1.85141235
144	protein3	142.0	4.3	1.87226195
144	r2	16.55	0.0	0.0
144	rnapol	0.15	0.0	0.0
145	__protein1_rbs	11.0	0.0	0.0
145	__protein2_rbs	10.85	0.0	0.0
145	__protein3_rbs	2.7	0.0	0.0
145	__ribosome	27.1	0.0	0.0
145	__rnase_site_ext	17.6	0.0	0.0
145	p0	0.8	0.0	0.0
145	p2	0.75	0.0	0.0
145	protein1	692.0	17.4	1.80671155
145	protein2	664.9	18.2	1.8635949
145	protein3	143.6	4.3	1.9294048
145	r2	16.5	0.0	0.0
145	rnapol	0.3	0.0	0.0
146	__protein1_rbs	10.75	0.0	0.0
146	__protein2_rbs	11.5	0.0	0.0
146	__protein3_rbs	2.35	0.0	0.0
146	__ribosome	27.35	0.0	0.0
146	__rnase_site_ext	17.7	0.0	0.0
146	p0	0.7	0.0	0.0
146	p2	0.85	0.0	0.0
146	protein1	698.55	17.45	1.83060725
146	protein2	672.5	18.15	1.83133475
146	protein3	145.35	4.3	1.9739285500000008
146	r2	16.6	0.0	0.0
146	rnapol	0.2	0.0	0.0
147	__protein1_rbs	11.2	0.0	0.0
147	__protein2_rbs	11.1	0.0	0.0
147	__protein3_rbs	2.55	0.0	0.0
147	__ribosome	26.85	0.0	0.0
147	__rnase_site_ext	17.65	0.0	0.0
147	p0	0.85	0.0	0.0
147	p2	0.7	0.0	0.0
147	protein1	706.15	17.7	1.75568645
147	protein2	679.45	18.3	1.86150815
147	protein3	146.65	4.35	2.0445238000000003
147	r2	16.6	0.0	0.0
147	rnapol	0.1	0.0	0.0
148	__protein1_rbs	12.2	0.0	0.0
148	__protein2_rbs	11.5	0.0	0.0
148	__protein3_rbs	2.95	0.0	0.0
148	__ribosome	27.25	0.0	0.0
148	__rnase_site_ext	17.65	0.0	0.0
148	p0	0.95	0.0	0.0
148	p2	0.65	0.0	0.0
148	protein1	711.95	17.6	1.77174095
148	protein2	686.65	18.45	1.8518999000000005
148	protein3	148.6	4.35	1.9065476000000003
148	r2	16.5	0.0	0.0
148	rnapol	0.05	0.0	0.0
149	__protein1_rbs	10.65	0.0	0.0
149	__protein2_rbs	11.4	0.0	0.0
149	__protein3_rbs	2.45	0.0	0.0
149	__ribosome	25.45	0.0	0.0
149	__rnase_site_ext	17.65	0.0	0.0
149	p0	0.9	0.0	0.0
149	p2	0.8	0.0	0.0
149	protein1	718.5	17.6	1.80859255
149	protein2	693.45	18.55	1.87942575
149	protein3	150.4	4.3	1.96726185
149	r2	16.6	0.0	0.0
149	rnapol	0.2	0.0	0.0
150	__protein1_rbs	11.2	0.0	0.0
150	__protein2_rbs	11.4	0.0	0.0
150	__protein3_rbs	3.15	0.0	0.0
150	__ribosome	24.85	0.0	0.0
150	__rnase_site_ext	17.65	0.0	0.0
150	p0	0.85	0.0	0.0
150	p2	0.75	0.0	0.0
150	protein1	725.45	17.55	1.7952430499999998
150	protein2	700.2	18.8	1.90588965
150	protein3	151.8	4.25	2.1646428500000003
150	r2	16.6	0.0	0.0
150	rnapol	0.35	0.0	0.0
151	__protein1_rbs	11.45	0.0	0.0
151	__protein2_rbs	11.6	0.0	0.0
151	__protein3_rbs	2.75	0.0	0.0
151	__ribosome	25.85	0.0	0.0
151	__rnase_site_ext	17.8	0.0	0.0
151	p0	0.7	0.0	0.0
151	p2	0.7	0.0	0.0
151	protein1	732.4	17.55	1.7835739999999998
151	protein2	708.3	18.75	1.8796555
151	protein3	153.7	4.35	2.0708333
151	r2	16.75	0.0	0.0
151	rnapol	0.15	0.0	0.0
152	__protein1_rbs	11.45	0.0	0.0
152	__protein2_rbs	11.4	0.0	0.0
152	__protein3_rbs	2.7	0.0	0.0
152	__ribosome	24.8	0.0	0.0
152	__rnase_site_ext	17.75	0.0	0.0
152	p0	0.9	0.0	0.0
152	p2	0.7	0.0	0.0
152	protein1	738.05	17.65	1.8256263
152	protein2	715.55	18.5	1.92025305
152	protein3	155.5	4.3	2.0679762
152	r2	16.85	0.0	0.0
152	rnapol	0.2	0.0	0.0
153	__protein1_rbs	12.2	0.0	0.0
153	__protein2_rbs	11.25	0.0	0.0
153	__protein3_rbs	2.9	0.0	0.0
153	__ribosome	26.25	0.0	0.0
153	__rnase_site_ext	17.9	0.0	0.0
153	p0	0.75	0.0	0.0
153	p2	0.7	0.0	0.0
153	protein1	745.4	17.75	1.73080995
153	protein2	722.7	18.65	1.93048295
153	protein3	157.5	4.2	1.91761905
153	r2	17.05	0.0	0.0
153	rnapol	0.1	0.0	0.0
154	__protein1_rbs	11.1	0.0	0.0
154	__protein2_rbs	11.75	0.0	0.0
154	__protein3_rbs	2.3	0.0	0.0
154	__ribosome	26.0	0.0	0.0
154	__rnase_site_ext	18.0	0.0	0.0
154	p0	0.85	0.0	0.0
154	p2	0.65	0.0	0.0
154	protein1	752.45	17.75	1.73097125
154	protein2	730.2	18.95	1.90083785
154	protein3	159.15	4.2	inf
154	r2	17.25	0.0	0.0
154	rnapol	0.15	0.0	0.0
155	__protein1_rbs	10.75	0.0	0.0
155	__protein2_rbs	12.3	0.0	0.0
155	__protein3_rbs	2.5	0.0	0.0
155	__ribosome	25.85	0.0	0.0
155	__rnase_site_ext	18.05	0.0	0.0
155	p0	0.85	0.0	0.0
155	p2	0.65	0.0	0.0
155	protein1	758.45	17.9	1.7899528499999997
155	protein2	737.75	18.65	1.8643709
155	protein3	160.7	4.2	inf
155	r2	17.35	0.0	0.0
155	rnapol	0.15	0.0	0.0
156	__protein1_rbs	12.05	0.0	0.0
156	__protein2_rbs	11.5	0.0	0.0
156	__protein3_rbs	2.85	0.0	0.0
156	__ribosome	27.5	0.0	0.0
156	__rnase_site_ext	18.0	0.0	0.0
156	p0	0.65	0.0	0.0
156	p2	0.75	0.0	0.0
156	protein1	765.95	18.0	1.72881425
156	protein2	745.95	18.8	1.8122838
156	protein3	162.3	4.25	inf
156	r2	17.3	0.0	0.0
156	rnapol	0.1	0.0	0.0
157	__protein1_rbs	11.45	0.0	0.0
157	__protein2_rbs	11.4	0.0	0.0
157	__protein3_rbs	2.45	0.0	0.0
157	__ribosome	25.9	0.0	0.0
157	__rnase_site_ext	17.95	0.0	0.0
157	p0	0.8	0.0	0.0
157	p2	0.8	0.0	0.0
157	protein1	771.75	18.0	1.7909584000000005
157	protein2	753.7	18.8	1.80316425
157	protein3	163.85	4.2	1.90071435
157	r2	17.3	0.0	0.0
157	rnapol	0.2	0.0	0.0
158	__protein1_rbs	12.2	0.0	0.0
158	__protein2_rbs	12.3	0.0	0.0
158	__protein3_rbs	3.05	0.0	0.0
158	__ribosome	26.35	0.0	0.0
158	__rnase_site_ext	17.8	0.0	0.0
158	p0	0.9	0.0	0.0
158	p2	0.7	0.0	0.0
158	protein1	778.6	17.9	1.7815028999999998
158	protein2	760.0	18.7	1.8402671999999998
158	protein3	165.65	4.25	1.7327381000000002
158	r2	17.4	0.0	0.0
158	rnapol	0.15	0.0	0.0
159	__protein1_rbs	11.3	0.0	0.0
159	__protein2_rbs	12.1	0.0	0.0
159	__protein3_rbs	2.65	0.0	0.0
159	__ribosome	26.25	0.0	0.0
159	__rnase_site_ext	17.75	0.0	0.0
159	p0	0.85	0.0	0.0
159	p2	0.6	0.0	0.0
159	protein1	785.25	17.85	1.8216446500000003
159	protein2	767.75	19.05	1.78382805
159	protein3	167.35	4.25	1.7563095000000002
159	r2	17.45	0.0	0.0
159	rnapol	0.15	0.0	0.0
160	__protein1_rbs	10.6	0.0	0.0
160	__protein2_rbs	12.9	0.0	0.0
160	__protein3_rbs	2.45	0.0	0.0
160	__ribosome	26.25	0.0	0.0
160	__rnase_site_ext	17.95	0.0	0.0
160	p0	0.85	0.0	0.0
160	p2	0.7	0.0	0.0
160	protein1	792.65	17.7	1.8450728500000004
160	protein2	774.75	18.9	1.7913409000000002
160	protein3	169.2	4.35	1.7180952
160	r2	17.45	0.0	0.0
160	rnapol	0.15	0.0	0.0
161	__protein1_rbs	11.5	0.0	0.0
161	__protein2_rbs	11.75	0.0	0.0
161	__protein3_rbs	2.95	0.0	0.0
161	__ribosome	26.65	0.0	0.0
161	__rnase_site_ext	18.2	0.0	0.0
161	p0	0.65	0.0	0.0
161	p2	0.75	0.0	0.0
161	protein1	799.65	17.9	1.8020727000000003
161	protein2	782.2	19.05	1.7805790499999996
161	protein3	170.8	4.35	1.7280951999999998
161	r2	17.05	0.0	0.0
161	rnapol	0.05	0.0	0.0
162	__protein1_rbs	11.45	0.0	0.0
162	__protein2_rbs	11.75	0.0	0.0
162	__protein3_rbs	2.85	0.0	0.0
162	__ribosome	26.6	0.0	0.0
162	__rnase_site_ext	18.15	0.0	0.0
162	p0	0.8	0.0	0.0
162	p2	0.85	0.0	0.0
162	protein1	806.6	18.05	1.7969741999999995
162	protein2	790.15	19.05	1.76444575
162	protein3	172.65	4.4	1.71404765
162	r2	17.1	0.0	0.0
162	rnapol	0.05	0.0	0.0
163	__protein1_rbs	12.25	0.0	0.0
163	__protein2_rbs	12.2	0.0	0.0
163	__protein3_rbs	2.55	0.0	0.0
163	__ribosome	25.95	0.0	0.0
163	__rnase_site_ext	18.1	0.0	0.0
163	p0	0.9	0.0	0.0
163	p2	0.95	0.0	0.0
163	protein1	813.2	18.15	1.7627799
163	protein2	797.0	19.25	1.7712305000000002
163	protein3	174.05	4.35	1.9416667
163	r2	17.2	0.0	0.0
163	rnapol	0.25	0.0	0.0
164	__protein1_rbs	11.65	0.0	0.0
164	__protein2_rbs	12.25	0.0	0.0
164	__protein3_rbs	2.95	0.0	0.0
164	__ribosome	24.45	0.0	0.0
164	__rnase_site_ext	18.05	0.0	0.0
164	p0	0.85	0.0	0.0
164	p2	0.65	0.0	0.0
164	protein1	819.75	18.1	1.8007673999999998
164	protein2	803.5	19.4	1.836042
164	protein3	176.0	4.4	1.8757143000000005
164	r2	17.35	0.0	0.0
164	rnapol	0.15	0.0	0.0
165	__protein1_rbs	11.85	0.0	0.0
165	__protein2_rbs	11.9	0.0	0.0
165	__protein3_rbs	3.1	0.0	0.0
165	__ribosome	24.75	0.0	0.0
165	__rnase_site_ext	18.05	0.0	0.0
165	p0	0.75	0.0	0.0
165	p2	0.75	0.0	0.0
165	protein1	827.2	18.05	1.7669161
165	protein2	810.7	19.45	1.8670818
165	protein3	177.8	4.5	1.80095245
165	r2	17.4	0.0	0.0
165	rnapol	0.25	0.0	0.0
166	__protein1_rbs	11.3	0.0	0.0
166	__protein2_rbs	12.5	0.0	0.0
166	__protein3_rbs	2.9	0.0	0.0
166	__ribosome	25.25	0.0	0.0
166	__rnase_site_ext	17.9	0.0	0.0
166	p0	0.85	0.0	0.0
166	p2	0.75	0.0	0.0
166	protein1	834.4	18.0	1.7597111
166	protein2	818.3	19.45	1.8415139000000005
166	protein3	179.65	4.45	1.8867857000000003
166	r2	17.5	0.0	0.0
166	rnapol	0.3	0.0	0.0
167	__protein1_rbs	11.5	0.0	0.0
167	__protein2_rbs	12.15	0.0	0.0
167	__protein3_rbs	2.95	0.0	0.0
167	__ribosome	25.35	0.0	0.0
167	__rnase_site_ext	18.05	0.0	0.0
167	p0	0.8	0.0	0.0
167	p2	0.8	0.0	0.0
167	protein1	841.4	18.0	1.77132675
167	protein2	826.2	19.45	1.8391077
167	protein3	181.35	4.5	1.7697619000000002
167	r2	17.6	0.0	0.0
167	rnapol	0.35	0.0	0.0
168	__protein1_rbs	12.25	0.0	0.0
168	__protein2_rbs	12.3	0.0	0.0
168	__protein3_rbs	3.05	0.0	0.0
168	__ribosome	26.15	0.0	0.0
168	__rnase_site_ext	18.4	0.0	0.0
168	p0	0.75	0.0	0.0
168	p2	0.75	0.0	0.0
168	protein1	847.65	18.0	1.7590255000000001
168	protein2	834.2	19.4	1.8013587999999998
168	protein3	183.1	4.6	1.7513095499999998
168	r2	17.6	0.0	0.0
168	rnapol	0.15	0.0	0.0
169	__protein1_rbs	11.6	0.0	0.0
169	__protein2_rbs	12.1	0.0	0.0
169	__protein3_rbs	3.1	0.0	0.0
169	__ribosome	25.15	0.0	0.0
169	__rnase_site_ext	18.45	0.0	0.0
169	p0	0.75	0.0	0.0
169	p2	0.7	0.0	0.0
169	protein1	854.7	18.25	1.7419924000000002
169	protein2	841.7	19.5	1.8384345000000002
169	protein3	184.7	4.6	1.7440475999999996
169	r2	17.6	0.0	0.0
169	rnapol	0.1	0.0	0.0
170	__protein1_rbs	11.3	0.0	0.0
170	__protein2_rbs	12.7	0.0	0.0
170	__protein3_rbs	3.2	0.0	0.0
170	__ribosome	25.0	0.0	0.0
170	__rnase_site_ext	18.5	0.0	0.0
170	p0	0.8	0.0	0.0
170	p2	0.75	0.0	0.0
170	protein1	861.55	18.3	1.7746045
170	protein2	849.25	19.5	1.83141025
170	protein3	186.65	4.55	1.6289285000000002
170	r2	17.65	0.0	0.0
170	rnapol	0.3	0.0	0.0
171	__protein1_rbs	11.8	0.0	0.0
171	__protein2_rbs	11.75	0.0	0.0
171	__protein3_rbs	3.4	0.0	0.0
171	__ribosome	24.95	0.0	0.0
171	__rnase_site_ext	18.6	0.0	0.0
171	p0	0.9	0.0	0.0
171	p2	0.85	0.0	0.0
171	protein1	869.05	18.35	1.7706609
171	protein2	856.85	19.5	1.8479146500000003
171	protein3	188.2	4.6	1.61023815
171	r2	17.5	0.0	0.0
171	rnapol	0.35	0.0	0.0
172	__protein1_rbs	12.25	0.0	0.0
172	__protein2_rbs	13.0	0.0	0.0
172	__protein3_rbs	3.25	0.0	0.0
172	__ribosome	25.75	0.0	0.0
172	__rnase_site_ext	18.6	0.0	0.0
172	p0	0.75	0.0	0.0
172	p2	0.85	0.0	0.0
172	protein1	875.65	18.5	1.76678055
172	protein2	864.75	19.4	1.7932391499999998
172	protein3	189.6	4.55	1.6103572000000004
172	r2	17.45	0.0	0.0
172	rnapol	0.15	0.0	0.0
173	__protein1_rbs	11.6	0.0	0.0
173	__protein2_rbs	13.0	0.0	0.0
173	__protein3_rbs	2.15	0.0	0.0
173	__ribosome	24.65	0.0	0.0
173	__rnase_site_ext	18.6	0.0	0.0
173	p0	0.85	0.0	0.0
173	p2	0.7	0.0	0.0
173	protein1	882.35	18.6	1.8398248
173	protein2	872.75	19.15	1.7852671999999998
173	protein3	191.6	4.6	1.7833332999999998
173	r2	17.7	0.0	0.0
173	rnapol	0.25	0.0	0.0
174	__protein1_rbs	12.2	0.0	0.0
174	__protein2_rbs	12.75	0.0	0.0
174	__protein3_rbs	3.15	0.0	0.0
174	__ribosome	26.3	0.0	0.0
174	__rnase_site_ext	18.75	0.0	0.0
174	p0	0.85	0.0	0.0
174	p2	0.7	0.0	0.0
174	protein1	889.8	18.55	1.80057245
174	protein2	880.4	19.25	1.7182173500000002
174	protein3	193.15	4.6	1.77
174	r2	17.65	0.0	0.0
174	rnapol	0.2	0.0	0.0
175	__protein1_rbs	12.25	0.0	0.0
175	__protein2_rbs	12.35	0.0	0.0
175	__protein3_rbs	2.95	0.0	0.0
175	__ribosome	24.95	0.0	0.0
175	__rnase_site_ext	18.7	0.0	0.0
175	p0	0.85	0.0	0.0
175	p2	0.7	0.0	0.0
175	protein1	896.4	18.7	1.80404015
175	protein2	887.3	19.35	1.75355015
175	protein3	194.75	4.55	1.7564285499999996
175	r2	17.75	0.0	0.0
175	rnapol	0.2	0.0	0.0
176	__protein1_rbs	11.4	0.0	0.0
176	__protein2_rbs	12.55	0.0	0.0
176	__protein3_rbs	2.65	0.0	0.0
176	__ribosome	25.35	0.0	0.0
176	__rnase_site_ext	18.75	0.0	0.0
176	p0	0.95	0.0	0.0
176	p2	0.8	0.0	0.0
176	protein1	904.5	18.6	1.7932940000000002
176	protein2	895.3	19.7	1.7053196
176	protein3	196.1	4.4	1.9010715000000005
176	r2	17.8	0.0	0.0
176	rnapol	0.2	0.0	0.0
177	__protein1_rbs	12.05	0.0	0.0
177	__protein2_rbs	13.15	0.0	0.0
177	__protein3_rbs	2.8	0.0	0.0
177	__ribosome	25.4	0.0	0.0
177	__rnase_site_ext	18.7	0.0	0.0
177	p0	0.75	0.0	0.0
177	p2	0.75	0.0	0.0
177	protein1	911.8	18.7	1.78677465
177	protein2	902.5	19.7	1.69832055
177	protein3	197.85	4.45	1.8661904999999999
177	r2	17.6	0.0	0.0
177	rnapol	0.15	0.0	0.0
178	__protein1_rbs	11.9	0.0	0.0
178	__protein2_rbs	13.05	0.0	0.0
178	__protein3_rbs	2.8	0.0	0.0
178	__ribosome	25.15	0.0	0.0
178	__rnase_site_ext	18.7	0.0	0.0
178	p0	0.75	0.0	0.0
178	p2	0.85	0.0	0.0
178	protein1	918.95	18.65	1.7940005000000003
178	protein2	909.05	19.7	1.7366703
178	protein3	199.8	4.5	1.8134524
178	r2	17.45	0.0	0.0
178	rnapol	0.15	0.0	0.0
179	__protein1_rbs	11.65	0.0	0.0
179	__protein2_rbs	13.2	0.0	0.0
179	__protein3_rbs	2.55	0.0	0.0
179	__ribosome	25.6	0.0	0.0
179	__rnase_site_ext	18.9	0.0	0.0
179	p0	0.95	0.0	0.0
179	p2	0.85	0.0	0.0
179	protein1	925.85	18.6	1.82433535
179	protein2	917.15	19.65	1.6914672000000004
179	protein3	201.7	4.35	1.9869047
179	r2	17.55	0.0	0.0
179	rnapol	0.2	0.0	0.0
180	__protein1_rbs	11.95	0.0	0.0
180	__protein2_rbs	12.65	0.0	0.0
180	__protein3_rbs	3.45	0.0	0.0
180	__ribosome	25.95	0.0	0.0
180	__rnase_site_ext	19.1	0.0	0.0
180	p0	0.8	0.0	0.0
180	p2	0.55	0.0	0.0
180	protein1	933.4	18.8	1.8080498
180	protein2	924.35	19.6	1.71995015
180	protein3	203.5	4.4	1.7471429
180	r2	17.7	0.0	0.0
180	rnapol	0.05	0.0	0.0
181	__protein1_rbs	12.7	0.0	0.0
181	__protein2_rbs	12.8	0.0	0.0
181	__protein3_rbs	2.95	0.0	0.0
181	__ribosome	26.25	0.0	0.0
181	__rnase_site_ext	18.85	0.0	0.0
181	p0	0.75	0.0	0.0
181	p2	0.75	0.0	0.0
181	protein1	941.0	18.9	1.7532187999999995
181	protein2	931.9	19.8	1.7038790999999995
181	protein3	204.9	4.45	1.8569643
181	r2	17.7	0.0	0.0
181	rnapol	0.3	0.0	0.0
182	__protein1_rbs	12.05	0.0	0.0
182	__protein2_rbs	13.15	0.0	0.0
182	__protein3_rbs	2.85	0.0	0.0
182	__ribosome	26.05	0.0	0.0
182	__rnase_site_ext	19.0	0.0	0.0
182	p0	0.6	0.0	0.0
182	p2	0.8	0.0	0.0
182	protein1	948.3	18.75	1.7637811500000002
182	protein2	939.15	19.95	1.6880786999999997
182	protein3	206.85	4.5	1.7495238000000002
182	r2	17.6	0.0	0.0
182	rnapol	0.25	0.0	0.0
183	__protein1_rbs	12.6	0.0	0.0
183	__protein2_rbs	13.3	0.0	0.0
183	__protein3_rbs	3.3	0.0	0.0
183	__ribosome	25.9	0.0	0.0
183	__rnase_site_ext	19.0	0.0	0.0
183	p0	0.85	0.0	0.0
183	p2	0.75	0.0	0.0
183	protein1	954.9	18.85	1.7919106000000002
183	protein2	946.7	20.0	1.6957088499999995
183	protein3	208.65	4.5	1.6684523999999998
183	r2	17.35	0.0	0.0
183	rnapol	0.35	0.0	0.0
184	__protein1_rbs	12.8	0.0	0.0
184	__protein2_rbs	12.65	0.0	0.0
184	__protein3_rbs	3.3	0.0	0.0
184	__ribosome	25.4	0.0	0.0
184	__rnase_site_ext	19.05	0.0	0.0
184	p0	0.9	0.0	0.0
184	p2	0.8	0.0	0.0
184	protein1	962.5	19.0	1.7496187999999997
184	protein2	953.35	20.05	1.7730416500000004
184	protein3	210.4	4.45	1.5606548
184	r2	17.45	0.0	0.0
184	rnapol	0.3	0.0	0.0
185	__protein1_rbs	12.4	0.0	0.0
185	__protein2_rbs	13.8	0.0	0.0
185	__protein3_rbs	2.95	0.0	0.0
185	__ribosome	26.45	0.0	0.0
185	__rnase_site_ext	19.2	0.0	0.0
185	p0	0.85	0.0	0.0
185	p2	0.7	0.0	0.0
185	protein1	970.3	19.0	1.7291373499999998
185	protein2	961.1	19.9	1.7381856999999996
185	protein3	211.95	4.45	1.56315475
185	r2	17.55	0.0	0.0
185	rnapol	0.25	0.0	0.0
186	__protein1_rbs	11.9	0.0	0.0
186	__protein2_rbs	12.85	0.0	0.0
186	__protein3_rbs	2.95	0.0	0.0
186	__ribosome	25.45	0.0	0.0
186	__rnase_site_ext	19.3	0.0	0.0
186	p0	0.65	0.0	0.0
186	p2	0.75	0.0	0.0
186	protein1	977.5	19.0	1.7623818
186	protein2	968.8	20.15	1.7180844500000003
186	protein3	213.3	4.6	1.6213691000000003
186	r2	17.8	0.0	0.0
186	rnapol	0.25	0.0	0.0
187	__protein1_rbs	12.75	0.0	0.0
187	__protein2_rbs	13.15	0.0	0.0
187	__protein3_rbs	3.25	0.0	0.0
187	__ribosome	26.05	0.0	0.0
187	__rnase_site_ext	19.4	0.0	0.0
187	p0	0.9	0.0	0.0
187	p2	0.75	0.0	0.0
187	protein1	984.7	19.05	1.7470844499999998
187	protein2	976.4	20.0	1.7271284000000002
187	protein3	215.1	4.5	1.5894643
187	r2	17.75	0.0	0.0
187	rnapol	0.25	0.0	0.0
188	__protein1_rbs	12.7	0.0	0.0
188	__protein2_rbs	13.45	0.0	0.0
188	__protein3_rbs	3.2	0.0	0.0
188	__ribosome	25.6	0.0	0.0
188	__rnase_site_ext	19.55	0.0	0.0
188	p0	0.7	0.0	0.0
188	p2	0.75	0.0	0.0
188	protein1	991.85	19.3	1.7284820499999998
188	protein2	983.9	20.1	1.72313375
188	protein3	216.6	4.5	1.58827385
188	r2	17.65	0.0	0.0
188	rnapol	0.1	0.0	0.0
189	__protein1_rbs	12.5	0.0	0.0
189	__protein2_rbs	13.1	0.0	0.0
189	__protein3_rbs	3.4	0.0	0.0
189	__ribosome	25.95	0.0	0.0
189	__rnase_site_ext	19.35	0.0	0.0
189	p0	0.8	0.0	0.0
189	p2	0.8	0.0	0.0
189	protein1	999.1	19.4	1.71988355
189	protein2	991.75	20.0	1.7399320499999995
189	protein3	218.25	4.35	1.57285715
189	r2	17.55	0.0	0.0
189	rnapol	0.15	0.0	0.0
190	__protein1_rbs	12.1	0.0	0.0
190	__protein2_rbs	13.0	0.0	0.0
190	__protein3_rbs	2.75	0.0	0.0
190	__ribosome	25.7	0.0	0.0
190	__rnase_site_ext	19.35	0.0	0.0
190	p0	0.8	0.0	0.0
190	p2	0.85	0.0	0.0
190	protein1	1006.95	19.15	1.7390528499999998
190	protein2	998.85	20.1	1.7346079499999998
190	protein3	219.85	4.35	1.6152381500000002
190	r2	17.55	0.0	0.0
190	rnapol	0.1	0.0	0.0
191	__protein1_rbs	12.05	0.0	0.0
191	__protein2_rbs	13.1	0.0	0.0
191	__protein3_rbs	2.85	0.0	0.0
191	__ribosome	24.5	0.0	0.0
191	__rnase_site_ext	19.25	0.0	0.0
191	p0	0.8	0.0	0.0
191	p2	0.7	0.0	0.0
191	protein1	1013.7	19.15	1.7983865
191	protein2	1006.7	20.15	1.7212993999999997
191	protein3	221.55	4.25	1.78273805
191	r2	17.75	0.0	0.0
191	rnapol	0.15	0.0	0.0
192	__protein1_rbs	12.55	0.0	0.0
192	__protein2_rbs	13.55	0.0	0.0
192	__protein3_rbs	2.9	0.0	0.0
192	__ribosome	24.5	0.0	0.0
192	__rnase_site_ext	19.2	0.0	0.0
192	p0	0.75	0.0	0.0
192	p2	0.75	0.0	0.0
192	protein1	1021.0	19.1	1.8160386
192	protein2	1014.25	20.35	1.7098113
192	protein3	223.05	4.3	1.7001189999999995
192	r2	17.8	0.0	0.0
192	rnapol	0.25	0.0	0.0
193	__protein1_rbs	12.4	0.0	0.0
193	__protein2_rbs	12.7	0.0	0.0
193	__protein3_rbs	2.95	0.0	0.0
193	__ribosome	24.45	0.0	0.0
193	__rnase_site_ext	19.5	0.0	0.0
193	p0	0.65	0.0	0.0
193	p2	0.95	0.0	0.0
193	protein1	1028.25	18.95	1.82929945
193	protein2	1022.4	20.3	1.7033995000000002
193	protein3	224.35	4.35	1.77571425
193	r2	17.85	0.0	0.0
193	rnapol	0.2	0.0	0.0
194	__protein1_rbs	12.95	0.0	0.0
194	__protein2_rbs	13.95	0.0	0.0
194	__protein3_rbs	2.65	0.0	0.0
194	__ribosome	25.2	0.0	0.0
194	__rnase_site_ext	19.5	0.0	0.0
194	p0	0.85	0.0	0.0
194	p2	0.65	0.0	0.0
194	protein1	1035.9	19.2	1.7667790499999998
194	protein2	1029.65	20.4	1.6777962000000002
194	protein3	226.05	4.3	1.79027775
194	r2	17.9	0.0	0.0
194	rnapol	0.15	0.0	0.0
195	__protein1_rbs	12.95	0.0	0.0
195	__protein2_rbs	13.85	0.0	0.0
195	__protein3_rbs	3.05	0.0	0.0
195	__ribosome	25.3	0.0	0.0
195	__rnase_site_ext	19.5	0.0	0.0
195	p0	0.7	0.0	0.0
195	p2	0.75	0.0	0.0
195	protein1	1043.25	19.2	1.7702418999999996
195	protein2	1037.3	20.65	1.6886149499999994
195	protein3	227.8	4.15	1.8352778000000003
195	r2	17.7	0.0	0.0
195	rnapol	0.25	0.0	0.0
196	__protein1_rbs	12.0	0.0	0.0
196	__protein2_rbs	13.5	0.0	0.0
196	__protein3_rbs	2.9	0.0	0.0
196	__ribosome	25.25	0.0	0.0
196	__rnase_site_ext	19.85	0.0	0.0
196	p0	0.85	0.0	0.0
196	p2	0.8	0.0	0.0
196	protein1	1051.6	19.3	1.7454876499999998
196	protein2	1045.05	20.7	1.6744435999999996
196	protein3	229.2	4.1	1.8677778000000003
196	r2	17.95	0.0	0.0
196	rnapol	0.2	0.0	0.0
197	__protein1_rbs	13.9	0.0	0.0
197	__protein2_rbs	13.7	0.0	0.0
197	__protein3_rbs	2.7	0.0	0.0
197	__ribosome	25.45	0.0	0.0
197	__rnase_site_ext	19.75	0.0	0.0
197	p0	0.75	0.0	0.0
197	p2	0.85	0.0	0.0
197	protein1	1058.8	19.6	1.67207645
197	protein2	1052.2	20.75	1.7123084000000002
197	protein3	231.05	4.1	1.7961110999999998
197	r2	17.9	0.0	0.0
197	rnapol	0.3	0.0	0.0
198	__protein1_rbs	12.9	0.0	0.0
198	__protein2_rbs	13.1	0.0	0.0
198	__protein3_rbs	2.35	0.0	0.0
198	__ribosome	24.0	0.0	0.0
198	__rnase_site_ext	19.8	0.0	0.0
198	p0	0.85	0.0	0.0
198	p2	0.85	0.0	0.0
198	protein1	1066.15	19.55	1.67597175
198	protein2	1059.6	20.8	1.7525304
198	protein3	232.55	4.1	1.86194445
198	r2	17.85	0.0	0.0
198	rnapol	0.3	0.0	0.0
199	__protein1_rbs	13.4	0.0	0.0
199	__protein2_rbs	14.45	0.0	0.0
199	__protein3_rbs	2.85	0.0	0.0
199	__ribosome	25.85	0.0	0.0
199	__rnase_site_ext	19.75	0.0	0.0
199	p0	0.9	0.0	0.0
199	p2	0.7	0.0	0.0
199	protein1	1073.45	19.65	1.6533266499999997
199	protein2	1067.85	20.75	1.6879095000000002
199	protein3	234.15	4.1	1.70777775
199	r2	17.75	0.0	0.0
199	rnapol	0.3	0.0	0.0
200	__protein1_rbs	12.7	0.0	0.0
200	__protein2_rbs	12.95	0.0	0.0
200	__protein3_rbs	2.4	0.0	0.0
200	__ribosome	24.65	0.0	0.0
200	__rnase_site_ext	19.8	0.0	0.0
200	p0	0.65	0.0	0.0
200	p2	0.6	0.0	0.0
200	protein1	1080.8	19.55	1.6867721000000002
200	protein2	1075.8	20.7	1.72598935
200	protein3	236.0	4.05	1.73
200	r2	18.05	0.0	0.0
200	rnapol	0.1	0.0	0.0
201	__protein1_rbs	13.4	0.0	0.0
201	__protein2_rbs	13.9	0.0	0.0
201	__protein3_rbs	2.5	0.0	0.0
201	__ribosome	25.2	0.0	0.0
201	__rnase_site_ext	19.95	0.0	0.0
201	p0	0.7	0.0	0.0
201	p2	0.7	0.0	0.0
201	protein1	1088.75	19.55	1.6371505
201	protein2	1083.55	20.9	1.7254440999999996
201	protein3	237.6	4.1	1.84
201	r2	18.15	0.0	0.0
201	rnapol	0.15	0.0	0.0
202	__protein1_rbs	12.8	0.0	0.0
202	__protein2_rbs	15.0	0.0	0.0
202	__protein3_rbs	2.05	0.0	0.0
202	__ribosome	24.85	0.0	0.0
202	__rnase_site_ext	20.1	0.0	0.0
202	p0	0.85	0.0	0.0
202	p2	0.65	0.0	0.0
202	protein1	1095.35	19.6	1.70269375
202	protein2	1091.85	21.0	1.6351780000000002
202	protein3	239.25	4.1	1.97305555
202	r2	18.1	0.0	0.0
202	rnapol	0.1	0.0	0.0
203	__protein1_rbs	12.55	0.0	0.0
203	__protein2_rbs	13.8	0.0	0.0
203	__protein3_rbs	2.8	0.0	0.0
203	__ribosome	23.75	0.0	0.0
203	__rnase_site_ext	19.95	0.0	0.0
203	p0	0.85	0.0	0.0
203	p2	0.9	0.0	0.0
203	protein1	1102.35	19.8	1.7516289
203	protein2	1099.7	20.95	1.6402236000000001
203	protein3	240.75	4.1	1.9063888999999998
203	r2	18.1	0.0	0.0
203	rnapol	0.2	0.0	0.0
204	__protein1_rbs	13.0	0.0	0.0
204	__protein2_rbs	13.65	0.0	0.0
204	__protein3_rbs	2.85	0.0	0.0
204	__ribosome	23.95	0.0	0.0
204	__rnase_site_ext	19.85	0.0	0.0
204	p0	0.85	0.0	0.0
204	p2	0.8	0.0	0.0
204	protein1	1110.2	19.85	1.7372788500000005
204	protein2	1107.3	21.05	1.64575335
204	protein3	242.5	4.1	1.8883333999999998
204	r2	18.2	0.0	0.0
204	rnapol	0.15	0.0	0.0
205	__protein1_rbs	13.3	0.0	0.0
205	__protein2_rbs	14.05	0.0	0.0
205	__protein3_rbs	2.75	0.0	0.0
205	__ribosome	24.8	0.0	0.0
205	__rnase_site_ext	19.9	0.0	0.0
205	p0	0.8	0.0	0.0
205	p2	0.7	0.0	0.0
205	protein1	1117.7	19.7	1.72552825
205	protein2	1114.9	21.1	1.6447668000000004
205	protein3	244.45	4.15	1.705
205	r2	18.15	0.0	0.0
205	rnapol	0.1	0.0	0.0
206	__protein1_rbs	12.0	0.0	0.0
206	__protein2_rbs	14.05	0.0	0.0
206	__protein3_rbs	2.9	0.0	0.0
206	__ribosome	25.7	0.0	0.0
206	__rnase_site_ext	19.75	0.0	0.0
206	p0	0.85	0.0	0.0
206	p2	0.75	0.0	0.0
206	protein1	1125.4	19.6	1.7369396000000001
206	protein2	1123.5	20.95	1.6105589500000002
206	protein3	245.95	4.1	1.6760714500000002
206	r2	18.15	0.0	0.0
206	rnapol	0.1	0.0	0.0
207	__protein1_rbs	13.0	0.0	0.0
207	__protein2_rbs	13.05	0.0	0.0
207	__protein3_rbs	2.9	0.0	0.0
207	__ribosome	25.35	0.0	0.0
207	__rnase_site_ext	19.6	0.0	0.0
207	p0	0.9	0.0	0.0
207	p2	0.65	0.0	0.0
207	protein1	1132.75	19.5	1.7493988499999995
207	protein2	1131.15	20.85	1.6757811000000002
207	protein3	248.0	4.05	1.49202375
207	r2	18.2	0.0	0.0
207	rnapol	0.15	0.0	0.0
208	__protein1_rbs	12.3	0.0	0.0
208	__protein2_rbs	13.35	0.0	0.0
208	__protein3_rbs	2.65	0.0	0.0
208	__ribosome	23.6	0.0	0.0
208	__rnase_site_ext	19.4	0.0	0.0
208	p0	0.8	0.0	0.0
208	p2	0.6	0.0	0.0
208	protein1	1140.55	19.35	1.7578937
208	protein2	1138.05	20.95	1.7380885499999998
208	protein3	249.25	4.05	1.6366667
208	r2	18.35	0.0	0.0
208	rnapol	0.15	0.0	0.0
209	__protein1_rbs	11.75	0.0	0.0
209	__protein2_rbs	15.6	0.0	0.0
209	__protein3_rbs	2.9	0.0	0.0
209	__ribosome	23.7	0.0	0.0
209	__rnase_site_ext	19.4	0.0	0.0
209	p0	0.7	0.0	0.0
209	p2	0.7	0.0	0.0
209	protein1	1147.9	19.25	1.84945285
209	protein2	1145.65	21.05	1.66297295
209	protein3	250.8	4.15	1.5698809999999999
209	r2	18.3	0.0	0.0
209	rnapol	0.2	0.0	0.0
210	__protein1_rbs	12.1	0.0	0.0
210	__protein2_rbs	13.35	0.0	0.0
210	__protein3_rbs	2.65	0.0	0.0
210	__ribosome	23.85	0.0	0.0
210	__rnase_site_ext	19.65	0.0	0.0
210	p0	0.75	0.0	0.0
210	p2	0.65	0.0	0.0
210	protein1	1156.05	19.15	1.81530445
210	protein2	1153.45	21.15	1.6957274000000002
210	protein3	252.6	4.05	1.5661905
210	r2	18.2	0.0	0.0
210	rnapol	0.25	0.0	0.0
211	__protein1_rbs	12.8	0.0	0.0
211	__protein2_rbs	13.7	0.0	0.0
211	__protein3_rbs	2.55	0.0	0.0
211	__ribosome	22.8	0.0	0.0
211	__rnase_site_ext	19.7	0.0	0.0
211	p0	0.85	0.0	0.0
211	p2	0.7	0.0	0.0
211	protein1	1163.4	19.45	1.804685
211	protein2	1161.85	21.3	1.6946355500000003
211	protein3	253.8	4.05	1.6870238000000002
211	r2	18.45	0.0	0.0
211	rnapol	0.2	0.0	0.0
212	__protein1_rbs	13.2	0.0	0.0
212	__protein2_rbs	14.45	0.0	0.0
212	__protein3_rbs	3.05	0.0	0.0
212	__ribosome	24.3	0.0	0.0
212	__rnase_site_ext	19.8	0.0	0.0
212	p0	0.85	0.0	0.0
212	p2	0.75	0.0	0.0
212	protein1	1171.2	19.5	1.7635606
212	protein2	1170.15	21.15	1.68051425
212	protein3	255.2	4.05	1.69702385
212	r2	18.2	0.0	0.0
212	rnapol	0.2	0.0	0.0
213	__protein1_rbs	13.45	0.0	0.0
213	__protein2_rbs	14.05	0.0	0.0
213	__protein3_rbs	2.75	0.0	0.0
213	__ribosome	24.95	0.0	0.0
213	__rnase_site_ext	19.8	0.0	0.0
213	p0	0.75	0.0	0.0
213	p2	0.65	0.0	0.0
213	protein1	1179.25	19.65	1.7053648000000003
213	protein2	1178.25	20.95	1.69568255
213	protein3	256.7	4.15	1.6075
213	r2	18.45	0.0	0.0
213	rnapol	0.15	0.0	0.0
214	__protein1_rbs	13.8	0.0	0.0
214	__protein2_rbs	14.2	0.0	0.0
214	__protein3_rbs	2.65	0.0	0.0
214	__ribosome	25.0	0.0	0.0
214	__rnase_site_ext	19.95	0.0	0.0
214	p0	0.8	0.0	0.0
214	p2	0.75	0.0	0.0
214	protein1	1186.55	19.65	1.67583415
214	protein2	1186.05	20.95	1.7114711999999999
214	protein3	258.3	4.15	1.60130955
214	r2	18.4	0.0	0.0
214	rnapol	0.3	0.0	0.0
215	__protein1_rbs	13.2	0.0	0.0
215	__protein2_rbs	13.55	0.0	0.0
215	__protein3_rbs	2.7	0.0	0.0
215	__ribosome	24.55	0.0	0.0
215	__rnase_site_ext	20.2	0.0	0.0
215	p0	0.8	0.0	0.0
215	p2	0.8	0.0	0.0
215	protein1	1194.65	19.75	1.6757215
215	protein2	1193.9	20.9	1.74157755
215	protein3	259.95	4.1	1.6382143
215	r2	18.2	0.0	0.0
215	rnapol	0.25	0.0	0.0
216	__protein1_rbs	12.45	0.0	0.0
216	__protein2_rbs	14.05	0.0	0.0
216	__protein3_rbs	2.75	0.0	0.0
216	__ribosome	23.8	0.0	0.0
216	__rnase_site_ext	20.35	0.0	0.0
216	p0	0.7	0.0	0.0
216	p2	0.85	0.0	0.0
216	protein1	1202.3	20.05	1.7009841
216	protein2	1202.3	21.05	1.7147048499999995
216	protein3	261.5	4.15	1.55297625
216	r2	18.25	0.0	0.0
216	rnapol	0.1	0.0	0.0
217	__protein1_rbs	13.7	0.0	0.0
217	__protein2_rbs	14.4	0.0	0.0
217	__protein3_rbs	2.65	0.0	0.0
217	__ribosome	24.15	0.0	0.0
217	__rnase_site_ext	20.3	0.0	0.0
217	p0	0.85	0.0	0.0
217	p2	0.7	0.0	0.0
217	protein1	1210.1	20.05	1.67389725
217	protein2	1210.75	21.15	1.6898140500000003
217	protein3	262.75	4.1	1.77779765
217	r2	18.3	0.0	0.0
217	rnapol	0.1	0.0	0.0
218	__protein1_rbs	13.4	0.0	0.0
218	__protein2_rbs	13.9	0.0	0.0
218	__protein3_rbs	2.75	0.0	0.0
218	__ribosome	23.1	0.0	0.0
218	__rnase_site_ext	20.25	0.0	0.0
218	p0	0.75	0.0	0.0
218	p2	0.8	0.0	0.0
218	protein1	1216.85	20.05	1.7348355500000003
218	protein2	1218.8	21.15	1.6952526999999997
218	protein3	264.45	4.1	1.7532738
218	r2	18.35	0.0	0.0
218	rnapol	0.3	0.0	0.0
219	__protein1_rbs	13.5	0.0	0.0
219	__protein2_rbs	15.05	0.0	0.0
219	__protein3_rbs	3.2	0.0	0.0
219	__ribosome	24.1	0.0	0.0
219	__rnase_site_ext	20.3	0.0	0.0
219	p0	0.8	0.0	0.0
219	p2	0.8	0.0	0.0
219	protein1	1224.7	20.0	1.7119615000000001
219	protein2	1226.75	21.35	1.6512296000000002
219	protein3	265.8	4.25	1.7142261499999996
219	r2	18.3	0.0	0.0
219	rnapol	0.3	0.0	0.0
220	__protein1_rbs	12.95	0.0	0.0
220	__protein2_rbs	13.2	0.0	0.0
220	__protein3_rbs	2.8	0.0	0.0
220	__ribosome	23.1	0.0	0.0
220	__rnase_site_ext	20.15	0.0	0.0
220	p0	0.85	0.0	0.0
220	p2	0.75	0.0	0.0
220	protein1	1233.3	20.05	1.70587135
220	protein2	1234.8	21.25	1.7265343999999998
220	protein3	267.55	4.25	1.6654761999999999
220	r2	18.4	0.0	0.0
220	rnapol	0.2	0.0	0.0
221	__protein1_rbs	13.55	0.0	0.0
221	__protein2_rbs	14.9	0.0	0.0
221	__protein3_rbs	2.6	0.0	0.0
221	__ribosome	24.85	0.0	0.0
221	__rnase_site_ext	20.1	0.0	0.0
221	p0	0.85	0.0	0.0
221	p2	0.55	0.0	0.0
221	protein1	1240.7	19.9	1.7053879500000004
221	protein2	1243.3	21.1	1.6666556499999998
221	protein3	269.4	4.1	1.6805357
221	r2	18.65	0.0	0.0
221	rnapol	0.15	0.0	0.0
222	__protein1_rbs	12.85	0.0	0.0
222	__protein2_rbs	14.0	0.0	0.0
222	__protein3_rbs	2.4	0.0	0.0
222	__ribosome	22.65	0.0	0.0
222	__rnase_site_ext	20.25	0.0	0.0
222	p0	0.8	0.0	0.0
222	p2	0.6	0.0	0.0
222	protein1	1247.4	20.0	1.7596462000000002
222	protein2	1251.05	20.95	1.7033964499999996
222	protein3	270.9	4.1	1.7474405000000002
222	r2	18.4	0.0	0.0
222	rnapol	0.15	0.0	0.0
223	__protein1_rbs	13.5	0.0	0.0
223	__protein2_rbs	14.75	0.0	0.0
223	__protein3_rbs	2.7	0.0	0.0
223	__ribosome	24.35	0.0	0.0
223	__rnase_site_ext	20.2	0.0	0.0
223	p0	0.85	0.0	0.0
223	p2	0.85	0.0	0.0
223	protein1	1256.0	20.05	1.7066134999999998
223	protein2	1259.8	21.15	1.6309199500000002
223	protein3	272.2	4.0	1.9350595000000002
223	r2	18.5	0.0	0.0
223	rnapol	0.15	0.0	0.0
224	__protein1_rbs	13.65	0.0	0.0
224	__protein2_rbs	14.9	0.0	0.0
224	__protein3_rbs	2.9	0.0	0.0
224	__ribosome	25.35	0.0	0.0
224	__rnase_site_ext	20.25	0.0	0.0
224	p0	0.75	0.0	0.0
224	p2	0.75	0.0	0.0
224	protein1	1264.15	20.0	1.6958000000000002
224	protein2	1267.5	21.35	1.60067835
224	protein3	274.1	4.1	1.8304167
224	r2	18.45	0.0	0.0
224	rnapol	0.1	0.0	0.0
225	__protein1_rbs	13.2	0.0	0.0
225	__protein2_rbs	13.9	0.0	0.0
225	__protein3_rbs	2.4	0.0	0.0
225	__ribosome	23.35	0.0	0.0
225	__rnase_site_ext	20.25	0.0	0.0
225	p0	0.75	0.0	0.0
225	p2	0.8	0.0	0.0
225	protein1	1271.6	20.1	1.70759605
225	protein2	1274.95	21.35	1.6493706000000004
225	protein3	275.8	4.3	1.84363095
225	r2	18.15	0.0	0.0
225	rnapol	0.1	0.0	0.0
226	__protein1_rbs	13.65	0.0	0.0
226	__protein2_rbs	13.8	0.0	0.0
226	__protein3_rbs	2.55	0.0	0.0
226	__ribosome	22.9	0.0	0.0
226	__rnase_site_ext	20.2	0.0	0.0
226	p0	0.9	0.0	0.0
226	p2	0.75	0.0	0.0
226	protein1	1279.5	20.05	1.71811055
226	protein2	1283.2	21.5	1.6587273
226	protein3	277.7	4.3	1.8545238
226	r2	18.4	0.0	0.0
226	rnapol	0.1	0.0	0.0
227	__protein1_rbs	12.95	0.0	0.0
227	__protein2_rbs	15.25	0.0	0.0
227	__protein3_rbs	3.15	0.0	0.0
227	__ribosome	23.45	0.0	0.0
227	__rnase_site_ext	20.05	0.0	0.0
227	p0	0.85	0.0	0.0
227	p2	0.5	0.0	0.0
227	protein1	1287.55	19.95	1.7395398999999998
227	protein2	1291.1	21.55	1.6380005500000003
227	protein3	279.65	4.35	1.67071425
227	r2	18.55	0.0	0.0
227	rnapol	0.1	0.0	0.0
228	__protein1_rbs	14.0	0.0	0.0
228	__protein2_rbs	14.15	0.0	0.0
228	__protein3_rbs	3.1	0.0	0.0
228	__ribosome	23.75	0.0	0.0
228	__rnase_site_ext	20.35	0.0	0.0
228	p0	0.7	0.0	0.0
228	p2	0.8	0.0	0.0
228	protein1	1295.35	19.95	1.6712889
228	protein2	1298.95	21.55	1.6850513499999995
228	protein3	280.95	4.45	1.65880945
228	r2	18.75	0.0	0.0
228	rnapol	0.2	0.0	0.0
229	__protein1_rbs	13.55	0.0	0.0
229	__protein2_rbs	14.6	0.0	0.0
229	__protein3_rbs	3.1	0.0	0.0
229	__ribosome	24.6	0.0	0.0
229	__rnase_site_ext	20.15	0.0	0.0
229	p0	0.85	0.0	0.0
229	p2	0.65	0.0	0.0
229	protein1	1303.6	20.1	1.6266770000000002
229	protein2	1307.45	21.5	1.6932644499999998
229	protein3	282.85	4.35	1.59869045
229	r2	18.4	0.0	0.0
229	rnapol	0.3	0.0	0.0
230	__protein1_rbs	12.9	0.0	0.0
230	__protein2_rbs	14.3	0.0	0.0
230	__protein3_rbs	2.7	0.0	0.0
230	__ribosome	24.35	0.0	0.0
230	__rnase_site_ext	20.2	0.0	0.0
230	p0	0.65	0.0	0.0
230	p2	0.7	0.0	0.0
230	protein1	1311.5	20.0	1.65375015
230	protein2	1316.15	21.6	1.67993675
230	protein3	284.8	4.4	1.61000005
230	r2	18.35	0.0	0.0
230	rnapol	0.3	0.0	0.0
231	__protein1_rbs	13.0	0.0	0.0
231	__protein2_rbs	14.45	0.0	0.0
231	__protein3_rbs	2.9	0.0	0.0
231	__ribosome	23.5	0.0	0.0
231	__rnase_site_ext	20.25	0.0	0.0
231	p0	0.9	0.0	0.0
231	p2	0.85	0.0	0.0
231	protein1	1319.0	19.8	1.6776818499999997
231	protein2	1324.1	21.6	1.6958942499999998
231	protein3	286.35	4.3	1.70738095
231	r2	18.3	0.0	0.0
231	rnapol	0.4	0.0	0.0
232	__protein1_rbs	13.25	0.0	0.0
232	__protein2_rbs	14.85	0.0	0.0
232	__protein3_rbs	2.85	0.0	0.0
232	__ribosome	22.35	0.0	0.0
232	__rnase_site_ext	20.45	0.0	0.0
232	p0	0.8	0.0	0.0
232	p2	0.65	0.0	0.0
232	protein1	1326.05	20.1	1.7128344000000002
232	protein2	1332.35	21.6	1.70935395
232	protein3	287.95	4.35	1.6618451999999997
232	r2	18.3	0.0	0.0
232	rnapol	0.25	0.0	0.0
233	__protein1_rbs	14.5	0.0	0.0
233	__protein2_rbs	14.4	0.0	0.0
233	__protein3_rbs	2.5	0.0	0.0
233	__ribosome	22.3	0.0	0.0
233	__rnase_site_ext	20.3	0.0	0.0
233	p0	0.8	0.0	0.0
233	p2	0.95	0.0	0.0
233	protein1	1333.8	20.3	1.6628573000000002
233	protein2	1340.35	21.55	1.7298205500000006
233	protein3	289.55	4.25	1.75184515
233	r2	18.4	0.0	0.0
233	rnapol	0.5	0.0	0.0
234	__protein1_rbs	14.6	0.0	0.0
234	__protein2_rbs	14.6	0.0	0.0
234	__protein3_rbs	2.95	0.0	0.0
234	__ribosome	24.1	0.0	0.0
234	__rnase_site_ext	20.35	0.0	0.0
234	p0	0.7	0.0	0.0
234	p2	0.75	0.0	0.0
234	protein1	1341.7	20.15	1.6339709499999997
234	protein2	1349.45	21.45	1.6850355500000005
234	protein3	290.95	4.3	1.73297615
234	r2	18.4	0.0	0.0
234	rnapol	0.25	0.0	0.0
235	__protein1_rbs	13.45	0.0	0.0
235	__protein2_rbs	14.2	0.0	0.0
235	__protein3_rbs	2.6	0.0	0.0
235	__ribosome	23.85	0.0	0.0
235	__rnase_site_ext	20.3	0.0	0.0
235	p0	0.75	0.0	0.0
235	p2	0.8	0.0	0.0
235	protein1	1349.55	20.1	1.6580819999999998
235	protein2	1358.15	21.4	1.70612635
235	protein3	293.0	4.2	1.7551785499999997
235	r2	18.45	0.0	0.0
235	rnapol	0.2	0.0	0.0
236	__protein1_rbs	13.1	0.0	0.0
236	__protein2_rbs	13.8	0.0	0.0
236	__protein3_rbs	2.65	0.0	0.0
236	__ribosome	23.8	0.0	0.0
236	__rnase_site_ext	20.25	0.0	0.0
236	p0	0.85	0.0	0.0
236	p2	0.7	0.0	0.0
236	protein1	1358.5	20.05	1.6363385999999998
236	protein2	1366.35	21.35	1.72004615
236	protein3	294.3	4.25	1.8878571
236	r2	18.45	0.0	0.0
236	rnapol	0.35	0.0	0.0
237	__protein1_rbs	13.4	0.0	0.0
237	__protein2_rbs	14.35	0.0	0.0
237	__protein3_rbs	2.8	0.0	0.0
237	__ribosome	23.35	0.0	0.0
237	__rnase_site_ext	20.35	0.0	0.0
237	p0	0.9	0.0	0.0
237	p2	0.8	0.0	0.0
237	protein1	1365.55	20.05	1.64938505
237	protein2	1374.85	21.5	1.7023362999999996
237	protein3	296.0	4.2	1.9264286
237	r2	18.5	0.0	0.0
237	rnapol	0.3	0.0	0.0
238	__protein1_rbs	13.65	0.0	0.0
238	__protein2_rbs	14.1	0.0	0.0
238	__protein3_rbs	2.85	0.0	0.0
238	__ribosome	23.1	0.0	0.0
238	__rnase_site_ext	20.25	0.0	0.0
238	p0	0.95	0.0	0.0
238	p2	0.6	0.0	0.0
238	protein1	1372.95	20.15	1.6544011000000003
238	protein2	1383.55	21.55	1.7070650000000005
238	protein3	297.75	4.2	1.8705952000000001
238	r2	18.35	0.0	0.0
238	rnapol	0.2	0.0	0.0
239	__protein1_rbs	13.95	0.0	0.0
239	__protein2_rbs	15.2	0.0	0.0
239	__protein3_rbs	3.1	0.0	0.0
239	__ribosome	24.7	0.0	0.0
239	__rnase_site_ext	20.3	0.0	0.0
239	p0	0.85	0.0	0.0
239	p2	0.8	0.0	0.0
239	protein1	1380.6	20.05	1.63755165
239	protein2	1392.5	21.8	1.6387697
239	protein3	299.3	4.25	1.7887500000000005
239	r2	18.4	0.0	0.0
239	rnapol	0.2	0.0	0.0
240	__protein1_rbs	12.9	0.0	0.0
240	__protein2_rbs	14.35	0.0	0.0
240	__protein3_rbs	3.05	0.0	0.0
240	__ribosome	24.15	0.0	0.0
240	__rnase_site_ext	20.35	0.0	0.0
240	p0	0.8	0.0	0.0
240	p2	0.75	0.0	0.0
240	protein1	1388.65	20.05	1.6496183999999998
240	protein2	1400.4	21.6	1.6921437
240	protein3	301.3	4.35	1.5229165999999998
240	r2	18.45	0.0	0.0
240	rnapol	0.1	0.0	0.0
241	__protein1_rbs	13.15	0.0	0.0
241	__protein2_rbs	15.15	0.0	0.0
241	__protein3_rbs	3.15	0.0	0.0
241	__ribosome	25.3	0.0	0.0
241	__rnase_site_ext	20.1	0.0	0.0
241	p0	0.8	0.0	0.0
241	p2	0.8	0.0	0.0
241	protein1	1396.8	20.15	1.62105595
241	protein2	1408.7	21.65	1.6750958999999999
241	protein3	303.3	4.45	1.39065475
241	r2	18.5	0.0	0.0
241	rnapol	0.15	0.0	0.0
242	__protein1_rbs	13.25	0.0	0.0
242	__protein2_rbs	13.7	0.0	0.0
242	__protein3_rbs	2.85	0.0	0.0
242	__ribosome	23.5	0.0	0.0
242	__rnase_site_ext	20.2	0.0	0.0
242	p0	0.9	0.0	0.0
242	p2	0.7	0.0	0.0
242	protein1	1404.5	19.9	1.6715332999999999
242	protein2	1417.5	21.6	1.71753805
242	protein3	304.75	4.5	1.42374995
242	r2	18.55	0.0	0.0
242	rnapol	0.35	0.0	0.0
243	__protein1_rbs	13.7	0.0	0.0
243	__protein2_rbs	14.15	0.0	0.0
243	__protein3_rbs	3.0	0.0	0.0
243	__ribosome	23.65	0.0	0.0
243	__rnase_site_ext	20.1	0.0	0.0
243	p0	0.85	0.0	0.0
243	p2	0.7	0.0	0.0
243	protein1	1411.85	20.0	1.654080549999999
243	protein2	1426.05	21.8	1.70549385
243	protein3	306.25	4.45	1.5094643
243	r2	18.75	0.0	0.0
243	rnapol	0.4	0.0	0.0
244	__protein1_rbs	13.7	0.0	0.0
244	__protein2_rbs	14.15	0.0	0.0
244	__protein3_rbs	2.95	0.0	0.0
244	__ribosome	23.55	0.0	0.0
244	__rnase_site_ext	20.45	0.0	0.0
244	p0	0.6	0.0	0.0
244	p2	0.75	0.0	0.0
244	protein1	1419.6	19.9	1.6504821999999997
244	protein2	1435.1	21.8	1.705861
244	protein3	307.7	4.4	1.58970245
244	r2	18.75	0.0	0.0
244	rnapol	0.15	0.0	0.0
245	__protein1_rbs	14.35	0.0	0.0
245	__protein2_rbs	15.45	0.0	0.0
245	__protein3_rbs	2.9	0.0	0.0
245	__ribosome	24.1	0.0	0.0
245	__rnase_site_ext	20.85	0.0	0.0
245	p0	0.8	0.0	0.0
245	p2	0.75	0.0	0.0
245	protein1	1427.4	20.3	1.5739648999999998
245	protein2	1443.1	21.9	1.6992131
245	protein3	309.15	4.4	1.650119
245	r2	18.7	0.0	0.0
245	rnapol	0.2	0.0	0.0
246	__protein1_rbs	13.7	0.0	0.0
246	__protein2_rbs	14.9	0.0	0.0
246	__protein3_rbs	2.6	0.0	0.0
246	__ribosome	24.3	0.0	0.0
246	__rnase_site_ext	20.9	0.0	0.0
246	p0	0.75	0.0	0.0
246	p2	0.8	0.0	0.0
246	protein1	1436.0	20.8	1.5074392
246	protein2	1451.85	21.75	1.7154519500000005
246	protein3	311.05	4.35	1.7874999999999996
246	r2	18.65	0.0	0.0
246	rnapol	0.1	0.0	0.0
247	__protein1_rbs	14.15	0.0	0.0
247	__protein2_rbs	13.8	0.0	0.0
247	__protein3_rbs	3.05	0.0	0.0
247	__ribosome	23.2	0.0	0.0
247	__rnase_site_ext	20.9	0.0	0.0
247	p0	0.8	0.0	0.0
247	p2	0.65	0.0	0.0
247	protein1	1443.35	20.75	1.56486175
247	protein2	1460.8	21.6	1.7512368500000002
247	protein3	312.9	4.45	1.6390476999999997
247	r2	18.8	0.0	0.0
247	rnapol	0.1	0.0	0.0
248	__protein1_rbs	14.4	0.0	0.0
248	__protein2_rbs	14.35	0.0	0.0
248	__protein3_rbs	2.7	0.0	0.0
248	__ribosome	22.7	0.0	0.0
248	__rnase_site_ext	20.85	0.0	0.0
248	p0	0.9	0.0	0.0
248	p2	0.75	0.0	0.0
248	protein1	1450.75	20.6	1.5764798499999997
248	protein2	1469.85	21.55	1.7285413000000005
248	protein3	314.2	4.45	1.77678565
248	r2	18.8	0.0	0.0
248	rnapol	0.2	0.0	0.0
249	__protein1_rbs	13.55	0.0	0.0
249	__protein2_rbs	14.75	0.0	0.0
249	__protein3_rbs	2.85	0.0	0.0
249	__ribosome	23.15	0.0	0.0
249	__rnase_site_ext	20.6	0.0	0.0
249	p0	0.9	0.0	0.0
249	p2	0.7	0.0	0.0
249	protein1	1457.95	20.65	1.6186214
249	protein2	1479.05	21.5	1.6851813000000002
249	protein3	316.35	4.4	1.73529755
249	r2	18.85	0.0	0.0
249	rnapol	0.2	0.0	0.0
250	__protein1_rbs	13.75	0.0	0.0
250	__protein2_rbs	14.9	0.0	0.0
250	__protein3_rbs	2.95	0.0	0.0
250	__ribosome	23.55	0.0	0.0
250	__rnase_site_ext	20.6	0.0	0.0
250	p0	0.8	0.0	0.0
250	p2	0.8	0.0	0.0
250	protein1	1465.55	20.35	1.64735935
250	protein2	1487.5	21.35	1.6916917500000004
250	protein3	318.35	4.25	1.7177381499999995
250	r2	18.7	0.0	0.0
250	rnapol	0.2	0.0	0.0
