time	species	protein	transcript	ribo_density
0	__protein1_rbs	0.0	0.0	0.0
0	__protein2_rbs	0.0	0.0	0.0
0	__protein3_rbs	0.0	0.0	0.0
0	__ribosome	100.0	0.0	0.0
0	__rnase_site_ext	0.0	0.0	0.0
0	p0	1.0	0.0	0.0
0	p2	1.0	0.0	0.0
0	rnapol	4.0	0.0	0.0
1	__protein1_rbs	0.0	0.0	0.0
1	__protein2_rbs	0.0	0.0	0.0
1	__protein3_rbs	0.0	0.0	0.0
1	__ribosome	100.0	0.0	0.0
1	__rnase_site_ext	0.95	0.0	0.0
1	p0	0.35	0.0	0.0
1	p2	1.0	0.0	0.0
1	rnapol	2.95	0.0	0.0
2	__protein1_rbs	0.35	0.0	0.0
2	__protein2_rbs	0.0	0.0	0.0
2	__protein3_rbs	0.0	0.0	0.0
2	__ribosome	99.6	0.0	0.0
2	__rnase_site_ext	1.8	0.0	0.0
2	p0	0.15	0.0	0.0
2	p2	1.0	0.0	0.0
2	protein1	0.0	0.75	0.4
2	rnapol	2.1	0.0	0.0
3	__protein1_rbs	0.45	0.0	0.0
3	__protein2_rbs	0.0	0.0	0.0
3	__protein3_rbs	0.0	0.0	0.0
3	__ribosome	98.55	0.0	0.0
3	__rnase_site_ext	2.4	0.0	0.0
3	p0	0.4	0.0	0.0
3	p2	1.0	0.0	0.0
3	protein1	0.0	1.5	0.975
3	rnapol	1.45	0.0	0.0
4	__protein1_rbs	0.65	0.0	0.0
4	__protein2_rbs	0.0	0.0	0.0
4	__protein3_rbs	0.0	0.0	0.0
4	__ribosome	97.2	0.0	0.0
4	__rnase_site_ext	2.8	0.0	0.0
4	p0	0.6	0.0	0.0
4	p2	1.0	0.0	0.0
4	protein1	0.0	2.05	1.39166665
4	rnapol	1.05	0.0	0.0
5	__protein1_rbs	0.65	0.0	0.0
5	__protein2_rbs	0.0	0.0	0.0
5	__protein3_rbs	0.0	0.0	0.0
5	__ribosome	95.3	0.0	0.0
5	__rnase_site_ext	3.4	0.0	0.0
5	p0	0.3	0.0	0.0
5	p2	1.0	0.0	0.0
5	protein1	0.0	2.7	1.7666667
5	rnapol	0.4	0.0	0.0
6	__protein1_rbs	1.4	0.0	0.0
6	__protein2_rbs	0.0	0.0	0.0
6	__protein3_rbs	0.0	0.0	0.0
6	__ribosome	93.65	0.0	0.0
6	__rnase_site_ext	3.75	0.0	0.0
6	p0	0.75	0.0	0.0
6	p2	1.0	0.0	0.0
6	protein1	0.0	3.1	2.1083333
6	rnapol	0.2	0.0	0.0
7	__protein1_rbs	1.3	0.0	0.0
7	__protein2_rbs	0.0	0.0	0.0
7	__protein3_rbs	0.0	0.0	0.0
7	__ribosome	91.7	0.0	0.0
7	__rnase_site_ext	3.75	0.0	0.0
7	p0	0.95	0.0	0.0
7	p2	1.0	0.0	0.0
7	protein1	0.35	3.6	2.3
7	rnapol	0.15	0.0	0.0
8	__protein1_rbs	1.15	0.0	0.0
8	__protein2_rbs	0.05	0.0	0.0
8	__protein3_rbs	0.0	0.0	0.0
8	__ribosome	90.15	0.0	0.0
8	__rnase_site_ext	3.75	0.0	0.0
8	p0	0.95	0.0	0.0
8	p2	1.0	0.0	0.0
8	protein1	1.3	3.8	2.6000000000000005
8	protein2	0.0	0.05	0.0
8	rnapol	0.1	0.0	0.0
9	__protein1_rbs	1.5	0.0	0.0
9	__protein2_rbs	0.1	0.0	0.0
9	__protein3_rbs	0.0	0.0	0.0
9	__ribosome	88.95	0.0	0.0
9	__rnase_site_ext	3.8	0.0	0.0
9	p0	0.95	0.0	0.0
9	p2	1.0	0.0	0.0
9	protein1	2.4	3.75	2.95000005
9	protein2	0.0	0.2	0.1
9	rnapol	0.05	0.0	0.0
10	__protein1_rbs	1.35	0.0	0.0
10	__protein2_rbs	0.3	0.0	0.0
10	__protein3_rbs	0.0	0.0	0.0
10	__ribosome	88.3	0.0	0.0
10	__rnase_site_ext	3.85	0.0	0.0
10	p0	1.0	0.0	0.0
10	p2	1.0	0.0	0.0
10	protein1	4.5	3.75	2.9708333500000004
10	protein2	0.0	0.85	0.65
10	rnapol	0.0	0.0	0.0
11	__protein1_rbs	1.2	0.0	0.0
11	__protein2_rbs	0.8	0.0	0.0
11	__protein3_rbs	0.0	0.0	0.0
11	__ribosome	86.5	0.0	0.0
11	__rnase_site_ext	3.7	0.0	0.0
11	p0	1.0	0.0	0.0
11	p2	1.0	0.0	0.0
11	protein1	6.25	3.85	3.15000005
11	protein2	0.0	1.55	0.925
11	rnapol	0.0	0.0	0.0
12	__protein1_rbs	1.35	0.0	0.0
12	__protein2_rbs	0.65	0.0	0.0
12	__protein3_rbs	0.0	0.0	0.0
12	__ribosome	85.05	0.0	0.0
12	__rnase_site_ext	3.7	0.0	0.0
12	p0	1.0	0.0	0.0
12	p2	0.95	0.0	0.0
12	protein1	8.3	3.75	3.2791666
12	protein2	0.0	2.15	1.2916667
12	rnapol	0.0	0.0	0.0
13	__protein1_rbs	1.25	0.0	0.0
13	__protein2_rbs	1.05	0.0	0.0
13	__protein3_rbs	0.0	0.0	0.0
13	__ribosome	83.55	0.0	0.0
13	__rnase_site_ext	3.7	0.0	0.0
13	p0	1.0	0.0	0.0
13	p2	0.9	0.0	0.0
13	protein1	10.75	3.7	3.2708333
13	protein2	0.0	2.85	1.5791667500000002
13	rnapol	0.0	0.0	0.0
14	__protein1_rbs	1.0	0.0	0.0
14	__protein2_rbs	1.3	0.0	0.0
14	__protein3_rbs	0.0	0.0	0.0
14	__ribosome	81.3	0.0	0.0
14	__rnase_site_ext	3.6	0.0	0.0
14	p0	1.0	0.0	0.0
14	p2	0.65	0.0	0.0
14	protein1	13.05	3.7	3.3083333
14	protein2	0.15	3.45	1.9333334
14	rnapol	0.0	0.0	0.0
15	__protein1_rbs	1.3	0.0	0.0
15	__protein2_rbs	1.4	0.0	0.0
15	__protein3_rbs	0.0	0.0	0.0
15	__ribosome	79.75	0.0	0.0
15	__rnase_site_ext	3.6	0.0	0.0
15	p0	1.0	0.0	0.0
15	p2	0.1	0.0	0.0
15	protein1	15.6	3.65	3.29166665
15	protein2	0.6	3.7	2.25833335
15	rnapol	0.1	0.0	0.0
16	__protein1_rbs	1.0	0.0	0.0
16	__protein2_rbs	1.55	0.0	0.0
16	__protein3_rbs	0.0	0.0	0.0
16	__ribosome	77.8	0.0	0.0
16	__rnase_site_ext	3.6	0.0	0.0
16	p0	0.85	0.0	0.0
16	p2	0.05	0.0	0.0
16	protein1	17.65	3.6	3.44999995
16	protein2	1.3	3.85	2.5666667000000003
16	rnapol	0.3	0.0	0.0
17	__protein1_rbs	1.3	0.0	0.0
17	__protein2_rbs	1.45	0.0	0.0
17	__protein3_rbs	0.05	0.0	0.0
17	__ribosome	77.35	0.0	0.0
17	__rnase_site_ext	4.05	0.0	0.0
17	p0	0.7	0.0	0.0
17	p2	0.15	0.0	0.0
17	protein1	20.25	3.55	3.41249995
17	protein2	2.7	3.9	2.77083335
17	protein3	0.0	0.05	0.0
17	rnapol	0.4	0.0	0.0
18	__protein1_rbs	1.7	0.0	0.0
18	__protein2_rbs	1.6	0.0	0.0
18	__protein3_rbs	0.1	0.0	0.0
18	__ribosome	76.4	0.0	0.0
18	__rnase_site_ext	4.4	0.0	0.0
18	p0	0.75	0.0	0.0
18	p2	0.15	0.0	0.0
18	protein1	22.25	4.05	3.0650000000000004
18	protein2	4.35	3.95	2.90833335
18	protein3	0.0	0.15	0.05
18	rnapol	0.6	0.0	0.0
19	__protein1_rbs	1.75	0.0	0.0
19	__protein2_rbs	1.7	0.0	0.0
19	__protein3_rbs	0.2	0.0	0.0
19	__ribosome	76.0	0.0	0.0
19	__rnase_site_ext	4.8	0.0	0.0
19	p0	0.6	0.0	0.0
19	p2	0.25	0.0	0.0
19	protein1	24.55	4.25	2.9275
19	protein2	6.35	4.0	2.925
19	protein3	0.0	0.3	0.2
19	rnapol	0.35	0.0	0.0
20	__protein1_rbs	1.9	0.0	0.0
20	__protein2_rbs	2.0	0.0	0.0
20	__protein3_rbs	0.4	0.0	0.0
20	__ribosome	75.9	0.0	0.0
20	__rnase_site_ext	5.1	0.0	0.0
20	p0	0.65	0.0	0.0
20	p2	0.6	0.0	0.0
20	protein1	26.9	4.55	2.73166665
20	protein2	8.75	3.95	2.89583335
20	protein3	0.0	0.55	0.35
20	rnapol	0.35	0.0	0.0
21	__protein1_rbs	1.6	0.0	0.0
21	__protein2_rbs	1.15	0.0	0.0
21	__protein3_rbs	0.4	0.0	0.0
21	__ribosome	74.0	0.0	0.0
21	__rnase_site_ext	5.55	0.0	0.0
21	p0	0.6	0.0	0.0
21	p2	0.85	0.0	0.0
21	protein1	29.25	4.9	2.6858332500000004
21	protein2	10.7	3.95	3.0875
21	protein3	0.0	0.7	0.6
21	rnapol	0.2	0.0	0.0
22	__protein1_rbs	2.4	0.0	0.0
22	__protein2_rbs	1.55	0.0	0.0
22	__protein3_rbs	0.5	0.0	0.0
22	__ribosome	72.9	0.0	0.0
22	__rnase_site_ext	5.8	0.0	0.0
22	p0	0.8	0.0	0.0
22	p2	0.8	0.0	0.0
22	protein1	31.45	5.3	2.557500000000001
22	protein2	12.95	3.95	3.08333335
22	protein3	0.0	1.0	0.825
22	rnapol	0.05	0.0	0.0
23	__protein1_rbs	2.55	0.0	0.0
23	__protein2_rbs	1.35	0.0	0.0
23	__protein3_rbs	0.55	0.0	0.0
23	__ribosome	71.3	0.0	0.0
23	__rnase_site_ext	5.8	0.0	0.0
23	p0	0.9	0.0	0.0
23	p2	0.9	0.0	0.0
23	protein1	33.65	5.75	2.55654755
23	protein2	15.35	3.95	3.11666665
23	protein3	0.1	1.15	1.11666665
23	rnapol	0.1	0.0	0.0
24	__protein1_rbs	2.3	0.0	0.0
24	__protein2_rbs	1.7	0.0	0.0
24	__protein3_rbs	0.7	0.0	0.0
24	__ribosome	70.5	0.0	0.0
24	__rnase_site_ext	5.7	0.0	0.0
24	p0	0.95	0.0	0.0
24	p2	1.0	0.0	0.0
24	protein1	36.4	5.8	2.64690485
24	protein2	17.7	3.9	3.0625
24	protein3	0.2	1.35	1.55
24	rnapol	0.2	0.0	0.0
25	__protein1_rbs	2.15	0.0	0.0
25	__protein2_rbs	1.5	0.0	0.0
25	__protein3_rbs	0.55	0.0	0.0
25	__ribosome	68.9	0.0	0.0
25	__rnase_site_ext	5.8	0.0	0.0
25	p0	0.9	0.0	0.0
25	p2	1.0	0.0	0.0
25	protein1	39.0	5.7	2.8410119499999995
25	protein2	19.9	4.05	2.9925
25	protein3	0.45	1.4	1.975
25	rnapol	0.15	0.0	0.0
26	__protein1_rbs	2.35	0.0	0.0
26	__protein2_rbs	1.8	0.0	0.0
26	__protein3_rbs	0.55	0.0	0.0
26	__ribosome	67.8	0.0	0.0
26	__rnase_site_ext	6.0	0.0	0.0
26	p0	0.7	0.0	0.0
26	p2	1.0	0.0	0.0
26	protein1	41.65	5.8	2.8874404500000006
26	protein2	22.4	4.35	2.8283333500000003
26	protein3	0.75	1.45	2.2250000000000005
26	rnapol	0.25	0.0	0.0
27	__protein1_rbs	2.35	0.0	0.0
27	__protein2_rbs	1.7	0.0	0.0
27	__protein3_rbs	0.65	0.0	0.0
27	__ribosome	66.1	0.0	0.0
27	__rnase_site_ext	6.2	0.0	0.0
27	p0	0.75	0.0	0.0
27	p2	1.0	0.0	0.0
27	protein1	44.7	5.85	2.89827385
27	protein2	24.45	4.75	2.8258332999999998
27	protein3	1.1	1.5	2.575
27	rnapol	0.15	0.0	0.0
28	__protein1_rbs	2.45	0.0	0.0
28	__protein2_rbs	2.35	0.0	0.0
28	__protein3_rbs	0.65	0.0	0.0
28	__ribosome	65.65	0.0	0.0
28	__rnase_site_ext	6.5	0.0	0.0
28	p0	0.8	0.0	0.0
28	p2	1.0	0.0	0.0
28	protein1	47.85	6.15	2.82791665
28	protein2	27.05	5.05	2.58583335
28	protein3	1.85	1.5	2.6916667000000003
28	rnapol	0.15	0.0	0.0
29	__protein1_rbs	2.65	0.0	0.0
29	__protein2_rbs	1.9	0.0	0.0
29	__protein3_rbs	0.85	0.0	0.0
29	__ribosome	64.65	0.0	0.0
29	__rnase_site_ext	6.5	0.0	0.0
29	p0	0.9	0.0	0.0
29	p2	1.0	0.0	0.0
29	protein1	51.2	6.4	2.74077375
29	protein2	29.55	5.35	2.58166665
29	protein3	2.55	1.5	2.65833335
29	rnapol	0.2	0.0	0.0
30	__protein1_rbs	2.75	0.0	0.0
30	__protein2_rbs	2.05	0.0	0.0
30	__protein3_rbs	0.6	0.0	0.0
30	__ribosome	62.75	0.0	0.0
30	__rnase_site_ext	6.7	0.0	0.0
30	p0	0.8	0.0	0.0
30	p2	0.65	0.0	0.0
30	protein1	54.45	6.5	2.7622619
30	protein2	31.6	5.6	2.7044047000000004
30	protein3	3.25	1.5	2.73333335
30	rnapol	0.1	0.0	0.0
31	__protein1_rbs	3.75	0.0	0.0
31	__protein2_rbs	2.95	0.0	0.0
31	__protein3_rbs	0.65	0.0	0.0
31	__ribosome	62.3	0.0	0.0
31	__rnase_site_ext	6.85	0.0	0.0
31	p0	0.9	0.0	0.0
31	p2	0.45	0.0	0.0
31	protein1	57.65	6.65	2.6810118999999997
31	protein2	33.9	5.95	2.66630945
31	protein3	4.1	1.5	2.7
31	rnapol	0.25	0.0	0.0
32	__protein1_rbs	2.35	0.0	0.0
32	__protein2_rbs	2.25	0.0	0.0
32	__protein3_rbs	0.8	0.0	0.0
32	__ribosome	60.7	0.0	0.0
32	__rnase_site_ext	7.0	0.0	0.0
32	p0	0.8	0.0	0.0
32	p2	0.25	0.0	0.0
32	protein1	61.0	6.8	2.7466071
32	protein2	36.9	6.05	2.71815475
32	protein3	4.65	1.5	2.7833333
32	rnapol	0.2	0.0	0.0
33	__protein1_rbs	3.1	0.0	0.0
33	__protein2_rbs	2.55	0.0	0.0
33	__protein3_rbs	0.5	0.0	0.0
33	__ribosome	60.25	0.0	0.0
33	__rnase_site_ext	7.15	0.0	0.0
33	p0	0.7	0.0	0.0
33	p2	0.35	0.0	0.0
33	protein1	64.55	7.0	2.67017855
33	protein2	39.8	6.05	2.8267856999999994
33	protein3	5.9	1.5	2.6416666500000003
33	rnapol	0.3	0.0	0.0
34	__protein1_rbs	3.35	0.0	0.0
34	__protein2_rbs	2.65	0.0	0.0
34	__protein3_rbs	0.8	0.0	0.0
34	__ribosome	59.9	0.0	0.0
34	__rnase_site_ext	7.3	0.0	0.0
34	p0	0.9	0.0	0.0
34	p2	0.55	0.0	0.0
34	protein1	68.05	7.05	2.65857145
34	protein2	42.9	6.15	2.8172618500000004
34	protein3	6.45	1.5	2.7666666500000003
34	rnapol	0.45	0.0	0.0
35	__protein1_rbs	2.85	0.0	0.0
35	__protein2_rbs	2.85	0.0	0.0
35	__protein3_rbs	0.55	0.0	0.0
35	__ribosome	59.2	0.0	0.0
35	__rnase_site_ext	7.45	0.0	0.0
35	p0	0.8	0.0	0.0
35	p2	0.55	0.0	0.0
35	protein1	71.7	7.25	2.6599206000000004
35	protein2	46.0	6.3	2.8357143500000004
35	protein3	7.4	1.55	2.7416667
35	rnapol	0.25	0.0	0.0
36	__protein1_rbs	3.7	0.0	0.0
36	__protein2_rbs	3.5	0.0	0.0
36	__protein3_rbs	1.0	0.0	0.0
36	__ribosome	58.95	0.0	0.0
36	__rnase_site_ext	7.55	0.0	0.0
36	p0	0.9	0.0	0.0
36	p2	0.6	0.0	0.0
36	protein1	75.15	7.4	2.67192455
36	protein2	48.9	6.6	2.6764882000000005
36	protein3	8.1	1.7	2.45
36	rnapol	0.35	0.0	0.0
37	__protein1_rbs	2.7	0.0	0.0
37	__protein2_rbs	2.55	0.0	0.0
37	__protein3_rbs	0.7	0.0	0.0
37	__ribosome	57.85	0.0	0.0
37	__rnase_site_ext	7.8	0.0	0.0
37	p0	0.95	0.0	0.0
37	p2	0.75	0.0	0.0
37	protein1	78.95	7.55	2.7059326500000003
37	protein2	52.45	6.85	2.5961905
37	protein3	9.0	1.75	2.4916667
37	rnapol	0.3	0.0	0.0
38	__protein1_rbs	3.6	0.0	0.0
38	__protein2_rbs	3.05	0.0	0.0
38	__protein3_rbs	0.95	0.0	0.0
38	__ribosome	57.1	0.0	0.0
38	__rnase_site_ext	7.75	0.0	0.0
38	p0	0.8	0.0	0.0
38	p2	0.9	0.0	0.0
38	protein1	82.75	7.8	2.62321425
38	protein2	55.8	7.0	2.61547615
38	protein3	9.9	1.95	2.30833335
38	rnapol	0.15	0.0	0.0
39	__protein1_rbs	3.45	0.0	0.0
39	__protein2_rbs	3.3	0.0	0.0
39	__protein3_rbs	1.0	0.0	0.0
39	__ribosome	55.9	0.0	0.0
39	__rnase_site_ext	7.9	0.0	0.0
39	p0	0.8	0.0	0.0
39	p2	0.85	0.0	0.0
39	protein1	86.1	7.85	2.7438095500000004
39	protein2	59.55	7.15	2.5617262500000004
39	protein3	10.8	2.1	2.1250000000000004
39	rnapol	0.0	0.0	0.0
40	__protein1_rbs	3.7	0.0	0.0
40	__protein2_rbs	3.45	0.0	0.0
40	__protein3_rbs	0.75	0.0	0.0
40	__ribosome	55.15	0.0	0.0
40	__rnase_site_ext	7.9	0.0	0.0
40	p0	1.0	0.0	0.0
40	p2	0.6	0.0	0.0
40	protein1	90.5	7.85	2.7207738000000004
40	protein2	62.85	7.25	2.58690475
40	protein3	11.5	2.2	2.4291667
40	rnapol	0.15	0.0	0.0
41	__protein1_rbs	3.35	0.0	0.0
41	__protein2_rbs	3.45	0.0	0.0
41	__protein3_rbs	1.3	0.0	0.0
41	__ribosome	53.2	0.0	0.0
41	__rnase_site_ext	7.85	0.0	0.0
41	p0	0.9	0.0	0.0
41	p2	0.6	0.0	0.0
41	protein1	93.95	7.9	2.81811505
41	protein2	65.95	7.2	2.683631
41	protein3	12.1	2.3	2.41250005
41	rnapol	0.2	0.0	0.0
42	__protein1_rbs	3.6	0.0	0.0
42	__protein2_rbs	3.4	0.0	0.0
42	__protein3_rbs	1.2	0.0	0.0
42	__ribosome	53.2	0.0	0.0
42	__rnase_site_ext	7.8	0.0	0.0
42	p0	0.85	0.0	0.0
42	p2	0.65	0.0	0.0
42	protein1	98.6	7.95	2.7387896
42	protein2	69.55	7.55	2.60783735
42	protein3	13.2	2.4	2.375
42	rnapol	0.4	0.0	0.0
43	__protein1_rbs	3.65	0.0	0.0
43	__protein2_rbs	3.6	0.0	0.0
43	__protein3_rbs	1.1	0.0	0.0
43	__ribosome	52.8	0.0	0.0
43	__rnase_site_ext	8.05	0.0	0.0
43	p0	0.7	0.0	0.0
43	p2	0.75	0.0	0.0
43	protein1	102.85	7.8	2.7757341
43	protein2	73.4	7.65	2.5876984500000004
43	protein3	14.15	2.4	2.54583335
43	rnapol	0.5	0.0	0.0
44	__protein1_rbs	3.6	0.0	0.0
44	__protein2_rbs	3.5	0.0	0.0
44	__protein3_rbs	1.1	0.0	0.0
44	__ribosome	52.2	0.0	0.0
44	__rnase_site_ext	8.3	0.0	0.0
44	p0	0.7	0.0	0.0
44	p2	0.8	0.0	0.0
44	protein1	106.7	7.9	2.7155754000000005
44	protein2	77.3	8.0	2.5174999
44	protein3	15.2	2.5	2.67499995
44	rnapol	0.65	0.0	0.0
45	__protein1_rbs	3.6	0.0	0.0
45	__protein2_rbs	4.3	0.0	0.0
45	__protein3_rbs	0.8	0.0	0.0
45	__ribosome	51.55	0.0	0.0
45	__rnase_site_ext	8.6	0.0	0.0
45	p0	0.6	0.0	0.0
45	p2	0.75	0.0	0.0
45	protein1	111.1	8.2	2.63789685
45	protein2	81.05	8.0	2.52730155
45	protein3	16.35	2.55	2.8124999500000003
45	rnapol	0.3	0.0	0.0
46	__protein1_rbs	4.6	0.0	0.0
46	__protein2_rbs	4.25	0.0	0.0
46	__protein3_rbs	1.0	0.0	0.0
46	__ribosome	50.95	0.0	0.0
46	__rnase_site_ext	8.9	0.0	0.0
46	p0	0.8	0.0	0.0
46	p2	0.7	0.0	0.0
46	protein1	115.05	8.45	2.5377489
46	protein2	84.6	8.35	2.4837301
46	protein3	17.55	2.55	2.8416667
46	rnapol	0.25	0.0	0.0
47	__protein1_rbs	3.65	0.0	0.0
47	__protein2_rbs	4.6	0.0	0.0
47	__protein3_rbs	1.5	0.0	0.0
47	__ribosome	50.55	0.0	0.0
47	__rnase_site_ext	9.0	0.0	0.0
47	p0	0.7	0.0	0.0
47	p2	0.5	0.0	0.0
47	protein1	119.5	8.85	2.5080087000000004
47	protein2	88.6	8.45	2.45198415
47	protein3	18.8	2.6	2.73333335
47	rnapol	0.2	0.0	0.0
48	__protein1_rbs	3.85	0.0	0.0
48	__protein2_rbs	4.1	0.0	0.0
48	__protein3_rbs	1.25	0.0	0.0
48	__ribosome	48.95	0.0	0.0
48	__rnase_site_ext	9.15	0.0	0.0
48	p0	0.8	0.0	0.0
48	p2	0.55	0.0	0.0
48	protein1	123.1	8.85	2.6392966
48	protein2	92.75	8.6	2.4450794
48	protein3	20.15	2.6	2.7125
48	rnapol	0.35	0.0	0.0
49	__protein1_rbs	4.25	0.0	0.0
49	__protein2_rbs	4.15	0.0	0.0
49	__protein3_rbs	1.4	0.0	0.0
49	__ribosome	48.55	0.0	0.0
49	__rnase_site_ext	9.25	0.0	0.0
49	p0	0.8	0.0	0.0
49	p2	0.6	0.0	0.0
49	protein1	127.75	9.2	2.5228697999999996
49	protein2	96.85	8.65	2.4850793999999996
49	protein3	21.5	2.6	2.7583333
49	rnapol	0.3	0.0	0.0
50	__protein1_rbs	4.75	0.0	0.0
50	__protein2_rbs	4.2	0.0	0.0
50	__protein3_rbs	1.1	0.0	0.0
50	__ribosome	48.15	0.0	0.0
50	__rnase_site_ext	9.45	0.0	0.0
50	p0	0.75	0.0	0.0
50	p2	0.65	0.0	0.0
50	protein1	132.05	9.15	2.5143812999999997
50	protein2	100.7	8.6	2.5760317
50	protein3	23.0	2.65	2.7375
50	rnapol	0.3	0.0	0.0
51	__protein1_rbs	4.75	0.0	0.0
51	__protein2_rbs	4.15	0.0	0.0
51	__protein3_rbs	1.5	0.0	0.0
51	__ribosome	47.45	0.0	0.0
51	__rnase_site_ext	9.65	0.0	0.0
51	p0	0.8	0.0	0.0
51	p2	0.7	0.0	0.0
51	protein1	135.95	9.35	2.5153409
51	protein2	105.05	8.65	2.59565475
51	protein3	24.25	2.65	2.5825000000000005
51	rnapol	0.15	0.0	0.0
52	__protein1_rbs	4.3	0.0	0.0
52	__protein2_rbs	5.25	0.0	0.0
52	__protein3_rbs	1.4	0.0	0.0
52	__ribosome	47.85	0.0	0.0
52	__rnase_site_ext	9.85	0.0	0.0
52	p0	0.75	0.0	0.0
52	p2	0.7	0.0	0.0
52	protein1	140.95	9.6	2.4784379000000003
52	protein2	109.15	8.9	2.44384915
52	protein3	25.55	2.75	2.49666665
52	rnapol	0.15	0.0	0.0
53	__protein1_rbs	5.3	0.0	0.0
53	__protein2_rbs	4.45	0.0	0.0
53	__protein3_rbs	1.35	0.0	0.0
53	__ribosome	48.45	0.0	0.0
53	__rnase_site_ext	9.8	0.0	0.0
53	p0	0.9	0.0	0.0
53	p2	0.75	0.0	0.0
53	protein1	145.8	9.8	2.38015145
53	protein2	113.5	9.1	2.4169624999999995
53	protein3	27.15	2.75	2.4433333
53	rnapol	0.25	0.0	0.0
54	__protein1_rbs	5.25	0.0	0.0
54	__protein2_rbs	4.75	0.0	0.0
54	__protein3_rbs	1.2	0.0	0.0
54	__ribosome	46.65	0.0	0.0
54	__rnase_site_ext	9.9	0.0	0.0
54	p0	0.8	0.0	0.0
54	p2	0.85	0.0	0.0
54	protein1	150.35	9.85	2.3969444500000003
54	protein2	117.15	9.4	2.4487787999999995
54	protein3	28.25	2.75	2.4916666500000004
54	rnapol	0.3	0.0	0.0
55	__protein1_rbs	4.5	0.0	0.0
55	__protein2_rbs	5.3	0.0	0.0
55	__protein3_rbs	1.45	0.0	0.0
55	__ribosome	47.05	0.0	0.0
55	__rnase_site_ext	10.05	0.0	0.0
55	p0	0.85	0.0	0.0
55	p2	0.85	0.0	0.0
55	protein1	154.75	9.85	2.4928409
55	protein2	122.45	9.45	2.3074369500000005
55	protein3	29.6	2.85	2.3433333499999995
55	rnapol	0.2	0.0	0.0
56	__protein1_rbs	4.85	0.0	0.0
56	__protein2_rbs	4.7	0.0	0.0
56	__protein3_rbs	1.15	0.0	0.0
56	__ribosome	45.7	0.0	0.0
56	__rnase_site_ext	10.05	0.0	0.0
56	p0	0.9	0.0	0.0
56	p2	0.85	0.0	0.0
56	protein1	159.3	10.0	2.50274885
56	protein2	126.35	9.65	2.346553
56	protein3	31.25	2.85	2.3808333
56	rnapol	0.15	0.0	0.0
57	__protein1_rbs	5.15	0.0	0.0
57	__protein2_rbs	5.6	0.0	0.0
57	__protein3_rbs	1.5	0.0	0.0
57	__ribosome	46.05	0.0	0.0
57	__rnase_site_ext	10.05	0.0	0.0
57	p0	0.9	0.0	0.0
57	p2	0.65	0.0	0.0
57	protein1	164.4	10.15	2.429684300000001
57	protein2	130.6	9.7	2.3055682
57	protein3	32.3	2.9	2.5275
57	rnapol	0.2	0.0	0.0
58	__protein1_rbs	5.65	0.0	0.0
58	__protein2_rbs	4.7	0.0	0.0
58	__protein3_rbs	1.9	0.0	0.0
58	__ribosome	45.45	0.0	0.0
58	__rnase_site_ext	10.15	0.0	0.0
58	p0	0.8	0.0	0.0
58	p2	0.55	0.0	0.0
58	protein1	168.85	10.05	2.4533963999999995
58	protein2	134.85	9.8	2.3728156000000005
58	protein3	33.75	2.9	2.38
58	rnapol	0.3	0.0	0.0
59	__protein1_rbs	4.95	0.0	0.0
59	__protein2_rbs	5.2	0.0	0.0
59	__protein3_rbs	1.3	0.0	0.0
59	__ribosome	43.35	0.0	0.0
59	__rnase_site_ext	10.4	0.0	0.0
59	p0	0.85	0.0	0.0
59	p2	0.5	0.0	0.0
59	protein1	173.1	10.05	2.5731187500000003
59	protein2	139.15	10.1	2.3547348
59	protein3	35.1	2.85	2.5875
59	rnapol	0.25	0.0	0.0
60	__protein1_rbs	4.5	0.0	0.0
60	__protein2_rbs	4.95	0.0	0.0
60	__protein3_rbs	1.55	0.0	0.0
60	__ribosome	43.3	0.0	0.0
60	__rnase_site_ext	10.45	0.0	0.0
60	p0	0.85	0.0	0.0
60	p2	0.5	0.0	0.0
60	protein1	178.9	10.3	2.47068645
60	protein2	143.75	10.3	2.3541162
60	protein3	36.5	2.85	2.5491667000000002
60	rnapol	0.35	0.0	0.0
61	__protein1_rbs	5.65	0.0	0.0
61	__protein2_rbs	5.9	0.0	0.0
61	__protein3_rbs	1.05	0.0	0.0
61	__ribosome	42.65	0.0	0.0
61	__rnase_site_ext	10.75	0.0	0.0
61	p0	0.85	0.0	0.0
61	p2	0.55	0.0	0.0
61	protein1	183.6	10.5	2.4492386
61	protein2	148.1	10.5	2.3254701000000004
61	protein3	38.15	2.9	2.48499995
61	rnapol	0.25	0.0	0.0
62	__protein1_rbs	5.65	0.0	0.0
62	__protein2_rbs	5.45	0.0	0.0
62	__protein3_rbs	1.85	0.0	0.0
62	__ribosome	42.2	0.0	0.0
62	__rnase_site_ext	10.7	0.0	0.0
62	p0	0.85	0.0	0.0
62	p2	0.7	0.0	0.0
62	protein1	188.2	10.65	2.429863
62	protein2	152.6	10.6	2.37063915
62	protein3	39.5	2.9	2.31000005
62	rnapol	0.3	0.0	0.0
63	__protein1_rbs	6.5	0.0	0.0
63	__protein2_rbs	5.8	0.0	0.0
63	__protein3_rbs	1.6	0.0	0.0
63	__ribosome	42.75	0.0	0.0
63	__rnase_site_ext	10.75	0.0	0.0
63	p0	0.85	0.0	0.0
63	p2	0.6	0.0	0.0
63	protein1	193.1	10.8	2.35024375
63	protein2	157.45	10.8	2.35706155
63	protein3	41.05	3.0	2.2483333
63	rnapol	0.4	0.0	0.0
64	__protein1_rbs	4.85	0.0	0.0
64	__protein2_rbs	5.8	0.0	0.0
64	__protein3_rbs	1.9	0.0	0.0
64	__ribosome	42.4	0.0	0.0
64	__rnase_site_ext	10.8	0.0	0.0
64	p0	0.75	0.0	0.0
64	p2	0.6	0.0	0.0
64	protein1	198.3	10.65	2.4565121500000004
64	protein2	162.5	10.7	2.3622171999999995
64	protein3	42.2	3.1	2.22714285
64	rnapol	0.35	0.0	0.0
65	__protein1_rbs	5.35	0.0	0.0
65	__protein2_rbs	5.4	0.0	0.0
65	__protein3_rbs	1.55	0.0	0.0
65	__ribosome	42.15	0.0	0.0
65	__rnase_site_ext	11.15	0.0	0.0
65	p0	0.6	0.0	0.0
65	p2	0.6	0.0	0.0
65	protein1	204.15	10.7	2.40714735
65	protein2	167.55	10.75	2.3755738999999996
65	protein3	43.5	3.3	2.2530952
65	rnapol	0.25	0.0	0.0
66	__protein1_rbs	5.55	0.0	0.0
66	__protein2_rbs	5.9	0.0	0.0
66	__protein3_rbs	1.95	0.0	0.0
66	__ribosome	41.55	0.0	0.0
66	__rnase_site_ext	11.3	0.0	0.0
66	p0	0.75	0.0	0.0
66	p2	0.7	0.0	0.0
66	protein1	208.85	10.95	2.4302137000000004
66	protein2	172.35	10.8	2.357077549999999
66	protein3	44.9	3.3	2.1809524
66	rnapol	0.05	0.0	0.0
67	__protein1_rbs	6.1	0.0	0.0
67	__protein2_rbs	5.7	0.0	0.0
67	__protein3_rbs	1.5	0.0	0.0
67	__ribosome	40.75	0.0	0.0
67	__rnase_site_ext	11.35	0.0	0.0
67	p0	0.9	0.0	0.0
67	p2	0.8	0.0	0.0
67	protein1	213.6	11.25	2.3802588
67	protein2	177.35	10.85	2.3641162000000002
67	protein3	46.25	3.35	2.23654765
67	rnapol	0.1	0.0	0.0
68	__protein1_rbs	5.9	0.0	0.0
68	__protein2_rbs	6.3	0.0	0.0
68	__protein3_rbs	1.65	0.0	0.0
68	__ribosome	39.7	0.0	0.0
68	__rnase_site_ext	11.3	0.0	0.0
68	p0	1.0	0.0	0.0
68	p2	0.65	0.0	0.0
68	protein1	218.35	11.4	2.4134721500000005
68	protein2	182.3	11.25	2.2678398
68	protein3	47.35	3.35	2.3379762000000004
68	rnapol	0.3	0.0	0.0
69	__protein1_rbs	6.35	0.0	0.0
69	__protein2_rbs	6.15	0.0	0.0
69	__protein3_rbs	1.85	0.0	0.0
69	__ribosome	39.65	0.0	0.0
69	__rnase_site_ext	11.55	0.0	0.0
69	p0	0.65	0.0	0.0
69	p2	0.65	0.0	0.0
69	protein1	223.95	11.4	2.37987815
69	protein2	187.4	11.25	2.2944452499999994
69	protein3	48.75	3.45	2.3945833
69	rnapol	0.25	0.0	0.0
70	__protein1_rbs	6.35	0.0	0.0
70	__protein2_rbs	6.55	0.0	0.0
70	__protein3_rbs	1.8	0.0	0.0
70	__ribosome	39.6	0.0	0.0
70	__rnase_site_ext	11.6	0.0	0.0
70	p0	0.8	0.0	0.0
70	p2	0.9	0.0	0.0
70	protein1	228.9	11.4	2.3917421000000005
70	protein2	192.15	11.35	2.27008845
70	protein3	50.45	3.55	2.3087500000000007
70	rnapol	0.3	0.0	0.0
71	__protein1_rbs	6.55	0.0	0.0
71	__protein2_rbs	6.0	0.0	0.0
71	__protein3_rbs	1.7	0.0	0.0
71	__ribosome	39.6	0.0	0.0
71	__rnase_site_ext	11.85	0.0	0.0
71	p0	0.75	0.0	0.0
71	p2	0.85	0.0	0.0
71	protein1	234.55	11.6	2.3183792500000004
71	protein2	197.6	11.45	2.2550484499999994
71	protein3	52.05	3.6	2.37583335
71	rnapol	0.25	0.0	0.0
72	__protein1_rbs	6.4	0.0	0.0
72	__protein2_rbs	5.95	0.0	0.0
72	__protein3_rbs	1.65	0.0	0.0
72	__ribosome	39.45	0.0	0.0
72	__rnase_site_ext	12.0	0.0	0.0
72	p0	0.85	0.0	0.0
72	p2	0.55	0.0	0.0
72	protein1	239.8	11.8	2.2808763
72	protein2	202.4	11.6	2.2843279
72	protein3	53.65	3.5	2.4708334
72	rnapol	0.2	0.0	0.0
73	__protein1_rbs	6.65	0.0	0.0
73	__protein2_rbs	6.45	0.0	0.0
73	__protein3_rbs	1.7	0.0	0.0
73	__ribosome	39.7	0.0	0.0
73	__rnase_site_ext	11.95	0.0	0.0
73	p0	0.85	0.0	0.0
73	p2	0.5	0.0	0.0
73	protein1	244.95	12.0	2.236629550000001
73	protein2	208.15	11.65	2.22975905
73	protein3	55.45	3.5	2.46744055
73	rnapol	0.15	0.0	0.0
74	__protein1_rbs	7.25	0.0	0.0
74	__protein2_rbs	6.3	0.0	0.0
74	__protein3_rbs	1.95	0.0	0.0
74	__ribosome	38.8	0.0	0.0
74	__rnase_site_ext	12.1	0.0	0.0
74	p0	0.75	0.0	0.0
74	p2	0.75	0.0	0.0
74	protein1	250.2	11.9	2.2332002
74	protein2	212.65	12.0	2.255894
74	protein3	56.9	3.45	2.55916675
74	rnapol	0.25	0.0	0.0
75	__protein1_rbs	6.4	0.0	0.0
75	__protein2_rbs	7.25	0.0	0.0
75	__protein3_rbs	1.75	0.0	0.0
75	__ribosome	38.25	0.0	0.0
75	__rnase_site_ext	12.1	0.0	0.0
75	p0	0.75	0.0	0.0
75	p2	0.65	0.0	0.0
75	protein1	255.25	12.1	2.2589497000000005
75	protein2	217.9	12.15	2.2106334
75	protein3	58.65	3.4	2.38999995
75	rnapol	0.2	0.0	0.0
76	__protein1_rbs	7.35	0.0	0.0
76	__protein2_rbs	6.7	0.0	0.0
76	__protein3_rbs	2.2	0.0	0.0
76	__ribosome	38.3	0.0	0.0
76	__rnase_site_ext	12.05	0.0	0.0
76	p0	0.85	0.0	0.0
76	p2	0.55	0.0	0.0
76	protein1	260.55	12.1	2.2285887000000004
76	protein2	223.05	12.2	2.24161915
76	protein3	60.15	3.55	2.25523815
76	rnapol	0.15	0.0	0.0
77	__protein1_rbs	6.7	0.0	0.0
77	__protein2_rbs	6.6	0.0	0.0
77	__protein3_rbs	2.1	0.0	0.0
77	__ribosome	37.1	0.0	0.0
77	__rnase_site_ext	11.95	0.0	0.0
77	p0	0.95	0.0	0.0
77	p2	0.75	0.0	0.0
77	protein1	265.55	12.15	2.2476003
77	protein2	228.2	12.15	2.2897525
77	protein3	61.75	3.7	2.27452385
77	rnapol	0.35	0.0	0.0
78	__protein1_rbs	6.4	0.0	0.0
78	__protein2_rbs	6.8	0.0	0.0
78	__protein3_rbs	2.1	0.0	0.0
78	__ribosome	37.5	0.0	0.0
78	__rnase_site_ext	12.1	0.0	0.0
78	p0	0.7	0.0	0.0
78	p2	0.6	0.0	0.0
78	protein1	271.1	11.95	2.29483125
78	protein2	233.6	12.3	2.24560435
78	protein3	63.45	3.75	2.18636905
78	rnapol	0.25	0.0	0.0
79	__protein1_rbs	6.85	0.0	0.0
79	__protein2_rbs	7.25	0.0	0.0
79	__protein3_rbs	2.15	0.0	0.0
79	__ribosome	39.2	0.0	0.0
79	__rnase_site_ext	12.1	0.0	0.0
79	p0	0.9	0.0	0.0
79	p2	0.45	0.0	0.0
79	protein1	277.0	12.05	2.18507695
79	protein2	239.3	12.35	2.1724518999999995
79	protein3	65.2	3.85	2.10375
79	rnapol	0.3	0.0	0.0
80	__protein1_rbs	7.15	0.0	0.0
80	__protein2_rbs	6.65	0.0	0.0
80	__protein3_rbs	2.35	0.0	0.0
80	__ribosome	38.4	0.0	0.0
80	__rnase_site_ext	12.15	0.0	0.0
80	p0	0.65	0.0	0.0
80	p2	0.7	0.0	0.0
80	protein1	282.15	12.1	2.1502428
80	protein2	243.9	12.4	2.26289985
80	protein3	66.85	3.85	2.05369045
80	rnapol	0.45	0.0	0.0
81	__protein1_rbs	6.85	0.0	0.0
81	__protein2_rbs	7.6	0.0	0.0
81	__protein3_rbs	2.7	0.0	0.0
81	__ribosome	38.85	0.0	0.0
81	__rnase_site_ext	12.4	0.0	0.0
81	p0	0.7	0.0	0.0
81	p2	0.9	0.0	0.0
81	protein1	286.8	12.1	2.2204331500000003
81	protein2	249.9	12.4	2.1537949
81	protein3	68.4	3.9	1.9573214
81	rnapol	0.45	0.0	0.0
82	__protein1_rbs	7.1	0.0	0.0
82	__protein2_rbs	7.35	0.0	0.0
82	__protein3_rbs	1.85	0.0	0.0
82	__ribosome	39.0	0.0	0.0
82	__rnase_site_ext	12.6	0.0	0.0
82	p0	0.85	0.0	0.0
82	p2	0.8	0.0	0.0
82	protein1	292.35	12.25	2.1505258
82	protein2	255.3	12.7	2.1115514000000006
82	protein3	70.05	3.9	2.1125
82	rnapol	0.35	0.0	0.0
83	__protein1_rbs	7.0	0.0	0.0
83	__protein2_rbs	7.15	0.0	0.0
83	__protein3_rbs	2.4	0.0	0.0
83	__ribosome	38.7	0.0	0.0
83	__rnase_site_ext	12.6	0.0	0.0
83	p0	0.7	0.0	0.0
83	p2	0.6	0.0	0.0
83	protein1	297.75	12.55	2.1184111500000005
83	protein2	261.0	12.85	2.11289185
83	protein3	71.6	4.0	1.99101185
83	rnapol	0.2	0.0	0.0
84	__protein1_rbs	6.55	0.0	0.0
84	__protein2_rbs	7.15	0.0	0.0
84	__protein3_rbs	1.9	0.0	0.0
84	__ribosome	37.5	0.0	0.0
84	__rnase_site_ext	12.85	0.0	0.0
84	p0	0.8	0.0	0.0
84	p2	0.6	0.0	0.0
84	protein1	303.35	12.5	2.172771600000001
84	protein2	266.5	12.75	2.11568235
84	protein3	73.1	4.0	2.21678565
84	rnapol	0.2	0.0	0.0
85	__protein1_rbs	7.9	0.0	0.0
85	__protein2_rbs	7.2	0.0	0.0
85	__protein3_rbs	2.3	0.0	0.0
85	__ribosome	37.1	0.0	0.0
85	__rnase_site_ext	12.8	0.0	0.0
85	p0	0.85	0.0	0.0
85	p2	0.65	0.0	0.0
85	protein1	308.1	12.8	2.15522205
85	protein2	271.75	13.0	2.1375573
85	protein3	75.2	4.0	2.0633928
85	rnapol	0.1	0.0	0.0
86	__protein1_rbs	6.7	0.0	0.0
86	__protein2_rbs	8.1	0.0	0.0
86	__protein3_rbs	2.1	0.0	0.0
86	__ribosome	36.0	0.0	0.0
86	__rnase_site_ext	12.75	0.0	0.0
86	p0	0.85	0.0	0.0
86	p2	0.75	0.0	0.0
86	protein1	314.05	12.85	2.17729855
86	protein2	276.65	13.25	2.091273
86	protein3	76.35	4.05	2.20539685
86	rnapol	0.1	0.0	0.0
87	__protein1_rbs	7.2	0.0	0.0
87	__protein2_rbs	7.95	0.0	0.0
87	__protein3_rbs	2.45	0.0	0.0
87	__ribosome	36.0	0.0	0.0
87	__rnase_site_ext	12.75	0.0	0.0
87	p0	0.9	0.0	0.0
87	p2	0.6	0.0	0.0
87	protein1	319.2	12.8	2.224078
87	protein2	282.05	13.3	2.0674322999999992
87	protein3	78.2	4.1	2.16805555
87	rnapol	0.1	0.0	0.0
88	__protein1_rbs	7.45	0.0	0.0
88	__protein2_rbs	7.25	0.0	0.0
88	__protein3_rbs	2.3	0.0	0.0
88	__ribosome	35.6	0.0	0.0
88	__rnase_site_ext	12.7	0.0	0.0
88	p0	0.9	0.0	0.0
88	p2	0.75	0.0	0.0
88	protein1	324.55	12.85	2.2127602000000004
88	protein2	287.95	13.4	2.046085
88	protein3	79.8	4.15	2.2097618500000005
88	rnapol	0.2	0.0	0.0
89	__protein1_rbs	7.25	0.0	0.0
89	__protein2_rbs	7.25	0.0	0.0
89	__protein3_rbs	3.1	0.0	0.0
89	__ribosome	35.9	0.0	0.0
89	__rnase_site_ext	12.45	0.0	0.0
89	p0	0.85	0.0	0.0
89	p2	0.7	0.0	0.0
89	protein1	330.05	12.85	2.1911967999999997
89	protein2	293.7	13.35	2.1201437999999997
89	protein3	81.8	4.4	1.8889285500000004
89	rnapol	0.3	0.0	0.0
90	__protein1_rbs	7.3	0.0	0.0
90	__protein2_rbs	8.0	0.0	0.0
90	__protein3_rbs	2.4	0.0	0.0
90	__ribosome	36.05	0.0	0.0
90	__rnase_site_ext	12.55	0.0	0.0
90	p0	0.85	0.0	0.0
90	p2	0.75	0.0	0.0
90	protein1	335.95	12.55	2.1838545
90	protein2	299.2	13.65	2.06040985
90	protein3	83.35	4.4	2.0548809999999995
90	rnapol	0.25	0.0	0.0
91	__protein1_rbs	6.6	0.0	0.0
91	__protein2_rbs	7.75	0.0	0.0
91	__protein3_rbs	2.85	0.0	0.0
91	__ribosome	35.85	0.0	0.0
91	__rnase_site_ext	12.7	0.0	0.0
91	p0	0.8	0.0	0.0
91	p2	0.75	0.0	0.0
91	protein1	341.9	12.6	2.18878525
91	protein2	304.45	13.8	2.0897451
91	protein3	85.4	4.4	1.9383333999999999
91	rnapol	0.15	0.0	0.0
92	__protein1_rbs	7.65	0.0	0.0
92	__protein2_rbs	7.6	0.0	0.0
92	__protein3_rbs	2.7	0.0	0.0
92	__ribosome	34.15	0.0	0.0
92	__rnase_site_ext	12.65	0.0	0.0
92	p0	0.9	0.0	0.0
92	p2	0.6	0.0	0.0
92	protein1	346.9	12.7	2.15948505
92	protein2	309.5	13.8	2.18171415
92	protein3	86.8	4.5	2.0111309500000005
92	rnapol	0.3	0.0	0.0
93	__protein1_rbs	7.25	0.0	0.0
93	__protein2_rbs	8.55	0.0	0.0
93	__protein3_rbs	2.7	0.0	0.0
93	__ribosome	35.25	0.0	0.0
93	__rnase_site_ext	12.8	0.0	0.0
93	p0	0.9	0.0	0.0
93	p2	0.6	0.0	0.0
93	protein1	352.8	12.75	2.1193650000000006
93	protein2	315.5	14.0	2.0999423000000004
93	protein3	88.7	4.45	2.02966265
93	rnapol	0.25	0.0	0.0
94	__protein1_rbs	7.3	0.0	0.0
94	__protein2_rbs	7.6	0.0	0.0
94	__protein3_rbs	2.65	0.0	0.0
94	__ribosome	34.2	0.0	0.0
94	__rnase_site_ext	12.85	0.0	0.0
94	p0	0.85	0.0	0.0
94	p2	0.65	0.0	0.0
94	protein1	357.95	12.75	2.1203643000000003
94	protein2	321.45	13.8	2.1546291500000003
94	protein3	90.1	4.55	2.077996
94	rnapol	0.3	0.0	0.0
95	__protein1_rbs	7.75	0.0	0.0
95	__protein2_rbs	8.9	0.0	0.0
95	__protein3_rbs	2.6	0.0	0.0
95	__ribosome	35.7	0.0	0.0
95	__rnase_site_ext	12.85	0.0	0.0
95	p0	0.8	0.0	0.0
95	p2	0.65	0.0	0.0
95	protein1	363.5	12.75	2.0912151500000005
95	protein2	327.5	13.9	2.079829
95	protein3	92.1	4.45	2.06855155
95	rnapol	0.5	0.0	0.0
96	__protein1_rbs	7.05	0.0	0.0
96	__protein2_rbs	8.35	0.0	0.0
96	__protein3_rbs	3.3	0.0	0.0
96	__ribosome	36.7	0.0	0.0
96	__rnase_site_ext	13.05	0.0	0.0
96	p0	0.65	0.0	0.0
96	p2	0.4	0.0	0.0
96	protein1	369.35	12.75	2.0816678000000004
96	protein2	333.55	13.9	2.0658255000000003
96	protein3	93.9	4.55	1.92936505
96	rnapol	0.25	0.0	0.0
97	__protein1_rbs	7.1	0.0	0.0
97	__protein2_rbs	7.5	0.0	0.0
97	__protein3_rbs	2.5	0.0	0.0
97	__ribosome	34.4	0.0	0.0
97	__rnase_site_ext	13.2	0.0	0.0
97	p0	0.6	0.0	0.0
97	p2	0.55	0.0	0.0
97	protein1	374.0	13.0	2.1639981
97	protein2	339.75	13.8	2.1089504500000005
97	protein3	95.95	4.55	1.9835713999999995
97	rnapol	0.25	0.0	0.0
98	__protein1_rbs	7.85	0.0	0.0
98	__protein2_rbs	7.75	0.0	0.0
98	__protein3_rbs	2.4	0.0	0.0
98	__ribosome	34.1	0.0	0.0
98	__rnase_site_ext	13.45	0.0	0.0
98	p0	0.75	0.0	0.0
98	p2	0.65	0.0	0.0
98	protein1	379.7	13.25	2.10394595
98	protein2	345.55	13.8	2.1123024
98	protein3	97.65	4.55	2.13327385
98	rnapol	0.3	0.0	0.0
99	__protein1_rbs	8.4	0.0	0.0
99	__protein2_rbs	7.85	0.0	0.0
99	__protein3_rbs	2.55	0.0	0.0
99	__ribosome	33.65	0.0	0.0
99	__rnase_site_ext	13.5	0.0	0.0
99	p0	0.8	0.0	0.0
99	p2	0.9	0.0	0.0
99	protein1	384.8	13.35	2.1162046
99	protein2	351.75	13.95	2.0660119999999997
99	protein3	99.4	4.6	2.1291071500000003
99	rnapol	0.2	0.0	0.0
100	__protein1_rbs	8.05	0.0	0.0
100	__protein2_rbs	7.95	0.0	0.0
100	__protein3_rbs	3.1	0.0	0.0
100	__ribosome	32.9	0.0	0.0
100	__rnase_site_ext	13.7	0.0	0.0
100	p0	0.95	0.0	0.0
100	p2	0.8	0.0	0.0
100	protein1	390.45	13.45	2.08193015
100	protein2	356.55	13.95	2.1700443000000003
100	protein3	101.55	4.65	1.99059525
100	rnapol	0.15	0.0	0.0
101	__protein1_rbs	8.1	0.0	0.0
101	__protein2_rbs	8.3	0.0	0.0
101	__protein3_rbs	3.3	0.0	0.0
101	__ribosome	32.95	0.0	0.0
101	__rnase_site_ext	13.65	0.0	0.0
101	p0	1.0	0.0	0.0
101	p2	0.8	0.0	0.0
101	protein1	395.65	13.6	2.1234632999999996
101	protein2	362.55	14.05	2.11856955
101	protein3	103.25	4.75	1.92761905
101	rnapol	0.15	0.0	0.0
102	__protein1_rbs	8.0	0.0	0.0
102	__protein2_rbs	7.9	0.0	0.0
102	__protein3_rbs	3.0	0.0	0.0
102	__ribosome	32.65	0.0	0.0
102	__rnase_site_ext	13.7	0.0	0.0
102	p0	0.9	0.0	0.0
102	p2	0.7	0.0	0.0
102	protein1	401.8	13.65	2.1031606500000004
102	protein2	368.3	14.05	2.1418596
102	protein3	105.35	4.9	1.8364286000000003
102	rnapol	0.25	0.0	0.0
103	__protein1_rbs	8.15	0.0	0.0
103	__protein2_rbs	8.55	0.0	0.0
103	__protein3_rbs	3.2	0.0	0.0
103	__ribosome	34.05	0.0	0.0
103	__rnase_site_ext	13.85	0.0	0.0
103	p0	0.7	0.0	0.0
103	p2	0.65	0.0	0.0
103	protein1	407.55	13.6	2.08502875
103	protein2	374.5	14.15	2.0860090499999995
103	protein3	107.45	5.0	1.6929167000000005
103	rnapol	0.15	0.0	0.0
104	__protein1_rbs	7.85	0.0	0.0
104	__protein2_rbs	8.1	0.0	0.0
104	__protein3_rbs	2.8	0.0	0.0
104	__ribosome	33.95	0.0	0.0
104	__rnase_site_ext	14.0	0.0	0.0
104	p0	0.9	0.0	0.0
104	p2	0.7	0.0	0.0
104	protein1	413.5	13.7	2.0645693
104	protein2	380.6	14.2	2.07327325
104	protein3	109.35	5.05	1.8116667000000002
104	rnapol	0.25	0.0	0.0
105	__protein1_rbs	8.4	0.0	0.0
105	__protein2_rbs	8.45	0.0	0.0
105	__protein3_rbs	2.85	0.0	0.0
105	__ribosome	34.1	0.0	0.0
105	__rnase_site_ext	14.05	0.0	0.0
105	p0	0.9	0.0	0.0
105	p2	0.7	0.0	0.0
105	protein1	418.4	13.9	2.0715648
105	protein2	387.1	14.1	1.9999619
105	protein3	111.0	5.1	1.86374995
105	rnapol	0.45	0.0	0.0
106	__protein1_rbs	8.55	0.0	0.0
106	__protein2_rbs	9.1	0.0	0.0
106	__protein3_rbs	3.05	0.0	0.0
106	__ribosome	34.8	0.0	0.0
106	__rnase_site_ext	14.1	0.0	0.0
106	p0	0.65	0.0	0.0
106	p2	0.75	0.0	0.0
106	protein1	424.35	13.9	2.0481378
106	protein2	392.75	14.25	1.93554875
106	protein3	112.65	5.1	1.9162499500000003
106	rnapol	0.45	0.0	0.0
107	__protein1_rbs	7.4	0.0	0.0
107	__protein2_rbs	8.3	0.0	0.0
107	__protein3_rbs	3.3	0.0	0.0
107	__ribosome	33.45	0.0	0.0
107	__rnase_site_ext	14.25	0.0	0.0
107	p0	0.8	0.0	0.0
107	p2	0.75	0.0	0.0
107	protein1	430.6	13.85	2.0752684999999995
107	protein2	398.05	14.4	1.9729726000000003
107	protein3	114.55	5.15	1.95958335
107	rnapol	0.35	0.0	0.0
108	__protein1_rbs	8.5	0.0	0.0
108	__protein2_rbs	8.6	0.0	0.0
108	__protein3_rbs	2.75	0.0	0.0
108	__ribosome	32.95	0.0	0.0
108	__rnase_site_ext	14.4	0.0	0.0
108	p0	0.7	0.0	0.0
108	p2	0.7	0.0	0.0
108	protein1	436.0	14.15	2.0403339
108	protein2	404.0	14.6	1.9313083
108	protein3	116.55	5.15	2.05375
108	rnapol	0.3	0.0	0.0
109	__protein1_rbs	7.65	0.0	0.0
109	__protein2_rbs	9.1	0.0	0.0
109	__protein3_rbs	2.95	0.0	0.0
109	__ribosome	32.9	0.0	0.0
109	__rnase_site_ext	14.4	0.0	0.0
109	p0	0.8	0.0	0.0
109	p2	0.5	0.0	0.0
109	protein1	441.6	14.15	2.1053136
109	protein2	410.45	14.6	1.91458515
109	protein3	118.85	5.1	2.01625005
109	rnapol	0.25	0.0	0.0
110	__protein1_rbs	8.15	0.0	0.0
110	__protein2_rbs	9.0	0.0	0.0
110	__protein3_rbs	3.0	0.0	0.0
110	__ribosome	32.25	0.0	0.0
110	__rnase_site_ext	14.45	0.0	0.0
110	p0	0.85	0.0	0.0
110	p2	0.55	0.0	0.0
110	protein1	447.55	14.35	2.08373975
110	protein2	415.15	14.4	1.9794273
110	protein3	120.85	5.1	2.0323809500000003
110	rnapol	0.35	0.0	0.0
111	__protein1_rbs	8.35	0.0	0.0
111	__protein2_rbs	8.9	0.0	0.0
111	__protein3_rbs	3.4	0.0	0.0
111	__ribosome	30.8	0.0	0.0
111	__rnase_site_ext	14.45	0.0	0.0
111	p0	0.8	0.0	0.0
111	p2	0.65	0.0	0.0
111	protein1	452.8	14.4	2.1452221000000002
111	protein2	420.45	14.5	2.0060795500000004
111	protein3	122.9	5.3	1.9581548
111	rnapol	0.4	0.0	0.0
112	__protein1_rbs	9.1	0.0	0.0
112	__protein2_rbs	8.65	0.0	0.0
112	__protein3_rbs	3.1	0.0	0.0
112	__ribosome	31.15	0.0	0.0
112	__rnase_site_ext	14.75	0.0	0.0
112	p0	0.6	0.0	0.0
112	p2	0.6	0.0	0.0
112	protein1	459.1	14.45	2.09446215
112	protein2	426.6	14.6	1.9886433500000005
112	protein3	124.7	5.25	2.04720235
112	rnapol	0.3	0.0	0.0
113	__protein1_rbs	8.6	0.0	0.0
113	__protein2_rbs	9.05	0.0	0.0
113	__protein3_rbs	3.05	0.0	0.0
113	__ribosome	32.2	0.0	0.0
113	__rnase_site_ext	14.9	0.0	0.0
113	p0	0.8	0.0	0.0
113	p2	0.6	0.0	0.0
113	protein1	465.45	14.5	2.0622978
113	protein2	432.85	14.65	1.97568415
113	protein3	127.45	5.25	1.9317857000000005
113	rnapol	0.3	0.0	0.0
114	__protein1_rbs	8.55	0.0	0.0
114	__protein2_rbs	8.3	0.0	0.0
114	__protein3_rbs	3.35	0.0	0.0
114	__ribosome	30.85	0.0	0.0
114	__rnase_site_ext	14.9	0.0	0.0
114	p0	0.95	0.0	0.0
114	p2	0.9	0.0	0.0
114	protein1	471.3	14.8	2.0393672
114	protein2	438.05	14.55	2.05367525
114	protein3	129.25	5.2	1.9377976
114	rnapol	0.6	0.0	0.0
115	__protein1_rbs	8.4	0.0	0.0
115	__protein2_rbs	9.15	0.0	0.0
115	__protein3_rbs	3.15	0.0	0.0
115	__ribosome	30.65	0.0	0.0
115	__rnase_site_ext	15.1	0.0	0.0
115	p0	0.7	0.0	0.0
115	p2	0.7	0.0	0.0
115	protein1	477.55	14.9	2.0533867999999997
115	protein2	443.5	14.65	2.0284264500000004
115	protein3	131.45	5.15	1.90761905
115	rnapol	0.3	0.0	0.0
116	__protein1_rbs	9.6	0.0	0.0
116	__protein2_rbs	9.7	0.0	0.0
116	__protein3_rbs	2.95	0.0	0.0
116	__ribosome	32.35	0.0	0.0
116	__rnase_site_ext	15.1	0.0	0.0
116	p0	0.8	0.0	0.0
116	p2	0.75	0.0	0.0
116	protein1	484.25	15.1	1.943223
116	protein2	449.8	14.95	1.93958075
116	protein3	133.5	5.2	1.96452385
116	rnapol	0.35	0.0	0.0
117	__protein1_rbs	9.25	0.0	0.0
117	__protein2_rbs	9.0	0.0	0.0
117	__protein3_rbs	3.1	0.0	0.0
117	__ribosome	31.55	0.0	0.0
117	__rnase_site_ext	15.25	0.0	0.0
117	p0	0.8	0.0	0.0
117	p2	0.7	0.0	0.0
117	protein1	489.75	15.05	2.0008146
117	protein2	455.95	15.05	1.9400773
117	protein3	135.55	5.15	2.00666675
117	rnapol	0.3	0.0	0.0
118	__protein1_rbs	8.85	0.0	0.0
118	__protein2_rbs	9.0	0.0	0.0
118	__protein3_rbs	3.2	0.0	0.0
118	__ribosome	31.05	0.0	0.0
118	__rnase_site_ext	15.25	0.0	0.0
118	p0	0.9	0.0	0.0
118	p2	0.85	0.0	0.0
118	protein1	495.75	15.1	2.03581755
118	protein2	462.1	15.2	1.8939851999999997
118	protein3	137.6	5.2	2.03202375
118	rnapol	0.35	0.0	0.0
119	__protein1_rbs	9.25	0.0	0.0
119	__protein2_rbs	9.75	0.0	0.0
119	__protein3_rbs	2.95	0.0	0.0
119	__ribosome	31.45	0.0	0.0
119	__rnase_site_ext	15.35	0.0	0.0
119	p0	0.8	0.0	0.0
119	p2	0.65	0.0	0.0
119	protein1	502.45	15.3	2.00511715
119	protein2	467.75	15.3	1.8857599999999999
119	protein3	139.55	5.05	2.10166675
119	rnapol	0.25	0.0	0.0
120	__protein1_rbs	9.75	0.0	0.0
120	__protein2_rbs	9.05	0.0	0.0
120	__protein3_rbs	3.1	0.0	0.0
120	__ribosome	30.65	0.0	0.0
120	__rnase_site_ext	15.45	0.0	0.0
120	p0	0.9	0.0	0.0
120	p2	0.65	0.0	0.0
120	protein1	508.85	15.3	1.9615422
120	protein2	473.35	15.55	1.91527845
120	protein3	141.3	5.15	2.0635118500000003
120	rnapol	0.25	0.0	0.0
121	__protein1_rbs	9.2	0.0	0.0
121	__protein2_rbs	9.45	0.0	0.0
121	__protein3_rbs	3.7	0.0	0.0
121	__ribosome	29.55	0.0	0.0
121	__rnase_site_ext	15.5	0.0	0.0
121	p0	0.8	0.0	0.0
121	p2	0.7	0.0	0.0
121	protein1	514.3	15.45	2.0235021000000004
121	protein2	479.5	15.8	1.89947915
121	protein3	143.8	5.1	1.90880955
121	rnapol	0.25	0.0	0.0
122	__protein1_rbs	9.5	0.0	0.0
122	__protein2_rbs	9.7	0.0	0.0
122	__protein3_rbs	3.3	0.0	0.0
122	__ribosome	30.1	0.0	0.0
122	__rnase_site_ext	15.5	0.0	0.0
122	p0	0.9	0.0	0.0
122	p2	0.65	0.0	0.0
122	protein1	520.9	15.45	1.9823203000000005
122	protein2	485.55	15.8	1.9319099500000003
122	protein3	146.0	5.05	1.901131
122	rnapol	0.15	0.0	0.0
123	__protein1_rbs	10.25	0.0	0.0
123	__protein2_rbs	10.9	0.0	0.0
123	__protein3_rbs	2.85	0.0	0.0
123	__ribosome	30.45	0.0	0.0
123	__rnase_site_ext	15.6	0.0	0.0
123	p0	0.8	0.0	0.0
123	p2	0.7	0.0	0.0
123	protein1	526.8	15.55	1.943014
123	protein2	491.2	15.85	1.9201926000000005
123	protein3	148.05	5.0	1.9240477
123	rnapol	0.15	0.0	0.0
124	__protein1_rbs	9.15	0.0	0.0
124	__protein2_rbs	9.45	0.0	0.0
124	__protein3_rbs	3.25	0.0	0.0
124	__ribosome	29.9	0.0	0.0
124	__rnase_site_ext	15.7	0.0	0.0
124	p0	0.8	0.0	0.0
124	p2	0.5	0.0	0.0
124	protein1	533.25	15.55	1.9570256000000004
124	protein2	497.45	16.15	1.9399271500000004
124	protein3	150.25	4.95	1.9123214
124	rnapol	0.1	0.0	0.0
125	__protein1_rbs	10.0	0.0	0.0
125	__protein2_rbs	10.2	0.0	0.0
125	__protein3_rbs	2.95	0.0	0.0
125	__ribosome	30.95	0.0	0.0
125	__rnase_site_ext	15.75	0.0	0.0
125	p0	0.9	0.0	0.0
125	p2	0.55	0.0	0.0
125	protein1	539.95	15.75	1.88626755
125	protein2	503.95	16.05	1.9029231
125	protein3	152.35	5.15	1.8455357000000003
125	rnapol	0.3	0.0	0.0
126	__protein1_rbs	9.55	0.0	0.0
126	__protein2_rbs	9.6	0.0	0.0
126	__protein3_rbs	3.25	0.0	0.0
126	__ribosome	29.9	0.0	0.0
126	__rnase_site_ext	15.75	0.0	0.0
126	p0	0.8	0.0	0.0
126	p2	0.6	0.0	0.0
126	protein1	545.35	15.7	1.9456447
126	protein2	510.95	16.15	1.89403785
126	protein3	154.15	5.1	1.8951189999999998
126	rnapol	0.35	0.0	0.0
127	__protein1_rbs	9.8	0.0	0.0
127	__protein2_rbs	10.5	0.0	0.0
127	__protein3_rbs	3.2	0.0	0.0
127	__ribosome	30.2	0.0	0.0
127	__rnase_site_ext	16.0	0.0	0.0
127	p0	0.85	0.0	0.0
127	p2	0.75	0.0	0.0
127	protein1	551.7	15.7	1.9338494
127	protein2	517.45	16.2	1.8791619
127	protein3	155.8	5.15	1.8915477
127	rnapol	0.45	0.0	0.0
128	__protein1_rbs	10.25	0.0	0.0
128	__protein2_rbs	10.1	0.0	0.0
128	__protein3_rbs	3.05	0.0	0.0
128	__ribosome	29.1	0.0	0.0
128	__rnase_site_ext	16.25	0.0	0.0
128	p0	0.75	0.0	0.0
128	p2	0.65	0.0	0.0
128	protein1	557.85	15.95	1.88229175
128	protein2	522.75	16.35	1.9383229500000003
128	protein3	157.7	5.05	1.96446435
128	rnapol	0.2	0.0	0.0
129	__protein1_rbs	9.7	0.0	0.0
129	__protein2_rbs	10.65	0.0	0.0
129	__protein3_rbs	3.05	0.0	0.0
129	__ribosome	29.1	0.0	0.0
129	__rnase_site_ext	16.5	0.0	0.0
129	p0	0.9	0.0	0.0
129	p2	0.5	0.0	0.0
129	protein1	564.3	16.15	1.8812765
129	protein2	529.15	16.45	1.91393565
129	protein3	160.1	5.1	1.9107143
129	rnapol	0.1	0.0	0.0
130	__protein1_rbs	9.85	0.0	0.0
130	__protein2_rbs	10.1	0.0	0.0
130	__protein3_rbs	3.3	0.0	0.0
130	__ribosome	29.25	0.0	0.0
130	__rnase_site_ext	16.65	0.0	0.0
130	p0	0.75	0.0	0.0
130	p2	0.75	0.0	0.0
130	protein1	571.35	16.45	1.84075105
130	protein2	535.65	16.6	1.9196272
130	protein3	162.05	5.15	1.89636905
130	rnapol	0.15	0.0	0.0
131	__protein1_rbs	10.25	0.0	0.0
131	__protein2_rbs	10.05	0.0	0.0
131	__protein3_rbs	3.05	0.0	0.0
131	__ribosome	27.8	0.0	0.0
131	__rnase_site_ext	16.75	0.0	0.0
131	p0	0.8	0.0	0.0
131	p2	0.6	0.0	0.0
131	protein1	576.8	16.5	1.9061480000000004
131	protein2	542.55	16.6	1.9044221999999995
131	protein3	163.95	5.15	1.9613690000000008
131	rnapol	0.1	0.0	0.0
132	__protein1_rbs	10.15	0.0	0.0
132	__protein2_rbs	10.55	0.0	0.0
132	__protein3_rbs	3.45	0.0	0.0
132	__ribosome	27.15	0.0	0.0
132	__rnase_site_ext	16.6	0.0	0.0
132	p0	0.9	0.0	0.0
132	p2	0.6	0.0	0.0
132	protein1	582.9	16.65	1.93476555
132	protein2	548.4	16.7	1.90518845
132	protein3	166.05	5.2	1.85708325
132	rnapol	0.15	0.0	0.0
133	__protein1_rbs	10.5	0.0	0.0
133	__protein2_rbs	11.15	0.0	0.0
133	__protein3_rbs	3.4	0.0	0.0
133	__ribosome	27.2	0.0	0.0
133	__rnase_site_ext	16.55	0.0	0.0
133	p0	0.7	0.0	0.0
133	p2	0.7	0.0	0.0
133	protein1	588.75	16.6	1.9764436
133	protein2	555.05	16.7	1.86284215
133	protein3	167.8	5.25	1.857996
133	rnapol	0.1	0.0	0.0
134	__protein1_rbs	10.55	0.0	0.0
134	__protein2_rbs	10.8	0.0	0.0
134	__protein3_rbs	3.5	0.0	0.0
134	__ribosome	28.8	0.0	0.0
134	__rnase_site_ext	16.75	0.0	0.0
134	p0	0.9	0.0	0.0
134	p2	0.75	0.0	0.0
134	protein1	595.7	16.5	1.95515725
134	protein2	561.8	16.7	1.8262056
134	protein3	170.15	5.3	1.8380357
134	rnapol	0.15	0.0	0.0
135	__protein1_rbs	10.8	0.0	0.0
135	__protein2_rbs	10.35	0.0	0.0
135	__protein3_rbs	3.65	0.0	0.0
135	__ribosome	29.5	0.0	0.0
135	__rnase_site_ext	16.3	0.0	0.0
135	p0	0.9	0.0	0.0
135	p2	0.65	0.0	0.0
135	protein1	602.4	16.7	1.90848385
135	protein2	568.95	16.85	1.7830684
135	protein3	171.9	5.35	1.86083335
135	rnapol	0.15	0.0	0.0
136	__protein1_rbs	10.15	0.0	0.0
136	__protein2_rbs	11.2	0.0	0.0
136	__protein3_rbs	3.35	0.0	0.0
136	__ribosome	30.15	0.0	0.0
136	__rnase_site_ext	16.05	0.0	0.0
136	p0	0.85	0.0	0.0
136	p2	0.65	0.0	0.0
136	protein1	609.6	16.35	1.92287105
136	protein2	575.05	17.05	1.7637136999999998
136	protein3	174.2	5.45	1.7852976000000005
136	rnapol	0.4	0.0	0.0
137	__protein1_rbs	9.0	0.0	0.0
137	__protein2_rbs	10.8	0.0	0.0
137	__protein3_rbs	3.3	0.0	0.0
137	__ribosome	28.65	0.0	0.0
137	__rnase_site_ext	16.2	0.0	0.0
137	p0	0.75	0.0	0.0
137	p2	0.8	0.0	0.0
137	protein1	616.0	16.1	2.0085416
137	protein2	581.2	17.1	1.79326425
137	protein3	176.05	5.5	1.7976786
137	rnapol	0.3	0.0	0.0
138	__protein1_rbs	10.25	0.0	0.0
138	__protein2_rbs	10.9	0.0	0.0
138	__protein3_rbs	3.55	0.0	0.0
138	__ribosome	28.45	0.0	0.0
138	__rnase_site_ext	16.4	0.0	0.0
138	p0	0.7	0.0	0.0
138	p2	0.75	0.0	0.0
138	protein1	622.6	16.2	1.95680945
138	protein2	587.05	17.1	1.8403720000000003
138	protein3	178.2	5.5	1.7260118999999998
138	rnapol	0.1	0.0	0.0
139	__protein1_rbs	10.75	0.0	0.0
139	__protein2_rbs	11.8	0.0	0.0
139	__protein3_rbs	3.85	0.0	0.0
139	__ribosome	29.8	0.0	0.0
139	__rnase_site_ext	16.4	0.0	0.0
139	p0	1.0	0.0	0.0
139	p2	0.65	0.0	0.0
139	protein1	629.4	16.3	1.87674625
139	protein2	593.35	17.4	1.8006513000000006
139	protein3	180.0	5.55	1.7162499999999998
139	rnapol	0.3	0.0	0.0
140	__protein1_rbs	9.9	0.0	0.0
140	__protein2_rbs	11.0	0.0	0.0
140	__protein3_rbs	3.45	0.0	0.0
140	__ribosome	29.1	0.0	0.0
140	__rnase_site_ext	16.35	0.0	0.0
140	p0	0.7	0.0	0.0
140	p2	0.7	0.0	0.0
140	protein1	635.6	16.45	1.8924932
140	protein2	600.3	17.35	1.79860945
140	protein3	181.95	5.6	1.7369643500000005
140	rnapol	0.25	0.0	0.0
141	__protein1_rbs	10.6	0.0	0.0
141	__protein2_rbs	10.7	0.0	0.0
141	__protein3_rbs	3.1	0.0	0.0
141	__ribosome	27.65	0.0	0.0
141	__rnase_site_ext	16.35	0.0	0.0
141	p0	0.7	0.0	0.0
141	p2	0.65	0.0	0.0
141	protein1	641.9	16.3	1.9122396999999995
141	protein2	606.45	17.3	1.8398682
141	protein3	183.7	5.65	1.85089285
141	rnapol	0.25	0.0	0.0
142	__protein1_rbs	10.65	0.0	0.0
142	__protein2_rbs	10.45	0.0	0.0
142	__protein3_rbs	3.35	0.0	0.0
142	__ribosome	28.9	0.0	0.0
142	__rnase_site_ext	16.5	0.0	0.0
142	p0	0.95	0.0	0.0
142	p2	0.65	0.0	0.0
142	protein1	649.5	16.25	1.81094595
142	protein2	613.2	17.6	1.83004095
142	protein3	186.05	5.7	1.8854167
142	rnapol	0.5	0.0	0.0
143	__protein1_rbs	11.3	0.0	0.0
143	__protein2_rbs	10.5	0.0	0.0
143	__protein3_rbs	4.0	0.0	0.0
143	__ribosome	27.85	0.0	0.0
143	__rnase_site_ext	16.4	0.0	0.0
143	p0	0.75	0.0	0.0
143	p2	0.65	0.0	0.0
143	protein1	655.35	16.55	1.78420345
143	protein2	619.85	17.75	1.8586921000000003
143	protein3	188.05	5.8	1.8880358
143	rnapol	0.4	0.0	0.0
144	__protein1_rbs	10.8	0.0	0.0
144	__protein2_rbs	10.9	0.0	0.0
144	__protein3_rbs	3.75	0.0	0.0
144	__ribosome	26.8	0.0	0.0
144	__rnase_site_ext	16.55	0.0	0.0
144	p0	0.75	0.0	0.0
144	p2	0.55	0.0	0.0
144	protein1	660.95	16.25	1.82490205
144	protein2	625.85	17.65	1.9001069
144	protein3	189.9	5.8	1.8941072
144	rnapol	0.45	0.0	0.0
145	__protein1_rbs	10.3	0.0	0.0
145	__protein2_rbs	11.85	0.0	0.0
145	__protein3_rbs	3.55	0.0	0.0
145	__ribosome	27.85	0.0	0.0
145	__rnase_site_ext	16.55	0.0	0.0
145	p0	0.8	0.0	0.0
145	p2	0.8	0.0	0.0
145	protein1	668.0	16.5	1.7677579
145	protein2	632.75	17.65	1.85801825
145	protein3	192.0	5.7	1.97791665
145	rnapol	0.55	0.0	0.0
146	__protein1_rbs	10.75	0.0	0.0
146	__protein2_rbs	11.55	0.0	0.0
146	__protein3_rbs	3.5	0.0	0.0
146	__ribosome	27.35	0.0	0.0
146	__rnase_site_ext	16.55	0.0	0.0
146	p0	0.85	0.0	0.0
146	p2	0.65	0.0	0.0
146	protein1	673.8	16.5	1.81056585
146	protein2	639.75	17.9	1.8404468
146	protein3	194.7	5.8	1.89291665
146	rnapol	0.45	0.0	0.0
147	__protein1_rbs	10.9	0.0	0.0
147	__protein2_rbs	11.6	0.0	0.0
147	__protein3_rbs	3.95	0.0	0.0
147	__ribosome	28.65	0.0	0.0
147	__rnase_site_ext	16.5	0.0	0.0
147	p0	0.9	0.0	0.0
147	p2	0.6	0.0	0.0
147	protein1	680.15	16.5	1.78522875
147	protein2	646.8	17.9	1.81965955
147	protein3	196.85	5.75	1.7761310000000001
147	rnapol	0.4	0.0	0.0
148	__protein1_rbs	11.25	0.0	0.0
148	__protein2_rbs	11.25	0.0	0.0
148	__protein3_rbs	3.3	0.0	0.0
148	__ribosome	28.45	0.0	0.0
148	__rnase_site_ext	16.25	0.0	0.0
148	p0	0.9	0.0	0.0
148	p2	0.95	0.0	0.0
148	protein1	686.05	16.55	1.7637972000000002
148	protein2	654.1	18.0	1.80162515
148	protein3	198.85	5.7	1.8581548
148	rnapol	0.5	0.0	0.0
149	__protein1_rbs	10.0	0.0	0.0
149	__protein2_rbs	11.5	0.0	0.0
149	__protein3_rbs	3.85	0.0	0.0
149	__ribosome	27.25	0.0	0.0
149	__rnase_site_ext	16.15	0.0	0.0
149	p0	0.85	0.0	0.0
149	p2	0.8	0.0	0.0
149	protein1	692.3	16.3	1.81498775
149	protein2	660.05	18.25	1.85123205
149	protein3	201.3	5.8	1.7675396000000003
149	rnapol	0.45	0.0	0.0
150	__protein1_rbs	9.8	0.0	0.0
150	__protein2_rbs	12.15	0.0	0.0
150	__protein3_rbs	3.7	0.0	0.0
150	__ribosome	27.6	0.0	0.0
150	__rnase_site_ext	16.2	0.0	0.0
150	p0	0.7	0.0	0.0
150	p2	0.6	0.0	0.0
150	protein1	698.3	16.15	1.8393604
150	protein2	667.2	18.1	1.82421825
150	protein3	203.1	5.75	1.85101195
150	rnapol	0.2	0.0	0.0
151	__protein1_rbs	10.0	0.0	0.0
151	__protein2_rbs	11.45	0.0	0.0
151	__protein3_rbs	3.9	0.0	0.0
151	__ribosome	27.85	0.0	0.0
151	__rnase_site_ext	16.25	0.0	0.0
151	p0	0.85	0.0	0.0
151	p2	0.7	0.0	0.0
151	protein1	704.8	16.15	1.860104
151	protein2	674.3	17.75	1.85881195
151	protein3	205.6	5.8	1.7718452000000002
151	rnapol	0.35	0.0	0.0
152	__protein1_rbs	10.4	0.0	0.0
152	__protein2_rbs	11.4	0.0	0.0
152	__protein3_rbs	4.05	0.0	0.0
152	__ribosome	27.85	0.0	0.0
152	__rnase_site_ext	16.3	0.0	0.0
152	p0	0.75	0.0	0.0
152	p2	0.6	0.0	0.0
152	protein1	711.0	16.2	1.82355735
152	protein2	680.45	17.95	1.8996159500000005
152	protein3	207.9	5.85	1.7252381499999998
152	rnapol	0.2	0.0	0.0
153	__protein1_rbs	10.2	0.0	0.0
153	__protein2_rbs	12.6	0.0	0.0
153	__protein3_rbs	3.3	0.0	0.0
153	__ribosome	28.0	0.0	0.0
153	__rnase_site_ext	16.35	0.0	0.0
153	p0	0.9	0.0	0.0
153	p2	0.55	0.0	0.0
153	protein1	716.5	16.25	1.8644492
153	protein2	687.9	17.95	1.80533565
153	protein3	210.1	5.9	1.7382738000000004
153	rnapol	0.15	0.0	0.0
154	__protein1_rbs	10.25	0.0	0.0
154	__protein2_rbs	11.2	0.0	0.0
154	__protein3_rbs	4.05	0.0	0.0
154	__ribosome	28.25	0.0	0.0
154	__rnase_site_ext	16.25	0.0	0.0
154	p0	0.9	0.0	0.0
154	p2	0.5	0.0	0.0
154	protein1	723.0	16.3	1.86519275
154	protein2	695.5	18.0	1.7930101999999999
154	protein3	212.1	5.9	1.7322817
154	rnapol	0.4	0.0	0.0
155	__protein1_rbs	10.25	0.0	0.0
155	__protein2_rbs	11.25	0.0	0.0
155	__protein3_rbs	3.5	0.0	0.0
155	__ribosome	28.15	0.0	0.0
155	__rnase_site_ext	16.4	0.0	0.0
155	p0	0.75	0.0	0.0
155	p2	0.85	0.0	0.0
155	protein1	730.05	16.2	1.8241386500000003
155	protein2	701.9	17.95	1.84907035
155	protein3	214.65	5.95	1.77630955
155	rnapol	0.55	0.0	0.0
156	__protein1_rbs	9.6	0.0	0.0
156	__protein2_rbs	11.8	0.0	0.0
156	__protein3_rbs	4.0	0.0	0.0
156	__ribosome	27.5	0.0	0.0
156	__rnase_site_ext	16.5	0.0	0.0
156	p0	0.85	0.0	0.0
156	p2	0.7	0.0	0.0
156	protein1	735.5	16.35	1.9051940000000005
156	protein2	709.1	18.0	1.7823003999999998
156	protein3	216.65	5.85	1.79365075
156	rnapol	0.4	0.0	0.0
157	__protein1_rbs	10.95	0.0	0.0
157	__protein2_rbs	11.7	0.0	0.0
157	__protein3_rbs	3.75	0.0	0.0
157	__ribosome	26.9	0.0	0.0
157	__rnase_site_ext	16.65	0.0	0.0
157	p0	0.8	0.0	0.0
157	p2	0.6	0.0	0.0
157	protein1	741.7	16.65	1.83561675
157	protein2	715.25	18.0	1.8257656
157	protein3	218.75	5.9	1.84361105
157	rnapol	0.25	0.0	0.0
158	__protein1_rbs	10.35	0.0	0.0
158	__protein2_rbs	11.8	0.0	0.0
158	__protein3_rbs	3.3	0.0	0.0
158	__ribosome	27.05	0.0	0.0
158	__rnase_site_ext	16.65	0.0	0.0
158	p0	0.9	0.0	0.0
158	p2	0.7	0.0	0.0
158	protein1	748.0	16.55	1.87426785
158	protein2	722.25	18.0	1.77577015
158	protein3	221.1	5.85	1.94730165
158	rnapol	0.35	0.0	0.0
159	__protein1_rbs	11.0	0.0	0.0
159	__protein2_rbs	11.5	0.0	0.0
159	__protein3_rbs	3.35	0.0	0.0
159	__ribosome	27.1	0.0	0.0
159	__rnase_site_ext	16.55	0.0	0.0
159	p0	0.8	0.0	0.0
159	p2	0.65	0.0	0.0
159	protein1	754.65	16.65	1.8480003499999995
159	protein2	729.05	17.95	1.7887662
159	protein3	223.35	5.9	1.97595235
159	rnapol	0.4	0.0	0.0
160	__protein1_rbs	10.75	0.0	0.0
160	__protein2_rbs	11.55	0.0	0.0
160	__protein3_rbs	4.25	0.0	0.0
160	__ribosome	27.75	0.0	0.0
160	__rnase_site_ext	16.6	0.0	0.0
160	p0	0.65	0.0	0.0
160	p2	0.6	0.0	0.0
160	protein1	761.55	16.5	1.813734
160	protein2	735.75	18.15	1.7921110999999996
160	protein3	225.6	5.95	1.8542461
160	rnapol	0.3	0.0	0.0
161	__protein1_rbs	10.5	0.0	0.0
161	__protein2_rbs	12.4	0.0	0.0
161	__protein3_rbs	3.65	0.0	0.0
161	__ribosome	27.7	0.0	0.0
161	__rnase_site_ext	16.85	0.0	0.0
161	p0	0.7	0.0	0.0
161	p2	0.75	0.0	0.0
161	protein1	767.4	16.5	1.89334525
161	protein2	742.95	18.1	1.7345979
161	protein3	227.85	6.0	1.86079365
161	rnapol	0.3	0.0	0.0
162	__protein1_rbs	11.0	0.0	0.0
162	__protein2_rbs	11.15	0.0	0.0
162	__protein3_rbs	3.8	0.0	0.0
162	__ribosome	26.9	0.0	0.0
162	__rnase_site_ext	16.55	0.0	0.0
162	p0	0.9	0.0	0.0
162	p2	0.65	0.0	0.0
162	protein1	773.85	16.8	1.84235415
162	protein2	749.45	17.9	1.78674015
162	protein3	230.15	6.05	1.90777775
162	rnapol	0.35	0.0	0.0
163	__protein1_rbs	9.8	0.0	0.0
163	__protein2_rbs	11.65	0.0	0.0
163	__protein3_rbs	4.15	0.0	0.0
163	__ribosome	27.05	0.0	0.0
163	__rnase_site_ext	16.55	0.0	0.0
163	p0	0.85	0.0	0.0
163	p2	0.7	0.0	0.0
163	protein1	780.15	16.6	1.9097445
163	protein2	756.45	17.75	1.7682537000000005
163	protein3	232.65	6.05	1.809762
163	rnapol	0.35	0.0	0.0
164	__protein1_rbs	10.4	0.0	0.0
164	__protein2_rbs	11.35	0.0	0.0
164	__protein3_rbs	4.5	0.0	0.0
164	__ribosome	27.4	0.0	0.0
164	__rnase_site_ext	16.6	0.0	0.0
164	p0	0.8	0.0	0.0
164	p2	0.65	0.0	0.0
164	protein1	787.0	16.6	1.8681294
164	protein2	762.55	17.65	1.82269495
164	protein3	235.0	6.1	1.7287698000000002
164	rnapol	0.15	0.0	0.0
165	__protein1_rbs	10.6	0.0	0.0
165	__protein2_rbs	11.3	0.0	0.0
165	__protein3_rbs	3.75	0.0	0.0
165	__ribosome	26.7	0.0	0.0
165	__rnase_site_ext	16.55	0.0	0.0
165	p0	0.85	0.0	0.0
165	p2	0.5	0.0	0.0
165	protein1	793.1	16.75	1.8851671
165	protein2	769.7	17.75	1.7954386999999996
165	protein3	237.4	6.05	1.78928575
165	rnapol	0.35	0.0	0.0
166	__protein1_rbs	11.1	0.0	0.0
166	__protein2_rbs	11.35	0.0	0.0
166	__protein3_rbs	3.7	0.0	0.0
166	__ribosome	27.05	0.0	0.0
166	__rnase_site_ext	16.6	0.0	0.0
166	p0	0.55	0.0	0.0
166	p2	0.9	0.0	0.0
166	protein1	799.8	16.55	1.8719583999999996
166	protein2	776.35	17.85	1.80675025
166	protein3	239.7	6.05	1.8039484000000001
166	rnapol	0.4	0.0	0.0
167	__protein1_rbs	10.6	0.0	0.0
167	__protein2_rbs	11.2	0.0	0.0
167	__protein3_rbs	4.05	0.0	0.0
167	__ribosome	26.65	0.0	0.0
167	__rnase_site_ext	16.8	0.0	0.0
167	p0	0.65	0.0	0.0
167	p2	0.7	0.0	0.0
167	protein1	806.3	16.5	1.8773055
167	protein2	783.15	17.75	1.83453185
167	protein3	242.05	6.05	1.7536904000000004
167	rnapol	0.1	0.0	0.0
168	__protein1_rbs	11.65	0.0	0.0
168	__protein2_rbs	11.85	0.0	0.0
168	__protein3_rbs	3.6	0.0	0.0
168	__ribosome	28.25	0.0	0.0
168	__rnase_site_ext	16.6	0.0	0.0
168	p0	0.95	0.0	0.0
168	p2	0.5	0.0	0.0
168	protein1	813.5	16.7	1.7533967
168	protein2	789.85	17.8	1.81967145
168	protein3	243.85	5.95	1.89555555
168	rnapol	0.15	0.0	0.0
169	__protein1_rbs	10.75	0.0	0.0
169	__protein2_rbs	11.0	0.0	0.0
169	__protein3_rbs	3.5	0.0	0.0
169	__ribosome	27.2	0.0	0.0
169	__rnase_site_ext	16.45	0.0	0.0
169	p0	0.95	0.0	0.0
169	p2	0.55	0.0	0.0
169	protein1	820.35	16.65	1.7592176999999996
169	protein2	796.55	17.95	1.8266164
169	protein3	245.95	5.9	1.96986115
169	rnapol	0.2	0.0	0.0
170	__protein1_rbs	10.1	0.0	0.0
170	__protein2_rbs	11.9	0.0	0.0
170	__protein3_rbs	4.2	0.0	0.0
170	__ribosome	27.25	0.0	0.0
170	__rnase_site_ext	16.4	0.0	0.0
170	p0	0.9	0.0	0.0
170	p2	0.8	0.0	0.0
170	protein1	826.55	16.45	1.8306312
170	protein2	803.35	18.05	1.8141197
170	protein3	248.75	5.85	1.88095245
170	rnapol	0.5	0.0	0.0
171	__protein1_rbs	10.4	0.0	0.0
171	__protein2_rbs	10.9	0.0	0.0
171	__protein3_rbs	3.9	0.0	0.0
171	__ribosome	27.15	0.0	0.0
171	__rnase_site_ext	16.5	0.0	0.0
171	p0	0.75	0.0	0.0
171	p2	0.8	0.0	0.0
171	protein1	832.9	16.35	1.84940045
171	protein2	810.85	18.1	1.81047815
171	protein3	251.35	5.9	1.8029365500000003
171	rnapol	0.35	0.0	0.0
172	__protein1_rbs	11.1	0.0	0.0
172	__protein2_rbs	12.05	0.0	0.0
172	__protein3_rbs	4.2	0.0	0.0
172	__ribosome	27.0	0.0	0.0
172	__rnase_site_ext	16.8	0.0	0.0
172	p0	0.85	0.0	0.0
172	p2	0.65	0.0	0.0
172	protein1	838.7	16.55	1.8375364
172	protein2	817.2	18.4	1.7796104499999998
172	protein3	253.15	5.95	1.7696826
172	rnapol	0.35	0.0	0.0
173	__protein1_rbs	10.85	0.0	0.0
173	__protein2_rbs	11.95	0.0	0.0
173	__protein3_rbs	3.95	0.0	0.0
173	__ribosome	27.35	0.0	0.0
173	__rnase_site_ext	16.9	0.0	0.0
173	p0	0.65	0.0	0.0
173	p2	0.55	0.0	0.0
173	protein1	845.2	16.65	1.80170605
173	protein2	824.4	18.5	1.7905108999999997
173	protein3	255.65	6.1	1.6858333
173	rnapol	0.1	0.0	0.0
174	__protein1_rbs	11.15	0.0	0.0
174	__protein2_rbs	12.0	0.0	0.0
174	__protein3_rbs	3.75	0.0	0.0
174	__ribosome	28.2	0.0	0.0
174	__rnase_site_ext	16.8	0.0	0.0
174	p0	0.95	0.0	0.0
174	p2	0.65	0.0	0.0
174	protein1	852.05	16.8	1.7442026000000002
174	protein2	831.6	18.25	1.8232879500000003
174	protein3	258.15	6.1	1.6823808999999998
174	rnapol	0.25	0.0	0.0
175	__protein1_rbs	11.2	0.0	0.0
175	__protein2_rbs	11.55	0.0	0.0
175	__protein3_rbs	4.0	0.0	0.0
175	__ribosome	28.35	0.0	0.0
175	__rnase_site_ext	16.65	0.0	0.0
175	p0	0.95	0.0	0.0
175	p2	0.55	0.0	0.0
175	protein1	858.45	16.75	1.7364021500000004
175	protein2	839.0	18.45	1.79548085
175	protein3	260.4	6.05	1.6916468500000004
175	rnapol	0.4	0.0	0.0
176	__protein1_rbs	10.5	0.0	0.0
176	__protein2_rbs	11.5	0.0	0.0
176	__protein3_rbs	4.2	0.0	0.0
176	__ribosome	27.2	0.0	0.0
176	__rnase_site_ext	16.75	0.0	0.0
176	p0	0.8	0.0	0.0
176	p2	0.55	0.0	0.0
176	protein1	864.65	16.6	1.7872975000000004
176	protein2	845.6	18.3	1.8460083000000005
176	protein3	262.55	6.15	1.7020634999999997
176	rnapol	0.45	0.0	0.0
177	__protein1_rbs	10.85	0.0	0.0
177	__protein2_rbs	11.95	0.0	0.0
177	__protein3_rbs	3.5	0.0	0.0
177	__ribosome	26.5	0.0	0.0
177	__rnase_site_ext	16.8	0.0	0.0
177	p0	0.8	0.0	0.0
177	p2	0.7	0.0	0.0
177	protein1	870.5	16.65	1.8243257500000003
177	protein2	852.95	18.1	1.81908745
177	protein3	264.45	6.15	1.78248015
177	rnapol	0.35	0.0	0.0
178	__protein1_rbs	10.9	0.0	0.0
178	__protein2_rbs	11.75	0.0	0.0
178	__protein3_rbs	3.95	0.0	0.0
178	__ribosome	26.95	0.0	0.0
178	__rnase_site_ext	16.95	0.0	0.0
178	p0	0.75	0.0	0.0
178	p2	0.75	0.0	0.0
178	protein1	877.0	16.75	1.80468395
178	protein2	860.4	18.1	1.7988925000000002
178	protein3	266.65	6.05	1.8710516000000008
178	rnapol	0.4	0.0	0.0
179	__protein1_rbs	10.4	0.0	0.0
179	__protein2_rbs	12.1	0.0	0.0
179	__protein3_rbs	3.8	0.0	0.0
179	__ribosome	27.3	0.0	0.0
179	__rnase_site_ext	17.0	0.0	0.0
179	p0	0.75	0.0	0.0
179	p2	0.5	0.0	0.0
179	protein1	883.45	16.9	1.7977467500000004
179	protein2	867.4	18.2	1.76511735
179	protein3	269.2	6.05	1.8318055
179	rnapol	0.3	0.0	0.0
180	__protein1_rbs	10.75	0.0	0.0
180	__protein2_rbs	11.7	0.0	0.0
180	__protein3_rbs	3.85	0.0	0.0
180	__ribosome	27.85	0.0	0.0
180	__rnase_site_ext	17.0	0.0	0.0
180	p0	0.9	0.0	0.0
180	p2	0.6	0.0	0.0
180	protein1	890.25	16.95	1.7970924
180	protein2	874.8	17.9	1.7675206500000002
180	protein3	271.6	6.0	1.8429167000000002
180	rnapol	0.45	0.0	0.0
181	__protein1_rbs	11.25	0.0	0.0
181	__protein2_rbs	11.55	0.0	0.0
181	__protein3_rbs	3.65	0.0	0.0
181	__ribosome	27.2	0.0	0.0
181	__rnase_site_ext	17.2	0.0	0.0
181	p0	0.7	0.0	0.0
181	p2	0.9	0.0	0.0
181	protein1	896.65	16.95	1.8028948
181	protein2	881.3	18.1	1.7742803499999995
181	protein3	273.7	5.9	1.88595235
181	rnapol	0.35	0.0	0.0
182	__protein1_rbs	11.8	0.0	0.0
182	__protein2_rbs	11.55	0.0	0.0
182	__protein3_rbs	3.45	0.0	0.0
182	__ribosome	28.25	0.0	0.0
182	__rnase_site_ext	17.4	0.0	0.0
182	p0	0.7	0.0	0.0
182	p2	0.9	0.0	0.0
182	protein1	902.9	17.05	1.7644248500000004
182	protein2	889.2	18.0	1.7602691000000004
182	protein3	276.5	5.85	1.8801190999999997
182	rnapol	0.15	0.0	0.0
183	__protein1_rbs	12.1	0.0	0.0
183	__protein2_rbs	11.1	0.0	0.0
183	__protein3_rbs	3.45	0.0	0.0
183	__ribosome	28.5	0.0	0.0
183	__rnase_site_ext	17.2	0.0	0.0
183	p0	0.9	0.0	0.0
183	p2	0.65	0.0	0.0
183	protein1	909.6	17.35	1.6936629500000002
183	protein2	895.85	17.7	1.8060234500000003
183	protein3	278.75	5.85	1.90045635
183	rnapol	0.2	0.0	0.0
184	__protein1_rbs	10.7	0.0	0.0
184	__protein2_rbs	11.5	0.0	0.0
184	__protein3_rbs	3.85	0.0	0.0
184	__ribosome	27.05	0.0	0.0
184	__rnase_site_ext	17.2	0.0	0.0
184	p0	0.75	0.0	0.0
184	p2	0.7	0.0	0.0
184	protein1	916.15	17.25	1.7741956
184	protein2	901.6	17.75	1.85716505
184	protein3	281.45	5.95	1.7697619000000002
184	rnapol	0.25	0.0	0.0
185	__protein1_rbs	11.45	0.0	0.0
185	__protein2_rbs	11.45	0.0	0.0
185	__protein3_rbs	3.8	0.0	0.0
185	__ribosome	28.0	0.0	0.0
185	__rnase_site_ext	17.15	0.0	0.0
185	p0	0.85	0.0	0.0
185	p2	0.55	0.0	0.0
185	protein1	922.6	17.15	1.7286405500000002
185	protein2	909.15	17.9	1.81353105
185	protein3	283.4	5.85	1.94
185	rnapol	0.15	0.0	0.0
186	__protein1_rbs	10.15	0.0	0.0
186	__protein2_rbs	12.05	0.0	0.0
186	__protein3_rbs	3.75	0.0	0.0
186	__ribosome	27.75	0.0	0.0
186	__rnase_site_ext	17.0	0.0	0.0
186	p0	0.85	0.0	0.0
186	p2	0.65	0.0	0.0
186	protein1	928.85	17.25	1.7991346000000001
186	protein2	916.95	18.15	1.7326803000000002
186	protein3	285.7	5.8	1.91458335
186	rnapol	0.25	0.0	0.0
187	__protein1_rbs	11.5	0.0	0.0
187	__protein2_rbs	10.85	0.0	0.0
187	__protein3_rbs	3.45	0.0	0.0
187	__ribosome	26.4	0.0	0.0
187	__rnase_site_ext	17.1	0.0	0.0
187	p0	0.65	0.0	0.0
187	p2	0.8	0.0	0.0
187	protein1	935.5	16.9	1.81737095
187	protein2	923.5	18.3	1.7876982
187	protein3	288.0	5.9	1.98623015
187	rnapol	0.2	0.0	0.0
188	__protein1_rbs	10.75	0.0	0.0
188	__protein2_rbs	12.2	0.0	0.0
188	__protein3_rbs	3.85	0.0	0.0
188	__ribosome	26.75	0.0	0.0
188	__rnase_site_ext	17.1	0.0	0.0
188	p0	0.9	0.0	0.0
188	p2	0.85	0.0	0.0
188	protein1	941.9	16.95	1.8448627
188	protein2	930.7	18.3	1.7591727
188	protein3	290.6	5.95	1.95462305
188	rnapol	0.2	0.0	0.0
189	__protein1_rbs	10.85	0.0	0.0
189	__protein2_rbs	11.45	0.0	0.0
189	__protein3_rbs	4.35	0.0	0.0
189	__ribosome	26.2	0.0	0.0
189	__rnase_site_ext	17.3	0.0	0.0
189	p0	0.8	0.0	0.0
189	p2	0.7	0.0	0.0
189	protein1	948.2	17.1	1.8784895999999995
189	protein2	937.85	18.45	1.7798654000000005
189	protein3	292.9	5.95	1.8183333500000003
189	rnapol	0.15	0.0	0.0
190	__protein1_rbs	10.4	0.0	0.0
190	__protein2_rbs	11.6	0.0	0.0
190	__protein3_rbs	4.1	0.0	0.0
190	__ribosome	25.5	0.0	0.0
190	__rnase_site_ext	17.4	0.0	0.0
190	p0	0.9	0.0	0.0
190	p2	0.45	0.0	0.0
190	protein1	955.35	17.3	1.84945585
190	protein2	944.25	18.45	1.84151225
190	protein3	295.25	5.95	1.7807143
190	rnapol	0.2	0.0	0.0
191	__protein1_rbs	11.15	0.0	0.0
191	__protein2_rbs	12.0	0.0	0.0
191	__protein3_rbs	4.25	0.0	0.0
191	__ribosome	25.9	0.0	0.0
191	__rnase_site_ext	17.2	0.0	0.0
191	p0	0.85	0.0	0.0
191	p2	0.55	0.0	0.0
191	protein1	962.0	17.35	1.88679545
191	protein2	951.7	18.3	1.8399412
191	protein3	297.8	5.9	1.6463294000000002
191	rnapol	0.35	0.0	0.0
192	__protein1_rbs	11.0	0.0	0.0
192	__protein2_rbs	12.25	0.0	0.0
192	__protein3_rbs	3.7	0.0	0.0
192	__ribosome	26.5	0.0	0.0
192	__rnase_site_ext	17.55	0.0	0.0
192	p0	0.75	0.0	0.0
192	p2	0.7	0.0	0.0
192	protein1	968.65	17.15	1.90822375
192	protein2	959.3	18.3	1.7789036500000002
192	protein3	299.9	5.8	1.7171031500000002
192	rnapol	0.3	0.0	0.0
193	__protein1_rbs	11.9	0.0	0.0
193	__protein2_rbs	12.5	0.0	0.0
193	__protein3_rbs	3.65	0.0	0.0
193	__ribosome	26.95	0.0	0.0
193	__rnase_site_ext	17.55	0.0	0.0
193	p0	0.95	0.0	0.0
193	p2	0.55	0.0	0.0
193	protein1	975.45	17.4	1.8521463
193	protein2	965.85	18.6	1.74680255
193	protein3	302.15	5.8	1.70394835
193	rnapol	0.5	0.0	0.0
194	__protein1_rbs	11.4	0.0	0.0
194	__protein2_rbs	12.25	0.0	0.0
194	__protein3_rbs	3.85	0.0	0.0
194	__ribosome	26.95	0.0	0.0
194	__rnase_site_ext	17.75	0.0	0.0
194	p0	0.9	0.0	0.0
194	p2	0.45	0.0	0.0
194	protein1	982.4	17.5	1.8379993000000001
194	protein2	973.45	18.55	1.7418076500000002
194	protein3	304.35	5.8	1.6988492500000003
194	rnapol	0.15	0.0	0.0
195	__protein1_rbs	11.85	0.0	0.0
195	__protein2_rbs	11.9	0.0	0.0
195	__protein3_rbs	3.9	0.0	0.0
195	__ribosome	28.05	0.0	0.0
195	__rnase_site_ext	17.65	0.0	0.0
195	p0	0.8	0.0	0.0
195	p2	0.75	0.0	0.0
195	protein1	990.5	17.75	1.7327371499999995
195	protein2	980.85	18.6	1.7279957500000005
195	protein3	306.1	5.85	1.77749995
195	rnapol	0.3	0.0	0.0
196	__protein1_rbs	11.45	0.0	0.0
196	__protein2_rbs	11.35	0.0	0.0
196	__protein3_rbs	3.6	0.0	0.0
196	__ribosome	26.6	0.0	0.0
196	__rnase_site_ext	17.8	0.0	0.0
196	p0	0.85	0.0	0.0
196	p2	0.7	0.0	0.0
196	protein1	997.4	17.65	1.7706632999999996
196	protein2	988.05	18.7	1.77975725
196	protein3	308.35	5.9	1.8114286
196	rnapol	0.25	0.0	0.0
197	__protein1_rbs	12.0	0.0	0.0
197	__protein2_rbs	12.55	0.0	0.0
197	__protein3_rbs	3.75	0.0	0.0
197	__ribosome	26.55	0.0	0.0
197	__rnase_site_ext	17.75	0.0	0.0
197	p0	0.9	0.0	0.0
197	p2	0.6	0.0	0.0
197	protein1	1003.95	17.75	1.7261866
197	protein2	994.65	18.7	1.82507945
197	protein3	310.7	5.85	1.82470245
197	rnapol	0.45	0.0	0.0
198	__protein1_rbs	11.7	0.0	0.0
198	__protein2_rbs	12.1	0.0	0.0
198	__protein3_rbs	3.45	0.0	0.0
198	__ribosome	25.8	0.0	0.0
198	__rnase_site_ext	17.8	0.0	0.0
198	p0	0.8	0.0	0.0
198	p2	0.65	0.0	0.0
198	protein1	1010.4	17.7	1.7529449499999998
198	protein2	1001.9	18.55	1.82497925
198	protein3	312.75	5.75	2.0168651
198	rnapol	0.35	0.0	0.0
199	__protein1_rbs	12.2	0.0	0.0
199	__protein2_rbs	12.05	0.0	0.0
199	__protein3_rbs	3.85	0.0	0.0
199	__ribosome	25.9	0.0	0.0
199	__rnase_site_ext	18.1	0.0	0.0
199	p0	0.75	0.0	0.0
199	p2	0.75	0.0	0.0
199	protein1	1017.05	17.8	1.7408033
199	protein2	1009.1	18.6	1.8355474000000005
199	protein3	315.3	5.75	1.90011905
199	rnapol	0.25	0.0	0.0
200	__protein1_rbs	10.85	0.0	0.0
200	__protein2_rbs	11.35	0.0	0.0
200	__protein3_rbs	4.35	0.0	0.0
200	__ribosome	25.2	0.0	0.0
200	__rnase_site_ext	17.8	0.0	0.0
200	p0	0.9	0.0	0.0
200	p2	0.6	0.0	0.0
200	protein1	1024.5	18.05	1.7399025
200	protein2	1016.8	18.7	1.8600117000000005
200	protein3	317.2	5.8	1.835377
200	rnapol	0.25	0.0	0.0
201	__protein1_rbs	10.95	0.0	0.0
201	__protein2_rbs	12.1	0.0	0.0
201	__protein3_rbs	3.85	0.0	0.0
201	__ribosome	26.6	0.0	0.0
201	__rnase_site_ext	18.05	0.0	0.0
201	p0	0.8	0.0	0.0
201	p2	0.7	0.0	0.0
201	protein1	1031.4	17.85	1.76800835
201	protein2	1024.7	18.6	1.83131585
201	protein3	320.2	5.75	1.7298214
201	rnapol	0.3	0.0	0.0
202	__protein1_rbs	11.55	0.0	0.0
202	__protein2_rbs	12.1	0.0	0.0
202	__protein3_rbs	3.8	0.0	0.0
202	__ribosome	25.3	0.0	0.0
202	__rnase_site_ext	18.0	0.0	0.0
202	p0	0.85	0.0	0.0
202	p2	0.7	0.0	0.0
202	protein1	1037.0	17.95	1.8398161
202	protein2	1031.85	18.8	1.8220505500000008
202	protein3	322.65	5.75	1.7021825500000003
202	rnapol	0.3	0.0	0.0
203	__protein1_rbs	11.65	0.0	0.0
203	__protein2_rbs	13.0	0.0	0.0
203	__protein3_rbs	3.55	0.0	0.0
203	__ribosome	26.1	0.0	0.0
203	__rnase_site_ext	17.65	0.0	0.0
203	p0	0.85	0.0	0.0
203	p2	0.9	0.0	0.0
203	protein1	1044.05	17.9	1.84662485
203	protein2	1039.0	18.75	1.7581519
203	protein3	324.65	5.75	1.72462295
203	rnapol	0.45	0.0	0.0
204	__protein1_rbs	11.5	0.0	0.0
204	__protein2_rbs	11.85	0.0	0.0
204	__protein3_rbs	3.75	0.0	0.0
204	__ribosome	26.9	0.0	0.0
204	__rnase_site_ext	17.7	0.0	0.0
204	p0	1.0	0.0	0.0
204	p2	0.55	0.0	0.0
204	protein1	1051.6	17.6	1.82429385
204	protein2	1046.3	18.9	1.7688776000000002
204	protein3	327.0	5.8	1.7274801500000003
204	rnapol	0.3	0.0	0.0
205	__protein1_rbs	10.95	0.0	0.0
205	__protein2_rbs	12.35	0.0	0.0
205	__protein3_rbs	4.0	0.0	0.0
205	__ribosome	27.45	0.0	0.0
205	__rnase_site_ext	17.65	0.0	0.0
205	p0	0.75	0.0	0.0
205	p2	0.7	0.0	0.0
205	protein1	1059.0	17.7	1.80905585
205	protein2	1054.55	18.9	1.7112947000000005
205	protein3	328.75	5.9	1.77527775
205	rnapol	0.35	0.0	0.0
206	__protein1_rbs	11.3	0.0	0.0
206	__protein2_rbs	12.95	0.0	0.0
206	__protein3_rbs	3.85	0.0	0.0
206	__ribosome	27.65	0.0	0.0
206	__rnase_site_ext	17.8	0.0	0.0
206	p0	0.65	0.0	0.0
206	p2	0.5	0.0	0.0
206	protein1	1065.85	17.5	1.820764
206	protein2	1061.4	19.0	1.7073022999999998
206	protein3	331.05	5.8	1.7750794000000003
206	rnapol	0.15	0.0	0.0
207	__protein1_rbs	11.35	0.0	0.0
207	__protein2_rbs	12.55	0.0	0.0
207	__protein3_rbs	3.25	0.0	0.0
207	__ribosome	26.6	0.0	0.0
207	__rnase_site_ext	17.65	0.0	0.0
207	p0	0.8	0.0	0.0
207	p2	0.65	0.0	0.0
207	protein1	1072.75	17.8	1.77977205
207	protein2	1068.25	19.15	1.7256856500000002
207	protein3	333.4	5.7	1.89345235
207	rnapol	0.3	0.0	0.0
208	__protein1_rbs	11.2	0.0	0.0
208	__protein2_rbs	12.95	0.0	0.0
208	__protein3_rbs	3.8	0.0	0.0
208	__ribosome	26.1	0.0	0.0
208	__rnase_site_ext	17.7	0.0	0.0
208	p0	0.75	0.0	0.0
208	p2	0.75	0.0	0.0
208	protein1	1079.15	17.65	1.8542599999999998
208	protein2	1075.0	19.25	1.7226276500000002
208	protein3	336.1	5.65	1.7815872499999998
208	rnapol	0.5	0.0	0.0
209	__protein1_rbs	11.7	0.0	0.0
209	__protein2_rbs	12.75	0.0	0.0
209	__protein3_rbs	3.8	0.0	0.0
209	__ribosome	26.2	0.0	0.0
209	__rnase_site_ext	18.15	0.0	0.0
209	p0	0.65	0.0	0.0
209	p2	0.7	0.0	0.0
209	protein1	1086.05	17.75	1.8017613
209	protein2	1082.85	19.15	1.7370330500000002
209	protein3	338.2	5.75	1.80686505
209	rnapol	0.3	0.0	0.0
210	__protein1_rbs	11.9	0.0	0.0
210	__protein2_rbs	12.15	0.0	0.0
210	__protein3_rbs	3.5	0.0	0.0
210	__ribosome	25.65	0.0	0.0
210	__rnase_site_ext	18.1	0.0	0.0
210	p0	0.9	0.0	0.0
210	p2	0.75	0.0	0.0
210	protein1	1093.2	18.05	1.7561638000000002
210	protein2	1090.3	19.15	1.77311005
210	protein3	340.3	5.75	1.9151388999999999
210	rnapol	0.2	0.0	0.0
211	__protein1_rbs	11.75	0.0	0.0
211	__protein2_rbs	12.45	0.0	0.0
211	__protein3_rbs	3.95	0.0	0.0
211	__ribosome	25.5	0.0	0.0
211	__rnase_site_ext	17.95	0.0	0.0
211	p0	0.85	0.0	0.0
211	p2	0.7	0.0	0.0
211	protein1	1099.8	18.05	1.78042815
211	protein2	1097.45	19.1	1.80980805
211	protein3	343.25	5.8	1.7900396499999995
211	rnapol	0.25	0.0	0.0
212	__protein1_rbs	11.4	0.0	0.0
212	__protein2_rbs	12.05	0.0	0.0
212	__protein3_rbs	4.4	0.0	0.0
212	__ribosome	24.8	0.0	0.0
212	__rnase_site_ext	17.75	0.0	0.0
212	p0	0.9	0.0	0.0
212	p2	0.65	0.0	0.0
212	protein1	1107.2	17.9	1.77308755
212	protein2	1104.15	19.3	1.87919025
212	protein3	345.3	5.85	1.66095235
212	rnapol	0.25	0.0	0.0
213	__protein1_rbs	11.7	0.0	0.0
213	__protein2_rbs	13.2	0.0	0.0
213	__protein3_rbs	4.1	0.0	0.0
213	__ribosome	26.0	0.0	0.0
213	__rnase_site_ext	18.05	0.0	0.0
213	p0	0.65	0.0	0.0
213	p2	0.75	0.0	0.0
213	protein1	1114.05	17.8	1.7916877
213	protein2	1112.35	19.45	1.79957535
213	protein3	347.4	5.95	1.66371035
213	rnapol	0.15	0.0	0.0
214	__protein1_rbs	11.85	0.0	0.0
214	__protein2_rbs	12.5	0.0	0.0
214	__protein3_rbs	3.65	0.0	0.0
214	__ribosome	25.8	0.0	0.0
214	__rnase_site_ext	18.05	0.0	0.0
214	p0	0.95	0.0	0.0
214	p2	0.85	0.0	0.0
214	protein1	1121.45	18.0	1.7321038999999998
214	protein2	1120.05	19.5	1.79439625
214	protein3	349.5	5.9	1.7931150500000002
214	rnapol	0.35	0.0	0.0
215	__protein1_rbs	12.05	0.0	0.0
215	__protein2_rbs	13.55	0.0	0.0
215	__protein3_rbs	4.05	0.0	0.0
215	__ribosome	26.95	0.0	0.0
215	__rnase_site_ext	18.05	0.0	0.0
215	p0	0.85	0.0	0.0
215	p2	0.65	0.0	0.0
215	protein1	1128.25	18.0	1.7113988999999996
215	protein2	1127.75	19.5	1.76673705
215	protein3	351.95	6.0	1.6915675
215	rnapol	0.15	0.0	0.0
216	__protein1_rbs	11.25	0.0	0.0
216	__protein2_rbs	12.7	0.0	0.0
216	__protein3_rbs	4.1	0.0	0.0
216	__ribosome	26.1	0.0	0.0
216	__rnase_site_ext	17.95	0.0	0.0
216	p0	0.9	0.0	0.0
216	p2	0.7	0.0	0.0
216	protein1	1134.9	18.0	1.72834245
216	protein2	1135.4	19.55	1.7959486999999998
216	protein3	354.4	5.95	1.7118849000000005
216	rnapol	0.2	0.0	0.0
217	__protein1_rbs	11.65	0.0	0.0
217	__protein2_rbs	12.35	0.0	0.0
217	__protein3_rbs	4.1	0.0	0.0
217	__ribosome	25.6	0.0	0.0
217	__rnase_site_ext	18.2	0.0	0.0
217	p0	0.8	0.0	0.0
217	p2	0.65	0.0	0.0
217	protein1	1142.25	18.05	1.7306507000000004
217	protein2	1143.45	19.45	1.79031275
217	protein3	356.25	5.85	1.7935714
217	rnapol	0.25	0.0	0.0
218	__protein1_rbs	11.85	0.0	0.0
218	__protein2_rbs	12.2	0.0	0.0
218	__protein3_rbs	3.6	0.0	0.0
218	__ribosome	23.35	0.0	0.0
218	__rnase_site_ext	18.1	0.0	0.0
218	p0	0.75	0.0	0.0
218	p2	0.6	0.0	0.0
218	protein1	1148.7	18.15	1.7684511000000005
218	protein2	1150.55	19.45	1.8423183500000004
218	protein3	358.55	5.85	1.8598413
218	rnapol	0.15	0.0	0.0
219	__protein1_rbs	12.1	0.0	0.0
219	__protein2_rbs	13.05	0.0	0.0
219	__protein3_rbs	3.85	0.0	0.0
219	__ribosome	25.0	0.0	0.0
219	__rnase_site_ext	18.3	0.0	0.0
219	p0	0.9	0.0	0.0
219	p2	0.7	0.0	0.0
219	protein1	1155.4	18.1	1.7819308500000002
219	protein2	1158.8	19.45	1.76215055
219	protein3	361.05	5.9	1.7347421000000003
219	rnapol	0.3	0.0	0.0
220	__protein1_rbs	12.2	0.0	0.0
220	__protein2_rbs	12.6	0.0	0.0
220	__protein3_rbs	4.0	0.0	0.0
220	__ribosome	25.5	0.0	0.0
220	__rnase_site_ext	18.6	0.0	0.0
220	p0	0.85	0.0	0.0
220	p2	0.55	0.0	0.0
220	protein1	1162.15	18.2	1.7472961000000002
220	protein2	1166.15	19.45	1.7709911500000004
220	protein3	363.4	5.9	1.65337305
220	rnapol	0.15	0.0	0.0
221	__protein1_rbs	11.9	0.0	0.0
221	__protein2_rbs	12.8	0.0	0.0
221	__protein3_rbs	3.75	0.0	0.0
221	__ribosome	25.25	0.0	0.0
221	__rnase_site_ext	18.55	0.0	0.0
221	p0	0.7	0.0	0.0
221	p2	0.55	0.0	0.0
221	protein1	1169.35	18.5	1.7275795500000002
221	protein2	1174.45	19.45	1.76447405
221	protein3	365.3	6.0	1.7671428500000002
221	rnapol	0.1	0.0	0.0
222	__protein1_rbs	11.7	0.0	0.0
222	__protein2_rbs	12.95	0.0	0.0
222	__protein3_rbs	3.9	0.0	0.0
222	__ribosome	26.5	0.0	0.0
222	__rnase_site_ext	18.45	0.0	0.0
222	p0	0.95	0.0	0.0
222	p2	0.6	0.0	0.0
222	protein1	1178.0	18.4	1.6827644
222	protein2	1182.05	19.35	1.75049305
222	protein3	367.7	6.05	1.83031745
222	rnapol	0.15	0.0	0.0
223	__protein1_rbs	11.45	0.0	0.0
223	__protein2_rbs	13.1	0.0	0.0
223	__protein3_rbs	3.9	0.0	0.0
223	__ribosome	25.45	0.0	0.0
223	__rnase_site_ext	18.35	0.0	0.0
223	p0	0.8	0.0	0.0
223	p2	0.75	0.0	0.0
223	protein1	1184.55	18.45	1.7471368000000005
223	protein2	1189.35	19.5	1.75841495
223	protein3	370.35	5.95	1.88289685
223	rnapol	0.25	0.0	0.0
224	__protein1_rbs	13.05	0.0	0.0
224	__protein2_rbs	13.2	0.0	0.0
224	__protein3_rbs	4.55	0.0	0.0
224	__ribosome	25.2	0.0	0.0
224	__rnase_site_ext	18.45	0.0	0.0
224	p0	0.85	0.0	0.0
224	p2	0.65	0.0	0.0
224	protein1	1190.5	18.25	1.7966241500000002
224	protein2	1196.6	19.55	1.75042755
224	protein3	372.3	6.1	1.7929167000000001
224	rnapol	0.1	0.0	0.0
225	__protein1_rbs	11.25	0.0	0.0
225	__protein2_rbs	12.4	0.0	0.0
225	__protein3_rbs	4.8	0.0	0.0
225	__ribosome	25.55	0.0	0.0
225	__rnase_site_ext	18.55	0.0	0.0
225	p0	0.75	0.0	0.0
225	p2	0.45	0.0	0.0
225	protein1	1197.8	18.3	1.8187476000000002
225	protein2	1205.0	19.5	1.7300686500000002
225	protein3	374.5	6.15	1.70565475
225	rnapol	0.1	0.0	0.0
226	__protein1_rbs	12.55	0.0	0.0
226	__protein2_rbs	13.25	0.0	0.0
226	__protein3_rbs	3.8	0.0	0.0
226	__ribosome	26.25	0.0	0.0
226	__rnase_site_ext	18.5	0.0	0.0
226	p0	0.95	0.0	0.0
226	p2	0.55	0.0	0.0
226	protein1	1205.35	18.4	1.78010635
226	protein2	1212.3	19.4	1.72458
226	protein3	377.05	6.1	1.6531945
226	rnapol	0.3	0.0	0.0
227	__protein1_rbs	11.85	0.0	0.0
227	__protein2_rbs	12.15	0.0	0.0
227	__protein3_rbs	4.0	0.0	0.0
227	__ribosome	25.75	0.0	0.0
227	__rnase_site_ext	18.5	0.0	0.0
227	p0	0.75	0.0	0.0
227	p2	0.75	0.0	0.0
227	protein1	1212.95	18.5	1.75535575
227	protein2	1220.3	19.5	1.7311725999999996
227	protein3	379.1	6.15	1.6656944499999995
227	rnapol	0.2	0.0	0.0
228	__protein1_rbs	12.15	0.0	0.0
228	__protein2_rbs	13.6	0.0	0.0
228	__protein3_rbs	4.05	0.0	0.0
228	__ribosome	25.55	0.0	0.0
228	__rnase_site_ext	18.65	0.0	0.0
228	p0	0.9	0.0	0.0
228	p2	0.7	0.0	0.0
228	protein1	1220.2	18.4	1.78127025
228	protein2	1227.55	19.85	1.6630437999999998
228	protein3	381.05	6.2	1.7164088
228	rnapol	0.25	0.0	0.0
229	__protein1_rbs	12.4	0.0	0.0
229	__protein2_rbs	13.5	0.0	0.0
229	__protein3_rbs	4.1	0.0	0.0
229	__ribosome	24.6	0.0	0.0
229	__rnase_site_ext	18.65	0.0	0.0
229	p0	0.8	0.0	0.0
229	p2	0.65	0.0	0.0
229	protein1	1227.3	18.5	1.7477087000000004
229	protein2	1234.65	19.8	1.6937697999999997
229	protein3	382.9	6.35	1.8070634999999995
229	rnapol	0.35	0.0	0.0
230	__protein1_rbs	12.55	0.0	0.0
230	__protein2_rbs	12.85	0.0	0.0
230	__protein3_rbs	4.4	0.0	0.0
230	__ribosome	25.55	0.0	0.0
230	__rnase_site_ext	18.7	0.0	0.0
230	p0	0.9	0.0	0.0
230	p2	0.75	0.0	0.0
230	protein1	1234.9	18.45	1.7465668500000002
230	protein2	1242.9	19.6	1.7013976999999998
230	protein3	385.3	6.3	inf
230	rnapol	0.25	0.0	0.0
231	__protein1_rbs	12.5	0.0	0.0
231	__protein2_rbs	12.7	0.0	0.0
231	__protein3_rbs	3.7	0.0	0.0
231	__ribosome	24.85	0.0	0.0
231	__rnase_site_ext	18.7	0.0	0.0
231	p0	0.8	0.0	0.0
231	p2	0.55	0.0	0.0
231	protein1	1242.35	18.55	1.7196955499999995
231	protein2	1250.0	19.75	1.7138024499999998
231	protein3	387.6	6.25	inf
231	rnapol	0.2	0.0	0.0
232	__protein1_rbs	12.15	0.0	0.0
232	__protein2_rbs	12.65	0.0	0.0
232	__protein3_rbs	4.05	0.0	0.0
232	__ribosome	26.3	0.0	0.0
232	__rnase_site_ext	18.7	0.0	0.0
232	p0	0.75	0.0	0.0
232	p2	0.5	0.0	0.0
232	protein1	1250.2	18.6	1.6702439999999998
232	protein2	1257.8	19.7	1.7028641000000004
232	protein3	390.25	6.3	1.81216265
232	rnapol	0.25	0.0	0.0
233	__protein1_rbs	11.25	0.0	0.0
233	__protein2_rbs	13.0	0.0	0.0
233	__protein3_rbs	4.2	0.0	0.0
233	__ribosome	24.3	0.0	0.0
233	__rnase_site_ext	18.65	0.0	0.0
233	p0	0.9	0.0	0.0
233	p2	0.7	0.0	0.0
233	protein1	1257.15	18.65	1.7116105999999998
233	protein2	1265.3	19.9	1.6957186000000002
233	protein3	392.25	6.3	1.9479762
233	rnapol	0.35	0.0	0.0
234	__protein1_rbs	13.55	0.0	0.0
234	__protein2_rbs	13.55	0.0	0.0
234	__protein3_rbs	3.8	0.0	0.0
234	__ribosome	25.55	0.0	0.0
234	__rnase_site_ext	18.7	0.0	0.0
234	p0	0.7	0.0	0.0
234	p2	0.9	0.0	0.0
234	protein1	1264.4	18.55	1.65143525
234	protein2	1272.4	19.9	1.6992167000000002
234	protein3	395.0	6.2	1.9665873
234	rnapol	0.45	0.0	0.0
235	__protein1_rbs	13.05	0.0	0.0
235	__protein2_rbs	12.7	0.0	0.0
235	__protein3_rbs	4.55	0.0	0.0
235	__ribosome	24.85	0.0	0.0
235	__rnase_site_ext	18.75	0.0	0.0
235	p0	0.75	0.0	0.0
235	p2	0.55	0.0	0.0
235	protein1	1271.25	18.65	1.6254872500000002
235	protein2	1280.05	19.85	1.76728765
235	protein3	397.3	6.35	1.8396121
235	rnapol	0.1	0.0	0.0
236	__protein1_rbs	13.55	0.0	0.0
236	__protein2_rbs	12.35	0.0	0.0
236	__protein3_rbs	4.45	0.0	0.0
236	__ribosome	24.95	0.0	0.0
236	__rnase_site_ext	18.65	0.0	0.0
236	p0	0.75	0.0	0.0
236	p2	0.75	0.0	0.0
236	protein1	1277.8	18.75	1.61674475
236	protein2	1288.4	19.85	1.7862391000000002
236	protein3	399.9	6.3	1.7592171500000002
236	rnapol	0.1	0.0	0.0
237	__protein1_rbs	12.85	0.0	0.0
237	__protein2_rbs	12.9	0.0	0.0
237	__protein3_rbs	3.9	0.0	0.0
237	__ribosome	25.55	0.0	0.0
237	__rnase_site_ext	18.75	0.0	0.0
237	p0	0.75	0.0	0.0
237	p2	0.7	0.0	0.0
237	protein1	1285.2	18.55	1.62841485
237	protein2	1295.85	19.9	1.7789067500000002
237	protein3	402.8	6.3	1.745386
237	rnapol	0.25	0.0	0.0
238	__protein1_rbs	12.1	0.0	0.0
238	__protein2_rbs	13.15	0.0	0.0
238	__protein3_rbs	4.05	0.0	0.0
238	__ribosome	25.05	0.0	0.0
238	__rnase_site_ext	18.5	0.0	0.0
238	p0	0.85	0.0	0.0
238	p2	0.65	0.0	0.0
238	protein1	1292.1	18.65	1.6487427499999998
238	protein2	1303.75	19.9	1.7791661
238	protein3	405.3	6.2	1.7288817
238	rnapol	0.35	0.0	0.0
239	__protein1_rbs	11.85	0.0	0.0
239	__protein2_rbs	13.95	0.0	0.0
239	__protein3_rbs	4.3	0.0	0.0
239	__ribosome	24.7	0.0	0.0
239	__rnase_site_ext	18.4	0.0	0.0
239	p0	0.9	0.0	0.0
239	p2	0.7	0.0	0.0
239	protein1	1299.1	18.5	1.7344400000000002
239	protein2	1311.9	19.85	1.7452138999999995
239	protein3	407.7	6.3	1.69693365
239	rnapol	0.15	0.0	0.0
240	__protein1_rbs	11.9	0.0	0.0
240	__protein2_rbs	13.65	0.0	0.0
240	__protein3_rbs	4.25	0.0	0.0
240	__ribosome	24.9	0.0	0.0
240	__rnase_site_ext	18.4	0.0	0.0
240	p0	0.85	0.0	0.0
240	p2	0.7	0.0	0.0
240	protein1	1306.1	18.35	1.75648865
240	protein2	1320.7	19.9	1.6822582
240	protein3	409.3	6.3	1.841746
240	rnapol	0.15	0.0	0.0
241	__protein1_rbs	11.7	0.0	0.0
241	__protein2_rbs	12.65	0.0	0.0
241	__protein3_rbs	4.25	0.0	0.0
241	__ribosome	24.05	0.0	0.0
241	__rnase_site_ext	18.3	0.0	0.0
241	p0	0.9	0.0	0.0
241	p2	0.65	0.0	0.0
241	protein1	1312.95	18.35	1.79316595
241	protein2	1328.4	19.95	1.7008996499999998
241	protein3	411.85	6.4	1.7752886999999995
241	rnapol	0.25	0.0	0.0
242	__protein1_rbs	11.55	0.0	0.0
242	__protein2_rbs	14.25	0.0	0.0
242	__protein3_rbs	4.2	0.0	0.0
242	__ribosome	24.8	0.0	0.0
242	__rnase_site_ext	18.2	0.0	0.0
242	p0	0.85	0.0	0.0
242	p2	0.7	0.0	0.0
242	protein1	1319.9	18.2	1.8743609
242	protein2	1336.85	20.3	1.5915941999999998
242	protein3	414.7	6.6	1.60132035
242	rnapol	0.25	0.0	0.0
243	__protein1_rbs	11.8	0.0	0.0
243	__protein2_rbs	13.65	0.0	0.0
243	__protein3_rbs	4.1	0.0	0.0
243	__ribosome	24.5	0.0	0.0
243	__rnase_site_ext	18.05	0.0	0.0
243	p0	0.9	0.0	0.0
243	p2	0.75	0.0	0.0
243	protein1	1328.15	18.15	1.82479415
243	protein2	1344.15	20.3	1.6254779999999998
243	protein3	417.1	6.65	1.6776515500000002
243	rnapol	0.25	0.0	0.0
244	__protein1_rbs	12.65	0.0	0.0
244	__protein2_rbs	13.9	0.0	0.0
244	__protein3_rbs	4.8	0.0	0.0
244	__ribosome	24.5	0.0	0.0
244	__rnase_site_ext	18.05	0.0	0.0
244	p0	0.8	0.0	0.0
244	p2	0.65	0.0	0.0
244	protein1	1335.6	18.05	1.7942127999999995
244	protein2	1351.3	20.55	1.6288818999999999
244	protein3	419.1	6.7	1.6937807
244	rnapol	0.25	0.0	0.0
245	__protein1_rbs	12.15	0.0	0.0
245	__protein2_rbs	13.25	0.0	0.0
245	__protein3_rbs	5.0	0.0	0.0
245	__ribosome	25.65	0.0	0.0
245	__rnase_site_ext	18.0	0.0	0.0
245	p0	0.85	0.0	0.0
245	p2	0.55	0.0	0.0
245	protein1	1343.4	17.9	1.7621151499999996
245	protein2	1359.05	20.45	1.61712015
245	protein3	421.5	6.85	1.68253785
245	rnapol	0.35	0.0	0.0
246	__protein1_rbs	12.2	0.0	0.0
246	__protein2_rbs	14.25	0.0	0.0
246	__protein3_rbs	4.4	0.0	0.0
246	__ribosome	25.6	0.0	0.0
246	__rnase_site_ext	18.1	0.0	0.0
246	p0	0.85	0.0	0.0
246	p2	0.55	0.0	0.0
246	protein1	1350.95	17.9	1.7443838999999997
246	protein2	1366.55	20.4	1.64263425
246	protein3	423.85	6.6	1.7721103500000006
246	rnapol	0.55	0.0	0.0
247	__protein1_rbs	12.0	0.0	0.0
247	__protein2_rbs	14.15	0.0	0.0
247	__protein3_rbs	4.25	0.0	0.0
247	__ribosome	26.85	0.0	0.0
247	__rnase_site_ext	18.15	0.0	0.0
247	p0	0.65	0.0	0.0
247	p2	0.7	0.0	0.0
247	protein1	1359.05	18.05	1.6732552500000004
247	protein2	1374.25	20.45	1.6380492999999998
247	protein3	426.7	6.55	1.71948585
247	rnapol	0.55	0.0	0.0
248	__protein1_rbs	12.4	0.0	0.0
248	__protein2_rbs	13.85	0.0	0.0
248	__protein3_rbs	4.6	0.0	0.0
248	__ribosome	25.7	0.0	0.0
248	__rnase_site_ext	18.3	0.0	0.0
248	p0	0.9	0.0	0.0
248	p2	0.5	0.0	0.0
248	protein1	1365.45	18.1	1.71165825
248	protein2	1381.6	20.05	1.7123424999999994
248	protein3	429.35	6.6	1.66150975
248	rnapol	0.6	0.0	0.0
249	__protein1_rbs	12.4	0.0	0.0
249	__protein2_rbs	13.1	0.0	0.0
249	__protein3_rbs	4.15	0.0	0.0
249	__ribosome	23.75	0.0	0.0
249	__rnase_site_ext	18.3	0.0	0.0
249	p0	0.8	0.0	0.0
249	p2	0.75	0.0	0.0
249	protein1	1372.5	18.25	1.7194449000000005
249	protein2	1389.05	20.05	1.7634368500000002
249	protein3	431.65	6.7	1.70761365
249	rnapol	0.7	0.0	0.0
250	__protein1_rbs	11.7	0.0	0.0
250	__protein2_rbs	13.85	0.0	0.0
250	__protein3_rbs	4.65	0.0	0.0
250	__ribosome	25.05	0.0	0.0
250	__rnase_site_ext	18.5	0.0	0.0
250	p0	0.75	0.0	0.0
250	p2	0.8	0.0	0.0
250	protein1	1379.6	18.3	1.742673
250	protein2	1397.95	19.95	1.68738375
250	protein3	434.3	6.7	1.6081944500000005
250	rnapol	0.35	0.0	0.0
