time	species	protein	transcript	ribo_density
0.0	__proteinX_rbs	0.0	0.0	0.0
0.0	__proteinY_rbs	0.0	0.0	0.0
0.0	__proteinZ_rbs	0.0	0.0	0.0
0.0	__ribosome	100.0	0.0	0.0
0.0	__rnase_site	0.0	0.0	0.0
0.0	__rnase_site_ext	0.0	0.0	0.0
0.0	p1	1.0	0.0	0.0
0.0	rnapol	4.0	0.0	0.0
1.00425	__proteinX_rbs	0.0	0.0	0.0
1.00425	__proteinY_rbs	0.0	0.0	0.0
1.00425	__proteinZ_rbs	0.0	0.0	0.0
1.00425	__ribosome	98.0	0.0	0.0
1.00425	__rnase_site	0.0	0.0	0.0
1.00425	__rnase_site_ext	1.0	0.0	0.0
1.00425	p1	1.0	0.0	0.0
1.00425	proteinX	0.0	2.0	1.0
1.00425	rnapol	1.0	0.0	0.0
2.001442	__proteinX_rbs	2.0	0.0	0.0
2.001442	__proteinY_rbs	0.0	0.0	0.0
2.001442	__proteinZ_rbs	0.0	0.0	0.0
2.001442	__ribosome	96.0	0.0	0.0
2.001442	__rnase_site	2.0	0.0	0.0
2.001442	__rnase_site_ext	2.0	0.0	0.0
2.001442	p1	1.0	0.0	0.0
2.001442	proteinX	0.0	4.0	1.0
2.001442	rnapol	0.0	0.0	0.0
3.000923	__proteinX_rbs	2.0	0.0	0.0
3.000923	__proteinY_rbs	0.0	0.0	0.0
3.000923	__proteinZ_rbs	0.0	0.0	0.0
3.000923	__ribosome	92.0	0.0	0.0
3.000923	__rnase_site	2.0	0.0	0.0
3.000923	__rnase_site_ext	3.0	0.0	0.0
3.000923	p1	1.0	0.0	0.0
3.000923	proteinX	0.0	4.0	2.0
3.000923	rnapol	0.0	0.0	0.0
3.9990379999999996	__proteinX_rbs	3.0	0.0	0.0
3.9990379999999996	__proteinY_rbs	1.0	0.0	0.0
3.9990379999999996	__proteinZ_rbs	0.0	0.0	0.0
3.9990379999999996	__ribosome	87.0	0.0	0.0
3.9990379999999996	__rnase_site	4.0	0.0	0.0
3.9990379999999996	__rnase_site_ext	3.0	0.0	0.0
3.9990379999999996	p1	1.0	0.0	0.0
3.9990379999999996	proteinX	0.0	4.0	3.0
3.9990379999999996	proteinY	0.0	1.0	1.0
3.9990379999999996	rnapol	0.0	0.0	0.0
4.999127	__proteinX_rbs	1.0	0.0	0.0
4.999127	__proteinY_rbs	1.0	0.0	0.0
4.999127	__proteinZ_rbs	0.0	0.0	0.0
4.999127	__ribosome	83.0	0.0	0.0
4.999127	__rnase_site	3.0	0.0	0.0
4.999127	__rnase_site_ext	2.0	0.0	0.0
4.999127	p1	1.0	0.0	0.0
4.999127	proteinX	2.0	4.0	3.75
4.999127	proteinY	0.0	2.0	1.0
4.999127	rnapol	0.0	0.0	0.0
6.000148	__proteinX_rbs	2.0	0.0	0.0
6.000148	__proteinY_rbs	1.0	0.0	0.0
6.000148	__proteinZ_rbs	0.0	0.0	0.0
6.000148	__ribosome	79.0	0.0	0.0
6.000148	__rnase_site	4.0	0.0	0.0
6.000148	__rnase_site_ext	2.0	0.0	0.0
6.000148	p1	1.0	0.0	0.0
6.000148	proteinX	6.0	4.0	3.5
6.000148	proteinY	0.0	4.0	1.75
6.000148	rnapol	0.0	0.0	0.0
6.999841	__proteinX_rbs	2.0	0.0	0.0
6.999841	__proteinY_rbs	4.0	0.0	0.0
6.999841	__proteinZ_rbs	0.0	0.0	0.0
6.999841	__ribosome	79.0	0.0	0.0
6.999841	__rnase_site	7.0	0.0	0.0
6.999841	__rnase_site_ext	3.0	0.0	0.0
6.999841	p1	1.0	0.0	0.0
6.999841	proteinX	11.0	4.0	3.25
6.999841	proteinY	0.0	4.0	2.0
6.999841	rnapol	0.0	0.0	0.0
7.999899	__proteinX_rbs	2.0	0.0	0.0
7.999899	__proteinY_rbs	3.0	0.0	0.0
7.999899	__proteinZ_rbs	1.0	0.0	0.0
7.999899	__ribosome	77.0	0.0	0.0
7.999899	__rnase_site	6.0	0.0	0.0
7.999899	__rnase_site_ext	2.0	0.0	0.0
7.999899	p1	1.0	0.0	0.0
7.999899	proteinX	15.0	4.0	3.0
7.999899	proteinY	1.0	4.0	2.5
7.999899	proteinZ	0.0	1.0	1.0
7.999899	rnapol	0.0	0.0	0.0
9.000041	__proteinX_rbs	2.0	0.0	0.0
9.000041	__proteinY_rbs	2.0	0.0	0.0
9.000041	__proteinZ_rbs	0.0	0.0	0.0
9.000041	__ribosome	71.0	0.0	0.0
9.000041	__rnase_site	7.0	0.0	0.0
9.000041	__rnase_site_ext	3.0	0.0	0.0
9.000041	p1	1.0	0.0	0.0
9.000041	proteinX	19.0	4.0	3.0
9.000041	proteinY	2.0	3.0	4.6666669999999995
9.000041	proteinZ	0.0	2.0	1.5
9.000041	rnapol	0.0	0.0	0.0
9.999937	__proteinX_rbs	2.0	0.0	0.0
9.999937	__proteinY_rbs	3.0	0.0	0.0
9.999937	__proteinZ_rbs	1.0	0.0	0.0
9.999937	__ribosome	69.0	0.0	0.0
9.999937	__rnase_site	7.0	0.0	0.0
9.999937	__rnase_site_ext	2.0	0.0	0.0
9.999937	p1	1.0	0.0	0.0
9.999937	proteinX	22.0	4.0	3.5
9.999937	proteinY	6.0	3.0	4.0
9.999937	proteinZ	0.0	2.0	2.5
9.999937	rnapol	0.0	0.0	0.0
10.999305999999999	__proteinX_rbs	2.0	0.0	0.0
10.999305999999999	__proteinY_rbs	2.0	0.0	0.0
10.999305999999999	__proteinZ_rbs	3.0	0.0	0.0
10.999305999999999	__ribosome	72.0	0.0	0.0
10.999305999999999	__rnase_site	8.0	0.0	0.0
10.999305999999999	__rnase_site_ext	3.0	0.0	0.0
10.999305999999999	p1	1.0	0.0	0.0
10.999305999999999	proteinX	26.0	4.0	3.25
10.999305999999999	proteinY	9.0	3.0	3.333333
10.999305999999999	proteinZ	0.0	3.0	1.666667
10.999305999999999	rnapol	0.0	0.0	0.0
11.999825999999999	__proteinX_rbs	4.0	0.0	0.0
11.999825999999999	__proteinY_rbs	3.0	0.0	0.0
11.999825999999999	__proteinZ_rbs	1.0	0.0	0.0
11.999825999999999	__ribosome	73.0	0.0	0.0
11.999825999999999	__rnase_site	10.0	0.0	0.0
11.999825999999999	__rnase_site_ext	4.0	0.0	0.0
11.999825999999999	p1	0.0	0.0	0.0
11.999825999999999	proteinX	29.0	5.0	2.6
11.999825999999999	proteinY	12.0	3.0	2.666667
11.999825999999999	proteinZ	1.0	3.0	2.0
11.999825999999999	rnapol	0.0	0.0	0.0
12.999305	__proteinX_rbs	4.0	0.0	0.0
12.999305	__proteinY_rbs	1.0	0.0	0.0
12.999305	__proteinZ_rbs	1.0	0.0	0.0
12.999305	__ribosome	69.0	0.0	0.0
12.999305	__rnase_site	8.0	0.0	0.0
12.999305	__rnase_site_ext	4.0	0.0	0.0
12.999305	p1	0.0	0.0	0.0
12.999305	proteinX	35.0	6.0	2.166667
12.999305	proteinY	14.0	3.0	3.0
12.999305	proteinZ	2.0	3.0	3.0
12.999305	rnapol	0.0	0.0	0.0
14.000121	__proteinX_rbs	5.0	0.0	0.0
14.000121	__proteinY_rbs	1.0	0.0	0.0
14.000121	__proteinZ_rbs	1.0	0.0	0.0
14.000121	__ribosome	64.0	0.0	0.0
14.000121	__rnase_site	9.0	0.0	0.0
14.000121	__rnase_site_ext	5.0	0.0	0.0
14.000121	p1	1.0	0.0	0.0
14.000121	proteinX	38.0	7.0	2.285714
14.000121	proteinY	18.0	3.0	2.666667
14.000121	proteinZ	2.0	3.0	4.0
14.000121	rnapol	0.0	0.0	0.0
14.999882000000001	__proteinX_rbs	6.0	0.0	0.0
14.999882000000001	__proteinY_rbs	1.0	0.0	0.0
14.999882000000001	__proteinZ_rbs	1.0	0.0	0.0
14.999882000000001	__ribosome	60.0	0.0	0.0
14.999882000000001	__rnase_site	10.0	0.0	0.0
14.999882000000001	__rnase_site_ext	8.0	0.0	0.0
14.999882000000001	p1	1.0	0.0	0.0
14.999882000000001	proteinX	41.0	8.0	2.125
14.999882000000001	proteinY	19.0	4.0	2.75
14.999882000000001	proteinZ	5.0	3.0	4.0
14.999882000000001	rnapol	0.0	0.0	0.0
15.999894	__proteinX_rbs	8.0	0.0	0.0
15.999894	__proteinY_rbs	3.0	0.0	0.0
15.999894	__proteinZ_rbs	1.0	0.0	0.0
15.999894	__ribosome	56.0	0.0	0.0
15.999894	__rnase_site	15.0	0.0	0.0
15.999894	__rnase_site_ext	8.0	0.0	0.0
15.999894	p1	1.0	0.0	0.0
15.999894	proteinX	44.0	8.0	2.25
15.999894	proteinY	20.0	4.0	2.75
15.999894	proteinZ	5.0	3.0	5.0
15.999894	rnapol	0.0	0.0	0.0
17.000414000000003	__proteinX_rbs	5.0	0.0	0.0
17.000414000000003	__proteinY_rbs	3.0	0.0	0.0
17.000414000000003	__proteinZ_rbs	3.0	0.0	0.0
17.000414000000003	__ribosome	59.0	0.0	0.0
17.000414000000003	__rnase_site	12.0	0.0	0.0
17.000414000000003	__rnase_site_ext	8.0	0.0	0.0
17.000414000000003	p1	1.0	0.0	0.0
17.000414000000003	proteinX	51.0	8.0	2.125
17.000414000000003	proteinY	23.0	5.0	2.2
17.000414000000003	proteinZ	9.0	3.0	4.3333330000000005
17.000414000000003	rnapol	0.0	0.0	0.0
17.999115	__proteinX_rbs	5.0	0.0	0.0
17.999115	__proteinY_rbs	4.0	0.0	0.0
17.999115	__proteinZ_rbs	2.0	0.0	0.0
17.999115	__ribosome	55.0	0.0	0.0
17.999115	__rnase_site	13.0	0.0	0.0
17.999115	__rnase_site_ext	7.0	0.0	0.0
17.999115	p1	1.0	0.0	0.0
17.999115	proteinX	57.0	9.0	2.111111
17.999115	proteinY	25.0	6.0	2.5
17.999115	proteinZ	13.0	3.0	3.666667
17.999115	rnapol	0.0	0.0	0.0
19.001625	__proteinX_rbs	7.0	0.0	0.0
19.001625	__proteinY_rbs	3.0	0.0	0.0
19.001625	__proteinZ_rbs	4.0	0.0	0.0
19.001625	__ribosome	54.0	0.0	0.0
19.001625	__rnase_site	15.0	0.0	0.0
19.001625	__rnase_site_ext	7.0	0.0	0.0
19.001625	p1	1.0	0.0	0.0
19.001625	proteinX	62.0	9.0	2.222222
19.001625	proteinY	29.0	6.0	2.833333
19.001625	proteinZ	16.0	4.0	2.25
19.001625	rnapol	0.0	0.0	0.0
19.999353	__proteinX_rbs	5.0	0.0	0.0
19.999353	__proteinY_rbs	3.0	0.0	0.0
19.999353	__proteinZ_rbs	2.0	0.0	0.0
19.999353	__ribosome	46.0	0.0	0.0
19.999353	__rnase_site	15.0	0.0	0.0
19.999353	__rnase_site_ext	6.0	0.0	0.0
19.999353	p1	1.0	0.0	0.0
19.999353	proteinX	67.0	9.0	2.444444
19.999353	proteinY	31.0	6.0	3.166667
19.999353	proteinZ	17.0	4.0	3.25
19.999353	rnapol	0.0	0.0	0.0
21.000797	__proteinX_rbs	8.0	0.0	0.0
21.000797	__proteinY_rbs	3.0	0.0	0.0
21.000797	__proteinZ_rbs	2.0	0.0	0.0
21.000797	__ribosome	46.0	0.0	0.0
21.000797	__rnase_site	17.0	0.0	0.0
21.000797	__rnase_site_ext	8.0	0.0	0.0
21.000797	p1	1.0	0.0	0.0
21.000797	proteinX	72.0	9.0	2.333333
21.000797	proteinY	35.0	7.0	3.142857
21.000797	proteinZ	22.0	4.0	2.75
21.000797	rnapol	0.0	0.0	0.0
21.999544	__proteinX_rbs	6.0	0.0	0.0
21.999544	__proteinY_rbs	5.0	0.0	0.0
21.999544	__proteinZ_rbs	5.0	0.0	0.0
21.999544	__ribosome	50.0	0.0	0.0
21.999544	__rnase_site	16.0	0.0	0.0
21.999544	__rnase_site_ext	6.0	0.0	0.0
21.999544	p1	1.0	0.0	0.0
21.999544	proteinX	81.0	9.0	1.888889
21.999544	proteinY	39.0	7.0	3.142857
21.999544	proteinZ	23.0	5.0	2.2
21.999544	rnapol	0.0	0.0	0.0
22.999666	__proteinX_rbs	6.0	0.0	0.0
22.999666	__proteinY_rbs	3.0	0.0	0.0
22.999666	__proteinZ_rbs	2.0	0.0	0.0
22.999666	__ribosome	42.0	0.0	0.0
22.999666	__rnase_site	16.0	0.0	0.0
22.999666	__rnase_site_ext	7.0	0.0	0.0
22.999666	p1	1.0	0.0	0.0
22.999666	proteinX	85.0	9.0	2.333333
22.999666	proteinY	44.0	7.0	3.285714
22.999666	proteinZ	25.0	5.0	2.8
22.999666	rnapol	1.0	0.0	0.0
23.999454	__proteinX_rbs	9.0	0.0	0.0
23.999454	__proteinY_rbs	3.0	0.0	0.0
23.999454	__proteinZ_rbs	4.0	0.0	0.0
23.999454	__ribosome	43.0	0.0	0.0
23.999454	__rnase_site	19.0	0.0	0.0
23.999454	__rnase_site_ext	9.0	0.0	0.0
23.999454	p1	1.0	0.0	0.0
23.999454	proteinX	90.0	10.0	1.9
23.999454	proteinY	49.0	7.0	3.285714
23.999454	proteinZ	27.0	5.0	3.0
23.999454	rnapol	0.0	0.0	0.0
25.000051000000003	__proteinX_rbs	6.0	0.0	0.0
25.000051000000003	__proteinY_rbs	6.0	0.0	0.0
25.000051000000003	__proteinZ_rbs	6.0	0.0	0.0
25.000051000000003	__ribosome	47.0	0.0	0.0
25.000051000000003	__rnase_site	18.0	0.0	0.0
25.000051000000003	__rnase_site_ext	7.0	0.0	0.0
25.000051000000003	p1	1.0	0.0	0.0
25.000051000000003	proteinX	97.0	10.0	2.2
25.000051000000003	proteinY	54.0	7.0	2.714286
25.000051000000003	proteinZ	31.0	6.0	2.0
25.000051000000003	rnapol	0.0	0.0	0.0
25.999037	__proteinX_rbs	7.0	0.0	0.0
25.999037	__proteinY_rbs	5.0	0.0	0.0
25.999037	__proteinZ_rbs	5.0	0.0	0.0
25.999037	__ribosome	50.0	0.0	0.0
25.999037	__rnase_site	19.0	0.0	0.0
25.999037	__rnase_site_ext	7.0	0.0	0.0
25.999037	p1	1.0	0.0	0.0
25.999037	proteinX	104.0	10.0	2.1
25.999037	proteinY	61.0	8.0	2.125
25.999037	proteinZ	34.0	6.0	2.0
25.999037	rnapol	0.0	0.0	0.0
26.999033	__proteinX_rbs	5.0	0.0	0.0
26.999033	__proteinY_rbs	8.0	0.0	0.0
26.999033	__proteinZ_rbs	6.0	0.0	0.0
26.999033	__ribosome	46.0	0.0	0.0
26.999033	__rnase_site	21.0	0.0	0.0
26.999033	__rnase_site_ext	8.0	0.0	0.0
26.999033	p1	1.0	0.0	0.0
26.999033	proteinX	107.0	10.0	2.5
26.999033	proteinY	63.0	8.0	2.0
26.999033	proteinZ	36.0	6.0	2.166667
26.999033	rnapol	0.0	0.0	0.0
27.99917	__proteinX_rbs	4.0	0.0	0.0
27.99917	__proteinY_rbs	6.0	0.0	0.0
27.99917	__proteinZ_rbs	4.0	0.0	0.0
27.99917	__ribosome	47.0	0.0	0.0
27.99917	__rnase_site	17.0	0.0	0.0
27.99917	__rnase_site_ext	6.0	0.0	0.0
27.99917	p1	1.0	0.0	0.0
27.99917	proteinX	114.0	10.0	2.6
27.99917	proteinY	69.0	8.0	1.875
27.99917	proteinZ	41.0	6.0	2.0
27.99917	rnapol	0.0	0.0	0.0
28.999384999999997	__proteinX_rbs	7.0	0.0	0.0
28.999384999999997	__proteinY_rbs	8.0	0.0	0.0
28.999384999999997	__proteinZ_rbs	4.0	0.0	0.0
28.999384999999997	__ribosome	48.0	0.0	0.0
28.999384999999997	__rnase_site	21.0	0.0	0.0
28.999384999999997	__rnase_site_ext	8.0	0.0	0.0
28.999384999999997	p1	1.0	0.0	0.0
28.999384999999997	proteinX	123.0	11.0	2.0
28.999384999999997	proteinY	72.0	8.0	2.0
28.999384999999997	proteinZ	43.0	6.0	2.333333
28.999384999999997	rnapol	0.0	0.0	0.0
29.999208000000003	__proteinX_rbs	5.0	0.0	0.0
29.999208000000003	__proteinY_rbs	5.0	0.0	0.0
29.999208000000003	__proteinZ_rbs	5.0	0.0	0.0
29.999208000000003	__ribosome	43.0	0.0	0.0
29.999208000000003	__rnase_site	16.0	0.0	0.0
29.999208000000003	__rnase_site_ext	6.0	0.0	0.0
29.999208000000003	p1	1.0	0.0	0.0
29.999208000000003	proteinX	131.0	11.0	2.0
29.999208000000003	proteinY	75.0	8.0	2.375
29.999208000000003	proteinZ	44.0	6.0	2.666667
29.999208000000003	rnapol	0.0	0.0	0.0
30.999044	__proteinX_rbs	7.0	0.0	0.0
30.999044	__proteinY_rbs	4.0	0.0	0.0
30.999044	__proteinZ_rbs	6.0	0.0	0.0
30.999044	__ribosome	40.0	0.0	0.0
30.999044	__rnase_site	22.0	0.0	0.0
30.999044	__rnase_site_ext	9.0	0.0	0.0
30.999044	p1	1.0	0.0	0.0
30.999044	proteinX	134.0	11.0	2.181818
30.999044	proteinY	80.0	8.0	2.5
30.999044	proteinZ	48.0	7.0	2.285714
30.999044	rnapol	0.0	0.0	0.0
31.999097999999996	__proteinX_rbs	7.0	0.0	0.0
31.999097999999996	__proteinY_rbs	6.0	0.0	0.0
31.999097999999996	__proteinZ_rbs	6.0	0.0	0.0
31.999097999999996	__ribosome	41.0	0.0	0.0
31.999097999999996	__rnase_site	22.0	0.0	0.0
31.999097999999996	__rnase_site_ext	9.0	0.0	0.0
31.999097999999996	p1	1.0	0.0	0.0
31.999097999999996	proteinX	144.0	11.0	1.727273
31.999097999999996	proteinY	83.0	8.0	2.625
31.999097999999996	proteinZ	51.0	8.0	2.375
31.999097999999996	rnapol	0.0	0.0	0.0
32.999541	__proteinX_rbs	8.0	0.0	0.0
32.999541	__proteinY_rbs	5.0	0.0	0.0
32.999541	__proteinZ_rbs	5.0	0.0	0.0
32.999541	__ribosome	39.0	0.0	0.0
32.999541	__rnase_site	23.0	0.0	0.0
32.999541	__rnase_site_ext	8.0	0.0	0.0
32.999541	p1	1.0	0.0	0.0
32.999541	proteinX	150.0	11.0	1.636364
32.999541	proteinY	87.0	8.0	2.75
32.999541	proteinZ	53.0	9.0	2.333333
32.999541	rnapol	0.0	0.0	0.0
33.999340000000004	__proteinX_rbs	7.0	0.0	0.0
33.999340000000004	__proteinY_rbs	7.0	0.0	0.0
33.999340000000004	__proteinZ_rbs	4.0	0.0	0.0
33.999340000000004	__ribosome	41.0	0.0	0.0
33.999340000000004	__rnase_site	23.0	0.0	0.0
33.999340000000004	__rnase_site_ext	8.0	0.0	0.0
33.999340000000004	p1	1.0	0.0	0.0
33.999340000000004	proteinX	155.0	11.0	1.727273
33.999340000000004	proteinY	92.0	8.0	2.625
33.999340000000004	proteinZ	59.0	8.0	2.375
33.999340000000004	rnapol	0.0	0.0	0.0
34.999484	__proteinX_rbs	9.0	0.0	0.0
34.999484	__proteinY_rbs	4.0	0.0	0.0
34.999484	__proteinZ_rbs	5.0	0.0	0.0
34.999484	__ribosome	37.0	0.0	0.0
34.999484	__rnase_site	23.0	0.0	0.0
34.999484	__rnase_site_ext	10.0	0.0	0.0
34.999484	p1	0.0	0.0	0.0
34.999484	proteinX	160.0	11.0	1.909091
34.999484	proteinY	99.0	8.0	2.625
34.999484	proteinZ	63.0	8.0	2.625
34.999484	rnapol	1.0	0.0	0.0
35.999359000000005	__proteinX_rbs	10.0	0.0	0.0
35.999359000000005	__proteinY_rbs	7.0	0.0	0.0
35.999359000000005	__proteinZ_rbs	3.0	0.0	0.0
35.999359000000005	__ribosome	35.0	0.0	0.0
35.999359000000005	__rnase_site	26.0	0.0	0.0
35.999359000000005	__rnase_site_ext	10.0	0.0	0.0
35.999359000000005	p1	1.0	0.0	0.0
35.999359000000005	proteinX	166.0	14.0	1.642857
35.999359000000005	proteinY	103.0	8.0	2.5
35.999359000000005	proteinZ	68.0	9.0	2.444444
35.999359000000005	rnapol	0.0	0.0	0.0
36.999179	__proteinX_rbs	9.0	0.0	0.0
36.999179	__proteinY_rbs	4.0	0.0	0.0
36.999179	__proteinZ_rbs	6.0	0.0	0.0
36.999179	__ribosome	31.0	0.0	0.0
36.999179	__rnase_site	22.0	0.0	0.0
36.999179	__rnase_site_ext	9.0	0.0	0.0
36.999179	p1	1.0	0.0	0.0
36.999179	proteinX	172.0	14.0	1.5714290000000002
36.999179	proteinY	107.0	8.0	2.875
36.999179	proteinZ	71.0	9.0	2.666667
36.999179	rnapol	0.0	0.0	0.0
37.999497	__proteinX_rbs	7.0	0.0	0.0
37.999497	__proteinY_rbs	7.0	0.0	0.0
37.999497	__proteinZ_rbs	8.0	0.0	0.0
37.999497	__ribosome	33.0	0.0	0.0
37.999497	__rnase_site	22.0	0.0	0.0
37.999497	__rnase_site_ext	7.0	0.0	0.0
37.999497	p1	1.0	0.0	0.0
37.999497	proteinX	180.0	13.0	1.9230770000000001
37.999497	proteinY	113.0	8.0	2.5
37.999497	proteinZ	76.0	8.0	2.75
37.999497	rnapol	0.0	0.0	0.0
38.999544	__proteinX_rbs	11.0	0.0	0.0
38.999544	__proteinY_rbs	4.0	0.0	0.0
38.999544	__proteinZ_rbs	6.0	0.0	0.0
38.999544	__ribosome	32.0	0.0	0.0
38.999544	__rnase_site	25.0	0.0	0.0
38.999544	__rnase_site_ext	12.0	0.0	0.0
38.999544	p1	0.0	0.0	0.0
38.999544	proteinX	186.0	14.0	1.785714
38.999544	proteinY	118.0	9.0	2.555556
38.999544	proteinZ	81.0	8.0	2.5
38.999544	rnapol	0.0	0.0	0.0
39.999512	__proteinX_rbs	11.0	0.0	0.0
39.999512	__proteinY_rbs	10.0	0.0	0.0
39.999512	__proteinZ_rbs	6.0	0.0	0.0
39.999512	__ribosome	31.0	0.0	0.0
39.999512	__rnase_site	28.0	0.0	0.0
39.999512	__rnase_site_ext	12.0	0.0	0.0
39.999512	p1	1.0	0.0	0.0
39.999512	proteinX	193.0	15.0	1.7333330000000002
39.999512	proteinY	124.0	10.0	2.1
39.999512	proteinZ	85.0	8.0	2.75
39.999512	rnapol	0.0	0.0	0.0
41.000257	__proteinX_rbs	12.0	0.0	0.0
41.000257	__proteinY_rbs	4.0	0.0	0.0
41.000257	__proteinZ_rbs	5.0	0.0	0.0
41.000257	__ribosome	35.0	0.0	0.0
41.000257	__rnase_site	24.0	0.0	0.0
41.000257	__rnase_site_ext	14.0	0.0	0.0
41.000257	p1	1.0	0.0	0.0
41.000257	proteinX	201.0	15.0	1.6
41.000257	proteinY	128.0	9.0	2.555556
41.000257	proteinZ	92.0	7.0	2.571429
41.000257	rnapol	0.0	0.0	0.0
41.999865	__proteinX_rbs	6.0	0.0	0.0
41.999865	__proteinY_rbs	9.0	0.0	0.0
41.999865	__proteinZ_rbs	6.0	0.0	0.0
41.999865	__ribosome	40.0	0.0	0.0
41.999865	__rnase_site	22.0	0.0	0.0
41.999865	__rnase_site_ext	6.0	0.0	0.0
41.999865	p1	1.0	0.0	0.0
41.999865	proteinX	210.0	13.0	1.7692310000000002
41.999865	proteinY	133.0	10.0	2.0
41.999865	proteinZ	96.0	7.0	2.428571
41.999865	rnapol	0.0	0.0	0.0
42.999359000000005	__proteinX_rbs	7.0	0.0	0.0
42.999359000000005	__proteinY_rbs	7.0	0.0	0.0
42.999359000000005	__proteinZ_rbs	4.0	0.0	0.0
42.999359000000005	__ribosome	30.0	0.0	0.0
42.999359000000005	__rnase_site	22.0	0.0	0.0
42.999359000000005	__rnase_site_ext	9.0	0.0	0.0
42.999359000000005	p1	1.0	0.0	0.0
42.999359000000005	proteinX	214.0	13.0	2.230769
42.999359000000005	proteinY	140.0	11.0	1.818182
42.999359000000005	proteinZ	99.0	8.0	2.625
42.999359000000005	rnapol	0.0	0.0	0.0
43.999214	__proteinX_rbs	8.0	0.0	0.0
43.999214	__proteinY_rbs	7.0	0.0	0.0
43.999214	__proteinZ_rbs	7.0	0.0	0.0
43.999214	__ribosome	31.0	0.0	0.0
43.999214	__rnase_site	26.0	0.0	0.0
43.999214	__rnase_site_ext	9.0	0.0	0.0
43.999214	p1	1.0	0.0	0.0
43.999214	proteinX	222.0	13.0	2.307692
43.999214	proteinY	145.0	10.0	1.9
43.999214	proteinZ	105.0	9.0	2.222222
43.999214	rnapol	0.0	0.0	0.0
44.999508	__proteinX_rbs	9.0	0.0	0.0
44.999508	__proteinY_rbs	8.0	0.0	0.0
44.999508	__proteinZ_rbs	5.0	0.0	0.0
44.999508	__ribosome	26.0	0.0	0.0
44.999508	__rnase_site	27.0	0.0	0.0
44.999508	__rnase_site_ext	10.0	0.0	0.0
44.999508	p1	1.0	0.0	0.0
44.999508	proteinX	227.0	12.0	2.666667
44.999508	proteinY	149.0	10.0	2.0
44.999508	proteinZ	108.0	9.0	2.444444
44.999508	rnapol	0.0	0.0	0.0
45.999165999999995	__proteinX_rbs	10.0	0.0	0.0
45.999165999999995	__proteinY_rbs	9.0	0.0	0.0
45.999165999999995	__proteinZ_rbs	8.0	0.0	0.0
45.999165999999995	__ribosome	33.0	0.0	0.0
45.999165999999995	__rnase_site	29.0	0.0	0.0
45.999165999999995	__rnase_site_ext	11.0	0.0	0.0
45.999165999999995	p1	1.0	0.0	0.0
45.999165999999995	proteinX	238.0	13.0	2.1538459999999997
45.999165999999995	proteinY	153.0	9.0	2.111111
45.999165999999995	proteinZ	113.0	10.0	2.0
45.999165999999995	rnapol	0.0	0.0	0.0
46.999142	__proteinX_rbs	9.0	0.0	0.0
46.999142	__proteinY_rbs	5.0	0.0	0.0
46.999142	__proteinZ_rbs	8.0	0.0	0.0
46.999142	__ribosome	32.0	0.0	0.0
46.999142	__rnase_site	27.0	0.0	0.0
46.999142	__rnase_site_ext	11.0	0.0	0.0
46.999142	p1	1.0	0.0	0.0
46.999142	proteinX	249.0	13.0	1.9230770000000001
46.999142	proteinY	158.0	9.0	2.111111
46.999142	proteinZ	115.0	10.0	2.4
46.999142	rnapol	0.0	0.0	0.0
47.999354	__proteinX_rbs	11.0	0.0	0.0
47.999354	__proteinY_rbs	7.0	0.0	0.0
47.999354	__proteinZ_rbs	7.0	0.0	0.0
47.999354	__ribosome	34.0	0.0	0.0
47.999354	__rnase_site	30.0	0.0	0.0
47.999354	__rnase_site_ext	11.0	0.0	0.0
47.999354	p1	1.0	0.0	0.0
47.999354	proteinX	256.0	15.0	1.8666669999999999
47.999354	proteinY	162.0	9.0	2.0
47.999354	proteinZ	122.0	9.0	2.222222
47.999354	rnapol	0.0	0.0	0.0
48.999957	__proteinX_rbs	13.0	0.0	0.0
48.999957	__proteinY_rbs	6.0	0.0	0.0
48.999957	__proteinZ_rbs	6.0	0.0	0.0
48.999957	__ribosome	36.0	0.0	0.0
48.999957	__rnase_site	30.0	0.0	0.0
48.999957	__rnase_site_ext	14.0	0.0	0.0
48.999957	p1	0.0	0.0	0.0
48.999957	proteinX	263.0	16.0	1.625
48.999957	proteinY	168.0	9.0	2.222222
48.999957	proteinZ	127.0	8.0	2.25
48.999957	rnapol	0.0	0.0	0.0
49.999555	__proteinX_rbs	13.0	0.0	0.0
49.999555	__proteinY_rbs	5.0	0.0	0.0
49.999555	__proteinZ_rbs	3.0	0.0	0.0
49.999555	__ribosome	28.0	0.0	0.0
49.999555	__rnase_site	29.0	0.0	0.0
49.999555	__rnase_site_ext	14.0	0.0	0.0
49.999555	p1	1.0	0.0	0.0
49.999555	proteinX	269.0	17.0	1.764706
49.999555	proteinY	173.0	9.0	2.333333
49.999555	proteinZ	131.0	8.0	2.625
49.999555	rnapol	0.0	0.0	0.0
50.999744	__proteinX_rbs	14.0	0.0	0.0
50.999744	__proteinY_rbs	8.0	0.0	0.0
50.999744	__proteinZ_rbs	7.0	0.0	0.0
50.999744	__ribosome	35.0	0.0	0.0
50.999744	__rnase_site	34.0	0.0	0.0
50.999744	__rnase_site_ext	16.0	0.0	0.0
50.999744	p1	1.0	0.0	0.0
50.999744	proteinX	280.0	17.0	1.529412
50.999744	proteinY	177.0	10.0	2.0
50.999744	proteinZ	136.0	8.0	2.375
50.999744	rnapol	0.0	0.0	0.0
51.999590999999995	__proteinX_rbs	13.0	0.0	0.0
51.999590999999995	__proteinY_rbs	9.0	0.0	0.0
51.999590999999995	__proteinZ_rbs	7.0	0.0	0.0
51.999590999999995	__ribosome	34.0	0.0	0.0
51.999590999999995	__rnase_site	30.0	0.0	0.0
51.999590999999995	__rnase_site_ext	14.0	0.0	0.0
51.999590999999995	p1	1.0	0.0	0.0
51.999590999999995	proteinX	288.0	17.0	1.529412
51.999590999999995	proteinY	180.0	12.0	1.916667
51.999590999999995	proteinZ	140.0	7.0	2.428571
51.999590999999995	rnapol	0.0	0.0	0.0
52.999462	__proteinX_rbs	13.0	0.0	0.0
52.999462	__proteinY_rbs	10.0	0.0	0.0
52.999462	__proteinZ_rbs	5.0	0.0	0.0
52.999462	__ribosome	34.0	0.0	0.0
52.999462	__rnase_site	31.0	0.0	0.0
52.999462	__rnase_site_ext	14.0	0.0	0.0
52.999462	p1	1.0	0.0	0.0
52.999462	proteinX	297.0	17.0	1.764706
52.999462	proteinY	187.0	12.0	1.583333
52.999462	proteinZ	143.0	7.0	2.428571
52.999462	rnapol	0.0	0.0	0.0
53.999663	__proteinX_rbs	11.0	0.0	0.0
53.999663	__proteinY_rbs	9.0	0.0	0.0
53.999663	__proteinZ_rbs	4.0	0.0	0.0
53.999663	__ribosome	34.0	0.0	0.0
53.999663	__rnase_site	27.0	0.0	0.0
53.999663	__rnase_site_ext	12.0	0.0	0.0
53.999663	p1	1.0	0.0	0.0
53.999663	proteinX	305.0	16.0	1.9375
53.999663	proteinY	192.0	12.0	1.666667
53.999663	proteinZ	149.0	6.0	2.5
53.999663	rnapol	0.0	0.0	0.0
54.999088	__proteinX_rbs	13.0	0.0	0.0
54.999088	__proteinY_rbs	11.0	0.0	0.0
54.999088	__proteinZ_rbs	7.0	0.0	0.0
54.999088	__ribosome	39.0	0.0	0.0
54.999088	__rnase_site	32.0	0.0	0.0
54.999088	__rnase_site_ext	13.0	0.0	0.0
54.999088	p1	1.0	0.0	0.0
54.999088	proteinX	312.0	17.0	1.9411759999999998
54.999088	proteinY	197.0	12.0	1.416667
54.999088	proteinZ	155.0	7.0	1.5714290000000002
54.999088	rnapol	0.0	0.0	0.0
56.00060500000001	__proteinX_rbs	11.0	0.0	0.0
56.00060500000001	__proteinY_rbs	10.0	0.0	0.0
56.00060500000001	__proteinZ_rbs	5.0	0.0	0.0
56.00060500000001	__ribosome	40.0	0.0	0.0
56.00060500000001	__rnase_site	31.0	0.0	0.0
56.00060500000001	__rnase_site_ext	12.0	0.0	0.0
56.00060500000001	p1	1.0	0.0	0.0
56.00060500000001	proteinX	325.0	17.0	1.588235
56.00060500000001	proteinY	203.0	12.0	1.5
56.00060500000001	proteinZ	156.0	7.0	2.142857
56.00060500000001	rnapol	0.0	0.0	0.0
56.999444999999994	__proteinX_rbs	12.0	0.0	0.0
56.999444999999994	__proteinY_rbs	9.0	0.0	0.0
56.999444999999994	__proteinZ_rbs	5.0	0.0	0.0
56.999444999999994	__ribosome	29.0	0.0	0.0
56.999444999999994	__rnase_site	33.0	0.0	0.0
56.999444999999994	__rnase_site_ext	15.0	0.0	0.0
56.999444999999994	p1	1.0	0.0	0.0
56.999444999999994	proteinX	334.0	17.0	1.764706
56.999444999999994	proteinY	206.0	12.0	1.75
56.999444999999994	proteinZ	157.0	8.0	2.5
56.999444999999994	rnapol	0.0	0.0	0.0
57.999061	__proteinX_rbs	15.0	0.0	0.0
57.999061	__proteinY_rbs	9.0	0.0	0.0
57.999061	__proteinZ_rbs	4.0	0.0	0.0
57.999061	__ribosome	30.0	0.0	0.0
57.999061	__rnase_site	34.0	0.0	0.0
57.999061	__rnase_site_ext	16.0	0.0	0.0
57.999061	p1	1.0	0.0	0.0
57.999061	proteinX	340.0	17.0	1.588235
57.999061	proteinY	210.0	12.0	1.75
57.999061	proteinZ	160.0	8.0	2.75
57.999061	rnapol	1.0	0.0	0.0
58.999299	__proteinX_rbs	15.0	0.0	0.0
58.999299	__proteinY_rbs	12.0	0.0	0.0
58.999299	__proteinZ_rbs	7.0	0.0	0.0
58.999299	__ribosome	33.0	0.0	0.0
58.999299	__rnase_site	36.0	0.0	0.0
58.999299	__rnase_site_ext	16.0	0.0	0.0
58.999299	p1	1.0	0.0	0.0
58.999299	proteinX	347.0	18.0	1.444444
58.999299	proteinY	213.0	13.0	1.6923080000000001
58.999299	proteinZ	166.0	8.0	2.375
58.999299	rnapol	0.0	0.0	0.0
59.999829000000005	__proteinX_rbs	10.0	0.0	0.0
59.999829000000005	__proteinY_rbs	12.0	0.0	0.0
59.999829000000005	__proteinZ_rbs	6.0	0.0	0.0
59.999829000000005	__ribosome	37.0	0.0	0.0
59.999829000000005	__rnase_site	31.0	0.0	0.0
59.999829000000005	__rnase_site_ext	12.0	0.0	0.0
59.999829000000005	p1	1.0	0.0	0.0
59.999829000000005	proteinX	361.0	18.0	1.277778
59.999829000000005	proteinY	221.0	13.0	1.538462
59.999829000000005	proteinZ	170.0	8.0	2.5
59.999829000000005	rnapol	0.0	0.0	0.0
60.999258999999995	__proteinX_rbs	10.0	0.0	0.0
60.999258999999995	__proteinY_rbs	11.0	0.0	0.0
60.999258999999995	__proteinZ_rbs	3.0	0.0	0.0
60.999258999999995	__ribosome	27.0	0.0	0.0
60.999258999999995	__rnase_site	28.0	0.0	0.0
60.999258999999995	__rnase_site_ext	12.0	0.0	0.0
60.999258999999995	p1	0.0	0.0	0.0
60.999258999999995	proteinX	365.0	19.0	1.6315790000000001
60.999258999999995	proteinY	224.0	13.0	1.7692310000000002
60.999258999999995	proteinZ	177.0	6.0	3.166667
60.999258999999995	rnapol	0.0	0.0	0.0
61.999053	__proteinX_rbs	16.0	0.0	0.0
61.999053	__proteinY_rbs	11.0	0.0	0.0
61.999053	__proteinZ_rbs	5.0	0.0	0.0
61.999053	__ribosome	29.0	0.0	0.0
61.999053	__rnase_site	35.0	0.0	0.0
61.999053	__rnase_site_ext	17.0	0.0	0.0
61.999053	p1	1.0	0.0	0.0
61.999053	proteinX	371.0	20.0	1.6
61.999053	proteinY	231.0	14.0	1.5
61.999053	proteinZ	181.0	6.0	3.0
61.999053	rnapol	0.0	0.0	0.0
62.999156000000006	__proteinX_rbs	14.0	0.0	0.0
62.999156000000006	__proteinY_rbs	8.0	0.0	0.0
62.999156000000006	__proteinZ_rbs	5.0	0.0	0.0
62.999156000000006	__ribosome	23.0	0.0	0.0
62.999156000000006	__rnase_site	32.0	0.0	0.0
62.999156000000006	__rnase_site_ext	16.0	0.0	0.0
62.999156000000006	p1	1.0	0.0	0.0
62.999156000000006	proteinX	379.0	20.0	1.75
62.999156000000006	proteinY	234.0	14.0	1.785714
62.999156000000006	proteinZ	184.0	7.0	2.428571
62.999156000000006	rnapol	0.0	0.0	0.0
63.999235999999996	__proteinX_rbs	15.0	0.0	0.0
63.999235999999996	__proteinY_rbs	10.0	0.0	0.0
63.999235999999996	__proteinZ_rbs	4.0	0.0	0.0
63.999235999999996	__ribosome	30.0	0.0	0.0
63.999235999999996	__rnase_site	35.0	0.0	0.0
63.999235999999996	__rnase_site_ext	16.0	0.0	0.0
63.999235999999996	p1	1.0	0.0	0.0
63.999235999999996	proteinX	394.0	20.0	1.35
63.999235999999996	proteinY	240.0	14.0	1.714286
63.999235999999996	proteinZ	187.0	7.0	2.714286
63.999235999999996	rnapol	0.0	0.0	0.0
64.99936600000001	__proteinX_rbs	16.0	0.0	0.0
64.99936600000001	__proteinY_rbs	12.0	0.0	0.0
64.99936600000001	__proteinZ_rbs	6.0	0.0	0.0
64.99936600000001	__ribosome	29.0	0.0	0.0
64.99936600000001	__rnase_site	36.0	0.0	0.0
64.99936600000001	__rnase_site_ext	18.0	0.0	0.0
64.99936600000001	p1	1.0	0.0	0.0
64.99936600000001	proteinX	400.0	19.0	1.473684
64.99936600000001	proteinY	245.0	15.0	1.666667
64.99936600000001	proteinZ	190.0	7.0	2.571429
64.99936600000001	rnapol	0.0	0.0	0.0
65.999144	__proteinX_rbs	15.0	0.0	0.0
65.999144	__proteinY_rbs	13.0	0.0	0.0
65.999144	__proteinZ_rbs	8.0	0.0	0.0
65.999144	__ribosome	37.0	0.0	0.0
65.999144	__rnase_site	39.0	0.0	0.0
65.999144	__rnase_site_ext	16.0	0.0	0.0
65.999144	p1	0.0	0.0	0.0
65.999144	proteinX	408.0	17.0	1.411765
65.999144	proteinY	251.0	15.0	1.6
65.999144	proteinZ	197.0	8.0	1.875
65.999144	rnapol	0.0	0.0	0.0
66.99906899999999	__proteinX_rbs	12.0	0.0	0.0
66.99906899999999	__proteinY_rbs	9.0	0.0	0.0
66.99906899999999	__proteinZ_rbs	7.0	0.0	0.0
66.99906899999999	__ribosome	29.0	0.0	0.0
66.99906899999999	__rnase_site	36.0	0.0	0.0
66.99906899999999	__rnase_site_ext	16.0	0.0	0.0
66.99906899999999	p1	1.0	0.0	0.0
66.99906899999999	proteinX	415.0	18.0	1.5
66.99906899999999	proteinY	255.0	15.0	2.066667
66.99906899999999	proteinZ	201.0	8.0	1.625
66.99906899999999	rnapol	1.0	0.0	0.0
67.999332	__proteinX_rbs	16.0	0.0	0.0
67.999332	__proteinY_rbs	13.0	0.0	0.0
67.999332	__proteinZ_rbs	6.0	0.0	0.0
67.999332	__ribosome	29.0	0.0	0.0
67.999332	__rnase_site	40.0	0.0	0.0
67.999332	__rnase_site_ext	17.0	0.0	0.0
67.999332	p1	1.0	0.0	0.0
67.999332	proteinX	425.0	19.0	1.3157889999999999
67.999332	proteinY	263.0	15.0	2.0
67.999332	proteinZ	203.0	8.0	2.0
67.999332	rnapol	0.0	0.0	0.0
68.999062	__proteinX_rbs	15.0	0.0	0.0
68.999062	__proteinY_rbs	12.0	0.0	0.0
68.999062	__proteinZ_rbs	6.0	0.0	0.0
68.999062	__ribosome	25.0	0.0	0.0
68.999062	__rnase_site	38.0	0.0	0.0
68.999062	__rnase_site_ext	17.0	0.0	0.0
68.999062	p1	1.0	0.0	0.0
68.999062	proteinX	431.0	19.0	1.526316
68.999062	proteinY	268.0	15.0	2.066667
68.999062	proteinZ	208.0	8.0	1.875
68.999062	rnapol	1.0	0.0	0.0
69.999391	__proteinX_rbs	19.0	0.0	0.0
69.999391	__proteinY_rbs	11.0	0.0	0.0
69.999391	__proteinZ_rbs	7.0	0.0	0.0
69.999391	__ribosome	31.0	0.0	0.0
69.999391	__rnase_site	42.0	0.0	0.0
69.999391	__rnase_site_ext	20.0	0.0	0.0
69.999391	p1	1.0	0.0	0.0
69.999391	proteinX	438.0	21.0	1.190476
69.999391	proteinY	277.0	16.0	1.8125
69.999391	proteinZ	210.0	8.0	1.875
69.999391	rnapol	0.0	0.0	0.0
70.99982	__proteinX_rbs	17.0	0.0	0.0
70.99982	__proteinY_rbs	14.0	0.0	0.0
70.99982	__proteinZ_rbs	5.0	0.0	0.0
70.99982	__ribosome	31.0	0.0	0.0
70.99982	__rnase_site	43.0	0.0	0.0
70.99982	__rnase_site_ext	18.0	0.0	0.0
70.99982	p1	1.0	0.0	0.0
70.99982	proteinX	447.0	20.0	1.25
70.99982	proteinY	286.0	16.0	1.625
70.99982	proteinZ	212.0	8.0	2.25
70.99982	rnapol	0.0	0.0	0.0
71.999153	__proteinX_rbs	16.0	0.0	0.0
71.999153	__proteinY_rbs	11.0	0.0	0.0
71.999153	__proteinZ_rbs	4.0	0.0	0.0
71.999153	__ribosome	22.0	0.0	0.0
71.999153	__rnase_site	39.0	0.0	0.0
71.999153	__rnase_site_ext	17.0	0.0	0.0
71.999153	p1	1.0	0.0	0.0
71.999153	proteinX	456.0	20.0	1.3
71.999153	proteinY	292.0	15.0	2.0
71.999153	proteinZ	215.0	8.0	2.75
71.999153	rnapol	1.0	0.0	0.0
72.999381	__proteinX_rbs	17.0	0.0	0.0
72.999381	__proteinY_rbs	13.0	0.0	0.0
72.999381	__proteinZ_rbs	4.0	0.0	0.0
72.999381	__ribosome	25.0	0.0	0.0
72.999381	__rnase_site	43.0	0.0	0.0
72.999381	__rnase_site_ext	18.0	0.0	0.0
72.999381	p1	1.0	0.0	0.0
72.999381	proteinX	464.0	21.0	1.190476
72.999381	proteinY	300.0	16.0	1.8125
72.999381	proteinZ	220.0	8.0	2.625
72.999381	rnapol	0.0	0.0	0.0
73.999673	__proteinX_rbs	16.0	0.0	0.0
73.999673	__proteinY_rbs	15.0	0.0	0.0
73.999673	__proteinZ_rbs	6.0	0.0	0.0
73.999673	__ribosome	21.0	0.0	0.0
73.999673	__rnase_site	44.0	0.0	0.0
73.999673	__rnase_site_ext	19.0	0.0	0.0
73.999673	p1	1.0	0.0	0.0
73.999673	proteinX	470.0	20.0	1.35
73.999673	proteinY	303.0	16.0	1.9375
73.999673	proteinZ	225.0	9.0	2.333333
73.999673	rnapol	0.0	0.0	0.0
74.999032	__proteinX_rbs	16.0	0.0	0.0
74.999032	__proteinY_rbs	12.0	0.0	0.0
74.999032	__proteinZ_rbs	7.0	0.0	0.0
74.999032	__ribosome	27.0	0.0	0.0
74.999032	__rnase_site	41.0	0.0	0.0
74.999032	__rnase_site_ext	18.0	0.0	0.0
74.999032	p1	1.0	0.0	0.0
74.999032	proteinX	480.0	20.0	1.15
74.999032	proteinY	312.0	16.0	1.75
74.999032	proteinZ	228.0	9.0	2.444444
74.999032	rnapol	0.0	0.0	0.0
75.999208	__proteinX_rbs	13.0	0.0	0.0
75.999208	__proteinY_rbs	11.0	0.0	0.0
75.999208	__proteinZ_rbs	8.0	0.0	0.0
75.999208	__ribosome	28.0	0.0	0.0
75.999208	__rnase_site	40.0	0.0	0.0
75.999208	__rnase_site_ext	17.0	0.0	0.0
75.999208	p1	1.0	0.0	0.0
75.999208	proteinX	484.0	18.0	1.5
75.999208	proteinY	320.0	17.0	1.588235
75.999208	proteinZ	234.0	9.0	2.0
75.999208	rnapol	0.0	0.0	0.0
76.999172	__proteinX_rbs	16.0	0.0	0.0
76.999172	__proteinY_rbs	11.0	0.0	0.0
76.999172	__proteinZ_rbs	6.0	0.0	0.0
76.999172	__ribosome	33.0	0.0	0.0
76.999172	__rnase_site	43.0	0.0	0.0
76.999172	__rnase_site_ext	18.0	0.0	0.0
76.999172	p1	1.0	0.0	0.0
76.999172	proteinX	494.0	19.0	1.1578950000000001
76.999172	proteinY	330.0	16.0	1.625
76.999172	proteinZ	238.0	10.0	1.9
76.999172	rnapol	1.0	0.0	0.0
77.99939599999999	__proteinX_rbs	16.0	0.0	0.0
77.99939599999999	__proteinY_rbs	13.0	0.0	0.0
77.99939599999999	__proteinZ_rbs	8.0	0.0	0.0
77.99939599999999	__ribosome	34.0	0.0	0.0
77.99939599999999	__rnase_site	42.0	0.0	0.0
77.99939599999999	__rnase_site_ext	18.0	0.0	0.0
77.99939599999999	p1	1.0	0.0	0.0
77.99939599999999	proteinX	501.0	20.0	1.05
77.99939599999999	proteinY	333.0	16.0	1.75
77.99939599999999	proteinZ	243.0	10.0	1.7
77.99939599999999	rnapol	0.0	0.0	0.0
78.999052	__proteinX_rbs	12.0	0.0	0.0
78.999052	__proteinY_rbs	13.0	0.0	0.0
78.999052	__proteinZ_rbs	8.0	0.0	0.0
78.999052	__ribosome	30.0	0.0	0.0
78.999052	__rnase_site	38.0	0.0	0.0
78.999052	__rnase_site_ext	14.0	0.0	0.0
78.999052	p1	1.0	0.0	0.0
78.999052	proteinX	508.0	19.0	1.3684209999999999
78.999052	proteinY	340.0	15.0	1.7333330000000002
78.999052	proteinZ	247.0	9.0	2.0
78.999052	rnapol	0.0	0.0	0.0
79.999173	__proteinX_rbs	16.0	0.0	0.0
79.999173	__proteinY_rbs	13.0	0.0	0.0
79.999173	__proteinZ_rbs	8.0	0.0	0.0
79.999173	__ribosome	33.0	0.0	0.0
79.999173	__rnase_site	43.0	0.0	0.0
79.999173	__rnase_site_ext	17.0	0.0	0.0
79.999173	p1	1.0	0.0	0.0
79.999173	proteinX	514.0	18.0	1.333333
79.999173	proteinY	345.0	16.0	1.5625
79.999173	proteinZ	251.0	9.0	2.0
79.999173	rnapol	1.0	0.0	0.0
81.000003	__proteinX_rbs	15.0	0.0	0.0
81.000003	__proteinY_rbs	12.0	0.0	0.0
81.000003	__proteinZ_rbs	7.0	0.0	0.0
81.000003	__ribosome	27.0	0.0	0.0
81.000003	__rnase_site	41.0	0.0	0.0
81.000003	__rnase_site_ext	16.0	0.0	0.0
81.000003	p1	1.0	0.0	0.0
81.000003	proteinX	521.0	17.0	1.588235
81.000003	proteinY	353.0	15.0	1.666667
81.000003	proteinZ	254.0	9.0	2.333333
81.000003	rnapol	0.0	0.0	0.0
81.999083	__proteinX_rbs	12.0	0.0	0.0
81.999083	__proteinY_rbs	12.0	0.0	0.0
81.999083	__proteinZ_rbs	6.0	0.0	0.0
81.999083	__ribosome	28.0	0.0	0.0
81.999083	__rnase_site	37.0	0.0	0.0
81.999083	__rnase_site_ext	13.0	0.0	0.0
81.999083	p1	1.0	0.0	0.0
81.999083	proteinX	532.0	17.0	1.411765
81.999083	proteinY	358.0	16.0	1.75
81.999083	proteinZ	258.0	9.0	2.222222
81.999083	rnapol	0.0	0.0	0.0
82.999815	__proteinX_rbs	11.0	0.0	0.0
82.999815	__proteinY_rbs	12.0	0.0	0.0
82.999815	__proteinZ_rbs	6.0	0.0	0.0
82.999815	__ribosome	30.0	0.0	0.0
82.999815	__rnase_site	35.0	0.0	0.0
82.999815	__rnase_site_ext	14.0	0.0	0.0
82.999815	p1	1.0	0.0	0.0
82.999815	proteinX	537.0	16.0	1.8125
82.999815	proteinY	366.0	16.0	1.625
82.999815	proteinZ	265.0	8.0	1.875
82.999815	rnapol	0.0	0.0	0.0
83.999269	__proteinX_rbs	12.0	0.0	0.0
83.999269	__proteinY_rbs	13.0	0.0	0.0
83.999269	__proteinZ_rbs	8.0	0.0	0.0
83.999269	__ribosome	26.0	0.0	0.0
83.999269	__rnase_site	39.0	0.0	0.0
83.999269	__rnase_site_ext	13.0	0.0	0.0
83.999269	p1	0.0	0.0	0.0
83.999269	proteinX	546.0	15.0	1.8
83.999269	proteinY	369.0	16.0	1.9375
83.999269	proteinZ	269.0	9.0	1.7777779999999999
83.999269	rnapol	0.0	0.0	0.0
84.999043	__proteinX_rbs	13.0	0.0	0.0
84.999043	__proteinY_rbs	11.0	0.0	0.0
84.999043	__proteinZ_rbs	5.0	0.0	0.0
84.999043	__ribosome	26.0	0.0	0.0
84.999043	__rnase_site	38.0	0.0	0.0
84.999043	__rnase_site_ext	14.0	0.0	0.0
84.999043	p1	1.0	0.0	0.0
84.999043	proteinX	553.0	14.0	1.714286
84.999043	proteinY	377.0	16.0	1.875
84.999043	proteinZ	272.0	9.0	2.222222
84.999043	rnapol	1.0	0.0	0.0
85.99923000000001	__proteinX_rbs	11.0	0.0	0.0
85.99923000000001	__proteinY_rbs	10.0	0.0	0.0
85.99923000000001	__proteinZ_rbs	6.0	0.0	0.0
85.99923000000001	__ribosome	23.0	0.0	0.0
85.99923000000001	__rnase_site	38.0	0.0	0.0
85.99923000000001	__rnase_site_ext	14.0	0.0	0.0
85.99923000000001	p1	1.0	0.0	0.0
85.99923000000001	proteinX	562.0	15.0	1.4
85.99923000000001	proteinY	382.0	16.0	2.125
85.99923000000001	proteinZ	275.0	9.0	2.444444
85.99923000000001	rnapol	0.0	0.0	0.0
86.999011	__proteinX_rbs	13.0	0.0	0.0
86.999011	__proteinY_rbs	10.0	0.0	0.0
86.999011	__proteinZ_rbs	6.0	0.0	0.0
86.999011	__ribosome	28.0	0.0	0.0
86.999011	__rnase_site	35.0	0.0	0.0
86.999011	__rnase_site_ext	14.0	0.0	0.0
86.999011	p1	0.0	0.0	0.0
86.999011	proteinX	573.0	15.0	0.866667
86.999011	proteinY	390.0	15.0	2.4
86.999011	proteinZ	280.0	9.0	2.555556
86.999011	rnapol	0.0	0.0	0.0
87.99973299999999	__proteinX_rbs	11.0	0.0	0.0
87.99973299999999	__proteinY_rbs	9.0	0.0	0.0
87.99973299999999	__proteinZ_rbs	7.0	0.0	0.0
87.99973299999999	__ribosome	25.0	0.0	0.0
87.99973299999999	__rnase_site	36.0	0.0	0.0
87.99973299999999	__rnase_site_ext	13.0	0.0	0.0
87.99973299999999	p1	1.0	0.0	0.0
87.99973299999999	proteinX	577.0	16.0	1.0
87.99973299999999	proteinY	397.0	14.0	2.571429
87.99973299999999	proteinZ	283.0	8.0	2.875
87.99973299999999	rnapol	0.0	0.0	0.0
88.999337	__proteinX_rbs	12.0	0.0	0.0
88.999337	__proteinY_rbs	10.0	0.0	0.0
88.999337	__proteinZ_rbs	5.0	0.0	0.0
88.999337	__ribosome	27.0	0.0	0.0
88.999337	__rnase_site	34.0	0.0	0.0
88.999337	__rnase_site_ext	13.0	0.0	0.0
88.999337	p1	1.0	0.0	0.0
88.999337	proteinX	581.0	16.0	1.0625
88.999337	proteinY	407.0	13.0	2.538462
88.999337	proteinZ	288.0	8.0	2.875
88.999337	rnapol	0.0	0.0	0.0
89.999026	__proteinX_rbs	13.0	0.0	0.0
89.999026	__proteinY_rbs	8.0	0.0	0.0
89.999026	__proteinZ_rbs	6.0	0.0	0.0
89.999026	__ribosome	31.0	0.0	0.0
89.999026	__rnase_site	35.0	0.0	0.0
89.999026	__rnase_site_ext	14.0	0.0	0.0
89.999026	p1	0.0	0.0	0.0
89.999026	proteinX	585.0	15.0	1.066667
89.999026	proteinY	414.0	13.0	2.538462
89.999026	proteinZ	294.0	8.0	2.5
89.999026	rnapol	0.0	0.0	0.0
90.999072	__proteinX_rbs	14.0	0.0	0.0
90.999072	__proteinY_rbs	9.0	0.0	0.0
90.999072	__proteinZ_rbs	5.0	0.0	0.0
90.999072	__ribosome	34.0	0.0	0.0
90.999072	__rnase_site	35.0	0.0	0.0
90.999072	__rnase_site_ext	16.0	0.0	0.0
90.999072	p1	1.0	0.0	0.0
90.999072	proteinX	589.0	17.0	1.1176469999999998
90.999072	proteinY	423.0	12.0	2.416667
90.999072	proteinZ	299.0	7.0	2.571429
90.999072	rnapol	0.0	0.0	0.0
91.999166	__proteinX_rbs	11.0	0.0	0.0
91.999166	__proteinY_rbs	9.0	0.0	0.0
91.999166	__proteinZ_rbs	4.0	0.0	0.0
91.999166	__ribosome	32.0	0.0	0.0
91.999166	__rnase_site	33.0	0.0	0.0
91.999166	__rnase_site_ext	15.0	0.0	0.0
91.999166	p1	1.0	0.0	0.0
91.999166	proteinX	595.0	17.0	1.470588
91.999166	proteinY	432.0	12.0	2.333333
91.999166	proteinZ	305.0	7.0	2.142857
91.999166	rnapol	0.0	0.0	0.0
92.999117	__proteinX_rbs	12.0	0.0	0.0
92.999117	__proteinY_rbs	9.0	0.0	0.0
92.999117	__proteinZ_rbs	4.0	0.0	0.0
92.999117	__ribosome	29.0	0.0	0.0
92.999117	__rnase_site	35.0	0.0	0.0
92.999117	__rnase_site_ext	15.0	0.0	0.0
92.999117	p1	1.0	0.0	0.0
92.999117	proteinX	600.0	18.0	1.611111
92.999117	proteinY	439.0	12.0	2.166667
92.999117	proteinZ	308.0	7.0	2.285714
92.999117	rnapol	0.0	0.0	0.0
93.99900600000001	__proteinX_rbs	14.0	0.0	0.0
93.99900600000001	__proteinY_rbs	10.0	0.0	0.0
93.99900600000001	__proteinZ_rbs	4.0	0.0	0.0
93.99900600000001	__ribosome	25.0	0.0	0.0
93.99900600000001	__rnase_site	39.0	0.0	0.0
93.99900600000001	__rnase_site_ext	16.0	0.0	0.0
93.99900600000001	p1	0.0	0.0	0.0
93.99900600000001	proteinX	606.0	18.0	1.833333
93.99900600000001	proteinY	445.0	13.0	2.076923
93.99900600000001	proteinZ	312.0	6.0	2.5
93.99900600000001	rnapol	0.0	0.0	0.0
94.999201	__proteinX_rbs	15.0	0.0	0.0
94.999201	__proteinY_rbs	11.0	0.0	0.0
94.999201	__proteinZ_rbs	5.0	0.0	0.0
94.999201	__ribosome	31.0	0.0	0.0
94.999201	__rnase_site	36.0	0.0	0.0
94.999201	__rnase_site_ext	16.0	0.0	0.0
94.999201	p1	1.0	0.0	0.0
94.999201	proteinX	615.0	19.0	1.5789469999999999
94.999201	proteinY	452.0	12.0	2.25
94.999201	proteinZ	316.0	5.0	2.4
94.999201	rnapol	0.0	0.0	0.0
95.999821	__proteinX_rbs	13.0	0.0	0.0
95.999821	__proteinY_rbs	10.0	0.0	0.0
95.999821	__proteinZ_rbs	4.0	0.0	0.0
95.999821	__ribosome	33.0	0.0	0.0
95.999821	__rnase_site	34.0	0.0	0.0
95.999821	__rnase_site_ext	13.0	0.0	0.0
95.999821	p1	1.0	0.0	0.0
95.999821	proteinX	626.0	19.0	1.6315790000000001
95.999821	proteinY	458.0	11.0	2.090909
95.999821	proteinZ	317.0	5.0	2.6
95.999821	rnapol	0.0	0.0	0.0
96.99910799999999	__proteinX_rbs	12.0	0.0	0.0
96.99910799999999	__proteinY_rbs	8.0	0.0	0.0
96.99910799999999	__proteinZ_rbs	2.0	0.0	0.0
96.99910799999999	__ribosome	37.0	0.0	0.0
96.99910799999999	__rnase_site	31.0	0.0	0.0
96.99910799999999	__rnase_site_ext	13.0	0.0	0.0
96.99910799999999	p1	1.0	0.0	0.0
96.99910799999999	proteinX	639.0	19.0	1.4210530000000001
96.99910799999999	proteinY	465.0	12.0	2.083333
96.99910799999999	proteinZ	321.0	4.0	2.75
96.99910799999999	rnapol	0.0	0.0	0.0
97.999052	__proteinX_rbs	13.0	0.0	0.0
97.999052	__proteinY_rbs	11.0	0.0	0.0
97.999052	__proteinZ_rbs	2.0	0.0	0.0
97.999052	__ribosome	36.0	0.0	0.0
97.999052	__rnase_site	33.0	0.0	0.0
97.999052	__rnase_site_ext	16.0	0.0	0.0
97.999052	p1	1.0	0.0	0.0
97.999052	proteinX	643.0	18.0	1.7222220000000001
97.999052	proteinY	473.0	13.0	1.6923080000000001
97.999052	proteinZ	325.0	4.0	2.75
97.999052	rnapol	0.0	0.0	0.0
98.999237	__proteinX_rbs	13.0	0.0	0.0
98.999237	__proteinY_rbs	7.0	0.0	0.0
98.999237	__proteinZ_rbs	2.0	0.0	0.0
98.999237	__ribosome	35.0	0.0	0.0
98.999237	__rnase_site	30.0	0.0	0.0
98.999237	__rnase_site_ext	14.0	0.0	0.0
98.999237	p1	1.0	0.0	0.0
98.999237	proteinX	652.0	19.0	1.5789469999999999
98.999237	proteinY	478.0	13.0	1.846154
98.999237	proteinZ	327.0	4.0	2.75
98.999237	rnapol	1.0	0.0	0.0
99.999053	__proteinX_rbs	17.0	0.0	0.0
99.999053	__proteinY_rbs	7.0	0.0	0.0
99.999053	__proteinZ_rbs	3.0	0.0	0.0
99.999053	__ribosome	26.0	0.0	0.0
99.999053	__rnase_site	35.0	0.0	0.0
99.999053	__rnase_site_ext	18.0	0.0	0.0
99.999053	p1	1.0	0.0	0.0
99.999053	proteinX	661.0	20.0	1.65
99.999053	proteinY	480.0	13.0	2.307692
99.999053	proteinZ	329.0	4.0	2.75
99.999053	rnapol	0.0	0.0	0.0
100.999015	__proteinX_rbs	16.0	0.0	0.0
100.999015	__proteinY_rbs	8.0	0.0	0.0
100.999015	__proteinZ_rbs	5.0	0.0	0.0
100.999015	__ribosome	26.0	0.0	0.0
100.999015	__rnase_site	35.0	0.0	0.0
100.999015	__rnase_site_ext	16.0	0.0	0.0
100.999015	p1	1.0	0.0	0.0
100.999015	proteinX	669.0	20.0	1.8
100.999015	proteinY	488.0	13.0	2.1538459999999997
100.999015	proteinZ	330.0	5.0	2.0
100.999015	rnapol	0.0	0.0	0.0
101.999827	__proteinX_rbs	18.0	0.0	0.0
101.999827	__proteinY_rbs	8.0	0.0	0.0
101.999827	__proteinZ_rbs	4.0	0.0	0.0
101.999827	__ribosome	27.0	0.0	0.0
101.999827	__rnase_site	36.0	0.0	0.0
101.999827	__rnase_site_ext	18.0	0.0	0.0
101.999827	p1	1.0	0.0	0.0
101.999827	proteinX	680.0	21.0	1.666667
101.999827	proteinY	494.0	14.0	2.142857
101.999827	proteinZ	334.0	5.0	1.6
101.999827	rnapol	0.0	0.0	0.0
102.999511	__proteinX_rbs	18.0	0.0	0.0
102.999511	__proteinY_rbs	11.0	0.0	0.0
102.999511	__proteinZ_rbs	3.0	0.0	0.0
102.999511	__ribosome	33.0	0.0	0.0
102.999511	__rnase_site	39.0	0.0	0.0
102.999511	__rnase_site_ext	19.0	0.0	0.0
102.999511	p1	1.0	0.0	0.0
102.999511	proteinX	691.0	21.0	1.5714290000000002
102.999511	proteinY	501.0	14.0	1.9285709999999998
102.999511	proteinZ	338.0	5.0	1.4
102.999511	rnapol	0.0	0.0	0.0
103.99923299999999	__proteinX_rbs	16.0	0.0	0.0
103.99923299999999	__proteinY_rbs	13.0	0.0	0.0
103.99923299999999	__proteinZ_rbs	5.0	0.0	0.0
103.99923299999999	__ribosome	35.0	0.0	0.0
103.99923299999999	__rnase_site	37.0	0.0	0.0
103.99923299999999	__rnase_site_ext	18.0	0.0	0.0
103.99923299999999	p1	0.0	0.0	0.0
103.99923299999999	proteinX	701.0	21.0	1.52381
103.99923299999999	proteinY	506.0	15.0	1.7333330000000002
103.99923299999999	proteinZ	339.0	5.0	1.4
103.99923299999999	rnapol	0.0	0.0	0.0
104.999225	__proteinX_rbs	16.0	0.0	0.0
104.999225	__proteinY_rbs	10.0	0.0	0.0
104.999225	__proteinZ_rbs	3.0	0.0	0.0
104.999225	__ribosome	31.0	0.0	0.0
104.999225	__rnase_site	37.0	0.0	0.0
104.999225	__rnase_site_ext	18.0	0.0	0.0
104.999225	p1	1.0	0.0	0.0
104.999225	proteinX	712.0	22.0	1.409091
104.999225	proteinY	514.0	15.0	1.8666669999999999
104.999225	proteinZ	340.0	5.0	2.0
104.999225	rnapol	1.0	0.0	0.0
105.999031	__proteinX_rbs	15.0	0.0	0.0
105.999031	__proteinY_rbs	12.0	0.0	0.0
105.999031	__proteinZ_rbs	5.0	0.0	0.0
105.999031	__ribosome	31.0	0.0	0.0
105.999031	__rnase_site	37.0	0.0	0.0
105.999031	__rnase_site_ext	18.0	0.0	0.0
105.999031	p1	1.0	0.0	0.0
105.999031	proteinX	723.0	23.0	1.434783
105.999031	proteinY	522.0	16.0	1.5625
105.999031	proteinZ	341.0	5.0	2.2
105.999031	rnapol	0.0	0.0	0.0
106.999178	__proteinX_rbs	21.0	0.0	0.0
106.999178	__proteinY_rbs	12.0	0.0	0.0
106.999178	__proteinZ_rbs	5.0	0.0	0.0
106.999178	__ribosome	35.0	0.0	0.0
106.999178	__rnase_site	44.0	0.0	0.0
106.999178	__rnase_site_ext	21.0	0.0	0.0
106.999178	p1	0.0	0.0	0.0
106.999178	proteinX	730.0	23.0	1.347826
106.999178	proteinY	528.0	16.0	1.625
106.999178	proteinZ	344.0	5.0	1.6
106.999178	rnapol	0.0	0.0	0.0
108.000197	__proteinX_rbs	21.0	0.0	0.0
108.000197	__proteinY_rbs	13.0	0.0	0.0
108.000197	__proteinZ_rbs	4.0	0.0	0.0
108.000197	__ribosome	35.0	0.0	0.0
108.000197	__rnase_site	44.0	0.0	0.0
108.000197	__rnase_site_ext	22.0	0.0	0.0
108.000197	p1	1.0	0.0	0.0
108.000197	proteinX	739.0	24.0	1.291667
108.000197	proteinY	534.0	16.0	1.6875
108.000197	proteinZ	346.0	5.0	1.4
108.000197	rnapol	0.0	0.0	0.0
108.999127	__proteinX_rbs	17.0	0.0	0.0
108.999127	__proteinY_rbs	12.0	0.0	0.0
108.999127	__proteinZ_rbs	4.0	0.0	0.0
108.999127	__ribosome	28.0	0.0	0.0
108.999127	__rnase_site	41.0	0.0	0.0
108.999127	__rnase_site_ext	19.0	0.0	0.0
108.999127	p1	1.0	0.0	0.0
108.999127	proteinX	752.0	24.0	1.291667
108.999127	proteinY	538.0	17.0	2.058824
108.999127	proteinZ	349.0	5.0	1.2
108.999127	rnapol	0.0	0.0	0.0
109.999156	__proteinX_rbs	21.0	0.0	0.0
109.999156	__proteinY_rbs	13.0	0.0	0.0
109.999156	__proteinZ_rbs	3.0	0.0	0.0
109.999156	__ribosome	25.0	0.0	0.0
109.999156	__rnase_site	46.0	0.0	0.0
109.999156	__rnase_site_ext	21.0	0.0	0.0
109.999156	p1	1.0	0.0	0.0
109.999156	proteinX	759.0	25.0	1.32
109.999156	proteinY	546.0	17.0	2.058824
109.999156	proteinZ	350.0	5.0	1.4
109.999156	rnapol	0.0	0.0	0.0
110.99901000000001	__proteinX_rbs	19.0	0.0	0.0
110.99901000000001	__proteinY_rbs	16.0	0.0	0.0
110.99901000000001	__proteinZ_rbs	3.0	0.0	0.0
110.99901000000001	__ribosome	21.0	0.0	0.0
110.99901000000001	__rnase_site	48.0	0.0	0.0
110.99901000000001	__rnase_site_ext	20.0	0.0	0.0
110.99901000000001	p1	1.0	0.0	0.0
110.99901000000001	proteinX	766.0	24.0	1.541667
110.99901000000001	proteinY	552.0	18.0	1.888889
110.99901000000001	proteinZ	352.0	5.0	1.6
110.99901000000001	rnapol	0.0	0.0	0.0
111.999403	__proteinX_rbs	18.0	0.0	0.0
111.999403	__proteinY_rbs	14.0	0.0	0.0
111.999403	__proteinZ_rbs	4.0	0.0	0.0
111.999403	__ribosome	24.0	0.0	0.0
111.999403	__rnase_site	43.0	0.0	0.0
111.999403	__rnase_site_ext	18.0	0.0	0.0
111.999403	p1	1.0	0.0	0.0
111.999403	proteinX	777.0	23.0	1.521739
111.999403	proteinY	562.0	18.0	1.7777779999999999
111.999403	proteinZ	352.0	5.0	1.8
111.999403	rnapol	0.0	0.0	0.0
112.99911200000001	__proteinX_rbs	14.0	0.0	0.0
112.99911200000001	__proteinY_rbs	14.0	0.0	0.0
112.99911200000001	__proteinZ_rbs	4.0	0.0	0.0
112.99911200000001	__ribosome	21.0	0.0	0.0
112.99911200000001	__rnase_site	43.0	0.0	0.0
112.99911200000001	__rnase_site_ext	17.0	0.0	0.0
112.99911200000001	p1	0.0	0.0	0.0
112.99911200000001	proteinX	789.0	23.0	1.6521740000000003
112.99911200000001	proteinY	570.0	18.0	1.833333
112.99911200000001	proteinZ	355.0	5.0	1.6
112.99911200000001	rnapol	0.0	0.0	0.0
113.99905	__proteinX_rbs	19.0	0.0	0.0
113.99905	__proteinY_rbs	16.0	0.0	0.0
113.99905	__proteinZ_rbs	5.0	0.0	0.0
113.99905	__ribosome	18.0	0.0	0.0
113.99905	__rnase_site	49.0	0.0	0.0
113.99905	__rnase_site_ext	21.0	0.0	0.0
113.99905	p1	1.0	0.0	0.0
113.99905	proteinX	797.0	22.0	1.863636
113.99905	proteinY	577.0	19.0	1.7894740000000002
113.99905	proteinZ	356.0	5.0	1.4
113.99905	rnapol	0.0	0.0	0.0
114.999044	__proteinX_rbs	20.0	0.0	0.0
114.999044	__proteinY_rbs	16.0	0.0	0.0
114.999044	__proteinZ_rbs	5.0	0.0	0.0
114.999044	__ribosome	29.0	0.0	0.0
114.999044	__rnase_site	50.0	0.0	0.0
114.999044	__rnase_site_ext	22.0	0.0	0.0
114.999044	p1	0.0	0.0	0.0
114.999044	proteinX	810.0	22.0	1.545455
114.999044	proteinY	586.0	19.0	1.6842110000000001
114.999044	proteinZ	358.0	5.0	1.0
114.999044	rnapol	0.0	0.0	0.0
115.999275	__proteinX_rbs	16.0	0.0	0.0
115.999275	__proteinY_rbs	14.0	0.0	0.0
115.999275	__proteinZ_rbs	5.0	0.0	0.0
115.999275	__ribosome	29.0	0.0	0.0
115.999275	__rnase_site	44.0	0.0	0.0
115.999275	__rnase_site_ext	17.0	0.0	0.0
115.999275	p1	1.0	0.0	0.0
115.999275	proteinX	823.0	24.0	1.416667
115.999275	proteinY	592.0	18.0	1.888889
115.999275	proteinZ	361.0	5.0	0.6
115.999275	rnapol	1.0	0.0	0.0
116.99914199999999	__proteinX_rbs	22.0	0.0	0.0
116.99914199999999	__proteinY_rbs	11.0	0.0	0.0
116.99914199999999	__proteinZ_rbs	4.0	0.0	0.0
116.99914199999999	__ribosome	34.0	0.0	0.0
116.99914199999999	__rnase_site	51.0	0.0	0.0
116.99914199999999	__rnase_site_ext	24.0	0.0	0.0
116.99914199999999	p1	1.0	0.0	0.0
116.99914199999999	proteinX	835.0	25.0	1.16
116.99914199999999	proteinY	601.0	16.0	2.0625
116.99914199999999	proteinZ	363.0	6.0	0.666667
116.99914199999999	rnapol	0.0	0.0	0.0
117.99906399999999	__proteinX_rbs	17.0	0.0	0.0
117.99906399999999	__proteinY_rbs	15.0	0.0	0.0
117.99906399999999	__proteinZ_rbs	5.0	0.0	0.0
117.99906399999999	__ribosome	28.0	0.0	0.0
117.99906399999999	__rnase_site	46.0	0.0	0.0
117.99906399999999	__rnase_site_ext	18.0	0.0	0.0
117.99906399999999	p1	1.0	0.0	0.0
117.99906399999999	proteinX	841.0	25.0	1.48
117.99906399999999	proteinY	611.0	16.0	1.75
117.99906399999999	proteinZ	363.0	6.0	1.166667
117.99906399999999	rnapol	0.0	0.0	0.0
118.99911000000002	__proteinX_rbs	20.0	0.0	0.0
118.99911000000002	__proteinY_rbs	9.0	0.0	0.0
118.99911000000002	__proteinZ_rbs	5.0	0.0	0.0
118.99911000000002	__ribosome	24.0	0.0	0.0
118.99911000000002	__rnase_site	46.0	0.0	0.0
118.99911000000002	__rnase_site_ext	22.0	0.0	0.0
118.99911000000002	p1	1.0	0.0	0.0
118.99911000000002	proteinX	853.0	24.0	1.333333
118.99911000000002	proteinY	615.0	17.0	2.058824
118.99911000000002	proteinZ	363.0	6.0	1.5
118.99911000000002	rnapol	0.0	0.0	0.0
119.99911200000001	__proteinX_rbs	19.0	0.0	0.0
119.99911200000001	__proteinY_rbs	14.0	0.0	0.0
119.99911200000001	__proteinZ_rbs	5.0	0.0	0.0
119.99911200000001	__ribosome	21.0	0.0	0.0
119.99911200000001	__rnase_site	48.0	0.0	0.0
119.99911200000001	__rnase_site_ext	20.0	0.0	0.0
119.99911200000001	p1	1.0	0.0	0.0
119.99911200000001	proteinX	862.0	24.0	1.333333
119.99911200000001	proteinY	621.0	17.0	2.1176470000000003
119.99911200000001	proteinZ	364.0	6.0	1.833333
119.99911200000001	rnapol	1.0	0.0	0.0
120.99926799999999	__proteinX_rbs	16.0	0.0	0.0
120.99926799999999	__proteinY_rbs	11.0	0.0	0.0
120.99926799999999	__proteinZ_rbs	4.0	0.0	0.0
120.99926799999999	__ribosome	18.0	0.0	0.0
120.99926799999999	__rnase_site	41.0	0.0	0.0
120.99926799999999	__rnase_site_ext	19.0	0.0	0.0
120.99926799999999	p1	1.0	0.0	0.0
120.99926799999999	proteinX	870.0	25.0	1.56
120.99926799999999	proteinY	634.0	16.0	1.875
120.99926799999999	proteinZ	365.0	6.0	2.166667
120.99926799999999	rnapol	0.0	0.0	0.0
121.99978899999999	__proteinX_rbs	20.0	0.0	0.0
121.99978899999999	__proteinY_rbs	12.0	0.0	0.0
121.99978899999999	__proteinZ_rbs	6.0	0.0	0.0
121.99978899999999	__ribosome	23.0	0.0	0.0
121.99978899999999	__rnase_site	46.0	0.0	0.0
121.99978899999999	__rnase_site_ext	21.0	0.0	0.0
121.99978899999999	p1	1.0	0.0	0.0
121.99978899999999	proteinX	883.0	25.0	1.36
121.99978899999999	proteinY	639.0	16.0	2.125
121.99978899999999	proteinZ	369.0	6.0	1.5
121.99978899999999	rnapol	0.0	0.0	0.0
122.99901100000001	__proteinX_rbs	21.0	0.0	0.0
122.99901100000001	__proteinY_rbs	14.0	0.0	0.0
122.99901100000001	__proteinZ_rbs	6.0	0.0	0.0
122.99901100000001	__ribosome	25.0	0.0	0.0
122.99901100000001	__rnase_site	49.0	0.0	0.0
122.99901100000001	__rnase_site_ext	25.0	0.0	0.0
122.99901100000001	p1	1.0	0.0	0.0
122.99901100000001	proteinX	892.0	26.0	1.384615
122.99901100000001	proteinY	646.0	16.0	1.875
122.99901100000001	proteinZ	371.0	6.0	1.5
122.99901100000001	rnapol	0.0	0.0	0.0
123.999356	__proteinX_rbs	16.0	0.0	0.0
123.999356	__proteinY_rbs	11.0	0.0	0.0
123.999356	__proteinZ_rbs	3.0	0.0	0.0
123.999356	__ribosome	25.0	0.0	0.0
123.999356	__rnase_site	42.0	0.0	0.0
123.999356	__rnase_site_ext	18.0	0.0	0.0
123.999356	p1	1.0	0.0	0.0
123.999356	proteinX	904.0	25.0	1.48
123.999356	proteinY	657.0	16.0	1.75
123.999356	proteinZ	374.0	5.0	2.0
123.999356	rnapol	0.0	0.0	0.0
124.999219	__proteinX_rbs	17.0	0.0	0.0
124.999219	__proteinY_rbs	12.0	0.0	0.0
124.999219	__proteinZ_rbs	6.0	0.0	0.0
124.999219	__ribosome	26.0	0.0	0.0
124.999219	__rnase_site	45.0	0.0	0.0
124.999219	__rnase_site_ext	19.0	0.0	0.0
124.999219	p1	1.0	0.0	0.0
124.999219	proteinX	914.0	25.0	1.52
124.999219	proteinY	662.0	16.0	1.8125
124.999219	proteinZ	377.0	6.0	1.166667
124.999219	rnapol	0.0	0.0	0.0
125.99907900000001	__proteinX_rbs	18.0	0.0	0.0
125.99907900000001	__proteinY_rbs	14.0	0.0	0.0
125.99907900000001	__proteinZ_rbs	4.0	0.0	0.0
125.99907900000001	__ribosome	26.0	0.0	0.0
125.99907900000001	__rnase_site	46.0	0.0	0.0
125.99907900000001	__rnase_site_ext	20.0	0.0	0.0
125.99907900000001	p1	1.0	0.0	0.0
125.99907900000001	proteinX	927.0	25.0	1.4
125.99907900000001	proteinY	668.0	17.0	1.764706
125.99907900000001	proteinZ	378.0	6.0	1.5
125.99907900000001	rnapol	0.0	0.0	0.0
126.99964299999999	__proteinX_rbs	20.0	0.0	0.0
126.99964299999999	__proteinY_rbs	15.0	0.0	0.0
126.99964299999999	__proteinZ_rbs	6.0	0.0	0.0
126.99964299999999	__ribosome	25.0	0.0	0.0
126.99964299999999	__rnase_site	48.0	0.0	0.0
126.99964299999999	__rnase_site_ext	22.0	0.0	0.0
126.99964299999999	p1	1.0	0.0	0.0
126.99964299999999	proteinX	934.0	24.0	1.583333
126.99964299999999	proteinY	674.0	18.0	1.666667
126.99964299999999	proteinZ	380.0	6.0	1.166667
126.99964299999999	rnapol	0.0	0.0	0.0
127.99904199999999	__proteinX_rbs	16.0	0.0	0.0
127.99904199999999	__proteinY_rbs	17.0	0.0	0.0
127.99904199999999	__proteinZ_rbs	6.0	0.0	0.0
127.99904199999999	__ribosome	28.0	0.0	0.0
127.99904199999999	__rnase_site	46.0	0.0	0.0
127.99904199999999	__rnase_site_ext	20.0	0.0	0.0
127.99904199999999	p1	1.0	0.0	0.0
127.99904199999999	proteinX	948.0	24.0	1.458333
127.99904199999999	proteinY	681.0	18.0	1.555556
127.99904199999999	proteinZ	382.0	6.0	1.5
127.99904199999999	rnapol	0.0	0.0	0.0
128.999124	__proteinX_rbs	18.0	0.0	0.0
128.999124	__proteinY_rbs	14.0	0.0	0.0
128.999124	__proteinZ_rbs	5.0	0.0	0.0
128.999124	__ribosome	21.0	0.0	0.0
128.999124	__rnase_site	47.0	0.0	0.0
128.999124	__rnase_site_ext	20.0	0.0	0.0
128.999124	p1	1.0	0.0	0.0
128.999124	proteinX	957.0	24.0	1.625
128.999124	proteinY	688.0	18.0	1.7222220000000001
128.999124	proteinZ	384.0	6.0	1.5
128.999124	rnapol	0.0	0.0	0.0
129.999055	__proteinX_rbs	18.0	0.0	0.0
129.999055	__proteinY_rbs	15.0	0.0	0.0
129.999055	__proteinZ_rbs	7.0	0.0	0.0
129.999055	__ribosome	21.0	0.0	0.0
129.999055	__rnase_site	46.0	0.0	0.0
129.999055	__rnase_site_ext	18.0	0.0	0.0
129.999055	p1	1.0	0.0	0.0
129.999055	proteinX	967.0	22.0	1.636364
129.999055	proteinY	696.0	17.0	1.882353
129.999055	proteinZ	385.0	7.0	1.5714290000000002
129.999055	rnapol	0.0	0.0	0.0
130.999227	__proteinX_rbs	18.0	0.0	0.0
130.999227	__proteinY_rbs	14.0	0.0	0.0
130.999227	__proteinZ_rbs	5.0	0.0	0.0
130.999227	__ribosome	25.0	0.0	0.0
130.999227	__rnase_site	48.0	0.0	0.0
130.999227	__rnase_site_ext	18.0	0.0	0.0
130.999227	p1	1.0	0.0	0.0
130.999227	proteinX	979.0	22.0	1.409091
130.999227	proteinY	701.0	17.0	1.764706
130.999227	proteinZ	387.0	8.0	1.75
130.999227	rnapol	1.0	0.0	0.0
132.000426	__proteinX_rbs	17.0	0.0	0.0
132.000426	__proteinY_rbs	14.0	0.0	0.0
132.000426	__proteinZ_rbs	6.0	0.0	0.0
132.000426	__ribosome	26.0	0.0	0.0
132.000426	__rnase_site	46.0	0.0	0.0
132.000426	__rnase_site_ext	18.0	0.0	0.0
132.000426	p1	1.0	0.0	0.0
132.000426	proteinX	992.0	23.0	1.304348
132.000426	proteinY	707.0	17.0	1.882353
132.000426	proteinZ	391.0	8.0	1.5
132.000426	rnapol	0.0	0.0	0.0
132.999089	__proteinX_rbs	16.0	0.0	0.0
132.999089	__proteinY_rbs	13.0	0.0	0.0
132.999089	__proteinZ_rbs	7.0	0.0	0.0
132.999089	__ribosome	23.0	0.0	0.0
132.999089	__rnase_site	45.0	0.0	0.0
132.999089	__rnase_site_ext	18.0	0.0	0.0
132.999089	p1	1.0	0.0	0.0
132.999089	proteinX	998.0	23.0	1.565217
132.999089	proteinY	718.0	17.0	1.705882
132.999089	proteinZ	393.0	8.0	1.5
132.999089	rnapol	0.0	0.0	0.0
133.999893	__proteinX_rbs	15.0	0.0	0.0
133.999893	__proteinY_rbs	12.0	0.0	0.0
133.999893	__proteinZ_rbs	8.0	0.0	0.0
133.999893	__ribosome	19.0	0.0	0.0
133.999893	__rnase_site	43.0	0.0	0.0
133.999893	__rnase_site_ext	19.0	0.0	0.0
133.999893	p1	1.0	0.0	0.0
133.999893	proteinX	1007.0	23.0	1.695652
133.999893	proteinY	727.0	17.0	1.647059
133.999893	proteinZ	395.0	8.0	1.75
133.999893	rnapol	0.0	0.0	0.0
134.999387	__proteinX_rbs	15.0	0.0	0.0
134.999387	__proteinY_rbs	14.0	0.0	0.0
134.999387	__proteinZ_rbs	6.0	0.0	0.0
134.999387	__ribosome	18.0	0.0	0.0
134.999387	__rnase_site	45.0	0.0	0.0
134.999387	__rnase_site_ext	19.0	0.0	0.0
134.999387	p1	1.0	0.0	0.0
134.999387	proteinX	1019.0	23.0	1.608696
134.999387	proteinY	729.0	18.0	1.7777779999999999
134.999387	proteinZ	398.0	8.0	1.625
134.999387	rnapol	0.0	0.0	0.0
135.999129	__proteinX_rbs	18.0	0.0	0.0
135.999129	__proteinY_rbs	13.0	0.0	0.0
135.999129	__proteinZ_rbs	8.0	0.0	0.0
135.999129	__ribosome	25.0	0.0	0.0
135.999129	__rnase_site	48.0	0.0	0.0
135.999129	__rnase_site_ext	20.0	0.0	0.0
135.999129	p1	1.0	0.0	0.0
135.999129	proteinX	1033.0	23.0	1.434783
135.999129	proteinY	737.0	16.0	1.9375
135.999129	proteinZ	403.0	9.0	1.222222
135.999129	rnapol	0.0	0.0	0.0
136.999276	__proteinX_rbs	18.0	0.0	0.0
136.999276	__proteinY_rbs	12.0	0.0	0.0
136.999276	__proteinZ_rbs	7.0	0.0	0.0
136.999276	__ribosome	27.0	0.0	0.0
136.999276	__rnase_site	44.0	0.0	0.0
136.999276	__rnase_site_ext	18.0	0.0	0.0
136.999276	p1	1.0	0.0	0.0
136.999276	proteinX	1041.0	23.0	1.434783
136.999276	proteinY	746.0	16.0	1.75
136.999276	proteinZ	404.0	9.0	1.333333
136.999276	rnapol	0.0	0.0	0.0
137.999309	__proteinX_rbs	18.0	0.0	0.0
137.999309	__proteinY_rbs	12.0	0.0	0.0
137.999309	__proteinZ_rbs	4.0	0.0	0.0
137.999309	__ribosome	27.0	0.0	0.0
137.999309	__rnase_site	45.0	0.0	0.0
137.999309	__rnase_site_ext	21.0	0.0	0.0
137.999309	p1	0.0	0.0	0.0
137.999309	proteinX	1052.0	23.0	1.347826
137.999309	proteinY	752.0	16.0	1.8125
137.999309	proteinZ	408.0	8.0	1.625
137.999309	rnapol	0.0	0.0	0.0
138.999087	__proteinX_rbs	20.0	0.0	0.0
138.999087	__proteinY_rbs	14.0	0.0	0.0
138.999087	__proteinZ_rbs	6.0	0.0	0.0
138.999087	__ribosome	29.0	0.0	0.0
138.999087	__rnase_site	49.0	0.0	0.0
138.999087	__rnase_site_ext	21.0	0.0	0.0
138.999087	p1	1.0	0.0	0.0
138.999087	proteinX	1062.0	24.0	1.166667
138.999087	proteinY	759.0	16.0	1.6875
138.999087	proteinZ	410.0	9.0	1.7777779999999999
138.999087	rnapol	0.0	0.0	0.0
139.999742	__proteinX_rbs	19.0	0.0	0.0
139.999742	__proteinY_rbs	13.0	0.0	0.0
139.999742	__proteinZ_rbs	6.0	0.0	0.0
139.999742	__ribosome	30.0	0.0	0.0
139.999742	__rnase_site	46.0	0.0	0.0
139.999742	__rnase_site_ext	20.0	0.0	0.0
139.999742	p1	1.0	0.0	0.0
139.999742	proteinX	1071.0	24.0	1.291667
139.999742	proteinY	767.0	14.0	1.5
139.999742	proteinZ	413.0	9.0	2.0
139.999742	rnapol	1.0	0.0	0.0
140.999317	__proteinX_rbs	21.0	0.0	0.0
140.999317	__proteinY_rbs	12.0	0.0	0.0
140.999317	__proteinZ_rbs	6.0	0.0	0.0
140.999317	__ribosome	27.0	0.0	0.0
140.999317	__rnase_site	49.0	0.0	0.0
140.999317	__rnase_site_ext	23.0	0.0	0.0
140.999317	p1	1.0	0.0	0.0
140.999317	proteinX	1079.0	25.0	1.44
140.999317	proteinY	774.0	14.0	1.285714
140.999317	proteinZ	416.0	8.0	2.375
140.999317	rnapol	0.0	0.0	0.0
141.999418	__proteinX_rbs	18.0	0.0	0.0
141.999418	__proteinY_rbs	11.0	0.0	0.0
141.999418	__proteinZ_rbs	8.0	0.0	0.0
141.999418	__ribosome	18.0	0.0	0.0
141.999418	__rnase_site	44.0	0.0	0.0
141.999418	__rnase_site_ext	19.0	0.0	0.0
141.999418	p1	0.0	0.0	0.0
141.999418	proteinX	1085.0	24.0	1.708333
141.999418	proteinY	779.0	14.0	1.4285709999999998
141.999418	proteinZ	418.0	9.0	2.333333
141.999418	rnapol	0.0	0.0	0.0
142.999114	__proteinX_rbs	21.0	0.0	0.0
142.999114	__proteinY_rbs	12.0	0.0	0.0
142.999114	__proteinZ_rbs	8.0	0.0	0.0
142.999114	__ribosome	32.0	0.0	0.0
142.999114	__rnase_site	48.0	0.0	0.0
142.999114	__rnase_site_ext	21.0	0.0	0.0
142.999114	p1	1.0	0.0	0.0
142.999114	proteinX	1100.0	24.0	1.375
142.999114	proteinY	784.0	14.0	1.214286
142.999114	proteinZ	422.0	9.0	2.0
142.999114	rnapol	0.0	0.0	0.0
143.99903700000002	__proteinX_rbs	13.0	0.0	0.0
143.99903700000002	__proteinY_rbs	13.0	0.0	0.0
143.99903700000002	__proteinZ_rbs	6.0	0.0	0.0
143.99903700000002	__ribosome	27.0	0.0	0.0
143.99903700000002	__rnase_site	40.0	0.0	0.0
143.99903700000002	__rnase_site_ext	18.0	0.0	0.0
143.99903700000002	p1	1.0	0.0	0.0
143.99903700000002	proteinX	1109.0	24.0	1.625
143.99903700000002	proteinY	787.0	14.0	1.285714
143.99903700000002	proteinZ	428.0	8.0	2.0
143.99903700000002	rnapol	1.0	0.0	0.0
144.99911	__proteinX_rbs	17.0	0.0	0.0
144.99911	__proteinY_rbs	12.0	0.0	0.0
144.99911	__proteinZ_rbs	7.0	0.0	0.0
144.99911	__ribosome	31.0	0.0	0.0
144.99911	__rnase_site	42.0	0.0	0.0
144.99911	__rnase_site_ext	19.0	0.0	0.0
144.99911	p1	1.0	0.0	0.0
144.99911	proteinX	1123.0	24.0	1.5
144.99911	proteinY	791.0	15.0	1.333333
144.99911	proteinZ	432.0	8.0	1.625
144.99911	rnapol	0.0	0.0	0.0
145.999511	__proteinX_rbs	20.0	0.0	0.0
145.999511	__proteinY_rbs	10.0	0.0	0.0
145.999511	__proteinZ_rbs	6.0	0.0	0.0
145.999511	__ribosome	29.0	0.0	0.0
145.999511	__rnase_site	47.0	0.0	0.0
145.999511	__rnase_site_ext	23.0	0.0	0.0
145.999511	p1	1.0	0.0	0.0
145.999511	proteinX	1130.0	24.0	1.541667
145.999511	proteinY	799.0	15.0	1.466667
145.999511	proteinZ	437.0	8.0	1.5
145.999511	rnapol	1.0	0.0	0.0
146.99915	__proteinX_rbs	22.0	0.0	0.0
146.99915	__proteinY_rbs	12.0	0.0	0.0
146.99915	__proteinZ_rbs	6.0	0.0	0.0
146.99915	__ribosome	25.0	0.0	0.0
146.99915	__rnase_site	47.0	0.0	0.0
146.99915	__rnase_site_ext	22.0	0.0	0.0
146.99915	p1	1.0	0.0	0.0
146.99915	proteinX	1140.0	25.0	1.36
146.99915	proteinY	800.0	15.0	1.7333330000000002
146.99915	proteinZ	439.0	8.0	1.875
146.99915	rnapol	0.0	0.0	0.0
147.999224	__proteinX_rbs	19.0	0.0	0.0
147.999224	__proteinY_rbs	14.0	0.0	0.0
147.999224	__proteinZ_rbs	7.0	0.0	0.0
147.999224	__ribosome	28.0	0.0	0.0
147.999224	__rnase_site	45.0	0.0	0.0
147.999224	__rnase_site_ext	20.0	0.0	0.0
147.999224	p1	1.0	0.0	0.0
147.999224	proteinX	1155.0	25.0	1.36
147.999224	proteinY	806.0	16.0	1.5
147.999224	proteinZ	441.0	7.0	2.0
147.999224	rnapol	0.0	0.0	0.0
148.99917	__proteinX_rbs	17.0	0.0	0.0
148.99917	__proteinY_rbs	14.0	0.0	0.0
148.99917	__proteinZ_rbs	7.0	0.0	0.0
148.99917	__ribosome	22.0	0.0	0.0
148.99917	__rnase_site	42.0	0.0	0.0
148.99917	__rnase_site_ext	19.0	0.0	0.0
148.99917	p1	1.0	0.0	0.0
148.99917	proteinX	1163.0	24.0	1.416667
148.99917	proteinY	808.0	16.0	1.9375
148.99917	proteinZ	444.0	8.0	1.625
148.99917	rnapol	0.0	0.0	0.0
149.99913999999998	__proteinX_rbs	19.0	0.0	0.0
149.99913999999998	__proteinY_rbs	10.0	0.0	0.0
149.99913999999998	__proteinZ_rbs	6.0	0.0	0.0
149.99913999999998	__ribosome	23.0	0.0	0.0
149.99913999999998	__rnase_site	45.0	0.0	0.0
149.99913999999998	__rnase_site_ext	21.0	0.0	0.0
149.99913999999998	p1	1.0	0.0	0.0
149.99913999999998	proteinX	1170.0	24.0	1.541667
149.99913999999998	proteinY	820.0	17.0	1.588235
149.99913999999998	proteinZ	447.0	8.0	1.625
149.99913999999998	rnapol	0.0	0.0	0.0
150.999176	__proteinX_rbs	15.0	0.0	0.0
150.999176	__proteinY_rbs	15.0	0.0	0.0
150.999176	__proteinZ_rbs	7.0	0.0	0.0
150.999176	__ribosome	30.0	0.0	0.0
150.999176	__rnase_site	42.0	0.0	0.0
150.999176	__rnase_site_ext	17.0	0.0	0.0
150.999176	p1	1.0	0.0	0.0
150.999176	proteinX	1185.0	22.0	1.545455
150.999176	proteinY	825.0	17.0	1.529412
150.999176	proteinZ	452.0	8.0	1.25
150.999176	rnapol	0.0	0.0	0.0
151.999919	__proteinX_rbs	17.0	0.0	0.0
151.999919	__proteinY_rbs	13.0	0.0	0.0
151.999919	__proteinZ_rbs	6.0	0.0	0.0
151.999919	__ribosome	23.0	0.0	0.0
151.999919	__rnase_site	44.0	0.0	0.0
151.999919	__rnase_site_ext	19.0	0.0	0.0
151.999919	p1	1.0	0.0	0.0
151.999919	proteinX	1195.0	22.0	1.590909
151.999919	proteinY	830.0	17.0	1.647059
151.999919	proteinZ	455.0	9.0	1.555556
151.999919	rnapol	0.0	0.0	0.0
152.999045	__proteinX_rbs	19.0	0.0	0.0
152.999045	__proteinY_rbs	14.0	0.0	0.0
152.999045	__proteinZ_rbs	6.0	0.0	0.0
152.999045	__ribosome	21.0	0.0	0.0
152.999045	__rnase_site	45.0	0.0	0.0
152.999045	__rnase_site_ext	20.0	0.0	0.0
152.999045	p1	1.0	0.0	0.0
152.999045	proteinX	1204.0	23.0	1.391304
152.999045	proteinY	837.0	17.0	1.647059
152.999045	proteinZ	455.0	9.0	2.111111
152.999045	rnapol	1.0	0.0	0.0
153.999266	__proteinX_rbs	17.0	0.0	0.0
153.999266	__proteinY_rbs	13.0	0.0	0.0
153.999266	__proteinZ_rbs	6.0	0.0	0.0
153.999266	__ribosome	20.0	0.0	0.0
153.999266	__rnase_site	44.0	0.0	0.0
153.999266	__rnase_site_ext	19.0	0.0	0.0
153.999266	p1	1.0	0.0	0.0
153.999266	proteinX	1216.0	24.0	1.25
153.999266	proteinY	844.0	17.0	1.705882
153.999266	proteinZ	458.0	9.0	2.333333
153.999266	rnapol	0.0	0.0	0.0
154.999005	__proteinX_rbs	22.0	0.0	0.0
154.999005	__proteinY_rbs	13.0	0.0	0.0
154.999005	__proteinZ_rbs	6.0	0.0	0.0
154.999005	__ribosome	24.0	0.0	0.0
154.999005	__rnase_site	47.0	0.0	0.0
154.999005	__rnase_site_ext	22.0	0.0	0.0
154.999005	p1	1.0	0.0	0.0
154.999005	proteinX	1226.0	24.0	1.083333
154.999005	proteinY	851.0	16.0	1.75
154.999005	proteinZ	461.0	9.0	2.444444
154.999005	rnapol	0.0	0.0	0.0
155.999358	__proteinX_rbs	14.0	0.0	0.0
155.999358	__proteinY_rbs	14.0	0.0	0.0
155.999358	__proteinZ_rbs	7.0	0.0	0.0
155.999358	__ribosome	20.0	0.0	0.0
155.999358	__rnase_site	41.0	0.0	0.0
155.999358	__rnase_site_ext	19.0	0.0	0.0
155.999358	p1	1.0	0.0	0.0
155.999358	proteinX	1233.0	25.0	1.32
155.999358	proteinY	857.0	16.0	1.625
155.999358	proteinZ	466.0	9.0	2.333333
155.999358	rnapol	0.0	0.0	0.0
156.999481	__proteinX_rbs	21.0	0.0	0.0
156.999481	__proteinY_rbs	15.0	0.0	0.0
156.999481	__proteinZ_rbs	7.0	0.0	0.0
156.999481	__ribosome	25.0	0.0	0.0
156.999481	__rnase_site	48.0	0.0	0.0
156.999481	__rnase_site_ext	21.0	0.0	0.0
156.999481	p1	1.0	0.0	0.0
156.999481	proteinX	1243.0	25.0	1.24
156.999481	proteinY	864.0	18.0	1.333333
156.999481	proteinZ	469.0	9.0	2.222222
156.999481	rnapol	0.0	0.0	0.0
157.999073	__proteinX_rbs	18.0	0.0	0.0
157.999073	__proteinY_rbs	11.0	0.0	0.0
157.999073	__proteinZ_rbs	7.0	0.0	0.0
157.999073	__ribosome	24.0	0.0	0.0
157.999073	__rnase_site	42.0	0.0	0.0
157.999073	__rnase_site_ext	21.0	0.0	0.0
157.999073	p1	1.0	0.0	0.0
157.999073	proteinX	1249.0	25.0	1.44
157.999073	proteinY	874.0	17.0	1.352941
157.999073	proteinZ	475.0	9.0	1.888889
157.999073	rnapol	0.0	0.0	0.0
158.999779	__proteinX_rbs	25.0	0.0	0.0
158.999779	__proteinY_rbs	16.0	0.0	0.0
158.999779	__proteinZ_rbs	6.0	0.0	0.0
158.999779	__ribosome	26.0	0.0	0.0
158.999779	__rnase_site	53.0	0.0	0.0
158.999779	__rnase_site_ext	25.0	0.0	0.0
158.999779	p1	1.0	0.0	0.0
158.999779	proteinX	1259.0	26.0	1.230769
158.999779	proteinY	877.0	18.0	1.277778
158.999779	proteinZ	480.0	9.0	2.111111
158.999779	rnapol	0.0	0.0	0.0
159.99905	__proteinX_rbs	15.0	0.0	0.0
159.99905	__proteinY_rbs	15.0	0.0	0.0
159.99905	__proteinZ_rbs	9.0	0.0	0.0
159.99905	__ribosome	22.0	0.0	0.0
159.99905	__rnase_site	45.0	0.0	0.0
159.99905	__rnase_site_ext	18.0	0.0	0.0
159.99905	p1	1.0	0.0	0.0
159.99905	proteinX	1269.0	25.0	1.44
159.99905	proteinY	881.0	18.0	1.444444
159.99905	proteinZ	486.0	10.0	1.6
159.99905	rnapol	1.0	0.0	0.0
160.999061	__proteinX_rbs	21.0	0.0	0.0
160.999061	__proteinY_rbs	16.0	0.0	0.0
160.999061	__proteinZ_rbs	7.0	0.0	0.0
160.999061	__ribosome	22.0	0.0	0.0
160.999061	__rnase_site	51.0	0.0	0.0
160.999061	__rnase_site_ext	24.0	0.0	0.0
160.999061	p1	1.0	0.0	0.0
160.999061	proteinX	1280.0	26.0	1.307692
160.999061	proteinY	885.0	18.0	1.388889
160.999061	proteinZ	487.0	10.0	1.9
160.999061	rnapol	0.0	0.0	0.0
161.999047	__proteinX_rbs	18.0	0.0	0.0
161.999047	__proteinY_rbs	15.0	0.0	0.0
161.999047	__proteinZ_rbs	7.0	0.0	0.0
161.999047	__ribosome	23.0	0.0	0.0
161.999047	__rnase_site	48.0	0.0	0.0
161.999047	__rnase_site_ext	20.0	0.0	0.0
161.999047	p1	1.0	0.0	0.0
161.999047	proteinX	1290.0	26.0	1.4230770000000001
161.999047	proteinY	895.0	17.0	1.1176469999999998
161.999047	proteinZ	491.0	10.0	2.1
161.999047	rnapol	0.0	0.0	0.0
162.999045	__proteinX_rbs	19.0	0.0	0.0
162.999045	__proteinY_rbs	14.0	0.0	0.0
162.999045	__proteinZ_rbs	10.0	0.0	0.0
162.999045	__ribosome	20.0	0.0	0.0
162.999045	__rnase_site	49.0	0.0	0.0
162.999045	__rnase_site_ext	20.0	0.0	0.0
162.999045	p1	1.0	0.0	0.0
162.999045	proteinX	1299.0	25.0	1.52
162.999045	proteinY	900.0	17.0	1.294118
162.999045	proteinZ	496.0	10.0	2.0
162.999045	rnapol	1.0	0.0	0.0
163.999113	__proteinX_rbs	22.0	0.0	0.0
163.999113	__proteinY_rbs	17.0	0.0	0.0
163.999113	__proteinZ_rbs	8.0	0.0	0.0
163.999113	__ribosome	28.0	0.0	0.0
163.999113	__rnase_site	55.0	0.0	0.0
163.999113	__rnase_site_ext	25.0	0.0	0.0
163.999113	p1	1.0	0.0	0.0
163.999113	proteinX	1312.0	27.0	1.222222
163.999113	proteinY	906.0	17.0	1.1764709999999998
163.999113	proteinZ	500.0	10.0	1.9
163.999113	rnapol	0.0	0.0	0.0
164.999451	__proteinX_rbs	25.0	0.0	0.0
164.999451	__proteinY_rbs	15.0	0.0	0.0
164.999451	__proteinZ_rbs	9.0	0.0	0.0
164.999451	__ribosome	26.0	0.0	0.0
164.999451	__rnase_site	53.0	0.0	0.0
164.999451	__rnase_site_ext	25.0	0.0	0.0
164.999451	p1	1.0	0.0	0.0
164.999451	proteinX	1322.0	28.0	1.1785709999999998
164.999451	proteinY	909.0	18.0	1.166667
164.999451	proteinZ	503.0	10.0	2.0
164.999451	rnapol	0.0	0.0	0.0
165.99913	__proteinX_rbs	19.0	0.0	0.0
165.99913	__proteinY_rbs	14.0	0.0	0.0
165.99913	__proteinZ_rbs	7.0	0.0	0.0
165.99913	__ribosome	24.0	0.0	0.0
165.99913	__rnase_site	50.0	0.0	0.0
165.99913	__rnase_site_ext	22.0	0.0	0.0
165.99913	p1	1.0	0.0	0.0
165.99913	proteinX	1331.0	28.0	1.25
165.99913	proteinY	912.0	18.0	1.333333
165.99913	proteinZ	508.0	9.0	1.888889
165.99913	rnapol	0.0	0.0	0.0
166.999014	__proteinX_rbs	20.0	0.0	0.0
166.999014	__proteinY_rbs	16.0	0.0	0.0
166.999014	__proteinZ_rbs	7.0	0.0	0.0
166.999014	__ribosome	31.0	0.0	0.0
166.999014	__rnase_site	49.0	0.0	0.0
166.999014	__rnase_site_ext	21.0	0.0	0.0
166.999014	p1	1.0	0.0	0.0
166.999014	proteinX	1341.0	28.0	1.3214290000000002
166.999014	proteinY	923.0	19.0	0.947368
166.999014	proteinZ	515.0	9.0	1.555556
166.999014	rnapol	0.0	0.0	0.0
167.99955	__proteinX_rbs	20.0	0.0	0.0
167.99955	__proteinY_rbs	14.0	0.0	0.0
167.99955	__proteinZ_rbs	7.0	0.0	0.0
167.99955	__ribosome	22.0	0.0	0.0
167.99955	__rnase_site	47.0	0.0	0.0
167.99955	__rnase_site_ext	20.0	0.0	0.0
167.99955	p1	1.0	0.0	0.0
167.99955	proteinX	1352.0	28.0	1.4285709999999998
167.99955	proteinY	926.0	19.0	1.1578950000000001
167.99955	proteinZ	518.0	9.0	1.7777779999999999
167.99955	rnapol	0.0	0.0	0.0
168.99940700000002	__proteinX_rbs	21.0	0.0	0.0
168.99940700000002	__proteinY_rbs	16.0	0.0	0.0
168.99940700000002	__proteinZ_rbs	8.0	0.0	0.0
168.99940700000002	__ribosome	19.0	0.0	0.0
168.99940700000002	__rnase_site	51.0	0.0	0.0
168.99940700000002	__rnase_site_ext	25.0	0.0	0.0
168.99940700000002	p1	1.0	0.0	0.0
168.99940700000002	proteinX	1361.0	29.0	1.413793
168.99940700000002	proteinY	929.0	19.0	1.263158
168.99940700000002	proteinZ	522.0	10.0	1.6
168.99940700000002	rnapol	0.0	0.0	0.0
169.999046	__proteinX_rbs	25.0	0.0	0.0
169.999046	__proteinY_rbs	14.0	0.0	0.0
169.999046	__proteinZ_rbs	6.0	0.0	0.0
169.999046	__ribosome	16.0	0.0	0.0
169.999046	__rnase_site	54.0	0.0	0.0
169.999046	__rnase_site_ext	26.0	0.0	0.0
169.999046	p1	1.0	0.0	0.0
169.999046	proteinX	1371.0	29.0	1.37931
169.999046	proteinY	935.0	18.0	1.333333
169.999046	proteinZ	524.0	10.0	2.0
169.999046	rnapol	0.0	0.0	0.0
170.99928799999998	__proteinX_rbs	24.0	0.0	0.0
170.99928799999998	__proteinY_rbs	16.0	0.0	0.0
170.99928799999998	__proteinZ_rbs	11.0	0.0	0.0
170.99928799999998	__ribosome	22.0	0.0	0.0
170.99928799999998	__rnase_site	55.0	0.0	0.0
170.99928799999998	__rnase_site_ext	26.0	0.0	0.0
170.99928799999998	p1	1.0	0.0	0.0
170.99928799999998	proteinX	1386.0	29.0	1.103448
170.99928799999998	proteinY	939.0	18.0	1.5
170.99928799999998	proteinZ	527.0	11.0	1.727273
170.99928799999998	rnapol	0.0	0.0	0.0
171.99910400000002	__proteinX_rbs	22.0	0.0	0.0
171.99910400000002	__proteinY_rbs	17.0	0.0	0.0
171.99910400000002	__proteinZ_rbs	11.0	0.0	0.0
171.99910400000002	__ribosome	25.0	0.0	0.0
171.99910400000002	__rnase_site	54.0	0.0	0.0
171.99910400000002	__rnase_site_ext	23.0	0.0	0.0
171.99910400000002	p1	1.0	0.0	0.0
171.99910400000002	proteinX	1398.0	29.0	1.103448
171.99910400000002	proteinY	947.0	18.0	1.388889
171.99910400000002	proteinZ	531.0	12.0	1.5
171.99910400000002	rnapol	0.0	0.0	0.0
172.999084	__proteinX_rbs	22.0	0.0	0.0
172.999084	__proteinY_rbs	13.0	0.0	0.0
172.999084	__proteinZ_rbs	12.0	0.0	0.0
172.999084	__ribosome	22.0	0.0	0.0
172.999084	__rnase_site	51.0	0.0	0.0
172.999084	__rnase_site_ext	24.0	0.0	0.0
172.999084	p1	0.0	0.0	0.0
172.999084	proteinX	1409.0	27.0	1.148148
172.999084	proteinY	951.0	19.0	1.6315790000000001
172.999084	proteinZ	537.0	12.0	1.333333
172.999084	rnapol	0.0	0.0	0.0
173.999002	__proteinX_rbs	21.0	0.0	0.0
173.999002	__proteinY_rbs	14.0	0.0	0.0
173.999002	__proteinZ_rbs	10.0	0.0	0.0
173.999002	__ribosome	16.0	0.0	0.0
173.999002	__rnase_site	52.0	0.0	0.0
173.999002	__rnase_site_ext	22.0	0.0	0.0
173.999002	p1	1.0	0.0	0.0
173.999002	proteinX	1414.0	28.0	1.285714
173.999002	proteinY	957.0	19.0	1.6315790000000001
173.999002	proteinZ	540.0	12.0	1.416667
173.999002	rnapol	0.0	0.0	0.0
174.999203	__proteinX_rbs	24.0	0.0	0.0
174.999203	__proteinY_rbs	15.0	0.0	0.0
174.999203	__proteinZ_rbs	10.0	0.0	0.0
174.999203	__ribosome	16.0	0.0	0.0
174.999203	__rnase_site	55.0	0.0	0.0
174.999203	__rnase_site_ext	26.0	0.0	0.0
174.999203	p1	0.0	0.0	0.0
174.999203	proteinX	1421.0	29.0	1.3448280000000001
174.999203	proteinY	964.0	18.0	1.611111
174.999203	proteinZ	546.0	12.0	1.333333
174.999203	rnapol	0.0	0.0	0.0
175.999603	__proteinX_rbs	20.0	0.0	0.0
175.999603	__proteinY_rbs	15.0	0.0	0.0
175.999603	__proteinZ_rbs	12.0	0.0	0.0
175.999603	__ribosome	18.0	0.0	0.0
175.999603	__rnase_site	49.0	0.0	0.0
175.999603	__rnase_site_ext	22.0	0.0	0.0
175.999603	p1	1.0	0.0	0.0
175.999603	proteinX	1435.0	30.0	1.266667
175.999603	proteinY	972.0	18.0	1.555556
175.999603	proteinZ	547.0	13.0	1.230769
175.999603	rnapol	0.0	0.0	0.0
176.99992	__proteinX_rbs	26.0	0.0	0.0
176.99992	__proteinY_rbs	18.0	0.0	0.0
176.99992	__proteinZ_rbs	9.0	0.0	0.0
176.99992	__ribosome	27.0	0.0	0.0
176.99992	__rnase_site	57.0	0.0	0.0
176.99992	__rnase_site_ext	27.0	0.0	0.0
176.99992	p1	1.0	0.0	0.0
176.99992	proteinX	1447.0	28.0	1.1785709999999998
176.99992	proteinY	980.0	19.0	1.263158
176.99992	proteinZ	551.0	10.0	1.6
176.99992	rnapol	0.0	0.0	0.0
177.99928500000001	__proteinX_rbs	22.0	0.0	0.0
177.99928500000001	__proteinY_rbs	12.0	0.0	0.0
177.99928500000001	__proteinZ_rbs	7.0	0.0	0.0
177.99928500000001	__ribosome	19.0	0.0	0.0
177.99928500000001	__rnase_site	48.0	0.0	0.0
177.99928500000001	__rnase_site_ext	23.0	0.0	0.0
177.99928500000001	p1	1.0	0.0	0.0
177.99928500000001	proteinX	1455.0	26.0	1.346154
177.99928500000001	proteinY	985.0	19.0	1.6842110000000001
177.99928500000001	proteinZ	555.0	9.0	1.555556
177.99928500000001	rnapol	0.0	0.0	0.0
178.999008	__proteinX_rbs	20.0	0.0	0.0
178.999008	__proteinY_rbs	14.0	0.0	0.0
178.999008	__proteinZ_rbs	4.0	0.0	0.0
178.999008	__ribosome	22.0	0.0	0.0
178.999008	__rnase_site	48.0	0.0	0.0
178.999008	__rnase_site_ext	22.0	0.0	0.0
178.999008	p1	1.0	0.0	0.0
178.999008	proteinX	1469.0	26.0	1.153846
178.999008	proteinY	994.0	19.0	1.7368419999999998
178.999008	proteinZ	560.0	9.0	1.666667
178.999008	rnapol	0.0	0.0	0.0
179.99926299999998	__proteinX_rbs	21.0	0.0	0.0
179.99926299999998	__proteinY_rbs	15.0	0.0	0.0
179.99926299999998	__proteinZ_rbs	8.0	0.0	0.0
179.99926299999998	__ribosome	22.0	0.0	0.0
179.99926299999998	__rnase_site	50.0	0.0	0.0
179.99926299999998	__rnase_site_ext	23.0	0.0	0.0
179.99926299999998	p1	1.0	0.0	0.0
179.99926299999998	proteinX	1480.0	27.0	1.111111
179.99926299999998	proteinY	998.0	19.0	1.8421049999999999
179.99926299999998	proteinZ	563.0	9.0	1.444444
179.99926299999998	rnapol	0.0	0.0	0.0
180.999023	__proteinX_rbs	24.0	0.0	0.0
180.999023	__proteinY_rbs	17.0	0.0	0.0
180.999023	__proteinZ_rbs	7.0	0.0	0.0
180.999023	__ribosome	22.0	0.0	0.0
180.999023	__rnase_site	55.0	0.0	0.0
180.999023	__rnase_site_ext	26.0	0.0	0.0
180.999023	p1	1.0	0.0	0.0
180.999023	proteinX	1489.0	27.0	1.0
180.999023	proteinY	1002.0	19.0	1.947368
180.999023	proteinZ	565.0	9.0	1.555556
180.999023	rnapol	0.0	0.0	0.0
181.99920600000002	__proteinX_rbs	21.0	0.0	0.0
181.99920600000002	__proteinY_rbs	16.0	0.0	0.0
181.99920600000002	__proteinZ_rbs	7.0	0.0	0.0
181.99920600000002	__ribosome	29.0	0.0	0.0
181.99920600000002	__rnase_site	51.0	0.0	0.0
181.99920600000002	__rnase_site_ext	25.0	0.0	0.0
181.99920600000002	p1	1.0	0.0	0.0
181.99920600000002	proteinX	1496.0	26.0	1.0
181.99920600000002	proteinY	1014.0	19.0	1.5789469999999999
181.99920600000002	proteinZ	568.0	9.0	1.666667
181.99920600000002	rnapol	0.0	0.0	0.0
182.999469	__proteinX_rbs	23.0	0.0	0.0
182.999469	__proteinY_rbs	16.0	0.0	0.0
182.999469	__proteinZ_rbs	8.0	0.0	0.0
182.999469	__ribosome	38.0	0.0	0.0
182.999469	__rnase_site	55.0	0.0	0.0
182.999469	__rnase_site_ext	23.0	0.0	0.0
182.999469	p1	1.0	0.0	0.0
182.999469	proteinX	1509.0	25.0	0.8
182.999469	proteinY	1025.0	19.0	1.263158
182.999469	proteinZ	569.0	11.0	1.636364
182.999469	rnapol	0.0	0.0	0.0
183.999248	__proteinX_rbs	15.0	0.0	0.0
183.999248	__proteinY_rbs	15.0	0.0	0.0
183.999248	__proteinZ_rbs	10.0	0.0	0.0
183.999248	__ribosome	27.0	0.0	0.0
183.999248	__rnase_site	45.0	0.0	0.0
183.999248	__rnase_site_ext	18.0	0.0	0.0
183.999248	p1	1.0	0.0	0.0
183.999248	proteinX	1514.0	24.0	1.208333
183.999248	proteinY	1033.0	19.0	1.3157889999999999
183.999248	proteinZ	575.0	11.0	1.727273
183.999248	rnapol	0.0	0.0	0.0
184.99931	__proteinX_rbs	19.0	0.0	0.0
184.99931	__proteinY_rbs	14.0	0.0	0.0
184.99931	__proteinZ_rbs	7.0	0.0	0.0
184.99931	__ribosome	15.0	0.0	0.0
184.99931	__rnase_site	49.0	0.0	0.0
184.99931	__rnase_site_ext	20.0	0.0	0.0
184.99931	p1	1.0	0.0	0.0
184.99931	proteinX	1520.0	24.0	1.291667
184.99931	proteinY	1036.0	19.0	1.5789469999999999
184.99931	proteinZ	577.0	11.0	2.181818
184.99931	rnapol	0.0	0.0	0.0
185.99922	__proteinX_rbs	22.0	0.0	0.0
185.99922	__proteinY_rbs	16.0	0.0	0.0
185.99922	__proteinZ_rbs	11.0	0.0	0.0
185.99922	__ribosome	22.0	0.0	0.0
185.99922	__rnase_site	52.0	0.0	0.0
185.99922	__rnase_site_ext	22.0	0.0	0.0
185.99922	p1	1.0	0.0	0.0
185.99922	proteinX	1528.0	25.0	1.2
185.99922	proteinY	1043.0	19.0	1.4210530000000001
185.99922	proteinZ	581.0	11.0	1.909091
185.99922	rnapol	0.0	0.0	0.0
186.99928500000001	__proteinX_rbs	20.0	0.0	0.0
186.99928500000001	__proteinY_rbs	16.0	0.0	0.0
186.99928500000001	__proteinZ_rbs	11.0	0.0	0.0
186.99928500000001	__ribosome	25.0	0.0	0.0
186.99928500000001	__rnase_site	50.0	0.0	0.0
186.99928500000001	__rnase_site_ext	23.0	0.0	0.0
186.99928500000001	p1	1.0	0.0	0.0
186.99928500000001	proteinX	1540.0	25.0	1.08
186.99928500000001	proteinY	1049.0	19.0	1.473684
186.99928500000001	proteinZ	584.0	11.0	1.818182
186.99928500000001	rnapol	0.0	0.0	0.0
187.999145	__proteinX_rbs	21.0	0.0	0.0
187.999145	__proteinY_rbs	13.0	0.0	0.0
187.999145	__proteinZ_rbs	7.0	0.0	0.0
187.999145	__ribosome	22.0	0.0	0.0
187.999145	__rnase_site	49.0	0.0	0.0
187.999145	__rnase_site_ext	22.0	0.0	0.0
187.999145	p1	1.0	0.0	0.0
187.999145	proteinX	1550.0	26.0	1.115385
187.999145	proteinY	1057.0	19.0	1.526316
187.999145	proteinZ	590.0	11.0	1.818182
187.999145	rnapol	0.0	0.0	0.0
188.999575	__proteinX_rbs	21.0	0.0	0.0
188.999575	__proteinY_rbs	16.0	0.0	0.0
188.999575	__proteinZ_rbs	9.0	0.0	0.0
188.999575	__ribosome	28.0	0.0	0.0
188.999575	__rnase_site	53.0	0.0	0.0
188.999575	__rnase_site_ext	22.0	0.0	0.0
188.999575	p1	1.0	0.0	0.0
188.999575	proteinX	1557.0	24.0	1.208333
188.999575	proteinY	1064.0	19.0	1.4210530000000001
188.999575	proteinZ	599.0	11.0	1.454545
188.999575	rnapol	0.0	0.0	0.0
189.99901699999998	__proteinX_rbs	15.0	0.0	0.0
189.99901699999998	__proteinY_rbs	16.0	0.0	0.0
189.99901699999998	__proteinZ_rbs	10.0	0.0	0.0
189.99901699999998	__ribosome	23.0	0.0	0.0
189.99901699999998	__rnase_site	47.0	0.0	0.0
189.99901699999998	__rnase_site_ext	16.0	0.0	0.0
189.99901699999998	p1	1.0	0.0	0.0
189.99901699999998	proteinX	1565.0	22.0	1.545455
189.99901699999998	proteinY	1070.0	21.0	1.333333
189.99901699999998	proteinZ	602.0	11.0	1.363636
189.99901699999998	rnapol	1.0	0.0	0.0
190.999027	__proteinX_rbs	19.0	0.0	0.0
190.999027	__proteinY_rbs	18.0	0.0	0.0
190.999027	__proteinZ_rbs	8.0	0.0	0.0
190.999027	__ribosome	20.0	0.0	0.0
190.999027	__rnase_site	53.0	0.0	0.0
190.999027	__rnase_site_ext	21.0	0.0	0.0
190.999027	p1	1.0	0.0	0.0
190.999027	proteinX	1576.0	23.0	1.2608700000000002
190.999027	proteinY	1076.0	20.0	1.45
190.999027	proteinZ	604.0	11.0	2.0
190.999027	rnapol	0.0	0.0	0.0
191.999102	__proteinX_rbs	17.0	0.0	0.0
191.999102	__proteinY_rbs	19.0	0.0	0.0
191.999102	__proteinZ_rbs	7.0	0.0	0.0
191.999102	__ribosome	17.0	0.0	0.0
191.999102	__rnase_site	50.0	0.0	0.0
191.999102	__rnase_site_ext	18.0	0.0	0.0
191.999102	p1	1.0	0.0	0.0
191.999102	proteinX	1583.0	20.0	1.65
191.999102	proteinY	1083.0	20.0	1.3
191.999102	proteinZ	607.0	11.0	2.181818
191.999102	rnapol	0.0	0.0	0.0
192.999517	__proteinX_rbs	16.0	0.0	0.0
192.999517	__proteinY_rbs	18.0	0.0	0.0
192.999517	__proteinZ_rbs	7.0	0.0	0.0
192.999517	__ribosome	22.0	0.0	0.0
192.999517	__rnase_site	50.0	0.0	0.0
192.999517	__rnase_site_ext	17.0	0.0	0.0
192.999517	p1	1.0	0.0	0.0
192.999517	proteinX	1594.0	19.0	1.526316
192.999517	proteinY	1090.0	20.0	1.25
192.999517	proteinZ	612.0	11.0	2.181818
192.999517	rnapol	0.0	0.0	0.0
193.999051	__proteinX_rbs	16.0	0.0	0.0
193.999051	__proteinY_rbs	18.0	0.0	0.0
193.999051	__proteinZ_rbs	12.0	0.0	0.0
193.999051	__ribosome	31.0	0.0	0.0
193.999051	__rnase_site	52.0	0.0	0.0
193.999051	__rnase_site_ext	18.0	0.0	0.0
193.999051	p1	1.0	0.0	0.0
193.999051	proteinX	1605.0	20.0	1.15
193.999051	proteinY	1096.0	20.0	1.2
193.999051	proteinZ	616.0	12.0	1.833333
193.999051	rnapol	0.0	0.0	0.0
194.99914099999998	__proteinX_rbs	15.0	0.0	0.0
194.99914099999998	__proteinY_rbs	12.0	0.0	0.0
194.99914099999998	__proteinZ_rbs	10.0	0.0	0.0
194.99914099999998	__ribosome	36.0	0.0	0.0
194.99914099999998	__rnase_site	47.0	0.0	0.0
194.99914099999998	__rnase_site_ext	17.0	0.0	0.0
194.99914099999998	p1	1.0	0.0	0.0
194.99914099999998	proteinX	1615.0	20.0	1.05
194.99914099999998	proteinY	1105.0	19.0	1.263158
194.99914099999998	proteinZ	624.0	13.0	1.461538
194.99914099999998	rnapol	0.0	0.0	0.0
195.999133	__proteinX_rbs	13.0	0.0	0.0
195.999133	__proteinY_rbs	16.0	0.0	0.0
195.999133	__proteinZ_rbs	11.0	0.0	0.0
195.999133	__ribosome	28.0	0.0	0.0
195.999133	__rnase_site	46.0	0.0	0.0
195.999133	__rnase_site_ext	15.0	0.0	0.0
195.999133	p1	1.0	0.0	0.0
195.999133	proteinX	1622.0	19.0	1.210526
195.999133	proteinY	1108.0	18.0	1.666667
195.999133	proteinZ	628.0	13.0	1.461538
195.999133	rnapol	0.0	0.0	0.0
196.999428	__proteinX_rbs	13.0	0.0	0.0
196.999428	__proteinY_rbs	15.0	0.0	0.0
196.999428	__proteinZ_rbs	11.0	0.0	0.0
196.999428	__ribosome	22.0	0.0	0.0
196.999428	__rnase_site	45.0	0.0	0.0
196.999428	__rnase_site_ext	16.0	0.0	0.0
196.999428	p1	1.0	0.0	0.0
196.999428	proteinX	1628.0	18.0	1.5
196.999428	proteinY	1114.0	18.0	1.611111
196.999428	proteinZ	630.0	13.0	1.6923080000000001
196.999428	rnapol	0.0	0.0	0.0
197.999187	__proteinX_rbs	17.0	0.0	0.0
197.999187	__proteinY_rbs	12.0	0.0	0.0
197.999187	__proteinZ_rbs	10.0	0.0	0.0
197.999187	__ribosome	21.0	0.0	0.0
197.999187	__rnase_site	45.0	0.0	0.0
197.999187	__rnase_site_ext	17.0	0.0	0.0
197.999187	p1	1.0	0.0	0.0
197.999187	proteinX	1633.0	20.0	1.5
197.999187	proteinY	1119.0	17.0	1.882353
197.999187	proteinZ	639.0	13.0	1.307692
197.999187	rnapol	0.0	0.0	0.0
198.999663	__proteinX_rbs	18.0	0.0	0.0
198.999663	__proteinY_rbs	12.0	0.0	0.0
198.999663	__proteinZ_rbs	9.0	0.0	0.0
198.999663	__ribosome	29.0	0.0	0.0
198.999663	__rnase_site	47.0	0.0	0.0
198.999663	__rnase_site_ext	18.0	0.0	0.0
198.999663	p1	1.0	0.0	0.0
198.999663	proteinX	1642.0	20.0	1.15
198.999663	proteinY	1127.0	17.0	1.764706
198.999663	proteinZ	642.0	13.0	1.384615
198.999663	rnapol	0.0	0.0	0.0
199.999041	__proteinX_rbs	17.0	0.0	0.0
199.999041	__proteinY_rbs	10.0	0.0	0.0
199.999041	__proteinZ_rbs	13.0	0.0	0.0
199.999041	__ribosome	26.0	0.0	0.0
199.999041	__rnase_site	46.0	0.0	0.0
199.999041	__rnase_site_ext	19.0	0.0	0.0
199.999041	p1	1.0	0.0	0.0
199.999041	proteinX	1651.0	20.0	1.15
199.999041	proteinY	1137.0	16.0	1.9375
199.999041	proteinZ	645.0	13.0	1.538462
199.999041	rnapol	0.0	0.0	0.0
200.999055	__proteinX_rbs	16.0	0.0	0.0
200.999055	__proteinY_rbs	15.0	0.0	0.0
200.999055	__proteinZ_rbs	11.0	0.0	0.0
200.999055	__ribosome	26.0	0.0	0.0
200.999055	__rnase_site	48.0	0.0	0.0
200.999055	__rnase_site_ext	18.0	0.0	0.0
200.999055	p1	1.0	0.0	0.0
200.999055	proteinX	1659.0	20.0	1.2
200.999055	proteinY	1142.0	17.0	1.8235290000000002
200.999055	proteinZ	650.0	14.0	1.357143
200.999055	rnapol	0.0	0.0	0.0
201.99913600000002	__proteinX_rbs	18.0	0.0	0.0
201.99913600000002	__proteinY_rbs	13.0	0.0	0.0
201.99913600000002	__proteinZ_rbs	9.0	0.0	0.0
201.99913600000002	__ribosome	19.0	0.0	0.0
201.99913600000002	__rnase_site	48.0	0.0	0.0
201.99913600000002	__rnase_site_ext	18.0	0.0	0.0
201.99913600000002	p1	1.0	0.0	0.0
201.99913600000002	proteinX	1664.0	20.0	1.3
201.99913600000002	proteinY	1149.0	18.0	1.833333
201.99913600000002	proteinZ	654.0	13.0	1.6923080000000001
201.99913600000002	rnapol	0.0	0.0	0.0
202.999107	__proteinX_rbs	16.0	0.0	0.0
202.999107	__proteinY_rbs	15.0	0.0	0.0
202.999107	__proteinZ_rbs	11.0	0.0	0.0
202.999107	__ribosome	22.0	0.0	0.0
202.999107	__rnase_site	47.0	0.0	0.0
202.999107	__rnase_site_ext	17.0	0.0	0.0
202.999107	p1	1.0	0.0	0.0
202.999107	proteinX	1672.0	18.0	1.222222
202.999107	proteinY	1154.0	17.0	1.8235290000000002
202.999107	proteinZ	657.0	13.0	1.9230770000000001
202.999107	rnapol	0.0	0.0	0.0
203.99930700000002	__proteinX_rbs	13.0	0.0	0.0
203.99930700000002	__proteinY_rbs	13.0	0.0	0.0
203.99930700000002	__proteinZ_rbs	9.0	0.0	0.0
203.99930700000002	__ribosome	26.0	0.0	0.0
203.99930700000002	__rnase_site	43.0	0.0	0.0
203.99930700000002	__rnase_site_ext	15.0	0.0	0.0
203.99930700000002	p1	1.0	0.0	0.0
203.99930700000002	proteinX	1680.0	18.0	1.166667
203.99930700000002	proteinY	1164.0	17.0	1.529412
203.99930700000002	proteinZ	662.0	13.0	2.076923
203.99930700000002	rnapol	1.0	0.0	0.0
204.99921	__proteinX_rbs	16.0	0.0	0.0
204.99921	__proteinY_rbs	13.0	0.0	0.0
204.99921	__proteinZ_rbs	9.0	0.0	0.0
204.99921	__ribosome	24.0	0.0	0.0
204.99921	__rnase_site	46.0	0.0	0.0
204.99921	__rnase_site_ext	16.0	0.0	0.0
204.99921	p1	0.0	0.0	0.0
204.99921	proteinX	1689.0	19.0	1.0
204.99921	proteinY	1173.0	17.0	1.352941
204.99921	proteinZ	665.0	12.0	2.833333
204.99921	rnapol	0.0	0.0	0.0
205.999358	__proteinX_rbs	18.0	0.0	0.0
205.999358	__proteinY_rbs	14.0	0.0	0.0
205.999358	__proteinZ_rbs	11.0	0.0	0.0
205.999358	__ribosome	22.0	0.0	0.0
205.999358	__rnase_site	50.0	0.0	0.0
205.999358	__rnase_site_ext	18.0	0.0	0.0
205.999358	p1	1.0	0.0	0.0
205.999358	proteinX	1693.0	20.0	1.1
205.999358	proteinY	1179.0	18.0	1.388889
205.999358	proteinZ	671.0	12.0	2.583333
205.999358	rnapol	0.0	0.0	0.0
206.999169	__proteinX_rbs	19.0	0.0	0.0
206.999169	__proteinY_rbs	13.0	0.0	0.0
206.999169	__proteinZ_rbs	9.0	0.0	0.0
206.999169	__ribosome	24.0	0.0	0.0
206.999169	__rnase_site	49.0	0.0	0.0
206.999169	__rnase_site_ext	19.0	0.0	0.0
206.999169	p1	1.0	0.0	0.0
206.999169	proteinX	1699.0	20.0	1.05
206.999169	proteinY	1183.0	17.0	1.588235
206.999169	proteinZ	680.0	12.0	2.333333
206.999169	rnapol	0.0	0.0	0.0
207.999092	__proteinX_rbs	14.0	0.0	0.0
207.999092	__proteinY_rbs	14.0	0.0	0.0
207.999092	__proteinZ_rbs	9.0	0.0	0.0
207.999092	__ribosome	18.0	0.0	0.0
207.999092	__rnase_site	44.0	0.0	0.0
207.999092	__rnase_site_ext	15.0	0.0	0.0
207.999092	p1	1.0	0.0	0.0
207.999092	proteinX	1706.0	20.0	1.1
207.999092	proteinY	1185.0	18.0	1.833333
207.999092	proteinZ	686.0	12.0	2.25
207.999092	rnapol	0.0	0.0	0.0
208.999503	__proteinX_rbs	13.0	0.0	0.0
208.999503	__proteinY_rbs	12.0	0.0	0.0
208.999503	__proteinZ_rbs	9.0	0.0	0.0
208.999503	__ribosome	22.0	0.0	0.0
208.999503	__rnase_site	42.0	0.0	0.0
208.999503	__rnase_site_ext	15.0	0.0	0.0
208.999503	p1	1.0	0.0	0.0
208.999503	proteinX	1712.0	20.0	1.2
208.999503	proteinY	1196.0	18.0	1.7222220000000001
208.999503	proteinZ	694.0	12.0	1.916667
208.999503	rnapol	0.0	0.0	0.0
209.99902799999998	__proteinX_rbs	15.0	0.0	0.0
209.99902799999998	__proteinY_rbs	15.0	0.0	0.0
209.99902799999998	__proteinZ_rbs	10.0	0.0	0.0
209.99902799999998	__ribosome	24.0	0.0	0.0
209.99902799999998	__rnase_site	49.0	0.0	0.0
209.99902799999998	__rnase_site_ext	17.0	0.0	0.0
209.99902799999998	p1	1.0	0.0	0.0
209.99902799999998	proteinX	1718.0	21.0	1.2380950000000002
209.99902799999998	proteinY	1203.0	18.0	1.666667
209.99902799999998	proteinZ	700.0	12.0	1.666667
209.99902799999998	rnapol	0.0	0.0	0.0
210.999144	__proteinX_rbs	17.0	0.0	0.0
210.999144	__proteinY_rbs	15.0	0.0	0.0
210.999144	__proteinZ_rbs	9.0	0.0	0.0
210.999144	__ribosome	23.0	0.0	0.0
210.999144	__rnase_site	50.0	0.0	0.0
210.999144	__rnase_site_ext	20.0	0.0	0.0
210.999144	p1	1.0	0.0	0.0
210.999144	proteinX	1724.0	21.0	1.2380950000000002
210.999144	proteinY	1206.0	18.0	1.833333
210.999144	proteinZ	705.0	12.0	1.5
210.999144	rnapol	0.0	0.0	0.0
211.99909399999999	__proteinX_rbs	17.0	0.0	0.0
211.99909399999999	__proteinY_rbs	14.0	0.0	0.0
211.99909399999999	__proteinZ_rbs	11.0	0.0	0.0
211.99909399999999	__ribosome	30.0	0.0	0.0
211.99909399999999	__rnase_site	48.0	0.0	0.0
211.99909399999999	__rnase_site_ext	17.0	0.0	0.0
211.99909399999999	p1	1.0	0.0	0.0
211.99909399999999	proteinX	1731.0	21.0	1.190476
211.99909399999999	proteinY	1214.0	18.0	1.7222220000000001
211.99909399999999	proteinZ	711.0	12.0	1.166667
211.99909399999999	rnapol	1.0	0.0	0.0
212.999243	__proteinX_rbs	15.0	0.0	0.0
212.999243	__proteinY_rbs	12.0	0.0	0.0
212.999243	__proteinZ_rbs	10.0	0.0	0.0
212.999243	__ribosome	30.0	0.0	0.0
212.999243	__rnase_site	45.0	0.0	0.0
212.999243	__rnase_site_ext	17.0	0.0	0.0
212.999243	p1	1.0	0.0	0.0
212.999243	proteinX	1740.0	20.0	1.35
212.999243	proteinY	1225.0	17.0	1.647059
212.999243	proteinZ	714.0	12.0	1.25
212.999243	rnapol	1.0	0.0	0.0
213.999077	__proteinX_rbs	16.0	0.0	0.0
213.999077	__proteinY_rbs	15.0	0.0	0.0
213.999077	__proteinZ_rbs	7.0	0.0	0.0
213.999077	__ribosome	25.0	0.0	0.0
213.999077	__rnase_site	48.0	0.0	0.0
213.999077	__rnase_site_ext	17.0	0.0	0.0
213.999077	p1	1.0	0.0	0.0
213.999077	proteinX	1748.0	20.0	1.4
213.999077	proteinY	1232.0	18.0	1.555556
213.999077	proteinZ	717.0	12.0	1.583333
213.999077	rnapol	0.0	0.0	0.0
214.99923199999998	__proteinX_rbs	14.0	0.0	0.0
214.99923199999998	__proteinY_rbs	14.0	0.0	0.0
214.99923199999998	__proteinZ_rbs	9.0	0.0	0.0
214.99923199999998	__ribosome	18.0	0.0	0.0
214.99923199999998	__rnase_site	45.0	0.0	0.0
214.99923199999998	__rnase_site_ext	14.0	0.0	0.0
214.99923199999998	p1	1.0	0.0	0.0
214.99923199999998	proteinX	1751.0	19.0	1.7368419999999998
214.99923199999998	proteinY	1237.0	18.0	1.666667
214.99923199999998	proteinZ	720.0	11.0	1.727273
214.99923199999998	rnapol	0.0	0.0	0.0
215.999225	__proteinX_rbs	12.0	0.0	0.0
215.999225	__proteinY_rbs	15.0	0.0	0.0
215.999225	__proteinZ_rbs	9.0	0.0	0.0
215.999225	__ribosome	19.0	0.0	0.0
215.999225	__rnase_site	42.0	0.0	0.0
215.999225	__rnase_site_ext	15.0	0.0	0.0
215.999225	p1	0.0	0.0	0.0
215.999225	proteinX	1762.0	18.0	1.833333
215.999225	proteinY	1243.0	18.0	1.555556
215.999225	proteinZ	724.0	11.0	1.818182
215.999225	rnapol	0.0	0.0	0.0
216.999331	__proteinX_rbs	13.0	0.0	0.0
216.999331	__proteinY_rbs	14.0	0.0	0.0
216.999331	__proteinZ_rbs	11.0	0.0	0.0
216.999331	__ribosome	19.0	0.0	0.0
216.999331	__rnase_site	44.0	0.0	0.0
216.999331	__rnase_site_ext	17.0	0.0	0.0
216.999331	p1	1.0	0.0	0.0
216.999331	proteinX	1773.0	20.0	1.55
216.999331	proteinY	1250.0	19.0	1.473684
216.999331	proteinZ	726.0	11.0	2.0
216.999331	rnapol	0.0	0.0	0.0
217.999361	__proteinX_rbs	15.0	0.0	0.0
217.999361	__proteinY_rbs	18.0	0.0	0.0
217.999361	__proteinZ_rbs	8.0	0.0	0.0
217.999361	__ribosome	20.0	0.0	0.0
217.999361	__rnase_site	50.0	0.0	0.0
217.999361	__rnase_site_ext	16.0	0.0	0.0
217.999361	p1	1.0	0.0	0.0
217.999361	proteinX	1780.0	20.0	1.65
217.999361	proteinY	1258.0	20.0	1.3
217.999361	proteinZ	730.0	11.0	1.909091
217.999361	rnapol	0.0	0.0	0.0
218.999003	__proteinX_rbs	12.0	0.0	0.0
218.999003	__proteinY_rbs	17.0	0.0	0.0
218.999003	__proteinZ_rbs	8.0	0.0	0.0
218.999003	__ribosome	19.0	0.0	0.0
218.999003	__rnase_site	47.0	0.0	0.0
218.999003	__rnase_site_ext	14.0	0.0	0.0
218.999003	p1	1.0	0.0	0.0
218.999003	proteinX	1792.0	20.0	1.65
218.999003	proteinY	1264.0	20.0	1.3
218.999003	proteinZ	736.0	11.0	2.0
218.999003	rnapol	0.0	0.0	0.0
219.99900099999996	__proteinX_rbs	16.0	0.0	0.0
219.99900099999996	__proteinY_rbs	15.0	0.0	0.0
219.99900099999996	__proteinZ_rbs	7.0	0.0	0.0
219.99900099999996	__ribosome	19.0	0.0	0.0
219.99900099999996	__rnase_site	49.0	0.0	0.0
219.99900099999996	__rnase_site_ext	18.0	0.0	0.0
219.99900099999996	p1	1.0	0.0	0.0
219.99900099999996	proteinX	1801.0	20.0	1.55
219.99900099999996	proteinY	1269.0	18.0	1.444444
219.99900099999996	proteinZ	741.0	11.0	2.181818
219.99900099999996	rnapol	0.0	0.0	0.0
220.999404	__proteinX_rbs	16.0	0.0	0.0
220.999404	__proteinY_rbs	13.0	0.0	0.0
220.999404	__proteinZ_rbs	10.0	0.0	0.0
220.999404	__ribosome	19.0	0.0	0.0
220.999404	__rnase_site	48.0	0.0	0.0
220.999404	__rnase_site_ext	17.0	0.0	0.0
220.999404	p1	1.0	0.0	0.0
220.999404	proteinX	1812.0	20.0	1.3
220.999404	proteinY	1276.0	19.0	1.4210530000000001
220.999404	proteinZ	744.0	13.0	2.1538459999999997
220.999404	rnapol	0.0	0.0	0.0
221.999054	__proteinX_rbs	13.0	0.0	0.0
221.999054	__proteinY_rbs	16.0	0.0	0.0
221.999054	__proteinZ_rbs	10.0	0.0	0.0
221.999054	__ribosome	18.0	0.0	0.0
221.999054	__rnase_site	49.0	0.0	0.0
221.999054	__rnase_site_ext	13.0	0.0	0.0
221.999054	p1	1.0	0.0	0.0
221.999054	proteinX	1820.0	20.0	1.35
221.999054	proteinY	1282.0	18.0	1.388889
221.999054	proteinZ	749.0	13.0	2.307692
221.999054	rnapol	0.0	0.0	0.0
222.999119	__proteinX_rbs	16.0	0.0	0.0
222.999119	__proteinY_rbs	17.0	0.0	0.0
222.999119	__proteinZ_rbs	10.0	0.0	0.0
222.999119	__ribosome	30.0	0.0	0.0
222.999119	__rnase_site	51.0	0.0	0.0
222.999119	__rnase_site_ext	16.0	0.0	0.0
222.999119	p1	1.0	0.0	0.0
222.999119	proteinX	1831.0	19.0	1.1578950000000001
222.999119	proteinY	1288.0	18.0	1.222222
222.999119	proteinZ	756.0	12.0	2.166667
222.999119	rnapol	0.0	0.0	0.0
223.99934100000002	__proteinX_rbs	15.0	0.0	0.0
223.99934100000002	__proteinY_rbs	10.0	0.0	0.0
223.99934100000002	__proteinZ_rbs	6.0	0.0	0.0
223.99934100000002	__ribosome	19.0	0.0	0.0
223.99934100000002	__rnase_site	47.0	0.0	0.0
223.99934100000002	__rnase_site_ext	15.0	0.0	0.0
223.99934100000002	p1	1.0	0.0	0.0
223.99934100000002	proteinX	1835.0	19.0	1.3684209999999999
223.99934100000002	proteinY	1295.0	17.0	1.470588
223.99934100000002	proteinZ	760.0	13.0	2.307692
223.99934100000002	rnapol	1.0	0.0	0.0
224.999171	__proteinX_rbs	14.0	0.0	0.0
224.999171	__proteinY_rbs	15.0	0.0	0.0
224.999171	__proteinZ_rbs	10.0	0.0	0.0
224.999171	__ribosome	19.0	0.0	0.0
224.999171	__rnase_site	48.0	0.0	0.0
224.999171	__rnase_site_ext	16.0	0.0	0.0
224.999171	p1	1.0	0.0	0.0
224.999171	proteinX	1842.0	21.0	1.380952
224.999171	proteinY	1302.0	17.0	1.352941
224.999171	proteinZ	768.0	13.0	2.230769
224.999171	rnapol	0.0	0.0	0.0
225.99939500000002	__proteinX_rbs	18.0	0.0	0.0
225.99939500000002	__proteinY_rbs	9.0	0.0	0.0
225.99939500000002	__proteinZ_rbs	11.0	0.0	0.0
225.99939500000002	__ribosome	18.0	0.0	0.0
225.99939500000002	__rnase_site	44.0	0.0	0.0
225.99939500000002	__rnase_site_ext	19.0	0.0	0.0
225.99939500000002	p1	1.0	0.0	0.0
225.99939500000002	proteinX	1850.0	21.0	1.2380950000000002
225.99939500000002	proteinY	1306.0	17.0	1.764706
225.99939500000002	proteinZ	773.0	13.0	2.0
225.99939500000002	rnapol	0.0	0.0	0.0
226.999254	__proteinX_rbs	18.0	0.0	0.0
226.999254	__proteinY_rbs	11.0	0.0	0.0
226.999254	__proteinZ_rbs	12.0	0.0	0.0
226.999254	__ribosome	16.0	0.0	0.0
226.999254	__rnase_site	45.0	0.0	0.0
226.999254	__rnase_site_ext	19.0	0.0	0.0
226.999254	p1	1.0	0.0	0.0
226.999254	proteinX	1856.0	22.0	1.409091
226.999254	proteinY	1309.0	16.0	2.0625
226.999254	proteinZ	781.0	12.0	1.666667
226.999254	rnapol	0.0	0.0	0.0
227.999069	__proteinX_rbs	21.0	0.0	0.0
227.999069	__proteinY_rbs	10.0	0.0	0.0
227.999069	__proteinZ_rbs	11.0	0.0	0.0
227.999069	__ribosome	22.0	0.0	0.0
227.999069	__rnase_site	46.0	0.0	0.0
227.999069	__rnase_site_ext	22.0	0.0	0.0
227.999069	p1	1.0	0.0	0.0
227.999069	proteinX	1868.0	23.0	1.086957
227.999069	proteinY	1316.0	17.0	1.9411759999999998
227.999069	proteinZ	785.0	12.0	1.666667
227.999069	rnapol	0.0	0.0	0.0
228.999025	__proteinX_rbs	19.0	0.0	0.0
228.999025	__proteinY_rbs	15.0	0.0	0.0
228.999025	__proteinZ_rbs	11.0	0.0	0.0
228.999025	__ribosome	28.0	0.0	0.0
228.999025	__rnase_site	50.0	0.0	0.0
228.999025	__rnase_site_ext	21.0	0.0	0.0
228.999025	p1	1.0	0.0	0.0
228.999025	proteinX	1873.0	23.0	1.2608700000000002
228.999025	proteinY	1322.0	18.0	1.7222220000000001
228.999025	proteinZ	794.0	12.0	1.0
228.999025	rnapol	0.0	0.0	0.0
229.99932900000002	__proteinX_rbs	19.0	0.0	0.0
229.99932900000002	__proteinY_rbs	14.0	0.0	0.0
229.99932900000002	__proteinZ_rbs	10.0	0.0	0.0
229.99932900000002	__ribosome	27.0	0.0	0.0
229.99932900000002	__rnase_site	52.0	0.0	0.0
229.99932900000002	__rnase_site_ext	20.0	0.0	0.0
229.99932900000002	p1	1.0	0.0	0.0
229.99932900000002	proteinX	1883.0	23.0	1.2608700000000002
229.99932900000002	proteinY	1330.0	18.0	1.611111
229.99932900000002	proteinZ	797.0	12.0	1.25
229.99932900000002	rnapol	0.0	0.0	0.0
230.999171	__proteinX_rbs	18.0	0.0	0.0
230.999171	__proteinY_rbs	13.0	0.0	0.0
230.999171	__proteinZ_rbs	6.0	0.0	0.0
230.999171	__ribosome	27.0	0.0	0.0
230.999171	__rnase_site	48.0	0.0	0.0
230.999171	__rnase_site_ext	19.0	0.0	0.0
230.999171	p1	1.0	0.0	0.0
230.999171	proteinX	1895.0	22.0	1.136364
230.999171	proteinY	1338.0	18.0	1.666667
230.999171	proteinZ	802.0	12.0	1.5
230.999171	rnapol	0.0	0.0	0.0
231.99911400000002	__proteinX_rbs	17.0	0.0	0.0
231.99911400000002	__proteinY_rbs	15.0	0.0	0.0
231.99911400000002	__proteinZ_rbs	9.0	0.0	0.0
231.99911400000002	__ribosome	16.0	0.0	0.0
231.99911400000002	__rnase_site	48.0	0.0	0.0
231.99911400000002	__rnase_site_ext	18.0	0.0	0.0
231.99911400000002	p1	1.0	0.0	0.0
231.99911400000002	proteinX	1897.0	21.0	1.619048
231.99911400000002	proteinY	1345.0	19.0	1.526316
231.99911400000002	proteinZ	803.0	11.0	1.909091
231.99911400000002	rnapol	0.0	0.0	0.0
232.99922200000003	__proteinX_rbs	15.0	0.0	0.0
232.99922200000003	__proteinY_rbs	16.0	0.0	0.0
232.99922200000003	__proteinZ_rbs	8.0	0.0	0.0
232.99922200000003	__ribosome	16.0	0.0	0.0
232.99922200000003	__rnase_site	47.0	0.0	0.0
232.99922200000003	__rnase_site_ext	16.0	0.0	0.0
232.99922200000003	p1	1.0	0.0	0.0
232.99922200000003	proteinX	1908.0	20.0	1.5
232.99922200000003	proteinY	1351.0	18.0	1.611111
232.99922200000003	proteinZ	805.0	12.0	2.083333
232.99922200000003	rnapol	0.0	0.0	0.0
233.999161	__proteinX_rbs	14.0	0.0	0.0
233.999161	__proteinY_rbs	14.0	0.0	0.0
233.999161	__proteinZ_rbs	11.0	0.0	0.0
233.999161	__ribosome	20.0	0.0	0.0
233.999161	__rnase_site	46.0	0.0	0.0
233.999161	__rnase_site_ext	15.0	0.0	0.0
233.999161	p1	1.0	0.0	0.0
233.999161	proteinX	1920.0	19.0	1.3684209999999999
233.999161	proteinY	1357.0	18.0	1.666667
233.999161	proteinZ	809.0	13.0	1.846154
233.999161	rnapol	0.0	0.0	0.0
234.999138	__proteinX_rbs	14.0	0.0	0.0
234.999138	__proteinY_rbs	14.0	0.0	0.0
234.999138	__proteinZ_rbs	12.0	0.0	0.0
234.999138	__ribosome	29.0	0.0	0.0
234.999138	__rnase_site	46.0	0.0	0.0
234.999138	__rnase_site_ext	15.0	0.0	0.0
234.999138	p1	1.0	0.0	0.0
234.999138	proteinX	1927.0	18.0	1.388889
234.999138	proteinY	1364.0	18.0	1.555556
234.999138	proteinZ	816.0	13.0	1.384615
234.999138	rnapol	0.0	0.0	0.0
235.99910899999998	__proteinX_rbs	15.0	0.0	0.0
235.99910899999998	__proteinY_rbs	15.0	0.0	0.0
235.99910899999998	__proteinZ_rbs	9.0	0.0	0.0
235.99910899999998	__ribosome	34.0	0.0	0.0
235.99910899999998	__rnase_site	48.0	0.0	0.0
235.99910899999998	__rnase_site_ext	16.0	0.0	0.0
235.99910899999998	p1	1.0	0.0	0.0
235.99910899999998	proteinX	1935.0	18.0	1.222222
235.99910899999998	proteinY	1374.0	18.0	1.388889
235.99910899999998	proteinZ	822.0	13.0	1.461538
235.99910899999998	rnapol	1.0	0.0	0.0
236.99901200000002	__proteinX_rbs	14.0	0.0	0.0
236.99901200000002	__proteinY_rbs	17.0	0.0	0.0
236.99901200000002	__proteinZ_rbs	10.0	0.0	0.0
236.99901200000002	__ribosome	30.0	0.0	0.0
236.99901200000002	__rnase_site	48.0	0.0	0.0
236.99901200000002	__rnase_site_ext	17.0	0.0	0.0
236.99901200000002	p1	1.0	0.0	0.0
236.99901200000002	proteinX	1944.0	20.0	1.15
236.99901200000002	proteinY	1380.0	18.0	1.444444
236.99901200000002	proteinZ	828.0	13.0	1.615385
236.99901200000002	rnapol	1.0	0.0	0.0
237.999179	__proteinX_rbs	15.0	0.0	0.0
237.999179	__proteinY_rbs	13.0	0.0	0.0
237.999179	__proteinZ_rbs	11.0	0.0	0.0
237.999179	__ribosome	22.0	0.0	0.0
237.999179	__rnase_site	45.0	0.0	0.0
237.999179	__rnase_site_ext	15.0	0.0	0.0
237.999179	p1	1.0	0.0	0.0
237.999179	proteinX	1948.0	20.0	1.4
237.999179	proteinY	1385.0	16.0	1.9375
237.999179	proteinZ	831.0	12.0	1.583333
237.999179	rnapol	0.0	0.0	0.0
238.999006	__proteinX_rbs	11.0	0.0	0.0
238.999006	__proteinY_rbs	12.0	0.0	0.0
238.999006	__proteinZ_rbs	9.0	0.0	0.0
238.999006	__ribosome	18.0	0.0	0.0
238.999006	__rnase_site	41.0	0.0	0.0
238.999006	__rnase_site_ext	14.0	0.0	0.0
238.999006	p1	1.0	0.0	0.0
238.999006	proteinX	1957.0	20.0	1.6
238.999006	proteinY	1391.0	14.0	2.142857
238.999006	proteinZ	833.0	12.0	1.666667
238.999006	rnapol	0.0	0.0	0.0
239.999154	__proteinX_rbs	18.0	0.0	0.0
239.999154	__proteinY_rbs	10.0	0.0	0.0
239.999154	__proteinZ_rbs	7.0	0.0	0.0
239.999154	__ribosome	24.0	0.0	0.0
239.999154	__rnase_site	45.0	0.0	0.0
239.999154	__rnase_site_ext	19.0	0.0	0.0
239.999154	p1	1.0	0.0	0.0
239.999154	proteinX	1963.0	20.0	1.45
239.999154	proteinY	1398.0	14.0	2.071429
239.999154	proteinZ	840.0	12.0	1.5
239.999154	rnapol	0.0	0.0	0.0
