time	species	protein	transcript	ribo_density
0	__protein1_rbs	0.0	0.0	0.0
0	__protein2_rbs	0.0	0.0	0.0
0	__protein3_rbs	0.0	0.0	0.0
0	__ribosome	100.0	0.0	0.0
0	__rnase_site_ext	0.0	0.0	0.0
0	p0	1.0	0.0	0.0
0	p1	1.0	0.0	0.0
0	r2	0.0	0.0	0.0
0	rnapol	4.0	0.0	0.0
1	__protein1_rbs	0.0	0.0	0.0
1	__protein2_rbs	0.0	0.0	0.0
1	__protein3_rbs	0.0	0.0	0.0
1	__ribosome	85.0	0.0	0.0
1	__rnase_site_ext	0.6	0.0	0.0
1	p0	0.1	0.0	0.0
1	p1	0.75	0.0	0.0
1	r2	0.0	0.0	0.0
1	rnapol	2.45	0.0	0.0
2	__protein1_rbs	0.15	0.0	0.0
2	__protein2_rbs	0.0	0.0	0.0
2	__protein3_rbs	0.0	0.0	0.0
2	__ribosome	104.85	0.0	0.0
2	__rnase_site_ext	1.0	0.0	0.0
2	p0	0.6	0.0	0.0
2	p1	1.05	0.0	0.0
2	protein1	0.0	0.3	0.15
2	r2	0.0	0.0	0.0
2	rnapol	2.9	0.0	0.0
3	__protein1_rbs	0.3	0.0	0.0
3	__protein2_rbs	0.05	0.0	0.0
3	__protein3_rbs	0.0	0.0	0.0
3	__ribosome	109.3	0.0	0.0
3	__rnase_site_ext	1.35	0.0	0.0
3	p0	0.8	0.0	0.0
3	p1	1.05	0.0	0.0
3	protein1	0.0	0.85	0.65
3	protein2	0.0	0.1	0.05
3	r2	0.0	0.0	0.0
3	rnapol	2.9	0.0	0.0
4	__protein1_rbs	0.4	0.0	0.0
4	__protein2_rbs	0.05	0.0	0.0
4	__protein3_rbs	0.0	0.0	0.0
4	__ribosome	98.55	0.0	0.0
4	__rnase_site_ext	1.7	0.0	0.0
4	p0	0.7	0.0	0.0
4	p1	0.95	0.0	0.0
4	protein1	0.0	1.1	1.2
4	protein2	0.0	0.15	0.1
4	r2	0.0	0.0	0.0
4	rnapol	2.1	0.0	0.0
5	__protein1_rbs	0.45	0.0	0.0
5	__protein2_rbs	0.15	0.0	0.0
5	__protein3_rbs	0.0	0.0	0.0
5	__ribosome	97.65	0.0	0.0
5	__rnase_site_ext	2.05	0.0	0.0
5	p0	0.8	0.0	0.0
5	p1	0.95	0.0	0.0
5	protein1	0.0	1.3	1.81666665
5	protein2	0.0	0.2	0.15
5	r2	0.0	0.0	0.0
5	rnapol	1.85	0.0	0.0
6	__protein1_rbs	0.55	0.0	0.0
6	__protein2_rbs	0.1	0.0	0.0
6	__protein3_rbs	0.0	0.0	0.0
6	__ribosome	96.3	0.0	0.0
6	__rnase_site_ext	2.35	0.0	0.0
6	p0	0.8	0.0	0.0
6	p1	0.9	0.0	0.0
6	protein1	0.0	1.7	2.16666665
6	protein2	0.0	0.35	0.4
6	r2	0.0	0.0	0.0
6	rnapol	1.55	0.0	0.0
7	__protein1_rbs	0.85	0.0	0.0
7	__protein2_rbs	0.25	0.0	0.0
7	__protein3_rbs	0.0	0.0	0.0
7	__ribosome	95.45	0.0	0.0
7	__rnase_site_ext	2.6	0.0	0.0
7	p0	0.95	0.0	0.0
7	p1	0.7	0.0	0.0
7	protein1	0.2	1.85	2.4
7	protein2	0.0	0.35	0.45
7	r2	0.0	0.0	0.0
7	rnapol	1.4	0.0	0.0
8	__protein1_rbs	0.5	0.0	0.0
8	__protein2_rbs	0.05	0.0	0.0
8	__protein3_rbs	0.0	0.0	0.0
8	__ribosome	93.9	0.0	0.0
8	__rnase_site_ext	2.65	0.0	0.0
8	p0	0.8	0.0	0.0
8	p1	0.3	0.0	0.0
8	protein1	0.55	2.0	2.79166665
8	protein2	0.0	0.4	0.85
8	r2	0.05	0.0	0.0
8	rnapol	1.2	0.0	0.0
9	__protein1_rbs	0.4	0.0	0.0
9	__protein2_rbs	0.1	0.0	0.0
9	__protein3_rbs	0.0	0.0	0.0
9	__ribosome	92.8	0.0	0.0
9	__rnase_site_ext	2.9	0.0	0.0
9	p0	0.75	0.0	0.0
9	p1	0.4	0.0	0.0
9	protein1	1.3	2.0	3.25833335
9	protein2	0.1	0.55	1.025
9	r2	0.1	0.0	0.0
9	rnapol	0.95	0.0	0.0
10	__protein1_rbs	0.8	0.0	0.0
10	__protein2_rbs	0.35	0.0	0.0
10	__protein3_rbs	0.05	0.0	0.0
10	__ribosome	92.05	0.0	0.0
10	__rnase_site_ext	3.0	0.0	0.0
10	p0	0.95	0.0	0.0
10	p1	0.7	0.0	0.0
10	protein1	2.15	2.15	3.1916667000000003
10	protein2	0.1	0.65	1.1
10	protein3	0.0	0.05	0.0
10	r2	0.2	0.0	0.0
10	rnapol	0.85	0.0	0.0
11	__protein1_rbs	0.85	0.0	0.0
11	__protein2_rbs	0.35	0.0	0.0
11	__protein3_rbs	0.05	0.0	0.0
11	__ribosome	91.2	0.0	0.0
11	__rnase_site_ext	3.1	0.0	0.0
11	p0	1.0	0.0	0.0
11	p1	0.6	0.0	0.0
11	protein1	3.3	2.4	2.81666665
11	protein2	0.3	1.15	1.19166665
11	protein3	0.0	0.1	0.05
11	r2	0.3	0.0	0.0
11	rnapol	0.8	0.0	0.0
12	__protein1_rbs	0.7	0.0	0.0
12	__protein2_rbs	0.45	0.0	0.0
12	__protein3_rbs	0.05	0.0	0.0
12	__ribosome	89.4	0.0	0.0
12	__rnase_site_ext	3.15	0.0	0.0
12	p0	0.95	0.0	0.0
12	p1	0.55	0.0	0.0
12	protein1	4.1	2.5	3.1125000000000003
12	protein2	0.5	1.5	1.55833335
12	protein3	0.0	0.1	0.1
12	r2	0.35	0.0	0.0
12	rnapol	0.7	0.0	0.0
13	__protein1_rbs	1.1	0.0	0.0
13	__protein2_rbs	0.7	0.0	0.0
13	__protein3_rbs	0.05	0.0	0.0
13	__ribosome	88.6	0.0	0.0
13	__rnase_site_ext	3.2	0.0	0.0
13	p0	0.9	0.0	0.0
13	p1	0.7	0.0	0.0
13	protein1	5.55	2.5	2.9833332500000003
13	protein2	0.7	1.75	1.9
13	protein3	0.0	0.2	0.25
13	r2	0.35	0.0	0.0
13	rnapol	0.6	0.0	0.0
14	__protein1_rbs	0.8	0.0	0.0
14	__protein2_rbs	0.65	0.0	0.0
14	__protein3_rbs	0.2	0.0	0.0
14	__ribosome	87.05	0.0	0.0
14	__rnase_site_ext	3.2	0.0	0.0
14	p0	0.9	0.0	0.0
14	p1	0.8	0.0	0.0
14	protein1	7.05	2.55	3.0000000000000004
14	protein2	1.05	2.15	2.20000005
14	protein3	0.0	0.35	0.4
14	r2	0.5	0.0	0.0
14	rnapol	0.5	0.0	0.0
15	__protein1_rbs	0.8	0.0	0.0
15	__protein2_rbs	0.8	0.0	0.0
15	__protein3_rbs	0.15	0.0	0.0
15	__ribosome	85.75	0.0	0.0
15	__rnase_site_ext	3.35	0.0	0.0
15	p0	0.9	0.0	0.0
15	p1	0.8	0.0	0.0
15	protein1	8.35	2.55	3.1416666500000003
15	protein2	1.65	2.35	2.43750005
15	protein3	0.0	0.35	0.65
15	r2	0.6	0.0	0.0
15	rnapol	0.45	0.0	0.0
16	__protein1_rbs	0.8	0.0	0.0
16	__protein2_rbs	1.0	0.0	0.0
16	__protein3_rbs	0.25	0.0	0.0
16	__ribosome	84.15	0.0	0.0
16	__rnase_site_ext	3.5	0.0	0.0
16	p0	0.95	0.0	0.0
16	p1	0.65	0.0	0.0
16	protein1	9.7	2.7	3.1958333
16	protein2	2.3	2.6	2.5791667
16	protein3	0.05	0.4	0.8
16	r2	1.05	0.0	0.0
16	rnapol	0.4	0.0	0.0
17	__protein1_rbs	1.0	0.0	0.0
17	__protein2_rbs	0.6	0.0	0.0
17	__protein3_rbs	0.2	0.0	0.0
17	__ribosome	82.95	0.0	0.0
17	__rnase_site_ext	3.55	0.0	0.0
17	p0	0.95	0.0	0.0
17	p1	0.7	0.0	0.0
17	protein1	11.45	2.8	2.9916667
17	protein2	3.25	2.7	2.9125
17	protein3	0.15	0.6	0.875
17	r2	1.5	0.0	0.0
17	rnapol	0.4	0.0	0.0
18	__protein1_rbs	1.1	0.0	0.0
18	__protein2_rbs	1.05	0.0	0.0
18	__protein3_rbs	0.35	0.0	0.0
18	__ribosome	81.75	0.0	0.0
18	__rnase_site_ext	3.6	0.0	0.0
18	p0	0.9	0.0	0.0
18	p1	0.8	0.0	0.0
18	protein1	12.75	2.9	3.06666665
18	protein2	4.25	2.9	2.89583335
18	protein3	0.25	0.75	0.925
18	r2	1.7	0.0	0.0
18	rnapol	0.35	0.0	0.0
19	__protein1_rbs	1.05	0.0	0.0
19	__protein2_rbs	1.35	0.0	0.0
19	__protein3_rbs	0.65	0.0	0.0
19	__ribosome	80.85	0.0	0.0
19	__rnase_site_ext	3.6	0.0	0.0
19	p0	0.9	0.0	0.0
19	p1	0.9	0.0	0.0
19	protein1	14.3	2.9	3.1416666500000003
19	protein2	5.65	3.1	2.78749995
19	protein3	0.5	1.3	0.96666665
19	r2	2.0	0.0	0.0
19	rnapol	0.35	0.0	0.0
20	__protein1_rbs	1.0	0.0	0.0
20	__protein2_rbs	1.45	0.0	0.0
20	__protein3_rbs	0.5	0.0	0.0
20	__ribosome	79.55	0.0	0.0
20	__rnase_site_ext	3.6	0.0	0.0
20	p0	0.9	0.0	0.0
20	p1	0.95	0.0	0.0
20	protein1	15.9	3.0	3.1000000000000005
20	protein2	7.25	3.2	2.7625
20	protein3	0.7	1.55	1.45416665
20	r2	2.35	0.0	0.0
20	rnapol	0.3	0.0	0.0
21	__protein1_rbs	1.4	0.0	0.0
21	__protein2_rbs	1.2	0.0	0.0
21	__protein3_rbs	0.6	0.0	0.0
21	__ribosome	78.35	0.0	0.0
21	__rnase_site_ext	3.7	0.0	0.0
21	p0	0.95	0.0	0.0
21	p1	0.9	0.0	0.0
21	protein1	17.65	3.0	3.11666665
21	protein2	8.9	3.3	2.75416665
21	protein3	0.85	1.8	1.85416665
21	r2	2.55	0.0	0.0
21	rnapol	0.25	0.0	0.0
22	__protein1_rbs	0.9	0.0	0.0
22	__protein2_rbs	1.1	0.0	0.0
22	__protein3_rbs	0.7	0.0	0.0
22	__ribosome	76.7	0.0	0.0
22	__rnase_site_ext	3.7	0.0	0.0
22	p0	0.95	0.0	0.0
22	p1	0.8	0.0	0.0
22	protein1	19.65	3.1	3.0083333
22	protein2	10.45	3.35	2.8083333499999994
22	protein3	1.25	2.2	2.0625
22	r2	2.7	0.0	0.0
22	rnapol	0.4	0.0	0.0
23	__protein1_rbs	1.2	0.0	0.0
23	__protein2_rbs	1.0	0.0	0.0
23	__protein3_rbs	0.9	0.0	0.0
23	__ribosome	74.8	0.0	0.0
23	__rnase_site_ext	3.5	0.0	0.0
23	p0	1.0	0.0	0.0
23	p1	0.85	0.0	0.0
23	protein1	21.1	3.15	3.14583335
23	protein2	12.25	3.3	2.99583335
23	protein3	1.6	2.4	2.37500005
23	r2	2.85	0.0	0.0
23	rnapol	0.6	0.0	0.0
24	__protein1_rbs	1.05	0.0	0.0
24	__protein2_rbs	1.15	0.0	0.0
24	__protein3_rbs	0.95	0.0	0.0
24	__ribosome	73.45	0.0	0.0
24	__rnase_site_ext	3.5	0.0	0.0
24	p0	0.9	0.0	0.0
24	p1	0.85	0.0	0.0
24	protein1	22.9	3.05	3.45416665
24	protein2	13.95	3.35	3.04166665
24	protein3	2.2	2.55	2.66666665
24	r2	3.05	0.0	0.0
24	rnapol	0.75	0.0	0.0
25	__protein1_rbs	0.95	0.0	0.0
25	__protein2_rbs	1.25	0.0	0.0
25	__protein3_rbs	1.3	0.0	0.0
25	__ribosome	73.0	0.0	0.0
25	__rnase_site_ext	3.7	0.0	0.0
25	p0	0.8	0.0	0.0
25	p1	0.8	0.0	0.0
25	protein1	24.6	2.85	3.56666665
25	protein2	15.75	3.45	3.0291667
25	protein3	3.2	2.7	2.5833333000000005
25	r2	3.25	0.0	0.0
25	rnapol	0.9	0.0	0.0
26	__protein1_rbs	1.45	0.0	0.0
26	__protein2_rbs	1.15	0.0	0.0
26	__protein3_rbs	1.0	0.0	0.0
26	__ribosome	72.0	0.0	0.0
26	__rnase_site_ext	3.95	0.0	0.0
26	p0	0.7	0.0	0.0
26	p1	0.8	0.0	0.0
26	protein1	26.25	2.95	3.22916665
26	protein2	17.45	3.55	3.16333335
26	protein3	4.25	2.9	2.6541667
26	r2	3.25	0.0	0.0
26	rnapol	0.95	0.0	0.0
27	__protein1_rbs	1.35	0.0	0.0
27	__protein2_rbs	1.55	0.0	0.0
27	__protein3_rbs	0.9	0.0	0.0
27	__ribosome	71.55	0.0	0.0
27	__rnase_site_ext	4.05	0.0	0.0
27	p0	0.95	0.0	0.0
27	p1	0.8	0.0	0.0
27	protein1	28.6	3.2	2.9241667000000002
27	protein2	19.65	3.7	2.9691667
27	protein3	5.65	3.15	2.6375
27	r2	3.35	0.0	0.0
27	rnapol	1.0	0.0	0.0
28	__protein1_rbs	1.45	0.0	0.0
28	__protein2_rbs	1.75	0.0	0.0
28	__protein3_rbs	1.0	0.0	0.0
28	__ribosome	70.75	0.0	0.0
28	__rnase_site_ext	4.25	0.0	0.0
28	p0	0.9	0.0	0.0
28	p1	0.8	0.0	0.0
28	protein1	30.45	3.25	2.8241667
28	protein2	21.6	3.85	2.85333335
28	protein3	6.9	3.25	2.8124999500000003
28	r2	3.4	0.0	0.0
28	rnapol	1.0	0.0	0.0
29	__protein1_rbs	1.5	0.0	0.0
29	__protein2_rbs	2.15	0.0	0.0
29	__protein3_rbs	1.25	0.0	0.0
29	__ribosome	70.1	0.0	0.0
29	__rnase_site_ext	4.4	0.0	0.0
29	p0	0.9	0.0	0.0
29	p1	0.9	0.0	0.0
29	protein1	32.1	3.45	2.74750005
29	protein2	23.55	4.05	2.6975
29	protein3	8.4	3.35	2.8791666500000006
29	r2	3.4	0.0	0.0
29	rnapol	1.15	0.0	0.0
30	__protein1_rbs	1.55	0.0	0.0
30	__protein2_rbs	1.55	0.0	0.0
30	__protein3_rbs	1.0	0.0	0.0
30	__ribosome	69.1	0.0	0.0
30	__rnase_site_ext	4.6	0.0	0.0
30	p0	0.9	0.0	0.0
30	p1	0.95	0.0	0.0
30	protein1	34.0	3.6	2.7058332999999997
30	protein2	25.9	4.0	2.7925
30	protein3	9.85	3.4	3.0249999500000007
30	r2	3.6	0.0	0.0
30	rnapol	1.1	0.0	0.0
31	__protein1_rbs	1.4	0.0	0.0
31	__protein2_rbs	1.5	0.0	0.0
31	__protein3_rbs	1.2	0.0	0.0
31	__ribosome	68.25	0.0	0.0
31	__rnase_site_ext	4.7	0.0	0.0
31	p0	0.75	0.0	0.0
31	p1	0.95	0.0	0.0
31	protein1	35.55	3.6	2.85583335
31	protein2	28.05	4.15	2.7625
31	protein3	11.8	3.4	3.04166665
31	r2	3.65	0.0	0.0
31	rnapol	0.95	0.0	0.0
32	__protein1_rbs	1.6	0.0	0.0
32	__protein2_rbs	1.55	0.0	0.0
32	__protein3_rbs	1.6	0.0	0.0
32	__ribosome	67.9	0.0	0.0
32	__rnase_site_ext	4.6	0.0	0.0
32	p0	0.95	0.0	0.0
32	p1	0.55	0.0	0.0
32	protein1	37.55	3.75	2.78416665
32	protein2	29.75	4.2	2.9408333
32	protein3	13.8	3.4	2.85
32	r2	3.85	0.0	0.0
32	rnapol	0.95	0.0	0.0
33	__protein1_rbs	1.4	0.0	0.0
33	__protein2_rbs	1.65	0.0	0.0
33	__protein3_rbs	1.3	0.0	0.0
33	__ribosome	67.2	0.0	0.0
33	__rnase_site_ext	4.75	0.0	0.0
33	p0	0.9	0.0	0.0
33	p1	0.5	0.0	0.0
33	protein1	39.45	3.75	2.89666665
33	protein2	32.1	4.15	2.965
33	protein3	15.5	3.55	2.8541667
33	r2	3.95	0.0	0.0
33	rnapol	1.05	0.0	0.0
34	__protein1_rbs	1.7	0.0	0.0
34	__protein2_rbs	1.6	0.0	0.0
34	__protein3_rbs	1.5	0.0	0.0
34	__ribosome	66.55	0.0	0.0
34	__rnase_site_ext	4.75	0.0	0.0
34	p0	0.95	0.0	0.0
34	p1	0.65	0.0	0.0
34	protein1	41.25	3.75	2.9758332999999997
34	protein2	34.1	4.15	3.0258333000000004
34	protein3	17.5	3.75	2.7625
34	r2	4.0	0.0	0.0
34	rnapol	1.05	0.0	0.0
35	__protein1_rbs	1.5	0.0	0.0
35	__protein2_rbs	2.2	0.0	0.0
35	__protein3_rbs	1.8	0.0	0.0
35	__ribosome	66.75	0.0	0.0
35	__rnase_site_ext	4.9	0.0	0.0
35	p0	0.85	0.0	0.0
35	p1	0.75	0.0	0.0
35	protein1	43.35	3.85	2.90666665
35	protein2	36.65	4.4	2.81583335
35	protein3	19.6	3.9	2.63666665
35	r2	3.95	0.0	0.0
35	rnapol	0.9	0.0	0.0
36	__protein1_rbs	1.85	0.0	0.0
36	__protein2_rbs	1.75	0.0	0.0
36	__protein3_rbs	1.6	0.0	0.0
36	__ribosome	65.45	0.0	0.0
36	__rnase_site_ext	5.0	0.0	0.0
36	p0	0.8	0.0	0.0
36	p1	0.85	0.0	0.0
36	protein1	45.25	3.9	2.8600000000000003
36	protein2	38.65	4.75	2.7775000000000003
36	protein3	21.45	4.05	2.65083335
36	r2	4.15	0.0	0.0
36	rnapol	0.75	0.0	0.0
37	__protein1_rbs	1.6	0.0	0.0
37	__protein2_rbs	1.9	0.0	0.0
37	__protein3_rbs	1.4	0.0	0.0
37	__ribosome	64.6	0.0	0.0
37	__rnase_site_ext	5.2	0.0	0.0
37	p0	0.9	0.0	0.0
37	p1	0.75	0.0	0.0
37	protein1	47.5	3.95	2.77833335
37	protein2	41.25	4.9	2.7375
37	protein3	23.3	4.1	2.7866667
37	r2	4.2	0.0	0.0
37	rnapol	0.7	0.0	0.0
38	__protein1_rbs	1.75	0.0	0.0
38	__protein2_rbs	2.35	0.0	0.0
38	__protein3_rbs	2.0	0.0	0.0
38	__ribosome	64.45	0.0	0.0
38	__rnase_site_ext	5.35	0.0	0.0
38	p0	0.9	0.0	0.0
38	p1	0.7	0.0	0.0
38	protein1	49.7	4.1	2.78833335
38	protein2	43.9	4.95	2.7008332999999998
38	protein3	25.6	4.2	2.71
38	r2	4.15	0.0	0.0
38	rnapol	0.6	0.0	0.0
39	__protein1_rbs	1.7	0.0	0.0
39	__protein2_rbs	2.15	0.0	0.0
39	__protein3_rbs	1.95	0.0	0.0
39	__ribosome	63.65	0.0	0.0
39	__rnase_site_ext	5.35	0.0	0.0
39	p0	0.85	0.0	0.0
39	p1	0.75	0.0	0.0
39	protein1	51.9	4.3	2.68583335
39	protein2	46.35	5.05	2.68535715
39	protein3	27.4	4.25	2.74
39	r2	3.95	0.0	0.0
39	rnapol	0.6	0.0	0.0
40	__protein1_rbs	1.5	0.0	0.0
40	__protein2_rbs	2.0	0.0	0.0
40	__protein3_rbs	1.9	0.0	0.0
40	__ribosome	61.85	0.0	0.0
40	__rnase_site_ext	5.45	0.0	0.0
40	p0	1.0	0.0	0.0
40	p1	0.8	0.0	0.0
40	protein1	53.8	4.25	2.9141667
40	protein2	48.25	5.05	2.8996429
40	protein3	29.65	4.25	2.76166665
40	r2	4.15	0.0	0.0
40	rnapol	0.7	0.0	0.0
41	__protein1_rbs	1.9	0.0	0.0
41	__protein2_rbs	2.15	0.0	0.0
41	__protein3_rbs	1.85	0.0	0.0
41	__ribosome	61.4	0.0	0.0
41	__rnase_site_ext	5.55	0.0	0.0
41	p0	0.8	0.0	0.0
41	p1	0.8	0.0	0.0
41	protein1	55.8	4.4	3.00750005
41	protein2	51.3	5.3	2.7926189999999997
41	protein3	31.95	4.2	2.7875
41	r2	4.4	0.0	0.0
41	rnapol	0.7	0.0	0.0
42	__protein1_rbs	1.75	0.0	0.0
42	__protein2_rbs	2.5	0.0	0.0
42	__protein3_rbs	1.55	0.0	0.0
42	__ribosome	60.8	0.0	0.0
42	__rnase_site_ext	5.6	0.0	0.0
42	p0	0.9	0.0	0.0
42	p1	0.85	0.0	0.0
42	protein1	58.2	4.4	2.9794047999999997
42	protein2	54.0	5.4	2.7697619
42	protein3	34.1	4.15	2.9191667000000003
42	r2	4.6	0.0	0.0
42	rnapol	0.65	0.0	0.0
43	__protein1_rbs	2.05	0.0	0.0
43	__protein2_rbs	2.4	0.0	0.0
43	__protein3_rbs	1.95	0.0	0.0
43	__ribosome	59.9	0.0	0.0
43	__rnase_site_ext	5.7	0.0	0.0
43	p0	0.9	0.0	0.0
43	p1	0.8	0.0	0.0
43	protein1	60.5	4.5	2.9442857
43	protein2	56.3	5.3	2.89190475
43	protein3	36.15	4.35	2.8475000499999994
43	r2	4.7	0.0	0.0
43	rnapol	0.65	0.0	0.0
44	__protein1_rbs	2.4	0.0	0.0
44	__protein2_rbs	2.35	0.0	0.0
44	__protein3_rbs	1.9	0.0	0.0
44	__ribosome	60.0	0.0	0.0
44	__rnase_site_ext	5.9	0.0	0.0
44	p0	0.9	0.0	0.0
44	p1	0.65	0.0	0.0
44	protein1	62.8	4.6	2.82988095
44	protein2	59.3	5.4	2.8274405499999995
44	protein3	38.6	4.65	2.6783333
44	r2	4.7	0.0	0.0
44	rnapol	0.6	0.0	0.0
45	__protein1_rbs	1.55	0.0	0.0
45	__protein2_rbs	2.4	0.0	0.0
45	__protein3_rbs	2.2	0.0	0.0
45	__ribosome	59.0	0.0	0.0
45	__rnase_site_ext	5.8	0.0	0.0
45	p0	1.0	0.0	0.0
45	p1	0.75	0.0	0.0
45	protein1	65.2	4.85	2.8278571500000003
45	protein2	62.4	5.45	2.80553575
45	protein3	40.95	4.8	2.6266667000000004
45	r2	4.75	0.0	0.0
45	rnapol	0.65	0.0	0.0
46	__protein1_rbs	2.2	0.0	0.0
46	__protein2_rbs	2.75	0.0	0.0
46	__protein3_rbs	1.75	0.0	0.0
46	__ribosome	58.05	0.0	0.0
46	__rnase_site_ext	6.0	0.0	0.0
46	p0	0.9	0.0	0.0
46	p1	0.8	0.0	0.0
46	protein1	67.45	4.85	2.89999995
46	protein2	65.2	5.5	2.7712499500000005
46	protein3	43.1	4.8	2.7816667
46	r2	5.0	0.0	0.0
46	rnapol	0.6	0.0	0.0
47	__protein1_rbs	2.3	0.0	0.0
47	__protein2_rbs	3.15	0.0	0.0
47	__protein3_rbs	2.0	0.0	0.0
47	__ribosome	58.7	0.0	0.0
47	__rnase_site_ext	6.05	0.0	0.0
47	p0	1.0	0.0	0.0
47	p1	0.9	0.0	0.0
47	protein1	70.15	4.95	2.7975
47	protein2	68.45	5.65	2.56208335
47	protein3	45.45	4.75	2.8283333499999994
47	r2	5.1	0.0	0.0
47	rnapol	0.55	0.0	0.0
48	__protein1_rbs	2.45	0.0	0.0
48	__protein2_rbs	1.8	0.0	0.0
48	__protein3_rbs	2.9	0.0	0.0
48	__ribosome	58.6	0.0	0.0
48	__rnase_site_ext	6.15	0.0	0.0
48	p0	0.75	0.0	0.0
48	p1	0.85	0.0	0.0
48	protein1	73.2	5.1	2.569881
48	protein2	71.45	5.7	2.6931547500000006
48	protein3	47.9	4.9	2.7480952499999995
48	r2	5.4	0.0	0.0
48	rnapol	0.45	0.0	0.0
49	__protein1_rbs	2.25	0.0	0.0
49	__protein2_rbs	2.55	0.0	0.0
49	__protein3_rbs	2.1	0.0	0.0
49	__ribosome	56.55	0.0	0.0
49	__rnase_site_ext	6.3	0.0	0.0
49	p0	0.95	0.0	0.0
49	p1	0.7	0.0	0.0
49	protein1	74.85	5.2	2.7303571
49	protein2	74.3	5.75	2.6723809
49	protein3	50.2	5.0	2.8436904499999995
49	r2	5.4	0.0	0.0
49	rnapol	0.65	0.0	0.0
50	__protein1_rbs	2.2	0.0	0.0
50	__protein2_rbs	2.4	0.0	0.0
50	__protein3_rbs	2.45	0.0	0.0
50	__ribosome	56.4	0.0	0.0
50	__rnase_site_ext	6.4	0.0	0.0
50	p0	0.85	0.0	0.0
50	p1	0.75	0.0	0.0
50	protein1	77.95	5.3	2.67619045
50	protein2	77.1	5.7	2.7823809000000006
50	protein3	52.95	5.25	2.6794047
50	r2	5.25	0.0	0.0
50	rnapol	0.65	0.0	0.0
51	__protein1_rbs	2.1	0.0	0.0
51	__protein2_rbs	2.65	0.0	0.0
51	__protein3_rbs	2.3	0.0	0.0
51	__ribosome	55.9	0.0	0.0
51	__rnase_site_ext	6.35	0.0	0.0
51	p0	0.95	0.0	0.0
51	p1	0.75	0.0	0.0
51	protein1	80.75	5.4	2.6692856
51	protein2	79.95	5.7	2.8161905
51	protein3	55.95	5.4	2.64083325
51	r2	5.25	0.0	0.0
51	rnapol	0.75	0.0	0.0
52	__protein1_rbs	2.65	0.0	0.0
52	__protein2_rbs	2.95	0.0	0.0
52	__protein3_rbs	2.1	0.0	0.0
52	__ribosome	55.5	0.0	0.0
52	__rnase_site_ext	6.4	0.0	0.0
52	p0	0.9	0.0	0.0
52	p1	0.9	0.0	0.0
52	protein1	83.45	5.35	2.7707142999999994
52	protein2	82.9	5.9	2.6956547000000004
52	protein3	58.2	5.45	2.7405954
52	r2	5.3	0.0	0.0
52	rnapol	0.75	0.0	0.0
53	__protein1_rbs	2.95	0.0	0.0
53	__protein2_rbs	2.5	0.0	0.0
53	__protein3_rbs	2.3	0.0	0.0
53	__ribosome	54.9	0.0	0.0
53	__rnase_site_ext	6.5	0.0	0.0
53	p0	0.95	0.0	0.0
53	p1	0.85	0.0	0.0
53	protein1	85.9	5.4	2.74833335
53	protein2	86.05	6.0	2.68690475
53	protein3	60.9	5.5	2.7295238
53	r2	5.35	0.0	0.0
53	rnapol	0.8	0.0	0.0
54	__protein1_rbs	2.45	0.0	0.0
54	__protein2_rbs	2.95	0.0	0.0
54	__protein3_rbs	2.35	0.0	0.0
54	__ribosome	54.95	0.0	0.0
54	__rnase_site_ext	6.5	0.0	0.0
54	p0	0.8	0.0	0.0
54	p1	0.85	0.0	0.0
54	protein1	88.75	5.5	2.6765476
54	protein2	89.1	6.15	2.59607145
54	protein3	63.8	5.4	2.7867857000000003
54	r2	5.35	0.0	0.0
54	rnapol	0.9	0.0	0.0
55	__protein1_rbs	2.75	0.0	0.0
55	__protein2_rbs	3.05	0.0	0.0
55	__protein3_rbs	2.3	0.0	0.0
55	__ribosome	54.3	0.0	0.0
55	__rnase_site_ext	6.8	0.0	0.0
55	p0	0.75	0.0	0.0
55	p1	0.75	0.0	0.0
55	protein1	91.45	5.5	2.697381
55	protein2	92.15	6.25	2.54642865
55	protein3	66.4	5.45	2.8021429500000004
55	r2	5.3	0.0	0.0
55	rnapol	0.8	0.0	0.0
56	__protein1_rbs	2.65	0.0	0.0
56	__protein2_rbs	2.9	0.0	0.0
56	__protein3_rbs	2.25	0.0	0.0
56	__ribosome	54.15	0.0	0.0
56	__rnase_site_ext	6.9	0.0	0.0
56	p0	0.95	0.0	0.0
56	p1	0.75	0.0	0.0
56	protein1	94.6	5.7	2.54511905
56	protein2	95.0	6.3	2.62285715
56	protein3	69.55	5.55	2.78071435
56	r2	5.35	0.0	0.0
56	rnapol	0.9	0.0	0.0
57	__protein1_rbs	2.4	0.0	0.0
57	__protein2_rbs	2.95	0.0	0.0
57	__protein3_rbs	2.8	0.0	0.0
57	__ribosome	52.95	0.0	0.0
57	__rnase_site_ext	6.95	0.0	0.0
57	p0	0.8	0.0	0.0
57	p1	0.85	0.0	0.0
57	protein1	97.15	5.95	2.53807535
57	protein2	98.0	6.25	2.69226185
57	protein3	72.05	5.5	2.81369055
57	r2	5.55	0.0	0.0
57	rnapol	0.85	0.0	0.0
58	__protein1_rbs	3.05	0.0	0.0
58	__protein2_rbs	3.4	0.0	0.0
58	__protein3_rbs	2.25	0.0	0.0
58	__ribosome	53.6	0.0	0.0
58	__rnase_site_ext	6.95	0.0	0.0
58	p0	0.9	0.0	0.0
58	p1	0.85	0.0	0.0
58	protein1	99.95	5.9	2.55658735
58	protein2	101.45	6.45	2.5511308500000003
58	protein3	75.35	5.55	2.76011905
58	r2	5.65	0.0	0.0
58	rnapol	0.85	0.0	0.0
59	__protein1_rbs	3.05	0.0	0.0
59	__protein2_rbs	3.05	0.0	0.0
59	__protein3_rbs	2.55	0.0	0.0
59	__ribosome	53.25	0.0	0.0
59	__rnase_site_ext	7.0	0.0	0.0
59	p0	0.9	0.0	0.0
59	p1	0.8	0.0	0.0
59	protein1	103.2	6.05	2.48297625
59	protein2	104.85	6.6	2.5485119
59	protein3	78.3	5.55	2.73976185
59	r2	5.6	0.0	0.0
59	rnapol	0.9	0.0	0.0
60	__protein1_rbs	3.05	0.0	0.0
60	__protein2_rbs	3.0	0.0	0.0
60	__protein3_rbs	2.5	0.0	0.0
60	__ribosome	52.4	0.0	0.0
60	__rnase_site_ext	6.9	0.0	0.0
60	p0	0.95	0.0	0.0
60	p1	0.75	0.0	0.0
60	protein1	105.55	6.05	2.5699008500000007
60	protein2	108.05	6.6	2.580476200000001
60	protein3	81.1	5.65	2.7155952500000007
60	r2	5.8	0.0	0.0
60	rnapol	0.95	0.0	0.0
61	__protein1_rbs	2.25	0.0	0.0
61	__protein2_rbs	3.35	0.0	0.0
61	__protein3_rbs	2.75	0.0	0.0
61	__ribosome	51.85	0.0	0.0
61	__rnase_site_ext	6.95	0.0	0.0
61	p0	0.8	0.0	0.0
61	p1	0.75	0.0	0.0
61	protein1	108.55	6.0	2.70644845
61	protein2	111.2	6.6	2.56375
61	protein3	84.0	5.7	2.6576190000000004
61	r2	5.8	0.0	0.0
61	rnapol	0.9	0.0	0.0
62	__protein1_rbs	3.0	0.0	0.0
62	__protein2_rbs	2.9	0.0	0.0
62	__protein3_rbs	2.9	0.0	0.0
62	__ribosome	52.05	0.0	0.0
62	__rnase_site_ext	7.1	0.0	0.0
62	p0	0.7	0.0	0.0
62	p1	0.6	0.0	0.0
62	protein1	111.95	6.0	2.5791865
62	protein2	114.1	6.65	2.6490476500000004
62	protein3	86.95	5.8	2.5674999499999998
62	r2	5.7	0.0	0.0
62	rnapol	0.8	0.0	0.0
63	__protein1_rbs	3.1	0.0	0.0
63	__protein2_rbs	3.35	0.0	0.0
63	__protein3_rbs	2.8	0.0	0.0
63	__ribosome	52.05	0.0	0.0
63	__rnase_site_ext	7.25	0.0	0.0
63	p0	1.0	0.0	0.0
63	p1	0.75	0.0	0.0
63	protein1	114.6	6.15	2.5791666
63	protein2	117.55	6.85	2.5627976
63	protein3	90.05	5.9	2.50869045
63	r2	5.85	0.0	0.0
63	rnapol	0.6	0.0	0.0
64	__protein1_rbs	3.2	0.0	0.0
64	__protein2_rbs	2.65	0.0	0.0
64	__protein3_rbs	3.15	0.0	0.0
64	__ribosome	51.15	0.0	0.0
64	__rnase_site_ext	7.25	0.0	0.0
64	p0	0.9	0.0	0.0
64	p1	0.8	0.0	0.0
64	protein1	117.6	6.55	2.48041665
64	protein2	121.05	6.85	2.61202385
64	protein3	92.65	5.95	2.51511905
64	r2	5.95	0.0	0.0
64	rnapol	0.6	0.0	0.0
65	__protein1_rbs	2.8	0.0	0.0
65	__protein2_rbs	3.2	0.0	0.0
65	__protein3_rbs	2.75	0.0	0.0
65	__ribosome	51.25	0.0	0.0
65	__rnase_site_ext	7.25	0.0	0.0
65	p0	0.9	0.0	0.0
65	p1	0.85	0.0	0.0
65	protein1	120.65	6.5	2.59831345
65	protein2	124.85	7.15	2.4906548000000006
65	protein3	96.4	6.0	2.4147618500000005
65	r2	6.0	0.0	0.0
65	rnapol	0.7	0.0	0.0
66	__protein1_rbs	3.6	0.0	0.0
66	__protein2_rbs	3.35	0.0	0.0
66	__protein3_rbs	2.75	0.0	0.0
66	__ribosome	50.45	0.0	0.0
66	__rnase_site_ext	7.4	0.0	0.0
66	p0	0.9	0.0	0.0
66	p1	0.85	0.0	0.0
66	protein1	123.85	6.5	2.52134925
66	protein2	127.8	7.25	2.5543452999999996
66	protein3	99.0	6.0	2.4800000000000004
66	r2	6.1	0.0	0.0
66	rnapol	0.8	0.0	0.0
67	__protein1_rbs	2.85	0.0	0.0
67	__protein2_rbs	3.05	0.0	0.0
67	__protein3_rbs	3.15	0.0	0.0
67	__ribosome	49.1	0.0	0.0
67	__rnase_site_ext	7.45	0.0	0.0
67	p0	1.0	0.0	0.0
67	p1	0.85	0.0	0.0
67	protein1	127.25	6.65	2.5341072
67	protein2	130.8	7.3	2.685754
67	protein3	101.85	5.95	2.4994047000000004
67	r2	6.1	0.0	0.0
67	rnapol	0.8	0.0	0.0
68	__protein1_rbs	3.55	0.0	0.0
68	__protein2_rbs	3.6	0.0	0.0
68	__protein3_rbs	2.65	0.0	0.0
68	__ribosome	48.25	0.0	0.0
68	__rnase_site_ext	7.35	0.0	0.0
68	p0	0.95	0.0	0.0
68	p1	0.75	0.0	0.0
68	protein1	129.9	6.75	2.5332142999999996
68	protein2	134.45	7.3	2.6759126500000003
68	protein3	104.35	6.05	2.5657142000000004
68	r2	6.2	0.0	0.0
68	rnapol	0.85	0.0	0.0
69	__protein1_rbs	2.8	0.0	0.0
69	__protein2_rbs	3.4	0.0	0.0
69	__protein3_rbs	2.75	0.0	0.0
69	__ribosome	47.85	0.0	0.0
69	__rnase_site_ext	7.45	0.0	0.0
69	p0	0.75	0.0	0.0
69	p1	0.45	0.0	0.0
69	protein1	133.4	6.7	2.5655753500000005
69	protein2	138.65	7.15	2.6804365500000005
69	protein3	106.75	6.1	2.67619055
69	r2	6.25	0.0	0.0
69	rnapol	0.8	0.0	0.0
70	__protein1_rbs	3.1	0.0	0.0
70	__protein2_rbs	4.1	0.0	0.0
70	__protein3_rbs	2.9	0.0	0.0
70	__ribosome	48.85	0.0	0.0
70	__rnase_site_ext	7.5	0.0	0.0
70	p0	0.9	0.0	0.0
70	p1	0.6	0.0	0.0
70	protein1	136.6	6.65	2.6752977
70	protein2	142.2	7.25	2.5598214499999994
70	protein3	110.2	6.2	2.5232144
70	r2	6.6	0.0	0.0
70	rnapol	0.7	0.0	0.0
71	__protein1_rbs	3.4	0.0	0.0
71	__protein2_rbs	3.05	0.0	0.0
71	__protein3_rbs	3.15	0.0	0.0
71	__ribosome	48.5	0.0	0.0
71	__rnase_site_ext	7.6	0.0	0.0
71	p0	0.9	0.0	0.0
71	p1	0.85	0.0	0.0
71	protein1	140.25	6.8	2.5389484
71	protein2	145.5	7.4	2.62968255
71	protein3	113.4	6.4	2.41547615
71	r2	6.55	0.0	0.0
71	rnapol	0.7	0.0	0.0
72	__protein1_rbs	3.25	0.0	0.0
72	__protein2_rbs	3.45	0.0	0.0
72	__protein3_rbs	3.35	0.0	0.0
72	__ribosome	48.1	0.0	0.0
72	__rnase_site_ext	7.55	0.0	0.0
72	p0	0.95	0.0	0.0
72	p1	0.75	0.0	0.0
72	protein1	143.85	6.9	2.4706547999999997
72	protein2	149.15	7.65	2.6118651
72	protein3	116.45	6.5	2.38654755
72	r2	6.7	0.0	0.0
72	rnapol	0.75	0.0	0.0
73	__protein1_rbs	3.1	0.0	0.0
73	__protein2_rbs	4.15	0.0	0.0
73	__protein3_rbs	3.3	0.0	0.0
73	__ribosome	47.1	0.0	0.0
73	__rnase_site_ext	7.55	0.0	0.0
73	p0	0.95	0.0	0.0
73	p1	0.7	0.0	0.0
73	protein1	146.95	6.8	2.5940476
73	protein2	153.0	7.85	2.4904166500000007
73	protein3	118.85	6.6	2.4733334000000005
73	r2	6.6	0.0	0.0
73	rnapol	0.8	0.0	0.0
74	__protein1_rbs	3.35	0.0	0.0
74	__protein2_rbs	4.0	0.0	0.0
74	__protein3_rbs	3.1	0.0	0.0
74	__ribosome	48.0	0.0	0.0
74	__rnase_site_ext	7.45	0.0	0.0
74	p0	0.95	0.0	0.0
74	p1	0.9	0.0	0.0
74	protein1	150.35	6.85	2.55734125
74	protein2	157.0	7.8	2.4436707
74	protein3	122.3	6.6	2.43107145
74	r2	6.75	0.0	0.0
74	rnapol	0.8	0.0	0.0
75	__protein1_rbs	3.95	0.0	0.0
75	__protein2_rbs	3.75	0.0	0.0
75	__protein3_rbs	3.45	0.0	0.0
75	__ribosome	47.35	0.0	0.0
75	__rnase_site_ext	7.5	0.0	0.0
75	p0	0.95	0.0	0.0
75	p1	0.95	0.0	0.0
75	protein1	153.45	6.8	2.5026387999999997
75	protein2	160.25	8.0	2.5141666000000003
75	protein3	125.3	6.8	2.4024802000000003
75	r2	6.8	0.0	0.0
75	rnapol	0.85	0.0	0.0
76	__protein1_rbs	3.55	0.0	0.0
76	__protein2_rbs	4.45	0.0	0.0
76	__protein3_rbs	3.5	0.0	0.0
76	__ribosome	47.6	0.0	0.0
76	__rnase_site_ext	7.5	0.0	0.0
76	p0	0.9	0.0	0.0
76	p1	0.7	0.0	0.0
76	protein1	156.75	6.75	2.55793645
76	protein2	164.2	8.05	2.4602578500000005
76	protein3	128.6	6.8	2.3625595500000003
76	r2	6.9	0.0	0.0
76	rnapol	0.8	0.0	0.0
77	__protein1_rbs	3.6	0.0	0.0
77	__protein2_rbs	3.45	0.0	0.0
77	__protein3_rbs	3.3	0.0	0.0
77	__ribosome	46.75	0.0	0.0
77	__rnase_site_ext	7.55	0.0	0.0
77	p0	1.0	0.0	0.0
77	p1	0.65	0.0	0.0
77	protein1	160.2	6.75	2.54033725
77	protein2	167.9	8.0	2.5697023
77	protein3	131.65	6.8	2.4664484000000004
77	r2	7.1	0.0	0.0
77	rnapol	0.95	0.0	0.0
78	__protein1_rbs	3.6	0.0	0.0
78	__protein2_rbs	4.65	0.0	0.0
78	__protein3_rbs	3.5	0.0	0.0
78	__ribosome	46.45	0.0	0.0
78	__rnase_site_ext	7.7	0.0	0.0
78	p0	0.85	0.0	0.0
78	p1	0.75	0.0	0.0
78	protein1	163.4	6.8	2.5159324999999995
78	protein2	171.35	8.0	2.5830934000000005
78	protein3	134.55	6.9	2.45575395
78	r2	7.35	0.0	0.0
78	rnapol	1.05	0.0	0.0
79	__protein1_rbs	3.05	0.0	0.0
79	__protein2_rbs	4.6	0.0	0.0
79	__protein3_rbs	3.25	0.0	0.0
79	__ribosome	46.9	0.0	0.0
79	__rnase_site_ext	7.85	0.0	0.0
79	p0	0.8	0.0	0.0
79	p1	0.9	0.0	0.0
79	protein1	166.8	6.8	2.5032937000000004
79	protein2	175.3	8.1	2.4934127
79	protein3	137.95	6.9	2.41607135
79	r2	7.4	0.0	0.0
79	rnapol	0.95	0.0	0.0
80	__protein1_rbs	4.1	0.0	0.0
80	__protein2_rbs	3.85	0.0	0.0
80	__protein3_rbs	3.5	0.0	0.0
80	__ribosome	46.9	0.0	0.0
80	__rnase_site_ext	8.0	0.0	0.0
80	p0	0.95	0.0	0.0
80	p1	0.75	0.0	0.0
80	protein1	170.3	6.9	2.37857155
80	protein2	179.6	8.3	2.43559695
80	protein3	141.0	7.3	2.36732135
80	r2	7.4	0.0	0.0
80	rnapol	0.85	0.0	0.0
81	__protein1_rbs	2.85	0.0	0.0
81	__protein2_rbs	4.85	0.0	0.0
81	__protein3_rbs	4.15	0.0	0.0
81	__ribosome	47.35	0.0	0.0
81	__rnase_site_ext	8.3	0.0	0.0
81	p0	0.85	0.0	0.0
81	p1	0.75	0.0	0.0
81	protein1	173.5	7.15	2.3999080000000004
81	protein2	183.4	8.25	2.36927485
81	protein3	144.65	7.45	2.24880945
81	r2	7.5	0.0	0.0
81	rnapol	0.75	0.0	0.0
82	__protein1_rbs	3.05	0.0	0.0
82	__protein2_rbs	3.8	0.0	0.0
82	__protein3_rbs	3.75	0.0	0.0
82	__ribosome	45.65	0.0	0.0
82	__rnase_site_ext	8.3	0.0	0.0
82	p0	0.95	0.0	0.0
82	p1	0.9	0.0	0.0
82	protein1	176.65	7.3	2.42278135
82	protein2	187.25	8.4	2.4076731
82	protein3	147.9	7.45	2.2862301999999994
82	r2	7.5	0.0	0.0
82	rnapol	0.75	0.0	0.0
83	__protein1_rbs	3.9	0.0	0.0
83	__protein2_rbs	4.15	0.0	0.0
83	__protein3_rbs	4.5	0.0	0.0
83	__ribosome	44.95	0.0	0.0
83	__rnase_site_ext	8.4	0.0	0.0
83	p0	0.85	0.0	0.0
83	p1	0.95	0.0	0.0
83	protein1	179.95	7.3	2.44232315
83	protein2	191.15	8.5	2.425337250000001
83	protein3	151.0	7.7	2.25726195
83	r2	7.5	0.0	0.0
83	rnapol	0.7	0.0	0.0
84	__protein1_rbs	3.75	0.0	0.0
84	__protein2_rbs	5.15	0.0	0.0
84	__protein3_rbs	3.15	0.0	0.0
84	__ribosome	44.15	0.0	0.0
84	__rnase_site_ext	8.25	0.0	0.0
84	p0	1.0	0.0	0.0
84	p1	0.9	0.0	0.0
84	protein1	183.5	7.3	2.4385371000000005
84	protein2	195.1	8.65	2.33842535
84	protein3	154.2	7.8	2.4134524500000003
84	r2	7.55	0.0	0.0
84	rnapol	0.85	0.0	0.0
85	__protein1_rbs	3.8	0.0	0.0
85	__protein2_rbs	4.85	0.0	0.0
85	__protein3_rbs	4.45	0.0	0.0
85	__ribosome	44.3	0.0	0.0
85	__rnase_site_ext	8.35	0.0	0.0
85	p0	0.75	0.0	0.0
85	p1	0.85	0.0	0.0
85	protein1	186.15	7.35	2.5370111
85	protein2	199.2	8.55	2.2933404500000005
85	protein3	157.75	7.65	2.4433929
85	r2	7.85	0.0	0.0
85	rnapol	0.75	0.0	0.0
86	__protein1_rbs	4.2	0.0	0.0
86	__protein2_rbs	4.4	0.0	0.0
86	__protein3_rbs	3.55	0.0	0.0
86	__ribosome	43.75	0.0	0.0
86	__rnase_site_ext	8.4	0.0	0.0
86	p0	1.0	0.0	0.0
86	p1	0.65	0.0	0.0
86	protein1	189.85	7.25	2.4781421000000003
86	protein2	202.6	8.55	2.371471800000001
86	protein3	161.0	7.55	2.56087295
86	r2	7.95	0.0	0.0
86	rnapol	1.0	0.0	0.0
87	__protein1_rbs	3.5	0.0	0.0
87	__protein2_rbs	4.75	0.0	0.0
87	__protein3_rbs	4.25	0.0	0.0
87	__ribosome	45.05	0.0	0.0
87	__rnase_site_ext	8.5	0.0	0.0
87	p0	0.85	0.0	0.0
87	p1	0.8	0.0	0.0
87	protein1	193.65	7.5	2.38289865
87	protein2	206.95	8.4	2.3514898000000004
87	protein3	164.8	7.85	2.3379815500000003
87	r2	7.9	0.0	0.0
87	rnapol	0.9	0.0	0.0
88	__protein1_rbs	3.4	0.0	0.0
88	__protein2_rbs	4.65	0.0	0.0
88	__protein3_rbs	4.2	0.0	0.0
88	__ribosome	44.05	0.0	0.0
88	__rnase_site_ext	8.75	0.0	0.0
88	p0	0.85	0.0	0.0
88	p1	0.75	0.0	0.0
88	protein1	196.95	7.5	2.4656296
88	protein2	211.0	8.35	2.3422528500000004
88	protein3	168.05	8.0	2.3611002
88	r2	8.05	0.0	0.0
88	rnapol	0.8	0.0	0.0
89	__protein1_rbs	4.7	0.0	0.0
89	__protein2_rbs	4.35	0.0	0.0
89	__protein3_rbs	4.6	0.0	0.0
89	__ribosome	44.85	0.0	0.0
89	__rnase_site_ext	8.95	0.0	0.0
89	p0	0.8	0.0	0.0
89	p1	0.85	0.0	0.0
89	protein1	200.35	7.7	2.3612933000000003
89	protein2	214.75	8.4	2.3748485
89	protein3	171.95	8.05	2.2533136000000007
89	r2	8.15	0.0	0.0
89	rnapol	0.8	0.0	0.0
90	__protein1_rbs	3.75	0.0	0.0
90	__protein2_rbs	4.25	0.0	0.0
90	__protein3_rbs	4.95	0.0	0.0
90	__ribosome	44.9	0.0	0.0
90	__rnase_site_ext	9.0	0.0	0.0
90	p0	0.95	0.0	0.0
90	p1	0.85	0.0	0.0
90	protein1	204.15	7.9	2.34588745
90	protein2	219.05	8.5	2.3090656000000003
90	protein3	175.5	8.15	2.1799169999999997
90	r2	8.15	0.0	0.0
90	rnapol	0.85	0.0	0.0
91	__protein1_rbs	4.5	0.0	0.0
91	__protein2_rbs	4.5	0.0	0.0
91	__protein3_rbs	4.4	0.0	0.0
91	__ribosome	42.7	0.0	0.0
91	__rnase_site_ext	9.1	0.0	0.0
91	p0	0.95	0.0	0.0
91	p1	0.85	0.0	0.0
91	protein1	206.75	8.0	2.4149892000000004
91	protein2	222.3	8.7	2.3636562000000003
91	protein3	179.0	8.1	2.2482305
91	r2	8.1	0.0	0.0
91	rnapol	0.75	0.0	0.0
92	__protein1_rbs	4.0	0.0	0.0
92	__protein2_rbs	4.75	0.0	0.0
92	__protein3_rbs	4.6	0.0	0.0
92	__ribosome	43.3	0.0	0.0
92	__rnase_site_ext	9.05	0.0	0.0
92	p0	0.95	0.0	0.0
92	p1	0.65	0.0	0.0
92	protein1	210.35	8.0	2.44344335
92	protein2	226.45	8.55	2.3592389
92	protein3	182.7	8.15	2.200146
92	r2	8.25	0.0	0.0
92	rnapol	0.75	0.0	0.0
93	__protein1_rbs	4.65	0.0	0.0
93	__protein2_rbs	4.45	0.0	0.0
93	__protein3_rbs	4.9	0.0	0.0
93	__ribosome	43.8	0.0	0.0
93	__rnase_site_ext	9.2	0.0	0.0
93	p0	0.8	0.0	0.0
93	p1	0.75	0.0	0.0
93	protein1	214.3	8.05	2.356241
93	protein2	230.45	8.6	2.3300560000000003
93	protein3	186.5	8.25	2.1940675
93	r2	8.15	0.0	0.0
93	rnapol	0.85	0.0	0.0
94	__protein1_rbs	4.2	0.0	0.0
94	__protein2_rbs	5.1	0.0	0.0
94	__protein3_rbs	3.75	0.0	0.0
94	__ribosome	42.95	0.0	0.0
94	__rnase_site_ext	9.2	0.0	0.0
94	p0	0.95	0.0	0.0
94	p1	0.8	0.0	0.0
94	protein1	217.8	8.1	2.3826713
94	protein2	234.65	8.75	2.22154225
94	protein3	189.85	8.25	2.32229065
94	r2	8.4	0.0	0.0
94	rnapol	0.95	0.0	0.0
95	__protein1_rbs	3.8	0.0	0.0
95	__protein2_rbs	4.4	0.0	0.0
95	__protein3_rbs	5.05	0.0	0.0
95	__ribosome	42.2	0.0	0.0
95	__rnase_site_ext	9.35	0.0	0.0
95	p0	0.8	0.0	0.0
95	p1	0.6	0.0	0.0
95	protein1	221.95	8.3	2.31245315
95	protein2	238.3	8.85	2.28196965
95	protein3	193.1	8.25	2.3326461
95	r2	8.35	0.0	0.0
95	rnapol	0.9	0.0	0.0
96	__protein1_rbs	4.0	0.0	0.0
96	__protein2_rbs	5.05	0.0	0.0
96	__protein3_rbs	3.45	0.0	0.0
96	__ribosome	40.8	0.0	0.0
96	__rnase_site_ext	9.45	0.0	0.0
96	p0	0.8	0.0	0.0
96	p1	0.7	0.0	0.0
96	protein1	225.35	8.25	2.37117055
96	protein2	242.3	8.9	2.22947145
96	protein3	196.55	8.4	2.4291793000000004
96	r2	8.45	0.0	0.0
96	rnapol	0.8	0.0	0.0
97	__protein1_rbs	4.4	0.0	0.0
97	__protein2_rbs	5.1	0.0	0.0
97	__protein3_rbs	4.95	0.0	0.0
97	__ribosome	40.8	0.0	0.0
97	__rnase_site_ext	9.45	0.0	0.0
97	p0	0.95	0.0	0.0
97	p1	0.85	0.0	0.0
97	protein1	229.0	8.45	2.37539145
97	protein2	246.25	9.05	2.17566195
97	protein3	200.25	8.5	2.3709164
97	r2	8.5	0.0	0.0
97	rnapol	0.75	0.0	0.0
98	__protein1_rbs	5.15	0.0	0.0
98	__protein2_rbs	4.9	0.0	0.0
98	__protein3_rbs	4.75	0.0	0.0
98	__ribosome	40.95	0.0	0.0
98	__rnase_site_ext	9.55	0.0	0.0
98	p0	0.85	0.0	0.0
98	p1	0.85	0.0	0.0
98	protein1	232.8	8.55	2.31325035
98	protein2	250.4	9.35	2.086791
98	protein3	203.7	8.5	2.41964815
98	r2	8.45	0.0	0.0
98	rnapol	0.8	0.0	0.0
99	__protein1_rbs	4.6	0.0	0.0
99	__protein2_rbs	5.3	0.0	0.0
99	__protein3_rbs	4.85	0.0	0.0
99	__ribosome	41.45	0.0	0.0
99	__rnase_site_ext	9.5	0.0	0.0
99	p0	0.95	0.0	0.0
99	p1	0.85	0.0	0.0
99	protein1	236.8	8.5	2.2807919
99	protein2	253.65	9.45	2.1545689
99	protein3	208.3	8.6	2.2895706000000002
99	r2	8.4	0.0	0.0
99	rnapol	0.8	0.0	0.0
100	__protein1_rbs	4.4	0.0	0.0
100	__protein2_rbs	5.65	0.0	0.0
100	__protein3_rbs	4.45	0.0	0.0
100	__ribosome	41.3	0.0	0.0
100	__rnase_site_ext	9.45	0.0	0.0
100	p0	0.95	0.0	0.0
100	p1	0.75	0.0	0.0
100	protein1	240.6	8.55	2.27938175
100	protein2	258.05	9.4	2.0782576
100	protein3	211.5	8.7	2.35650425
100	r2	8.45	0.0	0.0
100	rnapol	0.95	0.0	0.0
101	__protein1_rbs	4.45	0.0	0.0
101	__protein2_rbs	4.7	0.0	0.0
101	__protein3_rbs	4.65	0.0	0.0
101	__ribosome	40.95	0.0	0.0
101	__rnase_site_ext	9.65	0.0	0.0
101	p0	0.9	0.0	0.0
101	p1	0.8	0.0	0.0
101	protein1	244.45	8.5	2.33114785
101	protein2	261.7	9.35	2.2080808499999995
101	protein3	216.35	8.6	2.27734665
101	r2	8.35	0.0	0.0
101	rnapol	0.75	0.0	0.0
102	__protein1_rbs	5.15	0.0	0.0
102	__protein2_rbs	5.6	0.0	0.0
102	__protein3_rbs	4.95	0.0	0.0
102	__ribosome	40.9	0.0	0.0
102	__rnase_site_ext	9.7	0.0	0.0
102	p0	0.75	0.0	0.0
102	p1	0.7	0.0	0.0
102	protein1	248.1	8.65	2.3003143999999995
102	protein2	265.3	9.35	2.20830125
102	protein3	220.25	8.75	2.241985950000001
102	r2	8.35	0.0	0.0
102	rnapol	0.7	0.0	0.0
103	__protein1_rbs	4.4	0.0	0.0
103	__protein2_rbs	5.5	0.0	0.0
103	__protein3_rbs	4.95	0.0	0.0
103	__ribosome	40.1	0.0	0.0
103	__rnase_site_ext	9.75	0.0	0.0
103	p0	0.95	0.0	0.0
103	p1	0.7	0.0	0.0
103	protein1	251.85	8.6	2.34195255
103	protein2	269.2	9.6	2.20791575
103	protein3	223.9	8.65	2.27866345
103	r2	8.45	0.0	0.0
103	rnapol	0.75	0.0	0.0
104	__protein1_rbs	5.35	0.0	0.0
104	__protein2_rbs	5.25	0.0	0.0
104	__protein3_rbs	4.45	0.0	0.0
104	__ribosome	39.95	0.0	0.0
104	__rnase_site_ext	9.85	0.0	0.0
104	p0	0.75	0.0	0.0
104	p1	0.7	0.0	0.0
104	protein1	255.8	8.7	2.2292136
104	protein2	273.3	9.55	2.2388201500000005
104	protein3	227.3	8.55	2.35867965
104	r2	8.55	0.0	0.0
104	rnapol	0.7	0.0	0.0
105	__protein1_rbs	4.65	0.0	0.0
105	__protein2_rbs	5.3	0.0	0.0
105	__protein3_rbs	4.45	0.0	0.0
105	__ribosome	39.6	0.0	0.0
105	__rnase_site_ext	9.95	0.0	0.0
105	p0	0.95	0.0	0.0
105	p1	0.65	0.0	0.0
105	protein1	259.55	8.8	2.2177273
105	protein2	277.25	9.7	2.249807400000001
105	protein3	231.8	8.5	2.3238077500000003
105	r2	8.55	0.0	0.0
105	rnapol	0.6	0.0	0.0
106	__protein1_rbs	5.3	0.0	0.0
106	__protein2_rbs	5.45	0.0	0.0
106	__protein3_rbs	5.15	0.0	0.0
106	__ribosome	40.05	0.0	0.0
106	__rnase_site_ext	9.9	0.0	0.0
106	p0	1.0	0.0	0.0
106	p1	0.9	0.0	0.0
106	protein1	263.5	8.9	2.1322042000000003
106	protein2	281.55	9.85	2.2827326999999995
106	protein3	235.45	8.7	2.21746205
106	r2	8.7	0.0	0.0
106	rnapol	0.85	0.0	0.0
107	__protein1_rbs	4.85	0.0	0.0
107	__protein2_rbs	5.65	0.0	0.0
107	__protein3_rbs	5.1	0.0	0.0
107	__ribosome	39.4	0.0	0.0
107	__rnase_site_ext	10.0	0.0	0.0
107	p0	0.75	0.0	0.0
107	p1	0.9	0.0	0.0
107	protein1	267.05	8.85	2.21734845
107	protein2	285.7	9.9	2.2879691
107	protein3	239.25	8.75	2.1967369999999997
107	r2	8.6	0.0	0.0
107	rnapol	0.55	0.0	0.0
108	__protein1_rbs	4.5	0.0	0.0
108	__protein2_rbs	5.95	0.0	0.0
108	__protein3_rbs	4.35	0.0	0.0
108	__ribosome	38.85	0.0	0.0
108	__rnase_site_ext	10.2	0.0	0.0
108	p0	1.0	0.0	0.0
108	p1	0.9	0.0	0.0
108	protein1	270.95	8.9	2.1864214
108	protein2	290.2	10.1	2.2393869500000005
108	protein3	243.1	8.75	2.2549603
108	r2	8.9	0.0	0.0
108	rnapol	0.6	0.0	0.0
109	__protein1_rbs	4.85	0.0	0.0
109	__protein2_rbs	5.65	0.0	0.0
109	__protein3_rbs	5.35	0.0	0.0
109	__ribosome	38.75	0.0	0.0
109	__rnase_site_ext	10.05	0.0	0.0
109	p0	0.9	0.0	0.0
109	p1	0.7	0.0	0.0
109	protein1	274.8	9.15	2.1860209000000004
109	protein2	294.65	10.15	2.2486798500000003
109	protein3	246.75	8.7	2.2293795
109	r2	8.9	0.0	0.0
109	rnapol	0.6	0.0	0.0
110	__protein1_rbs	4.9	0.0	0.0
110	__protein2_rbs	6.55	0.0	0.0
110	__protein3_rbs	4.55	0.0	0.0
110	__ribosome	38.4	0.0	0.0
110	__rnase_site_ext	10.15	0.0	0.0
110	p0	0.9	0.0	0.0
110	p1	0.65	0.0	0.0
110	protein1	278.75	9.15	2.19999995
110	protein2	298.6	10.15	2.2543992000000004
110	protein3	250.45	8.7	2.2598358
110	r2	8.9	0.0	0.0
110	rnapol	0.45	0.0	0.0
111	__protein1_rbs	5.3	0.0	0.0
111	__protein2_rbs	5.7	0.0	0.0
111	__protein3_rbs	4.8	0.0	0.0
111	__ribosome	38.4	0.0	0.0
111	__rnase_site_ext	10.05	0.0	0.0
111	p0	1.0	0.0	0.0
111	p1	0.65	0.0	0.0
111	protein1	282.3	9.15	2.2275504999999995
111	protein2	303.45	10.2	2.1929301000000003
111	protein3	254.4	8.9	2.2403577
111	r2	9.05	0.0	0.0
111	rnapol	0.65	0.0	0.0
112	__protein1_rbs	4.95	0.0	0.0
112	__protein2_rbs	5.9	0.0	0.0
112	__protein3_rbs	4.9	0.0	0.0
112	__ribosome	38.0	0.0	0.0
112	__rnase_site_ext	9.95	0.0	0.0
112	p0	0.95	0.0	0.0
112	p1	0.85	0.0	0.0
112	protein1	286.55	9.15	2.2415782499999994
112	protein2	307.75	10.3	2.1787571
112	protein3	258.35	9.0	2.2232064000000005
112	r2	9.0	0.0	0.0
112	rnapol	0.85	0.0	0.0
113	__protein1_rbs	5.1	0.0	0.0
113	__protein2_rbs	5.95	0.0	0.0
113	__protein3_rbs	4.85	0.0	0.0
113	__ribosome	37.9	0.0	0.0
113	__rnase_site_ext	9.85	0.0	0.0
113	p0	0.95	0.0	0.0
113	p1	0.7	0.0	0.0
113	protein1	290.4	9.1	2.23375
113	protein2	311.95	10.4	2.152784600000001
113	protein3	262.2	9.1	2.2243663
113	r2	9.05	0.0	0.0
113	rnapol	0.95	0.0	0.0
114	__protein1_rbs	5.1	0.0	0.0
114	__protein2_rbs	6.6	0.0	0.0
114	__protein3_rbs	5.05	0.0	0.0
114	__ribosome	37.9	0.0	0.0
114	__rnase_site_ext	10.1	0.0	0.0
114	p0	0.75	0.0	0.0
114	p1	0.65	0.0	0.0
114	protein1	294.2	8.9	2.25630225
114	protein2	316.25	10.4	2.115107149999999
114	protein3	265.55	9.2	2.2565354000000006
114	r2	9.15	0.0	0.0
114	rnapol	0.6	0.0	0.0
115	__protein1_rbs	5.0	0.0	0.0
115	__protein2_rbs	5.5	0.0	0.0
115	__protein3_rbs	5.05	0.0	0.0
115	__ribosome	37.55	0.0	0.0
115	__rnase_site_ext	10.2	0.0	0.0
115	p0	0.85	0.0	0.0
115	p1	0.75	0.0	0.0
115	protein1	298.05	8.95	2.23996515
115	protein2	320.65	10.4	2.1407517000000005
115	protein3	269.65	9.25	2.2740704499999995
115	r2	9.2	0.0	0.0
115	rnapol	0.6	0.0	0.0
116	__protein1_rbs	5.3	0.0	0.0
116	__protein2_rbs	6.45	0.0	0.0
116	__protein3_rbs	5.15	0.0	0.0
116	__ribosome	38.4	0.0	0.0
116	__rnase_site_ext	10.15	0.0	0.0
116	p0	0.95	0.0	0.0
116	p1	0.75	0.0	0.0
116	protein1	302.85	9.05	2.09032645
116	protein2	325.1	10.65	2.0866196500000003
116	protein3	273.25	9.2	2.33270735
116	r2	9.15	0.0	0.0
116	rnapol	0.75	0.0	0.0
117	__protein1_rbs	5.75	0.0	0.0
117	__protein2_rbs	6.25	0.0	0.0
117	__protein3_rbs	5.05	0.0	0.0
117	__ribosome	38.7	0.0	0.0
117	__rnase_site_ext	10.15	0.0	0.0
117	p0	0.9	0.0	0.0
117	p1	0.8	0.0	0.0
117	protein1	306.6	9.1	2.0568568
117	protein2	329.35	10.8	2.1064383500000003
117	protein3	277.65	9.25	2.2824862
117	r2	9.35	0.0	0.0
117	rnapol	0.7	0.0	0.0
118	__protein1_rbs	5.25	0.0	0.0
118	__protein2_rbs	5.85	0.0	0.0
118	__protein3_rbs	4.85	0.0	0.0
118	__ribosome	37.75	0.0	0.0
118	__rnase_site_ext	10.25	0.0	0.0
118	p0	0.9	0.0	0.0
118	p1	0.95	0.0	0.0
118	protein1	310.35	9.1	2.09225415
118	protein2	333.55	10.9	2.13889915
118	protein3	281.7	9.3	2.2817383
118	r2	9.5	0.0	0.0
118	rnapol	0.65	0.0	0.0
119	__protein1_rbs	4.9	0.0	0.0
119	__protein2_rbs	6.55	0.0	0.0
119	__protein3_rbs	5.05	0.0	0.0
119	__ribosome	36.65	0.0	0.0
119	__rnase_site_ext	10.25	0.0	0.0
119	p0	0.9	0.0	0.0
119	p1	0.9	0.0	0.0
119	protein1	313.75	9.15	2.1309675
119	protein2	337.85	11.0	2.12612605
119	protein3	285.7	9.45	2.2653355000000004
119	r2	9.55	0.0	0.0
119	rnapol	0.75	0.0	0.0
120	__protein1_rbs	5.1	0.0	0.0
120	__protein2_rbs	6.55	0.0	0.0
120	__protein3_rbs	5.25	0.0	0.0
120	__ribosome	37.1	0.0	0.0
120	__rnase_site_ext	10.25	0.0	0.0
120	p0	1.0	0.0	0.0
120	p1	0.9	0.0	0.0
120	protein1	317.6	9.2	2.0939970000000003
120	protein2	342.5	11.15	2.05989585
120	protein3	290.0	9.4	2.2786338499999994
120	r2	9.55	0.0	0.0
120	rnapol	0.8	0.0	0.0
121	__protein1_rbs	5.25	0.0	0.0
121	__protein2_rbs	5.45	0.0	0.0
121	__protein3_rbs	5.95	0.0	0.0
121	__ribosome	37.0	0.0	0.0
121	__rnase_site_ext	10.25	0.0	0.0
121	p0	0.95	0.0	0.0
121	p1	0.65	0.0	0.0
121	protein1	321.4	9.3	2.0719462
121	protein2	347.1	11.05	2.12921055
121	protein3	293.95	9.65	2.16558735
121	r2	9.85	0.0	0.0
121	rnapol	0.85	0.0	0.0
122	__protein1_rbs	4.85	0.0	0.0
122	__protein2_rbs	5.9	0.0	0.0
122	__protein3_rbs	5.1	0.0	0.0
122	__ribosome	35.25	0.0	0.0
122	__rnase_site_ext	10.2	0.0	0.0
122	p0	0.85	0.0	0.0
122	p1	0.7	0.0	0.0
122	protein1	325.3	9.2	2.1064971000000003
122	protein2	351.45	10.95	2.1969895
122	protein3	297.85	9.7	2.2501345500000003
122	r2	9.95	0.0	0.0
122	rnapol	0.95	0.0	0.0
123	__protein1_rbs	5.85	0.0	0.0
123	__protein2_rbs	7.15	0.0	0.0
123	__protein3_rbs	5.15	0.0	0.0
123	__ribosome	36.5	0.0	0.0
123	__rnase_site_ext	10.4	0.0	0.0
123	p0	0.75	0.0	0.0
123	p1	0.65	0.0	0.0
123	protein1	328.75	9.15	2.11636545
123	protein2	356.25	10.85	2.1075890999999998
123	protein3	302.05	9.7	2.29990135
123	r2	10.05	0.0	0.0
123	rnapol	0.65	0.0	0.0
124	__protein1_rbs	5.05	0.0	0.0
124	__protein2_rbs	6.45	0.0	0.0
124	__protein3_rbs	6.15	0.0	0.0
124	__ribosome	35.95	0.0	0.0
124	__rnase_site_ext	10.65	0.0	0.0
124	p0	0.9	0.0	0.0
124	p1	0.85	0.0	0.0
124	protein1	332.4	9.2	2.1531999
124	protein2	360.15	10.9	2.1283957999999994
124	protein3	306.15	9.95	2.22667045
124	r2	10.1	0.0	0.0
124	rnapol	0.55	0.0	0.0
125	__protein1_rbs	5.9	0.0	0.0
125	__protein2_rbs	6.4	0.0	0.0
125	__protein3_rbs	5.85	0.0	0.0
125	__ribosome	37.15	0.0	0.0
125	__rnase_site_ext	10.65	0.0	0.0
125	p0	0.9	0.0	0.0
125	p1	0.75	0.0	0.0
125	protein1	336.15	9.45	2.1052313999999996
125	protein2	365.3	11.2	2.0097482
125	protein3	311.05	10.05	2.1404806
125	r2	10.0	0.0	0.0
125	rnapol	0.55	0.0	0.0
126	__protein1_rbs	5.25	0.0	0.0
126	__protein2_rbs	6.35	0.0	0.0
126	__protein3_rbs	5.9	0.0	0.0
126	__ribosome	35.45	0.0	0.0
126	__rnase_site_ext	10.65	0.0	0.0
126	p0	0.85	0.0	0.0
126	p1	0.85	0.0	0.0
126	protein1	340.2	9.5	2.15561815
126	protein2	369.65	11.3	2.0578332500000003
126	protein3	314.5	10.05	2.21637035
126	r2	10.0	0.0	0.0
126	rnapol	0.55	0.0	0.0
127	__protein1_rbs	5.7	0.0	0.0
127	__protein2_rbs	6.25	0.0	0.0
127	__protein3_rbs	5.3	0.0	0.0
127	__ribosome	36.5	0.0	0.0
127	__rnase_site_ext	10.75	0.0	0.0
127	p0	0.85	0.0	0.0
127	p1	0.9	0.0	0.0
127	protein1	344.7	9.5	2.0701982
127	protein2	374.65	11.25	2.03788955
127	protein3	319.1	10.25	2.1875519
127	r2	9.95	0.0	0.0
127	rnapol	0.6	0.0	0.0
128	__protein1_rbs	5.0	0.0	0.0
128	__protein2_rbs	6.4	0.0	0.0
128	__protein3_rbs	6.4	0.0	0.0
128	__ribosome	35.15	0.0	0.0
128	__rnase_site_ext	10.8	0.0	0.0
128	p0	0.9	0.0	0.0
128	p1	0.9	0.0	0.0
128	protein1	347.95	9.55	2.16478625
128	protein2	378.5	11.3	2.12561945
128	protein3	323.4	10.25	2.1061787
128	r2	9.85	0.0	0.0
128	rnapol	0.6	0.0	0.0
129	__protein1_rbs	5.9	0.0	0.0
129	__protein2_rbs	6.75	0.0	0.0
129	__protein3_rbs	5.9	0.0	0.0
129	__ribosome	34.9	0.0	0.0
129	__rnase_site_ext	10.65	0.0	0.0
129	p0	1.0	0.0	0.0
129	p1	0.75	0.0	0.0
129	protein1	351.8	9.7	2.0752978
129	protein2	382.65	11.3	2.1627104999999998
129	protein3	327.25	10.2	2.1465357000000003
129	r2	10.05	0.0	0.0
129	rnapol	0.9	0.0	0.0
130	__protein1_rbs	6.1	0.0	0.0
130	__protein2_rbs	7.5	0.0	0.0
130	__protein3_rbs	5.9	0.0	0.0
130	__ribosome	36.0	0.0	0.0
130	__rnase_site_ext	10.6	0.0	0.0
130	p0	0.95	0.0	0.0
130	p1	0.55	0.0	0.0
130	protein1	355.4	9.6	2.0375599499999995
130	protein2	387.0	11.15	2.1645101
130	protein3	332.05	10.15	2.0934863999999997
130	r2	10.25	0.0	0.0
130	rnapol	1.0	0.0	0.0
131	__protein1_rbs	5.9	0.0	0.0
131	__protein2_rbs	6.75	0.0	0.0
131	__protein3_rbs	5.95	0.0	0.0
131	__ribosome	36.3	0.0	0.0
131	__rnase_site_ext	10.6	0.0	0.0
131	p0	0.8	0.0	0.0
131	p1	0.7	0.0	0.0
131	protein1	359.6	9.5	2.0452121999999995
131	protein2	391.6	11.1	2.1551470000000004
131	protein3	336.1	10.05	2.118836
131	r2	10.4	0.0	0.0
131	rnapol	1.05	0.0	0.0
132	__protein1_rbs	6.0	0.0	0.0
132	__protein2_rbs	6.2	0.0	0.0
132	__protein3_rbs	5.35	0.0	0.0
132	__ribosome	35.95	0.0	0.0
132	__rnase_site_ext	10.7	0.0	0.0
132	p0	0.9	0.0	0.0
132	p1	0.75	0.0	0.0
132	protein1	363.1	9.5	2.07478185
132	protein2	396.95	11.05	2.1276697500000004
132	protein3	340.15	10.2	2.18647625
132	r2	10.35	0.0	0.0
132	rnapol	1.0	0.0	0.0
133	__protein1_rbs	5.0	0.0	0.0
133	__protein2_rbs	7.05	0.0	0.0
133	__protein3_rbs	6.2	0.0	0.0
133	__ribosome	36.6	0.0	0.0
133	__rnase_site_ext	10.95	0.0	0.0
133	p0	0.95	0.0	0.0
133	p1	0.8	0.0	0.0
133	protein1	367.15	9.6	2.08203465
133	protein2	401.9	11.3	2.01234875
133	protein3	344.4	10.3	2.1468737999999994
133	r2	10.2	0.0	0.0
133	rnapol	0.9	0.0	0.0
134	__protein1_rbs	5.9	0.0	0.0
134	__protein2_rbs	6.25	0.0	0.0
134	__protein3_rbs	6.5	0.0	0.0
134	__ribosome	36.55	0.0	0.0
134	__rnase_site_ext	10.95	0.0	0.0
134	p0	0.95	0.0	0.0
134	p1	0.7	0.0	0.0
134	protein1	371.3	9.8	2.0124874
134	protein2	406.3	11.4	2.08779985
134	protein3	348.7	10.5	2.0503913
134	r2	10.15	0.0	0.0
134	rnapol	0.95	0.0	0.0
135	__protein1_rbs	5.85	0.0	0.0
135	__protein2_rbs	6.55	0.0	0.0
135	__protein3_rbs	6.15	0.0	0.0
135	__ribosome	35.95	0.0	0.0
135	__rnase_site_ext	10.8	0.0	0.0
135	p0	0.95	0.0	0.0
135	p1	0.85	0.0	0.0
135	protein1	375.1	9.75	2.05876805
135	protein2	410.55	11.35	2.08885285
135	protein3	353.0	10.55	2.0365592500000003
135	r2	10.2	0.0	0.0
135	rnapol	0.95	0.0	0.0
136	__protein1_rbs	5.75	0.0	0.0
136	__protein2_rbs	6.7	0.0	0.0
136	__protein3_rbs	6.6	0.0	0.0
136	__ribosome	35.35	0.0	0.0
136	__rnase_site_ext	10.85	0.0	0.0
136	p0	0.9	0.0	0.0
136	p1	0.9	0.0	0.0
136	protein1	378.55	9.65	2.10702195
136	protein2	415.05	11.35	2.1362470500000006
136	protein3	357.25	10.65	2.0246188000000003
136	r2	10.1	0.0	0.0
136	rnapol	0.85	0.0	0.0
137	__protein1_rbs	5.9	0.0	0.0
137	__protein2_rbs	6.45	0.0	0.0
137	__protein3_rbs	6.5	0.0	0.0
137	__ribosome	35.95	0.0	0.0
137	__rnase_site_ext	10.9	0.0	0.0
137	p0	0.9	0.0	0.0
137	p1	1.0	0.0	0.0
137	protein1	382.0	9.75	2.12547265
137	protein2	420.25	11.4	2.0540755499999994
137	protein3	361.6	10.5	2.0013078499999994
137	r2	10.15	0.0	0.0
137	rnapol	0.95	0.0	0.0
138	__protein1_rbs	5.75	0.0	0.0
138	__protein2_rbs	6.2	0.0	0.0
138	__protein3_rbs	5.65	0.0	0.0
138	__ribosome	34.5	0.0	0.0
138	__rnase_site_ext	11.15	0.0	0.0
138	p0	0.9	0.0	0.0
138	p1	0.75	0.0	0.0
138	protein1	386.4	9.75	2.08342355
138	protein2	424.45	11.55	2.1054094
138	protein3	365.55	10.35	2.1232701999999994
138	r2	10.3	0.0	0.0
138	rnapol	0.85	0.0	0.0
139	__protein1_rbs	5.45	0.0	0.0
139	__protein2_rbs	6.55	0.0	0.0
139	__protein3_rbs	6.65	0.0	0.0
139	__ribosome	35.05	0.0	0.0
139	__rnase_site_ext	11.2	0.0	0.0
139	p0	0.85	0.0	0.0
139	p1	0.65	0.0	0.0
139	protein1	390.75	9.9	2.08782685
139	protein2	429.15	11.45	2.1442518500000003
139	protein3	369.55	10.25	2.0978212000000003
139	r2	10.4	0.0	0.0
139	rnapol	1.0	0.0	0.0
140	__protein1_rbs	6.1	0.0	0.0
140	__protein2_rbs	6.65	0.0	0.0
140	__protein3_rbs	5.85	0.0	0.0
140	__ribosome	34.6	0.0	0.0
140	__rnase_site_ext	11.3	0.0	0.0
140	p0	0.9	0.0	0.0
140	p1	0.75	0.0	0.0
140	protein1	394.7	9.95	2.0537260500000003
140	protein2	433.45	11.45	2.1799646000000004
140	protein3	374.15	10.4	2.0480916000000002
140	r2	10.3	0.0	0.0
140	rnapol	1.0	0.0	0.0
141	__protein1_rbs	6.1	0.0	0.0
141	__protein2_rbs	6.75	0.0	0.0
141	__protein3_rbs	5.85	0.0	0.0
141	__ribosome	33.6	0.0	0.0
141	__rnase_site_ext	11.25	0.0	0.0
141	p0	0.85	0.0	0.0
141	p1	0.9	0.0	0.0
141	protein1	398.25	10.05	2.0758949499999995
141	protein2	438.2	11.6	2.1332793
141	protein3	378.05	10.4	2.09421755
141	r2	10.4	0.0	0.0
141	rnapol	1.0	0.0	0.0
142	__protein1_rbs	6.25	0.0	0.0
142	__protein2_rbs	7.2	0.0	0.0
142	__protein3_rbs	6.35	0.0	0.0
142	__ribosome	33.8	0.0	0.0
142	__rnase_site_ext	11.35	0.0	0.0
142	p0	0.85	0.0	0.0
142	p1	0.95	0.0	0.0
142	protein1	402.0	10.05	2.0837300500000007
142	protein2	443.0	11.75	2.09999995
142	protein3	382.2	10.55	2.0877215000000002
142	r2	10.5	0.0	0.0
142	rnapol	0.95	0.0	0.0
143	__protein1_rbs	6.5	0.0	0.0
143	__protein2_rbs	6.65	0.0	0.0
143	__protein3_rbs	6.0	0.0	0.0
143	__ribosome	34.15	0.0	0.0
143	__rnase_site_ext	11.3	0.0	0.0
143	p0	0.9	0.0	0.0
143	p1	0.8	0.0	0.0
143	protein1	406.25	10.05	2.0276982
143	protein2	448.05	11.65	2.1329995999999998
143	protein3	386.6	10.55	2.122403
143	r2	10.65	0.0	0.0
143	rnapol	1.0	0.0	0.0
144	__protein1_rbs	5.6	0.0	0.0
144	__protein2_rbs	7.2	0.0	0.0
144	__protein3_rbs	6.1	0.0	0.0
144	__ribosome	33.45	0.0	0.0
144	__rnase_site_ext	11.3	0.0	0.0
144	p0	0.9	0.0	0.0
144	p1	0.7	0.0	0.0
144	protein1	410.25	10.1	2.02594075
144	protein2	452.5	11.5	2.1657552000000004
144	protein3	390.45	10.65	2.1740955
144	r2	10.5	0.0	0.0
144	rnapol	0.9	0.0	0.0
145	__protein1_rbs	5.75	0.0	0.0
145	__protein2_rbs	7.15	0.0	0.0
145	__protein3_rbs	6.2	0.0	0.0
145	__ribosome	34.1	0.0	0.0
145	__rnase_site_ext	11.4	0.0	0.0
145	p0	0.8	0.0	0.0
145	p1	0.7	0.0	0.0
145	protein1	414.6	10.1	2.0095778500000003
145	protein2	457.35	11.55	2.1163056000000005
145	protein3	394.8	10.6	2.18087535
145	r2	10.5	0.0	0.0
145	rnapol	0.75	0.0	0.0
146	__protein1_rbs	5.5	0.0	0.0
146	__protein2_rbs	7.0	0.0	0.0
146	__protein3_rbs	6.55	0.0	0.0
146	__ribosome	34.8	0.0	0.0
146	__rnase_site_ext	11.4	0.0	0.0
146	p0	0.85	0.0	0.0
146	p1	0.85	0.0	0.0
146	protein1	418.6	10.05	2.0367844
146	protein2	462.3	11.7	2.0913953500000004
146	protein3	399.75	10.75	2.0839905999999995
146	r2	10.6	0.0	0.0
146	rnapol	0.8	0.0	0.0
147	__protein1_rbs	6.4	0.0	0.0
147	__protein2_rbs	6.1	0.0	0.0
147	__protein3_rbs	5.75	0.0	0.0
147	__ribosome	32.95	0.0	0.0
147	__rnase_site_ext	11.45	0.0	0.0
147	p0	0.95	0.0	0.0
147	p1	0.7	0.0	0.0
147	protein1	422.05	10.2	2.0226546999999995
147	protein2	466.7	11.9	2.14514875
147	protein3	404.05	10.8	2.08762915
147	r2	10.6	0.0	0.0
147	rnapol	0.85	0.0	0.0
148	__protein1_rbs	6.15	0.0	0.0
148	__protein2_rbs	6.75	0.0	0.0
148	__protein3_rbs	7.15	0.0	0.0
148	__ribosome	33.3	0.0	0.0
148	__rnase_site_ext	11.4	0.0	0.0
148	p0	0.85	0.0	0.0
148	p1	0.7	0.0	0.0
148	protein1	426.0	10.25	2.04508545
148	protein2	471.55	11.85	2.1234284000000003
148	protein3	408.1	10.8	2.04696515
148	r2	10.55	0.0	0.0
148	rnapol	0.8	0.0	0.0
149	__protein1_rbs	6.6	0.0	0.0
149	__protein2_rbs	6.85	0.0	0.0
149	__protein3_rbs	6.5	0.0	0.0
149	__ribosome	33.65	0.0	0.0
149	__rnase_site_ext	11.35	0.0	0.0
149	p0	1.0	0.0	0.0
149	p1	0.9	0.0	0.0
149	protein1	430.0	10.15	1.9721748
149	protein2	476.2	11.7	2.1521031
149	protein3	412.65	10.8	2.0720804
149	r2	10.5	0.0	0.0
149	rnapol	1.0	0.0	0.0
150	__protein1_rbs	6.5	0.0	0.0
150	__protein2_rbs	7.55	0.0	0.0
150	__protein3_rbs	6.55	0.0	0.0
150	__ribosome	33.95	0.0	0.0
150	__rnase_site_ext	11.65	0.0	0.0
150	p0	0.7	0.0	0.0
150	p1	0.7	0.0	0.0
150	protein1	434.1	10.1	1.96600725
150	protein2	480.5	11.9	2.11569625
150	protein3	417.05	10.85	2.0633603499999995
150	r2	10.45	0.0	0.0
150	rnapol	0.7	0.0	0.0
151	__protein1_rbs	6.0	0.0	0.0
151	__protein2_rbs	6.75	0.0	0.0
151	__protein3_rbs	6.35	0.0	0.0
151	__ribosome	33.45	0.0	0.0
151	__rnase_site_ext	11.65	0.0	0.0
151	p0	0.95	0.0	0.0
151	p1	0.6	0.0	0.0
151	protein1	437.9	10.2	1.9777929
151	protein2	485.45	11.85	2.1373124
151	protein3	421.4	10.7	2.1069128000000004
151	r2	10.5	0.0	0.0
151	rnapol	0.8	0.0	0.0
152	__protein1_rbs	5.95	0.0	0.0
152	__protein2_rbs	7.35	0.0	0.0
152	__protein3_rbs	6.2	0.0	0.0
152	__ribosome	34.45	0.0	0.0
152	__rnase_site_ext	11.75	0.0	0.0
152	p0	0.9	0.0	0.0
152	p1	0.75	0.0	0.0
152	protein1	442.35	10.3	1.9503791
152	protein2	491.05	11.9	2.0266541000000005
152	protein3	425.8	10.6	2.14206975
152	r2	10.65	0.0	0.0
152	rnapol	0.75	0.0	0.0
153	__protein1_rbs	6.2	0.0	0.0
153	__protein2_rbs	6.7	0.0	0.0
153	__protein3_rbs	6.5	0.0	0.0
153	__ribosome	33.7	0.0	0.0
153	__rnase_site_ext	11.75	0.0	0.0
153	p0	0.9	0.0	0.0
153	p1	0.85	0.0	0.0
153	protein1	446.1	10.25	1.9847927
153	protein2	495.9	12.0	2.06233675
153	protein3	429.9	10.7	2.1022888500000003
153	r2	10.7	0.0	0.0
153	rnapol	0.75	0.0	0.0
154	__protein1_rbs	6.45	0.0	0.0
154	__protein2_rbs	7.6	0.0	0.0
154	__protein3_rbs	5.85	0.0	0.0
154	__ribosome	32.9	0.0	0.0
154	__rnase_site_ext	11.8	0.0	0.0
154	p0	0.85	0.0	0.0
154	p1	0.75	0.0	0.0
154	protein1	449.7	10.35	2.0166944
154	protein2	500.5	12.2	2.0298328000000003
154	protein3	434.4	10.7	2.16041795
154	r2	10.55	0.0	0.0
154	rnapol	0.7	0.0	0.0
155	__protein1_rbs	6.3	0.0	0.0
155	__protein2_rbs	7.25	0.0	0.0
155	__protein3_rbs	6.7	0.0	0.0
155	__ribosome	33.3	0.0	0.0
155	__rnase_site_ext	12.05	0.0	0.0
155	p0	0.8	0.0	0.0
155	p1	0.9	0.0	0.0
155	protein1	453.95	10.35	1.9856188500000005
155	protein2	505.0	12.4	2.01483665
155	protein3	438.85	10.75	2.1119452999999995
155	r2	10.8	0.0	0.0
155	rnapol	0.7	0.0	0.0
156	__protein1_rbs	7.0	0.0	0.0
156	__protein2_rbs	7.85	0.0	0.0
156	__protein3_rbs	6.85	0.0	0.0
156	__ribosome	33.8	0.0	0.0
156	__rnase_site_ext	11.9	0.0	0.0
156	p0	0.95	0.0	0.0
156	p1	0.75	0.0	0.0
156	protein1	457.35	10.5	1.98614805
156	protein2	509.95	12.5	1.9673123999999995
156	protein3	443.05	10.9	2.0302092000000003
156	r2	10.8	0.0	0.0
156	rnapol	0.7	0.0	0.0
157	__protein1_rbs	6.25	0.0	0.0
157	__protein2_rbs	7.35	0.0	0.0
157	__protein3_rbs	6.4	0.0	0.0
157	__ribosome	32.9	0.0	0.0
157	__rnase_site_ext	12.0	0.0	0.0
157	p0	0.9	0.0	0.0
157	p1	0.65	0.0	0.0
157	protein1	461.45	10.45	2.02575965
157	protein2	514.45	12.65	2.0134677
157	protein3	447.4	10.7	2.05157205
157	r2	10.8	0.0	0.0
157	rnapol	0.65	0.0	0.0
158	__protein1_rbs	6.0	0.0	0.0
158	__protein2_rbs	7.25	0.0	0.0
158	__protein3_rbs	6.4	0.0	0.0
158	__ribosome	33.0	0.0	0.0
158	__rnase_site_ext	12.05	0.0	0.0
158	p0	0.9	0.0	0.0
158	p1	0.7	0.0	0.0
158	protein1	466.25	10.45	2.00316425
158	protein2	520.1	12.5	1.99279495
158	protein3	451.45	10.95	2.0444561
158	r2	11.0	0.0	0.0
158	rnapol	0.7	0.0	0.0
159	__protein1_rbs	6.35	0.0	0.0
159	__protein2_rbs	7.2	0.0	0.0
159	__protein3_rbs	6.3	0.0	0.0
159	__ribosome	33.0	0.0	0.0
159	__rnase_site_ext	11.9	0.0	0.0
159	p0	1.0	0.0	0.0
159	p1	0.8	0.0	0.0
159	protein1	470.45	10.55	1.97905595
159	protein2	524.5	12.5	2.0233320500000005
159	protein3	456.45	10.9	2.01427895
159	r2	11.15	0.0	0.0
159	rnapol	0.75	0.0	0.0
160	__protein1_rbs	7.0	0.0	0.0
160	__protein2_rbs	8.25	0.0	0.0
160	__protein3_rbs	6.05	0.0	0.0
160	__ribosome	33.1	0.0	0.0
160	__rnase_site_ext	11.8	0.0	0.0
160	p0	0.95	0.0	0.0
160	p1	0.8	0.0	0.0
160	protein1	474.0	10.45	1.9798824499999996
160	protein2	529.35	12.55	1.99901155
160	protein3	460.6	10.85	2.06036215
160	r2	11.2	0.0	0.0
160	rnapol	0.8	0.0	0.0
161	__protein1_rbs	6.4	0.0	0.0
161	__protein2_rbs	7.75	0.0	0.0
161	__protein3_rbs	6.15	0.0	0.0
161	__ribosome	31.8	0.0	0.0
161	__rnase_site_ext	11.9	0.0	0.0
161	p0	0.85	0.0	0.0
161	p1	0.8	0.0	0.0
161	protein1	477.65	10.45	2.0233636000000006
161	protein2	534.2	12.65	1.9540428
161	protein3	464.55	11.15	2.0989189999999995
161	r2	11.2	0.0	0.0
161	rnapol	0.85	0.0	0.0
162	__protein1_rbs	6.25	0.0	0.0
162	__protein2_rbs	7.95	0.0	0.0
162	__protein3_rbs	6.8	0.0	0.0
162	__ribosome	31.6	0.0	0.0
162	__rnase_site_ext	11.9	0.0	0.0
162	p0	1.0	0.0	0.0
162	p1	0.75	0.0	0.0
162	protein1	481.8	10.3	2.0621951000000003
162	protein2	539.0	12.7	1.9252417
162	protein3	468.85	11.3	2.09882295
162	r2	11.25	0.0	0.0
162	rnapol	0.85	0.0	0.0
163	__protein1_rbs	6.05	0.0	0.0
163	__protein2_rbs	7.4	0.0	0.0
163	__protein3_rbs	6.95	0.0	0.0
163	__ribosome	32.5	0.0	0.0
163	__rnase_site_ext	11.75	0.0	0.0
163	p0	0.95	0.0	0.0
163	p1	0.75	0.0	0.0
163	protein1	486.6	10.35	1.9692360500000003
163	protein2	544.1	12.6	1.94010615
163	protein3	473.1	11.45	2.05523875
163	r2	11.15	0.0	0.0
163	rnapol	0.8	0.0	0.0
164	__protein1_rbs	6.2	0.0	0.0
164	__protein2_rbs	8.05	0.0	0.0
164	__protein3_rbs	7.5	0.0	0.0
164	__ribosome	33.55	0.0	0.0
164	__rnase_site_ext	11.85	0.0	0.0
164	p0	0.85	0.0	0.0
164	p1	0.85	0.0	0.0
164	protein1	491.05	10.2	1.9651073
164	protein2	549.4	12.75	1.8956833999999998
164	protein3	477.45	11.35	2.0623230999999995
164	r2	11.05	0.0	0.0
164	rnapol	0.9	0.0	0.0
165	__protein1_rbs	6.35	0.0	0.0
165	__protein2_rbs	7.4	0.0	0.0
165	__protein3_rbs	6.3	0.0	0.0
165	__ribosome	31.4	0.0	0.0
165	__rnase_site_ext	11.8	0.0	0.0
165	p0	0.85	0.0	0.0
165	p1	0.85	0.0	0.0
165	protein1	494.35	10.2	2.05187495
165	protein2	553.8	12.9	1.9775533
165	protein3	482.3	11.4	2.08108045
165	r2	11.1	0.0	0.0
165	rnapol	0.8	0.0	0.0
166	__protein1_rbs	5.95	0.0	0.0
166	__protein2_rbs	7.8	0.0	0.0
166	__protein3_rbs	6.6	0.0	0.0
166	__ribosome	31.65	0.0	0.0
166	__rnase_site_ext	11.9	0.0	0.0
166	p0	0.9	0.0	0.0
166	p1	0.9	0.0	0.0
166	protein1	498.3	10.25	2.0499857
166	protein2	558.2	12.9	2.019804099999999
166	protein3	487.45	11.35	2.01522085
166	r2	11.3	0.0	0.0
166	rnapol	0.75	0.0	0.0
167	__protein1_rbs	6.0	0.0	0.0
167	__protein2_rbs	7.7	0.0	0.0
167	__protein3_rbs	7.5	0.0	0.0
167	__ribosome	32.0	0.0	0.0
167	__rnase_site_ext	11.95	0.0	0.0
167	p0	0.9	0.0	0.0
167	p1	0.85	0.0	0.0
167	protein1	502.35	10.35	2.0237117
167	protein2	563.0	12.9	2.03562795
167	protein3	491.8	11.25	1.9727177
167	r2	11.4	0.0	0.0
167	rnapol	0.9	0.0	0.0
168	__protein1_rbs	6.35	0.0	0.0
168	__protein2_rbs	8.0	0.0	0.0
168	__protein3_rbs	6.9	0.0	0.0
168	__ribosome	32.85	0.0	0.0
168	__rnase_site_ext	12.15	0.0	0.0
168	p0	0.8	0.0	0.0
168	p1	0.75	0.0	0.0
168	protein1	506.65	10.45	1.9818613999999999
168	protein2	568.25	12.7	2.0059723999999997
168	protein3	496.0	11.35	1.9561361
168	r2	11.5	0.0	0.0
168	rnapol	0.9	0.0	0.0
169	__protein1_rbs	6.15	0.0	0.0
169	__protein2_rbs	7.2	0.0	0.0
169	__protein3_rbs	7.0	0.0	0.0
169	__ribosome	32.55	0.0	0.0
169	__rnase_site_ext	12.05	0.0	0.0
169	p0	0.9	0.0	0.0
169	p1	0.75	0.0	0.0
169	protein1	510.8	10.45	1.9734606
169	protein2	573.25	12.65	2.0469386000000003
169	protein3	500.5	11.4	1.95106245
169	r2	11.55	0.0	0.0
169	rnapol	0.95	0.0	0.0
170	__protein1_rbs	6.2	0.0	0.0
170	__protein2_rbs	7.7	0.0	0.0
170	__protein3_rbs	7.1	0.0	0.0
170	__ribosome	33.25	0.0	0.0
170	__rnase_site_ext	12.2	0.0	0.0
170	p0	0.85	0.0	0.0
170	p1	0.9	0.0	0.0
170	protein1	514.7	10.5	2.04506945
170	protein2	578.5	12.7	1.9994396999999997
170	protein3	505.5	11.45	1.8621456000000003
170	r2	11.45	0.0	0.0
170	rnapol	0.95	0.0	0.0
171	__protein1_rbs	6.75	0.0	0.0
171	__protein2_rbs	7.75	0.0	0.0
171	__protein3_rbs	7.1	0.0	0.0
171	__ribosome	32.4	0.0	0.0
171	__rnase_site_ext	12.35	0.0	0.0
171	p0	0.95	0.0	0.0
171	p1	0.75	0.0	0.0
171	protein1	518.45	10.65	2.0190289000000003
171	protein2	583.2	12.8	1.99674515
171	protein3	509.4	11.6	1.8969723
171	r2	11.45	0.0	0.0
171	rnapol	1.05	0.0	0.0
172	__protein1_rbs	6.25	0.0	0.0
172	__protein2_rbs	7.3	0.0	0.0
172	__protein3_rbs	7.05	0.0	0.0
172	__ribosome	30.35	0.0	0.0
172	__rnase_site_ext	12.5	0.0	0.0
172	p0	0.9	0.0	0.0
172	p1	0.65	0.0	0.0
172	protein1	522.45	10.8	2.0467311999999995
172	protein2	588.0	12.8	2.06722625
172	protein3	513.45	11.8	1.9185871
172	r2	11.4	0.0	0.0
172	rnapol	0.95	0.0	0.0
173	__protein1_rbs	6.7	0.0	0.0
173	__protein2_rbs	8.15	0.0	0.0
173	__protein3_rbs	6.85	0.0	0.0
173	__ribosome	29.4	0.0	0.0
173	__rnase_site_ext	12.6	0.0	0.0
173	p0	0.9	0.0	0.0
173	p1	0.75	0.0	0.0
173	protein1	526.4	10.95	2.03962455
173	protein2	593.0	12.8	2.05167025
173	protein3	517.5	11.8	2.0049466
173	r2	11.5	0.0	0.0
173	rnapol	0.9	0.0	0.0
174	__protein1_rbs	6.3	0.0	0.0
174	__protein2_rbs	8.2	0.0	0.0
174	__protein3_rbs	7.65	0.0	0.0
174	__ribosome	30.35	0.0	0.0
174	__rnase_site_ext	12.55	0.0	0.0
174	p0	0.95	0.0	0.0
174	p1	0.85	0.0	0.0
174	protein1	530.75	11.0	2.0535662
174	protein2	598.35	12.8	2.00749095
174	protein3	522.15	11.6	1.9510469
174	r2	11.45	0.0	0.0
174	rnapol	1.0	0.0	0.0
175	__protein1_rbs	7.15	0.0	0.0
175	__protein2_rbs	7.55	0.0	0.0
175	__protein3_rbs	7.0	0.0	0.0
175	__ribosome	30.4	0.0	0.0
175	__rnase_site_ext	12.4	0.0	0.0
175	p0	0.9	0.0	0.0
175	p1	0.8	0.0	0.0
175	protein1	535.15	11.1	1.96933295
175	protein2	603.05	12.95	2.02771295
175	protein3	526.7	11.6	1.9498087500000003
175	r2	11.55	0.0	0.0
175	rnapol	1.0	0.0	0.0
176	__protein1_rbs	6.75	0.0	0.0
176	__protein2_rbs	8.0	0.0	0.0
176	__protein3_rbs	7.65	0.0	0.0
176	__ribosome	31.15	0.0	0.0
176	__rnase_site_ext	12.2	0.0	0.0
176	p0	0.85	0.0	0.0
176	p1	0.75	0.0	0.0
176	protein1	539.7	10.95	1.96885265
176	protein2	608.2	12.95	2.00317125
176	protein3	530.7	11.55	1.9468744
176	r2	11.55	0.0	0.0
176	rnapol	1.0	0.0	0.0
177	__protein1_rbs	6.55	0.0	0.0
177	__protein2_rbs	7.85	0.0	0.0
177	__protein3_rbs	7.75	0.0	0.0
177	__ribosome	32.55	0.0	0.0
177	__rnase_site_ext	12.0	0.0	0.0
177	p0	0.9	0.0	0.0
177	p1	0.65	0.0	0.0
177	protein1	543.6	10.85	2.0460481
177	protein2	613.45	13.0	1.96651105
177	protein3	535.85	11.5	1.8303505
177	r2	11.6	0.0	0.0
177	rnapol	0.95	0.0	0.0
178	__protein1_rbs	6.35	0.0	0.0
178	__protein2_rbs	7.4	0.0	0.0
178	__protein3_rbs	7.0	0.0	0.0
178	__ribosome	32.0	0.0	0.0
178	__rnase_site_ext	11.95	0.0	0.0
178	p0	0.85	0.0	0.0
178	p1	0.7	0.0	0.0
178	protein1	548.05	10.5	2.0662869500000003
178	protein2	618.75	13.0	2.01167335
178	protein3	539.8	11.6	1.86747745
178	r2	11.4	0.0	0.0
178	rnapol	0.95	0.0	0.0
179	__protein1_rbs	5.9	0.0	0.0
179	__protein2_rbs	7.85	0.0	0.0
179	__protein3_rbs	7.35	0.0	0.0
179	__ribosome	31.3	0.0	0.0
179	__rnase_site_ext	11.95	0.0	0.0
179	p0	0.85	0.0	0.0
179	p1	0.75	0.0	0.0
179	protein1	552.65	10.45	2.08300285
179	protein2	623.2	12.95	2.07186525
179	protein3	544.3	11.8	1.84778865
179	r2	11.4	0.0	0.0
179	rnapol	0.9	0.0	0.0
180	__protein1_rbs	6.6	0.0	0.0
180	__protein2_rbs	7.1	0.0	0.0
180	__protein3_rbs	6.8	0.0	0.0
180	__ribosome	31.1	0.0	0.0
180	__rnase_site_ext	11.8	0.0	0.0
180	p0	0.95	0.0	0.0
180	p1	0.75	0.0	0.0
180	protein1	556.9	10.55	1.9737564000000003
180	protein2	628.6	13.0	2.0898419500000003
180	protein3	548.65	11.75	1.90418955
180	r2	11.45	0.0	0.0
180	rnapol	0.9	0.0	0.0
181	__protein1_rbs	5.95	0.0	0.0
181	__protein2_rbs	8.15	0.0	0.0
181	__protein3_rbs	7.4	0.0	0.0
181	__ribosome	30.8	0.0	0.0
181	__rnase_site_ext	11.95	0.0	0.0
181	p0	0.95	0.0	0.0
181	p1	0.75	0.0	0.0
181	protein1	561.0	10.3	2.05207555
181	protein2	633.35	12.85	2.0896463
181	protein3	552.5	11.6	1.95135835
181	r2	11.5	0.0	0.0
181	rnapol	0.85	0.0	0.0
182	__protein1_rbs	6.25	0.0	0.0
182	__protein2_rbs	7.95	0.0	0.0
182	__protein3_rbs	7.65	0.0	0.0
182	__ribosome	32.0	0.0	0.0
182	__rnase_site_ext	11.9	0.0	0.0
182	p0	0.9	0.0	0.0
182	p1	0.8	0.0	0.0
182	protein1	565.25	10.35	1.99100345
182	protein2	638.75	12.9	2.0493035
182	protein3	556.8	11.75	1.9135403000000002
182	r2	11.5	0.0	0.0
182	rnapol	0.75	0.0	0.0
183	__protein1_rbs	6.0	0.0	0.0
183	__protein2_rbs	8.4	0.0	0.0
183	__protein3_rbs	6.95	0.0	0.0
183	__ribosome	31.95	0.0	0.0
183	__rnase_site_ext	11.9	0.0	0.0
183	p0	1.0	0.0	0.0
183	p1	0.85	0.0	0.0
183	protein1	569.3	10.45	2.0238425
183	protein2	644.0	12.95	1.99628835
183	protein3	560.95	11.7	1.9321441000000004
183	r2	11.45	0.0	0.0
183	rnapol	0.8	0.0	0.0
184	__protein1_rbs	6.65	0.0	0.0
184	__protein2_rbs	7.6	0.0	0.0
184	__protein3_rbs	6.95	0.0	0.0
184	__ribosome	31.2	0.0	0.0
184	__rnase_site_ext	11.9	0.0	0.0
184	p0	0.85	0.0	0.0
184	p1	0.7	0.0	0.0
184	protein1	573.35	10.35	2.0004987
184	protein2	648.75	13.0	2.0118492
184	protein3	565.3	11.8	1.9660678000000005
184	r2	11.55	0.0	0.0
184	rnapol	0.7	0.0	0.0
185	__protein1_rbs	6.0	0.0	0.0
185	__protein2_rbs	8.4	0.0	0.0
185	__protein3_rbs	7.1	0.0	0.0
185	__ribosome	32.3	0.0	0.0
185	__rnase_site_ext	12.0	0.0	0.0
185	p0	0.85	0.0	0.0
185	p1	0.7	0.0	0.0
185	protein1	577.25	10.25	2.057698750000001
185	protein2	654.65	13.05	1.9091223000000002
185	protein3	569.9	11.7	1.9576610000000003
185	r2	11.6	0.0	0.0
185	rnapol	0.65	0.0	0.0
186	__protein1_rbs	6.25	0.0	0.0
186	__protein2_rbs	8.0	0.0	0.0
186	__protein3_rbs	7.0	0.0	0.0
186	__ribosome	31.35	0.0	0.0
186	__rnase_site_ext	11.95	0.0	0.0
186	p0	0.9	0.0	0.0
186	p1	0.85	0.0	0.0
186	protein1	581.5	10.25	2.0479238000000004
186	protein2	659.45	13.1	1.9428256
186	protein3	574.25	11.7	2.01308635
186	r2	11.55	0.0	0.0
186	rnapol	0.7	0.0	0.0
187	__protein1_rbs	6.05	0.0	0.0
187	__protein2_rbs	8.25	0.0	0.0
187	__protein3_rbs	7.75	0.0	0.0
187	__ribosome	31.85	0.0	0.0
187	__rnase_site_ext	12.05	0.0	0.0
187	p0	0.9	0.0	0.0
187	p1	0.8	0.0	0.0
187	protein1	585.7	10.35	2.04448345
187	protein2	664.55	13.2	1.9081407
187	protein3	578.7	11.85	1.94650535
187	r2	11.65	0.0	0.0
187	rnapol	0.7	0.0	0.0
188	__protein1_rbs	6.35	0.0	0.0
188	__protein2_rbs	8.2	0.0	0.0
188	__protein3_rbs	6.8	0.0	0.0
188	__ribosome	30.85	0.0	0.0
188	__rnase_site_ext	11.95	0.0	0.0
188	p0	0.85	0.0	0.0
188	p1	0.85	0.0	0.0
188	protein1	589.85	10.35	2.0053935000000003
188	protein2	669.35	13.3	1.9251335500000004
188	protein3	582.75	11.75	2.05424125
188	r2	11.8	0.0	0.0
188	rnapol	0.7	0.0	0.0
189	__protein1_rbs	6.4	0.0	0.0
189	__protein2_rbs	7.4	0.0	0.0
189	__protein3_rbs	7.3	0.0	0.0
189	__ribosome	30.5	0.0	0.0
189	__rnase_site_ext	12.05	0.0	0.0
189	p0	1.0	0.0	0.0
189	p1	0.85	0.0	0.0
189	protein1	593.65	10.3	2.0099772499999995
189	protein2	674.15	13.45	1.95176895
189	protein3	587.4	11.75	2.03184835
189	r2	11.55	0.0	0.0
189	rnapol	0.8	0.0	0.0
190	__protein1_rbs	6.4	0.0	0.0
190	__protein2_rbs	8.85	0.0	0.0
190	__protein3_rbs	7.5	0.0	0.0
190	__ribosome	32.05	0.0	0.0
190	__rnase_site_ext	11.9	0.0	0.0
190	p0	0.9	0.0	0.0
190	p1	0.8	0.0	0.0
190	protein1	597.9	10.45	1.9497402
190	protein2	679.45	13.55	1.90257685
190	protein3	592.35	11.75	1.9540011999999998
190	r2	11.5	0.0	0.0
190	rnapol	0.95	0.0	0.0
191	__protein1_rbs	6.65	0.0	0.0
191	__protein2_rbs	8.25	0.0	0.0
191	__protein3_rbs	7.25	0.0	0.0
191	__ribosome	31.6	0.0	0.0
191	__rnase_site_ext	12.15	0.0	0.0
191	p0	0.95	0.0	0.0
191	p1	0.65	0.0	0.0
191	protein1	602.15	10.35	1.9204253
191	protein2	684.0	13.55	1.9745205000000001
191	protein3	596.7	11.85	1.92303085
191	r2	11.3	0.0	0.0
191	rnapol	0.75	0.0	0.0
192	__protein1_rbs	7.05	0.0	0.0
192	__protein2_rbs	8.2	0.0	0.0
192	__protein3_rbs	6.9	0.0	0.0
192	__ribosome	30.95	0.0	0.0
192	__rnase_site_ext	12.15	0.0	0.0
192	p0	0.9	0.0	0.0
192	p1	0.75	0.0	0.0
192	protein1	605.8	10.45	1.90605
192	protein2	689.55	13.6	1.9685429
192	protein3	601.15	12.05	1.9715286000000003
192	r2	11.3	0.0	0.0
192	rnapol	0.8	0.0	0.0
193	__protein1_rbs	5.65	0.0	0.0
193	__protein2_rbs	8.2	0.0	0.0
193	__protein3_rbs	7.55	0.0	0.0
193	__ribosome	30.55	0.0	0.0
193	__rnase_site_ext	12.15	0.0	0.0
193	p0	0.95	0.0	0.0
193	p1	0.8	0.0	0.0
193	protein1	609.35	10.4	2.0257956000000004
193	protein2	694.45	13.35	2.01151025
193	protein3	606.1	11.9	1.9181696
193	r2	11.3	0.0	0.0
193	rnapol	0.85	0.0	0.0
194	__protein1_rbs	6.45	0.0	0.0
194	__protein2_rbs	8.75	0.0	0.0
194	__protein3_rbs	6.75	0.0	0.0
194	__ribosome	31.65	0.0	0.0
194	__rnase_site_ext	12.2	0.0	0.0
194	p0	0.9	0.0	0.0
194	p1	0.75	0.0	0.0
194	protein1	613.85	10.5	1.97790645
194	protein2	700.1	13.05	1.94922095
194	protein3	610.2	11.75	1.9952914
194	r2	11.25	0.0	0.0
194	rnapol	0.85	0.0	0.0
195	__protein1_rbs	6.55	0.0	0.0
195	__protein2_rbs	8.05	0.0	0.0
195	__protein3_rbs	7.15	0.0	0.0
195	__ribosome	31.55	0.0	0.0
195	__rnase_site_ext	12.15	0.0	0.0
195	p0	1.0	0.0	0.0
195	p1	0.75	0.0	0.0
195	protein1	618.05	10.4	1.9429592
195	protein2	705.1	13.1	1.9410613999999995
195	protein3	614.3	11.5	2.0663163
195	r2	11.25	0.0	0.0
195	rnapol	0.9	0.0	0.0
196	__protein1_rbs	6.4	0.0	0.0
196	__protein2_rbs	8.1	0.0	0.0
196	__protein3_rbs	6.9	0.0	0.0
196	__ribosome	32.05	0.0	0.0
196	__rnase_site_ext	12.15	0.0	0.0
196	p0	0.95	0.0	0.0
196	p1	0.85	0.0	0.0
196	protein1	622.1	10.4	1.9028436999999998
196	protein2	710.25	13.0	1.9429512999999998
196	protein3	618.95	11.45	2.07338615
196	r2	11.25	0.0	0.0
196	rnapol	0.95	0.0	0.0
197	__protein1_rbs	6.2	0.0	0.0
197	__protein2_rbs	8.15	0.0	0.0
197	__protein3_rbs	7.05	0.0	0.0
197	__ribosome	33.15	0.0	0.0
197	__rnase_site_ext	12.25	0.0	0.0
197	p0	0.8	0.0	0.0
197	p1	0.75	0.0	0.0
197	protein1	625.65	10.4	1.94679235
197	protein2	715.75	13.1	1.86533705
197	protein3	624.1	11.35	2.02542745
197	r2	11.1	0.0	0.0
197	rnapol	0.95	0.0	0.0
198	__protein1_rbs	6.2	0.0	0.0
198	__protein2_rbs	7.2	0.0	0.0
198	__protein3_rbs	6.95	0.0	0.0
198	__ribosome	31.15	0.0	0.0
198	__rnase_site_ext	12.1	0.0	0.0
198	p0	0.85	0.0	0.0
198	p1	0.75	0.0	0.0
198	protein1	629.6	10.55	1.9696453
198	protein2	720.0	13.0	2.00289735
198	protein3	628.5	11.4	2.01449135
198	r2	11.1	0.0	0.0
198	rnapol	0.95	0.0	0.0
199	__protein1_rbs	6.15	0.0	0.0
199	__protein2_rbs	8.35	0.0	0.0
199	__protein3_rbs	6.9	0.0	0.0
199	__ribosome	32.15	0.0	0.0
199	__rnase_site_ext	12.1	0.0	0.0
199	p0	0.85	0.0	0.0
199	p1	0.75	0.0	0.0
199	protein1	634.0	10.6	1.9504569999999999
199	protein2	725.1	12.95	1.92791625
199	protein3	633.0	11.4	2.02778105
199	r2	11.2	0.0	0.0
199	rnapol	0.9	0.0	0.0
200	__protein1_rbs	6.95	0.0	0.0
200	__protein2_rbs	7.8	0.0	0.0
200	__protein3_rbs	6.55	0.0	0.0
200	__ribosome	31.6	0.0	0.0
200	__rnase_site_ext	12.2	0.0	0.0
200	p0	0.75	0.0	0.0
200	p1	0.9	0.0	0.0
200	protein1	637.6	10.6	1.9507279
200	protein2	729.9	13.05	1.9467908
200	protein3	637.6	11.35	2.0773532
200	r2	11.25	0.0	0.0
200	rnapol	0.75	0.0	0.0
201	__protein1_rbs	6.1	0.0	0.0
201	__protein2_rbs	8.4	0.0	0.0
201	__protein3_rbs	6.95	0.0	0.0
201	__ribosome	31.5	0.0	0.0
201	__rnase_site_ext	12.35	0.0	0.0
201	p0	0.8	0.0	0.0
201	p1	0.8	0.0	0.0
201	protein1	641.5	10.65	2.0445129
201	protein2	735.0	12.95	1.93303445
201	protein3	642.3	11.2	2.046917
201	r2	11.25	0.0	0.0
201	rnapol	0.8	0.0	0.0
202	__protein1_rbs	5.95	0.0	0.0
202	__protein2_rbs	8.0	0.0	0.0
202	__protein3_rbs	7.25	0.0	0.0
202	__ribosome	31.7	0.0	0.0
202	__rnase_site_ext	12.35	0.0	0.0
202	p0	0.9	0.0	0.0
202	p1	0.8	0.0	0.0
202	protein1	645.6	10.75	2.0543756999999996
202	protein2	740.15	13.0	1.93476395
202	protein3	647.0	11.35	1.9524676
202	r2	11.5	0.0	0.0
202	rnapol	0.75	0.0	0.0
203	__protein1_rbs	6.6	0.0	0.0
203	__protein2_rbs	8.05	0.0	0.0
203	__protein3_rbs	6.95	0.0	0.0
203	__ribosome	31.1	0.0	0.0
203	__rnase_site_ext	12.4	0.0	0.0
203	p0	0.8	0.0	0.0
203	p1	0.8	0.0	0.0
203	protein1	649.55	10.85	2.08450595
203	protein2	744.85	12.9	1.97172655
203	protein3	651.35	11.45	1.92066555
203	r2	11.45	0.0	0.0
203	rnapol	0.6	0.0	0.0
204	__protein1_rbs	6.75	0.0	0.0
204	__protein2_rbs	7.85	0.0	0.0
204	__protein3_rbs	7.15	0.0	0.0
204	__ribosome	31.65	0.0	0.0
204	__rnase_site_ext	12.6	0.0	0.0
204	p0	0.95	0.0	0.0
204	p1	0.6	0.0	0.0
204	protein1	653.9	10.85	2.0391196000000003
204	protein2	750.1	12.95	1.9414867
204	protein3	655.55	11.45	1.93862585
204	r2	11.0	0.0	0.0
204	rnapol	0.6	0.0	0.0
205	__protein1_rbs	6.85	0.0	0.0
205	__protein2_rbs	7.9	0.0	0.0
205	__protein3_rbs	6.8	0.0	0.0
205	__ribosome	31.3	0.0	0.0
205	__rnase_site_ext	12.6	0.0	0.0
205	p0	0.95	0.0	0.0
205	p1	0.65	0.0	0.0
205	protein1	657.8	10.95	2.05261195
205	protein2	754.9	12.95	1.97300095
205	protein3	660.55	11.55	1.9076466
205	r2	11.0	0.0	0.0
205	rnapol	0.55	0.0	0.0
206	__protein1_rbs	6.6	0.0	0.0
206	__protein2_rbs	7.75	0.0	0.0
206	__protein3_rbs	7.15	0.0	0.0
206	__ribosome	30.25	0.0	0.0
206	__rnase_site_ext	12.6	0.0	0.0
206	p0	0.9	0.0	0.0
206	p1	0.65	0.0	0.0
206	protein1	662.15	10.9	2.09078295
206	protein2	759.4	13.1	1.98406885
206	protein3	664.75	11.6	1.91196875
206	r2	10.9	0.0	0.0
206	rnapol	0.6	0.0	0.0
207	__protein1_rbs	6.45	0.0	0.0
207	__protein2_rbs	8.3	0.0	0.0
207	__protein3_rbs	6.7	0.0	0.0
207	__ribosome	30.5	0.0	0.0
207	__rnase_site_ext	12.5	0.0	0.0
207	p0	0.95	0.0	0.0
207	p1	0.65	0.0	0.0
207	protein1	666.6	11.0	2.0739752
207	protein2	765.3	13.15	1.8985476000000003
207	protein3	668.6	11.45	1.99480265
207	r2	10.9	0.0	0.0
207	rnapol	0.65	0.0	0.0
208	__protein1_rbs	6.65	0.0	0.0
208	__protein2_rbs	7.75	0.0	0.0
208	__protein3_rbs	7.4	0.0	0.0
208	__ribosome	30.4	0.0	0.0
208	__rnase_site_ext	12.45	0.0	0.0
208	p0	1.0	0.0	0.0
208	p1	0.65	0.0	0.0
208	protein1	671.05	10.85	2.10047305
208	protein2	770.45	13.05	1.9191825
208	protein3	672.5	11.5	2.0014393
208	r2	10.8	0.0	0.0
208	rnapol	0.75	0.0	0.0
209	__protein1_rbs	6.6	0.0	0.0
209	__protein2_rbs	8.05	0.0	0.0
209	__protein3_rbs	6.95	0.0	0.0
209	__ribosome	30.0	0.0	0.0
209	__rnase_site_ext	12.35	0.0	0.0
209	p0	0.95	0.0	0.0
209	p1	0.65	0.0	0.0
209	protein1	675.3	10.9	2.0648119
209	protein2	774.8	13.3	1.94915805
209	protein3	677.25	11.2	2.0417361000000005
209	r2	10.8	0.0	0.0
209	rnapol	0.85	0.0	0.0
210	__protein1_rbs	6.45	0.0	0.0
210	__protein2_rbs	8.35	0.0	0.0
210	__protein3_rbs	7.1	0.0	0.0
210	__ribosome	30.2	0.0	0.0
210	__rnase_site_ext	12.35	0.0	0.0
210	p0	0.9	0.0	0.0
210	p1	0.75	0.0	0.0
210	protein1	679.8	10.8	2.0967993000000003
210	protein2	779.45	13.3	1.9533949000000002
210	protein3	681.85	11.05	2.0263899500000004
210	r2	10.6	0.0	0.0
210	rnapol	0.85	0.0	0.0
211	__protein1_rbs	6.6	0.0	0.0
211	__protein2_rbs	8.2	0.0	0.0
211	__protein3_rbs	7.0	0.0	0.0
211	__ribosome	30.7	0.0	0.0
211	__rnase_site_ext	12.25	0.0	0.0
211	p0	0.85	0.0	0.0
211	p1	0.8	0.0	0.0
211	protein1	684.2	10.65	2.1195041999999997
211	protein2	784.75	13.4	1.9162185
211	protein3	686.05	10.95	2.0215580500000003
211	r2	10.7	0.0	0.0
211	rnapol	0.75	0.0	0.0
212	__protein1_rbs	6.45	0.0	0.0
212	__protein2_rbs	7.55	0.0	0.0
212	__protein3_rbs	7.2	0.0	0.0
212	__ribosome	30.85	0.0	0.0
212	__rnase_site_ext	12.25	0.0	0.0
212	p0	0.75	0.0	0.0
212	p1	0.8	0.0	0.0
212	protein1	688.75	10.55	2.08110645
212	protein2	789.5	13.4	2.0005923
212	protein3	690.9	11.0	1.94480545
212	r2	10.55	0.0	0.0
212	rnapol	0.6	0.0	0.0
213	__protein1_rbs	6.85	0.0	0.0
213	__protein2_rbs	8.55	0.0	0.0
213	__protein3_rbs	6.0	0.0	0.0
213	__ribosome	30.95	0.0	0.0
213	__rnase_site_ext	12.1	0.0	0.0
213	p0	0.95	0.0	0.0
213	p1	0.8	0.0	0.0
213	protein1	693.0	10.7	2.02262325
213	protein2	794.7	13.35	1.9710673000000003
213	protein3	695.4	11.15	1.96341355
213	r2	10.7	0.0	0.0
213	rnapol	0.7	0.0	0.0
214	__protein1_rbs	7.0	0.0	0.0
214	__protein2_rbs	7.65	0.0	0.0
214	__protein3_rbs	6.6	0.0	0.0
214	__ribosome	31.9	0.0	0.0
214	__rnase_site_ext	12.15	0.0	0.0
214	p0	0.85	0.0	0.0
214	p1	0.85	0.0	0.0
214	protein1	697.15	10.7	2.00576545
214	protein2	800.2	13.4	1.95891095
214	protein3	699.95	10.8	1.9860303
214	r2	10.95	0.0	0.0
214	rnapol	0.75	0.0	0.0
215	__protein1_rbs	5.95	0.0	0.0
215	__protein2_rbs	8.55	0.0	0.0
215	__protein3_rbs	6.85	0.0	0.0
215	__ribosome	31.3	0.0	0.0
215	__rnase_site_ext	12.25	0.0	0.0
215	p0	0.9	0.0	0.0
215	p1	0.95	0.0	0.0
215	protein1	701.95	10.65	2.0160814500000006
215	protein2	804.85	13.45	1.9837783
215	protein3	703.6	10.85	2.00273735
215	r2	11.0	0.0	0.0
215	rnapol	0.8	0.0	0.0
216	__protein1_rbs	6.0	0.0	0.0
216	__protein2_rbs	8.2	0.0	0.0
216	__protein3_rbs	6.8	0.0	0.0
216	__ribosome	31.95	0.0	0.0
216	__rnase_site_ext	12.15	0.0	0.0
216	p0	0.95	0.0	0.0
216	p1	0.9	0.0	0.0
216	protein1	706.4	10.7	1.9977345000000004
216	protein2	810.45	13.35	1.98679835
216	protein3	707.9	10.85	1.960998
216	r2	11.1	0.0	0.0
216	rnapol	0.8	0.0	0.0
217	__protein1_rbs	6.55	0.0	0.0
217	__protein2_rbs	8.35	0.0	0.0
217	__protein3_rbs	6.85	0.0	0.0
217	__ribosome	31.7	0.0	0.0
217	__rnase_site_ext	12.15	0.0	0.0
217	p0	0.95	0.0	0.0
217	p1	0.7	0.0	0.0
217	protein1	710.35	10.65	2.0005818500000005
217	protein2	815.6	13.3	2.0006125
217	protein3	712.1	10.95	1.9481471000000004
217	r2	11.1	0.0	0.0
217	rnapol	0.8	0.0	0.0
218	__protein1_rbs	6.5	0.0	0.0
218	__protein2_rbs	7.7	0.0	0.0
218	__protein3_rbs	6.7	0.0	0.0
218	__ribosome	31.65	0.0	0.0
218	__rnase_site_ext	12.15	0.0	0.0
218	p0	0.8	0.0	0.0
218	p1	0.7	0.0	0.0
218	protein1	714.25	10.6	2.02368205
218	protein2	821.0	13.15	2.0389259
218	protein3	716.7	11.15	1.89559185
218	r2	11.15	0.0	0.0
218	rnapol	0.65	0.0	0.0
219	__protein1_rbs	6.5	0.0	0.0
219	__protein2_rbs	8.3	0.0	0.0
219	__protein3_rbs	7.1	0.0	0.0
219	__ribosome	31.6	0.0	0.0
219	__rnase_site_ext	12.25	0.0	0.0
219	p0	0.85	0.0	0.0
219	p1	0.75	0.0	0.0
219	protein1	717.9	10.6	2.0388219
219	protein2	825.9	13.05	2.0451155
219	protein3	721.15	11.35	1.85101665
219	r2	11.1	0.0	0.0
219	rnapol	0.85	0.0	0.0
220	__protein1_rbs	6.7	0.0	0.0
220	__protein2_rbs	7.1	0.0	0.0
220	__protein3_rbs	6.6	0.0	0.0
220	__ribosome	29.45	0.0	0.0
220	__rnase_site_ext	12.3	0.0	0.0
220	p0	0.9	0.0	0.0
220	p1	0.8	0.0	0.0
220	protein1	722.35	10.8	1.9876012
220	protein2	830.75	13.1	2.1005449
220	protein3	724.6	11.25	1.99813315
220	r2	11.1	0.0	0.0
220	rnapol	0.75	0.0	0.0
221	__protein1_rbs	7.2	0.0	0.0
221	__protein2_rbs	7.8	0.0	0.0
221	__protein3_rbs	7.3	0.0	0.0
221	__ribosome	31.7	0.0	0.0
221	__rnase_site_ext	12.45	0.0	0.0
221	p0	0.85	0.0	0.0
221	p1	0.75	0.0	0.0
221	protein1	727.0	10.7	1.8996358
221	protein2	836.4	13.2	2.0430119500000004
221	protein3	729.2	11.25	1.92364805
221	r2	11.15	0.0	0.0
221	rnapol	0.8	0.0	0.0
222	__protein1_rbs	6.35	0.0	0.0
222	__protein2_rbs	8.35	0.0	0.0
222	__protein3_rbs	6.35	0.0	0.0
222	__ribosome	30.1	0.0	0.0
222	__rnase_site_ext	12.5	0.0	0.0
222	p0	0.9	0.0	0.0
222	p1	0.9	0.0	0.0
222	protein1	731.05	10.85	1.9409595999999996
222	protein2	841.55	13.4	1.99230725
222	protein3	732.9	11.25	2.0566592
222	r2	11.1	0.0	0.0
222	rnapol	0.8	0.0	0.0
223	__protein1_rbs	5.75	0.0	0.0
223	__protein2_rbs	8.1	0.0	0.0
223	__protein3_rbs	6.75	0.0	0.0
223	__ribosome	29.8	0.0	0.0
223	__rnase_site_ext	12.55	0.0	0.0
223	p0	0.9	0.0	0.0
223	p1	0.75	0.0	0.0
223	protein1	735.2	10.95	2.0041202
223	protein2	846.95	13.4	1.9719195
223	protein3	737.55	11.3	2.0421387
223	r2	11.1	0.0	0.0
223	rnapol	0.8	0.0	0.0
224	__protein1_rbs	7.15	0.0	0.0
224	__protein2_rbs	8.3	0.0	0.0
224	__protein3_rbs	7.9	0.0	0.0
224	__ribosome	30.8	0.0	0.0
224	__rnase_site_ext	12.65	0.0	0.0
224	p0	0.8	0.0	0.0
224	p1	0.8	0.0	0.0
224	protein1	739.9	10.9	1.95528035
224	protein2	851.95	13.55	1.96349115
224	protein3	741.65	11.3	1.9859645
224	r2	10.9	0.0	0.0
224	rnapol	0.85	0.0	0.0
225	__protein1_rbs	6.4	0.0	0.0
225	__protein2_rbs	8.65	0.0	0.0
225	__protein3_rbs	7.05	0.0	0.0
225	__ribosome	31.65	0.0	0.0
225	__rnase_site_ext	12.55	0.0	0.0
225	p0	0.9	0.0	0.0
225	p1	0.7	0.0	0.0
225	protein1	744.0	10.9	1.9721386
225	protein2	857.2	13.55	1.9286175000000003
225	protein3	746.25	11.3	1.9572523000000004
225	r2	11.0	0.0	0.0
225	rnapol	0.9	0.0	0.0
226	__protein1_rbs	7.25	0.0	0.0
226	__protein2_rbs	7.9	0.0	0.0
226	__protein3_rbs	6.25	0.0	0.0
226	__ribosome	30.45	0.0	0.0
226	__rnase_site_ext	12.75	0.0	0.0
226	p0	0.8	0.0	0.0
226	p1	0.75	0.0	0.0
226	protein1	747.5	11.0	1.9611881500000004
226	protein2	862.3	13.5	1.9784523000000007
226	protein3	750.75	11.2	2.01954995
226	r2	11.0	0.0	0.0
226	rnapol	0.75	0.0	0.0
227	__protein1_rbs	6.45	0.0	0.0
227	__protein2_rbs	7.85	0.0	0.0
227	__protein3_rbs	7.2	0.0	0.0
227	__ribosome	30.25	0.0	0.0
227	__rnase_site_ext	12.85	0.0	0.0
227	p0	0.85	0.0	0.0
227	p1	0.8	0.0	0.0
227	protein1	751.6	11.0	2.01552925
227	protein2	867.65	13.35	1.9992083999999999
227	protein3	755.1	11.35	1.96299145
227	r2	11.1	0.0	0.0
227	rnapol	0.7	0.0	0.0
228	__protein1_rbs	6.75	0.0	0.0
228	__protein2_rbs	8.3	0.0	0.0
228	__protein3_rbs	6.8	0.0	0.0
228	__ribosome	31.45	0.0	0.0
228	__rnase_site_ext	12.95	0.0	0.0
228	p0	0.95	0.0	0.0
228	p1	0.75	0.0	0.0
228	protein1	756.55	11.2	1.9280272
228	protein2	872.85	13.3	1.9518287
228	protein3	759.95	11.2	1.9444733
228	r2	11.0	0.0	0.0
228	rnapol	0.75	0.0	0.0
229	__protein1_rbs	6.85	0.0	0.0
229	__protein2_rbs	8.5	0.0	0.0
229	__protein3_rbs	6.95	0.0	0.0
229	__ribosome	31.55	0.0	0.0
229	__rnase_site_ext	12.7	0.0	0.0
229	p0	0.95	0.0	0.0
229	p1	0.75	0.0	0.0
229	protein1	760.65	11.2	1.9376869
229	protein2	878.2	13.35	1.8977183500000003
229	protein3	763.7	11.25	1.979426
229	r2	11.05	0.0	0.0
229	rnapol	0.7	0.0	0.0
230	__protein1_rbs	7.25	0.0	0.0
230	__protein2_rbs	8.15	0.0	0.0
230	__protein3_rbs	6.75	0.0	0.0
230	__ribosome	31.1	0.0	0.0
230	__rnase_site_ext	12.65	0.0	0.0
230	p0	0.85	0.0	0.0
230	p1	0.7	0.0	0.0
230	protein1	764.95	11.05	1.9159856
230	protein2	882.25	13.4	1.9795115
230	protein3	768.35	11.35	1.9482020500000004
230	r2	11.05	0.0	0.0
230	rnapol	0.65	0.0	0.0
231	__protein1_rbs	6.25	0.0	0.0
231	__protein2_rbs	8.75	0.0	0.0
231	__protein3_rbs	6.75	0.0	0.0
231	__ribosome	29.8	0.0	0.0
231	__rnase_site_ext	12.45	0.0	0.0
231	p0	0.8	0.0	0.0
231	p1	0.7	0.0	0.0
231	protein1	768.15	10.9	2.0600086000000006
231	protein2	887.85	13.35	1.9156074
231	protein3	772.05	11.3	2.0658736
231	r2	11.2	0.0	0.0
231	rnapol	0.5	0.0	0.0
232	__protein1_rbs	6.8	0.0	0.0
232	__protein2_rbs	8.25	0.0	0.0
232	__protein3_rbs	6.7	0.0	0.0
232	__ribosome	30.8	0.0	0.0
232	__rnase_site_ext	12.45	0.0	0.0
232	p0	1.0	0.0	0.0
232	p1	0.7	0.0	0.0
232	protein1	773.35	10.85	1.9592264000000004
232	protein2	893.05	13.4	1.9174437
232	protein3	776.5	11.25	2.058991
232	r2	11.15	0.0	0.0
232	rnapol	0.55	0.0	0.0
233	__protein1_rbs	6.8	0.0	0.0
233	__protein2_rbs	7.9	0.0	0.0
233	__protein3_rbs	6.3	0.0	0.0
233	__ribosome	31.35	0.0	0.0
233	__rnase_site_ext	12.45	0.0	0.0
233	p0	0.95	0.0	0.0
233	p1	0.65	0.0	0.0
233	protein1	777.4	10.8	1.9640465
233	protein2	898.65	13.35	1.92097415
233	protein3	781.4	11.1	2.0456315
233	r2	11.3	0.0	0.0
233	rnapol	0.55	0.0	0.0
234	__protein1_rbs	7.3	0.0	0.0
234	__protein2_rbs	8.3	0.0	0.0
234	__protein3_rbs	6.65	0.0	0.0
234	__ribosome	31.2	0.0	0.0
234	__rnase_site_ext	12.35	0.0	0.0
234	p0	0.95	0.0	0.0
234	p1	0.7	0.0	0.0
234	protein1	781.75	10.9	1.91046225
234	protein2	903.3	13.45	1.9295556
234	protein3	785.65	11.25	2.02914385
234	r2	11.4	0.0	0.0
234	rnapol	0.55	0.0	0.0
235	__protein1_rbs	6.7	0.0	0.0
235	__protein2_rbs	7.95	0.0	0.0
235	__protein3_rbs	6.65	0.0	0.0
235	__ribosome	29.95	0.0	0.0
235	__rnase_site_ext	12.5	0.0	0.0
235	p0	0.85	0.0	0.0
235	p1	0.85	0.0	0.0
235	protein1	785.5	10.7	1.99468325
235	protein2	908.1	13.5	1.9552903
235	protein3	789.95	11.25	2.0555682
235	r2	11.5	0.0	0.0
235	rnapol	0.55	0.0	0.0
236	__protein1_rbs	6.8	0.0	0.0
236	__protein2_rbs	8.9	0.0	0.0
236	__protein3_rbs	7.25	0.0	0.0
236	__ribosome	31.3	0.0	0.0
236	__rnase_site_ext	12.5	0.0	0.0
236	p0	0.8	0.0	0.0
236	p1	0.9	0.0	0.0
236	protein1	790.0	10.9	1.9316262
236	protein2	913.05	13.6	1.9104489
236	protein3	794.95	11.45	1.9461066
236	r2	11.45	0.0	0.0
236	rnapol	0.65	0.0	0.0
237	__protein1_rbs	7.05	0.0	0.0
237	__protein2_rbs	7.95	0.0	0.0
237	__protein3_rbs	7.25	0.0	0.0
237	__ribosome	30.25	0.0	0.0
237	__rnase_site_ext	12.5	0.0	0.0
237	p0	1.0	0.0	0.0
237	p1	0.75	0.0	0.0
237	protein1	794.15	10.8	1.93137845
237	protein2	917.85	13.7	1.98675735
237	protein3	799.15	11.55	1.94434225
237	r2	11.4	0.0	0.0
237	rnapol	0.75	0.0	0.0
238	__protein1_rbs	7.3	0.0	0.0
238	__protein2_rbs	8.35	0.0	0.0
238	__protein3_rbs	6.95	0.0	0.0
238	__ribosome	31.35	0.0	0.0
238	__rnase_site_ext	12.5	0.0	0.0
238	p0	0.95	0.0	0.0
238	p1	0.75	0.0	0.0
238	protein1	798.55	10.85	1.83171155
238	protein2	923.5	13.6	1.99181935
238	protein3	803.6	11.7	1.95229575
238	r2	11.35	0.0	0.0
238	rnapol	0.75	0.0	0.0
239	__protein1_rbs	6.65	0.0	0.0
239	__protein2_rbs	8.85	0.0	0.0
239	__protein3_rbs	6.5	0.0	0.0
239	__ribosome	30.45	0.0	0.0
239	__rnase_site_ext	12.4	0.0	0.0
239	p0	0.9	0.0	0.0
239	p1	0.75	0.0	0.0
239	protein1	802.3	10.85	1.8982092
239	protein2	928.35	13.55	1.9924773
239	protein3	808.25	11.65	2.0050813
239	r2	11.6	0.0	0.0
239	rnapol	0.75	0.0	0.0
240	__protein1_rbs	6.95	0.0	0.0
240	__protein2_rbs	8.8	0.0	0.0
240	__protein3_rbs	7.4	0.0	0.0
240	__ribosome	31.85	0.0	0.0
240	__rnase_site_ext	12.55	0.0	0.0
240	p0	0.75	0.0	0.0
240	p1	0.85	0.0	0.0
240	protein1	806.7	10.8	1.8372970500000003
240	protein2	933.6	13.6	1.9488061999999997
240	protein3	812.75	11.7	1.96525575
240	r2	11.5	0.0	0.0
240	rnapol	0.6	0.0	0.0
241	__protein1_rbs	6.85	0.0	0.0
241	__protein2_rbs	7.9	0.0	0.0
241	__protein3_rbs	6.7	0.0	0.0
241	__ribosome	31.15	0.0	0.0
241	__rnase_site_ext	12.45	0.0	0.0
241	p0	0.85	0.0	0.0
241	p1	0.8	0.0	0.0
241	protein1	810.9	10.9	1.8009119000000002
241	protein2	938.75	13.5	1.9978699
241	protein3	817.3	11.6	2.03041135
241	r2	11.6	0.0	0.0
241	rnapol	0.55	0.0	0.0
242	__protein1_rbs	6.5	0.0	0.0
242	__protein2_rbs	8.6	0.0	0.0
242	__protein3_rbs	6.95	0.0	0.0
242	__ribosome	31.3	0.0	0.0
242	__rnase_site_ext	12.5	0.0	0.0
242	p0	0.95	0.0	0.0
242	p1	0.85	0.0	0.0
242	protein1	814.55	10.85	1.87283715
242	protein2	944.85	13.5	1.9083147
242	protein3	821.4	11.65	2.0354136
242	r2	11.4	0.0	0.0
242	rnapol	0.75	0.0	0.0
243	__protein1_rbs	5.6	0.0	0.0
243	__protein2_rbs	8.0	0.0	0.0
243	__protein3_rbs	7.0	0.0	0.0
243	__ribosome	29.85	0.0	0.0
243	__rnase_site_ext	12.4	0.0	0.0
243	p0	1.0	0.0	0.0
243	p1	0.7	0.0	0.0
243	protein1	818.7	11.0	1.9393593999999996
243	protein2	950.15	13.5	1.9231035000000003
243	protein3	826.0	11.8	2.0289953
243	r2	11.55	0.0	0.0
243	rnapol	0.95	0.0	0.0
244	__protein1_rbs	6.95	0.0	0.0
244	__protein2_rbs	9.3	0.0	0.0
244	__protein3_rbs	7.4	0.0	0.0
244	__ribosome	30.2	0.0	0.0
244	__rnase_site_ext	12.35	0.0	0.0
244	p0	0.85	0.0	0.0
244	p1	0.8	0.0	0.0
244	protein1	822.35	10.9	1.97312855
244	protein2	954.55	13.6	1.900909
244	protein3	830.7	11.9	1.98145025
244	r2	11.35	0.0	0.0
244	rnapol	0.85	0.0	0.0
245	__protein1_rbs	7.05	0.0	0.0
245	__protein2_rbs	8.25	0.0	0.0
245	__protein3_rbs	7.55	0.0	0.0
245	__ribosome	29.45	0.0	0.0
245	__rnase_site_ext	12.6	0.0	0.0
245	p0	0.8	0.0	0.0
245	p1	0.85	0.0	0.0
245	protein1	826.25	10.75	2.00411875
245	protein2	959.4	13.45	1.95896835
245	protein3	835.0	11.85	2.0107515
245	r2	11.45	0.0	0.0
245	rnapol	0.75	0.0	0.0
246	__protein1_rbs	6.95	0.0	0.0
246	__protein2_rbs	8.8	0.0	0.0
246	__protein3_rbs	7.1	0.0	0.0
246	__ribosome	30.75	0.0	0.0
246	__rnase_site_ext	12.65	0.0	0.0
246	p0	1.0	0.0	0.0
246	p1	0.8	0.0	0.0
246	protein1	829.95	10.85	1.9800369
246	protein2	965.1	13.6	1.8732547
246	protein3	839.95	11.7	2.01118025
246	r2	11.4	0.0	0.0
246	rnapol	0.8	0.0	0.0
247	__protein1_rbs	6.45	0.0	0.0
247	__protein2_rbs	8.6	0.0	0.0
247	__protein3_rbs	6.95	0.0	0.0
247	__ribosome	29.75	0.0	0.0
247	__rnase_site_ext	12.75	0.0	0.0
247	p0	0.95	0.0	0.0
247	p1	0.6	0.0	0.0
247	protein1	834.1	11.05	1.97559955
247	protein2	969.55	13.55	1.9272542999999995
247	protein3	844.75	11.65	2.0224741000000006
247	r2	11.25	0.0	0.0
247	rnapol	1.0	0.0	0.0
248	__protein1_rbs	6.4	0.0	0.0
248	__protein2_rbs	8.65	0.0	0.0
248	__protein3_rbs	6.75	0.0	0.0
248	__ribosome	31.1	0.0	0.0
248	__rnase_site_ext	12.65	0.0	0.0
248	p0	0.95	0.0	0.0
248	p1	0.7	0.0	0.0
248	protein1	839.3	11.05	1.95020425
248	protein2	975.6	13.55	1.8515518
248	protein3	849.6	11.6	2.01850625
248	r2	11.45	0.0	0.0
248	rnapol	1.0	0.0	0.0
249	__protein1_rbs	6.7	0.0	0.0
249	__protein2_rbs	8.2	0.0	0.0
249	__protein3_rbs	7.75	0.0	0.0
249	__ribosome	30.75	0.0	0.0
249	__rnase_site_ext	12.8	0.0	0.0
249	p0	0.8	0.0	0.0
249	p1	0.85	0.0	0.0
249	protein1	843.4	11.05	1.9928520499999995
249	protein2	980.25	13.4	1.9178659
249	protein3	853.95	11.65	1.9621484
249	r2	11.2	0.0	0.0
249	rnapol	0.95	0.0	0.0
250	__protein1_rbs	6.6	0.0	0.0
250	__protein2_rbs	8.15	0.0	0.0
250	__protein3_rbs	7.0	0.0	0.0
250	__ribosome	29.45	0.0	0.0
250	__rnase_site_ext	12.85	0.0	0.0
250	p0	0.85	0.0	0.0
250	p1	0.9	0.0	0.0
250	protein1	846.5	11.1	2.06400115
250	protein2	985.25	13.55	1.941183
250	protein3	858.8	11.6	1.96161125
250	r2	11.2	0.0	0.0
250	rnapol	0.9	0.0	0.0
