time	species	protein	transcript	ribo_density
0	__protein1_rbs	0.0	0.0	0.0
0	__protein2_rbs	0.0	0.0	0.0
0	__protein3_rbs	0.0	0.0	0.0
0	__ribosome	100.0	0.0	0.0
0	__rnase_site_ext	0.0	0.0	0.0
0	p0	1.0	0.0	0.0
0	p1	1.0	0.0	0.0
0	p2	1.0	0.0	0.0
0	r2	0.0	0.0	0.0
0	rnapol	4.0	0.0	0.0
1	__protein1_rbs	0.0	0.0	0.0
1	__protein2_rbs	0.0	0.0	0.0
1	__protein3_rbs	0.0	0.0	0.0
1	__ribosome	55.0	0.0	0.0
1	__rnase_site_ext	0.3	0.0	0.0
1	p0	0.1	0.0	0.0
1	p1	0.55	0.0	0.0
1	p2	0.55	0.0	0.0
1	r2	0.0	0.0	0.0
1	rnapol	1.65	0.0	0.0
2	__protein1_rbs	0.1	0.0	0.0
2	__protein2_rbs	0.0	0.0	0.0
2	__protein3_rbs	0.0	0.0	0.0
2	__ribosome	94.95	0.0	0.0
2	__rnase_site_ext	0.6	0.0	0.0
2	p0	0.45	0.0	0.0
2	p1	0.95	0.0	0.0
2	p2	0.95	0.0	0.0
2	protein1	0.0	0.15	0.05
2	r2	0.0	0.0	0.0
2	rnapol	2.85	0.0	0.0
3	__protein1_rbs	0.05	0.0	0.0
3	__protein2_rbs	0.0	0.0	0.0
3	__protein3_rbs	0.0	0.0	0.0
3	__ribosome	89.5	0.0	0.0
3	__rnase_site_ext	0.9	0.0	0.0
3	p0	0.5	0.0	0.0
3	p1	0.9	0.0	0.0
3	p2	0.9	0.0	0.0
3	protein1	0.0	0.5	0.5
3	r2	0.0	0.0	0.0
3	rnapol	2.45	0.0	0.0
4	__protein1_rbs	0.25	0.0	0.0
4	__protein2_rbs	0.0	0.0	0.0
4	__protein3_rbs	0.0	0.0	0.0
4	__ribosome	99.0	0.0	0.0
4	__rnase_site_ext	1.15	0.0	0.0
4	p0	0.65	0.0	0.0
4	p1	1.0	0.0	0.0
4	p2	1.0	0.0	0.0
4	protein1	0.0	0.85	0.9
4	r2	0.0	0.0	0.0
4	rnapol	2.6	0.0	0.0
5	__protein1_rbs	0.5	0.0	0.0
5	__protein2_rbs	0.0	0.0	0.0
5	__protein3_rbs	0.0	0.0	0.0
5	__ribosome	83.5	0.0	0.0
5	__rnase_site_ext	1.3	0.0	0.0
5	p0	0.75	0.0	0.0
5	p1	0.85	0.0	0.0
5	p2	0.85	0.0	0.0
5	protein1	0.0	1.1	1.05
5	r2	0.0	0.0	0.0
5	rnapol	2.05	0.0	0.0
6	__protein1_rbs	0.35	0.0	0.0
6	__protein2_rbs	0.0	0.0	0.0
6	__protein3_rbs	0.0	0.0	0.0
6	__ribosome	112.65	0.0	0.0
6	__rnase_site_ext	1.5	0.0	0.0
6	p0	0.65	0.0	0.0
6	p1	1.15	0.0	0.0
6	p2	1.15	0.0	0.0
6	protein1	0.0	1.25	1.60833335
6	r2	0.0	0.0	0.0
6	rnapol	2.75	0.0	0.0
7	__protein1_rbs	0.55	0.0	0.0
7	__protein2_rbs	0.0	0.0	0.0
7	__protein3_rbs	0.0	0.0	0.0
7	__ribosome	156.8	0.0	0.0
7	__rnase_site_ext	1.9	0.0	0.0
7	p0	0.7	0.0	0.0
7	p1	1.45	0.0	0.0
7	p2	1.6	0.0	0.0
7	protein1	0.05	1.45	1.9333333
7	r2	0.0	0.0	0.0
7	rnapol	3.85	0.0	0.0
8	__protein1_rbs	0.5	0.0	0.0
8	__protein2_rbs	0.05	0.0	0.0
8	__protein3_rbs	0.0	0.0	0.0
8	__ribosome	96.0	0.0	0.0
8	__rnase_site_ext	2.05	0.0	0.0
8	p0	0.65	0.0	0.0
8	p1	0.8	0.0	0.0
8	p2	1.0	0.0	0.0
8	protein1	0.35	1.6	2.22500005
8	protein2	0.0	0.05	0.0
8	r2	0.0	0.0	0.0
8	rnapol	1.75	0.0	0.0
9	__protein1_rbs	0.7	0.0	0.0
9	__protein2_rbs	0.05	0.0	0.0
9	__protein3_rbs	0.0	0.0	0.0
9	__ribosome	95.45	0.0	0.0
9	__rnase_site_ext	2.35	0.0	0.0
9	p0	0.7	0.0	0.0
9	p1	0.5	0.0	0.0
9	p2	1.0	0.0	0.0
9	protein1	1.0	1.9	2.1583333500000004
9	protein2	0.0	0.1	0.05
9	r2	0.0	0.0	0.0
9	rnapol	1.55	0.0	0.0
10	__protein1_rbs	0.6	0.0	0.0
10	__protein2_rbs	0.1	0.0	0.0
10	__protein3_rbs	0.0	0.0	0.0
10	__ribosome	94.0	0.0	0.0
10	__rnase_site_ext	2.55	0.0	0.0
10	p0	0.9	0.0	0.0
10	p1	0.45	0.0	0.0
10	p2	1.0	0.0	0.0
10	protein1	1.35	2.25	2.5041667000000003
10	protein2	0.0	0.2	0.15
10	r2	0.0	0.0	0.0
10	rnapol	1.4	0.0	0.0
11	__protein1_rbs	1.25	0.0	0.0
11	__protein2_rbs	0.2	0.0	0.0
11	__protein3_rbs	0.0	0.0	0.0
11	__ribosome	93.6	0.0	0.0
11	__rnase_site_ext	2.6	0.0	0.0
11	p0	0.9	0.0	0.0
11	p1	0.75	0.0	0.0
11	p2	1.0	0.0	0.0
11	protein1	2.4	2.45	2.42083335
11	protein2	0.0	0.45	0.375
11	r2	0.0	0.0	0.0
11	rnapol	1.3	0.0	0.0
12	__protein1_rbs	0.65	0.0	0.0
12	__protein2_rbs	0.25	0.0	0.0
12	__protein3_rbs	0.0	0.0	0.0
12	__ribosome	92.35	0.0	0.0
12	__rnase_site_ext	2.75	0.0	0.0
12	p0	0.85	0.0	0.0
12	p1	0.6	0.0	0.0
12	p2	1.0	0.0	0.0
12	protein1	3.25	2.5	2.68333335
12	protein2	0.0	0.8	0.75
12	r2	0.0	0.0	0.0
12	rnapol	1.1	0.0	0.0
13	__protein1_rbs	1.1	0.0	0.0
13	__protein2_rbs	0.55	0.0	0.0
13	__protein3_rbs	0.0	0.0	0.0
13	__ribosome	91.15	0.0	0.0
13	__rnase_site_ext	3.0	0.0	0.0
13	p0	0.9	0.0	0.0
13	p1	0.8	0.0	0.0
13	p2	1.0	0.0	0.0
13	protein1	4.2	2.7	2.825
13	protein2	0.0	1.0	1.05
13	r2	0.05	0.0	0.0
13	rnapol	0.95	0.0	0.0
14	__protein1_rbs	0.85	0.0	0.0
14	__protein2_rbs	0.4	0.0	0.0
14	__protein3_rbs	0.0	0.0	0.0
14	__ribosome	89.5	0.0	0.0
14	__rnase_site_ext	3.0	0.0	0.0
14	p0	0.9	0.0	0.0
14	p1	0.65	0.0	0.0
14	p2	1.0	0.0	0.0
14	protein1	5.3	2.9	2.9041667
14	protein2	0.05	1.25	1.4
14	r2	0.2	0.0	0.0
14	rnapol	0.85	0.0	0.0
15	__protein1_rbs	0.9	0.0	0.0
15	__protein2_rbs	0.25	0.0	0.0
15	__protein3_rbs	0.0	0.0	0.0
15	__ribosome	88.0	0.0	0.0
15	__rnase_site_ext	3.1	0.0	0.0
15	p0	0.9	0.0	0.0
15	p1	0.5	0.0	0.0
15	p2	1.0	0.0	0.0
15	protein1	6.7	3.0	2.9291667
15	protein2	0.15	1.4	1.96666665
15	r2	0.2	0.0	0.0
15	rnapol	0.8	0.0	0.0
16	__protein1_rbs	0.9	0.0	0.0
16	__protein2_rbs	0.55	0.0	0.0
16	__protein3_rbs	0.0	0.0	0.0
16	__ribosome	86.75	0.0	0.0
16	__rnase_site_ext	3.2	0.0	0.0
16	p0	0.85	0.0	0.0
16	p1	0.65	0.0	0.0
16	p2	0.85	0.0	0.0
16	protein1	8.1	3.05	3.15833335
16	protein2	0.4	1.5	2.2
16	r2	0.4	0.0	0.0
16	rnapol	0.65	0.0	0.0
17	__protein1_rbs	1.35	0.0	0.0
17	__protein2_rbs	0.6	0.0	0.0
17	__protein3_rbs	0.0	0.0	0.0
17	__ribosome	86.45	0.0	0.0
17	__rnase_site_ext	3.3	0.0	0.0
17	p0	0.95	0.0	0.0
17	p1	0.6	0.0	0.0
17	p2	0.95	0.0	0.0
17	protein1	9.8	3.15	2.96666665
17	protein2	0.95	1.85	2.26666665
17	r2	0.75	0.0	0.0
17	rnapol	0.65	0.0	0.0
18	__protein1_rbs	1.2	0.0	0.0
18	__protein2_rbs	0.6	0.0	0.0
18	__protein3_rbs	0.1	0.0	0.0
18	__ribosome	84.95	0.0	0.0
18	__rnase_site_ext	3.25	0.0	0.0
18	p0	0.9	0.0	0.0
18	p1	0.75	0.0	0.0
18	p2	0.75	0.0	0.0
18	protein1	11.3	3.25	3.0041666000000005
18	protein2	1.4	2.15	2.4666667
18	protein3	0.0	0.1	0.0
18	r2	1.0	0.0	0.0
18	rnapol	0.6	0.0	0.0
19	__protein1_rbs	1.35	0.0	0.0
19	__protein2_rbs	0.75	0.0	0.0
19	__protein3_rbs	0.1	0.0	0.0
19	__ribosome	83.9	0.0	0.0
19	__rnase_site_ext	3.3	0.0	0.0
19	p0	0.9	0.0	0.0
19	p1	0.85	0.0	0.0
19	p2	0.45	0.0	0.0
19	protein1	13.15	3.25	3.2041666500000003
19	protein2	2.1	2.3	2.60000005
19	protein3	0.0	0.15	0.05
19	r2	1.25	0.0	0.0
19	rnapol	0.55	0.0	0.0
20	__protein1_rbs	0.9	0.0	0.0
20	__protein2_rbs	0.95	0.0	0.0
20	__protein3_rbs	0.05	0.0	0.0
20	__ribosome	82.85	0.0	0.0
20	__rnase_site_ext	3.35	0.0	0.0
20	p0	0.95	0.0	0.0
20	p1	0.6	0.0	0.0
20	p2	0.6	0.0	0.0
20	protein1	15.1	3.25	3.2058333
20	protein2	2.95	2.5	2.74583335
20	protein3	0.0	0.2	0.2
20	r2	1.4	0.0	0.0
20	rnapol	0.5	0.0	0.0
21	__protein1_rbs	1.2	0.0	0.0
21	__protein2_rbs	1.25	0.0	0.0
21	__protein3_rbs	0.05	0.0	0.0
21	__ribosome	82.05	0.0	0.0
21	__rnase_site_ext	3.35	0.0	0.0
21	p0	0.85	0.0	0.0
21	p1	0.65	0.0	0.0
21	p2	0.6	0.0	0.0
21	protein1	16.8	3.25	3.1883334
21	protein2	4.1	2.65	2.70833335
21	protein3	0.0	0.5	0.65
21	r2	1.5	0.0	0.0
21	rnapol	0.35	0.0	0.0
22	__protein1_rbs	1.15	0.0	0.0
22	__protein2_rbs	0.75	0.0	0.0
22	__protein3_rbs	0.5	0.0	0.0
22	__ribosome	80.8	0.0	0.0
22	__rnase_site_ext	3.45	0.0	0.0
22	p0	1.0	0.0	0.0
22	p1	0.9	0.0	0.0
22	p2	0.55	0.0	0.0
22	protein1	18.6	3.3	3.165
22	protein2	5.2	2.9	2.7416666999999992
22	protein3	0.0	0.85	0.675
22	r2	1.85	0.0	0.0
22	rnapol	0.35	0.0	0.0
23	__protein1_rbs	1.35	0.0	0.0
23	__protein2_rbs	1.4	0.0	0.0
23	__protein3_rbs	0.5	0.0	0.0
23	__ribosome	80.2	0.0	0.0
23	__rnase_site_ext	3.45	0.0	0.0
23	p0	0.95	0.0	0.0
23	p1	0.9	0.0	0.0
23	p2	0.7	0.0	0.0
23	protein1	20.9	3.45	2.9633333500000005
23	protein2	6.45	3.05	2.7708333499999998
23	protein3	0.0	0.85	1.025
23	r2	2.1	0.0	0.0
23	rnapol	0.35	0.0	0.0
24	__protein1_rbs	1.4	0.0	0.0
24	__protein2_rbs	1.5	0.0	0.0
24	__protein3_rbs	0.6	0.0	0.0
24	__ribosome	79.2	0.0	0.0
24	__rnase_site_ext	3.4	0.0	0.0
24	p0	1.0	0.0	0.0
24	p1	0.8	0.0	0.0
24	p2	0.6	0.0	0.0
24	protein1	22.9	3.4	3.06416665
24	protein2	8.0	3.15	2.6458333500000006
24	protein3	0.1	1.3	1.23333335
24	r2	2.3	0.0	0.0
24	rnapol	0.55	0.0	0.0
25	__protein1_rbs	1.2	0.0	0.0
25	__protein2_rbs	1.25	0.0	0.0
25	__protein3_rbs	0.6	0.0	0.0
25	__ribosome	77.35	0.0	0.0
25	__rnase_site_ext	3.45	0.0	0.0
25	p0	0.9	0.0	0.0
25	p1	0.8	0.0	0.0
25	p2	0.7	0.0	0.0
25	protein1	24.5	3.4	3.24750005
25	protein2	9.45	3.2	2.82499995
25	protein3	0.2	1.35	1.6666667000000002
25	r2	2.5	0.0	0.0
25	rnapol	0.5	0.0	0.0
26	__protein1_rbs	1.25	0.0	0.0
26	__protein2_rbs	1.7	0.0	0.0
26	__protein3_rbs	0.45	0.0	0.0
26	__ribosome	76.15	0.0	0.0
26	__rnase_site_ext	3.4	0.0	0.0
26	p0	0.95	0.0	0.0
26	p1	0.85	0.0	0.0
26	p2	0.65	0.0	0.0
26	protein1	26.45	3.45	3.23916665
26	protein2	10.75	3.3	2.82500005
26	protein3	0.55	1.6	1.8583333
26	r2	2.6	0.0	0.0
26	rnapol	0.6	0.0	0.0
27	__protein1_rbs	1.7	0.0	0.0
27	__protein2_rbs	1.4	0.0	0.0
27	__protein3_rbs	0.55	0.0	0.0
27	__ribosome	75.65	0.0	0.0
27	__rnase_site_ext	3.5	0.0	0.0
27	p0	0.95	0.0	0.0
27	p1	0.95	0.0	0.0
27	p2	0.65	0.0	0.0
27	protein1	28.7	3.45	3.0950000499999994
27	protein2	12.6	3.35	2.8041666999999992
27	protein3	1.0	1.8	2.05
27	r2	2.8	0.0	0.0
27	rnapol	0.85	0.0	0.0
28	__protein1_rbs	1.25	0.0	0.0
28	__protein2_rbs	1.05	0.0	0.0
28	__protein3_rbs	0.75	0.0	0.0
28	__ribosome	74.85	0.0	0.0
28	__rnase_site_ext	3.65	0.0	0.0
28	p0	0.85	0.0	0.0
28	p1	0.95	0.0	0.0
28	p2	0.95	0.0	0.0
28	protein1	31.1	3.5	3.005
28	protein2	14.35	3.45	2.8658333
28	protein3	1.25	1.95	2.3750000000000004
28	r2	2.95	0.0	0.0
28	rnapol	1.05	0.0	0.0
29	__protein1_rbs	1.9	0.0	0.0
29	__protein2_rbs	1.55	0.0	0.0
29	__protein3_rbs	1.25	0.0	0.0
29	__ribosome	74.4	0.0	0.0
29	__rnase_site_ext	3.7	0.0	0.0
29	p0	1.0	0.0	0.0
29	p1	0.85	0.0	0.0
29	p2	0.9	0.0	0.0
29	protein1	32.8	3.6	2.9008333000000004
29	protein2	16.0	3.5	2.8758332500000003
29	protein3	2.1	2.25	2.3083333999999995
29	r2	3.1	0.0	0.0
29	rnapol	1.3	0.0	0.0
30	__protein1_rbs	1.4	0.0	0.0
30	__protein2_rbs	1.3	0.0	0.0
30	__protein3_rbs	0.7	0.0	0.0
30	__ribosome	73.85	0.0	0.0
30	__rnase_site_ext	3.75	0.0	0.0
30	p0	0.9	0.0	0.0
30	p1	0.95	0.0	0.0
30	p2	0.8	0.0	0.0
30	protein1	35.2	3.7	2.7566666
30	protein2	18.15	3.5	2.855
30	protein3	2.7	2.3	2.70416665
30	r2	3.2	0.0	0.0
30	rnapol	1.5	0.0	0.0
31	__protein1_rbs	1.3	0.0	0.0
31	__protein2_rbs	1.5	0.0	0.0
31	__protein3_rbs	1.2	0.0	0.0
31	__ribosome	72.95	0.0	0.0
31	__rnase_site_ext	3.75	0.0	0.0
31	p0	0.85	0.0	0.0
31	p1	0.95	0.0	0.0
31	p2	0.8	0.0	0.0
31	protein1	36.9	3.75	2.9291667
31	protein2	19.85	3.55	2.9558333999999995
31	protein3	4.05	2.4	2.54583335
31	r2	3.3	0.0	0.0
31	rnapol	1.6	0.0	0.0
32	__protein1_rbs	1.7	0.0	0.0
32	__protein2_rbs	1.75	0.0	0.0
32	__protein3_rbs	0.95	0.0	0.0
32	__ribosome	72.7	0.0	0.0
32	__rnase_site_ext	4.0	0.0	0.0
32	p0	0.75	0.0	0.0
32	p1	0.95	0.0	0.0
32	p2	0.9	0.0	0.0
32	protein1	38.95	3.7	2.93416665
32	protein2	21.6	3.65	2.8283333500000003
32	protein3	5.15	2.5	2.575
32	r2	3.4	0.0	0.0
32	rnapol	1.45	0.0	0.0
33	__protein1_rbs	1.75	0.0	0.0
33	__protein2_rbs	1.8	0.0	0.0
33	__protein3_rbs	1.05	0.0	0.0
33	__ribosome	72.35	0.0	0.0
33	__rnase_site_ext	4.25	0.0	0.0
33	p0	0.85	0.0	0.0
33	p1	0.95	0.0	0.0
33	p2	0.85	0.0	0.0
33	protein1	40.9	3.9	2.86750005
33	protein2	23.75	3.7	2.6741667000000002
33	protein3	6.2	2.6	2.56666665
33	r2	3.45	0.0	0.0
33	rnapol	1.5	0.0	0.0
34	__protein1_rbs	1.35	0.0	0.0
34	__protein2_rbs	1.4	0.0	0.0
34	__protein3_rbs	1.0	0.0	0.0
34	__ribosome	71.0	0.0	0.0
34	__rnase_site_ext	4.3	0.0	0.0
34	p0	0.85	0.0	0.0
34	p1	0.85	0.0	0.0
34	p2	0.9	0.0	0.0
34	protein1	42.95	4.2	2.82666665
34	protein2	25.65	3.7	2.7425
34	protein3	7.25	2.65	2.8208333
34	r2	3.45	0.0	0.0
34	rnapol	1.55	0.0	0.0
35	__protein1_rbs	1.8	0.0	0.0
35	__protein2_rbs	1.75	0.0	0.0
35	__protein3_rbs	1.55	0.0	0.0
35	__ribosome	70.95	0.0	0.0
35	__rnase_site_ext	4.4	0.0	0.0
35	p0	0.65	0.0	0.0
35	p1	0.85	0.0	0.0
35	p2	0.85	0.0	0.0
35	protein1	44.85	4.3	2.8491667
35	protein2	27.75	3.7	2.6616667
35	protein3	8.7	2.7	2.7291667
35	r2	3.55	0.0	0.0
35	rnapol	1.4	0.0	0.0
36	__protein1_rbs	2.0	0.0	0.0
36	__protein2_rbs	1.3	0.0	0.0
36	__protein3_rbs	1.2	0.0	0.0
36	__ribosome	69.65	0.0	0.0
36	__rnase_site_ext	4.65	0.0	0.0
36	p0	1.0	0.0	0.0
36	p1	0.9	0.0	0.0
36	p2	0.9	0.0	0.0
36	protein1	47.1	4.3	2.8066667
36	protein2	29.55	3.75	2.83333335
36	protein3	9.65	2.85	2.7858332999999997
36	r2	3.65	0.0	0.0
36	rnapol	1.5	0.0	0.0
37	__protein1_rbs	1.7	0.0	0.0
37	__protein2_rbs	1.45	0.0	0.0
37	__protein3_rbs	1.3	0.0	0.0
37	__ribosome	69.15	0.0	0.0
37	__rnase_site_ext	4.65	0.0	0.0
37	p0	0.95	0.0	0.0
37	p1	0.9	0.0	0.0
37	p2	0.95	0.0	0.0
37	protein1	49.35	4.6	2.77666665
37	protein2	31.8	3.85	2.7491667
37	protein3	11.1	2.9	2.7208333500000004
37	r2	3.7	0.0	0.0
37	rnapol	1.5	0.0	0.0
38	__protein1_rbs	2.15	0.0	0.0
38	__protein2_rbs	1.75	0.0	0.0
38	__protein3_rbs	1.2	0.0	0.0
38	__ribosome	67.9	0.0	0.0
38	__rnase_site_ext	4.8	0.0	0.0
38	p0	0.8	0.0	0.0
38	p1	0.9	0.0	0.0
38	p2	0.85	0.0	0.0
38	protein1	51.35	4.55	2.9486905000000005
38	protein2	33.45	3.9	2.8725
38	protein3	12.75	2.95	2.7450001
38	r2	3.7	0.0	0.0
38	rnapol	1.4	0.0	0.0
39	__protein1_rbs	2.1	0.0	0.0
39	__protein2_rbs	1.2	0.0	0.0
39	__protein3_rbs	1.4	0.0	0.0
39	__ribosome	67.2	0.0	0.0
39	__rnase_site_ext	4.85	0.0	0.0
39	p0	0.85	0.0	0.0
39	p1	0.65	0.0	0.0
39	p2	0.85	0.0	0.0
39	protein1	53.85	4.75	2.8434523999999994
39	protein2	35.5	3.95	2.9000000000000004
39	protein3	14.05	3.0	2.795
39	r2	3.7	0.0	0.0
39	rnapol	1.35	0.0	0.0
40	__protein1_rbs	2.05	0.0	0.0
40	__protein2_rbs	1.65	0.0	0.0
40	__protein3_rbs	1.3	0.0	0.0
40	__ribosome	66.45	0.0	0.0
40	__rnase_site_ext	5.1	0.0	0.0
40	p0	0.9	0.0	0.0
40	p1	0.6	0.0	0.0
40	p2	1.0	0.0	0.0
40	protein1	56.05	4.75	2.9353571500000006
40	protein2	37.5	3.95	2.9675
40	protein3	15.65	3.05	2.73249995
40	r2	3.7	0.0	0.0
40	rnapol	1.3	0.0	0.0
41	__protein1_rbs	1.8	0.0	0.0
41	__protein2_rbs	1.4	0.0	0.0
41	__protein3_rbs	0.85	0.0	0.0
41	__ribosome	65.2	0.0	0.0
41	__rnase_site_ext	5.05	0.0	0.0
41	p0	0.85	0.0	0.0
41	p1	0.75	0.0	0.0
41	p2	0.9	0.0	0.0
41	protein1	58.85	5.0	2.7925
41	protein2	39.7	4.05	3.00416665
41	protein3	17.35	3.15	2.7191667
41	r2	3.8	0.0	0.0
41	rnapol	1.25	0.0	0.0
42	__protein1_rbs	2.25	0.0	0.0
42	__protein2_rbs	1.95	0.0	0.0
42	__protein3_rbs	1.75	0.0	0.0
42	__ribosome	65.55	0.0	0.0
42	__rnase_site_ext	5.1	0.0	0.0
42	p0	0.9	0.0	0.0
42	p1	0.65	0.0	0.0
42	p2	0.9	0.0	0.0
42	protein1	61.6	4.95	2.8063095000000002
42	protein2	41.7	4.3	2.84166665
42	protein3	18.85	3.15	2.66250005
42	r2	3.9	0.0	0.0
42	rnapol	1.3	0.0	0.0
43	__protein1_rbs	2.1	0.0	0.0
43	__protein2_rbs	1.8	0.0	0.0
43	__protein3_rbs	1.15	0.0	0.0
43	__ribosome	64.4	0.0	0.0
43	__rnase_site_ext	5.15	0.0	0.0
43	p0	0.95	0.0	0.0
43	p1	0.6	0.0	0.0
43	p2	0.85	0.0	0.0
43	protein1	64.2	5.1	2.7811310000000002
43	protein2	43.8	4.55	2.7391666500000005
43	protein3	20.35	3.15	2.8208333
43	r2	3.95	0.0	0.0
43	rnapol	1.2	0.0	0.0
44	__protein1_rbs	2.15	0.0	0.0
44	__protein2_rbs	2.05	0.0	0.0
44	__protein3_rbs	1.35	0.0	0.0
44	__ribosome	64.0	0.0	0.0
44	__rnase_site_ext	5.25	0.0	0.0
44	p0	0.95	0.0	0.0
44	p1	0.9	0.0	0.0
44	p2	0.85	0.0	0.0
44	protein1	66.6	5.15	2.8914286
44	protein2	46.45	4.55	2.69583335
44	protein3	22.0	3.2	2.76249995
44	r2	4.1	0.0	0.0
44	rnapol	1.2	0.0	0.0
45	__protein1_rbs	2.3	0.0	0.0
45	__protein2_rbs	2.35	0.0	0.0
45	__protein3_rbs	1.65	0.0	0.0
45	__ribosome	64.25	0.0	0.0
45	__rnase_site_ext	5.2	0.0	0.0
45	p0	0.85	0.0	0.0
45	p1	0.8	0.0	0.0
45	p2	0.85	0.0	0.0
45	protein1	69.7	5.15	2.8462500499999988
45	protein2	48.6	4.85	2.6451191
45	protein3	23.8	3.3	2.7058334
45	r2	4.15	0.0	0.0
45	rnapol	1.1	0.0	0.0
46	__protein1_rbs	1.75	0.0	0.0
46	__protein2_rbs	2.15	0.0	0.0
46	__protein3_rbs	1.55	0.0	0.0
46	__ribosome	63.45	0.0	0.0
46	__rnase_site_ext	5.45	0.0	0.0
46	p0	0.85	0.0	0.0
46	p1	0.7	0.0	0.0
46	p2	0.85	0.0	0.0
46	protein1	72.55	5.1	2.89833335
46	protein2	51.05	4.9	2.68654765
46	protein3	25.55	3.4	2.67416665
46	r2	4.3	0.0	0.0
46	rnapol	1.05	0.0	0.0
47	__protein1_rbs	2.55	0.0	0.0
47	__protein2_rbs	2.15	0.0	0.0
47	__protein3_rbs	1.45	0.0	0.0
47	__ribosome	62.2	0.0	0.0
47	__rnase_site_ext	5.45	0.0	0.0
47	p0	0.95	0.0	0.0
47	p1	0.75	0.0	0.0
47	p2	0.9	0.0	0.0
47	protein1	74.75	5.35	2.8419048
47	protein2	53.45	4.9	2.7989286000000004
47	protein3	27.0	3.35	2.8775
47	r2	4.4	0.0	0.0
47	rnapol	1.1	0.0	0.0
48	__protein1_rbs	2.25	0.0	0.0
48	__protein2_rbs	1.95	0.0	0.0
48	__protein3_rbs	2.05	0.0	0.0
48	__ribosome	62.35	0.0	0.0
48	__rnase_site_ext	5.5	0.0	0.0
48	p0	0.9	0.0	0.0
48	p1	0.8	0.0	0.0
48	p2	0.8	0.0	0.0
48	protein1	77.8	5.4	2.8023809000000006
48	protein2	55.9	5.05	2.74869045
48	protein3	28.9	3.45	2.6599999500000004
48	r2	4.6	0.0	0.0
48	rnapol	1.05	0.0	0.0
49	__protein1_rbs	2.2	0.0	0.0
49	__protein2_rbs	2.6	0.0	0.0
49	__protein3_rbs	1.1	0.0	0.0
49	__ribosome	61.9	0.0	0.0
49	__rnase_site_ext	5.6	0.0	0.0
49	p0	0.95	0.0	0.0
49	p1	0.8	0.0	0.0
49	p2	0.7	0.0	0.0
49	protein1	81.05	5.45	2.73351185
49	protein2	58.3	5.2	2.6779761000000004
49	protein3	30.55	3.5	2.7908333
49	r2	4.65	0.0	0.0
49	rnapol	1.0	0.0	0.0
50	__protein1_rbs	2.85	0.0	0.0
50	__protein2_rbs	2.4	0.0	0.0
50	__protein3_rbs	1.75	0.0	0.0
50	__ribosome	61.7	0.0	0.0
50	__rnase_site_ext	5.6	0.0	0.0
50	p0	0.9	0.0	0.0
50	p1	0.85	0.0	0.0
50	p2	0.8	0.0	0.0
50	protein1	83.35	5.45	2.79946435
50	protein2	61.05	5.3	2.59976195
50	protein3	32.4	3.6	2.6708334
50	r2	5.0	0.0	0.0
50	rnapol	0.95	0.0	0.0
51	__protein1_rbs	2.3	0.0	0.0
51	__protein2_rbs	2.25	0.0	0.0
51	__protein3_rbs	1.35	0.0	0.0
51	__ribosome	61.25	0.0	0.0
51	__rnase_site_ext	5.7	0.0	0.0
51	p0	0.9	0.0	0.0
51	p1	0.9	0.0	0.0
51	p2	0.85	0.0	0.0
51	protein1	86.7	5.55	2.68291665
51	protein2	63.85	5.35	2.58845235
51	protein3	34.0	3.75	2.73583335
51	r2	5.05	0.0	0.0
51	rnapol	0.95	0.0	0.0
52	__protein1_rbs	2.45	0.0	0.0
52	__protein2_rbs	2.5	0.0	0.0
52	__protein3_rbs	1.5	0.0	0.0
52	__ribosome	59.95	0.0	0.0
52	__rnase_site_ext	5.75	0.0	0.0
52	p0	1.0	0.0	0.0
52	p1	0.95	0.0	0.0
52	p2	0.6	0.0	0.0
52	protein1	89.3	5.65	2.7966667000000003
52	protein2	66.3	5.45	2.66916665
52	protein3	36.15	3.95	2.5591667
52	r2	5.15	0.0	0.0
52	rnapol	1.2	0.0	0.0
53	__protein1_rbs	2.3	0.0	0.0
53	__protein2_rbs	2.9	0.0	0.0
53	__protein3_rbs	2.2	0.0	0.0
53	__ribosome	60.2	0.0	0.0
53	__rnase_site_ext	5.9	0.0	0.0
53	p0	0.95	0.0	0.0
53	p1	0.75	0.0	0.0
53	p2	0.85	0.0	0.0
53	protein1	92.25	5.7	2.7728373
53	protein2	69.1	5.5	2.6304167
53	protein3	37.85	4.1	2.45416665
53	r2	5.25	0.0	0.0
53	rnapol	1.1	0.0	0.0
54	__protein1_rbs	2.6	0.0	0.0
54	__protein2_rbs	2.4	0.0	0.0
54	__protein3_rbs	2.2	0.0	0.0
54	__ribosome	59.9	0.0	0.0
54	__rnase_site_ext	6.0	0.0	0.0
54	p0	0.9	0.0	0.0
54	p1	0.85	0.0	0.0
54	p2	0.8	0.0	0.0
54	protein1	95.65	5.8	2.6391666500000004
54	protein2	71.5	5.45	2.75095235
54	protein3	39.9	4.3	2.4146428500000003
54	r2	5.4	0.0	0.0
54	rnapol	1.05	0.0	0.0
55	__protein1_rbs	2.75	0.0	0.0
55	__protein2_rbs	3.25	0.0	0.0
55	__protein3_rbs	1.55	0.0	0.0
55	__ribosome	58.7	0.0	0.0
55	__rnase_site_ext	6.05	0.0	0.0
55	p0	0.95	0.0	0.0
55	p1	0.95	0.0	0.0
55	p2	0.7	0.0	0.0
55	protein1	98.0	5.85	2.7144444000000005
55	protein2	74.3	5.6	2.5942262
55	protein3	41.45	4.4	2.6255952000000002
55	r2	5.45	0.0	0.0
55	rnapol	0.95	0.0	0.0
56	__protein1_rbs	2.6	0.0	0.0
56	__protein2_rbs	2.25	0.0	0.0
56	__protein3_rbs	2.0	0.0	0.0
56	__ribosome	58.5	0.0	0.0
56	__rnase_site_ext	6.1	0.0	0.0
56	p0	0.85	0.0	0.0
56	p1	0.8	0.0	0.0
56	p2	0.8	0.0	0.0
56	protein1	101.35	5.95	2.62295625
56	protein2	77.3	5.7	2.61190475
56	protein3	43.75	4.45	2.57833335
56	r2	5.5	0.0	0.0
56	rnapol	0.95	0.0	0.0
57	__protein1_rbs	2.9	0.0	0.0
57	__protein2_rbs	2.75	0.0	0.0
57	__protein3_rbs	1.8	0.0	0.0
57	__ribosome	57.45	0.0	0.0
57	__rnase_site_ext	6.2	0.0	0.0
57	p0	0.9	0.0	0.0
57	p1	0.8	0.0	0.0
57	p2	0.85	0.0	0.0
57	protein1	103.95	6.0	2.67555555
57	protein2	80.25	5.7	2.641785799999999
57	protein3	45.85	4.55	2.6080952
57	r2	5.6	0.0	0.0
57	rnapol	1.05	0.0	0.0
58	__protein1_rbs	2.85	0.0	0.0
58	__protein2_rbs	2.45	0.0	0.0
58	__protein3_rbs	2.05	0.0	0.0
58	__ribosome	57.0	0.0	0.0
58	__rnase_site_ext	6.15	0.0	0.0
58	p0	0.9	0.0	0.0
58	p1	0.75	0.0	0.0
58	p2	0.8	0.0	0.0
58	protein1	107.2	6.1	2.63214285
58	protein2	83.1	5.85	2.62101195
58	protein3	47.9	4.7	2.59190475
58	r2	5.65	0.0	0.0
58	rnapol	1.1	0.0	0.0
59	__protein1_rbs	2.6	0.0	0.0
59	__protein2_rbs	3.1	0.0	0.0
59	__protein3_rbs	2.1	0.0	0.0
59	__ribosome	56.5	0.0	0.0
59	__rnase_site_ext	6.35	0.0	0.0
59	p0	0.85	0.0	0.0
59	p1	0.75	0.0	0.0
59	p2	0.75	0.0	0.0
59	protein1	110.25	6.1	2.692262
59	protein2	85.85	5.8	2.6182142999999996
59	protein3	50.0	4.65	2.71476195
59	r2	5.65	0.0	0.0
59	rnapol	1.1	0.0	0.0
60	__protein1_rbs	2.8	0.0	0.0
60	__protein2_rbs	2.85	0.0	0.0
60	__protein3_rbs	2.2	0.0	0.0
60	__ribosome	55.8	0.0	0.0
60	__rnase_site_ext	6.5	0.0	0.0
60	p0	0.85	0.0	0.0
60	p1	0.8	0.0	0.0
60	p2	0.85	0.0	0.0
60	protein1	113.55	6.2	2.6470437
60	protein2	88.5	5.85	2.6314881000000003
60	protein3	52.05	4.75	2.6755952
60	r2	5.8	0.0	0.0
60	rnapol	1.15	0.0	0.0
61	__protein1_rbs	3.35	0.0	0.0
61	__protein2_rbs	2.8	0.0	0.0
61	__protein3_rbs	2.25	0.0	0.0
61	__ribosome	55.75	0.0	0.0
61	__rnase_site_ext	6.65	0.0	0.0
61	p0	0.8	0.0	0.0
61	p1	0.85	0.0	0.0
61	p2	0.9	0.0	0.0
61	protein1	116.15	6.3	2.6197817000000008
61	protein2	91.95	5.95	2.56537695
61	protein3	54.45	4.95	2.59535715
61	r2	5.95	0.0	0.0
61	rnapol	1.15	0.0	0.0
62	__protein1_rbs	3.15	0.0	0.0
62	__protein2_rbs	3.2	0.0	0.0
62	__protein3_rbs	2.3	0.0	0.0
62	__ribosome	55.2	0.0	0.0
62	__rnase_site_ext	6.65	0.0	0.0
62	p0	0.9	0.0	0.0
62	p1	0.85	0.0	0.0
62	p2	0.85	0.0	0.0
62	protein1	119.45	6.5	2.61138885
62	protein2	94.8	6.05	2.5131944000000006
62	protein3	56.8	4.95	2.6303571500000005
62	r2	6.0	0.0	0.0
62	rnapol	1.3	0.0	0.0
63	__protein1_rbs	3.55	0.0	0.0
63	__protein2_rbs	2.55	0.0	0.0
63	__protein3_rbs	2.0	0.0	0.0
63	__ribosome	53.95	0.0	0.0
63	__rnase_site_ext	6.75	0.0	0.0
63	p0	0.85	0.0	0.0
63	p1	0.9	0.0	0.0
63	p2	0.75	0.0	0.0
63	protein1	122.45	6.55	2.57811505
63	protein2	97.55	6.05	2.6547420999999995
63	protein3	59.25	5.0	2.7232738000000003
63	r2	5.95	0.0	0.0
63	rnapol	1.2	0.0	0.0
64	__protein1_rbs	2.75	0.0	0.0
64	__protein2_rbs	3.05	0.0	0.0
64	__protein3_rbs	2.25	0.0	0.0
64	__ribosome	53.25	0.0	0.0
64	__rnase_site_ext	6.9	0.0	0.0
64	p0	0.85	0.0	0.0
64	p1	0.75	0.0	0.0
64	p2	0.95	0.0	0.0
64	protein1	125.5	6.6	2.6906746
64	protein2	100.65	6.2	2.5849602500000004
64	protein3	61.95	5.05	2.6674405
64	r2	5.95	0.0	0.0
64	rnapol	1.05	0.0	0.0
65	__protein1_rbs	3.1	0.0	0.0
65	__protein2_rbs	2.95	0.0	0.0
65	__protein3_rbs	2.45	0.0	0.0
65	__ribosome	52.85	0.0	0.0
65	__rnase_site_ext	6.95	0.0	0.0
65	p0	0.85	0.0	0.0
65	p1	0.8	0.0	0.0
65	p2	0.95	0.0	0.0
65	protein1	129.3	6.7	2.6239683
65	protein2	103.65	6.25	2.5962500000000004
65	protein3	64.35	5.15	2.65232145
65	r2	6.0	0.0	0.0
65	rnapol	0.95	0.0	0.0
66	__protein1_rbs	3.15	0.0	0.0
66	__protein2_rbs	3.15	0.0	0.0
66	__protein3_rbs	2.85	0.0	0.0
66	__ribosome	52.8	0.0	0.0
66	__rnase_site_ext	7.1	0.0	0.0
66	p0	0.95	0.0	0.0
66	p1	0.7	0.0	0.0
66	p2	0.8	0.0	0.0
66	protein1	132.7	6.8	2.57376995
66	protein2	106.5	6.3	2.6382142000000006
66	protein3	66.95	5.2	2.5669048
66	r2	6.15	0.0	0.0
66	rnapol	1.0	0.0	0.0
67	__protein1_rbs	3.35	0.0	0.0
67	__protein2_rbs	2.7	0.0	0.0
67	__protein3_rbs	2.45	0.0	0.0
67	__ribosome	51.6	0.0	0.0
67	__rnase_site_ext	7.2	0.0	0.0
67	p0	0.9	0.0	0.0
67	p1	0.7	0.0	0.0
67	p2	0.85	0.0	0.0
67	protein1	135.9	6.95	2.6084523999999996
67	protein2	109.55	6.45	2.605
67	protein3	69.3	5.2	2.6472618500000005
67	r2	6.25	0.0	0.0
67	rnapol	1.1	0.0	0.0
68	__protein1_rbs	3.8	0.0	0.0
68	__protein2_rbs	3.55	0.0	0.0
68	__protein3_rbs	2.7	0.0	0.0
68	__ribosome	52.55	0.0	0.0
68	__rnase_site_ext	7.2	0.0	0.0
68	p0	0.9	0.0	0.0
68	p1	0.7	0.0	0.0
68	p2	0.85	0.0	0.0
68	protein1	138.9	7.0	2.6388690499999994
68	protein2	112.95	6.55	2.4951785499999994
68	protein3	72.25	5.25	2.47874995
68	r2	6.35	0.0	0.0
68	rnapol	1.05	0.0	0.0
69	__protein1_rbs	3.4	0.0	0.0
69	__protein2_rbs	3.6	0.0	0.0
69	__protein3_rbs	2.05	0.0	0.0
69	__ribosome	52.3	0.0	0.0
69	__rnase_site_ext	7.35	0.0	0.0
69	p0	0.85	0.0	0.0
69	p1	0.75	0.0	0.0
69	p2	0.8	0.0	0.0
69	protein1	142.75	7.0	2.56845245
69	protein2	116.05	6.75	2.4581548
69	protein3	74.95	5.35	2.5067262
69	r2	6.45	0.0	0.0
69	rnapol	0.95	0.0	0.0
70	__protein1_rbs	3.2	0.0	0.0
70	__protein2_rbs	3.2	0.0	0.0
70	__protein3_rbs	2.45	0.0	0.0
70	__ribosome	51.6	0.0	0.0
70	__rnase_site_ext	7.3	0.0	0.0
70	p0	0.95	0.0	0.0
70	p1	0.75	0.0	0.0
70	p2	0.85	0.0	0.0
70	protein1	146.5	7.1	2.5734921
70	protein2	119.35	6.85	2.48785715
70	protein3	77.6	5.3	2.5164285000000004
70	r2	6.5	0.0	0.0
70	rnapol	1.0	0.0	0.0
71	__protein1_rbs	3.05	0.0	0.0
71	__protein2_rbs	3.55	0.0	0.0
71	__protein3_rbs	2.95	0.0	0.0
71	__ribosome	51.1	0.0	0.0
71	__rnase_site_ext	7.3	0.0	0.0
71	p0	0.9	0.0	0.0
71	p1	0.65	0.0	0.0
71	p2	0.9	0.0	0.0
71	protein1	149.95	7.15	2.6091469
71	protein2	122.5	6.95	2.5151784999999998
71	protein3	79.95	5.45	2.4391666999999995
71	r2	6.6	0.0	0.0
71	rnapol	1.1	0.0	0.0
72	__protein1_rbs	3.35	0.0	0.0
72	__protein2_rbs	3.3	0.0	0.0
72	__protein3_rbs	1.95	0.0	0.0
72	__ribosome	49.95	0.0	0.0
72	__rnase_site_ext	7.45	0.0	0.0
72	p0	0.9	0.0	0.0
72	p1	0.75	0.0	0.0
72	p2	0.85	0.0	0.0
72	protein1	153.5	7.15	2.61535715
72	protein2	125.85	7.0	2.53404765
72	protein3	82.45	5.55	2.545
72	r2	6.65	0.0	0.0
72	rnapol	0.95	0.0	0.0
73	__protein1_rbs	3.15	0.0	0.0
73	__protein2_rbs	3.6	0.0	0.0
73	__protein3_rbs	2.55	0.0	0.0
73	__ribosome	49.0	0.0	0.0
73	__rnase_site_ext	7.55	0.0	0.0
73	p0	0.95	0.0	0.0
73	p1	0.75	0.0	0.0
73	p2	0.9	0.0	0.0
73	protein1	157.2	7.3	2.6146825500000004
73	protein2	128.95	7.15	2.5152976000000002
73	protein3	85.05	5.55	2.5858333000000004
73	r2	6.85	0.0	0.0
73	rnapol	0.85	0.0	0.0
74	__protein1_rbs	3.9	0.0	0.0
74	__protein2_rbs	4.05	0.0	0.0
74	__protein3_rbs	2.85	0.0	0.0
74	__ribosome	49.25	0.0	0.0
74	__rnase_site_ext	7.55	0.0	0.0
74	p0	0.9	0.0	0.0
74	p1	0.8	0.0	0.0
74	p2	0.85	0.0	0.0
74	protein1	160.8	7.35	2.6031152000000004
74	protein2	132.3	7.35	2.41160715
74	protein3	87.8	5.6	2.5575
74	r2	6.95	0.0	0.0
74	rnapol	0.85	0.0	0.0
75	__protein1_rbs	3.75	0.0	0.0
75	__protein2_rbs	3.15	0.0	0.0
75	__protein3_rbs	2.5	0.0	0.0
75	__ribosome	47.55	0.0	0.0
75	__rnase_site_ext	7.45	0.0	0.0
75	p0	0.9	0.0	0.0
75	p1	0.75	0.0	0.0
75	p2	0.75	0.0	0.0
75	protein1	164.4	7.5	2.5488889
75	protein2	135.5	7.35	2.5465477000000005
75	protein3	90.3	5.65	2.6841666500000003
75	r2	7.05	0.0	0.0
75	rnapol	0.75	0.0	0.0
76	__protein1_rbs	3.3	0.0	0.0
76	__protein2_rbs	4.05	0.0	0.0
76	__protein3_rbs	2.55	0.0	0.0
76	__ribosome	47.4	0.0	0.0
76	__rnase_site_ext	7.55	0.0	0.0
76	p0	0.95	0.0	0.0
76	p1	0.75	0.0	0.0
76	p2	0.75	0.0	0.0
76	protein1	168.1	7.35	2.6493849000000003
76	protein2	139.3	7.5	2.4153572000000003
76	protein3	92.9	5.8	2.69428575
76	r2	7.15	0.0	0.0
76	rnapol	0.85	0.0	0.0
77	__protein1_rbs	3.6	0.0	0.0
77	__protein2_rbs	3.95	0.0	0.0
77	__protein3_rbs	2.5	0.0	0.0
77	__ribosome	46.9	0.0	0.0
77	__rnase_site_ext	7.5	0.0	0.0
77	p0	0.85	0.0	0.0
77	p1	0.85	0.0	0.0
77	p2	0.9	0.0	0.0
77	protein1	171.7	7.4	2.6462897
77	protein2	142.7	7.6	2.3990276500000003
77	protein3	95.9	5.9	2.67625
77	r2	7.25	0.0	0.0
77	rnapol	0.85	0.0	0.0
78	__protein1_rbs	3.7	0.0	0.0
78	__protein2_rbs	4.45	0.0	0.0
78	__protein3_rbs	3.2	0.0	0.0
78	__ribosome	47.15	0.0	0.0
78	__rnase_site_ext	7.6	0.0	0.0
78	p0	0.85	0.0	0.0
78	p1	0.9	0.0	0.0
78	p2	0.8	0.0	0.0
78	protein1	175.3	7.3	2.6795833
78	protein2	146.25	7.6	2.35545635
78	protein3	98.8	6.1	2.5839881
78	r2	7.3	0.0	0.0
78	rnapol	0.8	0.0	0.0
79	__protein1_rbs	3.7	0.0	0.0
79	__protein2_rbs	3.35	0.0	0.0
79	__protein3_rbs	2.95	0.0	0.0
79	__ribosome	45.9	0.0	0.0
79	__rnase_site_ext	7.65	0.0	0.0
79	p0	0.9	0.0	0.0
79	p1	0.8	0.0	0.0
79	p2	0.7	0.0	0.0
79	protein1	178.95	7.4	2.6115333
79	protein2	149.45	7.7	2.4847222
79	protein3	101.4	6.15	2.61666665
79	r2	7.5	0.0	0.0
79	rnapol	0.7	0.0	0.0
80	__protein1_rbs	4.1	0.0	0.0
80	__protein2_rbs	3.8	0.0	0.0
80	__protein3_rbs	3.1	0.0	0.0
80	__ribosome	47.45	0.0	0.0
80	__rnase_site_ext	7.85	0.0	0.0
80	p0	0.85	0.0	0.0
80	p1	0.7	0.0	0.0
80	p2	0.7	0.0	0.0
80	protein1	183.15	7.6	2.46652785
80	protein2	153.4	7.6	2.44178575
80	protein3	104.8	6.2	2.5444047499999995
80	r2	7.65	0.0	0.0
80	rnapol	0.85	0.0	0.0
81	__protein1_rbs	3.15	0.0	0.0
81	__protein2_rbs	4.05	0.0	0.0
81	__protein3_rbs	3.4	0.0	0.0
81	__ribosome	47.35	0.0	0.0
81	__rnase_site_ext	7.95	0.0	0.0
81	p0	0.85	0.0	0.0
81	p1	0.75	0.0	0.0
81	p2	0.9	0.0	0.0
81	protein1	187.0	7.55	2.5553536
81	protein2	156.85	7.75	2.41964285
81	protein3	108.15	6.3	2.43142855
81	r2	7.85	0.0	0.0
81	rnapol	0.7	0.0	0.0
82	__protein1_rbs	3.75	0.0	0.0
82	__protein2_rbs	3.8	0.0	0.0
82	__protein3_rbs	3.15	0.0	0.0
82	__ribosome	46.3	0.0	0.0
82	__rnase_site_ext	8.05	0.0	0.0
82	p0	0.9	0.0	0.0
82	p1	0.8	0.0	0.0
82	p2	0.85	0.0	0.0
82	protein1	190.2	7.75	2.5719228499999995
82	protein2	160.3	7.75	2.5070040000000002
82	protein3	111.2	6.45	2.370119
82	r2	7.85	0.0	0.0
82	rnapol	0.65	0.0	0.0
83	__protein1_rbs	3.8	0.0	0.0
83	__protein2_rbs	4.2	0.0	0.0
83	__protein3_rbs	3.15	0.0	0.0
83	__ribosome	45.6	0.0	0.0
83	__rnase_site_ext	8.1	0.0	0.0
83	p0	0.95	0.0	0.0
83	p1	0.7	0.0	0.0
83	p2	0.7	0.0	0.0
83	protein1	194.0	7.75	2.5764882
83	protein2	163.85	7.95	2.4591667
83	protein3	114.1	6.45	2.4524999
83	r2	7.95	0.0	0.0
83	rnapol	0.65	0.0	0.0
84	__protein1_rbs	3.95	0.0	0.0
84	__protein2_rbs	3.8	0.0	0.0
84	__protein3_rbs	3.3	0.0	0.0
84	__ribosome	45.3	0.0	0.0
84	__rnase_site_ext	8.25	0.0	0.0
84	p0	0.85	0.0	0.0
84	p1	0.9	0.0	0.0
84	p2	0.75	0.0	0.0
84	protein1	197.55	7.95	2.5005159000000003
84	protein2	167.55	7.9	2.5008333000000005
84	protein3	116.95	6.5	2.4267262
84	r2	8.05	0.0	0.0
84	rnapol	0.7	0.0	0.0
85	__protein1_rbs	4.4	0.0	0.0
85	__protein2_rbs	4.2	0.0	0.0
85	__protein3_rbs	3.8	0.0	0.0
85	__ribosome	45.4	0.0	0.0
85	__rnase_site_ext	8.15	0.0	0.0
85	p0	0.95	0.0	0.0
85	p1	0.75	0.0	0.0
85	p2	0.75	0.0	0.0
85	protein1	201.2	8.0	2.5051677500000005
85	protein2	171.5	8.15	2.3987699000000005
85	protein3	120.15	6.75	2.29470235
85	r2	8.0	0.0	0.0
85	rnapol	0.75	0.0	0.0
86	__protein1_rbs	3.8	0.0	0.0
86	__protein2_rbs	4.95	0.0	0.0
86	__protein3_rbs	3.45	0.0	0.0
86	__ribosome	46.0	0.0	0.0
86	__rnase_site_ext	8.0	0.0	0.0
86	p0	1.0	0.0	0.0
86	p1	0.7	0.0	0.0
86	p2	0.85	0.0	0.0
86	protein1	205.6	8.0	2.4461039
86	protein2	175.4	8.05	2.3440873000000004
86	protein3	122.85	6.75	2.34535715
86	r2	8.15	0.0	0.0
86	rnapol	0.85	0.0	0.0
87	__protein1_rbs	3.75	0.0	0.0
87	__protein2_rbs	3.55	0.0	0.0
87	__protein3_rbs	3.5	0.0	0.0
87	__ribosome	44.05	0.0	0.0
87	__rnase_site_ext	8.05	0.0	0.0
87	p0	0.9	0.0	0.0
87	p1	0.8	0.0	0.0
87	p2	0.95	0.0	0.0
87	protein1	209.1	7.85	2.5554653999999997
87	protein2	178.9	8.2	2.4164664
87	protein3	125.85	6.95	2.3305356999999995
87	r2	8.15	0.0	0.0
87	rnapol	0.9	0.0	0.0
88	__protein1_rbs	4.3	0.0	0.0
88	__protein2_rbs	4.4	0.0	0.0
88	__protein3_rbs	3.9	0.0	0.0
88	__ribosome	44.0	0.0	0.0
88	__rnase_site_ext	8.05	0.0	0.0
88	p0	0.8	0.0	0.0
88	p1	0.75	0.0	0.0
88	p2	0.85	0.0	0.0
88	protein1	212.9	7.9	2.51277055
88	protein2	182.65	8.25	2.39588925
88	protein3	128.85	7.1	2.322996
88	r2	8.3	0.0	0.0
88	rnapol	0.95	0.0	0.0
89	__protein1_rbs	4.1	0.0	0.0
89	__protein2_rbs	4.8	0.0	0.0
89	__protein3_rbs	3.45	0.0	0.0
89	__ribosome	44.35	0.0	0.0
89	__rnase_site_ext	8.15	0.0	0.0
89	p0	0.9	0.0	0.0
89	p1	0.65	0.0	0.0
89	p2	0.85	0.0	0.0
89	protein1	216.95	7.85	2.50409265
89	protein2	186.75	8.4	2.29683625
89	protein3	131.95	7.1	2.3938294000000004
89	r2	8.35	0.0	0.0
89	rnapol	0.9	0.0	0.0
90	__protein1_rbs	4.2	0.0	0.0
90	__protein2_rbs	4.25	0.0	0.0
90	__protein3_rbs	3.55	0.0	0.0
90	__ribosome	43.9	0.0	0.0
90	__rnase_site_ext	8.2	0.0	0.0
90	p0	0.95	0.0	0.0
90	p1	0.75	0.0	0.0
90	p2	0.7	0.0	0.0
90	protein1	220.7	8.0	2.4521897999999998
90	protein2	190.5	8.4	2.3136021
90	protein3	135.05	7.1	2.4723808999999997
90	r2	8.5	0.0	0.0
90	rnapol	0.9	0.0	0.0
91	__protein1_rbs	4.0	0.0	0.0
91	__protein2_rbs	4.7	0.0	0.0
91	__protein3_rbs	3.4	0.0	0.0
91	__ribosome	43.05	0.0	0.0
91	__rnase_site_ext	8.3	0.0	0.0
91	p0	0.95	0.0	0.0
91	p1	0.7	0.0	0.0
91	p2	0.85	0.0	0.0
91	protein1	224.55	8.05	2.4247439499999994
91	protein2	193.9	8.6	2.3187843
91	protein3	138.35	7.15	2.5199406000000004
91	r2	8.5	0.0	0.0
91	rnapol	1.05	0.0	0.0
92	__protein1_rbs	4.35	0.0	0.0
92	__protein2_rbs	3.9	0.0	0.0
92	__protein3_rbs	3.35	0.0	0.0
92	__ribosome	41.95	0.0	0.0
92	__rnase_site_ext	8.3	0.0	0.0
92	p0	0.95	0.0	0.0
92	p1	0.85	0.0	0.0
92	p2	0.8	0.0	0.0
92	protein1	228.75	8.1	2.3408785
92	protein2	197.6	8.75	2.408777
92	protein3	141.5	7.3	2.5497024500000003
92	r2	8.5	0.0	0.0
92	rnapol	1.2	0.0	0.0
93	__protein1_rbs	4.4	0.0	0.0
93	__protein2_rbs	5.0	0.0	0.0
93	__protein3_rbs	4.15	0.0	0.0
93	__ribosome	43.4	0.0	0.0
93	__rnase_site_ext	8.45	0.0	0.0
93	p0	0.7	0.0	0.0
93	p1	0.85	0.0	0.0
93	p2	0.85	0.0	0.0
93	protein1	232.7	8.15	2.2817712500000003
93	protein2	201.85	8.6	2.35557715
93	protein3	145.0	7.4	2.4757936500000004
93	r2	8.65	0.0	0.0
93	rnapol	1.05	0.0	0.0
94	__protein1_rbs	3.85	0.0	0.0
94	__protein2_rbs	4.7	0.0	0.0
94	__protein3_rbs	4.15	0.0	0.0
94	__ribosome	43.05	0.0	0.0
94	__rnase_site_ext	8.6	0.0	0.0
94	p0	0.8	0.0	0.0
94	p1	0.85	0.0	0.0
94	p2	0.75	0.0	0.0
94	protein1	236.15	8.3	2.3464917
94	protein2	205.6	8.7	2.31448765
94	protein3	148.85	7.5	2.3797024
94	r2	8.8	0.0	0.0
94	rnapol	0.95	0.0	0.0
95	__protein1_rbs	3.7	0.0	0.0
95	__protein2_rbs	4.65	0.0	0.0
95	__protein3_rbs	3.85	0.0	0.0
95	__ribosome	41.35	0.0	0.0
95	__rnase_site_ext	8.65	0.0	0.0
95	p0	0.95	0.0	0.0
95	p1	0.8	0.0	0.0
95	p2	0.75	0.0	0.0
95	protein1	239.95	8.3	2.4411851
95	protein2	209.4	8.5	2.4259343000000007
95	protein3	151.9	7.6	2.4272223
95	r2	8.75	0.0	0.0
95	rnapol	0.85	0.0	0.0
96	__protein1_rbs	5.0	0.0	0.0
96	__protein2_rbs	4.9	0.0	0.0
96	__protein3_rbs	3.85	0.0	0.0
96	__ribosome	42.25	0.0	0.0
96	__rnase_site_ext	8.6	0.0	0.0
96	p0	0.95	0.0	0.0
96	p1	0.75	0.0	0.0
96	p2	0.8	0.0	0.0
96	protein1	243.55	8.45	2.3627741500000004
96	protein2	213.55	8.6	2.3257142999999996
96	protein3	156.0	7.7	2.3774603
96	r2	8.95	0.0	0.0
96	rnapol	0.95	0.0	0.0
97	__protein1_rbs	4.45	0.0	0.0
97	__protein2_rbs	4.25	0.0	0.0
97	__protein3_rbs	4.35	0.0	0.0
97	__ribosome	42.5	0.0	0.0
97	__rnase_site_ext	8.85	0.0	0.0
97	p0	0.8	0.0	0.0
97	p1	0.8	0.0	0.0
97	p2	0.75	0.0	0.0
97	protein1	247.2	8.35	2.4489124500000004
97	protein2	217.9	8.6	2.3209542
97	protein3	159.45	7.8	2.2808694000000003
97	r2	9.05	0.0	0.0
97	rnapol	0.85	0.0	0.0
98	__protein1_rbs	4.85	0.0	0.0
98	__protein2_rbs	4.4	0.0	0.0
98	__protein3_rbs	4.0	0.0	0.0
98	__ribosome	41.55	0.0	0.0
98	__rnase_site_ext	8.8	0.0	0.0
98	p0	0.9	0.0	0.0
98	p1	0.95	0.0	0.0
98	p2	0.75	0.0	0.0
98	protein1	251.0	8.55	2.3774530999999994
98	protein2	221.45	8.65	2.3957412999999996
98	protein3	162.8	7.75	2.3289412
98	r2	9.0	0.0	0.0
98	rnapol	0.75	0.0	0.0
99	__protein1_rbs	4.75	0.0	0.0
99	__protein2_rbs	4.4	0.0	0.0
99	__protein3_rbs	4.25	0.0	0.0
99	__ribosome	41.25	0.0	0.0
99	__rnase_site_ext	8.85	0.0	0.0
99	p0	0.95	0.0	0.0
99	p1	0.9	0.0	0.0
99	p2	0.75	0.0	0.0
99	protein1	254.6	8.6	2.37581525
99	protein2	225.45	8.8	2.4065999500000004
99	protein3	166.55	7.85	2.2626929
99	r2	9.15	0.0	0.0
99	rnapol	0.8	0.0	0.0
100	__protein1_rbs	4.4	0.0	0.0
100	__protein2_rbs	4.9	0.0	0.0
100	__protein3_rbs	4.4	0.0	0.0
100	__ribosome	42.1	0.0	0.0
100	__rnase_site_ext	8.75	0.0	0.0
100	p0	0.95	0.0	0.0
100	p1	0.75	0.0	0.0
100	p2	0.7	0.0	0.0
100	protein1	259.0	8.7	2.31662165
100	protein2	229.75	8.65	2.3508748500000003
100	protein3	169.85	8.0	2.25438845
100	r2	9.15	0.0	0.0
100	rnapol	0.9	0.0	0.0
101	__protein1_rbs	4.8	0.0	0.0
101	__protein2_rbs	5.2	0.0	0.0
101	__protein3_rbs	4.35	0.0	0.0
101	__ribosome	43.1	0.0	0.0
101	__rnase_site_ext	8.8	0.0	0.0
101	p0	0.9	0.0	0.0
101	p1	0.7	0.0	0.0
101	p2	0.85	0.0	0.0
101	protein1	263.15	8.6	2.28904405
101	protein2	233.35	8.7	2.32429115
101	protein3	173.8	8.1	2.18151875
101	r2	9.25	0.0	0.0
101	rnapol	0.85	0.0	0.0
102	__protein1_rbs	5.0	0.0	0.0
102	__protein2_rbs	4.45	0.0	0.0
102	__protein3_rbs	4.45	0.0	0.0
102	__ribosome	41.2	0.0	0.0
102	__rnase_site_ext	8.8	0.0	0.0
102	p0	0.95	0.0	0.0
102	p1	0.7	0.0	0.0
102	p2	0.9	0.0	0.0
102	protein1	266.75	8.5	2.3412789500000004
102	protein2	237.0	8.8	2.3642334000000003
102	protein3	176.55	8.2	2.2894607
102	r2	9.35	0.0	0.0
102	rnapol	1.0	0.0	0.0
103	__protein1_rbs	4.15	0.0	0.0
103	__protein2_rbs	4.9	0.0	0.0
103	__protein3_rbs	4.2	0.0	0.0
103	__ribosome	41.9	0.0	0.0
103	__rnase_site_ext	8.7	0.0	0.0
103	p0	0.95	0.0	0.0
103	p1	0.8	0.0	0.0
103	p2	0.85	0.0	0.0
103	protein1	270.85	8.55	2.3334271500000003
103	protein2	241.4	8.85	2.2888131
103	protein3	180.6	8.3	2.2411273
103	r2	9.3	0.0	0.0
103	rnapol	1.0	0.0	0.0
104	__protein1_rbs	4.5	0.0	0.0
104	__protein2_rbs	4.8	0.0	0.0
104	__protein3_rbs	4.65	0.0	0.0
104	__ribosome	41.5	0.0	0.0
104	__rnase_site_ext	8.7	0.0	0.0
104	p0	0.9	0.0	0.0
104	p1	0.7	0.0	0.0
104	p2	0.8	0.0	0.0
104	protein1	274.75	8.5	2.3703138999999998
104	protein2	245.45	8.95	2.2428842
104	protein3	184.0	8.3	2.2822871
104	r2	9.2	0.0	0.0
104	rnapol	0.95	0.0	0.0
105	__protein1_rbs	4.5	0.0	0.0
105	__protein2_rbs	3.95	0.0	0.0
105	__protein3_rbs	4.4	0.0	0.0
105	__ribosome	40.7	0.0	0.0
105	__rnase_site_ext	8.85	0.0	0.0
105	p0	0.9	0.0	0.0
105	p1	0.8	0.0	0.0
105	p2	0.8	0.0	0.0
105	protein1	278.95	8.45	2.33190115
105	protein2	249.35	8.95	2.3340818
105	protein3	187.35	8.25	2.3438365
105	r2	9.15	0.0	0.0
105	rnapol	0.95	0.0	0.0
106	__protein1_rbs	4.45	0.0	0.0
106	__protein2_rbs	5.4	0.0	0.0
106	__protein3_rbs	4.5	0.0	0.0
106	__ribosome	39.9	0.0	0.0
106	__rnase_site_ext	8.95	0.0	0.0
106	p0	0.85	0.0	0.0
106	p1	0.8	0.0	0.0
106	p2	0.85	0.0	0.0
106	protein1	282.6	8.5	2.3708586
106	protein2	253.0	9.0	2.32588555
106	protein3	190.85	8.3	2.37051945
106	r2	9.2	0.0	0.0
106	rnapol	1.0	0.0	0.0
107	__protein1_rbs	5.25	0.0	0.0
107	__protein2_rbs	4.5	0.0	0.0
107	__protein3_rbs	4.1	0.0	0.0
107	__ribosome	40.05	0.0	0.0
107	__rnase_site_ext	8.9	0.0	0.0
107	p0	0.95	0.0	0.0
107	p1	0.95	0.0	0.0
107	p2	0.95	0.0	0.0
107	protein1	286.15	8.6	2.31529935
107	protein2	257.5	9.1	2.2906709
107	protein3	194.9	8.45	2.3487915
107	r2	9.15	0.0	0.0
107	rnapol	1.05	0.0	0.0
108	__protein1_rbs	4.95	0.0	0.0
108	__protein2_rbs	4.65	0.0	0.0
108	__protein3_rbs	4.5	0.0	0.0
108	__ribosome	39.95	0.0	0.0
108	__rnase_site_ext	9.1	0.0	0.0
108	p0	0.7	0.0	0.0
108	p1	0.85	0.0	0.0
108	p2	0.85	0.0	0.0
108	protein1	290.65	8.7	2.2409991499999995
108	protein2	261.15	9.15	2.3421662999999997
108	protein3	198.9	8.6	2.3111364
108	r2	9.3	0.0	0.0
108	rnapol	1.0	0.0	0.0
109	__protein1_rbs	4.8	0.0	0.0
109	__protein2_rbs	4.95	0.0	0.0
109	__protein3_rbs	5.05	0.0	0.0
109	__ribosome	38.75	0.0	0.0
109	__rnase_site_ext	9.25	0.0	0.0
109	p0	0.85	0.0	0.0
109	p1	0.8	0.0	0.0
109	p2	0.75	0.0	0.0
109	protein1	294.05	8.65	2.3066919
109	protein2	264.9	9.2	2.40172975
109	protein3	202.3	8.6	2.31694265
109	r2	9.55	0.0	0.0
109	rnapol	0.85	0.0	0.0
110	__protein1_rbs	4.65	0.0	0.0
110	__protein2_rbs	5.3	0.0	0.0
110	__protein3_rbs	4.8	0.0	0.0
110	__ribosome	40.25	0.0	0.0
110	__rnase_site_ext	9.4	0.0	0.0
110	p0	0.9	0.0	0.0
110	p1	0.8	0.0	0.0
110	p2	0.7	0.0	0.0
110	protein1	298.1	8.95	2.22817825
110	protein2	269.8	9.2	2.2732990000000006
110	protein3	206.35	8.55	2.28356775
110	r2	9.55	0.0	0.0
110	rnapol	0.8	0.0	0.0
111	__protein1_rbs	4.8	0.0	0.0
111	__protein2_rbs	5.65	0.0	0.0
111	__protein3_rbs	4.8	0.0	0.0
111	__ribosome	40.05	0.0	0.0
111	__rnase_site_ext	9.2	0.0	0.0
111	p0	0.95	0.0	0.0
111	p1	0.9	0.0	0.0
111	p2	0.65	0.0	0.0
111	protein1	302.55	9.05	2.1785841999999995
111	protein2	273.45	9.25	2.27924605
111	protein3	210.0	8.6	2.32125
111	r2	9.65	0.0	0.0
111	rnapol	0.85	0.0	0.0
112	__protein1_rbs	4.8	0.0	0.0
112	__protein2_rbs	5.65	0.0	0.0
112	__protein3_rbs	4.75	0.0	0.0
112	__ribosome	40.3	0.0	0.0
112	__rnase_site_ext	9.25	0.0	0.0
112	p0	0.95	0.0	0.0
112	p1	0.75	0.0	0.0
112	p2	0.7	0.0	0.0
112	protein1	305.85	8.95	2.2977976000000004
112	protein2	277.6	9.3	2.1979311000000004
112	protein3	213.9	8.65	2.25148805
112	r2	9.65	0.0	0.0
112	rnapol	0.95	0.0	0.0
113	__protein1_rbs	4.7	0.0	0.0
113	__protein2_rbs	4.95	0.0	0.0
113	__protein3_rbs	4.1	0.0	0.0
113	__ribosome	40.4	0.0	0.0
113	__rnase_site_ext	9.2	0.0	0.0
113	p0	0.95	0.0	0.0
113	p1	0.7	0.0	0.0
113	p2	0.75	0.0	0.0
113	protein1	310.05	9.1	2.2546446
113	protein2	282.1	9.3	2.1763149
113	protein3	218.1	8.85	2.2131512000000004
113	r2	9.65	0.0	0.0
113	rnapol	1.0	0.0	0.0
114	__protein1_rbs	5.1	0.0	0.0
114	__protein2_rbs	4.7	0.0	0.0
114	__protein3_rbs	4.7	0.0	0.0
114	__ribosome	39.65	0.0	0.0
114	__rnase_site_ext	9.25	0.0	0.0
114	p0	0.95	0.0	0.0
114	p1	0.8	0.0	0.0
114	p2	0.8	0.0	0.0
114	protein1	313.3	8.95	2.3487704000000003
114	protein2	286.5	9.25	2.1872438
114	protein3	221.75	8.85	2.2542606
114	r2	9.7	0.0	0.0
114	rnapol	1.0	0.0	0.0
115	__protein1_rbs	5.05	0.0	0.0
115	__protein2_rbs	5.45	0.0	0.0
115	__protein3_rbs	4.85	0.0	0.0
115	__ribosome	40.15	0.0	0.0
115	__rnase_site_ext	9.2	0.0	0.0
115	p0	0.9	0.0	0.0
115	p1	0.65	0.0	0.0
115	p2	0.85	0.0	0.0
115	protein1	317.8	8.95	2.26437035
115	protein2	290.25	9.6	2.14507355
115	protein3	225.8	8.95	2.2186155000000003
115	r2	9.6	0.0	0.0
115	rnapol	0.95	0.0	0.0
116	__protein1_rbs	4.8	0.0	0.0
116	__protein2_rbs	5.2	0.0	0.0
116	__protein3_rbs	5.05	0.0	0.0
116	__ribosome	39.0	0.0	0.0
116	__rnase_site_ext	9.25	0.0	0.0
116	p0	1.0	0.0	0.0
116	p1	0.75	0.0	0.0
116	p2	0.9	0.0	0.0
116	protein1	321.7	8.85	2.2806728
116	protein2	293.65	9.5	2.2534211500000003
116	protein3	229.15	9.05	2.2308779000000003
116	r2	9.65	0.0	0.0
116	rnapol	0.95	0.0	0.0
117	__protein1_rbs	5.1	0.0	0.0
117	__protein2_rbs	5.2	0.0	0.0
117	__protein3_rbs	5.3	0.0	0.0
117	__ribosome	38.8	0.0	0.0
117	__rnase_site_ext	9.05	0.0	0.0
117	p0	1.0	0.0	0.0
117	p1	0.85	0.0	0.0
117	p2	0.9	0.0	0.0
117	protein1	325.7	8.95	2.2599387
117	protein2	297.7	9.75	2.23141485
117	protein3	233.0	9.1	2.1933946499999992
117	r2	9.7	0.0	0.0
117	rnapol	1.15	0.0	0.0
118	__protein1_rbs	4.5	0.0	0.0
118	__protein2_rbs	5.65	0.0	0.0
118	__protein3_rbs	4.6	0.0	0.0
118	__ribosome	38.15	0.0	0.0
118	__rnase_site_ext	9.1	0.0	0.0
118	p0	0.9	0.0	0.0
118	p1	0.8	0.0	0.0
118	p2	0.85	0.0	0.0
118	protein1	329.75	8.8	2.3523810000000003
118	protein2	301.7	9.95	2.1946362999999995
118	protein3	237.15	9.15	2.2214657000000004
118	r2	9.7	0.0	0.0
118	rnapol	1.3	0.0	0.0
119	__protein1_rbs	5.2	0.0	0.0
119	__protein2_rbs	5.5	0.0	0.0
119	__protein3_rbs	5.45	0.0	0.0
119	__ribosome	39.2	0.0	0.0
119	__rnase_site_ext	9.3	0.0	0.0
119	p0	0.85	0.0	0.0
119	p1	0.8	0.0	0.0
119	p2	0.95	0.0	0.0
119	protein1	333.95	8.7	2.3322438
119	protein2	306.0	9.75	2.2250486500000006
119	protein3	240.95	9.05	2.2017137000000004
119	r2	9.7	0.0	0.0
119	rnapol	1.25	0.0	0.0
120	__protein1_rbs	5.25	0.0	0.0
120	__protein2_rbs	5.15	0.0	0.0
120	__protein3_rbs	4.65	0.0	0.0
120	__ribosome	37.85	0.0	0.0
120	__rnase_site_ext	9.45	0.0	0.0
120	p0	0.85	0.0	0.0
120	p1	0.85	0.0	0.0
120	p2	0.85	0.0	0.0
120	protein1	337.65	8.95	2.2178102500000003
120	protein2	310.25	9.75	2.29241355
120	protein3	244.7	9.05	2.3181363999999998
120	r2	9.9	0.0	0.0
120	rnapol	1.2	0.0	0.0
121	__protein1_rbs	4.75	0.0	0.0
121	__protein2_rbs	5.6	0.0	0.0
121	__protein3_rbs	5.2	0.0	0.0
121	__ribosome	38.25	0.0	0.0
121	__rnase_site_ext	9.8	0.0	0.0
121	p0	0.75	0.0	0.0
121	p1	0.9	0.0	0.0
121	p2	0.85	0.0	0.0
121	protein1	341.65	9.05	2.2637788500000005
121	protein2	314.65	9.75	2.24581665
121	protein3	248.7	9.0	2.2600167000000004
121	r2	9.95	0.0	0.0
121	rnapol	1.05	0.0	0.0
122	__protein1_rbs	5.7	0.0	0.0
122	__protein2_rbs	5.2	0.0	0.0
122	__protein3_rbs	5.2	0.0	0.0
122	__ribosome	37.4	0.0	0.0
122	__rnase_site_ext	9.95	0.0	0.0
122	p0	1.0	0.0	0.0
122	p1	0.95	0.0	0.0
122	p2	0.7	0.0	0.0
122	protein1	345.55	9.4	2.16058875
122	protein2	318.8	9.9	2.2736147000000004
122	protein3	252.65	9.2	2.2407280500000004
122	r2	10.15	0.0	0.0
122	rnapol	1.05	0.0	0.0
123	__protein1_rbs	5.5	0.0	0.0
123	__protein2_rbs	5.55	0.0	0.0
123	__protein3_rbs	4.6	0.0	0.0
123	__ribosome	37.4	0.0	0.0
123	__rnase_site_ext	10.0	0.0	0.0
123	p0	0.95	0.0	0.0
123	p1	0.9	0.0	0.0
123	p2	0.75	0.0	0.0
123	protein1	349.4	9.6	2.142018450000001
123	protein2	323.4	9.8	2.2623161000000005
123	protein3	256.8	9.1	2.2925595000000003
123	r2	10.25	0.0	0.0
123	rnapol	1.0	0.0	0.0
124	__protein1_rbs	5.75	0.0	0.0
124	__protein2_rbs	5.1	0.0	0.0
124	__protein3_rbs	5.2	0.0	0.0
124	__ribosome	38.0	0.0	0.0
124	__rnase_site_ext	9.9	0.0	0.0
124	p0	0.95	0.0	0.0
124	p1	1.0	0.0	0.0
124	p2	0.65	0.0	0.0
124	protein1	353.9	9.6	2.06155495
124	protein2	327.75	9.8	2.2709236
124	protein3	260.5	9.2	2.2808634
124	r2	10.25	0.0	0.0
124	rnapol	1.05	0.0	0.0
125	__protein1_rbs	5.3	0.0	0.0
125	__protein2_rbs	5.45	0.0	0.0
125	__protein3_rbs	5.5	0.0	0.0
125	__ribosome	37.3	0.0	0.0
125	__rnase_site_ext	10.05	0.0	0.0
125	p0	0.8	0.0	0.0
125	p1	0.85	0.0	0.0
125	p2	0.65	0.0	0.0
125	protein1	357.1	9.55	2.21395695
125	protein2	331.95	9.75	2.2737554
125	protein3	264.85	9.35	2.1849198500000004
125	r2	10.35	0.0	0.0
125	rnapol	0.75	0.0	0.0
126	__protein1_rbs	5.55	0.0	0.0
126	__protein2_rbs	5.35	0.0	0.0
126	__protein3_rbs	5.0	0.0	0.0
126	__ribosome	37.3	0.0	0.0
126	__rnase_site_ext	10.15	0.0	0.0
126	p0	0.9	0.0	0.0
126	p1	0.7	0.0	0.0
126	p2	0.8	0.0	0.0
126	protein1	361.4	9.55	2.15424565
126	protein2	336.05	9.7	2.3388835
126	protein3	269.0	9.45	2.1679249
126	r2	10.4	0.0	0.0
126	rnapol	0.85	0.0	0.0
127	__protein1_rbs	5.7	0.0	0.0
127	__protein2_rbs	5.75	0.0	0.0
127	__protein3_rbs	5.05	0.0	0.0
127	__ribosome	37.3	0.0	0.0
127	__rnase_site_ext	10.0	0.0	0.0
127	p0	0.95	0.0	0.0
127	p1	0.75	0.0	0.0
127	p2	0.85	0.0	0.0
127	protein1	365.25	9.65	2.16754665
127	protein2	340.95	9.65	2.2664699500000003
127	protein3	272.95	9.6	2.1790599
127	r2	10.35	0.0	0.0
127	rnapol	0.9	0.0	0.0
128	__protein1_rbs	5.5	0.0	0.0
128	__protein2_rbs	5.2	0.0	0.0
128	__protein3_rbs	5.35	0.0	0.0
128	__ribosome	36.0	0.0	0.0
128	__rnase_site_ext	10.05	0.0	0.0
128	p0	0.85	0.0	0.0
128	p1	0.55	0.0	0.0
128	p2	0.9	0.0	0.0
128	protein1	369.5	9.65	2.18508515
128	protein2	345.0	9.7	2.29044965
128	protein3	276.8	9.8	2.19033005
128	r2	10.45	0.0	0.0
128	rnapol	0.9	0.0	0.0
129	__protein1_rbs	5.15	0.0	0.0
129	__protein2_rbs	5.75	0.0	0.0
129	__protein3_rbs	5.8	0.0	0.0
129	__ribosome	36.6	0.0	0.0
129	__rnase_site_ext	10.15	0.0	0.0
129	p0	0.9	0.0	0.0
129	p1	0.65	0.0	0.0
129	p2	0.95	0.0	0.0
129	protein1	373.65	9.7	2.19421085
129	protein2	349.4	9.8	2.2131197
129	protein3	281.15	9.85	2.14631305
129	r2	10.5	0.0	0.0
129	rnapol	0.9	0.0	0.0
130	__protein1_rbs	5.75	0.0	0.0
130	__protein2_rbs	6.05	0.0	0.0
130	__protein3_rbs	5.65	0.0	0.0
130	__ribosome	36.0	0.0	0.0
130	__rnase_site_ext	10.1	0.0	0.0
130	p0	0.95	0.0	0.0
130	p1	0.9	0.0	0.0
130	p2	0.85	0.0	0.0
130	protein1	377.25	9.75	2.22344905
130	protein2	353.45	10.0	2.148961
130	protein3	284.85	9.85	2.2066829500000003
130	r2	10.5	0.0	0.0
130	rnapol	0.9	0.0	0.0
131	__protein1_rbs	6.2	0.0	0.0
131	__protein2_rbs	5.6	0.0	0.0
131	__protein3_rbs	5.25	0.0	0.0
131	__ribosome	36.25	0.0	0.0
131	__rnase_site_ext	10.1	0.0	0.0
131	p0	0.8	0.0	0.0
131	p1	0.9	0.0	0.0
131	p2	0.8	0.0	0.0
131	protein1	381.3	9.75	2.18266535
131	protein2	358.2	10.15	2.11603155
131	protein3	288.75	9.8	2.2716126
131	r2	10.35	0.0	0.0
131	rnapol	0.8	0.0	0.0
132	__protein1_rbs	5.6	0.0	0.0
132	__protein2_rbs	5.35	0.0	0.0
132	__protein3_rbs	5.5	0.0	0.0
132	__ribosome	36.1	0.0	0.0
132	__rnase_site_ext	10.25	0.0	0.0
132	p0	0.9	0.0	0.0
132	p1	0.75	0.0	0.0
132	p2	0.8	0.0	0.0
132	protein1	385.25	9.7	2.1914917999999997
132	protein2	361.95	10.1	2.2414098000000005
132	protein3	293.55	9.75	2.1969102
132	r2	10.25	0.0	0.0
132	rnapol	0.95	0.0	0.0
133	__protein1_rbs	5.4	0.0	0.0
133	__protein2_rbs	5.7	0.0	0.0
133	__protein3_rbs	5.5	0.0	0.0
133	__ribosome	36.4	0.0	0.0
133	__rnase_site_ext	10.3	0.0	0.0
133	p0	0.85	0.0	0.0
133	p1	0.8	0.0	0.0
133	p2	1.0	0.0	0.0
133	protein1	389.35	9.85	2.13012155
133	protein2	366.3	10.15	2.24433315
133	protein3	298.0	9.85	2.1419227000000003
133	r2	10.15	0.0	0.0
133	rnapol	1.05	0.0	0.0
134	__protein1_rbs	5.55	0.0	0.0
134	__protein2_rbs	5.35	0.0	0.0
134	__protein3_rbs	5.8	0.0	0.0
134	__ribosome	36.55	0.0	0.0
134	__rnase_site_ext	10.35	0.0	0.0
134	p0	0.95	0.0	0.0
134	p1	0.9	0.0	0.0
134	p2	0.9	0.0	0.0
134	protein1	394.05	9.9	2.02199185
134	protein2	370.5	10.25	2.2933856
134	protein3	302.2	9.9	2.1088679
134	r2	10.25	0.0	0.0
134	rnapol	1.0	0.0	0.0
135	__protein1_rbs	5.6	0.0	0.0
135	__protein2_rbs	5.8	0.0	0.0
135	__protein3_rbs	5.65	0.0	0.0
135	__ribosome	35.65	0.0	0.0
135	__rnase_site_ext	10.4	0.0	0.0
135	p0	0.9	0.0	0.0
135	p1	0.8	0.0	0.0
135	p2	0.8	0.0	0.0
135	protein1	397.7	9.95	2.11445025
135	protein2	374.75	10.2	2.3295182
135	protein3	306.15	9.9	2.1112160500000003
135	r2	10.5	0.0	0.0
135	rnapol	1.05	0.0	0.0
136	__protein1_rbs	5.55	0.0	0.0
136	__protein2_rbs	6.2	0.0	0.0
136	__protein3_rbs	5.15	0.0	0.0
136	__ribosome	34.9	0.0	0.0
136	__rnase_site_ext	10.4	0.0	0.0
136	p0	0.7	0.0	0.0
136	p1	0.75	0.0	0.0
136	p2	0.8	0.0	0.0
136	protein1	401.55	10.0	2.1805149
136	protein2	379.4	10.3	2.2342298500000006
136	protein3	310.1	9.9	2.17916955
136	r2	10.65	0.0	0.0
136	rnapol	0.75	0.0	0.0
137	__protein1_rbs	5.75	0.0	0.0
137	__protein2_rbs	6.25	0.0	0.0
137	__protein3_rbs	6.7	0.0	0.0
137	__ribosome	37.1	0.0	0.0
137	__rnase_site_ext	10.45	0.0	0.0
137	p0	0.95	0.0	0.0
137	p1	0.8	0.0	0.0
137	p2	0.6	0.0	0.0
137	protein1	405.7	9.9	2.1645425000000005
137	protein2	383.9	10.3	2.16834415
137	protein3	314.4	9.85	2.0766854
137	r2	10.7	0.0	0.0
137	rnapol	0.8	0.0	0.0
138	__protein1_rbs	5.3	0.0	0.0
138	__protein2_rbs	6.45	0.0	0.0
138	__protein3_rbs	5.4	0.0	0.0
138	__ribosome	36.3	0.0	0.0
138	__rnase_site_ext	10.5	0.0	0.0
138	p0	1.0	0.0	0.0
138	p1	0.65	0.0	0.0
138	p2	0.65	0.0	0.0
138	protein1	409.2	10.1	2.1958289499999992
138	protein2	388.1	10.5	2.1027701000000003
138	protein3	318.9	9.9	2.0770904999999997
138	r2	10.7	0.0	0.0
138	rnapol	0.9	0.0	0.0
139	__protein1_rbs	5.7	0.0	0.0
139	__protein2_rbs	5.75	0.0	0.0
139	__protein3_rbs	5.95	0.0	0.0
139	__ribosome	36.25	0.0	0.0
139	__rnase_site_ext	10.55	0.0	0.0
139	p0	0.9	0.0	0.0
139	p1	0.8	0.0	0.0
139	p2	0.85	0.0	0.0
139	protein1	414.0	10.1	2.1803851
139	protein2	392.65	10.6	2.10579035
139	protein3	322.75	10.05	2.0605339499999995
139	r2	10.75	0.0	0.0
139	rnapol	0.85	0.0	0.0
140	__protein1_rbs	5.65	0.0	0.0
140	__protein2_rbs	6.1	0.0	0.0
140	__protein3_rbs	6.4	0.0	0.0
140	__ribosome	36.4	0.0	0.0
140	__rnase_site_ext	10.45	0.0	0.0
140	p0	0.95	0.0	0.0
140	p1	0.8	0.0	0.0
140	p2	0.9	0.0	0.0
140	protein1	418.45	10.15	2.1889952999999998
140	protein2	397.55	10.65	2.0641476
140	protein3	326.6	10.05	2.0921389999999995
140	r2	10.8	0.0	0.0
140	rnapol	0.85	0.0	0.0
141	__protein1_rbs	6.0	0.0	0.0
141	__protein2_rbs	6.7	0.0	0.0
141	__protein3_rbs	5.6	0.0	0.0
141	__ribosome	35.75	0.0	0.0
141	__rnase_site_ext	10.4	0.0	0.0
141	p0	0.95	0.0	0.0
141	p1	0.8	0.0	0.0
141	p2	0.8	0.0	0.0
141	protein1	422.25	10.1	2.1961178500000003
141	protein2	401.3	10.8	2.0293471999999997
141	protein3	331.05	10.15	2.0729714500000003
141	r2	10.8	0.0	0.0
141	rnapol	0.8	0.0	0.0
142	__protein1_rbs	5.75	0.0	0.0
142	__protein2_rbs	6.4	0.0	0.0
142	__protein3_rbs	6.3	0.0	0.0
142	__ribosome	34.75	0.0	0.0
142	__rnase_site_ext	10.35	0.0	0.0
142	p0	0.9	0.0	0.0
142	p1	0.85	0.0	0.0
142	p2	0.75	0.0	0.0
142	protein1	426.3	9.95	2.27116355
142	protein2	405.3	10.95	2.06596365
142	protein3	334.9	10.2	2.08868955
142	r2	10.65	0.0	0.0
142	rnapol	0.85	0.0	0.0
143	__protein1_rbs	5.55	0.0	0.0
143	__protein2_rbs	5.9	0.0	0.0
143	__protein3_rbs	5.85	0.0	0.0
143	__ribosome	34.6	0.0	0.0
143	__rnase_site_ext	10.4	0.0	0.0
143	p0	0.95	0.0	0.0
143	p1	0.75	0.0	0.0
143	p2	0.8	0.0	0.0
143	protein1	430.75	9.9	2.2294221000000003
143	protein2	409.45	10.9	2.1461767999999997
143	protein3	339.2	10.15	2.0791637999999995
143	r2	10.75	0.0	0.0
143	rnapol	0.85	0.0	0.0
144	__protein1_rbs	5.85	0.0	0.0
144	__protein2_rbs	6.2	0.0	0.0
144	__protein3_rbs	6.15	0.0	0.0
144	__ribosome	35.0	0.0	0.0
144	__rnase_site_ext	10.65	0.0	0.0
144	p0	0.8	0.0	0.0
144	p1	0.7	0.0	0.0
144	p2	0.9	0.0	0.0
144	protein1	435.15	10.0	2.16249945
144	protein2	414.45	10.9	2.09883755
144	protein3	342.75	10.2	2.116285
144	r2	10.8	0.0	0.0
144	rnapol	0.75	0.0	0.0
145	__protein1_rbs	5.1	0.0	0.0
145	__protein2_rbs	7.25	0.0	0.0
145	__protein3_rbs	5.9	0.0	0.0
145	__ribosome	35.6	0.0	0.0
145	__rnase_site_ext	10.55	0.0	0.0
145	p0	0.95	0.0	0.0
145	p1	0.9	0.0	0.0
145	p2	0.7	0.0	0.0
145	protein1	439.4	10.1	2.1946969500000004
145	protein2	418.75	10.95	2.0500828999999996
145	protein3	347.75	10.3	2.0421086
145	r2	10.8	0.0	0.0
145	rnapol	0.9	0.0	0.0
146	__protein1_rbs	5.8	0.0	0.0
146	__protein2_rbs	6.1	0.0	0.0
146	__protein3_rbs	6.15	0.0	0.0
146	__ribosome	35.05	0.0	0.0
146	__rnase_site_ext	10.5	0.0	0.0
146	p0	1.0	0.0	0.0
146	p1	0.85	0.0	0.0
146	p2	0.8	0.0	0.0
146	protein1	444.05	10.15	2.1473232
146	protein2	422.95	11.05	2.1208175
146	protein3	352.0	10.35	2.0261400500000004
146	r2	10.95	0.0	0.0
146	rnapol	1.25	0.0	0.0
147	__protein1_rbs	5.9	0.0	0.0
147	__protein2_rbs	7.0	0.0	0.0
147	__protein3_rbs	5.7	0.0	0.0
147	__ribosome	34.15	0.0	0.0
147	__rnase_site_ext	10.5	0.0	0.0
147	p0	1.0	0.0	0.0
147	p1	0.8	0.0	0.0
147	p2	0.85	0.0	0.0
147	protein1	448.1	10.1	2.1563004999999995
147	protein2	426.95	11.05	2.09471465
147	protein3	355.75	10.35	2.1053661000000004
147	r2	11.05	0.0	0.0
147	rnapol	1.35	0.0	0.0
148	__protein1_rbs	6.15	0.0	0.0
148	__protein2_rbs	6.6	0.0	0.0
148	__protein3_rbs	5.7	0.0	0.0
148	__ribosome	34.2	0.0	0.0
148	__rnase_site_ext	10.5	0.0	0.0
148	p0	0.8	0.0	0.0
148	p1	0.85	0.0	0.0
148	p2	0.7	0.0	0.0
148	protein1	452.05	10.05	2.1960480499999995
148	protein2	431.95	11.05	2.0429929
148	protein3	359.7	10.35	2.1586220000000003
148	r2	11.3	0.0	0.0
148	rnapol	1.2	0.0	0.0
149	__protein1_rbs	5.95	0.0	0.0
149	__protein2_rbs	6.05	0.0	0.0
149	__protein3_rbs	6.2	0.0	0.0
149	__ribosome	34.6	0.0	0.0
149	__rnase_site_ext	10.55	0.0	0.0
149	p0	1.0	0.0	0.0
149	p1	0.9	0.0	0.0
149	p2	0.7	0.0	0.0
149	protein1	456.3	10.0	2.15295455
149	protein2	436.2	11.1	2.10167775
149	protein3	364.2	10.35	2.12398985
149	r2	11.25	0.0	0.0
149	rnapol	1.35	0.0	0.0
150	__protein1_rbs	6.05	0.0	0.0
150	__protein2_rbs	6.1	0.0	0.0
150	__protein3_rbs	5.75	0.0	0.0
150	__ribosome	34.15	0.0	0.0
150	__rnase_site_ext	10.6	0.0	0.0
150	p0	0.85	0.0	0.0
150	p1	0.85	0.0	0.0
150	p2	0.7	0.0	0.0
150	protein1	460.8	10.15	2.0753555
150	protein2	440.55	11.05	2.10682265
150	protein3	368.2	10.35	2.18973305
150	r2	11.35	0.0	0.0
150	rnapol	1.3	0.0	0.0
151	__protein1_rbs	6.05	0.0	0.0
151	__protein2_rbs	6.65	0.0	0.0
151	__protein3_rbs	6.4	0.0	0.0
151	__ribosome	35.1	0.0	0.0
151	__rnase_site_ext	10.6	0.0	0.0
151	p0	0.9	0.0	0.0
151	p1	0.75	0.0	0.0
151	p2	0.9	0.0	0.0
151	protein1	465.2	10.1	2.0519191
151	protein2	445.25	11.05	2.0721285499999995
151	protein3	372.75	10.45	2.1278598
151	r2	11.55	0.0	0.0
151	rnapol	1.2	0.0	0.0
152	__protein1_rbs	4.8	0.0	0.0
152	__protein2_rbs	6.8	0.0	0.0
152	__protein3_rbs	6.0	0.0	0.0
152	__ribosome	34.75	0.0	0.0
152	__rnase_site_ext	10.7	0.0	0.0
152	p0	0.8	0.0	0.0
152	p1	0.75	0.0	0.0
152	p2	0.85	0.0	0.0
152	protein1	469.7	10.2	2.1137445500000003
152	protein2	449.7	10.95	2.1101017000000004
152	protein3	377.25	10.4	2.1145165500000003
152	r2	11.55	0.0	0.0
152	rnapol	1.05	0.0	0.0
153	__protein1_rbs	5.8	0.0	0.0
153	__protein2_rbs	6.5	0.0	0.0
153	__protein3_rbs	6.2	0.0	0.0
153	__ribosome	34.45	0.0	0.0
153	__rnase_site_ext	10.8	0.0	0.0
153	p0	0.95	0.0	0.0
153	p1	0.95	0.0	0.0
153	p2	0.7	0.0	0.0
153	protein1	473.7	10.2	2.1554336
153	protein2	453.75	11.0	2.1166105
153	protein3	381.65	10.55	2.0783169999999997
153	r2	11.6	0.0	0.0
153	rnapol	1.1	0.0	0.0
154	__protein1_rbs	6.8	0.0	0.0
154	__protein2_rbs	6.95	0.0	0.0
154	__protein3_rbs	6.6	0.0	0.0
154	__ribosome	35.1	0.0	0.0
154	__rnase_site_ext	10.75	0.0	0.0
154	p0	0.95	0.0	0.0
154	p1	0.95	0.0	0.0
154	p2	0.85	0.0	0.0
154	protein1	477.5	10.35	2.1095799000000004
154	protein2	458.05	11.1	2.09620775
154	protein3	386.15	10.6	1.9990918000000002
154	r2	11.55	0.0	0.0
154	rnapol	1.15	0.0	0.0
155	__protein1_rbs	5.6	0.0	0.0
155	__protein2_rbs	5.85	0.0	0.0
155	__protein3_rbs	6.3	0.0	0.0
155	__ribosome	34.05	0.0	0.0
155	__rnase_site_ext	10.8	0.0	0.0
155	p0	0.85	0.0	0.0
155	p1	0.85	0.0	0.0
155	p2	0.85	0.0	0.0
155	protein1	481.8	10.3	2.18059825
155	protein2	463.45	11.05	2.0739721
155	protein3	390.3	10.7	2.0526852
155	r2	11.6	0.0	0.0
155	rnapol	1.0	0.0	0.0
156	__protein1_rbs	6.05	0.0	0.0
156	__protein2_rbs	6.8	0.0	0.0
156	__protein3_rbs	6.9	0.0	0.0
156	__ribosome	34.8	0.0	0.0
156	__rnase_site_ext	10.8	0.0	0.0
156	p0	0.95	0.0	0.0
156	p1	0.85	0.0	0.0
156	p2	0.85	0.0	0.0
156	protein1	486.15	10.3	2.1559962
156	protein2	467.55	11.05	2.0836614
156	protein3	394.6	10.8	1.9895764
156	r2	11.5	0.0	0.0
156	rnapol	1.1	0.0	0.0
157	__protein1_rbs	6.25	0.0	0.0
157	__protein2_rbs	6.4	0.0	0.0
157	__protein3_rbs	5.95	0.0	0.0
157	__ribosome	34.1	0.0	0.0
157	__rnase_site_ext	10.9	0.0	0.0
157	p0	0.85	0.0	0.0
157	p1	0.8	0.0	0.0
157	p2	0.8	0.0	0.0
157	protein1	490.45	10.4	2.1287265
157	protein2	472.2	11.05	2.0754356
157	protein3	398.45	10.95	2.0486203000000005
157	r2	11.5	0.0	0.0
157	rnapol	1.15	0.0	0.0
158	__protein1_rbs	5.6	0.0	0.0
158	__protein2_rbs	6.4	0.0	0.0
158	__protein3_rbs	6.35	0.0	0.0
158	__ribosome	33.25	0.0	0.0
158	__rnase_site_ext	10.8	0.0	0.0
158	p0	0.95	0.0	0.0
158	p1	0.65	0.0	0.0
158	p2	0.85	0.0	0.0
158	protein1	494.9	10.3	2.1733401000000003
158	protein2	476.25	11.05	2.1211763
158	protein3	402.75	10.95	2.04613655
158	r2	11.55	0.0	0.0
158	rnapol	1.3	0.0	0.0
159	__protein1_rbs	5.7	0.0	0.0
159	__protein2_rbs	6.55	0.0	0.0
159	__protein3_rbs	6.6	0.0	0.0
159	__ribosome	33.35	0.0	0.0
159	__rnase_site_ext	10.75	0.0	0.0
159	p0	0.95	0.0	0.0
159	p1	0.65	0.0	0.0
159	p2	0.85	0.0	0.0
159	protein1	499.2	10.25	2.1790049
159	protein2	480.6	11.0	2.1331722500000003
159	protein3	407.3	11.05	2.03386185
159	r2	11.6	0.0	0.0
159	rnapol	1.25	0.0	0.0
160	__protein1_rbs	6.05	0.0	0.0
160	__protein2_rbs	6.2	0.0	0.0
160	__protein3_rbs	6.75	0.0	0.0
160	__ribosome	33.0	0.0	0.0
160	__rnase_site_ext	10.65	0.0	0.0
160	p0	0.85	0.0	0.0
160	p1	0.7	0.0	0.0
160	p2	0.85	0.0	0.0
160	protein1	503.8	10.25	2.1348582
160	protein2	484.95	10.95	2.1813147500000003
160	protein3	411.25	11.1	2.0570630000000003
160	r2	11.65	0.0	0.0
160	rnapol	1.2	0.0	0.0
161	__protein1_rbs	6.05	0.0	0.0
161	__protein2_rbs	6.25	0.0	0.0
161	__protein3_rbs	6.6	0.0	0.0
161	__ribosome	32.25	0.0	0.0
161	__rnase_site_ext	10.6	0.0	0.0
161	p0	0.85	0.0	0.0
161	p1	0.8	0.0	0.0
161	p2	0.75	0.0	0.0
161	protein1	507.85	10.1	2.16366725
161	protein2	489.25	11.1	2.18629585
161	protein3	415.55	11.15	2.0739903
161	r2	11.6	0.0	0.0
161	rnapol	1.25	0.0	0.0
162	__protein1_rbs	5.3	0.0	0.0
162	__protein2_rbs	7.2	0.0	0.0
162	__protein3_rbs	6.6	0.0	0.0
162	__ribosome	32.65	0.0	0.0
162	__rnase_site_ext	10.7	0.0	0.0
162	p0	0.75	0.0	0.0
162	p1	0.85	0.0	0.0
162	p2	0.95	0.0	0.0
162	protein1	511.75	10.1	2.2599118
162	protein2	494.1	11.25	2.0619044
162	protein3	420.25	11.1	2.06721195
162	r2	11.45	0.0	0.0
162	rnapol	1.0	0.0	0.0
163	__protein1_rbs	6.1	0.0	0.0
163	__protein2_rbs	6.35	0.0	0.0
163	__protein3_rbs	6.55	0.0	0.0
163	__ribosome	33.45	0.0	0.0
163	__rnase_site_ext	10.8	0.0	0.0
163	p0	0.9	0.0	0.0
163	p1	0.9	0.0	0.0
163	p2	0.9	0.0	0.0
163	protein1	516.15	10.2	2.17640515
163	protein2	499.25	11.35	2.030005
163	protein3	424.85	11.2	2.0757328
163	r2	11.45	0.0	0.0
163	rnapol	1.0	0.0	0.0
164	__protein1_rbs	5.65	0.0	0.0
164	__protein2_rbs	6.05	0.0	0.0
164	__protein3_rbs	6.35	0.0	0.0
164	__ribosome	32.15	0.0	0.0
164	__rnase_site_ext	10.75	0.0	0.0
164	p0	0.95	0.0	0.0
164	p1	0.85	0.0	0.0
164	p2	0.85	0.0	0.0
164	protein1	520.75	10.25	2.1615922999999997
164	protein2	503.6	11.35	2.1149303999999995
164	protein3	429.5	11.15	2.09610295
164	r2	11.45	0.0	0.0
164	rnapol	1.1	0.0	0.0
165	__protein1_rbs	6.3	0.0	0.0
165	__protein2_rbs	6.8	0.0	0.0
165	__protein3_rbs	7.6	0.0	0.0
165	__ribosome	32.35	0.0	0.0
165	__rnase_site_ext	10.7	0.0	0.0
165	p0	0.9	0.0	0.0
165	p1	0.85	0.0	0.0
165	p2	0.85	0.0	0.0
165	protein1	524.85	10.35	2.12922145
165	protein2	507.85	11.3	2.13984725
165	protein3	433.35	11.2	2.0679479
165	r2	11.45	0.0	0.0
165	rnapol	1.05	0.0	0.0
166	__protein1_rbs	6.15	0.0	0.0
166	__protein2_rbs	6.75	0.0	0.0
166	__protein3_rbs	6.45	0.0	0.0
166	__ribosome	31.75	0.0	0.0
166	__rnase_site_ext	10.8	0.0	0.0
166	p0	0.9	0.0	0.0
166	p1	0.95	0.0	0.0
166	p2	0.85	0.0	0.0
166	protein1	528.9	10.2	2.15134375
166	protein2	512.6	11.35	2.13427235
166	protein3	437.95	11.1	2.1286973
166	r2	11.65	0.0	0.0
166	rnapol	1.1	0.0	0.0
167	__protein1_rbs	6.3	0.0	0.0
167	__protein2_rbs	6.55	0.0	0.0
167	__protein3_rbs	6.7	0.0	0.0
167	__ribosome	32.05	0.0	0.0
167	__rnase_site_ext	10.85	0.0	0.0
167	p0	0.9	0.0	0.0
167	p1	0.85	0.0	0.0
167	p2	0.7	0.0	0.0
167	protein1	533.3	10.3	2.0762949
167	protein2	516.65	11.45	2.17213455
167	protein3	443.05	11.1	2.06666915
167	r2	11.85	0.0	0.0
167	rnapol	1.1	0.0	0.0
168	__protein1_rbs	5.85	0.0	0.0
168	__protein2_rbs	6.35	0.0	0.0
168	__protein3_rbs	6.7	0.0	0.0
168	__ribosome	31.4	0.0	0.0
168	__rnase_site_ext	10.75	0.0	0.0
168	p0	0.9	0.0	0.0
168	p1	0.75	0.0	0.0
168	p2	0.65	0.0	0.0
168	protein1	537.6	10.4	2.0577089500000003
168	protein2	521.45	11.35	2.2259374500000004
168	protein3	447.25	11.1	2.07897505
168	r2	11.9	0.0	0.0
168	rnapol	1.05	0.0	0.0
169	__protein1_rbs	6.55	0.0	0.0
169	__protein2_rbs	6.6	0.0	0.0
169	__protein3_rbs	6.75	0.0	0.0
169	__ribosome	33.4	0.0	0.0
169	__rnase_site_ext	10.85	0.0	0.0
169	p0	0.9	0.0	0.0
169	p1	0.5	0.0	0.0
169	p2	0.7	0.0	0.0
169	protein1	542.0	10.3	2.0269996999999997
169	protein2	527.05	11.2	2.1363162000000004
169	protein3	451.9	11.15	2.0470371499999995
169	r2	11.9	0.0	0.0
169	rnapol	1.2	0.0	0.0
170	__protein1_rbs	5.65	0.0	0.0
170	__protein2_rbs	6.55	0.0	0.0
170	__protein3_rbs	6.6	0.0	0.0
170	__ribosome	32.55	0.0	0.0
170	__rnase_site_ext	10.85	0.0	0.0
170	p0	0.95	0.0	0.0
170	p1	0.65	0.0	0.0
170	p2	0.75	0.0	0.0
170	protein1	545.75	10.3	2.1098576
170	protein2	531.75	11.3	2.1092647500000004
170	protein3	456.4	11.25	2.0364761
170	r2	11.8	0.0	0.0
170	rnapol	1.1	0.0	0.0
171	__protein1_rbs	6.35	0.0	0.0
171	__protein2_rbs	6.8	0.0	0.0
171	__protein3_rbs	7.2	0.0	0.0
171	__ribosome	33.3	0.0	0.0
171	__rnase_site_ext	10.9	0.0	0.0
171	p0	0.85	0.0	0.0
171	p1	0.75	0.0	0.0
171	p2	0.8	0.0	0.0
171	protein1	550.2	10.35	2.051538250000001
171	protein2	535.8	11.5	2.1074426
171	protein3	461.0	11.3	1.9974487
171	r2	11.7	0.0	0.0
171	rnapol	1.0	0.0	0.0
172	__protein1_rbs	6.65	0.0	0.0
172	__protein2_rbs	6.65	0.0	0.0
172	__protein3_rbs	6.8	0.0	0.0
172	__ribosome	34.0	0.0	0.0
172	__rnase_site_ext	10.85	0.0	0.0
172	p0	0.95	0.0	0.0
172	p1	0.85	0.0	0.0
172	p2	0.85	0.0	0.0
172	protein1	554.45	10.35	2.0076533000000003
172	protein2	541.1	11.55	2.0562869000000004
172	protein3	465.35	11.3	2.0028037000000003
172	r2	11.75	0.0	0.0
172	rnapol	1.05	0.0	0.0
173	__protein1_rbs	6.15	0.0	0.0
173	__protein2_rbs	6.95	0.0	0.0
173	__protein3_rbs	6.5	0.0	0.0
173	__ribosome	33.05	0.0	0.0
173	__rnase_site_ext	10.85	0.0	0.0
173	p0	1.0	0.0	0.0
173	p1	0.85	0.0	0.0
173	p2	0.95	0.0	0.0
173	protein1	558.6	10.3	2.05818485
173	protein2	545.8	11.65	2.0683979500000005
173	protein3	469.8	11.35	2.03841935
173	r2	11.85	0.0	0.0
173	rnapol	1.1	0.0	0.0
174	__protein1_rbs	5.85	0.0	0.0
174	__protein2_rbs	7.05	0.0	0.0
174	__protein3_rbs	7.3	0.0	0.0
174	__ribosome	32.65	0.0	0.0
174	__rnase_site_ext	10.65	0.0	0.0
174	p0	0.95	0.0	0.0
174	p1	0.75	0.0	0.0
174	p2	0.8	0.0	0.0
174	protein1	562.3	10.3	2.1208749
174	protein2	550.5	11.55	2.0615790999999994
174	protein3	474.4	11.45	1.9857512
174	r2	11.75	0.0	0.0
174	rnapol	1.15	0.0	0.0
175	__protein1_rbs	6.7	0.0	0.0
175	__protein2_rbs	7.25	0.0	0.0
175	__protein3_rbs	6.3	0.0	0.0
175	__ribosome	33.05	0.0	0.0
175	__rnase_site_ext	10.65	0.0	0.0
175	p0	1.0	0.0	0.0
175	p1	0.95	0.0	0.0
175	p2	0.85	0.0	0.0
175	protein1	566.65	10.15	2.07695385
175	protein2	555.05	11.45	2.0608908
175	protein3	478.7	11.45	2.05141025
175	r2	11.8	0.0	0.0
175	rnapol	1.3	0.0	0.0
176	__protein1_rbs	5.0	0.0	0.0
176	__protein2_rbs	7.0	0.0	0.0
176	__protein3_rbs	6.45	0.0	0.0
176	__ribosome	32.65	0.0	0.0
176	__rnase_site_ext	10.85	0.0	0.0
176	p0	0.75	0.0	0.0
176	p1	0.9	0.0	0.0
176	p2	0.9	0.0	0.0
176	protein1	570.95	10.1	2.1661523999999996
176	protein2	559.9	11.6	1.96709615
176	protein3	483.45	11.5	2.0681746000000003
176	r2	11.95	0.0	0.0
176	rnapol	1.25	0.0	0.0
177	__protein1_rbs	6.15	0.0	0.0
177	__protein2_rbs	6.6	0.0	0.0
177	__protein3_rbs	6.65	0.0	0.0
177	__ribosome	32.1	0.0	0.0
177	__rnase_site_ext	10.85	0.0	0.0
177	p0	0.9	0.0	0.0
177	p1	0.7	0.0	0.0
177	p2	0.8	0.0	0.0
177	protein1	575.2	10.2	2.1118626000000003
177	protein2	564.2	11.5	2.00856825
177	protein3	487.5	11.55	2.11714615
177	r2	12.1	0.0	0.0
177	rnapol	1.35	0.0	0.0
178	__protein1_rbs	6.25	0.0	0.0
178	__protein2_rbs	7.1	0.0	0.0
178	__protein3_rbs	7.15	0.0	0.0
178	__ribosome	33.35	0.0	0.0
178	__rnase_site_ext	10.7	0.0	0.0
178	p0	0.9	0.0	0.0
178	p1	0.85	0.0	0.0
178	p2	0.55	0.0	0.0
178	protein1	579.5	10.2	2.0869517
178	protein2	568.6	11.4	2.0289393
178	protein3	492.45	11.55	2.0481047500000003
178	r2	12.2	0.0	0.0
178	rnapol	1.3	0.0	0.0
179	__protein1_rbs	6.1	0.0	0.0
179	__protein2_rbs	6.85	0.0	0.0
179	__protein3_rbs	6.15	0.0	0.0
179	__ribosome	32.7	0.0	0.0
179	__rnase_site_ext	10.7	0.0	0.0
179	p0	0.95	0.0	0.0
179	p1	0.9	0.0	0.0
179	p2	0.65	0.0	0.0
179	protein1	583.65	10.2	2.07587105
179	protein2	573.55	11.4	1.9790491500000005
179	protein3	496.55	11.4	2.1966839000000005
179	r2	12.1	0.0	0.0
179	rnapol	1.45	0.0	0.0
180	__protein1_rbs	6.0	0.0	0.0
180	__protein2_rbs	6.25	0.0	0.0
180	__protein3_rbs	7.3	0.0	0.0
180	__ribosome	32.3	0.0	0.0
180	__rnase_site_ext	10.75	0.0	0.0
180	p0	0.85	0.0	0.0
180	p1	0.95	0.0	0.0
180	p2	0.8	0.0	0.0
180	protein1	587.5	10.05	2.1521877000000003
180	protein2	577.7	11.3	2.07545895
180	protein3	501.55	11.7	2.0714142
180	r2	12.15	0.0	0.0
180	rnapol	1.3	0.0	0.0
181	__protein1_rbs	5.15	0.0	0.0
181	__protein2_rbs	6.6	0.0	0.0
181	__protein3_rbs	7.2	0.0	0.0
181	__ribosome	31.9	0.0	0.0
181	__rnase_site_ext	10.75	0.0	0.0
181	p0	0.95	0.0	0.0
181	p1	1.0	0.0	0.0
181	p2	0.95	0.0	0.0
181	protein1	592.25	10.05	2.1427723000000003
181	protein2	581.85	11.3	2.1031162999999995
181	protein3	506.2	11.9	2.01823965
181	r2	12.1	0.0	0.0
181	rnapol	1.3	0.0	0.0
182	__protein1_rbs	6.2	0.0	0.0
182	__protein2_rbs	6.95	0.0	0.0
182	__protein3_rbs	7.15	0.0	0.0
182	__ribosome	33.2	0.0	0.0
182	__rnase_site_ext	10.55	0.0	0.0
182	p0	0.7	0.0	0.0
182	p1	0.95	0.0	0.0
182	p2	0.8	0.0	0.0
182	protein1	596.0	10.1	2.1163654000000003
182	protein2	586.45	11.2	2.07070795
182	protein3	511.4	11.95	1.9700393000000005
182	r2	12.0	0.0	0.0
182	rnapol	1.1	0.0	0.0
183	__protein1_rbs	6.5	0.0	0.0
183	__protein2_rbs	6.4	0.0	0.0
183	__protein3_rbs	6.55	0.0	0.0
183	__ribosome	33.0	0.0	0.0
183	__rnase_site_ext	10.95	0.0	0.0
183	p0	0.9	0.0	0.0
183	p1	0.65	0.0	0.0
183	p2	0.7	0.0	0.0
183	protein1	600.05	10.0	2.04920815
183	protein2	590.8	11.15	2.11800155
183	protein3	515.95	11.9	2.02294615
183	r2	11.95	0.0	0.0
183	rnapol	1.05	0.0	0.0
184	__protein1_rbs	5.5	0.0	0.0
184	__protein2_rbs	7.05	0.0	0.0
184	__protein3_rbs	7.0	0.0	0.0
184	__ribosome	34.3	0.0	0.0
184	__rnase_site_ext	10.95	0.0	0.0
184	p0	1.0	0.0	0.0
184	p1	0.75	0.0	0.0
184	p2	0.85	0.0	0.0
184	protein1	604.3	10.2	2.03367565
184	protein2	595.75	11.1	2.01809125
184	protein3	520.7	11.65	2.0081244499999995
184	r2	12.1	0.0	0.0
184	rnapol	1.0	0.0	0.0
185	__protein1_rbs	6.15	0.0	0.0
185	__protein2_rbs	6.05	0.0	0.0
185	__protein3_rbs	7.2	0.0	0.0
185	__ribosome	32.85	0.0	0.0
185	__rnase_site_ext	10.95	0.0	0.0
185	p0	0.9	0.0	0.0
185	p1	0.75	0.0	0.0
185	p2	0.9	0.0	0.0
185	protein1	608.15	10.35	2.02589365
185	protein2	600.4	11.15	2.07223885
185	protein3	524.7	11.85	2.0305665000000004
185	r2	12.15	0.0	0.0
185	rnapol	1.05	0.0	0.0
186	__protein1_rbs	5.85	0.0	0.0
186	__protein2_rbs	6.8	0.0	0.0
186	__protein3_rbs	6.65	0.0	0.0
186	__ribosome	32.65	0.0	0.0
186	__rnase_site_ext	11.15	0.0	0.0
186	p0	0.9	0.0	0.0
186	p1	0.85	0.0	0.0
186	p2	0.8	0.0	0.0
186	protein1	612.65	10.3	2.0778792
186	protein2	604.8	11.25	2.0294583
186	protein3	529.45	11.75	2.0713039
186	r2	12.1	0.0	0.0
186	rnapol	1.2	0.0	0.0
187	__protein1_rbs	5.65	0.0	0.0
187	__protein2_rbs	6.9	0.0	0.0
187	__protein3_rbs	7.15	0.0	0.0
187	__ribosome	31.65	0.0	0.0
187	__rnase_site_ext	11.2	0.0	0.0
187	p0	0.85	0.0	0.0
187	p1	0.85	0.0	0.0
187	p2	0.8	0.0	0.0
187	protein1	616.5	10.4	2.12420445
187	protein2	609.05	11.35	2.0703325500000003
187	protein3	534.05	11.85	2.0493919000000003
187	r2	11.9	0.0	0.0
187	rnapol	1.2	0.0	0.0
188	__protein1_rbs	6.9	0.0	0.0
188	__protein2_rbs	6.1	0.0	0.0
188	__protein3_rbs	7.4	0.0	0.0
188	__ribosome	32.1	0.0	0.0
188	__rnase_site_ext	11.2	0.0	0.0
188	p0	0.95	0.0	0.0
188	p1	0.75	0.0	0.0
188	p2	0.9	0.0	0.0
188	protein1	620.25	10.5	2.0965299
188	protein2	613.8	11.3	2.0952036
188	protein3	539.05	11.85	2.00079285
188	r2	11.75	0.0	0.0
188	rnapol	1.25	0.0	0.0
189	__protein1_rbs	6.05	0.0	0.0
189	__protein2_rbs	6.8	0.0	0.0
189	__protein3_rbs	7.05	0.0	0.0
189	__ribosome	31.5	0.0	0.0
189	__rnase_site_ext	11.2	0.0	0.0
189	p0	0.9	0.0	0.0
189	p1	0.75	0.0	0.0
189	p2	0.9	0.0	0.0
189	protein1	624.6	10.55	2.1020461
189	protein2	617.45	11.3	2.16251455
189	protein3	544.05	11.8	1.9771247
189	r2	11.7	0.0	0.0
189	rnapol	1.2	0.0	0.0
190	__protein1_rbs	6.6	0.0	0.0
190	__protein2_rbs	6.25	0.0	0.0
190	__protein3_rbs	7.15	0.0	0.0
190	__ribosome	32.2	0.0	0.0
190	__rnase_site_ext	11.2	0.0	0.0
190	p0	0.9	0.0	0.0
190	p1	0.7	0.0	0.0
190	p2	1.0	0.0	0.0
190	protein1	629.15	10.55	2.0369828
190	protein2	622.85	11.4	2.12721565
190	protein3	548.4	11.75	2.0006821500000003
190	r2	11.7	0.0	0.0
190	rnapol	1.2	0.0	0.0
191	__protein1_rbs	6.5	0.0	0.0
191	__protein2_rbs	7.0	0.0	0.0
191	__protein3_rbs	6.75	0.0	0.0
191	__ribosome	33.1	0.0	0.0
191	__rnase_site_ext	11.15	0.0	0.0
191	p0	0.85	0.0	0.0
191	p1	0.7	0.0	0.0
191	p2	0.85	0.0	0.0
191	protein1	633.15	10.6	2.02596155
191	protein2	628.05	11.5	2.0400891
191	protein3	553.1	11.75	2.0018813
191	r2	11.7	0.0	0.0
191	rnapol	1.15	0.0	0.0
192	__protein1_rbs	5.75	0.0	0.0
192	__protein2_rbs	6.6	0.0	0.0
192	__protein3_rbs	6.8	0.0	0.0
192	__ribosome	32.65	0.0	0.0
192	__rnase_site_ext	11.2	0.0	0.0
192	p0	0.9	0.0	0.0
192	p1	0.8	0.0	0.0
192	p2	0.8	0.0	0.0
192	protein1	637.65	10.45	2.00466675
192	protein2	631.9	11.5	2.12703085
192	protein3	558.15	11.65	1.9934807
192	r2	11.85	0.0	0.0
192	rnapol	1.15	0.0	0.0
193	__protein1_rbs	6.15	0.0	0.0
193	__protein2_rbs	6.9	0.0	0.0
193	__protein3_rbs	7.35	0.0	0.0
193	__ribosome	31.85	0.0	0.0
193	__rnase_site_ext	11.25	0.0	0.0
193	p0	0.9	0.0	0.0
193	p1	0.7	0.0	0.0
193	p2	0.8	0.0	0.0
193	protein1	641.4	10.55	2.05463835
193	protein2	636.7	11.6	2.1104107999999995
193	protein3	562.4	11.65	2.0012504
193	r2	11.7	0.0	0.0
193	rnapol	1.05	0.0	0.0
194	__protein1_rbs	6.3	0.0	0.0
194	__protein2_rbs	6.35	0.0	0.0
194	__protein3_rbs	7.55	0.0	0.0
194	__ribosome	31.25	0.0	0.0
194	__rnase_site_ext	11.4	0.0	0.0
194	p0	0.75	0.0	0.0
194	p1	0.75	0.0	0.0
194	p2	0.65	0.0	0.0
194	protein1	645.5	10.55	2.0758629
194	protein2	641.45	11.6	2.1330488
194	protein3	566.65	11.7	1.99993305
194	r2	11.65	0.0	0.0
194	rnapol	1.05	0.0	0.0
195	__protein1_rbs	6.25	0.0	0.0
195	__protein2_rbs	6.6	0.0	0.0
195	__protein3_rbs	7.1	0.0	0.0
195	__ribosome	31.35	0.0	0.0
195	__rnase_site_ext	11.5	0.0	0.0
195	p0	0.95	0.0	0.0
195	p1	0.85	0.0	0.0
195	p2	0.95	0.0	0.0
195	protein1	649.85	10.7	2.0563565
195	protein2	646.4	11.4	2.1534175499999995
195	protein3	571.15	11.6	2.0566850000000003
195	r2	11.7	0.0	0.0
195	rnapol	1.1	0.0	0.0
196	__protein1_rbs	6.4	0.0	0.0
196	__protein2_rbs	6.8	0.0	0.0
196	__protein3_rbs	6.7	0.0	0.0
196	__ribosome	30.85	0.0	0.0
196	__rnase_site_ext	11.45	0.0	0.0
196	p0	0.8	0.0	0.0
196	p1	0.9	0.0	0.0
196	p2	0.9	0.0	0.0
196	protein1	654.0	10.8	2.0463816500000003
196	protein2	651.0	11.4	2.146598
196	protein3	575.6	11.75	2.0574437
196	r2	11.7	0.0	0.0
196	rnapol	0.95	0.0	0.0
197	__protein1_rbs	7.35	0.0	0.0
197	__protein2_rbs	6.75	0.0	0.0
197	__protein3_rbs	6.65	0.0	0.0
197	__ribosome	32.95	0.0	0.0
197	__rnase_site_ext	11.55	0.0	0.0
197	p0	0.85	0.0	0.0
197	p1	0.85	0.0	0.0
197	p2	0.85	0.0	0.0
197	protein1	658.45	10.8	1.92796145
197	protein2	655.7	11.4	2.12343375
197	protein3	581.2	11.6	2.016537649999999
197	r2	11.85	0.0	0.0
197	rnapol	0.8	0.0	0.0
198	__protein1_rbs	7.1	0.0	0.0
198	__protein2_rbs	6.3	0.0	0.0
198	__protein3_rbs	6.8	0.0	0.0
198	__ribosome	31.7	0.0	0.0
198	__rnase_site_ext	11.4	0.0	0.0
198	p0	1.0	0.0	0.0
198	p1	0.7	0.0	0.0
198	p2	0.8	0.0	0.0
198	protein1	662.75	10.85	1.895115
198	protein2	660.2	11.4	2.19309905
198	protein3	585.1	11.5	2.1138977000000003
198	r2	12.0	0.0	0.0
198	rnapol	0.85	0.0	0.0
199	__protein1_rbs	6.7	0.0	0.0
199	__protein2_rbs	7.05	0.0	0.0
199	__protein3_rbs	7.1	0.0	0.0
199	__ribosome	31.4	0.0	0.0
199	__rnase_site_ext	11.3	0.0	0.0
199	p0	1.0	0.0	0.0
199	p1	0.75	0.0	0.0
199	p2	0.75	0.0	0.0
199	protein1	666.55	10.85	1.992207
199	protein2	665.65	11.4	2.1270600500000003
199	protein3	589.3	11.5	2.10602525
199	r2	12.05	0.0	0.0
199	rnapol	1.0	0.0	0.0
200	__protein1_rbs	6.35	0.0	0.0
200	__protein2_rbs	6.9	0.0	0.0
200	__protein3_rbs	6.3	0.0	0.0
200	__ribosome	31.6	0.0	0.0
200	__rnase_site_ext	11.25	0.0	0.0
200	p0	0.95	0.0	0.0
200	p1	0.9	0.0	0.0
200	p2	0.8	0.0	0.0
200	protein1	670.9	10.8	1.99491305
200	protein2	670.3	11.35	2.1314927000000004
200	protein3	594.3	11.4	2.10536895
200	r2	12.0	0.0	0.0
200	rnapol	1.05	0.0	0.0
201	__protein1_rbs	7.0	0.0	0.0
201	__protein2_rbs	6.5	0.0	0.0
201	__protein3_rbs	7.55	0.0	0.0
201	__ribosome	32.0	0.0	0.0
201	__rnase_site_ext	11.25	0.0	0.0
201	p0	0.9	0.0	0.0
201	p1	0.8	0.0	0.0
201	p2	0.85	0.0	0.0
201	protein1	675.5	10.7	1.9507289
201	protein2	674.65	11.5	2.14652705
201	protein3	598.65	11.4	2.0824201
201	r2	12.15	0.0	0.0
201	rnapol	1.1	0.0	0.0
202	__protein1_rbs	6.75	0.0	0.0
202	__protein2_rbs	7.4	0.0	0.0
202	__protein3_rbs	6.45	0.0	0.0
202	__ribosome	32.15	0.0	0.0
202	__rnase_site_ext	11.35	0.0	0.0
202	p0	0.9	0.0	0.0
202	p1	0.7	0.0	0.0
202	p2	0.85	0.0	0.0
202	protein1	679.15	10.75	1.98009985
202	protein2	679.5	11.5	2.09649885
202	protein3	603.55	11.55	2.0433944
202	r2	12.15	0.0	0.0
202	rnapol	1.25	0.0	0.0
203	__protein1_rbs	6.05	0.0	0.0
203	__protein2_rbs	7.15	0.0	0.0
203	__protein3_rbs	7.1	0.0	0.0
203	__ribosome	32.95	0.0	0.0
203	__rnase_site_ext	11.6	0.0	0.0
203	p0	0.85	0.0	0.0
203	p1	0.7	0.0	0.0
203	p2	0.75	0.0	0.0
203	protein1	683.5	10.75	2.0050139499999995
203	protein2	685.1	11.65	1.99536575
203	protein3	608.15	11.6	2.02301085
203	r2	12.2	0.0	0.0
203	rnapol	1.1	0.0	0.0
204	__protein1_rbs	6.4	0.0	0.0
204	__protein2_rbs	7.65	0.0	0.0
204	__protein3_rbs	5.95	0.0	0.0
204	__ribosome	32.0	0.0	0.0
204	__rnase_site_ext	11.45	0.0	0.0
204	p0	0.95	0.0	0.0
204	p1	0.8	0.0	0.0
204	p2	0.8	0.0	0.0
204	protein1	687.3	10.9	2.03003985
204	protein2	689.8	11.7	1.94679215
204	protein3	612.9	11.4	2.13264645
204	r2	12.15	0.0	0.0
204	rnapol	1.1	0.0	0.0
205	__protein1_rbs	6.35	0.0	0.0
205	__protein2_rbs	6.8	0.0	0.0
205	__protein3_rbs	7.3	0.0	0.0
205	__ribosome	31.95	0.0	0.0
205	__rnase_site_ext	11.5	0.0	0.0
205	p0	0.9	0.0	0.0
205	p1	0.8	0.0	0.0
205	p2	0.85	0.0	0.0
205	protein1	691.9	10.85	1.99230585
205	protein2	694.0	11.85	1.9917725
205	protein3	617.4	11.55	2.08358335
205	r2	12.05	0.0	0.0
205	rnapol	1.1	0.0	0.0
206	__protein1_rbs	6.05	0.0	0.0
206	__protein2_rbs	7.6	0.0	0.0
206	__protein3_rbs	7.35	0.0	0.0
206	__ribosome	31.95	0.0	0.0
206	__rnase_site_ext	11.5	0.0	0.0
206	p0	0.9	0.0	0.0
206	p1	0.9	0.0	0.0
206	p2	0.85	0.0	0.0
206	protein1	695.75	10.85	2.0978253
206	protein2	699.0	11.95	1.9137798
206	protein3	621.95	11.65	2.04778665
206	r2	12.0	0.0	0.0
206	rnapol	1.05	0.0	0.0
207	__protein1_rbs	7.4	0.0	0.0
207	__protein2_rbs	6.6	0.0	0.0
207	__protein3_rbs	6.3	0.0	0.0
207	__ribosome	30.55	0.0	0.0
207	__rnase_site_ext	11.55	0.0	0.0
207	p0	0.8	0.0	0.0
207	p1	0.9	0.0	0.0
207	p2	0.75	0.0	0.0
207	protein1	699.25	10.9	2.08388175
207	protein2	702.9	12.0	2.0183737500000003
207	protein3	626.9	11.7	2.03373685
207	r2	11.95	0.0	0.0
207	rnapol	0.95	0.0	0.0
208	__protein1_rbs	6.55	0.0	0.0
208	__protein2_rbs	7.35	0.0	0.0
208	__protein3_rbs	6.7	0.0	0.0
208	__ribosome	31.4	0.0	0.0
208	__rnase_site_ext	11.55	0.0	0.0
208	p0	0.95	0.0	0.0
208	p1	0.85	0.0	0.0
208	p2	0.75	0.0	0.0
208	protein1	704.1	11.0	2.0403305000000005
208	protein2	707.85	11.85	2.00889365
208	protein3	631.45	11.65	2.0515133000000003
208	r2	12.05	0.0	0.0
208	rnapol	1.0	0.0	0.0
209	__protein1_rbs	7.1	0.0	0.0
209	__protein2_rbs	6.75	0.0	0.0
209	__protein3_rbs	7.4	0.0	0.0
209	__ribosome	32.55	0.0	0.0
209	__rnase_site_ext	11.4	0.0	0.0
209	p0	0.9	0.0	0.0
209	p1	0.9	0.0	0.0
209	p2	0.85	0.0	0.0
209	protein1	708.75	11.05	1.9406685000000001
209	protein2	712.5	11.8	2.0392871
209	protein3	636.55	11.75	1.96916455
209	r2	12.1	0.0	0.0
209	rnapol	1.05	0.0	0.0
210	__protein1_rbs	6.65	0.0	0.0
210	__protein2_rbs	6.6	0.0	0.0
210	__protein3_rbs	7.3	0.0	0.0
210	__ribosome	31.95	0.0	0.0
210	__rnase_site_ext	11.45	0.0	0.0
210	p0	0.95	0.0	0.0
210	p1	0.7	0.0	0.0
210	p2	0.8	0.0	0.0
210	protein1	713.0	10.9	1.9658592000000001
210	protein2	716.85	11.8	2.0965403500000006
210	protein3	640.9	11.7	1.9687461
210	r2	12.2	0.0	0.0
210	rnapol	1.15	0.0	0.0
211	__protein1_rbs	6.35	0.0	0.0
211	__protein2_rbs	7.15	0.0	0.0
211	__protein3_rbs	6.75	0.0	0.0
211	__ribosome	31.5	0.0	0.0
211	__rnase_site_ext	11.35	0.0	0.0
211	p0	0.85	0.0	0.0
211	p1	0.75	0.0	0.0
211	p2	0.75	0.0	0.0
211	protein1	717.35	10.9	1.9586734000000001
211	protein2	721.55	11.75	2.1048272
211	protein3	645.25	11.75	2.0048774500000004
211	r2	12.3	0.0	0.0
211	rnapol	1.15	0.0	0.0
212	__protein1_rbs	6.7	0.0	0.0
212	__protein2_rbs	7.15	0.0	0.0
212	__protein3_rbs	7.1	0.0	0.0
212	__ribosome	31.9	0.0	0.0
212	__rnase_site_ext	11.35	0.0	0.0
212	p0	0.9	0.0	0.0
212	p1	0.9	0.0	0.0
212	p2	0.7	0.0	0.0
212	protein1	721.6	10.75	1.958596
212	protein2	726.1	11.85	2.07591915
212	protein3	649.95	11.7	1.9764571500000003
212	r2	12.25	0.0	0.0
212	rnapol	1.2	0.0	0.0
213	__protein1_rbs	6.15	0.0	0.0
213	__protein2_rbs	6.85	0.0	0.0
213	__protein3_rbs	7.25	0.0	0.0
213	__ribosome	32.65	0.0	0.0
213	__rnase_site_ext	11.3	0.0	0.0
213	p0	0.9	0.0	0.0
213	p1	0.8	0.0	0.0
213	p2	0.8	0.0	0.0
213	protein1	725.75	10.75	1.99049735
213	protein2	731.3	12.0	2.00823445
213	protein3	654.7	11.6	1.9557868
213	r2	12.15	0.0	0.0
213	rnapol	1.15	0.0	0.0
214	__protein1_rbs	7.2	0.0	0.0
214	__protein2_rbs	7.3	0.0	0.0
214	__protein3_rbs	7.0	0.0	0.0
214	__ribosome	33.6	0.0	0.0
214	__rnase_site_ext	11.45	0.0	0.0
214	p0	0.85	0.0	0.0
214	p1	0.7	0.0	0.0
214	p2	0.8	0.0	0.0
214	protein1	729.95	10.9	1.9063805
214	protein2	736.3	11.9	1.9771499999999995
214	protein3	658.95	11.7	1.95830695
214	r2	12.2	0.0	0.0
214	rnapol	1.05	0.0	0.0
215	__protein1_rbs	6.35	0.0	0.0
215	__protein2_rbs	7.25	0.0	0.0
215	__protein3_rbs	7.55	0.0	0.0
215	__ribosome	33.6	0.0	0.0
215	__rnase_site_ext	11.6	0.0	0.0
215	p0	0.85	0.0	0.0
215	p1	0.7	0.0	0.0
215	p2	0.8	0.0	0.0
215	protein1	733.9	10.85	2.00074715
215	protein2	741.4	11.9	1.95309365
215	protein3	663.15	11.6	1.9648883999999995
215	r2	12.2	0.0	0.0
215	rnapol	1.1	0.0	0.0
216	__protein1_rbs	7.15	0.0	0.0
216	__protein2_rbs	6.85	0.0	0.0
216	__protein3_rbs	6.3	0.0	0.0
216	__ribosome	32.95	0.0	0.0
216	__rnase_site_ext	11.45	0.0	0.0
216	p0	0.95	0.0	0.0
216	p1	0.9	0.0	0.0
216	p2	0.95	0.0	0.0
216	protein1	738.1	11.0	1.9401802
216	protein2	745.95	11.95	1.99626145
216	protein3	668.1	11.6	2.0026559999999995
216	r2	12.15	0.0	0.0
216	rnapol	1.2	0.0	0.0
217	__protein1_rbs	6.35	0.0	0.0
217	__protein2_rbs	7.1	0.0	0.0
217	__protein3_rbs	7.55	0.0	0.0
217	__ribosome	32.1	0.0	0.0
217	__rnase_site_ext	11.35	0.0	0.0
217	p0	0.8	0.0	0.0
217	p1	0.9	0.0	0.0
217	p2	0.9	0.0	0.0
217	protein1	742.8	11.0	1.9622874500000005
217	protein2	750.4	11.95	2.0318216000000002
217	protein3	672.25	11.75	1.98673685
217	r2	12.15	0.0	0.0
217	rnapol	1.05	0.0	0.0
218	__protein1_rbs	6.45	0.0	0.0
218	__protein2_rbs	7.25	0.0	0.0
218	__protein3_rbs	6.95	0.0	0.0
218	__ribosome	31.2	0.0	0.0
218	__rnase_site_ext	11.45	0.0	0.0
218	p0	0.85	0.0	0.0
218	p1	0.85	0.0	0.0
218	p2	0.9	0.0	0.0
218	protein1	746.7	10.85	2.0366901500000005
218	protein2	754.95	11.95	2.06279
218	protein3	676.95	11.65	2.0102059
218	r2	12.25	0.0	0.0
218	rnapol	1.1	0.0	0.0
219	__protein1_rbs	7.05	0.0	0.0
219	__protein2_rbs	7.55	0.0	0.0
219	__protein3_rbs	6.85	0.0	0.0
219	__ribosome	31.35	0.0	0.0
219	__rnase_site_ext	11.3	0.0	0.0
219	p0	0.95	0.0	0.0
219	p1	0.75	0.0	0.0
219	p2	0.75	0.0	0.0
219	protein1	750.85	10.95	2.00072105
219	protein2	759.55	12.05	2.0338241500000005
219	protein3	681.6	11.6	2.0402275999999997
219	r2	12.1	0.0	0.0
219	rnapol	1.05	0.0	0.0
220	__protein1_rbs	5.9	0.0	0.0
220	__protein2_rbs	7.2	0.0	0.0
220	__protein3_rbs	6.85	0.0	0.0
220	__ribosome	30.15	0.0	0.0
220	__rnase_site_ext	11.2	0.0	0.0
220	p0	1.0	0.0	0.0
220	p1	0.85	0.0	0.0
220	p2	0.75	0.0	0.0
220	protein1	754.65	10.85	2.0616877
220	protein2	764.35	12.0	2.0468497500000007
220	protein3	685.75	11.45	2.1008465500000004
220	r2	12.1	0.0	0.0
220	rnapol	1.3	0.0	0.0
221	__protein1_rbs	6.8	0.0	0.0
221	__protein2_rbs	7.6	0.0	0.0
221	__protein3_rbs	6.95	0.0	0.0
221	__ribosome	31.95	0.0	0.0
221	__rnase_site_ext	11.25	0.0	0.0
221	p0	0.9	0.0	0.0
221	p1	0.65	0.0	0.0
221	p2	0.9	0.0	0.0
221	protein1	759.1	10.7	2.0704132
221	protein2	769.6	12.15	1.9249004
221	protein3	690.7	11.5	2.05226125
221	r2	12.3	0.0	0.0
221	rnapol	1.3	0.0	0.0
222	__protein1_rbs	6.1	0.0	0.0
222	__protein2_rbs	6.9	0.0	0.0
222	__protein3_rbs	7.1	0.0	0.0
222	__ribosome	32.1	0.0	0.0
222	__rnase_site_ext	11.15	0.0	0.0
222	p0	1.0	0.0	0.0
222	p1	0.75	0.0	0.0
222	p2	0.85	0.0	0.0
222	protein1	763.7	10.65	2.07755535
222	protein2	774.2	12.1	1.97435985
222	protein3	695.6	11.6	1.9925778500000004
222	r2	12.35	0.0	0.0
222	rnapol	1.5	0.0	0.0
223	__protein1_rbs	6.55	0.0	0.0
223	__protein2_rbs	7.35	0.0	0.0
223	__protein3_rbs	6.4	0.0	0.0
223	__ribosome	31.55	0.0	0.0
223	__rnase_site_ext	11.05	0.0	0.0
223	p0	0.9	0.0	0.0
223	p1	0.9	0.0	0.0
223	p2	0.75	0.0	0.0
223	protein1	768.0	10.6	2.0552435000000004
223	protein2	779.15	12.2	1.9522320500000003
223	protein3	699.5	11.6	2.0898459000000003
223	r2	12.4	0.0	0.0
223	rnapol	1.45	0.0	0.0
224	__protein1_rbs	5.75	0.0	0.0
224	__protein2_rbs	7.7	0.0	0.0
224	__protein3_rbs	6.75	0.0	0.0
224	__ribosome	30.8	0.0	0.0
224	__rnase_site_ext	11.0	0.0	0.0
224	p0	0.95	0.0	0.0
224	p1	0.75	0.0	0.0
224	p2	0.8	0.0	0.0
224	protein1	771.65	10.55	2.17406055
224	protein2	783.5	12.35	1.94656965
224	protein3	704.65	11.6	2.02908115
224	r2	12.45	0.0	0.0
224	rnapol	1.45	0.0	0.0
225	__protein1_rbs	6.6	0.0	0.0
225	__protein2_rbs	6.5	0.0	0.0
225	__protein3_rbs	6.95	0.0	0.0
225	__ribosome	31.95	0.0	0.0
225	__rnase_site_ext	10.95	0.0	0.0
225	p0	0.9	0.0	0.0
225	p1	0.8	0.0	0.0
225	p2	0.85	0.0	0.0
225	protein1	776.85	10.5	2.0432936999999995
225	protein2	788.6	12.25	1.99526835
225	protein3	709.45	11.65	2.01331045
225	r2	12.2	0.0	0.0
225	rnapol	1.4	0.0	0.0
226	__protein1_rbs	6.25	0.0	0.0
226	__protein2_rbs	8.4	0.0	0.0
226	__protein3_rbs	6.6	0.0	0.0
226	__ribosome	31.25	0.0	0.0
226	__rnase_site_ext	10.85	0.0	0.0
226	p0	1.0	0.0	0.0
226	p1	0.8	0.0	0.0
226	p2	0.9	0.0	0.0
226	protein1	780.8	10.45	2.1051587000000005
226	protein2	792.8	12.25	1.9582326000000003
226	protein3	713.65	11.65	2.0692859
226	r2	12.45	0.0	0.0
226	rnapol	1.5	0.0	0.0
227	__protein1_rbs	5.65	0.0	0.0
227	__protein2_rbs	7.05	0.0	0.0
227	__protein3_rbs	7.3	0.0	0.0
227	__ribosome	30.15	0.0	0.0
227	__rnase_site_ext	10.9	0.0	0.0
227	p0	0.85	0.0	0.0
227	p1	0.85	0.0	0.0
227	p2	0.8	0.0	0.0
227	protein1	785.15	10.35	2.13472935
227	protein2	797.1	12.1	2.0847675
227	protein3	718.45	11.7	2.0378513499999995
227	r2	12.35	0.0	0.0
227	rnapol	1.2	0.0	0.0
228	__protein1_rbs	6.15	0.0	0.0
228	__protein2_rbs	7.25	0.0	0.0
228	__protein3_rbs	8.25	0.0	0.0
228	__ribosome	31.9	0.0	0.0
228	__rnase_site_ext	10.95	0.0	0.0
228	p0	0.85	0.0	0.0
228	p1	0.9	0.0	0.0
228	p2	0.75	0.0	0.0
228	protein1	789.3	10.35	2.1089192999999997
228	protein2	802.3	12.15	2.034548
228	protein3	723.3	11.75	1.91270385
228	r2	12.4	0.0	0.0
228	rnapol	1.3	0.0	0.0
229	__protein1_rbs	6.4	0.0	0.0
229	__protein2_rbs	7.95	0.0	0.0
229	__protein3_rbs	6.65	0.0	0.0
229	__ribosome	32.6	0.0	0.0
229	__rnase_site_ext	10.85	0.0	0.0
229	p0	0.8	0.0	0.0
229	p1	0.95	0.0	0.0
229	p2	0.85	0.0	0.0
229	protein1	793.75	10.35	2.0785191000000003
229	protein2	807.2	12.2	1.95951945
229	protein3	727.75	11.75	1.9779679500000005
229	r2	12.5	0.0	0.0
229	rnapol	1.15	0.0	0.0
230	__protein1_rbs	5.65	0.0	0.0
230	__protein2_rbs	7.35	0.0	0.0
230	__protein3_rbs	6.55	0.0	0.0
230	__ribosome	31.65	0.0	0.0
230	__rnase_site_ext	10.9	0.0	0.0
230	p0	1.0	0.0	0.0
230	p1	0.85	0.0	0.0
230	p2	0.65	0.0	0.0
230	protein1	797.8	10.3	2.1649621000000003
230	protein2	812.4	12.15	1.92757105
230	protein3	732.35	11.9	2.0261629
230	r2	12.45	0.0	0.0
230	rnapol	1.25	0.0	0.0
231	__protein1_rbs	5.95	0.0	0.0
231	__protein2_rbs	7.15	0.0	0.0
231	__protein3_rbs	7.3	0.0	0.0
231	__ribosome	31.75	0.0	0.0
231	__rnase_site_ext	10.85	0.0	0.0
231	p0	0.95	0.0	0.0
231	p1	0.85	0.0	0.0
231	p2	0.75	0.0	0.0
231	protein1	802.7	10.4	2.0770986
231	protein2	816.6	12.0	2.019409
231	protein3	737.2	11.9	2.00597695
231	r2	12.6	0.0	0.0
231	rnapol	1.3	0.0	0.0
232	__protein1_rbs	6.9	0.0	0.0
232	__protein2_rbs	6.95	0.0	0.0
232	__protein3_rbs	6.65	0.0	0.0
232	__ribosome	31.95	0.0	0.0
232	__rnase_site_ext	10.95	0.0	0.0
232	p0	0.9	0.0	0.0
232	p1	0.85	0.0	0.0
232	p2	0.85	0.0	0.0
232	protein1	806.75	10.3	2.0166446499999995
232	protein2	821.65	11.9	2.0458141000000003
232	protein3	741.4	11.9	2.0625880000000003
232	r2	12.7	0.0	0.0
232	rnapol	1.35	0.0	0.0
233	__protein1_rbs	6.05	0.0	0.0
233	__protein2_rbs	7.6	0.0	0.0
233	__protein3_rbs	8.0	0.0	0.0
233	__ribosome	32.1	0.0	0.0
233	__rnase_site_ext	11.05	0.0	0.0
233	p0	0.9	0.0	0.0
233	p1	0.85	0.0	0.0
233	p2	0.75	0.0	0.0
233	protein1	810.7	10.35	2.07177685
233	protein2	826.3	12.05	1.9535073
233	protein3	745.6	12.0	2.023231
233	r2	12.8	0.0	0.0
233	rnapol	1.3	0.0	0.0
234	__protein1_rbs	6.2	0.0	0.0
234	__protein2_rbs	7.35	0.0	0.0
234	__protein3_rbs	7.1	0.0	0.0
234	__ribosome	31.95	0.0	0.0
234	__rnase_site_ext	11.1	0.0	0.0
234	p0	0.9	0.0	0.0
234	p1	0.9	0.0	0.0
234	p2	0.7	0.0	0.0
234	protein1	815.5	10.35	2.00490745
234	protein2	830.7	12.1	1.98399675
234	protein3	750.4	12.05	2.0450162
234	r2	12.75	0.0	0.0
234	rnapol	1.35	0.0	0.0
235	__protein1_rbs	6.2	0.0	0.0
235	__protein2_rbs	7.25	0.0	0.0
235	__protein3_rbs	7.3	0.0	0.0
235	__ribosome	31.55	0.0	0.0
235	__rnase_site_ext	11.1	0.0	0.0
235	p0	0.95	0.0	0.0
235	p1	0.7	0.0	0.0
235	p2	0.9	0.0	0.0
235	protein1	819.15	10.45	2.03983705
235	protein2	835.5	12.05	1.9883368
235	protein3	755.1	12.05	2.0478309500000003
235	r2	12.75	0.0	0.0
235	rnapol	1.4	0.0	0.0
236	__protein1_rbs	6.7	0.0	0.0
236	__protein2_rbs	6.95	0.0	0.0
236	__protein3_rbs	7.3	0.0	0.0
236	__ribosome	32.45	0.0	0.0
236	__rnase_site_ext	11.05	0.0	0.0
236	p0	0.8	0.0	0.0
236	p1	0.85	0.0	0.0
236	p2	0.85	0.0	0.0
236	protein1	823.6	10.45	1.9371452
236	protein2	840.0	11.7	2.0808487
236	protein3	759.85	12.0	2.02691
236	r2	12.7	0.0	0.0
236	rnapol	1.25	0.0	0.0
237	__protein1_rbs	5.9	0.0	0.0
237	__protein2_rbs	7.35	0.0	0.0
237	__protein3_rbs	7.35	0.0	0.0
237	__ribosome	32.1	0.0	0.0
237	__rnase_site_ext	11.05	0.0	0.0
237	p0	0.8	0.0	0.0
237	p1	0.8	0.0	0.0
237	p2	0.95	0.0	0.0
237	protein1	827.05	10.45	2.0721283
237	protein2	844.9	11.7	2.06238035
237	protein3	765.25	12.05	1.9642512
237	r2	12.4	0.0	0.0
237	rnapol	1.15	0.0	0.0
238	__protein1_rbs	6.65	0.0	0.0
238	__protein2_rbs	7.2	0.0	0.0
238	__protein3_rbs	7.05	0.0	0.0
238	__ribosome	32.65	0.0	0.0
238	__rnase_site_ext	11.15	0.0	0.0
238	p0	0.75	0.0	0.0
238	p1	0.9	0.0	0.0
238	p2	0.9	0.0	0.0
238	protein1	831.8	10.45	1.97035765
238	protein2	849.7	11.75	2.04452885
238	protein3	769.4	12.2	1.97603895
238	r2	12.5	0.0	0.0
238	rnapol	1.1	0.0	0.0
239	__protein1_rbs	6.3	0.0	0.0
239	__protein2_rbs	7.05	0.0	0.0
239	__protein3_rbs	7.1	0.0	0.0
239	__ribosome	32.5	0.0	0.0
239	__rnase_site_ext	11.3	0.0	0.0
239	p0	0.9	0.0	0.0
239	p1	0.85	0.0	0.0
239	p2	1.0	0.0	0.0
239	protein1	835.65	10.5	2.00176045
239	protein2	854.45	11.75	2.0123036
239	protein3	774.8	12.2	1.96213095
239	r2	12.5	0.0	0.0
239	rnapol	1.2	0.0	0.0
240	__protein1_rbs	5.75	0.0	0.0
240	__protein2_rbs	6.85	0.0	0.0
240	__protein3_rbs	7.35	0.0	0.0
240	__ribosome	31.5	0.0	0.0
240	__rnase_site_ext	11.4	0.0	0.0
240	p0	0.95	0.0	0.0
240	p1	0.85	0.0	0.0
240	p2	0.8	0.0	0.0
240	protein1	839.7	10.65	2.01211345
240	protein2	859.55	11.7	1.99894965
240	protein3	779.05	12.25	2.0066475
240	r2	12.45	0.0	0.0
240	rnapol	1.1	0.0	0.0
241	__protein1_rbs	6.9	0.0	0.0
241	__protein2_rbs	6.8	0.0	0.0
241	__protein3_rbs	7.35	0.0	0.0
241	__ribosome	30.8	0.0	0.0
241	__rnase_site_ext	11.3	0.0	0.0
241	p0	0.95	0.0	0.0
241	p1	0.75	0.0	0.0
241	p2	0.85	0.0	0.0
241	protein1	843.4	10.75	2.0392354
241	protein2	864.0	11.7	2.07024625
241	protein3	783.75	12.1	1.98770565
241	r2	12.4	0.0	0.0
241	rnapol	1.1	0.0	0.0
242	__protein1_rbs	6.1	0.0	0.0
242	__protein2_rbs	7.45	0.0	0.0
242	__protein3_rbs	8.2	0.0	0.0
242	__ribosome	32.05	0.0	0.0
242	__rnase_site_ext	11.35	0.0	0.0
242	p0	0.9	0.0	0.0
242	p1	0.8	0.0	0.0
242	p2	0.8	0.0	0.0
242	protein1	847.9	10.75	2.0592425
242	protein2	868.55	11.5	2.02996365
242	protein3	788.45	12.25	1.888279
242	r2	12.4	0.0	0.0
242	rnapol	1.25	0.0	0.0
243	__protein1_rbs	6.45	0.0	0.0
243	__protein2_rbs	7.55	0.0	0.0
243	__protein3_rbs	6.75	0.0	0.0
243	__ribosome	31.3	0.0	0.0
243	__rnase_site_ext	11.1	0.0	0.0
243	p0	0.85	0.0	0.0
243	p1	0.7	0.0	0.0
243	p2	0.95	0.0	0.0
243	protein1	852.05	10.75	2.08115765
243	protein2	873.25	11.5	1.98196065
243	protein3	792.7	12.2	2.01093805
243	r2	12.45	0.0	0.0
243	rnapol	1.15	0.0	0.0
244	__protein1_rbs	6.55	0.0	0.0
244	__protein2_rbs	7.7	0.0	0.0
244	__protein3_rbs	7.35	0.0	0.0
244	__ribosome	32.25	0.0	0.0
244	__rnase_site_ext	11.2	0.0	0.0
244	p0	0.85	0.0	0.0
244	p1	0.65	0.0	0.0
244	p2	0.85	0.0	0.0
244	protein1	856.6	10.65	2.08176335
244	protein2	877.7	11.65	1.9337488
244	protein3	797.8	12.15	1.98477635
244	r2	12.55	0.0	0.0
244	rnapol	1.1	0.0	0.0
245	__protein1_rbs	6.35	0.0	0.0
245	__protein2_rbs	6.65	0.0	0.0
245	__protein3_rbs	7.45	0.0	0.0
245	__ribosome	32.75	0.0	0.0
245	__rnase_site_ext	11.25	0.0	0.0
245	p0	0.95	0.0	0.0
245	p1	0.7	0.0	0.0
245	p2	0.8	0.0	0.0
245	protein1	861.1	10.65	2.070794
245	protein2	882.7	11.45	1.94823695
245	protein3	802.7	12.0	2.0122297
245	r2	12.55	0.0	0.0
245	rnapol	1.15	0.0	0.0
246	__protein1_rbs	6.4	0.0	0.0
246	__protein2_rbs	7.25	0.0	0.0
246	__protein3_rbs	7.15	0.0	0.0
246	__ribosome	33.05	0.0	0.0
246	__rnase_site_ext	11.2	0.0	0.0
246	p0	1.0	0.0	0.0
246	p1	0.7	0.0	0.0
246	p2	0.85	0.0	0.0
246	protein1	865.6	10.75	2.0414000000000003
246	protein2	887.45	11.6	1.89281595
246	protein3	807.45	12.05	2.0181897
246	r2	12.4	0.0	0.0
246	rnapol	1.2	0.0	0.0
247	__protein1_rbs	6.5	0.0	0.0
247	__protein2_rbs	6.4	0.0	0.0
247	__protein3_rbs	6.8	0.0	0.0
247	__ribosome	31.5	0.0	0.0
247	__rnase_site_ext	11.25	0.0	0.0
247	p0	0.9	0.0	0.0
247	p1	0.9	0.0	0.0
247	p2	0.85	0.0	0.0
247	protein1	869.8	10.65	2.03422355
247	protein2	891.75	11.7	1.9476876
247	protein3	811.5	12.0	2.10008425
247	r2	12.3	0.0	0.0
247	rnapol	1.15	0.0	0.0
248	__protein1_rbs	6.5	0.0	0.0
248	__protein2_rbs	6.95	0.0	0.0
248	__protein3_rbs	8.05	0.0	0.0
248	__ribosome	32.3	0.0	0.0
248	__rnase_site_ext	11.25	0.0	0.0
248	p0	0.9	0.0	0.0
248	p1	0.85	0.0	0.0
248	p2	0.95	0.0	0.0
248	protein1	873.85	10.7	2.07518745
248	protein2	895.85	11.7	1.99753475
248	protein3	816.95	11.95	1.9811981500000004
248	r2	12.2	0.0	0.0
248	rnapol	1.2	0.0	0.0
249	__protein1_rbs	6.35	0.0	0.0
249	__protein2_rbs	7.7	0.0	0.0
249	__protein3_rbs	6.9	0.0	0.0
249	__ribosome	31.85	0.0	0.0
249	__rnase_site_ext	11.2	0.0	0.0
249	p0	0.9	0.0	0.0
249	p1	0.75	0.0	0.0
249	p2	0.85	0.0	0.0
249	protein1	878.4	10.75	2.0294787000000003
249	protein2	900.25	11.7	1.9809058500000003
249	protein3	821.35	11.95	2.04605355
249	r2	12.2	0.0	0.0
249	rnapol	1.1	0.0	0.0
250	__protein1_rbs	6.35	0.0	0.0
250	__protein2_rbs	6.4	0.0	0.0
250	__protein3_rbs	7.6	0.0	0.0
250	__ribosome	31.25	0.0	0.0
250	__rnase_site_ext	11.15	0.0	0.0
250	p0	0.9	0.0	0.0
250	p1	0.75	0.0	0.0
250	p2	0.75	0.0	0.0
250	protein1	882.65	10.7	2.07527215
250	protein2	904.7	11.75	2.0284667999999995
250	protein3	826.4	11.95	2.00840615
250	r2	12.2	0.0	0.0
250	rnapol	1.05	0.0	0.0
