time	species	protein	transcript	ribo_density
0	__protein1_rbs	0.0	0.0	0.0
0	__protein2_rbs	0.0	0.0	0.0
0	__protein3_rbs	0.0	0.0	0.0
0	__ribosome	100.0	0.0	0.0
0	__rnase_site_ext	0.0	0.0	0.0
0	p0	1.0	0.0	0.0
0	r0	0.0	0.0	0.0
0	r2	0.0	0.0	0.0
0	rnapol	4.0	0.0	0.0
1	__protein1_rbs	0.0	0.0	0.0
1	__protein2_rbs	0.0	0.0	0.0
1	__protein3_rbs	0.0	0.0	0.0
1	__ribosome	50.0	0.0	0.0
1	__rnase_site_ext	0.35	0.0	0.0
1	p0	0.3	0.0	0.0
1	r0	0.35	0.0	0.0
1	r2	0.0	0.0	0.0
1	rnapol	1.5	0.0	0.0
2	__protein1_rbs	0.2	0.0	0.0
2	__protein2_rbs	0.0	0.0	0.0
2	__protein3_rbs	0.0	0.0	0.0
2	__ribosome	69.9	0.0	0.0
2	__rnase_site_ext	0.55	0.0	0.0
2	p0	0.3	0.0	0.0
2	protein1	0.0	0.3	0.1
2	r0	0.55	0.0	0.0
2	r2	0.0	0.0	0.0
2	rnapol	2.0	0.0	0.0
3	__protein1_rbs	0.2	0.0	0.0
3	__protein2_rbs	0.0	0.0	0.0
3	__protein3_rbs	0.0	0.0	0.0
3	__ribosome	119.7	0.0	0.0
3	__rnase_site_ext	0.85	0.0	0.0
3	p0	0.4	0.0	0.0
3	protein1	0.0	0.4	0.3
3	r0	0.85	0.0	0.0
3	r2	0.0	0.0	0.0
3	rnapol	3.35	0.0	0.0
4	__protein1_rbs	0.1	0.0	0.0
4	__protein2_rbs	0.0	0.0	0.0
4	__protein3_rbs	0.0	0.0	0.0
4	__ribosome	99.15	0.0	0.0
4	__rnase_site_ext	1.2	0.0	0.0
4	p0	0.5	0.0	0.0
4	protein1	0.0	0.65	0.725
4	r0	1.1	0.0	0.0
4	r2	0.0	0.0	0.0
4	rnapol	2.5	0.0	0.0
5	__protein1_rbs	0.35	0.0	0.0
5	__protein2_rbs	0.0	0.0	0.0
5	__protein3_rbs	0.0	0.0	0.0
5	__ribosome	133.65	0.0	0.0
5	__rnase_site_ext	1.5	0.0	0.0
5	p0	0.7	0.0	0.0
5	protein1	0.0	0.9	1.075
5	r0	1.5	0.0	0.0
5	r2	0.0	0.0	0.0
5	rnapol	3.4	0.0	0.0
6	__protein1_rbs	0.5	0.0	0.0
6	__protein2_rbs	0.0	0.0	0.0
6	__protein3_rbs	0.0	0.0	0.0
6	__ribosome	122.85	0.0	0.0
6	__rnase_site_ext	1.65	0.0	0.0
6	p0	0.9	0.0	0.0
6	protein1	0.0	1.35	1.36666665
6	r0	1.65	0.0	0.0
6	r2	0.0	0.0	0.0
6	rnapol	3.0	0.0	0.0
7	__protein1_rbs	0.4	0.0	0.0
7	__protein2_rbs	0.0	0.0	0.0
7	__protein3_rbs	0.0	0.0	0.0
7	__ribosome	96.85	0.0	0.0
7	__rnase_site_ext	1.95	0.0	0.0
7	p0	0.85	0.0	0.0
7	protein1	0.15	1.65	1.7916666500000002
7	r0	1.9	0.0	0.0
7	r2	0.0	0.0	0.0
7	rnapol	2.05	0.0	0.0
8	__protein1_rbs	0.55	0.0	0.0
8	__protein2_rbs	0.0	0.0	0.0
8	__protein3_rbs	0.0	0.0	0.0
8	__ribosome	95.9	0.0	0.0
8	__rnase_site_ext	2.35	0.0	0.0
8	p0	0.65	0.0	0.0
8	protein1	0.35	1.8	2.35
8	r0	2.35	0.0	0.0
8	r2	0.0	0.0	0.0
8	rnapol	1.6	0.0	0.0
9	__protein1_rbs	0.65	0.0	0.0
9	__protein2_rbs	0.0	0.0	0.0
9	__protein3_rbs	0.0	0.0	0.0
9	__ribosome	95.0	0.0	0.0
9	__rnase_site_ext	2.6	0.0	0.0
9	p0	0.8	0.0	0.0
9	protein1	0.75	2.0	2.4875
9	protein2	0.0	0.05	0.05
9	r0	2.6	0.0	0.0
9	r2	0.0	0.0	0.0
9	rnapol	1.4	0.0	0.0
10	__protein1_rbs	0.7	0.0	0.0
10	__protein2_rbs	0.25	0.0	0.0
10	__protein3_rbs	0.0	0.0	0.0
10	__ribosome	94.15	0.0	0.0
10	__rnase_site_ext	2.6	0.0	0.0
10	p0	1.0	0.0	0.0
10	protein1	1.3	2.4	2.4125
10	protein2	0.0	0.4	0.2
10	r0	2.6	0.0	0.0
10	r2	0.0	0.0	0.0
10	rnapol	1.4	0.0	0.0
11	__protein1_rbs	0.85	0.0	0.0
11	__protein2_rbs	0.05	0.0	0.0
11	__protein3_rbs	0.0	0.0	0.0
11	__ribosome	92.65	0.0	0.0
11	__rnase_site_ext	2.75	0.0	0.0
11	p0	0.85	0.0	0.0
11	protein1	2.05	2.6	2.5958332500000005
11	protein2	0.0	0.5	0.65
11	r0	2.75	0.0	0.0
11	r2	0.0	0.0	0.0
11	rnapol	1.25	0.0	0.0
12	__protein1_rbs	1.1	0.0	0.0
12	__protein2_rbs	0.4	0.0	0.0
12	__protein3_rbs	0.0	0.0	0.0
12	__ribosome	91.8	0.0	0.0
12	__rnase_site_ext	2.9	0.0	0.0
12	p0	0.9	0.0	0.0
12	protein1	2.95	2.6	2.82083335
12	protein2	0.0	0.75	0.775
12	r0	2.9	0.0	0.0
12	r2	0.0	0.0	0.0
12	rnapol	1.1	0.0	0.0
13	__protein1_rbs	0.95	0.0	0.0
13	__protein2_rbs	0.4	0.0	0.0
13	__protein3_rbs	0.0	0.0	0.0
13	__ribosome	90.55	0.0	0.0
13	__rnase_site_ext	2.9	0.0	0.0
13	p0	0.95	0.0	0.0
13	protein1	4.35	2.85	2.7666667
13	protein2	0.0	1.15	1.09166665
13	r0	2.9	0.0	0.0
13	r2	0.0	0.0	0.0
13	rnapol	1.05	0.0	0.0
14	__protein1_rbs	1.2	0.0	0.0
14	__protein2_rbs	0.25	0.0	0.0
14	__protein3_rbs	0.0	0.0	0.0
14	__ribosome	88.8	0.0	0.0
14	__rnase_site_ext	3.1	0.0	0.0
14	p0	0.85	0.0	0.0
14	protein1	5.25	2.9	2.9541666500000003
14	protein2	0.05	1.4	1.7166666499999998
14	r0	3.1	0.0	0.0
14	r2	0.0	0.0	0.0
14	rnapol	0.8	0.0	0.0
15	__protein1_rbs	1.1	0.0	0.0
15	__protein2_rbs	0.85	0.0	0.0
15	__protein3_rbs	0.0	0.0	0.0
15	__ribosome	87.95	0.0	0.0
15	__rnase_site_ext	3.2	0.0	0.0
15	p0	0.9	0.0	0.0
15	protein1	6.9	3.0	2.9124999500000013
15	protein2	0.25	1.65	1.8833334
15	r0	3.2	0.0	0.0
15	r2	0.05	0.0	0.0
15	rnapol	0.65	0.0	0.0
16	__protein1_rbs	0.95	0.0	0.0
16	__protein2_rbs	0.4	0.0	0.0
16	__protein3_rbs	0.0	0.0	0.0
16	__ribosome	86.45	0.0	0.0
16	__rnase_site_ext	3.25	0.0	0.0
16	p0	1.0	0.0	0.0
16	protein1	8.35	3.2	2.82083335
16	protein2	0.5	1.9	2.35833335
16	r0	3.25	0.0	0.0
16	r2	0.4	0.0	0.0
16	rnapol	0.6	0.0	0.0
17	__protein1_rbs	1.15	0.0	0.0
17	__protein2_rbs	0.85	0.0	0.0
17	__protein3_rbs	0.0	0.0	0.0
17	__ribosome	85.2	0.0	0.0
17	__rnase_site_ext	3.35	0.0	0.0
17	p0	1.0	0.0	0.0
17	protein1	9.9	3.25	2.96666665
17	protein2	1.0	2.2	2.3374999999999995
17	r0	3.35	0.0	0.0
17	r2	0.5	0.0	0.0
17	rnapol	0.5	0.0	0.0
18	__protein1_rbs	1.45	0.0	0.0
18	__protein2_rbs	0.8	0.0	0.0
18	__protein3_rbs	0.05	0.0	0.0
18	__ribosome	84.15	0.0	0.0
18	__rnase_site_ext	3.3	0.0	0.0
18	p0	0.9	0.0	0.0
18	protein1	11.7	3.35	2.89583335
18	protein2	1.65	2.55	2.3791666500000006
18	protein3	0.0	0.2	0.15
18	r0	3.3	0.0	0.0
18	r2	0.9	0.0	0.0
18	rnapol	0.4	0.0	0.0
19	__protein1_rbs	1.55	0.0	0.0
19	__protein2_rbs	1.05	0.0	0.0
19	__protein3_rbs	0.35	0.0	0.0
19	__ribosome	83.25	0.0	0.0
19	__rnase_site_ext	3.4	0.0	0.0
19	p0	0.95	0.0	0.0
19	protein1	13.25	3.35	2.9708333500000004
19	protein2	2.5	2.6	2.50000005
19	protein3	0.0	0.4	0.2
19	r0	3.4	0.0	0.0
19	r2	1.25	0.0	0.0
19	rnapol	0.35	0.0	0.0
20	__protein1_rbs	0.95	0.0	0.0
20	__protein2_rbs	0.8	0.0	0.0
20	__protein3_rbs	0.3	0.0	0.0
20	__ribosome	81.3	0.0	0.0
20	__rnase_site_ext	3.4	0.0	0.0
20	p0	0.95	0.0	0.0
20	protein1	15.0	3.4	3.0958333499999995
20	protein2	3.4	2.7	2.7916667
20	protein3	0.0	0.65	0.65
20	r0	3.4	0.0	0.0
20	r2	1.5	0.0	0.0
20	rnapol	0.3	0.0	0.0
21	__protein1_rbs	1.35	0.0	0.0
21	__protein2_rbs	1.35	0.0	0.0
21	__protein3_rbs	0.35	0.0	0.0
21	__ribosome	81.1	0.0	0.0
21	__rnase_site_ext	3.35	0.0	0.0
21	p0	1.0	0.0	0.0
21	protein1	17.35	3.4	2.9208333000000004
21	protein2	4.7	2.85	2.7749999500000007
21	protein3	0.0	0.95	0.925
21	r0	3.35	0.0	0.0
21	r2	1.7	0.0	0.0
21	rnapol	0.3	0.0	0.0
22	__protein1_rbs	1.0	0.0	0.0
22	__protein2_rbs	0.95	0.0	0.0
22	__protein3_rbs	0.55	0.0	0.0
22	__ribosome	78.95	0.0	0.0
22	__rnase_site_ext	3.35	0.0	0.0
22	p0	1.0	0.0	0.0
22	protein1	19.2	3.4	3.0833333
22	protein2	5.9	3.0	2.90000005
22	protein3	0.0	1.25	1.19166665
22	r0	3.35	0.0	0.0
22	r2	1.95	0.0	0.0
22	rnapol	0.5	0.0	0.0
23	__protein1_rbs	1.45	0.0	0.0
23	__protein2_rbs	1.75	0.0	0.0
23	__protein3_rbs	0.7	0.0	0.0
23	__ribosome	78.6	0.0	0.0
23	__rnase_site_ext	3.3	0.0	0.0
23	p0	1.0	0.0	0.0
23	protein1	21.15	3.35	3.10416665
23	protein2	7.5	3.15	2.66250005
23	protein3	0.1	1.65	1.4916665999999998
23	r0	3.3	0.0	0.0
23	r2	2.25	0.0	0.0
23	rnapol	0.65	0.0	0.0
24	__protein1_rbs	0.85	0.0	0.0
24	__protein2_rbs	1.3	0.0	0.0
24	__protein3_rbs	0.85	0.0	0.0
24	__ribosome	76.65	0.0	0.0
24	__rnase_site_ext	3.3	0.0	0.0
24	p0	0.95	0.0	0.0
24	protein1	23.0	3.35	3.2666666000000006
24	protein2	8.9	3.35	2.7333333
24	protein3	0.35	1.8	1.7666667
24	r0	3.3	0.0	0.0
24	r2	2.6	0.0	0.0
24	rnapol	0.65	0.0	0.0
25	__protein1_rbs	1.05	0.0	0.0
25	__protein2_rbs	1.5	0.0	0.0
25	__protein3_rbs	0.75	0.0	0.0
25	__ribosome	75.75	0.0	0.0
25	__rnase_site_ext	3.3	0.0	0.0
25	p0	0.9	0.0	0.0
25	protein1	25.15	3.3	3.22499995
25	protein2	10.6	3.4	2.72916665
25	protein3	0.6	2.0	2.24166665
25	r0	3.3	0.0	0.0
25	r2	2.65	0.0	0.0
25	rnapol	0.9	0.0	0.0
26	__protein1_rbs	1.15	0.0	0.0
26	__protein2_rbs	1.1	0.0	0.0
26	__protein3_rbs	1.0	0.0	0.0
26	__ribosome	74.6	0.0	0.0
26	__rnase_site_ext	3.35	0.0	0.0
26	p0	0.9	0.0	0.0
26	protein1	27.1	3.3	3.20416665
26	protein2	12.5	3.5	2.7833333
26	protein3	1.2	2.45	2.1833333500000003
26	r0	3.3	0.0	0.0
26	r2	2.75	0.0	0.0
26	rnapol	0.9	0.0	0.0
27	__protein1_rbs	1.25	0.0	0.0
27	__protein2_rbs	1.2	0.0	0.0
27	__protein3_rbs	1.0	0.0	0.0
27	__ribosome	73.15	0.0	0.0
27	__rnase_site_ext	3.35	0.0	0.0
27	p0	0.95	0.0	0.0
27	protein1	29.45	3.3	3.3483332999999997
27	protein2	14.15	3.55	2.9083333
27	protein3	1.7	2.6	2.4083333500000004
27	r0	3.35	0.0	0.0
27	r2	2.9	0.0	0.0
27	rnapol	1.15	0.0	0.0
28	__protein1_rbs	1.4	0.0	0.0
28	__protein2_rbs	1.55	0.0	0.0
28	__protein3_rbs	1.0	0.0	0.0
28	__ribosome	72.35	0.0	0.0
28	__rnase_site_ext	3.45	0.0	0.0
28	p0	0.95	0.0	0.0
28	protein1	31.2	3.4	3.3316666500000003
28	protein2	15.8	3.65	2.83333335
28	protein3	2.65	2.65	2.60416665
28	r0	3.45	0.0	0.0
28	r2	3.05	0.0	0.0
28	rnapol	1.25	0.0	0.0
29	__protein1_rbs	1.7	0.0	0.0
29	__protein2_rbs	1.65	0.0	0.0
29	__protein3_rbs	1.0	0.0	0.0
29	__ribosome	71.5	0.0	0.0
29	__rnase_site_ext	3.55	0.0	0.0
29	p0	0.85	0.0	0.0
29	protein1	33.25	3.4	3.2075000000000005
29	protein2	17.7	3.7	2.92500005
29	protein3	3.5	2.8	2.8125
29	r0	3.55	0.0	0.0
29	r2	3.2	0.0	0.0
29	rnapol	1.55	0.0	0.0
30	__protein1_rbs	1.3	0.0	0.0
30	__protein2_rbs	1.6	0.0	0.0
30	__protein3_rbs	1.35	0.0	0.0
30	__ribosome	70.45	0.0	0.0
30	__rnase_site_ext	3.65	0.0	0.0
30	p0	0.7	0.0	0.0
30	protein1	35.0	3.45	3.30166665
30	protein2	19.2	3.7	3.0375
30	protein3	4.75	2.9	2.77083335
30	r0	3.65	0.0	0.0
30	r2	3.35	0.0	0.0
30	rnapol	1.45	0.0	0.0
31	__protein1_rbs	1.1	0.0	0.0
31	__protein2_rbs	1.55	0.0	0.0
31	__protein3_rbs	0.95	0.0	0.0
31	__ribosome	69.75	0.0	0.0
31	__rnase_site_ext	4.0	0.0	0.0
31	p0	0.8	0.0	0.0
31	protein1	37.2	3.6	3.05750005
31	protein2	21.4	3.65	3.09166665
31	protein3	6.15	3.05	2.8541666
31	r0	3.95	0.0	0.0
31	r2	3.5	0.0	0.0
31	rnapol	1.5	0.0	0.0
32	__protein1_rbs	1.8	0.0	0.0
32	__protein2_rbs	1.35	0.0	0.0
32	__protein3_rbs	1.9	0.0	0.0
32	__ribosome	70.15	0.0	0.0
32	__rnase_site_ext	4.3	0.0	0.0
32	p0	0.55	0.0	0.0
32	protein1	39.1	3.9	2.69916665
32	protein2	23.9	3.65	3.0249999999999995
32	protein3	7.65	3.25	2.5916666500000005
32	r0	4.25	0.0	0.0
32	r2	3.5	0.0	0.0
32	rnapol	1.25	0.0	0.0
33	__protein1_rbs	1.25	0.0	0.0
33	__protein2_rbs	1.3	0.0	0.0
33	__protein3_rbs	1.15	0.0	0.0
33	__ribosome	69.05	0.0	0.0
33	__rnase_site_ext	4.3	0.0	0.0
33	p0	0.9	0.0	0.0
33	protein1	41.3	3.9	2.74666675
33	protein2	25.95	3.55	3.1208332999999997
33	protein3	9.25	3.4	2.69166665
33	r0	4.3	0.0	0.0
33	r2	3.6	0.0	0.0
33	rnapol	1.35	0.0	0.0
34	__protein1_rbs	1.7	0.0	0.0
34	__protein2_rbs	1.55	0.0	0.0
34	__protein3_rbs	1.45	0.0	0.0
34	__ribosome	68.3	0.0	0.0
34	__rnase_site_ext	4.4	0.0	0.0
34	p0	0.9	0.0	0.0
34	protein1	43.15	4.3	2.66
34	protein2	28.0	3.55	3.00416665
34	protein3	10.95	3.45	2.84166665
34	r0	4.35	0.0	0.0
34	r2	3.65	0.0	0.0
34	rnapol	1.3	0.0	0.0
35	__protein1_rbs	1.85	0.0	0.0
35	__protein2_rbs	1.45	0.0	0.0
35	__protein3_rbs	1.5	0.0	0.0
35	__ribosome	67.05	0.0	0.0
35	__rnase_site_ext	4.4	0.0	0.0
35	p0	0.75	0.0	0.0
35	protein1	45.05	4.35	2.8258332999999998
35	protein2	30.15	3.7	3.01
35	protein3	12.25	3.55	2.8166667000000003
35	r0	4.4	0.0	0.0
35	r2	3.7	0.0	0.0
35	rnapol	1.3	0.0	0.0
36	__protein1_rbs	1.7	0.0	0.0
36	__protein2_rbs	1.2	0.0	0.0
36	__protein3_rbs	1.45	0.0	0.0
36	__ribosome	66.5	0.0	0.0
36	__rnase_site_ext	4.7	0.0	0.0
36	p0	0.9	0.0	0.0
36	protein1	47.5	4.4	2.8316667000000004
36	protein2	32.3	3.75	2.97250005
36	protein3	14.05	3.6	2.8625
36	r0	4.7	0.0	0.0
36	r2	3.7	0.0	0.0
36	rnapol	1.35	0.0	0.0
37	__protein1_rbs	1.85	0.0	0.0
37	__protein2_rbs	1.55	0.0	0.0
37	__protein3_rbs	1.45	0.0	0.0
37	__ribosome	65.05	0.0	0.0
37	__rnase_site_ext	4.75	0.0	0.0
37	p0	0.9	0.0	0.0
37	protein1	49.55	4.6	2.85666665
37	protein2	34.15	3.75	3.03
37	protein3	15.8	3.7	2.96666665
37	r0	4.75	0.0	0.0
37	r2	3.7	0.0	0.0
37	rnapol	1.35	0.0	0.0
38	__protein1_rbs	1.95	0.0	0.0
38	__protein2_rbs	1.6	0.0	0.0
38	__protein3_rbs	1.25	0.0	0.0
38	__ribosome	65.15	0.0	0.0
38	__rnase_site_ext	4.85	0.0	0.0
38	p0	0.85	0.0	0.0
38	protein1	52.0	4.65	2.79
38	protein2	36.45	3.85	2.9349999500000004
38	protein3	17.95	3.7	2.95833335
38	r0	4.85	0.0	0.0
38	r2	3.7	0.0	0.0
38	rnapol	1.3	0.0	0.0
39	__protein1_rbs	2.1	0.0	0.0
39	__protein2_rbs	1.7	0.0	0.0
39	__protein3_rbs	1.55	0.0	0.0
39	__ribosome	65.05	0.0	0.0
39	__rnase_site_ext	4.8	0.0	0.0
39	p0	0.9	0.0	0.0
39	protein1	54.4	4.8	2.7041666
39	protein2	38.5	4.1	2.7875
39	protein3	20.25	3.7	2.9083333500000004
39	r0	4.8	0.0	0.0
39	r2	3.7	0.0	0.0
39	rnapol	1.4	0.0	0.0
40	__protein1_rbs	1.85	0.0	0.0
40	__protein2_rbs	1.55	0.0	0.0
40	__protein3_rbs	1.45	0.0	0.0
40	__ribosome	63.5	0.0	0.0
40	__rnase_site_ext	4.9	0.0	0.0
40	p0	0.85	0.0	0.0
40	protein1	56.9	4.8	2.8427380500000003
40	protein2	40.6	4.25	2.8478571500000003
40	protein3	22.05	3.7	3.0375
40	r0	4.9	0.0	0.0
40	r2	3.85	0.0	0.0
40	rnapol	1.3	0.0	0.0
41	__protein1_rbs	2.0	0.0	0.0
41	__protein2_rbs	2.3	0.0	0.0
41	__protein3_rbs	1.45	0.0	0.0
41	__ribosome	62.95	0.0	0.0
41	__rnase_site_ext	4.95	0.0	0.0
41	p0	0.95	0.0	0.0
41	protein1	59.3	4.9	2.9236905
41	protein2	42.9	4.65	2.6267857
41	protein3	24.15	3.7	3.075
41	r0	4.95	0.0	0.0
41	r2	3.95	0.0	0.0
41	rnapol	1.25	0.0	0.0
42	__protein1_rbs	1.9	0.0	0.0
42	__protein2_rbs	2.35	0.0	0.0
42	__protein3_rbs	1.75	0.0	0.0
42	__ribosome	62.0	0.0	0.0
42	__rnase_site_ext	5.05	0.0	0.0
42	p0	0.85	0.0	0.0
42	protein1	62.0	5.0	2.9495238499999994
42	protein2	44.75	4.7	2.7638095000000007
42	protein3	26.15	3.7	2.9833333
42	r0	5.05	0.0	0.0
42	r2	4.05	0.0	0.0
42	rnapol	1.2	0.0	0.0
43	__protein1_rbs	2.65	0.0	0.0
43	__protein2_rbs	2.2	0.0	0.0
43	__protein3_rbs	1.6	0.0	0.0
43	__ribosome	62.3	0.0	0.0
43	__rnase_site_ext	5.1	0.0	0.0
43	p0	0.95	0.0	0.0
43	protein1	64.4	4.95	2.9434523999999995
43	protein2	47.45	4.7	2.69297615
43	protein3	28.25	3.95	2.88083335
43	r0	5.1	0.0	0.0
43	r2	4.1	0.0	0.0
43	rnapol	1.25	0.0	0.0
44	__protein1_rbs	2.3	0.0	0.0
44	__protein2_rbs	1.75	0.0	0.0
44	__protein3_rbs	1.9	0.0	0.0
44	__ribosome	61.05	0.0	0.0
44	__rnase_site_ext	5.1	0.0	0.0
44	p0	0.85	0.0	0.0
44	protein1	67.25	5.1	2.9171428999999995
44	protein2	49.25	4.9	2.8215477000000004
44	protein3	30.4	3.95	2.84166665
44	r0	5.05	0.0	0.0
44	r2	4.1	0.0	0.0
44	rnapol	1.15	0.0	0.0
45	__protein1_rbs	2.0	0.0	0.0
45	__protein2_rbs	2.35	0.0	0.0
45	__protein3_rbs	2.1	0.0	0.0
45	__ribosome	61.45	0.0	0.0
45	__rnase_site_ext	5.2	0.0	0.0
45	p0	0.95	0.0	0.0
45	protein1	70.05	5.05	2.9321428000000003
45	protein2	52.1	5.05	2.6378572
45	protein3	32.7	4.05	2.785
45	r0	5.2	0.0	0.0
45	r2	4.35	0.0	0.0
45	rnapol	1.05	0.0	0.0
46	__protein1_rbs	2.2	0.0	0.0
46	__protein2_rbs	1.95	0.0	0.0
46	__protein3_rbs	1.9	0.0	0.0
46	__ribosome	60.7	0.0	0.0
46	__rnase_site_ext	5.35	0.0	0.0
46	p0	0.9	0.0	0.0
46	protein1	72.6	5.05	2.9791666
46	protein2	54.6	5.1	2.7365476000000006
46	protein3	34.9	4.15	2.70666665
46	r0	5.3	0.0	0.0
46	r2	4.55	0.0	0.0
46	rnapol	0.9	0.0	0.0
47	__protein1_rbs	2.45	0.0	0.0
47	__protein2_rbs	2.15	0.0	0.0
47	__protein3_rbs	2.05	0.0	0.0
47	__ribosome	60.6	0.0	0.0
47	__rnase_site_ext	5.4	0.0	0.0
47	p0	0.95	0.0	0.0
47	protein1	75.9	5.2	2.7334524499999997
47	protein2	57.1	5.15	2.74559515
47	protein3	36.95	4.4	2.6275000000000004
47	r0	5.35	0.0	0.0
47	r2	4.85	0.0	0.0
47	rnapol	0.85	0.0	0.0
48	__protein1_rbs	2.1	0.0	0.0
48	__protein2_rbs	2.35	0.0	0.0
48	__protein3_rbs	2.05	0.0	0.0
48	__ribosome	59.15	0.0	0.0
48	__rnase_site_ext	5.4	0.0	0.0
48	p0	0.95	0.0	0.0
48	protein1	78.5	5.35	2.75369045
48	protein2	59.15	5.15	2.9215475000000004
48	protein3	39.05	4.55	2.61535715
48	r0	5.4	0.0	0.0
48	r2	4.9	0.0	0.0
48	rnapol	0.85	0.0	0.0
49	__protein1_rbs	2.05	0.0	0.0
49	__protein2_rbs	2.35	0.0	0.0
49	__protein3_rbs	2.2	0.0	0.0
49	__ribosome	58.75	0.0	0.0
49	__rnase_site_ext	5.45	0.0	0.0
49	p0	0.95	0.0	0.0
49	protein1	81.3	5.4	2.7726190000000006
49	protein2	62.05	5.2	2.8010714
49	protein3	41.3	4.9	2.487619
49	r0	5.45	0.0	0.0
49	r2	4.95	0.0	0.0
49	rnapol	1.0	0.0	0.0
50	__protein1_rbs	2.5	0.0	0.0
50	__protein2_rbs	2.4	0.0	0.0
50	__protein3_rbs	2.45	0.0	0.0
50	__ribosome	58.05	0.0	0.0
50	__rnase_site_ext	5.3	0.0	0.0
50	p0	0.9	0.0	0.0
50	protein1	84.35	5.4	2.76047615
50	protein2	64.45	5.35	2.76309525
50	protein3	43.3	5.05	2.52714285
50	r0	5.3	0.0	0.0
50	r2	5.25	0.0	0.0
50	rnapol	0.95	0.0	0.0
51	__protein1_rbs	2.15	0.0	0.0
51	__protein2_rbs	2.3	0.0	0.0
51	__protein3_rbs	2.1	0.0	0.0
51	__ribosome	56.95	0.0	0.0
51	__rnase_site_ext	5.2	0.0	0.0
51	p0	0.9	0.0	0.0
51	protein1	86.75	5.45	2.8879762499999995
51	protein2	67.55	5.35	2.730714250000001
51	protein3	45.7	5.0	2.6372619
51	r0	5.2	0.0	0.0
51	r2	5.4	0.0	0.0
51	rnapol	1.0	0.0	0.0
52	__protein1_rbs	2.6	0.0	0.0
52	__protein2_rbs	2.35	0.0	0.0
52	__protein3_rbs	2.35	0.0	0.0
52	__ribosome	57.05	0.0	0.0
52	__rnase_site_ext	5.2	0.0	0.0
52	p0	0.9	0.0	0.0
52	protein1	89.65	5.3	2.93976185
52	protein2	70.4	5.4	2.7241667
52	protein3	48.25	5.05	2.6477380000000004
52	r0	5.2	0.0	0.0
52	r2	5.5	0.0	0.0
52	rnapol	0.95	0.0	0.0
53	__protein1_rbs	2.05	0.0	0.0
53	__protein2_rbs	2.4	0.0	0.0
53	__protein3_rbs	1.95	0.0	0.0
53	__ribosome	56.5	0.0	0.0
53	__rnase_site_ext	5.25	0.0	0.0
53	p0	0.95	0.0	0.0
53	protein1	92.5	5.05	3.080476200000001
53	protein2	73.25	5.45	2.6695237999999994
53	protein3	50.65	5.3	2.6367857999999997
53	r0	5.25	0.0	0.0
53	r2	5.5	0.0	0.0
53	rnapol	1.15	0.0	0.0
54	__protein1_rbs	1.9	0.0	0.0
54	__protein2_rbs	2.6	0.0	0.0
54	__protein3_rbs	2.45	0.0	0.0
54	__ribosome	55.15	0.0	0.0
54	__rnase_site_ext	5.25	0.0	0.0
54	p0	0.95	0.0	0.0
54	protein1	95.4	5.25	2.94523805
54	protein2	75.6	5.55	2.7580953
54	protein3	52.8	5.4	2.7189286
54	r0	5.25	0.0	0.0
54	r2	5.5	0.0	0.0
54	rnapol	1.2	0.0	0.0
55	__protein1_rbs	2.1	0.0	0.0
55	__protein2_rbs	2.4	0.0	0.0
55	__protein3_rbs	2.15	0.0	0.0
55	__ribosome	54.55	0.0	0.0
55	__rnase_site_ext	5.25	0.0	0.0
55	p0	0.9	0.0	0.0
55	protein1	98.7	5.2	3.00952385
55	protein2	78.55	5.55	2.7673810000000003
55	protein3	55.65	5.55	2.7639286000000003
55	r0	5.2	0.0	0.0
55	r2	5.55	0.0	0.0
55	rnapol	1.55	0.0	0.0
56	__protein1_rbs	2.35	0.0	0.0
56	__protein2_rbs	2.6	0.0	0.0
56	__protein3_rbs	3.15	0.0	0.0
56	__ribosome	54.85	0.0	0.0
56	__rnase_site_ext	5.2	0.0	0.0
56	p0	0.9	0.0	0.0
56	protein1	101.8	5.2	2.9184524
56	protein2	81.1	5.6	2.7798809000000007
56	protein3	58.15	5.55	2.6922619
56	r0	5.15	0.0	0.0
56	r2	5.7	0.0	0.0
56	rnapol	1.55	0.0	0.0
57	__protein1_rbs	2.7	0.0	0.0
57	__protein2_rbs	2.65	0.0	0.0
57	__protein3_rbs	2.45	0.0	0.0
57	__ribosome	55.65	0.0	0.0
57	__rnase_site_ext	5.2	0.0	0.0
57	p0	0.95	0.0	0.0
57	protein1	104.3	5.25	2.8237500000000004
57	protein2	84.4	5.6	2.673333350000001
57	protein3	61.15	5.6	2.672381
57	r0	5.2	0.0	0.0
57	r2	5.75	0.0	0.0
57	rnapol	1.65	0.0	0.0
58	__protein1_rbs	2.2	0.0	0.0
58	__protein2_rbs	2.65	0.0	0.0
58	__protein3_rbs	2.45	0.0	0.0
58	__ribosome	56.05	0.0	0.0
58	__rnase_site_ext	5.25	0.0	0.0
58	p0	0.8	0.0	0.0
58	protein1	107.45	5.25	2.77499995
58	protein2	87.3	5.6	2.7067857
58	protein3	64.2	5.65	2.71952365
58	r0	5.2	0.0	0.0
58	r2	5.7	0.0	0.0
58	rnapol	1.5	0.0	0.0
59	__protein1_rbs	1.95	0.0	0.0
59	__protein2_rbs	2.8	0.0	0.0
59	__protein3_rbs	2.3	0.0	0.0
59	__ribosome	55.8	0.0	0.0
59	__rnase_site_ext	5.4	0.0	0.0
59	p0	0.85	0.0	0.0
59	protein1	110.7	5.2	2.7441667
59	protein2	90.05	5.65	2.65154765
59	protein3	67.2	5.8	2.65452385
59	r0	5.3	0.0	0.0
59	r2	5.85	0.0	0.0
59	rnapol	1.7	0.0	0.0
60	__protein1_rbs	2.45	0.0	0.0
60	__protein2_rbs	2.75	0.0	0.0
60	__protein3_rbs	2.7	0.0	0.0
60	__ribosome	55.95	0.0	0.0
60	__rnase_site_ext	5.45	0.0	0.0
60	p0	0.75	0.0	0.0
60	protein1	113.15	5.3	2.7591667
60	protein2	93.05	5.65	2.6170237500000004
60	protein3	70.1	5.8	2.6295834
60	r0	5.45	0.0	0.0
60	r2	5.85	0.0	0.0
60	rnapol	1.5	0.0	0.0
61	__protein1_rbs	2.75	0.0	0.0
61	__protein2_rbs	3.0	0.0	0.0
61	__protein3_rbs	2.9	0.0	0.0
61	__ribosome	56.85	0.0	0.0
61	__rnase_site_ext	5.6	0.0	0.0
61	p0	0.8	0.0	0.0
61	protein1	116.1	5.45	2.6228969
61	protein2	96.15	5.7	2.4999999500000003
61	protein3	72.8	5.8	2.6356547500000005
61	r0	5.6	0.0	0.0
61	r2	5.95	0.0	0.0
61	rnapol	1.4	0.0	0.0
62	__protein1_rbs	2.6	0.0	0.0
62	__protein2_rbs	2.75	0.0	0.0
62	__protein3_rbs	2.85	0.0	0.0
62	__ribosome	56.2	0.0	0.0
62	__rnase_site_ext	5.7	0.0	0.0
62	p0	0.8	0.0	0.0
62	protein1	118.75	5.5	2.6486112
62	protein2	99.25	5.75	2.4385714
62	protein3	75.45	5.85	2.7104761499999994
62	r0	5.7	0.0	0.0
62	r2	5.85	0.0	0.0
62	rnapol	1.2	0.0	0.0
63	__protein1_rbs	2.4	0.0	0.0
63	__protein2_rbs	2.4	0.0	0.0
63	__protein3_rbs	2.9	0.0	0.0
63	__ribosome	55.4	0.0	0.0
63	__rnase_site_ext	5.75	0.0	0.0
63	p0	0.95	0.0	0.0
63	protein1	121.65	5.7	2.59408735
63	protein2	101.85	5.95	2.51619045
63	protein3	78.85	5.9	2.64023805
63	r0	5.75	0.0	0.0
63	r2	5.9	0.0	0.0
63	rnapol	1.35	0.0	0.0
64	__protein1_rbs	2.45	0.0	0.0
64	__protein2_rbs	2.7	0.0	0.0
64	__protein3_rbs	2.75	0.0	0.0
64	__ribosome	55.3	0.0	0.0
64	__rnase_site_ext	5.85	0.0	0.0
64	p0	0.85	0.0	0.0
64	protein1	124.45	5.7	2.56565475
64	protein2	104.8	5.95	2.53142855
64	protein3	82.1	6.1	2.5020833
64	r0	5.85	0.0	0.0
64	r2	5.95	0.0	0.0
64	rnapol	1.25	0.0	0.0
65	__protein1_rbs	2.95	0.0	0.0
65	__protein2_rbs	3.0	0.0	0.0
65	__protein3_rbs	3.35	0.0	0.0
65	__ribosome	54.6	0.0	0.0
65	__rnase_site_ext	5.95	0.0	0.0
65	p0	0.8	0.0	0.0
65	protein1	127.05	5.8	2.5539285
65	protein2	107.5	5.95	2.55619055
65	protein3	84.45	6.05	2.60684515
65	r0	5.9	0.0	0.0
65	r2	6.05	0.0	0.0
65	rnapol	1.2	0.0	0.0
66	__protein1_rbs	2.7	0.0	0.0
66	__protein2_rbs	3.2	0.0	0.0
66	__protein3_rbs	2.1	0.0	0.0
66	__ribosome	53.1	0.0	0.0
66	__rnase_site_ext	5.95	0.0	0.0
66	p0	0.95	0.0	0.0
66	protein1	129.6	5.9	2.60797625
66	protein2	110.5	6.05	2.54023815
66	protein3	87.35	6.0	2.76166665
66	r0	5.95	0.0	0.0
66	r2	6.0	0.0	0.0
66	rnapol	1.25	0.0	0.0
67	__protein1_rbs	2.75	0.0	0.0
67	__protein2_rbs	2.9	0.0	0.0
67	__protein3_rbs	2.95	0.0	0.0
67	__ribosome	53.05	0.0	0.0
67	__rnase_site_ext	6.05	0.0	0.0
67	p0	0.85	0.0	0.0
67	protein1	132.5	5.95	2.5706548
67	protein2	113.45	6.15	2.5511308999999995
67	protein3	90.45	6.1	2.6966666999999998
67	r0	6.05	0.0	0.0
67	r2	6.1	0.0	0.0
67	rnapol	1.15	0.0	0.0
68	__protein1_rbs	2.95	0.0	0.0
68	__protein2_rbs	2.35	0.0	0.0
68	__protein3_rbs	2.9	0.0	0.0
68	__ribosome	52.8	0.0	0.0
68	__rnase_site_ext	6.05	0.0	0.0
68	p0	0.9	0.0	0.0
68	protein1	135.55	6.05	2.51303565
68	protein2	116.65	6.1	2.6605952999999998
68	protein3	93.5	6.1	2.6493451
68	r0	6.0	0.0	0.0
68	r2	6.15	0.0	0.0
68	rnapol	1.15	0.0	0.0
69	__protein1_rbs	2.9	0.0	0.0
69	__protein2_rbs	3.15	0.0	0.0
69	__protein3_rbs	3.05	0.0	0.0
69	__ribosome	52.9	0.0	0.0
69	__rnase_site_ext	6.1	0.0	0.0
69	p0	0.95	0.0	0.0
69	protein1	138.45	6.1	2.59708335
69	protein2	119.45	6.15	2.6503571000000004
69	protein3	96.85	6.05	2.60035715
69	r0	6.1	0.0	0.0
69	r2	6.3	0.0	0.0
69	rnapol	1.1	0.0	0.0
70	__protein1_rbs	2.95	0.0	0.0
70	__protein2_rbs	2.6	0.0	0.0
70	__protein3_rbs	2.95	0.0	0.0
70	__ribosome	52.2	0.0	0.0
70	__rnase_site_ext	6.1	0.0	0.0
70	p0	0.95	0.0	0.0
70	protein1	141.6	6.15	2.53208335
70	protein2	122.5	6.2	2.72212295
70	protein3	99.8	6.15	2.61053565
70	r0	6.1	0.0	0.0
70	r2	6.2	0.0	0.0
70	rnapol	1.2	0.0	0.0
71	__protein1_rbs	2.65	0.0	0.0
71	__protein2_rbs	3.35	0.0	0.0
71	__protein3_rbs	2.8	0.0	0.0
71	__ribosome	52.2	0.0	0.0
71	__rnase_site_ext	6.35	0.0	0.0
71	p0	0.8	0.0	0.0
71	protein1	144.4	6.15	2.61130955
71	protein2	125.65	6.35	2.6132937000000003
71	protein3	103.35	6.25	2.506547499999999
71	r0	6.3	0.0	0.0
71	r2	6.2	0.0	0.0
71	rnapol	1.05	0.0	0.0
72	__protein1_rbs	3.4	0.0	0.0
72	__protein2_rbs	3.45	0.0	0.0
72	__protein3_rbs	3.3	0.0	0.0
72	__ribosome	51.55	0.0	0.0
72	__rnase_site_ext	6.3	0.0	0.0
72	p0	0.7	0.0	0.0
72	protein1	147.2	6.15	2.61892855
72	protein2	128.8	6.45	2.6004762
72	protein3	105.95	6.3	2.5741071
72	r0	6.3	0.0	0.0
72	r2	6.2	0.0	0.0
72	rnapol	0.8	0.0	0.0
73	__protein1_rbs	3.1	0.0	0.0
73	__protein2_rbs	2.9	0.0	0.0
73	__protein3_rbs	3.1	0.0	0.0
73	__ribosome	51.7	0.0	0.0
73	__rnase_site_ext	6.45	0.0	0.0
73	p0	0.9	0.0	0.0
73	protein1	150.5	6.35	2.4869444
73	protein2	132.0	6.4	2.6470635
73	protein3	109.1	6.35	2.5570237999999996
73	r0	6.45	0.0	0.0
73	r2	6.5	0.0	0.0
73	rnapol	0.85	0.0	0.0
74	__protein1_rbs	3.25	0.0	0.0
74	__protein2_rbs	3.55	0.0	0.0
74	__protein3_rbs	3.8	0.0	0.0
74	__ribosome	52.35	0.0	0.0
74	__rnase_site_ext	6.3	0.0	0.0
74	p0	1.0	0.0	0.0
74	protein1	153.7	6.45	2.4293252999999995
74	protein2	135.2	6.6	2.5482737499999994
74	protein3	112.15	6.3	2.5037698500000003
74	r0	6.3	0.0	0.0
74	r2	6.55	0.0	0.0
74	rnapol	0.85	0.0	0.0
75	__protein1_rbs	3.0	0.0	0.0
75	__protein2_rbs	3.15	0.0	0.0
75	__protein3_rbs	2.7	0.0	0.0
75	__ribosome	51.5	0.0	0.0
75	__rnase_site_ext	6.25	0.0	0.0
75	p0	0.9	0.0	0.0
75	protein1	156.25	6.55	2.5196428
75	protein2	138.8	6.6	2.53843255
75	protein3	115.55	6.25	2.5405357000000004
75	r0	6.25	0.0	0.0
75	r2	6.7	0.0	0.0
75	rnapol	0.9	0.0	0.0
76	__protein1_rbs	3.3	0.0	0.0
76	__protein2_rbs	3.45	0.0	0.0
76	__protein3_rbs	3.35	0.0	0.0
76	__ribosome	51.75	0.0	0.0
76	__rnase_site_ext	6.35	0.0	0.0
76	p0	1.0	0.0	0.0
76	protein1	159.55	6.3	2.58875
76	protein2	141.5	6.65	2.56829365
76	protein3	118.85	6.6	2.365
76	r0	6.35	0.0	0.0
76	r2	6.85	0.0	0.0
76	rnapol	0.9	0.0	0.0
77	__protein1_rbs	2.95	0.0	0.0
77	__protein2_rbs	3.25	0.0	0.0
77	__protein3_rbs	3.35	0.0	0.0
77	__ribosome	51.55	0.0	0.0
77	__rnase_site_ext	6.5	0.0	0.0
77	p0	0.85	0.0	0.0
77	protein1	162.35	6.35	2.6331548
77	protein2	144.9	6.7	2.5261111
77	protein3	121.8	6.65	2.35013885
77	r0	6.5	0.0	0.0
77	r2	7.0	0.0	0.0
77	rnapol	0.9	0.0	0.0
78	__protein1_rbs	3.4	0.0	0.0
78	__protein2_rbs	3.45	0.0	0.0
78	__protein3_rbs	3.75	0.0	0.0
78	__ribosome	52.7	0.0	0.0
78	__rnase_site_ext	6.5	0.0	0.0
78	p0	0.95	0.0	0.0
78	protein1	165.75	6.35	2.5179761000000003
78	protein2	148.3	6.75	2.4201389
78	protein3	124.85	6.8	2.2649404000000004
78	r0	6.5	0.0	0.0
78	r2	7.05	0.0	0.0
78	rnapol	0.9	0.0	0.0
79	__protein1_rbs	2.85	0.0	0.0
79	__protein2_rbs	3.45	0.0	0.0
79	__protein3_rbs	2.55	0.0	0.0
79	__ribosome	50.65	0.0	0.0
79	__rnase_site_ext	6.6	0.0	0.0
79	p0	0.85	0.0	0.0
79	protein1	168.9	6.45	2.5414682500000003
79	protein2	151.7	6.8	2.397381
79	protein3	127.5	6.95	2.4671627000000003
79	r0	6.6	0.0	0.0
79	r2	7.15	0.0	0.0
79	rnapol	0.75	0.0	0.0
80	__protein1_rbs	3.05	0.0	0.0
80	__protein2_rbs	3.5	0.0	0.0
80	__protein3_rbs	3.35	0.0	0.0
80	__ribosome	49.95	0.0	0.0
80	__rnase_site_ext	6.6	0.0	0.0
80	p0	0.95	0.0	0.0
80	protein1	172.1	6.55	2.516369
80	protein2	154.65	6.8	2.4597421499999994
80	protein3	130.65	7.1	2.4668651500000003
80	r0	6.6	0.0	0.0
80	r2	7.15	0.0	0.0
80	rnapol	0.8	0.0	0.0
81	__protein1_rbs	3.4	0.0	0.0
81	__protein2_rbs	3.65	0.0	0.0
81	__protein3_rbs	3.9	0.0	0.0
81	__ribosome	49.5	0.0	0.0
81	__rnase_site_ext	6.5	0.0	0.0
81	p0	0.9	0.0	0.0
81	protein1	175.25	6.6	2.51351185
81	protein2	157.7	6.95	2.43373015
81	protein3	133.75	7.2	2.4230952
81	r0	6.5	0.0	0.0
81	r2	7.05	0.0	0.0
81	rnapol	0.85	0.0	0.0
82	__protein1_rbs	3.0	0.0	0.0
82	__protein2_rbs	4.0	0.0	0.0
82	__protein3_rbs	3.1	0.0	0.0
82	__ribosome	49.1	0.0	0.0
82	__rnase_site_ext	6.6	0.0	0.0
82	p0	0.95	0.0	0.0
82	protein1	178.4	6.55	2.58154755
82	protein2	160.9	7.15	2.3370238
82	protein3	137.35	7.15	2.4809325
82	r0	6.6	0.0	0.0
82	r2	7.1	0.0	0.0
82	rnapol	1.1	0.0	0.0
83	__protein1_rbs	3.4	0.0	0.0
83	__protein2_rbs	3.75	0.0	0.0
83	__protein3_rbs	3.6	0.0	0.0
83	__ribosome	47.95	0.0	0.0
83	__rnase_site_ext	6.55	0.0	0.0
83	p0	0.95	0.0	0.0
83	protein1	181.35	6.6	2.5524603999999997
83	protein2	164.0	7.0	2.4508531
83	protein3	140.1	7.3	2.5412498999999995
83	r0	6.55	0.0	0.0
83	r2	7.1	0.0	0.0
83	rnapol	1.25	0.0	0.0
84	__protein1_rbs	3.45	0.0	0.0
84	__protein2_rbs	4.05	0.0	0.0
84	__protein3_rbs	3.95	0.0	0.0
84	__ribosome	49.0	0.0	0.0
84	__rnase_site_ext	6.55	0.0	0.0
84	p0	0.9	0.0	0.0
84	protein1	184.5	6.6	2.5407936
84	protein2	167.6	7.0	2.37787695
84	protein3	144.0	7.25	2.48797615
84	r0	6.55	0.0	0.0
84	r2	7.05	0.0	0.0
84	rnapol	1.2	0.0	0.0
85	__protein1_rbs	3.0	0.0	0.0
85	__protein2_rbs	3.5	0.0	0.0
85	__protein3_rbs	3.6	0.0	0.0
85	__ribosome	48.4	0.0	0.0
85	__rnase_site_ext	6.65	0.0	0.0
85	p0	1.0	0.0	0.0
85	protein1	187.9	6.65	2.5084324500000004
85	protein2	170.8	7.05	2.40926575
85	protein3	147.45	7.25	2.5227976
85	r0	6.65	0.0	0.0
85	r2	7.0	0.0	0.0
85	rnapol	1.4	0.0	0.0
86	__protein1_rbs	3.25	0.0	0.0
86	__protein2_rbs	3.45	0.0	0.0
86	__protein3_rbs	3.4	0.0	0.0
86	__ribosome	47.05	0.0	0.0
86	__rnase_site_ext	6.65	0.0	0.0
86	p0	0.9	0.0	0.0
86	protein1	191.0	6.7	2.5221824999999995
86	protein2	173.65	7.05	2.4979167
86	protein3	150.7	7.25	2.6005754000000003
86	r0	6.65	0.0	0.0
86	r2	7.15	0.0	0.0
86	rnapol	1.5	0.0	0.0
87	__protein1_rbs	3.15	0.0	0.0
87	__protein2_rbs	3.35	0.0	0.0
87	__protein3_rbs	3.35	0.0	0.0
87	__ribosome	46.85	0.0	0.0
87	__rnase_site_ext	6.6	0.0	0.0
87	p0	0.9	0.0	0.0
87	protein1	194.65	6.65	2.4624206000000006
87	protein2	177.25	7.1	2.48406745
87	protein3	154.1	7.3	2.69029765
87	r0	6.55	0.0	0.0
87	r2	7.2	0.0	0.0
87	rnapol	1.45	0.0	0.0
88	__protein1_rbs	3.3	0.0	0.0
88	__protein2_rbs	3.65	0.0	0.0
88	__protein3_rbs	3.65	0.0	0.0
88	__ribosome	46.75	0.0	0.0
88	__rnase_site_ext	6.7	0.0	0.0
88	p0	0.9	0.0	0.0
88	protein1	197.6	6.65	2.5372421000000003
88	protein2	180.75	7.1	2.47559525
88	protein3	157.85	7.15	2.7048610500000003
88	r0	6.7	0.0	0.0
88	r2	7.35	0.0	0.0
88	rnapol	1.5	0.0	0.0
89	__protein1_rbs	3.8	0.0	0.0
89	__protein2_rbs	3.7	0.0	0.0
89	__protein3_rbs	3.9	0.0	0.0
89	__ribosome	46.95	0.0	0.0
89	__rnase_site_ext	6.85	0.0	0.0
89	p0	0.9	0.0	0.0
89	protein1	200.65	6.65	2.5241467
89	protein2	183.95	7.15	2.47476185
89	protein3	161.4	7.25	2.6282738
89	r0	6.85	0.0	0.0
89	r2	7.3	0.0	0.0
89	rnapol	1.45	0.0	0.0
90	__protein1_rbs	3.1	0.0	0.0
90	__protein2_rbs	3.3	0.0	0.0
90	__protein3_rbs	4.05	0.0	0.0
90	__ribosome	46.5	0.0	0.0
90	__rnase_site_ext	6.9	0.0	0.0
90	p0	0.8	0.0	0.0
90	protein1	203.75	6.75	2.56353175
90	protein2	187.6	7.15	2.51204355
90	protein3	164.9	7.3	2.5777976
90	r0	6.9	0.0	0.0
90	r2	7.2	0.0	0.0
90	rnapol	1.35	0.0	0.0
91	__protein1_rbs	3.6	0.0	0.0
91	__protein2_rbs	3.0	0.0	0.0
91	__protein3_rbs	3.85	0.0	0.0
91	__ribosome	46.4	0.0	0.0
91	__rnase_site_ext	7.1	0.0	0.0
91	p0	0.85	0.0	0.0
91	protein1	207.0	6.95	2.5011309000000006
91	protein2	190.9	7.2	2.59375005
91	protein3	169.45	7.5	2.4125397
91	r0	7.1	0.0	0.0
91	r2	7.25	0.0	0.0
91	rnapol	1.25	0.0	0.0
92	__protein1_rbs	4.05	0.0	0.0
92	__protein2_rbs	3.4	0.0	0.0
92	__protein3_rbs	2.85	0.0	0.0
92	__ribosome	46.7	0.0	0.0
92	__rnase_site_ext	7.05	0.0	0.0
92	p0	0.9	0.0	0.0
92	protein1	210.55	7.05	2.42742065
92	protein2	194.5	7.1	2.5940674
92	protein3	173.25	7.35	2.5481548000000003
92	r0	7.05	0.0	0.0
92	r2	7.3	0.0	0.0
92	rnapol	1.25	0.0	0.0
93	__protein1_rbs	4.25	0.0	0.0
93	__protein2_rbs	3.45	0.0	0.0
93	__protein3_rbs	3.7	0.0	0.0
93	__ribosome	46.6	0.0	0.0
93	__rnase_site_ext	7.15	0.0	0.0
93	p0	0.9	0.0	0.0
93	protein1	213.65	7.05	2.38567445
93	protein2	197.95	6.95	2.6579762
93	protein3	176.3	7.35	2.5963095000000003
93	r0	7.15	0.0	0.0
93	r2	7.3	0.0	0.0
93	rnapol	1.25	0.0	0.0
94	__protein1_rbs	3.65	0.0	0.0
94	__protein2_rbs	3.55	0.0	0.0
94	__protein3_rbs	3.85	0.0	0.0
94	__ribosome	46.5	0.0	0.0
94	__rnase_site_ext	7.3	0.0	0.0
94	p0	0.8	0.0	0.0
94	protein1	217.15	7.15	2.3571825
94	protein2	201.25	7.1	2.6241865
94	protein3	180.15	7.35	2.5885912999999996
94	r0	7.3	0.0	0.0
94	r2	7.4	0.0	0.0
94	rnapol	1.2	0.0	0.0
95	__protein1_rbs	3.4	0.0	0.0
95	__protein2_rbs	3.75	0.0	0.0
95	__protein3_rbs	3.35	0.0	0.0
95	__ribosome	46.4	0.0	0.0
95	__rnase_site_ext	7.2	0.0	0.0
95	p0	0.9	0.0	0.0
95	protein1	220.95	7.25	2.2899404
95	protein2	204.85	7.15	2.5601983500000003
95	protein3	183.4	7.4	2.6546229
95	r0	7.2	0.0	0.0
95	r2	7.4	0.0	0.0
95	rnapol	1.25	0.0	0.0
96	__protein1_rbs	4.35	0.0	0.0
96	__protein2_rbs	3.25	0.0	0.0
96	__protein3_rbs	3.6	0.0	0.0
96	__ribosome	46.55	0.0	0.0
96	__rnase_site_ext	7.35	0.0	0.0
96	p0	0.85	0.0	0.0
96	protein1	224.05	7.35	2.2237103
96	protein2	208.7	7.2	2.55942465
96	protein3	187.2	7.45	2.63456345
96	r0	7.35	0.0	0.0
96	r2	7.3	0.0	0.0
96	rnapol	1.25	0.0	0.0
97	__protein1_rbs	3.9	0.0	0.0
97	__protein2_rbs	3.65	0.0	0.0
97	__protein3_rbs	3.8	0.0	0.0
97	__ribosome	46.25	0.0	0.0
97	__rnase_site_ext	7.45	0.0	0.0
97	p0	0.85	0.0	0.0
97	protein1	227.0	7.35	2.3095635
97	protein2	212.2	7.3	2.4905555
97	protein3	191.45	7.55	2.5682936
97	r0	7.45	0.0	0.0
97	r2	7.35	0.0	0.0
97	rnapol	1.2	0.0	0.0
98	__protein1_rbs	3.75	0.0	0.0
98	__protein2_rbs	3.4	0.0	0.0
98	__protein3_rbs	3.25	0.0	0.0
98	__ribosome	45.1	0.0	0.0
98	__rnase_site_ext	7.4	0.0	0.0
98	p0	0.9	0.0	0.0
98	protein1	230.15	7.45	2.3301966
98	protein2	215.5	7.25	2.5916468
98	protein3	195.0	7.45	2.66071425
98	r0	7.4	0.0	0.0
98	r2	7.3	0.0	0.0
98	rnapol	1.1	0.0	0.0
99	__protein1_rbs	3.55	0.0	0.0
99	__protein2_rbs	3.6	0.0	0.0
99	__protein3_rbs	3.95	0.0	0.0
99	__ribosome	44.95	0.0	0.0
99	__rnase_site_ext	7.3	0.0	0.0
99	p0	0.95	0.0	0.0
99	protein1	233.5	7.5	2.33420635
99	protein2	219.3	7.55	2.5070833500000003
99	protein3	198.55	7.55	2.5589881
99	r0	7.3	0.0	0.0
99	r2	7.35	0.0	0.0
99	rnapol	1.15	0.0	0.0
100	__protein1_rbs	3.7	0.0	0.0
100	__protein2_rbs	3.65	0.0	0.0
100	__protein3_rbs	3.45	0.0	0.0
100	__ribosome	44.0	0.0	0.0
100	__rnase_site_ext	7.45	0.0	0.0
100	p0	0.95	0.0	0.0
100	protein1	236.9	7.45	2.4290476
100	protein2	222.6	7.5	2.54849205
100	protein3	202.5	7.45	2.6001191
100	r0	7.45	0.0	0.0
100	r2	7.35	0.0	0.0
100	rnapol	1.2	0.0	0.0
101	__protein1_rbs	4.25	0.0	0.0
101	__protein2_rbs	4.1	0.0	0.0
101	__protein3_rbs	3.95	0.0	0.0
101	__ribosome	45.05	0.0	0.0
101	__rnase_site_ext	7.4	0.0	0.0
101	p0	0.9	0.0	0.0
101	protein1	240.25	7.4	2.4185912000000003
101	protein2	226.15	7.65	2.457267250000001
101	protein3	206.25	7.4	2.5513888
101	r0	7.4	0.0	0.0
101	r2	7.3	0.0	0.0
101	rnapol	1.2	0.0	0.0
102	__protein1_rbs	3.4	0.0	0.0
102	__protein2_rbs	4.05	0.0	0.0
102	__protein3_rbs	4.05	0.0	0.0
102	__ribosome	44.8	0.0	0.0
102	__rnase_site_ext	7.5	0.0	0.0
102	p0	0.8	0.0	0.0
102	protein1	243.35	7.35	2.5087102999999997
102	protein2	229.75	7.75	2.4070274000000005
102	protein3	210.05	7.5	2.50085315
102	r0	7.5	0.0	0.0
102	r2	7.4	0.0	0.0
102	rnapol	1.05	0.0	0.0
103	__protein1_rbs	3.95	0.0	0.0
103	__protein2_rbs	3.9	0.0	0.0
103	__protein3_rbs	3.85	0.0	0.0
103	__ribosome	44.6	0.0	0.0
103	__rnase_site_ext	7.55	0.0	0.0
103	p0	1.0	0.0	0.0
103	protein1	246.75	7.45	2.4919445
103	protein2	233.3	7.95	2.3956763999999997
103	protein3	213.75	7.4	2.4761111000000002
103	r0	7.55	0.0	0.0
103	r2	7.25	0.0	0.0
103	rnapol	1.15	0.0	0.0
104	__protein1_rbs	4.0	0.0	0.0
104	__protein2_rbs	4.45	0.0	0.0
104	__protein3_rbs	3.7	0.0	0.0
104	__ribosome	45.55	0.0	0.0
104	__rnase_site_ext	7.65	0.0	0.0
104	p0	0.95	0.0	0.0
104	protein1	251.2	7.5	2.3581747
104	protein2	236.9	7.9	2.3594047500000004
104	protein3	217.3	7.35	2.54172625
104	r0	7.65	0.0	0.0
104	r2	7.3	0.0	0.0
104	rnapol	1.05	0.0	0.0
105	__protein1_rbs	3.75	0.0	0.0
105	__protein2_rbs	4.2	0.0	0.0
105	__protein3_rbs	4.25	0.0	0.0
105	__ribosome	45.75	0.0	0.0
105	__rnase_site_ext	7.7	0.0	0.0
105	p0	0.95	0.0	0.0
105	protein1	254.6	7.6	2.3546627
105	protein2	240.85	8.15	2.30984665
105	protein3	221.25	7.5	2.3862302000000004
105	r0	7.65	0.0	0.0
105	r2	7.6	0.0	0.0
105	rnapol	1.1	0.0	0.0
106	__protein1_rbs	4.2	0.0	0.0
106	__protein2_rbs	4.4	0.0	0.0
106	__protein3_rbs	4.2	0.0	0.0
106	__ribosome	45.0	0.0	0.0
106	__rnase_site_ext	7.7	0.0	0.0
106	p0	0.9	0.0	0.0
106	protein1	257.55	7.7	2.3970635
106	protein2	244.3	8.15	2.36359305
106	protein3	224.95	7.55	2.34555205
106	r0	7.7	0.0	0.0
106	r2	7.65	0.0	0.0
106	rnapol	1.05	0.0	0.0
107	__protein1_rbs	3.75	0.0	0.0
107	__protein2_rbs	4.6	0.0	0.0
107	__protein3_rbs	4.25	0.0	0.0
107	__ribosome	44.65	0.0	0.0
107	__rnase_site_ext	7.6	0.0	0.0
107	p0	0.85	0.0	0.0
107	protein1	261.65	7.65	2.37611105
107	protein2	247.6	8.25	2.40507395
107	protein3	228.35	7.6	2.4028589999999994
107	r0	7.6	0.0	0.0
107	r2	7.75	0.0	0.0
107	rnapol	1.05	0.0	0.0
108	__protein1_rbs	4.2	0.0	0.0
108	__protein2_rbs	3.95	0.0	0.0
108	__protein3_rbs	3.55	0.0	0.0
108	__ribosome	44.3	0.0	0.0
108	__rnase_site_ext	7.75	0.0	0.0
108	p0	0.95	0.0	0.0
108	protein1	265.0	7.6	2.398293699999999
108	protein2	251.45	8.1	2.4972042
108	protein3	232.45	7.65	2.39198415
108	r0	7.75	0.0	0.0
108	r2	7.85	0.0	0.0
108	rnapol	1.0	0.0	0.0
109	__protein1_rbs	4.4	0.0	0.0
109	__protein2_rbs	3.7	0.0	0.0
109	__protein3_rbs	4.55	0.0	0.0
109	__ribosome	44.05	0.0	0.0
109	__rnase_site_ext	7.85	0.0	0.0
109	p0	0.95	0.0	0.0
109	protein1	268.35	7.7	2.3615079
109	protein2	255.5	8.15	2.48923165
109	protein3	235.5	7.85	2.4154221500000004
109	r0	7.85	0.0	0.0
109	r2	8.05	0.0	0.0
109	rnapol	0.95	0.0	0.0
110	__protein1_rbs	3.6	0.0	0.0
110	__protein2_rbs	3.5	0.0	0.0
110	__protein3_rbs	3.4	0.0	0.0
110	__ribosome	42.35	0.0	0.0
110	__rnase_site_ext	7.9	0.0	0.0
110	p0	0.95	0.0	0.0
110	protein1	271.95	7.75	2.4224999000000005
110	protein2	259.6	8.1	2.5354959999999997
110	protein3	238.75	7.8	2.4879563
110	r0	7.9	0.0	0.0
110	r2	8.0	0.0	0.0
110	rnapol	0.85	0.0	0.0
111	__protein1_rbs	4.3	0.0	0.0
111	__protein2_rbs	4.25	0.0	0.0
111	__protein3_rbs	4.55	0.0	0.0
111	__ribosome	42.65	0.0	0.0
111	__rnase_site_ext	8.05	0.0	0.0
111	p0	0.85	0.0	0.0
111	protein1	275.45	7.9	2.34456335
111	protein2	263.25	8.15	2.53880945
111	protein3	242.25	7.95	2.3907142999999995
111	r0	8.05	0.0	0.0
111	r2	8.05	0.0	0.0
111	rnapol	0.9	0.0	0.0
112	__protein1_rbs	4.1	0.0	0.0
112	__protein2_rbs	4.05	0.0	0.0
112	__protein3_rbs	3.9	0.0	0.0
112	__ribosome	42.1	0.0	0.0
112	__rnase_site_ext	8.1	0.0	0.0
112	p0	0.9	0.0	0.0
112	protein1	279.4	7.95	2.3215061
112	protein2	266.85	8.35	2.5107592500000004
112	protein3	245.85	8.1	2.3640674
112	r0	8.1	0.0	0.0
112	r2	8.3	0.0	0.0
112	rnapol	1.0	0.0	0.0
113	__protein1_rbs	4.25	0.0	0.0
113	__protein2_rbs	4.65	0.0	0.0
113	__protein3_rbs	4.95	0.0	0.0
113	__ribosome	42.8	0.0	0.0
113	__rnase_site_ext	8.2	0.0	0.0
113	p0	0.85	0.0	0.0
113	protein1	283.0	8.1	2.2989032499999995
113	protein2	270.8	8.4	2.45349555
113	protein3	249.7	8.2	2.2494245000000004
113	r0	8.2	0.0	0.0
113	r2	8.15	0.0	0.0
113	rnapol	1.25	0.0	0.0
114	__protein1_rbs	4.2	0.0	0.0
114	__protein2_rbs	3.85	0.0	0.0
114	__protein3_rbs	4.9	0.0	0.0
114	__ribosome	42.0	0.0	0.0
114	__rnase_site_ext	8.25	0.0	0.0
114	p0	0.9	0.0	0.0
114	protein1	286.45	8.1	2.31978175
114	protein2	275.05	8.25	2.52860935
114	protein3	253.2	8.45	2.2261868
114	r0	8.25	0.0	0.0
114	r2	8.2	0.0	0.0
114	rnapol	1.2	0.0	0.0
115	__protein1_rbs	4.35	0.0	0.0
115	__protein2_rbs	4.3	0.0	0.0
115	__protein3_rbs	4.55	0.0	0.0
115	__ribosome	42.4	0.0	0.0
115	__rnase_site_ext	8.25	0.0	0.0
115	p0	0.85	0.0	0.0
115	protein1	290.1	8.3	2.315
115	protein2	279.25	8.15	2.4826984000000003
115	protein3	257.0	8.35	2.2437067
115	r0	8.25	0.0	0.0
115	r2	8.2	0.0	0.0
115	rnapol	1.25	0.0	0.0
116	__protein1_rbs	4.1	0.0	0.0
116	__protein2_rbs	4.2	0.0	0.0
116	__protein3_rbs	4.7	0.0	0.0
116	__ribosome	41.9	0.0	0.0
116	__rnase_site_ext	8.3	0.0	0.0
116	p0	0.85	0.0	0.0
116	protein1	293.6	8.2	2.4241865500000004
116	protein2	282.9	8.2	2.4620040000000007
116	protein3	260.7	8.35	2.218548
116	r0	8.3	0.0	0.0
116	r2	8.25	0.0	0.0
116	rnapol	1.25	0.0	0.0
117	__protein1_rbs	4.45	0.0	0.0
117	__protein2_rbs	4.4	0.0	0.0
117	__protein3_rbs	4.5	0.0	0.0
117	__ribosome	42.3	0.0	0.0
117	__rnase_site_ext	8.4	0.0	0.0
117	p0	0.95	0.0	0.0
117	protein1	297.05	8.25	2.4817857000000005
117	protein2	287.25	8.2	2.3792658
117	protein3	264.55	8.25	2.2562319
117	r0	8.4	0.0	0.0
117	r2	8.25	0.0	0.0
117	rnapol	1.25	0.0	0.0
118	__protein1_rbs	4.65	0.0	0.0
118	__protein2_rbs	4.7	0.0	0.0
118	__protein3_rbs	4.15	0.0	0.0
118	__ribosome	42.1	0.0	0.0
118	__rnase_site_ext	8.45	0.0	0.0
118	p0	0.9	0.0	0.0
118	protein1	301.3	8.4	2.3758153
118	protein2	291.05	8.3	2.32478165
118	protein3	267.85	8.2	2.3553227999999997
118	r0	8.45	0.0	0.0
118	r2	8.4	0.0	0.0
118	rnapol	1.25	0.0	0.0
119	__protein1_rbs	4.6	0.0	0.0
119	__protein2_rbs	4.15	0.0	0.0
119	__protein3_rbs	4.8	0.0	0.0
119	__ribosome	41.85	0.0	0.0
119	__rnase_site_ext	8.55	0.0	0.0
119	p0	0.95	0.0	0.0
119	protein1	304.9	8.5	2.3712265
119	protein2	294.9	8.2	2.4384523999999996
119	protein3	271.7	8.3	2.2481763999999997
119	r0	8.55	0.0	0.0
119	r2	8.45	0.0	0.0
119	rnapol	1.45	0.0	0.0
120	__protein1_rbs	4.35	0.0	0.0
120	__protein2_rbs	4.85	0.0	0.0
120	__protein3_rbs	4.05	0.0	0.0
120	__ribosome	42.35	0.0	0.0
120	__rnase_site_ext	8.65	0.0	0.0
120	p0	0.85	0.0	0.0
120	protein1	309.0	8.5	2.3406890500000004
120	protein2	299.2	8.35	2.25530305
120	protein3	275.25	8.4	2.3287969
120	r0	8.65	0.0	0.0
120	r2	8.5	0.0	0.0
120	rnapol	1.45	0.0	0.0
121	__protein1_rbs	4.45	0.0	0.0
121	__protein2_rbs	4.4	0.0	0.0
121	__protein3_rbs	4.4	0.0	0.0
121	__ribosome	41.25	0.0	0.0
121	__rnase_site_ext	8.7	0.0	0.0
121	p0	0.9	0.0	0.0
121	protein1	312.75	8.55	2.3773574
121	protein2	302.35	8.45	2.30472405
121	protein3	279.2	8.5	2.31512085
121	r0	8.7	0.0	0.0
121	r2	8.35	0.0	0.0
121	rnapol	1.45	0.0	0.0
122	__protein1_rbs	4.6	0.0	0.0
122	__protein2_rbs	5.2	0.0	0.0
122	__protein3_rbs	4.6	0.0	0.0
122	__ribosome	40.8	0.0	0.0
122	__rnase_site_ext	8.9	0.0	0.0
122	p0	0.95	0.0	0.0
122	protein1	316.55	8.65	2.34678205
122	protein2	306.2	8.6	2.2806637000000003
122	protein3	282.85	8.5	2.33591805
122	r0	8.85	0.0	0.0
122	r2	8.45	0.0	0.0
122	rnapol	1.35	0.0	0.0
123	__protein1_rbs	5.05	0.0	0.0
123	__protein2_rbs	4.65	0.0	0.0
123	__protein3_rbs	4.6	0.0	0.0
123	__ribosome	40.35	0.0	0.0
123	__rnase_site_ext	8.8	0.0	0.0
123	p0	0.95	0.0	0.0
123	protein1	320.65	8.8	2.24408725
123	protein2	309.9	8.55	2.330083
123	protein3	286.3	8.6	2.4041305
123	r0	8.8	0.0	0.0
123	r2	8.55	0.0	0.0
123	rnapol	1.3	0.0	0.0
124	__protein1_rbs	5.45	0.0	0.0
124	__protein2_rbs	4.45	0.0	0.0
124	__protein3_rbs	4.9	0.0	0.0
124	__ribosome	40.6	0.0	0.0
124	__rnase_site_ext	8.7	0.0	0.0
124	p0	0.95	0.0	0.0
124	protein1	324.45	8.9	2.19626975
124	protein2	313.8	8.5	2.3684794
124	protein3	290.15	8.45	2.39734125
124	r0	8.7	0.0	0.0
124	r2	8.5	0.0	0.0
124	rnapol	1.4	0.0	0.0
125	__protein1_rbs	4.75	0.0	0.0
125	__protein2_rbs	4.8	0.0	0.0
125	__protein3_rbs	4.35	0.0	0.0
125	__ribosome	40.7	0.0	0.0
125	__rnase_site_ext	8.9	0.0	0.0
125	p0	0.8	0.0	0.0
125	protein1	328.45	8.75	2.2617604
125	protein2	317.55	8.6	2.3799892500000004
125	protein3	294.65	8.45	2.35357325
125	r0	8.9	0.0	0.0
125	r2	8.4	0.0	0.0
125	rnapol	1.15	0.0	0.0
126	__protein1_rbs	4.7	0.0	0.0
126	__protein2_rbs	4.5	0.0	0.0
126	__protein3_rbs	4.8	0.0	0.0
126	__ribosome	40.4	0.0	0.0
126	__rnase_site_ext	9.0	0.0	0.0
126	p0	0.95	0.0	0.0
126	protein1	332.0	8.85	2.32532455
126	protein2	321.75	8.85	2.31336035
126	protein3	298.6	8.65	2.3031962000000004
126	r0	9.0	0.0	0.0
126	r2	8.45	0.0	0.0
126	rnapol	1.2	0.0	0.0
127	__protein1_rbs	4.45	0.0	0.0
127	__protein2_rbs	5.5	0.0	0.0
127	__protein3_rbs	4.35	0.0	0.0
127	__ribosome	40.15	0.0	0.0
127	__rnase_site_ext	8.95	0.0	0.0
127	p0	0.95	0.0	0.0
127	protein1	336.35	9.0	2.2771717999999996
127	protein2	325.4	8.95	2.26673165
127	protein3	302.5	8.65	2.35176585
127	r0	8.95	0.0	0.0
127	r2	8.6	0.0	0.0
127	rnapol	1.35	0.0	0.0
128	__protein1_rbs	5.25	0.0	0.0
128	__protein2_rbs	4.85	0.0	0.0
128	__protein3_rbs	4.75	0.0	0.0
128	__ribosome	40.35	0.0	0.0
128	__rnase_site_ext	8.9	0.0	0.0
128	p0	0.8	0.0	0.0
128	protein1	340.35	8.95	2.277321400000001
128	protein2	329.4	9.0	2.2435732000000006
128	protein3	306.15	8.7	2.34032105
128	r0	8.85	0.0	0.0
128	r2	8.55	0.0	0.0
128	rnapol	1.3	0.0	0.0
129	__protein1_rbs	5.1	0.0	0.0
129	__protein2_rbs	5.35	0.0	0.0
129	__protein3_rbs	4.45	0.0	0.0
129	__ribosome	40.0	0.0	0.0
129	__rnase_site_ext	9.1	0.0	0.0
129	p0	0.75	0.0	0.0
129	protein1	343.85	8.95	2.2751243999999997
129	protein2	333.35	9.05	2.1939935
129	protein3	310.0	8.65	2.38963915
129	r0	9.05	0.0	0.0
129	r2	8.5	0.0	0.0
129	rnapol	1.1	0.0	0.0
130	__protein1_rbs	5.2	0.0	0.0
130	__protein2_rbs	4.95	0.0	0.0
130	__protein3_rbs	4.55	0.0	0.0
130	__ribosome	40.45	0.0	0.0
130	__rnase_site_ext	8.95	0.0	0.0
130	p0	0.85	0.0	0.0
130	protein1	348.2	8.95	2.2356205
130	protein2	337.1	9.15	2.1552597000000002
130	protein3	314.05	8.65	2.36856605
130	r0	8.9	0.0	0.0
130	r2	8.5	0.0	0.0
130	rnapol	1.05	0.0	0.0
131	__protein1_rbs	4.95	0.0	0.0
131	__protein2_rbs	5.35	0.0	0.0
131	__protein3_rbs	4.55	0.0	0.0
131	__ribosome	40.25	0.0	0.0
131	__rnase_site_ext	9.0	0.0	0.0
131	p0	1.0	0.0	0.0
131	protein1	351.8	9.05	2.2300702999999995
131	protein2	341.45	9.25	2.08692285
131	protein3	317.85	8.7	2.39838565
131	r0	9.0	0.0	0.0
131	r2	8.6	0.0	0.0
131	rnapol	1.15	0.0	0.0
132	__protein1_rbs	5.65	0.0	0.0
132	__protein2_rbs	4.8	0.0	0.0
132	__protein3_rbs	4.55	0.0	0.0
132	__ribosome	40.4	0.0	0.0
132	__rnase_site_ext	9.0	0.0	0.0
132	p0	0.85	0.0	0.0
132	protein1	356.45	9.1	2.11521825
132	protein2	344.65	9.15	2.2119516000000004
132	protein3	321.85	8.75	2.3589537999999997
132	r0	9.0	0.0	0.0
132	r2	8.8	0.0	0.0
132	rnapol	1.15	0.0	0.0
133	__protein1_rbs	4.5	0.0	0.0
133	__protein2_rbs	4.85	0.0	0.0
133	__protein3_rbs	4.6	0.0	0.0
133	__ribosome	39.85	0.0	0.0
133	__rnase_site_ext	8.9	0.0	0.0
133	p0	0.95	0.0	0.0
133	protein1	360.2	9.0	2.2201551
133	protein2	348.9	9.15	2.2520797000000004
133	protein3	326.1	8.75	2.34639785
133	r0	8.9	0.0	0.0
133	r2	8.75	0.0	0.0
133	rnapol	1.2	0.0	0.0
134	__protein1_rbs	4.7	0.0	0.0
134	__protein2_rbs	5.3	0.0	0.0
134	__protein3_rbs	5.05	0.0	0.0
134	__ribosome	39.4	0.0	0.0
134	__rnase_site_ext	8.7	0.0	0.0
134	p0	0.9	0.0	0.0
134	protein1	364.0	9.0	2.3050877000000005
134	protein2	352.4	9.25	2.2346969000000003
134	protein3	329.65	8.9	2.35160535
134	r0	8.7	0.0	0.0
134	r2	8.8	0.0	0.0
134	rnapol	1.3	0.0	0.0
135	__protein1_rbs	4.95	0.0	0.0
135	__protein2_rbs	4.95	0.0	0.0
135	__protein3_rbs	4.9	0.0	0.0
135	__ribosome	39.15	0.0	0.0
135	__rnase_site_ext	8.55	0.0	0.0
135	p0	0.9	0.0	0.0
135	protein1	367.65	8.8	2.36715105
135	protein2	356.7	9.45	2.1999368
135	protein3	333.6	8.85	2.3449458000000005
135	r0	8.55	0.0	0.0
135	r2	8.85	0.0	0.0
135	rnapol	1.35	0.0	0.0
136	__protein1_rbs	4.55	0.0	0.0
136	__protein2_rbs	5.2	0.0	0.0
136	__protein3_rbs	4.85	0.0	0.0
136	__ribosome	39.25	0.0	0.0
136	__rnase_site_ext	8.65	0.0	0.0
136	p0	0.95	0.0	0.0
136	protein1	371.85	8.7	2.39714995
136	protein2	360.8	9.4	2.2268687000000003
136	protein3	337.75	8.85	2.33236285
136	r0	8.6	0.0	0.0
136	r2	8.75	0.0	0.0
136	rnapol	1.35	0.0	0.0
137	__protein1_rbs	4.7	0.0	0.0
137	__protein2_rbs	5.65	0.0	0.0
137	__protein3_rbs	5.1	0.0	0.0
137	__ribosome	39.15	0.0	0.0
137	__rnase_site_ext	8.65	0.0	0.0
137	p0	0.85	0.0	0.0
137	protein1	374.8	8.7	2.4899278
137	protein2	364.9	9.4	2.21443185
137	protein3	342.15	8.9	2.2655177
137	r0	8.65	0.0	0.0
137	r2	8.9	0.0	0.0
137	rnapol	1.3	0.0	0.0
138	__protein1_rbs	4.55	0.0	0.0
138	__protein2_rbs	5.3	0.0	0.0
138	__protein3_rbs	5.25	0.0	0.0
138	__ribosome	39.6	0.0	0.0
138	__rnase_site_ext	8.75	0.0	0.0
138	p0	0.85	0.0	0.0
138	protein1	379.45	8.7	2.3826082000000004
138	protein2	368.65	9.75	2.2053914000000003
138	protein3	346.0	8.95	2.20860745
138	r0	8.75	0.0	0.0
138	r2	8.95	0.0	0.0
138	rnapol	1.3	0.0	0.0
139	__protein1_rbs	4.7	0.0	0.0
139	__protein2_rbs	5.55	0.0	0.0
139	__protein3_rbs	4.75	0.0	0.0
139	__ribosome	39.6	0.0	0.0
139	__rnase_site_ext	8.8	0.0	0.0
139	p0	0.8	0.0	0.0
139	protein1	384.15	8.75	2.28779215
139	protein2	372.9	9.85	2.1585558
139	protein3	349.5	8.95	2.2750793499999995
139	r0	8.8	0.0	0.0
139	r2	8.95	0.0	0.0
139	rnapol	1.15	0.0	0.0
140	__protein1_rbs	5.05	0.0	0.0
140	__protein2_rbs	4.9	0.0	0.0
140	__protein3_rbs	5.45	0.0	0.0
140	__ribosome	38.95	0.0	0.0
140	__rnase_site_ext	8.85	0.0	0.0
140	p0	0.9	0.0	0.0
140	protein1	387.5	8.75	2.31445345
140	protein2	376.35	9.9	2.2713299499999997
140	protein3	353.8	9.05	2.1659127500000004
140	r0	8.85	0.0	0.0
140	r2	9.15	0.0	0.0
140	rnapol	1.25	0.0	0.0
141	__protein1_rbs	5.0	0.0	0.0
141	__protein2_rbs	5.9	0.0	0.0
141	__protein3_rbs	4.2	0.0	0.0
141	__ribosome	39.3	0.0	0.0
141	__rnase_site_ext	8.7	0.0	0.0
141	p0	1.0	0.0	0.0
141	protein1	391.5	8.8	2.2221680000000004
141	protein2	381.2	9.9	2.199286399999999
141	protein3	357.8	8.95	2.2616324000000003
141	r0	8.7	0.0	0.0
141	r2	9.15	0.0	0.0
141	rnapol	1.25	0.0	0.0
142	__protein1_rbs	5.3	0.0	0.0
142	__protein2_rbs	5.25	0.0	0.0
142	__protein3_rbs	5.25	0.0	0.0
142	__ribosome	39.15	0.0	0.0
142	__rnase_site_ext	8.75	0.0	0.0
142	p0	0.95	0.0	0.0
142	protein1	395.75	8.75	2.1842875
142	protein2	384.85	9.85	2.3131031
142	protein3	361.6	9.1	2.2355194
142	r0	8.75	0.0	0.0
142	r2	9.15	0.0	0.0
142	rnapol	1.35	0.0	0.0
143	__protein1_rbs	5.1	0.0	0.0
143	__protein2_rbs	5.25	0.0	0.0
143	__protein3_rbs	5.0	0.0	0.0
143	__ribosome	38.5	0.0	0.0
143	__rnase_site_ext	8.65	0.0	0.0
143	p0	1.0	0.0	0.0
143	protein1	400.0	8.75	2.1195112000000003
143	protein2	388.7	9.9	2.3386472
143	protein3	365.1	9.2	2.243106
143	r0	8.65	0.0	0.0
143	r2	9.15	0.0	0.0
143	rnapol	1.4	0.0	0.0
144	__protein1_rbs	4.45	0.0	0.0
144	__protein2_rbs	5.5	0.0	0.0
144	__protein3_rbs	5.5	0.0	0.0
144	__ribosome	38.15	0.0	0.0
144	__rnase_site_ext	8.7	0.0	0.0
144	p0	0.9	0.0	0.0
144	protein1	403.5	8.7	2.2485822000000004
144	protein2	393.4	9.95	2.2814599499999995
144	protein3	369.3	9.3	2.2055303000000004
144	r0	8.7	0.0	0.0
144	r2	9.5	0.0	0.0
144	rnapol	1.25	0.0	0.0
145	__protein1_rbs	4.75	0.0	0.0
145	__protein2_rbs	5.75	0.0	0.0
145	__protein3_rbs	5.0	0.0	0.0
145	__ribosome	38.75	0.0	0.0
145	__rnase_site_ext	8.95	0.0	0.0
145	p0	0.75	0.0	0.0
145	protein1	407.2	8.7	2.22682715
145	protein2	397.6	9.85	2.25799725
145	protein3	373.2	9.2	2.22297255
145	r0	8.95	0.0	0.0
145	r2	9.55	0.0	0.0
145	rnapol	1.1	0.0	0.0
146	__protein1_rbs	5.1	0.0	0.0
146	__protein2_rbs	5.35	0.0	0.0
146	__protein3_rbs	5.05	0.0	0.0
146	__ribosome	38.55	0.0	0.0
146	__rnase_site_ext	8.9	0.0	0.0
146	p0	0.95	0.0	0.0
146	protein1	410.9	8.75	2.2638509500000006
146	protein2	401.95	9.75	2.27806815
146	protein3	377.45	9.25	2.1966089
146	r0	8.9	0.0	0.0
146	r2	9.4	0.0	0.0
146	rnapol	1.2	0.0	0.0
147	__protein1_rbs	5.15	0.0	0.0
147	__protein2_rbs	5.7	0.0	0.0
147	__protein3_rbs	5.4	0.0	0.0
147	__ribosome	39.15	0.0	0.0
147	__rnase_site_ext	8.8	0.0	0.0
147	p0	0.9	0.0	0.0
147	protein1	414.75	8.9	2.18133655
147	protein2	406.65	9.9	2.2145764999999997
147	protein3	381.45	9.45	2.16204545
147	r0	8.8	0.0	0.0
147	r2	9.5	0.0	0.0
147	rnapol	1.2	0.0	0.0
148	__protein1_rbs	4.75	0.0	0.0
148	__protein2_rbs	5.6	0.0	0.0
148	__protein3_rbs	5.8	0.0	0.0
148	__ribosome	38.9	0.0	0.0
148	__rnase_site_ext	8.8	0.0	0.0
148	p0	0.85	0.0	0.0
148	protein1	418.35	8.95	2.21045815
148	protein2	410.95	9.8	2.2519015
148	protein3	385.75	9.75	2.0878463500000004
148	r0	8.8	0.0	0.0
148	r2	9.6	0.0	0.0
148	rnapol	1.15	0.0	0.0
149	__protein1_rbs	5.25	0.0	0.0
149	__protein2_rbs	5.0	0.0	0.0
149	__protein3_rbs	5.25	0.0	0.0
149	__ribosome	38.55	0.0	0.0
149	__rnase_site_ext	8.75	0.0	0.0
149	p0	0.85	0.0	0.0
149	protein1	422.3	8.8	2.1912391500000004
149	protein2	415.3	9.85	2.240868
149	protein3	389.5	9.65	2.17116885
149	r0	8.7	0.0	0.0
149	r2	9.6	0.0	0.0
149	rnapol	1.05	0.0	0.0
150	__protein1_rbs	4.6	0.0	0.0
150	__protein2_rbs	5.65	0.0	0.0
150	__protein3_rbs	6.0	0.0	0.0
150	__ribosome	38.15	0.0	0.0
150	__rnase_site_ext	8.75	0.0	0.0
150	p0	0.85	0.0	0.0
150	protein1	426.05	8.7	2.2858333500000003
150	protein2	419.45	9.8	2.249770900000001
150	protein3	393.25	9.65	2.2268881000000005
150	r0	8.75	0.0	0.0
150	r2	9.65	0.0	0.0
150	rnapol	1.05	0.0	0.0
151	__protein1_rbs	5.0	0.0	0.0
151	__protein2_rbs	5.55	0.0	0.0
151	__protein3_rbs	5.2	0.0	0.0
151	__ribosome	37.5	0.0	0.0
151	__rnase_site_ext	8.65	0.0	0.0
151	p0	0.85	0.0	0.0
151	protein1	430.05	8.7	2.24147005
151	protein2	423.3	9.7	2.30946965
151	protein3	397.1	9.6	2.3338121500000004
151	r0	8.65	0.0	0.0
151	r2	9.75	0.0	0.0
151	rnapol	1.0	0.0	0.0
152	__protein1_rbs	4.85	0.0	0.0
152	__protein2_rbs	5.5	0.0	0.0
152	__protein3_rbs	5.0	0.0	0.0
152	__ribosome	36.95	0.0	0.0
152	__rnase_site_ext	8.7	0.0	0.0
152	p0	1.0	0.0	0.0
152	protein1	433.7	8.75	2.2352218999999995
152	protein2	427.6	9.55	2.3253589000000003
152	protein3	400.95	9.7	2.3338277
152	r0	8.7	0.0	0.0
152	r2	9.75	0.0	0.0
152	rnapol	1.15	0.0	0.0
153	__protein1_rbs	4.75	0.0	0.0
153	__protein2_rbs	5.3	0.0	0.0
153	__protein3_rbs	5.8	0.0	0.0
153	__ribosome	37.15	0.0	0.0
153	__rnase_site_ext	8.7	0.0	0.0
153	p0	0.9	0.0	0.0
153	protein1	437.35	8.8	2.2643957
153	protein2	431.85	9.5	2.34794115
153	protein3	405.5	9.7	2.2645978
153	r0	8.7	0.0	0.0
153	r2	9.75	0.0	0.0
153	rnapol	1.35	0.0	0.0
154	__protein1_rbs	5.2	0.0	0.0
154	__protein2_rbs	5.45	0.0	0.0
154	__protein3_rbs	5.7	0.0	0.0
154	__ribosome	39.2	0.0	0.0
154	__rnase_site_ext	8.8	0.0	0.0
154	p0	0.9	0.0	0.0
154	protein1	441.35	8.7	2.2048087000000005
154	protein2	436.4	9.7	2.2194335499999998
154	protein3	410.15	9.8	2.15419635
154	r0	8.8	0.0	0.0
154	r2	9.9	0.0	0.0
154	rnapol	1.3	0.0	0.0
155	__protein1_rbs	4.85	0.0	0.0
155	__protein2_rbs	5.05	0.0	0.0
155	__protein3_rbs	5.8	0.0	0.0
155	__ribosome	38.2	0.0	0.0
155	__rnase_site_ext	8.75	0.0	0.0
155	p0	0.95	0.0	0.0
155	protein1	445.1	8.8	2.22751445
155	protein2	440.55	9.6	2.3059668
155	protein3	414.25	9.9	2.1229581000000004
155	r0	8.75	0.0	0.0
155	r2	9.9	0.0	0.0
155	rnapol	1.3	0.0	0.0
156	__protein1_rbs	4.25	0.0	0.0
156	__protein2_rbs	5.85	0.0	0.0
156	__protein3_rbs	5.95	0.0	0.0
156	__ribosome	38.2	0.0	0.0
156	__rnase_site_ext	8.65	0.0	0.0
156	p0	0.9	0.0	0.0
156	protein1	448.85	8.8	2.3166269500000003
156	protein2	444.95	9.5	2.2569768500000005
156	protein3	418.65	10.0	2.0909363999999995
156	r0	8.65	0.0	0.0
156	r2	9.9	0.0	0.0
156	rnapol	1.3	0.0	0.0
157	__protein1_rbs	5.1	0.0	0.0
157	__protein2_rbs	4.05	0.0	0.0
157	__protein3_rbs	6.0	0.0	0.0
157	__ribosome	38.0	0.0	0.0
157	__rnase_site_ext	8.65	0.0	0.0
157	p0	0.9	0.0	0.0
157	protein1	453.05	8.65	2.24857145
157	protein2	449.1	9.55	2.379659
157	protein3	423.0	10.15	2.0485806
157	r0	8.6	0.0	0.0
157	r2	9.95	0.0	0.0
157	rnapol	1.25	0.0	0.0
158	__protein1_rbs	4.5	0.0	0.0
158	__protein2_rbs	5.8	0.0	0.0
158	__protein3_rbs	5.35	0.0	0.0
158	__ribosome	37.6	0.0	0.0
158	__rnase_site_ext	8.65	0.0	0.0
158	p0	0.8	0.0	0.0
158	protein1	456.7	8.65	2.3115476000000004
158	protein2	453.35	9.55	2.33047615
158	protein3	427.05	10.1	2.1339088999999998
158	r0	8.6	0.0	0.0
158	r2	9.8	0.0	0.0
158	rnapol	1.15	0.0	0.0
159	__protein1_rbs	4.95	0.0	0.0
159	__protein2_rbs	4.85	0.0	0.0
159	__protein3_rbs	6.15	0.0	0.0
159	__ribosome	37.3	0.0	0.0
159	__rnase_site_ext	8.65	0.0	0.0
159	p0	0.95	0.0	0.0
159	protein1	460.05	8.65	2.3752580000000005
159	protein2	457.65	9.55	2.3277867999999997
159	protein3	431.05	10.0	2.1344396
159	r0	8.65	0.0	0.0
159	r2	9.75	0.0	0.0
159	rnapol	1.15	0.0	0.0
160	__protein1_rbs	5.25	0.0	0.0
160	__protein2_rbs	5.85	0.0	0.0
160	__protein3_rbs	5.2	0.0	0.0
160	__ribosome	38.1	0.0	0.0
160	__rnase_site_ext	8.75	0.0	0.0
160	p0	0.9	0.0	0.0
160	protein1	464.15	8.75	2.2442803
160	protein2	462.0	9.75	2.2111219000000006
160	protein3	435.3	10.05	2.16620125
160	r0	8.7	0.0	0.0
160	r2	9.85	0.0	0.0
160	rnapol	1.2	0.0	0.0
161	__protein1_rbs	5.75	0.0	0.0
161	__protein2_rbs	5.05	0.0	0.0
161	__protein3_rbs	5.9	0.0	0.0
161	__ribosome	38.5	0.0	0.0
161	__rnase_site_ext	8.75	0.0	0.0
161	p0	0.9	0.0	0.0
161	protein1	468.45	8.75	2.11079935
161	protein2	465.7	9.7	2.3191938
161	protein3	439.3	10.05	2.186504200000001
161	r0	8.75	0.0	0.0
161	r2	9.6	0.0	0.0
161	rnapol	1.15	0.0	0.0
162	__protein1_rbs	4.65	0.0	0.0
162	__protein2_rbs	5.65	0.0	0.0
162	__protein3_rbs	5.5	0.0	0.0
162	__ribosome	39.3	0.0	0.0
162	__rnase_site_ext	8.75	0.0	0.0
162	p0	0.85	0.0	0.0
162	protein1	472.25	8.8	2.1483498
162	protein2	471.2	9.85	2.1320833999999995
162	protein3	443.35	10.0	2.2568398499999995
162	r0	8.75	0.0	0.0
162	r2	9.6	0.0	0.0
162	rnapol	1.3	0.0	0.0
163	__protein1_rbs	5.05	0.0	0.0
163	__protein2_rbs	5.9	0.0	0.0
163	__protein3_rbs	5.95	0.0	0.0
163	__ribosome	39.6	0.0	0.0
163	__rnase_site_ext	8.9	0.0	0.0
163	p0	0.9	0.0	0.0
163	protein1	476.05	8.75	2.1510693
163	protein2	475.1	9.95	2.1064899
163	protein3	447.85	10.05	2.18818385
163	r0	8.9	0.0	0.0
163	r2	9.65	0.0	0.0
163	rnapol	1.35	0.0	0.0
164	__protein1_rbs	5.15	0.0	0.0
164	__protein2_rbs	5.65	0.0	0.0
164	__protein3_rbs	4.9	0.0	0.0
164	__ribosome	38.8	0.0	0.0
164	__rnase_site_ext	8.95	0.0	0.0
164	p0	0.95	0.0	0.0
164	protein1	479.65	8.9	2.1058514
164	protein2	479.35	9.7	2.1757395
164	protein3	452.0	10.0	2.2624063
164	r0	8.95	0.0	0.0
164	r2	9.5	0.0	0.0
164	rnapol	1.4	0.0	0.0
165	__protein1_rbs	5.2	0.0	0.0
165	__protein2_rbs	5.4	0.0	0.0
165	__protein3_rbs	5.15	0.0	0.0
165	__ribosome	37.65	0.0	0.0
165	__rnase_site_ext	9.0	0.0	0.0
165	p0	0.9	0.0	0.0
165	protein1	482.9	8.95	2.1625919999999996
165	protein2	483.55	9.55	2.20339825
165	protein3	456.0	9.8	2.40304105
165	r0	9.0	0.0	0.0
165	r2	9.45	0.0	0.0
165	rnapol	1.3	0.0	0.0
166	__protein1_rbs	5.45	0.0	0.0
166	__protein2_rbs	5.55	0.0	0.0
166	__protein3_rbs	5.5	0.0	0.0
166	__ribosome	37.55	0.0	0.0
166	__rnase_site_ext	9.1	0.0	0.0
166	p0	0.9	0.0	0.0
166	protein1	486.35	9.0	2.17941015
166	protein2	487.55	9.5	2.21632035
166	protein3	460.4	9.8	2.366637650000001
166	r0	9.1	0.0	0.0
166	r2	9.6	0.0	0.0
166	rnapol	1.2	0.0	0.0
167	__protein1_rbs	4.9	0.0	0.0
167	__protein2_rbs	5.4	0.0	0.0
167	__protein3_rbs	4.85	0.0	0.0
167	__ribosome	36.1	0.0	0.0
167	__rnase_site_ext	9.15	0.0	0.0
167	p0	0.8	0.0	0.0
167	protein1	489.85	9.0	2.2238330500000005
167	protein2	491.5	9.7	2.22071075
167	protein3	464.95	9.8	2.4238140999999995
167	r0	9.1	0.0	0.0
167	r2	9.65	0.0	0.0
167	rnapol	1.1	0.0	0.0
168	__protein1_rbs	4.2	0.0	0.0
168	__protein2_rbs	5.65	0.0	0.0
168	__protein3_rbs	5.4	0.0	0.0
168	__ribosome	35.65	0.0	0.0
168	__rnase_site_ext	9.1	0.0	0.0
168	p0	0.95	0.0	0.0
168	protein1	493.95	9.1	2.28604385
168	protein2	495.45	9.7	2.2605094500000003
168	protein3	469.3	9.7	2.4125162
168	r0	9.1	0.0	0.0
168	r2	9.5	0.0	0.0
168	rnapol	1.2	0.0	0.0
169	__protein1_rbs	5.9	0.0	0.0
169	__protein2_rbs	5.85	0.0	0.0
169	__protein3_rbs	4.95	0.0	0.0
169	__ribosome	37.5	0.0	0.0
169	__rnase_site_ext	9.05	0.0	0.0
169	p0	0.9	0.0	0.0
169	protein1	497.7	9.15	2.1981284000000003
169	protein2	500.1	9.6	2.1838041
169	protein3	473.8	9.7	2.4242154
169	r0	9.05	0.0	0.0
169	r2	9.55	0.0	0.0
169	rnapol	1.35	0.0	0.0
170	__protein1_rbs	5.05	0.0	0.0
170	__protein2_rbs	5.15	0.0	0.0
170	__protein3_rbs	5.65	0.0	0.0
170	__ribosome	37.8	0.0	0.0
170	__rnase_site_ext	8.9	0.0	0.0
170	p0	0.9	0.0	0.0
170	protein1	501.95	9.1	2.1782522
170	protein2	503.8	9.55	2.2363324
170	protein3	478.7	9.7	2.3714574000000006
170	r0	8.9	0.0	0.0
170	r2	9.55	0.0	0.0
170	rnapol	1.25	0.0	0.0
171	__protein1_rbs	4.75	0.0	0.0
171	__protein2_rbs	5.75	0.0	0.0
171	__protein3_rbs	4.65	0.0	0.0
171	__ribosome	36.2	0.0	0.0
171	__rnase_site_ext	9.0	0.0	0.0
171	p0	0.85	0.0	0.0
171	protein1	505.2	9.05	2.31305195
171	protein2	507.9	9.55	2.2425005
171	protein3	483.0	9.85	2.39446625
171	r0	9.0	0.0	0.0
171	r2	9.5	0.0	0.0
171	rnapol	1.2	0.0	0.0
172	__protein1_rbs	5.1	0.0	0.0
172	__protein2_rbs	5.85	0.0	0.0
172	__protein3_rbs	6.35	0.0	0.0
172	__ribosome	38.45	0.0	0.0
172	__rnase_site_ext	9.0	0.0	0.0
172	p0	0.75	0.0	0.0
172	protein1	509.55	9.05	2.2653644
172	protein2	512.1	9.65	2.107037149999999
172	protein3	487.45	9.85	2.2304346500000003
172	r0	8.9	0.0	0.0
172	r2	9.55	0.0	0.0
172	rnapol	0.95	0.0	0.0
173	__protein1_rbs	5.0	0.0	0.0
173	__protein2_rbs	5.7	0.0	0.0
173	__protein3_rbs	5.65	0.0	0.0
173	__ribosome	39.15	0.0	0.0
173	__rnase_site_ext	9.1	0.0	0.0
173	p0	0.9	0.0	0.0
173	protein1	513.9	9.15	2.1906187999999998
173	protein2	516.45	9.7	2.1083861
173	protein3	491.85	9.65	2.249902549999999
173	r0	9.1	0.0	0.0
173	r2	9.65	0.0	0.0
173	rnapol	0.95	0.0	0.0
174	__protein1_rbs	5.3	0.0	0.0
174	__protein2_rbs	5.1	0.0	0.0
174	__protein3_rbs	5.25	0.0	0.0
174	__ribosome	37.65	0.0	0.0
174	__rnase_site_ext	9.1	0.0	0.0
174	p0	0.95	0.0	0.0
174	protein1	517.45	9.1	2.23579175
174	protein2	519.95	9.65	2.20723605
174	protein3	496.4	9.7	2.2478626
174	r0	9.1	0.0	0.0
174	r2	9.8	0.0	0.0
174	rnapol	1.05	0.0	0.0
175	__protein1_rbs	4.95	0.0	0.0
175	__protein2_rbs	5.5	0.0	0.0
175	__protein3_rbs	6.05	0.0	0.0
175	__ribosome	38.2	0.0	0.0
175	__rnase_site_ext	9.2	0.0	0.0
175	p0	0.85	0.0	0.0
175	protein1	521.15	9.05	2.29234485
175	protein2	524.2	9.6	2.2023648
175	protein3	500.75	9.7	2.1802813
175	r0	9.15	0.0	0.0
175	r2	9.8	0.0	0.0
175	rnapol	1.05	0.0	0.0
176	__protein1_rbs	5.1	0.0	0.0
176	__protein2_rbs	5.8	0.0	0.0
176	__protein3_rbs	5.05	0.0	0.0
176	__ribosome	38.85	0.0	0.0
176	__rnase_site_ext	9.1	0.0	0.0
176	p0	0.95	0.0	0.0
176	protein1	525.7	9.1	2.18933265
176	protein2	528.35	9.8	2.1312676
176	protein3	505.55	9.8	2.1951515
176	r0	9.1	0.0	0.0
176	r2	9.7	0.0	0.0
176	rnapol	1.1	0.0	0.0
177	__protein1_rbs	5.4	0.0	0.0
177	__protein2_rbs	5.75	0.0	0.0
177	__protein3_rbs	5.9	0.0	0.0
177	__ribosome	37.55	0.0	0.0
177	__rnase_site_ext	9.05	0.0	0.0
177	p0	0.85	0.0	0.0
177	protein1	529.3	9.2	2.1977293500000004
177	protein2	531.7	9.65	2.25490155
177	protein3	509.05	10.0	2.1992831500000003
177	r0	9.05	0.0	0.0
177	r2	9.8	0.0	0.0
177	rnapol	1.2	0.0	0.0
178	__protein1_rbs	5.45	0.0	0.0
178	__protein2_rbs	5.9	0.0	0.0
178	__protein3_rbs	4.95	0.0	0.0
178	__ribosome	37.95	0.0	0.0
178	__rnase_site_ext	9.0	0.0	0.0
178	p0	0.85	0.0	0.0
178	protein1	533.65	9.15	2.0984796500000003
178	protein2	535.9	9.65	2.228839
178	protein3	513.25	9.9	2.2939177000000006
178	r0	9.0	0.0	0.0
178	r2	9.55	0.0	0.0
178	rnapol	1.1	0.0	0.0
179	__protein1_rbs	5.15	0.0	0.0
179	__protein2_rbs	5.35	0.0	0.0
179	__protein3_rbs	5.7	0.0	0.0
179	__ribosome	38.25	0.0	0.0
179	__rnase_site_ext	8.95	0.0	0.0
179	p0	1.0	0.0	0.0
179	protein1	537.4	9.15	2.16776185
179	protein2	540.5	9.8	2.1508895
179	protein3	517.55	9.95	2.25208515
179	r0	8.95	0.0	0.0
179	r2	9.75	0.0	0.0
179	rnapol	1.2	0.0	0.0
180	__protein1_rbs	4.9	0.0	0.0
180	__protein2_rbs	5.75	0.0	0.0
180	__protein3_rbs	6.15	0.0	0.0
180	__ribosome	38.85	0.0	0.0
180	__rnase_site_ext	8.85	0.0	0.0
180	p0	0.95	0.0	0.0
180	protein1	541.45	9.05	2.19158695
180	protein2	544.55	9.9	2.1543268
180	protein3	521.7	9.85	2.2302845000000002
180	r0	8.85	0.0	0.0
180	r2	9.6	0.0	0.0
180	rnapol	1.2	0.0	0.0
181	__protein1_rbs	4.7	0.0	0.0
181	__protein2_rbs	5.7	0.0	0.0
181	__protein3_rbs	5.4	0.0	0.0
181	__ribosome	37.85	0.0	0.0
181	__rnase_site_ext	8.85	0.0	0.0
181	p0	0.9	0.0	0.0
181	protein1	544.8	8.95	2.2931515
181	protein2	548.95	9.9	2.12534655
181	protein3	526.05	9.9	2.2897777500000003
181	r0	8.85	0.0	0.0
181	r2	9.6	0.0	0.0
181	rnapol	1.2	0.0	0.0
182	__protein1_rbs	5.15	0.0	0.0
182	__protein2_rbs	6.6	0.0	0.0
182	__protein3_rbs	5.2	0.0	0.0
182	__ribosome	37.7	0.0	0.0
182	__rnase_site_ext	8.95	0.0	0.0
182	p0	0.85	0.0	0.0
182	protein1	548.75	8.8	2.3089058999999996
182	protein2	552.95	10.15	2.04919775
182	protein3	530.25	9.85	2.33205625
182	r0	8.95	0.0	0.0
182	r2	9.7	0.0	0.0
182	rnapol	1.2	0.0	0.0
183	__protein1_rbs	5.35	0.0	0.0
183	__protein2_rbs	6.05	0.0	0.0
183	__protein3_rbs	6.15	0.0	0.0
183	__ribosome	38.3	0.0	0.0
183	__rnase_site_ext	8.85	0.0	0.0
183	p0	0.85	0.0	0.0
183	protein1	552.6	8.9	2.22931735
183	protein2	556.65	10.05	2.1096058999999996
183	protein3	534.55	9.8	2.3002001500000007
183	r0	8.8	0.0	0.0
183	r2	9.6	0.0	0.0
183	rnapol	1.3	0.0	0.0
184	__protein1_rbs	4.8	0.0	0.0
184	__protein2_rbs	5.3	0.0	0.0
184	__protein3_rbs	5.3	0.0	0.0
184	__ribosome	38.2	0.0	0.0
184	__rnase_site_ext	8.9	0.0	0.0
184	p0	0.9	0.0	0.0
184	protein1	556.35	8.95	2.2111674999999997
184	protein2	561.55	10.15	2.0370088
184	protein3	539.0	9.9	2.2706709500000004
184	r0	8.9	0.0	0.0
184	r2	9.6	0.0	0.0
184	rnapol	1.2	0.0	0.0
185	__protein1_rbs	5.65	0.0	0.0
185	__protein2_rbs	4.95	0.0	0.0
185	__protein3_rbs	5.65	0.0	0.0
185	__ribosome	37.85	0.0	0.0
185	__rnase_site_ext	9.0	0.0	0.0
185	p0	0.8	0.0	0.0
185	protein1	560.2	8.9	2.17018745
185	protein2	565.55	10.1	2.1390646
185	protein3	543.15	9.85	2.2813511
185	r0	8.95	0.0	0.0
185	r2	9.6	0.0	0.0
185	rnapol	1.1	0.0	0.0
186	__protein1_rbs	5.3	0.0	0.0
186	__protein2_rbs	5.1	0.0	0.0
186	__protein3_rbs	4.8	0.0	0.0
186	__ribosome	37.2	0.0	0.0
186	__rnase_site_ext	9.0	0.0	0.0
186	p0	0.85	0.0	0.0
186	protein1	564.45	8.85	2.1729267999999995
186	protein2	569.75	10.15	2.21682865
186	protein3	547.5	9.85	2.34866525
186	r0	8.95	0.0	0.0
186	r2	9.65	0.0	0.0
186	rnapol	1.15	0.0	0.0
187	__protein1_rbs	5.3	0.0	0.0
187	__protein2_rbs	5.6	0.0	0.0
187	__protein3_rbs	5.15	0.0	0.0
187	__ribosome	36.35	0.0	0.0
187	__rnase_site_ext	9.1	0.0	0.0
187	p0	0.8	0.0	0.0
187	protein1	568.15	9.05	2.1001887000000004
187	protein2	573.15	10.1	2.3193297000000004
187	protein3	552.1	9.8	2.34801005
187	r0	9.1	0.0	0.0
187	r2	9.65	0.0	0.0
187	rnapol	1.0	0.0	0.0
188	__protein1_rbs	4.85	0.0	0.0
188	__protein2_rbs	5.8	0.0	0.0
188	__protein3_rbs	5.9	0.0	0.0
188	__ribosome	36.15	0.0	0.0
188	__rnase_site_ext	9.25	0.0	0.0
188	p0	1.0	0.0	0.0
188	protein1	571.85	9.05	2.20294365
188	protein2	577.35	9.95	2.32905395
188	protein3	556.4	9.85	2.2898570500000006
188	r0	9.25	0.0	0.0
188	r2	9.95	0.0	0.0
188	rnapol	1.1	0.0	0.0
189	__protein1_rbs	5.6	0.0	0.0
189	__protein2_rbs	5.5	0.0	0.0
189	__protein3_rbs	6.4	0.0	0.0
189	__ribosome	37.1	0.0	0.0
189	__rnase_site_ext	9.35	0.0	0.0
189	p0	0.85	0.0	0.0
189	protein1	575.85	9.25	2.0756227
189	protein2	581.4	9.8	2.3840007
189	protein3	560.8	9.85	2.2226870000000005
189	r0	9.35	0.0	0.0
189	r2	9.9	0.0	0.0
189	rnapol	1.0	0.0	0.0
190	__protein1_rbs	5.5	0.0	0.0
190	__protein2_rbs	5.6	0.0	0.0
190	__protein3_rbs	5.3	0.0	0.0
190	__ribosome	36.55	0.0	0.0
190	__rnase_site_ext	9.45	0.0	0.0
190	p0	0.8	0.0	0.0
190	protein1	579.15	9.25	2.12521825
190	protein2	586.55	9.7	2.293164
190	protein3	564.65	9.85	2.3427996
190	r0	9.4	0.0	0.0
190	r2	9.8	0.0	0.0
190	rnapol	1.0	0.0	0.0
191	__protein1_rbs	5.05	0.0	0.0
191	__protein2_rbs	5.9	0.0	0.0
191	__protein3_rbs	5.85	0.0	0.0
191	__ribosome	37.7	0.0	0.0
191	__rnase_site_ext	9.35	0.0	0.0
191	p0	1.0	0.0	0.0
191	protein1	582.95	9.4	2.1281727999999998
191	protein2	591.3	9.95	2.17392405
191	protein3	569.65	10.0	2.1867417000000002
191	r0	9.35	0.0	0.0
191	r2	9.85	0.0	0.0
191	rnapol	1.05	0.0	0.0
192	__protein1_rbs	5.1	0.0	0.0
192	__protein2_rbs	5.55	0.0	0.0
192	__protein3_rbs	6.05	0.0	0.0
192	__ribosome	38.05	0.0	0.0
192	__rnase_site_ext	9.3	0.0	0.0
192	p0	0.85	0.0	0.0
192	protein1	587.05	9.45	2.12612745
192	protein2	595.5	10.0	2.17377205
192	protein3	574.0	10.1	2.1449253500000003
192	r0	9.25	0.0	0.0
192	r2	9.95	0.0	0.0
192	rnapol	0.95	0.0	0.0
193	__protein1_rbs	5.2	0.0	0.0
193	__protein2_rbs	5.15	0.0	0.0
193	__protein3_rbs	5.5	0.0	0.0
193	__ribosome	36.9	0.0	0.0
193	__rnase_site_ext	9.35	0.0	0.0
193	p0	1.0	0.0	0.0
193	protein1	591.35	9.3	2.1240140500000004
193	protein2	599.55	9.9	2.2471141
193	protein3	577.8	10.15	2.22402755
193	r0	9.35	0.0	0.0
193	r2	10.0	0.0	0.0
193	rnapol	1.1	0.0	0.0
194	__protein1_rbs	5.25	0.0	0.0
194	__protein2_rbs	6.3	0.0	0.0
194	__protein3_rbs	5.75	0.0	0.0
194	__ribosome	37.7	0.0	0.0
194	__rnase_site_ext	9.35	0.0	0.0
194	p0	0.9	0.0	0.0
194	protein1	594.9	9.35	2.1886966
194	protein2	604.1	9.9	2.1832578999999996
194	protein3	582.15	9.9	2.2040514500000006
194	r0	9.35	0.0	0.0
194	r2	9.9	0.0	0.0
194	rnapol	1.15	0.0	0.0
195	__protein1_rbs	5.1	0.0	0.0
195	__protein2_rbs	5.6	0.0	0.0
195	__protein3_rbs	5.65	0.0	0.0
195	__ribosome	36.8	0.0	0.0
195	__rnase_site_ext	9.25	0.0	0.0
195	p0	0.9	0.0	0.0
195	protein1	598.45	9.35	2.2684484
195	protein2	608.15	9.8	2.1990779
195	protein3	586.5	10.1	2.1672862000000004
195	r0	9.25	0.0	0.0
195	r2	9.9	0.0	0.0
195	rnapol	1.15	0.0	0.0
196	__protein1_rbs	5.05	0.0	0.0
196	__protein2_rbs	4.85	0.0	0.0
196	__protein3_rbs	6.3	0.0	0.0
196	__ribosome	36.15	0.0	0.0
196	__rnase_site_ext	9.35	0.0	0.0
196	p0	0.9	0.0	0.0
196	protein1	602.4	9.35	2.29181825
196	protein2	612.25	9.9	2.2680581
196	protein3	590.85	10.1	2.14179455
196	r0	9.35	0.0	0.0
196	r2	9.85	0.0	0.0
196	rnapol	1.2	0.0	0.0
197	__protein1_rbs	5.35	0.0	0.0
197	__protein2_rbs	6.1	0.0	0.0
197	__protein3_rbs	6.05	0.0	0.0
197	__ribosome	36.6	0.0	0.0
197	__rnase_site_ext	9.15	0.0	0.0
197	p0	0.9	0.0	0.0
197	protein1	606.2	9.3	2.3222282
197	protein2	616.6	9.9	2.20198985
197	protein3	595.05	10.05	2.15339355
197	r0	9.15	0.0	0.0
197	r2	10.1	0.0	0.0
197	rnapol	1.3	0.0	0.0
198	__protein1_rbs	4.95	0.0	0.0
198	__protein2_rbs	5.65	0.0	0.0
198	__protein3_rbs	6.45	0.0	0.0
198	__ribosome	38.3	0.0	0.0
198	__rnase_site_ext	9.3	0.0	0.0
198	p0	0.8	0.0	0.0
198	protein1	611.2	9.3	2.2418069000000003
198	protein2	621.05	9.85	2.1746825499999995
198	protein3	599.35	9.95	2.1338512
198	r0	9.25	0.0	0.0
198	r2	9.95	0.0	0.0
198	rnapol	1.15	0.0	0.0
199	__protein1_rbs	5.15	0.0	0.0
199	__protein2_rbs	5.35	0.0	0.0
199	__protein3_rbs	5.5	0.0	0.0
199	__ribosome	36.4	0.0	0.0
199	__rnase_site_ext	9.25	0.0	0.0
199	p0	1.0	0.0	0.0
199	protein1	614.8	9.2	2.29308385
199	protein2	624.95	10.1	2.2068326000000007
199	protein3	603.15	9.9	2.2380350999999994
199	r0	9.25	0.0	0.0
199	r2	10.15	0.0	0.0
199	rnapol	1.25	0.0	0.0
200	__protein1_rbs	4.9	0.0	0.0
200	__protein2_rbs	5.55	0.0	0.0
200	__protein3_rbs	5.45	0.0	0.0
200	__ribosome	36.3	0.0	0.0
200	__rnase_site_ext	8.95	0.0	0.0
200	p0	0.9	0.0	0.0
200	protein1	619.25	9.4	2.22459045
200	protein2	629.1	10.05	2.25933615
200	protein3	607.6	10.2	2.14343675
200	r0	8.9	0.0	0.0
200	r2	10.05	0.0	0.0
200	rnapol	1.3	0.0	0.0
201	__protein1_rbs	5.15	0.0	0.0
201	__protein2_rbs	5.85	0.0	0.0
201	__protein3_rbs	5.95	0.0	0.0
201	__ribosome	36.85	0.0	0.0
201	__rnase_site_ext	9.05	0.0	0.0
201	p0	0.85	0.0	0.0
201	protein1	623.65	9.2	2.24045635
201	protein2	633.6	9.9	2.27655115
201	protein3	611.65	10.3	2.11912115
201	r0	9.05	0.0	0.0
201	r2	9.95	0.0	0.0
201	rnapol	1.35	0.0	0.0
202	__protein1_rbs	5.45	0.0	0.0
202	__protein2_rbs	5.75	0.0	0.0
202	__protein3_rbs	5.75	0.0	0.0
202	__ribosome	36.5	0.0	0.0
202	__rnase_site_ext	9.2	0.0	0.0
202	p0	0.85	0.0	0.0
202	protein1	627.65	9.0	2.2370179
202	protein2	637.85	9.95	2.2505662999999996
202	protein3	615.35	10.3	2.212160849999999
202	r0	9.2	0.0	0.0
202	r2	10.1	0.0	0.0
202	rnapol	1.2	0.0	0.0
203	__protein1_rbs	5.3	0.0	0.0
203	__protein2_rbs	5.4	0.0	0.0
203	__protein3_rbs	6.15	0.0	0.0
203	__ribosome	36.85	0.0	0.0
203	__rnase_site_ext	9.1	0.0	0.0
203	p0	0.95	0.0	0.0
203	protein1	631.65	9.15	2.1688889
203	protein2	642.2	10.0	2.25992775
203	protein3	619.8	10.3	2.1630683
203	r0	9.1	0.0	0.0
203	r2	9.9	0.0	0.0
203	rnapol	1.2	0.0	0.0
204	__protein1_rbs	4.95	0.0	0.0
204	__protein2_rbs	5.85	0.0	0.0
204	__protein3_rbs	5.4	0.0	0.0
204	__ribosome	35.95	0.0	0.0
204	__rnase_site_ext	9.1	0.0	0.0
204	p0	0.85	0.0	0.0
204	protein1	635.3	9.15	2.23098585
204	protein2	646.35	10.0	2.2221933
204	protein3	624.0	10.25	2.2119012
204	r0	9.1	0.0	0.0
204	r2	9.95	0.0	0.0
204	rnapol	1.05	0.0	0.0
205	__protein1_rbs	5.15	0.0	0.0
205	__protein2_rbs	5.9	0.0	0.0
205	__protein3_rbs	5.75	0.0	0.0
205	__ribosome	36.5	0.0	0.0
205	__rnase_site_ext	9.05	0.0	0.0
205	p0	0.95	0.0	0.0
205	protein1	639.3	9.1	2.17989765
205	protein2	651.1	10.05	2.16243455
205	protein3	628.25	10.3	2.2203499
205	r0	9.05	0.0	0.0
205	r2	10.2	0.0	0.0
205	rnapol	1.15	0.0	0.0
206	__protein1_rbs	4.95	0.0	0.0
206	__protein2_rbs	5.6	0.0	0.0
206	__protein3_rbs	6.0	0.0	0.0
206	__ribosome	37.25	0.0	0.0
206	__rnase_site_ext	9.1	0.0	0.0
206	p0	0.85	0.0	0.0
206	protein1	643.5	9.0	2.21766125
206	protein2	655.2	10.05	2.1583333
206	protein3	632.9	10.15	2.1834488000000003
206	r0	9.05	0.0	0.0
206	r2	10.0	0.0	0.0
206	rnapol	1.25	0.0	0.0
207	__protein1_rbs	5.15	0.0	0.0
207	__protein2_rbs	5.55	0.0	0.0
207	__protein3_rbs	5.8	0.0	0.0
207	__ribosome	36.85	0.0	0.0
207	__rnase_site_ext	9.25	0.0	0.0
207	p0	0.8	0.0	0.0
207	protein1	647.4	9.1	2.1763356500000004
207	protein2	659.5	10.2	2.1389926500000005
207	protein3	637.2	10.3	2.1877524500000005
207	r0	9.25	0.0	0.0
207	r2	10.05	0.0	0.0
207	rnapol	1.2	0.0	0.0
208	__protein1_rbs	4.75	0.0	0.0
208	__protein2_rbs	5.75	0.0	0.0
208	__protein3_rbs	5.55	0.0	0.0
208	__ribosome	35.95	0.0	0.0
208	__rnase_site_ext	9.25	0.0	0.0
208	p0	0.8	0.0	0.0
208	protein1	651.35	9.1	2.22658215
208	protein2	664.2	10.1	2.13991745
208	protein3	641.1	10.3	2.2631036
208	r0	9.25	0.0	0.0
208	r2	9.85	0.0	0.0
208	rnapol	1.15	0.0	0.0
209	__protein1_rbs	5.6	0.0	0.0
209	__protein2_rbs	5.3	0.0	0.0
209	__protein3_rbs	6.05	0.0	0.0
209	__ribosome	35.95	0.0	0.0
209	__rnase_site_ext	9.3	0.0	0.0
209	p0	0.9	0.0	0.0
209	protein1	655.4	9.25	2.0856062
209	protein2	668.15	10.0	2.2647262
209	protein3	645.45	10.3	2.2520424500000003
209	r0	9.3	0.0	0.0
209	r2	9.85	0.0	0.0
209	rnapol	1.2	0.0	0.0
210	__protein1_rbs	5.35	0.0	0.0
210	__protein2_rbs	5.7	0.0	0.0
210	__protein3_rbs	6.4	0.0	0.0
210	__ribosome	36.75	0.0	0.0
210	__rnase_site_ext	9.15	0.0	0.0
210	p0	0.95	0.0	0.0
210	protein1	658.9	9.3	2.16336275
210	protein2	672.55	10.05	2.2109761999999997
210	protein3	650.25	10.2	2.1747113500000004
210	r0	9.15	0.0	0.0
210	r2	10.0	0.0	0.0
210	rnapol	1.3	0.0	0.0
211	__protein1_rbs	5.6	0.0	0.0
211	__protein2_rbs	5.7	0.0	0.0
211	__protein3_rbs	5.55	0.0	0.0
211	__ribosome	36.15	0.0	0.0
211	__rnase_site_ext	9.2	0.0	0.0
211	p0	0.95	0.0	0.0
211	protein1	662.8	9.3	2.15462115
211	protein2	676.9	10.15	2.2087451499999995
211	protein3	654.2	10.2	2.2148773
211	r0	9.2	0.0	0.0
211	r2	9.95	0.0	0.0
211	rnapol	1.4	0.0	0.0
212	__protein1_rbs	5.45	0.0	0.0
212	__protein2_rbs	5.8	0.0	0.0
212	__protein3_rbs	5.65	0.0	0.0
212	__ribosome	36.8	0.0	0.0
212	__rnase_site_ext	9.15	0.0	0.0
212	p0	0.9	0.0	0.0
212	protein1	666.95	9.25	2.18417885
212	protein2	681.15	10.15	2.2450106
212	protein3	659.3	10.1	2.1413473
212	r0	9.15	0.0	0.0
212	r2	10.0	0.0	0.0
212	rnapol	1.35	0.0	0.0
213	__protein1_rbs	5.05	0.0	0.0
213	__protein2_rbs	5.5	0.0	0.0
213	__protein3_rbs	5.6	0.0	0.0
213	__ribosome	37.2	0.0	0.0
213	__rnase_site_ext	9.1	0.0	0.0
213	p0	1.0	0.0	0.0
213	protein1	671.25	9.2	2.17843555
213	protein2	685.75	10.05	2.2868205499999994
213	protein3	663.9	10.05	2.1190836
213	r0	9.1	0.0	0.0
213	r2	10.1	0.0	0.0
213	rnapol	1.65	0.0	0.0
214	__protein1_rbs	5.6	0.0	0.0
214	__protein2_rbs	6.05	0.0	0.0
214	__protein3_rbs	5.5	0.0	0.0
214	__ribosome	36.75	0.0	0.0
214	__rnase_site_ext	9.1	0.0	0.0
214	p0	0.85	0.0	0.0
214	protein1	675.0	9.2	2.1645581000000003
214	protein2	690.25	10.1	2.22005405
214	protein3	667.35	10.05	2.2118578
214	r0	9.1	0.0	0.0
214	r2	10.0	0.0	0.0
214	rnapol	1.5	0.0	0.0
215	__protein1_rbs	5.1	0.0	0.0
215	__protein2_rbs	6.0	0.0	0.0
215	__protein3_rbs	5.65	0.0	0.0
215	__ribosome	37.4	0.0	0.0
215	__rnase_site_ext	9.15	0.0	0.0
215	p0	0.9	0.0	0.0
215	protein1	678.75	9.15	2.1748449
215	protein2	694.45	10.05	2.1990416
215	protein3	672.05	10.1	2.1533466500000005
215	r0	9.15	0.0	0.0
215	r2	9.95	0.0	0.0
215	rnapol	1.5	0.0	0.0
216	__protein1_rbs	5.1	0.0	0.0
216	__protein2_rbs	5.5	0.0	0.0
216	__protein3_rbs	5.9	0.0	0.0
216	__ribosome	35.9	0.0	0.0
216	__rnase_site_ext	9.15	0.0	0.0
216	p0	0.95	0.0	0.0
216	protein1	682.35	9.2	2.22738145
216	protein2	698.9	10.05	2.2307388500000007
216	protein3	676.05	10.15	2.1848154
216	r0	9.15	0.0	0.0
216	r2	10.1	0.0	0.0
216	rnapol	1.55	0.0	0.0
217	__protein1_rbs	5.35	0.0	0.0
217	__protein2_rbs	6.2	0.0	0.0
217	__protein3_rbs	6.3	0.0	0.0
217	__ribosome	37.1	0.0	0.0
217	__rnase_site_ext	9.2	0.0	0.0
217	p0	0.95	0.0	0.0
217	protein1	686.5	9.1	2.2217496500000005
217	protein2	703.55	9.95	2.1891022500000004
217	protein3	680.2	10.15	2.1556385
217	r0	9.15	0.0	0.0
217	r2	10.1	0.0	0.0
217	rnapol	1.5	0.0	0.0
218	__protein1_rbs	4.8	0.0	0.0
218	__protein2_rbs	5.7	0.0	0.0
218	__protein3_rbs	6.05	0.0	0.0
218	__ribosome	37.7	0.0	0.0
218	__rnase_site_ext	9.2	0.0	0.0
218	p0	0.9	0.0	0.0
218	protein1	691.1	9.25	2.15978295
218	protein2	708.2	10.05	2.14777845
218	protein3	684.6	10.25	2.1492033
218	r0	9.2	0.0	0.0
218	r2	9.95	0.0	0.0
218	rnapol	1.4	0.0	0.0
219	__protein1_rbs	5.3	0.0	0.0
219	__protein2_rbs	5.5	0.0	0.0
219	__protein3_rbs	6.15	0.0	0.0
219	__ribosome	37.05	0.0	0.0
219	__rnase_site_ext	9.15	0.0	0.0
219	p0	0.9	0.0	0.0
219	protein1	694.35	9.2	2.22071065
219	protein2	712.0	9.95	2.22306345
219	protein3	688.95	10.15	2.1373749500000003
219	r0	9.15	0.0	0.0
219	r2	9.85	0.0	0.0
219	rnapol	1.45	0.0	0.0
220	__protein1_rbs	5.4	0.0	0.0
220	__protein2_rbs	5.8	0.0	0.0
220	__protein3_rbs	6.2	0.0	0.0
220	__ribosome	37.9	0.0	0.0
220	__rnase_site_ext	9.15	0.0	0.0
220	p0	0.85	0.0	0.0
220	protein1	698.4	9.25	2.2066506
220	protein2	716.25	10.0	2.1976197
220	protein3	693.5	10.2	2.05623105
220	r0	9.1	0.0	0.0
220	r2	9.95	0.0	0.0
220	rnapol	1.3	0.0	0.0
221	__protein1_rbs	6.1	0.0	0.0
221	__protein2_rbs	5.45	0.0	0.0
221	__protein3_rbs	5.75	0.0	0.0
221	__ribosome	38.25	0.0	0.0
221	__rnase_site_ext	9.1	0.0	0.0
221	p0	0.75	0.0	0.0
221	protein1	702.25	9.25	2.1292126000000002
221	protein2	720.65	10.05	2.21023925
221	protein3	697.8	10.25	2.0656937
221	r0	9.1	0.0	0.0
221	r2	9.9	0.0	0.0
221	rnapol	1.3	0.0	0.0
222	__protein1_rbs	5.2	0.0	0.0
222	__protein2_rbs	5.95	0.0	0.0
222	__protein3_rbs	5.25	0.0	0.0
222	__ribosome	38.1	0.0	0.0
222	__rnase_site_ext	9.25	0.0	0.0
222	p0	0.9	0.0	0.0
222	protein1	706.3	9.2	2.1476374
222	protein2	724.9	9.85	2.2269955999999995
222	protein3	702.0	10.15	2.14328225
222	r0	9.25	0.0	0.0
222	r2	9.9	0.0	0.0
222	rnapol	1.25	0.0	0.0
223	__protein1_rbs	4.95	0.0	0.0
223	__protein2_rbs	5.35	0.0	0.0
223	__protein3_rbs	5.85	0.0	0.0
223	__ribosome	38.05	0.0	0.0
223	__rnase_site_ext	9.3	0.0	0.0
223	p0	0.9	0.0	0.0
223	protein1	710.55	9.25	2.11493155
223	protein2	729.25	10.05	2.21455805
223	protein3	706.25	10.0	2.1518255500000003
223	r0	9.3	0.0	0.0
223	r2	9.95	0.0	0.0
223	rnapol	1.25	0.0	0.0
224	__protein1_rbs	5.3	0.0	0.0
224	__protein2_rbs	5.55	0.0	0.0
224	__protein3_rbs	5.85	0.0	0.0
224	__ribosome	37.1	0.0	0.0
224	__rnase_site_ext	9.5	0.0	0.0
224	p0	0.85	0.0	0.0
224	protein1	714.3	9.3	2.1413023000000004
224	protein2	733.75	10.05	2.1880145
224	protein3	710.1	10.2	2.1521187000000004
224	r0	9.5	0.0	0.0
224	r2	9.9	0.0	0.0
224	rnapol	1.1	0.0	0.0
225	__protein1_rbs	5.4	0.0	0.0
225	__protein2_rbs	4.8	0.0	0.0
225	__protein3_rbs	5.85	0.0	0.0
225	__ribosome	35.45	0.0	0.0
225	__rnase_site_ext	9.45	0.0	0.0
225	p0	1.0	0.0	0.0
225	protein1	718.0	9.45	2.14943725
225	protein2	737.8	10.0	2.30475925
225	protein3	714.05	10.0	2.2528509999999997
225	r0	9.45	0.0	0.0
225	r2	10.0	0.0	0.0
225	rnapol	1.2	0.0	0.0
226	__protein1_rbs	5.75	0.0	0.0
226	__protein2_rbs	5.95	0.0	0.0
226	__protein3_rbs	5.2	0.0	0.0
226	__ribosome	35.6	0.0	0.0
226	__rnase_site_ext	9.5	0.0	0.0
226	p0	0.85	0.0	0.0
226	protein1	721.65	9.5	2.1176803
226	protein2	742.25	10.0	2.2779686500000005
226	protein3	718.45	10.1	2.2773492
226	r0	9.5	0.0	0.0
226	r2	9.9	0.0	0.0
226	rnapol	1.15	0.0	0.0
227	__protein1_rbs	5.55	0.0	0.0
227	__protein2_rbs	5.85	0.0	0.0
227	__protein3_rbs	5.7	0.0	0.0
227	__ribosome	36.15	0.0	0.0
227	__rnase_site_ext	9.5	0.0	0.0
227	p0	0.95	0.0	0.0
227	protein1	725.6	9.4	2.14314935
227	protein2	746.3	9.95	2.2991682
227	protein3	722.9	10.2	2.1973764500000006
227	r0	9.5	0.0	0.0
227	r2	9.8	0.0	0.0
227	rnapol	1.15	0.0	0.0
228	__protein1_rbs	5.55	0.0	0.0
228	__protein2_rbs	6.1	0.0	0.0
228	__protein3_rbs	6.0	0.0	0.0
228	__ribosome	36.7	0.0	0.0
228	__rnase_site_ext	9.45	0.0	0.0
228	p0	0.95	0.0	0.0
228	protein1	729.6	9.5	2.13146285
228	protein2	751.1	10.05	2.21259165
228	protein3	726.8	10.1	2.2535355000000004
228	r0	9.45	0.0	0.0
228	r2	9.9	0.0	0.0
228	rnapol	1.2	0.0	0.0
229	__protein1_rbs	5.35	0.0	0.0
229	__protein2_rbs	6.35	0.0	0.0
229	__protein3_rbs	5.2	0.0	0.0
229	__ribosome	37.6	0.0	0.0
229	__rnase_site_ext	9.5	0.0	0.0
229	p0	0.95	0.0	0.0
229	protein1	733.8	9.5	2.0983221000000003
229	protein2	755.5	10.05	2.12591365
229	protein3	731.4	10.2	2.19685325
229	r0	9.5	0.0	0.0
229	r2	9.9	0.0	0.0
229	rnapol	1.25	0.0	0.0
230	__protein1_rbs	5.2	0.0	0.0
230	__protein2_rbs	5.6	0.0	0.0
230	__protein3_rbs	5.45	0.0	0.0
230	__ribosome	37.5	0.0	0.0
230	__rnase_site_ext	9.25	0.0	0.0
230	p0	0.95	0.0	0.0
230	protein1	737.35	9.5	2.1897133500000003
230	protein2	760.65	10.0	2.0711055000000003
230	protein3	735.95	10.05	2.24932085
230	r0	9.25	0.0	0.0
230	r2	9.9	0.0	0.0
230	rnapol	1.4	0.0	0.0
231	__protein1_rbs	5.9	0.0	0.0
231	__protein2_rbs	6.2	0.0	0.0
231	__protein3_rbs	6.0	0.0	0.0
231	__ribosome	37.55	0.0	0.0
231	__rnase_site_ext	9.4	0.0	0.0
231	p0	0.9	0.0	0.0
231	protein1	741.3	9.45	2.1703627
231	protein2	764.35	10.25	2.0491018
231	protein3	740.3	10.05	2.2340560499999995
231	r0	9.4	0.0	0.0
231	r2	9.9	0.0	0.0
231	rnapol	1.3	0.0	0.0
232	__protein1_rbs	5.0	0.0	0.0
232	__protein2_rbs	6.0	0.0	0.0
232	__protein3_rbs	5.6	0.0	0.0
232	__ribosome	36.65	0.0	0.0
232	__rnase_site_ext	9.2	0.0	0.0
232	p0	1.0	0.0	0.0
232	protein1	745.1	9.3	2.28987155
232	protein2	768.45	10.15	2.0854372000000003
232	protein3	744.55	10.05	2.24417815
232	r0	9.2	0.0	0.0
232	r2	9.8	0.0	0.0
232	rnapol	1.45	0.0	0.0
233	__protein1_rbs	5.6	0.0	0.0
233	__protein2_rbs	5.75	0.0	0.0
233	__protein3_rbs	5.15	0.0	0.0
233	__ribosome	35.6	0.0	0.0
233	__rnase_site_ext	9.25	0.0	0.0
233	p0	0.8	0.0	0.0
233	protein1	748.9	9.4	2.2377309
233	protein2	772.15	10.3	2.1318588
233	protein3	748.7	10.05	2.26166585
233	r0	9.25	0.0	0.0
233	r2	9.85	0.0	0.0
233	rnapol	1.45	0.0	0.0
234	__protein1_rbs	5.35	0.0	0.0
234	__protein2_rbs	5.6	0.0	0.0
234	__protein3_rbs	5.8	0.0	0.0
234	__ribosome	35.4	0.0	0.0
234	__rnase_site_ext	9.5	0.0	0.0
234	p0	0.75	0.0	0.0
234	protein1	753.1	9.25	2.22695045
234	protein2	775.9	10.25	2.2444804999999994
234	protein3	753.25	10.1	2.2042645499999995
234	r0	9.45	0.0	0.0
234	r2	9.8	0.0	0.0
234	rnapol	1.25	0.0	0.0
235	__protein1_rbs	5.5	0.0	0.0
235	__protein2_rbs	5.9	0.0	0.0
235	__protein3_rbs	5.75	0.0	0.0
235	__ribosome	36.3	0.0	0.0
235	__rnase_site_ext	9.55	0.0	0.0
235	p0	0.9	0.0	0.0
235	protein1	757.75	9.3	2.1945011000000005
235	protein2	780.5	10.2	2.22669545
235	protein3	757.7	9.95	2.22145395
235	r0	9.55	0.0	0.0
235	r2	10.0	0.0	0.0
235	rnapol	1.25	0.0	0.0
236	__protein1_rbs	5.4	0.0	0.0
236	__protein2_rbs	5.95	0.0	0.0
236	__protein3_rbs	5.55	0.0	0.0
236	__ribosome	35.7	0.0	0.0
236	__rnase_site_ext	9.8	0.0	0.0
236	p0	0.8	0.0	0.0
236	protein1	761.5	9.6	2.1235209500000005
236	protein2	784.75	10.3	2.2166033999999994
236	protein3	761.95	9.9	2.2555971999999995
236	r0	9.8	0.0	0.0
236	r2	10.0	0.0	0.0
236	rnapol	1.0	0.0	0.0
237	__protein1_rbs	5.45	0.0	0.0
237	__protein2_rbs	6.05	0.0	0.0
237	__protein3_rbs	5.7	0.0	0.0
237	__ribosome	35.7	0.0	0.0
237	__rnase_site_ext	9.95	0.0	0.0
237	p0	0.85	0.0	0.0
237	protein1	765.2	9.6	2.1308063
237	protein2	788.95	10.2	2.2603263999999994
237	protein3	766.65	10.0	2.18953475
237	r0	9.95	0.0	0.0
237	r2	10.15	0.0	0.0
237	rnapol	1.05	0.0	0.0
238	__protein1_rbs	5.7	0.0	0.0
238	__protein2_rbs	5.75	0.0	0.0
238	__protein3_rbs	5.45	0.0	0.0
238	__ribosome	35.5	0.0	0.0
238	__rnase_site_ext	10.05	0.0	0.0
238	p0	0.9	0.0	0.0
238	protein1	769.5	9.85	2.08529405
238	protein2	793.7	10.05	2.2595850500000005
238	protein3	770.55	10.2	2.2468668500000004
238	r0	10.05	0.0	0.0
238	r2	10.05	0.0	0.0
238	rnapol	1.0	0.0	0.0
239	__protein1_rbs	5.65	0.0	0.0
239	__protein2_rbs	5.75	0.0	0.0
239	__protein3_rbs	6.25	0.0	0.0
239	__ribosome	36.6	0.0	0.0
239	__rnase_site_ext	9.85	0.0	0.0
239	p0	0.85	0.0	0.0
239	protein1	773.55	9.95	2.06032845
239	protein2	798.15	10.05	2.24990435
239	protein3	775.5	10.25	2.13059965
239	r0	9.85	0.0	0.0
239	r2	10.25	0.0	0.0
239	rnapol	1.05	0.0	0.0
240	__protein1_rbs	5.75	0.0	0.0
240	__protein2_rbs	5.5	0.0	0.0
240	__protein3_rbs	5.95	0.0	0.0
240	__ribosome	35.25	0.0	0.0
240	__rnase_site_ext	9.9	0.0	0.0
240	p0	0.9	0.0	0.0
240	protein1	777.1	9.95	2.16408735
240	protein2	802.4	10.0	2.2769804000000007
240	protein3	779.2	10.25	2.1758062
240	r0	9.85	0.0	0.0
240	r2	10.2	0.0	0.0
240	rnapol	0.95	0.0	0.0
241	__protein1_rbs	6.05	0.0	0.0
241	__protein2_rbs	5.4	0.0	0.0
241	__protein3_rbs	5.8	0.0	0.0
241	__ribosome	36.45	0.0	0.0
241	__rnase_site_ext	10.05	0.0	0.0
241	p0	0.9	0.0	0.0
241	protein1	781.45	9.95	2.107551
241	protein2	807.25	10.0	2.2231151
241	protein3	784.15	10.2	2.1548647
241	r0	10.05	0.0	0.0
241	r2	10.25	0.0	0.0
241	rnapol	0.85	0.0	0.0
242	__protein1_rbs	5.75	0.0	0.0
242	__protein2_rbs	5.75	0.0	0.0
242	__protein3_rbs	5.7	0.0	0.0
242	__ribosome	34.9	0.0	0.0
242	__rnase_site_ext	10.0	0.0	0.0
242	p0	0.95	0.0	0.0
242	protein1	785.1	9.9	2.16530885
242	protein2	811.3	10.0	2.228768
242	protein3	787.85	10.35	2.1906567000000003
242	r0	10.0	0.0	0.0
242	r2	10.15	0.0	0.0
242	rnapol	0.85	0.0	0.0
243	__protein1_rbs	6.25	0.0	0.0
243	__protein2_rbs	5.35	0.0	0.0
243	__protein3_rbs	5.7	0.0	0.0
243	__ribosome	35.65	0.0	0.0
243	__rnase_site_ext	10.1	0.0	0.0
243	p0	0.85	0.0	0.0
243	protein1	789.65	10.1	2.04932695
243	protein2	815.9	10.2	2.17995495
243	protein3	792.3	10.3	2.19391425
243	r0	10.1	0.0	0.0
243	r2	10.1	0.0	0.0
243	rnapol	0.8	0.0	0.0
244	__protein1_rbs	5.6	0.0	0.0
244	__protein2_rbs	5.75	0.0	0.0
244	__protein3_rbs	5.75	0.0	0.0
244	__ribosome	35.1	0.0	0.0
244	__rnase_site_ext	9.7	0.0	0.0
244	p0	0.95	0.0	0.0
244	protein1	793.55	10.05	2.09420455
244	protein2	820.05	10.25	2.20222225
244	protein3	796.7	10.4	2.1459291
244	r0	9.7	0.0	0.0
244	r2	10.0	0.0	0.0
244	rnapol	1.05	0.0	0.0
245	__protein1_rbs	6.2	0.0	0.0
245	__protein2_rbs	6.05	0.0	0.0
245	__protein3_rbs	5.8	0.0	0.0
245	__ribosome	35.65	0.0	0.0
245	__rnase_site_ext	9.65	0.0	0.0
245	p0	0.95	0.0	0.0
245	protein1	797.35	9.9	2.0971139999999995
245	protein2	824.45	10.4	2.16842705
245	protein3	801.5	10.45	2.11755295
245	r0	9.6	0.0	0.0
245	r2	10.0	0.0	0.0
245	rnapol	1.15	0.0	0.0
246	__protein1_rbs	5.25	0.0	0.0
246	__protein2_rbs	5.95	0.0	0.0
246	__protein3_rbs	5.75	0.0	0.0
246	__ribosome	34.8	0.0	0.0
246	__rnase_site_ext	9.75	0.0	0.0
246	p0	0.8	0.0	0.0
246	protein1	801.65	9.7	2.20341805
246	protein2	829.0	10.45	2.15537185
246	protein3	805.55	10.35	2.18482675
246	r0	9.75	0.0	0.0
246	r2	10.0	0.0	0.0
246	rnapol	1.15	0.0	0.0
247	__protein1_rbs	5.55	0.0	0.0
247	__protein2_rbs	6.15	0.0	0.0
247	__protein3_rbs	6.1	0.0	0.0
247	__ribosome	34.8	0.0	0.0
247	__rnase_site_ext	9.8	0.0	0.0
247	p0	0.85	0.0	0.0
247	protein1	806.05	9.7	2.19430555
247	protein2	833.2	10.45	2.18094385
247	protein3	809.7	10.25	2.2213052
247	r0	9.8	0.0	0.0
247	r2	9.95	0.0	0.0
247	rnapol	1.1	0.0	0.0
248	__protein1_rbs	5.85	0.0	0.0
248	__protein2_rbs	5.75	0.0	0.0
248	__protein3_rbs	5.9	0.0	0.0
248	__ribosome	34.15	0.0	0.0
248	__rnase_site_ext	9.6	0.0	0.0
248	p0	0.85	0.0	0.0
248	protein1	809.8	9.75	2.2081529
248	protein2	837.75	10.55	2.1714464500000004
248	protein3	813.8	10.2	2.256351499999999
248	r0	9.6	0.0	0.0
248	r2	9.95	0.0	0.0
248	rnapol	1.05	0.0	0.0
249	__protein1_rbs	6.1	0.0	0.0
249	__protein2_rbs	7.1	0.0	0.0
249	__protein3_rbs	5.6	0.0	0.0
249	__ribosome	34.95	0.0	0.0
249	__rnase_site_ext	9.75	0.0	0.0
249	p0	1.0	0.0	0.0
249	protein1	814.05	9.8	2.1453951
249	protein2	842.2	10.7	2.0746789
249	protein3	818.35	10.1	2.28609885
249	r0	9.75	0.0	0.0
249	r2	10.15	0.0	0.0
249	rnapol	1.0	0.0	0.0
250	__protein1_rbs	5.2	0.0	0.0
250	__protein2_rbs	5.95	0.0	0.0
250	__protein3_rbs	4.95	0.0	0.0
250	__ribosome	31.25	0.0	0.0
250	__rnase_site_ext	9.1	0.0	0.0
250	p0	0.8	0.0	0.0
250	protein1	739.0	9.05	1.95323355
250	protein2	762.2	9.65	1.8579755
250	protein3	741.6	9.0	2.0605151999999998
250	r0	9.05	0.0	0.0
250	r2	9.05	0.0	0.0
250	rnapol	0.8	0.0	0.0
