time	species	protein	transcript	ribo_density
0	__protein1_rbs	0.0	0.0	0.0
0	__protein2_rbs	0.0	0.0	0.0
0	__protein3_rbs	0.0	0.0	0.0
0	__ribosome	100.0	0.0	0.0
0	__rnase_site_ext	0.0	0.0	0.0
0	p0	1.0	0.0	0.0
0	p1	1.0	0.0	0.0
0	p2	1.0	0.0	0.0
0	r2	0.0	0.0	0.0
0	rnapol	4.0	0.0	0.0
1	__protein1_rbs	0.0	0.0	0.0
1	__protein2_rbs	0.0	0.0	0.0
1	__protein3_rbs	0.0	0.0	0.0
1	__ribosome	45.0	0.0	0.0
1	__rnase_site_ext	0.25	0.0	0.0
1	p0	0.05	0.0	0.0
1	p1	0.45	0.0	0.0
1	p2	0.45	0.0	0.0
1	r2	0.0	0.0	0.0
1	rnapol	1.35	0.0	0.0
2	__protein1_rbs	0.1	0.0	0.0
2	__protein2_rbs	0.0	0.0	0.0
2	__protein3_rbs	0.0	0.0	0.0
2	__ribosome	115.0	0.0	0.0
2	__rnase_site_ext	0.7	0.0	0.0
2	p0	0.35	0.0	0.0
2	p1	1.15	0.0	0.0
2	p2	1.15	0.0	0.0
2	protein1	0.0	0.1	0.0
2	r2	0.0	0.0	0.0
2	rnapol	3.35	0.0	0.0
3	__protein1_rbs	0.3	0.0	0.0
3	__protein2_rbs	0.0	0.0	0.0
3	__protein3_rbs	0.0	0.0	0.0
3	__ribosome	79.8	0.0	0.0
3	__rnase_site_ext	1.05	0.0	0.0
3	p0	0.7	0.0	0.0
3	p1	0.8	0.0	0.0
3	p2	0.8	0.0	0.0
3	protein1	0.0	0.5	0.2
3	r2	0.0	0.0	0.0
3	rnapol	2.15	0.0	0.0
4	__protein1_rbs	0.1	0.0	0.0
4	__protein2_rbs	0.0	0.0	0.0
4	__protein3_rbs	0.0	0.0	0.0
4	__ribosome	118.95	0.0	0.0
4	__rnase_site_ext	1.35	0.0	0.0
4	p0	0.5	0.0	0.0
4	p1	1.2	0.0	0.0
4	p2	1.2	0.0	0.0
4	protein1	0.0	0.95	0.875
4	r2	0.0	0.0	0.0
4	rnapol	3.0	0.0	0.0
5	__protein1_rbs	0.55	0.0	0.0
5	__protein2_rbs	0.0	0.0	0.0
5	__protein3_rbs	0.0	0.0	0.0
5	__ribosome	113.3	0.0	0.0
5	__rnase_site_ext	1.6	0.0	0.0
5	p0	0.7	0.0	0.0
5	p1	1.15	0.0	0.0
5	p2	1.15	0.0	0.0
5	protein1	0.0	1.25	1.125
5	r2	0.0	0.0	0.0
5	rnapol	2.65	0.0	0.0
6	__protein1_rbs	0.75	0.0	0.0
6	__protein2_rbs	0.0	0.0	0.0
6	__protein3_rbs	0.0	0.0	0.0
6	__ribosome	92.45	0.0	0.0
6	__rnase_site_ext	1.8	0.0	0.0
6	p0	0.75	0.0	0.0
6	p1	0.95	0.0	0.0
6	p2	0.95	0.0	0.0
6	protein1	0.0	1.6	1.4333333000000001
6	r2	0.0	0.0	0.0
6	rnapol	1.9	0.0	0.0
7	__protein1_rbs	0.75	0.0	0.0
7	__protein2_rbs	0.0	0.0	0.0
7	__protein3_rbs	0.0	0.0	0.0
7	__ribosome	91.45	0.0	0.0
7	__rnase_site_ext	2.0	0.0	0.0
7	p0	0.6	0.0	0.0
7	p1	0.95	0.0	0.0
7	p2	0.95	0.0	0.0
7	protein1	0.05	1.8	1.9250000000000005
7	r2	0.0	0.0	0.0
7	rnapol	1.55	0.0	0.0
8	__protein1_rbs	0.65	0.0	0.0
8	__protein2_rbs	0.0	0.0	0.0
8	__protein3_rbs	0.0	0.0	0.0
8	__ribosome	130.4	0.0	0.0
8	__rnase_site_ext	2.3	0.0	0.0
8	p0	1.3	0.0	0.0
8	p1	0.7	0.0	0.0
8	p2	1.3	0.0	0.0
8	protein1	0.35	1.85	2.3833333
8	r2	0.0	0.0	0.0
8	rnapol	2.6	0.0	0.0
9	__protein1_rbs	0.7	0.0	0.0
9	__protein2_rbs	0.0	0.0	0.0
9	__protein3_rbs	0.0	0.0	0.0
9	__ribosome	94.45	0.0	0.0
9	__rnase_site_ext	2.35	0.0	0.0
9	p0	0.95	0.0	0.0
9	p1	0.55	0.0	0.0
9	p2	1.0	0.0	0.0
9	protein1	1.1	2.25	2.3249999500000005
9	r2	0.0	0.0	0.0
9	rnapol	1.5	0.0	0.0
10	__protein1_rbs	0.85	0.0	0.0
10	__protein2_rbs	0.2	0.0	0.0
10	__protein3_rbs	0.05	0.0	0.0
10	__ribosome	93.7	0.0	0.0
10	__rnase_site_ext	2.65	0.0	0.0
10	p0	0.8	0.0	0.0
10	p1	0.3	0.0	0.0
10	p2	1.0	0.0	0.0
10	protein1	1.55	2.25	2.73749995
10	protein2	0.0	0.2	0.0
10	protein3	0.0	0.05	0.0
10	r2	0.0	0.0	0.0
10	rnapol	1.25	0.0	0.0
11	__protein1_rbs	0.65	0.0	0.0
11	__protein2_rbs	0.15	0.0	0.0
11	__protein3_rbs	0.0	0.0	0.0
11	__ribosome	92.75	0.0	0.0
11	__rnase_site_ext	2.75	0.0	0.0
11	p0	0.9	0.0	0.0
11	p1	0.45	0.0	0.0
11	p2	1.0	0.0	0.0
11	protein1	2.45	2.45	2.67916665
11	protein2	0.0	0.4	0.25
11	protein3	0.0	0.05	0.05
11	r2	0.0	0.0	0.0
11	rnapol	1.1	0.0	0.0
12	__protein1_rbs	1.05	0.0	0.0
12	__protein2_rbs	0.55	0.0	0.0
12	__protein3_rbs	0.0	0.0	0.0
12	__ribosome	92.2	0.0	0.0
12	__rnase_site_ext	3.05	0.0	0.0
12	p0	0.75	0.0	0.0
12	p1	0.45	0.0	0.0
12	p2	1.0	0.0	0.0
12	protein1	3.7	2.6	2.6208332999999997
12	protein2	0.0	0.8	0.375
12	protein3	0.0	0.05	0.1
12	r2	0.0	0.0	0.0
12	rnapol	0.8	0.0	0.0
13	__protein1_rbs	0.7	0.0	0.0
13	__protein2_rbs	0.35	0.0	0.0
13	__protein3_rbs	0.05	0.0	0.0
13	__ribosome	90.5	0.0	0.0
13	__rnase_site_ext	3.2	0.0	0.0
13	p0	0.9	0.0	0.0
13	p1	0.7	0.0	0.0
13	p2	1.0	0.0	0.0
13	protein1	4.85	2.75	2.80416665
13	protein2	0.0	1.1	1.0
13	protein3	0.0	0.05	0.1
13	r2	0.0	0.0	0.0
13	rnapol	0.7	0.0	0.0
14	__protein1_rbs	1.3	0.0	0.0
14	__protein2_rbs	0.6	0.0	0.0
14	__protein3_rbs	0.0	0.0	0.0
14	__ribosome	89.3	0.0	0.0
14	__rnase_site_ext	3.35	0.0	0.0
14	p0	0.85	0.0	0.0
14	p1	0.55	0.0	0.0
14	p2	1.0	0.0	0.0
14	protein1	6.1	3.0	2.6291666
14	protein2	0.0	1.5	1.31666665
14	protein3	0.0	0.05	0.15
14	r2	0.0	0.0	0.0
14	rnapol	0.5	0.0	0.0
15	__protein1_rbs	1.0	0.0	0.0
15	__protein2_rbs	0.65	0.0	0.0
15	__protein3_rbs	0.05	0.0	0.0
15	__ribosome	87.45	0.0	0.0
15	__rnase_site_ext	3.4	0.0	0.0
15	p0	0.9	0.0	0.0
15	p1	0.6	0.0	0.0
15	p2	1.0	0.0	0.0
15	protein1	7.55	3.25	2.73333335
15	protein2	0.0	1.75	1.8833333000000003
15	protein3	0.0	0.05	0.15
15	r2	0.0	0.0	0.0
15	rnapol	0.4	0.0	0.0
16	__protein1_rbs	1.5	0.0	0.0
16	__protein2_rbs	0.55	0.0	0.0
16	__protein3_rbs	0.0	0.0	0.0
16	__ribosome	86.4	0.0	0.0
16	__rnase_site_ext	3.55	0.0	0.0
16	p0	0.9	0.0	0.0
16	p1	0.85	0.0	0.0
16	p2	1.0	0.0	0.0
16	protein1	9.2	3.25	2.8041667
16	protein2	0.2	1.95	2.24166665
16	protein3	0.05	0.05	0.15
16	r2	0.35	0.0	0.0
16	rnapol	0.4	0.0	0.0
17	__protein1_rbs	1.8	0.0	0.0
17	__protein2_rbs	0.7	0.0	0.0
17	__protein3_rbs	0.05	0.0	0.0
17	__ribosome	85.2	0.0	0.0
17	__rnase_site_ext	3.55	0.0	0.0
17	p0	1.0	0.0	0.0
17	p1	0.65	0.0	0.0
17	p2	0.9	0.0	0.0
17	protein1	11.0	3.4	2.7333334
17	protein2	0.45	2.3	2.3833333
17	protein3	0.1	0.05	0.1
17	r2	0.8	0.0	0.0
17	rnapol	0.4	0.0	0.0
18	__protein1_rbs	1.3	0.0	0.0
18	__protein2_rbs	1.0	0.0	0.0
18	__protein3_rbs	0.05	0.0	0.0
18	__ribosome	84.4	0.0	0.0
18	__rnase_site_ext	3.45	0.0	0.0
18	p0	1.0	0.0	0.0
18	p1	0.8	0.0	0.0
18	p2	0.6	0.0	0.0
18	protein1	12.9	3.45	2.70833335
18	protein2	1.15	2.4	2.50000005
18	protein3	0.1	0.05	0.15
18	r2	1.1	0.0	0.0
18	rnapol	0.5	0.0	0.0
19	__protein1_rbs	0.9	0.0	0.0
19	__protein2_rbs	1.2	0.0	0.0
19	__protein3_rbs	0.0	0.0	0.0
19	__ribosome	83.05	0.0	0.0
19	__rnase_site_ext	3.45	0.0	0.0
19	p0	0.85	0.0	0.0
19	p1	0.7	0.0	0.0
19	p2	0.6	0.0	0.0
19	protein1	14.55	3.45	2.95416665
19	protein2	2.0	2.55	2.57083335
19	protein3	0.15	0.05	0.15
19	r2	1.4	0.0	0.0
19	rnapol	0.35	0.0	0.0
20	__protein1_rbs	1.55	0.0	0.0
20	__protein2_rbs	0.95	0.0	0.0
20	__protein3_rbs	0.2	0.0	0.0
20	__ribosome	82.2	0.0	0.0
20	__rnase_site_ext	3.55	0.0	0.0
20	p0	1.0	0.0	0.0
20	p1	0.55	0.0	0.0
20	p2	0.5	0.0	0.0
20	protein1	16.3	3.4	2.99833335
20	protein2	3.0	2.75	2.7
20	protein3	0.15	0.35	0.2
20	r2	1.7	0.0	0.0
20	rnapol	0.3	0.0	0.0
21	__protein1_rbs	1.25	0.0	0.0
21	__protein2_rbs	0.9	0.0	0.0
21	__protein3_rbs	0.3	0.0	0.0
21	__ribosome	80.9	0.0	0.0
21	__rnase_site_ext	3.55	0.0	0.0
21	p0	0.95	0.0	0.0
21	p1	0.7	0.0	0.0
21	p2	0.5	0.0	0.0
21	protein1	18.15	3.45	3.04666665
21	protein2	4.2	2.8	2.92499995
21	protein3	0.2	0.65	0.475
21	r2	2.0	0.0	0.0
21	rnapol	0.3	0.0	0.0
22	__protein1_rbs	1.45	0.0	0.0
22	__protein2_rbs	1.0	0.0	0.0
22	__protein3_rbs	0.35	0.0	0.0
22	__ribosome	79.9	0.0	0.0
22	__rnase_site_ext	3.55	0.0	0.0
22	p0	1.0	0.0	0.0
22	p1	0.9	0.0	0.0
22	p2	0.65	0.0	0.0
22	protein1	19.95	3.4	3.0625
22	protein2	5.6	3.1	2.8124999500000003
22	protein3	0.2	0.95	0.825
22	r2	2.2	0.0	0.0
22	rnapol	0.3	0.0	0.0
23	__protein1_rbs	1.35	0.0	0.0
23	__protein2_rbs	1.55	0.0	0.0
23	__protein3_rbs	0.55	0.0	0.0
23	__ribosome	78.55	0.0	0.0
23	__rnase_site_ext	3.55	0.0	0.0
23	p0	0.95	0.0	0.0
23	p1	0.75	0.0	0.0
23	p2	0.55	0.0	0.0
23	protein1	21.9	3.45	3.10000005
23	protein2	6.85	3.35	2.6499999
23	protein3	0.25	1.25	1.1333333
23	r2	2.3	0.0	0.0
23	rnapol	0.35	0.0	0.0
24	__protein1_rbs	1.15	0.0	0.0
24	__protein2_rbs	1.2	0.0	0.0
24	__protein3_rbs	0.45	0.0	0.0
24	__ribosome	77.35	0.0	0.0
24	__rnase_site_ext	3.65	0.0	0.0
24	p0	0.95	0.0	0.0
24	p1	0.85	0.0	0.0
24	p2	0.7	0.0	0.0
24	protein1	24.0	3.4	3.1083333
24	protein2	8.55	3.3	2.81666665
24	protein3	0.3	1.45	1.4833333
24	r2	2.5	0.0	0.0
24	rnapol	0.3	0.0	0.0
25	__protein1_rbs	1.75	0.0	0.0
25	__protein2_rbs	1.0	0.0	0.0
25	__protein3_rbs	0.7	0.0	0.0
25	__ribosome	75.9	0.0	0.0
25	__rnase_site_ext	3.6	0.0	0.0
25	p0	1.0	0.0	0.0
25	p1	0.95	0.0	0.0
25	p2	0.85	0.0	0.0
25	protein1	26.05	3.55	2.92916675
25	protein2	9.85	3.45	2.98749995
25	protein3	0.5	1.75	1.7583333
25	r2	2.75	0.0	0.0
25	rnapol	0.4	0.0	0.0
26	__protein1_rbs	1.1	0.0	0.0
26	__protein2_rbs	1.4	0.0	0.0
26	__protein3_rbs	0.9	0.0	0.0
26	__ribosome	74.65	0.0	0.0
26	__rnase_site_ext	3.6	0.0	0.0
26	p0	0.9	0.0	0.0
26	p1	0.95	0.0	0.0
26	p2	0.8	0.0	0.0
26	protein1	28.3	3.5	3.10666665
26	protein2	11.7	3.55	2.9791666
26	protein3	0.8	1.9	1.91666665
26	r2	2.85	0.0	0.0
26	rnapol	0.5	0.0	0.0
27	__protein1_rbs	1.3	0.0	0.0
27	__protein2_rbs	1.1	0.0	0.0
27	__protein3_rbs	0.85	0.0	0.0
27	__ribosome	72.85	0.0	0.0
27	__rnase_site_ext	3.8	0.0	0.0
27	p0	0.85	0.0	0.0
27	p1	0.8	0.0	0.0
27	p2	0.8	0.0	0.0
27	protein1	29.95	3.5	3.22916675
27	protein2	13.4	3.55	3.1875
27	protein3	1.3	2.05	2.1166667
27	r2	3.05	0.0	0.0
27	rnapol	0.65	0.0	0.0
28	__protein1_rbs	1.4	0.0	0.0
28	__protein2_rbs	1.55	0.0	0.0
28	__protein3_rbs	0.9	0.0	0.0
28	__ribosome	72.4	0.0	0.0
28	__rnase_site_ext	3.8	0.0	0.0
28	p0	0.95	0.0	0.0
28	p1	0.95	0.0	0.0
28	p2	0.85	0.0	0.0
28	protein1	32.15	3.7	3.00166665
28	protein2	15.35	3.55	3.1666666500000007
28	protein3	2.0	2.2	2.22916665
28	r2	3.25	0.0	0.0
28	rnapol	0.9	0.0	0.0
29	__protein1_rbs	1.35	0.0	0.0
29	__protein2_rbs	1.5	0.0	0.0
29	__protein3_rbs	1.1	0.0	0.0
29	__ribosome	72.3	0.0	0.0
29	__rnase_site_ext	3.9	0.0	0.0
29	p0	0.95	0.0	0.0
29	p1	1.0	0.0	0.0
29	p2	0.8	0.0	0.0
29	protein1	34.3	3.75	2.9725
29	protein2	17.65	3.75	2.9591667
29	protein3	3.0	2.4	2.12916665
29	r2	3.35	0.0	0.0
29	rnapol	1.25	0.0	0.0
30	__protein1_rbs	1.25	0.0	0.0
30	__protein2_rbs	1.65	0.0	0.0
30	__protein3_rbs	1.0	0.0	0.0
30	__ribosome	71.5	0.0	0.0
30	__rnase_site_ext	3.9	0.0	0.0
30	p0	0.8	0.0	0.0
30	p1	0.9	0.0	0.0
30	p2	0.55	0.0	0.0
30	protein1	36.25	3.75	3.1275000000000004
30	protein2	19.85	3.75	2.91333335
30	protein3	3.95	2.45	2.1583333
30	r2	3.5	0.0	0.0
30	rnapol	1.15	0.0	0.0
31	__protein1_rbs	1.6	0.0	0.0
31	__protein2_rbs	1.55	0.0	0.0
31	__protein3_rbs	1.2	0.0	0.0
31	__ribosome	71.25	0.0	0.0
31	__rnase_site_ext	4.1	0.0	0.0
31	p0	1.0	0.0	0.0
31	p1	0.85	0.0	0.0
31	p2	0.85	0.0	0.0
31	protein1	38.6	3.8	3.0
31	protein2	21.65	3.75	3.0025
31	protein3	5.1	2.5	2.2625
31	r2	3.65	0.0	0.0
31	rnapol	1.45	0.0	0.0
32	__protein1_rbs	1.5	0.0	0.0
32	__protein2_rbs	1.35	0.0	0.0
32	__protein3_rbs	0.9	0.0	0.0
32	__ribosome	70.6	0.0	0.0
32	__rnase_site_ext	4.2	0.0	0.0
32	p0	0.95	0.0	0.0
32	p1	0.9	0.0	0.0
32	p2	0.8	0.0	0.0
32	protein1	40.85	4.0	2.87833335
32	protein2	24.05	3.8	2.92333335
32	protein3	6.3	2.85	2.21249995
32	r2	3.65	0.0	0.0
32	rnapol	1.6	0.0	0.0
33	__protein1_rbs	1.3	0.0	0.0
33	__protein2_rbs	1.9	0.0	0.0
33	__protein3_rbs	0.95	0.0	0.0
33	__ribosome	68.7	0.0	0.0
33	__rnase_site_ext	4.3	0.0	0.0
33	p0	0.85	0.0	0.0
33	p1	0.85	0.0	0.0
33	p2	0.75	0.0	0.0
33	protein1	43.05	4.05	2.9975
33	protein2	25.85	3.9	2.9708333
33	protein3	7.3	3.0	2.52916665
33	r2	3.7	0.0	0.0
33	rnapol	1.5	0.0	0.0
34	__protein1_rbs	1.75	0.0	0.0
34	__protein2_rbs	1.85	0.0	0.0
34	__protein3_rbs	1.25	0.0	0.0
34	__ribosome	69.1	0.0	0.0
34	__rnase_site_ext	4.5	0.0	0.0
34	p0	0.8	0.0	0.0
34	p1	0.75	0.0	0.0
34	p2	1.0	0.0	0.0
34	protein1	45.25	4.1	2.93416665
34	protein2	28.25	3.95	2.89416665
34	protein3	8.8	3.05	2.48333335
34	r2	3.8	0.0	0.0
34	rnapol	1.45	0.0	0.0
35	__protein1_rbs	1.75	0.0	0.0
35	__protein2_rbs	1.5	0.0	0.0
35	__protein3_rbs	1.45	0.0	0.0
35	__ribosome	67.75	0.0	0.0
35	__rnase_site_ext	4.55	0.0	0.0
35	p0	0.8	0.0	0.0
35	p1	0.8	0.0	0.0
35	p2	0.95	0.0	0.0
35	protein1	47.45	4.25	2.79666665
35	protein2	30.3	3.95	3.03
35	protein3	9.85	3.25	2.59999995
35	r2	3.8	0.0	0.0
35	rnapol	1.45	0.0	0.0
36	__protein1_rbs	1.7	0.0	0.0
36	__protein2_rbs	1.9	0.0	0.0
36	__protein3_rbs	1.55	0.0	0.0
36	__ribosome	67.0	0.0	0.0
36	__rnase_site_ext	4.65	0.0	0.0
36	p0	0.9	0.0	0.0
36	p1	0.9	0.0	0.0
36	p2	0.9	0.0	0.0
36	protein1	49.45	4.35	2.84916665
36	protein2	32.15	4.15	2.8925
36	protein3	11.5	3.25	2.63749995
36	r2	3.8	0.0	0.0
36	rnapol	1.35	0.0	0.0
37	__protein1_rbs	1.95	0.0	0.0
37	__protein2_rbs	2.05	0.0	0.0
37	__protein3_rbs	1.25	0.0	0.0
37	__ribosome	67.2	0.0	0.0
37	__rnase_site_ext	4.75	0.0	0.0
37	p0	0.9	0.0	0.0
37	p1	0.85	0.0	0.0
37	p2	0.85	0.0	0.0
37	protein1	51.85	4.4	2.825
37	protein2	34.8	4.2	2.75916665
37	protein3	13.05	3.3	2.7208333500000004
37	r2	3.9	0.0	0.0
37	rnapol	1.3	0.0	0.0
38	__protein1_rbs	2.1	0.0	0.0
38	__protein2_rbs	2.0	0.0	0.0
38	__protein3_rbs	1.15	0.0	0.0
38	__ribosome	65.85	0.0	0.0
38	__rnase_site_ext	4.95	0.0	0.0
38	p0	0.75	0.0	0.0
38	p1	0.75	0.0	0.0
38	p2	0.95	0.0	0.0
38	protein1	53.95	4.45	2.89333335
38	protein2	36.65	4.2	2.8991667000000003
38	protein3	14.75	3.35	2.81666665
38	r2	3.85	0.0	0.0
38	rnapol	1.2	0.0	0.0
39	__protein1_rbs	1.95	0.0	0.0
39	__protein2_rbs	1.8	0.0	0.0
39	__protein3_rbs	1.75	0.0	0.0
39	__ribosome	65.3	0.0	0.0
39	__rnase_site_ext	5.15	0.0	0.0
39	p0	0.9	0.0	0.0
39	p1	0.9	0.0	0.0
39	p2	0.9	0.0	0.0
39	protein1	56.35	4.65	2.8923810000000003
39	protein2	39.05	4.2	2.91250005
39	protein3	16.35	3.5	2.66666665
39	r2	3.9	0.0	0.0
39	rnapol	1.15	0.0	0.0
40	__protein1_rbs	1.95	0.0	0.0
40	__protein2_rbs	1.85	0.0	0.0
40	__protein3_rbs	1.35	0.0	0.0
40	__ribosome	64.2	0.0	0.0
40	__rnase_site_ext	5.1	0.0	0.0
40	p0	0.95	0.0	0.0
40	p1	0.9	0.0	0.0
40	p2	0.9	0.0	0.0
40	protein1	58.5	4.85	2.93690475
40	protein2	41.55	4.35	2.8325
40	protein3	18.25	3.5	2.7625
40	r2	4.0	0.0	0.0
40	rnapol	1.4	0.0	0.0
41	__protein1_rbs	2.05	0.0	0.0
41	__protein2_rbs	1.75	0.0	0.0
41	__protein3_rbs	1.2	0.0	0.0
41	__ribosome	63.45	0.0	0.0
41	__rnase_site_ext	5.25	0.0	0.0
41	p0	0.8	0.0	0.0
41	p1	0.8	0.0	0.0
41	p2	0.95	0.0	0.0
41	protein1	60.95	4.8	2.9857143500000003
41	protein2	43.8	4.4	2.825
41	protein3	20.0	3.55	2.8791666500000006
41	r2	4.15	0.0	0.0
41	rnapol	1.3	0.0	0.0
42	__protein1_rbs	2.25	0.0	0.0
42	__protein2_rbs	1.9	0.0	0.0
42	__protein3_rbs	1.25	0.0	0.0
42	__ribosome	63.5	0.0	0.0
42	__rnase_site_ext	5.5	0.0	0.0
42	p0	0.8	0.0	0.0
42	p1	0.6	0.0	0.0
42	p2	0.9	0.0	0.0
42	protein1	63.9	4.85	2.81107145
42	protein2	46.2	4.45	2.83833335
42	protein3	21.85	3.55	2.96666665
42	r2	4.35	0.0	0.0
42	rnapol	1.05	0.0	0.0
43	__protein1_rbs	2.55	0.0	0.0
43	__protein2_rbs	2.0	0.0	0.0
43	__protein3_rbs	1.6	0.0	0.0
43	__ribosome	63.35	0.0	0.0
43	__rnase_site_ext	5.8	0.0	0.0
43	p0	0.8	0.0	0.0
43	p1	0.8	0.0	0.0
43	p2	0.75	0.0	0.0
43	protein1	66.3	5.2	2.623809500000001
43	protein2	48.75	4.45	2.795
43	protein3	23.5	3.6	2.99
43	r2	4.4	0.0	0.0
43	rnapol	0.8	0.0	0.0
44	__protein1_rbs	2.45	0.0	0.0
44	__protein2_rbs	1.8	0.0	0.0
44	__protein3_rbs	1.1	0.0	0.0
44	__ribosome	62.1	0.0	0.0
44	__rnase_site_ext	5.8	0.0	0.0
44	p0	1.0	0.0	0.0
44	p1	0.75	0.0	0.0
44	p2	0.7	0.0	0.0
44	protein1	68.9	5.4	2.6171428000000003
44	protein2	50.8	4.6	2.82666665
44	protein3	25.7	3.65	2.9999999500000003
44	r2	4.45	0.0	0.0
44	rnapol	0.95	0.0	0.0
45	__protein1_rbs	2.6	0.0	0.0
45	__protein2_rbs	2.25	0.0	0.0
45	__protein3_rbs	1.75	0.0	0.0
45	__ribosome	62.2	0.0	0.0
45	__rnase_site_ext	5.9	0.0	0.0
45	p0	0.9	0.0	0.0
45	p1	0.65	0.0	0.0
45	p2	1.0	0.0	0.0
45	protein1	71.75	5.5	2.5626189999999998
45	protein2	53.2	4.8	2.75892855
45	protein3	27.85	3.75	2.81333335
45	r2	4.6	0.0	0.0
45	rnapol	0.95	0.0	0.0
46	__protein1_rbs	2.6	0.0	0.0
46	__protein2_rbs	2.15	0.0	0.0
46	__protein3_rbs	1.45	0.0	0.0
46	__ribosome	61.6	0.0	0.0
46	__rnase_site_ext	5.95	0.0	0.0
46	p0	0.9	0.0	0.0
46	p1	0.65	0.0	0.0
46	p2	0.85	0.0	0.0
46	protein1	74.6	5.6	2.5171428
46	protein2	55.65	4.95	2.76154765
46	protein3	30.05	3.95	2.8125
46	r2	4.65	0.0	0.0
46	rnapol	0.9	0.0	0.0
47	__protein1_rbs	2.55	0.0	0.0
47	__protein2_rbs	1.75	0.0	0.0
47	__protein3_rbs	1.8	0.0	0.0
47	__ribosome	59.7	0.0	0.0
47	__rnase_site_ext	5.95	0.0	0.0
47	p0	1.0	0.0	0.0
47	p1	0.7	0.0	0.0
47	p2	0.8	0.0	0.0
47	protein1	76.75	5.65	2.6988691000000005
47	protein2	58.2	5.1	2.83833335
47	protein3	31.75	3.95	2.8625
47	r2	4.7	0.0	0.0
47	rnapol	0.95	0.0	0.0
48	__protein1_rbs	2.55	0.0	0.0
48	__protein2_rbs	2.1	0.0	0.0
48	__protein3_rbs	1.95	0.0	0.0
48	__ribosome	59.3	0.0	0.0
48	__rnase_site_ext	6.0	0.0	0.0
48	p0	0.95	0.0	0.0
48	p1	0.85	0.0	0.0
48	p2	0.85	0.0	0.0
48	protein1	79.55	5.65	2.6675001000000003
48	protein2	60.65	5.3	2.7794048
48	protein3	33.85	4.0	2.8175
48	r2	4.65	0.0	0.0
48	rnapol	0.85	0.0	0.0
49	__protein1_rbs	2.35	0.0	0.0
49	__protein2_rbs	2.45	0.0	0.0
49	__protein3_rbs	2.3	0.0	0.0
49	__ribosome	59.35	0.0	0.0
49	__rnase_site_ext	6.0	0.0	0.0
49	p0	0.95	0.0	0.0
49	p1	0.65	0.0	0.0
49	p2	0.9	0.0	0.0
49	protein1	82.35	5.65	2.7388096000000006
49	protein2	63.15	5.5	2.7241667
49	protein3	36.2	4.15	2.52666665
49	r2	4.75	0.0	0.0
49	rnapol	0.85	0.0	0.0
50	__protein1_rbs	2.5	0.0	0.0
50	__protein2_rbs	2.45	0.0	0.0
50	__protein3_rbs	1.7	0.0	0.0
50	__ribosome	58.35	0.0	0.0
50	__rnase_site_ext	6.05	0.0	0.0
50	p0	0.95	0.0	0.0
50	p1	0.65	0.0	0.0
50	p2	0.85	0.0	0.0
50	protein1	85.25	5.7	2.75148815
50	protein2	66.05	5.5	2.75035715
50	protein3	38.05	4.2	2.6475000000000004
50	r2	4.9	0.0	0.0
50	rnapol	0.85	0.0	0.0
51	__protein1_rbs	2.6	0.0	0.0
51	__protein2_rbs	2.25	0.0	0.0
51	__protein3_rbs	2.15	0.0	0.0
51	__ribosome	57.9	0.0	0.0
51	__rnase_site_ext	5.95	0.0	0.0
51	p0	0.9	0.0	0.0
51	p1	0.75	0.0	0.0
51	p2	0.8	0.0	0.0
51	protein1	88.3	5.75	2.72625005
51	protein2	68.75	5.65	2.804166700000001
51	protein3	40.4	4.25	2.5883333000000004
51	r2	5.1	0.0	0.0
51	rnapol	0.9	0.0	0.0
52	__protein1_rbs	2.4	0.0	0.0
52	__protein2_rbs	2.6	0.0	0.0
52	__protein3_rbs	2.15	0.0	0.0
52	__ribosome	57.3	0.0	0.0
52	__rnase_site_ext	6.05	0.0	0.0
52	p0	0.9	0.0	0.0
52	p1	0.95	0.0	0.0
52	p2	0.75	0.0	0.0
52	protein1	90.95	5.65	2.82672615
52	protein2	71.65	5.9	2.7466071
52	protein3	42.65	4.35	2.5275
52	r2	5.3	0.0	0.0
52	rnapol	1.1	0.0	0.0
53	__protein1_rbs	2.7	0.0	0.0
53	__protein2_rbs	2.75	0.0	0.0
53	__protein3_rbs	2.35	0.0	0.0
53	__ribosome	57.5	0.0	0.0
53	__rnase_site_ext	6.1	0.0	0.0
53	p0	0.9	0.0	0.0
53	p1	0.9	0.0	0.0
53	p2	0.75	0.0	0.0
53	protein1	94.3	5.7	2.7241667000000005
53	protein2	74.65	6.05	2.7417261500000003
53	protein3	44.6	4.4	2.4586905
53	r2	5.45	0.0	0.0
53	rnapol	1.0	0.0	0.0
54	__protein1_rbs	2.9	0.0	0.0
54	__protein2_rbs	2.65	0.0	0.0
54	__protein3_rbs	1.65	0.0	0.0
54	__ribosome	57.1	0.0	0.0
54	__rnase_site_ext	6.1	0.0	0.0
54	p0	0.95	0.0	0.0
54	p1	0.85	0.0	0.0
54	p2	0.65	0.0	0.0
54	protein1	97.4	5.7	2.6328570999999994
54	protein2	77.7	6.0	2.7476786
54	protein3	46.5	4.55	2.6201190500000004
54	r2	5.6	0.0	0.0
54	rnapol	1.05	0.0	0.0
55	__protein1_rbs	2.7	0.0	0.0
55	__protein2_rbs	2.65	0.0	0.0
55	__protein3_rbs	2.15	0.0	0.0
55	__ribosome	56.25	0.0	0.0
55	__rnase_site_ext	6.0	0.0	0.0
55	p0	0.95	0.0	0.0
55	p1	0.9	0.0	0.0
55	p2	0.8	0.0	0.0
55	protein1	100.1	5.8	2.6494047999999997
55	protein2	80.9	5.95	2.81630955
55	protein3	48.8	4.65	2.6287499500000004
55	r2	5.6	0.0	0.0
55	rnapol	1.1	0.0	0.0
56	__protein1_rbs	2.7	0.0	0.0
56	__protein2_rbs	2.8	0.0	0.0
56	__protein3_rbs	2.0	0.0	0.0
56	__ribosome	55.75	0.0	0.0
56	__rnase_site_ext	6.2	0.0	0.0
56	p0	0.8	0.0	0.0
56	p1	0.85	0.0	0.0
56	p2	0.75	0.0	0.0
56	protein1	103.1	5.75	2.6614285
56	protein2	84.1	6.1	2.76238095
56	protein3	50.95	4.75	2.7054167000000002
56	r2	5.75	0.0	0.0
56	rnapol	1.0	0.0	0.0
57	__protein1_rbs	2.45	0.0	0.0
57	__protein2_rbs	2.95	0.0	0.0
57	__protein3_rbs	2.3	0.0	0.0
57	__ribosome	55.7	0.0	0.0
57	__rnase_site_ext	6.15	0.0	0.0
57	p0	0.95	0.0	0.0
57	p1	0.85	0.0	0.0
57	p2	0.85	0.0	0.0
57	protein1	106.3	5.8	2.62726185
57	protein2	87.3	6.05	2.7227976000000003
57	protein3	52.9	4.85	2.6929166500000004
57	r2	6.1	0.0	0.0
57	rnapol	1.05	0.0	0.0
58	__protein1_rbs	2.7	0.0	0.0
58	__protein2_rbs	2.7	0.0	0.0
58	__protein3_rbs	2.2	0.0	0.0
58	__ribosome	54.5	0.0	0.0
58	__rnase_site_ext	6.3	0.0	0.0
58	p0	0.85	0.0	0.0
58	p1	0.85	0.0	0.0
58	p2	0.9	0.0	0.0
58	protein1	109.2	5.95	2.6538690500000004
58	protein2	90.4	6.05	2.76833335
58	protein3	55.05	4.95	2.75619045
58	r2	6.2	0.0	0.0
58	rnapol	0.9	0.0	0.0
59	__protein1_rbs	2.9	0.0	0.0
59	__protein2_rbs	2.7	0.0	0.0
59	__protein3_rbs	2.5	0.0	0.0
59	__ribosome	54.6	0.0	0.0
59	__rnase_site_ext	6.45	0.0	0.0
59	p0	0.8	0.0	0.0
59	p1	0.85	0.0	0.0
59	p2	0.6	0.0	0.0
59	protein1	112.35	6.15	2.5100793500000003
59	protein2	93.6	6.1	2.77773815
59	protein3	57.8	5.05	2.6645238499999992
59	r2	6.25	0.0	0.0
59	rnapol	0.8	0.0	0.0
60	__protein1_rbs	2.7	0.0	0.0
60	__protein2_rbs	2.4	0.0	0.0
60	__protein3_rbs	2.15	0.0	0.0
60	__ribosome	53.3	0.0	0.0
60	__rnase_site_ext	6.55	0.0	0.0
60	p0	0.95	0.0	0.0
60	p1	0.8	0.0	0.0
60	p2	0.7	0.0	0.0
60	protein1	114.8	6.2	2.62456345
60	protein2	96.8	6.2	2.7569047
60	protein3	60.45	5.1	2.6445239
60	r2	6.3	0.0	0.0
60	rnapol	1.0	0.0	0.0
61	__protein1_rbs	2.7	0.0	0.0
61	__protein2_rbs	2.9	0.0	0.0
61	__protein3_rbs	2.25	0.0	0.0
61	__ribosome	52.45	0.0	0.0
61	__rnase_site_ext	6.75	0.0	0.0
61	p0	0.8	0.0	0.0
61	p1	0.85	0.0	0.0
61	p2	0.95	0.0	0.0
61	protein1	117.55	6.3	2.6813095000000002
61	protein2	100.4	6.3	2.6631943500000004
61	protein3	62.8	5.45	2.612142850000001
61	r2	6.45	0.0	0.0
61	rnapol	0.75	0.0	0.0
62	__protein1_rbs	3.1	0.0	0.0
62	__protein2_rbs	2.95	0.0	0.0
62	__protein3_rbs	2.7	0.0	0.0
62	__ribosome	52.3	0.0	0.0
62	__rnase_site_ext	6.85	0.0	0.0
62	p0	0.95	0.0	0.0
62	p1	0.95	0.0	0.0
62	p2	0.85	0.0	0.0
62	protein1	121.1	6.4	2.6006547499999995
62	protein2	103.35	6.3	2.7154564500000005
62	protein3	65.15	5.55	2.5916667
62	r2	6.45	0.0	0.0
62	rnapol	0.95	0.0	0.0
63	__protein1_rbs	3.35	0.0	0.0
63	__protein2_rbs	2.6	0.0	0.0
63	__protein3_rbs	2.25	0.0	0.0
63	__ribosome	52.05	0.0	0.0
63	__rnase_site_ext	6.9	0.0	0.0
63	p0	0.95	0.0	0.0
63	p1	0.7	0.0	0.0
63	p2	0.8	0.0	0.0
63	protein1	124.45	6.6	2.480496
63	protein2	106.6	6.4	2.78349215
63	protein3	68.25	5.55	2.6208333500000003
63	r2	6.5	0.0	0.0
63	rnapol	1.1	0.0	0.0
64	__protein1_rbs	2.85	0.0	0.0
64	__protein2_rbs	3.7	0.0	0.0
64	__protein3_rbs	2.95	0.0	0.0
64	__ribosome	51.5	0.0	0.0
64	__rnase_site_ext	7.0	0.0	0.0
64	p0	0.9	0.0	0.0
64	p1	0.75	0.0	0.0
64	p2	0.85	0.0	0.0
64	protein1	127.25	6.65	2.60924605
64	protein2	109.85	6.45	2.63819445
64	protein3	70.8	5.6	2.651309499999999
64	r2	6.6	0.0	0.0
64	rnapol	1.0	0.0	0.0
65	__protein1_rbs	3.55	0.0	0.0
65	__protein2_rbs	3.3	0.0	0.0
65	__protein3_rbs	2.1	0.0	0.0
65	__ribosome	50.95	0.0	0.0
65	__rnase_site_ext	7.1	0.0	0.0
65	p0	0.75	0.0	0.0
65	p1	0.75	0.0	0.0
65	p2	0.95	0.0	0.0
65	protein1	130.65	6.7	2.5369047000000005
65	protein2	113.25	6.6	2.5565278
65	protein3	73.1	5.65	2.8083333999999995
65	r2	6.45	0.0	0.0
65	rnapol	0.85	0.0	0.0
66	__protein1_rbs	3.25	0.0	0.0
66	__protein2_rbs	2.7	0.0	0.0
66	__protein3_rbs	2.55	0.0	0.0
66	__ribosome	51.0	0.0	0.0
66	__rnase_site_ext	7.05	0.0	0.0
66	p0	0.95	0.0	0.0
66	p1	0.7	0.0	0.0
66	p2	0.9	0.0	0.0
66	protein1	133.85	6.75	2.5203373
66	protein2	116.6	6.65	2.5958929
66	protein3	76.3	5.8	2.6291071500000003
66	r2	6.45	0.0	0.0
66	rnapol	0.9	0.0	0.0
67	__protein1_rbs	3.45	0.0	0.0
67	__protein2_rbs	3.7	0.0	0.0
67	__protein3_rbs	3.05	0.0	0.0
67	__ribosome	51.3	0.0	0.0
67	__rnase_site_ext	7.05	0.0	0.0
67	p0	1.0	0.0	0.0
67	p1	0.7	0.0	0.0
67	p2	0.85	0.0	0.0
67	protein1	137.0	6.7	2.5685715
67	protein2	119.8	6.75	2.48636905
67	protein3	78.9	5.85	2.6039881000000005
67	r2	6.6	0.0	0.0
67	rnapol	1.15	0.0	0.0
68	__protein1_rbs	2.7	0.0	0.0
68	__protein2_rbs	3.0	0.0	0.0
68	__protein3_rbs	3.0	0.0	0.0
68	__ribosome	51.0	0.0	0.0
68	__rnase_site_ext	7.1	0.0	0.0
68	p0	0.9	0.0	0.0
68	p1	0.75	0.0	0.0
68	p2	0.95	0.0	0.0
68	protein1	140.2	6.65	2.6628770000000004
68	protein2	123.35	6.65	2.51492065
68	protein3	82.2	5.85	2.5125596000000003
68	r2	6.65	0.0	0.0
68	rnapol	1.3	0.0	0.0
69	__protein1_rbs	3.0	0.0	0.0
69	__protein2_rbs	3.65	0.0	0.0
69	__protein3_rbs	3.05	0.0	0.0
69	__ribosome	51.0	0.0	0.0
69	__rnase_site_ext	7.15	0.0	0.0
69	p0	0.85	0.0	0.0
69	p1	0.75	0.0	0.0
69	p2	0.9	0.0	0.0
69	protein1	143.8	6.7	2.59051585
69	protein2	126.1	6.9	2.4873015
69	protein3	85.05	5.95	2.4494047
69	r2	6.55	0.0	0.0
69	rnapol	1.2	0.0	0.0
70	__protein1_rbs	3.3	0.0	0.0
70	__protein2_rbs	3.55	0.0	0.0
70	__protein3_rbs	2.35	0.0	0.0
70	__ribosome	50.25	0.0	0.0
70	__rnase_site_ext	7.55	0.0	0.0
70	p0	0.75	0.0	0.0
70	p1	0.8	0.0	0.0
70	p2	0.85	0.0	0.0
70	protein1	146.95	6.75	2.6311905
70	protein2	129.55	7.0	2.4457341
70	protein3	88.1	6.0	2.52291665
70	r2	6.7	0.0	0.0
70	rnapol	1.0	0.0	0.0
71	__protein1_rbs	3.75	0.0	0.0
71	__protein2_rbs	3.3	0.0	0.0
71	__protein3_rbs	2.9	0.0	0.0
71	__ribosome	49.9	0.0	0.0
71	__rnase_site_ext	7.5	0.0	0.0
71	p0	0.85	0.0	0.0
71	p1	0.8	0.0	0.0
71	p2	0.95	0.0	0.0
71	protein1	150.35	7.15	2.43815475
71	protein2	132.85	7.15	2.4929564
71	protein3	90.75	5.95	2.5810714
71	r2	6.9	0.0	0.0
71	rnapol	0.95	0.0	0.0
72	__protein1_rbs	3.55	0.0	0.0
72	__protein2_rbs	3.55	0.0	0.0
72	__protein3_rbs	3.05	0.0	0.0
72	__ribosome	49.4	0.0	0.0
72	__rnase_site_ext	7.65	0.0	0.0
72	p0	0.85	0.0	0.0
72	p1	0.75	0.0	0.0
72	p2	0.75	0.0	0.0
72	protein1	153.8	7.15	2.5028968
72	protein2	136.15	7.15	2.5169048
72	protein3	93.45	6.0	2.5568452
72	r2	6.95	0.0	0.0
72	rnapol	0.95	0.0	0.0
73	__protein1_rbs	3.3	0.0	0.0
73	__protein2_rbs	3.4	0.0	0.0
73	__protein3_rbs	2.9	0.0	0.0
73	__ribosome	48.35	0.0	0.0
73	__rnase_site_ext	7.7	0.0	0.0
73	p0	0.9	0.0	0.0
73	p1	0.75	0.0	0.0
73	p2	0.7	0.0	0.0
73	protein1	156.9	7.35	2.5380158500000003
73	protein2	139.35	7.25	2.5195039500000003
73	protein3	96.4	5.95	2.6188691000000004
73	r2	6.95	0.0	0.0
73	rnapol	0.9	0.0	0.0
74	__protein1_rbs	3.7	0.0	0.0
74	__protein2_rbs	3.75	0.0	0.0
74	__protein3_rbs	2.95	0.0	0.0
74	__ribosome	49.0	0.0	0.0
74	__rnase_site_ext	7.75	0.0	0.0
74	p0	0.85	0.0	0.0
74	p1	0.85	0.0	0.0
74	p2	0.8	0.0	0.0
74	protein1	160.85	7.35	2.44067455
74	protein2	142.85	7.25	2.4881944500000004
74	protein3	99.45	5.85	2.6746428999999994
74	r2	7.25	0.0	0.0
74	rnapol	0.75	0.0	0.0
75	__protein1_rbs	3.35	0.0	0.0
75	__protein2_rbs	3.65	0.0	0.0
75	__protein3_rbs	3.0	0.0	0.0
75	__ribosome	48.95	0.0	0.0
75	__rnase_site_ext	7.85	0.0	0.0
75	p0	0.85	0.0	0.0
75	p1	0.85	0.0	0.0
75	p2	0.85	0.0	0.0
75	protein1	164.35	7.45	2.4369841
75	protein2	146.2	7.4	2.4743056
75	protein3	102.9	6.1	2.4830952
75	r2	7.3	0.0	0.0
75	rnapol	0.85	0.0	0.0
76	__protein1_rbs	3.3	0.0	0.0
76	__protein2_rbs	4.15	0.0	0.0
76	__protein3_rbs	3.0	0.0	0.0
76	__ribosome	48.35	0.0	0.0
76	__rnase_site_ext	8.0	0.0	0.0
76	p0	0.9	0.0	0.0
76	p1	0.8	0.0	0.0
76	p2	0.7	0.0	0.0
76	protein1	167.5	7.65	2.4572221
76	protein2	150.0	7.45	2.337658750000001
76	protein3	105.6	6.2	2.5439881
76	r2	7.55	0.0	0.0
76	rnapol	0.7	0.0	0.0
77	__protein1_rbs	3.9	0.0	0.0
77	__protein2_rbs	4.15	0.0	0.0
77	__protein3_rbs	2.75	0.0	0.0
77	__ribosome	47.9	0.0	0.0
77	__rnase_site_ext	8.05	0.0	0.0
77	p0	0.9	0.0	0.0
77	p1	0.6	0.0	0.0
77	p2	0.8	0.0	0.0
77	protein1	171.2	7.6	2.48259735
77	protein2	153.05	7.45	2.3932540500000004
77	protein3	108.65	6.25	2.57083335
77	r2	7.55	0.0	0.0
77	rnapol	0.8	0.0	0.0
78	__protein1_rbs	3.7	0.0	0.0
78	__protein2_rbs	3.85	0.0	0.0
78	__protein3_rbs	3.15	0.0	0.0
78	__ribosome	47.15	0.0	0.0
78	__rnase_site_ext	8.1	0.0	0.0
78	p0	0.9	0.0	0.0
78	p1	0.65	0.0	0.0
78	p2	0.75	0.0	0.0
78	protein1	174.95	7.65	2.49497835
78	protein2	156.85	7.55	2.31196425
78	protein3	111.0	6.45	2.5980357000000005
78	r2	7.65	0.0	0.0
78	rnapol	0.7	0.0	0.0
79	__protein1_rbs	3.45	0.0	0.0
79	__protein2_rbs	3.9	0.0	0.0
79	__protein3_rbs	3.1	0.0	0.0
79	__ribosome	45.65	0.0	0.0
79	__rnase_site_ext	8.05	0.0	0.0
79	p0	1.0	0.0	0.0
79	p1	0.75	0.0	0.0
79	p2	0.9	0.0	0.0
79	protein1	178.0	7.85	2.59997835
79	protein2	160.15	7.7	2.33886905
79	protein3	114.3	6.55	2.5097023499999995
79	r2	7.6	0.0	0.0
79	rnapol	0.75	0.0	0.0
80	__protein1_rbs	3.85	0.0	0.0
80	__protein2_rbs	4.0	0.0	0.0
80	__protein3_rbs	3.25	0.0	0.0
80	__ribosome	45.6	0.0	0.0
80	__rnase_site_ext	8.05	0.0	0.0
80	p0	0.95	0.0	0.0
80	p1	0.85	0.0	0.0
80	p2	0.8	0.0	0.0
80	protein1	181.55	7.75	2.6086598999999997
80	protein2	163.6	7.95	2.27887085
80	protein3	117.65	6.7	2.46698405
80	r2	7.6	0.0	0.0
80	rnapol	0.8	0.0	0.0
81	__protein1_rbs	3.45	0.0	0.0
81	__protein2_rbs	3.8	0.0	0.0
81	__protein3_rbs	3.5	0.0	0.0
81	__ribosome	44.2	0.0	0.0
81	__rnase_site_ext	8.2	0.0	0.0
81	p0	0.85	0.0	0.0
81	p1	0.9	0.0	0.0
81	p2	0.8	0.0	0.0
81	protein1	185.15	7.8	2.6580645
81	protein2	166.95	8.1	2.3398664
81	protein3	120.5	6.7	2.4830753500000005
81	r2	7.7	0.0	0.0
81	rnapol	0.8	0.0	0.0
82	__protein1_rbs	4.45	0.0	0.0
82	__protein2_rbs	4.1	0.0	0.0
82	__protein3_rbs	3.7	0.0	0.0
82	__ribosome	44.75	0.0	0.0
82	__rnase_site_ext	8.4	0.0	0.0
82	p0	0.8	0.0	0.0
82	p1	0.65	0.0	0.0
82	p2	0.8	0.0	0.0
82	protein1	189.3	7.8	2.5634235500000004
82	protein2	170.3	8.2	2.37855695
82	protein3	123.9	6.85	2.3440675000000004
82	r2	7.8	0.0	0.0
82	rnapol	0.75	0.0	0.0
83	__protein1_rbs	4.8	0.0	0.0
83	__protein2_rbs	4.55	0.0	0.0
83	__protein3_rbs	3.85	0.0	0.0
83	__ribosome	45.2	0.0	0.0
83	__rnase_site_ext	8.45	0.0	0.0
83	p0	0.95	0.0	0.0
83	p1	0.65	0.0	0.0
83	p2	0.85	0.0	0.0
83	protein1	192.9	7.95	2.47703095
83	protein2	173.7	8.05	2.44061875
83	protein3	127.2	6.95	2.2738888999999998
83	r2	7.85	0.0	0.0
83	rnapol	0.85	0.0	0.0
84	__protein1_rbs	4.3	0.0	0.0
84	__protein2_rbs	3.8	0.0	0.0
84	__protein3_rbs	3.6	0.0	0.0
84	__ribosome	45.25	0.0	0.0
84	__rnase_site_ext	8.65	0.0	0.0
84	p0	0.75	0.0	0.0
84	p1	0.7	0.0	0.0
84	p2	0.9	0.0	0.0
84	protein1	197.75	8.1	2.3364520000000004
84	protein2	177.05	8.15	2.5017874499999992
84	protein3	130.4	6.95	2.2582738000000004
84	r2	7.95	0.0	0.0
84	rnapol	0.8	0.0	0.0
85	__protein1_rbs	3.9	0.0	0.0
85	__protein2_rbs	4.55	0.0	0.0
85	__protein3_rbs	3.5	0.0	0.0
85	__ribosome	44.6	0.0	0.0
85	__rnase_site_ext	8.7	0.0	0.0
85	p0	0.95	0.0	0.0
85	p1	0.8	0.0	0.0
85	p2	0.9	0.0	0.0
85	protein1	201.1	8.2	2.38379865
85	protein2	181.0	8.2	2.44997835
85	protein3	133.55	7.0	2.2988293
85	r2	8.15	0.0	0.0
85	rnapol	0.85	0.0	0.0
86	__protein1_rbs	4.6	0.0	0.0
86	__protein2_rbs	4.3	0.0	0.0
86	__protein3_rbs	4.2	0.0	0.0
86	__ribosome	45.95	0.0	0.0
86	__rnase_site_ext	8.7	0.0	0.0
86	p0	0.9	0.0	0.0
86	p1	1.0	0.0	0.0
86	p2	0.7	0.0	0.0
86	protein1	205.25	8.3	2.3101425000000004
86	protein2	185.55	8.2	2.37962115
86	protein3	136.45	7.1	2.2647817000000003
86	r2	8.25	0.0	0.0
86	rnapol	1.0	0.0	0.0
87	__protein1_rbs	3.95	0.0	0.0
87	__protein2_rbs	3.85	0.0	0.0
87	__protein3_rbs	3.35	0.0	0.0
87	__ribosome	44.75	0.0	0.0
87	__rnase_site_ext	8.7	0.0	0.0
87	p0	0.9	0.0	0.0
87	p1	0.9	0.0	0.0
87	p2	0.55	0.0	0.0
87	protein1	209.1	8.3	2.3674692999999998
87	protein2	189.2	8.4	2.3918488000000004
87	protein3	139.9	6.95	2.32438495
87	r2	8.4	0.0	0.0
87	rnapol	1.05	0.0	0.0
88	__protein1_rbs	4.65	0.0	0.0
88	__protein2_rbs	5.0	0.0	0.0
88	__protein3_rbs	3.45	0.0	0.0
88	__ribosome	43.85	0.0	0.0
88	__rnase_site_ext	8.65	0.0	0.0
88	p0	0.95	0.0	0.0
88	p1	0.8	0.0	0.0
88	p2	0.75	0.0	0.0
88	protein1	212.45	8.45	2.3866666000000003
88	protein2	192.85	8.35	2.3939502
88	protein3	142.55	7.0	2.4037102500000005
88	r2	8.3	0.0	0.0
88	rnapol	1.05	0.0	0.0
89	__protein1_rbs	4.3	0.0	0.0
89	__protein2_rbs	4.7	0.0	0.0
89	__protein3_rbs	4.0	0.0	0.0
89	__ribosome	44.05	0.0	0.0
89	__rnase_site_ext	8.8	0.0	0.0
89	p0	0.8	0.0	0.0
89	p1	0.8	0.0	0.0
89	p2	0.8	0.0	0.0
89	protein1	216.05	8.4	2.4692459000000007
89	protein2	196.8	8.4	2.365629600000001
89	protein3	146.15	7.25	2.2257936499999995
89	r2	8.35	0.0	0.0
89	rnapol	1.0	0.0	0.0
90	__protein1_rbs	3.8	0.0	0.0
90	__protein2_rbs	4.8	0.0	0.0
90	__protein3_rbs	3.85	0.0	0.0
90	__ribosome	43.4	0.0	0.0
90	__rnase_site_ext	8.95	0.0	0.0
90	p0	0.7	0.0	0.0
90	p1	0.75	0.0	0.0
90	p2	0.85	0.0	0.0
90	protein1	220.05	8.4	2.4904364999999995
90	protein2	200.6	8.45	2.3251533500000003
90	protein3	149.0	7.4	2.26623005
90	r2	8.45	0.0	0.0
90	rnapol	0.8	0.0	0.0
91	__protein1_rbs	4.9	0.0	0.0
91	__protein2_rbs	4.45	0.0	0.0
91	__protein3_rbs	3.7	0.0	0.0
91	__ribosome	42.45	0.0	0.0
91	__rnase_site_ext	9.2	0.0	0.0
91	p0	0.9	0.0	0.0
91	p1	0.75	0.0	0.0
91	p2	0.85	0.0	0.0
91	protein1	223.9	8.6	2.3856854
91	protein2	204.55	8.55	2.3170075500000005
91	protein3	151.65	7.3	2.42444445
91	r2	8.65	0.0	0.0
91	rnapol	0.85	0.0	0.0
92	__protein1_rbs	4.7	0.0	0.0
92	__protein2_rbs	4.0	0.0	0.0
92	__protein3_rbs	3.55	0.0	0.0
92	__ribosome	42.0	0.0	0.0
92	__rnase_site_ext	9.25	0.0	0.0
92	p0	0.9	0.0	0.0
92	p1	0.75	0.0	0.0
92	p2	0.65	0.0	0.0
92	protein1	227.95	8.85	2.3237607999999996
92	protein2	208.7	8.65	2.35190115
92	protein3	155.6	7.4	2.3778174
92	r2	8.8	0.0	0.0
92	rnapol	0.95	0.0	0.0
93	__protein1_rbs	4.2	0.0	0.0
93	__protein2_rbs	4.5	0.0	0.0
93	__protein3_rbs	4.3	0.0	0.0
93	__ribosome	41.15	0.0	0.0
93	__rnase_site_ext	9.15	0.0	0.0
93	p0	0.95	0.0	0.0
93	p1	0.9	0.0	0.0
93	p2	0.65	0.0	0.0
93	protein1	231.6	8.9	2.3599188
93	protein2	212.55	8.75	2.3466468000000003
93	protein3	158.75	7.45	2.3907936000000003
93	r2	8.85	0.0	0.0
93	rnapol	0.85	0.0	0.0
94	__protein1_rbs	4.75	0.0	0.0
94	__protein2_rbs	4.15	0.0	0.0
94	__protein3_rbs	4.15	0.0	0.0
94	__ribosome	40.9	0.0	0.0
94	__rnase_site_ext	9.2	0.0	0.0
94	p0	0.8	0.0	0.0
94	p1	0.8	0.0	0.0
94	p2	0.9	0.0	0.0
94	protein1	235.85	8.85	2.3505664
94	protein2	216.5	8.85	2.3693849500000006
94	protein3	161.8	7.5	2.3950992
94	r2	8.7	0.0	0.0
94	rnapol	0.85	0.0	0.0
95	__protein1_rbs	5.05	0.0	0.0
95	__protein2_rbs	5.0	0.0	0.0
95	__protein3_rbs	3.9	0.0	0.0
95	__ribosome	40.45	0.0	0.0
95	__rnase_site_ext	9.3	0.0	0.0
95	p0	0.95	0.0	0.0
95	p1	0.9	0.0	0.0
95	p2	1.0	0.0	0.0
95	protein1	240.15	8.95	2.2720148000000004
95	protein2	219.95	8.8	2.4447818000000003
95	protein3	165.15	7.75	2.3749008
95	r2	8.8	0.0	0.0
95	rnapol	1.0	0.0	0.0
96	__protein1_rbs	5.2	0.0	0.0
96	__protein2_rbs	4.55	0.0	0.0
96	__protein3_rbs	4.45	0.0	0.0
96	__ribosome	39.95	0.0	0.0
96	__rnase_site_ext	9.4	0.0	0.0
96	p0	0.85	0.0	0.0
96	p1	0.85	0.0	0.0
96	p2	0.95	0.0	0.0
96	protein1	243.7	9.0	2.3173485
96	protein2	223.8	8.8	2.5196193500000006
96	protein3	168.95	7.8	2.3167604
96	r2	8.7	0.0	0.0
96	rnapol	1.1	0.0	0.0
97	__protein1_rbs	5.1	0.0	0.0
97	__protein2_rbs	4.9	0.0	0.0
97	__protein3_rbs	3.2	0.0	0.0
97	__ribosome	40.5	0.0	0.0
97	__rnase_site_ext	9.4	0.0	0.0
97	p0	1.0	0.0	0.0
97	p1	0.5	0.0	0.0
97	p2	0.85	0.0	0.0
97	protein1	247.6	9.1	2.28366155
97	protein2	227.9	8.85	2.4356204500000005
97	protein3	173.2	7.7	2.3237499500000003
97	r2	8.75	0.0	0.0
97	rnapol	1.15	0.0	0.0
98	__protein1_rbs	5.5	0.0	0.0
98	__protein2_rbs	5.05	0.0	0.0
98	__protein3_rbs	3.75	0.0	0.0
98	__ribosome	41.15	0.0	0.0
98	__rnase_site_ext	9.45	0.0	0.0
98	p0	0.85	0.0	0.0
98	p1	0.55	0.0	0.0
98	p2	0.8	0.0	0.0
98	protein1	252.2	9.1	2.1700234
98	protein2	232.15	8.8	2.4091685000000003
98	protein3	176.2	7.7	2.3940169
98	r2	8.8	0.0	0.0
98	rnapol	1.05	0.0	0.0
99	__protein1_rbs	5.05	0.0	0.0
99	__protein2_rbs	4.85	0.0	0.0
99	__protein3_rbs	4.75	0.0	0.0
99	__ribosome	41.45	0.0	0.0
99	__rnase_site_ext	9.4	0.0	0.0
99	p0	0.95	0.0	0.0
99	p1	0.8	0.0	0.0
99	p2	0.75	0.0	0.0
99	protein1	255.85	9.15	2.2434741
99	protein2	236.65	9.0	2.2826371
99	protein3	179.4	7.75	2.3278824500000006
99	r2	8.85	0.0	0.0
99	rnapol	1.05	0.0	0.0
100	__protein1_rbs	5.2	0.0	0.0
100	__protein2_rbs	5.25	0.0	0.0
100	__protein3_rbs	4.25	0.0	0.0
100	__ribosome	42.05	0.0	0.0
100	__rnase_site_ext	9.5	0.0	0.0
100	p0	0.85	0.0	0.0
100	p1	0.8	0.0	0.0
100	p2	0.85	0.0	0.0
100	protein1	259.75	9.05	2.2657053
100	protein2	240.7	9.35	2.1661922499999995
100	protein3	183.3	7.9	2.22102275
100	r2	9.05	0.0	0.0
100	rnapol	1.1	0.0	0.0
101	__protein1_rbs	4.55	0.0	0.0
101	__protein2_rbs	5.8	0.0	0.0
101	__protein3_rbs	4.0	0.0	0.0
101	__ribosome	42.0	0.0	0.0
101	__rnase_site_ext	9.55	0.0	0.0
101	p0	0.85	0.0	0.0
101	p1	0.85	0.0	0.0
101	p2	0.8	0.0	0.0
101	protein1	263.9	9.05	2.2632053
101	protein2	245.15	9.45	2.05035895
101	protein3	186.3	7.9	2.3686219
101	r2	9.1	0.0	0.0
101	rnapol	1.1	0.0	0.0
102	__protein1_rbs	5.0	0.0	0.0
102	__protein2_rbs	4.8	0.0	0.0
102	__protein3_rbs	4.45	0.0	0.0
102	__ribosome	41.05	0.0	0.0
102	__rnase_site_ext	9.6	0.0	0.0
102	p0	0.9	0.0	0.0
102	p1	0.8	0.0	0.0
102	p2	0.75	0.0	0.0
102	protein1	268.0	9.15	2.22088385
102	protein2	248.8	9.6	2.15265515
102	protein3	190.3	7.9	2.32534825
102	r2	9.15	0.0	0.0
102	rnapol	1.1	0.0	0.0
103	__protein1_rbs	4.8	0.0	0.0
103	__protein2_rbs	5.5	0.0	0.0
103	__protein3_rbs	4.25	0.0	0.0
103	__ribosome	40.0	0.0	0.0
103	__rnase_site_ext	9.55	0.0	0.0
103	p0	0.85	0.0	0.0
103	p1	0.85	0.0	0.0
103	p2	0.85	0.0	0.0
103	protein1	271.65	9.3	2.2406438500000005
103	protein2	252.6	9.65	2.2204688999999997
103	protein3	194.0	7.85	2.32401875
103	r2	9.1	0.0	0.0
103	rnapol	0.95	0.0	0.0
104	__protein1_rbs	4.75	0.0	0.0
104	__protein2_rbs	5.5	0.0	0.0
104	__protein3_rbs	4.7	0.0	0.0
104	__ribosome	39.4	0.0	0.0
104	__rnase_site_ext	9.8	0.0	0.0
104	p0	0.9	0.0	0.0
104	p1	0.8	0.0	0.0
104	p2	0.85	0.0	0.0
104	protein1	275.5	9.25	2.3277741
104	protein2	256.75	9.65	2.2351857499999994
104	protein3	197.25	7.95	2.26637275
104	r2	9.35	0.0	0.0
104	rnapol	0.75	0.0	0.0
105	__protein1_rbs	4.75	0.0	0.0
105	__protein2_rbs	5.25	0.0	0.0
105	__protein3_rbs	4.2	0.0	0.0
105	__ribosome	37.95	0.0	0.0
105	__rnase_site_ext	9.9	0.0	0.0
105	p0	0.9	0.0	0.0
105	p1	0.85	0.0	0.0
105	p2	0.9	0.0	0.0
105	protein1	279.3	9.5	2.32312045
105	protein2	260.3	9.7	2.3114177000000002
105	protein3	200.8	7.9	2.2891667
105	r2	9.5	0.0	0.0
105	rnapol	0.75	0.0	0.0
106	__protein1_rbs	5.0	0.0	0.0
106	__protein2_rbs	5.3	0.0	0.0
106	__protein3_rbs	4.4	0.0	0.0
106	__ribosome	38.65	0.0	0.0
106	__rnase_site_ext	9.95	0.0	0.0
106	p0	0.9	0.0	0.0
106	p1	0.75	0.0	0.0
106	p2	0.7	0.0	0.0
106	protein1	283.5	9.55	2.31974375
106	protein2	264.8	9.75	2.2901479
106	protein3	204.85	8.0	2.2019643
106	r2	9.7	0.0	0.0
106	rnapol	0.85	0.0	0.0
107	__protein1_rbs	5.5	0.0	0.0
107	__protein2_rbs	5.65	0.0	0.0
107	__protein3_rbs	4.05	0.0	0.0
107	__ribosome	38.3	0.0	0.0
107	__rnase_site_ext	9.9	0.0	0.0
107	p0	0.95	0.0	0.0
107	p1	0.8	0.0	0.0
107	p2	0.55	0.0	0.0
107	protein1	287.35	9.6	2.3138304999999995
107	protein2	269.4	9.8	2.2086291
107	protein3	208.15	8.1	2.2631367
107	r2	9.7	0.0	0.0
107	rnapol	1.05	0.0	0.0
108	__protein1_rbs	4.75	0.0	0.0
108	__protein2_rbs	5.5	0.0	0.0
108	__protein3_rbs	4.45	0.0	0.0
108	__ribosome	37.8	0.0	0.0
108	__rnase_site_ext	9.95	0.0	0.0
108	p0	0.9	0.0	0.0
108	p1	0.8	0.0	0.0
108	p2	0.8	0.0	0.0
108	protein1	291.8	9.6	2.3667169999999995
108	protein2	273.8	9.9	2.1921681
108	protein3	211.55	8.15	2.25619225
108	r2	9.7	0.0	0.0
108	rnapol	1.05	0.0	0.0
109	__protein1_rbs	5.75	0.0	0.0
109	__protein2_rbs	4.75	0.0	0.0
109	__protein3_rbs	4.5	0.0	0.0
109	__ribosome	36.9	0.0	0.0
109	__rnase_site_ext	10.05	0.0	0.0
109	p0	0.9	0.0	0.0
109	p1	0.75	0.0	0.0
109	p2	0.8	0.0	0.0
109	protein1	296.25	9.65	2.30717335
109	protein2	277.7	10.0	2.27217585
109	protein3	215.15	8.4	2.2261742
109	r2	9.75	0.0	0.0
109	rnapol	1.1	0.0	0.0
110	__protein1_rbs	5.0	0.0	0.0
110	__protein2_rbs	5.5	0.0	0.0
110	__protein3_rbs	4.8	0.0	0.0
110	__ribosome	38.0	0.0	0.0
110	__rnase_site_ext	10.05	0.0	0.0
110	p0	1.0	0.0	0.0
110	p1	0.85	0.0	0.0
110	p2	0.85	0.0	0.0
110	protein1	301.3	9.7	2.23063185
110	protein2	282.1	10.05	2.2301153
110	protein3	218.8	8.45	2.16328095
110	r2	9.8	0.0	0.0
110	rnapol	1.3	0.0	0.0
111	__protein1_rbs	5.6	0.0	0.0
111	__protein2_rbs	5.5	0.0	0.0
111	__protein3_rbs	4.85	0.0	0.0
111	__ribosome	36.65	0.0	0.0
111	__rnase_site_ext	10.15	0.0	0.0
111	p0	0.8	0.0	0.0
111	p1	0.7	0.0	0.0
111	p2	0.85	0.0	0.0
111	protein1	304.65	9.8	2.26490655
111	protein2	286.35	10.15	2.2325229
111	protein3	221.75	8.45	2.26002515
111	r2	9.85	0.0	0.0
111	rnapol	1.15	0.0	0.0
112	__protein1_rbs	5.35	0.0	0.0
112	__protein2_rbs	6.0	0.0	0.0
112	__protein3_rbs	4.9	0.0	0.0
112	__ribosome	37.25	0.0	0.0
112	__rnase_site_ext	10.35	0.0	0.0
112	p0	0.85	0.0	0.0
112	p1	0.75	0.0	0.0
112	p2	0.9	0.0	0.0
112	protein1	308.95	9.9	2.2821097999999997
112	protein2	290.6	10.0	2.243304
112	protein3	225.7	8.55	2.19635445
112	r2	10.0	0.0	0.0
112	rnapol	1.05	0.0	0.0
113	__protein1_rbs	5.15	0.0	0.0
113	__protein2_rbs	5.1	0.0	0.0
113	__protein3_rbs	4.85	0.0	0.0
113	__ribosome	36.5	0.0	0.0
113	__rnase_site_ext	10.35	0.0	0.0
113	p0	0.9	0.0	0.0
113	p1	0.9	0.0	0.0
113	p2	0.75	0.0	0.0
113	protein1	313.9	10.1	2.2196083
113	protein2	294.85	10.15	2.268066
113	protein3	229.3	8.55	2.2226875
113	r2	10.15	0.0	0.0
113	rnapol	1.0	0.0	0.0
114	__protein1_rbs	5.65	0.0	0.0
114	__protein2_rbs	6.25	0.0	0.0
114	__protein3_rbs	4.85	0.0	0.0
114	__ribosome	37.15	0.0	0.0
114	__rnase_site_ext	10.6	0.0	0.0
114	p0	0.75	0.0	0.0
114	p1	0.85	0.0	0.0
114	p2	0.8	0.0	0.0
114	protein1	317.8	10.1	2.25748895
114	protein2	299.5	10.45	2.1684759
114	protein3	233.25	8.55	2.164172
114	r2	10.25	0.0	0.0
114	rnapol	0.85	0.0	0.0
115	__protein1_rbs	6.3	0.0	0.0
115	__protein2_rbs	6.4	0.0	0.0
115	__protein3_rbs	4.8	0.0	0.0
115	__ribosome	37.2	0.0	0.0
115	__rnase_site_ext	10.65	0.0	0.0
115	p0	0.85	0.0	0.0
115	p1	0.9	0.0	0.0
115	p2	0.7	0.0	0.0
115	protein1	322.0	10.25	2.2112077
115	protein2	303.7	10.4	2.1630362999999995
115	protein3	236.65	8.5	2.20843975
115	r2	10.35	0.0	0.0
115	rnapol	0.95	0.0	0.0
116	__protein1_rbs	5.7	0.0	0.0
116	__protein2_rbs	6.1	0.0	0.0
116	__protein3_rbs	4.75	0.0	0.0
116	__ribosome	37.5	0.0	0.0
116	__rnase_site_ext	10.7	0.0	0.0
116	p0	0.9	0.0	0.0
116	p1	0.9	0.0	0.0
116	p2	0.8	0.0	0.0
116	protein1	326.4	10.3	2.1996993
116	protein2	307.9	10.35	2.1496107
116	protein3	240.65	8.55	2.13910175
116	r2	10.5	0.0	0.0
116	rnapol	0.9	0.0	0.0
117	__protein1_rbs	6.25	0.0	0.0
117	__protein2_rbs	6.0	0.0	0.0
117	__protein3_rbs	4.55	0.0	0.0
117	__ribosome	37.85	0.0	0.0
117	__rnase_site_ext	10.8	0.0	0.0
117	p0	0.9	0.0	0.0
117	p1	0.9	0.0	0.0
117	p2	0.75	0.0	0.0
117	protein1	331.35	10.4	2.12060605
117	protein2	312.35	10.35	2.12560855
117	protein3	244.4	8.65	2.17003065
117	r2	10.4	0.0	0.0
117	rnapol	0.85	0.0	0.0
118	__protein1_rbs	6.15	0.0	0.0
118	__protein2_rbs	5.95	0.0	0.0
118	__protein3_rbs	5.3	0.0	0.0
118	__ribosome	38.1	0.0	0.0
118	__rnase_site_ext	10.85	0.0	0.0
118	p0	0.75	0.0	0.0
118	p1	0.85	0.0	0.0
118	p2	0.75	0.0	0.0
118	protein1	335.3	10.55	2.1155195000000004
118	protein2	317.0	10.3	2.09458335
118	protein3	247.55	8.8	2.1246392000000003
118	r2	10.4	0.0	0.0
118	rnapol	0.75	0.0	0.0
119	__protein1_rbs	5.35	0.0	0.0
119	__protein2_rbs	5.45	0.0	0.0
119	__protein3_rbs	5.05	0.0	0.0
119	__ribosome	37.1	0.0	0.0
119	__rnase_site_ext	10.85	0.0	0.0
119	p0	0.9	0.0	0.0
119	p1	0.7	0.0	0.0
119	p2	0.9	0.0	0.0
119	protein1	340.0	10.55	2.15814445
119	protein2	321.55	10.3	2.12700585
119	protein3	250.8	8.9	2.1310985
119	r2	10.65	0.0	0.0
119	rnapol	0.6	0.0	0.0
120	__protein1_rbs	6.6	0.0	0.0
120	__protein2_rbs	5.85	0.0	0.0
120	__protein3_rbs	5.25	0.0	0.0
120	__ribosome	37.55	0.0	0.0
120	__rnase_site_ext	10.95	0.0	0.0
120	p0	0.9	0.0	0.0
120	p1	0.6	0.0	0.0
120	p2	0.75	0.0	0.0
120	protein1	344.45	10.6	2.10125885
120	protein2	325.65	10.25	2.1633682500000004
120	protein3	254.65	9.15	2.0577327000000003
120	r2	10.8	0.0	0.0
120	rnapol	0.55	0.0	0.0
121	__protein1_rbs	5.65	0.0	0.0
121	__protein2_rbs	5.65	0.0	0.0
121	__protein3_rbs	5.15	0.0	0.0
121	__ribosome	36.2	0.0	0.0
121	__rnase_site_ext	10.85	0.0	0.0
121	p0	0.9	0.0	0.0
121	p1	0.65	0.0	0.0
121	p2	0.75	0.0	0.0
121	protein1	348.7	10.55	2.1747833
121	protein2	329.75	10.3	2.2193993
121	protein3	258.35	9.2	2.0570600500000005
121	r2	10.7	0.0	0.0
121	rnapol	0.55	0.0	0.0
122	__protein1_rbs	6.3	0.0	0.0
122	__protein2_rbs	5.9	0.0	0.0
122	__protein3_rbs	5.2	0.0	0.0
122	__ribosome	36.05	0.0	0.0
122	__rnase_site_ext	10.85	0.0	0.0
122	p0	0.95	0.0	0.0
122	p1	0.6	0.0	0.0
122	p2	0.8	0.0	0.0
122	protein1	353.0	10.4	2.1791025500000005
122	protein2	333.9	10.6	2.1763185000000003
122	protein3	261.9	9.35	2.04975795
122	r2	10.7	0.0	0.0
122	rnapol	0.65	0.0	0.0
123	__protein1_rbs	6.25	0.0	0.0
123	__protein2_rbs	6.2	0.0	0.0
123	__protein3_rbs	5.55	0.0	0.0
123	__ribosome	36.5	0.0	0.0
123	__rnase_site_ext	10.9	0.0	0.0
123	p0	0.95	0.0	0.0
123	p1	0.75	0.0	0.0
123	p2	0.8	0.0	0.0
123	protein1	357.25	10.55	2.10963535
123	protein2	338.15	10.7	2.1397406000000005
123	protein3	265.6	9.5	2.0085566000000004
123	r2	10.75	0.0	0.0
123	rnapol	0.8	0.0	0.0
124	__protein1_rbs	5.95	0.0	0.0
124	__protein2_rbs	6.2	0.0	0.0
124	__protein3_rbs	5.85	0.0	0.0
124	__ribosome	35.55	0.0	0.0
124	__rnase_site_ext	11.0	0.0	0.0
124	p0	0.8	0.0	0.0
124	p1	0.75	0.0	0.0
124	p2	0.95	0.0	0.0
124	protein1	362.0	10.55	2.10335075
124	protein2	342.55	10.95	2.1034005
124	protein3	268.75	9.55	2.0641987
124	r2	10.8	0.0	0.0
124	rnapol	0.65	0.0	0.0
125	__protein1_rbs	6.45	0.0	0.0
125	__protein2_rbs	7.0	0.0	0.0
125	__protein3_rbs	5.3	0.0	0.0
125	__ribosome	36.45	0.0	0.0
125	__rnase_site_ext	10.95	0.0	0.0
125	p0	0.95	0.0	0.0
125	p1	0.7	0.0	0.0
125	p2	0.95	0.0	0.0
125	protein1	366.25	10.5	2.09885385
125	protein2	347.4	11.05	2.0275386
125	protein3	272.8	9.5	2.09314
125	r2	10.75	0.0	0.0
125	rnapol	0.75	0.0	0.0
126	__protein1_rbs	6.3	0.0	0.0
126	__protein2_rbs	6.0	0.0	0.0
126	__protein3_rbs	5.5	0.0	0.0
126	__ribosome	35.85	0.0	0.0
126	__rnase_site_ext	10.85	0.0	0.0
126	p0	1.0	0.0	0.0
126	p1	0.65	0.0	0.0
126	p2	0.95	0.0	0.0
126	protein1	370.85	10.6	2.0470411000000004
126	protein2	351.8	11.2	2.0830262999999998
126	protein3	276.55	9.45	2.09492525
126	r2	10.75	0.0	0.0
126	rnapol	0.9	0.0	0.0
127	__protein1_rbs	6.35	0.0	0.0
127	__protein2_rbs	6.45	0.0	0.0
127	__protein3_rbs	5.45	0.0	0.0
127	__ribosome	35.7	0.0	0.0
127	__rnase_site_ext	10.9	0.0	0.0
127	p0	0.9	0.0	0.0
127	p1	0.7	0.0	0.0
127	p2	0.9	0.0	0.0
127	protein1	374.65	10.55	2.07538085
127	protein2	356.1	11.3	2.0966158
127	protein3	280.5	9.5	2.0473806000000003
127	r2	10.9	0.0	0.0
127	rnapol	0.9	0.0	0.0
128	__protein1_rbs	6.0	0.0	0.0
128	__protein2_rbs	6.35	0.0	0.0
128	__protein3_rbs	5.65	0.0	0.0
128	__ribosome	35.3	0.0	0.0
128	__rnase_site_ext	10.95	0.0	0.0
128	p0	0.95	0.0	0.0
128	p1	0.9	0.0	0.0
128	p2	0.7	0.0	0.0
128	protein1	379.3	10.5	2.0682386999999998
128	protein2	360.6	11.55	2.1159192000000004
128	protein3	284.2	9.4	2.0677748999999994
128	r2	11.05	0.0	0.0
128	rnapol	0.95	0.0	0.0
129	__protein1_rbs	6.3	0.0	0.0
129	__protein2_rbs	6.4	0.0	0.0
129	__protein3_rbs	5.6	0.0	0.0
129	__ribosome	35.55	0.0	0.0
129	__rnase_site_ext	10.95	0.0	0.0
129	p0	0.9	0.0	0.0
129	p1	0.85	0.0	0.0
129	p2	0.6	0.0	0.0
129	protein1	384.15	10.55	2.0040884
129	protein2	365.6	11.7	2.09183385
129	protein3	287.95	9.45	2.0662138999999997
129	r2	11.15	0.0	0.0
129	rnapol	1.1	0.0	0.0
130	__protein1_rbs	6.4	0.0	0.0
130	__protein2_rbs	7.2	0.0	0.0
130	__protein3_rbs	5.1	0.0	0.0
130	__ribosome	35.25	0.0	0.0
130	__rnase_site_ext	10.95	0.0	0.0
130	p0	0.85	0.0	0.0
130	p1	0.9	0.0	0.0
130	p2	0.75	0.0	0.0
130	protein1	387.6	10.55	1.98508875
130	protein2	370.0	11.65	2.09519495
130	protein3	291.7	9.5	2.11481655
130	r2	11.15	0.0	0.0
130	rnapol	1.0	0.0	0.0
131	__protein1_rbs	6.15	0.0	0.0
131	__protein2_rbs	6.3	0.0	0.0
131	__protein3_rbs	6.3	0.0	0.0
131	__ribosome	34.3	0.0	0.0
131	__rnase_site_ext	11.1	0.0	0.0
131	p0	0.9	0.0	0.0
131	p1	0.9	0.0	0.0
131	p2	0.8	0.0	0.0
131	protein1	391.8	10.6	2.0342163
131	protein2	374.45	11.7	2.1515880000000003
131	protein3	295.35	9.65	2.0581631000000002
131	r2	11.3	0.0	0.0
131	rnapol	0.9	0.0	0.0
132	__protein1_rbs	6.45	0.0	0.0
132	__protein2_rbs	6.65	0.0	0.0
132	__protein3_rbs	5.15	0.0	0.0
132	__ribosome	34.55	0.0	0.0
132	__rnase_site_ext	11.05	0.0	0.0
132	p0	1.0	0.0	0.0
132	p1	0.75	0.0	0.0
132	p2	0.7	0.0	0.0
132	protein1	396.1	10.75	1.99249595
132	protein2	379.55	11.65	2.1433935
132	protein3	299.65	9.75	2.0403710000000004
132	r2	11.3	0.0	0.0
132	rnapol	0.9	0.0	0.0
133	__protein1_rbs	6.3	0.0	0.0
133	__protein2_rbs	6.9	0.0	0.0
133	__protein3_rbs	5.7	0.0	0.0
133	__ribosome	33.7	0.0	0.0
133	__rnase_site_ext	11.0	0.0	0.0
133	p0	1.0	0.0	0.0
133	p1	0.8	0.0	0.0
133	p2	0.75	0.0	0.0
133	protein1	400.3	10.7	2.0206131000000003
133	protein2	384.25	11.6	2.138577300000001
133	protein3	303.05	9.7	2.1063258
133	r2	11.5	0.0	0.0
133	rnapol	1.0	0.0	0.0
134	__protein1_rbs	5.9	0.0	0.0
134	__protein2_rbs	7.05	0.0	0.0
134	__protein3_rbs	5.7	0.0	0.0
134	__ribosome	34.1	0.0	0.0
134	__rnase_site_ext	11.05	0.0	0.0
134	p0	0.95	0.0	0.0
134	p1	0.85	0.0	0.0
134	p2	0.75	0.0	0.0
134	protein1	404.55	10.65	2.0506468
134	protein2	389.4	11.65	2.10633015
134	protein3	307.2	9.8	2.0636976499999995
134	r2	11.65	0.0	0.0
134	rnapol	0.85	0.0	0.0
135	__protein1_rbs	6.2	0.0	0.0
135	__protein2_rbs	6.85	0.0	0.0
135	__protein3_rbs	5.95	0.0	0.0
135	__ribosome	33.85	0.0	0.0
135	__rnase_site_ext	11.0	0.0	0.0
135	p0	0.9	0.0	0.0
135	p1	0.85	0.0	0.0
135	p2	0.7	0.0	0.0
135	protein1	408.7	10.65	2.0784843
135	protein2	393.95	11.65	2.1247485
135	protein3	311.15	9.95	2.0190799999999998
135	r2	11.85	0.0	0.0
135	rnapol	0.8	0.0	0.0
136	__protein1_rbs	6.35	0.0	0.0
136	__protein2_rbs	6.0	0.0	0.0
136	__protein3_rbs	6.3	0.0	0.0
136	__ribosome	33.55	0.0	0.0
136	__rnase_site_ext	10.8	0.0	0.0
136	p0	0.95	0.0	0.0
136	p1	0.85	0.0	0.0
136	p2	0.6	0.0	0.0
136	protein1	412.4	10.5	2.1252188
136	protein2	399.05	11.6	2.1337023
136	protein3	314.8	9.95	2.0292442
136	r2	11.9	0.0	0.0
136	rnapol	0.85	0.0	0.0
137	__protein1_rbs	5.55	0.0	0.0
137	__protein2_rbs	6.8	0.0	0.0
137	__protein3_rbs	6.3	0.0	0.0
137	__ribosome	34.3	0.0	0.0
137	__rnase_site_ext	10.7	0.0	0.0
137	p0	0.95	0.0	0.0
137	p1	0.65	0.0	0.0
137	p2	0.7	0.0	0.0
137	protein1	417.3	10.45	2.1520196
137	protein2	404.05	11.65	2.09791315
137	protein3	319.1	10.05	1.97193015
137	r2	11.9	0.0	0.0
137	rnapol	1.0	0.0	0.0
138	__protein1_rbs	6.35	0.0	0.0
138	__protein2_rbs	6.4	0.0	0.0
138	__protein3_rbs	5.75	0.0	0.0
138	__ribosome	33.95	0.0	0.0
138	__rnase_site_ext	10.7	0.0	0.0
138	p0	0.9	0.0	0.0
138	p1	0.6	0.0	0.0
138	p2	0.8	0.0	0.0
138	protein1	421.35	10.25	2.1629723999999997
138	protein2	408.85	11.5	2.1207852000000003
138	protein3	322.95	10.15	2.0181804
138	r2	11.95	0.0	0.0
138	rnapol	1.15	0.0	0.0
139	__protein1_rbs	5.85	0.0	0.0
139	__protein2_rbs	6.85	0.0	0.0
139	__protein3_rbs	5.5	0.0	0.0
139	__ribosome	33.15	0.0	0.0
139	__rnase_site_ext	10.8	0.0	0.0
139	p0	0.9	0.0	0.0
139	p1	0.75	0.0	0.0
139	p2	0.9	0.0	0.0
139	protein1	425.85	10.2	2.1406247
139	protein2	413.3	11.55	2.15413145
139	protein3	326.9	10.35	2.03626615
139	r2	12.05	0.0	0.0
139	rnapol	1.05	0.0	0.0
140	__protein1_rbs	6.35	0.0	0.0
140	__protein2_rbs	6.85	0.0	0.0
140	__protein3_rbs	5.85	0.0	0.0
140	__ribosome	33.2	0.0	0.0
140	__rnase_site_ext	10.7	0.0	0.0
140	p0	0.95	0.0	0.0
140	p1	0.9	0.0	0.0
140	p2	0.9	0.0	0.0
140	protein1	430.6	10.3	2.0151993000000004
140	protein2	418.05	11.6	2.1596219000000003
140	protein3	330.5	10.4	2.09077705
140	r2	12.15	0.0	0.0
140	rnapol	1.15	0.0	0.0
141	__protein1_rbs	6.1	0.0	0.0
141	__protein2_rbs	6.55	0.0	0.0
141	__protein3_rbs	5.6	0.0	0.0
141	__ribosome	32.55	0.0	0.0
141	__rnase_site_ext	10.7	0.0	0.0
141	p0	0.8	0.0	0.0
141	p1	0.85	0.0	0.0
141	p2	0.75	0.0	0.0
141	protein1	434.7	10.3	2.00214165
141	protein2	423.0	11.85	2.1081625
141	protein3	334.4	10.45	2.13715175
141	r2	12.15	0.0	0.0
141	rnapol	1.25	0.0	0.0
142	__protein1_rbs	6.0	0.0	0.0
142	__protein2_rbs	6.75	0.0	0.0
142	__protein3_rbs	6.3	0.0	0.0
142	__ribosome	32.6	0.0	0.0
142	__rnase_site_ext	10.7	0.0	0.0
142	p0	0.9	0.0	0.0
142	p1	0.9	0.0	0.0
142	p2	0.8	0.0	0.0
142	protein1	438.95	10.25	2.0347355
142	protein2	428.05	11.65	2.1320076
142	protein3	338.65	10.4	2.16478835
142	r2	12.1	0.0	0.0
142	rnapol	1.15	0.0	0.0
143	__protein1_rbs	5.85	0.0	0.0
143	__protein2_rbs	7.4	0.0	0.0
143	__protein3_rbs	6.75	0.0	0.0
143	__ribosome	33.45	0.0	0.0
143	__rnase_site_ext	11.0	0.0	0.0
143	p0	0.7	0.0	0.0
143	p1	0.85	0.0	0.0
143	p2	0.95	0.0	0.0
143	protein1	442.9	10.2	2.0466414
143	protein2	432.55	11.7	2.09234015
143	protein3	342.7	10.55	2.084409
143	r2	12.1	0.0	0.0
143	rnapol	1.1	0.0	0.0
144	__protein1_rbs	6.0	0.0	0.0
144	__protein2_rbs	7.05	0.0	0.0
144	__protein3_rbs	6.0	0.0	0.0
144	__ribosome	34.85	0.0	0.0
144	__rnase_site_ext	11.15	0.0	0.0
144	p0	0.8	0.0	0.0
144	p1	0.9	0.0	0.0
144	p2	0.9	0.0	0.0
144	protein1	447.35	10.3	1.98116845
144	protein2	437.8	11.6	2.0679862
144	protein3	347.4	10.65	2.0338854500000005
144	r2	12.25	0.0	0.0
144	rnapol	1.05	0.0	0.0
145	__protein1_rbs	6.3	0.0	0.0
145	__protein2_rbs	6.5	0.0	0.0
145	__protein3_rbs	5.8	0.0	0.0
145	__ribosome	32.8	0.0	0.0
145	__rnase_site_ext	11.3	0.0	0.0
145	p0	0.85	0.0	0.0
145	p1	0.9	0.0	0.0
145	p2	0.95	0.0	0.0
145	protein1	451.1	10.55	2.00173835
145	protein2	442.1	11.65	2.12239805
145	protein3	351.65	10.65	2.0924147
145	r2	12.35	0.0	0.0
145	rnapol	1.15	0.0	0.0
146	__protein1_rbs	6.25	0.0	0.0
146	__protein2_rbs	6.9	0.0	0.0
146	__protein3_rbs	6.5	0.0	0.0
146	__ribosome	33.9	0.0	0.0
146	__rnase_site_ext	11.25	0.0	0.0
146	p0	0.9	0.0	0.0
146	p1	0.75	0.0	0.0
146	p2	0.85	0.0	0.0
146	protein1	455.35	10.75	1.9740717
146	protein2	447.0	11.65	2.08941815
146	protein3	356.4	10.75	1.98821265
146	r2	12.35	0.0	0.0
146	rnapol	1.15	0.0	0.0
147	__protein1_rbs	6.6	0.0	0.0
147	__protein2_rbs	6.9	0.0	0.0
147	__protein3_rbs	6.2	0.0	0.0
147	__ribosome	34.6	0.0	0.0
147	__rnase_site_ext	11.3	0.0	0.0
147	p0	0.95	0.0	0.0
147	p1	0.8	0.0	0.0
147	p2	0.65	0.0	0.0
147	protein1	459.25	10.75	1.9845923499999996
147	protein2	452.15	11.65	2.0282517500000004
147	protein3	360.85	10.75	1.9733082999999998
147	r2	12.35	0.0	0.0
147	rnapol	1.1	0.0	0.0
148	__protein1_rbs	6.7	0.0	0.0
148	__protein2_rbs	6.7	0.0	0.0
148	__protein3_rbs	6.85	0.0	0.0
148	__ribosome	33.2	0.0	0.0
148	__rnase_site_ext	11.3	0.0	0.0
148	p0	0.9	0.0	0.0
148	p1	0.8	0.0	0.0
148	p2	0.8	0.0	0.0
148	protein1	463.1	10.75	1.9930869
148	protein2	456.3	11.7	2.05907205
148	protein3	364.45	10.9	1.9922794
148	r2	12.35	0.0	0.0
148	rnapol	1.05	0.0	0.0
149	__protein1_rbs	6.6	0.0	0.0
149	__protein2_rbs	7.35	0.0	0.0
149	__protein3_rbs	6.25	0.0	0.0
149	__ribosome	33.2	0.0	0.0
149	__rnase_site_ext	11.2	0.0	0.0
149	p0	0.95	0.0	0.0
149	p1	0.8	0.0	0.0
149	p2	0.9	0.0	0.0
149	protein1	467.35	10.75	1.9940881500000005
149	protein2	461.0	11.6	2.03946
149	protein3	368.75	11.1	2.0004091
149	r2	12.15	0.0	0.0
149	rnapol	1.2	0.0	0.0
150	__protein1_rbs	6.35	0.0	0.0
150	__protein2_rbs	6.5	0.0	0.0
150	__protein3_rbs	6.35	0.0	0.0
150	__ribosome	33.35	0.0	0.0
150	__rnase_site_ext	11.05	0.0	0.0
150	p0	0.9	0.0	0.0
150	p1	0.7	0.0	0.0
150	p2	0.95	0.0	0.0
150	protein1	471.6	10.65	2.0263208500000003
150	protein2	466.3	11.6	1.99836645
150	protein3	373.2	11.25	1.98918025
150	r2	12.2	0.0	0.0
150	rnapol	1.15	0.0	0.0
151	__protein1_rbs	5.8	0.0	0.0
151	__protein2_rbs	7.35	0.0	0.0
151	__protein3_rbs	7.15	0.0	0.0
151	__ribosome	33.55	0.0	0.0
151	__rnase_site_ext	11.0	0.0	0.0
151	p0	0.9	0.0	0.0
151	p1	0.6	0.0	0.0
151	p2	0.95	0.0	0.0
151	protein1	476.35	10.5	2.03136695
151	protein2	470.3	11.65	2.01357475
151	protein3	377.35	11.15	2.0039966500000004
151	r2	12.2	0.0	0.0
151	rnapol	1.05	0.0	0.0
152	__protein1_rbs	6.1	0.0	0.0
152	__protein2_rbs	7.45	0.0	0.0
152	__protein3_rbs	6.85	0.0	0.0
152	__ribosome	33.95	0.0	0.0
152	__rnase_site_ext	11.0	0.0	0.0
152	p0	0.85	0.0	0.0
152	p1	0.65	0.0	0.0
152	p2	0.85	0.0	0.0
152	protein1	480.6	10.4	2.05780295
152	protein2	475.1	11.6	1.93726865
152	protein3	381.6	11.05	2.0581703
152	r2	12.1	0.0	0.0
152	rnapol	1.0	0.0	0.0
153	__protein1_rbs	6.25	0.0	0.0
153	__protein2_rbs	6.7	0.0	0.0
153	__protein3_rbs	6.2	0.0	0.0
153	__ribosome	33.35	0.0	0.0
153	__rnase_site_ext	11.15	0.0	0.0
153	p0	0.95	0.0	0.0
153	p1	0.75	0.0	0.0
153	p2	0.9	0.0	0.0
153	protein1	484.8	10.45	2.0414333
153	protein2	480.0	11.7	1.9409469
153	protein3	386.15	11.05	2.0916443000000005
153	r2	11.95	0.0	0.0
153	rnapol	1.05	0.0	0.0
154	__protein1_rbs	6.35	0.0	0.0
154	__protein2_rbs	6.45	0.0	0.0
154	__protein3_rbs	6.1	0.0	0.0
154	__ribosome	32.3	0.0	0.0
154	__rnase_site_ext	10.95	0.0	0.0
154	p0	0.9	0.0	0.0
154	p1	0.75	0.0	0.0
154	p2	1.0	0.0	0.0
154	protein1	488.65	10.55	2.0342522
154	protein2	484.0	11.7	2.0246778
154	protein3	390.8	11.0	2.0939294999999998
154	r2	12.2	0.0	0.0
154	rnapol	1.1	0.0	0.0
155	__protein1_rbs	6.8	0.0	0.0
155	__protein2_rbs	6.8	0.0	0.0
155	__protein3_rbs	7.15	0.0	0.0
155	__ribosome	33.1	0.0	0.0
155	__rnase_site_ext	10.9	0.0	0.0
155	p0	0.85	0.0	0.0
155	p1	0.7	0.0	0.0
155	p2	0.85	0.0	0.0
155	protein1	493.2	10.5	2.00465345
155	protein2	488.75	11.65	2.0442501
155	protein3	395.4	11.05	2.052624
155	r2	12.0	0.0	0.0
155	rnapol	1.15	0.0	0.0
156	__protein1_rbs	6.55	0.0	0.0
156	__protein2_rbs	7.3	0.0	0.0
156	__protein3_rbs	6.3	0.0	0.0
156	__ribosome	32.8	0.0	0.0
156	__rnase_site_ext	11.0	0.0	0.0
156	p0	0.95	0.0	0.0
156	p1	0.85	0.0	0.0
156	p2	0.7	0.0	0.0
156	protein1	497.05	10.4	2.08608095
156	protein2	493.45	11.75	1.99838115
156	protein3	399.7	11.0	2.1028074
156	r2	12.2	0.0	0.0
156	rnapol	1.15	0.0	0.0
157	__protein1_rbs	6.6	0.0	0.0
157	__protein2_rbs	6.9	0.0	0.0
157	__protein3_rbs	6.6	0.0	0.0
157	__ribosome	32.25	0.0	0.0
157	__rnase_site_ext	11.05	0.0	0.0
157	p0	0.85	0.0	0.0
157	p1	0.85	0.0	0.0
157	p2	0.95	0.0	0.0
157	protein1	501.3	10.45	2.01376315
157	protein2	497.6	11.8	2.08633215
157	protein3	403.95	10.85	2.12557935
157	r2	12.2	0.0	0.0
157	rnapol	1.05	0.0	0.0
158	__protein1_rbs	6.2	0.0	0.0
158	__protein2_rbs	6.95	0.0	0.0
158	__protein3_rbs	6.15	0.0	0.0
158	__ribosome	33.2	0.0	0.0
158	__rnase_site_ext	11.15	0.0	0.0
158	p0	0.85	0.0	0.0
158	p1	0.85	0.0	0.0
158	p2	0.85	0.0	0.0
158	protein1	505.9	10.45	1.96702565
158	protein2	502.5	11.85	2.06256525
158	protein3	409.15	11.0	2.0418541
158	r2	12.45	0.0	0.0
158	rnapol	1.0	0.0	0.0
159	__protein1_rbs	6.4	0.0	0.0
159	__protein2_rbs	7.7	0.0	0.0
159	__protein3_rbs	7.1	0.0	0.0
159	__ribosome	34.45	0.0	0.0
159	__rnase_site_ext	11.2	0.0	0.0
159	p0	0.95	0.0	0.0
159	p1	0.8	0.0	0.0
159	p2	0.75	0.0	0.0
159	protein1	510.05	10.5	1.965717
159	protein2	507.25	11.8	2.02436315
159	protein3	413.55	10.95	2.0008129500000003
159	r2	12.35	0.0	0.0
159	rnapol	1.0	0.0	0.0
160	__protein1_rbs	6.05	0.0	0.0
160	__protein2_rbs	6.65	0.0	0.0
160	__protein3_rbs	6.45	0.0	0.0
160	__ribosome	33.75	0.0	0.0
160	__rnase_site_ext	11.2	0.0	0.0
160	p0	0.9	0.0	0.0
160	p1	0.75	0.0	0.0
160	p2	0.65	0.0	0.0
160	protein1	514.2	10.6	2.01572255
160	protein2	512.3	11.75	2.0111982
160	protein3	417.85	10.95	2.03004955
160	r2	12.55	0.0	0.0
160	rnapol	0.9	0.0	0.0
161	__protein1_rbs	6.35	0.0	0.0
161	__protein2_rbs	7.6	0.0	0.0
161	__protein3_rbs	6.1	0.0	0.0
161	__ribosome	33.05	0.0	0.0
161	__rnase_site_ext	11.2	0.0	0.0
161	p0	0.9	0.0	0.0
161	p1	0.9	0.0	0.0
161	p2	0.55	0.0	0.0
161	protein1	518.45	10.6	1.9876362500000009
161	protein2	516.6	11.75	2.0314627
161	protein3	422.35	11.0	2.0652644
161	r2	12.6	0.0	0.0
161	rnapol	0.95	0.0	0.0
162	__protein1_rbs	6.5	0.0	0.0
162	__protein2_rbs	7.05	0.0	0.0
162	__protein3_rbs	6.55	0.0	0.0
162	__ribosome	31.85	0.0	0.0
162	__rnase_site_ext	11.25	0.0	0.0
162	p0	0.95	0.0	0.0
162	p1	0.9	0.0	0.0
162	p2	0.7	0.0	0.0
162	protein1	521.95	10.65	2.0379671000000004
162	protein2	521.55	11.9	1.9993987000000004
162	protein3	426.35	10.95	2.1386743
162	r2	12.6	0.0	0.0
162	rnapol	0.95	0.0	0.0
163	__protein1_rbs	6.05	0.0	0.0
163	__protein2_rbs	6.8	0.0	0.0
163	__protein3_rbs	7.15	0.0	0.0
163	__ribosome	31.9	0.0	0.0
163	__rnase_site_ext	11.15	0.0	0.0
163	p0	0.9	0.0	0.0
163	p1	0.65	0.0	0.0
163	p2	0.9	0.0	0.0
163	protein1	526.35	10.7	2.06034355
163	protein2	525.9	11.95	2.03240355
163	protein3	430.9	11.2	2.0204604
163	r2	12.65	0.0	0.0
163	rnapol	0.9	0.0	0.0
164	__protein1_rbs	6.5	0.0	0.0
164	__protein2_rbs	6.7	0.0	0.0
164	__protein3_rbs	7.1	0.0	0.0
164	__ribosome	30.9	0.0	0.0
164	__rnase_site_ext	11.3	0.0	0.0
164	p0	0.8	0.0	0.0
164	p1	0.75	0.0	0.0
164	p2	0.8	0.0	0.0
164	protein1	530.4	10.65	2.0921147
164	protein2	530.35	11.75	2.1225210999999997
164	protein3	434.85	11.35	2.0273343499999994
164	r2	12.6	0.0	0.0
164	rnapol	0.9	0.0	0.0
165	__protein1_rbs	6.55	0.0	0.0
165	__protein2_rbs	7.0	0.0	0.0
165	__protein3_rbs	6.55	0.0	0.0
165	__ribosome	32.0	0.0	0.0
165	__rnase_site_ext	11.4	0.0	0.0
165	p0	0.85	0.0	0.0
165	p1	0.75	0.0	0.0
165	p2	0.8	0.0	0.0
165	protein1	534.85	10.7	2.0654475
165	protein2	535.5	11.8	2.0437637000000004
165	protein3	439.75	11.4	2.0118006999999998
165	r2	12.45	0.0	0.0
165	rnapol	0.75	0.0	0.0
166	__protein1_rbs	6.6	0.0	0.0
166	__protein2_rbs	6.85	0.0	0.0
166	__protein3_rbs	6.95	0.0	0.0
166	__ribosome	32.15	0.0	0.0
166	__rnase_site_ext	11.5	0.0	0.0
166	p0	0.9	0.0	0.0
166	p1	0.8	0.0	0.0
166	p2	0.85	0.0	0.0
166	protein1	539.5	10.9	2.0302472
166	protein2	539.85	12.0	2.0588754500000004
166	protein3	444.6	11.4	1.9804771000000003
166	r2	12.4	0.0	0.0
166	rnapol	0.8	0.0	0.0
167	__protein1_rbs	6.85	0.0	0.0
167	__protein2_rbs	7.35	0.0	0.0
167	__protein3_rbs	6.9	0.0	0.0
167	__ribosome	32.1	0.0	0.0
167	__rnase_site_ext	11.35	0.0	0.0
167	p0	1.0	0.0	0.0
167	p1	0.9	0.0	0.0
167	p2	0.85	0.0	0.0
167	protein1	543.35	11.0	2.0357951499999998
167	protein2	544.75	11.95	2.0504884
167	protein3	449.0	11.4	1.97680375
167	r2	12.4	0.0	0.0
167	rnapol	0.95	0.0	0.0
168	__protein1_rbs	6.35	0.0	0.0
168	__protein2_rbs	7.75	0.0	0.0
168	__protein3_rbs	7.35	0.0	0.0
168	__ribosome	32.85	0.0	0.0
168	__rnase_site_ext	11.4	0.0	0.0
168	p0	0.95	0.0	0.0
168	p1	0.85	0.0	0.0
168	p2	0.9	0.0	0.0
168	protein1	547.55	10.85	2.1005343
168	protein2	549.65	11.85	1.9760954000000008
168	protein3	453.3	11.3	1.98045345
168	r2	12.4	0.0	0.0
168	rnapol	1.0	0.0	0.0
169	__protein1_rbs	6.55	0.0	0.0
169	__protein2_rbs	6.85	0.0	0.0
169	__protein3_rbs	6.65	0.0	0.0
169	__ribosome	32.25	0.0	0.0
169	__rnase_site_ext	11.5	0.0	0.0
169	p0	0.85	0.0	0.0
169	p1	0.8	0.0	0.0
169	p2	0.8	0.0	0.0
169	protein1	552.25	10.8	2.08039295
169	protein2	553.95	11.75	2.069379
169	protein3	457.85	11.3	1.9852606
169	r2	12.1	0.0	0.0
169	rnapol	1.05	0.0	0.0
170	__protein1_rbs	7.0	0.0	0.0
170	__protein2_rbs	7.25	0.0	0.0
170	__protein3_rbs	6.75	0.0	0.0
170	__ribosome	33.2	0.0	0.0
170	__rnase_site_ext	11.4	0.0	0.0
170	p0	0.95	0.0	0.0
170	p1	0.85	0.0	0.0
170	p2	0.75	0.0	0.0
170	protein1	556.25	11.0	2.00728775
170	protein2	558.9	11.8	1.9985095000000004
170	protein3	462.5	11.3	1.9751215
170	r2	12.1	0.0	0.0
170	rnapol	1.2	0.0	0.0
171	__protein1_rbs	5.95	0.0	0.0
171	__protein2_rbs	6.6	0.0	0.0
171	__protein3_rbs	6.9	0.0	0.0
171	__ribosome	31.45	0.0	0.0
171	__rnase_site_ext	11.65	0.0	0.0
171	p0	0.75	0.0	0.0
171	p1	0.8	0.0	0.0
171	p2	0.85	0.0	0.0
171	protein1	560.45	10.9	2.08813085
171	protein2	563.65	11.85	2.0193313
171	protein3	466.5	11.3	2.0234668
171	r2	12.35	0.0	0.0
171	rnapol	0.95	0.0	0.0
172	__protein1_rbs	7.1	0.0	0.0
172	__protein2_rbs	6.8	0.0	0.0
172	__protein3_rbs	7.0	0.0	0.0
172	__ribosome	31.45	0.0	0.0
172	__rnase_site_ext	11.65	0.0	0.0
172	p0	1.0	0.0	0.0
172	p1	0.65	0.0	0.0
172	p2	0.8	0.0	0.0
172	protein1	564.85	11.1	2.0278424
172	protein2	568.05	11.8	2.0545391000000004
172	protein3	470.9	11.25	2.0237238
172	r2	12.35	0.0	0.0
172	rnapol	1.05	0.0	0.0
173	__protein1_rbs	6.25	0.0	0.0
173	__protein2_rbs	7.3	0.0	0.0
173	__protein3_rbs	6.7	0.0	0.0
173	__ribosome	32.65	0.0	0.0
173	__rnase_site_ext	11.6	0.0	0.0
173	p0	0.9	0.0	0.0
173	p1	0.7	0.0	0.0
173	p2	0.7	0.0	0.0
173	protein1	569.8	11.15	1.9883543000000001
173	protein2	573.05	11.65	2.0403182500000003
173	protein3	475.7	11.15	2.00672385
173	r2	12.6	0.0	0.0
173	rnapol	1.1	0.0	0.0
174	__protein1_rbs	6.5	0.0	0.0
174	__protein2_rbs	7.3	0.0	0.0
174	__protein3_rbs	6.45	0.0	0.0
174	__ribosome	31.05	0.0	0.0
174	__rnase_site_ext	11.55	0.0	0.0
174	p0	0.8	0.0	0.0
174	p1	0.85	0.0	0.0
174	p2	0.8	0.0	0.0
174	protein1	573.4	11.1	2.057999150000001
174	protein2	577.3	11.6	2.06687585
174	protein3	479.65	11.25	2.04634965
174	r2	12.55	0.0	0.0
174	rnapol	1.0	0.0	0.0
175	__protein1_rbs	7.05	0.0	0.0
175	__protein2_rbs	6.95	0.0	0.0
175	__protein3_rbs	7.3	0.0	0.0
175	__ribosome	32.95	0.0	0.0
175	__rnase_site_ext	11.65	0.0	0.0
175	p0	1.0	0.0	0.0
175	p1	0.9	0.0	0.0
175	p2	0.85	0.0	0.0
175	protein1	577.6	11.05	2.0354827
175	protein2	582.05	11.75	2.0724145
175	protein3	484.85	11.4	1.89844045
175	r2	12.45	0.0	0.0
175	rnapol	1.1	0.0	0.0
176	__protein1_rbs	5.65	0.0	0.0
176	__protein2_rbs	8.2	0.0	0.0
176	__protein3_rbs	6.95	0.0	0.0
176	__ribosome	33.9	0.0	0.0
176	__rnase_site_ext	11.75	0.0	0.0
176	p0	0.75	0.0	0.0
176	p1	0.75	0.0	0.0
176	p2	0.9	0.0	0.0
176	protein1	582.45	11.15	2.0497456500000006
176	protein2	587.25	11.8	1.9283972
176	protein3	489.15	11.4	1.9082376000000003
176	r2	12.55	0.0	0.0
176	rnapol	0.9	0.0	0.0
177	__protein1_rbs	7.55	0.0	0.0
177	__protein2_rbs	6.75	0.0	0.0
177	__protein3_rbs	7.0	0.0	0.0
177	__ribosome	33.6	0.0	0.0
177	__rnase_site_ext	11.8	0.0	0.0
177	p0	0.9	0.0	0.0
177	p1	0.85	0.0	0.0
177	p2	0.9	0.0	0.0
177	protein1	586.45	11.25	1.9878368
177	protein2	592.2	11.8	1.9313930000000001
177	protein3	492.95	11.35	1.96637195
177	r2	12.5	0.0	0.0
177	rnapol	0.8	0.0	0.0
178	__protein1_rbs	6.9	0.0	0.0
178	__protein2_rbs	7.25	0.0	0.0
178	__protein3_rbs	6.55	0.0	0.0
178	__ribosome	33.45	0.0	0.0
178	__rnase_site_ext	11.75	0.0	0.0
178	p0	0.9	0.0	0.0
178	p1	0.8	0.0	0.0
178	p2	0.75	0.0	0.0
178	protein1	591.2	11.3	1.9478743
178	protein2	596.5	11.8	1.9574096000000003
178	protein3	497.9	11.45	1.9649083
178	r2	12.35	0.0	0.0
178	rnapol	0.8	0.0	0.0
179	__protein1_rbs	6.9	0.0	0.0
179	__protein2_rbs	6.85	0.0	0.0
179	__protein3_rbs	7.1	0.0	0.0
179	__ribosome	33.1	0.0	0.0
179	__rnase_site_ext	11.5	0.0	0.0
179	p0	0.95	0.0	0.0
179	p1	0.75	0.0	0.0
179	p2	0.9	0.0	0.0
179	protein1	595.6	11.25	1.9752117
179	protein2	601.25	11.9	1.9462781
179	protein3	501.95	11.3	2.0033034
179	r2	12.3	0.0	0.0
179	rnapol	0.8	0.0	0.0
180	__protein1_rbs	6.55	0.0	0.0
180	__protein2_rbs	6.55	0.0	0.0
180	__protein3_rbs	7.2	0.0	0.0
180	__ribosome	31.6	0.0	0.0
180	__rnase_site_ext	11.5	0.0	0.0
180	p0	0.9	0.0	0.0
180	p1	0.8	0.0	0.0
180	p2	0.95	0.0	0.0
180	protein1	599.9	10.95	2.06320405
180	protein2	605.5	11.85	2.04171715
180	protein3	506.2	11.55	1.9737817000000004
180	r2	12.5	0.0	0.0
180	rnapol	0.85	0.0	0.0
181	__protein1_rbs	7.05	0.0	0.0
181	__protein2_rbs	7.0	0.0	0.0
181	__protein3_rbs	6.8	0.0	0.0
181	__ribosome	31.75	0.0	0.0
181	__rnase_site_ext	11.5	0.0	0.0
181	p0	0.9	0.0	0.0
181	p1	0.85	0.0	0.0
181	p2	0.8	0.0	0.0
181	protein1	604.8	10.85	1.98264575
181	protein2	609.45	11.85	2.0952007500000005
181	protein3	510.8	11.45	2.04190735
181	r2	12.5	0.0	0.0
181	rnapol	1.0	0.0	0.0
182	__protein1_rbs	7.25	0.0	0.0
182	__protein2_rbs	7.35	0.0	0.0
182	__protein3_rbs	6.75	0.0	0.0
182	__ribosome	31.5	0.0	0.0
182	__rnase_site_ext	11.3	0.0	0.0
182	p0	0.85	0.0	0.0
182	p1	0.7	0.0	0.0
182	p2	0.7	0.0	0.0
182	protein1	608.2	10.95	2.03522625
182	protein2	614.65	12.0	2.01401795
182	protein3	515.3	11.3	2.0879174
182	r2	12.4	0.0	0.0
182	rnapol	0.9	0.0	0.0
183	__protein1_rbs	6.15	0.0	0.0
183	__protein2_rbs	7.4	0.0	0.0
183	__protein3_rbs	6.65	0.0	0.0
183	__ribosome	31.05	0.0	0.0
183	__rnase_site_ext	11.35	0.0	0.0
183	p0	0.85	0.0	0.0
183	p1	0.6	0.0	0.0
183	p2	0.8	0.0	0.0
183	protein1	613.4	10.75	2.0657501000000003
183	protein2	619.25	11.95	2.02278675
183	protein3	519.5	11.35	2.14492335
183	r2	12.25	0.0	0.0
183	rnapol	0.9	0.0	0.0
184	__protein1_rbs	6.9	0.0	0.0
184	__protein2_rbs	7.35	0.0	0.0
184	__protein3_rbs	6.8	0.0	0.0
184	__ribosome	32.15	0.0	0.0
184	__rnase_site_ext	11.4	0.0	0.0
184	p0	0.9	0.0	0.0
184	p1	0.65	0.0	0.0
184	p2	0.9	0.0	0.0
184	protein1	617.65	10.8	2.024413350000001
184	protein2	624.25	12.05	1.98930735
184	protein3	524.15	11.45	2.0746884999999997
184	r2	12.3	0.0	0.0
184	rnapol	0.8	0.0	0.0
185	__protein1_rbs	6.6	0.0	0.0
185	__protein2_rbs	7.65	0.0	0.0
185	__protein3_rbs	7.2	0.0	0.0
185	__ribosome	33.4	0.0	0.0
185	__rnase_site_ext	11.4	0.0	0.0
185	p0	0.95	0.0	0.0
185	p1	0.85	0.0	0.0
185	p2	0.85	0.0	0.0
185	protein1	622.25	10.9	1.9544888999999999
185	protein2	629.35	12.25	1.8815745500000003
185	protein3	528.8	11.5	2.0373196
185	r2	12.2	0.0	0.0
185	rnapol	0.85	0.0	0.0
186	__protein1_rbs	6.55	0.0	0.0
186	__protein2_rbs	7.6	0.0	0.0
186	__protein3_rbs	6.25	0.0	0.0
186	__ribosome	31.95	0.0	0.0
186	__rnase_site_ext	11.45	0.0	0.0
186	p0	1.0	0.0	0.0
186	p1	0.85	0.0	0.0
186	p2	0.8	0.0	0.0
186	protein1	625.75	10.9	2.02581875
186	protein2	633.9	12.3	1.89420525
186	protein3	533.55	11.6	2.0409914000000002
186	r2	12.15	0.0	0.0
186	rnapol	0.9	0.0	0.0
187	__protein1_rbs	6.9	0.0	0.0
187	__protein2_rbs	7.6	0.0	0.0
187	__protein3_rbs	7.0	0.0	0.0
187	__ribosome	32.25	0.0	0.0
187	__rnase_site_ext	11.45	0.0	0.0
187	p0	0.95	0.0	0.0
187	p1	0.85	0.0	0.0
187	p2	0.85	0.0	0.0
187	protein1	630.45	10.9	1.9781306
187	protein2	638.0	12.4	1.92593805
187	protein3	538.0	11.45	2.064168
187	r2	12.25	0.0	0.0
187	rnapol	0.95	0.0	0.0
188	__protein1_rbs	6.35	0.0	0.0
188	__protein2_rbs	7.65	0.0	0.0
188	__protein3_rbs	7.35	0.0	0.0
188	__ribosome	32.75	0.0	0.0
188	__rnase_site_ext	11.4	0.0	0.0
188	p0	0.9	0.0	0.0
188	p1	0.7	0.0	0.0
188	p2	0.75	0.0	0.0
188	protein1	635.15	10.9	1.94077625
188	protein2	643.15	12.45	1.92376195
188	protein3	542.55	11.5	2.04538485
188	r2	12.25	0.0	0.0
188	rnapol	0.85	0.0	0.0
189	__protein1_rbs	6.4	0.0	0.0
189	__protein2_rbs	7.5	0.0	0.0
189	__protein3_rbs	7.25	0.0	0.0
189	__ribosome	32.45	0.0	0.0
189	__rnase_site_ext	11.4	0.0	0.0
189	p0	0.85	0.0	0.0
189	p1	0.75	0.0	0.0
189	p2	0.75	0.0	0.0
189	protein1	639.55	10.75	1.96149595
189	protein2	647.4	12.45	1.99441925
189	protein3	547.05	11.5	2.009389
189	r2	12.35	0.0	0.0
189	rnapol	0.8	0.0	0.0
190	__protein1_rbs	6.85	0.0	0.0
190	__protein2_rbs	7.05	0.0	0.0
190	__protein3_rbs	6.35	0.0	0.0
190	__ribosome	31.15	0.0	0.0
190	__rnase_site_ext	11.4	0.0	0.0
190	p0	1.0	0.0	0.0
190	p1	0.8	0.0	0.0
190	p2	0.9	0.0	0.0
190	protein1	643.2	10.85	1.99133395
190	protein2	652.2	12.55	2.0176113000000004
190	protein3	551.65	11.5	2.0511378
190	r2	12.55	0.0	0.0
190	rnapol	1.15	0.0	0.0
191	__protein1_rbs	5.95	0.0	0.0
191	__protein2_rbs	6.95	0.0	0.0
191	__protein3_rbs	7.45	0.0	0.0
191	__ribosome	30.9	0.0	0.0
191	__rnase_site_ext	11.3	0.0	0.0
191	p0	0.9	0.0	0.0
191	p1	0.7	0.0	0.0
191	p2	0.7	0.0	0.0
191	protein1	647.95	10.8	1.997398
191	protein2	656.75	12.45	2.0945991999999998
191	protein3	556.4	11.5	2.0013367
191	r2	12.5	0.0	0.0
191	rnapol	1.05	0.0	0.0
192	__protein1_rbs	6.75	0.0	0.0
192	__protein2_rbs	7.75	0.0	0.0
192	__protein3_rbs	6.75	0.0	0.0
192	__ribosome	30.75	0.0	0.0
192	__rnase_site_ext	11.45	0.0	0.0
192	p0	0.85	0.0	0.0
192	p1	0.65	0.0	0.0
192	p2	0.6	0.0	0.0
192	protein1	651.4	10.7	2.06601995
192	protein2	661.7	12.45	2.04064355
192	protein3	560.95	11.4	2.03944835
192	r2	12.7	0.0	0.0
192	rnapol	0.95	0.0	0.0
193	__protein1_rbs	6.85	0.0	0.0
193	__protein2_rbs	7.1	0.0	0.0
193	__protein3_rbs	7.5	0.0	0.0
193	__ribosome	32.4	0.0	0.0
193	__rnase_site_ext	11.5	0.0	0.0
193	p0	0.85	0.0	0.0
193	p1	0.85	0.0	0.0
193	p2	0.75	0.0	0.0
193	protein1	656.55	10.8	1.9531813000000002
193	protein2	666.75	12.5	2.0426639
193	protein3	565.3	11.5	1.9586248
193	r2	12.75	0.0	0.0
193	rnapol	0.95	0.0	0.0
194	__protein1_rbs	6.55	0.0	0.0
194	__protein2_rbs	8.0	0.0	0.0
194	__protein3_rbs	7.85	0.0	0.0
194	__ribosome	31.55	0.0	0.0
194	__rnase_site_ext	11.5	0.0	0.0
194	p0	0.85	0.0	0.0
194	p1	0.95	0.0	0.0
194	p2	0.7	0.0	0.0
194	protein1	660.35	10.8	2.00491885
194	protein2	671.4	12.75	2.0359725
194	protein3	569.2	11.6	1.92099675
194	r2	12.8	0.0	0.0
194	rnapol	0.9	0.0	0.0
195	__protein1_rbs	6.6	0.0	0.0
195	__protein2_rbs	7.95	0.0	0.0
195	__protein3_rbs	7.3	0.0	0.0
195	__ribosome	32.7	0.0	0.0
195	__rnase_site_ext	11.55	0.0	0.0
195	p0	0.95	0.0	0.0
195	p1	0.95	0.0	0.0
195	p2	0.85	0.0	0.0
195	protein1	664.45	10.85	2.0041197
195	protein2	676.85	12.65	2.02212775
195	protein3	574.55	11.6	1.8713749
195	r2	12.85	0.0	0.0
195	rnapol	0.9	0.0	0.0
196	__protein1_rbs	6.25	0.0	0.0
196	__protein2_rbs	6.85	0.0	0.0
196	__protein3_rbs	6.8	0.0	0.0
196	__ribosome	32.4	0.0	0.0
196	__rnase_site_ext	11.55	0.0	0.0
196	p0	0.95	0.0	0.0
196	p1	0.8	0.0	0.0
196	p2	0.85	0.0	0.0
196	protein1	669.55	10.9	1.95076525
196	protein2	681.9	12.35	2.11798775
196	protein3	578.9	11.8	1.8509231500000003
196	r2	12.8	0.0	0.0
196	rnapol	1.0	0.0	0.0
197	__protein1_rbs	7.1	0.0	0.0
197	__protein2_rbs	7.9	0.0	0.0
197	__protein3_rbs	6.45	0.0	0.0
197	__ribosome	31.45	0.0	0.0
197	__rnase_site_ext	11.65	0.0	0.0
197	p0	0.95	0.0	0.0
197	p1	0.8	0.0	0.0
197	p2	0.75	0.0	0.0
197	protein1	673.15	10.8	1.97444165
197	protein2	686.5	12.15	2.1131607000000003
197	protein3	583.2	11.8	1.9606360000000005
197	r2	12.9	0.0	0.0
197	rnapol	0.85	0.0	0.0
198	__protein1_rbs	6.2	0.0	0.0
198	__protein2_rbs	7.0	0.0	0.0
198	__protein3_rbs	7.6	0.0	0.0
198	__ribosome	32.05	0.0	0.0
198	__rnase_site_ext	11.6	0.0	0.0
198	p0	0.85	0.0	0.0
198	p1	0.9	0.0	0.0
198	p2	0.85	0.0	0.0
198	protein1	677.1	10.95	2.02930615
198	protein2	692.4	12.2	2.027298
198	protein3	587.8	11.65	1.9397075
198	r2	13.0	0.0	0.0
198	rnapol	0.75	0.0	0.0
199	__protein1_rbs	6.65	0.0	0.0
199	__protein2_rbs	7.3	0.0	0.0
199	__protein3_rbs	7.65	0.0	0.0
199	__ribosome	31.35	0.0	0.0
199	__rnase_site_ext	11.45	0.0	0.0
199	p0	0.95	0.0	0.0
199	p1	0.75	0.0	0.0
199	p2	0.75	0.0	0.0
199	protein1	681.35	10.9	2.04517045
199	protein2	697.15	12.25	2.02098905
199	protein3	591.45	11.75	1.97393505
199	r2	13.15	0.0	0.0
199	rnapol	0.9	0.0	0.0
200	__protein1_rbs	7.15	0.0	0.0
200	__protein2_rbs	7.55	0.0	0.0
200	__protein3_rbs	7.05	0.0	0.0
200	__ribosome	32.15	0.0	0.0
200	__rnase_site_ext	11.4	0.0	0.0
200	p0	0.85	0.0	0.0
200	p1	0.85	0.0	0.0
200	p2	0.75	0.0	0.0
200	protein1	686.0	10.9	1.9914241
200	protein2	702.05	12.15	1.9811470499999997
200	protein3	595.55	11.8	2.0059374
200	r2	13.25	0.0	0.0
200	rnapol	1.0	0.0	0.0
201	__protein1_rbs	6.5	0.0	0.0
201	__protein2_rbs	6.95	0.0	0.0
201	__protein3_rbs	7.75	0.0	0.0
201	__ribosome	31.75	0.0	0.0
201	__rnase_site_ext	11.55	0.0	0.0
201	p0	0.85	0.0	0.0
201	p1	0.8	0.0	0.0
201	p2	0.6	0.0	0.0
201	protein1	690.0	10.8	2.08497865
201	protein2	707.1	12.15	1.9852473999999998
201	protein3	600.3	11.95	1.93531295
201	r2	13.1	0.0	0.0
201	rnapol	0.9	0.0	0.0
202	__protein1_rbs	6.5	0.0	0.0
202	__protein2_rbs	7.4	0.0	0.0
202	__protein3_rbs	7.0	0.0	0.0
202	__ribosome	31.15	0.0	0.0
202	__rnase_site_ext	11.75	0.0	0.0
202	p0	0.8	0.0	0.0
202	p1	0.8	0.0	0.0
202	p2	0.85	0.0	0.0
202	protein1	693.95	10.95	2.09325735
202	protein2	711.2	12.15	2.0456421000000002
202	protein3	605.4	11.95	1.9006877
202	r2	13.05	0.0	0.0
202	rnapol	0.85	0.0	0.0
203	__protein1_rbs	7.8	0.0	0.0
203	__protein2_rbs	6.6	0.0	0.0
203	__protein3_rbs	7.45	0.0	0.0
203	__ribosome	31.9	0.0	0.0
203	__rnase_site_ext	11.7	0.0	0.0
203	p0	0.9	0.0	0.0
203	p1	0.85	0.0	0.0
203	p2	0.9	0.0	0.0
203	protein1	698.75	11.0	1.9659812000000003
203	protein2	716.85	12.05	2.07389405
203	protein3	609.35	12.1	1.9358125
203	r2	13.0	0.0	0.0
203	rnapol	0.85	0.0	0.0
204	__protein1_rbs	6.35	0.0	0.0
204	__protein2_rbs	7.25	0.0	0.0
204	__protein3_rbs	8.1	0.0	0.0
204	__ribosome	31.55	0.0	0.0
204	__rnase_site_ext	11.75	0.0	0.0
204	p0	0.8	0.0	0.0
204	p1	0.75	0.0	0.0
204	p2	0.85	0.0	0.0
204	protein1	703.45	11.0	1.965721
204	protein2	721.0	12.2	2.08693335
204	protein3	614.1	12.2	1.86545045
204	r2	13.15	0.0	0.0
204	rnapol	0.7	0.0	0.0
205	__protein1_rbs	7.1	0.0	0.0
205	__protein2_rbs	7.55	0.0	0.0
205	__protein3_rbs	7.0	0.0	0.0
205	__ribosome	30.9	0.0	0.0
205	__rnase_site_ext	11.85	0.0	0.0
205	p0	0.85	0.0	0.0
205	p1	0.8	0.0	0.0
205	p2	0.8	0.0	0.0
205	protein1	707.4	11.1	1.9400721
205	protein2	725.85	12.25	2.04373575
205	protein3	618.35	12.15	1.9503372000000003
205	r2	12.95	0.0	0.0
205	rnapol	0.65	0.0	0.0
206	__protein1_rbs	7.45	0.0	0.0
206	__protein2_rbs	7.7	0.0	0.0
206	__protein3_rbs	7.45	0.0	0.0
206	__ribosome	31.8	0.0	0.0
206	__rnase_site_ext	11.9	0.0	0.0
206	p0	0.85	0.0	0.0
206	p1	0.85	0.0	0.0
206	p2	0.75	0.0	0.0
206	protein1	711.9	11.25	1.85803425
206	protein2	730.95	12.25	2.0455421
206	protein3	623.1	12.2	1.92190705
206	r2	12.9	0.0	0.0
206	rnapol	0.6	0.0	0.0
207	__protein1_rbs	6.6	0.0	0.0
207	__protein2_rbs	7.6	0.0	0.0
207	__protein3_rbs	8.1	0.0	0.0
207	__ribosome	31.15	0.0	0.0
207	__rnase_site_ext	11.9	0.0	0.0
207	p0	0.8	0.0	0.0
207	p1	0.85	0.0	0.0
207	p2	0.85	0.0	0.0
207	protein1	716.05	11.25	1.91326845
207	protein2	735.85	12.25	2.0369550500000004
207	protein3	627.6	12.25	1.9073023
207	r2	12.75	0.0	0.0
207	rnapol	0.6	0.0	0.0
208	__protein1_rbs	7.25	0.0	0.0
208	__protein2_rbs	7.65	0.0	0.0
208	__protein3_rbs	7.75	0.0	0.0
208	__ribosome	31.35	0.0	0.0
208	__rnase_site_ext	11.95	0.0	0.0
208	p0	1.0	0.0	0.0
208	p1	0.7	0.0	0.0
208	p2	0.75	0.0	0.0
208	protein1	720.2	11.3	1.8950137
208	protein2	740.75	12.25	2.0257794
208	protein3	632.25	12.3	1.9087759999999998
208	r2	12.8	0.0	0.0
208	rnapol	0.7	0.0	0.0
209	__protein1_rbs	7.6	0.0	0.0
209	__protein2_rbs	6.65	0.0	0.0
209	__protein3_rbs	7.2	0.0	0.0
209	__ribosome	30.8	0.0	0.0
209	__rnase_site_ext	12.0	0.0	0.0
209	p0	0.8	0.0	0.0
209	p1	0.7	0.0	0.0
209	p2	0.7	0.0	0.0
209	protein1	724.3	11.4	1.8561147
209	protein2	745.9	12.15	2.08759855
209	protein3	636.5	12.2	1.9782329499999995
209	r2	12.9	0.0	0.0
209	rnapol	0.8	0.0	0.0
210	__protein1_rbs	6.65	0.0	0.0
210	__protein2_rbs	7.4	0.0	0.0
210	__protein3_rbs	7.7	0.0	0.0
210	__ribosome	30.7	0.0	0.0
210	__rnase_site_ext	12.1	0.0	0.0
210	p0	0.9	0.0	0.0
210	p1	0.8	0.0	0.0
210	p2	0.8	0.0	0.0
210	protein1	728.7	11.4	1.8782187999999995
210	protein2	750.6	12.25	2.0519575
210	protein3	641.45	12.2	1.9688852
210	r2	12.75	0.0	0.0
210	rnapol	0.75	0.0	0.0
211	__protein1_rbs	6.7	0.0	0.0
211	__protein2_rbs	7.35	0.0	0.0
211	__protein3_rbs	7.4	0.0	0.0
211	__ribosome	30.5	0.0	0.0
211	__rnase_site_ext	12.15	0.0	0.0
211	p0	0.8	0.0	0.0
211	p1	0.75	0.0	0.0
211	p2	0.8	0.0	0.0
211	protein1	733.3	11.45	1.86833435
211	protein2	755.45	12.3	2.0587039000000003
211	protein3	646.8	12.35	1.9476340999999997
211	r2	12.85	0.0	0.0
211	rnapol	0.65	0.0	0.0
212	__protein1_rbs	7.4	0.0	0.0
212	__protein2_rbs	7.85	0.0	0.0
212	__protein3_rbs	7.35	0.0	0.0
212	__ribosome	30.05	0.0	0.0
212	__rnase_site_ext	12.2	0.0	0.0
212	p0	0.8	0.0	0.0
212	p1	0.65	0.0	0.0
212	p2	0.8	0.0	0.0
212	protein1	737.15	11.5	1.8705579
212	protein2	760.55	12.4	1.9869258000000003
212	protein3	650.75	12.15	2.0472364500000007
212	r2	12.85	0.0	0.0
212	rnapol	0.55	0.0	0.0
213	__protein1_rbs	7.3	0.0	0.0
213	__protein2_rbs	8.1	0.0	0.0
213	__protein3_rbs	7.15	0.0	0.0
213	__ribosome	29.8	0.0	0.0
213	__rnase_site_ext	12.35	0.0	0.0
213	p0	0.85	0.0	0.0
213	p1	0.65	0.0	0.0
213	p2	0.85	0.0	0.0
213	protein1	741.05	11.65	1.9110666
213	protein2	764.8	12.3	1.9716314500000007
213	protein3	655.7	12.2	2.01700635
213	r2	12.9	0.0	0.0
213	rnapol	0.55	0.0	0.0
214	__protein1_rbs	7.1	0.0	0.0
214	__protein2_rbs	7.4	0.0	0.0
214	__protein3_rbs	7.1	0.0	0.0
214	__ribosome	29.75	0.0	0.0
214	__rnase_site_ext	12.3	0.0	0.0
214	p0	1.0	0.0	0.0
214	p1	0.75	0.0	0.0
214	p2	0.8	0.0	0.0
214	protein1	745.15	11.7	1.9406048
214	protein2	769.95	12.4	1.9521348000000005
214	protein3	660.8	12.0	2.0277460999999994
214	r2	12.7	0.0	0.0
214	rnapol	0.65	0.0	0.0
215	__protein1_rbs	7.1	0.0	0.0
215	__protein2_rbs	8.15	0.0	0.0
215	__protein3_rbs	7.8	0.0	0.0
215	__ribosome	30.4	0.0	0.0
215	__rnase_site_ext	12.2	0.0	0.0
215	p0	0.95	0.0	0.0
215	p1	0.8	0.0	0.0
215	p2	0.85	0.0	0.0
215	protein1	750.0	11.75	1.9409982500000005
215	protein2	775.35	12.55	1.8857393
215	protein3	665.05	11.95	2.0310201
215	r2	12.7	0.0	0.0
215	rnapol	0.65	0.0	0.0
216	__protein1_rbs	7.15	0.0	0.0
216	__protein2_rbs	8.45	0.0	0.0
216	__protein3_rbs	7.2	0.0	0.0
216	__ribosome	30.9	0.0	0.0
216	__rnase_site_ext	12.3	0.0	0.0
216	p0	0.95	0.0	0.0
216	p1	0.8	0.0	0.0
216	p2	0.9	0.0	0.0
216	protein1	754.55	11.7	1.9624622000000005
216	protein2	780.15	12.7	1.8199056
216	protein3	670.1	11.95	2.0191068
216	r2	12.85	0.0	0.0
216	rnapol	0.65	0.0	0.0
217	__protein1_rbs	7.25	0.0	0.0
217	__protein2_rbs	7.1	0.0	0.0
217	__protein3_rbs	7.05	0.0	0.0
217	__ribosome	30.35	0.0	0.0
217	__rnase_site_ext	12.15	0.0	0.0
217	p0	0.85	0.0	0.0
217	p1	0.8	0.0	0.0
217	p2	0.75	0.0	0.0
217	protein1	758.65	11.75	1.9680736
217	protein2	784.85	12.55	1.9225500500000003
217	protein3	674.95	11.85	1.9777532500000004
217	r2	12.9	0.0	0.0
217	rnapol	0.7	0.0	0.0
218	__protein1_rbs	6.95	0.0	0.0
218	__protein2_rbs	8.2	0.0	0.0
218	__protein3_rbs	7.15	0.0	0.0
218	__ribosome	30.4	0.0	0.0
218	__rnase_site_ext	12.15	0.0	0.0
218	p0	0.9	0.0	0.0
218	p1	0.8	0.0	0.0
218	p2	0.75	0.0	0.0
218	protein1	763.1	11.65	1.9879813999999998
218	protein2	789.05	12.45	1.9485811
218	protein3	679.8	11.75	1.9951356500000004
218	r2	12.85	0.0	0.0
218	rnapol	0.6	0.0	0.0
219	__protein1_rbs	7.4	0.0	0.0
219	__protein2_rbs	7.65	0.0	0.0
219	__protein3_rbs	7.25	0.0	0.0
219	__ribosome	31.25	0.0	0.0
219	__rnase_site_ext	12.0	0.0	0.0
219	p0	0.9	0.0	0.0
219	p1	0.6	0.0	0.0
219	p2	0.85	0.0	0.0
219	protein1	767.85	11.65	1.94252415
219	protein2	794.0	12.45	1.9184638999999999
219	protein3	684.6	12.0	1.94165835
219	r2	13.0	0.0	0.0
219	rnapol	0.75	0.0	0.0
220	__protein1_rbs	6.8	0.0	0.0
220	__protein2_rbs	7.3	0.0	0.0
220	__protein3_rbs	7.45	0.0	0.0
220	__ribosome	30.75	0.0	0.0
220	__rnase_site_ext	12.1	0.0	0.0
220	p0	0.8	0.0	0.0
220	p1	0.7	0.0	0.0
220	p2	0.85	0.0	0.0
220	protein1	772.7	11.5	1.9759333
220	protein2	799.1	12.55	1.9305669000000003
220	protein3	689.15	12.15	1.9156071
220	r2	13.1	0.0	0.0
220	rnapol	0.65	0.0	0.0
221	__protein1_rbs	7.3	0.0	0.0
221	__protein2_rbs	8.4	0.0	0.0
221	__protein3_rbs	7.4	0.0	0.0
221	__ribosome	31.1	0.0	0.0
221	__rnase_site_ext	12.15	0.0	0.0
221	p0	0.95	0.0	0.0
221	p1	0.9	0.0	0.0
221	p2	0.7	0.0	0.0
221	protein1	777.1	11.6	1.9284334500000004
221	protein2	803.7	12.55	1.87419735
221	protein3	693.4	12.05	1.978705
221	r2	13.2	0.0	0.0
221	rnapol	0.75	0.0	0.0
222	__protein1_rbs	6.95	0.0	0.0
222	__protein2_rbs	7.4	0.0	0.0
222	__protein3_rbs	7.8	0.0	0.0
222	__ribosome	30.3	0.0	0.0
222	__rnase_site_ext	12.1	0.0	0.0
222	p0	1.0	0.0	0.0
222	p1	0.95	0.0	0.0
222	p2	0.65	0.0	0.0
222	protein1	781.4	11.6	1.98196785
222	protein2	808.3	12.75	1.9178102000000004
222	protein3	698.25	12.05	1.9527404
222	r2	13.15	0.0	0.0
222	rnapol	0.8	0.0	0.0
223	__protein1_rbs	7.0	0.0	0.0
223	__protein2_rbs	7.3	0.0	0.0
223	__protein3_rbs	7.4	0.0	0.0
223	__ribosome	29.65	0.0	0.0
223	__rnase_site_ext	12.05	0.0	0.0
223	p0	0.95	0.0	0.0
223	p1	0.9	0.0	0.0
223	p2	0.75	0.0	0.0
223	protein1	786.2	11.65	1.98288025
223	protein2	812.9	12.7	1.9603786
223	protein3	702.8	12.1	1.9580878
223	r2	13.1	0.0	0.0
223	rnapol	0.9	0.0	0.0
224	__protein1_rbs	7.1	0.0	0.0
224	__protein2_rbs	7.6	0.0	0.0
224	__protein3_rbs	7.25	0.0	0.0
224	__ribosome	28.9	0.0	0.0
224	__rnase_site_ext	12.05	0.0	0.0
224	p0	0.7	0.0	0.0
224	p1	0.85	0.0	0.0
224	p2	0.9	0.0	0.0
224	protein1	790.7	11.65	2.00121415
224	protein2	817.5	12.7	1.98797655
224	protein3	707.25	12.05	1.9903903000000003
224	r2	13.2	0.0	0.0
224	rnapol	0.65	0.0	0.0
225	__protein1_rbs	7.35	0.0	0.0
225	__protein2_rbs	7.9	0.0	0.0
225	__protein3_rbs	7.5	0.0	0.0
225	__ribosome	29.7	0.0	0.0
225	__rnase_site_ext	12.15	0.0	0.0
225	p0	0.9	0.0	0.0
225	p1	0.75	0.0	0.0
225	p2	0.9	0.0	0.0
225	protein1	795.15	11.55	1.9949773500000003
225	protein2	822.25	12.75	1.99840205
225	protein3	712.2	12.15	1.916921
225	r2	13.25	0.0	0.0
225	rnapol	0.9	0.0	0.0
226	__protein1_rbs	7.45	0.0	0.0
226	__protein2_rbs	7.95	0.0	0.0
226	__protein3_rbs	7.2	0.0	0.0
226	__ribosome	29.35	0.0	0.0
226	__rnase_site_ext	12.2	0.0	0.0
226	p0	0.9	0.0	0.0
226	p1	0.85	0.0	0.0
226	p2	0.85	0.0	0.0
226	protein1	799.6	11.8	1.9170393000000003
226	protein2	827.0	12.75	2.0049900000000003
226	protein3	716.35	12.2	1.97732495
226	r2	13.45	0.0	0.0
226	rnapol	0.85	0.0	0.0
227	__protein1_rbs	6.8	0.0	0.0
227	__protein2_rbs	7.0	0.0	0.0
227	__protein3_rbs	7.4	0.0	0.0
227	__ribosome	28.8	0.0	0.0
227	__rnase_site_ext	12.25	0.0	0.0
227	p0	1.0	0.0	0.0
227	p1	0.8	0.0	0.0
227	p2	0.75	0.0	0.0
227	protein1	804.05	11.7	1.9656046000000005
227	protein2	832.25	12.85	2.0163245
227	protein3	721.05	12.15	1.96311915
227	r2	13.4	0.0	0.0
227	rnapol	0.95	0.0	0.0
228	__protein1_rbs	6.65	0.0	0.0
228	__protein2_rbs	7.8	0.0	0.0
228	__protein3_rbs	7.25	0.0	0.0
228	__ribosome	29.05	0.0	0.0
228	__rnase_site_ext	12.3	0.0	0.0
228	p0	0.85	0.0	0.0
228	p1	0.7	0.0	0.0
228	p2	0.6	0.0	0.0
228	protein1	808.95	11.8	1.91433675
228	protein2	837.55	12.95	1.9687466
228	protein3	725.7	12.1	1.9879691
228	r2	13.35	0.0	0.0
228	rnapol	0.9	0.0	0.0
229	__protein1_rbs	7.6	0.0	0.0
229	__protein2_rbs	7.9	0.0	0.0
229	__protein3_rbs	7.9	0.0	0.0
229	__ribosome	29.9	0.0	0.0
229	__rnase_site_ext	12.3	0.0	0.0
229	p0	0.95	0.0	0.0
229	p1	0.9	0.0	0.0
229	p2	0.55	0.0	0.0
229	protein1	813.2	11.85	1.8918055000000005
229	protein2	842.7	12.75	1.9556304
229	protein3	730.3	12.2	1.9471037
229	r2	13.35	0.0	0.0
229	rnapol	1.15	0.0	0.0
230	__protein1_rbs	6.85	0.0	0.0
230	__protein2_rbs	8.05	0.0	0.0
230	__protein3_rbs	8.15	0.0	0.0
230	__ribosome	29.5	0.0	0.0
230	__rnase_site_ext	12.2	0.0	0.0
230	p0	0.85	0.0	0.0
230	p1	0.85	0.0	0.0
230	p2	0.8	0.0	0.0
230	protein1	817.35	11.9	1.9438728
230	protein2	847.25	12.9	1.94856675
230	protein3	734.8	12.2	1.90304895
230	r2	13.3	0.0	0.0
230	rnapol	1.2	0.0	0.0
231	__protein1_rbs	7.25	0.0	0.0
231	__protein2_rbs	8.25	0.0	0.0
231	__protein3_rbs	7.6	0.0	0.0
231	__ribosome	30.0	0.0	0.0
231	__rnase_site_ext	12.1	0.0	0.0
231	p0	1.0	0.0	0.0
231	p1	0.75	0.0	0.0
231	p2	0.9	0.0	0.0
231	protein1	822.05	11.8	1.9562869999999999
231	protein2	852.3	12.9	1.94661445
231	protein3	740.0	12.3	1.8529398
231	r2	13.25	0.0	0.0
231	rnapol	1.35	0.0	0.0
232	__protein1_rbs	7.05	0.0	0.0
232	__protein2_rbs	8.4	0.0	0.0
232	__protein3_rbs	8.25	0.0	0.0
232	__ribosome	31.55	0.0	0.0
232	__rnase_site_ext	12.25	0.0	0.0
232	p0	0.7	0.0	0.0
232	p1	0.6	0.0	0.0
232	p2	0.9	0.0	0.0
232	protein1	826.75	11.7	1.94757905
232	protein2	857.55	12.85	1.9040043500000003
232	protein3	744.65	12.3	1.80212875
232	r2	13.25	0.0	0.0
232	rnapol	1.05	0.0	0.0
233	__protein1_rbs	6.6	0.0	0.0
233	__protein2_rbs	8.2	0.0	0.0
233	__protein3_rbs	7.2	0.0	0.0
233	__ribosome	30.2	0.0	0.0
233	__rnase_site_ext	12.2	0.0	0.0
233	p0	0.95	0.0	0.0
233	p1	0.9	0.0	0.0
233	p2	0.95	0.0	0.0
233	protein1	831.15	11.9	1.9900932
233	protein2	862.75	12.7	1.90959175
233	protein3	749.0	12.2	1.8756623500000005
233	r2	13.35	0.0	0.0
233	rnapol	1.15	0.0	0.0
234	__protein1_rbs	7.2	0.0	0.0
234	__protein2_rbs	7.65	0.0	0.0
234	__protein3_rbs	7.05	0.0	0.0
234	__ribosome	29.25	0.0	0.0
234	__rnase_site_ext	12.05	0.0	0.0
234	p0	0.95	0.0	0.0
234	p1	0.85	0.0	0.0
234	p2	0.9	0.0	0.0
234	protein1	835.65	11.85	2.003178450000001
234	protein2	867.4	12.9	1.91184935
234	protein3	753.6	12.1	1.9269840999999992
234	r2	13.3	0.0	0.0
234	rnapol	1.25	0.0	0.0
235	__protein1_rbs	7.45	0.0	0.0
235	__protein2_rbs	9.0	0.0	0.0
235	__protein3_rbs	7.45	0.0	0.0
235	__ribosome	30.65	0.0	0.0
235	__rnase_site_ext	12.2	0.0	0.0
235	p0	0.8	0.0	0.0
235	p1	0.8	0.0	0.0
235	p2	0.8	0.0	0.0
235	protein1	840.35	11.7	2.01582895
235	protein2	872.4	12.85	1.84092465
235	protein3	758.1	12.0	1.948623
235	r2	13.35	0.0	0.0
235	rnapol	1.2	0.0	0.0
236	__protein1_rbs	7.65	0.0	0.0
236	__protein2_rbs	7.2	0.0	0.0
236	__protein3_rbs	7.6	0.0	0.0
236	__ribosome	29.1	0.0	0.0
236	__rnase_site_ext	12.05	0.0	0.0
236	p0	0.85	0.0	0.0
236	p1	0.7	0.0	0.0
236	p2	0.85	0.0	0.0
236	protein1	844.55	11.75	2.0127143999999992
236	protein2	877.0	12.85	1.9194089
236	protein3	762.2	12.05	1.9765933499999997
236	r2	13.3	0.0	0.0
236	rnapol	1.35	0.0	0.0
237	__protein1_rbs	7.25	0.0	0.0
237	__protein2_rbs	7.65	0.0	0.0
237	__protein3_rbs	7.8	0.0	0.0
237	__ribosome	29.3	0.0	0.0
237	__rnase_site_ext	12.2	0.0	0.0
237	p0	0.9	0.0	0.0
237	p1	0.85	0.0	0.0
237	p2	0.8	0.0	0.0
237	protein1	849.45	11.65	2.0201211
237	protein2	881.55	12.65	1.9673054000000003
237	protein3	766.55	12.15	1.9597606
237	r2	13.3	0.0	0.0
237	rnapol	1.3	0.0	0.0
238	__protein1_rbs	7.55	0.0	0.0
238	__protein2_rbs	7.75	0.0	0.0
238	__protein3_rbs	7.35	0.0	0.0
238	__ribosome	30.75	0.0	0.0
238	__rnase_site_ext	12.25	0.0	0.0
238	p0	0.85	0.0	0.0
238	p1	0.8	0.0	0.0
238	p2	0.95	0.0	0.0
238	protein1	854.15	11.75	1.9393447
238	protein2	886.4	12.85	1.93052115
238	protein3	771.85	11.95	1.9404273
238	r2	13.35	0.0	0.0
238	rnapol	1.3	0.0	0.0
239	__protein1_rbs	7.5	0.0	0.0
239	__protein2_rbs	7.5	0.0	0.0
239	__protein3_rbs	7.7	0.0	0.0
239	__ribosome	31.05	0.0	0.0
239	__rnase_site_ext	12.3	0.0	0.0
239	p0	0.95	0.0	0.0
239	p1	0.7	0.0	0.0
239	p2	1.0	0.0	0.0
239	protein1	859.2	11.85	1.8493426
239	protein2	891.4	12.85	1.9440752000000001
239	protein3	776.1	12.1	1.9244841500000005
239	r2	13.45	0.0	0.0
239	rnapol	1.25	0.0	0.0
240	__protein1_rbs	7.9	0.0	0.0
240	__protein2_rbs	8.1	0.0	0.0
240	__protein3_rbs	8.05	0.0	0.0
240	__ribosome	31.1	0.0	0.0
240	__rnase_site_ext	12.5	0.0	0.0
240	p0	0.75	0.0	0.0
240	p1	0.75	0.0	0.0
240	p2	0.8	0.0	0.0
240	protein1	863.2	11.85	1.8720802
240	protein2	896.0	12.95	1.96230855
240	protein3	780.85	12.0	1.8853416
240	r2	13.5	0.0	0.0
240	rnapol	1.05	0.0	0.0
241	__protein1_rbs	7.15	0.0	0.0
241	__protein2_rbs	7.75	0.0	0.0
241	__protein3_rbs	7.55	0.0	0.0
241	__ribosome	31.0	0.0	0.0
241	__rnase_site_ext	12.6	0.0	0.0
241	p0	0.95	0.0	0.0
241	p1	0.9	0.0	0.0
241	p2	0.8	0.0	0.0
241	protein1	868.0	11.85	1.89924965
241	protein2	901.6	13.05	1.92066265
241	protein3	785.4	12.05	1.8927377
241	r2	13.45	0.0	0.0
241	rnapol	1.1	0.0	0.0
242	__protein1_rbs	7.6	0.0	0.0
242	__protein2_rbs	7.25	0.0	0.0
242	__protein3_rbs	7.45	0.0	0.0
242	__ribosome	29.7	0.0	0.0
242	__rnase_site_ext	12.65	0.0	0.0
242	p0	0.85	0.0	0.0
242	p1	0.75	0.0	0.0
242	p2	0.8	0.0	0.0
242	protein1	872.1	12.1	1.88716465
242	protein2	906.3	13.1	1.9609288
242	protein3	789.8	11.95	1.9139608000000004
242	r2	13.4	0.0	0.0
242	rnapol	1.05	0.0	0.0
243	__protein1_rbs	8.4	0.0	0.0
243	__protein2_rbs	8.35	0.0	0.0
243	__protein3_rbs	7.25	0.0	0.0
243	__ribosome	30.95	0.0	0.0
243	__rnase_site_ext	12.8	0.0	0.0
243	p0	0.95	0.0	0.0
243	p1	0.7	0.0	0.0
243	p2	0.85	0.0	0.0
243	protein1	876.75	12.1	1.79979605
243	protein2	911.2	13.0	1.95524395
243	protein3	794.35	11.95	1.91414475
243	r2	13.55	0.0	0.0
243	rnapol	1.0	0.0	0.0
244	__protein1_rbs	7.35	0.0	0.0
244	__protein2_rbs	8.55	0.0	0.0
244	__protein3_rbs	7.6	0.0	0.0
244	__ribosome	30.45	0.0	0.0
244	__rnase_site_ext	12.85	0.0	0.0
244	p0	0.95	0.0	0.0
244	p1	0.65	0.0	0.0
244	p2	0.8	0.0	0.0
244	protein1	880.95	12.25	1.8418631
244	protein2	916.4	13.1	1.9311638999999998
244	protein3	799.05	12.0	1.90656545
244	r2	13.45	0.0	0.0
244	rnapol	0.9	0.0	0.0
245	__protein1_rbs	7.35	0.0	0.0
245	__protein2_rbs	8.45	0.0	0.0
245	__protein3_rbs	7.45	0.0	0.0
245	__ribosome	29.8	0.0	0.0
245	__rnase_site_ext	12.9	0.0	0.0
245	p0	0.9	0.0	0.0
245	p1	0.7	0.0	0.0
245	p2	0.75	0.0	0.0
245	protein1	885.15	12.3	1.8931954
245	protein2	921.1	13.15	1.93611945
245	protein3	803.75	12.1	1.8665327000000005
245	r2	13.4	0.0	0.0
245	rnapol	0.95	0.0	0.0
246	__protein1_rbs	7.95	0.0	0.0
246	__protein2_rbs	8.3	0.0	0.0
246	__protein3_rbs	7.4	0.0	0.0
246	__ribosome	29.3	0.0	0.0
246	__rnase_site_ext	12.75	0.0	0.0
246	p0	1.0	0.0	0.0
246	p1	0.8	0.0	0.0
246	p2	0.9	0.0	0.0
246	protein1	889.85	12.35	1.8551667000000005
246	protein2	925.8	13.25	1.93707695
246	protein3	807.55	12.1	1.9324288
246	r2	13.4	0.0	0.0
246	rnapol	0.85	0.0	0.0
247	__protein1_rbs	7.85	0.0	0.0
247	__protein2_rbs	8.45	0.0	0.0
247	__protein3_rbs	7.4	0.0	0.0
247	__ribosome	29.55	0.0	0.0
247	__rnase_site_ext	12.95	0.0	0.0
247	p0	0.75	0.0	0.0
247	p1	0.9	0.0	0.0
247	p2	0.85	0.0	0.0
247	protein1	894.3	12.25	1.8599311
247	protein2	931.4	13.45	1.83475525
247	protein3	812.0	12.2	1.94203425
247	r2	13.55	0.0	0.0
247	rnapol	0.7	0.0	0.0
248	__protein1_rbs	7.05	0.0	0.0
248	__protein2_rbs	7.95	0.0	0.0
248	__protein3_rbs	7.6	0.0	0.0
248	__ribosome	28.8	0.0	0.0
248	__rnase_site_ext	12.8	0.0	0.0
248	p0	1.0	0.0	0.0
248	p1	0.65	0.0	0.0
248	p2	0.85	0.0	0.0
248	protein1	898.55	12.25	1.9403944999999996
248	protein2	936.6	13.5	1.84944115
248	protein3	816.65	12.2	1.9411663
248	r2	13.45	0.0	0.0
248	rnapol	0.8	0.0	0.0
249	__protein1_rbs	8.65	0.0	0.0
249	__protein2_rbs	8.65	0.0	0.0
249	__protein3_rbs	7.8	0.0	0.0
249	__ribosome	29.95	0.0	0.0
249	__rnase_site_ext	12.75	0.0	0.0
249	p0	1.0	0.0	0.0
249	p1	0.75	0.0	0.0
249	p2	0.8	0.0	0.0
249	protein1	903.3	12.25	1.8374466000000005
249	protein2	941.35	13.4	1.85504015
249	protein3	821.3	12.2	1.9288714
249	r2	13.55	0.0	0.0
249	rnapol	0.9	0.0	0.0
250	__protein1_rbs	7.15	0.0	0.0
250	__protein2_rbs	8.6	0.0	0.0
250	__protein3_rbs	7.3	0.0	0.0
250	__ribosome	30.15	0.0	0.0
250	__rnase_site_ext	12.8	0.0	0.0
250	p0	0.8	0.0	0.0
250	p1	0.8	0.0	0.0
250	p2	0.9	0.0	0.0
250	protein1	907.9	12.15	1.87293775
250	protein2	946.2	13.4	1.860583
250	protein3	826.1	12.1	1.9115802
250	r2	13.6	0.0	0.0
250	rnapol	0.85	0.0	0.0
