time	species	protein	transcript	ribo_density
0	__protein1_rbs	0.0	0.0	0.0
0	__protein2_rbs	0.0	0.0	0.0
0	__protein3_rbs	0.0	0.0	0.0
0	__ribosome	100.0	0.0	0.0
0	__rnase_site_ext	0.0	0.0	0.0
0	p0	1.0	0.0	0.0
0	p1	1.0	0.0	0.0
0	r0	0.0	0.0	0.0
0	r2	0.0	0.0	0.0
0	rnapol	4.0	0.0	0.0
1	__protein1_rbs	0.0	0.0	0.0
1	__protein2_rbs	0.0	0.0	0.0
1	__protein3_rbs	0.0	0.0	0.0
1	__ribosome	100.0	0.0	0.0
1	__rnase_site_ext	1.05	0.0	0.0
1	p0	0.3	0.0	0.0
1	p1	1.0	0.0	0.0
1	r0	1.0	0.0	0.0
1	r2	0.0	0.0	0.0
1	rnapol	2.65	0.0	0.0
2	__protein1_rbs	0.3	0.0	0.0
2	__protein2_rbs	0.0	0.0	0.0
2	__protein3_rbs	0.0	0.0	0.0
2	__ribosome	99.8	0.0	0.0
2	__rnase_site_ext	1.9	0.0	0.0
2	p0	0.15	0.0	0.0
2	p1	1.0	0.0	0.0
2	protein1	0.0	0.5	0.2
2	r0	1.9	0.0	0.0
2	r2	0.0	0.0	0.0
2	rnapol	1.8	0.0	0.0
3	__protein1_rbs	0.75	0.0	0.0
3	__protein2_rbs	0.0	0.0	0.0
3	__protein3_rbs	0.0	0.0	0.0
3	__ribosome	99.05	0.0	0.0
3	__rnase_site_ext	2.75	0.0	0.0
3	p0	0.2	0.0	0.0
3	p1	1.0	0.0	0.0
3	protein1	0.0	1.4	0.675
3	r0	2.65	0.0	0.0
3	r2	0.0	0.0	0.0
3	rnapol	0.95	0.0	0.0
4	__protein1_rbs	0.6	0.0	0.0
4	__protein2_rbs	0.0	0.0	0.0
4	__protein3_rbs	0.0	0.0	0.0
4	__ribosome	97.45	0.0	0.0
4	__rnase_site_ext	3.35	0.0	0.0
4	p0	0.35	0.0	0.0
4	p1	1.0	0.0	0.0
4	protein1	0.0	2.15	1.1916666999999999
4	r0	3.2	0.0	0.0
4	r2	0.0	0.0	0.0
4	rnapol	0.3	0.0	0.0
5	__protein1_rbs	1.2	0.0	0.0
5	__protein2_rbs	0.0	0.0	0.0
5	__protein3_rbs	0.0	0.0	0.0
5	__ribosome	95.6	0.0	0.0
5	__rnase_site_ext	3.7	0.0	0.0
5	p0	0.7	0.0	0.0
5	p1	1.0	0.0	0.0
5	protein1	0.0	3.05	1.45416665
5	r0	3.65	0.0	0.0
5	r2	0.0	0.0	0.0
5	rnapol	0.0	0.0	0.0
6	__protein1_rbs	1.25	0.0	0.0
6	__protein2_rbs	0.0	0.0	0.0
6	__protein3_rbs	0.0	0.0	0.0
6	__ribosome	93.4	0.0	0.0
6	__rnase_site_ext	3.65	0.0	0.0
6	p0	1.0	0.0	0.0
6	p1	1.0	0.0	0.0
6	protein1	0.0	3.45	1.9375
6	r0	3.65	0.0	0.0
6	r2	0.0	0.0	0.0
6	rnapol	0.0	0.0	0.0
7	__protein1_rbs	1.25	0.0	0.0
7	__protein2_rbs	0.0	0.0	0.0
7	__protein3_rbs	0.0	0.0	0.0
7	__ribosome	91.45	0.0	0.0
7	__rnase_site_ext	3.6	0.0	0.0
7	p0	1.0	0.0	0.0
7	p1	0.65	0.0	0.0
7	protein1	0.3	3.7	2.33333335
7	r0	3.6	0.0	0.0
7	r2	0.0	0.0	0.0
7	rnapol	0.0	0.0	0.0
8	__protein1_rbs	1.75	0.0	0.0
8	__protein2_rbs	0.0	0.0	0.0
8	__protein3_rbs	0.0	0.0	0.0
8	__ribosome	90.45	0.0	0.0
8	__rnase_site_ext	3.6	0.0	0.0
8	p0	1.0	0.0	0.0
8	p1	0.1	0.0	0.0
8	protein1	1.15	3.65	2.6291667000000003
8	r0	3.6	0.0	0.0
8	r2	0.0	0.0	0.0
8	rnapol	0.0	0.0	0.0
9	__protein1_rbs	1.25	0.0	0.0
9	__protein2_rbs	0.0	0.0	0.0
9	__protein3_rbs	0.0	0.0	0.0
9	__ribosome	89.55	0.0	0.0
9	__rnase_site_ext	3.5	0.0	0.0
9	p0	1.0	0.0	0.0
9	p1	0.0	0.0	0.0
9	protein1	2.65	3.6	2.9208333
9	r0	3.5	0.0	0.0
9	r2	0.0	0.0	0.0
9	rnapol	0.0	0.0	0.0
10	__protein1_rbs	1.15	0.0	0.0
10	__protein2_rbs	0.2	0.0	0.0
10	__protein3_rbs	0.0	0.0	0.0
10	__ribosome	88.8	0.0	0.0
10	__rnase_site_ext	3.5	0.0	0.0
10	p0	1.0	0.0	0.0
10	p1	0.05	0.0	0.0
10	protein1	3.95	3.55	3.1999999500000005
10	protein2	0.0	0.2	0.0
10	r0	3.5	0.0	0.0
10	r2	0.0	0.0	0.0
10	rnapol	0.0	0.0	0.0
11	__protein1_rbs	1.25	0.0	0.0
11	__protein2_rbs	0.5	0.0	0.0
11	__protein3_rbs	0.0	0.0	0.0
11	__ribosome	88.3	0.0	0.0
11	__rnase_site_ext	3.4	0.0	0.0
11	p0	1.0	0.0	0.0
11	p1	0.0	0.0	0.0
11	protein1	6.05	3.5	3.25
11	protein2	0.0	0.85	0.325
11	r0	3.4	0.0	0.0
11	r2	0.0	0.0	0.0
11	rnapol	0.0	0.0	0.0
12	__protein1_rbs	0.9	0.0	0.0
12	__protein2_rbs	0.7	0.0	0.0
12	__protein3_rbs	0.0	0.0	0.0
12	__ribosome	87.05	0.0	0.0
12	__rnase_site_ext	3.35	0.0	0.0
12	p0	1.0	0.0	0.0
12	p1	0.05	0.0	0.0
12	protein1	8.15	3.5	3.3333333499999998
12	protein2	0.0	1.7	0.85
12	r0	3.35	0.0	0.0
12	r2	0.0	0.0	0.0
12	rnapol	0.0	0.0	0.0
13	__protein1_rbs	1.0	0.0	0.0
13	__protein2_rbs	0.95	0.0	0.0
13	__protein3_rbs	0.0	0.0	0.0
13	__ribosome	85.6	0.0	0.0
13	__rnase_site_ext	3.3	0.0	0.0
13	p0	1.0	0.0	0.0
13	p1	0.7	0.0	0.0
13	protein1	10.45	3.4	3.4166666999999995
13	protein2	0.0	2.45	1.24166665
13	r0	3.3	0.0	0.0
13	r2	0.0	0.0	0.0
13	rnapol	0.0	0.0	0.0
14	__protein1_rbs	1.55	0.0	0.0
14	__protein2_rbs	1.4	0.0	0.0
14	__protein3_rbs	0.0	0.0	0.0
14	__ribosome	84.3	0.0	0.0
14	__rnase_site_ext	3.3	0.0	0.0
14	p0	1.0	0.0	0.0
14	p1	1.0	0.0	0.0
14	protein1	12.6	3.35	3.3708333
14	protein2	0.0	3.2	1.475
14	r0	3.3	0.0	0.0
14	r2	0.0	0.0	0.0
14	rnapol	0.0	0.0	0.0
15	__protein1_rbs	1.4	0.0	0.0
15	__protein2_rbs	1.55	0.0	0.0
15	__protein3_rbs	0.0	0.0	0.0
15	__ribosome	82.5	0.0	0.0
15	__rnase_site_ext	3.25	0.0	0.0
15	p0	1.0	0.0	0.0
15	p1	1.0	0.0	0.0
15	protein1	14.85	3.3	3.3125
15	protein2	0.1	3.9	1.7416666499999998
15	r0	3.25	0.0	0.0
15	r2	0.05	0.0	0.0
15	rnapol	0.05	0.0	0.0
16	__protein1_rbs	1.15	0.0	0.0
16	__protein2_rbs	1.55	0.0	0.0
16	__protein3_rbs	0.0	0.0	0.0
16	__ribosome	80.7	0.0	0.0
16	__rnase_site_ext	3.2	0.0	0.0
16	p0	1.0	0.0	0.0
16	p1	1.0	0.0	0.0
16	protein1	16.7	3.3	3.3583332999999995
16	protein2	0.6	4.0	2.0875
16	r0	3.2	0.0	0.0
16	r2	0.4	0.0	0.0
16	rnapol	0.0	0.0	0.0
17	__protein1_rbs	1.6	0.0	0.0
17	__protein2_rbs	1.3	0.0	0.0
17	__protein3_rbs	0.0	0.0	0.0
17	__ribosome	79.95	0.0	0.0
17	__rnase_site_ext	3.2	0.0	0.0
17	p0	0.95	0.0	0.0
17	p1	1.0	0.0	0.0
17	protein1	19.45	3.3	3.06250005
17	protein2	1.45	4.0	2.525
17	r0	3.2	0.0	0.0
17	r2	0.8	0.0	0.0
17	rnapol	0.0	0.0	0.0
18	__protein1_rbs	0.95	0.0	0.0
18	__protein2_rbs	1.65	0.0	0.0
18	__protein3_rbs	0.05	0.0	0.0
18	__ribosome	78.55	0.0	0.0
18	__rnase_site_ext	3.25	0.0	0.0
18	p0	0.9	0.0	0.0
18	p1	1.0	0.0	0.0
18	protein1	21.5	3.15	3.46666665
18	protein2	2.8	4.0	2.8
18	protein3	0.0	0.05	0.0
18	r0	3.2	0.0	0.0
18	r2	1.45	0.0	0.0
18	rnapol	0.0	0.0	0.0
19	__protein1_rbs	1.15	0.0	0.0
19	__protein2_rbs	1.75	0.0	0.0
19	__protein3_rbs	0.2	0.0	0.0
19	__ribosome	77.4	0.0	0.0
19	__rnase_site_ext	3.2	0.0	0.0
19	p0	1.0	0.0	0.0
19	p1	1.0	0.0	0.0
19	protein1	23.45	3.2	3.37916675
19	protein2	4.2	4.0	3.0125
19	protein3	0.0	0.55	0.35
19	r0	3.2	0.0	0.0
19	r2	2.0	0.0	0.0
19	rnapol	0.0	0.0	0.0
20	__protein1_rbs	0.9	0.0	0.0
20	__protein2_rbs	1.6	0.0	0.0
20	__protein3_rbs	0.35	0.0	0.0
20	__ribosome	76.35	0.0	0.0
20	__rnase_site_ext	3.15	0.0	0.0
20	p0	1.0	0.0	0.0
20	p1	1.0	0.0	0.0
20	protein1	25.35	3.3	3.4125000000000005
20	protein2	6.4	4.0	3.0
20	protein3	0.0	1.05	0.825
20	r0	3.15	0.0	0.0
20	r2	2.75	0.0	0.0
20	rnapol	0.05	0.0	0.0
21	__protein1_rbs	1.1	0.0	0.0
21	__protein2_rbs	1.45	0.0	0.0
21	__protein3_rbs	0.95	0.0	0.0
21	__ribosome	75.45	0.0	0.0
21	__rnase_site_ext	3.15	0.0	0.0
21	p0	1.0	0.0	0.0
21	p1	1.0	0.0	0.0
21	protein1	27.25	3.15	3.44583335
21	protein2	8.65	3.9	3.12916665
21	protein3	0.0	1.75	1.025
21	r0	3.15	0.0	0.0
21	r2	3.6	0.0	0.0
21	rnapol	0.05	0.0	0.0
22	__protein1_rbs	1.2	0.0	0.0
22	__protein2_rbs	1.4	0.0	0.0
22	__protein3_rbs	1.0	0.0	0.0
22	__ribosome	74.7	0.0	0.0
22	__rnase_site_ext	3.1	0.0	0.0
22	p0	0.9	0.0	0.0
22	p1	0.95	0.0	0.0
22	protein1	29.3	3.15	3.3458333499999995
22	protein2	11.25	3.9	3.0625
22	protein3	0.0	2.25	1.35833335
22	r0	3.05	0.0	0.0
22	r2	3.75	0.0	0.0
22	rnapol	0.0	0.0	0.0
23	__protein1_rbs	1.3	0.0	0.0
23	__protein2_rbs	1.65	0.0	0.0
23	__protein3_rbs	1.0	0.0	0.0
23	__ribosome	73.15	0.0	0.0
23	__rnase_site_ext	3.05	0.0	0.0
23	p0	0.95	0.0	0.0
23	p1	1.0	0.0	0.0
23	protein1	31.3	3.1	3.32083335
23	protein2	13.55	3.9	3.02916665
23	protein3	0.0	2.95	1.6833333500000005
23	r0	3.05	0.0	0.0
23	r2	3.75	0.0	0.0
23	rnapol	0.0	0.0	0.0
24	__protein1_rbs	1.25	0.0	0.0
24	__protein2_rbs	1.6	0.0	0.0
24	__protein3_rbs	1.35	0.0	0.0
24	__ribosome	71.7	0.0	0.0
24	__rnase_site_ext	3.1	0.0	0.0
24	p0	0.9	0.0	0.0
24	p1	0.9	0.0	0.0
24	protein1	33.3	3.05	3.31666665
24	protein2	15.8	3.65	3.18333335
24	protein3	0.25	3.65	1.9041666000000004
24	r0	3.05	0.0	0.0
24	r2	3.75	0.0	0.0
24	rnapol	0.1	0.0	0.0
25	__protein1_rbs	1.25	0.0	0.0
25	__protein2_rbs	1.35	0.0	0.0
25	__protein3_rbs	1.65	0.0	0.0
25	__ribosome	71.15	0.0	0.0
25	__rnase_site_ext	3.4	0.0	0.0
25	p0	0.55	0.0	0.0
25	p1	0.9	0.0	0.0
25	protein1	35.4	3.05	3.1616666
25	protein2	18.15	3.7	3.1366666000000003
25	protein3	1.1	3.75	2.1416666500000003
25	r0	3.25	0.0	0.0
25	r2	3.75	0.0	0.0
25	rnapol	0.15	0.0	0.0
26	__protein1_rbs	1.3	0.0	0.0
26	__protein2_rbs	1.15	0.0	0.0
26	__protein3_rbs	1.45	0.0	0.0
26	__ribosome	69.6	0.0	0.0
26	__rnase_site_ext	3.75	0.0	0.0
26	p0	0.6	0.0	0.0
26	p1	0.95	0.0	0.0
26	protein1	37.5	3.2	2.987499950000001
26	protein2	20.35	3.65	3.1708333000000004
26	protein3	1.75	3.75	2.6041666500000007
26	r0	3.75	0.0	0.0
26	r2	3.75	0.0	0.0
26	rnapol	0.25	0.0	0.0
27	__protein1_rbs	1.15	0.0	0.0
27	__protein2_rbs	1.6	0.0	0.0
27	__protein3_rbs	1.4	0.0	0.0
27	__ribosome	68.5	0.0	0.0
27	__rnase_site_ext	4.2	0.0	0.0
27	p0	0.5	0.0	0.0
27	p1	0.95	0.0	0.0
27	protein1	39.35	3.5	2.8866666000000003
27	protein2	22.8	3.6	3.10833335
27	protein3	2.9	3.75	2.9416667000000003
27	r0	4.1	0.0	0.0
27	r2	3.75	0.0	0.0
27	rnapol	0.4	0.0	0.0
28	__protein1_rbs	1.65	0.0	0.0
28	__protein2_rbs	1.35	0.0	0.0
28	__protein3_rbs	1.65	0.0	0.0
28	__ribosome	68.05	0.0	0.0
28	__rnase_site_ext	4.6	0.0	0.0
28	p0	0.55	0.0	0.0
28	p1	1.0	0.0	0.0
28	protein1	41.2	4.0	2.4358333
28	protein2	24.85	3.65	3.05833335
28	protein3	4.7	3.75	2.9833333000000004
28	r0	4.5	0.0	0.0
28	r2	3.75	0.0	0.0
28	rnapol	0.35	0.0	0.0
29	__protein1_rbs	1.45	0.0	0.0
29	__protein2_rbs	1.9	0.0	0.0
29	__protein3_rbs	1.3	0.0	0.0
29	__ribosome	67.3	0.0	0.0
29	__rnase_site_ext	5.1	0.0	0.0
29	p0	0.35	0.0	0.0
29	p1	0.95	0.0	0.0
29	protein1	42.6	4.35	2.5741667
29	protein2	27.2	3.65	2.87666665
29	protein3	7.05	3.75	2.94583335
29	r0	4.95	0.0	0.0
29	r2	3.7	0.0	0.0
29	rnapol	0.25	0.0	0.0
30	__protein1_rbs	2.3	0.0	0.0
30	__protein2_rbs	1.1	0.0	0.0
30	__protein3_rbs	1.35	0.0	0.0
30	__ribosome	66.3	0.0	0.0
30	__rnase_site_ext	5.7	0.0	0.0
30	p0	0.5	0.0	0.0
30	p1	0.85	0.0	0.0
30	protein1	44.55	4.85	2.43
30	protein2	29.4	3.6	3.00999995
30	protein3	8.95	3.75	3.0041667000000003
30	r0	5.45	0.0	0.0
30	r2	3.65	0.0	0.0
30	rnapol	0.3	0.0	0.0
31	__protein1_rbs	2.8	0.0	0.0
31	__protein2_rbs	1.85	0.0	0.0
31	__protein3_rbs	1.6	0.0	0.0
31	__ribosome	65.3	0.0	0.0
31	__rnase_site_ext	5.9	0.0	0.0
31	p0	0.75	0.0	0.0
31	p1	0.85	0.0	0.0
31	protein1	46.05	5.4	2.4273808999999997
31	protein2	31.2	3.55	3.0699999999999994
31	protein3	11.4	3.75	2.88333335
31	r0	5.85	0.0	0.0
31	r2	3.7	0.0	0.0
31	rnapol	0.05	0.0	0.0
32	__protein1_rbs	2.5	0.0	0.0
32	__protein2_rbs	1.5	0.0	0.0
32	__protein3_rbs	1.55	0.0	0.0
32	__ribosome	64.9	0.0	0.0
32	__rnase_site_ext	5.9	0.0	0.0
32	p0	1.0	0.0	0.0
32	p1	0.45	0.0	0.0
32	protein1	48.75	5.75	2.4104761000000003
32	protein2	33.15	3.55	3.0175
32	protein3	13.6	3.75	2.85416665
32	r0	5.9	0.0	0.0
32	r2	3.7	0.0	0.0
32	rnapol	0.05	0.0	0.0
33	__protein1_rbs	2.55	0.0	0.0
33	__protein2_rbs	1.55	0.0	0.0
33	__protein3_rbs	1.65	0.0	0.0
33	__ribosome	63.65	0.0	0.0
33	__rnase_site_ext	5.65	0.0	0.0
33	p0	0.95	0.0	0.0
33	p1	0.3	0.0	0.0
33	protein1	50.85	6.05	2.53916675
33	protein2	35.45	3.55	2.9041666000000013
33	protein3	15.5	3.7	2.9291667
33	r0	5.65	0.0	0.0
33	r2	3.7	0.0	0.0
33	rnapol	0.0	0.0	0.0
34	__protein1_rbs	2.2	0.0	0.0
34	__protein2_rbs	1.4	0.0	0.0
34	__protein3_rbs	1.75	0.0	0.0
34	__ribosome	62.9	0.0	0.0
34	__rnase_site_ext	5.6	0.0	0.0
34	p0	1.0	0.0	0.0
34	p1	0.3	0.0	0.0
34	protein1	53.55	5.85	2.7647024999999994
34	protein2	37.3	3.6	2.95666665
34	protein3	17.95	3.7	2.8458333500000004
34	r0	5.6	0.0	0.0
34	r2	3.7	0.0	0.0
34	rnapol	0.0	0.0	0.0
35	__protein1_rbs	2.75	0.0	0.0
35	__protein2_rbs	1.75	0.0	0.0
35	__protein3_rbs	1.8	0.0	0.0
35	__ribosome	62.95	0.0	0.0
35	__rnase_site_ext	5.55	0.0	0.0
35	p0	1.0	0.0	0.0
35	p1	0.15	0.0	0.0
35	protein1	56.2	5.6	2.8986904500000006
35	protein2	39.5	3.9	2.72750005
35	protein3	19.6	3.7	2.9041667
35	r0	5.55	0.0	0.0
35	r2	3.7	0.0	0.0
35	rnapol	0.0	0.0	0.0
36	__protein1_rbs	2.45	0.0	0.0
36	__protein2_rbs	1.3	0.0	0.0
36	__protein3_rbs	1.25	0.0	0.0
36	__ribosome	61.75	0.0	0.0
36	__rnase_site_ext	5.5	0.0	0.0
36	p0	1.0	0.0	0.0
36	p1	0.15	0.0	0.0
36	protein1	59.1	5.6	2.96767855
36	protein2	41.55	4.25	2.67249995
36	protein3	21.8	3.75	2.86666665
36	r0	5.5	0.0	0.0
36	r2	3.65	0.0	0.0
36	rnapol	0.0	0.0	0.0
37	__protein1_rbs	2.3	0.0	0.0
37	__protein2_rbs	2.35	0.0	0.0
37	__protein3_rbs	1.8	0.0	0.0
37	__ribosome	62.6	0.0	0.0
37	__rnase_site_ext	5.4	0.0	0.0
37	p0	1.0	0.0	0.0
37	p1	0.15	0.0	0.0
37	protein1	62.5	5.55	2.89369055
37	protein2	43.65	4.7	2.38
37	protein3	24.0	3.8	2.7291667
37	r0	5.4	0.0	0.0
37	r2	3.55	0.0	0.0
37	rnapol	0.0	0.0	0.0
38	__protein1_rbs	2.4	0.0	0.0
38	__protein2_rbs	2.1	0.0	0.0
38	__protein3_rbs	1.65	0.0	0.0
38	__ribosome	62.35	0.0	0.0
38	__rnase_site_ext	5.2	0.0	0.0
38	p0	1.0	0.0	0.0
38	p1	0.25	0.0	0.0
38	protein1	66.25	5.5	2.7978572
38	protein2	45.4	5.15	2.4163095999999995
38	protein3	26.25	3.75	2.7208333500000004
38	r0	5.2	0.0	0.0
38	r2	3.55	0.0	0.0
38	rnapol	0.0	0.0	0.0
39	__protein1_rbs	2.4	0.0	0.0
39	__protein2_rbs	2.55	0.0	0.0
39	__protein3_rbs	1.5	0.0	0.0
39	__ribosome	61.6	0.0	0.0
39	__rnase_site_ext	5.05	0.0	0.0
39	p0	1.0	0.0	0.0
39	p1	0.6	0.0	0.0
39	protein1	69.15	5.3	2.9336904999999986
39	protein2	47.5	5.4	2.4154762
39	protein3	28.2	3.75	2.725
39	r0	5.05	0.0	0.0
39	r2	3.55	0.0	0.0
39	rnapol	0.0	0.0	0.0
40	__protein1_rbs	2.75	0.0	0.0
40	__protein2_rbs	2.1	0.0	0.0
40	__protein3_rbs	1.95	0.0	0.0
40	__ribosome	60.5	0.0	0.0
40	__rnase_site_ext	5.0	0.0	0.0
40	p0	0.95	0.0	0.0
40	p1	0.85	0.0	0.0
40	protein1	72.1	5.15	2.9336904500000003
40	protein2	49.6	6.1	2.42190475
40	protein3	30.2	3.65	2.7750000000000004
40	r0	5.0	0.0	0.0
40	r2	3.65	0.0	0.0
40	rnapol	0.0	0.0	0.0
41	__protein1_rbs	2.15	0.0	0.0
41	__protein2_rbs	3.45	0.0	0.0
41	__protein3_rbs	1.85	0.0	0.0
41	__ribosome	60.2	0.0	0.0
41	__rnase_site_ext	4.85	0.0	0.0
41	p0	1.0	0.0	0.0
41	p1	0.95	0.0	0.0
41	protein1	74.95	5.0	2.9933333000000006
41	protein2	52.2	6.65	2.3080357000000005
41	protein3	32.1	3.65	2.75000005
41	r0	4.85	0.0	0.0
41	r2	3.9	0.0	0.0
41	rnapol	0.1	0.0	0.0
42	__protein1_rbs	2.35	0.0	0.0
42	__protein2_rbs	3.0	0.0	0.0
42	__protein3_rbs	1.0	0.0	0.0
42	__ribosome	58.85	0.0	0.0
42	__rnase_site_ext	4.95	0.0	0.0
42	p0	0.95	0.0	0.0
42	p1	1.0	0.0	0.0
42	protein1	78.4	4.9	2.83541665
42	protein2	54.3	6.65	2.5285118000000004
42	protein3	34.1	3.65	2.9366666999999995
42	r0	4.95	0.0	0.0
42	r2	4.25	0.0	0.0
42	rnapol	0.05	0.0	0.0
43	__protein1_rbs	2.15	0.0	0.0
43	__protein2_rbs	3.0	0.0	0.0
43	__protein3_rbs	1.7	0.0	0.0
43	__ribosome	58.6	0.0	0.0
43	__rnase_site_ext	5.0	0.0	0.0
43	p0	0.95	0.0	0.0
43	p1	1.0	0.0	0.0
43	protein1	81.1	4.9	2.9360119
43	protein2	57.3	6.65	2.5691665500000003
43	protein3	36.15	3.7	2.8450000499999994
43	r0	5.0	0.0	0.0
43	r2	4.55	0.0	0.0
43	rnapol	0.0	0.0	0.0
44	__protein1_rbs	2.3	0.0	0.0
44	__protein2_rbs	2.65	0.0	0.0
44	__protein3_rbs	1.75	0.0	0.0
44	__ribosome	57.9	0.0	0.0
44	__rnase_site_ext	4.95	0.0	0.0
44	p0	0.95	0.0	0.0
44	p1	1.0	0.0	0.0
44	protein1	83.9	4.95	2.8522024000000004
44	protein2	60.25	6.65	2.70565475
44	protein3	38.35	4.15	2.5666666000000005
44	r0	4.9	0.0	0.0
44	r2	5.15	0.0	0.0
44	rnapol	0.05	0.0	0.0
45	__protein1_rbs	2.2	0.0	0.0
45	__protein2_rbs	3.25	0.0	0.0
45	__protein3_rbs	1.85	0.0	0.0
45	__ribosome	57.8	0.0	0.0
45	__rnase_site_ext	4.95	0.0	0.0
45	p0	1.0	0.0	0.0
45	p1	1.0	0.0	0.0
45	protein1	86.5	5.0	2.82892865
45	protein2	64.1	6.5	2.66678575
45	protein3	40.1	4.4	2.5658333
45	r0	4.95	0.0	0.0
45	r2	5.5	0.0	0.0
45	rnapol	0.0	0.0	0.0
46	__protein1_rbs	2.55	0.0	0.0
46	__protein2_rbs	3.4	0.0	0.0
46	__protein3_rbs	2.55	0.0	0.0
46	__ribosome	57.25	0.0	0.0
46	__rnase_site_ext	4.9	0.0	0.0
46	p0	0.95	0.0	0.0
46	p1	1.0	0.0	0.0
46	protein1	89.05	5.0	2.84875005
46	protein2	67.0	6.45	2.6939286
46	protein3	42.05	4.8	2.4500001
46	r0	4.9	0.0	0.0
46	r2	6.15	0.0	0.0
46	rnapol	0.05	0.0	0.0
47	__protein1_rbs	2.3	0.0	0.0
47	__protein2_rbs	2.5	0.0	0.0
47	__protein3_rbs	2.7	0.0	0.0
47	__ribosome	56.7	0.0	0.0
47	__rnase_site_ext	4.85	0.0	0.0
47	p0	0.95	0.0	0.0
47	p1	0.95	0.0	0.0
47	protein1	91.85	4.9	2.856904800000001
47	protein2	70.8	6.35	2.7421428500000005
47	protein3	43.7	5.25	2.3641666500000005
47	r0	4.8	0.0	0.0
47	r2	6.5	0.0	0.0
47	rnapol	0.05	0.0	0.0
48	__protein1_rbs	2.05	0.0	0.0
48	__protein2_rbs	2.75	0.0	0.0
48	__protein3_rbs	2.7	0.0	0.0
48	__ribosome	56.05	0.0	0.0
48	__rnase_site_ext	4.75	0.0	0.0
48	p0	0.9	0.0	0.0
48	p1	0.9	0.0	0.0
48	protein1	94.5	4.95	2.85297625
48	protein2	73.85	6.2	2.8349999500000003
48	protein3	46.35	5.75	2.2394048499999992
48	r0	4.7	0.0	0.0
48	r2	6.55	0.0	0.0
48	rnapol	0.0	0.0	0.0
49	__protein1_rbs	2.35	0.0	0.0
49	__protein2_rbs	2.95	0.0	0.0
49	__protein3_rbs	3.1	0.0	0.0
49	__ribosome	55.6	0.0	0.0
49	__rnase_site_ext	4.9	0.0	0.0
49	p0	0.8	0.0	0.0
49	p1	0.85	0.0	0.0
49	protein1	97.05	4.85	2.8266667000000005
49	protein2	77.35	6.15	2.8092857
49	protein3	48.45	6.25	2.18988095
49	r0	4.9	0.0	0.0
49	r2	6.65	0.0	0.0
49	rnapol	0.05	0.0	0.0
50	__protein1_rbs	2.65	0.0	0.0
50	__protein2_rbs	2.95	0.0	0.0
50	__protein3_rbs	3.0	0.0	0.0
50	__ribosome	56.05	0.0	0.0
50	__rnase_site_ext	5.1	0.0	0.0
50	p0	0.9	0.0	0.0
50	p1	0.95	0.0	0.0
50	protein1	99.8	4.8	2.78982135
50	protein2	81.0	6.0	2.7316666000000005
50	protein3	51.0	6.65	2.2111905
50	r0	5.05	0.0	0.0
50	r2	6.65	0.0	0.0
50	rnapol	0.35	0.0	0.0
51	__protein1_rbs	2.4	0.0	0.0
51	__protein2_rbs	2.55	0.0	0.0
51	__protein3_rbs	3.0	0.0	0.0
51	__ribosome	55.15	0.0	0.0
51	__rnase_site_ext	5.25	0.0	0.0
51	p0	0.8	0.0	0.0
51	p1	0.9	0.0	0.0
51	protein1	102.65	5.0	2.55517855
51	protein2	84.1	5.85	2.7951191000000004
51	protein3	53.45	6.6	2.4491072
51	r0	5.2	0.0	0.0
51	r2	6.6	0.0	0.0
51	rnapol	0.45	0.0	0.0
52	__protein1_rbs	2.45	0.0	0.0
52	__protein2_rbs	2.95	0.0	0.0
52	__protein3_rbs	2.85	0.0	0.0
52	__ribosome	53.8	0.0	0.0
52	__rnase_site_ext	5.7	0.0	0.0
52	p0	0.45	0.0	0.0
52	p1	0.9	0.0	0.0
52	protein1	105.4	5.15	2.4895833
52	protein2	87.4	5.9	2.73178575
52	protein3	55.65	6.7	2.63422625
52	r0	5.5	0.0	0.0
52	r2	6.55	0.0	0.0
52	rnapol	0.4	0.0	0.0
53	__protein1_rbs	2.55	0.0	0.0
53	__protein2_rbs	2.45	0.0	0.0
53	__protein3_rbs	3.25	0.0	0.0
53	__ribosome	53.85	0.0	0.0
53	__rnase_site_ext	6.1	0.0	0.0
53	p0	0.6	0.0	0.0
53	p1	0.95	0.0	0.0
53	protein1	107.65	5.25	2.55517855
53	protein2	90.9	5.75	2.75000005
53	protein3	58.75	6.7	2.61339295
53	r0	6.0	0.0	0.0
53	r2	6.45	0.0	0.0
53	rnapol	0.15	0.0	0.0
54	__protein1_rbs	2.1	0.0	0.0
54	__protein2_rbs	2.5	0.0	0.0
54	__protein3_rbs	3.0	0.0	0.0
54	__ribosome	52.35	0.0	0.0
54	__rnase_site_ext	6.15	0.0	0.0
54	p0	0.65	0.0	0.0
54	p1	0.9	0.0	0.0
54	protein1	110.35	5.85	2.3724602999999997
54	protein2	94.0	5.75	2.7829167000000004
54	protein3	61.75	6.65	2.72416675
54	r0	6.1	0.0	0.0
54	r2	6.45	0.0	0.0
54	rnapol	0.45	0.0	0.0
55	__protein1_rbs	2.5	0.0	0.0
55	__protein2_rbs	3.4	0.0	0.0
55	__protein3_rbs	3.3	0.0	0.0
55	__ribosome	52.05	0.0	0.0
55	__rnase_site_ext	6.85	0.0	0.0
55	p0	0.45	0.0	0.0
55	p1	0.9	0.0	0.0
55	protein1	112.4	6.1	2.4764285500000005
55	protein2	96.75	5.75	2.71793655
55	protein3	65.25	6.6	2.6985119500000003
55	r0	6.6	0.0	0.0
55	r2	6.35	0.0	0.0
55	rnapol	0.25	0.0	0.0
56	__protein1_rbs	3.85	0.0	0.0
56	__protein2_rbs	2.5	0.0	0.0
56	__protein3_rbs	2.65	0.0	0.0
56	__ribosome	52.1	0.0	0.0
56	__rnase_site_ext	7.0	0.0	0.0
56	p0	0.65	0.0	0.0
56	p1	0.8	0.0	0.0
56	protein1	115.3	6.55	2.29914685
56	protein2	99.7	5.6	2.8120238
56	protein3	69.2	6.5	2.72380945
56	r0	6.95	0.0	0.0
56	r2	6.3	0.0	0.0
56	rnapol	0.35	0.0	0.0
57	__protein1_rbs	3.55	0.0	0.0
57	__protein2_rbs	2.45	0.0	0.0
57	__protein3_rbs	2.85	0.0	0.0
57	__ribosome	52.05	0.0	0.0
57	__rnase_site_ext	7.0	0.0	0.0
57	p0	0.9	0.0	0.0
57	p1	0.75	0.0	0.0
57	protein1	117.85	6.8	2.3557142000000004
57	protein2	103.45	5.5	2.7906350000000004
57	protein3	72.6	6.45	2.7167857000000004
57	r0	7.0	0.0	0.0
57	r2	6.3	0.0	0.0
57	rnapol	0.15	0.0	0.0
58	__protein1_rbs	3.6	0.0	0.0
58	__protein2_rbs	2.8	0.0	0.0
58	__protein3_rbs	2.6	0.0	0.0
58	__ribosome	51.65	0.0	0.0
58	__rnase_site_ext	7.0	0.0	0.0
58	p0	0.75	0.0	0.0
58	p1	0.65	0.0	0.0
58	protein1	120.4	7.05	2.3668650499999995
58	protein2	106.2	5.4	2.80204355
58	protein3	76.15	6.5	2.6879166000000003
58	r0	7.0	0.0	0.0
58	r2	6.4	0.0	0.0
58	rnapol	0.0	0.0	0.0
59	__protein1_rbs	2.75	0.0	0.0
59	__protein2_rbs	2.45	0.0	0.0
59	__protein3_rbs	2.9	0.0	0.0
59	__ribosome	50.7	0.0	0.0
59	__rnase_site_ext	7.0	0.0	0.0
59	p0	0.95	0.0	0.0
59	p1	0.5	0.0	0.0
59	protein1	123.8	7.0	2.4770238000000004
59	protein2	109.0	5.45	2.7442857000000003
59	protein3	79.6	6.45	2.7182738000000004
59	r0	7.0	0.0	0.0
59	r2	6.25	0.0	0.0
59	rnapol	0.0	0.0	0.0
60	__protein1_rbs	4.05	0.0	0.0
60	__protein2_rbs	2.35	0.0	0.0
60	__protein3_rbs	3.15	0.0	0.0
60	__ribosome	50.65	0.0	0.0
60	__rnase_site_ext	7.0	0.0	0.0
60	p0	1.0	0.0	0.0
60	p1	0.45	0.0	0.0
60	protein1	126.85	7.1	2.4199008500000003
60	protein2	111.65	5.7	2.65974205
60	protein3	82.8	6.35	2.74267865
60	r0	7.0	0.0	0.0
60	r2	6.3	0.0	0.0
60	rnapol	0.0	0.0	0.0
61	__protein1_rbs	3.45	0.0	0.0
61	__protein2_rbs	3.0	0.0	0.0
61	__protein3_rbs	3.45	0.0	0.0
61	__ribosome	49.8	0.0	0.0
61	__rnase_site_ext	6.8	0.0	0.0
61	p0	1.0	0.0	0.0
61	p1	0.4	0.0	0.0
61	protein1	129.75	7.0	2.6211905
61	protein2	114.65	5.9	2.5748611
61	protein3	86.0	6.45	2.7094642999999996
61	r0	6.8	0.0	0.0
61	r2	6.15	0.0	0.0
61	rnapol	0.0	0.0	0.0
62	__protein1_rbs	3.1	0.0	0.0
62	__protein2_rbs	3.2	0.0	0.0
62	__protein3_rbs	3.3	0.0	0.0
62	__ribosome	50.35	0.0	0.0
62	__rnase_site_ext	6.6	0.0	0.0
62	p0	1.0	0.0	0.0
62	p1	0.05	0.0	0.0
62	protein1	133.1	6.9	2.6639086999999995
62	protein2	117.7	6.3	2.38914685
62	protein3	89.9	6.35	2.6629761000000003
62	r0	6.6	0.0	0.0
62	r2	6.1	0.0	0.0
62	rnapol	0.0	0.0	0.0
63	__protein1_rbs	3.15	0.0	0.0
63	__protein2_rbs	3.25	0.0	0.0
63	__protein3_rbs	2.85	0.0	0.0
63	__ribosome	49.5	0.0	0.0
63	__rnase_site_ext	6.4	0.0	0.0
63	p0	0.95	0.0	0.0
63	p1	0.45	0.0	0.0
63	protein1	136.7	6.7	2.7257937
63	protein2	120.35	6.5	2.4134523999999997
63	protein3	93.05	6.4	2.7020237999999996
63	r0	6.4	0.0	0.0
63	r2	5.95	0.0	0.0
63	rnapol	0.0	0.0	0.0
64	__protein1_rbs	3.05	0.0	0.0
64	__protein2_rbs	3.55	0.0	0.0
64	__protein3_rbs	2.7	0.0	0.0
64	__ribosome	49.95	0.0	0.0
64	__rnase_site_ext	6.35	0.0	0.0
64	p0	1.0	0.0	0.0
64	p1	0.4	0.0	0.0
64	protein1	140.15	6.55	2.84404765
64	protein2	123.65	6.8	2.26575395
64	protein3	96.65	6.4	2.6713691
64	r0	6.35	0.0	0.0
64	r2	5.85	0.0	0.0
64	rnapol	0.0	0.0	0.0
65	__protein1_rbs	2.9	0.0	0.0
65	__protein2_rbs	3.65	0.0	0.0
65	__protein3_rbs	3.8	0.0	0.0
65	__ribosome	49.95	0.0	0.0
65	__rnase_site_ext	6.3	0.0	0.0
65	p0	1.0	0.0	0.0
65	p1	0.6	0.0	0.0
65	protein1	143.9	6.4	2.8158333000000004
65	protein2	126.3	7.4	2.2661906000000003
65	protein3	100.0	6.3	2.5965476
65	r0	6.3	0.0	0.0
65	r2	5.95	0.0	0.0
65	rnapol	0.0	0.0	0.0
66	__protein1_rbs	2.75	0.0	0.0
66	__protein2_rbs	4.35	0.0	0.0
66	__protein3_rbs	3.05	0.0	0.0
66	__ribosome	49.15	0.0	0.0
66	__rnase_site_ext	6.2	0.0	0.0
66	p0	0.95	0.0	0.0
66	p1	0.9	0.0	0.0
66	protein1	147.1	6.35	2.8780159500000004
66	protein2	129.25	7.6	2.2541269
66	protein3	103.25	6.2	2.6352976000000004
66	r0	6.15	0.0	0.0
66	r2	6.2	0.0	0.0
66	rnapol	0.05	0.0	0.0
67	__protein1_rbs	2.9	0.0	0.0
67	__protein2_rbs	4.05	0.0	0.0
67	__protein3_rbs	3.15	0.0	0.0
67	__ribosome	49.35	0.0	0.0
67	__rnase_site_ext	6.25	0.0	0.0
67	p0	0.9	0.0	0.0
67	p1	0.95	0.0	0.0
67	protein1	151.05	6.25	2.81418655
67	protein2	132.65	8.0	2.2302110500000003
67	protein3	106.35	6.1	2.669762
67	r0	6.25	0.0	0.0
67	r2	6.35	0.0	0.0
67	rnapol	0.0	0.0	0.0
68	__protein1_rbs	3.8	0.0	0.0
68	__protein2_rbs	4.0	0.0	0.0
68	__protein3_rbs	3.1	0.0	0.0
68	__ribosome	48.65	0.0	0.0
68	__rnase_site_ext	6.25	0.0	0.0
68	p0	0.95	0.0	0.0
68	p1	1.0	0.0	0.0
68	protein1	154.05	6.2	2.6765874
68	protein2	135.35	8.25	2.3271843500000005
68	protein3	109.45	6.15	2.6707737999999996
68	r0	6.25	0.0	0.0
68	r2	6.5	0.0	0.0
68	rnapol	0.05	0.0	0.0
69	__protein1_rbs	2.85	0.0	0.0
69	__protein2_rbs	4.25	0.0	0.0
69	__protein3_rbs	3.6	0.0	0.0
69	__ribosome	49.3	0.0	0.0
69	__rnase_site_ext	6.3	0.0	0.0
69	p0	0.9	0.0	0.0
69	p1	1.0	0.0	0.0
69	protein1	157.85	6.3	2.50867065
69	protein2	138.4	8.3	2.395514
69	protein3	113.25	6.35	2.4226190500000007
69	r0	6.3	0.0	0.0
69	r2	6.65	0.0	0.0
69	rnapol	0.05	0.0	0.0
70	__protein1_rbs	3.1	0.0	0.0
70	__protein2_rbs	3.85	0.0	0.0
70	__protein3_rbs	3.45	0.0	0.0
70	__ribosome	48.8	0.0	0.0
70	__rnase_site_ext	6.3	0.0	0.0
70	p0	0.9	0.0	0.0
70	p1	1.0	0.0	0.0
70	protein1	161.1	6.35	2.4872817
70	protein2	142.35	8.1	2.49585135
70	protein3	115.95	6.55	2.4340475999999995
70	r0	6.25	0.0	0.0
70	r2	6.95	0.0	0.0
70	rnapol	0.0	0.0	0.0
71	__protein1_rbs	3.8	0.0	0.0
71	__protein2_rbs	3.65	0.0	0.0
71	__protein3_rbs	3.3	0.0	0.0
71	__ribosome	47.65	0.0	0.0
71	__rnase_site_ext	6.25	0.0	0.0
71	p0	0.95	0.0	0.0
71	p1	0.95	0.0	0.0
71	protein1	164.15	6.25	2.4811308999999997
71	protein2	146.05	7.9	2.64107145
71	protein3	118.9	6.75	2.49702385
71	r0	6.25	0.0	0.0
71	r2	7.3	0.0	0.0
71	rnapol	0.05	0.0	0.0
72	__protein1_rbs	3.1	0.0	0.0
72	__protein2_rbs	3.75	0.0	0.0
72	__protein3_rbs	3.75	0.0	0.0
72	__ribosome	47.55	0.0	0.0
72	__rnase_site_ext	6.25	0.0	0.0
72	p0	1.0	0.0	0.0
72	p1	0.95	0.0	0.0
72	protein1	167.4	6.25	2.41142855
72	protein2	149.85	7.85	2.6470238
72	protein3	121.6	6.95	2.4723214
72	r0	6.25	0.0	0.0
72	r2	7.55	0.0	0.0
72	rnapol	0.0	0.0	0.0
73	__protein1_rbs	3.3	0.0	0.0
73	__protein2_rbs	4.0	0.0	0.0
73	__protein3_rbs	3.55	0.0	0.0
73	__ribosome	47.45	0.0	0.0
73	__rnase_site_ext	6.1	0.0	0.0
73	p0	0.85	0.0	0.0
73	p1	0.9	0.0	0.0
73	protein1	170.1	6.25	2.4722817000000004
73	protein2	153.7	7.7	2.6978968999999995
73	protein3	125.25	7.2	2.3691666000000002
73	r0	6.1	0.0	0.0
73	r2	7.95	0.0	0.0
73	rnapol	0.05	0.0	0.0
74	__protein1_rbs	3.05	0.0	0.0
74	__protein2_rbs	3.8	0.0	0.0
74	__protein3_rbs	4.45	0.0	0.0
74	__ribosome	47.5	0.0	0.0
74	__rnase_site_ext	6.1	0.0	0.0
74	p0	0.8	0.0	0.0
74	p1	0.85	0.0	0.0
74	protein1	173.05	6.1	2.56932535
74	protein2	157.7	7.65	2.6322223000000005
74	protein3	127.95	7.6	2.29878965
74	r0	6.05	0.0	0.0
74	r2	8.1	0.0	0.0
74	rnapol	0.15	0.0	0.0
75	__protein1_rbs	3.3	0.0	0.0
75	__protein2_rbs	3.85	0.0	0.0
75	__protein3_rbs	3.45	0.0	0.0
75	__ribosome	47.75	0.0	0.0
75	__rnase_site_ext	6.4	0.0	0.0
75	p0	0.8	0.0	0.0
75	p1	0.85	0.0	0.0
75	protein1	176.65	6.2	2.4847024
75	protein2	161.95	7.55	2.5903373
75	protein3	131.7	7.95	2.28291665
75	r0	6.35	0.0	0.0
75	r2	8.05	0.0	0.0
75	rnapol	0.15	0.0	0.0
76	__protein1_rbs	3.0	0.0	0.0
76	__protein2_rbs	3.6	0.0	0.0
76	__protein3_rbs	3.9	0.0	0.0
76	__ribosome	47.15	0.0	0.0
76	__rnase_site_ext	6.55	0.0	0.0
76	p0	0.95	0.0	0.0
76	p1	0.85	0.0	0.0
76	protein1	179.2	6.2	2.5631745500000003
76	protein2	166.35	7.35	2.5831746000000004
76	protein3	135.05	8.15	2.34166475
76	r0	6.5	0.0	0.0
76	r2	8.0	0.0	0.0
76	rnapol	0.25	0.0	0.0
77	__protein1_rbs	3.65	0.0	0.0
77	__protein2_rbs	3.65	0.0	0.0
77	__protein3_rbs	4.3	0.0	0.0
77	__ribosome	46.95	0.0	0.0
77	__rnase_site_ext	6.75	0.0	0.0
77	p0	0.6	0.0	0.0
77	p1	0.8	0.0	0.0
77	protein1	182.3	6.5	2.38517855
77	protein2	169.95	7.15	2.665496
77	protein3	138.35	8.1	2.4122637000000005
77	r0	6.7	0.0	0.0
77	r2	7.95	0.0	0.0
77	rnapol	0.1	0.0	0.0
78	__protein1_rbs	3.25	0.0	0.0
78	__protein2_rbs	4.15	0.0	0.0
78	__protein3_rbs	3.75	0.0	0.0
78	__ribosome	45.9	0.0	0.0
78	__rnase_site_ext	6.8	0.0	0.0
78	p0	0.9	0.0	0.0
78	p1	0.95	0.0	0.0
78	protein1	185.0	6.6	2.428551550000001
78	protein2	173.6	7.3	2.5412699000000005
78	protein3	141.6	8.2	2.5245489500000007
78	r0	6.75	0.0	0.0
78	r2	7.95	0.0	0.0
78	rnapol	0.35	0.0	0.0
79	__protein1_rbs	3.55	0.0	0.0
79	__protein2_rbs	3.8	0.0	0.0
79	__protein3_rbs	4.2	0.0	0.0
79	__ribosome	46.0	0.0	0.0
79	__rnase_site_ext	7.0	0.0	0.0
79	p0	0.65	0.0	0.0
79	p1	0.9	0.0	0.0
79	protein1	188.45	6.85	2.2724801
79	protein2	177.4	7.25	2.52150795
79	protein3	144.75	8.15	2.6195562000000003
79	r0	6.9	0.0	0.0
79	r2	7.8	0.0	0.0
79	rnapol	0.3	0.0	0.0
80	__protein1_rbs	3.6	0.0	0.0
80	__protein2_rbs	3.45	0.0	0.0
80	__protein3_rbs	4.3	0.0	0.0
80	__ribosome	45.8	0.0	0.0
80	__rnase_site_ext	7.3	0.0	0.0
80	p0	0.55	0.0	0.0
80	p1	0.85	0.0	0.0
80	protein1	191.4	6.85	2.36952375
80	protein2	180.95	7.25	2.55342895
80	protein3	148.95	8.05	2.5667135
80	r0	7.25	0.0	0.0
80	r2	7.85	0.0	0.0
80	rnapol	0.35	0.0	0.0
81	__protein1_rbs	4.1	0.0	0.0
81	__protein2_rbs	3.65	0.0	0.0
81	__protein3_rbs	3.95	0.0	0.0
81	__ribosome	46.2	0.0	0.0
81	__rnase_site_ext	7.65	0.0	0.0
81	p0	0.5	0.0	0.0
81	p1	0.8	0.0	0.0
81	protein1	194.45	7.2	2.2533658
81	protein2	184.45	7.1	2.52501265
81	protein3	153.05	8.0	2.56335675
81	r0	7.6	0.0	0.0
81	r2	7.85	0.0	0.0
81	rnapol	0.2	0.0	0.0
82	__protein1_rbs	3.8	0.0	0.0
82	__protein2_rbs	3.6	0.0	0.0
82	__protein3_rbs	4.0	0.0	0.0
82	__ribosome	45.5	0.0	0.0
82	__rnase_site_ext	8.1	0.0	0.0
82	p0	0.75	0.0	0.0
82	p1	0.5	0.0	0.0
82	protein1	197.1	7.4	2.3620977
82	protein2	188.0	6.9	2.5527580000000003
82	protein3	156.85	7.9	2.60026325
82	r0	7.95	0.0	0.0
82	r2	7.8	0.0	0.0
82	rnapol	0.1	0.0	0.0
83	__protein1_rbs	4.3	0.0	0.0
83	__protein2_rbs	3.6	0.0	0.0
83	__protein3_rbs	4.15	0.0	0.0
83	__ribosome	46.15	0.0	0.0
83	__rnase_site_ext	8.25	0.0	0.0
83	p0	0.8	0.0	0.0
83	p1	0.55	0.0	0.0
83	protein1	200.5	7.95	2.2440801
83	protein2	191.5	7.0	2.4997222000000003
83	protein3	161.05	7.85	2.5257143500000003
83	r0	8.2	0.0	0.0
83	r2	7.7	0.0	0.0
83	rnapol	0.0	0.0	0.0
84	__protein1_rbs	4.05	0.0	0.0
84	__protein2_rbs	4.0	0.0	0.0
84	__protein3_rbs	4.15	0.0	0.0
84	__ribosome	46.2	0.0	0.0
84	__rnase_site_ext	8.25	0.0	0.0
84	p0	0.95	0.0	0.0
84	p1	0.6	0.0	0.0
84	protein1	203.65	8.15	2.2556384999999994
84	protein2	194.95	7.05	2.41136905
84	protein3	164.95	7.9	2.4598503000000003
84	r0	8.2	0.0	0.0
84	r2	7.7	0.0	0.0
84	rnapol	0.05	0.0	0.0
85	__protein1_rbs	4.1	0.0	0.0
85	__protein2_rbs	3.7	0.0	0.0
85	__protein3_rbs	4.45	0.0	0.0
85	__ribosome	45.8	0.0	0.0
85	__rnase_site_ext	8.1	0.0	0.0
85	p0	0.95	0.0	0.0
85	p1	0.65	0.0	0.0
85	protein1	206.85	8.25	2.3110894
85	protein2	198.55	7.3	2.27783735
85	protein3	168.8	7.9	2.43478715
85	r0	8.0	0.0	0.0
85	r2	7.7	0.0	0.0
85	rnapol	0.0	0.0	0.0
86	__protein1_rbs	4.1	0.0	0.0
86	__protein2_rbs	3.9	0.0	0.0
86	__protein3_rbs	3.55	0.0	0.0
86	__ribosome	45.3	0.0	0.0
86	__rnase_site_ext	7.95	0.0	0.0
86	p0	0.95	0.0	0.0
86	p1	0.3	0.0	0.0
86	protein1	210.25	8.15	2.4160912000000003
86	protein2	201.65	7.25	2.30238095
86	protein3	173.2	7.85	2.4307611499999995
86	r0	7.9	0.0	0.0
86	r2	7.65	0.0	0.0
86	rnapol	0.0	0.0	0.0
87	__protein1_rbs	4.05	0.0	0.0
87	__protein2_rbs	3.95	0.0	0.0
87	__protein3_rbs	4.6	0.0	0.0
87	__ribosome	43.7	0.0	0.0
87	__rnase_site_ext	7.95	0.0	0.0
87	p0	1.0	0.0	0.0
87	p1	0.45	0.0	0.0
87	protein1	213.25	8.0	2.5827074
87	protein2	204.65	7.6	2.31220415
87	protein3	176.8	7.95	2.3701804
87	r0	7.9	0.0	0.0
87	r2	7.5	0.0	0.0
87	rnapol	0.0	0.0	0.0
88	__protein1_rbs	4.5	0.0	0.0
88	__protein2_rbs	4.15	0.0	0.0
88	__protein3_rbs	3.75	0.0	0.0
88	__ribosome	43.95	0.0	0.0
88	__rnase_site_ext	7.9	0.0	0.0
88	p0	1.0	0.0	0.0
88	p1	0.35	0.0	0.0
88	protein1	217.5	7.95	2.5057810000000003
88	protein2	208.1	7.65	2.31041665
88	protein3	180.25	8.0	2.43308625
88	r0	7.85	0.0	0.0
88	r2	7.4	0.0	0.0
88	rnapol	0.0	0.0	0.0
89	__protein1_rbs	4.1	0.0	0.0
89	__protein2_rbs	4.25	0.0	0.0
89	__protein3_rbs	4.1	0.0	0.0
89	__ribosome	44.0	0.0	0.0
89	__rnase_site_ext	7.8	0.0	0.0
89	p0	0.95	0.0	0.0
89	p1	0.5	0.0	0.0
89	protein1	221.1	7.9	2.50695715
89	protein2	211.55	8.1	2.22650975
89	protein3	184.2	7.8	2.43267855
89	r0	7.75	0.0	0.0
89	r2	7.3	0.0	0.0
89	rnapol	0.0	0.0	0.0
90	__protein1_rbs	4.05	0.0	0.0
90	__protein2_rbs	4.25	0.0	0.0
90	__protein3_rbs	4.2	0.0	0.0
90	__ribosome	43.2	0.0	0.0
90	__rnase_site_ext	7.8	0.0	0.0
90	p0	0.95	0.0	0.0
90	p1	0.45	0.0	0.0
90	protein1	225.3	7.85	2.4869353500000004
90	protein2	214.65	8.3	2.28048885
90	protein3	187.5	7.65	2.49492055
90	r0	7.75	0.0	0.0
90	r2	7.4	0.0	0.0
90	rnapol	0.0	0.0	0.0
91	__protein1_rbs	4.0	0.0	0.0
91	__protein2_rbs	4.65	0.0	0.0
91	__protein3_rbs	4.05	0.0	0.0
91	__ribosome	43.6	0.0	0.0
91	__rnase_site_ext	7.6	0.0	0.0
91	p0	1.0	0.0	0.0
91	p1	0.75	0.0	0.0
91	protein1	229.75	7.75	2.4176262000000004
91	protein2	217.8	8.7	2.27176945
91	protein3	191.45	7.65	2.4179959499999994
91	r0	7.55	0.0	0.0
91	r2	7.55	0.0	0.0
91	rnapol	0.0	0.0	0.0
92	__protein1_rbs	3.7	0.0	0.0
92	__protein2_rbs	5.0	0.0	0.0
92	__protein3_rbs	4.5	0.0	0.0
92	__ribosome	43.3	0.0	0.0
92	__rnase_site_ext	7.4	0.0	0.0
92	p0	0.9	0.0	0.0
92	p1	0.9	0.0	0.0
92	protein1	233.15	7.65	2.54653315
92	protein2	221.35	8.9	2.2556637000000004
92	protein3	195.35	7.6	2.3615386000000003
92	r0	7.35	0.0	0.0
92	r2	7.55	0.0	0.0
92	rnapol	0.05	0.0	0.0
93	__protein1_rbs	4.3	0.0	0.0
93	__protein2_rbs	5.0	0.0	0.0
93	__protein3_rbs	3.9	0.0	0.0
93	__ribosome	43.85	0.0	0.0
93	__rnase_site_ext	7.45	0.0	0.0
93	p0	0.8	0.0	0.0
93	p1	1.0	0.0	0.0
93	protein1	236.9	7.45	2.4893884499999994
93	protein2	225.35	9.2	2.20952735
93	protein3	199.0	7.6	2.39182535
93	r0	7.4	0.0	0.0
93	r2	7.65	0.0	0.0
93	rnapol	0.1	0.0	0.0
94	__protein1_rbs	3.45	0.0	0.0
94	__protein2_rbs	5.65	0.0	0.0
94	__protein3_rbs	4.25	0.0	0.0
94	__ribosome	44.0	0.0	0.0
94	__rnase_site_ext	7.45	0.0	0.0
94	p0	0.85	0.0	0.0
94	p1	0.95	0.0	0.0
94	protein1	240.75	7.35	2.53882755
94	protein2	228.75	9.25	2.1892460500000004
94	protein3	202.55	7.7	2.3761111500000003
94	r0	7.35	0.0	0.0
94	r2	7.8	0.0	0.0
94	rnapol	0.0	0.0	0.0
95	__protein1_rbs	3.5	0.0	0.0
95	__protein2_rbs	4.45	0.0	0.0
95	__protein3_rbs	3.9	0.0	0.0
95	__ribosome	42.3	0.0	0.0
95	__rnase_site_ext	7.4	0.0	0.0
95	p0	1.0	0.0	0.0
95	p1	0.95	0.0	0.0
95	protein1	244.45	7.35	2.5486308999999996
95	protein2	232.85	9.3	2.2609938
95	protein3	205.85	7.85	2.41176595
95	r0	7.35	0.0	0.0
95	r2	8.05	0.0	0.0
95	rnapol	0.0	0.0	0.0
96	__protein1_rbs	3.85	0.0	0.0
96	__protein2_rbs	4.95	0.0	0.0
96	__protein3_rbs	4.3	0.0	0.0
96	__ribosome	42.8	0.0	0.0
96	__rnase_site_ext	7.15	0.0	0.0
96	p0	1.0	0.0	0.0
96	p1	0.95	0.0	0.0
96	protein1	248.3	7.4	2.4735913
96	protein2	237.1	9.2	2.28981955
96	protein3	209.7	8.15	2.33293645
96	r0	7.1	0.0	0.0
96	r2	8.3	0.0	0.0
96	rnapol	0.0	0.0	0.0
97	__protein1_rbs	3.8	0.0	0.0
97	__protein2_rbs	5.2	0.0	0.0
97	__protein3_rbs	5.05	0.0	0.0
97	__ribosome	43.0	0.0	0.0
97	__rnase_site_ext	7.0	0.0	0.0
97	p0	0.9	0.0	0.0
97	p1	0.95	0.0	0.0
97	protein1	251.95	7.25	2.46636905
97	protein2	240.6	9.05	2.3758441
97	protein3	213.0	8.1	2.3320617500000003
97	r0	6.95	0.0	0.0
97	r2	8.6	0.0	0.0
97	rnapol	0.05	0.0	0.0
98	__protein1_rbs	4.1	0.0	0.0
98	__protein2_rbs	4.5	0.0	0.0
98	__protein3_rbs	4.3	0.0	0.0
98	__ribosome	42.95	0.0	0.0
98	__rnase_site_ext	6.95	0.0	0.0
98	p0	0.85	0.0	0.0
98	p1	0.95	0.0	0.0
98	protein1	255.25	6.95	2.5398810000000003
98	protein2	244.8	8.85	2.42617055
98	protein3	216.8	8.35	2.30533005
98	r0	6.8	0.0	0.0
98	r2	9.0	0.0	0.0
98	rnapol	0.15	0.0	0.0
99	__protein1_rbs	3.8	0.0	0.0
99	__protein2_rbs	4.45	0.0	0.0
99	__protein3_rbs	4.6	0.0	0.0
99	__ribosome	42.9	0.0	0.0
99	__rnase_site_ext	6.9	0.0	0.0
99	p0	0.85	0.0	0.0
99	p1	0.9	0.0	0.0
99	protein1	258.75	6.9	2.49640875
99	protein2	248.9	8.75	2.45043655
99	protein3	220.2	8.7	2.2655681500000004
99	r0	6.85	0.0	0.0
99	r2	9.15	0.0	0.0
99	rnapol	0.15	0.0	0.0
100	__protein1_rbs	3.55	0.0	0.0
100	__protein2_rbs	4.4	0.0	0.0
100	__protein3_rbs	5.05	0.0	0.0
100	__ribosome	42.45	0.0	0.0
100	__rnase_site_ext	7.0	0.0	0.0
100	p0	0.7	0.0	0.0
100	p1	0.7	0.0	0.0
100	protein1	262.2	6.9	2.51718255
100	protein2	252.85	8.75	2.460872899999999
100	protein3	223.95	8.85	2.2927669500000003
100	r0	6.9	0.0	0.0
100	r2	9.05	0.0	0.0
100	rnapol	0.0	0.0	0.0
101	__protein1_rbs	3.2	0.0	0.0
101	__protein2_rbs	4.65	0.0	0.0
101	__protein3_rbs	5.0	0.0	0.0
101	__ribosome	43.55	0.0	0.0
101	__rnase_site_ext	7.05	0.0	0.0
101	p0	0.9	0.0	0.0
101	p1	0.75	0.0	0.0
101	protein1	266.15	6.85	2.43561505
101	protein2	257.55	8.65	2.3771429
101	protein3	228.15	9.05	2.23892815
101	r0	7.0	0.0	0.0
101	r2	9.1	0.0	0.0
101	rnapol	0.25	0.0	0.0
102	__protein1_rbs	3.8	0.0	0.0
102	__protein2_rbs	4.05	0.0	0.0
102	__protein3_rbs	4.9	0.0	0.0
102	__ribosome	41.45	0.0	0.0
102	__rnase_site_ext	7.45	0.0	0.0
102	p0	0.65	0.0	0.0
102	p1	0.9	0.0	0.0
102	protein1	269.0	7.05	2.39789675
102	protein2	261.4	8.55	2.45351005
102	protein3	231.15	9.3	2.2958304
102	r0	7.25	0.0	0.0
102	r2	9.0	0.0	0.0
102	rnapol	0.2	0.0	0.0
103	__protein1_rbs	3.35	0.0	0.0
103	__protein2_rbs	4.7	0.0	0.0
103	__protein3_rbs	5.2	0.0	0.0
103	__ribosome	41.7	0.0	0.0
103	__rnase_site_ext	7.5	0.0	0.0
103	p0	0.75	0.0	0.0
103	p1	0.85	0.0	0.0
103	protein1	272.35	7.05	2.4430953
103	protein2	265.05	8.5	2.45355875
103	protein3	235.55	9.2	2.2670815499999994
103	r0	7.45	0.0	0.0
103	r2	8.95	0.0	0.0
103	rnapol	0.2	0.0	0.0
104	__protein1_rbs	3.95	0.0	0.0
104	__protein2_rbs	4.5	0.0	0.0
104	__protein3_rbs	4.75	0.0	0.0
104	__ribosome	41.1	0.0	0.0
104	__rnase_site_ext	7.8	0.0	0.0
104	p0	0.75	0.0	0.0
104	p1	0.9	0.0	0.0
104	protein1	275.25	7.4	2.3937284
104	protein2	268.85	8.5	2.44095955
104	protein3	239.5	9.2	2.28874105
104	r0	7.7	0.0	0.0
104	r2	8.85	0.0	0.0
104	rnapol	0.25	0.0	0.0
105	__protein1_rbs	3.75	0.0	0.0
105	__protein2_rbs	5.05	0.0	0.0
105	__protein3_rbs	4.85	0.0	0.0
105	__ribosome	42.35	0.0	0.0
105	__rnase_site_ext	8.05	0.0	0.0
105	p0	0.6	0.0	0.0
105	p1	0.85	0.0	0.0
105	protein1	279.05	7.55	2.26734485
105	protein2	273.45	8.55	2.3107900000000003
105	protein3	243.55	9.1	2.353153
105	r0	7.9	0.0	0.0
105	r2	8.85	0.0	0.0
105	rnapol	0.2	0.0	0.0
106	__protein1_rbs	3.95	0.0	0.0
106	__protein2_rbs	4.45	0.0	0.0
106	__protein3_rbs	4.65	0.0	0.0
106	__ribosome	41.55	0.0	0.0
106	__rnase_site_ext	8.4	0.0	0.0
106	p0	0.65	0.0	0.0
106	p1	0.75	0.0	0.0
106	protein1	282.2	7.8	2.28316015
106	protein2	277.4	8.45	2.30902415
106	protein3	247.65	9.1	2.3832756
106	r0	8.3	0.0	0.0
106	r2	8.8	0.0	0.0
106	rnapol	0.3	0.0	0.0
107	__protein1_rbs	4.55	0.0	0.0
107	__protein2_rbs	4.75	0.0	0.0
107	__protein3_rbs	4.4	0.0	0.0
107	__ribosome	41.0	0.0	0.0
107	__rnase_site_ext	8.55	0.0	0.0
107	p0	0.8	0.0	0.0
107	p1	0.6	0.0	0.0
107	protein1	285.7	8.1	2.2460949
107	protein2	281.7	8.5	2.25012085
107	protein3	251.45	9.05	2.45844875
107	r0	8.45	0.0	0.0
107	r2	8.8	0.0	0.0
107	rnapol	0.2	0.0	0.0
108	__protein1_rbs	4.65	0.0	0.0
108	__protein2_rbs	3.8	0.0	0.0
108	__protein3_rbs	5.05	0.0	0.0
108	__ribosome	40.0	0.0	0.0
108	__rnase_site_ext	8.65	0.0	0.0
108	p0	0.65	0.0	0.0
108	p1	0.55	0.0	0.0
108	protein1	288.75	8.35	2.2914141
108	protein2	285.6	8.45	2.36233225
108	protein3	255.65	8.85	2.43775075
108	r0	8.5	0.0	0.0
108	r2	8.9	0.0	0.0
108	rnapol	0.1	0.0	0.0
109	__protein1_rbs	4.85	0.0	0.0
109	__protein2_rbs	4.9	0.0	0.0
109	__protein3_rbs	4.5	0.0	0.0
109	__ribosome	40.3	0.0	0.0
109	__rnase_site_ext	8.7	0.0	0.0
109	p0	0.9	0.0	0.0
109	p1	0.6	0.0	0.0
109	protein1	292.45	8.55	2.23535525
109	protein2	289.35	8.45	2.32536075
109	protein3	260.05	8.9	2.43540045
109	r0	8.65	0.0	0.0
109	r2	8.85	0.0	0.0
109	rnapol	0.0	0.0	0.0
110	__protein1_rbs	5.15	0.0	0.0
110	__protein2_rbs	4.7	0.0	0.0
110	__protein3_rbs	4.9	0.0	0.0
110	__ribosome	40.35	0.0	0.0
110	__rnase_site_ext	8.75	0.0	0.0
110	p0	0.85	0.0	0.0
110	p1	0.65	0.0	0.0
110	protein1	296.25	8.7	2.1561110999999995
110	protein2	292.5	8.55	2.39074495
110	protein3	264.15	8.9	2.37941195
110	r0	8.6	0.0	0.0
110	r2	8.85	0.0	0.0
110	rnapol	0.0	0.0	0.0
111	__protein1_rbs	4.6	0.0	0.0
111	__protein2_rbs	4.3	0.0	0.0
111	__protein3_rbs	4.95	0.0	0.0
111	__ribosome	40.25	0.0	0.0
111	__rnase_site_ext	8.7	0.0	0.0
111	p0	0.9	0.0	0.0
111	p1	0.5	0.0	0.0
111	protein1	299.8	8.7	2.23916655
111	protein2	296.6	8.6	2.410083
111	protein3	268.85	8.95	2.29789315
111	r0	8.6	0.0	0.0
111	r2	8.65	0.0	0.0
111	rnapol	0.0	0.0	0.0
112	__protein1_rbs	4.85	0.0	0.0
112	__protein2_rbs	4.55	0.0	0.0
112	__protein3_rbs	5.25	0.0	0.0
112	__ribosome	39.7	0.0	0.0
112	__rnase_site_ext	8.6	0.0	0.0
112	p0	0.95	0.0	0.0
112	p1	0.6	0.0	0.0
112	protein1	303.25	8.7	2.2962572
112	protein2	300.35	8.8	2.41744235
112	protein3	273.1	8.95	2.2316469
112	r0	8.55	0.0	0.0
112	r2	8.55	0.0	0.0
112	rnapol	0.05	0.0	0.0
113	__protein1_rbs	4.9	0.0	0.0
113	__protein2_rbs	4.95	0.0	0.0
113	__protein3_rbs	4.8	0.0	0.0
113	__ribosome	40.45	0.0	0.0
113	__rnase_site_ext	8.55	0.0	0.0
113	p0	0.9	0.0	0.0
113	p1	0.3	0.0	0.0
113	protein1	306.95	8.65	2.2857413
113	protein2	304.95	8.75	2.3208279
113	protein3	276.8	9.05	2.26974205
113	r0	8.45	0.0	0.0
113	r2	8.6	0.0	0.0
113	rnapol	0.0	0.0	0.0
114	__protein1_rbs	4.9	0.0	0.0
114	__protein2_rbs	5.1	0.0	0.0
114	__protein3_rbs	4.75	0.0	0.0
114	__ribosome	41.25	0.0	0.0
114	__rnase_site_ext	8.55	0.0	0.0
114	p0	0.95	0.0	0.0
114	p1	0.35	0.0	0.0
114	protein1	310.85	8.45	2.2675992000000003
114	protein2	308.95	8.85	2.24692635
114	protein3	281.2	8.95	2.28583335
114	r0	8.45	0.0	0.0
114	r2	8.5	0.0	0.0
114	rnapol	0.0	0.0	0.0
115	__protein1_rbs	4.4	0.0	0.0
115	__protein2_rbs	4.75	0.0	0.0
115	__protein3_rbs	4.7	0.0	0.0
115	__ribosome	40.5	0.0	0.0
115	__rnase_site_ext	8.5	0.0	0.0
115	p0	1.0	0.0	0.0
115	p1	0.6	0.0	0.0
115	protein1	314.3	8.5	2.2974152000000005
115	protein2	312.85	8.95	2.2584001
115	protein3	285.05	8.8	2.3301587
115	r0	8.45	0.0	0.0
115	r2	8.55	0.0	0.0
115	rnapol	0.0	0.0	0.0
116	__protein1_rbs	3.9	0.0	0.0
116	__protein2_rbs	5.15	0.0	0.0
116	__protein3_rbs	4.45	0.0	0.0
116	__ribosome	40.75	0.0	0.0
116	__rnase_site_ext	8.55	0.0	0.0
116	p0	0.95	0.0	0.0
116	p1	0.8	0.0	0.0
116	protein1	318.35	8.5	2.3187029999999997
116	protein2	317.35	9.1	2.1555501500000003
116	protein3	289.0	8.6	2.39206345
116	r0	8.45	0.0	0.0
116	r2	8.65	0.0	0.0
116	rnapol	0.05	0.0	0.0
117	__protein1_rbs	3.85	0.0	0.0
117	__protein2_rbs	6.05	0.0	0.0
117	__protein3_rbs	4.4	0.0	0.0
117	__ribosome	40.0	0.0	0.0
117	__rnase_site_ext	8.55	0.0	0.0
117	p0	0.95	0.0	0.0
117	p1	0.85	0.0	0.0
117	protein1	322.1	8.45	2.3873322
117	protein2	320.65	9.45	2.10314205
117	protein3	292.85	8.75	2.3629961
117	r0	8.45	0.0	0.0
117	r2	8.7	0.0	0.0
117	rnapol	0.1	0.0	0.0
118	__protein1_rbs	4.4	0.0	0.0
118	__protein2_rbs	5.3	0.0	0.0
118	__protein3_rbs	5.25	0.0	0.0
118	__ribosome	39.0	0.0	0.0
118	__rnase_site_ext	8.4	0.0	0.0
118	p0	0.9	0.0	0.0
118	p1	0.75	0.0	0.0
118	protein1	325.6	8.5	2.41580805
118	protein2	324.45	9.65	2.1685488
118	protein3	296.75	8.8	2.3049802
118	r0	8.35	0.0	0.0
118	r2	8.9	0.0	0.0
118	rnapol	0.05	0.0	0.0
119	__protein1_rbs	4.35	0.0	0.0
119	__protein2_rbs	5.4	0.0	0.0
119	__protein3_rbs	5.45	0.0	0.0
119	__ribosome	40.05	0.0	0.0
119	__rnase_site_ext	8.35	0.0	0.0
119	p0	0.85	0.0	0.0
119	p1	0.85	0.0	0.0
119	protein1	329.75	8.35	2.4096338
119	protein2	328.5	9.7	2.1675311000000006
119	protein3	301.2	8.85	2.1862824
119	r0	8.3	0.0	0.0
119	r2	9.15	0.0	0.0
119	rnapol	0.0	0.0	0.0
120	__protein1_rbs	4.5	0.0	0.0
120	__protein2_rbs	5.05	0.0	0.0
120	__protein3_rbs	4.65	0.0	0.0
120	__ribosome	38.95	0.0	0.0
120	__rnase_site_ext	8.4	0.0	0.0
120	p0	1.0	0.0	0.0
120	p1	0.9	0.0	0.0
120	protein1	333.6	8.3	2.42244585
120	protein2	332.5	9.75	2.2179445499999995
120	protein3	304.7	8.9	2.24331885
120	r0	8.35	0.0	0.0
120	r2	9.25	0.0	0.0
120	rnapol	0.0	0.0	0.0
121	__protein1_rbs	4.5	0.0	0.0
121	__protein2_rbs	5.65	0.0	0.0
121	__protein3_rbs	5.15	0.0	0.0
121	__ribosome	38.95	0.0	0.0
121	__rnase_site_ext	8.1	0.0	0.0
121	p0	0.95	0.0	0.0
121	p1	0.9	0.0	0.0
121	protein1	337.35	8.35	2.4004852000000003
121	protein2	336.3	9.8	2.2313455500000003
121	protein3	309.0	9.1	2.1549188000000004
121	r0	8.05	0.0	0.0
121	r2	9.55	0.0	0.0
121	rnapol	0.0	0.0	0.0
122	__protein1_rbs	4.85	0.0	0.0
122	__protein2_rbs	4.85	0.0	0.0
122	__protein3_rbs	5.55	0.0	0.0
122	__ribosome	39.15	0.0	0.0
122	__rnase_site_ext	8.1	0.0	0.0
122	p0	0.95	0.0	0.0
122	p1	0.95	0.0	0.0
122	protein1	341.55	8.25	2.3054562999999995
122	protein2	340.0	9.7	2.366666700000001
122	protein3	312.95	9.35	2.0737879
122	r0	8.05	0.0	0.0
122	r2	9.7	0.0	0.0
122	rnapol	0.05	0.0	0.0
123	__protein1_rbs	4.75	0.0	0.0
123	__protein2_rbs	5.6	0.0	0.0
123	__protein3_rbs	5.1	0.0	0.0
123	__ribosome	39.5	0.0	0.0
123	__rnase_site_ext	8.2	0.0	0.0
123	p0	0.95	0.0	0.0
123	p1	0.9	0.0	0.0
123	protein1	345.55	8.0	2.34642855
123	protein2	344.6	9.7	2.2974025
123	protein3	316.75	9.55	2.1013257000000003
123	r0	8.15	0.0	0.0
123	r2	9.9	0.0	0.0
123	rnapol	0.05	0.0	0.0
124	__protein1_rbs	4.55	0.0	0.0
124	__protein2_rbs	5.15	0.0	0.0
124	__protein3_rbs	5.8	0.0	0.0
124	__ribosome	39.55	0.0	0.0
124	__rnase_site_ext	8.15	0.0	0.0
124	p0	0.9	0.0	0.0
124	p1	0.8	0.0	0.0
124	protein1	349.7	8.05	2.26549595
124	protein2	348.8	9.65	2.3050234000000005
124	protein3	320.3	9.75	2.1223842
124	r0	8.05	0.0	0.0
124	r2	10.1	0.0	0.0
124	rnapol	0.15	0.0	0.0
125	__protein1_rbs	4.05	0.0	0.0
125	__protein2_rbs	4.95	0.0	0.0
125	__protein3_rbs	5.55	0.0	0.0
125	__ribosome	37.9	0.0	0.0
125	__rnase_site_ext	8.35	0.0	0.0
125	p0	0.8	0.0	0.0
125	p1	0.9	0.0	0.0
125	protein1	353.35	8.05	2.330496
125	protein2	353.0	9.5	2.3752831500000005
125	protein3	324.0	10.1	2.11493135
125	r0	8.2	0.0	0.0
125	r2	10.1	0.0	0.0
125	rnapol	0.1	0.0	0.0
126	__protein1_rbs	4.5	0.0	0.0
126	__protein2_rbs	5.5	0.0	0.0
126	__protein3_rbs	5.45	0.0	0.0
126	__ribosome	38.3	0.0	0.0
126	__rnase_site_ext	8.45	0.0	0.0
126	p0	0.85	0.0	0.0
126	p1	0.8	0.0	0.0
126	protein1	357.05	8.15	2.2775595
126	protein2	357.55	9.45	2.3058531
126	protein3	328.15	10.15	2.172978
126	r0	8.35	0.0	0.0
126	r2	9.95	0.0	0.0
126	rnapol	0.1	0.0	0.0
127	__protein1_rbs	4.8	0.0	0.0
127	__protein2_rbs	4.6	0.0	0.0
127	__protein3_rbs	5.05	0.0	0.0
127	__ribosome	37.75	0.0	0.0
127	__rnase_site_ext	8.4	0.0	0.0
127	p0	0.8	0.0	0.0
127	p1	0.9	0.0	0.0
127	protein1	360.55	8.25	2.2352777
127	protein2	362.4	9.5	2.2691107999999995
127	protein3	332.2	10.35	2.2297132
127	r0	8.3	0.0	0.0
127	r2	9.8	0.0	0.0
127	rnapol	0.15	0.0	0.0
128	__protein1_rbs	4.6	0.0	0.0
128	__protein2_rbs	5.75	0.0	0.0
128	__protein3_rbs	5.95	0.0	0.0
128	__ribosome	38.35	0.0	0.0
128	__rnase_site_ext	8.6	0.0	0.0
128	p0	0.75	0.0	0.0
128	p1	1.0	0.0	0.0
128	protein1	363.8	8.3	2.29096855
128	protein2	366.5	9.35	2.2483856500000003
128	protein3	336.7	10.25	2.2007629
128	r0	8.45	0.0	0.0
128	r2	9.75	0.0	0.0
128	rnapol	0.2	0.0	0.0
129	__protein1_rbs	5.5	0.0	0.0
129	__protein2_rbs	5.2	0.0	0.0
129	__protein3_rbs	6.2	0.0	0.0
129	__ribosome	39.4	0.0	0.0
129	__rnase_site_ext	8.95	0.0	0.0
129	p0	0.7	0.0	0.0
129	p1	0.85	0.0	0.0
129	protein1	367.8	8.45	2.09157105
129	protein2	370.45	9.35	2.2818524
129	protein3	340.9	10.3	2.16039495
129	r0	8.8	0.0	0.0
129	r2	9.75	0.0	0.0
129	rnapol	0.2	0.0	0.0
130	__protein1_rbs	4.85	0.0	0.0
130	__protein2_rbs	5.0	0.0	0.0
130	__protein3_rbs	5.3	0.0	0.0
130	__ribosome	38.1	0.0	0.0
130	__rnase_site_ext	9.25	0.0	0.0
130	p0	0.55	0.0	0.0
130	p1	0.8	0.0	0.0
130	protein1	371.4	8.7	2.0719191
130	protein2	374.75	9.3	2.27028855
130	protein3	344.7	10.25	2.26922075
130	r0	9.1	0.0	0.0
130	r2	9.75	0.0	0.0
130	rnapol	0.15	0.0	0.0
131	__protein1_rbs	5.4	0.0	0.0
131	__protein2_rbs	5.05	0.0	0.0
131	__protein3_rbs	5.95	0.0	0.0
131	__ribosome	39.05	0.0	0.0
131	__rnase_site_ext	9.4	0.0	0.0
131	p0	0.85	0.0	0.0
131	p1	0.9	0.0	0.0
131	protein1	375.1	9.0	1.98834235
131	protein2	378.95	9.25	2.2932017000000005
131	protein3	349.55	10.15	2.21326065
131	r0	9.35	0.0	0.0
131	r2	9.6	0.0	0.0
131	rnapol	0.15	0.0	0.0
132	__protein1_rbs	6.15	0.0	0.0
132	__protein2_rbs	4.95	0.0	0.0
132	__protein3_rbs	5.0	0.0	0.0
132	__ribosome	39.3	0.0	0.0
132	__rnase_site_ext	9.45	0.0	0.0
132	p0	0.8	0.0	0.0
132	p1	0.65	0.0	0.0
132	protein1	378.9	9.3	1.88106965
132	protein2	383.35	9.15	2.2648484
132	protein3	353.95	9.9	2.30122875
132	r0	9.35	0.0	0.0
132	r2	9.5	0.0	0.0
132	rnapol	0.3	0.0	0.0
133	__protein1_rbs	4.8	0.0	0.0
133	__protein2_rbs	5.95	0.0	0.0
133	__protein3_rbs	5.5	0.0	0.0
133	__ribosome	38.9	0.0	0.0
133	__rnase_site_ext	9.45	0.0	0.0
133	p0	0.8	0.0	0.0
133	p1	0.7	0.0	0.0
133	protein1	382.5	9.3	2.0535552
133	protein2	387.6	9.15	2.1790314
133	protein3	358.45	9.8	2.29355685
133	r0	9.4	0.0	0.0
133	r2	9.55	0.0	0.0
133	rnapol	0.3	0.0	0.0
134	__protein1_rbs	4.85	0.0	0.0
134	__protein2_rbs	5.25	0.0	0.0
134	__protein3_rbs	5.5	0.0	0.0
134	__ribosome	38.05	0.0	0.0
134	__rnase_site_ext	9.75	0.0	0.0
134	p0	0.85	0.0	0.0
134	p1	0.7	0.0	0.0
134	protein1	385.35	9.4	2.21627895
134	protein2	391.6	9.05	2.1947493
134	protein3	362.95	9.8	2.2510371
134	r0	9.6	0.0	0.0
134	r2	9.6	0.0	0.0
134	rnapol	0.1	0.0	0.0
135	__protein1_rbs	5.3	0.0	0.0
135	__protein2_rbs	5.25	0.0	0.0
135	__protein3_rbs	5.1	0.0	0.0
135	__ribosome	36.95	0.0	0.0
135	__rnase_site_ext	9.7	0.0	0.0
135	p0	0.9	0.0	0.0
135	p1	0.45	0.0	0.0
135	protein1	389.45	9.6	2.15187135
135	protein2	395.35	9.35	2.14715185
135	protein3	367.1	9.7	2.33877815
135	r0	9.65	0.0	0.0
135	r2	9.7	0.0	0.0
135	rnapol	0.1	0.0	0.0
136	__protein1_rbs	5.2	0.0	0.0
136	__protein2_rbs	6.25	0.0	0.0
136	__protein3_rbs	5.2	0.0	0.0
136	__ribosome	36.85	0.0	0.0
136	__rnase_site_ext	9.65	0.0	0.0
136	p0	0.95	0.0	0.0
136	p1	0.45	0.0	0.0
136	protein1	392.75	9.65	2.2716693
136	protein2	399.6	9.4	2.01568185
136	protein3	371.45	9.75	2.3392958
136	r0	9.55	0.0	0.0
136	r2	9.65	0.0	0.0
136	rnapol	0.1	0.0	0.0
137	__protein1_rbs	5.15	0.0	0.0
137	__protein2_rbs	5.4	0.0	0.0
137	__protein3_rbs	5.2	0.0	0.0
137	__ribosome	36.75	0.0	0.0
137	__rnase_site_ext	9.7	0.0	0.0
137	p0	0.85	0.0	0.0
137	p1	0.25	0.0	0.0
137	protein1	396.75	9.6	2.31118135
137	protein2	403.7	9.4	2.0268687
137	protein3	376.15	9.7	2.30886365
137	r0	9.65	0.0	0.0
137	r2	9.5	0.0	0.0
137	rnapol	0.05	0.0	0.0
138	__protein1_rbs	5.55	0.0	0.0
138	__protein2_rbs	5.7	0.0	0.0
138	__protein3_rbs	5.25	0.0	0.0
138	__ribosome	36.65	0.0	0.0
138	__rnase_site_ext	9.65	0.0	0.0
138	p0	1.0	0.0	0.0
138	p1	0.5	0.0	0.0
138	protein1	400.75	9.55	2.32182895
138	protein2	407.55	9.5	1.9988401
138	protein3	380.3	9.75	2.32294985
138	r0	9.6	0.0	0.0
138	r2	9.5	0.0	0.0
138	rnapol	0.0	0.0	0.0
139	__protein1_rbs	6.0	0.0	0.0
139	__protein2_rbs	5.9	0.0	0.0
139	__protein3_rbs	5.4	0.0	0.0
139	__ribosome	37.45	0.0	0.0
139	__rnase_site_ext	9.5	0.0	0.0
139	p0	1.0	0.0	0.0
139	p1	0.55	0.0	0.0
139	protein1	405.25	9.7	2.23012805
139	protein2	411.15	9.8	1.9623232
139	protein3	384.75	9.7	2.3011633500000004
139	r0	9.45	0.0	0.0
139	r2	9.4	0.0	0.0
139	rnapol	0.05	0.0	0.0
140	__protein1_rbs	4.85	0.0	0.0
140	__protein2_rbs	5.0	0.0	0.0
140	__protein3_rbs	5.6	0.0	0.0
140	__ribosome	37.1	0.0	0.0
140	__rnase_site_ext	9.4	0.0	0.0
140	p0	1.0	0.0	0.0
140	p1	0.6	0.0	0.0
140	protein1	410.15	9.6	2.25798875
140	protein2	415.05	9.95	2.01060615
140	protein3	389.2	9.7	2.25934465
140	r0	9.35	0.0	0.0
140	r2	9.3	0.0	0.0
140	rnapol	0.0	0.0	0.0
141	__protein1_rbs	5.7	0.0	0.0
141	__protein2_rbs	5.6	0.0	0.0
141	__protein3_rbs	5.5	0.0	0.0
141	__ribosome	36.85	0.0	0.0
141	__rnase_site_ext	9.4	0.0	0.0
141	p0	0.9	0.0	0.0
141	p1	0.7	0.0	0.0
141	protein1	414.3	9.5	2.2150090000000002
141	protein2	418.85	10.2	2.0427272000000003
141	protein3	393.45	9.85	2.19254395
141	r0	9.25	0.0	0.0
141	r2	9.6	0.0	0.0
141	rnapol	0.05	0.0	0.0
142	__protein1_rbs	5.75	0.0	0.0
142	__protein2_rbs	5.9	0.0	0.0
142	__protein3_rbs	4.8	0.0	0.0
142	__ribosome	36.85	0.0	0.0
142	__rnase_site_ext	9.3	0.0	0.0
142	p0	0.9	0.0	0.0
142	p1	0.75	0.0	0.0
142	protein1	418.65	9.3	2.18144475
142	protein2	422.35	10.4	2.0755827500000006
142	protein3	398.05	9.65	2.24629145
142	r0	9.25	0.0	0.0
142	r2	9.6	0.0	0.0
142	rnapol	0.05	0.0	0.0
143	__protein1_rbs	5.35	0.0	0.0
143	__protein2_rbs	6.2	0.0	0.0
143	__protein3_rbs	5.15	0.0	0.0
143	__ribosome	36.8	0.0	0.0
143	__rnase_site_ext	9.45	0.0	0.0
143	p0	1.0	0.0	0.0
143	p1	0.8	0.0	0.0
143	protein1	422.7	9.35	2.187043650000001
143	protein2	426.2	10.65	2.0918218
143	protein3	402.8	9.6	2.1918126999999994
143	r0	9.4	0.0	0.0
143	r2	9.6	0.0	0.0
143	rnapol	0.1	0.0	0.0
144	__protein1_rbs	5.8	0.0	0.0
144	__protein2_rbs	5.95	0.0	0.0
144	__protein3_rbs	5.9	0.0	0.0
144	__ribosome	36.25	0.0	0.0
144	__rnase_site_ext	9.2	0.0	0.0
144	p0	0.95	0.0	0.0
144	p1	0.7	0.0	0.0
144	protein1	426.15	9.4	2.1882143000000007
144	protein2	430.3	10.75	2.1128962499999995
144	protein3	406.65	9.7	2.1664141
144	r0	9.1	0.0	0.0
144	r2	9.85	0.0	0.0
144	rnapol	0.05	0.0	0.0
145	__protein1_rbs	4.9	0.0	0.0
145	__protein2_rbs	6.25	0.0	0.0
145	__protein3_rbs	5.4	0.0	0.0
145	__ribosome	36.35	0.0	0.0
145	__rnase_site_ext	9.2	0.0	0.0
145	p0	0.85	0.0	0.0
145	p1	0.8	0.0	0.0
145	protein1	430.9	9.25	2.1530951500000004
145	protein2	434.65	10.85	2.1446765
145	protein3	410.6	9.85	2.14376925
145	r0	9.1	0.0	0.0
145	r2	10.05	0.0	0.0
145	rnapol	0.0	0.0	0.0
146	__protein1_rbs	5.0	0.0	0.0
146	__protein2_rbs	6.45	0.0	0.0
146	__protein3_rbs	5.6	0.0	0.0
146	__ribosome	36.25	0.0	0.0
146	__rnase_site_ext	9.15	0.0	0.0
146	p0	0.95	0.0	0.0
146	p1	0.95	0.0	0.0
146	protein1	434.95	9.2	2.1470761
146	protein2	439.05	10.75	2.1631601499999995
146	protein3	414.5	10.0	2.15491955
146	r0	9.05	0.0	0.0
146	r2	10.35	0.0	0.0
146	rnapol	0.05	0.0	0.0
147	__protein1_rbs	4.95	0.0	0.0
147	__protein2_rbs	5.6	0.0	0.0
147	__protein3_rbs	5.95	0.0	0.0
147	__ribosome	36.1	0.0	0.0
147	__rnase_site_ext	9.2	0.0	0.0
147	p0	0.9	0.0	0.0
147	p1	0.95	0.0	0.0
147	protein1	438.95	9.15	2.1794011500000003
147	protein2	443.8	10.85	2.1580631
147	protein3	418.95	10.15	2.0841667
147	r0	9.1	0.0	0.0
147	r2	10.4	0.0	0.0
147	rnapol	0.15	0.0	0.0
148	__protein1_rbs	5.0	0.0	0.0
148	__protein2_rbs	6.6	0.0	0.0
148	__protein3_rbs	5.6	0.0	0.0
148	__ribosome	36.25	0.0	0.0
148	__rnase_site_ext	9.25	0.0	0.0
148	p0	0.9	0.0	0.0
148	p1	0.85	0.0	0.0
148	protein1	442.9	9.1	2.15522545
148	protein2	448.05	10.7	2.1674422000000004
148	protein3	423.4	10.45	2.0236514500000005
148	r0	9.1	0.0	0.0
148	r2	10.55	0.0	0.0
148	rnapol	0.0	0.0	0.0
149	__protein1_rbs	5.65	0.0	0.0
149	__protein2_rbs	6.65	0.0	0.0
149	__protein3_rbs	5.8	0.0	0.0
149	__ribosome	36.55	0.0	0.0
149	__rnase_site_ext	9.15	0.0	0.0
149	p0	0.95	0.0	0.0
149	p1	0.75	0.0	0.0
149	protein1	446.4	9.05	2.168299
149	protein2	453.1	10.65	2.0394962000000003
149	protein3	426.7	10.5	2.1483098000000003
149	r0	9.0	0.0	0.0
149	r2	10.85	0.0	0.0
149	rnapol	0.1	0.0	0.0
150	__protein1_rbs	5.2	0.0	0.0
150	__protein2_rbs	5.8	0.0	0.0
150	__protein3_rbs	5.95	0.0	0.0
150	__ribosome	35.9	0.0	0.0
150	__rnase_site_ext	9.2	0.0	0.0
150	p0	0.7	0.0	0.0
150	p1	0.85	0.0	0.0
150	protein1	449.95	9.1	2.23667565
150	protein2	457.65	10.5	2.09834505
150	protein3	431.45	10.65	2.1248561500000003
150	r0	9.05	0.0	0.0
150	r2	10.9	0.0	0.0
150	rnapol	0.05	0.0	0.0
151	__protein1_rbs	5.35	0.0	0.0
151	__protein2_rbs	6.1	0.0	0.0
151	__protein3_rbs	6.8	0.0	0.0
151	__ribosome	36.45	0.0	0.0
151	__rnase_site_ext	9.25	0.0	0.0
151	p0	0.8	0.0	0.0
151	p1	0.9	0.0	0.0
151	protein1	454.15	9.15	2.1476767999999997
151	protein2	462.15	10.45	2.0999204
151	protein3	435.45	10.8	2.0960489000000004
151	r0	9.05	0.0	0.0
151	r2	11.0	0.0	0.0
151	rnapol	0.2	0.0	0.0
152	__protein1_rbs	5.25	0.0	0.0
152	__protein2_rbs	6.35	0.0	0.0
152	__protein3_rbs	6.1	0.0	0.0
152	__ribosome	36.15	0.0	0.0
152	__rnase_site_ext	9.05	0.0	0.0
152	p0	0.9	0.0	0.0
152	p1	0.9	0.0	0.0
152	protein1	458.15	9.1	2.11676405
152	protein2	466.35	10.55	2.0922494
152	protein3	439.8	11.0	2.11234265
152	r0	8.95	0.0	0.0
152	r2	10.8	0.0	0.0
152	rnapol	0.2	0.0	0.0
153	__protein1_rbs	5.1	0.0	0.0
153	__protein2_rbs	5.9	0.0	0.0
153	__protein3_rbs	6.0	0.0	0.0
153	__ribosome	35.75	0.0	0.0
153	__rnase_site_ext	9.15	0.0	0.0
153	p0	0.6	0.0	0.0
153	p1	0.85	0.0	0.0
153	protein1	462.15	9.1	2.13530845
153	protein2	471.2	10.4	2.09649965
153	protein3	444.25	11.2	2.1203962000000005
153	r0	9.05	0.0	0.0
153	r2	10.65	0.0	0.0
153	rnapol	0.15	0.0	0.0
154	__protein1_rbs	4.95	0.0	0.0
154	__protein2_rbs	5.85	0.0	0.0
154	__protein3_rbs	6.05	0.0	0.0
154	__ribosome	34.05	0.0	0.0
154	__rnase_site_ext	9.45	0.0	0.0
154	p0	0.6	0.0	0.0
154	p1	0.85	0.0	0.0
154	protein1	465.6	9.0	2.23331355
154	protein2	474.4	10.35	2.2355031000000003
154	protein3	449.05	11.15	2.13155015
154	r0	9.3	0.0	0.0
154	r2	10.65	0.0	0.0
154	rnapol	0.1	0.0	0.0
155	__protein1_rbs	5.3	0.0	0.0
155	__protein2_rbs	6.05	0.0	0.0
155	__protein3_rbs	6.05	0.0	0.0
155	__ribosome	34.75	0.0	0.0
155	__rnase_site_ext	9.55	0.0	0.0
155	p0	0.8	0.0	0.0
155	p1	0.85	0.0	0.0
155	protein1	469.6	9.3	2.13390515
155	protein2	479.4	10.35	2.15127335
155	protein3	453.75	11.05	2.1627467
155	r0	9.3	0.0	0.0
155	r2	10.65	0.0	0.0
155	rnapol	0.15	0.0	0.0
156	__protein1_rbs	6.0	0.0	0.0
156	__protein2_rbs	5.65	0.0	0.0
156	__protein3_rbs	6.5	0.0	0.0
156	__ribosome	34.55	0.0	0.0
156	__rnase_site_ext	9.55	0.0	0.0
156	p0	0.65	0.0	0.0
156	p1	0.7	0.0	0.0
156	protein1	473.35	9.35	2.1196608500000003
156	protein2	483.4	10.35	2.17997765
156	protein3	458.1	11.0	2.175222600000001
156	r0	9.4	0.0	0.0
156	r2	10.6	0.0	0.0
156	rnapol	0.05	0.0	0.0
157	__protein1_rbs	5.15	0.0	0.0
157	__protein2_rbs	6.55	0.0	0.0
157	__protein3_rbs	6.4	0.0	0.0
157	__ribosome	35.0	0.0	0.0
157	__rnase_site_ext	9.6	0.0	0.0
157	p0	0.85	0.0	0.0
157	p1	0.6	0.0	0.0
157	protein1	477.15	9.35	2.1414163000000004
157	protein2	487.75	10.25	2.1269696500000004
157	protein3	462.55	10.8	2.19714715
157	r0	9.4	0.0	0.0
157	r2	10.65	0.0	0.0
157	rnapol	0.25	0.0	0.0
158	__protein1_rbs	5.85	0.0	0.0
158	__protein2_rbs	6.0	0.0	0.0
158	__protein3_rbs	6.05	0.0	0.0
158	__ribosome	35.35	0.0	0.0
158	__rnase_site_ext	9.45	0.0	0.0
158	p0	0.7	0.0	0.0
158	p1	0.7	0.0	0.0
158	protein1	481.0	9.45	2.08481605
158	protein2	492.2	10.3	2.1282673
158	protein3	467.5	10.7	2.2034259999999994
158	r0	9.35	0.0	0.0
158	r2	10.55	0.0	0.0
158	rnapol	0.1	0.0	0.0
159	__protein1_rbs	5.6	0.0	0.0
159	__protein2_rbs	6.5	0.0	0.0
159	__protein3_rbs	6.0	0.0	0.0
159	__ribosome	37.0	0.0	0.0
159	__rnase_site_ext	9.65	0.0	0.0
159	p0	0.8	0.0	0.0
159	p1	0.65	0.0	0.0
159	protein1	484.6	9.35	2.0945563000000003
159	protein2	497.1	10.35	2.0412996
159	protein3	472.55	10.7	2.14113585
159	r0	9.55	0.0	0.0
159	r2	10.55	0.0	0.0
159	rnapol	0.2	0.0	0.0
160	__protein1_rbs	5.7	0.0	0.0
160	__protein2_rbs	6.05	0.0	0.0
160	__protein3_rbs	5.65	0.0	0.0
160	__ribosome	35.85	0.0	0.0
160	__rnase_site_ext	9.75	0.0	0.0
160	p0	0.85	0.0	0.0
160	p1	0.45	0.0	0.0
160	protein1	488.75	9.5	2.0511414
160	protein2	501.0	10.5	2.07284395
160	protein3	476.8	10.85	2.1842664000000003
160	r0	9.65	0.0	0.0
160	r2	10.55	0.0	0.0
160	rnapol	0.15	0.0	0.0
161	__protein1_rbs	5.75	0.0	0.0
161	__protein2_rbs	5.95	0.0	0.0
161	__protein3_rbs	6.4	0.0	0.0
161	__ribosome	36.45	0.0	0.0
161	__rnase_site_ext	9.7	0.0	0.0
161	p0	0.9	0.0	0.0
161	p1	0.5	0.0	0.0
161	protein1	492.55	9.55	2.0395938
161	protein2	505.5	10.5	2.0738653
161	protein3	481.7	10.65	2.1361652
161	r0	9.6	0.0	0.0
161	r2	10.35	0.0	0.0
161	rnapol	0.05	0.0	0.0
162	__protein1_rbs	5.7	0.0	0.0
162	__protein2_rbs	6.35	0.0	0.0
162	__protein3_rbs	6.7	0.0	0.0
162	__ribosome	37.15	0.0	0.0
162	__rnase_site_ext	9.6	0.0	0.0
162	p0	0.9	0.0	0.0
162	p1	0.55	0.0	0.0
162	protein1	496.75	9.6	2.01673235
162	protein2	509.6	10.6	2.06466825
162	protein3	486.0	10.7	2.07163055
162	r0	9.45	0.0	0.0
162	r2	10.35	0.0	0.0
162	rnapol	0.05	0.0	0.0
163	__protein1_rbs	5.55	0.0	0.0
163	__protein2_rbs	6.3	0.0	0.0
163	__protein3_rbs	6.3	0.0	0.0
163	__ribosome	36.1	0.0	0.0
163	__rnase_site_ext	9.55	0.0	0.0
163	p0	0.95	0.0	0.0
163	p1	0.6	0.0	0.0
163	protein1	500.15	9.55	2.10666675
163	protein2	514.2	10.85	2.03574215
163	protein3	490.65	10.55	2.102298
163	r0	9.4	0.0	0.0
163	r2	10.2	0.0	0.0
163	rnapol	0.0	0.0	0.0
164	__protein1_rbs	5.25	0.0	0.0
164	__protein2_rbs	6.35	0.0	0.0
164	__protein3_rbs	5.6	0.0	0.0
164	__ribosome	34.7	0.0	0.0
164	__rnase_site_ext	9.5	0.0	0.0
164	p0	0.95	0.0	0.0
164	p1	0.55	0.0	0.0
164	protein1	504.3	9.45	2.1477249
164	protein2	518.05	10.8	2.10795705
164	protein3	495.0	10.65	2.1508674
164	r0	9.35	0.0	0.0
164	r2	10.3	0.0	0.0
164	rnapol	0.05	0.0	0.0
165	__protein1_rbs	5.6	0.0	0.0
165	__protein2_rbs	6.55	0.0	0.0
165	__protein3_rbs	6.25	0.0	0.0
165	__ribosome	35.3	0.0	0.0
165	__rnase_site_ext	9.0	0.0	0.0
165	p0	0.95	0.0	0.0
165	p1	0.55	0.0	0.0
165	protein1	508.1	9.4	2.11834045
165	protein2	522.35	11.1	2.0887357
165	protein3	499.9	10.55	2.09354775
165	r0	8.9	0.0	0.0
165	r2	10.45	0.0	0.0
165	rnapol	0.1	0.0	0.0
166	__protein1_rbs	5.35	0.0	0.0
166	__protein2_rbs	6.9	0.0	0.0
166	__protein3_rbs	6.65	0.0	0.0
166	__ribosome	35.6	0.0	0.0
166	__rnase_site_ext	9.0	0.0	0.0
166	p0	0.85	0.0	0.0
166	p1	0.6	0.0	0.0
166	protein1	511.8	9.25	2.1575955500000004
166	protein2	526.75	11.2	2.0386534000000003
166	protein3	503.9	10.45	2.1146689999999997
166	r0	8.85	0.0	0.0
166	r2	10.5	0.0	0.0
166	rnapol	0.0	0.0	0.0
167	__protein1_rbs	5.2	0.0	0.0
167	__protein2_rbs	6.6	0.0	0.0
167	__protein3_rbs	6.15	0.0	0.0
167	__ribosome	35.8	0.0	0.0
167	__rnase_site_ext	9.0	0.0	0.0
167	p0	1.0	0.0	0.0
167	p1	0.75	0.0	0.0
167	protein1	515.75	8.9	2.20480335
167	protein2	531.3	11.3	2.0562119999999995
167	protein3	508.45	10.5	2.1088188999999997
167	r0	8.9	0.0	0.0
167	r2	10.55	0.0	0.0
167	rnapol	0.05	0.0	0.0
168	__protein1_rbs	4.8	0.0	0.0
168	__protein2_rbs	6.55	0.0	0.0
168	__protein3_rbs	5.95	0.0	0.0
168	__ribosome	35.6	0.0	0.0
168	__rnase_site_ext	8.8	0.0	0.0
168	p0	0.9	0.0	0.0
168	p1	0.8	0.0	0.0
168	protein1	519.75	8.9	2.2113997000000003
168	protein2	536.3	11.5	2.0100029999999998
168	protein3	513.05	10.6	2.11457165
168	r0	8.6	0.0	0.0
168	r2	10.8	0.0	0.0
168	rnapol	0.1	0.0	0.0
169	__protein1_rbs	4.55	0.0	0.0
169	__protein2_rbs	6.2	0.0	0.0
169	__protein3_rbs	6.7	0.0	0.0
169	__ribosome	34.9	0.0	0.0
169	__rnase_site_ext	8.7	0.0	0.0
169	p0	0.8	0.0	0.0
169	p1	0.8	0.0	0.0
169	protein1	523.75	8.75	2.28977455
169	protein2	540.75	11.45	2.06564155
169	protein3	517.05	10.85	2.0431619000000003
169	r0	8.6	0.0	0.0
169	r2	10.9	0.0	0.0
169	rnapol	0.0	0.0	0.0
170	__protein1_rbs	4.35	0.0	0.0
170	__protein2_rbs	6.8	0.0	0.0
170	__protein3_rbs	5.95	0.0	0.0
170	__ribosome	34.6	0.0	0.0
170	__rnase_site_ext	8.8	0.0	0.0
170	p0	0.9	0.0	0.0
170	p1	0.85	0.0	0.0
170	protein1	527.9	8.6	2.32053035
170	protein2	545.05	11.25	2.11438045
170	protein3	521.45	10.75	2.10467805
170	r0	8.65	0.0	0.0
170	r2	11.05	0.0	0.0
170	rnapol	0.0	0.0	0.0
171	__protein1_rbs	5.2	0.0	0.0
171	__protein2_rbs	6.6	0.0	0.0
171	__protein3_rbs	6.3	0.0	0.0
171	__ribosome	34.0	0.0	0.0
171	__rnase_site_ext	8.65	0.0	0.0
171	p0	0.9	0.0	0.0
171	p1	0.9	0.0	0.0
171	protein1	531.55	8.65	2.31341805
171	protein2	548.9	11.3	2.15070165
171	protein3	525.95	11.05	2.0470358500000003
171	r0	8.45	0.0	0.0
171	r2	11.15	0.0	0.0
171	rnapol	0.0	0.0	0.0
172	__protein1_rbs	4.75	0.0	0.0
172	__protein2_rbs	6.05	0.0	0.0
172	__protein3_rbs	6.65	0.0	0.0
172	__ribosome	33.7	0.0	0.0
172	__rnase_site_ext	8.5	0.0	0.0
172	p0	0.95	0.0	0.0
172	p1	0.9	0.0	0.0
172	protein1	535.4	8.6	2.34639605
172	protein2	553.8	11.1	2.19153665
172	protein3	530.2	11.25	2.0318012999999997
172	r0	8.4	0.0	0.0
172	r2	11.35	0.0	0.0
172	rnapol	0.05	0.0	0.0
173	__protein1_rbs	5.8	0.0	0.0
173	__protein2_rbs	5.95	0.0	0.0
173	__protein3_rbs	6.3	0.0	0.0
173	__ribosome	34.2	0.0	0.0
173	__rnase_site_ext	8.55	0.0	0.0
173	p0	0.85	0.0	0.0
173	p1	0.8	0.0	0.0
173	protein1	539.15	8.6	2.2127668999999996
173	protein2	559.05	10.95	2.1785521
173	protein3	534.35	11.3	2.09670855
173	r0	8.4	0.0	0.0
173	r2	11.6	0.0	0.0
173	rnapol	0.05	0.0	0.0
174	__protein1_rbs	4.75	0.0	0.0
174	__protein2_rbs	6.15	0.0	0.0
174	__protein3_rbs	6.75	0.0	0.0
174	__ribosome	34.3	0.0	0.0
174	__rnase_site_ext	8.4	0.0	0.0
174	p0	0.9	0.0	0.0
174	p1	1.0	0.0	0.0
174	protein1	543.1	8.4	2.24299505
174	protein2	563.45	10.85	2.2185552000000004
174	protein3	538.8	11.4	2.0721392999999995
174	r0	8.3	0.0	0.0
174	r2	11.6	0.0	0.0
174	rnapol	0.1	0.0	0.0
175	__protein1_rbs	4.95	0.0	0.0
175	__protein2_rbs	6.0	0.0	0.0
175	__protein3_rbs	7.05	0.0	0.0
175	__ribosome	35.2	0.0	0.0
175	__rnase_site_ext	8.45	0.0	0.0
175	p0	0.85	0.0	0.0
175	p1	0.95	0.0	0.0
175	protein1	547.35	8.45	2.14430995
175	protein2	568.3	10.7	2.25514615
175	protein3	543.55	11.45	2.0299162
175	r0	8.35	0.0	0.0
175	r2	11.55	0.0	0.0
175	rnapol	0.15	0.0	0.0
176	__protein1_rbs	4.75	0.0	0.0
176	__protein2_rbs	6.2	0.0	0.0
176	__protein3_rbs	6.25	0.0	0.0
176	__ribosome	34.25	0.0	0.0
176	__rnase_site_ext	8.6	0.0	0.0
176	p0	0.9	0.0	0.0
176	p1	0.8	0.0	0.0
176	protein1	551.2	8.45	2.0953224500000003
176	protein2	573.0	10.55	2.2654744
176	protein3	547.95	11.7	2.0907393
176	r0	8.45	0.0	0.0
176	r2	11.75	0.0	0.0
176	rnapol	0.25	0.0	0.0
177	__protein1_rbs	4.9	0.0	0.0
177	__protein2_rbs	6.35	0.0	0.0
177	__protein3_rbs	5.85	0.0	0.0
177	__ribosome	34.3	0.0	0.0
177	__rnase_site_ext	8.75	0.0	0.0
177	p0	0.6	0.0	0.0
177	p1	0.7	0.0	0.0
177	protein1	554.75	8.5	2.0739042000000003
177	protein2	577.6	10.4	2.2568848999999997
177	protein3	552.95	11.9	2.1004154
177	r0	8.55	0.0	0.0
177	r2	11.6	0.0	0.0
177	rnapol	0.3	0.0	0.0
178	__protein1_rbs	5.3	0.0	0.0
178	__protein2_rbs	5.95	0.0	0.0
178	__protein3_rbs	6.4	0.0	0.0
178	__ribosome	32.9	0.0	0.0
178	__rnase_site_ext	8.95	0.0	0.0
178	p0	0.65	0.0	0.0
178	p1	0.8	0.0	0.0
178	protein1	557.75	8.6	2.1063301999999995
178	protein2	582.35	10.3	2.2374783000000003
178	protein3	556.65	11.85	2.2263587000000005
178	r0	8.8	0.0	0.0
178	r2	11.5	0.0	0.0
178	rnapol	0.1	0.0	0.0
179	__protein1_rbs	5.05	0.0	0.0
179	__protein2_rbs	6.45	0.0	0.0
179	__protein3_rbs	7.3	0.0	0.0
179	__ribosome	34.25	0.0	0.0
179	__rnase_site_ext	9.15	0.0	0.0
179	p0	0.85	0.0	0.0
179	p1	0.85	0.0	0.0
179	protein1	561.35	8.75	2.0273845499999994
179	protein2	587.3	10.4	2.13123195
179	protein3	561.7	11.95	2.1855315000000006
179	r0	9.0	0.0	0.0
179	r2	11.4	0.0	0.0
179	rnapol	0.15	0.0	0.0
180	__protein1_rbs	6.15	0.0	0.0
180	__protein2_rbs	5.85	0.0	0.0
180	__protein3_rbs	6.55	0.0	0.0
180	__ribosome	35.35	0.0	0.0
180	__rnase_site_ext	9.15	0.0	0.0
180	p0	0.75	0.0	0.0
180	p1	0.85	0.0	0.0
180	protein1	564.85	8.95	1.94220065
180	protein2	592.2	10.35	2.0680605
180	protein3	566.85	11.8	2.2212691500000004
180	r0	9.0	0.0	0.0
180	r2	11.4	0.0	0.0
180	rnapol	0.1	0.0	0.0
181	__protein1_rbs	5.0	0.0	0.0
181	__protein2_rbs	6.2	0.0	0.0
181	__protein3_rbs	7.0	0.0	0.0
181	__ribosome	35.6	0.0	0.0
181	__rnase_site_ext	9.4	0.0	0.0
181	p0	0.75	0.0	0.0
181	p1	0.7	0.0	0.0
181	protein1	568.5	9.0	2.0169859500000005
181	protein2	596.8	10.3	2.02472855
181	protein3	571.55	11.7	2.226544
181	r0	9.2	0.0	0.0
181	r2	11.3	0.0	0.0
181	rnapol	0.15	0.0	0.0
182	__protein1_rbs	5.3	0.0	0.0
182	__protein2_rbs	5.65	0.0	0.0
182	__protein3_rbs	7.3	0.0	0.0
182	__ribosome	36.1	0.0	0.0
182	__rnase_site_ext	9.2	0.0	0.0
182	p0	0.95	0.0	0.0
182	p1	0.7	0.0	0.0
182	protein1	572.4	9.1	2.00896825
182	protein2	600.65	10.2	2.1535588500000005
182	protein3	577.55	11.6	2.1260712000000006
182	r0	9.1	0.0	0.0
182	r2	11.2	0.0	0.0
182	rnapol	0.3	0.0	0.0
183	__protein1_rbs	5.75	0.0	0.0
183	__protein2_rbs	5.95	0.0	0.0
183	__protein3_rbs	6.55	0.0	0.0
183	__ribosome	36.25	0.0	0.0
183	__rnase_site_ext	9.1	0.0	0.0
183	p0	0.85	0.0	0.0
183	p1	0.8	0.0	0.0
183	protein1	575.7	9.2	1.98033915
183	protein2	605.15	9.95	2.16652235
183	protein3	582.55	11.55	2.1426998500000005
183	r0	9.0	0.0	0.0
183	r2	11.0	0.0	0.0
183	rnapol	0.15	0.0	0.0
184	__protein1_rbs	4.9	0.0	0.0
184	__protein2_rbs	5.15	0.0	0.0
184	__protein3_rbs	6.85	0.0	0.0
184	__ribosome	35.2	0.0	0.0
184	__rnase_site_ext	9.45	0.0	0.0
184	p0	0.75	0.0	0.0
184	p1	0.45	0.0	0.0
184	protein1	579.05	9.05	2.1051822
184	protein2	608.85	10.0	2.2336406499999995
184	protein3	587.55	11.5	2.1046962000000002
184	r0	9.3	0.0	0.0
184	r2	10.75	0.0	0.0
184	rnapol	0.2	0.0	0.0
185	__protein1_rbs	5.55	0.0	0.0
185	__protein2_rbs	5.55	0.0	0.0
185	__protein3_rbs	6.9	0.0	0.0
185	__ribosome	35.55	0.0	0.0
185	__rnase_site_ext	9.65	0.0	0.0
185	p0	0.8	0.0	0.0
185	p1	0.45	0.0	0.0
185	protein1	582.4	9.15	2.1052020000000002
185	protein2	613.4	9.9	2.23760585
185	protein3	592.4	11.5	2.0907249
185	r0	9.4	0.0	0.0
185	r2	10.8	0.0	0.0
185	rnapol	0.1	0.0	0.0
186	__protein1_rbs	4.8	0.0	0.0
186	__protein2_rbs	5.85	0.0	0.0
186	__protein3_rbs	7.1	0.0	0.0
186	__ribosome	35.5	0.0	0.0
186	__rnase_site_ext	9.55	0.0	0.0
186	p0	0.9	0.0	0.0
186	p1	0.65	0.0	0.0
186	protein1	586.4	9.4	2.09952385
186	protein2	617.15	10.0	2.2438301000000003
186	protein3	597.5	11.2	2.05720555
186	r0	9.45	0.0	0.0
186	r2	10.75	0.0	0.0
186	rnapol	0.0	0.0	0.0
187	__protein1_rbs	5.85	0.0	0.0
187	__protein2_rbs	5.4	0.0	0.0
187	__protein3_rbs	6.15	0.0	0.0
187	__ribosome	34.85	0.0	0.0
187	__rnase_site_ext	9.5	0.0	0.0
187	p0	0.95	0.0	0.0
187	p1	0.5	0.0	0.0
187	protein1	590.3	9.5	2.0614652
187	protein2	621.8	10.15	2.2351834000000004
187	protein3	601.85	11.25	2.0984629
187	r0	9.4	0.0	0.0
187	r2	10.5	0.0	0.0
187	rnapol	0.0	0.0	0.0
188	__protein1_rbs	6.0	0.0	0.0
188	__protein2_rbs	5.45	0.0	0.0
188	__protein3_rbs	6.65	0.0	0.0
188	__ribosome	35.25	0.0	0.0
188	__rnase_site_ext	9.35	0.0	0.0
188	p0	1.0	0.0	0.0
188	p1	0.55	0.0	0.0
188	protein1	594.1	9.4	2.07213755
188	protein2	626.2	10.25	2.2462187
188	protein3	606.95	10.95	2.11540495
188	r0	9.25	0.0	0.0
188	r2	10.35	0.0	0.0
188	rnapol	0.1	0.0	0.0
189	__protein1_rbs	5.45	0.0	0.0
189	__protein2_rbs	6.2	0.0	0.0
189	__protein3_rbs	6.5	0.0	0.0
189	__ribosome	34.7	0.0	0.0
189	__rnase_site_ext	9.4	0.0	0.0
189	p0	0.9	0.0	0.0
189	p1	0.75	0.0	0.0
189	protein1	597.65	9.45	2.12601455
189	protein2	630.7	10.5	2.15207975
189	protein3	611.25	10.85	2.14712415
189	r0	9.3	0.0	0.0
189	r2	10.15	0.0	0.0
189	rnapol	0.05	0.0	0.0
190	__protein1_rbs	5.55	0.0	0.0
190	__protein2_rbs	6.4	0.0	0.0
190	__protein3_rbs	6.05	0.0	0.0
190	__ribosome	34.7	0.0	0.0
190	__rnase_site_ext	9.3	0.0	0.0
190	p0	0.85	0.0	0.0
190	p1	0.7	0.0	0.0
190	protein1	601.6	9.25	2.19311615
190	protein2	635.0	10.45	2.1565617
190	protein3	615.9	10.9	2.1694561
190	r0	9.2	0.0	0.0
190	r2	10.2	0.0	0.0
190	rnapol	0.0	0.0	0.0
191	__protein1_rbs	5.75	0.0	0.0
191	__protein2_rbs	5.5	0.0	0.0
191	__protein3_rbs	6.1	0.0	0.0
191	__ribosome	34.55	0.0	0.0
191	__rnase_site_ext	9.25	0.0	0.0
191	p0	0.95	0.0	0.0
191	p1	0.6	0.0	0.0
191	protein1	605.8	9.3	2.1419971
191	protein2	639.15	10.55	2.1944254
191	protein3	620.85	10.7	2.1977389
191	r0	9.15	0.0	0.0
191	r2	10.25	0.0	0.0
191	rnapol	0.05	0.0	0.0
192	__protein1_rbs	5.0	0.0	0.0
192	__protein2_rbs	5.85	0.0	0.0
192	__protein3_rbs	6.4	0.0	0.0
192	__ribosome	34.15	0.0	0.0
192	__rnase_site_ext	9.15	0.0	0.0
192	p0	1.0	0.0	0.0
192	p1	0.7	0.0	0.0
192	protein1	609.4	9.3	2.2038382000000003
192	protein2	643.5	10.6	2.2133652
192	protein3	625.6	10.55	2.1917674
192	r0	9.05	0.0	0.0
192	r2	10.35	0.0	0.0
192	rnapol	0.1	0.0	0.0
193	__protein1_rbs	5.75	0.0	0.0
193	__protein2_rbs	5.65	0.0	0.0
193	__protein3_rbs	6.05	0.0	0.0
193	__ribosome	34.75	0.0	0.0
193	__rnase_site_ext	9.2	0.0	0.0
193	p0	0.85	0.0	0.0
193	p1	0.6	0.0	0.0
193	protein1	613.4	9.1	2.216102
193	protein2	648.55	10.7	2.16850475
193	protein3	629.85	10.55	2.2037095
193	r0	9.05	0.0	0.0
193	r2	10.55	0.0	0.0
193	rnapol	0.05	0.0	0.0
194	__protein1_rbs	4.95	0.0	0.0
194	__protein2_rbs	6.65	0.0	0.0
194	__protein3_rbs	6.4	0.0	0.0
194	__ribosome	35.7	0.0	0.0
194	__rnase_site_ext	9.0	0.0	0.0
194	p0	0.85	0.0	0.0
194	p1	0.8	0.0	0.0
194	protein1	617.45	9.0	2.1916938999999998
194	protein2	652.9	10.75	2.1687826
194	protein3	634.7	10.4	2.17260375
194	r0	8.85	0.0	0.0
194	r2	10.65	0.0	0.0
194	rnapol	0.0	0.0	0.0
195	__protein1_rbs	5.25	0.0	0.0
195	__protein2_rbs	6.4	0.0	0.0
195	__protein3_rbs	6.35	0.0	0.0
195	__ribosome	35.85	0.0	0.0
195	__rnase_site_ext	8.95	0.0	0.0
195	p0	0.9	0.0	0.0
195	p1	0.95	0.0	0.0
195	protein1	621.2	8.95	2.1931565500000003
195	protein2	657.35	10.85	2.15673165
195	protein3	639.25	10.6	2.1173466000000003
195	r0	8.85	0.0	0.0
195	r2	10.8	0.0	0.0
195	rnapol	0.05	0.0	0.0
196	__protein1_rbs	5.1	0.0	0.0
196	__protein2_rbs	6.0	0.0	0.0
196	__protein3_rbs	6.45	0.0	0.0
196	__ribosome	36.1	0.0	0.0
196	__rnase_site_ext	8.85	0.0	0.0
196	p0	0.95	0.0	0.0
196	p1	0.9	0.0	0.0
196	protein1	624.95	8.95	2.2273754500000003
196	protein2	662.25	10.8	2.15412535
196	protein3	643.95	10.8	2.03052915
196	r0	8.7	0.0	0.0
196	r2	10.75	0.0	0.0
196	rnapol	0.0	0.0	0.0
197	__protein1_rbs	5.1	0.0	0.0
197	__protein2_rbs	6.3	0.0	0.0
197	__protein3_rbs	6.35	0.0	0.0
197	__ribosome	36.1	0.0	0.0
197	__rnase_site_ext	8.85	0.0	0.0
197	p0	0.95	0.0	0.0
197	p1	0.85	0.0	0.0
197	protein1	629.2	8.7	2.20190295
197	protein2	666.45	10.55	2.2081627999999998
197	protein3	647.75	10.85	2.0887745000000004
197	r0	8.75	0.0	0.0
197	r2	10.65	0.0	0.0
197	rnapol	0.05	0.0	0.0
198	__protein1_rbs	5.2	0.0	0.0
198	__protein2_rbs	6.5	0.0	0.0
198	__protein3_rbs	5.8	0.0	0.0
198	__ribosome	36.5	0.0	0.0
198	__rnase_site_ext	8.7	0.0	0.0
198	p0	0.95	0.0	0.0
198	p1	0.9	0.0	0.0
198	protein1	632.5	8.75	2.2121699
198	protein2	671.45	10.45	2.1160613
198	protein3	652.6	11.15	2.0556502
198	r0	8.6	0.0	0.0
198	r2	10.65	0.0	0.0
198	rnapol	0.1	0.0	0.0
199	__protein1_rbs	5.3	0.0	0.0
199	__protein2_rbs	5.8	0.0	0.0
199	__protein3_rbs	6.55	0.0	0.0
199	__ribosome	36.2	0.0	0.0
199	__rnase_site_ext	8.85	0.0	0.0
199	p0	0.85	0.0	0.0
199	p1	0.95	0.0	0.0
199	protein1	636.45	8.65	2.1843867
199	protein2	675.55	10.35	2.20640275
199	protein3	656.65	11.0	2.12176945
199	r0	8.7	0.0	0.0
199	r2	10.7	0.0	0.0
199	rnapol	0.1	0.0	0.0
200	__protein1_rbs	4.65	0.0	0.0
200	__protein2_rbs	5.6	0.0	0.0
200	__protein3_rbs	5.75	0.0	0.0
200	__ribosome	34.75	0.0	0.0
200	__rnase_site_ext	8.9	0.0	0.0
200	p0	0.8	0.0	0.0
200	p1	0.85	0.0	0.0
200	protein1	640.3	8.75	2.1835930500000003
200	protein2	680.0	10.4	2.225484750000001
200	protein3	661.1	11.15	2.1665368
200	r0	8.8	0.0	0.0
200	r2	10.75	0.0	0.0
200	rnapol	0.1	0.0	0.0
201	__protein1_rbs	5.2	0.0	0.0
201	__protein2_rbs	6.25	0.0	0.0
201	__protein3_rbs	6.3	0.0	0.0
201	__ribosome	36.65	0.0	0.0
201	__rnase_site_ext	8.9	0.0	0.0
201	p0	0.8	0.0	0.0
201	p1	0.8	0.0	0.0
201	protein1	644.45	8.65	2.07805015
201	protein2	684.75	10.35	2.1748842999999995
201	protein3	665.9	11.05	2.1513852000000004
201	r0	8.8	0.0	0.0
201	r2	10.85	0.0	0.0
201	rnapol	0.3	0.0	0.0
202	__protein1_rbs	4.6	0.0	0.0
202	__protein2_rbs	5.45	0.0	0.0
202	__protein3_rbs	6.0	0.0	0.0
202	__ribosome	35.05	0.0	0.0
202	__rnase_site_ext	9.25	0.0	0.0
202	p0	0.85	0.0	0.0
202	p1	0.8	0.0	0.0
202	protein1	647.65	8.8	2.2140277999999998
202	protein2	689.2	10.2	2.1894426
202	protein3	670.25	11.1	2.1997809000000004
202	r0	9.15	0.0	0.0
202	r2	10.85	0.0	0.0
202	rnapol	0.2	0.0	0.0
203	__protein1_rbs	5.45	0.0	0.0
203	__protein2_rbs	6.4	0.0	0.0
203	__protein3_rbs	6.2	0.0	0.0
203	__ribosome	34.85	0.0	0.0
203	__rnase_site_ext	9.35	0.0	0.0
203	p0	0.75	0.0	0.0
203	p1	0.8	0.0	0.0
203	protein1	650.9	9.05	2.1777794999999998
203	protein2	693.55	10.2	2.1106562
203	protein3	674.7	11.1	2.27762445
203	r0	9.2	0.0	0.0
203	r2	10.7	0.0	0.0
203	rnapol	0.4	0.0	0.0
204	__protein1_rbs	4.85	0.0	0.0
204	__protein2_rbs	5.4	0.0	0.0
204	__protein3_rbs	6.3	0.0	0.0
204	__ribosome	34.3	0.0	0.0
204	__rnase_site_ext	9.65	0.0	0.0
204	p0	0.65	0.0	0.0
204	p1	0.85	0.0	0.0
204	protein1	654.75	9.05	2.1876911
204	protein2	697.8	10.15	2.1593338
204	protein3	679.5	11.1	2.26084495
204	r0	9.5	0.0	0.0
204	r2	10.6	0.0	0.0
204	rnapol	0.1	0.0	0.0
205	__protein1_rbs	5.65	0.0	0.0
205	__protein2_rbs	5.7	0.0	0.0
205	__protein3_rbs	6.35	0.0	0.0
205	__ribosome	34.65	0.0	0.0
205	__rnase_site_ext	9.75	0.0	0.0
205	p0	0.8	0.0	0.0
205	p1	0.85	0.0	0.0
205	protein1	658.75	9.4	2.06742425
205	protein2	701.95	10.1	2.21608695
205	protein3	684.6	11.0	2.2329399000000003
205	r0	9.6	0.0	0.0
205	r2	10.6	0.0	0.0
205	rnapol	0.2	0.0	0.0
206	__protein1_rbs	6.1	0.0	0.0
206	__protein2_rbs	6.2	0.0	0.0
206	__protein3_rbs	5.75	0.0	0.0
206	__ribosome	35.85	0.0	0.0
206	__rnase_site_ext	9.85	0.0	0.0
206	p0	0.8	0.0	0.0
206	p1	0.75	0.0	0.0
206	protein1	662.5	9.6	1.9950306
206	protein2	706.7	10.05	2.14864765
206	protein3	689.5	10.95	2.2544463500000003
206	r0	9.75	0.0	0.0
206	r2	10.4	0.0	0.0
206	rnapol	0.1	0.0	0.0
207	__protein1_rbs	5.35	0.0	0.0
207	__protein2_rbs	6.2	0.0	0.0
207	__protein3_rbs	6.1	0.0	0.0
207	__ribosome	35.85	0.0	0.0
207	__rnase_site_ext	9.85	0.0	0.0
207	p0	0.75	0.0	0.0
207	p1	0.7	0.0	0.0
207	protein1	666.4	9.7	2.00972395
207	protein2	710.6	10.05	2.17262375
207	protein3	694.35	10.9	2.26712015
207	r0	9.65	0.0	0.0
207	r2	10.4	0.0	0.0
207	rnapol	0.15	0.0	0.0
208	__protein1_rbs	5.95	0.0	0.0
208	__protein2_rbs	6.1	0.0	0.0
208	__protein3_rbs	5.75	0.0	0.0
208	__ribosome	34.5	0.0	0.0
208	__rnase_site_ext	9.85	0.0	0.0
208	p0	0.8	0.0	0.0
208	p1	0.5	0.0	0.0
208	protein1	670.1	9.75	2.00060465
208	protein2	714.3	9.95	2.23659395
208	protein3	698.6	10.8	2.3553924
208	r0	9.75	0.0	0.0
208	r2	10.3	0.0	0.0
208	rnapol	0.1	0.0	0.0
209	__protein1_rbs	5.8	0.0	0.0
209	__protein2_rbs	6.45	0.0	0.0
209	__protein3_rbs	6.05	0.0	0.0
209	__ribosome	36.0	0.0	0.0
209	__rnase_site_ext	9.95	0.0	0.0
209	p0	0.8	0.0	0.0
209	p1	0.5	0.0	0.0
209	protein1	674.1	9.8	1.9845776499999992
209	protein2	719.05	10.2	2.0661954
209	protein3	703.75	10.8	2.3005104
209	r0	9.85	0.0	0.0
209	r2	10.3	0.0	0.0
209	rnapol	0.25	0.0	0.0
210	__protein1_rbs	5.4	0.0	0.0
210	__protein2_rbs	4.9	0.0	0.0
210	__protein3_rbs	6.25	0.0	0.0
210	__ribosome	35.3	0.0	0.0
210	__rnase_site_ext	10.2	0.0	0.0
210	p0	0.75	0.0	0.0
210	p1	0.65	0.0	0.0
210	protein1	677.6	9.9	2.06392225
210	protein2	723.35	10.25	2.1508483500000004
210	protein3	708.7	10.5	2.2790307999999997
210	r0	10.1	0.0	0.0
210	r2	10.25	0.0	0.0
210	rnapol	0.0	0.0	0.0
211	__protein1_rbs	6.15	0.0	0.0
211	__protein2_rbs	6.25	0.0	0.0
211	__protein3_rbs	5.7	0.0	0.0
211	__ribosome	36.15	0.0	0.0
211	__rnase_site_ext	10.05	0.0	0.0
211	p0	1.0	0.0	0.0
211	p1	0.45	0.0	0.0
211	protein1	681.65	10.05	2.0146554
211	protein2	727.8	10.4	2.0665646000000004
211	protein3	713.8	10.5	2.2268549500000003
211	r0	9.95	0.0	0.0
211	r2	10.1	0.0	0.0
211	rnapol	0.05	0.0	0.0
212	__protein1_rbs	5.75	0.0	0.0
212	__protein2_rbs	5.7	0.0	0.0
212	__protein3_rbs	5.7	0.0	0.0
212	__ribosome	34.75	0.0	0.0
212	__rnase_site_ext	10.0	0.0	0.0
212	p0	0.95	0.0	0.0
212	p1	0.55	0.0	0.0
212	protein1	685.2	10.05	2.0706883000000005
212	protein2	731.25	10.5	2.14657115
212	protein3	718.65	10.5	2.1816492999999997
212	r0	9.9	0.0	0.0
212	r2	9.95	0.0	0.0
212	rnapol	0.0	0.0	0.0
213	__protein1_rbs	5.75	0.0	0.0
213	__protein2_rbs	5.6	0.0	0.0
213	__protein3_rbs	6.45	0.0	0.0
213	__ribosome	35.0	0.0	0.0
213	__rnase_site_ext	9.8	0.0	0.0
213	p0	0.95	0.0	0.0
213	p1	0.65	0.0	0.0
213	protein1	689.45	9.85	2.1199244
213	protein2	735.9	10.35	2.1871906
213	protein3	723.2	10.55	2.1308467500000003
213	r0	9.7	0.0	0.0
213	r2	10.0	0.0	0.0
213	rnapol	0.05	0.0	0.0
214	__protein1_rbs	5.75	0.0	0.0
214	__protein2_rbs	6.1	0.0	0.0
214	__protein3_rbs	6.2	0.0	0.0
214	__ribosome	34.0	0.0	0.0
214	__rnase_site_ext	9.8	0.0	0.0
214	p0	0.95	0.0	0.0
214	p1	0.75	0.0	0.0
214	protein1	693.2	9.9	2.1460202
214	protein2	739.7	10.5	2.19873325
214	protein3	727.7	10.55	2.137137
214	r0	9.7	0.0	0.0
214	r2	9.9	0.0	0.0
214	rnapol	0.05	0.0	0.0
215	__protein1_rbs	6.15	0.0	0.0
215	__protein2_rbs	6.4	0.0	0.0
215	__protein3_rbs	5.9	0.0	0.0
215	__ribosome	34.4	0.0	0.0
215	__rnase_site_ext	9.65	0.0	0.0
215	p0	0.9	0.0	0.0
215	p1	0.65	0.0	0.0
215	protein1	697.3	9.8	2.1565214
215	protein2	744.45	10.7	2.10592665
215	protein3	731.85	10.3	2.24387495
215	r0	9.6	0.0	0.0
215	r2	10.0	0.0	0.0
215	rnapol	0.0	0.0	0.0
216	__protein1_rbs	5.75	0.0	0.0
216	__protein2_rbs	6.0	0.0	0.0
216	__protein3_rbs	5.85	0.0	0.0
216	__ribosome	35.35	0.0	0.0
216	__rnase_site_ext	9.6	0.0	0.0
216	p0	1.0	0.0	0.0
216	p1	0.6	0.0	0.0
216	protein1	701.6	9.65	2.18517835
216	protein2	749.2	10.75	2.1053798
216	protein3	736.55	10.15	2.20280275
216	r0	9.55	0.0	0.0
216	r2	10.05	0.0	0.0
216	rnapol	0.05	0.0	0.0
217	__protein1_rbs	4.85	0.0	0.0
217	__protein2_rbs	6.6	0.0	0.0
217	__protein3_rbs	5.95	0.0	0.0
217	__ribosome	34.75	0.0	0.0
217	__rnase_site_ext	9.3	0.0	0.0
217	p0	0.95	0.0	0.0
217	p1	0.55	0.0	0.0
217	protein1	705.8	9.65	2.19030445
217	protein2	753.6	10.85	2.0896291
217	protein3	740.85	10.3	2.185457199999999
217	r0	9.25	0.0	0.0
217	r2	10.2	0.0	0.0
217	rnapol	0.0	0.0	0.0
218	__protein1_rbs	5.75	0.0	0.0
218	__protein2_rbs	6.1	0.0	0.0
218	__protein3_rbs	5.85	0.0	0.0
218	__ribosome	35.0	0.0	0.0
218	__rnase_site_ext	9.35	0.0	0.0
218	p0	0.85	0.0	0.0
218	p1	0.85	0.0	0.0
218	protein1	710.25	9.4	2.1840005
218	protein2	757.75	10.85	2.13229815
218	protein3	745.05	10.2	2.20174445
218	r0	9.25	0.0	0.0
218	r2	10.35	0.0	0.0
218	rnapol	0.1	0.0	0.0
219	__protein1_rbs	5.55	0.0	0.0
219	__protein2_rbs	6.05	0.0	0.0
219	__protein3_rbs	5.5	0.0	0.0
219	__ribosome	35.7	0.0	0.0
219	__rnase_site_ext	9.45	0.0	0.0
219	p0	0.95	0.0	0.0
219	p1	0.95	0.0	0.0
219	protein1	713.95	9.25	2.23850435
219	protein2	762.5	10.85	2.13721305
219	protein3	750.45	10.35	2.10118315
219	r0	9.35	0.0	0.0
219	r2	10.4	0.0	0.0
219	rnapol	0.0	0.0	0.0
220	__protein1_rbs	5.65	0.0	0.0
220	__protein2_rbs	6.5	0.0	0.0
220	__protein3_rbs	6.55	0.0	0.0
220	__ribosome	35.8	0.0	0.0
220	__rnase_site_ext	9.25	0.0	0.0
220	p0	0.95	0.0	0.0
220	p1	0.95	0.0	0.0
220	protein1	717.8	9.3	2.1813091
220	protein2	766.8	11.15	2.0720793
220	protein3	754.1	10.5	2.09112665
220	r0	9.2	0.0	0.0
220	r2	10.65	0.0	0.0
220	rnapol	0.05	0.0	0.0
221	__protein1_rbs	5.35	0.0	0.0
221	__protein2_rbs	6.7	0.0	0.0
221	__protein3_rbs	6.85	0.0	0.0
221	__ribosome	35.45	0.0	0.0
221	__rnase_site_ext	9.3	0.0	0.0
221	p0	0.9	0.0	0.0
221	p1	0.9	0.0	0.0
221	protein1	721.7	9.25	2.18010715
221	protein2	771.25	11.1	2.0781151
221	protein3	758.15	10.6	2.09603145
221	r0	9.2	0.0	0.0
221	r2	10.75	0.0	0.0
221	rnapol	0.0	0.0	0.0
222	__protein1_rbs	5.2	0.0	0.0
222	__protein2_rbs	6.7	0.0	0.0
222	__protein3_rbs	5.95	0.0	0.0
222	__ribosome	36.45	0.0	0.0
222	__rnase_site_ext	9.2	0.0	0.0
222	p0	0.85	0.0	0.0
222	p1	0.8	0.0	0.0
222	protein1	726.4	9.15	2.145825
222	protein2	775.65	11.1	2.05249695
222	protein3	763.0	10.7	2.0595200999999994
222	r0	9.05	0.0	0.0
222	r2	10.85	0.0	0.0
222	rnapol	0.15	0.0	0.0
223	__protein1_rbs	4.95	0.0	0.0
223	__protein2_rbs	6.05	0.0	0.0
223	__protein3_rbs	6.65	0.0	0.0
223	__ribosome	36.15	0.0	0.0
223	__rnase_site_ext	9.4	0.0	0.0
223	p0	0.75	0.0	0.0
223	p1	0.9	0.0	0.0
223	protein1	730.3	9.25	2.14676065
223	protein2	780.45	11.0	2.0796033000000005
223	protein3	767.2	10.85	2.0397598
223	r0	9.25	0.0	0.0
223	r2	10.95	0.0	0.0
223	rnapol	0.0	0.0	0.0
224	__protein1_rbs	5.3	0.0	0.0
224	__protein2_rbs	6.7	0.0	0.0
224	__protein3_rbs	5.8	0.0	0.0
224	__ribosome	35.25	0.0	0.0
224	__rnase_site_ext	9.35	0.0	0.0
224	p0	0.95	0.0	0.0
224	p1	1.0	0.0	0.0
224	protein1	733.7	9.25	2.1865909
224	protein2	784.95	11.05	2.1087615000000004
224	protein3	771.9	10.95	2.05339635
224	r0	9.25	0.0	0.0
224	r2	10.95	0.0	0.0
224	rnapol	0.05	0.0	0.0
225	__protein1_rbs	5.8	0.0	0.0
225	__protein2_rbs	6.3	0.0	0.0
225	__protein3_rbs	6.8	0.0	0.0
225	__ribosome	35.35	0.0	0.0
225	__rnase_site_ext	9.3	0.0	0.0
225	p0	0.8	0.0	0.0
225	p1	0.8	0.0	0.0
225	protein1	737.65	9.5	2.11750255
225	protein2	789.45	10.85	2.1470539
225	protein3	776.05	11.05	2.0527191999999994
225	r0	9.2	0.0	0.0
225	r2	10.95	0.0	0.0
225	rnapol	0.2	0.0	0.0
226	__protein1_rbs	5.45	0.0	0.0
226	__protein2_rbs	6.1	0.0	0.0
226	__protein3_rbs	6.45	0.0	0.0
226	__ribosome	34.75	0.0	0.0
226	__rnase_site_ext	9.4	0.0	0.0
226	p0	0.65	0.0	0.0
226	p1	0.8	0.0	0.0
226	protein1	741.55	9.3	2.19117065
226	protein2	794.25	10.85	2.1064109499999994
226	protein3	779.75	11.15	2.12003665
226	r0	9.25	0.0	0.0
226	r2	11.1	0.0	0.0
226	rnapol	0.25	0.0	0.0
227	__protein1_rbs	5.6	0.0	0.0
227	__protein2_rbs	6.3	0.0	0.0
227	__protein3_rbs	6.65	0.0	0.0
227	__ribosome	35.15	0.0	0.0
227	__rnase_site_ext	9.5	0.0	0.0
227	p0	0.8	0.0	0.0
227	p1	0.9	0.0	0.0
227	protein1	745.5	9.3	2.13607505
227	protein2	798.5	10.75	2.11202865
227	protein3	784.8	11.3	2.0963675000000004
227	r0	9.45	0.0	0.0
227	r2	11.0	0.0	0.0
227	rnapol	0.15	0.0	0.0
228	__protein1_rbs	5.45	0.0	0.0
228	__protein2_rbs	6.35	0.0	0.0
228	__protein3_rbs	6.5	0.0	0.0
228	__ribosome	35.4	0.0	0.0
228	__rnase_site_ext	9.7	0.0	0.0
228	p0	0.5	0.0	0.0
228	p1	0.8	0.0	0.0
228	protein1	749.9	9.45	2.0196621500000003
228	protein2	803.25	10.65	2.1183416
228	protein3	789.35	11.3	2.1611499000000003
228	r0	9.45	0.0	0.0
228	r2	10.9	0.0	0.0
228	rnapol	0.1	0.0	0.0
229	__protein1_rbs	5.9	0.0	0.0
229	__protein2_rbs	5.9	0.0	0.0
229	__protein3_rbs	6.45	0.0	0.0
229	__ribosome	34.25	0.0	0.0
229	__rnase_site_ext	9.9	0.0	0.0
229	p0	0.85	0.0	0.0
229	p1	0.8	0.0	0.0
229	protein1	753.5	9.4	2.0637515
229	protein2	807.3	10.75	2.1297924000000004
229	protein3	793.55	11.25	2.21337155
229	r0	9.8	0.0	0.0
229	r2	10.85	0.0	0.0
229	rnapol	0.05	0.0	0.0
230	__protein1_rbs	6.0	0.0	0.0
230	__protein2_rbs	6.6	0.0	0.0
230	__protein3_rbs	6.6	0.0	0.0
230	__ribosome	34.6	0.0	0.0
230	__rnase_site_ext	9.9	0.0	0.0
230	p0	0.75	0.0	0.0
230	p1	0.6	0.0	0.0
230	protein1	757.55	9.75	1.9459341
230	protein2	811.8	10.65	2.1528287
230	protein3	798.2	11.2	2.22044625
230	r0	9.85	0.0	0.0
230	r2	10.8	0.0	0.0
230	rnapol	0.1	0.0	0.0
231	__protein1_rbs	6.1	0.0	0.0
231	__protein2_rbs	6.65	0.0	0.0
231	__protein3_rbs	6.2	0.0	0.0
231	__ribosome	35.05	0.0	0.0
231	__rnase_site_ext	9.95	0.0	0.0
231	p0	0.9	0.0	0.0
231	p1	0.8	0.0	0.0
231	protein1	761.4	9.85	1.909272
231	protein2	816.15	10.55	2.12273105
231	protein3	802.85	11.0	2.26941715
231	r0	9.9	0.0	0.0
231	r2	10.7	0.0	0.0
231	rnapol	0.1	0.0	0.0
232	__protein1_rbs	5.8	0.0	0.0
232	__protein2_rbs	6.15	0.0	0.0
232	__protein3_rbs	6.4	0.0	0.0
232	__ribosome	35.4	0.0	0.0
232	__rnase_site_ext	10.1	0.0	0.0
232	p0	0.9	0.0	0.0
232	p1	0.75	0.0	0.0
232	protein1	765.2	10.0	1.9654527
232	protein2	820.9	10.6	2.1075782000000003
232	protein3	808.35	11.0	2.1816857999999995
232	r0	10.05	0.0	0.0
232	r2	10.65	0.0	0.0
232	rnapol	0.15	0.0	0.0
233	__protein1_rbs	6.5	0.0	0.0
233	__protein2_rbs	6.05	0.0	0.0
233	__protein3_rbs	5.85	0.0	0.0
233	__ribosome	34.65	0.0	0.0
233	__rnase_site_ext	10.25	0.0	0.0
233	p0	0.7	0.0	0.0
233	p1	0.55	0.0	0.0
233	protein1	768.8	10.05	1.9425198
233	protein2	824.85	10.65	2.1430365000000005
233	protein3	812.75	11.05	2.22410165
233	r0	10.1	0.0	0.0
233	r2	10.55	0.0	0.0
233	rnapol	0.0	0.0	0.0
234	__protein1_rbs	5.9	0.0	0.0
234	__protein2_rbs	6.65	0.0	0.0
234	__protein3_rbs	7.0	0.0	0.0
234	__ribosome	35.6	0.0	0.0
234	__rnase_site_ext	10.25	0.0	0.0
234	p0	0.8	0.0	0.0
234	p1	0.55	0.0	0.0
234	protein1	772.3	10.1	2.01090005
234	protein2	829.65	10.65	2.07357235
234	protein3	817.55	10.95	2.164876
234	r0	10.15	0.0	0.0
234	r2	10.5	0.0	0.0
234	rnapol	0.1	0.0	0.0
235	__protein1_rbs	6.2	0.0	0.0
235	__protein2_rbs	6.15	0.0	0.0
235	__protein3_rbs	6.2	0.0	0.0
235	__ribosome	35.3	0.0	0.0
235	__rnase_site_ext	10.3	0.0	0.0
235	p0	0.95	0.0	0.0
235	p1	0.45	0.0	0.0
235	protein1	776.35	10.1	1.9876857999999995
235	protein2	833.8	10.6	2.1166723
235	protein3	822.2	10.8	2.19373475
235	r0	10.25	0.0	0.0
235	r2	10.6	0.0	0.0
235	rnapol	0.1	0.0	0.0
236	__protein1_rbs	6.3	0.0	0.0
236	__protein2_rbs	6.7	0.0	0.0
236	__protein3_rbs	5.95	0.0	0.0
236	__ribosome	35.4	0.0	0.0
236	__rnase_site_ext	10.05	0.0	0.0
236	p0	0.95	0.0	0.0
236	p1	0.4	0.0	0.0
236	protein1	780.1	10.3	2.0101933
236	protein2	837.85	10.8	2.0186374500000004
236	protein3	827.35	10.7	2.1629594000000005
236	r0	10.0	0.0	0.0
236	r2	10.65	0.0	0.0
236	rnapol	0.1	0.0	0.0
237	__protein1_rbs	5.4	0.0	0.0
237	__protein2_rbs	6.6	0.0	0.0
237	__protein3_rbs	6.8	0.0	0.0
237	__ribosome	34.25	0.0	0.0
237	__rnase_site_ext	9.95	0.0	0.0
237	p0	0.9	0.0	0.0
237	p1	0.65	0.0	0.0
237	protein1	784.05	10.2	2.1273015500000003
237	protein2	841.9	10.75	2.0656123500000008
237	protein3	831.75	10.95	2.08750465
237	r0	9.9	0.0	0.0
237	r2	10.65	0.0	0.0
237	rnapol	0.0	0.0	0.0
238	__protein1_rbs	5.8	0.0	0.0
238	__protein2_rbs	6.1	0.0	0.0
238	__protein3_rbs	6.3	0.0	0.0
238	__ribosome	34.45	0.0	0.0
238	__rnase_site_ext	9.85	0.0	0.0
238	p0	1.0	0.0	0.0
238	p1	0.7	0.0	0.0
238	protein1	788.15	10.0	2.16902235
238	protein2	846.5	11.0	2.05377895
238	protein3	836.95	10.7	2.0634012999999998
238	r0	9.8	0.0	0.0
238	r2	10.75	0.0	0.0
238	rnapol	0.05	0.0	0.0
239	__protein1_rbs	5.85	0.0	0.0
239	__protein2_rbs	7.15	0.0	0.0
239	__protein3_rbs	6.0	0.0	0.0
239	__ribosome	33.7	0.0	0.0
239	__rnase_site_ext	9.75	0.0	0.0
239	p0	0.85	0.0	0.0
239	p1	0.7	0.0	0.0
239	protein1	792.05	9.85	2.2382937000000003
239	protein2	850.85	11.35	1.9583982
239	protein3	840.7	10.75	2.1499648999999996
239	r0	9.7	0.0	0.0
239	r2	10.75	0.0	0.0
239	rnapol	0.0	0.0	0.0
240	__protein1_rbs	5.25	0.0	0.0
240	__protein2_rbs	6.75	0.0	0.0
240	__protein3_rbs	6.65	0.0	0.0
240	__ribosome	34.15	0.0	0.0
240	__rnase_site_ext	9.6	0.0	0.0
240	p0	1.0	0.0	0.0
240	p1	0.6	0.0	0.0
240	protein1	796.15	9.8	2.2585462500000006
240	protein2	855.55	11.35	1.9675038
240	protein3	845.4	10.9	2.0607069000000005
240	r0	9.55	0.0	0.0
240	r2	10.7	0.0	0.0
240	rnapol	0.0	0.0	0.0
241	__protein1_rbs	5.45	0.0	0.0
241	__protein2_rbs	6.8	0.0	0.0
241	__protein3_rbs	6.55	0.0	0.0
241	__ribosome	33.4	0.0	0.0
241	__rnase_site_ext	9.4	0.0	0.0
241	p0	1.0	0.0	0.0
241	p1	0.75	0.0	0.0
241	protein1	800.6	9.6	2.2904347
241	protein2	859.75	11.5	1.9986915000000005
241	protein3	849.75	10.95	2.07648005
241	r0	9.35	0.0	0.0
241	r2	10.7	0.0	0.0
241	rnapol	0.1	0.0	0.0
242	__protein1_rbs	5.3	0.0	0.0
242	__protein2_rbs	7.0	0.0	0.0
242	__protein3_rbs	6.25	0.0	0.0
242	__ribosome	33.75	0.0	0.0
242	__rnase_site_ext	9.25	0.0	0.0
242	p0	0.95	0.0	0.0
242	p1	0.8	0.0	0.0
242	protein1	805.05	9.45	2.2821229999999995
242	protein2	863.85	11.4	2.0522441
242	protein3	854.5	11.15	2.03944335
242	r0	9.2	0.0	0.0
242	r2	10.9	0.0	0.0
242	rnapol	0.05	0.0	0.0
243	__protein1_rbs	4.95	0.0	0.0
243	__protein2_rbs	6.7	0.0	0.0
243	__protein3_rbs	6.4	0.0	0.0
243	__ribosome	33.3	0.0	0.0
243	__rnase_site_ext	9.25	0.0	0.0
243	p0	0.9	0.0	0.0
243	p1	0.95	0.0	0.0
243	protein1	809.25	9.25	2.30682715
243	protein2	868.5	11.65	2.06186315
243	protein3	858.8	10.95	2.0665537
243	r0	9.1	0.0	0.0
243	r2	11.1	0.0	0.0
243	rnapol	0.1	0.0	0.0
244	__protein1_rbs	5.2	0.0	0.0
244	__protein2_rbs	7.45	0.0	0.0
244	__protein3_rbs	6.9	0.0	0.0
244	__ribosome	34.1	0.0	0.0
244	__rnase_site_ext	9.2	0.0	0.0
244	p0	0.95	0.0	0.0
244	p1	0.85	0.0	0.0
244	protein1	813.2	9.2	2.2668307999999997
244	protein2	873.15	11.55	2.01465095
244	protein3	863.3	11.15	2.031227349999999
244	r0	9.15	0.0	0.0
244	r2	11.3	0.0	0.0
244	rnapol	0.05	0.0	0.0
245	__protein1_rbs	5.4	0.0	0.0
245	__protein2_rbs	7.2	0.0	0.0
245	__protein3_rbs	6.65	0.0	0.0
245	__ribosome	34.8	0.0	0.0
245	__rnase_site_ext	9.25	0.0	0.0
245	p0	0.9	0.0	0.0
245	p1	0.9	0.0	0.0
245	protein1	817.9	9.25	2.2022222
245	protein2	877.65	11.5	1.98242225
245	protein3	867.85	11.15	2.0516205000000003
245	r0	9.15	0.0	0.0
245	r2	11.4	0.0	0.0
245	rnapol	0.0	0.0	0.0
246	__protein1_rbs	5.5	0.0	0.0
246	__protein2_rbs	6.65	0.0	0.0
246	__protein3_rbs	6.3	0.0	0.0
246	__ribosome	34.3	0.0	0.0
246	__rnase_site_ext	8.95	0.0	0.0
246	p0	0.95	0.0	0.0
246	p1	0.8	0.0	0.0
246	protein1	822.1	9.25	2.15038955
246	protein2	882.35	11.35	2.0453546
246	protein3	872.15	11.25	2.0982809500000004
246	r0	8.9	0.0	0.0
246	r2	11.4	0.0	0.0
246	rnapol	0.15	0.0	0.0
247	__protein1_rbs	5.0	0.0	0.0
247	__protein2_rbs	6.7	0.0	0.0
247	__protein3_rbs	6.3	0.0	0.0
247	__ribosome	33.15	0.0	0.0
247	__rnase_site_ext	9.2	0.0	0.0
247	p0	0.7	0.0	0.0
247	p1	0.85	0.0	0.0
247	protein1	825.45	9.05	2.29592895
247	protein2	886.75	11.15	2.07521695
247	protein3	876.6	11.5	2.0829365
247	r0	9.15	0.0	0.0
247	r2	11.5	0.0	0.0
247	rnapol	0.0	0.0	0.0
248	__protein1_rbs	4.95	0.0	0.0
248	__protein2_rbs	6.45	0.0	0.0
248	__protein3_rbs	6.7	0.0	0.0
248	__ribosome	34.2	0.0	0.0
248	__rnase_site_ext	9.4	0.0	0.0
248	p0	0.7	0.0	0.0
248	p1	1.0	0.0	0.0
248	protein1	830.0	9.05	2.2327904
248	protein2	891.55	11.2	2.03189855
248	protein3	881.3	11.6	2.0542820500000003
248	r0	9.3	0.0	0.0
248	r2	11.55	0.0	0.0
248	rnapol	0.05	0.0	0.0
249	__protein1_rbs	5.4	0.0	0.0
249	__protein2_rbs	6.6	0.0	0.0
249	__protein3_rbs	7.45	0.0	0.0
249	__ribosome	33.75	0.0	0.0
249	__rnase_site_ext	9.3	0.0	0.0
249	p0	0.95	0.0	0.0
249	p1	0.85	0.0	0.0
249	protein1	833.75	9.25	2.20559355
249	protein2	896.05	11.15	2.0400471000000002
249	protein3	885.75	11.85	2.0438005499999994
249	r0	9.2	0.0	0.0
249	r2	11.6	0.0	0.0
249	rnapol	0.1	0.0	0.0
250	__protein1_rbs	5.55	0.0	0.0
250	__protein2_rbs	6.6	0.0	0.0
250	__protein3_rbs	7.4	0.0	0.0
250	__ribosome	33.45	0.0	0.0
250	__rnase_site_ext	9.35	0.0	0.0
250	p0	0.9	0.0	0.0
250	p1	0.75	0.0	0.0
250	protein1	837.75	9.35	2.12743185
250	protein2	900.25	11.15	2.07295945
250	protein3	890.15	11.75	2.08363635
250	r0	9.2	0.0	0.0
250	r2	11.65	0.0	0.0
250	rnapol	0.25	0.0	0.0
