time	species	protein	transcript	ribo_density
0	__protein1_rbs	0.0	0.0	0.0
0	__protein2_rbs	0.0	0.0	0.0
0	__protein3_rbs	0.0	0.0	0.0
0	__ribosome	100.0	0.0	0.0
0	__rnase_site_ext	0.0	0.0	0.0
0	p0	1.0	0.0	0.0
0	p1	1.0	0.0	0.0
0	p2	1.0	0.0	0.0
0	r2	0.0	0.0	0.0
0	rnapol	4.0	0.0	0.0
1	__protein1_rbs	0.0	0.0	0.0
1	__protein2_rbs	0.0	0.0	0.0
1	__protein3_rbs	0.0	0.0	0.0
1	__ribosome	60.0	0.0	0.0
1	__rnase_site_ext	0.2	0.0	0.0
1	p0	0.1	0.0	0.0
1	p1	0.55	0.0	0.0
1	p2	0.55	0.0	0.0
1	r2	0.0	0.0	0.0
1	rnapol	1.75	0.0	0.0
2	__protein1_rbs	0.05	0.0	0.0
2	__protein2_rbs	0.0	0.0	0.0
2	__protein3_rbs	0.0	0.0	0.0
2	__ribosome	79.9	0.0	0.0
2	__rnase_site_ext	0.7	0.0	0.0
2	p0	0.45	0.0	0.0
2	p1	0.8	0.0	0.0
2	p2	0.75	0.0	0.0
2	protein1	0.0	0.15	0.1
2	r2	0.0	0.0	0.0
2	rnapol	2.3	0.0	0.0
3	__protein1_rbs	0.2	0.0	0.0
3	__protein2_rbs	0.0	0.0	0.0
3	__protein3_rbs	0.05	0.0	0.0
3	__ribosome	114.55	0.0	0.0
3	__rnase_site_ext	0.95	0.0	0.0
3	p0	0.45	0.0	0.0
3	p1	1.15	0.0	0.0
3	p2	1.15	0.0	0.0
3	protein1	0.0	0.55	0.375
3	protein2	0.0	0.05	0.05
3	protein3	0.0	0.05	0.0
3	r2	0.0	0.0	0.0
3	rnapol	3.2	0.0	0.0
4	__protein1_rbs	0.45	0.0	0.0
4	__protein2_rbs	0.0	0.0	0.0
4	__protein3_rbs	0.0	0.0	0.0
4	__ribosome	124.05	0.0	0.0
4	__rnase_site_ext	1.35	0.0	0.0
4	p0	0.7	0.0	0.0
4	p1	1.2	0.0	0.0
4	p2	1.25	0.0	0.0
4	protein1	0.0	0.75	0.725
4	protein2	0.0	0.05	0.1
4	protein3	0.0	0.05	0.05
4	r2	0.0	0.0	0.0
4	rnapol	3.3	0.0	0.0
5	__protein1_rbs	0.25	0.0	0.0
5	__protein2_rbs	0.0	0.0	0.0
5	__protein3_rbs	0.05	0.0	0.0
5	__ribosome	93.3	0.0	0.0
5	__rnase_site_ext	1.6	0.0	0.0
5	p0	0.6	0.0	0.0
5	p1	0.95	0.0	0.0
5	p2	0.95	0.0	0.0
5	protein1	0.0	1.05	1.21666665
5	protein2	0.0	0.05	0.1
5	protein3	0.0	0.05	0.05
5	r2	0.0	0.0	0.0
5	rnapol	2.05	0.0	0.0
6	__protein1_rbs	0.6	0.0	0.0
6	__protein2_rbs	0.0	0.0	0.0
6	__protein3_rbs	0.0	0.0	0.0
6	__ribosome	92.45	0.0	0.0
6	__rnase_site_ext	1.75	0.0	0.0
6	p0	0.85	0.0	0.0
6	p1	0.9	0.0	0.0
6	p2	0.95	0.0	0.0
6	protein1	0.0	1.3	1.575
6	protein2	0.0	0.1	0.2
6	protein3	0.0	0.05	0.1
6	r2	0.0	0.0	0.0
6	rnapol	1.9	0.0	0.0
7	__protein1_rbs	0.5	0.0	0.0
7	__protein2_rbs	0.05	0.0	0.0
7	__protein3_rbs	0.05	0.0	0.0
7	__ribosome	126.25	0.0	0.0
7	__rnase_site_ext	1.9	0.0	0.0
7	p0	0.75	0.0	0.0
7	p1	1.3	0.0	0.0
7	p2	1.3	0.0	0.0
7	protein1	0.05	1.55	2.1833333500000003
7	protein2	0.0	0.15	0.3
7	protein3	0.0	0.05	0.1
7	r2	0.0	0.0	0.0
7	rnapol	2.7	0.0	0.0
8	__protein1_rbs	0.45	0.0	0.0
8	__protein2_rbs	0.1	0.0	0.0
8	__protein3_rbs	0.0	0.0	0.0
8	__ribosome	95.6	0.0	0.0
8	__rnase_site_ext	2.1	0.0	0.0
8	p0	0.9	0.0	0.0
8	p1	0.8	0.0	0.0
8	p2	1.0	0.0	0.0
8	protein1	0.5	1.6	2.4583333
8	protein2	0.05	0.15	0.3
8	protein3	0.05	0.05	0.1
8	r2	0.0	0.0	0.0
8	rnapol	1.7	0.0	0.0
9	__protein1_rbs	0.6	0.0	0.0
9	__protein2_rbs	0.0	0.0	0.0
9	__protein3_rbs	0.0	0.0	0.0
9	__ribosome	94.55	0.0	0.0
9	__rnase_site_ext	2.15	0.0	0.0
9	p0	1.0	0.0	0.0
9	p1	0.6	0.0	0.0
9	p2	0.95	0.0	0.0
9	protein1	0.75	1.85	2.6250000000000004
9	protein2	0.05	0.15	0.45
9	protein3	0.05	0.05	0.1
9	r2	0.05	0.0	0.0
9	rnapol	1.65	0.0	0.0
10	__protein1_rbs	0.5	0.0	0.0
10	__protein2_rbs	0.05	0.0	0.0
10	__protein3_rbs	0.05	0.0	0.0
10	__ribosome	93.8	0.0	0.0
10	__rnase_site_ext	2.25	0.0	0.0
10	p0	1.0	0.0	0.0
10	p1	0.45	0.0	0.0
10	p2	0.95	0.0	0.0
10	protein1	1.4	1.95	2.7833333499999995
10	protein2	0.1	0.2	0.55
10	protein3	0.05	0.05	0.1
10	r2	0.05	0.0	0.0
10	rnapol	1.65	0.0	0.0
11	__protein1_rbs	0.7	0.0	0.0
11	__protein2_rbs	0.2	0.0	0.0
11	__protein3_rbs	0.05	0.0	0.0
11	__ribosome	93.15	0.0	0.0
11	__rnase_site_ext	2.45	0.0	0.0
11	p0	0.85	0.0	0.0
11	p1	0.55	0.0	0.0
11	p2	0.95	0.0	0.0
11	protein1	2.1	1.95	3.0166666500000003
11	protein2	0.2	0.4	0.65
11	protein3	0.1	0.1	0.1
11	r2	0.1	0.0	0.0
11	rnapol	1.4	0.0	0.0
12	__protein1_rbs	0.6	0.0	0.0
12	__protein2_rbs	0.5	0.0	0.0
12	__protein3_rbs	0.05	0.0	0.0
12	__ribosome	92.5	0.0	0.0
12	__rnase_site_ext	2.4	0.0	0.0
12	p0	0.95	0.0	0.0
12	p1	0.6	0.0	0.0
12	p2	0.95	0.0	0.0
12	protein1	3.2	2.1	3.0166667
12	protein2	0.3	0.85	0.75
12	protein3	0.1	0.15	0.175
12	r2	0.1	0.0	0.0
12	rnapol	1.35	0.0	0.0
13	__protein1_rbs	0.75	0.0	0.0
13	__protein2_rbs	0.45	0.0	0.0
13	__protein3_rbs	0.0	0.0	0.0
13	__ribosome	91.65	0.0	0.0
13	__rnase_site_ext	2.7	0.0	0.0
13	p0	0.6	0.0	0.0
13	p1	0.5	0.0	0.0
13	p2	0.95	0.0	0.0
13	protein1	4.4	2.2	3.0375
13	protein2	0.35	1.2	1.1
13	protein3	0.15	0.1	inf
13	r2	0.15	0.0	0.0
13	rnapol	0.9	0.0	0.0
14	__protein1_rbs	0.9	0.0	0.0
14	__protein2_rbs	0.65	0.0	0.0
14	__protein3_rbs	0.05	0.0	0.0
14	__ribosome	90.55	0.0	0.0
14	__rnase_site_ext	2.8	0.0	0.0
14	p0	0.9	0.0	0.0
14	p1	0.55	0.0	0.0
14	p2	1.0	0.0	0.0
14	protein1	5.45	2.3	3.1125000000000003
14	protein2	0.5	1.35	1.38333335
14	protein3	0.15	0.1	inf
14	r2	0.15	0.0	0.0
14	rnapol	0.8	0.0	0.0
15	__protein1_rbs	1.1	0.0	0.0
15	__protein2_rbs	0.85	0.0	0.0
15	__protein3_rbs	0.05	0.0	0.0
15	__ribosome	89.4	0.0	0.0
15	__rnase_site_ext	2.95	0.0	0.0
15	p0	0.85	0.0	0.0
15	p1	0.65	0.0	0.0
15	p2	0.95	0.0	0.0
15	protein1	6.7	2.55	3.0
15	protein2	0.65	1.7	1.65
15	protein3	0.15	0.15	inf
15	r2	0.2	0.0	0.0
15	rnapol	0.65	0.0	0.0
16	__protein1_rbs	0.85	0.0	0.0
16	__protein2_rbs	0.45	0.0	0.0
16	__protein3_rbs	0.0	0.0	0.0
16	__ribosome	87.7	0.0	0.0
16	__rnase_site_ext	3.05	0.0	0.0
16	p0	1.0	0.0	0.0
16	p1	0.9	0.0	0.0
16	p2	1.0	0.0	0.0
16	protein1	8.05	2.65	2.9958332999999997
16	protein2	0.85	1.9	2.20833335
16	protein3	0.2	0.15	inf
16	r2	0.35	0.0	0.0
16	rnapol	0.65	0.0	0.0
17	__protein1_rbs	1.0	0.0	0.0
17	__protein2_rbs	1.1	0.0	0.0
17	__protein3_rbs	0.05	0.0	0.0
17	__ribosome	86.65	0.0	0.0
17	__rnase_site_ext	3.05	0.0	0.0
17	p0	1.0	0.0	0.0
17	p1	0.95	0.0	0.0
17	p2	0.9	0.0	0.0
17	protein1	9.55	2.8	2.8416667
17	protein2	1.3	2.2	2.2250000000000005
17	protein3	0.2	0.2	inf
17	r2	0.8	0.0	0.0
17	rnapol	0.7	0.0	0.0
18	__protein1_rbs	1.25	0.0	0.0
18	__protein2_rbs	0.8	0.0	0.0
18	__protein3_rbs	0.2	0.0	0.0
18	__ribosome	85.15	0.0	0.0
18	__rnase_site_ext	3.1	0.0	0.0
18	p0	0.95	0.0	0.0
18	p1	0.8	0.0	0.0
18	p2	0.65	0.0	0.0
18	protein1	10.55	2.8	3.0708333
18	protein2	1.7	2.3	2.4958333500000003
18	protein3	0.3	0.2	0.325
18	r2	1.15	0.0	0.0
18	rnapol	0.6	0.0	0.0
19	__protein1_rbs	0.9	0.0	0.0
19	__protein2_rbs	0.8	0.0	0.0
19	__protein3_rbs	0.05	0.0	0.0
19	__ribosome	84.35	0.0	0.0
19	__rnase_site_ext	3.05	0.0	0.0
19	p0	1.0	0.0	0.0
19	p1	0.75	0.0	0.0
19	p2	0.55	0.0	0.0
19	protein1	12.3	2.85	3.0916667
19	protein2	2.7	2.3	2.6875
19	protein3	0.4	0.25	0.425
19	r2	1.3	0.0	0.0
19	rnapol	0.7	0.0	0.0
20	__protein1_rbs	0.7	0.0	0.0
20	__protein2_rbs	0.8	0.0	0.0
20	__protein3_rbs	0.3	0.0	0.0
20	__ribosome	83.05	0.0	0.0
20	__rnase_site_ext	3.2	0.0	0.0
20	p0	0.8	0.0	0.0
20	p1	0.7	0.0	0.0
20	p2	0.45	0.0	0.0
20	protein1	13.65	2.8	3.3916666000000006
20	protein2	3.4	2.35	2.9
20	protein3	0.5	0.4	0.425
20	r2	1.7	0.0	0.0
20	rnapol	0.5	0.0	0.0
21	__protein1_rbs	1.05	0.0	0.0
21	__protein2_rbs	0.9	0.0	0.0
21	__protein3_rbs	0.1	0.0	0.0
21	__ribosome	83.1	0.0	0.0
21	__rnase_site_ext	3.25	0.0	0.0
21	p0	0.9	0.0	0.0
21	p1	0.55	0.0	0.0
21	p2	0.6	0.0	0.0
21	protein1	15.7	2.8	3.2416666000000007
21	protein2	4.8	2.55	2.84166665
21	protein3	0.65	0.55	0.725
21	r2	1.85	0.0	0.0
21	rnapol	0.45	0.0	0.0
22	__protein1_rbs	0.75	0.0	0.0
22	__protein2_rbs	1.05	0.0	0.0
22	__protein3_rbs	0.35	0.0	0.0
22	__ribosome	81.85	0.0	0.0
22	__rnase_site_ext	3.35	0.0	0.0
22	p0	0.95	0.0	0.0
22	p1	0.65	0.0	0.0
22	p2	0.55	0.0	0.0
22	protein1	17.3	3.0	3.2583332000000014
22	protein2	5.95	2.65	2.8749999000000006
22	protein3	0.8	0.95	1.0
22	r2	2.1	0.0	0.0
22	rnapol	0.4	0.0	0.0
23	__protein1_rbs	1.15	0.0	0.0
23	__protein2_rbs	0.85	0.0	0.0
23	__protein3_rbs	0.75	0.0	0.0
23	__ribosome	80.8	0.0	0.0
23	__rnase_site_ext	3.35	0.0	0.0
23	p0	0.95	0.0	0.0
23	p1	0.85	0.0	0.0
23	p2	0.55	0.0	0.0
23	protein1	18.85	3.05	3.2208333
23	protein2	7.3	2.85	2.8708332500000004
23	protein3	0.8	1.25	1.1083333
23	r2	2.25	0.0	0.0
23	rnapol	0.4	0.0	0.0
24	__protein1_rbs	1.0	0.0	0.0
24	__protein2_rbs	1.35	0.0	0.0
24	__protein3_rbs	0.75	0.0	0.0
24	__ribosome	79.35	0.0	0.0
24	__rnase_site_ext	3.35	0.0	0.0
24	p0	1.0	0.0	0.0
24	p1	0.95	0.0	0.0
24	p2	0.65	0.0	0.0
24	protein1	20.65	3.15	3.1958332500000006
24	protein2	8.6	3.05	2.825
24	protein3	0.95	1.55	1.2916667
24	r2	2.3	0.0	0.0
24	rnapol	0.45	0.0	0.0
25	__protein1_rbs	1.4	0.0	0.0
25	__protein2_rbs	0.95	0.0	0.0
25	__protein3_rbs	0.55	0.0	0.0
25	__ribosome	78.05	0.0	0.0
25	__rnase_site_ext	3.35	0.0	0.0
25	p0	0.9	0.0	0.0
25	p1	0.95	0.0	0.0
25	p2	0.85	0.0	0.0
25	protein1	22.65	3.1	3.1583333500000004
25	protein2	10.05	3.1	2.92083335
25	protein3	1.1	1.75	1.7666667
25	r2	2.35	0.0	0.0
25	rnapol	0.4	0.0	0.0
26	__protein1_rbs	0.95	0.0	0.0
26	__protein2_rbs	1.65	0.0	0.0
26	__protein3_rbs	1.15	0.0	0.0
26	__ribosome	77.1	0.0	0.0
26	__rnase_site_ext	3.5	0.0	0.0
26	p0	0.95	0.0	0.0
26	p1	0.9	0.0	0.0
26	p2	0.95	0.0	0.0
26	protein1	24.2	3.05	3.2875
26	protein2	11.45	3.15	2.85
26	protein3	1.5	2.1	1.89999995
26	r2	2.55	0.0	0.0
26	rnapol	0.55	0.0	0.0
27	__protein1_rbs	1.4	0.0	0.0
27	__protein2_rbs	0.9	0.0	0.0
27	__protein3_rbs	0.6	0.0	0.0
27	__ribosome	75.85	0.0	0.0
27	__rnase_site_ext	3.5	0.0	0.0
27	p0	0.95	0.0	0.0
27	p1	0.8	0.0	0.0
27	p2	0.95	0.0	0.0
27	protein1	26.25	3.2	3.0166666500000003
27	protein2	13.15	3.25	2.8666667
27	protein3	1.85	2.2	2.4291667
27	r2	2.7	0.0	0.0
27	rnapol	0.75	0.0	0.0
28	__protein1_rbs	1.35	0.0	0.0
28	__protein2_rbs	1.5	0.0	0.0
28	__protein3_rbs	0.85	0.0	0.0
28	__ribosome	75.3	0.0	0.0
28	__rnase_site_ext	3.55	0.0	0.0
28	p0	0.85	0.0	0.0
28	p1	0.7	0.0	0.0
28	p2	0.8	0.0	0.0
28	protein1	27.95	3.2	3.05416665
28	protein2	15.1	3.3	2.7708332999999987
28	protein3	2.45	2.25	2.625
28	r2	2.9	0.0	0.0
28	rnapol	0.95	0.0	0.0
29	__protein1_rbs	1.0	0.0	0.0
29	__protein2_rbs	1.6	0.0	0.0
29	__protein3_rbs	1.1	0.0	0.0
29	__ribosome	75.0	0.0	0.0
29	__rnase_site_ext	3.75	0.0	0.0
29	p0	0.85	0.0	0.0
29	p1	0.85	0.0	0.0
29	p2	0.8	0.0	0.0
29	protein1	30.25	3.2	2.9958333500000003
29	protein2	16.6	3.3	2.8333333
29	protein3	3.4	2.25	2.67083335
29	r2	3.15	0.0	0.0
29	rnapol	1.15	0.0	0.0
30	__protein1_rbs	1.05	0.0	0.0
30	__protein2_rbs	1.1	0.0	0.0
30	__protein3_rbs	0.75	0.0	0.0
30	__ribosome	73.2	0.0	0.0
30	__rnase_site_ext	3.8	0.0	0.0
30	p0	0.9	0.0	0.0
30	p1	0.9	0.0	0.0
30	p2	0.6	0.0	0.0
30	protein1	31.8	3.4	3.25
30	protein2	18.35	3.4	2.89583335
30	protein3	4.35	2.4	2.83750005
30	r2	3.25	0.0	0.0
30	rnapol	1.35	0.0	0.0
31	__protein1_rbs	1.55	0.0	0.0
31	__protein2_rbs	1.6	0.0	0.0
31	__protein3_rbs	0.95	0.0	0.0
31	__ribosome	73.45	0.0	0.0
31	__rnase_site_ext	3.85	0.0	0.0
31	p0	0.85	0.0	0.0
31	p1	0.95	0.0	0.0
31	p2	0.65	0.0	0.0
31	protein1	34.0	3.5	2.8841666999999998
31	protein2	20.15	3.45	2.8208333
31	protein3	5.35	2.45	2.975
31	r2	3.25	0.0	0.0
31	rnapol	1.4	0.0	0.0
32	__protein1_rbs	1.25	0.0	0.0
32	__protein2_rbs	1.25	0.0	0.0
32	__protein3_rbs	1.35	0.0	0.0
32	__ribosome	72.5	0.0	0.0
32	__rnase_site_ext	4.0	0.0	0.0
32	p0	0.95	0.0	0.0
32	p1	0.9	0.0	0.0
32	p2	0.8	0.0	0.0
32	protein1	35.4	3.55	2.955
32	protein2	22.05	3.5	2.88333335
32	protein3	6.8	2.7	2.71249995
32	r2	3.4	0.0	0.0
32	rnapol	1.6	0.0	0.0
33	__protein1_rbs	1.1	0.0	0.0
33	__protein2_rbs	1.0	0.0	0.0
33	__protein3_rbs	0.85	0.0	0.0
33	__ribosome	70.7	0.0	0.0
33	__rnase_site_ext	4.05	0.0	0.0
33	p0	0.8	0.0	0.0
33	p1	0.85	0.0	0.0
33	p2	0.85	0.0	0.0
33	protein1	37.35	3.7	3.00833335
33	protein2	24.05	3.55	2.9958332500000004
33	protein3	8.1	2.9	2.73750005
33	r2	3.4	0.0	0.0
33	rnapol	1.5	0.0	0.0
34	__protein1_rbs	1.45	0.0	0.0
34	__protein2_rbs	1.6	0.0	0.0
34	__protein3_rbs	0.9	0.0	0.0
34	__ribosome	69.8	0.0	0.0
34	__rnase_site_ext	4.25	0.0	0.0
34	p0	0.8	0.0	0.0
34	p1	1.0	0.0	0.0
34	p2	0.9	0.0	0.0
34	protein1	39.15	3.75	2.96166665
34	protein2	25.6	3.55	3.0500000000000003
34	protein3	9.35	3.0	2.75833335
34	r2	3.4	0.0	0.0
34	rnapol	1.4	0.0	0.0
35	__protein1_rbs	1.3	0.0	0.0
35	__protein2_rbs	1.5	0.0	0.0
35	__protein3_rbs	1.45	0.0	0.0
35	__ribosome	69.1	0.0	0.0
35	__rnase_site_ext	4.45	0.0	0.0
35	p0	0.7	0.0	0.0
35	p1	0.85	0.0	0.0
35	p2	0.9	0.0	0.0
35	protein1	41.15	3.85	2.9966667
35	protein2	27.35	3.7	3.00666665
35	protein3	10.75	3.1	2.69166665
35	r2	3.55	0.0	0.0
35	rnapol	1.0	0.0	0.0
36	__protein1_rbs	1.45	0.0	0.0
36	__protein2_rbs	1.65	0.0	0.0
36	__protein3_rbs	1.25	0.0	0.0
36	__ribosome	68.8	0.0	0.0
36	__rnase_site_ext	4.6	0.0	0.0
36	p0	0.85	0.0	0.0
36	p1	0.75	0.0	0.0
36	p2	0.85	0.0	0.0
36	protein1	43.4	4.05	3.0849999500000003
36	protein2	29.55	3.7	2.9316666000000007
36	protein3	12.25	3.2	2.72916665
36	r2	3.6	0.0	0.0
36	rnapol	1.05	0.0	0.0
37	__protein1_rbs	1.55	0.0	0.0
37	__protein2_rbs	1.1	0.0	0.0
37	__protein3_rbs	1.45	0.0	0.0
37	__ribosome	68.15	0.0	0.0
37	__rnase_site_ext	4.7	0.0	0.0
37	p0	0.8	0.0	0.0
37	p1	0.7	0.0	0.0
37	p2	0.8	0.0	0.0
37	protein1	45.35	4.2	2.99000005
37	protein2	31.85	3.75	2.91750005
37	protein3	13.8	3.2	2.76666675
37	r2	3.65	0.0	0.0
37	rnapol	0.95	0.0	0.0
38	__protein1_rbs	1.7	0.0	0.0
38	__protein2_rbs	1.35	0.0	0.0
38	__protein3_rbs	1.55	0.0	0.0
38	__ribosome	68.25	0.0	0.0
38	__rnase_site_ext	4.85	0.0	0.0
38	p0	0.95	0.0	0.0
38	p1	0.8	0.0	0.0
38	p2	0.75	0.0	0.0
38	protein1	47.7	4.3	2.92047615
38	protein2	34.0	3.75	3.01
38	protein3	15.6	3.25	2.6891666000000014
38	r2	3.7	0.0	0.0
38	rnapol	0.95	0.0	0.0
39	__protein1_rbs	1.8	0.0	0.0
39	__protein2_rbs	1.8	0.0	0.0
39	__protein3_rbs	1.35	0.0	0.0
39	__ribosome	67.45	0.0	0.0
39	__rnase_site_ext	4.9	0.0	0.0
39	p0	0.95	0.0	0.0
39	p1	0.85	0.0	0.0
39	p2	0.9	0.0	0.0
39	protein1	50.1	4.45	2.87904765
39	protein2	35.8	3.95	2.9099999500000004
39	protein3	17.25	3.35	2.6349999500000005
39	r2	3.7	0.0	0.0
39	rnapol	1.2	0.0	0.0
40	__protein1_rbs	1.75	0.0	0.0
40	__protein2_rbs	1.6	0.0	0.0
40	__protein3_rbs	1.35	0.0	0.0
40	__ribosome	66.75	0.0	0.0
40	__rnase_site_ext	4.95	0.0	0.0
40	p0	0.95	0.0	0.0
40	p1	0.65	0.0	0.0
40	p2	0.95	0.0	0.0
40	protein1	52.3	4.5	2.87452385
40	protein2	38.25	4.1	2.7608333000000003
40	protein3	18.95	3.5	2.6541667
40	r2	3.85	0.0	0.0
40	rnapol	1.2	0.0	0.0
41	__protein1_rbs	1.85	0.0	0.0
41	__protein2_rbs	1.75	0.0	0.0
41	__protein3_rbs	1.35	0.0	0.0
41	__ribosome	65.7	0.0	0.0
41	__rnase_site_ext	5.15	0.0	0.0
41	p0	0.9	0.0	0.0
41	p1	0.7	0.0	0.0
41	p2	0.95	0.0	0.0
41	protein1	54.4	4.5	2.98297615
41	protein2	40.15	4.15	2.75416665
41	protein3	20.6	3.65	2.63583335
41	r2	3.75	0.0	0.0
41	rnapol	1.15	0.0	0.0
42	__protein1_rbs	1.65	0.0	0.0
42	__protein2_rbs	1.9	0.0	0.0
42	__protein3_rbs	1.55	0.0	0.0
42	__ribosome	64.6	0.0	0.0
42	__rnase_site_ext	5.15	0.0	0.0
42	p0	0.85	0.0	0.0
42	p1	0.6	0.0	0.0
42	p2	0.9	0.0	0.0
42	protein1	56.75	4.6	2.9904762000000003
42	protein2	42.3	4.25	2.7630952
42	protein3	22.15	3.65	2.8
42	r2	3.75	0.0	0.0
42	rnapol	1.1	0.0	0.0
43	__protein1_rbs	2.2	0.0	0.0
43	__protein2_rbs	1.9	0.0	0.0
43	__protein3_rbs	1.55	0.0	0.0
43	__ribosome	64.15	0.0	0.0
43	__rnase_site_ext	5.15	0.0	0.0
43	p0	0.85	0.0	0.0
43	p1	0.7	0.0	0.0
43	p2	0.95	0.0	0.0
43	protein1	59.2	4.75	2.9029762000000003
43	protein2	44.6	4.4	2.6557143000000005
43	protein3	23.9	3.65	2.8816667000000002
43	r2	3.9	0.0	0.0
43	rnapol	0.95	0.0	0.0
44	__protein1_rbs	2.3	0.0	0.0
44	__protein2_rbs	1.95	0.0	0.0
44	__protein3_rbs	1.7	0.0	0.0
44	__ribosome	64.05	0.0	0.0
44	__rnase_site_ext	5.35	0.0	0.0
44	p0	0.9	0.0	0.0
44	p1	0.75	0.0	0.0
44	p2	0.95	0.0	0.0
44	protein1	61.95	4.7	2.89000005
44	protein2	46.85	4.65	2.58833335
44	protein3	25.8	3.65	2.9141667
44	r2	4.05	0.0	0.0
44	rnapol	1.05	0.0	0.0
45	__protein1_rbs	2.3	0.0	0.0
45	__protein2_rbs	2.0	0.0	0.0
45	__protein3_rbs	1.4	0.0	0.0
45	__ribosome	63.1	0.0	0.0
45	__rnase_site_ext	5.4	0.0	0.0
45	p0	0.95	0.0	0.0
45	p1	0.7	0.0	0.0
45	p2	0.8	0.0	0.0
45	protein1	64.5	4.85	2.82476185
45	protein2	49.0	4.85	2.61666665
45	protein3	27.5	3.7	3.01666665
45	r2	4.25	0.0	0.0
45	rnapol	1.05	0.0	0.0
46	__protein1_rbs	2.4	0.0	0.0
46	__protein2_rbs	1.7	0.0	0.0
46	__protein3_rbs	1.55	0.0	0.0
46	__ribosome	62.65	0.0	0.0
46	__rnase_site_ext	5.5	0.0	0.0
46	p0	0.9	0.0	0.0
46	p1	0.85	0.0	0.0
46	p2	0.75	0.0	0.0
46	protein1	67.3	5.0	2.7158333999999997
46	protein2	51.4	5.05	2.61773815
46	protein3	30.0	3.7	2.9208333000000004
46	r2	4.35	0.0	0.0
46	rnapol	1.15	0.0	0.0
47	__protein1_rbs	2.3	0.0	0.0
47	__protein2_rbs	2.25	0.0	0.0
47	__protein3_rbs	1.65	0.0	0.0
47	__ribosome	61.85	0.0	0.0
47	__rnase_site_ext	5.65	0.0	0.0
47	p0	0.9	0.0	0.0
47	p1	0.95	0.0	0.0
47	p2	0.75	0.0	0.0
47	protein1	70.25	4.9	2.72208335
47	protein2	53.4	5.15	2.69529765
47	protein3	31.75	3.9	2.8791667000000003
47	r2	4.45	0.0	0.0
47	rnapol	1.1	0.0	0.0
48	__protein1_rbs	2.25	0.0	0.0
48	__protein2_rbs	2.0	0.0	0.0
48	__protein3_rbs	1.7	0.0	0.0
48	__ribosome	61.05	0.0	0.0
48	__rnase_site_ext	5.6	0.0	0.0
48	p0	0.95	0.0	0.0
48	p1	0.8	0.0	0.0
48	p2	0.9	0.0	0.0
48	protein1	72.7	5.0	2.7355952500000003
48	protein2	55.95	5.3	2.7440476000000005
48	protein3	34.1	3.95	2.7991666000000004
48	r2	4.65	0.0	0.0
48	rnapol	1.1	0.0	0.0
49	__protein1_rbs	2.3	0.0	0.0
49	__protein2_rbs	2.4	0.0	0.0
49	__protein3_rbs	1.9	0.0	0.0
49	__ribosome	60.45	0.0	0.0
49	__rnase_site_ext	5.55	0.0	0.0
49	p0	0.95	0.0	0.0
49	p1	0.75	0.0	0.0
49	p2	0.75	0.0	0.0
49	protein1	74.85	5.05	2.8444048000000004
49	protein2	58.35	5.3	2.8179762000000004
49	protein3	36.2	4.05	2.6975
49	r2	4.7	0.0	0.0
49	rnapol	1.05	0.0	0.0
50	__protein1_rbs	1.9	0.0	0.0
50	__protein2_rbs	2.85	0.0	0.0
50	__protein3_rbs	1.7	0.0	0.0
50	__ribosome	59.55	0.0	0.0
50	__rnase_site_ext	5.5	0.0	0.0
50	p0	0.95	0.0	0.0
50	p1	0.75	0.0	0.0
50	p2	0.75	0.0	0.0
50	protein1	77.75	5.1	2.87827385
50	protein2	61.0	5.35	2.7835714500000006
50	protein3	37.95	4.1	2.7764285499999994
50	r2	4.9	0.0	0.0
50	rnapol	1.1	0.0	0.0
51	__protein1_rbs	2.55	0.0	0.0
51	__protein2_rbs	2.35	0.0	0.0
51	__protein3_rbs	1.95	0.0	0.0
51	__ribosome	59.3	0.0	0.0
51	__rnase_site_ext	5.6	0.0	0.0
51	p0	0.9	0.0	0.0
51	p1	0.75	0.0	0.0
51	p2	0.7	0.0	0.0
51	protein1	80.15	5.15	2.9446428000000004
51	protein2	64.05	5.45	2.7800000500000004
51	protein3	40.15	4.05	2.7422618999999995
51	r2	5.1	0.0	0.0
51	rnapol	1.1	0.0	0.0
52	__protein1_rbs	2.25	0.0	0.0
52	__protein2_rbs	2.55	0.0	0.0
52	__protein3_rbs	1.6	0.0	0.0
52	__ribosome	59.3	0.0	0.0
52	__rnase_site_ext	5.7	0.0	0.0
52	p0	1.0	0.0	0.0
52	p1	0.8	0.0	0.0
52	p2	0.7	0.0	0.0
52	protein1	83.05	5.05	2.9687499500000003
52	protein2	66.7	5.55	2.7648214500000003
52	protein3	42.5	4.25	2.6132142999999997
52	r2	5.3	0.0	0.0
52	rnapol	1.05	0.0	0.0
53	__protein1_rbs	2.05	0.0	0.0
53	__protein2_rbs	2.4	0.0	0.0
53	__protein3_rbs	2.05	0.0	0.0
53	__ribosome	59.55	0.0	0.0
53	__rnase_site_ext	5.6	0.0	0.0
53	p0	0.95	0.0	0.0
53	p1	0.9	0.0	0.0
53	p2	0.75	0.0	0.0
53	protein1	86.05	5.15	2.8904761000000003
53	protein2	69.85	5.55	2.7655952999999998
53	protein3	44.65	4.35	2.5564285999999994
53	r2	5.5	0.0	0.0
53	rnapol	1.15	0.0	0.0
54	__protein1_rbs	2.8	0.0	0.0
54	__protein2_rbs	2.8	0.0	0.0
54	__protein3_rbs	1.8	0.0	0.0
54	__ribosome	59.5	0.0	0.0
54	__rnase_site_ext	5.65	0.0	0.0
54	p0	0.85	0.0	0.0
54	p1	0.85	0.0	0.0
54	p2	0.75	0.0	0.0
54	protein1	88.7	5.05	2.84690475
54	protein2	73.1	5.7	2.6712698500000003
54	protein3	46.55	4.5	2.62619045
54	r2	5.45	0.0	0.0
54	rnapol	1.05	0.0	0.0
55	__protein1_rbs	2.1	0.0	0.0
55	__protein2_rbs	3.3	0.0	0.0
55	__protein3_rbs	2.1	0.0	0.0
55	__ribosome	59.1	0.0	0.0
55	__rnase_site_ext	5.6	0.0	0.0
55	p0	0.9	0.0	0.0
55	p1	0.85	0.0	0.0
55	p2	0.8	0.0	0.0
55	protein1	92.0	5.15	2.74642855
55	protein2	75.6	5.7	2.66603175
55	protein3	48.55	4.65	2.6511905
55	r2	5.5	0.0	0.0
55	rnapol	1.2	0.0	0.0
56	__protein1_rbs	2.05	0.0	0.0
56	__protein2_rbs	2.6	0.0	0.0
56	__protein3_rbs	2.3	0.0	0.0
56	__ribosome	57.7	0.0	0.0
56	__rnase_site_ext	5.95	0.0	0.0
56	p0	0.8	0.0	0.0
56	p1	0.9	0.0	0.0
56	p2	0.95	0.0	0.0
56	protein1	94.2	5.1	2.9336309500000004
56	protein2	78.6	5.8	2.6524603
56	protein3	50.7	4.8	2.6111904500000005
56	r2	5.6	0.0	0.0
56	rnapol	1.0	0.0	0.0
57	__protein1_rbs	2.55	0.0	0.0
57	__protein2_rbs	2.8	0.0	0.0
57	__protein3_rbs	2.6	0.0	0.0
57	__ribosome	58.75	0.0	0.0
57	__rnase_site_ext	6.1	0.0	0.0
57	p0	0.85	0.0	0.0
57	p1	0.9	0.0	0.0
57	p2	0.9	0.0	0.0
57	protein1	97.25	5.2	2.7489880500000003
57	protein2	81.6	5.85	2.58476195
57	protein3	53.25	4.95	2.5494048499999997
57	r2	5.75	0.0	0.0
57	rnapol	0.9	0.0	0.0
58	__protein1_rbs	2.65	0.0	0.0
58	__protein2_rbs	2.35	0.0	0.0
58	__protein3_rbs	2.35	0.0	0.0
58	__ribosome	58.0	0.0	0.0
58	__rnase_site_ext	6.05	0.0	0.0
58	p0	0.9	0.0	0.0
58	p1	0.9	0.0	0.0
58	p2	0.8	0.0	0.0
58	protein1	100.05	5.45	2.6306944
58	protein2	84.6	5.9	2.6557539
58	protein3	55.55	5.0	2.5283333500000005
58	r2	5.85	0.0	0.0
58	rnapol	0.95	0.0	0.0
59	__protein1_rbs	2.55	0.0	0.0
59	__protein2_rbs	2.95	0.0	0.0
59	__protein3_rbs	2.1	0.0	0.0
59	__ribosome	56.7	0.0	0.0
59	__rnase_site_ext	6.1	0.0	0.0
59	p0	0.95	0.0	0.0
59	p1	0.8	0.0	0.0
59	p2	0.75	0.0	0.0
59	protein1	101.95	5.45	2.85751985
59	protein2	87.95	6.0	2.56726195
59	protein3	57.8	5.05	2.6153571000000007
59	r2	6.05	0.0	0.0
59	rnapol	1.1	0.0	0.0
60	__protein1_rbs	2.75	0.0	0.0
60	__protein2_rbs	3.15	0.0	0.0
60	__protein3_rbs	2.4	0.0	0.0
60	__ribosome	57.3	0.0	0.0
60	__rnase_site_ext	6.0	0.0	0.0
60	p0	0.85	0.0	0.0
60	p1	0.85	0.0	0.0
60	p2	0.75	0.0	0.0
60	protein1	105.6	5.5	2.5890674
60	protein2	90.05	5.95	2.70333335
60	protein3	60.4	5.1	2.57607145
60	r2	6.1	0.0	0.0
60	rnapol	1.25	0.0	0.0
61	__protein1_rbs	2.45	0.0	0.0
61	__protein2_rbs	2.7	0.0	0.0
61	__protein3_rbs	2.35	0.0	0.0
61	__ribosome	55.8	0.0	0.0
61	__rnase_site_ext	6.15	0.0	0.0
61	p0	0.8	0.0	0.0
61	p1	0.9	0.0	0.0
61	p2	0.75	0.0	0.0
61	protein1	108.05	5.45	2.6928768999999995
61	protein2	93.05	6.05	2.7865476000000005
61	protein3	62.9	5.3	2.54690475
61	r2	6.15	0.0	0.0
61	rnapol	1.2	0.0	0.0
62	__protein1_rbs	2.65	0.0	0.0
62	__protein2_rbs	2.65	0.0	0.0
62	__protein3_rbs	2.8	0.0	0.0
62	__ribosome	55.5	0.0	0.0
62	__rnase_site_ext	6.35	0.0	0.0
62	p0	0.8	0.0	0.0
62	p1	0.9	0.0	0.0
62	p2	0.95	0.0	0.0
62	protein1	110.65	5.5	2.71674605
62	protein2	96.4	6.1	2.7811111000000004
62	protein3	65.55	5.4	2.47666665
62	r2	6.2	0.0	0.0
62	rnapol	1.15	0.0	0.0
63	__protein1_rbs	2.8	0.0	0.0
63	__protein2_rbs	3.4	0.0	0.0
63	__protein3_rbs	2.65	0.0	0.0
63	__ribosome	55.65	0.0	0.0
63	__rnase_site_ext	6.55	0.0	0.0
63	p0	0.85	0.0	0.0
63	p1	0.75	0.0	0.0
63	p2	0.85	0.0	0.0
63	protein1	113.6	5.7	2.6599206000000004
63	protein2	99.75	6.15	2.60448415
63	protein3	68.05	5.45	2.5394047000000004
63	r2	6.25	0.0	0.0
63	rnapol	1.2	0.0	0.0
64	__protein1_rbs	2.8	0.0	0.0
64	__protein2_rbs	2.75	0.0	0.0
64	__protein3_rbs	2.35	0.0	0.0
64	__ribosome	54.75	0.0	0.0
64	__rnase_site_ext	6.6	0.0	0.0
64	p0	0.9	0.0	0.0
64	p1	0.65	0.0	0.0
64	p2	0.8	0.0	0.0
64	protein1	116.75	5.85	2.5402381000000003
64	protein2	102.7	6.25	2.66222225
64	protein3	70.6	5.5	2.63690485
64	r2	6.1	0.0	0.0
64	rnapol	1.1	0.0	0.0
65	__protein1_rbs	3.25	0.0	0.0
65	__protein2_rbs	2.9	0.0	0.0
65	__protein3_rbs	3.1	0.0	0.0
65	__ribosome	54.5	0.0	0.0
65	__rnase_site_ext	6.65	0.0	0.0
65	p0	0.95	0.0	0.0
65	p1	0.7	0.0	0.0
65	p2	0.85	0.0	0.0
65	protein1	119.6	5.95	2.41136905
65	protein2	105.65	6.3	2.7476191
65	protein3	73.2	5.5	2.5953570999999998
65	r2	6.2	0.0	0.0
65	rnapol	1.1	0.0	0.0
66	__protein1_rbs	2.7	0.0	0.0
66	__protein2_rbs	2.6	0.0	0.0
66	__protein3_rbs	2.7	0.0	0.0
66	__ribosome	53.7	0.0	0.0
66	__rnase_site_ext	6.5	0.0	0.0
66	p0	0.85	0.0	0.0
66	p1	0.9	0.0	0.0
66	p2	0.95	0.0	0.0
66	protein1	122.2	6.0	2.51718255
66	protein2	109.1	6.4	2.6998215
66	protein3	75.95	5.6	2.5594048000000003
66	r2	6.25	0.0	0.0
66	rnapol	1.0	0.0	0.0
67	__protein1_rbs	2.5	0.0	0.0
67	__protein2_rbs	3.2	0.0	0.0
67	__protein3_rbs	2.35	0.0	0.0
67	__ribosome	52.6	0.0	0.0
67	__rnase_site_ext	6.65	0.0	0.0
67	p0	0.95	0.0	0.0
67	p1	0.95	0.0	0.0
67	p2	0.85	0.0	0.0
67	protein1	125.05	5.85	2.59125
67	protein2	112.3	6.55	2.71109125
67	protein3	78.8	5.7	2.595
67	r2	6.3	0.0	0.0
67	rnapol	1.2	0.0	0.0
68	__protein1_rbs	2.55	0.0	0.0
68	__protein2_rbs	3.25	0.0	0.0
68	__protein3_rbs	2.55	0.0	0.0
68	__ribosome	51.9	0.0	0.0
68	__rnase_site_ext	6.6	0.0	0.0
68	p0	0.95	0.0	0.0
68	p1	0.7	0.0	0.0
68	p2	0.8	0.0	0.0
68	protein1	127.85	5.95	2.63446425
68	protein2	115.45	6.55	2.7181349500000005
68	protein3	81.4	5.75	2.63511915
68	r2	6.4	0.0	0.0
68	rnapol	1.3	0.0	0.0
69	__protein1_rbs	2.75	0.0	0.0
69	__protein2_rbs	2.8	0.0	0.0
69	__protein3_rbs	2.25	0.0	0.0
69	__ribosome	52.05	0.0	0.0
69	__rnase_site_ext	6.65	0.0	0.0
69	p0	0.8	0.0	0.0
69	p1	0.65	0.0	0.0
69	p2	1.0	0.0	0.0
69	protein1	131.15	5.95	2.6002381000000003
69	protein2	118.75	6.5	2.77182535
69	protein3	84.65	5.7	2.6645238000000004
69	r2	6.4	0.0	0.0
69	rnapol	1.25	0.0	0.0
70	__protein1_rbs	2.95	0.0	0.0
70	__protein2_rbs	3.05	0.0	0.0
70	__protein3_rbs	3.05	0.0	0.0
70	__ribosome	51.2	0.0	0.0
70	__rnase_site_ext	6.8	0.0	0.0
70	p0	0.95	0.0	0.0
70	p1	0.65	0.0	0.0
70	p2	0.85	0.0	0.0
70	protein1	133.55	6.0	2.68075395
70	protein2	122.0	6.5	2.78347225
70	protein3	87.1	5.75	2.67249995
70	r2	6.5	0.0	0.0
70	rnapol	1.3	0.0	0.0
71	__protein1_rbs	2.9	0.0	0.0
71	__protein2_rbs	3.1	0.0	0.0
71	__protein3_rbs	3.05	0.0	0.0
71	__ribosome	51.75	0.0	0.0
71	__rnase_site_ext	6.75	0.0	0.0
71	p0	0.9	0.0	0.0
71	p1	0.8	0.0	0.0
71	p2	0.8	0.0	0.0
71	protein1	136.65	6.15	2.563908650000001
71	protein2	125.3	6.65	2.6706944
71	protein3	90.1	5.7	2.6934523500000003
71	r2	6.7	0.0	0.0
71	rnapol	1.2	0.0	0.0
72	__protein1_rbs	3.35	0.0	0.0
72	__protein2_rbs	2.75	0.0	0.0
72	__protein3_rbs	2.65	0.0	0.0
72	__ribosome	51.75	0.0	0.0
72	__rnase_site_ext	6.8	0.0	0.0
72	p0	0.9	0.0	0.0
72	p1	0.8	0.0	0.0
72	p2	0.8	0.0	0.0
72	protein1	139.9	6.15	2.5486508999999997
72	protein2	128.8	6.85	2.64488095
72	protein3	92.8	5.75	2.70595235
72	r2	6.8	0.0	0.0
72	rnapol	1.25	0.0	0.0
73	__protein1_rbs	2.45	0.0	0.0
73	__protein2_rbs	3.2	0.0	0.0
73	__protein3_rbs	2.85	0.0	0.0
73	__ribosome	51.15	0.0	0.0
73	__rnase_site_ext	6.95	0.0	0.0
73	p0	0.8	0.0	0.0
73	p1	0.85	0.0	0.0
73	p2	0.75	0.0	0.0
73	protein1	142.5	6.2	2.6528174000000004
73	protein2	132.15	6.9	2.63694085
73	protein3	95.9	5.75	2.6353572000000005
73	r2	6.85	0.0	0.0
73	rnapol	1.15	0.0	0.0
74	__protein1_rbs	2.75	0.0	0.0
74	__protein2_rbs	3.8	0.0	0.0
74	__protein3_rbs	2.55	0.0	0.0
74	__ribosome	51.7	0.0	0.0
74	__rnase_site_ext	6.85	0.0	0.0
74	p0	1.0	0.0	0.0
74	p1	0.8	0.0	0.0
74	p2	0.7	0.0	0.0
74	protein1	146.05	6.15	2.61003965
74	protein2	135.6	7.0	2.5877939999999997
74	protein3	99.15	5.9	2.56250005
74	r2	6.9	0.0	0.0
74	rnapol	1.1	0.0	0.0
75	__protein1_rbs	2.85	0.0	0.0
75	__protein2_rbs	3.95	0.0	0.0
75	__protein3_rbs	3.0	0.0	0.0
75	__ribosome	51.95	0.0	0.0
75	__rnase_site_ext	6.85	0.0	0.0
75	p0	0.95	0.0	0.0
75	p1	0.9	0.0	0.0
75	p2	0.9	0.0	0.0
75	protein1	149.15	6.15	2.59313495
75	protein2	139.15	7.0	2.5593254
75	protein3	102.05	6.1	2.44333335
75	r2	7.05	0.0	0.0
75	rnapol	1.2	0.0	0.0
76	__protein1_rbs	3.15	0.0	0.0
76	__protein2_rbs	3.3	0.0	0.0
76	__protein3_rbs	2.95	0.0	0.0
76	__ribosome	51.5	0.0	0.0
76	__rnase_site_ext	6.85	0.0	0.0
76	p0	0.9	0.0	0.0
76	p1	0.85	0.0	0.0
76	p2	0.95	0.0	0.0
76	protein1	152.15	6.15	2.5850197999999995
76	protein2	143.05	7.15	2.472096
76	protein3	104.75	6.2	2.51613095
76	r2	7.1	0.0	0.0
76	rnapol	1.15	0.0	0.0
77	__protein1_rbs	2.65	0.0	0.0
77	__protein2_rbs	3.2	0.0	0.0
77	__protein3_rbs	3.6	0.0	0.0
77	__ribosome	50.8	0.0	0.0
77	__rnase_site_ext	6.75	0.0	0.0
77	p0	0.95	0.0	0.0
77	p1	0.8	0.0	0.0
77	p2	0.8	0.0	0.0
77	protein1	155.25	6.05	2.65363095
77	protein2	146.1	7.0	2.6301424999999994
77	protein3	107.75	6.3	2.45226185
77	r2	7.3	0.0	0.0
77	rnapol	1.2	0.0	0.0
78	__protein1_rbs	3.05	0.0	0.0
78	__protein2_rbs	3.9	0.0	0.0
78	__protein3_rbs	3.0	0.0	0.0
78	__ribosome	50.6	0.0	0.0
78	__rnase_site_ext	6.75	0.0	0.0
78	p0	1.0	0.0	0.0
78	p1	0.8	0.0	0.0
78	p2	0.8	0.0	0.0
78	protein1	158.2	6.05	2.665873
78	protein2	149.7	7.05	2.56200575
78	protein3	110.3	6.3	2.5489285500000003
78	r2	7.4	0.0	0.0
78	rnapol	1.3	0.0	0.0
79	__protein1_rbs	2.8	0.0	0.0
79	__protein2_rbs	3.15	0.0	0.0
79	__protein3_rbs	3.3	0.0	0.0
79	__ribosome	50.6	0.0	0.0
79	__rnase_site_ext	7.0	0.0	0.0
79	p0	0.7	0.0	0.0
79	p1	0.75	0.0	0.0
79	p2	0.8	0.0	0.0
79	protein1	161.45	6.05	2.6284522999999997
79	protein2	153.1	7.15	2.5205519500000007
79	protein3	113.2	6.35	2.5555953
79	r2	7.55	0.0	0.0
79	rnapol	0.95	0.0	0.0
80	__protein1_rbs	3.0	0.0	0.0
80	__protein2_rbs	3.3	0.0	0.0
80	__protein3_rbs	3.55	0.0	0.0
80	__ribosome	50.3	0.0	0.0
80	__rnase_site_ext	7.1	0.0	0.0
80	p0	0.9	0.0	0.0
80	p1	0.75	0.0	0.0
80	p2	0.75	0.0	0.0
80	protein1	164.75	6.2	2.5653571500000005
80	protein2	156.2	7.1	2.6422438500000003
80	protein3	116.75	6.45	2.4434523999999995
80	r2	7.45	0.0	0.0
80	rnapol	1.0	0.0	0.0
81	__protein1_rbs	2.95	0.0	0.0
81	__protein2_rbs	4.0	0.0	0.0
81	__protein3_rbs	3.55	0.0	0.0
81	__ribosome	50.75	0.0	0.0
81	__rnase_site_ext	7.15	0.0	0.0
81	p0	0.95	0.0	0.0
81	p1	0.8	0.0	0.0
81	p2	0.8	0.0	0.0
81	protein1	168.25	6.35	2.45214285
81	protein2	159.7	7.35	2.5426699
81	protein3	119.65	6.5	2.4313689500000004
81	r2	7.5	0.0	0.0
81	rnapol	1.0	0.0	0.0
82	__protein1_rbs	3.1	0.0	0.0
82	__protein2_rbs	3.65	0.0	0.0
82	__protein3_rbs	2.9	0.0	0.0
82	__ribosome	49.95	0.0	0.0
82	__rnase_site_ext	7.2	0.0	0.0
82	p0	0.95	0.0	0.0
82	p1	0.9	0.0	0.0
82	p2	0.9	0.0	0.0
82	protein1	170.85	6.4	2.5302778
82	protein2	163.45	7.3	2.53670995
82	protein3	122.85	6.7	2.3851389000000003
82	r2	7.55	0.0	0.0
82	rnapol	1.2	0.0	0.0
83	__protein1_rbs	2.9	0.0	0.0
83	__protein2_rbs	3.65	0.0	0.0
83	__protein3_rbs	3.7	0.0	0.0
83	__ribosome	48.55	0.0	0.0
83	__rnase_site_ext	7.45	0.0	0.0
83	p0	0.9	0.0	0.0
83	p1	0.85	0.0	0.0
83	p2	0.85	0.0	0.0
83	protein1	173.6	6.45	2.60882935
83	protein2	166.7	7.35	2.5518864
83	protein3	125.85	6.9	2.3656745999999997
83	r2	7.45	0.0	0.0
83	rnapol	1.05	0.0	0.0
84	__protein1_rbs	3.2	0.0	0.0
84	__protein2_rbs	3.5	0.0	0.0
84	__protein3_rbs	3.5	0.0	0.0
84	__ribosome	48.3	0.0	0.0
84	__rnase_site_ext	7.6	0.0	0.0
84	p0	0.85	0.0	0.0
84	p1	0.85	0.0	0.0
84	p2	0.85	0.0	0.0
84	protein1	176.75	6.65	2.56978175
84	protein2	170.45	7.4	2.5209132000000007
84	protein3	129.0	6.9	2.4296824999999997
84	r2	7.4	0.0	0.0
84	rnapol	0.9	0.0	0.0
85	__protein1_rbs	3.35	0.0	0.0
85	__protein2_rbs	3.7	0.0	0.0
85	__protein3_rbs	3.3	0.0	0.0
85	__ribosome	48.25	0.0	0.0
85	__rnase_site_ext	7.5	0.0	0.0
85	p0	1.0	0.0	0.0
85	p1	0.7	0.0	0.0
85	p2	0.85	0.0	0.0
85	protein1	180.2	6.7	2.50029765
85	protein2	174.0	7.4	2.51552665
85	protein3	132.15	7.05	2.41619045
85	r2	7.55	0.0	0.0
85	rnapol	0.95	0.0	0.0
86	__protein1_rbs	3.7	0.0	0.0
86	__protein2_rbs	4.2	0.0	0.0
86	__protein3_rbs	3.55	0.0	0.0
86	__ribosome	47.9	0.0	0.0
86	__rnase_site_ext	7.7	0.0	0.0
86	p0	0.8	0.0	0.0
86	p1	0.65	0.0	0.0
86	p2	0.8	0.0	0.0
86	protein1	183.3	6.75	2.5340674000000005
86	protein2	177.85	7.4	2.4297746
86	protein3	135.25	7.05	2.5057541000000003
86	r2	7.75	0.0	0.0
86	rnapol	0.85	0.0	0.0
87	__protein1_rbs	3.65	0.0	0.0
87	__protein2_rbs	3.9	0.0	0.0
87	__protein3_rbs	3.55	0.0	0.0
87	__ribosome	47.65	0.0	0.0
87	__rnase_site_ext	7.65	0.0	0.0
87	p0	1.0	0.0	0.0
87	p1	0.7	0.0	0.0
87	p2	0.8	0.0	0.0
87	protein1	186.4	6.8	2.5032936500000003
87	protein2	181.3	7.5	2.4026478999999994
87	protein3	138.35	6.95	2.6097817500000007
87	r2	7.75	0.0	0.0
87	rnapol	1.0	0.0	0.0
88	__protein1_rbs	3.55	0.0	0.0
88	__protein2_rbs	4.0	0.0	0.0
88	__protein3_rbs	3.9	0.0	0.0
88	__ribosome	48.35	0.0	0.0
88	__rnase_site_ext	7.65	0.0	0.0
88	p0	0.9	0.0	0.0
88	p1	0.85	0.0	0.0
88	p2	0.7	0.0	0.0
88	protein1	189.8	6.8	2.48148815
88	protein2	184.55	7.55	2.40098125
88	protein3	142.0	7.0	2.49212305
88	r2	7.75	0.0	0.0
88	rnapol	1.05	0.0	0.0
89	__protein1_rbs	3.25	0.0	0.0
89	__protein2_rbs	3.9	0.0	0.0
89	__protein3_rbs	3.8	0.0	0.0
89	__ribosome	47.65	0.0	0.0
89	__rnase_site_ext	7.65	0.0	0.0
89	p0	0.95	0.0	0.0
89	p1	0.85	0.0	0.0
89	p2	0.7	0.0	0.0
89	protein1	193.0	6.8	2.52994055
89	protein2	188.55	7.7	2.40456715
89	protein3	145.05	7.0	2.545
89	r2	7.8	0.0	0.0
89	rnapol	1.15	0.0	0.0
90	__protein1_rbs	2.95	0.0	0.0
90	__protein2_rbs	4.2	0.0	0.0
90	__protein3_rbs	3.75	0.0	0.0
90	__ribosome	48.25	0.0	0.0
90	__rnase_site_ext	7.7	0.0	0.0
90	p0	0.85	0.0	0.0
90	p1	0.8	0.0	0.0
90	p2	0.85	0.0	0.0
90	protein1	196.6	6.75	2.54565475
90	protein2	192.25	7.7	2.32520745
90	protein3	148.7	7.1	2.4957737000000004
90	r2	7.9	0.0	0.0
90	rnapol	1.2	0.0	0.0
91	__protein1_rbs	2.65	0.0	0.0
91	__protein2_rbs	4.0	0.0	0.0
91	__protein3_rbs	3.55	0.0	0.0
91	__ribosome	46.75	0.0	0.0
91	__rnase_site_ext	7.7	0.0	0.0
91	p0	0.95	0.0	0.0
91	p1	0.75	0.0	0.0
91	p2	0.95	0.0	0.0
91	protein1	199.65	6.75	2.60250005
91	protein2	195.05	7.6	2.4734127000000004
91	protein3	152.25	7.25	2.438097
91	r2	7.85	0.0	0.0
91	rnapol	1.3	0.0	0.0
92	__protein1_rbs	3.45	0.0	0.0
92	__protein2_rbs	3.9	0.0	0.0
92	__protein3_rbs	4.0	0.0	0.0
92	__ribosome	47.5	0.0	0.0
92	__rnase_site_ext	7.85	0.0	0.0
92	p0	0.9	0.0	0.0
92	p1	0.75	0.0	0.0
92	p2	0.9	0.0	0.0
92	protein1	202.7	6.9	2.5521627
92	protein2	199.25	7.75	2.38561505
92	protein3	155.85	7.25	2.3455988000000003
92	r2	7.85	0.0	0.0
92	rnapol	1.15	0.0	0.0
93	__protein1_rbs	3.6	0.0	0.0
93	__protein2_rbs	3.65	0.0	0.0
93	__protein3_rbs	2.9	0.0	0.0
93	__ribosome	45.75	0.0	0.0
93	__rnase_site_ext	7.9	0.0	0.0
93	p0	0.8	0.0	0.0
93	p1	0.7	0.0	0.0
93	p2	0.9	0.0	0.0
93	protein1	206.0	6.9	2.5197022999999996
93	protein2	202.4	7.7	2.4880556
93	protein3	158.7	7.3	2.5010407999999997
93	r2	7.95	0.0	0.0
93	rnapol	1.1	0.0	0.0
94	__protein1_rbs	3.7	0.0	0.0
94	__protein2_rbs	4.0	0.0	0.0
94	__protein3_rbs	3.75	0.0	0.0
94	__ribosome	47.05	0.0	0.0
94	__rnase_site_ext	8.0	0.0	0.0
94	p0	1.0	0.0	0.0
94	p1	0.9	0.0	0.0
94	p2	0.85	0.0	0.0
94	protein1	209.2	7.0	2.4436904000000004
94	protein2	206.4	7.65	2.40414675
94	protein3	162.4	7.25	2.4465332
94	r2	8.15	0.0	0.0
94	rnapol	1.2	0.0	0.0
95	__protein1_rbs	3.35	0.0	0.0
95	__protein2_rbs	3.75	0.0	0.0
95	__protein3_rbs	3.7	0.0	0.0
95	__ribosome	46.6	0.0	0.0
95	__rnase_site_ext	8.0	0.0	0.0
95	p0	0.95	0.0	0.0
95	p1	0.95	0.0	0.0
95	p2	0.75	0.0	0.0
95	protein1	212.8	7.1	2.39134925
95	protein2	210.0	7.8	2.37976185
95	protein3	165.7	7.3	2.5138077
95	r2	8.3	0.0	0.0
95	rnapol	1.3	0.0	0.0
96	__protein1_rbs	3.35	0.0	0.0
96	__protein2_rbs	4.2	0.0	0.0
96	__protein3_rbs	4.3	0.0	0.0
96	__ribosome	47.2	0.0	0.0
96	__rnase_site_ext	8.05	0.0	0.0
96	p0	0.9	0.0	0.0
96	p1	0.85	0.0	0.0
96	p2	0.8	0.0	0.0
96	protein1	216.4	7.1	2.3588095
96	protein2	213.65	7.9	2.3184325
96	protein3	168.85	7.3	2.4710732
96	r2	8.25	0.0	0.0
96	rnapol	1.4	0.0	0.0
97	__protein1_rbs	3.3	0.0	0.0
97	__protein2_rbs	3.6	0.0	0.0
97	__protein3_rbs	3.7	0.0	0.0
97	__ribosome	46.0	0.0	0.0
97	__rnase_site_ext	8.2	0.0	0.0
97	p0	0.85	0.0	0.0
97	p1	0.95	0.0	0.0
97	p2	0.8	0.0	0.0
97	protein1	219.85	7.2	2.3558730000000003
97	protein2	217.0	7.85	2.4886905
97	protein3	172.45	7.35	2.4711345499999995
97	r2	8.35	0.0	0.0
97	rnapol	1.45	0.0	0.0
98	__protein1_rbs	3.75	0.0	0.0
98	__protein2_rbs	4.8	0.0	0.0
98	__protein3_rbs	4.0	0.0	0.0
98	__ribosome	46.7	0.0	0.0
98	__rnase_site_ext	8.3	0.0	0.0
98	p0	0.85	0.0	0.0
98	p1	0.7	0.0	0.0
98	p2	0.85	0.0	0.0
98	protein1	222.75	7.3	2.4024602
98	protein2	220.9	7.9	2.37398815
98	protein3	176.2	7.5	2.3654996500000003
98	r2	8.3	0.0	0.0
98	rnapol	1.35	0.0	0.0
99	__protein1_rbs	3.3	0.0	0.0
99	__protein2_rbs	4.05	0.0	0.0
99	__protein3_rbs	3.65	0.0	0.0
99	__ribosome	45.3	0.0	0.0
99	__rnase_site_ext	8.25	0.0	0.0
99	p0	1.0	0.0	0.0
99	p1	0.85	0.0	0.0
99	p2	0.8	0.0	0.0
99	protein1	225.95	7.25	2.49626985
99	protein2	224.15	7.9	2.42940485
99	protein3	179.55	7.5	2.4030051
99	r2	8.4	0.0	0.0
99	rnapol	1.35	0.0	0.0
100	__protein1_rbs	3.75	0.0	0.0
100	__protein2_rbs	3.9	0.0	0.0
100	__protein3_rbs	4.55	0.0	0.0
100	__ribosome	45.45	0.0	0.0
100	__rnase_site_ext	8.2	0.0	0.0
100	p0	0.95	0.0	0.0
100	p1	0.75	0.0	0.0
100	p2	0.8	0.0	0.0
100	protein1	229.3	7.35	2.5535714
100	protein2	227.95	8.1	2.3915277999999995
100	protein3	183.3	7.55	2.27528135
100	r2	8.35	0.0	0.0
100	rnapol	1.3	0.0	0.0
101	__protein1_rbs	3.7	0.0	0.0
101	__protein2_rbs	4.05	0.0	0.0
101	__protein3_rbs	4.1	0.0	0.0
101	__ribosome	46.15	0.0	0.0
101	__rnase_site_ext	8.35	0.0	0.0
101	p0	0.75	0.0	0.0
101	p1	0.85	0.0	0.0
101	p2	0.65	0.0	0.0
101	protein1	232.85	7.35	2.507877
101	protein2	231.85	8.15	2.3416234000000005
101	protein3	186.85	7.65	2.2014177000000004
101	r2	8.5	0.0	0.0
101	rnapol	1.1	0.0	0.0
102	__protein1_rbs	3.5	0.0	0.0
102	__protein2_rbs	4.55	0.0	0.0
102	__protein3_rbs	3.7	0.0	0.0
102	__ribosome	45.35	0.0	0.0
102	__rnase_site_ext	8.55	0.0	0.0
102	p0	0.9	0.0	0.0
102	p1	1.0	0.0	0.0
102	p2	0.7	0.0	0.0
102	protein1	236.2	7.4	2.5138492500000007
102	protein2	235.75	8.25	2.26119415
102	protein3	189.85	7.7	2.3205014000000004
102	r2	8.4	0.0	0.0
102	rnapol	1.05	0.0	0.0
103	__protein1_rbs	4.1	0.0	0.0
103	__protein2_rbs	4.4	0.0	0.0
103	__protein3_rbs	4.2	0.0	0.0
103	__ribosome	45.0	0.0	0.0
103	__rnase_site_ext	8.6	0.0	0.0
103	p0	0.95	0.0	0.0
103	p1	0.9	0.0	0.0
103	p2	0.85	0.0	0.0
103	protein1	239.95	7.65	2.3791667000000003
103	protein2	239.05	8.4	2.28553575
103	protein3	193.05	7.8	2.3282179000000003
103	r2	8.45	0.0	0.0
103	rnapol	1.15	0.0	0.0
104	__protein1_rbs	4.2	0.0	0.0
104	__protein2_rbs	4.45	0.0	0.0
104	__protein3_rbs	4.0	0.0	0.0
104	__ribosome	45.25	0.0	0.0
104	__rnase_site_ext	8.7	0.0	0.0
104	p0	0.85	0.0	0.0
104	p1	0.75	0.0	0.0
104	p2	1.0	0.0	0.0
104	protein1	243.45	7.7	2.3955754
104	protein2	243.2	8.25	2.27238455
104	protein3	196.85	7.85	2.3201785500000005
104	r2	8.3	0.0	0.0
104	rnapol	1.1	0.0	0.0
105	__protein1_rbs	3.75	0.0	0.0
105	__protein2_rbs	4.65	0.0	0.0
105	__protein3_rbs	4.1	0.0	0.0
105	__ribosome	44.3	0.0	0.0
105	__rnase_site_ext	8.65	0.0	0.0
105	p0	0.8	0.0	0.0
105	p1	0.8	0.0	0.0
105	p2	0.85	0.0	0.0
105	protein1	247.05	7.65	2.40061505
105	protein2	246.65	8.3	2.30013895
105	protein3	200.05	8.0	2.3547042
105	r2	8.35	0.0	0.0
105	rnapol	1.1	0.0	0.0
106	__protein1_rbs	4.15	0.0	0.0
106	__protein2_rbs	4.3	0.0	0.0
106	__protein3_rbs	4.15	0.0	0.0
106	__ribosome	44.0	0.0	0.0
106	__rnase_site_ext	8.75	0.0	0.0
106	p0	0.95	0.0	0.0
106	p1	0.8	0.0	0.0
106	p2	0.95	0.0	0.0
106	protein1	250.8	7.85	2.2837499500000003
106	protein2	250.4	8.35	2.3215278
106	protein3	203.4	7.95	2.4154185000000004
106	r2	8.4	0.0	0.0
106	rnapol	1.2	0.0	0.0
107	__protein1_rbs	4.45	0.0	0.0
107	__protein2_rbs	4.65	0.0	0.0
107	__protein3_rbs	4.35	0.0	0.0
107	__ribosome	43.6	0.0	0.0
107	__rnase_site_ext	8.75	0.0	0.0
107	p0	1.0	0.0	0.0
107	p1	0.9	0.0	0.0
107	p2	0.85	0.0	0.0
107	protein1	253.9	7.85	2.3198412
107	protein2	253.8	8.35	2.3854167
107	protein3	207.2	8.0	2.3791288
107	r2	8.5	0.0	0.0
107	rnapol	1.35	0.0	0.0
108	__protein1_rbs	4.25	0.0	0.0
108	__protein2_rbs	4.45	0.0	0.0
108	__protein3_rbs	4.15	0.0	0.0
108	__ribosome	43.55	0.0	0.0
108	__rnase_site_ext	8.75	0.0	0.0
108	p0	0.85	0.0	0.0
108	p1	0.7	0.0	0.0
108	p2	0.85	0.0	0.0
108	protein1	257.9	7.85	2.2977182
108	protein2	257.6	8.4	2.37377515
108	protein3	210.95	7.95	2.4276767500000003
108	r2	8.55	0.0	0.0
108	rnapol	1.25	0.0	0.0
109	__protein1_rbs	3.8	0.0	0.0
109	__protein2_rbs	4.05	0.0	0.0
109	__protein3_rbs	4.35	0.0	0.0
109	__ribosome	42.7	0.0	0.0
109	__rnase_site_ext	8.95	0.0	0.0
109	p0	0.85	0.0	0.0
109	p1	0.7	0.0	0.0
109	p2	0.8	0.0	0.0
109	protein1	261.45	7.8	2.3734722
109	protein2	261.45	8.4	2.4291955
109	protein3	214.65	8.0	2.3882359
109	r2	8.5	0.0	0.0
109	rnapol	1.35	0.0	0.0
110	__protein1_rbs	4.55	0.0	0.0
110	__protein2_rbs	5.0	0.0	0.0
110	__protein3_rbs	4.05	0.0	0.0
110	__ribosome	43.3	0.0	0.0
110	__rnase_site_ext	9.0	0.0	0.0
110	p0	0.9	0.0	0.0
110	p1	0.85	0.0	0.0
110	p2	0.85	0.0	0.0
110	protein1	264.7	8.05	2.3118848499999998
110	protein2	265.45	8.45	2.3240529999999997
110	protein3	218.65	8.05	2.3762699
110	r2	8.6	0.0	0.0
110	rnapol	1.35	0.0	0.0
111	__protein1_rbs	4.85	0.0	0.0
111	__protein2_rbs	4.9	0.0	0.0
111	__protein3_rbs	4.85	0.0	0.0
111	__ribosome	43.5	0.0	0.0
111	__rnase_site_ext	9.25	0.0	0.0
111	p0	0.85	0.0	0.0
111	p1	0.9	0.0	0.0
111	p2	0.95	0.0	0.0
111	protein1	268.35	8.1	2.2218056
111	protein2	268.65	8.65	2.35840905
111	protein3	221.95	8.0	2.3256746500000003
111	r2	8.6	0.0	0.0
111	rnapol	1.15	0.0	0.0
112	__protein1_rbs	3.4	0.0	0.0
112	__protein2_rbs	4.95	0.0	0.0
112	__protein3_rbs	4.25	0.0	0.0
112	__ribosome	41.95	0.0	0.0
112	__rnase_site_ext	9.25	0.0	0.0
112	p0	1.0	0.0	0.0
112	p1	0.8	0.0	0.0
112	p2	0.95	0.0	0.0
112	protein1	272.0	8.3	2.3456583500000003
112	protein2	272.5	8.8	2.3485515
112	protein3	225.7	8.0	2.345386
112	r2	8.6	0.0	0.0
112	rnapol	1.1	0.0	0.0
113	__protein1_rbs	5.45	0.0	0.0
113	__protein2_rbs	4.65	0.0	0.0
113	__protein3_rbs	4.5	0.0	0.0
113	__ribosome	43.45	0.0	0.0
113	__rnase_site_ext	9.15	0.0	0.0
113	p0	0.9	0.0	0.0
113	p1	0.8	0.0	0.0
113	p2	0.95	0.0	0.0
113	protein1	275.55	8.3	2.2429780500000005
113	protein2	276.6	8.8	2.33179645
113	protein3	230.0	7.9	2.29402055
113	r2	8.8	0.0	0.0
113	rnapol	1.05	0.0	0.0
114	__protein1_rbs	4.4	0.0	0.0
114	__protein2_rbs	4.35	0.0	0.0
114	__protein3_rbs	3.95	0.0	0.0
114	__ribosome	43.05	0.0	0.0
114	__rnase_site_ext	9.2	0.0	0.0
114	p0	0.9	0.0	0.0
114	p1	0.85	0.0	0.0
114	p2	0.9	0.0	0.0
114	protein1	279.55	8.25	2.2226407000000004
114	protein2	280.7	8.95	2.3386038500000006
114	protein3	233.55	7.95	2.31817815
114	r2	8.8	0.0	0.0
114	rnapol	1.1	0.0	0.0
115	__protein1_rbs	4.0	0.0	0.0
115	__protein2_rbs	4.4	0.0	0.0
115	__protein3_rbs	3.9	0.0	0.0
115	__ribosome	41.7	0.0	0.0
115	__rnase_site_ext	9.2	0.0	0.0
115	p0	0.9	0.0	0.0
115	p1	0.95	0.0	0.0
115	p2	0.8	0.0	0.0
115	protein1	282.8	8.2	2.3343344
115	protein2	284.65	8.95	2.3616990499999995
115	protein3	237.2	7.9	2.37282105
115	r2	8.9	0.0	0.0
115	rnapol	1.15	0.0	0.0
116	__protein1_rbs	4.05	0.0	0.0
116	__protein2_rbs	5.2	0.0	0.0
116	__protein3_rbs	3.95	0.0	0.0
116	__ribosome	40.6	0.0	0.0
116	__rnase_site_ext	9.05	0.0	0.0
116	p0	0.9	0.0	0.0
116	p1	0.8	0.0	0.0
116	p2	0.85	0.0	0.0
116	protein1	285.95	8.2	2.44495315
116	protein2	288.75	9.1	2.2602651000000007
116	protein3	240.65	7.95	2.4271464
116	r2	9.0	0.0	0.0
116	rnapol	1.2	0.0	0.0
117	__protein1_rbs	5.0	0.0	0.0
117	__protein2_rbs	4.5	0.0	0.0
117	__protein3_rbs	4.25	0.0	0.0
117	__ribosome	40.95	0.0	0.0
117	__rnase_site_ext	9.2	0.0	0.0
117	p0	0.75	0.0	0.0
117	p1	0.7	0.0	0.0
117	p2	0.75	0.0	0.0
117	protein1	290.05	8.2	2.3377831500000004
117	protein2	292.5	9.0	2.36641595
117	protein3	244.45	8.0	2.3871519500000007
117	r2	9.15	0.0	0.0
117	rnapol	1.0	0.0	0.0
118	__protein1_rbs	4.75	0.0	0.0
118	__protein2_rbs	5.2	0.0	0.0
118	__protein3_rbs	4.4	0.0	0.0
118	__ribosome	40.95	0.0	0.0
118	__rnase_site_ext	9.15	0.0	0.0
118	p0	0.85	0.0	0.0
118	p1	0.6	0.0	0.0
118	p2	0.8	0.0	0.0
118	protein1	293.25	8.15	2.40670275
118	protein2	297.0	8.85	2.3063437999999996
118	protein3	247.65	8.1	2.4507214
118	r2	9.2	0.0	0.0
118	rnapol	1.0	0.0	0.0
119	__protein1_rbs	5.0	0.0	0.0
119	__protein2_rbs	4.7	0.0	0.0
119	__protein3_rbs	4.25	0.0	0.0
119	__ribosome	41.4	0.0	0.0
119	__rnase_site_ext	9.25	0.0	0.0
119	p0	0.75	0.0	0.0
119	p1	0.55	0.0	0.0
119	p2	0.85	0.0	0.0
119	protein1	297.25	8.25	2.26683985
119	protein2	301.2	9.0	2.27911615
119	protein3	251.4	8.15	2.4995003500000004
119	r2	9.25	0.0	0.0
119	rnapol	0.8	0.0	0.0
120	__protein1_rbs	4.5	0.0	0.0
120	__protein2_rbs	4.55	0.0	0.0
120	__protein3_rbs	4.75	0.0	0.0
120	__ribosome	41.8	0.0	0.0
120	__rnase_site_ext	9.45	0.0	0.0
120	p0	0.95	0.0	0.0
120	p1	0.9	0.0	0.0
120	p2	0.9	0.0	0.0
120	protein1	301.4	8.35	2.21785355
120	protein2	305.25	9.2	2.3076568500000003
120	protein3	255.45	8.3	2.3611111
120	r2	9.3	0.0	0.0
120	rnapol	0.8	0.0	0.0
121	__protein1_rbs	4.7	0.0	0.0
121	__protein2_rbs	5.35	0.0	0.0
121	__protein3_rbs	4.1	0.0	0.0
121	__ribosome	41.5	0.0	0.0
121	__rnase_site_ext	9.35	0.0	0.0
121	p0	0.9	0.0	0.0
121	p1	0.8	0.0	0.0
121	p2	0.9	0.0	0.0
121	protein1	305.4	8.55	2.16446245
121	protein2	309.45	9.4	2.2375251500000006
121	protein3	259.15	8.4	2.3439159
121	r2	9.3	0.0	0.0
121	rnapol	0.8	0.0	0.0
122	__protein1_rbs	4.75	0.0	0.0
122	__protein2_rbs	5.15	0.0	0.0
122	__protein3_rbs	4.65	0.0	0.0
122	__ribosome	40.35	0.0	0.0
122	__rnase_site_ext	9.4	0.0	0.0
122	p0	0.95	0.0	0.0
122	p1	0.8	0.0	0.0
122	p2	0.75	0.0	0.0
122	protein1	308.7	8.5	2.2216017000000003
122	protein2	313.25	9.5	2.28185605
122	protein3	262.85	8.35	2.4506998
122	r2	9.25	0.0	0.0
122	rnapol	0.85	0.0	0.0
123	__protein1_rbs	4.35	0.0	0.0
123	__protein2_rbs	4.75	0.0	0.0
123	__protein3_rbs	4.25	0.0	0.0
123	__ribosome	39.45	0.0	0.0
123	__rnase_site_ext	9.45	0.0	0.0
123	p0	0.8	0.0	0.0
123	p1	0.9	0.0	0.0
123	p2	0.85	0.0	0.0
123	protein1	312.2	8.5	2.2658333500000003
123	protein2	317.3	9.5	2.31765145
123	protein3	266.85	8.35	2.39200575
123	r2	9.35	0.0	0.0
123	rnapol	0.8	0.0	0.0
124	__protein1_rbs	5.25	0.0	0.0
124	__protein2_rbs	5.65	0.0	0.0
124	__protein3_rbs	5.15	0.0	0.0
124	__ribosome	40.8	0.0	0.0
124	__rnase_site_ext	9.65	0.0	0.0
124	p0	0.8	0.0	0.0
124	p1	0.75	0.0	0.0
124	p2	0.95	0.0	0.0
124	protein1	315.55	8.6	2.2163095000000004
124	protein2	321.75	9.7	2.2234450000000003
124	protein3	270.7	8.45	2.2445237999999996
124	r2	9.5	0.0	0.0
124	rnapol	0.75	0.0	0.0
125	__protein1_rbs	4.7	0.0	0.0
125	__protein2_rbs	5.4	0.0	0.0
125	__protein3_rbs	4.9	0.0	0.0
125	__ribosome	40.35	0.0	0.0
125	__rnase_site_ext	9.8	0.0	0.0
125	p0	0.9	0.0	0.0
125	p1	0.8	0.0	0.0
125	p2	0.95	0.0	0.0
125	protein1	319.25	8.7	2.2127976
125	protein2	325.6	9.55	2.2984430500000004
125	protein3	274.25	8.45	2.2354371
125	r2	9.55	0.0	0.0
125	rnapol	0.75	0.0	0.0
126	__protein1_rbs	5.05	0.0	0.0
126	__protein2_rbs	5.25	0.0	0.0
126	__protein3_rbs	4.15	0.0	0.0
126	__ribosome	40.35	0.0	0.0
126	__rnase_site_ext	9.75	0.0	0.0
126	p0	1.0	0.0	0.0
126	p1	0.65	0.0	0.0
126	p2	0.75	0.0	0.0
126	protein1	323.15	8.95	2.1582864499999994
126	protein2	330.3	9.8	2.2276389
126	protein3	278.4	8.35	2.29798745
126	r2	9.8	0.0	0.0
126	rnapol	0.85	0.0	0.0
127	__protein1_rbs	4.75	0.0	0.0
127	__protein2_rbs	5.8	0.0	0.0
127	__protein3_rbs	4.7	0.0	0.0
127	__ribosome	40.35	0.0	0.0
127	__rnase_site_ext	9.8	0.0	0.0
127	p0	0.9	0.0	0.0
127	p1	0.7	0.0	0.0
127	p2	0.7	0.0	0.0
127	protein1	326.65	8.95	2.19325215
127	protein2	334.3	9.8	2.21313125
127	protein3	282.1	8.3	2.2731510500000005
127	r2	9.9	0.0	0.0
127	rnapol	0.95	0.0	0.0
128	__protein1_rbs	4.7	0.0	0.0
128	__protein2_rbs	5.0	0.0	0.0
128	__protein3_rbs	4.75	0.0	0.0
128	__ribosome	40.95	0.0	0.0
128	__rnase_site_ext	9.7	0.0	0.0
128	p0	1.0	0.0	0.0
128	p1	0.8	0.0	0.0
128	p2	0.7	0.0	0.0
128	protein1	330.8	8.8	2.21734125
128	protein2	339.1	9.95	2.1772631
128	protein3	286.15	8.25	2.223333750000001
128	r2	9.8	0.0	0.0
128	rnapol	1.0	0.0	0.0
129	__protein1_rbs	4.45	0.0	0.0
129	__protein2_rbs	5.85	0.0	0.0
129	__protein3_rbs	4.35	0.0	0.0
129	__ribosome	39.75	0.0	0.0
129	__rnase_site_ext	9.75	0.0	0.0
129	p0	0.9	0.0	0.0
129	p1	0.9	0.0	0.0
129	p2	0.75	0.0	0.0
129	protein1	334.35	8.8	2.3005753500000004
129	protein2	343.35	10.15	2.13158365
129	protein3	289.65	8.55	2.1972173500000003
129	r2	9.7	0.0	0.0
129	rnapol	0.95	0.0	0.0
130	__protein1_rbs	4.8	0.0	0.0
130	__protein2_rbs	4.9	0.0	0.0
130	__protein3_rbs	4.9	0.0	0.0
130	__ribosome	38.35	0.0	0.0
130	__rnase_site_ext	9.7	0.0	0.0
130	p0	0.9	0.0	0.0
130	p1	0.75	0.0	0.0
130	p2	0.8	0.0	0.0
130	protein1	337.85	8.85	2.32769845
130	protein2	347.3	10.1	2.2508307999999997
130	protein3	293.3	8.45	2.2183970000000004
130	r2	9.75	0.0	0.0
130	rnapol	1.0	0.0	0.0
131	__protein1_rbs	5.15	0.0	0.0
131	__protein2_rbs	5.55	0.0	0.0
131	__protein3_rbs	4.8	0.0	0.0
131	__ribosome	37.8	0.0	0.0
131	__rnase_site_ext	9.7	0.0	0.0
131	p0	0.9	0.0	0.0
131	p1	0.6	0.0	0.0
131	p2	0.75	0.0	0.0
131	protein1	341.35	8.85	2.3770436000000004
131	protein2	351.55	10.15	2.2597002
131	protein3	297.15	8.7	2.1640705
131	r2	9.85	0.0	0.0
131	rnapol	0.9	0.0	0.0
132	__protein1_rbs	5.0	0.0	0.0
132	__protein2_rbs	5.85	0.0	0.0
132	__protein3_rbs	5.05	0.0	0.0
132	__ribosome	37.45	0.0	0.0
132	__rnase_site_ext	9.75	0.0	0.0
132	p0	0.9	0.0	0.0
132	p1	0.75	0.0	0.0
132	p2	0.8	0.0	0.0
132	protein1	345.45	8.9	2.30922615
132	protein2	355.25	10.1	2.3332800500000004
132	protein3	300.6	8.7	2.1978535
132	r2	10.0	0.0	0.0
132	rnapol	0.8	0.0	0.0
133	__protein1_rbs	5.1	0.0	0.0
133	__protein2_rbs	5.55	0.0	0.0
133	__protein3_rbs	5.25	0.0	0.0
133	__ribosome	38.1	0.0	0.0
133	__rnase_site_ext	9.85	0.0	0.0
133	p0	0.9	0.0	0.0
133	p1	0.85	0.0	0.0
133	p2	0.75	0.0	0.0
133	protein1	349.7	8.9	2.24936695
133	protein2	360.25	10.15	2.30489705
133	protein3	303.95	8.75	2.1968235500000004
133	r2	10.1	0.0	0.0
133	rnapol	0.8	0.0	0.0
134	__protein1_rbs	4.95	0.0	0.0
134	__protein2_rbs	5.25	0.0	0.0
134	__protein3_rbs	4.25	0.0	0.0
134	__ribosome	37.15	0.0	0.0
134	__rnase_site_ext	9.75	0.0	0.0
134	p0	1.0	0.0	0.0
134	p1	0.9	0.0	0.0
134	p2	0.7	0.0	0.0
134	protein1	354.0	8.95	2.2018831000000003
134	protein2	364.5	10.2	2.3752879
134	protein3	308.15	8.85	2.2314789500000005
134	r2	10.4	0.0	0.0
134	rnapol	0.95	0.0	0.0
135	__protein1_rbs	5.35	0.0	0.0
135	__protein2_rbs	5.95	0.0	0.0
135	__protein3_rbs	4.75	0.0	0.0
135	__ribosome	37.55	0.0	0.0
135	__rnase_site_ext	9.75	0.0	0.0
135	p0	0.95	0.0	0.0
135	p1	0.95	0.0	0.0
135	p2	0.85	0.0	0.0
135	protein1	358.05	8.95	2.1633081
135	protein2	369.6	10.2	2.3160601
135	protein3	311.5	8.8	2.3227994
135	r2	10.45	0.0	0.0
135	rnapol	1.15	0.0	0.0
136	__protein1_rbs	4.35	0.0	0.0
136	__protein2_rbs	5.5	0.0	0.0
136	__protein3_rbs	4.7	0.0	0.0
136	__ribosome	36.75	0.0	0.0
136	__rnase_site_ext	9.7	0.0	0.0
136	p0	0.85	0.0	0.0
136	p1	0.95	0.0	0.0
136	p2	0.7	0.0	0.0
136	protein1	361.75	8.9	2.2514015000000005
136	protein2	374.25	10.15	2.310883
136	protein3	315.55	9.05	2.29071425
136	r2	10.45	0.0	0.0
136	rnapol	1.05	0.0	0.0
137	__protein1_rbs	5.65	0.0	0.0
137	__protein2_rbs	5.7	0.0	0.0
137	__protein3_rbs	4.75	0.0	0.0
137	__ribosome	36.6	0.0	0.0
137	__rnase_site_ext	9.55	0.0	0.0
137	p0	1.0	0.0	0.0
137	p1	0.85	0.0	0.0
137	p2	0.7	0.0	0.0
137	protein1	365.65	8.8	2.16947365
137	protein2	378.4	10.0	2.3553359
137	protein3	319.05	9.0	2.3780049
137	r2	10.55	0.0	0.0
137	rnapol	1.25	0.0	0.0
138	__protein1_rbs	4.55	0.0	0.0
138	__protein2_rbs	5.8	0.0	0.0
138	__protein3_rbs	5.65	0.0	0.0
138	__ribosome	37.75	0.0	0.0
138	__rnase_site_ext	9.5	0.0	0.0
138	p0	0.8	0.0	0.0
138	p1	0.8	0.0	0.0
138	p2	0.9	0.0	0.0
138	protein1	369.35	8.7	2.2504856
138	protein2	383.3	10.0	2.27010015
138	protein3	323.35	9.1	2.2527668999999997
138	r2	10.75	0.0	0.0
138	rnapol	1.15	0.0	0.0
139	__protein1_rbs	4.85	0.0	0.0
139	__protein2_rbs	5.15	0.0	0.0
139	__protein3_rbs	5.2	0.0	0.0
139	__ribosome	37.6	0.0	0.0
139	__rnase_site_ext	9.4	0.0	0.0
139	p0	1.0	0.0	0.0
139	p1	0.8	0.0	0.0
139	p2	0.85	0.0	0.0
139	protein1	373.1	8.5	2.31233405
139	protein2	387.8	10.0	2.2885284500000003
139	protein3	327.35	9.25	2.2257487
139	r2	10.95	0.0	0.0
139	rnapol	1.2	0.0	0.0
140	__protein1_rbs	4.6	0.0	0.0
140	__protein2_rbs	5.15	0.0	0.0
140	__protein3_rbs	5.3	0.0	0.0
140	__ribosome	37.5	0.0	0.0
140	__rnase_site_ext	9.4	0.0	0.0
140	p0	0.9	0.0	0.0
140	p1	0.8	0.0	0.0
140	p2	0.8	0.0	0.0
140	protein1	377.0	8.5	2.345018
140	protein2	392.55	9.95	2.26893135
140	protein3	331.1	9.3	2.23644405
140	r2	10.75	0.0	0.0
140	rnapol	1.25	0.0	0.0
141	__protein1_rbs	4.35	0.0	0.0
141	__protein2_rbs	5.5	0.0	0.0
141	__protein3_rbs	5.35	0.0	0.0
141	__ribosome	37.95	0.0	0.0
141	__rnase_site_ext	9.4	0.0	0.0
141	p0	0.9	0.0	0.0
141	p1	0.9	0.0	0.0
141	p2	0.65	0.0	0.0
141	protein1	380.55	8.45	2.38641055
141	protein2	397.15	10.15	2.2144652
141	protein3	335.95	9.35	2.15255395
141	r2	10.7	0.0	0.0
141	rnapol	1.25	0.0	0.0
142	__protein1_rbs	4.75	0.0	0.0
142	__protein2_rbs	6.25	0.0	0.0
142	__protein3_rbs	4.8	0.0	0.0
142	__ribosome	38.0	0.0	0.0
142	__rnase_site_ext	9.7	0.0	0.0
142	p0	0.7	0.0	0.0
142	p1	0.95	0.0	0.0
142	p2	0.65	0.0	0.0
142	protein1	384.4	8.4	2.3484045999999994
142	protein2	401.1	10.25	2.18513415
142	protein3	339.85	9.35	2.20096595
142	r2	10.6	0.0	0.0
142	rnapol	1.15	0.0	0.0
143	__protein1_rbs	4.25	0.0	0.0
143	__protein2_rbs	5.85	0.0	0.0
143	__protein3_rbs	5.8	0.0	0.0
143	__ribosome	38.1	0.0	0.0
143	__rnase_site_ext	9.75	0.0	0.0
143	p0	0.9	0.0	0.0
143	p1	0.9	0.0	0.0
143	p2	0.85	0.0	0.0
143	protein1	388.5	8.55	2.3002336
143	protein2	405.4	10.35	2.16835605
143	protein3	343.75	9.55	2.1477341999999995
143	r2	10.6	0.0	0.0
143	rnapol	1.15	0.0	0.0
144	__protein1_rbs	5.25	0.0	0.0
144	__protein2_rbs	5.55	0.0	0.0
144	__protein3_rbs	5.05	0.0	0.0
144	__ribosome	37.35	0.0	0.0
144	__rnase_site_ext	9.85	0.0	0.0
144	p0	0.85	0.0	0.0
144	p1	0.85	0.0	0.0
144	p2	0.9	0.0	0.0
144	protein1	392.2	8.75	2.22106055
144	protein2	409.95	10.3	2.2082827999999997
144	protein3	347.65	9.7	2.1875036
144	r2	10.55	0.0	0.0
144	rnapol	1.15	0.0	0.0
145	__protein1_rbs	4.65	0.0	0.0
145	__protein2_rbs	5.7	0.0	0.0
145	__protein3_rbs	5.1	0.0	0.0
145	__ribosome	36.25	0.0	0.0
145	__rnase_site_ext	9.95	0.0	0.0
145	p0	0.75	0.0	0.0
145	p1	0.8	0.0	0.0
145	p2	0.95	0.0	0.0
145	protein1	395.95	8.9	2.24308615
145	protein2	414.4	10.25	2.219136
145	protein3	351.65	9.7	2.26160535
145	r2	10.5	0.0	0.0
145	rnapol	1.1	0.0	0.0
146	__protein1_rbs	5.55	0.0	0.0
146	__protein2_rbs	6.4	0.0	0.0
146	__protein3_rbs	5.0	0.0	0.0
146	__ribosome	36.8	0.0	0.0
146	__rnase_site_ext	10.1	0.0	0.0
146	p0	0.8	0.0	0.0
146	p1	0.8	0.0	0.0
146	p2	0.9	0.0	0.0
146	protein1	399.65	8.9	2.2171896500000003
146	protein2	419.1	10.25	2.1550323500000004
146	protein3	355.8	9.7	2.29798165
146	r2	10.5	0.0	0.0
146	rnapol	1.0	0.0	0.0
147	__protein1_rbs	4.75	0.0	0.0
147	__protein2_rbs	5.95	0.0	0.0
147	__protein3_rbs	5.6	0.0	0.0
147	__ribosome	36.5	0.0	0.0
147	__rnase_site_ext	10.1	0.0	0.0
147	p0	1.0	0.0	0.0
147	p1	0.8	0.0	0.0
147	p2	0.85	0.0	0.0
147	protein1	403.75	9.05	2.1923448
147	protein2	423.1	10.35	2.1693037
147	protein3	359.95	9.65	2.2683313499999995
147	r2	10.55	0.0	0.0
147	rnapol	1.15	0.0	0.0
148	__protein1_rbs	5.2	0.0	0.0
148	__protein2_rbs	5.95	0.0	0.0
148	__protein3_rbs	5.55	0.0	0.0
148	__ribosome	35.95	0.0	0.0
148	__rnase_site_ext	10.25	0.0	0.0
148	p0	0.8	0.0	0.0
148	p1	0.9	0.0	0.0
148	p2	0.75	0.0	0.0
148	protein1	407.4	9.15	2.2052525000000003
148	protein2	427.5	10.3	2.18908015
148	protein3	363.7	9.5	2.3223864
148	r2	10.65	0.0	0.0
148	rnapol	0.95	0.0	0.0
149	__protein1_rbs	5.65	0.0	0.0
149	__protein2_rbs	6.1	0.0	0.0
149	__protein3_rbs	5.3	0.0	0.0
149	__ribosome	37.55	0.0	0.0
149	__rnase_site_ext	10.2	0.0	0.0
149	p0	0.85	0.0	0.0
149	p1	0.75	0.0	0.0
149	p2	0.8	0.0	0.0
149	protein1	411.4	9.15	2.1818416000000003
149	protein2	432.05	10.45	2.1574065
149	protein3	368.7	9.35	2.2312247000000003
149	r2	10.5	0.0	0.0
149	rnapol	1.05	0.0	0.0
150	__protein1_rbs	5.3	0.0	0.0
150	__protein2_rbs	6.2	0.0	0.0
150	__protein3_rbs	5.2	0.0	0.0
150	__ribosome	38.2	0.0	0.0
150	__rnase_site_ext	10.35	0.0	0.0
150	p0	0.9	0.0	0.0
150	p1	0.65	0.0	0.0
150	p2	0.8	0.0	0.0
150	protein1	415.3	9.2	2.1413709
150	protein2	436.55	10.2	2.13483765
150	protein3	372.8	9.45	2.1991918999999998
150	r2	10.45	0.0	0.0
150	rnapol	1.0	0.0	0.0
151	__protein1_rbs	5.05	0.0	0.0
151	__protein2_rbs	6.25	0.0	0.0
151	__protein3_rbs	5.05	0.0	0.0
151	__ribosome	38.0	0.0	0.0
151	__rnase_site_ext	10.4	0.0	0.0
151	p0	0.95	0.0	0.0
151	p1	0.75	0.0	0.0
151	p2	0.95	0.0	0.0
151	protein1	419.4	9.4	2.09462305
151	protein2	440.75	10.3	2.1169372
151	protein3	377.1	9.5	2.20220415
151	r2	10.35	0.0	0.0
151	rnapol	1.0	0.0	0.0
152	__protein1_rbs	5.4	0.0	0.0
152	__protein2_rbs	6.1	0.0	0.0
152	__protein3_rbs	5.3	0.0	0.0
152	__ribosome	37.65	0.0	0.0
152	__rnase_site_ext	10.3	0.0	0.0
152	p0	0.9	0.0	0.0
152	p1	0.65	0.0	0.0
152	p2	0.95	0.0	0.0
152	protein1	423.15	9.35	2.14421895
152	protein2	445.2	10.55	2.0725505
152	protein3	381.5	9.55	2.205808
152	r2	10.4	0.0	0.0
152	rnapol	0.95	0.0	0.0
153	__protein1_rbs	5.45	0.0	0.0
153	__protein2_rbs	6.65	0.0	0.0
153	__protein3_rbs	5.15	0.0	0.0
153	__ribosome	37.3	0.0	0.0
153	__rnase_site_ext	10.3	0.0	0.0
153	p0	0.95	0.0	0.0
153	p1	0.65	0.0	0.0
153	p2	0.85	0.0	0.0
153	protein1	427.3	9.35	2.10949855
153	protein2	449.4	10.55	2.0439899499999994
153	protein3	384.9	9.45	2.3364538
153	r2	10.55	0.0	0.0
153	rnapol	0.95	0.0	0.0
154	__protein1_rbs	6.05	0.0	0.0
154	__protein2_rbs	6.15	0.0	0.0
154	__protein3_rbs	4.6	0.0	0.0
154	__ribosome	37.05	0.0	0.0
154	__rnase_site_ext	10.15	0.0	0.0
154	p0	0.95	0.0	0.0
154	p1	0.75	0.0	0.0
154	p2	0.8	0.0	0.0
154	protein1	431.05	9.25	2.10347755
154	protein2	453.7	10.6	2.07355245
154	protein3	388.95	9.3	2.4078715499999994
154	r2	10.7	0.0	0.0
154	rnapol	0.9	0.0	0.0
155	__protein1_rbs	5.35	0.0	0.0
155	__protein2_rbs	6.3	0.0	0.0
155	__protein3_rbs	5.4	0.0	0.0
155	__ribosome	37.2	0.0	0.0
155	__rnase_site_ext	10.2	0.0	0.0
155	p0	0.95	0.0	0.0
155	p1	0.75	0.0	0.0
155	p2	0.85	0.0	0.0
155	protein1	434.6	9.25	2.1698682999999996
155	protein2	457.75	10.55	2.09549145
155	protein3	393.25	9.3	2.3517821000000003
155	r2	10.7	0.0	0.0
155	rnapol	0.9	0.0	0.0
156	__protein1_rbs	5.55	0.0	0.0
156	__protein2_rbs	5.45	0.0	0.0
156	__protein3_rbs	4.95	0.0	0.0
156	__ribosome	37.15	0.0	0.0
156	__rnase_site_ext	10.15	0.0	0.0
156	p0	0.9	0.0	0.0
156	p1	0.7	0.0	0.0
156	p2	0.8	0.0	0.0
156	protein1	438.85	9.1	2.1323845
156	protein2	461.7	10.6	2.19815845
156	protein3	397.75	9.4	2.2709523999999996
156	r2	10.8	0.0	0.0
156	rnapol	0.95	0.0	0.0
157	__protein1_rbs	5.05	0.0	0.0
157	__protein2_rbs	6.15	0.0	0.0
157	__protein3_rbs	5.65	0.0	0.0
157	__ribosome	37.55	0.0	0.0
157	__rnase_site_ext	10.1	0.0	0.0
157	p0	0.95	0.0	0.0
157	p1	0.75	0.0	0.0
157	p2	0.85	0.0	0.0
157	protein1	443.15	9.1	2.12263885
157	protein2	466.5	10.6	2.1979112
157	protein3	401.9	9.4	2.2713925
157	r2	10.9	0.0	0.0
157	rnapol	0.95	0.0	0.0
158	__protein1_rbs	4.6	0.0	0.0
158	__protein2_rbs	6.05	0.0	0.0
158	__protein3_rbs	5.6	0.0	0.0
158	__ribosome	36.85	0.0	0.0
158	__rnase_site_ext	10.1	0.0	0.0
158	p0	0.95	0.0	0.0
158	p1	0.85	0.0	0.0
158	p2	0.7	0.0	0.0
158	protein1	446.9	9.0	2.20492595
158	protein2	470.6	10.7	2.19042925
158	protein3	405.75	9.35	2.23527355
158	r2	11.15	0.0	0.0
158	rnapol	1.1	0.0	0.0
159	__protein1_rbs	5.55	0.0	0.0
159	__protein2_rbs	5.95	0.0	0.0
159	__protein3_rbs	4.55	0.0	0.0
159	__ribosome	35.85	0.0	0.0
159	__rnase_site_ext	10.2	0.0	0.0
159	p0	0.9	0.0	0.0
159	p1	0.9	0.0	0.0
159	p2	0.75	0.0	0.0
159	protein1	449.85	9.05	2.23819435
159	protein2	475.3	10.8	2.17912345
159	protein3	410.05	9.4	2.26776455
159	r2	11.35	0.0	0.0
159	rnapol	1.0	0.0	0.0
160	__protein1_rbs	5.15	0.0	0.0
160	__protein2_rbs	5.85	0.0	0.0
160	__protein3_rbs	5.35	0.0	0.0
160	__ribosome	36.05	0.0	0.0
160	__rnase_site_ext	10.3	0.0	0.0
160	p0	0.9	0.0	0.0
160	p1	0.8	0.0	0.0
160	p2	0.85	0.0	0.0
160	protein1	454.25	9.05	2.17200215
160	protein2	479.25	10.8	2.2482046
160	protein3	414.2	9.45	2.22205145
160	r2	11.2	0.0	0.0
160	rnapol	0.95	0.0	0.0
161	__protein1_rbs	5.0	0.0	0.0
161	__protein2_rbs	6.25	0.0	0.0
161	__protein3_rbs	5.25	0.0	0.0
161	__ribosome	36.0	0.0	0.0
161	__rnase_site_ext	10.25	0.0	0.0
161	p0	0.9	0.0	0.0
161	p1	0.85	0.0	0.0
161	p2	0.7	0.0	0.0
161	protein1	457.85	9.15	2.2109704
161	protein2	483.85	10.8	2.2451112499999994
161	protein3	418.95	9.7	2.12657635
161	r2	11.35	0.0	0.0
161	rnapol	0.95	0.0	0.0
162	__protein1_rbs	5.35	0.0	0.0
162	__protein2_rbs	7.1	0.0	0.0
162	__protein3_rbs	5.85	0.0	0.0
162	__ribosome	36.15	0.0	0.0
162	__rnase_site_ext	10.3	0.0	0.0
162	p0	0.95	0.0	0.0
162	p1	0.95	0.0	0.0
162	p2	0.75	0.0	0.0
162	protein1	461.7	9.1	2.1669876999999995
162	protein2	488.45	10.85	2.1893298999999997
162	protein3	422.0	9.7	2.2150418000000003
162	r2	11.4	0.0	0.0
162	rnapol	1.05	0.0	0.0
163	__protein1_rbs	4.8	0.0	0.0
163	__protein2_rbs	5.95	0.0	0.0
163	__protein3_rbs	5.5	0.0	0.0
163	__ribosome	35.45	0.0	0.0
163	__rnase_site_ext	10.35	0.0	0.0
163	p0	0.9	0.0	0.0
163	p1	0.85	0.0	0.0
163	p2	0.65	0.0	0.0
163	protein1	465.7	9.15	2.19649345
163	protein2	493.6	10.95	2.19283895
163	protein3	426.35	9.85	2.21375415
163	r2	11.4	0.0	0.0
163	rnapol	0.95	0.0	0.0
164	__protein1_rbs	5.85	0.0	0.0
164	__protein2_rbs	6.5	0.0	0.0
164	__protein3_rbs	5.65	0.0	0.0
164	__ribosome	36.15	0.0	0.0
164	__rnase_site_ext	10.4	0.0	0.0
164	p0	0.9	0.0	0.0
164	p1	0.85	0.0	0.0
164	p2	0.75	0.0	0.0
164	protein1	469.5	9.25	2.12190655
164	protein2	498.15	10.95	2.1543114
164	protein3	430.55	10.0	2.19822725
164	r2	11.45	0.0	0.0
164	rnapol	1.0	0.0	0.0
165	__protein1_rbs	5.55	0.0	0.0
165	__protein2_rbs	6.5	0.0	0.0
165	__protein3_rbs	5.85	0.0	0.0
165	__ribosome	37.0	0.0	0.0
165	__rnase_site_ext	10.5	0.0	0.0
165	p0	0.95	0.0	0.0
165	p1	0.9	0.0	0.0
165	p2	0.75	0.0	0.0
165	protein1	473.45	9.25	2.1143487500000004
165	protein2	502.8	10.8	2.1762592
165	protein3	435.0	10.15	2.1202516000000005
165	r2	11.4	0.0	0.0
165	rnapol	1.05	0.0	0.0
166	__protein1_rbs	5.6	0.0	0.0
166	__protein2_rbs	5.8	0.0	0.0
166	__protein3_rbs	5.7	0.0	0.0
166	__ribosome	36.5	0.0	0.0
166	__rnase_site_ext	10.5	0.0	0.0
166	p0	0.95	0.0	0.0
166	p1	0.8	0.0	0.0
166	p2	0.75	0.0	0.0
166	protein1	477.05	9.4	2.1072798
166	protein2	508.0	10.85	2.1481242999999997
166	protein3	439.4	10.3	2.14267145
166	r2	11.35	0.0	0.0
166	rnapol	1.15	0.0	0.0
167	__protein1_rbs	4.85	0.0	0.0
167	__protein2_rbs	6.65	0.0	0.0
167	__protein3_rbs	6.0	0.0	0.0
167	__ribosome	36.05	0.0	0.0
167	__rnase_site_ext	10.45	0.0	0.0
167	p0	0.9	0.0	0.0
167	p1	0.8	0.0	0.0
167	p2	0.8	0.0	0.0
167	protein1	480.7	9.4	2.16733795
167	protein2	512.05	10.9	2.11058735
167	protein3	443.45	10.4	2.1215326
167	r2	11.25	0.0	0.0
167	rnapol	1.2	0.0	0.0
168	__protein1_rbs	5.6	0.0	0.0
168	__protein2_rbs	6.05	0.0	0.0
168	__protein3_rbs	6.05	0.0	0.0
168	__ribosome	35.75	0.0	0.0
168	__rnase_site_ext	10.6	0.0	0.0
168	p0	0.95	0.0	0.0
168	p1	0.85	0.0	0.0
168	p2	0.95	0.0	0.0
168	protein1	485.25	9.35	2.1224155000000007
168	protein2	516.5	10.75	2.13837895
168	protein3	447.35	10.45	2.19548755
168	r2	11.25	0.0	0.0
168	rnapol	1.2	0.0	0.0
169	__protein1_rbs	5.7	0.0	0.0
169	__protein2_rbs	6.5	0.0	0.0
169	__protein3_rbs	6.15	0.0	0.0
169	__ribosome	35.3	0.0	0.0
169	__rnase_site_ext	10.75	0.0	0.0
169	p0	0.8	0.0	0.0
169	p1	0.9	0.0	0.0
169	p2	0.9	0.0	0.0
169	protein1	488.4	9.5	2.1633371
169	protein2	520.5	10.75	2.1088428500000003
169	protein3	451.55	10.5	2.15566835
169	r2	11.15	0.0	0.0
169	rnapol	1.15	0.0	0.0
170	__protein1_rbs	4.7	0.0	0.0
170	__protein2_rbs	5.75	0.0	0.0
170	__protein3_rbs	6.2	0.0	0.0
170	__ribosome	35.5	0.0	0.0
170	__rnase_site_ext	10.9	0.0	0.0
170	p0	0.75	0.0	0.0
170	p1	0.75	0.0	0.0
170	p2	0.9	0.0	0.0
170	protein1	492.5	9.6	2.2257376000000004
170	protein2	526.05	10.85	2.0394416500000005
170	protein3	456.0	10.4	2.13295645
170	r2	11.15	0.0	0.0
170	rnapol	1.2	0.0	0.0
171	__protein1_rbs	5.4	0.0	0.0
171	__protein2_rbs	6.5	0.0	0.0
171	__protein3_rbs	5.75	0.0	0.0
171	__ribosome	35.05	0.0	0.0
171	__rnase_site_ext	10.8	0.0	0.0
171	p0	0.95	0.0	0.0
171	p1	0.8	0.0	0.0
171	p2	0.95	0.0	0.0
171	protein1	496.7	9.65	2.16906905
171	protein2	529.7	10.85	2.0750512
171	protein3	460.1	10.3	2.22569155
171	r2	11.1	0.0	0.0
171	rnapol	1.3	0.0	0.0
172	__protein1_rbs	6.05	0.0	0.0
172	__protein2_rbs	6.6	0.0	0.0
172	__protein3_rbs	6.2	0.0	0.0
172	__ribosome	36.55	0.0	0.0
172	__rnase_site_ext	10.6	0.0	0.0
172	p0	0.95	0.0	0.0
172	p1	0.75	0.0	0.0
172	p2	0.95	0.0	0.0
172	protein1	500.7	9.75	2.13034755
172	protein2	534.3	10.8	2.0240558999999996
172	protein3	464.6	10.2	2.1839996
172	r2	11.1	0.0	0.0
172	rnapol	1.35	0.0	0.0
173	__protein1_rbs	5.35	0.0	0.0
173	__protein2_rbs	6.05	0.0	0.0
173	__protein3_rbs	6.05	0.0	0.0
173	__ribosome	35.9	0.0	0.0
173	__rnase_site_ext	10.75	0.0	0.0
173	p0	0.9	0.0	0.0
173	p1	0.9	0.0	0.0
173	p2	0.95	0.0	0.0
173	protein1	504.4	9.7	2.2484151500000005
173	protein2	538.8	10.65	2.09160535
173	protein3	469.3	10.25	2.14859365
173	r2	11.15	0.0	0.0
173	rnapol	1.35	0.0	0.0
174	__protein1_rbs	5.75	0.0	0.0
174	__protein2_rbs	5.85	0.0	0.0
174	__protein3_rbs	6.25	0.0	0.0
174	__ribosome	34.65	0.0	0.0
174	__rnase_site_ext	10.8	0.0	0.0
174	p0	0.85	0.0	0.0
174	p1	0.8	0.0	0.0
174	p2	0.8	0.0	0.0
174	protein1	508.0	9.7	2.2791034000000003
174	protein2	542.7	10.65	2.16478295
174	protein3	473.2	10.2	2.16680845
174	r2	11.35	0.0	0.0
174	rnapol	1.45	0.0	0.0
175	__protein1_rbs	5.85	0.0	0.0
175	__protein2_rbs	6.2	0.0	0.0
175	__protein3_rbs	5.55	0.0	0.0
175	__ribosome	35.35	0.0	0.0
175	__rnase_site_ext	10.65	0.0	0.0
175	p0	0.9	0.0	0.0
175	p1	0.7	0.0	0.0
175	p2	0.9	0.0	0.0
175	protein1	512.55	9.8	2.1677122000000004
175	protein2	547.25	10.65	2.1505487000000003
175	protein3	477.5	10.1	2.2487539
175	r2	11.35	0.0	0.0
175	rnapol	1.4	0.0	0.0
176	__protein1_rbs	5.2	0.0	0.0
176	__protein2_rbs	6.35	0.0	0.0
176	__protein3_rbs	5.7	0.0	0.0
176	__ribosome	35.3	0.0	0.0
176	__rnase_site_ext	10.65	0.0	0.0
176	p0	0.75	0.0	0.0
176	p1	0.75	0.0	0.0
176	p2	0.8	0.0	0.0
176	protein1	517.0	9.65	2.1993536000000007
176	protein2	551.6	10.7	2.1543026000000003
176	protein3	482.25	10.2	2.15039725
176	r2	11.15	0.0	0.0
176	rnapol	1.2	0.0	0.0
177	__protein1_rbs	6.05	0.0	0.0
177	__protein2_rbs	6.45	0.0	0.0
177	__protein3_rbs	5.75	0.0	0.0
177	__ribosome	35.0	0.0	0.0
177	__rnase_site_ext	10.5	0.0	0.0
177	p0	0.9	0.0	0.0
177	p1	0.7	0.0	0.0
177	p2	0.85	0.0	0.0
177	protein1	520.75	9.75	2.1679939500000005
177	protein2	555.95	10.8	2.14367565
177	protein3	486.1	10.2	2.1972348
177	r2	11.4	0.0	0.0
177	rnapol	1.2	0.0	0.0
178	__protein1_rbs	5.5	0.0	0.0
178	__protein2_rbs	6.9	0.0	0.0
178	__protein3_rbs	5.1	0.0	0.0
178	__ribosome	35.1	0.0	0.0
178	__rnase_site_ext	10.35	0.0	0.0
178	p0	0.95	0.0	0.0
178	p1	0.8	0.0	0.0
178	p2	0.95	0.0	0.0
178	protein1	525.15	9.45	2.21757305
178	protein2	560.6	10.9	2.0675623
178	protein3	490.6	10.15	2.23052115
178	r2	11.35	0.0	0.0
178	rnapol	1.35	0.0	0.0
179	__protein1_rbs	5.1	0.0	0.0
179	__protein2_rbs	6.4	0.0	0.0
179	__protein3_rbs	5.95	0.0	0.0
179	__ribosome	35.4	0.0	0.0
179	__rnase_site_ext	10.45	0.0	0.0
179	p0	0.9	0.0	0.0
179	p1	0.85	0.0	0.0
179	p2	0.9	0.0	0.0
179	protein1	529.4	9.35	2.23264625
179	protein2	565.05	11.05	2.07789085
179	protein3	494.85	10.15	2.2355126499999995
179	r2	11.35	0.0	0.0
179	rnapol	1.25	0.0	0.0
180	__protein1_rbs	6.05	0.0	0.0
180	__protein2_rbs	6.15	0.0	0.0
180	__protein3_rbs	5.4	0.0	0.0
180	__ribosome	34.7	0.0	0.0
180	__rnase_site_ext	10.45	0.0	0.0
180	p0	0.9	0.0	0.0
180	p1	0.8	0.0	0.0
180	p2	0.95	0.0	0.0
180	protein1	532.8	9.5	2.1939491
180	protein2	569.25	11.1	2.14625685
180	protein3	499.2	10.15	2.23094305
180	r2	11.3	0.0	0.0
180	rnapol	1.2	0.0	0.0
181	__protein1_rbs	5.45	0.0	0.0
181	__protein2_rbs	6.55	0.0	0.0
181	__protein3_rbs	5.6	0.0	0.0
181	__ribosome	35.25	0.0	0.0
181	__rnase_site_ext	10.5	0.0	0.0
181	p0	0.95	0.0	0.0
181	p1	0.85	0.0	0.0
181	p2	0.9	0.0	0.0
181	protein1	537.25	9.5	2.1769391
181	protein2	574.15	11.0	2.0917216000000005
181	protein3	503.2	10.25	2.2700526
181	r2	11.3	0.0	0.0
181	rnapol	1.2	0.0	0.0
182	__protein1_rbs	5.55	0.0	0.0
182	__protein2_rbs	6.95	0.0	0.0
182	__protein3_rbs	5.8	0.0	0.0
182	__ribosome	35.25	0.0	0.0
182	__rnase_site_ext	10.55	0.0	0.0
182	p0	0.95	0.0	0.0
182	p1	0.8	0.0	0.0
182	p2	0.8	0.0	0.0
182	protein1	541.25	9.6	2.1557824999999995
182	protein2	578.45	11.05	2.0714898999999996
182	protein3	507.7	10.2	2.2648325500000004
182	r2	11.3	0.0	0.0
182	rnapol	1.2	0.0	0.0
183	__protein1_rbs	5.75	0.0	0.0
183	__protein2_rbs	6.15	0.0	0.0
183	__protein3_rbs	5.15	0.0	0.0
183	__ribosome	35.15	0.0	0.0
183	__rnase_site_ext	10.5	0.0	0.0
183	p0	0.9	0.0	0.0
183	p1	0.7	0.0	0.0
183	p2	0.85	0.0	0.0
183	protein1	545.35	9.6	2.1407323499999995
183	protein2	583.05	11.2	2.0737953
183	protein3	512.45	10.2	2.242274
183	r2	11.35	0.0	0.0
183	rnapol	1.25	0.0	0.0
184	__protein1_rbs	5.65	0.0	0.0
184	__protein2_rbs	6.8	0.0	0.0
184	__protein3_rbs	6.4	0.0	0.0
184	__ribosome	36.0	0.0	0.0
184	__rnase_site_ext	10.65	0.0	0.0
184	p0	0.95	0.0	0.0
184	p1	0.75	0.0	0.0
184	p2	0.75	0.0	0.0
184	protein1	549.45	9.6	2.1080051
184	protein2	587.4	11.25	2.0554383
184	protein3	516.95	10.15	2.2062624
184	r2	11.4	0.0	0.0
184	rnapol	1.25	0.0	0.0
185	__protein1_rbs	5.45	0.0	0.0
185	__protein2_rbs	6.55	0.0	0.0
185	__protein3_rbs	5.4	0.0	0.0
185	__ribosome	34.95	0.0	0.0
185	__rnase_site_ext	10.75	0.0	0.0
185	p0	0.85	0.0	0.0
185	p1	0.8	0.0	0.0
185	p2	0.8	0.0	0.0
185	protein1	553.2	9.7	2.1595645
185	protein2	592.2	11.25	2.0682229
185	protein3	521.25	10.2	2.24181485
185	r2	11.4	0.0	0.0
185	rnapol	1.2	0.0	0.0
186	__protein1_rbs	5.95	0.0	0.0
186	__protein2_rbs	6.55	0.0	0.0
186	__protein3_rbs	6.0	0.0	0.0
186	__ribosome	35.6	0.0	0.0
186	__rnase_site_ext	10.75	0.0	0.0
186	p0	0.95	0.0	0.0
186	p1	0.75	0.0	0.0
186	p2	0.7	0.0	0.0
186	protein1	557.5	9.75	2.07375635
186	protein2	596.6	11.3	2.0936002999999994
186	protein3	525.85	10.4	2.12435505
186	r2	11.4	0.0	0.0
186	rnapol	1.15	0.0	0.0
187	__protein1_rbs	6.05	0.0	0.0
187	__protein2_rbs	6.9	0.0	0.0
187	__protein3_rbs	5.9	0.0	0.0
187	__ribosome	34.85	0.0	0.0
187	__rnase_site_ext	10.9	0.0	0.0
187	p0	0.8	0.0	0.0
187	p1	0.9	0.0	0.0
187	p2	0.7	0.0	0.0
187	protein1	561.15	9.85	2.08003165
187	protein2	600.6	11.35	2.13326865
187	protein3	530.3	10.4	2.1258557999999996
187	r2	11.45	0.0	0.0
187	rnapol	1.0	0.0	0.0
188	__protein1_rbs	5.95	0.0	0.0
188	__protein2_rbs	6.45	0.0	0.0
188	__protein3_rbs	5.85	0.0	0.0
188	__ribosome	34.7	0.0	0.0
188	__rnase_site_ext	11.0	0.0	0.0
188	p0	0.8	0.0	0.0
188	p1	0.85	0.0	0.0
188	p2	0.85	0.0	0.0
188	protein1	564.85	9.9	2.08327075
188	protein2	605.4	11.4	2.125429
188	protein3	534.8	10.4	2.1732584
188	r2	11.5	0.0	0.0
188	rnapol	0.85	0.0	0.0
189	__protein1_rbs	5.95	0.0	0.0
189	__protein2_rbs	7.75	0.0	0.0
189	__protein3_rbs	6.4	0.0	0.0
189	__ribosome	35.75	0.0	0.0
189	__rnase_site_ext	10.95	0.0	0.0
189	p0	0.95	0.0	0.0
189	p1	0.85	0.0	0.0
189	p2	0.8	0.0	0.0
189	protein1	569.05	10.05	2.0093182
189	protein2	609.95	11.45	2.02229385
189	protein3	538.75	10.65	2.134215
189	r2	11.4	0.0	0.0
189	rnapol	0.85	0.0	0.0
190	__protein1_rbs	5.6	0.0	0.0
190	__protein2_rbs	6.6	0.0	0.0
190	__protein3_rbs	5.9	0.0	0.0
190	__ribosome	34.05	0.0	0.0
190	__rnase_site_ext	10.95	0.0	0.0
190	p0	0.9	0.0	0.0
190	p1	0.9	0.0	0.0
190	p2	0.8	0.0	0.0
190	protein1	572.65	10.1	2.14388595
190	protein2	614.5	11.4	2.0935697
190	protein3	543.2	10.55	2.20378195
190	r2	11.6	0.0	0.0
190	rnapol	0.85	0.0	0.0
191	__protein1_rbs	5.95	0.0	0.0
191	__protein2_rbs	6.85	0.0	0.0
191	__protein3_rbs	6.35	0.0	0.0
191	__ribosome	34.9	0.0	0.0
191	__rnase_site_ext	10.95	0.0	0.0
191	p0	0.95	0.0	0.0
191	p1	0.8	0.0	0.0
191	p2	0.85	0.0	0.0
191	protein1	576.95	9.95	2.1411937
191	protein2	619.4	11.35	2.0418916
191	protein3	547.5	10.5	2.1878758
191	r2	11.65	0.0	0.0
191	rnapol	0.9	0.0	0.0
192	__protein1_rbs	5.3	0.0	0.0
192	__protein2_rbs	6.95	0.0	0.0
192	__protein3_rbs	6.25	0.0	0.0
192	__ribosome	34.3	0.0	0.0
192	__rnase_site_ext	10.9	0.0	0.0
192	p0	0.9	0.0	0.0
192	p1	0.75	0.0	0.0
192	p2	0.7	0.0	0.0
192	protein1	581.0	9.9	2.2103835500000004
192	protein2	623.2	11.35	2.0848476
192	protein3	552.3	10.5	2.11797205
192	r2	11.8	0.0	0.0
192	rnapol	1.05	0.0	0.0
193	__protein1_rbs	5.55	0.0	0.0
193	__protein2_rbs	6.35	0.0	0.0
193	__protein3_rbs	6.4	0.0	0.0
193	__ribosome	34.25	0.0	0.0
193	__rnase_site_ext	10.9	0.0	0.0
193	p0	0.9	0.0	0.0
193	p1	0.75	0.0	0.0
193	p2	0.8	0.0	0.0
193	protein1	585.15	9.95	2.2222572000000005
193	protein2	628.1	11.25	2.077552
193	protein3	556.15	10.4	2.1642231000000005
193	r2	11.75	0.0	0.0
193	rnapol	1.1	0.0	0.0
194	__protein1_rbs	6.5	0.0	0.0
194	__protein2_rbs	6.0	0.0	0.0
194	__protein3_rbs	6.45	0.0	0.0
194	__ribosome	34.85	0.0	0.0
194	__rnase_site_ext	10.85	0.0	0.0
194	p0	0.95	0.0	0.0
194	p1	0.75	0.0	0.0
194	p2	0.8	0.0	0.0
194	protein1	589.1	10.0	2.1471202500000004
194	protein2	632.5	11.15	2.1217036000000005
194	protein3	560.75	10.6	2.07941205
194	r2	11.75	0.0	0.0
194	rnapol	1.25	0.0	0.0
195	__protein1_rbs	5.65	0.0	0.0
195	__protein2_rbs	7.0	0.0	0.0
195	__protein3_rbs	6.15	0.0	0.0
195	__ribosome	36.1	0.0	0.0
195	__rnase_site_ext	10.85	0.0	0.0
195	p0	0.95	0.0	0.0
195	p1	0.8	0.0	0.0
195	p2	0.75	0.0	0.0
195	protein1	593.75	9.95	2.08448845
195	protein2	636.75	11.1	2.1399205500000003
195	protein3	565.5	10.6	1.9866523000000005
195	r2	11.85	0.0	0.0
195	rnapol	1.45	0.0	0.0
196	__protein1_rbs	5.9	0.0	0.0
196	__protein2_rbs	6.6	0.0	0.0
196	__protein3_rbs	6.0	0.0	0.0
196	__ribosome	35.3	0.0	0.0
196	__rnase_site_ext	10.75	0.0	0.0
196	p0	0.9	0.0	0.0
196	p1	0.85	0.0	0.0
196	p2	0.9	0.0	0.0
196	protein1	597.85	10.0	2.1041929
196	protein2	641.2	11.05	2.1227445
196	protein3	569.65	10.55	2.0492063999999997
196	r2	11.9	0.0	0.0
196	rnapol	1.35	0.0	0.0
197	__protein1_rbs	5.95	0.0	0.0
197	__protein2_rbs	6.4	0.0	0.0
197	__protein3_rbs	6.25	0.0	0.0
197	__ribosome	35.95	0.0	0.0
197	__rnase_site_ext	10.85	0.0	0.0
197	p0	1.0	0.0	0.0
197	p1	0.95	0.0	0.0
197	p2	0.85	0.0	0.0
197	protein1	602.15	9.9	2.101453
197	protein2	645.8	11.15	2.09936575
197	protein3	573.95	10.7	2.0457879
197	r2	11.85	0.0	0.0
197	rnapol	1.4	0.0	0.0
198	__protein1_rbs	6.15	0.0	0.0
198	__protein2_rbs	6.55	0.0	0.0
198	__protein3_rbs	6.25	0.0	0.0
198	__ribosome	36.0	0.0	0.0
198	__rnase_site_ext	10.7	0.0	0.0
198	p0	0.9	0.0	0.0
198	p1	0.85	0.0	0.0
198	p2	0.8	0.0	0.0
198	protein1	606.3	9.95	2.0701067500000003
198	protein2	650.65	11.25	2.04227915
198	protein3	578.2	10.75	2.05988055
198	r2	11.85	0.0	0.0
198	rnapol	1.5	0.0	0.0
199	__protein1_rbs	5.2	0.0	0.0
199	__protein2_rbs	6.3	0.0	0.0
199	__protein3_rbs	6.75	0.0	0.0
199	__ribosome	35.2	0.0	0.0
199	__rnase_site_ext	10.85	0.0	0.0
199	p0	0.7	0.0	0.0
199	p1	0.85	0.0	0.0
199	p2	0.9	0.0	0.0
199	protein1	610.05	9.8	2.1998242
199	protein2	655.2	11.1	2.08067195
199	protein3	582.0	10.7	2.0996391999999995
199	r2	11.8	0.0	0.0
199	rnapol	1.3	0.0	0.0
200	__protein1_rbs	5.35	0.0	0.0
200	__protein2_rbs	6.45	0.0	0.0
200	__protein3_rbs	6.65	0.0	0.0
200	__ribosome	34.95	0.0	0.0
200	__rnase_site_ext	11.2	0.0	0.0
200	p0	0.9	0.0	0.0
200	p1	0.8	0.0	0.0
200	p2	0.9	0.0	0.0
200	protein1	614.45	9.85	2.1344357000000005
200	protein2	659.35	11.25	2.12747065
200	protein3	586.55	10.75	2.049097
200	r2	11.9	0.0	0.0
200	rnapol	1.15	0.0	0.0
201	__protein1_rbs	6.05	0.0	0.0
201	__protein2_rbs	6.65	0.0	0.0
201	__protein3_rbs	6.05	0.0	0.0
201	__ribosome	33.75	0.0	0.0
201	__rnase_site_ext	11.1	0.0	0.0
201	p0	0.9	0.0	0.0
201	p1	0.85	0.0	0.0
201	p2	0.85	0.0	0.0
201	protein1	618.35	10.3	2.0509114500000005
201	protein2	664.2	11.25	2.1310548499999995
201	protein3	590.4	10.85	2.0945662
201	r2	11.95	0.0	0.0
201	rnapol	1.15	0.0	0.0
202	__protein1_rbs	6.25	0.0	0.0
202	__protein2_rbs	6.9	0.0	0.0
202	__protein3_rbs	6.55	0.0	0.0
202	__ribosome	34.4	0.0	0.0
202	__rnase_site_ext	11.2	0.0	0.0
202	p0	0.95	0.0	0.0
202	p1	0.8	0.0	0.0
202	p2	0.8	0.0	0.0
202	protein1	622.45	10.15	2.0740977
202	protein2	668.45	11.35	2.1049412
202	protein3	595.05	10.8	2.05940755
202	r2	12.0	0.0	0.0
202	rnapol	1.2	0.0	0.0
203	__protein1_rbs	6.2	0.0	0.0
203	__protein2_rbs	7.4	0.0	0.0
203	__protein3_rbs	6.75	0.0	0.0
203	__ribosome	34.3	0.0	0.0
203	__rnase_site_ext	11.3	0.0	0.0
203	p0	0.85	0.0	0.0
203	p1	0.8	0.0	0.0
203	p2	0.75	0.0	0.0
203	protein1	626.25	10.2	2.1040855000000005
203	protein2	673.3	11.3	2.0688901000000004
203	protein3	599.0	10.85	2.06760275
203	r2	11.9	0.0	0.0
203	rnapol	1.2	0.0	0.0
204	__protein1_rbs	6.2	0.0	0.0
204	__protein2_rbs	6.55	0.0	0.0
204	__protein3_rbs	6.4	0.0	0.0
204	__ribosome	34.45	0.0	0.0
204	__rnase_site_ext	11.3	0.0	0.0
204	p0	0.9	0.0	0.0
204	p1	0.85	0.0	0.0
204	p2	0.65	0.0	0.0
204	protein1	630.55	10.3	2.07648015
204	protein2	678.2	11.35	2.0431713
204	protein3	603.45	10.95	2.04858565
204	r2	11.85	0.0	0.0
204	rnapol	1.15	0.0	0.0
205	__protein1_rbs	5.8	0.0	0.0
205	__protein2_rbs	7.15	0.0	0.0
205	__protein3_rbs	6.3	0.0	0.0
205	__ribosome	34.35	0.0	0.0
205	__rnase_site_ext	11.4	0.0	0.0
205	p0	0.95	0.0	0.0
205	p1	0.85	0.0	0.0
205	p2	0.85	0.0	0.0
205	protein1	634.8	10.3	2.1410359
205	protein2	683.1	11.45	1.96509105
205	protein3	607.75	11.0	2.08674335
205	r2	11.8	0.0	0.0
205	rnapol	1.15	0.0	0.0
206	__protein1_rbs	5.55	0.0	0.0
206	__protein2_rbs	7.1	0.0	0.0
206	__protein3_rbs	6.45	0.0	0.0
206	__ribosome	34.1	0.0	0.0
206	__rnase_site_ext	11.35	0.0	0.0
206	p0	0.85	0.0	0.0
206	p1	0.75	0.0	0.0
206	p2	0.9	0.0	0.0
206	protein1	638.9	10.4	2.1589316500000004
206	protein2	687.45	11.45	1.9282404999999998
206	protein3	612.15	11.1	2.10582435
206	r2	11.6	0.0	0.0
206	rnapol	1.1	0.0	0.0
207	__protein1_rbs	6.2	0.0	0.0
207	__protein2_rbs	6.65	0.0	0.0
207	__protein3_rbs	6.45	0.0	0.0
207	__ribosome	33.8	0.0	0.0
207	__rnase_site_ext	11.35	0.0	0.0
207	p0	0.95	0.0	0.0
207	p1	0.5	0.0	0.0
207	p2	0.85	0.0	0.0
207	protein1	643.25	10.45	2.10843385
207	protein2	691.8	11.35	1.976535
207	protein3	616.4	11.0	2.1598804
207	r2	11.6	0.0	0.0
207	rnapol	1.15	0.0	0.0
208	__protein1_rbs	5.7	0.0	0.0
208	__protein2_rbs	6.55	0.0	0.0
208	__protein3_rbs	6.85	0.0	0.0
208	__ribosome	33.35	0.0	0.0
208	__rnase_site_ext	11.15	0.0	0.0
208	p0	0.9	0.0	0.0
208	p1	0.85	0.0	0.0
208	p2	0.85	0.0	0.0
208	protein1	647.3	10.4	2.15923715
208	protein2	695.95	11.4	2.0526595500000004
208	protein3	621.1	11.05	2.0786776999999996
208	r2	11.55	0.0	0.0
208	rnapol	1.15	0.0	0.0
209	__protein1_rbs	6.45	0.0	0.0
209	__protein2_rbs	7.5	0.0	0.0
209	__protein3_rbs	6.4	0.0	0.0
209	__ribosome	33.4	0.0	0.0
209	__rnase_site_ext	11.15	0.0	0.0
209	p0	0.95	0.0	0.0
209	p1	0.7	0.0	0.0
209	p2	0.9	0.0	0.0
209	protein1	651.6	10.35	2.15355625
209	protein2	700.8	11.8	1.9180647
209	protein3	625.1	11.05	2.11073185
209	r2	11.55	0.0	0.0
209	rnapol	1.2	0.0	0.0
210	__protein1_rbs	6.25	0.0	0.0
210	__protein2_rbs	7.4	0.0	0.0
210	__protein3_rbs	6.45	0.0	0.0
210	__ribosome	34.45	0.0	0.0
210	__rnase_site_ext	11.15	0.0	0.0
210	p0	0.85	0.0	0.0
210	p1	0.85	0.0	0.0
210	p2	0.9	0.0	0.0
210	protein1	656.55	10.2	2.05923475
210	protein2	704.45	11.75	2.0025305
210	protein3	630.1	10.95	2.08351535
210	r2	11.65	0.0	0.0
210	rnapol	1.1	0.0	0.0
211	__protein1_rbs	6.8	0.0	0.0
211	__protein2_rbs	6.95	0.0	0.0
211	__protein3_rbs	7.2	0.0	0.0
211	__ribosome	33.55	0.0	0.0
211	__rnase_site_ext	11.25	0.0	0.0
211	p0	0.9	0.0	0.0
211	p1	0.75	0.0	0.0
211	p2	0.9	0.0	0.0
211	protein1	660.25	10.15	2.089195599999999
211	protein2	708.7	11.85	2.06881485
211	protein3	634.3	10.95	2.05723215
211	r2	11.65	0.0	0.0
211	rnapol	1.05	0.0	0.0
212	__protein1_rbs	6.5	0.0	0.0
212	__protein2_rbs	7.3	0.0	0.0
212	__protein3_rbs	6.75	0.0	0.0
212	__ribosome	33.9	0.0	0.0
212	__rnase_site_ext	11.3	0.0	0.0
212	p0	0.9	0.0	0.0
212	p1	0.8	0.0	0.0
212	p2	0.8	0.0	0.0
212	protein1	664.4	10.25	2.05550575
212	protein2	713.45	11.9	2.03411935
212	protein3	638.6	10.9	2.0847670000000003
212	r2	11.7	0.0	0.0
212	rnapol	1.15	0.0	0.0
213	__protein1_rbs	6.05	0.0	0.0
213	__protein2_rbs	7.6	0.0	0.0
213	__protein3_rbs	6.7	0.0	0.0
213	__ribosome	35.55	0.0	0.0
213	__rnase_site_ext	11.3	0.0	0.0
213	p0	0.95	0.0	0.0
213	p1	0.75	0.0	0.0
213	p2	0.75	0.0	0.0
213	protein1	669.25	10.3	1.96188565
213	protein2	718.6	12.05	1.9773927000000004
213	protein3	643.2	10.85	2.02163655
213	r2	11.75	0.0	0.0
213	rnapol	1.15	0.0	0.0
214	__protein1_rbs	6.1	0.0	0.0
214	__protein2_rbs	7.0	0.0	0.0
214	__protein3_rbs	6.2	0.0	0.0
214	__ribosome	34.55	0.0	0.0
214	__rnase_site_ext	11.0	0.0	0.0
214	p0	1.0	0.0	0.0
214	p1	0.85	0.0	0.0
214	p2	0.85	0.0	0.0
214	protein1	673.25	10.45	1.96784335
214	protein2	722.9	11.9	2.0715346500000003
214	protein3	647.8	10.75	2.06411505
214	r2	12.0	0.0	0.0
214	rnapol	1.2	0.0	0.0
215	__protein1_rbs	5.2	0.0	0.0
215	__protein2_rbs	7.85	0.0	0.0
215	__protein3_rbs	6.25	0.0	0.0
215	__ribosome	34.85	0.0	0.0
215	__rnase_site_ext	10.95	0.0	0.0
215	p0	0.85	0.0	0.0
215	p1	0.95	0.0	0.0
215	p2	0.8	0.0	0.0
215	protein1	677.55	10.25	2.0797722
215	protein2	727.7	11.9	1.99587885
215	protein3	652.7	10.85	1.9937393
215	r2	12.3	0.0	0.0
215	rnapol	1.1	0.0	0.0
216	__protein1_rbs	6.55	0.0	0.0
216	__protein2_rbs	7.1	0.0	0.0
216	__protein3_rbs	6.5	0.0	0.0
216	__ribosome	34.15	0.0	0.0
216	__rnase_site_ext	11.2	0.0	0.0
216	p0	0.85	0.0	0.0
216	p1	0.9	0.0	0.0
216	p2	0.55	0.0	0.0
216	protein1	681.25	10.15	2.0871951500000003
216	protein2	732.45	11.9	2.0198566000000002
216	protein3	656.7	10.85	2.03048345
216	r2	12.3	0.0	0.0
216	rnapol	0.95	0.0	0.0
217	__protein1_rbs	5.85	0.0	0.0
217	__protein2_rbs	7.35	0.0	0.0
217	__protein3_rbs	6.75	0.0	0.0
217	__ribosome	33.25	0.0	0.0
217	__rnase_site_ext	11.25	0.0	0.0
217	p0	1.0	0.0	0.0
217	p1	0.85	0.0	0.0
217	p2	0.65	0.0	0.0
217	protein1	684.45	10.35	2.20106605
217	protein2	737.0	11.65	2.02773895
217	protein3	660.7	10.7	2.0307522000000002
217	r2	12.2	0.0	0.0
217	rnapol	1.05	0.0	0.0
218	__protein1_rbs	5.35	0.0	0.0
218	__protein2_rbs	6.75	0.0	0.0
218	__protein3_rbs	6.3	0.0	0.0
218	__ribosome	32.5	0.0	0.0
218	__rnase_site_ext	11.35	0.0	0.0
218	p0	0.85	0.0	0.0
218	p1	0.7	0.0	0.0
218	p2	0.8	0.0	0.0
218	protein1	688.9	10.4	2.2186964500000004
218	protein2	741.9	11.6	2.0257911
218	protein3	665.0	10.95	2.0528433999999995
218	r2	12.1	0.0	0.0
218	rnapol	0.95	0.0	0.0
219	__protein1_rbs	6.45	0.0	0.0
219	__protein2_rbs	6.5	0.0	0.0
219	__protein3_rbs	6.75	0.0	0.0
219	__ribosome	32.85	0.0	0.0
219	__rnase_site_ext	11.3	0.0	0.0
219	p0	1.0	0.0	0.0
219	p1	0.8	0.0	0.0
219	p2	0.9	0.0	0.0
219	protein1	692.95	10.45	2.1638236
219	protein2	746.65	11.6	2.0400553500000003
219	protein3	669.65	11.25	1.95281665
219	r2	12.3	0.0	0.0
219	rnapol	1.1	0.0	0.0
220	__protein1_rbs	6.3	0.0	0.0
220	__protein2_rbs	6.85	0.0	0.0
220	__protein3_rbs	7.25	0.0	0.0
220	__ribosome	33.95	0.0	0.0
220	__rnase_site_ext	11.35	0.0	0.0
220	p0	0.9	0.0	0.0
220	p1	0.85	0.0	0.0
220	p2	0.85	0.0	0.0
220	protein1	698.0	10.45	2.0732080499999994
220	protein2	751.1	11.75	2.0565051500000004
220	protein3	674.05	11.3	1.9150027999999997
220	r2	12.35	0.0	0.0
220	rnapol	1.15	0.0	0.0
221	__protein1_rbs	5.9	0.0	0.0
221	__protein2_rbs	7.3	0.0	0.0
221	__protein3_rbs	7.45	0.0	0.0
221	__ribosome	34.2	0.0	0.0
221	__rnase_site_ext	11.6	0.0	0.0
221	p0	0.85	0.0	0.0
221	p1	0.85	0.0	0.0
221	p2	0.8	0.0	0.0
221	protein1	701.9	10.5	2.1332946
221	protein2	755.7	11.85	2.0155727
221	protein3	678.65	11.3	1.8634408
221	r2	12.5	0.0	0.0
221	rnapol	1.05	0.0	0.0
222	__protein1_rbs	6.75	0.0	0.0
222	__protein2_rbs	6.95	0.0	0.0
222	__protein3_rbs	6.15	0.0	0.0
222	__ribosome	33.35	0.0	0.0
222	__rnase_site_ext	11.4	0.0	0.0
222	p0	0.9	0.0	0.0
222	p1	0.9	0.0	0.0
222	p2	0.8	0.0	0.0
222	protein1	706.65	10.65	2.04781305
222	protein2	760.15	11.85	2.0182902
222	protein3	682.6	11.35	1.96831805
222	r2	12.35	0.0	0.0
222	rnapol	1.0	0.0	0.0
223	__protein1_rbs	5.95	0.0	0.0
223	__protein2_rbs	7.4	0.0	0.0
223	__protein3_rbs	6.9	0.0	0.0
223	__ribosome	32.65	0.0	0.0
223	__rnase_site_ext	11.4	0.0	0.0
223	p0	0.95	0.0	0.0
223	p1	0.7	0.0	0.0
223	p2	0.85	0.0	0.0
223	protein1	710.85	10.65	2.07628725
223	protein2	764.8	11.95	2.00187875
223	protein3	687.2	11.45	1.9649504500000003
223	r2	12.35	0.0	0.0
223	rnapol	1.15	0.0	0.0
224	__protein1_rbs	6.0	0.0	0.0
224	__protein2_rbs	7.25	0.0	0.0
224	__protein3_rbs	6.35	0.0	0.0
224	__ribosome	32.05	0.0	0.0
224	__rnase_site_ext	11.4	0.0	0.0
224	p0	0.9	0.0	0.0
224	p1	0.8	0.0	0.0
224	p2	0.95	0.0	0.0
224	protein1	714.95	10.65	2.1605885
224	protein2	769.8	11.8	2.01211755
224	protein3	691.65	11.4	2.01586685
224	r2	12.35	0.0	0.0
224	rnapol	1.2	0.0	0.0
225	__protein1_rbs	6.45	0.0	0.0
225	__protein2_rbs	7.25	0.0	0.0
225	__protein3_rbs	7.15	0.0	0.0
225	__ribosome	31.75	0.0	0.0
225	__rnase_site_ext	11.5	0.0	0.0
225	p0	0.85	0.0	0.0
225	p1	0.8	0.0	0.0
225	p2	0.95	0.0	0.0
225	protein1	719.2	10.6	2.14119495
225	protein2	774.35	11.95	1.98457855
225	protein3	695.45	11.35	2.06981475
225	r2	12.35	0.0	0.0
225	rnapol	1.4	0.0	0.0
226	__protein1_rbs	6.55	0.0	0.0
226	__protein2_rbs	6.6	0.0	0.0
226	__protein3_rbs	6.85	0.0	0.0
226	__ribosome	31.35	0.0	0.0
226	__rnase_site_ext	11.6	0.0	0.0
226	p0	0.85	0.0	0.0
226	p1	0.85	0.0	0.0
226	p2	0.9	0.0	0.0
226	protein1	723.4	10.7	2.1335857999999996
226	protein2	778.95	11.85	2.0085803
226	protein3	699.75	11.3	2.08797435
226	r2	12.4	0.0	0.0
226	rnapol	1.4	0.0	0.0
227	__protein1_rbs	6.95	0.0	0.0
227	__protein2_rbs	7.1	0.0	0.0
227	__protein3_rbs	7.0	0.0	0.0
227	__ribosome	32.65	0.0	0.0
227	__rnase_site_ext	11.45	0.0	0.0
227	p0	0.9	0.0	0.0
227	p1	0.9	0.0	0.0
227	p2	0.75	0.0	0.0
227	protein1	727.75	10.75	2.0903581
227	protein2	783.7	11.6	2.03538685
227	protein3	704.95	11.35	2.0350302
227	r2	12.35	0.0	0.0
227	rnapol	1.3	0.0	0.0
228	__protein1_rbs	6.5	0.0	0.0
228	__protein2_rbs	7.45	0.0	0.0
228	__protein3_rbs	6.5	0.0	0.0
228	__ribosome	33.75	0.0	0.0
228	__rnase_site_ext	11.35	0.0	0.0
228	p0	0.95	0.0	0.0
228	p1	0.7	0.0	0.0
228	p2	0.7	0.0	0.0
228	protein1	732.9	10.75	2.01313155
228	protein2	788.15	11.7	2.00125885
228	protein3	709.7	11.4	2.0195722
228	r2	12.2	0.0	0.0
228	rnapol	1.3	0.0	0.0
229	__protein1_rbs	6.35	0.0	0.0
229	__protein2_rbs	6.75	0.0	0.0
229	__protein3_rbs	6.5	0.0	0.0
229	__ribosome	32.75	0.0	0.0
229	__rnase_site_ext	11.4	0.0	0.0
229	p0	0.9	0.0	0.0
229	p1	0.75	0.0	0.0
229	p2	0.75	0.0	0.0
229	protein1	736.8	10.7	2.06526175
229	protein2	793.1	11.6	2.0426109
229	protein3	714.25	11.4	2.03494165
229	r2	12.15	0.0	0.0
229	rnapol	1.35	0.0	0.0
230	__protein1_rbs	6.2	0.0	0.0
230	__protein2_rbs	6.6	0.0	0.0
230	__protein3_rbs	7.3	0.0	0.0
230	__ribosome	32.6	0.0	0.0
230	__rnase_site_ext	11.35	0.0	0.0
230	p0	0.95	0.0	0.0
230	p1	0.85	0.0	0.0
230	p2	0.8	0.0	0.0
230	protein1	741.05	10.7	2.0698589
230	protein2	797.8	11.7	2.0612841000000004
230	protein3	718.55	11.45	2.0177869
230	r2	12.3	0.0	0.0
230	rnapol	1.35	0.0	0.0
231	__protein1_rbs	7.0	0.0	0.0
231	__protein2_rbs	6.75	0.0	0.0
231	__protein3_rbs	6.2	0.0	0.0
231	__ribosome	32.65	0.0	0.0
231	__rnase_site_ext	11.35	0.0	0.0
231	p0	0.9	0.0	0.0
231	p1	0.85	0.0	0.0
231	p2	0.9	0.0	0.0
231	protein1	745.7	10.65	1.99791985
231	protein2	802.25	11.7	2.0822391
231	protein3	723.2	11.45	2.02998685
231	r2	12.3	0.0	0.0
231	rnapol	1.25	0.0	0.0
232	__protein1_rbs	6.05	0.0	0.0
232	__protein2_rbs	7.35	0.0	0.0
232	__protein3_rbs	7.85	0.0	0.0
232	__ribosome	32.95	0.0	0.0
232	__rnase_site_ext	11.5	0.0	0.0
232	p0	0.8	0.0	0.0
232	p1	0.8	0.0	0.0
232	p2	0.75	0.0	0.0
232	protein1	749.6	10.65	2.0800102
232	protein2	806.55	11.75	2.07465635
232	protein3	727.65	11.55	1.93350715
232	r2	12.25	0.0	0.0
232	rnapol	1.05	0.0	0.0
233	__protein1_rbs	6.8	0.0	0.0
233	__protein2_rbs	6.3	0.0	0.0
233	__protein3_rbs	6.4	0.0	0.0
233	__ribosome	32.25	0.0	0.0
233	__rnase_site_ext	11.45	0.0	0.0
233	p0	1.0	0.0	0.0
233	p1	0.6	0.0	0.0
233	p2	0.75	0.0	0.0
233	protein1	753.5	10.7	2.0413421
233	protein2	811.3	11.65	2.1180700500000005
233	protein3	732.45	11.55	1.9936314000000004
233	r2	12.25	0.0	0.0
233	rnapol	1.15	0.0	0.0
234	__protein1_rbs	6.45	0.0	0.0
234	__protein2_rbs	7.95	0.0	0.0
234	__protein3_rbs	7.2	0.0	0.0
234	__ribosome	33.7	0.0	0.0
234	__rnase_site_ext	11.55	0.0	0.0
234	p0	0.9	0.0	0.0
234	p1	0.95	0.0	0.0
234	p2	0.95	0.0	0.0
234	protein1	757.9	10.75	2.0374533999999995
234	protein2	816.5	11.65	2.03639375
234	protein3	736.75	11.5	1.97593385
234	r2	12.35	0.0	0.0
234	rnapol	1.05	0.0	0.0
235	__protein1_rbs	6.65	0.0	0.0
235	__protein2_rbs	7.1	0.0	0.0
235	__protein3_rbs	6.5	0.0	0.0
235	__ribosome	33.2	0.0	0.0
235	__rnase_site_ext	11.45	0.0	0.0
235	p0	0.95	0.0	0.0
235	p1	0.85	0.0	0.0
235	p2	0.95	0.0	0.0
235	protein1	762.75	10.9	1.9448718999999997
235	protein2	821.0	12.0	1.98458415
235	protein3	740.9	11.5	2.0198603000000004
235	r2	12.5	0.0	0.0
235	rnapol	1.2	0.0	0.0
236	__protein1_rbs	6.85	0.0	0.0
236	__protein2_rbs	6.85	0.0	0.0
236	__protein3_rbs	6.95	0.0	0.0
236	__ribosome	33.2	0.0	0.0
236	__rnase_site_ext	11.4	0.0	0.0
236	p0	0.95	0.0	0.0
236	p1	0.85	0.0	0.0
236	p2	0.75	0.0	0.0
236	protein1	766.75	10.85	1.9382456
236	protein2	825.6	11.95	2.02130795
236	protein3	745.75	11.45	1.9965472
236	r2	12.4	0.0	0.0
236	rnapol	1.05	0.0	0.0
237	__protein1_rbs	6.35	0.0	0.0
237	__protein2_rbs	7.45	0.0	0.0
237	__protein3_rbs	6.85	0.0	0.0
237	__ribosome	32.45	0.0	0.0
237	__rnase_site_ext	11.55	0.0	0.0
237	p0	0.9	0.0	0.0
237	p1	0.75	0.0	0.0
237	p2	0.7	0.0	0.0
237	protein1	770.9	10.85	2.00170785
237	protein2	830.35	11.95	1.9874104
237	protein3	749.75	11.3	2.06619185
237	r2	12.4	0.0	0.0
237	rnapol	1.05	0.0	0.0
238	__protein1_rbs	6.55	0.0	0.0
238	__protein2_rbs	6.35	0.0	0.0
238	__protein3_rbs	6.25	0.0	0.0
238	__ribosome	32.15	0.0	0.0
238	__rnase_site_ext	11.5	0.0	0.0
238	p0	0.9	0.0	0.0
238	p1	0.75	0.0	0.0
238	p2	0.75	0.0	0.0
238	protein1	774.85	10.9	1.99059245
238	protein2	835.35	11.85	2.0215636000000003
238	protein3	754.3	11.3	2.07798665
238	r2	12.25	0.0	0.0
238	rnapol	1.1	0.0	0.0
239	__protein1_rbs	6.45	0.0	0.0
239	__protein2_rbs	7.6	0.0	0.0
239	__protein3_rbs	6.45	0.0	0.0
239	__ribosome	32.95	0.0	0.0
239	__rnase_site_ext	11.55	0.0	0.0
239	p0	0.95	0.0	0.0
239	p1	0.7	0.0	0.0
239	p2	0.85	0.0	0.0
239	protein1	779.75	10.85	1.9310308999999997
239	protein2	839.7	11.9	2.0275205499999998
239	protein3	759.05	11.35	2.05208945
239	r2	12.25	0.0	0.0
239	rnapol	1.1	0.0	0.0
240	__protein1_rbs	6.4	0.0	0.0
240	__protein2_rbs	7.45	0.0	0.0
240	__protein3_rbs	6.6	0.0	0.0
240	__ribosome	32.2	0.0	0.0
240	__rnase_site_ext	11.5	0.0	0.0
240	p0	0.85	0.0	0.0
240	p1	0.85	0.0	0.0
240	p2	0.95	0.0	0.0
240	protein1	783.4	10.9	2.0055132500000004
240	protein2	844.15	11.95	2.00559165
240	protein3	764.2	11.5	2.01669845
240	r2	12.35	0.0	0.0
240	rnapol	1.05	0.0	0.0
241	__protein1_rbs	7.2	0.0	0.0
241	__protein2_rbs	7.55	0.0	0.0
241	__protein3_rbs	6.85	0.0	0.0
241	__ribosome	32.0	0.0	0.0
241	__rnase_site_ext	11.45	0.0	0.0
241	p0	0.9	0.0	0.0
241	p1	0.8	0.0	0.0
241	p2	0.75	0.0	0.0
241	protein1	787.85	11.0	1.9202037
241	protein2	848.7	12.15	1.9765733
241	protein3	768.45	11.6	2.0290792
241	r2	12.35	0.0	0.0
241	rnapol	1.15	0.0	0.0
242	__protein1_rbs	6.4	0.0	0.0
242	__protein2_rbs	7.15	0.0	0.0
242	__protein3_rbs	7.3	0.0	0.0
242	__ribosome	31.9	0.0	0.0
242	__rnase_site_ext	11.6	0.0	0.0
242	p0	0.85	0.0	0.0
242	p1	0.7	0.0	0.0
242	p2	0.75	0.0	0.0
242	protein1	792.0	10.9	1.9492054
242	protein2	853.55	12.15	1.99824095
242	protein3	772.85	11.5	2.0436072000000003
242	r2	12.3	0.0	0.0
242	rnapol	1.0	0.0	0.0
243	__protein1_rbs	6.8	0.0	0.0
243	__protein2_rbs	7.4	0.0	0.0
243	__protein3_rbs	6.9	0.0	0.0
243	__ribosome	31.75	0.0	0.0
243	__rnase_site_ext	11.55	0.0	0.0
243	p0	0.8	0.0	0.0
243	p1	0.75	0.0	0.0
243	p2	0.8	0.0	0.0
243	protein1	796.3	11.0	1.9407688000000003
243	protein2	858.55	12.25	1.9728631
243	protein3	777.3	11.5	2.0935841500000003
243	r2	12.25	0.0	0.0
243	rnapol	0.75	0.0	0.0
244	__protein1_rbs	6.8	0.0	0.0
244	__protein2_rbs	7.25	0.0	0.0
244	__protein3_rbs	7.9	0.0	0.0
244	__ribosome	31.95	0.0	0.0
244	__rnase_site_ext	11.65	0.0	0.0
244	p0	0.75	0.0	0.0
244	p1	0.75	0.0	0.0
244	p2	0.9	0.0	0.0
244	protein1	800.2	11.05	1.9572602500000005
244	protein2	862.9	12.2	2.04203865
244	protein3	782.3	11.55	1.97841055
244	r2	12.3	0.0	0.0
244	rnapol	0.7	0.0	0.0
245	__protein1_rbs	6.55	0.0	0.0
245	__protein2_rbs	7.8	0.0	0.0
245	__protein3_rbs	6.1	0.0	0.0
245	__ribosome	33.0	0.0	0.0
245	__rnase_site_ext	11.7	0.0	0.0
245	p0	0.95	0.0	0.0
245	p1	0.75	0.0	0.0
245	p2	0.9	0.0	0.0
245	protein1	805.0	11.0	1.9409766
245	protein2	868.0	12.2	1.97921245
245	protein3	787.9	11.5	1.99055295
245	r2	12.3	0.0	0.0
245	rnapol	0.8	0.0	0.0
246	__protein1_rbs	6.6	0.0	0.0
246	__protein2_rbs	7.35	0.0	0.0
246	__protein3_rbs	7.0	0.0	0.0
246	__ribosome	31.3	0.0	0.0
246	__rnase_site_ext	11.8	0.0	0.0
246	p0	1.0	0.0	0.0
246	p1	0.8	0.0	0.0
246	p2	0.85	0.0	0.0
246	protein1	808.8	11.15	2.0263324499999995
246	protein2	872.75	12.3	1.99638845
246	protein3	792.05	11.5	2.0255332000000004
246	r2	12.55	0.0	0.0
246	rnapol	0.95	0.0	0.0
247	__protein1_rbs	7.1	0.0	0.0
247	__protein2_rbs	7.85	0.0	0.0
247	__protein3_rbs	7.15	0.0	0.0
247	__ribosome	30.85	0.0	0.0
247	__rnase_site_ext	11.75	0.0	0.0
247	p0	0.85	0.0	0.0
247	p1	0.85	0.0	0.0
247	p2	0.85	0.0	0.0
247	protein1	812.6	11.15	2.0249934499999998
247	protein2	877.2	12.15	2.0331078
247	protein3	796.15	11.5	2.0596117499999997
247	r2	12.55	0.0	0.0
247	rnapol	1.05	0.0	0.0
248	__protein1_rbs	7.55	0.0	0.0
248	__protein2_rbs	7.65	0.0	0.0
248	__protein3_rbs	7.2	0.0	0.0
248	__ribosome	34.05	0.0	0.0
248	__rnase_site_ext	11.85	0.0	0.0
248	p0	0.9	0.0	0.0
248	p1	0.85	0.0	0.0
248	p2	0.85	0.0	0.0
248	protein1	817.55	11.1	1.90884605
248	protein2	882.6	12.25	1.9015331000000002
248	protein3	800.7	11.5	2.0114343
248	r2	12.6	0.0	0.0
248	rnapol	0.95	0.0	0.0
249	__protein1_rbs	5.7	0.0	0.0
249	__protein2_rbs	6.95	0.0	0.0
249	__protein3_rbs	6.25	0.0	0.0
249	__ribosome	31.3	0.0	0.0
249	__rnase_site_ext	11.9	0.0	0.0
249	p0	0.9	0.0	0.0
249	p1	0.7	0.0	0.0
249	p2	0.9	0.0	0.0
249	protein1	821.25	11.2	2.0242603999999997
249	protein2	887.15	12.3	1.9723648
249	protein3	805.4	11.2	2.1160794999999997
249	r2	12.45	0.0	0.0
249	rnapol	1.05	0.0	0.0
250	__protein1_rbs	5.9	0.0	0.0
250	__protein2_rbs	6.2	0.0	0.0
250	__protein3_rbs	5.65	0.0	0.0
250	__ribosome	25.75	0.0	0.0
250	__rnase_site_ext	9.65	0.0	0.0
250	p0	0.8	0.0	0.0
250	p1	0.65	0.0	0.0
250	p2	0.65	0.0	0.0
250	protein1	665.35	9.05	1.57576545
250	protein2	708.7	10.05	1.6005756999999998
250	protein3	639.9	9.05	1.57674115
250	r2	10.2	0.0	0.0
250	rnapol	0.95	0.0	0.0
