time	species	protein	transcript	ribo_density
0	__protein1_rbs	0.0	0.0	0.0
0	__protein2_rbs	0.0	0.0	0.0
0	__protein3_rbs	0.0	0.0	0.0
0	__ribosome	100.0	0.0	0.0
0	__rnase_site_ext	0.0	0.0	0.0
0	p0	1.0	0.0	0.0
0	p1	1.0	0.0	0.0
0	r0	0.0	0.0	0.0
0	r2	0.0	0.0	0.0
0	rnapol	4.0	0.0	0.0
1	__protein1_rbs	0.0	0.0	0.0
1	__protein2_rbs	0.0	0.0	0.0
1	__protein3_rbs	0.0	0.0	0.0
1	__ribosome	75.0	0.0	0.0
1	__rnase_site_ext	0.65	0.0	0.0
1	p0	0.1	0.0	0.0
1	p1	0.75	0.0	0.0
1	r0	0.2	0.0	0.0
1	r2	0.0	0.0	0.0
1	rnapol	2.25	0.0	0.0
2	__protein1_rbs	0.1	0.0	0.0
2	__protein2_rbs	0.0	0.0	0.0
2	__protein3_rbs	0.0	0.0	0.0
2	__ribosome	105.0	0.0	0.0
2	__rnase_site_ext	1.0	0.0	0.0
2	p0	0.6	0.0	0.0
2	p1	0.95	0.0	0.0
2	protein1	0.0	0.1	0.0
2	r0	0.75	0.0	0.0
2	r2	0.0	0.0	0.0
2	rnapol	2.9	0.0	0.0
3	__protein1_rbs	0.2	0.0	0.0
3	__protein2_rbs	0.0	0.0	0.0
3	__protein3_rbs	0.0	0.0	0.0
3	__ribosome	89.45	0.0	0.0
3	__rnase_site_ext	1.55	0.0	0.0
3	p0	0.65	0.0	0.0
3	p1	0.9	0.0	0.0
3	protein1	0.0	0.75	0.55
3	r0	1.25	0.0	0.0
3	r2	0.0	0.0	0.0
3	rnapol	2.05	0.0	0.0
4	__protein1_rbs	0.35	0.0	0.0
4	__protein2_rbs	0.0	0.0	0.0
4	__protein3_rbs	0.0	0.0	0.0
4	__ribosome	108.65	0.0	0.0
4	__rnase_site_ext	1.75	0.0	0.0
4	p0	0.7	0.0	0.0
4	p1	1.1	0.0	0.0
4	protein1	0.0	1.2	0.925
4	r0	1.6	0.0	0.0
4	r2	0.0	0.0	0.0
4	rnapol	2.4	0.0	0.0
5	__protein1_rbs	0.65	0.0	0.0
5	__protein2_rbs	0.05	0.0	0.0
5	__protein3_rbs	0.0	0.0	0.0
5	__ribosome	92.75	0.0	0.0
5	__rnase_site_ext	2.1	0.0	0.0
5	p0	0.7	0.0	0.0
5	p1	0.9	0.0	0.0
5	protein1	0.0	1.55	1.2
5	protein2	0.0	0.05	0.0
5	r0	1.85	0.0	0.0
5	r2	0.0	0.0	0.0
5	rnapol	1.6	0.0	0.0
6	__protein1_rbs	0.5	0.0	0.0
6	__protein2_rbs	0.0	0.0	0.0
6	__protein3_rbs	0.0	0.0	0.0
6	__ribosome	91.5	0.0	0.0
6	__rnase_site_ext	2.55	0.0	0.0
6	p0	0.5	0.0	0.0
6	p1	0.95	0.0	0.0
6	protein1	0.0	1.8	1.7083332999999998
6	protein2	0.0	0.05	0.05
6	r0	2.3	0.0	0.0
6	r2	0.0	0.0	0.0
6	rnapol	1.1	0.0	0.0
7	__protein1_rbs	0.9	0.0	0.0
7	__protein2_rbs	0.05	0.0	0.0
7	__protein3_rbs	0.0	0.0	0.0
7	__ribosome	125.05	0.0	0.0
7	__rnase_site_ext	2.7	0.0	0.0
7	p0	0.8	0.0	0.0
7	p1	1.05	0.0	0.0
7	protein1	0.0	2.25	2.0083333
7	protein2	0.0	0.1	0.1
7	r0	2.6	0.0	0.0
7	r2	0.0	0.0	0.0
7	rnapol	2.05	0.0	0.0
8	__protein1_rbs	1.2	0.0	0.0
8	__protein2_rbs	0.05	0.0	0.0
8	__protein3_rbs	0.0	0.0	0.0
8	__ribosome	94.3	0.0	0.0
8	__rnase_site_ext	2.95	0.0	0.0
8	p0	0.8	0.0	0.0
8	p1	0.3	0.0	0.0
8	protein1	0.65	2.55	2.025
8	protein2	0.0	0.1	0.15
8	r0	2.65	0.0	0.0
8	r2	0.0	0.0	0.0
8	rnapol	0.95	0.0	0.0
9	__protein1_rbs	0.9	0.0	0.0
9	__protein2_rbs	0.05	0.0	0.0
9	__protein3_rbs	0.0	0.0	0.0
9	__ribosome	93.15	0.0	0.0
9	__rnase_site_ext	3.15	0.0	0.0
9	p0	0.75	0.0	0.0
9	p1	0.3	0.0	0.0
9	protein1	1.35	2.65	2.5375
9	protein2	0.0	0.1	0.2
9	r0	2.9	0.0	0.0
9	r2	0.0	0.0	0.0
9	rnapol	0.7	0.0	0.0
10	__protein1_rbs	0.75	0.0	0.0
10	__protein2_rbs	0.05	0.0	0.0
10	__protein3_rbs	0.0	0.0	0.0
10	__ribosome	92.25	0.0	0.0
10	__rnase_site_ext	3.3	0.0	0.0
10	p0	0.85	0.0	0.0
10	p1	0.35	0.0	0.0
10	protein1	2.3	2.8	2.6583333
10	protein2	0.0	0.1	0.25
10	r0	3.0	0.0	0.0
10	r2	0.0	0.0	0.0
10	rnapol	0.55	0.0	0.0
11	__protein1_rbs	1.1	0.0	0.0
11	__protein2_rbs	0.2	0.0	0.0
11	__protein3_rbs	0.0	0.0	0.0
11	__ribosome	91.15	0.0	0.0
11	__rnase_site_ext	3.45	0.0	0.0
11	p0	0.95	0.0	0.0
11	p1	0.55	0.0	0.0
11	protein1	3.4	2.95	2.8791666500000006
11	protein2	0.05	0.6	0.6
11	r0	3.15	0.0	0.0
11	r2	0.05	0.0	0.0
11	rnapol	0.45	0.0	0.0
12	__protein1_rbs	1.3	0.0	0.0
12	__protein2_rbs	0.4	0.0	0.0
12	__protein3_rbs	0.0	0.0	0.0
12	__ribosome	90.1	0.0	0.0
12	__rnase_site_ext	3.55	0.0	0.0
12	p0	0.85	0.0	0.0
12	p1	0.4	0.0	0.0
12	protein1	4.6	3.15	2.8083333499999994
12	protein2	0.1	1.0	0.9
12	r0	3.3	0.0	0.0
12	r2	0.05	0.0	0.0
12	rnapol	0.3	0.0	0.0
13	__protein1_rbs	1.1	0.0	0.0
13	__protein2_rbs	0.65	0.0	0.0
13	__protein3_rbs	0.0	0.0	0.0
13	__ribosome	88.7	0.0	0.0
13	__rnase_site_ext	3.65	0.0	0.0
13	p0	0.8	0.0	0.0
13	p1	0.35	0.0	0.0
13	protein1	6.05	3.2	2.9583333999999994
13	protein2	0.15	1.35	1.2583333
13	protein3	0.0	0.05	0.05
13	r0	3.35	0.0	0.0
13	r2	0.1	0.0	0.0
13	rnapol	0.1	0.0	0.0
14	__protein1_rbs	1.2	0.0	0.0
14	__protein2_rbs	0.55	0.0	0.0
14	__protein3_rbs	0.0	0.0	0.0
14	__ribosome	86.85	0.0	0.0
14	__rnase_site_ext	3.7	0.0	0.0
14	p0	1.0	0.0	0.0
14	p1	0.6	0.0	0.0
14	protein1	7.55	3.35	2.9958332999999997
14	protein2	0.2	1.75	1.6333333500000002
14	protein3	0.0	0.05	0.1
14	r0	3.5	0.0	0.0
14	r2	0.1	0.0	0.0
14	rnapol	0.1	0.0	0.0
15	__protein1_rbs	1.4	0.0	0.0
15	__protein2_rbs	0.75	0.0	0.0
15	__protein3_rbs	0.05	0.0	0.0
15	__ribosome	85.35	0.0	0.0
15	__rnase_site_ext	3.7	0.0	0.0
15	p0	1.0	0.0	0.0
15	p1	0.6	0.0	0.0
15	protein1	9.45	3.5	2.9208332500000007
15	protein2	0.25	2.1	1.9833333
15	protein3	0.0	0.1	0.15
15	r0	3.45	0.0	0.0
15	r2	0.1	0.0	0.0
15	rnapol	0.1	0.0	0.0
16	__protein1_rbs	1.35	0.0	0.0
16	__protein2_rbs	0.9	0.0	0.0
16	__protein3_rbs	0.0	0.0	0.0
16	__ribosome	83.7	0.0	0.0
16	__rnase_site_ext	3.7	0.0	0.0
16	p0	1.0	0.0	0.0
16	p1	0.65	0.0	0.0
16	protein1	11.15	3.45	3.10833335
16	protein2	0.65	2.6	2.0041666
16	protein3	0.0	0.1	0.25
16	r0	3.45	0.0	0.0
16	r2	0.15	0.0	0.0
16	rnapol	0.1	0.0	0.0
17	__protein1_rbs	1.65	0.0	0.0
17	__protein2_rbs	1.0	0.0	0.0
17	__protein3_rbs	0.1	0.0	0.0
17	__ribosome	82.55	0.0	0.0
17	__rnase_site_ext	3.65	0.0	0.0
17	p0	1.0	0.0	0.0
17	p1	0.7	0.0	0.0
17	protein1	13.05	3.45	3.1333333
17	protein2	1.1	2.7	2.32916665
17	protein3	0.0	0.1	0.25
17	r0	3.4	0.0	0.0
17	r2	0.7	0.0	0.0
17	rnapol	0.1	0.0	0.0
18	__protein1_rbs	1.1	0.0	0.0
18	__protein2_rbs	1.1	0.0	0.0
18	__protein3_rbs	0.1	0.0	0.0
18	__ribosome	81.05	0.0	0.0
18	__rnase_site_ext	3.65	0.0	0.0
18	p0	1.0	0.0	0.0
18	p1	0.85	0.0	0.0
18	protein1	15.05	3.4	3.275
18	protein2	1.8	3.1	2.4333332999999997
18	protein3	0.05	0.25	0.35
18	r0	3.4	0.0	0.0
18	r2	0.95	0.0	0.0
18	rnapol	0.1	0.0	0.0
19	__protein1_rbs	1.2	0.0	0.0
19	__protein2_rbs	1.4	0.0	0.0
19	__protein3_rbs	0.3	0.0	0.0
19	__ribosome	79.6	0.0	0.0
19	__rnase_site_ext	3.75	0.0	0.0
19	p0	0.9	0.0	0.0
19	p1	0.85	0.0	0.0
19	protein1	17.15	3.4	3.35
19	protein2	2.85	3.25	2.5583332999999997
19	protein3	0.1	0.75	0.625
19	r0	3.45	0.0	0.0
19	r2	1.55	0.0	0.0
19	rnapol	0.05	0.0	0.0
20	__protein1_rbs	1.65	0.0	0.0
20	__protein2_rbs	1.15	0.0	0.0
20	__protein3_rbs	0.45	0.0	0.0
20	__ribosome	78.8	0.0	0.0
20	__rnase_site_ext	3.75	0.0	0.0
20	p0	1.0	0.0	0.0
20	p1	0.75	0.0	0.0
20	protein1	19.25	3.45	3.12916665
20	protein2	4.2	3.5	2.60833335
20	protein3	0.1	1.05	0.975
20	r0	3.45	0.0	0.0
20	r2	1.85	0.0	0.0
20	rnapol	0.05	0.0	0.0
21	__protein1_rbs	1.4	0.0	0.0
21	__protein2_rbs	1.1	0.0	0.0
21	__protein3_rbs	0.6	0.0	0.0
21	__ribosome	77.3	0.0	0.0
21	__rnase_site_ext	3.7	0.0	0.0
21	p0	1.0	0.0	0.0
21	p1	0.85	0.0	0.0
21	protein1	21.4	3.4	3.15416665
21	protein2	5.75	3.6	2.81666665
21	protein3	0.2	1.5	1.21666665
21	r0	3.4	0.0	0.0
21	r2	2.3	0.0	0.0
21	rnapol	0.05	0.0	0.0
22	__protein1_rbs	1.15	0.0	0.0
22	__protein2_rbs	1.65	0.0	0.0
22	__protein3_rbs	0.7	0.0	0.0
22	__ribosome	75.65	0.0	0.0
22	__rnase_site_ext	3.7	0.0	0.0
22	p0	1.0	0.0	0.0
22	p1	1.0	0.0	0.0
22	protein1	23.65	3.4	3.1458334
22	protein2	7.15	3.6	2.95000005
22	protein3	0.3	1.85	1.575
22	r0	3.35	0.0	0.0
22	r2	2.6	0.0	0.0
22	rnapol	0.05	0.0	0.0
23	__protein1_rbs	1.65	0.0	0.0
23	__protein2_rbs	1.8	0.0	0.0
23	__protein3_rbs	1.05	0.0	0.0
23	__ribosome	75.0	0.0	0.0
23	__rnase_site_ext	3.7	0.0	0.0
23	p0	1.0	0.0	0.0
23	p1	1.0	0.0	0.0
23	protein1	25.85	3.35	3.0500000000000003
23	protein2	9.25	3.75	2.7916667
23	protein3	0.35	2.3	1.8166667
23	r0	3.35	0.0	0.0
23	r2	2.75	0.0	0.0
23	rnapol	0.15	0.0	0.0
24	__protein1_rbs	1.35	0.0	0.0
24	__protein2_rbs	1.25	0.0	0.0
24	__protein3_rbs	0.95	0.0	0.0
24	__ribosome	72.95	0.0	0.0
24	__rnase_site_ext	3.7	0.0	0.0
24	p0	1.0	0.0	0.0
24	p1	1.0	0.0	0.0
24	protein1	27.85	3.35	2.9791666999999995
24	protein2	10.8	3.9	2.95416665
24	protein3	0.85	2.6	2.0125
24	r0	3.35	0.0	0.0
24	r2	3.1	0.0	0.0
24	rnapol	0.7	0.0	0.0
25	__protein1_rbs	0.95	0.0	0.0
25	__protein2_rbs	1.6	0.0	0.0
25	__protein3_rbs	1.3	0.0	0.0
25	__ribosome	72.15	0.0	0.0
25	__rnase_site_ext	3.8	0.0	0.0
25	p0	0.85	0.0	0.0
25	p1	0.95	0.0	0.0
25	protein1	29.65	3.35	3.08333335
25	protein2	13.35	3.8	2.92499995
25	protein3	1.45	2.8	2.22916665
25	r0	3.35	0.0	0.0
25	r2	3.25	0.0	0.0
25	rnapol	0.75	0.0	0.0
26	__protein1_rbs	1.4	0.0	0.0
26	__protein2_rbs	1.35	0.0	0.0
26	__protein3_rbs	1.45	0.0	0.0
26	__ribosome	71.2	0.0	0.0
26	__rnase_site_ext	3.85	0.0	0.0
26	p0	0.8	0.0	0.0
26	p1	0.8	0.0	0.0
26	protein1	31.65	3.4	3.1941666
26	protein2	15.35	3.75	3.025
26	protein3	2.3	3.1	2.3
26	r0	3.4	0.0	0.0
26	r2	3.5	0.0	0.0
26	rnapol	0.85	0.0	0.0
27	__protein1_rbs	1.4	0.0	0.0
27	__protein2_rbs	1.4	0.0	0.0
27	__protein3_rbs	1.15	0.0	0.0
27	__ribosome	70.2	0.0	0.0
27	__rnase_site_ext	4.05	0.0	0.0
27	p0	0.85	0.0	0.0
27	p1	0.95	0.0	0.0
27	protein1	33.85	3.4	3.06
27	protein2	17.15	3.7	3.2083334
27	protein3	3.35	3.2	2.48333335
27	r0	3.5	0.0	0.0
27	r2	3.5	0.0	0.0
27	rnapol	1.05	0.0	0.0
28	__protein1_rbs	1.05	0.0	0.0
28	__protein2_rbs	1.35	0.0	0.0
28	__protein3_rbs	1.35	0.0	0.0
28	__ribosome	68.9	0.0	0.0
28	__rnase_site_ext	4.15	0.0	0.0
28	p0	0.9	0.0	0.0
28	p1	1.0	0.0	0.0
28	protein1	35.85	3.5	3.0416667
28	protein2	19.4	3.7	3.2041666
28	protein3	4.55	3.5	2.5541667
28	r0	3.65	0.0	0.0
28	r2	3.6	0.0	0.0
28	rnapol	1.4	0.0	0.0
29	__protein1_rbs	1.45	0.0	0.0
29	__protein2_rbs	1.65	0.0	0.0
29	__protein3_rbs	1.65	0.0	0.0
29	__ribosome	68.3	0.0	0.0
29	__rnase_site_ext	4.25	0.0	0.0
29	p0	0.9	0.0	0.0
29	p1	1.0	0.0	0.0
29	protein1	37.7	3.65	2.97249995
29	protein2	21.5	3.9	3.0216667
29	protein3	6.05	3.6	2.6750000000000003
29	r0	3.75	0.0	0.0
29	r2	3.7	0.0	0.0
29	rnapol	1.5	0.0	0.0
30	__protein1_rbs	1.75	0.0	0.0
30	__protein2_rbs	1.5	0.0	0.0
30	__protein3_rbs	1.5	0.0	0.0
30	__ribosome	68.15	0.0	0.0
30	__rnase_site_ext	4.45	0.0	0.0
30	p0	0.6	0.0	0.0
30	p1	0.95	0.0	0.0
30	protein1	39.7	3.75	2.9241667000000002
30	protein2	24.0	3.9	2.99166665
30	protein3	7.75	3.65	2.6791667
30	r0	3.8	0.0	0.0
30	r2	3.75	0.0	0.0
30	rnapol	1.25	0.0	0.0
31	__protein1_rbs	1.8	0.0	0.0
31	__protein2_rbs	1.7	0.0	0.0
31	__protein3_rbs	1.5	0.0	0.0
31	__ribosome	67.95	0.0	0.0
31	__rnase_site_ext	4.7	0.0	0.0
31	p0	0.95	0.0	0.0
31	p1	0.9	0.0	0.0
31	protein1	41.6	3.75	2.9541666500000003
31	protein2	26.6	3.9	2.87916665
31	protein3	9.35	3.8	2.7458333500000003
31	r0	4.2	0.0	0.0
31	r2	3.75	0.0	0.0
31	rnapol	1.55	0.0	0.0
32	__protein1_rbs	1.6	0.0	0.0
32	__protein2_rbs	1.55	0.0	0.0
32	__protein3_rbs	1.45	0.0	0.0
32	__ribosome	66.9	0.0	0.0
32	__rnase_site_ext	4.7	0.0	0.0
32	p0	0.85	0.0	0.0
32	p1	0.75	0.0	0.0
32	protein1	43.4	4.05	2.91166665
32	protein2	28.75	3.85	2.8908333500000003
32	protein3	11.3	3.75	2.9333333499999994
32	r0	4.25	0.0	0.0
32	r2	3.75	0.0	0.0
32	rnapol	1.5	0.0	0.0
33	__protein1_rbs	2.05	0.0	0.0
33	__protein2_rbs	1.75	0.0	0.0
33	__protein3_rbs	1.4	0.0	0.0
33	__ribosome	66.65	0.0	0.0
33	__rnase_site_ext	4.95	0.0	0.0
33	p0	0.7	0.0	0.0
33	p1	0.7	0.0	0.0
33	protein1	45.75	4.25	2.66
33	protein2	30.85	3.9	2.8741667
33	protein3	13.2	3.75	3.0249999999999995
33	r0	4.4	0.0	0.0
33	r2	3.75	0.0	0.0
33	rnapol	1.35	0.0	0.0
34	__protein1_rbs	1.7	0.0	0.0
34	__protein2_rbs	1.45	0.0	0.0
34	__protein3_rbs	1.85	0.0	0.0
34	__ribosome	66.2	0.0	0.0
34	__rnase_site_ext	5.35	0.0	0.0
34	p0	0.7	0.0	0.0
34	p1	0.65	0.0	0.0
34	protein1	47.9	4.35	2.7091667
34	protein2	33.05	3.85	2.9866666500000005
34	protein3	14.9	3.75	3.0208333499999998
34	r0	4.7	0.0	0.0
34	r2	3.75	0.0	0.0
34	rnapol	1.1	0.0	0.0
35	__protein1_rbs	2.05	0.0	0.0
35	__protein2_rbs	1.85	0.0	0.0
35	__protein3_rbs	1.3	0.0	0.0
35	__ribosome	65.0	0.0	0.0
35	__rnase_site_ext	5.65	0.0	0.0
35	p0	0.8	0.0	0.0
35	p1	0.8	0.0	0.0
35	protein1	49.7	4.65	2.6308333
35	protein2	35.0	4.05	2.97666665
35	protein3	17.2	3.75	3.0250000000000004
35	r0	5.05	0.0	0.0
35	r2	3.9	0.0	0.0
35	rnapol	0.95	0.0	0.0
36	__protein1_rbs	2.25	0.0	0.0
36	__protein2_rbs	2.0	0.0	0.0
36	__protein3_rbs	1.55	0.0	0.0
36	__ribosome	65.4	0.0	0.0
36	__rnase_site_ext	5.75	0.0	0.0
36	p0	0.8	0.0	0.0
36	p1	0.75	0.0	0.0
36	protein1	51.9	5.05	2.49684535
36	protein2	37.35	4.2	2.78
36	protein3	19.7	3.75	2.8875
36	r0	5.2	0.0	0.0
36	r2	3.9	0.0	0.0
36	rnapol	1.0	0.0	0.0
37	__protein1_rbs	1.85	0.0	0.0
37	__protein2_rbs	1.7	0.0	0.0
37	__protein3_rbs	1.75	0.0	0.0
37	__ribosome	63.85	0.0	0.0
37	__rnase_site_ext	6.1	0.0	0.0
37	p0	0.75	0.0	0.0
37	p1	0.6	0.0	0.0
37	protein1	54.05	5.2	2.5852381499999995
37	protein2	39.45	4.25	2.8459524
37	protein3	21.75	3.9	2.8075
37	r0	5.4	0.0	0.0
37	r2	3.95	0.0	0.0
37	rnapol	0.7	0.0	0.0
38	__protein1_rbs	2.6	0.0	0.0
38	__protein2_rbs	1.55	0.0	0.0
38	__protein3_rbs	1.8	0.0	0.0
38	__ribosome	63.15	0.0	0.0
38	__rnase_site_ext	6.35	0.0	0.0
38	p0	0.8	0.0	0.0
38	p1	0.55	0.0	0.0
38	protein1	56.15	5.3	2.5721429
38	protein2	41.75	4.35	2.8459523999999994
38	protein3	23.9	3.95	2.74416665
38	r0	5.7	0.0	0.0
38	r2	3.9	0.0	0.0
38	rnapol	0.45	0.0	0.0
39	__protein1_rbs	2.35	0.0	0.0
39	__protein2_rbs	1.7	0.0	0.0
39	__protein3_rbs	1.45	0.0	0.0
39	__ribosome	61.95	0.0	0.0
39	__rnase_site_ext	6.3	0.0	0.0
39	p0	0.95	0.0	0.0
39	p1	0.7	0.0	0.0
39	protein1	58.9	5.75	2.5005953
39	protein2	44.2	4.5	2.8272618999999994
39	protein3	26.0	3.95	2.835
39	r0	5.8	0.0	0.0
39	r2	3.85	0.0	0.0
39	rnapol	0.4	0.0	0.0
40	__protein1_rbs	2.7	0.0	0.0
40	__protein2_rbs	2.25	0.0	0.0
40	__protein3_rbs	1.65	0.0	0.0
40	__ribosome	61.4	0.0	0.0
40	__rnase_site_ext	6.35	0.0	0.0
40	p0	1.0	0.0	0.0
40	p1	0.65	0.0	0.0
40	protein1	61.25	5.8	2.602619
40	protein2	46.45	4.6	2.7476191
40	protein3	28.2	3.9	2.84
40	r0	5.8	0.0	0.0
40	r2	3.85	0.0	0.0
40	rnapol	0.35	0.0	0.0
41	__protein1_rbs	2.7	0.0	0.0
41	__protein2_rbs	2.4	0.0	0.0
41	__protein3_rbs	1.75	0.0	0.0
41	__ribosome	60.75	0.0	0.0
41	__rnase_site_ext	6.3	0.0	0.0
41	p0	0.9	0.0	0.0
41	p1	0.4	0.0	0.0
41	protein1	63.8	5.75	2.6842857999999996
41	protein2	48.4	4.95	2.62559525
41	protein3	30.35	3.85	2.81
41	r0	5.8	0.0	0.0
41	r2	4.0	0.0	0.0
41	rnapol	0.3	0.0	0.0
42	__protein1_rbs	2.3	0.0	0.0
42	__protein2_rbs	2.3	0.0	0.0
42	__protein3_rbs	1.55	0.0	0.0
42	__ribosome	60.55	0.0	0.0
42	__rnase_site_ext	6.35	0.0	0.0
42	p0	0.95	0.0	0.0
42	p1	0.6	0.0	0.0
42	protein1	66.8	5.75	2.7386905500000003
42	protein2	51.0	5.0	2.5842857
42	protein3	32.55	3.9	2.8283333500000003
42	r0	5.75	0.0	0.0
42	r2	4.1	0.0	0.0
42	rnapol	0.4	0.0	0.0
43	__protein1_rbs	2.35	0.0	0.0
43	__protein2_rbs	1.95	0.0	0.0
43	__protein3_rbs	1.65	0.0	0.0
43	__ribosome	59.15	0.0	0.0
43	__rnase_site_ext	6.25	0.0	0.0
43	p0	0.95	0.0	0.0
43	p1	0.7	0.0	0.0
43	protein1	69.65	5.75	2.8310714500000005
43	protein2	53.6	5.2	2.6619048
43	protein3	34.6	4.0	2.81416665
43	r0	5.65	0.0	0.0
43	r2	4.2	0.0	0.0
43	rnapol	0.4	0.0	0.0
44	__protein1_rbs	2.8	0.0	0.0
44	__protein2_rbs	2.55	0.0	0.0
44	__protein3_rbs	2.0	0.0	0.0
44	__ribosome	59.2	0.0	0.0
44	__rnase_site_ext	6.15	0.0	0.0
44	p0	0.95	0.0	0.0
44	p1	0.55	0.0	0.0
44	protein1	72.6	5.65	2.8545239
44	protein2	56.25	5.4	2.55749995
44	protein3	36.95	4.2	2.69916665
44	r0	5.6	0.0	0.0
44	r2	4.45	0.0	0.0
44	rnapol	0.35	0.0	0.0
45	__protein1_rbs	2.35	0.0	0.0
45	__protein2_rbs	2.6	0.0	0.0
45	__protein3_rbs	1.9	0.0	0.0
45	__ribosome	58.5	0.0	0.0
45	__rnase_site_ext	6.1	0.0	0.0
45	p0	0.95	0.0	0.0
45	p1	0.6	0.0	0.0
45	protein1	75.8	5.6	2.88595235
45	protein2	58.7	5.65	2.5929167
45	protein3	39.25	4.2	2.74452385
45	r0	5.4	0.0	0.0
45	r2	4.6	0.0	0.0
45	rnapol	0.3	0.0	0.0
46	__protein1_rbs	2.95	0.0	0.0
46	__protein2_rbs	1.8	0.0	0.0
46	__protein3_rbs	1.6	0.0	0.0
46	__ribosome	56.7	0.0	0.0
46	__rnase_site_ext	6.1	0.0	0.0
46	p0	1.0	0.0	0.0
46	p1	0.85	0.0	0.0
46	protein1	78.3	5.45	2.9364286500000008
46	protein2	61.1	5.65	2.81523815
46	protein3	41.05	4.45	2.75214285
46	r0	5.45	0.0	0.0
46	r2	4.6	0.0	0.0
46	rnapol	0.35	0.0	0.0
47	__protein1_rbs	2.3	0.0	0.0
47	__protein2_rbs	3.3	0.0	0.0
47	__protein3_rbs	2.1	0.0	0.0
47	__ribosome	57.95	0.0	0.0
47	__rnase_site_ext	6.05	0.0	0.0
47	p0	0.85	0.0	0.0
47	p1	0.85	0.0	0.0
47	protein1	81.75	5.45	2.7857738000000003
47	protein2	63.8	5.9	2.60958325
47	protein3	43.3	4.6	2.61904765
47	r0	5.45	0.0	0.0
47	r2	4.85	0.0	0.0
47	rnapol	0.2	0.0	0.0
48	__protein1_rbs	2.45	0.0	0.0
48	__protein2_rbs	2.75	0.0	0.0
48	__protein3_rbs	1.9	0.0	0.0
48	__ribosome	57.15	0.0	0.0
48	__rnase_site_ext	6.15	0.0	0.0
48	p0	0.9	0.0	0.0
48	p1	0.85	0.0	0.0
48	protein1	84.95	5.45	2.78357145
48	protein2	66.9	6.15	2.5069643000000004
48	protein3	45.45	4.65	2.7613095000000003
48	r0	5.5	0.0	0.0
48	r2	4.95	0.0	0.0
48	rnapol	0.3	0.0	0.0
49	__protein1_rbs	2.85	0.0	0.0
49	__protein2_rbs	2.65	0.0	0.0
49	__protein3_rbs	2.65	0.0	0.0
49	__ribosome	56.5	0.0	0.0
49	__rnase_site_ext	6.2	0.0	0.0
49	p0	0.95	0.0	0.0
49	p1	0.95	0.0	0.0
49	protein1	87.8	5.55	2.6852381000000003
49	protein2	69.8	6.2	2.63422615
49	protein3	47.65	4.9	2.6165476
49	r0	5.45	0.0	0.0
49	r2	5.05	0.0	0.0
49	rnapol	0.4	0.0	0.0
50	__protein1_rbs	2.3	0.0	0.0
50	__protein2_rbs	3.4	0.0	0.0
50	__protein3_rbs	2.5	0.0	0.0
50	__ribosome	56.4	0.0	0.0
50	__rnase_site_ext	6.05	0.0	0.0
50	p0	0.95	0.0	0.0
50	p1	0.95	0.0	0.0
50	protein1	90.95	5.45	2.7353571500000005
50	protein2	72.75	6.2	2.6125000500000004
50	protein3	50.1	5.0	2.6186905000000005
50	r0	5.4	0.0	0.0
50	r2	5.5	0.0	0.0
50	rnapol	0.45	0.0	0.0
51	__protein1_rbs	2.45	0.0	0.0
51	__protein2_rbs	2.75	0.0	0.0
51	__protein3_rbs	2.35	0.0	0.0
51	__ribosome	55.7	0.0	0.0
51	__rnase_site_ext	6.1	0.0	0.0
51	p0	0.95	0.0	0.0
51	p1	0.95	0.0	0.0
51	protein1	93.6	5.45	2.75839285
51	protein2	76.05	6.3	2.55517855
51	protein3	52.45	5.1	2.67380955
51	r0	5.25	0.0	0.0
51	r2	5.6	0.0	0.0
51	rnapol	0.6	0.0	0.0
52	__protein1_rbs	2.45	0.0	0.0
52	__protein2_rbs	2.85	0.0	0.0
52	__protein3_rbs	2.35	0.0	0.0
52	__ribosome	54.9	0.0	0.0
52	__rnase_site_ext	6.2	0.0	0.0
52	p0	0.95	0.0	0.0
52	p1	0.8	0.0	0.0
52	protein1	96.5	5.3	2.77886905
52	protein2	78.6	6.35	2.6454762
52	protein3	55.2	5.5	2.5685714
52	r0	5.2	0.0	0.0
52	r2	5.7	0.0	0.0
52	rnapol	0.65	0.0	0.0
53	__protein1_rbs	2.65	0.0	0.0
53	__protein2_rbs	3.3	0.0	0.0
53	__protein3_rbs	2.3	0.0	0.0
53	__ribosome	55.1	0.0	0.0
53	__rnase_site_ext	6.25	0.0	0.0
53	p0	0.85	0.0	0.0
53	p1	0.85	0.0	0.0
53	protein1	99.75	5.25	2.66845245
53	protein2	81.85	6.35	2.6581547999999997
53	protein3	57.95	5.75	2.5516666500000005
53	r0	5.2	0.0	0.0
53	r2	6.05	0.0	0.0
53	rnapol	0.65	0.0	0.0
54	__protein1_rbs	2.95	0.0	0.0
54	__protein2_rbs	2.9	0.0	0.0
54	__protein3_rbs	2.9	0.0	0.0
54	__ribosome	54.7	0.0	0.0
54	__rnase_site_ext	6.35	0.0	0.0
54	p0	0.85	0.0	0.0
54	p1	0.7	0.0	0.0
54	protein1	102.35	5.2	2.68035715
54	protein2	85.45	6.3	2.6816666500000004
54	protein3	60.05	5.8	2.6119047500000003
54	r0	5.35	0.0	0.0
54	r2	6.4	0.0	0.0
54	rnapol	0.8	0.0	0.0
55	__protein1_rbs	2.3	0.0	0.0
55	__protein2_rbs	3.35	0.0	0.0
55	__protein3_rbs	2.7	0.0	0.0
55	__ribosome	53.4	0.0	0.0
55	__rnase_site_ext	6.45	0.0	0.0
55	p0	0.75	0.0	0.0
55	p1	0.75	0.0	0.0
55	protein1	105.1	5.3	2.6297619
55	protein2	88.15	6.45	2.7089285500000004
55	protein3	62.9	6.15	2.5700595500000003
55	r0	5.4	0.0	0.0
55	r2	6.35	0.0	0.0
55	rnapol	0.7	0.0	0.0
56	__protein1_rbs	2.3	0.0	0.0
56	__protein2_rbs	2.85	0.0	0.0
56	__protein3_rbs	3.0	0.0	0.0
56	__ribosome	52.15	0.0	0.0
56	__rnase_site_ext	6.75	0.0	0.0
56	p0	0.85	0.0	0.0
56	p1	0.95	0.0	0.0
56	protein1	107.65	5.35	2.75089285
56	protein2	91.6	6.45	2.6882143000000003
56	protein3	65.4	6.4	2.5656548
56	r0	5.7	0.0	0.0
56	r2	6.3	0.0	0.0
56	rnapol	0.7	0.0	0.0
57	__protein1_rbs	3.05	0.0	0.0
57	__protein2_rbs	2.95	0.0	0.0
57	__protein3_rbs	3.55	0.0	0.0
57	__ribosome	52.55	0.0	0.0
57	__rnase_site_ext	6.9	0.0	0.0
57	p0	0.9	0.0	0.0
57	p1	0.9	0.0	0.0
57	protein1	110.5	5.6	2.5851190500000003
57	protein2	95.2	6.55	2.65565475
57	protein3	68.55	6.45	2.5151785
57	r0	5.75	0.0	0.0
57	r2	6.3	0.0	0.0
57	rnapol	1.1	0.0	0.0
58	__protein1_rbs	2.8	0.0	0.0
58	__protein2_rbs	3.15	0.0	0.0
58	__protein3_rbs	2.45	0.0	0.0
58	__ribosome	51.75	0.0	0.0
58	__rnase_site_ext	6.8	0.0	0.0
58	p0	0.95	0.0	0.0
58	p1	0.9	0.0	0.0
58	protein1	113.15	5.7	2.54492055
58	protein2	98.4	6.65	2.6416072
58	protein3	71.85	6.3	2.6613689999999997
58	r0	5.75	0.0	0.0
58	r2	6.25	0.0	0.0
58	rnapol	1.15	0.0	0.0
59	__protein1_rbs	2.9	0.0	0.0
59	__protein2_rbs	3.15	0.0	0.0
59	__protein3_rbs	3.4	0.0	0.0
59	__ribosome	52.05	0.0	0.0
59	__rnase_site_ext	7.0	0.0	0.0
59	p0	0.65	0.0	0.0
59	p1	0.9	0.0	0.0
59	protein1	115.75	5.8	2.5914881000000003
59	protein2	102.05	6.5	2.62142855
59	protein3	74.9	6.35	2.5799999499999995
59	r0	5.65	0.0	0.0
59	r2	6.25	0.0	0.0
59	rnapol	1.15	0.0	0.0
60	__protein1_rbs	2.25	0.0	0.0
60	__protein2_rbs	3.55	0.0	0.0
60	__protein3_rbs	3.2	0.0	0.0
60	__ribosome	51.65	0.0	0.0
60	__rnase_site_ext	7.2	0.0	0.0
60	p0	0.8	0.0	0.0
60	p1	0.85	0.0	0.0
60	protein1	118.6	5.65	2.7419246999999998
60	protein2	104.85	6.5	2.62398815
60	protein3	78.05	6.3	2.6495238
60	r0	5.9	0.0	0.0
60	r2	6.15	0.0	0.0
60	rnapol	1.35	0.0	0.0
61	__protein1_rbs	3.0	0.0	0.0
61	__protein2_rbs	2.85	0.0	0.0
61	__protein3_rbs	2.95	0.0	0.0
61	__ribosome	51.45	0.0	0.0
61	__rnase_site_ext	7.4	0.0	0.0
61	p0	0.7	0.0	0.0
61	p1	0.7	0.0	0.0
61	protein1	121.65	5.85	2.6088889
61	protein2	108.15	6.5	2.6976388
61	protein3	81.25	6.3	2.6501786000000003
61	r0	6.05	0.0	0.0
61	r2	6.1	0.0	0.0
61	rnapol	1.2	0.0	0.0
62	__protein1_rbs	3.4	0.0	0.0
62	__protein2_rbs	3.05	0.0	0.0
62	__protein3_rbs	2.9	0.0	0.0
62	__ribosome	51.8	0.0	0.0
62	__rnase_site_ext	7.55	0.0	0.0
62	p0	0.9	0.0	0.0
62	p1	0.6	0.0	0.0
62	protein1	124.6	6.0	2.5357937
62	protein2	111.55	6.4	2.6953967999999997
62	protein3	84.35	6.25	2.7319048500000003
62	r0	6.3	0.0	0.0
62	r2	6.1	0.0	0.0
62	rnapol	1.2	0.0	0.0
63	__protein1_rbs	3.0	0.0	0.0
63	__protein2_rbs	3.05	0.0	0.0
63	__protein3_rbs	2.45	0.0	0.0
63	__ribosome	51.0	0.0	0.0
63	__rnase_site_ext	7.8	0.0	0.0
63	p0	0.6	0.0	0.0
63	p1	0.6	0.0	0.0
63	protein1	127.05	6.25	2.5692459999999997
63	protein2	115.15	6.45	2.6125594999999997
63	protein3	87.65	6.3	2.7344047
63	r0	6.45	0.0	0.0
63	r2	6.2	0.0	0.0
63	rnapol	0.8	0.0	0.0
64	__protein1_rbs	3.5	0.0	0.0
64	__protein2_rbs	3.4	0.0	0.0
64	__protein3_rbs	2.95	0.0	0.0
64	__ribosome	51.9	0.0	0.0
64	__rnase_site_ext	8.05	0.0	0.0
64	p0	0.75	0.0	0.0
64	p1	0.85	0.0	0.0
64	protein1	130.15	6.35	2.4487697
64	protein2	118.55	6.35	2.5762301
64	protein3	90.9	6.1	2.8155952500000003
64	r0	6.7	0.0	0.0
64	r2	6.4	0.0	0.0
64	rnapol	0.7	0.0	0.0
65	__protein1_rbs	3.25	0.0	0.0
65	__protein2_rbs	2.95	0.0	0.0
65	__protein3_rbs	3.5	0.0	0.0
65	__ribosome	51.3	0.0	0.0
65	__rnase_site_ext	8.05	0.0	0.0
65	p0	0.95	0.0	0.0
65	p1	0.85	0.0	0.0
65	protein1	133.15	6.7	2.3953968000000003
65	protein2	121.45	6.55	2.5849802000000004
65	protein3	93.9	6.2	2.67202385
65	r0	6.65	0.0	0.0
65	r2	6.4	0.0	0.0
65	rnapol	0.7	0.0	0.0
66	__protein1_rbs	3.1	0.0	0.0
66	__protein2_rbs	3.3	0.0	0.0
66	__protein3_rbs	2.9	0.0	0.0
66	__ribosome	50.8	0.0	0.0
66	__rnase_site_ext	8.1	0.0	0.0
66	p0	0.9	0.0	0.0
66	p1	0.7	0.0	0.0
66	protein1	136.15	6.65	2.45426585
66	protein2	124.75	6.6	2.53615075
66	protein3	97.4	6.4	2.62999995
66	r0	6.75	0.0	0.0
66	r2	6.3	0.0	0.0
66	rnapol	0.55	0.0	0.0
67	__protein1_rbs	3.55	0.0	0.0
67	__protein2_rbs	2.95	0.0	0.0
67	__protein3_rbs	3.2	0.0	0.0
67	__ribosome	49.8	0.0	0.0
67	__rnase_site_ext	7.95	0.0	0.0
67	p0	0.9	0.0	0.0
67	p1	0.6	0.0	0.0
67	protein1	139.15	6.6	2.5314285999999995
67	protein2	127.65	6.7	2.63956355
67	protein3	100.35	6.4	2.64978175
67	r0	6.6	0.0	0.0
67	r2	6.35	0.0	0.0
67	rnapol	0.5	0.0	0.0
68	__protein1_rbs	3.0	0.0	0.0
68	__protein2_rbs	3.5	0.0	0.0
68	__protein3_rbs	3.1	0.0	0.0
68	__ribosome	50.5	0.0	0.0
68	__rnase_site_ext	8.05	0.0	0.0
68	p0	0.95	0.0	0.0
68	p1	0.35	0.0	0.0
68	protein1	142.3	6.6	2.55553565
68	protein2	131.35	6.55	2.5750397000000005
68	protein3	103.95	6.4	2.5761309500000005
68	r0	6.6	0.0	0.0
68	r2	6.35	0.0	0.0
68	rnapol	0.55	0.0	0.0
69	__protein1_rbs	3.7	0.0	0.0
69	__protein2_rbs	3.15	0.0	0.0
69	__protein3_rbs	2.7	0.0	0.0
69	__ribosome	50.05	0.0	0.0
69	__rnase_site_ext	8.0	0.0	0.0
69	p0	0.85	0.0	0.0
69	p1	0.8	0.0	0.0
69	protein1	145.65	6.6	2.5504563
69	protein2	134.25	6.55	2.6440873500000004
69	protein3	107.4	6.35	2.64458335
69	r0	6.55	0.0	0.0
69	r2	6.4	0.0	0.0
69	rnapol	0.45	0.0	0.0
70	__protein1_rbs	3.05	0.0	0.0
70	__protein2_rbs	3.25	0.0	0.0
70	__protein3_rbs	3.3	0.0	0.0
70	__ribosome	49.6	0.0	0.0
70	__rnase_site_ext	8.0	0.0	0.0
70	p0	0.85	0.0	0.0
70	p1	0.65	0.0	0.0
70	protein1	148.75	6.6	2.626011800000001
70	protein2	137.75	6.75	2.55928035
70	protein3	110.1	6.4	2.6618452500000003
70	r0	6.7	0.0	0.0
70	r2	6.55	0.0	0.0
70	rnapol	0.35	0.0	0.0
71	__protein1_rbs	3.65	0.0	0.0
71	__protein2_rbs	4.2	0.0	0.0
71	__protein3_rbs	2.85	0.0	0.0
71	__ribosome	50.25	0.0	0.0
71	__rnase_site_ext	7.95	0.0	0.0
71	p0	0.95	0.0	0.0
71	p1	0.65	0.0	0.0
71	protein1	152.05	6.65	2.54472215
71	protein2	140.8	7.1	2.36705805
71	protein3	113.4	6.4	2.6461904
71	r0	6.6	0.0	0.0
71	r2	6.65	0.0	0.0
71	rnapol	0.4	0.0	0.0
72	__protein1_rbs	2.55	0.0	0.0
72	__protein2_rbs	3.4	0.0	0.0
72	__protein3_rbs	3.45	0.0	0.0
72	__ribosome	49.45	0.0	0.0
72	__rnase_site_ext	8.05	0.0	0.0
72	p0	0.9	0.0	0.0
72	p1	0.85	0.0	0.0
72	protein1	155.5	6.6	2.70136905
72	protein2	144.4	7.15	2.37656025
72	protein3	116.25	6.6	2.57529765
72	r0	6.7	0.0	0.0
72	r2	6.7	0.0	0.0
72	rnapol	0.35	0.0	0.0
73	__protein1_rbs	3.5	0.0	0.0
73	__protein2_rbs	3.6	0.0	0.0
73	__protein3_rbs	3.45	0.0	0.0
73	__ribosome	49.25	0.0	0.0
73	__rnase_site_ext	7.95	0.0	0.0
73	p0	0.95	0.0	0.0
73	p1	0.8	0.0	0.0
73	protein1	158.7	6.7	2.5681745000000005
73	protein2	147.55	7.3	2.399163
73	protein3	119.65	6.75	2.51198415
73	r0	6.65	0.0	0.0
73	r2	6.75	0.0	0.0
73	rnapol	0.4	0.0	0.0
74	__protein1_rbs	3.65	0.0	0.0
74	__protein2_rbs	3.5	0.0	0.0
74	__protein3_rbs	3.95	0.0	0.0
74	__ribosome	49.2	0.0	0.0
74	__rnase_site_ext	8.0	0.0	0.0
74	p0	0.95	0.0	0.0
74	p1	0.7	0.0	0.0
74	protein1	161.75	6.65	2.53597225
74	protein2	150.85	7.55	2.3765927500000004
74	protein3	123.15	6.9	2.4063688999999995
74	r0	6.6	0.0	0.0
74	r2	6.8	0.0	0.0
74	rnapol	0.3	0.0	0.0
75	__protein1_rbs	3.2	0.0	0.0
75	__protein2_rbs	3.95	0.0	0.0
75	__protein3_rbs	3.6	0.0	0.0
75	__ribosome	48.5	0.0	0.0
75	__rnase_site_ext	7.85	0.0	0.0
75	p0	1.0	0.0	0.0
75	p1	0.8	0.0	0.0
75	protein1	165.05	6.6	2.5654960499999997
75	protein2	154.05	7.75	2.4047222500000003
75	protein3	126.3	6.8	2.4533783500000004
75	r0	6.55	0.0	0.0
75	r2	6.8	0.0	0.0
75	rnapol	0.35	0.0	0.0
76	__protein1_rbs	3.25	0.0	0.0
76	__protein2_rbs	3.55	0.0	0.0
76	__protein3_rbs	3.05	0.0	0.0
76	__ribosome	46.7	0.0	0.0
76	__rnase_site_ext	7.7	0.0	0.0
76	p0	0.95	0.0	0.0
76	p1	0.7	0.0	0.0
76	protein1	168.25	6.55	2.57295635
76	protein2	156.85	7.8	2.5674097000000002
76	protein3	129.4	6.8	2.5015132999999996
76	r0	6.45	0.0	0.0
76	r2	6.9	0.0	0.0
76	rnapol	0.4	0.0	0.0
77	__protein1_rbs	3.1	0.0	0.0
77	__protein2_rbs	4.05	0.0	0.0
77	__protein3_rbs	3.6	0.0	0.0
77	__ribosome	47.75	0.0	0.0
77	__rnase_site_ext	7.7	0.0	0.0
77	p0	1.0	0.0	0.0
77	p1	0.7	0.0	0.0
77	protein1	172.05	6.5	2.4797421
77	protein2	160.8	7.9	2.5071915
77	protein3	132.75	6.9	2.4637101999999995
77	r0	6.45	0.0	0.0
77	r2	7.15	0.0	0.0
77	rnapol	0.55	0.0	0.0
78	__protein1_rbs	2.6	0.0	0.0
78	__protein2_rbs	4.05	0.0	0.0
78	__protein3_rbs	4.1	0.0	0.0
78	__ribosome	47.75	0.0	0.0
78	__rnase_site_ext	7.75	0.0	0.0
78	p0	0.9	0.0	0.0
78	p1	0.85	0.0	0.0
78	protein1	175.15	6.45	2.6398412999999996
78	protein2	164.55	7.85	2.5046482999999995
78	protein3	136.2	7.05	2.3708332999999997
78	r0	6.4	0.0	0.0
78	r2	7.3	0.0	0.0
78	rnapol	0.75	0.0	0.0
79	__protein1_rbs	3.15	0.0	0.0
79	__protein2_rbs	3.6	0.0	0.0
79	__protein3_rbs	3.7	0.0	0.0
79	__ribosome	46.65	0.0	0.0
79	__rnase_site_ext	7.75	0.0	0.0
79	p0	0.8	0.0	0.0
79	p1	0.85	0.0	0.0
79	protein1	178.0	6.4	2.6851389
79	protein2	168.15	7.85	2.55519115
79	protein3	139.45	7.25	2.38268215
79	r0	6.45	0.0	0.0
79	r2	7.4	0.0	0.0
79	rnapol	0.85	0.0	0.0
80	__protein1_rbs	2.9	0.0	0.0
80	__protein2_rbs	4.25	0.0	0.0
80	__protein3_rbs	4.2	0.0	0.0
80	__ribosome	46.7	0.0	0.0
80	__rnase_site_ext	7.7	0.0	0.0
80	p0	0.9	0.0	0.0
80	p1	0.85	0.0	0.0
80	protein1	181.25	6.45	2.66765875
80	protein2	172.15	8.0	2.49942825
80	protein3	142.3	7.4	2.3472780500000003
80	r0	6.5	0.0	0.0
80	r2	7.5	0.0	0.0
80	rnapol	0.8	0.0	0.0
81	__protein1_rbs	3.5	0.0	0.0
81	__protein2_rbs	4.3	0.0	0.0
81	__protein3_rbs	3.4	0.0	0.0
81	__ribosome	46.35	0.0	0.0
81	__rnase_site_ext	7.7	0.0	0.0
81	p0	0.95	0.0	0.0
81	p1	0.9	0.0	0.0
81	protein1	184.4	6.55	2.6273213500000003
81	protein2	176.0	7.95	2.48104985
81	protein3	145.6	7.5	2.4283766000000004
81	r0	6.4	0.0	0.0
81	r2	7.45	0.0	0.0
81	rnapol	0.8	0.0	0.0
82	__protein1_rbs	3.7	0.0	0.0
82	__protein2_rbs	4.15	0.0	0.0
82	__protein3_rbs	3.45	0.0	0.0
82	__ribosome	46.4	0.0	0.0
82	__rnase_site_ext	7.75	0.0	0.0
82	p0	0.85	0.0	0.0
82	p1	0.95	0.0	0.0
82	protein1	187.6	6.4	2.6546627499999995
82	protein2	179.65	7.95	2.5021032
82	protein3	149.5	7.55	2.41905125
82	r0	6.35	0.0	0.0
82	r2	7.55	0.0	0.0
82	rnapol	0.8	0.0	0.0
83	__protein1_rbs	3.6	0.0	0.0
83	__protein2_rbs	4.25	0.0	0.0
83	__protein3_rbs	4.25	0.0	0.0
83	__ribosome	46.7	0.0	0.0
83	__rnase_site_ext	7.7	0.0	0.0
83	p0	0.95	0.0	0.0
83	p1	0.95	0.0	0.0
83	protein1	190.85	6.45	2.5323809500000003
83	protein2	183.3	8.0	2.4696825
83	protein3	152.4	7.55	2.47077565
83	r0	6.5	0.0	0.0
83	r2	7.55	0.0	0.0
83	rnapol	1.05	0.0	0.0
84	__protein1_rbs	3.65	0.0	0.0
84	__protein2_rbs	3.75	0.0	0.0
84	__protein3_rbs	3.55	0.0	0.0
84	__ribosome	46.7	0.0	0.0
84	__rnase_site_ext	8.05	0.0	0.0
84	p0	0.7	0.0	0.0
84	p1	1.0	0.0	0.0
84	protein1	194.3	6.55	2.4157936500000003
84	protein2	187.6	7.9	2.4614662999999997
84	protein3	155.9	7.7	2.47996755
84	r0	6.45	0.0	0.0
84	r2	7.4	0.0	0.0
84	rnapol	0.95	0.0	0.0
85	__protein1_rbs	3.2	0.0	0.0
85	__protein2_rbs	3.65	0.0	0.0
85	__protein3_rbs	3.6	0.0	0.0
85	__ribosome	46.0	0.0	0.0
85	__rnase_site_ext	8.1	0.0	0.0
85	p0	0.85	0.0	0.0
85	p1	0.85	0.0	0.0
85	protein1	197.5	6.45	2.4433133999999996
85	protein2	191.25	7.75	2.55088925
85	protein3	159.2	7.7	2.56359665
85	r0	6.7	0.0	0.0
85	r2	7.65	0.0	0.0
85	rnapol	1.15	0.0	0.0
86	__protein1_rbs	3.55	0.0	0.0
86	__protein2_rbs	4.05	0.0	0.0
86	__protein3_rbs	4.15	0.0	0.0
86	__ribosome	46.7	0.0	0.0
86	__rnase_site_ext	8.15	0.0	0.0
86	p0	0.85	0.0	0.0
86	p1	0.7	0.0	0.0
86	protein1	200.5	6.7	2.32650795
86	protein2	194.8	7.6	2.5529726000000004
86	protein3	162.9	7.65	2.55171885
86	r0	6.7	0.0	0.0
86	r2	7.85	0.0	0.0
86	rnapol	1.1	0.0	0.0
87	__protein1_rbs	2.95	0.0	0.0
87	__protein2_rbs	3.95	0.0	0.0
87	__protein3_rbs	4.05	0.0	0.0
87	__ribosome	46.3	0.0	0.0
87	__rnase_site_ext	8.35	0.0	0.0
87	p0	0.8	0.0	0.0
87	p1	0.8	0.0	0.0
87	protein1	203.4	6.65	2.4780772
87	protein2	198.8	7.55	2.53809515
87	protein3	166.75	7.6	2.53003605
87	r0	6.8	0.0	0.0
87	r2	7.8	0.0	0.0
87	rnapol	1.25	0.0	0.0
88	__protein1_rbs	3.65	0.0	0.0
88	__protein2_rbs	3.25	0.0	0.0
88	__protein3_rbs	3.95	0.0	0.0
88	__ribosome	44.45	0.0	0.0
88	__rnase_site_ext	8.45	0.0	0.0
88	p0	0.9	0.0	0.0
88	p1	0.75	0.0	0.0
88	protein1	206.1	6.8	2.5126010000000005
88	protein2	202.15	7.45	2.6492857
88	protein3	169.95	7.85	2.50890335
88	r0	7.05	0.0	0.0
88	r2	7.75	0.0	0.0
88	rnapol	1.15	0.0	0.0
89	__protein1_rbs	4.05	0.0	0.0
89	__protein2_rbs	3.65	0.0	0.0
89	__protein3_rbs	4.4	0.0	0.0
89	__ribosome	46.55	0.0	0.0
89	__rnase_site_ext	8.65	0.0	0.0
89	p0	0.75	0.0	0.0
89	p1	0.8	0.0	0.0
89	protein1	209.4	7.05	2.3694770000000007
89	protein2	206.1	7.45	2.6226208
89	protein3	174.35	7.8	2.38720955
89	r0	7.15	0.0	0.0
89	r2	7.75	0.0	0.0
89	rnapol	1.1	0.0	0.0
90	__protein1_rbs	3.45	0.0	0.0
90	__protein2_rbs	3.75	0.0	0.0
90	__protein3_rbs	3.75	0.0	0.0
90	__ribosome	45.1	0.0	0.0
90	__rnase_site_ext	8.6	0.0	0.0
90	p0	0.95	0.0	0.0
90	p1	0.7	0.0	0.0
90	protein1	212.35	7.0	2.49536805
90	protein2	209.9	7.5	2.6268090500000003
90	protein3	177.5	7.8	2.4972168
90	r0	7.1	0.0	0.0
90	r2	7.6	0.0	0.0
90	rnapol	1.15	0.0	0.0
91	__protein1_rbs	3.5	0.0	0.0
91	__protein2_rbs	4.2	0.0	0.0
91	__protein3_rbs	3.5	0.0	0.0
91	__ribosome	45.25	0.0	0.0
91	__rnase_site_ext	8.75	0.0	0.0
91	p0	0.85	0.0	0.0
91	p1	0.7	0.0	0.0
91	protein1	215.45	7.05	2.5035516
91	protein2	213.85	7.45	2.54559525
91	protein3	181.5	7.8	2.48229435
91	r0	7.05	0.0	0.0
91	r2	7.5	0.0	0.0
91	rnapol	1.25	0.0	0.0
92	__protein1_rbs	3.55	0.0	0.0
92	__protein2_rbs	3.7	0.0	0.0
92	__protein3_rbs	3.8	0.0	0.0
92	__ribosome	45.15	0.0	0.0
92	__rnase_site_ext	8.8	0.0	0.0
92	p0	0.8	0.0	0.0
92	p1	0.8	0.0	0.0
92	protein1	218.95	7.05	2.4651587000000004
92	protein2	217.15	7.6	2.54184885
92	protein3	185.5	7.65	2.4941252
92	r0	7.25	0.0	0.0
92	r2	7.4	0.0	0.0
92	rnapol	1.1	0.0	0.0
93	__protein1_rbs	3.4	0.0	0.0
93	__protein2_rbs	3.6	0.0	0.0
93	__protein3_rbs	3.95	0.0	0.0
93	__ribosome	45.15	0.0	0.0
93	__rnase_site_ext	8.95	0.0	0.0
93	p0	0.8	0.0	0.0
93	p1	0.75	0.0	0.0
93	protein1	222.6	7.25	2.3584523999999996
93	protein2	221.0	7.6	2.5683911000000004
93	protein3	188.9	7.6	2.5305807999999996
93	r0	7.35	0.0	0.0
93	r2	7.3	0.0	0.0
93	rnapol	1.05	0.0	0.0
94	__protein1_rbs	4.6	0.0	0.0
94	__protein2_rbs	3.95	0.0	0.0
94	__protein3_rbs	4.4	0.0	0.0
94	__ribosome	45.75	0.0	0.0
94	__rnase_site_ext	9.1	0.0	0.0
94	p0	0.95	0.0	0.0
94	p1	0.7	0.0	0.0
94	protein1	225.0	7.4	2.3281944
94	protein2	224.85	7.9	2.4074982000000005
94	protein3	192.4	7.55	2.46928575
94	r0	7.55	0.0	0.0
94	r2	7.25	0.0	0.0
94	rnapol	1.05	0.0	0.0
95	__protein1_rbs	3.55	0.0	0.0
95	__protein2_rbs	4.05	0.0	0.0
95	__protein3_rbs	4.1	0.0	0.0
95	__ribosome	45.1	0.0	0.0
95	__rnase_site_ext	9.2	0.0	0.0
95	p0	0.7	0.0	0.0
95	p1	0.65	0.0	0.0
95	protein1	228.4	7.5	2.3736706
95	protein2	228.25	7.95	2.4769463
95	protein3	196.05	7.35	2.4661111
95	r0	7.55	0.0	0.0
95	r2	7.4	0.0	0.0
95	rnapol	0.85	0.0	0.0
96	__protein1_rbs	4.2	0.0	0.0
96	__protein2_rbs	3.85	0.0	0.0
96	__protein3_rbs	3.8	0.0	0.0
96	__ribosome	46.1	0.0	0.0
96	__rnase_site_ext	9.35	0.0	0.0
96	p0	0.85	0.0	0.0
96	p1	0.75	0.0	0.0
96	protein1	232.1	7.55	2.25662685
96	protein2	231.85	7.9	2.51168475
96	protein3	200.25	7.4	2.4199206
96	r0	7.8	0.0	0.0
96	r2	7.5	0.0	0.0
96	rnapol	0.85	0.0	0.0
97	__protein1_rbs	3.6	0.0	0.0
97	__protein2_rbs	4.25	0.0	0.0
97	__protein3_rbs	4.05	0.0	0.0
97	__ribosome	45.0	0.0	0.0
97	__rnase_site_ext	9.45	0.0	0.0
97	p0	0.8	0.0	0.0
97	p1	0.75	0.0	0.0
97	protein1	235.0	7.8	2.36529765
97	protein2	235.6	8.0	2.5090278500000003
97	protein3	203.9	7.4	2.3905784
97	r0	7.8	0.0	0.0
97	r2	7.45	0.0	0.0
97	rnapol	0.6	0.0	0.0
98	__protein1_rbs	4.05	0.0	0.0
98	__protein2_rbs	4.05	0.0	0.0
98	__protein3_rbs	3.2	0.0	0.0
98	__ribosome	44.4	0.0	0.0
98	__rnase_site_ext	9.6	0.0	0.0
98	p0	0.95	0.0	0.0
98	p1	0.7	0.0	0.0
98	protein1	239.0	7.9	2.28061505
98	protein2	239.15	8.1	2.5925054
98	protein3	207.35	7.5	2.4495635
98	r0	8.0	0.0	0.0
98	r2	7.35	0.0	0.0
98	rnapol	0.45	0.0	0.0
99	__protein1_rbs	4.6	0.0	0.0
99	__protein2_rbs	4.9	0.0	0.0
99	__protein3_rbs	4.05	0.0	0.0
99	__ribosome	45.2	0.0	0.0
99	__rnase_site_ext	9.55	0.0	0.0
99	p0	1.0	0.0	0.0
99	p1	0.75	0.0	0.0
99	protein1	242.5	7.95	2.28905295
99	protein2	243.5	8.2	2.4217659
99	protein3	210.55	7.6	2.47490085
99	r0	7.95	0.0	0.0
99	r2	7.25	0.0	0.0
99	rnapol	0.5	0.0	0.0
100	__protein1_rbs	4.6	0.0	0.0
100	__protein2_rbs	3.9	0.0	0.0
100	__protein3_rbs	3.85	0.0	0.0
100	__ribosome	44.0	0.0	0.0
100	__rnase_site_ext	9.5	0.0	0.0
100	p0	0.9	0.0	0.0
100	p1	0.65	0.0	0.0
100	protein1	245.7	7.95	2.2948863500000005
100	protein2	247.1	8.3	2.4728354500000003
100	protein3	213.65	7.5	2.57821075
100	r0	7.8	0.0	0.0
100	r2	7.3	0.0	0.0
100	rnapol	0.4	0.0	0.0
101	__protein1_rbs	4.25	0.0	0.0
101	__protein2_rbs	3.8	0.0	0.0
101	__protein3_rbs	4.5	0.0	0.0
101	__ribosome	43.8	0.0	0.0
101	__rnase_site_ext	9.6	0.0	0.0
101	p0	0.9	0.0	0.0
101	p1	0.8	0.0	0.0
101	protein1	248.95	7.8	2.3412499500000004
101	protein2	250.9	8.3	2.4877236000000003
101	protein3	217.0	7.45	2.5385534499999998
101	r0	7.95	0.0	0.0
101	r2	7.4	0.0	0.0
101	rnapol	0.4	0.0	0.0
102	__protein1_rbs	3.7	0.0	0.0
102	__protein2_rbs	4.1	0.0	0.0
102	__protein3_rbs	4.05	0.0	0.0
102	__ribosome	43.9	0.0	0.0
102	__rnase_site_ext	9.65	0.0	0.0
102	p0	1.0	0.0	0.0
102	p1	0.6	0.0	0.0
102	protein1	253.05	7.85	2.2992658500000003
102	protein2	254.4	8.3	2.5601857999999997
102	protein3	220.9	7.4	2.4878012500000004
102	r0	7.9	0.0	0.0
102	r2	7.35	0.0	0.0
102	rnapol	0.45	0.0	0.0
103	__protein1_rbs	3.9	0.0	0.0
103	__protein2_rbs	4.5	0.0	0.0
103	__protein3_rbs	3.95	0.0	0.0
103	__ribosome	44.05	0.0	0.0
103	__rnase_site_ext	9.75	0.0	0.0
103	p0	0.8	0.0	0.0
103	p1	0.7	0.0	0.0
103	protein1	256.6	7.9	2.30458155
103	protein2	258.55	8.5	2.4210011000000007
103	protein3	224.4	7.5	2.4304960500000004
103	r0	7.9	0.0	0.0
103	r2	7.4	0.0	0.0
103	rnapol	0.4	0.0	0.0
104	__protein1_rbs	4.15	0.0	0.0
104	__protein2_rbs	4.55	0.0	0.0
104	__protein3_rbs	4.3	0.0	0.0
104	__ribosome	44.4	0.0	0.0
104	__rnase_site_ext	9.75	0.0	0.0
104	p0	0.95	0.0	0.0
104	p1	0.8	0.0	0.0
104	protein1	260.2	7.85	2.3167424500000005
104	protein2	262.35	8.5	2.4025487
104	protein3	227.9	7.45	2.41141415
104	r0	7.9	0.0	0.0
104	r2	7.4	0.0	0.0
104	rnapol	0.5	0.0	0.0
105	__protein1_rbs	3.75	0.0	0.0
105	__protein2_rbs	4.35	0.0	0.0
105	__protein3_rbs	3.65	0.0	0.0
105	__ribosome	42.85	0.0	0.0
105	__rnase_site_ext	9.6	0.0	0.0
105	p0	0.95	0.0	0.0
105	p1	0.85	0.0	0.0
105	protein1	263.1	7.9	2.48452375
105	protein2	266.15	8.65	2.4292298999999997
105	protein3	232.0	7.6	2.3061562
105	r0	7.8	0.0	0.0
105	r2	7.45	0.0	0.0
105	rnapol	0.5	0.0	0.0
106	__protein1_rbs	4.55	0.0	0.0
106	__protein2_rbs	4.55	0.0	0.0
106	__protein3_rbs	4.1	0.0	0.0
106	__ribosome	42.85	0.0	0.0
106	__rnase_site_ext	9.6	0.0	0.0
106	p0	0.9	0.0	0.0
106	p1	1.0	0.0	0.0
106	protein1	266.25	7.75	2.5500397
106	protein2	270.55	8.85	2.3554166000000003
106	protein3	235.0	7.5	2.4178932
106	r0	7.7	0.0	0.0
106	r2	7.6	0.0	0.0
106	rnapol	0.6	0.0	0.0
107	__protein1_rbs	3.9	0.0	0.0
107	__protein2_rbs	5.0	0.0	0.0
107	__protein3_rbs	4.45	0.0	0.0
107	__ribosome	43.05	0.0	0.0
107	__rnase_site_ext	9.75	0.0	0.0
107	p0	0.85	0.0	0.0
107	p1	0.85	0.0	0.0
107	protein1	269.9	7.7	2.5938725499999995
107	protein2	274.5	9.0	2.3156817500000004
107	protein3	238.3	7.55	2.34689755
107	r0	7.65	0.0	0.0
107	r2	7.7	0.0	0.0
107	rnapol	0.7	0.0	0.0
108	__protein1_rbs	4.35	0.0	0.0
108	__protein2_rbs	4.15	0.0	0.0
108	__protein3_rbs	3.85	0.0	0.0
108	__ribosome	42.45	0.0	0.0
108	__rnase_site_ext	9.9	0.0	0.0
108	p0	0.75	0.0	0.0
108	p1	0.85	0.0	0.0
108	protein1	274.1	7.65	2.50398985
108	protein2	278.75	8.95	2.3738382999999996
108	protein3	241.1	7.6	2.4517622999999995
108	r0	7.75	0.0	0.0
108	r2	7.8	0.0	0.0
108	rnapol	0.6	0.0	0.0
109	__protein1_rbs	4.1	0.0	0.0
109	__protein2_rbs	4.55	0.0	0.0
109	__protein3_rbs	4.1	0.0	0.0
109	__ribosome	42.15	0.0	0.0
109	__rnase_site_ext	10.05	0.0	0.0
109	p0	0.9	0.0	0.0
109	p1	0.8	0.0	0.0
109	protein1	277.85	7.75	2.42933075
109	protein2	282.2	8.8	2.4612879000000003
109	protein3	244.55	7.8	2.3828301000000005
109	r0	8.05	0.0	0.0
109	r2	7.95	0.0	0.0
109	rnapol	0.5	0.0	0.0
110	__protein1_rbs	4.75	0.0	0.0
110	__protein2_rbs	4.55	0.0	0.0
110	__protein3_rbs	4.9	0.0	0.0
110	__ribosome	43.75	0.0	0.0
110	__rnase_site_ext	10.1	0.0	0.0
110	p0	0.85	0.0	0.0
110	p1	0.7	0.0	0.0
110	protein1	281.85	7.95	2.29438675
110	protein2	286.6	8.95	2.38560605
110	protein3	248.4	8.0	2.1730502
110	r0	7.95	0.0	0.0
110	r2	7.95	0.0	0.0
110	rnapol	0.55	0.0	0.0
111	__protein1_rbs	4.15	0.0	0.0
111	__protein2_rbs	5.0	0.0	0.0
111	__protein3_rbs	4.2	0.0	0.0
111	__ribosome	43.3	0.0	0.0
111	__rnase_site_ext	10.1	0.0	0.0
111	p0	0.85	0.0	0.0
111	p1	0.85	0.0	0.0
111	protein1	285.1	7.95	2.33795995
111	protein2	290.7	9.05	2.3410334500000003
111	protein3	251.95	8.05	2.19219335
111	r0	8.1	0.0	0.0
111	r2	8.1	0.0	0.0
111	rnapol	0.65	0.0	0.0
112	__protein1_rbs	4.75	0.0	0.0
112	__protein2_rbs	4.85	0.0	0.0
112	__protein3_rbs	4.45	0.0	0.0
112	__ribosome	43.5	0.0	0.0
112	__rnase_site_ext	10.05	0.0	0.0
112	p0	0.95	0.0	0.0
112	p1	0.85	0.0	0.0
112	protein1	288.95	8.1	2.20981605
112	protein2	294.4	9.05	2.4049603
112	protein3	255.15	7.95	2.16876625
112	r0	8.15	0.0	0.0
112	r2	8.05	0.0	0.0
112	rnapol	0.75	0.0	0.0
113	__protein1_rbs	4.35	0.0	0.0
113	__protein2_rbs	5.5	0.0	0.0
113	__protein3_rbs	4.55	0.0	0.0
113	__ribosome	43.65	0.0	0.0
113	__rnase_site_ext	9.95	0.0	0.0
113	p0	0.95	0.0	0.0
113	p1	0.7	0.0	0.0
113	protein1	292.35	8.15	2.27084235
113	protein2	299.0	8.95	2.3259226500000003
113	protein3	258.55	8.25	2.15971305
113	r0	8.05	0.0	0.0
113	r2	8.2	0.0	0.0
113	rnapol	0.8	0.0	0.0
114	__protein1_rbs	4.2	0.0	0.0
114	__protein2_rbs	4.65	0.0	0.0
114	__protein3_rbs	4.6	0.0	0.0
114	__ribosome	43.5	0.0	0.0
114	__rnase_site_ext	10.0	0.0	0.0
114	p0	0.9	0.0	0.0
114	p1	0.8	0.0	0.0
114	protein1	295.9	8.05	2.4042406
114	protein2	303.3	9.1	2.29681425
114	protein3	262.15	8.2	2.1422435500000003
114	r0	8.0	0.0	0.0
114	r2	8.15	0.0	0.0
114	rnapol	0.95	0.0	0.0
115	__protein1_rbs	3.95	0.0	0.0
115	__protein2_rbs	5.0	0.0	0.0
115	__protein3_rbs	4.15	0.0	0.0
115	__ribosome	42.1	0.0	0.0
115	__rnase_site_ext	10.05	0.0	0.0
115	p0	0.8	0.0	0.0
115	p1	0.7	0.0	0.0
115	protein1	299.5	8.05	2.4006548000000003
115	protein2	307.2	8.9	2.36386295
115	protein3	265.35	8.25	2.2941911
115	r0	8.05	0.0	0.0
115	r2	8.1	0.0	0.0
115	rnapol	0.9	0.0	0.0
116	__protein1_rbs	4.4	0.0	0.0
116	__protein2_rbs	4.95	0.0	0.0
116	__protein3_rbs	4.45	0.0	0.0
116	__ribosome	42.05	0.0	0.0
116	__rnase_site_ext	10.2	0.0	0.0
116	p0	0.9	0.0	0.0
116	p1	0.55	0.0	0.0
116	protein1	303.0	8.0	2.42513895
116	protein2	311.25	9.0	2.3256263500000007
116	protein3	269.0	8.25	2.2950641
116	r0	8.1	0.0	0.0
116	r2	8.05	0.0	0.0
116	rnapol	0.85	0.0	0.0
117	__protein1_rbs	4.75	0.0	0.0
117	__protein2_rbs	5.1	0.0	0.0
117	__protein3_rbs	4.35	0.0	0.0
117	__ribosome	42.45	0.0	0.0
117	__rnase_site_ext	10.15	0.0	0.0
117	p0	0.95	0.0	0.0
117	p1	0.8	0.0	0.0
117	protein1	306.3	8.05	2.38139965
117	protein2	315.7	9.0	2.2886419
117	protein3	272.35	8.2	2.3819679
117	r0	8.05	0.0	0.0
117	r2	8.05	0.0	0.0
117	rnapol	0.95	0.0	0.0
118	__protein1_rbs	4.2	0.0	0.0
118	__protein2_rbs	5.15	0.0	0.0
118	__protein3_rbs	4.8	0.0	0.0
118	__ribosome	42.4	0.0	0.0
118	__rnase_site_ext	10.3	0.0	0.0
118	p0	0.85	0.0	0.0
118	p1	0.8	0.0	0.0
118	protein1	310.4	8.05	2.385268700000001
118	protein2	319.4	8.95	2.3024742999999996
118	protein3	275.95	8.2	2.3554726
118	r0	8.05	0.0	0.0
118	r2	8.15	0.0	0.0
118	rnapol	1.1	0.0	0.0
119	__protein1_rbs	4.2	0.0	0.0
119	__protein2_rbs	5.5	0.0	0.0
119	__protein3_rbs	4.65	0.0	0.0
119	__ribosome	41.7	0.0	0.0
119	__rnase_site_ext	10.25	0.0	0.0
119	p0	0.9	0.0	0.0
119	p1	0.85	0.0	0.0
119	protein1	313.65	8.05	2.37617965
119	protein2	323.05	9.2	2.2510608
119	protein3	279.15	8.15	2.4022601000000003
119	r0	8.05	0.0	0.0
119	r2	8.35	0.0	0.0
119	rnapol	1.05	0.0	0.0
120	__protein1_rbs	4.2	0.0	0.0
120	__protein2_rbs	5.1	0.0	0.0
120	__protein3_rbs	3.8	0.0	0.0
120	__ribosome	42.15	0.0	0.0
120	__rnase_site_ext	10.4	0.0	0.0
120	p0	0.65	0.0	0.0
120	p1	0.9	0.0	0.0
120	protein1	317.8	8.05	2.37172625
120	protein2	327.2	9.3	2.2394116000000004
120	protein3	283.45	8.15	2.4000181
120	r0	8.05	0.0	0.0
120	r2	8.35	0.0	0.0
120	rnapol	0.95	0.0	0.0
121	__protein1_rbs	4.25	0.0	0.0
121	__protein2_rbs	4.85	0.0	0.0
121	__protein3_rbs	4.25	0.0	0.0
121	__ribosome	42.15	0.0	0.0
121	__rnase_site_ext	10.65	0.0	0.0
121	p0	0.8	0.0	0.0
121	p1	0.8	0.0	0.0
121	protein1	321.2	8.0	2.50460495
121	protein2	331.6	9.35	2.18842895
121	protein3	287.6	8.35	2.31126625
121	r0	8.4	0.0	0.0
121	r2	8.25	0.0	0.0
121	rnapol	0.75	0.0	0.0
122	__protein1_rbs	4.85	0.0	0.0
122	__protein2_rbs	5.0	0.0	0.0
122	__protein3_rbs	4.7	0.0	0.0
122	__ribosome	41.45	0.0	0.0
122	__rnase_site_ext	10.7	0.0	0.0
122	p0	0.9	0.0	0.0
122	p1	0.7	0.0	0.0
122	protein1	324.7	8.35	2.3115042999999997
122	protein2	335.35	9.25	2.2865800499999995
122	protein3	290.75	8.35	2.3512897000000006
122	r0	8.6	0.0	0.0
122	r2	8.2	0.0	0.0
122	rnapol	0.6	0.0	0.0
123	__protein1_rbs	4.6	0.0	0.0
123	__protein2_rbs	5.55	0.0	0.0
123	__protein3_rbs	5.35	0.0	0.0
123	__ribosome	41.2	0.0	0.0
123	__rnase_site_ext	10.65	0.0	0.0
123	p0	0.9	0.0	0.0
123	p1	0.7	0.0	0.0
123	protein1	327.95	8.5	2.2922510000000003
123	protein2	339.2	9.2	2.3031944500000003
123	protein3	294.35	8.4	2.291903
123	r0	8.45	0.0	0.0
123	r2	8.2	0.0	0.0
123	rnapol	0.6	0.0	0.0
124	__protein1_rbs	4.6	0.0	0.0
124	__protein2_rbs	5.45	0.0	0.0
124	__protein3_rbs	3.85	0.0	0.0
124	__ribosome	41.5	0.0	0.0
124	__rnase_site_ext	10.65	0.0	0.0
124	p0	0.85	0.0	0.0
124	p1	0.85	0.0	0.0
124	protein1	332.25	8.5	2.3257071
124	protein2	343.3	9.05	2.2752221999999995
124	protein3	298.15	8.3	2.3535913000000006
124	r0	8.35	0.0	0.0
124	r2	8.35	0.0	0.0
124	rnapol	0.6	0.0	0.0
125	__protein1_rbs	4.6	0.0	0.0
125	__protein2_rbs	4.45	0.0	0.0
125	__protein3_rbs	4.6	0.0	0.0
125	__ribosome	40.85	0.0	0.0
125	__rnase_site_ext	10.8	0.0	0.0
125	p0	0.8	0.0	0.0
125	p1	0.8	0.0	0.0
125	protein1	335.95	8.3	2.2811615000000005
125	protein2	347.05	9.15	2.3422706
125	protein3	301.95	8.25	2.3224006999999998
125	r0	8.25	0.0	0.0
125	r2	8.45	0.0	0.0
125	rnapol	0.5	0.0	0.0
126	__protein1_rbs	4.5	0.0	0.0
126	__protein2_rbs	5.65	0.0	0.0
126	__protein3_rbs	4.6	0.0	0.0
126	__ribosome	41.65	0.0	0.0
126	__rnase_site_ext	10.8	0.0	0.0
126	p0	0.9	0.0	0.0
126	p1	0.75	0.0	0.0
126	protein1	339.15	8.3	2.3360984
126	protein2	351.25	9.3	2.2750688500000003
126	protein3	306.05	8.45	2.2382576000000003
126	r0	8.35	0.0	0.0
126	r2	8.6	0.0	0.0
126	rnapol	0.55	0.0	0.0
127	__protein1_rbs	4.65	0.0	0.0
127	__protein2_rbs	4.6	0.0	0.0
127	__protein3_rbs	4.0	0.0	0.0
127	__ribosome	40.95	0.0	0.0
127	__rnase_site_ext	10.8	0.0	0.0
127	p0	0.95	0.0	0.0
127	p1	0.6	0.0	0.0
127	protein1	342.8	8.4	2.2961363
127	protein2	355.9	9.4	2.2728331500000003
127	protein3	309.5	8.45	2.31414505
127	r0	8.35	0.0	0.0
127	r2	8.55	0.0	0.0
127	rnapol	0.55	0.0	0.0
128	__protein1_rbs	4.75	0.0	0.0
128	__protein2_rbs	5.4	0.0	0.0
128	__protein3_rbs	4.7	0.0	0.0
128	__ribosome	40.75	0.0	0.0
128	__rnase_site_ext	10.8	0.0	0.0
128	p0	0.9	0.0	0.0
128	p1	0.55	0.0	0.0
128	protein1	347.15	8.35	2.2803029500000003
128	protein2	359.5	9.4	2.3116220499999995
128	protein3	312.85	8.55	2.31555365
128	r0	8.35	0.0	0.0
128	r2	8.5	0.0	0.0
128	rnapol	0.6	0.0	0.0
129	__protein1_rbs	4.6	0.0	0.0
129	__protein2_rbs	4.8	0.0	0.0
129	__protein3_rbs	4.7	0.0	0.0
129	__ribosome	41.4	0.0	0.0
129	__rnase_site_ext	10.8	0.0	0.0
129	p0	0.9	0.0	0.0
129	p1	0.6	0.0	0.0
129	protein1	351.1	8.35	2.2218867
129	protein2	363.55	9.25	2.4079718999999997
129	protein3	317.35	8.7	2.23376215
129	r0	8.35	0.0	0.0
129	r2	8.45	0.0	0.0
129	rnapol	0.6	0.0	0.0
130	__protein1_rbs	4.6	0.0	0.0
130	__protein2_rbs	5.4	0.0	0.0
130	__protein3_rbs	4.5	0.0	0.0
130	__ribosome	41.0	0.0	0.0
130	__rnase_site_ext	10.85	0.0	0.0
130	p0	0.85	0.0	0.0
130	p1	0.65	0.0	0.0
130	protein1	354.5	8.4	2.3222419999999997
130	protein2	367.95	9.55	2.2382902
130	protein3	320.55	8.65	2.32937115
130	r0	8.45	0.0	0.0
130	r2	8.35	0.0	0.0
130	rnapol	0.45	0.0	0.0
131	__protein1_rbs	4.45	0.0	0.0
131	__protein2_rbs	5.2	0.0	0.0
131	__protein3_rbs	4.45	0.0	0.0
131	__ribosome	39.1	0.0	0.0
131	__rnase_site_ext	10.7	0.0	0.0
131	p0	1.0	0.0	0.0
131	p1	0.75	0.0	0.0
131	protein1	357.65	8.45	2.3421464500000004
131	protein2	371.9	9.75	2.23553705
131	protein3	323.95	8.5	2.5100826
131	r0	8.5	0.0	0.0
131	r2	8.5	0.0	0.0
131	rnapol	0.65	0.0	0.0
132	__protein1_rbs	4.9	0.0	0.0
132	__protein2_rbs	5.25	0.0	0.0
132	__protein3_rbs	4.8	0.0	0.0
132	__ribosome	39.15	0.0	0.0
132	__rnase_site_ext	10.65	0.0	0.0
132	p0	0.85	0.0	0.0
132	p1	0.75	0.0	0.0
132	protein1	361.05	8.5	2.3013131000000002
132	protein2	376.25	9.9	2.2358614500000003
132	protein3	327.9	8.5	2.43034755
132	r0	8.25	0.0	0.0
132	r2	8.5	0.0	0.0
132	rnapol	0.75	0.0	0.0
133	__protein1_rbs	4.75	0.0	0.0
133	__protein2_rbs	5.0	0.0	0.0
133	__protein3_rbs	4.65	0.0	0.0
133	__ribosome	39.8	0.0	0.0
133	__rnase_site_ext	10.8	0.0	0.0
133	p0	0.8	0.0	0.0
133	p1	0.8	0.0	0.0
133	protein1	365.2	8.35	2.22648985
133	protein2	380.3	9.8	2.31357065
133	protein3	331.85	8.55	2.4092094000000004
133	r0	8.35	0.0	0.0
133	r2	8.65	0.0	0.0
133	rnapol	0.75	0.0	0.0
134	__protein1_rbs	4.75	0.0	0.0
134	__protein2_rbs	5.9	0.0	0.0
134	__protein3_rbs	4.9	0.0	0.0
134	__ribosome	40.25	0.0	0.0
134	__rnase_site_ext	10.9	0.0	0.0
134	p0	0.95	0.0	0.0
134	p1	0.85	0.0	0.0
134	protein1	368.9	8.35	2.2169228
134	protein2	384.15	9.8	2.3047139
134	protein3	335.85	8.65	2.33617495
134	r0	8.6	0.0	0.0
134	r2	8.6	0.0	0.0
134	rnapol	0.7	0.0	0.0
135	__protein1_rbs	5.1	0.0	0.0
135	__protein2_rbs	5.0	0.0	0.0
135	__protein3_rbs	4.45	0.0	0.0
135	__ribosome	40.3	0.0	0.0
135	__rnase_site_ext	10.8	0.0	0.0
135	p0	0.95	0.0	0.0
135	p1	0.95	0.0	0.0
135	protein1	372.8	8.55	2.13963385
135	protein2	388.35	9.85	2.31612375
135	protein3	339.75	8.6	2.367982
135	r0	8.6	0.0	0.0
135	r2	8.5	0.0	0.0
135	rnapol	0.8	0.0	0.0
136	__protein1_rbs	4.95	0.0	0.0
136	__protein2_rbs	5.2	0.0	0.0
136	__protein3_rbs	4.9	0.0	0.0
136	__ribosome	40.6	0.0	0.0
136	__rnase_site_ext	10.9	0.0	0.0
136	p0	0.9	0.0	0.0
136	p1	0.7	0.0	0.0
136	protein1	376.05	8.6	2.09001265
136	protein2	392.45	9.8	2.3117832000000003
136	protein3	344.0	8.65	2.29467225
136	r0	8.6	0.0	0.0
136	r2	8.5	0.0	0.0
136	rnapol	0.65	0.0	0.0
137	__protein1_rbs	5.0	0.0	0.0
137	__protein2_rbs	5.6	0.0	0.0
137	__protein3_rbs	4.8	0.0	0.0
137	__ribosome	41.7	0.0	0.0
137	__rnase_site_ext	10.9	0.0	0.0
137	p0	0.95	0.0	0.0
137	p1	0.75	0.0	0.0
137	protein1	379.85	8.55	2.11323595
137	protein2	397.3	9.85	2.23060605
137	protein3	347.85	8.55	2.3398941000000004
137	r0	8.5	0.0	0.0
137	r2	8.65	0.0	0.0
137	rnapol	0.65	0.0	0.0
138	__protein1_rbs	4.85	0.0	0.0
138	__protein2_rbs	5.65	0.0	0.0
138	__protein3_rbs	5.2	0.0	0.0
138	__ribosome	41.95	0.0	0.0
138	__rnase_site_ext	10.85	0.0	0.0
138	p0	0.85	0.0	0.0
138	p1	0.9	0.0	0.0
138	protein1	383.35	8.45	2.1584343500000003
138	protein2	401.8	9.9	2.19657055
138	protein3	351.25	8.8	2.24499745
138	r0	8.4	0.0	0.0
138	r2	8.85	0.0	0.0
138	rnapol	0.7	0.0	0.0
139	__protein1_rbs	4.45	0.0	0.0
139	__protein2_rbs	5.4	0.0	0.0
139	__protein3_rbs	4.3	0.0	0.0
139	__ribosome	40.1	0.0	0.0
139	__rnase_site_ext	10.85	0.0	0.0
139	p0	0.85	0.0	0.0
139	p1	0.75	0.0	0.0
139	protein1	386.75	8.5	2.1773213999999994
139	protein2	405.6	9.85	2.2946561999999995
139	protein3	355.05	8.85	2.29051395
139	r0	8.4	0.0	0.0
139	r2	8.85	0.0	0.0
139	rnapol	0.6	0.0	0.0
140	__protein1_rbs	4.55	0.0	0.0
140	__protein2_rbs	6.1	0.0	0.0
140	__protein3_rbs	5.0	0.0	0.0
140	__ribosome	40.35	0.0	0.0
140	__rnase_site_ext	10.85	0.0	0.0
140	p0	0.85	0.0	0.0
140	p1	0.65	0.0	0.0
140	protein1	389.85	8.4	2.2626244
140	protein2	410.05	9.95	2.2603205
140	protein3	359.15	8.85	2.27809525
140	r0	8.35	0.0	0.0
140	r2	8.95	0.0	0.0
140	rnapol	0.6	0.0	0.0
141	__protein1_rbs	4.75	0.0	0.0
141	__protein2_rbs	5.5	0.0	0.0
141	__protein3_rbs	5.25	0.0	0.0
141	__ribosome	40.75	0.0	0.0
141	__rnase_site_ext	10.95	0.0	0.0
141	p0	0.85	0.0	0.0
141	p1	0.75	0.0	0.0
141	protein1	393.65	8.4	2.2943272
141	protein2	414.0	9.65	2.3131061
141	protein3	362.9	8.9	2.2214146
141	r0	8.4	0.0	0.0
141	r2	8.95	0.0	0.0
141	rnapol	0.65	0.0	0.0
142	__protein1_rbs	4.8	0.0	0.0
142	__protein2_rbs	4.75	0.0	0.0
142	__protein3_rbs	5.2	0.0	0.0
142	__ribosome	40.15	0.0	0.0
142	__rnase_site_ext	11.0	0.0	0.0
142	p0	0.9	0.0	0.0
142	p1	0.85	0.0	0.0
142	protein1	396.95	8.4	2.3177795
142	protein2	418.6	9.7	2.23993445
142	protein3	366.55	9.1	2.19295215
142	r0	8.5	0.0	0.0
142	r2	8.95	0.0	0.0
142	rnapol	0.75	0.0	0.0
143	__protein1_rbs	4.45	0.0	0.0
143	__protein2_rbs	6.1	0.0	0.0
143	__protein3_rbs	5.15	0.0	0.0
143	__ribosome	39.9	0.0	0.0
143	__rnase_site_ext	10.9	0.0	0.0
143	p0	0.9	0.0	0.0
143	p1	0.85	0.0	0.0
143	protein1	400.35	8.5	2.31242785
143	protein2	422.7	9.7	2.1880359
143	protein3	370.2	9.2	2.24690945
143	r0	8.4	0.0	0.0
143	r2	9.0	0.0	0.0
143	rnapol	0.8	0.0	0.0
144	__protein1_rbs	5.4	0.0	0.0
144	__protein2_rbs	4.85	0.0	0.0
144	__protein3_rbs	4.9	0.0	0.0
144	__ribosome	40.55	0.0	0.0
144	__rnase_site_ext	10.85	0.0	0.0
144	p0	0.9	0.0	0.0
144	p1	0.7	0.0	0.0
144	protein1	403.9	8.45	2.27937955
144	protein2	427.25	9.65	2.176659400000001
144	protein3	374.6	9.0	2.32838095
144	r0	8.4	0.0	0.0
144	r2	8.9	0.0	0.0
144	rnapol	0.95	0.0	0.0
145	__protein1_rbs	4.4	0.0	0.0
145	__protein2_rbs	4.9	0.0	0.0
145	__protein3_rbs	5.2	0.0	0.0
145	__ribosome	40.3	0.0	0.0
145	__rnase_site_ext	11.0	0.0	0.0
145	p0	0.9	0.0	0.0
145	p1	0.65	0.0	0.0
145	protein1	408.15	8.4	2.2594657
145	protein2	430.75	9.7	2.28339465
145	protein3	378.75	9.05	2.25804485
145	r0	8.45	0.0	0.0
145	r2	8.9	0.0	0.0
145	rnapol	1.05	0.0	0.0
146	__protein1_rbs	4.5	0.0	0.0
146	__protein2_rbs	5.4	0.0	0.0
146	__protein3_rbs	4.7	0.0	0.0
146	__ribosome	39.2	0.0	0.0
146	__rnase_site_ext	11.05	0.0	0.0
146	p0	0.75	0.0	0.0
146	p1	0.65	0.0	0.0
146	protein1	411.4	8.45	2.29821365
146	protein2	435.35	9.85	2.21302455
146	protein3	382.25	9.0	2.34600715
146	r0	8.45	0.0	0.0
146	r2	8.95	0.0	0.0
146	rnapol	0.9	0.0	0.0
147	__protein1_rbs	4.5	0.0	0.0
147	__protein2_rbs	5.2	0.0	0.0
147	__protein3_rbs	4.9	0.0	0.0
147	__ribosome	38.6	0.0	0.0
147	__rnase_site_ext	11.2	0.0	0.0
147	p0	0.8	0.0	0.0
147	p1	0.7	0.0	0.0
147	protein1	415.2	8.55	2.2858465000000003
147	protein2	439.45	9.7	2.3341706
147	protein3	386.1	9.0	2.3727398500000003
147	r0	8.65	0.0	0.0
147	r2	8.85	0.0	0.0
147	rnapol	0.9	0.0	0.0
148	__protein1_rbs	4.9	0.0	0.0
148	__protein2_rbs	5.5	0.0	0.0
148	__protein3_rbs	4.9	0.0	0.0
148	__ribosome	38.75	0.0	0.0
148	__rnase_site_ext	11.2	0.0	0.0
148	p0	0.95	0.0	0.0
148	p1	0.85	0.0	0.0
148	protein1	419.3	8.55	2.1974884500000003
148	protein2	443.15	9.85	2.3087615
148	protein3	389.75	8.95	2.33664685
148	r0	8.65	0.0	0.0
148	r2	9.05	0.0	0.0
148	rnapol	1.0	0.0	0.0
149	__protein1_rbs	5.55	0.0	0.0
149	__protein2_rbs	5.0	0.0	0.0
149	__protein3_rbs	4.6	0.0	0.0
149	__ribosome	38.9	0.0	0.0
149	__rnase_site_ext	11.35	0.0	0.0
149	p0	0.7	0.0	0.0
149	p1	0.85	0.0	0.0
149	protein1	422.55	8.6	2.18553515
149	protein2	447.65	9.85	2.3337888
149	protein3	393.9	9.0	2.3085859
149	r0	8.65	0.0	0.0
149	r2	9.05	0.0	0.0
149	rnapol	0.85	0.0	0.0
150	__protein1_rbs	4.95	0.0	0.0
150	__protein2_rbs	5.55	0.0	0.0
150	__protein3_rbs	5.0	0.0	0.0
150	__ribosome	38.55	0.0	0.0
150	__rnase_site_ext	11.6	0.0	0.0
150	p0	0.8	0.0	0.0
150	p1	0.85	0.0	0.0
150	protein1	426.15	8.65	2.18141355
150	protein2	451.8	9.95	2.28945025
150	protein3	398.05	9.05	2.2960317000000003
150	r0	8.95	0.0	0.0
150	r2	9.05	0.0	0.0
150	rnapol	0.65	0.0	0.0
151	__protein1_rbs	5.5	0.0	0.0
151	__protein2_rbs	4.7	0.0	0.0
151	__protein3_rbs	5.1	0.0	0.0
151	__ribosome	39.05	0.0	0.0
151	__rnase_site_ext	11.55	0.0	0.0
151	p0	0.9	0.0	0.0
151	p1	0.75	0.0	0.0
151	protein1	430.25	8.85	2.09184235
151	protein2	456.4	9.8	2.3589531000000004
151	protein3	402.15	9.1	2.2362264999999995
151	r0	9.0	0.0	0.0
151	r2	9.15	0.0	0.0
151	rnapol	0.6	0.0	0.0
152	__protein1_rbs	5.3	0.0	0.0
152	__protein2_rbs	5.65	0.0	0.0
152	__protein3_rbs	5.1	0.0	0.0
152	__ribosome	39.5	0.0	0.0
152	__rnase_site_ext	11.55	0.0	0.0
152	p0	0.85	0.0	0.0
152	p1	0.75	0.0	0.0
152	protein1	434.2	9.05	1.9931258
152	protein2	460.35	9.95	2.32618025
152	protein3	406.15	9.0	2.27622285
152	r0	8.95	0.0	0.0
152	r2	9.3	0.0	0.0
152	rnapol	0.6	0.0	0.0
153	__protein1_rbs	4.85	0.0	0.0
153	__protein2_rbs	5.75	0.0	0.0
153	__protein3_rbs	4.75	0.0	0.0
153	__ribosome	39.45	0.0	0.0
153	__rnase_site_ext	11.45	0.0	0.0
153	p0	0.85	0.0	0.0
153	p1	0.65	0.0	0.0
153	protein1	438.0	8.9	2.04903635
153	protein2	464.8	9.85	2.3424798000000004
153	protein3	409.75	9.15	2.29022725
153	r0	8.9	0.0	0.0
153	r2	9.2	0.0	0.0
153	rnapol	0.6	0.0	0.0
154	__protein1_rbs	5.1	0.0	0.0
154	__protein2_rbs	5.8	0.0	0.0
154	__protein3_rbs	4.85	0.0	0.0
154	__ribosome	39.85	0.0	0.0
154	__rnase_site_ext	11.25	0.0	0.0
154	p0	1.0	0.0	0.0
154	p1	0.75	0.0	0.0
154	protein1	441.1	9.0	2.0513229
154	protein2	469.85	9.95	2.232635150000001
154	protein3	413.85	9.35	2.2598263500000004
154	r0	8.75	0.0	0.0
154	r2	9.2	0.0	0.0
154	rnapol	0.7	0.0	0.0
155	__protein1_rbs	4.85	0.0	0.0
155	__protein2_rbs	5.05	0.0	0.0
155	__protein3_rbs	5.3	0.0	0.0
155	__ribosome	39.7	0.0	0.0
155	__rnase_site_ext	11.3	0.0	0.0
155	p0	0.8	0.0	0.0
155	p1	0.7	0.0	0.0
155	protein1	444.45	8.8	2.1706547000000005
155	protein2	473.6	9.9	2.31918725
155	protein3	418.35	9.3	2.1953545
155	r0	8.7	0.0	0.0
155	r2	9.25	0.0	0.0
155	rnapol	0.7	0.0	0.0
156	__protein1_rbs	4.5	0.0	0.0
156	__protein2_rbs	6.05	0.0	0.0
156	__protein3_rbs	5.95	0.0	0.0
156	__ribosome	40.15	0.0	0.0
156	__rnase_site_ext	11.5	0.0	0.0
156	p0	0.85	0.0	0.0
156	p1	0.65	0.0	0.0
156	protein1	447.8	8.75	2.26781675
156	protein2	478.55	10.05	2.1345431500000003
156	protein3	422.3	9.45	2.1253958500000003
156	r0	8.75	0.0	0.0
156	r2	9.15	0.0	0.0
156	rnapol	0.65	0.0	0.0
157	__protein1_rbs	4.45	0.0	0.0
157	__protein2_rbs	5.4	0.0	0.0
157	__protein3_rbs	4.85	0.0	0.0
157	__ribosome	38.0	0.0	0.0
157	__rnase_site_ext	11.5	0.0	0.0
157	p0	0.95	0.0	0.0
157	p1	0.65	0.0	0.0
157	protein1	451.4	8.75	2.3331148500000003
157	protein2	482.6	9.75	2.2645865
157	protein3	425.65	9.4	2.27112395
157	r0	8.8	0.0	0.0
157	r2	9.15	0.0	0.0
157	rnapol	0.65	0.0	0.0
158	__protein1_rbs	4.75	0.0	0.0
158	__protein2_rbs	5.9	0.0	0.0
158	__protein3_rbs	5.6	0.0	0.0
158	__ribosome	38.2	0.0	0.0
158	__rnase_site_ext	11.5	0.0	0.0
158	p0	0.85	0.0	0.0
158	p1	0.8	0.0	0.0
158	protein1	455.1	8.85	2.33326835
158	protein2	486.6	9.9	2.1951324000000003
158	protein3	429.9	9.25	2.2709842
158	r0	8.7	0.0	0.0
158	r2	9.15	0.0	0.0
158	rnapol	0.55	0.0	0.0
159	__protein1_rbs	5.5	0.0	0.0
159	__protein2_rbs	5.45	0.0	0.0
159	__protein3_rbs	5.0	0.0	0.0
159	__ribosome	39.25	0.0	0.0
159	__rnase_site_ext	11.65	0.0	0.0
159	p0	0.65	0.0	0.0
159	p1	0.75	0.0	0.0
159	protein1	459.15	8.7	2.288021250000001
159	protein2	490.95	9.95	2.1792898000000003
159	protein3	434.1	9.2	2.3070275
159	r0	8.65	0.0	0.0
159	r2	9.05	0.0	0.0
159	rnapol	0.4	0.0	0.0
160	__protein1_rbs	5.0	0.0	0.0
160	__protein2_rbs	5.9	0.0	0.0
160	__protein3_rbs	5.35	0.0	0.0
160	__ribosome	39.3	0.0	0.0
160	__rnase_site_ext	11.8	0.0	0.0
160	p0	0.95	0.0	0.0
160	p1	0.8	0.0	0.0
160	protein1	462.75	8.7	2.2886688500000005
160	protein2	495.15	10.15	2.1427033
160	protein3	437.95	9.15	2.2913618
160	r0	8.95	0.0	0.0
160	r2	9.25	0.0	0.0
160	rnapol	0.35	0.0	0.0
161	__protein1_rbs	5.65	0.0	0.0
161	__protein2_rbs	5.15	0.0	0.0
161	__protein3_rbs	5.2	0.0	0.0
161	__ribosome	38.5	0.0	0.0
161	__rnase_site_ext	11.55	0.0	0.0
161	p0	1.0	0.0	0.0
161	p1	0.9	0.0	0.0
161	protein1	467.05	8.9	2.14524845
161	protein2	499.1	10.1	2.2088167000000003
161	protein3	441.35	9.2	2.33891615
161	r0	8.85	0.0	0.0
161	r2	9.3	0.0	0.0
161	rnapol	0.5	0.0	0.0
162	__protein1_rbs	5.1	0.0	0.0
162	__protein2_rbs	5.5	0.0	0.0
162	__protein3_rbs	4.8	0.0	0.0
162	__ribosome	38.35	0.0	0.0
162	__rnase_site_ext	11.55	0.0	0.0
162	p0	0.9	0.0	0.0
162	p1	0.75	0.0	0.0
162	protein1	470.95	8.95	2.1543874
162	protein2	503.15	10.1	2.2569155500000004
162	protein3	446.0	9.3	2.2745210000000005
162	r0	8.8	0.0	0.0
162	r2	9.25	0.0	0.0
162	rnapol	0.6	0.0	0.0
163	__protein1_rbs	5.55	0.0	0.0
163	__protein2_rbs	5.3	0.0	0.0
163	__protein3_rbs	4.65	0.0	0.0
163	__ribosome	38.05	0.0	0.0
163	__rnase_site_ext	11.75	0.0	0.0
163	p0	0.8	0.0	0.0
163	p1	0.7	0.0	0.0
163	protein1	474.85	8.8	2.15007755
163	protein2	507.05	10.15	2.3349439999999997
163	protein3	450.0	9.3	2.2176342
163	r0	8.95	0.0	0.0
163	r2	9.2	0.0	0.0
163	rnapol	0.6	0.0	0.0
164	__protein1_rbs	5.25	0.0	0.0
164	__protein2_rbs	5.15	0.0	0.0
164	__protein3_rbs	5.8	0.0	0.0
164	__ribosome	38.05	0.0	0.0
164	__rnase_site_ext	11.8	0.0	0.0
164	p0	0.85	0.0	0.0
164	p1	0.8	0.0	0.0
164	protein1	478.35	8.9	2.1542839000000003
164	protein2	511.75	10.05	2.329356
164	protein3	453.85	9.35	2.1830223500000003
164	r0	9.1	0.0	0.0
164	r2	9.05	0.0	0.0
164	rnapol	0.65	0.0	0.0
165	__protein1_rbs	5.25	0.0	0.0
165	__protein2_rbs	5.45	0.0	0.0
165	__protein3_rbs	5.5	0.0	0.0
165	__ribosome	37.9	0.0	0.0
165	__rnase_site_ext	11.6	0.0	0.0
165	p0	0.95	0.0	0.0
165	p1	0.75	0.0	0.0
165	protein1	482.45	9.1	2.03833185
165	protein2	516.15	10.1	2.35200755
165	protein3	457.85	9.45	2.2240598
165	r0	8.95	0.0	0.0
165	r2	9.15	0.0	0.0
165	rnapol	0.7	0.0	0.0
166	__protein1_rbs	4.5	0.0	0.0
166	__protein2_rbs	6.6	0.0	0.0
166	__protein3_rbs	5.45	0.0	0.0
166	__ribosome	37.6	0.0	0.0
166	__rnase_site_ext	11.75	0.0	0.0
166	p0	0.75	0.0	0.0
166	p1	0.65	0.0	0.0
166	protein1	485.75	9.0	2.1945138500000003
166	protein2	520.35	10.3	2.2164724
166	protein3	461.45	9.2	2.3242467
166	r0	8.9	0.0	0.0
166	r2	9.3	0.0	0.0
166	rnapol	0.45	0.0	0.0
167	__protein1_rbs	5.45	0.0	0.0
167	__protein2_rbs	5.65	0.0	0.0
167	__protein3_rbs	5.5	0.0	0.0
167	__ribosome	38.3	0.0	0.0
167	__rnase_site_ext	11.65	0.0	0.0
167	p0	0.85	0.0	0.0
167	p1	0.7	0.0	0.0
167	protein1	489.55	8.9	2.2183636000000004
167	protein2	525.2	10.15	2.23520105
167	protein3	465.5	9.35	2.3377208
167	r0	9.1	0.0	0.0
167	r2	9.35	0.0	0.0
167	rnapol	0.45	0.0	0.0
168	__protein1_rbs	5.05	0.0	0.0
168	__protein2_rbs	5.35	0.0	0.0
168	__protein3_rbs	4.85	0.0	0.0
168	__ribosome	37.85	0.0	0.0
168	__rnase_site_ext	11.65	0.0	0.0
168	p0	0.9	0.0	0.0
168	p1	0.95	0.0	0.0
168	protein1	493.1	9.1	2.2127467
168	protein2	530.2	10.2	2.2100646500000005
168	protein3	469.8	9.4	2.31206285
168	r0	9.05	0.0	0.0
168	r2	9.45	0.0	0.0
168	rnapol	0.5	0.0	0.0
169	__protein1_rbs	5.15	0.0	0.0
169	__protein2_rbs	6.25	0.0	0.0
169	__protein3_rbs	5.5	0.0	0.0
169	__ribosome	38.45	0.0	0.0
169	__rnase_site_ext	11.65	0.0	0.0
169	p0	0.95	0.0	0.0
169	p1	0.85	0.0	0.0
169	protein1	496.8	9.05	2.2359436
169	protein2	534.45	10.25	2.19442985
169	protein3	473.8	9.4	2.3407162
169	r0	9.15	0.0	0.0
169	r2	9.35	0.0	0.0
169	rnapol	0.6	0.0	0.0
170	__protein1_rbs	4.95	0.0	0.0
170	__protein2_rbs	6.95	0.0	0.0
170	__protein3_rbs	5.3	0.0	0.0
170	__ribosome	39.45	0.0	0.0
170	__rnase_site_ext	11.65	0.0	0.0
170	p0	0.95	0.0	0.0
170	p1	0.7	0.0	0.0
170	protein1	500.65	9.15	2.22855725
170	protein2	539.3	10.35	2.02176965
170	protein3	477.95	9.6	2.2839196500000005
170	r0	9.15	0.0	0.0
170	r2	9.25	0.0	0.0
170	rnapol	0.6	0.0	0.0
171	__protein1_rbs	4.95	0.0	0.0
171	__protein2_rbs	5.7	0.0	0.0
171	__protein3_rbs	5.35	0.0	0.0
171	__ribosome	38.6	0.0	0.0
171	__rnase_site_ext	11.6	0.0	0.0
171	p0	0.95	0.0	0.0
171	p1	0.8	0.0	0.0
171	protein1	504.4	9.15	2.2423030500000003
171	protein2	542.8	10.35	2.1317002
171	protein3	482.1	9.4	2.2375036
171	r0	9.05	0.0	0.0
171	r2	9.3	0.0	0.0
171	rnapol	0.7	0.0	0.0
172	__protein1_rbs	5.05	0.0	0.0
172	__protein2_rbs	5.05	0.0	0.0
172	__protein3_rbs	5.3	0.0	0.0
172	__ribosome	38.1	0.0	0.0
172	__rnase_site_ext	11.45	0.0	0.0
172	p0	0.95	0.0	0.0
172	p1	0.7	0.0	0.0
172	protein1	508.4	9.05	2.2403803
172	protein2	547.2	10.15	2.2108786
172	protein3	485.8	9.45	2.2676118
172	r0	8.95	0.0	0.0
172	r2	9.3	0.0	0.0
172	rnapol	0.95	0.0	0.0
173	__protein1_rbs	4.45	0.0	0.0
173	__protein2_rbs	6.25	0.0	0.0
173	__protein3_rbs	4.9	0.0	0.0
173	__ribosome	37.05	0.0	0.0
173	__rnase_site_ext	11.4	0.0	0.0
173	p0	0.95	0.0	0.0
173	p1	0.7	0.0	0.0
173	protein1	512.0	8.9	2.3664389999999997
173	protein2	551.8	10.25	2.12334685
173	protein3	489.7	9.35	2.54329005
173	r0	8.95	0.0	0.0
173	r2	9.4	0.0	0.0
173	rnapol	1.1	0.0	0.0
174	__protein1_rbs	5.05	0.0	0.0
174	__protein2_rbs	5.25	0.0	0.0
174	__protein3_rbs	4.95	0.0	0.0
174	__ribosome	36.75	0.0	0.0
174	__rnase_site_ext	11.45	0.0	0.0
174	p0	0.8	0.0	0.0
174	p1	0.85	0.0	0.0
174	protein1	515.8	8.9	2.33287585
174	protein2	555.85	10.05	2.22167635
174	protein3	493.95	9.4	2.2875468999999997
174	r0	8.85	0.0	0.0
174	r2	9.35	0.0	0.0
174	rnapol	0.95	0.0	0.0
175	__protein1_rbs	5.15	0.0	0.0
175	__protein2_rbs	5.2	0.0	0.0
175	__protein3_rbs	5.7	0.0	0.0
175	__ribosome	36.65	0.0	0.0
175	__rnase_site_ext	11.6	0.0	0.0
175	p0	0.9	0.0	0.0
175	p1	0.7	0.0	0.0
175	protein1	519.8	8.85	2.3222037999999996
175	protein2	559.5	9.95	2.3468656
175	protein3	498.05	9.4	2.2337716
175	r0	8.95	0.0	0.0
175	r2	9.2	0.0	0.0
175	rnapol	1.0	0.0	0.0
176	__protein1_rbs	4.65	0.0	0.0
176	__protein2_rbs	5.75	0.0	0.0
176	__protein3_rbs	5.85	0.0	0.0
176	__ribosome	36.95	0.0	0.0
176	__rnase_site_ext	11.6	0.0	0.0
176	p0	0.8	0.0	0.0
176	p1	0.7	0.0	0.0
176	protein1	523.9	8.9	2.2946062
176	protein2	563.5	10.05	2.3067593000000004
176	protein3	501.4	9.45	2.2468055499999995
176	r0	8.9	0.0	0.0
176	r2	9.3	0.0	0.0
176	rnapol	0.95	0.0	0.0
177	__protein1_rbs	5.05	0.0	0.0
177	__protein2_rbs	6.0	0.0	0.0
177	__protein3_rbs	5.4	0.0	0.0
177	__ribosome	38.15	0.0	0.0
177	__rnase_site_ext	11.7	0.0	0.0
177	p0	0.95	0.0	0.0
177	p1	0.8	0.0	0.0
177	protein1	527.7	8.9	2.3186454000000003
177	protein2	568.0	10.1	2.2198881500000005
177	protein3	505.95	9.35	2.1731499500000004
177	r0	9.05	0.0	0.0
177	r2	9.15	0.0	0.0
177	rnapol	1.05	0.0	0.0
178	__protein1_rbs	4.7	0.0	0.0
178	__protein2_rbs	5.85	0.0	0.0
178	__protein3_rbs	5.05	0.0	0.0
178	__ribosome	38.15	0.0	0.0
178	__rnase_site_ext	11.65	0.0	0.0
178	p0	0.8	0.0	0.0
178	p1	0.9	0.0	0.0
178	protein1	531.7	9.05	2.3125356500000005
178	protein2	572.7	10.1	2.1744187500000005
178	protein3	510.25	9.35	2.1600379000000003
178	r0	9.1	0.0	0.0
178	r2	9.2	0.0	0.0
178	rnapol	1.0	0.0	0.0
179	__protein1_rbs	5.75	0.0	0.0
179	__protein2_rbs	5.7	0.0	0.0
179	__protein3_rbs	5.4	0.0	0.0
179	__ribosome	39.35	0.0	0.0
179	__rnase_site_ext	11.85	0.0	0.0
179	p0	0.7	0.0	0.0
179	p1	0.9	0.0	0.0
179	protein1	535.85	9.0	2.2224889
179	protein2	577.1	10.2	2.1494192
179	protein3	514.6	9.25	2.1597853
179	r0	9.1	0.0	0.0
179	r2	9.3	0.0	0.0
179	rnapol	0.8	0.0	0.0
180	__protein1_rbs	4.5	0.0	0.0
180	__protein2_rbs	5.35	0.0	0.0
180	__protein3_rbs	4.5	0.0	0.0
180	__ribosome	36.0	0.0	0.0
180	__rnase_site_ext	11.9	0.0	0.0
180	p0	0.95	0.0	0.0
180	p1	0.85	0.0	0.0
180	protein1	539.5	9.05	2.3347275500000007
180	protein2	581.05	10.25	2.2329362500000003
180	protein3	517.95	9.25	2.3168344000000003
180	r0	9.2	0.0	0.0
180	r2	9.35	0.0	0.0
180	rnapol	0.95	0.0	0.0
181	__protein1_rbs	5.65	0.0	0.0
181	__protein2_rbs	6.05	0.0	0.0
181	__protein3_rbs	5.3	0.0	0.0
181	__ribosome	36.0	0.0	0.0
181	__rnase_site_ext	11.9	0.0	0.0
181	p0	0.95	0.0	0.0
181	p1	0.7	0.0	0.0
181	protein1	543.65	9.2	2.23238635
181	protein2	585.05	10.3	2.2273523500000003
181	protein3	521.2	9.35	2.325341
181	r0	9.15	0.0	0.0
181	r2	9.15	0.0	0.0
181	rnapol	0.9	0.0	0.0
182	__protein1_rbs	5.55	0.0	0.0
182	__protein2_rbs	6.15	0.0	0.0
182	__protein3_rbs	5.4	0.0	0.0
182	__ribosome	36.65	0.0	0.0
182	__rnase_site_ext	12.1	0.0	0.0
182	p0	0.75	0.0	0.0
182	p1	0.85	0.0	0.0
182	protein1	548.0	9.2	2.1459848500000005
182	protein2	589.0	10.25	2.2813658
182	protein3	525.1	9.45	2.28912885
182	r0	9.05	0.0	0.0
182	r2	9.25	0.0	0.0
182	rnapol	0.8	0.0	0.0
183	__protein1_rbs	4.85	0.0	0.0
183	__protein2_rbs	5.65	0.0	0.0
183	__protein3_rbs	5.45	0.0	0.0
183	__ribosome	37.5	0.0	0.0
183	__rnase_site_ext	12.25	0.0	0.0
183	p0	0.85	0.0	0.0
183	p1	0.7	0.0	0.0
183	protein1	552.0	9.05	2.2240908999999998
183	protein2	593.65	10.2	2.22879845
183	protein3	529.7	9.25	2.2766287999999997
183	r0	9.3	0.0	0.0
183	r2	9.1	0.0	0.0
183	rnapol	0.85	0.0	0.0
184	__protein1_rbs	5.75	0.0	0.0
184	__protein2_rbs	5.95	0.0	0.0
184	__protein3_rbs	4.9	0.0	0.0
184	__ribosome	37.35	0.0	0.0
184	__rnase_site_ext	12.3	0.0	0.0
184	p0	0.85	0.0	0.0
184	p1	0.7	0.0	0.0
184	protein1	555.3	9.2	2.2202622
184	protein2	598.3	10.25	2.2180525
184	protein3	533.8	9.4	2.2802452
184	r0	9.25	0.0	0.0
184	r2	9.2	0.0	0.0
184	rnapol	0.75	0.0	0.0
185	__protein1_rbs	4.85	0.0	0.0
185	__protein2_rbs	5.65	0.0	0.0
185	__protein3_rbs	5.15	0.0	0.0
185	__ribosome	37.3	0.0	0.0
185	__rnase_site_ext	12.4	0.0	0.0
185	p0	0.85	0.0	0.0
185	p1	0.7	0.0	0.0
185	protein1	559.8	9.2	2.2263157500000004
185	protein2	602.9	10.3	2.2030662999999997
185	protein3	537.85	9.3	2.30918755
185	r0	9.2	0.0	0.0
185	r2	9.3	0.0	0.0
185	rnapol	0.75	0.0	0.0
186	__protein1_rbs	5.2	0.0	0.0
186	__protein2_rbs	5.95	0.0	0.0
186	__protein3_rbs	5.2	0.0	0.0
186	__ribosome	36.7	0.0	0.0
186	__rnase_site_ext	12.35	0.0	0.0
186	p0	0.85	0.0	0.0
186	p1	0.65	0.0	0.0
186	protein1	563.1	9.25	2.2944734
186	protein2	607.55	10.25	2.1687248
186	protein3	541.8	9.3	2.31346445
186	r0	9.25	0.0	0.0
186	r2	9.25	0.0	0.0
186	rnapol	0.8	0.0	0.0
187	__protein1_rbs	5.05	0.0	0.0
187	__protein2_rbs	6.0	0.0	0.0
187	__protein3_rbs	5.35	0.0	0.0
187	__ribosome	36.8	0.0	0.0
187	__rnase_site_ext	12.35	0.0	0.0
187	p0	0.95	0.0	0.0
187	p1	0.85	0.0	0.0
187	protein1	567.15	9.2	2.28279055
187	protein2	611.6	10.35	2.17802015
187	protein3	546.0	9.45	2.24069155
187	r0	9.15	0.0	0.0
187	r2	9.2	0.0	0.0
187	rnapol	0.75	0.0	0.0
188	__protein1_rbs	5.35	0.0	0.0
188	__protein2_rbs	6.1	0.0	0.0
188	__protein3_rbs	5.5	0.0	0.0
188	__ribosome	36.8	0.0	0.0
188	__rnase_site_ext	12.5	0.0	0.0
188	p0	0.8	0.0	0.0
188	p1	0.8	0.0	0.0
188	protein1	571.2	9.2	2.2015421
188	protein2	615.7	10.4	2.1993369000000005
188	protein3	549.75	9.35	2.30719695
188	r0	9.15	0.0	0.0
188	r2	9.05	0.0	0.0
188	rnapol	0.55	0.0	0.0
189	__protein1_rbs	5.1	0.0	0.0
189	__protein2_rbs	6.15	0.0	0.0
189	__protein3_rbs	5.5	0.0	0.0
189	__ribosome	37.5	0.0	0.0
189	__rnase_site_ext	12.6	0.0	0.0
189	p0	0.85	0.0	0.0
189	p1	0.75	0.0	0.0
189	protein1	575.0	9.1	2.2124991
189	protein2	619.8	10.45	2.2172624
189	protein3	554.0	9.2	2.1964440000000005
189	r0	9.4	0.0	0.0
189	r2	8.9	0.0	0.0
189	rnapol	0.65	0.0	0.0
190	__protein1_rbs	4.5	0.0	0.0
190	__protein2_rbs	5.4	0.0	0.0
190	__protein3_rbs	5.5	0.0	0.0
190	__ribosome	37.5	0.0	0.0
190	__rnase_site_ext	12.65	0.0	0.0
190	p0	0.9	0.0	0.0
190	p1	0.65	0.0	0.0
190	protein1	579.45	9.3	2.2075272000000004
190	protein2	624.65	10.4	2.20349805
190	protein3	557.95	9.2	2.18179105
190	r0	9.3	0.0	0.0
190	r2	9.0	0.0	0.0
190	rnapol	0.6	0.0	0.0
191	__protein1_rbs	5.5	0.0	0.0
191	__protein2_rbs	5.5	0.0	0.0
191	__protein3_rbs	5.75	0.0	0.0
191	__ribosome	38.65	0.0	0.0
191	__rnase_site_ext	12.85	0.0	0.0
191	p0	0.85	0.0	0.0
191	p1	0.7	0.0	0.0
191	protein1	583.5	9.3	2.1740817999999997
191	protein2	628.75	10.4	2.26234875
191	protein3	562.1	9.0	2.09667565
191	r0	9.35	0.0	0.0
191	r2	9.05	0.0	0.0
191	rnapol	0.6	0.0	0.0
192	__protein1_rbs	5.1	0.0	0.0
192	__protein2_rbs	5.6	0.0	0.0
192	__protein3_rbs	5.15	0.0	0.0
192	__ribosome	38.05	0.0	0.0
192	__rnase_site_ext	12.95	0.0	0.0
192	p0	0.95	0.0	0.0
192	p1	0.75	0.0	0.0
192	protein1	587.1	9.25	2.2372421
192	protein2	633.35	10.35	2.24424685
192	protein3	565.95	9.15	2.0645707000000004
192	r0	9.45	0.0	0.0
192	r2	9.2	0.0	0.0
192	rnapol	0.6	0.0	0.0
193	__protein1_rbs	4.75	0.0	0.0
193	__protein2_rbs	6.0	0.0	0.0
193	__protein3_rbs	5.2	0.0	0.0
193	__ribosome	37.25	0.0	0.0
193	__rnase_site_ext	13.05	0.0	0.0
193	p0	0.75	0.0	0.0
193	p1	0.85	0.0	0.0
193	protein1	590.9	9.5	2.25232865
193	protein2	637.6	10.45	2.2584127
193	protein3	570.15	9.15	2.0374747500000003
193	r0	9.55	0.0	0.0
193	r2	9.2	0.0	0.0
193	rnapol	0.35	0.0	0.0
194	__protein1_rbs	5.1	0.0	0.0
194	__protein2_rbs	5.9	0.0	0.0
194	__protein3_rbs	5.4	0.0	0.0
194	__ribosome	36.6	0.0	0.0
194	__rnase_site_ext	13.05	0.0	0.0
194	p0	0.95	0.0	0.0
194	p1	0.7	0.0	0.0
194	protein1	594.9	9.5	2.2820714
194	protein2	642.0	10.6	2.2302251
194	protein3	573.6	9.25	2.0571797
194	r0	9.75	0.0	0.0
194	r2	9.3	0.0	0.0
194	rnapol	0.4	0.0	0.0
195	__protein1_rbs	5.85	0.0	0.0
195	__protein2_rbs	5.85	0.0	0.0
195	__protein3_rbs	5.5	0.0	0.0
195	__ribosome	37.1	0.0	0.0
195	__rnase_site_ext	13.0	0.0	0.0
195	p0	0.95	0.0	0.0
195	p1	0.65	0.0	0.0
195	protein1	599.05	9.7	2.1966544000000003
195	protein2	646.65	10.7	2.20383825
195	protein3	577.2	9.25	2.04944465
195	r0	9.65	0.0	0.0
195	r2	9.35	0.0	0.0
195	rnapol	0.4	0.0	0.0
196	__protein1_rbs	5.35	0.0	0.0
196	__protein2_rbs	6.5	0.0	0.0
196	__protein3_rbs	5.5	0.0	0.0
196	__ribosome	36.45	0.0	0.0
196	__rnase_site_ext	12.85	0.0	0.0
196	p0	0.95	0.0	0.0
196	p1	0.75	0.0	0.0
196	protein1	602.8	9.6	2.2795056000000002
196	protein2	651.25	10.65	2.14763305
196	protein3	580.2	9.3	2.1216937
196	r0	9.6	0.0	0.0
196	r2	9.3	0.0	0.0
196	rnapol	0.35	0.0	0.0
197	__protein1_rbs	5.25	0.0	0.0
197	__protein2_rbs	5.8	0.0	0.0
197	__protein3_rbs	5.4	0.0	0.0
197	__ribosome	36.9	0.0	0.0
197	__rnase_site_ext	12.8	0.0	0.0
197	p0	1.0	0.0	0.0
197	p1	0.65	0.0	0.0
197	protein1	607.2	9.6	2.2488915
197	protein2	655.75	10.65	2.1697178
197	protein3	584.4	9.45	2.0663537
197	r0	9.45	0.0	0.0
197	r2	9.4	0.0	0.0
197	rnapol	0.55	0.0	0.0
198	__protein1_rbs	5.55	0.0	0.0
198	__protein2_rbs	5.7	0.0	0.0
198	__protein3_rbs	5.45	0.0	0.0
198	__ribosome	36.3	0.0	0.0
198	__rnase_site_ext	12.8	0.0	0.0
198	p0	0.95	0.0	0.0
198	p1	0.75	0.0	0.0
198	protein1	611.2	9.45	2.27845425
198	protein2	660.15	10.85	2.1837723500000004
198	protein3	588.35	9.5	2.0726967000000003
198	r0	9.45	0.0	0.0
198	r2	9.55	0.0	0.0
198	rnapol	0.6	0.0	0.0
199	__protein1_rbs	4.85	0.0	0.0
199	__protein2_rbs	5.95	0.0	0.0
199	__protein3_rbs	5.45	0.0	0.0
199	__ribosome	36.1	0.0	0.0
199	__rnase_site_ext	12.9	0.0	0.0
199	p0	0.95	0.0	0.0
199	p1	0.8	0.0	0.0
199	protein1	615.85	9.45	2.2313421500000006
199	protein2	664.5	10.75	2.21641905
199	protein3	592.15	9.4	2.13452775
199	r0	9.55	0.0	0.0
199	r2	9.45	0.0	0.0
199	rnapol	0.7	0.0	0.0
200	__protein1_rbs	5.35	0.0	0.0
200	__protein2_rbs	6.1	0.0	0.0
200	__protein3_rbs	5.8	0.0	0.0
200	__ribosome	36.4	0.0	0.0
200	__rnase_site_ext	12.95	0.0	0.0
200	p0	1.0	0.0	0.0
200	p1	0.75	0.0	0.0
200	protein1	619.7	9.5	2.2078147999999995
200	protein2	669.4	10.8	2.1894241
200	protein3	595.7	9.5	2.1493620000000004
200	r0	9.65	0.0	0.0
200	r2	9.45	0.0	0.0
200	rnapol	0.7	0.0	0.0
201	__protein1_rbs	5.1	0.0	0.0
201	__protein2_rbs	6.35	0.0	0.0
201	__protein3_rbs	5.4	0.0	0.0
201	__ribosome	35.55	0.0	0.0
201	__rnase_site_ext	12.85	0.0	0.0
201	p0	0.95	0.0	0.0
201	p1	0.75	0.0	0.0
201	protein1	623.9	9.65	2.19491635
201	protein2	673.65	10.8	2.1849969
201	protein3	599.15	9.4	2.25444195
201	r0	9.7	0.0	0.0
201	r2	9.55	0.0	0.0
201	rnapol	0.75	0.0	0.0
202	__protein1_rbs	5.75	0.0	0.0
202	__protein2_rbs	6.6	0.0	0.0
202	__protein3_rbs	5.9	0.0	0.0
202	__ribosome	36.2	0.0	0.0
202	__rnase_site_ext	12.95	0.0	0.0
202	p0	0.8	0.0	0.0
202	p1	0.85	0.0	0.0
202	protein1	628.1	9.7	2.16840325
202	protein2	677.95	10.9	2.1648860999999995
202	protein3	603.3	9.55	2.1160606
202	r0	9.65	0.0	0.0
202	r2	9.45	0.0	0.0
202	rnapol	0.8	0.0	0.0
203	__protein1_rbs	5.85	0.0	0.0
203	__protein2_rbs	5.8	0.0	0.0
203	__protein3_rbs	5.35	0.0	0.0
203	__ribosome	35.85	0.0	0.0
203	__rnase_site_ext	12.95	0.0	0.0
203	p0	0.9	0.0	0.0
203	p1	0.9	0.0	0.0
203	protein1	631.55	9.6	2.2052638
203	protein2	683.1	10.85	2.14799045
203	protein3	607.3	9.6	2.1952447999999998
203	r0	9.75	0.0	0.0
203	r2	9.4	0.0	0.0
203	rnapol	0.8	0.0	0.0
204	__protein1_rbs	5.55	0.0	0.0
204	__protein2_rbs	5.85	0.0	0.0
204	__protein3_rbs	5.6	0.0	0.0
204	__ribosome	35.55	0.0	0.0
204	__rnase_site_ext	13.2	0.0	0.0
204	p0	0.8	0.0	0.0
204	p1	0.95	0.0	0.0
204	protein1	635.75	9.75	2.1389081
204	protein2	687.35	10.85	2.2258787
204	protein3	611.25	9.65	2.18070945
204	r0	9.8	0.0	0.0
204	r2	9.45	0.0	0.0
204	rnapol	0.7	0.0	0.0
205	__protein1_rbs	5.85	0.0	0.0
205	__protein2_rbs	6.85	0.0	0.0
205	__protein3_rbs	5.4	0.0	0.0
205	__ribosome	36.85	0.0	0.0
205	__rnase_site_ext	13.3	0.0	0.0
205	p0	0.75	0.0	0.0
205	p1	0.9	0.0	0.0
205	protein1	640.05	9.8	2.0680264999999998
205	protein2	692.25	10.6	2.12501675
205	protein3	615.05	9.55	2.2665456
205	r0	9.9	0.0	0.0
205	r2	9.4	0.0	0.0
205	rnapol	0.65	0.0	0.0
206	__protein1_rbs	5.25	0.0	0.0
206	__protein2_rbs	5.7	0.0	0.0
206	__protein3_rbs	6.2	0.0	0.0
206	__ribosome	36.45	0.0	0.0
206	__rnase_site_ext	13.1	0.0	0.0
206	p0	0.9	0.0	0.0
206	p1	0.8	0.0	0.0
206	protein1	644.2	9.8	2.0960184
206	protein2	696.75	10.6	2.1809801500000003
206	protein3	619.0	9.6	2.197707499999999
206	r0	10.0	0.0	0.0
206	r2	9.55	0.0	0.0
206	rnapol	0.6	0.0	0.0
207	__protein1_rbs	6.0	0.0	0.0
207	__protein2_rbs	6.6	0.0	0.0
207	__protein3_rbs	5.2	0.0	0.0
207	__ribosome	36.55	0.0	0.0
207	__rnase_site_ext	12.95	0.0	0.0
207	p0	0.9	0.0	0.0
207	p1	0.8	0.0	0.0
207	protein1	648.15	10.05	2.0577770499999994
207	protein2	701.1	10.6	2.14256925
207	protein3	623.2	9.55	2.2187481
207	r0	9.75	0.0	0.0
207	r2	9.75	0.0	0.0
207	rnapol	0.75	0.0	0.0
208	__protein1_rbs	5.8	0.0	0.0
208	__protein2_rbs	6.4	0.0	0.0
208	__protein3_rbs	5.85	0.0	0.0
208	__ribosome	36.45	0.0	0.0
208	__rnase_site_ext	13.2	0.0	0.0
208	p0	0.8	0.0	0.0
208	p1	0.85	0.0	0.0
208	protein1	651.5	9.75	2.19259015
208	protein2	705.55	10.45	2.15170595
208	protein3	627.1	9.6	2.1569542
208	r0	9.8	0.0	0.0
208	r2	9.65	0.0	0.0
208	rnapol	0.7	0.0	0.0
209	__protein1_rbs	5.35	0.0	0.0
209	__protein2_rbs	6.5	0.0	0.0
209	__protein3_rbs	5.5	0.0	0.0
209	__ribosome	37.5	0.0	0.0
209	__rnase_site_ext	13.2	0.0	0.0
209	p0	0.8	0.0	0.0
209	p1	0.9	0.0	0.0
209	protein1	655.9	9.7	2.180238
209	protein2	710.3	10.45	2.08287895
209	protein3	631.3	9.75	2.11541565
209	r0	9.95	0.0	0.0
209	r2	9.55	0.0	0.0
209	rnapol	0.7	0.0	0.0
210	__protein1_rbs	5.4	0.0	0.0
210	__protein2_rbs	6.1	0.0	0.0
210	__protein3_rbs	5.55	0.0	0.0
210	__ribosome	36.95	0.0	0.0
210	__rnase_site_ext	13.35	0.0	0.0
210	p0	0.8	0.0	0.0
210	p1	0.7	0.0	0.0
210	protein1	659.7	9.9	2.19692305
210	protein2	714.45	10.5	2.105291350000001
210	protein3	635.6	9.7	2.0992288500000003
210	r0	10.0	0.0	0.0
210	r2	9.55	0.0	0.0
210	rnapol	0.6	0.0	0.0
211	__protein1_rbs	6.1	0.0	0.0
211	__protein2_rbs	6.2	0.0	0.0
211	__protein3_rbs	5.1	0.0	0.0
211	__ribosome	36.05	0.0	0.0
211	__rnase_site_ext	13.25	0.0	0.0
211	p0	1.0	0.0	0.0
211	p1	0.7	0.0	0.0
211	protein1	663.8	9.9	2.1699978
211	protein2	718.9	10.65	2.0384738000000002
211	protein3	639.2	9.8	2.23426475
211	r0	10.0	0.0	0.0
211	r2	9.45	0.0	0.0
211	rnapol	0.85	0.0	0.0
212	__protein1_rbs	5.9	0.0	0.0
212	__protein2_rbs	5.4	0.0	0.0
212	__protein3_rbs	5.6	0.0	0.0
212	__ribosome	35.7	0.0	0.0
212	__rnase_site_ext	13.45	0.0	0.0
212	p0	0.8	0.0	0.0
212	p1	0.55	0.0	0.0
212	protein1	668.35	10.0	2.128311600000001
212	protein2	722.9	10.4	2.17547505
212	protein3	643.25	9.6	2.223537250000001
212	r0	9.95	0.0	0.0
212	r2	9.5	0.0	0.0
212	rnapol	0.75	0.0	0.0
213	__protein1_rbs	6.1	0.0	0.0
213	__protein2_rbs	6.2	0.0	0.0
213	__protein3_rbs	5.15	0.0	0.0
213	__ribosome	35.6	0.0	0.0
213	__rnase_site_ext	13.6	0.0	0.0
213	p0	0.9	0.0	0.0
213	p1	0.65	0.0	0.0
213	protein1	672.6	9.95	2.11103675
213	protein2	726.6	10.55	2.1557542
213	protein3	647.1	9.5	2.2837471000000003
213	r0	10.15	0.0	0.0
213	r2	9.35	0.0	0.0
213	rnapol	0.75	0.0	0.0
214	__protein1_rbs	6.35	0.0	0.0
214	__protein2_rbs	5.7	0.0	0.0
214	__protein3_rbs	5.5	0.0	0.0
214	__ribosome	35.55	0.0	0.0
214	__rnase_site_ext	13.75	0.0	0.0
214	p0	0.8	0.0	0.0
214	p1	0.75	0.0	0.0
214	protein1	676.25	10.1	2.05136025
214	protein2	730.8	10.55	2.20117455
214	protein3	651.2	9.55	2.25663125
214	r0	10.1	0.0	0.0
214	r2	9.25	0.0	0.0
214	rnapol	0.75	0.0	0.0
215	__protein1_rbs	5.2	0.0	0.0
215	__protein2_rbs	6.0	0.0	0.0
215	__protein3_rbs	5.4	0.0	0.0
215	__ribosome	35.75	0.0	0.0
215	__rnase_site_ext	13.55	0.0	0.0
215	p0	0.95	0.0	0.0
215	p1	0.7	0.0	0.0
215	protein1	681.05	10.2	2.02861195
215	protein2	735.7	10.7	2.1389249
215	protein3	655.15	9.4	2.32483405
215	r0	10.2	0.0	0.0
215	r2	9.3	0.0	0.0
215	rnapol	0.8	0.0	0.0
216	__protein1_rbs	6.2	0.0	0.0
216	__protein2_rbs	5.55	0.0	0.0
216	__protein3_rbs	5.6	0.0	0.0
216	__ribosome	35.8	0.0	0.0
216	__rnase_site_ext	13.35	0.0	0.0
216	p0	0.9	0.0	0.0
216	p1	0.65	0.0	0.0
216	protein1	684.7	10.2	2.04422485
216	protein2	739.9	10.95	2.1464982000000004
216	protein3	659.75	9.3	2.24360925
216	r0	10.1	0.0	0.0
216	r2	9.35	0.0	0.0
216	rnapol	0.85	0.0	0.0
217	__protein1_rbs	5.9	0.0	0.0
217	__protein2_rbs	6.75	0.0	0.0
217	__protein3_rbs	5.05	0.0	0.0
217	__ribosome	36.75	0.0	0.0
217	__rnase_site_ext	13.65	0.0	0.0
217	p0	0.75	0.0	0.0
217	p1	0.65	0.0	0.0
217	protein1	689.1	10.1	2.01418105
217	protein2	744.5	11.05	2.0912879
217	protein3	663.9	9.4	2.2428589
217	r0	10.1	0.0	0.0
217	r2	9.3	0.0	0.0
217	rnapol	0.7	0.0	0.0
218	__protein1_rbs	5.55	0.0	0.0
218	__protein2_rbs	6.65	0.0	0.0
218	__protein3_rbs	5.4	0.0	0.0
218	__ribosome	36.2	0.0	0.0
218	__rnase_site_ext	13.75	0.0	0.0
218	p0	0.7	0.0	0.0
218	p1	0.9	0.0	0.0
218	protein1	692.9	10.15	2.1018507
218	protein2	748.6	11.25	2.07982615
218	protein3	668.4	9.35	2.17672615
218	r0	10.3	0.0	0.0
218	r2	9.15	0.0	0.0
218	rnapol	0.5	0.0	0.0
219	__protein1_rbs	6.25	0.0	0.0
219	__protein2_rbs	6.6	0.0	0.0
219	__protein3_rbs	5.25	0.0	0.0
219	__ribosome	35.25	0.0	0.0
219	__rnase_site_ext	13.75	0.0	0.0
219	p0	0.95	0.0	0.0
219	p1	0.7	0.0	0.0
219	protein1	696.3	10.25	2.1439646
219	protein2	753.3	11.3	2.0586068000000006
219	protein3	672.2	9.45	2.19058255
219	r0	10.35	0.0	0.0
219	r2	9.15	0.0	0.0
219	rnapol	0.5	0.0	0.0
220	__protein1_rbs	6.5	0.0	0.0
220	__protein2_rbs	7.35	0.0	0.0
220	__protein3_rbs	6.1	0.0	0.0
220	__ribosome	36.1	0.0	0.0
220	__rnase_site_ext	13.7	0.0	0.0
220	p0	0.95	0.0	0.0
220	p1	0.7	0.0	0.0
220	protein1	700.6	10.3	2.0852029
220	protein2	757.3	11.45	2.0604628000000007
220	protein3	676.0	9.25	2.1638582000000004
220	r0	10.25	0.0	0.0
220	r2	9.1	0.0	0.0
220	rnapol	0.5	0.0	0.0
221	__protein1_rbs	5.5	0.0	0.0
221	__protein2_rbs	6.65	0.0	0.0
221	__protein3_rbs	5.4	0.0	0.0
221	__ribosome	35.35	0.0	0.0
221	__rnase_site_ext	13.65	0.0	0.0
221	p0	0.9	0.0	0.0
221	p1	0.6	0.0	0.0
221	protein1	704.9	10.25	2.15428405
221	protein2	762.3	11.25	2.04391805
221	protein3	679.45	9.2	2.2317298
221	r0	10.25	0.0	0.0
221	r2	9.15	0.0	0.0
221	rnapol	0.45	0.0	0.0
222	__protein1_rbs	5.65	0.0	0.0
222	__protein2_rbs	5.85	0.0	0.0
222	__protein3_rbs	4.85	0.0	0.0
222	__ribosome	34.25	0.0	0.0
222	__rnase_site_ext	13.55	0.0	0.0
222	p0	0.9	0.0	0.0
222	p1	0.85	0.0	0.0
222	protein1	709.2	10.2	2.1308069000000005
222	protein2	766.8	11.25	2.15589485
222	protein3	683.95	9.3	2.20197145
222	r0	10.2	0.0	0.0
222	r2	9.35	0.0	0.0
222	rnapol	0.45	0.0	0.0
223	__protein1_rbs	6.15	0.0	0.0
223	__protein2_rbs	6.65	0.0	0.0
223	__protein3_rbs	5.45	0.0	0.0
223	__ribosome	34.9	0.0	0.0
223	__rnase_site_ext	13.4	0.0	0.0
223	p0	1.0	0.0	0.0
223	p1	0.75	0.0	0.0
223	protein1	713.3	10.2	2.1268622000000006
223	protein2	771.35	11.4	2.11132615
223	protein3	688.2	9.25	2.16797435
223	r0	10.1	0.0	0.0
223	r2	9.35	0.0	0.0
223	rnapol	0.6	0.0	0.0
224	__protein1_rbs	5.7	0.0	0.0
224	__protein2_rbs	6.8	0.0	0.0
224	__protein3_rbs	5.6	0.0	0.0
224	__ribosome	35.2	0.0	0.0
224	__rnase_site_ext	13.35	0.0	0.0
224	p0	0.85	0.0	0.0
224	p1	0.6	0.0	0.0
224	protein1	717.3	10.0	2.2020438
224	protein2	776.35	11.55	2.0772790000000008
224	protein3	692.05	9.4	2.05223735
224	r0	10.0	0.0	0.0
224	r2	9.45	0.0	0.0
224	rnapol	0.55	0.0	0.0
225	__protein1_rbs	6.2	0.0	0.0
225	__protein2_rbs	6.35	0.0	0.0
225	__protein3_rbs	5.65	0.0	0.0
225	__ribosome	34.8	0.0	0.0
225	__rnase_site_ext	13.2	0.0	0.0
225	p0	1.0	0.0	0.0
225	p1	0.55	0.0	0.0
225	protein1	721.85	9.95	2.1187928000000005
225	protein2	780.0	11.25	2.2320404500000004
225	protein3	695.95	9.4	2.0953932000000006
225	r0	9.95	0.0	0.0
225	r2	9.65	0.0	0.0
225	rnapol	0.65	0.0	0.0
226	__protein1_rbs	6.15	0.0	0.0
226	__protein2_rbs	6.65	0.0	0.0
226	__protein3_rbs	5.5	0.0	0.0
226	__ribosome	35.1	0.0	0.0
226	__rnase_site_ext	13.15	0.0	0.0
226	p0	0.9	0.0	0.0
226	p1	0.75	0.0	0.0
226	protein1	726.35	9.95	2.03241755
226	protein2	784.95	11.35	2.1600699000000003
226	protein3	699.2	9.6	2.1530140500000003
226	r0	9.75	0.0	0.0
226	r2	9.65	0.0	0.0
226	rnapol	0.7	0.0	0.0
227	__protein1_rbs	5.55	0.0	0.0
227	__protein2_rbs	6.4	0.0	0.0
227	__protein3_rbs	5.6	0.0	0.0
227	__ribosome	35.3	0.0	0.0
227	__rnase_site_ext	13.25	0.0	0.0
227	p0	0.95	0.0	0.0
227	p1	0.95	0.0	0.0
227	protein1	730.5	9.75	2.11671535
227	protein2	790.3	11.45	2.1232354999999994
227	protein3	703.8	9.65	2.08748015
227	r0	9.8	0.0	0.0
227	r2	9.5	0.0	0.0
227	rnapol	0.85	0.0	0.0
228	__protein1_rbs	5.7	0.0	0.0
228	__protein2_rbs	6.85	0.0	0.0
228	__protein3_rbs	5.65	0.0	0.0
228	__ribosome	34.25	0.0	0.0
228	__rnase_site_ext	13.15	0.0	0.0
228	p0	0.85	0.0	0.0
228	p1	0.9	0.0	0.0
228	protein1	734.55	9.8	2.0966656500000007
228	protein2	794.1	11.55	2.1770446
228	protein3	707.3	9.75	2.1020886999999995
228	r0	9.75	0.0	0.0
228	r2	9.6	0.0	0.0
228	rnapol	0.9	0.0	0.0
229	__protein1_rbs	5.85	0.0	0.0
229	__protein2_rbs	6.0	0.0	0.0
229	__protein3_rbs	5.8	0.0	0.0
229	__ribosome	34.6	0.0	0.0
229	__rnase_site_ext	13.3	0.0	0.0
229	p0	0.75	0.0	0.0
229	p1	0.8	0.0	0.0
229	protein1	738.5	9.8	2.0901809000000005
229	protein2	799.25	11.6	2.1980522
229	protein3	711.4	9.7	2.0914412000000002
229	r0	9.85	0.0	0.0
229	r2	9.65	0.0	0.0
229	rnapol	0.85	0.0	0.0
230	__protein1_rbs	5.45	0.0	0.0
230	__protein2_rbs	6.9	0.0	0.0
230	__protein3_rbs	5.05	0.0	0.0
230	__ribosome	34.2	0.0	0.0
230	__rnase_site_ext	13.35	0.0	0.0
230	p0	0.8	0.0	0.0
230	p1	0.95	0.0	0.0
230	protein1	742.6	9.8	2.1291759
230	protein2	804.25	11.5	2.17538555
230	protein3	715.3	9.75	2.1375
230	r0	9.95	0.0	0.0
230	r2	9.95	0.0	0.0
230	rnapol	0.75	0.0	0.0
231	__protein1_rbs	5.75	0.0	0.0
231	__protein2_rbs	7.2	0.0	0.0
231	__protein3_rbs	5.6	0.0	0.0
231	__ribosome	34.25	0.0	0.0
231	__rnase_site_ext	13.45	0.0	0.0
231	p0	0.85	0.0	0.0
231	p1	0.85	0.0	0.0
231	protein1	746.95	10.0	2.0660093
231	protein2	808.8	11.5	2.1303798
231	protein3	718.9	9.75	2.1868055
231	r0	10.05	0.0	0.0
231	r2	9.9	0.0	0.0
231	rnapol	0.85	0.0	0.0
232	__protein1_rbs	6.25	0.0	0.0
232	__protein2_rbs	6.7	0.0	0.0
232	__protein3_rbs	6.05	0.0	0.0
232	__ribosome	34.95	0.0	0.0
232	__rnase_site_ext	13.6	0.0	0.0
232	p0	0.9	0.0	0.0
232	p1	0.9	0.0	0.0
232	protein1	750.85	10.1	2.02676925
232	protein2	813.65	11.45	2.1344067000000004
232	protein3	723.35	9.95	2.1239772999999995
232	r0	10.05	0.0	0.0
232	r2	9.95	0.0	0.0
232	rnapol	1.0	0.0	0.0
233	__protein1_rbs	6.5	0.0	0.0
233	__protein2_rbs	6.7	0.0	0.0
233	__protein3_rbs	5.9	0.0	0.0
233	__ribosome	35.45	0.0	0.0
233	__rnase_site_ext	13.8	0.0	0.0
233	p0	0.7	0.0	0.0
233	p1	0.85	0.0	0.0
233	protein1	754.35	10.05	2.0840499
233	protein2	818.85	11.3	2.10957265
233	protein3	727.55	10.05	2.0730934000000003
233	r0	10.15	0.0	0.0
233	r2	10.1	0.0	0.0
233	rnapol	0.9	0.0	0.0
234	__protein1_rbs	5.85	0.0	0.0
234	__protein2_rbs	6.2	0.0	0.0
234	__protein3_rbs	5.65	0.0	0.0
234	__ribosome	34.85	0.0	0.0
234	__rnase_site_ext	14.1	0.0	0.0
234	p0	0.75	0.0	0.0
234	p1	0.8	0.0	0.0
234	protein1	758.5	10.05	2.1010967000000003
234	protein2	823.9	11.25	2.1105152000000005
234	protein3	731.25	9.95	2.1378409
234	r0	10.3	0.0	0.0
234	r2	10.1	0.0	0.0
234	rnapol	0.6	0.0	0.0
235	__protein1_rbs	6.15	0.0	0.0
235	__protein2_rbs	6.55	0.0	0.0
235	__protein3_rbs	5.9	0.0	0.0
235	__ribosome	35.2	0.0	0.0
235	__rnase_site_ext	14.25	0.0	0.0
235	p0	0.8	0.0	0.0
235	p1	0.75	0.0	0.0
235	protein1	762.85	10.25	2.0059744
235	protein2	828.3	11.2	2.1614553499999998
235	protein3	735.8	10.1	2.0633586
235	r0	10.55	0.0	0.0
235	r2	10.15	0.0	0.0
235	rnapol	0.45	0.0	0.0
236	__protein1_rbs	6.7	0.0	0.0
236	__protein2_rbs	6.0	0.0	0.0
236	__protein3_rbs	6.0	0.0	0.0
236	__ribosome	35.0	0.0	0.0
236	__rnase_site_ext	14.5	0.0	0.0
236	p0	0.75	0.0	0.0
236	p1	0.7	0.0	0.0
236	protein1	767.0	10.5	1.91286885
236	protein2	833.1	11.15	2.18476715
236	protein3	739.5	10.3	2.0886868
236	r0	10.65	0.0	0.0
236	r2	10.15	0.0	0.0
236	rnapol	0.4	0.0	0.0
237	__protein1_rbs	6.45	0.0	0.0
237	__protein2_rbs	6.1	0.0	0.0
237	__protein3_rbs	6.2	0.0	0.0
237	__ribosome	34.05	0.0	0.0
237	__rnase_site_ext	14.45	0.0	0.0
237	p0	0.9	0.0	0.0
237	p1	0.6	0.0	0.0
237	protein1	770.55	10.65	1.9648199
237	protein2	837.45	11.1	2.23324185
237	protein3	743.6	10.25	2.0545073999999994
237	r0	10.85	0.0	0.0
237	r2	9.85	0.0	0.0
237	rnapol	0.5	0.0	0.0
238	__protein1_rbs	5.75	0.0	0.0
238	__protein2_rbs	6.75	0.0	0.0
238	__protein3_rbs	5.9	0.0	0.0
238	__ribosome	33.3	0.0	0.0
238	__rnase_site_ext	14.45	0.0	0.0
238	p0	0.95	0.0	0.0
238	p1	0.7	0.0	0.0
238	protein1	774.2	10.85	2.0345635
238	protein2	842.2	11.0	2.1778007
238	protein3	747.7	10.25	2.06321415
238	r0	10.85	0.0	0.0
238	r2	9.75	0.0	0.0
238	rnapol	0.5	0.0	0.0
239	__protein1_rbs	6.55	0.0	0.0
239	__protein2_rbs	6.4	0.0	0.0
239	__protein3_rbs	6.4	0.0	0.0
239	__ribosome	34.0	0.0	0.0
239	__rnase_site_ext	14.25	0.0	0.0
239	p0	0.95	0.0	0.0
239	p1	0.85	0.0	0.0
239	protein1	778.5	10.95	2.0016034
239	protein2	846.9	11.05	2.16646145
239	protein3	752.05	10.15	2.03575755
239	r0	10.75	0.0	0.0
239	r2	9.65	0.0	0.0
239	rnapol	0.55	0.0	0.0
240	__protein1_rbs	6.5	0.0	0.0
240	__protein2_rbs	7.0	0.0	0.0
240	__protein3_rbs	6.25	0.0	0.0
240	__ribosome	34.6	0.0	0.0
240	__rnase_site_ext	14.1	0.0	0.0
240	p0	0.9	0.0	0.0
240	p1	0.65	0.0	0.0
240	protein1	782.95	10.8	2.0288647500000003
240	protein2	851.35	11.25	2.0909199000000003
240	protein3	755.9	9.8	2.1177651
240	r0	10.65	0.0	0.0
240	r2	9.65	0.0	0.0
240	rnapol	0.6	0.0	0.0
241	__protein1_rbs	5.95	0.0	0.0
241	__protein2_rbs	6.25	0.0	0.0
241	__protein3_rbs	5.5	0.0	0.0
241	__ribosome	34.2	0.0	0.0
241	__rnase_site_ext	14.1	0.0	0.0
241	p0	0.85	0.0	0.0
241	p1	0.6	0.0	0.0
241	protein1	786.25	10.6	2.1908722999999997
241	protein2	856.55	11.2	2.05799425
241	protein3	760.4	9.75	2.0779069
241	r0	10.5	0.0	0.0
241	r2	9.5	0.0	0.0
241	rnapol	0.65	0.0	0.0
242	__protein1_rbs	5.95	0.0	0.0
242	__protein2_rbs	6.5	0.0	0.0
242	__protein3_rbs	5.2	0.0	0.0
242	__ribosome	33.25	0.0	0.0
242	__rnase_site_ext	14.45	0.0	0.0
242	p0	0.75	0.0	0.0
242	p1	0.6	0.0	0.0
242	protein1	791.05	10.5	2.18628895
242	protein2	861.15	11.25	2.0762837500000004
242	protein3	764.2	9.75	2.1675216
242	r0	10.5	0.0	0.0
242	r2	9.5	0.0	0.0
242	rnapol	0.55	0.0	0.0
243	__protein1_rbs	5.6	0.0	0.0
243	__protein2_rbs	6.7	0.0	0.0
243	__protein3_rbs	5.5	0.0	0.0
243	__ribosome	33.6	0.0	0.0
243	__rnase_site_ext	14.35	0.0	0.0
243	p0	0.95	0.0	0.0
243	p1	0.55	0.0	0.0
243	protein1	795.8	10.45	2.1850330500000004
243	protein2	865.55	11.3	2.0745246500000003
243	protein3	768.75	9.65	2.1609440500000003
243	r0	10.6	0.0	0.0
243	r2	9.5	0.0	0.0
243	rnapol	0.5	0.0	0.0
244	__protein1_rbs	6.2	0.0	0.0
244	__protein2_rbs	7.1	0.0	0.0
244	__protein3_rbs	5.85	0.0	0.0
244	__ribosome	33.9	0.0	0.0
244	__rnase_site_ext	14.4	0.0	0.0
244	p0	0.95	0.0	0.0
244	p1	0.75	0.0	0.0
244	protein1	800.05	10.6	2.1525397
244	protein2	870.1	11.5	2.0134048
244	protein3	772.35	9.65	2.19655805
244	r0	10.5	0.0	0.0
244	r2	9.45	0.0	0.0
244	rnapol	0.45	0.0	0.0
245	__protein1_rbs	6.75	0.0	0.0
245	__protein2_rbs	6.95	0.0	0.0
245	__protein3_rbs	6.15	0.0	0.0
245	__ribosome	34.45	0.0	0.0
245	__rnase_site_ext	14.3	0.0	0.0
245	p0	0.95	0.0	0.0
245	p1	0.8	0.0	0.0
245	protein1	804.8	10.5	2.05344365
245	protein2	874.35	11.7	2.0276029000000007
245	protein3	775.85	9.6	2.22361745
245	r0	10.5	0.0	0.0
245	r2	9.5	0.0	0.0
245	rnapol	0.45	0.0	0.0
246	__protein1_rbs	6.3	0.0	0.0
246	__protein2_rbs	7.35	0.0	0.0
246	__protein3_rbs	5.15	0.0	0.0
246	__ribosome	35.05	0.0	0.0
246	__rnase_site_ext	14.3	0.0	0.0
246	p0	0.9	0.0	0.0
246	p1	0.85	0.0	0.0
246	protein1	808.85	10.5	2.0567112000000005
246	protein2	879.1	11.9	1.9722032
246	protein3	780.45	9.5	2.1815710999999998
246	r0	10.25	0.0	0.0
246	r2	9.5	0.0	0.0
246	rnapol	0.45	0.0	0.0
247	__protein1_rbs	5.55	0.0	0.0
247	__protein2_rbs	7.0	0.0	0.0
247	__protein3_rbs	5.7	0.0	0.0
247	__ribosome	34.4	0.0	0.0
247	__rnase_site_ext	14.25	0.0	0.0
247	p0	0.95	0.0	0.0
247	p1	0.8	0.0	0.0
247	protein1	813.2	10.3	2.14389455
247	protein2	883.6	12.05	1.99558125
247	protein3	784.8	9.6	2.0999621500000005
247	r0	10.3	0.0	0.0
247	r2	9.7	0.0	0.0
247	rnapol	0.45	0.0	0.0
248	__protein1_rbs	6.0	0.0	0.0
248	__protein2_rbs	7.05	0.0	0.0
248	__protein3_rbs	6.0	0.0	0.0
248	__ribosome	35.05	0.0	0.0
248	__rnase_site_ext	14.1	0.0	0.0
248	p0	1.0	0.0	0.0
248	p1	0.75	0.0	0.0
248	protein1	817.85	10.3	2.0832685
248	protein2	888.4	12.15	1.9927261999999997
248	protein3	788.65	9.6	2.07478225
248	r0	10.2	0.0	0.0
248	r2	9.7	0.0	0.0
248	rnapol	0.5	0.0	0.0
249	__protein1_rbs	6.15	0.0	0.0
249	__protein2_rbs	6.95	0.0	0.0
249	__protein3_rbs	6.05	0.0	0.0
249	__ribosome	35.0	0.0	0.0
249	__rnase_site_ext	14.05	0.0	0.0
249	p0	0.95	0.0	0.0
249	p1	0.75	0.0	0.0
249	protein1	822.15	10.25	2.08032535
249	protein2	892.7	12.05	2.04615435
249	protein3	792.75	9.8	1.9923829
249	r0	9.95	0.0	0.0
249	r2	9.75	0.0	0.0
249	rnapol	0.55	0.0	0.0
250	__protein1_rbs	5.65	0.0	0.0
250	__protein2_rbs	6.25	0.0	0.0
250	__protein3_rbs	5.7	0.0	0.0
250	__ribosome	32.8	0.0	0.0
250	__rnase_site_ext	13.35	0.0	0.0
250	p0	0.95	0.0	0.0
250	p1	0.7	0.0	0.0
250	protein1	792.55	9.4	2.01186215
250	protein2	859.1	11.45	2.03829275
250	protein3	759.05	9.25	1.8774702
250	r0	9.4	0.0	0.0
250	r2	9.3	0.0	0.0
250	rnapol	0.6	0.0	0.0
