time	species	protein	transcript	ribo_density
0	__protein1_rbs	0.0	0.0	0.0
0	__protein2_rbs	0.0	0.0	0.0
0	__protein3_rbs	0.0	0.0	0.0
0	__ribosome	100.0	0.0	0.0
0	__rnase_site_ext	0.0	0.0	0.0
0	p0	1.0	0.0	0.0
0	r2	0.0	0.0	0.0
0	rnapol	4.0	0.0	0.0
2	__protein1_rbs	0.0	0.0	0.0
2	__protein2_rbs	0.0	0.0	0.0
2	__protein3_rbs	0.0	0.0	0.0
2	__ribosome	66.66666666666667	0.0	0.0
2	__rnase_site_ext	0.0	0.0	0.0
2	p0	0.0	0.0	0.0
2	r2	0.0	0.0	0.0
2	rnapol	2.0	0.0	0.0
3	__protein1_rbs	0.3333333333333333	0.0	0.0
3	__protein2_rbs	0.0	0.0	0.0
3	__protein3_rbs	0.0	0.0	0.0
3	__ribosome	133.33333333333334	0.0	0.0
3	__rnase_site_ext	0.3333333333333333	0.0	0.0
3	p0	0.3333333333333333	0.0	0.0
3	protein1	0.0	0.3333333333333333	0.0
3	r2	0.0	0.0	0.0
3	rnapol	4.0	0.0	0.0
4	__protein1_rbs	0.6666666666666666	0.0	0.0
4	__protein2_rbs	0.0	0.0	0.0
4	__protein3_rbs	0.0	0.0	0.0
4	__ribosome	66.33333333333333	0.0	0.0
4	__rnase_site_ext	0.6666666666666666	0.0	0.0
4	p0	0.6666666666666666	0.0	0.0
4	protein1	0.0	0.6666666666666666	0.3333333333333333
4	r2	0.0	0.0	0.0
4	rnapol	2.0	0.0	0.0
5	__protein1_rbs	0.6666666666666666	0.0	0.0
5	__protein2_rbs	0.0	0.0	0.0
5	__protein3_rbs	0.0	0.0	0.0
5	__ribosome	65.66666666666667	0.0	0.0
5	__rnase_site_ext	0.6666666666666666	0.0	0.0
5	p0	0.6666666666666666	0.0	0.0
5	protein1	0.0	0.6666666666666666	1.0
5	r2	0.0	0.0	0.0
5	rnapol	2.0	0.0	0.0
6	__protein1_rbs	1.0	0.0	0.0
6	__protein2_rbs	0.3333333333333333	0.0	0.0
6	__protein3_rbs	0.0	0.0	0.0
6	__ribosome	265.0	0.0	0.0
6	__rnase_site_ext	1.3333333333333333	0.0	0.0
6	p0	1.0	0.0	0.0
6	protein1	0.3333333333333333	1.3333333333333333	1.1666666666666667
6	protein2	0.0	0.3333333333333333	0.0
6	r2	0.0	0.0	0.0
6	rnapol	7.666666666666668	0.0	0.0
7	__protein1_rbs	1.0	0.0	0.0
7	__protein2_rbs	0.0	0.0	0.0
7	__protein3_rbs	0.0	0.0	0.0
7	__ribosome	96.33333333333331	0.0	0.0
7	__rnase_site_ext	1.0	0.0	0.0
7	p0	1.0	0.0	0.0
7	protein1	0.3333333333333333	1.3333333333333333	2.1666666666666665
7	protein2	0.0	0.3333333333333333	0.6666666666666666
7	r2	0.0	0.0	0.0
7	rnapol	2.6666666666666665	0.0	0.0
8	__protein1_rbs	1.0	0.0	0.0
8	__protein2_rbs	0.3333333333333333	0.0	0.0
8	__protein3_rbs	0.0	0.0	0.0
8	__ribosome	96.0	0.0	0.0
8	__rnase_site_ext	1.0	0.0	0.0
8	p0	1.0	0.0	0.0
8	protein1	1.0	1.6666666666666667	1.888889
8	protein2	0.0	0.6666666666666666	1.0
8	r2	0.0	0.0	0.0
8	rnapol	2.333333333333333	0.0	0.0
9	__protein1_rbs	0.6666666666666666	0.0	0.0
9	__protein2_rbs	0.6666666666666666	0.0	0.0
9	__protein3_rbs	0.0	0.0	0.0
9	__ribosome	94.33333333333331	0.0	0.0
9	__rnase_site_ext	1.0	0.0	0.0
9	p0	1.0	0.0	0.0
9	protein1	2.0	2.0	1.9444443333333328
9	protein2	0.0	1.0	1.3333333333333333
9	r2	0.0	0.0	0.0
9	rnapol	2.0	0.0	0.0
10	__protein1_rbs	1.3333333333333333	0.0	0.0
10	__protein2_rbs	0.6666666666666666	0.0	0.0
10	__protein3_rbs	0.0	0.0	0.0
10	__ribosome	92.0	0.0	0.0
10	__rnase_site_ext	1.3333333333333333	0.0	0.0
10	p0	1.0	0.0	0.0
10	protein1	3.0	2.6666666666666665	2.1388890000000003
10	protein2	0.0	1.3333333333333333	2.333333333333333
10	r2	0.0	0.0	0.0
10	rnapol	1.6666666666666667	0.0	0.0
11	__protein1_rbs	0.3333333333333333	0.0	0.0
11	__protein2_rbs	1.0	0.0	0.0
11	__protein3_rbs	0.0	0.0	0.0
11	__ribosome	88.66666666666669	0.0	0.0
11	__rnase_site_ext	1.0	0.0	0.0
11	p0	1.0	0.0	0.0
11	protein1	3.333333333333333	2.6666666666666665	3.055555666666667
11	protein2	0.3333333333333333	1.3333333333333333	3.1666666666666665
11	r2	0.3333333333333333	0.0	0.0
11	rnapol	1.6666666666666667	0.0	0.0
12	__protein1_rbs	1.6666666666666667	0.0	0.0
12	__protein2_rbs	1.3333333333333333	0.0	0.0
12	__protein3_rbs	0.0	0.0	0.0
12	__ribosome	87.66666666666669	0.0	0.0
12	__rnase_site_ext	2.6666666666666665	0.0	0.0
12	p0	1.0	0.0	0.0
12	protein1	5.333333333333333	3.0	2.4166666666666665
12	protein2	1.0	1.6666666666666667	3.0
12	protein3	0.0	0.3333333333333333	0.3333333333333333
12	r2	0.3333333333333333	0.0	0.0
12	rnapol	1.3333333333333333	0.0	0.0
13	__protein1_rbs	2.6666666666666665	0.0	0.0
13	__protein2_rbs	0.6666666666666666	0.0	0.0
13	__protein3_rbs	0.3333333333333333	0.0	0.0
13	__ribosome	85.33333333333333	0.0	0.0
13	__rnase_site_ext	2.6666666666666665	0.0	0.0
13	p0	1.0	0.0	0.0
13	protein1	7.333333333333332	4.0	2.083333333333333
13	protein2	1.3333333333333333	1.6666666666666667	4.0
13	protein3	0.0	0.3333333333333333	0.3333333333333333
13	r2	0.3333333333333333	0.0	0.0
13	rnapol	1.6666666666666667	0.0	0.0
14	__protein1_rbs	2.6666666666666665	0.0	0.0
14	__protein2_rbs	1.3333333333333333	0.0	0.0
14	__protein3_rbs	0.0	0.0	0.0
14	__ribosome	83.33333333333333	0.0	0.0
14	__rnase_site_ext	3.0	0.0	0.0
14	p0	1.0	0.0	0.0
14	protein1	9.666666666666666	4.0	2.5
14	protein2	2.333333333333333	1.6666666666666667	3.8333333333333335
14	protein3	0.0	0.3333333333333333	0.6666666666666666
14	r2	0.6666666666666666	0.0	0.0
14	rnapol	1.6666666666666667	0.0	0.0
15	__protein1_rbs	2.333333333333333	0.0	0.0
15	__protein2_rbs	1.0	0.0	0.0
15	__protein3_rbs	0.6666666666666666	0.0	0.0
15	__ribosome	82.0	0.0	0.0
15	__rnase_site_ext	3.333333333333333	0.0	0.0
15	p0	0.6666666666666666	0.0	0.0
15	protein1	12.0	4.333333333333333	2.733333333333333
15	protein2	4.333333333333333	1.6666666666666667	3.1666666666666665
15	protein3	0.0	0.6666666666666666	0.6666666666666666
15	r2	0.6666666666666666	0.0	0.0
15	rnapol	2.0	0.0	0.0
16	__protein1_rbs	3.0	0.0	0.0
16	__protein2_rbs	0.3333333333333333	0.0	0.0
16	__protein3_rbs	0.3333333333333333	0.0	0.0
16	__ribosome	80.0	0.0	0.0
16	__rnase_site_ext	4.666666666666667	0.0	0.0
16	p0	0.6666666666666666	0.0	0.0
16	protein1	14.666666666666664	5.0	2.630952333333333
16	protein2	5.0	1.6666666666666667	3.6666666666666665
16	protein3	0.3333333333333333	0.6666666666666666	1.0
16	r2	0.6666666666666666	0.0	0.0
16	rnapol	1.6666666666666667	0.0	0.0
17	__protein1_rbs	2.333333333333333	0.0	0.0
17	__protein2_rbs	0.6666666666666666	0.0	0.0
17	__protein3_rbs	0.3333333333333333	0.0	0.0
17	__ribosome	78.33333333333333	0.0	0.0
17	__rnase_site_ext	3.0	0.0	0.0
17	p0	1.0	0.0	0.0
17	protein1	18.666666666666668	6.0	2.406349
17	protein2	7.333333333333332	2.0	2.7777776666666667
17	protein3	0.3333333333333333	0.6666666666666666	1.6666666666666667
17	r2	0.6666666666666666	0.0	0.0
17	rnapol	1.6666666666666667	0.0	0.0
18	__protein1_rbs	4.333333333333333	0.0	0.0
18	__protein2_rbs	0.6666666666666666	0.0	0.0
18	__protein3_rbs	0.0	0.0	0.0
18	__ribosome	76.66666666666667	0.0	0.0
18	__rnase_site_ext	4.333333333333333	0.0	0.0
18	p0	0.6666666666666666	0.0	0.0
18	protein1	23.0	6.0	2.1809523333333334
18	protein2	7.666666666666668	2.333333333333333	3.555555333333333
18	protein3	0.3333333333333333	0.6666666666666666	2.333333333333333
18	r2	0.6666666666666666	0.0	0.0
18	rnapol	1.0	0.0	0.0
19	__protein1_rbs	4.0	0.0	0.0
19	__protein2_rbs	1.3333333333333333	0.0	0.0
19	__protein3_rbs	0.3333333333333333	0.0	0.0
19	__ribosome	74.33333333333333	0.0	0.0
19	__rnase_site_ext	5.0	0.0	0.0
19	p0	1.0	0.0	0.0
19	protein1	26.33333333333333	6.333333333333332	2.341666666666667
19	protein2	8.666666666666666	2.6666666666666665	3.722222333333333
19	protein3	0.6666666666666666	0.6666666666666666	2.333333333333333
19	r2	0.6666666666666666	0.0	0.0
19	rnapol	1.3333333333333333	0.0	0.0
20	__protein1_rbs	3.333333333333333	0.0	0.0
20	__protein2_rbs	2.6666666666666665	0.0	0.0
20	__protein3_rbs	0.3333333333333333	0.0	0.0
20	__ribosome	70.66666666666667	0.0	0.0
20	__rnase_site_ext	4.0	0.0	0.0
20	p0	1.0	0.0	0.0
20	protein1	30.0	6.333333333333332	2.7916666666666665
20	protein2	10.333333333333334	3.333333333333333	2.9166666666666665
20	protein3	1.0	0.6666666666666666	2.333333333333333
20	r2	0.6666666666666666	0.0	0.0
20	rnapol	1.6666666666666667	0.0	0.0
21	__protein1_rbs	3.333333333333333	0.0	0.0
21	__protein2_rbs	1.6666666666666667	0.0	0.0
21	__protein3_rbs	0.0	0.0	0.0
21	__ribosome	67.33333333333333	0.0	0.0
21	__rnase_site_ext	3.6666666666666665	0.0	0.0
21	p0	1.0	0.0	0.0
21	protein1	34.333333333333336	6.333333333333332	2.9555556666666667
21	protein2	12.666666666666664	3.6666666666666665	3.0
21	protein3	1.3333333333333333	0.6666666666666666	3.0
21	r2	1.0	0.0	0.0
21	rnapol	2.0	0.0	0.0
22	__protein1_rbs	4.666666666666667	0.0	0.0
22	__protein2_rbs	3.0	0.0	0.0
22	__protein3_rbs	0.6666666666666666	0.0	0.0
22	__ribosome	67.0	0.0	0.0
22	__rnase_site_ext	5.0	0.0	0.0
22	p0	0.6666666666666666	0.0	0.0
22	protein1	40.333333333333336	6.333333333333332	2.7916666666666665
22	protein2	14.333333333333336	4.0	3.083333333333333
22	protein3	1.6666666666666667	1.0	2.1666666666666665
22	r2	1.0	0.0	0.0
22	rnapol	2.0	0.0	0.0
23	__protein1_rbs	4.0	0.0	0.0
23	__protein2_rbs	2.333333333333333	0.0	0.0
23	__protein3_rbs	0.3333333333333333	0.0	0.0
23	__ribosome	67.0	0.0	0.0
23	__rnase_site_ext	5.0	0.0	0.0
23	p0	1.0	0.0	0.0
23	protein1	44.33333333333334	6.666666666666668	2.6555556666666664
23	protein2	17.333333333333332	4.0	3.1666666666666665
23	protein3	2.6666666666666665	1.0	1.8333333333333333
23	r2	1.3333333333333333	0.0	0.0
23	rnapol	2.0	0.0	0.0
24	__protein1_rbs	3.333333333333333	0.0	0.0
24	__protein2_rbs	2.6666666666666665	0.0	0.0
24	__protein3_rbs	1.0	0.0	0.0
24	__ribosome	64.33333333333333	0.0	0.0
24	__rnase_site_ext	4.0	0.0	0.0
24	p0	0.3333333333333333	0.0	0.0
24	protein1	50.0	7.0	2.7111110000000003
24	protein2	19.666666666666668	4.0	3.333333333333333
24	protein3	3.0	1.3333333333333333	2.6666666666666665
24	r2	1.3333333333333333	0.0	0.0
24	rnapol	1.6666666666666667	0.0	0.0
25	__protein1_rbs	5.333333333333333	0.0	0.0
25	__protein2_rbs	2.6666666666666665	0.0	0.0
25	__protein3_rbs	0.3333333333333333	0.0	0.0
25	__ribosome	66.0	0.0	0.0
25	__rnase_site_ext	6.666666666666668	0.0	0.0
25	p0	1.0	0.0	0.0
25	protein1	56.0	7.666666666666668	2.192063333333333
25	protein2	22.0	4.0	3.25
25	protein3	3.333333333333333	1.3333333333333333	3.1666666666666665
25	r2	1.3333333333333333	0.0	0.0
25	rnapol	2.333333333333333	0.0	0.0
26	__protein1_rbs	4.333333333333333	0.0	0.0
26	__protein2_rbs	2.333333333333333	0.0	0.0
26	__protein3_rbs	0.3333333333333333	0.0	0.0
26	__ribosome	63.66666666666666	0.0	0.0
26	__rnase_site_ext	5.0	0.0	0.0
26	p0	1.0	0.0	0.0
26	protein1	60.66666666666666	8.0	2.480555666666667
26	protein2	26.33333333333333	4.333333333333333	3.0
26	protein3	4.666666666666667	1.3333333333333333	3.1666666666666665
26	r2	1.3333333333333333	0.0	0.0
26	rnapol	2.0	0.0	0.0
27	__protein1_rbs	4.333333333333333	0.0	0.0
27	__protein2_rbs	2.0	0.0	0.0
27	__protein3_rbs	1.3333333333333333	0.0	0.0
27	__ribosome	62.66666666666666	0.0	0.0
27	__rnase_site_ext	5.0	0.0	0.0
27	p0	1.0	0.0	0.0
27	protein1	66.33333333333333	7.666666666666668	2.468254
27	protein2	28.66666666666667	4.666666666666667	3.25
27	protein3	4.666666666666667	1.3333333333333333	3.333333333333333
27	r2	1.3333333333333333	0.0	0.0
27	rnapol	2.333333333333333	0.0	0.0
28	__protein1_rbs	5.0	0.0	0.0
28	__protein2_rbs	2.0	0.0	0.0
28	__protein3_rbs	0.6666666666666666	0.0	0.0
28	__ribosome	62.33333333333334	0.0	0.0
28	__rnase_site_ext	6.333333333333332	0.0	0.0
28	p0	0.6666666666666666	0.0	0.0
28	protein1	71.66666666666667	8.0	2.2619046666666667
28	protein2	31.66666666666667	5.333333333333333	2.9333333333333336
28	protein3	6.0	1.3333333333333333	3.1666666666666665
28	r2	1.3333333333333333	0.0	0.0
28	rnapol	1.6666666666666667	0.0	0.0
29	__protein1_rbs	5.333333333333333	0.0	0.0
29	__protein2_rbs	2.6666666666666665	0.0	0.0
29	__protein3_rbs	1.0	0.0	0.0
29	__ribosome	59.66666666666666	0.0	0.0
29	__rnase_site_ext	6.0	0.0	0.0
29	p0	1.0	0.0	0.0
29	protein1	77.0	8.333333333333334	2.255952333333333
29	protein2	34.0	5.333333333333333	3.322222333333334
29	protein3	7.0	1.3333333333333333	3.1666666666666665
29	r2	1.3333333333333333	0.0	0.0
29	rnapol	2.333333333333333	0.0	0.0
30	__protein1_rbs	6.333333333333332	0.0	0.0
30	__protein2_rbs	4.333333333333333	0.0	0.0
30	__protein3_rbs	1.0	0.0	0.0
30	__ribosome	60.66666666666666	0.0	0.0
30	__rnase_site_ext	7.0	0.0	0.0
30	p0	1.0	0.0	0.0
30	protein1	83.33333333333333	9.666666666666666	1.9027776666666665
30	protein2	37.0	5.333333333333333	3.2222223333333333
30	protein3	8.333333333333334	1.3333333333333333	2.6666666666666665
30	r2	1.3333333333333333	0.0	0.0
30	rnapol	1.3333333333333333	0.0	0.0
31	__protein1_rbs	6.333333333333332	0.0	0.0
31	__protein2_rbs	4.0	0.0	0.0
31	__protein3_rbs	0.6666666666666666	0.0	0.0
31	__ribosome	59.66666666666666	0.0	0.0
31	__rnase_site_ext	7.666666666666668	0.0	0.0
31	p0	1.0	0.0	0.0
31	protein1	88.0	9.666666666666666	2.069444333333333
31	protein2	41.333333333333336	5.666666666666668	2.8444443333333336
31	protein3	8.666666666666666	1.3333333333333333	3.1666666666666665
31	r2	1.3333333333333333	0.0	0.0
31	rnapol	1.3333333333333333	0.0	0.0
32	__protein1_rbs	7.0	0.0	0.0
32	__protein2_rbs	3.0	0.0	0.0
32	__protein3_rbs	1.0	0.0	0.0
32	__ribosome	58.33333333333334	0.0	0.0
32	__rnase_site_ext	8.666666666666666	0.0	0.0
32	p0	1.0	0.0	0.0
32	protein1	94.33333333333331	10.0	2.0046296666666668
32	protein2	45.33333333333334	5.666666666666668	3.077778
32	protein3	9.333333333333334	1.3333333333333333	3.1666666666666665
32	r2	1.6666666666666667	0.0	0.0
32	rnapol	1.6666666666666667	0.0	0.0
33	__protein1_rbs	7.333333333333332	0.0	0.0
33	__protein2_rbs	4.0	0.0	0.0
33	__protein3_rbs	0.6666666666666666	0.0	0.0
33	__ribosome	54.33333333333334	0.0	0.0
33	__rnase_site_ext	8.666666666666666	0.0	0.0
33	p0	1.0	0.0	0.0
33	protein1	98.66666666666669	10.333333333333334	2.1929486666666667
33	protein2	49.0	6.0	3.1492063333333333
33	protein3	10.666666666666666	1.6666666666666667	2.833333333333333
33	r2	1.6666666666666667	0.0	0.0
33	rnapol	1.6666666666666667	0.0	0.0
34	__protein1_rbs	6.333333333333332	0.0	0.0
34	__protein2_rbs	4.333333333333333	0.0	0.0
34	__protein3_rbs	1.6666666666666667	0.0	0.0
34	__ribosome	52.66666666666666	0.0	0.0
34	__rnase_site_ext	8.0	0.0	0.0
34	p0	1.0	0.0	0.0
34	protein1	105.0	10.333333333333334	2.301282
34	protein2	54.0	6.666666666666668	3.0
34	protein3	11.666666666666664	1.6666666666666667	2.333333333333333
34	r2	1.6666666666666667	0.0	0.0
34	rnapol	1.6666666666666667	0.0	0.0
35	__protein1_rbs	6.333333333333332	0.0	0.0
35	__protein2_rbs	5.0	0.0	0.0
35	__protein3_rbs	0.6666666666666666	0.0	0.0
35	__ribosome	48.0	0.0	0.0
35	__rnase_site_ext	8.333333333333334	0.0	0.0
35	p0	1.0	0.0	0.0
35	protein1	111.66666666666669	10.333333333333334	2.419871666666667
35	protein2	55.66666666666666	7.0	3.248015666666667
35	protein3	12.666666666666664	1.6666666666666667	2.833333333333333
35	r2	2.0	0.0	0.0
35	rnapol	1.6666666666666667	0.0	0.0
36	__protein1_rbs	7.333333333333332	0.0	0.0
36	__protein2_rbs	5.0	0.0	0.0
36	__protein3_rbs	1.0	0.0	0.0
36	__ribosome	49.66666666666666	0.0	0.0
36	__rnase_site_ext	8.666666666666666	0.0	0.0
36	p0	1.0	0.0	0.0
36	protein1	118.66666666666669	10.666666666666666	2.2892856666666663
36	protein2	61.66666666666666	7.333333333333332	2.8869046666666662
36	protein3	13.333333333333336	2.0	2.5
36	r2	2.0	0.0	0.0
36	rnapol	1.0	0.0	0.0
37	__protein1_rbs	5.666666666666668	0.0	0.0
37	__protein2_rbs	5.0	0.0	0.0
37	__protein3_rbs	1.0	0.0	0.0
37	__ribosome	50.33333333333334	0.0	0.0
37	__rnase_site_ext	7.0	0.0	0.0
37	p0	1.0	0.0	0.0
37	protein1	125.66666666666669	10.333333333333334	2.2615383333333337
37	protein2	67.33333333333333	7.333333333333332	2.8214286666666664
37	protein3	14.333333333333336	2.333333333333333	2.333333333333333
37	r2	2.6666666666666665	0.0	0.0
37	rnapol	1.6666666666666667	0.0	0.0
38	__protein1_rbs	7.666666666666668	0.0	0.0
38	__protein2_rbs	5.333333333333333	0.0	0.0
38	__protein3_rbs	2.0	0.0	0.0
38	__ribosome	55.66666666666666	0.0	0.0
38	__rnase_site_ext	8.0	0.0	0.0
38	p0	1.0	0.0	0.0
38	protein1	133.0	10.333333333333334	2.1089743333333333
38	protein2	74.0	7.333333333333332	2.3809523333333336
38	protein3	15.333333333333336	2.6666666666666665	2.055555666666667
38	r2	3.0	0.0	0.0
38	rnapol	2.0	0.0	0.0
39	__protein1_rbs	7.666666666666668	0.0	0.0
39	__protein2_rbs	5.333333333333333	0.0	0.0
39	__protein3_rbs	1.6666666666666667	0.0	0.0
39	__ribosome	53.0	0.0	0.0
39	__rnase_site_ext	8.0	0.0	0.0
39	p0	1.0	0.0	0.0
39	protein1	141.66666666666666	10.666666666666666	1.8035713333333332
39	protein2	77.0	7.666666666666668	2.7142856666666666
39	protein3	15.666666666666664	3.0	2.583333333333333
39	r2	3.0	0.0	0.0
39	rnapol	2.0	0.0	0.0
40	__protein1_rbs	7.333333333333332	0.0	0.0
40	__protein2_rbs	6.333333333333332	0.0	0.0
40	__protein3_rbs	1.0	0.0	0.0
40	__ribosome	47.66666666666666	0.0	0.0
40	__rnase_site_ext	9.333333333333334	0.0	0.0
40	p0	0.6666666666666666	0.0	0.0
40	protein1	145.66666666666666	11.333333333333336	2.0190476666666664
40	protein2	81.0	7.666666666666668	2.7857143333333334
40	protein3	17.333333333333332	3.0	2.805555666666667
40	r2	3.0	0.0	0.0
40	rnapol	1.6666666666666667	0.0	0.0
41	__protein1_rbs	8.666666666666666	0.0	0.0
41	__protein2_rbs	5.0	0.0	0.0
41	__protein3_rbs	0.6666666666666666	0.0	0.0
41	__ribosome	45.66666666666666	0.0	0.0
41	__rnase_site_ext	10.0	0.0	0.0
41	p0	1.0	0.0	0.0
41	protein1	153.33333333333334	11.666666666666664	1.8222223333333332
41	protein2	85.66666666666667	7.666666666666668	2.958333333333333
41	protein3	18.666666666666668	3.0	3.638889
41	r2	3.0	0.0	0.0
41	rnapol	1.6666666666666667	0.0	0.0
42	__protein1_rbs	6.333333333333332	0.0	0.0
42	__protein2_rbs	4.333333333333333	0.0	0.0
42	__protein3_rbs	2.6666666666666665	0.0	0.0
42	__ribosome	43.66666666666666	0.0	0.0
42	__rnase_site_ext	8.333333333333334	0.0	0.0
42	p0	1.0	0.0	0.0
42	protein1	159.0	11.666666666666664	2.022222333333333
42	protein2	91.0	7.333333333333332	2.9345236666666668
42	protein3	19.666666666666668	3.0	3.861111
42	r2	3.0	0.0	0.0
42	rnapol	3.0	0.0	0.0
43	__protein1_rbs	9.0	0.0	0.0
43	__protein2_rbs	4.333333333333333	0.0	0.0
43	__protein3_rbs	2.333333333333333	0.0	0.0
43	__ribosome	45.0	0.0	0.0
43	__rnase_site_ext	10.333333333333334	0.0	0.0
43	p0	1.0	0.0	0.0
43	protein1	166.33333333333334	12.0	1.8555556666666664
43	protein2	96.33333333333331	7.333333333333332	2.8273810000000004
43	protein3	21.33333333333333	3.0	4.027777666666666
43	r2	3.0	0.0	0.0
43	rnapol	2.6666666666666665	0.0	0.0
44	__protein1_rbs	9.0	0.0	0.0
44	__protein2_rbs	5.333333333333333	0.0	0.0
44	__protein3_rbs	2.6666666666666665	0.0	0.0
44	__ribosome	46.0	0.0	0.0
44	__rnase_site_ext	9.666666666666666	0.0	0.0
44	p0	1.0	0.0	0.0
44	protein1	172.33333333333337	12.333333333333336	1.844697
44	protein2	101.33333333333331	7.666666666666668	2.7883596666666666
44	protein3	24.33333333333333	3.0	3.3888890000000003
44	r2	3.0	0.0	0.0
44	rnapol	3.0	0.0	0.0
45	__protein1_rbs	7.0	0.0	0.0
45	__protein2_rbs	5.0	0.0	0.0
45	__protein3_rbs	1.6666666666666667	0.0	0.0
45	__ribosome	46.33333333333334	0.0	0.0
45	__rnase_site_ext	7.666666666666668	0.0	0.0
45	p0	0.6666666666666666	0.0	0.0
45	protein1	178.66666666666663	12.333333333333336	2.033333333333333
45	protein2	106.33333333333331	7.666666666666668	2.619047666666667
45	protein3	27.66666666666667	3.0	3.055555666666667
45	r2	3.0	0.0	0.0
45	rnapol	2.333333333333333	0.0	0.0
46	__protein1_rbs	7.0	0.0	0.0
46	__protein2_rbs	4.333333333333333	0.0	0.0
46	__protein3_rbs	1.3333333333333333	0.0	0.0
46	__ribosome	45.66666666666666	0.0	0.0
46	__rnase_site_ext	8.666666666666666	0.0	0.0
46	p0	0.6666666666666666	0.0	0.0
46	protein1	186.0	12.666666666666664	2.188889
46	protein2	111.0	7.666666666666668	2.587301666666667
46	protein3	31.0	3.0	2.611111
46	r2	3.0	0.0	0.0
46	rnapol	2.333333333333333	0.0	0.0
47	__protein1_rbs	9.0	0.0	0.0
47	__protein2_rbs	5.666666666666668	0.0	0.0
47	__protein3_rbs	2.333333333333333	0.0	0.0
47	__ribosome	47.33333333333334	0.0	0.0
47	__rnase_site_ext	10.666666666666666	0.0	0.0
47	p0	0.6666666666666666	0.0	0.0
47	protein1	192.0	13.0	2.2032830000000003
47	protein2	116.66666666666669	8.0	2.099206333333333
47	protein3	32.333333333333336	3.0	2.555555666666667
47	r2	3.0	0.0	0.0
47	rnapol	2.333333333333333	0.0	0.0
48	__protein1_rbs	9.0	0.0	0.0
48	__protein2_rbs	6.0	0.0	0.0
48	__protein3_rbs	2.0	0.0	0.0
48	__ribosome	45.66666666666666	0.0	0.0
48	__rnase_site_ext	11.0	0.0	0.0
48	p0	0.6666666666666666	0.0	0.0
48	protein1	199.33333333333331	13.333333333333336	2.2840166666666666
48	protein2	121.66666666666669	8.0	2.154762
48	protein3	34.666666666666664	3.0	2.4166666666666665
48	r2	3.0	0.0	0.0
48	rnapol	2.333333333333333	0.0	0.0
49	__protein1_rbs	9.333333333333334	0.0	0.0
49	__protein2_rbs	5.0	0.0	0.0
49	__protein3_rbs	1.6666666666666667	0.0	0.0
49	__ribosome	42.66666666666666	0.0	0.0
49	__rnase_site_ext	12.0	0.0	0.0
49	p0	0.6666666666666666	0.0	0.0
49	protein1	208.0	14.0	2.0925926666666665
49	protein2	123.66666666666669	8.0	2.6137566666666667
49	protein3	36.66666666666666	3.0	2.5
49	r2	3.0	0.0	0.0
49	rnapol	2.0	0.0	0.0
50	__protein1_rbs	9.333333333333334	0.0	0.0
50	__protein2_rbs	4.666666666666667	0.0	0.0
50	__protein3_rbs	2.333333333333333	0.0	0.0
50	__ribosome	44.33333333333334	0.0	0.0
50	__rnase_site_ext	10.333333333333334	0.0	0.0
50	p0	0.6666666666666666	0.0	0.0
50	protein1	218.33333333333331	14.333333333333336	1.9323363333333332
50	protein2	129.0	8.0	2.699074
50	protein3	38.0	3.0	2.3888890000000003
50	r2	2.6666666666666665	0.0	0.0
50	rnapol	2.0	0.0	0.0
51	__protein1_rbs	10.0	0.0	0.0
51	__protein2_rbs	6.0	0.0	0.0
51	__protein3_rbs	2.333333333333333	0.0	0.0
51	__ribosome	41.66666666666666	0.0	0.0
51	__rnase_site_ext	13.0	0.0	0.0
51	p0	0.6666666666666666	0.0	0.0
51	protein1	225.66666666666663	15.0	1.954116
51	protein2	132.66666666666666	8.0	2.7929893333333333
51	protein3	40.333333333333336	3.0	2.5
51	r2	2.6666666666666665	0.0	0.0
51	rnapol	1.0	0.0	0.0
52	__protein1_rbs	10.666666666666666	0.0	0.0
52	__protein2_rbs	5.0	0.0	0.0
52	__protein3_rbs	1.6666666666666667	0.0	0.0
52	__ribosome	40.333333333333336	0.0	0.0
52	__rnase_site_ext	12.0	0.0	0.0
52	p0	1.0	0.0	0.0
52	protein1	234.0	15.666666666666664	1.894737
52	protein2	138.0	8.0	2.7156083333333334
52	protein3	41.333333333333336	2.6666666666666665	3.555555666666667
52	r2	2.6666666666666665	0.0	0.0
52	rnapol	1.0	0.0	0.0
53	__protein1_rbs	10.333333333333334	0.0	0.0
53	__protein2_rbs	6.333333333333332	0.0	0.0
53	__protein3_rbs	1.3333333333333333	0.0	0.0
53	__ribosome	37.333333333333336	0.0	0.0
53	__rnase_site_ext	11.333333333333336	0.0	0.0
53	p0	1.0	0.0	0.0
53	protein1	241.66666666666663	15.333333333333336	2.087427
53	protein2	142.0	8.666666666666666	2.625
53	protein3	43.0	2.6666666666666665	3.6666666666666665
53	r2	2.6666666666666665	0.0	0.0
53	rnapol	1.0	0.0	0.0
54	__protein1_rbs	10.333333333333334	0.0	0.0
54	__protein2_rbs	5.666666666666668	0.0	0.0
54	__protein3_rbs	2.333333333333333	0.0	0.0
54	__ribosome	38.0	0.0	0.0
54	__rnase_site_ext	12.333333333333336	0.0	0.0
54	p0	1.0	0.0	0.0
54	protein1	250.0	15.333333333333336	2.0880116666666666
54	protein2	148.66666666666666	9.0	2.5113636666666665
54	protein3	44.66666666666666	2.6666666666666665	3.2777776666666667
54	r2	2.6666666666666665	0.0	0.0
54	rnapol	1.6666666666666667	0.0	0.0
55	__protein1_rbs	9.333333333333334	0.0	0.0
55	__protein2_rbs	6.333333333333332	0.0	0.0
55	__protein3_rbs	1.6666666666666667	0.0	0.0
55	__ribosome	41.0	0.0	0.0
55	__rnase_site_ext	11.0	0.0	0.0
55	p0	1.0	0.0	0.0
55	protein1	260.0	15.0	2.027007
55	protein2	153.33333333333334	9.0	2.5113636666666665
55	protein3	48.0	2.6666666666666665	2.555555666666667
55	r2	2.6666666666666665	0.0	0.0
55	rnapol	2.333333333333333	0.0	0.0
56	__protein1_rbs	11.666666666666664	0.0	0.0
56	__protein2_rbs	6.0	0.0	0.0
56	__protein3_rbs	1.3333333333333333	0.0	0.0
56	__ribosome	41.333333333333336	0.0	0.0
56	__rnase_site_ext	13.0	0.0	0.0
56	p0	1.0	0.0	0.0
56	protein1	270.3333333333333	15.0	1.7925926666666667
56	protein2	157.33333333333334	9.0	2.7424243333333336
56	protein3	49.33333333333334	2.6666666666666665	2.8888890000000003
56	r2	3.0	0.0	0.0
56	rnapol	2.6666666666666665	0.0	0.0
57	__protein1_rbs	9.666666666666666	0.0	0.0
57	__protein2_rbs	7.0	0.0	0.0
57	__protein3_rbs	2.6666666666666665	0.0	0.0
57	__ribosome	44.0	0.0	0.0
57	__rnase_site_ext	12.0	0.0	0.0
57	p0	0.6666666666666666	0.0	0.0
57	protein1	279.0	14.666666666666664	1.8306876666666667
57	protein2	163.33333333333334	9.333333333333334	2.5138890000000003
57	protein3	51.33333333333334	3.0	2.488889
57	r2	3.333333333333333	0.0	0.0
57	rnapol	2.0	0.0	0.0
58	__protein1_rbs	11.666666666666664	0.0	0.0
58	__protein2_rbs	6.0	0.0	0.0
58	__protein3_rbs	2.333333333333333	0.0	0.0
58	__ribosome	42.333333333333336	0.0	0.0
58	__rnase_site_ext	13.0	0.0	0.0
58	p0	1.0	0.0	0.0
58	protein1	285.6666666666667	15.666666666666664	1.825551
58	protein2	169.66666666666666	9.333333333333334	2.4722223333333333
58	protein3	52.66666666666666	3.333333333333333	2.2222223333333333
58	r2	3.333333333333333	0.0	0.0
58	rnapol	1.6666666666666667	0.0	0.0
59	__protein1_rbs	11.333333333333336	0.0	0.0
59	__protein2_rbs	5.666666666666668	0.0	0.0
59	__protein3_rbs	2.333333333333333	0.0	0.0
59	__ribosome	41.333333333333336	0.0	0.0
59	__rnase_site_ext	13.333333333333336	0.0	0.0
59	p0	1.0	0.0	0.0
59	protein1	296.3333333333333	16.0	1.7489036666666669
59	protein2	174.33333333333337	9.666666666666666	2.3796296666666668
59	protein3	53.66666666666666	3.333333333333333	2.444444333333333
59	r2	3.333333333333333	0.0	0.0
59	rnapol	1.3333333333333333	0.0	0.0
60	__protein1_rbs	12.0	0.0	0.0
60	__protein2_rbs	7.333333333333332	0.0	0.0
60	__protein3_rbs	2.333333333333333	0.0	0.0
60	__ribosome	37.66666666666666	0.0	0.0
60	__rnase_site_ext	12.333333333333336	0.0	0.0
60	p0	0.6666666666666666	0.0	0.0
60	protein1	303.6666666666667	16.333333333333332	1.881559
60	protein2	179.0	9.0	2.765873
60	protein3	55.33333333333334	3.333333333333333	2.1666666666666665
60	r2	3.333333333333333	0.0	0.0
60	rnapol	1.3333333333333333	0.0	0.0
61	__protein1_rbs	13.0	0.0	0.0
61	__protein2_rbs	6.0	0.0	0.0
61	__protein3_rbs	3.0	0.0	0.0
61	__ribosome	37.333333333333336	0.0	0.0
61	__rnase_site_ext	14.333333333333336	0.0	0.0
61	p0	1.0	0.0	0.0
61	protein1	311.0	17.0	1.8887953333333332
61	protein2	184.66666666666663	9.333333333333334	2.583333333333333
61	protein3	57.0	3.333333333333333	2.222222
61	r2	3.333333333333333	0.0	0.0
61	rnapol	1.0	0.0	0.0
62	__protein1_rbs	12.0	0.0	0.0
62	__protein2_rbs	7.666666666666668	0.0	0.0
62	__protein3_rbs	2.333333333333333	0.0	0.0
62	__ribosome	39.333333333333336	0.0	0.0
62	__rnase_site_ext	13.0	0.0	0.0
62	p0	1.0	0.0	0.0
62	protein1	321.3333333333333	17.0	1.8400560000000001
62	protein2	190.0	9.666666666666666	2.324074
62	protein3	59.33333333333334	3.333333333333333	2.333333333333333
62	r2	3.333333333333333	0.0	0.0
62	rnapol	1.6666666666666667	0.0	0.0
63	__protein1_rbs	13.333333333333336	0.0	0.0
63	__protein2_rbs	7.333333333333332	0.0	0.0
63	__protein3_rbs	3.0	0.0	0.0
63	__ribosome	41.66666666666666	0.0	0.0
63	__rnase_site_ext	14.666666666666664	0.0	0.0
63	p0	0.6666666666666666	0.0	0.0
63	protein1	330.6666666666667	17.333333333333332	1.8183940000000005
63	protein2	196.0	9.333333333333334	2.225168333333333
63	protein3	61.0	3.333333333333333	2.1666666666666665
63	r2	3.333333333333333	0.0	0.0
63	rnapol	1.6666666666666667	0.0	0.0
64	__protein1_rbs	12.666666666666664	0.0	0.0
64	__protein2_rbs	6.666666666666668	0.0	0.0
64	__protein3_rbs	2.6666666666666665	0.0	0.0
64	__ribosome	42.66666666666666	0.0	0.0
64	__rnase_site_ext	15.333333333333336	0.0	0.0
64	p0	0.6666666666666666	0.0	0.0
64	protein1	338.6666666666667	17.333333333333332	1.8708346666666664
64	protein2	202.0	9.666666666666666	2.023569
64	protein3	63.33333333333334	3.333333333333333	1.8333333333333333
64	r2	3.333333333333333	0.0	0.0
64	rnapol	2.0	0.0	0.0
65	__protein1_rbs	11.0	0.0	0.0
65	__protein2_rbs	7.666666666666668	0.0	0.0
65	__protein3_rbs	2.6666666666666665	0.0	0.0
65	__ribosome	40.0	0.0	0.0
65	__rnase_site_ext	12.666666666666664	0.0	0.0
65	p0	0.6666666666666666	0.0	0.0
65	protein1	348.66666666666674	17.666666666666668	1.8762413333333332
65	protein2	206.0	9.666666666666666	2.1784513333333333
65	protein3	64.66666666666667	3.333333333333333	1.611111
65	r2	3.333333333333333	0.0	0.0
65	rnapol	2.0	0.0	0.0
66	__protein1_rbs	12.333333333333336	0.0	0.0
66	__protein2_rbs	7.333333333333332	0.0	0.0
66	__protein3_rbs	2.0	0.0	0.0
66	__ribosome	40.0	0.0	0.0
66	__rnase_site_ext	13.666666666666664	0.0	0.0
66	p0	0.6666666666666666	0.0	0.0
66	protein1	359.0	18.0	1.8100050000000003
66	protein2	211.33333333333331	10.0	2.1666666666666665
66	protein3	66.33333333333333	3.333333333333333	2.0
66	r2	3.333333333333333	0.0	0.0
66	rnapol	2.0	0.0	0.0
67	__protein1_rbs	9.333333333333334	0.0	0.0
67	__protein2_rbs	7.0	0.0	0.0
67	__protein3_rbs	2.333333333333333	0.0	0.0
67	__ribosome	35.666666666666664	0.0	0.0
67	__rnase_site_ext	12.666666666666664	0.0	0.0
67	p0	1.0	0.0	0.0
67	protein1	366.66666666666674	18.33333333333333	2.0215490000000003
67	protein2	216.66666666666663	10.333333333333334	2.0683763333333336
67	protein3	67.66666666666667	3.333333333333333	1.9444443333333328
67	r2	3.0	0.0	0.0
67	rnapol	2.333333333333333	0.0	0.0
68	__protein1_rbs	14.333333333333336	0.0	0.0
68	__protein2_rbs	8.333333333333334	0.0	0.0
68	__protein3_rbs	2.0	0.0	0.0
68	__ribosome	35.0	0.0	0.0
68	__rnase_site_ext	16.0	0.0	0.0
68	p0	1.0	0.0	0.0
68	protein1	376.66666666666674	18.33333333333333	2.009091
68	protein2	220.66666666666663	10.666666666666666	2.076068333333333
68	protein3	69.0	3.333333333333333	2.222222
68	r2	3.0	0.0	0.0
68	rnapol	2.333333333333333	0.0	0.0
69	__protein1_rbs	13.0	0.0	0.0
69	__protein2_rbs	7.333333333333332	0.0	0.0
69	__protein3_rbs	2.333333333333333	0.0	0.0
69	__ribosome	34.333333333333336	0.0	0.0
69	__rnase_site_ext	14.0	0.0	0.0
69	p0	1.0	0.0	0.0
69	protein1	387.66666666666674	18.33333333333333	1.9350166666666668
69	protein2	225.66666666666663	11.0	2.1820513333333333
69	protein3	70.66666666666667	3.0	2.244444333333333
69	r2	3.0	0.0	0.0
69	rnapol	2.0	0.0	0.0
70	__protein1_rbs	14.333333333333336	0.0	0.0
70	__protein2_rbs	7.0	0.0	0.0
70	__protein3_rbs	2.0	0.0	0.0
70	__ribosome	32.0	0.0	0.0
70	__rnase_site_ext	14.666666666666664	0.0	0.0
70	p0	1.0	0.0	0.0
70	protein1	396.0	18.0	1.9576716666666665
70	protein2	231.0	11.0	2.3692306666666667
70	protein3	72.0	3.0	2.6666666666666665
70	r2	2.6666666666666665	0.0	0.0
70	rnapol	2.333333333333333	0.0	0.0
71	__protein1_rbs	13.0	0.0	0.0
71	__protein2_rbs	7.333333333333332	0.0	0.0
71	__protein3_rbs	2.0	0.0	0.0
71	__ribosome	36.333333333333336	0.0	0.0
71	__rnase_site_ext	14.666666666666664	0.0	0.0
71	p0	1.0	0.0	0.0
71	protein1	410.33333333333326	17.666666666666668	1.6558439999999999
71	protein2	236.66666666666663	11.0	2.4615383333333334
71	protein3	74.0	3.333333333333333	2.611111
71	r2	3.0	0.0	0.0
71	rnapol	2.333333333333333	0.0	0.0
72	__protein1_rbs	11.333333333333336	0.0	0.0
72	__protein2_rbs	8.666666666666666	0.0	0.0
72	__protein3_rbs	2.0	0.0	0.0
72	__ribosome	32.333333333333336	0.0	0.0
72	__rnase_site_ext	13.0	0.0	0.0
72	p0	1.0	0.0	0.0
72	protein1	417.33333333333326	17.333333333333332	1.8851536666666664
72	protein2	241.66666666666663	11.0	2.487179333333333
72	protein3	75.66666666666667	3.0	2.733333333333333
72	r2	3.0	0.0	0.0
72	rnapol	2.6666666666666665	0.0	0.0
73	__protein1_rbs	13.0	0.0	0.0
73	__protein2_rbs	8.0	0.0	0.0
73	__protein3_rbs	2.0	0.0	0.0
73	__ribosome	34.0	0.0	0.0
73	__rnase_site_ext	15.333333333333336	0.0	0.0
73	p0	1.0	0.0	0.0
73	protein1	426.66666666666674	17.0	1.721568666666667
73	protein2	247.33333333333331	11.0	2.561538333333333
73	protein3	77.33333333333333	3.333333333333333	2.611111
73	r2	3.333333333333333	0.0	0.0
73	rnapol	2.6666666666666665	0.0	0.0
74	__protein1_rbs	13.0	0.0	0.0
74	__protein2_rbs	8.0	0.0	0.0
74	__protein3_rbs	2.6666666666666665	0.0	0.0
74	__ribosome	34.0	0.0	0.0
74	__rnase_site_ext	14.666666666666664	0.0	0.0
74	p0	1.0	0.0	0.0
74	protein1	433.33333333333326	17.333333333333332	1.8015873333333328
74	protein2	254.66666666666663	11.0	2.4205126666666668
74	protein3	79.33333333333333	3.333333333333333	2.422222333333333
74	r2	3.333333333333333	0.0	0.0
74	rnapol	3.0	0.0	0.0
75	__protein1_rbs	12.333333333333336	0.0	0.0
75	__protein2_rbs	8.0	0.0	0.0
75	__protein3_rbs	3.0	0.0	0.0
75	__ribosome	37.0	0.0	0.0
75	__rnase_site_ext	14.333333333333336	0.0	0.0
75	p0	1.0	0.0	0.0
75	protein1	443.66666666666674	17.333333333333332	1.6661376666666663
75	protein2	261.6666666666667	10.666666666666666	2.422222333333333
75	protein3	81.0	3.333333333333333	2.644444333333333
75	r2	3.333333333333333	0.0	0.0
75	rnapol	2.6666666666666665	0.0	0.0
76	__protein1_rbs	12.666666666666664	0.0	0.0
76	__protein2_rbs	9.0	0.0	0.0
76	__protein3_rbs	2.6666666666666665	0.0	0.0
76	__ribosome	37.66666666666666	0.0	0.0
76	__rnase_site_ext	15.333333333333336	0.0	0.0
76	p0	1.0	0.0	0.0
76	protein1	452.33333333333326	18.0	1.6931216666666666
76	protein2	267.6666666666667	10.666666666666666	2.25
76	protein3	83.0	3.333333333333333	2.533333333333333
76	r2	3.333333333333333	0.0	0.0
76	rnapol	2.6666666666666665	0.0	0.0
77	__protein1_rbs	12.666666666666664	0.0	0.0
77	__protein2_rbs	5.333333333333333	0.0	0.0
77	__protein3_rbs	2.0	0.0	0.0
77	__ribosome	35.666666666666664	0.0	0.0
77	__rnase_site_ext	14.0	0.0	0.0
77	p0	0.6666666666666666	0.0	0.0
77	protein1	460.33333333333326	18.0	1.8095236666666663
77	protein2	274.0	10.666666666666666	2.3277776666666665
77	protein3	85.33333333333333	3.333333333333333	2.355555666666667
77	r2	3.333333333333333	0.0	0.0
77	rnapol	2.0	0.0	0.0
78	__protein1_rbs	13.0	0.0	0.0
78	__protein2_rbs	7.333333333333332	0.0	0.0
78	__protein3_rbs	2.6666666666666665	0.0	0.0
78	__ribosome	36.0	0.0	0.0
78	__rnase_site_ext	14.0	0.0	0.0
78	p0	1.0	0.0	0.0
78	protein1	469.0	18.666666666666668	1.826315666666667
78	protein2	280.0	11.0	2.2
78	protein3	87.33333333333331	3.333333333333333	2.055555666666667
78	r2	3.333333333333333	0.0	0.0
78	rnapol	2.0	0.0	0.0
79	__protein1_rbs	14.0	0.0	0.0
79	__protein2_rbs	8.666666666666666	0.0	0.0
79	__protein3_rbs	2.333333333333333	0.0	0.0
79	__ribosome	37.66666666666666	0.0	0.0
79	__rnase_site_ext	16.333333333333332	0.0	0.0
79	p0	1.0	0.0	0.0
79	protein1	478.33333333333326	18.666666666666668	1.7654443333333336
79	protein2	286.0	11.0	2.1631313333333337
79	protein3	89.33333333333331	3.333333333333333	1.7777776666666665
79	r2	3.333333333333333	0.0	0.0
79	rnapol	1.6666666666666667	0.0	0.0
80	__protein1_rbs	14.333333333333336	0.0	0.0
80	__protein2_rbs	8.333333333333334	0.0	0.0
80	__protein3_rbs	2.0	0.0	0.0
80	__ribosome	38.333333333333336	0.0	0.0
80	__rnase_site_ext	16.0	0.0	0.0
80	p0	1.0	0.0	0.0
80	protein1	488.66666666666674	18.33333333333333	1.6956326666666666
80	protein2	291.0	11.333333333333336	2.204895333333333
80	protein3	91.33333333333331	3.333333333333333	1.6777776666666668
80	r2	3.333333333333333	0.0	0.0
80	rnapol	1.3333333333333333	0.0	0.0
81	__protein1_rbs	12.666666666666664	0.0	0.0
81	__protein2_rbs	7.333333333333332	0.0	0.0
81	__protein3_rbs	2.6666666666666665	0.0	0.0
81	__ribosome	35.333333333333336	0.0	0.0
81	__rnase_site_ext	14.666666666666664	0.0	0.0
81	p0	1.0	0.0	0.0
81	protein1	498.0	18.0	1.8068183333333332
81	protein2	297.3333333333333	12.0	2.114285666666667
81	protein3	92.33333333333331	3.333333333333333	2.188889
81	r2	3.333333333333333	0.0	0.0
81	rnapol	1.6666666666666667	0.0	0.0
82	__protein1_rbs	13.0	0.0	0.0
82	__protein2_rbs	9.333333333333334	0.0	0.0
82	__protein3_rbs	2.333333333333333	0.0	0.0
82	__ribosome	32.0	0.0	0.0
82	__rnase_site_ext	15.0	0.0	0.0
82	p0	1.0	0.0	0.0
82	protein1	507.0	18.33333333333333	1.783311
82	protein2	301.0	12.0	2.3269843333333333
82	protein3	93.66666666666669	3.333333333333333	2.411111
82	r2	3.6666666666666665	0.0	0.0
82	rnapol	1.3333333333333333	0.0	0.0
83	__protein1_rbs	12.666666666666664	0.0	0.0
83	__protein2_rbs	8.333333333333334	0.0	0.0
83	__protein3_rbs	2.333333333333333	0.0	0.0
83	__ribosome	30.0	0.0	0.0
83	__rnase_site_ext	14.666666666666664	0.0	0.0
83	p0	1.0	0.0	0.0
83	protein1	516.0	18.33333333333333	1.9360516666666667
83	protein2	308.3333333333333	12.333333333333336	2.1280663333333334
83	protein3	94.33333333333331	3.6666666666666665	2.533333333333333
83	r2	3.6666666666666665	0.0	0.0
83	rnapol	2.0	0.0	0.0
84	__protein1_rbs	13.0	0.0	0.0
84	__protein2_rbs	8.0	0.0	0.0
84	__protein3_rbs	3.333333333333333	0.0	0.0
84	__ribosome	33.0	0.0	0.0
84	__rnase_site_ext	14.333333333333336	0.0	0.0
84	p0	1.0	0.0	0.0
84	protein1	526.6666666666666	18.33333333333333	1.8400176666666663
84	protein2	314.6666666666667	12.333333333333336	2.1608943333333333
84	protein3	96.33333333333331	3.6666666666666665	2.1
84	r2	3.6666666666666665	0.0	0.0
84	rnapol	2.0	0.0	0.0
85	__protein1_rbs	12.666666666666664	0.0	0.0
85	__protein2_rbs	9.0	0.0	0.0
85	__protein3_rbs	3.0	0.0	0.0
85	__ribosome	32.333333333333336	0.0	0.0
85	__rnase_site_ext	14.666666666666664	0.0	0.0
85	p0	1.0	0.0	0.0
85	protein1	536.3333333333334	18.33333333333333	1.8894830000000002
85	protein2	320.3333333333333	12.333333333333336	2.1901153333333334
85	protein3	99.0	3.6666666666666665	1.8333333333333333
85	r2	4.0	0.0	0.0
85	rnapol	2.0	0.0	0.0
86	__protein1_rbs	13.666666666666664	0.0	0.0
86	__protein2_rbs	9.333333333333334	0.0	0.0
86	__protein3_rbs	3.0	0.0	0.0
86	__ribosome	33.333333333333336	0.0	0.0
86	__rnase_site_ext	15.0	0.0	0.0
86	p0	1.0	0.0	0.0
86	protein1	547.6666666666666	18.666666666666668	1.914772666666667
86	protein2	328.0	12.333333333333336	2.026335
86	protein3	100.66666666666669	4.0	1.638889
86	r2	3.6666666666666665	0.0	0.0
86	rnapol	2.333333333333333	0.0	0.0
87	__protein1_rbs	14.333333333333336	0.0	0.0
87	__protein2_rbs	9.666666666666666	0.0	0.0
87	__protein3_rbs	3.333333333333333	0.0	0.0
87	__ribosome	37.333333333333336	0.0	0.0
87	__rnase_site_ext	16.0	0.0	0.0
87	p0	1.0	0.0	0.0
87	protein1	558.0	18.666666666666668	1.7152776666666665
87	protein2	332.0	12.0	2.038095333333333
87	protein3	102.66666666666669	4.0	1.6666666666666667
87	r2	3.6666666666666665	0.0	0.0
87	rnapol	2.333333333333333	0.0	0.0
88	__protein1_rbs	14.0	0.0	0.0
88	__protein2_rbs	8.666666666666666	0.0	0.0
88	__protein3_rbs	2.333333333333333	0.0	0.0
88	__ribosome	35.333333333333336	0.0	0.0
88	__rnase_site_ext	14.333333333333336	0.0	0.0
88	p0	1.0	0.0	0.0
88	protein1	568.0	19.33333333333333	1.670654
88	protein2	339.3333333333333	11.666666666666664	2.1619046666666666
88	protein3	103.33333333333331	3.6666666666666665	2.0
88	r2	3.6666666666666665	0.0	0.0
88	rnapol	1.6666666666666667	0.0	0.0
89	__protein1_rbs	15.333333333333336	0.0	0.0
89	__protein2_rbs	6.0	0.0	0.0
89	__protein3_rbs	3.0	0.0	0.0
89	__ribosome	35.0	0.0	0.0
89	__rnase_site_ext	15.666666666666664	0.0	0.0
89	p0	1.0	0.0	0.0
89	protein1	578.3333333333334	19.666666666666668	1.6319376666666667
89	protein2	346.33333333333326	12.0	2.204762
89	protein3	104.33333333333331	3.6666666666666665	1.9333333333333331
89	r2	3.6666666666666665	0.0	0.0
89	rnapol	2.0	0.0	0.0
90	__protein1_rbs	14.0	0.0	0.0
90	__protein2_rbs	10.333333333333334	0.0	0.0
90	__protein3_rbs	3.6666666666666665	0.0	0.0
90	__ribosome	34.0	0.0	0.0
90	__rnase_site_ext	16.333333333333332	0.0	0.0
90	p0	0.6666666666666666	0.0	0.0
90	protein1	588.0	20.0	1.691134
90	protein2	351.0	12.0	2.20873
90	protein3	106.33333333333331	3.6666666666666665	1.6333333333333335
90	r2	3.6666666666666665	0.0	0.0
90	rnapol	1.3333333333333333	0.0	0.0
91	__protein1_rbs	16.666666666666668	0.0	0.0
91	__protein2_rbs	7.666666666666668	0.0	0.0
91	__protein3_rbs	3.333333333333333	0.0	0.0
91	__ribosome	32.666666666666664	0.0	0.0
91	__rnase_site_ext	17.666666666666668	0.0	0.0
91	p0	0.6666666666666666	0.0	0.0
91	protein1	597.6666666666666	20.666666666666668	1.613889
91	protein2	355.0	12.0	2.400793666666667
91	protein3	108.0	3.6666666666666665	1.5333333333333332
91	r2	3.6666666666666665	0.0	0.0
91	rnapol	1.6666666666666667	0.0	0.0
92	__protein1_rbs	17.0	0.0	0.0
92	__protein2_rbs	8.333333333333334	0.0	0.0
92	__protein3_rbs	3.333333333333333	0.0	0.0
92	__ribosome	37.333333333333336	0.0	0.0
92	__rnase_site_ext	18.0	0.0	0.0
92	p0	1.0	0.0	0.0
92	protein1	607.0	21.0	1.5773390000000005
92	protein2	364.0	12.333333333333336	2.0761903333333334
92	protein3	110.33333333333331	3.6666666666666665	1.1333333333333333
92	r2	4.0	0.0	0.0
92	rnapol	1.6666666666666667	0.0	0.0
93	__protein1_rbs	15.666666666666664	0.0	0.0
93	__protein2_rbs	8.0	0.0	0.0
93	__protein3_rbs	3.0	0.0	0.0
93	__ribosome	35.333333333333336	0.0	0.0
93	__rnase_site_ext	17.0	0.0	0.0
93	p0	1.0	0.0	0.0
93	protein1	616.6666666666666	21.33333333333333	1.6164913333333335
93	protein2	370.0	12.0	2.1253966666666666
93	protein3	110.66666666666669	4.0	1.35
93	r2	4.0	0.0	0.0
93	rnapol	1.3333333333333333	0.0	0.0
94	__protein1_rbs	15.333333333333336	0.0	0.0
94	__protein2_rbs	10.0	0.0	0.0
94	__protein3_rbs	3.333333333333333	0.0	0.0
94	__ribosome	35.333333333333336	0.0	0.0
94	__rnase_site_ext	17.0	0.0	0.0
94	p0	1.0	0.0	0.0
94	protein1	625.6666666666666	21.33333333333333	1.7033333333333334
94	protein2	377.0	12.666666666666664	1.8469863333333336
94	protein3	112.0	4.0	1.4166666666666667
94	r2	3.6666666666666665	0.0	0.0
94	rnapol	1.3333333333333333	0.0	0.0
95	__protein1_rbs	15.0	0.0	0.0
95	__protein2_rbs	9.333333333333334	0.0	0.0
95	__protein3_rbs	1.6666666666666667	0.0	0.0
95	__ribosome	31.33333333333333	0.0	0.0
95	__rnase_site_ext	17.666666666666668	0.0	0.0
95	p0	1.0	0.0	0.0
95	protein1	636.6666666666666	21.33333333333333	1.6808773333333331
95	protein2	381.33333333333326	12.333333333333336	2.072261
95	protein3	113.0	3.6666666666666665	2.2888889999999997
95	r2	3.6666666666666665	0.0	0.0
95	rnapol	2.0	0.0	0.0
96	__protein1_rbs	16.0	0.0	0.0
96	__protein2_rbs	11.0	0.0	0.0
96	__protein3_rbs	2.333333333333333	0.0	0.0
96	__ribosome	30.33333333333333	0.0	0.0
96	__rnase_site_ext	18.0	0.0	0.0
96	p0	1.0	0.0	0.0
96	protein1	646.3333333333334	21.33333333333333	1.7129283333333334
96	protein2	387.0	12.666666666666664	1.986347
96	protein3	114.33333333333331	3.6666666666666665	2.4
96	r2	3.6666666666666665	0.0	0.0
96	rnapol	2.333333333333333	0.0	0.0
97	__protein1_rbs	15.666666666666664	0.0	0.0
97	__protein2_rbs	10.666666666666666	0.0	0.0
97	__protein3_rbs	3.0	0.0	0.0
97	__ribosome	34.0	0.0	0.0
97	__rnase_site_ext	18.666666666666668	0.0	0.0
97	p0	0.6666666666666666	0.0	0.0
97	protein1	656.6666666666666	21.0	1.6968506666666665
97	protein2	393.66666666666674	12.666666666666664	1.7610723333333336
97	protein3	115.66666666666669	3.6666666666666665	2.311111
97	r2	3.6666666666666665	0.0	0.0
97	rnapol	1.6666666666666667	0.0	0.0
98	__protein1_rbs	17.0	0.0	0.0
98	__protein2_rbs	10.0	0.0	0.0
98	__protein3_rbs	2.6666666666666665	0.0	0.0
98	__ribosome	35.666666666666664	0.0	0.0
98	__rnase_site_ext	18.33333333333333	0.0	0.0
98	p0	0.6666666666666666	0.0	0.0
98	protein1	668.0	22.0	1.5376260000000002
98	protein2	399.0	13.0	1.701298666666667
98	protein3	117.33333333333331	3.6666666666666665	2.355555333333333
98	r2	4.0	0.0	0.0
98	rnapol	1.3333333333333333	0.0	0.0
99	__protein1_rbs	17.0	0.0	0.0
99	__protein2_rbs	10.333333333333334	0.0	0.0
99	__protein3_rbs	3.333333333333333	0.0	0.0
99	__ribosome	35.0	0.0	0.0
99	__rnase_site_ext	18.666666666666668	0.0	0.0
99	p0	1.0	0.0	0.0
99	protein1	678.3333333333334	22.66666666666667	1.4980953333333331
99	protein2	404.33333333333326	13.333333333333336	1.7817463333333334
99	protein3	119.66666666666669	4.0	1.8555556666666664
99	r2	4.0	0.0	0.0
99	rnapol	1.0	0.0	0.0
100	__protein1_rbs	16.0	0.0	0.0
100	__protein2_rbs	9.333333333333334	0.0	0.0
100	__protein3_rbs	4.0	0.0	0.0
100	__ribosome	35.333333333333336	0.0	0.0
100	__rnase_site_ext	17.333333333333332	0.0	0.0
100	p0	1.0	0.0	0.0
100	protein1	689.0	21.66666666666667	1.5899663333333331
100	protein2	411.0	13.0	1.9026253333333327
100	protein3	121.66666666666669	4.0	1.588889
100	r2	4.0	0.0	0.0
100	rnapol	1.0	0.0	0.0
101	__protein1_rbs	17.0	0.0	0.0
101	__protein2_rbs	10.333333333333334	0.0	0.0
101	__protein3_rbs	2.6666666666666665	0.0	0.0
101	__ribosome	32.666666666666664	0.0	0.0
101	__rnase_site_ext	17.666666666666668	0.0	0.0
101	p0	1.0	0.0	0.0
101	protein1	699.3333333333335	21.33333333333333	1.5342069999999999
101	protein2	414.66666666666674	13.666666666666664	2.075091666666667
101	protein3	123.33333333333331	4.0	1.6666666666666667
101	r2	4.0	0.0	0.0
101	rnapol	1.3333333333333333	0.0	0.0
102	__protein1_rbs	15.666666666666664	0.0	0.0
102	__protein2_rbs	9.666666666666666	0.0	0.0
102	__protein3_rbs	3.0	0.0	0.0
102	__ribosome	30.33333333333333	0.0	0.0
102	__rnase_site_ext	17.333333333333332	0.0	0.0
102	p0	1.0	0.0	0.0
102	protein1	709.0	21.0	1.5839729999999996
102	protein2	419.66666666666674	13.333333333333336	2.305555666666667
102	protein3	125.33333333333331	4.333333333333333	1.5
102	r2	4.0	0.0	0.0
102	rnapol	1.6666666666666667	0.0	0.0
103	__protein1_rbs	15.333333333333336	0.0	0.0
103	__protein2_rbs	9.666666666666666	0.0	0.0
103	__protein3_rbs	3.333333333333333	0.0	0.0
103	__ribosome	28.66666666666667	0.0	0.0
103	__rnase_site_ext	17.333333333333332	0.0	0.0
103	p0	1.0	0.0	0.0
103	protein1	718.3333333333335	21.0	1.6027280000000002
103	protein2	427.33333333333326	13.333333333333336	2.262393
103	protein3	126.66666666666669	4.333333333333333	1.8333333333333333
103	r2	4.0	0.0	0.0
103	rnapol	2.0	0.0	0.0
104	__protein1_rbs	14.333333333333336	0.0	0.0
104	__protein2_rbs	9.333333333333334	0.0	0.0
104	__protein3_rbs	2.333333333333333	0.0	0.0
104	__ribosome	26.33333333333333	0.0	0.0
104	__rnase_site_ext	16.333333333333332	0.0	0.0
104	p0	1.0	0.0	0.0
104	protein1	727.6666666666665	21.0	1.6223356666666668
104	protein2	433.0	13.333333333333336	2.3346153333333333
104	protein3	128.0	4.0	2.2333333333333334
104	r2	4.0	0.0	0.0
104	rnapol	3.0	0.0	0.0
105	__protein1_rbs	16.333333333333332	0.0	0.0
105	__protein2_rbs	9.666666666666666	0.0	0.0
105	__protein3_rbs	3.0	0.0	0.0
105	__ribosome	31.0	0.0	0.0
105	__rnase_site_ext	17.666666666666668	0.0	0.0
105	p0	0.6666666666666666	0.0	0.0
105	protein1	739.0	21.33333333333333	1.456983666666667
105	protein2	442.0	13.0	2.2063490000000003
105	protein3	128.66666666666666	4.0	2.361111
105	r2	4.0	0.0	0.0
105	rnapol	2.6666666666666665	0.0	0.0
106	__protein1_rbs	15.666666666666664	0.0	0.0
106	__protein2_rbs	9.666666666666666	0.0	0.0
106	__protein3_rbs	2.333333333333333	0.0	0.0
106	__ribosome	31.66666666666667	0.0	0.0
106	__rnase_site_ext	17.333333333333332	0.0	0.0
106	p0	1.0	0.0	0.0
106	protein1	748.6666666666665	22.0	1.495370333333333
106	protein2	449.33333333333326	12.333333333333336	2.104701
106	protein3	130.66666666666666	4.0	2.4555556666666667
106	r2	4.0	0.0	0.0
106	rnapol	3.0	0.0	0.0
107	__protein1_rbs	16.333333333333332	0.0	0.0
107	__protein2_rbs	10.666666666666666	0.0	0.0
107	__protein3_rbs	2.6666666666666665	0.0	0.0
107	__ribosome	30.0	0.0	0.0
107	__rnase_site_ext	18.0	0.0	0.0
107	p0	1.0	0.0	0.0
107	protein1	756.6666666666665	22.33333333333333	1.5882353333333334
107	protein2	454.66666666666674	12.333333333333336	2.126068333333333
107	protein3	133.66666666666666	4.0	2.1777776666666666
107	r2	4.0	0.0	0.0
107	rnapol	2.0	0.0	0.0
108	__protein1_rbs	19.0	0.0	0.0
108	__protein2_rbs	10.0	0.0	0.0
108	__protein3_rbs	3.333333333333333	0.0	0.0
108	__ribosome	33.333333333333336	0.0	0.0
108	__rnase_site_ext	19.666666666666668	0.0	0.0
108	p0	1.0	0.0	0.0
108	protein1	765.3333333333335	22.33333333333333	1.5874509999999995
108	protein2	462.33333333333326	12.0	2.0
108	protein3	135.66666666666666	4.0	1.938889
108	r2	3.6666666666666665	0.0	0.0
108	rnapol	2.333333333333333	0.0	0.0
109	__protein1_rbs	15.0	0.0	0.0
109	__protein2_rbs	10.333333333333334	0.0	0.0
109	__protein3_rbs	2.6666666666666665	0.0	0.0
109	__ribosome	34.0	0.0	0.0
109	__rnase_site_ext	17.0	0.0	0.0
109	p0	1.0	0.0	0.0
109	protein1	776.6666666666665	22.66666666666667	1.5666666666666664
109	protein2	468.33333333333326	12.333333333333336	1.8333333333333333
109	protein3	137.66666666666666	3.6666666666666665	2.0277776666666667
109	r2	3.6666666666666665	0.0	0.0
109	rnapol	2.0	0.0	0.0
110	__protein1_rbs	17.333333333333332	0.0	0.0
110	__protein2_rbs	10.0	0.0	0.0
110	__protein3_rbs	2.333333333333333	0.0	0.0
110	__ribosome	36.66666666666666	0.0	0.0
110	__rnase_site_ext	18.0	0.0	0.0
110	p0	0.6666666666666666	0.0	0.0
110	protein1	789.3333333333335	22.66666666666667	1.4155556666666669
110	protein2	474.33333333333326	12.666666666666664	1.7927349999999995
110	protein3	139.33333333333334	3.6666666666666665	2.1666666666666665
110	r2	3.6666666666666665	0.0	0.0
110	rnapol	2.333333333333333	0.0	0.0
111	__protein1_rbs	19.666666666666668	0.0	0.0
111	__protein2_rbs	9.333333333333334	0.0	0.0
111	__protein3_rbs	2.6666666666666665	0.0	0.0
111	__ribosome	33.0	0.0	0.0
111	__rnase_site_ext	21.0	0.0	0.0
111	p0	1.0	0.0	0.0
111	protein1	797.0	23.33333333333333	1.5555556666666668
111	protein2	480.0	12.666666666666664	1.794872
111	protein3	141.33333333333334	3.6666666666666665	2.25
111	r2	3.333333333333333	0.0	0.0
111	rnapol	2.0	0.0	0.0
112	__protein1_rbs	16.333333333333332	0.0	0.0
112	__protein2_rbs	10.333333333333334	0.0	0.0
112	__protein3_rbs	2.6666666666666665	0.0	0.0
112	__ribosome	31.0	0.0	0.0
112	__rnase_site_ext	18.666666666666668	0.0	0.0
112	p0	1.0	0.0	0.0
112	protein1	808.3333333333335	23.0	1.6994873333333331
112	protein2	486.0	13.333333333333336	1.725275
112	protein3	143.0	3.333333333333333	2.4166666666666665
112	r2	3.333333333333333	0.0	0.0
112	rnapol	2.333333333333333	0.0	0.0
113	__protein1_rbs	18.33333333333333	0.0	0.0
113	__protein2_rbs	9.333333333333334	0.0	0.0
113	__protein3_rbs	3.0	0.0	0.0
113	__ribosome	30.0	0.0	0.0
113	__rnase_site_ext	20.33333333333333	0.0	0.0
113	p0	0.6666666666666666	0.0	0.0
113	protein1	819.0	23.0	1.6806970000000003
113	protein2	490.0	13.0	1.974359
113	protein3	144.66666666666666	3.333333333333333	2.1666666666666665
113	r2	3.333333333333333	0.0	0.0
113	rnapol	1.6666666666666667	0.0	0.0
114	__protein1_rbs	17.0	0.0	0.0
114	__protein2_rbs	10.666666666666666	0.0	0.0
114	__protein3_rbs	3.0	0.0	0.0
114	__ribosome	30.0	0.0	0.0
114	__rnase_site_ext	19.33333333333333	0.0	0.0
114	p0	1.0	0.0	0.0
114	protein1	830.3333333333335	24.0	1.600631
114	protein2	495.33333333333326	12.666666666666664	2.012820666666667
114	protein3	146.33333333333334	3.333333333333333	1.8333333333333333
114	r2	3.333333333333333	0.0	0.0
114	rnapol	1.6666666666666667	0.0	0.0
115	__protein1_rbs	17.333333333333332	0.0	0.0
115	__protein2_rbs	9.0	0.0	0.0
115	__protein3_rbs	2.6666666666666665	0.0	0.0
115	__ribosome	30.0	0.0	0.0
115	__rnase_site_ext	20.0	0.0	0.0
115	p0	1.0	0.0	0.0
115	protein1	842.0	24.66666666666667	1.522616
115	protein2	501.66666666666674	12.666666666666664	2.115384666666667
115	protein3	148.66666666666666	3.333333333333333	1.6944443333333332
115	r2	3.333333333333333	0.0	0.0
115	rnapol	1.0	0.0	0.0
116	__protein1_rbs	19.0	0.0	0.0
116	__protein2_rbs	9.0	0.0	0.0
116	__protein3_rbs	2.0	0.0	0.0
116	__ribosome	30.0	0.0	0.0
116	__rnase_site_ext	22.66666666666667	0.0	0.0
116	p0	1.0	0.0	0.0
116	protein1	854.3333333333335	25.33333333333333	1.4369303333333334
116	protein2	507.0	12.666666666666664	2.0854700000000004
116	protein3	150.0	3.333333333333333	2.2222223333333333
116	r2	3.6666666666666665	0.0	0.0
116	rnapol	1.0	0.0	0.0
117	__protein1_rbs	18.33333333333333	0.0	0.0
117	__protein2_rbs	10.0	0.0	0.0
117	__protein3_rbs	3.0	0.0	0.0
117	__ribosome	23.66666666666667	0.0	0.0
117	__rnase_site_ext	19.666666666666668	0.0	0.0
117	p0	1.0	0.0	0.0
117	protein1	864.0	25.66666666666667	1.6358786666666667
117	protein2	512.3333333333334	13.666666666666664	2.047619
117	protein3	151.33333333333334	3.6666666666666665	2.088889
117	r2	3.6666666666666665	0.0	0.0
117	rnapol	0.6666666666666666	0.0	0.0
118	__protein1_rbs	21.33333333333333	0.0	0.0
118	__protein2_rbs	9.333333333333334	0.0	0.0
118	__protein3_rbs	1.0	0.0	0.0
118	__ribosome	24.66666666666667	0.0	0.0
118	__rnase_site_ext	23.0	0.0	0.0
118	p0	1.0	0.0	0.0
118	protein1	875.3333333333335	25.66666666666667	1.5994253333333337
118	protein2	520.0	14.0	1.9042736666666664
118	protein3	152.66666666666666	3.6666666666666665	2.555555666666667
118	r2	3.6666666666666665	0.0	0.0
118	rnapol	1.0	0.0	0.0
119	__protein1_rbs	18.33333333333333	0.0	0.0
119	__protein2_rbs	11.0	0.0	0.0
119	__protein3_rbs	2.6666666666666665	0.0	0.0
119	__ribosome	26.66666666666667	0.0	0.0
119	__rnase_site_ext	19.666666666666668	0.0	0.0
119	p0	1.0	0.0	0.0
119	protein1	887.0	25.0	1.613968
119	protein2	526.6666666666666	14.0	1.7777776666666665
119	protein3	153.66666666666666	3.6666666666666665	2.733333333333333
119	r2	3.6666666666666665	0.0	0.0
119	rnapol	1.0	0.0	0.0
120	__protein1_rbs	19.666666666666668	0.0	0.0
120	__protein2_rbs	12.666666666666664	0.0	0.0
120	__protein3_rbs	3.0	0.0	0.0
120	__ribosome	30.33333333333333	0.0	0.0
120	__rnase_site_ext	21.0	0.0	0.0
120	p0	1.0	0.0	0.0
120	protein1	899.3333333333335	24.66666666666667	1.5562613333333335
120	protein2	532.3333333333334	14.0	1.6604396666666668
120	protein3	156.33333333333334	3.6666666666666665	2.4000000000000004
120	r2	3.333333333333333	0.0	0.0
120	rnapol	1.0	0.0	0.0
121	__protein1_rbs	16.666666666666668	0.0	0.0
121	__protein2_rbs	11.333333333333336	0.0	0.0
121	__protein3_rbs	3.0	0.0	0.0
121	__ribosome	28.66666666666667	0.0	0.0
121	__rnase_site_ext	18.666666666666668	0.0	0.0
121	p0	1.0	0.0	0.0
121	protein1	911.3333333333335	25.0	1.587887
121	protein2	538.0	14.333333333333336	1.647619333333333
121	protein3	158.33333333333334	4.0	2.15
121	r2	4.0	0.0	0.0
121	rnapol	1.3333333333333333	0.0	0.0
122	__protein1_rbs	18.33333333333333	0.0	0.0
122	__protein2_rbs	10.666666666666666	0.0	0.0
122	__protein3_rbs	2.333333333333333	0.0	0.0
122	__ribosome	26.0	0.0	0.0
122	__rnase_site_ext	20.33333333333333	0.0	0.0
122	p0	1.0	0.0	0.0
122	protein1	922.6666666666665	25.33333333333333	1.5957263333333334
122	protein2	543.6666666666666	14.666666666666664	1.639881
122	protein3	159.33333333333334	4.0	2.361111
122	r2	4.0	0.0	0.0
122	rnapol	1.0	0.0	0.0
123	__protein1_rbs	18.33333333333333	0.0	0.0
123	__protein2_rbs	10.0	0.0	0.0
123	__protein3_rbs	2.6666666666666665	0.0	0.0
123	__ribosome	26.0	0.0	0.0
123	__rnase_site_ext	20.666666666666668	0.0	0.0
123	p0	1.0	0.0	0.0
123	protein1	933.6666666666665	25.33333333333333	1.6213673333333334
123	protein2	549.6666666666666	14.666666666666664	1.7559523333333331
123	protein3	163.0	4.0	1.7444443333333333
123	r2	4.0	0.0	0.0
123	rnapol	1.3333333333333333	0.0	0.0
124	__protein1_rbs	17.666666666666668	0.0	0.0
124	__protein2_rbs	12.333333333333336	0.0	0.0
124	__protein3_rbs	3.333333333333333	0.0	0.0
124	__ribosome	28.66666666666667	0.0	0.0
124	__rnase_site_ext	20.666666666666668	0.0	0.0
124	p0	0.6666666666666666	0.0	0.0
124	protein1	945.3333333333335	25.33333333333333	1.5920633333333332
124	protein2	555.0	15.0	1.608928666666667
124	protein3	164.66666666666666	4.0	1.6777776666666668
124	r2	3.6666666666666665	0.0	0.0
124	rnapol	1.6666666666666667	0.0	0.0
125	__protein1_rbs	19.33333333333333	0.0	0.0
125	__protein2_rbs	12.0	0.0	0.0
125	__protein3_rbs	2.6666666666666665	0.0	0.0
125	__ribosome	28.33333333333333	0.0	0.0
125	__rnase_site_ext	21.0	0.0	0.0
125	p0	1.0	0.0	0.0
125	protein1	958.3333333333335	25.33333333333333	1.490975333333333
125	protein2	561.0	14.666666666666664	1.774603
125	protein3	165.66666666666666	3.6666666666666665	2.0444446666666667
125	r2	3.6666666666666665	0.0	0.0
125	rnapol	2.0	0.0	0.0
126	__protein1_rbs	16.0	0.0	0.0
126	__protein2_rbs	10.333333333333334	0.0	0.0
126	__protein3_rbs	2.6666666666666665	0.0	0.0
126	__ribosome	25.0	0.0	0.0
126	__rnase_site_ext	18.666666666666668	0.0	0.0
126	p0	1.0	0.0	0.0
126	protein1	971.0	25.0	1.597275
126	protein2	566.6666666666666	14.666666666666664	1.8333333333333333
126	protein3	167.33333333333334	4.0	2.0166666666666666
126	r2	4.0	0.0	0.0
126	rnapol	2.0	0.0	0.0
127	__protein1_rbs	20.666666666666668	0.0	0.0
127	__protein2_rbs	12.666666666666664	0.0	0.0
127	__protein3_rbs	3.0	0.0	0.0
127	__ribosome	27.33333333333333	0.0	0.0
127	__rnase_site_ext	23.33333333333333	0.0	0.0
127	p0	1.0	0.0	0.0
127	protein1	980.3333333333335	25.0	1.5336716666666668
127	protein2	573.0	14.666666666666664	1.7886903333333333
127	protein3	169.0	4.0	2.0500000000000003
127	r2	4.0	0.0	0.0
127	rnapol	2.0	0.0	0.0
128	__protein1_rbs	20.666666666666668	0.0	0.0
128	__protein2_rbs	10.0	0.0	0.0
128	__protein3_rbs	3.6666666666666665	0.0	0.0
128	__ribosome	26.0	0.0	0.0
128	__rnase_site_ext	23.0	0.0	0.0
128	p0	0.6666666666666666	0.0	0.0
128	protein1	992.3333333333335	24.66666666666667	1.3971013333333333
128	protein2	578.3333333333334	15.333333333333336	2.008309666666667
128	protein3	171.33333333333334	4.333333333333333	1.9722223333333333
128	r2	4.333333333333333	0.0	0.0
128	rnapol	1.6666666666666667	0.0	0.0
129	__protein1_rbs	20.0	0.0	0.0
129	__protein2_rbs	10.666666666666666	0.0	0.0
129	__protein3_rbs	3.6666666666666665	0.0	0.0
129	__ribosome	27.66666666666667	0.0	0.0
129	__rnase_site_ext	21.33333333333333	0.0	0.0
129	p0	1.0	0.0	0.0
129	protein1	1005.0	25.33333333333333	1.2751533333333334
129	protein2	586.0	15.333333333333336	2.0384686666666667
129	protein3	172.66666666666663	4.333333333333333	2.111111
129	r2	4.666666666666667	0.0	0.0
129	rnapol	1.6666666666666667	0.0	0.0
130	__protein1_rbs	18.33333333333333	0.0	0.0
130	__protein2_rbs	11.333333333333336	0.0	0.0
130	__protein3_rbs	3.0	0.0	0.0
130	__ribosome	26.0	0.0	0.0
130	__rnase_site_ext	20.666666666666668	0.0	0.0
130	p0	1.0	0.0	0.0
130	protein1	1017.3333333333335	25.33333333333333	1.2911616666666668
130	protein2	592.0	15.0	2.130015
130	protein3	175.0	4.666666666666667	1.9333333333333336
130	r2	4.666666666666667	0.0	0.0
130	rnapol	1.0	0.0	0.0
131	__protein1_rbs	20.33333333333333	0.0	0.0
131	__protein2_rbs	11.333333333333336	0.0	0.0
131	__protein3_rbs	4.333333333333333	0.0	0.0
131	__ribosome	24.0	0.0	0.0
131	__rnase_site_ext	22.33333333333333	0.0	0.0
131	p0	1.0	0.0	0.0
131	protein1	1025.3333333333333	26.0	1.365889666666667
131	protein2	598.6666666666666	15.0	2.1148463333333334
131	protein3	177.0	4.666666666666667	1.8444443333333331
131	r2	4.666666666666667	0.0	0.0
131	rnapol	1.3333333333333333	0.0	0.0
132	__protein1_rbs	21.0	0.0	0.0
132	__protein2_rbs	12.333333333333336	0.0	0.0
132	__protein3_rbs	4.0	0.0	0.0
132	__ribosome	26.33333333333333	0.0	0.0
132	__rnase_site_ext	23.33333333333333	0.0	0.0
132	p0	1.0	0.0	0.0
132	protein1	1033.0	26.0	1.3804196666666666
132	protein2	606.3333333333334	15.333333333333336	1.878151
132	protein3	178.33333333333337	4.666666666666667	1.888889
132	r2	5.0	0.0	0.0
132	rnapol	1.0	0.0	0.0
133	__protein1_rbs	20.0	0.0	0.0
133	__protein2_rbs	14.0	0.0	0.0
133	__protein3_rbs	3.333333333333333	0.0	0.0
133	__ribosome	29.66666666666667	0.0	0.0
133	__rnase_site_ext	21.0	0.0	0.0
133	p0	1.0	0.0	0.0
133	protein1	1046.0	26.33333333333333	1.3236463333333333
133	protein2	614.6666666666666	15.666666666666664	1.6698413333333333
133	protein3	180.66666666666663	5.0	1.9444443333333328
133	r2	4.666666666666667	0.0	0.0
133	rnapol	1.0	0.0	0.0
134	__protein1_rbs	21.33333333333333	0.0	0.0
134	__protein2_rbs	11.666666666666664	0.0	0.0
134	__protein3_rbs	4.0	0.0	0.0
134	__ribosome	29.66666666666667	0.0	0.0
134	__rnase_site_ext	22.66666666666667	0.0	0.0
134	p0	1.0	0.0	0.0
134	protein1	1056.6666666666667	26.33333333333333	1.2899673333333337
134	protein2	621.6666666666666	15.0	1.767507
134	protein3	182.66666666666663	5.0	2.0555553333333334
134	r2	4.666666666666667	0.0	0.0
134	rnapol	2.0	0.0	0.0
135	__protein1_rbs	21.33333333333333	0.0	0.0
135	__protein2_rbs	10.0	0.0	0.0
135	__protein3_rbs	4.333333333333333	0.0	0.0
135	__ribosome	27.33333333333333	0.0	0.0
135	__rnase_site_ext	21.66666666666667	0.0	0.0
135	p0	1.0	0.0	0.0
135	protein1	1066.6666666666667	26.33333333333333	1.3482
135	protein2	629.3333333333334	15.333333333333336	1.818861
135	protein3	185.0	5.0	1.9944443333333333
135	r2	5.0	0.0	0.0
135	rnapol	2.333333333333333	0.0	0.0
136	__protein1_rbs	19.33333333333333	0.0	0.0
136	__protein2_rbs	12.333333333333336	0.0	0.0
136	__protein3_rbs	3.6666666666666665	0.0	0.0
136	__ribosome	23.66666666666667	0.0	0.0
136	__rnase_site_ext	20.666666666666668	0.0	0.0
136	p0	1.0	0.0	0.0
136	protein1	1076.0	25.66666666666667	1.4698989999999998
136	protein2	634.3333333333334	15.333333333333336	1.8062556666666667
136	protein3	186.33333333333331	5.0	2.316666666666667
136	r2	5.0	0.0	0.0
136	rnapol	2.6666666666666665	0.0	0.0
137	__protein1_rbs	22.0	0.0	0.0
137	__protein2_rbs	10.666666666666666	0.0	0.0
137	__protein3_rbs	3.6666666666666665	0.0	0.0
137	__ribosome	26.33333333333333	0.0	0.0
137	__rnase_site_ext	23.0	0.0	0.0
137	p0	1.0	0.0	0.0
137	protein1	1086.0	25.66666666666667	1.322626
137	protein2	641.3333333333334	15.333333333333336	1.8496733333333333
137	protein3	189.0	5.0	2.406349
137	r2	5.0	0.0	0.0
137	rnapol	2.6666666666666665	0.0	0.0
138	__protein1_rbs	21.33333333333333	0.0	0.0
138	__protein2_rbs	11.333333333333336	0.0	0.0
138	__protein3_rbs	4.0	0.0	0.0
138	__ribosome	29.33333333333333	0.0	0.0
138	__rnase_site_ext	22.33333333333333	0.0	0.0
138	p0	1.0	0.0	0.0
138	protein1	1097.6666666666667	25.33333333333333	1.1895236666666666
138	protein2	647.3333333333334	15.333333333333336	1.895705
138	protein3	192.0	5.0	2.3142856666666667
138	r2	5.0	0.0	0.0
138	rnapol	2.6666666666666665	0.0	0.0
139	__protein1_rbs	21.66666666666667	0.0	0.0
139	__protein2_rbs	13.333333333333336	0.0	0.0
139	__protein3_rbs	4.333333333333333	0.0	0.0
139	__ribosome	32.333333333333336	0.0	0.0
139	__rnase_site_ext	23.0	0.0	0.0
139	p0	0.6666666666666666	0.0	0.0
139	protein1	1108.3333333333333	26.0	1.152758666666667
139	protein2	656.0	15.333333333333336	1.792903666666667
139	protein3	194.33333333333331	5.0	2.0412700000000004
139	r2	5.333333333333333	0.0	0.0
139	rnapol	2.0	0.0	0.0
140	__protein1_rbs	22.0	0.0	0.0
140	__protein2_rbs	12.333333333333336	0.0	0.0
140	__protein3_rbs	4.666666666666667	0.0	0.0
140	__ribosome	27.66666666666667	0.0	0.0
140	__rnase_site_ext	22.66666666666667	0.0	0.0
140	p0	1.0	0.0	0.0
140	protein1	1116.6666666666667	27.0	1.2244383333333335
140	protein2	660.0	15.333333333333336	1.9263306666666669
140	protein3	197.0	5.333333333333333	1.8968253333333331
140	r2	5.333333333333333	0.0	0.0
140	rnapol	2.0	0.0	0.0
141	__protein1_rbs	23.0	0.0	0.0
141	__protein2_rbs	11.666666666666664	0.0	0.0
141	__protein3_rbs	4.0	0.0	0.0
141	__ribosome	24.33333333333333	0.0	0.0
141	__rnase_site_ext	24.0	0.0	0.0
141	p0	1.0	0.0	0.0
141	protein1	1125.0	27.33333333333333	1.3067006666666667
141	protein2	667.0	15.333333333333336	1.908777
141	protein3	199.33333333333331	5.333333333333333	2.0634919999999997
141	r2	5.333333333333333	0.0	0.0
141	rnapol	1.3333333333333333	0.0	0.0
142	__protein1_rbs	21.66666666666667	0.0	0.0
142	__protein2_rbs	11.666666666666664	0.0	0.0
142	__protein3_rbs	4.0	0.0	0.0
142	__ribosome	22.0	0.0	0.0
142	__rnase_site_ext	23.0	0.0	0.0
142	p0	1.0	0.0	0.0
142	protein1	1135.0	27.33333333333333	1.4362306666666669
142	protein2	675.0	15.333333333333336	1.800934
142	protein3	202.33333333333331	5.333333333333333	2.174603
142	r2	5.0	0.0	0.0
142	rnapol	2.0	0.0	0.0
143	__protein1_rbs	23.0	0.0	0.0
143	__protein2_rbs	10.666666666666666	0.0	0.0
143	__protein3_rbs	3.0	0.0	0.0
143	__ribosome	24.66666666666667	0.0	0.0
143	__rnase_site_ext	24.66666666666667	0.0	0.0
143	p0	1.0	0.0	0.0
143	protein1	1145.6666666666667	27.33333333333333	1.3578253333333334
143	protein2	682.3333333333334	15.666666666666664	1.7037816666666667
143	protein3	204.33333333333331	5.333333333333333	2.269841
143	r2	5.0	0.0	0.0
143	rnapol	2.6666666666666665	0.0	0.0
144	__protein1_rbs	25.0	0.0	0.0
144	__protein2_rbs	11.333333333333336	0.0	0.0
144	__protein3_rbs	4.333333333333333	0.0	0.0
144	__ribosome	25.66666666666667	0.0	0.0
144	__rnase_site_ext	26.0	0.0	0.0
144	p0	1.0	0.0	0.0
144	protein1	1156.6666666666667	28.0	1.242469
144	protein2	687.6666666666665	15.333333333333336	1.907738
144	protein3	207.0	5.0	2.1666666666666665
144	r2	5.0	0.0	0.0
144	rnapol	2.0	0.0	0.0
145	__protein1_rbs	21.66666666666667	0.0	0.0
145	__protein2_rbs	11.0	0.0	0.0
145	__protein3_rbs	3.6666666666666665	0.0	0.0
145	__ribosome	24.66666666666667	0.0	0.0
145	__rnase_site_ext	23.66666666666667	0.0	0.0
145	p0	0.6666666666666666	0.0	0.0
145	protein1	1170.6666666666667	28.33333333333333	1.1845456666666667
145	protein2	693.6666666666665	15.333333333333336	2.005952333333333
145	protein3	209.0	5.0	2.3888890000000003
145	r2	5.0	0.0	0.0
145	rnapol	1.3333333333333333	0.0	0.0
146	__protein1_rbs	22.66666666666667	0.0	0.0
146	__protein2_rbs	12.666666666666664	0.0	0.0
146	__protein3_rbs	4.0	0.0	0.0
146	__ribosome	24.0	0.0	0.0
146	__rnase_site_ext	24.0	0.0	0.0
146	p0	1.0	0.0	0.0
146	protein1	1180.6666666666667	27.33333333333333	1.2249383333333337
146	protein2	700.3333333333335	15.666666666666664	2.0306373333333334
146	protein3	211.33333333333331	5.0	2.3333336666666664
146	r2	5.666666666666668	0.0	0.0
146	rnapol	1.3333333333333333	0.0	0.0
147	__protein1_rbs	22.0	0.0	0.0
147	__protein2_rbs	14.666666666666664	0.0	0.0
147	__protein3_rbs	5.333333333333333	0.0	0.0
147	__ribosome	27.33333333333333	0.0	0.0
147	__rnase_site_ext	22.66666666666667	0.0	0.0
147	p0	1.0	0.0	0.0
147	protein1	1189.0	27.66666666666667	1.327619
147	protein2	709.3333333333335	15.666666666666664	1.7123599999999999
147	protein3	214.0	5.666666666666668	1.9444446666666664
147	r2	5.666666666666668	0.0	0.0
147	rnapol	1.6666666666666667	0.0	0.0
148	__protein1_rbs	20.0	0.0	0.0
148	__protein2_rbs	13.0	0.0	0.0
148	__protein3_rbs	4.666666666666667	0.0	0.0
148	__ribosome	29.66666666666667	0.0	0.0
148	__rnase_site_ext	23.33333333333333	0.0	0.0
148	p0	1.0	0.0	0.0
148	protein1	1200.0	27.66666666666667	1.353651
148	protein2	717.0	16.0	1.4648693333333334
148	protein3	217.0	5.666666666666668	1.736111
148	r2	5.666666666666668	0.0	0.0
148	rnapol	1.6666666666666667	0.0	0.0
149	__protein1_rbs	21.0	0.0	0.0
149	__protein2_rbs	12.333333333333336	0.0	0.0
149	__protein3_rbs	5.666666666666668	0.0	0.0
149	__ribosome	27.66666666666667	0.0	0.0
149	__rnase_site_ext	23.33333333333333	0.0	0.0
149	p0	1.0	0.0	0.0
149	protein1	1210.3333333333333	27.66666666666667	1.4161903333333334
149	protein2	722.6666666666665	16.0	1.4806373333333334
149	protein3	219.33333333333331	5.666666666666668	1.638889
149	r2	6.0	0.0	0.0
149	rnapol	2.0	0.0	0.0
150	__protein1_rbs	19.666666666666668	0.0	0.0
150	__protein2_rbs	13.0	0.0	0.0
150	__protein3_rbs	4.666666666666667	0.0	0.0
150	__ribosome	23.0	0.0	0.0
150	__rnase_site_ext	22.0	0.0	0.0
150	p0	1.0	0.0	0.0
150	protein1	1221.0	27.33333333333333	1.5873013333333332
150	protein2	729.6666666666665	16.0	1.480473666666667
150	protein3	221.66666666666663	6.0	1.685185333333333
150	r2	6.0	0.0	0.0
150	rnapol	2.6666666666666665	0.0	0.0
151	__protein1_rbs	22.66666666666667	0.0	0.0
151	__protein2_rbs	12.0	0.0	0.0
151	__protein3_rbs	5.333333333333333	0.0	0.0
151	__ribosome	24.33333333333333	0.0	0.0
151	__rnase_site_ext	25.33333333333333	0.0	0.0
151	p0	1.0	0.0	0.0
151	protein1	1232.3333333333333	27.33333333333333	1.4879013333333333
151	protein2	734.6666666666665	16.333333333333332	1.5725489999999998
151	protein3	224.0	6.333333333333332	1.472222
151	r2	6.333333333333332	0.0	0.0
151	rnapol	1.6666666666666667	0.0	0.0
152	__protein1_rbs	22.0	0.0	0.0
152	__protein2_rbs	12.333333333333336	0.0	0.0
152	__protein3_rbs	4.0	0.0	0.0
152	__ribosome	24.0	0.0	0.0
152	__rnase_site_ext	23.66666666666667	0.0	0.0
152	p0	1.0	0.0	0.0
152	protein1	1245.0	27.33333333333333	1.4108539999999998
152	protein2	739.6666666666665	15.666666666666664	1.7019606666666665
152	protein3	225.66666666666663	6.333333333333332	1.740741
152	r2	6.333333333333332	0.0	0.0
152	rnapol	1.6666666666666667	0.0	0.0
153	__protein1_rbs	19.33333333333333	0.0	0.0
153	__protein2_rbs	13.333333333333336	0.0	0.0
153	__protein3_rbs	5.333333333333333	0.0	0.0
153	__ribosome	23.33333333333333	0.0	0.0
153	__rnase_site_ext	20.666666666666668	0.0	0.0
153	p0	1.0	0.0	0.0
153	protein1	1258.0	27.0	1.4164613333333334
153	protein2	744.0	15.666666666666664	1.7442226666666667
153	protein3	228.0	6.333333333333332	1.777778
153	r2	6.333333333333332	0.0	0.0
153	rnapol	2.0	0.0	0.0
154	__protein1_rbs	19.0	0.0	0.0
154	__protein2_rbs	11.666666666666664	0.0	0.0
154	__protein3_rbs	5.333333333333333	0.0	0.0
154	__ribosome	22.0	0.0	0.0
154	__rnase_site_ext	21.0	0.0	0.0
154	p0	1.0	0.0	0.0
154	protein1	1270.3333333333333	27.0	1.435185333333333
154	protein2	750.0	15.666666666666664	1.7650560000000002
154	protein3	230.33333333333331	6.333333333333332	1.787037
154	r2	6.333333333333332	0.0	0.0
154	rnapol	2.0	0.0	0.0
155	__protein1_rbs	21.33333333333333	0.0	0.0
155	__protein2_rbs	14.0	0.0	0.0
155	__protein3_rbs	4.0	0.0	0.0
155	__ribosome	25.66666666666667	0.0	0.0
155	__rnase_site_ext	22.66666666666667	0.0	0.0
155	p0	1.0	0.0	0.0
155	protein1	1280.6666666666667	27.0	1.416752
155	protein2	758.6666666666665	16.333333333333332	1.4383753333333331
155	protein3	232.33333333333331	6.333333333333332	1.9166666666666667
155	r2	6.333333333333332	0.0	0.0
155	rnapol	2.333333333333333	0.0	0.0
156	__protein1_rbs	22.0	0.0	0.0
156	__protein2_rbs	12.666666666666664	0.0	0.0
156	__protein3_rbs	5.333333333333333	0.0	0.0
156	__ribosome	24.66666666666667	0.0	0.0
156	__rnase_site_ext	24.0	0.0	0.0
156	p0	1.0	0.0	0.0
156	protein1	1290.3333333333333	26.66666666666667	1.4133509999999998
156	protein2	764.0	16.333333333333332	1.5779646666666665
156	protein3	234.66666666666663	6.333333333333332	1.712963
156	r2	6.333333333333332	0.0	0.0
156	rnapol	2.6666666666666665	0.0	0.0
157	__protein1_rbs	19.666666666666668	0.0	0.0
157	__protein2_rbs	13.333333333333336	0.0	0.0
157	__protein3_rbs	5.0	0.0	0.0
157	__ribosome	28.0	0.0	0.0
157	__rnase_site_ext	23.66666666666667	0.0	0.0
157	p0	0.6666666666666666	0.0	0.0
157	protein1	1305.0	26.66666666666667	1.2444443333333333
157	protein2	770.0	16.333333333333332	1.6366323333333337
157	protein3	238.0	6.333333333333332	1.7777776666666665
157	r2	6.333333333333332	0.0	0.0
157	rnapol	2.0	0.0	0.0
158	__protein1_rbs	21.0	0.0	0.0
158	__protein2_rbs	13.0	0.0	0.0
158	__protein3_rbs	5.0	0.0	0.0
158	__ribosome	26.33333333333333	0.0	0.0
158	__rnase_site_ext	23.66666666666667	0.0	0.0
158	p0	0.6666666666666666	0.0	0.0
158	protein1	1315.6666666666667	27.33333333333333	1.220331
158	protein2	775.3333333333335	16.333333333333332	1.773265
158	protein3	240.66666666666663	6.333333333333332	1.75
158	r2	6.333333333333332	0.0	0.0
158	rnapol	2.333333333333333	0.0	0.0
159	__protein1_rbs	21.0	0.0	0.0
159	__protein2_rbs	14.0	0.0	0.0
159	__protein3_rbs	4.333333333333333	0.0	0.0
159	__ribosome	26.33333333333333	0.0	0.0
159	__rnase_site_ext	23.0	0.0	0.0
159	p0	0.6666666666666666	0.0	0.0
159	protein1	1325.0	27.33333333333333	1.3048966666666668
159	protein2	782.0	16.666666666666668	1.6564939999999997
159	protein3	244.0	6.333333333333332	1.6759259999999998
159	r2	5.666666666666668	0.0	0.0
159	rnapol	2.0	0.0	0.0
160	__protein1_rbs	22.0	0.0	0.0
160	__protein2_rbs	15.0	0.0	0.0
160	__protein3_rbs	4.666666666666667	0.0	0.0
160	__ribosome	25.33333333333333	0.0	0.0
160	__rnase_site_ext	23.66666666666667	0.0	0.0
160	p0	1.0	0.0	0.0
160	protein1	1335.6666666666667	28.0	1.302178
160	protein2	788.6666666666665	17.0	1.544138
160	protein3	245.33333333333331	5.666666666666668	2.259259333333333
160	r2	5.333333333333333	0.0	0.0
160	rnapol	1.6666666666666667	0.0	0.0
161	__protein1_rbs	23.0	0.0	0.0
161	__protein2_rbs	15.333333333333336	0.0	0.0
161	__protein3_rbs	3.6666666666666665	0.0	0.0
161	__ribosome	26.0	0.0	0.0
161	__rnase_site_ext	25.33333333333333	0.0	0.0
161	p0	1.0	0.0	0.0
161	protein1	1345.6666666666667	28.66666666666667	1.2970216666666667
161	protein2	795.3333333333335	17.333333333333332	1.4348926666666666
161	protein3	248.33333333333331	5.333333333333333	2.6388890000000003
161	r2	5.0	0.0	0.0
161	rnapol	1.0	0.0	0.0
162	__protein1_rbs	21.66666666666667	0.0	0.0
162	__protein2_rbs	13.333333333333336	0.0	0.0
162	__protein3_rbs	5.333333333333333	0.0	0.0
162	__ribosome	27.33333333333333	0.0	0.0
162	__rnase_site_ext	24.33333333333333	0.0	0.0
162	p0	1.0	0.0	0.0
162	protein1	1357.3333333333333	29.0	1.3002643333333332
162	protein2	802.6666666666665	17.0	1.48583
162	protein3	251.33333333333331	5.333333333333333	2.101852
162	r2	5.0	0.0	0.0
162	rnapol	0.6666666666666666	0.0	0.0
163	__protein1_rbs	21.66666666666667	0.0	0.0
163	__protein2_rbs	13.333333333333336	0.0	0.0
163	__protein3_rbs	4.0	0.0	0.0
163	__ribosome	24.0	0.0	0.0
163	__rnase_site_ext	23.66666666666667	0.0	0.0
163	p0	1.0	0.0	0.0
163	protein1	1368.0	29.0	1.3187280000000001
163	protein2	808.6666666666665	17.333333333333332	1.600250333333333
163	protein3	253.0	5.0	2.731481333333333
163	r2	5.0	0.0	0.0
163	rnapol	1.3333333333333333	0.0	0.0
164	__protein1_rbs	25.33333333333333	0.0	0.0
164	__protein2_rbs	13.333333333333336	0.0	0.0
164	__protein3_rbs	4.333333333333333	0.0	0.0
164	__ribosome	26.66666666666667	0.0	0.0
164	__rnase_site_ext	26.66666666666667	0.0	0.0
164	p0	1.0	0.0	0.0
164	protein1	1381.333333333333	29.33333333333333	1.1473213333333334
164	protein2	814.0	17.333333333333332	1.7832076666666663
164	protein3	255.66666666666663	5.0	2.148148
164	r2	5.333333333333333	0.0	0.0
164	rnapol	1.6666666666666667	0.0	0.0
165	__protein1_rbs	24.66666666666667	0.0	0.0
165	__protein2_rbs	13.0	0.0	0.0
165	__protein3_rbs	4.333333333333333	0.0	0.0
165	__ribosome	24.0	0.0	0.0
165	__rnase_site_ext	25.66666666666667	0.0	0.0
165	p0	1.0	0.0	0.0
165	protein1	1390.333333333333	29.66666666666667	1.1551213333333334
165	protein2	819.6666666666665	17.333333333333332	1.972431
165	protein3	258.6666666666667	5.333333333333333	1.4259259999999998
165	r2	5.666666666666668	0.0	0.0
165	rnapol	1.6666666666666667	0.0	0.0
166	__protein1_rbs	25.33333333333333	0.0	0.0
166	__protein2_rbs	12.666666666666664	0.0	0.0
166	__protein3_rbs	4.0	0.0	0.0
166	__ribosome	23.66666666666667	0.0	0.0
166	__rnase_site_ext	27.0	0.0	0.0
166	p0	1.0	0.0	0.0
166	protein1	1401.666666666667	30.0	1.1587643333333333
166	protein2	827.0	17.333333333333332	1.9243666666666668
166	protein3	261.3333333333333	5.666666666666668	1.2962963333333335
166	r2	5.666666666666668	0.0	0.0
166	rnapol	2.0	0.0	0.0
167	__protein1_rbs	24.0	0.0	0.0
167	__protein2_rbs	15.0	0.0	0.0
167	__protein3_rbs	4.666666666666667	0.0	0.0
167	__ribosome	22.33333333333333	0.0	0.0
167	__rnase_site_ext	25.33333333333333	0.0	0.0
167	p0	1.0	0.0	0.0
167	protein1	1412.333333333333	30.66666666666667	1.1561126666666668
167	protein2	833.6666666666665	17.666666666666668	1.8500000000000003
167	protein3	261.6666666666667	5.666666666666668	1.6296296666666663
167	r2	5.666666666666668	0.0	0.0
167	rnapol	1.3333333333333333	0.0	0.0
168	__protein1_rbs	24.33333333333333	0.0	0.0
168	__protein2_rbs	14.0	0.0	0.0
168	__protein3_rbs	4.333333333333333	0.0	0.0
168	__ribosome	23.0	0.0	0.0
168	__rnase_site_ext	26.0	0.0	0.0
168	p0	1.0	0.0	0.0
168	protein1	1421.333333333333	29.66666666666667	1.204634
168	protein2	843.0	17.666666666666668	1.7333333333333334
168	protein3	263.6666666666667	5.666666666666668	1.8703703333333332
168	r2	5.666666666666668	0.0	0.0
168	rnapol	1.6666666666666667	0.0	0.0
169	__protein1_rbs	23.33333333333333	0.0	0.0
169	__protein2_rbs	13.666666666666664	0.0	0.0
169	__protein3_rbs	4.0	0.0	0.0
169	__ribosome	24.33333333333333	0.0	0.0
169	__rnase_site_ext	26.66666666666667	0.0	0.0
169	p0	1.0	0.0	0.0
169	protein1	1433.333333333333	30.0	1.1984126666666666
169	protein2	851.3333333333335	17.333333333333332	1.6404763333333332
169	protein3	266.0	5.666666666666668	2.074074
169	r2	5.333333333333333	0.0	0.0
169	rnapol	2.0	0.0	0.0
170	__protein1_rbs	24.66666666666667	0.0	0.0
170	__protein2_rbs	13.666666666666664	0.0	0.0
170	__protein3_rbs	4.666666666666667	0.0	0.0
170	__ribosome	25.33333333333333	0.0	0.0
170	__rnase_site_ext	25.66666666666667	0.0	0.0
170	p0	1.0	0.0	0.0
170	protein1	1443.333333333333	29.66666666666667	1.1719403333333334
170	protein2	857.6666666666665	18.0	1.6800333333333335
170	protein3	268.0	5.333333333333333	2.6296296666666668
170	r2	5.0	0.0	0.0
170	rnapol	2.6666666666666665	0.0	0.0
171	__protein1_rbs	23.66666666666667	0.0	0.0
171	__protein2_rbs	14.0	0.0	0.0
171	__protein3_rbs	2.6666666666666665	0.0	0.0
171	__ribosome	25.66666666666667	0.0	0.0
171	__rnase_site_ext	26.0	0.0	0.0
171	p0	0.6666666666666666	0.0	0.0
171	protein1	1455.666666666667	30.0	1.1352179999999998
171	protein2	863.6666666666665	18.0	1.713868
171	protein3	271.6666666666667	5.0	2.0370369999999998
171	r2	5.0	0.0	0.0
171	rnapol	2.0	0.0	0.0
172	__protein1_rbs	26.33333333333333	0.0	0.0
172	__protein2_rbs	14.666666666666664	0.0	0.0
172	__protein3_rbs	3.6666666666666665	0.0	0.0
172	__ribosome	24.66666666666667	0.0	0.0
172	__rnase_site_ext	27.0	0.0	0.0
172	p0	1.0	0.0	0.0
172	protein1	1466.333333333333	30.33333333333333	1.1569206666666667
172	protein2	872.0	18.33333333333333	1.7150793333333334
172	protein3	273.6666666666667	5.0	2.0
172	r2	5.0	0.0	0.0
172	rnapol	2.333333333333333	0.0	0.0
173	__protein1_rbs	25.0	0.0	0.0
173	__protein2_rbs	14.333333333333336	0.0	0.0
173	__protein3_rbs	3.0	0.0	0.0
173	__ribosome	19.33333333333333	0.0	0.0
173	__rnase_site_ext	27.66666666666667	0.0	0.0
173	p0	1.0	0.0	0.0
173	protein1	1473.0	30.33333333333333	1.2430316666666668
173	protein2	877.0	18.33333333333333	1.826984333333333
173	protein3	276.0	5.0	2.066666666666667
173	r2	4.666666666666667	0.0	0.0
173	rnapol	2.6666666666666665	0.0	0.0
174	__protein1_rbs	26.0	0.0	0.0
174	__protein2_rbs	16.333333333333332	0.0	0.0
174	__protein3_rbs	4.333333333333333	0.0	0.0
174	__ribosome	24.0	0.0	0.0
174	__rnase_site_ext	27.66666666666667	0.0	0.0
174	p0	0.6666666666666666	0.0	0.0
174	protein1	1484.333333333333	30.0	1.21875
174	protein2	884.6666666666665	18.33333333333333	1.7055556666666665
174	protein3	278.3333333333333	5.0	1.9185186666666667
174	r2	4.666666666666667	0.0	0.0
174	rnapol	2.6666666666666665	0.0	0.0
175	__protein1_rbs	25.0	0.0	0.0
175	__protein2_rbs	13.0	0.0	0.0
175	__protein3_rbs	4.0	0.0	0.0
175	__ribosome	26.33333333333333	0.0	0.0
175	__rnase_site_ext	26.66666666666667	0.0	0.0
175	p0	1.0	0.0	0.0
175	protein1	1497.333333333333	30.33333333333333	1.1271783333333332
175	protein2	891.6666666666665	18.0	1.7435256666666668
175	protein3	280.0	4.666666666666667	1.8055556666666668
175	r2	4.666666666666667	0.0	0.0
175	rnapol	2.6666666666666665	0.0	0.0
176	__protein1_rbs	25.0	0.0	0.0
176	__protein2_rbs	14.333333333333336	0.0	0.0
176	__protein3_rbs	3.6666666666666665	0.0	0.0
176	__ribosome	26.33333333333333	0.0	0.0
176	__rnase_site_ext	27.66666666666667	0.0	0.0
176	p0	1.0	0.0	0.0
176	protein1	1508.0	30.0	1.174107
176	protein2	900.0	18.0	1.6645783333333333
176	protein3	282.3333333333333	4.666666666666667	2.0185186666666666
176	r2	4.666666666666667	0.0	0.0
176	rnapol	1.6666666666666667	0.0	0.0
177	__protein1_rbs	25.0	0.0	0.0
177	__protein2_rbs	14.666666666666664	0.0	0.0
177	__protein3_rbs	3.333333333333333	0.0	0.0
177	__ribosome	26.66666666666667	0.0	0.0
177	__rnase_site_ext	26.66666666666667	0.0	0.0
177	p0	1.0	0.0	0.0
177	protein1	1518.666666666667	30.66666666666667	1.211114
177	protein2	907.0	18.0	1.6044276666666668
177	protein3	285.3333333333333	4.666666666666667	1.7222223333333335
177	r2	4.666666666666667	0.0	0.0
177	rnapol	1.3333333333333333	0.0	0.0
178	__protein1_rbs	24.33333333333333	0.0	0.0
178	__protein2_rbs	15.333333333333336	0.0	0.0
178	__protein3_rbs	3.333333333333333	0.0	0.0
178	__ribosome	25.0	0.0	0.0
178	__rnase_site_ext	27.0	0.0	0.0
178	p0	1.0	0.0	0.0
178	protein1	1528.333333333333	30.66666666666667	1.2946236666666666
178	protein2	915.0	18.666666666666668	1.441946
178	protein3	286.6666666666667	4.666666666666667	2.1296296666666668
178	r2	4.666666666666667	0.0	0.0
178	rnapol	1.3333333333333333	0.0	0.0
179	__protein1_rbs	25.33333333333333	0.0	0.0
179	__protein2_rbs	14.333333333333336	0.0	0.0
179	__protein3_rbs	4.0	0.0	0.0
179	__ribosome	23.66666666666667	0.0	0.0
179	__rnase_site_ext	27.0	0.0	0.0
179	p0	0.6666666666666666	0.0	0.0
179	protein1	1540.666666666667	30.0	1.27208
179	protein2	920.3333333333335	18.666666666666668	1.5985113333333334
179	protein3	288.6666666666667	4.666666666666667	2.305555666666667
179	r2	5.0	0.0	0.0
179	rnapol	1.6666666666666667	0.0	0.0
180	__protein1_rbs	23.66666666666667	0.0	0.0
180	__protein2_rbs	15.333333333333336	0.0	0.0
180	__protein3_rbs	4.0	0.0	0.0
180	__ribosome	24.33333333333333	0.0	0.0
180	__rnase_site_ext	26.33333333333333	0.0	0.0
180	p0	1.0	0.0	0.0
180	protein1	1552.0	30.0	1.2628350000000002
180	protein2	927.6666666666665	19.33333333333333	1.5076276666666668
180	protein3	290.0	5.0	1.851852
180	r2	4.666666666666667	0.0	0.0
180	rnapol	1.6666666666666667	0.0	0.0
181	__protein1_rbs	26.33333333333333	0.0	0.0
181	__protein2_rbs	16.0	0.0	0.0
181	__protein3_rbs	4.333333333333333	0.0	0.0
181	__ribosome	22.33333333333333	0.0	0.0
181	__rnase_site_ext	26.66666666666667	0.0	0.0
181	p0	1.0	0.0	0.0
181	protein1	1563.0	30.33333333333333	1.2521073333333332
181	protein2	934.0	19.666666666666668	1.541302
181	protein3	291.0	4.666666666666667	1.9583333333333333
181	r2	4.666666666666667	0.0	0.0
181	rnapol	1.3333333333333333	0.0	0.0
182	__protein1_rbs	23.0	0.0	0.0
182	__protein2_rbs	15.0	0.0	0.0
182	__protein3_rbs	4.0	0.0	0.0
182	__ribosome	22.33333333333333	0.0	0.0
182	__rnase_site_ext	24.66666666666667	0.0	0.0
182	p0	1.0	0.0	0.0
182	protein1	1576.333333333333	30.33333333333333	1.2397746666666667
182	protein2	939.6666666666665	19.666666666666668	1.6601603333333332
182	protein3	294.0	4.666666666666667	1.625
182	r2	5.333333333333333	0.0	0.0
182	rnapol	1.0	0.0	0.0
183	__protein1_rbs	24.0	0.0	0.0
183	__protein2_rbs	16.0	0.0	0.0
183	__protein3_rbs	4.0	0.0	0.0
183	__ribosome	25.66666666666667	0.0	0.0
183	__rnase_site_ext	25.66666666666667	0.0	0.0
183	p0	1.0	0.0	0.0
183	protein1	1587.666666666667	30.33333333333333	1.216811
183	protein2	947.6666666666665	19.666666666666668	1.591533
183	protein3	297.0	5.333333333333333	1.324074
183	r2	5.333333333333333	0.0	0.0
183	rnapol	1.6666666666666667	0.0	0.0
184	__protein1_rbs	21.66666666666667	0.0	0.0
184	__protein2_rbs	16.333333333333332	0.0	0.0
184	__protein3_rbs	4.666666666666667	0.0	0.0
184	__ribosome	21.0	0.0	0.0
184	__rnase_site_ext	24.33333333333333	0.0	0.0
184	p0	0.3333333333333333	0.0	0.0
184	protein1	1597.333333333333	30.33333333333333	1.3290763333333333
184	protein2	953.6666666666665	19.666666666666668	1.6533869999999995
184	protein3	298.0	5.333333333333333	1.314814666666667
184	r2	5.666666666666668	0.0	0.0
184	rnapol	1.6666666666666667	0.0	0.0
185	__protein1_rbs	26.0	0.0	0.0
185	__protein2_rbs	15.333333333333336	0.0	0.0
185	__protein3_rbs	3.333333333333333	0.0	0.0
185	__ribosome	21.66666666666667	0.0	0.0
185	__rnase_site_ext	27.33333333333333	0.0	0.0
185	p0	1.0	0.0	0.0
185	protein1	1607.333333333333	30.66666666666667	1.2729166666666665
185	protein2	962.6666666666665	19.666666666666668	1.6412656666666667
185	protein3	300.0	5.666666666666668	1.55
185	r2	5.666666666666668	0.0	0.0
185	rnapol	1.3333333333333333	0.0	0.0
186	__protein1_rbs	25.0	0.0	0.0
186	__protein2_rbs	14.0	0.0	0.0
186	__protein3_rbs	5.0	0.0	0.0
186	__ribosome	23.0	0.0	0.0
186	__rnase_site_ext	26.66666666666667	0.0	0.0
186	p0	0.3333333333333333	0.0	0.0
186	protein1	1621.333333333333	30.33333333333333	1.22043
186	protein2	969.6666666666665	19.33333333333333	1.6532213333333334
186	protein3	301.0	5.666666666666668	1.8222223333333332
186	r2	5.666666666666668	0.0	0.0
186	rnapol	1.6666666666666667	0.0	0.0
187	__protein1_rbs	26.66666666666667	0.0	0.0
187	__protein2_rbs	14.0	0.0	0.0
187	__protein3_rbs	4.666666666666667	0.0	0.0
187	__ribosome	21.0	0.0	0.0
187	__rnase_site_ext	28.0	0.0	0.0
187	p0	1.0	0.0	0.0
187	protein1	1631.0	31.33333333333333	1.190524
187	protein2	978.0	19.33333333333333	1.6983193333333333
187	protein3	302.3333333333333	5.666666666666668	1.9222223333333333
187	r2	5.666666666666668	0.0	0.0
187	rnapol	2.0	0.0	0.0
188	__protein1_rbs	26.0	0.0	0.0
188	__protein2_rbs	16.0	0.0	0.0
188	__protein3_rbs	5.333333333333333	0.0	0.0
188	__ribosome	25.66666666666667	0.0	0.0
188	__rnase_site_ext	27.0	0.0	0.0
188	p0	1.0	0.0	0.0
188	protein1	1643.333333333333	31.0	1.1075266666666663
188	protein2	985.6666666666665	19.33333333333333	1.601074
188	protein3	304.0	5.666666666666668	1.7166666666666668
188	r2	5.666666666666668	0.0	0.0
188	rnapol	2.6666666666666665	0.0	0.0
189	__protein1_rbs	26.33333333333333	0.0	0.0
189	__protein2_rbs	15.666666666666664	0.0	0.0
189	__protein3_rbs	3.6666666666666665	0.0	0.0
189	__ribosome	24.0	0.0	0.0
189	__rnase_site_ext	28.0	0.0	0.0
189	p0	1.0	0.0	0.0
189	protein1	1655.333333333333	31.0	1.0860213333333333
189	protein2	991.3333333333335	19.666666666666668	1.615079333333333
189	protein3	305.3333333333333	5.333333333333333	2.1555556666666664
189	r2	5.333333333333333	0.0	0.0
189	rnapol	3.0	0.0	0.0
190	__protein1_rbs	26.33333333333333	0.0	0.0
190	__protein2_rbs	17.333333333333332	0.0	0.0
190	__protein3_rbs	3.6666666666666665	0.0	0.0
190	__ribosome	23.66666666666667	0.0	0.0
190	__rnase_site_ext	27.33333333333333	0.0	0.0
190	p0	1.0	0.0	0.0
190	protein1	1665.0	31.66666666666667	1.0853493333333333
190	protein2	999.0	19.666666666666668	1.624136
190	protein3	308.6666666666667	5.333333333333333	1.888889
190	r2	5.0	0.0	0.0
190	rnapol	2.333333333333333	0.0	0.0
191	__protein1_rbs	23.33333333333333	0.0	0.0
191	__protein2_rbs	15.666666666666664	0.0	0.0
191	__protein3_rbs	4.0	0.0	0.0
191	__ribosome	20.33333333333333	0.0	0.0
191	__rnase_site_ext	25.33333333333333	0.0	0.0
191	p0	1.0	0.0	0.0
191	protein1	1675.333333333333	32.333333333333336	1.188335
191	protein2	1007.6666666666665	19.33333333333333	1.560428666666667
191	protein3	310.3333333333333	5.0	2.074074
191	r2	5.0	0.0	0.0
191	rnapol	1.6666666666666667	0.0	0.0
192	__protein1_rbs	28.0	0.0	0.0
192	__protein2_rbs	15.666666666666664	0.0	0.0
192	__protein3_rbs	4.0	0.0	0.0
192	__ribosome	21.33333333333333	0.0	0.0
192	__rnase_site_ext	30.33333333333333	0.0	0.0
192	p0	0.6666666666666666	0.0	0.0
192	protein1	1685.666666666667	32.666666666666664	1.165401666666667
192	protein2	1014.3333333333335	19.33333333333333	1.556391
192	protein3	312.3333333333333	5.0	2.0
192	r2	5.333333333333333	0.0	0.0
192	rnapol	0.6666666666666666	0.0	0.0
193	__protein1_rbs	26.66666666666667	0.0	0.0
193	__protein2_rbs	13.333333333333336	0.0	0.0
193	__protein3_rbs	4.666666666666667	0.0	0.0
193	__ribosome	19.33333333333333	0.0	0.0
193	__rnase_site_ext	28.33333333333333	0.0	0.0
193	p0	0.3333333333333333	0.0	0.0
193	protein1	1696.333333333333	32.666666666666664	1.182251
193	protein2	1021.3333333333335	19.33333333333333	1.6443889999999999
193	protein3	314.3333333333333	5.333333333333333	1.7962963333333333
193	r2	5.333333333333333	0.0	0.0
193	rnapol	0.6666666666666666	0.0	0.0
194	__protein1_rbs	28.66666666666667	0.0	0.0
194	__protein2_rbs	17.666666666666668	0.0	0.0
194	__protein3_rbs	4.333333333333333	0.0	0.0
194	__ribosome	23.33333333333333	0.0	0.0
194	__rnase_site_ext	30.0	0.0	0.0
194	p0	1.0	0.0	0.0
194	protein1	1708.666666666667	33.333333333333336	1.0986443333333331
194	protein2	1029.0	20.0	1.4761903333333333
194	protein3	316.0	5.666666666666668	1.837037
194	r2	5.333333333333333	0.0	0.0
194	rnapol	0.6666666666666666	0.0	0.0
195	__protein1_rbs	25.66666666666667	0.0	0.0
195	__protein2_rbs	17.666666666666668	0.0	0.0
195	__protein3_rbs	4.0	0.0	0.0
195	__ribosome	23.66666666666667	0.0	0.0
195	__rnase_site_ext	28.66666666666667	0.0	0.0
195	p0	1.0	0.0	0.0
195	protein1	1720.0	33.0	1.192916
195	protein2	1035.6666666666667	20.0	1.4417986666666665
195	protein3	320.6666666666667	5.333333333333333	1.425
195	r2	5.333333333333333	0.0	0.0
195	rnapol	0.6666666666666666	0.0	0.0
196	__protein1_rbs	25.33333333333333	0.0	0.0
196	__protein2_rbs	19.666666666666668	0.0	0.0
196	__protein3_rbs	4.0	0.0	0.0
196	__ribosome	23.0	0.0	0.0
196	__rnase_site_ext	28.33333333333333	0.0	0.0
196	p0	1.0	0.0	0.0
196	protein1	1731.666666666667	32.666666666666664	1.215255
196	protein2	1042.6666666666667	21.0	1.3842776666666667
196	protein3	322.6666666666667	5.333333333333333	1.561111
196	r2	5.333333333333333	0.0	0.0
196	rnapol	0.6666666666666666	0.0	0.0
197	__protein1_rbs	25.33333333333333	0.0	0.0
197	__protein2_rbs	16.0	0.0	0.0
197	__protein3_rbs	4.333333333333333	0.0	0.0
197	__ribosome	22.0	0.0	0.0
197	__rnase_site_ext	28.66666666666667	0.0	0.0
197	p0	1.0	0.0	0.0
197	protein1	1741.666666666667	32.0	1.2498879999999999
197	protein2	1051.3333333333333	21.0	1.35639
197	protein3	323.6666666666667	5.333333333333333	1.7555556666666667
197	r2	5.666666666666668	0.0	0.0
197	rnapol	1.3333333333333333	0.0	0.0
198	__protein1_rbs	24.66666666666667	0.0	0.0
198	__protein2_rbs	16.0	0.0	0.0
198	__protein3_rbs	5.666666666666668	0.0	0.0
198	__ribosome	19.0	0.0	0.0
198	__rnase_site_ext	26.0	0.0	0.0
198	p0	0.6666666666666666	0.0	0.0
198	protein1	1754.0	30.66666666666667	1.299547
198	protein2	1057.0	21.0	1.5383543333333334
198	protein3	325.6666666666667	5.666666666666668	1.4666666666666668
198	r2	6.333333333333332	0.0	0.0
198	rnapol	1.6666666666666667	0.0	0.0
199	__protein1_rbs	24.33333333333333	0.0	0.0
199	__protein2_rbs	16.0	0.0	0.0
199	__protein3_rbs	5.333333333333333	0.0	0.0
199	__ribosome	19.33333333333333	0.0	0.0
199	__rnase_site_ext	26.33333333333333	0.0	0.0
199	p0	1.0	0.0	0.0
199	protein1	1766.333333333333	30.33333333333333	1.2915583333333334
199	protein2	1064.3333333333333	21.0	1.576709
199	protein3	328.3333333333333	6.333333333333332	1.4074073333333337
199	r2	6.333333333333332	0.0	0.0
199	rnapol	1.6666666666666667	0.0	0.0
200	__protein1_rbs	25.33333333333333	0.0	0.0
200	__protein2_rbs	17.333333333333332	0.0	0.0
200	__protein3_rbs	5.666666666666668	0.0	0.0
200	__ribosome	22.66666666666667	0.0	0.0
200	__rnase_site_ext	27.0	0.0	0.0
200	p0	1.0	0.0	0.0
200	protein1	1777.0	30.0	1.244912
200	protein2	1071.3333333333333	20.666666666666668	1.5668063333333333
200	protein3	330.6666666666667	6.666666666666668	1.2074073333333333
200	r2	7.0	0.0	0.0
200	rnapol	1.3333333333333333	0.0	0.0
201	__protein1_rbs	26.33333333333333	0.0	0.0
201	__protein2_rbs	16.666666666666668	0.0	0.0
201	__protein3_rbs	5.333333333333333	0.0	0.0
201	__ribosome	19.666666666666668	0.0	0.0
201	__rnase_site_ext	29.0	0.0	0.0
201	p0	0.6666666666666666	0.0	0.0
201	protein1	1789.333333333333	30.33333333333333	1.157031666666667
201	protein2	1076.0	20.666666666666668	1.7943113333333336
201	protein3	332.6666666666667	7.0	1.274074
201	r2	7.0	0.0	0.0
201	rnapol	1.0	0.0	0.0
202	__protein1_rbs	23.33333333333333	0.0	0.0
202	__protein2_rbs	17.0	0.0	0.0
202	__protein3_rbs	6.0	0.0	0.0
202	__ribosome	25.0	0.0	0.0
202	__rnase_site_ext	26.0	0.0	0.0
202	p0	1.0	0.0	0.0
202	protein1	1802.0	30.0	1.0792766666666669
202	protein2	1085.6666666666667	20.33333333333333	1.7066866666666665
202	protein3	334.0	7.0	1.276190333333333
202	r2	6.666666666666668	0.0	0.0
202	rnapol	2.0	0.0	0.0
203	__protein1_rbs	22.0	0.0	0.0
203	__protein2_rbs	16.333333333333332	0.0	0.0
203	__protein3_rbs	6.666666666666668	0.0	0.0
203	__ribosome	20.666666666666668	0.0	0.0
203	__rnase_site_ext	24.66666666666667	0.0	0.0
203	p0	0.6666666666666666	0.0	0.0
203	protein1	1811.0	30.0	1.2591709999999998
203	protein2	1095.3333333333333	20.0	1.6742423333333332
203	protein3	336.0	7.0	1.2465606666666669
203	r2	6.666666666666668	0.0	0.0
203	rnapol	2.0	0.0	0.0
204	__protein1_rbs	25.33333333333333	0.0	0.0
204	__protein2_rbs	15.666666666666664	0.0	0.0
204	__protein3_rbs	5.666666666666668	0.0	0.0
204	__ribosome	25.0	0.0	0.0
204	__rnase_site_ext	27.33333333333333	0.0	0.0
204	p0	0.6666666666666666	0.0	0.0
204	protein1	1823.666666666667	30.33333333333333	1.127136666666667
204	protein2	1101.3333333333333	19.666666666666668	1.6776693333333332
204	protein3	338.0	6.666666666666668	1.3119046666666667
204	r2	6.666666666666668	0.0	0.0
204	rnapol	2.333333333333333	0.0	0.0
205	__protein1_rbs	22.33333333333333	0.0	0.0
205	__protein2_rbs	16.333333333333332	0.0	0.0
205	__protein3_rbs	5.333333333333333	0.0	0.0
205	__ribosome	21.0	0.0	0.0
205	__rnase_site_ext	24.66666666666667	0.0	0.0
205	p0	1.0	0.0	0.0
205	protein1	1829.333333333333	30.33333333333333	1.3519246666666664
205	protein2	1110.6666666666667	19.666666666666668	1.4986886666666666
205	protein3	340.0	6.666666666666668	1.5345236666666666
205	r2	6.666666666666668	0.0	0.0
205	rnapol	2.0	0.0	0.0
206	__protein1_rbs	24.0	0.0	0.0
206	__protein2_rbs	16.333333333333332	0.0	0.0
206	__protein3_rbs	6.0	0.0	0.0
206	__ribosome	25.66666666666667	0.0	0.0
206	__rnase_site_ext	25.33333333333333	0.0	0.0
206	p0	1.0	0.0	0.0
206	protein1	1842.333333333333	30.0	1.3009666666666666
206	protein2	1119.0	18.666666666666668	1.465873
206	protein3	342.3333333333333	6.666666666666668	1.420238
206	r2	6.666666666666668	0.0	0.0
206	rnapol	2.333333333333333	0.0	0.0
207	__protein1_rbs	24.33333333333333	0.0	0.0
207	__protein2_rbs	13.666666666666664	0.0	0.0
207	__protein3_rbs	5.666666666666668	0.0	0.0
207	__ribosome	25.66666666666667	0.0	0.0
207	__rnase_site_ext	26.0	0.0	0.0
207	p0	0.6666666666666666	0.0	0.0
207	protein1	1855.333333333333	30.0	1.2260786666666668
207	protein2	1127.3333333333333	18.666666666666668	1.5111110000000003
207	protein3	344.33333333333326	6.666666666666668	1.5702379999999998
207	r2	6.666666666666668	0.0	0.0
207	rnapol	2.333333333333333	0.0	0.0
208	__protein1_rbs	25.0	0.0	0.0
208	__protein2_rbs	15.333333333333336	0.0	0.0
208	__protein3_rbs	5.0	0.0	0.0
208	__ribosome	23.0	0.0	0.0
208	__rnase_site_ext	26.0	0.0	0.0
208	p0	1.0	0.0	0.0
208	protein1	1865.0	29.66666666666667	1.2533356666666668
208	protein2	1132.6666666666667	18.666666666666668	1.5222223333333331
208	protein3	346.33333333333326	6.666666666666668	1.767857
208	r2	6.666666666666668	0.0	0.0
208	rnapol	2.333333333333333	0.0	0.0
209	__protein1_rbs	24.66666666666667	0.0	0.0
209	__protein2_rbs	16.333333333333332	0.0	0.0
209	__protein3_rbs	5.666666666666668	0.0	0.0
209	__ribosome	22.66666666666667	0.0	0.0
209	__rnase_site_ext	27.66666666666667	0.0	0.0
209	p0	1.0	0.0	0.0
209	protein1	1877.0	30.0	1.2173133333333332
209	protein2	1137.6666666666667	18.33333333333333	1.5263156666666664
209	protein3	347.66666666666674	6.666666666666668	1.8988096666666667
209	r2	6.666666666666668	0.0	0.0
209	rnapol	2.0	0.0	0.0
210	__protein1_rbs	22.33333333333333	0.0	0.0
210	__protein2_rbs	15.333333333333336	0.0	0.0
210	__protein3_rbs	5.0	0.0	0.0
210	__ribosome	18.666666666666668	0.0	0.0
210	__rnase_site_ext	25.66666666666667	0.0	0.0
210	p0	1.0	0.0	0.0
210	protein1	1887.0	30.0	1.3635056666666667
210	protein2	1144.0	18.33333333333333	1.5565583333333337
210	protein3	350.66666666666674	6.666666666666668	1.8154763333333332
210	r2	6.666666666666668	0.0	0.0
210	rnapol	2.333333333333333	0.0	0.0
211	__protein1_rbs	22.33333333333333	0.0	0.0
211	__protein2_rbs	13.333333333333336	0.0	0.0
211	__protein3_rbs	5.666666666666668	0.0	0.0
211	__ribosome	19.33333333333333	0.0	0.0
211	__rnase_site_ext	25.0	0.0	0.0
211	p0	0.6666666666666666	0.0	0.0
211	protein1	1898.333333333333	30.0	1.4188216666666669
211	protein2	1152.3333333333333	18.0	1.569883
211	protein3	353.66666666666674	6.666666666666668	1.526190333333333
211	r2	6.666666666666668	0.0	0.0
211	rnapol	2.333333333333333	0.0	0.0
212	__protein1_rbs	21.66666666666667	0.0	0.0
212	__protein2_rbs	14.666666666666664	0.0	0.0
212	__protein3_rbs	6.0	0.0	0.0
212	__ribosome	20.33333333333333	0.0	0.0
212	__rnase_site_ext	24.66666666666667	0.0	0.0
212	p0	0.6666666666666666	0.0	0.0
212	protein1	1909.666666666667	30.0	1.4993653333333334
212	protein2	1159.6666666666667	18.0	1.497619
212	protein3	357.0	6.666666666666668	1.220238
212	r2	6.333333333333332	0.0	0.0
212	rnapol	2.0	0.0	0.0
213	__protein1_rbs	26.0	0.0	0.0
213	__protein2_rbs	14.666666666666664	0.0	0.0
213	__protein3_rbs	5.666666666666668	0.0	0.0
213	__ribosome	20.666666666666668	0.0	0.0
213	__rnase_site_ext	28.66666666666667	0.0	0.0
213	p0	1.0	0.0	0.0
213	protein1	1921.666666666667	31.0	1.3910973333333334
213	protein2	1165.3333333333333	18.0	1.6095236666666668
213	protein3	359.66666666666674	6.666666666666668	1.236111
213	r2	6.333333333333332	0.0	0.0
213	rnapol	2.0	0.0	0.0
214	__protein1_rbs	24.0	0.0	0.0
214	__protein2_rbs	14.0	0.0	0.0
214	__protein3_rbs	5.666666666666668	0.0	0.0
214	__ribosome	22.0	0.0	0.0
214	__rnase_site_ext	26.0	0.0	0.0
214	p0	1.0	0.0	0.0
214	protein1	1936.0	31.0	1.3219743333333334
214	protein2	1171.0	17.666666666666668	1.6910256666666668
214	protein3	361.33333333333326	6.333333333333332	1.253968
214	r2	6.333333333333332	0.0	0.0
214	rnapol	2.0	0.0	0.0
215	__protein1_rbs	24.33333333333333	0.0	0.0
215	__protein2_rbs	13.666666666666664	0.0	0.0
215	__protein3_rbs	6.333333333333332	0.0	0.0
215	__ribosome	25.0	0.0	0.0
215	__rnase_site_ext	27.33333333333333	0.0	0.0
215	p0	0.6666666666666666	0.0	0.0
215	protein1	1947.333333333333	30.66666666666667	1.3213936666666666
215	protein2	1178.6666666666667	17.333333333333332	1.6
215	protein3	363.0	6.333333333333332	1.142857
215	r2	6.0	0.0	0.0
215	rnapol	1.6666666666666667	0.0	0.0
216	__protein1_rbs	23.33333333333333	0.0	0.0
216	__protein2_rbs	13.666666666666664	0.0	0.0
216	__protein3_rbs	4.666666666666667	0.0	0.0
216	__ribosome	21.66666666666667	0.0	0.0
216	__rnase_site_ext	27.0	0.0	0.0
216	p0	1.0	0.0	0.0
216	protein1	1960.666666666667	31.33333333333333	1.2941503333333333
216	protein2	1184.6666666666667	17.333333333333332	1.7333333333333332
216	protein3	364.66666666666674	6.333333333333332	1.357143
216	r2	6.333333333333332	0.0	0.0
216	rnapol	2.6666666666666665	0.0	0.0
217	__protein1_rbs	24.66666666666667	0.0	0.0
217	__protein2_rbs	13.0	0.0	0.0
217	__protein3_rbs	5.333333333333333	0.0	0.0
217	__ribosome	25.0	0.0	0.0
217	__rnase_site_ext	25.33333333333333	0.0	0.0
217	p0	0.3333333333333333	0.0	0.0
217	protein1	1973.333333333333	30.33333333333333	1.245458
217	protein2	1192.3333333333333	17.333333333333332	1.6722223333333333
217	protein3	366.66666666666674	6.333333333333332	1.4761903333333333
217	r2	6.333333333333332	0.0	0.0
217	rnapol	2.0	0.0	0.0
218	__protein1_rbs	25.33333333333333	0.0	0.0
218	__protein2_rbs	14.333333333333336	0.0	0.0
218	__protein3_rbs	5.333333333333333	0.0	0.0
218	__ribosome	23.0	0.0	0.0
218	__rnase_site_ext	27.66666666666667	0.0	0.0
218	p0	1.0	0.0	0.0
218	protein1	1983.333333333333	30.33333333333333	1.2749106666666667
218	protein2	1198.6666666666667	17.333333333333332	1.688889
218	protein3	369.0	6.333333333333332	1.590476
218	r2	6.333333333333332	0.0	0.0
218	rnapol	1.6666666666666667	0.0	0.0
219	__protein1_rbs	25.0	0.0	0.0
219	__protein2_rbs	15.0	0.0	0.0
219	__protein3_rbs	5.333333333333333	0.0	0.0
219	__ribosome	23.33333333333333	0.0	0.0
219	__rnase_site_ext	26.66666666666667	0.0	0.0
219	p0	1.0	0.0	0.0
219	protein1	1996.333333333333	30.66666666666667	1.1833333333333331
219	protein2	1204.6666666666667	17.666666666666668	1.6782983333333334
219	protein3	370.0	6.333333333333332	1.8190476666666668
219	r2	6.333333333333332	0.0	0.0
219	rnapol	1.6666666666666667	0.0	0.0
220	__protein1_rbs	24.66666666666667	0.0	0.0
220	__protein2_rbs	14.0	0.0	0.0
220	__protein3_rbs	6.0	0.0	0.0
220	__ribosome	24.66666666666667	0.0	0.0
220	__rnase_site_ext	26.33333333333333	0.0	0.0
220	p0	1.0	0.0	0.0
220	protein1	2008.0	30.33333333333333	1.176293
220	protein2	1212.3333333333333	18.0	1.626557
220	protein3	372.0	6.333333333333332	1.685714333333333
220	r2	6.333333333333332	0.0	0.0
220	rnapol	2.0	0.0	0.0
221	__protein1_rbs	22.0	0.0	0.0
221	__protein2_rbs	14.333333333333336	0.0	0.0
221	__protein3_rbs	5.0	0.0	0.0
221	__ribosome	24.33333333333333	0.0	0.0
221	__rnase_site_ext	24.66666666666667	0.0	0.0
221	p0	1.0	0.0	0.0
221	protein1	2019.0	30.33333333333333	1.1974366666666667
221	protein2	1219.3333333333333	18.33333333333333	1.5761903333333331
221	protein3	375.0	6.333333333333332	1.7238093333333335
221	r2	6.333333333333332	0.0	0.0
221	rnapol	2.0	0.0	0.0
222	__protein1_rbs	24.33333333333333	0.0	0.0
222	__protein2_rbs	14.333333333333336	0.0	0.0
222	__protein3_rbs	4.666666666666667	0.0	0.0
222	__ribosome	24.0	0.0	0.0
222	__rnase_site_ext	28.0	0.0	0.0
222	p0	1.0	0.0	0.0
222	protein1	2030.333333333333	30.66666666666667	1.17785
222	protein2	1226.0	18.33333333333333	1.623016
222	protein3	378.33333333333326	6.333333333333332	1.6000000000000003
222	r2	6.333333333333332	0.0	0.0
222	rnapol	1.6666666666666667	0.0	0.0
223	__protein1_rbs	25.66666666666667	0.0	0.0
223	__protein2_rbs	15.0	0.0	0.0
223	__protein3_rbs	5.333333333333333	0.0	0.0
223	__ribosome	23.66666666666667	0.0	0.0
223	__rnase_site_ext	27.66666666666667	0.0	0.0
223	p0	1.0	0.0	0.0
223	protein1	2040.0	31.33333333333333	1.1944443333333332
223	protein2	1233.3333333333333	18.0	1.5994153333333336
223	protein3	379.66666666666674	6.333333333333332	1.6666666666666667
223	r2	7.0	0.0	0.0
223	rnapol	1.3333333333333333	0.0	0.0
224	__protein1_rbs	26.0	0.0	0.0
224	__protein2_rbs	12.666666666666664	0.0	0.0
224	__protein3_rbs	5.666666666666668	0.0	0.0
224	__ribosome	23.0	0.0	0.0
224	__rnase_site_ext	27.33333333333333	0.0	0.0
224	p0	1.0	0.0	0.0
224	protein1	2049.0	30.33333333333333	1.202958
224	protein2	1239.0	17.666666666666668	1.761904666666667
224	protein3	382.66666666666674	7.0	1.4333333333333331
224	r2	7.0	0.0	0.0
224	rnapol	1.3333333333333333	0.0	0.0
225	__protein1_rbs	23.66666666666667	0.0	0.0
225	__protein2_rbs	13.666666666666664	0.0	0.0
225	__protein3_rbs	5.333333333333333	0.0	0.0
225	__ribosome	25.0	0.0	0.0
225	__rnase_site_ext	25.0	0.0	0.0
225	p0	1.0	0.0	0.0
225	protein1	2062.0	30.0	1.15
225	protein2	1247.6666666666667	17.0	1.6444013333333334
225	protein3	383.33333333333326	7.333333333333332	1.7777776666666665
225	r2	7.666666666666668	0.0	0.0
225	rnapol	1.0	0.0	0.0
226	__protein1_rbs	21.33333333333333	0.0	0.0
226	__protein2_rbs	12.666666666666664	0.0	0.0
226	__protein3_rbs	5.666666666666668	0.0	0.0
226	__ribosome	21.33333333333333	0.0	0.0
226	__rnase_site_ext	24.0	0.0	0.0
226	p0	1.0	0.0	0.0
226	protein1	2073.6666666666665	29.33333333333333	1.2325396666666666
226	protein2	1254.0	17.333333333333332	1.7312170000000002
226	protein3	387.0	7.666666666666668	1.6064813333333332
226	r2	7.666666666666668	0.0	0.0
226	rnapol	1.0	0.0	0.0
227	__protein1_rbs	23.0	0.0	0.0
227	__protein2_rbs	14.666666666666664	0.0	0.0
227	__protein3_rbs	7.0	0.0	0.0
227	__ribosome	18.666666666666668	0.0	0.0
227	__rnase_site_ext	24.66666666666667	0.0	0.0
227	p0	1.0	0.0	0.0
227	protein1	2082.0	29.66666666666667	1.279310333333333
227	protein2	1259.3333333333333	17.666666666666668	1.7433863333333337
227	protein3	389.0	7.666666666666668	1.685185333333333
227	r2	7.666666666666668	0.0	0.0
227	rnapol	1.3333333333333333	0.0	0.0
228	__protein1_rbs	24.33333333333333	0.0	0.0
228	__protein2_rbs	14.666666666666664	0.0	0.0
228	__protein3_rbs	5.333333333333333	0.0	0.0
228	__ribosome	21.33333333333333	0.0	0.0
228	__rnase_site_ext	25.33333333333333	0.0	0.0
228	p0	0.6666666666666666	0.0	0.0
228	protein1	2093.6666666666665	29.66666666666667	1.2422936666666666
228	protein2	1268.3333333333333	17.333333333333332	1.6068783333333332
228	protein3	391.0	7.666666666666668	1.810185333333333
228	r2	7.666666666666668	0.0	0.0
228	rnapol	1.3333333333333333	0.0	0.0
229	__protein1_rbs	25.33333333333333	0.0	0.0
229	__protein2_rbs	13.333333333333336	0.0	0.0
229	__protein3_rbs	6.666666666666668	0.0	0.0
229	__ribosome	22.33333333333333	0.0	0.0
229	__rnase_site_ext	26.0	0.0	0.0
229	p0	1.0	0.0	0.0
229	protein1	2104.333333333333	28.66666666666667	1.279146
229	protein2	1274.6666666666667	17.666666666666668	1.6567669999999999
229	protein3	395.0	7.666666666666668	1.537037
229	r2	7.333333333333332	0.0	0.0
229	rnapol	2.333333333333333	0.0	0.0
230	__protein1_rbs	22.33333333333333	0.0	0.0
230	__protein2_rbs	13.0	0.0	0.0
230	__protein3_rbs	5.666666666666668	0.0	0.0
230	__ribosome	23.33333333333333	0.0	0.0
230	__rnase_site_ext	24.33333333333333	0.0	0.0
230	p0	1.0	0.0	0.0
230	protein1	2117.333333333333	28.33333333333333	1.1863713333333334
230	protein2	1281.3333333333333	17.333333333333332	1.7973139999999999
230	protein3	397.33333333333326	7.666666666666668	1.6342593333333333
230	r2	7.333333333333332	0.0	0.0
230	rnapol	2.0	0.0	0.0
231	__protein1_rbs	22.0	0.0	0.0
231	__protein2_rbs	14.0	0.0	0.0
231	__protein3_rbs	7.0	0.0	0.0
231	__ribosome	23.0	0.0	0.0
231	__rnase_site_ext	24.33333333333333	0.0	0.0
231	p0	1.0	0.0	0.0
231	protein1	2128.6666666666665	28.66666666666667	1.2299276666666668
231	protein2	1289.3333333333333	17.666666666666668	1.7387700000000001
231	protein3	400.33333333333326	7.333333333333332	1.563492
231	r2	7.333333333333332	0.0	0.0
231	rnapol	2.0	0.0	0.0
232	__protein1_rbs	23.66666666666667	0.0	0.0
232	__protein2_rbs	14.666666666666664	0.0	0.0
232	__protein3_rbs	5.333333333333333	0.0	0.0
232	__ribosome	24.33333333333333	0.0	0.0
232	__rnase_site_ext	25.66666666666667	0.0	0.0
232	p0	0.6666666666666666	0.0	0.0
232	protein1	2138.333333333333	29.33333333333333	1.1830343333333333
232	protein2	1295.3333333333333	17.666666666666668	1.6594046666666664
232	protein3	403.0	7.333333333333332	1.7248676666666665
232	r2	7.333333333333332	0.0	0.0
232	rnapol	1.3333333333333333	0.0	0.0
233	__protein1_rbs	23.33333333333333	0.0	0.0
233	__protein2_rbs	13.0	0.0	0.0
233	__protein3_rbs	5.666666666666668	0.0	0.0
233	__ribosome	20.0	0.0	0.0
233	__rnase_site_ext	26.66666666666667	0.0	0.0
233	p0	1.0	0.0	0.0
233	protein1	2146.6666666666665	29.33333333333333	1.2672006666666666
233	protein2	1301.0	17.0	1.7493356666666668
233	protein3	405.33333333333326	7.333333333333332	1.854497
233	r2	7.333333333333332	0.0	0.0
233	rnapol	1.0	0.0	0.0
234	__protein1_rbs	23.0	0.0	0.0
234	__protein2_rbs	12.333333333333336	0.0	0.0
234	__protein3_rbs	6.0	0.0	0.0
234	__ribosome	21.66666666666667	0.0	0.0
234	__rnase_site_ext	25.66666666666667	0.0	0.0
234	p0	1.0	0.0	0.0
234	protein1	2158.6666666666665	29.0	1.2322306666666667
234	protein2	1308.6666666666667	17.0	1.713725333333333
234	protein3	408.0	7.666666666666668	1.75
234	r2	8.0	0.0	0.0
234	rnapol	1.3333333333333333	0.0	0.0
235	__protein1_rbs	22.33333333333333	0.0	0.0
235	__protein2_rbs	14.666666666666664	0.0	0.0
235	__protein3_rbs	5.333333333333333	0.0	0.0
235	__ribosome	25.33333333333333	0.0	0.0
235	__rnase_site_ext	26.33333333333333	0.0	0.0
235	p0	1.0	0.0	0.0
235	protein1	2171.0	28.33333333333333	1.237778
235	protein2	1316.6666666666667	16.666666666666668	1.5654763333333337
235	protein3	411.0	8.0	1.736111
235	r2	7.666666666666668	0.0	0.0
235	rnapol	1.3333333333333333	0.0	0.0
236	__protein1_rbs	24.0	0.0	0.0
236	__protein2_rbs	12.666666666666664	0.0	0.0
236	__protein3_rbs	6.333333333333332	0.0	0.0
236	__ribosome	22.33333333333333	0.0	0.0
236	__rnase_site_ext	25.66666666666667	0.0	0.0
236	p0	1.0	0.0	0.0
236	protein1	2180.6666666666665	28.66666666666667	1.3266666666666669
236	protein2	1322.6666666666667	17.0	1.5777776666666667
236	protein3	413.66666666666674	7.666666666666668	1.7824073333333337
236	r2	7.666666666666668	0.0	0.0
236	rnapol	1.3333333333333333	0.0	0.0
237	__protein1_rbs	23.66666666666667	0.0	0.0
237	__protein2_rbs	12.333333333333336	0.0	0.0
237	__protein3_rbs	6.0	0.0	0.0
237	__ribosome	25.0	0.0	0.0
237	__rnase_site_ext	25.66666666666667	0.0	0.0
237	p0	1.0	0.0	0.0
237	protein1	2192.0	29.0	1.2490323333333333
237	protein2	1329.0	17.333333333333332	1.5507936666666666
237	protein3	417.66666666666674	7.666666666666668	1.652778
237	r2	7.333333333333332	0.0	0.0
237	rnapol	1.6666666666666667	0.0	0.0
238	__protein1_rbs	24.0	0.0	0.0
238	__protein2_rbs	12.666666666666664	0.0	0.0
238	__protein3_rbs	6.666666666666668	0.0	0.0
238	__ribosome	23.33333333333333	0.0	0.0
238	__rnase_site_ext	24.33333333333333	0.0	0.0
238	p0	1.0	0.0	0.0
238	protein1	2202.0	29.0	1.315699
238	protein2	1336.0	17.333333333333332	1.591071333333333
238	protein3	420.33333333333326	7.666666666666668	1.560185333333333
238	r2	7.333333333333332	0.0	0.0
238	rnapol	2.333333333333333	0.0	0.0
239	__protein1_rbs	23.0	0.0	0.0
239	__protein2_rbs	13.666666666666664	0.0	0.0
239	__protein3_rbs	5.666666666666668	0.0	0.0
239	__ribosome	22.66666666666667	0.0	0.0
239	__rnase_site_ext	25.33333333333333	0.0	0.0
239	p0	0.6666666666666666	0.0	0.0
239	protein1	2214.333333333333	29.33333333333333	1.297767
239	protein2	1341.3333333333333	17.666666666666668	1.601515
239	protein3	423.66666666666674	7.333333333333332	1.662037
239	r2	7.0	0.0	0.0
239	rnapol	2.333333333333333	0.0	0.0
240	__protein1_rbs	24.33333333333333	0.0	0.0
240	__protein2_rbs	15.0	0.0	0.0
240	__protein3_rbs	4.666666666666667	0.0	0.0
240	__ribosome	20.0	0.0	0.0
240	__rnase_site_ext	25.66666666666667	0.0	0.0
240	p0	0.6666666666666666	0.0	0.0
240	protein1	2224.333333333333	30.0	1.2829796666666666
240	protein2	1346.3333333333333	17.333333333333332	1.6661256666666666
240	protein3	426.0	7.333333333333332	1.8268520000000001
240	r2	7.333333333333332	0.0	0.0
240	rnapol	1.6666666666666667	0.0	0.0
