time	species	protein	transcript	ribo_density
0	__protein1_rbs	0.0	0.0	0.0
0	__protein2_rbs	0.0	0.0	0.0
0	__protein3_rbs	0.0	0.0	0.0
0	__ribosome	100.0	0.0	0.0
0	__rnase_site_ext	0.0	0.0	0.0
0	p0	1.0	0.0	0.0
0	p1	1.0	0.0	0.0
0	r0	0.0	0.0	0.0
0	r1	0.0	0.0	0.0
0	rnapol	4.0	0.0	0.0
1	__protein1_rbs	0.6666666666666666	0.0	0.0
1	__protein2_rbs	0.0	0.0	0.0
1	__protein3_rbs	0.0	0.0	0.0
1	__ribosome	100.0	0.0	0.0
1	__rnase_site_ext	1.6666666666666667	0.0	0.0
1	p0	0.6666666666666666	0.0	0.0
1	p1	0.6666666666666666	0.0	0.0
1	protein1	0.0	0.6666666666666666	0.0
1	r0	1.0	0.0	0.0
1	r1	0.3333333333333333	0.0	0.0
1	rnapol	2.0	0.0	0.0
2	__protein1_rbs	1.0	0.0	0.0
2	__protein2_rbs	0.0	0.0	0.0
2	__protein3_rbs	0.0	0.0	0.0
2	__ribosome	98.33333333333331	0.0	0.0
2	__rnase_site_ext	3.6666666666666665	0.0	0.0
2	p0	0.6666666666666666	0.0	0.0
2	p1	1.0	0.0	0.0
2	protein1	0.0	2.0	0.7222223333333333
2	protein2	0.0	0.3333333333333333	0.3333333333333333
2	r0	2.0	0.0	0.0
2	r1	0.6666666666666666	0.0	0.0
2	rnapol	0.3333333333333333	0.0	0.0
3	__protein1_rbs	1.6666666666666667	0.0	0.0
3	__protein2_rbs	0.0	0.0	0.0
3	__protein3_rbs	0.0	0.0	0.0
3	__ribosome	94.66666666666669	0.0	0.0
3	__rnase_site_ext	4.0	0.0	0.0
3	p0	1.0	0.0	0.0
3	p1	0.6666666666666666	0.0	0.0
3	protein1	0.0	2.6666666666666665	1.25
3	protein2	0.0	0.6666666666666666	0.8333333333333334
3	r0	2.6666666666666665	0.0	0.0
3	r1	1.0	0.0	0.0
3	rnapol	0.3333333333333333	0.0	0.0
4	__protein1_rbs	1.0	0.0	0.0
4	__protein2_rbs	0.6666666666666666	0.0	0.0
4	__protein3_rbs	0.0	0.0	0.0
4	__ribosome	90.66666666666669	0.0	0.0
4	__rnase_site_ext	4.0	0.0	0.0
4	p0	0.6666666666666666	0.0	0.0
4	p1	0.6666666666666666	0.0	0.0
4	protein1	0.0	2.6666666666666665	2.4166666666666665
4	protein2	0.0	1.0	1.6666666666666667
4	r0	2.6666666666666665	0.0	0.0
4	r1	1.0	0.0	0.0
4	rnapol	0.0	0.0	0.0
5	__protein1_rbs	2.0	0.0	0.0
5	__protein2_rbs	1.0	0.0	0.0
5	__protein3_rbs	0.0	0.0	0.0
5	__ribosome	87.66666666666669	0.0	0.0
5	__rnase_site_ext	4.666666666666667	0.0	0.0
5	p0	1.0	0.0	0.0
5	p1	0.3333333333333333	0.0	0.0
5	protein1	0.6666666666666666	3.333333333333333	2.5
5	protein2	0.0	1.3333333333333333	2.333333333333333
5	r0	3.333333333333333	0.0	0.0
5	r1	1.3333333333333333	0.0	0.0
5	rnapol	0.0	0.0	0.0
6	__protein1_rbs	1.0	0.0	0.0
6	__protein2_rbs	1.3333333333333333	0.0	0.0
6	__protein3_rbs	0.3333333333333333	0.0	0.0
6	__ribosome	84.66666666666667	0.0	0.0
6	__rnase_site_ext	3.6666666666666665	0.0	0.0
6	p0	1.0	0.0	0.0
6	p1	1.0	0.0	0.0
6	protein1	3.0	3.333333333333333	2.9166666666666665
6	protein2	0.0	2.333333333333333	2.6666666666666665
6	protein3	0.0	0.3333333333333333	0.0
6	r0	2.6666666666666665	0.0	0.0
6	r1	2.333333333333333	0.0	0.0
6	rnapol	0.6666666666666666	0.0	0.0
7	__protein1_rbs	1.3333333333333333	0.0	0.0
7	__protein2_rbs	1.3333333333333333	0.0	0.0
7	__protein3_rbs	0.3333333333333333	0.0	0.0
7	__ribosome	83.33333333333333	0.0	0.0
7	__rnase_site_ext	4.333333333333333	0.0	0.0
7	p0	0.6666666666666666	0.0	0.0
7	p1	1.0	0.0	0.0
7	protein1	6.333333333333332	3.333333333333333	2.9166666666666665
7	protein2	1.0	2.333333333333333	2.8888890000000003
7	protein3	0.0	0.6666666666666666	0.16666666666666666
7	r0	2.333333333333333	0.0	0.0
7	r1	2.0	0.0	0.0
7	rnapol	0.0	0.0	0.0
8	__protein1_rbs	2.333333333333333	0.0	0.0
8	__protein2_rbs	1.6666666666666667	0.0	0.0
8	__protein3_rbs	0.6666666666666666	0.0	0.0
8	__ribosome	82.33333333333333	0.0	0.0
8	__rnase_site_ext	5.666666666666668	0.0	0.0
8	p0	1.0	0.0	0.0
8	p1	1.0	0.0	0.0
8	protein1	8.333333333333334	4.0	2.5777776666666665
8	protein2	2.333333333333333	2.333333333333333	2.833333333333333
8	protein3	0.0	1.0	0.6666666666666666
8	r0	4.0	0.0	0.0
8	r1	2.0	0.0	0.0
8	rnapol	0.0	0.0	0.0
9	__protein1_rbs	2.6666666666666665	0.0	0.0
9	__protein2_rbs	1.6666666666666667	0.0	0.0
9	__protein3_rbs	1.0	0.0	0.0
9	__ribosome	79.33333333333333	0.0	0.0
9	__rnase_site_ext	5.666666666666668	0.0	0.0
9	p0	1.0	0.0	0.0
9	p1	1.0	0.0	0.0
9	protein1	11.333333333333336	4.333333333333333	2.6444443333333334
9	protein2	3.6666666666666665	2.6666666666666665	2.8888890000000003
9	protein3	0.0	1.3333333333333333	1.3333333333333333
9	r0	4.333333333333333	0.0	0.0
9	r1	2.6666666666666665	0.0	0.0
9	rnapol	0.3333333333333333	0.0	0.0
10	__protein1_rbs	2.0	0.0	0.0
10	__protein2_rbs	1.6666666666666667	0.0	0.0
10	__protein3_rbs	0.6666666666666666	0.0	0.0
10	__ribosome	76.66666666666667	0.0	0.0
10	__rnase_site_ext	6.0	0.0	0.0
10	p0	1.0	0.0	0.0
10	p1	0.6666666666666666	0.0	0.0
10	protein1	14.333333333333336	4.333333333333333	3.0
10	protein2	5.0	2.6666666666666665	2.944444333333333
10	protein3	0.0	1.6666666666666667	2.0
10	r0	4.666666666666667	0.0	0.0
10	r1	2.6666666666666665	0.0	0.0
10	rnapol	0.6666666666666666	0.0	0.0
11	__protein1_rbs	2.6666666666666665	0.0	0.0
11	__protein2_rbs	2.0	0.0	0.0
11	__protein3_rbs	0.6666666666666666	0.0	0.0
11	__ribosome	72.66666666666667	0.0	0.0
11	__rnase_site_ext	6.333333333333332	0.0	0.0
11	p0	0.3333333333333333	0.0	0.0
11	p1	0.6666666666666666	0.0	0.0
11	protein1	17.666666666666668	4.666666666666667	3.016666666666667
11	protein2	6.666666666666668	2.6666666666666665	3.1111113333333336
11	protein3	0.3333333333333333	2.333333333333333	2.0
11	r0	4.666666666666667	0.0	0.0
11	r1	2.6666666666666665	0.0	0.0
11	rnapol	0.3333333333333333	0.0	0.0
12	__protein1_rbs	2.0	0.0	0.0
12	__protein2_rbs	1.3333333333333333	0.0	0.0
12	__protein3_rbs	0.6666666666666666	0.0	0.0
12	__ribosome	69.33333333333333	0.0	0.0
12	__rnase_site_ext	7.0	0.0	0.0
12	p0	1.0	0.0	0.0
12	p1	1.0	0.0	0.0
12	protein1	20.666666666666668	5.666666666666668	2.7
12	protein2	8.333333333333334	2.6666666666666665	3.7777776666666663
12	protein3	0.3333333333333333	2.333333333333333	2.833333333333333
12	r0	5.666666666666668	0.0	0.0
12	r1	2.6666666666666665	0.0	0.0
12	rnapol	0.0	0.0	0.0
13	__protein1_rbs	4.0	0.0	0.0
13	__protein2_rbs	1.3333333333333333	0.0	0.0
13	__protein3_rbs	1.6666666666666667	0.0	0.0
13	__ribosome	67.66666666666667	0.0	0.0
13	__rnase_site_ext	7.333333333333332	0.0	0.0
13	p0	1.0	0.0	0.0
13	p1	1.0	0.0	0.0
13	protein1	25.0	6.333333333333332	2.595238
13	protein2	10.666666666666666	3.0	2.833333333333333
13	protein3	2.0	2.6666666666666665	2.833333333333333
13	r0	6.0	0.0	0.0
13	r1	2.0	0.0	0.0
13	rnapol	0.3333333333333333	0.0	0.0
14	__protein1_rbs	4.333333333333333	0.0	0.0
14	__protein2_rbs	1.3333333333333333	0.0	0.0
14	__protein3_rbs	1.6666666666666667	0.0	0.0
14	__ribosome	66.66666666666667	0.0	0.0
14	__rnase_site_ext	7.333333333333332	0.0	0.0
14	p0	0.6666666666666666	0.0	0.0
14	p1	0.3333333333333333	0.0	0.0
14	protein1	29.0	6.0	2.611111
14	protein2	12.333333333333336	3.0	3.333333333333333
14	protein3	3.0	2.333333333333333	3.7777776666666663
14	r0	6.0	0.0	0.0
14	r1	2.333333333333333	0.0	0.0
14	rnapol	1.0	0.0	0.0
15	__protein1_rbs	2.333333333333333	0.0	0.0
15	__protein2_rbs	2.333333333333333	0.0	0.0
15	__protein3_rbs	0.6666666666666666	0.0	0.0
15	__ribosome	66.0	0.0	0.0
15	__rnase_site_ext	7.333333333333332	0.0	0.0
15	p0	1.0	0.0	0.0
15	p1	0.6666666666666666	0.0	0.0
15	protein1	34.0	6.333333333333332	2.4285713333333336
15	protein2	14.333333333333336	3.333333333333333	2.833333333333333
15	protein3	4.0	2.333333333333333	4.166666666666667
15	r0	5.333333333333333	0.0	0.0
15	r1	3.6666666666666665	0.0	0.0
15	rnapol	1.0	0.0	0.0
16	__protein1_rbs	3.6666666666666665	0.0	0.0
16	__protein2_rbs	2.6666666666666665	0.0	0.0
16	__protein3_rbs	2.333333333333333	0.0	0.0
16	__ribosome	66.66666666666667	0.0	0.0
16	__rnase_site_ext	8.666666666666666	0.0	0.0
16	p0	1.0	0.0	0.0
16	p1	1.0	0.0	0.0
16	protein1	40.0	7.333333333333332	2.0
16	protein2	16.666666666666668	4.0	2.233333333333333
16	protein3	5.333333333333333	2.6666666666666665	3.6666666666666665
16	r0	6.666666666666668	0.0	0.0
16	r1	4.333333333333333	0.0	0.0
16	rnapol	0.3333333333333333	0.0	0.0
17	__protein1_rbs	4.0	0.0	0.0
17	__protein2_rbs	3.0	0.0	0.0
17	__protein3_rbs	0.3333333333333333	0.0	0.0
17	__ribosome	63.33333333333334	0.0	0.0
17	__rnase_site_ext	9.0	0.0	0.0
17	p0	1.0	0.0	0.0
17	p1	1.0	0.0	0.0
17	protein1	44.33333333333334	7.666666666666668	2.130952333333333
17	protein2	17.666666666666668	4.333333333333333	2.433333333333333
17	protein3	8.0	2.6666666666666665	3.5
17	r0	7.666666666666668	0.0	0.0
17	r1	4.0	0.0	0.0
17	rnapol	0.0	0.0	0.0
18	__protein1_rbs	5.666666666666668	0.0	0.0
18	__protein2_rbs	2.6666666666666665	0.0	0.0
18	__protein3_rbs	1.3333333333333333	0.0	0.0
18	__ribosome	60.33333333333334	0.0	0.0
18	__rnase_site_ext	8.666666666666666	0.0	0.0
18	p0	0.6666666666666666	0.0	0.0
18	p1	1.0	0.0	0.0
18	protein1	47.0	7.666666666666668	2.297619
18	protein2	20.666666666666668	4.333333333333333	2.533333333333333
18	protein3	9.333333333333334	3.0	3.75
18	r0	7.333333333333332	0.0	0.0
18	r1	4.0	0.0	0.0
18	rnapol	0.0	0.0	0.0
19	__protein1_rbs	4.0	0.0	0.0
19	__protein2_rbs	3.333333333333333	0.0	0.0
19	__protein3_rbs	2.0	0.0	0.0
19	__ribosome	58.0	0.0	0.0
19	__rnase_site_ext	9.0	0.0	0.0
19	p0	1.0	0.0	0.0
19	p1	0.6666666666666666	0.0	0.0
19	protein1	51.0	7.666666666666668	2.607143
19	protein2	23.33333333333333	4.333333333333333	2.7
19	protein3	11.333333333333336	2.6666666666666665	5.055555666666667
19	r0	6.666666666666668	0.0	0.0
19	r1	4.333333333333333	0.0	0.0
19	rnapol	0.6666666666666666	0.0	0.0
20	__protein1_rbs	3.6666666666666665	0.0	0.0
20	__protein2_rbs	3.0	0.0	0.0
20	__protein3_rbs	2.333333333333333	0.0	0.0
20	__ribosome	57.33333333333334	0.0	0.0
20	__rnase_site_ext	9.0	0.0	0.0
20	p0	1.0	0.0	0.0
20	p1	1.0	0.0	0.0
20	protein1	57.66666666666666	7.333333333333332	2.738095
20	protein2	25.66666666666667	4.666666666666667	2.7857143333333334
20	protein3	14.0	3.6666666666666665	2.766666666666667
20	r0	7.0	0.0	0.0
20	r1	4.333333333333333	0.0	0.0
20	rnapol	0.6666666666666666	0.0	0.0
21	__protein1_rbs	4.0	0.0	0.0
21	__protein2_rbs	3.333333333333333	0.0	0.0
21	__protein3_rbs	2.333333333333333	0.0	0.0
21	__ribosome	57.66666666666666	0.0	0.0
21	__rnase_site_ext	10.0	0.0	0.0
21	p0	1.0	0.0	0.0
21	p1	0.6666666666666666	0.0	0.0
21	protein1	64.0	8.0	2.5238093333333333
21	protein2	28.66666666666667	5.0	2.5238096666666667
21	protein3	15.666666666666664	3.6666666666666665	3.016666666666667
21	r0	8.333333333333334	0.0	0.0
21	r1	4.0	0.0	0.0
21	rnapol	0.6666666666666666	0.0	0.0
22	__protein1_rbs	5.666666666666668	0.0	0.0
22	__protein2_rbs	3.0	0.0	0.0
22	__protein3_rbs	2.333333333333333	0.0	0.0
22	__ribosome	57.0	0.0	0.0
22	__rnase_site_ext	9.666666666666666	0.0	0.0
22	p0	1.0	0.0	0.0
22	p1	1.0	0.0	0.0
22	protein1	69.33333333333333	7.666666666666668	2.501587333333333
22	protein2	31.33333333333333	5.0	2.733333333333333
22	protein3	18.0	3.6666666666666665	3.1333333333333333
22	r0	8.0	0.0	0.0
22	r1	4.666666666666667	0.0	0.0
22	rnapol	0.6666666666666666	0.0	0.0
23	__protein1_rbs	5.666666666666668	0.0	0.0
23	__protein2_rbs	3.333333333333333	0.0	0.0
23	__protein3_rbs	2.0	0.0	0.0
23	__ribosome	56.0	0.0	0.0
23	__rnase_site_ext	10.333333333333334	0.0	0.0
23	p0	1.0	0.0	0.0
23	p1	0.3333333333333333	0.0	0.0
23	protein1	75.0	8.333333333333334	2.2424243333333336
23	protein2	34.0	5.0	2.983333333333333
23	protein3	20.33333333333333	3.6666666666666665	3.1666666666666665
23	r0	7.666666666666668	0.0	0.0
23	r1	5.333333333333333	0.0	0.0
23	rnapol	0.6666666666666666	0.0	0.0
24	__protein1_rbs	5.333333333333333	0.0	0.0
24	__protein2_rbs	2.6666666666666665	0.0	0.0
24	__protein3_rbs	2.6666666666666665	0.0	0.0
24	__ribosome	57.33333333333334	0.0	0.0
24	__rnase_site_ext	10.666666666666666	0.0	0.0
24	p0	1.0	0.0	0.0
24	p1	0.6666666666666666	0.0	0.0
24	protein1	81.0	8.666666666666666	2.210317666666666
24	protein2	38.66666666666666	5.0	2.7944443333333333
24	protein3	22.33333333333333	3.6666666666666665	2.9333333333333336
24	r0	8.333333333333334	0.0	0.0
24	r1	4.0	0.0	0.0
24	rnapol	0.6666666666666666	0.0	0.0
25	__protein1_rbs	5.666666666666668	0.0	0.0
25	__protein2_rbs	2.333333333333333	0.0	0.0
25	__protein3_rbs	2.333333333333333	0.0	0.0
25	__ribosome	53.0	0.0	0.0
25	__rnase_site_ext	12.333333333333336	0.0	0.0
25	p0	1.0	0.0	0.0
25	p1	1.0	0.0	0.0
25	protein1	86.66666666666669	10.0	1.8796296666666663
25	protein2	40.333333333333336	5.333333333333333	3.2555556666666665
25	protein3	24.33333333333333	3.6666666666666665	3.0
25	r0	9.666666666666666	0.0	0.0
25	r1	4.333333333333333	0.0	0.0
25	rnapol	0.0	0.0	0.0
26	__protein1_rbs	6.333333333333332	0.0	0.0
26	__protein2_rbs	3.6666666666666665	0.0	0.0
26	__protein3_rbs	2.333333333333333	0.0	0.0
26	__ribosome	50.33333333333334	0.0	0.0
26	__rnase_site_ext	12.0	0.0	0.0
26	p0	1.0	0.0	0.0
26	p1	1.0	0.0	0.0
26	protein1	91.0	10.333333333333334	2.039886
26	protein2	44.66666666666666	6.0	2.875
26	protein3	26.66666666666667	4.0	2.716666666666667
26	r0	9.333333333333334	0.0	0.0
26	r1	5.666666666666668	0.0	0.0
26	rnapol	0.0	0.0	0.0
27	__protein1_rbs	8.666666666666666	0.0	0.0
27	__protein2_rbs	3.333333333333333	0.0	0.0
27	__protein3_rbs	2.333333333333333	0.0	0.0
27	__ribosome	51.0	0.0	0.0
27	__rnase_site_ext	12.666666666666664	0.0	0.0
27	p0	1.0	0.0	0.0
27	p1	1.0	0.0	0.0
27	protein1	96.0	10.0	2.0185186666666666
27	protein2	49.0	5.333333333333333	3.563889
27	protein3	29.0	4.333333333333333	2.75
27	r0	10.333333333333334	0.0	0.0
27	r1	5.333333333333333	0.0	0.0
27	rnapol	0.0	0.0	0.0
28	__protein1_rbs	8.0	0.0	0.0
28	__protein2_rbs	3.333333333333333	0.0	0.0
28	__protein3_rbs	2.0	0.0	0.0
28	__ribosome	51.0	0.0	0.0
28	__rnase_site_ext	12.0	0.0	0.0
28	p0	1.0	0.0	0.0
28	p1	0.6666666666666666	0.0	0.0
28	protein1	103.33333333333331	9.666666666666666	2.083333333333333
28	protein2	51.33333333333334	5.666666666666668	3.748148000000001
28	protein3	32.333333333333336	4.333333333333333	2.5500000000000003
28	r0	9.666666666666666	0.0	0.0
28	r1	5.0	0.0	0.0
28	rnapol	0.0	0.0	0.0
29	__protein1_rbs	6.0	0.0	0.0
29	__protein2_rbs	4.333333333333333	0.0	0.0
29	__protein3_rbs	3.333333333333333	0.0	0.0
29	__ribosome	52.0	0.0	0.0
29	__rnase_site_ext	12.333333333333336	0.0	0.0
29	p0	1.0	0.0	0.0
29	p1	1.0	0.0	0.0
29	protein1	109.66666666666669	10.0	2.157763333333333
29	protein2	57.0	6.0	2.740741
29	protein3	34.0	4.333333333333333	2.733333333333333
29	r0	10.0	0.0	0.0
29	r1	6.0	0.0	0.0
29	rnapol	0.3333333333333333	0.0	0.0
30	__protein1_rbs	6.333333333333332	0.0	0.0
30	__protein2_rbs	4.0	0.0	0.0
30	__protein3_rbs	2.333333333333333	0.0	0.0
30	__ribosome	48.33333333333334	0.0	0.0
30	__rnase_site_ext	12.0	0.0	0.0
30	p0	1.0	0.0	0.0
30	p1	0.6666666666666666	0.0	0.0
30	protein1	116.0	10.0	2.2877493333333336
30	protein2	60.33333333333334	6.0	2.708333333333333
30	protein3	36.333333333333336	5.333333333333333	2.5
30	r0	9.333333333333334	0.0	0.0
30	r1	5.0	0.0	0.0
30	rnapol	0.6666666666666666	0.0	0.0
31	__protein1_rbs	7.0	0.0	0.0
31	__protein2_rbs	5.333333333333333	0.0	0.0
31	__protein3_rbs	3.0	0.0	0.0
31	__ribosome	49.0	0.0	0.0
31	__rnase_site_ext	12.0	0.0	0.0
31	p0	1.0	0.0	0.0
31	p1	0.6666666666666666	0.0	0.0
31	protein1	122.66666666666669	10.333333333333334	2.1396009999999994
31	protein2	65.0	6.333333333333332	2.375
31	protein3	39.333333333333336	5.0	2.716666666666667
31	r0	10.0	0.0	0.0
31	r1	6.333333333333332	0.0	0.0
31	rnapol	0.3333333333333333	0.0	0.0
32	__protein1_rbs	8.0	0.0	0.0
32	__protein2_rbs	4.333333333333333	0.0	0.0
32	__protein3_rbs	3.6666666666666665	0.0	0.0
32	__ribosome	48.33333333333334	0.0	0.0
32	__rnase_site_ext	12.333333333333336	0.0	0.0
32	p0	1.0	0.0	0.0
32	p1	0.6666666666666666	0.0	0.0
32	protein1	127.33333333333331	10.666666666666666	2.161538333333333
32	protein2	68.33333333333333	6.333333333333332	2.357143
32	protein3	42.0	5.0	2.7055556666666667
32	r0	10.0	0.0	0.0
32	r1	6.333333333333332	0.0	0.0
32	rnapol	1.0	0.0	0.0
33	__protein1_rbs	6.333333333333332	0.0	0.0
33	__protein2_rbs	4.0	0.0	0.0
33	__protein3_rbs	3.333333333333333	0.0	0.0
33	__ribosome	50.33333333333334	0.0	0.0
33	__rnase_site_ext	12.666666666666664	0.0	0.0
33	p0	0.6666666666666666	0.0	0.0
33	p1	0.6666666666666666	0.0	0.0
33	protein1	135.66666666666666	10.666666666666666	1.9833333333333332
33	protein2	71.66666666666667	6.333333333333332	2.4642856666666666
33	protein3	45.66666666666666	5.0	2.45
33	r0	10.666666666666666	0.0	0.0
33	r1	6.0	0.0	0.0
33	rnapol	1.3333333333333333	0.0	0.0
34	__protein1_rbs	8.333333333333334	0.0	0.0
34	__protein2_rbs	4.333333333333333	0.0	0.0
34	__protein3_rbs	3.333333333333333	0.0	0.0
34	__ribosome	50.66666666666666	0.0	0.0
34	__rnase_site_ext	13.333333333333336	0.0	0.0
34	p0	0.3333333333333333	0.0	0.0
34	p1	1.0	0.0	0.0
34	protein1	142.33333333333334	11.0	1.8944443333333332
34	protein2	76.33333333333333	6.333333333333332	2.5357143333333334
34	protein3	48.33333333333334	5.0	2.5444443333333333
34	r0	10.666666666666666	0.0	0.0
34	r1	6.333333333333332	0.0	0.0
34	rnapol	1.6666666666666667	0.0	0.0
35	__protein1_rbs	8.333333333333334	0.0	0.0
35	__protein2_rbs	4.333333333333333	0.0	0.0
35	__protein3_rbs	3.0	0.0	0.0
35	__ribosome	46.66666666666666	0.0	0.0
35	__rnase_site_ext	14.666666666666664	0.0	0.0
35	p0	0.6666666666666666	0.0	0.0
35	p1	0.6666666666666666	0.0	0.0
35	protein1	149.0	12.333333333333336	1.903846
35	protein2	80.0	5.666666666666668	3.0138890000000003
35	protein3	50.33333333333334	5.0	2.894444333333333
35	r0	11.666666666666664	0.0	0.0
35	r1	5.333333333333333	0.0	0.0
35	rnapol	0.3333333333333333	0.0	0.0
36	__protein1_rbs	10.0	0.0	0.0
36	__protein2_rbs	5.333333333333333	0.0	0.0
36	__protein3_rbs	2.6666666666666665	0.0	0.0
36	__ribosome	45.0	0.0	0.0
36	__rnase_site_ext	16.333333333333332	0.0	0.0
36	p0	1.0	0.0	0.0
36	p1	1.0	0.0	0.0
36	protein1	154.0	13.0	1.8833333333333333
36	protein2	83.66666666666667	6.0	2.744047666666667
36	protein3	53.66666666666666	4.666666666666667	3.5777776666666665
36	r0	13.333333333333336	0.0	0.0
36	r1	6.0	0.0	0.0
36	rnapol	0.0	0.0	0.0
37	__protein1_rbs	8.666666666666666	0.0	0.0
37	__protein2_rbs	5.666666666666668	0.0	0.0
37	__protein3_rbs	3.0	0.0	0.0
37	__ribosome	42.66666666666666	0.0	0.0
37	__rnase_site_ext	16.666666666666668	0.0	0.0
37	p0	1.0	0.0	0.0
37	p1	0.6666666666666666	0.0	0.0
37	protein1	161.0	13.333333333333336	1.974359
37	protein2	87.0	6.333333333333332	2.804233
37	protein3	57.0	4.666666666666667	3.633333333333333
37	r0	13.666666666666664	0.0	0.0
37	r1	6.333333333333332	0.0	0.0
37	rnapol	0.0	0.0	0.0
38	__protein1_rbs	8.666666666666666	0.0	0.0
38	__protein2_rbs	3.6666666666666665	0.0	0.0
38	__protein3_rbs	3.0	0.0	0.0
38	__ribosome	41.0	0.0	0.0
38	__rnase_site_ext	16.666666666666668	0.0	0.0
38	p0	1.0	0.0	0.0
38	p1	0.3333333333333333	0.0	0.0
38	protein1	169.66666666666666	13.333333333333336	2.0688033333333333
38	protein2	91.0	6.333333333333332	2.7195766666666668
38	protein3	60.0	4.333333333333333	3.888889
38	r0	13.0	0.0	0.0
38	r1	6.333333333333332	0.0	0.0
38	rnapol	0.3333333333333333	0.0	0.0
39	__protein1_rbs	9.333333333333334	0.0	0.0
39	__protein2_rbs	4.666666666666667	0.0	0.0
39	__protein3_rbs	2.333333333333333	0.0	0.0
39	__ribosome	41.333333333333336	0.0	0.0
39	__rnase_site_ext	17.0	0.0	0.0
39	p0	0.6666666666666666	0.0	0.0
39	p1	1.0	0.0	0.0
39	protein1	177.33333333333337	13.666666666666664	2.059829
39	protein2	95.0	7.333333333333332	2.186111
39	protein3	64.66666666666667	4.333333333333333	3.511111
39	r0	14.0	0.0	0.0
39	r1	5.666666666666668	0.0	0.0
39	rnapol	0.3333333333333333	0.0	0.0
40	__protein1_rbs	9.333333333333334	0.0	0.0
40	__protein2_rbs	6.666666666666668	0.0	0.0
40	__protein3_rbs	2.6666666666666665	0.0	0.0
40	__ribosome	42.333333333333336	0.0	0.0
40	__rnase_site_ext	17.666666666666668	0.0	0.0
40	p0	1.0	0.0	0.0
40	p1	0.6666666666666666	0.0	0.0
40	protein1	186.66666666666663	14.666666666666664	1.830357
40	protein2	98.66666666666669	8.0	2.0185186666666666
40	protein3	68.0	4.333333333333333	3.333333333333333
40	r0	13.0	0.0	0.0
40	r1	8.0	0.0	0.0
40	rnapol	0.3333333333333333	0.0	0.0
41	__protein1_rbs	11.666666666666664	0.0	0.0
41	__protein2_rbs	6.0	0.0	0.0
41	__protein3_rbs	2.0	0.0	0.0
41	__ribosome	43.66666666666666	0.0	0.0
41	__rnase_site_ext	18.0	0.0	0.0
41	p0	1.0	0.0	0.0
41	p1	0.6666666666666666	0.0	0.0
41	protein1	195.33333333333331	15.0	1.6596636666666666
41	protein2	101.0	8.333333333333334	2.0814816666666665
41	protein3	71.66666666666667	4.666666666666667	2.966666666666667
41	r0	15.0	0.0	0.0
41	r1	8.0	0.0	0.0
41	rnapol	0.0	0.0	0.0
42	__protein1_rbs	10.0	0.0	0.0
42	__protein2_rbs	6.0	0.0	0.0
42	__protein3_rbs	3.333333333333333	0.0	0.0
42	__ribosome	41.333333333333336	0.0	0.0
42	__rnase_site_ext	18.0	0.0	0.0
42	p0	1.0	0.0	0.0
42	p1	0.3333333333333333	0.0	0.0
42	protein1	203.66666666666663	15.0	1.7114843333333332
42	protein2	105.33333333333331	8.666666666666666	2.245791333333333
42	protein3	74.66666666666667	5.0	2.688889
42	r0	14.666666666666664	0.0	0.0
42	r1	8.0	0.0	0.0
42	rnapol	0.0	0.0	0.0
43	__protein1_rbs	11.0	0.0	0.0
43	__protein2_rbs	6.666666666666668	0.0	0.0
43	__protein3_rbs	3.6666666666666665	0.0	0.0
43	__ribosome	41.66666666666666	0.0	0.0
43	__rnase_site_ext	17.666666666666668	0.0	0.0
43	p0	1.0	0.0	0.0
43	p1	0.6666666666666666	0.0	0.0
43	protein1	211.66666666666663	15.0	1.7310926666666668
43	protein2	108.66666666666669	8.666666666666666	2.3754206666666664
43	protein3	78.66666666666667	4.666666666666667	2.6222220000000003
43	r0	14.333333333333336	0.0	0.0
43	r1	8.0	0.0	0.0
43	rnapol	1.0	0.0	0.0
44	__protein1_rbs	11.666666666666664	0.0	0.0
44	__protein2_rbs	7.0	0.0	0.0
44	__protein3_rbs	3.333333333333333	0.0	0.0
44	__ribosome	40.333333333333336	0.0	0.0
44	__rnase_site_ext	18.33333333333333	0.0	0.0
44	p0	1.0	0.0	0.0
44	p1	1.0	0.0	0.0
44	protein1	219.33333333333331	15.666666666666664	1.7645506666666666
44	protein2	113.66666666666669	9.0	2.216931
44	protein3	81.66666666666667	5.0	2.5166666666666666
44	r0	15.0	0.0	0.0
44	r1	8.666666666666666	0.0	0.0
44	rnapol	1.0	0.0	0.0
45	__protein1_rbs	10.666666666666666	0.0	0.0
45	__protein2_rbs	5.666666666666668	0.0	0.0
45	__protein3_rbs	3.333333333333333	0.0	0.0
45	__ribosome	37.333333333333336	0.0	0.0
45	__rnase_site_ext	19.0	0.0	0.0
45	p0	1.0	0.0	0.0
45	p1	1.0	0.0	0.0
45	protein1	227.0	16.0	1.9044310000000002
45	protein2	118.66666666666669	8.666666666666666	2.3417990000000004
45	protein3	84.33333333333333	5.0	2.494444333333333
45	r0	15.666666666666664	0.0	0.0
45	r1	7.666666666666668	0.0	0.0
45	rnapol	0.3333333333333333	0.0	0.0
46	__protein1_rbs	12.666666666666664	0.0	0.0
46	__protein2_rbs	6.0	0.0	0.0
46	__protein3_rbs	3.333333333333333	0.0	0.0
46	__ribosome	35.0	0.0	0.0
46	__rnase_site_ext	19.666666666666668	0.0	0.0
46	p0	1.0	0.0	0.0
46	p1	1.0	0.0	0.0
46	protein1	235.0	17.333333333333332	1.7875
46	protein2	122.66666666666669	8.666666666666666	2.533862333333333
46	protein3	88.0	5.0	2.438889
46	r0	16.0	0.0	0.0
46	r1	8.333333333333334	0.0	0.0
46	rnapol	0.3333333333333333	0.0	0.0
47	__protein1_rbs	11.333333333333336	0.0	0.0
47	__protein2_rbs	6.666666666666668	0.0	0.0
47	__protein3_rbs	4.0	0.0	0.0
47	__ribosome	36.66666666666666	0.0	0.0
47	__rnase_site_ext	19.666666666666668	0.0	0.0
47	p0	1.0	0.0	0.0
47	p1	0.6666666666666666	0.0	0.0
47	protein1	245.0	17.333333333333332	1.7625
47	protein2	128.33333333333334	9.0	2.323809666666667
47	protein3	90.33333333333331	5.333333333333333	2.295238
47	r0	16.333333333333332	0.0	0.0
47	r1	8.333333333333334	0.0	0.0
47	rnapol	1.0	0.0	0.0
48	__protein1_rbs	11.666666666666664	0.0	0.0
48	__protein2_rbs	5.666666666666668	0.0	0.0
48	__protein3_rbs	4.666666666666667	0.0	0.0
48	__ribosome	34.333333333333336	0.0	0.0
48	__rnase_site_ext	20.0	0.0	0.0
48	p0	0.3333333333333333	0.0	0.0
48	p1	1.0	0.0	0.0
48	protein1	254.0	17.333333333333332	1.8918303333333333
48	protein2	133.0	9.0	2.438095333333333
48	protein3	93.0	5.333333333333333	2.204762
48	r0	16.666666666666668	0.0	0.0
48	r1	7.333333333333332	0.0	0.0
48	rnapol	0.3333333333333333	0.0	0.0
49	__protein1_rbs	13.0	0.0	0.0
49	__protein2_rbs	6.333333333333332	0.0	0.0
49	__protein3_rbs	4.333333333333333	0.0	0.0
49	__ribosome	35.666666666666664	0.0	0.0
49	__rnase_site_ext	21.66666666666667	0.0	0.0
49	p0	1.0	0.0	0.0
49	p1	0.6666666666666666	0.0	0.0
49	protein1	264.0	18.666666666666668	1.7430556666666668
49	protein2	138.33333333333334	9.666666666666666	2.3463203333333333
49	protein3	96.66666666666669	5.333333333333333	1.7309523333333334
49	r0	18.666666666666668	0.0	0.0
49	r1	8.666666666666666	0.0	0.0
49	rnapol	0.3333333333333333	0.0	0.0
50	__protein1_rbs	13.666666666666664	0.0	0.0
50	__protein2_rbs	7.333333333333332	0.0	0.0
50	__protein3_rbs	3.0	0.0	0.0
50	__ribosome	32.666666666666664	0.0	0.0
50	__rnase_site_ext	21.66666666666667	0.0	0.0
50	p0	0.6666666666666666	0.0	0.0
50	p1	0.6666666666666666	0.0	0.0
50	protein1	272.6666666666667	18.666666666666668	1.8015873333333328
50	protein2	144.0	10.0	2.2308803333333334
50	protein3	99.0	5.333333333333333	2.216666666666667
50	r0	18.33333333333333	0.0	0.0
50	r1	9.666666666666666	0.0	0.0
50	rnapol	0.3333333333333333	0.0	0.0
51	__protein1_rbs	12.666666666666664	0.0	0.0
51	__protein2_rbs	8.333333333333334	0.0	0.0
51	__protein3_rbs	3.333333333333333	0.0	0.0
51	__ribosome	31.33333333333333	0.0	0.0
51	__rnase_site_ext	21.33333333333333	0.0	0.0
51	p0	0.3333333333333333	0.0	0.0
51	p1	0.3333333333333333	0.0	0.0
51	protein1	283.3333333333333	18.33333333333333	1.8283226666666668
51	protein2	148.33333333333334	10.0	2.193182
51	protein3	101.0	5.333333333333333	2.4595236666666667
51	r0	18.0	0.0	0.0
51	r1	10.0	0.0	0.0
51	rnapol	0.3333333333333333	0.0	0.0
52	__protein1_rbs	12.666666666666664	0.0	0.0
52	__protein2_rbs	8.0	0.0	0.0
52	__protein3_rbs	4.333333333333333	0.0	0.0
52	__ribosome	29.66666666666667	0.0	0.0
52	__rnase_site_ext	21.66666666666667	0.0	0.0
52	p0	1.0	0.0	0.0
52	p1	1.0	0.0	0.0
52	protein1	293.6666666666667	18.666666666666668	1.8898636666666668
52	protein2	152.66666666666666	10.333333333333334	2.1527776666666667
52	protein3	103.33333333333331	5.333333333333333	2.390476333333333
52	r0	18.33333333333333	0.0	0.0
52	r1	10.0	0.0	0.0
52	rnapol	1.0	0.0	0.0
53	__protein1_rbs	14.0	0.0	0.0
53	__protein2_rbs	9.666666666666666	0.0	0.0
53	__protein3_rbs	4.0	0.0	0.0
53	__ribosome	34.333333333333336	0.0	0.0
53	__rnase_site_ext	21.66666666666667	0.0	0.0
53	p0	1.0	0.0	0.0
53	p1	0.6666666666666666	0.0	0.0
53	protein1	305.3333333333333	19.0	1.7222223333333335
53	protein2	159.0	10.666666666666666	1.7449496666666666
53	protein3	106.0	5.666666666666668	2.5714286666666664
53	r0	18.33333333333333	0.0	0.0
53	r1	10.666666666666666	0.0	0.0
53	rnapol	0.6666666666666666	0.0	0.0
54	__protein1_rbs	13.333333333333336	0.0	0.0
54	__protein2_rbs	9.666666666666666	0.0	0.0
54	__protein3_rbs	3.6666666666666665	0.0	0.0
54	__ribosome	31.66666666666667	0.0	0.0
54	__rnase_site_ext	22.33333333333333	0.0	0.0
54	p0	1.0	0.0	0.0
54	p1	1.0	0.0	0.0
54	protein1	313.6666666666667	19.0	1.8114036666666669
54	protein2	163.66666666666666	11.0	1.6601916666666667
54	protein3	108.33333333333331	6.0	2.75
54	r0	18.33333333333333	0.0	0.0
54	r1	10.666666666666666	0.0	0.0
54	rnapol	0.3333333333333333	0.0	0.0
55	__protein1_rbs	12.666666666666664	0.0	0.0
55	__protein2_rbs	8.333333333333334	0.0	0.0
55	__protein3_rbs	3.6666666666666665	0.0	0.0
55	__ribosome	35.333333333333336	0.0	0.0
55	__rnase_site_ext	22.0	0.0	0.0
55	p0	1.0	0.0	0.0
55	p1	1.0	0.0	0.0
55	protein1	326.3333333333333	19.0	1.689084
55	protein2	170.33333333333334	11.0	1.614866666666667
55	protein3	113.0	6.0	2.6666666666666665
55	r0	18.33333333333333	0.0	0.0
55	r1	9.666666666666666	0.0	0.0
55	rnapol	0.3333333333333333	0.0	0.0
56	__protein1_rbs	12.333333333333336	0.0	0.0
56	__protein2_rbs	8.333333333333334	0.0	0.0
56	__protein3_rbs	5.333333333333333	0.0	0.0
56	__ribosome	33.333333333333336	0.0	0.0
56	__rnase_site_ext	21.66666666666667	0.0	0.0
56	p0	1.0	0.0	0.0
56	p1	1.0	0.0	0.0
56	protein1	335.3333333333333	18.666666666666668	1.8114036666666669
56	protein2	174.33333333333337	11.0	1.5975136666666667
56	protein3	115.66666666666669	6.0	2.630952333333333
56	r0	18.0	0.0	0.0
56	r1	10.333333333333334	0.0	0.0
56	rnapol	0.6666666666666666	0.0	0.0
57	__protein1_rbs	14.666666666666664	0.0	0.0
57	__protein2_rbs	9.0	0.0	0.0
57	__protein3_rbs	4.333333333333333	0.0	0.0
57	__ribosome	27.0	0.0	0.0
57	__rnase_site_ext	22.66666666666667	0.0	0.0
57	p0	1.0	0.0	0.0
57	p1	0.0	0.0	0.0
57	protein1	343.66666666666674	19.33333333333333	1.9053223333333331
57	protein2	177.66666666666663	11.0	1.8153326666666665
57	protein3	119.0	6.666666666666668	2.4345236666666668
57	r0	18.666666666666668	0.0	0.0
57	r1	10.333333333333334	0.0	0.0
57	rnapol	0.3333333333333333	0.0	0.0
58	__protein1_rbs	15.666666666666664	0.0	0.0
58	__protein2_rbs	7.0	0.0	0.0
58	__protein3_rbs	5.333333333333333	0.0	0.0
58	__ribosome	29.66666666666667	0.0	0.0
58	__rnase_site_ext	23.0	0.0	0.0
58	p0	1.0	0.0	0.0
58	p1	1.0	0.0	0.0
58	protein1	355.33333333333326	19.666666666666668	1.6385026666666669
58	protein2	181.66666666666663	11.0	2.054390333333333
58	protein3	123.0	6.666666666666668	2.3880953333333337
58	r0	19.0	0.0	0.0
58	r1	10.333333333333334	0.0	0.0
58	rnapol	1.0	0.0	0.0
59	__protein1_rbs	14.333333333333336	0.0	0.0
59	__protein2_rbs	9.0	0.0	0.0
59	__protein3_rbs	5.333333333333333	0.0	0.0
59	__ribosome	31.0	0.0	0.0
59	__rnase_site_ext	23.33333333333333	0.0	0.0
59	p0	0.6666666666666666	0.0	0.0
59	p1	0.6666666666666666	0.0	0.0
59	protein1	366.66666666666674	20.33333333333333	1.5753666666666666
59	protein2	187.0	11.333333333333336	1.9095236666666664
59	protein3	127.0	7.0	2.141799
59	r0	19.33333333333333	0.0	0.0
59	r1	10.333333333333334	0.0	0.0
59	rnapol	0.3333333333333333	0.0	0.0
60	__protein1_rbs	15.333333333333336	0.0	0.0
60	__protein2_rbs	9.0	0.0	0.0
60	__protein3_rbs	5.666666666666668	0.0	0.0
60	__ribosome	32.333333333333336	0.0	0.0
60	__rnase_site_ext	24.33333333333333	0.0	0.0
60	p0	1.0	0.0	0.0
60	p1	1.0	0.0	0.0
60	protein1	378.66666666666674	20.666666666666668	1.504601
60	protein2	191.33333333333331	11.0	1.9989416666666668
60	protein3	130.66666666666666	7.0	2.0084656666666665
60	r0	19.666666666666668	0.0	0.0
60	r1	11.333333333333336	0.0	0.0
60	rnapol	0.3333333333333333	0.0	0.0
61	__protein1_rbs	17.0	0.0	0.0
61	__protein2_rbs	8.666666666666666	0.0	0.0
61	__protein3_rbs	5.333333333333333	0.0	0.0
61	__ribosome	30.0	0.0	0.0
61	__rnase_site_ext	24.0	0.0	0.0
61	p0	1.0	0.0	0.0
61	p1	1.0	0.0	0.0
61	protein1	385.0	21.0	1.5449423333333332
61	protein2	197.66666666666663	12.0	1.9383836666666667
61	protein3	134.33333333333334	7.0	2.104762
61	r0	19.666666666666668	0.0	0.0
61	r1	12.0	0.0	0.0
61	rnapol	0.6666666666666666	0.0	0.0
62	__protein1_rbs	17.0	0.0	0.0
62	__protein2_rbs	9.666666666666666	0.0	0.0
62	__protein3_rbs	4.666666666666667	0.0	0.0
62	__ribosome	31.33333333333333	0.0	0.0
62	__rnase_site_ext	25.0	0.0	0.0
62	p0	1.0	0.0	0.0
62	p1	0.6666666666666666	0.0	0.0
62	protein1	397.0	21.0	1.48763
62	protein2	202.66666666666663	12.0	1.865873
62	protein3	138.0	7.0	2.2010583333333336
62	r0	21.0	0.0	0.0
62	r1	11.0	0.0	0.0
62	rnapol	0.6666666666666666	0.0	0.0
63	__protein1_rbs	15.333333333333336	0.0	0.0
63	__protein2_rbs	8.666666666666666	0.0	0.0
63	__protein3_rbs	6.333333333333332	0.0	0.0
63	__ribosome	30.0	0.0	0.0
63	__rnase_site_ext	24.66666666666667	0.0	0.0
63	p0	0.6666666666666666	0.0	0.0
63	p1	0.6666666666666666	0.0	0.0
63	protein1	406.0	20.666666666666668	1.5311709999999998
63	protein2	208.0	12.0	1.9428906666666668
63	protein3	140.66666666666666	7.0	2.153439333333333
63	r0	20.666666666666668	0.0	0.0
63	r1	12.0	0.0	0.0
63	rnapol	0.3333333333333333	0.0	0.0
64	__protein1_rbs	15.666666666666664	0.0	0.0
64	__protein2_rbs	7.333333333333332	0.0	0.0
64	__protein3_rbs	5.333333333333333	0.0	0.0
64	__ribosome	25.66666666666667	0.0	0.0
64	__rnase_site_ext	25.33333333333333	0.0	0.0
64	p0	1.0	0.0	0.0
64	p1	1.0	0.0	0.0
64	protein1	414.66666666666674	22.0	1.546717
64	protein2	213.66666666666663	12.333333333333336	2.0533913333333333
64	protein3	144.66666666666666	7.0	2.150793666666667
64	r0	20.666666666666668	0.0	0.0
64	r1	12.333333333333336	0.0	0.0
64	rnapol	0.0	0.0	0.0
65	__protein1_rbs	15.333333333333336	0.0	0.0
65	__protein2_rbs	8.666666666666666	0.0	0.0
65	__protein3_rbs	5.666666666666668	0.0	0.0
65	__ribosome	26.33333333333333	0.0	0.0
65	__rnase_site_ext	24.33333333333333	0.0	0.0
65	p0	1.0	0.0	0.0
65	p1	1.0	0.0	0.0
65	protein1	427.0	21.33333333333333	1.536111
65	protein2	219.33333333333331	12.666666666666664	2.0
65	protein3	147.66666666666666	7.333333333333332	2.083333333333333
65	r0	20.33333333333333	0.0	0.0
65	r1	12.0	0.0	0.0
65	rnapol	0.0	0.0	0.0
66	__protein1_rbs	17.0	0.0	0.0
66	__protein2_rbs	11.0	0.0	0.0
66	__protein3_rbs	5.333333333333333	0.0	0.0
66	__ribosome	27.0	0.0	0.0
66	__rnase_site_ext	24.33333333333333	0.0	0.0
66	p0	1.0	0.0	0.0
66	p1	0.6666666666666666	0.0	0.0
66	protein1	434.66666666666674	20.666666666666668	1.6231479999999998
66	protein2	224.0	12.666666666666664	1.9801586666666668
66	protein3	152.0	7.666666666666668	1.857143
66	r0	20.33333333333333	0.0	0.0
66	r1	12.333333333333336	0.0	0.0
66	rnapol	0.0	0.0	0.0
67	__protein1_rbs	15.0	0.0	0.0
67	__protein2_rbs	8.0	0.0	0.0
67	__protein3_rbs	5.666666666666668	0.0	0.0
67	__ribosome	26.66666666666667	0.0	0.0
67	__rnase_site_ext	24.0	0.0	0.0
67	p0	1.0	0.0	0.0
67	p1	1.0	0.0	0.0
67	protein1	446.33333333333326	20.33333333333333	1.6297383333333333
67	protein2	230.66666666666663	12.666666666666664	2.130952333333333
67	protein3	155.0	7.0	1.9166666666666667
67	r0	20.0	0.0	0.0
67	r1	12.0	0.0	0.0
67	rnapol	1.3333333333333333	0.0	0.0
68	__protein1_rbs	16.666666666666668	0.0	0.0
68	__protein2_rbs	10.333333333333334	0.0	0.0
68	__protein3_rbs	3.0	0.0	0.0
68	__ribosome	27.66666666666667	0.0	0.0
68	__rnase_site_ext	24.33333333333333	0.0	0.0
68	p0	1.0	0.0	0.0
68	p1	0.6666666666666666	0.0	0.0
68	protein1	457.0	20.0	1.4904110000000002
68	protein2	235.66666666666663	13.333333333333336	2.0055553333333336
68	protein3	159.0	7.333333333333332	2.2321426666666664
68	r0	19.666666666666668	0.0	0.0
68	r1	12.666666666666664	0.0	0.0
68	rnapol	2.0	0.0	0.0
69	__protein1_rbs	17.333333333333332	0.0	0.0
69	__protein2_rbs	10.0	0.0	0.0
69	__protein3_rbs	4.666666666666667	0.0	0.0
69	__ribosome	27.33333333333333	0.0	0.0
69	__rnase_site_ext	25.33333333333333	0.0	0.0
69	p0	1.0	0.0	0.0
69	p1	1.0	0.0	0.0
69	protein1	466.66666666666674	21.33333333333333	1.4503703333333335
69	protein2	243.33333333333331	13.333333333333336	1.8722223333333328
69	protein3	162.33333333333334	7.333333333333332	2.380952333333333
69	r0	21.0	0.0	0.0
69	r1	12.333333333333336	0.0	0.0
69	rnapol	1.0	0.0	0.0
70	__protein1_rbs	15.333333333333336	0.0	0.0
70	__protein2_rbs	8.0	0.0	0.0
70	__protein3_rbs	6.333333333333332	0.0	0.0
70	__ribosome	26.33333333333333	0.0	0.0
70	__rnase_site_ext	25.33333333333333	0.0	0.0
70	p0	1.0	0.0	0.0
70	p1	1.0	0.0	0.0
70	protein1	478.33333333333326	21.33333333333333	1.3417916666666667
70	protein2	248.33333333333331	13.333333333333336	2.180555333333333
70	protein3	165.33333333333334	7.333333333333332	2.2440476666666664
70	r0	20.33333333333333	0.0	0.0
70	r1	13.0	0.0	0.0
70	rnapol	0.6666666666666666	0.0	0.0
71	__protein1_rbs	16.333333333333332	0.0	0.0
71	__protein2_rbs	9.333333333333334	0.0	0.0
71	__protein3_rbs	5.0	0.0	0.0
71	__ribosome	28.0	0.0	0.0
71	__rnase_site_ext	26.0	0.0	0.0
71	p0	1.0	0.0	0.0
71	p1	1.0	0.0	0.0
71	protein1	486.33333333333326	22.33333333333333	1.308547
71	protein2	257.0	13.333333333333336	1.9166666666666667
71	protein3	168.33333333333334	6.333333333333332	2.7777776666666667
71	r0	21.33333333333333	0.0	0.0
71	r1	11.666666666666664	0.0	0.0
71	rnapol	0.3333333333333333	0.0	0.0
72	__protein1_rbs	16.0	0.0	0.0
72	__protein2_rbs	11.333333333333336	0.0	0.0
72	__protein3_rbs	5.0	0.0	0.0
72	__ribosome	28.66666666666667	0.0	0.0
72	__rnase_site_ext	26.33333333333333	0.0	0.0
72	p0	0.6666666666666666	0.0	0.0
72	p1	0.6666666666666666	0.0	0.0
72	protein1	495.0	22.33333333333333	1.3667276666666666
72	protein2	261.3333333333333	13.333333333333336	1.8591799999999998
72	protein3	172.66666666666663	7.0	2.2857143333333334
72	r0	22.0	0.0	0.0
72	r1	13.666666666666664	0.0	0.0
72	rnapol	0.0	0.0	0.0
73	__protein1_rbs	19.0	0.0	0.0
73	__protein2_rbs	10.333333333333334	0.0	0.0
73	__protein3_rbs	5.666666666666668	0.0	0.0
73	__ribosome	32.666666666666664	0.0	0.0
73	__rnase_site_ext	27.0	0.0	0.0
73	p0	1.0	0.0	0.0
73	p1	0.6666666666666666	0.0	0.0
73	protein1	503.33333333333326	22.66666666666667	1.3141973333333334
73	protein2	268.3333333333333	13.666666666666664	1.7992596666666667
73	protein3	179.0	7.0	1.9523810000000001
73	r0	22.0	0.0	0.0
73	r1	13.666666666666664	0.0	0.0
73	rnapol	0.0	0.0	0.0
74	__protein1_rbs	18.0	0.0	0.0
74	__protein2_rbs	9.333333333333334	0.0	0.0
74	__protein3_rbs	4.666666666666667	0.0	0.0
74	__ribosome	32.333333333333336	0.0	0.0
74	__rnase_site_ext	26.33333333333333	0.0	0.0
74	p0	1.0	0.0	0.0
74	p1	1.0	0.0	0.0
74	protein1	512.0	22.66666666666667	1.3373896666666667
74	protein2	277.0	13.666666666666664	1.7588236666666666
74	protein3	181.66666666666663	7.333333333333332	2.047619
74	r0	22.33333333333333	0.0	0.0
74	r1	13.0	0.0	0.0
74	rnapol	0.3333333333333333	0.0	0.0
75	__protein1_rbs	17.0	0.0	0.0
75	__protein2_rbs	9.0	0.0	0.0
75	__protein3_rbs	6.666666666666668	0.0	0.0
75	__ribosome	32.333333333333336	0.0	0.0
75	__rnase_site_ext	27.33333333333333	0.0	0.0
75	p0	1.0	0.0	0.0
75	p1	1.0	0.0	0.0
75	protein1	523.6666666666666	22.66666666666667	1.2960316666666667
75	protein2	282.6666666666667	14.0	1.8431373333333327
75	protein3	185.66666666666663	7.333333333333332	1.863095333333333
75	r0	21.66666666666667	0.0	0.0
75	r1	13.0	0.0	0.0
75	rnapol	0.3333333333333333	0.0	0.0
76	__protein1_rbs	18.666666666666668	0.0	0.0
76	__protein2_rbs	10.0	0.0	0.0
76	__protein3_rbs	5.0	0.0	0.0
76	__ribosome	26.33333333333333	0.0	0.0
76	__rnase_site_ext	27.66666666666667	0.0	0.0
76	p0	1.0	0.0	0.0
76	p1	1.0	0.0	0.0
76	protein1	532.6666666666666	23.0	1.3365076666666666
76	protein2	286.3333333333333	14.0	2.1249043333333333
76	protein3	188.0	7.333333333333332	2.047619
76	r0	23.0	0.0	0.0
76	r1	12.666666666666664	0.0	0.0
76	rnapol	0.3333333333333333	0.0	0.0
77	__protein1_rbs	18.666666666666668	0.0	0.0
77	__protein2_rbs	11.333333333333336	0.0	0.0
77	__protein3_rbs	7.0	0.0	0.0
77	__ribosome	25.66666666666667	0.0	0.0
77	__rnase_site_ext	27.0	0.0	0.0
77	p0	1.0	0.0	0.0
77	p1	1.0	0.0	0.0
77	protein1	539.6666666666666	23.0	1.388007
77	protein2	292.6666666666667	14.333333333333336	1.9887106666666667
77	protein3	191.66666666666663	8.0	1.7916666666666667
77	r0	22.33333333333333	0.0	0.0
77	r1	13.333333333333336	0.0	0.0
77	rnapol	0.3333333333333333	0.0	0.0
78	__protein1_rbs	18.33333333333333	0.0	0.0
78	__protein2_rbs	9.333333333333334	0.0	0.0
78	__protein3_rbs	7.333333333333332	0.0	0.0
78	__ribosome	28.0	0.0	0.0
78	__rnase_site_ext	26.33333333333333	0.0	0.0
78	p0	1.0	0.0	0.0
78	p1	1.0	0.0	0.0
78	protein1	549.3333333333334	23.0	1.3193039999999998
78	protein2	299.6666666666667	14.0	2.0196080000000003
78	protein3	196.33333333333331	8.333333333333334	1.6435186666666668
78	r0	21.66666666666667	0.0	0.0
78	r1	13.333333333333336	0.0	0.0
78	rnapol	0.6666666666666666	0.0	0.0
79	__protein1_rbs	19.0	0.0	0.0
79	__protein2_rbs	10.333333333333334	0.0	0.0
79	__protein3_rbs	6.0	0.0	0.0
79	__ribosome	28.33333333333333	0.0	0.0
79	__rnase_site_ext	27.33333333333333	0.0	0.0
79	p0	1.0	0.0	0.0
79	p1	0.6666666666666666	0.0	0.0
79	protein1	560.6666666666666	23.0	1.258698
79	protein2	306.3333333333333	14.333333333333336	2.0
79	protein3	199.33333333333331	8.0	1.8174603333333328
79	r0	23.0	0.0	0.0
79	r1	14.333333333333336	0.0	0.0
79	rnapol	0.6666666666666666	0.0	0.0
80	__protein1_rbs	19.0	0.0	0.0
80	__protein2_rbs	10.666666666666666	0.0	0.0
80	__protein3_rbs	6.666666666666668	0.0	0.0
80	__ribosome	26.33333333333333	0.0	0.0
80	__rnase_site_ext	26.66666666666667	0.0	0.0
80	p0	1.0	0.0	0.0
80	p1	1.0	0.0	0.0
80	protein1	570.0	23.66666666666667	1.2753086666666666
80	protein2	314.0	14.666666666666664	1.8992673333333332
80	protein3	202.33333333333331	8.0	1.9854496666666663
80	r0	22.33333333333333	0.0	0.0
80	r1	13.666666666666664	0.0	0.0
80	rnapol	1.0	0.0	0.0
81	__protein1_rbs	18.666666666666668	0.0	0.0
81	__protein2_rbs	10.666666666666666	0.0	0.0
81	__protein3_rbs	5.666666666666668	0.0	0.0
81	__ribosome	26.0	0.0	0.0
81	__rnase_site_ext	27.66666666666667	0.0	0.0
81	p0	0.6666666666666666	0.0	0.0
81	p1	0.6666666666666666	0.0	0.0
81	protein1	578.0	23.33333333333333	1.2856839999999998
81	protein2	320.0	14.666666666666664	2.0
81	protein3	206.0	7.666666666666668	2.069841333333333
81	r0	23.66666666666667	0.0	0.0
81	r1	13.0	0.0	0.0
81	rnapol	0.3333333333333333	0.0	0.0
82	__protein1_rbs	18.33333333333333	0.0	0.0
82	__protein2_rbs	12.666666666666664	0.0	0.0
82	__protein3_rbs	6.333333333333332	0.0	0.0
82	__ribosome	29.33333333333333	0.0	0.0
82	__rnase_site_ext	27.33333333333333	0.0	0.0
82	p0	0.6666666666666666	0.0	0.0
82	p1	1.0	0.0	0.0
82	protein1	587.3333333333334	23.33333333333333	1.2928276666666667
82	protein2	328.3333333333333	14.333333333333336	1.794872
82	protein3	210.0	7.333333333333332	2.0809523333333333
82	r0	23.0	0.0	0.0
82	r1	14.0	0.0	0.0
82	rnapol	0.0	0.0	0.0
83	__protein1_rbs	17.666666666666668	0.0	0.0
83	__protein2_rbs	12.0	0.0	0.0
83	__protein3_rbs	5.666666666666668	0.0	0.0
83	__ribosome	24.33333333333333	0.0	0.0
83	__rnase_site_ext	26.66666666666667	0.0	0.0
83	p0	1.0	0.0	0.0
83	p1	0.6666666666666666	0.0	0.0
83	protein1	597.0	23.66666666666667	1.424584
83	protein2	334.3333333333333	15.0	1.9041836666666667
83	protein3	213.33333333333331	7.333333333333332	1.9523810000000001
83	r0	22.33333333333333	0.0	0.0
83	r1	14.333333333333336	0.0	0.0
83	rnapol	0.3333333333333333	0.0	0.0
84	__protein1_rbs	19.666666666666668	0.0	0.0
84	__protein2_rbs	12.666666666666664	0.0	0.0
84	__protein3_rbs	5.333333333333333	0.0	0.0
84	__ribosome	26.0	0.0	0.0
84	__rnase_site_ext	27.66666666666667	0.0	0.0
84	p0	0.6666666666666666	0.0	0.0
84	p1	0.3333333333333333	0.0	0.0
84	protein1	606.6666666666666	23.66666666666667	1.429875
84	protein2	341.6666666666667	15.333333333333336	1.7551283333333334
84	protein3	217.33333333333331	7.333333333333332	1.8555556666666664
84	r0	23.66666666666667	0.0	0.0
84	r1	14.0	0.0	0.0
84	rnapol	0.3333333333333333	0.0	0.0
85	__protein1_rbs	18.33333333333333	0.0	0.0
85	__protein2_rbs	12.0	0.0	0.0
85	__protein3_rbs	5.666666666666668	0.0	0.0
85	__ribosome	25.0	0.0	0.0
85	__rnase_site_ext	27.33333333333333	0.0	0.0
85	p0	0.6666666666666666	0.0	0.0
85	p1	0.6666666666666666	0.0	0.0
85	protein1	615.6666666666666	24.0	1.4467753333333333
85	protein2	348.0	15.333333333333336	1.8230156666666664
85	protein3	221.0	7.0	1.851851666666667
85	r0	22.33333333333333	0.0	0.0
85	r1	15.0	0.0	0.0
85	rnapol	0.6666666666666666	0.0	0.0
86	__protein1_rbs	17.666666666666668	0.0	0.0
86	__protein2_rbs	12.333333333333336	0.0	0.0
86	__protein3_rbs	6.333333333333332	0.0	0.0
86	__ribosome	28.33333333333333	0.0	0.0
86	__rnase_site_ext	27.66666666666667	0.0	0.0
86	p0	1.0	0.0	0.0
86	p1	1.0	0.0	0.0
86	protein1	628.3333333333334	24.0	1.3951046666666669
86	protein2	354.33333333333326	15.333333333333336	1.7912700000000001
86	protein3	224.33333333333331	7.0	1.6666666666666667
86	r0	23.33333333333333	0.0	0.0
86	r1	15.333333333333336	0.0	0.0
86	rnapol	0.3333333333333333	0.0	0.0
87	__protein1_rbs	19.33333333333333	0.0	0.0
87	__protein2_rbs	10.666666666666666	0.0	0.0
87	__protein3_rbs	5.333333333333333	0.0	0.0
87	__ribosome	27.0	0.0	0.0
87	__rnase_site_ext	28.0	0.0	0.0
87	p0	0.6666666666666666	0.0	0.0
87	p1	0.6666666666666666	0.0	0.0
87	protein1	639.6666666666666	24.0	1.3983686666666666
87	protein2	362.66666666666674	15.666666666666664	1.7777776666666665
87	protein3	226.66666666666663	7.333333333333332	1.7566136666666663
87	r0	23.33333333333333	0.0	0.0
87	r1	15.0	0.0	0.0
87	rnapol	0.3333333333333333	0.0	0.0
88	__protein1_rbs	19.666666666666668	0.0	0.0
88	__protein2_rbs	11.666666666666664	0.0	0.0
88	__protein3_rbs	6.333333333333332	0.0	0.0
88	__ribosome	26.0	0.0	0.0
88	__rnase_site_ext	28.33333333333333	0.0	0.0
88	p0	0.6666666666666666	0.0	0.0
88	p1	1.0	0.0	0.0
88	protein1	647.6666666666666	24.66666666666667	1.392323
88	protein2	368.66666666666674	15.666666666666664	1.777777666666667
88	protein3	229.66666666666663	7.666666666666668	1.6574076666666666
88	r0	24.0	0.0	0.0
88	r1	14.666666666666664	0.0	0.0
88	rnapol	0.0	0.0	0.0
89	__protein1_rbs	20.666666666666668	0.0	0.0
89	__protein2_rbs	13.0	0.0	0.0
89	__protein3_rbs	6.333333333333332	0.0	0.0
89	__ribosome	28.0	0.0	0.0
89	__rnase_site_ext	28.66666666666667	0.0	0.0
89	p0	1.0	0.0	0.0
89	p1	1.0	0.0	0.0
89	protein1	658.3333333333334	25.0	1.2441473333333333
89	protein2	373.33333333333326	16.0	1.8790596666666664
89	protein3	233.33333333333331	7.666666666666668	1.5694443333333332
89	r0	24.33333333333333	0.0	0.0
89	r1	15.0	0.0	0.0
89	rnapol	0.3333333333333333	0.0	0.0
90	__protein1_rbs	21.33333333333333	0.0	0.0
90	__protein2_rbs	11.333333333333336	0.0	0.0
90	__protein3_rbs	6.333333333333332	0.0	0.0
90	__ribosome	27.0	0.0	0.0
90	__rnase_site_ext	29.0	0.0	0.0
90	p0	1.0	0.0	0.0
90	p1	0.3333333333333333	0.0	0.0
90	protein1	671.3333333333334	25.0	1.2151616666666667
90	protein2	381.66666666666674	15.333333333333336	2.0282050000000003
90	protein3	235.66666666666663	7.666666666666668	1.6203703333333337
90	r0	24.0	0.0	0.0
90	r1	14.666666666666664	0.0	0.0
90	rnapol	0.6666666666666666	0.0	0.0
91	__protein1_rbs	21.33333333333333	0.0	0.0
91	__protein2_rbs	13.333333333333336	0.0	0.0
91	__protein3_rbs	5.0	0.0	0.0
91	__ribosome	26.66666666666667	0.0	0.0
91	__rnase_site_ext	30.0	0.0	0.0
91	p0	1.0	0.0	0.0
91	p1	0.6666666666666666	0.0	0.0
91	protein1	681.3333333333334	25.33333333333333	1.1873733333333334
91	protein2	390.0	16.0	1.868717
91	protein3	238.0	8.0	1.6944443333333332
91	r0	25.33333333333333	0.0	0.0
91	r1	15.666666666666664	0.0	0.0
91	rnapol	0.3333333333333333	0.0	0.0
92	__protein1_rbs	18.33333333333333	0.0	0.0
92	__protein2_rbs	11.333333333333336	0.0	0.0
92	__protein3_rbs	6.666666666666668	0.0	0.0
92	__ribosome	21.33333333333333	0.0	0.0
92	__rnase_site_ext	30.0	0.0	0.0
92	p0	1.0	0.0	0.0
92	p1	1.0	0.0	0.0
92	protein1	688.6666666666665	25.33333333333333	1.367191
92	protein2	395.33333333333326	16.666666666666668	1.9992626666666664
92	protein3	242.33333333333331	8.0	1.4194443333333335
92	r0	25.0	0.0	0.0
92	r1	15.333333333333336	0.0	0.0
92	rnapol	0.3333333333333333	0.0	0.0
93	__protein1_rbs	20.666666666666668	0.0	0.0
93	__protein2_rbs	12.333333333333336	0.0	0.0
93	__protein3_rbs	6.666666666666668	0.0	0.0
93	__ribosome	21.0	0.0	0.0
93	__rnase_site_ext	29.66666666666667	0.0	0.0
93	p0	0.6666666666666666	0.0	0.0
93	p1	0.6666666666666666	0.0	0.0
93	protein1	700.0	25.33333333333333	1.367666
93	protein2	403.0	16.666666666666668	2.006486666666667
93	protein3	245.0	8.333333333333334	1.3845236666666665
93	r0	24.33333333333333	0.0	0.0
93	r1	15.666666666666664	0.0	0.0
93	rnapol	0.0	0.0	0.0
94	__protein1_rbs	18.33333333333333	0.0	0.0
94	__protein2_rbs	14.666666666666664	0.0	0.0
94	__protein3_rbs	6.0	0.0	0.0
94	__ribosome	24.0	0.0	0.0
94	__rnase_site_ext	29.0	0.0	0.0
94	p0	1.0	0.0	0.0
94	p1	0.6666666666666666	0.0	0.0
94	protein1	710.0	25.0	1.3688270000000002
94	protein2	412.66666666666674	16.666666666666668	1.7058086666666668
94	protein3	247.0	8.333333333333334	1.6345236666666665
94	r0	24.33333333333333	0.0	0.0
94	r1	17.0	0.0	0.0
94	rnapol	0.0	0.0	0.0
95	__protein1_rbs	18.33333333333333	0.0	0.0
95	__protein2_rbs	13.666666666666664	0.0	0.0
95	__protein3_rbs	6.666666666666668	0.0	0.0
95	__ribosome	23.66666666666667	0.0	0.0
95	__rnase_site_ext	28.0	0.0	0.0
95	p0	1.0	0.0	0.0
95	p1	1.0	0.0	0.0
95	protein1	721.0	24.33333333333333	1.3851726666666666
95	protein2	420.0	17.0	1.698459333333333
95	protein3	250.33333333333331	9.0	1.5681816666666666
95	r0	22.33333333333333	0.0	0.0
95	r1	16.0	0.0	0.0
95	rnapol	0.3333333333333333	0.0	0.0
96	__protein1_rbs	18.666666666666668	0.0	0.0
96	__protein2_rbs	15.0	0.0	0.0
96	__protein3_rbs	7.333333333333332	0.0	0.0
96	__ribosome	25.33333333333333	0.0	0.0
96	__rnase_site_ext	29.0	0.0	0.0
96	p0	1.0	0.0	0.0
96	p1	0.6666666666666666	0.0	0.0
96	protein1	733.3333333333335	24.33333333333333	1.3886566666666669
96	protein2	428.0	17.333333333333332	1.569561
96	protein3	253.33333333333331	8.666666666666666	1.71645
96	r0	24.0	0.0	0.0
96	r1	17.333333333333332	0.0	0.0
96	rnapol	0.6666666666666666	0.0	0.0
97	__protein1_rbs	18.33333333333333	0.0	0.0
97	__protein2_rbs	15.666666666666664	0.0	0.0
97	__protein3_rbs	6.333333333333332	0.0	0.0
97	__ribosome	24.33333333333333	0.0	0.0
97	__rnase_site_ext	29.33333333333333	0.0	0.0
97	p0	0.6666666666666666	0.0	0.0
97	p1	0.6666666666666666	0.0	0.0
97	protein1	742.0	25.0	1.4459873333333333
97	protein2	435.66666666666674	17.333333333333332	1.3991596666666666
97	protein3	255.33333333333331	8.333333333333334	1.9437233333333332
97	r0	24.33333333333333	0.0	0.0
97	r1	17.333333333333332	0.0	0.0
97	rnapol	0.6666666666666666	0.0	0.0
98	__protein1_rbs	21.33333333333333	0.0	0.0
98	__protein2_rbs	15.333333333333336	0.0	0.0
98	__protein3_rbs	7.0	0.0	0.0
98	__ribosome	27.0	0.0	0.0
98	__rnase_site_ext	30.66666666666667	0.0	0.0
98	p0	0.3333333333333333	0.0	0.0
98	p1	1.0	0.0	0.0
98	protein1	752.3333333333335	25.33333333333333	1.441296333333333
98	protein2	442.0	17.666666666666668	1.2354809999999998
98	protein3	260.0	8.0	1.8666666666666665
98	r0	25.0	0.0	0.0
98	r1	17.0	0.0	0.0
98	rnapol	1.3333333333333333	0.0	0.0
99	__protein1_rbs	20.666666666666668	0.0	0.0
99	__protein2_rbs	13.333333333333336	0.0	0.0
99	__protein3_rbs	5.333333333333333	0.0	0.0
99	__ribosome	26.66666666666667	0.0	0.0
99	__rnase_site_ext	32.333333333333336	0.0	0.0
99	p0	0.6666666666666666	0.0	0.0
99	p1	1.0	0.0	0.0
99	protein1	767.0	26.66666666666667	1.276658
99	protein2	449.0	17.666666666666668	1.289449
99	protein3	263.3333333333333	7.666666666666668	2.174603333333333
99	r0	26.66666666666667	0.0	0.0
99	r1	16.666666666666668	0.0	0.0
99	rnapol	0.3333333333333333	0.0	0.0
100	__protein1_rbs	19.666666666666668	0.0	0.0
100	__protein2_rbs	13.333333333333336	0.0	0.0
100	__protein3_rbs	6.333333333333332	0.0	0.0
100	__ribosome	22.33333333333333	0.0	0.0
100	__rnase_site_ext	32.0	0.0	0.0
100	p0	1.0	0.0	0.0
100	p1	1.0	0.0	0.0
100	protein1	776.6666666666665	26.33333333333333	1.415929666666667
100	protein2	455.66666666666674	17.666666666666668	1.462963
100	protein3	267.6666666666667	8.0	1.825
100	r0	25.66666666666667	0.0	0.0
100	r1	16.666666666666668	0.0	0.0
100	rnapol	0.3333333333333333	0.0	0.0
101	__protein1_rbs	21.66666666666667	0.0	0.0
101	__protein2_rbs	14.333333333333336	0.0	0.0
101	__protein3_rbs	6.0	0.0	0.0
101	__ribosome	21.33333333333333	0.0	0.0
101	__rnase_site_ext	31.33333333333333	0.0	0.0
101	p0	1.0	0.0	0.0
101	p1	1.0	0.0	0.0
101	protein1	788.0	26.0	1.364395
101	protein2	460.66666666666674	17.666666666666668	1.5481483333333332
101	protein3	270.6666666666667	8.333333333333334	1.877381
101	r0	25.66666666666667	0.0	0.0
101	r1	17.0	0.0	0.0
101	rnapol	0.3333333333333333	0.0	0.0
102	__protein1_rbs	21.0	0.0	0.0
102	__protein2_rbs	13.666666666666664	0.0	0.0
102	__protein3_rbs	7.0	0.0	0.0
102	__ribosome	19.33333333333333	0.0	0.0
102	__rnase_site_ext	32.0	0.0	0.0
102	p0	1.0	0.0	0.0
102	p1	0.3333333333333333	0.0	0.0
102	protein1	798.3333333333335	26.33333333333333	1.3436983333333334
102	protein2	465.66666666666674	18.0	1.6291666666666669
102	protein3	274.3333333333333	8.333333333333334	1.8940476666666664
102	r0	26.33333333333333	0.0	0.0
102	r1	17.333333333333332	0.0	0.0
102	rnapol	0.0	0.0	0.0
103	__protein1_rbs	20.0	0.0	0.0
103	__protein2_rbs	14.333333333333336	0.0	0.0
103	__protein3_rbs	5.666666666666668	0.0	0.0
103	__ribosome	22.33333333333333	0.0	0.0
103	__rnase_site_ext	31.33333333333333	0.0	0.0
103	p0	0.6666666666666666	0.0	0.0
103	p1	1.0	0.0	0.0
103	protein1	812.3333333333335	26.66666666666667	1.2098226666666667
103	protein2	472.66666666666674	18.0	1.6913516666666666
103	protein3	279.3333333333333	8.333333333333334	1.7357143333333334
103	r0	25.66666666666667	0.0	0.0
103	r1	17.333333333333332	0.0	0.0
103	rnapol	0.0	0.0	0.0
104	__protein1_rbs	21.33333333333333	0.0	0.0
104	__protein2_rbs	14.0	0.0	0.0
104	__protein3_rbs	6.666666666666668	0.0	0.0
104	__ribosome	20.0	0.0	0.0
104	__rnase_site_ext	32.333333333333336	0.0	0.0
104	p0	0.6666666666666666	0.0	0.0
104	p1	1.0	0.0	0.0
104	protein1	821.6666666666665	27.0	1.2540646666666666
104	protein2	481.33333333333326	18.0	1.6901959999999998
104	protein3	281.6666666666667	8.333333333333334	1.880952333333333
104	r0	26.0	0.0	0.0
104	r1	17.0	0.0	0.0
104	rnapol	0.3333333333333333	0.0	0.0
105	__protein1_rbs	23.33333333333333	0.0	0.0
105	__protein2_rbs	14.0	0.0	0.0
105	__protein3_rbs	6.666666666666668	0.0	0.0
105	__ribosome	20.666666666666668	0.0	0.0
105	__rnase_site_ext	33.666666666666664	0.0	0.0
105	p0	1.0	0.0	0.0
105	p1	1.0	0.0	0.0
105	protein1	831.3333333333335	28.0	1.181382333333333
105	protein2	488.33333333333326	18.0	1.7519606666666665
105	protein3	285.3333333333333	8.333333333333334	1.7892856666666666
105	r0	28.0	0.0	0.0
105	r1	17.666666666666668	0.0	0.0
105	rnapol	0.6666666666666666	0.0	0.0
106	__protein1_rbs	22.33333333333333	0.0	0.0
106	__protein2_rbs	14.333333333333336	0.0	0.0
106	__protein3_rbs	7.0	0.0	0.0
106	__ribosome	21.66666666666667	0.0	0.0
106	__rnase_site_ext	33.333333333333336	0.0	0.0
106	p0	0.6666666666666666	0.0	0.0
106	p1	1.0	0.0	0.0
106	protein1	844.3333333333335	28.33333333333333	1.1660216666666667
106	protein2	496.33333333333326	18.33333333333333	1.7310923333333337
106	protein3	290.0	8.666666666666666	1.55
106	r0	27.66666666666667	0.0	0.0
106	r1	17.333333333333332	0.0	0.0
106	rnapol	0.0	0.0	0.0
107	__protein1_rbs	22.66666666666667	0.0	0.0
107	__protein2_rbs	16.0	0.0	0.0
107	__protein3_rbs	7.333333333333332	0.0	0.0
107	__ribosome	23.0	0.0	0.0
107	__rnase_site_ext	33.333333333333336	0.0	0.0
107	p0	1.0	0.0	0.0
107	p1	1.0	0.0	0.0
107	protein1	855.3333333333335	28.66666666666667	1.1786493333333334
107	protein2	505.33333333333326	18.0	1.5547383333333336
107	protein3	292.3333333333333	9.0	1.6675926666666665
107	r0	27.0	0.0	0.0
107	r1	16.666666666666668	0.0	0.0
107	rnapol	1.0	0.0	0.0
108	__protein1_rbs	25.0	0.0	0.0
108	__protein2_rbs	13.666666666666664	0.0	0.0
108	__protein3_rbs	8.666666666666666	0.0	0.0
108	__ribosome	22.33333333333333	0.0	0.0
108	__rnase_site_ext	34.0	0.0	0.0
108	p0	1.0	0.0	0.0
108	p1	0.6666666666666666	0.0	0.0
108	protein1	863.3333333333335	28.66666666666667	1.2120546666666667
108	protein2	512.3333333333334	17.666666666666668	1.655462
108	protein3	297.0	8.666666666666666	1.5507936666666666
108	r0	28.33333333333333	0.0	0.0
108	r1	15.666666666666664	0.0	0.0
108	rnapol	0.6666666666666666	0.0	0.0
109	__protein1_rbs	24.0	0.0	0.0
109	__protein2_rbs	14.333333333333336	0.0	0.0
109	__protein3_rbs	6.666666666666668	0.0	0.0
109	__ribosome	24.33333333333333	0.0	0.0
109	__rnase_site_ext	33.666666666666664	0.0	0.0
109	p0	1.0	0.0	0.0
109	p1	0.6666666666666666	0.0	0.0
109	protein1	877.0	29.66666666666667	1.0686946666666666
109	protein2	520.6666666666666	18.33333333333333	1.6160716666666666
109	protein3	300.3333333333333	8.666666666666666	1.5878306666666668
109	r0	28.0	0.0	0.0
109	r1	17.333333333333332	0.0	0.0
109	rnapol	1.0	0.0	0.0
110	__protein1_rbs	23.0	0.0	0.0
110	__protein2_rbs	15.333333333333336	0.0	0.0
110	__protein3_rbs	6.666666666666668	0.0	0.0
110	__ribosome	24.66666666666667	0.0	0.0
110	__rnase_site_ext	34.666666666666664	0.0	0.0
110	p0	0.6666666666666666	0.0	0.0
110	p1	1.0	0.0	0.0
110	protein1	888.3333333333335	30.0	1.1488533333333335
110	protein2	529.6666666666666	18.33333333333333	1.525132
110	protein3	304.6666666666667	8.333333333333334	1.5767196666666667
110	r0	29.0	0.0	0.0
110	r1	18.0	0.0	0.0
110	rnapol	1.0	0.0	0.0
111	__protein1_rbs	26.0	0.0	0.0
111	__protein2_rbs	15.333333333333336	0.0	0.0
111	__protein3_rbs	7.0	0.0	0.0
111	__ribosome	20.0	0.0	0.0
111	__rnase_site_ext	35.666666666666664	0.0	0.0
111	p0	1.0	0.0	0.0
111	p1	0.6666666666666666	0.0	0.0
111	protein1	897.0	31.0	1.146885
111	protein2	533.6666666666666	18.33333333333333	1.7483466666666667
111	protein3	308.0	8.0	1.6210320000000005
111	r0	30.33333333333333	0.0	0.0
111	r1	17.333333333333332	0.0	0.0
111	rnapol	0.3333333333333333	0.0	0.0
112	__protein1_rbs	25.0	0.0	0.0
112	__protein2_rbs	16.0	0.0	0.0
112	__protein3_rbs	6.666666666666668	0.0	0.0
112	__ribosome	20.0	0.0	0.0
112	__rnase_site_ext	36.66666666666666	0.0	0.0
112	p0	1.0	0.0	0.0
112	p1	0.6666666666666666	0.0	0.0
112	protein1	907.6666666666665	31.33333333333333	1.159645
112	protein2	541.3333333333334	19.0	1.6600240000000002
112	protein3	310.6666666666667	8.0	1.5767193333333334
112	r0	31.0	0.0	0.0
112	r1	19.0	0.0	0.0
112	rnapol	0.3333333333333333	0.0	0.0
113	__protein1_rbs	25.33333333333333	0.0	0.0
113	__protein2_rbs	17.0	0.0	0.0
113	__protein3_rbs	7.333333333333332	0.0	0.0
113	__ribosome	25.0	0.0	0.0
113	__rnase_site_ext	35.333333333333336	0.0	0.0
113	p0	1.0	0.0	0.0
113	p1	0.6666666666666666	0.0	0.0
113	protein1	921.6666666666665	31.33333333333333	1.1086076666666669
113	protein2	551.0	19.0	1.4880233333333333
113	protein3	314.0	8.333333333333334	1.5666666666666669
113	r0	30.0	0.0	0.0
113	r1	18.666666666666668	0.0	0.0
113	rnapol	0.3333333333333333	0.0	0.0
114	__protein1_rbs	22.0	0.0	0.0
114	__protein2_rbs	18.0	0.0	0.0
114	__protein3_rbs	6.0	0.0	0.0
114	__ribosome	23.33333333333333	0.0	0.0
114	__rnase_site_ext	35.333333333333336	0.0	0.0
114	p0	1.0	0.0	0.0
114	p1	1.0	0.0	0.0
114	protein1	932.3333333333335	30.66666666666667	1.2157736666666663
114	protein2	558.3333333333334	19.666666666666668	1.365862666666667
114	protein3	318.0	8.333333333333334	1.557143
114	r0	29.33333333333333	0.0	0.0
114	r1	20.0	0.0	0.0
114	rnapol	0.3333333333333333	0.0	0.0
115	__protein1_rbs	23.66666666666667	0.0	0.0
115	__protein2_rbs	16.0	0.0	0.0
115	__protein3_rbs	5.666666666666668	0.0	0.0
115	__ribosome	20.33333333333333	0.0	0.0
115	__rnase_site_ext	35.0	0.0	0.0
115	p0	1.0	0.0	0.0
115	p1	0.6666666666666666	0.0	0.0
115	protein1	944.6666666666665	30.66666666666667	1.23087
115	protein2	566.6666666666666	20.0	1.3819443333333332
115	protein3	320.6666666666667	8.0	1.9
115	r0	29.66666666666667	0.0	0.0
115	r1	19.0	0.0	0.0
115	rnapol	0.3333333333333333	0.0	0.0
116	__protein1_rbs	25.0	0.0	0.0
116	__protein2_rbs	17.0	0.0	0.0
116	__protein3_rbs	7.666666666666668	0.0	0.0
116	__ribosome	23.66666666666667	0.0	0.0
116	__rnase_site_ext	35.666666666666664	0.0	0.0
116	p0	1.0	0.0	0.0
116	p1	0.6666666666666666	0.0	0.0
116	protein1	956.0	30.33333333333333	1.2102336666666669
116	protein2	575.0	20.33333333333333	1.2777776666666667
116	protein3	323.3333333333333	8.0	1.8238096666666668
116	r0	30.33333333333333	0.0	0.0
116	r1	19.666666666666668	0.0	0.0
116	rnapol	1.0	0.0	0.0
117	__protein1_rbs	25.33333333333333	0.0	0.0
117	__protein2_rbs	15.333333333333336	0.0	0.0
117	__protein3_rbs	7.333333333333332	0.0	0.0
117	__ribosome	20.0	0.0	0.0
117	__rnase_site_ext	36.333333333333336	0.0	0.0
117	p0	1.0	0.0	0.0
117	p1	1.0	0.0	0.0
117	protein1	967.3333333333335	31.0	1.1887096666666668
117	protein2	579.6666666666666	20.666666666666668	1.5005556666666664
117	protein3	326.6666666666667	8.0	1.738095333333333
117	r0	31.0	0.0	0.0
117	r1	20.0	0.0	0.0
117	rnapol	0.6666666666666666	0.0	0.0
118	__protein1_rbs	24.66666666666667	0.0	0.0
118	__protein2_rbs	17.333333333333332	0.0	0.0
118	__protein3_rbs	5.333333333333333	0.0	0.0
118	__ribosome	21.66666666666667	0.0	0.0
118	__rnase_site_ext	36.66666666666666	0.0	0.0
118	p0	0.3333333333333333	0.0	0.0
118	p1	1.0	0.0	0.0
118	protein1	981.6666666666665	31.0	1.1167386666666668
118	protein2	586.3333333333334	20.666666666666668	1.4954763333333334
118	protein3	330.0	8.333333333333334	1.6964286666666666
118	r0	31.0	0.0	0.0
118	r1	20.666666666666668	0.0	0.0
118	rnapol	0.0	0.0	0.0
119	__protein1_rbs	26.33333333333333	0.0	0.0
119	__protein2_rbs	18.0	0.0	0.0
119	__protein3_rbs	6.0	0.0	0.0
119	__ribosome	21.33333333333333	0.0	0.0
119	__rnase_site_ext	37.0	0.0	0.0
119	p0	1.0	0.0	0.0
119	p1	0.6666666666666666	0.0	0.0
119	protein1	993.6666666666665	32.0	1.0757576666666666
119	protein2	594.3333333333334	21.33333333333333	1.4756863333333332
119	protein3	334.6666666666667	8.333333333333334	1.6011903333333333
119	r0	31.66666666666667	0.0	0.0
119	r1	21.0	0.0	0.0
119	rnapol	0.0	0.0	0.0
120	__protein1_rbs	22.66666666666667	0.0	0.0
120	__protein2_rbs	17.333333333333332	0.0	0.0
120	__protein3_rbs	7.0	0.0	0.0
120	__ribosome	15.333333333333336	0.0	0.0
120	__rnase_site_ext	36.0	0.0	0.0
120	p0	0.6666666666666666	0.0	0.0
120	p1	1.0	0.0	0.0
120	protein1	1003.0	31.0	1.2738496666666663
120	protein2	601.0	21.0	1.588978
120	protein3	337.6666666666667	8.666666666666666	1.514069
120	r0	30.33333333333333	0.0	0.0
120	r1	20.33333333333333	0.0	0.0
120	rnapol	0.3333333333333333	0.0	0.0
121	__protein1_rbs	25.66666666666667	0.0	0.0
121	__protein2_rbs	15.666666666666664	0.0	0.0
121	__protein3_rbs	7.666666666666668	0.0	0.0
121	__ribosome	23.0	0.0	0.0
121	__rnase_site_ext	36.66666666666666	0.0	0.0
121	p0	1.0	0.0	0.0
121	p1	0.6666666666666666	0.0	0.0
121	protein1	1017.0	31.0	1.1063906666666667
121	protein2	610.3333333333334	20.33333333333333	1.488413666666667
121	protein3	340.0	9.0	1.4901393333333337
121	r0	30.0	0.0	0.0
121	r1	19.33333333333333	0.0	0.0
121	rnapol	0.6666666666666666	0.0	0.0
122	__protein1_rbs	24.66666666666667	0.0	0.0
122	__protein2_rbs	17.333333333333332	0.0	0.0
122	__protein3_rbs	5.333333333333333	0.0	0.0
122	__ribosome	20.666666666666668	0.0	0.0
122	__rnase_site_ext	36.0	0.0	0.0
122	p0	1.0	0.0	0.0
122	p1	1.0	0.0	0.0
122	protein1	1028.3333333333333	31.0	1.1151280000000001
122	protein2	618.0	20.666666666666668	1.4782223333333333
122	protein3	343.66666666666674	9.0	1.689755
122	r0	30.0	0.0	0.0
122	r1	19.666666666666668	0.0	0.0
122	rnapol	1.0	0.0	0.0
123	__protein1_rbs	25.33333333333333	0.0	0.0
123	__protein2_rbs	15.666666666666664	0.0	0.0
123	__protein3_rbs	6.666666666666668	0.0	0.0
123	__ribosome	18.666666666666668	0.0	0.0
123	__rnase_site_ext	36.0	0.0	0.0
123	p0	1.0	0.0	0.0
123	p1	0.6666666666666666	0.0	0.0
123	protein1	1039.3333333333333	30.66666666666667	1.151971
123	protein2	627.3333333333334	20.666666666666668	1.4693096666666667
123	protein3	347.0	9.333333333333334	1.740741
123	r0	30.33333333333333	0.0	0.0
123	r1	19.33333333333333	0.0	0.0
123	rnapol	0.0	0.0	0.0
124	__protein1_rbs	26.33333333333333	0.0	0.0
124	__protein2_rbs	17.333333333333332	0.0	0.0
124	__protein3_rbs	7.0	0.0	0.0
124	__ribosome	17.333333333333332	0.0	0.0
124	__rnase_site_ext	36.333333333333336	0.0	0.0
124	p0	1.0	0.0	0.0
124	p1	1.0	0.0	0.0
124	protein1	1050.6666666666667	31.33333333333333	1.1421356666666669
124	protein2	633.0	21.33333333333333	1.4570706666666666
124	protein3	350.66666666666674	9.0	1.8710320000000005
124	r0	30.66666666666667	0.0	0.0
124	r1	21.0	0.0	0.0
124	rnapol	0.3333333333333333	0.0	0.0
125	__protein1_rbs	25.0	0.0	0.0
125	__protein2_rbs	17.333333333333332	0.0	0.0
125	__protein3_rbs	7.0	0.0	0.0
125	__ribosome	18.0	0.0	0.0
125	__rnase_site_ext	36.333333333333336	0.0	0.0
125	p0	1.0	0.0	0.0
125	p1	0.3333333333333333	0.0	0.0
125	protein1	1063.0	30.33333333333333	1.1524563333333333
125	protein2	642.0	21.66666666666667	1.453064
125	protein3	354.0	8.666666666666666	2.027778
125	r0	30.33333333333333	0.0	0.0
125	r1	20.666666666666668	0.0	0.0
125	rnapol	0.0	0.0	0.0
126	__protein1_rbs	23.33333333333333	0.0	0.0
126	__protein2_rbs	20.0	0.0	0.0
126	__protein3_rbs	7.666666666666668	0.0	0.0
126	__ribosome	20.666666666666668	0.0	0.0
126	__rnase_site_ext	35.666666666666664	0.0	0.0
126	p0	1.0	0.0	0.0
126	p1	1.0	0.0	0.0
126	protein1	1073.3333333333333	30.33333333333333	1.2414826666666663
126	protein2	649.0	22.0	1.276874
126	protein3	359.0	9.333333333333334	1.5317459999999998
126	r0	29.0	0.0	0.0
126	r1	21.33333333333333	0.0	0.0
126	rnapol	1.0	0.0	0.0
127	__protein1_rbs	23.66666666666667	0.0	0.0
127	__protein2_rbs	19.0	0.0	0.0
127	__protein3_rbs	7.666666666666668	0.0	0.0
127	__ribosome	22.66666666666667	0.0	0.0
127	__rnase_site_ext	36.333333333333336	0.0	0.0
127	p0	0.6666666666666666	0.0	0.0
127	p1	1.0	0.0	0.0
127	protein1	1087.0	30.0	1.210304
127	protein2	658.0	22.0	1.2774556666666663
127	protein3	363.0	9.333333333333334	1.543651
127	r0	29.66666666666667	0.0	0.0
127	r1	21.66666666666667	0.0	0.0
127	rnapol	0.3333333333333333	0.0	0.0
128	__protein1_rbs	25.33333333333333	0.0	0.0
128	__protein2_rbs	17.333333333333332	0.0	0.0
128	__protein3_rbs	7.333333333333332	0.0	0.0
128	__ribosome	22.66666666666667	0.0	0.0
128	__rnase_site_ext	36.66666666666666	0.0	0.0
128	p0	1.0	0.0	0.0
128	p1	1.0	0.0	0.0
128	protein1	1097.6666666666667	30.33333333333333	1.217865
128	protein2	667.6666666666666	21.33333333333333	1.297931333333333
128	protein3	367.0	9.666666666666666	1.5054943333333333
128	r0	29.0	0.0	0.0
128	r1	19.666666666666668	0.0	0.0
128	rnapol	0.6666666666666666	0.0	0.0
129	__protein1_rbs	23.66666666666667	0.0	0.0
129	__protein2_rbs	19.33333333333333	0.0	0.0
129	__protein3_rbs	7.333333333333332	0.0	0.0
129	__ribosome	21.33333333333333	0.0	0.0
129	__rnase_site_ext	36.0	0.0	0.0
129	p0	0.6666666666666666	0.0	0.0
129	p1	1.0	0.0	0.0
129	protein1	1112.3333333333333	30.0	1.1698843333333333
129	protein2	674.0	21.66666666666667	1.269505
129	protein3	369.0	9.666666666666666	1.8756616666666668
129	r0	28.66666666666667	0.0	0.0
129	r1	21.33333333333333	0.0	0.0
129	rnapol	0.6666666666666666	0.0	0.0
130	__protein1_rbs	23.66666666666667	0.0	0.0
130	__protein2_rbs	17.333333333333332	0.0	0.0
130	__protein3_rbs	8.0	0.0	0.0
130	__ribosome	18.33333333333333	0.0	0.0
130	__rnase_site_ext	36.333333333333336	0.0	0.0
130	p0	1.0	0.0	0.0
130	p1	1.0	0.0	0.0
130	protein1	1123.0	30.0	1.1486173333333334
130	protein2	679.6666666666666	22.0	1.3826729999999998
130	protein3	372.33333333333326	9.666666666666666	1.9312173333333331
130	r0	29.66666666666667	0.0	0.0
130	r1	20.666666666666668	0.0	0.0
130	rnapol	0.6666666666666666	0.0	0.0
131	__protein1_rbs	22.33333333333333	0.0	0.0
131	__protein2_rbs	18.33333333333333	0.0	0.0
131	__protein3_rbs	9.0	0.0	0.0
131	__ribosome	19.0	0.0	0.0
131	__rnase_site_ext	37.0	0.0	0.0
131	p0	0.6666666666666666	0.0	0.0
131	p1	0.6666666666666666	0.0	0.0
131	protein1	1135.3333333333333	30.33333333333333	1.1624033333333337
131	protein2	688.0	22.0	1.3220666666666667
131	protein3	376.0	10.0	1.760317666666667
131	r0	30.0	0.0	0.0
131	r1	21.0	0.0	0.0
131	rnapol	0.6666666666666666	0.0	0.0
132	__protein1_rbs	26.66666666666667	0.0	0.0
132	__protein2_rbs	18.33333333333333	0.0	0.0
132	__protein3_rbs	8.666666666666666	0.0	0.0
132	__ribosome	19.33333333333333	0.0	0.0
132	__rnase_site_ext	38.0	0.0	0.0
132	p0	0.6666666666666666	0.0	0.0
132	p1	0.6666666666666666	0.0	0.0
132	protein1	1144.6666666666667	31.0	1.1512343333333332
132	protein2	694.6666666666665	22.0	1.3409736666666667
132	protein3	381.0	10.333333333333334	1.6111113333333331
132	r0	30.66666666666667	0.0	0.0
132	r1	21.33333333333333	0.0	0.0
132	rnapol	0.3333333333333333	0.0	0.0
133	__protein1_rbs	26.66666666666667	0.0	0.0
133	__protein2_rbs	18.666666666666668	0.0	0.0
133	__protein3_rbs	8.333333333333334	0.0	0.0
133	__ribosome	20.33333333333333	0.0	0.0
133	__rnase_site_ext	37.333333333333336	0.0	0.0
133	p0	1.0	0.0	0.0
133	p1	1.0	0.0	0.0
133	protein1	1156.6666666666667	30.66666666666667	1.119993
133	protein2	703.0	22.66666666666667	1.33387
133	protein3	386.33333333333326	10.333333333333334	1.7
133	r0	30.33333333333333	0.0	0.0
133	r1	21.33333333333333	0.0	0.0
133	rnapol	0.3333333333333333	0.0	0.0
134	__protein1_rbs	24.33333333333333	0.0	0.0
134	__protein2_rbs	19.666666666666668	0.0	0.0
134	__protein3_rbs	8.333333333333334	0.0	0.0
134	__ribosome	20.33333333333333	0.0	0.0
134	__rnase_site_ext	37.66666666666666	0.0	0.0
134	p0	1.0	0.0	0.0
134	p1	0.6666666666666666	0.0	0.0
134	protein1	1170.0	31.0	1.1087303333333334
134	protein2	711.6666666666665	23.0	1.3199703333333332
134	protein3	390.0	10.333333333333334	1.6222219999999998
134	r0	30.33333333333333	0.0	0.0
134	r1	23.0	0.0	0.0
134	rnapol	0.6666666666666666	0.0	0.0
135	__protein1_rbs	25.33333333333333	0.0	0.0
135	__protein2_rbs	19.666666666666668	0.0	0.0
135	__protein3_rbs	9.0	0.0	0.0
135	__ribosome	16.333333333333332	0.0	0.0
135	__rnase_site_ext	37.0	0.0	0.0
135	p0	1.0	0.0	0.0
135	p1	0.6666666666666666	0.0	0.0
135	protein1	1182.0	30.66666666666667	1.1541309999999998
135	protein2	719.3333333333335	23.66666666666667	1.434567666666667
135	protein3	393.33333333333326	10.333333333333334	1.6
135	r0	29.66666666666667	0.0	0.0
135	r1	22.33333333333333	0.0	0.0
135	rnapol	0.6666666666666666	0.0	0.0
136	__protein1_rbs	26.33333333333333	0.0	0.0
136	__protein2_rbs	18.0	0.0	0.0
136	__protein3_rbs	10.333333333333334	0.0	0.0
136	__ribosome	17.0	0.0	0.0
136	__rnase_site_ext	37.66666666666666	0.0	0.0
136	p0	1.0	0.0	0.0
136	p1	0.3333333333333333	0.0	0.0
136	protein1	1192.0	31.0	1.1522059999999998
136	protein2	726.6666666666665	23.0	1.5362123333333333
136	protein3	397.0	10.666666666666666	1.308080666666667
136	r0	30.66666666666667	0.0	0.0
136	r1	22.33333333333333	0.0	0.0
136	rnapol	0.3333333333333333	0.0	0.0
137	__protein1_rbs	24.66666666666667	0.0	0.0
137	__protein2_rbs	19.33333333333333	0.0	0.0
137	__protein3_rbs	10.0	0.0	0.0
137	__ribosome	21.66666666666667	0.0	0.0
137	__rnase_site_ext	36.66666666666666	0.0	0.0
137	p0	0.6666666666666666	0.0	0.0
137	p1	0.6666666666666666	0.0	0.0
137	protein1	1206.3333333333333	30.0	1.0904763333333334
137	protein2	735.6666666666665	22.66666666666667	1.4863873333333333
137	protein3	400.66666666666674	11.0	1.2828283333333332
137	r0	28.66666666666667	0.0	0.0
137	r1	22.0	0.0	0.0
137	rnapol	1.0	0.0	0.0
138	__protein1_rbs	24.33333333333333	0.0	0.0
138	__protein2_rbs	19.0	0.0	0.0
138	__protein3_rbs	9.666666666666666	0.0	0.0
138	__ribosome	25.0	0.0	0.0
138	__rnase_site_ext	37.0	0.0	0.0
138	p0	1.0	0.0	0.0
138	p1	0.6666666666666666	0.0	0.0
138	protein1	1217.6666666666667	29.66666666666667	1.1360426666666668
138	protein2	747.0	22.33333333333333	1.3622576666666664
138	protein3	405.0	11.0	1.1016413333333337
138	r0	30.0	0.0	0.0
138	r1	21.66666666666667	0.0	0.0
138	rnapol	0.6666666666666666	0.0	0.0
139	__protein1_rbs	24.0	0.0	0.0
139	__protein2_rbs	17.666666666666668	0.0	0.0
139	__protein3_rbs	9.333333333333334	0.0	0.0
139	__ribosome	20.33333333333333	0.0	0.0
139	__rnase_site_ext	37.66666666666666	0.0	0.0
139	p0	1.0	0.0	0.0
139	p1	1.0	0.0	0.0
139	protein1	1228.3333333333333	30.66666666666667	1.2183823333333337
139	protein2	757.0	22.33333333333333	1.3612963333333334
139	protein3	408.33333333333326	11.0	1.1988636666666668
139	r0	30.0	0.0	0.0
139	r1	21.0	0.0	0.0
139	rnapol	1.0	0.0	0.0
140	__protein1_rbs	25.66666666666667	0.0	0.0
140	__protein2_rbs	18.33333333333333	0.0	0.0
140	__protein3_rbs	10.666666666666666	0.0	0.0
140	__ribosome	17.0	0.0	0.0
140	__rnase_site_ext	37.66666666666666	0.0	0.0
140	p0	1.0	0.0	0.0
140	p1	0.6666666666666666	0.0	0.0
140	protein1	1239.3333333333333	30.33333333333333	1.3058853333333331
140	protein2	765.0	23.0	1.3170826666666666
140	protein3	410.33333333333326	11.333333333333336	1.275401
140	r0	30.0	0.0	0.0
140	r1	22.66666666666667	0.0	0.0
140	rnapol	0.6666666666666666	0.0	0.0
141	__protein1_rbs	26.33333333333333	0.0	0.0
141	__protein2_rbs	19.0	0.0	0.0
141	__protein3_rbs	8.0	0.0	0.0
141	__ribosome	18.0	0.0	0.0
141	__rnase_site_ext	38.333333333333336	0.0	0.0
141	p0	1.0	0.0	0.0
141	p1	1.0	0.0	0.0
141	protein1	1253.0	31.66666666666667	1.2014280000000002
141	protein2	773.0	22.66666666666667	1.2958479999999999
141	protein3	414.0	11.333333333333336	1.5475343333333331
141	r0	30.66666666666667	0.0	0.0
141	r1	21.66666666666667	0.0	0.0
141	rnapol	0.3333333333333333	0.0	0.0
142	__protein1_rbs	23.0	0.0	0.0
142	__protein2_rbs	20.33333333333333	0.0	0.0
142	__protein3_rbs	9.333333333333334	0.0	0.0
142	__ribosome	18.33333333333333	0.0	0.0
142	__rnase_site_ext	37.66666666666666	0.0	0.0
142	p0	0.6666666666666666	0.0	0.0
142	p1	1.0	0.0	0.0
142	protein1	1266.0	31.0	1.2128450000000002
142	protein2	780.0	22.66666666666667	1.2698766666666668
142	protein3	417.66666666666674	11.333333333333336	1.5138886666666669
142	r0	30.33333333333333	0.0	0.0
142	r1	22.33333333333333	0.0	0.0
142	rnapol	0.3333333333333333	0.0	0.0
143	__protein1_rbs	27.66666666666667	0.0	0.0
143	__protein2_rbs	17.333333333333332	0.0	0.0
143	__protein3_rbs	8.0	0.0	0.0
143	__ribosome	19.0	0.0	0.0
143	__rnase_site_ext	38.0	0.0	0.0
143	p0	0.6666666666666666	0.0	0.0
143	p1	0.0	0.0	0.0
143	protein1	1279.0	31.66666666666667	1.1410376666666666
143	protein2	789.0	22.33333333333333	1.25096
143	protein3	421.66666666666674	11.333333333333336	1.7013886666666669
143	r0	31.0	0.0	0.0
143	r1	21.66666666666667	0.0	0.0
143	rnapol	0.3333333333333333	0.0	0.0
144	__protein1_rbs	25.66666666666667	0.0	0.0
144	__protein2_rbs	18.0	0.0	0.0
144	__protein3_rbs	10.333333333333334	0.0	0.0
144	__ribosome	18.0	0.0	0.0
144	__rnase_site_ext	38.0	0.0	0.0
144	p0	0.6666666666666666	0.0	0.0
144	p1	1.0	0.0	0.0
144	protein1	1291.0	31.33333333333333	1.1984983333333334
144	protein2	797.0	22.0	1.2546296666666663
144	protein3	425.33333333333326	11.666666666666664	1.7254903333333331
144	r0	31.33333333333333	0.0	0.0
144	r1	22.33333333333333	0.0	0.0
144	rnapol	0.0	0.0	0.0
145	__protein1_rbs	24.66666666666667	0.0	0.0
145	__protein2_rbs	19.33333333333333	0.0	0.0
145	__protein3_rbs	8.0	0.0	0.0
145	__ribosome	20.0	0.0	0.0
145	__rnase_site_ext	36.66666666666666	0.0	0.0
145	p0	1.0	0.0	0.0
145	p1	0.6666666666666666	0.0	0.0
145	protein1	1304.6666666666667	30.33333333333333	1.1921110000000001
145	protein2	804.6666666666665	22.66666666666667	1.2447073333333334
145	protein3	431.0	11.0	1.5833333333333333
145	r0	29.66666666666667	0.0	0.0
145	r1	22.0	0.0	0.0
145	rnapol	0.3333333333333333	0.0	0.0
146	__protein1_rbs	24.66666666666667	0.0	0.0
146	__protein2_rbs	19.33333333333333	0.0	0.0
146	__protein3_rbs	9.666666666666666	0.0	0.0
146	__ribosome	15.333333333333336	0.0	0.0
146	__rnase_site_ext	36.333333333333336	0.0	0.0
146	p0	1.0	0.0	0.0
146	p1	0.3333333333333333	0.0	0.0
146	protein1	1317.3333333333333	29.66666666666667	1.225282
146	protein2	809.0	23.33333333333333	1.3767459999999998
146	protein3	433.66666666666674	11.333333333333336	1.590278
146	r0	29.33333333333333	0.0	0.0
146	r1	23.0	0.0	0.0
146	rnapol	0.3333333333333333	0.0	0.0
147	__protein1_rbs	24.33333333333333	0.0	0.0
147	__protein2_rbs	21.0	0.0	0.0
147	__protein3_rbs	9.666666666666666	0.0	0.0
147	__ribosome	21.66666666666667	0.0	0.0
147	__rnase_site_ext	36.66666666666666	0.0	0.0
147	p0	1.0	0.0	0.0
147	p1	0.6666666666666666	0.0	0.0
147	protein1	1328.3333333333333	30.0	1.2224833333333334
147	protein2	819.6666666666665	23.66666666666667	1.1593650000000002
147	protein3	439.0	11.333333333333336	1.3680556666666668
147	r0	30.33333333333333	0.0	0.0
147	r1	23.0	0.0	0.0
147	rnapol	0.0	0.0	0.0
148	__protein1_rbs	25.33333333333333	0.0	0.0
148	__protein2_rbs	18.33333333333333	0.0	0.0
148	__protein3_rbs	9.0	0.0	0.0
148	__ribosome	22.33333333333333	0.0	0.0
148	__rnase_site_ext	36.333333333333336	0.0	0.0
148	p0	0.3333333333333333	0.0	0.0
148	p1	1.0	0.0	0.0
148	protein1	1341.0	30.0	1.1822343333333334
148	protein2	828.0	23.0	1.2166666666666668
148	protein3	444.0	11.333333333333336	1.25
148	r0	29.66666666666667	0.0	0.0
148	r1	22.66666666666667	0.0	0.0
148	rnapol	0.0	0.0	0.0
149	__protein1_rbs	25.0	0.0	0.0
149	__protein2_rbs	18.666666666666668	0.0	0.0
149	__protein3_rbs	9.0	0.0	0.0
149	__ribosome	21.33333333333333	0.0	0.0
149	__rnase_site_ext	36.0	0.0	0.0
149	p0	1.0	0.0	0.0
149	p1	0.6666666666666666	0.0	0.0
149	protein1	1355.0	29.66666666666667	1.1159093333333334
149	protein2	834.6666666666665	23.0	1.2783333333333335
149	protein3	446.0	10.333333333333334	1.6202020000000001
149	r0	29.33333333333333	0.0	0.0
149	r1	22.66666666666667	0.0	0.0
149	rnapol	0.3333333333333333	0.0	0.0
150	__protein1_rbs	22.66666666666667	0.0	0.0
150	__protein2_rbs	19.666666666666668	0.0	0.0
150	__protein3_rbs	10.0	0.0	0.0
150	__ribosome	19.0	0.0	0.0
150	__rnase_site_ext	34.666666666666664	0.0	0.0
150	p0	1.0	0.0	0.0
150	p1	1.0	0.0	0.0
150	protein1	1365.6666666666667	28.66666666666667	1.2732883333333334
150	protein2	843.6666666666665	23.0	1.2777776666666665
150	protein3	451.0	11.0	1.5088026666666667
150	r0	28.66666666666667	0.0	0.0
150	r1	23.0	0.0	0.0
150	rnapol	0.0	0.0	0.0
151	__protein1_rbs	21.0	0.0	0.0
151	__protein2_rbs	19.33333333333333	0.0	0.0
151	__protein3_rbs	10.333333333333334	0.0	0.0
151	__ribosome	18.666666666666668	0.0	0.0
151	__rnase_site_ext	33.0	0.0	0.0
151	p0	0.6666666666666666	0.0	0.0
151	p1	0.6666666666666666	0.0	0.0
151	protein1	1379.666666666667	28.0	1.2891866666666665
151	protein2	850.3333333333335	23.0	1.3624046666666665
151	protein3	454.0	11.333333333333336	1.4218073333333334
151	r0	26.66666666666667	0.0	0.0
151	r1	20.33333333333333	0.0	0.0
151	rnapol	0.3333333333333333	0.0	0.0
152	__protein1_rbs	23.33333333333333	0.0	0.0
152	__protein2_rbs	20.0	0.0	0.0
152	__protein3_rbs	8.333333333333334	0.0	0.0
152	__ribosome	18.33333333333333	0.0	0.0
152	__rnase_site_ext	33.333333333333336	0.0	0.0
152	p0	1.0	0.0	0.0
152	p1	0.6666666666666666	0.0	0.0
152	protein1	1389.0	28.0	1.3660713333333334
152	protein2	858.0	22.66666666666667	1.3713156666666666
152	protein3	459.33333333333326	11.0	1.2193360000000002
152	r0	27.0	0.0	0.0
152	r1	22.33333333333333	0.0	0.0
152	rnapol	0.0	0.0	0.0
153	__protein1_rbs	23.33333333333333	0.0	0.0
153	__protein2_rbs	19.33333333333333	0.0	0.0
153	__protein3_rbs	9.0	0.0	0.0
153	__ribosome	20.0	0.0	0.0
153	__rnase_site_ext	33.666666666666664	0.0	0.0
153	p0	0.3333333333333333	0.0	0.0
153	p1	1.0	0.0	0.0
153	protein1	1401.666666666667	27.66666666666667	1.2234083333333334
153	protein2	866.3333333333335	22.66666666666667	1.4129823333333331
153	protein3	463.66666666666674	10.666666666666666	1.3809523333333331
153	r0	27.33333333333333	0.0	0.0
153	r1	22.33333333333333	0.0	0.0
153	rnapol	0.6666666666666666	0.0	0.0
154	__protein1_rbs	24.33333333333333	0.0	0.0
154	__protein2_rbs	19.0	0.0	0.0
154	__protein3_rbs	9.333333333333334	0.0	0.0
154	__ribosome	23.66666666666667	0.0	0.0
154	__rnase_site_ext	34.333333333333336	0.0	0.0
154	p0	0.6666666666666666	0.0	0.0
154	p1	1.0	0.0	0.0
154	protein1	1416.333333333333	27.66666666666667	1.0956423333333334
154	protein2	875.6666666666665	22.33333333333333	1.4225926666666666
154	protein3	467.0	11.0	1.4300146666666669
154	r0	27.66666666666667	0.0	0.0
154	r1	22.33333333333333	0.0	0.0
154	rnapol	0.3333333333333333	0.0	0.0
155	__protein1_rbs	22.66666666666667	0.0	0.0
155	__protein2_rbs	19.0	0.0	0.0
155	__protein3_rbs	9.0	0.0	0.0
155	__ribosome	24.33333333333333	0.0	0.0
155	__rnase_site_ext	34.333333333333336	0.0	0.0
155	p0	1.0	0.0	0.0
155	p1	1.0	0.0	0.0
155	protein1	1427.333333333333	28.0	1.0525596666666666
155	protein2	886.3333333333335	21.66666666666667	1.3218753333333333
155	protein3	469.66666666666674	10.666666666666666	1.7444443333333333
155	r0	27.0	0.0	0.0
155	r1	21.0	0.0	0.0
155	rnapol	0.3333333333333333	0.0	0.0
156	__protein1_rbs	23.0	0.0	0.0
156	__protein2_rbs	15.333333333333336	0.0	0.0
156	__protein3_rbs	9.333333333333334	0.0	0.0
156	__ribosome	23.33333333333333	0.0	0.0
156	__rnase_site_ext	34.0	0.0	0.0
156	p0	1.0	0.0	0.0
156	p1	0.6666666666666666	0.0	0.0
156	protein1	1438.333333333333	27.66666666666667	1.070707
156	protein2	892.0	20.666666666666668	1.5482443333333331
156	protein3	475.0	11.333333333333336	1.3969696666666664
156	r0	27.33333333333333	0.0	0.0
156	r1	20.0	0.0	0.0
156	rnapol	0.6666666666666666	0.0	0.0
157	__protein1_rbs	23.33333333333333	0.0	0.0
157	__protein2_rbs	16.666666666666668	0.0	0.0
157	__protein3_rbs	9.666666666666666	0.0	0.0
157	__ribosome	20.666666666666668	0.0	0.0
157	__rnase_site_ext	35.0	0.0	0.0
157	p0	0.3333333333333333	0.0	0.0
157	p1	1.0	0.0	0.0
157	protein1	1448.333333333333	28.0	1.0758896666666666
157	protein2	901.0	20.33333333333333	1.5673583333333332
157	protein3	478.0	11.333333333333336	1.6323230000000002
157	r0	28.66666666666667	0.0	0.0
157	r1	19.0	0.0	0.0
157	rnapol	0.6666666666666666	0.0	0.0
158	__protein1_rbs	27.0	0.0	0.0
158	__protein2_rbs	17.333333333333332	0.0	0.0
158	__protein3_rbs	9.0	0.0	0.0
158	__ribosome	24.66666666666667	0.0	0.0
158	__rnase_site_ext	36.0	0.0	0.0
158	p0	1.0	0.0	0.0
158	p1	1.0	0.0	0.0
158	protein1	1457.666666666667	30.0	1.046032
158	protein2	910.6666666666665	19.666666666666668	1.4530020000000003
158	protein3	483.66666666666674	10.666666666666666	1.6984126666666668
158	r0	29.33333333333333	0.0	0.0
158	r1	19.0	0.0	0.0
158	rnapol	1.0	0.0	0.0
159	__protein1_rbs	26.0	0.0	0.0
159	__protein2_rbs	14.666666666666664	0.0	0.0
159	__protein3_rbs	7.333333333333332	0.0	0.0
159	__ribosome	20.666666666666668	0.0	0.0
159	__rnase_site_ext	36.66666666666666	0.0	0.0
159	p0	1.0	0.0	0.0
159	p1	0.3333333333333333	0.0	0.0
159	protein1	1469.333333333333	30.66666666666667	1.1189603333333336
159	protein2	918.0	19.33333333333333	1.5514146666666668
159	protein3	488.66666666666674	10.666666666666666	1.731746
159	r0	30.33333333333333	0.0	0.0
159	r1	17.666666666666668	0.0	0.0
159	rnapol	0.3333333333333333	0.0	0.0
160	__protein1_rbs	24.66666666666667	0.0	0.0
160	__protein2_rbs	15.666666666666664	0.0	0.0
160	__protein3_rbs	9.0	0.0	0.0
160	__ribosome	22.0	0.0	0.0
160	__rnase_site_ext	36.333333333333336	0.0	0.0
160	p0	1.0	0.0	0.0
160	p1	0.3333333333333333	0.0	0.0
160	protein1	1480.666666666667	30.0	1.1722223333333333
160	protein2	926.6666666666665	19.33333333333333	1.4202900000000005
160	protein3	492.33333333333326	10.333333333333334	1.7857143333333336
160	r0	29.33333333333333	0.0	0.0
160	r1	18.666666666666668	0.0	0.0
160	rnapol	0.6666666666666666	0.0	0.0
161	__protein1_rbs	24.0	0.0	0.0
161	__protein2_rbs	16.0	0.0	0.0
161	__protein3_rbs	7.333333333333332	0.0	0.0
161	__ribosome	22.33333333333333	0.0	0.0
161	__rnase_site_ext	36.0	0.0	0.0
161	p0	0.6666666666666666	0.0	0.0
161	p1	0.3333333333333333	0.0	0.0
161	protein1	1493.666666666667	29.66666666666667	1.1524583333333334
161	protein2	933.6666666666665	20.0	1.4399586666666666
161	protein3	497.33333333333326	10.0	1.7824173333333333
161	r0	29.33333333333333	0.0	0.0
161	r1	19.666666666666668	0.0	0.0
161	rnapol	1.3333333333333333	0.0	0.0
162	__protein1_rbs	25.33333333333333	0.0	0.0
162	__protein2_rbs	18.0	0.0	0.0
162	__protein3_rbs	8.0	0.0	0.0
162	__ribosome	23.33333333333333	0.0	0.0
162	__rnase_site_ext	36.66666666666666	0.0	0.0
162	p0	0.6666666666666666	0.0	0.0
162	p1	1.0	0.0	0.0
162	protein1	1506.333333333333	30.0	1.0879626666666666
162	protein2	940.3333333333335	20.666666666666668	1.357143
162	protein3	501.66666666666674	9.666666666666666	1.914937
162	r0	30.0	0.0	0.0
162	r1	19.0	0.0	0.0
162	rnapol	0.3333333333333333	0.0	0.0
163	__protein1_rbs	26.66666666666667	0.0	0.0
163	__protein2_rbs	16.666666666666668	0.0	0.0
163	__protein3_rbs	8.0	0.0	0.0
163	__ribosome	24.66666666666667	0.0	0.0
163	__rnase_site_ext	37.333333333333336	0.0	0.0
163	p0	0.6666666666666666	0.0	0.0
163	p1	0.6666666666666666	0.0	0.0
163	protein1	1516.666666666667	31.0	1.1040860000000001
163	protein2	948.6666666666665	20.666666666666668	1.3214286666666666
163	protein3	507.0	8.333333333333334	2.0444443333333333
163	r0	30.0	0.0	0.0
163	r1	20.0	0.0	0.0
163	rnapol	0.0	0.0	0.0
164	__protein1_rbs	23.33333333333333	0.0	0.0
164	__protein2_rbs	17.666666666666668	0.0	0.0
164	__protein3_rbs	6.0	0.0	0.0
164	__ribosome	19.666666666666668	0.0	0.0
164	__rnase_site_ext	36.0	0.0	0.0
164	p0	1.0	0.0	0.0
164	p1	1.0	0.0	0.0
164	protein1	1529.0	30.66666666666667	1.2114026666666666
164	protein2	957.3333333333335	20.33333333333333	1.3353176666666666
164	protein3	510.66666666666674	8.0	2.345238
164	r0	29.33333333333333	0.0	0.0
164	r1	20.33333333333333	0.0	0.0
164	rnapol	0.3333333333333333	0.0	0.0
165	__protein1_rbs	24.66666666666667	0.0	0.0
165	__protein2_rbs	17.666666666666668	0.0	0.0
165	__protein3_rbs	7.0	0.0	0.0
165	__ribosome	21.33333333333333	0.0	0.0
165	__rnase_site_ext	36.333333333333336	0.0	0.0
165	p0	0.6666666666666666	0.0	0.0
165	p1	1.0	0.0	0.0
165	protein1	1540.0	30.0	1.2968253333333333
165	protein2	964.3333333333335	21.0	1.333889
165	protein3	516.0	8.333333333333334	1.8944443333333332
165	r0	29.66666666666667	0.0	0.0
165	r1	20.666666666666668	0.0	0.0
165	rnapol	1.0	0.0	0.0
166	__protein1_rbs	24.33333333333333	0.0	0.0
166	__protein2_rbs	16.666666666666668	0.0	0.0
166	__protein3_rbs	7.0	0.0	0.0
166	__ribosome	19.666666666666668	0.0	0.0
166	__rnase_site_ext	35.666666666666664	0.0	0.0
166	p0	1.0	0.0	0.0
166	p1	1.0	0.0	0.0
166	protein1	1553.333333333333	30.33333333333333	1.3165916666666668
166	protein2	970.6666666666665	20.33333333333333	1.5352563333333336
166	protein3	521.0	8.333333333333334	1.586111
166	r0	30.0	0.0	0.0
166	r1	18.33333333333333	0.0	0.0
166	rnapol	0.3333333333333333	0.0	0.0
167	__protein1_rbs	25.33333333333333	0.0	0.0
167	__protein2_rbs	15.333333333333336	0.0	0.0
167	__protein3_rbs	6.666666666666668	0.0	0.0
167	__ribosome	25.0	0.0	0.0
167	__rnase_site_ext	35.666666666666664	0.0	0.0
167	p0	1.0	0.0	0.0
167	p1	0.6666666666666666	0.0	0.0
167	protein1	1569.666666666667	30.33333333333333	1.202027
167	protein2	980.6666666666665	19.666666666666668	1.4888953333333337
167	protein3	524.6666666666666	8.333333333333334	1.425
167	r0	29.66666666666667	0.0	0.0
167	r1	18.666666666666668	0.0	0.0
167	rnapol	0.3333333333333333	0.0	0.0
168	__protein1_rbs	23.66666666666667	0.0	0.0
168	__protein2_rbs	17.0	0.0	0.0
168	__protein3_rbs	6.666666666666668	0.0	0.0
168	__ribosome	21.33333333333333	0.0	0.0
168	__rnase_site_ext	35.333333333333336	0.0	0.0
168	p0	1.0	0.0	0.0
168	p1	1.0	0.0	0.0
168	protein1	1582.0	29.66666666666667	1.2726693333333334
168	protein2	987.0	19.33333333333333	1.5725143333333331
168	protein3	527.6666666666666	8.666666666666666	1.6179486666666667
168	r0	29.0	0.0	0.0
168	r1	18.33333333333333	0.0	0.0
168	rnapol	1.0	0.0	0.0
169	__protein1_rbs	24.33333333333333	0.0	0.0
169	__protein2_rbs	15.0	0.0	0.0
169	__protein3_rbs	7.666666666666668	0.0	0.0
169	__ribosome	23.66666666666667	0.0	0.0
169	__rnase_site_ext	36.0	0.0	0.0
169	p0	1.0	0.0	0.0
169	p1	1.0	0.0	0.0
169	protein1	1596.0	29.66666666666667	1.2244573333333333
169	protein2	995.3333333333335	19.33333333333333	1.5961283333333334
169	protein3	532.0	9.333333333333334	1.3154763333333337
169	r0	28.66666666666667	0.0	0.0
169	r1	18.666666666666668	0.0	0.0
169	rnapol	0.3333333333333333	0.0	0.0
170	__protein1_rbs	23.33333333333333	0.0	0.0
170	__protein2_rbs	16.666666666666668	0.0	0.0
170	__protein3_rbs	8.666666666666666	0.0	0.0
170	__ribosome	18.666666666666668	0.0	0.0
170	__rnase_site_ext	35.0	0.0	0.0
170	p0	1.0	0.0	0.0
170	p1	1.0	0.0	0.0
170	protein1	1608.333333333333	29.66666666666667	1.2899763333333334
170	protein2	1002.6666666666665	20.0	1.609127
170	protein3	534.3333333333334	9.666666666666666	1.2440476666666669
170	r0	29.0	0.0	0.0
170	r1	19.0	0.0	0.0
170	rnapol	0.0	0.0	0.0
171	__protein1_rbs	24.33333333333333	0.0	0.0
171	__protein2_rbs	15.0	0.0	0.0
171	__protein3_rbs	6.666666666666668	0.0	0.0
171	__ribosome	20.33333333333333	0.0	0.0
171	__rnase_site_ext	35.666666666666664	0.0	0.0
171	p0	1.0	0.0	0.0
171	p1	0.6666666666666666	0.0	0.0
171	protein1	1621.0	29.66666666666667	1.2254396666666667
171	protein2	1012.6666666666665	19.666666666666668	1.6011903333333333
171	protein3	537.6666666666666	9.666666666666666	1.4166666666666667
171	r0	29.66666666666667	0.0	0.0
171	r1	18.33333333333333	0.0	0.0
171	rnapol	0.3333333333333333	0.0	0.0
172	__protein1_rbs	24.0	0.0	0.0
172	__protein2_rbs	14.666666666666664	0.0	0.0
172	__protein3_rbs	7.666666666666668	0.0	0.0
172	__ribosome	22.0	0.0	0.0
172	__rnase_site_ext	35.0	0.0	0.0
172	p0	1.0	0.0	0.0
172	p1	0.6666666666666666	0.0	0.0
172	protein1	1635.0	29.66666666666667	1.1296296666666668
172	protein2	1020.3333333333335	18.666666666666668	1.7139526666666665
172	protein3	541.3333333333334	9.333333333333334	1.474817
172	r0	29.0	0.0	0.0
172	r1	18.0	0.0	0.0
172	rnapol	1.0	0.0	0.0
173	__protein1_rbs	24.0	0.0	0.0
173	__protein2_rbs	15.0	0.0	0.0
173	__protein3_rbs	8.333333333333334	0.0	0.0
173	__ribosome	23.0	0.0	0.0
173	__rnase_site_ext	35.666666666666664	0.0	0.0
173	p0	0.6666666666666666	0.0	0.0
173	p1	0.6666666666666666	0.0	0.0
173	protein1	1647.333333333333	30.0	1.1829756666666666
173	protein2	1030.6666666666667	18.666666666666668	1.6083360000000002
173	protein3	545.0	9.0	1.4468866666666669
173	r0	29.0	0.0	0.0
173	r1	18.0	0.0	0.0
173	rnapol	0.6666666666666666	0.0	0.0
174	__protein1_rbs	23.66666666666667	0.0	0.0
174	__protein2_rbs	15.0	0.0	0.0
174	__protein3_rbs	7.0	0.0	0.0
174	__ribosome	20.666666666666668	0.0	0.0
174	__rnase_site_ext	37.0	0.0	0.0
174	p0	0.6666666666666666	0.0	0.0
174	p1	0.6666666666666666	0.0	0.0
174	protein1	1658.666666666667	31.0	1.2217543333333334
174	protein2	1038.0	18.666666666666668	1.4967253333333332
174	protein3	547.6666666666666	9.0	1.6630036666666663
174	r0	30.0	0.0	0.0
174	r1	18.0	0.0	0.0
174	rnapol	0.0	0.0	0.0
175	__protein1_rbs	24.33333333333333	0.0	0.0
175	__protein2_rbs	16.666666666666668	0.0	0.0
175	__protein3_rbs	8.333333333333334	0.0	0.0
175	__ribosome	23.0	0.0	0.0
175	__rnase_site_ext	37.333333333333336	0.0	0.0
175	p0	1.0	0.0	0.0
175	p1	1.0	0.0	0.0
175	protein1	1670.666666666667	31.33333333333333	1.262708
175	protein2	1047.6666666666667	19.0	1.3888886666666664
175	protein3	553.0	9.0	1.3663003333333332
175	r0	30.66666666666667	0.0	0.0
175	r1	18.33333333333333	0.0	0.0
175	rnapol	0.0	0.0	0.0
176	__protein1_rbs	26.33333333333333	0.0	0.0
176	__protein2_rbs	15.333333333333336	0.0	0.0
176	__protein3_rbs	7.666666666666668	0.0	0.0
176	__ribosome	22.0	0.0	0.0
176	__rnase_site_ext	37.66666666666666	0.0	0.0
176	p0	1.0	0.0	0.0
176	p1	0.3333333333333333	0.0	0.0
176	protein1	1685.333333333333	31.33333333333333	1.2113173333333334
176	protein2	1055.6666666666667	19.0	1.455383
176	protein3	556.6666666666666	9.0	1.6043956666666668
176	r0	30.33333333333333	0.0	0.0
176	r1	18.33333333333333	0.0	0.0
176	rnapol	0.6666666666666666	0.0	0.0
177	__protein1_rbs	25.66666666666667	0.0	0.0
177	__protein2_rbs	15.666666666666664	0.0	0.0
177	__protein3_rbs	7.0	0.0	0.0
177	__ribosome	21.33333333333333	0.0	0.0
177	__rnase_site_ext	37.333333333333336	0.0	0.0
177	p0	0.6666666666666666	0.0	0.0
177	p1	0.6666666666666666	0.0	0.0
177	protein1	1699.333333333333	31.33333333333333	1.1441553333333332
177	protein2	1061.6666666666667	19.33333333333333	1.5538299999999998
177	protein3	560.6666666666666	9.0	1.6080586666666663
177	r0	31.0	0.0	0.0
177	r1	19.0	0.0	0.0
177	rnapol	0.3333333333333333	0.0	0.0
178	__protein1_rbs	26.33333333333333	0.0	0.0
178	__protein2_rbs	18.0	0.0	0.0
178	__protein3_rbs	7.666666666666668	0.0	0.0
178	__ribosome	21.33333333333333	0.0	0.0
178	__rnase_site_ext	37.66666666666666	0.0	0.0
178	p0	1.0	0.0	0.0
178	p1	0.6666666666666666	0.0	0.0
178	protein1	1714.333333333333	31.66666666666667	1.1538463333333333
178	protein2	1069.6666666666667	19.666666666666668	1.395202
178	protein3	563.3333333333334	9.0	1.7718253333333334
178	r0	30.33333333333333	0.0	0.0
178	r1	19.666666666666668	0.0	0.0
178	rnapol	0.0	0.0	0.0
179	__protein1_rbs	25.0	0.0	0.0
179	__protein2_rbs	13.333333333333336	0.0	0.0
179	__protein3_rbs	7.333333333333332	0.0	0.0
179	__ribosome	20.666666666666668	0.0	0.0
179	__rnase_site_ext	37.333333333333336	0.0	0.0
179	p0	1.0	0.0	0.0
179	p1	1.0	0.0	0.0
179	protein1	1726.0	31.0	1.193099666666667
179	protein2	1078.6666666666667	18.666666666666668	1.6047616666666666
179	protein3	568.0	8.666666666666666	1.6746033333333334
179	r0	30.33333333333333	0.0	0.0
179	r1	16.333333333333332	0.0	0.0
179	rnapol	0.6666666666666666	0.0	0.0
180	__protein1_rbs	25.66666666666667	0.0	0.0
180	__protein2_rbs	15.666666666666664	0.0	0.0
180	__protein3_rbs	6.666666666666668	0.0	0.0
180	__ribosome	22.66666666666667	0.0	0.0
180	__rnase_site_ext	37.0	0.0	0.0
180	p0	1.0	0.0	0.0
180	p1	1.0	0.0	0.0
180	protein1	1739.333333333333	31.66666666666667	1.1954606666666667
180	protein2	1087.3333333333333	19.0	1.5242423333333333
180	protein3	573.0	8.666666666666666	1.4563493333333335
180	r0	31.0	0.0	0.0
180	r1	17.666666666666668	0.0	0.0
180	rnapol	0.6666666666666666	0.0	0.0
181	__protein1_rbs	26.0	0.0	0.0
181	__protein2_rbs	15.666666666666664	0.0	0.0
181	__protein3_rbs	7.333333333333332	0.0	0.0
181	__ribosome	24.0	0.0	0.0
181	__rnase_site_ext	38.0	0.0	0.0
181	p0	1.0	0.0	0.0
181	p1	1.0	0.0	0.0
181	protein1	1753.333333333333	32.0	1.1480563333333331
181	protein2	1095.0	19.0	1.4904653333333335
181	protein3	576.6666666666666	8.666666666666666	1.5555556666666668
181	r0	32.0	0.0	0.0
181	r1	19.33333333333333	0.0	0.0
181	rnapol	0.3333333333333333	0.0	0.0
182	__protein1_rbs	24.0	0.0	0.0
182	__protein2_rbs	15.0	0.0	0.0
182	__protein3_rbs	6.666666666666668	0.0	0.0
182	__ribosome	18.666666666666668	0.0	0.0
182	__rnase_site_ext	37.66666666666666	0.0	0.0
182	p0	1.0	0.0	0.0
182	p1	0.6666666666666666	0.0	0.0
182	protein1	1766.333333333333	32.0	1.2006646666666667
182	protein2	1102.0	19.666666666666668	1.517736
182	protein3	580.0	8.333333333333334	1.813889
182	r0	32.0	0.0	0.0
182	r1	19.33333333333333	0.0	0.0
182	rnapol	0.0	0.0	0.0
183	__protein1_rbs	25.33333333333333	0.0	0.0
183	__protein2_rbs	15.666666666666664	0.0	0.0
183	__protein3_rbs	7.666666666666668	0.0	0.0
183	__ribosome	20.666666666666668	0.0	0.0
183	__rnase_site_ext	36.66666666666666	0.0	0.0
183	p0	1.0	0.0	0.0
183	p1	0.6666666666666666	0.0	0.0
183	protein1	1778.666666666667	31.33333333333333	1.3328913333333334
183	protein2	1113.3333333333333	19.33333333333333	1.3337299999999999
183	protein3	582.3333333333334	8.333333333333334	1.7583333333333335
183	r0	31.0	0.0	0.0
183	r1	18.666666666666668	0.0	0.0
183	rnapol	0.6666666666666666	0.0	0.0
184	__protein1_rbs	25.66666666666667	0.0	0.0
184	__protein2_rbs	14.333333333333336	0.0	0.0
184	__protein3_rbs	6.333333333333332	0.0	0.0
184	__ribosome	22.0	0.0	0.0
184	__rnase_site_ext	36.66666666666666	0.0	0.0
184	p0	1.0	0.0	0.0
184	p1	1.0	0.0	0.0
184	protein1	1793.333333333333	31.33333333333333	1.1989889999999999
184	protein2	1119.3333333333333	19.0	1.521325
184	protein3	586.6666666666666	8.0	1.6936509999999998
184	r0	31.0	0.0	0.0
184	r1	19.0	0.0	0.0
184	rnapol	1.0	0.0	0.0
185	__protein1_rbs	23.66666666666667	0.0	0.0
185	__protein2_rbs	15.0	0.0	0.0
185	__protein3_rbs	6.666666666666668	0.0	0.0
185	__ribosome	23.0	0.0	0.0
185	__rnase_site_ext	36.66666666666666	0.0	0.0
185	p0	0.6666666666666666	0.0	0.0
185	p1	1.0	0.0	0.0
185	protein1	1809.666666666667	31.66666666666667	1.1542663333333332
185	protein2	1127.3333333333333	20.0	1.5358436666666666
185	protein3	591.6666666666666	7.333333333333332	1.449495
185	r0	30.66666666666667	0.0	0.0
185	r1	18.666666666666668	0.0	0.0
185	rnapol	0.0	0.0	0.0
186	__protein1_rbs	24.66666666666667	0.0	0.0
186	__protein2_rbs	15.0	0.0	0.0
186	__protein3_rbs	5.666666666666668	0.0	0.0
186	__ribosome	16.666666666666668	0.0	0.0
186	__rnase_site_ext	37.333333333333336	0.0	0.0
186	p0	1.0	0.0	0.0
186	p1	0.6666666666666666	0.0	0.0
186	protein1	1822.0	31.66666666666667	1.211449
186	protein2	1135.0	20.33333333333333	1.6728756666666664
186	protein3	594.3333333333334	7.333333333333332	1.6333333333333335
186	r0	31.66666666666667	0.0	0.0
186	r1	17.666666666666668	0.0	0.0
186	rnapol	0.0	0.0	0.0
187	__protein1_rbs	26.66666666666667	0.0	0.0
187	__protein2_rbs	16.666666666666668	0.0	0.0
187	__protein3_rbs	6.0	0.0	0.0
187	__ribosome	17.333333333333332	0.0	0.0
187	__rnase_site_ext	37.333333333333336	0.0	0.0
187	p0	1.0	0.0	0.0
187	p1	1.0	0.0	0.0
187	protein1	1836.0	31.66666666666667	1.2327346666666663
187	protein2	1142.6666666666667	20.33333333333333	1.636696
187	protein3	597.3333333333334	7.333333333333332	1.6272726666666666
187	r0	31.0	0.0	0.0
187	r1	19.0	0.0	0.0
187	rnapol	0.6666666666666666	0.0	0.0
188	__protein1_rbs	24.0	0.0	0.0
188	__protein2_rbs	14.666666666666664	0.0	0.0
188	__protein3_rbs	7.0	0.0	0.0
188	__ribosome	20.33333333333333	0.0	0.0
188	__rnase_site_ext	37.333333333333336	0.0	0.0
188	p0	1.0	0.0	0.0
188	p1	1.0	0.0	0.0
188	protein1	1851.333333333333	32.0	1.1987653333333332
188	protein2	1153.3333333333333	20.33333333333333	1.5628653333333336
188	protein3	600.6666666666666	8.0	1.2142856666666668
188	r0	31.0	0.0	0.0
188	r1	19.33333333333333	0.0	0.0
188	rnapol	0.6666666666666666	0.0	0.0
189	__protein1_rbs	26.33333333333333	0.0	0.0
189	__protein2_rbs	15.666666666666664	0.0	0.0
189	__protein3_rbs	5.666666666666668	0.0	0.0
189	__ribosome	21.33333333333333	0.0	0.0
189	__rnase_site_ext	37.0	0.0	0.0
189	p0	0.3333333333333333	0.0	0.0
189	p1	1.0	0.0	0.0
189	protein1	1865.333333333333	31.33333333333333	1.1554673333333334
189	protein2	1162.6666666666667	20.0	1.6071609999999998
189	protein3	604.0	7.666666666666668	1.4476190000000002
189	r0	31.33333333333333	0.0	0.0
189	r1	19.33333333333333	0.0	0.0
189	rnapol	0.0	0.0	0.0
190	__protein1_rbs	26.0	0.0	0.0
190	__protein2_rbs	16.333333333333332	0.0	0.0
190	__protein3_rbs	6.333333333333332	0.0	0.0
190	__ribosome	22.0	0.0	0.0
190	__rnase_site_ext	37.333333333333336	0.0	0.0
190	p0	1.0	0.0	0.0
190	p1	0.3333333333333333	0.0	0.0
190	protein1	1878.666666666667	32.333333333333336	1.0982216666666669
190	protein2	1171.6666666666667	18.666666666666668	1.7015873333333331
190	protein3	607.0	8.0	1.4761903333333333
190	r0	31.33333333333333	0.0	0.0
190	r1	18.33333333333333	0.0	0.0
190	rnapol	0.6666666666666666	0.0	0.0
191	__protein1_rbs	26.66666666666667	0.0	0.0
191	__protein2_rbs	15.666666666666664	0.0	0.0
191	__protein3_rbs	6.666666666666668	0.0	0.0
191	__ribosome	24.66666666666667	0.0	0.0
191	__rnase_site_ext	38.0	0.0	0.0
191	p0	1.0	0.0	0.0
191	p1	1.0	0.0	0.0
191	protein1	1893.666666666667	32.333333333333336	1.1446863333333337
191	protein2	1182.0	19.0	1.4444443333333332
191	protein3	609.3333333333334	8.0	1.4857143333333334
191	r0	32.333333333333336	0.0	0.0
191	r1	18.33333333333333	0.0	0.0
191	rnapol	0.3333333333333333	0.0	0.0
192	__protein1_rbs	27.33333333333333	0.0	0.0
192	__protein2_rbs	15.666666666666664	0.0	0.0
192	__protein3_rbs	6.666666666666668	0.0	0.0
192	__ribosome	19.33333333333333	0.0	0.0
192	__rnase_site_ext	38.0	0.0	0.0
192	p0	1.0	0.0	0.0
192	p1	0.6666666666666666	0.0	0.0
192	protein1	1905.666666666667	32.666666666666664	1.1864936666666666
192	protein2	1190.3333333333333	19.0	1.5555556666666668
192	protein3	612.0	8.333333333333334	1.59127
192	r0	32.333333333333336	0.0	0.0
192	r1	17.666666666666668	0.0	0.0
192	rnapol	0.6666666666666666	0.0	0.0
193	__protein1_rbs	25.33333333333333	0.0	0.0
193	__protein2_rbs	16.666666666666668	0.0	0.0
193	__protein3_rbs	7.0	0.0	0.0
193	__ribosome	20.0	0.0	0.0
193	__rnase_site_ext	38.0	0.0	0.0
193	p0	1.0	0.0	0.0
193	p1	0.6666666666666666	0.0	0.0
193	protein1	1918.666666666667	32.666666666666664	1.231914
193	protein2	1200.0	19.0	1.5460316666666667
193	protein3	616.0	8.333333333333334	1.357143
193	r0	32.666666666666664	0.0	0.0
193	r1	18.666666666666668	0.0	0.0
193	rnapol	0.6666666666666666	0.0	0.0
194	__protein1_rbs	26.66666666666667	0.0	0.0
194	__protein2_rbs	15.333333333333336	0.0	0.0
194	__protein3_rbs	7.0	0.0	0.0
194	__ribosome	22.33333333333333	0.0	0.0
194	__rnase_site_ext	38.0	0.0	0.0
194	p0	1.0	0.0	0.0
194	p1	0.3333333333333333	0.0	0.0
194	protein1	1937.666666666667	33.0	1.0818693333333331
194	protein2	1207.0	18.666666666666668	1.636789
194	protein3	618.3333333333334	8.333333333333334	1.4404763333333337
194	r0	32.666666666666664	0.0	0.0
194	r1	18.33333333333333	0.0	0.0
194	rnapol	0.6666666666666666	0.0	0.0
195	__protein1_rbs	28.66666666666667	0.0	0.0
195	__protein2_rbs	14.666666666666664	0.0	0.0
195	__protein3_rbs	5.333333333333333	0.0	0.0
195	__ribosome	17.666666666666668	0.0	0.0
195	__rnase_site_ext	38.66666666666666	0.0	0.0
195	p0	1.0	0.0	0.0
195	p1	1.0	0.0	0.0
195	protein1	1947.333333333333	33.666666666666664	1.1669496666666666
195	protein2	1216.3333333333333	19.0	1.688889
195	protein3	622.6666666666666	8.666666666666666	1.3608056666666666
195	r0	33.666666666666664	0.0	0.0
195	r1	18.666666666666668	0.0	0.0
195	rnapol	0.3333333333333333	0.0	0.0
196	__protein1_rbs	25.66666666666667	0.0	0.0
196	__protein2_rbs	16.0	0.0	0.0
196	__protein3_rbs	6.333333333333332	0.0	0.0
196	__ribosome	18.33333333333333	0.0	0.0
196	__rnase_site_ext	38.0	0.0	0.0
196	p0	1.0	0.0	0.0
196	p1	0.6666666666666666	0.0	0.0
196	protein1	1963.333333333333	33.666666666666664	1.1937270000000002
196	protein2	1227.3333333333333	19.666666666666668	1.5516906666666666
196	protein3	625.6666666666666	8.333333333333334	1.4484126666666668
196	r0	32.666666666666664	0.0	0.0
196	r1	19.0	0.0	0.0
196	rnapol	0.0	0.0	0.0
197	__protein1_rbs	27.66666666666667	0.0	0.0
197	__protein2_rbs	19.33333333333333	0.0	0.0
197	__protein3_rbs	6.333333333333332	0.0	0.0
197	__ribosome	19.666666666666668	0.0	0.0
197	__rnase_site_ext	37.333333333333336	0.0	0.0
197	p0	1.0	0.0	0.0
197	p1	0.6666666666666666	0.0	0.0
197	protein1	1978.0	33.0	1.2522650000000002
197	protein2	1235.6666666666667	20.0	1.371894333333333
197	protein3	628.0	8.0	1.611111
197	r0	32.0	0.0	0.0
197	r1	20.0	0.0	0.0
197	rnapol	0.6666666666666666	0.0	0.0
198	__protein1_rbs	27.66666666666667	0.0	0.0
198	__protein2_rbs	16.666666666666668	0.0	0.0
198	__protein3_rbs	7.333333333333332	0.0	0.0
198	__ribosome	18.666666666666668	0.0	0.0
198	__rnase_site_ext	38.66666666666666	0.0	0.0
198	p0	1.0	0.0	0.0
198	p1	0.6666666666666666	0.0	0.0
198	protein1	1993.666666666667	33.333333333333336	1.2091373333333335
198	protein2	1243.6666666666667	20.0	1.4526396666666666
198	protein3	630.3333333333334	8.666666666666666	1.5
198	r0	32.666666666666664	0.0	0.0
198	r1	19.33333333333333	0.0	0.0
198	rnapol	0.6666666666666666	0.0	0.0
199	__protein1_rbs	26.33333333333333	0.0	0.0
199	__protein2_rbs	16.333333333333332	0.0	0.0
199	__protein3_rbs	6.333333333333332	0.0	0.0
199	__ribosome	20.666666666666668	0.0	0.0
199	__rnase_site_ext	37.0	0.0	0.0
199	p0	1.0	0.0	0.0
199	p1	1.0	0.0	0.0
199	protein1	2010.666666666667	32.0	1.169949
199	protein2	1253.6666666666667	20.33333333333333	1.4603173333333332
199	protein3	635.0	8.666666666666666	1.5416666666666667
199	r0	31.33333333333333	0.0	0.0
199	r1	19.33333333333333	0.0	0.0
199	rnapol	1.0	0.0	0.0
200	__protein1_rbs	27.66666666666667	0.0	0.0
200	__protein2_rbs	15.666666666666664	0.0	0.0
200	__protein3_rbs	7.333333333333332	0.0	0.0
200	__ribosome	16.333333333333332	0.0	0.0
200	__rnase_site_ext	38.333333333333336	0.0	0.0
200	p0	1.0	0.0	0.0
200	p1	0.6666666666666666	0.0	0.0
200	protein1	2023.666666666667	32.333333333333336	1.197802
200	protein2	1261.6666666666667	20.33333333333333	1.5416666666666667
200	protein3	638.0	9.0	1.685185
200	r0	31.66666666666667	0.0	0.0
200	r1	19.666666666666668	0.0	0.0
200	rnapol	0.3333333333333333	0.0	0.0
201	__protein1_rbs	24.66666666666667	0.0	0.0
201	__protein2_rbs	19.0	0.0	0.0
201	__protein3_rbs	7.0	0.0	0.0
201	__ribosome	20.0	0.0	0.0
201	__rnase_site_ext	37.66666666666666	0.0	0.0
201	p0	1.0	0.0	0.0
201	p1	1.0	0.0	0.0
201	protein1	2039.666666666667	32.333333333333336	1.158036
201	protein2	1269.6666666666667	20.666666666666668	1.3876586666666668
201	protein3	641.3333333333334	8.333333333333334	1.925
201	r0	31.66666666666667	0.0	0.0
201	r1	20.666666666666668	0.0	0.0
201	rnapol	1.0	0.0	0.0
202	__protein1_rbs	26.33333333333333	0.0	0.0
202	__protein2_rbs	17.666666666666668	0.0	0.0
202	__protein3_rbs	7.333333333333332	0.0	0.0
202	__ribosome	24.33333333333333	0.0	0.0
202	__rnase_site_ext	38.0	0.0	0.0
202	p0	1.0	0.0	0.0
202	p1	1.0	0.0	0.0
202	protein1	2054.6666666666665	32.666666666666664	1.13235
202	protein2	1279.6666666666667	21.0	1.2330303333333337
202	protein3	645.0	8.333333333333334	1.736111
202	r0	32.0	0.0	0.0
202	r1	20.666666666666668	0.0	0.0
202	rnapol	1.3333333333333333	0.0	0.0
203	__protein1_rbs	27.66666666666667	0.0	0.0
203	__protein2_rbs	16.666666666666668	0.0	0.0
203	__protein3_rbs	6.0	0.0	0.0
203	__ribosome	21.33333333333333	0.0	0.0
203	__rnase_site_ext	38.333333333333336	0.0	0.0
203	p0	1.0	0.0	0.0
203	p1	1.0	0.0	0.0
203	protein1	2067.6666666666665	32.666666666666664	1.195158333333333
203	protein2	1289.3333333333333	21.0	1.2095413333333334
203	protein3	650.0	8.666666666666666	1.7916666666666667
203	r0	32.0	0.0	0.0
203	r1	20.666666666666668	0.0	0.0
203	rnapol	0.6666666666666666	0.0	0.0
204	__protein1_rbs	26.66666666666667	0.0	0.0
204	__protein2_rbs	16.0	0.0	0.0
204	__protein3_rbs	7.666666666666668	0.0	0.0
204	__ribosome	22.66666666666667	0.0	0.0
204	__rnase_site_ext	39.66666666666666	0.0	0.0
204	p0	1.0	0.0	0.0
204	p1	0.6666666666666666	0.0	0.0
204	protein1	2083.0	33.333333333333336	1.1039836666666667
204	protein2	1297.0	21.33333333333333	1.2774636666666666
204	protein3	655.0	9.0	1.5462963333333333
204	r0	33.333333333333336	0.0	0.0
204	r1	21.0	0.0	0.0
204	rnapol	0.3333333333333333	0.0	0.0
205	__protein1_rbs	28.33333333333333	0.0	0.0
205	__protein2_rbs	17.333333333333332	0.0	0.0
205	__protein3_rbs	8.333333333333334	0.0	0.0
205	__ribosome	23.0	0.0	0.0
205	__rnase_site_ext	40.333333333333336	0.0	0.0
205	p0	0.6666666666666666	0.0	0.0
205	p1	1.0	0.0	0.0
205	protein1	2099.6666666666665	34.0	1.0256943333333333
205	protein2	1303.0	20.666666666666668	1.3858693333333332
205	protein3	658.0	8.666666666666666	1.6000000000000003
205	r0	33.666666666666664	0.0	0.0
205	r1	19.0	0.0	0.0
205	rnapol	0.6666666666666666	0.0	0.0
206	__protein1_rbs	27.33333333333333	0.0	0.0
206	__protein2_rbs	18.33333333333333	0.0	0.0
206	__protein3_rbs	7.666666666666668	0.0	0.0
206	__ribosome	16.333333333333332	0.0	0.0
206	__rnase_site_ext	39.0	0.0	0.0
206	p0	1.0	0.0	0.0
206	p1	0.6666666666666666	0.0	0.0
206	protein1	2110.0	33.333333333333336	1.2432313333333334
206	protein2	1311.3333333333333	20.666666666666668	1.4085093333333336
206	protein3	662.3333333333334	9.0	1.462963
206	r0	32.0	0.0	0.0
206	r1	20.33333333333333	0.0	0.0
206	rnapol	0.6666666666666666	0.0	0.0
207	__protein1_rbs	27.66666666666667	0.0	0.0
207	__protein2_rbs	16.666666666666668	0.0	0.0
207	__protein3_rbs	7.0	0.0	0.0
207	__ribosome	22.0	0.0	0.0
207	__rnase_site_ext	39.333333333333336	0.0	0.0
207	p0	0.6666666666666666	0.0	0.0
207	p1	0.3333333333333333	0.0	0.0
207	protein1	2127.333333333333	32.666666666666664	1.133217
207	protein2	1321.0	21.33333333333333	1.3524793333333334
207	protein3	667.0	9.0	1.3888886666666669
207	r0	32.0	0.0	0.0
207	r1	19.666666666666668	0.0	0.0
207	rnapol	0.6666666666666666	0.0	0.0
208	__protein1_rbs	26.0	0.0	0.0
208	__protein2_rbs	18.666666666666668	0.0	0.0
208	__protein3_rbs	6.333333333333332	0.0	0.0
208	__ribosome	19.33333333333333	0.0	0.0
208	__rnase_site_ext	39.0	0.0	0.0
208	p0	1.0	0.0	0.0
208	p1	1.0	0.0	0.0
208	protein1	2141.0	32.666666666666664	1.2250506666666665
208	protein2	1329.3333333333333	21.66666666666667	1.273693
208	protein3	670.6666666666666	8.666666666666666	1.5277776666666665
208	r0	31.33333333333333	0.0	0.0
208	r1	20.666666666666668	0.0	0.0
208	rnapol	0.6666666666666666	0.0	0.0
209	__protein1_rbs	26.0	0.0	0.0
209	__protein2_rbs	17.0	0.0	0.0
209	__protein3_rbs	8.666666666666666	0.0	0.0
209	__ribosome	18.33333333333333	0.0	0.0
209	__rnase_site_ext	38.66666666666666	0.0	0.0
209	p0	1.0	0.0	0.0
209	p1	0.6666666666666666	0.0	0.0
209	protein1	2156.333333333333	31.66666666666667	1.2496136666666666
209	protein2	1338.0	21.33333333333333	1.3333333333333333
209	protein3	673.3333333333334	9.0	1.5740743333333331
209	r0	31.33333333333333	0.0	0.0
209	r1	20.666666666666668	0.0	0.0
209	rnapol	0.0	0.0	0.0
210	__protein1_rbs	27.0	0.0	0.0
210	__protein2_rbs	18.33333333333333	0.0	0.0
210	__protein3_rbs	8.333333333333334	0.0	0.0
210	__ribosome	21.66666666666667	0.0	0.0
210	__rnase_site_ext	38.0	0.0	0.0
210	p0	0.6666666666666666	0.0	0.0
210	p1	1.0	0.0	0.0
210	protein1	2172.333333333333	31.33333333333333	1.1109776666666666
210	protein2	1346.3333333333333	21.66666666666667	1.3434273333333333
210	protein3	677.3333333333334	9.0	1.6203703333333337
210	r0	30.66666666666667	0.0	0.0
210	r1	21.0	0.0	0.0
210	rnapol	1.0	0.0	0.0
211	__protein1_rbs	26.66666666666667	0.0	0.0
211	__protein2_rbs	20.0	0.0	0.0
211	__protein3_rbs	8.0	0.0	0.0
211	__ribosome	21.0	0.0	0.0
211	__rnase_site_ext	39.333333333333336	0.0	0.0
211	p0	1.0	0.0	0.0
211	p1	1.0	0.0	0.0
211	protein1	2185.6666666666665	32.333333333333336	1.1328323333333332
211	protein2	1353.6666666666667	22.0	1.321307
211	protein3	681.3333333333334	9.333333333333334	1.4550263333333333
211	r0	31.66666666666667	0.0	0.0
211	r1	21.66666666666667	0.0	0.0
211	rnapol	0.3333333333333333	0.0	0.0
212	__protein1_rbs	26.33333333333333	0.0	0.0
212	__protein2_rbs	16.666666666666668	0.0	0.0
212	__protein3_rbs	6.0	0.0	0.0
212	__ribosome	21.33333333333333	0.0	0.0
212	__rnase_site_ext	39.66666666666666	0.0	0.0
212	p0	0.6666666666666666	0.0	0.0
212	p1	1.0	0.0	0.0
212	protein1	2200.6666666666665	32.333333333333336	1.1010793333333335
212	protein2	1363.6666666666667	21.33333333333333	1.3551086666666663
212	protein3	686.6666666666666	8.333333333333334	1.6878306666666667
212	r0	31.33333333333333	0.0	0.0
212	r1	21.33333333333333	0.0	0.0
212	rnapol	0.3333333333333333	0.0	0.0
213	__protein1_rbs	25.33333333333333	0.0	0.0
213	__protein2_rbs	19.33333333333333	0.0	0.0
213	__protein3_rbs	7.333333333333332	0.0	0.0
213	__ribosome	19.666666666666668	0.0	0.0
213	__rnase_site_ext	39.0	0.0	0.0
213	p0	0.6666666666666666	0.0	0.0
213	p1	0.3333333333333333	0.0	0.0
213	protein1	2214.333333333333	32.333333333333336	1.2267096666666666
213	protein2	1372.6666666666667	21.0	1.3348790000000001
213	protein3	691.0	9.0	1.4444443333333332
213	r0	31.33333333333333	0.0	0.0
213	r1	21.0	0.0	0.0
213	rnapol	0.0	0.0	0.0
214	__protein1_rbs	26.66666666666667	0.0	0.0
214	__protein2_rbs	17.333333333333332	0.0	0.0
214	__protein3_rbs	8.666666666666666	0.0	0.0
214	__ribosome	15.333333333333336	0.0	0.0
214	__rnase_site_ext	39.66666666666666	0.0	0.0
214	p0	1.0	0.0	0.0
214	p1	1.0	0.0	0.0
214	protein1	2228.0	32.0	1.213248
214	protein2	1380.666666666667	21.33333333333333	1.5004460000000002
214	protein3	693.6666666666665	9.333333333333334	1.5333333333333332
214	r0	32.0	0.0	0.0
214	r1	21.0	0.0	0.0
214	rnapol	0.3333333333333333	0.0	0.0
215	__protein1_rbs	25.0	0.0	0.0
215	__protein2_rbs	18.666666666666668	0.0	0.0
215	__protein3_rbs	8.0	0.0	0.0
215	__ribosome	20.666666666666668	0.0	0.0
215	__rnase_site_ext	38.0	0.0	0.0
215	p0	1.0	0.0	0.0
215	p1	0.6666666666666666	0.0	0.0
215	protein1	2245.333333333333	31.33333333333333	1.1093186666666668
215	protein2	1390.666666666667	21.66666666666667	1.4032049999999998
215	protein3	698.0	9.333333333333334	1.6074073333333334
215	r0	30.0	0.0	0.0
215	r1	21.33333333333333	0.0	0.0
215	rnapol	1.0	0.0	0.0
216	__protein1_rbs	27.66666666666667	0.0	0.0
216	__protein2_rbs	16.333333333333332	0.0	0.0
216	__protein3_rbs	8.333333333333334	0.0	0.0
216	__ribosome	18.0	0.0	0.0
216	__rnase_site_ext	40.0	0.0	0.0
216	p0	1.0	0.0	0.0
216	p1	0.6666666666666666	0.0	0.0
216	protein1	2259.0	32.333333333333336	1.1166619999999998
216	protein2	1399.0	21.33333333333333	1.5746563333333334
216	protein3	702.3333333333335	9.333333333333334	1.3592593333333334
216	r0	32.333333333333336	0.0	0.0
216	r1	20.0	0.0	0.0
216	rnapol	0.3333333333333333	0.0	0.0
217	__protein1_rbs	26.66666666666667	0.0	0.0
217	__protein2_rbs	16.333333333333332	0.0	0.0
217	__protein3_rbs	9.0	0.0	0.0
217	__ribosome	21.0	0.0	0.0
217	__rnase_site_ext	38.0	0.0	0.0
217	p0	0.6666666666666666	0.0	0.0
217	p1	1.0	0.0	0.0
217	protein1	2271.333333333333	32.0	1.1040963333333331
217	protein2	1409.666666666667	20.666666666666668	1.562937
217	protein3	707.3333333333335	9.666666666666666	1.188889
217	r0	30.33333333333333	0.0	0.0
217	r1	19.33333333333333	0.0	0.0
217	rnapol	0.6666666666666666	0.0	0.0
218	__protein1_rbs	25.0	0.0	0.0
218	__protein2_rbs	16.0	0.0	0.0
218	__protein3_rbs	8.0	0.0	0.0
218	__ribosome	19.33333333333333	0.0	0.0
218	__rnase_site_ext	39.0	0.0	0.0
218	p0	1.0	0.0	0.0
218	p1	1.0	0.0	0.0
218	protein1	2288.6666666666665	32.333333333333336	1.095238
218	protein2	1419.0	20.0	1.615934
218	protein3	710.6666666666665	10.0	1.352272666666667
218	r0	30.66666666666667	0.0	0.0
218	r1	20.0	0.0	0.0
218	rnapol	0.3333333333333333	0.0	0.0
219	__protein1_rbs	26.66666666666667	0.0	0.0
219	__protein2_rbs	16.333333333333332	0.0	0.0
219	__protein3_rbs	8.0	0.0	0.0
219	__ribosome	17.666666666666668	0.0	0.0
219	__rnase_site_ext	38.0	0.0	0.0
219	p0	1.0	0.0	0.0
219	p1	1.0	0.0	0.0
219	protein1	2300.6666666666665	32.333333333333336	1.2173766666666668
219	protein2	1429.666666666667	20.666666666666668	1.5187213333333334
219	protein3	714.3333333333335	9.666666666666666	1.244697
219	r0	31.33333333333333	0.0	0.0
219	r1	20.0	0.0	0.0
219	rnapol	0.0	0.0	0.0
220	__protein1_rbs	25.66666666666667	0.0	0.0
220	__protein2_rbs	17.333333333333332	0.0	0.0
220	__protein3_rbs	8.333333333333334	0.0	0.0
220	__ribosome	18.666666666666668	0.0	0.0
220	__rnase_site_ext	38.0	0.0	0.0
220	p0	1.0	0.0	0.0
220	p1	1.0	0.0	0.0
220	protein1	2315.6666666666665	32.0	1.2616836666666666
220	protein2	1439.333333333333	21.0	1.408515666666667
220	protein3	717.0	9.666666666666666	1.264394
220	r0	31.33333333333333	0.0	0.0
220	r1	19.666666666666668	0.0	0.0
220	rnapol	1.3333333333333333	0.0	0.0
221	__protein1_rbs	27.0	0.0	0.0
221	__protein2_rbs	17.0	0.0	0.0
221	__protein3_rbs	8.333333333333334	0.0	0.0
221	__ribosome	25.33333333333333	0.0	0.0
221	__rnase_site_ext	37.333333333333336	0.0	0.0
221	p0	0.6666666666666666	0.0	0.0
221	p1	1.0	0.0	0.0
221	protein1	2332.6666666666665	32.0	1.085304
221	protein2	1448.666666666667	20.33333333333333	1.42527
221	protein3	721.6666666666665	10.0	1.1407406666666666
221	r0	31.0	0.0	0.0
221	r1	19.666666666666668	0.0	0.0
221	rnapol	1.0	0.0	0.0
222	__protein1_rbs	24.66666666666667	0.0	0.0
222	__protein2_rbs	15.333333333333336	0.0	0.0
222	__protein3_rbs	8.333333333333334	0.0	0.0
222	__ribosome	20.33333333333333	0.0	0.0
222	__rnase_site_ext	37.66666666666666	0.0	0.0
222	p0	0.6666666666666666	0.0	0.0
222	p1	0.6666666666666666	0.0	0.0
222	protein1	2348.333333333333	31.66666666666667	1.1760540000000002
222	protein2	1457.333333333333	19.33333333333333	1.5270466666666669
222	protein3	724.6666666666665	10.0	1.3390570000000002
222	r0	30.0	0.0	0.0
222	r1	18.666666666666668	0.0	0.0
222	rnapol	0.3333333333333333	0.0	0.0
223	__protein1_rbs	26.33333333333333	0.0	0.0
223	__protein2_rbs	18.0	0.0	0.0
223	__protein3_rbs	8.0	0.0	0.0
223	__ribosome	19.33333333333333	0.0	0.0
223	__rnase_site_ext	39.0	0.0	0.0
223	p0	1.0	0.0	0.0
223	p1	1.0	0.0	0.0
223	protein1	2361.6666666666665	32.333333333333336	1.1147030000000002
223	protein2	1465.666666666667	19.666666666666668	1.5445906666666664
223	protein3	728.0	9.666666666666666	1.5589226666666665
223	r0	32.333333333333336	0.0	0.0
223	r1	19.33333333333333	0.0	0.0
223	rnapol	0.0	0.0	0.0
224	__protein1_rbs	26.33333333333333	0.0	0.0
224	__protein2_rbs	17.333333333333332	0.0	0.0
224	__protein3_rbs	5.666666666666668	0.0	0.0
224	__ribosome	20.0	0.0	0.0
224	__rnase_site_ext	38.333333333333336	0.0	0.0
224	p0	0.6666666666666666	0.0	0.0
224	p1	0.6666666666666666	0.0	0.0
224	protein1	2373.6666666666665	31.66666666666667	1.1573266666666666
224	protein2	1476.0	20.0	1.37289
224	protein3	731.6666666666665	8.666666666666666	1.94709
224	r0	31.66666666666667	0.0	0.0
224	r1	19.666666666666668	0.0	0.0
224	rnapol	0.3333333333333333	0.0	0.0
225	__protein1_rbs	26.66666666666667	0.0	0.0
225	__protein2_rbs	15.333333333333336	0.0	0.0
225	__protein3_rbs	7.0	0.0	0.0
225	__ribosome	23.66666666666667	0.0	0.0
225	__rnase_site_ext	37.333333333333336	0.0	0.0
225	p0	1.0	0.0	0.0
225	p1	1.0	0.0	0.0
225	protein1	2391.0	31.0	1.0555556666666668
225	protein2	1485.666666666667	20.33333333333333	1.387745
225	protein3	735.3333333333335	8.666666666666666	1.9100526666666668
225	r0	30.66666666666667	0.0	0.0
225	r1	19.666666666666668	0.0	0.0
225	rnapol	0.6666666666666666	0.0	0.0
226	__protein1_rbs	24.33333333333333	0.0	0.0
226	__protein2_rbs	16.666666666666668	0.0	0.0
226	__protein3_rbs	6.333333333333332	0.0	0.0
226	__ribosome	21.66666666666667	0.0	0.0
226	__rnase_site_ext	38.333333333333336	0.0	0.0
226	p0	1.0	0.0	0.0
226	p1	1.0	0.0	0.0
226	protein1	2404.333333333333	31.66666666666667	1.1356033333333333
226	protein2	1495.333333333333	20.0	1.3541666666666667
226	protein3	742.0	9.0	1.8333333333333333
226	r0	31.66666666666667	0.0	0.0
226	r1	19.33333333333333	0.0	0.0
226	rnapol	0.3333333333333333	0.0	0.0
227	__protein1_rbs	23.0	0.0	0.0
227	__protein2_rbs	16.666666666666668	0.0	0.0
227	__protein3_rbs	8.0	0.0	0.0
227	__ribosome	15.0	0.0	0.0
227	__rnase_site_ext	37.66666666666666	0.0	0.0
227	p0	1.0	0.0	0.0
227	p1	1.0	0.0	0.0
227	protein1	2416.333333333333	31.33333333333333	1.2598313333333333
227	protein2	1502.333333333333	20.0	1.475
227	protein3	745.3333333333335	9.333333333333334	1.8757576666666669
227	r0	30.66666666666667	0.0	0.0
227	r1	19.33333333333333	0.0	0.0
227	rnapol	0.3333333333333333	0.0	0.0
228	__protein1_rbs	26.66666666666667	0.0	0.0
228	__protein2_rbs	17.0	0.0	0.0
228	__protein3_rbs	7.0	0.0	0.0
228	__ribosome	19.0	0.0	0.0
228	__rnase_site_ext	38.333333333333336	0.0	0.0
228	p0	0.6666666666666666	0.0	0.0
228	p1	0.3333333333333333	0.0	0.0
228	protein1	2431.333333333333	31.66666666666667	1.1526786666666666
228	protein2	1512.333333333333	19.666666666666668	1.5014286666666667
228	protein3	750.0	9.333333333333334	1.8774893333333331
228	r0	31.0	0.0	0.0
228	r1	19.0	0.0	0.0
228	rnapol	0.6666666666666666	0.0	0.0
229	__protein1_rbs	27.33333333333333	0.0	0.0
229	__protein2_rbs	16.333333333333332	0.0	0.0
229	__protein3_rbs	7.666666666666668	0.0	0.0
229	__ribosome	22.33333333333333	0.0	0.0
229	__rnase_site_ext	37.333333333333336	0.0	0.0
229	p0	1.0	0.0	0.0
229	p1	1.0	0.0	0.0
229	protein1	2446.6666666666665	31.0	1.0821813333333332
229	protein2	1519.666666666667	20.0	1.557359333333333
229	protein3	756.3333333333335	9.333333333333334	1.6705626666666664
229	r0	30.66666666666667	0.0	0.0
229	r1	19.33333333333333	0.0	0.0
229	rnapol	0.3333333333333333	0.0	0.0
230	__protein1_rbs	25.66666666666667	0.0	0.0
230	__protein2_rbs	16.666666666666668	0.0	0.0
230	__protein3_rbs	6.666666666666668	0.0	0.0
230	__ribosome	19.33333333333333	0.0	0.0
230	__rnase_site_ext	38.66666666666666	0.0	0.0
230	p0	1.0	0.0	0.0
230	p1	1.0	0.0	0.0
230	protein1	2462.0	32.333333333333336	1.0896653333333333
230	protein2	1528.666666666667	19.0	1.5851370000000002
230	protein3	760.6666666666665	9.0	1.7768160000000002
230	r0	31.66666666666667	0.0	0.0
230	r1	18.666666666666668	0.0	0.0
230	rnapol	0.6666666666666666	0.0	0.0
231	__protein1_rbs	28.0	0.0	0.0
231	__protein2_rbs	14.666666666666664	0.0	0.0
231	__protein3_rbs	7.0	0.0	0.0
231	__ribosome	17.333333333333332	0.0	0.0
231	__rnase_site_ext	39.333333333333336	0.0	0.0
231	p0	1.0	0.0	0.0
231	p1	0.6666666666666666	0.0	0.0
231	protein1	2474.0	32.666666666666664	1.1446756666666669
231	protein2	1538.0	19.33333333333333	1.5383600000000002
231	protein3	765.0	9.0	1.823954
231	r0	31.33333333333333	0.0	0.0
231	r1	18.666666666666668	0.0	0.0
231	rnapol	0.0	0.0	0.0
232	__protein1_rbs	25.0	0.0	0.0
232	__protein2_rbs	15.0	0.0	0.0
232	__protein3_rbs	7.333333333333332	0.0	0.0
232	__ribosome	17.0	0.0	0.0
232	__rnase_site_ext	38.66666666666666	0.0	0.0
232	p0	0.6666666666666666	0.0	0.0
232	p1	0.3333333333333333	0.0	0.0
232	protein1	2488.333333333333	32.333333333333336	1.2241936666666666
232	protein2	1547.0	19.0	1.5669193333333336
232	protein3	769.0	9.333333333333334	1.6435186666666668
232	r0	32.0	0.0	0.0
232	r1	17.333333333333332	0.0	0.0
232	rnapol	0.0	0.0	0.0
233	__protein1_rbs	25.66666666666667	0.0	0.0
233	__protein2_rbs	15.333333333333336	0.0	0.0
233	__protein3_rbs	7.0	0.0	0.0
233	__ribosome	22.66666666666667	0.0	0.0
233	__rnase_site_ext	38.333333333333336	0.0	0.0
233	p0	1.0	0.0	0.0
233	p1	1.0	0.0	0.0
233	protein1	2505.0	32.333333333333336	1.1420676666666667
233	protein2	1557.0	18.666666666666668	1.4427193333333337
233	protein3	774.6666666666665	9.333333333333334	1.4481479999999998
233	r0	31.66666666666667	0.0	0.0
233	r1	18.0	0.0	0.0
233	rnapol	0.0	0.0	0.0
234	__protein1_rbs	25.0	0.0	0.0
234	__protein2_rbs	14.666666666666664	0.0	0.0
234	__protein3_rbs	8.333333333333334	0.0	0.0
234	__ribosome	19.33333333333333	0.0	0.0
234	__rnase_site_ext	37.333333333333336	0.0	0.0
234	p0	1.0	0.0	0.0
234	p1	1.0	0.0	0.0
234	protein1	2519.333333333333	31.66666666666667	1.1938016666666666
234	protein2	1565.0	19.0	1.5246593333333334
234	protein3	779.3333333333335	9.333333333333334	1.5555556666666666
234	r0	31.33333333333333	0.0	0.0
234	r1	18.666666666666668	0.0	0.0
234	rnapol	0.0	0.0	0.0
235	__protein1_rbs	27.33333333333333	0.0	0.0
235	__protein2_rbs	15.666666666666664	0.0	0.0
235	__protein3_rbs	7.666666666666668	0.0	0.0
235	__ribosome	20.33333333333333	0.0	0.0
235	__rnase_site_ext	37.66666666666666	0.0	0.0
235	p0	0.6666666666666666	0.0	0.0
235	p1	0.6666666666666666	0.0	0.0
235	protein1	2535.0	31.66666666666667	1.1506643333333335
235	protein2	1572.0	18.666666666666668	1.5433670000000002
235	protein3	782.6666666666665	10.0	1.5373739999999998
235	r0	32.0	0.0	0.0
235	r1	17.333333333333332	0.0	0.0
235	rnapol	0.3333333333333333	0.0	0.0
236	__protein1_rbs	25.66666666666667	0.0	0.0
236	__protein2_rbs	14.333333333333336	0.0	0.0
236	__protein3_rbs	8.333333333333334	0.0	0.0
236	__ribosome	23.0	0.0	0.0
236	__rnase_site_ext	38.333333333333336	0.0	0.0
236	p0	0.6666666666666666	0.0	0.0
236	p1	1.0	0.0	0.0
236	protein1	2549.333333333333	32.0	1.1590276666666666
236	protein2	1584.0	18.666666666666668	1.345821
236	protein3	786.6666666666665	10.0	1.5632996666666663
236	r0	32.0	0.0	0.0
236	r1	18.33333333333333	0.0	0.0
236	rnapol	1.0	0.0	0.0
237	__protein1_rbs	24.0	0.0	0.0
237	__protein2_rbs	15.0	0.0	0.0
237	__protein3_rbs	8.0	0.0	0.0
237	__ribosome	20.666666666666668	0.0	0.0
237	__rnase_site_ext	38.66666666666666	0.0	0.0
237	p0	1.0	0.0	0.0
237	p1	0.6666666666666666	0.0	0.0
237	protein1	2566.0	32.333333333333336	1.2329746666666668
237	protein2	1592.666666666667	19.0	1.338933
237	protein3	791.3333333333335	9.666666666666666	1.5878786666666669
237	r0	32.0	0.0	0.0
237	r1	18.33333333333333	0.0	0.0
237	rnapol	0.6666666666666666	0.0	0.0
238	__protein1_rbs	26.0	0.0	0.0
238	__protein2_rbs	17.0	0.0	0.0
238	__protein3_rbs	8.0	0.0	0.0
238	__ribosome	18.0	0.0	0.0
238	__rnase_site_ext	39.333333333333336	0.0	0.0
238	p0	1.0	0.0	0.0
238	p1	1.0	0.0	0.0
238	protein1	2578.6666666666665	33.333333333333336	1.3593476666666666
238	protein2	1600.333333333333	19.0	1.1927586666666663
238	protein3	797.0	9.666666666666666	1.4742423333333334
238	r0	31.33333333333333	0.0	0.0
238	r1	18.33333333333333	0.0	0.0
238	rnapol	0.6666666666666666	0.0	0.0
239	__protein1_rbs	28.66666666666667	0.0	0.0
239	__protein2_rbs	14.666666666666664	0.0	0.0
239	__protein3_rbs	7.666666666666668	0.0	0.0
239	__ribosome	18.0	0.0	0.0
239	__rnase_site_ext	40.0	0.0	0.0
239	p0	1.0	0.0	0.0
239	p1	1.0	0.0	0.0
239	protein1	2595.6666666666665	33.666666666666664	1.251852
239	protein2	1605.666666666667	18.33333333333333	1.4458873333333333
239	protein3	801.0	9.0	1.551852
239	r0	33.0	0.0	0.0
239	r1	17.333333333333332	0.0	0.0
239	rnapol	1.0	0.0	0.0
240	__protein1_rbs	26.0	0.0	0.0
240	__protein2_rbs	16.0	0.0	0.0
240	__protein3_rbs	8.333333333333334	0.0	0.0
240	__ribosome	23.0	0.0	0.0
240	__rnase_site_ext	40.66666666666666	0.0	0.0
240	p0	1.0	0.0	0.0
240	p1	0.6666666666666666	0.0	0.0
240	protein1	2615.0	34.333333333333336	1.1907736666666666
240	protein2	1615.666666666667	18.666666666666668	1.3006436666666668
240	protein3	806.3333333333335	9.0	1.361111
240	r0	34.0	0.0	0.0
240	r1	18.666666666666668	0.0	0.0
240	rnapol	0.0	0.0	0.0
