time	species	protein	transcript	ribo_density
0	__protein1_rbs	0.0	0.0	0.0
0	__protein2_rbs	0.0	0.0	0.0
0	__protein3_rbs	0.0	0.0	0.0
0	__ribosome	100.0	0.0	0.0
0	__rnase_site_ext	0.0	0.0	0.0
0	p0	1.0	0.0	0.0
0	r0	0.0	0.0	0.0
0	r2	0.0	0.0	0.0
0	rnapol	4.0	0.0	0.0
1	__protein1_rbs	0.0	0.0	0.0
1	__protein2_rbs	0.0	0.0	0.0
1	__protein3_rbs	0.0	0.0	0.0
1	__ribosome	100.0	0.0	0.0
1	__rnase_site_ext	1.0	0.0	0.0
1	p0	0.6666666666666666	0.0	0.0
1	r0	1.0	0.0	0.0
1	r2	0.0	0.0	0.0
1	rnapol	2.333333333333333	0.0	0.0
2	__protein1_rbs	1.0	0.0	0.0
2	__protein2_rbs	0.0	0.0	0.0
2	__protein3_rbs	0.0	0.0	0.0
2	__ribosome	98.66666666666669	0.0	0.0
2	__rnase_site_ext	2.0	0.0	0.0
2	p0	0.6666666666666666	0.0	0.0
2	protein1	0.0	2.0	0.7777776666666667
2	r0	2.0	0.0	0.0
2	r2	0.0	0.0	0.0
2	rnapol	1.6666666666666667	0.0	0.0
3	__protein1_rbs	1.0	0.0	0.0
3	__protein2_rbs	0.0	0.0	0.0
3	__protein3_rbs	0.0	0.0	0.0
3	__ribosome	97.0	0.0	0.0
3	__rnase_site_ext	2.0	0.0	0.0
3	p0	1.0	0.0	0.0
3	protein1	0.0	2.0	1.611111
3	r0	2.0	0.0	0.0
3	r2	0.0	0.0	0.0
3	rnapol	1.6666666666666667	0.0	0.0
4	__protein1_rbs	1.6666666666666667	0.0	0.0
4	__protein2_rbs	0.0	0.0	0.0
4	__protein3_rbs	0.0	0.0	0.0
4	__ribosome	96.0	0.0	0.0
4	__rnase_site_ext	2.0	0.0	0.0
4	p0	0.6666666666666666	0.0	0.0
4	protein1	0.0	2.0	2.3888890000000003
4	r0	1.6666666666666667	0.0	0.0
4	r2	0.0	0.0	0.0
4	rnapol	1.3333333333333333	0.0	0.0
5	__protein1_rbs	1.6666666666666667	0.0	0.0
5	__protein2_rbs	1.3333333333333333	0.0	0.0
5	__protein3_rbs	0.0	0.0	0.0
5	__ribosome	94.33333333333331	0.0	0.0
5	__rnase_site_ext	2.333333333333333	0.0	0.0
5	p0	1.0	0.0	0.0
5	protein1	1.0	2.333333333333333	2.7777776666666667
5	protein2	0.0	1.6666666666666667	0.5
5	r0	2.333333333333333	0.0	0.0
5	r2	0.0	0.0	0.0
5	rnapol	1.3333333333333333	0.0	0.0
6	__protein1_rbs	1.3333333333333333	0.0	0.0
6	__protein2_rbs	1.0	0.0	0.0
6	__protein3_rbs	0.0	0.0	0.0
6	__ribosome	92.0	0.0	0.0
6	__rnase_site_ext	2.333333333333333	0.0	0.0
6	p0	0.6666666666666666	0.0	0.0
6	protein1	2.333333333333333	2.333333333333333	2.7777776666666667
6	protein2	0.0	2.0	1.3333333333333333
6	r0	2.0	0.0	0.0
6	r2	0.0	0.0	0.0
6	rnapol	1.3333333333333333	0.0	0.0
7	__protein1_rbs	2.0	0.0	0.0
7	__protein2_rbs	1.0	0.0	0.0
7	__protein3_rbs	0.0	0.0	0.0
7	__ribosome	90.66666666666669	0.0	0.0
7	__rnase_site_ext	3.0	0.0	0.0
7	p0	1.0	0.0	0.0
7	protein1	4.0	2.6666666666666665	1.9444443333333328
7	protein2	0.0	2.0	2.055555666666667
7	r0	2.333333333333333	0.0	0.0
7	r2	0.0	0.0	0.0
7	rnapol	1.0	0.0	0.0
8	__protein1_rbs	1.3333333333333333	0.0	0.0
8	__protein2_rbs	0.6666666666666666	0.0	0.0
8	__protein3_rbs	0.0	0.0	0.0
8	__ribosome	86.33333333333331	0.0	0.0
8	__rnase_site_ext	2.6666666666666665	0.0	0.0
8	p0	0.3333333333333333	0.0	0.0
8	protein1	5.333333333333333	3.0	2.444444333333333
8	protein2	0.0	2.0	3.333333333333333
8	r0	2.6666666666666665	0.0	0.0
8	r2	1.0	0.0	0.0
8	rnapol	0.3333333333333333	0.0	0.0
9	__protein1_rbs	2.0	0.0	0.0
9	__protein2_rbs	1.3333333333333333	0.0	0.0
9	__protein3_rbs	0.0	0.0	0.0
9	__ribosome	84.66666666666667	0.0	0.0
9	__rnase_site_ext	3.6666666666666665	0.0	0.0
9	p0	1.0	0.0	0.0
9	protein1	7.333333333333332	3.6666666666666665	2.25
9	protein2	1.0	2.333333333333333	3.2222223333333333
9	r0	3.333333333333333	0.0	0.0
9	r2	1.6666666666666667	0.0	0.0
9	rnapol	1.6666666666666667	0.0	0.0
10	__protein1_rbs	2.0	0.0	0.0
10	__protein2_rbs	2.333333333333333	0.0	0.0
10	__protein3_rbs	0.0	0.0	0.0
10	__ribosome	82.66666666666667	0.0	0.0
10	__rnase_site_ext	4.333333333333333	0.0	0.0
10	p0	0.6666666666666666	0.0	0.0
10	protein1	8.666666666666666	4.0	2.5166666666666666
10	protein2	2.333333333333333	2.333333333333333	3.444444333333333
10	r0	4.333333333333333	0.0	0.0
10	r2	2.0	0.0	0.0
10	rnapol	1.3333333333333333	0.0	0.0
11	__protein1_rbs	4.0	0.0	0.0
11	__protein2_rbs	1.3333333333333333	0.0	0.0
11	__protein3_rbs	0.0	0.0	0.0
11	__ribosome	81.33333333333333	0.0	0.0
11	__rnase_site_ext	5.0	0.0	0.0
11	p0	1.0	0.0	0.0
11	protein1	11.333333333333336	5.0	2.0166666666666666
11	protein2	3.6666666666666665	2.6666666666666665	3.333333333333333
11	r0	5.0	0.0	0.0
11	r2	2.0	0.0	0.0
11	rnapol	1.3333333333333333	0.0	0.0
12	__protein1_rbs	4.333333333333333	0.0	0.0
12	__protein2_rbs	2.0	0.0	0.0
12	__protein3_rbs	0.0	0.0	0.0
12	__ribosome	79.66666666666667	0.0	0.0
12	__rnase_site_ext	5.333333333333333	0.0	0.0
12	p0	1.0	0.0	0.0
12	protein1	14.0	5.333333333333333	1.9555556666666665
12	protein2	5.0	3.0	3.361111
12	r0	5.0	0.0	0.0
12	r2	2.333333333333333	0.0	0.0
12	rnapol	1.3333333333333333	0.0	0.0
13	__protein1_rbs	2.0	0.0	0.0
13	__protein2_rbs	2.0	0.0	0.0
13	__protein3_rbs	0.0	0.0	0.0
13	__ribosome	76.0	0.0	0.0
13	__rnase_site_ext	5.333333333333333	0.0	0.0
13	p0	1.0	0.0	0.0
13	protein1	16.0	5.666666666666668	2.4555556666666667
13	protein2	7.666666666666668	3.0	3.4166666666666665
13	protein3	0.0	0.3333333333333333	0.3333333333333333
13	r0	5.0	0.0	0.0
13	r2	2.333333333333333	0.0	0.0
13	rnapol	0.6666666666666666	0.0	0.0
14	__protein1_rbs	2.6666666666666665	0.0	0.0
14	__protein2_rbs	1.3333333333333333	0.0	0.0
14	__protein3_rbs	0.0	0.0	0.0
14	__ribosome	74.33333333333333	0.0	0.0
14	__rnase_site_ext	5.666666666666668	0.0	0.0
14	p0	1.0	0.0	0.0
14	protein1	20.666666666666668	6.0	2.333333333333333
14	protein2	10.0	3.6666666666666665	3.0
14	protein3	0.0	0.3333333333333333	0.6666666666666666
14	r0	5.0	0.0	0.0
14	r2	2.6666666666666665	0.0	0.0
14	rnapol	1.3333333333333333	0.0	0.0
15	__protein1_rbs	3.6666666666666665	0.0	0.0
15	__protein2_rbs	2.6666666666666665	0.0	0.0
15	__protein3_rbs	0.3333333333333333	0.0	0.0
15	__ribosome	72.66666666666667	0.0	0.0
15	__rnase_site_ext	5.666666666666668	0.0	0.0
15	p0	0.6666666666666666	0.0	0.0
15	protein1	24.0	6.0	2.444444333333333
15	protein2	11.666666666666664	3.6666666666666665	3.194444333333333
15	protein3	0.0	0.3333333333333333	1.0
15	r0	5.333333333333333	0.0	0.0
15	r2	2.6666666666666665	0.0	0.0
15	rnapol	1.3333333333333333	0.0	0.0
16	__protein1_rbs	3.333333333333333	0.0	0.0
16	__protein2_rbs	2.0	0.0	0.0
16	__protein3_rbs	0.0	0.0	0.0
16	__ribosome	68.66666666666667	0.0	0.0
16	__rnase_site_ext	6.333333333333332	0.0	0.0
16	p0	1.0	0.0	0.0
16	protein1	26.66666666666667	6.333333333333332	2.801587333333333
16	protein2	14.666666666666664	4.0	3.083333333333333
16	protein3	0.0	0.3333333333333333	1.3333333333333333
16	r0	6.0	0.0	0.0
16	r2	3.0	0.0	0.0
16	rnapol	1.3333333333333333	0.0	0.0
17	__protein1_rbs	6.0	0.0	0.0
17	__protein2_rbs	2.0	0.0	0.0
17	__protein3_rbs	0.3333333333333333	0.0	0.0
17	__ribosome	69.0	0.0	0.0
17	__rnase_site_ext	7.333333333333332	0.0	0.0
17	p0	1.0	0.0	0.0
17	protein1	31.66666666666667	7.0	2.333333333333333
17	protein2	17.333333333333332	4.666666666666667	2.833333333333333
17	protein3	0.0	0.6666666666666666	1.6666666666666667
17	r0	7.333333333333332	0.0	0.0
17	r2	3.6666666666666665	0.0	0.0
17	rnapol	0.6666666666666666	0.0	0.0
18	__protein1_rbs	4.333333333333333	0.0	0.0
18	__protein2_rbs	3.0	0.0	0.0
18	__protein3_rbs	0.3333333333333333	0.0	0.0
18	__ribosome	68.0	0.0	0.0
18	__rnase_site_ext	7.0	0.0	0.0
18	p0	0.6666666666666666	0.0	0.0
18	protein1	37.0	7.333333333333332	2.3273810000000004
18	protein2	20.0	4.666666666666667	2.9166666666666665
18	protein3	0.6666666666666666	0.6666666666666666	1.6666666666666667
18	r0	7.0	0.0	0.0
18	r2	3.6666666666666665	0.0	0.0
18	rnapol	1.0	0.0	0.0
19	__protein1_rbs	4.0	0.0	0.0
19	__protein2_rbs	3.0	0.0	0.0
19	__protein3_rbs	0.6666666666666666	0.0	0.0
19	__ribosome	65.0	0.0	0.0
19	__rnase_site_ext	7.666666666666668	0.0	0.0
19	p0	1.0	0.0	0.0
19	protein1	42.66666666666666	7.666666666666668	2.5238096666666667
19	protein2	23.0	5.0	2.905555666666667
19	protein3	1.0	0.6666666666666666	2.0
19	r0	6.333333333333332	0.0	0.0
19	r2	4.0	0.0	0.0
19	rnapol	1.3333333333333333	0.0	0.0
20	__protein1_rbs	3.6666666666666665	0.0	0.0
20	__protein2_rbs	4.0	0.0	0.0
20	__protein3_rbs	1.0	0.0	0.0
20	__ribosome	62.66666666666666	0.0	0.0
20	__rnase_site_ext	7.333333333333332	0.0	0.0
20	p0	1.0	0.0	0.0
20	protein1	47.0	7.666666666666668	2.7566140000000003
20	protein2	26.0	5.0	2.894444333333333
20	protein3	1.0	1.0	2.333333333333333
20	r0	7.333333333333332	0.0	0.0
20	r2	4.0	0.0	0.0
20	rnapol	2.0	0.0	0.0
21	__protein1_rbs	4.0	0.0	0.0
21	__protein2_rbs	4.0	0.0	0.0
21	__protein3_rbs	0.0	0.0	0.0
21	__ribosome	59.0	0.0	0.0
21	__rnase_site_ext	7.333333333333332	0.0	0.0
21	p0	1.0	0.0	0.0
21	protein1	51.0	7.333333333333332	3.005952333333333
21	protein2	29.0	5.333333333333333	3.033333333333333
21	protein3	1.3333333333333333	1.0	3.6666666666666665
21	r0	7.0	0.0	0.0
21	r2	4.666666666666667	0.0	0.0
21	rnapol	2.333333333333333	0.0	0.0
22	__protein1_rbs	5.333333333333333	0.0	0.0
22	__protein2_rbs	2.6666666666666665	0.0	0.0
22	__protein3_rbs	1.3333333333333333	0.0	0.0
22	__ribosome	59.33333333333334	0.0	0.0
22	__rnase_site_ext	7.0	0.0	0.0
22	p0	1.0	0.0	0.0
22	protein1	58.0	7.333333333333332	2.744047666666667
22	protein2	32.0	5.666666666666668	3.283333333333333
22	protein3	2.333333333333333	1.3333333333333333	2.6666666666666665
22	r0	7.0	0.0	0.0
22	r2	5.0	0.0	0.0
22	rnapol	2.333333333333333	0.0	0.0
23	__protein1_rbs	3.6666666666666665	0.0	0.0
23	__protein2_rbs	3.6666666666666665	0.0	0.0
23	__protein3_rbs	0.6666666666666666	0.0	0.0
23	__ribosome	60.33333333333334	0.0	0.0
23	__rnase_site_ext	7.333333333333332	0.0	0.0
23	p0	0.3333333333333333	0.0	0.0
23	protein1	65.33333333333333	7.333333333333332	2.5238093333333333
23	protein2	35.333333333333336	5.666666666666668	3.1333333333333333
23	protein3	2.6666666666666665	1.3333333333333333	3.5
23	r0	7.0	0.0	0.0
23	r2	5.0	0.0	0.0
23	rnapol	2.333333333333333	0.0	0.0
24	__protein1_rbs	4.333333333333333	0.0	0.0
24	__protein2_rbs	4.333333333333333	0.0	0.0
24	__protein3_rbs	0.6666666666666666	0.0	0.0
24	__ribosome	61.66666666666666	0.0	0.0
24	__rnase_site_ext	8.0	0.0	0.0
24	p0	1.0	0.0	0.0
24	protein1	70.66666666666667	8.0	2.2916666666666665
24	protein2	39.66666666666666	5.666666666666668	2.783333333333333
24	protein3	3.6666666666666665	1.3333333333333333	3.6666666666666665
24	r0	7.666666666666668	0.0	0.0
24	r2	5.0	0.0	0.0
24	rnapol	2.333333333333333	0.0	0.0
25	__protein1_rbs	4.0	0.0	0.0
25	__protein2_rbs	3.0	0.0	0.0
25	__protein3_rbs	0.0	0.0	0.0
25	__ribosome	57.33333333333334	0.0	0.0
25	__rnase_site_ext	8.666666666666666	0.0	0.0
25	p0	0.3333333333333333	0.0	0.0
25	protein1	75.66666666666667	8.666666666666666	2.4212963333333333
25	protein2	44.0	5.666666666666668	2.8666666666666667
25	protein3	4.333333333333333	1.3333333333333333	4.166666666666667
25	r0	8.0	0.0	0.0
25	r2	5.666666666666668	0.0	0.0
25	rnapol	1.3333333333333333	0.0	0.0
26	__protein1_rbs	5.0	0.0	0.0
26	__protein2_rbs	2.6666666666666665	0.0	0.0
26	__protein3_rbs	0.3333333333333333	0.0	0.0
26	__ribosome	56.33333333333334	0.0	0.0
26	__rnase_site_ext	9.0	0.0	0.0
26	p0	1.0	0.0	0.0
26	protein1	81.33333333333333	9.0	2.4870370000000004
26	protein2	47.66666666666666	5.666666666666668	2.85
26	protein3	5.333333333333333	1.3333333333333333	4.166666666666667
26	r0	9.0	0.0	0.0
26	r2	5.666666666666668	0.0	0.0
26	rnapol	1.6666666666666667	0.0	0.0
27	__protein1_rbs	6.0	0.0	0.0
27	__protein2_rbs	5.333333333333333	0.0	0.0
27	__protein3_rbs	0.3333333333333333	0.0	0.0
27	__ribosome	55.66666666666666	0.0	0.0
27	__rnase_site_ext	9.0	0.0	0.0
27	p0	0.6666666666666666	0.0	0.0
27	protein1	86.33333333333331	9.0	2.561111
27	protein2	50.66666666666666	6.0	2.588889
27	protein3	6.333333333333332	1.3333333333333333	4.166666666666667
27	r0	8.666666666666666	0.0	0.0
27	r2	5.666666666666668	0.0	0.0
27	rnapol	1.0	0.0	0.0
28	__protein1_rbs	5.333333333333333	0.0	0.0
28	__protein2_rbs	3.6666666666666665	0.0	0.0
28	__protein3_rbs	1.0	0.0	0.0
28	__ribosome	57.0	0.0	0.0
28	__rnase_site_ext	9.333333333333334	0.0	0.0
28	p0	1.0	0.0	0.0
28	protein1	94.0	9.333333333333334	2.35
28	protein2	54.66666666666666	6.0	2.8126986666666665
28	protein3	8.0	1.3333333333333333	3.333333333333333
28	r0	9.0	0.0	0.0
28	r2	5.666666666666668	0.0	0.0
28	rnapol	1.0	0.0	0.0
29	__protein1_rbs	6.0	0.0	0.0
29	__protein2_rbs	4.0	0.0	0.0
29	__protein3_rbs	0.3333333333333333	0.0	0.0
29	__ribosome	54.0	0.0	0.0
29	__rnase_site_ext	9.333333333333334	0.0	0.0
29	p0	1.0	0.0	0.0
29	protein1	100.33333333333331	9.666666666666666	2.3555556666666666
29	protein2	58.33333333333334	6.333333333333332	2.904762
29	protein3	9.0	1.3333333333333333	3.5
29	r0	9.333333333333334	0.0	0.0
29	r2	5.666666666666668	0.0	0.0
29	rnapol	1.6666666666666667	0.0	0.0
30	__protein1_rbs	6.666666666666668	0.0	0.0
30	__protein2_rbs	2.6666666666666665	0.0	0.0
30	__protein3_rbs	1.3333333333333333	0.0	0.0
30	__ribosome	53.66666666666666	0.0	0.0
30	__rnase_site_ext	9.0	0.0	0.0
30	p0	1.0	0.0	0.0
30	protein1	107.0	9.666666666666666	2.2962963333333337
30	protein2	62.33333333333334	6.666666666666668	3.031746
30	protein3	10.666666666666666	1.3333333333333333	2.833333333333333
30	r0	8.666666666666666	0.0	0.0
30	r2	6.333333333333332	0.0	0.0
30	rnapol	1.6666666666666667	0.0	0.0
31	__protein1_rbs	6.333333333333332	0.0	0.0
31	__protein2_rbs	5.666666666666668	0.0	0.0
31	__protein3_rbs	1.3333333333333333	0.0	0.0
31	__ribosome	52.66666666666666	0.0	0.0
31	__rnase_site_ext	9.333333333333334	0.0	0.0
31	p0	1.0	0.0	0.0
31	protein1	113.66666666666669	9.666666666666666	2.2925926666666667
31	protein2	65.33333333333333	7.666666666666668	2.8035713333333336
31	protein3	11.333333333333336	1.3333333333333333	2.833333333333333
31	r0	8.666666666666666	0.0	0.0
31	r2	6.333333333333332	0.0	0.0
31	rnapol	2.333333333333333	0.0	0.0
32	__protein1_rbs	6.666666666666668	0.0	0.0
32	__protein2_rbs	4.333333333333333	0.0	0.0
32	__protein3_rbs	0.0	0.0	0.0
32	__ribosome	51.33333333333334	0.0	0.0
32	__rnase_site_ext	10.0	0.0	0.0
32	p0	1.0	0.0	0.0
32	protein1	119.66666666666669	10.0	2.3222223333333334
32	protein2	69.66666666666667	7.333333333333332	3.0
32	protein3	13.0	1.3333333333333333	2.6666666666666665
32	r0	9.333333333333334	0.0	0.0
32	r2	6.666666666666668	0.0	0.0
32	rnapol	1.3333333333333333	0.0	0.0
33	__protein1_rbs	8.333333333333334	0.0	0.0
33	__protein2_rbs	5.0	0.0	0.0
33	__protein3_rbs	1.0	0.0	0.0
33	__ribosome	51.33333333333334	0.0	0.0
33	__rnase_site_ext	11.0	0.0	0.0
33	p0	1.0	0.0	0.0
33	protein1	126.66666666666669	11.333333333333336	2.033333333333333
33	protein2	74.0	7.0	3.107143
33	protein3	13.0	1.3333333333333333	2.833333333333333
33	r0	10.333333333333334	0.0	0.0
33	r2	7.0	0.0	0.0
33	rnapol	0.6666666666666666	0.0	0.0
34	__protein1_rbs	8.333333333333334	0.0	0.0
34	__protein2_rbs	5.0	0.0	0.0
34	__protein3_rbs	1.3333333333333333	0.0	0.0
34	__ribosome	51.0	0.0	0.0
34	__rnase_site_ext	11.666666666666664	0.0	0.0
34	p0	1.0	0.0	0.0
34	protein1	131.66666666666666	11.666666666666664	2.220940333333333
34	protein2	80.0	7.0	2.906746
34	protein3	14.333333333333336	1.6666666666666667	1.8333333333333333
34	r0	11.0	0.0	0.0
34	r2	7.333333333333332	0.0	0.0
34	rnapol	0.6666666666666666	0.0	0.0
35	__protein1_rbs	7.333333333333332	0.0	0.0
35	__protein2_rbs	4.333333333333333	0.0	0.0
35	__protein3_rbs	1.0	0.0	0.0
35	__ribosome	52.66666666666666	0.0	0.0
35	__rnase_site_ext	11.333333333333336	0.0	0.0
35	p0	1.0	0.0	0.0
35	protein1	140.33333333333334	11.333333333333336	2.154545333333333
35	protein2	86.0	7.0	2.8075396666666665
35	protein3	15.333333333333336	2.0	1.7222223333333335
35	r0	10.666666666666666	0.0	0.0
35	r2	7.666666666666668	0.0	0.0
35	rnapol	0.6666666666666666	0.0	0.0
36	__protein1_rbs	9.0	0.0	0.0
36	__protein2_rbs	7.0	0.0	0.0
36	__protein3_rbs	1.0	0.0	0.0
36	__ribosome	52.33333333333334	0.0	0.0
36	__rnase_site_ext	11.333333333333336	0.0	0.0
36	p0	1.0	0.0	0.0
36	protein1	147.0	11.666666666666664	2.072649333333333
36	protein2	90.33333333333331	8.0	2.409524
36	protein3	15.666666666666664	2.0	2.444444333333333
36	r0	11.333333333333336	0.0	0.0
36	r2	7.666666666666668	0.0	0.0
36	rnapol	1.3333333333333333	0.0	0.0
37	__protein1_rbs	8.0	0.0	0.0
37	__protein2_rbs	6.0	0.0	0.0
37	__protein3_rbs	0.6666666666666666	0.0	0.0
37	__ribosome	52.66666666666666	0.0	0.0
37	__rnase_site_ext	11.666666666666664	0.0	0.0
37	p0	1.0	0.0	0.0
37	protein1	154.66666666666666	11.666666666666664	2.016239333333333
37	protein2	96.0	8.333333333333334	2.2142856666666666
37	protein3	16.666666666666668	2.0	2.555555666666667
37	r0	10.666666666666666	0.0	0.0
37	r2	7.666666666666668	0.0	0.0
37	rnapol	1.6666666666666667	0.0	0.0
38	__protein1_rbs	6.333333333333332	0.0	0.0
38	__protein2_rbs	6.333333333333332	0.0	0.0
38	__protein3_rbs	1.0	0.0	0.0
38	__ribosome	46.0	0.0	0.0
38	__rnase_site_ext	11.0	0.0	0.0
38	p0	0.6666666666666666	0.0	0.0
38	protein1	161.33333333333334	11.666666666666664	2.2286326666666665
38	protein2	98.66666666666669	8.333333333333334	2.5964286666666667
38	protein3	17.333333333333332	2.0	3.2222223333333333
38	r0	10.666666666666666	0.0	0.0
38	r2	7.666666666666668	0.0	0.0
38	rnapol	1.6666666666666667	0.0	0.0
39	__protein1_rbs	8.0	0.0	0.0
39	__protein2_rbs	7.333333333333332	0.0	0.0
39	__protein3_rbs	1.0	0.0	0.0
39	__ribosome	47.33333333333334	0.0	0.0
39	__rnase_site_ext	13.0	0.0	0.0
39	p0	0.6666666666666666	0.0	0.0
39	protein1	169.66666666666666	12.0	2.129565
39	protein2	104.0	8.333333333333334	2.432143
39	protein3	18.0	2.0	3.7777776666666663
39	r0	12.333333333333336	0.0	0.0
39	r2	7.333333333333332	0.0	0.0
39	rnapol	1.0	0.0	0.0
40	__protein1_rbs	8.333333333333334	0.0	0.0
40	__protein2_rbs	5.333333333333333	0.0	0.0
40	__protein3_rbs	1.3333333333333333	0.0	0.0
40	__ribosome	46.0	0.0	0.0
40	__rnase_site_ext	13.0	0.0	0.0
40	p0	1.0	0.0	0.0
40	protein1	177.66666666666663	13.666666666666664	1.9213673333333332
40	protein2	108.66666666666669	8.333333333333334	2.566666666666667
40	protein3	19.666666666666668	2.0	3.611111
40	r0	12.666666666666664	0.0	0.0
40	r2	8.333333333333334	0.0	0.0
40	rnapol	1.3333333333333333	0.0	0.0
41	__protein1_rbs	9.666666666666666	0.0	0.0
41	__protein2_rbs	6.0	0.0	0.0
41	__protein3_rbs	2.333333333333333	0.0	0.0
41	__ribosome	43.66666666666666	0.0	0.0
41	__rnase_site_ext	13.0	0.0	0.0
41	p0	1.0	0.0	0.0
41	protein1	184.0	13.666666666666664	2.0837606666666666
41	protein2	113.33333333333331	8.0	2.731481333333333
41	protein3	20.666666666666668	2.333333333333333	2.7777776666666667
41	r0	12.333333333333336	0.0	0.0
41	r2	8.333333333333334	0.0	0.0
41	rnapol	1.0	0.0	0.0
42	__protein1_rbs	9.0	0.0	0.0
42	__protein2_rbs	5.333333333333333	0.0	0.0
42	__protein3_rbs	1.6666666666666667	0.0	0.0
42	__ribosome	44.0	0.0	0.0
42	__rnase_site_ext	13.0	0.0	0.0
42	p0	1.0	0.0	0.0
42	protein1	192.33333333333331	13.666666666666664	2.0336540000000003
42	protein2	118.33333333333331	8.333333333333334	2.819444333333333
42	protein3	22.66666666666667	2.333333333333333	2.444444333333333
42	r0	12.666666666666664	0.0	0.0
42	r2	8.333333333333334	0.0	0.0
42	rnapol	1.0	0.0	0.0
43	__protein1_rbs	10.666666666666666	0.0	0.0
43	__protein2_rbs	5.333333333333333	0.0	0.0
43	__protein3_rbs	2.0	0.0	0.0
43	__ribosome	45.66666666666666	0.0	0.0
43	__rnase_site_ext	13.666666666666664	0.0	0.0
43	p0	1.0	0.0	0.0
43	protein1	200.66666666666663	13.666666666666664	1.8846153333333333
43	protein2	123.0	8.666666666666666	2.8009260000000005
43	protein3	24.66666666666667	2.333333333333333	1.9444443333333328
43	r0	13.0	0.0	0.0
43	r2	8.333333333333334	0.0	0.0
43	rnapol	1.3333333333333333	0.0	0.0
44	__protein1_rbs	9.666666666666666	0.0	0.0
44	__protein2_rbs	5.666666666666668	0.0	0.0
44	__protein3_rbs	1.3333333333333333	0.0	0.0
44	__ribosome	43.66666666666666	0.0	0.0
44	__rnase_site_ext	14.0	0.0	0.0
44	p0	1.0	0.0	0.0
44	protein1	209.33333333333331	14.0	1.9375
44	protein2	129.33333333333334	9.333333333333334	2.7416666666666667
44	protein3	26.33333333333333	2.333333333333333	1.7777776666666665
44	r0	13.333333333333336	0.0	0.0
44	r2	8.333333333333334	0.0	0.0
44	rnapol	1.6666666666666667	0.0	0.0
45	__protein1_rbs	10.333333333333334	0.0	0.0
45	__protein2_rbs	5.666666666666668	0.0	0.0
45	__protein3_rbs	2.0	0.0	0.0
45	__ribosome	44.0	0.0	0.0
45	__rnase_site_ext	14.0	0.0	0.0
45	p0	1.0	0.0	0.0
45	protein1	217.33333333333331	14.0	1.8174603333333328
45	protein2	133.66666666666666	9.666666666666666	2.690151666666667
45	protein3	27.0	2.333333333333333	1.8333333333333333
45	r0	14.0	0.0	0.0
45	r2	8.333333333333334	0.0	0.0
45	rnapol	2.0	0.0	0.0
46	__protein1_rbs	7.666666666666668	0.0	0.0
46	__protein2_rbs	6.0	0.0	0.0
46	__protein3_rbs	2.0	0.0	0.0
46	__ribosome	40.333333333333336	0.0	0.0
46	__rnase_site_ext	13.666666666666664	0.0	0.0
46	p0	1.0	0.0	0.0
46	protein1	223.66666666666663	14.0	2.1259919999999997
46	protein2	141.33333333333334	9.666666666666666	2.5757576666666666
46	protein3	27.0	2.333333333333333	2.111111
46	r0	12.666666666666664	0.0	0.0
46	r2	8.666666666666666	0.0	0.0
46	rnapol	1.6666666666666667	0.0	0.0
47	__protein1_rbs	11.333333333333336	0.0	0.0
47	__protein2_rbs	7.0	0.0	0.0
47	__protein3_rbs	2.0	0.0	0.0
47	__ribosome	43.66666666666666	0.0	0.0
47	__rnase_site_ext	14.333333333333336	0.0	0.0
47	p0	1.0	0.0	0.0
47	protein1	232.66666666666663	14.666666666666664	2.006572
47	protein2	147.33333333333334	9.666666666666666	2.3181816666666664
47	protein3	28.66666666666667	2.333333333333333	1.8333333333333333
47	r0	14.333333333333336	0.0	0.0
47	r2	9.0	0.0	0.0
47	rnapol	1.6666666666666667	0.0	0.0
48	__protein1_rbs	10.0	0.0	0.0
48	__protein2_rbs	7.666666666666668	0.0	0.0
48	__protein3_rbs	1.3333333333333333	0.0	0.0
48	__ribosome	42.66666666666666	0.0	0.0
48	__rnase_site_ext	15.333333333333336	0.0	0.0
48	p0	0.6666666666666666	0.0	0.0
48	protein1	241.33333333333331	15.0	2.096028
48	protein2	153.0	9.666666666666666	2.2111110000000003
48	protein3	30.0	2.333333333333333	2.0
48	r0	15.0	0.0	0.0
48	r2	9.333333333333334	0.0	0.0
48	rnapol	1.3333333333333333	0.0	0.0
49	__protein1_rbs	11.0	0.0	0.0
49	__protein2_rbs	5.333333333333333	0.0	0.0
49	__protein3_rbs	1.6666666666666667	0.0	0.0
49	__ribosome	42.333333333333336	0.0	0.0
49	__rnase_site_ext	16.0	0.0	0.0
49	p0	1.0	0.0	0.0
49	protein1	251.33333333333331	15.666666666666664	1.9467593333333333
49	protein2	158.33333333333334	9.333333333333334	2.303703666666667
49	protein3	31.0	2.333333333333333	2.5
49	r0	16.0	0.0	0.0
49	r2	9.666666666666666	0.0	0.0
49	rnapol	1.6666666666666667	0.0	0.0
50	__protein1_rbs	13.666666666666664	0.0	0.0
50	__protein2_rbs	6.333333333333332	0.0	0.0
50	__protein3_rbs	1.6666666666666667	0.0	0.0
50	__ribosome	43.33333333333334	0.0	0.0
50	__rnase_site_ext	15.333333333333336	0.0	0.0
50	p0	1.0	0.0	0.0
50	protein1	259.6666666666667	15.666666666666664	1.8808479999999999
50	protein2	165.0	9.666666666666666	2.148148
50	protein3	31.66666666666667	2.333333333333333	2.8888890000000003
50	r0	15.0	0.0	0.0
50	r2	9.666666666666666	0.0	0.0
50	rnapol	1.6666666666666667	0.0	0.0
51	__protein1_rbs	11.0	0.0	0.0
51	__protein2_rbs	8.0	0.0	0.0
51	__protein3_rbs	2.0	0.0	0.0
51	__ribosome	43.66666666666666	0.0	0.0
51	__rnase_site_ext	15.333333333333336	0.0	0.0
51	p0	1.0	0.0	0.0
51	protein1	269.0	15.666666666666664	1.8530703333333332
51	protein2	169.66666666666666	10.0	2.093266
51	protein3	33.0	2.333333333333333	2.7777776666666667
51	r0	15.0	0.0	0.0
51	r2	10.0	0.0	0.0
51	rnapol	2.333333333333333	0.0	0.0
52	__protein1_rbs	10.0	0.0	0.0
52	__protein2_rbs	6.333333333333332	0.0	0.0
52	__protein3_rbs	1.6666666666666667	0.0	0.0
52	__ribosome	42.0	0.0	0.0
52	__rnase_site_ext	15.0	0.0	0.0
52	p0	1.0	0.0	0.0
52	protein1	280.0	15.333333333333336	1.7592593333333333
52	protein2	174.0	10.333333333333334	2.3484849999999997
52	protein3	33.666666666666664	2.333333333333333	2.8888890000000003
52	r0	14.0	0.0	0.0
52	r2	10.0	0.0	0.0
52	rnapol	2.6666666666666665	0.0	0.0
53	__protein1_rbs	10.333333333333334	0.0	0.0
53	__protein2_rbs	7.333333333333332	0.0	0.0
53	__protein3_rbs	1.3333333333333333	0.0	0.0
53	__ribosome	41.333333333333336	0.0	0.0
53	__rnase_site_ext	14.666666666666664	0.0	0.0
53	p0	0.6666666666666666	0.0	0.0
53	protein1	287.6666666666667	15.333333333333336	1.877493
53	protein2	178.33333333333337	10.333333333333334	2.2939393333333333
53	protein3	35.666666666666664	2.333333333333333	2.833333333333333
53	r0	14.333333333333336	0.0	0.0
53	r2	10.333333333333334	0.0	0.0
53	rnapol	2.333333333333333	0.0	0.0
54	__protein1_rbs	9.0	0.0	0.0
54	__protein2_rbs	8.666666666666666	0.0	0.0
54	__protein3_rbs	2.0	0.0	0.0
54	__ribosome	40.0	0.0	0.0
54	__rnase_site_ext	15.333333333333336	0.0	0.0
54	p0	1.0	0.0	0.0
54	protein1	295.0	15.666666666666664	2.091005
54	protein2	185.33333333333331	10.333333333333334	2.1333333333333333
54	protein3	38.333333333333336	2.6666666666666665	2.0
54	r0	15.333333333333336	0.0	0.0
54	r2	10.666666666666666	0.0	0.0
54	rnapol	2.0	0.0	0.0
55	__protein1_rbs	11.666666666666664	0.0	0.0
55	__protein2_rbs	6.666666666666668	0.0	0.0
55	__protein3_rbs	2.0	0.0	0.0
55	__ribosome	41.0	0.0	0.0
55	__rnase_site_ext	15.666666666666664	0.0	0.0
55	p0	1.0	0.0	0.0
55	protein1	304.3333333333333	15.666666666666664	1.9814813333333328
55	protein2	190.33333333333331	10.333333333333334	2.230303
55	protein3	39.66666666666666	2.6666666666666665	1.888889
55	r0	15.333333333333336	0.0	0.0
55	r2	11.0	0.0	0.0
55	rnapol	2.6666666666666665	0.0	0.0
56	__protein1_rbs	11.0	0.0	0.0
56	__protein2_rbs	7.666666666666668	0.0	0.0
56	__protein3_rbs	1.0	0.0	0.0
56	__ribosome	39.333333333333336	0.0	0.0
56	__rnase_site_ext	16.333333333333332	0.0	0.0
56	p0	1.0	0.0	0.0
56	protein1	312.3333333333333	16.0	1.911111
56	protein2	197.0	10.666666666666666	2.1636363333333333
56	protein3	40.0	2.6666666666666665	2.6666666666666665
56	r0	16.333333333333332	0.0	0.0
56	r2	10.333333333333334	0.0	0.0
56	rnapol	2.0	0.0	0.0
57	__protein1_rbs	11.333333333333336	0.0	0.0
57	__protein2_rbs	9.0	0.0	0.0
57	__protein3_rbs	1.6666666666666667	0.0	0.0
57	__ribosome	40.0	0.0	0.0
57	__rnase_site_ext	15.666666666666664	0.0	0.0
57	p0	0.6666666666666666	0.0	0.0
57	protein1	323.3333333333333	16.0	1.788388
57	protein2	202.0	11.333333333333336	2.1868683333333334
57	protein3	41.66666666666666	2.333333333333333	3.055555666666667
57	r0	15.333333333333336	0.0	0.0
57	r2	10.333333333333334	0.0	0.0
57	rnapol	1.3333333333333333	0.0	0.0
58	__protein1_rbs	13.0	0.0	0.0
58	__protein2_rbs	8.0	0.0	0.0
58	__protein3_rbs	0.6666666666666666	0.0	0.0
58	__ribosome	37.66666666666666	0.0	0.0
58	__rnase_site_ext	16.333333333333332	0.0	0.0
58	p0	1.0	0.0	0.0
58	protein1	333.0	16.333333333333332	1.6506893333333337
58	protein2	205.66666666666663	11.333333333333336	2.3585860000000003
58	protein3	43.0	2.333333333333333	3.8333333333333335
58	r0	16.333333333333332	0.0	0.0
58	r2	10.333333333333334	0.0	0.0
58	rnapol	1.3333333333333333	0.0	0.0
59	__protein1_rbs	11.666666666666664	0.0	0.0
59	__protein2_rbs	9.0	0.0	0.0
59	__protein3_rbs	1.3333333333333333	0.0	0.0
59	__ribosome	36.0	0.0	0.0
59	__rnase_site_ext	15.666666666666664	0.0	0.0
59	p0	1.0	0.0	0.0
59	protein1	339.3333333333333	16.0	1.8004386666666663
59	protein2	212.66666666666663	11.0	2.5095959999999997
59	protein3	44.33333333333334	2.333333333333333	3.6666666666666665
59	r0	15.666666666666664	0.0	0.0
59	r2	10.666666666666666	0.0	0.0
59	rnapol	1.3333333333333333	0.0	0.0
60	__protein1_rbs	10.0	0.0	0.0
60	__protein2_rbs	9.0	0.0	0.0
60	__protein3_rbs	0.6666666666666666	0.0	0.0
60	__ribosome	37.333333333333336	0.0	0.0
60	__rnase_site_ext	16.0	0.0	0.0
60	p0	1.0	0.0	0.0
60	protein1	349.0	16.0	1.8195006666666669
60	protein2	218.66666666666663	11.333333333333336	2.321212
60	protein3	46.66666666666666	2.333333333333333	3.555555666666667
60	r0	14.333333333333336	0.0	0.0
60	r2	11.0	0.0	0.0
60	rnapol	1.3333333333333333	0.0	0.0
61	__protein1_rbs	11.0	0.0	0.0
61	__protein2_rbs	7.666666666666668	0.0	0.0
61	__protein3_rbs	2.333333333333333	0.0	0.0
61	__ribosome	35.0	0.0	0.0
61	__rnase_site_ext	16.0	0.0	0.0
61	p0	1.0	0.0	0.0
61	protein1	358.33333333333326	16.666666666666668	1.8634503333333332
61	protein2	225.33333333333331	11.333333333333336	2.478088333333333
61	protein3	48.66666666666666	2.333333333333333	2.7777776666666667
61	r0	15.0	0.0	0.0
61	r2	11.333333333333336	0.0	0.0
61	rnapol	1.3333333333333333	0.0	0.0
62	__protein1_rbs	12.666666666666664	0.0	0.0
62	__protein2_rbs	8.333333333333334	0.0	0.0
62	__protein3_rbs	1.3333333333333333	0.0	0.0
62	__ribosome	34.333333333333336	0.0	0.0
62	__rnase_site_ext	16.666666666666668	0.0	0.0
62	p0	1.0	0.0	0.0
62	protein1	366.33333333333326	17.0	1.9785713333333337
62	protein2	232.0	11.666666666666664	2.340326
62	protein3	51.33333333333334	2.333333333333333	2.333333333333333
62	r0	16.0	0.0	0.0
62	r2	11.333333333333336	0.0	0.0
62	rnapol	1.3333333333333333	0.0	0.0
63	__protein1_rbs	13.333333333333336	0.0	0.0
63	__protein2_rbs	9.333333333333334	0.0	0.0
63	__protein3_rbs	1.3333333333333333	0.0	0.0
63	__ribosome	32.666666666666664	0.0	0.0
63	__rnase_site_ext	17.333333333333332	0.0	0.0
63	p0	1.0	0.0	0.0
63	protein1	374.0	17.0	2.001100666666667
63	protein2	238.66666666666663	11.333333333333336	2.358508
63	protein3	51.66666666666666	2.333333333333333	2.833333333333333
63	r0	16.666666666666668	0.0	0.0
63	r2	12.0	0.0	0.0
63	rnapol	0.6666666666666666	0.0	0.0
64	__protein1_rbs	13.666666666666664	0.0	0.0
64	__protein2_rbs	8.0	0.0	0.0
64	__protein3_rbs	2.0	0.0	0.0
64	__ribosome	34.333333333333336	0.0	0.0
64	__rnase_site_ext	17.0	0.0	0.0
64	p0	1.0	0.0	0.0
64	protein1	384.0	17.333333333333332	1.833006666666667
64	protein2	244.33333333333331	11.333333333333336	2.3414919999999997
64	protein3	53.33333333333334	2.6666666666666665	2.6666666666666665
64	r0	16.666666666666668	0.0	0.0
64	r2	12.333333333333336	0.0	0.0
64	rnapol	0.6666666666666666	0.0	0.0
65	__protein1_rbs	12.666666666666664	0.0	0.0
65	__protein2_rbs	10.333333333333334	0.0	0.0
65	__protein3_rbs	1.6666666666666667	0.0	0.0
65	__ribosome	37.66666666666666	0.0	0.0
65	__rnase_site_ext	17.666666666666668	0.0	0.0
65	p0	1.0	0.0	0.0
65	protein1	398.0	17.666666666666668	1.6185183333333335
65	protein2	251.0	12.0	2.247619
65	protein3	55.0	2.6666666666666665	2.6666666666666665
65	r0	17.333333333333332	0.0	0.0
65	r2	12.666666666666664	0.0	0.0
65	rnapol	1.0	0.0	0.0
66	__protein1_rbs	12.0	0.0	0.0
66	__protein2_rbs	10.0	0.0	0.0
66	__protein3_rbs	1.3333333333333333	0.0	0.0
66	__ribosome	34.666666666666664	0.0	0.0
66	__rnase_site_ext	17.666666666666668	0.0	0.0
66	p0	0.6666666666666666	0.0	0.0
66	protein1	405.33333333333326	17.666666666666668	1.7962963333333333
66	protein2	258.6666666666667	11.666666666666664	2.197008333333333
66	protein3	55.33333333333334	2.6666666666666665	3.2222223333333333
66	r0	17.666666666666668	0.0	0.0
66	r2	12.0	0.0	0.0
66	rnapol	1.0	0.0	0.0
67	__protein1_rbs	13.0	0.0	0.0
67	__protein2_rbs	9.333333333333334	0.0	0.0
67	__protein3_rbs	1.6666666666666667	0.0	0.0
67	__ribosome	34.333333333333336	0.0	0.0
67	__rnase_site_ext	17.666666666666668	0.0	0.0
67	p0	0.6666666666666666	0.0	0.0
67	protein1	414.0	18.0	1.875146
67	protein2	265.0	12.333333333333336	2.027106333333333
67	protein3	57.33333333333334	2.333333333333333	3.111111
67	r0	17.0	0.0	0.0
67	r2	12.0	0.0	0.0
67	rnapol	0.6666666666666666	0.0	0.0
68	__protein1_rbs	14.0	0.0	0.0
68	__protein2_rbs	8.333333333333334	0.0	0.0
68	__protein3_rbs	1.3333333333333333	0.0	0.0
68	__ribosome	34.333333333333336	0.0	0.0
68	__rnase_site_ext	17.666666666666668	0.0	0.0
68	p0	1.0	0.0	0.0
68	protein1	423.0	18.33333333333333	1.8964913333333333
68	protein2	271.6666666666667	12.333333333333336	2.0303030000000004
68	protein3	59.66666666666666	2.333333333333333	2.555555666666667
68	r0	17.666666666666668	0.0	0.0
68	r2	12.666666666666664	0.0	0.0
68	rnapol	1.0	0.0	0.0
69	__protein1_rbs	13.666666666666664	0.0	0.0
69	__protein2_rbs	9.666666666666666	0.0	0.0
69	__protein3_rbs	1.6666666666666667	0.0	0.0
69	__ribosome	34.666666666666664	0.0	0.0
69	__rnase_site_ext	18.33333333333333	0.0	0.0
69	p0	1.0	0.0	0.0
69	protein1	436.0	18.666666666666668	1.806088666666667
69	protein2	277.0	12.333333333333336	2.125874
69	protein3	61.0	2.333333333333333	2.3888890000000003
69	r0	18.0	0.0	0.0
69	r2	12.666666666666664	0.0	0.0
69	rnapol	1.3333333333333333	0.0	0.0
70	__protein1_rbs	14.666666666666664	0.0	0.0
70	__protein2_rbs	9.333333333333334	0.0	0.0
70	__protein3_rbs	1.0	0.0	0.0
70	__ribosome	34.0	0.0	0.0
70	__rnase_site_ext	18.33333333333333	0.0	0.0
70	p0	1.0	0.0	0.0
70	protein1	445.66666666666674	18.33333333333333	1.832026333333333
70	protein2	283.3333333333333	12.666666666666664	2.1203796666666666
70	protein3	62.66666666666666	2.333333333333333	2.5
70	r0	17.666666666666668	0.0	0.0
70	r2	13.333333333333336	0.0	0.0
70	rnapol	1.3333333333333333	0.0	0.0
71	__protein1_rbs	11.333333333333336	0.0	0.0
71	__protein2_rbs	11.0	0.0	0.0
71	__protein3_rbs	2.333333333333333	0.0	0.0
71	__ribosome	33.0	0.0	0.0
71	__rnase_site_ext	18.0	0.0	0.0
71	p0	1.0	0.0	0.0
71	protein1	456.0	18.0	1.882238
71	protein2	289.0	13.333333333333336	2.040293
71	protein3	64.0	3.0	2.0
71	r0	17.0	0.0	0.0
71	r2	13.0	0.0	0.0
71	rnapol	1.0	0.0	0.0
72	__protein1_rbs	12.0	0.0	0.0
72	__protein2_rbs	9.0	0.0	0.0
72	__protein3_rbs	2.333333333333333	0.0	0.0
72	__ribosome	34.666666666666664	0.0	0.0
72	__rnase_site_ext	17.333333333333332	0.0	0.0
72	p0	1.0	0.0	0.0
72	protein1	468.33333333333326	17.666666666666668	1.8678919999999999
72	protein2	296.0	13.333333333333336	2.0146520000000003
72	protein3	65.0	3.0	2.055555666666667
72	r0	16.0	0.0	0.0
72	r2	13.0	0.0	0.0
72	rnapol	1.6666666666666667	0.0	0.0
73	__protein1_rbs	12.333333333333336	0.0	0.0
73	__protein2_rbs	9.333333333333334	0.0	0.0
73	__protein3_rbs	1.6666666666666667	0.0	0.0
73	__ribosome	32.333333333333336	0.0	0.0
73	__rnase_site_ext	17.333333333333332	0.0	0.0
73	p0	1.0	0.0	0.0
73	protein1	477.66666666666674	17.666666666666668	1.8185186666666664
73	protein2	302.0	13.333333333333336	2.216117333333333
73	protein3	66.33333333333333	3.0	2.1666666666666665
73	r0	17.333333333333332	0.0	0.0
73	r2	12.666666666666664	0.0	0.0
73	rnapol	1.0	0.0	0.0
74	__protein1_rbs	14.0	0.0	0.0
74	__protein2_rbs	9.333333333333334	0.0	0.0
74	__protein3_rbs	3.0	0.0	0.0
74	__ribosome	34.0	0.0	0.0
74	__rnase_site_ext	17.666666666666668	0.0	0.0
74	p0	1.0	0.0	0.0
74	protein1	487.33333333333326	18.0	1.7322750000000002
74	protein2	309.6666666666667	13.666666666666664	2.190476333333333
74	protein3	67.33333333333333	3.0	2.055555666666667
74	r0	17.0	0.0	0.0
74	r2	13.333333333333336	0.0	0.0
74	rnapol	1.3333333333333333	0.0	0.0
75	__protein1_rbs	12.333333333333336	0.0	0.0
75	__protein2_rbs	10.0	0.0	0.0
75	__protein3_rbs	2.6666666666666665	0.0	0.0
75	__ribosome	31.33333333333333	0.0	0.0
75	__rnase_site_ext	17.0	0.0	0.0
75	p0	0.6666666666666666	0.0	0.0
75	protein1	498.0	18.0	1.7349206666666668
75	protein2	314.3333333333333	13.666666666666664	2.3420633333333334
75	protein3	69.0	3.0	2.1388890000000003
75	r0	17.0	0.0	0.0
75	r2	13.666666666666664	0.0	0.0
75	rnapol	1.6666666666666667	0.0	0.0
76	__protein1_rbs	12.666666666666664	0.0	0.0
76	__protein2_rbs	11.333333333333336	0.0	0.0
76	__protein3_rbs	1.0	0.0	0.0
76	__ribosome	30.33333333333333	0.0	0.0
76	__rnase_site_ext	17.333333333333332	0.0	0.0
76	p0	0.6666666666666666	0.0	0.0
76	protein1	506.66666666666674	18.33333333333333	1.6706770000000002
76	protein2	320.6666666666667	14.0	2.3055553333333334
76	protein3	70.0	3.0	2.5
76	r0	17.333333333333332	0.0	0.0
76	r2	13.333333333333336	0.0	0.0
76	rnapol	1.6666666666666667	0.0	0.0
77	__protein1_rbs	13.333333333333336	0.0	0.0
77	__protein2_rbs	10.333333333333334	0.0	0.0
77	__protein3_rbs	2.0	0.0	0.0
77	__ribosome	35.333333333333336	0.0	0.0
77	__rnase_site_ext	18.33333333333333	0.0	0.0
77	p0	1.0	0.0	0.0
77	protein1	516.3333333333334	18.33333333333333	1.5929233333333337
77	protein2	330.3333333333333	14.333333333333336	2.0478633333333334
77	protein3	72.33333333333333	3.0	2.194444333333333
77	r0	17.0	0.0	0.0
77	r2	13.666666666666664	0.0	0.0
77	rnapol	2.0	0.0	0.0
78	__protein1_rbs	13.0	0.0	0.0
78	__protein2_rbs	12.0	0.0	0.0
78	__protein3_rbs	2.6666666666666665	0.0	0.0
78	__ribosome	36.66666666666666	0.0	0.0
78	__rnase_site_ext	17.666666666666668	0.0	0.0
78	p0	1.0	0.0	0.0
78	protein1	526.0	18.0	1.5949073333333337
78	protein2	339.3333333333333	14.333333333333336	1.996581333333333
78	protein3	73.0	3.0	2.194444333333333
78	r0	17.333333333333332	0.0	0.0
78	r2	14.0	0.0	0.0
78	rnapol	2.0	0.0	0.0
79	__protein1_rbs	12.0	0.0	0.0
79	__protein2_rbs	10.333333333333334	0.0	0.0
79	__protein3_rbs	2.0	0.0	0.0
79	__ribosome	37.333333333333336	0.0	0.0
79	__rnase_site_ext	17.666666666666668	0.0	0.0
79	p0	1.0	0.0	0.0
79	protein1	534.6666666666666	17.666666666666668	1.6223039999999995
79	protein2	346.66666666666674	14.0	2.057323
79	protein3	74.66666666666667	3.0	1.9722223333333333
79	r0	16.333333333333332	0.0	0.0
79	r2	14.333333333333336	0.0	0.0
79	rnapol	1.6666666666666667	0.0	0.0
80	__protein1_rbs	12.666666666666664	0.0	0.0
80	__protein2_rbs	9.333333333333334	0.0	0.0
80	__protein3_rbs	1.6666666666666667	0.0	0.0
80	__ribosome	33.0	0.0	0.0
80	__rnase_site_ext	19.0	0.0	0.0
80	p0	1.0	0.0	0.0
80	protein1	545.6666666666666	18.666666666666668	1.548864
80	protein2	351.33333333333326	13.333333333333336	2.579629666666667
80	protein3	77.0	3.0	1.6944443333333332
80	r0	17.666666666666668	0.0	0.0
80	r2	14.333333333333336	0.0	0.0
80	rnapol	1.6666666666666667	0.0	0.0
81	__protein1_rbs	15.333333333333336	0.0	0.0
81	__protein2_rbs	8.666666666666666	0.0	0.0
81	__protein3_rbs	2.333333333333333	0.0	0.0
81	__ribosome	29.33333333333333	0.0	0.0
81	__rnase_site_ext	19.33333333333333	0.0	0.0
81	p0	0.6666666666666666	0.0	0.0
81	protein1	552.0	19.0	1.6137846666666666
81	protein2	360.0	13.333333333333336	2.518981333333333
81	protein3	77.66666666666667	3.0	2.5
81	r0	19.0	0.0	0.0
81	r2	14.666666666666664	0.0	0.0
81	rnapol	1.3333333333333333	0.0	0.0
82	__protein1_rbs	16.666666666666668	0.0	0.0
82	__protein2_rbs	9.0	0.0	0.0
82	__protein3_rbs	2.6666666666666665	0.0	0.0
82	__ribosome	31.0	0.0	0.0
82	__rnase_site_ext	19.666666666666668	0.0	0.0
82	p0	1.0	0.0	0.0
82	protein1	561.3333333333334	19.666666666666668	1.594099
82	protein2	368.66666666666674	13.333333333333336	2.3546296666666664
82	protein3	79.0	3.0	2.3888890000000003
82	r0	19.666666666666668	0.0	0.0
82	r2	15.0	0.0	0.0
82	rnapol	1.6666666666666667	0.0	0.0
83	__protein1_rbs	15.0	0.0	0.0
83	__protein2_rbs	10.333333333333334	0.0	0.0
83	__protein3_rbs	2.333333333333333	0.0	0.0
83	__ribosome	31.33333333333333	0.0	0.0
83	__rnase_site_ext	19.33333333333333	0.0	0.0
83	p0	1.0	0.0	0.0
83	protein1	571.0	19.666666666666668	1.594099
83	protein2	375.66666666666674	14.0	2.2
83	protein3	80.33333333333333	2.6666666666666665	3.305555666666667
83	r0	19.33333333333333	0.0	0.0
83	r2	14.666666666666664	0.0	0.0
83	rnapol	2.0	0.0	0.0
84	__protein1_rbs	14.0	0.0	0.0
84	__protein2_rbs	10.666666666666666	0.0	0.0
84	__protein3_rbs	1.6666666666666667	0.0	0.0
84	__ribosome	36.0	0.0	0.0
84	__rnase_site_ext	19.666666666666668	0.0	0.0
84	p0	1.0	0.0	0.0
84	protein1	582.0	19.666666666666668	1.5691123333333332
84	protein2	385.33333333333326	14.0	1.96575
84	protein3	82.33333333333333	2.6666666666666665	3.4166666666666665
84	r0	19.0	0.0	0.0
84	r2	14.666666666666664	0.0	0.0
84	rnapol	1.6666666666666667	0.0	0.0
85	__protein1_rbs	14.666666666666664	0.0	0.0
85	__protein2_rbs	9.333333333333334	0.0	0.0
85	__protein3_rbs	2.333333333333333	0.0	0.0
85	__ribosome	34.666666666666664	0.0	0.0
85	__rnase_site_ext	19.666666666666668	0.0	0.0
85	p0	0.6666666666666666	0.0	0.0
85	protein1	591.6666666666666	20.0	1.5422646666666668
85	protein2	393.0	14.333333333333336	2.048960333333333
85	protein3	84.33333333333333	2.6666666666666665	3.083333333333333
85	r0	19.33333333333333	0.0	0.0
85	r2	14.333333333333336	0.0	0.0
85	rnapol	1.3333333333333333	0.0	0.0
86	__protein1_rbs	14.0	0.0	0.0
86	__protein2_rbs	10.666666666666666	0.0	0.0
86	__protein3_rbs	2.0	0.0	0.0
86	__ribosome	30.66666666666667	0.0	0.0
86	__rnase_site_ext	20.33333333333333	0.0	0.0
86	p0	1.0	0.0	0.0
86	protein1	600.0	21.0	1.6862320000000002
86	protein2	399.0	14.333333333333336	2.0241236666666667
86	protein3	86.66666666666669	2.6666666666666665	2.7777776666666667
86	r0	19.666666666666668	0.0	0.0
86	r2	14.0	0.0	0.0
86	rnapol	1.0	0.0	0.0
87	__protein1_rbs	17.0	0.0	0.0
87	__protein2_rbs	11.0	0.0	0.0
87	__protein3_rbs	2.0	0.0	0.0
87	__ribosome	30.66666666666667	0.0	0.0
87	__rnase_site_ext	21.33333333333333	0.0	0.0
87	p0	1.0	0.0	0.0
87	protein1	611.3333333333334	21.0	1.6282610000000002
87	protein2	405.66666666666674	14.333333333333336	2.019727
87	protein3	87.66666666666669	2.6666666666666665	3.0
87	r0	20.666666666666668	0.0	0.0
87	r2	14.666666666666664	0.0	0.0
87	rnapol	1.3333333333333333	0.0	0.0
88	__protein1_rbs	15.333333333333336	0.0	0.0
88	__protein2_rbs	10.666666666666666	0.0	0.0
88	__protein3_rbs	2.0	0.0	0.0
88	__ribosome	28.33333333333333	0.0	0.0
88	__rnase_site_ext	22.0	0.0	0.0
88	p0	1.0	0.0	0.0
88	protein1	621.0	21.66666666666667	1.649206333333333
88	protein2	412.0	14.333333333333336	2.0730836666666668
88	protein3	88.66666666666669	2.6666666666666665	2.8888890000000003
88	r0	21.0	0.0	0.0
88	r2	15.0	0.0	0.0
88	rnapol	1.3333333333333333	0.0	0.0
89	__protein1_rbs	15.0	0.0	0.0
89	__protein2_rbs	9.333333333333334	0.0	0.0
89	__protein3_rbs	1.3333333333333333	0.0	0.0
89	__ribosome	29.66666666666667	0.0	0.0
89	__rnase_site_ext	22.33333333333333	0.0	0.0
89	p0	0.6666666666666666	0.0	0.0
89	protein1	634.0	22.0	1.5904763333333334
89	protein2	421.66666666666674	15.333333333333336	1.9722223333333333
89	protein3	90.66666666666669	2.6666666666666665	2.7777776666666667
89	r0	21.66666666666667	0.0	0.0
89	r2	15.0	0.0	0.0
89	rnapol	1.0	0.0	0.0
90	__protein1_rbs	17.666666666666668	0.0	0.0
90	__protein2_rbs	11.333333333333336	0.0	0.0
90	__protein3_rbs	2.0	0.0	0.0
90	__ribosome	29.33333333333333	0.0	0.0
90	__rnase_site_ext	22.33333333333333	0.0	0.0
90	p0	1.0	0.0	0.0
90	protein1	644.3333333333334	22.0	1.486252
90	protein2	426.66666666666674	15.333333333333336	2.219907333333333
90	protein3	93.0	2.6666666666666665	2.194444333333333
90	r0	22.0	0.0	0.0
90	r2	14.666666666666664	0.0	0.0
90	rnapol	0.6666666666666666	0.0	0.0
91	__protein1_rbs	19.0	0.0	0.0
91	__protein2_rbs	11.0	0.0	0.0
91	__protein3_rbs	1.6666666666666667	0.0	0.0
91	__ribosome	28.33333333333333	0.0	0.0
91	__rnase_site_ext	22.33333333333333	0.0	0.0
91	p0	1.0	0.0	0.0
91	protein1	653.6666666666666	22.0	1.4279493333333335
91	protein2	434.66666666666674	15.666666666666664	2.2514246666666664
91	protein3	94.0	2.6666666666666665	2.361111
91	r0	22.33333333333333	0.0	0.0
91	r2	14.333333333333336	0.0	0.0
91	rnapol	1.0	0.0	0.0
92	__protein1_rbs	19.33333333333333	0.0	0.0
92	__protein2_rbs	12.666666666666664	0.0	0.0
92	__protein3_rbs	2.333333333333333	0.0	0.0
92	__ribosome	32.0	0.0	0.0
92	__rnase_site_ext	22.33333333333333	0.0	0.0
92	p0	1.0	0.0	0.0
92	protein1	665.6666666666666	22.33333333333333	1.2708936666666666
92	protein2	441.66666666666674	15.666666666666664	2.2026353333333333
92	protein3	95.33333333333331	2.6666666666666665	2.083333333333333
92	r0	22.0	0.0	0.0
92	r2	15.333333333333336	0.0	0.0
92	rnapol	1.0	0.0	0.0
93	__protein1_rbs	16.333333333333332	0.0	0.0
93	__protein2_rbs	12.666666666666664	0.0	0.0
93	__protein3_rbs	2.333333333333333	0.0	0.0
93	__ribosome	32.333333333333336	0.0	0.0
93	__rnase_site_ext	21.66666666666667	0.0	0.0
93	p0	0.6666666666666666	0.0	0.0
93	protein1	675.3333333333334	22.0	1.3608696666666666
93	protein2	451.0	16.333333333333332	2.078193333333333
93	protein3	97.0	2.6666666666666665	1.8333333333333333
93	r0	20.666666666666668	0.0	0.0
93	r2	15.333333333333336	0.0	0.0
93	rnapol	1.6666666666666667	0.0	0.0
94	__protein1_rbs	18.33333333333333	0.0	0.0
94	__protein2_rbs	13.333333333333336	0.0	0.0
94	__protein3_rbs	1.6666666666666667	0.0	0.0
94	__ribosome	32.333333333333336	0.0	0.0
94	__rnase_site_ext	22.33333333333333	0.0	0.0
94	p0	1.0	0.0	0.0
94	protein1	683.6666666666666	22.33333333333333	1.4758456666666666
94	protein2	460.0	16.666666666666668	1.8289106666666664
94	protein3	98.33333333333331	2.6666666666666665	1.638889
94	r0	22.0	0.0	0.0
94	r2	15.666666666666664	0.0	0.0
94	rnapol	1.6666666666666667	0.0	0.0
95	__protein1_rbs	15.333333333333336	0.0	0.0
95	__protein2_rbs	12.666666666666664	0.0	0.0
95	__protein3_rbs	2.0	0.0	0.0
95	__ribosome	29.66666666666667	0.0	0.0
95	__rnase_site_ext	22.0	0.0	0.0
95	p0	1.0	0.0	0.0
95	protein1	694.0	22.33333333333333	1.551087
95	protein2	468.0	16.666666666666668	1.8435060000000003
95	protein3	99.0	2.6666666666666665	2.1666666666666665
95	r0	20.666666666666668	0.0	0.0
95	r2	15.666666666666664	0.0	0.0
95	rnapol	2.0	0.0	0.0
96	__protein1_rbs	16.666666666666668	0.0	0.0
96	__protein2_rbs	11.333333333333336	0.0	0.0
96	__protein3_rbs	2.6666666666666665	0.0	0.0
96	__ribosome	28.33333333333333	0.0	0.0
96	__rnase_site_ext	22.66666666666667	0.0	0.0
96	p0	1.0	0.0	0.0
96	protein1	705.3333333333335	22.33333333333333	1.5495166666666669
96	protein2	475.66666666666674	16.333333333333332	1.9729223333333337
96	protein3	100.66666666666669	2.6666666666666665	2.1388890000000003
96	r0	22.66666666666667	0.0	0.0
96	r2	16.333333333333332	0.0	0.0
96	rnapol	1.6666666666666667	0.0	0.0
97	__protein1_rbs	18.666666666666668	0.0	0.0
97	__protein2_rbs	13.333333333333336	0.0	0.0
97	__protein3_rbs	3.0	0.0	0.0
97	__ribosome	30.33333333333333	0.0	0.0
97	__rnase_site_ext	23.0	0.0	0.0
97	p0	0.6666666666666666	0.0	0.0
97	protein1	715.0	23.0	1.5714286666666666
97	protein2	484.0	16.333333333333332	1.807573
97	protein3	101.66666666666669	3.0	1.8444443333333331
97	r0	22.66666666666667	0.0	0.0
97	r2	16.666666666666668	0.0	0.0
97	rnapol	1.3333333333333333	0.0	0.0
98	__protein1_rbs	19.0	0.0	0.0
98	__protein2_rbs	12.333333333333336	0.0	0.0
98	__protein3_rbs	1.6666666666666667	0.0	0.0
98	__ribosome	31.33333333333333	0.0	0.0
98	__rnase_site_ext	22.66666666666667	0.0	0.0
98	p0	1.0	0.0	0.0
98	protein1	728.0	23.0	1.4128643333333333
98	protein2	490.66666666666674	15.666666666666664	1.9967316666666663
98	protein3	103.0	3.333333333333333	1.6777776666666666
98	r0	22.33333333333333	0.0	0.0
98	r2	17.0	0.0	0.0
98	rnapol	1.3333333333333333	0.0	0.0
99	__protein1_rbs	17.0	0.0	0.0
99	__protein2_rbs	12.0	0.0	0.0
99	__protein3_rbs	2.6666666666666665	0.0	0.0
99	__ribosome	31.66666666666667	0.0	0.0
99	__rnase_site_ext	22.66666666666667	0.0	0.0
99	p0	1.0	0.0	0.0
99	protein1	739.0	23.33333333333333	1.4251476666666667
99	protein2	497.66666666666674	15.666666666666664	1.9668173333333328
99	protein3	105.0	3.333333333333333	1.2444443333333333
99	r0	22.33333333333333	0.0	0.0
99	r2	17.0	0.0	0.0
99	rnapol	1.3333333333333333	0.0	0.0
100	__protein1_rbs	14.666666666666664	0.0	0.0
100	__protein2_rbs	12.333333333333336	0.0	0.0
100	__protein3_rbs	2.333333333333333	0.0	0.0
100	__ribosome	28.66666666666667	0.0	0.0
100	__rnase_site_ext	23.0	0.0	0.0
100	p0	0.6666666666666666	0.0	0.0
100	protein1	748.6666666666665	23.33333333333333	1.5223760000000002
100	protein2	506.66666666666674	16.333333333333332	1.890912
100	protein3	106.33333333333331	3.333333333333333	1.5222223333333331
100	r0	22.0	0.0	0.0
100	r2	17.0	0.0	0.0
100	rnapol	1.3333333333333333	0.0	0.0
101	__protein1_rbs	18.666666666666668	0.0	0.0
101	__protein2_rbs	14.333333333333336	0.0	0.0
101	__protein3_rbs	3.333333333333333	0.0	0.0
101	__ribosome	26.33333333333333	0.0	0.0
101	__rnase_site_ext	23.33333333333333	0.0	0.0
101	p0	1.0	0.0	0.0
101	protein1	759.6666666666665	23.66666666666667	1.56215
101	protein2	513.0	16.666666666666668	1.8491819999999999
101	protein3	106.66666666666669	3.6666666666666665	1.7222223333333335
101	r0	22.66666666666667	0.0	0.0
101	r2	16.666666666666668	0.0	0.0
101	rnapol	1.3333333333333333	0.0	0.0
102	__protein1_rbs	18.0	0.0	0.0
102	__protein2_rbs	13.0	0.0	0.0
102	__protein3_rbs	3.0	0.0	0.0
102	__ribosome	26.66666666666667	0.0	0.0
102	__rnase_site_ext	23.33333333333333	0.0	0.0
102	p0	1.0	0.0	0.0
102	protein1	769.6666666666665	23.33333333333333	1.6290683333333331
102	protein2	522.3333333333334	16.666666666666668	1.7491523333333332
102	protein3	107.66666666666669	3.6666666666666665	1.9444446666666668
102	r0	22.33333333333333	0.0	0.0
102	r2	16.666666666666668	0.0	0.0
102	rnapol	1.3333333333333333	0.0	0.0
103	__protein1_rbs	16.666666666666668	0.0	0.0
103	__protein2_rbs	12.333333333333336	0.0	0.0
103	__protein3_rbs	3.0	0.0	0.0
103	__ribosome	26.0	0.0	0.0
103	__rnase_site_ext	23.33333333333333	0.0	0.0
103	p0	1.0	0.0	0.0
103	protein1	782.3333333333335	23.66666666666667	1.5796856666666663
103	protein2	528.3333333333334	16.666666666666668	1.9076166666666667
103	protein3	109.66666666666669	3.6666666666666665	1.9444446666666668
103	r0	21.66666666666667	0.0	0.0
103	r2	17.333333333333332	0.0	0.0
103	rnapol	1.6666666666666667	0.0	0.0
104	__protein1_rbs	16.0	0.0	0.0
104	__protein2_rbs	12.666666666666664	0.0	0.0
104	__protein3_rbs	2.333333333333333	0.0	0.0
104	__ribosome	26.33333333333333	0.0	0.0
104	__rnase_site_ext	22.66666666666667	0.0	0.0
104	p0	1.0	0.0	0.0
104	protein1	793.6666666666665	23.0	1.6137566666666665
104	protein2	537.0	16.666666666666668	1.9045246666666664
104	protein3	111.66666666666669	3.6666666666666665	1.888889
104	r0	21.66666666666667	0.0	0.0
104	r2	17.333333333333332	0.0	0.0
104	rnapol	2.333333333333333	0.0	0.0
105	__protein1_rbs	18.666666666666668	0.0	0.0
105	__protein2_rbs	13.333333333333336	0.0	0.0
105	__protein3_rbs	3.0	0.0	0.0
105	__ribosome	27.33333333333333	0.0	0.0
105	__rnase_site_ext	24.0	0.0	0.0
105	p0	1.0	0.0	0.0
105	protein1	805.0	24.0	1.5826433333333332
105	protein2	544.6666666666666	16.333333333333332	1.840064
105	protein3	113.66666666666669	3.6666666666666665	1.7777780000000003
105	r0	23.66666666666667	0.0	0.0
105	r2	16.666666666666668	0.0	0.0
105	rnapol	2.333333333333333	0.0	0.0
106	__protein1_rbs	18.666666666666668	0.0	0.0
106	__protein2_rbs	13.0	0.0	0.0
106	__protein3_rbs	2.333333333333333	0.0	0.0
106	__ribosome	26.0	0.0	0.0
106	__rnase_site_ext	23.33333333333333	0.0	0.0
106	p0	0.6666666666666666	0.0	0.0
106	protein1	816.3333333333335	23.33333333333333	1.609017666666667
106	protein2	552.3333333333334	16.666666666666668	1.7869046666666666
106	protein3	114.66666666666669	3.6666666666666665	2.055555333333333
106	r0	22.33333333333333	0.0	0.0
106	r2	16.666666666666668	0.0	0.0
106	rnapol	2.0	0.0	0.0
107	__protein1_rbs	18.0	0.0	0.0
107	__protein2_rbs	12.333333333333336	0.0	0.0
107	__protein3_rbs	2.6666666666666665	0.0	0.0
107	__ribosome	26.0	0.0	0.0
107	__rnase_site_ext	23.0	0.0	0.0
107	p0	1.0	0.0	0.0
107	protein1	828.3333333333335	23.66666666666667	1.5763129999999999
107	protein2	559.3333333333334	16.666666666666668	1.7815476666666663
107	protein3	116.33333333333331	3.6666666666666665	2.2222223333333333
107	r0	21.66666666666667	0.0	0.0
107	r2	16.666666666666668	0.0	0.0
107	rnapol	1.3333333333333333	0.0	0.0
108	__protein1_rbs	18.33333333333333	0.0	0.0
108	__protein2_rbs	13.666666666666664	0.0	0.0
108	__protein3_rbs	2.333333333333333	0.0	0.0
108	__ribosome	28.66666666666667	0.0	0.0
108	__rnase_site_ext	23.33333333333333	0.0	0.0
108	p0	1.0	0.0	0.0
108	protein1	841.6666666666665	24.0	1.497575
108	protein2	567.6666666666666	17.333333333333332	1.6295633333333337
108	protein3	118.0	3.333333333333333	2.244444333333333
108	r0	23.0	0.0	0.0
108	r2	16.666666666666668	0.0	0.0
108	rnapol	1.0	0.0	0.0
109	__protein1_rbs	18.666666666666668	0.0	0.0
109	__protein2_rbs	12.333333333333336	0.0	0.0
109	__protein3_rbs	2.6666666666666665	0.0	0.0
109	__ribosome	25.0	0.0	0.0
109	__rnase_site_ext	23.0	0.0	0.0
109	p0	1.0	0.0	0.0
109	protein1	852.3333333333335	23.0	1.5027776666666668
109	protein2	574.6666666666666	17.666666666666668	1.8680556666666668
109	protein3	118.66666666666669	3.333333333333333	2.3666666666666667
109	r0	22.66666666666667	0.0	0.0
109	r2	16.666666666666668	0.0	0.0
109	rnapol	0.6666666666666666	0.0	0.0
110	__protein1_rbs	18.33333333333333	0.0	0.0
110	__protein2_rbs	15.0	0.0	0.0
110	__protein3_rbs	2.0	0.0	0.0
110	__ribosome	27.33333333333333	0.0	0.0
110	__rnase_site_ext	23.33333333333333	0.0	0.0
110	p0	1.0	0.0	0.0
110	protein1	863.3333333333335	23.33333333333333	1.5296033333333334
110	protein2	582.0	18.0	1.7075163333333332
110	protein3	121.66666666666669	3.333333333333333	1.9333333333333331
110	r0	23.0	0.0	0.0
110	r2	16.666666666666668	0.0	0.0
110	rnapol	1.0	0.0	0.0
111	__protein1_rbs	18.666666666666668	0.0	0.0
111	__protein2_rbs	13.0	0.0	0.0
111	__protein3_rbs	2.6666666666666665	0.0	0.0
111	__ribosome	26.66666666666667	0.0	0.0
111	__rnase_site_ext	22.33333333333333	0.0	0.0
111	p0	1.0	0.0	0.0
111	protein1	876.0	22.66666666666667	1.4125733333333332
111	protein2	588.6666666666666	18.0	1.9339986666666664
111	protein3	123.0	3.333333333333333	2.055555666666667
111	r0	21.66666666666667	0.0	0.0
111	r2	17.0	0.0	0.0
111	rnapol	2.0	0.0	0.0
112	__protein1_rbs	17.666666666666668	0.0	0.0
112	__protein2_rbs	13.333333333333336	0.0	0.0
112	__protein3_rbs	1.6666666666666667	0.0	0.0
112	__ribosome	31.0	0.0	0.0
112	__rnase_site_ext	21.66666666666667	0.0	0.0
112	p0	1.0	0.0	0.0
112	protein1	887.6666666666665	21.66666666666667	1.360716
112	protein2	599.0	17.0	1.939693
112	protein3	125.0	3.6666666666666665	1.911111
112	r0	21.0	0.0	0.0
112	r2	17.333333333333332	0.0	0.0
112	rnapol	2.0	0.0	0.0
113	__protein1_rbs	14.666666666666664	0.0	0.0
113	__protein2_rbs	12.333333333333336	0.0	0.0
113	__protein3_rbs	2.333333333333333	0.0	0.0
113	__ribosome	26.0	0.0	0.0
113	__rnase_site_ext	20.33333333333333	0.0	0.0
113	p0	1.0	0.0	0.0
113	protein1	898.3333333333335	21.33333333333333	1.5344559999999998
113	protein2	607.6666666666666	17.0	2.065789333333333
113	protein3	126.66666666666669	3.333333333333333	2.055555666666667
113	r0	20.33333333333333	0.0	0.0
113	r2	18.0	0.0	0.0
113	rnapol	2.6666666666666665	0.0	0.0
114	__protein1_rbs	15.666666666666664	0.0	0.0
114	__protein2_rbs	12.666666666666664	0.0	0.0
114	__protein3_rbs	3.333333333333333	0.0	0.0
114	__ribosome	22.66666666666667	0.0	0.0
114	__rnase_site_ext	22.0	0.0	0.0
114	p0	0.6666666666666666	0.0	0.0
114	protein1	906.3333333333335	21.33333333333333	1.6297953333333333
114	protein2	614.0	17.0	2.2116226666666665
114	protein3	127.66666666666669	3.6666666666666665	1.6666666666666667
114	r0	21.33333333333333	0.0	0.0
114	r2	18.0	0.0	0.0
114	rnapol	2.0	0.0	0.0
115	__protein1_rbs	19.0	0.0	0.0
115	__protein2_rbs	12.0	0.0	0.0
115	__protein3_rbs	3.333333333333333	0.0	0.0
115	__ribosome	29.66666666666667	0.0	0.0
115	__rnase_site_ext	22.0	0.0	0.0
115	p0	1.0	0.0	0.0
115	protein1	916.6666666666665	22.0	1.4021893333333333
115	protein2	624.0	16.0	2.125
115	protein3	129.33333333333334	3.6666666666666665	1.5555556666666668
115	r0	21.66666666666667	0.0	0.0
115	r2	18.0	0.0	0.0
115	rnapol	2.0	0.0	0.0
116	__protein1_rbs	15.333333333333336	0.0	0.0
116	__protein2_rbs	14.0	0.0	0.0
116	__protein3_rbs	1.6666666666666667	0.0	0.0
116	__ribosome	32.666666666666664	0.0	0.0
116	__rnase_site_ext	21.66666666666667	0.0	0.0
116	p0	1.0	0.0	0.0
116	protein1	928.3333333333335	21.66666666666667	1.373366
116	protein2	633.3333333333334	16.0	1.9375
116	protein3	131.66666666666666	3.6666666666666665	1.777778
116	r0	21.33333333333333	0.0	0.0
116	r2	17.666666666666668	0.0	0.0
116	rnapol	2.0	0.0	0.0
117	__protein1_rbs	17.333333333333332	0.0	0.0
117	__protein2_rbs	10.333333333333334	0.0	0.0
117	__protein3_rbs	3.0	0.0	0.0
117	__ribosome	32.333333333333336	0.0	0.0
117	__rnase_site_ext	22.33333333333333	0.0	0.0
117	p0	1.0	0.0	0.0
117	protein1	940.0	22.0	1.3194443333333334
117	protein2	643.6666666666666	16.0	2.001225333333333
117	protein3	133.33333333333334	3.6666666666666665	1.7333333333333334
117	r0	22.0	0.0	0.0
117	r2	18.0	0.0	0.0
117	rnapol	2.0	0.0	0.0
118	__protein1_rbs	17.0	0.0	0.0
118	__protein2_rbs	12.333333333333336	0.0	0.0
118	__protein3_rbs	2.333333333333333	0.0	0.0
118	__ribosome	28.33333333333333	0.0	0.0
118	__rnase_site_ext	21.0	0.0	0.0
118	p0	0.6666666666666666	0.0	0.0
118	protein1	946.6666666666665	22.0	1.5
118	protein2	652.0	16.333333333333332	1.889978333333333
118	protein3	134.0	4.0	2.111111
118	r0	20.0	0.0	0.0
118	r2	17.0	0.0	0.0
118	rnapol	1.3333333333333333	0.0	0.0
119	__protein1_rbs	17.666666666666668	0.0	0.0
119	__protein2_rbs	12.333333333333336	0.0	0.0
119	__protein3_rbs	1.6666666666666667	0.0	0.0
119	__ribosome	24.33333333333333	0.0	0.0
119	__rnase_site_ext	22.0	0.0	0.0
119	p0	1.0	0.0	0.0
119	protein1	956.3333333333335	22.33333333333333	1.5286273333333331
119	protein2	659.0	15.666666666666664	2.025641
119	protein3	135.0	3.6666666666666665	3.111111
119	r0	21.66666666666667	0.0	0.0
119	r2	16.666666666666668	0.0	0.0
119	rnapol	1.0	0.0	0.0
120	__protein1_rbs	17.333333333333332	0.0	0.0
120	__protein2_rbs	12.666666666666664	0.0	0.0
120	__protein3_rbs	2.6666666666666665	0.0	0.0
120	__ribosome	30.0	0.0	0.0
120	__rnase_site_ext	22.66666666666667	0.0	0.0
120	p0	1.0	0.0	0.0
120	protein1	968.0	22.66666666666667	1.451342333333333
120	protein2	666.6666666666666	16.0	1.8263303333333336
120	protein3	138.0	3.333333333333333	2.511111
120	r0	22.0	0.0	0.0
120	r2	16.333333333333332	0.0	0.0
120	rnapol	0.6666666666666666	0.0	0.0
121	__protein1_rbs	16.0	0.0	0.0
121	__protein2_rbs	12.333333333333336	0.0	0.0
121	__protein3_rbs	3.0	0.0	0.0
121	__ribosome	32.0	0.0	0.0
121	__rnase_site_ext	21.0	0.0	0.0
121	p0	0.6666666666666666	0.0	0.0
121	protein1	980.0	23.0	1.4064856666666667
121	protein2	676.0	16.0	1.7633053333333333
121	protein3	140.0	3.333333333333333	2.2222223333333333
121	r0	19.666666666666668	0.0	0.0
121	r2	17.0	0.0	0.0
121	rnapol	1.6666666666666667	0.0	0.0
122	__protein1_rbs	17.0	0.0	0.0
122	__protein2_rbs	12.333333333333336	0.0	0.0
122	__protein3_rbs	1.6666666666666667	0.0	0.0
122	__ribosome	32.666666666666664	0.0	0.0
122	__rnase_site_ext	23.0	0.0	0.0
122	p0	0.6666666666666666	0.0	0.0
122	protein1	990.6666666666665	23.0	1.3856243333333331
122	protein2	685.0	15.666666666666664	1.7132353333333334
122	protein3	142.0	3.333333333333333	2.588889
122	r0	22.66666666666667	0.0	0.0
122	r2	16.333333333333332	0.0	0.0
122	rnapol	2.0	0.0	0.0
123	__protein1_rbs	14.333333333333336	0.0	0.0
123	__protein2_rbs	11.666666666666664	0.0	0.0
123	__protein3_rbs	2.333333333333333	0.0	0.0
123	__ribosome	25.33333333333333	0.0	0.0
123	__rnase_site_ext	23.66666666666667	0.0	0.0
123	p0	1.0	0.0	0.0
123	protein1	1001.0	23.66666666666667	1.5487213333333332
123	protein2	691.6666666666665	15.666666666666664	1.9345236666666663
123	protein3	144.33333333333334	3.333333333333333	2.3666666666666667
123	r0	22.0	0.0	0.0
123	r2	16.666666666666668	0.0	0.0
123	rnapol	1.6666666666666667	0.0	0.0
124	__protein1_rbs	18.666666666666668	0.0	0.0
124	__protein2_rbs	12.333333333333336	0.0	0.0
124	__protein3_rbs	2.6666666666666665	0.0	0.0
124	__ribosome	25.33333333333333	0.0	0.0
124	__rnase_site_ext	22.66666666666667	0.0	0.0
124	p0	0.6666666666666666	0.0	0.0
124	protein1	1012.0	24.0	1.449191
124	protein2	697.6666666666665	15.333333333333336	2.1011903333333333
124	protein3	145.66666666666666	3.333333333333333	2.3666666666666667
124	r0	22.33333333333333	0.0	0.0
124	r2	16.333333333333332	0.0	0.0
124	rnapol	1.6666666666666667	0.0	0.0
125	__protein1_rbs	18.666666666666668	0.0	0.0
125	__protein2_rbs	11.333333333333336	0.0	0.0
125	__protein3_rbs	2.6666666666666665	0.0	0.0
125	__ribosome	27.33333333333333	0.0	0.0
125	__rnase_site_ext	24.0	0.0	0.0
125	p0	1.0	0.0	0.0
125	protein1	1021.6666666666665	24.33333333333333	1.484568
125	protein2	706.3333333333335	15.666666666666664	1.9834086666666668
125	protein3	148.33333333333334	3.333333333333333	2.0444443333333333
125	r0	24.0	0.0	0.0
125	r2	15.666666666666664	0.0	0.0
125	rnapol	1.6666666666666667	0.0	0.0
126	__protein1_rbs	19.0	0.0	0.0
126	__protein2_rbs	12.666666666666664	0.0	0.0
126	__protein3_rbs	2.6666666666666665	0.0	0.0
126	__ribosome	28.0	0.0	0.0
126	__rnase_site_ext	24.66666666666667	0.0	0.0
126	p0	1.0	0.0	0.0
126	protein1	1035.6666666666667	24.66666666666667	1.460619
126	protein2	713.6666666666665	16.333333333333332	1.927482
126	protein3	150.66666666666666	3.333333333333333	1.488889
126	r0	24.33333333333333	0.0	0.0
126	r2	15.333333333333336	0.0	0.0
126	rnapol	1.3333333333333333	0.0	0.0
127	__protein1_rbs	19.0	0.0	0.0
127	__protein2_rbs	12.666666666666664	0.0	0.0
127	__protein3_rbs	3.333333333333333	0.0	0.0
127	__ribosome	26.33333333333333	0.0	0.0
127	__rnase_site_ext	24.33333333333333	0.0	0.0
127	p0	1.0	0.0	0.0
127	protein1	1046.6666666666667	25.33333333333333	1.53808
127	protein2	723.0	16.333333333333332	1.8053223333333333
127	protein3	152.66666666666666	3.6666666666666665	1.6333333333333335
127	r0	23.66666666666667	0.0	0.0
127	r2	16.0	0.0	0.0
127	rnapol	1.0	0.0	0.0
128	__protein1_rbs	20.33333333333333	0.0	0.0
128	__protein2_rbs	12.333333333333336	0.0	0.0
128	__protein3_rbs	2.0	0.0	0.0
128	__ribosome	28.33333333333333	0.0	0.0
128	__rnase_site_ext	24.66666666666667	0.0	0.0
128	p0	1.0	0.0	0.0
128	protein1	1057.6666666666667	25.0	1.4823103333333332
128	protein2	731.6666666666665	16.0	1.6960783333333334
128	protein3	154.0	3.6666666666666665	2.25
128	r0	24.0	0.0	0.0
128	r2	16.333333333333332	0.0	0.0
128	rnapol	1.6666666666666667	0.0	0.0
129	__protein1_rbs	19.33333333333333	0.0	0.0
129	__protein2_rbs	11.666666666666664	0.0	0.0
129	__protein3_rbs	2.6666666666666665	0.0	0.0
129	__ribosome	24.33333333333333	0.0	0.0
129	__rnase_site_ext	25.0	0.0	0.0
129	p0	0.6666666666666666	0.0	0.0
129	protein1	1070.3333333333333	25.33333333333333	1.5557503333333331
129	protein2	737.3333333333335	16.0	1.7591036666666666
129	protein3	155.0	3.6666666666666665	2.3833333333333333
129	r0	24.66666666666667	0.0	0.0
129	r2	16.0	0.0	0.0
129	rnapol	2.0	0.0	0.0
130	__protein1_rbs	18.0	0.0	0.0
130	__protein2_rbs	11.333333333333336	0.0	0.0
130	__protein3_rbs	3.333333333333333	0.0	0.0
130	__ribosome	23.33333333333333	0.0	0.0
130	__rnase_site_ext	24.66666666666667	0.0	0.0
130	p0	1.0	0.0	0.0
130	protein1	1084.6666666666667	25.33333333333333	1.6260453333333336
130	protein2	747.0	16.333333333333332	1.7490196666666666
130	protein3	156.66666666666666	3.6666666666666665	2.3666666666666667
130	r0	23.66666666666667	0.0	0.0
130	r2	16.333333333333332	0.0	0.0
130	rnapol	3.0	0.0	0.0
131	__protein1_rbs	20.666666666666668	0.0	0.0
131	__protein2_rbs	13.333333333333336	0.0	0.0
131	__protein3_rbs	2.6666666666666665	0.0	0.0
131	__ribosome	24.66666666666667	0.0	0.0
131	__rnase_site_ext	24.66666666666667	0.0	0.0
131	p0	0.6666666666666666	0.0	0.0
131	protein1	1096.0	25.33333333333333	1.5685186666666666
131	protein2	754.3333333333335	16.666666666666668	1.6745096666666666
131	protein3	158.33333333333334	3.6666666666666665	2.5
131	r0	23.33333333333333	0.0	0.0
131	r2	16.0	0.0	0.0
131	rnapol	2.333333333333333	0.0	0.0
132	__protein1_rbs	21.66666666666667	0.0	0.0
132	__protein2_rbs	13.666666666666664	0.0	0.0
132	__protein3_rbs	3.333333333333333	0.0	0.0
132	__ribosome	30.33333333333333	0.0	0.0
132	__rnase_site_ext	25.33333333333333	0.0	0.0
132	p0	0.6666666666666666	0.0	0.0
132	protein1	1109.0	25.33333333333333	1.4757343333333333
132	protein2	761.0	16.666666666666668	1.6437906666666666
132	protein3	161.66666666666666	3.6666666666666665	1.6666666666666667
132	r0	24.0	0.0	0.0
132	r2	15.666666666666664	0.0	0.0
132	rnapol	1.3333333333333333	0.0	0.0
133	__protein1_rbs	20.0	0.0	0.0
133	__protein2_rbs	13.333333333333336	0.0	0.0
133	__protein3_rbs	2.6666666666666665	0.0	0.0
133	__ribosome	30.33333333333333	0.0	0.0
133	__rnase_site_ext	26.0	0.0	0.0
133	p0	1.0	0.0	0.0
133	protein1	1123.6666666666667	26.0	1.3214286666666666
133	protein2	768.6666666666665	17.0	1.757275666666667
133	protein3	164.0	3.333333333333333	1.8333333333333333
133	r0	24.33333333333333	0.0	0.0
133	r2	16.0	0.0	0.0
133	rnapol	1.3333333333333333	0.0	0.0
134	__protein1_rbs	21.33333333333333	0.0	0.0
134	__protein2_rbs	13.333333333333336	0.0	0.0
134	__protein3_rbs	2.6666666666666665	0.0	0.0
134	__ribosome	28.33333333333333	0.0	0.0
134	__rnase_site_ext	26.33333333333333	0.0	0.0
134	p0	1.0	0.0	0.0
134	protein1	1134.3333333333333	26.66666666666667	1.4239526666666666
134	protein2	777.0	16.666666666666668	1.734556666666667
134	protein3	166.0	3.333333333333333	1.6666666666666667
134	r0	25.66666666666667	0.0	0.0
134	r2	16.333333333333332	0.0	0.0
134	rnapol	0.6666666666666666	0.0	0.0
135	__protein1_rbs	20.33333333333333	0.0	0.0
135	__protein2_rbs	14.666666666666664	0.0	0.0
135	__protein3_rbs	3.0	0.0	0.0
135	__ribosome	29.33333333333333	0.0	0.0
135	__rnase_site_ext	26.66666666666667	0.0	0.0
135	p0	1.0	0.0	0.0
135	protein1	1146.6666666666667	26.66666666666667	1.3912866666666668
135	protein2	784.0	17.666666666666668	1.724436
135	protein3	167.66666666666666	3.333333333333333	1.4166666666666667
135	r0	26.33333333333333	0.0	0.0
135	r2	16.0	0.0	0.0
135	rnapol	1.0	0.0	0.0
136	__protein1_rbs	21.0	0.0	0.0
136	__protein2_rbs	14.333333333333336	0.0	0.0
136	__protein3_rbs	2.6666666666666665	0.0	0.0
136	__ribosome	29.33333333333333	0.0	0.0
136	__rnase_site_ext	26.0	0.0	0.0
136	p0	1.0	0.0	0.0
136	protein1	1159.6666666666667	26.33333333333333	1.3500766666666666
136	protein2	793.6666666666665	18.0	1.627193
136	protein3	168.0	3.333333333333333	2.1666666666666665
136	r0	25.66666666666667	0.0	0.0
136	r2	16.333333333333332	0.0	0.0
136	rnapol	1.3333333333333333	0.0	0.0
137	__protein1_rbs	19.33333333333333	0.0	0.0
137	__protein2_rbs	16.333333333333332	0.0	0.0
137	__protein3_rbs	2.6666666666666665	0.0	0.0
137	__ribosome	27.33333333333333	0.0	0.0
137	__rnase_site_ext	25.66666666666667	0.0	0.0
137	p0	1.0	0.0	0.0
137	protein1	1171.6666666666667	26.0	1.377565
137	protein2	801.0	19.0	1.65873
137	protein3	170.33333333333334	3.333333333333333	1.8333333333333333
137	r0	25.33333333333333	0.0	0.0
137	r2	16.0	0.0	0.0
137	rnapol	1.3333333333333333	0.0	0.0
138	__protein1_rbs	20.666666666666668	0.0	0.0
138	__protein2_rbs	13.666666666666664	0.0	0.0
138	__protein3_rbs	2.333333333333333	0.0	0.0
138	__ribosome	25.0	0.0	0.0
138	__rnase_site_ext	25.66666666666667	0.0	0.0
138	p0	1.0	0.0	0.0
138	protein1	1184.0	25.33333333333333	1.3303416666666668
138	protein2	809.0	18.0	1.939814666666667
138	protein3	171.0	3.333333333333333	2.0
138	r0	24.66666666666667	0.0	0.0
138	r2	16.333333333333332	0.0	0.0
138	rnapol	1.0	0.0	0.0
139	__protein1_rbs	18.666666666666668	0.0	0.0
139	__protein2_rbs	14.666666666666664	0.0	0.0
139	__protein3_rbs	3.333333333333333	0.0	0.0
139	__ribosome	21.66666666666667	0.0	0.0
139	__rnase_site_ext	25.66666666666667	0.0	0.0
139	p0	1.0	0.0	0.0
139	protein1	1194.6666666666667	25.33333333333333	1.441453
139	protein2	816.6666666666665	18.0	2.0375
139	protein3	173.0	3.6666666666666665	1.4
139	r0	23.66666666666667	0.0	0.0
139	r2	17.666666666666668	0.0	0.0
139	rnapol	1.0	0.0	0.0
140	__protein1_rbs	20.0	0.0	0.0
140	__protein2_rbs	14.0	0.0	0.0
140	__protein3_rbs	2.6666666666666665	0.0	0.0
140	__ribosome	25.66666666666667	0.0	0.0
140	__rnase_site_ext	25.0	0.0	0.0
140	p0	1.0	0.0	0.0
140	protein1	1207.3333333333333	25.0	1.448488
140	protein2	826.3333333333335	18.33333333333333	1.906209
140	protein3	175.0	3.6666666666666665	1.2666666666666666
140	r0	24.0	0.0	0.0
140	r2	18.0	0.0	0.0
140	rnapol	1.3333333333333333	0.0	0.0
141	__protein1_rbs	20.33333333333333	0.0	0.0
141	__protein2_rbs	13.666666666666664	0.0	0.0
141	__protein3_rbs	2.6666666666666665	0.0	0.0
141	__ribosome	26.0	0.0	0.0
141	__rnase_site_ext	25.66666666666667	0.0	0.0
141	p0	1.0	0.0	0.0
141	protein1	1218.6666666666667	25.33333333333333	1.414974
141	protein2	836.0	18.33333333333333	1.8581696666666667
141	protein3	176.33333333333337	3.6666666666666665	1.6833333333333331
141	r0	25.66666666666667	0.0	0.0
141	r2	18.0	0.0	0.0
141	rnapol	1.6666666666666667	0.0	0.0
142	__protein1_rbs	20.0	0.0	0.0
142	__protein2_rbs	14.0	0.0	0.0
142	__protein3_rbs	2.6666666666666665	0.0	0.0
142	__ribosome	27.33333333333333	0.0	0.0
142	__rnase_site_ext	25.66666666666667	0.0	0.0
142	p0	1.0	0.0	0.0
142	protein1	1231.6666666666667	26.0	1.3130606666666669
142	protein2	846.0	18.33333333333333	1.8462333333333332
142	protein3	177.66666666666663	3.333333333333333	1.6777776666666668
142	r0	25.33333333333333	0.0	0.0
142	r2	17.666666666666668	0.0	0.0
142	rnapol	1.6666666666666667	0.0	0.0
143	__protein1_rbs	21.0	0.0	0.0
143	__protein2_rbs	14.666666666666664	0.0	0.0
143	__protein3_rbs	2.6666666666666665	0.0	0.0
143	__ribosome	26.33333333333333	0.0	0.0
143	__rnase_site_ext	26.0	0.0	0.0
143	p0	1.0	0.0	0.0
143	protein1	1242.0	26.33333333333333	1.3013783333333333
143	protein2	855.3333333333335	18.33333333333333	1.8211326666666665
143	protein3	178.66666666666663	3.333333333333333	2.0444443333333333
143	r0	25.66666666666667	0.0	0.0
143	r2	18.0	0.0	0.0
143	rnapol	1.6666666666666667	0.0	0.0
144	__protein1_rbs	21.33333333333333	0.0	0.0
144	__protein2_rbs	14.666666666666664	0.0	0.0
144	__protein3_rbs	3.0	0.0	0.0
144	__ribosome	25.0	0.0	0.0
144	__rnase_site_ext	26.33333333333333	0.0	0.0
144	p0	1.0	0.0	0.0
144	protein1	1253.3333333333333	26.66666666666667	1.318372
144	protein2	863.0	18.666666666666668	1.8254903333333332
144	protein3	179.66666666666663	3.333333333333333	2.0444443333333333
144	r0	26.0	0.0	0.0
144	r2	17.333333333333332	0.0	0.0
144	rnapol	1.3333333333333333	0.0	0.0
145	__protein1_rbs	22.0	0.0	0.0
145	__protein2_rbs	15.0	0.0	0.0
145	__protein3_rbs	2.333333333333333	0.0	0.0
145	__ribosome	29.33333333333333	0.0	0.0
145	__rnase_site_ext	25.66666666666667	0.0	0.0
145	p0	1.0	0.0	0.0
145	protein1	1266.3333333333333	26.66666666666667	1.2664996666666666
145	protein2	872.3333333333335	18.33333333333333	1.6947713333333336
145	protein3	182.33333333333331	3.333333333333333	2.0
145	r0	24.33333333333333	0.0	0.0
145	r2	17.666666666666668	0.0	0.0
145	rnapol	1.3333333333333333	0.0	0.0
146	__protein1_rbs	21.66666666666667	0.0	0.0
146	__protein2_rbs	14.666666666666664	0.0	0.0
146	__protein3_rbs	2.333333333333333	0.0	0.0
146	__ribosome	28.0	0.0	0.0
146	__rnase_site_ext	25.0	0.0	0.0
146	p0	1.0	0.0	0.0
146	protein1	1276.3333333333333	26.0	1.3227263333333334
146	protein2	882.0	18.0	1.7310186666666667
146	protein3	183.66666666666663	3.333333333333333	2.2
146	r0	24.0	0.0	0.0
146	r2	18.0	0.0	0.0
146	rnapol	2.0	0.0	0.0
147	__protein1_rbs	21.66666666666667	0.0	0.0
147	__protein2_rbs	14.0	0.0	0.0
147	__protein3_rbs	2.333333333333333	0.0	0.0
147	__ribosome	27.66666666666667	0.0	0.0
147	__rnase_site_ext	26.66666666666667	0.0	0.0
147	p0	1.0	0.0	0.0
147	protein1	1288.0	26.33333333333333	1.3296936666666666
147	protein2	891.3333333333335	18.33333333333333	1.6663400000000002
147	protein3	185.33333333333331	3.333333333333333	2.088889
147	r0	25.66666666666667	0.0	0.0
147	r2	18.33333333333333	0.0	0.0
147	rnapol	1.6666666666666667	0.0	0.0
148	__protein1_rbs	20.0	0.0	0.0
148	__protein2_rbs	15.666666666666664	0.0	0.0
148	__protein3_rbs	3.0	0.0	0.0
148	__ribosome	28.0	0.0	0.0
148	__rnase_site_ext	27.0	0.0	0.0
148	p0	1.0	0.0	0.0
148	protein1	1301.3333333333333	27.0	1.2875
148	protein2	898.3333333333335	18.33333333333333	1.679303
148	protein3	186.33333333333331	3.6666666666666665	1.9444443333333328
148	r0	25.33333333333333	0.0	0.0
148	r2	18.666666666666668	0.0	0.0
148	rnapol	1.3333333333333333	0.0	0.0
149	__protein1_rbs	21.66666666666667	0.0	0.0
149	__protein2_rbs	15.333333333333336	0.0	0.0
149	__protein3_rbs	3.6666666666666665	0.0	0.0
149	__ribosome	26.0	0.0	0.0
149	__rnase_site_ext	27.33333333333333	0.0	0.0
149	p0	1.0	0.0	0.0
149	protein1	1312.0	27.0	1.34329
149	protein2	906.0	18.33333333333333	1.7429193333333337
149	protein3	189.66666666666663	3.6666666666666665	1.7222223333333335
149	r0	26.33333333333333	0.0	0.0
149	r2	18.666666666666668	0.0	0.0
149	rnapol	1.0	0.0	0.0
150	__protein1_rbs	23.66666666666667	0.0	0.0
150	__protein2_rbs	14.0	0.0	0.0
150	__protein3_rbs	3.0	0.0	0.0
150	__ribosome	22.66666666666667	0.0	0.0
150	__rnase_site_ext	27.0	0.0	0.0
150	p0	1.0	0.0	0.0
150	protein1	1323.6666666666667	27.33333333333333	1.3375476666666666
150	protein2	914.6666666666665	19.0	1.7448343333333334
150	protein3	190.33333333333331	3.6666666666666665	2.333333333333333
150	r0	26.66666666666667	0.0	0.0
150	r2	19.0	0.0	0.0
150	rnapol	2.333333333333333	0.0	0.0
151	__protein1_rbs	22.66666666666667	0.0	0.0
151	__protein2_rbs	15.333333333333336	0.0	0.0
151	__protein3_rbs	2.6666666666666665	0.0	0.0
151	__ribosome	26.0	0.0	0.0
151	__rnase_site_ext	26.66666666666667	0.0	0.0
151	p0	1.0	0.0	0.0
151	protein1	1337.3333333333333	27.0	1.2639366666666667
151	protein2	924.0	19.33333333333333	1.6691726666666664
151	protein3	192.33333333333331	3.6666666666666665	2.222222
151	r0	25.66666666666667	0.0	0.0
151	r2	18.666666666666668	0.0	0.0
151	rnapol	2.333333333333333	0.0	0.0
152	__protein1_rbs	23.0	0.0	0.0
152	__protein2_rbs	15.333333333333336	0.0	0.0
152	__protein3_rbs	2.6666666666666665	0.0	0.0
152	__ribosome	27.66666666666667	0.0	0.0
152	__rnase_site_ext	26.66666666666667	0.0	0.0
152	p0	1.0	0.0	0.0
152	protein1	1351.0	27.0	1.149066
152	protein2	932.0	19.0	1.7539683333333331
152	protein3	194.33333333333331	3.6666666666666665	2.3888890000000003
152	r0	26.0	0.0	0.0
152	r2	18.0	0.0	0.0
152	rnapol	2.333333333333333	0.0	0.0
153	__protein1_rbs	21.0	0.0	0.0
153	__protein2_rbs	13.666666666666664	0.0	0.0
153	__protein3_rbs	3.333333333333333	0.0	0.0
153	__ribosome	23.66666666666667	0.0	0.0
153	__rnase_site_ext	26.0	0.0	0.0
153	p0	1.0	0.0	0.0
153	protein1	1362.3333333333333	26.0	1.2800566666666666
153	protein2	941.3333333333335	19.33333333333333	1.9033693333333328
153	protein3	196.0	3.6666666666666665	2.0555553333333334
153	r0	24.66666666666667	0.0	0.0
153	r2	18.33333333333333	0.0	0.0
153	rnapol	1.3333333333333333	0.0	0.0
154	__protein1_rbs	18.33333333333333	0.0	0.0
154	__protein2_rbs	14.333333333333336	0.0	0.0
154	__protein3_rbs	2.6666666666666665	0.0	0.0
154	__ribosome	22.0	0.0	0.0
154	__rnase_site_ext	25.0	0.0	0.0
154	p0	0.6666666666666666	0.0	0.0
154	protein1	1374.666666666667	26.0	1.358046
154	protein2	949.6666666666665	19.0	1.9299223333333333
154	protein3	198.0	3.333333333333333	2.055555666666667
154	r0	24.33333333333333	0.0	0.0
154	r2	18.666666666666668	0.0	0.0
154	rnapol	1.3333333333333333	0.0	0.0
155	__protein1_rbs	21.33333333333333	0.0	0.0
155	__protein2_rbs	15.666666666666664	0.0	0.0
155	__protein3_rbs	2.333333333333333	0.0	0.0
155	__ribosome	26.66666666666667	0.0	0.0
155	__rnase_site_ext	25.0	0.0	0.0
155	p0	1.0	0.0	0.0
155	protein1	1385.666666666667	25.33333333333333	1.2857143333333334
155	protein2	959.3333333333335	19.0	1.8382066666666663
155	protein3	200.0	3.333333333333333	2.0
155	r0	24.33333333333333	0.0	0.0
155	r2	18.666666666666668	0.0	0.0
155	rnapol	1.6666666666666667	0.0	0.0
156	__protein1_rbs	19.0	0.0	0.0
156	__protein2_rbs	15.333333333333336	0.0	0.0
156	__protein3_rbs	2.0	0.0	0.0
156	__ribosome	27.66666666666667	0.0	0.0
156	__rnase_site_ext	24.33333333333333	0.0	0.0
156	p0	1.0	0.0	0.0
156	protein1	1398.666666666667	24.66666666666667	1.335185
156	protein2	970.3333333333335	19.0	1.7615009999999998
156	protein3	202.33333333333331	3.333333333333333	2.055555666666667
156	r0	23.66666666666667	0.0	0.0
156	r2	19.0	0.0	0.0
156	rnapol	2.0	0.0	0.0
157	__protein1_rbs	19.33333333333333	0.0	0.0
157	__protein2_rbs	14.666666666666664	0.0	0.0
157	__protein3_rbs	3.0	0.0	0.0
157	__ribosome	23.33333333333333	0.0	0.0
157	__rnase_site_ext	24.66666666666667	0.0	0.0
157	p0	1.0	0.0	0.0
157	protein1	1410.333333333333	25.0	1.3051143333333333
157	protein2	979.6666666666665	19.666666666666668	1.8692983333333333
157	protein3	203.0	3.333333333333333	2.444444333333333
157	r0	24.33333333333333	0.0	0.0
157	r2	18.666666666666668	0.0	0.0
157	rnapol	2.0	0.0	0.0
158	__protein1_rbs	17.333333333333332	0.0	0.0
158	__protein2_rbs	15.666666666666664	0.0	0.0
158	__protein3_rbs	3.333333333333333	0.0	0.0
158	__ribosome	22.66666666666667	0.0	0.0
158	__rnase_site_ext	24.66666666666667	0.0	0.0
158	p0	0.6666666666666666	0.0	0.0
158	protein1	1420.666666666667	25.0	1.342151333333333
158	protein2	989.0	19.666666666666668	1.881579
158	protein3	204.66666666666663	3.333333333333333	2.2222223333333333
158	r0	24.33333333333333	0.0	0.0
158	r2	18.666666666666668	0.0	0.0
158	rnapol	1.3333333333333333	0.0	0.0
159	__protein1_rbs	21.33333333333333	0.0	0.0
159	__protein2_rbs	15.333333333333336	0.0	0.0
159	__protein3_rbs	3.0	0.0	0.0
159	__ribosome	24.66666666666667	0.0	0.0
159	__rnase_site_ext	26.0	0.0	0.0
159	p0	1.0	0.0	0.0
159	protein1	1431.666666666667	26.0	1.3264913333333332
159	protein2	998.6666666666665	18.33333333333333	1.9451753333333333
159	protein3	206.66666666666663	3.333333333333333	1.8333333333333333
159	r0	25.33333333333333	0.0	0.0
159	r2	19.0	0.0	0.0
159	rnapol	1.0	0.0	0.0
160	__protein1_rbs	20.666666666666668	0.0	0.0
160	__protein2_rbs	14.333333333333336	0.0	0.0
160	__protein3_rbs	2.333333333333333	0.0	0.0
160	__ribosome	24.66666666666667	0.0	0.0
160	__rnase_site_ext	25.33333333333333	0.0	0.0
160	p0	1.0	0.0	0.0
160	protein1	1443.0	25.33333333333333	1.4135800000000005
160	protein2	1008.6666666666665	17.333333333333332	1.9391813333333336
160	protein3	209.0	3.333333333333333	1.888889
160	r0	25.0	0.0	0.0
160	r2	19.33333333333333	0.0	0.0
160	rnapol	2.0	0.0	0.0
161	__protein1_rbs	18.33333333333333	0.0	0.0
161	__protein2_rbs	12.666666666666664	0.0	0.0
161	__protein3_rbs	3.0	0.0	0.0
161	__ribosome	29.33333333333333	0.0	0.0
161	__rnase_site_ext	24.0	0.0	0.0
161	p0	0.6666666666666666	0.0	0.0
161	protein1	1455.333333333333	24.66666666666667	1.4751049999999999
161	protein2	1021.3333333333335	17.333333333333332	1.582651
161	protein3	210.33333333333331	3.333333333333333	1.9444443333333328
161	r0	24.0	0.0	0.0
161	r2	19.666666666666668	0.0	0.0
161	rnapol	1.6666666666666667	0.0	0.0
162	__protein1_rbs	17.666666666666668	0.0	0.0
162	__protein2_rbs	14.0	0.0	0.0
162	__protein3_rbs	3.0	0.0	0.0
162	__ribosome	26.33333333333333	0.0	0.0
162	__rnase_site_ext	23.0	0.0	0.0
162	p0	1.0	0.0	0.0
162	protein1	1469.666666666667	24.0	1.5213430000000001
162	protein2	1029.0	18.0	1.628240666666667
162	protein3	211.0	3.6666666666666665	2.2777776666666667
162	r0	22.0	0.0	0.0
162	r2	19.33333333333333	0.0	0.0
162	rnapol	2.0	0.0	0.0
163	__protein1_rbs	19.666666666666668	0.0	0.0
163	__protein2_rbs	15.666666666666664	0.0	0.0
163	__protein3_rbs	3.6666666666666665	0.0	0.0
163	__ribosome	30.66666666666667	0.0	0.0
163	__rnase_site_ext	23.66666666666667	0.0	0.0
163	p0	0.6666666666666666	0.0	0.0
163	protein1	1480.666666666667	23.33333333333333	1.4834126666666665
163	protein2	1038.0	17.666666666666668	1.5249756666666665
163	protein3	212.66666666666663	3.6666666666666665	2.3888890000000003
163	r0	23.0	0.0	0.0
163	r2	20.0	0.0	0.0
163	rnapol	1.3333333333333333	0.0	0.0
164	__protein1_rbs	19.0	0.0	0.0
164	__protein2_rbs	14.0	0.0	0.0
164	__protein3_rbs	3.0	0.0	0.0
164	__ribosome	30.33333333333333	0.0	0.0
164	__rnase_site_ext	24.0	0.0	0.0
164	p0	0.6666666666666666	0.0	0.0
164	protein1	1494.0	23.66666666666667	1.378283
164	protein2	1044.0	17.666666666666668	1.8166423333333332
164	protein3	216.66666666666663	3.6666666666666665	1.611111
164	r0	23.33333333333333	0.0	0.0
164	r2	20.0	0.0	0.0
164	rnapol	1.3333333333333333	0.0	0.0
165	__protein1_rbs	15.0	0.0	0.0
165	__protein2_rbs	12.666666666666664	0.0	0.0
165	__protein3_rbs	2.333333333333333	0.0	0.0
165	__ribosome	23.0	0.0	0.0
165	__rnase_site_ext	23.0	0.0	0.0
165	p0	1.0	0.0	0.0
165	protein1	1507.666666666667	23.33333333333333	1.4698196666666667
165	protein2	1053.0	18.0	2.0
165	protein3	216.66666666666663	3.333333333333333	2.777778
165	r0	21.33333333333333	0.0	0.0
165	r2	19.0	0.0	0.0
165	rnapol	1.6666666666666667	0.0	0.0
166	__protein1_rbs	19.666666666666668	0.0	0.0
166	__protein2_rbs	13.333333333333336	0.0	0.0
166	__protein3_rbs	2.333333333333333	0.0	0.0
166	__ribosome	25.0	0.0	0.0
166	__rnase_site_ext	23.33333333333333	0.0	0.0
166	p0	0.6666666666666666	0.0	0.0
166	protein1	1517.333333333333	23.66666666666667	1.4604700000000002
166	protein2	1062.0	17.0	2.045948
166	protein3	219.33333333333331	3.333333333333333	2.444444333333333
166	r0	22.33333333333333	0.0	0.0
166	r2	18.0	0.0	0.0
166	rnapol	1.6666666666666667	0.0	0.0
167	__protein1_rbs	18.33333333333333	0.0	0.0
167	__protein2_rbs	14.666666666666664	0.0	0.0
167	__protein3_rbs	3.0	0.0	0.0
167	__ribosome	25.33333333333333	0.0	0.0
167	__rnase_site_ext	24.0	0.0	0.0
167	p0	1.0	0.0	0.0
167	protein1	1529.333333333333	24.0	1.447455333333333
167	protein2	1070.0	17.0	2.0057793333333334
167	protein3	220.66666666666663	3.333333333333333	2.1111113333333336
167	r0	23.66666666666667	0.0	0.0
167	r2	17.666666666666668	0.0	0.0
167	rnapol	1.3333333333333333	0.0	0.0
168	__protein1_rbs	18.0	0.0	0.0
168	__protein2_rbs	13.333333333333336	0.0	0.0
168	__protein3_rbs	2.6666666666666665	0.0	0.0
168	__ribosome	30.66666666666667	0.0	0.0
168	__rnase_site_ext	23.33333333333333	0.0	0.0
168	p0	0.6666666666666666	0.0	0.0
168	protein1	1543.666666666667	23.66666666666667	1.4790889999999999
168	protein2	1083.0	17.0	1.7370370000000002
168	protein3	222.33333333333331	3.333333333333333	1.9444443333333328
168	r0	23.33333333333333	0.0	0.0
168	r2	17.666666666666668	0.0	0.0
168	rnapol	1.6666666666666667	0.0	0.0
169	__protein1_rbs	17.333333333333332	0.0	0.0
169	__protein2_rbs	12.666666666666664	0.0	0.0
169	__protein3_rbs	2.6666666666666665	0.0	0.0
169	__ribosome	26.66666666666667	0.0	0.0
169	__rnase_site_ext	24.0	0.0	0.0
169	p0	1.0	0.0	0.0
169	protein1	1554.666666666667	24.33333333333333	1.609127
169	protein2	1093.3333333333333	16.333333333333332	1.7790849999999998
169	protein3	224.33333333333331	3.333333333333333	1.888889
169	r0	23.0	0.0	0.0
169	r2	17.666666666666668	0.0	0.0
169	rnapol	1.3333333333333333	0.0	0.0
170	__protein1_rbs	17.333333333333332	0.0	0.0
170	__protein2_rbs	12.0	0.0	0.0
170	__protein3_rbs	2.333333333333333	0.0	0.0
170	__ribosome	27.0	0.0	0.0
170	__rnase_site_ext	23.33333333333333	0.0	0.0
170	p0	1.0	0.0	0.0
170	protein1	1567.666666666667	23.33333333333333	1.5504386666666663
170	protein2	1101.6666666666667	16.666666666666668	1.883598
170	protein3	226.0	3.333333333333333	1.611111
170	r0	22.0	0.0	0.0
170	r2	18.0	0.0	0.0
170	rnapol	1.3333333333333333	0.0	0.0
171	__protein1_rbs	15.666666666666664	0.0	0.0
171	__protein2_rbs	12.333333333333336	0.0	0.0
171	__protein3_rbs	2.333333333333333	0.0	0.0
171	__ribosome	30.33333333333333	0.0	0.0
171	__rnase_site_ext	22.0	0.0	0.0
171	p0	1.0	0.0	0.0
171	protein1	1582.666666666667	22.66666666666667	1.5385506666666668
171	protein2	1110.3333333333333	17.0	1.7564743333333332
171	protein3	227.66666666666663	3.333333333333333	2.0
171	r0	21.33333333333333	0.0	0.0
171	r2	18.33333333333333	0.0	0.0
171	rnapol	1.3333333333333333	0.0	0.0
172	__protein1_rbs	18.0	0.0	0.0
172	__protein2_rbs	13.333333333333336	0.0	0.0
172	__protein3_rbs	2.6666666666666665	0.0	0.0
172	__ribosome	30.0	0.0	0.0
172	__rnase_site_ext	21.33333333333333	0.0	0.0
172	p0	1.0	0.0	0.0
172	protein1	1597.0	22.33333333333333	1.5051516666666664
172	protein2	1117.3333333333333	17.333333333333332	1.7736843333333336
172	protein3	228.66666666666663	3.333333333333333	2.055555333333333
172	r0	21.33333333333333	0.0	0.0
172	r2	17.666666666666668	0.0	0.0
172	rnapol	1.3333333333333333	0.0	0.0
173	__protein1_rbs	19.0	0.0	0.0
173	__protein2_rbs	14.333333333333336	0.0	0.0
173	__protein3_rbs	2.333333333333333	0.0	0.0
173	__ribosome	28.66666666666667	0.0	0.0
173	__rnase_site_ext	21.66666666666667	0.0	0.0
173	p0	1.0	0.0	0.0
173	protein1	1607.666666666667	22.0	1.5772886666666668
173	protein2	1127.6666666666667	17.666666666666668	1.7333333333333332
173	protein3	230.0	3.0	2.2222223333333333
173	r0	21.33333333333333	0.0	0.0
173	r2	18.0	0.0	0.0
173	rnapol	1.6666666666666667	0.0	0.0
174	__protein1_rbs	17.0	0.0	0.0
174	__protein2_rbs	12.666666666666664	0.0	0.0
174	__protein3_rbs	2.0	0.0	0.0
174	__ribosome	31.0	0.0	0.0
174	__rnase_site_ext	22.0	0.0	0.0
174	p0	1.0	0.0	0.0
174	protein1	1622.666666666667	22.33333333333333	1.4056749999999998
174	protein2	1135.6666666666667	17.666666666666668	1.7907406666666668
174	protein3	232.0	3.0	2.2
174	r0	21.0	0.0	0.0
174	r2	18.0	0.0	0.0
174	rnapol	2.0	0.0	0.0
175	__protein1_rbs	19.0	0.0	0.0
175	__protein2_rbs	13.333333333333336	0.0	0.0
175	__protein3_rbs	2.6666666666666665	0.0	0.0
175	__ribosome	30.66666666666667	0.0	0.0
175	__rnase_site_ext	21.66666666666667	0.0	0.0
175	p0	1.0	0.0	0.0
175	protein1	1634.333333333333	21.66666666666667	1.402512
175	protein2	1144.3333333333333	17.666666666666668	1.7911763333333333
175	protein3	233.0	3.333333333333333	2.066666666666667
175	r0	21.66666666666667	0.0	0.0
175	r2	18.0	0.0	0.0
175	rnapol	2.0	0.0	0.0
176	__protein1_rbs	17.666666666666668	0.0	0.0
176	__protein2_rbs	12.666666666666664	0.0	0.0
176	__protein3_rbs	1.6666666666666667	0.0	0.0
176	__ribosome	32.333333333333336	0.0	0.0
176	__rnase_site_ext	23.0	0.0	0.0
176	p0	1.0	0.0	0.0
176	protein1	1646.0	22.0	1.3621693333333331
176	protein2	1155.6666666666667	17.333333333333332	1.7791666666666668
176	protein3	234.66666666666663	3.0	2.6666666666666665
176	r0	22.0	0.0	0.0
176	r2	18.0	0.0	0.0
176	rnapol	1.0	0.0	0.0
177	__protein1_rbs	17.333333333333332	0.0	0.0
177	__protein2_rbs	14.333333333333336	0.0	0.0
177	__protein3_rbs	2.6666666666666665	0.0	0.0
177	__ribosome	29.66666666666667	0.0	0.0
177	__rnase_site_ext	22.66666666666667	0.0	0.0
177	p0	0.3333333333333333	0.0	0.0
177	protein1	1657.0	23.0	1.352369666666667
177	protein2	1163.3333333333333	17.333333333333332	1.9302113333333333
177	protein3	236.66666666666663	3.0	2.1
177	r0	22.66666666666667	0.0	0.0
177	r2	17.666666666666668	0.0	0.0
177	rnapol	0.3333333333333333	0.0	0.0
178	__protein1_rbs	20.0	0.0	0.0
178	__protein2_rbs	14.666666666666664	0.0	0.0
178	__protein3_rbs	2.6666666666666665	0.0	0.0
178	__ribosome	30.33333333333333	0.0	0.0
178	__rnase_site_ext	23.66666666666667	0.0	0.0
178	p0	1.0	0.0	0.0
178	protein1	1669.666666666667	24.0	1.3050376666666663
178	protein2	1173.3333333333333	17.666666666666668	1.899732
178	protein3	238.66666666666663	3.0	1.8666666666666665
178	r0	22.33333333333333	0.0	0.0
178	r2	17.333333333333332	0.0	0.0
178	rnapol	0.6666666666666666	0.0	0.0
179	__protein1_rbs	19.666666666666668	0.0	0.0
179	__protein2_rbs	13.666666666666664	0.0	0.0
179	__protein3_rbs	2.6666666666666665	0.0	0.0
179	__ribosome	25.66666666666667	0.0	0.0
179	__rnase_site_ext	24.0	0.0	0.0
179	p0	1.0	0.0	0.0
179	protein1	1679.0	24.0	1.5467566666666668
179	protein2	1183.0	17.333333333333332	1.9148146666666668
179	protein3	240.66666666666663	3.0	1.7333333333333334
179	r0	23.33333333333333	0.0	0.0
179	r2	17.0	0.0	0.0
179	rnapol	1.0	0.0	0.0
180	__protein1_rbs	18.0	0.0	0.0
180	__protein2_rbs	13.0	0.0	0.0
180	__protein3_rbs	2.333333333333333	0.0	0.0
180	__ribosome	25.66666666666667	0.0	0.0
180	__rnase_site_ext	24.33333333333333	0.0	0.0
180	p0	1.0	0.0	0.0
180	protein1	1692.0	23.66666666666667	1.5548653333333335
180	protein2	1193.6666666666667	17.333333333333332	1.9085396666666667
180	protein3	242.66666666666663	3.0	1.8
180	r0	23.0	0.0	0.0
180	r2	17.0	0.0	0.0
180	rnapol	1.3333333333333333	0.0	0.0
181	__protein1_rbs	18.666666666666668	0.0	0.0
181	__protein2_rbs	14.0	0.0	0.0
181	__protein3_rbs	2.0	0.0	0.0
181	__ribosome	28.33333333333333	0.0	0.0
181	__rnase_site_ext	24.0	0.0	0.0
181	p0	1.0	0.0	0.0
181	protein1	1706.666666666667	24.33333333333333	1.4390896666666666
181	protein2	1204.0	17.333333333333332	1.803986
181	protein3	243.66666666666663	3.0	2.1333333333333333
181	r0	23.0	0.0	0.0
181	r2	17.0	0.0	0.0
181	rnapol	2.0	0.0	0.0
182	__protein1_rbs	18.0	0.0	0.0
182	__protein2_rbs	12.333333333333336	0.0	0.0
182	__protein3_rbs	2.0	0.0	0.0
182	__ribosome	24.33333333333333	0.0	0.0
182	__rnase_site_ext	25.0	0.0	0.0
182	p0	1.0	0.0	0.0
182	protein1	1719.333333333333	24.66666666666667	1.474694333333333
182	protein2	1213.0	17.333333333333332	1.93105
182	protein3	244.66666666666663	2.6666666666666665	3.1
182	r0	24.66666666666667	0.0	0.0
182	r2	17.0	0.0	0.0
182	rnapol	1.3333333333333333	0.0	0.0
183	__protein1_rbs	20.33333333333333	0.0	0.0
183	__protein2_rbs	13.0	0.0	0.0
183	__protein3_rbs	2.333333333333333	0.0	0.0
183	__ribosome	26.66666666666667	0.0	0.0
183	__rnase_site_ext	24.66666666666667	0.0	0.0
183	p0	1.0	0.0	0.0
183	protein1	1732.0	24.66666666666667	1.3980333333333332
183	protein2	1222.3333333333333	17.666666666666668	1.9453043333333333
183	protein3	247.33333333333331	2.6666666666666665	2.3666666666666667
183	r0	24.66666666666667	0.0	0.0
183	r2	17.0	0.0	0.0
183	rnapol	1.6666666666666667	0.0	0.0
184	__protein1_rbs	17.333333333333332	0.0	0.0
184	__protein2_rbs	14.0	0.0	0.0
184	__protein3_rbs	2.0	0.0	0.0
184	__ribosome	23.33333333333333	0.0	0.0
184	__rnase_site_ext	25.0	0.0	0.0
184	p0	1.0	0.0	0.0
184	protein1	1745.0	25.33333333333333	1.5358780000000003
184	protein2	1232.6666666666667	18.33333333333333	1.7936820000000002
184	protein3	248.0	2.6666666666666665	2.1666666666666665
184	r0	24.0	0.0	0.0
184	r2	16.666666666666668	0.0	0.0
184	rnapol	1.0	0.0	0.0
185	__protein1_rbs	21.33333333333333	0.0	0.0
185	__protein2_rbs	14.666666666666664	0.0	0.0
185	__protein3_rbs	2.0	0.0	0.0
185	__ribosome	24.66666666666667	0.0	0.0
185	__rnase_site_ext	25.66666666666667	0.0	0.0
185	p0	0.6666666666666666	0.0	0.0
185	protein1	1759.333333333333	25.66666666666667	1.4705313333333334
185	protein2	1242.0	19.0	1.7648146666666669
185	protein3	249.66666666666663	2.333333333333333	1.9166666666666667
185	r0	25.66666666666667	0.0	0.0
185	r2	16.666666666666668	0.0	0.0
185	rnapol	1.0	0.0	0.0
186	__protein1_rbs	20.0	0.0	0.0
186	__protein2_rbs	14.0	0.0	0.0
186	__protein3_rbs	1.6666666666666667	0.0	0.0
186	__ribosome	24.0	0.0	0.0
186	__rnase_site_ext	25.0	0.0	0.0
186	p0	1.0	0.0	0.0
186	protein1	1772.333333333333	25.66666666666667	1.5679953333333332
186	protein2	1254.3333333333333	19.33333333333333	1.6765523333333334
186	protein3	251.33333333333331	2.333333333333333	1.75
186	r0	24.33333333333333	0.0	0.0
186	r2	17.0	0.0	0.0
186	rnapol	1.3333333333333333	0.0	0.0
187	__protein1_rbs	19.0	0.0	0.0
187	__protein2_rbs	15.333333333333336	0.0	0.0
187	__protein3_rbs	2.0	0.0	0.0
187	__ribosome	25.33333333333333	0.0	0.0
187	__rnase_site_ext	24.0	0.0	0.0
187	p0	1.0	0.0	0.0
187	protein1	1789.0	25.0	1.4827586666666666
187	protein2	1262.0	19.33333333333333	1.74269
187	protein3	252.33333333333331	2.333333333333333	1.8333333333333333
187	r0	24.0	0.0	0.0
187	r2	17.333333333333332	0.0	0.0
187	rnapol	2.0	0.0	0.0
188	__protein1_rbs	19.666666666666668	0.0	0.0
188	__protein2_rbs	15.333333333333336	0.0	0.0
188	__protein3_rbs	1.6666666666666667	0.0	0.0
188	__ribosome	27.33333333333333	0.0	0.0
188	__rnase_site_ext	25.33333333333333	0.0	0.0
188	p0	1.0	0.0	0.0
188	protein1	1802.666666666667	25.66666666666667	1.4585106666666665
188	protein2	1273.6666666666667	19.666666666666668	1.6145503333333335
188	protein3	254.0	2.333333333333333	1.5833333333333333
188	r0	24.33333333333333	0.0	0.0
188	r2	17.333333333333332	0.0	0.0
188	rnapol	1.6666666666666667	0.0	0.0
189	__protein1_rbs	18.33333333333333	0.0	0.0
189	__protein2_rbs	16.666666666666668	0.0	0.0
189	__protein3_rbs	2.0	0.0	0.0
189	__ribosome	25.0	0.0	0.0
189	__rnase_site_ext	25.33333333333333	0.0	0.0
189	p0	1.0	0.0	0.0
189	protein1	1816.666666666667	25.0	1.5006903333333332
189	protein2	1283.0	19.666666666666668	1.677778
189	protein3	254.33333333333331	2.6666666666666665	1.9722223333333333
189	r0	24.0	0.0	0.0
189	r2	18.0	0.0	0.0
189	rnapol	1.3333333333333333	0.0	0.0
190	__protein1_rbs	19.0	0.0	0.0
190	__protein2_rbs	16.0	0.0	0.0
190	__protein3_rbs	2.333333333333333	0.0	0.0
190	__ribosome	24.66666666666667	0.0	0.0
190	__rnase_site_ext	24.66666666666667	0.0	0.0
190	p0	1.0	0.0	0.0
190	protein1	1830.0	24.66666666666667	1.5486453333333337
190	protein2	1292.0	20.0	1.635923
190	protein3	256.0	3.0	1.8666666666666665
190	r0	24.33333333333333	0.0	0.0
190	r2	18.33333333333333	0.0	0.0
190	rnapol	1.6666666666666667	0.0	0.0
191	__protein1_rbs	20.33333333333333	0.0	0.0
191	__protein2_rbs	15.0	0.0	0.0
191	__protein3_rbs	1.3333333333333333	0.0	0.0
191	__ribosome	25.66666666666667	0.0	0.0
191	__rnase_site_ext	25.33333333333333	0.0	0.0
191	p0	1.0	0.0	0.0
191	protein1	1845.0	25.0	1.324277
191	protein2	1302.6666666666667	20.0	1.7402253333333333
191	protein3	256.6666666666667	3.0	2.4
191	r0	24.33333333333333	0.0	0.0
191	r2	18.666666666666668	0.0	0.0
191	rnapol	1.6666666666666667	0.0	0.0
192	__protein1_rbs	20.0	0.0	0.0
192	__protein2_rbs	13.666666666666664	0.0	0.0
192	__protein3_rbs	2.6666666666666665	0.0	0.0
192	__ribosome	26.0	0.0	0.0
192	__rnase_site_ext	24.66666666666667	0.0	0.0
192	p0	1.0	0.0	0.0
192	protein1	1860.333333333333	25.0	1.2189176666666668
192	protein2	1312.6666666666667	20.0	1.9011166666666668
192	protein3	258.0	3.0	2.0
192	r0	23.33333333333333	0.0	0.0
192	r2	18.33333333333333	0.0	0.0
192	rnapol	2.0	0.0	0.0
193	__protein1_rbs	17.666666666666668	0.0	0.0
193	__protein2_rbs	14.333333333333336	0.0	0.0
193	__protein3_rbs	2.333333333333333	0.0	0.0
193	__ribosome	21.66666666666667	0.0	0.0
193	__rnase_site_ext	24.33333333333333	0.0	0.0
193	p0	1.0	0.0	0.0
193	protein1	1871.333333333333	25.0	1.314459
193	protein2	1321.6666666666667	19.666666666666668	2.0116959999999997
193	protein3	260.0	3.0	2.066666666666667
193	r0	23.66666666666667	0.0	0.0
193	r2	18.666666666666668	0.0	0.0
193	rnapol	2.6666666666666665	0.0	0.0
194	__protein1_rbs	21.66666666666667	0.0	0.0
194	__protein2_rbs	13.333333333333336	0.0	0.0
194	__protein3_rbs	2.6666666666666665	0.0	0.0
194	__ribosome	25.0	0.0	0.0
194	__rnase_site_ext	25.33333333333333	0.0	0.0
194	p0	0.3333333333333333	0.0	0.0
194	protein1	1884.0	25.66666666666667	1.1762453333333334
194	protein2	1333.3333333333333	19.666666666666668	1.985798
194	protein3	262.0	3.0	2.288889
194	r0	25.0	0.0	0.0
194	r2	18.666666666666668	0.0	0.0
194	rnapol	1.6666666666666667	0.0	0.0
195	__protein1_rbs	16.666666666666668	0.0	0.0
195	__protein2_rbs	12.333333333333336	0.0	0.0
195	__protein3_rbs	2.0	0.0	0.0
195	__ribosome	21.33333333333333	0.0	0.0
195	__rnase_site_ext	25.66666666666667	0.0	0.0
195	p0	0.6666666666666666	0.0	0.0
195	protein1	1894.333333333333	26.66666666666667	1.3622223333333334
195	protein2	1346.0	18.666666666666668	1.9853973333333328
195	protein3	264.0	3.0	2.2
195	r0	24.33333333333333	0.0	0.0
195	r2	19.0	0.0	0.0
195	rnapol	0.6666666666666666	0.0	0.0
196	__protein1_rbs	21.33333333333333	0.0	0.0
196	__protein2_rbs	15.666666666666664	0.0	0.0
196	__protein3_rbs	2.333333333333333	0.0	0.0
196	__ribosome	23.0	0.0	0.0
196	__rnase_site_ext	28.0	0.0	0.0
196	p0	1.0	0.0	0.0
196	protein1	1907.333333333333	27.66666666666667	1.354552
196	protein2	1357.0	19.0	1.7703703333333334
196	protein3	265.0	3.0	2.2666666666666666
196	r0	26.66666666666667	0.0	0.0
196	r2	19.0	0.0	0.0
196	rnapol	0.3333333333333333	0.0	0.0
197	__protein1_rbs	22.66666666666667	0.0	0.0
197	__protein2_rbs	15.333333333333336	0.0	0.0
197	__protein3_rbs	2.0	0.0	0.0
197	__ribosome	24.66666666666667	0.0	0.0
197	__rnase_site_ext	28.0	0.0	0.0
197	p0	1.0	0.0	0.0
197	protein1	1919.0	28.0	1.3580706666666666
197	protein2	1367.6666666666667	19.33333333333333	1.677193
197	protein3	267.0	3.0	1.8444443333333331
197	r0	27.33333333333333	0.0	0.0
197	r2	18.666666666666668	0.0	0.0
197	rnapol	1.0	0.0	0.0
198	__protein1_rbs	21.66666666666667	0.0	0.0
198	__protein2_rbs	15.333333333333336	0.0	0.0
198	__protein3_rbs	2.0	0.0	0.0
198	__ribosome	26.0	0.0	0.0
198	__rnase_site_ext	27.33333333333333	0.0	0.0
198	p0	1.0	0.0	0.0
198	protein1	1936.666666666667	27.33333333333333	1.252136666666667
198	protein2	1377.666666666667	20.0	1.7478696666666669
198	protein3	268.6666666666667	3.0	2.333333333333333
198	r0	26.33333333333333	0.0	0.0
198	r2	19.0	0.0	0.0
198	rnapol	1.0	0.0	0.0
199	__protein1_rbs	23.0	0.0	0.0
199	__protein2_rbs	15.333333333333336	0.0	0.0
199	__protein3_rbs	2.333333333333333	0.0	0.0
199	__ribosome	24.66666666666667	0.0	0.0
199	__rnase_site_ext	27.66666666666667	0.0	0.0
199	p0	1.0	0.0	0.0
199	protein1	1950.666666666667	28.0	1.2307076666666663
199	protein2	1387.666666666667	20.33333333333333	1.776107
199	protein3	270.6666666666667	3.333333333333333	2.1666666666666665
199	r0	26.66666666666667	0.0	0.0
199	r2	18.666666666666668	0.0	0.0
199	rnapol	1.3333333333333333	0.0	0.0
200	__protein1_rbs	25.0	0.0	0.0
200	__protein2_rbs	16.666666666666668	0.0	0.0
200	__protein3_rbs	2.6666666666666665	0.0	0.0
200	__ribosome	22.33333333333333	0.0	0.0
200	__rnase_site_ext	29.0	0.0	0.0
200	p0	0.6666666666666666	0.0	0.0
200	protein1	1962.666666666667	29.0	1.2258596666666666
200	protein2	1397.0	20.33333333333333	1.8095240000000001
200	protein3	271.3333333333333	3.333333333333333	2.3000000000000003
200	r0	28.33333333333333	0.0	0.0
200	r2	18.666666666666668	0.0	0.0
200	rnapol	0.6666666666666666	0.0	0.0
201	__protein1_rbs	20.33333333333333	0.0	0.0
201	__protein2_rbs	17.0	0.0	0.0
201	__protein3_rbs	2.333333333333333	0.0	0.0
201	__ribosome	24.0	0.0	0.0
201	__rnase_site_ext	28.0	0.0	0.0
201	p0	1.0	0.0	0.0
201	protein1	1978.0	28.66666666666667	1.1935626666666668
201	protein2	1409.666666666667	21.0	1.6700580000000003
201	protein3	273.0	3.333333333333333	2.6333333333333333
201	r0	26.66666666666667	0.0	0.0
201	r2	19.0	0.0	0.0
201	rnapol	1.0	0.0	0.0
202	__protein1_rbs	20.33333333333333	0.0	0.0
202	__protein2_rbs	18.0	0.0	0.0
202	__protein3_rbs	3.0	0.0	0.0
202	__ribosome	19.666666666666668	0.0	0.0
202	__rnase_site_ext	28.33333333333333	0.0	0.0
202	p0	1.0	0.0	0.0
202	protein1	1991.333333333333	28.33333333333333	1.262433666666667
202	protein2	1417.666666666667	21.66666666666667	1.6933623333333332
202	protein3	274.6666666666667	3.333333333333333	2.6
202	r0	27.0	0.0	0.0
202	r2	19.0	0.0	0.0
202	rnapol	1.3333333333333333	0.0	0.0
203	__protein1_rbs	24.0	0.0	0.0
203	__protein2_rbs	16.0	0.0	0.0
203	__protein3_rbs	2.0	0.0	0.0
203	__ribosome	21.0	0.0	0.0
203	__rnase_site_ext	28.33333333333333	0.0	0.0
203	p0	0.6666666666666666	0.0	0.0
203	protein1	2003.666666666667	28.66666666666667	1.2008213333333335
203	protein2	1431.333333333333	21.66666666666667	1.6500723333333334
203	protein3	276.0	3.333333333333333	3.0666666666666664
203	r0	27.66666666666667	0.0	0.0
203	r2	19.0	0.0	0.0
203	rnapol	0.3333333333333333	0.0	0.0
204	__protein1_rbs	23.33333333333333	0.0	0.0
204	__protein2_rbs	16.666666666666668	0.0	0.0
204	__protein3_rbs	2.6666666666666665	0.0	0.0
204	__ribosome	23.33333333333333	0.0	0.0
204	__rnase_site_ext	29.0	0.0	0.0
204	p0	1.0	0.0	0.0
204	protein1	2016.0	29.0	1.2506763333333335
204	protein2	1442.333333333333	22.0	1.499372666666667
204	protein3	279.0	3.333333333333333	2.7
204	r0	28.66666666666667	0.0	0.0
204	r2	19.666666666666668	0.0	0.0
204	rnapol	1.0	0.0	0.0
205	__protein1_rbs	25.33333333333333	0.0	0.0
205	__protein2_rbs	16.0	0.0	0.0
205	__protein3_rbs	2.6666666666666665	0.0	0.0
205	__ribosome	23.66666666666667	0.0	0.0
205	__rnase_site_ext	28.66666666666667	0.0	0.0
205	p0	1.0	0.0	0.0
205	protein1	2032.0	29.0	1.1383733333333332
205	protein2	1450.666666666667	22.0	1.6380263333333334
205	protein3	281.6666666666667	3.333333333333333	2.4833333333333334
205	r0	27.66666666666667	0.0	0.0
205	r2	20.33333333333333	0.0	0.0
205	rnapol	1.0	0.0	0.0
206	__protein1_rbs	22.33333333333333	0.0	0.0
206	__protein2_rbs	19.0	0.0	0.0
206	__protein3_rbs	2.333333333333333	0.0	0.0
206	__ribosome	22.33333333333333	0.0	0.0
206	__rnase_site_ext	28.66666666666667	0.0	0.0
206	p0	1.0	0.0	0.0
206	protein1	2045.0	28.66666666666667	1.2879596666666668
206	protein2	1463.666666666667	22.33333333333333	1.4933333333333334
206	protein3	284.0	3.333333333333333	2.566666666666667
206	r0	28.33333333333333	0.0	0.0
206	r2	21.0	0.0	0.0
206	rnapol	1.6666666666666667	0.0	0.0
207	__protein1_rbs	22.0	0.0	0.0
207	__protein2_rbs	18.0	0.0	0.0
207	__protein3_rbs	2.333333333333333	0.0	0.0
207	__ribosome	19.666666666666668	0.0	0.0
207	__rnase_site_ext	28.33333333333333	0.0	0.0
207	p0	0.6666666666666666	0.0	0.0
207	protein1	2058.6666666666665	28.66666666666667	1.3517096666666666
207	protein2	1473.0	22.33333333333333	1.506032
207	protein3	285.6666666666667	3.333333333333333	2.533333333333333
207	r0	27.66666666666667	0.0	0.0
207	r2	21.33333333333333	0.0	0.0
207	rnapol	2.0	0.0	0.0
208	__protein1_rbs	22.66666666666667	0.0	0.0
208	__protein2_rbs	17.666666666666668	0.0	0.0
208	__protein3_rbs	2.0	0.0	0.0
208	__ribosome	21.0	0.0	0.0
208	__rnase_site_ext	29.0	0.0	0.0
208	p0	0.6666666666666666	0.0	0.0
208	protein1	2071.6666666666665	29.0	1.3595823333333332
208	protein2	1483.666666666667	22.0	1.4007936666666667
208	protein3	288.3333333333333	3.333333333333333	2.6166666666666667
208	r0	28.33333333333333	0.0	0.0
208	r2	21.33333333333333	0.0	0.0
208	rnapol	1.3333333333333333	0.0	0.0
209	__protein1_rbs	26.33333333333333	0.0	0.0
209	__protein2_rbs	18.0	0.0	0.0
209	__protein3_rbs	2.0	0.0	0.0
209	__ribosome	24.33333333333333	0.0	0.0
209	__rnase_site_ext	29.0	0.0	0.0
209	p0	1.0	0.0	0.0
209	protein1	2087.0	29.33333333333333	1.2970823333333332
209	protein2	1495.333333333333	22.0	1.34127
209	protein3	290.6666666666667	3.333333333333333	2.533333333333333
209	r0	28.66666666666667	0.0	0.0
209	r2	22.0	0.0	0.0
209	rnapol	2.333333333333333	0.0	0.0
210	__protein1_rbs	19.666666666666668	0.0	0.0
210	__protein2_rbs	18.0	0.0	0.0
210	__protein3_rbs	2.6666666666666665	0.0	0.0
210	__ribosome	22.0	0.0	0.0
210	__rnase_site_ext	29.0	0.0	0.0
210	p0	0.6666666666666666	0.0	0.0
210	protein1	2102.0	29.33333333333333	1.3520299999999998
210	protein2	1505.0	22.0	1.434524
210	protein3	294.0	3.333333333333333	2.066666666666667
210	r0	26.33333333333333	0.0	0.0
210	r2	21.66666666666667	0.0	0.0
210	rnapol	2.0	0.0	0.0
211	__protein1_rbs	23.33333333333333	0.0	0.0
211	__protein2_rbs	19.0	0.0	0.0
211	__protein3_rbs	2.333333333333333	0.0	0.0
211	__ribosome	22.33333333333333	0.0	0.0
211	__rnase_site_ext	29.33333333333333	0.0	0.0
211	p0	1.0	0.0	0.0
211	protein1	2118.333333333333	29.0	1.227527
211	protein2	1512.666666666667	22.33333333333333	1.5874819999999998
211	protein3	295.6666666666667	3.333333333333333	2.083333333333333
211	r0	28.66666666666667	0.0	0.0
211	r2	21.66666666666667	0.0	0.0
211	rnapol	2.0	0.0	0.0
212	__protein1_rbs	23.66666666666667	0.0	0.0
212	__protein2_rbs	17.333333333333332	0.0	0.0
212	__protein3_rbs	2.6666666666666665	0.0	0.0
212	__ribosome	19.666666666666668	0.0	0.0
212	__rnase_site_ext	29.0	0.0	0.0
212	p0	1.0	0.0	0.0
212	protein1	2129.6666666666665	29.33333333333333	1.2679896666666668
212	protein2	1523.333333333333	22.33333333333333	1.6710296666666666
212	protein3	298.0	3.333333333333333	1.8
212	r0	28.33333333333333	0.0	0.0
212	r2	21.33333333333333	0.0	0.0
212	rnapol	1.6666666666666667	0.0	0.0
213	__protein1_rbs	23.66666666666667	0.0	0.0
213	__protein2_rbs	18.33333333333333	0.0	0.0
213	__protein3_rbs	2.6666666666666665	0.0	0.0
213	__ribosome	27.0	0.0	0.0
213	__rnase_site_ext	27.66666666666667	0.0	0.0
213	p0	1.0	0.0	0.0
213	protein1	2146.0	28.33333333333333	1.1562333333333334
213	protein2	1532.666666666667	22.33333333333333	1.613486
213	protein3	300.3333333333333	3.333333333333333	1.4166666666666667
213	r0	26.66666666666667	0.0	0.0
213	r2	21.0	0.0	0.0
213	rnapol	2.0	0.0	0.0
214	__protein1_rbs	22.0	0.0	0.0
214	__protein2_rbs	19.0	0.0	0.0
214	__protein3_rbs	2.6666666666666665	0.0	0.0
214	__ribosome	24.66666666666667	0.0	0.0
214	__rnase_site_ext	28.33333333333333	0.0	0.0
214	p0	1.0	0.0	0.0
214	protein1	2158.333333333333	28.66666666666667	1.2615383333333332
214	protein2	1547.0	22.0	1.4988833333333331
214	protein3	301.6666666666667	3.6666666666666665	1.6666666666666667
214	r0	27.66666666666667	0.0	0.0
214	r2	21.66666666666667	0.0	0.0
214	rnapol	2.0	0.0	0.0
215	__protein1_rbs	24.33333333333333	0.0	0.0
215	__protein2_rbs	16.0	0.0	0.0
215	__protein3_rbs	2.333333333333333	0.0	0.0
215	__ribosome	22.33333333333333	0.0	0.0
215	__rnase_site_ext	29.0	0.0	0.0
215	p0	0.6666666666666666	0.0	0.0
215	protein1	2171.333333333333	29.0	1.254321
215	protein2	1557.0	22.33333333333333	1.5851516666666663
215	protein3	304.0	3.6666666666666665	1.2666666666666666
215	r0	27.66666666666667	0.0	0.0
215	r2	22.0	0.0	0.0
215	rnapol	1.3333333333333333	0.0	0.0
216	__protein1_rbs	24.66666666666667	0.0	0.0
216	__protein2_rbs	17.333333333333332	0.0	0.0
216	__protein3_rbs	2.6666666666666665	0.0	0.0
216	__ribosome	22.0	0.0	0.0
216	__rnase_site_ext	29.0	0.0	0.0
216	p0	1.0	0.0	0.0
216	protein1	2184.6666666666665	29.0	1.1143126666666665
216	protein2	1567.0	22.66666666666667	1.6667833333333335
216	protein3	305.0	3.333333333333333	2.1
216	r0	27.66666666666667	0.0	0.0
216	r2	22.0	0.0	0.0
216	rnapol	1.6666666666666667	0.0	0.0
217	__protein1_rbs	24.66666666666667	0.0	0.0
217	__protein2_rbs	16.333333333333332	0.0	0.0
217	__protein3_rbs	2.6666666666666665	0.0	0.0
217	__ribosome	24.0	0.0	0.0
217	__rnase_site_ext	28.33333333333333	0.0	0.0
217	p0	1.0	0.0	0.0
217	protein1	2200.6666666666665	28.66666666666667	1.1088546666666668
217	protein2	1577.666666666667	22.0	1.682222333333333
217	protein3	307.6666666666667	3.333333333333333	1.9833333333333332
217	r0	27.33333333333333	0.0	0.0
217	r2	21.66666666666667	0.0	0.0
217	rnapol	2.0	0.0	0.0
218	__protein1_rbs	22.66666666666667	0.0	0.0
218	__protein2_rbs	18.666666666666668	0.0	0.0
218	__protein3_rbs	2.6666666666666665	0.0	0.0
218	__ribosome	22.66666666666667	0.0	0.0
218	__rnase_site_ext	27.33333333333333	0.0	0.0
218	p0	1.0	0.0	0.0
218	protein1	2211.0	26.66666666666667	1.2857143333333332
218	protein2	1589.0	21.66666666666667	1.6666666666666667
218	protein3	309.6666666666667	3.333333333333333	1.8833333333333333
218	r0	26.66666666666667	0.0	0.0
218	r2	21.33333333333333	0.0	0.0
218	rnapol	2.0	0.0	0.0
219	__protein1_rbs	22.0	0.0	0.0
219	__protein2_rbs	14.666666666666664	0.0	0.0
219	__protein3_rbs	2.333333333333333	0.0	0.0
219	__ribosome	26.33333333333333	0.0	0.0
219	__rnase_site_ext	26.66666666666667	0.0	0.0
219	p0	0.6666666666666666	0.0	0.0
219	protein1	2225.6666666666665	26.66666666666667	1.1927513333333335
219	protein2	1601.333333333333	21.66666666666667	1.6535716666666664
219	protein3	312.6666666666667	3.333333333333333	1.4
219	r0	26.0	0.0	0.0
219	r2	21.33333333333333	0.0	0.0
219	rnapol	2.0	0.0	0.0
220	__protein1_rbs	23.0	0.0	0.0
220	__protein2_rbs	17.0	0.0	0.0
220	__protein3_rbs	2.0	0.0	0.0
220	__ribosome	28.33333333333333	0.0	0.0
220	__rnase_site_ext	26.66666666666667	0.0	0.0
220	p0	1.0	0.0	0.0
220	protein1	2240.0	27.0	1.053934666666667
220	protein2	1611.333333333333	21.66666666666667	1.7366666666666668
220	protein3	314.6666666666667	3.0	1.3666666666666665
220	r0	25.33333333333333	0.0	0.0
220	r2	21.0	0.0	0.0
220	rnapol	1.6666666666666667	0.0	0.0
221	__protein1_rbs	23.0	0.0	0.0
221	__protein2_rbs	15.0	0.0	0.0
221	__protein3_rbs	1.6666666666666667	0.0	0.0
221	__ribosome	25.66666666666667	0.0	0.0
221	__rnase_site_ext	26.66666666666667	0.0	0.0
221	p0	1.0	0.0	0.0
221	protein1	2251.6666666666665	27.0	1.099912
221	protein2	1623.666666666667	21.33333333333333	1.7905263333333334
221	protein3	316.3333333333333	3.0	1.55
221	r0	26.33333333333333	0.0	0.0
221	r2	21.66666666666667	0.0	0.0
221	rnapol	2.6666666666666665	0.0	0.0
222	__protein1_rbs	22.0	0.0	0.0
222	__protein2_rbs	17.0	0.0	0.0
222	__protein3_rbs	2.0	0.0	0.0
222	__ribosome	21.0	0.0	0.0
222	__rnase_site_ext	27.33333333333333	0.0	0.0
222	p0	0.6666666666666666	0.0	0.0
222	protein1	2262.333333333333	27.66666666666667	1.2490026666666667
222	protein2	1632.333333333333	21.33333333333333	1.7998246666666666
222	protein3	318.0	3.0	1.5666666666666669
222	r0	26.33333333333333	0.0	0.0
222	r2	21.33333333333333	0.0	0.0
222	rnapol	1.6666666666666667	0.0	0.0
223	__protein1_rbs	19.666666666666668	0.0	0.0
223	__protein2_rbs	15.333333333333336	0.0	0.0
223	__protein3_rbs	2.0	0.0	0.0
223	__ribosome	24.0	0.0	0.0
223	__rnase_site_ext	25.66666666666667	0.0	0.0
223	p0	1.0	0.0	0.0
223	protein1	2276.333333333333	27.0	1.3244470000000002
223	protein2	1648.333333333333	20.666666666666668	1.6672220000000002
223	protein3	319.3333333333333	3.0	1.5833333333333333
223	r0	24.33333333333333	0.0	0.0
223	r2	20.666666666666668	0.0	0.0
223	rnapol	1.6666666666666667	0.0	0.0
224	__protein1_rbs	23.66666666666667	0.0	0.0
224	__protein2_rbs	14.666666666666664	0.0	0.0
224	__protein3_rbs	2.333333333333333	0.0	0.0
224	__ribosome	22.0	0.0	0.0
224	__rnase_site_ext	27.66666666666667	0.0	0.0
224	p0	1.0	0.0	0.0
224	protein1	2287.0	27.66666666666667	1.3290763333333333
224	protein2	1658.666666666667	20.666666666666668	1.7373580000000002
224	protein3	321.6666666666667	3.0	1.3333333333333333
224	r0	27.33333333333333	0.0	0.0
224	r2	20.33333333333333	0.0	0.0
224	rnapol	1.3333333333333333	0.0	0.0
225	__protein1_rbs	23.0	0.0	0.0
225	__protein2_rbs	16.333333333333332	0.0	0.0
225	__protein3_rbs	2.333333333333333	0.0	0.0
225	__ribosome	26.66666666666667	0.0	0.0
225	__rnase_site_ext	27.33333333333333	0.0	0.0
225	p0	0.6666666666666666	0.0	0.0
225	protein1	2302.333333333333	27.66666666666667	1.2690503333333334
225	protein2	1670.0	20.666666666666668	1.6543210000000002
225	protein3	324.0	3.0	1.2666666666666666
225	r0	26.66666666666667	0.0	0.0
225	r2	21.0	0.0	0.0
225	rnapol	1.6666666666666667	0.0	0.0
226	__protein1_rbs	22.0	0.0	0.0
226	__protein2_rbs	17.333333333333332	0.0	0.0
226	__protein3_rbs	2.333333333333333	0.0	0.0
226	__ribosome	21.66666666666667	0.0	0.0
226	__rnase_site_ext	26.33333333333333	0.0	0.0
226	p0	1.0	0.0	0.0
226	protein1	2317.333333333333	27.66666666666667	1.265432
226	protein2	1679.666666666667	21.0	1.7643520000000001
226	protein3	325.3333333333333	3.0	1.5666666666666669
226	r0	26.0	0.0	0.0
226	r2	20.0	0.0	0.0
226	rnapol	2.0	0.0	0.0
227	__protein1_rbs	22.0	0.0	0.0
227	__protein2_rbs	18.33333333333333	0.0	0.0
227	__protein3_rbs	2.6666666666666665	0.0	0.0
227	__ribosome	24.66666666666667	0.0	0.0
227	__rnase_site_ext	27.66666666666667	0.0	0.0
227	p0	1.0	0.0	0.0
227	protein1	2331.0	27.66666666666667	1.2663140000000002
227	protein2	1690.333333333333	21.66666666666667	1.565126
227	protein3	327.0	3.0	1.6
227	r0	26.66666666666667	0.0	0.0
227	r2	20.33333333333333	0.0	0.0
227	rnapol	1.3333333333333333	0.0	0.0
228	__protein1_rbs	23.0	0.0	0.0
228	__protein2_rbs	17.0	0.0	0.0
228	__protein3_rbs	3.0	0.0	0.0
228	__ribosome	25.33333333333333	0.0	0.0
228	__rnase_site_ext	27.0	0.0	0.0
228	p0	0.6666666666666666	0.0	0.0
228	protein1	2345.0	27.33333333333333	1.2106226666666668
228	protein2	1700.333333333333	21.0	1.6443070000000002
228	protein3	329.0	3.333333333333333	1.5277776666666665
228	r0	26.66666666666667	0.0	0.0
228	r2	20.33333333333333	0.0	0.0
228	rnapol	1.0	0.0	0.0
229	__protein1_rbs	23.33333333333333	0.0	0.0
229	__protein2_rbs	15.666666666666664	0.0	0.0
229	__protein3_rbs	2.0	0.0	0.0
229	__ribosome	29.0	0.0	0.0
229	__rnase_site_ext	28.0	0.0	0.0
229	p0	1.0	0.0	0.0
229	protein1	2359.333333333333	27.66666666666667	1.203039
229	protein2	1715.0	20.666666666666668	1.5585456666666666
229	protein3	331.3333333333333	3.333333333333333	1.388889
229	r0	27.33333333333333	0.0	0.0
229	r2	20.0	0.0	0.0
229	rnapol	1.3333333333333333	0.0	0.0
230	__protein1_rbs	23.33333333333333	0.0	0.0
230	__protein2_rbs	18.0	0.0	0.0
230	__protein3_rbs	2.6666666666666665	0.0	0.0
230	__ribosome	23.33333333333333	0.0	0.0
230	__rnase_site_ext	27.33333333333333	0.0	0.0
230	p0	1.0	0.0	0.0
230	protein1	2372.333333333333	27.66666666666667	1.325976
230	protein2	1722.666666666667	21.33333333333333	1.6410256666666667
230	protein3	334.0	3.333333333333333	1.1666666666666667
230	r0	26.33333333333333	0.0	0.0
230	r2	20.33333333333333	0.0	0.0
230	rnapol	2.0	0.0	0.0
231	__protein1_rbs	22.0	0.0	0.0
231	__protein2_rbs	15.0	0.0	0.0
231	__protein3_rbs	2.6666666666666665	0.0	0.0
231	__ribosome	23.0	0.0	0.0
231	__rnase_site_ext	27.66666666666667	0.0	0.0
231	p0	1.0	0.0	0.0
231	protein1	2387.333333333333	27.66666666666667	1.2895666666666667
231	protein2	1735.333333333333	21.0	1.6766666666666667
231	protein3	334.6666666666667	3.333333333333333	1.388889
231	r0	27.0	0.0	0.0
231	r2	19.33333333333333	0.0	0.0
231	rnapol	2.0	0.0	0.0
232	__protein1_rbs	22.0	0.0	0.0
232	__protein2_rbs	16.0	0.0	0.0
232	__protein3_rbs	2.6666666666666665	0.0	0.0
232	__ribosome	26.0	0.0	0.0
232	__rnase_site_ext	27.33333333333333	0.0	0.0
232	p0	1.0	0.0	0.0
232	protein1	2403.6666666666665	27.66666666666667	1.229222
232	protein2	1746.666666666667	21.66666666666667	1.6249493333333334
232	protein3	337.0	3.333333333333333	1.0833333333333333
232	r0	27.0	0.0	0.0
232	r2	19.0	0.0	0.0
232	rnapol	1.6666666666666667	0.0	0.0
233	__protein1_rbs	21.33333333333333	0.0	0.0
233	__protein2_rbs	18.0	0.0	0.0
233	__protein3_rbs	3.0	0.0	0.0
233	__ribosome	24.33333333333333	0.0	0.0
233	__rnase_site_ext	27.0	0.0	0.0
233	p0	1.0	0.0	0.0
233	protein1	2415.0	27.0	1.401226
233	protein2	1756.0	21.66666666666667	1.6041083333333332
233	protein3	339.3333333333333	3.333333333333333	0.8055556666666667
233	r0	26.33333333333333	0.0	0.0
233	r2	19.33333333333333	0.0	0.0
233	rnapol	2.333333333333333	0.0	0.0
234	__protein1_rbs	21.66666666666667	0.0	0.0
234	__protein2_rbs	16.333333333333332	0.0	0.0
234	__protein3_rbs	3.333333333333333	0.0	0.0
234	__ribosome	25.33333333333333	0.0	0.0
234	__rnase_site_ext	25.66666666666667	0.0	0.0
234	p0	1.0	0.0	0.0
234	protein1	2431.0	25.66666666666667	1.4138270000000002
234	protein2	1766.0	21.33333333333333	1.637763
234	protein3	341.0	3.333333333333333	0.8055556666666667
234	r0	24.66666666666667	0.0	0.0
234	r2	19.33333333333333	0.0	0.0
234	rnapol	2.6666666666666665	0.0	0.0
235	__protein1_rbs	20.33333333333333	0.0	0.0
235	__protein2_rbs	16.0	0.0	0.0
235	__protein3_rbs	3.333333333333333	0.0	0.0
235	__ribosome	25.0	0.0	0.0
235	__rnase_site_ext	25.0	0.0	0.0
235	p0	1.0	0.0	0.0
235	protein1	2446.0	25.33333333333333	1.5094446666666663
235	protein2	1779.333333333333	20.33333333333333	1.649166666666667
235	protein3	342.3333333333333	4.0	0.6777776666666666
235	r0	23.66666666666667	0.0	0.0
235	r2	20.0	0.0	0.0
235	rnapol	2.6666666666666665	0.0	0.0
236	__protein1_rbs	21.0	0.0	0.0
236	__protein2_rbs	15.666666666666664	0.0	0.0
236	__protein3_rbs	3.0	0.0	0.0
236	__ribosome	25.66666666666667	0.0	0.0
236	__rnase_site_ext	24.66666666666667	0.0	0.0
236	p0	0.6666666666666666	0.0	0.0
236	protein1	2460.6666666666665	25.0	1.4444446666666666
236	protein2	1789.666666666667	20.33333333333333	1.663333333333333
236	protein3	343.66666666666674	4.0	1.0666666666666669
236	r0	24.66666666666667	0.0	0.0
236	r2	20.0	0.0	0.0
236	rnapol	2.6666666666666665	0.0	0.0
237	__protein1_rbs	18.33333333333333	0.0	0.0
237	__protein2_rbs	16.333333333333332	0.0	0.0
237	__protein3_rbs	2.6666666666666665	0.0	0.0
237	__ribosome	22.33333333333333	0.0	0.0
237	__rnase_site_ext	25.0	0.0	0.0
237	p0	1.0	0.0	0.0
237	protein1	2477.0	25.0	1.45679
237	protein2	1799.0	20.0	1.725
237	protein3	345.0	4.0	1.5111110000000003
237	r0	23.66666666666667	0.0	0.0
237	r2	19.666666666666668	0.0	0.0
237	rnapol	2.0	0.0	0.0
238	__protein1_rbs	20.0	0.0	0.0
238	__protein2_rbs	15.666666666666664	0.0	0.0
238	__protein3_rbs	2.333333333333333	0.0	0.0
238	__ribosome	21.66666666666667	0.0	0.0
238	__rnase_site_ext	26.0	0.0	0.0
238	p0	1.0	0.0	0.0
238	protein1	2490.333333333333	26.0	1.374093
238	protein2	1810.666666666667	20.0	1.673611
238	protein3	345.66666666666674	4.0	1.8777776666666668
238	r0	25.0	0.0	0.0
238	r2	19.666666666666668	0.0	0.0
238	rnapol	2.333333333333333	0.0	0.0
239	__protein1_rbs	19.666666666666668	0.0	0.0
239	__protein2_rbs	15.333333333333336	0.0	0.0
239	__protein3_rbs	3.6666666666666665	0.0	0.0
239	__ribosome	21.66666666666667	0.0	0.0
239	__rnase_site_ext	25.0	0.0	0.0
239	p0	1.0	0.0	0.0
239	protein1	2505.0	25.66666666666667	1.4902563333333332
239	protein2	1822.0	19.666666666666668	1.6397906666666666
239	protein3	347.33333333333326	4.0	1.9555556666666665
239	r0	24.66666666666667	0.0	0.0
239	r2	19.0	0.0	0.0
239	rnapol	2.333333333333333	0.0	0.0
240	__protein1_rbs	19.666666666666668	0.0	0.0
240	__protein2_rbs	15.666666666666664	0.0	0.0
240	__protein3_rbs	4.0	0.0	0.0
240	__ribosome	27.0	0.0	0.0
240	__rnase_site_ext	26.0	0.0	0.0
240	p0	1.0	0.0	0.0
240	protein1	2520.333333333333	26.0	1.474359
240	protein2	1834.333333333333	19.0	1.5936510000000002
240	protein3	351.33333333333326	4.0	1.388889
240	r0	24.66666666666667	0.0	0.0
240	r2	18.33333333333333	0.0	0.0
240	rnapol	2.6666666666666665	0.0	0.0
