time	species	protein	transcript	ribo_density
0	__protein1_rbs	0.0	0.0	0.0
0	__protein2_rbs	0.0	0.0	0.0
0	__protein3_rbs	0.0	0.0	0.0
0	__ribosome	100.0	0.0	0.0
0	__rnase_site_ext	0.0	0.0	0.0
0	p0	1.0	0.0	0.0
0	p1	1.0	0.0	0.0
0	p2	1.0	0.0	0.0
0	r2	0.0	0.0	0.0
0	rnapol	4.0	0.0	0.0
1	__protein1_rbs	0.3333333333333333	0.0	0.0
1	__protein2_rbs	0.0	0.0	0.0
1	__protein3_rbs	0.0	0.0	0.0
1	__ribosome	100.0	0.0	0.0
1	__rnase_site_ext	0.6666666666666666	0.0	0.0
1	p0	0.6666666666666666	0.0	0.0
1	p1	1.0	0.0	0.0
1	p2	0.6666666666666666	0.0	0.0
1	protein1	0.0	0.3333333333333333	0.0
1	r2	0.0	0.0	0.0
1	rnapol	2.6666666666666665	0.0	0.0
2	__protein1_rbs	0.0	0.0	0.0
2	__protein2_rbs	0.0	0.0	0.0
2	__protein3_rbs	0.0	0.0	0.0
2	__ribosome	99.0	0.0	0.0
2	__rnase_site_ext	1.3333333333333333	0.0	0.0
2	p0	1.0	0.0	0.0
2	p1	0.6666666666666666	0.0	0.0
2	p2	1.0	0.0	0.0
2	protein1	0.0	0.6666666666666666	0.6666666666666666
2	protein2	0.0	0.3333333333333333	0.3333333333333333
2	r2	0.6666666666666666	0.0	0.0
2	rnapol	2.0	0.0	0.0
3	__protein1_rbs	0.0	0.0	0.0
3	__protein2_rbs	0.0	0.0	0.0
3	__protein3_rbs	0.6666666666666666	0.0	0.0
3	__ribosome	97.33333333333331	0.0	0.0
3	__rnase_site_ext	2.0	0.0	0.0
3	p0	0.6666666666666666	0.0	0.0
3	p1	1.0	0.0	0.0
3	p2	1.0	0.0	0.0
3	protein1	0.0	1.0	1.1666666666666667
3	protein2	0.0	0.3333333333333333	0.6666666666666666
3	protein3	0.0	0.6666666666666666	0.3333333333333333
3	r2	0.6666666666666666	0.0	0.0
3	rnapol	1.0	0.0	0.0
4	__protein1_rbs	0.3333333333333333	0.0	0.0
4	__protein2_rbs	0.3333333333333333	0.0	0.0
4	__protein3_rbs	0.3333333333333333	0.0	0.0
4	__ribosome	94.33333333333331	0.0	0.0
4	__rnase_site_ext	2.0	0.0	0.0
4	p0	0.6666666666666666	0.0	0.0
4	p1	1.0	0.0	0.0
4	p2	0.6666666666666666	0.0	0.0
4	protein1	0.0	1.6666666666666667	1.8333333333333333
4	protein2	0.0	0.6666666666666666	1.3333333333333333
4	protein3	0.0	0.6666666666666666	1.0
4	r2	0.6666666666666666	0.0	0.0
4	rnapol	0.3333333333333333	0.0	0.0
5	__protein1_rbs	0.6666666666666666	0.0	0.0
5	__protein2_rbs	1.0	0.0	0.0
5	__protein3_rbs	0.6666666666666666	0.0	0.0
5	__ribosome	91.33333333333331	0.0	0.0
5	__rnase_site_ext	2.6666666666666665	0.0	0.0
5	p0	1.0	0.0	0.0
5	p1	0.6666666666666666	0.0	0.0
5	p2	1.0	0.0	0.0
5	protein1	0.0	2.0	2.5
5	protein2	0.0	1.3333333333333333	1.0
5	protein3	0.0	1.0	1.6666666666666667
5	r2	1.0	0.0	0.0
5	rnapol	0.6666666666666666	0.0	0.0
6	__protein1_rbs	0.6666666666666666	0.0	0.0
6	__protein2_rbs	0.6666666666666666	0.0	0.0
6	__protein3_rbs	1.0	0.0	0.0
6	__ribosome	87.33333333333331	0.0	0.0
6	__rnase_site_ext	2.6666666666666665	0.0	0.0
6	p0	1.0	0.0	0.0
6	p1	0.6666666666666666	0.0	0.0
6	p2	1.0	0.0	0.0
6	protein1	0.6666666666666666	2.0	3.5
6	protein2	0.3333333333333333	1.3333333333333333	1.5
6	protein3	0.0	1.3333333333333333	2.1666666666666665
6	r2	1.3333333333333333	0.0	0.0
6	rnapol	1.3333333333333333	0.0	0.0
7	__protein1_rbs	1.6666666666666667	0.0	0.0
7	__protein2_rbs	1.0	0.0	0.0
7	__protein3_rbs	1.0	0.0	0.0
7	__ribosome	85.33333333333333	0.0	0.0
7	__rnase_site_ext	3.6666666666666665	0.0	0.0
7	p0	1.0	0.0	0.0
7	p1	0.6666666666666666	0.0	0.0
7	p2	1.0	0.0	0.0
7	protein1	2.0	2.0	3.333333333333333
7	protein2	0.6666666666666666	2.333333333333333	1.777778
7	protein3	0.3333333333333333	1.3333333333333333	2.6666666666666665
7	r2	1.3333333333333333	0.0	0.0
7	rnapol	1.3333333333333333	0.0	0.0
8	__protein1_rbs	1.0	0.0	0.0
8	__protein2_rbs	2.0	0.0	0.0
8	__protein3_rbs	1.0	0.0	0.0
8	__ribosome	84.0	0.0	0.0
8	__rnase_site_ext	3.333333333333333	0.0	0.0
8	p0	1.0	0.0	0.0
8	p1	1.0	0.0	0.0
8	p2	0.6666666666666666	0.0	0.0
8	protein1	4.0	2.0	3.5
8	protein2	1.0	2.333333333333333	2.333333333333333
8	protein3	1.0	1.3333333333333333	2.6666666666666665
8	r2	1.3333333333333333	0.0	0.0
8	rnapol	1.3333333333333333	0.0	0.0
9	__protein1_rbs	1.6666666666666667	0.0	0.0
9	__protein2_rbs	1.0	0.0	0.0
9	__protein3_rbs	1.0	0.0	0.0
9	__ribosome	82.33333333333333	0.0	0.0
9	__rnase_site_ext	4.0	0.0	0.0
9	p0	1.0	0.0	0.0
9	p1	1.0	0.0	0.0
9	p2	1.0	0.0	0.0
9	protein1	6.666666666666668	2.333333333333333	2.5
9	protein2	1.6666666666666667	2.6666666666666665	2.944444333333333
9	protein3	1.3333333333333333	1.6666666666666667	2.6666666666666665
9	r2	1.6666666666666667	0.0	0.0
9	rnapol	1.6666666666666667	0.0	0.0
10	__protein1_rbs	2.0	0.0	0.0
10	__protein2_rbs	2.0	0.0	0.0
10	__protein3_rbs	1.6666666666666667	0.0	0.0
10	__ribosome	81.33333333333333	0.0	0.0
10	__rnase_site_ext	4.666666666666667	0.0	0.0
10	p0	1.0	0.0	0.0
10	p1	1.0	0.0	0.0
10	p2	0.6666666666666666	0.0	0.0
10	protein1	9.0	2.333333333333333	2.6666666666666665
10	protein2	3.0	2.6666666666666665	3.0
10	protein3	2.333333333333333	2.0	2.611111
10	r2	2.333333333333333	0.0	0.0
10	rnapol	1.6666666666666667	0.0	0.0
11	__protein1_rbs	2.333333333333333	0.0	0.0
11	__protein2_rbs	1.0	0.0	0.0
11	__protein3_rbs	2.0	0.0	0.0
11	__ribosome	80.33333333333333	0.0	0.0
11	__rnase_site_ext	5.666666666666668	0.0	0.0
11	p0	1.0	0.0	0.0
11	p1	1.0	0.0	0.0
11	p2	1.0	0.0	0.0
11	protein1	10.666666666666666	2.333333333333333	2.055555666666667
11	protein2	5.0	2.6666666666666665	3.388888666666667
11	protein3	3.0	2.6666666666666665	2.5
11	r2	3.0	0.0	0.0
11	rnapol	1.6666666666666667	0.0	0.0
12	__protein1_rbs	1.3333333333333333	0.0	0.0
12	__protein2_rbs	1.0	0.0	0.0
12	__protein3_rbs	1.0	0.0	0.0
12	__ribosome	78.66666666666667	0.0	0.0
12	__rnase_site_ext	6.0	0.0	0.0
12	p0	1.0	0.0	0.0
12	p1	1.0	0.0	0.0
12	p2	0.6666666666666666	0.0	0.0
12	protein1	12.333333333333336	2.333333333333333	2.0
12	protein2	6.666666666666668	2.6666666666666665	3.8333333333333335
12	protein3	4.333333333333333	3.0	2.2222223333333333
12	r2	3.333333333333333	0.0	0.0
12	rnapol	1.0	0.0	0.0
13	__protein1_rbs	1.3333333333333333	0.0	0.0
13	__protein2_rbs	2.333333333333333	0.0	0.0
13	__protein3_rbs	1.6666666666666667	0.0	0.0
13	__ribosome	75.0	0.0	0.0
13	__rnase_site_ext	6.666666666666668	0.0	0.0
13	p0	1.0	0.0	0.0
13	p1	1.0	0.0	0.0
13	p2	1.0	0.0	0.0
13	protein1	14.0	2.333333333333333	1.9444443333333328
13	protein2	8.333333333333334	3.333333333333333	3.5
13	protein3	4.666666666666667	4.0	2.3666666666666667
13	r2	4.333333333333333	0.0	0.0
13	rnapol	0.6666666666666666	0.0	0.0
14	__protein1_rbs	1.6666666666666667	0.0	0.0
14	__protein2_rbs	1.0	0.0	0.0
14	__protein3_rbs	3.0	0.0	0.0
14	__ribosome	72.66666666666667	0.0	0.0
14	__rnase_site_ext	6.333333333333332	0.0	0.0
14	p0	0.6666666666666666	0.0	0.0
14	p1	1.0	0.0	0.0
14	p2	1.0	0.0	0.0
14	protein1	15.333333333333336	2.333333333333333	1.8333333333333333
14	protein2	11.0	3.333333333333333	3.75
14	protein3	6.666666666666668	4.333333333333333	2.533333333333333
14	r2	4.0	0.0	0.0
14	rnapol	1.0	0.0	0.0
15	__protein1_rbs	1.0	0.0	0.0
15	__protein2_rbs	1.3333333333333333	0.0	0.0
15	__protein3_rbs	2.333333333333333	0.0	0.0
15	__ribosome	69.0	0.0	0.0
15	__rnase_site_ext	6.666666666666668	0.0	0.0
15	p0	1.0	0.0	0.0
15	p1	1.0	0.0	0.0
15	p2	0.6666666666666666	0.0	0.0
15	protein1	17.0	2.6666666666666665	2.0
15	protein2	13.0	3.333333333333333	4.083333333333333
15	protein3	8.333333333333334	4.333333333333333	2.9333333333333336
15	r2	4.666666666666667	0.0	0.0
15	rnapol	0.6666666666666666	0.0	0.0
16	__protein1_rbs	1.6666666666666667	0.0	0.0
16	__protein2_rbs	2.333333333333333	0.0	0.0
16	__protein3_rbs	4.0	0.0	0.0
16	__ribosome	67.0	0.0	0.0
16	__rnase_site_ext	7.333333333333332	0.0	0.0
16	p0	1.0	0.0	0.0
16	p1	1.0	0.0	0.0
16	p2	0.6666666666666666	0.0	0.0
16	protein1	17.666666666666668	2.6666666666666665	2.2777776666666667
16	protein2	15.333333333333336	3.333333333333333	3.9166666666666665
16	protein3	10.333333333333334	5.0	3.083333333333333
16	r2	5.0	0.0	0.0
16	rnapol	1.3333333333333333	0.0	0.0
17	__protein1_rbs	0.6666666666666666	0.0	0.0
17	__protein2_rbs	1.3333333333333333	0.0	0.0
17	__protein3_rbs	3.6666666666666665	0.0	0.0
17	__ribosome	63.0	0.0	0.0
17	__rnase_site_ext	6.666666666666668	0.0	0.0
17	p0	1.0	0.0	0.0
17	p1	0.6666666666666666	0.0	0.0
17	p2	1.0	0.0	0.0
17	protein1	19.33333333333333	2.6666666666666665	2.555555666666667
17	protein2	17.666666666666668	3.333333333333333	4.25
17	protein3	12.666666666666664	5.0	3.4047620000000003
17	r2	5.333333333333333	0.0	0.0
17	rnapol	2.0	0.0	0.0
18	__protein1_rbs	2.0	0.0	0.0
18	__protein2_rbs	1.6666666666666667	0.0	0.0
18	__protein3_rbs	3.0	0.0	0.0
18	__ribosome	63.0	0.0	0.0
18	__rnase_site_ext	8.333333333333334	0.0	0.0
18	p0	0.6666666666666666	0.0	0.0
18	p1	1.0	0.0	0.0
18	p2	1.0	0.0	0.0
18	protein1	20.666666666666668	2.6666666666666665	2.388888666666667
18	protein2	22.0	3.333333333333333	3.6666666666666665
18	protein3	16.0	5.333333333333333	3.5142856666666664
18	r2	5.666666666666668	0.0	0.0
18	rnapol	1.6666666666666667	0.0	0.0
19	__protein1_rbs	2.0	0.0	0.0
19	__protein2_rbs	2.6666666666666665	0.0	0.0
19	__protein3_rbs	3.333333333333333	0.0	0.0
19	__ribosome	61.66666666666666	0.0	0.0
19	__rnase_site_ext	9.0	0.0	0.0
19	p0	0.6666666666666666	0.0	0.0
19	p1	1.0	0.0	0.0
19	p2	1.0	0.0	0.0
19	protein1	23.0	3.0	2.1388890000000003
19	protein2	24.66666666666667	3.6666666666666665	3.233333333333333
19	protein3	18.666666666666668	5.666666666666668	3.575
19	r2	6.0	0.0	0.0
19	rnapol	1.6666666666666667	0.0	0.0
20	__protein1_rbs	2.6666666666666665	0.0	0.0
20	__protein2_rbs	2.333333333333333	0.0	0.0
20	__protein3_rbs	3.0	0.0	0.0
20	__ribosome	60.0	0.0	0.0
20	__rnase_site_ext	9.0	0.0	0.0
20	p0	0.6666666666666666	0.0	0.0
20	p1	1.0	0.0	0.0
20	p2	1.0	0.0	0.0
20	protein1	24.33333333333333	4.0	1.9166666666666667
20	protein2	27.66666666666667	3.6666666666666665	2.95
20	protein3	22.33333333333333	5.666666666666668	3.7714286666666665
20	r2	5.666666666666668	0.0	0.0
20	rnapol	1.0	0.0	0.0
21	__protein1_rbs	1.3333333333333333	0.0	0.0
21	__protein2_rbs	2.0	0.0	0.0
21	__protein3_rbs	2.6666666666666665	0.0	0.0
21	__ribosome	57.33333333333334	0.0	0.0
21	__rnase_site_ext	8.333333333333334	0.0	0.0
21	p0	1.0	0.0	0.0
21	p1	1.0	0.0	0.0
21	p2	1.0	0.0	0.0
21	protein1	26.33333333333333	4.333333333333333	2.3833333333333333
21	protein2	30.33333333333333	3.6666666666666665	3.016666666666667
21	protein3	27.33333333333333	5.666666666666668	3.704762
21	r2	5.666666666666668	0.0	0.0
21	rnapol	1.0	0.0	0.0
22	__protein1_rbs	3.0	0.0	0.0
22	__protein2_rbs	2.0	0.0	0.0
22	__protein3_rbs	2.6666666666666665	0.0	0.0
22	__ribosome	57.66666666666666	0.0	0.0
22	__rnase_site_ext	9.666666666666666	0.0	0.0
22	p0	1.0	0.0	0.0
22	p1	1.0	0.0	0.0
22	p2	1.0	0.0	0.0
22	protein1	29.33333333333333	5.0	2.111111
22	protein2	33.333333333333336	4.0	2.733333333333333
22	protein3	31.66666666666667	5.333333333333333	3.822222333333334
22	r2	5.333333333333333	0.0	0.0
22	rnapol	1.0	0.0	0.0
23	__protein1_rbs	3.333333333333333	0.0	0.0
23	__protein2_rbs	2.0	0.0	0.0
23	__protein3_rbs	3.0	0.0	0.0
23	__ribosome	56.0	0.0	0.0
23	__rnase_site_ext	10.666666666666666	0.0	0.0
23	p0	1.0	0.0	0.0
23	p1	0.3333333333333333	0.0	0.0
23	p2	1.0	0.0	0.0
23	protein1	31.0	5.0	2.438889
23	protein2	36.0	4.333333333333333	2.8888890000000003
23	protein3	36.66666666666666	5.333333333333333	3.677777666666667
23	r2	5.666666666666668	0.0	0.0
23	rnapol	0.6666666666666666	0.0	0.0
24	__protein1_rbs	4.333333333333333	0.0	0.0
24	__protein2_rbs	4.0	0.0	0.0
24	__protein3_rbs	3.0	0.0	0.0
24	__ribosome	54.66666666666666	0.0	0.0
24	__rnase_site_ext	11.333333333333336	0.0	0.0
24	p0	0.6666666666666666	0.0	0.0
24	p1	0.6666666666666666	0.0	0.0
24	p2	1.0	0.0	0.0
24	protein1	33.666666666666664	5.333333333333333	2.4333333333333336
24	protein2	38.66666666666666	5.666666666666668	2.107143
24	protein3	41.0	5.666666666666668	3.488889
24	r2	5.666666666666668	0.0	0.0
24	rnapol	0.3333333333333333	0.0	0.0
25	__protein1_rbs	3.333333333333333	0.0	0.0
25	__protein2_rbs	4.333333333333333	0.0	0.0
25	__protein3_rbs	3.333333333333333	0.0	0.0
25	__ribosome	51.66666666666666	0.0	0.0
25	__rnase_site_ext	10.666666666666666	0.0	0.0
25	p0	1.0	0.0	0.0
25	p1	1.0	0.0	0.0
25	p2	0.6666666666666666	0.0	0.0
25	protein1	38.0	5.666666666666668	2.2
25	protein2	41.0	6.333333333333332	2.4571426666666665
25	protein3	45.33333333333334	5.666666666666668	3.5444443333333333
25	r2	5.666666666666668	0.0	0.0
25	rnapol	0.3333333333333333	0.0	0.0
26	__protein1_rbs	4.0	0.0	0.0
26	__protein2_rbs	3.333333333333333	0.0	0.0
26	__protein3_rbs	4.0	0.0	0.0
26	__ribosome	50.66666666666666	0.0	0.0
26	__rnase_site_ext	11.0	0.0	0.0
26	p0	1.0	0.0	0.0
26	p1	0.6666666666666666	0.0	0.0
26	p2	1.0	0.0	0.0
26	protein1	42.333333333333336	5.666666666666668	2.033333333333333
26	protein2	44.0	6.333333333333332	3.047619333333333
26	protein3	50.0	6.0	3.192063333333333
26	r2	6.0	0.0	0.0
26	rnapol	0.3333333333333333	0.0	0.0
27	__protein1_rbs	3.6666666666666665	0.0	0.0
27	__protein2_rbs	5.0	0.0	0.0
27	__protein3_rbs	4.333333333333333	0.0	0.0
27	__ribosome	49.33333333333334	0.0	0.0
27	__rnase_site_ext	10.666666666666666	0.0	0.0
27	p0	1.0	0.0	0.0
27	p1	1.0	0.0	0.0
27	p2	1.0	0.0	0.0
27	protein1	45.33333333333334	6.0	2.2095236666666667
27	protein2	47.0	7.0	2.829365333333333
27	protein3	54.0	6.0	3.069841333333333
27	r2	5.666666666666668	0.0	0.0
27	rnapol	1.0	0.0	0.0
28	__protein1_rbs	3.6666666666666665	0.0	0.0
28	__protein2_rbs	5.0	0.0	0.0
28	__protein3_rbs	4.333333333333333	0.0	0.0
28	__ribosome	49.0	0.0	0.0
28	__rnase_site_ext	10.666666666666666	0.0	0.0
28	p0	1.0	0.0	0.0
28	p1	1.0	0.0	0.0
28	p2	1.0	0.0	0.0
28	protein1	49.66666666666666	6.0	2.068254
28	protein2	49.66666666666666	7.0	3.2063490000000003
28	protein3	58.33333333333334	5.666666666666668	3.1031746666666664
28	r2	5.666666666666668	0.0	0.0
28	rnapol	2.0	0.0	0.0
29	__protein1_rbs	3.6666666666666665	0.0	0.0
29	__protein2_rbs	3.6666666666666665	0.0	0.0
29	__protein3_rbs	4.0	0.0	0.0
29	__ribosome	49.66666666666666	0.0	0.0
29	__rnase_site_ext	10.666666666666666	0.0	0.0
29	p0	1.0	0.0	0.0
29	p1	1.0	0.0	0.0
29	p2	0.6666666666666666	0.0	0.0
29	protein1	53.0	6.0	2.2492063333333334
29	protein2	56.0	7.333333333333332	2.981481666666667
29	protein3	63.33333333333334	5.666666666666668	2.8253966666666663
29	r2	5.666666666666668	0.0	0.0
29	rnapol	1.3333333333333333	0.0	0.0
30	__protein1_rbs	4.0	0.0	0.0
30	__protein2_rbs	4.0	0.0	0.0
30	__protein3_rbs	4.0	0.0	0.0
30	__ribosome	50.33333333333334	0.0	0.0
30	__rnase_site_ext	12.0	0.0	0.0
30	p0	0.6666666666666666	0.0	0.0
30	p1	0.6666666666666666	0.0	0.0
30	p2	0.6666666666666666	0.0	0.0
30	protein1	56.33333333333334	6.333333333333332	2.194444333333333
30	protein2	61.66666666666666	7.333333333333332	2.944444333333333
30	protein3	67.0	6.0	2.488095
30	r2	6.333333333333332	0.0	0.0
30	rnapol	1.3333333333333333	0.0	0.0
31	__protein1_rbs	4.666666666666667	0.0	0.0
31	__protein2_rbs	4.666666666666667	0.0	0.0
31	__protein3_rbs	4.666666666666667	0.0	0.0
31	__ribosome	49.33333333333334	0.0	0.0
31	__rnase_site_ext	12.333333333333336	0.0	0.0
31	p0	1.0	0.0	0.0
31	p1	0.6666666666666666	0.0	0.0
31	p2	1.0	0.0	0.0
31	protein1	60.0	6.666666666666668	2.3142856666666662
31	protein2	66.33333333333333	7.333333333333332	2.8624336666666665
31	protein3	71.0	6.666666666666668	2.208333333333333
31	r2	7.0	0.0	0.0
31	rnapol	1.3333333333333333	0.0	0.0
32	__protein1_rbs	4.333333333333333	0.0	0.0
32	__protein2_rbs	5.333333333333333	0.0	0.0
32	__protein3_rbs	4.666666666666667	0.0	0.0
32	__ribosome	45.66666666666666	0.0	0.0
32	__rnase_site_ext	11.666666666666664	0.0	0.0
32	p0	1.0	0.0	0.0
32	p1	1.0	0.0	0.0
32	p2	1.0	0.0	0.0
32	protein1	64.33333333333333	6.333333333333332	2.3527776666666664
32	protein2	70.33333333333333	8.0	2.7049063333333336
32	protein3	73.0	7.0	2.486111
32	r2	6.666666666666668	0.0	0.0
32	rnapol	1.3333333333333333	0.0	0.0
33	__protein1_rbs	5.333333333333333	0.0	0.0
33	__protein2_rbs	5.666666666666668	0.0	0.0
33	__protein3_rbs	4.666666666666667	0.0	0.0
33	__ribosome	46.0	0.0	0.0
33	__rnase_site_ext	12.333333333333336	0.0	0.0
33	p0	1.0	0.0	0.0
33	p1	0.6666666666666666	0.0	0.0
33	p2	1.0	0.0	0.0
33	protein1	68.66666666666667	7.0	2.074074
33	protein2	74.66666666666667	8.0	2.6529580000000004
33	protein3	77.33333333333333	6.333333333333332	2.5238096666666667
33	r2	6.333333333333332	0.0	0.0
33	rnapol	1.0	0.0	0.0
34	__protein1_rbs	5.0	0.0	0.0
34	__protein2_rbs	5.0	0.0	0.0
34	__protein3_rbs	4.333333333333333	0.0	0.0
34	__ribosome	46.66666666666666	0.0	0.0
34	__rnase_site_ext	12.0	0.0	0.0
34	p0	1.0	0.0	0.0
34	p1	1.0	0.0	0.0
34	p2	0.6666666666666666	0.0	0.0
34	protein1	73.33333333333333	7.333333333333332	2.0444443333333333
34	protein2	80.0	8.0	2.771284333333333
34	protein3	80.66666666666667	6.333333333333332	2.5238096666666667
34	r2	6.0	0.0	0.0
34	rnapol	1.3333333333333333	0.0	0.0
35	__protein1_rbs	4.666666666666667	0.0	0.0
35	__protein2_rbs	5.0	0.0	0.0
35	__protein3_rbs	4.333333333333333	0.0	0.0
35	__ribosome	46.0	0.0	0.0
35	__rnase_site_ext	13.0	0.0	0.0
35	p0	1.0	0.0	0.0
35	p1	1.0	0.0	0.0
35	p2	0.6666666666666666	0.0	0.0
35	protein1	77.33333333333333	7.0	2.2777776666666667
35	protein2	86.66666666666669	8.333333333333334	2.545454666666666
35	protein3	84.33333333333333	6.333333333333332	2.6130953333333333
35	r2	6.666666666666668	0.0	0.0
35	rnapol	1.3333333333333333	0.0	0.0
36	__protein1_rbs	4.0	0.0	0.0
36	__protein2_rbs	5.666666666666668	0.0	0.0
36	__protein3_rbs	5.333333333333333	0.0	0.0
36	__ribosome	41.333333333333336	0.0	0.0
36	__rnase_site_ext	12.333333333333336	0.0	0.0
36	p0	1.0	0.0	0.0
36	p1	1.0	0.0	0.0
36	p2	1.0	0.0	0.0
36	protein1	81.0	7.666666666666668	2.3756613333333334
36	protein2	91.33333333333331	8.666666666666666	2.556277
36	protein3	88.66666666666669	7.0	2.5416666666666665
36	r2	7.0	0.0	0.0
36	rnapol	1.0	0.0	0.0
37	__protein1_rbs	5.333333333333333	0.0	0.0
37	__protein2_rbs	5.666666666666668	0.0	0.0
37	__protein3_rbs	5.666666666666668	0.0	0.0
37	__ribosome	40.0	0.0	0.0
37	__rnase_site_ext	13.333333333333336	0.0	0.0
37	p0	1.0	0.0	0.0
37	p1	1.0	0.0	0.0
37	p2	1.0	0.0	0.0
37	protein1	87.33333333333331	8.0	2.1170633333333333
37	protein2	96.33333333333331	9.0	2.585317666666666
37	protein3	92.0	7.0	2.85
37	r2	7.0	0.0	0.0
37	rnapol	0.6666666666666666	0.0	0.0
38	__protein1_rbs	5.0	0.0	0.0
38	__protein2_rbs	7.333333333333332	0.0	0.0
38	__protein3_rbs	4.0	0.0	0.0
38	__ribosome	38.0	0.0	0.0
38	__rnase_site_ext	12.666666666666664	0.0	0.0
38	p0	1.0	0.0	0.0
38	p1	0.6666666666666666	0.0	0.0
38	p2	1.0	0.0	0.0
38	protein1	90.33333333333331	8.0	2.352513333333333
38	protein2	100.33333333333331	9.0	2.619047333333333
38	protein3	96.0	7.0	3.025
38	r2	7.0	0.0	0.0
38	rnapol	1.0	0.0	0.0
39	__protein1_rbs	5.0	0.0	0.0
39	__protein2_rbs	6.0	0.0	0.0
39	__protein3_rbs	4.0	0.0	0.0
39	__ribosome	39.66666666666666	0.0	0.0
39	__rnase_site_ext	12.333333333333336	0.0	0.0
39	p0	1.0	0.0	0.0
39	p1	1.0	0.0	0.0
39	p2	0.6666666666666666	0.0	0.0
39	protein1	97.0	8.0	2.140211666666666
39	protein2	105.66666666666669	9.333333333333334	2.489926666666667
39	protein3	100.0	6.666666666666668	3.1178569999999994
39	r2	6.666666666666668	0.0	0.0
39	rnapol	1.3333333333333333	0.0	0.0
40	__protein1_rbs	6.0	0.0	0.0
40	__protein2_rbs	8.333333333333334	0.0	0.0
40	__protein3_rbs	4.666666666666667	0.0	0.0
40	__ribosome	40.333333333333336	0.0	0.0
40	__rnase_site_ext	14.0	0.0	0.0
40	p0	1.0	0.0	0.0
40	p1	1.0	0.0	0.0
40	p2	1.0	0.0	0.0
40	protein1	101.33333333333331	8.0	2.2037036666666667
40	protein2	111.0	9.666666666666666	2.3589743333333333
40	protein3	105.0	7.0	2.783333333333333
40	r2	7.333333333333332	0.0	0.0
40	rnapol	1.0	0.0	0.0
41	__protein1_rbs	5.0	0.0	0.0
41	__protein2_rbs	7.333333333333332	0.0	0.0
41	__protein3_rbs	5.333333333333333	0.0	0.0
41	__ribosome	44.0	0.0	0.0
41	__rnase_site_ext	14.0	0.0	0.0
41	p0	1.0	0.0	0.0
41	p1	0.6666666666666666	0.0	0.0
41	p2	1.0	0.0	0.0
41	protein1	107.33333333333331	8.333333333333334	2.0370369999999998
41	protein2	118.66666666666669	9.666666666666666	1.9907406666666665
41	protein3	109.33333333333331	7.666666666666668	2.5
41	r2	8.0	0.0	0.0
41	rnapol	0.6666666666666666	0.0	0.0
42	__protein1_rbs	6.333333333333332	0.0	0.0
42	__protein2_rbs	7.666666666666668	0.0	0.0
42	__protein3_rbs	5.666666666666668	0.0	0.0
42	__ribosome	39.333333333333336	0.0	0.0
42	__rnase_site_ext	14.333333333333336	0.0	0.0
42	p0	1.0	0.0	0.0
42	p1	1.0	0.0	0.0
42	p2	1.0	0.0	0.0
42	protein1	112.66666666666669	8.0	2.222222
42	protein2	121.66666666666669	10.0	2.2666666666666666
42	protein3	113.33333333333331	8.0	2.4555556666666667
42	r2	8.0	0.0	0.0
42	rnapol	0.6666666666666666	0.0	0.0
43	__protein1_rbs	5.333333333333333	0.0	0.0
43	__protein2_rbs	6.0	0.0	0.0
43	__protein3_rbs	4.333333333333333	0.0	0.0
43	__ribosome	37.333333333333336	0.0	0.0
43	__rnase_site_ext	13.0	0.0	0.0
43	p0	1.0	0.0	0.0
43	p1	0.6666666666666666	0.0	0.0
43	p2	1.0	0.0	0.0
43	protein1	117.33333333333331	7.333333333333332	2.305555666666667
43	protein2	126.33333333333331	10.0	2.488889
43	protein3	118.66666666666669	8.0	2.569444333333333
43	r2	8.333333333333334	0.0	0.0
43	rnapol	0.6666666666666666	0.0	0.0
44	__protein1_rbs	6.333333333333332	0.0	0.0
44	__protein2_rbs	6.666666666666668	0.0	0.0
44	__protein3_rbs	6.0	0.0	0.0
44	__ribosome	37.66666666666666	0.0	0.0
44	__rnase_site_ext	13.666666666666664	0.0	0.0
44	p0	1.0	0.0	0.0
44	p1	1.0	0.0	0.0
44	p2	0.6666666666666666	0.0	0.0
44	protein1	121.66666666666669	7.333333333333332	2.1527776666666667
44	protein2	132.33333333333334	10.0	2.680555666666667
44	protein3	122.66666666666669	8.333333333333334	2.359259333333333
44	r2	8.333333333333334	0.0	0.0
44	rnapol	1.6666666666666667	0.0	0.0
45	__protein1_rbs	4.0	0.0	0.0
45	__protein2_rbs	6.333333333333332	0.0	0.0
45	__protein3_rbs	5.333333333333333	0.0	0.0
45	__ribosome	39.0	0.0	0.0
45	__rnase_site_ext	12.0	0.0	0.0
45	p0	1.0	0.0	0.0
45	p1	1.0	0.0	0.0
45	p2	1.0	0.0	0.0
45	protein1	128.0	7.0	2.1884919999999997
45	protein2	136.66666666666666	10.0	2.713889
45	protein3	128.0	8.666666666666666	2.1
45	r2	9.0	0.0	0.0
45	rnapol	1.6666666666666667	0.0	0.0
46	__protein1_rbs	4.666666666666667	0.0	0.0
46	__protein2_rbs	7.0	0.0	0.0
46	__protein3_rbs	6.0	0.0	0.0
46	__ribosome	38.0	0.0	0.0
46	__rnase_site_ext	12.666666666666664	0.0	0.0
46	p0	0.6666666666666666	0.0	0.0
46	p1	1.0	0.0	0.0
46	p2	0.6666666666666666	0.0	0.0
46	protein1	132.66666666666666	7.0	2.0277776666666667
46	protein2	142.66666666666666	10.0	2.6416666666666666
46	protein3	131.33333333333334	9.0	2.367677
46	r2	9.333333333333334	0.0	0.0
46	rnapol	1.3333333333333333	0.0	0.0
47	__protein1_rbs	4.0	0.0	0.0
47	__protein2_rbs	6.666666666666668	0.0	0.0
47	__protein3_rbs	6.666666666666668	0.0	0.0
47	__ribosome	36.66666666666666	0.0	0.0
47	__rnase_site_ext	12.333333333333336	0.0	0.0
47	p0	1.0	0.0	0.0
47	p1	1.0	0.0	0.0
47	p2	1.0	0.0	0.0
47	protein1	137.0	7.0	2.128968
47	protein2	148.66666666666666	10.0	2.6305556666666665
47	protein3	135.33333333333334	9.666666666666666	2.2770563333333333
47	r2	9.666666666666666	0.0	0.0
47	rnapol	1.0	0.0	0.0
48	__protein1_rbs	5.333333333333333	0.0	0.0
48	__protein2_rbs	7.333333333333332	0.0	0.0
48	__protein3_rbs	8.0	0.0	0.0
48	__ribosome	41.66666666666666	0.0	0.0
48	__rnase_site_ext	14.0	0.0	0.0
48	p0	1.0	0.0	0.0
48	p1	1.0	0.0	0.0
48	p2	0.6666666666666666	0.0	0.0
48	protein1	142.0	7.333333333333332	1.7857139999999998
48	protein2	156.33333333333334	10.333333333333334	2.2198716666666667
48	protein3	139.33333333333334	9.666666666666666	2.243651
48	r2	9.666666666666666	0.0	0.0
48	rnapol	1.0	0.0	0.0
49	__protein1_rbs	5.666666666666668	0.0	0.0
49	__protein2_rbs	6.0	0.0	0.0
49	__protein3_rbs	6.0	0.0	0.0
49	__ribosome	39.66666666666666	0.0	0.0
49	__rnase_site_ext	13.666666666666664	0.0	0.0
49	p0	1.0	0.0	0.0
49	p1	0.6666666666666666	0.0	0.0
49	p2	1.0	0.0	0.0
49	protein1	145.33333333333334	7.333333333333332	1.6845236666666663
49	protein2	162.33333333333334	10.0	2.3168496666666667
49	protein3	143.0	9.666666666666666	2.49127
49	r2	9.666666666666666	0.0	0.0
49	rnapol	1.3333333333333333	0.0	0.0
50	__protein1_rbs	4.0	0.0	0.0
50	__protein2_rbs	6.666666666666668	0.0	0.0
50	__protein3_rbs	6.0	0.0	0.0
50	__ribosome	41.66666666666666	0.0	0.0
50	__rnase_site_ext	13.0	0.0	0.0
50	p0	1.0	0.0	0.0
50	p1	1.0	0.0	0.0
50	p2	0.6666666666666666	0.0	0.0
50	protein1	150.33333333333334	7.333333333333332	1.613095333333333
50	protein2	167.33333333333334	9.666666666666666	2.4342693333333334
50	protein3	149.66666666666666	9.666666666666666	2.351515
50	r2	9.666666666666666	0.0	0.0
50	rnapol	1.0	0.0	0.0
51	__protein1_rbs	5.666666666666668	0.0	0.0
51	__protein2_rbs	7.0	0.0	0.0
51	__protein3_rbs	6.666666666666668	0.0	0.0
51	__ribosome	41.66666666666666	0.0	0.0
51	__rnase_site_ext	14.333333333333336	0.0	0.0
51	p0	1.0	0.0	0.0
51	p1	1.0	0.0	0.0
51	p2	1.0	0.0	0.0
51	protein1	154.0	7.333333333333332	1.5535716666666666
51	protein2	173.0	9.666666666666666	2.349613
51	protein3	155.0	10.0	2.3305556666666667
51	r2	10.333333333333334	0.0	0.0
51	rnapol	1.6666666666666667	0.0	0.0
52	__protein1_rbs	6.333333333333332	0.0	0.0
52	__protein2_rbs	6.333333333333332	0.0	0.0
52	__protein3_rbs	7.333333333333332	0.0	0.0
52	__ribosome	37.333333333333336	0.0	0.0
52	__rnase_site_ext	15.333333333333336	0.0	0.0
52	p0	0.6666666666666666	0.0	0.0
52	p1	1.0	0.0	0.0
52	p2	1.0	0.0	0.0
52	protein1	157.66666666666666	7.333333333333332	1.595238333333333
52	protein2	177.33333333333337	9.666666666666666	2.6435186666666666
52	protein3	160.33333333333334	10.333333333333334	2.411538333333333
52	r2	10.0	0.0	0.0
52	rnapol	1.3333333333333333	0.0	0.0
53	__protein1_rbs	7.0	0.0	0.0
53	__protein2_rbs	7.0	0.0	0.0
53	__protein3_rbs	7.0	0.0	0.0
53	__ribosome	32.333333333333336	0.0	0.0
53	__rnase_site_ext	15.666666666666664	0.0	0.0
53	p0	1.0	0.0	0.0
53	p1	1.0	0.0	0.0
53	p2	1.0	0.0	0.0
53	protein1	158.66666666666666	7.666666666666668	1.875
53	protein2	183.0	10.333333333333334	2.618233333333333
53	protein3	164.33333333333334	10.0	2.591941333333333
53	r2	10.333333333333334	0.0	0.0
53	rnapol	1.3333333333333333	0.0	0.0
54	__protein1_rbs	7.0	0.0	0.0
54	__protein2_rbs	7.0	0.0	0.0
54	__protein3_rbs	7.666666666666668	0.0	0.0
54	__ribosome	36.66666666666666	0.0	0.0
54	__rnase_site_ext	15.666666666666664	0.0	0.0
54	p0	1.0	0.0	0.0
54	p1	1.0	0.0	0.0
54	p2	1.0	0.0	0.0
54	protein1	165.0	7.666666666666668	1.5238096666666667
54	protein2	189.0	10.333333333333334	2.583333333333333
54	protein3	170.33333333333334	10.333333333333334	2.346795
54	r2	10.333333333333334	0.0	0.0
54	rnapol	1.0	0.0	0.0
55	__protein1_rbs	5.666666666666668	0.0	0.0
55	__protein2_rbs	8.333333333333334	0.0	0.0
55	__protein3_rbs	9.333333333333334	0.0	0.0
55	__ribosome	39.333333333333336	0.0	0.0
55	__rnase_site_ext	15.333333333333336	0.0	0.0
55	p0	1.0	0.0	0.0
55	p1	0.6666666666666666	0.0	0.0
55	p2	1.0	0.0	0.0
55	protein1	168.66666666666666	7.666666666666668	1.4761903333333333
55	protein2	194.66666666666663	10.333333333333334	2.572222333333333
55	protein3	176.33333333333337	10.333333333333334	2.200641
55	r2	10.666666666666666	0.0	0.0
55	rnapol	1.0	0.0	0.0
56	__protein1_rbs	5.0	0.0	0.0
56	__protein2_rbs	7.666666666666668	0.0	0.0
56	__protein3_rbs	6.333333333333332	0.0	0.0
56	__ribosome	37.333333333333336	0.0	0.0
56	__rnase_site_ext	15.0	0.0	0.0
56	p0	0.6666666666666666	0.0	0.0
56	p1	1.0	0.0	0.0
56	p2	1.0	0.0	0.0
56	protein1	171.66666666666666	7.666666666666668	1.6904763333333337
56	protein2	201.0	10.0	2.620370666666666
56	protein3	181.66666666666663	10.333333333333334	2.302248666666667
56	r2	10.666666666666666	0.0	0.0
56	rnapol	1.3333333333333333	0.0	0.0
57	__protein1_rbs	5.666666666666668	0.0	0.0
57	__protein2_rbs	7.333333333333332	0.0	0.0
57	__protein3_rbs	8.333333333333334	0.0	0.0
57	__ribosome	40.333333333333336	0.0	0.0
57	__rnase_site_ext	16.0	0.0	0.0
57	p0	1.0	0.0	0.0
57	p1	1.0	0.0	0.0
57	p2	0.6666666666666666	0.0	0.0
57	protein1	176.33333333333337	8.0	1.5562170000000002
57	protein2	208.66666666666663	10.333333333333334	2.321937333333333
57	protein3	187.0	10.666666666666666	2.2130953333333334
57	r2	10.666666666666666	0.0	0.0
57	rnapol	1.3333333333333333	0.0	0.0
58	__protein1_rbs	5.333333333333333	0.0	0.0
58	__protein2_rbs	8.333333333333334	0.0	0.0
58	__protein3_rbs	8.666666666666666	0.0	0.0
58	__ribosome	39.66666666666666	0.0	0.0
58	__rnase_site_ext	16.0	0.0	0.0
58	p0	1.0	0.0	0.0
58	p1	1.0	0.0	0.0
58	p2	1.0	0.0	0.0
58	protein1	178.66666666666663	7.666666666666668	1.9166666666666667
58	protein2	215.0	10.333333333333334	2.2307693333333334
58	protein3	192.0	11.333333333333336	2.040885
58	r2	11.333333333333336	0.0	0.0
58	rnapol	1.3333333333333333	0.0	0.0
59	__protein1_rbs	5.333333333333333	0.0	0.0
59	__protein2_rbs	7.0	0.0	0.0
59	__protein3_rbs	8.0	0.0	0.0
59	__ribosome	38.333333333333336	0.0	0.0
59	__rnase_site_ext	16.333333333333332	0.0	0.0
59	p0	1.0	0.0	0.0
59	p1	0.6666666666666666	0.0	0.0
59	p2	1.0	0.0	0.0
59	protein1	183.0	7.666666666666668	2.0416666666666665
59	protein2	220.0	10.333333333333334	2.282051333333333
59	protein3	197.66666666666663	11.333333333333336	2.003607666666667
59	r2	11.666666666666664	0.0	0.0
59	rnapol	1.3333333333333333	0.0	0.0
60	__protein1_rbs	6.666666666666668	0.0	0.0
60	__protein2_rbs	8.333333333333334	0.0	0.0
60	__protein3_rbs	9.666666666666666	0.0	0.0
60	__ribosome	38.66666666666666	0.0	0.0
60	__rnase_site_ext	17.666666666666668	0.0	0.0
60	p0	0.6666666666666666	0.0	0.0
60	p1	1.0	0.0	0.0
60	p2	1.0	0.0	0.0
60	protein1	187.0	7.666666666666668	1.9404763333333332
60	protein2	226.0	10.333333333333334	2.259259333333333
60	protein3	203.33333333333331	11.666666666666664	2.010774333333333
60	r2	11.666666666666664	0.0	0.0
60	rnapol	1.6666666666666667	0.0	0.0
61	__protein1_rbs	5.0	0.0	0.0
61	__protein2_rbs	8.333333333333334	0.0	0.0
61	__protein3_rbs	7.0	0.0	0.0
61	__ribosome	31.33333333333333	0.0	0.0
61	__rnase_site_ext	17.333333333333332	0.0	0.0
61	p0	1.0	0.0	0.0
61	p1	1.0	0.0	0.0
61	p2	1.0	0.0	0.0
61	protein1	191.66666666666663	8.666666666666666	1.972222333333333
61	protein2	230.0	11.0	2.2346540000000004
61	protein3	208.33333333333331	11.666666666666664	2.322559
61	r2	11.333333333333336	0.0	0.0
61	rnapol	2.0	0.0	0.0
62	__protein1_rbs	5.666666666666668	0.0	0.0
62	__protein2_rbs	8.666666666666666	0.0	0.0
62	__protein3_rbs	7.333333333333332	0.0	0.0
62	__ribosome	32.333333333333336	0.0	0.0
62	__rnase_site_ext	17.333333333333332	0.0	0.0
62	p0	1.0	0.0	0.0
62	p1	1.0	0.0	0.0
62	p2	1.0	0.0	0.0
62	protein1	197.33333333333331	9.0	1.726852
62	protein2	235.66666666666663	11.0	2.04403
62	protein3	212.66666666666663	11.333333333333336	2.6318183333333334
62	r2	11.666666666666664	0.0	0.0
62	rnapol	1.3333333333333333	0.0	0.0
63	__protein1_rbs	7.333333333333332	0.0	0.0
63	__protein2_rbs	8.333333333333334	0.0	0.0
63	__protein3_rbs	9.0	0.0	0.0
63	__ribosome	33.0	0.0	0.0
63	__rnase_site_ext	19.0	0.0	0.0
63	p0	1.0	0.0	0.0
63	p1	0.3333333333333333	0.0	0.0
63	p2	1.0	0.0	0.0
63	protein1	200.33333333333331	9.0	1.851852
63	protein2	242.0	11.0	1.99741
63	protein3	218.33333333333331	11.666666666666664	2.449158333333333
63	r2	12.0	0.0	0.0
63	rnapol	1.0	0.0	0.0
64	__protein1_rbs	7.333333333333332	0.0	0.0
64	__protein2_rbs	9.0	0.0	0.0
64	__protein3_rbs	9.0	0.0	0.0
64	__ribosome	37.66666666666666	0.0	0.0
64	__rnase_site_ext	19.666666666666668	0.0	0.0
64	p0	1.0	0.0	0.0
64	p1	0.6666666666666666	0.0	0.0
64	p2	1.0	0.0	0.0
64	protein1	207.0	9.0	1.6296296666666663
64	protein2	248.66666666666663	11.666666666666664	1.697835666666667
64	protein3	225.0	12.0	2.3121213333333333
64	r2	12.0	0.0	0.0
64	rnapol	1.3333333333333333	0.0	0.0
65	__protein1_rbs	6.666666666666668	0.0	0.0
65	__protein2_rbs	9.0	0.0	0.0
65	__protein3_rbs	9.333333333333334	0.0	0.0
65	__ribosome	35.0	0.0	0.0
65	__rnase_site_ext	18.33333333333333	0.0	0.0
65	p0	1.0	0.0	0.0
65	p1	0.6666666666666666	0.0	0.0
65	p2	1.0	0.0	0.0
65	protein1	211.0	9.333333333333334	1.7148146666666666
65	protein2	252.33333333333331	12.333333333333336	1.7460320000000005
65	protein3	232.0	11.333333333333336	2.4119770000000003
65	r2	11.333333333333336	0.0	0.0
65	rnapol	1.0	0.0	0.0
66	__protein1_rbs	7.0	0.0	0.0
66	__protein2_rbs	7.0	0.0	0.0
66	__protein3_rbs	7.666666666666668	0.0	0.0
66	__ribosome	32.333333333333336	0.0	0.0
66	__rnase_site_ext	19.0	0.0	0.0
66	p0	0.6666666666666666	0.0	0.0
66	p1	1.0	0.0	0.0
66	p2	1.0	0.0	0.0
66	protein1	216.33333333333331	9.333333333333334	1.674074
66	protein2	258.0	12.666666666666664	2.051515
66	protein3	238.33333333333331	11.333333333333336	2.277296666666667
66	r2	11.0	0.0	0.0
66	rnapol	1.0	0.0	0.0
67	__protein1_rbs	7.666666666666668	0.0	0.0
67	__protein2_rbs	9.0	0.0	0.0
67	__protein3_rbs	8.333333333333334	0.0	0.0
67	__ribosome	29.66666666666667	0.0	0.0
67	__rnase_site_ext	19.666666666666668	0.0	0.0
67	p0	1.0	0.0	0.0
67	p1	1.0	0.0	0.0
67	p2	1.0	0.0	0.0
67	protein1	221.0	9.666666666666666	1.6481480000000002
67	protein2	262.0	12.666666666666664	2.2707073333333336
67	protein3	244.0	11.0	2.245532333333333
67	r2	11.333333333333336	0.0	0.0
67	rnapol	1.3333333333333333	0.0	0.0
68	__protein1_rbs	8.666666666666666	0.0	0.0
68	__protein2_rbs	9.333333333333334	0.0	0.0
68	__protein3_rbs	7.0	0.0	0.0
68	__ribosome	31.0	0.0	0.0
68	__rnase_site_ext	20.0	0.0	0.0
68	p0	1.0	0.0	0.0
68	p1	1.0	0.0	0.0
68	p2	1.0	0.0	0.0
68	protein1	225.33333333333331	10.0	1.6138046666666668
68	protein2	268.3333333333333	12.666666666666664	2.226767666666667
68	protein3	250.66666666666663	11.333333333333336	2.1062936666666667
68	r2	11.0	0.0	0.0
68	rnapol	1.0	0.0	0.0
69	__protein1_rbs	7.666666666666668	0.0	0.0
69	__protein2_rbs	7.666666666666668	0.0	0.0
69	__protein3_rbs	8.333333333333334	0.0	0.0
69	__ribosome	29.0	0.0	0.0
69	__rnase_site_ext	19.33333333333333	0.0	0.0
69	p0	1.0	0.0	0.0
69	p1	0.6666666666666666	0.0	0.0
69	p2	1.0	0.0	0.0
69	protein1	230.33333333333331	10.333333333333334	1.515151666666667
69	protein2	272.3333333333333	13.333333333333336	2.3438226666666666
69	protein3	256.3333333333333	10.666666666666666	2.180976333333333
69	r2	11.0	0.0	0.0
69	rnapol	1.3333333333333333	0.0	0.0
70	__protein1_rbs	6.0	0.0	0.0
70	__protein2_rbs	10.666666666666666	0.0	0.0
70	__protein3_rbs	7.0	0.0	0.0
70	__ribosome	28.66666666666667	0.0	0.0
70	__rnase_site_ext	18.33333333333333	0.0	0.0
70	p0	1.0	0.0	0.0
70	p1	1.0	0.0	0.0
70	p2	1.0	0.0	0.0
70	protein1	236.0	10.0	1.6579126666666666
70	protein2	281.6666666666667	13.333333333333336	2.0987180000000003
70	protein3	261.0	11.0	2.3659673333333333
70	r2	11.333333333333336	0.0	0.0
70	rnapol	0.6666666666666666	0.0	0.0
71	__protein1_rbs	7.333333333333332	0.0	0.0
71	__protein2_rbs	10.333333333333334	0.0	0.0
71	__protein3_rbs	8.333333333333334	0.0	0.0
71	__ribosome	30.0	0.0	0.0
71	__rnase_site_ext	20.0	0.0	0.0
71	p0	1.0	0.0	0.0
71	p1	0.6666666666666666	0.0	0.0
71	p2	1.0	0.0	0.0
71	protein1	240.33333333333331	10.333333333333334	1.653703666666667
71	protein2	289.0	13.333333333333336	2.051282
71	protein3	267.0	11.333333333333336	2.236171
71	r2	11.333333333333336	0.0	0.0
71	rnapol	0.6666666666666666	0.0	0.0
72	__protein1_rbs	8.333333333333334	0.0	0.0
72	__protein2_rbs	10.0	0.0	0.0
72	__protein3_rbs	9.0	0.0	0.0
72	__ribosome	27.0	0.0	0.0
72	__rnase_site_ext	20.666666666666668	0.0	0.0
72	p0	1.0	0.0	0.0
72	p1	0.6666666666666666	0.0	0.0
72	p2	1.0	0.0	0.0
72	protein1	244.0	10.333333333333334	1.6203703333333337
72	protein2	295.3333333333333	13.666666666666664	2.136752
72	protein3	270.6666666666667	11.333333333333336	2.370851333333333
72	r2	11.333333333333336	0.0	0.0
72	rnapol	1.3333333333333333	0.0	0.0
73	__protein1_rbs	8.333333333333334	0.0	0.0
73	__protein2_rbs	11.333333333333336	0.0	0.0
73	__protein3_rbs	8.666666666666666	0.0	0.0
73	__ribosome	33.333333333333336	0.0	0.0
73	__rnase_site_ext	20.33333333333333	0.0	0.0
73	p0	1.0	0.0	0.0
73	p1	1.0	0.0	0.0
73	p2	0.6666666666666666	0.0	0.0
73	protein1	249.66666666666663	10.333333333333334	1.4462963333333334
73	protein2	301.0	14.333333333333336	1.9750456666666665
73	protein3	278.0	11.333333333333336	2.1002883333333333
73	r2	11.333333333333336	0.0	0.0
73	rnapol	1.6666666666666667	0.0	0.0
74	__protein1_rbs	7.666666666666668	0.0	0.0
74	__protein2_rbs	11.0	0.0	0.0
74	__protein3_rbs	8.666666666666666	0.0	0.0
74	__ribosome	32.333333333333336	0.0	0.0
74	__rnase_site_ext	20.33333333333333	0.0	0.0
74	p0	1.0	0.0	0.0
74	p1	1.0	0.0	0.0
74	p2	1.0	0.0	0.0
74	protein1	255.33333333333331	10.333333333333334	1.4555556666666665
74	protein2	309.0	14.666666666666664	1.988095333333333
74	protein3	285.0	11.666666666666664	2.0095236666666665
74	r2	11.666666666666664	0.0	0.0
74	rnapol	2.333333333333333	0.0	0.0
75	__protein1_rbs	8.333333333333334	0.0	0.0
75	__protein2_rbs	12.0	0.0	0.0
75	__protein3_rbs	7.666666666666668	0.0	0.0
75	__ribosome	29.33333333333333	0.0	0.0
75	__rnase_site_ext	21.0	0.0	0.0
75	p0	1.0	0.0	0.0
75	p1	1.0	0.0	0.0
75	p2	1.0	0.0	0.0
75	protein1	259.6666666666667	10.333333333333334	1.527778
75	protein2	315.6666666666667	14.666666666666664	2.0625
75	protein3	288.6666666666667	11.666666666666664	2.117316
75	r2	11.666666666666664	0.0	0.0
75	rnapol	2.0	0.0	0.0
76	__protein1_rbs	8.0	0.0	0.0
76	__protein2_rbs	9.666666666666666	0.0	0.0
76	__protein3_rbs	8.666666666666666	0.0	0.0
76	__ribosome	27.66666666666667	0.0	0.0
76	__rnase_site_ext	21.0	0.0	0.0
76	p0	1.0	0.0	0.0
76	p1	1.0	0.0	0.0
76	p2	0.6666666666666666	0.0	0.0
76	protein1	263.0	11.333333333333336	1.590428333333333
76	protein2	323.0	14.333333333333336	2.111111
76	protein3	294.6666666666667	11.666666666666664	2.061472
76	r2	11.666666666666664	0.0	0.0
76	rnapol	1.3333333333333333	0.0	0.0
77	__protein1_rbs	8.333333333333334	0.0	0.0
77	__protein2_rbs	11.0	0.0	0.0
77	__protein3_rbs	9.666666666666666	0.0	0.0
77	__ribosome	27.66666666666667	0.0	0.0
77	__rnase_site_ext	20.666666666666668	0.0	0.0
77	p0	1.0	0.0	0.0
77	p1	1.0	0.0	0.0
77	p2	1.0	0.0	0.0
77	protein1	268.3333333333333	11.666666666666664	1.4939393333333333
77	protein2	329.6666666666667	14.333333333333336	2.1619046666666666
77	protein3	298.6666666666667	12.0	1.9675326666666668
77	r2	12.666666666666664	0.0	0.0
77	rnapol	0.6666666666666666	0.0	0.0
78	__protein1_rbs	7.333333333333332	0.0	0.0
78	__protein2_rbs	10.666666666666666	0.0	0.0
78	__protein3_rbs	9.666666666666666	0.0	0.0
78	__ribosome	27.33333333333333	0.0	0.0
78	__rnase_site_ext	22.0	0.0	0.0
78	p0	1.0	0.0	0.0
78	p1	0.6666666666666666	0.0	0.0
78	p2	1.0	0.0	0.0
78	protein1	274.3333333333333	11.666666666666664	1.5034966666666667
78	protein2	336.0	14.333333333333336	2.1619046666666666
78	protein3	304.6666666666667	12.333333333333336	1.9159453333333327
78	r2	12.666666666666664	0.0	0.0
78	rnapol	0.6666666666666666	0.0	0.0
79	__protein1_rbs	8.666666666666666	0.0	0.0
79	__protein2_rbs	10.333333333333334	0.0	0.0
79	__protein3_rbs	10.333333333333334	0.0	0.0
79	__ribosome	27.33333333333333	0.0	0.0
79	__rnase_site_ext	21.0	0.0	0.0
79	p0	1.0	0.0	0.0
79	p1	0.6666666666666666	0.0	0.0
79	p2	1.0	0.0	0.0
79	protein1	279.3333333333333	12.0	1.6091690000000003
79	protein2	343.66666666666674	14.666666666666664	2.0285713333333337
79	protein3	310.6666666666667	12.333333333333336	1.904029333333333
79	r2	12.666666666666664	0.0	0.0
79	rnapol	0.0	0.0	0.0
80	__protein1_rbs	9.666666666666666	0.0	0.0
80	__protein2_rbs	12.666666666666664	0.0	0.0
80	__protein3_rbs	11.0	0.0	0.0
80	__ribosome	28.0	0.0	0.0
80	__rnase_site_ext	21.66666666666667	0.0	0.0
80	p0	1.0	0.0	0.0
80	p1	0.6666666666666666	0.0	0.0
80	p2	1.0	0.0	0.0
80	protein1	283.3333333333333	11.666666666666664	1.684343666666667
80	protein2	349.0	15.666666666666664	1.9027776666666665
80	protein3	316.6666666666667	12.666666666666664	1.7931623333333333
80	r2	12.333333333333336	0.0	0.0
80	rnapol	0.3333333333333333	0.0	0.0
81	__protein1_rbs	10.0	0.0	0.0
81	__protein2_rbs	13.0	0.0	0.0
81	__protein3_rbs	8.333333333333334	0.0	0.0
81	__ribosome	30.66666666666667	0.0	0.0
81	__rnase_site_ext	22.0	0.0	0.0
81	p0	1.0	0.0	0.0
81	p1	1.0	0.0	0.0
81	p2	1.0	0.0	0.0
81	protein1	288.6666666666667	11.666666666666664	1.6237370000000002
81	protein2	359.66666666666674	15.666666666666664	1.575
81	protein3	320.6666666666667	12.333333333333336	2.1
81	r2	12.333333333333336	0.0	0.0
81	rnapol	1.0	0.0	0.0
82	__protein1_rbs	9.666666666666666	0.0	0.0
82	__protein2_rbs	12.0	0.0	0.0
82	__protein3_rbs	9.333333333333334	0.0	0.0
82	__ribosome	32.666666666666664	0.0	0.0
82	__rnase_site_ext	21.0	0.0	0.0
82	p0	1.0	0.0	0.0
82	p1	1.0	0.0	0.0
82	p2	1.0	0.0	0.0
82	protein1	296.0	11.666666666666664	1.29798
82	protein2	365.0	16.0	1.6698529999999998
82	protein3	327.3333333333333	12.333333333333336	2.0555553333333334
82	r2	12.333333333333336	0.0	0.0
82	rnapol	1.6666666666666667	0.0	0.0
83	__protein1_rbs	7.333333333333332	0.0	0.0
83	__protein2_rbs	11.666666666666664	0.0	0.0
83	__protein3_rbs	9.333333333333334	0.0	0.0
83	__ribosome	26.0	0.0	0.0
83	__rnase_site_ext	19.33333333333333	0.0	0.0
83	p0	1.0	0.0	0.0
83	p1	1.0	0.0	0.0
83	p2	1.0	0.0	0.0
83	protein1	301.6666666666667	11.666666666666664	1.4722223333333335
83	protein2	371.33333333333326	16.0	1.8984476666666663
83	protein3	330.6666666666667	11.666666666666664	2.234199333333333
83	r2	11.666666666666664	0.0	0.0
83	rnapol	2.6666666666666665	0.0	0.0
84	__protein1_rbs	9.0	0.0	0.0
84	__protein2_rbs	12.333333333333336	0.0	0.0
84	__protein3_rbs	6.0	0.0	0.0
84	__ribosome	24.66666666666667	0.0	0.0
84	__rnase_site_ext	20.33333333333333	0.0	0.0
84	p0	0.3333333333333333	0.0	0.0
84	p1	1.0	0.0	0.0
84	p2	1.0	0.0	0.0
84	protein1	306.3333333333333	12.0	1.460567333333333
84	protein2	377.66666666666674	16.0	1.8970586666666664
84	protein3	337.3333333333333	11.0	2.456410333333333
84	r2	11.0	0.0	0.0
84	rnapol	2.333333333333333	0.0	0.0
85	__protein1_rbs	10.333333333333334	0.0	0.0
85	__protein2_rbs	11.666666666666664	0.0	0.0
85	__protein3_rbs	9.333333333333334	0.0	0.0
85	__ribosome	23.33333333333333	0.0	0.0
85	__rnase_site_ext	21.0	0.0	0.0
85	p0	0.6666666666666666	0.0	0.0
85	p1	0.6666666666666666	0.0	0.0
85	p2	1.0	0.0	0.0
85	protein1	311.3333333333333	12.666666666666664	1.4404763333333337
85	protein2	383.0	15.666666666666664	2.105882333333333
85	protein3	342.6666666666667	11.0	2.271795
85	r2	11.0	0.0	0.0
85	rnapol	2.0	0.0	0.0
86	__protein1_rbs	11.0	0.0	0.0
86	__protein2_rbs	12.333333333333336	0.0	0.0
86	__protein3_rbs	9.333333333333334	0.0	0.0
86	__ribosome	25.33333333333333	0.0	0.0
86	__rnase_site_ext	22.33333333333333	0.0	0.0
86	p0	1.0	0.0	0.0
86	p1	1.0	0.0	0.0
86	p2	1.0	0.0	0.0
86	protein1	316.3333333333333	13.333333333333336	1.36453
86	protein2	390.33333333333326	16.0	2.0495913333333333
86	protein3	349.33333333333326	10.666666666666666	2.188889
86	r2	11.0	0.0	0.0
86	rnapol	1.0	0.0	0.0
87	__protein1_rbs	8.666666666666666	0.0	0.0
87	__protein2_rbs	12.666666666666664	0.0	0.0
87	__protein3_rbs	8.0	0.0	0.0
87	__ribosome	26.0	0.0	0.0
87	__rnase_site_ext	21.0	0.0	0.0
87	p0	1.0	0.0	0.0
87	p1	1.0	0.0	0.0
87	p2	1.0	0.0	0.0
87	protein1	322.0	13.0	1.533333
87	protein2	399.0	16.0	1.9449346666666667
87	protein3	356.0	11.0	2.024242333333333
87	r2	11.333333333333336	0.0	0.0
87	rnapol	0.6666666666666666	0.0	0.0
88	__protein1_rbs	10.0	0.0	0.0
88	__protein2_rbs	12.666666666666664	0.0	0.0
88	__protein3_rbs	9.0	0.0	0.0
88	__ribosome	29.66666666666667	0.0	0.0
88	__rnase_site_ext	21.66666666666667	0.0	0.0
88	p0	1.0	0.0	0.0
88	p1	0.6666666666666666	0.0	0.0
88	p2	1.0	0.0	0.0
88	protein1	328.6666666666667	13.0	1.3722223333333332
88	protein2	407.33333333333326	16.666666666666668	1.7337963333333333
88	protein3	360.66666666666674	11.333333333333336	2.0277776666666667
88	r2	11.333333333333336	0.0	0.0
88	rnapol	0.3333333333333333	0.0	0.0
89	__protein1_rbs	10.333333333333334	0.0	0.0
89	__protein2_rbs	14.666666666666664	0.0	0.0
89	__protein3_rbs	9.0	0.0	0.0
89	__ribosome	31.33333333333333	0.0	0.0
89	__rnase_site_ext	22.33333333333333	0.0	0.0
89	p0	1.0	0.0	0.0
89	p1	1.0	0.0	0.0
89	p2	1.0	0.0	0.0
89	protein1	333.0	13.0	1.3944443333333334
89	protein2	413.66666666666674	17.333333333333332	1.6917213333333336
89	protein3	366.66666666666674	11.333333333333336	1.8111113333333333
89	r2	11.333333333333336	0.0	0.0
89	rnapol	0.3333333333333333	0.0	0.0
90	__protein1_rbs	8.666666666666666	0.0	0.0
90	__protein2_rbs	14.333333333333336	0.0	0.0
90	__protein3_rbs	8.333333333333334	0.0	0.0
90	__ribosome	27.66666666666667	0.0	0.0
90	__rnase_site_ext	20.666666666666668	0.0	0.0
90	p0	0.6666666666666666	0.0	0.0
90	p1	1.0	0.0	0.0
90	p2	1.0	0.0	0.0
90	protein1	340.0	13.0	1.4055556666666664
90	protein2	421.66666666666674	18.0	1.7063983333333332
90	protein3	370.66666666666674	11.0	2.1186866666666666
90	r2	11.0	0.0	0.0
90	rnapol	1.3333333333333333	0.0	0.0
91	__protein1_rbs	11.0	0.0	0.0
91	__protein2_rbs	14.333333333333336	0.0	0.0
91	__protein3_rbs	8.333333333333334	0.0	0.0
91	__ribosome	28.0	0.0	0.0
91	__rnase_site_ext	22.66666666666667	0.0	0.0
91	p0	0.6666666666666666	0.0	0.0
91	p1	1.0	0.0	0.0
91	p2	1.0	0.0	0.0
91	protein1	345.66666666666674	13.333333333333336	1.4059826666666666
91	protein2	429.33333333333326	18.0	1.685185333333333
91	protein3	376.66666666666674	11.0	2.118181666666666
91	r2	11.333333333333336	0.0	0.0
91	rnapol	1.0	0.0	0.0
92	__protein1_rbs	10.333333333333334	0.0	0.0
92	__protein2_rbs	13.666666666666664	0.0	0.0
92	__protein3_rbs	10.333333333333334	0.0	0.0
92	__ribosome	23.66666666666667	0.0	0.0
92	__rnase_site_ext	22.66666666666667	0.0	0.0
92	p0	1.0	0.0	0.0
92	p1	1.0	0.0	0.0
92	p2	0.6666666666666666	0.0	0.0
92	protein1	350.0	13.666666666666664	1.6111113333333331
92	protein2	436.0	18.0	1.7407406666666667
92	protein3	381.33333333333326	11.666666666666664	2.0163166666666665
92	r2	11.666666666666664	0.0	0.0
92	rnapol	0.6666666666666666	0.0	0.0
93	__protein1_rbs	11.666666666666664	0.0	0.0
93	__protein2_rbs	14.0	0.0	0.0
93	__protein3_rbs	8.666666666666666	0.0	0.0
93	__ribosome	24.66666666666667	0.0	0.0
93	__rnase_site_ext	23.66666666666667	0.0	0.0
93	p0	1.0	0.0	0.0
93	p1	1.0	0.0	0.0
93	p2	0.6666666666666666	0.0	0.0
93	protein1	357.0	13.666666666666664	1.4960316666666669
93	protein2	443.33333333333326	17.666666666666668	1.7396513333333334
93	protein3	385.0	12.0	2.0277776666666667
93	r2	12.0	0.0	0.0
93	rnapol	0.6666666666666666	0.0	0.0
94	__protein1_rbs	12.0	0.0	0.0
94	__protein2_rbs	12.666666666666664	0.0	0.0
94	__protein3_rbs	10.333333333333334	0.0	0.0
94	__ribosome	27.0	0.0	0.0
94	__rnase_site_ext	24.33333333333333	0.0	0.0
94	p0	1.0	0.0	0.0
94	p1	0.6666666666666666	0.0	0.0
94	p2	1.0	0.0	0.0
94	protein1	362.66666666666674	14.0	1.375
94	protein2	450.33333333333326	17.666666666666668	1.7581696666666666
94	protein3	390.66666666666674	12.333333333333336	1.876068
94	r2	12.333333333333336	0.0	0.0
94	rnapol	0.6666666666666666	0.0	0.0
95	__protein1_rbs	10.0	0.0	0.0
95	__protein2_rbs	12.666666666666664	0.0	0.0
95	__protein3_rbs	9.0	0.0	0.0
95	__ribosome	30.0	0.0	0.0
95	__rnase_site_ext	22.0	0.0	0.0
95	p0	1.0	0.0	0.0
95	p1	0.6666666666666666	0.0	0.0
95	p2	1.0	0.0	0.0
95	protein1	370.66666666666674	14.0	1.195512666666667
95	protein2	459.0	17.666666666666668	1.7177143333333331
95	protein3	396.66666666666674	12.0	1.962704
95	r2	12.0	0.0	0.0
95	rnapol	1.0	0.0	0.0
96	__protein1_rbs	10.333333333333334	0.0	0.0
96	__protein2_rbs	14.0	0.0	0.0
96	__protein3_rbs	8.666666666666666	0.0	0.0
96	__ribosome	31.0	0.0	0.0
96	__rnase_site_ext	22.0	0.0	0.0
96	p0	1.0	0.0	0.0
96	p1	0.6666666666666666	0.0	0.0
96	p2	1.0	0.0	0.0
96	protein1	376.33333333333326	13.333333333333336	1.249084
96	protein2	465.66666666666674	18.0	1.7434353333333332
96	protein3	402.66666666666674	12.0	1.7692306666666668
96	r2	12.0	0.0	0.0
96	rnapol	1.6666666666666667	0.0	0.0
97	__protein1_rbs	9.0	0.0	0.0
97	__protein2_rbs	14.333333333333336	0.0	0.0
97	__protein3_rbs	9.333333333333334	0.0	0.0
97	__ribosome	28.0	0.0	0.0
97	__rnase_site_ext	21.66666666666667	0.0	0.0
97	p0	1.0	0.0	0.0
97	p1	1.0	0.0	0.0
97	p2	1.0	0.0	0.0
97	protein1	381.0	13.666666666666664	1.362637333333333
97	protein2	472.33333333333326	18.33333333333333	1.760233666666667
97	protein3	407.66666666666674	12.0	1.7670940000000002
97	r2	12.333333333333336	0.0	0.0
97	rnapol	1.3333333333333333	0.0	0.0
98	__protein1_rbs	10.0	0.0	0.0
98	__protein2_rbs	12.666666666666664	0.0	0.0
98	__protein3_rbs	8.666666666666666	0.0	0.0
98	__ribosome	26.0	0.0	0.0
98	__rnase_site_ext	22.33333333333333	0.0	0.0
98	p0	1.0	0.0	0.0
98	p1	1.0	0.0	0.0
98	p2	0.6666666666666666	0.0	0.0
98	protein1	386.66666666666674	13.666666666666664	1.2930400000000002
98	protein2	479.66666666666674	18.666666666666668	1.8752436666666668
98	protein3	412.66666666666674	12.333333333333336	1.7286326666666667
98	r2	12.333333333333336	0.0	0.0
98	rnapol	1.3333333333333333	0.0	0.0
99	__protein1_rbs	11.0	0.0	0.0
99	__protein2_rbs	14.333333333333336	0.0	0.0
99	__protein3_rbs	10.0	0.0	0.0
99	__ribosome	28.0	0.0	0.0
99	__rnase_site_ext	22.33333333333333	0.0	0.0
99	p0	1.0	0.0	0.0
99	p1	0.3333333333333333	0.0	0.0
99	p2	1.0	0.0	0.0
99	protein1	391.0	13.666666666666664	1.3699633333333334
99	protein2	487.33333333333326	18.0	1.8947366666666667
99	protein3	418.66666666666674	12.666666666666664	1.525641
99	r2	12.666666666666664	0.0	0.0
99	rnapol	1.6666666666666667	0.0	0.0
100	__protein1_rbs	12.0	0.0	0.0
100	__protein2_rbs	16.0	0.0	0.0
100	__protein3_rbs	7.333333333333332	0.0	0.0
100	__ribosome	24.66666666666667	0.0	0.0
100	__rnase_site_ext	24.33333333333333	0.0	0.0
100	p0	1.0	0.0	0.0
100	p1	1.0	0.0	0.0
100	p2	1.0	0.0	0.0
100	protein1	397.33333333333326	13.666666666666664	1.298535
100	protein2	494.33333333333326	18.666666666666668	1.7449430000000001
100	protein3	422.0	12.666666666666664	1.965812
100	r2	12.666666666666664	0.0	0.0
100	rnapol	1.6666666666666667	0.0	0.0
101	__protein1_rbs	12.0	0.0	0.0
101	__protein2_rbs	14.333333333333336	0.0	0.0
101	__protein3_rbs	10.666666666666666	0.0	0.0
101	__ribosome	25.0	0.0	0.0
101	__rnase_site_ext	23.33333333333333	0.0	0.0
101	p0	1.0	0.0	0.0
101	p1	0.6666666666666666	0.0	0.0
101	p2	0.3333333333333333	0.0	0.0
101	protein1	402.0	13.666666666666664	1.3406589999999998
101	protein2	503.33333333333326	18.33333333333333	1.7164486666666667
101	protein3	426.0	12.666666666666664	1.9679486666666668
101	r2	12.666666666666664	0.0	0.0
101	rnapol	1.6666666666666667	0.0	0.0
102	__protein1_rbs	12.0	0.0	0.0
102	__protein2_rbs	14.333333333333336	0.0	0.0
102	__protein3_rbs	10.0	0.0	0.0
102	__ribosome	26.0	0.0	0.0
102	__rnase_site_ext	25.0	0.0	0.0
102	p0	0.6666666666666666	0.0	0.0
102	p1	1.0	0.0	0.0
102	p2	1.0	0.0	0.0
102	protein1	408.33333333333326	14.666666666666664	1.2746030000000002
102	protein2	512.6666666666666	18.0	1.5740743333333331
102	protein3	430.66666666666674	13.333333333333336	2.0238093333333333
102	r2	13.666666666666664	0.0	0.0
102	rnapol	0.6666666666666666	0.0	0.0
103	__protein1_rbs	11.0	0.0	0.0
103	__protein2_rbs	13.666666666666664	0.0	0.0
103	__protein3_rbs	11.0	0.0	0.0
103	__ribosome	27.0	0.0	0.0
103	__rnase_site_ext	24.0	0.0	0.0
103	p0	1.0	0.0	0.0
103	p1	1.0	0.0	0.0
103	p2	1.0	0.0	0.0
103	protein1	414.66666666666674	14.666666666666664	1.3238096666666668
103	protein2	519.3333333333334	18.0	1.6666663333333334
103	protein3	437.0	13.333333333333336	1.777777666666667
103	r2	12.666666666666664	0.0	0.0
103	rnapol	1.0	0.0	0.0
104	__protein1_rbs	12.0	0.0	0.0
104	__protein2_rbs	16.0	0.0	0.0
104	__protein3_rbs	11.333333333333336	0.0	0.0
104	__ribosome	28.66666666666667	0.0	0.0
104	__rnase_site_ext	23.66666666666667	0.0	0.0
104	p0	1.0	0.0	0.0
104	p1	1.0	0.0	0.0
104	p2	0.6666666666666666	0.0	0.0
104	protein1	419.66666666666674	14.666666666666664	1.3206346666666666
104	protein2	525.3333333333334	18.0	1.7331153333333331
104	protein3	443.33333333333326	12.333333333333336	1.7223443333333333
104	r2	12.333333333333336	0.0	0.0
104	rnapol	0.6666666666666666	0.0	0.0
105	__protein1_rbs	10.333333333333334	0.0	0.0
105	__protein2_rbs	13.666666666666664	0.0	0.0
105	__protein3_rbs	10.333333333333334	0.0	0.0
105	__ribosome	28.0	0.0	0.0
105	__rnase_site_ext	23.33333333333333	0.0	0.0
105	p0	1.0	0.0	0.0
105	p1	0.6666666666666666	0.0	0.0
105	p2	1.0	0.0	0.0
105	protein1	425.33333333333326	14.666666666666664	1.3634923333333333
105	protein2	533.6666666666666	18.33333333333333	1.7461303333333331
105	protein3	450.33333333333326	12.666666666666664	1.6025639999999999
105	r2	12.333333333333336	0.0	0.0
105	rnapol	1.0	0.0	0.0
106	__protein1_rbs	9.666666666666666	0.0	0.0
106	__protein2_rbs	15.0	0.0	0.0
106	__protein3_rbs	10.666666666666666	0.0	0.0
106	__ribosome	29.66666666666667	0.0	0.0
106	__rnase_site_ext	22.33333333333333	0.0	0.0
106	p0	1.0	0.0	0.0
106	p1	1.0	0.0	0.0
106	p2	1.0	0.0	0.0
106	protein1	432.66666666666674	14.666666666666664	1.3396826666666666
106	protein2	540.3333333333334	18.33333333333333	1.7446396666666668
106	protein3	455.33333333333326	12.0	1.5820513333333337
106	r2	12.0	0.0	0.0
106	rnapol	1.0	0.0	0.0
107	__protein1_rbs	12.333333333333336	0.0	0.0
107	__protein2_rbs	14.666666666666664	0.0	0.0
107	__protein3_rbs	9.666666666666666	0.0	0.0
107	__ribosome	27.66666666666667	0.0	0.0
107	__rnase_site_ext	22.66666666666667	0.0	0.0
107	p0	1.0	0.0	0.0
107	p1	1.0	0.0	0.0
107	p2	1.0	0.0	0.0
107	protein1	438.66666666666674	15.0	1.2972223333333333
107	protein2	548.0	19.0	1.7919103333333333
107	protein3	458.66666666666674	12.0	1.5820513333333337
107	r2	11.666666666666664	0.0	0.0
107	rnapol	1.3333333333333333	0.0	0.0
108	__protein1_rbs	12.333333333333336	0.0	0.0
108	__protein2_rbs	14.0	0.0	0.0
108	__protein3_rbs	7.0	0.0	0.0
108	__ribosome	22.33333333333333	0.0	0.0
108	__rnase_site_ext	23.66666666666667	0.0	0.0
108	p0	0.6666666666666666	0.0	0.0
108	p1	0.6666666666666666	0.0	0.0
108	p2	1.0	0.0	0.0
108	protein1	443.0	15.0	1.5093253333333332
108	protein2	557.0	18.666666666666668	1.8298246666666669
108	protein3	463.33333333333326	11.333333333333336	1.8739316666666663
108	r2	11.0	0.0	0.0
108	rnapol	1.3333333333333333	0.0	0.0
109	__protein1_rbs	12.0	0.0	0.0
109	__protein2_rbs	15.0	0.0	0.0
109	__protein3_rbs	9.0	0.0	0.0
109	__ribosome	21.0	0.0	0.0
109	__rnase_site_ext	23.33333333333333	0.0	0.0
109	p0	1.0	0.0	0.0
109	p1	1.0	0.0	0.0
109	p2	1.0	0.0	0.0
109	protein1	449.66666666666674	15.333333333333336	1.455357
109	protein2	562.6666666666666	19.0	2.0101366666666665
109	protein3	468.0	10.666666666666666	1.751457
109	r2	10.666666666666666	0.0	0.0
109	rnapol	1.6666666666666667	0.0	0.0
110	__protein1_rbs	13.333333333333336	0.0	0.0
110	__protein2_rbs	14.333333333333336	0.0	0.0
110	__protein3_rbs	9.0	0.0	0.0
110	__ribosome	24.66666666666667	0.0	0.0
110	__rnase_site_ext	23.66666666666667	0.0	0.0
110	p0	1.0	0.0	0.0
110	p1	1.0	0.0	0.0
110	p2	0.6666666666666666	0.0	0.0
110	protein1	456.33333333333326	15.333333333333336	1.438889
110	protein2	571.0	18.666666666666668	1.9191033333333332
110	protein3	473.0	10.666666666666666	1.6625876666666668
110	r2	11.0	0.0	0.0
110	rnapol	1.6666666666666667	0.0	0.0
111	__protein1_rbs	12.0	0.0	0.0
111	__protein2_rbs	15.666666666666664	0.0	0.0
111	__protein3_rbs	9.666666666666666	0.0	0.0
111	__ribosome	27.66666666666667	0.0	0.0
111	__rnase_site_ext	23.0	0.0	0.0
111	p0	0.6666666666666666	0.0	0.0
111	p1	0.3333333333333333	0.0	0.0
111	p2	1.0	0.0	0.0
111	protein1	463.66666666666674	15.0	1.4097223333333335
111	protein2	580.3333333333334	18.666666666666668	1.7582846666666665
111	protein3	476.0	11.333333333333336	1.6087059999999995
111	r2	12.0	0.0	0.0
111	rnapol	0.6666666666666666	0.0	0.0
112	__protein1_rbs	12.666666666666664	0.0	0.0
112	__protein2_rbs	14.333333333333336	0.0	0.0
112	__protein3_rbs	8.0	0.0	0.0
112	__ribosome	26.33333333333333	0.0	0.0
112	__rnase_site_ext	23.0	0.0	0.0
112	p0	1.0	0.0	0.0
112	p1	1.0	0.0	0.0
112	p2	1.0	0.0	0.0
112	protein1	470.66666666666674	15.333333333333336	1.402707666666667
112	protein2	588.6666666666666	19.33333333333333	1.7807016666666666
112	protein3	482.0	11.666666666666664	1.5185183333333334
112	r2	11.666666666666664	0.0	0.0
112	rnapol	1.0	0.0	0.0
113	__protein1_rbs	13.333333333333336	0.0	0.0
113	__protein2_rbs	13.333333333333336	0.0	0.0
113	__protein3_rbs	9.0	0.0	0.0
113	__ribosome	25.0	0.0	0.0
113	__rnase_site_ext	24.33333333333333	0.0	0.0
113	p0	1.0	0.0	0.0
113	p1	1.0	0.0	0.0
113	p2	1.0	0.0	0.0
113	protein1	476.66666666666674	15.666666666666664	1.3939076666666663
113	protein2	598.0	19.0	1.7962963333333333
113	protein3	485.66666666666674	11.666666666666664	1.617725
113	r2	11.666666666666664	0.0	0.0
113	rnapol	0.3333333333333333	0.0	0.0
114	__protein1_rbs	12.666666666666664	0.0	0.0
114	__protein2_rbs	16.333333333333332	0.0	0.0
114	__protein3_rbs	10.0	0.0	0.0
114	__ribosome	25.33333333333333	0.0	0.0
114	__rnase_site_ext	23.33333333333333	0.0	0.0
114	p0	0.6666666666666666	0.0	0.0
114	p1	1.0	0.0	0.0
114	p2	1.0	0.0	0.0
114	protein1	483.0	15.666666666666664	1.4021359999999998
114	protein2	605.3333333333334	19.33333333333333	1.6552633333333333
114	protein3	489.33333333333326	11.666666666666664	1.738095333333333
114	r2	11.333333333333336	0.0	0.0
114	rnapol	1.0	0.0	0.0
115	__protein1_rbs	12.333333333333336	0.0	0.0
115	__protein2_rbs	15.333333333333336	0.0	0.0
115	__protein3_rbs	9.0	0.0	0.0
115	__ribosome	20.33333333333333	0.0	0.0
115	__rnase_site_ext	23.0	0.0	0.0
115	p0	1.0	0.0	0.0
115	p1	1.0	0.0	0.0
115	p2	1.0	0.0	0.0
115	protein1	490.0	15.666666666666664	1.4325979999999998
115	protein2	612.0	19.666666666666668	1.7276526666666665
115	protein3	492.66666666666674	11.333333333333336	2.0798463333333337
115	r2	11.333333333333336	0.0	0.0
115	rnapol	1.6666666666666667	0.0	0.0
116	__protein1_rbs	13.666666666666664	0.0	0.0
116	__protein2_rbs	15.666666666666664	0.0	0.0
116	__protein3_rbs	9.666666666666666	0.0	0.0
116	__ribosome	27.0	0.0	0.0
116	__rnase_site_ext	24.66666666666667	0.0	0.0
116	p0	1.0	0.0	0.0
116	p1	1.0	0.0	0.0
116	p2	0.6666666666666666	0.0	0.0
116	protein1	496.66666666666674	16.0	1.314215666666667
116	protein2	622.0	19.33333333333333	1.5993266666666666
116	protein3	497.66666666666674	11.333333333333336	1.8910533333333333
116	r2	11.666666666666664	0.0	0.0
116	rnapol	1.0	0.0	0.0
117	__protein1_rbs	12.666666666666664	0.0	0.0
117	__protein2_rbs	15.333333333333336	0.0	0.0
117	__protein3_rbs	8.333333333333334	0.0	0.0
117	__ribosome	25.0	0.0	0.0
117	__rnase_site_ext	24.0	0.0	0.0
117	p0	1.0	0.0	0.0
117	p1	1.0	0.0	0.0
117	p2	0.6666666666666666	0.0	0.0
117	protein1	503.33333333333326	16.0	1.2895423333333331
117	protein2	629.6666666666666	20.0	1.6076553333333332
117	protein3	503.66666666666674	12.0	1.8878786666666667
117	r2	12.0	0.0	0.0
117	rnapol	1.0	0.0	0.0
118	__protein1_rbs	11.333333333333336	0.0	0.0
118	__protein2_rbs	16.666666666666668	0.0	0.0
118	__protein3_rbs	9.0	0.0	0.0
118	__ribosome	23.0	0.0	0.0
118	__rnase_site_ext	23.66666666666667	0.0	0.0
118	p0	1.0	0.0	0.0
118	p1	1.0	0.0	0.0
118	p2	1.0	0.0	0.0
118	protein1	510.0	16.0	1.3754903333333337
118	protein2	636.3333333333334	20.0	1.610048
118	protein3	508.66666666666674	12.333333333333336	1.8722223333333328
118	r2	12.666666666666664	0.0	0.0
118	rnapol	0.3333333333333333	0.0	0.0
119	__protein1_rbs	13.333333333333336	0.0	0.0
119	__protein2_rbs	15.666666666666664	0.0	0.0
119	__protein3_rbs	9.333333333333334	0.0	0.0
119	__ribosome	20.666666666666668	0.0	0.0
119	__rnase_site_ext	25.0	0.0	0.0
119	p0	1.0	0.0	0.0
119	p1	1.0	0.0	0.0
119	p2	1.0	0.0	0.0
119	protein1	515.0	16.333333333333332	1.4692813333333332
119	protein2	643.0	20.0	1.6604376666666667
119	protein3	514.3333333333334	12.333333333333336	1.8087913333333332
119	r2	12.333333333333336	0.0	0.0
119	rnapol	1.0	0.0	0.0
120	__protein1_rbs	12.666666666666664	0.0	0.0
120	__protein2_rbs	15.666666666666664	0.0	0.0
120	__protein3_rbs	9.666666666666666	0.0	0.0
120	__ribosome	20.0	0.0	0.0
120	__rnase_site_ext	24.66666666666667	0.0	0.0
120	p0	0.6666666666666666	0.0	0.0
120	p1	1.0	0.0	0.0
120	p2	1.0	0.0	0.0
120	protein1	522.6666666666666	16.666666666666668	1.3625273333333332
120	protein2	650.3333333333334	20.33333333333333	1.6129186666666666
120	protein3	517.6666666666666	12.333333333333336	1.97326
120	r2	12.333333333333336	0.0	0.0
120	rnapol	1.0	0.0	0.0
121	__protein1_rbs	13.0	0.0	0.0
121	__protein2_rbs	16.0	0.0	0.0
121	__protein3_rbs	11.333333333333336	0.0	0.0
121	__ribosome	24.0	0.0	0.0
121	__rnase_site_ext	24.0	0.0	0.0
121	p0	1.0	0.0	0.0
121	p1	1.0	0.0	0.0
121	p2	1.0	0.0	0.0
121	protein1	528.6666666666666	17.0	1.351851666666667
121	protein2	659.0	20.0	1.527113333333333
121	protein3	523.0	12.666666666666664	1.7709403333333331
121	r2	12.666666666666664	0.0	0.0
121	rnapol	1.3333333333333333	0.0	0.0
122	__protein1_rbs	12.0	0.0	0.0
122	__protein2_rbs	17.0	0.0	0.0
122	__protein3_rbs	9.666666666666666	0.0	0.0
122	__ribosome	26.0	0.0	0.0
122	__rnase_site_ext	25.0	0.0	0.0
122	p0	1.0	0.0	0.0
122	p1	1.0	0.0	0.0
122	p2	0.3333333333333333	0.0	0.0
122	protein1	537.3333333333334	16.666666666666668	1.3335513333333333
122	protein2	667.6666666666666	20.33333333333333	1.5118023333333337
122	protein3	529.0	12.666666666666664	1.659829
122	r2	13.0	0.0	0.0
122	rnapol	1.3333333333333333	0.0	0.0
123	__protein1_rbs	15.333333333333336	0.0	0.0
123	__protein2_rbs	15.333333333333336	0.0	0.0
123	__protein3_rbs	13.0	0.0	0.0
123	__ribosome	26.0	0.0	0.0
123	__rnase_site_ext	28.33333333333333	0.0	0.0
123	p0	1.0	0.0	0.0
123	p1	1.0	0.0	0.0
123	p2	1.0	0.0	0.0
123	protein1	543.3333333333334	16.666666666666668	1.2265793333333337
123	protein2	673.6666666666666	20.33333333333333	1.7077353333333332
123	protein3	535.6666666666666	13.666666666666664	1.370671
123	r2	14.666666666666664	0.0	0.0
123	rnapol	0.3333333333333333	0.0	0.0
124	__protein1_rbs	13.333333333333336	0.0	0.0
124	__protein2_rbs	16.333333333333332	0.0	0.0
124	__protein3_rbs	11.333333333333336	0.0	0.0
124	__ribosome	24.33333333333333	0.0	0.0
124	__rnase_site_ext	27.33333333333333	0.0	0.0
124	p0	1.0	0.0	0.0
124	p1	1.0	0.0	0.0
124	p2	1.0	0.0	0.0
124	protein1	548.3333333333334	17.0	1.2739653333333334
124	protein2	681.3333333333334	20.666666666666668	1.6818560000000002
124	protein3	540.3333333333334	14.666666666666664	1.35817
124	r2	14.666666666666664	0.0	0.0
124	rnapol	0.6666666666666666	0.0	0.0
125	__protein1_rbs	15.333333333333336	0.0	0.0
125	__protein2_rbs	16.0	0.0	0.0
125	__protein3_rbs	12.0	0.0	0.0
125	__ribosome	25.33333333333333	0.0	0.0
125	__rnase_site_ext	28.0	0.0	0.0
125	p0	1.0	0.0	0.0
125	p1	0.6666666666666666	0.0	0.0
125	p2	1.0	0.0	0.0
125	protein1	557.0	17.333333333333332	1.098039
125	protein2	687.6666666666665	21.0	1.7620863333333334
125	protein3	544.6666666666666	14.666666666666664	1.3248363333333333
125	r2	14.666666666666664	0.0	0.0
125	rnapol	0.3333333333333333	0.0	0.0
126	__protein1_rbs	13.666666666666664	0.0	0.0
126	__protein2_rbs	17.0	0.0	0.0
126	__protein3_rbs	12.333333333333336	0.0	0.0
126	__ribosome	23.66666666666667	0.0	0.0
126	__rnase_site_ext	28.0	0.0	0.0
126	p0	1.0	0.0	0.0
126	p1	1.0	0.0	0.0
126	p2	1.0	0.0	0.0
126	protein1	563.6666666666666	17.333333333333332	1.1361656666666666
126	protein2	698.0	21.33333333333333	1.7265009999999998
126	protein3	548.0	14.666666666666664	1.397058666666667
126	r2	15.333333333333336	0.0	0.0
126	rnapol	1.0	0.0	0.0
127	__protein1_rbs	15.0	0.0	0.0
127	__protein2_rbs	16.333333333333332	0.0	0.0
127	__protein3_rbs	10.666666666666666	0.0	0.0
127	__ribosome	20.666666666666668	0.0	0.0
127	__rnase_site_ext	28.33333333333333	0.0	0.0
127	p0	1.0	0.0	0.0
127	p1	1.0	0.0	0.0
127	p2	1.0	0.0	0.0
127	protein1	568.3333333333334	17.0	1.1467866666666666
127	protein2	706.6666666666665	21.33333333333333	1.7838856666666667
127	protein3	552.6666666666666	15.333333333333336	1.4452993333333335
127	r2	15.666666666666664	0.0	0.0
127	rnapol	1.6666666666666667	0.0	0.0
128	__protein1_rbs	13.666666666666664	0.0	0.0
128	__protein2_rbs	16.666666666666668	0.0	0.0
128	__protein3_rbs	13.333333333333336	0.0	0.0
128	__ribosome	22.33333333333333	0.0	0.0
128	__rnase_site_ext	26.33333333333333	0.0	0.0
128	p0	1.0	0.0	0.0
128	p1	1.0	0.0	0.0
128	p2	1.0	0.0	0.0
128	protein1	576.0	17.333333333333332	1.130719
128	protein2	715.0	20.666666666666668	1.7801296666666666
128	protein3	557.6666666666666	15.333333333333336	1.396452
128	r2	15.666666666666664	0.0	0.0
128	rnapol	1.3333333333333333	0.0	0.0
129	__protein1_rbs	13.333333333333336	0.0	0.0
129	__protein2_rbs	17.0	0.0	0.0
129	__protein3_rbs	13.0	0.0	0.0
129	__ribosome	22.66666666666667	0.0	0.0
129	__rnase_site_ext	27.33333333333333	0.0	0.0
129	p0	1.0	0.0	0.0
129	p1	1.0	0.0	0.0
129	p2	1.0	0.0	0.0
129	protein1	582.6666666666666	17.0	1.137935666666667
129	protein2	722.6666666666665	21.0	1.7427536666666663
129	protein3	562.0	15.666666666666664	1.386928333333333
129	r2	15.666666666666664	0.0	0.0
129	rnapol	1.6666666666666667	0.0	0.0
130	__protein1_rbs	14.0	0.0	0.0
130	__protein2_rbs	17.333333333333332	0.0	0.0
130	__protein3_rbs	11.666666666666664	0.0	0.0
130	__ribosome	22.33333333333333	0.0	0.0
130	__rnase_site_ext	28.33333333333333	0.0	0.0
130	p0	1.0	0.0	0.0
130	p1	1.0	0.0	0.0
130	p2	1.0	0.0	0.0
130	protein1	587.0	17.333333333333332	1.3039216666666666
130	protein2	733.0	21.0	1.5637679999999998
130	protein3	566.6666666666666	15.666666666666664	1.439215666666667
130	r2	16.333333333333332	0.0	0.0
130	rnapol	1.3333333333333333	0.0	0.0
131	__protein1_rbs	15.333333333333336	0.0	0.0
131	__protein2_rbs	17.333333333333332	0.0	0.0
131	__protein3_rbs	12.333333333333336	0.0	0.0
131	__ribosome	21.66666666666667	0.0	0.0
131	__rnase_site_ext	29.33333333333333	0.0	0.0
131	p0	0.6666666666666666	0.0	0.0
131	p1	1.0	0.0	0.0
131	p2	0.6666666666666666	0.0	0.0
131	protein1	592.3333333333334	17.333333333333332	1.3823530000000002
131	protein2	742.0	21.33333333333333	1.4805556666666666
131	protein3	571.3333333333334	16.333333333333332	1.4203703333333333
131	r2	16.333333333333332	0.0	0.0
131	rnapol	1.0	0.0	0.0
132	__protein1_rbs	13.0	0.0	0.0
132	__protein2_rbs	17.666666666666668	0.0	0.0
132	__protein3_rbs	13.333333333333336	0.0	0.0
132	__ribosome	23.66666666666667	0.0	0.0
132	__rnase_site_ext	27.66666666666667	0.0	0.0
132	p0	1.0	0.0	0.0
132	p1	1.0	0.0	0.0
132	p2	1.0	0.0	0.0
132	protein1	599.6666666666666	17.666666666666668	1.458605666666667
132	protein2	751.0	21.66666666666667	1.30873
132	protein3	577.6666666666666	16.666666666666668	1.349537
132	r2	16.333333333333332	0.0	0.0
132	rnapol	1.3333333333333333	0.0	0.0
133	__protein1_rbs	13.333333333333336	0.0	0.0
133	__protein2_rbs	17.0	0.0	0.0
133	__protein3_rbs	12.333333333333336	0.0	0.0
133	__ribosome	20.0	0.0	0.0
133	__rnase_site_ext	27.0	0.0	0.0
133	p0	1.0	0.0	0.0
133	p1	1.0	0.0	0.0
133	p2	1.0	0.0	0.0
133	protein1	608.0	17.0	1.3408226666666667
133	protein2	756.3333333333335	21.0	1.5900583333333334
133	protein3	582.0	16.333333333333332	1.5027776666666668
133	r2	16.333333333333332	0.0	0.0
133	rnapol	1.3333333333333333	0.0	0.0
134	__protein1_rbs	14.333333333333336	0.0	0.0
134	__protein2_rbs	17.666666666666668	0.0	0.0
134	__protein3_rbs	12.0	0.0	0.0
134	__ribosome	20.33333333333333	0.0	0.0
134	__rnase_site_ext	28.33333333333333	0.0	0.0
134	p0	0.6666666666666666	0.0	0.0
134	p1	0.6666666666666666	0.0	0.0
134	p2	1.0	0.0	0.0
134	protein1	615.6666666666666	16.666666666666668	1.199755
134	protein2	765.0	21.33333333333333	1.5222223333333336
134	protein3	585.6666666666666	16.333333333333332	1.677778
134	r2	16.666666666666668	0.0	0.0
134	rnapol	1.0	0.0	0.0
135	__protein1_rbs	13.666666666666664	0.0	0.0
135	__protein2_rbs	18.0	0.0	0.0
135	__protein3_rbs	13.0	0.0	0.0
135	__ribosome	19.33333333333333	0.0	0.0
135	__rnase_site_ext	27.0	0.0	0.0
135	p0	1.0	0.0	0.0
135	p1	1.0	0.0	0.0
135	p2	1.0	0.0	0.0
135	protein1	622.0	17.333333333333332	1.1535950000000001
135	protein2	772.6666666666665	21.66666666666667	1.4642856666666664
135	protein3	591.0	16.333333333333332	1.7720866666666666
135	r2	15.666666666666664	0.0	0.0
135	rnapol	1.3333333333333333	0.0	0.0
136	__protein1_rbs	11.666666666666664	0.0	0.0
136	__protein2_rbs	18.0	0.0	0.0
136	__protein3_rbs	14.0	0.0	0.0
136	__ribosome	19.666666666666668	0.0	0.0
136	__rnase_site_ext	25.66666666666667	0.0	0.0
136	p0	0.6666666666666666	0.0	0.0
136	p1	1.0	0.0	0.0
136	p2	1.0	0.0	0.0
136	protein1	628.0	17.666666666666668	1.301743
136	protein2	779.3333333333335	21.66666666666667	1.5345236666666666
136	protein3	598.3333333333334	15.666666666666664	1.5576439999999998
136	r2	15.666666666666664	0.0	0.0
136	rnapol	0.6666666666666666	0.0	0.0
137	__protein1_rbs	15.0	0.0	0.0
137	__protein2_rbs	19.33333333333333	0.0	0.0
137	__protein3_rbs	13.666666666666664	0.0	0.0
137	__ribosome	21.33333333333333	0.0	0.0
137	__rnase_site_ext	28.33333333333333	0.0	0.0
137	p0	1.0	0.0	0.0
137	p1	0.6666666666666666	0.0	0.0
137	p2	1.0	0.0	0.0
137	protein1	634.6666666666666	18.0	1.2407406666666667
137	protein2	787.3333333333335	22.0	1.436984
137	protein3	603.3333333333334	15.666666666666664	1.5989973333333332
137	r2	15.666666666666664	0.0	0.0
137	rnapol	0.6666666666666666	0.0	0.0
138	__protein1_rbs	16.333333333333332	0.0	0.0
138	__protein2_rbs	17.666666666666668	0.0	0.0
138	__protein3_rbs	11.666666666666664	0.0	0.0
138	__ribosome	19.33333333333333	0.0	0.0
138	__rnase_site_ext	30.0	0.0	0.0
138	p0	1.0	0.0	0.0
138	p1	0.6666666666666666	0.0	0.0
138	p2	1.0	0.0	0.0
138	protein1	641.0	18.33333333333333	1.185185
138	protein2	794.3333333333335	22.0	1.5342583333333335
138	protein3	609.6666666666666	15.666666666666664	1.595951333333333
138	r2	15.666666666666664	0.0	0.0
138	rnapol	0.6666666666666666	0.0	0.0
139	__protein1_rbs	14.0	0.0	0.0
139	__protein2_rbs	16.666666666666668	0.0	0.0
139	__protein3_rbs	14.333333333333336	0.0	0.0
139	__ribosome	22.0	0.0	0.0
139	__rnase_site_ext	28.0	0.0	0.0
139	p0	1.0	0.0	0.0
139	p1	1.0	0.0	0.0
139	p2	0.6666666666666666	0.0	0.0
139	protein1	648.0	18.33333333333333	1.2729046666666666
139	protein2	803.6666666666665	22.0	1.5523456666666666
139	protein3	617.6666666666666	15.666666666666664	1.3317136666666665
139	r2	16.0	0.0	0.0
139	rnapol	0.3333333333333333	0.0	0.0
140	__protein1_rbs	16.0	0.0	0.0
140	__protein2_rbs	17.333333333333332	0.0	0.0
140	__protein3_rbs	14.0	0.0	0.0
140	__ribosome	20.0	0.0	0.0
140	__rnase_site_ext	28.0	0.0	0.0
140	p0	1.0	0.0	0.0
140	p1	1.0	0.0	0.0
140	p2	1.0	0.0	0.0
140	protein1	655.6666666666666	18.33333333333333	1.0721246666666666
140	protein2	810.0	22.66666666666667	1.6730433333333334
140	protein3	620.6666666666666	16.333333333333332	1.3894736666666665
140	r2	16.333333333333332	0.0	0.0
140	rnapol	0.0	0.0	0.0
141	__protein1_rbs	15.0	0.0	0.0
141	__protein2_rbs	16.333333333333332	0.0	0.0
141	__protein3_rbs	13.666666666666664	0.0	0.0
141	__ribosome	21.33333333333333	0.0	0.0
141	__rnase_site_ext	27.33333333333333	0.0	0.0
141	p0	1.0	0.0	0.0
141	p1	0.6666666666666666	0.0	0.0
141	p2	1.0	0.0	0.0
141	protein1	662.0	17.666666666666668	1.0174290000000001
141	protein2	819.0	22.0	1.7541270000000002
141	protein3	626.3333333333334	16.333333333333332	1.3988306666666668
141	r2	16.666666666666668	0.0	0.0
141	rnapol	1.0	0.0	0.0
142	__protein1_rbs	14.333333333333336	0.0	0.0
142	__protein2_rbs	16.333333333333332	0.0	0.0
142	__protein3_rbs	13.666666666666664	0.0	0.0
142	__ribosome	21.0	0.0	0.0
142	__rnase_site_ext	28.0	0.0	0.0
142	p0	1.0	0.0	0.0
142	p1	1.0	0.0	0.0
142	p2	1.0	0.0	0.0
142	protein1	669.0	17.666666666666668	1.0555556666666668
142	protein2	828.3333333333335	21.66666666666667	1.810317333333333
142	protein3	632.6666666666666	16.666666666666668	1.3055556666666666
142	r2	16.666666666666668	0.0	0.0
142	rnapol	1.0	0.0	0.0
143	__protein1_rbs	16.0	0.0	0.0
143	__protein2_rbs	16.666666666666668	0.0	0.0
143	__protein3_rbs	12.666666666666664	0.0	0.0
143	__ribosome	19.33333333333333	0.0	0.0
143	__rnase_site_ext	28.66666666666667	0.0	0.0
143	p0	1.0	0.0	0.0
143	p1	1.0	0.0	0.0
143	p2	0.6666666666666666	0.0	0.0
143	protein1	674.0	17.666666666666668	1.019608
143	protein2	836.6666666666665	22.0	1.8333333333333333
143	protein3	637.6666666666666	16.666666666666668	1.3666666666666665
143	r2	17.0	0.0	0.0
143	rnapol	2.0	0.0	0.0
144	__protein1_rbs	14.333333333333336	0.0	0.0
144	__protein2_rbs	18.666666666666668	0.0	0.0
144	__protein3_rbs	14.333333333333336	0.0	0.0
144	__ribosome	18.666666666666668	0.0	0.0
144	__rnase_site_ext	28.66666666666667	0.0	0.0
144	p0	1.0	0.0	0.0
144	p1	1.0	0.0	0.0
144	p2	0.6666666666666666	0.0	0.0
144	protein1	679.0	17.666666666666668	1.0381263333333337
144	protein2	846.3333333333335	22.33333333333333	1.744762
144	protein3	642.0	17.333333333333332	1.4083333333333332
144	r2	17.333333333333332	0.0	0.0
144	rnapol	1.6666666666666667	0.0	0.0
145	__protein1_rbs	14.0	0.0	0.0
145	__protein2_rbs	20.666666666666668	0.0	0.0
145	__protein3_rbs	15.0	0.0	0.0
145	__ribosome	18.33333333333333	0.0	0.0
145	__rnase_site_ext	27.66666666666667	0.0	0.0
145	p0	1.0	0.0	0.0
145	p1	1.0	0.0	0.0
145	p2	1.0	0.0	0.0
145	protein1	685.3333333333334	17.666666666666668	1.0925926666666668
145	protein2	854.3333333333335	22.33333333333333	1.6203176666666668
145	protein3	646.6666666666666	17.666666666666668	1.4909313333333334
145	r2	17.666666666666668	0.0	0.0
145	rnapol	2.0	0.0	0.0
146	__protein1_rbs	14.0	0.0	0.0
146	__protein2_rbs	17.333333333333332	0.0	0.0
146	__protein3_rbs	14.333333333333336	0.0	0.0
146	__ribosome	24.66666666666667	0.0	0.0
146	__rnase_site_ext	27.33333333333333	0.0	0.0
146	p0	1.0	0.0	0.0
146	p1	1.0	0.0	0.0
146	p2	1.0	0.0	0.0
146	protein1	691.3333333333335	18.0	1.058479333333333
146	protein2	865.3333333333335	21.66666666666667	1.4506556666666668
146	protein3	652.6666666666666	17.666666666666668	1.4166666666666667
146	r2	17.666666666666668	0.0	0.0
146	rnapol	2.0	0.0	0.0
147	__protein1_rbs	15.0	0.0	0.0
147	__protein2_rbs	18.0	0.0	0.0
147	__protein3_rbs	14.666666666666664	0.0	0.0
147	__ribosome	21.0	0.0	0.0
147	__rnase_site_ext	29.0	0.0	0.0
147	p0	1.0	0.0	0.0
147	p1	1.0	0.0	0.0
147	p2	1.0	0.0	0.0
147	protein1	696.3333333333335	18.0	1.248366
147	protein2	874.6666666666665	20.666666666666668	1.4424243333333333
147	protein3	658.0	18.0	1.5
147	r2	18.33333333333333	0.0	0.0
147	rnapol	2.0	0.0	0.0
148	__protein1_rbs	14.0	0.0	0.0
148	__protein2_rbs	15.333333333333336	0.0	0.0
148	__protein3_rbs	15.333333333333336	0.0	0.0
148	__ribosome	21.0	0.0	0.0
148	__rnase_site_ext	27.0	0.0	0.0
148	p0	1.0	0.0	0.0
148	p1	0.6666666666666666	0.0	0.0
148	p2	0.6666666666666666	0.0	0.0
148	protein1	702.0	17.0	1.339733
148	protein2	883.3333333333335	20.666666666666668	1.4757576666666667
148	protein3	666.0	18.0	1.440740666666667
148	r2	17.333333333333332	0.0	0.0
148	rnapol	2.0	0.0	0.0
149	__protein1_rbs	14.333333333333336	0.0	0.0
149	__protein2_rbs	19.666666666666668	0.0	0.0
149	__protein3_rbs	14.0	0.0	0.0
149	__ribosome	20.0	0.0	0.0
149	__rnase_site_ext	28.0	0.0	0.0
149	p0	1.0	0.0	0.0
149	p1	1.0	0.0	0.0
149	p2	1.0	0.0	0.0
149	protein1	707.6666666666665	17.333333333333332	1.3300656666666668
149	protein2	889.0	21.0	1.460145
149	protein3	670.6666666666666	17.666666666666668	1.5148146666666669
149	r2	17.333333333333332	0.0	0.0
149	rnapol	1.3333333333333333	0.0	0.0
150	__protein1_rbs	14.333333333333336	0.0	0.0
150	__protein2_rbs	16.666666666666668	0.0	0.0
150	__protein3_rbs	14.333333333333336	0.0	0.0
150	__ribosome	23.66666666666667	0.0	0.0
150	__rnase_site_ext	27.33333333333333	0.0	0.0
150	p0	1.0	0.0	0.0
150	p1	1.0	0.0	0.0
150	p2	1.0	0.0	0.0
150	protein1	717.6666666666665	17.333333333333332	1.1879516666666667
150	protein2	897.0	21.33333333333333	1.3722223333333332
150	protein3	675.6666666666666	17.333333333333332	1.5630716666666666
150	r2	17.666666666666668	0.0	0.0
150	rnapol	1.0	0.0	0.0
151	__protein1_rbs	14.0	0.0	0.0
151	__protein2_rbs	16.333333333333332	0.0	0.0
151	__protein3_rbs	16.0	0.0	0.0
151	__ribosome	25.0	0.0	0.0
151	__rnase_site_ext	27.33333333333333	0.0	0.0
151	p0	1.0	0.0	0.0
151	p1	0.6666666666666666	0.0	0.0
151	p2	1.0	0.0	0.0
151	protein1	722.0	17.333333333333332	1.2736066666666668
151	protein2	904.6666666666665	21.33333333333333	1.4055556666666664
151	protein3	683.0	17.666666666666668	1.3188726666666668
151	r2	17.666666666666668	0.0	0.0
151	rnapol	1.0	0.0	0.0
152	__protein1_rbs	13.0	0.0	0.0
152	__protein2_rbs	18.33333333333333	0.0	0.0
152	__protein3_rbs	12.666666666666664	0.0	0.0
152	__ribosome	23.0	0.0	0.0
152	__rnase_site_ext	29.0	0.0	0.0
152	p0	1.0	0.0	0.0
152	p1	1.0	0.0	0.0
152	p2	1.0	0.0	0.0
152	protein1	729.3333333333335	17.333333333333332	1.3333333333333333
152	protein2	912.3333333333335	21.66666666666667	1.3579366666666666
152	protein3	689.6666666666665	17.666666666666668	1.3914216666666668
152	r2	18.0	0.0	0.0
152	rnapol	1.0	0.0	0.0
153	__protein1_rbs	15.0	0.0	0.0
153	__protein2_rbs	16.666666666666668	0.0	0.0
153	__protein3_rbs	14.333333333333336	0.0	0.0
153	__ribosome	18.0	0.0	0.0
153	__rnase_site_ext	29.33333333333333	0.0	0.0
153	p0	1.0	0.0	0.0
153	p1	1.0	0.0	0.0
153	p2	0.6666666666666666	0.0	0.0
153	protein1	735.6666666666665	17.666666666666668	1.339425
153	protein2	918.6666666666665	22.0	1.424603
153	protein3	694.3333333333335	18.0	1.5192576666666666
153	r2	18.0	0.0	0.0
153	rnapol	0.6666666666666666	0.0	0.0
154	__protein1_rbs	16.0	0.0	0.0
154	__protein2_rbs	19.666666666666668	0.0	0.0
154	__protein3_rbs	16.333333333333332	0.0	0.0
154	__ribosome	17.333333333333332	0.0	0.0
154	__rnase_site_ext	31.66666666666667	0.0	0.0
154	p0	1.0	0.0	0.0
154	p1	1.0	0.0	0.0
154	p2	1.0	0.0	0.0
154	protein1	742.6666666666665	18.33333333333333	1.2621256666666667
154	protein2	924.3333333333335	22.33333333333333	1.4675326666666668
154	protein3	699.6666666666665	18.33333333333333	1.4583333333333333
154	r2	18.666666666666668	0.0	0.0
154	rnapol	0.0	0.0	0.0
155	__protein1_rbs	15.0	0.0	0.0
155	__protein2_rbs	17.0	0.0	0.0
155	__protein3_rbs	16.0	0.0	0.0
155	__ribosome	20.33333333333333	0.0	0.0
155	__rnase_site_ext	30.33333333333333	0.0	0.0
155	p0	1.0	0.0	0.0
155	p1	1.0	0.0	0.0
155	p2	1.0	0.0	0.0
155	protein1	750.6666666666665	18.33333333333333	1.1444786666666664
155	protein2	933.3333333333335	21.33333333333333	1.4580053333333332
155	protein3	705.0	18.666666666666668	1.484848333333333
155	r2	18.33333333333333	0.0	0.0
155	rnapol	0.3333333333333333	0.0	0.0
156	__protein1_rbs	14.0	0.0	0.0
156	__protein2_rbs	18.33333333333333	0.0	0.0
156	__protein3_rbs	16.666666666666668	0.0	0.0
156	__ribosome	24.33333333333333	0.0	0.0
156	__rnase_site_ext	28.66666666666667	0.0	0.0
156	p0	1.0	0.0	0.0
156	p1	0.6666666666666666	0.0	0.0
156	p2	1.0	0.0	0.0
156	protein1	758.6666666666665	18.33333333333333	1.0918473333333332
156	protein2	942.0	21.66666666666667	1.2777776666666665
156	protein3	710.6666666666665	18.33333333333333	1.5275443333333334
156	r2	18.33333333333333	0.0	0.0
156	rnapol	0.6666666666666666	0.0	0.0
157	__protein1_rbs	14.666666666666664	0.0	0.0
157	__protein2_rbs	17.333333333333332	0.0	0.0
157	__protein3_rbs	15.333333333333336	0.0	0.0
157	__ribosome	23.33333333333333	0.0	0.0
157	__rnase_site_ext	30.0	0.0	0.0
157	p0	1.0	0.0	0.0
157	p1	0.6666666666666666	0.0	0.0
157	p2	1.0	0.0	0.0
157	protein1	763.6666666666665	18.0	1.1260963333333331
157	protein2	948.6666666666665	21.66666666666667	1.415584
157	protein3	719.0	18.33333333333333	1.400132
157	r2	18.33333333333333	0.0	0.0
157	rnapol	1.6666666666666667	0.0	0.0
158	__protein1_rbs	14.333333333333336	0.0	0.0
158	__protein2_rbs	17.333333333333332	0.0	0.0
158	__protein3_rbs	12.666666666666664	0.0	0.0
158	__ribosome	21.66666666666667	0.0	0.0
158	__rnase_site_ext	30.66666666666667	0.0	0.0
158	p0	0.6666666666666666	0.0	0.0
158	p1	1.0	0.0	0.0
158	p2	1.0	0.0	0.0
158	protein1	771.0	17.666666666666668	1.1029483333333332
158	protein2	956.3333333333335	22.0	1.3636363333333332
158	protein3	724.6666666666665	18.33333333333333	1.5710976666666667
158	r2	19.0	0.0	0.0
158	rnapol	1.3333333333333333	0.0	0.0
159	__protein1_rbs	15.333333333333336	0.0	0.0
159	__protein2_rbs	19.33333333333333	0.0	0.0
159	__protein3_rbs	16.666666666666668	0.0	0.0
159	__ribosome	20.33333333333333	0.0	0.0
159	__rnase_site_ext	32.666666666666664	0.0	0.0
159	p0	1.0	0.0	0.0
159	p1	1.0	0.0	0.0
159	p2	0.6666666666666666	0.0	0.0
159	protein1	775.0	18.0	1.2697366666666663
159	protein2	963.3333333333335	21.66666666666667	1.3665223333333334
159	protein3	731.6666666666665	19.0	1.4192583333333335
159	r2	19.33333333333333	0.0	0.0
159	rnapol	1.3333333333333333	0.0	0.0
160	__protein1_rbs	12.666666666666664	0.0	0.0
160	__protein2_rbs	19.0	0.0	0.0
160	__protein3_rbs	16.666666666666668	0.0	0.0
160	__ribosome	17.666666666666668	0.0	0.0
160	__rnase_site_ext	31.33333333333333	0.0	0.0
160	p0	1.0	0.0	0.0
160	p1	1.0	0.0	0.0
160	p2	1.0	0.0	0.0
160	protein1	781.3333333333335	17.666666666666668	1.3760963333333331
160	protein2	968.3333333333335	22.0	1.4211366666666665
160	protein3	737.6666666666665	19.666666666666668	1.3502043333333331
160	r2	19.666666666666668	0.0	0.0
160	rnapol	1.3333333333333333	0.0	0.0
161	__protein1_rbs	14.0	0.0	0.0
161	__protein2_rbs	18.666666666666668	0.0	0.0
161	__protein3_rbs	16.333333333333332	0.0	0.0
161	__ribosome	20.666666666666668	0.0	0.0
161	__rnase_site_ext	31.66666666666667	0.0	0.0
161	p0	1.0	0.0	0.0
161	p1	1.0	0.0	0.0
161	p2	1.0	0.0	0.0
161	protein1	789.0	17.666666666666668	1.4059453333333334
161	protein2	978.3333333333335	22.33333333333333	1.2173913333333333
161	protein3	742.3333333333335	19.666666666666668	1.3830930000000001
161	r2	20.0	0.0	0.0
161	rnapol	1.0	0.0	0.0
162	__protein1_rbs	15.0	0.0	0.0
162	__protein2_rbs	17.0	0.0	0.0
162	__protein3_rbs	16.333333333333332	0.0	0.0
162	__ribosome	21.0	0.0	0.0
162	__rnase_site_ext	33.0	0.0	0.0
162	p0	1.0	0.0	0.0
162	p1	1.0	0.0	0.0
162	p2	1.0	0.0	0.0
162	protein1	796.6666666666665	18.0	1.2828946666666667
162	protein2	985.6666666666665	22.66666666666667	1.3190993333333334
162	protein3	750.3333333333335	20.0	1.3008950000000001
162	r2	20.0	0.0	0.0
162	rnapol	1.3333333333333333	0.0	0.0
163	__protein1_rbs	14.666666666666664	0.0	0.0
163	__protein2_rbs	18.666666666666668	0.0	0.0
163	__protein3_rbs	17.666666666666668	0.0	0.0
163	__ribosome	20.666666666666668	0.0	0.0
163	__rnase_site_ext	32.333333333333336	0.0	0.0
163	p0	1.0	0.0	0.0
163	p1	1.0	0.0	0.0
163	p2	0.6666666666666666	0.0	0.0
163	protein1	804.0	18.0	1.3245613333333333
163	protein2	992.0	22.66666666666667	1.3190993333333334
163	protein3	756.6666666666665	20.0	1.2975553333333332
163	r2	19.666666666666668	0.0	0.0
163	rnapol	1.6666666666666667	0.0	0.0
164	__protein1_rbs	15.0	0.0	0.0
164	__protein2_rbs	19.33333333333333	0.0	0.0
164	__protein3_rbs	16.666666666666668	0.0	0.0
164	__ribosome	18.666666666666668	0.0	0.0
164	__rnase_site_ext	32.333333333333336	0.0	0.0
164	p0	1.0	0.0	0.0
164	p1	1.0	0.0	0.0
164	p2	1.0	0.0	0.0
164	protein1	811.6666666666665	18.0	1.27193
164	protein2	998.6666666666665	22.66666666666667	1.407004666666667
164	protein3	761.3333333333335	20.0	1.333333
164	r2	20.0	0.0	0.0
164	rnapol	1.6666666666666667	0.0	0.0
165	__protein1_rbs	15.0	0.0	0.0
165	__protein2_rbs	17.666666666666668	0.0	0.0
165	__protein3_rbs	16.666666666666668	0.0	0.0
165	__ribosome	16.333333333333332	0.0	0.0
165	__rnase_site_ext	32.666666666666664	0.0	0.0
165	p0	0.6666666666666666	0.0	0.0
165	p1	0.6666666666666666	0.0	0.0
165	p2	1.0	0.0	0.0
165	protein1	818.0	18.33333333333333	1.2208463333333337
165	protein2	1004.0	22.33333333333333	1.5845413333333334
165	protein3	767.3333333333335	19.666666666666668	1.327513
165	r2	19.33333333333333	0.0	0.0
165	rnapol	1.6666666666666667	0.0	0.0
166	__protein1_rbs	14.0	0.0	0.0
166	__protein2_rbs	19.0	0.0	0.0
166	__protein3_rbs	15.333333333333336	0.0	0.0
166	__ribosome	19.666666666666668	0.0	0.0
166	__rnase_site_ext	31.33333333333333	0.0	0.0
166	p0	0.6666666666666666	0.0	0.0
166	p1	1.0	0.0	0.0
166	p2	0.6666666666666666	0.0	0.0
166	protein1	825.6666666666665	18.666666666666668	1.1783626666666664
166	protein2	1014.3333333333335	22.66666666666667	1.4822133333333334
166	protein3	774.6666666666665	19.33333333333333	1.2762459999999998
166	r2	19.33333333333333	0.0	0.0
166	rnapol	1.0	0.0	0.0
167	__protein1_rbs	17.333333333333332	0.0	0.0
167	__protein2_rbs	17.666666666666668	0.0	0.0
167	__protein3_rbs	14.333333333333336	0.0	0.0
167	__ribosome	19.33333333333333	0.0	0.0
167	__rnase_site_ext	33.666666666666664	0.0	0.0
167	p0	0.6666666666666666	0.0	0.0
167	p1	0.6666666666666666	0.0	0.0
167	p2	1.0	0.0	0.0
167	protein1	833.0	19.0	0.9677386666666664
167	protein2	1021.3333333333335	22.66666666666667	1.571146333333333
167	protein3	780.6666666666665	19.33333333333333	1.3838383333333333
167	r2	18.666666666666668	0.0	0.0
167	rnapol	0.6666666666666666	0.0	0.0
168	__protein1_rbs	17.333333333333332	0.0	0.0
168	__protein2_rbs	18.33333333333333	0.0	0.0
168	__protein3_rbs	16.666666666666668	0.0	0.0
168	__ribosome	19.33333333333333	0.0	0.0
168	__rnase_site_ext	34.0	0.0	0.0
168	p0	1.0	0.0	0.0
168	p1	0.6666666666666666	0.0	0.0
168	p2	1.0	0.0	0.0
168	protein1	838.6666666666665	19.33333333333333	0.9408246666666664
168	protein2	1030.0	22.66666666666667	1.4980233333333337
168	protein3	785.0	18.666666666666668	1.5347026666666668
168	r2	18.33333333333333	0.0	0.0
168	rnapol	1.0	0.0	0.0
169	__protein1_rbs	17.333333333333332	0.0	0.0
169	__protein2_rbs	18.33333333333333	0.0	0.0
169	__protein3_rbs	17.333333333333332	0.0	0.0
169	__ribosome	22.66666666666667	0.0	0.0
169	__rnase_site_ext	34.0	0.0	0.0
169	p0	1.0	0.0	0.0
169	p1	0.6666666666666666	0.0	0.0
169	p2	0.6666666666666666	0.0	0.0
169	protein1	844.6666666666665	19.33333333333333	0.8458646666666668
169	protein2	1038.0	23.66666666666667	1.5178786666666666
169	protein3	791.6666666666665	18.33333333333333	1.3628540000000002
169	r2	18.666666666666668	0.0	0.0
169	rnapol	0.3333333333333333	0.0	0.0
170	__protein1_rbs	15.333333333333336	0.0	0.0
170	__protein2_rbs	20.33333333333333	0.0	0.0
170	__protein3_rbs	16.666666666666668	0.0	0.0
170	__ribosome	20.666666666666668	0.0	0.0
170	__rnase_site_ext	33.333333333333336	0.0	0.0
170	p0	1.0	0.0	0.0
170	p1	0.6666666666666666	0.0	0.0
170	p2	0.6666666666666666	0.0	0.0
170	protein1	850.3333333333335	19.0	1.101381
170	protein2	1047.6666666666667	24.0	1.4333333333333331
170	protein3	796.6666666666665	19.0	1.2767056666666663
170	r2	19.0	0.0	0.0
170	rnapol	0.3333333333333333	0.0	0.0
171	__protein1_rbs	15.0	0.0	0.0
171	__protein2_rbs	19.33333333333333	0.0	0.0
171	__protein3_rbs	15.333333333333336	0.0	0.0
171	__ribosome	20.0	0.0	0.0
171	__rnase_site_ext	33.0	0.0	0.0
171	p0	1.0	0.0	0.0
171	p1	1.0	0.0	0.0
171	p2	1.0	0.0	0.0
171	protein1	856.3333333333335	19.0	1.0703703333333332
171	protein2	1056.3333333333333	24.66666666666667	1.4587736666666666
171	protein3	805.3333333333335	18.666666666666668	1.279645333333333
171	r2	19.0	0.0	0.0
171	rnapol	0.3333333333333333	0.0	0.0
172	__protein1_rbs	15.666666666666664	0.0	0.0
172	__protein2_rbs	21.33333333333333	0.0	0.0
172	__protein3_rbs	17.666666666666668	0.0	0.0
172	__ribosome	16.666666666666668	0.0	0.0
172	__rnase_site_ext	33.666666666666664	0.0	0.0
172	p0	1.0	0.0	0.0
172	p1	1.0	0.0	0.0
172	p2	1.0	0.0	0.0
172	protein1	859.3333333333335	19.0	1.1916179999999998
172	protein2	1064.3333333333333	24.66666666666667	1.4668893333333333
172	protein3	810.0	19.0	1.3166966666666666
172	r2	18.666666666666668	0.0	0.0
172	rnapol	1.0	0.0	0.0
173	__protein1_rbs	15.333333333333336	0.0	0.0
173	__protein2_rbs	21.0	0.0	0.0
173	__protein3_rbs	15.666666666666664	0.0	0.0
173	__ribosome	20.33333333333333	0.0	0.0
173	__rnase_site_ext	34.333333333333336	0.0	0.0
173	p0	1.0	0.0	0.0
173	p1	1.0	0.0	0.0
173	p2	0.3333333333333333	0.0	0.0
173	protein1	868.3333333333335	19.33333333333333	1.0343916666666668
173	protein2	1071.3333333333333	25.0	1.4548496666666668
173	protein3	816.0	18.666666666666668	1.2852050000000002
173	r2	18.0	0.0	0.0
173	rnapol	0.6666666666666666	0.0	0.0
174	__protein1_rbs	17.0	0.0	0.0
174	__protein2_rbs	19.666666666666668	0.0	0.0
174	__protein3_rbs	16.666666666666668	0.0	0.0
174	__ribosome	24.0	0.0	0.0
174	__rnase_site_ext	34.333333333333336	0.0	0.0
174	p0	1.0	0.0	0.0
174	p1	1.0	0.0	0.0
174	p2	0.6666666666666666	0.0	0.0
174	protein1	877.0	19.33333333333333	0.9110273333333332
174	protein2	1083.3333333333333	25.33333333333333	1.3336633333333332
174	protein3	820.0	18.666666666666668	1.3371213333333334
174	r2	18.666666666666668	0.0	0.0
174	rnapol	1.0	0.0	0.0
175	__protein1_rbs	15.0	0.0	0.0
175	__protein2_rbs	20.666666666666668	0.0	0.0
175	__protein3_rbs	15.666666666666664	0.0	0.0
175	__ribosome	17.0	0.0	0.0
175	__rnase_site_ext	33.333333333333336	0.0	0.0
175	p0	0.6666666666666666	0.0	0.0
175	p1	1.0	0.0	0.0
175	p2	1.0	0.0	0.0
175	protein1	880.0	19.666666666666668	1.1960316666666666
175	protein2	1090.3333333333333	25.33333333333333	1.4543126666666666
175	protein3	827.6666666666665	18.0	1.2557773333333333
175	r2	18.33333333333333	0.0	0.0
175	rnapol	1.0	0.0	0.0
176	__protein1_rbs	16.333333333333332	0.0	0.0
176	__protein2_rbs	21.33333333333333	0.0	0.0
176	__protein3_rbs	16.0	0.0	0.0
176	__ribosome	17.666666666666668	0.0	0.0
176	__rnase_site_ext	35.666666666666664	0.0	0.0
176	p0	1.0	0.0	0.0
176	p1	1.0	0.0	0.0
176	p2	0.6666666666666666	0.0	0.0
176	protein1	886.3333333333335	19.666666666666668	1.2481480000000005
176	protein2	1099.0	25.33333333333333	1.3370186666666666
176	protein3	833.0	18.33333333333333	1.3022486666666666
176	r2	18.33333333333333	0.0	0.0
176	rnapol	1.0	0.0	0.0
177	__protein1_rbs	17.0	0.0	0.0
177	__protein2_rbs	22.33333333333333	0.0	0.0
177	__protein3_rbs	15.666666666666664	0.0	0.0
177	__ribosome	21.0	0.0	0.0
177	__rnase_site_ext	35.666666666666664	0.0	0.0
177	p0	1.0	0.0	0.0
177	p1	0.6666666666666666	0.0	0.0
177	p2	1.0	0.0	0.0
177	protein1	893.6666666666665	20.0	1.110606
177	protein2	1108.0	25.0	1.2436283333333336
177	protein3	837.3333333333335	18.666666666666668	1.358918
177	r2	19.0	0.0	0.0
177	rnapol	1.0	0.0	0.0
178	__protein1_rbs	17.333333333333332	0.0	0.0
178	__protein2_rbs	18.33333333333333	0.0	0.0
178	__protein3_rbs	17.333333333333332	0.0	0.0
178	__ribosome	18.33333333333333	0.0	0.0
178	__rnase_site_ext	36.333333333333336	0.0	0.0
178	p0	1.0	0.0	0.0
178	p1	1.0	0.0	0.0
178	p2	1.0	0.0	0.0
178	protein1	900.0	20.0	1.1049996666666666
178	protein2	1115.3333333333333	25.33333333333333	1.3601853333333331
178	protein3	842.6666666666665	19.0	1.3098923333333332
178	r2	19.0	0.0	0.0
178	rnapol	1.0	0.0	0.0
179	__protein1_rbs	15.666666666666664	0.0	0.0
179	__protein2_rbs	22.33333333333333	0.0	0.0
179	__protein3_rbs	15.0	0.0	0.0
179	__ribosome	17.0	0.0	0.0
179	__rnase_site_ext	35.0	0.0	0.0
179	p0	1.0	0.0	0.0
179	p1	0.3333333333333333	0.0	0.0
179	p2	1.0	0.0	0.0
179	protein1	909.3333333333335	20.0	1.0055173333333334
179	protein2	1125.0	25.66666666666667	1.3945680000000005
179	protein3	848.0	18.666666666666668	1.4239030000000001
179	r2	19.0	0.0	0.0
179	rnapol	1.0	0.0	0.0
180	__protein1_rbs	17.666666666666668	0.0	0.0
180	__protein2_rbs	22.0	0.0	0.0
180	__protein3_rbs	16.333333333333332	0.0	0.0
180	__ribosome	18.0	0.0	0.0
180	__rnase_site_ext	36.333333333333336	0.0	0.0
180	p0	1.0	0.0	0.0
180	p1	1.0	0.0	0.0
180	p2	0.6666666666666666	0.0	0.0
180	protein1	914.3333333333335	19.666666666666668	1.0192276666666669
180	protein2	1132.6666666666667	26.0	1.3785946666666666
180	protein3	854.3333333333335	19.0	1.3420316666666663
180	r2	19.0	0.0	0.0
180	rnapol	1.0	0.0	0.0
181	__protein1_rbs	17.333333333333332	0.0	0.0
181	__protein2_rbs	22.0	0.0	0.0
181	__protein3_rbs	17.333333333333332	0.0	0.0
181	__ribosome	17.0	0.0	0.0
181	__rnase_site_ext	36.0	0.0	0.0
181	p0	1.0	0.0	0.0
181	p1	1.0	0.0	0.0
181	p2	1.0	0.0	0.0
181	protein1	919.6666666666665	19.33333333333333	1.1245793333333334
181	protein2	1139.3333333333333	26.33333333333333	1.4159546666666667
181	protein3	860.0	19.33333333333333	1.2270853333333331
181	r2	19.33333333333333	0.0	0.0
181	rnapol	1.3333333333333333	0.0	0.0
182	__protein1_rbs	16.0	0.0	0.0
182	__protein2_rbs	19.33333333333333	0.0	0.0
182	__protein3_rbs	15.666666666666664	0.0	0.0
182	__ribosome	17.333333333333332	0.0	0.0
182	__rnase_site_ext	34.666666666666664	0.0	0.0
182	p0	1.0	0.0	0.0
182	p1	0.6666666666666666	0.0	0.0
182	p2	1.0	0.0	0.0
182	protein1	925.3333333333335	19.33333333333333	1.1498316666666666
182	protein2	1149.0	26.0	1.3969423333333335
182	protein3	866.3333333333335	19.33333333333333	1.257669666666667
182	r2	19.33333333333333	0.0	0.0
182	rnapol	1.0	0.0	0.0
183	__protein1_rbs	16.333333333333332	0.0	0.0
183	__protein2_rbs	22.33333333333333	0.0	0.0
183	__protein3_rbs	16.0	0.0	0.0
183	__ribosome	20.666666666666668	0.0	0.0
183	__rnase_site_ext	34.666666666666664	0.0	0.0
183	p0	1.0	0.0	0.0
183	p1	1.0	0.0	0.0
183	p2	1.0	0.0	0.0
183	protein1	934.0	19.33333333333333	1.06734
183	protein2	1159.6666666666667	26.33333333333333	1.2644823333333333
183	protein3	872.6666666666665	19.33333333333333	1.3209963333333332
183	r2	19.33333333333333	0.0	0.0
183	rnapol	1.6666666666666667	0.0	0.0
184	__protein1_rbs	15.666666666666664	0.0	0.0
184	__protein2_rbs	22.0	0.0	0.0
184	__protein3_rbs	15.666666666666664	0.0	0.0
184	__ribosome	17.333333333333332	0.0	0.0
184	__rnase_site_ext	33.666666666666664	0.0	0.0
184	p0	1.0	0.0	0.0
184	p1	0.6666666666666666	0.0	0.0
184	p2	1.0	0.0	0.0
184	protein1	941.0	19.33333333333333	1.111111
184	protein2	1167.3333333333333	26.0	1.3835326666666667
184	protein3	878.3333333333335	19.0	1.341098
184	r2	18.666666666666668	0.0	0.0
184	rnapol	2.333333333333333	0.0	0.0
185	__protein1_rbs	16.666666666666668	0.0	0.0
185	__protein2_rbs	22.0	0.0	0.0
185	__protein3_rbs	16.0	0.0	0.0
185	__ribosome	17.0	0.0	0.0
185	__rnase_site_ext	34.0	0.0	0.0
185	p0	1.0	0.0	0.0
185	p1	1.0	0.0	0.0
185	p2	0.6666666666666666	0.0	0.0
185	protein1	945.6666666666665	19.666666666666668	1.1750843333333334
185	protein2	1175.3333333333333	26.0	1.320144
185	protein3	883.0	18.666666666666668	1.3980263333333334
185	r2	18.666666666666668	0.0	0.0
185	rnapol	1.6666666666666667	0.0	0.0
186	__protein1_rbs	17.666666666666668	0.0	0.0
186	__protein2_rbs	18.33333333333333	0.0	0.0
186	__protein3_rbs	17.0	0.0	0.0
186	__ribosome	16.0	0.0	0.0
186	__rnase_site_ext	34.333333333333336	0.0	0.0
186	p0	1.0	0.0	0.0
186	p1	1.0	0.0	0.0
186	p2	1.0	0.0	0.0
186	protein1	952.6666666666665	20.666666666666668	1.0509259999999998
186	protein2	1184.0	25.33333333333333	1.4753086666666668
186	protein3	888.0	19.0	1.3268956666666667
186	r2	19.0	0.0	0.0
186	rnapol	0.6666666666666666	0.0	0.0
187	__protein1_rbs	17.333333333333332	0.0	0.0
187	__protein2_rbs	19.666666666666668	0.0	0.0
187	__protein3_rbs	15.333333333333336	0.0	0.0
187	__ribosome	18.666666666666668	0.0	0.0
187	__rnase_site_ext	35.333333333333336	0.0	0.0
187	p0	1.0	0.0	0.0
187	p1	0.6666666666666666	0.0	0.0
187	p2	1.0	0.0	0.0
187	protein1	961.3333333333335	20.33333333333333	0.9980506666666664
187	protein2	1192.0	25.0	1.4962103333333332
187	protein3	895.6666666666665	19.0	1.2571133333333335
187	r2	19.0	0.0	0.0
187	rnapol	0.3333333333333333	0.0	0.0
188	__protein1_rbs	16.0	0.0	0.0
188	__protein2_rbs	21.33333333333333	0.0	0.0
188	__protein3_rbs	16.0	0.0	0.0
188	__ribosome	19.666666666666668	0.0	0.0
188	__rnase_site_ext	33.666666666666664	0.0	0.0
188	p0	1.0	0.0	0.0
188	p1	1.0	0.0	0.0
188	p2	1.0	0.0	0.0
188	protein1	967.0	20.33333333333333	1.023108
188	protein2	1201.6666666666667	25.0	1.4027776666666665
188	protein3	901.0	19.0	1.2864019999999998
188	r2	19.0	0.0	0.0
188	rnapol	1.0	0.0	0.0
189	__protein1_rbs	17.0	0.0	0.0
189	__protein2_rbs	21.33333333333333	0.0	0.0
189	__protein3_rbs	15.666666666666664	0.0	0.0
189	__ribosome	15.666666666666664	0.0	0.0
189	__rnase_site_ext	35.333333333333336	0.0	0.0
189	p0	1.0	0.0	0.0
189	p1	1.0	0.0	0.0
189	p2	1.0	0.0	0.0
189	protein1	972.3333333333335	20.666666666666668	1.136111
189	protein2	1209.0	25.0	1.419753
189	protein3	907.0	19.0	1.3573636666666664
189	r2	19.0	0.0	0.0
189	rnapol	1.0	0.0	0.0
190	__protein1_rbs	17.666666666666668	0.0	0.0
190	__protein2_rbs	22.66666666666667	0.0	0.0
190	__protein3_rbs	15.0	0.0	0.0
190	__ribosome	18.33333333333333	0.0	0.0
190	__rnase_site_ext	34.666666666666664	0.0	0.0
190	p0	1.0	0.0	0.0
190	p1	1.0	0.0	0.0
190	p2	0.6666666666666666	0.0	0.0
190	protein1	979.3333333333335	20.666666666666668	1.074074
190	protein2	1219.0	25.33333333333333	1.2699583333333333
190	protein3	912.3333333333335	19.0	1.4714236666666665
190	r2	19.0	0.0	0.0
190	rnapol	1.0	0.0	0.0
191	__protein1_rbs	18.0	0.0	0.0
191	__protein2_rbs	21.0	0.0	0.0
191	__protein3_rbs	15.333333333333336	0.0	0.0
191	__ribosome	17.333333333333332	0.0	0.0
191	__rnase_site_ext	35.333333333333336	0.0	0.0
191	p0	1.0	0.0	0.0
191	p1	0.6666666666666666	0.0	0.0
191	p2	1.0	0.0	0.0
191	protein1	987.0	20.666666666666668	0.964815
191	protein2	1227.6666666666667	25.66666666666667	1.2645236666666666
191	protein3	916.3333333333335	19.33333333333333	1.5965453333333333
191	r2	19.666666666666668	0.0	0.0
191	rnapol	1.3333333333333333	0.0	0.0
192	__protein1_rbs	18.0	0.0	0.0
192	__protein2_rbs	21.66666666666667	0.0	0.0
192	__protein3_rbs	14.333333333333336	0.0	0.0
192	__ribosome	21.33333333333333	0.0	0.0
192	__rnase_site_ext	36.333333333333336	0.0	0.0
192	p0	1.0	0.0	0.0
192	p1	1.0	0.0	0.0
192	p2	0.6666666666666666	0.0	0.0
192	protein1	994.6666666666665	20.666666666666668	0.8324073333333333
192	protein2	1235.0	26.33333333333333	1.1958076666666664
192	protein3	924.0	19.666666666666668	1.5520500000000002
192	r2	19.666666666666668	0.0	0.0
192	rnapol	1.0	0.0	0.0
193	__protein1_rbs	15.666666666666664	0.0	0.0
193	__protein2_rbs	23.66666666666667	0.0	0.0
193	__protein3_rbs	15.0	0.0	0.0
193	__ribosome	15.666666666666664	0.0	0.0
193	__rnase_site_ext	33.333333333333336	0.0	0.0
193	p0	1.0	0.0	0.0
193	p1	1.0	0.0	0.0
193	p2	0.6666666666666666	0.0	0.0
193	protein1	999.3333333333335	21.0	1.0657893333333333
193	protein2	1243.0	26.33333333333333	1.1562776666666668
193	protein3	931.0	19.666666666666668	1.6230836666666668
193	r2	19.666666666666668	0.0	0.0
193	rnapol	1.0	0.0	0.0
194	__protein1_rbs	18.33333333333333	0.0	0.0
194	__protein2_rbs	22.0	0.0	0.0
194	__protein3_rbs	16.333333333333332	0.0	0.0
194	__ribosome	16.0	0.0	0.0
194	__rnase_site_ext	35.333333333333336	0.0	0.0
194	p0	1.0	0.0	0.0
194	p1	1.0	0.0	0.0
194	p2	1.0	0.0	0.0
194	protein1	1005.3333333333335	21.0	1.0758773333333334
194	protein2	1250.6666666666667	26.0	1.1844826666666668
194	protein3	938.3333333333335	20.0	1.556266
194	r2	19.33333333333333	0.0	0.0
194	rnapol	1.0	0.0	0.0
195	__protein1_rbs	18.33333333333333	0.0	0.0
195	__protein2_rbs	20.666666666666668	0.0	0.0
195	__protein3_rbs	16.333333333333332	0.0	0.0
195	__ribosome	15.666666666666664	0.0	0.0
195	__rnase_site_ext	35.333333333333336	0.0	0.0
195	p0	0.6666666666666666	0.0	0.0
195	p1	1.0	0.0	0.0
195	p2	1.0	0.0	0.0
195	protein1	1010.6666666666665	20.666666666666668	1.086111
195	protein2	1257.0	25.33333333333333	1.2946583333333337
195	protein3	945.0	19.666666666666668	1.5235386666666664
195	r2	19.0	0.0	0.0
195	rnapol	1.0	0.0	0.0
196	__protein1_rbs	17.333333333333332	0.0	0.0
196	__protein2_rbs	19.0	0.0	0.0
196	__protein3_rbs	16.333333333333332	0.0	0.0
196	__ribosome	15.666666666666664	0.0	0.0
196	__rnase_site_ext	34.666666666666664	0.0	0.0
196	p0	1.0	0.0	0.0
196	p1	0.6666666666666666	0.0	0.0
196	p2	1.0	0.0	0.0
196	protein1	1018.3333333333335	21.33333333333333	1.0259256666666667
196	protein2	1264.3333333333333	25.66666666666667	1.3722223333333332
196	protein3	951.3333333333335	19.0	1.469841
196	r2	19.0	0.0	0.0
196	rnapol	1.0	0.0	0.0
197	__protein1_rbs	17.0	0.0	0.0
197	__protein2_rbs	21.66666666666667	0.0	0.0
197	__protein3_rbs	15.0	0.0	0.0
197	__ribosome	18.666666666666668	0.0	0.0
197	__rnase_site_ext	34.0	0.0	0.0
197	p0	1.0	0.0	0.0
197	p1	1.0	0.0	0.0
197	p2	1.0	0.0	0.0
197	protein1	1026.3333333333333	21.33333333333333	1.0708993333333334
197	protein2	1273.3333333333333	26.0	1.2394826666666667
197	protein3	958.0	19.0	1.4380950000000001
197	r2	19.0	0.0	0.0
197	rnapol	1.3333333333333333	0.0	0.0
198	__protein1_rbs	17.333333333333332	0.0	0.0
198	__protein2_rbs	23.0	0.0	0.0
198	__protein3_rbs	18.33333333333333	0.0	0.0
198	__ribosome	20.0	0.0	0.0
198	__rnase_site_ext	35.333333333333336	0.0	0.0
198	p0	0.6666666666666666	0.0	0.0
198	p1	0.3333333333333333	0.0	0.0
198	p2	1.0	0.0	0.0
198	protein1	1031.0	20.666666666666668	1.2225339999999998
198	protein2	1279.3333333333333	26.33333333333333	1.247816
198	protein3	965.6666666666665	19.0	1.187301333333333
198	r2	19.33333333333333	0.0	0.0
198	rnapol	1.3333333333333333	0.0	0.0
199	__protein1_rbs	17.666666666666668	0.0	0.0
199	__protein2_rbs	20.666666666666668	0.0	0.0
199	__protein3_rbs	15.666666666666664	0.0	0.0
199	__ribosome	19.33333333333333	0.0	0.0
199	__rnase_site_ext	36.333333333333336	0.0	0.0
199	p0	1.0	0.0	0.0
199	p1	1.0	0.0	0.0
199	p2	1.0	0.0	0.0
199	protein1	1037.3333333333333	21.33333333333333	1.180057
199	protein2	1289.6666666666667	26.66666666666667	1.2587606666666666
199	protein3	973.0	19.33333333333333	1.1696426666666666
199	r2	19.33333333333333	0.0	0.0
199	rnapol	1.0	0.0	0.0
200	__protein1_rbs	16.666666666666668	0.0	0.0
200	__protein2_rbs	22.33333333333333	0.0	0.0
200	__protein3_rbs	16.0	0.0	0.0
200	__ribosome	20.0	0.0	0.0
200	__rnase_site_ext	35.0	0.0	0.0
200	p0	0.6666666666666666	0.0	0.0
200	p1	1.0	0.0	0.0
200	p2	1.0	0.0	0.0
200	protein1	1045.3333333333333	21.0	1.161943333333333
200	protein2	1297.6666666666667	27.0	1.2188033333333337
200	protein3	978.6666666666665	19.0	1.2126983333333337
200	r2	19.0	0.0	0.0
200	rnapol	1.3333333333333333	0.0	0.0
201	__protein1_rbs	17.0	0.0	0.0
201	__protein2_rbs	20.33333333333333	0.0	0.0
201	__protein3_rbs	15.0	0.0	0.0
201	__ribosome	17.0	0.0	0.0
201	__rnase_site_ext	35.333333333333336	0.0	0.0
201	p0	1.0	0.0	0.0
201	p1	1.0	0.0	0.0
201	p2	0.6666666666666666	0.0	0.0
201	protein1	1055.0	21.0	1.081721333333333
201	protein2	1305.0	26.33333333333333	1.310934
201	protein3	982.3333333333335	19.0	1.380952
201	r2	19.0	0.0	0.0
201	rnapol	1.0	0.0	0.0
202	__protein1_rbs	17.666666666666668	0.0	0.0
202	__protein2_rbs	23.33333333333333	0.0	0.0
202	__protein3_rbs	16.0	0.0	0.0
202	__ribosome	13.666666666666664	0.0	0.0
202	__rnase_site_ext	36.0	0.0	0.0
202	p0	1.0	0.0	0.0
202	p1	1.0	0.0	0.0
202	p2	0.6666666666666666	0.0	0.0
202	protein1	1059.6666666666667	21.0	1.194482
202	protein2	1310.3333333333333	26.66666666666667	1.3660256666666666
202	protein3	988.0	19.33333333333333	1.3521823333333334
202	r2	19.33333333333333	0.0	0.0
202	rnapol	1.3333333333333333	0.0	0.0
203	__protein1_rbs	19.33333333333333	0.0	0.0
203	__protein2_rbs	22.66666666666667	0.0	0.0
203	__protein3_rbs	17.333333333333332	0.0	0.0
203	__ribosome	18.0	0.0	0.0
203	__rnase_site_ext	36.333333333333336	0.0	0.0
203	p0	1.0	0.0	0.0
203	p1	1.0	0.0	0.0
203	p2	1.0	0.0	0.0
203	protein1	1067.3333333333333	21.33333333333333	1.1195156666666668
203	protein2	1321.6666666666667	27.0	1.2132716666666663
203	protein3	993.0	19.666666666666668	1.3584956666666668
203	r2	20.33333333333333	0.0	0.0
203	rnapol	0.6666666666666666	0.0	0.0
204	__protein1_rbs	18.33333333333333	0.0	0.0
204	__protein2_rbs	22.0	0.0	0.0
204	__protein3_rbs	16.0	0.0	0.0
204	__ribosome	18.33333333333333	0.0	0.0
204	__rnase_site_ext	35.333333333333336	0.0	0.0
204	p0	1.0	0.0	0.0
204	p1	0.6666666666666666	0.0	0.0
204	p2	1.0	0.0	0.0
204	protein1	1074.3333333333333	21.0	1.0974073333333332
204	protein2	1328.6666666666667	26.66666666666667	1.2669353333333333
204	protein3	1001.0	20.0	1.2898733333333334
204	r2	19.666666666666668	0.0	0.0
204	rnapol	0.3333333333333333	0.0	0.0
205	__protein1_rbs	17.666666666666668	0.0	0.0
205	__protein2_rbs	23.0	0.0	0.0
205	__protein3_rbs	16.333333333333332	0.0	0.0
205	__ribosome	19.0	0.0	0.0
205	__rnase_site_ext	36.333333333333336	0.0	0.0
205	p0	1.0	0.0	0.0
205	p1	0.6666666666666666	0.0	0.0
205	p2	1.0	0.0	0.0
205	protein1	1082.6666666666667	21.0	0.9866666666666668
205	protein2	1338.6666666666667	27.0	1.2580993333333332
205	protein3	1006.0	19.666666666666668	1.351073666666667
205	r2	19.666666666666668	0.0	0.0
205	rnapol	0.3333333333333333	0.0	0.0
206	__protein1_rbs	19.0	0.0	0.0
206	__protein2_rbs	22.66666666666667	0.0	0.0
206	__protein3_rbs	15.666666666666664	0.0	0.0
206	__ribosome	16.0	0.0	0.0
206	__rnase_site_ext	37.0	0.0	0.0
206	p0	1.0	0.0	0.0
206	p1	1.0	0.0	0.0
206	p2	0.6666666666666666	0.0	0.0
206	protein1	1089.3333333333333	21.0	0.8792593333333333
206	protein2	1344.0	28.0	1.3189103333333334
206	protein3	1011.0	19.33333333333333	1.4956113333333334
206	r2	20.0	0.0	0.0
206	rnapol	0.0	0.0	0.0
207	__protein1_rbs	18.0	0.0	0.0
207	__protein2_rbs	22.33333333333333	0.0	0.0
207	__protein3_rbs	17.333333333333332	0.0	0.0
207	__ribosome	15.333333333333336	0.0	0.0
207	__rnase_site_ext	37.0	0.0	0.0
207	p0	1.0	0.0	0.0
207	p1	1.0	0.0	0.0
207	p2	0.6666666666666666	0.0	0.0
207	protein1	1095.6666666666667	20.666666666666668	0.8611110000000001
207	protein2	1352.6666666666667	28.0	1.3701923333333337
207	protein3	1017.3333333333335	20.33333333333333	1.4235209999999998
207	r2	20.0	0.0	0.0
207	rnapol	1.3333333333333333	0.0	0.0
208	__protein1_rbs	15.0	0.0	0.0
208	__protein2_rbs	23.0	0.0	0.0
208	__protein3_rbs	17.666666666666668	0.0	0.0
208	__ribosome	16.333333333333332	0.0	0.0
208	__rnase_site_ext	34.0	0.0	0.0
208	p0	1.0	0.0	0.0
208	p1	1.0	0.0	0.0
208	p2	1.0	0.0	0.0
208	protein1	1101.0	20.33333333333333	0.9887913333333334
208	protein2	1362.6666666666667	27.33333333333333	1.276757666666667
208	protein3	1023.0	20.0	1.4635526666666667
208	r2	20.0	0.0	0.0
208	rnapol	1.3333333333333333	0.0	0.0
209	__protein1_rbs	17.666666666666668	0.0	0.0
209	__protein2_rbs	22.33333333333333	0.0	0.0
209	__protein3_rbs	16.666666666666668	0.0	0.0
209	__ribosome	17.666666666666668	0.0	0.0
209	__rnase_site_ext	36.0	0.0	0.0
209	p0	1.0	0.0	0.0
209	p1	1.0	0.0	0.0
209	p2	0.6666666666666666	0.0	0.0
209	protein1	1106.3333333333333	20.33333333333333	0.9778263333333334
209	protein2	1371.3333333333333	27.0	1.3176523333333334
209	protein3	1030.3333333333333	20.0	1.4014406666666668
209	r2	20.0	0.0	0.0
209	rnapol	2.333333333333333	0.0	0.0
210	__protein1_rbs	16.666666666666668	0.0	0.0
210	__protein2_rbs	24.33333333333333	0.0	0.0
210	__protein3_rbs	15.333333333333336	0.0	0.0
210	__ribosome	16.666666666666668	0.0	0.0
210	__rnase_site_ext	34.0	0.0	0.0
210	p0	1.0	0.0	0.0
210	p1	1.0	0.0	0.0
210	p2	1.0	0.0	0.0
210	protein1	1111.0	21.0	1.0259646666666666
210	protein2	1380.0	27.0	1.276985
210	protein3	1037.3333333333333	20.33333333333333	1.379653
210	r2	20.666666666666668	0.0	0.0
210	rnapol	2.0	0.0	0.0
211	__protein1_rbs	16.666666666666668	0.0	0.0
211	__protein2_rbs	23.33333333333333	0.0	0.0
211	__protein3_rbs	18.33333333333333	0.0	0.0
211	__ribosome	18.0	0.0	0.0
211	__rnase_site_ext	35.0	0.0	0.0
211	p0	1.0	0.0	0.0
211	p1	1.0	0.0	0.0
211	p2	0.6666666666666666	0.0	0.0
211	protein1	1117.6666666666667	21.66666666666667	1.003846
211	protein2	1387.666666666667	26.0	1.2615326666666666
211	protein3	1043.6666666666667	20.666666666666668	1.3644956666666668
211	r2	20.33333333333333	0.0	0.0
211	rnapol	1.0	0.0	0.0
212	__protein1_rbs	15.0	0.0	0.0
212	__protein2_rbs	23.33333333333333	0.0	0.0
212	__protein3_rbs	17.666666666666668	0.0	0.0
212	__ribosome	16.333333333333332	0.0	0.0
212	__rnase_site_ext	35.0	0.0	0.0
212	p0	1.0	0.0	0.0
212	p1	0.6666666666666666	0.0	0.0
212	p2	1.0	0.0	0.0
212	protein1	1124.0	21.66666666666667	1.1435896666666665
212	protein2	1396.333333333333	26.0	1.2390996666666667
212	protein3	1050.3333333333333	20.666666666666668	1.3287813333333334
212	r2	20.666666666666668	0.0	0.0
212	rnapol	1.0	0.0	0.0
213	__protein1_rbs	20.0	0.0	0.0
213	__protein2_rbs	21.66666666666667	0.0	0.0
213	__protein3_rbs	17.666666666666668	0.0	0.0
213	__ribosome	16.333333333333332	0.0	0.0
213	__rnase_site_ext	37.0	0.0	0.0
213	p0	0.6666666666666666	0.0	0.0
213	p1	0.6666666666666666	0.0	0.0
213	p2	1.0	0.0	0.0
213	protein1	1129.3333333333333	21.33333333333333	1.1133603333333333
213	protein2	1406.333333333333	26.33333333333333	1.1877776666666666
213	protein3	1055.3333333333333	20.33333333333333	1.4629086666666666
213	r2	20.33333333333333	0.0	0.0
213	rnapol	1.0	0.0	0.0
214	__protein1_rbs	18.0	0.0	0.0
214	__protein2_rbs	25.0	0.0	0.0
214	__protein3_rbs	17.0	0.0	0.0
214	__ribosome	17.666666666666668	0.0	0.0
214	__rnase_site_ext	36.333333333333336	0.0	0.0
214	p0	1.0	0.0	0.0
214	p1	1.0	0.0	0.0
214	p2	1.0	0.0	0.0
214	protein1	1138.0	21.33333333333333	1.012456
214	protein2	1413.666666666667	27.0	1.116866666666667
214	protein3	1061.6666666666667	20.33333333333333	1.5124183333333334
214	r2	20.33333333333333	0.0	0.0
214	rnapol	1.3333333333333333	0.0	0.0
215	__protein1_rbs	18.33333333333333	0.0	0.0
215	__protein2_rbs	23.33333333333333	0.0	0.0
215	__protein3_rbs	17.666666666666668	0.0	0.0
215	__ribosome	18.33333333333333	0.0	0.0
215	__rnase_site_ext	36.66666666666666	0.0	0.0
215	p0	1.0	0.0	0.0
215	p1	0.6666666666666666	0.0	0.0
215	p2	1.0	0.0	0.0
215	protein1	1145.0	21.66666666666667	0.9733333333333332
215	protein2	1420.0	26.66666666666667	1.1685896666666666
215	protein3	1068.6666666666667	20.33333333333333	1.4653596666666668
215	r2	20.0	0.0	0.0
215	rnapol	1.6666666666666667	0.0	0.0
216	__protein1_rbs	16.333333333333332	0.0	0.0
216	__protein2_rbs	23.33333333333333	0.0	0.0
216	__protein3_rbs	16.333333333333332	0.0	0.0
216	__ribosome	15.0	0.0	0.0
216	__rnase_site_ext	35.333333333333336	0.0	0.0
216	p0	1.0	0.0	0.0
216	p1	1.0	0.0	0.0
216	p2	1.0	0.0	0.0
216	protein1	1152.3333333333333	22.33333333333333	1.0209523333333337
216	protein2	1428.666666666667	27.0	1.1463673333333333
216	protein3	1074.6666666666667	20.0	1.6049443333333333
216	r2	20.33333333333333	0.0	0.0
216	rnapol	1.0	0.0	0.0
217	__protein1_rbs	18.666666666666668	0.0	0.0
217	__protein2_rbs	20.33333333333333	0.0	0.0
217	__protein3_rbs	16.333333333333332	0.0	0.0
217	__ribosome	13.333333333333336	0.0	0.0
217	__rnase_site_ext	37.333333333333336	0.0	0.0
217	p0	0.6666666666666666	0.0	0.0
217	p1	1.0	0.0	0.0
217	p2	1.0	0.0	0.0
217	protein1	1157.6666666666667	22.0	1.1168253333333336
217	protein2	1437.0	27.33333333333333	1.1420513333333335
217	protein3	1081.3333333333333	20.33333333333333	1.569281
217	r2	20.666666666666668	0.0	0.0
217	rnapol	1.3333333333333333	0.0	0.0
218	__protein1_rbs	18.0	0.0	0.0
218	__protein2_rbs	23.33333333333333	0.0	0.0
218	__protein3_rbs	18.0	0.0	0.0
218	__ribosome	12.666666666666664	0.0	0.0
218	__rnase_site_ext	36.333333333333336	0.0	0.0
218	p0	1.0	0.0	0.0
218	p1	0.6666666666666666	0.0	0.0
218	p2	1.0	0.0	0.0
218	protein1	1164.3333333333333	22.33333333333333	1.1796823333333333
218	protein2	1443.333333333333	27.33333333333333	1.2482050000000002
218	protein3	1089.6666666666667	21.0	1.34704
218	r2	20.666666666666668	0.0	0.0
218	rnapol	0.6666666666666666	0.0	0.0
219	__protein1_rbs	19.0	0.0	0.0
219	__protein2_rbs	23.0	0.0	0.0
219	__protein3_rbs	17.666666666666668	0.0	0.0
219	__ribosome	15.333333333333336	0.0	0.0
219	__rnase_site_ext	38.333333333333336	0.0	0.0
219	p0	1.0	0.0	0.0
219	p1	1.0	0.0	0.0
219	p2	1.0	0.0	0.0
219	protein1	1172.6666666666667	22.33333333333333	1.0628570000000002
219	protein2	1451.0	27.33333333333333	1.2700853333333335
219	protein3	1096.3333333333333	20.666666666666668	1.3176586666666668
219	r2	21.0	0.0	0.0
219	rnapol	0.3333333333333333	0.0	0.0
220	__protein1_rbs	19.0	0.0	0.0
220	__protein2_rbs	24.66666666666667	0.0	0.0
220	__protein3_rbs	18.0	0.0	0.0
220	__ribosome	18.0	0.0	0.0
220	__rnase_site_ext	37.66666666666666	0.0	0.0
220	p0	1.0	0.0	0.0
220	p1	0.6666666666666666	0.0	0.0
220	p2	1.0	0.0	0.0
220	protein1	1179.6666666666667	22.0	1.0198413333333332
220	protein2	1457.666666666667	28.33333333333333	1.2250096666666668
220	protein3	1104.3333333333333	21.0	1.2254546666666666
220	r2	21.0	0.0	0.0
220	rnapol	0.6666666666666666	0.0	0.0
221	__protein1_rbs	16.666666666666668	0.0	0.0
221	__protein2_rbs	23.66666666666667	0.0	0.0
221	__protein3_rbs	18.666666666666668	0.0	0.0
221	__ribosome	18.33333333333333	0.0	0.0
221	__rnase_site_ext	36.66666666666666	0.0	0.0
221	p0	0.6666666666666666	0.0	0.0
221	p1	1.0	0.0	0.0
221	p2	1.0	0.0	0.0
221	protein1	1189.0	22.0	1.0059523333333331
221	protein2	1466.0	28.0	1.197619
221	protein3	1109.6666666666667	21.33333333333333	1.234403
221	r2	21.33333333333333	0.0	0.0
221	rnapol	0.6666666666666666	0.0	0.0
222	__protein1_rbs	18.666666666666668	0.0	0.0
222	__protein2_rbs	22.0	0.0	0.0
222	__protein3_rbs	17.333333333333332	0.0	0.0
222	__ribosome	20.33333333333333	0.0	0.0
222	__rnase_site_ext	36.333333333333336	0.0	0.0
222	p0	1.0	0.0	0.0
222	p1	1.0	0.0	0.0
222	p2	0.6666666666666666	0.0	0.0
222	protein1	1194.6666666666667	22.0	1.0734126666666668
222	protein2	1477.0	27.66666666666667	1.106827
222	protein3	1116.0	21.33333333333333	1.1943673333333331
222	r2	20.666666666666668	0.0	0.0
222	rnapol	1.6666666666666667	0.0	0.0
223	__protein1_rbs	20.33333333333333	0.0	0.0
223	__protein2_rbs	20.666666666666668	0.0	0.0
223	__protein3_rbs	17.666666666666668	0.0	0.0
223	__ribosome	16.333333333333332	0.0	0.0
223	__rnase_site_ext	38.333333333333336	0.0	0.0
223	p0	1.0	0.0	0.0
223	p1	1.0	0.0	0.0
223	p2	1.0	0.0	0.0
223	protein1	1200.0	22.0	1.0555556666666666
223	protein2	1485.0	27.66666666666667	1.1629086666666666
223	protein3	1121.3333333333333	21.0	1.366402
223	r2	21.33333333333333	0.0	0.0
223	rnapol	1.6666666666666667	0.0	0.0
224	__protein1_rbs	19.0	0.0	0.0
224	__protein2_rbs	22.66666666666667	0.0	0.0
224	__protein3_rbs	18.33333333333333	0.0	0.0
224	__ribosome	15.666666666666664	0.0	0.0
224	__rnase_site_ext	37.0	0.0	0.0
224	p0	0.6666666666666666	0.0	0.0
224	p1	1.0	0.0	0.0
224	p2	1.0	0.0	0.0
224	protein1	1208.6666666666667	22.0	0.9007936666666666
224	protein2	1491.0	27.66666666666667	1.3094253333333332
224	protein3	1127.6666666666667	21.0	1.366402
224	r2	21.0	0.0	0.0
224	rnapol	1.0	0.0	0.0
225	__protein1_rbs	18.666666666666668	0.0	0.0
225	__protein2_rbs	24.33333333333333	0.0	0.0
225	__protein3_rbs	16.0	0.0	0.0
225	__ribosome	15.666666666666664	0.0	0.0
225	__rnase_site_ext	37.66666666666666	0.0	0.0
225	p0	1.0	0.0	0.0
225	p1	0.6666666666666666	0.0	0.0
225	p2	1.0	0.0	0.0
225	protein1	1216.0	22.33333333333333	0.8924963333333333
225	protein2	1498.333333333333	28.0	1.2425043333333334
225	protein3	1134.0	21.0	1.4153440000000002
225	r2	21.33333333333333	0.0	0.0
225	rnapol	0.6666666666666666	0.0	0.0
226	__protein1_rbs	18.33333333333333	0.0	0.0
226	__protein2_rbs	24.33333333333333	0.0	0.0
226	__protein3_rbs	19.0	0.0	0.0
226	__ribosome	15.0	0.0	0.0
226	__rnase_site_ext	37.0	0.0	0.0
226	p0	1.0	0.0	0.0
226	p1	0.6666666666666666	0.0	0.0
226	p2	1.0	0.0	0.0
226	protein1	1222.6666666666667	21.66666666666667	0.978606
226	protein2	1505.666666666667	28.33333333333333	1.3271603333333333
226	protein3	1140.0	21.33333333333333	1.2351713333333334
226	r2	21.0	0.0	0.0
226	rnapol	1.0	0.0	0.0
227	__protein1_rbs	17.0	0.0	0.0
227	__protein2_rbs	23.33333333333333	0.0	0.0
227	__protein3_rbs	17.0	0.0	0.0
227	__ribosome	15.666666666666664	0.0	0.0
227	__rnase_site_ext	35.333333333333336	0.0	0.0
227	p0	1.0	0.0	0.0
227	p1	1.0	0.0	0.0
227	p2	1.0	0.0	0.0
227	protein1	1226.6666666666667	21.33333333333333	1.083782
227	protein2	1517.0	28.33333333333333	1.1793923333333334
227	protein3	1147.3333333333333	21.0	1.3139006666666668
227	r2	21.0	0.0	0.0
227	rnapol	1.3333333333333333	0.0	0.0
228	__protein1_rbs	19.0	0.0	0.0
228	__protein2_rbs	23.66666666666667	0.0	0.0
228	__protein3_rbs	16.666666666666668	0.0	0.0
228	__ribosome	13.0	0.0	0.0
228	__rnase_site_ext	37.333333333333336	0.0	0.0
228	p0	1.0	0.0	0.0
228	p1	1.0	0.0	0.0
228	p2	1.0	0.0	0.0
228	protein1	1233.3333333333333	22.0	0.9724636666666668
228	protein2	1524.333333333333	28.66666666666667	1.261111
228	protein3	1153.6666666666667	21.0	1.3996586666666666
228	r2	21.0	0.0	0.0
228	rnapol	1.3333333333333333	0.0	0.0
229	__protein1_rbs	20.0	0.0	0.0
229	__protein2_rbs	22.0	0.0	0.0
229	__protein3_rbs	18.666666666666668	0.0	0.0
229	__ribosome	18.666666666666668	0.0	0.0
229	__rnase_site_ext	37.66666666666666	0.0	0.0
229	p0	1.0	0.0	0.0
229	p1	1.0	0.0	0.0
229	p2	0.6666666666666666	0.0	0.0
229	protein1	1242.3333333333333	21.33333333333333	0.780303
229	protein2	1533.333333333333	28.66666666666667	1.2722223333333331
229	protein3	1159.6666666666667	21.33333333333333	1.3299006666666666
229	r2	21.66666666666667	0.0	0.0
229	rnapol	1.0	0.0	0.0
230	__protein1_rbs	17.0	0.0	0.0
230	__protein2_rbs	22.33333333333333	0.0	0.0
230	__protein3_rbs	19.33333333333333	0.0	0.0
230	__ribosome	17.333333333333332	0.0	0.0
230	__rnase_site_ext	35.333333333333336	0.0	0.0
230	p0	1.0	0.0	0.0
230	p1	1.0	0.0	0.0
230	p2	0.6666666666666666	0.0	0.0
230	protein1	1249.0	21.33333333333333	0.781818
230	protein2	1541.333333333333	27.33333333333333	1.4065933333333334
230	protein3	1165.0	22.0	1.2681160000000002
230	r2	21.66666666666667	0.0	0.0
230	rnapol	0.6666666666666666	0.0	0.0
231	__protein1_rbs	18.33333333333333	0.0	0.0
231	__protein2_rbs	24.0	0.0	0.0
231	__protein3_rbs	19.33333333333333	0.0	0.0
231	__ribosome	19.33333333333333	0.0	0.0
231	__rnase_site_ext	36.0	0.0	0.0
231	p0	1.0	0.0	0.0
231	p1	1.0	0.0	0.0
231	p2	1.0	0.0	0.0
231	protein1	1254.3333333333333	21.33333333333333	0.8272726666666667
231	protein2	1548.666666666667	27.33333333333333	1.3672163333333334
231	protein3	1172.0	21.66666666666667	1.1954546666666666
231	r2	21.33333333333333	0.0	0.0
231	rnapol	1.6666666666666667	0.0	0.0
232	__protein1_rbs	18.33333333333333	0.0	0.0
232	__protein2_rbs	20.666666666666668	0.0	0.0
232	__protein3_rbs	17.333333333333332	0.0	0.0
232	__ribosome	15.333333333333336	0.0	0.0
232	__rnase_site_ext	35.333333333333336	0.0	0.0
232	p0	1.0	0.0	0.0
232	p1	1.0	0.0	0.0
232	p2	0.6666666666666666	0.0	0.0
232	protein1	1258.0	21.33333333333333	0.9666666666666668
232	protein2	1558.666666666667	27.0	1.4622390000000005
232	protein3	1180.3333333333333	21.0	1.179365
232	r2	21.33333333333333	0.0	0.0
232	rnapol	1.0	0.0	0.0
233	__protein1_rbs	18.0	0.0	0.0
233	__protein2_rbs	21.66666666666667	0.0	0.0
233	__protein3_rbs	18.0	0.0	0.0
233	__ribosome	16.666666666666668	0.0	0.0
233	__rnase_site_ext	35.333333333333336	0.0	0.0
233	p0	0.6666666666666666	0.0	0.0
233	p1	0.6666666666666666	0.0	0.0
233	p2	1.0	0.0	0.0
233	protein1	1263.6666666666667	21.0	0.9666666666666668
233	protein2	1568.0	26.33333333333333	1.4483126666666666
233	protein3	1186.3333333333333	21.33333333333333	1.1776316666666669
233	r2	21.33333333333333	0.0	0.0
233	rnapol	1.3333333333333333	0.0	0.0
234	__protein1_rbs	18.666666666666668	0.0	0.0
234	__protein2_rbs	23.0	0.0	0.0
234	__protein3_rbs	17.0	0.0	0.0
234	__ribosome	16.666666666666668	0.0	0.0
234	__rnase_site_ext	37.0	0.0	0.0
234	p0	1.0	0.0	0.0
234	p1	1.0	0.0	0.0
234	p2	1.0	0.0	0.0
234	protein1	1271.3333333333333	21.33333333333333	0.8928226666666667
234	protein2	1576.666666666667	26.66666666666667	1.4040596666666667
234	protein3	1191.3333333333333	21.33333333333333	1.2553256666666666
234	r2	21.33333333333333	0.0	0.0
234	rnapol	1.3333333333333333	0.0	0.0
235	__protein1_rbs	18.666666666666668	0.0	0.0
235	__protein2_rbs	24.66666666666667	0.0	0.0
235	__protein3_rbs	17.333333333333332	0.0	0.0
235	__ribosome	16.0	0.0	0.0
235	__rnase_site_ext	38.0	0.0	0.0
235	p0	1.0	0.0	0.0
235	p1	1.0	0.0	0.0
235	p2	0.6666666666666666	0.0	0.0
235	protein1	1276.6666666666667	21.66666666666667	0.9166666666666666
235	protein2	1586.333333333333	27.0	1.2231756666666669
235	protein3	1194.6666666666667	21.33333333333333	1.4647036666666668
235	r2	21.66666666666667	0.0	0.0
235	rnapol	0.6666666666666666	0.0	0.0
236	__protein1_rbs	20.0	0.0	0.0
236	__protein2_rbs	22.66666666666667	0.0	0.0
236	__protein3_rbs	18.666666666666668	0.0	0.0
236	__ribosome	20.0	0.0	0.0
236	__rnase_site_ext	38.333333333333336	0.0	0.0
236	p0	1.0	0.0	0.0
236	p1	0.6666666666666666	0.0	0.0
236	p2	1.0	0.0	0.0
236	protein1	1282.3333333333333	22.0	0.8737373333333333
236	protein2	1596.0	26.66666666666667	1.1477276666666667
236	protein3	1201.6666666666667	22.0	1.3795236666666666
236	r2	22.33333333333333	0.0	0.0
236	rnapol	0.6666666666666666	0.0	0.0
237	__protein1_rbs	17.0	0.0	0.0
237	__protein2_rbs	24.33333333333333	0.0	0.0
237	__protein3_rbs	19.0	0.0	0.0
237	__ribosome	21.33333333333333	0.0	0.0
237	__rnase_site_ext	35.666666666666664	0.0	0.0
237	p0	1.0	0.0	0.0
237	p1	0.6666666666666666	0.0	0.0
237	p2	1.0	0.0	0.0
237	protein1	1288.6666666666667	21.66666666666667	0.925397
237	protein2	1604.333333333333	27.33333333333333	1.0570769999999998
237	protein3	1209.6666666666667	22.66666666666667	1.2997556666666668
237	r2	22.33333333333333	0.0	0.0
237	rnapol	0.3333333333333333	0.0	0.0
238	__protein1_rbs	16.666666666666668	0.0	0.0
238	__protein2_rbs	23.33333333333333	0.0	0.0
238	__protein3_rbs	18.0	0.0	0.0
238	__ribosome	17.666666666666668	0.0	0.0
238	__rnase_site_ext	37.0	0.0	0.0
238	p0	1.0	0.0	0.0
238	p1	1.0	0.0	0.0
238	p2	1.0	0.0	0.0
238	protein1	1295.3333333333333	21.66666666666667	1.0277776666666667
238	protein2	1613.0	27.66666666666667	1.0629883333333334
238	protein3	1215.6666666666667	22.33333333333333	1.373968
238	r2	22.66666666666667	0.0	0.0
238	rnapol	0.6666666666666666	0.0	0.0
239	__protein1_rbs	20.0	0.0	0.0
239	__protein2_rbs	22.66666666666667	0.0	0.0
239	__protein3_rbs	19.33333333333333	0.0	0.0
239	__ribosome	16.333333333333332	0.0	0.0
239	__rnase_site_ext	38.0	0.0	0.0
239	p0	1.0	0.0	0.0
239	p1	1.0	0.0	0.0
239	p2	1.0	0.0	0.0
239	protein1	1300.6666666666667	22.0	0.9960316666666666
239	protein2	1620.0	27.0	1.1542103333333331
239	protein3	1221.3333333333333	22.33333333333333	1.3657576666666664
239	r2	22.33333333333333	0.0	0.0
239	rnapol	1.0	0.0	0.0
240	__protein1_rbs	17.333333333333332	0.0	0.0
240	__protein2_rbs	23.0	0.0	0.0
240	__protein3_rbs	20.0	0.0	0.0
240	__ribosome	18.0	0.0	0.0
240	__rnase_site_ext	35.333333333333336	0.0	0.0
240	p0	1.0	0.0	0.0
240	p1	1.0	0.0	0.0
240	p2	1.0	0.0	0.0
240	protein1	1306.3333333333333	22.0	1.017857
240	protein2	1624.666666666667	27.0	1.24957
240	protein3	1230.6666666666667	22.33333333333333	1.1606060000000002
240	r2	22.0	0.0	0.0
240	rnapol	1.6666666666666667	0.0	0.0
