time	species	protein	transcript	ribo_density
0	__protein1_rbs	0.0	0.0	0.0
0	__protein2_rbs	0.0	0.0	0.0
0	__protein3_rbs	0.0	0.0	0.0
0	__ribosome	100.0	0.0	0.0
0	__rnase_site_ext	0.0	0.0	0.0
0	p0	1.0	0.0	0.0
0	p1	1.0	0.0	0.0
0	p2	1.0	0.0	0.0
0	r0	0.0	0.0	0.0
0	r2	0.0	0.0	0.0
0	rnapol	4.0	0.0	0.0
1	__protein1_rbs	0.3333333333333333	0.0	0.0
1	__protein2_rbs	0.0	0.0	0.0
1	__protein3_rbs	0.0	0.0	0.0
1	__ribosome	100.0	0.0	0.0
1	__rnase_site_ext	1.3333333333333333	0.0	0.0
1	p0	1.0	0.0	0.0
1	p1	1.0	0.0	0.0
1	p2	0.6666666666666666	0.0	0.0
1	protein1	0.0	0.3333333333333333	0.0
1	r0	0.3333333333333333	0.0	0.0
1	r2	0.3333333333333333	0.0	0.0
1	rnapol	2.333333333333333	0.0	0.0
2	__protein1_rbs	0.0	0.0	0.0
2	__protein2_rbs	0.3333333333333333	0.0	0.0
2	__protein3_rbs	0.3333333333333333	0.0	0.0
2	__ribosome	98.66666666666669	0.0	0.0
2	__rnase_site_ext	2.333333333333333	0.0	0.0
2	p0	0.6666666666666666	0.0	0.0
2	p1	1.0	0.0	0.0
2	p2	1.0	0.0	0.0
2	protein1	0.0	0.3333333333333333	0.3333333333333333
2	protein2	0.0	0.6666666666666666	0.16666666666666666
2	protein3	0.0	0.6666666666666666	0.6666666666666666
2	r0	0.6666666666666666	0.0	0.0
2	r2	0.6666666666666666	0.0	0.0
2	rnapol	1.3333333333333333	0.0	0.0
3	__protein1_rbs	0.0	0.0	0.0
3	__protein2_rbs	0.6666666666666666	0.0	0.0
3	__protein3_rbs	0.3333333333333333	0.0	0.0
3	__ribosome	95.66666666666669	0.0	0.0
3	__rnase_site_ext	2.333333333333333	0.0	0.0
3	p0	1.0	0.0	0.0
3	p1	0.6666666666666666	0.0	0.0
3	p2	1.0	0.0	0.0
3	protein1	0.0	1.0	1.5
3	protein2	0.0	1.0	0.8333333333333334
3	protein3	0.0	0.6666666666666666	1.0
3	r0	0.6666666666666666	0.0	0.0
3	r2	0.6666666666666666	0.0	0.0
3	rnapol	1.0	0.0	0.0
4	__protein1_rbs	0.6666666666666666	0.0	0.0
4	__protein2_rbs	0.3333333333333333	0.0	0.0
4	__protein3_rbs	0.6666666666666666	0.0	0.0
4	__ribosome	93.33333333333331	0.0	0.0
4	__rnase_site_ext	3.6666666666666665	0.0	0.0
4	p0	1.0	0.0	0.0
4	p1	1.0	0.0	0.0
4	p2	1.0	0.0	0.0
4	protein1	0.0	1.0	2.0
4	protein2	0.0	1.3333333333333333	1.3333333333333333
4	protein3	0.0	0.6666666666666666	1.3333333333333333
4	r0	1.3333333333333333	0.0	0.0
4	r2	0.6666666666666666	0.0	0.0
4	rnapol	0.3333333333333333	0.0	0.0
5	__protein1_rbs	0.3333333333333333	0.0	0.0
5	__protein2_rbs	1.0	0.0	0.0
5	__protein3_rbs	0.0	0.0	0.0
5	__ribosome	89.33333333333331	0.0	0.0
5	__rnase_site_ext	3.6666666666666665	0.0	0.0
5	p0	0.6666666666666666	0.0	0.0
5	p1	1.0	0.0	0.0
5	p2	1.0	0.0	0.0
5	protein1	0.3333333333333333	1.3333333333333333	3.0
5	protein2	0.0	1.6666666666666667	1.6666666666666667
5	protein3	0.0	1.0	1.8333333333333333
5	r0	1.3333333333333333	0.0	0.0
5	r2	1.0	0.0	0.0
5	rnapol	0.6666666666666666	0.0	0.0
6	__protein1_rbs	1.0	0.0	0.0
6	__protein2_rbs	1.3333333333333333	0.0	0.0
6	__protein3_rbs	1.0	0.0	0.0
6	__ribosome	87.0	0.0	0.0
6	__rnase_site_ext	4.333333333333333	0.0	0.0
6	p0	1.0	0.0	0.0
6	p1	0.3333333333333333	0.0	0.0
6	p2	0.6666666666666666	0.0	0.0
6	protein1	1.3333333333333333	1.6666666666666667	2.833333333333333
6	protein2	0.3333333333333333	2.0	2.555555666666667
6	protein3	0.0	1.3333333333333333	2.0
6	r0	1.6666666666666667	0.0	0.0
6	r2	1.3333333333333333	0.0	0.0
6	rnapol	0.6666666666666666	0.0	0.0
7	__protein1_rbs	1.3333333333333333	0.0	0.0
7	__protein2_rbs	2.0	0.0	0.0
7	__protein3_rbs	1.0	0.0	0.0
7	__ribosome	85.33333333333333	0.0	0.0
7	__rnase_site_ext	5.0	0.0	0.0
7	p0	1.0	0.0	0.0
7	p1	0.6666666666666666	0.0	0.0
7	p2	1.0	0.0	0.0
7	protein1	2.6666666666666665	1.6666666666666667	2.6666666666666665
7	protein2	0.6666666666666666	2.6666666666666665	2.583333333333333
7	protein3	0.6666666666666666	1.3333333333333333	2.333333333333333
7	r0	1.6666666666666667	0.0	0.0
7	r2	2.0	0.0	0.0
7	rnapol	0.3333333333333333	0.0	0.0
8	__protein1_rbs	0.6666666666666666	0.0	0.0
8	__protein2_rbs	2.0	0.0	0.0
8	__protein3_rbs	0.3333333333333333	0.0	0.0
8	__ribosome	80.33333333333333	0.0	0.0
8	__rnase_site_ext	5.0	0.0	0.0
8	p0	1.0	0.0	0.0
8	p1	0.6666666666666666	0.0	0.0
8	p2	1.0	0.0	0.0
8	protein1	3.6666666666666665	1.6666666666666667	3.1666666666666665
8	protein2	1.6666666666666667	2.6666666666666665	3.083333333333333
8	protein3	1.0	2.0	3.0
8	r0	1.6666666666666667	0.0	0.0
8	r2	2.333333333333333	0.0	0.0
8	rnapol	0.6666666666666666	0.0	0.0
9	__protein1_rbs	1.3333333333333333	0.0	0.0
9	__protein2_rbs	1.3333333333333333	0.0	0.0
9	__protein3_rbs	1.0	0.0	0.0
9	__ribosome	78.33333333333333	0.0	0.0
9	__rnase_site_ext	5.333333333333333	0.0	0.0
9	p0	1.0	0.0	0.0
9	p1	1.0	0.0	0.0
9	p2	1.0	0.0	0.0
9	protein1	5.333333333333333	2.0	2.7777776666666667
9	protein2	4.0	3.0	3.333333333333333
9	protein3	1.6666666666666667	2.333333333333333	2.8888890000000003
9	r0	1.6666666666666667	0.0	0.0
9	r2	2.333333333333333	0.0	0.0
9	rnapol	0.3333333333333333	0.0	0.0
10	__protein1_rbs	1.3333333333333333	0.0	0.0
10	__protein2_rbs	2.0	0.0	0.0
10	__protein3_rbs	1.3333333333333333	0.0	0.0
10	__ribosome	75.66666666666667	0.0	0.0
10	__rnase_site_ext	6.333333333333332	0.0	0.0
10	p0	1.0	0.0	0.0
10	p1	1.0	0.0	0.0
10	p2	1.0	0.0	0.0
10	protein1	7.0	2.0	2.555555666666667
10	protein2	5.666666666666668	3.333333333333333	3.3000000000000003
10	protein3	2.333333333333333	2.6666666666666665	3.083333333333333
10	r0	2.333333333333333	0.0	0.0
10	r2	2.6666666666666665	0.0	0.0
10	rnapol	1.0	0.0	0.0
11	__protein1_rbs	1.3333333333333333	0.0	0.0
11	__protein2_rbs	0.3333333333333333	0.0	0.0
11	__protein3_rbs	1.6666666666666667	0.0	0.0
11	__ribosome	70.33333333333333	0.0	0.0
11	__rnase_site_ext	7.666666666666668	0.0	0.0
11	p0	1.0	0.0	0.0
11	p1	1.0	0.0	0.0
11	p2	1.0	0.0	0.0
11	protein1	7.666666666666668	2.6666666666666665	2.333333333333333
11	protein2	7.0	3.333333333333333	4.4
11	protein3	3.6666666666666665	3.0	3.233333333333333
11	r0	3.0	0.0	0.0
11	r2	3.0	0.0	0.0
11	rnapol	0.3333333333333333	0.0	0.0
12	__protein1_rbs	1.0	0.0	0.0
12	__protein2_rbs	2.0	0.0	0.0
12	__protein3_rbs	2.0	0.0	0.0
12	__ribosome	70.0	0.0	0.0
12	__rnase_site_ext	7.333333333333332	0.0	0.0
12	p0	1.0	0.0	0.0
12	p1	1.0	0.0	0.0
12	p2	1.0	0.0	0.0
12	protein1	9.666666666666666	2.6666666666666665	2.833333333333333
12	protein2	9.333333333333334	3.6666666666666665	4.055555666666667
12	protein3	5.333333333333333	3.0	3.1333333333333333
12	r0	2.6666666666666665	0.0	0.0
12	r2	3.0	0.0	0.0
12	rnapol	1.3333333333333333	0.0	0.0
13	__protein1_rbs	1.0	0.0	0.0
13	__protein2_rbs	3.333333333333333	0.0	0.0
13	__protein3_rbs	1.3333333333333333	0.0	0.0
13	__ribosome	69.0	0.0	0.0
13	__rnase_site_ext	6.666666666666668	0.0	0.0
13	p0	0.6666666666666666	0.0	0.0
13	p1	0.6666666666666666	0.0	0.0
13	p2	0.6666666666666666	0.0	0.0
13	protein1	12.333333333333336	2.6666666666666665	2.833333333333333
13	protein2	12.0	4.0	3.055555333333333
13	protein3	7.0	3.0	3.633333333333333
13	r0	2.0	0.0	0.0
13	r2	3.333333333333333	0.0	0.0
13	rnapol	1.0	0.0	0.0
14	__protein1_rbs	1.6666666666666667	0.0	0.0
14	__protein2_rbs	3.0	0.0	0.0
14	__protein3_rbs	1.3333333333333333	0.0	0.0
14	__ribosome	71.0	0.0	0.0
14	__rnase_site_ext	8.0	0.0	0.0
14	p0	1.0	0.0	0.0
14	p1	0.6666666666666666	0.0	0.0
14	p2	0.6666666666666666	0.0	0.0
14	protein1	13.333333333333336	3.0	2.555555666666667
14	protein2	17.0	3.6666666666666665	2.644444333333333
14	protein3	9.333333333333334	3.6666666666666665	2.8666666666666667
14	r0	3.0	0.0	0.0
14	r2	4.0	0.0	0.0
14	rnapol	0.3333333333333333	0.0	0.0
15	__protein1_rbs	1.6666666666666667	0.0	0.0
15	__protein2_rbs	2.333333333333333	0.0	0.0
15	__protein3_rbs	3.333333333333333	0.0	0.0
15	__ribosome	69.0	0.0	0.0
15	__rnase_site_ext	9.0	0.0	0.0
15	p0	1.0	0.0	0.0
15	p1	1.0	0.0	0.0
15	p2	1.0	0.0	0.0
15	protein1	16.0	3.0	2.555555666666667
15	protein2	20.0	4.666666666666667	2.5436509999999997
15	protein3	11.0	4.333333333333333	2.7222223333333333
15	r0	3.333333333333333	0.0	0.0
15	r2	4.666666666666667	0.0	0.0
15	rnapol	0.3333333333333333	0.0	0.0
16	__protein1_rbs	1.6666666666666667	0.0	0.0
16	__protein2_rbs	3.0	0.0	0.0
16	__protein3_rbs	2.0	0.0	0.0
16	__ribosome	65.0	0.0	0.0
16	__rnase_site_ext	9.0	0.0	0.0
16	p0	1.0	0.0	0.0
16	p1	1.0	0.0	0.0
16	p2	1.0	0.0	0.0
16	protein1	18.0	3.333333333333333	2.75
16	protein2	22.66666666666667	4.333333333333333	2.583333333333333
16	protein3	13.0	4.666666666666667	3.2023810000000004
16	r0	3.333333333333333	0.0	0.0
16	r2	5.0	0.0	0.0
16	rnapol	0.3333333333333333	0.0	0.0
17	__protein1_rbs	2.0	0.0	0.0
17	__protein2_rbs	3.333333333333333	0.0	0.0
17	__protein3_rbs	1.6666666666666667	0.0	0.0
17	__ribosome	60.33333333333334	0.0	0.0
17	__rnase_site_ext	9.0	0.0	0.0
17	p0	1.0	0.0	0.0
17	p1	1.0	0.0	0.0
17	p2	1.0	0.0	0.0
17	protein1	20.0	3.333333333333333	3.055555333333333
17	protein2	24.66666666666667	4.333333333333333	2.944444666666667
17	protein3	15.333333333333336	4.666666666666667	3.888889
17	r0	3.333333333333333	0.0	0.0
17	r2	4.666666666666667	0.0	0.0
17	rnapol	1.0	0.0	0.0
18	__protein1_rbs	2.6666666666666665	0.0	0.0
18	__protein2_rbs	3.0	0.0	0.0
18	__protein3_rbs	3.0	0.0	0.0
18	__ribosome	60.66666666666666	0.0	0.0
18	__rnase_site_ext	9.666666666666666	0.0	0.0
18	p0	1.0	0.0	0.0
18	p1	0.6666666666666666	0.0	0.0
18	p2	1.0	0.0	0.0
18	protein1	23.0	3.6666666666666665	2.5277776666666667
18	protein2	27.0	4.666666666666667	3.1
18	protein3	19.0	4.666666666666667	3.444444666666666
18	r0	3.6666666666666665	0.0	0.0
18	r2	5.0	0.0	0.0
18	rnapol	1.3333333333333333	0.0	0.0
19	__protein1_rbs	3.333333333333333	0.0	0.0
19	__protein2_rbs	2.333333333333333	0.0	0.0
19	__protein3_rbs	2.6666666666666665	0.0	0.0
19	__ribosome	59.66666666666666	0.0	0.0
19	__rnase_site_ext	10.0	0.0	0.0
19	p0	1.0	0.0	0.0
19	p1	1.0	0.0	0.0
19	p2	1.0	0.0	0.0
19	protein1	26.33333333333333	3.6666666666666665	2.2222223333333333
19	protein2	31.0	4.666666666666667	2.9365080000000003
19	protein3	21.33333333333333	5.0	3.5925923333333336
19	r0	4.0	0.0	0.0
19	r2	5.333333333333333	0.0	0.0
19	rnapol	1.3333333333333333	0.0	0.0
20	__protein1_rbs	3.0	0.0	0.0
20	__protein2_rbs	2.6666666666666665	0.0	0.0
20	__protein3_rbs	3.0	0.0	0.0
20	__ribosome	58.0	0.0	0.0
20	__rnase_site_ext	10.666666666666666	0.0	0.0
20	p0	1.0	0.0	0.0
20	p1	1.0	0.0	0.0
20	p2	1.0	0.0	0.0
20	protein1	29.0	4.0	2.261111
20	protein2	34.333333333333336	4.666666666666667	3.095238
20	protein3	25.0	5.333333333333333	3.083333333333333
20	r0	4.333333333333333	0.0	0.0
20	r2	5.666666666666668	0.0	0.0
20	rnapol	1.0	0.0	0.0
21	__protein1_rbs	3.333333333333333	0.0	0.0
21	__protein2_rbs	2.6666666666666665	0.0	0.0
21	__protein3_rbs	3.0	0.0	0.0
21	__ribosome	59.33333333333334	0.0	0.0
21	__rnase_site_ext	11.333333333333336	0.0	0.0
21	p0	1.0	0.0	0.0
21	p1	0.6666666666666666	0.0	0.0
21	p2	0.6666666666666666	0.0	0.0
21	protein1	32.0	4.333333333333333	2.177777666666667
21	protein2	37.66666666666666	4.666666666666667	3.067460333333333
21	protein3	29.66666666666667	5.666666666666668	2.775
21	r0	4.666666666666667	0.0	0.0
21	r2	6.0	0.0	0.0
21	rnapol	0.3333333333333333	0.0	0.0
22	__protein1_rbs	3.0	0.0	0.0
22	__protein2_rbs	3.333333333333333	0.0	0.0
22	__protein3_rbs	4.0	0.0	0.0
22	__ribosome	57.0	0.0	0.0
22	__rnase_site_ext	11.333333333333336	0.0	0.0
22	p0	1.0	0.0	0.0
22	p1	0.6666666666666666	0.0	0.0
22	p2	1.0	0.0	0.0
22	protein1	34.333333333333336	4.666666666666667	2.3777776666666663
22	protein2	41.66666666666666	5.333333333333333	2.538095333333333
22	protein3	33.0	6.333333333333332	2.7916666666666665
22	r0	4.666666666666667	0.0	0.0
22	r2	6.0	0.0	0.0
22	rnapol	0.6666666666666666	0.0	0.0
23	__protein1_rbs	3.6666666666666665	0.0	0.0
23	__protein2_rbs	3.333333333333333	0.0	0.0
23	__protein3_rbs	3.333333333333333	0.0	0.0
23	__ribosome	57.33333333333334	0.0	0.0
23	__rnase_site_ext	11.666666666666664	0.0	0.0
23	p0	0.6666666666666666	0.0	0.0
23	p1	0.6666666666666666	0.0	0.0
23	p2	1.0	0.0	0.0
23	protein1	37.66666666666666	4.666666666666667	2.0444446666666667
23	protein2	44.66666666666666	5.666666666666668	2.4
23	protein3	37.333333333333336	6.0	3.236111
23	r0	4.666666666666667	0.0	0.0
23	r2	6.333333333333332	0.0	0.0
23	rnapol	0.6666666666666666	0.0	0.0
24	__protein1_rbs	4.0	0.0	0.0
24	__protein2_rbs	2.0	0.0	0.0
24	__protein3_rbs	3.6666666666666665	0.0	0.0
24	__ribosome	54.0	0.0	0.0
24	__rnase_site_ext	12.666666666666664	0.0	0.0
24	p0	1.0	0.0	0.0
24	p1	1.0	0.0	0.0
24	p2	1.0	0.0	0.0
24	protein1	40.0	5.0	1.8944443333333332
24	protein2	47.66666666666666	5.666666666666668	3.0666666666666664
24	protein3	41.66666666666666	6.333333333333332	2.975
24	r0	5.333333333333333	0.0	0.0
24	r2	6.666666666666668	0.0	0.0
24	rnapol	0.3333333333333333	0.0	0.0
25	__protein1_rbs	4.666666666666667	0.0	0.0
25	__protein2_rbs	5.333333333333333	0.0	0.0
25	__protein3_rbs	4.0	0.0	0.0
25	__ribosome	52.0	0.0	0.0
25	__rnase_site_ext	12.666666666666664	0.0	0.0
25	p0	1.0	0.0	0.0
25	p1	1.0	0.0	0.0
25	p2	0.6666666666666666	0.0	0.0
25	protein1	44.0	5.333333333333333	1.5
25	protein2	51.0	6.333333333333332	2.9722223333333333
25	protein3	43.66666666666666	6.666666666666668	3.236111
25	r0	5.333333333333333	0.0	0.0
25	r2	6.666666666666668	0.0	0.0
25	rnapol	0.3333333333333333	0.0	0.0
26	__protein1_rbs	4.0	0.0	0.0
26	__protein2_rbs	3.6666666666666665	0.0	0.0
26	__protein3_rbs	5.333333333333333	0.0	0.0
26	__ribosome	51.33333333333334	0.0	0.0
26	__rnase_site_ext	13.666666666666664	0.0	0.0
26	p0	0.3333333333333333	0.0	0.0
26	p1	1.0	0.0	0.0
26	p2	1.0	0.0	0.0
26	protein1	47.66666666666666	5.333333333333333	1.25
26	protein2	54.66666666666666	6.333333333333332	3.2111110000000003
26	protein3	47.66666666666666	7.0	3.1468253333333336
26	r0	5.333333333333333	0.0	0.0
26	r2	7.666666666666668	0.0	0.0
26	rnapol	0.3333333333333333	0.0	0.0
27	__protein1_rbs	3.6666666666666665	0.0	0.0
27	__protein2_rbs	4.0	0.0	0.0
27	__protein3_rbs	5.666666666666668	0.0	0.0
27	__ribosome	49.0	0.0	0.0
27	__rnase_site_ext	14.333333333333336	0.0	0.0
27	p0	1.0	0.0	0.0
27	p1	1.0	0.0	0.0
27	p2	1.0	0.0	0.0
27	protein1	49.33333333333334	6.0	1.5095236666666665
27	protein2	58.33333333333334	6.333333333333332	3.363889
27	protein3	53.0	7.666666666666668	2.7453703333333337
27	r0	6.0	0.0	0.0
27	r2	7.666666666666668	0.0	0.0
27	rnapol	0.3333333333333333	0.0	0.0
28	__protein1_rbs	4.0	0.0	0.0
28	__protein2_rbs	5.0	0.0	0.0
28	__protein3_rbs	3.6666666666666665	0.0	0.0
28	__ribosome	50.33333333333334	0.0	0.0
28	__rnase_site_ext	14.333333333333336	0.0	0.0
28	p0	1.0	0.0	0.0
28	p1	1.0	0.0	0.0
28	p2	1.0	0.0	0.0
28	protein1	51.33333333333334	5.666666666666668	1.6571430000000005
28	protein2	64.33333333333333	7.0	2.6481483333333333
28	protein3	59.0	8.0	2.8115080000000003
28	r0	5.666666666666668	0.0	0.0
28	r2	8.0	0.0	0.0
28	rnapol	0.6666666666666666	0.0	0.0
29	__protein1_rbs	3.0	0.0	0.0
29	__protein2_rbs	3.6666666666666665	0.0	0.0
29	__protein3_rbs	3.0	0.0	0.0
29	__ribosome	46.33333333333334	0.0	0.0
29	__rnase_site_ext	13.0	0.0	0.0
29	p0	0.3333333333333333	0.0	0.0
29	p1	0.3333333333333333	0.0	0.0
29	p2	1.0	0.0	0.0
29	protein1	53.33333333333334	5.333333333333333	2.1190476666666664
29	protein2	69.33333333333333	7.0	2.6666666666666665
29	protein3	63.33333333333334	7.666666666666668	3.175926
29	r0	4.666666666666667	0.0	0.0
29	r2	7.666666666666668	0.0	0.0
29	rnapol	0.6666666666666666	0.0	0.0
30	__protein1_rbs	2.6666666666666665	0.0	0.0
30	__protein2_rbs	5.333333333333333	0.0	0.0
30	__protein3_rbs	5.666666666666668	0.0	0.0
30	__ribosome	47.66666666666666	0.0	0.0
30	__rnase_site_ext	14.666666666666664	0.0	0.0
30	p0	1.0	0.0	0.0
30	p1	1.0	0.0	0.0
30	p2	1.0	0.0	0.0
30	protein1	57.0	6.0	1.975
30	protein2	74.0	7.333333333333332	2.3888890000000003
30	protein3	67.66666666666667	7.666666666666668	2.981481666666667
30	r0	6.0	0.0	0.0
30	r2	7.666666666666668	0.0	0.0
30	rnapol	0.3333333333333333	0.0	0.0
31	__protein1_rbs	3.6666666666666665	0.0	0.0
31	__protein2_rbs	5.333333333333333	0.0	0.0
31	__protein3_rbs	5.0	0.0	0.0
31	__ribosome	46.0	0.0	0.0
31	__rnase_site_ext	15.333333333333336	0.0	0.0
31	p0	1.0	0.0	0.0
31	p1	1.0	0.0	0.0
31	p2	0.3333333333333333	0.0	0.0
31	protein1	60.33333333333334	6.333333333333332	2.0296296666666667
31	protein2	78.0	7.666666666666668	2.253968
31	protein3	72.33333333333333	8.0	2.9916666666666667
31	r0	6.333333333333332	0.0	0.0
31	r2	8.333333333333334	0.0	0.0
31	rnapol	0.6666666666666666	0.0	0.0
32	__protein1_rbs	4.666666666666667	0.0	0.0
32	__protein2_rbs	4.666666666666667	0.0	0.0
32	__protein3_rbs	6.666666666666668	0.0	0.0
32	__ribosome	44.66666666666666	0.0	0.0
32	__rnase_site_ext	15.666666666666664	0.0	0.0
32	p0	1.0	0.0	0.0
32	p1	0.6666666666666666	0.0	0.0
32	p2	1.0	0.0	0.0
32	protein1	63.33333333333334	6.333333333333332	2.066666666666667
32	protein2	82.33333333333333	7.666666666666668	2.4338623333333333
32	protein3	77.66666666666667	9.0	2.6380953333333337
32	r0	6.0	0.0	0.0
32	r2	9.0	0.0	0.0
32	rnapol	0.6666666666666666	0.0	0.0
33	__protein1_rbs	5.666666666666668	0.0	0.0
33	__protein2_rbs	5.666666666666668	0.0	0.0
33	__protein3_rbs	6.333333333333332	0.0	0.0
33	__ribosome	45.33333333333334	0.0	0.0
33	__rnase_site_ext	15.666666666666664	0.0	0.0
33	p0	0.6666666666666666	0.0	0.0
33	p1	0.6666666666666666	0.0	0.0
33	p2	1.0	0.0	0.0
33	protein1	66.66666666666667	6.333333333333332	1.962963
33	protein2	86.0	8.333333333333334	2.3379630000000002
33	protein3	83.66666666666667	8.666666666666666	2.602116333333333
33	r0	6.333333333333332	0.0	0.0
33	r2	8.666666666666666	0.0	0.0
33	rnapol	0.6666666666666666	0.0	0.0
34	__protein1_rbs	4.333333333333333	0.0	0.0
34	__protein2_rbs	5.333333333333333	0.0	0.0
34	__protein3_rbs	6.666666666666668	0.0	0.0
34	__ribosome	42.0	0.0	0.0
34	__rnase_site_ext	15.333333333333336	0.0	0.0
34	p0	1.0	0.0	0.0
34	p1	1.0	0.0	0.0
34	p2	1.0	0.0	0.0
34	protein1	71.66666666666667	6.666666666666668	1.8666666666666665
34	protein2	90.33333333333331	9.0	2.3666666666666667
34	protein3	87.66666666666669	8.0	2.962301333333333
34	r0	6.0	0.0	0.0
34	r2	8.666666666666666	0.0	0.0
34	rnapol	0.6666666666666666	0.0	0.0
35	__protein1_rbs	3.333333333333333	0.0	0.0
35	__protein2_rbs	4.666666666666667	0.0	0.0
35	__protein3_rbs	6.333333333333332	0.0	0.0
35	__ribosome	38.333333333333336	0.0	0.0
35	__rnase_site_ext	16.0	0.0	0.0
35	p0	1.0	0.0	0.0
35	p1	1.0	0.0	0.0
35	p2	1.0	0.0	0.0
35	protein1	75.66666666666667	6.333333333333332	2.120370333333333
35	protein2	95.0	8.666666666666666	2.694444333333333
35	protein3	92.33333333333331	8.666666666666666	2.8666666666666667
35	r0	6.333333333333332	0.0	0.0
35	r2	9.0	0.0	0.0
35	rnapol	0.6666666666666666	0.0	0.0
36	__protein1_rbs	4.666666666666667	0.0	0.0
36	__protein2_rbs	6.0	0.0	0.0
36	__protein3_rbs	7.0	0.0	0.0
36	__ribosome	40.333333333333336	0.0	0.0
36	__rnase_site_ext	16.0	0.0	0.0
36	p0	1.0	0.0	0.0
36	p1	1.0	0.0	0.0
36	p2	1.0	0.0	0.0
36	protein1	78.66666666666667	6.333333333333332	2.25
36	protein2	100.0	8.333333333333334	2.8888890000000003
36	protein3	99.33333333333331	9.0	2.341666666666667
36	r0	6.0	0.0	0.0
36	r2	9.333333333333334	0.0	0.0
36	rnapol	1.3333333333333333	0.0	0.0
37	__protein1_rbs	4.0	0.0	0.0
37	__protein2_rbs	6.0	0.0	0.0
37	__protein3_rbs	6.0	0.0	0.0
37	__ribosome	38.0	0.0	0.0
37	__rnase_site_ext	16.333333333333332	0.0	0.0
37	p0	0.6666666666666666	0.0	0.0
37	p1	1.0	0.0	0.0
37	p2	0.6666666666666666	0.0	0.0
37	protein1	81.33333333333333	6.333333333333332	2.5185186666666666
37	protein2	105.33333333333331	8.333333333333334	2.8981480000000004
37	protein3	105.33333333333331	9.333333333333334	2.327862
37	r0	6.333333333333332	0.0	0.0
37	r2	9.333333333333334	0.0	0.0
37	rnapol	1.0	0.0	0.0
38	__protein1_rbs	4.333333333333333	0.0	0.0
38	__protein2_rbs	5.666666666666668	0.0	0.0
38	__protein3_rbs	7.333333333333332	0.0	0.0
38	__ribosome	36.66666666666666	0.0	0.0
38	__rnase_site_ext	16.666666666666668	0.0	0.0
38	p0	0.6666666666666666	0.0	0.0
38	p1	1.0	0.0	0.0
38	p2	1.0	0.0	0.0
38	protein1	88.0	6.666666666666668	1.9444443333333328
38	protein2	110.0	8.666666666666666	2.995370333333333
38	protein3	109.0	10.0	2.3796293333333334
38	r0	6.333333333333332	0.0	0.0
38	r2	10.0	0.0	0.0
38	rnapol	1.3333333333333333	0.0	0.0
39	__protein1_rbs	3.6666666666666665	0.0	0.0
39	__protein2_rbs	6.333333333333332	0.0	0.0
39	__protein3_rbs	7.333333333333332	0.0	0.0
39	__ribosome	39.333333333333336	0.0	0.0
39	__rnase_site_ext	17.333333333333332	0.0	0.0
39	p0	0.6666666666666666	0.0	0.0
39	p1	1.0	0.0	0.0
39	p2	1.0	0.0	0.0
39	protein1	92.0	7.333333333333332	1.957143
39	protein2	116.0	8.666666666666666	2.7268516666666667
39	protein3	115.33333333333331	10.0	2.2962963333333333
39	r0	7.0	0.0	0.0
39	r2	10.333333333333334	0.0	0.0
39	rnapol	0.6666666666666666	0.0	0.0
40	__protein1_rbs	6.0	0.0	0.0
40	__protein2_rbs	5.666666666666668	0.0	0.0
40	__protein3_rbs	6.666666666666668	0.0	0.0
40	__ribosome	39.0	0.0	0.0
40	__rnase_site_ext	17.666666666666668	0.0	0.0
40	p0	1.0	0.0	0.0
40	p1	1.0	0.0	0.0
40	p2	1.0	0.0	0.0
40	protein1	96.0	7.666666666666668	1.7666666666666668
40	protein2	122.66666666666669	8.333333333333334	2.7619046666666662
40	protein3	118.66666666666669	10.333333333333334	2.433333333333333
40	r0	7.333333333333332	0.0	0.0
40	r2	10.333333333333334	0.0	0.0
40	rnapol	1.0	0.0	0.0
41	__protein1_rbs	4.666666666666667	0.0	0.0
41	__protein2_rbs	5.333333333333333	0.0	0.0
41	__protein3_rbs	6.333333333333332	0.0	0.0
41	__ribosome	36.333333333333336	0.0	0.0
41	__rnase_site_ext	18.0	0.0	0.0
41	p0	0.6666666666666666	0.0	0.0
41	p1	0.3333333333333333	0.0	0.0
41	p2	1.0	0.0	0.0
41	protein1	99.33333333333331	7.0	2.2642856666666664
41	protein2	128.0	8.333333333333334	2.656084666666666
41	protein3	124.0	10.333333333333334	2.555555666666667
41	r0	7.333333333333332	0.0	0.0
41	r2	10.666666666666666	0.0	0.0
41	rnapol	1.3333333333333333	0.0	0.0
42	__protein1_rbs	5.0	0.0	0.0
42	__protein2_rbs	6.666666666666668	0.0	0.0
42	__protein3_rbs	9.333333333333334	0.0	0.0
42	__ribosome	39.66666666666666	0.0	0.0
42	__rnase_site_ext	18.0	0.0	0.0
42	p0	0.6666666666666666	0.0	0.0
42	p1	1.0	0.0	0.0
42	p2	1.0	0.0	0.0
42	protein1	103.33333333333331	7.333333333333332	2.0142856666666664
42	protein2	133.66666666666666	8.666666666666666	2.371957666666667
42	protein3	131.33333333333334	10.666666666666666	2.349326666666667
42	r0	7.333333333333332	0.0	0.0
42	r2	10.666666666666666	0.0	0.0
42	rnapol	1.0	0.0	0.0
43	__protein1_rbs	5.333333333333333	0.0	0.0
43	__protein2_rbs	7.666666666666668	0.0	0.0
43	__protein3_rbs	7.333333333333332	0.0	0.0
43	__ribosome	40.0	0.0	0.0
43	__rnase_site_ext	18.33333333333333	0.0	0.0
43	p0	0.6666666666666666	0.0	0.0
43	p1	1.0	0.0	0.0
43	p2	1.0	0.0	0.0
43	protein1	108.33333333333331	7.666666666666668	1.7444443333333333
43	protein2	139.0	9.333333333333334	2.1792206666666667
43	protein3	137.33333333333334	10.666666666666666	2.4882156666666666
43	r0	7.333333333333332	0.0	0.0
43	r2	10.666666666666666	0.0	0.0
43	rnapol	0.6666666666666666	0.0	0.0
44	__protein1_rbs	5.666666666666668	0.0	0.0
44	__protein2_rbs	7.333333333333332	0.0	0.0
44	__protein3_rbs	8.666666666666666	0.0	0.0
44	__ribosome	37.0	0.0	0.0
44	__rnase_site_ext	18.33333333333333	0.0	0.0
44	p0	1.0	0.0	0.0
44	p1	0.3333333333333333	0.0	0.0
44	p2	1.0	0.0	0.0
44	protein1	111.66666666666669	8.0	1.8472223333333333
44	protein2	143.66666666666666	9.666666666666666	2.1219696666666668
44	protein3	142.0	10.333333333333334	2.6599326666666667
44	r0	7.666666666666668	0.0	0.0
44	r2	10.333333333333334	0.0	0.0
44	rnapol	0.6666666666666666	0.0	0.0
45	__protein1_rbs	5.333333333333333	0.0	0.0
45	__protein2_rbs	7.666666666666668	0.0	0.0
45	__protein3_rbs	6.333333333333332	0.0	0.0
45	__ribosome	36.333333333333336	0.0	0.0
45	__rnase_site_ext	18.33333333333333	0.0	0.0
45	p0	1.0	0.0	0.0
45	p1	0.6666666666666666	0.0	0.0
45	p2	0.6666666666666666	0.0	0.0
45	protein1	116.0	8.0	2.0277776666666667
45	protein2	149.33333333333334	10.0	2.041077666666667
45	protein3	148.33333333333334	10.333333333333334	2.6228960000000003
45	r0	7.666666666666668	0.0	0.0
45	r2	10.666666666666666	0.0	0.0
45	rnapol	0.6666666666666666	0.0	0.0
46	__protein1_rbs	6.0	0.0	0.0
46	__protein2_rbs	6.333333333333332	0.0	0.0
46	__protein3_rbs	9.666666666666666	0.0	0.0
46	__ribosome	38.0	0.0	0.0
46	__rnase_site_ext	19.33333333333333	0.0	0.0
46	p0	1.0	0.0	0.0
46	p1	1.0	0.0	0.0
46	p2	0.6666666666666666	0.0	0.0
46	protein1	121.0	8.0	1.8722223333333328
46	protein2	154.0	10.333333333333334	2.148485
46	protein3	154.0	11.0	2.2962966666666667
46	r0	8.0	0.0	0.0
46	r2	11.666666666666664	0.0	0.0
46	rnapol	0.6666666666666666	0.0	0.0
47	__protein1_rbs	5.333333333333333	0.0	0.0
47	__protein2_rbs	7.666666666666668	0.0	0.0
47	__protein3_rbs	8.666666666666666	0.0	0.0
47	__ribosome	36.0	0.0	0.0
47	__rnase_site_ext	19.33333333333333	0.0	0.0
47	p0	1.0	0.0	0.0
47	p1	1.0	0.0	0.0
47	p2	1.0	0.0	0.0
47	protein1	125.33333333333331	8.333333333333334	1.895202
47	protein2	158.66666666666666	10.333333333333334	2.375757666666667
47	protein3	161.33333333333334	12.0	1.9928126666666668
47	r0	7.666666666666668	0.0	0.0
47	r2	12.0	0.0	0.0
47	rnapol	0.3333333333333333	0.0	0.0
48	__protein1_rbs	5.666666666666668	0.0	0.0
48	__protein2_rbs	6.0	0.0	0.0
48	__protein3_rbs	6.666666666666668	0.0	0.0
48	__ribosome	35.666666666666664	0.0	0.0
48	__rnase_site_ext	20.0	0.0	0.0
48	p0	1.0	0.0	0.0
48	p1	1.0	0.0	0.0
48	p2	0.6666666666666666	0.0	0.0
48	protein1	130.33333333333334	8.333333333333334	1.8320706666666664
48	protein2	164.0	10.0	2.5276096666666668
48	protein3	168.66666666666666	12.0	2.0184536666666664
48	r0	8.333333333333334	0.0	0.0
48	r2	12.0	0.0	0.0
48	rnapol	0.3333333333333333	0.0	0.0
49	__protein1_rbs	6.0	0.0	0.0
49	__protein2_rbs	5.666666666666668	0.0	0.0
49	__protein3_rbs	8.0	0.0	0.0
49	__ribosome	31.0	0.0	0.0
49	__rnase_site_ext	19.666666666666668	0.0	0.0
49	p0	1.0	0.0	0.0
49	p1	0.6666666666666666	0.0	0.0
49	p2	0.6666666666666666	0.0	0.0
49	protein1	134.33333333333334	8.333333333333334	1.989899
49	protein2	169.0	9.666666666666666	2.7555556666666665
49	protein3	172.33333333333337	12.333333333333336	2.128205
49	r0	8.0	0.0	0.0
49	r2	12.333333333333336	0.0	0.0
49	rnapol	1.0	0.0	0.0
50	__protein1_rbs	6.666666666666668	0.0	0.0
50	__protein2_rbs	7.0	0.0	0.0
50	__protein3_rbs	10.0	0.0	0.0
50	__ribosome	34.0	0.0	0.0
50	__rnase_site_ext	20.666666666666668	0.0	0.0
50	p0	1.0	0.0	0.0
50	p1	1.0	0.0	0.0
50	p2	0.3333333333333333	0.0	0.0
50	protein1	138.66666666666666	8.666666666666666	1.8055556666666668
50	protein2	175.0	9.666666666666666	2.6555556666666664
50	protein3	177.0	12.666666666666664	2.0170939999999997
50	r0	9.0	0.0	0.0
50	r2	12.333333333333336	0.0	0.0
50	rnapol	1.0	0.0	0.0
51	__protein1_rbs	6.333333333333332	0.0	0.0
51	__protein2_rbs	8.333333333333334	0.0	0.0
51	__protein3_rbs	10.333333333333334	0.0	0.0
51	__ribosome	37.66666666666666	0.0	0.0
51	__rnase_site_ext	22.0	0.0	0.0
51	p0	1.0	0.0	0.0
51	p1	1.0	0.0	0.0
51	p2	1.0	0.0	0.0
51	protein1	144.33333333333334	9.666666666666666	1.386904666666667
51	protein2	181.66666666666663	10.333333333333334	2.296969666666667
51	protein3	183.0	12.666666666666664	2.0384616666666666
51	r0	9.666666666666666	0.0	0.0
51	r2	13.0	0.0	0.0
51	rnapol	0.0	0.0	0.0
52	__protein1_rbs	5.666666666666668	0.0	0.0
52	__protein2_rbs	8.666666666666666	0.0	0.0
52	__protein3_rbs	9.333333333333334	0.0	0.0
52	__ribosome	35.666666666666664	0.0	0.0
52	__rnase_site_ext	20.0	0.0	0.0
52	p0	1.0	0.0	0.0
52	p1	1.0	0.0	0.0
52	p2	1.0	0.0	0.0
52	protein1	149.0	9.333333333333334	1.5370876666666666
52	protein2	188.0	10.666666666666666	2.154545333333333
52	protein3	188.66666666666663	12.333333333333336	2.2470863333333333
52	r0	8.333333333333334	0.0	0.0
52	r2	12.333333333333336	0.0	0.0
52	rnapol	0.3333333333333333	0.0	0.0
53	__protein1_rbs	7.333333333333332	0.0	0.0
53	__protein2_rbs	7.333333333333332	0.0	0.0
53	__protein3_rbs	8.333333333333334	0.0	0.0
53	__ribosome	35.0	0.0	0.0
53	__rnase_site_ext	20.666666666666668	0.0	0.0
53	p0	1.0	0.0	0.0
53	p1	0.3333333333333333	0.0	0.0
53	p2	1.0	0.0	0.0
53	protein1	152.66666666666666	9.333333333333334	1.5650183333333334
53	protein2	194.33333333333331	10.666666666666666	2.063636333333333
53	protein3	194.66666666666663	12.333333333333336	2.375291333333333
53	r0	9.0	0.0	0.0
53	r2	12.333333333333336	0.0	0.0
53	rnapol	0.3333333333333333	0.0	0.0
54	__protein1_rbs	7.333333333333332	0.0	0.0
54	__protein2_rbs	9.333333333333334	0.0	0.0
54	__protein3_rbs	8.0	0.0	0.0
54	__ribosome	31.66666666666667	0.0	0.0
54	__rnase_site_ext	21.0	0.0	0.0
54	p0	1.0	0.0	0.0
54	p1	0.6666666666666666	0.0	0.0
54	p2	1.0	0.0	0.0
54	protein1	155.0	9.333333333333334	1.893773
54	protein2	200.66666666666663	11.666666666666664	1.820512666666667
54	protein3	201.33333333333331	12.333333333333336	2.463869666666667
54	r0	9.333333333333334	0.0	0.0
54	r2	12.333333333333336	0.0	0.0
54	rnapol	1.3333333333333333	0.0	0.0
55	__protein1_rbs	6.333333333333332	0.0	0.0
55	__protein2_rbs	8.0	0.0	0.0
55	__protein3_rbs	9.666666666666666	0.0	0.0
55	__ribosome	29.33333333333333	0.0	0.0
55	__rnase_site_ext	21.33333333333333	0.0	0.0
55	p0	0.6666666666666666	0.0	0.0
55	p1	1.0	0.0	0.0
55	p2	1.0	0.0	0.0
55	protein1	160.0	9.333333333333334	1.8580586666666663
55	protein2	205.0	11.666666666666664	2.0272726666666667
55	protein3	207.0	12.0	2.5856643333333333
55	r0	9.333333333333334	0.0	0.0
55	r2	12.0	0.0	0.0
55	rnapol	1.3333333333333333	0.0	0.0
56	__protein1_rbs	7.0	0.0	0.0
56	__protein2_rbs	10.0	0.0	0.0
56	__protein3_rbs	10.333333333333334	0.0	0.0
56	__ribosome	31.66666666666667	0.0	0.0
56	__rnase_site_ext	22.0	0.0	0.0
56	p0	1.0	0.0	0.0
56	p1	1.0	0.0	0.0
56	p2	0.6666666666666666	0.0	0.0
56	protein1	165.66666666666666	9.666666666666666	1.4440376666666666
56	protein2	210.33333333333331	12.666666666666664	1.9863636666666664
56	protein3	213.0	12.0	2.443861333333333
56	r0	9.666666666666666	0.0	0.0
56	r2	12.0	0.0	0.0
56	rnapol	0.6666666666666666	0.0	0.0
57	__protein1_rbs	8.333333333333334	0.0	0.0
57	__protein2_rbs	10.0	0.0	0.0
57	__protein3_rbs	8.666666666666666	0.0	0.0
57	__ribosome	30.66666666666667	0.0	0.0
57	__rnase_site_ext	22.66666666666667	0.0	0.0
57	p0	1.0	0.0	0.0
57	p1	1.0	0.0	0.0
57	p2	0.6666666666666666	0.0	0.0
57	protein1	170.0	10.0	1.4173786666666668
57	protein2	214.66666666666663	13.0	1.9543123333333328
57	protein3	220.0	12.333333333333336	2.433621666666667
57	r0	10.0	0.0	0.0
57	r2	12.333333333333336	0.0	0.0
57	rnapol	1.0	0.0	0.0
58	__protein1_rbs	6.333333333333332	0.0	0.0
58	__protein2_rbs	8.666666666666666	0.0	0.0
58	__protein3_rbs	10.333333333333334	0.0	0.0
58	__ribosome	32.0	0.0	0.0
58	__rnase_site_ext	22.66666666666667	0.0	0.0
58	p0	1.0	0.0	0.0
58	p1	0.6666666666666666	0.0	0.0
58	p2	0.6666666666666666	0.0	0.0
58	protein1	175.0	9.666666666666666	1.445512666666667
58	protein2	220.66666666666663	13.0	2.1154623333333333
58	protein3	228.0	12.666666666666664	2.0714286666666664
58	r0	9.333333333333334	0.0	0.0
58	r2	13.0	0.0	0.0
58	rnapol	0.6666666666666666	0.0	0.0
59	__protein1_rbs	6.666666666666668	0.0	0.0
59	__protein2_rbs	11.0	0.0	0.0
59	__protein3_rbs	10.333333333333334	0.0	0.0
59	__ribosome	34.333333333333336	0.0	0.0
59	__rnase_site_ext	22.66666666666667	0.0	0.0
59	p0	1.0	0.0	0.0
59	p1	1.0	0.0	0.0
59	p2	0.6666666666666666	0.0	0.0
59	protein1	178.66666666666663	10.333333333333334	1.4133596666666666
59	protein2	228.33333333333331	13.666666666666664	1.8603176666666663
59	protein3	236.0	13.0	1.948718
59	r0	10.0	0.0	0.0
59	r2	13.333333333333336	0.0	0.0
59	rnapol	0.0	0.0	0.0
60	__protein1_rbs	8.0	0.0	0.0
60	__protein2_rbs	8.333333333333334	0.0	0.0
60	__protein3_rbs	9.333333333333334	0.0	0.0
60	__ribosome	29.33333333333333	0.0	0.0
60	__rnase_site_ext	23.0	0.0	0.0
60	p0	1.0	0.0	0.0
60	p1	1.0	0.0	0.0
60	p2	1.0	0.0	0.0
60	protein1	182.33333333333331	10.333333333333334	1.5641026666666669
60	protein2	235.0	13.0	2.1341993333333336
60	protein3	241.66666666666663	13.666666666666664	1.9798533333333332
60	r0	10.333333333333334	0.0	0.0
60	r2	13.666666666666664	0.0	0.0
60	rnapol	0.3333333333333333	0.0	0.0
61	__protein1_rbs	7.666666666666668	0.0	0.0
61	__protein2_rbs	10.666666666666666	0.0	0.0
61	__protein3_rbs	11.333333333333336	0.0	0.0
61	__ribosome	29.33333333333333	0.0	0.0
61	__rnase_site_ext	22.33333333333333	0.0	0.0
61	p0	1.0	0.0	0.0
61	p1	1.0	0.0	0.0
61	p2	1.0	0.0	0.0
61	protein1	186.66666666666663	10.0	1.6196583333333334
61	protein2	241.0	13.333333333333336	2.0
61	protein3	247.33333333333331	13.333333333333336	2.102564
61	r0	9.666666666666666	0.0	0.0
61	r2	13.333333333333336	0.0	0.0
61	rnapol	0.6666666666666666	0.0	0.0
62	__protein1_rbs	7.0	0.0	0.0
62	__protein2_rbs	9.666666666666666	0.0	0.0
62	__protein3_rbs	10.333333333333334	0.0	0.0
62	__ribosome	28.66666666666667	0.0	0.0
62	__rnase_site_ext	23.0	0.0	0.0
62	p0	1.0	0.0	0.0
62	p1	1.0	0.0	0.0
62	p2	1.0	0.0	0.0
62	protein1	192.0	9.666666666666666	1.6475376666666666
62	protein2	246.0	13.333333333333336	2.031746333333333
62	protein3	252.33333333333331	13.0	2.2445056666666665
62	r0	10.333333333333334	0.0	0.0
62	r2	13.333333333333336	0.0	0.0
62	rnapol	1.3333333333333333	0.0	0.0
63	__protein1_rbs	7.333333333333332	0.0	0.0
63	__protein2_rbs	11.333333333333336	0.0	0.0
63	__protein3_rbs	10.333333333333334	0.0	0.0
63	__ribosome	29.33333333333333	0.0	0.0
63	__rnase_site_ext	22.33333333333333	0.0	0.0
63	p0	1.0	0.0	0.0
63	p1	1.0	0.0	0.0
63	p2	0.6666666666666666	0.0	0.0
63	protein1	198.0	10.0	1.3644686666666666
63	protein2	252.0	14.0	1.9605616666666668
63	protein3	259.0	13.666666666666664	2.204762
63	r0	9.666666666666666	0.0	0.0
63	r2	13.333333333333336	0.0	0.0
63	rnapol	1.0	0.0	0.0
64	__protein1_rbs	7.666666666666668	0.0	0.0
64	__protein2_rbs	11.0	0.0	0.0
64	__protein3_rbs	10.0	0.0	0.0
64	__ribosome	28.33333333333333	0.0	0.0
64	__rnase_site_ext	23.0	0.0	0.0
64	p0	0.6666666666666666	0.0	0.0
64	p1	1.0	0.0	0.0
64	p2	1.0	0.0	0.0
64	protein1	202.0	10.0	1.3787543333333332
64	protein2	260.0	14.666666666666664	1.834615333333333
64	protein3	265.3333333333333	13.666666666666664	2.31453
64	r0	9.666666666666666	0.0	0.0
64	r2	13.666666666666664	0.0	0.0
64	rnapol	0.6666666666666666	0.0	0.0
65	__protein1_rbs	8.666666666666666	0.0	0.0
65	__protein2_rbs	11.333333333333336	0.0	0.0
65	__protein3_rbs	9.666666666666666	0.0	0.0
65	__ribosome	30.0	0.0	0.0
65	__rnase_site_ext	24.0	0.0	0.0
65	p0	1.0	0.0	0.0
65	p1	1.0	0.0	0.0
65	p2	1.0	0.0	0.0
65	protein1	206.33333333333331	10.333333333333334	1.1942306666666669
65	protein2	266.6666666666667	14.666666666666664	1.8790596666666664
65	protein3	274.3333333333333	13.666666666666664	2.1948716666666663
65	r0	10.333333333333334	0.0	0.0
65	r2	14.0	0.0	0.0
65	rnapol	0.3333333333333333	0.0	0.0
66	__protein1_rbs	9.0	0.0	0.0
66	__protein2_rbs	11.333333333333336	0.0	0.0
66	__protein3_rbs	11.333333333333336	0.0	0.0
66	__ribosome	28.33333333333333	0.0	0.0
66	__rnase_site_ext	24.0	0.0	0.0
66	p0	1.0	0.0	0.0
66	p1	1.0	0.0	0.0
66	p2	0.6666666666666666	0.0	0.0
66	protein1	210.33333333333331	10.333333333333334	1.2878206666666667
66	protein2	272.3333333333333	14.666666666666664	1.928953
66	protein3	279.6666666666667	14.0	2.138583333333333
66	r0	10.333333333333334	0.0	0.0
66	r2	14.0	0.0	0.0
66	rnapol	0.6666666666666666	0.0	0.0
67	__protein1_rbs	6.666666666666668	0.0	0.0
67	__protein2_rbs	12.666666666666664	0.0	0.0
67	__protein3_rbs	11.333333333333336	0.0	0.0
67	__ribosome	28.66666666666667	0.0	0.0
67	__rnase_site_ext	24.33333333333333	0.0	0.0
67	p0	1.0	0.0	0.0
67	p1	1.0	0.0	0.0
67	p2	0.6666666666666666	0.0	0.0
67	protein1	214.0	10.333333333333334	1.4282050000000002
67	protein2	279.6666666666667	14.666666666666664	1.9214743333333333
67	protein3	288.0	14.333333333333336	1.995879
67	r0	10.666666666666666	0.0	0.0
67	r2	14.666666666666664	0.0	0.0
67	rnapol	1.0	0.0	0.0
68	__protein1_rbs	9.0	0.0	0.0
68	__protein2_rbs	11.0	0.0	0.0
68	__protein3_rbs	11.0	0.0	0.0
68	__ribosome	27.66666666666667	0.0	0.0
68	__rnase_site_ext	24.0	0.0	0.0
68	p0	0.6666666666666666	0.0	0.0
68	p1	1.0	0.0	0.0
68	p2	1.0	0.0	0.0
68	protein1	218.33333333333331	10.333333333333334	1.4245013333333332
68	protein2	285.6666666666667	14.666666666666664	1.9457263333333328
68	protein3	293.6666666666667	14.666666666666664	2.0031746666666668
68	r0	10.0	0.0	0.0
68	r2	15.333333333333336	0.0	0.0
68	rnapol	0.0	0.0	0.0
69	__protein1_rbs	9.0	0.0	0.0
69	__protein2_rbs	10.666666666666666	0.0	0.0
69	__protein3_rbs	11.333333333333336	0.0	0.0
69	__ribosome	31.0	0.0	0.0
69	__rnase_site_ext	24.33333333333333	0.0	0.0
69	p0	1.0	0.0	0.0
69	p1	0.6666666666666666	0.0	0.0
69	p2	1.0	0.0	0.0
69	protein1	223.33333333333331	10.666666666666666	1.253846
69	protein2	293.6666666666667	14.333333333333336	1.8708333333333336
69	protein3	300.3333333333333	15.666666666666664	1.838889
69	r0	10.666666666666666	0.0	0.0
69	r2	15.333333333333336	0.0	0.0
69	rnapol	0.6666666666666666	0.0	0.0
70	__protein1_rbs	7.0	0.0	0.0
70	__protein2_rbs	11.0	0.0	0.0
70	__protein3_rbs	12.666666666666664	0.0	0.0
70	__ribosome	29.33333333333333	0.0	0.0
70	__rnase_site_ext	23.66666666666667	0.0	0.0
70	p0	0.6666666666666666	0.0	0.0
70	p1	0.6666666666666666	0.0	0.0
70	p2	1.0	0.0	0.0
70	protein1	227.0	10.333333333333334	1.5296296666666669
70	protein2	299.6666666666667	14.666666666666664	1.875
70	protein3	307.6666666666667	15.333333333333336	1.7797619999999998
70	r0	9.666666666666666	0.0	0.0
70	r2	15.333333333333336	0.0	0.0
70	rnapol	0.3333333333333333	0.0	0.0
71	__protein1_rbs	7.0	0.0	0.0
71	__protein2_rbs	11.666666666666664	0.0	0.0
71	__protein3_rbs	11.333333333333336	0.0	0.0
71	__ribosome	27.66666666666667	0.0	0.0
71	__rnase_site_ext	25.0	0.0	0.0
71	p0	1.0	0.0	0.0
71	p1	0.6666666666666666	0.0	0.0
71	p2	1.0	0.0	0.0
71	protein1	231.66666666666663	10.666666666666666	1.6424503333333331
71	protein2	306.6666666666667	14.666666666666664	1.872543
71	protein3	314.6666666666667	15.333333333333336	1.800595333333333
71	r0	11.0	0.0	0.0
71	r2	15.333333333333336	0.0	0.0
71	rnapol	0.0	0.0	0.0
72	__protein1_rbs	8.333333333333334	0.0	0.0
72	__protein2_rbs	10.666666666666666	0.0	0.0
72	__protein3_rbs	12.666666666666664	0.0	0.0
72	__ribosome	27.33333333333333	0.0	0.0
72	__rnase_site_ext	25.0	0.0	0.0
72	p0	1.0	0.0	0.0
72	p1	1.0	0.0	0.0
72	p2	0.3333333333333333	0.0	0.0
72	protein1	236.66666666666663	11.0	1.6915343333333333
72	protein2	313.3333333333333	15.0	1.9071893333333332
72	protein3	320.6666666666667	15.333333333333336	1.7180556666666666
72	r0	11.0	0.0	0.0
72	r2	15.333333333333336	0.0	0.0
72	rnapol	0.6666666666666666	0.0	0.0
73	__protein1_rbs	9.333333333333334	0.0	0.0
73	__protein2_rbs	12.333333333333336	0.0	0.0
73	__protein3_rbs	10.666666666666666	0.0	0.0
73	__ribosome	23.33333333333333	0.0	0.0
73	__rnase_site_ext	25.33333333333333	0.0	0.0
73	p0	1.0	0.0	0.0
73	p1	1.0	0.0	0.0
73	p2	1.0	0.0	0.0
73	protein1	241.33333333333331	11.333333333333336	1.681096666666667
73	protein2	319.0	14.666666666666664	1.976797666666667
73	protein3	326.0	16.0	1.8566176666666667
73	r0	11.0	0.0	0.0
73	r2	16.0	0.0	0.0
73	rnapol	0.3333333333333333	0.0	0.0
74	__protein1_rbs	9.333333333333334	0.0	0.0
74	__protein2_rbs	12.333333333333336	0.0	0.0
74	__protein3_rbs	11.333333333333336	0.0	0.0
74	__ribosome	29.66666666666667	0.0	0.0
74	__rnase_site_ext	25.33333333333333	0.0	0.0
74	p0	1.0	0.0	0.0
74	p1	1.0	0.0	0.0
74	p2	1.0	0.0	0.0
74	protein1	248.33333333333331	11.0	1.433048333333333
74	protein2	327.0	14.333333333333336	1.7444443333333333
74	protein3	333.0	15.666666666666664	1.938562
74	r0	11.0	0.0	0.0
74	r2	16.333333333333332	0.0	0.0
74	rnapol	0.3333333333333333	0.0	0.0
75	__protein1_rbs	7.666666666666668	0.0	0.0
75	__protein2_rbs	11.666666666666664	0.0	0.0
75	__protein3_rbs	11.666666666666664	0.0	0.0
75	__ribosome	26.33333333333333	0.0	0.0
75	__rnase_site_ext	25.0	0.0	0.0
75	p0	1.0	0.0	0.0
75	p1	0.6666666666666666	0.0	0.0
75	p2	1.0	0.0	0.0
75	protein1	253.66666666666663	10.666666666666666	1.6686606666666666
75	protein2	334.3333333333333	15.333333333333336	1.639706
75	protein3	338.6666666666667	16.333333333333332	1.9191176666666667
75	r0	10.666666666666666	0.0	0.0
75	r2	16.333333333333332	0.0	0.0
75	rnapol	1.0	0.0	0.0
76	__protein1_rbs	7.0	0.0	0.0
76	__protein2_rbs	11.333333333333336	0.0	0.0
76	__protein3_rbs	12.333333333333336	0.0	0.0
76	__ribosome	26.33333333333333	0.0	0.0
76	__rnase_site_ext	24.66666666666667	0.0	0.0
76	p0	0.6666666666666666	0.0	0.0
76	p1	1.0	0.0	0.0
76	p2	1.0	0.0	0.0
76	protein1	258.6666666666667	10.666666666666666	1.7492880000000002
76	protein2	342.0	15.0	1.584936
76	protein3	345.66666666666674	16.333333333333332	1.917892
76	r0	10.0	0.0	0.0
76	r2	16.666666666666668	0.0	0.0
76	rnapol	0.6666666666666666	0.0	0.0
77	__protein1_rbs	8.0	0.0	0.0
77	__protein2_rbs	12.0	0.0	0.0
77	__protein3_rbs	13.333333333333336	0.0	0.0
77	__ribosome	23.66666666666667	0.0	0.0
77	__rnase_site_ext	26.0	0.0	0.0
77	p0	1.0	0.0	0.0
77	p1	1.0	0.0	0.0
77	p2	1.0	0.0	0.0
77	protein1	263.3333333333333	11.0	1.723077
77	protein2	347.0	15.333333333333336	1.7148149999999998
77	protein3	352.33333333333326	16.333333333333332	1.9313726666666664
77	r0	11.333333333333336	0.0	0.0
77	r2	16.333333333333332	0.0	0.0
77	rnapol	0.3333333333333333	0.0	0.0
78	__protein1_rbs	9.0	0.0	0.0
78	__protein2_rbs	11.333333333333336	0.0	0.0
78	__protein3_rbs	12.333333333333336	0.0	0.0
78	__ribosome	25.33333333333333	0.0	0.0
78	__rnase_site_ext	25.66666666666667	0.0	0.0
78	p0	1.0	0.0	0.0
78	p1	1.0	0.0	0.0
78	p2	1.0	0.0	0.0
78	protein1	269.6666666666667	11.666666666666664	1.4079256666666666
78	protein2	352.0	15.333333333333336	1.81453
78	protein3	359.66666666666674	16.333333333333332	1.8651959999999999
78	r0	11.333333333333336	0.0	0.0
78	r2	16.333333333333332	0.0	0.0
78	rnapol	0.6666666666666666	0.0	0.0
79	__protein1_rbs	9.666666666666666	0.0	0.0
79	__protein2_rbs	12.0	0.0	0.0
79	__protein3_rbs	13.333333333333336	0.0	0.0
79	__ribosome	27.0	0.0	0.0
79	__rnase_site_ext	26.33333333333333	0.0	0.0
79	p0	1.0	0.0	0.0
79	p1	0.6666666666666666	0.0	0.0
79	p2	1.0	0.0	0.0
79	protein1	275.3333333333333	11.333333333333336	1.3737376666666667
79	protein2	358.66666666666674	15.0	1.788889
79	protein3	367.0	16.333333333333332	1.889706
79	r0	11.333333333333336	0.0	0.0
79	r2	16.666666666666668	0.0	0.0
79	rnapol	0.3333333333333333	0.0	0.0
80	__protein1_rbs	8.0	0.0	0.0
80	__protein2_rbs	13.333333333333336	0.0	0.0
80	__protein3_rbs	11.666666666666664	0.0	0.0
80	__ribosome	27.0	0.0	0.0
80	__rnase_site_ext	26.66666666666667	0.0	0.0
80	p0	0.6666666666666666	0.0	0.0
80	p1	0.3333333333333333	0.0	0.0
80	p2	1.0	0.0	0.0
80	protein1	281.0	11.666666666666664	1.310023
80	protein2	365.33333333333326	15.666666666666664	1.689418
80	protein3	376.0	16.666666666666668	1.8541666666666667
80	r0	11.666666666666664	0.0	0.0
80	r2	16.666666666666668	0.0	0.0
80	rnapol	1.0	0.0	0.0
81	__protein1_rbs	10.666666666666666	0.0	0.0
81	__protein2_rbs	11.0	0.0	0.0
81	__protein3_rbs	14.333333333333336	0.0	0.0
81	__ribosome	27.0	0.0	0.0
81	__rnase_site_ext	27.33333333333333	0.0	0.0
81	p0	1.0	0.0	0.0
81	p1	1.0	0.0	0.0
81	p2	1.0	0.0	0.0
81	protein1	284.0	12.0	1.3183763333333334
81	protein2	371.33333333333326	15.666666666666664	1.7915343333333331
81	protein3	383.33333333333326	17.0	1.7081970000000002
81	r0	12.0	0.0	0.0
81	r2	16.666666666666668	0.0	0.0
81	rnapol	0.3333333333333333	0.0	0.0
82	__protein1_rbs	10.666666666666666	0.0	0.0
82	__protein2_rbs	12.0	0.0	0.0
82	__protein3_rbs	12.333333333333336	0.0	0.0
82	__ribosome	25.33333333333333	0.0	0.0
82	__rnase_site_ext	27.66666666666667	0.0	0.0
82	p0	1.0	0.0	0.0
82	p1	1.0	0.0	0.0
82	p2	1.0	0.0	0.0
82	protein1	289.3333333333333	12.333333333333336	1.267094
82	protein2	378.33333333333326	15.666666666666664	1.732804
82	protein3	389.0	16.666666666666668	1.9444443333333328
82	r0	12.333333333333336	0.0	0.0
82	r2	16.666666666666668	0.0	0.0
82	rnapol	0.3333333333333333	0.0	0.0
83	__protein1_rbs	10.0	0.0	0.0
83	__protein2_rbs	10.666666666666666	0.0	0.0
83	__protein3_rbs	12.0	0.0	0.0
83	__ribosome	23.33333333333333	0.0	0.0
83	__rnase_site_ext	27.0	0.0	0.0
83	p0	1.0	0.0	0.0
83	p1	0.6666666666666666	0.0	0.0
83	p2	0.6666666666666666	0.0	0.0
83	protein1	295.3333333333333	12.0	1.3611113333333331
83	protein2	385.0	15.666666666666664	1.7497356666666668
83	protein3	395.66666666666674	16.0	2.0625
83	r0	11.666666666666664	0.0	0.0
83	r2	16.333333333333332	0.0	0.0
83	rnapol	0.6666666666666666	0.0	0.0
84	__protein1_rbs	9.333333333333334	0.0	0.0
84	__protein2_rbs	12.666666666666664	0.0	0.0
84	__protein3_rbs	14.0	0.0	0.0
84	__ribosome	24.66666666666667	0.0	0.0
84	__rnase_site_ext	26.66666666666667	0.0	0.0
84	p0	1.0	0.0	0.0
84	p1	1.0	0.0	0.0
84	p2	1.0	0.0	0.0
84	protein1	299.3333333333333	11.666666666666664	1.5050503333333334
84	protein2	392.0	16.0	1.7037036666666667
84	protein3	403.66666666666674	16.333333333333332	1.8366013333333333
84	r0	11.666666666666664	0.0	0.0
84	r2	16.0	0.0	0.0
84	rnapol	1.0	0.0	0.0
85	__protein1_rbs	9.333333333333334	0.0	0.0
85	__protein2_rbs	11.666666666666664	0.0	0.0
85	__protein3_rbs	13.333333333333336	0.0	0.0
85	__ribosome	21.33333333333333	0.0	0.0
85	__rnase_site_ext	27.33333333333333	0.0	0.0
85	p0	1.0	0.0	0.0
85	p1	1.0	0.0	0.0
85	p2	1.0	0.0	0.0
85	protein1	304.3333333333333	11.666666666666664	1.4747473333333332
85	protein2	398.0	17.0	1.769737
85	protein3	409.0	16.0	1.9383170000000003
85	r0	11.666666666666664	0.0	0.0
85	r2	15.666666666666664	0.0	0.0
85	rnapol	0.6666666666666666	0.0	0.0
86	__protein1_rbs	8.0	0.0	0.0
86	__protein2_rbs	15.666666666666664	0.0	0.0
86	__protein3_rbs	12.333333333333336	0.0	0.0
86	__ribosome	24.66666666666667	0.0	0.0
86	__rnase_site_ext	28.0	0.0	0.0
86	p0	1.0	0.0	0.0
86	p1	1.0	0.0	0.0
86	p2	1.0	0.0	0.0
86	protein1	309.6666666666667	12.0	1.4722223333333335
86	protein2	404.0	17.333333333333332	1.7042483333333334
86	protein3	417.66666666666674	15.666666666666664	1.7882353333333334
86	r0	12.333333333333336	0.0	0.0
86	r2	15.666666666666664	0.0	0.0
86	rnapol	0.0	0.0	0.0
87	__protein1_rbs	9.666666666666666	0.0	0.0
87	__protein2_rbs	12.333333333333336	0.0	0.0
87	__protein3_rbs	12.0	0.0	0.0
87	__ribosome	26.0	0.0	0.0
87	__rnase_site_ext	28.33333333333333	0.0	0.0
87	p0	1.0	0.0	0.0
87	p1	1.0	0.0	0.0
87	p2	0.6666666666666666	0.0	0.0
87	protein1	315.6666666666667	12.666666666666664	1.3015873333333334
87	protein2	410.33333333333326	17.333333333333332	1.8127450000000005
87	protein3	425.33333333333326	15.666666666666664	1.6823530000000002
87	r0	12.666666666666664	0.0	0.0
87	r2	15.666666666666664	0.0	0.0
87	rnapol	0.0	0.0	0.0
88	__protein1_rbs	10.333333333333334	0.0	0.0
88	__protein2_rbs	14.333333333333336	0.0	0.0
88	__protein3_rbs	11.666666666666664	0.0	0.0
88	__ribosome	26.33333333333333	0.0	0.0
88	__rnase_site_ext	29.66666666666667	0.0	0.0
88	p0	0.6666666666666666	0.0	0.0
88	p1	1.0	0.0	0.0
88	p2	1.0	0.0	0.0
88	protein1	321.0	12.666666666666664	1.4007936666666667
88	protein2	418.66666666666674	17.333333333333332	1.7320263333333334
88	protein3	433.0	16.0	1.6149510000000002
88	r0	13.0	0.0	0.0
88	r2	16.333333333333332	0.0	0.0
88	rnapol	0.6666666666666666	0.0	0.0
89	__protein1_rbs	10.0	0.0	0.0
89	__protein2_rbs	16.0	0.0	0.0
89	__protein3_rbs	13.333333333333336	0.0	0.0
89	__ribosome	27.33333333333333	0.0	0.0
89	__rnase_site_ext	30.0	0.0	0.0
89	p0	1.0	0.0	0.0
89	p1	0.3333333333333333	0.0	0.0
89	p2	1.0	0.0	0.0
89	protein1	326.3333333333333	13.333333333333336	1.3974356666666667
89	protein2	426.0	18.0	1.570028
89	protein3	439.0	16.0	1.5706696666666666
89	r0	13.333333333333336	0.0	0.0
89	r2	16.0	0.0	0.0
89	rnapol	0.6666666666666666	0.0	0.0
90	__protein1_rbs	10.0	0.0	0.0
90	__protein2_rbs	14.0	0.0	0.0
90	__protein3_rbs	12.0	0.0	0.0
90	__ribosome	24.33333333333333	0.0	0.0
90	__rnase_site_ext	29.66666666666667	0.0	0.0
90	p0	1.0	0.0	0.0
90	p1	1.0	0.0	0.0
90	p2	1.0	0.0	0.0
90	protein1	330.6666666666667	13.0	1.4594016666666665
90	protein2	434.33333333333326	18.33333333333333	1.6263226666666668
90	protein3	444.66666666666674	16.0	1.6504903333333332
90	r0	13.0	0.0	0.0
90	r2	16.0	0.0	0.0
90	rnapol	0.6666666666666666	0.0	0.0
91	__protein1_rbs	10.333333333333334	0.0	0.0
91	__protein2_rbs	14.0	0.0	0.0
91	__protein3_rbs	13.666666666666664	0.0	0.0
91	__ribosome	27.33333333333333	0.0	0.0
91	__rnase_site_ext	29.0	0.0	0.0
91	p0	1.0	0.0	0.0
91	p1	0.6666666666666666	0.0	0.0
91	p2	1.0	0.0	0.0
91	protein1	337.3333333333333	13.0	1.2493893333333337
91	protein2	442.0	18.666666666666668	1.5823216666666664
91	protein3	450.33333333333326	15.666666666666664	1.6972223333333334
91	r0	12.666666666666664	0.0	0.0
91	r2	15.666666666666664	0.0	0.0
91	rnapol	0.6666666666666666	0.0	0.0
92	__protein1_rbs	9.0	0.0	0.0
92	__protein2_rbs	16.0	0.0	0.0
92	__protein3_rbs	12.333333333333336	0.0	0.0
92	__ribosome	23.0	0.0	0.0
92	__rnase_site_ext	30.0	0.0	0.0
92	p0	0.6666666666666666	0.0	0.0
92	p1	1.0	0.0	0.0
92	p2	1.0	0.0	0.0
92	protein1	343.66666666666674	13.0	1.173992666666667
92	protein2	447.66666666666674	19.0	1.732272
92	protein3	454.66666666666674	16.0	1.8142973333333332
92	r0	13.0	0.0	0.0
92	r2	16.333333333333332	0.0	0.0
92	rnapol	0.6666666666666666	0.0	0.0
93	__protein1_rbs	10.666666666666666	0.0	0.0
93	__protein2_rbs	14.0	0.0	0.0
93	__protein3_rbs	13.0	0.0	0.0
93	__ribosome	22.33333333333333	0.0	0.0
93	__rnase_site_ext	29.33333333333333	0.0	0.0
93	p0	1.0	0.0	0.0
93	p1	1.0	0.0	0.0
93	p2	0.3333333333333333	0.0	0.0
93	protein1	348.0	13.0	1.2555553333333334
93	protein2	455.0	19.0	1.8383216666666664
93	protein3	463.33333333333326	16.333333333333332	1.6519606666666666
93	r0	12.666666666666664	0.0	0.0
93	r2	16.333333333333332	0.0	0.0
93	rnapol	0.6666666666666666	0.0	0.0
94	__protein1_rbs	10.333333333333334	0.0	0.0
94	__protein2_rbs	16.666666666666668	0.0	0.0
94	__protein3_rbs	14.333333333333336	0.0	0.0
94	__ribosome	21.0	0.0	0.0
94	__rnase_site_ext	28.66666666666667	0.0	0.0
94	p0	1.0	0.0	0.0
94	p1	1.0	0.0	0.0
94	p2	1.0	0.0	0.0
94	protein1	352.0	12.333333333333336	1.5666666666666669
94	protein2	462.33333333333326	19.0	1.714335
94	protein3	468.0	16.333333333333332	1.6936273333333334
94	r0	12.0	0.0	0.0
94	r2	16.666666666666668	0.0	0.0
94	rnapol	1.0	0.0	0.0
95	__protein1_rbs	10.666666666666666	0.0	0.0
95	__protein2_rbs	16.0	0.0	0.0
95	__protein3_rbs	13.333333333333336	0.0	0.0
95	__ribosome	23.33333333333333	0.0	0.0
95	__rnase_site_ext	29.66666666666667	0.0	0.0
95	p0	1.0	0.0	0.0
95	p1	0.6666666666666666	0.0	0.0
95	p2	0.6666666666666666	0.0	0.0
95	protein1	357.0	12.666666666666664	1.531818333333333
95	protein2	471.66666666666674	19.0	1.5335886666666667
95	protein3	475.66666666666674	16.666666666666668	1.7254900000000002
95	r0	12.666666666666664	0.0	0.0
95	r2	16.666666666666668	0.0	0.0
95	rnapol	0.6666666666666666	0.0	0.0
96	__protein1_rbs	8.666666666666666	0.0	0.0
96	__protein2_rbs	15.666666666666664	0.0	0.0
96	__protein3_rbs	15.666666666666664	0.0	0.0
96	__ribosome	24.66666666666667	0.0	0.0
96	__rnase_site_ext	29.33333333333333	0.0	0.0
96	p0	1.0	0.0	0.0
96	p1	1.0	0.0	0.0
96	p2	0.6666666666666666	0.0	0.0
96	protein1	363.66666666666674	13.0	1.5236986666666668
96	protein2	480.33333333333326	19.33333333333333	1.4972153333333331
96	protein3	482.66666666666674	17.333333333333332	1.5370369999999998
96	r0	12.333333333333336	0.0	0.0
96	r2	17.0	0.0	0.0
96	rnapol	1.0	0.0	0.0
97	__protein1_rbs	11.0	0.0	0.0
97	__protein2_rbs	14.0	0.0	0.0
97	__protein3_rbs	14.333333333333336	0.0	0.0
97	__ribosome	26.66666666666667	0.0	0.0
97	__rnase_site_ext	30.66666666666667	0.0	0.0
97	p0	1.0	0.0	0.0
97	p1	1.0	0.0	0.0
97	p2	1.0	0.0	0.0
97	protein1	370.33333333333326	13.333333333333336	1.2577200000000002
97	protein2	489.33333333333326	19.0	1.4894183333333333
97	protein3	489.0	17.333333333333332	1.6316433333333331
97	r0	13.333333333333336	0.0	0.0
97	r2	17.333333333333332	0.0	0.0
97	rnapol	0.3333333333333333	0.0	0.0
98	__protein1_rbs	10.666666666666666	0.0	0.0
98	__protein2_rbs	14.333333333333336	0.0	0.0
98	__protein3_rbs	12.666666666666664	0.0	0.0
98	__ribosome	21.66666666666667	0.0	0.0
98	__rnase_site_ext	30.66666666666667	0.0	0.0
98	p0	1.0	0.0	0.0
98	p1	0.3333333333333333	0.0	0.0
98	p2	0.6666666666666666	0.0	0.0
98	protein1	375.66666666666674	13.333333333333336	1.310245
98	protein2	495.66666666666674	19.0	1.6084653333333332
98	protein3	494.66666666666674	17.333333333333332	1.7643186666666668
98	r0	13.333333333333336	0.0	0.0
98	r2	17.333333333333332	0.0	0.0
98	rnapol	0.6666666666666666	0.0	0.0
99	__protein1_rbs	11.0	0.0	0.0
99	__protein2_rbs	13.666666666666664	0.0	0.0
99	__protein3_rbs	15.0	0.0	0.0
99	__ribosome	20.33333333333333	0.0	0.0
99	__rnase_site_ext	31.33333333333333	0.0	0.0
99	p0	1.0	0.0	0.0
99	p1	1.0	0.0	0.0
99	p2	0.6666666666666666	0.0	0.0
99	protein1	381.0	13.666666666666664	1.2746030000000002
99	protein2	501.0	19.0	1.851852
99	protein3	502.66666666666674	17.666666666666668	1.5473039999999998
99	r0	14.0	0.0	0.0
99	r2	17.666666666666668	0.0	0.0
99	rnapol	0.3333333333333333	0.0	0.0
100	__protein1_rbs	11.666666666666664	0.0	0.0
100	__protein2_rbs	16.0	0.0	0.0
100	__protein3_rbs	15.666666666666664	0.0	0.0
100	__ribosome	20.666666666666668	0.0	0.0
100	__rnase_site_ext	32.0	0.0	0.0
100	p0	1.0	0.0	0.0
100	p1	0.6666666666666666	0.0	0.0
100	p2	1.0	0.0	0.0
100	protein1	385.66666666666674	14.0	1.2666663333333334
100	protein2	509.0	18.33333333333333	1.7992203333333332
100	protein3	509.0	18.33333333333333	1.5667603333333335
100	r0	14.0	0.0	0.0
100	r2	18.33333333333333	0.0	0.0
100	rnapol	1.0	0.0	0.0
101	__protein1_rbs	11.0	0.0	0.0
101	__protein2_rbs	16.0	0.0	0.0
101	__protein3_rbs	15.0	0.0	0.0
101	__ribosome	21.0	0.0	0.0
101	__rnase_site_ext	31.66666666666667	0.0	0.0
101	p0	1.0	0.0	0.0
101	p1	0.6666666666666666	0.0	0.0
101	p2	1.0	0.0	0.0
101	protein1	392.0	14.0	1.285348
101	protein2	517.3333333333334	18.666666666666668	1.6722223333333333
101	protein3	515.6666666666666	18.666666666666668	1.593583
101	r0	13.666666666666664	0.0	0.0
101	r2	18.33333333333333	0.0	0.0
101	rnapol	0.3333333333333333	0.0	0.0
102	__protein1_rbs	11.666666666666664	0.0	0.0
102	__protein2_rbs	14.0	0.0	0.0
102	__protein3_rbs	13.333333333333336	0.0	0.0
102	__ribosome	20.666666666666668	0.0	0.0
102	__rnase_site_ext	31.33333333333333	0.0	0.0
102	p0	1.0	0.0	0.0
102	p1	0.6666666666666666	0.0	0.0
102	p2	1.0	0.0	0.0
102	protein1	397.33333333333326	13.666666666666664	1.318681
102	protein2	526.3333333333334	19.33333333333333	1.5516569999999998
102	protein3	522.0	18.33333333333333	1.7239303333333331
102	r0	13.333333333333336	0.0	0.0
102	r2	18.33333333333333	0.0	0.0
102	rnapol	1.0	0.0	0.0
103	__protein1_rbs	10.666666666666666	0.0	0.0
103	__protein2_rbs	16.333333333333332	0.0	0.0
103	__protein3_rbs	15.666666666666664	0.0	0.0
103	__ribosome	21.33333333333333	0.0	0.0
103	__rnase_site_ext	31.66666666666667	0.0	0.0
103	p0	1.0	0.0	0.0
103	p1	1.0	0.0	0.0
103	p2	1.0	0.0	0.0
103	protein1	402.33333333333326	13.0	1.3589746666666669
103	protein2	535.3333333333334	19.666666666666668	1.4097996666666666
103	protein3	528.0	18.666666666666668	1.8204963333333333
103	r0	13.666666666666664	0.0	0.0
103	r2	18.666666666666668	0.0	0.0
103	rnapol	0.6666666666666666	0.0	0.0
104	__protein1_rbs	11.333333333333336	0.0	0.0
104	__protein2_rbs	14.333333333333336	0.0	0.0
104	__protein3_rbs	14.666666666666664	0.0	0.0
104	__ribosome	21.66666666666667	0.0	0.0
104	__rnase_site_ext	32.0	0.0	0.0
104	p0	1.0	0.0	0.0
104	p1	1.0	0.0	0.0
104	p2	0.6666666666666666	0.0	0.0
104	protein1	408.66666666666674	14.0	1.1951159999999998
104	protein2	543.0	19.33333333333333	1.511
104	protein3	536.6666666666666	18.33333333333333	1.8002643333333337
104	r0	14.0	0.0	0.0
104	r2	18.33333333333333	0.0	0.0
104	rnapol	0.6666666666666666	0.0	0.0
105	__protein1_rbs	12.666666666666664	0.0	0.0
105	__protein2_rbs	15.666666666666664	0.0	0.0
105	__protein3_rbs	15.666666666666664	0.0	0.0
105	__ribosome	20.33333333333333	0.0	0.0
105	__rnase_site_ext	32.333333333333336	0.0	0.0
105	p0	0.6666666666666666	0.0	0.0
105	p1	1.0	0.0	0.0
105	p2	0.6666666666666666	0.0	0.0
105	protein1	415.0	14.0	1.0578753333333333
105	protein2	548.3333333333334	20.0	1.6010863333333336
105	protein3	542.6666666666666	18.666666666666668	1.775599333333333
105	r0	14.0	0.0	0.0
105	r2	18.666666666666668	0.0	0.0
105	rnapol	0.3333333333333333	0.0	0.0
106	__protein1_rbs	11.0	0.0	0.0
106	__protein2_rbs	16.666666666666668	0.0	0.0
106	__protein3_rbs	16.0	0.0	0.0
106	__ribosome	21.33333333333333	0.0	0.0
106	__rnase_site_ext	33.0	0.0	0.0
106	p0	0.6666666666666666	0.0	0.0
106	p1	0.6666666666666666	0.0	0.0
106	p2	1.0	0.0	0.0
106	protein1	419.66666666666674	14.333333333333336	1.1380953333333332
106	protein2	556.0	20.0	1.5683790000000002
106	protein3	551.0	19.33333333333333	1.612815333333333
106	r0	14.333333333333336	0.0	0.0
106	r2	19.33333333333333	0.0	0.0
106	rnapol	0.3333333333333333	0.0	0.0
107	__protein1_rbs	12.666666666666664	0.0	0.0
107	__protein2_rbs	16.333333333333332	0.0	0.0
107	__protein3_rbs	16.0	0.0	0.0
107	__ribosome	24.66666666666667	0.0	0.0
107	__rnase_site_ext	33.0	0.0	0.0
107	p0	1.0	0.0	0.0
107	p1	1.0	0.0	0.0
107	p2	1.0	0.0	0.0
107	protein1	424.33333333333326	14.666666666666664	1.0174603333333334
107	protein2	563.3333333333334	21.0	1.5142133333333334
107	protein3	559.6666666666666	19.0	1.5052336666666666
107	r0	14.666666666666664	0.0	0.0
107	r2	19.0	0.0	0.0
107	rnapol	0.3333333333333333	0.0	0.0
108	__protein1_rbs	11.333333333333336	0.0	0.0
108	__protein2_rbs	16.666666666666668	0.0	0.0
108	__protein3_rbs	15.333333333333336	0.0	0.0
108	__ribosome	24.33333333333333	0.0	0.0
108	__rnase_site_ext	33.0	0.0	0.0
108	p0	1.0	0.0	0.0
108	p1	0.6666666666666666	0.0	0.0
108	p2	0.6666666666666666	0.0	0.0
108	protein1	430.33333333333326	14.666666666666664	1.134920666666667
108	protein2	572.6666666666666	20.666666666666668	1.4439393333333337
108	protein3	566.6666666666666	19.0	1.5419923333333336
108	r0	14.666666666666664	0.0	0.0
108	r2	18.666666666666668	0.0	0.0
108	rnapol	0.6666666666666666	0.0	0.0
109	__protein1_rbs	12.333333333333336	0.0	0.0
109	__protein2_rbs	13.0	0.0	0.0
109	__protein3_rbs	13.333333333333336	0.0	0.0
109	__ribosome	21.66666666666667	0.0	0.0
109	__rnase_site_ext	32.666666666666664	0.0	0.0
109	p0	1.0	0.0	0.0
109	p1	0.6666666666666666	0.0	0.0
109	p2	1.0	0.0	0.0
109	protein1	435.33333333333326	15.0	1.124801333333333
109	protein2	580.6666666666666	19.666666666666668	1.6763156666666663
109	protein3	574.6666666666666	18.666666666666668	1.5240639999999999
109	r0	15.0	0.0	0.0
109	r2	18.666666666666668	0.0	0.0
109	rnapol	0.6666666666666666	0.0	0.0
110	__protein1_rbs	11.0	0.0	0.0
110	__protein2_rbs	15.666666666666664	0.0	0.0
110	__protein3_rbs	17.0	0.0	0.0
110	__ribosome	21.0	0.0	0.0
110	__rnase_site_ext	32.0	0.0	0.0
110	p0	1.0	0.0	0.0
110	p1	1.0	0.0	0.0
110	p2	1.0	0.0	0.0
110	protein1	439.66666666666674	15.333333333333336	1.3222223333333334
110	protein2	588.0	20.33333333333333	1.604010333333333
110	protein3	582.0	19.0	1.3673993333333334
110	r0	14.0	0.0	0.0
110	r2	19.0	0.0	0.0
110	rnapol	1.0	0.0	0.0
111	__protein1_rbs	11.333333333333336	0.0	0.0
111	__protein2_rbs	18.666666666666668	0.0	0.0
111	__protein3_rbs	15.0	0.0	0.0
111	__ribosome	18.666666666666668	0.0	0.0
111	__rnase_site_ext	33.333333333333336	0.0	0.0
111	p0	1.0	0.0	0.0
111	p1	1.0	0.0	0.0
111	p2	1.0	0.0	0.0
111	protein1	446.0	15.333333333333336	1.4291666666666665
111	protein2	595.3333333333334	21.0	1.4314573333333334
111	protein3	588.3333333333334	19.0	1.5412956666666666
111	r0	14.666666666666664	0.0	0.0
111	r2	19.0	0.0	0.0
111	rnapol	0.6666666666666666	0.0	0.0
112	__protein1_rbs	12.0	0.0	0.0
112	__protein2_rbs	17.666666666666668	0.0	0.0
112	__protein3_rbs	15.333333333333336	0.0	0.0
112	__ribosome	21.66666666666667	0.0	0.0
112	__rnase_site_ext	34.0	0.0	0.0
112	p0	1.0	0.0	0.0
112	p1	0.6666666666666666	0.0	0.0
112	p2	1.0	0.0	0.0
112	protein1	452.0	15.666666666666664	1.3791666666666669
112	protein2	603.3333333333334	20.666666666666668	1.359091
112	protein3	595.0	19.0	1.5199050000000005
112	r0	15.333333333333336	0.0	0.0
112	r2	18.666666666666668	0.0	0.0
112	rnapol	0.0	0.0	0.0
113	__protein1_rbs	12.666666666666664	0.0	0.0
113	__protein2_rbs	18.666666666666668	0.0	0.0
113	__protein3_rbs	14.0	0.0	0.0
113	__ribosome	20.33333333333333	0.0	0.0
113	__rnase_site_ext	34.333333333333336	0.0	0.0
113	p0	1.0	0.0	0.0
113	p1	1.0	0.0	0.0
113	p2	1.0	0.0	0.0
113	protein1	457.33333333333326	15.333333333333336	1.4333333333333331
113	protein2	611.6666666666666	21.66666666666667	1.1890956666666668
113	protein3	600.0	18.666666666666668	1.7180133333333334
113	r0	15.333333333333336	0.0	0.0
113	r2	18.33333333333333	0.0	0.0
113	rnapol	0.6666666666666666	0.0	0.0
114	__protein1_rbs	12.666666666666664	0.0	0.0
114	__protein2_rbs	17.0	0.0	0.0
114	__protein3_rbs	15.666666666666664	0.0	0.0
114	__ribosome	21.66666666666667	0.0	0.0
114	__rnase_site_ext	34.666666666666664	0.0	0.0
114	p0	1.0	0.0	0.0
114	p1	1.0	0.0	0.0
114	p2	0.6666666666666666	0.0	0.0
114	protein1	467.33333333333326	15.666666666666664	1.142484
114	protein2	619.3333333333334	22.33333333333333	1.2094859999999998
114	protein3	606.3333333333334	18.666666666666668	1.7944713333333333
114	r0	15.333333333333336	0.0	0.0
114	r2	18.666666666666668	0.0	0.0
114	rnapol	0.3333333333333333	0.0	0.0
115	__protein1_rbs	14.0	0.0	0.0
115	__protein2_rbs	19.33333333333333	0.0	0.0
115	__protein3_rbs	15.333333333333336	0.0	0.0
115	__ribosome	21.33333333333333	0.0	0.0
115	__rnase_site_ext	35.0	0.0	0.0
115	p0	1.0	0.0	0.0
115	p1	1.0	0.0	0.0
115	p2	1.0	0.0	0.0
115	protein1	471.33333333333326	16.0	1.116258
115	protein2	625.6666666666666	22.33333333333333	1.3287220000000002
115	protein3	615.0	18.666666666666668	1.6670920000000002
115	r0	15.666666666666664	0.0	0.0
115	r2	18.666666666666668	0.0	0.0
115	rnapol	0.3333333333333333	0.0	0.0
116	__protein1_rbs	13.666666666666664	0.0	0.0
116	__protein2_rbs	17.666666666666668	0.0	0.0
116	__protein3_rbs	14.666666666666664	0.0	0.0
116	__ribosome	20.0	0.0	0.0
116	__rnase_site_ext	35.0	0.0	0.0
116	p0	1.0	0.0	0.0
116	p1	1.0	0.0	0.0
116	p2	1.0	0.0	0.0
116	protein1	479.66666666666674	16.333333333333332	0.924074
116	protein2	632.0	22.66666666666667	1.4558626666666663
116	protein3	622.3333333333334	18.666666666666668	1.7044656666666669
116	r0	15.666666666666664	0.0	0.0
116	r2	18.33333333333333	0.0	0.0
116	rnapol	0.6666666666666666	0.0	0.0
117	__protein1_rbs	11.666666666666664	0.0	0.0
117	__protein2_rbs	19.0	0.0	0.0
117	__protein3_rbs	14.0	0.0	0.0
117	__ribosome	18.33333333333333	0.0	0.0
117	__rnase_site_ext	34.666666666666664	0.0	0.0
117	p0	1.0	0.0	0.0
117	p1	1.0	0.0	0.0
117	p2	1.0	0.0	0.0
117	protein1	484.66666666666674	15.666666666666664	1.0717593333333333
117	protein2	638.0	22.66666666666667	1.5138336666666667
117	protein3	630.0	18.666666666666668	1.6414673333333336
117	r0	15.0	0.0	0.0
117	r2	19.0	0.0	0.0
117	rnapol	1.0	0.0	0.0
118	__protein1_rbs	13.0	0.0	0.0
118	__protein2_rbs	19.0	0.0	0.0
118	__protein3_rbs	13.666666666666664	0.0	0.0
118	__ribosome	19.0	0.0	0.0
118	__rnase_site_ext	34.666666666666664	0.0	0.0
118	p0	1.0	0.0	0.0
118	p1	0.6666666666666666	0.0	0.0
118	p2	1.0	0.0	0.0
118	protein1	489.66666666666674	16.0	1.0747356666666668
118	protein2	647.3333333333334	23.33333333333333	1.4444443333333332
118	protein3	638.3333333333334	18.666666666666668	1.607665
118	r0	15.333333333333336	0.0	0.0
118	r2	18.666666666666668	0.0	0.0
118	rnapol	0.6666666666666666	0.0	0.0
119	__protein1_rbs	13.0	0.0	0.0
119	__protein2_rbs	19.33333333333333	0.0	0.0
119	__protein3_rbs	16.666666666666668	0.0	0.0
119	__ribosome	19.33333333333333	0.0	0.0
119	__rnase_site_ext	36.0	0.0	0.0
119	p0	1.0	0.0	0.0
119	p1	0.6666666666666666	0.0	0.0
119	p2	1.0	0.0	0.0
119	protein1	495.0	16.0	1.0618383333333332
119	protein2	656.3333333333334	23.66666666666667	1.4544926666666669
119	protein3	646.0	19.33333333333333	1.5045453333333334
119	r0	15.666666666666664	0.0	0.0
119	r2	19.33333333333333	0.0	0.0
119	rnapol	0.3333333333333333	0.0	0.0
120	__protein1_rbs	13.666666666666664	0.0	0.0
120	__protein2_rbs	19.33333333333333	0.0	0.0
120	__protein3_rbs	17.333333333333332	0.0	0.0
120	__ribosome	18.666666666666668	0.0	0.0
120	__rnase_site_ext	35.666666666666664	0.0	0.0
120	p0	1.0	0.0	0.0
120	p1	0.6666666666666666	0.0	0.0
120	p2	1.0	0.0	0.0
120	protein1	500.66666666666674	16.0	0.9675926666666668
120	protein2	665.0	23.66666666666667	1.5513043333333334
120	protein3	651.0	19.33333333333333	1.510245
120	r0	15.666666666666664	0.0	0.0
120	r2	19.33333333333333	0.0	0.0
120	rnapol	1.0	0.0	0.0
121	__protein1_rbs	12.0	0.0	0.0
121	__protein2_rbs	18.33333333333333	0.0	0.0
121	__protein3_rbs	16.0	0.0	0.0
121	__ribosome	17.333333333333332	0.0	0.0
121	__rnase_site_ext	35.666666666666664	0.0	0.0
121	p0	1.0	0.0	0.0
121	p1	1.0	0.0	0.0
121	p2	0.6666666666666666	0.0	0.0
121	protein1	506.33333333333326	15.666666666666664	1.0349003333333333
121	protein2	673.0	23.66666666666667	1.611594
121	protein3	659.0	19.0	1.5146466666666665
121	r0	15.666666666666664	0.0	0.0
121	r2	19.33333333333333	0.0	0.0
121	rnapol	0.6666666666666666	0.0	0.0
122	__protein1_rbs	13.666666666666664	0.0	0.0
122	__protein2_rbs	19.0	0.0	0.0
122	__protein3_rbs	16.333333333333332	0.0	0.0
122	__ribosome	17.666666666666668	0.0	0.0
122	__rnase_site_ext	35.666666666666664	0.0	0.0
122	p0	1.0	0.0	0.0
122	p1	1.0	0.0	0.0
122	p2	1.0	0.0	0.0
122	protein1	511.0	16.0	1.129386
122	protein2	681.3333333333334	24.0	1.5740096666666668
122	protein3	667.6666666666666	20.0	1.337129
122	r0	15.333333333333336	0.0	0.0
122	r2	20.33333333333333	0.0	0.0
122	rnapol	1.0	0.0	0.0
123	__protein1_rbs	12.666666666666664	0.0	0.0
123	__protein2_rbs	20.33333333333333	0.0	0.0
123	__protein3_rbs	16.333333333333332	0.0	0.0
123	__ribosome	19.33333333333333	0.0	0.0
123	__rnase_site_ext	35.333333333333336	0.0	0.0
123	p0	1.0	0.0	0.0
123	p1	1.0	0.0	0.0
123	p2	1.0	0.0	0.0
123	protein1	515.6666666666666	15.333333333333336	1.287749
123	protein2	691.0	23.33333333333333	1.5111726666666667
123	protein3	674.6666666666666	20.33333333333333	1.2918443333333334
123	r0	15.333333333333336	0.0	0.0
123	r2	20.33333333333333	0.0	0.0
123	rnapol	1.3333333333333333	0.0	0.0
124	__protein1_rbs	12.0	0.0	0.0
124	__protein2_rbs	18.33333333333333	0.0	0.0
124	__protein3_rbs	18.0	0.0	0.0
124	__ribosome	21.33333333333333	0.0	0.0
124	__rnase_site_ext	34.666666666666664	0.0	0.0
124	p0	1.0	0.0	0.0
124	p1	1.0	0.0	0.0
124	p2	1.0	0.0	0.0
124	protein1	522.0	14.666666666666664	1.4153440000000002
124	protein2	701.6666666666665	23.0	1.371042
124	protein3	679.3333333333334	20.0	1.370801333333333
124	r0	14.666666666666664	0.0	0.0
124	r2	20.0	0.0	0.0
124	rnapol	1.0	0.0	0.0
125	__protein1_rbs	12.666666666666664	0.0	0.0
125	__protein2_rbs	17.666666666666668	0.0	0.0
125	__protein3_rbs	15.666666666666664	0.0	0.0
125	__ribosome	23.66666666666667	0.0	0.0
125	__rnase_site_ext	35.666666666666664	0.0	0.0
125	p0	1.0	0.0	0.0
125	p1	1.0	0.0	0.0
125	p2	1.0	0.0	0.0
125	protein1	527.6666666666666	14.666666666666664	1.4126986666666668
125	protein2	711.6666666666665	23.0	1.3360386666666664
125	protein3	687.0	20.33333333333333	1.2656193333333332
125	r0	15.0	0.0	0.0
125	r2	20.33333333333333	0.0	0.0
125	rnapol	1.0	0.0	0.0
126	__protein1_rbs	12.0	0.0	0.0
126	__protein2_rbs	18.33333333333333	0.0	0.0
126	__protein3_rbs	15.666666666666664	0.0	0.0
126	__ribosome	20.0	0.0	0.0
126	__rnase_site_ext	35.333333333333336	0.0	0.0
126	p0	0.6666666666666666	0.0	0.0
126	p1	1.0	0.0	0.0
126	p2	1.0	0.0	0.0
126	protein1	535.0	15.0	1.2851853333333334
126	protein2	719.3333333333335	23.66666666666667	1.3685296666666666
126	protein3	692.0	20.33333333333333	1.4424603333333332
126	r0	15.0	0.0	0.0
126	r2	20.33333333333333	0.0	0.0
126	rnapol	1.3333333333333333	0.0	0.0
127	__protein1_rbs	12.333333333333336	0.0	0.0
127	__protein2_rbs	20.0	0.0	0.0
127	__protein3_rbs	15.666666666666664	0.0	0.0
127	__ribosome	21.66666666666667	0.0	0.0
127	__rnase_site_ext	36.0	0.0	0.0
127	p0	1.0	0.0	0.0
127	p1	1.0	0.0	0.0
127	p2	1.0	0.0	0.0
127	protein1	542.3333333333334	15.333333333333336	1.224537
127	protein2	728.0	23.66666666666667	1.2901233333333335
127	protein3	699.0	20.33333333333333	1.453373
127	r0	15.0	0.0	0.0
127	r2	20.33333333333333	0.0	0.0
127	rnapol	0.6666666666666666	0.0	0.0
128	__protein1_rbs	11.666666666666664	0.0	0.0
128	__protein2_rbs	20.666666666666668	0.0	0.0
128	__protein3_rbs	18.0	0.0	0.0
128	__ribosome	20.666666666666668	0.0	0.0
128	__rnase_site_ext	35.666666666666664	0.0	0.0
128	p0	1.0	0.0	0.0
128	p1	1.0	0.0	0.0
128	p2	1.0	0.0	0.0
128	protein1	547.6666666666666	15.0	1.2626636666666666
128	protein2	734.0	24.0	1.3160423333333335
128	protein3	706.0	20.33333333333333	1.407738333333333
128	r0	15.0	0.0	0.0
128	r2	20.33333333333333	0.0	0.0
128	rnapol	1.0	0.0	0.0
129	__protein1_rbs	13.333333333333336	0.0	0.0
129	__protein2_rbs	18.666666666666668	0.0	0.0
129	__protein3_rbs	15.666666666666664	0.0	0.0
129	__ribosome	18.33333333333333	0.0	0.0
129	__rnase_site_ext	36.0	0.0	0.0
129	p0	1.0	0.0	0.0
129	p1	1.0	0.0	0.0
129	p2	0.6666666666666666	0.0	0.0
129	protein1	553.6666666666666	15.666666666666664	1.147813
129	protein2	742.3333333333335	24.0	1.3675413333333335
129	protein3	711.0	20.0	1.539772666666667
129	r0	15.333333333333336	0.0	0.0
129	r2	20.0	0.0	0.0
129	rnapol	0.6666666666666666	0.0	0.0
130	__protein1_rbs	11.666666666666664	0.0	0.0
130	__protein2_rbs	17.0	0.0	0.0
130	__protein3_rbs	15.333333333333336	0.0	0.0
130	__ribosome	21.66666666666667	0.0	0.0
130	__rnase_site_ext	35.666666666666664	0.0	0.0
130	p0	1.0	0.0	0.0
130	p1	1.0	0.0	0.0
130	p2	1.0	0.0	0.0
130	protein1	560.3333333333334	15.333333333333336	1.0866013333333333
130	protein2	751.6666666666665	22.66666666666667	1.4509186666666665
130	protein3	720.3333333333335	20.33333333333333	1.387700333333333
130	r0	15.0	0.0	0.0
130	r2	20.33333333333333	0.0	0.0
130	rnapol	1.0	0.0	0.0
131	__protein1_rbs	12.333333333333336	0.0	0.0
131	__protein2_rbs	18.666666666666668	0.0	0.0
131	__protein3_rbs	16.666666666666668	0.0	0.0
131	__ribosome	20.33333333333333	0.0	0.0
131	__rnase_site_ext	35.333333333333336	0.0	0.0
131	p0	1.0	0.0	0.0
131	p1	1.0	0.0	0.0
131	p2	0.6666666666666666	0.0	0.0
131	protein1	566.0	15.666666666666664	1.0800653333333334
131	protein2	760.0	23.0	1.546935666666667
131	protein3	726.6666666666665	20.0	1.3922843333333337
131	r0	15.0	0.0	0.0
131	r2	19.666666666666668	0.0	0.0
131	rnapol	1.3333333333333333	0.0	0.0
132	__protein1_rbs	12.666666666666664	0.0	0.0
132	__protein2_rbs	19.666666666666668	0.0	0.0
132	__protein3_rbs	15.0	0.0	0.0
132	__ribosome	19.666666666666668	0.0	0.0
132	__rnase_site_ext	36.333333333333336	0.0	0.0
132	p0	0.6666666666666666	0.0	0.0
132	p1	1.0	0.0	0.0
132	p2	1.0	0.0	0.0
132	protein1	570.0	15.666666666666664	1.0996733333333333
132	protein2	766.3333333333335	23.0	1.5341766666666663
132	protein3	734.6666666666665	20.0	1.4047619999999998
132	r0	16.0	0.0	0.0
132	r2	20.0	0.0	0.0
132	rnapol	1.3333333333333333	0.0	0.0
133	__protein1_rbs	13.666666666666664	0.0	0.0
133	__protein2_rbs	19.0	0.0	0.0
133	__protein3_rbs	16.0	0.0	0.0
133	__ribosome	20.666666666666668	0.0	0.0
133	__rnase_site_ext	36.66666666666666	0.0	0.0
133	p0	1.0	0.0	0.0
133	p1	0.6666666666666666	0.0	0.0
133	p2	0.6666666666666666	0.0	0.0
133	protein1	576.0	16.666666666666668	1.0151446666666668
133	protein2	776.0	23.66666666666667	1.4391303333333336
133	protein3	741.3333333333335	20.0	1.4444443333333332
133	r0	16.333333333333332	0.0	0.0
133	r2	20.0	0.0	0.0
133	rnapol	0.3333333333333333	0.0	0.0
134	__protein1_rbs	14.666666666666664	0.0	0.0
134	__protein2_rbs	21.0	0.0	0.0
134	__protein3_rbs	15.666666666666664	0.0	0.0
134	__ribosome	22.0	0.0	0.0
134	__rnase_site_ext	37.66666666666666	0.0	0.0
134	p0	1.0	0.0	0.0
134	p1	1.0	0.0	0.0
134	p2	1.0	0.0	0.0
134	protein1	582.3333333333334	16.666666666666668	0.9502926666666666
134	protein2	785.6666666666665	24.33333333333333	1.2649426666666663
134	protein3	747.6666666666665	20.33333333333333	1.5668590000000002
134	r0	16.333333333333332	0.0	0.0
134	r2	20.666666666666668	0.0	0.0
134	rnapol	0.3333333333333333	0.0	0.0
135	__protein1_rbs	13.0	0.0	0.0
135	__protein2_rbs	18.33333333333333	0.0	0.0
135	__protein3_rbs	17.333333333333332	0.0	0.0
135	__ribosome	17.666666666666668	0.0	0.0
135	__rnase_site_ext	37.333333333333336	0.0	0.0
135	p0	0.6666666666666666	0.0	0.0
135	p1	0.3333333333333333	0.0	0.0
135	p2	1.0	0.0	0.0
135	protein1	586.6666666666666	16.333333333333332	1.1720273333333333
135	protein2	796.0	24.0	1.292460333333333
135	protein3	754.0	20.33333333333333	1.5803269999999998
135	r0	16.666666666666668	0.0	0.0
135	r2	20.0	0.0	0.0
135	rnapol	0.3333333333333333	0.0	0.0
136	__protein1_rbs	14.333333333333336	0.0	0.0
136	__protein2_rbs	19.666666666666668	0.0	0.0
136	__protein3_rbs	16.333333333333332	0.0	0.0
136	__ribosome	17.333333333333332	0.0	0.0
136	__rnase_site_ext	36.66666666666666	0.0	0.0
136	p0	1.0	0.0	0.0
136	p1	1.0	0.0	0.0
136	p2	0.6666666666666666	0.0	0.0
136	protein1	591.6666666666666	16.666666666666668	1.063053
136	protein2	802.6666666666665	25.0	1.3361576666666668
136	protein3	762.0	20.0	1.5335016666666668
136	r0	16.0	0.0	0.0
136	r2	20.0	0.0	0.0
136	rnapol	0.3333333333333333	0.0	0.0
137	__protein1_rbs	14.333333333333336	0.0	0.0
137	__protein2_rbs	23.33333333333333	0.0	0.0
137	__protein3_rbs	17.333333333333332	0.0	0.0
137	__ribosome	21.0	0.0	0.0
137	__rnase_site_ext	37.333333333333336	0.0	0.0
137	p0	1.0	0.0	0.0
137	p1	1.0	0.0	0.0
137	p2	1.0	0.0	0.0
137	protein1	598.3333333333334	16.333333333333332	1.0142449999999998
137	protein2	810.0	25.0	1.2566666666666666
137	protein3	768.3333333333335	20.33333333333333	1.5281386666666668
137	r0	16.333333333333332	0.0	0.0
137	r2	20.0	0.0	0.0
137	rnapol	1.6666666666666667	0.0	0.0
138	__protein1_rbs	15.0	0.0	0.0
138	__protein2_rbs	20.666666666666668	0.0	0.0
138	__protein3_rbs	17.333333333333332	0.0	0.0
138	__ribosome	22.66666666666667	0.0	0.0
138	__rnase_site_ext	38.0	0.0	0.0
138	p0	1.0	0.0	0.0
138	p1	0.3333333333333333	0.0	0.0
138	p2	1.0	0.0	0.0
138	protein1	605.0	17.0	0.8393206666666666
138	protein2	817.6666666666665	25.0	1.3655556666666666
138	protein3	777.6666666666665	20.0	1.420635
138	r0	17.0	0.0	0.0
138	r2	20.0	0.0	0.0
138	rnapol	1.0	0.0	0.0
139	__protein1_rbs	12.333333333333336	0.0	0.0
139	__protein2_rbs	19.666666666666668	0.0	0.0
139	__protein3_rbs	18.33333333333333	0.0	0.0
139	__ribosome	20.666666666666668	0.0	0.0
139	__rnase_site_ext	37.333333333333336	0.0	0.0
139	p0	1.0	0.0	0.0
139	p1	1.0	0.0	0.0
139	p2	1.0	0.0	0.0
139	protein1	608.6666666666666	16.333333333333332	1.0697166666666666
139	protein2	827.0	25.33333333333333	1.371795
139	protein3	786.0	20.0	1.325397
139	r0	16.0	0.0	0.0
139	r2	20.0	0.0	0.0
139	rnapol	1.0	0.0	0.0
140	__protein1_rbs	13.666666666666664	0.0	0.0
140	__protein2_rbs	21.33333333333333	0.0	0.0
140	__protein3_rbs	16.666666666666668	0.0	0.0
140	__ribosome	21.33333333333333	0.0	0.0
140	__rnase_site_ext	38.0	0.0	0.0
140	p0	0.3333333333333333	0.0	0.0
140	p1	0.6666666666666666	0.0	0.0
140	p2	1.0	0.0	0.0
140	protein1	615.0	16.666666666666668	0.9285713333333332
140	protein2	836.6666666666665	25.33333333333333	1.3538459999999999
140	protein3	793.0	20.33333333333333	1.4227233333333331
140	r0	16.666666666666668	0.0	0.0
140	r2	20.33333333333333	0.0	0.0
140	rnapol	0.3333333333333333	0.0	0.0
141	__protein1_rbs	14.333333333333336	0.0	0.0
141	__protein2_rbs	21.0	0.0	0.0
141	__protein3_rbs	17.0	0.0	0.0
141	__ribosome	16.333333333333332	0.0	0.0
141	__rnase_site_ext	38.0	0.0	0.0
141	p0	1.0	0.0	0.0
141	p1	1.0	0.0	0.0
141	p2	1.0	0.0	0.0
141	protein1	619.3333333333334	17.0	1.0629629999999999
141	protein2	844.0	25.33333333333333	1.4357503333333332
141	protein3	799.6666666666665	20.666666666666668	1.4258749999999998
141	r0	16.333333333333332	0.0	0.0
141	r2	20.666666666666668	0.0	0.0
141	rnapol	0.3333333333333333	0.0	0.0
142	__protein1_rbs	14.333333333333336	0.0	0.0
142	__protein2_rbs	22.66666666666667	0.0	0.0
142	__protein3_rbs	16.0	0.0	0.0
142	__ribosome	16.333333333333332	0.0	0.0
142	__rnase_site_ext	38.0	0.0	0.0
142	p0	1.0	0.0	0.0
142	p1	1.0	0.0	0.0
142	p2	1.0	0.0	0.0
142	protein1	624.6666666666666	16.0	1.1160713333333334
142	protein2	852.6666666666665	25.66666666666667	1.3276683333333332
142	protein3	805.6666666666665	21.0	1.5449496666666664
142	r0	16.0	0.0	0.0
142	r2	21.33333333333333	0.0	0.0
142	rnapol	0.6666666666666666	0.0	0.0
143	__protein1_rbs	13.666666666666664	0.0	0.0
143	__protein2_rbs	20.33333333333333	0.0	0.0
143	__protein3_rbs	18.666666666666668	0.0	0.0
143	__ribosome	19.0	0.0	0.0
143	__rnase_site_ext	38.0	0.0	0.0
143	p0	1.0	0.0	0.0
143	p1	0.6666666666666666	0.0	0.0
143	p2	1.0	0.0	0.0
143	protein1	631.0	16.333333333333332	1.0168066666666666
143	protein2	862.6666666666665	25.33333333333333	1.2694976666666666
143	protein3	813.3333333333335	21.33333333333333	1.519697
143	r0	16.0	0.0	0.0
143	r2	21.33333333333333	0.0	0.0
143	rnapol	0.6666666666666666	0.0	0.0
144	__protein1_rbs	13.333333333333336	0.0	0.0
144	__protein2_rbs	22.33333333333333	0.0	0.0
144	__protein3_rbs	18.33333333333333	0.0	0.0
144	__ribosome	19.666666666666668	0.0	0.0
144	__rnase_site_ext	38.66666666666666	0.0	0.0
144	p0	1.0	0.0	0.0
144	p1	0.6666666666666666	0.0	0.0
144	p2	1.0	0.0	0.0
144	protein1	637.0	16.333333333333332	1.0136943333333333
144	protein2	873.3333333333335	26.0	1.1177676666666667
144	protein3	820.3333333333335	21.33333333333333	1.6181816666666666
144	r0	16.666666666666668	0.0	0.0
144	r2	21.0	0.0	0.0
144	rnapol	0.6666666666666666	0.0	0.0
145	__protein1_rbs	13.666666666666664	0.0	0.0
145	__protein2_rbs	21.33333333333333	0.0	0.0
145	__protein3_rbs	16.333333333333332	0.0	0.0
145	__ribosome	19.33333333333333	0.0	0.0
145	__rnase_site_ext	39.333333333333336	0.0	0.0
145	p0	1.0	0.0	0.0
145	p1	1.0	0.0	0.0
145	p2	0.6666666666666666	0.0	0.0
145	protein1	641.6666666666666	16.666666666666668	1.02854
145	protein2	881.0	26.0	1.1554563333333334
145	protein3	829.0	21.0	1.5864356666666666
145	r0	16.666666666666668	0.0	0.0
145	r2	21.66666666666667	0.0	0.0
145	rnapol	1.0	0.0	0.0
146	__protein1_rbs	14.0	0.0	0.0
146	__protein2_rbs	20.33333333333333	0.0	0.0
146	__protein3_rbs	15.666666666666664	0.0	0.0
146	__ribosome	17.333333333333332	0.0	0.0
146	__rnase_site_ext	39.66666666666666	0.0	0.0
146	p0	1.0	0.0	0.0
146	p1	0.6666666666666666	0.0	0.0
146	p2	1.0	0.0	0.0
146	protein1	647.6666666666666	16.666666666666668	0.9470586666666666
146	protein2	887.0	25.66666666666667	1.330466
146	protein3	838.3333333333335	21.66666666666667	1.5468256666666669
146	r0	17.0	0.0	0.0
146	r2	21.66666666666667	0.0	0.0
146	rnapol	0.6666666666666666	0.0	0.0
147	__protein1_rbs	12.0	0.0	0.0
147	__protein2_rbs	22.33333333333333	0.0	0.0
147	__protein3_rbs	17.666666666666668	0.0	0.0
147	__ribosome	21.0	0.0	0.0
147	__rnase_site_ext	39.66666666666666	0.0	0.0
147	p0	1.0	0.0	0.0
147	p1	1.0	0.0	0.0
147	p2	0.6666666666666666	0.0	0.0
147	protein1	652.3333333333334	17.0	1.102941333333333
147	protein2	897.3333333333335	25.66666666666667	1.2003663333333334
147	protein3	847.3333333333335	21.0	1.4268116666666666
147	r0	16.666666666666668	0.0	0.0
147	r2	21.33333333333333	0.0	0.0
147	rnapol	0.0	0.0	0.0
148	__protein1_rbs	14.333333333333336	0.0	0.0
148	__protein2_rbs	23.0	0.0	0.0
148	__protein3_rbs	16.333333333333332	0.0	0.0
148	__ribosome	19.33333333333333	0.0	0.0
148	__rnase_site_ext	39.66666666666666	0.0	0.0
148	p0	1.0	0.0	0.0
148	p1	1.0	0.0	0.0
148	p2	1.0	0.0	0.0
148	protein1	658.3333333333334	17.0	1.0635893333333335
148	protein2	904.3333333333335	26.0	1.1695416666666667
148	protein3	854.6666666666665	21.66666666666667	1.5127673333333334
148	r0	17.0	0.0	0.0
148	r2	21.66666666666667	0.0	0.0
148	rnapol	0.0	0.0	0.0
149	__protein1_rbs	15.333333333333336	0.0	0.0
149	__protein2_rbs	22.0	0.0	0.0
149	__protein3_rbs	18.666666666666668	0.0	0.0
149	__ribosome	21.66666666666667	0.0	0.0
149	__rnase_site_ext	39.333333333333336	0.0	0.0
149	p0	0.6666666666666666	0.0	0.0
149	p1	0.6666666666666666	0.0	0.0
149	p2	1.0	0.0	0.0
149	protein1	662.3333333333334	17.0	1.0626363333333333
149	protein2	912.3333333333335	25.33333333333333	1.1497476666666666
149	protein3	862.6666666666665	22.0	1.4234266666666666
149	r0	17.0	0.0	0.0
149	r2	21.66666666666667	0.0	0.0
149	rnapol	1.0	0.0	0.0
150	__protein1_rbs	14.0	0.0	0.0
150	__protein2_rbs	21.33333333333333	0.0	0.0
150	__protein3_rbs	16.666666666666668	0.0	0.0
150	__ribosome	18.0	0.0	0.0
150	__rnase_site_ext	40.0	0.0	0.0
150	p0	1.0	0.0	0.0
150	p1	1.0	0.0	0.0
150	p2	1.0	0.0	0.0
150	protein1	669.6666666666666	17.333333333333332	0.9669763333333332
150	protein2	920.3333333333335	25.66666666666667	1.1758456666666668
150	protein3	869.6666666666665	21.66666666666667	1.6259493333333337
150	r0	17.666666666666668	0.0	0.0
150	r2	21.33333333333333	0.0	0.0
150	rnapol	1.3333333333333333	0.0	0.0
151	__protein1_rbs	15.333333333333336	0.0	0.0
151	__protein2_rbs	22.0	0.0	0.0
151	__protein3_rbs	18.666666666666668	0.0	0.0
151	__ribosome	19.0	0.0	0.0
151	__rnase_site_ext	40.0	0.0	0.0
151	p0	1.0	0.0	0.0
151	p1	1.0	0.0	0.0
151	p2	1.0	0.0	0.0
151	protein1	675.6666666666666	18.0	0.989035
151	protein2	928.6666666666665	25.66666666666667	1.1163043333333331
151	protein3	877.0	21.33333333333333	1.622567
151	r0	18.0	0.0	0.0
151	r2	20.666666666666668	0.0	0.0
151	rnapol	1.0	0.0	0.0
152	__protein1_rbs	16.0	0.0	0.0
152	__protein2_rbs	19.666666666666668	0.0	0.0
152	__protein3_rbs	18.666666666666668	0.0	0.0
152	__ribosome	15.0	0.0	0.0
152	__rnase_site_ext	40.66666666666666	0.0	0.0
152	p0	1.0	0.0	0.0
152	p1	0.6666666666666666	0.0	0.0
152	p2	1.0	0.0	0.0
152	protein1	680.0	18.666666666666668	0.9532506666666666
152	protein2	935.3333333333335	25.66666666666667	1.3338163333333333
152	protein3	884.3333333333335	20.666666666666668	1.6111113333333331
152	r0	18.666666666666668	0.0	0.0
152	r2	21.0	0.0	0.0
152	rnapol	1.3333333333333333	0.0	0.0
153	__protein1_rbs	15.333333333333336	0.0	0.0
153	__protein2_rbs	23.0	0.0	0.0
153	__protein3_rbs	16.666666666666668	0.0	0.0
153	__ribosome	19.666666666666668	0.0	0.0
153	__rnase_site_ext	40.66666666666666	0.0	0.0
153	p0	1.0	0.0	0.0
153	p1	1.0	0.0	0.0
153	p2	1.0	0.0	0.0
153	protein1	686.6666666666666	18.666666666666668	0.9292053333333332
153	protein2	943.0	26.0	1.3015816666666666
153	protein3	894.6666666666665	21.0	1.410967
153	r0	18.0	0.0	0.0
153	r2	21.0	0.0	0.0
153	rnapol	0.3333333333333333	0.0	0.0
154	__protein1_rbs	14.333333333333336	0.0	0.0
154	__protein2_rbs	21.66666666666667	0.0	0.0
154	__protein3_rbs	18.33333333333333	0.0	0.0
154	__ribosome	16.666666666666668	0.0	0.0
154	__rnase_site_ext	40.333333333333336	0.0	0.0
154	p0	1.0	0.0	0.0
154	p1	0.6666666666666666	0.0	0.0
154	p2	1.0	0.0	0.0
154	protein1	692.3333333333335	18.666666666666668	1.1231166666666668
154	protein2	951.3333333333335	26.0	1.3720276666666666
154	protein3	903.3333333333335	20.666666666666668	1.308428666666667
154	r0	18.33333333333333	0.0	0.0
154	r2	21.0	0.0	0.0
154	rnapol	0.0	0.0	0.0
155	__protein1_rbs	15.666666666666664	0.0	0.0
155	__protein2_rbs	21.66666666666667	0.0	0.0
155	__protein3_rbs	17.666666666666668	0.0	0.0
155	__ribosome	18.33333333333333	0.0	0.0
155	__rnase_site_ext	40.0	0.0	0.0
155	p0	1.0	0.0	0.0
155	p1	1.0	0.0	0.0
155	p2	1.0	0.0	0.0
155	protein1	697.6666666666665	18.33333333333333	1.0907406666666668
155	protein2	959.6666666666665	26.66666666666667	1.3394876666666669
155	protein3	910.3333333333335	20.33333333333333	1.2981660000000002
155	r0	18.0	0.0	0.0
155	r2	20.33333333333333	0.0	0.0
155	rnapol	0.3333333333333333	0.0	0.0
156	__protein1_rbs	15.666666666666664	0.0	0.0
156	__protein2_rbs	23.66666666666667	0.0	0.0
156	__protein3_rbs	18.0	0.0	0.0
156	__ribosome	19.33333333333333	0.0	0.0
156	__rnase_site_ext	40.0	0.0	0.0
156	p0	0.6666666666666666	0.0	0.0
156	p1	1.0	0.0	0.0
156	p2	0.6666666666666666	0.0	0.0
156	protein1	703.3333333333335	18.33333333333333	1.0848583333333333
156	protein2	969.0	27.0	1.2663236666666666
156	protein3	918.0	20.33333333333333	1.2998406666666666
156	r0	17.666666666666668	0.0	0.0
156	r2	20.666666666666668	0.0	0.0
156	rnapol	0.3333333333333333	0.0	0.0
157	__protein1_rbs	16.666666666666668	0.0	0.0
157	__protein2_rbs	23.66666666666667	0.0	0.0
157	__protein3_rbs	18.0	0.0	0.0
157	__ribosome	20.33333333333333	0.0	0.0
157	__rnase_site_ext	41.0	0.0	0.0
157	p0	1.0	0.0	0.0
157	p1	1.0	0.0	0.0
157	p2	1.0	0.0	0.0
157	protein1	711.6666666666665	18.666666666666668	0.9962963333333332
157	protein2	979.6666666666665	27.33333333333333	1.170106
157	protein3	922.3333333333335	20.33333333333333	1.4106856666666665
157	r0	18.666666666666668	0.0	0.0
157	r2	20.666666666666668	0.0	0.0
157	rnapol	1.3333333333333333	0.0	0.0
158	__protein1_rbs	17.333333333333332	0.0	0.0
158	__protein2_rbs	22.66666666666667	0.0	0.0
158	__protein3_rbs	16.0	0.0	0.0
158	__ribosome	18.33333333333333	0.0	0.0
158	__rnase_site_ext	41.0	0.0	0.0
158	p0	1.0	0.0	0.0
158	p1	1.0	0.0	0.0
158	p2	0.6666666666666666	0.0	0.0
158	protein1	717.0	18.666666666666668	1.0164086666666663
158	protein2	988.3333333333335	27.0	1.238544
158	protein3	931.0	20.666666666666668	1.409091
158	r0	18.666666666666668	0.0	0.0
158	r2	21.0	0.0	0.0
158	rnapol	1.3333333333333333	0.0	0.0
159	__protein1_rbs	14.0	0.0	0.0
159	__protein2_rbs	21.66666666666667	0.0	0.0
159	__protein3_rbs	17.666666666666668	0.0	0.0
159	__ribosome	12.0	0.0	0.0
159	__rnase_site_ext	38.66666666666666	0.0	0.0
159	p0	0.6666666666666666	0.0	0.0
159	p1	1.0	0.0	0.0
159	p2	0.6666666666666666	0.0	0.0
159	protein1	723.0	18.0	1.239352
159	protein2	996.0	26.33333333333333	1.3239663333333336
159	protein3	936.0	21.33333333333333	1.4480516666666663
159	r0	16.666666666666668	0.0	0.0
159	r2	21.0	0.0	0.0
159	rnapol	1.0	0.0	0.0
160	__protein1_rbs	13.666666666666664	0.0	0.0
160	__protein2_rbs	22.66666666666667	0.0	0.0
160	__protein3_rbs	16.666666666666668	0.0	0.0
160	__ribosome	13.666666666666664	0.0	0.0
160	__rnase_site_ext	40.0	0.0	0.0
160	p0	1.0	0.0	0.0
160	p1	0.6666666666666666	0.0	0.0
160	p2	1.0	0.0	0.0
160	protein1	730.0	17.666666666666668	1.2037036666666667
160	protein2	1004.6666666666665	26.33333333333333	1.3718466666666669
160	protein3	945.0	21.0	1.4020200000000005
160	r0	17.333333333333332	0.0	0.0
160	r2	21.0	0.0	0.0
160	rnapol	1.3333333333333333	0.0	0.0
161	__protein1_rbs	15.666666666666664	0.0	0.0
161	__protein2_rbs	22.0	0.0	0.0
161	__protein3_rbs	18.0	0.0	0.0
161	__ribosome	16.333333333333332	0.0	0.0
161	__rnase_site_ext	40.333333333333336	0.0	0.0
161	p0	1.0	0.0	0.0
161	p1	1.0	0.0	0.0
161	p2	1.0	0.0	0.0
161	protein1	737.0	17.333333333333332	1.0599126666666667
161	protein2	1013.3333333333335	27.0	1.298303
161	protein3	950.6666666666665	21.66666666666667	1.3997113333333333
161	r0	17.0	0.0	0.0
161	r2	21.66666666666667	0.0	0.0
161	rnapol	0.3333333333333333	0.0	0.0
162	__protein1_rbs	14.333333333333336	0.0	0.0
162	__protein2_rbs	22.33333333333333	0.0	0.0
162	__protein3_rbs	17.0	0.0	0.0
162	__ribosome	17.0	0.0	0.0
162	__rnase_site_ext	40.66666666666666	0.0	0.0
162	p0	1.0	0.0	0.0
162	p1	1.0	0.0	0.0
162	p2	1.0	0.0	0.0
162	protein1	744.3333333333335	17.333333333333332	0.9814813333333332
162	protein2	1022.3333333333335	27.33333333333333	1.3017243333333333
162	protein3	958.6666666666665	21.0	1.4548343333333331
162	r0	17.333333333333332	0.0	0.0
162	r2	20.666666666666668	0.0	0.0
162	rnapol	0.6666666666666666	0.0	0.0
163	__protein1_rbs	14.0	0.0	0.0
163	__protein2_rbs	23.66666666666667	0.0	0.0
163	__protein3_rbs	16.0	0.0	0.0
163	__ribosome	16.0	0.0	0.0
163	__rnase_site_ext	40.66666666666666	0.0	0.0
163	p0	0.6666666666666666	0.0	0.0
163	p1	1.0	0.0	0.0
163	p2	1.0	0.0	0.0
163	protein1	751.0	17.333333333333332	0.9237473333333334
163	protein2	1032.3333333333333	27.33333333333333	1.2945403333333332
163	protein3	965.3333333333335	20.33333333333333	1.5986443333333331
163	r0	17.0	0.0	0.0
163	r2	20.666666666666668	0.0	0.0
163	rnapol	0.0	0.0	0.0
164	__protein1_rbs	13.666666666666664	0.0	0.0
164	__protein2_rbs	24.0	0.0	0.0
164	__protein3_rbs	17.333333333333332	0.0	0.0
164	__ribosome	18.666666666666668	0.0	0.0
164	__rnase_site_ext	41.0	0.0	0.0
164	p0	0.6666666666666666	0.0	0.0
164	p1	1.0	0.0	0.0
164	p2	1.0	0.0	0.0
164	protein1	755.6666666666665	17.666666666666668	1.0054466666666666
164	protein2	1041.3333333333333	27.66666666666667	1.220977
164	protein3	974.3333333333335	20.666666666666668	1.4385586666666663
164	r0	17.333333333333332	0.0	0.0
164	r2	20.666666666666668	0.0	0.0
164	rnapol	1.0	0.0	0.0
165	__protein1_rbs	13.333333333333336	0.0	0.0
165	__protein2_rbs	23.0	0.0	0.0
165	__protein3_rbs	16.666666666666668	0.0	0.0
165	__ribosome	15.666666666666664	0.0	0.0
165	__rnase_site_ext	41.66666666666666	0.0	0.0
165	p0	1.0	0.0	0.0
165	p1	1.0	0.0	0.0
165	p2	0.6666666666666666	0.0	0.0
165	protein1	761.6666666666665	17.666666666666668	1.017429
165	protein2	1050.0	28.0	1.239387
165	protein3	979.6666666666665	20.666666666666668	1.5387873333333335
165	r0	17.666666666666668	0.0	0.0
165	r2	21.0	0.0	0.0
165	rnapol	0.6666666666666666	0.0	0.0
166	__protein1_rbs	15.333333333333336	0.0	0.0
166	__protein2_rbs	21.33333333333333	0.0	0.0
166	__protein3_rbs	18.666666666666668	0.0	0.0
166	__ribosome	19.666666666666668	0.0	0.0
166	__rnase_site_ext	42.333333333333336	0.0	0.0
166	p0	1.0	0.0	0.0
166	p1	1.0	0.0	0.0
166	p2	1.0	0.0	0.0
166	protein1	767.0	18.0	0.9207083333333334
166	protein2	1059.3333333333333	27.0	1.3035713333333334
166	protein3	989.6666666666665	21.0	1.361696
166	r0	18.33333333333333	0.0	0.0
166	r2	21.33333333333333	0.0	0.0
166	rnapol	0.3333333333333333	0.0	0.0
167	__protein1_rbs	14.333333333333336	0.0	0.0
167	__protein2_rbs	23.0	0.0	0.0
167	__protein3_rbs	17.0	0.0	0.0
167	__ribosome	19.33333333333333	0.0	0.0
167	__rnase_site_ext	42.0	0.0	0.0
167	p0	1.0	0.0	0.0
167	p1	0.6666666666666666	0.0	0.0
167	p2	1.0	0.0	0.0
167	protein1	772.0	18.0	0.988426
167	protein2	1069.6666666666667	27.0	1.2125753333333331
167	protein3	996.6666666666665	21.66666666666667	1.3979266666666668
167	r0	17.666666666666668	0.0	0.0
167	r2	21.66666666666667	0.0	0.0
167	rnapol	0.3333333333333333	0.0	0.0
168	__protein1_rbs	16.0	0.0	0.0
168	__protein2_rbs	24.33333333333333	0.0	0.0
168	__protein3_rbs	16.666666666666668	0.0	0.0
168	__ribosome	18.33333333333333	0.0	0.0
168	__rnase_site_ext	41.66666666666666	0.0	0.0
168	p0	1.0	0.0	0.0
168	p1	1.0	0.0	0.0
168	p2	1.0	0.0	0.0
168	protein1	779.0	18.0	0.9046296666666668
168	protein2	1076.3333333333333	27.33333333333333	1.2351536666666667
168	protein3	1003.0	21.0	1.493407333333333
168	r0	18.0	0.0	0.0
168	r2	21.0	0.0	0.0
168	rnapol	1.0	0.0	0.0
169	__protein1_rbs	14.0	0.0	0.0
169	__protein2_rbs	22.33333333333333	0.0	0.0
169	__protein3_rbs	16.666666666666668	0.0	0.0
169	__ribosome	19.33333333333333	0.0	0.0
169	__rnase_site_ext	40.66666666666666	0.0	0.0
169	p0	1.0	0.0	0.0
169	p1	0.6666666666666666	0.0	0.0
169	p2	1.0	0.0	0.0
169	protein1	783.6666666666665	17.666666666666668	1.0069443333333334
169	protein2	1086.0	27.66666666666667	1.221609333333333
169	protein3	1012.0	20.666666666666668	1.408787
169	r0	17.333333333333332	0.0	0.0
169	r2	20.666666666666668	0.0	0.0
169	rnapol	1.6666666666666667	0.0	0.0
170	__protein1_rbs	13.333333333333336	0.0	0.0
170	__protein2_rbs	23.66666666666667	0.0	0.0
170	__protein3_rbs	19.0	0.0	0.0
170	__ribosome	19.0	0.0	0.0
170	__rnase_site_ext	41.333333333333336	0.0	0.0
170	p0	1.0	0.0	0.0
170	p1	0.6666666666666666	0.0	0.0
170	p2	1.0	0.0	0.0
170	protein1	789.3333333333335	17.666666666666668	1.1429093333333336
170	protein2	1095.6666666666667	28.0	1.1560566666666665
170	protein3	1017.0	20.666666666666668	1.3794333333333333
170	r0	17.666666666666668	0.0	0.0
170	r2	20.666666666666668	0.0	0.0
170	rnapol	1.0	0.0	0.0
171	__protein1_rbs	14.0	0.0	0.0
171	__protein2_rbs	21.66666666666667	0.0	0.0
171	__protein3_rbs	16.666666666666668	0.0	0.0
171	__ribosome	13.0	0.0	0.0
171	__rnase_site_ext	41.333333333333336	0.0	0.0
171	p0	1.0	0.0	0.0
171	p1	1.0	0.0	0.0
171	p2	0.6666666666666666	0.0	0.0
171	protein1	795.3333333333335	18.0	1.2370370000000002
171	protein2	1104.6666666666667	28.33333333333333	1.27486
171	protein3	1024.6666666666667	20.666666666666668	1.417635
171	r0	17.333333333333332	0.0	0.0
171	r2	20.666666666666668	0.0	0.0
171	rnapol	1.6666666666666667	0.0	0.0
172	__protein1_rbs	14.666666666666664	0.0	0.0
172	__protein2_rbs	24.66666666666667	0.0	0.0
172	__protein3_rbs	18.33333333333333	0.0	0.0
172	__ribosome	17.0	0.0	0.0
172	__rnase_site_ext	41.333333333333336	0.0	0.0
172	p0	1.0	0.0	0.0
172	p1	1.0	0.0	0.0
172	p2	1.0	0.0	0.0
172	protein1	801.6666666666665	17.0	1.2333333333333334
172	protein2	1109.6666666666667	28.33333333333333	1.3516946666666667
172	protein3	1034.6666666666667	21.33333333333333	1.1511336666666667
172	r0	17.0	0.0	0.0
172	r2	21.66666666666667	0.0	0.0
172	rnapol	1.0	0.0	0.0
173	__protein1_rbs	15.0	0.0	0.0
173	__protein2_rbs	19.33333333333333	0.0	0.0
173	__protein3_rbs	18.33333333333333	0.0	0.0
173	__ribosome	15.0	0.0	0.0
173	__rnase_site_ext	41.66666666666666	0.0	0.0
173	p0	1.0	0.0	0.0
173	p1	1.0	0.0	0.0
173	p2	1.0	0.0	0.0
173	protein1	808.3333333333335	17.333333333333332	1.1968253333333332
173	protein2	1120.3333333333333	27.66666666666667	1.4861346666666666
173	protein3	1041.3333333333333	21.66666666666667	1.1110013333333333
173	r0	17.0	0.0	0.0
173	r2	21.66666666666667	0.0	0.0
173	rnapol	1.0	0.0	0.0
174	__protein1_rbs	14.333333333333336	0.0	0.0
174	__protein2_rbs	24.0	0.0	0.0
174	__protein3_rbs	18.666666666666668	0.0	0.0
174	__ribosome	16.333333333333332	0.0	0.0
174	__rnase_site_ext	42.0	0.0	0.0
174	p0	1.0	0.0	0.0
174	p1	1.0	0.0	0.0
174	p2	1.0	0.0	0.0
174	protein1	816.3333333333335	17.333333333333332	1.0757936666666663
174	protein2	1129.6666666666667	28.0	1.379012
174	protein3	1045.6666666666667	22.0	1.2108586666666663
174	r0	17.333333333333332	0.0	0.0
174	r2	22.0	0.0	0.0
174	rnapol	1.0	0.0	0.0
175	__protein1_rbs	13.333333333333336	0.0	0.0
175	__protein2_rbs	23.0	0.0	0.0
175	__protein3_rbs	16.333333333333332	0.0	0.0
175	__ribosome	16.333333333333332	0.0	0.0
175	__rnase_site_ext	41.333333333333336	0.0	0.0
175	p0	0.6666666666666666	0.0	0.0
175	p1	1.0	0.0	0.0
175	p2	1.0	0.0	0.0
175	protein1	822.0	17.333333333333332	1.102976
175	protein2	1142.6666666666667	28.0	1.3086416666666667
175	protein3	1052.3333333333333	21.66666666666667	1.2765873333333333
175	r0	17.0	0.0	0.0
175	r2	21.66666666666667	0.0	0.0
175	rnapol	1.0	0.0	0.0
176	__protein1_rbs	15.333333333333336	0.0	0.0
176	__protein2_rbs	23.0	0.0	0.0
176	__protein3_rbs	17.666666666666668	0.0	0.0
176	__ribosome	14.666666666666664	0.0	0.0
176	__rnase_site_ext	42.66666666666666	0.0	0.0
176	p0	1.0	0.0	0.0
176	p1	1.0	0.0	0.0
176	p2	1.0	0.0	0.0
176	protein1	828.3333333333335	18.0	0.997257
176	protein2	1150.3333333333333	28.33333333333333	1.4007933333333331
176	protein3	1059.3333333333333	21.33333333333333	1.2874893333333333
176	r0	18.0	0.0	0.0
176	r2	22.0	0.0	0.0
176	rnapol	0.6666666666666666	0.0	0.0
177	__protein1_rbs	15.666666666666664	0.0	0.0
177	__protein2_rbs	23.0	0.0	0.0
177	__protein3_rbs	18.666666666666668	0.0	0.0
177	__ribosome	17.666666666666668	0.0	0.0
177	__rnase_site_ext	42.66666666666666	0.0	0.0
177	p0	1.0	0.0	0.0
177	p1	1.0	0.0	0.0
177	p2	0.6666666666666666	0.0	0.0
177	protein1	834.0	18.0	0.9739143333333334
177	protein2	1162.3333333333333	28.33333333333333	1.243386
177	protein3	1065.3333333333333	22.0	1.322474666666667
177	r0	18.0	0.0	0.0
177	r2	22.0	0.0	0.0
177	rnapol	1.3333333333333333	0.0	0.0
178	__protein1_rbs	15.333333333333336	0.0	0.0
178	__protein2_rbs	25.0	0.0	0.0
178	__protein3_rbs	19.33333333333333	0.0	0.0
178	__ribosome	20.33333333333333	0.0	0.0
178	__rnase_site_ext	43.66666666666666	0.0	0.0
178	p0	1.0	0.0	0.0
178	p1	0.3333333333333333	0.0	0.0
178	p2	1.0	0.0	0.0
178	protein1	842.3333333333335	18.33333333333333	0.8872353333333334
178	protein2	1171.6666666666667	27.66666666666667	1.2154106666666669
178	protein3	1071.6666666666667	22.66666666666667	1.309343666666667
178	r0	18.666666666666668	0.0	0.0
178	r2	22.66666666666667	0.0	0.0
178	rnapol	0.6666666666666666	0.0	0.0
179	__protein1_rbs	14.333333333333336	0.0	0.0
179	__protein2_rbs	22.33333333333333	0.0	0.0
179	__protein3_rbs	20.0	0.0	0.0
179	__ribosome	20.33333333333333	0.0	0.0
179	__rnase_site_ext	43.66666666666666	0.0	0.0
179	p0	1.0	0.0	0.0
179	p1	1.0	0.0	0.0
179	p2	1.0	0.0	0.0
179	protein1	847.0	18.33333333333333	1.027451
179	protein2	1182.0	27.66666666666667	1.2154106666666669
179	protein3	1080.0	22.66666666666667	1.1944443333333334
179	r0	18.33333333333333	0.0	0.0
179	r2	22.66666666666667	0.0	0.0
179	rnapol	0.6666666666666666	0.0	0.0
180	__protein1_rbs	14.0	0.0	0.0
180	__protein2_rbs	24.66666666666667	0.0	0.0
180	__protein3_rbs	20.0	0.0	0.0
180	__ribosome	14.0	0.0	0.0
180	__rnase_site_ext	43.33333333333334	0.0	0.0
180	p0	1.0	0.0	0.0
180	p1	0.6666666666666666	0.0	0.0
180	p2	1.0	0.0	0.0
180	protein1	851.6666666666665	18.0	1.2000343333333332
180	protein2	1189.6666666666667	28.0	1.2753083333333333
180	protein3	1085.3333333333333	23.0	1.2472003333333332
180	r0	18.33333333333333	0.0	0.0
180	r2	22.66666666666667	0.0	0.0
180	rnapol	1.0	0.0	0.0
181	__protein1_rbs	15.666666666666664	0.0	0.0
181	__protein2_rbs	22.0	0.0	0.0
181	__protein3_rbs	20.0	0.0	0.0
181	__ribosome	13.0	0.0	0.0
181	__rnase_site_ext	43.33333333333334	0.0	0.0
181	p0	1.0	0.0	0.0
181	p1	1.0	0.0	0.0
181	p2	1.0	0.0	0.0
181	protein1	857.0	18.33333333333333	1.2930856666666666
181	protein2	1199.0	28.33333333333333	1.3114293333333336
181	protein3	1093.3333333333333	22.66666666666667	1.159091
181	r0	18.666666666666668	0.0	0.0
181	r2	22.33333333333333	0.0	0.0
181	rnapol	1.3333333333333333	0.0	0.0
182	__protein1_rbs	15.0	0.0	0.0
182	__protein2_rbs	23.66666666666667	0.0	0.0
182	__protein3_rbs	18.0	0.0	0.0
182	__ribosome	16.0	0.0	0.0
182	__rnase_site_ext	42.0	0.0	0.0
182	p0	1.0	0.0	0.0
182	p1	1.0	0.0	0.0
182	p2	1.0	0.0	0.0
182	protein1	865.3333333333335	18.0	1.198465
182	protein2	1208.0	28.66666666666667	1.3462336666666666
182	protein3	1101.3333333333333	21.66666666666667	1.1069703333333334
182	r0	17.333333333333332	0.0	0.0
182	r2	21.66666666666667	0.0	0.0
182	rnapol	1.6666666666666667	0.0	0.0
183	__protein1_rbs	15.333333333333336	0.0	0.0
183	__protein2_rbs	23.66666666666667	0.0	0.0
183	__protein3_rbs	19.0	0.0	0.0
183	__ribosome	19.666666666666668	0.0	0.0
183	__rnase_site_ext	42.66666666666666	0.0	0.0
183	p0	1.0	0.0	0.0
183	p1	0.6666666666666666	0.0	0.0
183	p2	1.0	0.0	0.0
183	protein1	873.3333333333335	18.0	1.1398146666666669
183	protein2	1217.3333333333333	29.0	1.344965
183	protein3	1108.3333333333333	21.66666666666667	0.9710143333333332
183	r0	18.33333333333333	0.0	0.0
183	r2	21.33333333333333	0.0	0.0
183	rnapol	1.6666666666666667	0.0	0.0
184	__protein1_rbs	15.333333333333336	0.0	0.0
184	__protein2_rbs	26.33333333333333	0.0	0.0
184	__protein3_rbs	16.666666666666668	0.0	0.0
184	__ribosome	15.333333333333336	0.0	0.0
184	__rnase_site_ext	42.66666666666666	0.0	0.0
184	p0	1.0	0.0	0.0
184	p1	1.0	0.0	0.0
184	p2	1.0	0.0	0.0
184	protein1	879.6666666666665	18.0	1.162037
184	protein2	1226.6666666666667	29.66666666666667	1.3041873333333334
184	protein3	1113.0	21.33333333333333	1.192270333333333
184	r0	18.0	0.0	0.0
184	r2	21.66666666666667	0.0	0.0
184	rnapol	1.0	0.0	0.0
185	__protein1_rbs	15.666666666666664	0.0	0.0
185	__protein2_rbs	26.0	0.0	0.0
185	__protein3_rbs	18.666666666666668	0.0	0.0
185	__ribosome	20.33333333333333	0.0	0.0
185	__rnase_site_ext	43.33333333333334	0.0	0.0
185	p0	1.0	0.0	0.0
185	p1	1.0	0.0	0.0
185	p2	1.0	0.0	0.0
185	protein1	886.0	18.666666666666668	1.0852786666666667
185	protein2	1237.6666666666667	29.33333333333333	1.2044620000000001
185	protein3	1119.0	21.66666666666667	1.1404760000000005
185	r0	18.666666666666668	0.0	0.0
185	r2	22.0	0.0	0.0
185	rnapol	0.6666666666666666	0.0	0.0
186	__protein1_rbs	14.666666666666664	0.0	0.0
186	__protein2_rbs	23.0	0.0	0.0
186	__protein3_rbs	20.0	0.0	0.0
186	__ribosome	17.333333333333332	0.0	0.0
186	__rnase_site_ext	42.66666666666666	0.0	0.0
186	p0	1.0	0.0	0.0
186	p1	0.6666666666666666	0.0	0.0
186	p2	1.0	0.0	0.0
186	protein1	894.0	18.666666666666668	1.0412386666666666
186	protein2	1247.0	28.66666666666667	1.289454
186	protein3	1124.6666666666667	21.66666666666667	1.2180813333333331
186	r0	18.666666666666668	0.0	0.0
186	r2	22.0	0.0	0.0
186	rnapol	0.3333333333333333	0.0	0.0
187	__protein1_rbs	16.666666666666668	0.0	0.0
187	__protein2_rbs	24.66666666666667	0.0	0.0
187	__protein3_rbs	16.666666666666668	0.0	0.0
187	__ribosome	17.333333333333332	0.0	0.0
187	__rnase_site_ext	42.66666666666666	0.0	0.0
187	p0	1.0	0.0	0.0
187	p1	0.6666666666666666	0.0	0.0
187	p2	1.0	0.0	0.0
187	protein1	900.3333333333335	18.666666666666668	0.9407096666666668
187	protein2	1258.3333333333333	29.33333333333333	1.2170336666666668
187	protein3	1130.0	21.66666666666667	1.3694083333333331
187	r0	19.0	0.0	0.0
187	r2	21.66666666666667	0.0	0.0
187	rnapol	0.6666666666666666	0.0	0.0
188	__protein1_rbs	15.666666666666664	0.0	0.0
188	__protein2_rbs	25.33333333333333	0.0	0.0
188	__protein3_rbs	21.0	0.0	0.0
188	__ribosome	19.0	0.0	0.0
188	__rnase_site_ext	42.66666666666666	0.0	0.0
188	p0	0.6666666666666666	0.0	0.0
188	p1	1.0	0.0	0.0
188	p2	1.0	0.0	0.0
188	protein1	906.3333333333335	18.666666666666668	0.8964599999999999
188	protein2	1267.3333333333333	29.66666666666667	1.2278163333333334
188	protein3	1138.6666666666667	22.33333333333333	1.2546583333333332
188	r0	18.33333333333333	0.0	0.0
188	r2	22.33333333333333	0.0	0.0
188	rnapol	0.3333333333333333	0.0	0.0
189	__protein1_rbs	17.333333333333332	0.0	0.0
189	__protein2_rbs	24.33333333333333	0.0	0.0
189	__protein3_rbs	18.666666666666668	0.0	0.0
189	__ribosome	15.0	0.0	0.0
189	__rnase_site_ext	43.33333333333334	0.0	0.0
189	p0	1.0	0.0	0.0
189	p1	1.0	0.0	0.0
189	p2	1.0	0.0	0.0
189	protein1	913.0	19.0	0.803429
189	protein2	1274.6666666666667	29.33333333333333	1.309876
189	protein3	1144.3333333333333	22.66666666666667	1.388889
189	r0	19.0	0.0	0.0
189	r2	22.33333333333333	0.0	0.0
189	rnapol	0.0	0.0	0.0
190	__protein1_rbs	16.333333333333332	0.0	0.0
190	__protein2_rbs	23.33333333333333	0.0	0.0
190	__protein3_rbs	19.0	0.0	0.0
190	__ribosome	15.0	0.0	0.0
190	__rnase_site_ext	43.33333333333334	0.0	0.0
190	p0	1.0	0.0	0.0
190	p1	1.0	0.0	0.0
190	p2	0.6666666666666666	0.0	0.0
190	protein1	917.0	19.0	0.794956
190	protein2	1285.6666666666667	28.66666666666667	1.322274333333333
190	protein3	1151.3333333333333	22.33333333333333	1.413285
190	r0	19.0	0.0	0.0
190	r2	23.0	0.0	0.0
190	rnapol	0.0	0.0	0.0
191	__protein1_rbs	15.666666666666664	0.0	0.0
191	__protein2_rbs	24.33333333333333	0.0	0.0
191	__protein3_rbs	20.0	0.0	0.0
191	__ribosome	18.0	0.0	0.0
191	__rnase_site_ext	43.0	0.0	0.0
191	p0	1.0	0.0	0.0
191	p1	0.6666666666666666	0.0	0.0
191	p2	0.6666666666666666	0.0	0.0
191	protein1	924.0	19.0	0.7352469999999999
191	protein2	1295.3333333333333	29.0	1.2569416666666668
191	protein3	1159.0	23.33333333333333	1.3555556666666666
191	r0	19.0	0.0	0.0
191	r2	23.66666666666667	0.0	0.0
191	rnapol	0.3333333333333333	0.0	0.0
192	__protein1_rbs	14.333333333333336	0.0	0.0
192	__protein2_rbs	24.0	0.0	0.0
192	__protein3_rbs	20.666666666666668	0.0	0.0
192	__ribosome	15.0	0.0	0.0
192	__rnase_site_ext	43.0	0.0	0.0
192	p0	1.0	0.0	0.0
192	p1	1.0	0.0	0.0
192	p2	1.0	0.0	0.0
192	protein1	928.3333333333335	19.33333333333333	0.8813406666666667
192	protein2	1305.6666666666667	29.0	1.2914246666666669
192	protein3	1167.0	24.0	1.267968
192	r0	19.0	0.0	0.0
192	r2	24.0	0.0	0.0
192	rnapol	1.0	0.0	0.0
193	__protein1_rbs	17.666666666666668	0.0	0.0
193	__protein2_rbs	26.33333333333333	0.0	0.0
193	__protein3_rbs	20.666666666666668	0.0	0.0
193	__ribosome	19.33333333333333	0.0	0.0
193	__rnase_site_ext	43.33333333333334	0.0	0.0
193	p0	1.0	0.0	0.0
193	p1	1.0	0.0	0.0
193	p2	1.0	0.0	0.0
193	protein1	933.3333333333335	19.33333333333333	0.8795290000000001
193	protein2	1315.3333333333333	29.0	1.218335
193	protein3	1175.6666666666667	24.0	1.1865773333333334
193	r0	19.33333333333333	0.0	0.0
193	r2	24.0	0.0	0.0
193	rnapol	1.3333333333333333	0.0	0.0
194	__protein1_rbs	16.666666666666668	0.0	0.0
194	__protein2_rbs	25.33333333333333	0.0	0.0
194	__protein3_rbs	20.33333333333333	0.0	0.0
194	__ribosome	18.666666666666668	0.0	0.0
194	__rnase_site_ext	44.33333333333334	0.0	0.0
194	p0	1.0	0.0	0.0
194	p1	1.0	0.0	0.0
194	p2	1.0	0.0	0.0
194	protein1	938.3333333333335	19.666666666666668	0.8989093333333334
194	protein2	1325.3333333333333	28.66666666666667	1.1460893333333333
194	protein3	1182.6666666666667	23.66666666666667	1.3160493333333332
194	r0	19.666666666666668	0.0	0.0
194	r2	23.33333333333333	0.0	0.0
194	rnapol	1.0	0.0	0.0
195	__protein1_rbs	14.666666666666664	0.0	0.0
195	__protein2_rbs	22.0	0.0	0.0
195	__protein3_rbs	21.66666666666667	0.0	0.0
195	__ribosome	16.0	0.0	0.0
195	__rnase_site_ext	43.66666666666666	0.0	0.0
195	p0	1.0	0.0	0.0
195	p1	0.6666666666666666	0.0	0.0
195	p2	0.6666666666666666	0.0	0.0
195	protein1	944.0	19.666666666666668	1.007314
195	protein2	1336.0	29.33333333333333	1.2243063333333333
195	protein3	1190.6666666666667	23.33333333333333	1.2365983333333337
195	r0	19.33333333333333	0.0	0.0
195	r2	23.0	0.0	0.0
195	rnapol	1.0	0.0	0.0
196	__protein1_rbs	16.666666666666668	0.0	0.0
196	__protein2_rbs	26.66666666666667	0.0	0.0
196	__protein3_rbs	19.33333333333333	0.0	0.0
196	__ribosome	12.0	0.0	0.0
196	__rnase_site_ext	44.66666666666666	0.0	0.0
196	p0	1.0	0.0	0.0
196	p1	0.6666666666666666	0.0	0.0
196	p2	1.0	0.0	0.0
196	protein1	950.6666666666665	19.666666666666668	0.993808
196	protein2	1344.6666666666667	30.0	1.2448223333333337
196	protein3	1197.3333333333333	23.33333333333333	1.3587653333333334
196	r0	19.33333333333333	0.0	0.0
196	r2	23.66666666666667	0.0	0.0
196	rnapol	0.6666666666666666	0.0	0.0
197	__protein1_rbs	16.0	0.0	0.0
197	__protein2_rbs	28.66666666666667	0.0	0.0
197	__protein3_rbs	19.666666666666668	0.0	0.0
197	__ribosome	14.666666666666664	0.0	0.0
197	__rnase_site_ext	44.66666666666666	0.0	0.0
197	p0	1.0	0.0	0.0
197	p1	1.0	0.0	0.0
197	p2	1.0	0.0	0.0
197	protein1	956.3333333333335	19.33333333333333	0.9884433333333332
197	protein2	1352.0	30.66666666666667	1.2077033333333334
197	protein3	1206.0	23.66666666666667	1.2606836666666668
197	r0	19.33333333333333	0.0	0.0
197	r2	23.66666666666667	0.0	0.0
197	rnapol	1.0	0.0	0.0
198	__protein1_rbs	17.333333333333332	0.0	0.0
198	__protein2_rbs	27.0	0.0	0.0
198	__protein3_rbs	20.666666666666668	0.0	0.0
198	__ribosome	16.333333333333332	0.0	0.0
198	__rnase_site_ext	45.0	0.0	0.0
198	p0	0.6666666666666666	0.0	0.0
198	p1	1.0	0.0	0.0
198	p2	1.0	0.0	0.0
198	protein1	963.6666666666665	19.33333333333333	0.8657763333333334
198	protein2	1361.0	30.66666666666667	1.2337066666666665
198	protein3	1213.0	23.66666666666667	1.2535613333333335
198	r0	19.0	0.0	0.0
198	r2	24.0	0.0	0.0
198	rnapol	1.0	0.0	0.0
199	__protein1_rbs	17.333333333333332	0.0	0.0
199	__protein2_rbs	27.33333333333333	0.0	0.0
199	__protein3_rbs	20.0	0.0	0.0
199	__ribosome	17.333333333333332	0.0	0.0
199	__rnase_site_ext	46.33333333333334	0.0	0.0
199	p0	1.0	0.0	0.0
199	p1	1.0	0.0	0.0
199	p2	0.6666666666666666	0.0	0.0
199	protein1	970.0	20.0	0.9351853333333332
199	protein2	1375.333333333333	31.0	1.050169
199	protein3	1219.6666666666667	24.33333333333333	1.295113
199	r0	20.33333333333333	0.0	0.0
199	r2	24.33333333333333	0.0	0.0
199	rnapol	0.0	0.0	0.0
200	__protein1_rbs	17.0	0.0	0.0
200	__protein2_rbs	24.66666666666667	0.0	0.0
200	__protein3_rbs	20.666666666666668	0.0	0.0
200	__ribosome	15.333333333333336	0.0	0.0
200	__rnase_site_ext	45.33333333333334	0.0	0.0
200	p0	0.3333333333333333	0.0	0.0
200	p1	1.0	0.0	0.0
200	p2	1.0	0.0	0.0
200	protein1	976.0	20.0	0.9551513333333332
200	protein2	1383.666666666667	31.0	1.14778
200	protein3	1229.3333333333333	24.33333333333333	1.2643186666666668
200	r0	20.0	0.0	0.0
200	r2	24.33333333333333	0.0	0.0
200	rnapol	0.6666666666666666	0.0	0.0
201	__protein1_rbs	17.333333333333332	0.0	0.0
201	__protein2_rbs	28.0	0.0	0.0
201	__protein3_rbs	22.66666666666667	0.0	0.0
201	__ribosome	14.333333333333336	0.0	0.0
201	__rnase_site_ext	45.66666666666666	0.0	0.0
201	p0	0.6666666666666666	0.0	0.0
201	p1	0.3333333333333333	0.0	0.0
201	p2	1.0	0.0	0.0
201	protein1	980.6666666666665	20.33333333333333	1.010234
201	protein2	1392.0	30.66666666666667	1.1886409999999998
201	protein3	1235.3333333333333	24.0	1.2444956666666669
201	r0	20.33333333333333	0.0	0.0
201	r2	24.0	0.0	0.0
201	rnapol	0.3333333333333333	0.0	0.0
202	__protein1_rbs	17.333333333333332	0.0	0.0
202	__protein2_rbs	26.66666666666667	0.0	0.0
202	__protein3_rbs	19.666666666666668	0.0	0.0
202	__ribosome	14.0	0.0	0.0
202	__rnase_site_ext	46.66666666666666	0.0	0.0
202	p0	1.0	0.0	0.0
202	p1	0.6666666666666666	0.0	0.0
202	p2	1.0	0.0	0.0
202	protein1	988.6666666666665	20.666666666666668	0.9001950000000001
202	protein2	1400.666666666667	31.0	1.242857
202	protein3	1242.0	24.0	1.2781863333333334
202	r0	20.666666666666668	0.0	0.0
202	r2	24.33333333333333	0.0	0.0
202	rnapol	1.0	0.0	0.0
203	__protein1_rbs	19.33333333333333	0.0	0.0
203	__protein2_rbs	27.66666666666667	0.0	0.0
203	__protein3_rbs	20.666666666666668	0.0	0.0
203	__ribosome	21.33333333333333	0.0	0.0
203	__rnase_site_ext	46.33333333333334	0.0	0.0
203	p0	1.0	0.0	0.0
203	p1	0.6666666666666666	0.0	0.0
203	p2	0.3333333333333333	0.0	0.0
203	protein1	995.6666666666665	20.666666666666668	0.773762
203	protein2	1410.666666666667	31.0	1.1880953333333333
203	protein3	1251.0	24.33333333333333	1.106323333333333
203	r0	20.33333333333333	0.0	0.0
203	r2	24.33333333333333	0.0	0.0
203	rnapol	0.6666666666666666	0.0	0.0
204	__protein1_rbs	16.666666666666668	0.0	0.0
204	__protein2_rbs	28.66666666666667	0.0	0.0
204	__protein3_rbs	22.33333333333333	0.0	0.0
204	__ribosome	21.33333333333333	0.0	0.0
204	__rnase_site_ext	46.66666666666666	0.0	0.0
204	p0	1.0	0.0	0.0
204	p1	0.3333333333333333	0.0	0.0
204	p2	1.0	0.0	0.0
204	protein1	1001.6666666666665	20.0	0.9008333333333334
204	protein2	1423.0	31.66666666666667	1.115843
204	protein3	1260.0	25.33333333333333	1.022137
204	r0	20.0	0.0	0.0
204	r2	25.0	0.0	0.0
204	rnapol	0.0	0.0	0.0
205	__protein1_rbs	15.333333333333336	0.0	0.0
205	__protein2_rbs	28.66666666666667	0.0	0.0
205	__protein3_rbs	23.0	0.0	0.0
205	__ribosome	14.333333333333336	0.0	0.0
205	__rnase_site_ext	46.66666666666666	0.0	0.0
205	p0	1.0	0.0	0.0
205	p1	1.0	0.0	0.0
205	p2	0.6666666666666666	0.0	0.0
205	protein1	1007.6666666666665	20.0	1.0152193333333333
205	protein2	1431.0	32.0	1.1575206666666666
205	protein3	1264.6666666666667	25.0	1.1561006666666669
205	r0	20.0	0.0	0.0
205	r2	25.0	0.0	0.0
205	rnapol	0.3333333333333333	0.0	0.0
206	__protein1_rbs	17.666666666666668	0.0	0.0
206	__protein2_rbs	26.66666666666667	0.0	0.0
206	__protein3_rbs	21.0	0.0	0.0
206	__ribosome	14.666666666666664	0.0	0.0
206	__rnase_site_ext	47.0	0.0	0.0
206	p0	1.0	0.0	0.0
206	p1	1.0	0.0	0.0
206	p2	1.0	0.0	0.0
206	protein1	1013.0	20.0	1.023421
206	protein2	1441.0	31.66666666666667	1.1123243333333337
206	protein3	1270.6666666666667	25.33333333333333	1.2034483333333332
206	r0	20.33333333333333	0.0	0.0
206	r2	25.33333333333333	0.0	0.0
206	rnapol	0.6666666666666666	0.0	0.0
207	__protein1_rbs	17.333333333333332	0.0	0.0
207	__protein2_rbs	27.33333333333333	0.0	0.0
207	__protein3_rbs	22.33333333333333	0.0	0.0
207	__ribosome	17.333333333333332	0.0	0.0
207	__rnase_site_ext	45.66666666666666	0.0	0.0
207	p0	1.0	0.0	0.0
207	p1	1.0	0.0	0.0
207	p2	1.0	0.0	0.0
207	protein1	1020.0	20.0	0.905
207	protein2	1449.333333333333	31.0	1.14792
207	protein3	1278.0	25.33333333333333	1.1864836666666665
207	r0	20.0	0.0	0.0
207	r2	25.33333333333333	0.0	0.0
207	rnapol	2.0	0.0	0.0
208	__protein1_rbs	17.333333333333332	0.0	0.0
208	__protein2_rbs	23.66666666666667	0.0	0.0
208	__protein3_rbs	20.33333333333333	0.0	0.0
208	__ribosome	18.666666666666668	0.0	0.0
208	__rnase_site_ext	46.33333333333334	0.0	0.0
208	p0	1.0	0.0	0.0
208	p1	0.6666666666666666	0.0	0.0
208	p2	1.0	0.0	0.0
208	protein1	1025.6666666666667	20.0	1.0358333333333334
208	protein2	1462.0	30.0	1.1172836666666666
208	protein3	1288.0	25.66666666666667	1.1061726666666667
208	r0	20.0	0.0	0.0
208	r2	25.66666666666667	0.0	0.0
208	rnapol	1.3333333333333333	0.0	0.0
209	__protein1_rbs	17.0	0.0	0.0
209	__protein2_rbs	25.66666666666667	0.0	0.0
209	__protein3_rbs	22.66666666666667	0.0	0.0
209	__ribosome	15.333333333333336	0.0	0.0
209	__rnase_site_ext	47.33333333333334	0.0	0.0
209	p0	1.0	0.0	0.0
209	p1	0.6666666666666666	0.0	0.0
209	p2	1.0	0.0	0.0
209	protein1	1033.0	20.0	0.9433773333333332
209	protein2	1469.333333333333	30.33333333333333	1.2129626666666666
209	protein3	1295.0	26.0	1.1768020000000001
209	r0	20.0	0.0	0.0
209	r2	26.33333333333333	0.0	0.0
209	rnapol	0.6666666666666666	0.0	0.0
210	__protein1_rbs	18.33333333333333	0.0	0.0
210	__protein2_rbs	27.66666666666667	0.0	0.0
210	__protein3_rbs	22.66666666666667	0.0	0.0
210	__ribosome	15.0	0.0	0.0
210	__rnase_site_ext	47.0	0.0	0.0
210	p0	1.0	0.0	0.0
210	p1	1.0	0.0	0.0
210	p2	1.0	0.0	0.0
210	protein1	1038.6666666666667	20.33333333333333	0.9116903333333334
210	protein2	1478.333333333333	30.33333333333333	1.1095240000000002
210	protein3	1299.3333333333333	26.0	1.3030926666666665
210	r0	20.666666666666668	0.0	0.0
210	r2	26.0	0.0	0.0
210	rnapol	0.3333333333333333	0.0	0.0
211	__protein1_rbs	18.33333333333333	0.0	0.0
211	__protein2_rbs	25.66666666666667	0.0	0.0
211	__protein3_rbs	20.666666666666668	0.0	0.0
211	__ribosome	14.666666666666664	0.0	0.0
211	__rnase_site_ext	46.0	0.0	0.0
211	p0	1.0	0.0	0.0
211	p1	1.0	0.0	0.0
211	p2	1.0	0.0	0.0
211	protein1	1047.0	20.33333333333333	0.8680556666666668
211	protein2	1486.0	30.33333333333333	1.0987653333333334
211	protein3	1307.0	25.66666666666667	1.400657
211	r0	20.0	0.0	0.0
211	r2	25.66666666666667	0.0	0.0
211	rnapol	0.6666666666666666	0.0	0.0
212	__protein1_rbs	19.33333333333333	0.0	0.0
212	__protein2_rbs	24.0	0.0	0.0
212	__protein3_rbs	22.0	0.0	0.0
212	__ribosome	17.333333333333332	0.0	0.0
212	__rnase_site_ext	46.0	0.0	0.0
212	p0	1.0	0.0	0.0
212	p1	1.0	0.0	0.0
212	p2	1.0	0.0	0.0
212	protein1	1051.6666666666667	20.33333333333333	0.7893519999999999
212	protein2	1496.666666666667	30.0	1.1362783333333333
212	protein3	1316.6666666666667	25.33333333333333	1.3531503333333332
212	r0	20.0	0.0	0.0
212	r2	25.66666666666667	0.0	0.0
212	rnapol	1.3333333333333333	0.0	0.0
213	__protein1_rbs	18.666666666666668	0.0	0.0
213	__protein2_rbs	25.66666666666667	0.0	0.0
213	__protein3_rbs	20.666666666666668	0.0	0.0
213	__ribosome	17.0	0.0	0.0
213	__rnase_site_ext	46.33333333333334	0.0	0.0
213	p0	1.0	0.0	0.0
213	p1	0.6666666666666666	0.0	0.0
213	p2	1.0	0.0	0.0
213	protein1	1057.3333333333333	20.33333333333333	0.7000166666666666
213	protein2	1507.0	30.33333333333333	1.1859270000000002
213	protein3	1326.0	25.33333333333333	1.3453596666666667
213	r0	20.33333333333333	0.0	0.0
213	r2	25.33333333333333	0.0	0.0
213	rnapol	1.3333333333333333	0.0	0.0
214	__protein1_rbs	18.0	0.0	0.0
214	__protein2_rbs	25.0	0.0	0.0
214	__protein3_rbs	21.33333333333333	0.0	0.0
214	__ribosome	16.0	0.0	0.0
214	__rnase_site_ext	46.0	0.0	0.0
214	p0	0.6666666666666666	0.0	0.0
214	p1	0.6666666666666666	0.0	0.0
214	p2	1.0	0.0	0.0
214	protein1	1064.6666666666667	20.33333333333333	0.6280376666666667
214	protein2	1513.0	30.0	1.2998576666666668
214	protein3	1335.0	25.33333333333333	1.3324606666666667
214	r0	20.33333333333333	0.0	0.0
214	r2	25.33333333333333	0.0	0.0
214	rnapol	0.6666666666666666	0.0	0.0
215	__protein1_rbs	19.33333333333333	0.0	0.0
215	__protein2_rbs	25.66666666666667	0.0	0.0
215	__protein3_rbs	22.66666666666667	0.0	0.0
215	__ribosome	15.666666666666664	0.0	0.0
215	__rnase_site_ext	47.33333333333334	0.0	0.0
215	p0	1.0	0.0	0.0
215	p1	1.0	0.0	0.0
215	p2	1.0	0.0	0.0
215	protein1	1068.3333333333333	21.0	0.6695906666666666
215	protein2	1522.0	30.33333333333333	1.2958553333333334
215	protein3	1343.3333333333333	25.0	1.3166666666666669
215	r0	21.0	0.0	0.0
215	r2	25.0	0.0	0.0
215	rnapol	0.3333333333333333	0.0	0.0
216	__protein1_rbs	18.666666666666668	0.0	0.0
216	__protein2_rbs	26.66666666666667	0.0	0.0
216	__protein3_rbs	21.0	0.0	0.0
216	__ribosome	16.333333333333332	0.0	0.0
216	__rnase_site_ext	46.33333333333334	0.0	0.0
216	p0	1.0	0.0	0.0
216	p1	0.3333333333333333	0.0	0.0
216	p2	1.0	0.0	0.0
216	protein1	1073.3333333333333	21.0	0.6762633333333333
216	protein2	1533.333333333333	30.33333333333333	1.2010583333333331
216	protein3	1349.6666666666667	24.66666666666667	1.4007936666666665
216	r0	20.0	0.0	0.0
216	r2	24.66666666666667	0.0	0.0
216	rnapol	0.6666666666666666	0.0	0.0
217	__protein1_rbs	17.666666666666668	0.0	0.0
217	__protein2_rbs	28.66666666666667	0.0	0.0
217	__protein3_rbs	20.33333333333333	0.0	0.0
217	__ribosome	17.333333333333332	0.0	0.0
217	__rnase_site_ext	47.0	0.0	0.0
217	p0	1.0	0.0	0.0
217	p1	0.6666666666666666	0.0	0.0
217	p2	1.0	0.0	0.0
217	protein1	1078.0	21.0	0.75746
217	protein2	1544.0	31.33333333333333	1.1172506666666666
217	protein3	1360.6666666666667	24.66666666666667	1.3161376666666669
217	r0	21.0	0.0	0.0
217	r2	24.66666666666667	0.0	0.0
217	rnapol	0.6666666666666666	0.0	0.0
218	__protein1_rbs	17.666666666666668	0.0	0.0
218	__protein2_rbs	27.0	0.0	0.0
218	__protein3_rbs	22.0	0.0	0.0
218	__ribosome	17.333333333333332	0.0	0.0
218	__rnase_site_ext	47.0	0.0	0.0
218	p0	0.6666666666666666	0.0	0.0
218	p1	1.0	0.0	0.0
218	p2	1.0	0.0	0.0
218	protein1	1082.0	21.0	0.9236016666666668
218	protein2	1553.333333333333	31.66666666666667	1.0713213333333331
218	protein3	1369.6666666666667	24.66666666666667	1.1931216666666666
218	r0	21.0	0.0	0.0
218	r2	24.66666666666667	0.0	0.0
218	rnapol	0.6666666666666666	0.0	0.0
219	__protein1_rbs	19.0	0.0	0.0
219	__protein2_rbs	26.0	0.0	0.0
219	__protein3_rbs	21.66666666666667	0.0	0.0
219	__ribosome	16.0	0.0	0.0
219	__rnase_site_ext	47.0	0.0	0.0
219	p0	1.0	0.0	0.0
219	p1	0.6666666666666666	0.0	0.0
219	p2	0.3333333333333333	0.0	0.0
219	protein1	1087.3333333333333	21.33333333333333	0.9165043333333333
219	protein2	1563.666666666667	31.0	1.1470993333333332
219	protein3	1377.666666666667	24.66666666666667	1.1666666666666667
219	r0	21.0	0.0	0.0
219	r2	24.66666666666667	0.0	0.0
219	rnapol	0.3333333333333333	0.0	0.0
220	__protein1_rbs	19.666666666666668	0.0	0.0
220	__protein2_rbs	24.0	0.0	0.0
220	__protein3_rbs	22.33333333333333	0.0	0.0
220	__ribosome	15.0	0.0	0.0
220	__rnase_site_ext	48.33333333333334	0.0	0.0
220	p0	1.0	0.0	0.0
220	p1	0.6666666666666666	0.0	0.0
220	p2	1.0	0.0	0.0
220	protein1	1094.0	21.33333333333333	0.8767806666666665
220	protein2	1573.666666666667	30.66666666666667	1.1991793333333334
220	protein3	1385.0	25.33333333333333	1.1765433333333333
220	r0	21.33333333333333	0.0	0.0
220	r2	25.33333333333333	0.0	0.0
220	rnapol	0.6666666666666666	0.0	0.0
221	__protein1_rbs	18.33333333333333	0.0	0.0
221	__protein2_rbs	26.66666666666667	0.0	0.0
221	__protein3_rbs	21.0	0.0	0.0
221	__ribosome	15.0	0.0	0.0
221	__rnase_site_ext	47.0	0.0	0.0
221	p0	1.0	0.0	0.0
221	p1	0.6666666666666666	0.0	0.0
221	p2	1.0	0.0	0.0
221	protein1	1101.6666666666667	21.0	0.7428356666666667
221	protein2	1581.0	31.0	1.287028
221	protein3	1393.333333333333	25.33333333333333	1.17139
221	r0	20.666666666666668	0.0	0.0
221	r2	25.0	0.0	0.0
221	rnapol	1.0	0.0	0.0
222	__protein1_rbs	17.333333333333332	0.0	0.0
222	__protein2_rbs	28.33333333333333	0.0	0.0
222	__protein3_rbs	21.0	0.0	0.0
222	__ribosome	16.333333333333332	0.0	0.0
222	__rnase_site_ext	46.66666666666666	0.0	0.0
222	p0	1.0	0.0	0.0
222	p1	0.6666666666666666	0.0	0.0
222	p2	1.0	0.0	0.0
222	protein1	1105.6666666666667	20.33333333333333	0.8832656666666666
222	protein2	1590.666666666667	31.33333333333333	1.2116856666666669
222	protein3	1401.333333333333	25.0	1.1565449999999995
222	r0	20.33333333333333	0.0	0.0
222	r2	25.0	0.0	0.0
222	rnapol	1.0	0.0	0.0
223	__protein1_rbs	17.666666666666668	0.0	0.0
223	__protein2_rbs	27.66666666666667	0.0	0.0
223	__protein3_rbs	20.33333333333333	0.0	0.0
223	__ribosome	16.666666666666668	0.0	0.0
223	__rnase_site_ext	46.0	0.0	0.0
223	p0	1.0	0.0	0.0
223	p1	1.0	0.0	0.0
223	p2	0.6666666666666666	0.0	0.0
223	protein1	1111.3333333333333	20.0	0.9722446666666666
223	protein2	1602.333333333333	31.66666666666667	1.1193483333333336
223	protein3	1408.333333333333	24.33333333333333	1.225263
223	r0	20.0	0.0	0.0
223	r2	24.0	0.0	0.0
223	rnapol	1.3333333333333333	0.0	0.0
224	__protein1_rbs	17.666666666666668	0.0	0.0
224	__protein2_rbs	26.66666666666667	0.0	0.0
224	__protein3_rbs	18.0	0.0	0.0
224	__ribosome	15.0	0.0	0.0
224	__rnase_site_ext	46.33333333333334	0.0	0.0
224	p0	1.0	0.0	0.0
224	p1	1.0	0.0	0.0
224	p2	1.0	0.0	0.0
224	protein1	1118.0	20.33333333333333	0.9528263333333332
224	protein2	1612.666666666667	32.0	1.1074959999999998
224	protein3	1415.0	23.66666666666667	1.3845783333333337
224	r0	20.0	0.0	0.0
224	r2	24.0	0.0	0.0
224	rnapol	1.6666666666666667	0.0	0.0
225	__protein1_rbs	17.333333333333332	0.0	0.0
225	__protein2_rbs	28.66666666666667	0.0	0.0
225	__protein3_rbs	20.33333333333333	0.0	0.0
225	__ribosome	17.0	0.0	0.0
225	__rnase_site_ext	45.0	0.0	0.0
225	p0	1.0	0.0	0.0
225	p1	1.0	0.0	0.0
225	p2	1.0	0.0	0.0
225	protein1	1123.6666666666667	20.0	1.028395333333333
225	protein2	1623.0	31.66666666666667	1.0588413333333333
225	protein3	1423.0	23.33333333333333	1.331349
225	r0	19.666666666666668	0.0	0.0
225	r2	23.33333333333333	0.0	0.0
225	rnapol	1.6666666666666667	0.0	0.0
226	__protein1_rbs	16.0	0.0	0.0
226	__protein2_rbs	25.0	0.0	0.0
226	__protein3_rbs	20.666666666666668	0.0	0.0
226	__ribosome	18.666666666666668	0.0	0.0
226	__rnase_site_ext	46.33333333333334	0.0	0.0
226	p0	1.0	0.0	0.0
226	p1	0.6666666666666666	0.0	0.0
226	p2	1.0	0.0	0.0
226	protein1	1131.0	20.666666666666668	0.977151
226	protein2	1632.666666666667	31.33333333333333	1.1273426666666666
226	protein3	1431.333333333333	23.33333333333333	1.1832010000000002
226	r0	20.666666666666668	0.0	0.0
226	r2	23.33333333333333	0.0	0.0
226	rnapol	1.3333333333333333	0.0	0.0
227	__protein1_rbs	18.33333333333333	0.0	0.0
227	__protein2_rbs	26.33333333333333	0.0	0.0
227	__protein3_rbs	19.33333333333333	0.0	0.0
227	__ribosome	16.666666666666668	0.0	0.0
227	__rnase_site_ext	46.0	0.0	0.0
227	p0	0.6666666666666666	0.0	0.0
227	p1	1.0	0.0	0.0
227	p2	1.0	0.0	0.0
227	protein1	1137.6666666666667	21.0	0.9219923333333332
227	protein2	1641.0	31.33333333333333	1.1713463333333334
227	protein3	1438.0	23.0	1.298309333333333
227	r0	21.0	0.0	0.0
227	r2	22.66666666666667	0.0	0.0
227	rnapol	0.6666666666666666	0.0	0.0
228	__protein1_rbs	18.33333333333333	0.0	0.0
228	__protein2_rbs	26.0	0.0	0.0
228	__protein3_rbs	19.33333333333333	0.0	0.0
228	__ribosome	17.666666666666668	0.0	0.0
228	__rnase_site_ext	45.33333333333334	0.0	0.0
228	p0	1.0	0.0	0.0
228	p1	0.6666666666666666	0.0	0.0
228	p2	1.0	0.0	0.0
228	protein1	1143.3333333333333	21.33333333333333	0.983267
228	protein2	1652.333333333333	31.33333333333333	1.1607903333333334
228	protein3	1446.0	22.33333333333333	1.2336523333333334
228	r0	20.666666666666668	0.0	0.0
228	r2	22.33333333333333	0.0	0.0
228	rnapol	1.0	0.0	0.0
229	__protein1_rbs	18.666666666666668	0.0	0.0
229	__protein2_rbs	26.66666666666667	0.0	0.0
229	__protein3_rbs	19.666666666666668	0.0	0.0
229	__ribosome	14.333333333333336	0.0	0.0
229	__rnase_site_ext	46.33333333333334	0.0	0.0
229	p0	1.0	0.0	0.0
229	p1	0.6666666666666666	0.0	0.0
229	p2	1.0	0.0	0.0
229	protein1	1151.0	21.66666666666667	0.9480643333333332
229	protein2	1659.0	31.0	1.2510666666666668
229	protein3	1453.333333333333	22.33333333333333	1.2598203333333335
229	r0	21.33333333333333	0.0	0.0
229	r2	23.0	0.0	0.0
229	rnapol	0.6666666666666666	0.0	0.0
230	__protein1_rbs	16.333333333333332	0.0	0.0
230	__protein2_rbs	26.0	0.0	0.0
230	__protein3_rbs	20.0	0.0	0.0
230	__ribosome	17.0	0.0	0.0
230	__rnase_site_ext	46.33333333333334	0.0	0.0
230	p0	1.0	0.0	0.0
230	p1	1.0	0.0	0.0
230	p2	1.0	0.0	0.0
230	protein1	1158.0	21.66666666666667	1.0406570000000002
230	protein2	1671.666666666667	31.0	1.1251146666666667
230	protein3	1460.666666666667	23.0	1.1968020000000001
230	r0	21.33333333333333	0.0	0.0
230	r2	23.0	0.0	0.0
230	rnapol	1.0	0.0	0.0
231	__protein1_rbs	20.666666666666668	0.0	0.0
231	__protein2_rbs	26.33333333333333	0.0	0.0
231	__protein3_rbs	19.666666666666668	0.0	0.0
231	__ribosome	15.666666666666664	0.0	0.0
231	__rnase_site_ext	46.66666666666666	0.0	0.0
231	p0	1.0	0.0	0.0
231	p1	1.0	0.0	0.0
231	p2	1.0	0.0	0.0
231	protein1	1164.0	22.0	0.997143
231	protein2	1680.333333333333	31.33333333333333	1.142177
231	protein3	1466.333333333333	22.66666666666667	1.2308103333333331
231	r0	22.0	0.0	0.0
231	r2	23.0	0.0	0.0
231	rnapol	0.6666666666666666	0.0	0.0
232	__protein1_rbs	17.666666666666668	0.0	0.0
232	__protein2_rbs	27.66666666666667	0.0	0.0
232	__protein3_rbs	19.33333333333333	0.0	0.0
232	__ribosome	19.33333333333333	0.0	0.0
232	__rnase_site_ext	46.0	0.0	0.0
232	p0	1.0	0.0	0.0
232	p1	1.0	0.0	0.0
232	p2	0.6666666666666666	0.0	0.0
232	protein1	1171.3333333333333	22.0	1.077233
232	protein2	1692.666666666667	31.33333333333333	1.0400066666666663
232	protein3	1475.333333333333	22.66666666666667	1.1722946666666667
232	r0	21.33333333333333	0.0	0.0
232	r2	22.66666666666667	0.0	0.0
232	rnapol	1.3333333333333333	0.0	0.0
233	__protein1_rbs	18.33333333333333	0.0	0.0
233	__protein2_rbs	27.0	0.0	0.0
233	__protein3_rbs	19.0	0.0	0.0
233	__ribosome	15.333333333333336	0.0	0.0
233	__rnase_site_ext	46.66666666666666	0.0	0.0
233	p0	1.0	0.0	0.0
233	p1	1.0	0.0	0.0
233	p2	0.6666666666666666	0.0	0.0
233	protein1	1179.3333333333333	22.0	1.083283
233	protein2	1699.333333333333	31.0	1.1636116666666667
233	protein3	1482.666666666667	23.33333333333333	1.1373950000000002
233	r0	22.0	0.0	0.0
233	r2	23.66666666666667	0.0	0.0
233	rnapol	1.0	0.0	0.0
234	__protein1_rbs	18.33333333333333	0.0	0.0
234	__protein2_rbs	26.0	0.0	0.0
234	__protein3_rbs	21.66666666666667	0.0	0.0
234	__ribosome	11.666666666666664	0.0	0.0
234	__rnase_site_ext	46.33333333333334	0.0	0.0
234	p0	1.0	0.0	0.0
234	p1	1.0	0.0	0.0
234	p2	0.6666666666666666	0.0	0.0
234	protein1	1186.0	21.0	1.1661886666666663
234	protein2	1708.333333333333	30.66666666666667	1.1941226666666669
234	protein3	1488.0	24.0	1.2180506666666668
234	r0	21.0	0.0	0.0
234	r2	24.0	0.0	0.0
234	rnapol	0.6666666666666666	0.0	0.0
235	__protein1_rbs	19.0	0.0	0.0
235	__protein2_rbs	27.66666666666667	0.0	0.0
235	__protein3_rbs	20.33333333333333	0.0	0.0
235	__ribosome	17.666666666666668	0.0	0.0
235	__rnase_site_ext	46.0	0.0	0.0
235	p0	0.3333333333333333	0.0	0.0
235	p1	0.6666666666666666	0.0	0.0
235	p2	1.0	0.0	0.0
235	protein1	1195.0	21.0	0.9514963333333334
235	protein2	1720.666666666667	31.0	1.0960036666666666
235	protein3	1496.0	24.66666666666667	1.2104793333333337
235	r0	20.666666666666668	0.0	0.0
235	r2	24.66666666666667	0.0	0.0
235	rnapol	0.3333333333333333	0.0	0.0
236	__protein1_rbs	19.33333333333333	0.0	0.0
236	__protein2_rbs	26.66666666666667	0.0	0.0
236	__protein3_rbs	20.666666666666668	0.0	0.0
236	__ribosome	15.666666666666664	0.0	0.0
236	__rnase_site_ext	47.0	0.0	0.0
236	p0	1.0	0.0	0.0
236	p1	1.0	0.0	0.0
236	p2	1.0	0.0	0.0
236	protein1	1204.3333333333333	21.66666666666667	0.7604803333333333
236	protein2	1728.666666666667	31.33333333333333	1.1838623333333331
236	protein3	1502.666666666667	24.66666666666667	1.308367
236	r0	21.66666666666667	0.0	0.0
236	r2	24.66666666666667	0.0	0.0
236	rnapol	0.6666666666666666	0.0	0.0
237	__protein1_rbs	17.0	0.0	0.0
237	__protein2_rbs	25.33333333333333	0.0	0.0
237	__protein3_rbs	21.0	0.0	0.0
237	__ribosome	12.666666666666664	0.0	0.0
237	__rnase_site_ext	47.0	0.0	0.0
237	p0	1.0	0.0	0.0
237	p1	1.0	0.0	0.0
237	p2	1.0	0.0	0.0
237	protein1	1210.6666666666667	21.66666666666667	0.8108726666666667
237	protein2	1737.666666666667	31.33333333333333	1.2714356666666666
237	protein3	1510.666666666667	24.66666666666667	1.3254576666666669
237	r0	21.33333333333333	0.0	0.0
237	r2	24.66666666666667	0.0	0.0
237	rnapol	0.6666666666666666	0.0	0.0
238	__protein1_rbs	18.666666666666668	0.0	0.0
238	__protein2_rbs	28.0	0.0	0.0
238	__protein3_rbs	21.66666666666667	0.0	0.0
238	__ribosome	11.666666666666664	0.0	0.0
238	__rnase_site_ext	48.0	0.0	0.0
238	p0	0.6666666666666666	0.0	0.0
238	p1	0.6666666666666666	0.0	0.0
238	p2	1.0	0.0	0.0
238	protein1	1216.6666666666667	21.66666666666667	0.8706296666666667
238	protein2	1747.0	31.66666666666667	1.222255
238	protein3	1517.0	24.66666666666667	1.363346
238	r0	21.66666666666667	0.0	0.0
238	r2	25.0	0.0	0.0
238	rnapol	0.6666666666666666	0.0	0.0
239	__protein1_rbs	18.33333333333333	0.0	0.0
239	__protein2_rbs	28.0	0.0	0.0
239	__protein3_rbs	21.0	0.0	0.0
239	__ribosome	20.666666666666668	0.0	0.0
239	__rnase_site_ext	47.33333333333334	0.0	0.0
239	p0	1.0	0.0	0.0
239	p1	1.0	0.0	0.0
239	p2	0.6666666666666666	0.0	0.0
239	protein1	1222.0	21.33333333333333	0.903184
239	protein2	1758.333333333333	32.666666666666664	1.0340113333333334
239	protein3	1528.666666666667	24.66666666666667	1.1578346666666668
239	r0	21.33333333333333	0.0	0.0
239	r2	24.66666666666667	0.0	0.0
239	rnapol	0.6666666666666666	0.0	0.0
240	__protein1_rbs	17.0	0.0	0.0
240	__protein2_rbs	28.0	0.0	0.0
240	__protein3_rbs	21.0	0.0	0.0
240	__ribosome	14.666666666666664	0.0	0.0
240	__rnase_site_ext	45.66666666666666	0.0	0.0
240	p0	1.0	0.0	0.0
240	p1	1.0	0.0	0.0
240	p2	1.0	0.0	0.0
240	protein1	1228.3333333333333	20.666666666666668	0.9534413333333333
240	protein2	1767.333333333333	32.333333333333336	1.174266
240	protein3	1536.0	24.66666666666667	1.252834
240	r0	20.33333333333333	0.0	0.0
240	r2	24.66666666666667	0.0	0.0
240	rnapol	0.3333333333333333	0.0	0.0
