time	species	protein	transcript	ribo_density
0	__protein1_rbs	0.0	0.0	0.0
0	__protein2_rbs	0.0	0.0	0.0
0	__protein3_rbs	0.0	0.0	0.0
0	__ribosome	100.0	0.0	0.0
0	__rnase_site_ext	0.0	0.0	0.0
0	p0	1.0	0.0	0.0
0	p1	1.0	0.0	0.0
0	rnapol	4.0	0.0	0.0
1	__protein1_rbs	0.0	0.0	0.0
1	__protein2_rbs	0.0	0.0	0.0
1	__protein3_rbs	0.0	0.0	0.0
1	__ribosome	66.33333333333333	0.0	0.0
1	__rnase_site_ext	0.0	0.0	0.0
1	p0	0.6666666666666666	0.0	0.0
1	p1	0.3333333333333333	0.0	0.0
1	protein2	0.0	0.3333333333333333	0.3333333333333333
1	rnapol	2.0	0.0	0.0
2	__protein1_rbs	0.0	0.0	0.0
2	__protein2_rbs	0.6666666666666666	0.0	0.0
2	__protein3_rbs	0.0	0.0	0.0
2	__ribosome	66.0	0.0	0.0
2	__rnase_site_ext	0.6666666666666666	0.0	0.0
2	p0	0.6666666666666666	0.0	0.0
2	p1	0.6666666666666666	0.0	0.0
2	protein2	0.0	0.6666666666666666	0.6666666666666666
2	rnapol	1.6666666666666667	0.0	0.0
3	__protein1_rbs	0.3333333333333333	0.0	0.0
3	__protein2_rbs	0.3333333333333333	0.0	0.0
3	__protein3_rbs	0.0	0.0	0.0
3	__ribosome	164.66666666666666	0.0	0.0
3	__rnase_site_ext	1.3333333333333333	0.0	0.0
3	p0	1.6666666666666667	0.0	0.0
3	p1	0.6666666666666666	0.0	0.0
3	protein1	0.0	0.6666666666666666	0.3333333333333333
3	protein2	0.0	0.6666666666666666	1.6666666666666667
3	rnapol	4.333333333333333	0.0	0.0
4	__protein1_rbs	0.3333333333333333	0.0	0.0
4	__protein2_rbs	0.3333333333333333	0.0	0.0
4	__protein3_rbs	0.0	0.0	0.0
4	__ribosome	96.0	0.0	0.0
4	__rnase_site_ext	1.3333333333333333	0.0	0.0
4	p0	0.6666666666666666	0.0	0.0
4	p1	1.0	0.0	0.0
4	protein1	0.0	0.6666666666666666	1.3333333333333333
4	protein2	0.0	1.0	2.6666666666666665
4	rnapol	1.3333333333333333	0.0	0.0
5	__protein1_rbs	1.6666666666666667	0.0	0.0
5	__protein2_rbs	0.3333333333333333	0.0	0.0
5	__protein3_rbs	0.3333333333333333	0.0	0.0
5	__ribosome	94.0	0.0	0.0
5	__rnase_site_ext	2.333333333333333	0.0	0.0
5	p0	1.0	0.0	0.0
5	p1	0.6666666666666666	0.0	0.0
5	protein1	0.0	1.6666666666666667	1.1666666666666667
5	protein2	0.0	1.0	3.6666666666666665
5	protein3	0.0	0.3333333333333333	0.0
5	rnapol	1.3333333333333333	0.0	0.0
6	__protein1_rbs	1.6666666666666667	0.0	0.0
6	__protein2_rbs	0.3333333333333333	0.0	0.0
6	__protein3_rbs	0.3333333333333333	0.0	0.0
6	__ribosome	92.33333333333331	0.0	0.0
6	__rnase_site_ext	2.0	0.0	0.0
6	p0	0.6666666666666666	0.0	0.0
6	p1	1.0	0.0	0.0
6	protein1	0.3333333333333333	2.0	1.7222223333333335
6	protein2	0.6666666666666666	1.3333333333333333	3.1666666666666665
6	protein3	0.0	0.3333333333333333	0.0
6	rnapol	0.6666666666666666	0.0	0.0
7	__protein1_rbs	1.0	0.0	0.0
7	__protein2_rbs	1.0	0.0	0.0
7	__protein3_rbs	0.3333333333333333	0.0	0.0
7	__ribosome	89.0	0.0	0.0
7	__rnase_site_ext	2.0	0.0	0.0
7	p0	1.0	0.0	0.0
7	p1	1.0	0.0	0.0
7	protein1	1.0	2.333333333333333	2.444444333333333
7	protein2	1.0	1.6666666666666667	3.0
7	protein3	0.0	0.6666666666666666	0.6666666666666666
7	rnapol	1.0	0.0	0.0
8	__protein1_rbs	0.6666666666666666	0.0	0.0
8	__protein2_rbs	0.6666666666666666	0.0	0.0
8	__protein3_rbs	0.3333333333333333	0.0	0.0
8	__ribosome	86.66666666666669	0.0	0.0
8	__rnase_site_ext	2.333333333333333	0.0	0.0
8	p0	1.0	0.0	0.0
8	p1	0.6666666666666666	0.0	0.0
8	protein1	2.333333333333333	2.333333333333333	2.833333333333333
8	protein2	2.333333333333333	2.0	3.111111
8	protein3	0.0	0.6666666666666666	1.3333333333333333
8	rnapol	1.0	0.0	0.0
9	__protein1_rbs	1.0	0.0	0.0
9	__protein2_rbs	1.6666666666666667	0.0	0.0
9	__protein3_rbs	0.3333333333333333	0.0	0.0
9	__ribosome	82.66666666666667	0.0	0.0
9	__rnase_site_ext	2.333333333333333	0.0	0.0
9	p0	1.0	0.0	0.0
9	p1	0.6666666666666666	0.0	0.0
9	protein1	3.333333333333333	2.333333333333333	3.333333333333333
9	protein2	3.0	3.0	2.7777776666666667
9	protein3	0.0	0.6666666666666666	2.0
9	rnapol	1.0	0.0	0.0
10	__protein1_rbs	1.0	0.0	0.0
10	__protein2_rbs	1.3333333333333333	0.0	0.0
10	__protein3_rbs	0.6666666666666666	0.0	0.0
10	__ribosome	79.66666666666667	0.0	0.0
10	__rnase_site_ext	2.333333333333333	0.0	0.0
10	p0	0.6666666666666666	0.0	0.0
10	p1	1.0	0.0	0.0
10	protein1	5.333333333333333	2.333333333333333	3.2222223333333333
10	protein2	4.333333333333333	4.0	2.566666666666667
10	protein3	0.0	1.0	1.8333333333333333
10	rnapol	1.0	0.0	0.0
11	__protein1_rbs	1.6666666666666667	0.0	0.0
11	__protein2_rbs	2.0	0.0	0.0
11	__protein3_rbs	1.0	0.0	0.0
11	__ribosome	78.0	0.0	0.0
11	__rnase_site_ext	3.6666666666666665	0.0	0.0
11	p0	1.0	0.0	0.0
11	p1	1.0	0.0	0.0
11	protein1	8.0	3.0	2.2222223333333333
11	protein2	5.333333333333333	4.0	3.105555666666667
11	protein3	0.0	1.0	2.333333333333333
11	rnapol	0.6666666666666666	0.0	0.0
12	__protein1_rbs	1.6666666666666667	0.0	0.0
12	__protein2_rbs	3.0	0.0	0.0
12	__protein3_rbs	1.0	0.0	0.0
12	__ribosome	76.66666666666667	0.0	0.0
12	__rnase_site_ext	4.0	0.0	0.0
12	p0	1.0	0.0	0.0
12	p1	1.0	0.0	0.0
12	protein1	9.666666666666666	3.0	2.222222
12	protein2	7.333333333333332	4.0	3.377777666666667
12	protein3	1.0	1.3333333333333333	1.7777776666666665
12	rnapol	1.0	0.0	0.0
13	__protein1_rbs	1.3333333333333333	0.0	0.0
13	__protein2_rbs	2.333333333333333	0.0	0.0
13	__protein3_rbs	1.6666666666666667	0.0	0.0
13	__ribosome	74.66666666666667	0.0	0.0
13	__rnase_site_ext	3.0	0.0	0.0
13	p0	0.6666666666666666	0.0	0.0
13	p1	1.0	0.0	0.0
13	protein1	12.333333333333336	3.0	2.2222223333333333
13	protein2	10.0	4.0	3.4166666666666665
13	protein3	1.3333333333333333	2.333333333333333	1.388889
13	rnapol	1.6666666666666667	0.0	0.0
14	__protein1_rbs	2.333333333333333	0.0	0.0
14	__protein2_rbs	2.333333333333333	0.0	0.0
14	__protein3_rbs	1.3333333333333333	0.0	0.0
14	__ribosome	70.66666666666667	0.0	0.0
14	__rnase_site_ext	4.0	0.0	0.0
14	p0	1.0	0.0	0.0
14	p1	1.0	0.0	0.0
14	protein1	14.0	3.6666666666666665	2.1388890000000003
14	protein2	12.0	4.0	3.877777666666667
14	protein3	2.6666666666666665	2.333333333333333	1.6944443333333332
14	rnapol	1.3333333333333333	0.0	0.0
15	__protein1_rbs	1.6666666666666667	0.0	0.0
15	__protein2_rbs	2.333333333333333	0.0	0.0
15	__protein3_rbs	1.3333333333333333	0.0	0.0
15	__ribosome	66.66666666666667	0.0	0.0
15	__rnase_site_ext	3.6666666666666665	0.0	0.0
15	p0	1.0	0.0	0.0
15	p1	1.0	0.0	0.0
15	protein1	15.333333333333336	3.6666666666666665	2.805555666666667
15	protein2	16.0	4.666666666666667	3.4
15	protein3	3.333333333333333	2.333333333333333	2.0
15	rnapol	1.6666666666666667	0.0	0.0
16	__protein1_rbs	1.0	0.0	0.0
16	__protein2_rbs	3.0	0.0	0.0
16	__protein3_rbs	0.6666666666666666	0.0	0.0
16	__ribosome	64.33333333333333	0.0	0.0
16	__rnase_site_ext	2.6666666666666665	0.0	0.0
16	p0	1.0	0.0	0.0
16	p1	0.3333333333333333	0.0	0.0
16	protein1	18.0	3.6666666666666665	3.1666666666666665
16	protein2	20.33333333333333	4.666666666666667	3.2000000000000006
16	protein3	4.333333333333333	2.333333333333333	2.694444333333333
16	rnapol	2.333333333333333	0.0	0.0
17	__protein1_rbs	3.333333333333333	0.0	0.0
17	__protein2_rbs	2.6666666666666665	0.0	0.0
17	__protein3_rbs	0.6666666666666666	0.0	0.0
17	__ribosome	64.0	0.0	0.0
17	__rnase_site_ext	4.666666666666667	0.0	0.0
17	p0	1.0	0.0	0.0
17	p1	1.0	0.0	0.0
17	protein1	21.0	4.0	2.5277776666666667
17	protein2	23.66666666666667	5.666666666666668	3.0396823333333334
17	protein3	5.666666666666668	2.333333333333333	2.805555666666667
17	rnapol	1.6666666666666667	0.0	0.0
18	__protein1_rbs	2.0	0.0	0.0
18	__protein2_rbs	3.0	0.0	0.0
18	__protein3_rbs	2.0	0.0	0.0
18	__ribosome	63.66666666666666	0.0	0.0
18	__rnase_site_ext	5.666666666666668	0.0	0.0
18	p0	1.0	0.0	0.0
18	p1	1.0	0.0	0.0
18	protein1	24.33333333333333	3.6666666666666665	2.8888886666666664
18	protein2	27.0	6.0	2.9761903333333333
18	protein3	8.0	2.333333333333333	2.4722223333333333
18	rnapol	2.333333333333333	0.0	0.0
19	__protein1_rbs	1.3333333333333333	0.0	0.0
19	__protein2_rbs	3.0	0.0	0.0
19	__protein3_rbs	1.3333333333333333	0.0	0.0
19	__ribosome	60.66666666666666	0.0	0.0
19	__rnase_site_ext	3.333333333333333	0.0	0.0
19	p0	1.0	0.0	0.0
19	p1	1.0	0.0	0.0
19	protein1	27.0	3.6666666666666665	3.266666666666667
19	protein2	31.33333333333333	6.0	2.988889
19	protein3	9.666666666666666	2.333333333333333	2.7222223333333333
19	rnapol	2.333333333333333	0.0	0.0
20	__protein1_rbs	3.0	0.0	0.0
20	__protein2_rbs	3.6666666666666665	0.0	0.0
20	__protein3_rbs	1.0	0.0	0.0
20	__ribosome	61.33333333333334	0.0	0.0
20	__rnase_site_ext	5.666666666666668	0.0	0.0
20	p0	0.6666666666666666	0.0	0.0
20	p1	1.0	0.0	0.0
20	protein1	30.0	4.0	2.5
20	protein2	34.333333333333336	6.0	3.1809523333333334
20	protein3	12.333333333333336	2.333333333333333	2.6388890000000003
20	rnapol	2.0	0.0	0.0
21	__protein1_rbs	3.6666666666666665	0.0	0.0
21	__protein2_rbs	5.0	0.0	0.0
21	__protein3_rbs	1.3333333333333333	0.0	0.0
21	__ribosome	61.0	0.0	0.0
21	__rnase_site_ext	5.666666666666668	0.0	0.0
21	p0	1.0	0.0	0.0
21	p1	0.6666666666666666	0.0	0.0
21	protein1	33.333333333333336	5.0	2.238889
21	protein2	38.66666666666666	6.0	3.190476
21	protein3	14.333333333333336	2.6666666666666665	2.333333333333333
21	rnapol	1.3333333333333333	0.0	0.0
22	__protein1_rbs	4.0	0.0	0.0
22	__protein2_rbs	2.6666666666666665	0.0	0.0
22	__protein3_rbs	2.6666666666666665	0.0	0.0
22	__ribosome	59.66666666666666	0.0	0.0
22	__rnase_site_ext	6.0	0.0	0.0
22	p0	1.0	0.0	0.0
22	p1	1.0	0.0	0.0
22	protein1	36.333333333333336	5.0	2.3555556666666666
22	protein2	43.66666666666666	6.333333333333332	3.0535713333333336
22	protein3	15.666666666666664	3.0	2.1
22	rnapol	1.3333333333333333	0.0	0.0
23	__protein1_rbs	2.0	0.0	0.0
23	__protein2_rbs	3.6666666666666665	0.0	0.0
23	__protein3_rbs	2.0	0.0	0.0
23	__ribosome	57.66666666666666	0.0	0.0
23	__rnase_site_ext	5.0	0.0	0.0
23	p0	1.0	0.0	0.0
23	p1	1.0	0.0	0.0
23	protein1	40.0	5.0	2.7111110000000003
23	protein2	47.33333333333334	6.666666666666668	3.0
23	protein3	17.666666666666668	3.0	2.1333333333333333
23	rnapol	1.3333333333333333	0.0	0.0
24	__protein1_rbs	1.0	0.0	0.0
24	__protein2_rbs	4.666666666666667	0.0	0.0
24	__protein3_rbs	2.0	0.0	0.0
24	__ribosome	57.66666666666666	0.0	0.0
24	__rnase_site_ext	3.6666666666666665	0.0	0.0
24	p0	0.6666666666666666	0.0	0.0
24	p1	0.6666666666666666	0.0	0.0
24	protein1	43.0	4.666666666666667	3.1333333333333333
24	protein2	53.33333333333334	7.0	2.6
24	protein3	20.33333333333333	3.0	2.1166666666666667
24	rnapol	1.3333333333333333	0.0	0.0
25	__protein1_rbs	1.6666666666666667	0.0	0.0
25	__protein2_rbs	6.0	0.0	0.0
25	__protein3_rbs	3.0	0.0	0.0
25	__ribosome	57.66666666666666	0.0	0.0
25	__rnase_site_ext	5.0	0.0	0.0
25	p0	1.0	0.0	0.0
25	p1	1.0	0.0	0.0
25	protein1	47.0	5.0	2.9333333333333336
25	protein2	56.33333333333334	7.333333333333332	2.5416666666666665
25	protein3	22.0	3.6666666666666665	1.6222223333333332
25	rnapol	1.3333333333333333	0.0	0.0
26	__protein1_rbs	3.333333333333333	0.0	0.0
26	__protein2_rbs	5.666666666666668	0.0	0.0
26	__protein3_rbs	1.6666666666666667	0.0	0.0
26	__ribosome	57.0	0.0	0.0
26	__rnase_site_ext	5.666666666666668	0.0	0.0
26	p0	1.0	0.0	0.0
26	p1	1.0	0.0	0.0
26	protein1	51.66666666666666	4.666666666666667	2.9166666666666665
26	protein2	59.33333333333334	7.333333333333332	2.7777776666666667
26	protein3	24.0	3.6666666666666665	1.7
26	rnapol	1.3333333333333333	0.0	0.0
27	__protein1_rbs	1.6666666666666667	0.0	0.0
27	__protein2_rbs	4.333333333333333	0.0	0.0
27	__protein3_rbs	3.333333333333333	0.0	0.0
27	__ribosome	57.0	0.0	0.0
27	__rnase_site_ext	5.0	0.0	0.0
27	p0	1.0	0.0	0.0
27	p1	1.0	0.0	0.0
27	protein1	55.66666666666666	4.666666666666667	2.95
27	protein2	65.0	7.666666666666668	2.6488096666666667
27	protein3	26.66666666666667	4.0	1.5
27	rnapol	1.3333333333333333	0.0	0.0
28	__protein1_rbs	3.0	0.0	0.0
28	__protein2_rbs	3.6666666666666665	0.0	0.0
28	__protein3_rbs	3.0	0.0	0.0
28	__ribosome	57.0	0.0	0.0
28	__rnase_site_ext	6.0	0.0	0.0
28	p0	1.0	0.0	0.0
28	p1	1.0	0.0	0.0
28	protein1	59.0	4.666666666666667	2.983333333333333
28	protein2	70.66666666666667	8.0	2.585317666666666
28	protein3	29.66666666666667	4.0	1.4444443333333332
28	rnapol	2.0	0.0	0.0
29	__protein1_rbs	3.6666666666666665	0.0	0.0
29	__protein2_rbs	4.333333333333333	0.0	0.0
29	__protein3_rbs	2.0	0.0	0.0
29	__ribosome	54.33333333333334	0.0	0.0
29	__rnase_site_ext	6.666666666666668	0.0	0.0
29	p0	0.6666666666666666	0.0	0.0
29	p1	1.0	0.0	0.0
29	protein1	64.0	5.0	2.266666666666667
29	protein2	74.66666666666667	8.666666666666666	2.7841270000000002
29	protein3	30.33333333333333	4.333333333333333	1.6666666666666667
29	rnapol	1.3333333333333333	0.0	0.0
30	__protein1_rbs	2.333333333333333	0.0	0.0
30	__protein2_rbs	4.666666666666667	0.0	0.0
30	__protein3_rbs	3.333333333333333	0.0	0.0
30	__ribosome	50.66666666666666	0.0	0.0
30	__rnase_site_ext	6.666666666666668	0.0	0.0
30	p0	1.0	0.0	0.0
30	p1	1.0	0.0	0.0
30	protein1	67.33333333333333	5.333333333333333	2.433333333333333
30	protein2	78.33333333333333	8.666666666666666	3.0238096666666667
30	protein3	32.666666666666664	4.333333333333333	1.642857
30	rnapol	1.3333333333333333	0.0	0.0
31	__protein1_rbs	4.666666666666667	0.0	0.0
31	__protein2_rbs	4.666666666666667	0.0	0.0
31	__protein3_rbs	3.333333333333333	0.0	0.0
31	__ribosome	52.33333333333334	0.0	0.0
31	__rnase_site_ext	7.666666666666668	0.0	0.0
31	p0	1.0	0.0	0.0
31	p1	1.0	0.0	0.0
31	protein1	71.0	5.333333333333333	2.088889
31	protein2	83.66666666666667	8.333333333333334	3.2010583333333336
31	protein3	35.333333333333336	4.666666666666667	1.5555556666666668
31	rnapol	1.6666666666666667	0.0	0.0
32	__protein1_rbs	3.333333333333333	0.0	0.0
32	__protein2_rbs	5.0	0.0	0.0
32	__protein3_rbs	3.333333333333333	0.0	0.0
32	__ribosome	49.0	0.0	0.0
32	__rnase_site_ext	5.666666666666668	0.0	0.0
32	p0	1.0	0.0	0.0
32	p1	1.0	0.0	0.0
32	protein1	74.0	5.333333333333333	2.2111110000000003
32	protein2	89.0	8.333333333333334	3.2777776666666667
32	protein3	37.0	5.0	2.238095
32	rnapol	2.0	0.0	0.0
33	__protein1_rbs	3.333333333333333	0.0	0.0
33	__protein2_rbs	5.666666666666668	0.0	0.0
33	__protein3_rbs	3.333333333333333	0.0	0.0
33	__ribosome	48.66666666666666	0.0	0.0
33	__rnase_site_ext	6.333333333333332	0.0	0.0
33	p0	1.0	0.0	0.0
33	p1	0.6666666666666666	0.0	0.0
33	protein1	78.33333333333333	5.666666666666668	2.011111
33	protein2	94.33333333333331	8.0	3.5277776666666667
33	protein3	39.66666666666666	5.333333333333333	2.4761903333333333
33	rnapol	1.6666666666666667	0.0	0.0
34	__protein1_rbs	4.0	0.0	0.0
34	__protein2_rbs	5.333333333333333	0.0	0.0
34	__protein3_rbs	3.0	0.0	0.0
34	__ribosome	48.0	0.0	0.0
34	__rnase_site_ext	7.333333333333332	0.0	0.0
34	p0	1.0	0.0	0.0
34	p1	1.0	0.0	0.0
34	protein1	81.66666666666667	6.0	2.2031746666666665
34	protein2	102.33333333333331	8.666666666666666	2.972222
34	protein3	42.333333333333336	5.333333333333333	2.994047666666667
34	rnapol	1.3333333333333333	0.0	0.0
35	__protein1_rbs	3.6666666666666665	0.0	0.0
35	__protein2_rbs	6.666666666666668	0.0	0.0
35	__protein3_rbs	3.333333333333333	0.0	0.0
35	__ribosome	46.66666666666666	0.0	0.0
35	__rnase_site_ext	7.666666666666668	0.0	0.0
35	p0	1.0	0.0	0.0
35	p1	1.0	0.0	0.0
35	protein1	85.0	6.0	2.444444333333333
35	protein2	109.66666666666669	9.0	2.682407333333334
35	protein3	44.33333333333334	5.333333333333333	3.738095333333333
35	rnapol	1.3333333333333333	0.0	0.0
36	__protein1_rbs	3.6666666666666665	0.0	0.0
36	__protein2_rbs	7.333333333333332	0.0	0.0
36	__protein3_rbs	4.333333333333333	0.0	0.0
36	__ribosome	49.0	0.0	0.0
36	__rnase_site_ext	7.333333333333332	0.0	0.0
36	p0	1.0	0.0	0.0
36	p1	1.0	0.0	0.0
36	protein1	88.33333333333331	6.0	2.452381
36	protein2	115.33333333333331	10.0	2.338889
36	protein3	47.0	5.666666666666668	2.607143
36	rnapol	1.3333333333333333	0.0	0.0
37	__protein1_rbs	3.6666666666666665	0.0	0.0
37	__protein2_rbs	9.0	0.0	0.0
37	__protein3_rbs	3.6666666666666665	0.0	0.0
37	__ribosome	51.33333333333334	0.0	0.0
37	__rnase_site_ext	8.666666666666666	0.0	0.0
37	p0	1.0	0.0	0.0
37	p1	1.0	0.0	0.0
37	protein1	93.0	6.333333333333332	2.055555666666667
37	protein2	120.66666666666669	10.0	2.333333333333333
37	protein3	51.0	5.666666666666668	2.4642856666666666
37	rnapol	1.6666666666666667	0.0	0.0
38	__protein1_rbs	4.333333333333333	0.0	0.0
38	__protein2_rbs	7.666666666666668	0.0	0.0
38	__protein3_rbs	3.333333333333333	0.0	0.0
38	__ribosome	50.66666666666666	0.0	0.0
38	__rnase_site_ext	8.666666666666666	0.0	0.0
38	p0	1.0	0.0	0.0
38	p1	1.0	0.0	0.0
38	protein1	97.66666666666669	6.333333333333332	1.9126983333333332
38	protein2	127.0	10.0	2.423077
38	protein3	53.33333333333334	5.666666666666668	2.755952333333333
38	rnapol	1.3333333333333333	0.0	0.0
39	__protein1_rbs	4.0	0.0	0.0
39	__protein2_rbs	6.333333333333332	0.0	0.0
39	__protein3_rbs	4.0	0.0	0.0
39	__ribosome	48.0	0.0	0.0
39	__rnase_site_ext	9.0	0.0	0.0
39	p0	1.0	0.0	0.0
39	p1	1.0	0.0	0.0
39	protein1	100.66666666666669	6.333333333333332	2.0
39	protein2	132.0	9.666666666666666	2.612179333333333
39	protein3	57.0	5.666666666666668	2.6666666666666665
39	rnapol	1.0	0.0	0.0
40	__protein1_rbs	5.333333333333333	0.0	0.0
40	__protein2_rbs	6.0	0.0	0.0
40	__protein3_rbs	5.0	0.0	0.0
40	__ribosome	46.66666666666666	0.0	0.0
40	__rnase_site_ext	9.0	0.0	0.0
40	p0	1.0	0.0	0.0
40	p1	1.0	0.0	0.0
40	protein1	105.0	7.333333333333332	1.7797619999999998
40	protein2	138.0	9.666666666666666	2.8621793333333336
40	protein3	59.66666666666666	6.0	2.34127
40	rnapol	1.0	0.0	0.0
41	__protein1_rbs	4.333333333333333	0.0	0.0
41	__protein2_rbs	4.666666666666667	0.0	0.0
41	__protein3_rbs	3.333333333333333	0.0	0.0
41	__ribosome	42.333333333333336	0.0	0.0
41	__rnase_site_ext	9.0	0.0	0.0
41	p0	1.0	0.0	0.0
41	p1	1.0	0.0	0.0
41	protein1	107.33333333333331	7.333333333333332	2.0535716666666666
41	protein2	143.66666666666666	10.0	2.9063393333333334
41	protein3	62.33333333333334	6.0	2.441799
41	rnapol	1.0	0.0	0.0
42	__protein1_rbs	5.666666666666668	0.0	0.0
42	__protein2_rbs	8.333333333333334	0.0	0.0
42	__protein3_rbs	4.333333333333333	0.0	0.0
42	__ribosome	42.0	0.0	0.0
42	__rnase_site_ext	10.333333333333334	0.0	0.0
42	p0	1.0	0.0	0.0
42	p1	0.6666666666666666	0.0	0.0
42	protein1	111.0	7.333333333333332	1.9642856666666664
42	protein2	148.33333333333334	10.333333333333334	2.925926
42	protein3	66.0	6.333333333333332	2.4761903333333333
42	rnapol	1.3333333333333333	0.0	0.0
43	__protein1_rbs	4.666666666666667	0.0	0.0
43	__protein2_rbs	6.333333333333332	0.0	0.0
43	__protein3_rbs	4.333333333333333	0.0	0.0
43	__ribosome	41.66666666666666	0.0	0.0
43	__rnase_site_ext	7.666666666666668	0.0	0.0
43	p0	1.0	0.0	0.0
43	p1	0.3333333333333333	0.0	0.0
43	protein1	116.33333333333331	7.0	2.095238
43	protein2	157.33333333333334	10.666666666666666	2.775132333333333
43	protein3	69.0	6.333333333333332	2.466666666666667
43	rnapol	1.6666666666666667	0.0	0.0
44	__protein1_rbs	5.333333333333333	0.0	0.0
44	__protein2_rbs	8.0	0.0	0.0
44	__protein3_rbs	4.666666666666667	0.0	0.0
44	__ribosome	40.333333333333336	0.0	0.0
44	__rnase_site_ext	10.0	0.0	0.0
44	p0	1.0	0.0	0.0
44	p1	1.0	0.0	0.0
44	protein1	120.33333333333331	7.333333333333332	1.9583333333333333
44	protein2	163.33333333333334	11.666666666666664	2.549783333333333
44	protein3	71.33333333333333	6.333333333333332	2.7
44	rnapol	1.6666666666666667	0.0	0.0
45	__protein1_rbs	5.333333333333333	0.0	0.0
45	__protein2_rbs	8.666666666666666	0.0	0.0
45	__protein3_rbs	5.0	0.0	0.0
45	__ribosome	39.66666666666666	0.0	0.0
45	__rnase_site_ext	9.333333333333334	0.0	0.0
45	p0	1.0	0.0	0.0
45	p1	1.0	0.0	0.0
45	protein1	124.0	7.666666666666668	2.029762
45	protein2	169.33333333333334	11.666666666666664	2.5467530000000003
45	protein3	75.33333333333333	6.333333333333332	2.652381
45	rnapol	1.6666666666666667	0.0	0.0
46	__protein1_rbs	4.333333333333333	0.0	0.0
46	__protein2_rbs	10.0	0.0	0.0
46	__protein3_rbs	5.333333333333333	0.0	0.0
46	__ribosome	42.333333333333336	0.0	0.0
46	__rnase_site_ext	10.333333333333334	0.0	0.0
46	p0	1.0	0.0	0.0
46	p1	1.0	0.0	0.0
46	protein1	129.0	7.666666666666668	1.9642856666666664
46	protein2	176.33333333333337	11.666666666666664	2.3411256666666667
46	protein3	78.33333333333333	6.333333333333332	2.533333333333333
46	rnapol	2.0	0.0	0.0
47	__protein1_rbs	5.333333333333333	0.0	0.0
47	__protein2_rbs	8.333333333333334	0.0	0.0
47	__protein3_rbs	3.6666666666666665	0.0	0.0
47	__ribosome	40.66666666666666	0.0	0.0
47	__rnase_site_ext	11.0	0.0	0.0
47	p0	1.0	0.0	0.0
47	p1	0.6666666666666666	0.0	0.0
47	protein1	133.0	7.666666666666668	1.9583333333333333
47	protein2	183.33333333333331	11.666666666666664	2.2316016666666667
47	protein3	81.66666666666667	6.0	4.595959333333333
47	rnapol	2.0	0.0	0.0
48	__protein1_rbs	6.0	0.0	0.0
48	__protein2_rbs	9.666666666666666	0.0	0.0
48	__protein3_rbs	4.333333333333333	0.0	0.0
48	__ribosome	43.33333333333334	0.0	0.0
48	__rnase_site_ext	11.0	0.0	0.0
48	p0	1.0	0.0	0.0
48	p1	1.0	0.0	0.0
48	protein1	138.0	8.0	1.7314813333333332
48	protein2	190.33333333333331	12.333333333333336	2.0205626666666663
48	protein3	85.0	6.333333333333332	3.101010333333333
48	rnapol	2.0	0.0	0.0
49	__protein1_rbs	4.666666666666667	0.0	0.0
49	__protein2_rbs	10.0	0.0	0.0
49	__protein3_rbs	4.666666666666667	0.0	0.0
49	__ribosome	44.33333333333334	0.0	0.0
49	__rnase_site_ext	9.333333333333334	0.0	0.0
49	p0	1.0	0.0	0.0
49	p1	1.0	0.0	0.0
49	protein1	142.33333333333334	8.333333333333334	2.0687830000000003
49	protein2	198.33333333333331	12.666666666666664	1.8656563333333327
49	protein3	90.33333333333331	6.333333333333332	2.5101009999999997
49	rnapol	1.6666666666666667	0.0	0.0
50	__protein1_rbs	5.333333333333333	0.0	0.0
50	__protein2_rbs	10.0	0.0	0.0
50	__protein3_rbs	4.0	0.0	0.0
50	__ribosome	40.66666666666666	0.0	0.0
50	__rnase_site_ext	11.333333333333336	0.0	0.0
50	p0	1.0	0.0	0.0
50	p1	1.0	0.0	0.0
50	protein1	146.33333333333334	9.0	1.975
50	protein2	203.66666666666663	12.666666666666664	1.971212
50	protein3	92.66666666666669	6.333333333333332	2.934343666666667
50	rnapol	1.0	0.0	0.0
51	__protein1_rbs	7.0	0.0	0.0
51	__protein2_rbs	7.333333333333332	0.0	0.0
51	__protein3_rbs	4.666666666666667	0.0	0.0
51	__ribosome	40.66666666666666	0.0	0.0
51	__rnase_site_ext	11.666666666666664	0.0	0.0
51	p0	1.0	0.0	0.0
51	p1	0.6666666666666666	0.0	0.0
51	protein1	151.66666666666666	9.0	1.901852
51	protein2	208.33333333333331	12.666666666666664	2.217172
51	protein3	97.66666666666669	6.333333333333332	2.373737333333333
51	rnapol	1.3333333333333333	0.0	0.0
52	__protein1_rbs	6.333333333333332	0.0	0.0
52	__protein2_rbs	8.333333333333334	0.0	0.0
52	__protein3_rbs	5.666666666666668	0.0	0.0
52	__ribosome	37.333333333333336	0.0	0.0
52	__rnase_site_ext	10.333333333333334	0.0	0.0
52	p0	1.0	0.0	0.0
52	p1	1.0	0.0	0.0
52	protein1	156.33333333333334	9.0	1.9648146666666664
52	protein2	213.66666666666663	13.0	2.406371333333333
52	protein3	100.66666666666669	6.666666666666668	1.959596
52	rnapol	1.3333333333333333	0.0	0.0
53	__protein1_rbs	6.333333333333332	0.0	0.0
53	__protein2_rbs	9.333333333333334	0.0	0.0
53	__protein3_rbs	5.666666666666668	0.0	0.0
53	__ribosome	36.66666666666666	0.0	0.0
53	__rnase_site_ext	12.666666666666664	0.0	0.0
53	p0	1.0	0.0	0.0
53	p1	0.3333333333333333	0.0	0.0
53	protein1	162.33333333333334	9.0	1.937037
53	protein2	219.66666666666663	13.333333333333336	2.3961246666666667
53	protein3	105.0	7.333333333333332	2.0634919999999997
53	rnapol	1.3333333333333333	0.0	0.0
54	__protein1_rbs	7.0	0.0	0.0
54	__protein2_rbs	9.666666666666666	0.0	0.0
54	__protein3_rbs	4.666666666666667	0.0	0.0
54	__ribosome	34.333333333333336	0.0	0.0
54	__rnase_site_ext	12.333333333333336	0.0	0.0
54	p0	1.0	0.0	0.0
54	p1	1.0	0.0	0.0
54	protein1	166.66666666666666	9.333333333333334	1.9027776666666665
54	protein2	226.33333333333331	13.666666666666664	2.380158666666667
54	protein3	108.0	7.333333333333332	2.3134919999999997
54	rnapol	1.3333333333333333	0.0	0.0
55	__protein1_rbs	7.333333333333332	0.0	0.0
55	__protein2_rbs	9.0	0.0	0.0
55	__protein3_rbs	5.666666666666668	0.0	0.0
55	__ribosome	34.666666666666664	0.0	0.0
55	__rnase_site_ext	11.0	0.0	0.0
55	p0	1.0	0.0	0.0
55	p1	1.0	0.0	0.0
55	protein1	172.66666666666663	9.333333333333334	1.7958753333333333
55	protein2	233.66666666666663	13.666666666666664	2.388095333333333
55	protein3	110.66666666666669	7.333333333333332	2.3690476666666664
55	rnapol	1.6666666666666667	0.0	0.0
56	__protein1_rbs	6.333333333333332	0.0	0.0
56	__protein2_rbs	10.666666666666666	0.0	0.0
56	__protein3_rbs	5.333333333333333	0.0	0.0
56	__ribosome	35.666666666666664	0.0	0.0
56	__rnase_site_ext	10.666666666666666	0.0	0.0
56	p0	0.6666666666666666	0.0	0.0
56	p1	1.0	0.0	0.0
56	protein1	178.66666666666663	9.666666666666666	1.7227273333333333
56	protein2	241.66666666666663	13.666666666666664	2.361111
56	protein3	115.0	7.666666666666668	2.4166666666666665
56	rnapol	2.0	0.0	0.0
57	__protein1_rbs	8.333333333333334	0.0	0.0
57	__protein2_rbs	11.333333333333336	0.0	0.0
57	__protein3_rbs	5.0	0.0	0.0
57	__ribosome	36.333333333333336	0.0	0.0
57	__rnase_site_ext	14.0	0.0	0.0
57	p0	1.0	0.0	0.0
57	p1	0.6666666666666666	0.0	0.0
57	protein1	183.0	10.0	1.5757576666666668
57	protein2	248.33333333333331	13.666666666666664	2.318254
57	protein3	117.66666666666669	7.666666666666668	2.5416666666666665
57	rnapol	2.0	0.0	0.0
58	__protein1_rbs	8.0	0.0	0.0
58	__protein2_rbs	10.333333333333334	0.0	0.0
58	__protein3_rbs	6.666666666666668	0.0	0.0
58	__ribosome	37.333333333333336	0.0	0.0
58	__rnase_site_ext	13.0	0.0	0.0
58	p0	0.6666666666666666	0.0	0.0
58	p1	1.0	0.0	0.0
58	protein1	188.33333333333331	10.0	1.503788
58	protein2	257.0	14.0	2.266666666666667
58	protein3	121.66666666666669	8.333333333333334	2.055555666666667
58	rnapol	1.6666666666666667	0.0	0.0
59	__protein1_rbs	7.666666666666668	0.0	0.0
59	__protein2_rbs	11.0	0.0	0.0
59	__protein3_rbs	6.0	0.0	0.0
59	__ribosome	36.0	0.0	0.0
59	__rnase_site_ext	13.333333333333336	0.0	0.0
59	p0	1.0	0.0	0.0
59	p1	1.0	0.0	0.0
59	protein1	193.0	10.333333333333334	1.4949496666666666
59	protein2	264.0	14.333333333333336	2.2277780000000003
59	protein3	125.66666666666669	8.333333333333334	2.018518333333333
59	rnapol	1.6666666666666667	0.0	0.0
60	__protein1_rbs	8.333333333333334	0.0	0.0
60	__protein2_rbs	11.333333333333336	0.0	0.0
60	__protein3_rbs	6.333333333333332	0.0	0.0
60	__ribosome	37.66666666666666	0.0	0.0
60	__rnase_site_ext	13.0	0.0	0.0
60	p0	1.0	0.0	0.0
60	p1	1.0	0.0	0.0
60	protein1	197.33333333333331	10.333333333333334	1.4276093333333335
60	protein2	271.0	14.666666666666664	2.1630716666666667
60	protein3	129.66666666666666	8.333333333333334	1.8333333333333333
60	rnapol	1.3333333333333333	0.0	0.0
61	__protein1_rbs	6.0	0.0	0.0
61	__protein2_rbs	9.333333333333334	0.0	0.0
61	__protein3_rbs	6.333333333333332	0.0	0.0
61	__ribosome	34.0	0.0	0.0
61	__rnase_site_ext	10.0	0.0	0.0
61	p0	1.0	0.0	0.0
61	p1	1.0	0.0	0.0
61	protein1	201.33333333333331	10.333333333333334	1.7790406666666667
61	protein2	279.3333333333333	14.333333333333336	2.218538333333333
61	protein3	132.33333333333334	8.333333333333334	2.018518333333333
61	rnapol	1.3333333333333333	0.0	0.0
62	__protein1_rbs	6.666666666666668	0.0	0.0
62	__protein2_rbs	10.333333333333334	0.0	0.0
62	__protein3_rbs	8.333333333333334	0.0	0.0
62	__ribosome	35.333333333333336	0.0	0.0
62	__rnase_site_ext	11.666666666666664	0.0	0.0
62	p0	1.0	0.0	0.0
62	p1	1.0	0.0	0.0
62	protein1	207.66666666666663	10.666666666666666	1.7916666666666667
62	protein2	286.0	14.666666666666664	2.098692666666667
62	protein3	135.66666666666666	8.666666666666666	1.838889
62	rnapol	1.3333333333333333	0.0	0.0
63	__protein1_rbs	9.0	0.0	0.0
63	__protein2_rbs	9.666666666666666	0.0	0.0
63	__protein3_rbs	7.333333333333332	0.0	0.0
63	__ribosome	36.333333333333336	0.0	0.0
63	__rnase_site_ext	12.333333333333336	0.0	0.0
63	p0	1.0	0.0	0.0
63	p1	0.0	0.0	0.0
63	protein1	210.33333333333331	10.333333333333334	1.9126986666666668
63	protein2	294.0	14.666666666666664	2.146732
63	protein3	141.0	8.333333333333334	1.7287879999999998
63	rnapol	1.0	0.0	0.0
64	__protein1_rbs	7.0	0.0	0.0
64	__protein2_rbs	9.0	0.0	0.0
64	__protein3_rbs	7.0	0.0	0.0
64	__ribosome	31.66666666666667	0.0	0.0
64	__rnase_site_ext	12.0	0.0	0.0
64	p0	1.0	0.0	0.0
64	p1	0.6666666666666666	0.0	0.0
64	protein1	215.66666666666663	10.333333333333334	1.865079333333333
64	protein2	300.6666666666667	15.666666666666664	2.3169516666666667
64	protein3	144.66666666666666	9.0	1.678205
64	rnapol	1.0	0.0	0.0
65	__protein1_rbs	6.666666666666668	0.0	0.0
65	__protein2_rbs	12.666666666666664	0.0	0.0
65	__protein3_rbs	6.0	0.0	0.0
65	__ribosome	30.33333333333333	0.0	0.0
65	__rnase_site_ext	12.333333333333336	0.0	0.0
65	p0	0.6666666666666666	0.0	0.0
65	p1	0.6666666666666666	0.0	0.0
65	protein1	223.0	10.333333333333334	1.6547619999999998
65	protein2	307.0	16.0	2.3160426666666667
65	protein3	148.66666666666666	9.0	2.0205126666666664
65	rnapol	0.6666666666666666	0.0	0.0
66	__protein1_rbs	8.333333333333334	0.0	0.0
66	__protein2_rbs	11.333333333333336	0.0	0.0
66	__protein3_rbs	7.666666666666668	0.0	0.0
66	__ribosome	28.66666666666667	0.0	0.0
66	__rnase_site_ext	13.333333333333336	0.0	0.0
66	p0	1.0	0.0	0.0
66	p1	1.0	0.0	0.0
66	protein1	227.66666666666663	10.333333333333334	1.6547619999999998
66	protein2	313.3333333333333	16.333333333333332	2.427959
66	protein3	152.33333333333334	9.333333333333334	1.753846
66	rnapol	0.6666666666666666	0.0	0.0
67	__protein1_rbs	7.666666666666668	0.0	0.0
67	__protein2_rbs	11.666666666666664	0.0	0.0
67	__protein3_rbs	7.666666666666668	0.0	0.0
67	__ribosome	26.0	0.0	0.0
67	__rnase_site_ext	12.666666666666664	0.0	0.0
67	p0	0.6666666666666666	0.0	0.0
67	p1	1.0	0.0	0.0
67	protein1	232.0	10.666666666666666	1.7222223333333335
67	protein2	323.0	16.333333333333332	2.384615333333333
67	protein3	154.66666666666666	9.333333333333334	1.9410256666666663
67	rnapol	0.6666666666666666	0.0	0.0
68	__protein1_rbs	7.666666666666668	0.0	0.0
68	__protein2_rbs	13.333333333333336	0.0	0.0
68	__protein3_rbs	7.333333333333332	0.0	0.0
68	__ribosome	28.66666666666667	0.0	0.0
68	__rnase_site_ext	13.0	0.0	0.0
68	p0	1.0	0.0	0.0
68	p1	0.6666666666666666	0.0	0.0
68	protein1	236.66666666666663	10.666666666666666	1.75
68	protein2	331.3333333333333	16.0	2.1851849999999997
68	protein3	157.66666666666666	10.0	1.9523810000000001
68	rnapol	1.0	0.0	0.0
69	__protein1_rbs	8.333333333333334	0.0	0.0
69	__protein2_rbs	11.666666666666664	0.0	0.0
69	__protein3_rbs	7.666666666666668	0.0	0.0
69	__ribosome	30.33333333333333	0.0	0.0
69	__rnase_site_ext	11.666666666666664	0.0	0.0
69	p0	1.0	0.0	0.0
69	p1	1.0	0.0	0.0
69	protein1	243.0	10.666666666666666	1.6944446666666666
69	protein2	340.3333333333333	16.0	2.0929276666666667
69	protein3	162.33333333333334	10.333333333333334	1.9919193333333336
69	rnapol	1.0	0.0	0.0
70	__protein1_rbs	9.666666666666666	0.0	0.0
70	__protein2_rbs	12.333333333333336	0.0	0.0
70	__protein3_rbs	8.333333333333334	0.0	0.0
70	__ribosome	33.666666666666664	0.0	0.0
70	__rnase_site_ext	13.666666666666664	0.0	0.0
70	p0	1.0	0.0	0.0
70	p1	1.0	0.0	0.0
70	protein1	248.33333333333331	10.666666666666666	1.5694443333333332
70	protein2	348.66666666666674	15.333333333333336	2.001634
70	protein3	166.0	10.666666666666666	2.1166666666666667
70	rnapol	1.3333333333333333	0.0	0.0
71	__protein1_rbs	7.666666666666668	0.0	0.0
71	__protein2_rbs	11.0	0.0	0.0
71	__protein3_rbs	6.666666666666668	0.0	0.0
71	__ribosome	33.666666666666664	0.0	0.0
71	__rnase_site_ext	11.0	0.0	0.0
71	p0	1.0	0.0	0.0
71	p1	1.0	0.0	0.0
71	protein1	254.0	10.666666666666666	1.5694443333333332
71	protein2	358.0	16.0	1.857466
71	protein3	171.66666666666666	11.0	2.1418803333333334
71	rnapol	1.6666666666666667	0.0	0.0
72	__protein1_rbs	8.666666666666666	0.0	0.0
72	__protein2_rbs	10.333333333333334	0.0	0.0
72	__protein3_rbs	8.666666666666666	0.0	0.0
72	__ribosome	30.33333333333333	0.0	0.0
72	__rnase_site_ext	13.333333333333336	0.0	0.0
72	p0	1.0	0.0	0.0
72	p1	1.0	0.0	0.0
72	protein1	258.6666666666667	11.0	1.4754273333333332
72	protein2	364.33333333333326	16.333333333333332	1.954416
72	protein3	175.0	11.0	2.323077
72	rnapol	1.3333333333333333	0.0	0.0
73	__protein1_rbs	7.666666666666668	0.0	0.0
73	__protein2_rbs	12.666666666666664	0.0	0.0
73	__protein3_rbs	8.0	0.0	0.0
73	__ribosome	28.33333333333333	0.0	0.0
73	__rnase_site_ext	13.666666666666664	0.0	0.0
73	p0	1.0	0.0	0.0
73	p1	1.0	0.0	0.0
73	protein1	264.0	10.666666666666666	1.5833333333333333
73	protein2	370.0	16.333333333333332	1.9245013333333336
73	protein3	178.66666666666663	11.333333333333336	2.198290333333333
73	rnapol	1.3333333333333333	0.0	0.0
74	__protein1_rbs	8.666666666666666	0.0	0.0
74	__protein2_rbs	9.666666666666666	0.0	0.0
74	__protein3_rbs	9.0	0.0	0.0
74	__ribosome	28.0	0.0	0.0
74	__rnase_site_ext	14.333333333333336	0.0	0.0
74	p0	0.6666666666666666	0.0	0.0
74	p1	1.0	0.0	0.0
74	protein1	268.0	11.0	1.5555556666666668
74	protein2	377.66666666666674	16.0	2.0555553333333334
74	protein3	184.0	11.666666666666664	1.9523810000000001
74	rnapol	1.6666666666666667	0.0	0.0
75	__protein1_rbs	8.333333333333334	0.0	0.0
75	__protein2_rbs	14.0	0.0	0.0
75	__protein3_rbs	9.0	0.0	0.0
75	__ribosome	27.33333333333333	0.0	0.0
75	__rnase_site_ext	14.333333333333336	0.0	0.0
75	p0	1.0	0.0	0.0
75	p1	0.6666666666666666	0.0	0.0
75	protein1	271.6666666666667	11.333333333333336	1.661111
75	protein2	385.0	15.666666666666664	1.906318
75	protein3	187.33333333333331	11.666666666666664	2.149938666666667
75	rnapol	1.6666666666666667	0.0	0.0
76	__protein1_rbs	10.0	0.0	0.0
76	__protein2_rbs	11.333333333333336	0.0	0.0
76	__protein3_rbs	8.666666666666666	0.0	0.0
76	__ribosome	29.0	0.0	0.0
76	__rnase_site_ext	15.333333333333336	0.0	0.0
76	p0	1.0	0.0	0.0
76	p1	0.6666666666666666	0.0	0.0
76	protein1	279.3333333333333	11.333333333333336	1.411111
76	protein2	391.66666666666674	16.0	2.0925926666666665
76	protein3	194.66666666666663	12.0	1.984127
76	rnapol	1.6666666666666667	0.0	0.0
77	__protein1_rbs	8.666666666666666	0.0	0.0
77	__protein2_rbs	13.333333333333336	0.0	0.0
77	__protein3_rbs	9.0	0.0	0.0
77	__ribosome	30.66666666666667	0.0	0.0
77	__rnase_site_ext	14.666666666666664	0.0	0.0
77	p0	1.0	0.0	0.0
77	p1	1.0	0.0	0.0
77	protein1	283.3333333333333	11.666666666666664	1.45
77	protein2	399.66666666666674	16.333333333333332	1.931774
77	protein3	200.33333333333331	12.0	1.9333333333333331
77	rnapol	1.3333333333333333	0.0	0.0
78	__protein1_rbs	9.333333333333334	0.0	0.0
78	__protein2_rbs	13.666666666666664	0.0	0.0
78	__protein3_rbs	10.0	0.0	0.0
78	__ribosome	28.66666666666667	0.0	0.0
78	__rnase_site_ext	14.333333333333336	0.0	0.0
78	p0	1.0	0.0	0.0
78	p1	0.6666666666666666	0.0	0.0
78	protein1	288.3333333333333	11.666666666666664	1.5081196666666667
78	protein2	405.66666666666674	16.666666666666668	1.856725
78	protein3	204.0	12.0	2.026984
78	rnapol	1.6666666666666667	0.0	0.0
79	__protein1_rbs	7.666666666666668	0.0	0.0
79	__protein2_rbs	13.333333333333336	0.0	0.0
79	__protein3_rbs	9.0	0.0	0.0
79	__ribosome	28.66666666666667	0.0	0.0
79	__rnase_site_ext	13.666666666666664	0.0	0.0
79	p0	0.6666666666666666	0.0	0.0
79	p1	1.0	0.0	0.0
79	protein1	294.0	12.0	1.5722223333333332
79	protein2	413.33333333333326	17.0	1.7648286666666664
79	protein3	209.33333333333331	12.0	1.9761903333333333
79	rnapol	1.6666666666666667	0.0	0.0
80	__protein1_rbs	10.0	0.0	0.0
80	__protein2_rbs	12.333333333333336	0.0	0.0
80	__protein3_rbs	9.0	0.0	0.0
80	__ribosome	29.66666666666667	0.0	0.0
80	__rnase_site_ext	15.0	0.0	0.0
80	p0	1.0	0.0	0.0
80	p1	1.0	0.0	0.0
80	protein1	299.0	12.333333333333336	1.4253246666666666
80	protein2	422.33333333333326	16.333333333333332	1.86648
80	protein3	215.0	12.0	2.031746
80	rnapol	2.333333333333333	0.0	0.0
81	__protein1_rbs	9.0	0.0	0.0
81	__protein2_rbs	14.666666666666664	0.0	0.0
81	__protein3_rbs	8.0	0.0	0.0
81	__ribosome	29.0	0.0	0.0
81	__rnase_site_ext	14.333333333333336	0.0	0.0
81	p0	1.0	0.0	0.0
81	p1	1.0	0.0	0.0
81	protein1	304.0	12.333333333333336	1.550505
81	protein2	428.66666666666674	16.666666666666668	1.6982163333333335
81	protein3	220.66666666666663	12.333333333333336	2.0003966666666666
81	rnapol	2.333333333333333	0.0	0.0
82	__protein1_rbs	9.666666666666666	0.0	0.0
82	__protein2_rbs	13.333333333333336	0.0	0.0
82	__protein3_rbs	7.0	0.0	0.0
82	__ribosome	29.66666666666667	0.0	0.0
82	__rnase_site_ext	14.333333333333336	0.0	0.0
82	p0	1.0	0.0	0.0
82	p1	1.0	0.0	0.0
82	protein1	310.0	12.0	1.3904426666666667
82	protein2	434.66666666666674	17.0	1.6995796666666667
82	protein3	226.33333333333331	11.666666666666664	2.333333333333333
82	rnapol	2.0	0.0	0.0
83	__protein1_rbs	9.666666666666666	0.0	0.0
83	__protein2_rbs	14.0	0.0	0.0
83	__protein3_rbs	9.666666666666666	0.0	0.0
83	__ribosome	32.333333333333336	0.0	0.0
83	__rnase_site_ext	16.333333333333332	0.0	0.0
83	p0	1.0	0.0	0.0
83	p1	1.0	0.0	0.0
83	protein1	315.3333333333333	12.333333333333336	1.2435896666666666
83	protein2	442.66666666666674	17.0	1.6312326666666666
83	protein3	230.33333333333331	11.666666666666664	2.285714
83	rnapol	1.6666666666666667	0.0	0.0
84	__protein1_rbs	9.666666666666666	0.0	0.0
84	__protein2_rbs	14.0	0.0	0.0
84	__protein3_rbs	9.0	0.0	0.0
84	__ribosome	29.33333333333333	0.0	0.0
84	__rnase_site_ext	15.333333333333336	0.0	0.0
84	p0	1.0	0.0	0.0
84	p1	1.0	0.0	0.0
84	protein1	320.0	12.333333333333336	1.380342
84	protein2	451.33333333333326	17.333333333333332	1.6630716666666665
84	protein3	235.0	12.0	2.1607143333333334
84	rnapol	1.6666666666666667	0.0	0.0
85	__protein1_rbs	9.0	0.0	0.0
85	__protein2_rbs	13.333333333333336	0.0	0.0
85	__protein3_rbs	7.666666666666668	0.0	0.0
85	__ribosome	27.66666666666667	0.0	0.0
85	__rnase_site_ext	16.333333333333332	0.0	0.0
85	p0	1.0	0.0	0.0
85	p1	1.0	0.0	0.0
85	protein1	325.0	12.333333333333336	1.378205
85	protein2	458.0	17.666666666666668	1.674074
85	protein3	241.0	12.333333333333336	2.203571333333333
85	rnapol	2.0	0.0	0.0
86	__protein1_rbs	8.666666666666666	0.0	0.0
86	__protein2_rbs	14.0	0.0	0.0
86	__protein3_rbs	11.0	0.0	0.0
86	__ribosome	27.33333333333333	0.0	0.0
86	__rnase_site_ext	14.666666666666664	0.0	0.0
86	p0	1.0	0.0	0.0
86	p1	1.0	0.0	0.0
86	protein1	329.6666666666667	12.0	1.4900933333333333
86	protein2	463.33333333333326	18.0	1.812698666666667
86	protein3	247.33333333333331	12.333333333333336	1.857143
86	rnapol	2.0	0.0	0.0
87	__protein1_rbs	8.333333333333334	0.0	0.0
87	__protein2_rbs	14.666666666666664	0.0	0.0
87	__protein3_rbs	10.0	0.0	0.0
87	__ribosome	26.0	0.0	0.0
87	__rnase_site_ext	14.333333333333336	0.0	0.0
87	p0	0.6666666666666666	0.0	0.0
87	p1	1.0	0.0	0.0
87	protein1	335.6666666666667	12.0	1.4203573333333337
87	protein2	469.0	18.0	1.9391533333333333
87	protein3	253.0	12.333333333333336	1.8083333333333331
87	rnapol	2.0	0.0	0.0
88	__protein1_rbs	11.0	0.0	0.0
88	__protein2_rbs	14.333333333333336	0.0	0.0
88	__protein3_rbs	8.666666666666666	0.0	0.0
88	__ribosome	25.33333333333333	0.0	0.0
88	__rnase_site_ext	17.333333333333332	0.0	0.0
88	p0	1.0	0.0	0.0
88	p1	0.6666666666666666	0.0	0.0
88	protein1	340.3333333333333	12.666666666666664	1.2905983333333333
88	protein2	478.33333333333326	18.666666666666668	1.846021333333333
88	protein3	257.3333333333333	12.0	1.970238333333333
88	rnapol	1.6666666666666667	0.0	0.0
89	__protein1_rbs	9.333333333333334	0.0	0.0
89	__protein2_rbs	13.666666666666664	0.0	0.0
89	__protein3_rbs	8.666666666666666	0.0	0.0
89	__ribosome	26.66666666666667	0.0	0.0
89	__rnase_site_ext	16.0	0.0	0.0
89	p0	1.0	0.0	0.0
89	p1	1.0	0.0	0.0
89	protein1	346.33333333333326	12.333333333333336	1.2649573333333333
89	protein2	485.66666666666674	18.0	1.9158926666666665
89	protein3	263.6666666666667	12.0	1.9345236666666663
89	rnapol	1.6666666666666667	0.0	0.0
90	__protein1_rbs	10.333333333333334	0.0	0.0
90	__protein2_rbs	15.333333333333336	0.0	0.0
90	__protein3_rbs	9.0	0.0	0.0
90	__ribosome	28.66666666666667	0.0	0.0
90	__rnase_site_ext	16.0	0.0	0.0
90	p0	1.0	0.0	0.0
90	p1	0.6666666666666666	0.0	0.0
90	protein1	351.66666666666674	12.0	1.1606446666666668
90	protein2	493.66666666666674	18.33333333333333	1.8018576666666668
90	protein3	269.0	12.333333333333336	2.0615080000000003
90	rnapol	1.3333333333333333	0.0	0.0
91	__protein1_rbs	10.666666666666666	0.0	0.0
91	__protein2_rbs	12.0	0.0	0.0
91	__protein3_rbs	10.333333333333334	0.0	0.0
91	__ribosome	26.66666666666667	0.0	0.0
91	__rnase_site_ext	16.0	0.0	0.0
91	p0	1.0	0.0	0.0
91	p1	0.6666666666666666	0.0	0.0
91	protein1	355.66666666666674	12.0	1.188811
91	protein2	501.33333333333326	19.0	1.890196
91	protein3	273.6666666666667	12.666666666666664	1.9277776666666664
91	rnapol	1.0	0.0	0.0
92	__protein1_rbs	9.333333333333334	0.0	0.0
92	__protein2_rbs	13.666666666666664	0.0	0.0
92	__protein3_rbs	11.333333333333336	0.0	0.0
92	__ribosome	30.33333333333333	0.0	0.0
92	__rnase_site_ext	15.333333333333336	0.0	0.0
92	p0	1.0	0.0	0.0
92	p1	1.0	0.0	0.0
92	protein1	360.0	11.666666666666664	1.249417
92	protein2	510.66666666666674	19.0	1.7993176666666664
92	protein3	279.3333333333333	13.0	1.6666666666666667
92	rnapol	1.0	0.0	0.0
93	__protein1_rbs	8.333333333333334	0.0	0.0
93	__protein2_rbs	14.333333333333336	0.0	0.0
93	__protein3_rbs	11.0	0.0	0.0
93	__ribosome	28.66666666666667	0.0	0.0
93	__rnase_site_ext	16.0	0.0	0.0
93	p0	0.6666666666666666	0.0	0.0
93	p1	1.0	0.0	0.0
93	protein1	364.66666666666674	11.666666666666664	1.3735043333333332
93	protein2	518.0	19.0	1.8325536666666664
93	protein3	285.3333333333333	13.333333333333336	1.5777776666666667
93	rnapol	1.0	0.0	0.0
94	__protein1_rbs	10.666666666666666	0.0	0.0
94	__protein2_rbs	14.666666666666664	0.0	0.0
94	__protein3_rbs	9.666666666666666	0.0	0.0
94	__ribosome	26.33333333333333	0.0	0.0
94	__rnase_site_ext	16.666666666666668	0.0	0.0
94	p0	1.0	0.0	0.0
94	p1	0.6666666666666666	0.0	0.0
94	protein1	370.0	12.0	1.120435
94	protein2	524.6666666666666	19.0	1.9687136666666667
94	protein3	290.0	13.333333333333336	1.7
94	rnapol	1.3333333333333333	0.0	0.0
95	__protein1_rbs	9.333333333333334	0.0	0.0
95	__protein2_rbs	15.0	0.0	0.0
95	__protein3_rbs	11.333333333333336	0.0	0.0
95	__ribosome	25.66666666666667	0.0	0.0
95	__rnase_site_ext	15.333333333333336	0.0	0.0
95	p0	1.0	0.0	0.0
95	p1	0.6666666666666666	0.0	0.0
95	protein1	373.66666666666674	12.0	1.2905983333333333
95	protein2	533.0	19.666666666666668	1.9425836666666665
95	protein3	295.6666666666667	13.666666666666664	1.4694443333333336
95	rnapol	1.3333333333333333	0.0	0.0
96	__protein1_rbs	11.0	0.0	0.0
96	__protein2_rbs	15.666666666666664	0.0	0.0
96	__protein3_rbs	12.0	0.0	0.0
96	__ribosome	24.66666666666667	0.0	0.0
96	__rnase_site_ext	16.666666666666668	0.0	0.0
96	p0	0.6666666666666666	0.0	0.0
96	p1	1.0	0.0	0.0
96	protein1	378.33333333333326	12.333333333333336	1.260684
96	protein2	541.6666666666666	19.33333333333333	1.9622806666666663
96	protein3	299.3333333333333	14.0	1.521464666666667
96	rnapol	1.0	0.0	0.0
97	__protein1_rbs	11.333333333333336	0.0	0.0
97	__protein2_rbs	16.0	0.0	0.0
97	__protein3_rbs	8.666666666666666	0.0	0.0
97	__ribosome	24.33333333333333	0.0	0.0
97	__rnase_site_ext	18.666666666666668	0.0	0.0
97	p0	1.0	0.0	0.0
97	p1	1.0	0.0	0.0
97	protein1	382.0	12.666666666666664	1.218254333333333
97	protein2	551.6666666666666	19.33333333333333	1.8605263333333333
97	protein3	303.6666666666667	13.333333333333336	1.7737373333333333
97	rnapol	1.0	0.0	0.0
98	__protein1_rbs	9.333333333333334	0.0	0.0
98	__protein2_rbs	16.0	0.0	0.0
98	__protein3_rbs	10.0	0.0	0.0
98	__ribosome	24.0	0.0	0.0
98	__rnase_site_ext	16.0	0.0	0.0
98	p0	1.0	0.0	0.0
98	p1	1.0	0.0	0.0
98	protein1	386.33333333333326	12.666666666666664	1.3055556666666666
98	protein2	559.6666666666666	19.33333333333333	1.7587716666666668
98	protein3	310.0	13.333333333333336	1.8949496666666663
98	rnapol	1.3333333333333333	0.0	0.0
99	__protein1_rbs	10.0	0.0	0.0
99	__protein2_rbs	16.333333333333332	0.0	0.0
99	__protein3_rbs	10.333333333333334	0.0	0.0
99	__ribosome	24.33333333333333	0.0	0.0
99	__rnase_site_ext	17.666666666666668	0.0	0.0
99	p0	1.0	0.0	0.0
99	p1	1.0	0.0	0.0
99	protein1	392.66666666666674	13.0	1.2017703333333334
99	protein2	569.0	19.33333333333333	1.6929823333333331
99	protein3	314.6666666666667	14.0	1.95
99	rnapol	1.0	0.0	0.0
100	__protein1_rbs	11.0	0.0	0.0
100	__protein2_rbs	15.666666666666664	0.0	0.0
100	__protein3_rbs	12.0	0.0	0.0
100	__ribosome	21.66666666666667	0.0	0.0
100	__rnase_site_ext	17.333333333333332	0.0	0.0
100	p0	1.0	0.0	0.0
100	p1	1.0	0.0	0.0
100	protein1	396.66666666666674	13.333333333333336	1.4007936666666667
100	protein2	576.0	19.33333333333333	1.7148146666666666
100	protein3	319.0	14.333333333333336	1.8333333333333333
100	rnapol	1.0	0.0	0.0
101	__protein1_rbs	10.0	0.0	0.0
101	__protein2_rbs	15.333333333333336	0.0	0.0
101	__protein3_rbs	11.666666666666664	0.0	0.0
101	__ribosome	23.0	0.0	0.0
101	__rnase_site_ext	16.666666666666668	0.0	0.0
101	p0	1.0	0.0	0.0
101	p1	1.0	0.0	0.0
101	protein1	401.0	13.666666666666664	1.5666666666666669
101	protein2	587.0	19.33333333333333	1.596296333333333
101	protein3	324.6666666666667	14.666666666666664	1.663072
101	rnapol	0.6666666666666666	0.0	0.0
102	__protein1_rbs	10.333333333333334	0.0	0.0
102	__protein2_rbs	15.666666666666664	0.0	0.0
102	__protein3_rbs	12.0	0.0	0.0
102	__ribosome	24.33333333333333	0.0	0.0
102	__rnase_site_ext	17.333333333333332	0.0	0.0
102	p0	1.0	0.0	0.0
102	p1	1.0	0.0	0.0
102	protein1	407.66666666666674	14.0	1.527777666666667
102	protein2	592.6666666666666	19.33333333333333	1.6425926666666666
102	protein3	332.0	14.666666666666664	1.4908496666666666
102	rnapol	0.3333333333333333	0.0	0.0
103	__protein1_rbs	10.333333333333334	0.0	0.0
103	__protein2_rbs	16.666666666666668	0.0	0.0
103	__protein3_rbs	12.333333333333336	0.0	0.0
103	__ribosome	22.66666666666667	0.0	0.0
103	__rnase_site_ext	17.666666666666668	0.0	0.0
103	p0	1.0	0.0	0.0
103	p1	0.6666666666666666	0.0	0.0
103	protein1	413.66666666666674	14.333333333333336	1.575
103	protein2	599.6666666666666	20.0	1.5790726666666668
103	protein3	337.3333333333333	14.666666666666664	1.5542483333333337
103	rnapol	0.6666666666666666	0.0	0.0
104	__protein1_rbs	10.333333333333334	0.0	0.0
104	__protein2_rbs	17.333333333333332	0.0	0.0
104	__protein3_rbs	12.0	0.0	0.0
104	__ribosome	23.66666666666667	0.0	0.0
104	__rnase_site_ext	18.33333333333333	0.0	0.0
104	p0	1.0	0.0	0.0
104	p1	1.0	0.0	0.0
104	protein1	420.0	14.0	1.5887626666666668
104	protein2	607.0	21.0	1.4260463333333335
104	protein3	342.0	14.666666666666664	1.6178416666666668
104	rnapol	0.6666666666666666	0.0	0.0
105	__protein1_rbs	9.666666666666666	0.0	0.0
105	__protein2_rbs	17.0	0.0	0.0
105	__protein3_rbs	12.333333333333336	0.0	0.0
105	__ribosome	26.66666666666667	0.0	0.0
105	__rnase_site_ext	18.0	0.0	0.0
105	p0	1.0	0.0	0.0
105	p1	0.6666666666666666	0.0	0.0
105	protein1	427.0	13.333333333333336	1.4675116666666668
105	protein2	616.6666666666666	21.0	1.3610386666666665
105	protein3	346.66666666666674	15.0	1.6773253333333331
105	rnapol	1.0	0.0	0.0
106	__protein1_rbs	10.333333333333334	0.0	0.0
106	__protein2_rbs	17.666666666666668	0.0	0.0
106	__protein3_rbs	11.333333333333336	0.0	0.0
106	__ribosome	23.33333333333333	0.0	0.0
106	__rnase_site_ext	19.0	0.0	0.0
106	p0	0.6666666666666666	0.0	0.0
106	p1	0.6666666666666666	0.0	0.0
106	protein1	433.66666666666674	13.333333333333336	1.4449299999999998
106	protein2	623.3333333333334	21.33333333333333	1.360750333333333
106	protein3	352.0	15.333333333333336	1.8786763333333336
106	rnapol	0.3333333333333333	0.0	0.0
107	__protein1_rbs	11.0	0.0	0.0
107	__protein2_rbs	18.0	0.0	0.0
107	__protein3_rbs	14.0	0.0	0.0
107	__ribosome	23.33333333333333	0.0	0.0
107	__rnase_site_ext	18.33333333333333	0.0	0.0
107	p0	1.0	0.0	0.0
107	p1	1.0	0.0	0.0
107	protein1	440.0	13.666666666666664	1.3023506666666669
107	protein2	629.3333333333334	22.0	1.4249326666666666
107	protein3	357.33333333333326	15.333333333333336	1.8161763333333336
107	rnapol	1.3333333333333333	0.0	0.0
108	__protein1_rbs	12.0	0.0	0.0
108	__protein2_rbs	18.0	0.0	0.0
108	__protein3_rbs	12.0	0.0	0.0
108	__ribosome	21.66666666666667	0.0	0.0
108	__rnase_site_ext	20.0	0.0	0.0
108	p0	1.0	0.0	0.0
108	p1	1.0	0.0	0.0
108	protein1	445.0	13.666666666666664	1.3253206666666666
108	protein2	635.0	22.33333333333333	1.49473
108	protein3	364.33333333333326	15.666666666666664	1.735294
108	rnapol	1.0	0.0	0.0
109	__protein1_rbs	11.666666666666664	0.0	0.0
109	__protein2_rbs	16.333333333333332	0.0	0.0
109	__protein3_rbs	12.0	0.0	0.0
109	__ribosome	17.666666666666668	0.0	0.0
109	__rnase_site_ext	18.33333333333333	0.0	0.0
109	p0	1.0	0.0	0.0
109	p1	0.6666666666666666	0.0	0.0
109	protein1	450.0	14.0	1.3373553333333332
109	protein2	643.3333333333334	22.33333333333333	1.5685113333333334
109	protein3	369.33333333333326	15.333333333333336	1.8779763333333332
109	rnapol	1.0	0.0	0.0
110	__protein1_rbs	12.333333333333336	0.0	0.0
110	__protein2_rbs	17.0	0.0	0.0
110	__protein3_rbs	11.0	0.0	0.0
110	__ribosome	20.666666666666668	0.0	0.0
110	__rnase_site_ext	19.33333333333333	0.0	0.0
110	p0	1.0	0.0	0.0
110	p1	1.0	0.0	0.0
110	protein1	456.66666666666674	14.0	1.07089
110	protein2	650.3333333333334	22.33333333333333	1.6425123333333334
110	protein3	376.66666666666674	15.333333333333336	1.800595333333333
110	rnapol	2.0	0.0	0.0
111	__protein1_rbs	12.333333333333336	0.0	0.0
111	__protein2_rbs	16.333333333333332	0.0	0.0
111	__protein3_rbs	11.666666666666664	0.0	0.0
111	__ribosome	23.66666666666667	0.0	0.0
111	__rnase_site_ext	20.33333333333333	0.0	0.0
111	p0	1.0	0.0	0.0
111	p1	0.3333333333333333	0.0	0.0
111	protein1	461.33333333333326	14.0	1.0274003333333337
111	protein2	658.3333333333334	22.33333333333333	1.5961793333333336
111	protein3	382.66666666666674	15.333333333333336	1.7232143333333332
111	rnapol	2.0	0.0	0.0
112	__protein1_rbs	11.0	0.0	0.0
112	__protein2_rbs	19.0	0.0	0.0
112	__protein3_rbs	13.333333333333336	0.0	0.0
112	__ribosome	26.66666666666667	0.0	0.0
112	__rnase_site_ext	20.0	0.0	0.0
112	p0	1.0	0.0	0.0
112	p1	1.0	0.0	0.0
112	protein1	466.66666666666674	14.666666666666664	0.9417153333333332
112	protein2	667.0	23.0	1.4907773333333332
112	protein3	389.33333333333326	15.666666666666664	1.6125
112	rnapol	1.6666666666666667	0.0	0.0
113	__protein1_rbs	13.0	0.0	0.0
113	__protein2_rbs	17.0	0.0	0.0
113	__protein3_rbs	13.333333333333336	0.0	0.0
113	__ribosome	26.66666666666667	0.0	0.0
113	__rnase_site_ext	20.33333333333333	0.0	0.0
113	p0	1.0	0.0	0.0
113	p1	1.0	0.0	0.0
113	protein1	471.0	14.333333333333336	0.852793
113	protein2	675.6666666666666	22.66666666666667	1.6338383333333333
113	protein3	395.0	15.666666666666664	1.525
113	rnapol	1.6666666666666667	0.0	0.0
114	__protein1_rbs	12.0	0.0	0.0
114	__protein2_rbs	20.0	0.0	0.0
114	__protein3_rbs	12.333333333333336	0.0	0.0
114	__ribosome	27.33333333333333	0.0	0.0
114	__rnase_site_ext	21.33333333333333	0.0	0.0
114	p0	1.0	0.0	0.0
114	p1	1.0	0.0	0.0
114	protein1	474.33333333333326	14.666666666666664	0.9917736666666668
114	protein2	685.6666666666666	22.66666666666667	1.484848666666667
114	protein3	400.66666666666674	16.0	1.5205883333333332
114	rnapol	1.3333333333333333	0.0	0.0
115	__protein1_rbs	13.0	0.0	0.0
115	__protein2_rbs	17.333333333333332	0.0	0.0
115	__protein3_rbs	12.666666666666664	0.0	0.0
115	__ribosome	24.0	0.0	0.0
115	__rnase_site_ext	19.33333333333333	0.0	0.0
115	p0	1.0	0.0	0.0
115	p1	0.3333333333333333	0.0	0.0
115	protein1	478.33333333333326	15.333333333333336	0.952778
115	protein2	692.3333333333335	22.33333333333333	1.6794733333333334
115	protein3	406.33333333333326	16.0	1.503595
115	rnapol	1.0	0.0	0.0
116	__protein1_rbs	11.0	0.0	0.0
116	__protein2_rbs	17.333333333333332	0.0	0.0
116	__protein3_rbs	13.333333333333336	0.0	0.0
116	__ribosome	19.0	0.0	0.0
116	__rnase_site_ext	19.0	0.0	0.0
116	p0	0.6666666666666666	0.0	0.0
116	p1	1.0	0.0	0.0
116	protein1	481.66666666666674	15.333333333333336	1.1083333333333334
116	protein2	700.3333333333335	23.33333333333333	1.742635
116	protein3	412.33333333333326	16.0	1.4593136666666666
116	rnapol	1.0	0.0	0.0
117	__protein1_rbs	13.333333333333336	0.0	0.0
117	__protein2_rbs	16.666666666666668	0.0	0.0
117	__protein3_rbs	13.666666666666664	0.0	0.0
117	__ribosome	19.33333333333333	0.0	0.0
117	__rnase_site_ext	20.666666666666668	0.0	0.0
117	p0	1.0	0.0	0.0
117	p1	1.0	0.0	0.0
117	protein1	487.33333333333326	15.666666666666664	1.0847223333333331
117	protein2	711.6666666666665	23.0	1.721124
117	protein3	417.66666666666674	16.0	1.4982026666666666
117	rnapol	1.0	0.0	0.0
118	__protein1_rbs	11.333333333333336	0.0	0.0
118	__protein2_rbs	17.666666666666668	0.0	0.0
118	__protein3_rbs	13.333333333333336	0.0	0.0
118	__ribosome	14.666666666666664	0.0	0.0
118	__rnase_site_ext	21.0	0.0	0.0
118	p0	1.0	0.0	0.0
118	p1	0.6666666666666666	0.0	0.0
118	protein1	492.0	15.666666666666664	1.2125
118	protein2	719.0	23.66666666666667	1.7717390000000002
118	protein3	422.66666666666674	16.0	1.523202666666667
118	rnapol	1.0	0.0	0.0
119	__protein1_rbs	13.0	0.0	0.0
119	__protein2_rbs	21.0	0.0	0.0
119	__protein3_rbs	13.0	0.0	0.0
119	__ribosome	16.666666666666668	0.0	0.0
119	__rnase_site_ext	22.33333333333333	0.0	0.0
119	p0	1.0	0.0	0.0
119	p1	0.6666666666666666	0.0	0.0
119	protein1	496.0	15.666666666666664	1.1875
119	protein2	727.0	24.0	1.6805556666666668
119	protein3	427.66666666666674	15.333333333333336	1.5875
119	rnapol	1.0	0.0	0.0
120	__protein1_rbs	12.666666666666664	0.0	0.0
120	__protein2_rbs	20.0	0.0	0.0
120	__protein3_rbs	12.333333333333336	0.0	0.0
120	__ribosome	21.0	0.0	0.0
120	__rnase_site_ext	21.0	0.0	0.0
120	p0	1.0	0.0	0.0
120	p1	1.0	0.0	0.0
120	protein1	502.66666666666674	15.333333333333336	1.1583333333333332
120	protein2	738.0	24.0	1.5643476666666667
120	protein3	433.66666666666674	16.333333333333332	1.4730393333333334
120	rnapol	1.3333333333333333	0.0	0.0
121	__protein1_rbs	12.666666666666664	0.0	0.0
121	__protein2_rbs	19.666666666666668	0.0	0.0
121	__protein3_rbs	14.0	0.0	0.0
121	__ribosome	21.0	0.0	0.0
121	__rnase_site_ext	20.0	0.0	0.0
121	p0	1.0	0.0	0.0
121	p1	1.0	0.0	0.0
121	protein1	508.33333333333326	15.0	1.1777776666666668
121	protein2	747.0	24.33333333333333	1.5494443333333334
121	protein3	439.66666666666674	16.0	1.4791666666666667
121	rnapol	1.3333333333333333	0.0	0.0
122	__protein1_rbs	10.666666666666666	0.0	0.0
122	__protein2_rbs	19.666666666666668	0.0	0.0
122	__protein3_rbs	13.0	0.0	0.0
122	__ribosome	21.0	0.0	0.0
122	__rnase_site_ext	18.666666666666668	0.0	0.0
122	p0	1.0	0.0	0.0
122	p1	1.0	0.0	0.0
122	protein1	514.0	15.0	1.2
122	protein2	757.3333333333335	24.0	1.5555556666666668
122	protein3	445.0	16.666666666666668	1.424019666666667
122	rnapol	1.3333333333333333	0.0	0.0
123	__protein1_rbs	13.333333333333336	0.0	0.0
123	__protein2_rbs	18.0	0.0	0.0
123	__protein3_rbs	14.0	0.0	0.0
123	__ribosome	16.0	0.0	0.0
123	__rnase_site_ext	20.666666666666668	0.0	0.0
123	p0	1.0	0.0	0.0
123	p1	1.0	0.0	0.0
123	protein1	517.6666666666666	14.666666666666664	1.1761903333333332
123	protein2	765.3333333333335	24.0	1.6944446666666666
123	protein3	449.0	16.666666666666668	1.5637256666666666
123	rnapol	2.0	0.0	0.0
124	__protein1_rbs	12.0	0.0	0.0
124	__protein2_rbs	19.33333333333333	0.0	0.0
124	__protein3_rbs	14.666666666666664	0.0	0.0
124	__ribosome	18.33333333333333	0.0	0.0
124	__rnase_site_ext	21.0	0.0	0.0
124	p0	1.0	0.0	0.0
124	p1	1.0	0.0	0.0
124	protein1	524.3333333333334	14.666666666666664	1.1111113333333331
124	protein2	772.6666666666665	24.0	1.7083333333333333
124	protein3	454.33333333333326	17.333333333333332	1.406318
124	rnapol	2.0	0.0	0.0
125	__protein1_rbs	13.0	0.0	0.0
125	__protein2_rbs	19.33333333333333	0.0	0.0
125	__protein3_rbs	11.666666666666664	0.0	0.0
125	__ribosome	19.0	0.0	0.0
125	__rnase_site_ext	21.0	0.0	0.0
125	p0	1.0	0.0	0.0
125	p1	0.6666666666666666	0.0	0.0
125	protein1	529.3333333333334	14.666666666666664	1.044444666666667
125	protein2	782.6666666666665	23.66666666666667	1.6757246666666668
125	protein3	461.0	17.0	1.5374456666666667
125	rnapol	2.333333333333333	0.0	0.0
126	__protein1_rbs	14.0	0.0	0.0
126	__protein2_rbs	22.0	0.0	0.0
126	__protein3_rbs	13.333333333333336	0.0	0.0
126	__ribosome	22.33333333333333	0.0	0.0
126	__rnase_site_ext	22.66666666666667	0.0	0.0
126	p0	1.0	0.0	0.0
126	p1	1.0	0.0	0.0
126	protein1	533.6666666666666	15.333333333333336	1.086111
126	protein2	792.0	24.33333333333333	1.451111
126	protein3	466.33333333333326	17.0	1.521378
126	rnapol	2.0	0.0	0.0
127	__protein1_rbs	12.333333333333336	0.0	0.0
127	__protein2_rbs	20.0	0.0	0.0
127	__protein3_rbs	11.333333333333336	0.0	0.0
127	__ribosome	22.0	0.0	0.0
127	__rnase_site_ext	22.33333333333333	0.0	0.0
127	p0	1.0	0.0	0.0
127	p1	1.0	0.0	0.0
127	protein1	539.0	15.333333333333336	1.092262
127	protein2	803.0	23.66666666666667	1.364058
127	protein3	472.66666666666674	17.0	1.714597
127	rnapol	1.6666666666666667	0.0	0.0
128	__protein1_rbs	11.0	0.0	0.0
128	__protein2_rbs	19.666666666666668	0.0	0.0
128	__protein3_rbs	14.0	0.0	0.0
128	__ribosome	21.66666666666667	0.0	0.0
128	__rnase_site_ext	21.33333333333333	0.0	0.0
128	p0	0.6666666666666666	0.0	0.0
128	p1	0.6666666666666666	0.0	0.0
128	protein1	543.0	16.0	1.1919933333333332
128	protein2	812.0	23.66666666666667	1.2637683333333334
128	protein3	477.0	16.666666666666668	1.7775596666666669
128	rnapol	1.0	0.0	0.0
129	__protein1_rbs	12.0	0.0	0.0
129	__protein2_rbs	19.0	0.0	0.0
129	__protein3_rbs	12.666666666666664	0.0	0.0
129	__ribosome	20.0	0.0	0.0
129	__rnase_site_ext	21.66666666666667	0.0	0.0
129	p0	1.0	0.0	0.0
129	p1	0.6666666666666666	0.0	0.0
129	protein1	549.6666666666666	16.333333333333332	1.2313726666666664
129	protein2	820.3333333333335	24.0	1.2919580000000002
129	protein3	483.66666666666674	16.666666666666668	1.761656
129	rnapol	0.6666666666666666	0.0	0.0
130	__protein1_rbs	14.0	0.0	0.0
130	__protein2_rbs	19.33333333333333	0.0	0.0
130	__protein3_rbs	13.333333333333336	0.0	0.0
130	__ribosome	20.33333333333333	0.0	0.0
130	__rnase_site_ext	22.33333333333333	0.0	0.0
130	p0	1.0	0.0	0.0
130	p1	0.6666666666666666	0.0	0.0
130	protein1	553.3333333333334	16.666666666666668	1.279412
130	protein2	827.3333333333335	24.0	1.2468916666666667
130	protein3	489.33333333333326	16.666666666666668	1.7102396666666664
130	rnapol	0.6666666666666666	0.0	0.0
131	__protein1_rbs	15.333333333333336	0.0	0.0
131	__protein2_rbs	20.666666666666668	0.0	0.0
131	__protein3_rbs	15.666666666666664	0.0	0.0
131	__ribosome	24.0	0.0	0.0
131	__rnase_site_ext	24.33333333333333	0.0	0.0
131	p0	1.0	0.0	0.0
131	p1	0.6666666666666666	0.0	0.0
131	protein1	559.0	17.0	1.1909043333333331
131	protein2	835.3333333333335	24.66666666666667	1.2556746666666667
131	protein3	496.66666666666674	17.333333333333332	1.4259256666666669
131	rnapol	0.3333333333333333	0.0	0.0
132	__protein1_rbs	12.333333333333336	0.0	0.0
132	__protein2_rbs	19.666666666666668	0.0	0.0
132	__protein3_rbs	13.0	0.0	0.0
132	__ribosome	24.0	0.0	0.0
132	__rnase_site_ext	21.66666666666667	0.0	0.0
132	p0	1.0	0.0	0.0
132	p1	1.0	0.0	0.0
132	protein1	568.6666666666666	16.666666666666668	1.0788673333333334
132	protein2	841.3333333333335	25.33333333333333	1.313287
132	protein3	504.66666666666674	17.333333333333332	1.4444446666666666
132	rnapol	0.3333333333333333	0.0	0.0
133	__protein1_rbs	13.666666666666664	0.0	0.0
133	__protein2_rbs	19.666666666666668	0.0	0.0
133	__protein3_rbs	14.0	0.0	0.0
133	__ribosome	18.666666666666668	0.0	0.0
133	__rnase_site_ext	23.0	0.0	0.0
133	p0	1.0	0.0	0.0
133	p1	1.0	0.0	0.0
133	protein1	573.0	17.0	1.1962959999999998
133	protein2	849.0	25.66666666666667	1.3294156666666666
133	protein3	509.66666666666674	18.0	1.5098683333333334
133	rnapol	0.0	0.0	0.0
134	__protein1_rbs	14.0	0.0	0.0
134	__protein2_rbs	21.33333333333333	0.0	0.0
134	__protein3_rbs	16.333333333333332	0.0	0.0
134	__ribosome	17.0	0.0	0.0
134	__rnase_site_ext	22.33333333333333	0.0	0.0
134	p0	1.0	0.0	0.0
134	p1	0.6666666666666666	0.0	0.0
134	protein1	578.0	16.666666666666668	1.2213506666666667
134	protein2	855.6666666666665	25.0	1.401338
134	protein3	514.0	18.33333333333333	1.511868
134	rnapol	0.6666666666666666	0.0	0.0
135	__protein1_rbs	13.666666666666664	0.0	0.0
135	__protein2_rbs	20.0	0.0	0.0
135	__protein3_rbs	15.0	0.0	0.0
135	__ribosome	19.666666666666668	0.0	0.0
135	__rnase_site_ext	22.33333333333333	0.0	0.0
135	p0	1.0	0.0	0.0
135	p1	1.0	0.0	0.0
135	protein1	585.3333333333334	16.666666666666668	1.1228756666666666
135	protein2	865.6666666666665	25.33333333333333	1.3488790000000002
135	protein3	519.6666666666666	18.33333333333333	1.5118676666666666
135	rnapol	1.0	0.0	0.0
136	__protein1_rbs	14.333333333333336	0.0	0.0
136	__protein2_rbs	20.666666666666668	0.0	0.0
136	__protein3_rbs	16.666666666666668	0.0	0.0
136	__ribosome	18.0	0.0	0.0
136	__rnase_site_ext	23.0	0.0	0.0
136	p0	0.6666666666666666	0.0	0.0
136	p1	0.6666666666666666	0.0	0.0
136	protein1	590.3333333333334	16.666666666666668	1.2254903333333331
136	protein2	871.3333333333335	25.33333333333333	1.481626
136	protein3	526.6666666666666	18.666666666666668	1.304093333333333
136	rnapol	1.6666666666666667	0.0	0.0
137	__protein1_rbs	13.666666666666664	0.0	0.0
137	__protein2_rbs	23.0	0.0	0.0
137	__protein3_rbs	15.666666666666664	0.0	0.0
137	__ribosome	21.33333333333333	0.0	0.0
137	__rnase_site_ext	21.66666666666667	0.0	0.0
137	p0	1.0	0.0	0.0
137	p1	1.0	0.0	0.0
137	protein1	597.0	17.0	1.2138286666666669
137	protein2	880.6666666666665	25.66666666666667	1.3714436666666667
137	protein3	534.0	18.666666666666668	1.2536120000000002
137	rnapol	2.0	0.0	0.0
138	__protein1_rbs	14.333333333333336	0.0	0.0
138	__protein2_rbs	22.66666666666667	0.0	0.0
138	__protein3_rbs	15.0	0.0	0.0
138	__ribosome	20.0	0.0	0.0
138	__rnase_site_ext	23.33333333333333	0.0	0.0
138	p0	0.6666666666666666	0.0	0.0
138	p1	1.0	0.0	0.0
138	protein1	602.3333333333334	17.0	1.176535
138	protein2	888.6666666666665	25.33333333333333	1.4057236666666666
138	protein3	539.3333333333334	18.666666666666668	1.3574303333333333
138	rnapol	1.6666666666666667	0.0	0.0
139	__protein1_rbs	14.666666666666664	0.0	0.0
139	__protein2_rbs	20.666666666666668	0.0	0.0
139	__protein3_rbs	14.666666666666664	0.0	0.0
139	__ribosome	21.33333333333333	0.0	0.0
139	__rnase_site_ext	22.33333333333333	0.0	0.0
139	p0	1.0	0.0	0.0
139	p1	0.6666666666666666	0.0	0.0
139	protein1	609.3333333333334	17.333333333333332	1.0429566666666668
139	protein2	898.0	25.33333333333333	1.3877663333333334
139	protein3	544.6666666666666	18.666666666666668	1.3939533333333332
139	rnapol	1.6666666666666667	0.0	0.0
140	__protein1_rbs	16.0	0.0	0.0
140	__protein2_rbs	20.33333333333333	0.0	0.0
140	__protein3_rbs	16.0	0.0	0.0
140	__ribosome	23.0	0.0	0.0
140	__rnase_site_ext	23.33333333333333	0.0	0.0
140	p0	1.0	0.0	0.0
140	p1	1.0	0.0	0.0
140	protein1	615.6666666666666	17.333333333333332	0.9273736666666668
140	protein2	907.3333333333335	25.66666666666667	1.4045616666666667
140	protein3	550.6666666666666	18.666666666666668	1.374791
140	rnapol	2.0	0.0	0.0
141	__protein1_rbs	15.0	0.0	0.0
141	__protein2_rbs	22.33333333333333	0.0	0.0
141	__protein3_rbs	15.0	0.0	0.0
141	__ribosome	19.33333333333333	0.0	0.0
141	__rnase_site_ext	23.33333333333333	0.0	0.0
141	p0	1.0	0.0	0.0
141	p1	0.6666666666666666	0.0	0.0
141	protein1	620.0	17.333333333333332	0.9902603333333334
141	protein2	914.3333333333335	25.33333333333333	1.3884450000000002
141	protein3	555.3333333333334	18.33333333333333	1.5777776666666667
141	rnapol	1.6666666666666667	0.0	0.0
142	__protein1_rbs	16.0	0.0	0.0
142	__protein2_rbs	21.0	0.0	0.0
142	__protein3_rbs	15.0	0.0	0.0
142	__ribosome	21.0	0.0	0.0
142	__rnase_site_ext	24.0	0.0	0.0
142	p0	1.0	0.0	0.0
142	p1	1.0	0.0	0.0
142	protein1	625.0	18.0	0.936246
142	protein2	923.0	26.0	1.3250326666666667
142	protein3	561.3333333333334	18.33333333333333	1.5166666666666666
142	rnapol	1.3333333333333333	0.0	0.0
143	__protein1_rbs	12.0	0.0	0.0
143	__protein2_rbs	22.0	0.0	0.0
143	__protein3_rbs	14.666666666666664	0.0	0.0
143	__ribosome	17.333333333333332	0.0	0.0
143	__rnase_site_ext	21.0	0.0	0.0
143	p0	1.0	0.0	0.0
143	p1	1.0	0.0	0.0
143	protein1	630.3333333333334	18.0	1.116787
143	protein2	930.3333333333335	26.0	1.3641783333333333
143	protein3	567.3333333333334	18.33333333333333	1.511111
143	rnapol	1.3333333333333333	0.0	0.0
144	__protein1_rbs	15.0	0.0	0.0
144	__protein2_rbs	20.0	0.0	0.0
144	__protein3_rbs	14.666666666666664	0.0	0.0
144	__ribosome	17.0	0.0	0.0
144	__rnase_site_ext	22.0	0.0	0.0
144	p0	1.0	0.0	0.0
144	p1	0.6666666666666666	0.0	0.0
144	protein1	635.6666666666666	18.0	1.0901273333333334
144	protein2	939.6666666666665	26.0	1.3625876666666663
144	protein3	573.3333333333334	18.666666666666668	1.515873
144	rnapol	1.0	0.0	0.0
145	__protein1_rbs	14.333333333333336	0.0	0.0
145	__protein2_rbs	21.66666666666667	0.0	0.0
145	__protein3_rbs	14.666666666666664	0.0	0.0
145	__ribosome	19.666666666666668	0.0	0.0
145	__rnase_site_ext	23.0	0.0	0.0
145	p0	1.0	0.0	0.0
145	p1	0.6666666666666666	0.0	0.0
145	protein1	640.3333333333334	18.0	1.1358216666666667
145	protein2	948.0	26.66666666666667	1.3138036666666666
145	protein3	582.0	18.666666666666668	1.3460316666666667
145	rnapol	0.6666666666666666	0.0	0.0
146	__protein1_rbs	15.333333333333336	0.0	0.0
146	__protein2_rbs	22.0	0.0	0.0
146	__protein3_rbs	18.0	0.0	0.0
146	__ribosome	16.0	0.0	0.0
146	__rnase_site_ext	24.66666666666667	0.0	0.0
146	p0	1.0	0.0	0.0
146	p1	1.0	0.0	0.0
146	protein1	645.0	18.0	1.263731333333333
146	protein2	955.6666666666665	27.33333333333333	1.3527776666666669
146	protein3	586.0	19.33333333333333	1.2638886666666669
146	rnapol	0.6666666666666666	0.0	0.0
147	__protein1_rbs	15.0	0.0	0.0
147	__protein2_rbs	20.0	0.0	0.0
147	__protein3_rbs	16.0	0.0	0.0
147	__ribosome	15.333333333333336	0.0	0.0
147	__rnase_site_ext	23.0	0.0	0.0
147	p0	1.0	0.0	0.0
147	p1	1.0	0.0	0.0
147	protein1	652.6666666666666	18.0	1.101938
147	protein2	963.6666666666665	27.66666666666667	1.4760623333333331
147	protein3	591.6666666666666	19.0	1.295238
147	rnapol	1.0	0.0	0.0
148	__protein1_rbs	15.0	0.0	0.0
148	__protein2_rbs	22.66666666666667	0.0	0.0
148	__protein3_rbs	17.333333333333332	0.0	0.0
148	__ribosome	16.333333333333332	0.0	0.0
148	__rnase_site_ext	23.66666666666667	0.0	0.0
148	p0	1.0	0.0	0.0
148	p1	0.6666666666666666	0.0	0.0
148	protein1	658.3333333333334	18.0	1.1399496666666666
148	protein2	970.6666666666665	27.33333333333333	1.5130953333333337
148	protein3	598.0	19.33333333333333	1.1478173333333337
148	rnapol	1.3333333333333333	0.0	0.0
149	__protein1_rbs	13.666666666666664	0.0	0.0
149	__protein2_rbs	23.66666666666667	0.0	0.0
149	__protein3_rbs	16.333333333333332	0.0	0.0
149	__ribosome	21.0	0.0	0.0
149	__rnase_site_ext	23.0	0.0	0.0
149	p0	1.0	0.0	0.0
149	p1	1.0	0.0	0.0
149	protein1	665.6666666666666	17.333333333333332	1.1154683333333333
149	protein2	980.6666666666665	27.33333333333333	1.3922413333333334
149	protein3	603.3333333333334	19.666666666666668	1.1195886666666668
149	rnapol	2.0	0.0	0.0
150	__protein1_rbs	14.666666666666664	0.0	0.0
150	__protein2_rbs	23.0	0.0	0.0
150	__protein3_rbs	16.0	0.0	0.0
150	__ribosome	18.33333333333333	0.0	0.0
150	__rnase_site_ext	24.33333333333333	0.0	0.0
150	p0	1.0	0.0	0.0
150	p1	0.6666666666666666	0.0	0.0
150	protein1	671.3333333333334	17.666666666666668	1.1514163333333334
150	protein2	989.0	27.33333333333333	1.374042
150	protein3	609.6666666666666	20.0	1.202651333333333
150	rnapol	1.3333333333333333	0.0	0.0
151	__protein1_rbs	14.666666666666664	0.0	0.0
151	__protein2_rbs	21.0	0.0	0.0
151	__protein3_rbs	17.666666666666668	0.0	0.0
151	__ribosome	15.333333333333336	0.0	0.0
151	__rnase_site_ext	24.33333333333333	0.0	0.0
151	p0	0.6666666666666666	0.0	0.0
151	p1	1.0	0.0	0.0
151	protein1	676.0	17.666666666666668	1.2265793333333332
151	protein2	1000.0	27.66666666666667	1.3094253333333334
151	protein3	612.6666666666666	20.0	1.3465906666666667
151	rnapol	1.0	0.0	0.0
152	__protein1_rbs	13.666666666666664	0.0	0.0
152	__protein2_rbs	23.0	0.0	0.0
152	__protein3_rbs	17.0	0.0	0.0
152	__ribosome	19.0	0.0	0.0
152	__rnase_site_ext	22.66666666666667	0.0	0.0
152	p0	1.0	0.0	0.0
152	p1	1.0	0.0	0.0
152	protein1	684.0	18.0	1.035833
152	protein2	1010.6666666666665	27.66666666666667	1.236781666666667
152	protein3	618.3333333333334	20.0	1.4128786666666666
152	rnapol	1.3333333333333333	0.0	0.0
153	__protein1_rbs	14.333333333333336	0.0	0.0
153	__protein2_rbs	23.0	0.0	0.0
153	__protein3_rbs	16.666666666666668	0.0	0.0
153	__ribosome	16.0	0.0	0.0
153	__rnase_site_ext	24.33333333333333	0.0	0.0
153	p0	1.0	0.0	0.0
153	p1	1.0	0.0	0.0
153	protein1	690.3333333333335	18.0	0.9607843333333334
153	protein2	1017.6666666666665	27.66666666666667	1.2827586666666666
153	protein3	623.0	20.0	1.5719696666666667
153	rnapol	1.3333333333333333	0.0	0.0
154	__protein1_rbs	14.666666666666664	0.0	0.0
154	__protein2_rbs	22.66666666666667	0.0	0.0
154	__protein3_rbs	16.0	0.0	0.0
154	__ribosome	13.666666666666664	0.0	0.0
154	__rnase_site_ext	24.66666666666667	0.0	0.0
154	p0	1.0	0.0	0.0
154	p1	0.6666666666666666	0.0	0.0
154	protein1	695.3333333333335	18.0	1.0317053333333333
154	protein2	1025.0	28.0	1.2957793333333334
154	protein3	629.6666666666666	19.666666666666668	1.607143
154	rnapol	1.3333333333333333	0.0	0.0
155	__protein1_rbs	14.666666666666664	0.0	0.0
155	__protein2_rbs	24.33333333333333	0.0	0.0
155	__protein3_rbs	15.333333333333336	0.0	0.0
155	__ribosome	13.666666666666664	0.0	0.0
155	__rnase_site_ext	25.33333333333333	0.0	0.0
155	p0	1.0	0.0	0.0
155	p1	1.0	0.0	0.0
155	protein1	699.3333333333335	18.0	1.1791076666666669
155	protein2	1034.0	28.33333333333333	1.233686
155	protein3	637.6666666666666	20.0	1.517045666666667
155	rnapol	0.6666666666666666	0.0	0.0
156	__protein1_rbs	14.666666666666664	0.0	0.0
156	__protein2_rbs	24.66666666666667	0.0	0.0
156	__protein3_rbs	18.33333333333333	0.0	0.0
156	__ribosome	18.666666666666668	0.0	0.0
156	__rnase_site_ext	24.66666666666667	0.0	0.0
156	p0	1.0	0.0	0.0
156	p1	1.0	0.0	0.0
156	protein1	705.6666666666665	18.0	1.1122006666666666
156	protein2	1042.6666666666667	28.0	1.169109
156	protein3	644.0	20.666666666666668	1.3966520000000002
156	rnapol	0.6666666666666666	0.0	0.0
157	__protein1_rbs	14.666666666666664	0.0	0.0
157	__protein2_rbs	20.666666666666668	0.0	0.0
157	__protein3_rbs	16.666666666666668	0.0	0.0
157	__ribosome	15.666666666666664	0.0	0.0
157	__rnase_site_ext	23.33333333333333	0.0	0.0
157	p0	1.0	0.0	0.0
157	p1	1.0	0.0	0.0
157	protein1	712.0	18.0	1.0587086666666667
157	protein2	1050.0	28.0	1.26481
157	protein3	651.6666666666666	20.666666666666668	1.451178
157	rnapol	0.0	0.0	0.0
158	__protein1_rbs	13.0	0.0	0.0
158	__protein2_rbs	24.33333333333333	0.0	0.0
158	__protein3_rbs	19.666666666666668	0.0	0.0
158	__ribosome	17.0	0.0	0.0
158	__rnase_site_ext	24.0	0.0	0.0
158	p0	1.0	0.0	0.0
158	p1	0.6666666666666666	0.0	0.0
158	protein1	717.6666666666665	18.0	1.1894276666666668
158	protein2	1058.6666666666667	28.33333333333333	1.2263186666666668
158	protein3	658.3333333333334	21.66666666666667	1.2438736666666668
158	rnapol	0.3333333333333333	0.0	0.0
159	__protein1_rbs	14.333333333333336	0.0	0.0
159	__protein2_rbs	23.0	0.0	0.0
159	__protein3_rbs	17.0	0.0	0.0
159	__ribosome	16.666666666666668	0.0	0.0
159	__rnase_site_ext	24.33333333333333	0.0	0.0
159	p0	1.0	0.0	0.0
159	p1	1.0	0.0	0.0
159	protein1	723.6666666666665	18.0	1.155315
159	protein2	1066.0	28.33333333333333	1.236487
159	protein3	664.0	21.66666666666667	1.2778656666666668
159	rnapol	0.3333333333333333	0.0	0.0
160	__protein1_rbs	15.333333333333336	0.0	0.0
160	__protein2_rbs	24.0	0.0	0.0
160	__protein3_rbs	17.666666666666668	0.0	0.0
160	__ribosome	15.666666666666664	0.0	0.0
160	__rnase_site_ext	25.33333333333333	0.0	0.0
160	p0	1.0	0.0	0.0
160	p1	1.0	0.0	0.0
160	protein1	729.0	18.0	1.1306040000000002
160	protein2	1073.3333333333333	28.33333333333333	1.3099913333333333
160	protein3	671.6666666666666	21.66666666666667	1.2464283333333337
160	rnapol	1.3333333333333333	0.0	0.0
161	__protein1_rbs	15.333333333333336	0.0	0.0
161	__protein2_rbs	25.33333333333333	0.0	0.0
161	__protein3_rbs	17.666666666666668	0.0	0.0
161	__ribosome	16.333333333333332	0.0	0.0
161	__rnase_site_ext	25.33333333333333	0.0	0.0
161	p0	1.0	0.0	0.0
161	p1	1.0	0.0	0.0
161	protein1	735.3333333333335	18.0	1.0319346666666669
161	protein2	1082.0	28.0	1.295249
161	protein3	677.3333333333334	21.33333333333333	1.3519213333333333
161	rnapol	1.6666666666666667	0.0	0.0
162	__protein1_rbs	14.0	0.0	0.0
162	__protein2_rbs	23.33333333333333	0.0	0.0
162	__protein3_rbs	17.666666666666668	0.0	0.0
162	__ribosome	15.333333333333336	0.0	0.0
162	__rnase_site_ext	24.66666666666667	0.0	0.0
162	p0	1.0	0.0	0.0
162	p1	1.0	0.0	0.0
162	protein1	741.0	18.0	1.1474030000000002
162	protein2	1091.0	28.0	1.2614166666666666
162	protein3	684.0	21.33333333333333	1.3458846666666666
162	rnapol	1.3333333333333333	0.0	0.0
163	__protein1_rbs	16.0	0.0	0.0
163	__protein2_rbs	23.66666666666667	0.0	0.0
163	__protein3_rbs	18.666666666666668	0.0	0.0
163	__ribosome	14.333333333333336	0.0	0.0
163	__rnase_site_ext	26.0	0.0	0.0
163	p0	1.0	0.0	0.0
163	p1	1.0	0.0	0.0
163	protein1	746.3333333333335	18.666666666666668	1.0711503333333334
163	protein2	1100.0	27.33333333333333	1.234568
163	protein3	687.6666666666665	21.66666666666667	1.4770733333333332
163	rnapol	1.0	0.0	0.0
164	__protein1_rbs	16.0	0.0	0.0
164	__protein2_rbs	22.0	0.0	0.0
164	__protein3_rbs	16.333333333333332	0.0	0.0
164	__ribosome	13.0	0.0	0.0
164	__rnase_site_ext	25.0	0.0	0.0
164	p0	0.6666666666666666	0.0	0.0
164	p1	1.0	0.0	0.0
164	protein1	751.6666666666665	18.666666666666668	1.1081873333333334
164	protein2	1110.0	27.66666666666667	1.2417853333333333
164	protein3	695.3333333333335	21.66666666666667	1.4759436666666663
164	rnapol	1.3333333333333333	0.0	0.0
165	__protein1_rbs	16.0	0.0	0.0
165	__protein2_rbs	23.33333333333333	0.0	0.0
165	__protein3_rbs	17.333333333333332	0.0	0.0
165	__ribosome	14.666666666666664	0.0	0.0
165	__rnase_site_ext	25.33333333333333	0.0	0.0
165	p0	1.0	0.0	0.0
165	p1	0.6666666666666666	0.0	0.0
165	protein1	758.6666666666665	18.666666666666668	0.9814813333333332
165	protein2	1117.0	27.66666666666667	1.3267806666666666
165	protein3	703.3333333333335	21.33333333333333	1.4313973333333332
165	rnapol	1.3333333333333333	0.0	0.0
166	__protein1_rbs	17.0	0.0	0.0
166	__protein2_rbs	24.33333333333333	0.0	0.0
166	__protein3_rbs	17.666666666666668	0.0	0.0
166	__ribosome	15.0	0.0	0.0
166	__rnase_site_ext	26.0	0.0	0.0
166	p0	1.0	0.0	0.0
166	p1	1.0	0.0	0.0
166	protein1	764.0	19.0	0.9638403333333332
166	protein2	1123.6666666666667	28.0	1.3382713333333334
166	protein3	710.6666666666665	21.33333333333333	1.3792086666666667
166	rnapol	1.3333333333333333	0.0	0.0
167	__protein1_rbs	17.0	0.0	0.0
167	__protein2_rbs	22.66666666666667	0.0	0.0
167	__protein3_rbs	18.33333333333333	0.0	0.0
167	__ribosome	15.0	0.0	0.0
167	__rnase_site_ext	26.0	0.0	0.0
167	p0	0.6666666666666666	0.0	0.0
167	p1	1.0	0.0	0.0
167	protein1	770.3333333333335	18.666666666666668	0.8574073333333333
167	protein2	1131.6666666666667	28.33333333333333	1.325368
167	protein3	715.6666666666665	22.0	1.4376259999999998
167	rnapol	0.6666666666666666	0.0	0.0
168	__protein1_rbs	16.333333333333332	0.0	0.0
168	__protein2_rbs	25.0	0.0	0.0
168	__protein3_rbs	16.666666666666668	0.0	0.0
168	__ribosome	19.33333333333333	0.0	0.0
168	__rnase_site_ext	26.0	0.0	0.0
168	p0	1.0	0.0	0.0
168	p1	1.0	0.0	0.0
168	protein1	776.0	18.666666666666668	0.7608153333333333
168	protein2	1142.3333333333333	29.0	1.230765
168	protein3	723.6666666666665	21.66666666666667	1.4297759999999995
168	rnapol	1.0	0.0	0.0
169	__protein1_rbs	15.0	0.0	0.0
169	__protein2_rbs	24.0	0.0	0.0
169	__protein3_rbs	17.333333333333332	0.0	0.0
169	__ribosome	15.0	0.0	0.0
169	__rnase_site_ext	25.33333333333333	0.0	0.0
169	p0	1.0	0.0	0.0
169	p1	0.6666666666666666	0.0	0.0
169	protein1	780.0	18.33333333333333	0.864418
169	protein2	1151.0	29.0	1.2845016666666669
169	protein3	730.0	21.66666666666667	1.4715416666666667
169	rnapol	1.0	0.0	0.0
170	__protein1_rbs	16.333333333333332	0.0	0.0
170	__protein2_rbs	25.66666666666667	0.0	0.0
170	__protein3_rbs	17.0	0.0	0.0
170	__ribosome	15.333333333333336	0.0	0.0
170	__rnase_site_ext	26.33333333333333	0.0	0.0
170	p0	1.0	0.0	0.0
170	p1	1.0	0.0	0.0
170	protein1	784.3333333333335	18.33333333333333	0.8336640000000001
170	protein2	1158.0	29.0	1.2593693333333331
170	protein3	738.3333333333335	22.0	1.4828283333333332
170	rnapol	1.0	0.0	0.0
171	__protein1_rbs	15.0	0.0	0.0
171	__protein2_rbs	25.66666666666667	0.0	0.0
171	__protein3_rbs	17.0	0.0	0.0
171	__ribosome	13.666666666666664	0.0	0.0
171	__rnase_site_ext	25.66666666666667	0.0	0.0
171	p0	1.0	0.0	0.0
171	p1	1.0	0.0	0.0
171	protein1	788.0	18.666666666666668	0.8897316666666667
171	protein2	1166.6666666666667	29.66666666666667	1.2182540000000002
171	protein3	744.3333333333335	21.66666666666667	1.5377573333333334
171	rnapol	0.3333333333333333	0.0	0.0
172	__protein1_rbs	15.666666666666664	0.0	0.0
172	__protein2_rbs	24.66666666666667	0.0	0.0
172	__protein3_rbs	19.666666666666668	0.0	0.0
172	__ribosome	17.666666666666668	0.0	0.0
172	__rnase_site_ext	26.0	0.0	0.0
172	p0	1.0	0.0	0.0
172	p1	1.0	0.0	0.0
172	protein1	793.3333333333335	18.666666666666668	0.8555213333333334
172	protein2	1178.0	29.33333333333333	1.1307120000000002
172	protein3	750.0	22.66666666666667	1.4583333333333333
172	rnapol	0.3333333333333333	0.0	0.0
173	__protein1_rbs	16.666666666666668	0.0	0.0
173	__protein2_rbs	25.0	0.0	0.0
173	__protein3_rbs	18.33333333333333	0.0	0.0
173	__ribosome	16.0	0.0	0.0
173	__rnase_site_ext	27.0	0.0	0.0
173	p0	0.6666666666666666	0.0	0.0
173	p1	1.0	0.0	0.0
173	protein1	798.0	18.666666666666668	0.8329723333333333
173	protein2	1184.6666666666667	29.33333333333333	1.1715566666666668
173	protein3	757.6666666666665	22.33333333333333	1.517391333333333
173	rnapol	0.6666666666666666	0.0	0.0
174	__protein1_rbs	17.0	0.0	0.0
174	__protein2_rbs	25.33333333333333	0.0	0.0
174	__protein3_rbs	18.0	0.0	0.0
174	__ribosome	17.333333333333332	0.0	0.0
174	__rnase_site_ext	27.66666666666667	0.0	0.0
174	p0	1.0	0.0	0.0
174	p1	0.6666666666666666	0.0	0.0
174	protein1	801.6666666666665	19.0	0.8922796666666666
174	protein2	1193.6666666666667	29.33333333333333	1.1793716666666667
174	protein3	766.3333333333335	22.33333333333333	1.4060386666666669
174	rnapol	1.3333333333333333	0.0	0.0
175	__protein1_rbs	15.0	0.0	0.0
175	__protein2_rbs	25.33333333333333	0.0	0.0
175	__protein3_rbs	19.666666666666668	0.0	0.0
175	__ribosome	16.666666666666668	0.0	0.0
175	__rnase_site_ext	26.33333333333333	0.0	0.0
175	p0	1.0	0.0	0.0
175	p1	1.0	0.0	0.0
175	protein1	807.3333333333335	19.0	0.9256966666666668
175	protein2	1201.0	29.33333333333333	1.2209796666666668
175	protein3	775.0	22.66666666666667	1.3109899999999999
175	rnapol	1.6666666666666667	0.0	0.0
176	__protein1_rbs	16.333333333333332	0.0	0.0
176	__protein2_rbs	24.0	0.0	0.0
176	__protein3_rbs	19.33333333333333	0.0	0.0
176	__ribosome	12.666666666666664	0.0	0.0
176	__rnase_site_ext	26.33333333333333	0.0	0.0
176	p0	0.6666666666666666	0.0	0.0
176	p1	0.6666666666666666	0.0	0.0
176	protein1	812.3333333333335	19.666666666666668	0.9877006666666668
176	protein2	1210.0	29.33333333333333	1.2849526666666666
176	protein3	780.3333333333335	22.66666666666667	1.3347996666666668
176	rnapol	1.3333333333333333	0.0	0.0
177	__protein1_rbs	18.33333333333333	0.0	0.0
177	__protein2_rbs	24.0	0.0	0.0
177	__protein3_rbs	20.0	0.0	0.0
177	__ribosome	14.333333333333336	0.0	0.0
177	__rnase_site_ext	27.66666666666667	0.0	0.0
177	p0	1.0	0.0	0.0
177	p1	1.0	0.0	0.0
177	protein1	817.6666666666665	19.666666666666668	0.9154586666666668
177	protein2	1218.0	29.33333333333333	1.3176606666666666
177	protein3	787.0	22.33333333333333	1.3127706666666668
177	rnapol	1.0	0.0	0.0
178	__protein1_rbs	17.666666666666668	0.0	0.0
178	__protein2_rbs	25.66666666666667	0.0	0.0
178	__protein3_rbs	17.333333333333332	0.0	0.0
178	__ribosome	17.0	0.0	0.0
178	__rnase_site_ext	28.33333333333333	0.0	0.0
178	p0	0.6666666666666666	0.0	0.0
178	p1	1.0	0.0	0.0
178	protein1	823.3333333333335	19.666666666666668	0.8599030000000001
178	protein2	1225.0	29.0	1.3198653333333334
178	protein3	794.6666666666665	22.33333333333333	1.2474746666666667
178	rnapol	1.3333333333333333	0.0	0.0
179	__protein1_rbs	15.333333333333336	0.0	0.0
179	__protein2_rbs	25.33333333333333	0.0	0.0
179	__protein3_rbs	20.33333333333333	0.0	0.0
179	__ribosome	18.0	0.0	0.0
179	__rnase_site_ext	25.33333333333333	0.0	0.0
179	p0	1.0	0.0	0.0
179	p1	1.0	0.0	0.0
179	protein1	828.6666666666665	20.33333333333333	0.950644
179	protein2	1236.6666666666667	29.33333333333333	1.1899053333333331
179	protein3	800.6666666666665	23.0	1.2163636666666668
179	rnapol	1.0	0.0	0.0
180	__protein1_rbs	16.333333333333332	0.0	0.0
180	__protein2_rbs	24.33333333333333	0.0	0.0
180	__protein3_rbs	18.666666666666668	0.0	0.0
180	__ribosome	20.0	0.0	0.0
180	__rnase_site_ext	27.0	0.0	0.0
180	p0	1.0	0.0	0.0
180	p1	0.3333333333333333	0.0	0.0
180	protein1	835.3333333333335	20.666666666666668	0.8696796666666667
180	protein2	1246.3333333333333	29.33333333333333	1.1410133333333332
180	protein3	808.0	22.66666666666667	1.2683116666666665
180	rnapol	0.3333333333333333	0.0	0.0
181	__protein1_rbs	15.666666666666664	0.0	0.0
181	__protein2_rbs	27.33333333333333	0.0	0.0
181	__protein3_rbs	20.33333333333333	0.0	0.0
181	__ribosome	17.0	0.0	0.0
181	__rnase_site_ext	26.33333333333333	0.0	0.0
181	p0	1.0	0.0	0.0
181	p1	1.0	0.0	0.0
181	protein1	839.6666666666665	20.666666666666668	1.067544
181	protein2	1254.0	29.66666666666667	1.103758
181	protein3	814.0	23.0	1.2296969999999998
181	rnapol	0.3333333333333333	0.0	0.0
182	__protein1_rbs	17.666666666666668	0.0	0.0
182	__protein2_rbs	23.66666666666667	0.0	0.0
182	__protein3_rbs	19.33333333333333	0.0	0.0
182	__ribosome	13.0	0.0	0.0
182	__rnase_site_ext	27.33333333333333	0.0	0.0
182	p0	1.0	0.0	0.0
182	p1	0.6666666666666666	0.0	0.0
182	protein1	845.0	20.33333333333333	1.119059
182	protein2	1262.0	29.66666666666667	1.1848366666666663
182	protein3	819.3333333333335	23.0	1.2769696666666668
182	rnapol	1.0	0.0	0.0
183	__protein1_rbs	17.666666666666668	0.0	0.0
183	__protein2_rbs	27.33333333333333	0.0	0.0
183	__protein3_rbs	21.0	0.0	0.0
183	__ribosome	15.666666666666664	0.0	0.0
183	__rnase_site_ext	27.33333333333333	0.0	0.0
183	p0	1.0	0.0	0.0
183	p1	0.6666666666666666	0.0	0.0
183	protein1	850.0	20.33333333333333	1.1208133333333332
183	protein2	1269.3333333333333	30.0	1.1681033333333335
183	protein3	827.0	23.0	1.170274
183	rnapol	1.0	0.0	0.0
184	__protein1_rbs	14.0	0.0	0.0
184	__protein2_rbs	25.33333333333333	0.0	0.0
184	__protein3_rbs	20.33333333333333	0.0	0.0
184	__ribosome	15.0	0.0	0.0
184	__rnase_site_ext	26.66666666666667	0.0	0.0
184	p0	1.0	0.0	0.0
184	p1	1.0	0.0	0.0
184	protein1	859.3333333333335	20.0	1.1172246666666668
184	protein2	1277.6666666666667	30.33333333333333	1.13125
184	protein3	832.0	23.33333333333333	1.2331846666666666
184	rnapol	1.0	0.0	0.0
185	__protein1_rbs	17.333333333333332	0.0	0.0
185	__protein2_rbs	26.66666666666667	0.0	0.0
185	__protein3_rbs	20.33333333333333	0.0	0.0
185	__ribosome	18.33333333333333	0.0	0.0
185	__rnase_site_ext	27.66666666666667	0.0	0.0
185	p0	1.0	0.0	0.0
185	p1	1.0	0.0	0.0
185	protein1	866.0	20.0	1.0192983333333334
185	protein2	1285.6666666666667	30.33333333333333	1.120522
185	protein3	839.3333333333335	23.66666666666667	1.1715506666666666
185	rnapol	1.3333333333333333	0.0	0.0
186	__protein1_rbs	16.666666666666668	0.0	0.0
186	__protein2_rbs	26.33333333333333	0.0	0.0
186	__protein3_rbs	19.666666666666668	0.0	0.0
186	__ribosome	17.666666666666668	0.0	0.0
186	__rnase_site_ext	26.66666666666667	0.0	0.0
186	p0	1.0	0.0	0.0
186	p1	1.0	0.0	0.0
186	protein1	871.3333333333335	20.0	1.0984963333333333
186	protein2	1293.6666666666667	30.33333333333333	1.134866
186	protein3	846.3333333333335	23.0	1.1406356666666668
186	rnapol	0.6666666666666666	0.0	0.0
187	__protein1_rbs	17.0	0.0	0.0
187	__protein2_rbs	25.66666666666667	0.0	0.0
187	__protein3_rbs	19.666666666666668	0.0	0.0
187	__ribosome	15.666666666666664	0.0	0.0
187	__rnase_site_ext	27.66666666666667	0.0	0.0
187	p0	1.0	0.0	0.0
187	p1	0.6666666666666666	0.0	0.0
187	protein1	877.6666666666665	20.0	1.118588
187	protein2	1301.3333333333333	30.33333333333333	1.1149426666666666
187	protein3	852.3333333333335	24.0	1.184246
187	rnapol	1.0	0.0	0.0
188	__protein1_rbs	16.666666666666668	0.0	0.0
188	__protein2_rbs	25.66666666666667	0.0	0.0
188	__protein3_rbs	20.33333333333333	0.0	0.0
188	__ribosome	15.0	0.0	0.0
188	__rnase_site_ext	26.66666666666667	0.0	0.0
188	p0	1.0	0.0	0.0
188	p1	0.6666666666666666	0.0	0.0
188	protein1	884.0	20.0	1.1494570000000002
188	protein2	1309.3333333333333	30.33333333333333	1.1028206666666671
188	protein3	858.3333333333335	24.0	1.208819
188	rnapol	1.0	0.0	0.0
189	__protein1_rbs	16.0	0.0	0.0
189	__protein2_rbs	26.33333333333333	0.0	0.0
189	__protein3_rbs	19.666666666666668	0.0	0.0
189	__ribosome	16.0	0.0	0.0
189	__rnase_site_ext	25.66666666666667	0.0	0.0
189	p0	0.6666666666666666	0.0	0.0
189	p1	0.6666666666666666	0.0	0.0
189	protein1	891.0	20.0	1.0521886666666669
189	protein2	1318.6666666666667	30.66666666666667	1.050575
189	protein3	865.0	24.0	1.2934150000000002
189	rnapol	0.3333333333333333	0.0	0.0
190	__protein1_rbs	19.0	0.0	0.0
190	__protein2_rbs	24.33333333333333	0.0	0.0
190	__protein3_rbs	21.66666666666667	0.0	0.0
190	__ribosome	13.0	0.0	0.0
190	__rnase_site_ext	28.33333333333333	0.0	0.0
190	p0	1.0	0.0	0.0
190	p1	1.0	0.0	0.0
190	protein1	897.6666666666665	20.33333333333333	0.9170653333333332
190	protein2	1327.0	31.0	1.1313466666666667
190	protein3	869.0	24.0	1.40388
190	rnapol	0.6666666666666666	0.0	0.0
191	__protein1_rbs	18.0	0.0	0.0
191	__protein2_rbs	26.66666666666667	0.0	0.0
191	__protein3_rbs	20.33333333333333	0.0	0.0
191	__ribosome	18.0	0.0	0.0
191	__rnase_site_ext	28.0	0.0	0.0
191	p0	1.0	0.0	0.0
191	p1	1.0	0.0	0.0
191	protein1	905.0	20.33333333333333	0.7187399999999999
191	protein2	1334.6666666666667	30.33333333333333	1.1888166666666666
191	protein3	877.6666666666665	23.66666666666667	1.331807
191	rnapol	1.6666666666666667	0.0	0.0
192	__protein1_rbs	18.0	0.0	0.0
192	__protein2_rbs	27.0	0.0	0.0
192	__protein3_rbs	19.33333333333333	0.0	0.0
192	__ribosome	15.0	0.0	0.0
192	__rnase_site_ext	28.33333333333333	0.0	0.0
192	p0	0.6666666666666666	0.0	0.0
192	p1	0.3333333333333333	0.0	0.0
192	protein1	909.3333333333335	21.0	0.7753623333333334
192	protein2	1340.3333333333333	30.0	1.2316466666666666
192	protein3	885.0	24.0	1.3146853333333333
192	rnapol	0.6666666666666666	0.0	0.0
193	__protein1_rbs	17.333333333333332	0.0	0.0
193	__protein2_rbs	27.33333333333333	0.0	0.0
193	__protein3_rbs	21.33333333333333	0.0	0.0
193	__ribosome	16.0	0.0	0.0
193	__rnase_site_ext	28.0	0.0	0.0
193	p0	1.0	0.0	0.0
193	p1	1.0	0.0	0.0
193	protein1	915.6666666666665	21.33333333333333	0.7446169999999999
193	protein2	1349.3333333333333	30.66666666666667	1.206583
193	protein3	892.0	24.0	1.292832
193	rnapol	1.3333333333333333	0.0	0.0
194	__protein1_rbs	16.333333333333332	0.0	0.0
194	__protein2_rbs	27.33333333333333	0.0	0.0
194	__protein3_rbs	20.33333333333333	0.0	0.0
194	__ribosome	16.666666666666668	0.0	0.0
194	__rnase_site_ext	27.66666666666667	0.0	0.0
194	p0	0.6666666666666666	0.0	0.0
194	p1	1.0	0.0	0.0
194	protein1	919.0	20.666666666666668	0.9349206666666668
194	protein2	1360.3333333333333	30.66666666666667	1.119575
194	protein3	900.0	24.0	1.236014
194	rnapol	1.3333333333333333	0.0	0.0
195	__protein1_rbs	16.333333333333332	0.0	0.0
195	__protein2_rbs	23.66666666666667	0.0	0.0
195	__protein3_rbs	20.0	0.0	0.0
195	__ribosome	14.333333333333336	0.0	0.0
195	__rnase_site_ext	26.66666666666667	0.0	0.0
195	p0	1.0	0.0	0.0
195	p1	0.3333333333333333	0.0	0.0
195	protein1	924.3333333333335	21.0	1.004473333333333
195	protein2	1368.6666666666667	30.33333333333333	1.18841
195	protein3	907.6666666666665	23.66666666666667	1.216986
195	rnapol	1.6666666666666667	0.0	0.0
196	__protein1_rbs	18.33333333333333	0.0	0.0
196	__protein2_rbs	27.33333333333333	0.0	0.0
196	__protein3_rbs	20.666666666666668	0.0	0.0
196	__ribosome	16.333333333333332	0.0	0.0
196	__rnase_site_ext	28.0	0.0	0.0
196	p0	0.6666666666666666	0.0	0.0
196	p1	1.0	0.0	0.0
196	protein1	929.6666666666665	20.33333333333333	0.9562996666666668
196	protein2	1376.0	31.33333333333333	1.1614206666666669
196	protein3	912.6666666666665	23.66666666666667	1.191345
196	rnapol	1.6666666666666667	0.0	0.0
197	__protein1_rbs	18.33333333333333	0.0	0.0
197	__protein2_rbs	26.66666666666667	0.0	0.0
197	__protein3_rbs	20.0	0.0	0.0
197	__ribosome	17.0	0.0	0.0
197	__rnase_site_ext	28.66666666666667	0.0	0.0
197	p0	1.0	0.0	0.0
197	p1	0.6666666666666666	0.0	0.0
197	protein1	936.3333333333335	21.0	0.8630433333333333
197	protein2	1383.666666666667	31.33333333333333	1.152394666666667
197	protein3	921.0	24.33333333333333	1.203002
197	rnapol	1.3333333333333333	0.0	0.0
198	__protein1_rbs	18.0	0.0	0.0
198	__protein2_rbs	27.0	0.0	0.0
198	__protein3_rbs	22.0	0.0	0.0
198	__ribosome	16.0	0.0	0.0
198	__rnase_site_ext	29.33333333333333	0.0	0.0
198	p0	1.0	0.0	0.0
198	p1	1.0	0.0	0.0
198	protein1	942.0	21.0	0.8442029999999999
198	protein2	1392.333333333333	31.66666666666667	1.172348333333333
198	protein3	926.3333333333335	24.33333333333333	1.2140853333333332
198	rnapol	1.0	0.0	0.0
199	__protein1_rbs	16.666666666666668	0.0	0.0
199	__protein2_rbs	28.66666666666667	0.0	0.0
199	__protein3_rbs	19.666666666666668	0.0	0.0
199	__ribosome	15.333333333333336	0.0	0.0
199	__rnase_site_ext	27.33333333333333	0.0	0.0
199	p0	1.0	0.0	0.0
199	p1	0.6666666666666666	0.0	0.0
199	protein1	947.6666666666665	20.33333333333333	0.8855473333333334
199	protein2	1402.666666666667	31.66666666666667	1.1059973333333333
199	protein3	932.6666666666665	24.0	1.327868
199	rnapol	1.0	0.0	0.0
200	__protein1_rbs	16.666666666666668	0.0	0.0
200	__protein2_rbs	28.33333333333333	0.0	0.0
200	__protein3_rbs	22.66666666666667	0.0	0.0
200	__ribosome	12.0	0.0	0.0
200	__rnase_site_ext	26.66666666666667	0.0	0.0
200	p0	1.0	0.0	0.0
200	p1	0.6666666666666666	0.0	0.0
200	protein1	951.3333333333335	20.0	0.9958646666666668
200	protein2	1410.666666666667	32.0	1.0756943333333333
200	protein3	938.3333333333335	24.66666666666667	1.3662776666666667
200	rnapol	1.3333333333333333	0.0	0.0
201	__protein1_rbs	18.33333333333333	0.0	0.0
201	__protein2_rbs	26.33333333333333	0.0	0.0
201	__protein3_rbs	18.666666666666668	0.0	0.0
201	__ribosome	9.333333333333334	0.0	0.0
201	__rnase_site_ext	28.33333333333333	0.0	0.0
201	p0	1.0	0.0	0.0
201	p1	0.6666666666666666	0.0	0.0
201	protein1	957.6666666666665	20.33333333333333	0.8872410000000001
201	protein2	1416.666666666667	31.66666666666667	1.183155
201	protein3	945.3333333333335	24.66666666666667	1.4396806666666666
201	rnapol	1.0	0.0	0.0
202	__protein1_rbs	18.0	0.0	0.0
202	__protein2_rbs	27.33333333333333	0.0	0.0
202	__protein3_rbs	22.33333333333333	0.0	0.0
202	__ribosome	11.0	0.0	0.0
202	__rnase_site_ext	28.33333333333333	0.0	0.0
202	p0	1.0	0.0	0.0
202	p1	1.0	0.0	0.0
202	protein1	963.0	20.0	0.8857143333333334
202	protein2	1426.0	32.0	1.1609706666666666
202	protein3	952.3333333333335	25.0	1.3749996666666668
202	rnapol	1.3333333333333333	0.0	0.0
203	__protein1_rbs	18.0	0.0	0.0
203	__protein2_rbs	25.33333333333333	0.0	0.0
203	__protein3_rbs	22.33333333333333	0.0	0.0
203	__ribosome	18.666666666666668	0.0	0.0
203	__rnase_site_ext	26.33333333333333	0.0	0.0
203	p0	0.6666666666666666	0.0	0.0
203	p1	1.0	0.0	0.0
203	protein1	969.3333333333335	19.666666666666668	0.7464913333333333
203	protein2	1435.333333333333	31.0	1.1561596666666667
203	protein3	959.6666666666665	24.66666666666667	1.2553416666666666
203	rnapol	1.6666666666666667	0.0	0.0
204	__protein1_rbs	17.0	0.0	0.0
204	__protein2_rbs	25.66666666666667	0.0	0.0
204	__protein3_rbs	21.66666666666667	0.0	0.0
204	__ribosome	21.0	0.0	0.0
204	__rnase_site_ext	28.0	0.0	0.0
204	p0	1.0	0.0	0.0
204	p1	1.0	0.0	0.0
204	protein1	975.0	19.666666666666668	0.7473683333333332
204	protein2	1444.0	31.0	1.1917836666666666
204	protein3	970.0	24.66666666666667	1.1068376666666666
204	rnapol	2.0	0.0	0.0
205	__protein1_rbs	16.0	0.0	0.0
205	__protein2_rbs	27.0	0.0	0.0
205	__protein3_rbs	22.0	0.0	0.0
205	__ribosome	17.0	0.0	0.0
205	__rnase_site_ext	26.0	0.0	0.0
205	p0	0.6666666666666666	0.0	0.0
205	p1	1.0	0.0	0.0
205	protein1	979.6666666666665	19.33333333333333	0.8105263333333333
205	protein2	1452.0	31.33333333333333	1.2355566666666666
205	protein3	975.6666666666665	25.0	1.1485043333333331
205	rnapol	2.333333333333333	0.0	0.0
206	__protein1_rbs	14.0	0.0	0.0
206	__protein2_rbs	25.0	0.0	0.0
206	__protein3_rbs	20.33333333333333	0.0	0.0
206	__ribosome	16.0	0.0	0.0
206	__rnase_site_ext	24.33333333333333	0.0	0.0
206	p0	0.6666666666666666	0.0	0.0
206	p1	0.6666666666666666	0.0	0.0
206	protein1	983.0	18.33333333333333	0.9990253333333332
206	protein2	1461.0	29.66666666666667	1.2568673333333331
206	protein3	983.6666666666665	25.33333333333333	1.118461666666667
206	rnapol	2.0	0.0	0.0
207	__protein1_rbs	14.666666666666664	0.0	0.0
207	__protein2_rbs	26.0	0.0	0.0
207	__protein3_rbs	21.0	0.0	0.0
207	__ribosome	12.333333333333336	0.0	0.0
207	__rnase_site_ext	24.33333333333333	0.0	0.0
207	p0	1.0	0.0	0.0
207	p1	0.6666666666666666	0.0	0.0
207	protein1	987.6666666666665	18.33333333333333	1.057505
207	protein2	1468.0	29.66666666666667	1.2757963333333333
207	protein3	989.0	25.33333333333333	1.1994873333333331
207	rnapol	1.3333333333333333	0.0	0.0
208	__protein1_rbs	14.0	0.0	0.0
208	__protein2_rbs	25.66666666666667	0.0	0.0
208	__protein3_rbs	22.66666666666667	0.0	0.0
208	__ribosome	14.333333333333336	0.0	0.0
208	__rnase_site_ext	23.33333333333333	0.0	0.0
208	p0	1.0	0.0	0.0
208	p1	0.6666666666666666	0.0	0.0
208	protein1	994.0	18.33333333333333	1.0750486666666668
208	protein2	1478.0	29.33333333333333	1.2064103333333334
208	protein3	994.6666666666665	25.33333333333333	1.2117950000000002
208	rnapol	1.6666666666666667	0.0	0.0
209	__protein1_rbs	15.333333333333336	0.0	0.0
209	__protein2_rbs	24.66666666666667	0.0	0.0
209	__protein3_rbs	22.0	0.0	0.0
209	__ribosome	17.0	0.0	0.0
209	__rnase_site_ext	25.0	0.0	0.0
209	p0	1.0	0.0	0.0
209	p1	1.0	0.0	0.0
209	protein1	999.3333333333335	18.666666666666668	1.0048733333333333
209	protein2	1488.333333333333	29.33333333333333	1.160241
209	protein3	1000.3333333333335	25.0	1.2200853333333332
209	rnapol	2.0	0.0	0.0
210	__protein1_rbs	15.666666666666664	0.0	0.0
210	__protein2_rbs	24.33333333333333	0.0	0.0
210	__protein3_rbs	21.33333333333333	0.0	0.0
210	__ribosome	16.0	0.0	0.0
210	__rnase_site_ext	24.66666666666667	0.0	0.0
210	p0	1.0	0.0	0.0
210	p1	1.0	0.0	0.0
210	protein1	1004.0	18.666666666666668	1.0906433333333332
210	protein2	1496.666666666667	29.66666666666667	1.1559270000000001
210	protein3	1008.3333333333335	24.33333333333333	1.2297436666666666
210	rnapol	2.0	0.0	0.0
211	__protein1_rbs	15.0	0.0	0.0
211	__protein2_rbs	26.0	0.0	0.0
211	__protein3_rbs	19.33333333333333	0.0	0.0
211	__ribosome	14.666666666666664	0.0	0.0
211	__rnase_site_ext	24.66666666666667	0.0	0.0
211	p0	1.0	0.0	0.0
211	p1	1.0	0.0	0.0
211	protein1	1010.6666666666665	18.666666666666668	1.0350876666666666
211	protein2	1504.333333333333	29.66666666666667	1.182179
211	protein3	1016.0	24.0	1.3060606666666663
211	rnapol	2.0	0.0	0.0
212	__protein1_rbs	15.666666666666664	0.0	0.0
212	__protein2_rbs	25.33333333333333	0.0	0.0
212	__protein3_rbs	20.666666666666668	0.0	0.0
212	__ribosome	14.333333333333336	0.0	0.0
212	__rnase_site_ext	25.33333333333333	0.0	0.0
212	p0	1.0	0.0	0.0
212	p1	1.0	0.0	0.0
212	protein1	1015.3333333333335	18.33333333333333	1.0692006666666665
212	protein2	1511.666666666667	28.66666666666667	1.1958443333333335
212	protein3	1022.0	24.66666666666667	1.2851176666666666
212	rnapol	1.6666666666666667	0.0	0.0
213	__protein1_rbs	14.666666666666664	0.0	0.0
213	__protein2_rbs	23.0	0.0	0.0
213	__protein3_rbs	21.0	0.0	0.0
213	__ribosome	12.333333333333336	0.0	0.0
213	__rnase_site_ext	23.66666666666667	0.0	0.0
213	p0	1.0	0.0	0.0
213	p1	1.0	0.0	0.0
213	protein1	1022.0	18.33333333333333	1.0692009999999998
213	protein2	1519.333333333333	27.66666666666667	1.2924086666666668
213	protein3	1028.3333333333333	25.0	1.287751
213	rnapol	1.6666666666666667	0.0	0.0
214	__protein1_rbs	16.0	0.0	0.0
214	__protein2_rbs	24.0	0.0	0.0
214	__protein3_rbs	20.0	0.0	0.0
214	__ribosome	16.333333333333332	0.0	0.0
214	__rnase_site_ext	25.33333333333333	0.0	0.0
214	p0	1.0	0.0	0.0
214	p1	1.0	0.0	0.0
214	protein1	1028.0	18.33333333333333	0.945419
214	protein2	1528.0	28.0	1.230708
214	protein3	1035.6666666666667	24.33333333333333	1.312168
214	rnapol	2.333333333333333	0.0	0.0
215	__protein1_rbs	14.333333333333336	0.0	0.0
215	__protein2_rbs	24.0	0.0	0.0
215	__protein3_rbs	21.0	0.0	0.0
215	__ribosome	16.333333333333332	0.0	0.0
215	__rnase_site_ext	23.33333333333333	0.0	0.0
215	p0	1.0	0.0	0.0
215	p1	1.0	0.0	0.0
215	protein1	1032.6666666666667	18.0	1.037037
215	protein2	1536.333333333333	28.0	1.1922463333333333
215	protein3	1042.3333333333333	23.66666666666667	1.3424040000000002
215	rnapol	2.333333333333333	0.0	0.0
216	__protein1_rbs	14.666666666666664	0.0	0.0
216	__protein2_rbs	24.33333333333333	0.0	0.0
216	__protein3_rbs	17.666666666666668	0.0	0.0
216	__ribosome	16.333333333333332	0.0	0.0
216	__rnase_site_ext	24.0	0.0	0.0
216	p0	1.0	0.0	0.0
216	p1	1.0	0.0	0.0
216	protein1	1038.6666666666667	17.666666666666668	1.061002
216	protein2	1545.666666666667	27.66666666666667	1.231111
216	protein3	1050.6666666666667	23.0	1.3752356666666667
216	rnapol	3.0	0.0	0.0
217	__protein1_rbs	14.333333333333336	0.0	0.0
217	__protein2_rbs	24.33333333333333	0.0	0.0
217	__protein3_rbs	21.0	0.0	0.0
217	__ribosome	19.666666666666668	0.0	0.0
217	__rnase_site_ext	24.66666666666667	0.0	0.0
217	p0	1.0	0.0	0.0
217	p1	1.0	0.0	0.0
217	protein1	1044.3333333333333	17.666666666666668	1.0217866666666666
217	protein2	1555.0	28.33333333333333	1.1460656666666666
217	protein3	1058.6666666666667	23.33333333333333	1.291375333333333
217	rnapol	2.333333333333333	0.0	0.0
218	__protein1_rbs	15.0	0.0	0.0
218	__protein2_rbs	23.0	0.0	0.0
218	__protein3_rbs	19.0	0.0	0.0
218	__ribosome	13.666666666666664	0.0	0.0
218	__rnase_site_ext	25.33333333333333	0.0	0.0
218	p0	1.0	0.0	0.0
218	p1	1.0	0.0	0.0
218	protein1	1049.0	17.333333333333332	0.9814813333333332
218	protein2	1560.666666666667	28.0	1.2841879999999999
218	protein3	1064.0	23.33333333333333	1.4312353333333334
218	rnapol	1.6666666666666667	0.0	0.0
219	__protein1_rbs	16.0	0.0	0.0
219	__protein2_rbs	22.33333333333333	0.0	0.0
219	__protein3_rbs	20.0	0.0	0.0
219	__ribosome	17.666666666666668	0.0	0.0
219	__rnase_site_ext	25.66666666666667	0.0	0.0
219	p0	1.0	0.0	0.0
219	p1	1.0	0.0	0.0
219	protein1	1056.3333333333333	18.33333333333333	0.7680313333333332
219	protein2	1567.666666666667	27.66666666666667	1.3225023333333332
219	protein3	1071.3333333333333	23.0	1.3947163333333332
219	rnapol	1.6666666666666667	0.0	0.0
220	__protein1_rbs	15.666666666666664	0.0	0.0
220	__protein2_rbs	23.33333333333333	0.0	0.0
220	__protein3_rbs	17.333333333333332	0.0	0.0
220	__ribosome	16.333333333333332	0.0	0.0
220	__rnase_site_ext	24.66666666666667	0.0	0.0
220	p0	1.0	0.0	0.0
220	p1	0.6666666666666666	0.0	0.0
220	protein1	1060.3333333333333	18.666666666666668	0.8235866666666668
220	protein2	1577.666666666667	27.66666666666667	1.270399
220	protein3	1078.3333333333333	22.0	1.513889
220	rnapol	1.3333333333333333	0.0	0.0
221	__protein1_rbs	16.666666666666668	0.0	0.0
221	__protein2_rbs	26.66666666666667	0.0	0.0
221	__protein3_rbs	19.0	0.0	0.0
221	__ribosome	17.0	0.0	0.0
221	__rnase_site_ext	26.66666666666667	0.0	0.0
221	p0	1.0	0.0	0.0
221	p1	1.0	0.0	0.0
221	protein1	1064.6666666666667	19.0	0.8947366666666667
221	protein2	1585.666666666667	28.33333333333333	1.1846560000000002
221	protein3	1086.6666666666667	22.0	1.4764416666666669
221	rnapol	0.6666666666666666	0.0	0.0
222	__protein1_rbs	14.666666666666664	0.0	0.0
222	__protein2_rbs	24.0	0.0	0.0
222	__protein3_rbs	17.0	0.0	0.0
222	__ribosome	17.0	0.0	0.0
222	__rnase_site_ext	26.0	0.0	0.0
222	p0	0.6666666666666666	0.0	0.0
222	p1	1.0	0.0	0.0
222	protein1	1069.3333333333333	19.0	1.0
222	protein2	1595.666666666667	28.66666666666667	1.1090103333333332
222	protein3	1094.3333333333333	22.0	1.4545456666666663
222	rnapol	0.3333333333333333	0.0	0.0
223	__protein1_rbs	16.333333333333332	0.0	0.0
223	__protein2_rbs	22.66666666666667	0.0	0.0
223	__protein3_rbs	18.33333333333333	0.0	0.0
223	__ribosome	13.333333333333336	0.0	0.0
223	__rnase_site_ext	26.33333333333333	0.0	0.0
223	p0	0.6666666666666666	0.0	0.0
223	p1	0.6666666666666666	0.0	0.0
223	protein1	1074.3333333333333	19.33333333333333	0.9842103333333332
223	protein2	1602.333333333333	28.66666666666667	1.206845333333333
223	protein3	1099.6666666666667	21.66666666666667	1.5295816666666668
223	rnapol	0.3333333333333333	0.0	0.0
224	__protein1_rbs	17.333333333333332	0.0	0.0
224	__protein2_rbs	23.0	0.0	0.0
224	__protein3_rbs	18.666666666666668	0.0	0.0
224	__ribosome	17.333333333333332	0.0	0.0
224	__rnase_site_ext	26.33333333333333	0.0	0.0
224	p0	1.0	0.0	0.0
224	p1	0.6666666666666666	0.0	0.0
224	protein1	1080.0	20.0	0.9166666666666666
224	protein2	1611.0	29.0	1.1846263333333331
224	protein3	1107.6666666666667	21.66666666666667	1.3737373333333334
224	rnapol	0.3333333333333333	0.0	0.0
225	__protein1_rbs	15.666666666666664	0.0	0.0
225	__protein2_rbs	23.66666666666667	0.0	0.0
225	__protein3_rbs	20.666666666666668	0.0	0.0
225	__ribosome	17.666666666666668	0.0	0.0
225	__rnase_site_ext	25.66666666666667	0.0	0.0
225	p0	0.6666666666666666	0.0	0.0
225	p1	0.6666666666666666	0.0	0.0
225	protein1	1084.6666666666667	19.666666666666668	1.0517543333333332
225	protein2	1618.666666666667	29.0	1.2102336666666669
225	protein3	1116.0	22.33333333333333	1.1837946666666666
225	rnapol	0.0	0.0	0.0
226	__protein1_rbs	17.333333333333332	0.0	0.0
226	__protein2_rbs	25.0	0.0	0.0
226	__protein3_rbs	19.0	0.0	0.0
226	__ribosome	15.666666666666664	0.0	0.0
226	__rnase_site_ext	27.33333333333333	0.0	0.0
226	p0	1.0	0.0	0.0
226	p1	1.0	0.0	0.0
226	protein1	1091.3333333333333	20.0	1.0173766666666666
226	protein2	1625.666666666667	29.33333333333333	1.2465153333333332
226	protein3	1122.3333333333333	22.66666666666667	1.2108586666666663
226	rnapol	0.3333333333333333	0.0	0.0
227	__protein1_rbs	15.666666666666664	0.0	0.0
227	__protein2_rbs	23.66666666666667	0.0	0.0
227	__protein3_rbs	19.0	0.0	0.0
227	__ribosome	15.666666666666664	0.0	0.0
227	__rnase_site_ext	26.66666666666667	0.0	0.0
227	p0	1.0	0.0	0.0
227	p1	1.0	0.0	0.0
227	protein1	1095.6666666666667	19.666666666666668	1.1145503333333335
227	protein2	1635.0	29.33333333333333	1.2699723333333333
227	protein3	1130.3333333333333	22.66666666666667	1.1199496666666666
227	rnapol	0.3333333333333333	0.0	0.0
228	__protein1_rbs	16.0	0.0	0.0
228	__protein2_rbs	23.33333333333333	0.0	0.0
228	__protein3_rbs	19.0	0.0	0.0
228	__ribosome	14.666666666666664	0.0	0.0
228	__rnase_site_ext	24.66666666666667	0.0	0.0
228	p0	1.0	0.0	0.0
228	p1	0.6666666666666666	0.0	0.0
228	protein1	1103.6666666666667	19.0	1.0173963333333331
228	protein2	1643.666666666667	29.33333333333333	1.3498606666666666
228	protein3	1135.6666666666667	22.66666666666667	1.1805556666666666
228	rnapol	1.3333333333333333	0.0	0.0
229	__protein1_rbs	16.666666666666668	0.0	0.0
229	__protein2_rbs	27.33333333333333	0.0	0.0
229	__protein3_rbs	17.666666666666668	0.0	0.0
229	__ribosome	15.666666666666664	0.0	0.0
229	__rnase_site_ext	26.0	0.0	0.0
229	p0	0.6666666666666666	0.0	0.0
229	p1	1.0	0.0	0.0
229	protein1	1109.3333333333333	18.33333333333333	0.9361656666666668
229	protein2	1652.0	29.66666666666667	1.2796933333333331
229	protein3	1140.0	22.66666666666667	1.2954543333333333
229	rnapol	1.3333333333333333	0.0	0.0
230	__protein1_rbs	16.333333333333332	0.0	0.0
230	__protein2_rbs	23.0	0.0	0.0
230	__protein3_rbs	20.666666666666668	0.0	0.0
230	__ribosome	17.0	0.0	0.0
230	__rnase_site_ext	25.0	0.0	0.0
230	p0	1.0	0.0	0.0
230	p1	1.0	0.0	0.0
230	protein1	1115.0	18.666666666666668	0.8445379999999999
230	protein2	1661.333333333333	29.66666666666667	1.3352493333333333
230	protein3	1146.3333333333333	23.0	1.2082783333333331
230	rnapol	1.6666666666666667	0.0	0.0
231	__protein1_rbs	16.0	0.0	0.0
231	__protein2_rbs	25.33333333333333	0.0	0.0
231	__protein3_rbs	21.33333333333333	0.0	0.0
231	__ribosome	15.666666666666664	0.0	0.0
231	__rnase_site_ext	25.0	0.0	0.0
231	p0	1.0	0.0	0.0
231	p1	1.0	0.0	0.0
231	protein1	1120.6666666666667	18.666666666666668	0.7363836666666667
231	protein2	1668.0	29.66666666666667	1.4367816666666666
231	protein3	1153.0	23.0	1.2242063333333333
231	rnapol	2.0	0.0	0.0
232	__protein1_rbs	14.0	0.0	0.0
232	__protein2_rbs	25.0	0.0	0.0
232	__protein3_rbs	18.0	0.0	0.0
232	__ribosome	13.666666666666664	0.0	0.0
232	__rnase_site_ext	25.0	0.0	0.0
232	p0	1.0	0.0	0.0
232	p1	1.0	0.0	0.0
232	protein1	1125.0	18.666666666666668	0.8957216666666667
232	protein2	1678.666666666667	29.66666666666667	1.3816093333333337
232	protein3	1159.3333333333333	22.66666666666667	1.2687196666666667
232	rnapol	1.3333333333333333	0.0	0.0
233	__protein1_rbs	15.0	0.0	0.0
233	__protein2_rbs	26.0	0.0	0.0
233	__protein3_rbs	19.33333333333333	0.0	0.0
233	__ribosome	17.333333333333332	0.0	0.0
233	__rnase_site_ext	25.0	0.0	0.0
233	p0	1.0	0.0	0.0
233	p1	1.0	0.0	0.0
233	protein1	1129.0	18.33333333333333	0.9253033333333334
233	protein2	1690.333333333333	30.0	1.222222
233	protein3	1166.3333333333333	23.0	1.261144
233	rnapol	1.6666666666666667	0.0	0.0
234	__protein1_rbs	16.333333333333332	0.0	0.0
234	__protein2_rbs	24.66666666666667	0.0	0.0
234	__protein3_rbs	18.666666666666668	0.0	0.0
234	__ribosome	12.666666666666664	0.0	0.0
234	__rnase_site_ext	26.0	0.0	0.0
234	p0	1.0	0.0	0.0
234	p1	1.0	0.0	0.0
234	protein1	1132.3333333333333	18.33333333333333	0.9411763333333334
234	protein2	1698.333333333333	29.66666666666667	1.3394636666666664
234	protein3	1171.6666666666667	22.33333333333333	1.3577076666666668
234	rnapol	2.333333333333333	0.0	0.0
235	__protein1_rbs	15.0	0.0	0.0
235	__protein2_rbs	24.66666666666667	0.0	0.0
235	__protein3_rbs	19.0	0.0	0.0
235	__ribosome	19.0	0.0	0.0
235	__rnase_site_ext	25.0	0.0	0.0
235	p0	1.0	0.0	0.0
235	p1	1.0	0.0	0.0
235	protein1	1138.6666666666667	17.666666666666668	0.843137
235	protein2	1707.666666666667	29.33333333333333	1.3183906666666667
235	protein3	1180.0	22.0	1.2424243333333334
235	rnapol	2.333333333333333	0.0	0.0
236	__protein1_rbs	15.0	0.0	0.0
236	__protein2_rbs	25.33333333333333	0.0	0.0
236	__protein3_rbs	19.0	0.0	0.0
236	__ribosome	19.666666666666668	0.0	0.0
236	__rnase_site_ext	24.33333333333333	0.0	0.0
236	p0	0.6666666666666666	0.0	0.0
236	p1	1.0	0.0	0.0
236	protein1	1144.0	18.0	0.7742803333333335
236	protein2	1717.0	28.33333333333333	1.3642856666666667
236	protein3	1185.6666666666667	22.0	1.2585480000000002
236	rnapol	2.0	0.0	0.0
237	__protein1_rbs	16.333333333333332	0.0	0.0
237	__protein2_rbs	20.33333333333333	0.0	0.0
237	__protein3_rbs	18.33333333333333	0.0	0.0
237	__ribosome	16.0	0.0	0.0
237	__rnase_site_ext	24.33333333333333	0.0	0.0
237	p0	1.0	0.0	0.0
237	p1	1.0	0.0	0.0
237	protein1	1148.0	18.666666666666668	0.749329
237	protein2	1726.333333333333	28.33333333333333	1.4702819999999999
237	protein3	1192.6666666666667	22.0	1.2855573333333334
237	rnapol	1.6666666666666667	0.0	0.0
238	__protein1_rbs	15.666666666666664	0.0	0.0
238	__protein2_rbs	24.0	0.0	0.0
238	__protein3_rbs	18.33333333333333	0.0	0.0
238	__ribosome	14.666666666666664	0.0	0.0
238	__rnase_site_ext	25.0	0.0	0.0
238	p0	1.0	0.0	0.0
238	p1	1.0	0.0	0.0
238	protein1	1151.6666666666667	18.666666666666668	0.8706913333333333
238	protein2	1735.666666666667	28.0	1.4222223333333333
238	protein3	1199.0	22.33333333333333	1.3109356666666667
238	rnapol	2.0	0.0	0.0
239	__protein1_rbs	14.666666666666664	0.0	0.0
239	__protein2_rbs	24.33333333333333	0.0	0.0
239	__protein3_rbs	18.33333333333333	0.0	0.0
239	__ribosome	13.666666666666664	0.0	0.0
239	__rnase_site_ext	24.0	0.0	0.0
239	p0	1.0	0.0	0.0
239	p1	0.6666666666666666	0.0	0.0
239	protein1	1156.0	19.0	1.0421569999999998
239	protein2	1744.0	27.0	1.402051333333333
239	protein3	1205.3333333333333	22.33333333333333	1.29776
239	rnapol	2.0	0.0	0.0
240	__protein1_rbs	15.333333333333336	0.0	0.0
240	__protein2_rbs	25.0	0.0	0.0
240	__protein3_rbs	18.0	0.0	0.0
240	__ribosome	14.0	0.0	0.0
240	__rnase_site_ext	24.66666666666667	0.0	0.0
240	p0	1.0	0.0	0.0
240	p1	0.6666666666666666	0.0	0.0
240	protein1	1159.6666666666667	19.0	1.092157
240	protein2	1754.666666666667	28.0	1.2198003333333334
240	protein3	1210.6666666666667	22.66666666666667	1.3972333333333335
240	rnapol	1.3333333333333333	0.0	0.0
