time	species	protein	transcript	ribo_density
0	__protein1_rbs	0.0	0.0	0.0
0	__protein2_rbs	0.0	0.0	0.0
0	__protein3_rbs	0.0	0.0	0.0
0	__ribosome	100.0	0.0	0.0
0	__rnase_site_ext	0.0	0.0	0.0
0	p0	1.0	0.0	0.0
0	p1	1.0	0.0	0.0
0	r0	0.0	0.0	0.0
0	r1	0.0	0.0	0.0
0	r2	0.0	0.0	0.0
0	rnapol	4.0	0.0	0.0
1	__protein1_rbs	1.0	0.0	0.0
1	__protein2_rbs	0.3333333333333333	0.0	0.0
1	__protein3_rbs	0.0	0.0	0.0
1	__ribosome	99.33333333333331	0.0	0.0
1	__rnase_site_ext	3.333333333333333	0.0	0.0
1	p0	1.0	0.0	0.0
1	p1	1.0	0.0	0.0
1	protein1	0.0	1.0	0.0
1	protein2	0.0	1.0	0.6666666666666666
1	r0	2.0	0.0	0.0
1	r1	0.6666666666666666	0.0	0.0
1	r2	0.0	0.0	0.0
1	rnapol	0.6666666666666666	0.0	0.0
2	__protein1_rbs	2.333333333333333	0.0	0.0
2	__protein2_rbs	1.0	0.0	0.0
2	__protein3_rbs	0.0	0.0	0.0
2	__ribosome	96.66666666666669	0.0	0.0
2	__rnase_site_ext	4.0	0.0	0.0
2	p0	1.0	0.0	0.0
2	p1	1.0	0.0	0.0
2	protein1	0.0	2.6666666666666665	0.6111113333333332
2	protein2	0.0	1.3333333333333333	1.3333333333333333
2	r0	2.6666666666666665	0.0	0.0
2	r1	1.3333333333333333	0.0	0.0
2	r2	0.0	0.0	0.0
2	rnapol	0.0	0.0	0.0
3	__protein1_rbs	1.3333333333333333	0.0	0.0
3	__protein2_rbs	0.3333333333333333	0.0	0.0
3	__protein3_rbs	0.0	0.0	0.0
3	__ribosome	91.66666666666669	0.0	0.0
3	__rnase_site_ext	3.6666666666666665	0.0	0.0
3	p0	1.0	0.0	0.0
3	p1	1.0	0.0	0.0
3	protein1	0.0	2.6666666666666665	1.611111
3	protein2	0.0	1.3333333333333333	3.0
3	r0	2.6666666666666665	0.0	0.0
3	r1	1.0	0.0	0.0
3	r2	0.0	0.0	0.0
3	rnapol	0.0	0.0	0.0
4	__protein1_rbs	1.3333333333333333	0.0	0.0
4	__protein2_rbs	0.3333333333333333	0.0	0.0
4	__protein3_rbs	0.0	0.0	0.0
4	__ribosome	88.33333333333331	0.0	0.0
4	__rnase_site_ext	3.6666666666666665	0.0	0.0
4	p0	1.0	0.0	0.0
4	p1	0.6666666666666666	0.0	0.0
4	protein1	0.0	2.6666666666666665	2.444444333333333
4	protein2	0.0	1.0	5.0
4	r0	2.6666666666666665	0.0	0.0
4	r1	1.0	0.0	0.0
4	r2	0.0	0.0	0.0
4	rnapol	0.0	0.0	0.0
5	__protein1_rbs	1.3333333333333333	0.0	0.0
5	__protein2_rbs	1.3333333333333333	0.0	0.0
5	__protein3_rbs	0.3333333333333333	0.0	0.0
5	__ribosome	86.33333333333331	0.0	0.0
5	__rnase_site_ext	3.6666666666666665	0.0	0.0
5	p0	1.0	0.0	0.0
5	p1	0.3333333333333333	0.0	0.0
5	protein1	1.6666666666666667	2.6666666666666665	2.833333333333333
5	protein2	0.3333333333333333	2.333333333333333	2.555555666666667
5	protein3	0.0	0.3333333333333333	0.0
5	r0	2.6666666666666665	0.0	0.0
5	r1	2.333333333333333	0.0	0.0
5	r2	1.0	0.0	0.0
5	rnapol	0.0	0.0	0.0
6	__protein1_rbs	1.6666666666666667	0.0	0.0
6	__protein2_rbs	2.333333333333333	0.0	0.0
6	__protein3_rbs	0.6666666666666666	0.0	0.0
6	__ribosome	83.0	0.0	0.0
6	__rnase_site_ext	3.333333333333333	0.0	0.0
6	p0	1.0	0.0	0.0
6	p1	1.0	0.0	0.0
6	protein1	3.333333333333333	2.333333333333333	3.3888890000000003
6	protein2	1.0	3.6666666666666665	2.2777776666666667
6	protein3	0.0	1.3333333333333333	1.1666666666666667
6	r0	2.333333333333333	0.0	0.0
6	r1	3.0	0.0	0.0
6	r2	1.3333333333333333	0.0	0.0
6	rnapol	0.0	0.0	0.0
7	__protein1_rbs	1.0	0.0	0.0
7	__protein2_rbs	1.6666666666666667	0.0	0.0
7	__protein3_rbs	1.3333333333333333	0.0	0.0
7	__ribosome	81.33333333333333	0.0	0.0
7	__rnase_site_ext	2.333333333333333	0.0	0.0
7	p0	1.0	0.0	0.0
7	p1	1.0	0.0	0.0
7	protein1	6.0	2.0	4.388889
7	protein2	2.6666666666666665	3.6666666666666665	2.6388890000000003
7	protein3	0.0	1.3333333333333333	1.8333333333333333
7	r0	2.0	0.0	0.0
7	r1	2.6666666666666665	0.0	0.0
7	r2	1.3333333333333333	0.0	0.0
7	rnapol	0.0	0.0	0.0
8	__protein1_rbs	1.0	0.0	0.0
8	__protein2_rbs	2.333333333333333	0.0	0.0
8	__protein3_rbs	1.0	0.0	0.0
8	__ribosome	79.66666666666667	0.0	0.0
8	__rnase_site_ext	3.0	0.0	0.0
8	p0	1.0	0.0	0.0
8	p1	1.0	0.0	0.0
8	protein1	8.666666666666666	2.0	3.611111
8	protein2	4.666666666666667	3.6666666666666665	2.8888890000000003
8	protein3	0.0	1.6666666666666667	2.6666666666666665
8	r0	2.0	0.0	0.0
8	r1	2.6666666666666665	0.0	0.0
8	r2	1.6666666666666667	0.0	0.0
8	rnapol	0.0	0.0	0.0
9	__protein1_rbs	1.0	0.0	0.0
9	__protein2_rbs	2.0	0.0	0.0
9	__protein3_rbs	1.6666666666666667	0.0	0.0
9	__ribosome	77.66666666666667	0.0	0.0
9	__rnase_site_ext	3.0	0.0	0.0
9	p0	1.0	0.0	0.0
9	p1	1.0	0.0	0.0
9	protein1	11.0	2.333333333333333	2.1666666666666665
9	protein2	7.0	3.333333333333333	3.5
9	protein3	0.0	1.6666666666666667	3.6666666666666665
9	r0	3.0	0.0	0.0
9	r1	2.333333333333333	0.0	0.0
9	r2	2.333333333333333	0.0	0.0
9	rnapol	0.0	0.0	0.0
10	__protein1_rbs	1.3333333333333333	0.0	0.0
10	__protein2_rbs	1.3333333333333333	0.0	0.0
10	__protein3_rbs	2.0	0.0	0.0
10	__ribosome	73.33333333333333	0.0	0.0
10	__rnase_site_ext	2.6666666666666665	0.0	0.0
10	p0	1.0	0.0	0.0
10	p1	1.0	0.0	0.0
10	protein1	12.0	2.6666666666666665	2.5
10	protein2	8.333333333333334	3.0	4.472222333333334
10	protein3	0.6666666666666666	3.333333333333333	2.0
10	r0	2.6666666666666665	0.0	0.0
10	r1	2.333333333333333	0.0	0.0
10	r2	4.0	0.0	0.0
10	rnapol	0.3333333333333333	0.0	0.0
11	__protein1_rbs	1.3333333333333333	0.0	0.0
11	__protein2_rbs	2.333333333333333	0.0	0.0
11	__protein3_rbs	2.333333333333333	0.0	0.0
11	__ribosome	70.33333333333333	0.0	0.0
11	__rnase_site_ext	2.6666666666666665	0.0	0.0
11	p0	1.0	0.0	0.0
11	p1	1.0	0.0	0.0
11	protein1	14.333333333333336	2.6666666666666665	2.6666666666666665
11	protein2	10.333333333333334	3.0	4.638889
11	protein3	2.0	4.0	2.25
11	r0	2.333333333333333	0.0	0.0
11	r1	2.333333333333333	0.0	0.0
11	r2	4.0	0.0	0.0
11	rnapol	0.3333333333333333	0.0	0.0
12	__protein1_rbs	0.3333333333333333	0.0	0.0
12	__protein2_rbs	1.6666666666666667	0.0	0.0
12	__protein3_rbs	2.333333333333333	0.0	0.0
12	__ribosome	68.66666666666667	0.0	0.0
12	__rnase_site_ext	2.333333333333333	0.0	0.0
12	p0	0.6666666666666666	0.0	0.0
12	p1	0.3333333333333333	0.0	0.0
12	protein1	16.0	2.333333333333333	4.0
12	protein2	14.333333333333336	2.6666666666666665	4.583333333333333
12	protein3	3.0	4.0	2.833333333333333
12	r0	2.333333333333333	0.0	0.0
12	r1	2.333333333333333	0.0	0.0
12	r2	4.0	0.0	0.0
12	rnapol	0.3333333333333333	0.0	0.0
13	__protein1_rbs	2.0	0.0	0.0
13	__protein2_rbs	2.6666666666666665	0.0	0.0
13	__protein3_rbs	2.6666666666666665	0.0	0.0
13	__ribosome	68.33333333333333	0.0	0.0
13	__rnase_site_ext	3.0	0.0	0.0
13	p0	1.0	0.0	0.0
13	p1	0.6666666666666666	0.0	0.0
13	protein1	18.33333333333333	2.6666666666666665	2.9166666666666665
13	protein2	17.333333333333332	3.333333333333333	3.322222333333333
13	protein3	5.333333333333333	3.6666666666666665	3.638889
13	r0	2.6666666666666665	0.0	0.0
13	r1	3.333333333333333	0.0	0.0
13	r2	3.6666666666666665	0.0	0.0
13	rnapol	1.3333333333333333	0.0	0.0
14	__protein1_rbs	2.0	0.0	0.0
14	__protein2_rbs	1.3333333333333333	0.0	0.0
14	__protein3_rbs	2.333333333333333	0.0	0.0
14	__ribosome	65.33333333333333	0.0	0.0
14	__rnase_site_ext	4.666666666666667	0.0	0.0
14	p0	0.3333333333333333	0.0	0.0
14	p1	1.0	0.0	0.0
14	protein1	20.666666666666668	3.333333333333333	2.3777776666666663
14	protein2	20.33333333333333	3.333333333333333	3.3888886666666664
14	protein3	6.666666666666668	3.6666666666666665	4.138889
14	r0	3.6666666666666665	0.0	0.0
14	r1	3.333333333333333	0.0	0.0
14	r2	3.6666666666666665	0.0	0.0
14	rnapol	0.3333333333333333	0.0	0.0
15	__protein1_rbs	1.6666666666666667	0.0	0.0
15	__protein2_rbs	3.0	0.0	0.0
15	__protein3_rbs	1.6666666666666667	0.0	0.0
15	__ribosome	64.33333333333333	0.0	0.0
15	__rnase_site_ext	4.666666666666667	0.0	0.0
15	p0	1.0	0.0	0.0
15	p1	1.0	0.0	0.0
15	protein1	23.66666666666667	4.0	2.161111
15	protein2	23.33333333333333	3.6666666666666665	3.194444333333333
15	protein3	9.0	3.6666666666666665	4.444444333333333
15	r0	4.0	0.0	0.0
15	r1	3.333333333333333	0.0	0.0
15	r2	3.6666666666666665	0.0	0.0
15	rnapol	0.3333333333333333	0.0	0.0
16	__protein1_rbs	2.333333333333333	0.0	0.0
16	__protein2_rbs	2.0	0.0	0.0
16	__protein3_rbs	1.6666666666666667	0.0	0.0
16	__ribosome	62.33333333333334	0.0	0.0
16	__rnase_site_ext	5.333333333333333	0.0	0.0
16	p0	1.0	0.0	0.0
16	p1	1.0	0.0	0.0
16	protein1	25.33333333333333	4.0	2.6
16	protein2	24.33333333333333	3.6666666666666665	3.805555666666667
16	protein3	13.0	3.6666666666666665	3.9166666666666665
16	r0	4.333333333333333	0.0	0.0
16	r1	2.6666666666666665	0.0	0.0
16	r2	3.6666666666666665	0.0	0.0
16	rnapol	0.0	0.0	0.0
17	__protein1_rbs	3.0	0.0	0.0
17	__protein2_rbs	2.6666666666666665	0.0	0.0
17	__protein3_rbs	2.333333333333333	0.0	0.0
17	__ribosome	65.33333333333333	0.0	0.0
17	__rnase_site_ext	5.333333333333333	0.0	0.0
17	p0	1.0	0.0	0.0
17	p1	0.6666666666666666	0.0	0.0
17	protein1	28.33333333333333	4.333333333333333	2.177777666666667
17	protein2	27.66666666666667	4.0	3.333333333333333
17	protein3	16.666666666666668	4.0	3.422222333333333
17	r0	4.333333333333333	0.0	0.0
17	r1	4.0	0.0	0.0
17	r2	4.0	0.0	0.0
17	rnapol	0.0	0.0	0.0
18	__protein1_rbs	3.0	0.0	0.0
18	__protein2_rbs	2.6666666666666665	0.0	0.0
18	__protein3_rbs	1.6666666666666667	0.0	0.0
18	__ribosome	63.66666666666666	0.0	0.0
18	__rnase_site_ext	5.0	0.0	0.0
18	p0	1.0	0.0	0.0
18	p1	0.6666666666666666	0.0	0.0
18	protein1	31.0	4.333333333333333	2.4
18	protein2	31.0	4.666666666666667	2.716666666666667
18	protein3	20.33333333333333	4.333333333333333	3.2
18	r0	4.333333333333333	0.0	0.0
18	r1	4.0	0.0	0.0
18	r2	4.666666666666667	0.0	0.0
18	rnapol	0.0	0.0	0.0
19	__protein1_rbs	2.6666666666666665	0.0	0.0
19	__protein2_rbs	3.333333333333333	0.0	0.0
19	__protein3_rbs	2.6666666666666665	0.0	0.0
19	__ribosome	61.33333333333334	0.0	0.0
19	__rnase_site_ext	5.333333333333333	0.0	0.0
19	p0	1.0	0.0	0.0
19	p1	1.0	0.0	0.0
19	protein1	34.666666666666664	4.333333333333333	2.4
19	protein2	33.666666666666664	5.0	2.6555556666666664
19	protein3	22.33333333333333	5.0	3.1333333333333333
19	r0	4.333333333333333	0.0	0.0
19	r1	4.0	0.0	0.0
19	r2	4.666666666666667	0.0	0.0
19	rnapol	0.0	0.0	0.0
20	__protein1_rbs	3.0	0.0	0.0
20	__protein2_rbs	3.0	0.0	0.0
20	__protein3_rbs	3.0	0.0	0.0
20	__ribosome	59.66666666666666	0.0	0.0
20	__rnase_site_ext	5.333333333333333	0.0	0.0
20	p0	1.0	0.0	0.0
20	p1	0.6666666666666666	0.0	0.0
20	protein1	36.66666666666666	4.333333333333333	2.622222333333333
20	protein2	36.66666666666666	5.0	2.6388890000000003
20	protein3	25.33333333333333	4.666666666666667	3.466666666666667
20	r0	4.333333333333333	0.0	0.0
20	r1	4.333333333333333	0.0	0.0
20	r2	4.666666666666667	0.0	0.0
20	rnapol	0.3333333333333333	0.0	0.0
21	__protein1_rbs	2.6666666666666665	0.0	0.0
21	__protein2_rbs	3.333333333333333	0.0	0.0
21	__protein3_rbs	3.0	0.0	0.0
21	__ribosome	58.33333333333334	0.0	0.0
21	__rnase_site_ext	5.666666666666668	0.0	0.0
21	p0	1.0	0.0	0.0
21	p1	1.0	0.0	0.0
21	protein1	40.0	4.333333333333333	2.6666666666666665
21	protein2	39.66666666666666	5.333333333333333	2.694444333333333
21	protein3	28.0	4.666666666666667	3.516666666666667
21	r0	4.666666666666667	0.0	0.0
21	r1	4.666666666666667	0.0	0.0
21	r2	5.0	0.0	0.0
21	rnapol	0.6666666666666666	0.0	0.0
22	__protein1_rbs	2.333333333333333	0.0	0.0
22	__protein2_rbs	3.6666666666666665	0.0	0.0
22	__protein3_rbs	4.0	0.0	0.0
22	__ribosome	58.66666666666666	0.0	0.0
22	__rnase_site_ext	5.666666666666668	0.0	0.0
22	p0	1.0	0.0	0.0
22	p1	0.6666666666666666	0.0	0.0
22	protein1	43.66666666666666	4.666666666666667	2.4555556666666667
22	protein2	43.33333333333334	5.0	2.922222333333333
22	protein3	31.66666666666667	5.0	3.1333333333333333
22	r0	5.0	0.0	0.0
22	r1	5.333333333333333	0.0	0.0
22	r2	5.333333333333333	0.0	0.0
22	rnapol	0.3333333333333333	0.0	0.0
23	__protein1_rbs	3.6666666666666665	0.0	0.0
23	__protein2_rbs	4.333333333333333	0.0	0.0
23	__protein3_rbs	3.333333333333333	0.0	0.0
23	__ribosome	57.66666666666666	0.0	0.0
23	__rnase_site_ext	7.0	0.0	0.0
23	p0	1.0	0.0	0.0
23	p1	1.0	0.0	0.0
23	protein1	46.0	5.333333333333333	2.1444443333333334
23	protein2	45.0	5.666666666666668	2.876984333333333
23	protein3	36.66666666666666	5.666666666666668	2.5666666666666664
23	r0	5.333333333333333	0.0	0.0
23	r1	5.333333333333333	0.0	0.0
23	r2	5.666666666666668	0.0	0.0
23	rnapol	0.0	0.0	0.0
24	__protein1_rbs	2.6666666666666665	0.0	0.0
24	__protein2_rbs	3.0	0.0	0.0
24	__protein3_rbs	4.0	0.0	0.0
24	__ribosome	57.66666666666666	0.0	0.0
24	__rnase_site_ext	6.666666666666668	0.0	0.0
24	p0	1.0	0.0	0.0
24	p1	0.6666666666666666	0.0	0.0
24	protein1	50.66666666666666	5.333333333333333	2.088889
24	protein2	49.0	5.666666666666668	3.015873
24	protein3	40.333333333333336	5.666666666666668	2.511111
24	r0	5.333333333333333	0.0	0.0
24	r1	5.0	0.0	0.0
24	r2	5.666666666666668	0.0	0.0
24	rnapol	0.3333333333333333	0.0	0.0
25	__protein1_rbs	3.6666666666666665	0.0	0.0
25	__protein2_rbs	3.0	0.0	0.0
25	__protein3_rbs	3.6666666666666665	0.0	0.0
25	__ribosome	54.33333333333334	0.0	0.0
25	__rnase_site_ext	6.666666666666668	0.0	0.0
25	p0	1.0	0.0	0.0
25	p1	1.0	0.0	0.0
25	protein1	53.0	5.333333333333333	2.2222223333333333
25	protein2	52.66666666666666	5.666666666666668	3.111111
25	protein3	43.0	6.0	2.722222
25	r0	5.666666666666668	0.0	0.0
25	r1	5.0	0.0	0.0
25	r2	6.0	0.0	0.0
25	rnapol	0.3333333333333333	0.0	0.0
26	__protein1_rbs	4.0	0.0	0.0
26	__protein2_rbs	3.6666666666666665	0.0	0.0
26	__protein3_rbs	3.6666666666666665	0.0	0.0
26	__ribosome	54.0	0.0	0.0
26	__rnase_site_ext	7.666666666666668	0.0	0.0
26	p0	1.0	0.0	0.0
26	p1	0.6666666666666666	0.0	0.0
26	protein1	57.0	6.333333333333332	1.8492063333333333
26	protein2	56.66666666666666	5.666666666666668	3.079365333333333
26	protein3	46.33333333333334	6.0	2.944444666666667
26	r0	6.333333333333332	0.0	0.0
26	r1	5.0	0.0	0.0
26	r2	5.666666666666668	0.0	0.0
26	rnapol	0.6666666666666666	0.0	0.0
27	__protein1_rbs	4.333333333333333	0.0	0.0
27	__protein2_rbs	3.0	0.0	0.0
27	__protein3_rbs	3.333333333333333	0.0	0.0
27	__ribosome	50.33333333333334	0.0	0.0
27	__rnase_site_ext	7.666666666666668	0.0	0.0
27	p0	1.0	0.0	0.0
27	p1	1.0	0.0	0.0
27	protein1	59.0	6.333333333333332	2.228571333333333
27	protein2	60.66666666666666	5.666666666666668	3.0436509999999997
27	protein3	49.33333333333334	5.666666666666668	3.5
27	r0	6.666666666666668	0.0	0.0
27	r1	5.333333333333333	0.0	0.0
27	r2	6.0	0.0	0.0
27	rnapol	0.3333333333333333	0.0	0.0
28	__protein1_rbs	3.6666666666666665	0.0	0.0
28	__protein2_rbs	4.0	0.0	0.0
28	__protein3_rbs	4.333333333333333	0.0	0.0
28	__ribosome	51.66666666666666	0.0	0.0
28	__rnase_site_ext	7.666666666666668	0.0	0.0
28	p0	1.0	0.0	0.0
28	p1	1.0	0.0	0.0
28	protein1	64.33333333333333	6.666666666666668	2.0
28	protein2	63.66666666666666	6.0	2.860317666666667
28	protein3	53.33333333333334	5.666666666666668	3.349206333333333
28	r0	6.666666666666668	0.0	0.0
28	r1	6.0	0.0	0.0
28	r2	6.0	0.0	0.0
28	rnapol	0.3333333333333333	0.0	0.0
29	__protein1_rbs	5.0	0.0	0.0
29	__protein2_rbs	3.333333333333333	0.0	0.0
29	__protein3_rbs	3.6666666666666665	0.0	0.0
29	__ribosome	51.0	0.0	0.0
29	__rnase_site_ext	8.0	0.0	0.0
29	p0	1.0	0.0	0.0
29	p1	0.3333333333333333	0.0	0.0
29	protein1	67.33333333333333	6.666666666666668	2.190476333333333
29	protein2	69.33333333333333	6.0	2.8000000000000003
29	protein3	57.66666666666666	6.0	3.083333333333333
29	r0	7.0	0.0	0.0
29	r1	5.666666666666668	0.0	0.0
29	r2	6.0	0.0	0.0
29	rnapol	0.3333333333333333	0.0	0.0
30	__protein1_rbs	4.333333333333333	0.0	0.0
30	__protein2_rbs	6.0	0.0	0.0
30	__protein3_rbs	4.666666666666667	0.0	0.0
30	__ribosome	50.33333333333334	0.0	0.0
30	__rnase_site_ext	8.0	0.0	0.0
30	p0	1.0	0.0	0.0
30	p1	0.6666666666666666	0.0	0.0
30	protein1	71.66666666666667	7.0	2.2402116666666667
30	protein2	73.0	7.0	2.5099206666666665
30	protein3	61.66666666666666	6.0	2.9642856666666666
30	r0	7.0	0.0	0.0
30	r1	6.333333333333332	0.0	0.0
30	r2	6.0	0.0	0.0
30	rnapol	0.0	0.0	0.0
31	__protein1_rbs	4.333333333333333	0.0	0.0
31	__protein2_rbs	5.333333333333333	0.0	0.0
31	__protein3_rbs	4.333333333333333	0.0	0.0
31	__ribosome	47.66666666666666	0.0	0.0
31	__rnase_site_ext	8.0	0.0	0.0
31	p0	1.0	0.0	0.0
31	p1	1.0	0.0	0.0
31	protein1	75.0	7.0	2.3534393333333337
31	protein2	76.66666666666667	7.666666666666668	2.5714286666666664
31	protein3	64.66666666666667	6.0	2.9166666666666665
31	r0	7.333333333333332	0.0	0.0
31	r1	6.666666666666668	0.0	0.0
31	r2	6.0	0.0	0.0
31	rnapol	0.3333333333333333	0.0	0.0
32	__protein1_rbs	3.6666666666666665	0.0	0.0
32	__protein2_rbs	5.0	0.0	0.0
32	__protein3_rbs	4.333333333333333	0.0	0.0
32	__ribosome	45.33333333333334	0.0	0.0
32	__rnase_site_ext	9.0	0.0	0.0
32	p0	1.0	0.0	0.0
32	p1	1.0	0.0	0.0
32	protein1	80.33333333333333	7.666666666666668	2.407407333333333
32	protein2	80.33333333333333	7.666666666666668	2.732143
32	protein3	69.0	6.333333333333332	2.5238096666666667
32	r0	8.0	0.0	0.0
32	r1	6.666666666666668	0.0	0.0
32	r2	6.333333333333332	0.0	0.0
32	rnapol	0.0	0.0	0.0
33	__protein1_rbs	4.333333333333333	0.0	0.0
33	__protein2_rbs	4.666666666666667	0.0	0.0
33	__protein3_rbs	4.0	0.0	0.0
33	__ribosome	44.33333333333334	0.0	0.0
33	__rnase_site_ext	8.333333333333334	0.0	0.0
33	p0	1.0	0.0	0.0
33	p1	0.6666666666666666	0.0	0.0
33	protein1	84.66666666666667	8.0	2.351852
33	protein2	85.66666666666667	8.0	2.6686509999999997
33	protein3	72.66666666666667	6.333333333333332	2.4761903333333333
33	r0	8.0	0.0	0.0
33	r1	7.666666666666668	0.0	0.0
33	r2	6.0	0.0	0.0
33	rnapol	0.0	0.0	0.0
34	__protein1_rbs	5.0	0.0	0.0
34	__protein2_rbs	5.333333333333333	0.0	0.0
34	__protein3_rbs	4.333333333333333	0.0	0.0
34	__ribosome	43.66666666666666	0.0	0.0
34	__rnase_site_ext	8.666666666666666	0.0	0.0
34	p0	1.0	0.0	0.0
34	p1	1.0	0.0	0.0
34	protein1	89.66666666666669	8.0	2.548148
34	protein2	90.66666666666669	8.333333333333334	2.725
34	protein3	77.0	6.333333333333332	2.3253966666666663
34	r0	8.0	0.0	0.0
34	r1	7.333333333333332	0.0	0.0
34	r2	6.333333333333332	0.0	0.0
34	rnapol	0.0	0.0	0.0
35	__protein1_rbs	5.0	0.0	0.0
35	__protein2_rbs	5.666666666666668	0.0	0.0
35	__protein3_rbs	5.333333333333333	0.0	0.0
35	__ribosome	41.333333333333336	0.0	0.0
35	__rnase_site_ext	8.666666666666666	0.0	0.0
35	p0	1.0	0.0	0.0
35	p1	0.6666666666666666	0.0	0.0
35	protein1	94.33333333333331	8.0	2.622222333333333
35	protein2	94.33333333333331	8.0	2.872222333333333
35	protein3	79.66666666666667	7.666666666666668	2.095238
35	r0	8.0	0.0	0.0
35	r1	8.0	0.0	0.0
35	r2	7.666666666666668	0.0	0.0
35	rnapol	0.3333333333333333	0.0	0.0
36	__protein1_rbs	6.333333333333332	0.0	0.0
36	__protein2_rbs	6.0	0.0	0.0
36	__protein3_rbs	4.0	0.0	0.0
36	__ribosome	40.333333333333336	0.0	0.0
36	__rnase_site_ext	9.333333333333334	0.0	0.0
36	p0	1.0	0.0	0.0
36	p1	1.0	0.0	0.0
36	protein1	101.66666666666669	8.333333333333334	1.9444443333333328
36	protein2	99.0	8.666666666666666	2.733333333333333
36	protein3	82.0	7.666666666666668	2.5773810000000004
36	r0	8.333333333333334	0.0	0.0
36	r1	8.333333333333334	0.0	0.0
36	r2	7.666666666666668	0.0	0.0
36	rnapol	0.3333333333333333	0.0	0.0
37	__protein1_rbs	5.666666666666668	0.0	0.0
37	__protein2_rbs	6.0	0.0	0.0
37	__protein3_rbs	4.333333333333333	0.0	0.0
37	__ribosome	40.0	0.0	0.0
37	__rnase_site_ext	9.333333333333334	0.0	0.0
37	p0	1.0	0.0	0.0
37	p1	1.0	0.0	0.0
37	protein1	106.0	8.666666666666666	1.864550333333333
37	protein2	104.33333333333331	9.0	2.641414
37	protein3	87.0	7.666666666666668	2.654762
37	r0	8.666666666666666	0.0	0.0
37	r1	8.333333333333334	0.0	0.0
37	r2	8.0	0.0	0.0
37	rnapol	0.0	0.0	0.0
38	__protein1_rbs	6.0	0.0	0.0
38	__protein2_rbs	6.666666666666668	0.0	0.0
38	__protein3_rbs	3.6666666666666665	0.0	0.0
38	__ribosome	41.0	0.0	0.0
38	__rnase_site_ext	10.0	0.0	0.0
38	p0	1.0	0.0	0.0
38	p1	1.0	0.0	0.0
38	protein1	113.0	8.666666666666666	1.55
38	protein2	110.66666666666669	8.666666666666666	2.7000000000000006
38	protein3	89.0	8.0	2.9523810000000004
38	r0	9.0	0.0	0.0
38	r1	7.666666666666668	0.0	0.0
38	r2	8.0	0.0	0.0
38	rnapol	0.3333333333333333	0.0	0.0
39	__protein1_rbs	5.666666666666668	0.0	0.0
39	__protein2_rbs	6.666666666666668	0.0	0.0
39	__protein3_rbs	6.0	0.0	0.0
39	__ribosome	41.333333333333336	0.0	0.0
39	__rnase_site_ext	10.666666666666666	0.0	0.0
39	p0	1.0	0.0	0.0
39	p1	0.6666666666666666	0.0	0.0
39	protein1	116.33333333333331	9.0	1.6925926666666664
39	protein2	116.66666666666669	8.666666666666666	2.4575756666666666
39	protein3	93.66666666666669	8.333333333333334	2.7214286666666667
39	r0	9.666666666666666	0.0	0.0
39	r1	7.333333333333332	0.0	0.0
39	r2	8.333333333333334	0.0	0.0
39	rnapol	0.3333333333333333	0.0	0.0
40	__protein1_rbs	6.333333333333332	0.0	0.0
40	__protein2_rbs	6.666666666666668	0.0	0.0
40	__protein3_rbs	6.666666666666668	0.0	0.0
40	__ribosome	38.66666666666666	0.0	0.0
40	__rnase_site_ext	9.666666666666666	0.0	0.0
40	p0	1.0	0.0	0.0
40	p1	1.0	0.0	0.0
40	protein1	120.66666666666669	9.333333333333334	1.6925923333333337
40	protein2	121.33333333333331	9.0	2.4212119999999997
40	protein3	97.66666666666669	8.666666666666666	2.821164
40	r0	9.333333333333334	0.0	0.0
40	r1	8.666666666666666	0.0	0.0
40	r2	9.0	0.0	0.0
40	rnapol	0.3333333333333333	0.0	0.0
41	__protein1_rbs	6.333333333333332	0.0	0.0
41	__protein2_rbs	7.333333333333332	0.0	0.0
41	__protein3_rbs	6.0	0.0	0.0
41	__ribosome	38.66666666666666	0.0	0.0
41	__rnase_site_ext	10.0	0.0	0.0
41	p0	0.6666666666666666	0.0	0.0
41	p1	0.6666666666666666	0.0	0.0
41	protein1	123.33333333333331	9.0	1.962963
41	protein2	125.0	9.333333333333334	2.3147186666666664
41	protein3	104.33333333333331	9.0	2.504762
41	r0	9.333333333333334	0.0	0.0
41	r1	8.0	0.0	0.0
41	r2	9.333333333333334	0.0	0.0
41	rnapol	0.0	0.0	0.0
42	__protein1_rbs	7.333333333333332	0.0	0.0
42	__protein2_rbs	7.333333333333332	0.0	0.0
42	__protein3_rbs	5.0	0.0	0.0
42	__ribosome	40.66666666666666	0.0	0.0
42	__rnase_site_ext	10.666666666666666	0.0	0.0
42	p0	1.0	0.0	0.0
42	p1	0.3333333333333333	0.0	0.0
42	protein1	129.33333333333334	9.666666666666666	1.8074073333333327
42	protein2	131.66666666666666	9.333333333333334	1.990909
42	protein3	109.0	9.0	2.743434333333333
42	r0	9.666666666666666	0.0	0.0
42	r1	8.333333333333334	0.0	0.0
42	r2	9.0	0.0	0.0
42	rnapol	0.3333333333333333	0.0	0.0
43	__protein1_rbs	7.333333333333332	0.0	0.0
43	__protein2_rbs	8.0	0.0	0.0
43	__protein3_rbs	6.0	0.0	0.0
43	__ribosome	40.333333333333336	0.0	0.0
43	__rnase_site_ext	10.666666666666666	0.0	0.0
43	p0	1.0	0.0	0.0
43	p1	1.0	0.0	0.0
43	protein1	133.66666666666666	9.666666666666666	1.8037036666666664
43	protein2	136.0	10.666666666666666	1.8745793333333332
43	protein3	115.33333333333331	9.0	2.554545333333333
43	r0	10.0	0.0	0.0
43	r1	9.333333333333334	0.0	0.0
43	r2	9.0	0.0	0.0
43	rnapol	0.3333333333333333	0.0	0.0
44	__protein1_rbs	7.0	0.0	0.0
44	__protein2_rbs	7.0	0.0	0.0
44	__protein3_rbs	6.333333333333332	0.0	0.0
44	__ribosome	37.66666666666666	0.0	0.0
44	__rnase_site_ext	11.666666666666664	0.0	0.0
44	p0	1.0	0.0	0.0
44	p1	1.0	0.0	0.0
44	protein1	139.0	10.333333333333334	1.8619526666666664
44	protein2	142.0	10.666666666666666	1.8097643333333333
44	protein3	119.33333333333331	9.333333333333334	2.548917666666666
44	r0	10.333333333333334	0.0	0.0
44	r1	9.333333333333334	0.0	0.0
44	r2	9.333333333333334	0.0	0.0
44	rnapol	0.0	0.0	0.0
45	__protein1_rbs	7.333333333333332	0.0	0.0
45	__protein2_rbs	7.333333333333332	0.0	0.0
45	__protein3_rbs	7.0	0.0	0.0
45	__ribosome	34.0	0.0	0.0
45	__rnase_site_ext	11.666666666666664	0.0	0.0
45	p0	0.6666666666666666	0.0	0.0
45	p1	1.0	0.0	0.0
45	protein1	143.33333333333334	10.333333333333334	1.89899
45	protein2	145.0	11.0	2.090132
45	protein3	124.0	9.666666666666666	2.4310606666666668
45	r0	10.333333333333334	0.0	0.0
45	r1	9.666666666666666	0.0	0.0
45	r2	9.666666666666666	0.0	0.0
45	rnapol	0.0	0.0	0.0
46	__protein1_rbs	7.666666666666668	0.0	0.0
46	__protein2_rbs	10.666666666666666	0.0	0.0
46	__protein3_rbs	6.333333333333332	0.0	0.0
46	__ribosome	35.666666666666664	0.0	0.0
46	__rnase_site_ext	11.333333333333336	0.0	0.0
46	p0	1.0	0.0	0.0
46	p1	1.0	0.0	0.0
46	protein1	149.0	10.666666666666666	1.8080806666666664
46	protein2	150.66666666666666	11.333333333333336	1.8696580000000003
46	protein3	128.33333333333334	9.666666666666666	2.4969696666666668
46	r0	10.666666666666666	0.0	0.0
46	r1	11.333333333333336	0.0	0.0
46	r2	9.333333333333334	0.0	0.0
46	rnapol	0.0	0.0	0.0
47	__protein1_rbs	6.666666666666668	0.0	0.0
47	__protein2_rbs	7.333333333333332	0.0	0.0
47	__protein3_rbs	8.666666666666666	0.0	0.0
47	__ribosome	36.0	0.0	0.0
47	__rnase_site_ext	11.333333333333336	0.0	0.0
47	p0	1.0	0.0	0.0
47	p1	0.3333333333333333	0.0	0.0
47	protein1	156.0	10.333333333333334	1.707071
47	protein2	154.0	11.0	2.25
47	protein3	135.0	10.333333333333334	2.113636333333333
47	r0	10.333333333333334	0.0	0.0
47	r1	10.333333333333334	0.0	0.0
47	r2	10.333333333333334	0.0	0.0
47	rnapol	0.0	0.0	0.0
48	__protein1_rbs	7.666666666666668	0.0	0.0
48	__protein2_rbs	8.333333333333334	0.0	0.0
48	__protein3_rbs	6.0	0.0	0.0
48	__ribosome	32.333333333333336	0.0	0.0
48	__rnase_site_ext	11.333333333333336	0.0	0.0
48	p0	1.0	0.0	0.0
48	p1	1.0	0.0	0.0
48	protein1	160.66666666666666	10.333333333333334	1.787879
48	protein2	160.0	11.666666666666664	2.2336183333333337
48	protein3	140.66666666666666	10.666666666666666	2.2348483333333333
48	r0	10.333333333333334	0.0	0.0
48	r1	9.666666666666666	0.0	0.0
48	r2	11.0	0.0	0.0
48	rnapol	0.6666666666666666	0.0	0.0
49	__protein1_rbs	7.333333333333332	0.0	0.0
49	__protein2_rbs	6.333333333333332	0.0	0.0
49	__protein3_rbs	7.0	0.0	0.0
49	__ribosome	28.33333333333333	0.0	0.0
49	__rnase_site_ext	11.333333333333336	0.0	0.0
49	p0	0.6666666666666666	0.0	0.0
49	p1	1.0	0.0	0.0
49	protein1	165.33333333333334	10.333333333333334	1.811448
49	protein2	166.0	11.333333333333336	2.5192306666666666
49	protein3	147.0	11.0	2.259259
49	r0	10.333333333333334	0.0	0.0
49	r1	8.666666666666666	0.0	0.0
49	r2	11.333333333333336	0.0	0.0
49	rnapol	0.0	0.0	0.0
50	__protein1_rbs	7.666666666666668	0.0	0.0
50	__protein2_rbs	9.333333333333334	0.0	0.0
50	__protein3_rbs	9.666666666666666	0.0	0.0
50	__ribosome	31.0	0.0	0.0
50	__rnase_site_ext	12.0	0.0	0.0
50	p0	1.0	0.0	0.0
50	p1	1.0	0.0	0.0
50	protein1	171.66666666666666	10.666666666666666	1.6606060000000002
50	protein2	171.66666666666666	12.0	2.289743333333333
50	protein3	151.0	11.666666666666664	2.048433
50	r0	10.666666666666666	0.0	0.0
50	r1	11.666666666666664	0.0	0.0
50	r2	11.666666666666664	0.0	0.0
50	rnapol	0.6666666666666666	0.0	0.0
51	__protein1_rbs	9.666666666666666	0.0	0.0
51	__protein2_rbs	9.0	0.0	0.0
51	__protein3_rbs	9.0	0.0	0.0
51	__ribosome	31.33333333333333	0.0	0.0
51	__rnase_site_ext	12.666666666666664	0.0	0.0
51	p0	0.6666666666666666	0.0	0.0
51	p1	1.0	0.0	0.0
51	protein1	177.66666666666663	11.0	1.2878786666666666
51	protein2	177.0	12.0	2.4
51	protein3	156.33333333333334	11.666666666666664	2.259259333333333
51	r0	11.333333333333336	0.0	0.0
51	r1	10.666666666666666	0.0	0.0
51	r2	11.666666666666664	0.0	0.0
51	rnapol	0.3333333333333333	0.0	0.0
52	__protein1_rbs	8.333333333333334	0.0	0.0
52	__protein2_rbs	9.333333333333334	0.0	0.0
52	__protein3_rbs	8.333333333333334	0.0	0.0
52	__ribosome	30.66666666666667	0.0	0.0
52	__rnase_site_ext	12.666666666666664	0.0	0.0
52	p0	1.0	0.0	0.0
52	p1	1.0	0.0	0.0
52	protein1	182.33333333333331	11.666666666666664	1.3484850000000002
52	protein2	183.66666666666663	11.666666666666664	2.302564
52	protein3	161.0	12.333333333333336	2.2883596666666666
52	r0	11.666666666666664	0.0	0.0
52	r1	10.333333333333334	0.0	0.0
52	r2	12.333333333333336	0.0	0.0
52	rnapol	0.3333333333333333	0.0	0.0
53	__protein1_rbs	8.666666666666666	0.0	0.0
53	__protein2_rbs	7.666666666666668	0.0	0.0
53	__protein3_rbs	9.666666666666666	0.0	0.0
53	__ribosome	34.666666666666664	0.0	0.0
53	__rnase_site_ext	13.333333333333336	0.0	0.0
53	p0	0.3333333333333333	0.0	0.0
53	p1	1.0	0.0	0.0
53	protein1	187.0	11.666666666666664	1.4267673333333335
53	protein2	191.33333333333331	11.666666666666664	2.0846153333333333
53	protein3	168.66666666666666	12.666666666666664	2.061904666666667
53	r0	12.0	0.0	0.0
53	r1	10.333333333333334	0.0	0.0
53	r2	12.666666666666664	0.0	0.0
53	rnapol	0.0	0.0	0.0
54	__protein1_rbs	8.333333333333334	0.0	0.0
54	__protein2_rbs	8.666666666666666	0.0	0.0
54	__protein3_rbs	9.333333333333334	0.0	0.0
54	__ribosome	29.33333333333333	0.0	0.0
54	__rnase_site_ext	13.666666666666664	0.0	0.0
54	p0	1.0	0.0	0.0
54	p1	0.6666666666666666	0.0	0.0
54	protein1	190.33333333333331	12.666666666666664	1.5839163333333337
54	protein2	197.0	12.0	2.014568666666667
54	protein3	173.33333333333337	12.666666666666664	2.0837606666666666
54	r0	12.666666666666664	0.0	0.0
54	r1	11.333333333333336	0.0	0.0
54	r2	12.333333333333336	0.0	0.0
54	rnapol	0.0	0.0	0.0
55	__protein1_rbs	10.333333333333334	0.0	0.0
55	__protein2_rbs	9.666666666666666	0.0	0.0
55	__protein3_rbs	10.666666666666666	0.0	0.0
55	__ribosome	33.333333333333336	0.0	0.0
55	__rnase_site_ext	13.666666666666664	0.0	0.0
55	p0	1.0	0.0	0.0
55	p1	0.6666666666666666	0.0	0.0
55	protein1	196.0	12.333333333333336	1.6472526666666667
55	protein2	204.0	12.0	1.8991843333333331
55	protein3	180.33333333333331	12.333333333333336	1.9838826666666665
55	r0	12.666666666666664	0.0	0.0
55	r1	11.666666666666664	0.0	0.0
55	r2	12.333333333333336	0.0	0.0
55	rnapol	0.3333333333333333	0.0	0.0
56	__protein1_rbs	9.0	0.0	0.0
56	__protein2_rbs	9.0	0.0	0.0
56	__protein3_rbs	9.666666666666666	0.0	0.0
56	__ribosome	31.0	0.0	0.0
56	__rnase_site_ext	14.0	0.0	0.0
56	p0	0.6666666666666666	0.0	0.0
56	p1	1.0	0.0	0.0
56	protein1	201.33333333333331	12.333333333333336	1.7830689999999998
56	protein2	209.66666666666663	12.666666666666664	1.760684
56	protein3	184.66666666666663	12.333333333333336	2.1263736666666664
56	r0	12.333333333333336	0.0	0.0
56	r1	12.333333333333336	0.0	0.0
56	r2	12.333333333333336	0.0	0.0
56	rnapol	0.0	0.0	0.0
57	__protein1_rbs	8.0	0.0	0.0
57	__protein2_rbs	9.666666666666666	0.0	0.0
57	__protein3_rbs	10.0	0.0	0.0
57	__ribosome	28.66666666666667	0.0	0.0
57	__rnase_site_ext	13.666666666666664	0.0	0.0
57	p0	1.0	0.0	0.0
57	p1	1.0	0.0	0.0
57	protein1	208.0	12.333333333333336	1.7702380000000002
57	protein2	215.0	13.0	1.8461540000000003
57	protein3	190.33333333333331	12.333333333333336	2.1978020000000003
57	r0	12.333333333333336	0.0	0.0
57	r1	12.333333333333336	0.0	0.0
57	r2	12.0	0.0	0.0
57	rnapol	0.3333333333333333	0.0	0.0
58	__protein1_rbs	7.0	0.0	0.0
58	__protein2_rbs	10.666666666666666	0.0	0.0
58	__protein3_rbs	10.333333333333334	0.0	0.0
58	__ribosome	27.33333333333333	0.0	0.0
58	__rnase_site_ext	12.0	0.0	0.0
58	p0	1.0	0.0	0.0
58	p1	0.6666666666666666	0.0	0.0
58	protein1	214.33333333333331	12.0	1.779202333333333
58	protein2	219.66666666666663	13.666666666666664	1.886447
58	protein3	196.0	12.333333333333336	2.128205
58	r0	12.0	0.0	0.0
58	r1	12.0	0.0	0.0
58	r2	12.333333333333336	0.0	0.0
58	rnapol	0.0	0.0	0.0
59	__protein1_rbs	9.0	0.0	0.0
59	__protein2_rbs	10.333333333333334	0.0	0.0
59	__protein3_rbs	9.666666666666666	0.0	0.0
59	__ribosome	28.66666666666667	0.0	0.0
59	__rnase_site_ext	13.666666666666664	0.0	0.0
59	p0	1.0	0.0	0.0
59	p1	1.0	0.0	0.0
59	protein1	219.0	12.0	1.6919010000000003
59	protein2	225.66666666666663	14.0	1.95
59	protein3	203.0	12.666666666666664	1.9229103333333333
59	r0	12.0	0.0	0.0
59	r1	13.0	0.0	0.0
59	r2	12.666666666666664	0.0	0.0
59	rnapol	0.0	0.0	0.0
60	__protein1_rbs	9.666666666666666	0.0	0.0
60	__protein2_rbs	11.666666666666664	0.0	0.0
60	__protein3_rbs	11.333333333333336	0.0	0.0
60	__ribosome	27.66666666666667	0.0	0.0
60	__rnase_site_ext	13.333333333333336	0.0	0.0
60	p0	1.0	0.0	0.0
60	p1	0.6666666666666666	0.0	0.0
60	protein1	225.0	12.0	1.6750099999999997
60	protein2	230.66666666666663	14.0	2.1166669999999996
60	protein3	208.33333333333331	13.0	1.772727333333333
60	r0	12.0	0.0	0.0
60	r1	12.666666666666664	0.0	0.0
60	r2	13.333333333333336	0.0	0.0
60	rnapol	0.0	0.0	0.0
61	__protein1_rbs	7.666666666666668	0.0	0.0
61	__protein2_rbs	9.666666666666666	0.0	0.0
61	__protein3_rbs	10.333333333333334	0.0	0.0
61	__ribosome	29.33333333333333	0.0	0.0
61	__rnase_site_ext	13.0	0.0	0.0
61	p0	1.0	0.0	0.0
61	p1	1.0	0.0	0.0
61	protein1	232.0	12.0	1.58079
61	protein2	238.0	14.333333333333336	2.0583333333333336
61	protein3	214.66666666666663	13.666666666666664	1.6575093333333335
61	r0	12.0	0.0	0.0
61	r1	13.0	0.0	0.0
61	r2	14.0	0.0	0.0
61	rnapol	0.0	0.0	0.0
62	__protein1_rbs	9.333333333333334	0.0	0.0
62	__protein2_rbs	9.333333333333334	0.0	0.0
62	__protein3_rbs	11.666666666666664	0.0	0.0
62	__ribosome	26.33333333333333	0.0	0.0
62	__rnase_site_ext	13.0	0.0	0.0
62	p0	1.0	0.0	0.0
62	p1	1.0	0.0	0.0
62	protein1	236.66666666666663	11.666666666666664	1.6719580000000003
62	protein2	244.33333333333331	14.333333333333336	2.198611
62	protein3	220.66666666666663	14.333333333333336	1.6153846666666667
62	r0	11.666666666666664	0.0	0.0
62	r1	12.666666666666664	0.0	0.0
62	r2	14.333333333333336	0.0	0.0
62	rnapol	0.6666666666666666	0.0	0.0
63	__protein1_rbs	9.666666666666666	0.0	0.0
63	__protein2_rbs	10.0	0.0	0.0
63	__protein3_rbs	10.666666666666666	0.0	0.0
63	__ribosome	25.66666666666667	0.0	0.0
63	__rnase_site_ext	13.333333333333336	0.0	0.0
63	p0	1.0	0.0	0.0
63	p1	1.0	0.0	0.0
63	protein1	243.33333333333331	11.666666666666664	1.436325
63	protein2	250.66666666666663	14.333333333333336	2.2152776666666667
63	protein3	224.66666666666663	14.333333333333336	1.8113553333333328
63	r0	11.666666666666664	0.0	0.0
63	r1	12.666666666666664	0.0	0.0
63	r2	14.333333333333336	0.0	0.0
63	rnapol	0.6666666666666666	0.0	0.0
64	__protein1_rbs	8.666666666666666	0.0	0.0
64	__protein2_rbs	9.0	0.0	0.0
64	__protein3_rbs	11.666666666666664	0.0	0.0
64	__ribosome	28.33333333333333	0.0	0.0
64	__rnase_site_ext	14.0	0.0	0.0
64	p0	1.0	0.0	0.0
64	p1	1.0	0.0	0.0
64	protein1	249.66666666666663	11.666666666666664	1.3129870000000001
64	protein2	259.6666666666667	13.333333333333336	2.3000000000000003
64	protein3	229.66666666666663	14.666666666666664	1.8311966666666664
64	r0	12.333333333333336	0.0	0.0
64	r1	11.0	0.0	0.0
64	r2	14.666666666666664	0.0	0.0
64	rnapol	0.3333333333333333	0.0	0.0
65	__protein1_rbs	10.333333333333334	0.0	0.0
65	__protein2_rbs	10.333333333333334	0.0	0.0
65	__protein3_rbs	9.333333333333334	0.0	0.0
65	__ribosome	23.66666666666667	0.0	0.0
65	__rnase_site_ext	14.0	0.0	0.0
65	p0	0.3333333333333333	0.0	0.0
65	p1	1.0	0.0	0.0
65	protein1	255.0	12.0	1.2698413333333332
65	protein2	264.6666666666667	13.0	2.488889
65	protein3	233.33333333333331	14.333333333333336	2.0923076666666667
65	r0	12.333333333333336	0.0	0.0
65	r1	12.333333333333336	0.0	0.0
65	r2	14.666666666666664	0.0	0.0
65	rnapol	0.3333333333333333	0.0	0.0
66	__protein1_rbs	9.666666666666666	0.0	0.0
66	__protein2_rbs	10.333333333333334	0.0	0.0
66	__protein3_rbs	10.333333333333334	0.0	0.0
66	__ribosome	26.0	0.0	0.0
66	__rnase_site_ext	15.0	0.0	0.0
66	p0	1.0	0.0	0.0
66	p1	1.0	0.0	0.0
66	protein1	258.3333333333333	13.333333333333336	1.372669
66	protein2	272.6666666666667	12.666666666666664	2.2555556666666665
66	protein3	241.33333333333331	15.0	1.894246
66	r0	13.333333333333336	0.0	0.0
66	r1	11.333333333333336	0.0	0.0
66	r2	15.0	0.0	0.0
66	rnapol	0.0	0.0	0.0
67	__protein1_rbs	10.0	0.0	0.0
67	__protein2_rbs	10.0	0.0	0.0
67	__protein3_rbs	11.666666666666664	0.0	0.0
67	__ribosome	30.0	0.0	0.0
67	__rnase_site_ext	14.333333333333336	0.0	0.0
67	p0	0.6666666666666666	0.0	0.0
67	p1	0.3333333333333333	0.0	0.0
67	protein1	264.3333333333333	13.0	1.3989896666666668
67	protein2	281.6666666666667	13.0	1.9269843333333332
67	protein3	247.33333333333331	14.666666666666664	1.9084403333333333
67	r0	13.0	0.0	0.0
67	r1	11.666666666666664	0.0	0.0
67	r2	14.666666666666664	0.0	0.0
67	rnapol	0.3333333333333333	0.0	0.0
68	__protein1_rbs	10.333333333333334	0.0	0.0
68	__protein2_rbs	10.0	0.0	0.0
68	__protein3_rbs	12.333333333333336	0.0	0.0
68	__ribosome	28.33333333333333	0.0	0.0
68	__rnase_site_ext	15.333333333333336	0.0	0.0
68	p0	1.0	0.0	0.0
68	p1	0.6666666666666666	0.0	0.0
68	protein1	269.3333333333333	13.666666666666664	1.395859
68	protein2	289.0	14.0	1.8117423333333331
68	protein3	253.0	14.666666666666664	1.938889
68	r0	13.666666666666664	0.0	0.0
68	r1	13.0	0.0	0.0
68	r2	14.666666666666664	0.0	0.0
68	rnapol	0.0	0.0	0.0
69	__protein1_rbs	10.0	0.0	0.0
69	__protein2_rbs	11.333333333333336	0.0	0.0
69	__protein3_rbs	11.333333333333336	0.0	0.0
69	__ribosome	26.0	0.0	0.0
69	__rnase_site_ext	15.0	0.0	0.0
69	p0	1.0	0.0	0.0
69	p1	0.3333333333333333	0.0	0.0
69	protein1	274.3333333333333	13.666666666666664	1.423008
69	protein2	295.0	14.333333333333336	1.773024333333333
69	protein3	259.0	14.666666666666664	2.052671
69	r0	13.666666666666664	0.0	0.0
69	r1	13.666666666666664	0.0	0.0
69	r2	14.666666666666664	0.0	0.0
69	rnapol	0.3333333333333333	0.0	0.0
70	__protein1_rbs	11.0	0.0	0.0
70	__protein2_rbs	12.0	0.0	0.0
70	__protein3_rbs	11.0	0.0	0.0
70	__ribosome	28.0	0.0	0.0
70	__rnase_site_ext	15.0	0.0	0.0
70	p0	1.0	0.0	0.0
70	p1	1.0	0.0	0.0
70	protein1	279.6666666666667	13.333333333333336	1.4030003333333336
70	protein2	299.0	14.666666666666664	1.6816993333333334
70	protein3	267.0	14.666666666666664	1.9825853333333332
70	r0	13.333333333333336	0.0	0.0
70	r1	13.666666666666664	0.0	0.0
70	r2	14.333333333333336	0.0	0.0
70	rnapol	0.3333333333333333	0.0	0.0
71	__protein1_rbs	10.0	0.0	0.0
71	__protein2_rbs	10.333333333333334	0.0	0.0
71	__protein3_rbs	11.666666666666664	0.0	0.0
71	__ribosome	26.66666666666667	0.0	0.0
71	__rnase_site_ext	15.0	0.0	0.0
71	p0	1.0	0.0	0.0
71	p1	1.0	0.0	0.0
71	protein1	285.6666666666667	13.666666666666664	1.3365383333333334
71	protein2	304.6666666666667	14.333333333333336	1.8669470000000001
71	protein3	273.0	14.0	2.0834593333333333
71	r0	13.666666666666664	0.0	0.0
71	r1	12.0	0.0	0.0
71	r2	14.0	0.0	0.0
71	rnapol	0.0	0.0	0.0
72	__protein1_rbs	10.0	0.0	0.0
72	__protein2_rbs	10.666666666666666	0.0	0.0
72	__protein3_rbs	12.666666666666664	0.0	0.0
72	__ribosome	26.0	0.0	0.0
72	__rnase_site_ext	14.333333333333336	0.0	0.0
72	p0	1.0	0.0	0.0
72	p1	1.0	0.0	0.0
72	protein1	290.6666666666667	13.0	1.5808860000000002
72	protein2	312.3333333333333	14.666666666666664	1.808081
72	protein3	279.0	14.0	2.0055556666666665
72	r0	13.0	0.0	0.0
72	r1	14.0	0.0	0.0
72	r2	14.666666666666664	0.0	0.0
72	rnapol	0.0	0.0	0.0
73	__protein1_rbs	11.333333333333336	0.0	0.0
73	__protein2_rbs	10.666666666666666	0.0	0.0
73	__protein3_rbs	13.0	0.0	0.0
73	__ribosome	28.0	0.0	0.0
73	__rnase_site_ext	14.666666666666664	0.0	0.0
73	p0	1.0	0.0	0.0
73	p1	0.6666666666666666	0.0	0.0
73	protein1	296.6666666666667	13.0	1.4817403333333334
73	protein2	317.6666666666667	14.666666666666664	1.919865333333333
73	protein3	285.0	15.666666666666664	1.647058666666667
73	r0	13.0	0.0	0.0
73	r1	13.666666666666664	0.0	0.0
73	r2	15.333333333333336	0.0	0.0
73	rnapol	0.0	0.0	0.0
74	__protein1_rbs	8.333333333333334	0.0	0.0
74	__protein2_rbs	11.666666666666664	0.0	0.0
74	__protein3_rbs	12.666666666666664	0.0	0.0
74	__ribosome	28.0	0.0	0.0
74	__rnase_site_ext	14.0	0.0	0.0
74	p0	1.0	0.0	0.0
74	p1	1.0	0.0	0.0
74	protein1	301.6666666666667	12.666666666666664	1.6012323333333336
74	protein2	323.3333333333333	15.0	1.9751683333333327
74	protein3	293.3333333333333	15.0	1.560049
74	r0	12.666666666666664	0.0	0.0
74	r1	14.0	0.0	0.0
74	r2	15.333333333333336	0.0	0.0
74	rnapol	0.3333333333333333	0.0	0.0
75	__protein1_rbs	8.333333333333334	0.0	0.0
75	__protein2_rbs	11.333333333333336	0.0	0.0
75	__protein3_rbs	13.666666666666664	0.0	0.0
75	__ribosome	27.66666666666667	0.0	0.0
75	__rnase_site_ext	14.333333333333336	0.0	0.0
75	p0	1.0	0.0	0.0
75	p1	1.0	0.0	0.0
75	protein1	309.0	12.666666666666664	1.5515873333333332
75	protein2	329.3333333333333	15.333333333333336	2.0023150000000003
75	protein3	299.3333333333333	15.333333333333336	1.5069446666666666
75	r0	12.666666666666664	0.0	0.0
75	r1	14.333333333333336	0.0	0.0
75	r2	15.333333333333336	0.0	0.0
75	rnapol	0.0	0.0	0.0
76	__protein1_rbs	9.333333333333334	0.0	0.0
76	__protein2_rbs	11.0	0.0	0.0
76	__protein3_rbs	12.666666666666664	0.0	0.0
76	__ribosome	27.66666666666667	0.0	0.0
76	__rnase_site_ext	14.666666666666664	0.0	0.0
76	p0	0.6666666666666666	0.0	0.0
76	p1	1.0	0.0	0.0
76	protein1	315.6666666666667	13.0	1.4096460000000002
76	protein2	336.6666666666667	15.0	2.1296296666666668
76	protein3	305.6666666666667	15.666666666666664	1.4923746666666666
76	r0	13.0	0.0	0.0
76	r1	14.0	0.0	0.0
76	r2	16.0	0.0	0.0
76	rnapol	0.6666666666666666	0.0	0.0
77	__protein1_rbs	10.333333333333334	0.0	0.0
77	__protein2_rbs	13.333333333333336	0.0	0.0
77	__protein3_rbs	13.0	0.0	0.0
77	__ribosome	25.0	0.0	0.0
77	__rnase_site_ext	15.666666666666664	0.0	0.0
77	p0	0.6666666666666666	0.0	0.0
77	p1	1.0	0.0	0.0
77	protein1	320.3333333333333	13.666666666666664	1.3863246666666666
77	protein2	343.0	15.0	2.001852
77	protein3	307.6666666666667	16.0	1.711042333333333
77	r0	13.666666666666664	0.0	0.0
77	r1	15.0	0.0	0.0
77	r2	16.0	0.0	0.0
77	rnapol	0.0	0.0	0.0
78	__protein1_rbs	10.666666666666666	0.0	0.0
78	__protein2_rbs	12.333333333333336	0.0	0.0
78	__protein3_rbs	12.333333333333336	0.0	0.0
78	__ribosome	24.0	0.0	0.0
78	__rnase_site_ext	16.666666666666668	0.0	0.0
78	p0	1.0	0.0	0.0
78	p1	1.0	0.0	0.0
78	protein1	325.3333333333333	14.0	1.3814103333333332
78	protein2	349.66666666666674	15.0	2.0076419999999997
78	protein3	314.0	15.666666666666664	1.7719296666666666
78	r0	14.0	0.0	0.0
78	r1	14.0	0.0	0.0
78	r2	16.0	0.0	0.0
78	rnapol	0.0	0.0	0.0
79	__protein1_rbs	11.0	0.0	0.0
79	__protein2_rbs	11.666666666666664	0.0	0.0
79	__protein3_rbs	11.666666666666664	0.0	0.0
79	__ribosome	22.66666666666667	0.0	0.0
79	__rnase_site_ext	16.333333333333332	0.0	0.0
79	p0	1.0	0.0	0.0
79	p1	0.6666666666666666	0.0	0.0
79	protein1	332.0	14.0	1.2516023333333333
79	protein2	358.0	15.666666666666664	1.89418
79	protein3	318.3333333333333	16.0	1.9167086666666668
79	r0	14.0	0.0	0.0
79	r1	14.0	0.0	0.0
79	r2	16.0	0.0	0.0
79	rnapol	0.0	0.0	0.0
80	__protein1_rbs	11.666666666666664	0.0	0.0
80	__protein2_rbs	10.333333333333334	0.0	0.0
80	__protein3_rbs	12.0	0.0	0.0
80	__ribosome	25.66666666666667	0.0	0.0
80	__rnase_site_ext	17.0	0.0	0.0
80	p0	0.6666666666666666	0.0	0.0
80	p1	0.6666666666666666	0.0	0.0
80	protein1	337.3333333333333	14.333333333333336	1.1847526666666666
80	protein2	365.33333333333326	15.666666666666664	1.9292716666666667
80	protein3	327.0	15.666666666666664	1.7560543333333332
80	r0	14.333333333333336	0.0	0.0
80	r1	13.666666666666664	0.0	0.0
80	r2	15.666666666666664	0.0	0.0
80	rnapol	0.0	0.0	0.0
81	__protein1_rbs	13.333333333333336	0.0	0.0
81	__protein2_rbs	12.666666666666664	0.0	0.0
81	__protein3_rbs	12.333333333333336	0.0	0.0
81	__ribosome	23.66666666666667	0.0	0.0
81	__rnase_site_ext	17.333333333333332	0.0	0.0
81	p0	1.0	0.0	0.0
81	p1	1.0	0.0	0.0
81	protein1	343.0	14.666666666666664	1.1667743333333334
81	protein2	372.0	16.0	1.9620096666666669
81	protein3	332.0	15.333333333333336	1.8796296666666663
81	r0	14.666666666666664	0.0	0.0
81	r1	14.666666666666664	0.0	0.0
81	r2	15.0	0.0	0.0
81	rnapol	0.3333333333333333	0.0	0.0
82	__protein1_rbs	12.666666666666664	0.0	0.0
82	__protein2_rbs	14.0	0.0	0.0
82	__protein3_rbs	12.0	0.0	0.0
82	__ribosome	22.66666666666667	0.0	0.0
82	__rnase_site_ext	16.666666666666668	0.0	0.0
82	p0	0.6666666666666666	0.0	0.0
82	p1	0.6666666666666666	0.0	0.0
82	protein1	346.66666666666674	14.333333333333336	1.20362
82	protein2	378.66666666666674	16.333333333333332	1.8680556666666668
82	protein3	337.3333333333333	15.666666666666664	1.9585113333333333
82	r0	14.333333333333336	0.0	0.0
82	r1	16.0	0.0	0.0
82	r2	16.0	0.0	0.0
82	rnapol	0.0	0.0	0.0
83	__protein1_rbs	10.333333333333334	0.0	0.0
83	__protein2_rbs	13.333333333333336	0.0	0.0
83	__protein3_rbs	13.333333333333336	0.0	0.0
83	__ribosome	22.33333333333333	0.0	0.0
83	__rnase_site_ext	17.0	0.0	0.0
83	p0	1.0	0.0	0.0
83	p1	0.6666666666666666	0.0	0.0
83	protein1	352.0	14.0	1.349359
83	protein2	385.33333333333326	16.333333333333332	1.8291666666666668
83	protein3	343.66666666666674	16.333333333333332	1.8031013333333332
83	r0	14.0	0.0	0.0
83	r1	15.333333333333336	0.0	0.0
83	r2	16.333333333333332	0.0	0.0
83	rnapol	0.0	0.0	0.0
84	__protein1_rbs	12.333333333333336	0.0	0.0
84	__protein2_rbs	14.333333333333336	0.0	0.0
84	__protein3_rbs	11.666666666666664	0.0	0.0
84	__ribosome	29.66666666666667	0.0	0.0
84	__rnase_site_ext	17.0	0.0	0.0
84	p0	1.0	0.0	0.0
84	p1	1.0	0.0	0.0
84	protein1	358.66666666666674	14.0	1.2628203333333332
84	protein2	394.33333333333326	16.666666666666668	1.513889
84	protein3	351.66666666666674	16.333333333333332	1.6882833333333334
84	r0	14.0	0.0	0.0
84	r1	16.666666666666668	0.0	0.0
84	r2	16.0	0.0	0.0
84	rnapol	0.0	0.0	0.0
85	__protein1_rbs	10.666666666666666	0.0	0.0
85	__protein2_rbs	12.333333333333336	0.0	0.0
85	__protein3_rbs	12.0	0.0	0.0
85	__ribosome	25.0	0.0	0.0
85	__rnase_site_ext	16.666666666666668	0.0	0.0
85	p0	1.0	0.0	0.0
85	p1	1.0	0.0	0.0
85	protein1	362.66666666666674	14.0	1.3958333333333333
85	protein2	402.66666666666674	17.0	1.4989036666666669
85	protein3	357.66666666666674	16.333333333333332	1.8643276666666668
85	r0	14.0	0.0	0.0
85	r1	15.333333333333336	0.0	0.0
85	r2	16.666666666666668	0.0	0.0
85	rnapol	0.6666666666666666	0.0	0.0
86	__protein1_rbs	11.666666666666664	0.0	0.0
86	__protein2_rbs	13.333333333333336	0.0	0.0
86	__protein3_rbs	14.0	0.0	0.0
86	__ribosome	25.66666666666667	0.0	0.0
86	__rnase_site_ext	18.0	0.0	0.0
86	p0	1.0	0.0	0.0
86	p1	0.6666666666666666	0.0	0.0
86	protein1	368.33333333333326	14.666666666666664	1.3988096666666667
86	protein2	409.33333333333326	17.0	1.4495613333333337
86	protein3	364.66666666666674	17.0	1.7523810000000004
86	r0	15.0	0.0	0.0
86	r1	15.333333333333336	0.0	0.0
86	r2	16.666666666666668	0.0	0.0
86	rnapol	0.3333333333333333	0.0	0.0
87	__protein1_rbs	12.0	0.0	0.0
87	__protein2_rbs	12.666666666666664	0.0	0.0
87	__protein3_rbs	12.333333333333336	0.0	0.0
87	__ribosome	21.33333333333333	0.0	0.0
87	__rnase_site_ext	18.33333333333333	0.0	0.0
87	p0	1.0	0.0	0.0
87	p1	1.0	0.0	0.0
87	protein1	375.33333333333326	15.333333333333336	1.318581
87	protein2	414.0	17.333333333333332	1.6317726666666663
87	protein3	370.66666666666674	16.666666666666668	1.838889
87	r0	15.333333333333336	0.0	0.0
87	r1	15.666666666666664	0.0	0.0
87	r2	17.0	0.0	0.0
87	rnapol	0.0	0.0	0.0
88	__protein1_rbs	12.333333333333336	0.0	0.0
88	__protein2_rbs	13.666666666666664	0.0	0.0
88	__protein3_rbs	15.333333333333336	0.0	0.0
88	__ribosome	17.333333333333332	0.0	0.0
88	__rnase_site_ext	17.666666666666668	0.0	0.0
88	p0	1.0	0.0	0.0
88	p1	0.6666666666666666	0.0	0.0
88	protein1	379.33333333333326	15.333333333333336	1.421382
88	protein2	419.33333333333326	17.333333333333332	1.7956009999999998
88	protein3	374.66666666666674	17.0	1.7774123333333334
88	r0	15.0	0.0	0.0
88	r1	16.0	0.0	0.0
88	r2	17.333333333333332	0.0	0.0
88	rnapol	0.6666666666666666	0.0	0.0
89	__protein1_rbs	13.666666666666664	0.0	0.0
89	__protein2_rbs	13.0	0.0	0.0
89	__protein3_rbs	13.333333333333336	0.0	0.0
89	__ribosome	22.0	0.0	0.0
89	__rnase_site_ext	18.33333333333333	0.0	0.0
89	p0	1.0	0.0	0.0
89	p1	1.0	0.0	0.0
89	protein1	386.33333333333326	15.333333333333336	1.1794583333333333
89	protein2	426.0	17.666666666666668	1.872033
89	protein3	383.66666666666674	17.0	1.5932016666666666
89	r0	15.333333333333336	0.0	0.0
89	r1	15.333333333333336	0.0	0.0
89	r2	16.666666666666668	0.0	0.0
89	rnapol	0.3333333333333333	0.0	0.0
90	__protein1_rbs	13.333333333333336	0.0	0.0
90	__protein2_rbs	15.0	0.0	0.0
90	__protein3_rbs	11.0	0.0	0.0
90	__ribosome	25.66666666666667	0.0	0.0
90	__rnase_site_ext	19.0	0.0	0.0
90	p0	1.0	0.0	0.0
90	p1	1.0	0.0	0.0
90	protein1	393.66666666666674	15.666666666666664	0.9359476666666668
90	protein2	433.0	18.0	1.7293316666666667
90	protein3	390.33333333333326	16.666666666666668	1.7057016666666664
90	r0	15.666666666666664	0.0	0.0
90	r1	18.33333333333333	0.0	0.0
90	r2	16.666666666666668	0.0	0.0
90	rnapol	0.0	0.0	0.0
91	__protein1_rbs	10.333333333333334	0.0	0.0
91	__protein2_rbs	16.0	0.0	0.0
91	__protein3_rbs	13.333333333333336	0.0	0.0
91	__ribosome	25.66666666666667	0.0	0.0
91	__rnase_site_ext	18.666666666666668	0.0	0.0
91	p0	0.3333333333333333	0.0	0.0
91	p1	1.0	0.0	0.0
91	protein1	399.33333333333326	15.666666666666664	1.111111
91	protein2	439.66666666666674	18.666666666666668	1.61775
91	protein3	398.0	16.666666666666668	1.614693
91	r0	15.666666666666664	0.0	0.0
91	r1	17.666666666666668	0.0	0.0
91	r2	16.666666666666668	0.0	0.0
91	rnapol	0.0	0.0	0.0
92	__protein1_rbs	13.333333333333336	0.0	0.0
92	__protein2_rbs	14.333333333333336	0.0	0.0
92	__protein3_rbs	13.333333333333336	0.0	0.0
92	__ribosome	23.66666666666667	0.0	0.0
92	__rnase_site_ext	19.666666666666668	0.0	0.0
92	p0	1.0	0.0	0.0
92	p1	1.0	0.0	0.0
92	protein1	403.0	16.333333333333332	1.1708333333333334
92	protein2	449.66666666666674	18.33333333333333	1.5497806666666667
92	protein3	402.33333333333326	16.666666666666668	1.738889
92	r0	16.333333333333332	0.0	0.0
92	r1	16.333333333333332	0.0	0.0
92	r2	17.0	0.0	0.0
92	rnapol	0.0	0.0	0.0
93	__protein1_rbs	11.333333333333336	0.0	0.0
93	__protein2_rbs	15.333333333333336	0.0	0.0
93	__protein3_rbs	15.0	0.0	0.0
93	__ribosome	20.33333333333333	0.0	0.0
93	__rnase_site_ext	18.0	0.0	0.0
93	p0	1.0	0.0	0.0
93	p1	1.0	0.0	0.0
93	protein1	407.66666666666674	15.666666666666664	1.3180556666666667
93	protein2	456.0	18.0	1.5990739999999999
93	protein3	407.66666666666674	17.0	1.7916666666666667
93	r0	15.666666666666664	0.0	0.0
93	r1	17.0	0.0	0.0
93	r2	17.0	0.0	0.0
93	rnapol	0.0	0.0	0.0
94	__protein1_rbs	12.0	0.0	0.0
94	__protein2_rbs	14.333333333333336	0.0	0.0
94	__protein3_rbs	14.333333333333336	0.0	0.0
94	__ribosome	20.33333333333333	0.0	0.0
94	__rnase_site_ext	18.33333333333333	0.0	0.0
94	p0	1.0	0.0	0.0
94	p1	1.0	0.0	0.0
94	protein1	412.33333333333326	15.666666666666664	1.3569443333333335
94	protein2	462.66666666666674	18.33333333333333	1.5937910000000002
94	protein3	414.66666666666674	17.666666666666668	1.6553146666666667
94	r0	15.333333333333336	0.0	0.0
94	r1	16.333333333333332	0.0	0.0
94	r2	17.666666666666668	0.0	0.0
94	rnapol	0.0	0.0	0.0
95	__protein1_rbs	13.0	0.0	0.0
95	__protein2_rbs	14.666666666666664	0.0	0.0
95	__protein3_rbs	15.333333333333336	0.0	0.0
95	__ribosome	23.66666666666667	0.0	0.0
95	__rnase_site_ext	18.0	0.0	0.0
95	p0	1.0	0.0	0.0
95	p1	0.3333333333333333	0.0	0.0
95	protein1	420.66666666666674	15.333333333333336	1.1583333333333334
95	protein2	468.33333333333326	18.666666666666668	1.689387
95	protein3	422.33333333333326	18.33333333333333	1.493464
95	r0	15.333333333333336	0.0	0.0
95	r1	16.0	0.0	0.0
95	r2	18.33333333333333	0.0	0.0
95	rnapol	0.3333333333333333	0.0	0.0
96	__protein1_rbs	11.666666666666664	0.0	0.0
96	__protein2_rbs	15.666666666666664	0.0	0.0
96	__protein3_rbs	13.0	0.0	0.0
96	__ribosome	22.0	0.0	0.0
96	__rnase_site_ext	18.0	0.0	0.0
96	p0	1.0	0.0	0.0
96	p1	1.0	0.0	0.0
96	protein1	426.33333333333326	15.333333333333336	1.1777776666666666
96	protein2	475.33333333333326	18.666666666666668	1.6222219999999998
96	protein3	429.0	18.33333333333333	1.6234206666666668
96	r0	15.333333333333336	0.0	0.0
96	r1	18.666666666666668	0.0	0.0
96	r2	18.0	0.0	0.0
96	rnapol	0.0	0.0	0.0
97	__protein1_rbs	12.666666666666664	0.0	0.0
97	__protein2_rbs	15.0	0.0	0.0
97	__protein3_rbs	15.0	0.0	0.0
97	__ribosome	20.33333333333333	0.0	0.0
97	__rnase_site_ext	17.666666666666668	0.0	0.0
97	p0	1.0	0.0	0.0
97	p1	1.0	0.0	0.0
97	protein1	431.33333333333326	15.333333333333336	1.157738
97	protein2	481.66666666666674	19.33333333333333	1.6530216666666664
97	protein3	434.66666666666674	18.33333333333333	1.6564153333333334
97	r0	15.333333333333336	0.0	0.0
97	r1	18.666666666666668	0.0	0.0
97	r2	18.33333333333333	0.0	0.0
97	rnapol	0.3333333333333333	0.0	0.0
98	__protein1_rbs	12.333333333333336	0.0	0.0
98	__protein2_rbs	15.0	0.0	0.0
98	__protein3_rbs	13.666666666666664	0.0	0.0
98	__ribosome	22.66666666666667	0.0	0.0
98	__rnase_site_ext	17.666666666666668	0.0	0.0
98	p0	1.0	0.0	0.0
98	p1	0.6666666666666666	0.0	0.0
98	protein1	437.0	15.333333333333336	1.1190476666666669
98	protein2	490.33333333333326	19.0	1.5624756666666666
98	protein3	441.66666666666674	18.666666666666668	1.6305636666666663
98	r0	15.333333333333336	0.0	0.0
98	r1	18.0	0.0	0.0
98	r2	18.666666666666668	0.0	0.0
98	rnapol	0.6666666666666666	0.0	0.0
99	__protein1_rbs	12.0	0.0	0.0
99	__protein2_rbs	15.666666666666664	0.0	0.0
99	__protein3_rbs	14.333333333333336	0.0	0.0
99	__ribosome	23.0	0.0	0.0
99	__rnase_site_ext	19.0	0.0	0.0
99	p0	0.6666666666666666	0.0	0.0
99	p1	1.0	0.0	0.0
99	protein1	442.33333333333326	15.333333333333336	1.077381
99	protein2	497.0	18.666666666666668	1.5777776666666667
99	protein3	447.33333333333326	19.0	1.630422
99	r0	15.666666666666664	0.0	0.0
99	r1	18.33333333333333	0.0	0.0
99	r2	18.666666666666668	0.0	0.0
99	rnapol	0.3333333333333333	0.0	0.0
100	__protein1_rbs	13.666666666666664	0.0	0.0
100	__protein2_rbs	14.666666666666664	0.0	0.0
100	__protein3_rbs	14.333333333333336	0.0	0.0
100	__ribosome	23.0	0.0	0.0
100	__rnase_site_ext	19.666666666666668	0.0	0.0
100	p0	1.0	0.0	0.0
100	p1	1.0	0.0	0.0
100	protein1	448.0	16.333333333333332	1.0227203333333337
100	protein2	503.66666666666674	19.0	1.546686
100	protein3	454.33333333333326	19.0	1.6513156666666664
100	r0	16.333333333333332	0.0	0.0
100	r1	17.333333333333332	0.0	0.0
100	r2	19.0	0.0	0.0
100	rnapol	0.3333333333333333	0.0	0.0
101	__protein1_rbs	12.666666666666664	0.0	0.0
101	__protein2_rbs	15.666666666666664	0.0	0.0
101	__protein3_rbs	15.333333333333336	0.0	0.0
101	__ribosome	19.666666666666668	0.0	0.0
101	__rnase_site_ext	19.666666666666668	0.0	0.0
101	p0	1.0	0.0	0.0
101	p1	1.0	0.0	0.0
101	protein1	452.0	16.333333333333332	1.213819
101	protein2	511.0	19.0	1.5263156666666664
101	protein3	462.33333333333326	19.0	1.673004333333333
101	r0	16.333333333333332	0.0	0.0
101	r1	18.666666666666668	0.0	0.0
101	r2	19.33333333333333	0.0	0.0
101	rnapol	0.3333333333333333	0.0	0.0
102	__protein1_rbs	13.0	0.0	0.0
102	__protein2_rbs	15.333333333333336	0.0	0.0
102	__protein3_rbs	14.333333333333336	0.0	0.0
102	__ribosome	20.33333333333333	0.0	0.0
102	__rnase_site_ext	19.666666666666668	0.0	0.0
102	p0	1.0	0.0	0.0
102	p1	1.0	0.0	0.0
102	protein1	458.0	16.666666666666668	1.2339870000000002
102	protein2	519.6666666666666	19.0	1.4265106666666665
102	protein3	469.0	19.33333333333333	1.6616163333333331
102	r0	17.0	0.0	0.0
102	r1	17.666666666666668	0.0	0.0
102	r2	19.33333333333333	0.0	0.0
102	rnapol	0.0	0.0	0.0
103	__protein1_rbs	14.333333333333336	0.0	0.0
103	__protein2_rbs	16.0	0.0	0.0
103	__protein3_rbs	16.333333333333332	0.0	0.0
103	__ribosome	20.666666666666668	0.0	0.0
103	__rnase_site_ext	20.0	0.0	0.0
103	p0	1.0	0.0	0.0
103	p1	0.3333333333333333	0.0	0.0
103	protein1	463.0	17.0	1.2444446666666666
103	protein2	525.3333333333334	18.666666666666668	1.438889
103	protein3	476.0	19.33333333333333	1.6380473333333334
103	r0	17.0	0.0	0.0
103	r1	17.333333333333332	0.0	0.0
103	r2	19.666666666666668	0.0	0.0
103	rnapol	0.3333333333333333	0.0	0.0
104	__protein1_rbs	13.666666666666664	0.0	0.0
104	__protein2_rbs	15.666666666666664	0.0	0.0
104	__protein3_rbs	14.666666666666664	0.0	0.0
104	__ribosome	19.33333333333333	0.0	0.0
104	__rnase_site_ext	19.666666666666668	0.0	0.0
104	p0	1.0	0.0	0.0
104	p1	1.0	0.0	0.0
104	protein1	469.66666666666674	17.0	1.151852
104	protein2	531.3333333333334	18.666666666666668	1.462229
104	protein3	482.33333333333326	19.666666666666668	1.7283356666666665
104	r0	17.0	0.0	0.0
104	r1	18.0	0.0	0.0
104	r2	19.666666666666668	0.0	0.0
104	rnapol	0.3333333333333333	0.0	0.0
105	__protein1_rbs	16.0	0.0	0.0
105	__protein2_rbs	14.333333333333336	0.0	0.0
105	__protein3_rbs	16.0	0.0	0.0
105	__ribosome	20.0	0.0	0.0
105	__rnase_site_ext	20.0	0.0	0.0
105	p0	1.0	0.0	0.0
105	p1	0.3333333333333333	0.0	0.0
105	protein1	475.33333333333326	16.666666666666668	1.141530333333333
105	protein2	538.0	19.0	1.5137253333333334
105	protein3	489.66666666666674	20.0	1.633174
105	r0	16.666666666666668	0.0	0.0
105	r1	16.666666666666668	0.0	0.0
105	r2	20.0	0.0	0.0
105	rnapol	0.0	0.0	0.0
106	__protein1_rbs	13.0	0.0	0.0
106	__protein2_rbs	16.0	0.0	0.0
106	__protein3_rbs	15.0	0.0	0.0
106	__ribosome	22.0	0.0	0.0
106	__rnase_site_ext	20.0	0.0	0.0
106	p0	1.0	0.0	0.0
106	p1	1.0	0.0	0.0
106	protein1	482.33333333333326	16.666666666666668	1.1211116666666665
106	protein2	543.6666666666666	20.0	1.4433166666666668
106	protein3	498.0	20.0	1.550239666666667
106	r0	16.666666666666668	0.0	0.0
106	r1	18.0	0.0	0.0
106	r2	20.0	0.0	0.0
106	rnapol	0.0	0.0	0.0
107	__protein1_rbs	14.0	0.0	0.0
107	__protein2_rbs	13.666666666666664	0.0	0.0
107	__protein3_rbs	15.666666666666664	0.0	0.0
107	__ribosome	20.0	0.0	0.0
107	__rnase_site_ext	19.666666666666668	0.0	0.0
107	p0	0.6666666666666666	0.0	0.0
107	p1	0.6666666666666666	0.0	0.0
107	protein1	487.33333333333326	16.666666666666668	1.153988
107	protein2	551.3333333333334	20.0	1.469966333333333
107	protein3	505.0	20.0	1.5829346666666666
107	r0	16.333333333333332	0.0	0.0
107	r1	18.0	0.0	0.0
107	r2	19.33333333333333	0.0	0.0
107	rnapol	0.0	0.0	0.0
108	__protein1_rbs	14.333333333333336	0.0	0.0
108	__protein2_rbs	16.666666666666668	0.0	0.0
108	__protein3_rbs	16.0	0.0	0.0
108	__ribosome	18.33333333333333	0.0	0.0
108	__rnase_site_ext	20.0	0.0	0.0
108	p0	1.0	0.0	0.0
108	p1	0.6666666666666666	0.0	0.0
108	protein1	493.66666666666674	16.666666666666668	1.063889
108	protein2	556.6666666666666	20.0	1.6310776666666669
108	protein3	512.3333333333334	19.0	1.6529239999999998
108	r0	16.666666666666668	0.0	0.0
108	r1	19.33333333333333	0.0	0.0
108	r2	19.666666666666668	0.0	0.0
108	rnapol	0.0	0.0	0.0
109	__protein1_rbs	15.0	0.0	0.0
109	__protein2_rbs	17.0	0.0	0.0
109	__protein3_rbs	17.0	0.0	0.0
109	__ribosome	18.33333333333333	0.0	0.0
109	__rnase_site_ext	20.0	0.0	0.0
109	p0	1.0	0.0	0.0
109	p1	1.0	0.0	0.0
109	protein1	497.66666666666674	17.0	1.1055556666666666
109	protein2	563.6666666666666	20.666666666666668	1.5348483333333334
109	protein3	518.0	20.0	1.5740740000000002
109	r0	17.0	0.0	0.0
109	r1	19.33333333333333	0.0	0.0
109	r2	20.33333333333333	0.0	0.0
109	rnapol	0.3333333333333333	0.0	0.0
110	__protein1_rbs	14.0	0.0	0.0
110	__protein2_rbs	16.333333333333332	0.0	0.0
110	__protein3_rbs	16.666666666666668	0.0	0.0
110	__ribosome	20.666666666666668	0.0	0.0
110	__rnase_site_ext	19.666666666666668	0.0	0.0
110	p0	1.0	0.0	0.0
110	p1	1.0	0.0	0.0
110	protein1	504.33333333333326	17.333333333333332	1.1026143333333334
110	protein2	570.3333333333334	20.666666666666668	1.5136363333333334
110	protein3	526.3333333333334	20.0	1.45472
110	r0	17.333333333333332	0.0	0.0
110	r1	20.0	0.0	0.0
110	r2	20.666666666666668	0.0	0.0
110	rnapol	0.0	0.0	0.0
111	__protein1_rbs	13.666666666666664	0.0	0.0
111	__protein2_rbs	16.333333333333332	0.0	0.0
111	__protein3_rbs	17.333333333333332	0.0	0.0
111	__ribosome	21.0	0.0	0.0
111	__rnase_site_ext	20.0	0.0	0.0
111	p0	1.0	0.0	0.0
111	p1	0.6666666666666666	0.0	0.0
111	protein1	510.33333333333326	17.0	1.1457983333333333
111	protein2	578.0	20.33333333333333	1.5047620000000002
111	protein3	532.3333333333334	20.33333333333333	1.4539873333333333
111	r0	17.0	0.0	0.0
111	r1	18.666666666666668	0.0	0.0
111	r2	20.0	0.0	0.0
111	rnapol	0.0	0.0	0.0
112	__protein1_rbs	13.333333333333336	0.0	0.0
112	__protein2_rbs	16.666666666666668	0.0	0.0
112	__protein3_rbs	13.666666666666664	0.0	0.0
112	__ribosome	20.666666666666668	0.0	0.0
112	__rnase_site_ext	20.33333333333333	0.0	0.0
112	p0	1.0	0.0	0.0
112	p1	0.6666666666666666	0.0	0.0
112	protein1	515.0	17.0	1.265966666666667
112	protein2	587.0	20.0	1.3999999999999997
112	protein3	541.0	20.0	1.5222639999999998
112	r0	17.333333333333332	0.0	0.0
112	r1	18.0	0.0	0.0
112	r2	20.33333333333333	0.0	0.0
112	rnapol	0.3333333333333333	0.0	0.0
113	__protein1_rbs	15.666666666666664	0.0	0.0
113	__protein2_rbs	16.0	0.0	0.0
113	__protein3_rbs	17.333333333333332	0.0	0.0
113	__ribosome	19.666666666666668	0.0	0.0
113	__rnase_site_ext	20.33333333333333	0.0	0.0
113	p0	0.6666666666666666	0.0	0.0
113	p1	0.6666666666666666	0.0	0.0
113	protein1	520.6666666666666	17.333333333333332	1.2728936666666668
113	protein2	594.0	20.0	1.384628
113	protein3	548.0	20.666666666666668	1.506341666666667
113	r0	17.333333333333332	0.0	0.0
113	r1	18.33333333333333	0.0	0.0
113	r2	20.666666666666668	0.0	0.0
113	rnapol	0.3333333333333333	0.0	0.0
114	__protein1_rbs	16.333333333333332	0.0	0.0
114	__protein2_rbs	18.0	0.0	0.0
114	__protein3_rbs	17.0	0.0	0.0
114	__ribosome	18.666666666666668	0.0	0.0
114	__rnase_site_ext	21.0	0.0	0.0
114	p0	1.0	0.0	0.0
114	p1	1.0	0.0	0.0
114	protein1	526.6666666666666	18.0	1.155844
114	protein2	599.6666666666666	20.0	1.3888886666666664
114	protein3	553.3333333333334	20.666666666666668	1.6044280000000002
114	r0	18.33333333333333	0.0	0.0
114	r1	19.666666666666668	0.0	0.0
114	r2	20.666666666666668	0.0	0.0
114	rnapol	0.3333333333333333	0.0	0.0
115	__protein1_rbs	14.333333333333336	0.0	0.0
115	__protein2_rbs	18.0	0.0	0.0
115	__protein3_rbs	17.333333333333332	0.0	0.0
115	__ribosome	16.0	0.0	0.0
115	__rnase_site_ext	21.33333333333333	0.0	0.0
115	p0	1.0	0.0	0.0
115	p1	0.6666666666666666	0.0	0.0
115	protein1	533.3333333333334	18.33333333333333	1.2039186666666666
115	protein2	605.6666666666666	20.0	1.3201056666666668
115	protein3	558.3333333333334	20.666666666666668	1.7191083333333337
115	r0	18.666666666666668	0.0	0.0
115	r1	18.33333333333333	0.0	0.0
115	r2	20.666666666666668	0.0	0.0
115	rnapol	0.0	0.0	0.0
116	__protein1_rbs	14.666666666666664	0.0	0.0
116	__protein2_rbs	15.666666666666664	0.0	0.0
116	__protein3_rbs	18.666666666666668	0.0	0.0
116	__ribosome	17.666666666666668	0.0	0.0
116	__rnase_site_ext	21.33333333333333	0.0	0.0
116	p0	1.0	0.0	0.0
116	p1	1.0	0.0	0.0
116	protein1	541.0	18.33333333333333	1.1652463333333334
116	protein2	613.6666666666666	19.666666666666668	1.4312170000000002
116	protein3	565.3333333333334	21.0	1.5738816666666668
116	r0	19.0	0.0	0.0
116	r1	17.666666666666668	0.0	0.0
116	r2	21.0	0.0	0.0
116	rnapol	0.0	0.0	0.0
117	__protein1_rbs	15.333333333333336	0.0	0.0
117	__protein2_rbs	16.0	0.0	0.0
117	__protein3_rbs	18.0	0.0	0.0
117	__ribosome	16.666666666666668	0.0	0.0
117	__rnase_site_ext	20.666666666666668	0.0	0.0
117	p0	0.6666666666666666	0.0	0.0
117	p1	0.3333333333333333	0.0	0.0
117	protein1	546.3333333333334	18.33333333333333	1.1986633333333334
117	protein2	620.0	20.0	1.4735450000000003
117	protein3	574.0	21.33333333333333	1.5060606666666665
117	r0	18.33333333333333	0.0	0.0
117	r1	18.33333333333333	0.0	0.0
117	r2	21.0	0.0	0.0
117	rnapol	0.0	0.0	0.0
118	__protein1_rbs	14.0	0.0	0.0
118	__protein2_rbs	18.0	0.0	0.0
118	__protein3_rbs	16.333333333333332	0.0	0.0
118	__ribosome	21.0	0.0	0.0
118	__rnase_site_ext	20.0	0.0	0.0
118	p0	1.0	0.0	0.0
118	p1	1.0	0.0	0.0
118	protein1	553.0	18.0	1.1354496666666665
118	protein2	626.6666666666666	21.0	1.3349280000000001
118	protein3	583.3333333333334	21.0	1.4565656666666669
118	r0	18.0	0.0	0.0
118	r1	20.0	0.0	0.0
118	r2	21.0	0.0	0.0
118	rnapol	0.0	0.0	0.0
119	__protein1_rbs	16.333333333333332	0.0	0.0
119	__protein2_rbs	17.333333333333332	0.0	0.0
119	__protein3_rbs	15.333333333333336	0.0	0.0
119	__ribosome	18.0	0.0	0.0
119	__rnase_site_ext	19.666666666666668	0.0	0.0
119	p0	1.0	0.0	0.0
119	p1	0.3333333333333333	0.0	0.0
119	protein1	559.6666666666666	17.333333333333332	0.9766573333333334
119	protein2	630.6666666666666	21.0	1.5414673333333333
119	protein3	590.3333333333334	21.0	1.5835600000000003
119	r0	17.333333333333332	0.0	0.0
119	r1	20.33333333333333	0.0	0.0
119	r2	20.33333333333333	0.0	0.0
119	rnapol	0.0	0.0	0.0
120	__protein1_rbs	13.666666666666664	0.0	0.0
120	__protein2_rbs	19.666666666666668	0.0	0.0
120	__protein3_rbs	16.666666666666668	0.0	0.0
120	__ribosome	18.666666666666668	0.0	0.0
120	__rnase_site_ext	19.0	0.0	0.0
120	p0	0.6666666666666666	0.0	0.0
120	p1	1.0	0.0	0.0
120	protein1	566.6666666666666	17.333333333333332	0.9444446666666668
120	protein2	639.0	21.66666666666667	1.3823953333333334
120	protein3	596.6666666666666	20.33333333333333	1.75493
120	r0	17.333333333333332	0.0	0.0
120	r1	20.666666666666668	0.0	0.0
120	r2	20.666666666666668	0.0	0.0
120	rnapol	0.0	0.0	0.0
121	__protein1_rbs	14.333333333333336	0.0	0.0
121	__protein2_rbs	17.666666666666668	0.0	0.0
121	__protein3_rbs	15.666666666666664	0.0	0.0
121	__ribosome	17.333333333333332	0.0	0.0
121	__rnase_site_ext	20.0	0.0	0.0
121	p0	1.0	0.0	0.0
121	p1	1.0	0.0	0.0
121	protein1	570.6666666666666	17.666666666666668	0.976318
121	protein2	647.6666666666666	21.33333333333333	1.3963663333333336
121	protein3	602.0	20.666666666666668	1.7828283333333337
121	r0	17.666666666666668	0.0	0.0
121	r1	20.666666666666668	0.0	0.0
121	r2	20.33333333333333	0.0	0.0
121	rnapol	0.0	0.0	0.0
122	__protein1_rbs	15.333333333333336	0.0	0.0
122	__protein2_rbs	18.666666666666668	0.0	0.0
122	__protein3_rbs	16.333333333333332	0.0	0.0
122	__ribosome	16.666666666666668	0.0	0.0
122	__rnase_site_ext	19.666666666666668	0.0	0.0
122	p0	1.0	0.0	0.0
122	p1	1.0	0.0	0.0
122	protein1	576.0	17.333333333333332	1.0079366666666667
122	protein2	654.3333333333334	21.66666666666667	1.3607933333333333
122	protein3	609.6666666666666	21.0	1.7988063333333335
122	r0	17.333333333333332	0.0	0.0
122	r1	21.0	0.0	0.0
122	r2	21.0	0.0	0.0
122	rnapol	0.3333333333333333	0.0	0.0
123	__protein1_rbs	13.666666666666664	0.0	0.0
123	__protein2_rbs	17.666666666666668	0.0	0.0
123	__protein3_rbs	18.33333333333333	0.0	0.0
123	__ribosome	17.666666666666668	0.0	0.0
123	__rnase_site_ext	19.0	0.0	0.0
123	p0	0.6666666666666666	0.0	0.0
123	p1	1.0	0.0	0.0
123	protein1	581.3333333333334	17.0	1.067227
123	protein2	661.0	21.66666666666667	1.3432493333333335
123	protein3	617.6666666666666	21.0	1.7152599999999998
123	r0	17.0	0.0	0.0
123	r1	20.33333333333333	0.0	0.0
123	r2	21.0	0.0	0.0
123	rnapol	0.0	0.0	0.0
124	__protein1_rbs	14.333333333333336	0.0	0.0
124	__protein2_rbs	18.33333333333333	0.0	0.0
124	__protein3_rbs	18.0	0.0	0.0
124	__ribosome	19.33333333333333	0.0	0.0
124	__rnase_site_ext	19.0	0.0	0.0
124	p0	0.6666666666666666	0.0	0.0
124	p1	0.3333333333333333	0.0	0.0
124	protein1	584.6666666666666	17.0	1.2004273333333333
124	protein2	668.6666666666666	21.0	1.304625
124	protein3	627.3333333333334	21.66666666666667	1.553013
124	r0	17.0	0.0	0.0
124	r1	20.0	0.0	0.0
124	r2	21.66666666666667	0.0	0.0
124	rnapol	0.3333333333333333	0.0	0.0
125	__protein1_rbs	12.666666666666664	0.0	0.0
125	__protein2_rbs	16.0	0.0	0.0
125	__protein3_rbs	17.0	0.0	0.0
125	__ribosome	17.333333333333332	0.0	0.0
125	__rnase_site_ext	19.666666666666668	0.0	0.0
125	p0	0.6666666666666666	0.0	0.0
125	p1	1.0	0.0	0.0
125	protein1	593.0	17.0	1.2026316666666668
125	protein2	675.6666666666666	21.0	1.3690746666666669
125	protein3	633.6666666666666	21.33333333333333	1.6121283333333336
125	r0	17.333333333333332	0.0	0.0
125	r1	19.33333333333333	0.0	0.0
125	r2	21.33333333333333	0.0	0.0
125	rnapol	0.3333333333333333	0.0	0.0
126	__protein1_rbs	15.333333333333336	0.0	0.0
126	__protein2_rbs	15.666666666666664	0.0	0.0
126	__protein3_rbs	18.33333333333333	0.0	0.0
126	__ribosome	18.33333333333333	0.0	0.0
126	__rnase_site_ext	20.0	0.0	0.0
126	p0	1.0	0.0	0.0
126	p1	1.0	0.0	0.0
126	protein1	597.3333333333334	17.333333333333332	1.1223346666666665
126	protein2	681.6666666666666	20.33333333333333	1.551467
126	protein3	642.6666666666666	21.66666666666667	1.4454616666666666
126	r0	17.666666666666668	0.0	0.0
126	r1	18.0	0.0	0.0
126	r2	21.66666666666667	0.0	0.0
126	rnapol	0.0	0.0	0.0
127	__protein1_rbs	12.333333333333336	0.0	0.0
127	__protein2_rbs	16.333333333333332	0.0	0.0
127	__protein3_rbs	19.0	0.0	0.0
127	__ribosome	22.33333333333333	0.0	0.0
127	__rnase_site_ext	18.33333333333333	0.0	0.0
127	p0	1.0	0.0	0.0
127	p1	0.6666666666666666	0.0	0.0
127	protein1	604.3333333333334	17.0	1.2006033333333337
127	protein2	688.3333333333335	20.0	1.575926
127	protein3	651.3333333333334	21.66666666666667	1.2364606666666669
127	r0	16.333333333333332	0.0	0.0
127	r1	19.0	0.0	0.0
127	r2	21.66666666666667	0.0	0.0
127	rnapol	0.3333333333333333	0.0	0.0
128	__protein1_rbs	13.333333333333336	0.0	0.0
128	__protein2_rbs	16.0	0.0	0.0
128	__protein3_rbs	18.666666666666668	0.0	0.0
128	__ribosome	18.33333333333333	0.0	0.0
128	__rnase_site_ext	18.666666666666668	0.0	0.0
128	p0	1.0	0.0	0.0
128	p1	1.0	0.0	0.0
128	protein1	609.6666666666666	16.0	1.3034186666666665
128	protein2	694.3333333333335	20.33333333333333	1.66221
128	protein3	657.0	21.66666666666667	1.2860413333333336
128	r0	16.333333333333332	0.0	0.0
128	r1	19.666666666666668	0.0	0.0
128	r2	21.33333333333333	0.0	0.0
128	rnapol	0.6666666666666666	0.0	0.0
129	__protein1_rbs	12.666666666666664	0.0	0.0
129	__protein2_rbs	17.333333333333332	0.0	0.0
129	__protein3_rbs	18.666666666666668	0.0	0.0
129	__ribosome	21.66666666666667	0.0	0.0
129	__rnase_site_ext	19.0	0.0	0.0
129	p0	1.0	0.0	0.0
129	p1	1.0	0.0	0.0
129	protein1	615.3333333333334	16.333333333333332	1.3158729999999998
129	protein2	701.3333333333335	20.666666666666668	1.600790333333333
129	protein3	665.0	21.66666666666667	1.1487413333333334
129	r0	17.0	0.0	0.0
129	r1	19.666666666666668	0.0	0.0
129	r2	21.66666666666667	0.0	0.0
129	rnapol	0.0	0.0	0.0
130	__protein1_rbs	13.0	0.0	0.0
130	__protein2_rbs	17.666666666666668	0.0	0.0
130	__protein3_rbs	18.33333333333333	0.0	0.0
130	__ribosome	24.66666666666667	0.0	0.0
130	__rnase_site_ext	18.33333333333333	0.0	0.0
130	p0	1.0	0.0	0.0
130	p1	1.0	0.0	0.0
130	protein1	622.3333333333334	17.0	1.263492
130	protein2	710.0	20.666666666666668	1.4758453333333332
130	protein3	671.0	21.66666666666667	1.118156
130	r0	17.0	0.0	0.0
130	r1	20.0	0.0	0.0
130	r2	21.66666666666667	0.0	0.0
130	rnapol	0.0	0.0	0.0
131	__protein1_rbs	13.666666666666664	0.0	0.0
131	__protein2_rbs	18.0	0.0	0.0
131	__protein3_rbs	17.333333333333332	0.0	0.0
131	__ribosome	23.66666666666667	0.0	0.0
131	__rnase_site_ext	18.666666666666668	0.0	0.0
131	p0	1.0	0.0	0.0
131	p1	0.6666666666666666	0.0	0.0
131	protein1	629.3333333333334	16.666666666666668	1.1666666666666667
131	protein2	717.3333333333335	21.0	1.480603
131	protein3	675.0	21.66666666666667	1.221216
131	r0	16.666666666666668	0.0	0.0
131	r1	19.0	0.0	0.0
131	r2	21.66666666666667	0.0	0.0
131	rnapol	0.0	0.0	0.0
132	__protein1_rbs	13.333333333333336	0.0	0.0
132	__protein2_rbs	13.666666666666664	0.0	0.0
132	__protein3_rbs	18.33333333333333	0.0	0.0
132	__ribosome	22.66666666666667	0.0	0.0
132	__rnase_site_ext	19.0	0.0	0.0
132	p0	1.0	0.0	0.0
132	p1	0.3333333333333333	0.0	0.0
132	protein1	634.3333333333334	16.666666666666668	1.1666666666666667
132	protein2	726.6666666666665	20.666666666666668	1.5928466666666663
132	protein3	681.3333333333334	21.0	1.2182540000000002
132	r0	16.666666666666668	0.0	0.0
132	r1	18.33333333333333	0.0	0.0
132	r2	21.33333333333333	0.0	0.0
132	rnapol	0.3333333333333333	0.0	0.0
133	__protein1_rbs	14.333333333333336	0.0	0.0
133	__protein2_rbs	17.333333333333332	0.0	0.0
133	__protein3_rbs	16.0	0.0	0.0
133	__ribosome	18.666666666666668	0.0	0.0
133	__rnase_site_ext	19.0	0.0	0.0
133	p0	1.0	0.0	0.0
133	p1	1.0	0.0	0.0
133	protein1	639.6666666666666	16.333333333333332	1.154386
133	protein2	732.0	21.33333333333333	1.5872686666666669
133	protein3	687.6666666666665	21.0	1.3651216666666668
133	r0	16.333333333333332	0.0	0.0
133	r1	20.0	0.0	0.0
133	r2	21.66666666666667	0.0	0.0
133	rnapol	0.3333333333333333	0.0	0.0
134	__protein1_rbs	12.333333333333336	0.0	0.0
134	__protein2_rbs	17.0	0.0	0.0
134	__protein3_rbs	18.666666666666668	0.0	0.0
134	__ribosome	18.666666666666668	0.0	0.0
134	__rnase_site_ext	19.0	0.0	0.0
134	p0	0.6666666666666666	0.0	0.0
134	p1	1.0	0.0	0.0
134	protein1	646.3333333333334	16.333333333333332	1.0561403333333332
134	protein2	739.0	21.33333333333333	1.6138616666666667
134	protein3	693.3333333333335	21.66666666666667	1.3705716666666667
134	r0	16.333333333333332	0.0	0.0
134	r1	20.0	0.0	0.0
134	r2	22.0	0.0	0.0
134	rnapol	0.0	0.0	0.0
135	__protein1_rbs	15.333333333333336	0.0	0.0
135	__protein2_rbs	16.666666666666668	0.0	0.0
135	__protein3_rbs	16.333333333333332	0.0	0.0
135	__ribosome	18.33333333333333	0.0	0.0
135	__rnase_site_ext	19.0	0.0	0.0
135	p0	1.0	0.0	0.0
135	p1	1.0	0.0	0.0
135	protein1	652.6666666666666	16.333333333333332	0.8526316666666668
135	protein2	747.3333333333335	20.0	1.6358393333333332
135	protein3	697.3333333333335	21.33333333333333	1.646043666666667
135	r0	16.333333333333332	0.0	0.0
135	r1	18.0	0.0	0.0
135	r2	21.33333333333333	0.0	0.0
135	rnapol	0.0	0.0	0.0
136	__protein1_rbs	13.333333333333336	0.0	0.0
136	__protein2_rbs	17.666666666666668	0.0	0.0
136	__protein3_rbs	18.0	0.0	0.0
136	__ribosome	21.66666666666667	0.0	0.0
136	__rnase_site_ext	19.33333333333333	0.0	0.0
136	p0	0.6666666666666666	0.0	0.0
136	p1	1.0	0.0	0.0
136	protein1	657.6666666666666	16.333333333333332	0.8888886666666668
136	protein2	755.0	19.666666666666668	1.5179613333333333
136	protein3	704.0	21.33333333333333	1.621633
136	r0	16.666666666666668	0.0	0.0
136	r1	18.666666666666668	0.0	0.0
136	r2	21.0	0.0	0.0
136	rnapol	0.3333333333333333	0.0	0.0
137	__protein1_rbs	13.0	0.0	0.0
137	__protein2_rbs	15.666666666666664	0.0	0.0
137	__protein3_rbs	17.0	0.0	0.0
137	__ribosome	19.666666666666668	0.0	0.0
137	__rnase_site_ext	19.0	0.0	0.0
137	p0	0.6666666666666666	0.0	0.0
137	p1	1.0	0.0	0.0
137	protein1	661.3333333333334	17.0	1.1416666666666666
137	protein2	764.0	18.666666666666668	1.4703423333333332
137	protein3	711.6666666666665	21.33333333333333	1.652778
137	r0	17.0	0.0	0.0
137	r1	17.0	0.0	0.0
137	r2	21.66666666666667	0.0	0.0
137	rnapol	0.3333333333333333	0.0	0.0
138	__protein1_rbs	12.666666666666664	0.0	0.0
138	__protein2_rbs	13.0	0.0	0.0
138	__protein3_rbs	18.33333333333333	0.0	0.0
138	__ribosome	16.666666666666668	0.0	0.0
138	__rnase_site_ext	20.0	0.0	0.0
138	p0	1.0	0.0	0.0
138	p1	0.6666666666666666	0.0	0.0
138	protein1	666.0	17.666666666666668	1.2962963333333333
138	protein2	772.6666666666665	18.666666666666668	1.487207333333333
138	protein3	720.3333333333335	21.66666666666667	1.556064
138	r0	18.0	0.0	0.0
138	r1	16.333333333333332	0.0	0.0
138	r2	22.0	0.0	0.0
138	rnapol	0.3333333333333333	0.0	0.0
139	__protein1_rbs	16.666666666666668	0.0	0.0
139	__protein2_rbs	15.666666666666664	0.0	0.0
139	__protein3_rbs	18.666666666666668	0.0	0.0
139	__ribosome	22.33333333333333	0.0	0.0
139	__rnase_site_ext	20.666666666666668	0.0	0.0
139	p0	1.0	0.0	0.0
139	p1	1.0	0.0	0.0
139	protein1	670.0	18.33333333333333	1.14914
139	protein2	779.6666666666665	18.666666666666668	1.3847116666666668
139	protein3	727.6666666666665	22.0	1.415217333333333
139	r0	18.33333333333333	0.0	0.0
139	r1	17.333333333333332	0.0	0.0
139	r2	22.0	0.0	0.0
139	rnapol	0.0	0.0	0.0
140	__protein1_rbs	14.0	0.0	0.0
140	__protein2_rbs	15.0	0.0	0.0
140	__protein3_rbs	18.666666666666668	0.0	0.0
140	__ribosome	15.333333333333336	0.0	0.0
140	__rnase_site_ext	20.0	0.0	0.0
140	p0	1.0	0.0	0.0
140	p1	1.0	0.0	0.0
140	protein1	675.3333333333334	17.666666666666668	1.2574316666666665
140	protein2	784.0	19.0	1.5248416666666669
140	protein3	734.0	22.0	1.5253623333333337
140	r0	17.666666666666668	0.0	0.0
140	r1	17.0	0.0	0.0
140	r2	21.33333333333333	0.0	0.0
140	rnapol	0.3333333333333333	0.0	0.0
141	__protein1_rbs	15.666666666666664	0.0	0.0
141	__protein2_rbs	16.333333333333332	0.0	0.0
141	__protein3_rbs	19.0	0.0	0.0
141	__ribosome	20.0	0.0	0.0
141	__rnase_site_ext	19.666666666666668	0.0	0.0
141	p0	1.0	0.0	0.0
141	p1	0.6666666666666666	0.0	0.0
141	protein1	684.0	17.333333333333332	1.0434696666666667
141	protein2	789.0	19.33333333333333	1.49819
141	protein3	741.0	21.33333333333333	1.5652866666666665
141	r0	17.666666666666668	0.0	0.0
141	r1	18.0	0.0	0.0
141	r2	21.0	0.0	0.0
141	rnapol	0.6666666666666666	0.0	0.0
142	__protein1_rbs	14.0	0.0	0.0
142	__protein2_rbs	15.0	0.0	0.0
142	__protein3_rbs	17.333333333333332	0.0	0.0
142	__ribosome	22.33333333333333	0.0	0.0
142	__rnase_site_ext	20.0	0.0	0.0
142	p0	1.0	0.0	0.0
142	p1	0.6666666666666666	0.0	0.0
142	protein1	690.0	18.0	1.0513130000000002
142	protein2	798.0	19.666666666666668	1.4235586666666666
142	protein3	750.3333333333335	20.666666666666668	1.5033793333333332
142	r0	18.0	0.0	0.0
142	r1	17.666666666666668	0.0	0.0
142	r2	20.33333333333333	0.0	0.0
142	rnapol	0.3333333333333333	0.0	0.0
143	__protein1_rbs	15.666666666666664	0.0	0.0
143	__protein2_rbs	17.0	0.0	0.0
143	__protein3_rbs	17.666666666666668	0.0	0.0
143	__ribosome	22.66666666666667	0.0	0.0
143	__rnase_site_ext	20.0	0.0	0.0
143	p0	1.0	0.0	0.0
143	p1	1.0	0.0	0.0
143	protein1	695.3333333333335	18.0	1.0971790000000001
143	protein2	804.0	20.0	1.4141606666666668
143	protein3	757.6666666666665	20.33333333333333	1.467582333333333
143	r0	18.0	0.0	0.0
143	r1	19.33333333333333	0.0	0.0
143	r2	20.33333333333333	0.0	0.0
143	rnapol	0.0	0.0	0.0
144	__protein1_rbs	14.666666666666664	0.0	0.0
144	__protein2_rbs	16.333333333333332	0.0	0.0
144	__protein3_rbs	16.666666666666668	0.0	0.0
144	__ribosome	21.33333333333333	0.0	0.0
144	__rnase_site_ext	20.0	0.0	0.0
144	p0	1.0	0.0	0.0
144	p1	1.0	0.0	0.0
144	protein1	700.6666666666665	18.0	1.1526203333333334
144	protein2	811.6666666666665	20.0	1.3655803333333332
144	protein3	763.3333333333335	20.33333333333333	1.531655
144	r0	18.0	0.0	0.0
144	r1	18.666666666666668	0.0	0.0
144	r2	20.33333333333333	0.0	0.0
144	rnapol	0.0	0.0	0.0
145	__protein1_rbs	16.0	0.0	0.0
145	__protein2_rbs	18.0	0.0	0.0
145	__protein3_rbs	14.333333333333336	0.0	0.0
145	__ribosome	22.0	0.0	0.0
145	__rnase_site_ext	20.0	0.0	0.0
145	p0	1.0	0.0	0.0
145	p1	0.6666666666666666	0.0	0.0
145	protein1	706.3333333333335	18.0	1.0732143333333333
145	protein2	816.6666666666665	20.666666666666668	1.3397506666666663
145	protein3	771.0	19.666666666666668	1.5763896666666666
145	r0	18.0	0.0	0.0
145	r1	20.0	0.0	0.0
145	r2	20.0	0.0	0.0
145	rnapol	0.0	0.0	0.0
146	__protein1_rbs	17.0	0.0	0.0
146	__protein2_rbs	15.333333333333336	0.0	0.0
146	__protein3_rbs	13.666666666666664	0.0	0.0
146	__ribosome	22.0	0.0	0.0
146	__rnase_site_ext	20.33333333333333	0.0	0.0
146	p0	1.0	0.0	0.0
146	p1	1.0	0.0	0.0
146	protein1	714.3333333333335	18.0	0.9082673333333332
146	protein2	823.6666666666665	20.666666666666668	1.403174666666667
146	protein3	778.6666666666665	19.33333333333333	1.690308666666667
146	r0	18.0	0.0	0.0
146	r1	18.33333333333333	0.0	0.0
146	r2	19.33333333333333	0.0	0.0
146	rnapol	0.3333333333333333	0.0	0.0
147	__protein1_rbs	15.0	0.0	0.0
147	__protein2_rbs	16.666666666666668	0.0	0.0
147	__protein3_rbs	16.666666666666668	0.0	0.0
147	__ribosome	20.666666666666668	0.0	0.0
147	__rnase_site_ext	20.33333333333333	0.0	0.0
147	p0	1.0	0.0	0.0
147	p1	1.0	0.0	0.0
147	protein1	718.6666666666665	18.33333333333333	0.9688110000000001
147	protein2	831.0	21.0	1.3476190000000001
147	protein3	786.0	20.33333333333333	1.6352656666666665
147	r0	18.33333333333333	0.0	0.0
147	r1	20.0	0.0	0.0
147	r2	20.33333333333333	0.0	0.0
147	rnapol	0.3333333333333333	0.0	0.0
148	__protein1_rbs	15.333333333333336	0.0	0.0
148	__protein2_rbs	17.666666666666668	0.0	0.0
148	__protein3_rbs	16.666666666666668	0.0	0.0
148	__ribosome	21.33333333333333	0.0	0.0
148	__rnase_site_ext	21.0	0.0	0.0
148	p0	1.0	0.0	0.0
148	p1	1.0	0.0	0.0
148	protein1	723.6666666666665	18.33333333333333	0.9844053333333336
148	protein2	838.3333333333335	20.666666666666668	1.2716246666666666
148	protein3	791.0	20.0	1.711952666666667
148	r0	18.666666666666668	0.0	0.0
148	r1	19.0	0.0	0.0
148	r2	20.0	0.0	0.0
148	rnapol	0.3333333333333333	0.0	0.0
149	__protein1_rbs	16.0	0.0	0.0
149	__protein2_rbs	16.0	0.0	0.0
149	__protein3_rbs	18.0	0.0	0.0
149	__ribosome	16.333333333333332	0.0	0.0
149	__rnase_site_ext	21.33333333333333	0.0	0.0
149	p0	1.0	0.0	0.0
149	p1	1.0	0.0	0.0
149	protein1	729.3333333333335	18.666666666666668	1.0611110000000001
149	protein2	844.3333333333335	20.33333333333333	1.4065389999999998
149	protein3	797.3333333333335	20.666666666666668	1.7200370000000005
149	r0	19.0	0.0	0.0
149	r1	18.33333333333333	0.0	0.0
149	r2	20.666666666666668	0.0	0.0
149	rnapol	0.0	0.0	0.0
150	__protein1_rbs	14.666666666666664	0.0	0.0
150	__protein2_rbs	17.333333333333332	0.0	0.0
150	__protein3_rbs	17.0	0.0	0.0
150	__ribosome	18.666666666666668	0.0	0.0
150	__rnase_site_ext	21.66666666666667	0.0	0.0
150	p0	1.0	0.0	0.0
150	p1	0.3333333333333333	0.0	0.0
150	protein1	734.0	19.0	1.126984
150	protein2	850.6666666666665	20.0	1.4089223333333332
150	protein3	806.0	21.0	1.5091716666666664
150	r0	19.33333333333333	0.0	0.0
150	r1	19.0	0.0	0.0
150	r2	21.33333333333333	0.0	0.0
150	rnapol	0.3333333333333333	0.0	0.0
151	__protein1_rbs	14.666666666666664	0.0	0.0
151	__protein2_rbs	16.0	0.0	0.0
151	__protein3_rbs	15.666666666666664	0.0	0.0
151	__ribosome	16.666666666666668	0.0	0.0
151	__rnase_site_ext	21.66666666666667	0.0	0.0
151	p0	1.0	0.0	0.0
151	p1	1.0	0.0	0.0
151	protein1	739.6666666666665	19.0	1.1825393333333334
151	protein2	856.6666666666665	20.33333333333333	1.48557
151	protein3	817.0	21.0	1.458533
151	r0	19.33333333333333	0.0	0.0
151	r1	18.33333333333333	0.0	0.0
151	r2	21.33333333333333	0.0	0.0
151	rnapol	0.0	0.0	0.0
152	__protein1_rbs	16.666666666666668	0.0	0.0
152	__protein2_rbs	15.666666666666664	0.0	0.0
152	__protein3_rbs	18.33333333333333	0.0	0.0
152	__ribosome	19.33333333333333	0.0	0.0
152	__rnase_site_ext	21.33333333333333	0.0	0.0
152	p0	1.0	0.0	0.0
152	p1	0.3333333333333333	0.0	0.0
152	protein1	746.6666666666665	19.33333333333333	1.0444163333333334
152	protein2	864.3333333333335	20.33333333333333	1.4280899999999999
152	protein3	823.3333333333335	21.33333333333333	1.4681713333333335
152	r0	19.33333333333333	0.0	0.0
152	r1	19.33333333333333	0.0	0.0
152	r2	21.33333333333333	0.0	0.0
152	rnapol	0.3333333333333333	0.0	0.0
153	__protein1_rbs	16.333333333333332	0.0	0.0
153	__protein2_rbs	16.666666666666668	0.0	0.0
153	__protein3_rbs	17.0	0.0	0.0
153	__ribosome	17.333333333333332	0.0	0.0
153	__rnase_site_ext	22.33333333333333	0.0	0.0
153	p0	1.0	0.0	0.0
153	p1	1.0	0.0	0.0
153	protein1	752.0	19.33333333333333	1.1670843333333334
153	protein2	872.0	21.0	1.4657093333333335
153	protein3	830.3333333333335	21.33333333333333	1.3681089999999998
153	r0	19.33333333333333	0.0	0.0
153	r1	19.33333333333333	0.0	0.0
153	r2	21.33333333333333	0.0	0.0
153	rnapol	0.0	0.0	0.0
154	__protein1_rbs	16.0	0.0	0.0
154	__protein2_rbs	18.666666666666668	0.0	0.0
154	__protein3_rbs	18.33333333333333	0.0	0.0
154	__ribosome	16.333333333333332	0.0	0.0
154	__rnase_site_ext	22.33333333333333	0.0	0.0
154	p0	0.6666666666666666	0.0	0.0
154	p1	0.3333333333333333	0.0	0.0
154	protein1	758.3333333333335	19.33333333333333	1.1077443333333332
154	protein2	878.3333333333335	21.66666666666667	1.4044796666666668
154	protein3	834.0	21.0	1.522865
154	r0	19.33333333333333	0.0	0.0
154	r1	21.0	0.0	0.0
154	r2	21.0	0.0	0.0
154	rnapol	0.0	0.0	0.0
155	__protein1_rbs	15.666666666666664	0.0	0.0
155	__protein2_rbs	17.666666666666668	0.0	0.0
155	__protein3_rbs	16.666666666666668	0.0	0.0
155	__ribosome	16.333333333333332	0.0	0.0
155	__rnase_site_ext	22.66666666666667	0.0	0.0
155	p0	1.0	0.0	0.0
155	p1	1.0	0.0	0.0
155	protein1	766.3333333333335	19.666666666666668	1.021885333333333
155	protein2	883.6666666666665	22.33333333333333	1.4948240000000002
155	protein3	842.3333333333335	21.0	1.4493116666666668
155	r0	19.666666666666668	0.0	0.0
155	r1	21.0	0.0	0.0
155	r2	21.33333333333333	0.0	0.0
155	rnapol	0.3333333333333333	0.0	0.0
156	__protein1_rbs	17.333333333333332	0.0	0.0
156	__protein2_rbs	19.33333333333333	0.0	0.0
156	__protein3_rbs	18.33333333333333	0.0	0.0
156	__ribosome	21.33333333333333	0.0	0.0
156	__rnase_site_ext	22.66666666666667	0.0	0.0
156	p0	1.0	0.0	0.0
156	p1	0.6666666666666666	0.0	0.0
156	protein1	772.6666666666665	19.666666666666668	1.0658729999999998
156	protein2	892.0	22.0	1.4072463333333332
156	protein3	850.6666666666665	21.33333333333333	1.2681816666666668
156	r0	19.666666666666668	0.0	0.0
156	r1	21.66666666666667	0.0	0.0
156	r2	21.0	0.0	0.0
156	rnapol	0.0	0.0	0.0
157	__protein1_rbs	15.666666666666664	0.0	0.0
157	__protein2_rbs	19.0	0.0	0.0
157	__protein3_rbs	16.666666666666668	0.0	0.0
157	__ribosome	15.666666666666664	0.0	0.0
157	__rnase_site_ext	21.66666666666667	0.0	0.0
157	p0	1.0	0.0	0.0
157	p1	0.6666666666666666	0.0	0.0
157	protein1	777.0	19.33333333333333	1.2795516666666666
157	protein2	900.0	22.33333333333333	1.3452899999999999
157	protein3	857.0	21.0	1.4225830000000002
157	r0	19.33333333333333	0.0	0.0
157	r1	21.33333333333333	0.0	0.0
157	r2	21.33333333333333	0.0	0.0
157	rnapol	0.0	0.0	0.0
158	__protein1_rbs	17.666666666666668	0.0	0.0
158	__protein2_rbs	19.666666666666668	0.0	0.0
158	__protein3_rbs	19.666666666666668	0.0	0.0
158	__ribosome	19.0	0.0	0.0
158	__rnase_site_ext	22.0	0.0	0.0
158	p0	1.0	0.0	0.0
158	p1	1.0	0.0	0.0
158	protein1	783.3333333333335	19.33333333333333	1.1699346666666666
158	protein2	907.0	22.66666666666667	1.3
158	protein3	862.3333333333335	21.66666666666667	1.3556996666666663
158	r0	19.33333333333333	0.0	0.0
158	r1	22.0	0.0	0.0
158	r2	22.0	0.0	0.0
158	rnapol	0.0	0.0	0.0
159	__protein1_rbs	15.666666666666664	0.0	0.0
159	__protein2_rbs	18.666666666666668	0.0	0.0
159	__protein3_rbs	17.0	0.0	0.0
159	__ribosome	20.33333333333333	0.0	0.0
159	__rnase_site_ext	22.33333333333333	0.0	0.0
159	p0	0.6666666666666666	0.0	0.0
159	p1	1.0	0.0	0.0
159	protein1	793.0	19.33333333333333	0.9777776666666668
159	protein2	916.0	22.66666666666667	1.3083333333333331
159	protein3	869.3333333333335	22.33333333333333	1.3998683333333333
159	r0	19.33333333333333	0.0	0.0
159	r1	22.33333333333333	0.0	0.0
159	r2	22.33333333333333	0.0	0.0
159	rnapol	0.3333333333333333	0.0	0.0
160	__protein1_rbs	14.666666666666664	0.0	0.0
160	__protein2_rbs	18.666666666666668	0.0	0.0
160	__protein3_rbs	19.0	0.0	0.0
160	__ribosome	15.333333333333336	0.0	0.0
160	__rnase_site_ext	22.0	0.0	0.0
160	p0	1.0	0.0	0.0
160	p1	1.0	0.0	0.0
160	protein1	798.6666666666665	19.0	1.1284313333333331
160	protein2	922.0	22.66666666666667	1.4120176666666666
160	protein3	876.6666666666665	22.0	1.422423
160	r0	19.33333333333333	0.0	0.0
160	r1	20.33333333333333	0.0	0.0
160	r2	22.0	0.0	0.0
160	rnapol	0.3333333333333333	0.0	0.0
161	__protein1_rbs	16.333333333333332	0.0	0.0
161	__protein2_rbs	20.0	0.0	0.0
161	__protein3_rbs	19.33333333333333	0.0	0.0
161	__ribosome	18.0	0.0	0.0
161	__rnase_site_ext	22.0	0.0	0.0
161	p0	1.0	0.0	0.0
161	p1	0.6666666666666666	0.0	0.0
161	protein1	805.0	19.0	1.0637253333333334
161	protein2	928.0	22.66666666666667	1.3672513333333332
161	protein3	882.0	22.33333333333333	1.3722946666666669
161	r0	19.0	0.0	0.0
161	r1	21.33333333333333	0.0	0.0
161	r2	22.33333333333333	0.0	0.0
161	rnapol	0.6666666666666666	0.0	0.0
162	__protein1_rbs	18.33333333333333	0.0	0.0
162	__protein2_rbs	18.666666666666668	0.0	0.0
162	__protein3_rbs	19.0	0.0	0.0
162	__ribosome	19.0	0.0	0.0
162	__rnase_site_ext	22.66666666666667	0.0	0.0
162	p0	0.3333333333333333	0.0	0.0
162	p1	1.0	0.0	0.0
162	protein1	810.0	19.33333333333333	0.9492063333333332
162	protein2	935.3333333333335	22.66666666666667	1.3722219999999998
162	protein3	888.6666666666665	22.66666666666667	1.3925123333333334
162	r0	19.33333333333333	0.0	0.0
162	r1	21.33333333333333	0.0	0.0
162	r2	22.66666666666667	0.0	0.0
162	rnapol	0.6666666666666666	0.0	0.0
163	__protein1_rbs	16.0	0.0	0.0
163	__protein2_rbs	17.666666666666668	0.0	0.0
163	__protein3_rbs	19.666666666666668	0.0	0.0
163	__ribosome	23.33333333333333	0.0	0.0
163	__rnase_site_ext	23.33333333333333	0.0	0.0
163	p0	1.0	0.0	0.0
163	p1	0.3333333333333333	0.0	0.0
163	protein1	817.6666666666665	20.0	0.9048823333333332
163	protein2	943.6666666666665	23.0	1.333333
163	protein3	897.6666666666665	23.0	1.2286540000000001
163	r0	20.0	0.0	0.0
163	r1	20.33333333333333	0.0	0.0
163	r2	23.33333333333333	0.0	0.0
163	rnapol	0.3333333333333333	0.0	0.0
164	__protein1_rbs	16.666666666666668	0.0	0.0
164	__protein2_rbs	18.666666666666668	0.0	0.0
164	__protein3_rbs	19.666666666666668	0.0	0.0
164	__ribosome	24.66666666666667	0.0	0.0
164	__rnase_site_ext	22.66666666666667	0.0	0.0
164	p0	1.0	0.0	0.0
164	p1	1.0	0.0	0.0
164	protein1	823.6666666666665	19.33333333333333	0.9146826666666668
164	protein2	950.6666666666665	23.0	1.2757933333333331
164	protein3	906.0	23.33333333333333	1.251287
164	r0	19.33333333333333	0.0	0.0
164	r1	22.0	0.0	0.0
164	r2	23.33333333333333	0.0	0.0
164	rnapol	0.0	0.0	0.0
165	__protein1_rbs	14.666666666666664	0.0	0.0
165	__protein2_rbs	18.666666666666668	0.0	0.0
165	__protein3_rbs	19.33333333333333	0.0	0.0
165	__ribosome	18.666666666666668	0.0	0.0
165	__rnase_site_ext	22.33333333333333	0.0	0.0
165	p0	1.0	0.0	0.0
165	p1	0.6666666666666666	0.0	0.0
165	protein1	827.6666666666665	18.33333333333333	1.088889
165	protein2	957.6666666666665	23.0	1.3392856666666664
165	protein3	910.6666666666665	22.66666666666667	1.4039626666666667
165	r0	18.666666666666668	0.0	0.0
165	r1	21.66666666666667	0.0	0.0
165	r2	22.66666666666667	0.0	0.0
165	rnapol	0.0	0.0	0.0
166	__protein1_rbs	17.333333333333332	0.0	0.0
166	__protein2_rbs	18.33333333333333	0.0	0.0
166	__protein3_rbs	19.0	0.0	0.0
166	__ribosome	19.666666666666668	0.0	0.0
166	__rnase_site_ext	22.0	0.0	0.0
166	p0	0.6666666666666666	0.0	0.0
166	p1	1.0	0.0	0.0
166	protein1	832.6666666666665	18.33333333333333	1.0293649999999999
166	protein2	965.3333333333335	23.0	1.3432540000000002
166	protein3	917.6666666666665	23.0	1.3953266666666668
166	r0	18.33333333333333	0.0	0.0
166	r1	20.666666666666668	0.0	0.0
166	r2	23.0	0.0	0.0
166	rnapol	0.0	0.0	0.0
167	__protein1_rbs	16.333333333333332	0.0	0.0
167	__protein2_rbs	22.33333333333333	0.0	0.0
167	__protein3_rbs	19.666666666666668	0.0	0.0
167	__ribosome	20.33333333333333	0.0	0.0
167	__rnase_site_ext	21.33333333333333	0.0	0.0
167	p0	1.0	0.0	0.0
167	p1	1.0	0.0	0.0
167	protein1	838.3333333333335	18.33333333333333	1.019536
167	protein2	972.0	23.66666666666667	1.2822040000000001
167	protein3	923.6666666666665	23.33333333333333	1.3857806666666663
167	r0	18.33333333333333	0.0	0.0
167	r1	23.0	0.0	0.0
167	r2	23.33333333333333	0.0	0.0
167	rnapol	0.3333333333333333	0.0	0.0
168	__protein1_rbs	14.333333333333336	0.0	0.0
168	__protein2_rbs	19.0	0.0	0.0
168	__protein3_rbs	19.0	0.0	0.0
168	__ribosome	21.0	0.0	0.0
168	__rnase_site_ext	22.0	0.0	0.0
168	p0	1.0	0.0	0.0
168	p1	0.6666666666666666	0.0	0.0
168	protein1	845.0	18.666666666666668	1.0317459999999998
168	protein2	979.6666666666665	23.0	1.2894443333333332
168	protein3	932.0	23.33333333333333	1.3222926666666668
168	r0	19.0	0.0	0.0
168	r1	22.33333333333333	0.0	0.0
168	r2	23.33333333333333	0.0	0.0
168	rnapol	0.0	0.0	0.0
169	__protein1_rbs	17.0	0.0	0.0
169	__protein2_rbs	20.33333333333333	0.0	0.0
169	__protein3_rbs	18.0	0.0	0.0
169	__ribosome	18.33333333333333	0.0	0.0
169	__rnase_site_ext	21.33333333333333	0.0	0.0
169	p0	0.6666666666666666	0.0	0.0
169	p1	1.0	0.0	0.0
169	protein1	850.3333333333335	19.0	1.0679513333333333
169	protein2	987.6666666666665	22.66666666666667	1.225
169	protein3	937.6666666666665	23.0	1.5116380000000005
169	r0	19.0	0.0	0.0
169	r1	22.33333333333333	0.0	0.0
169	r2	23.0	0.0	0.0
169	rnapol	0.0	0.0	0.0
170	__protein1_rbs	16.0	0.0	0.0
170	__protein2_rbs	19.0	0.0	0.0
170	__protein3_rbs	19.666666666666668	0.0	0.0
170	__ribosome	17.666666666666668	0.0	0.0
170	__rnase_site_ext	21.33333333333333	0.0	0.0
170	p0	1.0	0.0	0.0
170	p1	1.0	0.0	0.0
170	protein1	856.0	19.33333333333333	1.0993786666666667
170	protein2	993.0	23.0	1.242222333333333
170	protein3	945.6666666666665	23.33333333333333	1.4191916666666666
170	r0	19.33333333333333	0.0	0.0
170	r1	22.0	0.0	0.0
170	r2	23.33333333333333	0.0	0.0
170	rnapol	0.0	0.0	0.0
171	__protein1_rbs	15.333333333333336	0.0	0.0
171	__protein2_rbs	20.33333333333333	0.0	0.0
171	__protein3_rbs	20.666666666666668	0.0	0.0
171	__ribosome	20.0	0.0	0.0
171	__rnase_site_ext	22.33333333333333	0.0	0.0
171	p0	1.0	0.0	0.0
171	p1	1.0	0.0	0.0
171	protein1	861.0	19.33333333333333	1.1559696666666668
171	protein2	1001.6666666666665	22.66666666666667	1.1777776666666666
171	protein3	952.6666666666665	23.33333333333333	1.3484850000000002
171	r0	19.33333333333333	0.0	0.0
171	r1	22.66666666666667	0.0	0.0
171	r2	24.33333333333333	0.0	0.0
171	rnapol	0.0	0.0	0.0
172	__protein1_rbs	18.0	0.0	0.0
172	__protein2_rbs	19.0	0.0	0.0
172	__protein3_rbs	21.66666666666667	0.0	0.0
172	__ribosome	21.33333333333333	0.0	0.0
172	__rnase_site_ext	22.0	0.0	0.0
172	p0	1.0	0.0	0.0
172	p1	1.0	0.0	0.0
172	protein1	870.3333333333335	19.33333333333333	0.8585233333333333
172	protein2	1007.3333333333335	22.66666666666667	1.1933763333333334
172	protein3	957.6666666666665	24.33333333333333	1.455072333333333
172	r0	19.33333333333333	0.0	0.0
172	r1	21.66666666666667	0.0	0.0
172	r2	23.66666666666667	0.0	0.0
172	rnapol	0.0	0.0	0.0
173	__protein1_rbs	14.666666666666664	0.0	0.0
173	__protein2_rbs	18.666666666666668	0.0	0.0
173	__protein3_rbs	20.666666666666668	0.0	0.0
173	__ribosome	19.666666666666668	0.0	0.0
173	__rnase_site_ext	22.0	0.0	0.0
173	p0	1.0	0.0	0.0
173	p1	1.0	0.0	0.0
173	protein1	874.6666666666665	19.0	1.1277053333333331
173	protein2	1015.0	22.0	1.1655843333333331
173	protein3	966.6666666666665	23.33333333333333	1.4714286666666665
173	r0	19.0	0.0	0.0
173	r1	20.33333333333333	0.0	0.0
173	r2	23.33333333333333	0.0	0.0
173	rnapol	0.0	0.0	0.0
174	__protein1_rbs	14.666666666666664	0.0	0.0
174	__protein2_rbs	19.0	0.0	0.0
174	__protein3_rbs	20.33333333333333	0.0	0.0
174	__ribosome	15.0	0.0	0.0
174	__rnase_site_ext	21.33333333333333	0.0	0.0
174	p0	1.0	0.0	0.0
174	p1	1.0	0.0	0.0
174	protein1	880.0	18.666666666666668	1.2698409999999998
174	protein2	1020.3333333333335	22.33333333333333	1.250031
174	protein3	975.0	23.66666666666667	1.4380343333333332
174	r0	19.0	0.0	0.0
174	r1	20.0	0.0	0.0
174	r2	23.66666666666667	0.0	0.0
174	rnapol	0.0	0.0	0.0
175	__protein1_rbs	15.0	0.0	0.0
175	__protein2_rbs	18.666666666666668	0.0	0.0
175	__protein3_rbs	20.0	0.0	0.0
175	__ribosome	15.0	0.0	0.0
175	__rnase_site_ext	22.0	0.0	0.0
175	p0	0.0	0.0	0.0
175	p1	0.6666666666666666	0.0	0.0
175	protein1	885.6666666666665	19.0	1.2582973333333334
175	protein2	1026.6666666666667	22.0	1.2807070000000005
175	protein3	982.0	23.66666666666667	1.4688646666666667
175	r0	19.0	0.0	0.0
175	r1	20.0	0.0	0.0
175	r2	23.33333333333333	0.0	0.0
175	rnapol	0.0	0.0	0.0
176	__protein1_rbs	17.0	0.0	0.0
176	__protein2_rbs	18.33333333333333	0.0	0.0
176	__protein3_rbs	22.0	0.0	0.0
176	__ribosome	18.0	0.0	0.0
176	__rnase_site_ext	22.66666666666667	0.0	0.0
176	p0	1.0	0.0	0.0
176	p1	1.0	0.0	0.0
176	protein1	893.0	20.0	1.0727273333333331
176	protein2	1031.3333333333333	22.66666666666667	1.379629666666667
176	protein3	990.3333333333335	23.66666666666667	1.3014346666666667
176	r0	20.0	0.0	0.0
176	r1	20.666666666666668	0.0	0.0
176	r2	23.0	0.0	0.0
176	rnapol	0.0	0.0	0.0
177	__protein1_rbs	16.666666666666668	0.0	0.0
177	__protein2_rbs	18.33333333333333	0.0	0.0
177	__protein3_rbs	20.33333333333333	0.0	0.0
177	__ribosome	18.33333333333333	0.0	0.0
177	__rnase_site_ext	22.66666666666667	0.0	0.0
177	p0	1.0	0.0	0.0
177	p1	1.0	0.0	0.0
177	protein1	901.6666666666665	20.0	0.9857706666666668
177	protein2	1038.3333333333333	22.66666666666667	1.4095443333333335
177	protein3	996.3333333333335	23.33333333333333	1.363124
177	r0	19.666666666666668	0.0	0.0
177	r1	21.66666666666667	0.0	0.0
177	r2	23.33333333333333	0.0	0.0
177	rnapol	0.0	0.0	0.0
178	__protein1_rbs	16.666666666666668	0.0	0.0
178	__protein2_rbs	20.0	0.0	0.0
178	__protein3_rbs	19.33333333333333	0.0	0.0
178	__ribosome	17.666666666666668	0.0	0.0
178	__rnase_site_ext	23.0	0.0	0.0
178	p0	1.0	0.0	0.0
178	p1	1.0	0.0	0.0
178	protein1	906.0	19.666666666666668	1.1152516666666663
178	protein2	1045.6666666666667	23.0	1.2956123333333334
178	protein3	1004.3333333333335	23.66666666666667	1.3311096666666666
178	r0	20.33333333333333	0.0	0.0
178	r1	22.33333333333333	0.0	0.0
178	r2	23.66666666666667	0.0	0.0
178	rnapol	0.0	0.0	0.0
179	__protein1_rbs	16.333333333333332	0.0	0.0
179	__protein2_rbs	19.0	0.0	0.0
179	__protein3_rbs	20.666666666666668	0.0	0.0
179	__ribosome	20.33333333333333	0.0	0.0
179	__rnase_site_ext	21.66666666666667	0.0	0.0
179	p0	1.0	0.0	0.0
179	p1	0.3333333333333333	0.0	0.0
179	protein1	912.6666666666665	20.33333333333333	1.0555553333333334
179	protein2	1052.3333333333333	22.33333333333333	1.3787080000000005
179	protein3	1012.6666666666665	23.33333333333333	1.2412506666666665
179	r0	20.0	0.0	0.0
179	r1	21.0	0.0	0.0
179	r2	23.0	0.0	0.0
179	rnapol	0.3333333333333333	0.0	0.0
180	__protein1_rbs	17.666666666666668	0.0	0.0
180	__protein2_rbs	19.0	0.0	0.0
180	__protein3_rbs	20.0	0.0	0.0
180	__ribosome	20.0	0.0	0.0
180	__rnase_site_ext	23.33333333333333	0.0	0.0
180	p0	1.0	0.0	0.0
180	p1	1.0	0.0	0.0
180	protein1	918.0	19.666666666666668	1.0301146666666667
180	protein2	1060.6666666666667	23.0	1.3445583333333335
180	protein3	1019.6666666666665	22.66666666666667	1.3568430000000002
180	r0	20.33333333333333	0.0	0.0
180	r1	22.66666666666667	0.0	0.0
180	r2	23.0	0.0	0.0
180	rnapol	0.0	0.0	0.0
181	__protein1_rbs	18.0	0.0	0.0
181	__protein2_rbs	19.0	0.0	0.0
181	__protein3_rbs	19.33333333333333	0.0	0.0
181	__ribosome	19.666666666666668	0.0	0.0
181	__rnase_site_ext	23.33333333333333	0.0	0.0
181	p0	1.0	0.0	0.0
181	p1	0.6666666666666666	0.0	0.0
181	protein1	925.3333333333335	20.33333333333333	0.988406
181	protein2	1069.3333333333333	23.0	1.2922506666666669
181	protein3	1025.0	22.66666666666667	1.4482193333333333
181	r0	20.666666666666668	0.0	0.0
181	r1	21.33333333333333	0.0	0.0
181	r2	22.33333333333333	0.0	0.0
181	rnapol	0.3333333333333333	0.0	0.0
182	__protein1_rbs	16.666666666666668	0.0	0.0
182	__protein2_rbs	20.666666666666668	0.0	0.0
182	__protein3_rbs	18.33333333333333	0.0	0.0
182	__ribosome	16.666666666666668	0.0	0.0
182	__rnase_site_ext	23.66666666666667	0.0	0.0
182	p0	1.0	0.0	0.0
182	p1	1.0	0.0	0.0
182	protein1	929.6666666666665	20.33333333333333	1.098550666666667
182	protein2	1074.6666666666667	23.33333333333333	1.3447293333333334
182	protein3	1031.3333333333333	22.0	1.470474
182	r0	20.666666666666668	0.0	0.0
182	r1	22.33333333333333	0.0	0.0
182	r2	22.0	0.0	0.0
182	rnapol	0.0	0.0	0.0
183	__protein1_rbs	18.0	0.0	0.0
183	__protein2_rbs	21.0	0.0	0.0
183	__protein3_rbs	18.0	0.0	0.0
183	__ribosome	17.333333333333332	0.0	0.0
183	__rnase_site_ext	23.66666666666667	0.0	0.0
183	p0	1.0	0.0	0.0
183	p1	0.6666666666666666	0.0	0.0
183	protein1	936.3333333333335	20.666666666666668	1.0606883333333337
183	protein2	1081.0	23.33333333333333	1.3390313333333337
183	protein3	1038.3333333333333	22.0	1.4102563333333336
183	r0	20.666666666666668	0.0	0.0
183	r1	22.0	0.0	0.0
183	r2	21.66666666666667	0.0	0.0
183	rnapol	0.3333333333333333	0.0	0.0
184	__protein1_rbs	16.666666666666668	0.0	0.0
184	__protein2_rbs	21.66666666666667	0.0	0.0
184	__protein3_rbs	17.666666666666668	0.0	0.0
184	__ribosome	19.0	0.0	0.0
184	__rnase_site_ext	22.66666666666667	0.0	0.0
184	p0	1.0	0.0	0.0
184	p1	1.0	0.0	0.0
184	protein1	942.3333333333335	19.666666666666668	1.123557
184	protein2	1089.3333333333333	23.66666666666667	1.311741
184	protein3	1048.3333333333333	22.0	1.2952653333333333
184	r0	20.0	0.0	0.0
184	r1	23.33333333333333	0.0	0.0
184	r2	22.66666666666667	0.0	0.0
184	rnapol	0.3333333333333333	0.0	0.0
185	__protein1_rbs	15.333333333333336	0.0	0.0
185	__protein2_rbs	21.0	0.0	0.0
185	__protein3_rbs	19.0	0.0	0.0
185	__ribosome	17.666666666666668	0.0	0.0
185	__rnase_site_ext	23.0	0.0	0.0
185	p0	1.0	0.0	0.0
185	p1	1.0	0.0	0.0
185	protein1	948.3333333333335	19.666666666666668	1.1508913333333333
185	protein2	1098.0	24.0	1.225371
185	protein3	1054.0	22.66666666666667	1.3628553333333333
185	r0	20.0	0.0	0.0
185	r1	23.33333333333333	0.0	0.0
185	r2	22.66666666666667	0.0	0.0
185	rnapol	0.3333333333333333	0.0	0.0
186	__protein1_rbs	16.0	0.0	0.0
186	__protein2_rbs	20.33333333333333	0.0	0.0
186	__protein3_rbs	19.0	0.0	0.0
186	__ribosome	17.0	0.0	0.0
186	__rnase_site_ext	22.33333333333333	0.0	0.0
186	p0	1.0	0.0	0.0
186	p1	1.0	0.0	0.0
186	protein1	956.3333333333335	19.666666666666668	1.0568626666666667
186	protein2	1104.0	24.0	1.2875743333333334
186	protein3	1059.3333333333333	22.33333333333333	1.4450056666666669
186	r0	19.666666666666668	0.0	0.0
186	r1	24.33333333333333	0.0	0.0
186	r2	22.66666666666667	0.0	0.0
186	rnapol	0.3333333333333333	0.0	0.0
187	__protein1_rbs	17.666666666666668	0.0	0.0
187	__protein2_rbs	20.0	0.0	0.0
187	__protein3_rbs	18.0	0.0	0.0
187	__ribosome	15.333333333333336	0.0	0.0
187	__rnase_site_ext	22.66666666666667	0.0	0.0
187	p0	0.6666666666666666	0.0	0.0
187	p1	1.0	0.0	0.0
187	protein1	961.0	19.33333333333333	1.060606
187	protein2	1111.0	24.0	1.283086333333333
187	protein3	1065.3333333333333	22.66666666666667	1.5115436666666666
187	r0	19.666666666666668	0.0	0.0
187	r1	22.33333333333333	0.0	0.0
187	r2	22.66666666666667	0.0	0.0
187	rnapol	0.0	0.0	0.0
188	__protein1_rbs	16.666666666666668	0.0	0.0
188	__protein2_rbs	20.0	0.0	0.0
188	__protein3_rbs	17.0	0.0	0.0
188	__ribosome	16.0	0.0	0.0
188	__rnase_site_ext	23.33333333333333	0.0	0.0
188	p0	1.0	0.0	0.0
188	p1	1.0	0.0	0.0
188	protein1	969.0	20.0	0.9554003333333334
188	protein2	1118.0	24.0	1.344814666666667
188	protein3	1073.6666666666667	22.0	1.544266
188	r0	20.33333333333333	0.0	0.0
188	r1	21.33333333333333	0.0	0.0
188	r2	22.33333333333333	0.0	0.0
188	rnapol	0.0	0.0	0.0
189	__protein1_rbs	17.333333333333332	0.0	0.0
189	__protein2_rbs	19.0	0.0	0.0
189	__protein3_rbs	18.33333333333333	0.0	0.0
189	__ribosome	17.333333333333332	0.0	0.0
189	__rnase_site_ext	23.0	0.0	0.0
189	p0	1.0	0.0	0.0
189	p1	1.0	0.0	0.0
189	protein1	975.0	20.0	0.8414823333333333
189	protein2	1124.6666666666667	24.0	1.3774073333333334
189	protein3	1080.3333333333333	22.33333333333333	1.517396
189	r0	20.0	0.0	0.0
189	r1	21.66666666666667	0.0	0.0
189	r2	22.33333333333333	0.0	0.0
189	rnapol	0.0	0.0	0.0
190	__protein1_rbs	16.666666666666668	0.0	0.0
190	__protein2_rbs	20.33333333333333	0.0	0.0
190	__protein3_rbs	18.666666666666668	0.0	0.0
190	__ribosome	19.666666666666668	0.0	0.0
190	__rnase_site_ext	22.66666666666667	0.0	0.0
190	p0	1.0	0.0	0.0
190	p1	1.0	0.0	0.0
190	protein1	980.0	20.0	0.964519
190	protein2	1134.3333333333333	24.0	1.271795
190	protein3	1089.0	22.66666666666667	1.4057236666666666
190	r0	20.0	0.0	0.0
190	r1	23.0	0.0	0.0
190	r2	22.66666666666667	0.0	0.0
190	rnapol	0.0	0.0	0.0
191	__protein1_rbs	17.333333333333332	0.0	0.0
191	__protein2_rbs	19.666666666666668	0.0	0.0
191	__protein3_rbs	17.666666666666668	0.0	0.0
191	__ribosome	17.666666666666668	0.0	0.0
191	__rnase_site_ext	23.33333333333333	0.0	0.0
191	p0	0.6666666666666666	0.0	0.0
191	p1	0.3333333333333333	0.0	0.0
191	protein1	985.6666666666665	20.0	0.95671
191	protein2	1140.6666666666667	24.0	1.3097530000000002
191	protein3	1095.0	23.0	1.424869
191	r0	20.0	0.0	0.0
191	r1	22.66666666666667	0.0	0.0
191	r2	23.0	0.0	0.0
191	rnapol	0.0	0.0	0.0
192	__protein1_rbs	15.666666666666664	0.0	0.0
192	__protein2_rbs	22.0	0.0	0.0
192	__protein3_rbs	19.666666666666668	0.0	0.0
192	__ribosome	17.333333333333332	0.0	0.0
192	__rnase_site_ext	23.66666666666667	0.0	0.0
192	p0	1.0	0.0	0.0
192	p1	1.0	0.0	0.0
192	protein1	991.0	20.33333333333333	1.0447366666666669
192	protein2	1146.0	24.33333333333333	1.2965336666666667
192	protein3	1102.6666666666667	23.0	1.347573666666667
192	r0	20.33333333333333	0.0	0.0
192	r1	23.66666666666667	0.0	0.0
192	r2	23.0	0.0	0.0
192	rnapol	0.3333333333333333	0.0	0.0
193	__protein1_rbs	16.666666666666668	0.0	0.0
193	__protein2_rbs	19.33333333333333	0.0	0.0
193	__protein3_rbs	19.33333333333333	0.0	0.0
193	__ribosome	20.666666666666668	0.0	0.0
193	__rnase_site_ext	23.0	0.0	0.0
193	p0	1.0	0.0	0.0
193	p1	1.0	0.0	0.0
193	protein1	998.6666666666665	20.33333333333333	0.9632036666666668
193	protein2	1154.6666666666667	23.66666666666667	1.282564
193	protein3	1110.6666666666667	23.33333333333333	1.3090910000000002
193	r0	20.33333333333333	0.0	0.0
193	r1	21.66666666666667	0.0	0.0
193	r2	23.66666666666667	0.0	0.0
193	rnapol	0.6666666666666666	0.0	0.0
194	__protein1_rbs	16.0	0.0	0.0
194	__protein2_rbs	19.666666666666668	0.0	0.0
194	__protein3_rbs	20.0	0.0	0.0
194	__ribosome	16.666666666666668	0.0	0.0
194	__rnase_site_ext	23.66666666666667	0.0	0.0
194	p0	0.6666666666666666	0.0	0.0
194	p1	1.0	0.0	0.0
194	protein1	1003.3333333333335	20.0	1.085522
194	protein2	1163.3333333333333	23.66666666666667	1.267436
194	protein3	1114.3333333333333	23.66666666666667	1.3889233333333333
194	r0	20.33333333333333	0.0	0.0
194	r1	21.33333333333333	0.0	0.0
194	r2	23.33333333333333	0.0	0.0
194	rnapol	0.3333333333333333	0.0	0.0
195	__protein1_rbs	18.0	0.0	0.0
195	__protein2_rbs	20.0	0.0	0.0
195	__protein3_rbs	21.33333333333333	0.0	0.0
195	__ribosome	20.33333333333333	0.0	0.0
195	__rnase_site_ext	23.0	0.0	0.0
195	p0	1.0	0.0	0.0
195	p1	0.6666666666666666	0.0	0.0
195	protein1	1008.0	20.0	1.0502646666666668
195	protein2	1169.6666666666667	23.66666666666667	1.2948716666666666
195	protein3	1123.3333333333333	23.66666666666667	1.194617
195	r0	20.33333333333333	0.0	0.0
195	r1	21.66666666666667	0.0	0.0
195	r2	23.66666666666667	0.0	0.0
195	rnapol	0.0	0.0	0.0
196	__protein1_rbs	17.333333333333332	0.0	0.0
196	__protein2_rbs	17.666666666666668	0.0	0.0
196	__protein3_rbs	19.33333333333333	0.0	0.0
196	__ribosome	18.0	0.0	0.0
196	__rnase_site_ext	22.66666666666667	0.0	0.0
196	p0	1.0	0.0	0.0
196	p1	0.6666666666666666	0.0	0.0
196	protein1	1015.0	19.666666666666668	0.9597883333333334
196	protein2	1178.3333333333333	23.33333333333333	1.363675
196	protein3	1129.3333333333333	24.33333333333333	1.2982760000000002
196	r0	19.666666666666668	0.0	0.0
196	r1	22.0	0.0	0.0
196	r2	24.66666666666667	0.0	0.0
196	rnapol	0.3333333333333333	0.0	0.0
197	__protein1_rbs	16.333333333333332	0.0	0.0
197	__protein2_rbs	20.33333333333333	0.0	0.0
197	__protein3_rbs	19.33333333333333	0.0	0.0
197	__ribosome	18.666666666666668	0.0	0.0
197	__rnase_site_ext	22.33333333333333	0.0	0.0
197	p0	0.6666666666666666	0.0	0.0
197	p1	1.0	0.0	0.0
197	protein1	1023.0	19.666666666666668	0.9238096666666666
197	protein2	1183.6666666666667	23.0	1.3966666666666665
197	protein3	1137.6666666666667	24.33333333333333	1.2792143333333337
197	r0	19.666666666666668	0.0	0.0
197	r1	23.0	0.0	0.0
197	r2	24.33333333333333	0.0	0.0
197	rnapol	0.0	0.0	0.0
198	__protein1_rbs	16.0	0.0	0.0
198	__protein2_rbs	20.33333333333333	0.0	0.0
198	__protein3_rbs	21.0	0.0	0.0
198	__ribosome	17.0	0.0	0.0
198	__rnase_site_ext	22.66666666666667	0.0	0.0
198	p0	0.6666666666666666	0.0	0.0
198	p1	0.3333333333333333	0.0	0.0
198	protein1	1028.0	19.666666666666668	1.0272020000000002
198	protein2	1192.0	23.33333333333333	1.3805553333333336
198	protein3	1143.3333333333333	24.0	1.2786106666666668
198	r0	19.666666666666668	0.0	0.0
198	r1	22.0	0.0	0.0
198	r2	23.66666666666667	0.0	0.0
198	rnapol	0.3333333333333333	0.0	0.0
199	__protein1_rbs	17.333333333333332	0.0	0.0
199	__protein2_rbs	19.666666666666668	0.0	0.0
199	__protein3_rbs	20.666666666666668	0.0	0.0
199	__ribosome	15.666666666666664	0.0	0.0
199	__rnase_site_ext	22.33333333333333	0.0	0.0
199	p0	1.0	0.0	0.0
199	p1	1.0	0.0	0.0
199	protein1	1033.0	19.33333333333333	1.050505
199	protein2	1199.0	24.33333333333333	1.4271329999999998
199	protein3	1149.3333333333333	23.0	1.2931996666666667
199	r0	19.666666666666668	0.0	0.0
199	r1	23.0	0.0	0.0
199	r2	23.0	0.0	0.0
199	rnapol	0.6666666666666666	0.0	0.0
200	__protein1_rbs	16.0	0.0	0.0
200	__protein2_rbs	20.666666666666668	0.0	0.0
200	__protein3_rbs	19.666666666666668	0.0	0.0
200	__ribosome	17.333333333333332	0.0	0.0
200	__rnase_site_ext	22.0	0.0	0.0
200	p0	1.0	0.0	0.0
200	p1	0.3333333333333333	0.0	0.0
200	protein1	1038.3333333333333	19.33333333333333	1.034953
200	protein2	1207.3333333333333	24.33333333333333	1.403683
200	protein3	1156.6666666666667	22.66666666666667	1.2821393333333335
200	r0	19.33333333333333	0.0	0.0
200	r1	22.0	0.0	0.0
200	r2	22.66666666666667	0.0	0.0
200	rnapol	0.3333333333333333	0.0	0.0
201	__protein1_rbs	14.666666666666664	0.0	0.0
201	__protein2_rbs	21.66666666666667	0.0	0.0
201	__protein3_rbs	17.0	0.0	0.0
201	__ribosome	20.0	0.0	0.0
201	__rnase_site_ext	22.66666666666667	0.0	0.0
201	p0	0.6666666666666666	0.0	0.0
201	p1	1.0	0.0	0.0
201	protein1	1046.6666666666667	19.33333333333333	0.9482333333333332
201	protein2	1215.3333333333333	24.66666666666667	1.378885333333333
201	protein3	1164.3333333333333	22.33333333333333	1.2706633333333333
201	r0	19.666666666666668	0.0	0.0
201	r1	24.0	0.0	0.0
201	r2	22.33333333333333	0.0	0.0
201	rnapol	0.0	0.0	0.0
202	__protein1_rbs	14.333333333333336	0.0	0.0
202	__protein2_rbs	18.666666666666668	0.0	0.0
202	__protein3_rbs	20.33333333333333	0.0	0.0
202	__ribosome	17.333333333333332	0.0	0.0
202	__rnase_site_ext	22.33333333333333	0.0	0.0
202	p0	1.0	0.0	0.0
202	p1	0.6666666666666666	0.0	0.0
202	protein1	1051.0	19.666666666666668	1.1166600000000002
202	protein2	1223.0	24.33333333333333	1.4382663333333332
202	protein3	1171.6666666666667	22.66666666666667	1.1453623333333336
202	r0	19.666666666666668	0.0	0.0
202	r1	22.0	0.0	0.0
202	r2	22.66666666666667	0.0	0.0
202	rnapol	0.0	0.0	0.0
203	__protein1_rbs	18.0	0.0	0.0
203	__protein2_rbs	19.0	0.0	0.0
203	__protein3_rbs	18.666666666666668	0.0	0.0
203	__ribosome	19.33333333333333	0.0	0.0
203	__rnase_site_ext	22.33333333333333	0.0	0.0
203	p0	1.0	0.0	0.0
203	p1	1.0	0.0	0.0
203	protein1	1056.6666666666667	19.0	1.0978260000000002
203	protein2	1232.3333333333333	24.66666666666667	1.352998666666667
203	protein3	1177.6666666666667	23.0	1.1563836666666667
203	r0	19.0	0.0	0.0
203	r1	22.66666666666667	0.0	0.0
203	r2	23.33333333333333	0.0	0.0
203	rnapol	0.3333333333333333	0.0	0.0
204	__protein1_rbs	15.333333333333336	0.0	0.0
204	__protein2_rbs	22.33333333333333	0.0	0.0
204	__protein3_rbs	19.666666666666668	0.0	0.0
204	__ribosome	18.33333333333333	0.0	0.0
204	__rnase_site_ext	22.0	0.0	0.0
204	p0	1.0	0.0	0.0
204	p1	1.0	0.0	0.0
204	protein1	1061.6666666666667	19.33333333333333	1.1736113333333331
204	protein2	1240.0	24.0	1.2861303333333334
204	protein3	1182.6666666666667	23.33333333333333	1.2112066666666663
204	r0	19.0	0.0	0.0
204	r1	23.33333333333333	0.0	0.0
204	r2	22.66666666666667	0.0	0.0
204	rnapol	0.0	0.0	0.0
205	__protein1_rbs	15.0	0.0	0.0
205	__protein2_rbs	19.33333333333333	0.0	0.0
205	__protein3_rbs	19.666666666666668	0.0	0.0
205	__ribosome	19.0	0.0	0.0
205	__rnase_site_ext	22.33333333333333	0.0	0.0
205	p0	1.0	0.0	0.0
205	p1	0.6666666666666666	0.0	0.0
205	protein1	1069.3333333333333	19.0	1.076389
205	protein2	1246.6666666666667	23.66666666666667	1.4066586666666667
205	protein3	1188.6666666666667	23.0	1.2089020000000001
205	r0	19.0	0.0	0.0
205	r1	21.33333333333333	0.0	0.0
205	r2	23.66666666666667	0.0	0.0
205	rnapol	0.0	0.0	0.0
206	__protein1_rbs	16.0	0.0	0.0
206	__protein2_rbs	19.0	0.0	0.0
206	__protein3_rbs	19.33333333333333	0.0	0.0
206	__ribosome	19.33333333333333	0.0	0.0
206	__rnase_site_ext	22.33333333333333	0.0	0.0
206	p0	1.0	0.0	0.0
206	p1	1.0	0.0	0.0
206	protein1	1076.3333333333333	19.33333333333333	1.0330113333333335
206	protein2	1255.3333333333333	24.33333333333333	1.322882
206	protein3	1195.0	23.33333333333333	1.2447549999999998
206	r0	19.33333333333333	0.0	0.0
206	r1	22.66666666666667	0.0	0.0
206	r2	23.33333333333333	0.0	0.0
206	rnapol	0.0	0.0	0.0
207	__protein1_rbs	16.333333333333332	0.0	0.0
207	__protein2_rbs	19.666666666666668	0.0	0.0
207	__protein3_rbs	20.0	0.0	0.0
207	__ribosome	17.0	0.0	0.0
207	__rnase_site_ext	22.33333333333333	0.0	0.0
207	p0	0.6666666666666666	0.0	0.0
207	p1	1.0	0.0	0.0
207	protein1	1081.3333333333333	19.33333333333333	1.0878093333333332
207	protein2	1263.3333333333333	23.33333333333333	1.3776223333333333
207	protein3	1201.6666666666667	23.66666666666667	1.2794613333333336
207	r0	19.33333333333333	0.0	0.0
207	r1	21.33333333333333	0.0	0.0
207	r2	24.0	0.0	0.0
207	rnapol	0.6666666666666666	0.0	0.0
208	__protein1_rbs	16.333333333333332	0.0	0.0
208	__protein2_rbs	18.666666666666668	0.0	0.0
208	__protein3_rbs	21.0	0.0	0.0
208	__ribosome	15.333333333333336	0.0	0.0
208	__rnase_site_ext	23.0	0.0	0.0
208	p0	1.0	0.0	0.0
208	p1	1.0	0.0	0.0
208	protein1	1085.3333333333333	19.33333333333333	1.1505153333333336
208	protein2	1271.6666666666667	23.33333333333333	1.3525730000000002
208	protein3	1207.3333333333333	24.0	1.305812
208	r0	19.666666666666668	0.0	0.0
208	r1	21.66666666666667	0.0	0.0
208	r2	24.0	0.0	0.0
208	rnapol	0.0	0.0	0.0
209	__protein1_rbs	17.0	0.0	0.0
209	__protein2_rbs	19.666666666666668	0.0	0.0
209	__protein3_rbs	20.0	0.0	0.0
209	__ribosome	17.333333333333332	0.0	0.0
209	__rnase_site_ext	23.0	0.0	0.0
209	p0	1.0	0.0	0.0
209	p1	0.6666666666666666	0.0	0.0
209	protein1	1094.3333333333333	19.666666666666668	1.0854496666666666
209	protein2	1278.6666666666667	23.33333333333333	1.2687186666666666
209	protein3	1213.3333333333333	23.66666666666667	1.3675643333333334
209	r0	19.666666666666668	0.0	0.0
209	r1	21.33333333333333	0.0	0.0
209	r2	23.0	0.0	0.0
209	rnapol	0.6666666666666666	0.0	0.0
210	__protein1_rbs	16.666666666666668	0.0	0.0
210	__protein2_rbs	19.0	0.0	0.0
210	__protein3_rbs	20.0	0.0	0.0
210	__ribosome	18.0	0.0	0.0
210	__rnase_site_ext	23.0	0.0	0.0
210	p0	0.6666666666666666	0.0	0.0
210	p1	0.6666666666666666	0.0	0.0
210	protein1	1100.3333333333333	19.666666666666668	1.0537036666666666
210	protein2	1285.6666666666667	23.0	1.287486
210	protein3	1219.6666666666667	23.66666666666667	1.3592276666666667
210	r0	19.666666666666668	0.0	0.0
210	r1	21.33333333333333	0.0	0.0
210	r2	23.66666666666667	0.0	0.0
210	rnapol	0.3333333333333333	0.0	0.0
211	__protein1_rbs	18.33333333333333	0.0	0.0
211	__protein2_rbs	19.33333333333333	0.0	0.0
211	__protein3_rbs	19.0	0.0	0.0
211	__ribosome	19.0	0.0	0.0
211	__rnase_site_ext	23.0	0.0	0.0
211	p0	0.6666666666666666	0.0	0.0
211	p1	0.6666666666666666	0.0	0.0
211	protein1	1106.3333333333333	20.0	1.0382623333333334
211	protein2	1292.6666666666667	23.0	1.2768956666666669
211	protein3	1227.3333333333333	23.33333333333333	1.33683
211	r0	20.0	0.0	0.0
211	r1	22.33333333333333	0.0	0.0
211	r2	23.33333333333333	0.0	0.0
211	rnapol	0.6666666666666666	0.0	0.0
212	__protein1_rbs	17.0	0.0	0.0
212	__protein2_rbs	20.0	0.0	0.0
212	__protein3_rbs	18.0	0.0	0.0
212	__ribosome	20.666666666666668	0.0	0.0
212	__rnase_site_ext	24.0	0.0	0.0
212	p0	1.0	0.0	0.0
212	p1	1.0	0.0	0.0
212	protein1	1114.0	20.666666666666668	1.0117336666666663
212	protein2	1301.6666666666667	23.33333333333333	1.210197
212	protein3	1235.6666666666667	23.0	1.343030333333333
212	r0	21.0	0.0	0.0
212	r1	21.0	0.0	0.0
212	r2	23.0	0.0	0.0
212	rnapol	0.0	0.0	0.0
213	__protein1_rbs	17.666666666666668	0.0	0.0
213	__protein2_rbs	19.33333333333333	0.0	0.0
213	__protein3_rbs	19.0	0.0	0.0
213	__ribosome	14.333333333333336	0.0	0.0
213	__rnase_site_ext	23.0	0.0	0.0
213	p0	1.0	0.0	0.0
213	p1	1.0	0.0	0.0
213	protein1	1119.0	20.33333333333333	1.053872
213	protein2	1306.0	23.33333333333333	1.350809666666667
213	protein3	1241.6666666666667	23.0	1.4721213333333336
213	r0	20.33333333333333	0.0	0.0
213	r1	21.66666666666667	0.0	0.0
213	r2	23.0	0.0	0.0
213	rnapol	0.3333333333333333	0.0	0.0
214	__protein1_rbs	18.666666666666668	0.0	0.0
214	__protein2_rbs	19.0	0.0	0.0
214	__protein3_rbs	19.0	0.0	0.0
214	__ribosome	16.666666666666668	0.0	0.0
214	__rnase_site_ext	23.33333333333333	0.0	0.0
214	p0	1.0	0.0	0.0
214	p1	0.6666666666666666	0.0	0.0
214	protein1	1126.3333333333333	20.33333333333333	0.8278016666666668
214	protein2	1312.6666666666667	23.33333333333333	1.4389129999999999
214	protein3	1248.0	23.0	1.471399
214	r0	20.666666666666668	0.0	0.0
214	r1	22.33333333333333	0.0	0.0
214	r2	22.66666666666667	0.0	0.0
214	rnapol	0.3333333333333333	0.0	0.0
215	__protein1_rbs	18.33333333333333	0.0	0.0
215	__protein2_rbs	16.666666666666668	0.0	0.0
215	__protein3_rbs	21.0	0.0	0.0
215	__ribosome	17.0	0.0	0.0
215	__rnase_site_ext	24.0	0.0	0.0
215	p0	1.0	0.0	0.0
215	p1	0.6666666666666666	0.0	0.0
215	protein1	1132.3333333333333	20.666666666666668	0.7996633333333333
215	protein2	1320.0	23.0	1.5042423333333332
215	protein3	1254.3333333333333	22.33333333333333	1.447958
215	r0	21.0	0.0	0.0
215	r1	21.33333333333333	0.0	0.0
215	r2	22.33333333333333	0.0	0.0
215	rnapol	0.0	0.0	0.0
216	__protein1_rbs	15.333333333333336	0.0	0.0
216	__protein2_rbs	20.666666666666668	0.0	0.0
216	__protein3_rbs	20.33333333333333	0.0	0.0
216	__ribosome	14.666666666666664	0.0	0.0
216	__rnase_site_ext	22.66666666666667	0.0	0.0
216	p0	0.6666666666666666	0.0	0.0
216	p1	1.0	0.0	0.0
216	protein1	1137.6666666666667	20.33333333333333	0.9677726666666668
216	protein2	1327.3333333333333	23.66666666666667	1.5030910000000002
216	protein3	1262.0	22.33333333333333	1.3603423333333335
216	r0	20.33333333333333	0.0	0.0
216	r1	23.66666666666667	0.0	0.0
216	r2	22.33333333333333	0.0	0.0
216	rnapol	0.0	0.0	0.0
217	__protein1_rbs	16.0	0.0	0.0
217	__protein2_rbs	20.0	0.0	0.0
217	__protein3_rbs	19.33333333333333	0.0	0.0
217	__ribosome	19.666666666666668	0.0	0.0
217	__rnase_site_ext	22.66666666666667	0.0	0.0
217	p0	1.0	0.0	0.0
217	p1	0.6666666666666666	0.0	0.0
217	protein1	1141.6666666666667	20.0	1.0772726666666663
217	protein2	1337.3333333333333	23.66666666666667	1.397182666666667
217	protein3	1271.6666666666667	22.33333333333333	1.1649413333333334
217	r0	20.0	0.0	0.0
217	r1	22.33333333333333	0.0	0.0
217	r2	22.66666666666667	0.0	0.0
217	rnapol	0.0	0.0	0.0
218	__protein1_rbs	16.333333333333332	0.0	0.0
218	__protein2_rbs	19.0	0.0	0.0
218	__protein3_rbs	19.0	0.0	0.0
218	__ribosome	19.0	0.0	0.0
218	__rnase_site_ext	22.33333333333333	0.0	0.0
218	p0	1.0	0.0	0.0
218	p1	1.0	0.0	0.0
218	protein1	1148.0	19.33333333333333	1.146261
218	protein2	1344.3333333333333	23.66666666666667	1.435287
218	protein3	1278.6666666666667	22.66666666666667	1.1216353333333335
218	r0	19.666666666666668	0.0	0.0
218	r1	22.33333333333333	0.0	0.0
218	r2	22.0	0.0	0.0
218	rnapol	0.0	0.0	0.0
219	__protein1_rbs	16.0	0.0	0.0
219	__protein2_rbs	20.0	0.0	0.0
219	__protein3_rbs	18.666666666666668	0.0	0.0
219	__ribosome	19.33333333333333	0.0	0.0
219	__rnase_site_ext	22.33333333333333	0.0	0.0
219	p0	1.0	0.0	0.0
219	p1	1.0	0.0	0.0
219	protein1	1153.0	19.33333333333333	1.149958
219	protein2	1352.3333333333333	24.0	1.3582946666666669
219	protein3	1286.3333333333333	22.33333333333333	1.1718423333333332
219	r0	19.33333333333333	0.0	0.0
219	r1	23.0	0.0	0.0
219	r2	23.0	0.0	0.0
219	rnapol	0.3333333333333333	0.0	0.0
220	__protein1_rbs	15.333333333333336	0.0	0.0
220	__protein2_rbs	19.0	0.0	0.0
220	__protein3_rbs	19.33333333333333	0.0	0.0
220	__ribosome	17.666666666666668	0.0	0.0
220	__rnase_site_ext	23.0	0.0	0.0
220	p0	1.0	0.0	0.0
220	p1	0.6666666666666666	0.0	0.0
220	protein1	1160.3333333333333	19.33333333333333	1.0850736666666667
220	protein2	1362.0	24.0	1.3232323333333331
220	protein3	1290.3333333333333	23.0	1.313492
220	r0	19.666666666666668	0.0	0.0
220	r1	23.0	0.0	0.0
220	r2	23.0	0.0	0.0
220	rnapol	0.0	0.0	0.0
221	__protein1_rbs	14.666666666666664	0.0	0.0
221	__protein2_rbs	20.33333333333333	0.0	0.0
221	__protein3_rbs	18.666666666666668	0.0	0.0
221	__ribosome	17.333333333333332	0.0	0.0
221	__rnase_site_ext	21.66666666666667	0.0	0.0
221	p0	1.0	0.0	0.0
221	p1	1.0	0.0	0.0
221	protein1	1168.3333333333333	19.33333333333333	0.9949496666666664
221	protein2	1368.3333333333333	24.0	1.3311966666666666
221	protein3	1296.0	23.0	1.3884333333333334
221	r0	19.33333333333333	0.0	0.0
221	r1	23.0	0.0	0.0
221	r2	22.66666666666667	0.0	0.0
221	rnapol	0.6666666666666666	0.0	0.0
222	__protein1_rbs	17.666666666666668	0.0	0.0
222	__protein2_rbs	19.33333333333333	0.0	0.0
222	__protein3_rbs	20.0	0.0	0.0
222	__ribosome	18.666666666666668	0.0	0.0
222	__rnase_site_ext	22.66666666666667	0.0	0.0
222	p0	1.0	0.0	0.0
222	p1	1.0	0.0	0.0
222	protein1	1172.3333333333333	19.33333333333333	1.0016836666666664
222	protein2	1376.0	23.66666666666667	1.2726256666666669
222	protein3	1301.3333333333333	22.66666666666667	1.4221013333333332
222	r0	19.666666666666668	0.0	0.0
222	r1	23.0	0.0	0.0
222	r2	23.0	0.0	0.0
222	rnapol	0.0	0.0	0.0
223	__protein1_rbs	16.0	0.0	0.0
223	__protein2_rbs	18.666666666666668	0.0	0.0
223	__protein3_rbs	18.666666666666668	0.0	0.0
223	__ribosome	18.666666666666668	0.0	0.0
223	__rnase_site_ext	22.0	0.0	0.0
223	p0	1.0	0.0	0.0
223	p1	1.0	0.0	0.0
223	protein1	1179.0	19.33333333333333	0.9190823333333332
223	protein2	1384.0	23.66666666666667	1.2973913333333331
223	protein3	1308.3333333333333	22.66666666666667	1.4677360000000002
223	r0	19.33333333333333	0.0	0.0
223	r1	21.33333333333333	0.0	0.0
223	r2	23.0	0.0	0.0
223	rnapol	1.0	0.0	0.0
224	__protein1_rbs	16.666666666666668	0.0	0.0
224	__protein2_rbs	19.0	0.0	0.0
224	__protein3_rbs	18.33333333333333	0.0	0.0
224	__ribosome	20.33333333333333	0.0	0.0
224	__rnase_site_ext	21.66666666666667	0.0	0.0
224	p0	0.6666666666666666	0.0	0.0
224	p1	1.0	0.0	0.0
224	protein1	1185.0	19.0	0.8587153333333334
224	protein2	1391.666666666667	22.66666666666667	1.3238383333333337
224	protein3	1315.6666666666667	22.0	1.5298013333333331
224	r0	19.33333333333333	0.0	0.0
224	r1	22.0	0.0	0.0
224	r2	22.0	0.0	0.0
224	rnapol	0.6666666666666666	0.0	0.0
225	__protein1_rbs	15.333333333333336	0.0	0.0
225	__protein2_rbs	17.0	0.0	0.0
225	__protein3_rbs	19.0	0.0	0.0
225	__ribosome	16.333333333333332	0.0	0.0
225	__rnase_site_ext	22.66666666666667	0.0	0.0
225	p0	0.6666666666666666	0.0	0.0
225	p1	0.6666666666666666	0.0	0.0
225	protein1	1189.6666666666667	19.666666666666668	0.8868510000000001
225	protein2	1399.0	22.33333333333333	1.4383393333333334
225	protein3	1323.0	22.33333333333333	1.516908
225	r0	19.666666666666668	0.0	0.0
225	r1	21.66666666666667	0.0	0.0
225	r2	22.33333333333333	0.0	0.0
225	rnapol	0.3333333333333333	0.0	0.0
226	__protein1_rbs	17.666666666666668	0.0	0.0
226	__protein2_rbs	18.666666666666668	0.0	0.0
226	__protein3_rbs	18.0	0.0	0.0
226	__ribosome	15.333333333333336	0.0	0.0
226	__rnase_site_ext	22.66666666666667	0.0	0.0
226	p0	0.6666666666666666	0.0	0.0
226	p1	1.0	0.0	0.0
226	protein1	1194.3333333333333	20.0	0.8363636666666667
226	protein2	1404.666666666667	22.33333333333333	1.5415873333333332
226	protein3	1330.6666666666667	22.33333333333333	1.4920946666666666
226	r0	19.666666666666668	0.0	0.0
226	r1	22.0	0.0	0.0
226	r2	22.66666666666667	0.0	0.0
226	rnapol	0.0	0.0	0.0
227	__protein1_rbs	17.0	0.0	0.0
227	__protein2_rbs	20.0	0.0	0.0
227	__protein3_rbs	18.0	0.0	0.0
227	__ribosome	18.33333333333333	0.0	0.0
227	__rnase_site_ext	22.66666666666667	0.0	0.0
227	p0	1.0	0.0	0.0
227	p1	1.0	0.0	0.0
227	protein1	1199.3333333333333	20.0	0.785017
227	protein2	1412.0	22.66666666666667	1.3789896666666668
227	protein3	1338.3333333333333	22.66666666666667	1.5270093333333332
227	r0	20.0	0.0	0.0
227	r1	20.666666666666668	0.0	0.0
227	r2	22.66666666666667	0.0	0.0
227	rnapol	0.3333333333333333	0.0	0.0
228	__protein1_rbs	16.666666666666668	0.0	0.0
228	__protein2_rbs	20.33333333333333	0.0	0.0
228	__protein3_rbs	18.33333333333333	0.0	0.0
228	__ribosome	17.333333333333332	0.0	0.0
228	__rnase_site_ext	23.0	0.0	0.0
228	p0	1.0	0.0	0.0
228	p1	0.6666666666666666	0.0	0.0
228	protein1	1204.6666666666667	20.0	0.8735690000000002
228	protein2	1420.0	23.0	1.2546343333333334
228	protein3	1344.6666666666667	22.66666666666667	1.601449
228	r0	20.0	0.0	0.0
228	r1	22.66666666666667	0.0	0.0
228	r2	22.66666666666667	0.0	0.0
228	rnapol	0.0	0.0	0.0
229	__protein1_rbs	17.0	0.0	0.0
229	__protein2_rbs	19.0	0.0	0.0
229	__protein3_rbs	18.33333333333333	0.0	0.0
229	__ribosome	18.666666666666668	0.0	0.0
229	__rnase_site_ext	23.66666666666667	0.0	0.0
229	p0	1.0	0.0	0.0
229	p1	0.6666666666666666	0.0	0.0
229	protein1	1209.3333333333333	20.33333333333333	0.990177
229	protein2	1429.666666666667	23.66666666666667	1.1675283333333333
229	protein3	1354.0	22.0	1.530303
229	r0	20.33333333333333	0.0	0.0
229	r1	21.0	0.0	0.0
229	r2	22.0	0.0	0.0
229	rnapol	0.3333333333333333	0.0	0.0
230	__protein1_rbs	15.666666666666664	0.0	0.0
230	__protein2_rbs	19.33333333333333	0.0	0.0
230	__protein3_rbs	18.0	0.0	0.0
230	__ribosome	15.0	0.0	0.0
230	__rnase_site_ext	23.33333333333333	0.0	0.0
230	p0	1.0	0.0	0.0
230	p1	0.6666666666666666	0.0	0.0
230	protein1	1213.6666666666667	20.0	1.1239056666666667
230	protein2	1437.0	23.66666666666667	1.209033
230	protein3	1360.3333333333333	22.0	1.5454543333333337
230	r0	20.33333333333333	0.0	0.0
230	r1	23.0	0.0	0.0
230	r2	22.33333333333333	0.0	0.0
230	rnapol	0.3333333333333333	0.0	0.0
231	__protein1_rbs	15.333333333333336	0.0	0.0
231	__protein2_rbs	20.666666666666668	0.0	0.0
231	__protein3_rbs	18.33333333333333	0.0	0.0
231	__ribosome	15.666666666666664	0.0	0.0
231	__rnase_site_ext	22.66666666666667	0.0	0.0
231	p0	1.0	0.0	0.0
231	p1	1.0	0.0	0.0
231	protein1	1219.6666666666667	20.0	1.173064
231	protein2	1442.333333333333	23.33333333333333	1.242424
231	protein3	1369.0	22.0	1.4549846666666668
231	r0	20.0	0.0	0.0
231	r1	21.66666666666667	0.0	0.0
231	r2	21.66666666666667	0.0	0.0
231	rnapol	0.3333333333333333	0.0	0.0
232	__protein1_rbs	16.333333333333332	0.0	0.0
232	__protein2_rbs	19.666666666666668	0.0	0.0
232	__protein3_rbs	18.666666666666668	0.0	0.0
232	__ribosome	16.666666666666668	0.0	0.0
232	__rnase_site_ext	23.66666666666667	0.0	0.0
232	p0	1.0	0.0	0.0
232	p1	1.0	0.0	0.0
232	protein1	1226.0	20.0	1.1799663333333337
232	protein2	1447.333333333333	23.33333333333333	1.328671333333333
232	protein3	1377.666666666667	22.33333333333333	1.2839263333333333
232	r0	20.33333333333333	0.0	0.0
232	r1	22.0	0.0	0.0
232	r2	22.33333333333333	0.0	0.0
232	rnapol	0.0	0.0	0.0
233	__protein1_rbs	17.333333333333332	0.0	0.0
233	__protein2_rbs	19.33333333333333	0.0	0.0
233	__protein3_rbs	18.33333333333333	0.0	0.0
233	__ribosome	20.0	0.0	0.0
233	__rnase_site_ext	24.0	0.0	0.0
233	p0	0.6666666666666666	0.0	0.0
233	p1	1.0	0.0	0.0
233	protein1	1234.0	20.666666666666668	1.0400076666666669
233	protein2	1454.666666666667	23.0	1.322424
233	protein3	1384.666666666667	22.33333333333333	1.253623333333333
233	r0	20.666666666666668	0.0	0.0
233	r1	22.0	0.0	0.0
233	r2	21.66666666666667	0.0	0.0
233	rnapol	0.0	0.0	0.0
234	__protein1_rbs	16.666666666666668	0.0	0.0
234	__protein2_rbs	17.666666666666668	0.0	0.0
234	__protein3_rbs	18.666666666666668	0.0	0.0
234	__ribosome	21.66666666666667	0.0	0.0
234	__rnase_site_ext	24.0	0.0	0.0
234	p0	1.0	0.0	0.0
234	p1	1.0	0.0	0.0
234	protein1	1240.0	20.666666666666668	1.138908
234	protein2	1464.0	23.0	1.239242
234	protein3	1392.0	21.66666666666667	1.2301586666666668
234	r0	20.666666666666668	0.0	0.0
234	r1	20.666666666666668	0.0	0.0
234	r2	22.0	0.0	0.0
234	rnapol	0.0	0.0	0.0
235	__protein1_rbs	16.333333333333332	0.0	0.0
235	__protein2_rbs	18.666666666666668	0.0	0.0
235	__protein3_rbs	18.666666666666668	0.0	0.0
235	__ribosome	19.33333333333333	0.0	0.0
235	__rnase_site_ext	24.0	0.0	0.0
235	p0	1.0	0.0	0.0
235	p1	1.0	0.0	0.0
235	protein1	1247.6666666666667	20.666666666666668	1.106934
235	protein2	1470.333333333333	22.66666666666667	1.3202900000000002
235	protein3	1398.0	22.0	1.272727
235	r0	21.0	0.0	0.0
235	r1	21.0	0.0	0.0
235	r2	22.33333333333333	0.0	0.0
235	rnapol	0.3333333333333333	0.0	0.0
236	__protein1_rbs	18.0	0.0	0.0
236	__protein2_rbs	20.0	0.0	0.0
236	__protein3_rbs	19.0	0.0	0.0
236	__ribosome	18.0	0.0	0.0
236	__rnase_site_ext	23.66666666666667	0.0	0.0
236	p0	1.0	0.0	0.0
236	p1	0.6666666666666666	0.0	0.0
236	protein1	1254.3333333333333	21.0	1.0824163333333334
236	protein2	1476.666666666667	23.0	1.3894443333333335
236	protein3	1403.0	22.0	1.2424243333333334
236	r0	21.0	0.0	0.0
236	r1	22.33333333333333	0.0	0.0
236	r2	22.0	0.0	0.0
236	rnapol	0.6666666666666666	0.0	0.0
237	__protein1_rbs	17.333333333333332	0.0	0.0
237	__protein2_rbs	19.33333333333333	0.0	0.0
237	__protein3_rbs	19.0	0.0	0.0
237	__ribosome	18.0	0.0	0.0
237	__rnase_site_ext	24.0	0.0	0.0
237	p0	0.6666666666666666	0.0	0.0
237	p1	0.6666666666666666	0.0	0.0
237	protein1	1259.3333333333333	21.0	1.1286436666666666
237	protein2	1484.0	23.33333333333333	1.385897333333333
237	protein3	1409.333333333333	22.0	1.1818183333333334
237	r0	21.0	0.0	0.0
237	r1	21.66666666666667	0.0	0.0
237	r2	22.33333333333333	0.0	0.0
237	rnapol	0.3333333333333333	0.0	0.0
238	__protein1_rbs	16.666666666666668	0.0	0.0
238	__protein2_rbs	20.0	0.0	0.0
238	__protein3_rbs	19.666666666666668	0.0	0.0
238	__ribosome	18.33333333333333	0.0	0.0
238	__rnase_site_ext	23.66666666666667	0.0	0.0
238	p0	1.0	0.0	0.0
238	p1	0.6666666666666666	0.0	0.0
238	protein1	1267.6666666666667	20.666666666666668	1.1119046666666668
238	protein2	1490.666666666667	23.0	1.334879
238	protein3	1414.666666666667	22.33333333333333	1.2569170000000005
238	r0	21.0	0.0	0.0
238	r1	22.0	0.0	0.0
238	r2	22.33333333333333	0.0	0.0
238	rnapol	0.3333333333333333	0.0	0.0
239	__protein1_rbs	17.666666666666668	0.0	0.0
239	__protein2_rbs	20.0	0.0	0.0
239	__protein3_rbs	17.666666666666668	0.0	0.0
239	__ribosome	17.666666666666668	0.0	0.0
239	__rnase_site_ext	23.66666666666667	0.0	0.0
239	p0	0.6666666666666666	0.0	0.0
239	p1	0.6666666666666666	0.0	0.0
239	protein1	1274.0	21.0	1.177922
239	protein2	1499.0	23.33333333333333	1.218524333333333
239	protein3	1422.333333333333	22.33333333333333	1.315389666666667
239	r0	20.666666666666668	0.0	0.0
239	r1	22.0	0.0	0.0
239	r2	22.33333333333333	0.0	0.0
239	rnapol	0.0	0.0	0.0
240	__protein1_rbs	16.666666666666668	0.0	0.0
240	__protein2_rbs	19.0	0.0	0.0
240	__protein3_rbs	20.666666666666668	0.0	0.0
240	__ribosome	18.33333333333333	0.0	0.0
240	__rnase_site_ext	23.33333333333333	0.0	0.0
240	p0	1.0	0.0	0.0
240	p1	0.6666666666666666	0.0	0.0
240	protein1	1280.6666666666667	21.0	1.2591706666666669
240	protein2	1508.333333333333	23.33333333333333	1.1223776666666667
240	protein3	1427.666666666667	22.33333333333333	1.2967563333333334
240	r0	21.0	0.0	0.0
240	r1	20.666666666666668	0.0	0.0
240	r2	22.33333333333333	0.0	0.0
240	rnapol	0.0	0.0	0.0
