time	species	protein	transcript	ribo_density
0	__protein1_rbs	0.0	0.0	0.0
0	__protein2_rbs	0.0	0.0	0.0
0	__protein3_rbs	0.0	0.0	0.0
0	__ribosome	100.0	0.0	0.0
0	__rnase_site_ext	0.0	0.0	0.0
0	p0	1.0	0.0	0.0
0	p1	1.0	0.0	0.0
0	rnapol	4.0	0.0	0.0
1	__protein1_rbs	0.3333333333333333	0.0	0.0
1	__protein2_rbs	0.3333333333333333	0.0	0.0
1	__protein3_rbs	0.0	0.0	0.0
1	__ribosome	66.66666666666667	0.0	0.0
1	__rnase_site_ext	0.6666666666666666	0.0	0.0
1	p0	0.6666666666666666	0.0	0.0
1	p1	0.3333333333333333	0.0	0.0
1	protein1	0.0	0.3333333333333333	0.0
1	protein2	0.0	0.3333333333333333	0.0
1	rnapol	1.6666666666666667	0.0	0.0
2	__protein1_rbs	0.3333333333333333	0.0	0.0
2	__protein2_rbs	0.3333333333333333	0.0	0.0
2	__protein3_rbs	0.0	0.0	0.0
2	__ribosome	66.0	0.0	0.0
2	__rnase_site_ext	0.6666666666666666	0.0	0.0
2	p0	0.3333333333333333	0.0	0.0
2	p1	0.6666666666666666	0.0	0.0
2	protein1	0.0	0.3333333333333333	0.0
2	protein2	0.0	0.6666666666666666	0.3333333333333333
2	rnapol	1.3333333333333333	0.0	0.0
3	__protein1_rbs	0.3333333333333333	0.0	0.0
3	__protein2_rbs	0.3333333333333333	0.0	0.0
3	__protein3_rbs	0.0	0.0	0.0
3	__ribosome	164.66666666666666	0.0	0.0
3	__rnase_site_ext	0.6666666666666666	0.0	0.0
3	p0	1.0	0.0	0.0
3	p1	1.6666666666666667	0.0	0.0
3	protein1	0.0	0.6666666666666666	0.6666666666666666
3	protein2	0.0	0.6666666666666666	0.6666666666666666
3	rnapol	4.333333333333333	0.0	0.0
4	__protein1_rbs	0.0	0.0	0.0
4	__protein2_rbs	0.3333333333333333	0.0	0.0
4	__protein3_rbs	0.0	0.0	0.0
4	__ribosome	96.33333333333331	0.0	0.0
4	__rnase_site_ext	1.3333333333333333	0.0	0.0
4	p0	0.6666666666666666	0.0	0.0
4	p1	0.6666666666666666	0.0	0.0
4	protein1	0.0	1.0	1.6666666666666667
4	protein2	0.0	0.6666666666666666	1.0
4	rnapol	2.0	0.0	0.0
5	__protein1_rbs	0.6666666666666666	0.0	0.0
5	__protein2_rbs	0.6666666666666666	0.0	0.0
5	__protein3_rbs	0.3333333333333333	0.0	0.0
5	__ribosome	94.33333333333331	0.0	0.0
5	__rnase_site_ext	1.6666666666666667	0.0	0.0
5	p0	0.6666666666666666	0.0	0.0
5	p1	1.0	0.0	0.0
5	protein1	0.0	1.3333333333333333	2.333333333333333
5	protein2	0.0	1.3333333333333333	1.3333333333333333
5	protein3	0.0	0.3333333333333333	0.0
5	rnapol	1.3333333333333333	0.0	0.0
6	__protein1_rbs	1.0	0.0	0.0
6	__protein2_rbs	1.0	0.0	0.0
6	__protein3_rbs	0.3333333333333333	0.0	0.0
6	__ribosome	91.66666666666669	0.0	0.0
6	__rnase_site_ext	1.6666666666666667	0.0	0.0
6	p0	1.0	0.0	0.0
6	p1	1.0	0.0	0.0
6	protein1	0.3333333333333333	1.6666666666666667	3.1666666666666665
6	protein2	0.3333333333333333	1.6666666666666667	1.0555556666666666
6	protein3	0.0	0.6666666666666666	0.3333333333333333
6	rnapol	1.3333333333333333	0.0	0.0
7	__protein1_rbs	0.3333333333333333	0.0	0.0
7	__protein2_rbs	1.3333333333333333	0.0	0.0
7	__protein3_rbs	0.3333333333333333	0.0	0.0
7	__ribosome	89.0	0.0	0.0
7	__rnase_site_ext	2.333333333333333	0.0	0.0
7	p0	0.6666666666666666	0.0	0.0
7	p1	0.6666666666666666	0.0	0.0
7	protein1	1.3333333333333333	1.6666666666666667	3.333333333333333
7	protein2	1.0	2.333333333333333	1.6666666666666667
7	protein3	0.0	0.6666666666666666	0.6666666666666666
7	rnapol	0.6666666666666666	0.0	0.0
8	__protein1_rbs	1.3333333333333333	0.0	0.0
8	__protein2_rbs	1.6666666666666667	0.0	0.0
8	__protein3_rbs	0.6666666666666666	0.0	0.0
8	__ribosome	87.0	0.0	0.0
8	__rnase_site_ext	3.0	0.0	0.0
8	p0	1.0	0.0	0.0
8	p1	0.6666666666666666	0.0	0.0
8	protein1	2.333333333333333	2.0	2.833333333333333
8	protein2	2.0	2.6666666666666665	1.9166666666666667
8	protein3	0.0	1.0	1.3333333333333333
8	rnapol	0.3333333333333333	0.0	0.0
9	__protein1_rbs	1.0	0.0	0.0
9	__protein2_rbs	2.333333333333333	0.0	0.0
9	__protein3_rbs	0.6666666666666666	0.0	0.0
9	__ribosome	83.66666666666667	0.0	0.0
9	__rnase_site_ext	2.6666666666666665	0.0	0.0
9	p0	1.0	0.0	0.0
9	p1	1.0	0.0	0.0
9	protein1	4.0	2.333333333333333	2.5
9	protein2	2.6666666666666665	3.333333333333333	1.972222
9	protein3	0.0	1.0	2.0
9	rnapol	0.6666666666666666	0.0	0.0
10	__protein1_rbs	1.0	0.0	0.0
10	__protein2_rbs	2.0	0.0	0.0
10	__protein3_rbs	0.6666666666666666	0.0	0.0
10	__ribosome	80.0	0.0	0.0
10	__rnase_site_ext	2.6666666666666665	0.0	0.0
10	p0	1.0	0.0	0.0
10	p1	1.0	0.0	0.0
10	protein1	5.666666666666668	2.333333333333333	2.8888890000000003
10	protein2	3.0	3.333333333333333	2.9166666666666665
10	protein3	0.3333333333333333	1.0	2.1666666666666665
10	rnapol	1.3333333333333333	0.0	0.0
11	__protein1_rbs	1.3333333333333333	0.0	0.0
11	__protein2_rbs	2.333333333333333	0.0	0.0
11	__protein3_rbs	1.0	0.0	0.0
11	__ribosome	79.33333333333333	0.0	0.0
11	__rnase_site_ext	2.6666666666666665	0.0	0.0
11	p0	1.0	0.0	0.0
11	p1	1.0	0.0	0.0
11	protein1	7.666666666666668	2.333333333333333	2.8888890000000003
11	protein2	4.666666666666667	3.333333333333333	3.111111
11	protein3	1.0	1.3333333333333333	1.6666666666666667
11	rnapol	1.3333333333333333	0.0	0.0
12	__protein1_rbs	1.3333333333333333	0.0	0.0
12	__protein2_rbs	1.6666666666666667	0.0	0.0
12	__protein3_rbs	1.6666666666666667	0.0	0.0
12	__ribosome	76.33333333333333	0.0	0.0
12	__rnase_site_ext	2.6666666666666665	0.0	0.0
12	p0	1.0	0.0	0.0
12	p1	1.0	0.0	0.0
12	protein1	9.0	2.333333333333333	3.2777776666666667
12	protein2	7.0	3.6666666666666665	3.361111
12	protein3	1.6666666666666667	2.0	1.388889
12	rnapol	1.3333333333333333	0.0	0.0
13	__protein1_rbs	1.3333333333333333	0.0	0.0
13	__protein2_rbs	2.0	0.0	0.0
13	__protein3_rbs	1.6666666666666667	0.0	0.0
13	__ribosome	73.33333333333333	0.0	0.0
13	__rnase_site_ext	3.6666666666666665	0.0	0.0
13	p0	1.0	0.0	0.0
13	p1	1.0	0.0	0.0
13	protein1	12.0	2.6666666666666665	2.722222
13	protein2	8.666666666666666	4.0	3.583333333333333
13	protein3	2.6666666666666665	2.6666666666666665	2.055555333333333
13	rnapol	1.3333333333333333	0.0	0.0
14	__protein1_rbs	0.6666666666666666	0.0	0.0
14	__protein2_rbs	1.3333333333333333	0.0	0.0
14	__protein3_rbs	2.333333333333333	0.0	0.0
14	__ribosome	70.0	0.0	0.0
14	__rnase_site_ext	2.333333333333333	0.0	0.0
14	p0	0.6666666666666666	0.0	0.0
14	p1	1.0	0.0	0.0
14	protein1	14.0	3.0	3.0
14	protein2	11.666666666666664	4.0	3.6666666666666665
14	protein3	3.0	2.6666666666666665	2.555555333333333
14	rnapol	1.0	0.0	0.0
15	__protein1_rbs	1.6666666666666667	0.0	0.0
15	__protein2_rbs	1.3333333333333333	0.0	0.0
15	__protein3_rbs	1.3333333333333333	0.0	0.0
15	__ribosome	65.33333333333333	0.0	0.0
15	__rnase_site_ext	3.333333333333333	0.0	0.0
15	p0	0.6666666666666666	0.0	0.0
15	p1	0.6666666666666666	0.0	0.0
15	protein1	15.666666666666664	3.333333333333333	3.083333333333333
15	protein2	14.0	4.0	4.083333333333333
15	protein3	3.6666666666666665	2.6666666666666665	3.1666666666666665
15	rnapol	1.6666666666666667	0.0	0.0
16	__protein1_rbs	2.333333333333333	0.0	0.0
16	__protein2_rbs	3.0	0.0	0.0
16	__protein3_rbs	0.6666666666666666	0.0	0.0
16	__ribosome	65.0	0.0	0.0
16	__rnase_site_ext	4.0	0.0	0.0
16	p0	1.0	0.0	0.0
16	p1	1.0	0.0	0.0
16	protein1	18.0	3.6666666666666665	2.694444333333333
16	protein2	17.666666666666668	4.666666666666667	3.483333333333333
16	protein3	5.0	2.6666666666666665	3.5
16	rnapol	1.6666666666666667	0.0	0.0
17	__protein1_rbs	2.6666666666666665	0.0	0.0
17	__protein2_rbs	3.333333333333333	0.0	0.0
17	__protein3_rbs	1.3333333333333333	0.0	0.0
17	__ribosome	64.66666666666667	0.0	0.0
17	__rnase_site_ext	5.333333333333333	0.0	0.0
17	p0	1.0	0.0	0.0
17	p1	0.3333333333333333	0.0	0.0
17	protein1	21.33333333333333	3.6666666666666665	2.4722223333333333
17	protein2	22.0	5.0	3.1833333333333336
17	protein3	6.0	2.6666666666666665	4.111111
17	rnapol	2.0	0.0	0.0
18	__protein1_rbs	1.3333333333333333	0.0	0.0
18	__protein2_rbs	4.0	0.0	0.0
18	__protein3_rbs	2.0	0.0	0.0
18	__ribosome	65.66666666666667	0.0	0.0
18	__rnase_site_ext	4.666666666666667	0.0	0.0
18	p0	1.0	0.0	0.0
18	p1	0.6666666666666666	0.0	0.0
18	protein1	25.0	3.6666666666666665	2.555555666666667
18	protein2	24.66666666666667	5.666666666666668	2.857143
18	protein3	8.666666666666666	2.6666666666666665	3.5
18	rnapol	1.6666666666666667	0.0	0.0
19	__protein1_rbs	2.0	0.0	0.0
19	__protein2_rbs	3.333333333333333	0.0	0.0
19	__protein3_rbs	1.3333333333333333	0.0	0.0
19	__ribosome	63.33333333333334	0.0	0.0
19	__rnase_site_ext	5.0	0.0	0.0
19	p0	1.0	0.0	0.0
19	p1	1.0	0.0	0.0
19	protein1	27.33333333333333	3.6666666666666665	2.4166666666666665
19	protein2	29.0	6.333333333333332	2.6507936666666665
19	protein3	9.666666666666666	2.6666666666666665	4.111111
19	rnapol	1.6666666666666667	0.0	0.0
20	__protein1_rbs	2.0	0.0	0.0
20	__protein2_rbs	5.333333333333333	0.0	0.0
20	__protein3_rbs	2.0	0.0	0.0
20	__ribosome	62.0	0.0	0.0
20	__rnase_site_ext	5.333333333333333	0.0	0.0
20	p0	1.0	0.0	0.0
20	p1	1.0	0.0	0.0
20	protein1	29.66666666666667	3.6666666666666665	2.6388890000000003
20	protein2	32.333333333333336	7.0	2.496032
20	protein3	12.0	3.0	3.75
20	rnapol	1.3333333333333333	0.0	0.0
21	__protein1_rbs	1.6666666666666667	0.0	0.0
21	__protein2_rbs	4.333333333333333	0.0	0.0
21	__protein3_rbs	2.0	0.0	0.0
21	__ribosome	61.66666666666666	0.0	0.0
21	__rnase_site_ext	5.333333333333333	0.0	0.0
21	p0	1.0	0.0	0.0
21	p1	1.0	0.0	0.0
21	protein1	32.666666666666664	3.6666666666666665	2.4166666666666665
21	protein2	36.333333333333336	7.0	2.777778
21	protein3	14.666666666666664	3.333333333333333	3.055555333333333
21	rnapol	1.0	0.0	0.0
22	__protein1_rbs	2.6666666666666665	0.0	0.0
22	__protein2_rbs	4.333333333333333	0.0	0.0
22	__protein3_rbs	2.6666666666666665	0.0	0.0
22	__ribosome	60.33333333333334	0.0	0.0
22	__rnase_site_ext	5.0	0.0	0.0
22	p0	1.0	0.0	0.0
22	p1	1.0	0.0	0.0
22	protein1	35.333333333333336	3.6666666666666665	2.0
22	protein2	40.0	7.0	3.0925926666666665
22	protein3	17.333333333333332	4.333333333333333	2.566666666666667
22	rnapol	1.0	0.0	0.0
23	__protein1_rbs	2.0	0.0	0.0
23	__protein2_rbs	4.666666666666667	0.0	0.0
23	__protein3_rbs	3.333333333333333	0.0	0.0
23	__ribosome	55.66666666666666	0.0	0.0
23	__rnase_site_ext	5.666666666666668	0.0	0.0
23	p0	1.0	0.0	0.0
23	p1	1.0	0.0	0.0
23	protein1	37.66666666666666	4.0	2.055555666666667
23	protein2	44.33333333333334	7.333333333333332	3.177248666666667
23	protein3	19.0	4.666666666666667	2.8000000000000003
23	rnapol	0.3333333333333333	0.0	0.0
24	__protein1_rbs	2.6666666666666665	0.0	0.0
24	__protein2_rbs	4.0	0.0	0.0
24	__protein3_rbs	3.6666666666666665	0.0	0.0
24	__ribosome	53.66666666666666	0.0	0.0
24	__rnase_site_ext	5.666666666666668	0.0	0.0
24	p0	0.6666666666666666	0.0	0.0
24	p1	1.0	0.0	0.0
24	protein1	40.333333333333336	4.333333333333333	2.083333333333333
24	protein2	49.33333333333334	7.333333333333332	3.3412699999999997
24	protein3	21.66666666666667	5.0	2.6666666666666665
24	rnapol	1.3333333333333333	0.0	0.0
25	__protein1_rbs	3.0	0.0	0.0
25	__protein2_rbs	5.333333333333333	0.0	0.0
25	__protein3_rbs	2.333333333333333	0.0	0.0
25	__ribosome	52.66666666666666	0.0	0.0
25	__rnase_site_ext	6.666666666666668	0.0	0.0
25	p0	0.6666666666666666	0.0	0.0
25	p1	1.0	0.0	0.0
25	protein1	42.66666666666666	4.666666666666667	1.9222220000000003
25	protein2	55.33333333333334	7.666666666666668	2.9537036666666667
25	protein3	24.0	5.0	3.0666666666666664
25	rnapol	1.3333333333333333	0.0	0.0
26	__protein1_rbs	2.6666666666666665	0.0	0.0
26	__protein2_rbs	5.333333333333333	0.0	0.0
26	__protein3_rbs	3.0	0.0	0.0
26	__ribosome	48.33333333333334	0.0	0.0
26	__rnase_site_ext	7.0	0.0	0.0
26	p0	1.0	0.0	0.0
26	p1	0.3333333333333333	0.0	0.0
26	protein1	44.33333333333334	5.0	2.333333333333333
26	protein2	59.66666666666666	7.666666666666668	3.0138890000000003
26	protein3	25.66666666666667	5.0	3.333333333333333
26	rnapol	0.6666666666666666	0.0	0.0
27	__protein1_rbs	4.0	0.0	0.0
27	__protein2_rbs	6.0	0.0	0.0
27	__protein3_rbs	3.0	0.0	0.0
27	__ribosome	48.66666666666666	0.0	0.0
27	__rnase_site_ext	8.0	0.0	0.0
27	p0	1.0	0.0	0.0
27	p1	1.0	0.0	0.0
27	protein1	47.66666666666666	5.666666666666668	2.123015666666667
27	protein2	65.33333333333333	8.666666666666666	2.675926
27	protein3	30.33333333333333	5.333333333333333	2.9333333333333336
27	rnapol	1.0	0.0	0.0
28	__protein1_rbs	3.6666666666666665	0.0	0.0
28	__protein2_rbs	6.0	0.0	0.0
28	__protein3_rbs	2.6666666666666665	0.0	0.0
28	__ribosome	47.66666666666666	0.0	0.0
28	__rnase_site_ext	8.0	0.0	0.0
28	p0	1.0	0.0	0.0
28	p1	1.0	0.0	0.0
28	protein1	51.33333333333334	5.666666666666668	2.2619046666666667
28	protein2	71.66666666666667	9.0	2.512963
28	protein3	33.0	5.333333333333333	3.188889
28	rnapol	1.0	0.0	0.0
29	__protein1_rbs	4.0	0.0	0.0
29	__protein2_rbs	6.666666666666668	0.0	0.0
29	__protein3_rbs	3.6666666666666665	0.0	0.0
29	__ribosome	48.33333333333334	0.0	0.0
29	__rnase_site_ext	8.666666666666666	0.0	0.0
29	p0	1.0	0.0	0.0
29	p1	0.3333333333333333	0.0	0.0
29	protein1	54.66666666666666	5.666666666666668	2.123015666666667
29	protein2	77.33333333333333	9.0	2.5592593333333333
29	protein3	37.0	5.666666666666668	2.885714333333333
29	rnapol	0.6666666666666666	0.0	0.0
30	__protein1_rbs	2.6666666666666665	0.0	0.0
30	__protein2_rbs	6.333333333333332	0.0	0.0
30	__protein3_rbs	4.333333333333333	0.0	0.0
30	__ribosome	43.33333333333334	0.0	0.0
30	__rnase_site_ext	7.666666666666668	0.0	0.0
30	p0	1.0	0.0	0.0
30	p1	1.0	0.0	0.0
30	protein1	57.66666666666666	5.333333333333333	2.926190333333333
30	protein2	82.33333333333333	10.0	2.503367
30	protein3	40.66666666666666	5.666666666666668	2.885714333333333
30	rnapol	1.3333333333333333	0.0	0.0
31	__protein1_rbs	3.0	0.0	0.0
31	__protein2_rbs	6.666666666666668	0.0	0.0
31	__protein3_rbs	4.0	0.0	0.0
31	__ribosome	40.333333333333336	0.0	0.0
31	__rnase_site_ext	7.666666666666668	0.0	0.0
31	p0	0.6666666666666666	0.0	0.0
31	p1	1.0	0.0	0.0
31	protein1	62.0	5.666666666666668	2.7896823333333334
31	protein2	87.0	10.333333333333334	2.670370333333333
31	protein3	43.66666666666666	6.333333333333332	2.704762
31	rnapol	0.6666666666666666	0.0	0.0
32	__protein1_rbs	3.6666666666666665	0.0	0.0
32	__protein2_rbs	8.333333333333334	0.0	0.0
32	__protein3_rbs	4.666666666666667	0.0	0.0
32	__ribosome	43.0	0.0	0.0
32	__rnase_site_ext	9.333333333333334	0.0	0.0
32	p0	0.6666666666666666	0.0	0.0
32	p1	1.0	0.0	0.0
32	protein1	65.66666666666667	6.0	2.5650793333333333
32	protein2	92.66666666666669	10.333333333333334	2.5296296666666667
32	protein3	47.33333333333334	6.666666666666668	2.349206333333333
32	rnapol	0.6666666666666666	0.0	0.0
33	__protein1_rbs	3.333333333333333	0.0	0.0
33	__protein2_rbs	8.333333333333334	0.0	0.0
33	__protein3_rbs	4.333333333333333	0.0	0.0
33	__ribosome	43.66666666666666	0.0	0.0
33	__rnase_site_ext	8.333333333333334	0.0	0.0
33	p0	1.0	0.0	0.0
33	p1	1.0	0.0	0.0
33	protein1	70.33333333333333	6.0	2.461904666666667
33	protein2	99.66666666666669	10.333333333333334	2.512963
33	protein3	52.33333333333334	6.666666666666668	2.3888890000000003
33	rnapol	0.6666666666666666	0.0	0.0
34	__protein1_rbs	4.0	0.0	0.0
34	__protein2_rbs	9.0	0.0	0.0
34	__protein3_rbs	5.666666666666668	0.0	0.0
34	__ribosome	47.0	0.0	0.0
34	__rnase_site_ext	9.666666666666666	0.0	0.0
34	p0	1.0	0.0	0.0
34	p1	1.0	0.0	0.0
34	protein1	75.33333333333333	6.0	2.0746033333333336
34	protein2	106.33333333333331	11.0	2.284615333333333
34	protein3	56.0	7.333333333333332	2.125
34	rnapol	0.6666666666666666	0.0	0.0
35	__protein1_rbs	4.666666666666667	0.0	0.0
35	__protein2_rbs	6.333333333333332	0.0	0.0
35	__protein3_rbs	2.6666666666666665	0.0	0.0
35	__ribosome	42.0	0.0	0.0
35	__rnase_site_ext	8.333333333333334	0.0	0.0
35	p0	1.0	0.0	0.0
35	p1	1.0	0.0	0.0
35	protein1	79.33333333333333	6.0	1.836508
35	protein2	113.0	10.666666666666666	2.511111
35	protein3	58.33333333333334	7.666666666666668	2.577381
35	rnapol	1.6666666666666667	0.0	0.0
36	__protein1_rbs	3.333333333333333	0.0	0.0
36	__protein2_rbs	8.0	0.0	0.0
36	__protein3_rbs	6.666666666666668	0.0	0.0
36	__ribosome	43.66666666666666	0.0	0.0
36	__rnase_site_ext	8.333333333333334	0.0	0.0
36	p0	1.0	0.0	0.0
36	p1	0.6666666666666666	0.0	0.0
36	protein1	84.0	6.0	1.8555556666666664
36	protein2	118.0	11.0	2.469697
36	protein3	61.66666666666666	7.666666666666668	2.333333333333333
36	rnapol	1.3333333333333333	0.0	0.0
37	__protein1_rbs	5.333333333333333	0.0	0.0
37	__protein2_rbs	7.666666666666668	0.0	0.0
37	__protein3_rbs	5.0	0.0	0.0
37	__ribosome	41.0	0.0	0.0
37	__rnase_site_ext	10.0	0.0	0.0
37	p0	1.0	0.0	0.0
37	p1	1.0	0.0	0.0
37	protein1	87.33333333333331	7.0	1.7242063333333333
37	protein2	124.66666666666669	11.0	2.488383666666667
37	protein3	66.0	7.666666666666668	2.565476333333333
37	rnapol	1.0	0.0	0.0
38	__protein1_rbs	6.0	0.0	0.0
38	__protein2_rbs	6.0	0.0	0.0
38	__protein3_rbs	6.666666666666668	0.0	0.0
38	__ribosome	38.333333333333336	0.0	0.0
38	__rnase_site_ext	10.333333333333334	0.0	0.0
38	p0	1.0	0.0	0.0
38	p1	1.0	0.0	0.0
38	protein1	89.66666666666669	7.0	1.8273810000000001
38	protein2	129.66666666666666	10.666666666666666	2.805555666666667
38	protein3	71.0	8.333333333333334	2.2870369999999998
38	rnapol	1.3333333333333333	0.0	0.0
39	__protein1_rbs	4.0	0.0	0.0
39	__protein2_rbs	6.666666666666668	0.0	0.0
39	__protein3_rbs	6.666666666666668	0.0	0.0
39	__ribosome	38.66666666666666	0.0	0.0
39	__rnase_site_ext	8.0	0.0	0.0
39	p0	1.0	0.0	0.0
39	p1	0.6666666666666666	0.0	0.0
39	protein1	94.66666666666669	7.0	1.7797619999999998
39	protein2	136.66666666666666	10.666666666666666	2.7944443333333333
39	protein3	75.0	8.666666666666666	2.2777776666666667
39	rnapol	1.3333333333333333	0.0	0.0
40	__protein1_rbs	5.666666666666668	0.0	0.0
40	__protein2_rbs	7.666666666666668	0.0	0.0
40	__protein3_rbs	6.0	0.0	0.0
40	__ribosome	37.0	0.0	0.0
40	__rnase_site_ext	10.0	0.0	0.0
40	p0	1.0	0.0	0.0
40	p1	1.0	0.0	0.0
40	protein1	98.33333333333331	7.0	1.7797619999999998
40	protein2	144.0	11.0	2.6363636666666665
40	protein3	78.33333333333333	8.666666666666666	2.513888666666667
40	rnapol	2.0	0.0	0.0
41	__protein1_rbs	5.666666666666668	0.0	0.0
41	__protein2_rbs	7.666666666666668	0.0	0.0
41	__protein3_rbs	7.0	0.0	0.0
41	__ribosome	34.666666666666664	0.0	0.0
41	__rnase_site_ext	11.0	0.0	0.0
41	p0	1.0	0.0	0.0
41	p1	0.6666666666666666	0.0	0.0
41	protein1	101.66666666666669	7.333333333333332	1.7777776666666665
41	protein2	150.0	11.0	2.7272726666666665
41	protein3	82.33333333333333	8.666666666666666	2.5787036666666663
41	rnapol	1.6666666666666667	0.0	0.0
42	__protein1_rbs	6.0	0.0	0.0
42	__protein2_rbs	8.333333333333334	0.0	0.0
42	__protein3_rbs	6.666666666666668	0.0	0.0
42	__ribosome	34.666666666666664	0.0	0.0
42	__rnase_site_ext	11.0	0.0	0.0
42	p0	1.0	0.0	0.0
42	p1	1.0	0.0	0.0
42	protein1	105.33333333333331	7.666666666666668	1.708995
42	protein2	156.33333333333334	11.666666666666664	2.631313
42	protein3	87.33333333333331	8.666666666666666	2.5046296666666668
42	rnapol	1.6666666666666667	0.0	0.0
43	__protein1_rbs	4.333333333333333	0.0	0.0
43	__protein2_rbs	8.0	0.0	0.0
43	__protein3_rbs	6.333333333333332	0.0	0.0
43	__ribosome	35.0	0.0	0.0
43	__rnase_site_ext	9.333333333333334	0.0	0.0
43	p0	0.6666666666666666	0.0	0.0
43	p1	1.0	0.0	0.0
43	protein1	109.66666666666669	7.666666666666668	1.84127
43	protein2	164.66666666666666	12.0	2.474553333333333
43	protein3	91.33333333333331	8.666666666666666	2.458333333333333
43	rnapol	0.6666666666666666	0.0	0.0
44	__protein1_rbs	5.0	0.0	0.0
44	__protein2_rbs	9.0	0.0	0.0
44	__protein3_rbs	6.0	0.0	0.0
44	__ribosome	34.333333333333336	0.0	0.0
44	__rnase_site_ext	9.666666666666666	0.0	0.0
44	p0	1.0	0.0	0.0
44	p1	0.6666666666666666	0.0	0.0
44	protein1	114.0	7.666666666666668	1.949074
44	protein2	171.33333333333334	12.0	2.481740333333333
44	protein3	97.33333333333331	8.666666666666666	2.493651
44	rnapol	0.3333333333333333	0.0	0.0
45	__protein1_rbs	5.666666666666668	0.0	0.0
45	__protein2_rbs	8.0	0.0	0.0
45	__protein3_rbs	6.666666666666668	0.0	0.0
45	__ribosome	33.0	0.0	0.0
45	__rnase_site_ext	9.0	0.0	0.0
45	p0	1.0	0.0	0.0
45	p1	1.0	0.0	0.0
45	protein1	116.66666666666669	7.333333333333332	2.005291
45	protein2	177.66666666666663	12.333333333333336	2.455128333333333
45	protein3	101.66666666666669	9.0	2.4857143333333336
45	rnapol	1.0	0.0	0.0
46	__protein1_rbs	5.0	0.0	0.0
46	__protein2_rbs	8.666666666666666	0.0	0.0
46	__protein3_rbs	5.333333333333333	0.0	0.0
46	__ribosome	35.666666666666664	0.0	0.0
46	__rnase_site_ext	10.0	0.0	0.0
46	p0	1.0	0.0	0.0
46	p1	0.6666666666666666	0.0	0.0
46	protein1	120.66666666666669	7.333333333333332	1.915344
46	protein2	185.33333333333331	13.0	2.2078753333333334
46	protein3	107.33333333333331	8.666666666666666	2.508995
46	rnapol	1.0	0.0	0.0
47	__protein1_rbs	4.333333333333333	0.0	0.0
47	__protein2_rbs	9.0	0.0	0.0
47	__protein3_rbs	5.333333333333333	0.0	0.0
47	__ribosome	37.0	0.0	0.0
47	__rnase_site_ext	10.333333333333334	0.0	0.0
47	p0	1.0	0.0	0.0
47	p1	0.6666666666666666	0.0	0.0
47	protein1	126.33333333333331	7.333333333333332	1.7830689999999998
47	protein2	193.0	13.333333333333336	2.0238093333333333
47	protein3	112.33333333333331	9.0	2.5680616666666665
47	rnapol	1.3333333333333333	0.0	0.0
48	__protein1_rbs	4.333333333333333	0.0	0.0
48	__protein2_rbs	9.333333333333334	0.0	0.0
48	__protein3_rbs	7.0	0.0	0.0
48	__ribosome	31.66666666666667	0.0	0.0
48	__rnase_site_ext	9.0	0.0	0.0
48	p0	1.0	0.0	0.0
48	p1	1.0	0.0	0.0
48	protein1	129.33333333333334	7.333333333333332	2.140211666666666
48	protein2	199.0	14.0	2.08547
48	protein3	116.33333333333331	9.333333333333334	2.5101009999999997
48	rnapol	1.3333333333333333	0.0	0.0
49	__protein1_rbs	5.666666666666668	0.0	0.0
49	__protein2_rbs	12.0	0.0	0.0
49	__protein3_rbs	7.0	0.0	0.0
49	__ribosome	32.0	0.0	0.0
49	__rnase_site_ext	11.333333333333336	0.0	0.0
49	p0	1.0	0.0	0.0
49	p1	1.0	0.0	0.0
49	protein1	132.33333333333334	7.666666666666668	2.2666666666666666
49	protein2	205.33333333333331	13.666666666666664	2.068254
49	protein3	121.66666666666669	10.0	2.290909
49	rnapol	1.0	0.0	0.0
50	__protein1_rbs	6.0	0.0	0.0
50	__protein2_rbs	7.333333333333332	0.0	0.0
50	__protein3_rbs	6.666666666666668	0.0	0.0
50	__ribosome	28.66666666666667	0.0	0.0
50	__rnase_site_ext	9.333333333333334	0.0	0.0
50	p0	1.0	0.0	0.0
50	p1	0.6666666666666666	0.0	0.0
50	protein1	137.33333333333334	8.0	2.022222333333333
50	protein2	211.33333333333331	13.333333333333336	2.3658116666666666
50	protein3	126.66666666666669	10.0	2.3683503333333333
50	rnapol	0.6666666666666666	0.0	0.0
51	__protein1_rbs	5.333333333333333	0.0	0.0
51	__protein2_rbs	8.666666666666666	0.0	0.0
51	__protein3_rbs	8.0	0.0	0.0
51	__ribosome	33.0	0.0	0.0
51	__rnase_site_ext	10.333333333333334	0.0	0.0
51	p0	1.0	0.0	0.0
51	p1	1.0	0.0	0.0
51	protein1	143.0	8.0	1.7444443333333333
51	protein2	218.66666666666663	13.0	2.3034186666666665
51	protein3	132.0	10.0	2.305555666666667
51	rnapol	1.3333333333333333	0.0	0.0
52	__protein1_rbs	4.333333333333333	0.0	0.0
52	__protein2_rbs	9.0	0.0	0.0
52	__protein3_rbs	7.666666666666668	0.0	0.0
52	__ribosome	34.666666666666664	0.0	0.0
52	__rnase_site_ext	9.333333333333334	0.0	0.0
52	p0	1.0	0.0	0.0
52	p1	0.6666666666666666	0.0	0.0
52	protein1	147.66666666666666	8.0	1.725
52	protein2	226.66666666666663	12.666666666666664	2.2420636666666667
52	protein3	137.66666666666666	10.333333333333334	2.2555556666666665
52	rnapol	1.6666666666666667	0.0	0.0
53	__protein1_rbs	7.0	0.0	0.0
53	__protein2_rbs	9.333333333333334	0.0	0.0
53	__protein3_rbs	7.0	0.0	0.0
53	__ribosome	35.666666666666664	0.0	0.0
53	__rnase_site_ext	11.333333333333336	0.0	0.0
53	p0	1.0	0.0	0.0
53	p1	0.6666666666666666	0.0	0.0
53	protein1	152.33333333333334	8.333333333333334	1.4833333333333334
53	protein2	234.33333333333331	13.333333333333336	2.1183763333333334
53	protein3	143.0	10.333333333333334	2.3111113333333333
53	rnapol	1.6666666666666667	0.0	0.0
54	__protein1_rbs	6.333333333333332	0.0	0.0
54	__protein2_rbs	10.333333333333334	0.0	0.0
54	__protein3_rbs	7.333333333333332	0.0	0.0
54	__ribosome	36.66666666666666	0.0	0.0
54	__rnase_site_ext	11.333333333333336	0.0	0.0
54	p0	1.0	0.0	0.0
54	p1	1.0	0.0	0.0
54	protein1	155.33333333333334	8.666666666666666	1.5166666666666666
54	protein2	241.66666666666663	13.333333333333336	1.996337
54	protein3	147.66666666666666	10.333333333333334	2.281481666666666
54	rnapol	1.3333333333333333	0.0	0.0
55	__protein1_rbs	6.666666666666668	0.0	0.0
55	__protein2_rbs	8.666666666666666	0.0	0.0
55	__protein3_rbs	7.333333333333332	0.0	0.0
55	__ribosome	34.0	0.0	0.0
55	__rnase_site_ext	12.0	0.0	0.0
55	p0	1.0	0.0	0.0
55	p1	1.0	0.0	0.0
55	protein1	159.33333333333334	8.666666666666666	1.5333333333333332
55	protein2	247.0	13.333333333333336	2.210684
55	protein3	153.33333333333334	10.666666666666666	2.188889
55	rnapol	1.3333333333333333	0.0	0.0
56	__protein1_rbs	7.0	0.0	0.0
56	__protein2_rbs	9.666666666666666	0.0	0.0
56	__protein3_rbs	8.0	0.0	0.0
56	__ribosome	32.0	0.0	0.0
56	__rnase_site_ext	11.666666666666664	0.0	0.0
56	p0	0.6666666666666666	0.0	0.0
56	p1	1.0	0.0	0.0
56	protein1	163.66666666666666	8.666666666666666	1.625
56	protein2	253.33333333333331	13.0	2.307847666666667
56	protein3	158.0	11.0	2.225757666666667
56	rnapol	1.0	0.0	0.0
57	__protein1_rbs	6.666666666666668	0.0	0.0
57	__protein2_rbs	10.333333333333334	0.0	0.0
57	__protein3_rbs	7.333333333333332	0.0	0.0
57	__ribosome	29.33333333333333	0.0	0.0
57	__rnase_site_ext	13.333333333333336	0.0	0.0
57	p0	1.0	0.0	0.0
57	p1	0.6666666666666666	0.0	0.0
57	protein1	166.33333333333334	9.0	1.8068183333333332
57	protein2	260.3333333333333	13.666666666666664	2.16453
57	protein3	163.66666666666666	11.333333333333336	2.202020333333333
57	rnapol	1.0	0.0	0.0
58	__protein1_rbs	8.0	0.0	0.0
58	__protein2_rbs	11.666666666666664	0.0	0.0
58	__protein3_rbs	9.666666666666666	0.0	0.0
58	__ribosome	31.0	0.0	0.0
58	__rnase_site_ext	12.0	0.0	0.0
58	p0	1.0	0.0	0.0
58	p1	1.0	0.0	0.0
58	protein1	171.0	9.333333333333334	1.746633
58	protein2	266.0	14.0	2.032051333333333
58	protein3	169.33333333333334	11.0	2.2121213333333336
58	rnapol	0.6666666666666666	0.0	0.0
59	__protein1_rbs	7.333333333333332	0.0	0.0
59	__protein2_rbs	9.666666666666666	0.0	0.0
59	__protein3_rbs	8.333333333333334	0.0	0.0
59	__ribosome	29.33333333333333	0.0	0.0
59	__rnase_site_ext	12.333333333333336	0.0	0.0
59	p0	1.0	0.0	0.0
59	p1	1.0	0.0	0.0
59	protein1	176.0	9.333333333333334	1.584596
59	protein2	274.0	14.0	2.0865386666666668
59	protein3	172.66666666666663	11.333333333333336	2.371212
59	rnapol	1.3333333333333333	0.0	0.0
60	__protein1_rbs	6.666666666666668	0.0	0.0
60	__protein2_rbs	9.333333333333334	0.0	0.0
60	__protein3_rbs	8.333333333333334	0.0	0.0
60	__ribosome	30.33333333333333	0.0	0.0
60	__rnase_site_ext	12.0	0.0	0.0
60	p0	1.0	0.0	0.0
60	p1	1.0	0.0	0.0
60	protein1	180.66666666666663	9.333333333333334	1.767677
60	protein2	281.6666666666667	14.333333333333336	1.9924583333333332
60	protein3	180.66666666666663	12.0	2.0798366666666666
60	rnapol	1.6666666666666667	0.0	0.0
61	__protein1_rbs	7.333333333333332	0.0	0.0
61	__protein2_rbs	11.666666666666664	0.0	0.0
61	__protein3_rbs	6.666666666666668	0.0	0.0
61	__ribosome	32.0	0.0	0.0
61	__rnase_site_ext	13.0	0.0	0.0
61	p0	0.6666666666666666	0.0	0.0
61	p1	1.0	0.0	0.0
61	protein1	186.0	9.333333333333334	1.612374
61	protein2	289.3333333333333	14.333333333333336	1.8687783333333332
61	protein3	187.0	12.0	2.2169773333333334
61	rnapol	1.6666666666666667	0.0	0.0
62	__protein1_rbs	8.333333333333334	0.0	0.0
62	__protein2_rbs	11.333333333333336	0.0	0.0
62	__protein3_rbs	9.333333333333334	0.0	0.0
62	__ribosome	28.66666666666667	0.0	0.0
62	__rnase_site_ext	13.666666666666664	0.0	0.0
62	p0	1.0	0.0	0.0
62	p1	1.0	0.0	0.0
62	protein1	189.0	9.666666666666666	1.6863636666666668
62	protein2	294.3333333333333	14.666666666666664	1.9281406666666667
62	protein3	192.0	12.0	2.2544676666666668
62	rnapol	2.0	0.0	0.0
63	__protein1_rbs	6.666666666666668	0.0	0.0
63	__protein2_rbs	11.0	0.0	0.0
63	__protein3_rbs	9.0	0.0	0.0
63	__ribosome	28.66666666666667	0.0	0.0
63	__rnase_site_ext	11.333333333333336	0.0	0.0
63	p0	1.0	0.0	0.0
63	p1	1.0	0.0	0.0
63	protein1	194.33333333333331	10.0	1.496212
63	protein2	300.6666666666667	14.666666666666664	1.9065933333333331
63	protein3	197.33333333333331	11.333333333333336	2.4595956666666665
63	rnapol	1.6666666666666667	0.0	0.0
64	__protein1_rbs	8.333333333333334	0.0	0.0
64	__protein2_rbs	9.666666666666666	0.0	0.0
64	__protein3_rbs	7.666666666666668	0.0	0.0
64	__ribosome	26.66666666666667	0.0	0.0
64	__rnase_site_ext	14.333333333333336	0.0	0.0
64	p0	1.0	0.0	0.0
64	p1	0.6666666666666666	0.0	0.0
64	protein1	198.66666666666663	11.0	1.286454
64	protein2	306.6666666666667	14.666666666666664	2.0881276666666664
64	protein3	202.66666666666663	11.333333333333336	2.4873739999999995
64	rnapol	1.6666666666666667	0.0	0.0
65	__protein1_rbs	7.333333333333332	0.0	0.0
65	__protein2_rbs	11.666666666666664	0.0	0.0
65	__protein3_rbs	8.333333333333334	0.0	0.0
65	__ribosome	29.0	0.0	0.0
65	__rnase_site_ext	12.333333333333336	0.0	0.0
65	p0	1.0	0.0	0.0
65	p1	1.0	0.0	0.0
65	protein1	204.0	11.0	1.3328153333333332
65	protein2	314.3333333333333	15.0	2.005832
65	protein3	209.33333333333331	11.333333333333336	2.313131333333333
65	rnapol	1.3333333333333333	0.0	0.0
66	__protein1_rbs	9.333333333333334	0.0	0.0
66	__protein2_rbs	10.333333333333334	0.0	0.0
66	__protein3_rbs	8.333333333333334	0.0	0.0
66	__ribosome	31.66666666666667	0.0	0.0
66	__rnase_site_ext	16.0	0.0	0.0
66	p0	1.0	0.0	0.0
66	p1	1.0	0.0	0.0
66	protein1	207.0	11.333333333333336	1.4752286666666663
66	protein2	323.0	15.0	1.8769230000000003
66	protein3	217.66666666666663	11.666666666666664	2.04798
66	rnapol	1.6666666666666667	0.0	0.0
67	__protein1_rbs	8.333333333333334	0.0	0.0
67	__protein2_rbs	12.0	0.0	0.0
67	__protein3_rbs	9.0	0.0	0.0
67	__ribosome	28.66666666666667	0.0	0.0
67	__rnase_site_ext	13.666666666666664	0.0	0.0
67	p0	1.0	0.0	0.0
67	p1	0.6666666666666666	0.0	0.0
67	protein1	211.33333333333331	11.333333333333336	1.5839346666666667
67	protein2	328.0	15.333333333333336	1.9371226666666663
67	protein3	223.0	11.666666666666664	2.0757576666666666
67	rnapol	1.6666666666666667	0.0	0.0
68	__protein1_rbs	9.0	0.0	0.0
68	__protein2_rbs	12.666666666666664	0.0	0.0
68	__protein3_rbs	8.666666666666666	0.0	0.0
68	__ribosome	30.0	0.0	0.0
68	__rnase_site_ext	14.333333333333336	0.0	0.0
68	p0	1.0	0.0	0.0
68	p1	1.0	0.0	0.0
68	protein1	216.0	11.333333333333336	1.5139486666666666
68	protein2	335.6666666666667	16.333333333333332	1.716792
68	protein3	228.0	11.666666666666664	2.1363636666666665
68	rnapol	1.6666666666666667	0.0	0.0
69	__protein1_rbs	8.666666666666666	0.0	0.0
69	__protein2_rbs	12.333333333333336	0.0	0.0
69	__protein3_rbs	9.0	0.0	0.0
69	__ribosome	31.66666666666667	0.0	0.0
69	__rnase_site_ext	14.666666666666664	0.0	0.0
69	p0	1.0	0.0	0.0
69	p1	1.0	0.0	0.0
69	protein1	222.66666666666663	11.666666666666664	1.3783066666666668
69	protein2	341.6666666666667	17.0	1.725
69	protein3	234.66666666666663	11.666666666666664	1.997475
69	rnapol	1.0	0.0	0.0
70	__protein1_rbs	9.0	0.0	0.0
70	__protein2_rbs	15.333333333333336	0.0	0.0
70	__protein3_rbs	10.333333333333334	0.0	0.0
70	__ribosome	33.666666666666664	0.0	0.0
70	__rnase_site_ext	14.666666666666664	0.0	0.0
70	p0	1.0	0.0	0.0
70	p1	1.0	0.0	0.0
70	protein1	227.66666666666663	12.0	1.4722223333333335
70	protein2	349.0	17.0	1.563889
70	protein3	240.0	12.0	1.884227
70	rnapol	1.0	0.0	0.0
71	__protein1_rbs	10.0	0.0	0.0
71	__protein2_rbs	11.333333333333336	0.0	0.0
71	__protein3_rbs	8.666666666666666	0.0	0.0
71	__ribosome	27.33333333333333	0.0	0.0
71	__rnase_site_ext	15.666666666666664	0.0	0.0
71	p0	1.0	0.0	0.0
71	p1	0.6666666666666666	0.0	0.0
71	protein1	231.0	12.0	1.5357143333333332
71	protein2	356.0	16.666666666666668	1.7277776666666669
71	protein3	244.33333333333331	12.333333333333336	2.083333333333333
71	rnapol	1.0	0.0	0.0
72	__protein1_rbs	7.0	0.0	0.0
72	__protein2_rbs	13.0	0.0	0.0
72	__protein3_rbs	8.333333333333334	0.0	0.0
72	__ribosome	23.66666666666667	0.0	0.0
72	__rnase_site_ext	14.333333333333336	0.0	0.0
72	p0	1.0	0.0	0.0
72	p1	1.0	0.0	0.0
72	protein1	236.66666666666663	12.0	1.6841270000000002
72	protein2	361.66666666666674	17.0	1.6984126666666668
72	protein3	250.0	12.666666666666664	2.1825396666666665
72	rnapol	1.0	0.0	0.0
73	__protein1_rbs	9.0	0.0	0.0
73	__protein2_rbs	14.0	0.0	0.0
73	__protein3_rbs	9.666666666666666	0.0	0.0
73	__ribosome	27.0	0.0	0.0
73	__rnase_site_ext	15.0	0.0	0.0
73	p0	1.0	0.0	0.0
73	p1	1.0	0.0	0.0
73	protein1	243.66666666666663	11.666666666666664	1.497863333333333
73	protein2	368.33333333333326	17.666666666666668	1.578373
73	protein3	256.3333333333333	13.333333333333336	2.059524
73	rnapol	1.0	0.0	0.0
74	__protein1_rbs	9.0	0.0	0.0
74	__protein2_rbs	14.333333333333336	0.0	0.0
74	__protein3_rbs	11.0	0.0	0.0
74	__ribosome	24.66666666666667	0.0	0.0
74	__rnase_site_ext	15.0	0.0	0.0
74	p0	0.6666666666666666	0.0	0.0
74	p1	1.0	0.0	0.0
74	protein1	247.33333333333331	11.333333333333336	1.5575756666666667
74	protein2	374.0	18.0	1.6813726666666666
74	protein3	261.6666666666667	13.666666666666664	2.0311356666666667
74	rnapol	0.6666666666666666	0.0	0.0
75	__protein1_rbs	8.666666666666666	0.0	0.0
75	__protein2_rbs	13.333333333333336	0.0	0.0
75	__protein3_rbs	11.666666666666664	0.0	0.0
75	__ribosome	28.0	0.0	0.0
75	__rnase_site_ext	13.666666666666664	0.0	0.0
75	p0	1.0	0.0	0.0
75	p1	1.0	0.0	0.0
75	protein1	254.66666666666663	11.0	1.2766123333333332
75	protein2	382.0	18.0	1.7072246666666666
75	protein3	266.6666666666667	13.666666666666664	2.0494506666666665
75	rnapol	1.3333333333333333	0.0	0.0
76	__protein1_rbs	7.333333333333332	0.0	0.0
76	__protein2_rbs	16.0	0.0	0.0
76	__protein3_rbs	10.0	0.0	0.0
76	__ribosome	25.0	0.0	0.0
76	__rnase_site_ext	15.0	0.0	0.0
76	p0	1.0	0.0	0.0
76	p1	1.0	0.0	0.0
76	protein1	258.6666666666667	11.0	1.6004273333333334
76	protein2	389.66666666666674	18.33333333333333	1.6936273333333334
76	protein3	273.6666666666667	13.666666666666664	2.040293
76	rnapol	1.3333333333333333	0.0	0.0
77	__protein1_rbs	9.0	0.0	0.0
77	__protein2_rbs	12.666666666666664	0.0	0.0
77	__protein3_rbs	11.333333333333336	0.0	0.0
77	__ribosome	21.33333333333333	0.0	0.0
77	__rnase_site_ext	15.0	0.0	0.0
77	p0	1.0	0.0	0.0
77	p1	1.0	0.0	0.0
77	protein1	263.0	11.0	1.5128206666666666
77	protein2	395.0	18.33333333333333	1.920566
77	protein3	280.0	14.333333333333336	1.9
77	rnapol	1.6666666666666667	0.0	0.0
78	__protein1_rbs	9.0	0.0	0.0
78	__protein2_rbs	16.666666666666668	0.0	0.0
78	__protein3_rbs	12.333333333333336	0.0	0.0
78	__ribosome	24.33333333333333	0.0	0.0
78	__rnase_site_ext	15.666666666666664	0.0	0.0
78	p0	1.0	0.0	0.0
78	p1	1.0	0.0	0.0
78	protein1	266.6666666666667	11.0	1.503205
78	protein2	403.66666666666674	19.33333333333333	1.7558926666666668
78	protein3	286.6666666666667	14.666666666666664	1.7507936666666666
78	rnapol	1.3333333333333333	0.0	0.0
79	__protein1_rbs	7.0	0.0	0.0
79	__protein2_rbs	14.0	0.0	0.0
79	__protein3_rbs	10.333333333333334	0.0	0.0
79	__ribosome	22.33333333333333	0.0	0.0
79	__rnase_site_ext	14.0	0.0	0.0
79	p0	1.0	0.0	0.0
79	p1	1.0	0.0	0.0
79	protein1	273.3333333333333	11.0	1.429487333333333
79	protein2	410.33333333333326	19.0	1.8536343333333327
79	protein3	292.3333333333333	14.666666666666664	1.7968256666666669
79	rnapol	1.3333333333333333	0.0	0.0
80	__protein1_rbs	8.0	0.0	0.0
80	__protein2_rbs	15.666666666666664	0.0	0.0
80	__protein3_rbs	11.333333333333336	0.0	0.0
80	__ribosome	27.33333333333333	0.0	0.0
80	__rnase_site_ext	15.333333333333336	0.0	0.0
80	p0	1.0	0.0	0.0
80	p1	1.0	0.0	0.0
80	protein1	278.6666666666667	11.0	1.3547006666666668
80	protein2	419.0	19.0	1.6587303333333334
80	protein3	298.6666666666667	14.666666666666664	1.7476190000000005
80	rnapol	2.333333333333333	0.0	0.0
81	__protein1_rbs	8.0	0.0	0.0
81	__protein2_rbs	14.666666666666664	0.0	0.0
81	__protein3_rbs	12.0	0.0	0.0
81	__ribosome	26.66666666666667	0.0	0.0
81	__rnase_site_ext	15.0	0.0	0.0
81	p0	1.0	0.0	0.0
81	p1	1.0	0.0	0.0
81	protein1	281.6666666666667	10.666666666666666	1.6171330000000002
81	protein2	428.33333333333326	18.666666666666668	1.6222223333333332
81	protein3	305.0	15.0	1.688889
81	rnapol	3.0	0.0	0.0
82	__protein1_rbs	9.333333333333334	0.0	0.0
82	__protein2_rbs	13.333333333333336	0.0	0.0
82	__protein3_rbs	11.0	0.0	0.0
82	__ribosome	27.66666666666667	0.0	0.0
82	__rnase_site_ext	14.666666666666664	0.0	0.0
82	p0	1.0	0.0	0.0
82	p1	1.0	0.0	0.0
82	protein1	285.3333333333333	10.666666666666666	1.4924243333333334
82	protein2	435.33333333333326	17.666666666666668	1.737037
82	protein3	311.0	15.0	1.711111
82	rnapol	2.6666666666666665	0.0	0.0
83	__protein1_rbs	7.0	0.0	0.0
83	__protein2_rbs	15.0	0.0	0.0
83	__protein3_rbs	11.666666666666664	0.0	0.0
83	__ribosome	26.66666666666667	0.0	0.0
83	__rnase_site_ext	12.666666666666664	0.0	0.0
83	p0	0.6666666666666666	0.0	0.0
83	p1	1.0	0.0	0.0
83	protein1	292.0	10.666666666666666	1.4363636666666666
83	protein2	442.33333333333326	18.0	1.7309943333333333
83	protein3	315.3333333333333	15.0	1.8222223333333332
83	rnapol	2.0	0.0	0.0
84	__protein1_rbs	9.0	0.0	0.0
84	__protein2_rbs	13.333333333333336	0.0	0.0
84	__protein3_rbs	11.0	0.0	0.0
84	__ribosome	25.33333333333333	0.0	0.0
84	__rnase_site_ext	15.666666666666664	0.0	0.0
84	p0	1.0	0.0	0.0
84	p1	1.0	0.0	0.0
84	protein1	298.6666666666667	10.666666666666666	1.3989900000000002
84	protein2	450.0	17.666666666666668	1.8926063333333332
84	protein3	322.3333333333333	15.0	1.822222
84	rnapol	1.6666666666666667	0.0	0.0
85	__protein1_rbs	8.333333333333334	0.0	0.0
85	__protein2_rbs	14.666666666666664	0.0	0.0
85	__protein3_rbs	12.0	0.0	0.0
85	__ribosome	22.0	0.0	0.0
85	__rnase_site_ext	15.333333333333336	0.0	0.0
85	p0	1.0	0.0	0.0
85	p1	0.6666666666666666	0.0	0.0
85	protein1	300.0	11.666666666666664	1.7350430000000001
85	protein2	457.66666666666674	17.666666666666668	1.8229323333333332
85	protein3	328.6666666666667	15.0	1.7555553333333336
85	rnapol	0.3333333333333333	0.0	0.0
86	__protein1_rbs	9.666666666666666	0.0	0.0
86	__protein2_rbs	15.0	0.0	0.0
86	__protein3_rbs	11.666666666666664	0.0	0.0
86	__ribosome	25.33333333333333	0.0	0.0
86	__rnase_site_ext	18.0	0.0	0.0
86	p0	1.0	0.0	0.0
86	p1	0.6666666666666666	0.0	0.0
86	protein1	306.3333333333333	12.0	1.395238
86	protein2	464.33333333333326	18.33333333333333	1.6833333333333336
86	protein3	333.6666666666667	15.0	1.8222223333333332
86	rnapol	0.3333333333333333	0.0	0.0
87	__protein1_rbs	9.666666666666666	0.0	0.0
87	__protein2_rbs	14.666666666666664	0.0	0.0
87	__protein3_rbs	12.0	0.0	0.0
87	__ribosome	22.66666666666667	0.0	0.0
87	__rnase_site_ext	16.666666666666668	0.0	0.0
87	p0	1.0	0.0	0.0
87	p1	0.6666666666666666	0.0	0.0
87	protein1	311.6666666666667	12.0	1.302381
87	protein2	471.0	18.666666666666668	1.803405666666667
87	protein3	339.6666666666667	15.333333333333336	1.836111
87	rnapol	0.0	0.0	0.0
88	__protein1_rbs	9.333333333333334	0.0	0.0
88	__protein2_rbs	14.333333333333336	0.0	0.0
88	__protein3_rbs	11.666666666666664	0.0	0.0
88	__ribosome	26.0	0.0	0.0
88	__rnase_site_ext	15.666666666666664	0.0	0.0
88	p0	1.0	0.0	0.0
88	p1	1.0	0.0	0.0
88	protein1	316.6666666666667	11.666666666666664	1.3294373333333334
88	protein2	480.33333333333326	19.0	1.592019
88	protein3	345.33333333333326	15.333333333333336	1.876388666666667
88	rnapol	0.3333333333333333	0.0	0.0
89	__protein1_rbs	9.333333333333334	0.0	0.0
89	__protein2_rbs	16.333333333333332	0.0	0.0
89	__protein3_rbs	10.0	0.0	0.0
89	__ribosome	27.66666666666667	0.0	0.0
89	__rnase_site_ext	15.333333333333336	0.0	0.0
89	p0	0.3333333333333333	0.0	0.0
89	p1	1.0	0.0	0.0
89	protein1	321.0	11.666666666666664	1.3229436666666667
89	protein2	488.66666666666674	19.666666666666668	1.5121213333333332
89	protein3	352.33333333333326	14.666666666666664	1.919643
89	rnapol	0.0	0.0	0.0
90	__protein1_rbs	10.666666666666666	0.0	0.0
90	__protein2_rbs	15.333333333333336	0.0	0.0
90	__protein3_rbs	9.666666666666666	0.0	0.0
90	__ribosome	24.33333333333333	0.0	0.0
90	__rnase_site_ext	16.666666666666668	0.0	0.0
90	p0	1.0	0.0	0.0
90	p1	1.0	0.0	0.0
90	protein1	325.3333333333333	12.333333333333336	1.2646466666666667
90	protein2	493.33333333333326	19.33333333333333	1.6663400000000002
90	protein3	358.0	14.0	2.047619
90	rnapol	0.3333333333333333	0.0	0.0
91	__protein1_rbs	9.0	0.0	0.0
91	__protein2_rbs	14.666666666666664	0.0	0.0
91	__protein3_rbs	10.666666666666666	0.0	0.0
91	__ribosome	23.66666666666667	0.0	0.0
91	__rnase_site_ext	16.0	0.0	0.0
91	p0	1.0	0.0	0.0
91	p1	1.0	0.0	0.0
91	protein1	330.6666666666667	12.666666666666664	1.3252526666666666
91	protein2	502.33333333333326	18.666666666666668	1.6047616666666666
91	protein3	364.0	14.666666666666664	2.0693813333333337
91	rnapol	0.3333333333333333	0.0	0.0
92	__protein1_rbs	10.333333333333334	0.0	0.0
92	__protein2_rbs	16.333333333333332	0.0	0.0
92	__protein3_rbs	10.333333333333334	0.0	0.0
92	__ribosome	21.0	0.0	0.0
92	__rnase_site_ext	17.0	0.0	0.0
92	p0	1.0	0.0	0.0
92	p1	1.0	0.0	0.0
92	protein1	333.6666666666667	12.666666666666664	1.560606
92	protein2	508.66666666666674	18.666666666666668	1.5595236666666663
92	protein3	370.0	14.666666666666664	2.0624866666666666
92	rnapol	0.6666666666666666	0.0	0.0
93	__protein1_rbs	11.333333333333336	0.0	0.0
93	__protein2_rbs	16.666666666666668	0.0	0.0
93	__protein3_rbs	12.333333333333336	0.0	0.0
93	__ribosome	27.66666666666667	0.0	0.0
93	__rnase_site_ext	18.0	0.0	0.0
93	p0	1.0	0.0	0.0
93	p1	0.6666666666666666	0.0	0.0
93	protein1	339.3333333333333	12.666666666666664	1.4489896666666666
93	protein2	517.0	18.666666666666668	1.3960316666666668
93	protein3	378.0	15.666666666666664	1.8137253333333327
93	rnapol	0.6666666666666666	0.0	0.0
94	__protein1_rbs	10.0	0.0	0.0
94	__protein2_rbs	15.666666666666664	0.0	0.0
94	__protein3_rbs	12.0	0.0	0.0
94	__ribosome	27.0	0.0	0.0
94	__rnase_site_ext	16.333333333333332	0.0	0.0
94	p0	1.0	0.0	0.0
94	p1	0.6666666666666666	0.0	0.0
94	protein1	345.0	12.666666666666664	1.4762629999999999
94	protein2	524.0	18.666666666666668	1.3261903333333334
94	protein3	383.0	15.666666666666664	1.9159666666666664
94	rnapol	2.0	0.0	0.0
95	__protein1_rbs	11.333333333333336	0.0	0.0
95	__protein2_rbs	14.333333333333336	0.0	0.0
95	__protein3_rbs	11.0	0.0	0.0
95	__ribosome	26.66666666666667	0.0	0.0
95	__rnase_site_ext	18.0	0.0	0.0
95	p0	1.0	0.0	0.0
95	p1	1.0	0.0	0.0
95	protein1	352.0	13.0	1.1729603333333334
95	protein2	529.6666666666666	18.666666666666668	1.526190333333333
95	protein3	390.0	15.0	2.0192306666666666
95	rnapol	1.6666666666666667	0.0	0.0
96	__protein1_rbs	8.333333333333334	0.0	0.0
96	__protein2_rbs	14.333333333333336	0.0	0.0
96	__protein3_rbs	11.666666666666664	0.0	0.0
96	__ribosome	24.33333333333333	0.0	0.0
96	__rnase_site_ext	16.0	0.0	0.0
96	p0	0.6666666666666666	0.0	0.0
96	p1	1.0	0.0	0.0
96	protein1	356.33333333333326	13.333333333333336	1.4007213333333333
96	protein2	536.3333333333334	19.0	1.5353173333333334
96	protein3	397.66666666666674	14.666666666666664	1.9194443333333333
96	rnapol	1.6666666666666667	0.0	0.0
97	__protein1_rbs	12.666666666666664	0.0	0.0
97	__protein2_rbs	15.0	0.0	0.0
97	__protein3_rbs	12.666666666666664	0.0	0.0
97	__ribosome	26.0	0.0	0.0
97	__rnase_site_ext	18.0	0.0	0.0
97	p0	1.0	0.0	0.0
97	p1	1.0	0.0	0.0
97	protein1	362.66666666666674	13.666666666666664	1.138528
97	protein2	542.0	19.0	1.6753966666666666
97	protein3	403.66666666666674	14.666666666666664	1.848718
97	rnapol	2.0	0.0	0.0
98	__protein1_rbs	12.0	0.0	0.0
98	__protein2_rbs	15.0	0.0	0.0
98	__protein3_rbs	10.0	0.0	0.0
98	__ribosome	22.66666666666667	0.0	0.0
98	__rnase_site_ext	19.0	0.0	0.0
98	p0	1.0	0.0	0.0
98	p1	0.6666666666666666	0.0	0.0
98	protein1	366.0	13.666666666666664	1.1796536666666666
98	protein2	549.3333333333334	19.33333333333333	1.6040150000000002
98	protein3	409.0	15.0	2.030754
98	rnapol	1.6666666666666667	0.0	0.0
99	__protein1_rbs	11.0	0.0	0.0
99	__protein2_rbs	14.666666666666664	0.0	0.0
99	__protein3_rbs	11.666666666666664	0.0	0.0
99	__ribosome	23.0	0.0	0.0
99	__rnase_site_ext	18.33333333333333	0.0	0.0
99	p0	1.0	0.0	0.0
99	p1	0.6666666666666666	0.0	0.0
99	protein1	372.33333333333326	13.333333333333336	1.1001443333333334
99	protein2	556.3333333333334	20.0	1.7118666666666666
99	protein3	416.33333333333326	14.666666666666664	1.9471153333333333
99	rnapol	1.6666666666666667	0.0	0.0
100	__protein1_rbs	10.333333333333334	0.0	0.0
100	__protein2_rbs	16.333333333333332	0.0	0.0
100	__protein3_rbs	10.0	0.0	0.0
100	__ribosome	22.66666666666667	0.0	0.0
100	__rnase_site_ext	17.666666666666668	0.0	0.0
100	p0	1.0	0.0	0.0
100	p1	0.6666666666666666	0.0	0.0
100	protein1	378.0	13.666666666666664	1.0987553333333333
100	protein2	563.6666666666666	20.33333333333333	1.6851376666666666
100	protein3	423.33333333333326	14.333333333333336	1.9876373333333333
100	rnapol	1.0	0.0	0.0
101	__protein1_rbs	11.666666666666664	0.0	0.0
101	__protein2_rbs	14.666666666666664	0.0	0.0
101	__protein3_rbs	12.333333333333336	0.0	0.0
101	__ribosome	22.33333333333333	0.0	0.0
101	__rnase_site_ext	18.666666666666668	0.0	0.0
101	p0	1.0	0.0	0.0
101	p1	1.0	0.0	0.0
101	protein1	381.0	13.666666666666664	1.1766773333333334
101	protein2	571.6666666666666	21.0	1.677646
101	protein3	429.33333333333326	14.0	1.9315476666666669
101	rnapol	1.3333333333333333	0.0	0.0
102	__protein1_rbs	11.333333333333336	0.0	0.0
102	__protein2_rbs	16.333333333333332	0.0	0.0
102	__protein3_rbs	10.666666666666666	0.0	0.0
102	__ribosome	24.33333333333333	0.0	0.0
102	__rnase_site_ext	17.666666666666668	0.0	0.0
102	p0	1.0	0.0	0.0
102	p1	1.0	0.0	0.0
102	protein1	385.33333333333326	13.666666666666664	1.1801946666666667
102	protein2	578.6666666666666	20.666666666666668	1.6875529999999999
102	protein3	435.66666666666674	13.666666666666664	1.842857
102	rnapol	1.6666666666666667	0.0	0.0
103	__protein1_rbs	11.666666666666664	0.0	0.0
103	__protein2_rbs	16.333333333333332	0.0	0.0
103	__protein3_rbs	10.666666666666666	0.0	0.0
103	__ribosome	25.0	0.0	0.0
103	__rnase_site_ext	17.333333333333332	0.0	0.0
103	p0	1.0	0.0	0.0
103	p1	0.6666666666666666	0.0	0.0
103	protein1	391.0	14.0	1.1180556666666666
103	protein2	588.3333333333334	20.666666666666668	1.6415950000000001
103	protein3	441.0	14.0	1.865079333333333
103	rnapol	1.3333333333333333	0.0	0.0
104	__protein1_rbs	11.666666666666664	0.0	0.0
104	__protein2_rbs	16.666666666666668	0.0	0.0
104	__protein3_rbs	11.333333333333336	0.0	0.0
104	__ribosome	24.0	0.0	0.0
104	__rnase_site_ext	19.33333333333333	0.0	0.0
104	p0	1.0	0.0	0.0
104	p1	1.0	0.0	0.0
104	protein1	395.0	14.333333333333336	1.2472223333333334
104	protein2	595.0	21.0	1.5724636666666667
104	protein3	447.33333333333326	14.666666666666664	1.7883596666666666
104	rnapol	1.0	0.0	0.0
105	__protein1_rbs	11.666666666666664	0.0	0.0
105	__protein2_rbs	17.0	0.0	0.0
105	__protein3_rbs	13.333333333333336	0.0	0.0
105	__ribosome	25.0	0.0	0.0
105	__rnase_site_ext	18.666666666666668	0.0	0.0
105	p0	1.0	0.0	0.0
105	p1	1.0	0.0	0.0
105	protein1	399.0	14.333333333333336	1.398611
105	protein2	605.6666666666666	21.0	1.473137
105	protein3	454.33333333333326	15.333333333333336	1.6085470000000004
105	rnapol	1.0	0.0	0.0
106	__protein1_rbs	11.0	0.0	0.0
106	__protein2_rbs	15.333333333333336	0.0	0.0
106	__protein3_rbs	12.0	0.0	0.0
106	__ribosome	17.333333333333332	0.0	0.0
106	__rnase_site_ext	18.0	0.0	0.0
106	p0	1.0	0.0	0.0
106	p1	0.6666666666666666	0.0	0.0
106	protein1	405.0	14.333333333333336	1.3166666666666669
106	protein2	610.3333333333334	20.666666666666668	1.791246
106	protein3	457.66666666666674	15.333333333333336	1.7814813333333337
106	rnapol	1.3333333333333333	0.0	0.0
107	__protein1_rbs	11.333333333333336	0.0	0.0
107	__protein2_rbs	16.0	0.0	0.0
107	__protein3_rbs	12.666666666666664	0.0	0.0
107	__ribosome	19.0	0.0	0.0
107	__rnase_site_ext	17.333333333333332	0.0	0.0
107	p0	1.0	0.0	0.0
107	p1	1.0	0.0	0.0
107	protein1	410.33333333333326	14.333333333333336	1.3847223333333334
107	protein2	620.0	21.0	1.6594896666666663
107	protein3	464.66666666666674	15.333333333333336	1.7188033333333337
107	rnapol	2.0	0.0	0.0
108	__protein1_rbs	11.333333333333336	0.0	0.0
108	__protein2_rbs	17.666666666666668	0.0	0.0
108	__protein3_rbs	11.666666666666664	0.0	0.0
108	__ribosome	19.0	0.0	0.0
108	__rnase_site_ext	19.0	0.0	0.0
108	p0	1.0	0.0	0.0
108	p1	1.0	0.0	0.0
108	protein1	417.0	14.666666666666664	1.3352563333333334
108	protein2	626.0	21.66666666666667	1.6384439999999998
108	protein3	469.66666666666674	16.0	1.6679893333333335
108	rnapol	2.0	0.0	0.0
109	__protein1_rbs	11.0	0.0	0.0
109	__protein2_rbs	18.0	0.0	0.0
109	__protein3_rbs	12.666666666666664	0.0	0.0
109	__ribosome	22.33333333333333	0.0	0.0
109	__rnase_site_ext	19.0	0.0	0.0
109	p0	1.0	0.0	0.0
109	p1	1.0	0.0	0.0
109	protein1	423.33333333333326	15.0	1.2019229999999999
109	protein2	635.0	21.66666666666667	1.6498856666666668
109	protein3	476.0	16.0	1.5439813333333332
109	rnapol	1.6666666666666667	0.0	0.0
110	__protein1_rbs	11.0	0.0	0.0
110	__protein2_rbs	17.333333333333332	0.0	0.0
110	__protein3_rbs	12.0	0.0	0.0
110	__ribosome	22.0	0.0	0.0
110	__rnase_site_ext	17.666666666666668	0.0	0.0
110	p0	1.0	0.0	0.0
110	p1	0.6666666666666666	0.0	0.0
110	protein1	427.33333333333326	15.0	1.2692306666666668
110	protein2	645.0	21.66666666666667	1.5621660000000002
110	protein3	482.0	16.0	1.6001986666666668
110	rnapol	1.6666666666666667	0.0	0.0
111	__protein1_rbs	13.0	0.0	0.0
111	__protein2_rbs	18.0	0.0	0.0
111	__protein3_rbs	12.666666666666664	0.0	0.0
111	__ribosome	23.33333333333333	0.0	0.0
111	__rnase_site_ext	20.0	0.0	0.0
111	p0	1.0	0.0	0.0
111	p1	0.6666666666666666	0.0	0.0
111	protein1	434.66666666666674	15.0	1.0817306666666668
111	protein2	652.3333333333334	22.0	1.591692
111	protein3	487.33333333333326	16.0	1.6233466666666667
111	rnapol	1.6666666666666667	0.0	0.0
112	__protein1_rbs	11.666666666666664	0.0	0.0
112	__protein2_rbs	16.333333333333332	0.0	0.0
112	__protein3_rbs	12.666666666666664	0.0	0.0
112	__ribosome	19.666666666666668	0.0	0.0
112	__rnase_site_ext	18.33333333333333	0.0	0.0
112	p0	1.0	0.0	0.0
112	p1	1.0	0.0	0.0
112	protein1	439.66666666666674	14.666666666666664	1.133012666666667
112	protein2	659.0	22.33333333333333	1.672439
112	protein3	493.0	16.333333333333332	1.6239036666666669
112	rnapol	2.0	0.0	0.0
113	__protein1_rbs	12.666666666666664	0.0	0.0
113	__protein2_rbs	17.0	0.0	0.0
113	__protein3_rbs	14.0	0.0	0.0
113	__ribosome	21.66666666666667	0.0	0.0
113	__rnase_site_ext	20.0	0.0	0.0
113	p0	1.0	0.0	0.0
113	p1	1.0	0.0	0.0
113	protein1	443.33333333333326	15.333333333333336	1.1428573333333334
113	protein2	669.3333333333334	22.33333333333333	1.5402236666666669
113	protein3	497.33333333333326	16.333333333333332	1.6397243333333336
113	rnapol	1.3333333333333333	0.0	0.0
114	__protein1_rbs	11.0	0.0	0.0
114	__protein2_rbs	17.333333333333332	0.0	0.0
114	__protein3_rbs	13.0	0.0	0.0
114	__ribosome	20.666666666666668	0.0	0.0
114	__rnase_site_ext	20.0	0.0	0.0
114	p0	0.6666666666666666	0.0	0.0
114	p1	1.0	0.0	0.0
114	protein1	448.66666666666674	16.0	1.1969923333333332
114	protein2	676.6666666666666	22.66666666666667	1.5185473333333332
114	protein3	503.33333333333326	16.0	1.629490333333333
114	rnapol	0.3333333333333333	0.0	0.0
115	__protein1_rbs	12.0	0.0	0.0
115	__protein2_rbs	17.333333333333332	0.0	0.0
115	__protein3_rbs	13.333333333333336	0.0	0.0
115	__ribosome	19.33333333333333	0.0	0.0
115	__rnase_site_ext	20.0	0.0	0.0
115	p0	1.0	0.0	0.0
115	p1	0.6666666666666666	0.0	0.0
115	protein1	454.0	16.0	1.324478
115	protein2	685.0	22.66666666666667	1.5612493333333333
115	protein3	510.0	16.0	1.5039266666666666
115	rnapol	0.6666666666666666	0.0	0.0
116	__protein1_rbs	12.333333333333336	0.0	0.0
116	__protein2_rbs	18.0	0.0	0.0
116	__protein3_rbs	13.0	0.0	0.0
116	__ribosome	19.666666666666668	0.0	0.0
116	__rnase_site_ext	21.33333333333333	0.0	0.0
116	p0	1.0	0.0	0.0
116	p1	0.3333333333333333	0.0	0.0
116	protein1	459.0	15.666666666666664	1.4545206666666666
116	protein2	693.0	23.0	1.5623740000000002
116	protein3	516.3333333333334	16.333333333333332	1.322807
116	rnapol	1.0	0.0	0.0
117	__protein1_rbs	14.333333333333336	0.0	0.0
117	__protein2_rbs	17.666666666666668	0.0	0.0
117	__protein3_rbs	13.333333333333336	0.0	0.0
117	__ribosome	20.666666666666668	0.0	0.0
117	__rnase_site_ext	21.66666666666667	0.0	0.0
117	p0	1.0	0.0	0.0
117	p1	0.6666666666666666	0.0	0.0
117	protein1	465.0	16.0	1.274713
117	protein2	702.3333333333335	24.0	1.497145333333333
117	protein3	522.0	16.666666666666668	1.3821636666666668
117	rnapol	0.6666666666666666	0.0	0.0
118	__protein1_rbs	13.666666666666664	0.0	0.0
118	__protein2_rbs	21.33333333333333	0.0	0.0
118	__protein3_rbs	14.0	0.0	0.0
118	__ribosome	16.666666666666668	0.0	0.0
118	__rnase_site_ext	21.66666666666667	0.0	0.0
118	p0	0.6666666666666666	0.0	0.0
118	p1	1.0	0.0	0.0
118	protein1	471.33333333333326	16.0	1.255651
118	protein2	707.3333333333335	24.33333333333333	1.590768
118	protein3	526.6666666666666	17.0	1.448611
118	rnapol	0.3333333333333333	0.0	0.0
119	__protein1_rbs	11.666666666666664	0.0	0.0
119	__protein2_rbs	21.0	0.0	0.0
119	__protein3_rbs	14.0	0.0	0.0
119	__ribosome	18.666666666666668	0.0	0.0
119	__rnase_site_ext	21.0	0.0	0.0
119	p0	1.0	0.0	0.0
119	p1	1.0	0.0	0.0
119	protein1	479.33333333333326	16.333333333333332	1.2196113333333332
119	protein2	718.0	24.66666666666667	1.407728
119	protein3	530.6666666666666	16.666666666666668	1.6100146666666666
119	rnapol	0.6666666666666666	0.0	0.0
120	__protein1_rbs	12.0	0.0	0.0
120	__protein2_rbs	19.33333333333333	0.0	0.0
120	__protein3_rbs	13.333333333333336	0.0	0.0
120	__ribosome	17.0	0.0	0.0
120	__rnase_site_ext	22.66666666666667	0.0	0.0
120	p0	0.6666666666666666	0.0	0.0
120	p1	1.0	0.0	0.0
120	protein1	485.0	16.666666666666668	1.2647059999999999
120	protein2	727.0	24.66666666666667	1.3654083333333336
120	protein3	535.0	16.666666666666668	1.7358916666666666
120	rnapol	0.3333333333333333	0.0	0.0
121	__protein1_rbs	13.333333333333336	0.0	0.0
121	__protein2_rbs	20.33333333333333	0.0	0.0
121	__protein3_rbs	14.666666666666664	0.0	0.0
121	__ribosome	17.0	0.0	0.0
121	__rnase_site_ext	21.66666666666667	0.0	0.0
121	p0	1.0	0.0	0.0
121	p1	1.0	0.0	0.0
121	protein1	489.0	17.0	1.3258343333333331
121	protein2	733.6666666666665	24.66666666666667	1.3900773333333334
121	protein3	541.6666666666666	17.333333333333332	1.532443
121	rnapol	0.6666666666666666	0.0	0.0
122	__protein1_rbs	14.333333333333336	0.0	0.0
122	__protein2_rbs	20.33333333333333	0.0	0.0
122	__protein3_rbs	15.0	0.0	0.0
122	__ribosome	24.0	0.0	0.0
122	__rnase_site_ext	22.66666666666667	0.0	0.0
122	p0	1.0	0.0	0.0
122	p1	1.0	0.0	0.0
122	protein1	496.33333333333326	17.333333333333332	1.15731
122	protein2	744.0	24.66666666666667	1.2810560000000002
122	protein3	549.6666666666666	17.666666666666668	1.373581
122	rnapol	0.6666666666666666	0.0	0.0
123	__protein1_rbs	14.666666666666664	0.0	0.0
123	__protein2_rbs	19.33333333333333	0.0	0.0
123	__protein3_rbs	14.666666666666664	0.0	0.0
123	__ribosome	19.666666666666668	0.0	0.0
123	__rnase_site_ext	23.0	0.0	0.0
123	p0	1.0	0.0	0.0
123	p1	0.6666666666666666	0.0	0.0
123	protein1	502.0	17.666666666666668	1.2152776666666667
123	protein2	752.0	24.33333333333333	1.3746473333333336
123	protein3	555.0	18.33333333333333	1.3962846666666664
123	rnapol	0.3333333333333333	0.0	0.0
124	__protein1_rbs	14.0	0.0	0.0
124	__protein2_rbs	21.33333333333333	0.0	0.0
124	__protein3_rbs	14.666666666666664	0.0	0.0
124	__ribosome	18.33333333333333	0.0	0.0
124	__rnase_site_ext	21.33333333333333	0.0	0.0
124	p0	1.0	0.0	0.0
124	p1	0.6666666666666666	0.0	0.0
124	protein1	508.0	17.333333333333332	1.2269003333333333
124	protein2	758.0	24.66666666666667	1.3405483333333332
124	protein3	561.0	18.666666666666668	1.4796696666666669
124	rnapol	0.3333333333333333	0.0	0.0
125	__protein1_rbs	12.333333333333336	0.0	0.0
125	__protein2_rbs	21.66666666666667	0.0	0.0
125	__protein3_rbs	16.0	0.0	0.0
125	__ribosome	19.0	0.0	0.0
125	__rnase_site_ext	21.33333333333333	0.0	0.0
125	p0	1.0	0.0	0.0
125	p1	1.0	0.0	0.0
125	protein1	515.6666666666666	17.0	1.1551103333333332
125	protein2	765.3333333333335	25.0	1.318323
125	protein3	566.6666666666666	18.666666666666668	1.5305469999999999
125	rnapol	1.3333333333333333	0.0	0.0
126	__protein1_rbs	14.333333333333336	0.0	0.0
126	__protein2_rbs	20.0	0.0	0.0
126	__protein3_rbs	15.666666666666664	0.0	0.0
126	__ribosome	18.0	0.0	0.0
126	__rnase_site_ext	23.66666666666667	0.0	0.0
126	p0	1.0	0.0	0.0
126	p1	0.6666666666666666	0.0	0.0
126	protein1	521.3333333333334	16.333333333333332	1.1353276666666667
126	protein2	773.0	26.0	1.3369963333333332
126	protein3	571.0	18.666666666666668	1.5671309999999998
126	rnapol	0.6666666666666666	0.0	0.0
127	__protein1_rbs	14.666666666666664	0.0	0.0
127	__protein2_rbs	20.33333333333333	0.0	0.0
127	__protein3_rbs	16.0	0.0	0.0
127	__ribosome	18.33333333333333	0.0	0.0
127	__rnase_site_ext	23.0	0.0	0.0
127	p0	1.0	0.0	0.0
127	p1	1.0	0.0	0.0
127	protein1	526.3333333333334	16.333333333333332	1.079772
127	protein2	782.0	26.66666666666667	1.3286326666666668
127	protein3	578.3333333333334	19.0	1.5395713333333332
127	rnapol	0.3333333333333333	0.0	0.0
128	__protein1_rbs	13.666666666666664	0.0	0.0
128	__protein2_rbs	21.33333333333333	0.0	0.0
128	__protein3_rbs	16.333333333333332	0.0	0.0
128	__ribosome	16.666666666666668	0.0	0.0
128	__rnase_site_ext	21.33333333333333	0.0	0.0
128	p0	1.0	0.0	0.0
128	p1	1.0	0.0	0.0
128	protein1	530.6666666666666	17.0	1.078775
128	protein2	790.6666666666665	26.66666666666667	1.3786326666666666
128	protein3	585.0	19.33333333333333	1.4795323333333332
128	rnapol	0.6666666666666666	0.0	0.0
129	__protein1_rbs	14.666666666666664	0.0	0.0
129	__protein2_rbs	23.66666666666667	0.0	0.0
129	__protein3_rbs	14.333333333333336	0.0	0.0
129	__ribosome	17.333333333333332	0.0	0.0
129	__rnase_site_ext	23.66666666666667	0.0	0.0
129	p0	1.0	0.0	0.0
129	p1	1.0	0.0	0.0
129	protein1	537.6666666666666	17.0	0.9082623333333334
129	protein2	796.0	26.33333333333333	1.4337419999999998
129	protein3	591.6666666666666	19.666666666666668	1.4920633333333333
129	rnapol	0.6666666666666666	0.0	0.0
130	__protein1_rbs	15.333333333333336	0.0	0.0
130	__protein2_rbs	21.0	0.0	0.0
130	__protein3_rbs	18.33333333333333	0.0	0.0
130	__ribosome	18.33333333333333	0.0	0.0
130	__rnase_site_ext	24.0	0.0	0.0
130	p0	1.0	0.0	0.0
130	p1	0.6666666666666666	0.0	0.0
130	protein1	542.0	17.0	0.9172366666666668
130	protein2	805.0	26.33333333333333	1.462514
130	protein3	597.6666666666666	20.33333333333333	1.3827753333333332
130	rnapol	0.6666666666666666	0.0	0.0
131	__protein1_rbs	14.0	0.0	0.0
131	__protein2_rbs	20.666666666666668	0.0	0.0
131	__protein3_rbs	17.0	0.0	0.0
131	__ribosome	19.0	0.0	0.0
131	__rnase_site_ext	23.66666666666667	0.0	0.0
131	p0	0.6666666666666666	0.0	0.0
131	p1	1.0	0.0	0.0
131	protein1	546.6666666666666	17.0	0.9082623333333334
131	protein2	813.6666666666665	26.0	1.4816606666666667
131	protein3	604.0	20.33333333333333	1.3667463333333334
131	rnapol	0.6666666666666666	0.0	0.0
132	__protein1_rbs	15.333333333333336	0.0	0.0
132	__protein2_rbs	23.33333333333333	0.0	0.0
132	__protein3_rbs	17.333333333333332	0.0	0.0
132	__ribosome	23.0	0.0	0.0
132	__rnase_site_ext	24.0	0.0	0.0
132	p0	1.0	0.0	0.0
132	p1	1.0	0.0	0.0
132	protein1	552.3333333333334	17.0	0.848433
132	protein2	824.3333333333335	26.66666666666667	1.348809666666667
132	protein3	611.0	20.666666666666668	1.3742423333333331
132	rnapol	0.3333333333333333	0.0	0.0
133	__protein1_rbs	12.333333333333336	0.0	0.0
133	__protein2_rbs	20.0	0.0	0.0
133	__protein3_rbs	17.0	0.0	0.0
133	__ribosome	15.0	0.0	0.0
133	__rnase_site_ext	21.33333333333333	0.0	0.0
133	p0	1.0	0.0	0.0
133	p1	1.0	0.0	0.0
133	protein1	555.3333333333334	16.666666666666668	1.081481666666667
133	protein2	832.6666666666665	26.0	1.5129156666666663
133	protein3	616.6666666666666	20.666666666666668	1.437878666666667
133	rnapol	1.3333333333333333	0.0	0.0
134	__protein1_rbs	14.333333333333336	0.0	0.0
134	__protein2_rbs	23.66666666666667	0.0	0.0
134	__protein3_rbs	18.0	0.0	0.0
134	__ribosome	21.33333333333333	0.0	0.0
134	__rnase_site_ext	22.33333333333333	0.0	0.0
134	p0	1.0	0.0	0.0
134	p1	0.6666666666666666	0.0	0.0
134	protein1	561.6666666666666	16.666666666666668	0.925926
134	protein2	840.3333333333335	26.0	1.469278
134	protein3	623.6666666666666	20.666666666666668	1.3238366666666666
134	rnapol	1.6666666666666667	0.0	0.0
135	__protein1_rbs	13.333333333333336	0.0	0.0
135	__protein2_rbs	23.0	0.0	0.0
135	__protein3_rbs	18.0	0.0	0.0
135	__ribosome	20.0	0.0	0.0
135	__rnase_site_ext	23.33333333333333	0.0	0.0
135	p0	1.0	0.0	0.0
135	p1	1.0	0.0	0.0
135	protein1	566.3333333333334	16.333333333333332	1.0350876666666666
135	protein2	848.6666666666665	27.0	1.3747806666666664
135	protein3	629.3333333333334	21.0	1.328647666666667
135	rnapol	2.0	0.0	0.0
136	__protein1_rbs	14.0	0.0	0.0
136	__protein2_rbs	20.666666666666668	0.0	0.0
136	__protein3_rbs	17.666666666666668	0.0	0.0
136	__ribosome	20.33333333333333	0.0	0.0
136	__rnase_site_ext	23.0	0.0	0.0
136	p0	0.6666666666666666	0.0	0.0
136	p1	1.0	0.0	0.0
136	protein1	569.6666666666666	16.666666666666668	1.1796296666666668
136	protein2	859.3333333333335	26.66666666666667	1.3810183333333337
136	protein3	637.3333333333334	21.0	1.201373
136	rnapol	1.6666666666666667	0.0	0.0
137	__protein1_rbs	15.333333333333336	0.0	0.0
137	__protein2_rbs	22.0	0.0	0.0
137	__protein3_rbs	17.0	0.0	0.0
137	__ribosome	21.0	0.0	0.0
137	__rnase_site_ext	24.66666666666667	0.0	0.0
137	p0	1.0	0.0	0.0
137	p1	1.0	0.0	0.0
137	protein1	575.0	17.333333333333332	1.1185183333333333
137	protein2	868.3333333333335	26.66666666666667	1.3743056666666666
137	protein3	642.6666666666666	20.666666666666668	1.2577639999999999
137	rnapol	1.3333333333333333	0.0	0.0
138	__protein1_rbs	13.666666666666664	0.0	0.0
138	__protein2_rbs	21.33333333333333	0.0	0.0
138	__protein3_rbs	16.666666666666668	0.0	0.0
138	__ribosome	18.666666666666668	0.0	0.0
138	__rnase_site_ext	24.0	0.0	0.0
138	p0	1.0	0.0	0.0
138	p1	1.0	0.0	0.0
138	protein1	582.0	17.0	1.1123643333333333
138	protein2	875.3333333333335	26.33333333333333	1.4452809999999998
138	protein3	648.6666666666666	20.666666666666668	1.269611
138	rnapol	1.0	0.0	0.0
139	__protein1_rbs	15.333333333333336	0.0	0.0
139	__protein2_rbs	22.33333333333333	0.0	0.0
139	__protein3_rbs	17.0	0.0	0.0
139	__ribosome	17.333333333333332	0.0	0.0
139	__rnase_site_ext	24.33333333333333	0.0	0.0
139	p0	1.0	0.0	0.0
139	p1	0.6666666666666666	0.0	0.0
139	protein1	587.3333333333334	17.666666666666668	1.0740603333333334
139	protein2	883.0	26.33333333333333	1.4704899999999999
139	protein3	655.6666666666666	21.0	1.3281343333333333
139	rnapol	1.0	0.0	0.0
140	__protein1_rbs	16.0	0.0	0.0
140	__protein2_rbs	22.33333333333333	0.0	0.0
140	__protein3_rbs	16.0	0.0	0.0
140	__ribosome	18.666666666666668	0.0	0.0
140	__rnase_site_ext	24.66666666666667	0.0	0.0
140	p0	0.6666666666666666	0.0	0.0
140	p1	0.6666666666666666	0.0	0.0
140	protein1	593.3333333333334	17.666666666666668	1.030075
140	protein2	891.6666666666665	26.33333333333333	1.402451
140	protein3	660.6666666666666	21.0	1.412804333333333
140	rnapol	0.6666666666666666	0.0	0.0
141	__protein1_rbs	15.333333333333336	0.0	0.0
141	__protein2_rbs	22.0	0.0	0.0
141	__protein3_rbs	17.666666666666668	0.0	0.0
141	__ribosome	17.666666666666668	0.0	0.0
141	__rnase_site_ext	24.66666666666667	0.0	0.0
141	p0	1.0	0.0	0.0
141	p1	1.0	0.0	0.0
141	protein1	598.3333333333334	17.666666666666668	0.9919796666666666
141	protein2	900.6666666666665	27.0	1.361111
141	protein3	665.0	20.666666666666668	1.4456113333333331
141	rnapol	0.6666666666666666	0.0	0.0
142	__protein1_rbs	15.0	0.0	0.0
142	__protein2_rbs	21.33333333333333	0.0	0.0
142	__protein3_rbs	18.33333333333333	0.0	0.0
142	__ribosome	19.666666666666668	0.0	0.0
142	__rnase_site_ext	23.66666666666667	0.0	0.0
142	p0	1.0	0.0	0.0
142	p1	1.0	0.0	0.0
142	protein1	604.3333333333334	17.666666666666668	1.0032583333333334
142	protein2	910.6666666666665	27.0	1.265233
142	protein3	670.6666666666666	20.33333333333333	1.4434523333333331
142	rnapol	1.3333333333333333	0.0	0.0
143	__protein1_rbs	14.333333333333336	0.0	0.0
143	__protein2_rbs	20.33333333333333	0.0	0.0
143	__protein3_rbs	17.666666666666668	0.0	0.0
143	__ribosome	19.0	0.0	0.0
143	__rnase_site_ext	23.0	0.0	0.0
143	p0	0.6666666666666666	0.0	0.0
143	p1	1.0	0.0	0.0
143	protein1	609.6666666666666	17.333333333333332	1.0441799999999999
143	protein2	918.3333333333335	27.33333333333333	1.3623653333333332
143	protein3	680.0	20.666666666666668	1.3409126666666669
143	rnapol	1.3333333333333333	0.0	0.0
144	__protein1_rbs	14.666666666666664	0.0	0.0
144	__protein2_rbs	23.0	0.0	0.0
144	__protein3_rbs	16.333333333333332	0.0	0.0
144	__ribosome	18.0	0.0	0.0
144	__rnase_site_ext	23.33333333333333	0.0	0.0
144	p0	1.0	0.0	0.0
144	p1	0.6666666666666666	0.0	0.0
144	protein1	614.0	17.0	1.0194443333333334
144	protein2	924.6666666666665	26.33333333333333	1.4315790000000002
144	protein3	685.3333333333334	20.33333333333333	1.441269666666667
144	rnapol	1.3333333333333333	0.0	0.0
145	__protein1_rbs	14.666666666666664	0.0	0.0
145	__protein2_rbs	20.33333333333333	0.0	0.0
145	__protein3_rbs	18.33333333333333	0.0	0.0
145	__ribosome	19.33333333333333	0.0	0.0
145	__rnase_site_ext	22.0	0.0	0.0
145	p0	1.0	0.0	0.0
145	p1	1.0	0.0	0.0
145	protein1	622.0	16.666666666666668	0.8388886666666666
145	protein2	932.3333333333335	26.66666666666667	1.5273156666666663
145	protein3	691.3333333333335	21.0	1.3078243333333337
145	rnapol	1.0	0.0	0.0
146	__protein1_rbs	12.666666666666664	0.0	0.0
146	__protein2_rbs	23.66666666666667	0.0	0.0
146	__protein3_rbs	17.333333333333332	0.0	0.0
146	__ribosome	16.666666666666668	0.0	0.0
146	__rnase_site_ext	22.0	0.0	0.0
146	p0	1.0	0.0	0.0
146	p1	0.6666666666666666	0.0	0.0
146	protein1	625.3333333333334	16.666666666666668	1.0833333333333333
146	protein2	942.3333333333335	27.0	1.4702886666666668
146	protein3	698.3333333333335	21.0	1.3233333333333337
146	rnapol	1.0	0.0	0.0
147	__protein1_rbs	14.0	0.0	0.0
147	__protein2_rbs	23.33333333333333	0.0	0.0
147	__protein3_rbs	18.33333333333333	0.0	0.0
147	__ribosome	16.0	0.0	0.0
147	__rnase_site_ext	23.33333333333333	0.0	0.0
147	p0	1.0	0.0	0.0
147	p1	1.0	0.0	0.0
147	protein1	629.6666666666666	16.666666666666668	1.111111
147	protein2	951.3333333333335	27.0	1.368638
147	protein3	702.6666666666665	21.0	1.4230013333333336
147	rnapol	1.0	0.0	0.0
148	__protein1_rbs	15.0	0.0	0.0
148	__protein2_rbs	23.33333333333333	0.0	0.0
148	__protein3_rbs	18.33333333333333	0.0	0.0
148	__ribosome	20.666666666666668	0.0	0.0
148	__rnase_site_ext	24.33333333333333	0.0	0.0
148	p0	1.0	0.0	0.0
148	p1	1.0	0.0	0.0
148	protein1	635.0	17.0	1.051535
148	protein2	960.0	26.66666666666667	1.3166666666666669
148	protein3	710.6666666666665	21.0	1.3032426666666663
148	rnapol	1.3333333333333333	0.0	0.0
149	__protein1_rbs	12.666666666666664	0.0	0.0
149	__protein2_rbs	21.66666666666667	0.0	0.0
149	__protein3_rbs	16.333333333333332	0.0	0.0
149	__ribosome	17.666666666666668	0.0	0.0
149	__rnase_site_ext	22.0	0.0	0.0
149	p0	1.0	0.0	0.0
149	p1	0.6666666666666666	0.0	0.0
149	protein1	642.0	16.666666666666668	1.1661549999999998
149	protein2	969.6666666666665	26.66666666666667	1.3
149	protein3	715.6666666666665	20.666666666666668	1.4378423333333332
149	rnapol	1.3333333333333333	0.0	0.0
150	__protein1_rbs	14.0	0.0	0.0
150	__protein2_rbs	22.33333333333333	0.0	0.0
150	__protein3_rbs	17.666666666666668	0.0	0.0
150	__ribosome	18.666666666666668	0.0	0.0
150	__rnase_site_ext	24.66666666666667	0.0	0.0
150	p0	1.0	0.0	0.0
150	p1	0.6666666666666666	0.0	0.0
150	protein1	646.6666666666666	16.666666666666668	1.200731
150	protein2	978.6666666666665	26.33333333333333	1.2746030000000002
150	protein3	721.6666666666665	21.0	1.3737556666666666
150	rnapol	1.3333333333333333	0.0	0.0
151	__protein1_rbs	15.333333333333336	0.0	0.0
151	__protein2_rbs	22.66666666666667	0.0	0.0
151	__protein3_rbs	17.0	0.0	0.0
151	__ribosome	22.66666666666667	0.0	0.0
151	__rnase_site_ext	24.0	0.0	0.0
151	p0	1.0	0.0	0.0
151	p1	0.6666666666666666	0.0	0.0
151	protein1	652.3333333333334	17.0	1.0350876666666666
151	protein2	988.0	26.66666666666667	1.206221
151	protein3	729.6666666666665	20.33333333333333	1.3616513333333335
151	rnapol	0.6666666666666666	0.0	0.0
152	__protein1_rbs	14.333333333333336	0.0	0.0
152	__protein2_rbs	21.66666666666667	0.0	0.0
152	__protein3_rbs	15.666666666666664	0.0	0.0
152	__ribosome	19.0	0.0	0.0
152	__rnase_site_ext	23.0	0.0	0.0
152	p0	1.0	0.0	0.0
152	p1	1.0	0.0	0.0
152	protein1	658.6666666666666	16.666666666666668	0.8774123333333333
152	protein2	992.3333333333335	27.33333333333333	1.378636
152	protein3	735.3333333333335	20.0	1.4522873333333337
152	rnapol	0.6666666666666666	0.0	0.0
153	__protein1_rbs	13.333333333333336	0.0	0.0
153	__protein2_rbs	21.33333333333333	0.0	0.0
153	__protein3_rbs	17.0	0.0	0.0
153	__ribosome	16.0	0.0	0.0
153	__rnase_site_ext	23.33333333333333	0.0	0.0
153	p0	1.0	0.0	0.0
153	p1	1.0	0.0	0.0
153	protein1	664.3333333333334	16.666666666666668	0.949269
153	protein2	1001.3333333333335	27.0	1.420751
153	protein3	741.3333333333335	20.0	1.505620666666667
153	rnapol	1.3333333333333333	0.0	0.0
154	__protein1_rbs	15.0	0.0	0.0
154	__protein2_rbs	25.66666666666667	0.0	0.0
154	__protein3_rbs	17.666666666666668	0.0	0.0
154	__ribosome	22.66666666666667	0.0	0.0
154	__rnase_site_ext	24.66666666666667	0.0	0.0
154	p0	1.0	0.0	0.0
154	p1	1.0	0.0	0.0
154	protein1	668.6666666666666	16.666666666666668	0.890609
154	protein2	1011.3333333333335	27.0	1.2661790000000002
154	protein3	747.6666666666665	20.666666666666668	1.403469
154	rnapol	0.6666666666666666	0.0	0.0
155	__protein1_rbs	15.0	0.0	0.0
155	__protein2_rbs	22.0	0.0	0.0
155	__protein3_rbs	16.333333333333332	0.0	0.0
155	__ribosome	20.666666666666668	0.0	0.0
155	__rnase_site_ext	24.33333333333333	0.0	0.0
155	p0	0.3333333333333333	0.0	0.0
155	p1	1.0	0.0	0.0
155	protein1	672.0	17.0	0.966357
155	protein2	1019.0	26.0	1.3467433333333332
155	protein3	754.0	20.666666666666668	1.3782353333333337
155	rnapol	0.3333333333333333	0.0	0.0
156	__protein1_rbs	14.666666666666664	0.0	0.0
156	__protein2_rbs	22.33333333333333	0.0	0.0
156	__protein3_rbs	17.666666666666668	0.0	0.0
156	__ribosome	20.0	0.0	0.0
156	__rnase_site_ext	22.66666666666667	0.0	0.0
156	p0	1.0	0.0	0.0
156	p1	1.0	0.0	0.0
156	protein1	678.3333333333334	17.333333333333332	0.925926
156	protein2	1028.3333333333333	26.33333333333333	1.3927046666666667
156	protein3	760.6666666666665	21.0	1.352488666666667
156	rnapol	0.6666666666666666	0.0	0.0
157	__protein1_rbs	14.666666666666664	0.0	0.0
157	__protein2_rbs	21.33333333333333	0.0	0.0
157	__protein3_rbs	17.333333333333332	0.0	0.0
157	__ribosome	20.0	0.0	0.0
157	__rnase_site_ext	23.66666666666667	0.0	0.0
157	p0	1.0	0.0	0.0
157	p1	1.0	0.0	0.0
157	protein1	683.3333333333334	17.333333333333332	0.8502643333333334
157	protein2	1037.3333333333333	26.33333333333333	1.3861953333333332
157	protein3	768.0	20.33333333333333	1.4584933333333334
157	rnapol	1.0	0.0	0.0
158	__protein1_rbs	14.666666666666664	0.0	0.0
158	__protein2_rbs	20.33333333333333	0.0	0.0
158	__protein3_rbs	18.0	0.0	0.0
158	__ribosome	16.333333333333332	0.0	0.0
158	__rnase_site_ext	24.66666666666667	0.0	0.0
158	p0	0.6666666666666666	0.0	0.0
158	p1	0.6666666666666666	0.0	0.0
158	protein1	688.3333333333335	17.333333333333332	0.980688
158	protein2	1045.3333333333333	26.0	1.4105833333333333
158	protein3	773.3333333333335	20.666666666666668	1.505914
158	rnapol	1.3333333333333333	0.0	0.0
159	__protein1_rbs	15.0	0.0	0.0
159	__protein2_rbs	22.66666666666667	0.0	0.0
159	__protein3_rbs	17.666666666666668	0.0	0.0
159	__ribosome	15.333333333333336	0.0	0.0
159	__rnase_site_ext	23.0	0.0	0.0
159	p0	0.6666666666666666	0.0	0.0
159	p1	1.0	0.0	0.0
159	protein1	692.3333333333335	18.0	0.9248676666666666
159	protein2	1051.6666666666667	26.33333333333333	1.3887046666666667
159	protein3	778.3333333333335	20.0	1.5798503333333336
159	rnapol	1.0	0.0	0.0
160	__protein1_rbs	15.0	0.0	0.0
160	__protein2_rbs	23.0	0.0	0.0
160	__protein3_rbs	17.333333333333332	0.0	0.0
160	__ribosome	18.33333333333333	0.0	0.0
160	__rnase_site_ext	24.66666666666667	0.0	0.0
160	p0	1.0	0.0	0.0
160	p1	1.0	0.0	0.0
160	protein1	696.3333333333335	18.33333333333333	1.045635
160	protein2	1063.6666666666667	26.66666666666667	1.2040600000000001
160	protein3	786.3333333333335	20.33333333333333	1.4991829999999997
160	rnapol	0.6666666666666666	0.0	0.0
161	__protein1_rbs	15.0	0.0	0.0
161	__protein2_rbs	22.0	0.0	0.0
161	__protein3_rbs	16.666666666666668	0.0	0.0
161	__ribosome	15.666666666666664	0.0	0.0
161	__rnase_site_ext	23.66666666666667	0.0	0.0
161	p0	1.0	0.0	0.0
161	p1	0.6666666666666666	0.0	0.0
161	protein1	702.0	18.33333333333333	1.0958993333333331
161	protein2	1070.6666666666667	26.66666666666667	1.271111
161	protein3	793.6666666666665	20.33333333333333	1.5050653333333333
161	rnapol	1.3333333333333333	0.0	0.0
162	__protein1_rbs	15.666666666666664	0.0	0.0
162	__protein2_rbs	24.33333333333333	0.0	0.0
162	__protein3_rbs	18.33333333333333	0.0	0.0
162	__ribosome	18.0	0.0	0.0
162	__rnase_site_ext	25.33333333333333	0.0	0.0
162	p0	1.0	0.0	0.0
162	p1	0.6666666666666666	0.0	0.0
162	protein1	706.6666666666665	18.666666666666668	1.166035333333333
162	protein2	1078.6666666666667	27.0	1.179829
162	protein3	801.6666666666665	20.666666666666668	1.3712963333333337
162	rnapol	1.0	0.0	0.0
163	__protein1_rbs	16.666666666666668	0.0	0.0
163	__protein2_rbs	22.0	0.0	0.0
163	__protein3_rbs	17.333333333333332	0.0	0.0
163	__ribosome	17.0	0.0	0.0
163	__rnase_site_ext	26.33333333333333	0.0	0.0
163	p0	1.0	0.0	0.0
163	p1	0.6666666666666666	0.0	0.0
163	protein1	714.0	19.0	1.05001
163	protein2	1085.6666666666667	27.0	1.2774193333333332
163	protein3	807.6666666666665	20.33333333333333	1.4317313333333337
163	rnapol	0.3333333333333333	0.0	0.0
164	__protein1_rbs	17.333333333333332	0.0	0.0
164	__protein2_rbs	23.0	0.0	0.0
164	__protein3_rbs	17.0	0.0	0.0
164	__ribosome	18.0	0.0	0.0
164	__rnase_site_ext	27.0	0.0	0.0
164	p0	1.0	0.0	0.0
164	p1	1.0	0.0	0.0
164	protein1	721.0	19.666666666666668	0.9142546666666668
164	protein2	1093.6666666666667	27.66666666666667	1.2351093333333332
164	protein3	814.6666666666665	20.666666666666668	1.4528223333333332
164	rnapol	0.0	0.0	0.0
165	__protein1_rbs	15.333333333333336	0.0	0.0
165	__protein2_rbs	24.33333333333333	0.0	0.0
165	__protein3_rbs	18.666666666666668	0.0	0.0
165	__ribosome	18.33333333333333	0.0	0.0
165	__rnase_site_ext	26.0	0.0	0.0
165	p0	1.0	0.0	0.0
165	p1	1.0	0.0	0.0
165	protein1	726.6666666666665	19.33333333333333	0.983791
165	protein2	1103.3333333333333	27.66666666666667	1.1775546666666667
165	protein3	820.6666666666665	21.0	1.4304346666666667
165	rnapol	0.3333333333333333	0.0	0.0
166	__protein1_rbs	17.0	0.0	0.0
166	__protein2_rbs	22.33333333333333	0.0	0.0
166	__protein3_rbs	19.0	0.0	0.0
166	__ribosome	16.666666666666668	0.0	0.0
166	__rnase_site_ext	25.0	0.0	0.0
166	p0	1.0	0.0	0.0
166	p1	1.0	0.0	0.0
166	protein1	732.6666666666665	19.666666666666668	0.977174
166	protein2	1108.3333333333333	28.0	1.3078856666666667
166	protein3	828.6666666666665	21.33333333333333	1.2972223333333333
166	rnapol	0.0	0.0	0.0
167	__protein1_rbs	17.0	0.0	0.0
167	__protein2_rbs	24.33333333333333	0.0	0.0
167	__protein3_rbs	20.0	0.0	0.0
167	__ribosome	16.666666666666668	0.0	0.0
167	__rnase_site_ext	26.0	0.0	0.0
167	p0	1.0	0.0	0.0
167	p1	1.0	0.0	0.0
167	protein1	738.0	19.33333333333333	0.9541666666666666
167	protein2	1117.6666666666667	29.0	1.2309356666666669
167	protein3	833.3333333333335	21.66666666666667	1.3353173333333337
167	rnapol	0.3333333333333333	0.0	0.0
168	__protein1_rbs	16.0	0.0	0.0
168	__protein2_rbs	24.33333333333333	0.0	0.0
168	__protein3_rbs	18.33333333333333	0.0	0.0
168	__ribosome	18.0	0.0	0.0
168	__rnase_site_ext	27.0	0.0	0.0
168	p0	1.0	0.0	0.0
168	p1	1.0	0.0	0.0
168	protein1	744.0	19.33333333333333	0.8916666666666666
168	protein2	1125.6666666666667	29.33333333333333	1.2295173333333334
168	protein3	840.0	21.66666666666667	1.3194443333333334
168	rnapol	0.6666666666666666	0.0	0.0
169	__protein1_rbs	17.333333333333332	0.0	0.0
169	__protein2_rbs	25.33333333333333	0.0	0.0
169	__protein3_rbs	18.0	0.0	0.0
169	__ribosome	18.666666666666668	0.0	0.0
169	__rnase_site_ext	27.0	0.0	0.0
169	p0	1.0	0.0	0.0
169	p1	1.0	0.0	0.0
169	protein1	749.6666666666665	19.0	0.8712120000000001
169	protein2	1134.3333333333333	29.33333333333333	1.2546496666666669
169	protein3	847.3333333333335	22.0	1.2871213333333331
169	rnapol	0.6666666666666666	0.0	0.0
170	__protein1_rbs	16.333333333333332	0.0	0.0
170	__protein2_rbs	25.0	0.0	0.0
170	__protein3_rbs	19.666666666666668	0.0	0.0
170	__ribosome	16.0	0.0	0.0
170	__rnase_site_ext	25.0	0.0	0.0
170	p0	1.0	0.0	0.0
170	p1	1.0	0.0	0.0
170	protein1	754.6666666666665	18.666666666666668	1.0293649999999999
170	protein2	1143.0	29.66666666666667	1.265873
170	protein3	854.0	22.33333333333333	1.218788
170	rnapol	1.6666666666666667	0.0	0.0
171	__protein1_rbs	16.0	0.0	0.0
171	__protein2_rbs	24.66666666666667	0.0	0.0
171	__protein3_rbs	20.33333333333333	0.0	0.0
171	__ribosome	16.333333333333332	0.0	0.0
171	__rnase_site_ext	26.66666666666667	0.0	0.0
171	p0	1.0	0.0	0.0
171	p1	1.0	0.0	0.0
171	protein1	760.0	18.666666666666668	1.0293649999999999
171	protein2	1150.3333333333333	29.33333333333333	1.3336136666666665
171	protein3	861.0	22.33333333333333	1.117878666666667
171	rnapol	2.0	0.0	0.0
172	__protein1_rbs	18.0	0.0	0.0
172	__protein2_rbs	26.0	0.0	0.0
172	__protein3_rbs	19.0	0.0	0.0
172	__ribosome	15.333333333333336	0.0	0.0
172	__rnase_site_ext	28.0	0.0	0.0
172	p0	0.6666666666666666	0.0	0.0
172	p1	1.0	0.0	0.0
172	protein1	765.6666666666665	19.33333333333333	0.9069263333333334
172	protein2	1159.0	29.33333333333333	1.3399066666666668
172	protein3	865.3333333333335	23.33333333333333	1.2033333333333334
172	rnapol	1.0	0.0	0.0
173	__protein1_rbs	14.666666666666664	0.0	0.0
173	__protein2_rbs	24.33333333333333	0.0	0.0
173	__protein3_rbs	19.666666666666668	0.0	0.0
173	__ribosome	18.666666666666668	0.0	0.0
173	__rnase_site_ext	24.66666666666667	0.0	0.0
173	p0	1.0	0.0	0.0
173	p1	1.0	0.0	0.0
173	protein1	772.6666666666665	19.33333333333333	0.8920453333333334
173	protein2	1171.0	29.33333333333333	1.2588983333333337
173	protein3	873.3333333333335	23.33333333333333	1.1780950000000001
173	rnapol	1.3333333333333333	0.0	0.0
174	__protein1_rbs	16.333333333333332	0.0	0.0
174	__protein2_rbs	24.0	0.0	0.0
174	__protein3_rbs	19.666666666666668	0.0	0.0
174	__ribosome	19.0	0.0	0.0
174	__rnase_site_ext	27.0	0.0	0.0
174	p0	0.6666666666666666	0.0	0.0
174	p1	1.0	0.0	0.0
174	protein1	777.0	20.0	0.8825756666666665
174	protein2	1179.0	28.66666666666667	1.2997683333333334
174	protein3	879.3333333333335	23.33333333333333	1.1281743333333332
174	rnapol	0.3333333333333333	0.0	0.0
175	__protein1_rbs	17.666666666666668	0.0	0.0
175	__protein2_rbs	24.66666666666667	0.0	0.0
175	__protein3_rbs	20.0	0.0	0.0
175	__ribosome	14.333333333333336	0.0	0.0
175	__rnase_site_ext	27.66666666666667	0.0	0.0
175	p0	0.6666666666666666	0.0	0.0
175	p1	0.6666666666666666	0.0	0.0
175	protein1	781.0	20.0	0.9313299999999999
175	protein2	1187.0	29.33333333333333	1.2884796666666665
175	protein3	884.6666666666665	23.33333333333333	1.2653966666666667
175	rnapol	0.3333333333333333	0.0	0.0
176	__protein1_rbs	17.666666666666668	0.0	0.0
176	__protein2_rbs	26.0	0.0	0.0
176	__protein3_rbs	19.33333333333333	0.0	0.0
176	__ribosome	13.0	0.0	0.0
176	__rnase_site_ext	27.33333333333333	0.0	0.0
176	p0	1.0	0.0	0.0
176	p1	1.0	0.0	0.0
176	protein1	786.3333333333335	20.33333333333333	0.9634579999999998
176	protein2	1195.3333333333333	29.33333333333333	1.2545693333333334
176	protein3	889.6666666666665	23.33333333333333	1.338254
176	rnapol	1.0	0.0	0.0
177	__protein1_rbs	16.0	0.0	0.0
177	__protein2_rbs	24.33333333333333	0.0	0.0
177	__protein3_rbs	21.0	0.0	0.0
177	__ribosome	14.333333333333336	0.0	0.0
177	__rnase_site_ext	26.0	0.0	0.0
177	p0	1.0	0.0	0.0
177	p1	0.6666666666666666	0.0	0.0
177	protein1	792.3333333333335	20.0	1.0211783333333333
177	protein2	1205.6666666666667	29.33333333333333	1.2119206666666666
177	protein3	897.0	23.66666666666667	1.2884616666666666
177	rnapol	0.6666666666666666	0.0	0.0
178	__protein1_rbs	16.333333333333332	0.0	0.0
178	__protein2_rbs	25.0	0.0	0.0
178	__protein3_rbs	21.0	0.0	0.0
178	__ribosome	13.666666666666664	0.0	0.0
178	__rnase_site_ext	26.0	0.0	0.0
178	p0	1.0	0.0	0.0
178	p1	0.6666666666666666	0.0	0.0
178	protein1	797.6666666666665	20.0	0.9885833333333331
178	protein2	1214.3333333333333	30.0	1.1743590000000002
178	protein3	903.0	23.66666666666667	1.3605006666666668
178	rnapol	0.6666666666666666	0.0	0.0
179	__protein1_rbs	18.33333333333333	0.0	0.0
179	__protein2_rbs	26.33333333333333	0.0	0.0
179	__protein3_rbs	18.0	0.0	0.0
179	__ribosome	17.666666666666668	0.0	0.0
179	__rnase_site_ext	26.66666666666667	0.0	0.0
179	p0	1.0	0.0	0.0
179	p1	1.0	0.0	0.0
179	protein1	804.6666666666665	19.666666666666668	0.7968073333333333
179	protein2	1223.3333333333333	30.66666666666667	1.1006626666666666
179	protein3	910.3333333333335	24.0	1.3885223333333334
179	rnapol	0.3333333333333333	0.0	0.0
180	__protein1_rbs	16.0	0.0	0.0
180	__protein2_rbs	26.33333333333333	0.0	0.0
180	__protein3_rbs	21.33333333333333	0.0	0.0
180	__ribosome	19.0	0.0	0.0
180	__rnase_site_ext	25.66666666666667	0.0	0.0
180	p0	1.0	0.0	0.0
180	p1	1.0	0.0	0.0
180	protein1	810.3333333333335	19.33333333333333	0.7694209999999999
180	protein2	1231.3333333333333	30.0	1.1121166666666669
180	protein3	917.6666666666665	24.66666666666667	1.3519809999999999
180	rnapol	0.6666666666666666	0.0	0.0
181	__protein1_rbs	17.0	0.0	0.0
181	__protein2_rbs	24.0	0.0	0.0
181	__protein3_rbs	21.66666666666667	0.0	0.0
181	__ribosome	15.666666666666664	0.0	0.0
181	__rnase_site_ext	26.66666666666667	0.0	0.0
181	p0	1.0	0.0	0.0
181	p1	1.0	0.0	0.0
181	protein1	815.6666666666665	19.666666666666668	0.688142
181	protein2	1237.0	30.0	1.2466566666666667
181	protein3	925.0	24.66666666666667	1.3729603333333331
181	rnapol	0.6666666666666666	0.0	0.0
182	__protein1_rbs	16.333333333333332	0.0	0.0
182	__protein2_rbs	25.66666666666667	0.0	0.0
182	__protein3_rbs	20.33333333333333	0.0	0.0
182	__ribosome	15.0	0.0	0.0
182	__rnase_site_ext	25.66666666666667	0.0	0.0
182	p0	1.0	0.0	0.0
182	p1	1.0	0.0	0.0
182	protein1	819.0	19.666666666666668	0.755369
182	protein2	1247.0	30.33333333333333	1.142124666666667
182	protein3	932.0	24.33333333333333	1.479207333333333
182	rnapol	0.6666666666666666	0.0	0.0
183	__protein1_rbs	17.333333333333332	0.0	0.0
183	__protein2_rbs	26.66666666666667	0.0	0.0
183	__protein3_rbs	21.33333333333333	0.0	0.0
183	__ribosome	14.333333333333336	0.0	0.0
183	__rnase_site_ext	27.33333333333333	0.0	0.0
183	p0	1.0	0.0	0.0
183	p1	1.0	0.0	0.0
183	protein1	823.3333333333335	18.666666666666668	0.841583
183	protein2	1254.6666666666667	30.0	1.1838623333333331
183	protein3	939.6666666666665	25.0	1.40301
183	rnapol	1.3333333333333333	0.0	0.0
184	__protein1_rbs	17.0	0.0	0.0
184	__protein2_rbs	26.0	0.0	0.0
184	__protein3_rbs	20.33333333333333	0.0	0.0
184	__ribosome	12.666666666666664	0.0	0.0
184	__rnase_site_ext	26.66666666666667	0.0	0.0
184	p0	1.0	0.0	0.0
184	p1	0.6666666666666666	0.0	0.0
184	protein1	827.0	19.666666666666668	0.963406
184	protein2	1263.3333333333333	30.33333333333333	1.2028219999999998
184	protein3	949.3333333333335	24.33333333333333	1.3315943333333329
184	rnapol	0.3333333333333333	0.0	0.0
185	__protein1_rbs	16.0	0.0	0.0
185	__protein2_rbs	28.33333333333333	0.0	0.0
185	__protein3_rbs	22.0	0.0	0.0
185	__ribosome	12.666666666666664	0.0	0.0
185	__rnase_site_ext	26.33333333333333	0.0	0.0
185	p0	1.0	0.0	0.0
185	p1	1.0	0.0	0.0
185	protein1	831.3333333333335	20.0	1.0505553333333335
185	protein2	1270.0	30.66666666666667	1.1905066666666668
185	protein3	956.0	24.0	1.257198
185	rnapol	0.6666666666666666	0.0	0.0
186	__protein1_rbs	16.0	0.0	0.0
186	__protein2_rbs	24.66666666666667	0.0	0.0
186	__protein3_rbs	21.66666666666667	0.0	0.0
186	__ribosome	14.666666666666664	0.0	0.0
186	__rnase_site_ext	24.66666666666667	0.0	0.0
186	p0	0.6666666666666666	0.0	0.0
186	p1	1.0	0.0	0.0
186	protein1	838.6666666666665	20.33333333333333	1.0558776666666667
186	protein2	1278.3333333333333	29.66666666666667	1.2743590000000002
186	protein3	964.3333333333335	24.33333333333333	1.0950389999999999
186	rnapol	0.6666666666666666	0.0	0.0
187	__protein1_rbs	18.666666666666668	0.0	0.0
187	__protein2_rbs	24.0	0.0	0.0
187	__protein3_rbs	20.666666666666668	0.0	0.0
187	__ribosome	15.333333333333336	0.0	0.0
187	__rnase_site_ext	27.33333333333333	0.0	0.0
187	p0	1.0	0.0	0.0
187	p1	0.3333333333333333	0.0	0.0
187	protein1	844.0	20.666666666666668	1.0753393333333334
187	protein2	1288.3333333333333	29.33333333333333	1.2293686666666666
187	protein3	971.3333333333335	24.66666666666667	1.0751616666666666
187	rnapol	1.0	0.0	0.0
188	__protein1_rbs	17.666666666666668	0.0	0.0
188	__protein2_rbs	23.66666666666667	0.0	0.0
188	__protein3_rbs	20.33333333333333	0.0	0.0
188	__ribosome	17.333333333333332	0.0	0.0
188	__rnase_site_ext	27.33333333333333	0.0	0.0
188	p0	1.0	0.0	0.0
188	p1	1.0	0.0	0.0
188	protein1	850.0	20.33333333333333	1.0868203333333335
188	protein2	1298.3333333333333	30.66666666666667	1.1689656666666666
188	protein3	977.6666666666665	24.33333333333333	1.0321906666666667
188	rnapol	1.0	0.0	0.0
189	__protein1_rbs	15.333333333333336	0.0	0.0
189	__protein2_rbs	27.33333333333333	0.0	0.0
189	__protein3_rbs	21.33333333333333	0.0	0.0
189	__ribosome	15.333333333333336	0.0	0.0
189	__rnase_site_ext	26.0	0.0	0.0
189	p0	1.0	0.0	0.0
189	p1	0.6666666666666666	0.0	0.0
189	protein1	856.6666666666665	20.666666666666668	1.1231883333333332
189	protein2	1305.3333333333333	30.66666666666667	1.2030649999999998
189	protein3	984.3333333333335	24.33333333333333	1.0349313333333334
189	rnapol	0.6666666666666666	0.0	0.0
190	__protein1_rbs	16.0	0.0	0.0
190	__protein2_rbs	26.0	0.0	0.0
190	__protein3_rbs	21.66666666666667	0.0	0.0
190	__ribosome	17.0	0.0	0.0
190	__rnase_site_ext	26.66666666666667	0.0	0.0
190	p0	1.0	0.0	0.0
190	p1	0.6666666666666666	0.0	0.0
190	protein1	866.0	20.666666666666668	0.9911433333333334
190	protein2	1314.0	30.66666666666667	1.15762
190	protein3	988.3333333333335	24.33333333333333	1.126208
190	rnapol	1.0	0.0	0.0
191	__protein1_rbs	19.666666666666668	0.0	0.0
191	__protein2_rbs	27.0	0.0	0.0
191	__protein3_rbs	21.0	0.0	0.0
191	__ribosome	17.666666666666668	0.0	0.0
191	__rnase_site_ext	29.33333333333333	0.0	0.0
191	p0	1.0	0.0	0.0
191	p1	1.0	0.0	0.0
191	protein1	869.6666666666665	20.666666666666668	0.9975846666666668
191	protein2	1323.3333333333333	31.0	1.072933666666667
191	protein3	994.0	24.0	1.1950273333333334
191	rnapol	1.6666666666666667	0.0	0.0
192	__protein1_rbs	17.0	0.0	0.0
192	__protein2_rbs	26.66666666666667	0.0	0.0
192	__protein3_rbs	21.33333333333333	0.0	0.0
192	__ribosome	15.333333333333336	0.0	0.0
192	__rnase_site_ext	27.33333333333333	0.0	0.0
192	p0	1.0	0.0	0.0
192	p1	0.6666666666666666	0.0	0.0
192	protein1	876.0	20.0	1.037127
192	protein2	1330.6666666666667	31.33333333333333	1.1015326666666667
192	protein3	999.6666666666665	24.66666666666667	1.2051796666666668
192	rnapol	1.3333333333333333	0.0	0.0
193	__protein1_rbs	14.333333333333336	0.0	0.0
193	__protein2_rbs	26.0	0.0	0.0
193	__protein3_rbs	20.33333333333333	0.0	0.0
193	__ribosome	17.333333333333332	0.0	0.0
193	__rnase_site_ext	26.33333333333333	0.0	0.0
193	p0	1.0	0.0	0.0
193	p1	1.0	0.0	0.0
193	protein1	884.3333333333335	19.666666666666668	0.9507576666666666
193	protein2	1341.6666666666667	32.0	1.0317603333333334
193	protein3	1006.0	24.33333333333333	1.2882756666666666
193	rnapol	1.0	0.0	0.0
194	__protein1_rbs	16.666666666666668	0.0	0.0
194	__protein2_rbs	28.33333333333333	0.0	0.0
194	__protein3_rbs	21.0	0.0	0.0
194	__ribosome	16.666666666666668	0.0	0.0
194	__rnase_site_ext	27.0	0.0	0.0
194	p0	1.0	0.0	0.0
194	p1	1.0	0.0	0.0
194	protein1	888.3333333333335	19.666666666666668	1.013528
194	protein2	1348.3333333333333	31.33333333333333	1.0242200000000001
194	protein3	1013.0	24.33333333333333	1.309922
194	rnapol	1.6666666666666667	0.0	0.0
195	__protein1_rbs	16.0	0.0	0.0
195	__protein2_rbs	28.0	0.0	0.0
195	__protein3_rbs	21.66666666666667	0.0	0.0
195	__ribosome	16.666666666666668	0.0	0.0
195	__rnase_site_ext	27.0	0.0	0.0
195	p0	1.0	0.0	0.0
195	p1	0.3333333333333333	0.0	0.0
195	protein1	894.3333333333335	19.33333333333333	1.0431456666666667
195	protein2	1355.0	31.33333333333333	1.0420633333333331
195	protein3	1021.0	24.33333333333333	1.2706706666666667
195	rnapol	1.3333333333333333	0.0	0.0
196	__protein1_rbs	16.666666666666668	0.0	0.0
196	__protein2_rbs	28.0	0.0	0.0
196	__protein3_rbs	21.0	0.0	0.0
196	__ribosome	15.666666666666664	0.0	0.0
196	__rnase_site_ext	28.0	0.0	0.0
196	p0	0.6666666666666666	0.0	0.0
196	p1	1.0	0.0	0.0
196	protein1	899.6666666666665	19.33333333333333	1.0783546666666666
196	protein2	1362.6666666666667	31.0	1.0043376666666666
196	protein3	1025.6666666666667	24.0	1.376254333333333
196	rnapol	1.6666666666666667	0.0	0.0
197	__protein1_rbs	16.666666666666668	0.0	0.0
197	__protein2_rbs	28.66666666666667	0.0	0.0
197	__protein3_rbs	21.33333333333333	0.0	0.0
197	__ribosome	17.666666666666668	0.0	0.0
197	__rnase_site_ext	27.0	0.0	0.0
197	p0	1.0	0.0	0.0
197	p1	1.0	0.0	0.0
197	protein1	905.6666666666665	20.0	0.9696969999999999
197	protein2	1371.3333333333333	31.66666666666667	1.0270303333333335
197	protein3	1034.0	23.66666666666667	1.3002433333333334
197	rnapol	1.0	0.0	0.0
198	__protein1_rbs	15.333333333333336	0.0	0.0
198	__protein2_rbs	26.0	0.0	0.0
198	__protein3_rbs	20.666666666666668	0.0	0.0
198	__ribosome	18.33333333333333	0.0	0.0
198	__rnase_site_ext	26.33333333333333	0.0	0.0
198	p0	0.6666666666666666	0.0	0.0
198	p1	1.0	0.0	0.0
198	protein1	911.6666666666665	19.33333333333333	1.0530303333333333
198	protein2	1378.333333333333	30.66666666666667	1.1227106666666666
198	protein3	1043.0	24.0	1.1486850000000002
198	rnapol	0.6666666666666666	0.0	0.0
199	__protein1_rbs	17.0	0.0	0.0
199	__protein2_rbs	24.66666666666667	0.0	0.0
199	__protein3_rbs	20.33333333333333	0.0	0.0
199	__ribosome	14.333333333333336	0.0	0.0
199	__rnase_site_ext	26.66666666666667	0.0	0.0
199	p0	1.0	0.0	0.0
199	p1	1.0	0.0	0.0
199	protein1	917.3333333333335	19.0	1.0616163333333333
199	protein2	1386.0	30.0	1.2718276666666666
199	protein3	1049.3333333333333	24.33333333333333	1.1892536666666669
199	rnapol	0.6666666666666666	0.0	0.0
200	__protein1_rbs	15.666666666666664	0.0	0.0
200	__protein2_rbs	25.33333333333333	0.0	0.0
200	__protein3_rbs	19.33333333333333	0.0	0.0
200	__ribosome	15.0	0.0	0.0
200	__rnase_site_ext	25.66666666666667	0.0	0.0
200	p0	1.0	0.0	0.0
200	p1	0.6666666666666666	0.0	0.0
200	protein1	923.3333333333335	18.33333333333333	1.0222223333333331
200	protein2	1393.0	29.66666666666667	1.308934
200	protein3	1057.0	24.33333333333333	1.1925933333333332
200	rnapol	0.6666666666666666	0.0	0.0
201	__protein1_rbs	17.0	0.0	0.0
201	__protein2_rbs	26.66666666666667	0.0	0.0
201	__protein3_rbs	21.66666666666667	0.0	0.0
201	__ribosome	20.0	0.0	0.0
201	__rnase_site_ext	26.0	0.0	0.0
201	p0	1.0	0.0	0.0
201	p1	1.0	0.0	0.0
201	protein1	929.6666666666665	18.666666666666668	0.8174606666666667
201	protein2	1402.333333333333	30.66666666666667	1.206815
201	protein3	1062.3333333333333	24.66666666666667	1.202535
201	rnapol	1.0	0.0	0.0
202	__protein1_rbs	17.0	0.0	0.0
202	__protein2_rbs	24.66666666666667	0.0	0.0
202	__protein3_rbs	20.33333333333333	0.0	0.0
202	__ribosome	17.333333333333332	0.0	0.0
202	__rnase_site_ext	25.66666666666667	0.0	0.0
202	p0	1.0	0.0	0.0
202	p1	1.0	0.0	0.0
202	protein1	935.0	18.33333333333333	0.8103176666666667
202	protein2	1412.333333333333	30.33333333333333	1.219021
202	protein3	1067.3333333333333	24.33333333333333	1.349473
202	rnapol	1.0	0.0	0.0
203	__protein1_rbs	14.0	0.0	0.0
203	__protein2_rbs	26.33333333333333	0.0	0.0
203	__protein3_rbs	19.33333333333333	0.0	0.0
203	__ribosome	15.0	0.0	0.0
203	__rnase_site_ext	24.0	0.0	0.0
203	p0	1.0	0.0	0.0
203	p1	0.6666666666666666	0.0	0.0
203	protein1	939.6666666666665	18.33333333333333	0.8952379999999999
203	protein2	1419.666666666667	30.0	1.202589666666667
203	protein3	1075.3333333333333	24.33333333333333	1.380623
203	rnapol	1.6666666666666667	0.0	0.0
204	__protein1_rbs	16.333333333333332	0.0	0.0
204	__protein2_rbs	25.66666666666667	0.0	0.0
204	__protein3_rbs	20.666666666666668	0.0	0.0
204	__ribosome	14.0	0.0	0.0
204	__rnase_site_ext	25.66666666666667	0.0	0.0
204	p0	1.0	0.0	0.0
204	p1	0.6666666666666666	0.0	0.0
204	protein1	943.3333333333335	18.0	0.9261903333333332
204	protein2	1429.333333333333	29.33333333333333	1.2182540000000002
204	protein3	1080.6666666666667	24.33333333333333	1.4484123333333334
204	rnapol	1.3333333333333333	0.0	0.0
205	__protein1_rbs	15.666666666666664	0.0	0.0
205	__protein2_rbs	25.0	0.0	0.0
205	__protein3_rbs	21.66666666666667	0.0	0.0
205	__ribosome	13.333333333333336	0.0	0.0
205	__rnase_site_ext	25.0	0.0	0.0
205	p0	1.0	0.0	0.0
205	p1	1.0	0.0	0.0
205	protein1	947.6666666666665	18.0	0.9192983333333334
205	protein2	1435.666666666667	29.0	1.3455193333333335
205	protein3	1089.0	24.33333333333333	1.3436383333333335
205	rnapol	1.6666666666666667	0.0	0.0
206	__protein1_rbs	15.333333333333336	0.0	0.0
206	__protein2_rbs	23.66666666666667	0.0	0.0
206	__protein3_rbs	21.66666666666667	0.0	0.0
206	__ribosome	16.333333333333332	0.0	0.0
206	__rnase_site_ext	24.66666666666667	0.0	0.0
206	p0	1.0	0.0	0.0
206	p1	1.0	0.0	0.0
206	protein1	952.0	18.0	0.8730996666666666
206	protein2	1446.666666666667	28.66666666666667	1.2929293333333334
206	protein3	1095.3333333333333	24.33333333333333	1.350790333333333
206	rnapol	1.6666666666666667	0.0	0.0
207	__protein1_rbs	15.333333333333336	0.0	0.0
207	__protein2_rbs	24.33333333333333	0.0	0.0
207	__protein3_rbs	19.0	0.0	0.0
207	__ribosome	18.33333333333333	0.0	0.0
207	__rnase_site_ext	24.66666666666667	0.0	0.0
207	p0	0.6666666666666666	0.0	0.0
207	p1	1.0	0.0	0.0
207	protein1	958.3333333333335	18.33333333333333	0.8765350000000001
207	protein2	1454.0	28.0	1.2835096666666663
207	protein3	1105.0	23.33333333333333	1.365079333333333
207	rnapol	0.0	0.0	0.0
208	__protein1_rbs	16.666666666666668	0.0	0.0
208	__protein2_rbs	23.33333333333333	0.0	0.0
208	__protein3_rbs	19.33333333333333	0.0	0.0
208	__ribosome	17.0	0.0	0.0
208	__rnase_site_ext	25.0	0.0	0.0
208	p0	0.6666666666666666	0.0	0.0
208	p1	1.0	0.0	0.0
208	protein1	961.6666666666665	19.33333333333333	0.9875
208	protein2	1463.666666666667	27.66666666666667	1.2430336666666666
208	protein3	1112.3333333333333	23.0	1.368254
208	rnapol	1.0	0.0	0.0
209	__protein1_rbs	16.333333333333332	0.0	0.0
209	__protein2_rbs	24.33333333333333	0.0	0.0
209	__protein3_rbs	20.0	0.0	0.0
209	__ribosome	15.333333333333336	0.0	0.0
209	__rnase_site_ext	25.66666666666667	0.0	0.0
209	p0	1.0	0.0	0.0
209	p1	1.0	0.0	0.0
209	protein1	965.6666666666665	19.666666666666668	1.171176
209	protein2	1472.333333333333	28.0	1.2513546666666666
209	protein3	1119.6666666666667	23.0	1.2365076666666666
209	rnapol	1.0	0.0	0.0
210	__protein1_rbs	18.666666666666668	0.0	0.0
210	__protein2_rbs	24.33333333333333	0.0	0.0
210	__protein3_rbs	19.33333333333333	0.0	0.0
210	__ribosome	15.333333333333336	0.0	0.0
210	__rnase_site_ext	27.0	0.0	0.0
210	p0	1.0	0.0	0.0
210	p1	1.0	0.0	0.0
210	protein1	972.0	20.0	0.993761
210	protein2	1480.333333333333	29.0	1.1555556666666666
210	protein3	1124.6666666666667	23.0	1.409524
210	rnapol	0.6666666666666666	0.0	0.0
211	__protein1_rbs	17.0	0.0	0.0
211	__protein2_rbs	24.66666666666667	0.0	0.0
211	__protein3_rbs	17.333333333333332	0.0	0.0
211	__ribosome	18.0	0.0	0.0
211	__rnase_site_ext	26.33333333333333	0.0	0.0
211	p0	1.0	0.0	0.0
211	p1	1.0	0.0	0.0
211	protein1	979.0	19.666666666666668	0.9090020000000001
211	protein2	1487.0	29.33333333333333	1.2294973333333334
211	protein3	1133.6666666666667	22.33333333333333	1.310025
211	rnapol	0.6666666666666666	0.0	0.0
212	__protein1_rbs	17.0	0.0	0.0
212	__protein2_rbs	25.33333333333333	0.0	0.0
212	__protein3_rbs	18.0	0.0	0.0
212	__ribosome	19.0	0.0	0.0
212	__rnase_site_ext	26.33333333333333	0.0	0.0
212	p0	1.0	0.0	0.0
212	p1	0.6666666666666666	0.0	0.0
212	protein1	985.6666666666665	19.666666666666668	0.8665139999999999
212	protein2	1495.666666666667	29.66666666666667	1.203225
212	protein3	1140.0	21.66666666666667	1.4061726666666667
212	rnapol	0.0	0.0	0.0
213	__protein1_rbs	17.666666666666668	0.0	0.0
213	__protein2_rbs	25.33333333333333	0.0	0.0
213	__protein3_rbs	18.33333333333333	0.0	0.0
213	__ribosome	15.333333333333336	0.0	0.0
213	__rnase_site_ext	27.66666666666667	0.0	0.0
213	p0	1.0	0.0	0.0
213	p1	1.0	0.0	0.0
213	protein1	990.6666666666665	19.666666666666668	0.8718536666666666
213	protein2	1503.666666666667	30.0	1.2084376666666663
213	protein3	1144.3333333333333	21.0	1.581825
213	rnapol	0.6666666666666666	0.0	0.0
214	__protein1_rbs	18.0	0.0	0.0
214	__protein2_rbs	24.66666666666667	0.0	0.0
214	__protein3_rbs	17.666666666666668	0.0	0.0
214	__ribosome	18.666666666666668	0.0	0.0
214	__rnase_site_ext	27.33333333333333	0.0	0.0
214	p0	1.0	0.0	0.0
214	p1	0.6666666666666666	0.0	0.0
214	protein1	995.6666666666665	20.0	0.8078430000000001
214	protein2	1511.333333333333	29.66666666666667	1.228095333333333
214	protein3	1153.3333333333333	21.33333333333333	1.4185186666666667
214	rnapol	0.0	0.0	0.0
215	__protein1_rbs	18.0	0.0	0.0
215	__protein2_rbs	25.66666666666667	0.0	0.0
215	__protein3_rbs	17.666666666666668	0.0	0.0
215	__ribosome	18.0	0.0	0.0
215	__rnase_site_ext	28.33333333333333	0.0	0.0
215	p0	1.0	0.0	0.0
215	p1	1.0	0.0	0.0
215	protein1	1001.0	20.0	0.8156863333333334
215	protein2	1519.666666666667	30.0	1.1834553333333333
215	protein3	1158.6666666666667	21.33333333333333	1.4509419999999995
215	rnapol	0.3333333333333333	0.0	0.0
216	__protein1_rbs	18.666666666666668	0.0	0.0
216	__protein2_rbs	26.0	0.0	0.0
216	__protein3_rbs	18.0	0.0	0.0
216	__ribosome	19.666666666666668	0.0	0.0
216	__rnase_site_ext	28.0	0.0	0.0
216	p0	1.0	0.0	0.0
216	p1	1.0	0.0	0.0
216	protein1	1005.6666666666665	20.0	0.8063083333333334
216	protein2	1528.333333333333	30.33333333333333	1.1114056666666667
216	protein3	1166.0	21.66666666666667	1.4217019999999998
216	rnapol	0.6666666666666666	0.0	0.0
217	__protein1_rbs	16.333333333333332	0.0	0.0
217	__protein2_rbs	26.33333333333333	0.0	0.0
217	__protein3_rbs	17.0	0.0	0.0
217	__ribosome	17.333333333333332	0.0	0.0
217	__rnase_site_ext	26.66666666666667	0.0	0.0
217	p0	1.0	0.0	0.0
217	p1	0.6666666666666666	0.0	0.0
217	protein1	1011.0	20.0	0.926431
217	protein2	1536.0	30.33333333333333	1.1467973333333334
217	protein3	1174.3333333333333	21.66666666666667	1.3993926666666667
217	rnapol	1.3333333333333333	0.0	0.0
218	__protein1_rbs	16.0	0.0	0.0
218	__protein2_rbs	26.0	0.0	0.0
218	__protein3_rbs	19.666666666666668	0.0	0.0
218	__ribosome	15.666666666666664	0.0	0.0
218	__rnase_site_ext	27.33333333333333	0.0	0.0
218	p0	1.0	0.0	0.0
218	p1	1.0	0.0	0.0
218	protein1	1016.3333333333335	20.33333333333333	0.9931416666666668
218	protein2	1543.333333333333	30.66666666666667	1.1675509999999998
218	protein3	1181.0	21.66666666666667	1.358299666666667
218	rnapol	1.3333333333333333	0.0	0.0
219	__protein1_rbs	18.33333333333333	0.0	0.0
219	__protein2_rbs	26.0	0.0	0.0
219	__protein3_rbs	18.33333333333333	0.0	0.0
219	__ribosome	16.333333333333332	0.0	0.0
219	__rnase_site_ext	28.66666666666667	0.0	0.0
219	p0	1.0	0.0	0.0
219	p1	1.0	0.0	0.0
219	protein1	1020.6666666666665	20.33333333333333	0.9526316666666668
219	protein2	1551.0	30.0	1.192181333333333
219	protein3	1186.6666666666667	22.0	1.3199986666666663
219	rnapol	1.0	0.0	0.0
220	__protein1_rbs	16.666666666666668	0.0	0.0
220	__protein2_rbs	24.33333333333333	0.0	0.0
220	__protein3_rbs	17.0	0.0	0.0
220	__ribosome	14.666666666666664	0.0	0.0
220	__rnase_site_ext	27.33333333333333	0.0	0.0
220	p0	1.0	0.0	0.0
220	p1	1.0	0.0	0.0
220	protein1	1027.6666666666667	20.666666666666668	0.9915826666666666
220	protein2	1560.0	30.0	1.188889
220	protein3	1193.3333333333333	22.33333333333333	1.335043
220	rnapol	0.6666666666666666	0.0	0.0
221	__protein1_rbs	16.666666666666668	0.0	0.0
221	__protein2_rbs	25.0	0.0	0.0
221	__protein3_rbs	19.0	0.0	0.0
221	__ribosome	18.0	0.0	0.0
221	__rnase_site_ext	26.33333333333333	0.0	0.0
221	p0	0.6666666666666666	0.0	0.0
221	p1	1.0	0.0	0.0
221	protein1	1035.0	20.33333333333333	0.9177486666666668
221	protein2	1569.333333333333	30.33333333333333	1.2363856666666668
221	protein3	1200.6666666666667	22.0	1.2066383333333333
221	rnapol	0.6666666666666666	0.0	0.0
222	__protein1_rbs	16.333333333333332	0.0	0.0
222	__protein2_rbs	25.0	0.0	0.0
222	__protein3_rbs	18.666666666666668	0.0	0.0
222	__ribosome	12.333333333333336	0.0	0.0
222	__rnase_site_ext	25.33333333333333	0.0	0.0
222	p0	1.0	0.0	0.0
222	p1	0.6666666666666666	0.0	0.0
222	protein1	1038.6666666666667	20.666666666666668	1.10101
222	protein2	1576.0	30.66666666666667	1.3552026666666668
222	protein3	1209.0	21.66666666666667	1.0928653333333334
222	rnapol	1.0	0.0	0.0
223	__protein1_rbs	16.666666666666668	0.0	0.0
223	__protein2_rbs	27.33333333333333	0.0	0.0
223	__protein3_rbs	17.666666666666668	0.0	0.0
223	__ribosome	13.666666666666664	0.0	0.0
223	__rnase_site_ext	27.66666666666667	0.0	0.0
223	p0	0.6666666666666666	0.0	0.0
223	p1	1.0	0.0	0.0
223	protein1	1045.3333333333333	20.666666666666668	1.0488216666666668
223	protein2	1585.0	31.33333333333333	1.229689
223	protein3	1212.3333333333333	21.33333333333333	1.2394530000000001
223	rnapol	0.6666666666666666	0.0	0.0
224	__protein1_rbs	18.666666666666668	0.0	0.0
224	__protein2_rbs	26.33333333333333	0.0	0.0
224	__protein3_rbs	19.0	0.0	0.0
224	__ribosome	16.0	0.0	0.0
224	__rnase_site_ext	28.66666666666667	0.0	0.0
224	p0	1.0	0.0	0.0
224	p1	0.6666666666666666	0.0	0.0
224	protein1	1051.0	21.0	1.043698
224	protein2	1593.333333333333	31.33333333333333	1.2034366666666667
224	protein3	1219.3333333333333	21.66666666666667	1.136111
224	rnapol	0.6666666666666666	0.0	0.0
225	__protein1_rbs	19.33333333333333	0.0	0.0
225	__protein2_rbs	28.0	0.0	0.0
225	__protein3_rbs	17.0	0.0	0.0
225	__ribosome	14.0	0.0	0.0
225	__rnase_site_ext	29.33333333333333	0.0	0.0
225	p0	1.0	0.0	0.0
225	p1	0.6666666666666666	0.0	0.0
225	protein1	1058.6666666666667	21.0	0.8918166666666666
225	protein2	1603.333333333333	31.66666666666667	1.1704416666666668
225	protein3	1224.3333333333333	22.0	1.3760103333333331
225	rnapol	0.6666666666666666	0.0	0.0
226	__protein1_rbs	18.33333333333333	0.0	0.0
226	__protein2_rbs	28.66666666666667	0.0	0.0
226	__protein3_rbs	18.33333333333333	0.0	0.0
226	__ribosome	18.666666666666668	0.0	0.0
226	__rnase_site_ext	28.66666666666667	0.0	0.0
226	p0	0.6666666666666666	0.0	0.0
226	p1	0.6666666666666666	0.0	0.0
226	protein1	1065.6666666666667	21.0	0.8245496666666666
226	protein2	1614.666666666667	31.66666666666667	1.01001
226	protein3	1229.6666666666667	22.33333333333333	1.442995
226	rnapol	0.3333333333333333	0.0	0.0
227	__protein1_rbs	17.333333333333332	0.0	0.0
227	__protein2_rbs	28.33333333333333	0.0	0.0
227	__protein3_rbs	19.0	0.0	0.0
227	__ribosome	16.333333333333332	0.0	0.0
227	__rnase_site_ext	27.0	0.0	0.0
227	p0	1.0	0.0	0.0
227	p1	1.0	0.0	0.0
227	protein1	1071.3333333333333	20.33333333333333	0.8851540000000001
227	protein2	1621.333333333333	32.333333333333336	1.0615043333333334
227	protein3	1236.3333333333333	23.0	1.3829986666666667
227	rnapol	0.6666666666666666	0.0	0.0
228	__protein1_rbs	17.0	0.0	0.0
228	__protein2_rbs	29.0	0.0	0.0
228	__protein3_rbs	19.666666666666668	0.0	0.0
228	__ribosome	16.0	0.0	0.0
228	__rnase_site_ext	27.66666666666667	0.0	0.0
228	p0	1.0	0.0	0.0
228	p1	1.0	0.0	0.0
228	protein1	1076.6666666666667	20.33333333333333	0.9176586666666666
228	protein2	1629.333333333333	32.0	1.043956
228	protein3	1242.0	22.33333333333333	1.4618183333333334
228	rnapol	0.0	0.0	0.0
229	__protein1_rbs	17.666666666666668	0.0	0.0
229	__protein2_rbs	26.66666666666667	0.0	0.0
229	__protein3_rbs	19.0	0.0	0.0
229	__ribosome	16.666666666666668	0.0	0.0
229	__rnase_site_ext	26.33333333333333	0.0	0.0
229	p0	1.0	0.0	0.0
229	p1	0.6666666666666666	0.0	0.0
229	protein1	1081.6666666666667	20.0	0.9680556666666668
229	protein2	1638.666666666667	31.66666666666667	1.05233
229	protein3	1250.3333333333333	22.66666666666667	1.3994203333333337
229	rnapol	1.0	0.0	0.0
230	__protein1_rbs	18.0	0.0	0.0
230	__protein2_rbs	27.33333333333333	0.0	0.0
230	__protein3_rbs	19.33333333333333	0.0	0.0
230	__ribosome	17.333333333333332	0.0	0.0
230	__rnase_site_ext	28.0	0.0	0.0
230	p0	1.0	0.0	0.0
230	p1	0.6666666666666666	0.0	0.0
230	protein1	1087.0	19.666666666666668	0.9294593333333332
230	protein2	1646.0	31.33333333333333	1.165874
230	protein3	1260.0	22.66666666666667	1.279275333333333
230	rnapol	1.3333333333333333	0.0	0.0
231	__protein1_rbs	15.666666666666664	0.0	0.0
231	__protein2_rbs	27.66666666666667	0.0	0.0
231	__protein3_rbs	20.666666666666668	0.0	0.0
231	__ribosome	16.666666666666668	0.0	0.0
231	__rnase_site_ext	25.0	0.0	0.0
231	p0	1.0	0.0	0.0
231	p1	1.0	0.0	0.0
231	protein1	1092.3333333333333	19.33333333333333	1.0185186666666668
231	protein2	1653.333333333333	32.0	1.151389
231	protein3	1265.0	23.33333333333333	1.1982903333333332
231	rnapol	1.3333333333333333	0.0	0.0
232	__protein1_rbs	16.666666666666668	0.0	0.0
232	__protein2_rbs	25.33333333333333	0.0	0.0
232	__protein3_rbs	19.666666666666668	0.0	0.0
232	__ribosome	18.666666666666668	0.0	0.0
232	__rnase_site_ext	26.0	0.0	0.0
232	p0	1.0	0.0	0.0
232	p1	1.0	0.0	0.0
232	protein1	1099.0	19.33333333333333	0.9444446666666666
232	protein2	1662.0	31.0	1.2002050000000002
232	protein3	1272.3333333333333	23.33333333333333	1.1121793333333334
232	rnapol	1.6666666666666667	0.0	0.0
233	__protein1_rbs	17.0	0.0	0.0
233	__protein2_rbs	25.0	0.0	0.0
233	__protein3_rbs	22.0	0.0	0.0
233	__ribosome	15.333333333333336	0.0	0.0
233	__rnase_site_ext	26.0	0.0	0.0
233	p0	1.0	0.0	0.0
233	p1	1.0	0.0	0.0
233	protein1	1104.3333333333333	19.33333333333333	0.8888889999999999
233	protein2	1669.0	30.66666666666667	1.374191333333333
233	protein3	1278.6666666666667	23.66666666666667	1.0703703333333332
233	rnapol	2.0	0.0	0.0
234	__protein1_rbs	15.666666666666664	0.0	0.0
234	__protein2_rbs	25.66666666666667	0.0	0.0
234	__protein3_rbs	19.33333333333333	0.0	0.0
234	__ribosome	16.0	0.0	0.0
234	__rnase_site_ext	27.0	0.0	0.0
234	p0	1.0	0.0	0.0
234	p1	1.0	0.0	0.0
234	protein1	1108.6666666666667	19.33333333333333	0.9537036666666668
234	protein2	1680.333333333333	30.33333333333333	1.2757793333333332
234	protein3	1285.6666666666667	23.66666666666667	1.119086
234	rnapol	1.6666666666666667	0.0	0.0
235	__protein1_rbs	17.666666666666668	0.0	0.0
235	__protein2_rbs	25.33333333333333	0.0	0.0
235	__protein3_rbs	20.666666666666668	0.0	0.0
235	__ribosome	16.666666666666668	0.0	0.0
235	__rnase_site_ext	26.33333333333333	0.0	0.0
235	p0	1.0	0.0	0.0
235	p1	0.6666666666666666	0.0	0.0
235	protein1	1114.6666666666667	19.33333333333333	0.9237036666666666
235	protein2	1688.333333333333	29.66666666666667	1.2686816666666667
235	protein3	1291.0	24.33333333333333	1.1767363333333334
235	rnapol	1.3333333333333333	0.0	0.0
236	__protein1_rbs	17.333333333333332	0.0	0.0
236	__protein2_rbs	24.66666666666667	0.0	0.0
236	__protein3_rbs	22.66666666666667	0.0	0.0
236	__ribosome	13.666666666666664	0.0	0.0
236	__rnase_site_ext	25.33333333333333	0.0	0.0
236	p0	1.0	0.0	0.0
236	p1	1.0	0.0	0.0
236	protein1	1120.0	20.0	0.924737
236	protein2	1696.333333333333	29.66666666666667	1.3409633333333335
236	protein3	1295.3333333333333	24.0	1.2175323333333332
236	rnapol	1.0	0.0	0.0
237	__protein1_rbs	17.0	0.0	0.0
237	__protein2_rbs	22.33333333333333	0.0	0.0
237	__protein3_rbs	21.0	0.0	0.0
237	__ribosome	18.666666666666668	0.0	0.0
237	__rnase_site_ext	26.33333333333333	0.0	0.0
237	p0	1.0	0.0	0.0
237	p1	0.6666666666666666	0.0	0.0
237	protein1	1126.0	20.0	0.8924123333333333
237	protein2	1708.333333333333	28.33333333333333	1.259317
237	protein3	1302.3333333333333	23.66666666666667	1.227272666666667
237	rnapol	1.0	0.0	0.0
238	__protein1_rbs	17.333333333333332	0.0	0.0
238	__protein2_rbs	22.66666666666667	0.0	0.0
238	__protein3_rbs	19.33333333333333	0.0	0.0
238	__ribosome	14.0	0.0	0.0
238	__rnase_site_ext	27.0	0.0	0.0
238	p0	1.0	0.0	0.0
238	p1	0.6666666666666666	0.0	0.0
238	protein1	1130.6666666666667	21.0	0.9633333333333334
238	protein2	1717.666666666667	28.33333333333333	1.341766
238	protein3	1308.6666666666667	23.66666666666667	1.2471139999999998
238	rnapol	1.0	0.0	0.0
239	__protein1_rbs	16.0	0.0	0.0
239	__protein2_rbs	25.0	0.0	0.0
239	__protein3_rbs	20.666666666666668	0.0	0.0
239	__ribosome	18.33333333333333	0.0	0.0
239	__rnase_site_ext	24.66666666666667	0.0	0.0
239	p0	0.6666666666666666	0.0	0.0
239	p1	0.6666666666666666	0.0	0.0
239	protein1	1137.0	20.666666666666668	0.9537036666666668
239	protein2	1724.666666666667	29.33333333333333	1.2989983333333333
239	protein3	1317.0	23.33333333333333	1.115368
239	rnapol	0.6666666666666666	0.0	0.0
240	__protein1_rbs	18.666666666666668	0.0	0.0
240	__protein2_rbs	26.0	0.0	0.0
240	__protein3_rbs	19.33333333333333	0.0	0.0
240	__ribosome	15.666666666666664	0.0	0.0
240	__rnase_site_ext	28.0	0.0	0.0
240	p0	1.0	0.0	0.0
240	p1	1.0	0.0	0.0
240	protein1	1141.3333333333333	21.0	0.9748679999999998
240	protein2	1734.0	30.0	1.2361853333333332
240	protein3	1322.3333333333333	23.0	1.2433219999999998
240	rnapol	0.6666666666666666	0.0	0.0
