time	species	protein	transcript	ribo_density
0	__protein1_rbs	0.0	0.0	0.0
0	__protein2_rbs	0.0	0.0	0.0
0	__protein3_rbs	0.0	0.0	0.0
0	__ribosome	100.0	0.0	0.0
0	__rnase_site_ext	0.0	0.0	0.0
0	p0	1.0	0.0	0.0
0	p1	1.0	0.0	0.0
0	r0	0.0	0.0	0.0
0	rnapol	4.0	0.0	0.0
1	__protein1_rbs	0.0	0.0	0.0
1	__protein2_rbs	0.0	0.0	0.0
1	__protein3_rbs	0.0	0.0	0.0
1	__ribosome	99.66666666666669	0.0	0.0
1	__rnase_site_ext	1.0	0.0	0.0
1	p0	0.6666666666666666	0.0	0.0
1	p1	1.0	0.0	0.0
1	protein1	0.0	0.3333333333333333	0.3333333333333333
1	r0	0.6666666666666666	0.0	0.0
1	rnapol	2.333333333333333	0.0	0.0
2	__protein1_rbs	0.6666666666666666	0.0	0.0
2	__protein2_rbs	0.6666666666666666	0.0	0.0
2	__protein3_rbs	0.0	0.0	0.0
2	__ribosome	99.0	0.0	0.0
2	__rnase_site_ext	2.333333333333333	0.0	0.0
2	p0	0.6666666666666666	0.0	0.0
2	p1	1.0	0.0	0.0
2	protein1	0.0	1.3333333333333333	0.5
2	protein2	0.0	0.6666666666666666	0.0
2	r0	1.3333333333333333	0.0	0.0
2	rnapol	1.3333333333333333	0.0	0.0
3	__protein1_rbs	0.6666666666666666	0.0	0.0
3	__protein2_rbs	0.3333333333333333	0.0	0.0
3	__protein3_rbs	0.0	0.0	0.0
3	__ribosome	95.66666666666669	0.0	0.0
3	__rnase_site_ext	2.6666666666666665	0.0	0.0
3	p0	1.0	0.0	0.0
3	p1	0.6666666666666666	0.0	0.0
3	protein1	0.0	1.6666666666666667	1.3333333333333333
3	protein2	0.0	1.0	1.6666666666666667
3	r0	1.6666666666666667	0.0	0.0
3	rnapol	1.0	0.0	0.0
4	__protein1_rbs	0.6666666666666666	0.0	0.0
4	__protein2_rbs	1.3333333333333333	0.0	0.0
4	__protein3_rbs	0.0	0.0	0.0
4	__ribosome	94.33333333333331	0.0	0.0
4	__rnase_site_ext	3.333333333333333	0.0	0.0
4	p0	0.6666666666666666	0.0	0.0
4	p1	0.3333333333333333	0.0	0.0
4	protein1	0.0	1.6666666666666667	1.8333333333333333
4	protein2	0.0	1.3333333333333333	1.6666666666666667
4	r0	2.0	0.0	0.0
4	rnapol	0.3333333333333333	0.0	0.0
5	__protein1_rbs	1.0	0.0	0.0
5	__protein2_rbs	1.3333333333333333	0.0	0.0
5	__protein3_rbs	0.0	0.0	0.0
5	__ribosome	91.66666666666669	0.0	0.0
5	__rnase_site_ext	3.6666666666666665	0.0	0.0
5	p0	1.0	0.0	0.0
5	p1	1.0	0.0	0.0
5	protein1	1.0	2.333333333333333	2.111111
5	protein2	0.0	2.0	2.0
5	r0	2.333333333333333	0.0	0.0
5	rnapol	0.3333333333333333	0.0	0.0
6	__protein1_rbs	1.0	0.0	0.0
6	__protein2_rbs	2.0	0.0	0.0
6	__protein3_rbs	0.6666666666666666	0.0	0.0
6	__ribosome	86.66666666666669	0.0	0.0
6	__rnase_site_ext	3.6666666666666665	0.0	0.0
6	p0	1.0	0.0	0.0
6	p1	1.0	0.0	0.0
6	protein1	2.0	2.0	3.1666666666666665
6	protein2	0.0	3.333333333333333	2.111111
6	protein3	0.0	0.6666666666666666	0.0
6	r0	2.0	0.0	0.0
6	rnapol	0.0	0.0	0.0
7	__protein1_rbs	1.3333333333333333	0.0	0.0
7	__protein2_rbs	0.6666666666666666	0.0	0.0
7	__protein3_rbs	0.0	0.0	0.0
7	__ribosome	83.0	0.0	0.0
7	__rnase_site_ext	3.6666666666666665	0.0	0.0
7	p0	1.0	0.0	0.0
7	p1	1.0	0.0	0.0
7	protein1	3.0	2.0	3.5
7	protein2	1.0	3.333333333333333	2.694444333333333
7	protein3	0.0	0.6666666666666666	1.0
7	r0	2.0	0.0	0.0
7	rnapol	0.0	0.0	0.0
8	__protein1_rbs	1.3333333333333333	0.0	0.0
8	__protein2_rbs	2.333333333333333	0.0	0.0
8	__protein3_rbs	1.0	0.0	0.0
8	__ribosome	82.66666666666667	0.0	0.0
8	__rnase_site_ext	3.6666666666666665	0.0	0.0
8	p0	1.0	0.0	0.0
8	p1	1.0	0.0	0.0
8	protein1	5.666666666666668	2.0	2.833333333333333
8	protein2	2.0	3.6666666666666665	2.7222223333333333
8	protein3	0.0	1.3333333333333333	1.3333333333333333
8	r0	2.0	0.0	0.0
8	rnapol	0.0	0.0	0.0
9	__protein1_rbs	1.6666666666666667	0.0	0.0
9	__protein2_rbs	2.333333333333333	0.0	0.0
9	__protein3_rbs	0.6666666666666666	0.0	0.0
9	__ribosome	79.33333333333333	0.0	0.0
9	__rnase_site_ext	4.0	0.0	0.0
9	p0	1.0	0.0	0.0
9	p1	1.0	0.0	0.0
9	protein1	8.333333333333334	2.0	2.333333333333333
9	protein2	3.0	4.333333333333333	2.85
9	protein3	0.0	2.0	1.9444443333333328
9	r0	2.0	0.0	0.0
9	rnapol	0.6666666666666666	0.0	0.0
10	__protein1_rbs	1.6666666666666667	0.0	0.0
10	__protein2_rbs	1.6666666666666667	0.0	0.0
10	__protein3_rbs	2.333333333333333	0.0	0.0
10	__ribosome	77.0	0.0	0.0
10	__rnase_site_ext	4.0	0.0	0.0
10	p0	1.0	0.0	0.0
10	p1	1.0	0.0	0.0
10	protein1	10.0	2.0	2.6666666666666665
10	protein2	6.666666666666668	4.333333333333333	2.966666666666667
10	protein3	0.3333333333333333	3.0	1.8333333333333333
10	r0	2.0	0.0	0.0
10	rnapol	0.6666666666666666	0.0	0.0
11	__protein1_rbs	0.6666666666666666	0.0	0.0
11	__protein2_rbs	3.0	0.0	0.0
11	__protein3_rbs	1.3333333333333333	0.0	0.0
11	__ribosome	72.0	0.0	0.0
11	__rnase_site_ext	3.6666666666666665	0.0	0.0
11	p0	0.6666666666666666	0.0	0.0
11	p1	1.0	0.0	0.0
11	protein1	11.0	2.0	3.5
11	protein2	8.333333333333334	4.333333333333333	3.033333333333333
11	protein3	0.3333333333333333	3.0	2.805555666666667
11	r0	2.0	0.0	0.0
11	rnapol	1.0	0.0	0.0
12	__protein1_rbs	1.6666666666666667	0.0	0.0
12	__protein2_rbs	2.0	0.0	0.0
12	__protein3_rbs	1.0	0.0	0.0
12	__ribosome	66.0	0.0	0.0
12	__rnase_site_ext	5.333333333333333	0.0	0.0
12	p0	1.0	0.0	0.0
12	p1	1.0	0.0	0.0
12	protein1	13.0	2.6666666666666665	2.6666666666666665
12	protein2	11.0	5.333333333333333	2.9
12	protein3	1.0	3.0	3.972222333333333
12	r0	2.6666666666666665	0.0	0.0
12	rnapol	0.6666666666666666	0.0	0.0
13	__protein1_rbs	1.6666666666666667	0.0	0.0
13	__protein2_rbs	3.6666666666666665	0.0	0.0
13	__protein3_rbs	1.6666666666666667	0.0	0.0
13	__ribosome	65.33333333333333	0.0	0.0
13	__rnase_site_ext	5.333333333333333	0.0	0.0
13	p0	1.0	0.0	0.0
13	p1	1.0	0.0	0.0
13	protein1	15.333333333333336	2.6666666666666665	2.555555666666667
13	protein2	14.666666666666664	5.0	3.055555666666667
13	protein3	2.6666666666666665	3.6666666666666665	3.555555666666667
13	r0	2.6666666666666665	0.0	0.0
13	rnapol	1.6666666666666667	0.0	0.0
14	__protein1_rbs	2.0	0.0	0.0
14	__protein2_rbs	1.6666666666666667	0.0	0.0
14	__protein3_rbs	2.333333333333333	0.0	0.0
14	__ribosome	62.33333333333334	0.0	0.0
14	__rnase_site_ext	6.0	0.0	0.0
14	p0	1.0	0.0	0.0
14	p1	0.6666666666666666	0.0	0.0
14	protein1	16.666666666666668	3.0	2.2777776666666667
14	protein2	17.333333333333332	5.0	3.45
14	protein3	4.666666666666667	3.6666666666666665	3.694444333333333
14	r0	3.0	0.0	0.0
14	rnapol	1.3333333333333333	0.0	0.0
15	__protein1_rbs	1.3333333333333333	0.0	0.0
15	__protein2_rbs	3.6666666666666665	0.0	0.0
15	__protein3_rbs	2.6666666666666665	0.0	0.0
15	__ribosome	61.33333333333334	0.0	0.0
15	__rnase_site_ext	6.0	0.0	0.0
15	p0	1.0	0.0	0.0
15	p1	0.6666666666666666	0.0	0.0
15	protein1	18.33333333333333	3.0	2.5
15	protein2	21.33333333333333	5.0	3.4611110000000003
15	protein3	6.0	3.6666666666666665	3.861111
15	r0	3.333333333333333	0.0	0.0
15	rnapol	0.6666666666666666	0.0	0.0
16	__protein1_rbs	1.3333333333333333	0.0	0.0
16	__protein2_rbs	2.333333333333333	0.0	0.0
16	__protein3_rbs	2.6666666666666665	0.0	0.0
16	__ribosome	60.33333333333334	0.0	0.0
16	__rnase_site_ext	7.333333333333332	0.0	0.0
16	p0	1.0	0.0	0.0
16	p1	1.0	0.0	0.0
16	protein1	21.0	3.6666666666666665	2.194444333333333
16	protein2	25.0	5.666666666666668	3.475
16	protein3	9.666666666666666	4.0	3.25
16	r0	4.333333333333333	0.0	0.0
16	rnapol	0.6666666666666666	0.0	0.0
17	__protein1_rbs	2.333333333333333	0.0	0.0
17	__protein2_rbs	2.333333333333333	0.0	0.0
17	__protein3_rbs	2.333333333333333	0.0	0.0
17	__ribosome	57.66666666666666	0.0	0.0
17	__rnase_site_ext	6.666666666666668	0.0	0.0
17	p0	1.0	0.0	0.0
17	p1	1.0	0.0	0.0
17	protein1	23.0	4.0	2.261111
17	protein2	28.33333333333333	5.666666666666668	3.6666666666666665
17	protein3	13.0	4.333333333333333	3.0666666666666664
17	r0	4.0	0.0	0.0
17	rnapol	0.6666666666666666	0.0	0.0
18	__protein1_rbs	2.6666666666666665	0.0	0.0
18	__protein2_rbs	4.333333333333333	0.0	0.0
18	__protein3_rbs	2.333333333333333	0.0	0.0
18	__ribosome	57.33333333333334	0.0	0.0
18	__rnase_site_ext	7.333333333333332	0.0	0.0
18	p0	1.0	0.0	0.0
18	p1	0.6666666666666666	0.0	0.0
18	protein1	24.66666666666667	4.0	2.438889
18	protein2	32.0	6.333333333333332	3.481481333333333
18	protein3	17.0	4.333333333333333	2.833333333333333
18	r0	4.0	0.0	0.0
18	rnapol	0.3333333333333333	0.0	0.0
19	__protein1_rbs	2.0	0.0	0.0
19	__protein2_rbs	4.333333333333333	0.0	0.0
19	__protein3_rbs	3.333333333333333	0.0	0.0
19	__ribosome	58.66666666666666	0.0	0.0
19	__rnase_site_ext	7.333333333333332	0.0	0.0
19	p0	0.6666666666666666	0.0	0.0
19	p1	0.3333333333333333	0.0	0.0
19	protein1	28.0	4.0	2.6333333333333333
19	protein2	38.0	6.666666666666668	2.7925923333333333
19	protein3	19.666666666666668	5.0	2.622222333333333
19	r0	4.0	0.0	0.0
19	rnapol	0.3333333333333333	0.0	0.0
20	__protein1_rbs	2.0	0.0	0.0
20	__protein2_rbs	3.0	0.0	0.0
20	__protein3_rbs	4.0	0.0	0.0
20	__ribosome	52.33333333333334	0.0	0.0
20	__rnase_site_ext	7.666666666666668	0.0	0.0
20	p0	1.0	0.0	0.0
20	p1	1.0	0.0	0.0
20	protein1	30.66666666666667	4.333333333333333	2.6
20	protein2	42.0	7.666666666666668	2.822222333333333
20	protein3	21.33333333333333	5.333333333333333	2.944444666666667
20	r0	4.333333333333333	0.0	0.0
20	rnapol	0.3333333333333333	0.0	0.0
21	__protein1_rbs	3.0	0.0	0.0
21	__protein2_rbs	5.0	0.0	0.0
21	__protein3_rbs	2.333333333333333	0.0	0.0
21	__ribosome	50.0	0.0	0.0
21	__rnase_site_ext	7.333333333333332	0.0	0.0
21	p0	1.0	0.0	0.0
21	p1	1.0	0.0	0.0
21	protein1	33.0	4.333333333333333	2.6
21	protein2	46.33333333333334	7.333333333333332	3.083333333333333
21	protein3	24.66666666666667	5.333333333333333	3.1388890000000003
21	r0	4.333333333333333	0.0	0.0
21	rnapol	0.3333333333333333	0.0	0.0
22	__protein1_rbs	3.0	0.0	0.0
22	__protein2_rbs	3.6666666666666665	0.0	0.0
22	__protein3_rbs	4.0	0.0	0.0
22	__ribosome	50.0	0.0	0.0
22	__rnase_site_ext	7.666666666666668	0.0	0.0
22	p0	1.0	0.0	0.0
22	p1	1.0	0.0	0.0
22	protein1	37.0	4.333333333333333	2.266666666666667
22	protein2	51.0	7.333333333333332	3.1785713333333336
22	protein3	27.0	5.333333333333333	3.3412696666666672
22	r0	4.666666666666667	0.0	0.0
22	rnapol	0.3333333333333333	0.0	0.0
23	__protein1_rbs	2.6666666666666665	0.0	0.0
23	__protein2_rbs	4.0	0.0	0.0
23	__protein3_rbs	3.6666666666666665	0.0	0.0
23	__ribosome	47.33333333333334	0.0	0.0
23	__rnase_site_ext	7.666666666666668	0.0	0.0
23	p0	1.0	0.0	0.0
23	p1	1.0	0.0	0.0
23	protein1	39.66666666666666	4.666666666666667	2.333333333333333
23	protein2	55.66666666666666	7.333333333333332	3.3630953333333333
23	protein3	30.66666666666667	5.666666666666668	3.0396823333333334
23	r0	4.666666666666667	0.0	0.0
23	rnapol	1.0	0.0	0.0
24	__protein1_rbs	2.6666666666666665	0.0	0.0
24	__protein2_rbs	4.666666666666667	0.0	0.0
24	__protein3_rbs	5.0	0.0	0.0
24	__ribosome	48.33333333333334	0.0	0.0
24	__rnase_site_ext	7.666666666666668	0.0	0.0
24	p0	1.0	0.0	0.0
24	p1	1.0	0.0	0.0
24	protein1	43.66666666666666	4.666666666666667	2.177777666666667
24	protein2	61.0	7.333333333333332	3.375
24	protein3	35.333333333333336	6.333333333333332	2.6380953333333337
24	r0	4.666666666666667	0.0	0.0
24	rnapol	1.0	0.0	0.0
25	__protein1_rbs	3.333333333333333	0.0	0.0
25	__protein2_rbs	4.666666666666667	0.0	0.0
25	__protein3_rbs	4.0	0.0	0.0
25	__ribosome	48.66666666666666	0.0	0.0
25	__rnase_site_ext	8.0	0.0	0.0
25	p0	1.0	0.0	0.0
25	p1	0.6666666666666666	0.0	0.0
25	protein1	46.33333333333334	4.666666666666667	2.0777776666666665
25	protein2	68.0	7.666666666666668	2.9523810000000004
25	protein3	38.0	6.666666666666668	2.849206333333333
25	r0	4.666666666666667	0.0	0.0
25	rnapol	1.0	0.0	0.0
26	__protein1_rbs	3.333333333333333	0.0	0.0
26	__protein2_rbs	5.333333333333333	0.0	0.0
26	__protein3_rbs	5.0	0.0	0.0
26	__ribosome	50.0	0.0	0.0
26	__rnase_site_ext	8.333333333333334	0.0	0.0
26	p0	1.0	0.0	0.0
26	p1	1.0	0.0	0.0
26	protein1	49.0	5.0	1.9722223333333333
26	protein2	73.33333333333333	7.666666666666668	2.968254
26	protein3	42.66666666666666	6.666666666666668	2.6746033333333337
26	r0	5.0	0.0	0.0
26	rnapol	1.0	0.0	0.0
27	__protein1_rbs	3.333333333333333	0.0	0.0
27	__protein2_rbs	4.666666666666667	0.0	0.0
27	__protein3_rbs	4.0	0.0	0.0
27	__ribosome	51.0	0.0	0.0
27	__rnase_site_ext	8.0	0.0	0.0
27	p0	1.0	0.0	0.0
27	p1	1.0	0.0	0.0
27	protein1	53.0	5.0	1.7833333333333332
27	protein2	79.66666666666667	8.0	2.747619
27	protein3	46.33333333333334	6.666666666666668	2.7857143333333334
27	r0	5.333333333333333	0.0	0.0
27	rnapol	1.3333333333333333	0.0	0.0
28	__protein1_rbs	3.6666666666666665	0.0	0.0
28	__protein2_rbs	5.333333333333333	0.0	0.0
28	__protein3_rbs	5.0	0.0	0.0
28	__ribosome	47.66666666666666	0.0	0.0
28	__rnase_site_ext	9.0	0.0	0.0
28	p0	1.0	0.0	0.0
28	p1	0.6666666666666666	0.0	0.0
28	protein1	54.66666666666666	5.333333333333333	2.111111
28	protein2	84.33333333333333	8.0	2.704762
28	protein3	50.33333333333334	7.333333333333332	2.75
28	r0	5.666666666666668	0.0	0.0
28	rnapol	1.3333333333333333	0.0	0.0
29	__protein1_rbs	2.333333333333333	0.0	0.0
29	__protein2_rbs	4.666666666666667	0.0	0.0
29	__protein3_rbs	5.0	0.0	0.0
29	__ribosome	47.33333333333334	0.0	0.0
29	__rnase_site_ext	9.333333333333334	0.0	0.0
29	p0	0.6666666666666666	0.0	0.0
29	p1	0.6666666666666666	0.0	0.0
29	protein1	58.0	5.666666666666668	2.011111333333333
29	protein2	89.66666666666669	8.0	2.7428573333333333
29	protein3	55.66666666666666	6.666666666666668	3.067857
29	r0	5.666666666666668	0.0	0.0
29	rnapol	0.3333333333333333	0.0	0.0
30	__protein1_rbs	3.333333333333333	0.0	0.0
30	__protein2_rbs	7.333333333333332	0.0	0.0
30	__protein3_rbs	4.333333333333333	0.0	0.0
30	__ribosome	48.0	0.0	0.0
30	__rnase_site_ext	10.333333333333334	0.0	0.0
30	p0	1.0	0.0	0.0
30	p1	0.6666666666666666	0.0	0.0
30	protein1	61.33333333333334	6.0	1.8888886666666669
30	protein2	94.66666666666669	9.0	2.310606
30	protein3	59.33333333333334	6.666666666666668	3.1380953333333337
30	r0	6.333333333333332	0.0	0.0
30	rnapol	0.3333333333333333	0.0	0.0
31	__protein1_rbs	5.0	0.0	0.0
31	__protein2_rbs	6.0	0.0	0.0
31	__protein3_rbs	5.333333333333333	0.0	0.0
31	__ribosome	47.0	0.0	0.0
31	__rnase_site_ext	10.666666666666666	0.0	0.0
31	p0	1.0	0.0	0.0
31	p1	1.0	0.0	0.0
31	protein1	64.0	6.666666666666668	1.6666666666666667
31	protein2	99.66666666666669	9.333333333333334	2.2436866666666666
31	protein3	63.0	7.0	3.217989333333333
31	r0	6.666666666666668	0.0	0.0
31	rnapol	0.3333333333333333	0.0	0.0
32	__protein1_rbs	4.333333333333333	0.0	0.0
32	__protein2_rbs	7.0	0.0	0.0
32	__protein3_rbs	4.666666666666667	0.0	0.0
32	__ribosome	42.0	0.0	0.0
32	__rnase_site_ext	11.333333333333336	0.0	0.0
32	p0	1.0	0.0	0.0
32	p1	0.6666666666666666	0.0	0.0
32	protein1	66.66666666666667	7.0	1.8511903333333333
32	protein2	104.0	10.0	2.3796296666666668
32	protein3	67.66666666666667	7.333333333333332	2.960317666666666
32	r0	7.0	0.0	0.0
32	rnapol	0.0	0.0	0.0
33	__protein1_rbs	4.333333333333333	0.0	0.0
33	__protein2_rbs	6.333333333333332	0.0	0.0
33	__protein3_rbs	5.666666666666668	0.0	0.0
33	__ribosome	43.0	0.0	0.0
33	__rnase_site_ext	11.0	0.0	0.0
33	p0	1.0	0.0	0.0
33	p1	0.6666666666666666	0.0	0.0
33	protein1	71.0	6.666666666666668	1.9095236666666664
33	protein2	109.0	10.333333333333334	2.4685186666666667
33	protein3	73.66666666666667	7.333333333333332	2.693122
33	r0	6.666666666666668	0.0	0.0
33	rnapol	0.0	0.0	0.0
34	__protein1_rbs	4.333333333333333	0.0	0.0
34	__protein2_rbs	7.333333333333332	0.0	0.0
34	__protein3_rbs	5.0	0.0	0.0
34	__ribosome	40.66666666666666	0.0	0.0
34	__rnase_site_ext	11.0	0.0	0.0
34	p0	0.6666666666666666	0.0	0.0
34	p1	0.6666666666666666	0.0	0.0
34	protein1	73.66666666666667	6.666666666666668	2.0404763333333333
34	protein2	114.0	10.666666666666666	2.45
34	protein3	77.33333333333333	6.666666666666668	3.066666666666667
34	r0	6.666666666666668	0.0	0.0
34	rnapol	0.6666666666666666	0.0	0.0
35	__protein1_rbs	5.0	0.0	0.0
35	__protein2_rbs	8.0	0.0	0.0
35	__protein3_rbs	4.666666666666667	0.0	0.0
35	__ribosome	44.0	0.0	0.0
35	__rnase_site_ext	11.666666666666664	0.0	0.0
35	p0	0.6666666666666666	0.0	0.0
35	p1	0.6666666666666666	0.0	0.0
35	protein1	78.33333333333333	7.0	1.6656083333333331
35	protein2	119.66666666666669	11.333333333333336	2.314452
35	protein3	82.66666666666667	7.0	2.746032
35	r0	7.0	0.0	0.0
35	rnapol	0.0	0.0	0.0
36	__protein1_rbs	3.333333333333333	0.0	0.0
36	__protein2_rbs	7.0	0.0	0.0
36	__protein3_rbs	5.0	0.0	0.0
36	__ribosome	40.66666666666666	0.0	0.0
36	__rnase_site_ext	11.333333333333336	0.0	0.0
36	p0	0.6666666666666666	0.0	0.0
36	p1	1.0	0.0	0.0
36	protein1	81.0	6.333333333333332	1.9523810000000001
36	protein2	126.0	11.666666666666664	2.3861470000000002
36	protein3	86.33333333333331	6.666666666666668	3.0185186666666666
36	r0	6.666666666666668	0.0	0.0
36	rnapol	0.0	0.0	0.0
37	__protein1_rbs	5.666666666666668	0.0	0.0
37	__protein2_rbs	7.666666666666668	0.0	0.0
37	__protein3_rbs	5.0	0.0	0.0
37	__ribosome	41.333333333333336	0.0	0.0
37	__rnase_site_ext	11.333333333333336	0.0	0.0
37	p0	1.0	0.0	0.0
37	p1	1.0	0.0	0.0
37	protein1	84.66666666666667	6.666666666666668	1.6190476666666669
37	protein2	132.0	11.666666666666664	2.506926333333334
37	protein3	90.66666666666669	7.333333333333332	2.652381
37	r0	6.666666666666668	0.0	0.0
37	rnapol	0.0	0.0	0.0
38	__protein1_rbs	4.0	0.0	0.0
38	__protein2_rbs	6.0	0.0	0.0
38	__protein3_rbs	5.0	0.0	0.0
38	__ribosome	37.333333333333336	0.0	0.0
38	__rnase_site_ext	10.666666666666666	0.0	0.0
38	p0	1.0	0.0	0.0
38	p1	1.0	0.0	0.0
38	protein1	87.0	6.333333333333332	1.9761903333333333
38	protein2	138.66666666666666	11.666666666666664	2.772727333333333
38	protein3	96.0	7.666666666666668	2.390476333333333
38	r0	6.333333333333332	0.0	0.0
38	rnapol	0.3333333333333333	0.0	0.0
39	__protein1_rbs	5.0	0.0	0.0
39	__protein2_rbs	8.0	0.0	0.0
39	__protein3_rbs	5.666666666666668	0.0	0.0
39	__ribosome	39.0	0.0	0.0
39	__rnase_site_ext	10.666666666666666	0.0	0.0
39	p0	0.6666666666666666	0.0	0.0
39	p1	1.0	0.0	0.0
39	protein1	91.66666666666669	6.333333333333332	1.6666666666666667
39	protein2	144.33333333333334	12.0	2.766666666666667
39	protein3	100.0	8.333333333333334	2.1982323333333333
39	r0	6.333333333333332	0.0	0.0
39	rnapol	0.3333333333333333	0.0	0.0
40	__protein1_rbs	5.0	0.0	0.0
40	__protein2_rbs	9.666666666666666	0.0	0.0
40	__protein3_rbs	6.333333333333332	0.0	0.0
40	__ribosome	41.0	0.0	0.0
40	__rnase_site_ext	11.333333333333336	0.0	0.0
40	p0	1.0	0.0	0.0
40	p1	1.0	0.0	0.0
40	protein1	94.66666666666669	6.666666666666668	1.597222
40	protein2	152.0	12.666666666666664	2.4777780000000003
40	protein3	104.0	8.333333333333334	2.1401516666666667
40	r0	6.666666666666668	0.0	0.0
40	rnapol	0.6666666666666666	0.0	0.0
41	__protein1_rbs	4.333333333333333	0.0	0.0
41	__protein2_rbs	9.666666666666666	0.0	0.0
41	__protein3_rbs	7.0	0.0	0.0
41	__ribosome	40.66666666666666	0.0	0.0
41	__rnase_site_ext	11.333333333333336	0.0	0.0
41	p0	1.0	0.0	0.0
41	p1	0.6666666666666666	0.0	0.0
41	protein1	97.66666666666669	6.666666666666668	1.8194443333333328
41	protein2	159.33333333333334	12.666666666666664	2.405555333333333
41	protein3	108.33333333333331	8.666666666666666	2.0
41	r0	7.0	0.0	0.0
41	rnapol	0.3333333333333333	0.0	0.0
42	__protein1_rbs	6.333333333333332	0.0	0.0
42	__protein2_rbs	9.333333333333334	0.0	0.0
42	__protein3_rbs	6.0	0.0	0.0
42	__ribosome	40.66666666666666	0.0	0.0
42	__rnase_site_ext	12.333333333333336	0.0	0.0
42	p0	1.0	0.0	0.0
42	p1	0.6666666666666666	0.0	0.0
42	protein1	101.33333333333331	7.333333333333332	1.5317459999999998
42	protein2	167.0	13.0	2.305555666666667
42	protein3	111.66666666666669	8.666666666666666	2.257407333333333
42	r0	7.333333333333332	0.0	0.0
42	rnapol	0.3333333333333333	0.0	0.0
43	__protein1_rbs	6.333333333333332	0.0	0.0
43	__protein2_rbs	9.0	0.0	0.0
43	__protein3_rbs	6.666666666666668	0.0	0.0
43	__ribosome	39.66666666666666	0.0	0.0
43	__rnase_site_ext	13.0	0.0	0.0
43	p0	1.0	0.0	0.0
43	p1	1.0	0.0	0.0
43	protein1	104.33333333333331	7.333333333333332	1.561111
43	protein2	174.33333333333337	13.0	2.3699636666666666
43	protein3	116.0	8.666666666666666	2.1500000000000004
43	r0	7.333333333333332	0.0	0.0
43	rnapol	0.0	0.0	0.0
44	__protein1_rbs	5.0	0.0	0.0
44	__protein2_rbs	10.666666666666666	0.0	0.0
44	__protein3_rbs	6.666666666666668	0.0	0.0
44	__ribosome	37.66666666666666	0.0	0.0
44	__rnase_site_ext	12.666666666666664	0.0	0.0
44	p0	1.0	0.0	0.0
44	p1	0.6666666666666666	0.0	0.0
44	protein1	107.66666666666669	7.333333333333332	1.7175926666666663
44	protein2	181.66666666666663	13.0	2.25641
44	protein3	119.33333333333331	9.333333333333334	2.2179486666666666
44	r0	7.666666666666668	0.0	0.0
44	rnapol	0.3333333333333333	0.0	0.0
45	__protein1_rbs	4.0	0.0	0.0
45	__protein2_rbs	10.0	0.0	0.0
45	__protein3_rbs	6.333333333333332	0.0	0.0
45	__ribosome	36.0	0.0	0.0
45	__rnase_site_ext	12.666666666666664	0.0	0.0
45	p0	1.0	0.0	0.0
45	p1	0.6666666666666666	0.0	0.0
45	protein1	112.0	7.666666666666668	1.962963
45	protein2	189.66666666666663	12.333333333333336	2.2029916666666667
45	protein3	123.33333333333331	9.333333333333334	2.252137
45	r0	8.0	0.0	0.0
45	rnapol	0.0	0.0	0.0
46	__protein1_rbs	6.333333333333332	0.0	0.0
46	__protein2_rbs	9.0	0.0	0.0
46	__protein3_rbs	7.0	0.0	0.0
46	__ribosome	35.0	0.0	0.0
46	__rnase_site_ext	13.0	0.0	0.0
46	p0	0.6666666666666666	0.0	0.0
46	p1	1.0	0.0	0.0
46	protein1	115.0	7.666666666666668	1.851851666666667
46	protein2	196.0	12.333333333333336	2.314102666666667
46	protein3	128.0	9.666666666666666	2.2071633333333334
46	r0	7.666666666666668	0.0	0.0
46	rnapol	0.0	0.0	0.0
47	__protein1_rbs	6.0	0.0	0.0
47	__protein2_rbs	10.0	0.0	0.0
47	__protein3_rbs	7.333333333333332	0.0	0.0
47	__ribosome	39.0	0.0	0.0
47	__rnase_site_ext	13.0	0.0	0.0
47	p0	1.0	0.0	0.0
47	p1	1.0	0.0	0.0
47	protein1	118.66666666666669	8.0	1.613889
47	protein2	202.66666666666663	13.0	2.0444443333333333
47	protein3	132.66666666666666	9.666666666666666	2.247456666666667
47	r0	8.0	0.0	0.0
47	rnapol	0.6666666666666666	0.0	0.0
48	__protein1_rbs	4.666666666666667	0.0	0.0
48	__protein2_rbs	9.0	0.0	0.0
48	__protein3_rbs	8.0	0.0	0.0
48	__ribosome	37.0	0.0	0.0
48	__rnase_site_ext	13.333333333333336	0.0	0.0
48	p0	1.0	0.0	0.0
48	p1	0.6666666666666666	0.0	0.0
48	protein1	123.33333333333331	8.0	1.6416666666666666
48	protein2	208.66666666666663	13.0	2.122222333333333
48	protein3	137.33333333333334	10.666666666666666	2.1357806666666668
48	r0	8.0	0.0	0.0
48	rnapol	0.6666666666666666	0.0	0.0
49	__protein1_rbs	5.333333333333333	0.0	0.0
49	__protein2_rbs	9.333333333333334	0.0	0.0
49	__protein3_rbs	8.666666666666666	0.0	0.0
49	__ribosome	39.333333333333336	0.0	0.0
49	__rnase_site_ext	13.0	0.0	0.0
49	p0	1.0	0.0	0.0
49	p1	1.0	0.0	0.0
49	protein1	128.0	7.666666666666668	1.604762
49	protein2	216.0	13.333333333333336	1.9930556666666668
49	protein3	143.0	10.666666666666666	2.161130333333333
49	r0	7.666666666666668	0.0	0.0
49	rnapol	1.0	0.0	0.0
50	__protein1_rbs	6.333333333333332	0.0	0.0
50	__protein2_rbs	9.0	0.0	0.0
50	__protein3_rbs	8.0	0.0	0.0
50	__ribosome	33.333333333333336	0.0	0.0
50	__rnase_site_ext	13.0	0.0	0.0
50	p0	1.0	0.0	0.0
50	p1	1.0	0.0	0.0
50	protein1	130.33333333333334	7.666666666666668	1.6666666666666667
50	protein2	222.0	13.333333333333336	2.2569446666666666
50	protein3	147.0	11.0	2.257478666666667
50	r0	7.666666666666668	0.0	0.0
50	rnapol	0.6666666666666666	0.0	0.0
51	__protein1_rbs	4.666666666666667	0.0	0.0
51	__protein2_rbs	8.333333333333334	0.0	0.0
51	__protein3_rbs	9.333333333333334	0.0	0.0
51	__ribosome	34.666666666666664	0.0	0.0
51	__rnase_site_ext	12.666666666666664	0.0	0.0
51	p0	0.6666666666666666	0.0	0.0
51	p1	1.0	0.0	0.0
51	protein1	134.66666666666666	7.0	1.6232806666666668
51	protein2	227.66666666666663	14.0	2.3216443333333334
51	protein3	153.33333333333334	10.666666666666666	2.055555666666667
51	r0	7.0	0.0	0.0
51	rnapol	1.3333333333333333	0.0	0.0
52	__protein1_rbs	5.333333333333333	0.0	0.0
52	__protein2_rbs	10.666666666666666	0.0	0.0
52	__protein3_rbs	7.0	0.0	0.0
52	__ribosome	33.666666666666664	0.0	0.0
52	__rnase_site_ext	13.333333333333336	0.0	0.0
52	p0	0.6666666666666666	0.0	0.0
52	p1	1.0	0.0	0.0
52	protein1	138.33333333333334	7.333333333333332	1.44709
52	protein2	235.0	14.0	2.294871666666667
52	protein3	157.66666666666666	11.0	2.185962
52	r0	7.333333333333332	0.0	0.0
52	rnapol	0.6666666666666666	0.0	0.0
53	__protein1_rbs	4.333333333333333	0.0	0.0
53	__protein2_rbs	10.333333333333334	0.0	0.0
53	__protein3_rbs	7.0	0.0	0.0
53	__ribosome	29.33333333333333	0.0	0.0
53	__rnase_site_ext	13.0	0.0	0.0
53	p0	1.0	0.0	0.0
53	p1	1.0	0.0	0.0
53	protein1	142.33333333333334	7.333333333333332	1.5423283333333335
53	protein2	241.33333333333331	14.0	2.508013
53	protein3	163.33333333333334	10.666666666666666	2.3309523333333333
53	r0	7.333333333333332	0.0	0.0
53	rnapol	1.0	0.0	0.0
54	__protein1_rbs	5.0	0.0	0.0
54	__protein2_rbs	10.0	0.0	0.0
54	__protein3_rbs	9.0	0.0	0.0
54	__ribosome	34.333333333333336	0.0	0.0
54	__rnase_site_ext	13.333333333333336	0.0	0.0
54	p0	1.0	0.0	0.0
54	p1	1.0	0.0	0.0
54	protein1	144.33333333333334	7.0	1.9074076666666664
54	protein2	250.66666666666663	14.0	2.2339743333333333
54	protein3	168.66666666666666	11.0	1.9951296666666665
54	r0	7.333333333333332	0.0	0.0
54	rnapol	1.3333333333333333	0.0	0.0
55	__protein1_rbs	5.333333333333333	0.0	0.0
55	__protein2_rbs	11.333333333333336	0.0	0.0
55	__protein3_rbs	7.333333333333332	0.0	0.0
55	__ribosome	31.33333333333333	0.0	0.0
55	__rnase_site_ext	13.666666666666664	0.0	0.0
55	p0	1.0	0.0	0.0
55	p1	0.3333333333333333	0.0	0.0
55	protein1	147.33333333333334	7.333333333333332	1.8862436666666664
55	protein2	257.0	14.333333333333336	2.250916
55	protein3	173.0	11.0	2.1331166666666665
55	r0	7.333333333333332	0.0	0.0
55	rnapol	1.0	0.0	0.0
56	__protein1_rbs	6.0	0.0	0.0
56	__protein2_rbs	12.666666666666664	0.0	0.0
56	__protein3_rbs	7.666666666666668	0.0	0.0
56	__ribosome	35.666666666666664	0.0	0.0
56	__rnase_site_ext	14.666666666666664	0.0	0.0
56	p0	0.6666666666666666	0.0	0.0
56	p1	0.6666666666666666	0.0	0.0
56	protein1	152.33333333333334	7.666666666666668	1.4761903333333333
56	protein2	265.3333333333333	15.333333333333336	1.9894180000000001
56	protein3	179.66666666666663	11.0	2.0963203333333333
56	r0	7.666666666666668	0.0	0.0
56	rnapol	1.0	0.0	0.0
57	__protein1_rbs	5.0	0.0	0.0
57	__protein2_rbs	10.333333333333334	0.0	0.0
57	__protein3_rbs	6.666666666666668	0.0	0.0
57	__ribosome	33.0	0.0	0.0
57	__rnase_site_ext	14.666666666666664	0.0	0.0
57	p0	1.0	0.0	0.0
57	p1	1.0	0.0	0.0
57	protein1	156.0	8.0	1.5482806666666669
57	protein2	274.0	15.0	1.9660713333333333
57	protein3	183.66666666666663	11.0	2.3241339999999995
57	r0	8.333333333333334	0.0	0.0
57	rnapol	0.6666666666666666	0.0	0.0
58	__protein1_rbs	6.666666666666668	0.0	0.0
58	__protein2_rbs	11.0	0.0	0.0
58	__protein3_rbs	7.0	0.0	0.0
58	__ribosome	32.0	0.0	0.0
58	__rnase_site_ext	15.0	0.0	0.0
58	p0	1.0	0.0	0.0
58	p1	1.0	0.0	0.0
58	protein1	160.33333333333334	8.333333333333334	1.3174603333333332
58	protein2	279.0	14.666666666666664	2.244444333333333
58	protein3	189.66666666666663	10.666666666666666	2.363636333333333
58	r0	8.333333333333334	0.0	0.0
58	rnapol	0.6666666666666666	0.0	0.0
59	__protein1_rbs	6.666666666666668	0.0	0.0
59	__protein2_rbs	12.666666666666664	0.0	0.0
59	__protein3_rbs	8.0	0.0	0.0
59	__ribosome	29.33333333333333	0.0	0.0
59	__rnase_site_ext	15.0	0.0	0.0
59	p0	1.0	0.0	0.0
59	p1	0.6666666666666666	0.0	0.0
59	protein1	162.0	8.0	1.7843916666666668
59	protein2	287.6666666666667	15.0	2.0142856666666664
59	protein3	193.33333333333331	11.0	2.480158666666666
59	r0	8.0	0.0	0.0
59	rnapol	0.3333333333333333	0.0	0.0
60	__protein1_rbs	6.0	0.0	0.0
60	__protein2_rbs	9.0	0.0	0.0
60	__protein3_rbs	8.666666666666666	0.0	0.0
60	__ribosome	30.33333333333333	0.0	0.0
60	__rnase_site_ext	15.0	0.0	0.0
60	p0	1.0	0.0	0.0
60	p1	1.0	0.0	0.0
60	protein1	166.0	8.0	1.7843916666666668
60	protein2	295.3333333333333	15.0	2.0994396666666666
60	protein3	200.33333333333331	11.333333333333336	2.2214286666666667
60	r0	8.0	0.0	0.0
60	rnapol	0.6666666666666666	0.0	0.0
61	__protein1_rbs	5.666666666666668	0.0	0.0
61	__protein2_rbs	11.333333333333336	0.0	0.0
61	__protein3_rbs	8.666666666666666	0.0	0.0
61	__ribosome	28.66666666666667	0.0	0.0
61	__rnase_site_ext	15.0	0.0	0.0
61	p0	1.0	0.0	0.0
61	p1	1.0	0.0	0.0
61	protein1	170.66666666666666	8.0	1.84127
61	protein2	300.3333333333333	15.333333333333336	2.102054333333333
61	protein3	204.33333333333331	11.333333333333336	2.243589666666667
61	r0	8.0	0.0	0.0
61	rnapol	0.6666666666666666	0.0	0.0
62	__protein1_rbs	5.666666666666668	0.0	0.0
62	__protein2_rbs	11.333333333333336	0.0	0.0
62	__protein3_rbs	8.0	0.0	0.0
62	__ribosome	32.666666666666664	0.0	0.0
62	__rnase_site_ext	15.333333333333336	0.0	0.0
62	p0	1.0	0.0	0.0
62	p1	1.0	0.0	0.0
62	protein1	175.33333333333337	8.0	1.7116403333333332
62	protein2	309.6666666666667	16.0	1.9569443333333332
62	protein3	212.0	11.666666666666664	1.875
62	r0	8.0	0.0	0.0
62	rnapol	0.3333333333333333	0.0	0.0
63	__protein1_rbs	5.333333333333333	0.0	0.0
63	__protein2_rbs	9.666666666666666	0.0	0.0
63	__protein3_rbs	10.333333333333334	0.0	0.0
63	__ribosome	32.333333333333336	0.0	0.0
63	__rnase_site_ext	14.666666666666664	0.0	0.0
63	p0	1.0	0.0	0.0
63	p1	1.0	0.0	0.0
63	protein1	180.0	7.666666666666668	1.6435186666666668
63	protein2	317.3333333333333	15.333333333333336	2.1319443333333337
63	protein3	216.0	12.333333333333336	1.7488096666666666
63	r0	8.0	0.0	0.0
63	rnapol	0.6666666666666666	0.0	0.0
64	__protein1_rbs	7.333333333333332	0.0	0.0
64	__protein2_rbs	12.0	0.0	0.0
64	__protein3_rbs	9.333333333333334	0.0	0.0
64	__ribosome	32.333333333333336	0.0	0.0
64	__rnase_site_ext	15.0	0.0	0.0
64	p0	0.6666666666666666	0.0	0.0
64	p1	1.0	0.0	0.0
64	protein1	183.33333333333331	8.0	1.57209
64	protein2	324.0	15.333333333333336	2.084722333333333
64	protein3	222.0	12.666666666666664	1.7767856666666664
64	r0	8.0	0.0	0.0
64	rnapol	0.6666666666666666	0.0	0.0
65	__protein1_rbs	7.333333333333332	0.0	0.0
65	__protein2_rbs	11.666666666666664	0.0	0.0
65	__protein3_rbs	10.0	0.0	0.0
65	__ribosome	31.66666666666667	0.0	0.0
65	__rnase_site_ext	15.0	0.0	0.0
65	p0	1.0	0.0	0.0
65	p1	1.0	0.0	0.0
65	protein1	186.66666666666663	8.333333333333334	1.4785713333333332
65	protein2	331.0	15.333333333333336	2.1694446666666667
65	protein3	227.66666666666663	12.666666666666664	1.75873
65	r0	8.333333333333334	0.0	0.0
65	rnapol	1.0	0.0	0.0
66	__protein1_rbs	4.666666666666667	0.0	0.0
66	__protein2_rbs	12.0	0.0	0.0
66	__protein3_rbs	8.333333333333334	0.0	0.0
66	__ribosome	30.0	0.0	0.0
66	__rnase_site_ext	15.666666666666664	0.0	0.0
66	p0	1.0	0.0	0.0
66	p1	0.6666666666666666	0.0	0.0
66	protein1	191.33333333333331	8.666666666666666	1.4666666666666668
66	protein2	339.3333333333333	15.0	2.1777776666666666
66	protein3	232.33333333333331	12.333333333333336	2.0
66	r0	9.0	0.0	0.0
66	rnapol	1.0	0.0	0.0
67	__protein1_rbs	7.333333333333332	0.0	0.0
67	__protein2_rbs	13.0	0.0	0.0
67	__protein3_rbs	8.666666666666666	0.0	0.0
67	__ribosome	29.66666666666667	0.0	0.0
67	__rnase_site_ext	15.333333333333336	0.0	0.0
67	p0	1.0	0.0	0.0
67	p1	1.0	0.0	0.0
67	protein1	195.33333333333331	8.333333333333334	1.442857
67	protein2	347.33333333333326	15.666666666666664	2.0194443333333334
67	protein3	236.33333333333331	12.0	2.250712
67	r0	8.333333333333334	0.0	0.0
67	rnapol	1.0	0.0	0.0
68	__protein1_rbs	7.0	0.0	0.0
68	__protein2_rbs	12.0	0.0	0.0
68	__protein3_rbs	8.666666666666666	0.0	0.0
68	__ribosome	30.0	0.0	0.0
68	__rnase_site_ext	16.0	0.0	0.0
68	p0	1.0	0.0	0.0
68	p1	0.3333333333333333	0.0	0.0
68	protein1	198.33333333333331	8.666666666666666	1.4682540000000002
68	protein2	354.0	15.333333333333336	2.0875
68	protein3	242.66666666666663	12.0	2.1595443333333333
68	r0	8.666666666666666	0.0	0.0
68	rnapol	0.3333333333333333	0.0	0.0
69	__protein1_rbs	5.0	0.0	0.0
69	__protein2_rbs	12.666666666666664	0.0	0.0
69	__protein3_rbs	9.0	0.0	0.0
69	__ribosome	26.66666666666667	0.0	0.0
69	__rnase_site_ext	16.333333333333332	0.0	0.0
69	p0	1.0	0.0	0.0
69	p1	1.0	0.0	0.0
69	protein1	201.66666666666663	9.0	1.917268
69	protein2	362.66666666666674	16.333333333333332	1.8125
69	protein3	247.33333333333331	12.333333333333336	2.221978
69	r0	9.0	0.0	0.0
69	rnapol	0.6666666666666666	0.0	0.0
70	__protein1_rbs	5.333333333333333	0.0	0.0
70	__protein2_rbs	12.666666666666664	0.0	0.0
70	__protein3_rbs	10.0	0.0	0.0
70	__ribosome	30.0	0.0	0.0
70	__rnase_site_ext	15.666666666666664	0.0	0.0
70	p0	1.0	0.0	0.0
70	p1	1.0	0.0	0.0
70	protein1	207.0	8.666666666666666	1.8719576666666664
70	protein2	370.66666666666674	16.666666666666668	1.6960783333333336
70	protein3	253.66666666666663	12.333333333333336	2.1333333333333333
70	r0	8.666666666666666	0.0	0.0
70	rnapol	0.6666666666666666	0.0	0.0
71	__protein1_rbs	6.666666666666668	0.0	0.0
71	__protein2_rbs	13.333333333333336	0.0	0.0
71	__protein3_rbs	8.333333333333334	0.0	0.0
71	__ribosome	30.66666666666667	0.0	0.0
71	__rnase_site_ext	16.333333333333332	0.0	0.0
71	p0	1.0	0.0	0.0
71	p1	1.0	0.0	0.0
71	protein1	209.33333333333331	8.666666666666666	1.921164
71	protein2	377.66666666666674	16.666666666666668	1.7156859999999998
71	protein3	260.3333333333333	12.333333333333336	1.993007
71	r0	8.666666666666666	0.0	0.0
71	rnapol	1.0	0.0	0.0
72	__protein1_rbs	7.666666666666668	0.0	0.0
72	__protein2_rbs	11.333333333333336	0.0	0.0
72	__protein3_rbs	10.0	0.0	0.0
72	__ribosome	30.0	0.0	0.0
72	__rnase_site_ext	16.666666666666668	0.0	0.0
72	p0	1.0	0.0	0.0
72	p1	1.0	0.0	0.0
72	protein1	215.66666666666663	8.666666666666666	1.4984126666666666
72	protein2	385.0	17.0	1.904003
72	protein3	265.6666666666667	12.333333333333336	2.013986
72	r0	8.666666666666666	0.0	0.0
72	rnapol	1.0	0.0	0.0
73	__protein1_rbs	7.666666666666668	0.0	0.0
73	__protein2_rbs	13.333333333333336	0.0	0.0
73	__protein3_rbs	10.666666666666666	0.0	0.0
73	__ribosome	32.333333333333336	0.0	0.0
73	__rnase_site_ext	17.333333333333332	0.0	0.0
73	p0	1.0	0.0	0.0
73	p1	1.0	0.0	0.0
73	protein1	221.0	9.0	1.0898146666666666
73	protein2	391.0	17.666666666666668	1.8785333333333332
73	protein3	271.3333333333333	13.666666666666664	1.814285666666667
73	r0	9.0	0.0	0.0
73	rnapol	0.3333333333333333	0.0	0.0
74	__protein1_rbs	7.0	0.0	0.0
74	__protein2_rbs	13.333333333333336	0.0	0.0
74	__protein3_rbs	11.333333333333336	0.0	0.0
74	__ribosome	28.66666666666667	0.0	0.0
74	__rnase_site_ext	17.333333333333332	0.0	0.0
74	p0	1.0	0.0	0.0
74	p1	1.0	0.0	0.0
74	protein1	223.66666666666663	9.0	1.3212963333333334
74	protein2	397.33333333333326	17.333333333333332	2.074074
74	protein3	278.0	13.333333333333336	1.8064933333333333
74	r0	9.333333333333334	0.0	0.0
74	rnapol	0.3333333333333333	0.0	0.0
75	__protein1_rbs	7.0	0.0	0.0
75	__protein2_rbs	12.0	0.0	0.0
75	__protein3_rbs	10.666666666666666	0.0	0.0
75	__ribosome	25.66666666666667	0.0	0.0
75	__rnase_site_ext	18.0	0.0	0.0
75	p0	1.0	0.0	0.0
75	p1	0.6666666666666666	0.0	0.0
75	protein1	228.66666666666663	9.333333333333334	1.177778
75	protein2	406.66666666666674	17.333333333333332	2.0787036666666667
75	protein3	282.0	14.0	1.9967169999999999
75	r0	9.666666666666666	0.0	0.0
75	rnapol	0.0	0.0	0.0
76	__protein1_rbs	6.666666666666668	0.0	0.0
76	__protein2_rbs	15.333333333333336	0.0	0.0
76	__protein3_rbs	12.333333333333336	0.0	0.0
76	__ribosome	23.66666666666667	0.0	0.0
76	__rnase_site_ext	18.33333333333333	0.0	0.0
76	p0	1.0	0.0	0.0
76	p1	1.0	0.0	0.0
76	protein1	230.0	9.666666666666666	1.440740666666667
76	protein2	415.33333333333326	17.666666666666668	2.004357333333333
76	protein3	288.0	14.0	1.9333333333333331
76	r0	9.666666666666666	0.0	0.0
76	rnapol	0.3333333333333333	0.0	0.0
77	__protein1_rbs	7.333333333333332	0.0	0.0
77	__protein2_rbs	15.666666666666664	0.0	0.0
77	__protein3_rbs	11.0	0.0	0.0
77	__ribosome	25.0	0.0	0.0
77	__rnase_site_ext	18.33333333333333	0.0	0.0
77	p0	1.0	0.0	0.0
77	p1	1.0	0.0	0.0
77	protein1	234.66666666666663	10.0	1.4154883333333337
77	protein2	423.0	18.0	1.9161793333333328
77	protein3	293.3333333333333	14.0	1.93952
77	r0	10.0	0.0	0.0
77	rnapol	1.6666666666666667	0.0	0.0
78	__protein1_rbs	6.333333333333332	0.0	0.0
78	__protein2_rbs	15.333333333333336	0.0	0.0
78	__protein3_rbs	10.0	0.0	0.0
78	__ribosome	29.66666666666667	0.0	0.0
78	__rnase_site_ext	18.0	0.0	0.0
78	p0	1.0	0.0	0.0
78	p1	1.0	0.0	0.0
78	protein1	238.0	9.666666666666666	1.6325756666666666
78	protein2	432.0	17.666666666666668	1.6759546666666667
78	protein3	299.6666666666667	13.666666666666664	1.8969696666666664
78	r0	9.666666666666666	0.0	0.0
78	rnapol	2.333333333333333	0.0	0.0
79	__protein1_rbs	6.333333333333332	0.0	0.0
79	__protein2_rbs	14.0	0.0	0.0
79	__protein3_rbs	9.666666666666666	0.0	0.0
79	__ribosome	29.0	0.0	0.0
79	__rnase_site_ext	18.33333333333333	0.0	0.0
79	p0	0.6666666666666666	0.0	0.0
79	p1	0.6666666666666666	0.0	0.0
79	protein1	244.33333333333331	9.666666666666666	1.4128786666666666
79	protein2	439.33333333333326	18.33333333333333	1.640305
79	protein3	305.3333333333333	13.666666666666664	2.0767676666666666
79	r0	9.666666666666666	0.0	0.0
79	rnapol	1.3333333333333333	0.0	0.0
80	__protein1_rbs	9.0	0.0	0.0
80	__protein2_rbs	14.666666666666664	0.0	0.0
80	__protein3_rbs	10.333333333333334	0.0	0.0
80	__ribosome	29.33333333333333	0.0	0.0
80	__rnase_site_ext	19.33333333333333	0.0	0.0
80	p0	1.0	0.0	0.0
80	p1	0.6666666666666666	0.0	0.0
80	protein1	247.66666666666663	10.0	1.3981480000000002
80	protein2	448.0	19.0	1.6386409999999998
80	protein3	314.3333333333333	13.666666666666664	1.9656563333333332
80	r0	9.666666666666666	0.0	0.0
80	rnapol	0.6666666666666666	0.0	0.0
81	__protein1_rbs	7.0	0.0	0.0
81	__protein2_rbs	15.0	0.0	0.0
81	__protein3_rbs	11.333333333333336	0.0	0.0
81	__ribosome	27.33333333333333	0.0	0.0
81	__rnase_site_ext	19.666666666666668	0.0	0.0
81	p0	1.0	0.0	0.0
81	p1	1.0	0.0	0.0
81	protein1	252.0	9.666666666666666	1.4537036666666667
81	protein2	456.0	19.666666666666668	1.5765553333333333
81	protein3	318.0	14.0	2.0122473333333333
81	r0	10.0	0.0	0.0
81	rnapol	0.3333333333333333	0.0	0.0
82	__protein1_rbs	8.333333333333334	0.0	0.0
82	__protein2_rbs	16.0	0.0	0.0
82	__protein3_rbs	10.666666666666666	0.0	0.0
82	__ribosome	25.66666666666667	0.0	0.0
82	__rnase_site_ext	19.33333333333333	0.0	0.0
82	p0	1.0	0.0	0.0
82	p1	1.0	0.0	0.0
82	protein1	256.0	9.666666666666666	1.4259256666666669
82	protein2	460.66666666666674	19.666666666666668	1.608807333333333
82	protein3	322.6666666666667	14.0	2.078914
82	r0	9.666666666666666	0.0	0.0
82	rnapol	0.3333333333333333	0.0	0.0
83	__protein1_rbs	7.0	0.0	0.0
83	__protein2_rbs	16.0	0.0	0.0
83	__protein3_rbs	12.0	0.0	0.0
83	__ribosome	26.33333333333333	0.0	0.0
83	__rnase_site_ext	19.0	0.0	0.0
83	p0	1.0	0.0	0.0
83	p1	1.0	0.0	0.0
83	protein1	261.3333333333333	9.333333333333334	1.5416666666666667
83	protein2	467.0	19.666666666666668	1.7022863333333331
83	protein3	331.0	14.333333333333336	1.8548083333333332
83	r0	9.333333333333334	0.0	0.0
83	rnapol	0.3333333333333333	0.0	0.0
84	__protein1_rbs	7.0	0.0	0.0
84	__protein2_rbs	15.333333333333336	0.0	0.0
84	__protein3_rbs	11.666666666666664	0.0	0.0
84	__ribosome	26.33333333333333	0.0	0.0
84	__rnase_site_ext	19.33333333333333	0.0	0.0
84	p0	0.6666666666666666	0.0	0.0
84	p1	1.0	0.0	0.0
84	protein1	263.6666666666667	9.666666666666666	1.778846
84	protein2	477.33333333333326	20.33333333333333	1.5951356666666667
84	protein3	338.6666666666667	15.0	1.6609686666666663
84	r0	9.666666666666666	0.0	0.0
84	rnapol	0.6666666666666666	0.0	0.0
85	__protein1_rbs	7.333333333333332	0.0	0.0
85	__protein2_rbs	14.666666666666664	0.0	0.0
85	__protein3_rbs	13.0	0.0	0.0
85	__ribosome	23.33333333333333	0.0	0.0
85	__rnase_site_ext	20.0	0.0	0.0
85	p0	1.0	0.0	0.0
85	p1	1.0	0.0	0.0
85	protein1	269.6666666666667	10.333333333333334	1.527564
85	protein2	484.66666666666674	20.33333333333333	1.7498406666666668
85	protein3	344.33333333333326	15.333333333333336	1.719088333333333
85	r0	10.333333333333334	0.0	0.0
85	rnapol	0.3333333333333333	0.0	0.0
86	__protein1_rbs	8.333333333333334	0.0	0.0
86	__protein2_rbs	16.0	0.0	0.0
86	__protein3_rbs	11.666666666666664	0.0	0.0
86	__ribosome	21.33333333333333	0.0	0.0
86	__rnase_site_ext	20.33333333333333	0.0	0.0
86	p0	1.0	0.0	0.0
86	p1	1.0	0.0	0.0
86	protein1	274.6666666666667	10.333333333333334	1.4461540000000002
86	protein2	490.66666666666674	20.33333333333333	1.790271333333333
86	protein3	349.0	15.0	1.8500206666666668
86	r0	10.333333333333334	0.0	0.0
86	rnapol	0.6666666666666666	0.0	0.0
87	__protein1_rbs	9.0	0.0	0.0
87	__protein2_rbs	17.333333333333332	0.0	0.0
87	__protein3_rbs	11.0	0.0	0.0
87	__ribosome	25.33333333333333	0.0	0.0
87	__rnase_site_ext	20.33333333333333	0.0	0.0
87	p0	0.6666666666666666	0.0	0.0
87	p1	1.0	0.0	0.0
87	protein1	278.3333333333333	10.333333333333334	1.2942306666666668
87	protein2	499.66666666666674	20.33333333333333	1.7015873333333331
87	protein3	355.33333333333326	15.0	1.8040293333333333
87	r0	10.333333333333334	0.0	0.0
87	rnapol	0.3333333333333333	0.0	0.0
88	__protein1_rbs	7.333333333333332	0.0	0.0
88	__protein2_rbs	15.333333333333336	0.0	0.0
88	__protein3_rbs	13.333333333333336	0.0	0.0
88	__ribosome	26.0	0.0	0.0
88	__rnase_site_ext	20.666666666666668	0.0	0.0
88	p0	1.0	0.0	0.0
88	p1	0.6666666666666666	0.0	0.0
88	protein1	284.0	10.666666666666666	1.1384616666666665
88	protein2	507.33333333333326	20.666666666666668	1.7352853333333336
88	protein3	362.0	15.666666666666664	1.6306876666666668
88	r0	10.666666666666666	0.0	0.0
88	rnapol	1.0	0.0	0.0
89	__protein1_rbs	8.0	0.0	0.0
89	__protein2_rbs	15.666666666666664	0.0	0.0
89	__protein3_rbs	13.333333333333336	0.0	0.0
89	__ribosome	27.33333333333333	0.0	0.0
89	__rnase_site_ext	20.666666666666668	0.0	0.0
89	p0	0.6666666666666666	0.0	0.0
89	p1	0.3333333333333333	0.0	0.0
89	protein1	289.0	10.666666666666666	1.037037
89	protein2	517.6666666666666	20.666666666666668	1.6998093333333333
89	protein3	368.0	15.666666666666664	1.7417990000000003
89	r0	10.666666666666666	0.0	0.0
89	rnapol	0.0	0.0	0.0
90	__protein1_rbs	7.0	0.0	0.0
90	__protein2_rbs	16.333333333333332	0.0	0.0
90	__protein3_rbs	12.666666666666664	0.0	0.0
90	__ribosome	23.0	0.0	0.0
90	__rnase_site_ext	20.666666666666668	0.0	0.0
90	p0	1.0	0.0	0.0
90	p1	0.3333333333333333	0.0	0.0
90	protein1	290.3333333333333	10.333333333333334	1.411111
90	protein2	526.0	21.0	1.6590026666666666
90	protein3	372.66666666666674	16.0	1.7671956666666668
90	r0	10.333333333333334	0.0	0.0
90	rnapol	0.0	0.0	0.0
91	__protein1_rbs	9.0	0.0	0.0
91	__protein2_rbs	15.666666666666664	0.0	0.0
91	__protein3_rbs	13.333333333333336	0.0	0.0
91	__ribosome	22.66666666666667	0.0	0.0
91	__rnase_site_ext	21.0	0.0	0.0
91	p0	1.0	0.0	0.0
91	p1	1.0	0.0	0.0
91	protein1	294.3333333333333	10.333333333333334	1.2648146666666666
91	protein2	532.6666666666666	21.66666666666667	1.8369046666666664
91	protein3	380.0	16.333333333333332	1.5439813333333332
91	r0	10.333333333333334	0.0	0.0
91	rnapol	0.6666666666666666	0.0	0.0
92	__protein1_rbs	8.0	0.0	0.0
92	__protein2_rbs	17.333333333333332	0.0	0.0
92	__protein3_rbs	13.666666666666664	0.0	0.0
92	__ribosome	24.66666666666667	0.0	0.0
92	__rnase_site_ext	21.66666666666667	0.0	0.0
92	p0	1.0	0.0	0.0
92	p1	1.0	0.0	0.0
92	protein1	299.3333333333333	10.333333333333334	1.1574073333333332
92	protein2	542.3333333333334	21.66666666666667	1.7805556666666664
92	protein3	386.0	16.666666666666668	1.5233116666666666
92	r0	10.333333333333334	0.0	0.0
92	rnapol	0.3333333333333333	0.0	0.0
93	__protein1_rbs	7.0	0.0	0.0
93	__protein2_rbs	18.0	0.0	0.0
93	__protein3_rbs	13.666666666666664	0.0	0.0
93	__ribosome	20.666666666666668	0.0	0.0
93	__rnase_site_ext	20.666666666666668	0.0	0.0
93	p0	1.0	0.0	0.0
93	p1	1.0	0.0	0.0
93	protein1	303.0	9.666666666666666	1.4107743333333334
93	protein2	550.3333333333334	22.33333333333333	1.744762
93	protein3	392.0	17.333333333333332	1.5855749999999995
93	r0	9.666666666666666	0.0	0.0
93	rnapol	0.6666666666666666	0.0	0.0
94	__protein1_rbs	9.0	0.0	0.0
94	__protein2_rbs	19.666666666666668	0.0	0.0
94	__protein3_rbs	12.0	0.0	0.0
94	__ribosome	21.66666666666667	0.0	0.0
94	__rnase_site_ext	21.33333333333333	0.0	0.0
94	p0	1.0	0.0	0.0
94	p1	1.0	0.0	0.0
94	protein1	307.0	9.666666666666666	1.232323
94	protein2	558.6666666666666	23.0	1.641212
94	protein3	397.66666666666674	17.333333333333332	1.6715400000000002
94	r0	9.666666666666666	0.0	0.0
94	rnapol	0.6666666666666666	0.0	0.0
95	__protein1_rbs	7.0	0.0	0.0
95	__protein2_rbs	18.666666666666668	0.0	0.0
95	__protein3_rbs	13.333333333333336	0.0	0.0
95	__ribosome	21.33333333333333	0.0	0.0
95	__rnase_site_ext	21.0	0.0	0.0
95	p0	1.0	0.0	0.0
95	p1	1.0	0.0	0.0
95	protein1	310.6666666666667	9.333333333333334	1.403619333333333
95	protein2	570.6666666666666	22.66666666666667	1.469697
95	protein3	403.0	18.0	1.7958333333333334
95	r0	9.333333333333334	0.0	0.0
95	rnapol	1.0	0.0	0.0
96	__protein1_rbs	7.0	0.0	0.0
96	__protein2_rbs	17.666666666666668	0.0	0.0
96	__protein3_rbs	14.666666666666664	0.0	0.0
96	__ribosome	19.0	0.0	0.0
96	__rnase_site_ext	20.666666666666668	0.0	0.0
96	p0	1.0	0.0	0.0
96	p1	1.0	0.0	0.0
96	protein1	314.0	9.333333333333334	1.5037036666666663
96	protein2	578.6666666666666	22.33333333333333	1.5217390000000002
96	protein3	407.66666666666674	18.0	1.8324073333333333
96	r0	9.333333333333334	0.0	0.0
96	rnapol	1.3333333333333333	0.0	0.0
97	__protein1_rbs	8.0	0.0	0.0
97	__protein2_rbs	17.333333333333332	0.0	0.0
97	__protein3_rbs	15.0	0.0	0.0
97	__ribosome	24.0	0.0	0.0
97	__rnase_site_ext	22.0	0.0	0.0
97	p0	0.3333333333333333	0.0	0.0
97	p1	1.0	0.0	0.0
97	protein1	318.0	9.666666666666666	1.4592593333333332
97	protein2	588.3333333333334	22.0	1.4986506666666666
97	protein3	416.33333333333326	18.0	1.631886
97	r0	10.333333333333334	0.0	0.0
97	rnapol	0.0	0.0	0.0
98	__protein1_rbs	7.666666666666668	0.0	0.0
98	__protein2_rbs	19.0	0.0	0.0
98	__protein3_rbs	14.0	0.0	0.0
98	__ribosome	21.0	0.0	0.0
98	__rnase_site_ext	21.66666666666667	0.0	0.0
98	p0	1.0	0.0	0.0
98	p1	1.0	0.0	0.0
98	protein1	322.0	10.666666666666666	1.3555556666666666
98	protein2	594.6666666666666	22.0	1.5303346666666666
98	protein3	422.0	18.0	1.7294116666666668
98	r0	10.666666666666666	0.0	0.0
98	rnapol	1.0	0.0	0.0
99	__protein1_rbs	8.0	0.0	0.0
99	__protein2_rbs	19.0	0.0	0.0
99	__protein3_rbs	13.666666666666664	0.0	0.0
99	__ribosome	23.33333333333333	0.0	0.0
99	__rnase_site_ext	22.33333333333333	0.0	0.0
99	p0	1.0	0.0	0.0
99	p1	0.6666666666666666	0.0	0.0
99	protein1	327.0	10.666666666666666	1.3444443333333334
99	protein2	602.6666666666666	22.0	1.490338333333333
99	protein3	432.33333333333326	18.0	1.6656863333333334
99	r0	10.666666666666666	0.0	0.0
99	rnapol	0.6666666666666666	0.0	0.0
100	__protein1_rbs	9.333333333333334	0.0	0.0
100	__protein2_rbs	16.333333333333332	0.0	0.0
100	__protein3_rbs	16.666666666666668	0.0	0.0
100	__ribosome	23.66666666666667	0.0	0.0
100	__rnase_site_ext	22.0	0.0	0.0
100	p0	1.0	0.0	0.0
100	p1	0.6666666666666666	0.0	0.0
100	protein1	331.0	11.0	1.2767676666666663
100	protein2	611.6666666666666	21.33333333333333	1.5634923333333333
100	protein3	438.33333333333326	18.0	1.6176469999999998
100	r0	11.0	0.0	0.0
100	rnapol	0.6666666666666666	0.0	0.0
101	__protein1_rbs	8.666666666666666	0.0	0.0
101	__protein2_rbs	17.333333333333332	0.0	0.0
101	__protein3_rbs	14.0	0.0	0.0
101	__ribosome	21.66666666666667	0.0	0.0
101	__rnase_site_ext	21.66666666666667	0.0	0.0
101	p0	0.6666666666666666	0.0	0.0
101	p1	0.6666666666666666	0.0	0.0
101	protein1	335.6666666666667	10.666666666666666	1.3166666666666669
101	protein2	620.6666666666666	22.0	1.4717046666666669
101	protein3	443.0	18.33333333333333	1.74488
101	r0	10.666666666666666	0.0	0.0
101	rnapol	0.6666666666666666	0.0	0.0
102	__protein1_rbs	7.666666666666668	0.0	0.0
102	__protein2_rbs	19.0	0.0	0.0
102	__protein3_rbs	14.666666666666664	0.0	0.0
102	__ribosome	24.33333333333333	0.0	0.0
102	__rnase_site_ext	22.0	0.0	0.0
102	p0	1.0	0.0	0.0
102	p1	0.6666666666666666	0.0	0.0
102	protein1	339.6666666666667	11.0	1.3589743333333333
102	protein2	628.6666666666666	22.66666666666667	1.3814229999999998
102	protein3	451.0	18.33333333333333	1.6156863333333331
102	r0	11.333333333333336	0.0	0.0
102	rnapol	0.3333333333333333	0.0	0.0
103	__protein1_rbs	10.0	0.0	0.0
103	__protein2_rbs	20.33333333333333	0.0	0.0
103	__protein3_rbs	14.333333333333336	0.0	0.0
103	__ribosome	23.0	0.0	0.0
103	__rnase_site_ext	22.33333333333333	0.0	0.0
103	p0	1.0	0.0	0.0
103	p1	1.0	0.0	0.0
103	protein1	343.66666666666674	11.333333333333336	1.1161616666666667
103	protein2	634.3333333333334	23.0	1.4927536666666663
103	protein3	458.66666666666674	18.0	1.6648893333333337
103	r0	11.0	0.0	0.0
103	rnapol	0.3333333333333333	0.0	0.0
104	__protein1_rbs	9.333333333333334	0.0	0.0
104	__protein2_rbs	17.666666666666668	0.0	0.0
104	__protein3_rbs	15.0	0.0	0.0
104	__ribosome	27.0	0.0	0.0
104	__rnase_site_ext	22.0	0.0	0.0
104	p0	1.0	0.0	0.0
104	p1	1.0	0.0	0.0
104	protein1	348.33333333333326	11.333333333333336	1.0
104	protein2	645.3333333333334	22.33333333333333	1.4769433333333335
104	protein3	465.66666666666674	17.333333333333332	1.6722136666666667
104	r0	11.333333333333336	0.0	0.0
104	rnapol	0.6666666666666666	0.0	0.0
105	__protein1_rbs	8.666666666666666	0.0	0.0
105	__protein2_rbs	17.666666666666668	0.0	0.0
105	__protein3_rbs	16.333333333333332	0.0	0.0
105	__ribosome	25.0	0.0	0.0
105	__rnase_site_ext	22.33333333333333	0.0	0.0
105	p0	0.6666666666666666	0.0	0.0
105	p1	0.3333333333333333	0.0	0.0
105	protein1	352.66666666666674	11.666666666666664	1.0166666666666666
105	protein2	652.0	22.33333333333333	1.640975
105	protein3	473.0	17.333333333333332	1.5628870000000001
105	r0	11.666666666666664	0.0	0.0
105	rnapol	0.0	0.0	0.0
106	__protein1_rbs	9.333333333333334	0.0	0.0
106	__protein2_rbs	18.666666666666668	0.0	0.0
106	__protein3_rbs	14.333333333333336	0.0	0.0
106	__ribosome	20.33333333333333	0.0	0.0
106	__rnase_site_ext	23.0	0.0	0.0
106	p0	1.0	0.0	0.0
106	p1	1.0	0.0	0.0
106	protein1	356.0	12.0	1.139665666666667
106	protein2	658.3333333333334	23.0	1.6666666666666667
106	protein3	478.33333333333326	17.666666666666668	1.5798
106	r0	12.0	0.0	0.0
106	rnapol	0.6666666666666666	0.0	0.0
107	__protein1_rbs	10.666666666666666	0.0	0.0
107	__protein2_rbs	19.0	0.0	0.0
107	__protein3_rbs	14.333333333333336	0.0	0.0
107	__ribosome	25.0	0.0	0.0
107	__rnase_site_ext	24.0	0.0	0.0
107	p0	1.0	0.0	0.0
107	p1	1.0	0.0	0.0
107	protein1	359.33333333333326	12.333333333333336	1.0854700000000002
107	protein2	668.6666666666666	23.33333333333333	1.541062666666667
107	protein3	486.33333333333326	17.333333333333332	1.4814813333333336
107	r0	12.333333333333336	0.0	0.0
107	rnapol	0.0	0.0	0.0
108	__protein1_rbs	11.666666666666664	0.0	0.0
108	__protein2_rbs	19.666666666666668	0.0	0.0
108	__protein3_rbs	11.666666666666664	0.0	0.0
108	__ribosome	21.33333333333333	0.0	0.0
108	__rnase_site_ext	24.33333333333333	0.0	0.0
108	p0	1.0	0.0	0.0
108	p1	1.0	0.0	0.0
108	protein1	361.66666666666674	12.333333333333336	1.188034
108	protein2	676.6666666666666	24.0	1.5454546666666664
108	protein3	492.66666666666674	16.666666666666668	1.6188723333333332
108	r0	12.666666666666664	0.0	0.0
108	rnapol	0.0	0.0	0.0
109	__protein1_rbs	9.333333333333334	0.0	0.0
109	__protein2_rbs	21.0	0.0	0.0
109	__protein3_rbs	13.0	0.0	0.0
109	__ribosome	26.0	0.0	0.0
109	__rnase_site_ext	24.33333333333333	0.0	0.0
109	p0	1.0	0.0	0.0
109	p1	1.0	0.0	0.0
109	protein1	368.33333333333326	12.666666666666664	1.128205
109	protein2	687.6666666666665	24.0	1.3551516666666668
109	protein3	498.0	16.333333333333332	1.667973666666667
109	r0	12.666666666666664	0.0	0.0
109	rnapol	0.6666666666666666	0.0	0.0
110	__protein1_rbs	10.0	0.0	0.0
110	__protein2_rbs	19.33333333333333	0.0	0.0
110	__protein3_rbs	13.333333333333336	0.0	0.0
110	__ribosome	22.66666666666667	0.0	0.0
110	__rnase_site_ext	23.66666666666667	0.0	0.0
110	p0	1.0	0.0	0.0
110	p1	0.6666666666666666	0.0	0.0
110	protein1	371.0	12.333333333333336	1.3247863333333334
110	protein2	695.3333333333335	23.66666666666667	1.4400000000000002
110	protein3	504.66666666666674	16.333333333333332	1.6483656666666666
110	r0	12.333333333333336	0.0	0.0
110	rnapol	1.0	0.0	0.0
111	__protein1_rbs	9.333333333333334	0.0	0.0
111	__protein2_rbs	18.33333333333333	0.0	0.0
111	__protein3_rbs	15.666666666666664	0.0	0.0
111	__ribosome	20.0	0.0	0.0
111	__rnase_site_ext	24.0	0.0	0.0
111	p0	1.0	0.0	0.0
111	p1	1.0	0.0	0.0
111	protein1	376.33333333333326	12.333333333333336	1.3525639999999999
111	protein2	703.3333333333335	24.0	1.5000239999999998
111	protein3	508.33333333333326	16.666666666666668	1.6509503333333333
111	r0	12.333333333333336	0.0	0.0
111	rnapol	1.0	0.0	0.0
112	__protein1_rbs	9.666666666666666	0.0	0.0
112	__protein2_rbs	19.0	0.0	0.0
112	__protein3_rbs	13.666666666666664	0.0	0.0
112	__ribosome	21.66666666666667	0.0	0.0
112	__rnase_site_ext	23.0	0.0	0.0
112	p0	1.0	0.0	0.0
112	p1	1.0	0.0	0.0
112	protein1	381.66666666666674	11.666666666666664	1.3434343333333334
112	protein2	711.3333333333335	24.0	1.5435023333333333
112	protein3	517.3333333333334	17.0	1.512143
112	r0	11.666666666666664	0.0	0.0
112	rnapol	1.0	0.0	0.0
113	__protein1_rbs	9.0	0.0	0.0
113	__protein2_rbs	19.0	0.0	0.0
113	__protein3_rbs	15.333333333333336	0.0	0.0
113	__ribosome	21.0	0.0	0.0
113	__rnase_site_ext	22.66666666666667	0.0	0.0
113	p0	1.0	0.0	0.0
113	p1	1.0	0.0	0.0
113	protein1	385.0	11.333333333333336	1.4040403333333331
113	protein2	719.3333333333335	24.66666666666667	1.598550666666667
113	protein3	522.6666666666666	17.0	1.3861026666666667
113	r0	11.333333333333336	0.0	0.0
113	rnapol	0.3333333333333333	0.0	0.0
114	__protein1_rbs	8.0	0.0	0.0
114	__protein2_rbs	18.33333333333333	0.0	0.0
114	__protein3_rbs	15.333333333333336	0.0	0.0
114	__ribosome	21.0	0.0	0.0
114	__rnase_site_ext	23.33333333333333	0.0	0.0
114	p0	1.0	0.0	0.0
114	p1	0.6666666666666666	0.0	0.0
114	protein1	391.66666666666674	11.333333333333336	1.3207073333333332
114	protein2	730.0	24.66666666666667	1.693473
114	protein3	529.0	17.333333333333332	1.282120666666667
114	r0	11.333333333333336	0.0	0.0
114	rnapol	0.6666666666666666	0.0	0.0
115	__protein1_rbs	9.333333333333334	0.0	0.0
115	__protein2_rbs	21.66666666666667	0.0	0.0
115	__protein3_rbs	14.666666666666664	0.0	0.0
115	__ribosome	21.33333333333333	0.0	0.0
115	__rnase_site_ext	23.0	0.0	0.0
115	p0	1.0	0.0	0.0
115	p1	1.0	0.0	0.0
115	protein1	396.33333333333326	11.0	1.2424243333333334
115	protein2	738.6666666666665	24.66666666666667	1.7109556666666668
115	protein3	534.6666666666666	17.666666666666668	1.2902046666666669
115	r0	11.0	0.0	0.0
115	rnapol	1.6666666666666667	0.0	0.0
116	__protein1_rbs	9.0	0.0	0.0
116	__protein2_rbs	20.33333333333333	0.0	0.0
116	__protein3_rbs	15.333333333333336	0.0	0.0
116	__ribosome	22.33333333333333	0.0	0.0
116	__rnase_site_ext	23.33333333333333	0.0	0.0
116	p0	0.6666666666666666	0.0	0.0
116	p1	1.0	0.0	0.0
116	protein1	400.66666666666674	11.333333333333336	1.1767676666666664
116	protein2	747.3333333333335	24.66666666666667	1.671328666666667
116	protein3	540.3333333333334	17.666666666666668	1.296418
116	r0	11.666666666666664	0.0	0.0
116	rnapol	0.6666666666666666	0.0	0.0
117	__protein1_rbs	8.333333333333334	0.0	0.0
117	__protein2_rbs	19.666666666666668	0.0	0.0
117	__protein3_rbs	13.333333333333336	0.0	0.0
117	__ribosome	20.33333333333333	0.0	0.0
117	__rnase_site_ext	24.0	0.0	0.0
117	p0	1.0	0.0	0.0
117	p1	1.0	0.0	0.0
117	protein1	405.33333333333326	11.666666666666664	1.219697
117	protein2	758.3333333333335	24.66666666666667	1.6013986666666666
117	protein3	545.0	17.666666666666668	1.499415333333333
117	r0	12.0	0.0	0.0
117	rnapol	0.6666666666666666	0.0	0.0
118	__protein1_rbs	11.0	0.0	0.0
118	__protein2_rbs	19.33333333333333	0.0	0.0
118	__protein3_rbs	15.333333333333336	0.0	0.0
118	__ribosome	19.666666666666668	0.0	0.0
118	__rnase_site_ext	24.33333333333333	0.0	0.0
118	p0	1.0	0.0	0.0
118	p1	1.0	0.0	0.0
118	protein1	408.33333333333326	12.666666666666664	1.2142856666666666
118	protein2	769.3333333333335	24.0	1.530303
118	protein3	550.0	18.0	1.6134503333333334
118	r0	12.666666666666664	0.0	0.0
118	rnapol	0.3333333333333333	0.0	0.0
119	__protein1_rbs	10.333333333333334	0.0	0.0
119	__protein2_rbs	18.666666666666668	0.0	0.0
119	__protein3_rbs	15.0	0.0	0.0
119	__ribosome	24.33333333333333	0.0	0.0
119	__rnase_site_ext	23.66666666666667	0.0	0.0
119	p0	1.0	0.0	0.0
119	p1	0.6666666666666666	0.0	0.0
119	protein1	413.0	12.666666666666664	1.15873
119	protein2	781.3333333333335	23.33333333333333	1.42298
119	protein3	556.0	18.0	1.5643276666666666
119	r0	12.666666666666664	0.0	0.0
119	rnapol	0.3333333333333333	0.0	0.0
120	__protein1_rbs	10.666666666666666	0.0	0.0
120	__protein2_rbs	17.333333333333332	0.0	0.0
120	__protein3_rbs	14.666666666666664	0.0	0.0
120	__ribosome	20.0	0.0	0.0
120	__rnase_site_ext	23.66666666666667	0.0	0.0
120	p0	1.0	0.0	0.0
120	p1	0.6666666666666666	0.0	0.0
120	protein1	417.66666666666674	12.666666666666664	1.2103176666666666
120	protein2	788.3333333333335	23.0	1.586737
120	protein3	562.0	18.0	1.5690056666666667
120	r0	12.666666666666664	0.0	0.0
120	rnapol	1.3333333333333333	0.0	0.0
121	__protein1_rbs	10.333333333333334	0.0	0.0
121	__protein2_rbs	18.666666666666668	0.0	0.0
121	__protein3_rbs	14.333333333333336	0.0	0.0
121	__ribosome	24.33333333333333	0.0	0.0
121	__rnase_site_ext	23.33333333333333	0.0	0.0
121	p0	1.0	0.0	0.0
121	p1	1.0	0.0	0.0
121	protein1	423.66666666666674	13.333333333333336	1.1123933333333331
121	protein2	797.6666666666665	23.33333333333333	1.4671716666666663
121	protein3	569.0	17.666666666666668	1.5055136666666666
121	r0	13.333333333333336	0.0	0.0
121	rnapol	0.6666666666666666	0.0	0.0
122	__protein1_rbs	10.333333333333334	0.0	0.0
122	__protein2_rbs	19.33333333333333	0.0	0.0
122	__protein3_rbs	13.666666666666664	0.0	0.0
122	__ribosome	16.666666666666668	0.0	0.0
122	__rnase_site_ext	24.33333333333333	0.0	0.0
122	p0	1.0	0.0	0.0
122	p1	1.0	0.0	0.0
122	protein1	427.33333333333326	14.0	1.2785103333333334
122	protein2	804.3333333333335	23.66666666666667	1.5911836666666666
122	protein3	576.3333333333334	17.333333333333332	1.5814533333333332
122	r0	14.333333333333336	0.0	0.0
122	rnapol	0.0	0.0	0.0
123	__protein1_rbs	11.0	0.0	0.0
123	__protein2_rbs	19.33333333333333	0.0	0.0
123	__protein3_rbs	12.666666666666664	0.0	0.0
123	__ribosome	16.0	0.0	0.0
123	__rnase_site_ext	24.33333333333333	0.0	0.0
123	p0	1.0	0.0	0.0
123	p1	1.0	0.0	0.0
123	protein1	432.33333333333326	14.333333333333336	1.3094013333333334
123	protein2	814.0	23.0	1.5389766666666669
123	protein3	581.3333333333334	17.333333333333332	1.729323333333333
123	r0	14.333333333333336	0.0	0.0
123	rnapol	0.0	0.0	0.0
124	__protein1_rbs	11.0	0.0	0.0
124	__protein2_rbs	19.0	0.0	0.0
124	__protein3_rbs	14.0	0.0	0.0
124	__ribosome	16.0	0.0	0.0
124	__rnase_site_ext	24.0	0.0	0.0
124	p0	1.0	0.0	0.0
124	p1	0.3333333333333333	0.0	0.0
124	protein1	436.66666666666674	14.333333333333336	1.3726496666666663
124	protein2	821.3333333333335	22.33333333333333	1.589466
124	protein3	588.3333333333334	18.0	1.6011696666666666
124	r0	14.333333333333336	0.0	0.0
124	rnapol	0.0	0.0	0.0
125	__protein1_rbs	11.333333333333336	0.0	0.0
125	__protein2_rbs	17.666666666666668	0.0	0.0
125	__protein3_rbs	15.0	0.0	0.0
125	__ribosome	19.0	0.0	0.0
125	__rnase_site_ext	23.66666666666667	0.0	0.0
125	p0	1.0	0.0	0.0
125	p1	0.6666666666666666	0.0	0.0
125	protein1	444.0	14.333333333333336	1.0854700000000002
125	protein2	832.0	23.33333333333333	1.4810276666666669
125	protein3	592.3333333333334	18.666666666666668	1.6458333333333333
125	r0	14.333333333333336	0.0	0.0
125	rnapol	1.0	0.0	0.0
126	__protein1_rbs	11.0	0.0	0.0
126	__protein2_rbs	20.0	0.0	0.0
126	__protein3_rbs	14.333333333333336	0.0	0.0
126	__ribosome	17.333333333333332	0.0	0.0
126	__rnase_site_ext	24.33333333333333	0.0	0.0
126	p0	1.0	0.0	0.0
126	p1	1.0	0.0	0.0
126	protein1	449.0	14.333333333333336	1.063248
126	protein2	839.0	24.0	1.4808713333333332
126	protein3	600.3333333333334	18.33333333333333	1.7576753333333333
126	r0	14.333333333333336	0.0	0.0
126	rnapol	0.6666666666666666	0.0	0.0
127	__protein1_rbs	12.0	0.0	0.0
127	__protein2_rbs	17.0	0.0	0.0
127	__protein3_rbs	14.666666666666664	0.0	0.0
127	__ribosome	19.33333333333333	0.0	0.0
127	__rnase_site_ext	24.33333333333333	0.0	0.0
127	p0	0.6666666666666666	0.0	0.0
127	p1	1.0	0.0	0.0
127	protein1	455.0	14.333333333333336	1.0222223333333331
127	protein2	848.6666666666665	24.33333333333333	1.4718193333333334
127	protein3	608.0	17.666666666666668	1.7412280000000002
127	r0	14.333333333333336	0.0	0.0
127	rnapol	1.0	0.0	0.0
128	__protein1_rbs	12.666666666666664	0.0	0.0
128	__protein2_rbs	18.666666666666668	0.0	0.0
128	__protein3_rbs	15.333333333333336	0.0	0.0
128	__ribosome	18.666666666666668	0.0	0.0
128	__rnase_site_ext	25.33333333333333	0.0	0.0
128	p0	0.6666666666666666	0.0	0.0
128	p1	1.0	0.0	0.0
128	protein1	458.66666666666674	14.666666666666664	1.000748
128	protein2	856.3333333333335	24.66666666666667	1.5353596666666665
128	protein3	615.0	17.333333333333332	1.6759259999999998
128	r0	15.0	0.0	0.0
128	rnapol	0.6666666666666666	0.0	0.0
129	__protein1_rbs	13.666666666666664	0.0	0.0
129	__protein2_rbs	21.33333333333333	0.0	0.0
129	__protein3_rbs	13.0	0.0	0.0
129	__ribosome	22.66666666666667	0.0	0.0
129	__rnase_site_ext	25.33333333333333	0.0	0.0
129	p0	0.6666666666666666	0.0	0.0
129	p1	1.0	0.0	0.0
129	protein1	462.66666666666674	15.333333333333336	1.0
129	protein2	865.6666666666665	24.66666666666667	1.4059983333333337
129	protein3	621.3333333333334	16.666666666666668	1.662037
129	r0	15.333333333333336	0.0	0.0
129	rnapol	0.6666666666666666	0.0	0.0
130	__protein1_rbs	13.0	0.0	0.0
130	__protein2_rbs	20.0	0.0	0.0
130	__protein3_rbs	15.0	0.0	0.0
130	__ribosome	24.66666666666667	0.0	0.0
130	__rnase_site_ext	26.0	0.0	0.0
130	p0	1.0	0.0	0.0
130	p1	1.0	0.0	0.0
130	protein1	469.0	16.0	0.9677873333333332
130	protein2	873.3333333333335	24.66666666666667	1.4514223333333334
130	protein3	630.3333333333334	17.0	1.4202956666666664
130	r0	16.0	0.0	0.0
130	rnapol	0.3333333333333333	0.0	0.0
131	__protein1_rbs	14.333333333333336	0.0	0.0
131	__protein2_rbs	20.0	0.0	0.0
131	__protein3_rbs	14.333333333333336	0.0	0.0
131	__ribosome	23.33333333333333	0.0	0.0
131	__rnase_site_ext	26.33333333333333	0.0	0.0
131	p0	1.0	0.0	0.0
131	p1	0.3333333333333333	0.0	0.0
131	protein1	472.33333333333326	16.333333333333332	1.1722686666666666
131	protein2	882.0	24.33333333333333	1.4170383333333334
131	protein3	636.0	17.0	1.3457856666666668
131	r0	16.333333333333332	0.0	0.0
131	rnapol	0.0	0.0	0.0
132	__protein1_rbs	11.666666666666664	0.0	0.0
132	__protein2_rbs	20.0	0.0	0.0
132	__protein3_rbs	14.0	0.0	0.0
132	__ribosome	21.66666666666667	0.0	0.0
132	__rnase_site_ext	25.0	0.0	0.0
132	p0	1.0	0.0	0.0
132	p1	0.6666666666666666	0.0	0.0
132	protein1	477.66666666666674	16.0	1.3613446666666666
132	protein2	892.3333333333335	25.0	1.3503596666666666
132	protein3	643.0	16.666666666666668	1.358040666666667
132	r0	16.0	0.0	0.0
132	rnapol	0.6666666666666666	0.0	0.0
133	__protein1_rbs	12.0	0.0	0.0
133	__protein2_rbs	19.666666666666668	0.0	0.0
133	__protein3_rbs	14.666666666666664	0.0	0.0
133	__ribosome	20.33333333333333	0.0	0.0
133	__rnase_site_ext	26.0	0.0	0.0
133	p0	1.0	0.0	0.0
133	p1	0.6666666666666666	0.0	0.0
133	protein1	484.0	15.666666666666664	1.429972
133	protein2	900.6666666666665	26.0	1.3690476666666669
133	protein3	647.3333333333334	16.666666666666668	1.3002193333333334
133	r0	15.666666666666664	0.0	0.0
133	rnapol	0.3333333333333333	0.0	0.0
134	__protein1_rbs	14.666666666666664	0.0	0.0
134	__protein2_rbs	21.33333333333333	0.0	0.0
134	__protein3_rbs	12.666666666666664	0.0	0.0
134	__ribosome	20.666666666666668	0.0	0.0
134	__rnase_site_ext	26.0	0.0	0.0
134	p0	1.0	0.0	0.0
134	p1	0.6666666666666666	0.0	0.0
134	protein1	490.66666666666674	15.666666666666664	1.2431723333333335
134	protein2	907.6666666666665	26.66666666666667	1.4625996666666667
134	protein3	653.6666666666666	16.666666666666668	1.2758773333333333
134	r0	15.333333333333336	0.0	0.0
134	rnapol	0.6666666666666666	0.0	0.0
135	__protein1_rbs	11.333333333333336	0.0	0.0
135	__protein2_rbs	22.66666666666667	0.0	0.0
135	__protein3_rbs	14.333333333333336	0.0	0.0
135	__ribosome	17.666666666666668	0.0	0.0
135	__rnase_site_ext	25.66666666666667	0.0	0.0
135	p0	1.0	0.0	0.0
135	p1	0.6666666666666666	0.0	0.0
135	protein1	496.66666666666674	15.333333333333336	1.3504203333333331
135	protein2	914.6666666666665	27.0	1.5380196666666668
135	protein3	658.0	16.666666666666668	1.2281433333333334
135	r0	15.333333333333336	0.0	0.0
135	rnapol	0.6666666666666666	0.0	0.0
136	__protein1_rbs	10.333333333333334	0.0	0.0
136	__protein2_rbs	23.0	0.0	0.0
136	__protein3_rbs	13.0	0.0	0.0
136	__ribosome	22.33333333333333	0.0	0.0
136	__rnase_site_ext	25.66666666666667	0.0	0.0
136	p0	1.0	0.0	0.0
136	p1	1.0	0.0	0.0
136	protein1	505.66666666666674	15.0	1.3166666666666669
136	protein2	926.6666666666665	27.33333333333333	1.4297573333333335
136	protein3	664.3333333333334	16.666666666666668	1.1415206666666666
136	r0	15.0	0.0	0.0
136	rnapol	0.6666666666666666	0.0	0.0
137	__protein1_rbs	13.333333333333336	0.0	0.0
137	__protein2_rbs	23.0	0.0	0.0
137	__protein3_rbs	13.0	0.0	0.0
137	__ribosome	19.666666666666668	0.0	0.0
137	__rnase_site_ext	26.0	0.0	0.0
137	p0	1.0	0.0	0.0
137	p1	1.0	0.0	0.0
137	protein1	509.66666666666674	15.0	1.222222333333333
137	protein2	935.6666666666665	27.33333333333333	1.4625370000000002
137	protein3	667.6666666666666	17.666666666666668	1.2492646666666667
137	r0	15.0	0.0	0.0
137	rnapol	0.6666666666666666	0.0	0.0
138	__protein1_rbs	10.666666666666666	0.0	0.0
138	__protein2_rbs	23.33333333333333	0.0	0.0
138	__protein3_rbs	16.0	0.0	0.0
138	__ribosome	19.33333333333333	0.0	0.0
138	__rnase_site_ext	26.0	0.0	0.0
138	p0	0.6666666666666666	0.0	0.0
138	p1	1.0	0.0	0.0
138	protein1	517.0	15.0	1.2
138	protein2	947.0	27.66666666666667	1.42792
138	protein3	672.3333333333334	18.0	1.2676473333333331
138	r0	15.0	0.0	0.0
138	rnapol	0.6666666666666666	0.0	0.0
139	__protein1_rbs	14.0	0.0	0.0
139	__protein2_rbs	23.0	0.0	0.0
139	__protein3_rbs	13.666666666666664	0.0	0.0
139	__ribosome	17.666666666666668	0.0	0.0
139	__rnase_site_ext	27.0	0.0	0.0
139	p0	1.0	0.0	0.0
139	p1	1.0	0.0	0.0
139	protein1	523.6666666666666	16.0	1.0
139	protein2	954.3333333333335	27.33333333333333	1.4918519999999995
139	protein3	676.3333333333334	18.0	1.4215686666666667
139	r0	16.0	0.0	0.0
139	rnapol	0.3333333333333333	0.0	0.0
140	__protein1_rbs	14.0	0.0	0.0
140	__protein2_rbs	23.33333333333333	0.0	0.0
140	__protein3_rbs	15.333333333333336	0.0	0.0
140	__ribosome	18.33333333333333	0.0	0.0
140	__rnase_site_ext	27.33333333333333	0.0	0.0
140	p0	0.6666666666666666	0.0	0.0
140	p1	0.6666666666666666	0.0	0.0
140	protein1	526.6666666666666	16.0	1.0833333333333333
140	protein2	964.3333333333335	27.0	1.3867686666666668
140	protein3	680.6666666666666	17.666666666666668	1.5296053333333333
140	r0	16.0	0.0	0.0
140	rnapol	1.0	0.0	0.0
141	__protein1_rbs	12.0	0.0	0.0
141	__protein2_rbs	25.0	0.0	0.0
141	__protein3_rbs	14.333333333333336	0.0	0.0
141	__ribosome	23.66666666666667	0.0	0.0
141	__rnase_site_ext	27.66666666666667	0.0	0.0
141	p0	1.0	0.0	0.0
141	p1	1.0	0.0	0.0
141	protein1	533.3333333333334	16.0	1.087173333333333
141	protein2	976.0	27.0	1.1728393333333331
141	protein3	687.0	17.666666666666668	1.563962
141	r0	15.666666666666664	0.0	0.0
141	rnapol	0.0	0.0	0.0
142	__protein1_rbs	13.333333333333336	0.0	0.0
142	__protein2_rbs	22.33333333333333	0.0	0.0
142	__protein3_rbs	14.333333333333336	0.0	0.0
142	__ribosome	22.66666666666667	0.0	0.0
142	__rnase_site_ext	27.0	0.0	0.0
142	p0	1.0	0.0	0.0
142	p1	0.6666666666666666	0.0	0.0
142	protein1	538.3333333333334	15.666666666666664	1.2111346666666667
142	protein2	985.6666666666665	27.33333333333333	1.183150333333333
142	protein3	693.6666666666665	17.666666666666668	1.487207333333333
142	r0	15.666666666666664	0.0	0.0
142	rnapol	0.3333333333333333	0.0	0.0
143	__protein1_rbs	13.333333333333336	0.0	0.0
143	__protein2_rbs	21.0	0.0	0.0
143	__protein3_rbs	14.333333333333336	0.0	0.0
143	__ribosome	17.666666666666668	0.0	0.0
143	__rnase_site_ext	27.66666666666667	0.0	0.0
143	p0	1.0	0.0	0.0
143	p1	1.0	0.0	0.0
143	protein1	543.0	15.666666666666664	1.325980333333333
143	protein2	994.0	28.0	1.2763043333333337
143	protein3	699.0	17.666666666666668	1.4829436666666669
143	r0	16.0	0.0	0.0
143	rnapol	0.3333333333333333	0.0	0.0
144	__protein1_rbs	12.0	0.0	0.0
144	__protein2_rbs	23.0	0.0	0.0
144	__protein3_rbs	13.666666666666664	0.0	0.0
144	__ribosome	16.333333333333332	0.0	0.0
144	__rnase_site_ext	27.33333333333333	0.0	0.0
144	p0	1.0	0.0	0.0
144	p1	1.0	0.0	0.0
144	protein1	548.0	15.666666666666664	1.345098
144	protein2	1002.0	28.0	1.316015333333333
144	protein3	705.3333333333335	17.333333333333332	1.5069443333333332
144	r0	15.666666666666664	0.0	0.0
144	rnapol	0.6666666666666666	0.0	0.0
145	__protein1_rbs	12.666666666666664	0.0	0.0
145	__protein2_rbs	25.33333333333333	0.0	0.0
145	__protein3_rbs	14.0	0.0	0.0
145	__ribosome	20.666666666666668	0.0	0.0
145	__rnase_site_ext	27.33333333333333	0.0	0.0
145	p0	1.0	0.0	0.0
145	p1	1.0	0.0	0.0
145	protein1	556.0	15.666666666666664	1.0666666666666669
145	protein2	1008.3333333333335	28.33333333333333	1.2743886666666666
145	protein3	711.3333333333335	18.0	1.481539
145	r0	15.666666666666664	0.0	0.0
145	rnapol	0.6666666666666666	0.0	0.0
146	__protein1_rbs	12.666666666666664	0.0	0.0
146	__protein2_rbs	22.0	0.0	0.0
146	__protein3_rbs	16.0	0.0	0.0
146	__ribosome	18.33333333333333	0.0	0.0
146	__rnase_site_ext	27.33333333333333	0.0	0.0
146	p0	0.6666666666666666	0.0	0.0
146	p1	0.6666666666666666	0.0	0.0
146	protein1	562.0	15.666666666666664	0.9583333333333334
146	protein2	1016.0	28.33333333333333	1.423224
146	protein3	718.3333333333335	18.0	1.4608416666666664
146	r0	15.666666666666664	0.0	0.0
146	rnapol	0.3333333333333333	0.0	0.0
147	__protein1_rbs	13.666666666666664	0.0	0.0
147	__protein2_rbs	24.33333333333333	0.0	0.0
147	__protein3_rbs	13.666666666666664	0.0	0.0
147	__ribosome	20.0	0.0	0.0
147	__rnase_site_ext	27.66666666666667	0.0	0.0
147	p0	1.0	0.0	0.0
147	p1	0.6666666666666666	0.0	0.0
147	protein1	567.0	16.0	0.9166666666666666
147	protein2	1029.0	28.33333333333333	1.242222333333333
147	protein3	722.3333333333335	18.666666666666668	1.6326623333333332
147	r0	16.0	0.0	0.0
147	rnapol	0.0	0.0	0.0
148	__protein1_rbs	13.0	0.0	0.0
148	__protein2_rbs	24.0	0.0	0.0
148	__protein3_rbs	15.0	0.0	0.0
148	__ribosome	17.666666666666668	0.0	0.0
148	__rnase_site_ext	27.0	0.0	0.0
148	p0	1.0	0.0	0.0
148	p1	1.0	0.0	0.0
148	protein1	571.3333333333334	15.0	1.0222223333333331
148	protein2	1037.3333333333333	28.66666666666667	1.2948716666666666
148	protein3	729.3333333333335	19.33333333333333	1.5537036666666666
148	r0	15.0	0.0	0.0
148	rnapol	0.0	0.0	0.0
149	__protein1_rbs	14.0	0.0	0.0
149	__protein2_rbs	24.0	0.0	0.0
149	__protein3_rbs	15.666666666666664	0.0	0.0
149	__ribosome	19.0	0.0	0.0
149	__rnase_site_ext	27.0	0.0	0.0
149	p0	1.0	0.0	0.0
149	p1	0.3333333333333333	0.0	0.0
149	protein1	576.0	15.0	0.9555553333333332
149	protein2	1044.6666666666667	28.0	1.3385226666666667
149	protein3	736.3333333333335	19.33333333333333	1.5203703333333334
149	r0	15.0	0.0	0.0
149	rnapol	0.6666666666666666	0.0	0.0
150	__protein1_rbs	12.666666666666664	0.0	0.0
150	__protein2_rbs	23.33333333333333	0.0	0.0
150	__protein3_rbs	16.0	0.0	0.0
150	__ribosome	18.0	0.0	0.0
150	__rnase_site_ext	27.33333333333333	0.0	0.0
150	p0	1.0	0.0	0.0
150	p1	1.0	0.0	0.0
150	protein1	581.3333333333334	15.333333333333336	0.9333333333333332
150	protein2	1054.0	28.66666666666667	1.3571306666666665
150	protein3	742.6666666666665	18.666666666666668	1.5416923333333332
150	r0	15.666666666666664	0.0	0.0
150	rnapol	1.0	0.0	0.0
151	__protein1_rbs	12.0	0.0	0.0
151	__protein2_rbs	22.66666666666667	0.0	0.0
151	__protein3_rbs	16.666666666666668	0.0	0.0
151	__ribosome	19.0	0.0	0.0
151	__rnase_site_ext	27.33333333333333	0.0	0.0
151	p0	1.0	0.0	0.0
151	p1	0.6666666666666666	0.0	0.0
151	protein1	585.6666666666666	15.666666666666664	1.026389
151	protein2	1065.0	28.0	1.395225333333333
151	protein3	750.6666666666665	19.0	1.3765786666666668
151	r0	15.666666666666664	0.0	0.0
151	rnapol	1.0	0.0	0.0
152	__protein1_rbs	14.0	0.0	0.0
152	__protein2_rbs	25.0	0.0	0.0
152	__protein3_rbs	17.0	0.0	0.0
152	__ribosome	18.0	0.0	0.0
152	__rnase_site_ext	28.0	0.0	0.0
152	p0	1.0	0.0	0.0
152	p1	1.0	0.0	0.0
152	protein1	589.6666666666666	16.0	1.081046
152	protein2	1072.3333333333333	28.66666666666667	1.3777776666666668
152	protein3	756.6666666666665	19.0	1.3485676666666666
152	r0	16.0	0.0	0.0
152	rnapol	1.0	0.0	0.0
153	__protein1_rbs	12.0	0.0	0.0
153	__protein2_rbs	22.33333333333333	0.0	0.0
153	__protein3_rbs	17.666666666666668	0.0	0.0
153	__ribosome	19.33333333333333	0.0	0.0
153	__rnase_site_ext	27.0	0.0	0.0
153	p0	1.0	0.0	0.0
153	p1	0.6666666666666666	0.0	0.0
153	protein1	595.0	15.666666666666664	1.1725489999999998
153	protein2	1082.3333333333333	28.0	1.399204
153	protein3	762.6666666666665	18.666666666666668	1.283469
153	r0	15.666666666666664	0.0	0.0
153	rnapol	1.3333333333333333	0.0	0.0
154	__protein1_rbs	11.666666666666664	0.0	0.0
154	__protein2_rbs	20.666666666666668	0.0	0.0
154	__protein3_rbs	16.0	0.0	0.0
154	__ribosome	18.666666666666668	0.0	0.0
154	__rnase_site_ext	27.0	0.0	0.0
154	p0	0.6666666666666666	0.0	0.0
154	p1	0.6666666666666666	0.0	0.0
154	protein1	600.0	15.333333333333336	1.3308123333333337
154	protein2	1093.6666666666667	27.66666666666667	1.3905983333333334
154	protein3	769.6666666666665	19.33333333333333	1.1836943333333334
154	r0	15.666666666666664	0.0	0.0
154	rnapol	0.6666666666666666	0.0	0.0
155	__protein1_rbs	12.0	0.0	0.0
155	__protein2_rbs	20.666666666666668	0.0	0.0
155	__protein3_rbs	15.666666666666664	0.0	0.0
155	__ribosome	18.666666666666668	0.0	0.0
155	__rnase_site_ext	27.33333333333333	0.0	0.0
155	p0	1.0	0.0	0.0
155	p1	0.6666666666666666	0.0	0.0
155	protein1	606.6666666666666	16.0	1.2754903333333332
155	protein2	1103.6666666666667	27.33333333333333	1.4923080000000002
155	protein3	776.6666666666665	18.666666666666668	1.0859963333333331
155	r0	16.0	0.0	0.0
155	rnapol	0.3333333333333333	0.0	0.0
156	__protein1_rbs	13.333333333333336	0.0	0.0
156	__protein2_rbs	22.66666666666667	0.0	0.0
156	__protein3_rbs	16.666666666666668	0.0	0.0
156	__ribosome	18.33333333333333	0.0	0.0
156	__rnase_site_ext	26.66666666666667	0.0	0.0
156	p0	1.0	0.0	0.0
156	p1	1.0	0.0	0.0
156	protein1	611.6666666666666	15.333333333333336	1.2972283333333332
156	protein2	1112.0	28.0	1.499372
156	protein3	781.6666666666665	19.0	1.028409
156	r0	15.666666666666664	0.0	0.0
156	rnapol	0.0	0.0	0.0
157	__protein1_rbs	11.666666666666664	0.0	0.0
157	__protein2_rbs	23.66666666666667	0.0	0.0
157	__protein3_rbs	15.333333333333336	0.0	0.0
157	__ribosome	18.0	0.0	0.0
157	__rnase_site_ext	27.0	0.0	0.0
157	p0	1.0	0.0	0.0
157	p1	0.6666666666666666	0.0	0.0
157	protein1	619.3333333333334	15.333333333333336	1.1150073333333332
157	protein2	1120.6666666666667	28.0	1.5501793333333334
157	protein3	785.6666666666665	18.666666666666668	1.1346073333333333
157	r0	15.333333333333336	0.0	0.0
157	rnapol	0.3333333333333333	0.0	0.0
158	__protein1_rbs	12.666666666666664	0.0	0.0
158	__protein2_rbs	23.66666666666667	0.0	0.0
158	__protein3_rbs	15.333333333333336	0.0	0.0
158	__ribosome	17.333333333333332	0.0	0.0
158	__rnase_site_ext	27.0	0.0	0.0
158	p0	1.0	0.0	0.0
158	p1	0.6666666666666666	0.0	0.0
158	protein1	624.6666666666666	15.333333333333336	1.1152903333333335
158	protein2	1129.3333333333333	27.66666666666667	1.5242163333333334
158	protein3	790.0	19.0	1.209691
158	r0	15.666666666666664	0.0	0.0
158	rnapol	0.3333333333333333	0.0	0.0
159	__protein1_rbs	12.333333333333336	0.0	0.0
159	__protein2_rbs	23.66666666666667	0.0	0.0
159	__protein3_rbs	16.333333333333332	0.0	0.0
159	__ribosome	22.33333333333333	0.0	0.0
159	__rnase_site_ext	27.0	0.0	0.0
159	p0	0.6666666666666666	0.0	0.0
159	p1	0.6666666666666666	0.0	0.0
159	protein1	630.0	15.333333333333336	1.1027076666666666
159	protein2	1143.0	28.0	1.3506173333333331
159	protein3	794.6666666666665	19.0	1.1867413333333332
159	r0	15.666666666666664	0.0	0.0
159	rnapol	0.6666666666666666	0.0	0.0
160	__protein1_rbs	12.0	0.0	0.0
160	__protein2_rbs	22.0	0.0	0.0
160	__protein3_rbs	15.0	0.0	0.0
160	__ribosome	22.0	0.0	0.0
160	__rnase_site_ext	26.33333333333333	0.0	0.0
160	p0	1.0	0.0	0.0
160	p1	0.6666666666666666	0.0	0.0
160	protein1	635.6666666666666	15.666666666666664	1.0528713333333333
160	protein2	1154.0	28.0	1.389805
160	protein3	800.3333333333335	19.0	1.180392
160	r0	15.666666666666664	0.0	0.0
160	rnapol	0.3333333333333333	0.0	0.0
161	__protein1_rbs	13.666666666666664	0.0	0.0
161	__protein2_rbs	23.0	0.0	0.0
161	__protein3_rbs	15.0	0.0	0.0
161	__ribosome	16.333333333333332	0.0	0.0
161	__rnase_site_ext	27.0	0.0	0.0
161	p0	1.0	0.0	0.0
161	p1	1.0	0.0	0.0
161	protein1	640.6666666666666	15.333333333333336	1.154762
161	protein2	1163.0	28.33333333333333	1.3964613333333336
161	protein3	804.6666666666665	19.0	1.3813726666666668
161	r0	15.333333333333336	0.0	0.0
161	rnapol	0.3333333333333333	0.0	0.0
162	__protein1_rbs	12.666666666666664	0.0	0.0
162	__protein2_rbs	23.66666666666667	0.0	0.0
162	__protein3_rbs	16.0	0.0	0.0
162	__ribosome	18.666666666666668	0.0	0.0
162	__rnase_site_ext	27.0	0.0	0.0
162	p0	0.6666666666666666	0.0	0.0
162	p1	0.6666666666666666	0.0	0.0
162	protein1	645.6666666666666	15.333333333333336	1.1160713333333334
162	protein2	1171.3333333333333	28.0	1.4351623333333332
162	protein3	811.6666666666665	18.666666666666668	1.2925926666666665
162	r0	15.333333333333336	0.0	0.0
162	rnapol	0.3333333333333333	0.0	0.0
163	__protein1_rbs	12.666666666666664	0.0	0.0
163	__protein2_rbs	23.66666666666667	0.0	0.0
163	__protein3_rbs	14.666666666666664	0.0	0.0
163	__ribosome	17.666666666666668	0.0	0.0
163	__rnase_site_ext	28.0	0.0	0.0
163	p0	1.0	0.0	0.0
163	p1	1.0	0.0	0.0
163	protein1	652.0	15.666666666666664	1.0555556666666666
163	protein2	1180.6666666666667	28.66666666666667	1.375163666666667
163	protein3	816.0	18.33333333333333	1.4600216666666668
163	r0	15.666666666666664	0.0	0.0
163	rnapol	1.0	0.0	0.0
164	__protein1_rbs	13.666666666666664	0.0	0.0
164	__protein2_rbs	24.0	0.0	0.0
164	__protein3_rbs	15.666666666666664	0.0	0.0
164	__ribosome	17.666666666666668	0.0	0.0
164	__rnase_site_ext	27.0	0.0	0.0
164	p0	0.6666666666666666	0.0	0.0
164	p1	1.0	0.0	0.0
164	protein1	657.6666666666666	15.333333333333336	0.9910713333333332
164	protein2	1191.3333333333333	28.0	1.4200290000000002
164	protein3	821.0	18.666666666666668	1.4870370000000002
164	r0	15.333333333333336	0.0	0.0
164	rnapol	0.6666666666666666	0.0	0.0
165	__protein1_rbs	11.666666666666664	0.0	0.0
165	__protein2_rbs	23.66666666666667	0.0	0.0
165	__protein3_rbs	14.666666666666664	0.0	0.0
165	__ribosome	13.333333333333336	0.0	0.0
165	__rnase_site_ext	27.33333333333333	0.0	0.0
165	p0	0.6666666666666666	0.0	0.0
165	p1	1.0	0.0	0.0
165	protein1	661.6666666666666	15.333333333333336	1.1835406666666668
165	protein2	1201.3333333333333	28.0	1.482372
165	protein3	828.0	19.0	1.4788356666666669
165	r0	15.333333333333336	0.0	0.0
165	rnapol	0.3333333333333333	0.0	0.0
166	__protein1_rbs	13.333333333333336	0.0	0.0
166	__protein2_rbs	22.66666666666667	0.0	0.0
166	__protein3_rbs	16.0	0.0	0.0
166	__ribosome	17.666666666666668	0.0	0.0
166	__rnase_site_ext	27.33333333333333	0.0	0.0
166	p0	1.0	0.0	0.0
166	p1	0.6666666666666666	0.0	0.0
166	protein1	669.3333333333334	15.666666666666664	1.009793333333333
166	protein2	1211.0	27.66666666666667	1.3784116666666666
166	protein3	832.6666666666665	19.0	1.5486353333333334
166	r0	15.666666666666664	0.0	0.0
166	rnapol	0.3333333333333333	0.0	0.0
167	__protein1_rbs	12.0	0.0	0.0
167	__protein2_rbs	24.0	0.0	0.0
167	__protein3_rbs	16.666666666666668	0.0	0.0
167	__ribosome	19.33333333333333	0.0	0.0
167	__rnase_site_ext	26.66666666666667	0.0	0.0
167	p0	0.6666666666666666	0.0	0.0
167	p1	1.0	0.0	0.0
167	protein1	673.0	15.333333333333336	1.1501423333333334
167	protein2	1219.6666666666667	27.66666666666667	1.3078823333333334
167	protein3	840.6666666666665	19.666666666666668	1.4093563333333332
167	r0	15.333333333333336	0.0	0.0
167	rnapol	0.3333333333333333	0.0	0.0
168	__protein1_rbs	12.333333333333336	0.0	0.0
168	__protein2_rbs	22.33333333333333	0.0	0.0
168	__protein3_rbs	12.666666666666664	0.0	0.0
168	__ribosome	20.0	0.0	0.0
168	__rnase_site_ext	27.66666666666667	0.0	0.0
168	p0	1.0	0.0	0.0
168	p1	0.6666666666666666	0.0	0.0
168	protein1	680.6666666666666	15.666666666666664	1.0101493333333331
168	protein2	1231.3333333333333	27.33333333333333	1.2178833333333332
168	protein3	848.0	20.0	1.5699663333333334
168	r0	16.0	0.0	0.0
168	rnapol	0.0	0.0	0.0
169	__protein1_rbs	12.666666666666664	0.0	0.0
169	__protein2_rbs	24.33333333333333	0.0	0.0
169	__protein3_rbs	17.0	0.0	0.0
169	__ribosome	17.666666666666668	0.0	0.0
169	__rnase_site_ext	27.0	0.0	0.0
169	p0	1.0	0.0	0.0
169	p1	1.0	0.0	0.0
169	protein1	684.0	15.333333333333336	1.1539403333333331
169	protein2	1240.3333333333333	27.66666666666667	1.1494253333333333
169	protein3	853.0	20.33333333333333	1.6374003333333336
169	r0	15.333333333333336	0.0	0.0
169	rnapol	0.0	0.0	0.0
170	__protein1_rbs	13.666666666666664	0.0	0.0
170	__protein2_rbs	22.33333333333333	0.0	0.0
170	__protein3_rbs	17.0	0.0	0.0
170	__ribosome	18.33333333333333	0.0	0.0
170	__rnase_site_ext	27.33333333333333	0.0	0.0
170	p0	0.6666666666666666	0.0	0.0
170	p1	1.0	0.0	0.0
170	protein1	688.0	15.333333333333336	1.158748
170	protein2	1248.6666666666667	28.33333333333333	1.175819333333333
170	protein3	860.3333333333335	20.0	1.5693780000000002
170	r0	15.333333333333336	0.0	0.0
170	rnapol	0.3333333333333333	0.0	0.0
171	__protein1_rbs	11.333333333333336	0.0	0.0
171	__protein2_rbs	24.33333333333333	0.0	0.0
171	__protein3_rbs	17.0	0.0	0.0
171	__ribosome	16.333333333333332	0.0	0.0
171	__rnase_site_ext	28.0	0.0	0.0
171	p0	1.0	0.0	0.0
171	p1	0.6666666666666666	0.0	0.0
171	protein1	694.6666666666665	15.666666666666664	1.1839986666666666
171	protein2	1255.6666666666667	28.33333333333333	1.2464876666666669
171	protein3	867.0	19.666666666666668	1.5503279999999997
171	r0	15.666666666666664	0.0	0.0
171	rnapol	0.6666666666666666	0.0	0.0
172	__protein1_rbs	13.666666666666664	0.0	0.0
172	__protein2_rbs	23.66666666666667	0.0	0.0
172	__protein3_rbs	15.333333333333336	0.0	0.0
172	__ribosome	19.0	0.0	0.0
172	__rnase_site_ext	27.66666666666667	0.0	0.0
172	p0	1.0	0.0	0.0
172	p1	1.0	0.0	0.0
172	protein1	699.6666666666665	15.333333333333336	1.0714286666666666
172	protein2	1264.0	28.66666666666667	1.2960129999999999
172	protein3	876.0	19.33333333333333	1.452862
172	r0	15.333333333333336	0.0	0.0
172	rnapol	0.3333333333333333	0.0	0.0
173	__protein1_rbs	12.666666666666664	0.0	0.0
173	__protein2_rbs	22.0	0.0	0.0
173	__protein3_rbs	16.333333333333332	0.0	0.0
173	__ribosome	16.666666666666668	0.0	0.0
173	__rnase_site_ext	27.0	0.0	0.0
173	p0	1.0	0.0	0.0
173	p1	1.0	0.0	0.0
173	protein1	704.6666666666665	15.0	1.2019229999999999
173	protein2	1271.6666666666667	28.66666666666667	1.4377656666666667
173	protein3	885.3333333333335	19.666666666666668	1.2406013333333332
173	r0	15.0	0.0	0.0
173	rnapol	0.3333333333333333	0.0	0.0
174	__protein1_rbs	12.333333333333336	0.0	0.0
174	__protein2_rbs	26.0	0.0	0.0
174	__protein3_rbs	16.666666666666668	0.0	0.0
174	__ribosome	19.666666666666668	0.0	0.0
174	__rnase_site_ext	28.0	0.0	0.0
174	p0	1.0	0.0	0.0
174	p1	1.0	0.0	0.0
174	protein1	711.0	15.0	1.125
174	protein2	1282.3333333333333	29.33333333333333	1.2996583333333334
174	protein3	890.0	20.33333333333333	1.249791
174	r0	15.0	0.0	0.0
174	rnapol	0.0	0.0	0.0
175	__protein1_rbs	12.333333333333336	0.0	0.0
175	__protein2_rbs	25.0	0.0	0.0
175	__protein3_rbs	17.0	0.0	0.0
175	__ribosome	17.333333333333332	0.0	0.0
175	__rnase_site_ext	27.33333333333333	0.0	0.0
175	p0	1.0	0.0	0.0
175	p1	1.0	0.0	0.0
175	protein1	715.0	15.0	1.278846
175	protein2	1292.3333333333333	28.66666666666667	1.3295069999999998
175	protein3	896.3333333333335	20.0	1.284461
175	r0	15.0	0.0	0.0
175	rnapol	0.0	0.0	0.0
176	__protein1_rbs	12.333333333333336	0.0	0.0
176	__protein2_rbs	22.0	0.0	0.0
176	__protein3_rbs	17.333333333333332	0.0	0.0
176	__ribosome	16.666666666666668	0.0	0.0
176	__rnase_site_ext	27.33333333333333	0.0	0.0
176	p0	1.0	0.0	0.0
176	p1	1.0	0.0	0.0
176	protein1	722.3333333333335	15.0	1.1025639999999999
176	protein2	1301.0	28.66666666666667	1.4006653333333332
176	protein3	901.0	20.0	1.3513783333333336
176	r0	15.0	0.0	0.0
176	rnapol	1.0	0.0	0.0
177	__protein1_rbs	11.666666666666664	0.0	0.0
177	__protein2_rbs	23.0	0.0	0.0
177	__protein3_rbs	16.0	0.0	0.0
177	__ribosome	19.33333333333333	0.0	0.0
177	__rnase_site_ext	27.0	0.0	0.0
177	p0	1.0	0.0	0.0
177	p1	1.0	0.0	0.0
177	protein1	727.0	14.666666666666664	1.1989316666666667
177	protein2	1312.6666666666667	28.33333333333333	1.2958553333333334
177	protein3	909.0	20.33333333333333	1.313492
177	r0	14.666666666666664	0.0	0.0
177	rnapol	1.6666666666666667	0.0	0.0
178	__protein1_rbs	13.333333333333336	0.0	0.0
178	__protein2_rbs	24.0	0.0	0.0
178	__protein3_rbs	16.666666666666668	0.0	0.0
178	__ribosome	17.333333333333332	0.0	0.0
178	__rnase_site_ext	28.0	0.0	0.0
178	p0	0.6666666666666666	0.0	0.0
178	p1	1.0	0.0	0.0
178	protein1	733.3333333333335	15.333333333333336	1.041007
178	protein2	1321.6666666666667	28.33333333333333	1.3292766666666669
178	protein3	913.0	21.0	1.4126983333333334
178	r0	15.333333333333336	0.0	0.0
178	rnapol	0.3333333333333333	0.0	0.0
179	__protein1_rbs	13.333333333333336	0.0	0.0
179	__protein2_rbs	21.33333333333333	0.0	0.0
179	__protein3_rbs	19.33333333333333	0.0	0.0
179	__ribosome	19.0	0.0	0.0
179	__rnase_site_ext	28.33333333333333	0.0	0.0
179	p0	1.0	0.0	0.0
179	p1	1.0	0.0	0.0
179	protein1	737.6666666666665	15.666666666666664	1.031674
179	protein2	1332.3333333333333	28.0	1.3341083333333332
179	protein3	920.3333333333335	21.66666666666667	1.2784993333333332
179	r0	15.666666666666664	0.0	0.0
179	rnapol	0.6666666666666666	0.0	0.0
180	__protein1_rbs	13.333333333333336	0.0	0.0
180	__protein2_rbs	21.33333333333333	0.0	0.0
180	__protein3_rbs	19.33333333333333	0.0	0.0
180	__ribosome	17.333333333333332	0.0	0.0
180	__rnase_site_ext	27.33333333333333	0.0	0.0
180	p0	1.0	0.0	0.0
180	p1	1.0	0.0	0.0
180	protein1	742.6666666666665	15.333333333333336	0.9375
180	protein2	1340.6666666666667	27.0	1.493861
180	protein3	926.3333333333335	21.66666666666667	1.2922076666666664
180	r0	15.333333333333336	0.0	0.0
180	rnapol	1.0	0.0	0.0
181	__protein1_rbs	12.666666666666664	0.0	0.0
181	__protein2_rbs	23.33333333333333	0.0	0.0
181	__protein3_rbs	17.333333333333332	0.0	0.0
181	__ribosome	15.333333333333336	0.0	0.0
181	__rnase_site_ext	27.66666666666667	0.0	0.0
181	p0	1.0	0.0	0.0
181	p1	0.3333333333333333	0.0	0.0
181	protein1	747.3333333333335	15.333333333333336	0.955357
181	protein2	1350.0	27.0	1.4440033333333335
181	protein3	932.6666666666665	21.33333333333333	1.452381
181	r0	15.333333333333336	0.0	0.0
181	rnapol	1.0	0.0	0.0
182	__protein1_rbs	13.666666666666664	0.0	0.0
182	__protein2_rbs	25.0	0.0	0.0
182	__protein3_rbs	16.333333333333332	0.0	0.0
182	__ribosome	17.333333333333332	0.0	0.0
182	__rnase_site_ext	28.0	0.0	0.0
182	p0	1.0	0.0	0.0
182	p1	1.0	0.0	0.0
182	protein1	752.6666666666665	15.666666666666664	0.8277776666666666
182	protein2	1358.0	28.0	1.3850576666666663
182	protein3	940.3333333333335	21.33333333333333	1.453824
182	r0	16.0	0.0	0.0
182	rnapol	1.0	0.0	0.0
183	__protein1_rbs	13.666666666666664	0.0	0.0
183	__protein2_rbs	22.33333333333333	0.0	0.0
183	__protein3_rbs	18.0	0.0	0.0
183	__ribosome	17.666666666666668	0.0	0.0
183	__rnase_site_ext	28.66666666666667	0.0	0.0
183	p0	1.0	0.0	0.0
183	p1	0.6666666666666666	0.0	0.0
183	protein1	756.0	17.0	0.8811273333333333
183	protein2	1370.3333333333333	28.0	1.3183023333333332
183	protein3	946.3333333333335	20.666666666666668	1.4714283333333331
183	r0	17.333333333333332	0.0	0.0
183	rnapol	0.3333333333333333	0.0	0.0
184	__protein1_rbs	13.0	0.0	0.0
184	__protein2_rbs	25.0	0.0	0.0
184	__protein3_rbs	17.0	0.0	0.0
184	__ribosome	17.666666666666668	0.0	0.0
184	__rnase_site_ext	29.33333333333333	0.0	0.0
184	p0	1.0	0.0	0.0
184	p1	1.0	0.0	0.0
184	protein1	761.0	17.333333333333332	1.0021790000000002
184	protein2	1379.666666666667	28.0	1.2375476666666667
184	protein3	952.6666666666665	20.666666666666668	1.4690473333333334
184	r0	17.333333333333332	0.0	0.0
184	rnapol	0.3333333333333333	0.0	0.0
185	__protein1_rbs	14.666666666666664	0.0	0.0
185	__protein2_rbs	24.66666666666667	0.0	0.0
185	__protein3_rbs	17.0	0.0	0.0
185	__ribosome	19.33333333333333	0.0	0.0
185	__rnase_site_ext	29.0	0.0	0.0
185	p0	1.0	0.0	0.0
185	p1	0.6666666666666666	0.0	0.0
185	protein1	765.3333333333335	17.0	1.0588236666666668
185	protein2	1389.666666666667	28.0	1.1898376666666668
185	protein3	961.3333333333335	20.666666666666668	1.4214283333333333
185	r0	17.0	0.0	0.0
185	rnapol	0.6666666666666666	0.0	0.0
186	__protein1_rbs	13.333333333333336	0.0	0.0
186	__protein2_rbs	23.0	0.0	0.0
186	__protein3_rbs	16.333333333333332	0.0	0.0
186	__ribosome	16.666666666666668	0.0	0.0
186	__rnase_site_ext	28.33333333333333	0.0	0.0
186	p0	0.6666666666666666	0.0	0.0
186	p1	1.0	0.0	0.0
186	protein1	771.0	16.666666666666668	1.0980393333333334
186	protein2	1397.0	29.0	1.2413796666666668
186	protein3	969.0	20.0	1.45
186	r0	16.666666666666668	0.0	0.0
186	rnapol	1.3333333333333333	0.0	0.0
187	__protein1_rbs	12.666666666666664	0.0	0.0
187	__protein2_rbs	23.33333333333333	0.0	0.0
187	__protein3_rbs	17.333333333333332	0.0	0.0
187	__ribosome	16.666666666666668	0.0	0.0
187	__rnase_site_ext	28.33333333333333	0.0	0.0
187	p0	0.6666666666666666	0.0	0.0
187	p1	0.6666666666666666	0.0	0.0
187	protein1	777.3333333333335	17.0	1.1176473333333334
187	protein2	1406.0	29.0	1.3070609999999998
187	protein3	976.0	19.666666666666668	1.3421053333333333
187	r0	17.0	0.0	0.0
187	rnapol	0.3333333333333333	0.0	0.0
188	__protein1_rbs	15.333333333333336	0.0	0.0
188	__protein2_rbs	24.66666666666667	0.0	0.0
188	__protein3_rbs	16.0	0.0	0.0
188	__ribosome	19.0	0.0	0.0
188	__rnase_site_ext	29.33333333333333	0.0	0.0
188	p0	1.0	0.0	0.0
188	p1	1.0	0.0	0.0
188	protein1	782.3333333333335	17.0	1.036901
188	protein2	1417.333333333333	29.33333333333333	1.2375476666666667
188	protein3	982.3333333333335	20.0	1.35
188	r0	17.333333333333332	0.0	0.0
188	rnapol	0.0	0.0	0.0
189	__protein1_rbs	14.666666666666664	0.0	0.0
189	__protein2_rbs	25.33333333333333	0.0	0.0
189	__protein3_rbs	15.666666666666664	0.0	0.0
189	__ribosome	18.0	0.0	0.0
189	__rnase_site_ext	29.33333333333333	0.0	0.0
189	p0	1.0	0.0	0.0
189	p1	1.0	0.0	0.0
189	protein1	788.0	17.333333333333332	1.0392156666666663
189	protein2	1424.0	29.33333333333333	1.2613029999999998
189	protein3	989.3333333333335	19.666666666666668	1.372807
189	r0	17.333333333333332	0.0	0.0
189	rnapol	0.0	0.0	0.0
190	__protein1_rbs	13.333333333333336	0.0	0.0
190	__protein2_rbs	25.66666666666667	0.0	0.0
190	__protein3_rbs	17.0	0.0	0.0
190	__ribosome	18.0	0.0	0.0
190	__rnase_site_ext	28.66666666666667	0.0	0.0
190	p0	1.0	0.0	0.0
190	p1	1.0	0.0	0.0
190	protein1	795.6666666666665	17.0	1.010965
190	protein2	1433.0	29.66666666666667	1.213027
190	protein3	996.0	20.33333333333333	1.4103173333333334
190	r0	16.666666666666668	0.0	0.0
190	rnapol	0.3333333333333333	0.0	0.0
191	__protein1_rbs	14.0	0.0	0.0
191	__protein2_rbs	24.66666666666667	0.0	0.0
191	__protein3_rbs	18.666666666666668	0.0	0.0
191	__ribosome	17.666666666666668	0.0	0.0
191	__rnase_site_ext	28.0	0.0	0.0
191	p0	0.6666666666666666	0.0	0.0
191	p1	0.6666666666666666	0.0	0.0
191	protein1	800.0	16.666666666666668	1.0054093333333334
191	protein2	1445.0	29.66666666666667	1.1827586666666667
191	protein3	1002.0	21.0	1.4436506666666666
191	r0	16.666666666666668	0.0	0.0
191	rnapol	0.6666666666666666	0.0	0.0
192	__protein1_rbs	15.666666666666664	0.0	0.0
192	__protein2_rbs	26.0	0.0	0.0
192	__protein3_rbs	18.33333333333333	0.0	0.0
192	__ribosome	15.0	0.0	0.0
192	__rnase_site_ext	28.66666666666667	0.0	0.0
192	p0	1.0	0.0	0.0
192	p1	1.0	0.0	0.0
192	protein1	805.0	16.666666666666668	0.9839286666666666
192	protein2	1453.333333333333	30.0	1.2476329999999998
192	protein3	1007.0	21.33333333333333	1.459538
192	r0	16.666666666666668	0.0	0.0
192	rnapol	0.6666666666666666	0.0	0.0
193	__protein1_rbs	14.0	0.0	0.0
193	__protein2_rbs	25.33333333333333	0.0	0.0
193	__protein3_rbs	18.0	0.0	0.0
193	__ribosome	16.666666666666668	0.0	0.0
193	__rnase_site_ext	28.33333333333333	0.0	0.0
193	p0	1.0	0.0	0.0
193	p1	1.0	0.0	0.0
193	protein1	812.3333333333335	16.0	0.8998013333333333
193	protein2	1462.666666666667	30.0	1.251536
193	protein3	1015.0	21.33333333333333	1.4887663333333334
193	r0	16.333333333333332	0.0	0.0
193	rnapol	0.6666666666666666	0.0	0.0
194	__protein1_rbs	13.666666666666664	0.0	0.0
194	__protein2_rbs	26.66666666666667	0.0	0.0
194	__protein3_rbs	19.0	0.0	0.0
194	__ribosome	15.333333333333336	0.0	0.0
194	__rnase_site_ext	28.33333333333333	0.0	0.0
194	p0	1.0	0.0	0.0
194	p1	0.6666666666666666	0.0	0.0
194	protein1	816.6666666666665	15.666666666666664	1.0131299999999999
194	protein2	1469.0	30.0	1.313748
194	protein3	1022.6666666666665	21.66666666666667	1.3722353333333337
194	r0	15.666666666666664	0.0	0.0
194	rnapol	1.0	0.0	0.0
195	__protein1_rbs	13.333333333333336	0.0	0.0
195	__protein2_rbs	25.0	0.0	0.0
195	__protein3_rbs	15.333333333333336	0.0	0.0
195	__ribosome	17.0	0.0	0.0
195	__rnase_site_ext	28.0	0.0	0.0
195	p0	0.6666666666666666	0.0	0.0
195	p1	0.6666666666666666	0.0	0.0
195	protein1	820.6666666666665	16.0	1.1084969999999998
195	protein2	1481.666666666667	30.33333333333333	1.1981086666666667
195	protein3	1031.6666666666667	20.666666666666668	1.4136186666666666
195	r0	16.0	0.0	0.0
195	rnapol	0.3333333333333333	0.0	0.0
196	__protein1_rbs	14.0	0.0	0.0
196	__protein2_rbs	24.33333333333333	0.0	0.0
196	__protein3_rbs	17.666666666666668	0.0	0.0
196	__ribosome	19.33333333333333	0.0	0.0
196	__rnase_site_ext	29.0	0.0	0.0
196	p0	0.6666666666666666	0.0	0.0
196	p1	0.6666666666666666	0.0	0.0
196	protein1	826.6666666666665	16.333333333333332	1.0291666666666668
196	protein2	1491.666666666667	30.33333333333333	1.1338733333333335
196	protein3	1037.6666666666667	21.0	1.4303873333333332
196	r0	16.0	0.0	0.0
196	rnapol	0.0	0.0	0.0
197	__protein1_rbs	14.333333333333336	0.0	0.0
197	__protein2_rbs	23.0	0.0	0.0
197	__protein3_rbs	17.0	0.0	0.0
197	__ribosome	15.666666666666664	0.0	0.0
197	__rnase_site_ext	29.33333333333333	0.0	0.0
197	p0	0.6666666666666666	0.0	0.0
197	p1	1.0	0.0	0.0
197	protein1	831.3333333333335	16.333333333333332	1.125
197	protein2	1500.666666666667	30.33333333333333	1.2295523333333334
197	protein3	1045.0	21.0	1.3683120000000002
197	r0	16.333333333333332	0.0	0.0
197	rnapol	0.0	0.0	0.0
198	__protein1_rbs	14.666666666666664	0.0	0.0
198	__protein2_rbs	25.0	0.0	0.0
198	__protein3_rbs	19.0	0.0	0.0
198	__ribosome	13.666666666666664	0.0	0.0
198	__rnase_site_ext	29.33333333333333	0.0	0.0
198	p0	1.0	0.0	0.0
198	p1	0.6666666666666666	0.0	0.0
198	protein1	837.6666666666665	16.666666666666668	1.0208333333333333
198	protein2	1508.333333333333	30.33333333333333	1.3381846666666668
198	protein3	1050.3333333333333	21.33333333333333	1.334386
198	r0	16.666666666666668	0.0	0.0
198	rnapol	0.0	0.0	0.0
199	__protein1_rbs	13.666666666666664	0.0	0.0
199	__protein2_rbs	24.66666666666667	0.0	0.0
199	__protein3_rbs	16.0	0.0	0.0
199	__ribosome	14.333333333333336	0.0	0.0
199	__rnase_site_ext	29.0	0.0	0.0
199	p0	1.0	0.0	0.0
199	p1	1.0	0.0	0.0
199	protein1	843.3333333333335	16.333333333333332	0.980392
199	protein2	1518.666666666667	30.33333333333333	1.371746
199	protein3	1058.3333333333333	22.0	1.2653846666666666
199	r0	16.333333333333332	0.0	0.0
199	rnapol	0.3333333333333333	0.0	0.0
200	__protein1_rbs	15.0	0.0	0.0
200	__protein2_rbs	26.33333333333333	0.0	0.0
200	__protein3_rbs	17.0	0.0	0.0
200	__ribosome	18.666666666666668	0.0	0.0
200	__rnase_site_ext	28.66666666666667	0.0	0.0
200	p0	1.0	0.0	0.0
200	p1	0.6666666666666666	0.0	0.0
200	protein1	848.6666666666665	16.333333333333332	0.8522873333333334
200	protein2	1527.333333333333	30.0	1.3495246666666667
200	protein3	1066.6666666666667	22.0	1.221795
200	r0	16.333333333333332	0.0	0.0
200	rnapol	0.6666666666666666	0.0	0.0
201	__protein1_rbs	11.666666666666664	0.0	0.0
201	__protein2_rbs	26.66666666666667	0.0	0.0
201	__protein3_rbs	18.0	0.0	0.0
201	__ribosome	18.0	0.0	0.0
201	__rnase_site_ext	28.33333333333333	0.0	0.0
201	p0	1.0	0.0	0.0
201	p1	1.0	0.0	0.0
201	protein1	854.0	16.0	1.0338236666666667
201	protein2	1537.666666666667	30.0	1.2541816666666663
201	protein3	1073.3333333333333	22.33333333333333	1.2357753333333334
201	r0	16.0	0.0	0.0
201	rnapol	0.3333333333333333	0.0	0.0
202	__protein1_rbs	13.0	0.0	0.0
202	__protein2_rbs	24.33333333333333	0.0	0.0
202	__protein3_rbs	19.0	0.0	0.0
202	__ribosome	17.333333333333332	0.0	0.0
202	__rnase_site_ext	29.0	0.0	0.0
202	p0	1.0	0.0	0.0
202	p1	1.0	0.0	0.0
202	protein1	858.6666666666665	16.0	1.0819443333333334
202	protein2	1550.0	30.0	1.2184059999999999
202	protein3	1078.3333333333333	22.33333333333333	1.302442
202	r0	16.0	0.0	0.0
202	rnapol	1.3333333333333333	0.0	0.0
203	__protein1_rbs	16.0	0.0	0.0
203	__protein2_rbs	25.0	0.0	0.0
203	__protein3_rbs	19.33333333333333	0.0	0.0
203	__ribosome	19.0	0.0	0.0
203	__rnase_site_ext	29.33333333333333	0.0	0.0
203	p0	1.0	0.0	0.0
203	p1	1.0	0.0	0.0
203	protein1	862.0	16.0	1.0808823333333333
203	protein2	1561.0	30.0	1.1781143333333337
203	protein3	1084.3333333333333	22.33333333333333	1.2772726666666667
203	r0	16.0	0.0	0.0
203	rnapol	1.3333333333333333	0.0	0.0
204	__protein1_rbs	14.0	0.0	0.0
204	__protein2_rbs	23.0	0.0	0.0
204	__protein3_rbs	20.33333333333333	0.0	0.0
204	__ribosome	18.33333333333333	0.0	0.0
204	__rnase_site_ext	29.66666666666667	0.0	0.0
204	p0	1.0	0.0	0.0
204	p1	0.6666666666666666	0.0	0.0
204	protein1	870.0	16.666666666666668	0.9191176666666666
204	protein2	1567.666666666667	29.66666666666667	1.3158176666666668
204	protein3	1092.0	22.66666666666667	1.2234266666666669
204	r0	16.666666666666668	0.0	0.0
204	rnapol	1.0	0.0	0.0
205	__protein1_rbs	14.333333333333336	0.0	0.0
205	__protein2_rbs	25.0	0.0	0.0
205	__protein3_rbs	18.33333333333333	0.0	0.0
205	__ribosome	18.0	0.0	0.0
205	__rnase_site_ext	30.66666666666667	0.0	0.0
205	p0	1.0	0.0	0.0
205	p1	0.6666666666666666	0.0	0.0
205	protein1	875.3333333333335	16.666666666666668	0.7843136666666667
205	protein2	1575.666666666667	30.33333333333333	1.3287596666666668
205	protein3	1099.6666666666667	22.66666666666667	1.31703
205	r0	16.666666666666668	0.0	0.0
205	rnapol	0.6666666666666666	0.0	0.0
206	__protein1_rbs	13.333333333333336	0.0	0.0
206	__protein2_rbs	25.0	0.0	0.0
206	__protein3_rbs	21.33333333333333	0.0	0.0
206	__ribosome	18.33333333333333	0.0	0.0
206	__rnase_site_ext	31.33333333333333	0.0	0.0
206	p0	1.0	0.0	0.0
206	p1	0.6666666666666666	0.0	0.0
206	protein1	879.3333333333335	16.333333333333332	0.9779413333333332
206	protein2	1586.0	30.66666666666667	1.3146953333333329
206	protein3	1107.0	22.0	1.1909903333333334
206	r0	16.333333333333332	0.0	0.0
206	rnapol	0.6666666666666666	0.0	0.0
207	__protein1_rbs	13.333333333333336	0.0	0.0
207	__protein2_rbs	27.0	0.0	0.0
207	__protein3_rbs	18.666666666666668	0.0	0.0
207	__ribosome	17.333333333333332	0.0	0.0
207	__rnase_site_ext	31.66666666666667	0.0	0.0
207	p0	0.3333333333333333	0.0	0.0
207	p1	1.0	0.0	0.0
207	protein1	884.6666666666665	16.333333333333332	0.9791666666666666
207	protein2	1596.333333333333	31.66666666666667	1.2984216666666666
207	protein3	1113.0	21.33333333333333	1.2448716666666666
207	r0	16.333333333333332	0.0	0.0
207	rnapol	0.0	0.0	0.0
208	__protein1_rbs	14.333333333333336	0.0	0.0
208	__protein2_rbs	27.66666666666667	0.0	0.0
208	__protein3_rbs	19.0	0.0	0.0
208	__ribosome	13.666666666666664	0.0	0.0
208	__rnase_site_ext	32.0	0.0	0.0
208	p0	1.0	0.0	0.0
208	p1	1.0	0.0	0.0
208	protein1	888.6666666666665	16.666666666666668	1.0601306666666668
208	protein2	1605.333333333333	32.333333333333336	1.3101986666666667
208	protein3	1118.6666666666667	21.33333333333333	1.2678813333333334
208	r0	16.666666666666668	0.0	0.0
208	rnapol	0.0	0.0	0.0
209	__protein1_rbs	14.0	0.0	0.0
209	__protein2_rbs	27.33333333333333	0.0	0.0
209	__protein3_rbs	17.0	0.0	0.0
209	__ribosome	16.0	0.0	0.0
209	__rnase_site_ext	31.66666666666667	0.0	0.0
209	p0	1.0	0.0	0.0
209	p1	1.0	0.0	0.0
209	protein1	895.6666666666665	16.333333333333332	0.967009
209	protein2	1615.333333333333	32.0	1.3332620000000002
209	protein3	1126.3333333333333	21.33333333333333	1.219943
209	r0	16.333333333333332	0.0	0.0
209	rnapol	0.3333333333333333	0.0	0.0
210	__protein1_rbs	13.333333333333336	0.0	0.0
210	__protein2_rbs	26.66666666666667	0.0	0.0
210	__protein3_rbs	18.33333333333333	0.0	0.0
210	__ribosome	18.666666666666668	0.0	0.0
210	__rnase_site_ext	31.0	0.0	0.0
210	p0	1.0	0.0	0.0
210	p1	0.6666666666666666	0.0	0.0
210	protein1	900.6666666666665	15.666666666666664	0.959259
210	protein2	1628.666666666667	32.0	1.2801296666666666
210	protein3	1132.3333333333333	21.33333333333333	1.209117
210	r0	15.666666666666664	0.0	0.0
210	rnapol	0.3333333333333333	0.0	0.0
211	__protein1_rbs	12.0	0.0	0.0
211	__protein2_rbs	29.33333333333333	0.0	0.0
211	__protein3_rbs	18.33333333333333	0.0	0.0
211	__ribosome	17.666666666666668	0.0	0.0
211	__rnase_site_ext	30.0	0.0	0.0
211	p0	1.0	0.0	0.0
211	p1	1.0	0.0	0.0
211	protein1	905.6666666666665	15.666666666666664	1.0925923333333334
211	protein2	1638.0	32.333333333333336	1.2125373333333334
211	protein3	1137.6666666666667	22.33333333333333	1.1934463333333334
211	r0	15.666666666666664	0.0	0.0
211	rnapol	1.0	0.0	0.0
212	__protein1_rbs	13.0	0.0	0.0
212	__protein2_rbs	28.33333333333333	0.0	0.0
212	__protein3_rbs	17.666666666666668	0.0	0.0
212	__ribosome	14.333333333333336	0.0	0.0
212	__rnase_site_ext	30.66666666666667	0.0	0.0
212	p0	0.6666666666666666	0.0	0.0
212	p1	1.0	0.0	0.0
212	protein1	910.3333333333335	16.0	1.12523
212	protein2	1648.333333333333	31.66666666666667	1.2470716666666668
212	protein3	1144.3333333333333	22.33333333333333	1.304372
212	r0	16.0	0.0	0.0
212	rnapol	0.6666666666666666	0.0	0.0
213	__protein1_rbs	14.0	0.0	0.0
213	__protein2_rbs	25.33333333333333	0.0	0.0
213	__protein3_rbs	19.33333333333333	0.0	0.0
213	__ribosome	18.0	0.0	0.0
213	__rnase_site_ext	30.66666666666667	0.0	0.0
213	p0	1.0	0.0	0.0
213	p1	1.0	0.0	0.0
213	protein1	916.0	16.0	0.9962963333333332
213	protein2	1659.0	32.0	1.2338383333333334
213	protein3	1150.3333333333333	22.0	1.2389626666666669
213	r0	16.0	0.0	0.0
213	rnapol	1.3333333333333333	0.0	0.0
214	__protein1_rbs	12.666666666666664	0.0	0.0
214	__protein2_rbs	25.0	0.0	0.0
214	__protein3_rbs	16.666666666666668	0.0	0.0
214	__ribosome	14.0	0.0	0.0
214	__rnase_site_ext	30.33333333333333	0.0	0.0
214	p0	0.0	0.0	0.0
214	p1	1.0	0.0	0.0
214	protein1	921.6666666666665	16.0	0.937037
214	protein2	1669.333333333333	31.0	1.3118416666666668
214	protein3	1155.6666666666667	22.0	1.4080393333333332
214	r0	16.0	0.0	0.0
214	rnapol	1.0	0.0	0.0
215	__protein1_rbs	13.666666666666664	0.0	0.0
215	__protein2_rbs	28.0	0.0	0.0
215	__protein3_rbs	20.0	0.0	0.0
215	__ribosome	18.0	0.0	0.0
215	__rnase_site_ext	31.66666666666667	0.0	0.0
215	p0	1.0	0.0	0.0
215	p1	0.6666666666666666	0.0	0.0
215	protein1	927.6666666666665	17.0	0.8637083333333333
215	protein2	1678.333333333333	31.33333333333333	1.248729
215	protein3	1162.6666666666667	22.66666666666667	1.2622573333333331
215	r0	17.0	0.0	0.0
215	rnapol	0.6666666666666666	0.0	0.0
216	__protein1_rbs	13.0	0.0	0.0
216	__protein2_rbs	27.0	0.0	0.0
216	__protein3_rbs	19.0	0.0	0.0
216	__ribosome	17.0	0.0	0.0
216	__rnase_site_ext	31.33333333333333	0.0	0.0
216	p0	1.0	0.0	0.0
216	p1	1.0	0.0	0.0
216	protein1	931.6666666666665	17.0	1.053595
216	protein2	1687.0	31.66666666666667	1.2269426666666667
216	protein3	1171.6666666666667	22.33333333333333	1.211083
216	r0	17.0	0.0	0.0
216	rnapol	0.6666666666666666	0.0	0.0
217	__protein1_rbs	13.333333333333336	0.0	0.0
217	__protein2_rbs	26.66666666666667	0.0	0.0
217	__protein3_rbs	20.0	0.0	0.0
217	__ribosome	17.0	0.0	0.0
217	__rnase_site_ext	31.66666666666667	0.0	0.0
217	p0	1.0	0.0	0.0
217	p1	1.0	0.0	0.0
217	protein1	935.6666666666665	17.0	1.098933333333333
217	protein2	1698.333333333333	31.0	1.146219
217	protein3	1175.6666666666667	22.66666666666667	1.277569
217	r0	17.0	0.0	0.0
217	rnapol	0.3333333333333333	0.0	0.0
218	__protein1_rbs	15.333333333333336	0.0	0.0
218	__protein2_rbs	25.33333333333333	0.0	0.0
218	__protein3_rbs	18.666666666666668	0.0	0.0
218	__ribosome	20.0	0.0	0.0
218	__rnase_site_ext	32.333333333333336	0.0	0.0
218	p0	0.6666666666666666	0.0	0.0
218	p1	0.6666666666666666	0.0	0.0
218	protein1	942.0	17.333333333333332	0.968421
218	protein2	1709.666666666667	31.66666666666667	1.1303583333333334
218	protein3	1184.0	22.33333333333333	1.220802
218	r0	17.333333333333332	0.0	0.0
218	rnapol	0.0	0.0	0.0
219	__protein1_rbs	14.666666666666664	0.0	0.0
219	__protein2_rbs	28.33333333333333	0.0	0.0
219	__protein3_rbs	18.33333333333333	0.0	0.0
219	__ribosome	16.0	0.0	0.0
219	__rnase_site_ext	33.333333333333336	0.0	0.0
219	p0	1.0	0.0	0.0
219	p1	1.0	0.0	0.0
219	protein1	947.6666666666665	17.666666666666668	0.9499999999999998
219	protein2	1717.333333333333	33.0	1.1261086666666664
219	protein3	1190.0	22.33333333333333	1.3210526666666669
219	r0	18.0	0.0	0.0
219	rnapol	0.3333333333333333	0.0	0.0
220	__protein1_rbs	15.0	0.0	0.0
220	__protein2_rbs	27.0	0.0	0.0
220	__protein3_rbs	19.33333333333333	0.0	0.0
220	__ribosome	18.0	0.0	0.0
220	__rnase_site_ext	33.0	0.0	0.0
220	p0	1.0	0.0	0.0
220	p1	1.0	0.0	0.0
220	protein1	953.3333333333335	17.666666666666668	0.913352
220	protein2	1726.0	32.666666666666664	1.169265
220	protein3	1196.3333333333333	22.0	1.2362153333333332
220	r0	17.666666666666668	0.0	0.0
220	rnapol	0.6666666666666666	0.0	0.0
221	__protein1_rbs	14.666666666666664	0.0	0.0
221	__protein2_rbs	27.33333333333333	0.0	0.0
221	__protein3_rbs	17.666666666666668	0.0	0.0
221	__ribosome	16.0	0.0	0.0
221	__rnase_site_ext	32.666666666666664	0.0	0.0
221	p0	1.0	0.0	0.0
221	p1	1.0	0.0	0.0
221	protein1	958.3333333333335	17.666666666666668	0.9424603333333332
221	protein2	1734.666666666667	32.666666666666664	1.209611
221	protein3	1204.0	21.66666666666667	1.3307790000000002
221	r0	17.666666666666668	0.0	0.0
221	rnapol	0.3333333333333333	0.0	0.0
222	__protein1_rbs	15.666666666666664	0.0	0.0
222	__protein2_rbs	27.33333333333333	0.0	0.0
222	__protein3_rbs	17.333333333333332	0.0	0.0
222	__ribosome	16.0	0.0	0.0
222	__rnase_site_ext	32.666666666666664	0.0	0.0
222	p0	1.0	0.0	0.0
222	p1	1.0	0.0	0.0
222	protein1	964.0	17.666666666666668	0.8224206666666666
222	protein2	1744.333333333333	32.666666666666664	1.1933619999999998
222	protein3	1210.0	22.0	1.4481483333333331
222	r0	17.666666666666668	0.0	0.0
222	rnapol	0.3333333333333333	0.0	0.0
223	__protein1_rbs	14.666666666666664	0.0	0.0
223	__protein2_rbs	29.33333333333333	0.0	0.0
223	__protein3_rbs	19.33333333333333	0.0	0.0
223	__ribosome	16.333333333333332	0.0	0.0
223	__rnase_site_ext	32.666666666666664	0.0	0.0
223	p0	0.6666666666666666	0.0	0.0
223	p1	1.0	0.0	0.0
223	protein1	968.3333333333335	17.666666666666668	0.9315476666666666
223	protein2	1754.333333333333	33.0	1.1801346666666668
223	protein3	1218.3333333333333	23.0	1.2718636666666667
223	r0	17.666666666666668	0.0	0.0
223	rnapol	0.3333333333333333	0.0	0.0
224	__protein1_rbs	15.333333333333336	0.0	0.0
224	__protein2_rbs	28.33333333333333	0.0	0.0
224	__protein3_rbs	20.0	0.0	0.0
224	__ribosome	16.0	0.0	0.0
224	__rnase_site_ext	33.333333333333336	0.0	0.0
224	p0	1.0	0.0	0.0
224	p1	1.0	0.0	0.0
224	protein1	974.0	18.0	0.8469303333333333
224	protein2	1762.0	33.0	1.2277776666666669
224	protein3	1223.6666666666667	22.66666666666667	1.285575
224	r0	18.33333333333333	0.0	0.0
224	rnapol	0.3333333333333333	0.0	0.0
225	__protein1_rbs	16.0	0.0	0.0
225	__protein2_rbs	29.0	0.0	0.0
225	__protein3_rbs	17.333333333333332	0.0	0.0
225	__ribosome	13.0	0.0	0.0
225	__rnase_site_ext	33.0	0.0	0.0
225	p0	0.3333333333333333	0.0	0.0
225	p1	1.0	0.0	0.0
225	protein1	978.0	18.33333333333333	0.964519
225	protein2	1774.0	33.0	1.216713
225	protein3	1230.3333333333333	23.0	1.3277776666666667
225	r0	18.33333333333333	0.0	0.0
225	rnapol	0.3333333333333333	0.0	0.0
226	__protein1_rbs	13.666666666666664	0.0	0.0
226	__protein2_rbs	29.66666666666667	0.0	0.0
226	__protein3_rbs	20.33333333333333	0.0	0.0
226	__ribosome	16.0	0.0	0.0
226	__rnase_site_ext	32.333333333333336	0.0	0.0
226	p0	1.0	0.0	0.0
226	p1	1.0	0.0	0.0
226	protein1	984.3333333333335	18.666666666666668	1.0116713333333334
226	protein2	1783.333333333333	32.666666666666664	1.200985
226	protein3	1238.6666666666667	23.33333333333333	1.1331353333333334
226	r0	18.666666666666668	0.0	0.0
226	rnapol	1.0	0.0	0.0
227	__protein1_rbs	15.333333333333336	0.0	0.0
227	__protein2_rbs	28.66666666666667	0.0	0.0
227	__protein3_rbs	20.33333333333333	0.0	0.0
227	__ribosome	18.0	0.0	0.0
227	__rnase_site_ext	32.333333333333336	0.0	0.0
227	p0	1.0	0.0	0.0
227	p1	0.6666666666666666	0.0	0.0
227	protein1	988.6666666666665	18.33333333333333	1.067227
227	protein2	1795.666666666667	32.666666666666664	1.087781
227	protein3	1245.3333333333333	23.66666666666667	1.1537633333333333
227	r0	18.33333333333333	0.0	0.0
227	rnapol	0.6666666666666666	0.0	0.0
228	__protein1_rbs	15.666666666666664	0.0	0.0
228	__protein2_rbs	29.66666666666667	0.0	0.0
228	__protein3_rbs	20.0	0.0	0.0
228	__ribosome	14.0	0.0	0.0
228	__rnase_site_ext	32.666666666666664	0.0	0.0
228	p0	0.6666666666666666	0.0	0.0
228	p1	1.0	0.0	0.0
228	protein1	995.6666666666665	18.33333333333333	0.9691876666666668
228	protein2	1805.0	33.0	1.1819376666666666
228	protein3	1250.6666666666667	23.66666666666667	1.2526883333333334
228	r0	18.33333333333333	0.0	0.0
228	rnapol	0.6666666666666666	0.0	0.0
229	__protein1_rbs	16.0	0.0	0.0
229	__protein2_rbs	29.33333333333333	0.0	0.0
229	__protein3_rbs	19.0	0.0	0.0
229	__ribosome	15.333333333333336	0.0	0.0
229	__rnase_site_ext	33.0	0.0	0.0
229	p0	0.6666666666666666	0.0	0.0
229	p1	1.0	0.0	0.0
229	protein1	1002.6666666666665	18.666666666666668	0.9041393333333332
229	protein2	1815.0	33.0	1.166502666666667
229	protein3	1257.3333333333333	24.0	1.2395833333333333
229	r0	18.666666666666668	0.0	0.0
229	rnapol	0.0	0.0	0.0
230	__protein1_rbs	18.0	0.0	0.0
230	__protein2_rbs	26.33333333333333	0.0	0.0
230	__protein3_rbs	19.33333333333333	0.0	0.0
230	__ribosome	12.333333333333336	0.0	0.0
230	__rnase_site_ext	33.0	0.0	0.0
230	p0	1.0	0.0	0.0
230	p1	1.0	0.0	0.0
230	protein1	1007.3333333333335	19.0	0.8513933333333332
230	protein2	1822.666666666667	33.333333333333336	1.275798
230	protein3	1264.3333333333333	23.66666666666667	1.2526883333333332
230	r0	19.0	0.0	0.0
230	rnapol	0.6666666666666666	0.0	0.0
231	__protein1_rbs	17.0	0.0	0.0
231	__protein2_rbs	27.0	0.0	0.0
231	__protein3_rbs	21.33333333333333	0.0	0.0
231	__ribosome	16.333333333333332	0.0	0.0
231	__rnase_site_ext	32.666666666666664	0.0	0.0
231	p0	1.0	0.0	0.0
231	p1	0.6666666666666666	0.0	0.0
231	protein1	1013.6666666666665	18.666666666666668	0.7321126666666666
231	protein2	1833.0	33.0	1.289572333333333
231	protein3	1271.3333333333333	24.0	1.1782896666666671
231	r0	18.666666666666668	0.0	0.0
231	rnapol	0.3333333333333333	0.0	0.0
232	__protein1_rbs	15.0	0.0	0.0
232	__protein2_rbs	29.0	0.0	0.0
232	__protein3_rbs	21.0	0.0	0.0
232	__ribosome	15.333333333333336	0.0	0.0
232	__rnase_site_ext	32.666666666666664	0.0	0.0
232	p0	1.0	0.0	0.0
232	p1	1.0	0.0	0.0
232	protein1	1019.3333333333335	18.666666666666668	0.8413296666666668
232	protein2	1846.0	33.333333333333336	1.2147059999999998
232	protein3	1279.3333333333333	24.66666666666667	1.1371086666666663
232	r0	19.0	0.0	0.0
232	rnapol	0.6666666666666666	0.0	0.0
233	__protein1_rbs	18.666666666666668	0.0	0.0
233	__protein2_rbs	30.33333333333333	0.0	0.0
233	__protein3_rbs	21.33333333333333	0.0	0.0
233	__ribosome	14.0	0.0	0.0
233	__rnase_site_ext	32.333333333333336	0.0	0.0
233	p0	1.0	0.0	0.0
233	p1	0.6666666666666666	0.0	0.0
233	protein1	1023.3333333333335	19.0	0.788144
233	protein2	1853.333333333333	33.333333333333336	1.2615466666666668
233	protein3	1285.0	24.66666666666667	1.157242
233	r0	18.666666666666668	0.0	0.0
233	rnapol	0.6666666666666666	0.0	0.0
234	__protein1_rbs	17.333333333333332	0.0	0.0
234	__protein2_rbs	28.33333333333333	0.0	0.0
234	__protein3_rbs	21.33333333333333	0.0	0.0
234	__ribosome	18.33333333333333	0.0	0.0
234	__rnase_site_ext	32.333333333333336	0.0	0.0
234	p0	1.0	0.0	0.0
234	p1	1.0	0.0	0.0
234	protein1	1027.3333333333333	19.0	0.8235293333333334
234	protein2	1864.333333333333	33.0	1.1731693333333333
234	protein3	1293.6666666666667	25.0	1.0779219999999998
234	r0	19.0	0.0	0.0
234	rnapol	0.6666666666666666	0.0	0.0
235	__protein1_rbs	15.666666666666664	0.0	0.0
235	__protein2_rbs	27.0	0.0	0.0
235	__protein3_rbs	21.33333333333333	0.0	0.0
235	__ribosome	16.666666666666668	0.0	0.0
235	__rnase_site_ext	31.66666666666667	0.0	0.0
235	p0	0.6666666666666666	0.0	0.0
235	p1	1.0	0.0	0.0
235	protein1	1034.3333333333333	18.666666666666668	0.7994653333333334
235	protein2	1876.666666666667	32.333333333333336	1.171717
235	protein3	1298.0	24.66666666666667	1.238961
235	r0	19.0	0.0	0.0
235	rnapol	0.6666666666666666	0.0	0.0
236	__protein1_rbs	15.333333333333336	0.0	0.0
236	__protein2_rbs	28.66666666666667	0.0	0.0
236	__protein3_rbs	20.33333333333333	0.0	0.0
236	__ribosome	16.0	0.0	0.0
236	__rnase_site_ext	31.0	0.0	0.0
236	p0	1.0	0.0	0.0
236	p1	1.0	0.0	0.0
236	protein1	1039.3333333333333	19.33333333333333	0.8764803333333333
236	protein2	1888.666666666667	32.333333333333336	1.1001186666666667
236	protein3	1306.3333333333333	24.66666666666667	1.2933620000000001
236	r0	19.33333333333333	0.0	0.0
236	rnapol	0.6666666666666666	0.0	0.0
237	__protein1_rbs	15.666666666666664	0.0	0.0
237	__protein2_rbs	29.66666666666667	0.0	0.0
237	__protein3_rbs	22.33333333333333	0.0	0.0
237	__ribosome	14.333333333333336	0.0	0.0
237	__rnase_site_ext	32.0	0.0	0.0
237	p0	1.0	0.0	0.0
237	p1	1.0	0.0	0.0
237	protein1	1043.0	19.33333333333333	0.9518716666666666
237	protein2	1895.0	31.66666666666667	1.2132883333333333
237	protein3	1314.0	25.0	1.178932
237	r0	19.666666666666668	0.0	0.0
237	rnapol	1.0	0.0	0.0
238	__protein1_rbs	18.0	0.0	0.0
238	__protein2_rbs	25.66666666666667	0.0	0.0
238	__protein3_rbs	23.0	0.0	0.0
238	__ribosome	13.666666666666664	0.0	0.0
238	__rnase_site_ext	32.333333333333336	0.0	0.0
238	p0	1.0	0.0	0.0
238	p1	0.6666666666666666	0.0	0.0
238	protein1	1049.3333333333333	20.0	0.8620413333333333
238	protein2	1903.666666666667	31.66666666666667	1.315508
238	protein3	1320.6666666666667	25.33333333333333	1.1147186666666666
238	r0	20.0	0.0	0.0
238	rnapol	0.6666666666666666	0.0	0.0
239	__protein1_rbs	15.333333333333336	0.0	0.0
239	__protein2_rbs	27.0	0.0	0.0
239	__protein3_rbs	21.0	0.0	0.0
239	__ribosome	15.666666666666664	0.0	0.0
239	__rnase_site_ext	30.66666666666667	0.0	0.0
239	p0	1.0	0.0	0.0
239	p1	1.0	0.0	0.0
239	protein1	1055.6666666666667	19.666666666666668	0.9867090000000001
239	protein2	1915.0	31.66666666666667	1.2262163333333334
239	protein3	1327.6666666666667	25.0	1.080808
239	r0	19.666666666666668	0.0	0.0
239	rnapol	1.0	0.0	0.0
240	__protein1_rbs	16.333333333333332	0.0	0.0
240	__protein2_rbs	27.33333333333333	0.0	0.0
240	__protein3_rbs	23.0	0.0	0.0
240	__ribosome	18.0	0.0	0.0
240	__rnase_site_ext	31.66666666666667	0.0	0.0
240	p0	1.0	0.0	0.0
240	p1	1.0	0.0	0.0
240	protein1	1060.0	19.33333333333333	1.10101
240	protein2	1926.333333333333	32.0	1.1673666666666664
240	protein3	1337.0	24.66666666666667	0.9703463333333332
240	r0	19.666666666666668	0.0	0.0
240	rnapol	1.0	0.0	0.0
