time	species	protein	transcript	ribo_density
0	__protein1_rbs	0.0	0.0	0.0
0	__protein2_rbs	0.0	0.0	0.0
0	__protein3_rbs	0.0	0.0	0.0
0	__ribosome	100.0	0.0	0.0
0	__rnase_site_ext	0.0	0.0	0.0
0	p0	1.0	0.0	0.0
0	p1	1.0	0.0	0.0
0	p2	1.0	0.0	0.0
0	r2	0.0	0.0	0.0
0	rnapol	4.0	0.0	0.0
1	__protein1_rbs	0.0	0.0	0.0
1	__protein2_rbs	0.0	0.0	0.0
1	__protein3_rbs	0.0	0.0	0.0
1	__ribosome	100.0	0.0	0.0
1	__rnase_site_ext	1.0	0.0	0.0
1	p0	0.0	0.0	0.0
1	p1	1.0	0.0	0.0
1	p2	1.0	0.0	0.0
1	r2	0.0	0.0	0.0
1	rnapol	2.0	0.0	0.0
2	__protein1_rbs	0.8	0.0	0.0
2	__protein2_rbs	0.0	0.0	0.0
2	__protein3_rbs	0.0	0.0	0.0
2	__ribosome	99.8	0.0	0.0
2	__rnase_site_ext	2.2	0.0	0.0
2	p0	0.0	0.0	0.0
2	p1	1.0	0.0	0.0
2	p2	1.0	0.0	0.0
2	protein1	0.0	1.0	0.2
2	r2	0.0	0.0	0.0
2	rnapol	1.4	0.0	0.0
3	__protein1_rbs	0.4	0.0	0.0
3	__protein2_rbs	0.0	0.0	0.0
3	__protein3_rbs	0.0	0.0	0.0
3	__ribosome	98.4	0.0	0.0
3	__rnase_site_ext	2.6	0.0	0.0
3	p0	0.2	0.0	0.0
3	p1	1.0	0.0	0.0
3	p2	1.0	0.0	0.0
3	protein1	0.0	2.0	0.8
3	r2	0.0	0.0	0.0
3	rnapol	0.4	0.0	0.0
4	__protein1_rbs	0.8	0.0	0.0
4	__protein2_rbs	0.0	0.0	0.0
4	__protein3_rbs	0.0	0.0	0.0
4	__ribosome	96.6	0.0	0.0
4	__rnase_site_ext	3.6	0.0	0.0
4	p0	0.4	0.0	0.0
4	p1	1.0	0.0	0.0
4	p2	1.0	0.0	0.0
4	protein1	0.0	2.8	1.2666666000000002
4	r2	0.0	0.0	0.0
4	rnapol	0.0	0.0	0.0
5	__protein1_rbs	1.4	0.0	0.0
5	__protein2_rbs	0.0	0.0	0.0
5	__protein3_rbs	0.0	0.0	0.0
5	__ribosome	94.6	0.0	0.0
5	__rnase_site_ext	3.6	0.0	0.0
5	p0	1.0	0.0	0.0
5	p1	1.0	0.0	0.0
5	p2	1.0	0.0	0.0
5	protein1	0.0	3.6	1.5333333999999998
5	r2	0.0	0.0	0.0
5	rnapol	0.0	0.0	0.0
6	__protein1_rbs	1.2	0.0	0.0
6	__protein2_rbs	0.0	0.0	0.0
6	__protein3_rbs	0.0	0.0	0.0
6	__ribosome	92.2	0.0	0.0
6	__rnase_site_ext	3.6	0.0	0.0
6	p0	1.0	0.0	0.0
6	p1	1.0	0.0	0.0
6	p2	1.0	0.0	0.0
6	protein1	0.0	3.6	2.2
6	r2	0.0	0.0	0.0
6	rnapol	0.0	0.0	0.0
7	__protein1_rbs	1.4	0.0	0.0
7	__protein2_rbs	0.0	0.0	0.0
7	__protein3_rbs	0.0	0.0	0.0
7	__ribosome	90.0	0.0	0.0
7	__rnase_site_ext	3.4	0.0	0.0
7	p0	1.0	0.0	0.0
7	p1	0.8	0.0	0.0
7	p2	1.0	0.0	0.0
7	protein1	0.0	3.6	2.7833334
7	r2	0.0	0.0	0.0
7	rnapol	0.0	0.0	0.0
8	__protein1_rbs	1.6	0.0	0.0
8	__protein2_rbs	0.0	0.0	0.0
8	__protein3_rbs	0.0	0.0	0.0
8	__ribosome	89.6	0.0	0.0
8	__rnase_site_ext	3.4	0.0	0.0
8	p0	1.0	0.0	0.0
8	p1	0.0	0.0	0.0
8	p2	1.0	0.0	0.0
8	protein1	1.6	3.4	3.0833332
8	r2	0.0	0.0	0.0
8	rnapol	0.0	0.0	0.0
9	__protein1_rbs	0.8	0.0	0.0
9	__protein2_rbs	0.0	0.0	0.0
9	__protein3_rbs	0.0	0.0	0.0
9	__ribosome	88.6	0.0	0.0
9	__rnase_site_ext	3.4	0.0	0.0
9	p0	1.0	0.0	0.0
9	p1	0.0	0.0	0.0
9	p2	1.0	0.0	0.0
9	protein1	3.2	3.4	3.3833332
9	r2	0.0	0.0	0.0
9	rnapol	0.0	0.0	0.0
10	__protein1_rbs	1.4	0.0	0.0
10	__protein2_rbs	0.4	0.0	0.0
10	__protein3_rbs	0.0	0.0	0.0
10	__ribosome	89.0	0.0	0.0
10	__rnase_site_ext	3.4	0.0	0.0
10	p0	1.0	0.0	0.0
10	p1	0.0	0.0	0.0
10	p2	1.0	0.0	0.0
10	protein1	5.2	3.4	3.25
10	protein2	0.0	0.4	0.0
10	r2	0.0	0.0	0.0
10	rnapol	0.0	0.0	0.0
11	__protein1_rbs	1.2	0.0	0.0
11	__protein2_rbs	0.4	0.0	0.0
11	__protein3_rbs	0.0	0.0	0.0
11	__ribosome	88.0	0.0	0.0
11	__rnase_site_ext	3.4	0.0	0.0
11	p0	1.0	0.0	0.0
11	p1	0.0	0.0	0.0
11	p2	1.0	0.0	0.0
11	protein1	7.2	3.4	3.3166667999999997
11	protein2	0.0	1.0	0.8
11	r2	0.0	0.0	0.0
11	rnapol	0.0	0.0	0.0
12	__protein1_rbs	1.2	0.0	0.0
12	__protein2_rbs	0.8	0.0	0.0
12	__protein3_rbs	0.0	0.0	0.0
12	__ribosome	87.6	0.0	0.0
12	__rnase_site_ext	3.4	0.0	0.0
12	p0	1.0	0.0	0.0
12	p1	0.0	0.0	0.0
12	p2	1.0	0.0	0.0
12	protein1	10.4	3.4	3.0833334
12	protein2	0.0	2.0	1.0
12	r2	0.0	0.0	0.0
12	rnapol	0.0	0.0	0.0
13	__protein1_rbs	1.0	0.0	0.0
13	__protein2_rbs	1.0	0.0	0.0
13	__protein3_rbs	0.0	0.0	0.0
13	__ribosome	85.2	0.0	0.0
13	__rnase_site_ext	3.4	0.0	0.0
13	p0	1.0	0.0	0.0
13	p1	1.0	0.0	0.0
13	p2	1.0	0.0	0.0
13	protein1	11.8	3.4	3.2166666
13	protein2	0.0	3.0	1.2666666000000002
13	r2	0.0	0.0	0.0
13	rnapol	0.0	0.0	0.0
14	__protein1_rbs	0.8	0.0	0.0
14	__protein2_rbs	1.0	0.0	0.0
14	__protein3_rbs	0.0	0.0	0.0
14	__ribosome	82.4	0.0	0.0
14	__rnase_site_ext	3.4	0.0	0.0
14	p0	1.0	0.0	0.0
14	p1	1.0	0.0	0.0
14	p2	1.0	0.0	0.0
14	protein1	14.0	3.4	3.2666666
14	protein2	0.0	3.8	1.6833334
14	r2	0.0	0.0	0.0
14	rnapol	0.0	0.0	0.0
15	__protein1_rbs	0.4	0.0	0.0
15	__protein2_rbs	2.2	0.0	0.0
15	__protein3_rbs	0.0	0.0	0.0
15	__ribosome	80.4	0.0	0.0
15	__rnase_site_ext	3.4	0.0	0.0
15	p0	1.0	0.0	0.0
15	p1	1.0	0.0	0.0
15	p2	0.0	0.0	0.0
15	protein1	16.0	3.4	3.3333334000000003
15	protein2	0.0	4.0	2.05
15	r2	0.0	0.0	0.0
15	rnapol	0.0	0.0	0.0
16	__protein1_rbs	0.8	0.0	0.0
16	__protein2_rbs	1.4	0.0	0.0
16	__protein3_rbs	0.0	0.0	0.0
16	__ribosome	78.8	0.0	0.0
16	__rnase_site_ext	3.4	0.0	0.0
16	p0	1.0	0.0	0.0
16	p1	1.0	0.0	0.0
16	p2	0.0	0.0	0.0
16	protein1	18.2	3.4	3.3833332
16	protein2	0.8	4.0	2.4
16	r2	0.0	0.0	0.0
16	rnapol	0.0	0.0	0.0
17	__protein1_rbs	2.2	0.0	0.0
17	__protein2_rbs	1.4	0.0	0.0
17	__protein3_rbs	0.0	0.0	0.0
17	__ribosome	77.6	0.0	0.0
17	__rnase_site_ext	3.4	0.0	0.0
17	p0	0.8	0.0	0.0
17	p1	1.0	0.0	0.0
17	p2	0.0	0.0	0.0
17	protein1	20.0	3.4	3.2000002000000003
17	protein2	1.6	4.0	2.85
17	r2	0.0	0.0	0.0
17	rnapol	0.0	0.0	0.0
18	__protein1_rbs	0.6	0.0	0.0
18	__protein2_rbs	2.6	0.0	0.0
18	__protein3_rbs	0.0	0.0	0.0
18	__ribosome	77.6	0.0	0.0
18	__rnase_site_ext	4.0	0.0	0.0
18	p0	0.8	0.0	0.0
18	p1	1.0	0.0	0.0
18	p2	0.0	0.0	0.0
18	protein1	21.8	3.4	3.4666667999999996
18	protein2	3.8	4.0	2.65
18	r2	0.0	0.0	0.0
18	rnapol	0.0	0.0	0.0
19	__protein1_rbs	2.0	0.0	0.0
19	__protein2_rbs	1.4	0.0	0.0
19	__protein3_rbs	0.2	0.0	0.0
19	__ribosome	78.8	0.0	0.0
19	__rnase_site_ext	4.2	0.0	0.0
19	p0	0.8	0.0	0.0
19	p1	1.0	0.0	0.0
19	p2	0.2	0.0	0.0
19	protein1	24.6	3.8	2.87
19	protein2	6.8	4.0	2.6
19	protein3	0.0	0.2	0.0
19	r2	0.4	0.0	0.0
19	rnapol	0.0	0.0	0.0
20	__protein1_rbs	1.6	0.0	0.0
20	__protein2_rbs	1.4	0.0	0.0
20	__protein3_rbs	0.4	0.0	0.0
20	__ribosome	76.4	0.0	0.0
20	__rnase_site_ext	4.8	0.0	0.0
20	p0	0.4	0.0	0.0
20	p1	1.0	0.0	0.0
20	p2	0.0	0.0	0.0
20	protein1	27.0	4.2	2.7133334
20	protein2	7.8	3.8	3.2666666
20	protein3	0.0	0.4	0.0
20	r2	0.8	0.0	0.0
20	rnapol	0.0	0.0	0.0
21	__protein1_rbs	1.4	0.0	0.0
21	__protein2_rbs	2.0	0.0	0.0
21	__protein3_rbs	0.2	0.0	0.0
21	__ribosome	76.6	0.0	0.0
21	__rnase_site_ext	5.0	0.0	0.0
21	p0	0.8	0.0	0.0
21	p1	1.0	0.0	0.0
21	p2	0.8	0.0	0.0
21	protein1	29.6	4.4	2.64
21	protein2	10.2	3.6	3.1333332
21	protein3	0.0	0.8	0.6
21	r2	1.0	0.0	0.0
21	rnapol	0.0	0.0	0.0
22	__protein1_rbs	2.0	0.0	0.0
22	__protein2_rbs	1.8	0.0	0.0
22	__protein3_rbs	0.4	0.0	0.0
22	__ribosome	74.8	0.0	0.0
22	__rnase_site_ext	5.4	0.0	0.0
22	p0	0.8	0.0	0.0
22	p1	1.0	0.0	0.0
22	p2	1.0	0.0	0.0
22	protein1	30.8	5.0	2.67
22	protein2	12.6	3.6	3.0833334
22	protein3	0.0	1.0	1.2
22	r2	1.4	0.0	0.0
22	rnapol	0.0	0.0	0.0
23	__protein1_rbs	2.4	0.0	0.0
23	__protein2_rbs	0.8	0.0	0.0
23	__protein3_rbs	1.0	0.0	0.0
23	__ribosome	73.8	0.0	0.0
23	__rnase_site_ext	5.6	0.0	0.0
23	p0	0.8	0.0	0.0
23	p1	1.0	0.0	0.0
23	p2	1.0	0.0	0.0
23	protein1	33.6	5.4	2.4814286
23	protein2	14.4	3.6	3.25
23	protein3	0.0	1.6	1.2
23	r2	1.6	0.0	0.0
23	rnapol	0.0	0.0	0.0
24	__protein1_rbs	2.2	0.0	0.0
24	__protein2_rbs	1.2	0.0	0.0
24	__protein3_rbs	0.8	0.0	0.0
24	__ribosome	71.6	0.0	0.0
24	__rnase_site_ext	5.6	0.0	0.0
24	p0	1.0	0.0	0.0
24	p1	1.0	0.0	0.0
24	p2	1.0	0.0	0.0
24	protein1	35.0	5.6	2.7342855999999998
24	protein2	17.2	3.6	3.1
24	protein3	0.0	1.6	1.6
24	r2	1.8	0.0	0.0
24	rnapol	0.0	0.0	0.0
25	__protein1_rbs	1.6	0.0	0.0
25	__protein2_rbs	1.4	0.0	0.0
25	__protein3_rbs	0.8	0.0	0.0
25	__ribosome	70.0	0.0	0.0
25	__rnase_site_ext	6.2	0.0	0.0
25	p0	0.4	0.0	0.0
25	p1	0.2	0.0	0.0
25	p2	1.0	0.0	0.0
25	protein1	37.8	5.6	2.89
25	protein2	19.2	3.4	3.15
25	protein3	0.0	1.8	2.1666666
25	r2	1.8	0.0	0.0
25	rnapol	0.0	0.0	0.0
26	__protein1_rbs	2.8	0.0	0.0
26	__protein2_rbs	0.6	0.0	0.0
26	__protein3_rbs	0.8	0.0	0.0
26	__ribosome	69.0	0.0	0.0
26	__rnase_site_ext	6.4	0.0	0.0
26	p0	0.8	0.0	0.0
26	p1	0.4	0.0	0.0
26	p2	1.0	0.0	0.0
26	protein1	40.4	5.8	2.7821428
26	protein2	21.0	3.4	3.3833332
26	protein3	0.6	1.8	2.2
26	r2	1.8	0.0	0.0
26	rnapol	0.0	0.0	0.0
27	__protein1_rbs	3.2	0.0	0.0
27	__protein2_rbs	2.0	0.0	0.0
27	__protein3_rbs	0.8	0.0	0.0
27	__ribosome	69.2	0.0	0.0
27	__rnase_site_ext	6.6	0.0	0.0
27	p0	0.6	0.0	0.0
27	p1	0.2	0.0	0.0
27	p2	1.0	0.0	0.0
27	protein1	43.4	6.2	2.5892858
27	protein2	23.2	3.8	2.94
27	protein3	1.4	1.8	2.2333334
27	r2	1.8	0.0	0.0
27	rnapol	0.0	0.0	0.0
28	__protein1_rbs	3.0	0.0	0.0
28	__protein2_rbs	1.4	0.0	0.0
28	__protein3_rbs	0.8	0.0	0.0
28	__ribosome	66.6	0.0	0.0
28	__rnase_site_ext	6.8	0.0	0.0
28	p0	0.4	0.0	0.0
28	p1	0.2	0.0	0.0
28	p2	1.0	0.0	0.0
28	protein1	46.0	6.4	2.6833332000000003
28	protein2	25.2	4.2	2.81
28	protein3	1.4	1.8	3.0
28	r2	1.8	0.0	0.0
28	rnapol	0.0	0.0	0.0
29	__protein1_rbs	3.0	0.0	0.0
29	__protein2_rbs	1.4	0.0	0.0
29	__protein3_rbs	0.6	0.0	0.0
29	__ribosome	66.6	0.0	0.0
29	__rnase_site_ext	6.8	0.0	0.0
29	p0	0.8	0.0	0.0
29	p1	0.6	0.0	0.0
29	p2	1.0	0.0	0.0
29	protein1	49.8	6.6	2.4735716
29	protein2	27.4	4.4	2.68
29	protein3	2.8	1.8	2.9
29	r2	1.8	0.0	0.0
29	rnapol	0.0	0.0	0.0
30	__protein1_rbs	2.6	0.0	0.0
30	__protein2_rbs	1.8	0.0	0.0
30	__protein3_rbs	1.0	0.0	0.0
30	__ribosome	65.4	0.0	0.0
30	__rnase_site_ext	7.0	0.0	0.0
30	p0	1.0	0.0	0.0
30	p1	0.6	0.0	0.0
30	p2	1.0	0.0	0.0
30	protein1	53.0	6.8	2.4904764
30	protein2	29.8	5.0	2.45
30	protein3	3.4	1.8	3.0666666
30	r2	1.8	0.0	0.0
30	rnapol	0.0	0.0	0.0
31	__protein1_rbs	3.4	0.0	0.0
31	__protein2_rbs	1.6	0.0	0.0
31	__protein3_rbs	0.8	0.0	0.0
31	__ribosome	64.0	0.0	0.0
31	__rnase_site_ext	6.8	0.0	0.0
31	p0	1.0	0.0	0.0
31	p1	0.8	0.0	0.0
31	p2	0.6	0.0	0.0
31	protein1	56.0	7.0	2.4857144
31	protein2	31.6	5.0	2.7733332
31	protein3	4.8	1.8	2.7
31	r2	1.8	0.0	0.0
31	rnapol	0.0	0.0	0.0
32	__protein1_rbs	2.0	0.0	0.0
32	__protein2_rbs	2.8	0.0	0.0
32	__protein3_rbs	0.0	0.0	0.0
32	__ribosome	62.2	0.0	0.0
32	__rnase_site_ext	6.8	0.0	0.0
32	p0	1.0	0.0	0.0
32	p1	0.4	0.0	0.0
32	p2	0.4	0.0	0.0
32	protein1	58.8	6.8	2.809524
32	protein2	33.8	5.4	2.6
32	protein3	6.2	1.8	2.8
32	r2	1.8	0.0	0.0
32	rnapol	0.0	0.0	0.0
33	__protein1_rbs	2.4	0.0	0.0
33	__protein2_rbs	2.8	0.0	0.0
33	__protein3_rbs	1.0	0.0	0.0
33	__ribosome	60.8	0.0	0.0
33	__rnase_site_ext	6.8	0.0	0.0
33	p0	1.0	0.0	0.0
33	p1	0.4	0.0	0.0
33	p2	0.6	0.0	0.0
33	protein1	61.8	6.8	2.9333332000000003
33	protein2	36.0	5.6	2.5342857999999997
33	protein3	6.8	1.8	2.7
33	r2	1.8	0.0	0.0
33	rnapol	0.0	0.0	0.0
34	__protein1_rbs	3.4	0.0	0.0
34	__protein2_rbs	3.4	0.0	0.0
34	__protein3_rbs	0.6	0.0	0.0
34	__ribosome	61.0	0.0	0.0
34	__rnase_site_ext	7.2	0.0	0.0
34	p0	0.6	0.0	0.0
34	p1	0.2	0.0	0.0
34	p2	0.4	0.0	0.0
34	protein1	65.4	6.8	2.8666666000000003
34	protein2	38.4	5.8	2.4495237999999997
34	protein3	8.0	1.8	2.7666666
34	r2	1.8	0.0	0.0
34	rnapol	0.0	0.0	0.0
35	__protein1_rbs	3.0	0.0	0.0
35	__protein2_rbs	2.4	0.0	0.0
35	__protein3_rbs	0.8	0.0	0.0
35	__ribosome	59.6	0.0	0.0
35	__rnase_site_ext	7.2	0.0	0.0
35	p0	1.0	0.0	0.0
35	p1	0.2	0.0	0.0
35	p2	0.2	0.0	0.0
35	protein1	69.4	7.0	2.745238
35	protein2	41.6	6.2	2.4380952
35	protein3	8.2	1.8	3.2333334
35	r2	1.8	0.0	0.0
35	rnapol	0.0	0.0	0.0
36	__protein1_rbs	2.4	0.0	0.0
36	__protein2_rbs	2.8	0.0	0.0
36	__protein3_rbs	1.2	0.0	0.0
36	__ribosome	59.0	0.0	0.0
36	__rnase_site_ext	7.2	0.0	0.0
36	p0	1.0	0.0	0.0
36	p1	0.6	0.0	0.0
36	p2	0.4	0.0	0.0
36	protein1	72.6	7.2	2.8511906000000002
36	protein2	44.6	6.4	2.3416667999999996
36	protein3	9.4	1.8	2.9
36	r2	2.0	0.0	0.0
36	rnapol	0.2	0.0	0.0
37	__protein1_rbs	3.0	0.0	0.0
37	__protein2_rbs	2.4	0.0	0.0
37	__protein3_rbs	1.0	0.0	0.0
37	__ribosome	59.6	0.0	0.0
37	__rnase_site_ext	7.8	0.0	0.0
37	p0	0.2	0.0	0.0
37	p1	0.8	0.0	0.0
37	p2	0.6	0.0	0.0
37	protein1	77.0	7.2	2.7154764
37	protein2	47.4	6.8	2.325
37	protein3	10.8	2.0	2.4666666
37	r2	2.0	0.0	0.0
37	rnapol	0.0	0.0	0.0
38	__protein1_rbs	4.4	0.0	0.0
38	__protein2_rbs	2.8	0.0	0.0
38	__protein3_rbs	1.0	0.0	0.0
38	__ribosome	58.8	0.0	0.0
38	__rnase_site_ext	8.0	0.0	0.0
38	p0	0.6	0.0	0.0
38	p1	0.8	0.0	0.0
38	p2	0.8	0.0	0.0
38	protein1	80.8	7.6	2.5380952000000003
38	protein2	50.2	7.0	2.4190476000000003
38	protein3	11.8	2.0	2.4
38	r2	2.0	0.0	0.0
38	rnapol	0.0	0.0	0.0
39	__protein1_rbs	2.4	0.0	0.0
39	__protein2_rbs	3.2	0.0	0.0
39	__protein3_rbs	0.4	0.0	0.0
39	__ribosome	55.6	0.0	0.0
39	__rnase_site_ext	7.6	0.0	0.0
39	p0	0.8	0.0	0.0
39	p1	1.0	0.0	0.0
39	p2	0.6	0.0	0.0
39	protein1	84.0	8.0	2.693254
39	protein2	52.8	7.2	2.4964286
39	protein3	13.2	2.0	2.4333334
39	r2	2.2	0.0	0.0
39	rnapol	0.0	0.0	0.0
40	__protein1_rbs	4.4	0.0	0.0
40	__protein2_rbs	3.4	0.0	0.0
40	__protein3_rbs	1.0	0.0	0.0
40	__ribosome	56.8	0.0	0.0
40	__rnase_site_ext	7.8	0.0	0.0
40	p0	1.0	0.0	0.0
40	p1	1.0	0.0	0.0
40	p2	0.6	0.0	0.0
40	protein1	88.8	7.6	2.6678572
40	protein2	56.8	7.4	2.442857
40	protein3	14.0	2.2	2.2333334
40	r2	2.2	0.0	0.0
40	rnapol	0.0	0.0	0.0
41	__protein1_rbs	3.4	0.0	0.0
41	__protein2_rbs	3.6	0.0	0.0
41	__protein3_rbs	1.0	0.0	0.0
41	__ribosome	53.4	0.0	0.0
41	__rnase_site_ext	8.0	0.0	0.0
41	p0	0.8	0.0	0.0
41	p1	0.8	0.0	0.0
41	p2	0.4	0.0	0.0
41	protein1	92.2	7.8	2.7285714
41	protein2	59.4	7.4	2.6964286
41	protein3	14.4	2.2	2.5
41	r2	2.2	0.0	0.0
41	rnapol	0.0	0.0	0.0
42	__protein1_rbs	3.8	0.0	0.0
42	__protein2_rbs	3.8	0.0	0.0
42	__protein3_rbs	1.2	0.0	0.0
42	__ribosome	54.4	0.0	0.0
42	__rnase_site_ext	8.2	0.0	0.0
42	p0	0.8	0.0	0.0
42	p1	0.6	0.0	0.0
42	p2	0.6	0.0	0.0
42	protein1	96.4	8.0	2.5880952
42	protein2	63.0	7.4	2.707143
42	protein3	15.6	2.2	2.3
42	r2	2.2	0.0	0.0
42	rnapol	0.2	0.0	0.0
43	__protein1_rbs	3.4	0.0	0.0
43	__protein2_rbs	3.8	0.0	0.0
43	__protein3_rbs	1.4	0.0	0.0
43	__ribosome	53.4	0.0	0.0
43	__rnase_site_ext	8.6	0.0	0.0
43	p0	0.6	0.0	0.0
43	p1	0.8	0.0	0.0
43	p2	0.6	0.0	0.0
43	protein1	100.0	8.2	2.6932537999999995
43	protein2	67.4	7.4	2.6785716
43	protein3	16.4	2.2	2.3
43	r2	2.4	0.0	0.0
43	rnapol	0.0	0.0	0.0
44	__protein1_rbs	3.4	0.0	0.0
44	__protein2_rbs	3.2	0.0	0.0
44	__protein3_rbs	1.0	0.0	0.0
44	__ribosome	53.8	0.0	0.0
44	__rnase_site_ext	8.4	0.0	0.0
44	p0	1.0	0.0	0.0
44	p1	0.4	0.0	0.0
44	p2	0.6	0.0	0.0
44	protein1	105.2	8.4	2.4916666000000003
44	protein2	70.6	7.6	2.7285714000000003
44	protein3	18.0	2.4	2.05
44	r2	2.4	0.0	0.0
44	rnapol	0.2	0.0	0.0
45	__protein1_rbs	4.2	0.0	0.0
45	__protein2_rbs	3.8	0.0	0.0
45	__protein3_rbs	0.8	0.0	0.0
45	__ribosome	53.2	0.0	0.0
45	__rnase_site_ext	8.6	0.0	0.0
45	p0	0.6	0.0	0.0
45	p1	0.2	0.0	0.0
45	p2	0.8	0.0	0.0
45	protein1	109.0	8.6	2.5866666
45	protein2	75.2	7.6	2.542857
45	protein3	18.8	2.4	2.35
45	r2	3.0	0.0	0.0
45	rnapol	0.0	0.0	0.0
46	__protein1_rbs	3.4	0.0	0.0
46	__protein2_rbs	4.0	0.0	0.0
46	__protein3_rbs	1.8	0.0	0.0
46	__ribosome	52.4	0.0	0.0
46	__rnase_site_ext	8.6	0.0	0.0
46	p0	0.8	0.0	0.0
46	p1	0.6	0.0	0.0
46	p2	1.0	0.0	0.0
46	protein1	112.4	8.6	2.7361112000000003
46	protein2	79.2	7.4	2.5
46	protein3	19.4	3.0	1.9166668
46	r2	3.0	0.0	0.0
46	rnapol	0.2	0.0	0.0
47	__protein1_rbs	3.8	0.0	0.0
47	__protein2_rbs	2.8	0.0	0.0
47	__protein3_rbs	1.2	0.0	0.0
47	__ribosome	49.6	0.0	0.0
47	__rnase_site_ext	8.8	0.0	0.0
47	p0	0.8	0.0	0.0
47	p1	0.6	0.0	0.0
47	p2	1.0	0.0	0.0
47	protein1	116.8	8.6	2.7777778
47	protein2	82.6	8.0	2.4769842
47	protein3	20.0	3.0	2.2833334
47	r2	3.0	0.0	0.0
47	rnapol	0.0	0.0	0.0
48	__protein1_rbs	4.4	0.0	0.0
48	__protein2_rbs	4.0	0.0	0.0
48	__protein3_rbs	1.6	0.0	0.0
48	__ribosome	50.8	0.0	0.0
48	__rnase_site_ext	8.4	0.0	0.0
48	p0	1.0	0.0	0.0
48	p1	1.0	0.0	0.0
48	p2	0.8	0.0	0.0
48	protein1	121.2	8.8	2.6533333999999997
48	protein2	86.0	8.0	2.5138887999999997
48	protein3	21.8	3.0	1.9166666
48	r2	3.0	0.0	0.0
48	rnapol	0.0	0.0	0.0
49	__protein1_rbs	3.8	0.0	0.0
49	__protein2_rbs	3.8	0.0	0.0
49	__protein3_rbs	1.0	0.0	0.0
49	__ribosome	50.0	0.0	0.0
49	__rnase_site_ext	8.6	0.0	0.0
49	p0	0.8	0.0	0.0
49	p1	0.6	0.0	0.0
49	p2	0.6	0.0	0.0
49	protein1	125.8	8.6	2.7447619999999997
49	protein2	90.8	8.4	2.3333332
49	protein3	22.8	3.0	2.3333334
49	r2	3.0	0.0	0.0
49	rnapol	0.0	0.0	0.0
50	__protein1_rbs	4.0	0.0	0.0
50	__protein2_rbs	3.6	0.0	0.0
50	__protein3_rbs	1.6	0.0	0.0
50	__ribosome	47.8	0.0	0.0
50	__rnase_site_ext	8.4	0.0	0.0
50	p0	1.0	0.0	0.0
50	p1	0.6	0.0	0.0
50	p2	0.6	0.0	0.0
50	protein1	129.8	8.4	2.8499206000000004
50	protein2	94.0	8.4	2.525
50	protein3	23.8	3.0	2.4166668
50	r2	3.0	0.0	0.0
50	rnapol	0.0	0.0	0.0
51	__protein1_rbs	4.0	0.0	0.0
51	__protein2_rbs	4.4	0.0	0.0
51	__protein3_rbs	1.6	0.0	0.0
51	__ribosome	49.6	0.0	0.0
51	__rnase_site_ext	8.8	0.0	0.0
51	p0	0.8	0.0	0.0
51	p1	0.6	0.0	0.0
51	p2	0.6	0.0	0.0
51	protein1	135.4	8.6	2.5700794
51	protein2	97.4	8.4	2.475
51	protein3	25.0	3.0	2.5833332
51	r2	3.0	0.0	0.0
51	rnapol	0.2	0.0	0.0
52	__protein1_rbs	4.6	0.0	0.0
52	__protein2_rbs	3.4	0.0	0.0
52	__protein3_rbs	1.8	0.0	0.0
52	__ribosome	48.6	0.0	0.0
52	__rnase_site_ext	9.0	0.0	0.0
52	p0	0.6	0.0	0.0
52	p1	0.6	0.0	0.0
52	p2	0.2	0.0	0.0
52	protein1	139.8	8.6	2.518651
52	protein2	101.6	8.8	2.5244446
52	protein3	26.2	3.0	2.5333332000000004
52	r2	3.0	0.0	0.0
52	rnapol	0.2	0.0	0.0
53	__protein1_rbs	5.0	0.0	0.0
53	__protein2_rbs	4.6	0.0	0.0
53	__protein3_rbs	2.0	0.0	0.0
53	__ribosome	49.6	0.0	0.0
53	__rnase_site_ext	9.2	0.0	0.0
53	p0	0.8	0.0	0.0
53	p1	0.6	0.0	0.0
53	p2	0.6	0.0	0.0
53	protein1	144.4	9.0	2.378997
53	protein2	106.0	9.2	2.4311112
53	protein3	28.0	3.0	2.2666668000000003
53	r2	3.0	0.0	0.0
53	rnapol	0.0	0.0	0.0
54	__protein1_rbs	5.2	0.0	0.0
54	__protein2_rbs	4.4	0.0	0.0
54	__protein3_rbs	1.8	0.0	0.0
54	__ribosome	49.4	0.0	0.0
54	__rnase_site_ext	9.4	0.0	0.0
54	p0	1.0	0.0	0.0
54	p1	0.8	0.0	0.0
54	p2	0.6	0.0	0.0
54	protein1	148.6	9.2	2.3190478
54	protein2	109.6	9.4	2.4755556
54	protein3	29.8	3.0	2.0500002000000004
54	r2	3.0	0.0	0.0
54	rnapol	0.0	0.0	0.0
55	__protein1_rbs	3.8	0.0	0.0
55	__protein2_rbs	5.2	0.0	0.0
55	__protein3_rbs	1.6	0.0	0.0
55	__ribosome	47.4	0.0	0.0
55	__rnase_site_ext	9.4	0.0	0.0
55	p0	1.0	0.0	0.0
55	p1	0.8	0.0	0.0
55	p2	1.0	0.0	0.0
55	protein1	152.8	9.4	2.4869842
55	protein2	114.0	9.6	2.39
55	protein3	30.6	3.2	2.2266666
55	r2	3.2	0.0	0.0
55	rnapol	0.0	0.0	0.0
56	__protein1_rbs	5.6	0.0	0.0
56	__protein2_rbs	4.0	0.0	0.0
56	__protein3_rbs	2.0	0.0	0.0
56	__ribosome	46.8	0.0	0.0
56	__rnase_site_ext	9.8	0.0	0.0
56	p0	0.6	0.0	0.0
56	p1	1.0	0.0	0.0
56	p2	0.8	0.0	0.0
56	protein1	156.2	9.4	2.5128574
56	protein2	118.6	9.8	2.4355556000000003
56	protein3	32.6	3.2	1.8266668000000001
56	r2	3.6	0.0	0.0
56	rnapol	0.0	0.0	0.0
57	__protein1_rbs	4.6	0.0	0.0
57	__protein2_rbs	5.6	0.0	0.0
57	__protein3_rbs	2.2	0.0	0.0
57	__ribosome	48.0	0.0	0.0
57	__rnase_site_ext	9.8	0.0	0.0
57	p0	1.0	0.0	0.0
57	p1	0.8	0.0	0.0
57	p2	0.4	0.0	0.0
57	protein1	161.4	9.6	2.422381
57	protein2	123.6	9.8	2.3066666
57	protein3	34.0	3.6	1.7366666000000002
57	r2	3.6	0.0	0.0
57	rnapol	0.0	0.0	0.0
58	__protein1_rbs	5.2	0.0	0.0
58	__protein2_rbs	5.0	0.0	0.0
58	__protein3_rbs	1.0	0.0	0.0
58	__ribosome	46.0	0.0	0.0
58	__rnase_site_ext	9.8	0.0	0.0
58	p0	0.8	0.0	0.0
58	p1	0.8	0.0	0.0
58	p2	0.6	0.0	0.0
58	protein1	165.6	9.8	2.3472222
58	protein2	127.6	9.4	2.4777778
58	protein3	34.6	3.6	2.2
58	r2	3.6	0.0	0.0
58	rnapol	0.0	0.0	0.0
59	__protein1_rbs	5.8	0.0	0.0
59	__protein2_rbs	5.2	0.0	0.0
59	__protein3_rbs	3.0	0.0	0.0
59	__ribosome	46.8	0.0	0.0
59	__rnase_site_ext	9.6	0.0	0.0
59	p0	0.8	0.0	0.0
59	p1	0.4	0.0	0.0
59	p2	0.4	0.0	0.0
59	protein1	170.0	10.0	2.3054546
59	protein2	132.4	9.6	2.3933334
59	protein3	35.8	3.6	2.1033334
59	r2	3.6	0.0	0.0
59	rnapol	0.2	0.0	0.0
60	__protein1_rbs	4.8	0.0	0.0
60	__protein2_rbs	5.0	0.0	0.0
60	__protein3_rbs	2.0	0.0	0.0
60	__ribosome	46.4	0.0	0.0
60	__rnase_site_ext	9.8	0.0	0.0
60	p0	0.8	0.0	0.0
60	p1	0.4	0.0	0.0
60	p2	0.6	0.0	0.0
60	protein1	174.8	9.6	2.3631314000000003
60	protein2	136.6	9.6	2.4022224000000003
60	protein3	37.4	3.6	2.2599998
60	r2	3.6	0.0	0.0
60	rnapol	0.0	0.0	0.0
61	__protein1_rbs	4.0	0.0	0.0
61	__protein2_rbs	4.8	0.0	0.0
61	__protein3_rbs	2.0	0.0	0.0
61	__ribosome	45.4	0.0	0.0
61	__rnase_site_ext	10.2	0.0	0.0
61	p0	0.6	0.0	0.0
61	p1	0.6	0.0	0.0
61	p2	0.8	0.0	0.0
61	protein1	179.0	9.8	2.4294947999999996
61	protein2	141.8	9.8	2.3288888
61	protein3	38.8	3.6	2.24
61	r2	3.6	0.0	0.0
61	rnapol	0.0	0.0	0.0
62	__protein1_rbs	6.0	0.0	0.0
62	__protein2_rbs	4.6	0.0	0.0
62	__protein3_rbs	1.8	0.0	0.0
62	__ribosome	43.0	0.0	0.0
62	__rnase_site_ext	10.6	0.0	0.0
62	p0	0.4	0.0	0.0
62	p1	0.8	0.0	0.0
62	p2	0.8	0.0	0.0
62	protein1	182.8	10.2	2.3863636
62	protein2	146.8	10.0	2.3618182
62	protein3	39.8	3.6	2.6066667999999997
62	r2	3.6	0.0	0.0
62	rnapol	0.0	0.0	0.0
63	__protein1_rbs	5.6	0.0	0.0
63	__protein2_rbs	5.4	0.0	0.0
63	__protein3_rbs	2.4	0.0	0.0
63	__ribosome	45.4	0.0	0.0
63	__rnase_site_ext	10.8	0.0	0.0
63	p0	1.0	0.0	0.0
63	p1	1.0	0.0	0.0
63	p2	0.8	0.0	0.0
63	protein1	188.6	10.6	2.1321212000000003
63	protein2	150.6	10.2	2.3723229999999997
63	protein3	42.2	3.6	2.2766667999999997
63	r2	3.6	0.0	0.0
63	rnapol	0.0	0.0	0.0
64	__protein1_rbs	6.4	0.0	0.0
64	__protein2_rbs	4.4	0.0	0.0
64	__protein3_rbs	1.8	0.0	0.0
64	__ribosome	43.2	0.0	0.0
64	__rnase_site_ext	10.6	0.0	0.0
64	p0	1.0	0.0	0.0
64	p1	0.6	0.0	0.0
64	p2	0.8	0.0	0.0
64	protein1	192.4	10.8	2.1713132
64	protein2	155.0	10.2	2.4656566000000004
64	protein3	43.6	3.6	2.35
64	r2	3.6	0.0	0.0
64	rnapol	0.0	0.0	0.0
65	__protein1_rbs	4.8	0.0	0.0
65	__protein2_rbs	4.6	0.0	0.0
65	__protein3_rbs	1.2	0.0	0.0
65	__ribosome	41.0	0.0	0.0
65	__rnase_site_ext	10.8	0.0	0.0
65	p0	0.8	0.0	0.0
65	p1	0.8	0.0	0.0
65	p2	0.8	0.0	0.0
65	protein1	197.2	10.6	2.31
65	protein2	159.4	10.0	2.5288888
65	protein3	45.2	3.8	2.4466666
65	r2	3.8	0.0	0.0
65	rnapol	0.0	0.0	0.0
66	__protein1_rbs	5.6	0.0	0.0
66	__protein2_rbs	4.2	0.0	0.0
66	__protein3_rbs	1.4	0.0	0.0
66	__ribosome	41.4	0.0	0.0
66	__rnase_site_ext	11.0	0.0	0.0
66	p0	1.0	0.0	0.0
66	p1	0.4	0.0	0.0
66	p2	0.4	0.0	0.0
66	protein1	202.6	10.8	2.2571716
66	protein2	164.8	10.2	2.4474746
66	protein3	47.4	3.8	2.5066666
66	r2	3.8	0.0	0.0
66	rnapol	0.0	0.0	0.0
67	__protein1_rbs	4.0	0.0	0.0
67	__protein2_rbs	5.2	0.0	0.0
67	__protein3_rbs	1.4	0.0	0.0
67	__ribosome	39.8	0.0	0.0
67	__rnase_site_ext	11.0	0.0	0.0
67	p0	1.0	0.0	0.0
67	p1	0.4	0.0	0.0
67	p2	0.6	0.0	0.0
67	protein1	206.8	11.0	2.3828126
67	protein2	169.8	10.2	2.3681818
67	protein3	48.8	3.8	2.6333333999999997
67	r2	3.8	0.0	0.0
67	rnapol	0.0	0.0	0.0
68	__protein1_rbs	7.0	0.0	0.0
68	__protein2_rbs	5.2	0.0	0.0
68	__protein3_rbs	2.0	0.0	0.0
68	__ribosome	40.6	0.0	0.0
68	__rnase_site_ext	10.8	0.0	0.0
68	p0	0.8	0.0	0.0
68	p1	0.6	0.0	0.0
68	p2	0.6	0.0	0.0
68	protein1	211.4	11.0	2.3035196
68	protein2	174.6	10.2	2.3174748000000003
68	protein3	50.0	3.8	2.75
68	r2	3.8	0.0	0.0
68	rnapol	0.0	0.0	0.0
69	__protein1_rbs	6.4	0.0	0.0
69	__protein2_rbs	4.6	0.0	0.0
69	__protein3_rbs	1.6	0.0	0.0
69	__ribosome	38.4	0.0	0.0
69	__rnase_site_ext	10.8	0.0	0.0
69	p0	0.8	0.0	0.0
69	p1	0.4	0.0	0.0
69	p2	0.8	0.0	0.0
69	protein1	215.6	10.8	2.4428126
69	protein2	179.0	10.6	2.3844444
69	protein3	51.6	3.8	2.7333332
69	r2	4.0	0.0	0.0
69	rnapol	0.2	0.0	0.0
70	__protein1_rbs	6.0	0.0	0.0
70	__protein2_rbs	4.4	0.0	0.0
70	__protein3_rbs	2.4	0.0	0.0
70	__ribosome	41.0	0.0	0.0
70	__rnase_site_ext	11.0	0.0	0.0
70	p0	0.8	0.0	0.0
70	p1	0.2	0.0	0.0
70	p2	0.8	0.0	0.0
70	protein1	221.4	11.0	2.3148404
70	protein2	184.6	10.6	2.3239394
70	protein3	54.4	4.0	2.35
70	r2	4.2	0.0	0.0
70	rnapol	0.4	0.0	0.0
71	__protein1_rbs	4.2	0.0	0.0
71	__protein2_rbs	5.0	0.0	0.0
71	__protein3_rbs	2.6	0.0	0.0
71	__ribosome	37.4	0.0	0.0
71	__rnase_site_ext	11.4	0.0	0.0
71	p0	0.6	0.0	0.0
71	p1	1.0	0.0	0.0
71	p2	0.8	0.0	0.0
71	protein1	226.2	10.8	2.4986482000000003
71	protein2	188.0	11.0	2.4642426
71	protein3	56.6	4.2	2.15
71	r2	4.2	0.0	0.0
71	rnapol	0.0	0.0	0.0
72	__protein1_rbs	6.8	0.0	0.0
72	__protein2_rbs	6.2	0.0	0.0
72	__protein3_rbs	2.6	0.0	0.0
72	__ribosome	40.4	0.0	0.0
72	__rnase_site_ext	11.6	0.0	0.0
72	p0	0.8	0.0	0.0
72	p1	1.0	0.0	0.0
72	p2	1.0	0.0	0.0
72	protein1	233.0	11.2	2.238095
72	protein2	192.8	11.4	2.3287880000000003
72	protein3	58.6	4.2	1.9833333999999998
72	r2	4.2	0.0	0.0
72	rnapol	0.0	0.0	0.0
73	__protein1_rbs	5.8	0.0	0.0
73	__protein2_rbs	5.6	0.0	0.0
73	__protein3_rbs	2.6	0.0	0.0
73	__ribosome	39.0	0.0	0.0
73	__rnase_site_ext	11.4	0.0	0.0
73	p0	1.0	0.0	0.0
73	p1	0.6	0.0	0.0
73	p2	0.4	0.0	0.0
73	protein1	237.6	11.4	2.280404
73	protein2	198.0	11.6	2.3075756000000003
73	protein3	59.8	4.2	2.0733334
73	r2	4.2	0.0	0.0
73	rnapol	0.0	0.0	0.0
74	__protein1_rbs	5.4	0.0	0.0
74	__protein2_rbs	6.2	0.0	0.0
74	__protein3_rbs	1.8	0.0	0.0
74	__ribosome	37.8	0.0	0.0
74	__rnase_site_ext	11.4	0.0	0.0
74	p0	1.0	0.0	0.0
74	p1	0.8	0.0	0.0
74	p2	0.8	0.0	0.0
74	protein1	241.8	11.4	2.4048484
74	protein2	203.6	11.6	2.2454544
74	protein3	61.6	4.2	2.23
74	r2	4.4	0.0	0.0
74	rnapol	0.0	0.0	0.0
75	__protein1_rbs	5.8	0.0	0.0
75	__protein2_rbs	6.2	0.0	0.0
75	__protein3_rbs	2.6	0.0	0.0
75	__ribosome	38.2	0.0	0.0
75	__rnase_site_ext	11.6	0.0	0.0
75	p0	0.6	0.0	0.0
75	p1	1.0	0.0	0.0
75	p2	0.6	0.0	0.0
75	protein1	247.0	11.4	2.390909
75	protein2	208.6	11.8	2.2403262
75	protein3	63.8	4.4	1.9466666000000001
75	r2	4.4	0.0	0.0
75	rnapol	0.2	0.0	0.0
76	__protein1_rbs	5.6	0.0	0.0
76	__protein2_rbs	4.6	0.0	0.0
76	__protein3_rbs	2.2	0.0	0.0
76	__ribosome	37.4	0.0	0.0
76	__rnase_site_ext	12.2	0.0	0.0
76	p0	0.4	0.0	0.0
76	p1	0.6	0.0	0.0
76	p2	0.4	0.0	0.0
76	protein1	253.0	11.6	2.3175756
76	protein2	214.0	11.6	2.3999224
76	protein3	65.4	4.4	1.9966668000000003
76	r2	4.4	0.0	0.0
76	rnapol	0.0	0.0	0.0
77	__protein1_rbs	6.8	0.0	0.0
77	__protein2_rbs	7.0	0.0	0.0
77	__protein3_rbs	1.8	0.0	0.0
77	__ribosome	36.8	0.0	0.0
77	__rnase_site_ext	12.2	0.0	0.0
77	p0	0.8	0.0	0.0
77	p1	0.6	0.0	0.0
77	p2	0.4	0.0	0.0
77	protein1	257.0	12.0	2.2502164
77	protein2	219.2	11.6	2.2966588000000003
77	protein3	66.4	4.4	2.2966666
77	r2	4.4	0.0	0.0
77	rnapol	0.0	0.0	0.0
78	__protein1_rbs	7.0	0.0	0.0
78	__protein2_rbs	6.8	0.0	0.0
78	__protein3_rbs	2.6	0.0	0.0
78	__ribosome	39.0	0.0	0.0
78	__rnase_site_ext	12.2	0.0	0.0
78	p0	0.6	0.0	0.0
78	p1	0.6	0.0	0.0
78	p2	0.8	0.0	0.0
78	protein1	263.6	12.0	2.1340328
78	protein2	224.2	11.6	2.2327504
78	protein3	68.4	4.4	2.2666668000000003
78	r2	4.4	0.0	0.0
78	rnapol	0.0	0.0	0.0
79	__protein1_rbs	7.2	0.0	0.0
79	__protein2_rbs	4.2	0.0	0.0
79	__protein3_rbs	3.2	0.0	0.0
79	__ribosome	38.2	0.0	0.0
79	__rnase_site_ext	12.4	0.0	0.0
79	p0	0.8	0.0	0.0
79	p1	0.4	0.0	0.0
79	p2	1.0	0.0	0.0
79	protein1	268.6	12.6	2.0602562
79	protein2	230.2	11.6	2.326923
79	protein3	70.2	4.4	2.1433334000000004
79	r2	4.4	0.0	0.0
79	rnapol	0.0	0.0	0.0
80	__protein1_rbs	7.6	0.0	0.0
80	__protein2_rbs	6.0	0.0	0.0
80	__protein3_rbs	2.8	0.0	0.0
80	__ribosome	37.6	0.0	0.0
80	__rnase_site_ext	12.4	0.0	0.0
80	p0	0.8	0.0	0.0
80	p1	0.6	0.0	0.0
80	p2	0.6	0.0	0.0
80	protein1	273.8	12.4	2.1089743999999997
80	protein2	235.0	11.8	2.3348718
80	protein3	72.0	4.4	2.1466666
80	r2	4.2	0.0	0.0
80	rnapol	0.0	0.0	0.0
81	__protein1_rbs	6.4	0.0	0.0
81	__protein2_rbs	7.0	0.0	0.0
81	__protein3_rbs	2.6	0.0	0.0
81	__ribosome	37.8	0.0	0.0
81	__rnase_site_ext	12.4	0.0	0.0
81	p0	1.0	0.0	0.0
81	p1	1.0	0.0	0.0
81	p2	0.6	0.0	0.0
81	protein1	279.4	12.4	2.158658
81	protein2	240.2	11.8	2.2455744
81	protein3	73.8	4.4	2.18
81	r2	4.2	0.0	0.0
81	rnapol	0.0	0.0	0.0
82	__protein1_rbs	7.0	0.0	0.0
82	__protein2_rbs	8.0	0.0	0.0
82	__protein3_rbs	3.0	0.0	0.0
82	__ribosome	39.8	0.0	0.0
82	__rnase_site_ext	12.4	0.0	0.0
82	p0	0.6	0.0	0.0
82	p1	0.6	0.0	0.0
82	p2	1.0	0.0	0.0
82	protein1	284.0	12.4	2.2025973999999997
82	protein2	245.6	12.2	2.0432634
82	protein3	76.4	4.2	2.0833334
82	r2	4.2	0.0	0.0
82	rnapol	0.0	0.0	0.0
83	__protein1_rbs	7.0	0.0	0.0
83	__protein2_rbs	7.2	0.0	0.0
83	__protein3_rbs	1.8	0.0	0.0
83	__ribosome	38.2	0.0	0.0
83	__rnase_site_ext	12.4	0.0	0.0
83	p0	1.0	0.0	0.0
83	p1	0.4	0.0	0.0
83	p2	0.6	0.0	0.0
83	protein1	288.6	12.6	2.2604396
83	protein2	251.0	12.2	2.0181818
83	protein3	77.8	4.2	2.1833332000000003
83	r2	4.2	0.0	0.0
83	rnapol	0.0	0.0	0.0
84	__protein1_rbs	6.6	0.0	0.0
84	__protein2_rbs	6.8	0.0	0.0
84	__protein3_rbs	2.6	0.0	0.0
84	__ribosome	38.2	0.0	0.0
84	__rnase_site_ext	12.4	0.0	0.0
84	p0	1.0	0.0	0.0
84	p1	0.6	0.0	0.0
84	p2	0.8	0.0	0.0
84	protein1	294.8	12.4	2.2140326000000004
84	protein2	255.8	12.4	2.0685714
84	protein3	79.2	4.2	2.25
84	r2	4.2	0.0	0.0
84	rnapol	0.0	0.0	0.0
85	__protein1_rbs	6.6	0.0	0.0
85	__protein2_rbs	6.2	0.0	0.0
85	__protein3_rbs	2.8	0.0	0.0
85	__ribosome	37.0	0.0	0.0
85	__rnase_site_ext	12.6	0.0	0.0
85	p0	0.8	0.0	0.0
85	p1	0.4	0.0	0.0
85	p2	0.6	0.0	0.0
85	protein1	299.2	12.4	2.3009322
85	protein2	261.4	12.6	2.0482683999999995
85	protein3	80.8	4.2	2.2333332
85	r2	4.2	0.0	0.0
85	rnapol	0.2	0.0	0.0
86	__protein1_rbs	6.6	0.0	0.0
86	__protein2_rbs	7.2	0.0	0.0
86	__protein3_rbs	2.6	0.0	0.0
86	__ribosome	39.2	0.0	0.0
86	__rnase_site_ext	12.8	0.0	0.0
86	p0	1.0	0.0	0.0
86	p1	0.2	0.0	0.0
86	p2	0.8	0.0	0.0
86	protein1	305.8	12.4	2.2006992000000003
86	protein2	266.6	12.6	2.0043592
86	protein3	82.8	4.2	2.15
86	r2	4.0	0.0	0.0
86	rnapol	0.0	0.0	0.0
87	__protein1_rbs	7.8	0.0	0.0
87	__protein2_rbs	8.6	0.0	0.0
87	__protein3_rbs	2.0	0.0	0.0
87	__ribosome	40.6	0.0	0.0
87	__rnase_site_ext	12.8	0.0	0.0
87	p0	0.8	0.0	0.0
87	p1	0.8	0.0	0.0
87	p2	0.8	0.0	0.0
87	protein1	311.4	12.8	2.0725442
87	protein2	271.6	13.0	1.8653846
87	protein3	85.0	4.0	2.1566666000000003
87	r2	4.0	0.0	0.0
87	rnapol	0.0	0.0	0.0
88	__protein1_rbs	6.6	0.0	0.0
88	__protein2_rbs	5.0	0.0	0.0
88	__protein3_rbs	2.4	0.0	0.0
88	__ribosome	36.6	0.0	0.0
88	__rnase_site_ext	13.0	0.0	0.0
88	p0	0.8	0.0	0.0
88	p1	0.8	0.0	0.0
88	p2	0.8	0.0	0.0
88	protein1	316.8	12.6	2.1648515999999995
88	protein2	276.0	13.4	2.108645
88	protein3	87.0	4.0	2.0066666
88	r2	4.0	0.0	0.0
88	rnapol	0.0	0.0	0.0
89	__protein1_rbs	6.2	0.0	0.0
89	__protein2_rbs	8.2	0.0	0.0
89	__protein3_rbs	2.6	0.0	0.0
89	__ribosome	35.6	0.0	0.0
89	__rnase_site_ext	12.8	0.0	0.0
89	p0	0.8	0.0	0.0
89	p1	0.6	0.0	0.0
89	p2	0.4	0.0	0.0
89	protein1	321.8	12.6	2.2784614000000003
89	protein2	281.2	13.4	2.1004762
89	protein3	88.6	4.0	2.0333334
89	r2	4.2	0.0	0.0
89	rnapol	0.0	0.0	0.0
90	__protein1_rbs	8.6	0.0	0.0
90	__protein2_rbs	6.8	0.0	0.0
90	__protein3_rbs	2.6	0.0	0.0
90	__ribosome	36.4	0.0	0.0
90	__rnase_site_ext	12.8	0.0	0.0
90	p0	1.0	0.0	0.0
90	p1	0.6	0.0	0.0
90	p2	0.4	0.0	0.0
90	protein1	328.0	12.6	2.1289377999999997
90	protein2	287.2	13.6	2.1333333999999997
90	protein3	90.0	4.2	1.9833333999999998
90	r2	4.2	0.0	0.0
90	rnapol	0.0	0.0	0.0
91	__protein1_rbs	7.0	0.0	0.0
91	__protein2_rbs	8.4	0.0	0.0
91	__protein3_rbs	2.2	0.0	0.0
91	__ribosome	34.8	0.0	0.0
91	__rnase_site_ext	13.2	0.0	0.0
91	p0	1.0	0.0	0.0
91	p1	1.0	0.0	0.0
91	p2	1.0	0.0	0.0
91	protein1	333.6	12.8	2.1481584
91	protein2	291.6	13.6	2.1742858000000003
91	protein3	91.8	4.2	2.0566666000000002
91	r2	4.2	0.0	0.0
91	rnapol	0.2	0.0	0.0
92	__protein1_rbs	9.0	0.0	0.0
92	__protein2_rbs	8.2	0.0	0.0
92	__protein3_rbs	2.4	0.0	0.0
92	__ribosome	35.4	0.0	0.0
92	__rnase_site_ext	13.4	0.0	0.0
92	p0	0.6	0.0	0.0
92	p1	0.8	0.0	0.0
92	p2	0.4	0.0	0.0
92	protein1	338.0	13.0	2.0999267999999995
92	protein2	297.6	14.0	2.0916664000000003
92	protein3	93.4	4.2	2.0933333999999997
92	r2	4.2	0.0	0.0
92	rnapol	0.0	0.0	0.0
93	__protein1_rbs	7.6	0.0	0.0
93	__protein2_rbs	7.6	0.0	0.0
93	__protein3_rbs	2.0	0.0	0.0
93	__ribosome	34.2	0.0	0.0
93	__rnase_site_ext	13.4	0.0	0.0
93	p0	1.0	0.0	0.0
93	p1	0.4	0.0	0.0
93	p2	0.2	0.0	0.0
93	protein1	343.8	13.2	2.0830768
93	protein2	303.2	14.0	2.1666666
93	protein3	95.6	4.2	2.0433334000000003
93	r2	4.2	0.0	0.0
93	rnapol	0.0	0.0	0.0
94	__protein1_rbs	7.2	0.0	0.0
94	__protein2_rbs	6.2	0.0	0.0
94	__protein3_rbs	2.2	0.0	0.0
94	__ribosome	32.8	0.0	0.0
94	__rnase_site_ext	13.4	0.0	0.0
94	p0	0.8	0.0	0.0
94	p1	0.8	0.0	0.0
94	p2	0.6	0.0	0.0
94	protein1	350.4	13.4	2.0191576
94	protein2	309.0	13.8	2.2466668
94	protein3	96.6	4.2	2.2666666
94	r2	4.0	0.0	0.0
94	rnapol	0.0	0.0	0.0
95	__protein1_rbs	9.2	0.0	0.0
95	__protein2_rbs	7.8	0.0	0.0
95	__protein3_rbs	2.0	0.0	0.0
95	__ribosome	34.4	0.0	0.0
95	__rnase_site_ext	13.8	0.0	0.0
95	p0	0.6	0.0	0.0
95	p1	0.6	0.0	0.0
95	p2	0.8	0.0	0.0
95	protein1	355.8	13.4	1.9031868
95	protein2	315.6	14.0	2.1780953999999997
95	protein3	98.2	4.0	2.3933334000000004
95	r2	4.0	0.0	0.0
95	rnapol	0.0	0.0	0.0
96	__protein1_rbs	6.4	0.0	0.0
96	__protein2_rbs	9.2	0.0	0.0
96	__protein3_rbs	2.4	0.0	0.0
96	__ribosome	35.4	0.0	0.0
96	__rnase_site_ext	13.8	0.0	0.0
96	p0	0.8	0.0	0.0
96	p1	0.8	0.0	0.0
96	p2	0.4	0.0	0.0
96	protein1	362.2	13.6	1.9344322
96	protein2	321.6	13.8	2.14652
96	protein3	100.6	4.2	2.07
96	r2	4.4	0.0	0.0
96	rnapol	0.0	0.0	0.0
97	__protein1_rbs	7.2	0.0	0.0
97	__protein2_rbs	8.8	0.0	0.0
97	__protein3_rbs	2.4	0.0	0.0
97	__ribosome	31.4	0.0	0.0
97	__rnase_site_ext	13.8	0.0	0.0
97	p0	1.0	0.0	0.0
97	p1	0.6	0.0	0.0
97	p2	0.6	0.0	0.0
97	protein1	365.2	14.0	2.1066667999999997
97	protein2	326.6	14.0	2.1209523999999997
97	protein3	102.2	4.4	2.1100000000000003
97	r2	4.4	0.0	0.0
97	rnapol	0.0	0.0	0.0
98	__protein1_rbs	8.0	0.0	0.0
98	__protein2_rbs	7.2	0.0	0.0
98	__protein3_rbs	2.6	0.0	0.0
98	__ribosome	31.4	0.0	0.0
98	__rnase_site_ext	13.8	0.0	0.0
98	p0	0.8	0.0	0.0
98	p1	0.6	0.0	0.0
98	p2	1.0	0.0	0.0
98	protein1	372.0	13.8	2.062967
98	protein2	333.0	14.0	2.1967764
98	protein3	103.8	4.4	2.15
98	r2	4.4	0.0	0.0
98	rnapol	0.0	0.0	0.0
99	__protein1_rbs	9.2	0.0	0.0
99	__protein2_rbs	7.6	0.0	0.0
99	__protein3_rbs	2.2	0.0	0.0
99	__ribosome	32.0	0.0	0.0
99	__rnase_site_ext	13.8	0.0	0.0
99	p0	1.0	0.0	0.0
99	p1	0.4	0.0	0.0
99	p2	0.6	0.0	0.0
99	protein1	377.0	13.8	2.0319048000000004
99	protein2	340.2	13.8	2.1971428000000004
99	protein3	105.8	4.4	2.19
99	r2	4.4	0.0	0.0
99	rnapol	0.0	0.0	0.0
100	__protein1_rbs	7.4	0.0	0.0
100	__protein2_rbs	8.2	0.0	0.0
100	__protein3_rbs	2.0	0.0	0.0
100	__ribosome	31.6	0.0	0.0
100	__rnase_site_ext	13.8	0.0	0.0
100	p0	1.0	0.0	0.0
100	p1	0.6	0.0	0.0
100	p2	0.4	0.0	0.0
100	protein1	382.0	13.8	2.1331502
100	protein2	346.6	14.2	2.0858334
100	protein3	108.0	4.4	2.2
100	r2	4.6	0.0	0.0
100	rnapol	0.0	0.0	0.0
101	__protein1_rbs	8.4	0.0	0.0
101	__protein2_rbs	7.0	0.0	0.0
101	__protein3_rbs	3.0	0.0	0.0
101	__ribosome	31.4	0.0	0.0
101	__rnase_site_ext	13.8	0.0	0.0
101	p0	0.8	0.0	0.0
101	p1	0.8	0.0	0.0
101	p2	0.8	0.0	0.0
101	protein1	388.8	13.8	2.0260990000000003
101	protein2	352.0	14.2	2.1959706000000003
101	protein3	110.0	4.6	2.13
101	r2	4.6	0.0	0.0
101	rnapol	0.4	0.0	0.0
102	__protein1_rbs	8.0	0.0	0.0
102	__protein2_rbs	8.0	0.0	0.0
102	__protein3_rbs	3.6	0.0	0.0
102	__ribosome	31.4	0.0	0.0
102	__rnase_site_ext	14.2	0.0	0.0
102	p0	0.4	0.0	0.0
102	p1	0.8	0.0	0.0
102	p2	0.6	0.0	0.0
102	protein1	395.2	13.8	2.0010072
102	protein2	357.4	14.6	2.1855767999999998
102	protein3	111.6	4.6	2.03
102	r2	4.6	0.0	0.0
102	rnapol	0.2	0.0	0.0
103	__protein1_rbs	8.8	0.0	0.0
103	__protein2_rbs	9.4	0.0	0.0
103	__protein3_rbs	2.8	0.0	0.0
103	__ribosome	32.8	0.0	0.0
103	__rnase_site_ext	14.6	0.0	0.0
103	p0	0.6	0.0	0.0
103	p1	0.6	0.0	0.0
103	p2	0.8	0.0	0.0
103	protein1	400.4	14.0	1.9665933999999998
103	protein2	363.8	14.4	2.0992947999999996
103	protein3	113.0	4.6	2.12
103	r2	4.6	0.0	0.0
103	rnapol	0.0	0.0	0.0
104	__protein1_rbs	8.0	0.0	0.0
104	__protein2_rbs	8.4	0.0	0.0
104	__protein3_rbs	2.8	0.0	0.0
104	__ribosome	33.6	0.0	0.0
104	__rnase_site_ext	14.8	0.0	0.0
104	p0	0.8	0.0	0.0
104	p1	0.6	0.0	0.0
104	p2	0.6	0.0	0.0
104	protein1	405.6	14.4	1.9723812
104	protein2	370.2	14.4	2.0825456000000004
104	protein3	116.2	4.6	1.78
104	r2	4.6	0.0	0.0
104	rnapol	0.0	0.0	0.0
105	__protein1_rbs	10.4	0.0	0.0
105	__protein2_rbs	7.4	0.0	0.0
105	__protein3_rbs	2.4	0.0	0.0
105	__ribosome	34.4	0.0	0.0
105	__rnase_site_ext	14.6	0.0	0.0
105	p0	1.0	0.0	0.0
105	p1	0.6	0.0	0.0
105	p2	0.6	0.0	0.0
105	protein1	411.2	14.6	1.8628572
105	protein2	376.8	14.6	2.0946428
105	protein3	118.2	4.6	1.78
105	r2	4.6	0.0	0.0
105	rnapol	0.0	0.0	0.0
106	__protein1_rbs	8.8	0.0	0.0
106	__protein2_rbs	9.2	0.0	0.0
106	__protein3_rbs	2.6	0.0	0.0
106	__ribosome	34.6	0.0	0.0
106	__rnase_site_ext	14.2	0.0	0.0
106	p0	0.6	0.0	0.0
106	p1	0.8	0.0	0.0
106	p2	0.2	0.0	0.0
106	protein1	417.2	14.6	1.9085714000000005
106	protein2	383.4	14.4	2.0269046000000004
106	protein3	119.6	4.6	1.93
106	r2	4.6	0.0	0.0
106	rnapol	0.0	0.0	0.0
107	__protein1_rbs	6.6	0.0	0.0
107	__protein2_rbs	7.6	0.0	0.0
107	__protein3_rbs	2.2	0.0	0.0
107	__ribosome	32.0	0.0	0.0
107	__rnase_site_ext	14.2	0.0	0.0
107	p0	1.0	0.0	0.0
107	p1	1.0	0.0	0.0
107	p2	0.8	0.0	0.0
107	protein1	422.2	14.2	2.0876189999999997
107	protein2	389.8	14.8	2.009503
107	protein3	121.4	4.6	1.97
107	r2	4.8	0.0	0.0
107	rnapol	0.2	0.0	0.0
108	__protein1_rbs	9.6	0.0	0.0
108	__protein2_rbs	8.4	0.0	0.0
108	__protein3_rbs	4.2	0.0	0.0
108	__ribosome	33.6	0.0	0.0
108	__rnase_site_ext	14.6	0.0	0.0
108	p0	0.8	0.0	0.0
108	p1	1.0	0.0	0.0
108	p2	0.8	0.0	0.0
108	protein1	429.4	14.4	1.8263369999999999
108	protein2	393.8	14.8	2.172661
108	protein3	122.6	4.8	1.77
108	r2	4.8	0.0	0.0
108	rnapol	0.0	0.0	0.0
109	__protein1_rbs	6.6	0.0	0.0
109	__protein2_rbs	8.2	0.0	0.0
109	__protein3_rbs	1.6	0.0	0.0
109	__ribosome	30.2	0.0	0.0
109	__rnase_site_ext	14.4	0.0	0.0
109	p0	1.0	0.0	0.0
109	p1	0.6	0.0	0.0
109	p2	0.8	0.0	0.0
109	protein1	435.2	14.8	1.9178572
109	protein2	400.6	14.8	2.1470238000000004
109	protein3	124.8	4.8	2.02
109	r2	4.8	0.0	0.0
109	rnapol	0.0	0.0	0.0
110	__protein1_rbs	9.2	0.0	0.0
110	__protein2_rbs	9.0	0.0	0.0
110	__protein3_rbs	2.8	0.0	0.0
110	__ribosome	30.2	0.0	0.0
110	__rnase_site_ext	14.2	0.0	0.0
110	p0	0.8	0.0	0.0
110	p1	0.4	0.0	0.0
110	p2	0.6	0.0	0.0
110	protein1	439.2	14.4	2.028718
110	protein2	406.8	14.6	2.1002382
110	protein3	126.8	4.8	2.0766666000000003
110	r2	5.0	0.0	0.0
110	rnapol	0.0	0.0	0.0
111	__protein1_rbs	8.4	0.0	0.0
111	__protein2_rbs	9.2	0.0	0.0
111	__protein3_rbs	3.0	0.0	0.0
111	__ribosome	30.0	0.0	0.0
111	__rnase_site_ext	14.2	0.0	0.0
111	p0	0.8	0.0	0.0
111	p1	0.4	0.0	0.0
111	p2	0.8	0.0	0.0
111	protein1	444.8	14.2	2.0460166
111	protein2	413.0	15.0	2.0067308
111	protein3	127.8	5.0	2.15
111	r2	5.0	0.0	0.0
111	rnapol	0.0	0.0	0.0
112	__protein1_rbs	7.8	0.0	0.0
112	__protein2_rbs	9.0	0.0	0.0
112	__protein3_rbs	3.2	0.0	0.0
112	__ribosome	31.0	0.0	0.0
112	__rnase_site_ext	14.2	0.0	0.0
112	p0	0.8	0.0	0.0
112	p1	1.0	0.0	0.0
112	p2	0.6	0.0	0.0
112	protein1	451.2	14.2	2.0445054
112	protein2	419.6	15.4	1.9311906000000003
112	protein3	130.4	5.0	2.02
112	r2	5.0	0.0	0.0
112	rnapol	0.0	0.0	0.0
113	__protein1_rbs	9.4	0.0	0.0
113	__protein2_rbs	9.0	0.0	0.0
113	__protein3_rbs	3.6	0.0	0.0
113	__ribosome	32.2	0.0	0.0
113	__rnase_site_ext	14.4	0.0	0.0
113	p0	0.8	0.0	0.0
113	p1	1.0	0.0	0.0
113	p2	0.8	0.0	0.0
113	protein1	457.6	14.2	1.8929946
113	protein2	425.6	16.0	1.9192648
113	protein3	131.8	5.0	2.03
113	r2	4.8	0.0	0.0
113	rnapol	0.0	0.0	0.0
114	__protein1_rbs	7.8	0.0	0.0
114	__protein2_rbs	11.2	0.0	0.0
114	__protein3_rbs	3.2	0.0	0.0
114	__ribosome	34.4	0.0	0.0
114	__rnase_site_ext	14.6	0.0	0.0
114	p0	0.8	0.0	0.0
114	p1	0.6	0.0	0.0
114	p2	1.0	0.0	0.0
114	protein1	464.0	14.2	1.9063188000000002
114	protein2	432.0	15.4	1.9065476
114	protein3	134.6	4.8	1.8633334
114	r2	4.8	0.0	0.0
114	rnapol	0.0	0.0	0.0
115	__protein1_rbs	9.8	0.0	0.0
115	__protein2_rbs	8.2	0.0	0.0
115	__protein3_rbs	3.0	0.0	0.0
115	__ribosome	34.2	0.0	0.0
115	__rnase_site_ext	14.4	0.0	0.0
115	p0	1.0	0.0	0.0
115	p1	0.2	0.0	0.0
115	p2	0.8	0.0	0.0
115	protein1	469.6	14.6	1.7892856
115	protein2	437.8	15.4	2.0080952
115	protein3	136.8	4.8	1.7833333999999998
115	r2	4.8	0.0	0.0
115	rnapol	0.0	0.0	0.0
116	__protein1_rbs	9.4	0.0	0.0
116	__protein2_rbs	8.8	0.0	0.0
116	__protein3_rbs	2.8	0.0	0.0
116	__ribosome	34.0	0.0	0.0
116	__rnase_site_ext	14.0	0.0	0.0
116	p0	1.0	0.0	0.0
116	p1	0.6	0.0	0.0
116	p2	0.4	0.0	0.0
116	protein1	475.0	14.6	1.8478022000000005
116	protein2	444.2	15.2	2.0113093999999996
116	protein3	139.0	4.8	1.7633333999999998
116	r2	4.8	0.0	0.0
116	rnapol	0.0	0.0	0.0
117	__protein1_rbs	7.2	0.0	0.0
117	__protein2_rbs	10.2	0.0	0.0
117	__protein3_rbs	2.0	0.0	0.0
117	__ribosome	33.0	0.0	0.0
117	__rnase_site_ext	14.4	0.0	0.0
117	p0	0.8	0.0	0.0
117	p1	0.8	0.0	0.0
117	p2	0.4	0.0	0.0
117	protein1	480.6	14.0	2.0024818
117	protein2	451.0	16.0	1.8502452000000005
117	protein3	140.8	4.8	2.0033334
117	r2	4.6	0.0	0.0
117	rnapol	0.0	0.0	0.0
118	__protein1_rbs	8.6	0.0	0.0
118	__protein2_rbs	8.0	0.0	0.0
118	__protein3_rbs	2.6	0.0	0.0
118	__ribosome	30.0	0.0	0.0
118	__rnase_site_ext	14.4	0.0	0.0
118	p0	0.8	0.0	0.0
118	p1	1.0	0.0	0.0
118	p2	0.4	0.0	0.0
118	protein1	485.6	14.2	2.0128844
118	protein2	456.8	16.2	1.9756369999999999
118	protein3	142.6	4.6	2.1366666000000003
118	r2	4.6	0.0	0.0
118	rnapol	0.2	0.0	0.0
119	__protein1_rbs	7.6	0.0	0.0
119	__protein2_rbs	11.2	0.0	0.0
119	__protein3_rbs	3.0	0.0	0.0
119	__ribosome	31.0	0.0	0.0
119	__rnase_site_ext	14.8	0.0	0.0
119	p0	0.8	0.0	0.0
119	p1	1.0	0.0	0.0
119	p2	0.8	0.0	0.0
119	protein1	492.4	14.4	1.9574358
119	protein2	462.6	16.4	1.9167484000000001
119	protein3	144.0	4.6	2.1533333999999997
119	r2	4.4	0.0	0.0
119	rnapol	0.0	0.0	0.0
120	__protein1_rbs	8.0	0.0	0.0
120	__protein2_rbs	9.6	0.0	0.0
120	__protein3_rbs	2.4	0.0	0.0
120	__ribosome	29.0	0.0	0.0
120	__rnase_site_ext	14.6	0.0	0.0
120	p0	0.6	0.0	0.0
120	p1	0.4	0.0	0.0
120	p2	1.0	0.0	0.0
120	protein1	498.0	15.0	1.9721544
120	protein2	469.2	16.2	1.943889
120	protein3	145.6	4.4	2.3166666
120	r2	4.4	0.0	0.0
120	rnapol	0.0	0.0	0.0
121	__protein1_rbs	9.4	0.0	0.0
121	__protein2_rbs	10.2	0.0	0.0
121	__protein3_rbs	2.4	0.0	0.0
121	__ribosome	28.0	0.0	0.0
121	__rnase_site_ext	15.0	0.0	0.0
121	p0	0.8	0.0	0.0
121	p1	0.6	0.0	0.0
121	p2	0.6	0.0	0.0
121	protein1	502.2	14.6	2.1643220000000003
121	protein2	476.0	16.2	1.9152778
121	protein3	147.6	4.4	2.2333334
121	r2	4.4	0.0	0.0
121	rnapol	0.0	0.0	0.0
122	__protein1_rbs	9.6	0.0	0.0
122	__protein2_rbs	10.4	0.0	0.0
122	__protein3_rbs	2.0	0.0	0.0
122	__ribosome	31.4	0.0	0.0
122	__rnase_site_ext	14.8	0.0	0.0
122	p0	1.0	0.0	0.0
122	p1	0.6	0.0	0.0
122	p2	0.2	0.0	0.0
122	protein1	509.0	14.8	1.9741148
122	protein2	482.0	15.8	1.9225
122	protein3	150.4	4.2	2.2
122	r2	4.2	0.0	0.0
122	rnapol	0.0	0.0	0.0
123	__protein1_rbs	9.0	0.0	0.0
123	__protein2_rbs	8.4	0.0	0.0
123	__protein3_rbs	2.4	0.0	0.0
123	__ribosome	31.6	0.0	0.0
123	__rnase_site_ext	14.8	0.0	0.0
123	p0	1.0	0.0	0.0
123	p1	0.8	0.0	0.0
123	p2	0.6	0.0	0.0
123	protein1	514.8	15.0	1.9822221999999998
123	protein2	489.6	16.0	1.8732352
123	protein3	152.8	4.2	2.1166668
123	r2	4.2	0.0	0.0
123	rnapol	0.0	0.0	0.0
124	__protein1_rbs	10.2	0.0	0.0
124	__protein2_rbs	10.8	0.0	0.0
124	__protein3_rbs	2.6	0.0	0.0
124	__ribosome	35.4	0.0	0.0
124	__rnase_site_ext	14.8	0.0	0.0
124	p0	0.8	0.0	0.0
124	p1	0.6	0.0	0.0
124	p2	0.8	0.0	0.0
124	protein1	521.8	14.8	1.8492064
124	protein2	495.6	16.4	1.7705882000000002
124	protein3	154.6	4.2	2.0166666
124	r2	4.4	0.0	0.0
124	rnapol	0.0	0.0	0.0
125	__protein1_rbs	8.4	0.0	0.0
125	__protein2_rbs	9.0	0.0	0.0
125	__protein3_rbs	3.0	0.0	0.0
125	__ribosome	33.0	0.0	0.0
125	__rnase_site_ext	14.8	0.0	0.0
125	p0	1.0	0.0	0.0
125	p1	0.6	0.0	0.0
125	p2	0.8	0.0	0.0
125	protein1	528.0	14.8	1.9190476000000003
125	protein2	501.4	16.2	1.880147
125	protein3	156.0	4.4	1.8761906000000004
125	r2	4.8	0.0	0.0
125	rnapol	0.0	0.0	0.0
126	__protein1_rbs	6.6	0.0	0.0
126	__protein2_rbs	7.6	0.0	0.0
126	__protein3_rbs	2.6	0.0	0.0
126	__ribosome	30.4	0.0	0.0
126	__rnase_site_ext	14.6	0.0	0.0
126	p0	1.0	0.0	0.0
126	p1	0.4	0.0	0.0
126	p2	1.0	0.0	0.0
126	protein1	533.8	14.8	2.047871
126	protein2	508.2	15.6	1.9675
126	protein3	157.8	4.8	1.8014286
126	r2	4.8	0.0	0.0
126	rnapol	0.0	0.0	0.0
127	__protein1_rbs	9.0	0.0	0.0
127	__protein2_rbs	9.0	0.0	0.0
127	__protein3_rbs	3.2	0.0	0.0
127	__ribosome	28.8	0.0	0.0
127	__rnase_site_ext	14.4	0.0	0.0
127	p0	1.0	0.0	0.0
127	p1	0.4	0.0	0.0
127	p2	0.4	0.0	0.0
127	protein1	538.8	14.8	2.0659664
127	protein2	513.0	15.8	2.0588726000000004
127	protein3	159.8	4.8	1.7128571999999995
127	r2	5.0	0.0	0.0
127	rnapol	0.0	0.0	0.0
128	__protein1_rbs	8.0	0.0	0.0
128	__protein2_rbs	10.2	0.0	0.0
128	__protein3_rbs	2.8	0.0	0.0
128	__ribosome	30.6	0.0	0.0
128	__rnase_site_ext	14.2	0.0	0.0
128	p0	1.0	0.0	0.0
128	p1	0.4	0.0	0.0
128	p2	0.6	0.0	0.0
128	protein1	545.0	14.4	2.115
128	protein2	520.6	16.0	1.8963888
128	protein3	161.4	5.0	1.7914285999999997
128	r2	5.0	0.0	0.0
128	rnapol	0.0	0.0	0.0
129	__protein1_rbs	10.0	0.0	0.0
129	__protein2_rbs	10.0	0.0	0.0
129	__protein3_rbs	4.0	0.0	0.0
129	__ribosome	31.0	0.0	0.0
129	__rnase_site_ext	14.2	0.0	0.0
129	p0	1.0	0.0	0.0
129	p1	0.6	0.0	0.0
129	p2	0.6	0.0	0.0
129	protein1	551.4	14.2	1.9858334
129	protein2	525.8	16.2	1.9893421999999998
129	protein3	162.8	5.0	1.7914285999999997
129	r2	4.8	0.0	0.0
129	rnapol	0.2	0.0	0.0
130	__protein1_rbs	7.6	0.0	0.0
130	__protein2_rbs	10.8	0.0	0.0
130	__protein3_rbs	3.6	0.0	0.0
130	__ribosome	31.4	0.0	0.0
130	__rnase_site_ext	14.6	0.0	0.0
130	p0	0.6	0.0	0.0
130	p1	0.8	0.0	0.0
130	p2	0.8	0.0	0.0
130	protein1	557.4	14.2	2.0224998
130	protein2	531.6	16.2	1.949035
130	protein3	164.2	4.8	1.8266666
130	r2	5.0	0.0	0.0
130	rnapol	0.0	0.0	0.0
131	__protein1_rbs	8.2	0.0	0.0
131	__protein2_rbs	9.2	0.0	0.0
131	__protein3_rbs	2.8	0.0	0.0
131	__ribosome	33.2	0.0	0.0
131	__rnase_site_ext	14.8	0.0	0.0
131	p0	0.6	0.0	0.0
131	p1	0.6	0.0	0.0
131	p2	0.6	0.0	0.0
131	protein1	565.0	14.4	1.9028846
131	protein2	539.0	16.6	1.8732044
131	protein3	167.0	5.0	1.75
131	r2	5.2	0.0	0.0
131	rnapol	0.0	0.0	0.0
132	__protein1_rbs	8.8	0.0	0.0
132	__protein2_rbs	11.2	0.0	0.0
132	__protein3_rbs	3.0	0.0	0.0
132	__ribosome	34.0	0.0	0.0
132	__rnase_site_ext	15.0	0.0	0.0
132	p0	0.8	0.0	0.0
132	p1	0.6	0.0	0.0
132	p2	0.6	0.0	0.0
132	protein1	570.4	15.0	1.8669824
132	protein2	546.2	16.2	1.7938561999999998
132	protein3	168.6	5.2	1.7514286000000001
132	r2	5.2	0.0	0.0
132	rnapol	0.0	0.0	0.0
133	__protein1_rbs	7.4	0.0	0.0
133	__protein2_rbs	9.0	0.0	0.0
133	__protein3_rbs	3.4	0.0	0.0
133	__ribosome	30.6	0.0	0.0
133	__rnase_site_ext	15.2	0.0	0.0
133	p0	0.8	0.0	0.0
133	p1	1.0	0.0	0.0
133	p2	0.4	0.0	0.0
133	protein1	576.0	15.0	1.9829186
133	protein2	552.2	15.8	1.9621102
133	protein3	170.6	5.2	1.75
133	r2	5.4	0.0	0.0
133	rnapol	0.0	0.0	0.0
134	__protein1_rbs	10.2	0.0	0.0
134	__protein2_rbs	9.8	0.0	0.0
134	__protein3_rbs	3.0	0.0	0.0
134	__ribosome	28.4	0.0	0.0
134	__rnase_site_ext	15.4	0.0	0.0
134	p0	0.8	0.0	0.0
134	p1	1.0	0.0	0.0
134	p2	0.4	0.0	0.0
134	protein1	580.8	15.2	1.937305
134	protein2	557.6	16.2	1.9653174
134	protein3	171.8	5.4	1.9857142
134	r2	5.4	0.0	0.0
134	rnapol	0.0	0.0	0.0
135	__protein1_rbs	10.0	0.0	0.0
135	__protein2_rbs	10.0	0.0	0.0
135	__protein3_rbs	3.0	0.0	0.0
135	__ribosome	29.4	0.0	0.0
135	__rnase_site_ext	15.6	0.0	0.0
135	p0	1.0	0.0	0.0
135	p1	1.0	0.0	0.0
135	p2	0.6	0.0	0.0
135	protein1	587.0	15.4	1.8908526
135	protein2	564.6	16.2	1.8679366
135	protein3	173.6	5.4	2.0919048
135	r2	5.4	0.0	0.0
135	rnapol	0.0	0.0	0.0
136	__protein1_rbs	11.2	0.0	0.0
136	__protein2_rbs	9.2	0.0	0.0
136	__protein3_rbs	4.0	0.0	0.0
136	__ribosome	30.4	0.0	0.0
136	__rnase_site_ext	15.8	0.0	0.0
136	p0	0.6	0.0	0.0
136	p1	1.0	0.0	0.0
136	p2	0.8	0.0	0.0
136	protein1	592.6	15.6	1.8071921999999998
136	protein2	570.8	16.2	1.9262696
136	protein3	176.2	5.4	1.9585714
136	r2	5.4	0.0	0.0
136	rnapol	0.0	0.0	0.0
137	__protein1_rbs	9.0	0.0	0.0
137	__protein2_rbs	9.4	0.0	0.0
137	__protein3_rbs	2.6	0.0	0.0
137	__ribosome	31.2	0.0	0.0
137	__rnase_site_ext	16.2	0.0	0.0
137	p0	0.6	0.0	0.0
137	p1	0.4	0.0	0.0
137	p2	0.8	0.0	0.0
137	protein1	599.6	15.4	1.8051872
137	protein2	577.4	15.4	1.9648808
137	protein3	178.6	5.4	2.0076191999999997
137	r2	5.8	0.0	0.0
137	rnapol	0.0	0.0	0.0
138	__protein1_rbs	10.8	0.0	0.0
138	__protein2_rbs	9.6	0.0	0.0
138	__protein3_rbs	3.2	0.0	0.0
138	__ribosome	32.2	0.0	0.0
138	__rnase_site_ext	16.2	0.0	0.0
138	p0	0.8	0.0	0.0
138	p1	0.6	0.0	0.0
138	p2	0.6	0.0	0.0
138	protein1	606.0	16.0	1.6802008000000002
138	protein2	584.0	15.4	1.9161326
138	protein3	180.6	5.8	1.957143
138	r2	5.8	0.0	0.0
138	rnapol	0.0	0.0	0.0
139	__protein1_rbs	9.6	0.0	0.0
139	__protein2_rbs	8.8	0.0	0.0
139	__protein3_rbs	3.8	0.0	0.0
139	__ribosome	30.4	0.0	0.0
139	__rnase_site_ext	16.0	0.0	0.0
139	p0	0.8	0.0	0.0
139	p1	0.4	0.0	0.0
139	p2	0.6	0.0	0.0
139	protein1	610.8	16.0	1.8132936
139	protein2	590.4	15.8	1.8771796000000005
139	protein3	183.2	5.8	1.8457142
139	r2	5.8	0.0	0.0
139	rnapol	0.0	0.0	0.0
140	__protein1_rbs	8.2	0.0	0.0
140	__protein2_rbs	9.8	0.0	0.0
140	__protein3_rbs	3.4	0.0	0.0
140	__ribosome	28.4	0.0	0.0
140	__rnase_site_ext	16.2	0.0	0.0
140	p0	0.6	0.0	0.0
140	p1	0.4	0.0	0.0
140	p2	1.0	0.0	0.0
140	protein1	616.0	16.0	1.9853406000000002
140	protein2	596.8	15.8	1.8607556000000005
140	protein3	185.4	5.8	1.7923808
140	r2	5.8	0.0	0.0
140	rnapol	0.0	0.0	0.0
141	__protein1_rbs	11.0	0.0	0.0
141	__protein2_rbs	11.6	0.0	0.0
141	__protein3_rbs	3.2	0.0	0.0
141	__ribosome	28.2	0.0	0.0
141	__rnase_site_ext	16.4	0.0	0.0
141	p0	1.0	0.0	0.0
141	p1	0.8	0.0	0.0
141	p2	1.0	0.0	0.0
141	protein1	621.8	16.0	2.0165552
141	protein2	603.0	16.2	1.7468046000000002
141	protein3	187.2	5.8	1.955238
141	r2	5.8	0.0	0.0
141	rnapol	0.0	0.0	0.0
142	__protein1_rbs	11.4	0.0	0.0
142	__protein2_rbs	9.4	0.0	0.0
142	__protein3_rbs	3.8	0.0	0.0
142	__ribosome	30.0	0.0	0.0
142	__rnase_site_ext	15.6	0.0	0.0
142	p0	1.0	0.0	0.0
142	p1	0.8	0.0	0.0
142	p2	1.0	0.0	0.0
142	protein1	628.4	16.4	1.8765246
142	protein2	609.2	16.0	1.7934218000000002
142	protein3	189.8	5.8	1.8266666
142	r2	5.8	0.0	0.0
142	rnapol	0.0	0.0	0.0
143	__protein1_rbs	8.4	0.0	0.0
143	__protein2_rbs	10.0	0.0	0.0
143	__protein3_rbs	3.0	0.0	0.0
143	__ribosome	27.4	0.0	0.0
143	__rnase_site_ext	15.8	0.0	0.0
143	p0	0.8	0.0	0.0
143	p1	0.6	0.0	0.0
143	p2	0.8	0.0	0.0
143	protein1	634.0	15.6	2.0826797999999997
143	protein2	615.2	16.0	1.846928
143	protein3	192.2	5.8	1.8838093999999996
143	r2	5.8	0.0	0.0
143	rnapol	0.0	0.0	0.0
144	__protein1_rbs	10.4	0.0	0.0
144	__protein2_rbs	10.2	0.0	0.0
144	__protein3_rbs	3.2	0.0	0.0
144	__ribosome	28.2	0.0	0.0
144	__rnase_site_ext	15.8	0.0	0.0
144	p0	1.0	0.0	0.0
144	p1	0.2	0.0	0.0
144	p2	0.6	0.0	0.0
144	protein1	642.2	15.6	1.9420636
144	protein2	620.8	16.0	1.8558169999999998
144	protein3	194.0	5.8	2.0466666000000004
144	r2	5.6	0.0	0.0
144	rnapol	0.0	0.0	0.0
145	__protein1_rbs	9.6	0.0	0.0
145	__protein2_rbs	10.4	0.0	0.0
145	__protein3_rbs	4.4	0.0	0.0
145	__ribosome	30.4	0.0	0.0
145	__rnase_site_ext	15.6	0.0	0.0
145	p0	1.0	0.0	0.0
145	p1	0.6	0.0	0.0
145	p2	0.6	0.0	0.0
145	protein1	648.2	15.8	1.896111
145	protein2	627.2	16.2	1.7880288
145	protein3	196.8	5.6	1.9180952
145	r2	5.6	0.0	0.0
145	rnapol	0.0	0.0	0.0
146	__protein1_rbs	9.8	0.0	0.0
146	__protein2_rbs	11.2	0.0	0.0
146	__protein3_rbs	3.2	0.0	0.0
146	__ribosome	30.2	0.0	0.0
146	__rnase_site_ext	15.8	0.0	0.0
146	p0	0.8	0.0	0.0
146	p1	0.8	0.0	0.0
146	p2	0.6	0.0	0.0
146	protein1	654.0	15.6	1.944281
146	protein2	633.2	16.6	1.7252921999999995
146	protein3	198.8	5.6	1.9980952000000003
146	r2	5.2	0.0	0.0
146	rnapol	0.0	0.0	0.0
147	__protein1_rbs	9.2	0.0	0.0
147	__protein2_rbs	10.6	0.0	0.0
147	__protein3_rbs	3.4	0.0	0.0
147	__ribosome	30.8	0.0	0.0
147	__rnase_site_ext	16.0	0.0	0.0
147	p0	0.8	0.0	0.0
147	p1	0.8	0.0	0.0
147	p2	0.4	0.0	0.0
147	protein1	660.0	15.6	1.9941668000000001
147	protein2	640.0	16.8	1.7061258
147	protein3	201.8	5.2	1.9723808
147	r2	5.2	0.0	0.0
147	rnapol	0.0	0.0	0.0
148	__protein1_rbs	11.6	0.0	0.0
148	__protein2_rbs	9.8	0.0	0.0
148	__protein3_rbs	2.8	0.0	0.0
148	__ribosome	33.0	0.0	0.0
148	__rnase_site_ext	16.4	0.0	0.0
148	p0	0.6	0.0	0.0
148	p1	0.6	0.0	0.0
148	p2	0.8	0.0	0.0
148	protein1	668.0	16.0	1.7348014000000005
148	protein2	646.6	17.0	1.7090083999999999
148	protein3	203.4	5.2	2.0814286
148	r2	5.2	0.0	0.0
148	rnapol	0.0	0.0	0.0
149	__protein1_rbs	9.8	0.0	0.0
149	__protein2_rbs	11.0	0.0	0.0
149	__protein3_rbs	3.4	0.0	0.0
149	__ribosome	29.8	0.0	0.0
149	__rnase_site_ext	16.4	0.0	0.0
149	p0	0.4	0.0	0.0
149	p1	0.8	0.0	0.0
149	p2	0.8	0.0	0.0
149	protein1	673.2	16.4	1.8140288
149	protein2	651.4	16.8	1.839432
149	protein3	205.8	5.2	1.9328572
149	r2	5.2	0.0	0.0
149	rnapol	0.0	0.0	0.0
150	__protein1_rbs	9.8	0.0	0.0
150	__protein2_rbs	10.2	0.0	0.0
150	__protein3_rbs	3.0	0.0	0.0
150	__ribosome	29.0	0.0	0.0
150	__rnase_site_ext	16.6	0.0	0.0
150	p0	1.0	0.0	0.0
150	p1	0.6	0.0	0.0
150	p2	0.8	0.0	0.0
150	protein1	679.8	16.2	1.8161343999999997
150	protein2	657.6	17.2	1.8612529999999998
150	protein3	207.8	5.2	1.9128572
150	r2	5.0	0.0	0.0
150	rnapol	0.0	0.0	0.0
151	__protein1_rbs	10.6	0.0	0.0
151	__protein2_rbs	11.2	0.0	0.0
151	__protein3_rbs	2.6	0.0	0.0
151	__ribosome	27.8	0.0	0.0
151	__rnase_site_ext	16.6	0.0	0.0
151	p0	0.8	0.0	0.0
151	p1	0.4	0.0	0.0
151	p2	0.4	0.0	0.0
151	protein1	685.8	16.6	1.8101694
151	protein2	663.6	17.2	1.9057644
151	protein3	210.0	5.0	2.0942858
151	r2	4.8	0.0	0.0
151	rnapol	0.0	0.0	0.0
152	__protein1_rbs	10.2	0.0	0.0
152	__protein2_rbs	11.2	0.0	0.0
152	__protein3_rbs	2.8	0.0	0.0
152	__ribosome	27.2	0.0	0.0
152	__rnase_site_ext	16.4	0.0	0.0
152	p0	1.0	0.0	0.0
152	p1	0.8	0.0	0.0
152	p2	0.4	0.0	0.0
152	protein1	692.0	16.6	1.9035382
152	protein2	671.0	17.0	1.8320468
152	protein3	211.8	4.8	2.3528572
152	r2	4.8	0.0	0.0
152	rnapol	0.0	0.0	0.0
153	__protein1_rbs	9.8	0.0	0.0
153	__protein2_rbs	10.2	0.0	0.0
153	__protein3_rbs	2.8	0.0	0.0
153	__ribosome	26.2	0.0	0.0
153	__rnase_site_ext	16.8	0.0	0.0
153	p0	0.6	0.0	0.0
153	p1	0.8	0.0	0.0
153	p2	0.8	0.0	0.0
153	protein1	697.6	16.4	2.0064161999999994
153	protein2	677.6	17.4	1.8107268
153	protein3	213.8	4.8	2.3642857999999998
153	r2	4.8	0.0	0.0
153	rnapol	0.2	0.0	0.0
154	__protein1_rbs	10.2	0.0	0.0
154	__protein2_rbs	10.4	0.0	0.0
154	__protein3_rbs	2.8	0.0	0.0
154	__ribosome	26.2	0.0	0.0
154	__rnase_site_ext	17.0	0.0	0.0
154	p0	0.6	0.0	0.0
154	p1	0.6	0.0	0.0
154	p2	0.6	0.0	0.0
154	protein1	703.6	16.6	2.0030292000000003
154	protein2	685.2	17.4	1.7502004
154	protein3	216.0	5.0	2.2185714
154	r2	5.0	0.0	0.0
154	rnapol	0.0	0.0	0.0
155	__protein1_rbs	13.0	0.0	0.0
155	__protein2_rbs	11.4	0.0	0.0
155	__protein3_rbs	3.0	0.0	0.0
155	__ribosome	30.8	0.0	0.0
155	__rnase_site_ext	16.8	0.0	0.0
155	p0	1.0	0.0	0.0
155	p1	0.6	0.0	0.0
155	p2	0.6	0.0	0.0
155	protein1	711.2	17.0	1.7513676
155	protein2	692.4	17.2	1.7207017999999998
155	protein3	218.4	5.2	2.0780952
155	r2	5.2	0.0	0.0
155	rnapol	0.0	0.0	0.0
156	__protein1_rbs	8.6	0.0	0.0
156	__protein2_rbs	12.2	0.0	0.0
156	__protein3_rbs	3.0	0.0	0.0
156	__ribosome	26.8	0.0	0.0
156	__rnase_site_ext	17.0	0.0	0.0
156	p0	0.8	0.0	0.0
156	p1	0.4	0.0	0.0
156	p2	0.8	0.0	0.0
156	protein1	718.2	16.8	1.874246
156	protein2	697.0	17.6	1.7975439999999998
156	protein3	220.6	5.2	2.0685714
156	r2	4.8	0.0	0.0
156	rnapol	0.2	0.0	0.0
157	__protein1_rbs	11.0	0.0	0.0
157	__protein2_rbs	10.2	0.0	0.0
157	__protein3_rbs	3.6	0.0	0.0
157	__ribosome	26.4	0.0	0.0
157	__rnase_site_ext	17.0	0.0	0.0
157	p0	0.8	0.0	0.0
157	p1	0.4	0.0	0.0
157	p2	0.6	0.0	0.0
157	protein1	725.0	16.8	1.8570238000000001
157	protein2	702.8	17.6	1.8966352
157	protein3	223.0	4.8	1.9533334
157	r2	4.8	0.0	0.0
157	rnapol	0.0	0.0	0.0
158	__protein1_rbs	11.6	0.0	0.0
158	__protein2_rbs	11.2	0.0	0.0
158	__protein3_rbs	2.8	0.0	0.0
158	__ribosome	29.4	0.0	0.0
158	__rnase_site_ext	17.2	0.0	0.0
158	p0	0.8	0.0	0.0
158	p1	0.8	0.0	0.0
158	p2	0.6	0.0	0.0
158	protein1	731.8	17.0	1.7322316000000002
158	protein2	710.2	18.0	1.7747368000000001
158	protein3	225.6	4.8	1.9733332
158	r2	4.8	0.0	0.0
158	rnapol	0.0	0.0	0.0
159	__protein1_rbs	11.0	0.0	0.0
159	__protein2_rbs	9.4	0.0	0.0
159	__protein3_rbs	2.6	0.0	0.0
159	__ribosome	26.4	0.0	0.0
159	__rnase_site_ext	17.6	0.0	0.0
159	p0	0.6	0.0	0.0
159	p1	0.8	0.0	0.0
159	p2	1.0	0.0	0.0
159	protein1	737.2	17.2	1.8015874
159	protein2	717.4	17.8	1.8921596
159	protein3	227.6	4.6	2.1166668
159	r2	4.6	0.0	0.0
159	rnapol	0.0	0.0	0.0
160	__protein1_rbs	11.4	0.0	0.0
160	__protein2_rbs	13.6	0.0	0.0
160	__protein3_rbs	2.6	0.0	0.0
160	__ribosome	27.6	0.0	0.0
160	__rnase_site_ext	18.0	0.0	0.0
160	p0	0.8	0.0	0.0
160	p1	0.6	0.0	0.0
160	p2	0.6	0.0	0.0
160	protein1	743.6	17.4	1.7954689999999998
160	protein2	723.6	17.6	1.7955115999999998
160	protein3	229.2	4.6	2.2
160	r2	4.4	0.0	0.0
160	rnapol	0.0	0.0	0.0
161	__protein1_rbs	11.6	0.0	0.0
161	__protein2_rbs	10.8	0.0	0.0
161	__protein3_rbs	3.0	0.0	0.0
161	__ribosome	30.6	0.0	0.0
161	__rnase_site_ext	17.8	0.0	0.0
161	p0	1.0	0.0	0.0
161	p1	0.4	0.0	0.0
161	p2	0.6	0.0	0.0
161	protein1	750.8	18.0	1.6746496
161	protein2	731.2	17.4	1.7496155999999998
161	protein3	231.2	4.6	2.0333332
161	r2	4.4	0.0	0.0
161	rnapol	0.0	0.0	0.0
162	__protein1_rbs	9.8	0.0	0.0
162	__protein2_rbs	9.6	0.0	0.0
162	__protein3_rbs	3.0	0.0	0.0
162	__ribosome	27.0	0.0	0.0
162	__rnase_site_ext	17.8	0.0	0.0
162	p0	1.0	0.0	0.0
162	p1	0.8	0.0	0.0
162	p2	0.6	0.0	0.0
162	protein1	756.8	17.8	1.7948936000000002
162	protein2	737.2	17.4	1.8789266
162	protein3	233.2	4.4	2.05
162	r2	4.4	0.0	0.0
162	rnapol	0.0	0.0	0.0
163	__protein1_rbs	10.6	0.0	0.0
163	__protein2_rbs	11.8	0.0	0.0
163	__protein3_rbs	2.8	0.0	0.0
163	__ribosome	27.6	0.0	0.0
163	__rnase_site_ext	17.6	0.0	0.0
163	p0	1.0	0.0	0.0
163	p1	0.8	0.0	0.0
163	p2	0.4	0.0	0.0
163	protein1	762.6	17.8	1.8500626
163	protein2	744.8	18.0	1.7264732000000005
163	protein3	235.0	4.4	2.0666666
163	r2	4.6	0.0	0.0
163	rnapol	0.0	0.0	0.0
164	__protein1_rbs	10.6	0.0	0.0
164	__protein2_rbs	11.0	0.0	0.0
164	__protein3_rbs	2.8	0.0	0.0
164	__ribosome	28.8	0.0	0.0
164	__rnase_site_ext	17.6	0.0	0.0
164	p0	0.8	0.0	0.0
164	p1	0.6	0.0	0.0
164	p2	0.6	0.0	0.0
164	protein1	769.2	17.6	1.9137698
164	protein2	752.2	18.0	1.6765667999999998
164	protein3	238.2	4.6	1.7976192000000002
164	r2	4.4	0.0	0.0
164	rnapol	0.0	0.0	0.0
165	__protein1_rbs	10.4	0.0	0.0
165	__protein2_rbs	9.6	0.0	0.0
165	__protein3_rbs	2.6	0.0	0.0
165	__ribosome	25.2	0.0	0.0
165	__rnase_site_ext	18.0	0.0	0.0
165	p0	0.6	0.0	0.0
165	p1	0.8	0.0	0.0
165	p2	0.8	0.0	0.0
165	protein1	776.0	17.4	1.9285714
165	protein2	757.6	18.0	1.834048
165	protein3	239.4	4.6	1.9666666000000002
165	r2	4.4	0.0	0.0
165	rnapol	0.0	0.0	0.0
166	__protein1_rbs	12.0	0.0	0.0
166	__protein2_rbs	12.0	0.0	0.0
166	__protein3_rbs	2.6	0.0	0.0
166	__ribosome	26.2	0.0	0.0
166	__rnase_site_ext	18.0	0.0	0.0
166	p0	1.0	0.0	0.0
166	p1	0.4	0.0	0.0
166	p2	0.8	0.0	0.0
166	protein1	782.8	17.6	1.8377776
166	protein2	764.4	18.4	1.7499164
166	protein3	240.6	4.6	2.0999998
166	r2	4.6	0.0	0.0
166	rnapol	0.0	0.0	0.0
167	__protein1_rbs	12.4	0.0	0.0
167	__protein2_rbs	11.0	0.0	0.0
167	__protein3_rbs	3.4	0.0	0.0
167	__ribosome	27.0	0.0	0.0
167	__rnase_site_ext	17.4	0.0	0.0
167	p0	1.0	0.0	0.0
167	p1	0.4	0.0	0.0
167	p2	0.4	0.0	0.0
167	protein1	789.4	18.0	1.7344446000000002
167	protein2	771.2	18.0	1.8280702
167	protein3	242.4	4.6	1.9666668
167	r2	4.8	0.0	0.0
167	rnapol	0.0	0.0	0.0
168	__protein1_rbs	12.6	0.0	0.0
168	__protein2_rbs	11.4	0.0	0.0
168	__protein3_rbs	2.6	0.0	0.0
168	__ribosome	26.2	0.0	0.0
168	__rnase_site_ext	17.2	0.0	0.0
168	p0	0.8	0.0	0.0
168	p1	0.8	0.0	0.0
168	p2	0.6	0.0	0.0
168	protein1	796.4	17.4	1.6992158
168	protein2	776.8	18.2	1.9483214
168	protein3	244.6	4.8	1.9833333999999998
168	r2	4.8	0.0	0.0
168	rnapol	0.0	0.0	0.0
169	__protein1_rbs	10.8	0.0	0.0
169	__protein2_rbs	11.8	0.0	0.0
169	__protein3_rbs	3.8	0.0	0.0
169	__ribosome	29.4	0.0	0.0
169	__rnase_site_ext	17.6	0.0	0.0
169	p0	0.4	0.0	0.0
169	p1	0.8	0.0	0.0
169	p2	1.0	0.0	0.0
169	protein1	804.2	17.4	1.6375
169	protein2	785.2	18.8	1.8199566000000003
169	protein3	246.6	5.0	1.7133334000000002
169	r2	4.8	0.0	0.0
169	rnapol	0.2	0.0	0.0
170	__protein1_rbs	10.8	0.0	0.0
170	__protein2_rbs	11.8	0.0	0.0
170	__protein3_rbs	3.2	0.0	0.0
170	__ribosome	28.6	0.0	0.0
170	__rnase_site_ext	17.8	0.0	0.0
170	p0	0.8	0.0	0.0
170	p1	0.8	0.0	0.0
170	p2	0.8	0.0	0.0
170	protein1	809.8	17.2	1.7392543999999999
170	protein2	791.8	19.0	1.8281386
170	protein3	249.4	4.8	1.5666666
170	r2	4.8	0.0	0.0
170	rnapol	0.0	0.0	0.0
171	__protein1_rbs	10.8	0.0	0.0
171	__protein2_rbs	11.0	0.0	0.0
171	__protein3_rbs	3.2	0.0	0.0
171	__ribosome	26.2	0.0	0.0
171	__rnase_site_ext	17.4	0.0	0.0
171	p0	1.0	0.0	0.0
171	p1	0.8	0.0	0.0
171	p2	0.6	0.0	0.0
171	protein1	816.4	17.6	1.7181372
171	protein2	799.2	18.8	1.904645
171	protein3	250.4	4.8	1.7299999999999998
171	r2	4.8	0.0	0.0
171	rnapol	0.2	0.0	0.0
172	__protein1_rbs	11.4	0.0	0.0
172	__protein2_rbs	10.8	0.0	0.0
172	__protein3_rbs	1.8	0.0	0.0
172	__ribosome	24.4	0.0	0.0
172	__rnase_site_ext	17.6	0.0	0.0
172	p0	0.8	0.0	0.0
172	p1	0.8	0.0	0.0
172	p2	0.6	0.0	0.0
172	protein1	822.6	17.6	1.7475
172	protein2	806.8	19.0	1.8994908
172	protein3	252.4	4.8	1.9266666
172	r2	4.8	0.0	0.0
172	rnapol	0.0	0.0	0.0
173	__protein1_rbs	10.2	0.0	0.0
173	__protein2_rbs	12.0	0.0	0.0
173	__protein3_rbs	2.8	0.0	0.0
173	__ribosome	24.2	0.0	0.0
173	__rnase_site_ext	17.8	0.0	0.0
173	p0	0.8	0.0	0.0
173	p1	0.6	0.0	0.0
173	p2	0.2	0.0	0.0
173	protein1	829.2	17.6	1.7975
173	protein2	813.4	18.4	1.9400974
173	protein3	254.4	4.8	1.9066666
173	r2	4.8	0.0	0.0
173	rnapol	0.0	0.0	0.0
174	__protein1_rbs	10.8	0.0	0.0
174	__protein2_rbs	13.4	0.0	0.0
174	__protein3_rbs	3.0	0.0	0.0
174	__ribosome	24.2	0.0	0.0
174	__rnase_site_ext	18.2	0.0	0.0
174	p0	0.8	0.0	0.0
174	p1	1.0	0.0	0.0
174	p2	0.4	0.0	0.0
174	protein1	835.4	17.8	1.8396428
174	protein2	819.8	18.6	1.8762880000000002
174	protein3	256.4	4.8	1.89
174	r2	5.0	0.0	0.0
174	rnapol	0.2	0.0	0.0
175	__protein1_rbs	11.2	0.0	0.0
175	__protein2_rbs	12.4	0.0	0.0
175	__protein3_rbs	3.8	0.0	0.0
175	__ribosome	27.4	0.0	0.0
175	__rnase_site_ext	18.4	0.0	0.0
175	p0	0.6	0.0	0.0
175	p1	0.6	0.0	0.0
175	p2	0.8	0.0	0.0
175	protein1	841.8	18.0	1.835909
175	protein2	830.2	19.0	1.6363312
175	protein3	257.6	5.0	1.8614286
175	r2	5.2	0.0	0.0
175	rnapol	0.0	0.0	0.0
176	__protein1_rbs	10.8	0.0	0.0
176	__protein2_rbs	12.0	0.0	0.0
176	__protein3_rbs	3.6	0.0	0.0
176	__ribosome	26.2	0.0	0.0
176	__rnase_site_ext	18.4	0.0	0.0
176	p0	0.8	0.0	0.0
176	p1	0.6	0.0	0.0
176	p2	0.8	0.0	0.0
176	protein1	849.4	18.0	1.8166668
176	protein2	836.4	18.8	1.7316668000000002
176	protein3	259.2	5.2	1.825
176	r2	5.2	0.0	0.0
176	rnapol	0.0	0.0	0.0
177	__protein1_rbs	10.0	0.0	0.0
177	__protein2_rbs	11.8	0.0	0.0
177	__protein3_rbs	3.8	0.0	0.0
177	__ribosome	26.8	0.0	0.0
177	__rnase_site_ext	18.4	0.0	0.0
177	p0	1.0	0.0	0.0
177	p1	0.4	0.0	0.0
177	p2	0.6	0.0	0.0
177	protein1	856.4	18.4	1.8558538
177	protein2	844.8	19.2	1.6422128
177	protein3	262.0	5.2	1.5550000000000002
177	r2	5.4	0.0	0.0
177	rnapol	0.0	0.0	0.0
178	__protein1_rbs	12.4	0.0	0.0
178	__protein2_rbs	11.6	0.0	0.0
178	__protein3_rbs	3.4	0.0	0.0
178	__ribosome	24.6	0.0	0.0
178	__rnase_site_ext	18.4	0.0	0.0
178	p0	1.0	0.0	0.0
178	p1	0.8	0.0	0.0
178	p2	0.8	0.0	0.0
178	protein1	862.8	18.4	1.8529444
178	protein2	850.8	19.2	1.7596078000000002
178	protein3	264.2	5.4	1.4466666000000001
178	r2	5.6	0.0	0.0
178	rnapol	0.0	0.0	0.0
179	__protein1_rbs	13.0	0.0	0.0
179	__protein2_rbs	10.6	0.0	0.0
179	__protein3_rbs	4.2	0.0	0.0
179	__ribosome	24.4	0.0	0.0
179	__rnase_site_ext	18.2	0.0	0.0
179	p0	0.8	0.0	0.0
179	p1	0.8	0.0	0.0
179	p2	0.6	0.0	0.0
179	protein1	869.8	18.4	1.7801631999999998
179	protein2	856.8	19.0	1.9019047999999998
179	protein3	266.2	5.6	1.25
179	r2	5.6	0.0	0.0
179	rnapol	0.0	0.0	0.0
180	__protein1_rbs	13.0	0.0	0.0
180	__protein2_rbs	12.4	0.0	0.0
180	__protein3_rbs	3.2	0.0	0.0
180	__ribosome	24.4	0.0	0.0
180	__rnase_site_ext	18.4	0.0	0.0
180	p0	0.8	0.0	0.0
180	p1	0.6	0.0	0.0
180	p2	0.8	0.0	0.0
180	protein1	877.6	18.4	1.7045008000000004
180	protein2	863.8	19.2	1.9079366000000002
180	protein3	267.4	5.6	1.4300000000000002
180	r2	5.6	0.0	0.0
180	rnapol	0.0	0.0	0.0
181	__protein1_rbs	11.4	0.0	0.0
181	__protein2_rbs	13.6	0.0	0.0
181	__protein3_rbs	3.8	0.0	0.0
181	__ribosome	25.6	0.0	0.0
181	__rnase_site_ext	18.6	0.0	0.0
181	p0	0.4	0.0	0.0
181	p1	0.6	0.0	0.0
181	p2	0.8	0.0	0.0
181	protein1	884.2	18.4	1.7247166
181	protein2	871.6	19.4	1.8013365999999995
181	protein3	269.0	5.6	1.4211112
181	r2	5.6	0.0	0.0
181	rnapol	0.0	0.0	0.0
182	__protein1_rbs	13.4	0.0	0.0
182	__protein2_rbs	11.4	0.0	0.0
182	__protein3_rbs	3.4	0.0	0.0
182	__ribosome	26.0	0.0	0.0
182	__rnase_site_ext	18.8	0.0	0.0
182	p0	1.0	0.0	0.0
182	p1	0.4	0.0	0.0
182	p2	0.6	0.0	0.0
182	protein1	892.2	18.6	1.5763878000000002
182	protein2	879.4	19.4	1.8370706
182	protein3	270.4	5.6	1.638889
182	r2	5.6	0.0	0.0
182	rnapol	0.0	0.0	0.0
183	__protein1_rbs	12.2	0.0	0.0
183	__protein2_rbs	11.4	0.0	0.0
183	__protein3_rbs	4.2	0.0	0.0
183	__ribosome	27.4	0.0	0.0
183	__rnase_site_ext	18.8	0.0	0.0
183	p0	0.6	0.0	0.0
183	p1	0.4	0.0	0.0
183	p2	0.4	0.0	0.0
183	protein1	898.4	18.6	1.5693048
183	protein2	887.2	19.4	1.8160174
183	protein3	272.8	5.6	1.5044446000000002
183	r2	5.6	0.0	0.0
183	rnapol	0.0	0.0	0.0
184	__protein1_rbs	11.4	0.0	0.0
184	__protein2_rbs	11.4	0.0	0.0
184	__protein3_rbs	4.2	0.0	0.0
184	__ribosome	26.0	0.0	0.0
184	__rnase_site_ext	18.6	0.0	0.0
184	p0	0.8	0.0	0.0
184	p1	1.0	0.0	0.0
184	p2	0.8	0.0	0.0
184	protein1	905.2	18.8	1.6090076000000004
184	protein2	894.0	19.6	1.8315094000000005
184	protein3	274.6	5.6	1.5266666000000002
184	r2	5.4	0.0	0.0
184	rnapol	0.0	0.0	0.0
185	__protein1_rbs	12.0	0.0	0.0
185	__protein2_rbs	13.2	0.0	0.0
185	__protein3_rbs	3.2	0.0	0.0
185	__ribosome	27.6	0.0	0.0
185	__rnase_site_ext	18.8	0.0	0.0
185	p0	0.6	0.0	0.0
185	p1	0.8	0.0	0.0
185	p2	1.0	0.0	0.0
185	protein1	911.0	18.6	1.6847900000000002
185	protein2	903.4	19.4	1.6914946
185	protein3	276.4	5.4	1.5555556000000001
185	r2	5.6	0.0	0.0
185	rnapol	0.0	0.0	0.0
186	__protein1_rbs	12.4	0.0	0.0
186	__protein2_rbs	13.0	0.0	0.0
186	__protein3_rbs	3.2	0.0	0.0
186	__ribosome	26.4	0.0	0.0
186	__rnase_site_ext	19.2	0.0	0.0
186	p0	1.0	0.0	0.0
186	p1	0.8	0.0	0.0
186	p2	0.6	0.0	0.0
186	protein1	918.0	18.8	1.6694680000000002
186	protein2	910.6	19.2	1.7404124
186	protein3	278.0	5.6	1.7422221999999998
186	r2	5.8	0.0	0.0
186	rnapol	0.0	0.0	0.0
187	__protein1_rbs	12.0	0.0	0.0
187	__protein2_rbs	12.4	0.0	0.0
187	__protein3_rbs	3.6	0.0	0.0
187	__ribosome	23.8	0.0	0.0
187	__rnase_site_ext	18.6	0.0	0.0
187	p0	1.0	0.0	0.0
187	p1	0.6	0.0	0.0
187	p2	0.6	0.0	0.0
187	protein1	924.4	19.2	1.6996567999999999
187	protein2	916.6	19.0	1.8091896
187	protein3	280.2	5.8	1.7111112000000002
187	r2	5.8	0.0	0.0
187	rnapol	0.0	0.0	0.0
188	__protein1_rbs	12.0	0.0	0.0
188	__protein2_rbs	12.6	0.0	0.0
188	__protein3_rbs	4.2	0.0	0.0
188	__ribosome	22.6	0.0	0.0
188	__rnase_site_ext	18.4	0.0	0.0
188	p0	0.6	0.0	0.0
188	p1	0.4	0.0	0.0
188	p2	0.6	0.0	0.0
188	protein1	929.2	18.6	1.914655
188	protein2	925.2	19.0	1.7183737999999995
188	protein3	281.6	5.8	1.6944443999999999
188	r2	5.8	0.0	0.0
188	rnapol	0.0	0.0	0.0
189	__protein1_rbs	12.4	0.0	0.0
189	__protein2_rbs	13.0	0.0	0.0
189	__protein3_rbs	4.2	0.0	0.0
189	__ribosome	24.0	0.0	0.0
189	__rnase_site_ext	18.2	0.0	0.0
189	p0	0.8	0.0	0.0
189	p1	0.8	0.0	0.0
189	p2	0.4	0.0	0.0
189	protein1	937.0	18.4	1.8453432
189	protein2	931.6	19.2	1.7048824
189	protein3	283.6	5.8	1.6777778
189	r2	5.8	0.0	0.0
189	rnapol	0.0	0.0	0.0
190	__protein1_rbs	12.2	0.0	0.0
190	__protein2_rbs	12.0	0.0	0.0
190	__protein3_rbs	4.2	0.0	0.0
190	__ribosome	26.2	0.0	0.0
190	__rnase_site_ext	18.0	0.0	0.0
190	p0	0.6	0.0	0.0
190	p1	0.6	0.0	0.0
190	p2	0.6	0.0	0.0
190	protein1	944.6	18.2	1.8299974000000003
190	protein2	939.2	19.6	1.6818985999999998
190	protein3	286.4	5.8	1.4555555999999998
190	r2	5.8	0.0	0.0
190	rnapol	0.0	0.0	0.0
191	__protein1_rbs	10.4	0.0	0.0
191	__protein2_rbs	12.6	0.0	0.0
191	__protein3_rbs	3.6	0.0	0.0
191	__ribosome	27.0	0.0	0.0
191	__rnase_site_ext	18.4	0.0	0.0
191	p0	0.8	0.0	0.0
191	p1	0.6	0.0	0.0
191	p2	1.0	0.0	0.0
191	protein1	952.2	18.0	1.8574198
191	protein2	947.4	19.6	1.6147486
191	protein3	288.8	5.8	1.488889
191	r2	5.8	0.0	0.0
191	rnapol	0.0	0.0	0.0
192	__protein1_rbs	11.0	0.0	0.0
192	__protein2_rbs	12.0	0.0	0.0
192	__protein3_rbs	4.2	0.0	0.0
192	__ribosome	27.0	0.0	0.0
192	__rnase_site_ext	18.8	0.0	0.0
192	p0	1.0	0.0	0.0
192	p1	0.4	0.0	0.0
192	p2	0.8	0.0	0.0
192	protein1	960.4	18.2	1.7875077999999998
192	protein2	954.0	19.6	1.6624728000000002
192	protein3	290.8	5.8	1.4944444
192	r2	6.0	0.0	0.0
192	rnapol	0.0	0.0	0.0
193	__protein1_rbs	12.0	0.0	0.0
193	__protein2_rbs	12.6	0.0	0.0
193	__protein3_rbs	4.8	0.0	0.0
193	__ribosome	26.4	0.0	0.0
193	__rnase_site_ext	18.4	0.0	0.0
193	p0	1.0	0.0	0.0
193	p1	1.0	0.0	0.0
193	p2	1.0	0.0	0.0
193	protein1	966.8	18.8	1.7681372
193	protein2	961.0	20.0	1.6567676000000002
193	protein3	292.6	6.0	1.3341268000000002
193	r2	6.0	0.0	0.0
193	rnapol	0.0	0.0	0.0
194	__protein1_rbs	11.4	0.0	0.0
194	__protein2_rbs	14.0	0.0	0.0
194	__protein3_rbs	4.0	0.0	0.0
194	__ribosome	23.8	0.0	0.0
194	__rnase_site_ext	18.4	0.0	0.0
194	p0	1.0	0.0	0.0
194	p1	1.0	0.0	0.0
194	p2	0.4	0.0	0.0
194	protein1	972.8	18.6	1.8919288
194	protein2	967.4	20.6	1.6105083999999998
194	protein3	294.0	6.0	1.5190473999999998
194	r2	5.8	0.0	0.0
194	rnapol	0.0	0.0	0.0
195	__protein1_rbs	13.0	0.0	0.0
195	__protein2_rbs	12.8	0.0	0.0
195	__protein3_rbs	4.0	0.0	0.0
195	__ribosome	25.4	0.0	0.0
195	__rnase_site_ext	18.2	0.0	0.0
195	p0	1.0	0.0	0.0
195	p1	0.6	0.0	0.0
195	p2	0.4	0.0	0.0
195	protein1	981.2	18.4	1.7132580000000002
195	protein2	974.2	20.6	1.6782126000000002
195	protein3	295.8	5.8	1.6261906000000002
195	r2	6.0	0.0	0.0
195	rnapol	0.0	0.0	0.0
196	__protein1_rbs	11.0	0.0	0.0
196	__protein2_rbs	13.2	0.0	0.0
196	__protein3_rbs	3.8	0.0	0.0
196	__ribosome	24.2	0.0	0.0
196	__rnase_site_ext	18.0	0.0	0.0
196	p0	0.6	0.0	0.0
196	p1	0.8	0.0	0.0
196	p2	1.0	0.0	0.0
196	protein1	987.2	18.2	1.8264004
196	protein2	981.4	20.2	1.6747894
196	protein3	298.0	6.0	1.5392858
196	r2	6.0	0.0	0.0
196	rnapol	0.0	0.0	0.0
197	__protein1_rbs	12.8	0.0	0.0
197	__protein2_rbs	11.8	0.0	0.0
197	__protein3_rbs	4.4	0.0	0.0
197	__ribosome	24.8	0.0	0.0
197	__rnase_site_ext	18.4	0.0	0.0
197	p0	0.8	0.0	0.0
197	p1	0.4	0.0	0.0
197	p2	0.6	0.0	0.0
197	protein1	994.6	18.0	1.765682
197	protein2	989.8	20.6	1.6778966
197	protein3	299.8	5.8	1.6345238000000002
197	r2	5.8	0.0	0.0
197	rnapol	0.2	0.0	0.0
198	__protein1_rbs	12.6	0.0	0.0
198	__protein2_rbs	11.0	0.0	0.0
198	__protein3_rbs	4.8	0.0	0.0
198	__ribosome	25.2	0.0	0.0
198	__rnase_site_ext	18.6	0.0	0.0
198	p0	0.8	0.0	0.0
198	p1	0.4	0.0	0.0
198	p2	0.2	0.0	0.0
198	protein1	1002.4	18.4	1.6234411999999998
198	protein2	996.6	20.4	1.7968347999999998
198	protein3	301.4	5.8	1.5071428
198	r2	6.0	0.0	0.0
198	rnapol	0.0	0.0	0.0
199	__protein1_rbs	11.8	0.0	0.0
199	__protein2_rbs	15.6	0.0	0.0
199	__protein3_rbs	3.6	0.0	0.0
199	__ribosome	27.2	0.0	0.0
199	__rnase_site_ext	18.2	0.0	0.0
199	p0	0.6	0.0	0.0
199	p1	0.6	0.0	0.0
199	p2	0.4	0.0	0.0
199	protein1	1009.6	18.4	1.6259622
199	protein2	1003.6	20.4	1.6896896000000001
199	protein3	304.2	6.0	1.463492
199	r2	6.0	0.0	0.0
199	rnapol	0.0	0.0	0.0
200	__protein1_rbs	14.6	0.0	0.0
200	__protein2_rbs	14.0	0.0	0.0
200	__protein3_rbs	4.4	0.0	0.0
200	__ribosome	28.6	0.0	0.0
200	__rnase_site_ext	18.8	0.0	0.0
200	p0	0.4	0.0	0.0
200	p1	1.0	0.0	0.0
200	p2	1.0	0.0	0.0
200	protein1	1016.0	18.0	1.5608214
200	protein2	1011.0	20.6	1.6806363999999998
200	protein3	305.6	5.8	1.5714286000000002
200	r2	5.6	0.0	0.0
200	rnapol	0.0	0.0	0.0
201	__protein1_rbs	11.0	0.0	0.0
201	__protein2_rbs	13.8	0.0	0.0
201	__protein3_rbs	2.4	0.0	0.0
201	__ribosome	24.6	0.0	0.0
201	__rnase_site_ext	18.2	0.0	0.0
201	p0	0.6	0.0	0.0
201	p1	1.0	0.0	0.0
201	p2	0.6	0.0	0.0
201	protein1	1023.2	18.4	1.608829
201	protein2	1017.4	21.0	1.7633014
201	protein3	307.8	5.6	1.7365080000000002
201	r2	5.6	0.0	0.0
201	rnapol	0.0	0.0	0.0
202	__protein1_rbs	11.8	0.0	0.0
202	__protein2_rbs	13.6	0.0	0.0
202	__protein3_rbs	2.4	0.0	0.0
202	__ribosome	25.0	0.0	0.0
202	__rnase_site_ext	17.6	0.0	0.0
202	p0	1.0	0.0	0.0
202	p1	0.8	0.0	0.0
202	p2	1.0	0.0	0.0
202	protein1	1030.6	18.6	1.5666136000000002
202	protein2	1026.8	21.0	1.6751243999999998
202	protein3	309.2	5.6	1.9269842
202	r2	5.6	0.0	0.0
202	rnapol	0.0	0.0	0.0
203	__protein1_rbs	10.4	0.0	0.0
203	__protein2_rbs	14.0	0.0	0.0
203	__protein3_rbs	2.8	0.0	0.0
203	__ribosome	24.4	0.0	0.0
203	__rnase_site_ext	17.4	0.0	0.0
203	p0	0.8	0.0	0.0
203	p1	0.4	0.0	0.0
203	p2	0.8	0.0	0.0
203	protein1	1037.6	17.6	1.7023018
203	protein2	1034.4	20.4	1.6928804
203	protein3	311.2	5.6	2.0396824
203	r2	5.6	0.0	0.0
203	rnapol	0.0	0.0	0.0
204	__protein1_rbs	11.6	0.0	0.0
204	__protein2_rbs	12.2	0.0	0.0
204	__protein3_rbs	4.0	0.0	0.0
204	__ribosome	22.4	0.0	0.0
204	__rnase_site_ext	17.4	0.0	0.0
204	p0	0.8	0.0	0.0
204	p1	0.8	0.0	0.0
204	p2	0.2	0.0	0.0
204	protein1	1042.2	17.6	1.8156851999999999
204	protein2	1042.0	20.0	1.7692523999999998
204	protein3	313.4	5.4	1.9630952
204	r2	5.6	0.0	0.0
204	rnapol	0.0	0.0	0.0
205	__protein1_rbs	11.0	0.0	0.0
205	__protein2_rbs	13.0	0.0	0.0
205	__protein3_rbs	4.0	0.0	0.0
205	__ribosome	22.4	0.0	0.0
205	__rnase_site_ext	17.2	0.0	0.0
205	p0	1.0	0.0	0.0
205	p1	0.8	0.0	0.0
205	p2	0.4	0.0	0.0
205	protein1	1048.8	17.4	1.8171723999999998
205	protein2	1049.0	19.8	1.7892336
205	protein3	315.2	5.6	1.8297618000000002
205	r2	5.4	0.0	0.0
205	rnapol	0.0	0.0	0.0
206	__protein1_rbs	11.8	0.0	0.0
206	__protein2_rbs	13.6	0.0	0.0
206	__protein3_rbs	3.6	0.0	0.0
206	__ribosome	25.0	0.0	0.0
206	__rnase_site_ext	17.2	0.0	0.0
206	p0	1.0	0.0	0.0
206	p1	0.4	0.0	0.0
206	p2	0.6	0.0	0.0
206	protein1	1055.2	17.2	1.7826132
206	protein2	1055.8	19.6	1.7839396
206	protein3	318.4	5.4	1.7190476
206	r2	5.4	0.0	0.0
206	rnapol	0.0	0.0	0.0
207	__protein1_rbs	10.2	0.0	0.0
207	__protein2_rbs	12.4	0.0	0.0
207	__protein3_rbs	3.8	0.0	0.0
207	__ribosome	27.2	0.0	0.0
207	__rnase_site_ext	17.2	0.0	0.0
207	p0	1.0	0.0	0.0
207	p1	0.0	0.0	0.0
207	p2	1.0	0.0	0.0
207	protein1	1063.4	17.2	1.7660714
207	protein2	1065.0	19.4	1.7399270000000002
207	protein3	321.2	5.6	1.5654762000000002
207	r2	5.8	0.0	0.0
207	rnapol	0.4	0.0	0.0
208	__protein1_rbs	13.4	0.0	0.0
208	__protein2_rbs	12.6	0.0	0.0
208	__protein3_rbs	3.4	0.0	0.0
208	__ribosome	30.2	0.0	0.0
208	__rnase_site_ext	17.6	0.0	0.0
208	p0	1.0	0.0	0.0
208	p1	0.0	0.0	0.0
208	p2	1.0	0.0	0.0
208	protein1	1070.4	17.2	1.6280556000000002
208	protein2	1072.8	19.8	1.6943005999999996
208	protein3	323.6	5.6	1.559524
208	r2	6.0	0.0	0.0
208	rnapol	0.0	0.0	0.0
209	__protein1_rbs	9.6	0.0	0.0
209	__protein2_rbs	13.2	0.0	0.0
209	__protein3_rbs	3.2	0.0	0.0
209	__ribosome	25.4	0.0	0.0
209	__rnase_site_ext	17.6	0.0	0.0
209	p0	0.8	0.0	0.0
209	p1	0.8	0.0	0.0
209	p2	0.6	0.0	0.0
209	protein1	1076.6	17.6	1.7478992000000002
209	protein2	1079.8	20.0	1.7339764000000002
209	protein3	325.2	6.0	1.6630952
209	r2	6.0	0.0	0.0
209	rnapol	0.0	0.0	0.0
210	__protein1_rbs	10.8	0.0	0.0
210	__protein2_rbs	11.2	0.0	0.0
210	__protein3_rbs	3.4	0.0	0.0
210	__ribosome	21.6	0.0	0.0
210	__rnase_site_ext	17.4	0.0	0.0
210	p0	1.0	0.0	0.0
210	p1	0.8	0.0	0.0
210	p2	0.6	0.0	0.0
210	protein1	1083.4	17.4	1.79225
210	protein2	1086.2	20.4	1.8343112
210	protein3	327.4	6.0	1.7397619999999998
210	r2	5.8	0.0	0.0
210	rnapol	0.0	0.0	0.0
211	__protein1_rbs	11.8	0.0	0.0
211	__protein2_rbs	14.2	0.0	0.0
211	__protein3_rbs	3.2	0.0	0.0
211	__ribosome	22.8	0.0	0.0
211	__rnase_site_ext	17.6	0.0	0.0
211	p0	0.6	0.0	0.0
211	p1	0.6	0.0	0.0
211	p2	0.8	0.0	0.0
211	protein1	1090.4	17.4	1.7306256000000002
211	protein2	1093.4	20.4	1.7698302
211	protein3	329.0	5.8	1.9504761999999998
211	r2	5.8	0.0	0.0
211	rnapol	0.0	0.0	0.0
212	__protein1_rbs	11.6	0.0	0.0
212	__protein2_rbs	13.6	0.0	0.0
212	__protein3_rbs	4.0	0.0	0.0
212	__ribosome	22.4	0.0	0.0
212	__rnase_site_ext	17.6	0.0	0.0
212	p0	1.0	0.0	0.0
212	p1	0.8	0.0	0.0
212	p2	0.6	0.0	0.0
212	protein1	1096.2	17.6	1.7602091999999998
212	protein2	1101.4	20.2	1.805103
212	protein3	331.4	5.8	1.8380952
212	r2	5.6	0.0	0.0
212	rnapol	0.0	0.0	0.0
213	__protein1_rbs	12.0	0.0	0.0
213	__protein2_rbs	14.2	0.0	0.0
213	__protein3_rbs	3.8	0.0	0.0
213	__ribosome	23.8	0.0	0.0
213	__rnase_site_ext	17.8	0.0	0.0
213	p0	0.8	0.0	0.0
213	p1	1.0	0.0	0.0
213	p2	0.4	0.0	0.0
213	protein1	1103.2	17.6	1.6851392
213	protein2	1109.2	20.6	1.7080866
213	protein3	332.8	6.0	1.929762
213	r2	5.8	0.0	0.0
213	rnapol	0.0	0.0	0.0
214	__protein1_rbs	11.4	0.0	0.0
214	__protein2_rbs	14.2	0.0	0.0
214	__protein3_rbs	4.6	0.0	0.0
214	__ribosome	29.4	0.0	0.0
214	__rnase_site_ext	18.2	0.0	0.0
214	p0	0.8	0.0	0.0
214	p1	0.6	0.0	0.0
214	p2	0.0	0.0	0.0
214	protein1	1111.2	17.6	1.6316806000000001
214	protein2	1117.8	20.6	1.5991052
214	protein3	336.6	5.8	1.5914286
214	r2	5.8	0.0	0.0
214	rnapol	0.2	0.0	0.0
215	__protein1_rbs	11.8	0.0	0.0
215	__protein2_rbs	12.8	0.0	0.0
215	__protein3_rbs	3.0	0.0	0.0
215	__ribosome	26.6	0.0	0.0
215	__rnase_site_ext	18.6	0.0	0.0
215	p0	0.8	0.0	0.0
215	p1	0.8	0.0	0.0
215	p2	0.6	0.0	0.0
215	protein1	1117.2	18.2	1.617143
215	protein2	1125.6	20.2	1.7080886000000002
215	protein3	339.0	5.8	1.6797618000000003
215	r2	5.6	0.0	0.0
215	rnapol	0.0	0.0	0.0
216	__protein1_rbs	11.2	0.0	0.0
216	__protein2_rbs	13.8	0.0	0.0
216	__protein3_rbs	3.6	0.0	0.0
216	__ribosome	25.6	0.0	0.0
216	__rnase_site_ext	18.8	0.0	0.0
216	p0	0.4	0.0	0.0
216	p1	0.8	0.0	0.0
216	p2	1.0	0.0	0.0
216	protein1	1123.4	18.6	1.6306518
216	protein2	1133.2	20.4	1.6821909999999995
216	protein3	341.0	5.6	1.8166666
216	r2	5.6	0.0	0.0
216	rnapol	0.0	0.0	0.0
217	__protein1_rbs	12.4	0.0	0.0
217	__protein2_rbs	13.6	0.0	0.0
217	__protein3_rbs	4.6	0.0	0.0
217	__ribosome	24.6	0.0	0.0
217	__rnase_site_ext	19.2	0.0	0.0
217	p0	1.0	0.0	0.0
217	p1	0.8	0.0	0.0
217	p2	0.6	0.0	0.0
217	protein1	1129.2	18.8	1.686882
217	protein2	1140.2	19.8	1.7781950000000002
217	protein3	343.6	5.6	1.5783332
217	r2	6.0	0.0	0.0
217	rnapol	0.0	0.0	0.0
218	__protein1_rbs	14.2	0.0	0.0
218	__protein2_rbs	14.6	0.0	0.0
218	__protein3_rbs	3.8	0.0	0.0
218	__ribosome	26.2	0.0	0.0
218	__rnase_site_ext	19.2	0.0	0.0
218	p0	0.8	0.0	0.0
218	p1	0.8	0.0	0.0
218	p2	1.0	0.0	0.0
218	protein1	1135.4	19.2	1.6029198
218	protein2	1146.8	19.0	1.7569858
218	protein3	345.2	6.0	1.640238
218	r2	6.0	0.0	0.0
218	rnapol	0.0	0.0	0.0
219	__protein1_rbs	13.0	0.0	0.0
219	__protein2_rbs	11.4	0.0	0.0
219	__protein3_rbs	3.2	0.0	0.0
219	__ribosome	27.6	0.0	0.0
219	__rnase_site_ext	19.2	0.0	0.0
219	p0	1.0	0.0	0.0
219	p1	1.0	0.0	0.0
219	p2	0.8	0.0	0.0
219	protein1	1143.8	19.2	1.5547620000000002
219	protein2	1155.0	19.0	1.7594032
219	protein3	347.4	5.8	1.7735713999999998
219	r2	5.8	0.0	0.0
219	rnapol	0.0	0.0	0.0
220	__protein1_rbs	11.4	0.0	0.0
220	__protein2_rbs	14.0	0.0	0.0
220	__protein3_rbs	3.0	0.0	0.0
220	__ribosome	26.8	0.0	0.0
220	__rnase_site_ext	19.2	0.0	0.0
220	p0	1.0	0.0	0.0
220	p1	0.4	0.0	0.0
220	p2	0.8	0.0	0.0
220	protein1	1149.6	19.2	1.6890476
220	protein2	1162.6	19.0	1.6554068000000002
220	protein3	349.8	5.8	1.835
220	r2	6.2	0.0	0.0
220	rnapol	0.0	0.0	0.0
221	__protein1_rbs	11.2	0.0	0.0
221	__protein2_rbs	11.4	0.0	0.0
221	__protein3_rbs	3.4	0.0	0.0
221	__ribosome	26.4	0.0	0.0
221	__rnase_site_ext	18.8	0.0	0.0
221	p0	1.0	0.0	0.0
221	p1	0.6	0.0	0.0
221	p2	0.8	0.0	0.0
221	protein1	1157.8	19.2	1.7142858
221	protein2	1171.2	18.4	1.6246452000000002
221	protein3	351.6	6.0	2.0142858
221	r2	5.6	0.0	0.0
221	rnapol	0.0	0.0	0.0
222	__protein1_rbs	12.2	0.0	0.0
222	__protein2_rbs	12.4	0.0	0.0
222	__protein3_rbs	3.2	0.0	0.0
222	__ribosome	23.0	0.0	0.0
222	__rnase_site_ext	18.6	0.0	0.0
222	p0	1.0	0.0	0.0
222	p1	0.6	0.0	0.0
222	p2	0.6	0.0	0.0
222	protein1	1162.6	18.8	1.8560903999999998
222	protein2	1176.8	18.8	1.6661906000000002
222	protein3	354.2	5.6	2.0749998
222	r2	5.8	0.0	0.0
222	rnapol	0.0	0.0	0.0
223	__protein1_rbs	12.2	0.0	0.0
223	__protein2_rbs	12.2	0.0	0.0
223	__protein3_rbs	3.2	0.0	0.0
223	__ribosome	22.8	0.0	0.0
223	__rnase_site_ext	18.4	0.0	0.0
223	p0	0.8	0.0	0.0
223	p1	0.6	0.0	0.0
223	p2	0.8	0.0	0.0
223	protein1	1170.2	18.6	1.8749124
223	protein2	1183.8	19.0	1.6596828
223	protein3	356.4	5.6	2.075
223	r2	5.6	0.0	0.0
223	rnapol	0.2	0.0	0.0
224	__protein1_rbs	12.2	0.0	0.0
224	__protein2_rbs	11.4	0.0	0.0
224	__protein3_rbs	3.6	0.0	0.0
224	__ribosome	22.4	0.0	0.0
224	__rnase_site_ext	18.6	0.0	0.0
224	p0	0.6	0.0	0.0
224	p1	0.6	0.0	0.0
224	p2	0.6	0.0	0.0
224	protein1	1177.4	18.4	1.8205592000000002
224	protein2	1190.4	19.4	1.6898812
224	protein3	358.6	5.6	2.0333332
224	r2	5.6	0.0	0.0
224	rnapol	0.0	0.0	0.0
225	__protein1_rbs	12.6	0.0	0.0
225	__protein2_rbs	12.6	0.0	0.0
225	__protein3_rbs	2.8	0.0	0.0
225	__ribosome	21.8	0.0	0.0
225	__rnase_site_ext	18.8	0.0	0.0
225	p0	1.0	0.0	0.0
225	p1	0.8	0.0	0.0
225	p2	1.0	0.0	0.0
225	protein1	1184.2	18.4	1.7639716
225	protein2	1196.8	19.2	1.7542856
225	protein3	360.8	5.6	2.1666668
225	r2	5.4	0.0	0.0
225	rnapol	0.2	0.0	0.0
226	__protein1_rbs	13.0	0.0	0.0
226	__protein2_rbs	11.2	0.0	0.0
226	__protein3_rbs	3.6	0.0	0.0
226	__ribosome	24.6	0.0	0.0
226	__rnase_site_ext	19.4	0.0	0.0
226	p0	0.8	0.0	0.0
226	p1	1.0	0.0	0.0
226	p2	0.4	0.0	0.0
226	protein1	1193.2	18.8	1.5863563999999999
226	protein2	1204.6	19.4	1.7942356
226	protein3	363.8	5.4	2.0316666000000003
226	r2	5.4	0.0	0.0
226	rnapol	0.0	0.0	0.0
227	__protein1_rbs	12.4	0.0	0.0
227	__protein2_rbs	11.4	0.0	0.0
227	__protein3_rbs	3.4	0.0	0.0
227	__ribosome	25.6	0.0	0.0
227	__rnase_site_ext	18.8	0.0	0.0
227	p0	1.0	0.0	0.0
227	p1	1.0	0.0	0.0
227	p2	0.6	0.0	0.0
227	protein1	1201.4	19.4	1.4684896
227	protein2	1211.6	19.6	1.8508334
227	protein3	367.0	5.4	1.8483333999999998
227	r2	5.2	0.0	0.0
227	rnapol	0.2	0.0	0.0
228	__protein1_rbs	10.0	0.0	0.0
228	__protein2_rbs	14.0	0.0	0.0
228	__protein3_rbs	4.0	0.0	0.0
228	__ribosome	24.6	0.0	0.0
228	__rnase_site_ext	18.8	0.0	0.0
228	p0	0.4	0.0	0.0
228	p1	0.8	0.0	0.0
228	p2	0.8	0.0	0.0
228	protein1	1207.6	18.6	1.7081704000000002
228	protein2	1219.2	19.6	1.7692858
228	protein3	369.4	5.4	1.7833333999999998
228	r2	5.4	0.0	0.0
228	rnapol	0.2	0.0	0.0
229	__protein1_rbs	11.6	0.0	0.0
229	__protein2_rbs	11.4	0.0	0.0
229	__protein3_rbs	3.4	0.0	0.0
229	__ribosome	22.0	0.0	0.0
229	__rnase_site_ext	18.6	0.0	0.0
229	p0	0.4	0.0	0.0
229	p1	0.8	0.0	0.0
229	p2	0.6	0.0	0.0
229	protein1	1213.2	18.4	1.8216542000000002
229	protein2	1226.8	19.6	1.8013096000000002
229	protein3	371.2	5.4	1.9083333999999998
229	r2	5.4	0.0	0.0
229	rnapol	0.0	0.0	0.0
230	__protein1_rbs	13.0	0.0	0.0
230	__protein2_rbs	14.2	0.0	0.0
230	__protein3_rbs	3.6	0.0	0.0
230	__ribosome	25.8	0.0	0.0
230	__rnase_site_ext	18.8	0.0	0.0
230	p0	1.0	0.0	0.0
230	p1	0.6	0.0	0.0
230	p2	0.4	0.0	0.0
230	protein1	1219.8	18.6	1.7799884
230	protein2	1234.8	19.6	1.6681818
230	protein3	373.4	5.4	1.75
230	r2	5.4	0.0	0.0
230	rnapol	0.0	0.0	0.0
231	__protein1_rbs	12.6	0.0	0.0
231	__protein2_rbs	13.8	0.0	0.0
231	__protein3_rbs	3.2	0.0	0.0
231	__ribosome	28.0	0.0	0.0
231	__rnase_site_ext	18.6	0.0	0.0
231	p0	0.6	0.0	0.0
231	p1	0.6	0.0	0.0
231	p2	0.8	0.0	0.0
231	protein1	1226.6	18.6	1.7561866000000002
231	protein2	1244.0	19.6	1.5529546
231	protein3	375.6	5.4	1.7833333999999998
231	r2	5.4	0.0	0.0
231	rnapol	0.2	0.0	0.0
232	__protein1_rbs	11.8	0.0	0.0
232	__protein2_rbs	12.0	0.0	0.0
232	__protein3_rbs	4.2	0.0	0.0
232	__ribosome	28.6	0.0	0.0
232	__rnase_site_ext	18.8	0.0	0.0
232	p0	0.8	0.0	0.0
232	p1	0.6	0.0	0.0
232	p2	0.8	0.0	0.0
232	protein1	1234.6	18.6	1.7100752000000001
232	protein2	1250.6	19.8	1.6018722
232	protein3	377.8	5.4	1.525
232	r2	5.4	0.0	0.0
232	rnapol	0.0	0.0	0.0
233	__protein1_rbs	12.2	0.0	0.0
233	__protein2_rbs	11.4	0.0	0.0
233	__protein3_rbs	4.0	0.0	0.0
233	__ribosome	27.0	0.0	0.0
233	__rnase_site_ext	18.8	0.0	0.0
233	p0	0.8	0.0	0.0
233	p1	0.4	0.0	0.0
233	p2	1.0	0.0	0.0
233	protein1	1242.4	18.8	1.6257894
233	protein2	1257.2	20.2	1.6793074
233	protein3	379.4	5.4	1.5333333999999998
233	r2	5.2	0.0	0.0
233	rnapol	0.0	0.0	0.0
234	__protein1_rbs	11.0	0.0	0.0
234	__protein2_rbs	14.2	0.0	0.0
234	__protein3_rbs	3.0	0.0	0.0
234	__ribosome	27.2	0.0	0.0
234	__rnase_site_ext	18.8	0.0	0.0
234	p0	0.8	0.0	0.0
234	p1	0.6	0.0	0.0
234	p2	0.8	0.0	0.0
234	protein1	1249.2	18.6	1.7159650000000002
234	protein2	1264.8	20.0	1.6262770000000004
234	protein3	381.6	5.2	1.6833332
234	r2	5.4	0.0	0.0
234	rnapol	0.0	0.0	0.0
235	__protein1_rbs	10.6	0.0	0.0
235	__protein2_rbs	12.6	0.0	0.0
235	__protein3_rbs	3.0	0.0	0.0
235	__ribosome	25.0	0.0	0.0
235	__rnase_site_ext	18.8	0.0	0.0
235	p0	1.0	0.0	0.0
235	p1	0.2	0.0	0.0
235	p2	0.8	0.0	0.0
235	protein1	1256.6	18.8	1.7977629999999998
235	protein2	1271.6	20.4	1.6355902
235	protein3	384.4	5.4	1.5166666000000002
235	r2	5.4	0.0	0.0
235	rnapol	0.0	0.0	0.0
236	__protein1_rbs	11.6	0.0	0.0
236	__protein2_rbs	14.6	0.0	0.0
236	__protein3_rbs	3.0	0.0	0.0
236	__ribosome	23.8	0.0	0.0
236	__rnase_site_ext	18.8	0.0	0.0
236	p0	1.0	0.0	0.0
236	p1	0.4	0.0	0.0
236	p2	0.6	0.0	0.0
236	protein1	1263.8	18.8	1.8048684
236	protein2	1278.6	20.2	1.6526360000000004
236	protein3	386.0	5.4	1.7
236	r2	5.4	0.0	0.0
236	rnapol	0.0	0.0	0.0
237	__protein1_rbs	13.4	0.0	0.0
237	__protein2_rbs	13.4	0.0	0.0
237	__protein3_rbs	3.2	0.0	0.0
237	__ribosome	24.2	0.0	0.0
237	__rnase_site_ext	19.0	0.0	0.0
237	p0	1.0	0.0	0.0
237	p1	0.6	0.0	0.0
237	p2	0.6	0.0	0.0
237	protein1	1269.6	18.8	1.7711844
237	protein2	1286.6	20.6	1.6288096
237	protein3	387.6	5.2	1.8483333999999998
237	r2	5.2	0.0	0.0
237	rnapol	0.0	0.0	0.0
238	__protein1_rbs	11.8	0.0	0.0
238	__protein2_rbs	13.8	0.0	0.0
238	__protein3_rbs	2.6	0.0	0.0
238	__ribosome	22.6	0.0	0.0
238	__rnase_site_ext	19.2	0.0	0.0
238	p0	0.6	0.0	0.0
238	p1	0.6	0.0	0.0
238	p2	1.0	0.0	0.0
238	protein1	1278.0	19.0	1.7293421999999998
238	protein2	1293.6	21.2	1.6564158
238	protein3	389.8	5.2	1.965
238	r2	5.2	0.0	0.0
238	rnapol	0.0	0.0	0.0
239	__protein1_rbs	13.2	0.0	0.0
239	__protein2_rbs	13.8	0.0	0.0
239	__protein3_rbs	2.2	0.0	0.0
239	__ribosome	23.0	0.0	0.0
239	__rnase_site_ext	19.0	0.0	0.0
239	p0	0.4	0.0	0.0
239	p1	0.8	0.0	0.0
239	p2	0.4	0.0	0.0
239	protein1	1285.8	19.0	1.6138492
239	protein2	1300.8	20.8	1.6930547999999999
239	protein3	391.2	5.2	2.2633332000000004
239	r2	5.2	0.0	0.0
239	rnapol	0.0	0.0	0.0
240	__protein1_rbs	12.4	0.0	0.0
240	__protein2_rbs	12.0	0.0	0.0
240	__protein3_rbs	3.2	0.0	0.0
240	__ribosome	22.6	0.0	0.0
240	__rnase_site_ext	19.0	0.0	0.0
240	p0	0.8	0.0	0.0
240	p1	0.8	0.0	0.0
240	p2	0.6	0.0	0.0
240	protein1	1293.2	19.0	1.6376191999999998
240	protein2	1309.4	21.0	1.7137964000000003
240	protein3	394.2	5.2	2.1366668
240	r2	5.2	0.0	0.0
240	rnapol	0.0	0.0	0.0
241	__protein1_rbs	13.2	0.0	0.0
241	__protein2_rbs	14.2	0.0	0.0
241	__protein3_rbs	3.8	0.0	0.0
241	__ribosome	24.6	0.0	0.0
241	__rnase_site_ext	19.4	0.0	0.0
241	p0	0.4	0.0	0.0
241	p1	0.8	0.0	0.0
241	p2	0.6	0.0	0.0
241	protein1	1301.6	19.0	1.5154364
241	protein2	1315.4	21.2	1.7542938000000001
241	protein3	396.8	5.2	1.9016666000000002
241	r2	5.0	0.0	0.0
241	rnapol	0.0	0.0	0.0
242	__protein1_rbs	13.2	0.0	0.0
242	__protein2_rbs	15.6	0.0	0.0
242	__protein3_rbs	3.2	0.0	0.0
242	__ribosome	25.6	0.0	0.0
242	__rnase_site_ext	19.4	0.0	0.0
242	p0	1.0	0.0	0.0
242	p1	1.0	0.0	0.0
242	p2	0.4	0.0	0.0
242	protein1	1307.2	19.4	1.5469144
242	protein2	1324.2	21.2	1.654108
242	protein3	399.0	5.0	1.9383331999999998
242	r2	5.0	0.0	0.0
242	rnapol	0.0	0.0	0.0
243	__protein1_rbs	11.6	0.0	0.0
243	__protein2_rbs	14.6	0.0	0.0
243	__protein3_rbs	3.0	0.0	0.0
243	__ribosome	26.4	0.0	0.0
243	__rnase_site_ext	19.6	0.0	0.0
243	p0	0.8	0.0	0.0
243	p1	0.8	0.0	0.0
243	p2	0.6	0.0	0.0
243	protein1	1313.4	19.4	1.6476779999999998
243	protein2	1333.4	20.8	1.5782532
243	protein3	401.8	5.0	1.9066668000000002
243	r2	5.0	0.0	0.0
243	rnapol	0.0	0.0	0.0
244	__protein1_rbs	13.2	0.0	0.0
244	__protein2_rbs	14.6	0.0	0.0
244	__protein3_rbs	2.8	0.0	0.0
244	__ribosome	27.2	0.0	0.0
244	__rnase_site_ext	20.2	0.0	0.0
244	p0	0.6	0.0	0.0
244	p1	0.6	0.0	0.0
244	p2	0.8	0.0	0.0
244	protein1	1321.4	19.6	1.5784444
244	protein2	1340.8	20.6	1.5965116
244	protein3	404.0	5.0	1.8466668000000002
244	r2	5.2	0.0	0.0
244	rnapol	0.0	0.0	0.0
245	__protein1_rbs	13.2	0.0	0.0
245	__protein2_rbs	13.8	0.0	0.0
245	__protein3_rbs	4.0	0.0	0.0
245	__ribosome	26.4	0.0	0.0
245	__rnase_site_ext	20.4	0.0	0.0
245	p0	0.8	0.0	0.0
245	p1	0.6	0.0	0.0
245	p2	0.8	0.0	0.0
245	protein1	1327.2	20.2	1.6355616000000002
245	protein2	1349.2	20.0	1.6152271999999999
245	protein3	405.8	5.2	1.7355556
245	r2	5.2	0.0	0.0
245	rnapol	0.0	0.0	0.0
246	__protein1_rbs	13.6	0.0	0.0
246	__protein2_rbs	14.2	0.0	0.0
246	__protein3_rbs	3.2	0.0	0.0
246	__ribosome	25.2	0.0	0.0
246	__rnase_site_ext	20.0	0.0	0.0
246	p0	1.0	0.0	0.0
246	p1	0.4	0.0	0.0
246	p2	0.8	0.0	0.0
246	protein1	1334.2	20.4	1.6659846000000005
246	protein2	1356.6	19.8	1.6172620000000002
246	protein3	407.8	5.2	1.7822221999999999
246	r2	5.4	0.0	0.0
246	rnapol	0.0	0.0	0.0
247	__protein1_rbs	12.8	0.0	0.0
247	__protein2_rbs	12.4	0.0	0.0
247	__protein3_rbs	4.0	0.0	0.0
247	__ribosome	25.4	0.0	0.0
247	__rnase_site_ext	19.8	0.0	0.0
247	p0	0.8	0.0	0.0
247	p1	0.4	0.0	0.0
247	p2	0.6	0.0	0.0
247	protein1	1342.0	20.0	1.6644536000000003
247	protein2	1363.6	20.0	1.6552793999999997
247	protein3	410.0	5.4	1.6333331999999998
247	r2	5.4	0.0	0.0
247	rnapol	0.0	0.0	0.0
248	__protein1_rbs	12.0	0.0	0.0
248	__protein2_rbs	13.2	0.0	0.0
248	__protein3_rbs	3.2	0.0	0.0
248	__ribosome	23.6	0.0	0.0
248	__rnase_site_ext	19.6	0.0	0.0
248	p0	0.8	0.0	0.0
248	p1	0.4	0.0	0.0
248	p2	0.8	0.0	0.0
248	protein1	1349.4	20.0	1.7747422
248	protein2	1372.2	20.2	1.5553788000000002
248	protein3	412.2	5.4	1.7222221999999998
248	r2	5.4	0.0	0.0
248	rnapol	0.0	0.0	0.0
249	__protein1_rbs	11.2	0.0	0.0
249	__protein2_rbs	14.6	0.0	0.0
249	__protein3_rbs	3.6	0.0	0.0
249	__ribosome	23.4	0.0	0.0
249	__rnase_site_ext	19.0	0.0	0.0
249	p0	0.8	0.0	0.0
249	p1	0.8	0.0	0.0
249	p2	1.0	0.0	0.0
249	protein1	1357.8	19.6	1.8239683999999998
249	protein2	1378.2	20.2	1.5906493999999998
249	protein3	414.8	5.4	1.5777778
249	r2	5.4	0.0	0.0
249	rnapol	0.2	0.0	0.0
250	__protein1_rbs	11.8	0.0	0.0
250	__protein2_rbs	11.2	0.0	0.0
250	__protein3_rbs	3.0	0.0	0.0
250	__ribosome	20.6	0.0	0.0
250	__rnase_site_ext	19.4	0.0	0.0
250	p0	0.8	0.0	0.0
250	p1	0.6	0.0	0.0
250	p2	0.6	0.0	0.0
250	protein1	1365.2	19.2	1.875733
250	protein2	1385.4	20.6	1.6486124
250	protein3	416.6	5.4	1.7444446
250	r2	5.4	0.0	0.0
250	rnapol	0.0	0.0	0.0
