time	species	protein	transcript	ribo_density
0	__protein1_rbs	0.0	0.0	0.0
0	__protein2_rbs	0.0	0.0	0.0
0	__protein3_rbs	0.0	0.0	0.0
0	__ribosome	100.0	0.0	0.0
0	__rnase_site_ext	0.0	0.0	0.0
0	p0	1.0	0.0	0.0
0	p1	1.0	0.0	0.0
0	p2	1.0	0.0	0.0
0	r2	0.0	0.0	0.0
0	rnapol	4.0	0.0	0.0
1	__protein1_rbs	0.0	0.0	0.0
1	__protein2_rbs	0.0	0.0	0.0
1	__protein3_rbs	0.0	0.0	0.0
1	__ribosome	100.0	0.0	0.0
1	__rnase_site_ext	1.0	0.0	0.0
1	p0	0.0	0.0	0.0
1	p1	1.0	0.0	0.0
1	p2	1.0	0.0	0.0
1	r2	0.0	0.0	0.0
1	rnapol	2.2	0.0	0.0
2	__protein1_rbs	0.4	0.0	0.0
2	__protein2_rbs	0.0	0.0	0.0
2	__protein3_rbs	0.0	0.0	0.0
2	__ribosome	99.4	0.0	0.0
2	__rnase_site_ext	2.0	0.0	0.0
2	p0	0.0	0.0	0.0
2	p1	1.0	0.0	0.0
2	p2	1.0	0.0	0.0
2	protein1	0.0	1.0	0.6
2	r2	0.0	0.0	0.0
2	rnapol	1.2	0.0	0.0
3	__protein1_rbs	0.6	0.0	0.0
3	__protein2_rbs	0.0	0.0	0.0
3	__protein3_rbs	0.0	0.0	0.0
3	__ribosome	98.2	0.0	0.0
3	__rnase_site_ext	2.8	0.0	0.0
3	p0	0.2	0.0	0.0
3	p1	1.0	0.0	0.0
3	p2	1.0	0.0	0.0
3	protein1	0.0	2.0	0.9
3	r2	0.0	0.0	0.0
3	rnapol	0.2	0.0	0.0
4	__protein1_rbs	1.4	0.0	0.0
4	__protein2_rbs	0.0	0.0	0.0
4	__protein3_rbs	0.0	0.0	0.0
4	__ribosome	96.8	0.0	0.0
4	__rnase_site_ext	3.8	0.0	0.0
4	p0	0.6	0.0	0.0
4	p1	1.0	0.0	0.0
4	p2	1.0	0.0	0.0
4	protein1	0.0	2.8	1.1666666
4	r2	0.0	0.0	0.0
4	rnapol	0.0	0.0	0.0
5	__protein1_rbs	1.4	0.0	0.0
5	__protein2_rbs	0.0	0.0	0.0
5	__protein3_rbs	0.0	0.0	0.0
5	__ribosome	94.8	0.0	0.0
5	__rnase_site_ext	3.8	0.0	0.0
5	p0	1.0	0.0	0.0
5	p1	0.8	0.0	0.0
5	p2	1.0	0.0	0.0
5	protein1	0.0	3.6	1.4333334
5	r2	0.0	0.0	0.0
5	rnapol	0.0	0.0	0.0
6	__protein1_rbs	1.2	0.0	0.0
6	__protein2_rbs	0.0	0.0	0.0
6	__protein3_rbs	0.0	0.0	0.0
6	__ribosome	92.6	0.0	0.0
6	__rnase_site_ext	3.6	0.0	0.0
6	p0	1.0	0.0	0.0
6	p1	0.0	0.0	0.0
6	p2	1.0	0.0	0.0
6	protein1	0.0	3.8	1.9333334
6	r2	0.0	0.0	0.0
6	rnapol	0.0	0.0	0.0
7	__protein1_rbs	1.2	0.0	0.0
7	__protein2_rbs	0.0	0.0	0.0
7	__protein3_rbs	0.0	0.0	0.0
7	__ribosome	91.2	0.0	0.0
7	__rnase_site_ext	3.4	0.0	0.0
7	p0	1.0	0.0	0.0
7	p1	0.0	0.0	0.0
7	p2	1.0	0.0	0.0
7	protein1	0.8	3.6	2.4833334
7	r2	0.0	0.0	0.0
7	rnapol	0.0	0.0	0.0
8	__protein1_rbs	0.8	0.0	0.0
8	__protein2_rbs	0.0	0.0	0.0
8	__protein3_rbs	0.0	0.0	0.0
8	__ribosome	89.0	0.0	0.0
8	__rnase_site_ext	3.4	0.0	0.0
8	p0	1.0	0.0	0.0
8	p1	0.2	0.0	0.0
8	p2	1.0	0.0	0.0
8	protein1	1.2	3.4	3.2499998000000003
8	r2	0.0	0.0	0.0
8	rnapol	0.0	0.0	0.0
9	__protein1_rbs	1.0	0.0	0.0
9	__protein2_rbs	0.0	0.0	0.0
9	__protein3_rbs	0.0	0.0	0.0
9	__ribosome	88.2	0.0	0.0
9	__rnase_site_ext	3.4	0.0	0.0
9	p0	1.0	0.0	0.0
9	p1	0.0	0.0	0.0
9	p2	1.0	0.0	0.0
9	protein1	2.8	3.4	3.4833334
9	r2	0.0	0.0	0.0
9	rnapol	0.0	0.0	0.0
10	__protein1_rbs	0.8	0.0	0.0
10	__protein2_rbs	0.4	0.0	0.0
10	__protein3_rbs	0.0	0.0	0.0
10	__ribosome	88.0	0.0	0.0
10	__rnase_site_ext	3.4	0.0	0.0
10	p0	1.0	0.0	0.0
10	p1	0.0	0.0	0.0
10	p2	1.0	0.0	0.0
10	protein1	4.8	3.4	3.5333334
10	protein2	0.0	0.4	0.0
10	r2	0.0	0.0	0.0
10	rnapol	0.0	0.0	0.0
11	__protein1_rbs	1.6	0.0	0.0
11	__protein2_rbs	0.8	0.0	0.0
11	__protein3_rbs	0.0	0.0	0.0
11	__ribosome	88.2	0.0	0.0
11	__rnase_site_ext	3.4	0.0	0.0
11	p0	1.0	0.0	0.0
11	p1	0.2	0.0	0.0
11	p2	1.0	0.0	0.0
11	protein1	7.0	3.4	3.3833334
11	protein2	0.0	1.2	0.3
11	r2	0.0	0.0	0.0
11	rnapol	0.0	0.0	0.0
12	__protein1_rbs	0.6	0.0	0.0
12	__protein2_rbs	0.6	0.0	0.0
12	__protein3_rbs	0.0	0.0	0.0
12	__ribosome	87.4	0.0	0.0
12	__rnase_site_ext	3.4	0.0	0.0
12	p0	1.0	0.0	0.0
12	p1	1.0	0.0	0.0
12	p2	1.0	0.0	0.0
12	protein1	9.8	3.4	3.2833332000000004
12	protein2	0.0	1.6	0.8
12	r2	0.0	0.0	0.0
12	rnapol	0.0	0.0	0.0
13	__protein1_rbs	1.4	0.0	0.0
13	__protein2_rbs	0.8	0.0	0.0
13	__protein3_rbs	0.0	0.0	0.0
13	__ribosome	85.8	0.0	0.0
13	__rnase_site_ext	3.4	0.0	0.0
13	p0	1.0	0.0	0.0
13	p1	1.0	0.0	0.0
13	p2	1.0	0.0	0.0
13	protein1	11.6	3.4	3.2
13	protein2	0.0	2.8	1.2333333999999998
13	r2	0.0	0.0	0.0
13	rnapol	0.0	0.0	0.0
14	__protein1_rbs	1.2	0.0	0.0
14	__protein2_rbs	1.0	0.0	0.0
14	__protein3_rbs	0.0	0.0	0.0
14	__ribosome	83.4	0.0	0.0
14	__rnase_site_ext	3.4	0.0	0.0
14	p0	1.0	0.0	0.0
14	p1	1.0	0.0	0.0
14	p2	1.0	0.0	0.0
14	protein1	13.6	3.4	3.2833332000000004
14	protein2	0.0	3.4	1.6333334000000002
14	r2	0.0	0.0	0.0
14	rnapol	0.0	0.0	0.0
15	__protein1_rbs	1.4	0.0	0.0
15	__protein2_rbs	1.0	0.0	0.0
15	__protein3_rbs	0.0	0.0	0.0
15	__ribosome	81.6	0.0	0.0
15	__rnase_site_ext	3.4	0.0	0.0
15	p0	1.0	0.0	0.0
15	p1	1.0	0.0	0.0
15	p2	1.0	0.0	0.0
15	protein1	16.6	3.4	3.0166666
15	protein2	0.0	4.0	2.05
15	r2	0.0	0.0	0.0
15	rnapol	0.0	0.0	0.0
16	__protein1_rbs	1.8	0.0	0.0
16	__protein2_rbs	1.8	0.0	0.0
16	__protein3_rbs	0.0	0.0	0.0
16	__ribosome	79.4	0.0	0.0
16	__rnase_site_ext	3.8	0.0	0.0
16	p0	0.8	0.0	0.0
16	p1	0.8	0.0	0.0
16	p2	1.0	0.0	0.0
16	protein1	17.6	3.4	3.2666666
16	protein2	0.6	4.0	2.4
16	r2	0.0	0.0	0.0
16	rnapol	0.0	0.0	0.0
17	__protein1_rbs	0.8	0.0	0.0
17	__protein2_rbs	1.0	0.0	0.0
17	__protein3_rbs	0.0	0.0	0.0
17	__ribosome	77.8	0.0	0.0
17	__rnase_site_ext	3.6	0.0	0.0
17	p0	0.8	0.0	0.0
17	p1	1.0	0.0	0.0
17	p2	0.8	0.0	0.0
17	protein1	20.0	3.4	3.3166665999999996
17	protein2	1.6	4.0	2.75
17	r2	0.0	0.0	0.0
17	rnapol	0.0	0.0	0.0
18	__protein1_rbs	1.4	0.0	0.0
18	__protein2_rbs	2.0	0.0	0.0
18	__protein3_rbs	0.0	0.0	0.0
18	__ribosome	77.8	0.0	0.0
18	__rnase_site_ext	4.2	0.0	0.0
18	p0	0.6	0.0	0.0
18	p1	1.0	0.0	0.0
18	p2	0.8	0.0	0.0
18	protein1	22.4	3.4	3.3
18	protein2	3.2	4.0	2.85
18	r2	0.0	0.0	0.0
18	rnapol	0.2	0.0	0.0
19	__protein1_rbs	1.2	0.0	0.0
19	__protein2_rbs	1.2	0.0	0.0
19	__protein3_rbs	0.0	0.0	0.0
19	__ribosome	76.4	0.0	0.0
19	__rnase_site_ext	4.6	0.0	0.0
19	p0	0.4	0.0	0.0
19	p1	1.0	0.0	0.0
19	p2	0.6	0.0	0.0
19	protein1	24.8	3.6	3.1266668
19	protein2	4.8	3.8	3.3333334000000003
19	r2	0.2	0.0	0.0
19	rnapol	0.0	0.0	0.0
20	__protein1_rbs	1.4	0.0	0.0
20	__protein2_rbs	1.6	0.0	0.0
20	__protein3_rbs	0.0	0.0	0.0
20	__ribosome	77.2	0.0	0.0
20	__rnase_site_ext	5.2	0.0	0.0
20	p0	0.6	0.0	0.0
20	p1	1.0	0.0	0.0
20	p2	0.6	0.0	0.0
20	protein1	26.6	4.0	2.9066666000000003
20	protein2	7.8	4.0	2.8766666
20	protein3	0.0	0.2	0.2
20	r2	0.4	0.0	0.0
20	rnapol	0.0	0.0	0.0
21	__protein1_rbs	1.8	0.0	0.0
21	__protein2_rbs	1.6	0.0	0.0
21	__protein3_rbs	0.0	0.0	0.0
21	__ribosome	76.0	0.0	0.0
21	__rnase_site_ext	5.8	0.0	0.0
21	p0	0.4	0.0	0.0
21	p1	0.8	0.0	0.0
21	p2	0.4	0.0	0.0
21	protein1	28.8	4.8	2.5380954000000004
21	protein2	9.8	4.0	2.9266666
21	protein3	0.0	0.4	0.6
21	r2	0.6	0.0	0.0
21	rnapol	0.0	0.0	0.0
22	__protein1_rbs	2.2	0.0	0.0
22	__protein2_rbs	1.0	0.0	0.0
22	__protein3_rbs	0.2	0.0	0.0
22	__ribosome	74.6	0.0	0.0
22	__rnase_site_ext	5.6	0.0	0.0
22	p0	1.0	0.0	0.0
22	p1	0.8	0.0	0.0
22	p2	0.6	0.0	0.0
22	protein1	30.8	5.2	2.4885714
22	protein2	12.4	4.0	3.0266666
22	protein3	0.0	0.6	0.8
22	r2	1.2	0.0	0.0
22	rnapol	0.0	0.0	0.0
23	__protein1_rbs	2.2	0.0	0.0
23	__protein2_rbs	2.2	0.0	0.0
23	__protein3_rbs	0.6	0.0	0.0
23	__ribosome	74.0	0.0	0.0
23	__rnase_site_ext	5.6	0.0	0.0
23	p0	1.0	0.0	0.0
23	p1	0.8	0.0	0.0
23	p2	0.8	0.0	0.0
23	protein1	32.6	5.6	2.5033334
23	protein2	14.8	3.8	2.9
23	protein3	0.0	1.2	0.7
23	r2	1.2	0.0	0.0
23	rnapol	0.0	0.0	0.0
24	__protein1_rbs	2.6	0.0	0.0
24	__protein2_rbs	1.2	0.0	0.0
24	__protein3_rbs	0.2	0.0	0.0
24	__ribosome	72.6	0.0	0.0
24	__rnase_site_ext	5.6	0.0	0.0
24	p0	1.0	0.0	0.0
24	p1	0.4	0.0	0.0
24	p2	1.0	0.0	0.0
24	protein1	34.8	5.4	2.8783334
24	protein2	17.2	3.8	2.8166666
24	protein3	0.0	1.2	1.2
24	r2	1.4	0.0	0.0
24	rnapol	0.0	0.0	0.0
25	__protein1_rbs	2.2	0.0	0.0
25	__protein2_rbs	1.0	0.0	0.0
25	__protein3_rbs	0.4	0.0	0.0
25	__ribosome	70.0	0.0	0.0
25	__rnase_site_ext	5.8	0.0	0.0
25	p0	0.8	0.0	0.0
25	p1	0.2	0.0	0.0
25	p2	1.0	0.0	0.0
25	protein1	37.4	5.4	2.9516666000000003
25	protein2	18.6	3.6	3.3333334000000003
25	protein3	0.2	1.4	1.3666665999999998
25	r2	1.4	0.0	0.0
25	rnapol	0.0	0.0	0.0
26	__protein1_rbs	2.0	0.0	0.0
26	__protein2_rbs	1.8	0.0	0.0
26	__protein3_rbs	0.8	0.0	0.0
26	__ribosome	70.0	0.0	0.0
26	__rnase_site_ext	6.2	0.0	0.0
26	p0	0.6	0.0	0.0
26	p1	0.2	0.0	0.0
26	p2	1.0	0.0	0.0
26	protein1	40.0	5.4	3.0333334
26	protein2	21.2	3.8	3.0166666
26	protein3	0.6	1.4	1.3666665999999998
26	r2	1.4	0.0	0.0
26	rnapol	0.2	0.0	0.0
27	__protein1_rbs	2.6	0.0	0.0
27	__protein2_rbs	1.2	0.0	0.0
27	__protein3_rbs	0.6	0.0	0.0
27	__ribosome	70.0	0.0	0.0
27	__rnase_site_ext	6.4	0.0	0.0
27	p0	0.8	0.0	0.0
27	p1	0.4	0.0	0.0
27	p2	1.0	0.0	0.0
27	protein1	43.2	5.8	2.7642857999999997
27	protein2	23.8	4.0	2.83
27	protein3	1.0	1.4	1.4333334
27	r2	1.4	0.0	0.0
27	rnapol	0.0	0.0	0.0
28	__protein1_rbs	2.4	0.0	0.0
28	__protein2_rbs	2.0	0.0	0.0
28	__protein3_rbs	0.4	0.0	0.0
28	__ribosome	68.2	0.0	0.0
28	__rnase_site_ext	6.4	0.0	0.0
28	p0	0.6	0.0	0.0
28	p1	0.8	0.0	0.0
28	p2	1.0	0.0	0.0
28	protein1	46.0	6.0	2.6261906
28	protein2	25.6	4.4	2.71
28	protein3	1.2	1.4	1.8333334
28	r2	1.4	0.0	0.0
28	rnapol	0.0	0.0	0.0
29	__protein1_rbs	2.4	0.0	0.0
29	__protein2_rbs	2.6	0.0	0.0
29	__protein3_rbs	0.6	0.0	0.0
29	__ribosome	65.8	0.0	0.0
29	__rnase_site_ext	6.8	0.0	0.0
29	p0	0.8	0.0	0.0
29	p1	1.0	0.0	0.0
29	p2	1.0	0.0	0.0
29	protein1	48.8	6.2	2.704762
29	protein2	27.0	4.8	2.7066666
29	protein3	2.0	1.4	1.8666666
29	r2	1.4	0.0	0.0
29	rnapol	0.0	0.0	0.0
30	__protein1_rbs	3.2	0.0	0.0
30	__protein2_rbs	3.6	0.0	0.0
30	__protein3_rbs	0.4	0.0	0.0
30	__ribosome	67.4	0.0	0.0
30	__rnase_site_ext	6.8	0.0	0.0
30	p0	0.8	0.0	0.0
30	p1	0.8	0.0	0.0
30	p2	1.0	0.0	0.0
30	protein1	52.0	6.6	2.5433334
30	protein2	30.2	5.4	2.204762
30	protein3	3.0	1.4	1.8
30	r2	1.4	0.0	0.0
30	rnapol	0.0	0.0	0.0
31	__protein1_rbs	2.8	0.0	0.0
31	__protein2_rbs	2.0	0.0	0.0
31	__protein3_rbs	0.8	0.0	0.0
31	__ribosome	64.6	0.0	0.0
31	__rnase_site_ext	6.6	0.0	0.0
31	p0	1.0	0.0	0.0
31	p1	0.4	0.0	0.0
31	p2	1.0	0.0	0.0
31	protein1	54.8	6.4	2.7697618000000004
31	protein2	32.2	5.8	2.3966666
31	protein3	3.6	1.4	1.8
31	r2	1.4	0.0	0.0
31	rnapol	0.0	0.0	0.0
32	__protein1_rbs	3.6	0.0	0.0
32	__protein2_rbs	1.0	0.0	0.0
32	__protein3_rbs	0.0	0.0	0.0
32	__ribosome	63.0	0.0	0.0
32	__rnase_site_ext	6.6	0.0	0.0
32	p0	1.0	0.0	0.0
32	p1	0.6	0.0	0.0
32	p2	1.0	0.0	0.0
32	protein1	58.2	6.4	2.6904764
32	protein2	35.2	6.0	2.5485714
32	protein3	4.2	1.4	2.1
32	r2	1.4	0.0	0.0
32	rnapol	0.0	0.0	0.0
33	__protein1_rbs	2.6	0.0	0.0
33	__protein2_rbs	2.2	0.0	0.0
33	__protein3_rbs	0.8	0.0	0.0
33	__ribosome	62.8	0.0	0.0
33	__rnase_site_ext	6.8	0.0	0.0
33	p0	0.8	0.0	0.0
33	p1	0.6	0.0	0.0
33	p2	1.0	0.0	0.0
33	protein1	61.4	6.4	2.7476192000000004
33	protein2	37.4	6.0	2.6326192
33	protein3	5.6	1.4	1.7
33	r2	1.4	0.0	0.0
33	rnapol	0.0	0.0	0.0
34	__protein1_rbs	2.6	0.0	0.0
34	__protein2_rbs	1.8	0.0	0.0
34	__protein3_rbs	0.6	0.0	0.0
34	__ribosome	59.8	0.0	0.0
34	__rnase_site_ext	7.4	0.0	0.0
34	p0	0.4	0.0	0.0
34	p1	0.4	0.0	0.0
34	p2	0.8	0.0	0.0
34	protein1	64.8	6.4	2.8095237999999996
34	protein2	39.0	6.0	3.0226192000000003
34	protein3	6.0	1.4	1.8666666
34	r2	1.4	0.0	0.0
34	rnapol	0.0	0.0	0.0
35	__protein1_rbs	2.8	0.0	0.0
35	__protein2_rbs	2.8	0.0	0.0
35	__protein3_rbs	0.8	0.0	0.0
35	__ribosome	61.8	0.0	0.0
35	__rnase_site_ext	7.4	0.0	0.0
35	p0	0.8	0.0	0.0
35	p1	0.6	0.0	0.0
35	p2	1.0	0.0	0.0
35	protein1	69.4	6.6	2.5857142000000004
35	protein2	42.4	6.0	2.944762
35	protein3	7.2	1.4	1.5
35	r2	1.6	0.0	0.0
35	rnapol	0.2	0.0	0.0
36	__protein1_rbs	2.8	0.0	0.0
36	__protein2_rbs	3.2	0.0	0.0
36	__protein3_rbs	0.6	0.0	0.0
36	__ribosome	60.8	0.0	0.0
36	__rnase_site_ext	7.6	0.0	0.0
36	p0	0.6	0.0	0.0
36	p1	0.8	0.0	0.0
36	p2	1.0	0.0	0.0
36	protein1	72.6	7.2	2.5031746000000004
36	protein2	45.4	6.2	2.7678572
36	protein3	8.0	1.6	1.5
36	r2	1.6	0.0	0.0
36	rnapol	0.0	0.0	0.0
37	__protein1_rbs	4.0	0.0	0.0
37	__protein2_rbs	2.6	0.0	0.0
37	__protein3_rbs	0.8	0.0	0.0
37	__ribosome	60.6	0.0	0.0
37	__rnase_site_ext	8.2	0.0	0.0
37	p0	0.8	0.0	0.0
37	p1	1.0	0.0	0.0
37	p2	0.8	0.0	0.0
37	protein1	75.4	7.4	2.5259524000000004
37	protein2	48.4	6.4	2.7190476
37	protein3	9.2	1.6	1.3333334
37	r2	1.6	0.0	0.0
37	rnapol	0.0	0.0	0.0
38	__protein1_rbs	3.2	0.0	0.0
38	__protein2_rbs	3.0	0.0	0.0
38	__protein3_rbs	1.2	0.0	0.0
38	__ribosome	60.0	0.0	0.0
38	__rnase_site_ext	7.8	0.0	0.0
38	p0	1.0	0.0	0.0
38	p1	1.0	0.0	0.0
38	p2	0.8	0.0	0.0
38	protein1	78.6	7.8	2.5250793999999996
38	protein2	52.8	7.0	2.4738094
38	protein3	9.6	1.6	1.3
38	r2	1.8	0.0	0.0
38	rnapol	0.0	0.0	0.0
39	__protein1_rbs	3.0	0.0	0.0
39	__protein2_rbs	3.6	0.0	0.0
39	__protein3_rbs	0.4	0.0	0.0
39	__ribosome	58.4	0.0	0.0
39	__rnase_site_ext	7.6	0.0	0.0
39	p0	1.0	0.0	0.0
39	p1	0.8	0.0	0.0
39	p2	0.8	0.0	0.0
39	protein1	82.4	7.6	2.7307936000000006
39	protein2	56.4	7.2	2.3916666
39	protein3	10.2	1.8	1.5
39	r2	1.8	0.0	0.0
39	rnapol	0.0	0.0	0.0
40	__protein1_rbs	2.8	0.0	0.0
40	__protein2_rbs	3.8	0.0	0.0
40	__protein3_rbs	1.0	0.0	0.0
40	__ribosome	56.4	0.0	0.0
40	__rnase_site_ext	7.6	0.0	0.0
40	p0	1.0	0.0	0.0
40	p1	0.4	0.0	0.0
40	p2	0.8	0.0	0.0
40	protein1	86.0	7.4	2.9028572000000006
40	protein2	59.4	7.2	2.4761906000000002
40	protein3	10.8	1.8	1.6
40	r2	2.0	0.0	0.0
40	rnapol	0.2	0.0	0.0
41	__protein1_rbs	4.2	0.0	0.0
41	__protein2_rbs	3.2	0.0	0.0
41	__protein3_rbs	0.8	0.0	0.0
41	__ribosome	56.6	0.0	0.0
41	__rnase_site_ext	7.8	0.0	0.0
41	p0	1.0	0.0	0.0
41	p1	0.6	0.0	0.0
41	p2	1.0	0.0	0.0
41	protein1	90.4	7.4	2.8215874
41	protein2	62.6	7.2	2.595238
41	protein3	11.8	2.0	1.5666666
41	r2	2.0	0.0	0.0
41	rnapol	0.2	0.0	0.0
42	__protein1_rbs	4.6	0.0	0.0
42	__protein2_rbs	4.2	0.0	0.0
42	__protein3_rbs	1.2	0.0	0.0
42	__ribosome	58.0	0.0	0.0
42	__rnase_site_ext	8.2	0.0	0.0
42	p0	0.6	0.0	0.0
42	p1	0.4	0.0	0.0
42	p2	1.0	0.0	0.0
42	protein1	93.4	7.6	2.6174602000000005
42	protein2	65.4	7.2	2.5714286
42	protein3	13.0	2.0	1.3
42	r2	1.8	0.0	0.0
42	rnapol	0.0	0.0	0.0
43	__protein1_rbs	3.4	0.0	0.0
43	__protein2_rbs	3.2	0.0	0.0
43	__protein3_rbs	0.6	0.0	0.0
43	__ribosome	57.6	0.0	0.0
43	__rnase_site_ext	8.4	0.0	0.0
43	p0	0.8	0.0	0.0
43	p1	0.6	0.0	0.0
43	p2	1.0	0.0	0.0
43	protein1	98.2	8.0	2.5038888
43	protein2	69.4	7.4	2.4666666
43	protein3	13.2	1.6	2.5
43	r2	1.6	0.0	0.0
43	rnapol	0.0	0.0	0.0
44	__protein1_rbs	4.4	0.0	0.0
44	__protein2_rbs	3.8	0.0	0.0
44	__protein3_rbs	0.6	0.0	0.0
44	__ribosome	59.6	0.0	0.0
44	__rnase_site_ext	8.6	0.0	0.0
44	p0	0.8	0.0	0.0
44	p1	0.8	0.0	0.0
44	p2	0.8	0.0	0.0
44	protein1	102.8	8.2	2.1749998
44	protein2	73.2	7.6	2.3988096000000003
44	protein3	14.6	1.6	2.1
44	r2	1.6	0.0	0.0
44	rnapol	0.0	0.0	0.0
45	__protein1_rbs	4.4	0.0	0.0
45	__protein2_rbs	3.6	0.0	0.0
45	__protein3_rbs	0.4	0.0	0.0
45	__ribosome	58.6	0.0	0.0
45	__rnase_site_ext	8.8	0.0	0.0
45	p0	0.8	0.0	0.0
45	p1	1.0	0.0	0.0
45	p2	0.6	0.0	0.0
45	protein1	106.4	8.4	2.1777778000000003
45	protein2	77.0	7.8	2.3750000000000004
45	protein3	15.2	1.6	2.25
45	r2	1.6	0.0	0.0
45	rnapol	0.0	0.0	0.0
46	__protein1_rbs	4.2	0.0	0.0
46	__protein2_rbs	4.8	0.0	0.0
46	__protein3_rbs	0.6	0.0	0.0
46	__ribosome	57.8	0.0	0.0
46	__rnase_site_ext	8.8	0.0	0.0
46	p0	0.8	0.0	0.0
46	p1	0.8	0.0	0.0
46	p2	0.8	0.0	0.0
46	protein1	110.2	8.4	2.2527778
46	protein2	80.8	8.2	2.2431818
46	protein3	15.6	1.6	2.35
46	r2	1.8	0.0	0.0
46	rnapol	0.0	0.0	0.0
47	__protein1_rbs	4.8	0.0	0.0
47	__protein2_rbs	3.4	0.0	0.0
47	__protein3_rbs	0.8	0.0	0.0
47	__ribosome	54.8	0.0	0.0
47	__rnase_site_ext	9.0	0.0	0.0
47	p0	0.8	0.0	0.0
47	p1	0.8	0.0	0.0
47	p2	1.0	0.0	0.0
47	protein1	113.4	8.6	2.2923807999999997
47	protein2	84.0	8.6	2.3530664000000003
47	protein3	16.4	2.0	2.1866666
47	r2	2.0	0.0	0.0
47	rnapol	0.0	0.0	0.0
48	__protein1_rbs	4.6	0.0	0.0
48	__protein2_rbs	5.2	0.0	0.0
48	__protein3_rbs	1.2	0.0	0.0
48	__ribosome	53.0	0.0	0.0
48	__rnase_site_ext	8.8	0.0	0.0
48	p0	0.8	0.0	0.0
48	p1	0.6	0.0	0.0
48	p2	1.0	0.0	0.0
48	protein1	115.8	8.6	2.4907142
48	protein2	87.2	8.8	2.3753970000000004
48	protein3	17.6	2.0	2.08
48	r2	2.0	0.0	0.0
48	rnapol	0.0	0.0	0.0
49	__protein1_rbs	4.4	0.0	0.0
49	__protein2_rbs	4.2	0.0	0.0
49	__protein3_rbs	1.4	0.0	0.0
49	__ribosome	52.2	0.0	0.0
49	__rnase_site_ext	8.8	0.0	0.0
49	p0	1.0	0.0	0.0
49	p1	0.8	0.0	0.0
49	p2	1.0	0.0	0.0
49	protein1	119.8	8.8	2.4771430000000003
49	protein2	90.8	8.4	2.5379148
49	protein3	18.4	2.0	1.9066666
49	r2	2.0	0.0	0.0
49	rnapol	0.0	0.0	0.0
50	__protein1_rbs	3.2	0.0	0.0
50	__protein2_rbs	3.0	0.0	0.0
50	__protein3_rbs	0.8	0.0	0.0
50	__ribosome	51.6	0.0	0.0
50	__rnase_site_ext	9.0	0.0	0.0
50	p0	0.6	0.0	0.0
50	p1	0.8	0.0	0.0
50	p2	1.0	0.0	0.0
50	protein1	124.8	8.6	2.536508
50	protein2	95.6	8.6	2.5391054000000004
50	protein3	19.4	2.0	1.9466666000000001
50	r2	2.0	0.0	0.0
50	rnapol	0.0	0.0	0.0
51	__protein1_rbs	4.4	0.0	0.0
51	__protein2_rbs	3.8	0.0	0.0
51	__protein3_rbs	1.0	0.0	0.0
51	__ribosome	50.0	0.0	0.0
51	__rnase_site_ext	9.2	0.0	0.0
51	p0	0.8	0.0	0.0
51	p1	0.4	0.0	0.0
51	p2	1.0	0.0	0.0
51	protein1	128.2	8.8	2.5361112
51	protein2	98.6	8.8	2.5814936
51	protein3	20.4	2.0	2.08
51	r2	2.0	0.0	0.0
51	rnapol	0.0	0.0	0.0
52	__protein1_rbs	5.4	0.0	0.0
52	__protein2_rbs	5.0	0.0	0.0
52	__protein3_rbs	0.6	0.0	0.0
52	__ribosome	51.6	0.0	0.0
52	__rnase_site_ext	9.6	0.0	0.0
52	p0	0.6	0.0	0.0
52	p1	0.6	0.0	0.0
52	p2	1.0	0.0	0.0
52	protein1	132.6	9.0	2.4488887999999998
52	protein2	103.8	8.8	2.445202
52	protein3	21.6	2.0	2.04
52	r2	2.0	0.0	0.0
52	rnapol	0.0	0.0	0.0
53	__protein1_rbs	4.2	0.0	0.0
53	__protein2_rbs	5.6	0.0	0.0
53	__protein3_rbs	0.8	0.0	0.0
53	__ribosome	52.8	0.0	0.0
53	__rnase_site_ext	9.8	0.0	0.0
53	p0	0.2	0.0	0.0
53	p1	0.8	0.0	0.0
53	p2	1.0	0.0	0.0
53	protein1	137.4	9.2	2.3505554
53	protein2	108.2	9.0	2.2348484
53	protein3	22.2	2.0	2.1333333999999997
53	r2	2.0	0.0	0.0
53	rnapol	0.0	0.0	0.0
54	__protein1_rbs	4.2	0.0	0.0
54	__protein2_rbs	3.6	0.0	0.0
54	__protein3_rbs	0.6	0.0	0.0
54	__ribosome	48.8	0.0	0.0
54	__rnase_site_ext	10.4	0.0	0.0
54	p0	0.8	0.0	0.0
54	p1	0.6	0.0	0.0
54	p2	1.0	0.0	0.0
54	protein1	140.8	9.4	2.4046967999999995
54	protein2	111.6	9.2	2.4328284
54	protein3	22.8	1.8	2.6
54	r2	1.8	0.0	0.0
54	rnapol	0.0	0.0	0.0
55	__protein1_rbs	4.6	0.0	0.0
55	__protein2_rbs	3.8	0.0	0.0
55	__protein3_rbs	0.6	0.0	0.0
55	__ribosome	47.8	0.0	0.0
55	__rnase_site_ext	10.4	0.0	0.0
55	p0	1.0	0.0	0.0
55	p1	0.8	0.0	0.0
55	p2	1.0	0.0	0.0
55	protein1	145.4	10.0	2.3171714000000003
55	protein2	115.8	9.2	2.5406564000000005
55	protein3	23.8	1.8	2.4833334
55	r2	1.8	0.0	0.0
55	rnapol	0.0	0.0	0.0
56	__protein1_rbs	4.8	0.0	0.0
56	__protein2_rbs	4.0	0.0	0.0
56	__protein3_rbs	1.0	0.0	0.0
56	__ribosome	48.4	0.0	0.0
56	__rnase_site_ext	10.6	0.0	0.0
56	p0	0.8	0.0	0.0
56	p1	0.6	0.0	0.0
56	p2	1.0	0.0	0.0
56	protein1	150.4	10.2	2.3
56	protein2	121.2	9.4	2.455
56	protein3	25.2	1.8	2.1833334
56	r2	1.8	0.0	0.0
56	rnapol	0.2	0.0	0.0
57	__protein1_rbs	5.2	0.0	0.0
57	__protein2_rbs	5.0	0.0	0.0
57	__protein3_rbs	0.4	0.0	0.0
57	__ribosome	47.2	0.0	0.0
57	__rnase_site_ext	10.6	0.0	0.0
57	p0	1.0	0.0	0.0
57	p1	0.8	0.0	0.0
57	p2	1.0	0.0	0.0
57	protein1	154.4	10.2	2.35
57	protein2	125.0	9.6	2.475
57	protein3	26.6	1.8	2.2666666
57	r2	1.8	0.0	0.0
57	rnapol	0.0	0.0	0.0
58	__protein1_rbs	4.8	0.0	0.0
58	__protein2_rbs	4.4	0.0	0.0
58	__protein3_rbs	1.4	0.0	0.0
58	__ribosome	46.8	0.0	0.0
58	__rnase_site_ext	10.4	0.0	0.0
58	p0	1.0	0.0	0.0
58	p1	0.4	0.0	0.0
58	p2	1.0	0.0	0.0
58	protein1	159.6	10.4	2.322222
58	protein2	129.2	9.6	2.55
58	protein3	27.6	1.8	1.9666666000000002
58	r2	1.8	0.0	0.0
58	rnapol	0.0	0.0	0.0
59	__protein1_rbs	4.6	0.0	0.0
59	__protein2_rbs	4.2	0.0	0.0
59	__protein3_rbs	0.6	0.0	0.0
59	__ribosome	46.2	0.0	0.0
59	__rnase_site_ext	10.6	0.0	0.0
59	p0	0.8	0.0	0.0
59	p1	0.2	0.0	0.0
59	p2	1.0	0.0	0.0
59	protein1	164.0	10.2	2.4053534
59	protein2	133.6	9.6	2.625
59	protein3	29.0	1.8	2.0166666
59	r2	1.8	0.0	0.0
59	rnapol	0.0	0.0	0.0
60	__protein1_rbs	5.4	0.0	0.0
60	__protein2_rbs	4.2	0.0	0.0
60	__protein3_rbs	1.2	0.0	0.0
60	__ribosome	44.4	0.0	0.0
60	__rnase_site_ext	10.6	0.0	0.0
60	p0	1.0	0.0	0.0
60	p1	0.2	0.0	0.0
60	p2	0.8	0.0	0.0
60	protein1	168.2	10.2	2.4614140000000004
60	protein2	137.6	10.0	2.6456566
60	protein3	29.4	1.8	1.8833334
60	r2	1.8	0.0	0.0
60	rnapol	0.2	0.0	0.0
61	__protein1_rbs	5.2	0.0	0.0
61	__protein2_rbs	4.4	0.0	0.0
61	__protein3_rbs	0.6	0.0	0.0
61	__ribosome	45.4	0.0	0.0
61	__rnase_site_ext	10.8	0.0	0.0
61	p0	1.0	0.0	0.0
61	p1	0.8	0.0	0.0
61	p2	1.0	0.0	0.0
61	protein1	173.4	10.4	2.3641416
61	protein2	143.6	10.0	2.5175756000000002
61	protein3	30.0	1.8	2.05
61	r2	2.0	0.0	0.0
61	rnapol	0.0	0.0	0.0
62	__protein1_rbs	5.8	0.0	0.0
62	__protein2_rbs	5.8	0.0	0.0
62	__protein3_rbs	1.0	0.0	0.0
62	__ribosome	47.6	0.0	0.0
62	__rnase_site_ext	11.0	0.0	0.0
62	p0	0.8	0.0	0.0
62	p1	0.6	0.0	0.0
62	p2	1.0	0.0	0.0
62	protein1	178.4	10.6	2.2988888000000003
62	protein2	148.4	10.4	2.3085857999999995
62	protein3	31.6	2.0	1.5333333999999998
62	r2	2.0	0.0	0.0
62	rnapol	0.0	0.0	0.0
63	__protein1_rbs	4.6	0.0	0.0
63	__protein2_rbs	6.0	0.0	0.0
63	__protein3_rbs	1.0	0.0	0.0
63	__ribosome	44.0	0.0	0.0
63	__rnase_site_ext	11.0	0.0	0.0
63	p0	1.0	0.0	0.0
63	p1	1.0	0.0	0.0
63	p2	0.6	0.0	0.0
63	protein1	182.8	10.6	2.4682830000000004
63	protein2	152.4	10.6	2.4101710000000005
63	protein3	31.8	2.0	1.7833333999999998
63	r2	2.0	0.0	0.0
63	rnapol	0.0	0.0	0.0
64	__protein1_rbs	4.8	0.0	0.0
64	__protein2_rbs	5.6	0.0	0.0
64	__protein3_rbs	0.8	0.0	0.0
64	__ribosome	45.0	0.0	0.0
64	__rnase_site_ext	10.8	0.0	0.0
64	p0	1.0	0.0	0.0
64	p1	0.8	0.0	0.0
64	p2	0.6	0.0	0.0
64	protein1	188.0	10.8	2.4752524
64	protein2	158.6	11.0	2.1458974
64	protein3	32.8	2.0	1.7833333999999998
64	r2	2.2	0.0	0.0
64	rnapol	0.0	0.0	0.0
65	__protein1_rbs	5.4	0.0	0.0
65	__protein2_rbs	6.2	0.0	0.0
65	__protein3_rbs	1.4	0.0	0.0
65	__ribosome	44.8	0.0	0.0
65	__rnase_site_ext	10.6	0.0	0.0
65	p0	1.0	0.0	0.0
65	p1	0.8	0.0	0.0
65	p2	0.6	0.0	0.0
65	protein1	193.6	10.8	2.4095958
65	protein2	163.0	11.0	2.1761538
65	protein3	33.4	2.4	1.7
65	r2	2.4	0.0	0.0
65	rnapol	0.2	0.0	0.0
66	__protein1_rbs	5.2	0.0	0.0
66	__protein2_rbs	4.8	0.0	0.0
66	__protein3_rbs	1.4	0.0	0.0
66	__ribosome	43.6	0.0	0.0
66	__rnase_site_ext	10.6	0.0	0.0
66	p0	0.8	0.0	0.0
66	p1	0.8	0.0	0.0
66	p2	1.0	0.0	0.0
66	protein1	199.0	10.6	2.4787877999999997
66	protein2	167.8	11.4	2.2163636
66	protein3	34.6	2.4	1.7266666000000002
66	r2	2.8	0.0	0.0
66	rnapol	0.0	0.0	0.0
67	__protein1_rbs	4.6	0.0	0.0
67	__protein2_rbs	5.2	0.0	0.0
67	__protein3_rbs	1.2	0.0	0.0
67	__ribosome	41.2	0.0	0.0
67	__rnase_site_ext	10.8	0.0	0.0
67	p0	0.6	0.0	0.0
67	p1	0.8	0.0	0.0
67	p2	0.8	0.0	0.0
67	protein1	203.8	10.2	2.6533333999999997
67	protein2	172.8	11.2	2.3193938
67	protein3	35.4	2.8	1.7133332
67	r2	2.8	0.0	0.0
67	rnapol	0.0	0.0	0.0
68	__protein1_rbs	3.8	0.0	0.0
68	__protein2_rbs	7.8	0.0	0.0
68	__protein3_rbs	1.6	0.0	0.0
68	__ribosome	43.2	0.0	0.0
68	__rnase_site_ext	11.2	0.0	0.0
68	p0	0.8	0.0	0.0
68	p1	0.8	0.0	0.0
68	p2	0.8	0.0	0.0
68	protein1	209.8	10.4	2.541818
68	protein2	177.8	11.2	2.1912122000000003
68	protein3	36.6	2.8	1.8733334
68	r2	3.0	0.0	0.0
68	rnapol	0.2	0.0	0.0
69	__protein1_rbs	6.4	0.0	0.0
69	__protein2_rbs	5.0	0.0	0.0
69	__protein3_rbs	0.8	0.0	0.0
69	__ribosome	41.2	0.0	0.0
69	__rnase_site_ext	11.8	0.0	0.0
69	p0	0.6	0.0	0.0
69	p1	1.0	0.0	0.0
69	p2	1.0	0.0	0.0
69	protein1	214.6	11.0	2.2984848
69	protein2	181.8	11.4	2.3296968
69	protein3	37.4	3.0	2.3066668
69	r2	3.0	0.0	0.0
69	rnapol	0.0	0.0	0.0
70	__protein1_rbs	5.2	0.0	0.0
70	__protein2_rbs	6.8	0.0	0.0
70	__protein3_rbs	1.4	0.0	0.0
70	__ribosome	41.2	0.0	0.0
70	__rnase_site_ext	12.0	0.0	0.0
70	p0	0.8	0.0	0.0
70	p1	1.0	0.0	0.0
70	p2	0.8	0.0	0.0
70	protein1	219.6	11.4	2.3132866
70	protein2	187.0	11.4	2.2227272
70	protein3	38.6	3.0	2.28
70	r2	3.0	0.0	0.0
70	rnapol	0.0	0.0	0.0
71	__protein1_rbs	6.4	0.0	0.0
71	__protein2_rbs	6.2	0.0	0.0
71	__protein3_rbs	2.0	0.0	0.0
71	__ribosome	41.8	0.0	0.0
71	__rnase_site_ext	12.2	0.0	0.0
71	p0	0.8	0.0	0.0
71	p1	1.0	0.0	0.0
71	p2	0.8	0.0	0.0
71	protein1	224.6	11.6	2.2136364
71	protein2	192.8	11.4	2.239394
71	protein3	39.6	3.0	2.4133334
71	r2	3.0	0.0	0.0
71	rnapol	0.4	0.0	0.0
72	__protein1_rbs	6.2	0.0	0.0
72	__protein2_rbs	5.6	0.0	0.0
72	__protein3_rbs	1.8	0.0	0.0
72	__ribosome	42.8	0.0	0.0
72	__rnase_site_ext	12.8	0.0	0.0
72	p0	0.2	0.0	0.0
72	p1	0.6	0.0	0.0
72	p2	1.0	0.0	0.0
72	protein1	229.6	11.8	2.1875292
72	protein2	198.4	11.4	2.2066666
72	protein3	41.4	3.0	2.1333333999999997
72	r2	3.2	0.0	0.0
72	rnapol	0.2	0.0	0.0
73	__protein1_rbs	6.2	0.0	0.0
73	__protein2_rbs	6.0	0.0	0.0
73	__protein3_rbs	1.8	0.0	0.0
73	__ribosome	41.6	0.0	0.0
73	__rnase_site_ext	13.2	0.0	0.0
73	p0	0.6	0.0	0.0
73	p1	0.2	0.0	0.0
73	p2	1.0	0.0	0.0
73	protein1	235.6	12.2	2.1309292
73	protein2	202.8	11.4	2.29
73	protein3	42.2	3.2	2.15
73	r2	3.2	0.0	0.0
73	rnapol	0.0	0.0	0.0
74	__protein1_rbs	7.2	0.0	0.0
74	__protein2_rbs	5.8	0.0	0.0
74	__protein3_rbs	1.8	0.0	0.0
74	__ribosome	41.0	0.0	0.0
74	__rnase_site_ext	13.2	0.0	0.0
74	p0	0.8	0.0	0.0
74	p1	0.2	0.0	0.0
74	p2	1.0	0.0	0.0
74	protein1	240.0	12.8	2.170373000000001
74	protein2	209.0	11.4	2.2003032000000005
74	protein3	44.2	3.2	1.86
74	r2	3.2	0.0	0.0
74	rnapol	0.0	0.0	0.0
75	__protein1_rbs	7.4	0.0	0.0
75	__protein2_rbs	4.0	0.0	0.0
75	__protein3_rbs	2.6	0.0	0.0
75	__ribosome	38.2	0.0	0.0
75	__rnase_site_ext	13.2	0.0	0.0
75	p0	1.0	0.0	0.0
75	p1	0.4	0.0	0.0
75	p2	1.0	0.0	0.0
75	protein1	245.8	12.8	2.165168
75	protein2	212.4	11.4	2.5324244
75	protein3	45.8	3.2	1.6133334
75	r2	3.2	0.0	0.0
75	rnapol	0.2	0.0	0.0
76	__protein1_rbs	6.6	0.0	0.0
76	__protein2_rbs	5.0	0.0	0.0
76	__protein3_rbs	1.2	0.0	0.0
76	__ribosome	35.8	0.0	0.0
76	__rnase_site_ext	13.2	0.0	0.0
76	p0	1.0	0.0	0.0
76	p1	0.6	0.0	0.0
76	p2	1.0	0.0	0.0
76	protein1	250.2	13.0	2.2605062
76	protein2	218.0	11.4	2.4793708000000003
76	protein3	46.6	3.2	1.7666666000000002
76	r2	3.2	0.0	0.0
76	rnapol	0.0	0.0	0.0
77	__protein1_rbs	6.8	0.0	0.0
77	__protein2_rbs	6.2	0.0	0.0
77	__protein3_rbs	1.8	0.0	0.0
77	__ribosome	34.2	0.0	0.0
77	__rnase_site_ext	13.4	0.0	0.0
77	p0	0.8	0.0	0.0
77	p1	0.2	0.0	0.0
77	p2	1.0	0.0	0.0
77	protein1	255.2	13.0	2.3818248000000004
77	protein2	223.6	11.6	2.456014
77	protein3	47.8	3.2	1.7766666000000002
77	r2	3.2	0.0	0.0
77	rnapol	0.0	0.0	0.0
78	__protein1_rbs	8.2	0.0	0.0
78	__protein2_rbs	7.0	0.0	0.0
78	__protein3_rbs	1.2	0.0	0.0
78	__ribosome	34.0	0.0	0.0
78	__rnase_site_ext	13.0	0.0	0.0
78	p0	0.6	0.0	0.0
78	p1	0.0	0.0	0.0
78	p2	1.0	0.0	0.0
78	protein1	260.8	13.2	2.2723442000000005
78	protein2	228.6	12.0	2.3558274
78	protein3	49.0	3.2	2.0466666
78	r2	3.2	0.0	0.0
78	rnapol	0.0	0.0	0.0
79	__protein1_rbs	7.6	0.0	0.0
79	__protein2_rbs	7.4	0.0	0.0
79	__protein3_rbs	1.6	0.0	0.0
79	__ribosome	37.6	0.0	0.0
79	__rnase_site_ext	13.2	0.0	0.0
79	p0	1.0	0.0	0.0
79	p1	0.6	0.0	0.0
79	p2	1.0	0.0	0.0
79	protein1	268.2	13.2	2.1118682
79	protein2	234.6	12.4	2.2054110000000002
79	protein3	50.6	3.2	1.9833332
79	r2	3.2	0.0	0.0
79	rnapol	0.0	0.0	0.0
80	__protein1_rbs	7.6	0.0	0.0
80	__protein2_rbs	7.4	0.0	0.0
80	__protein3_rbs	1.8	0.0	0.0
80	__ribosome	36.0	0.0	0.0
80	__rnase_site_ext	12.6	0.0	0.0
80	p0	1.0	0.0	0.0
80	p1	0.8	0.0	0.0
80	p2	1.0	0.0	0.0
80	protein1	274.0	13.0	2.1095472
80	protein2	239.0	12.6	2.2763633999999997
80	protein3	51.4	3.2	2.14
80	r2	2.8	0.0	0.0
80	rnapol	0.0	0.0	0.0
81	__protein1_rbs	7.2	0.0	0.0
81	__protein2_rbs	7.2	0.0	0.0
81	__protein3_rbs	1.6	0.0	0.0
81	__ribosome	39.0	0.0	0.0
81	__rnase_site_ext	12.4	0.0	0.0
81	p0	1.0	0.0	0.0
81	p1	0.8	0.0	0.0
81	p2	1.0	0.0	0.0
81	protein1	280.2	12.8	2.0536964
81	protein2	246.2	12.8	2.0971796
81	protein3	52.8	2.8	2.4333334
81	r2	2.8	0.0	0.0
81	rnapol	0.0	0.0	0.0
82	__protein1_rbs	7.6	0.0	0.0
82	__protein2_rbs	6.6	0.0	0.0
82	__protein3_rbs	1.6	0.0	0.0
82	__ribosome	39.0	0.0	0.0
82	__rnase_site_ext	12.4	0.0	0.0
82	p0	0.8	0.0	0.0
82	p1	0.6	0.0	0.0
82	p2	1.0	0.0	0.0
82	protein1	287.0	12.2	2.0202798
82	protein2	250.8	13.4	2.2005860000000004
82	protein3	54.6	2.8	2.25
82	r2	2.8	0.0	0.0
82	rnapol	0.0	0.0	0.0
83	__protein1_rbs	6.8	0.0	0.0
83	__protein2_rbs	7.0	0.0	0.0
83	__protein3_rbs	1.4	0.0	0.0
83	__ribosome	37.4	0.0	0.0
83	__rnase_site_ext	12.6	0.0	0.0
83	p0	0.8	0.0	0.0
83	p1	0.8	0.0	0.0
83	p2	1.0	0.0	0.0
83	protein1	291.0	12.2	2.1205126
83	protein2	257.0	13.6	2.1932966
83	protein3	56.2	2.8	2.1833334
83	r2	2.8	0.0	0.0
83	rnapol	0.0	0.0	0.0
84	__protein1_rbs	6.6	0.0	0.0
84	__protein2_rbs	8.6	0.0	0.0
84	__protein3_rbs	1.2	0.0	0.0
84	__ribosome	37.6	0.0	0.0
84	__rnase_site_ext	12.4	0.0	0.0
84	p0	1.0	0.0	0.0
84	p1	0.6	0.0	0.0
84	p2	0.8	0.0	0.0
84	protein1	296.8	12.2	2.1397436
84	protein2	261.0	13.6	2.2087178
84	protein3	58.2	2.8	2.2166666
84	r2	2.8	0.0	0.0
84	rnapol	0.0	0.0	0.0
85	__protein1_rbs	8.4	0.0	0.0
85	__protein2_rbs	7.0	0.0	0.0
85	__protein3_rbs	2.0	0.0	0.0
85	__ribosome	36.6	0.0	0.0
85	__rnase_site_ext	12.4	0.0	0.0
85	p0	0.6	0.0	0.0
85	p1	1.0	0.0	0.0
85	p2	0.6	0.0	0.0
85	protein1	300.6	12.4	2.1512822
85	protein2	267.6	14.0	2.1926007999999997
85	protein3	59.4	2.8	2.0333334
85	r2	2.8	0.0	0.0
85	rnapol	0.0	0.0	0.0
86	__protein1_rbs	5.6	0.0	0.0
86	__protein2_rbs	7.2	0.0	0.0
86	__protein3_rbs	2.0	0.0	0.0
86	__ribosome	37.6	0.0	0.0
86	__rnase_site_ext	12.0	0.0	0.0
86	p0	1.0	0.0	0.0
86	p1	1.0	0.0	0.0
86	p2	0.8	0.0	0.0
86	protein1	307.4	12.2	2.1995669999999996
86	protein2	274.6	14.0	2.1668863999999997
86	protein3	60.8	2.8	2.0166666
86	r2	3.2	0.0	0.0
86	rnapol	0.2	0.0	0.0
87	__protein1_rbs	5.8	0.0	0.0
87	__protein2_rbs	8.8	0.0	0.0
87	__protein3_rbs	2.0	0.0	0.0
87	__ribosome	37.0	0.0	0.0
87	__rnase_site_ext	12.2	0.0	0.0
87	p0	0.8	0.0	0.0
87	p1	1.0	0.0	0.0
87	p2	0.8	0.0	0.0
87	protein1	312.2	12.4	2.234865
87	protein2	280.4	14.0	2.1246883999999997
87	protein3	62.0	3.2	1.8
87	r2	3.2	0.0	0.0
87	rnapol	0.4	0.0	0.0
88	__protein1_rbs	6.6	0.0	0.0
88	__protein2_rbs	8.0	0.0	0.0
88	__protein3_rbs	1.4	0.0	0.0
88	__ribosome	35.4	0.0	0.0
88	__rnase_site_ext	12.6	0.0	0.0
88	p0	0.4	0.0	0.0
88	p1	0.6	0.0	0.0
88	p2	1.0	0.0	0.0
88	protein1	318.4	12.0	2.2814186000000003
88	protein2	285.8	14.4	2.1445422
88	protein3	63.2	3.2	2.05
88	r2	3.4	0.0	0.0
88	rnapol	0.0	0.0	0.0
89	__protein1_rbs	8.6	0.0	0.0
89	__protein2_rbs	7.0	0.0	0.0
89	__protein3_rbs	2.2	0.0	0.0
89	__ribosome	37.0	0.0	0.0
89	__rnase_site_ext	12.8	0.0	0.0
89	p0	1.0	0.0	0.0
89	p1	0.8	0.0	0.0
89	p2	0.6	0.0	0.0
89	protein1	323.6	12.4	2.1082248
89	protein2	292.4	14.0	2.2613186
89	protein3	65.2	3.4	1.6333334000000002
89	r2	3.4	0.0	0.0
89	rnapol	0.0	0.0	0.0
90	__protein1_rbs	6.4	0.0	0.0
90	__protein2_rbs	8.6	0.0	0.0
90	__protein3_rbs	1.4	0.0	0.0
90	__ribosome	34.4	0.0	0.0
90	__rnase_site_ext	12.8	0.0	0.0
90	p0	1.0	0.0	0.0
90	p1	1.0	0.0	0.0
90	p2	0.6	0.0	0.0
90	protein1	328.8	12.8	2.105511
90	protein2	297.6	14.0	2.3103294
90	protein3	66.0	3.4	1.9333334
90	r2	3.6	0.0	0.0
90	rnapol	0.0	0.0	0.0
91	__protein1_rbs	6.4	0.0	0.0
91	__protein2_rbs	9.2	0.0	0.0
91	__protein3_rbs	2.2	0.0	0.0
91	__ribosome	36.8	0.0	0.0
91	__rnase_site_ext	12.8	0.0	0.0
91	p0	0.6	0.0	0.0
91	p1	0.6	0.0	0.0
91	p2	0.8	0.0	0.0
91	protein1	334.6	12.8	2.110689
91	protein2	305.6	14.0	2.0871062
91	protein3	67.0	3.8	1.8766666
91	r2	3.6	0.0	0.0
91	rnapol	0.0	0.0	0.0
92	__protein1_rbs	7.4	0.0	0.0
92	__protein2_rbs	8.2	0.0	0.0
92	__protein3_rbs	2.4	0.0	0.0
92	__ribosome	37.0	0.0	0.0
92	__rnase_site_ext	13.4	0.0	0.0
92	p0	1.0	0.0	0.0
92	p1	0.8	0.0	0.0
92	p2	1.0	0.0	0.0
92	protein1	340.4	12.8	2.0446552
92	protein2	310.8	14.0	2.1361904
92	protein3	68.2	3.6	1.99
92	r2	3.8	0.0	0.0
92	rnapol	0.2	0.0	0.0
93	__protein1_rbs	6.6	0.0	0.0
93	__protein2_rbs	8.8	0.0	0.0
93	__protein3_rbs	2.0	0.0	0.0
93	__ribosome	36.0	0.0	0.0
93	__rnase_site_ext	13.6	0.0	0.0
93	p0	1.0	0.0	0.0
93	p1	0.4	0.0	0.0
93	p2	1.0	0.0	0.0
93	protein1	345.4	13.6	2.054865
93	protein2	317.4	14.0	2.052381
93	protein3	69.4	3.8	2.0333334
93	r2	3.8	0.0	0.0
93	rnapol	0.0	0.0	0.0
94	__protein1_rbs	9.6	0.0	0.0
94	__protein2_rbs	7.4	0.0	0.0
94	__protein3_rbs	1.6	0.0	0.0
94	__ribosome	34.8	0.0	0.0
94	__rnase_site_ext	13.6	0.0	0.0
94	p0	0.8	0.0	0.0
94	p1	0.4	0.0	0.0
94	p2	0.8	0.0	0.0
94	protein1	349.8	13.6	2.0233832
94	protein2	323.6	14.0	2.09
94	protein3	70.6	3.8	2.2833336
94	r2	3.8	0.0	0.0
94	rnapol	0.0	0.0	0.0
95	__protein1_rbs	7.2	0.0	0.0
95	__protein2_rbs	7.8	0.0	0.0
95	__protein3_rbs	2.4	0.0	0.0
95	__ribosome	34.2	0.0	0.0
95	__rnase_site_ext	13.6	0.0	0.0
95	p0	1.0	0.0	0.0
95	p1	0.8	0.0	0.0
95	p2	0.8	0.0	0.0
95	protein1	354.8	13.6	2.1424892000000004
95	protein2	329.8	14.2	2.0316026000000003
95	protein3	72.4	3.8	2.1833334
95	r2	3.8	0.0	0.0
95	rnapol	0.0	0.0	0.0
96	__protein1_rbs	8.0	0.0	0.0
96	__protein2_rbs	7.2	0.0	0.0
96	__protein3_rbs	1.8	0.0	0.0
96	__ribosome	34.0	0.0	0.0
96	__rnase_site_ext	13.8	0.0	0.0
96	p0	0.8	0.0	0.0
96	p1	1.0	0.0	0.0
96	p2	1.0	0.0	0.0
96	protein1	361.2	13.6	2.0969482
96	protein2	336.6	14.4	2.0393131999999996
96	protein3	74.2	3.8	2.3
96	r2	4.0	0.0	0.0
96	rnapol	0.0	0.0	0.0
97	__protein1_rbs	8.6	0.0	0.0
97	__protein2_rbs	8.4	0.0	0.0
97	__protein3_rbs	1.6	0.0	0.0
97	__ribosome	33.0	0.0	0.0
97	__rnase_site_ext	13.6	0.0	0.0
97	p0	0.6	0.0	0.0
97	p1	0.2	0.0	0.0
97	p2	1.0	0.0	0.0
97	protein1	367.2	13.6	2.0063312
97	protein2	341.2	14.2	2.1590478
97	protein3	75.2	4.0	2.3666666000000003
97	r2	4.0	0.0	0.0
97	rnapol	0.0	0.0	0.0
98	__protein1_rbs	7.2	0.0	0.0
98	__protein2_rbs	7.8	0.0	0.0
98	__protein3_rbs	2.8	0.0	0.0
98	__ribosome	34.4	0.0	0.0
98	__rnase_site_ext	13.8	0.0	0.0
98	p0	0.8	0.0	0.0
98	p1	0.4	0.0	0.0
98	p2	1.0	0.0	0.0
98	protein1	374.4	13.6	1.9099358
98	protein2	347.0	14.4	2.176044
98	protein3	77.4	4.0	2.0999998
98	r2	4.0	0.0	0.0
98	rnapol	0.0	0.0	0.0
99	__protein1_rbs	7.2	0.0	0.0
99	__protein2_rbs	7.2	0.0	0.0
99	__protein3_rbs	2.4	0.0	0.0
99	__ribosome	31.0	0.0	0.0
99	__rnase_site_ext	13.8	0.0	0.0
99	p0	0.8	0.0	0.0
99	p1	0.8	0.0	0.0
99	p2	1.0	0.0	0.0
99	protein1	377.6	13.8	2.111923
99	protein2	352.6	14.0	2.2982416000000003
99	protein3	79.4	4.0	1.9333334
99	r2	3.8	0.0	0.0
99	rnapol	0.0	0.0	0.0
100	__protein1_rbs	8.8	0.0	0.0
100	__protein2_rbs	8.8	0.0	0.0
100	__protein3_rbs	2.2	0.0	0.0
100	__ribosome	33.6	0.0	0.0
100	__rnase_site_ext	13.6	0.0	0.0
100	p0	1.0	0.0	0.0
100	p1	0.8	0.0	0.0
100	p2	1.0	0.0	0.0
100	protein1	384.0	13.8	2.0110022
100	protein2	359.2	14.0	2.200293
100	protein3	80.8	3.8	2.05
100	r2	3.8	0.0	0.0
100	rnapol	0.0	0.0	0.0
101	__protein1_rbs	7.4	0.0	0.0
101	__protein2_rbs	8.4	0.0	0.0
101	__protein3_rbs	2.0	0.0	0.0
101	__ribosome	35.0	0.0	0.0
101	__rnase_site_ext	13.6	0.0	0.0
101	p0	1.0	0.0	0.0
101	p1	1.0	0.0	0.0
101	p2	0.8	0.0	0.0
101	protein1	390.0	13.6	2.078914
101	protein2	367.4	14.4	2.0183883999999996
101	protein3	82.4	3.8	2.05
101	r2	3.8	0.0	0.0
101	rnapol	0.0	0.0	0.0
102	__protein1_rbs	7.6	0.0	0.0
102	__protein2_rbs	6.4	0.0	0.0
102	__protein3_rbs	2.4	0.0	0.0
102	__ribosome	32.4	0.0	0.0
102	__rnase_site_ext	13.8	0.0	0.0
102	p0	0.8	0.0	0.0
102	p1	0.6	0.0	0.0
102	p2	0.6	0.0	0.0
102	protein1	394.8	13.6	2.162119
102	protein2	372.2	14.4	2.2415384000000005
102	protein3	85.0	3.8	1.6666666
102	r2	3.8	0.0	0.0
102	rnapol	0.0	0.0	0.0
103	__protein1_rbs	6.2	0.0	0.0
103	__protein2_rbs	8.0	0.0	0.0
103	__protein3_rbs	1.8	0.0	0.0
103	__ribosome	31.2	0.0	0.0
103	__rnase_site_ext	14.0	0.0	0.0
103	p0	0.8	0.0	0.0
103	p1	0.6	0.0	0.0
103	p2	0.8	0.0	0.0
103	protein1	400.8	13.6	2.1912594
103	protein2	378.2	14.4	2.2446886000000004
103	protein3	86.0	3.8	1.9
103	r2	4.0	0.0	0.0
103	rnapol	0.0	0.0	0.0
104	__protein1_rbs	8.2	0.0	0.0
104	__protein2_rbs	9.0	0.0	0.0
104	__protein3_rbs	3.0	0.0	0.0
104	__ribosome	32.8	0.0	0.0
104	__rnase_site_ext	14.2	0.0	0.0
104	p0	1.0	0.0	0.0
104	p1	0.6	0.0	0.0
104	p2	1.0	0.0	0.0
104	protein1	406.2	13.8	2.1136538
104	protein2	384.2	14.4	2.2214742000000003
104	protein3	87.2	4.0	1.7761906000000003
104	r2	4.2	0.0	0.0
104	rnapol	0.0	0.0	0.0
105	__protein1_rbs	10.0	0.0	0.0
105	__protein2_rbs	8.4	0.0	0.0
105	__protein3_rbs	2.0	0.0	0.0
105	__ribosome	35.2	0.0	0.0
105	__rnase_site_ext	14.2	0.0	0.0
105	p0	1.0	0.0	0.0
105	p1	0.6	0.0	0.0
105	p2	0.8	0.0	0.0
105	protein1	412.2	14.2	1.9121270000000001
105	protein2	391.2	14.2	2.1244872000000004
105	protein3	88.6	4.2	1.8571428
105	r2	4.2	0.0	0.0
105	rnapol	0.0	0.0	0.0
106	__protein1_rbs	7.2	0.0	0.0
106	__protein2_rbs	7.4	0.0	0.0
106	__protein3_rbs	2.0	0.0	0.0
106	__ribosome	31.2	0.0	0.0
106	__rnase_site_ext	14.0	0.0	0.0
106	p0	0.6	0.0	0.0
106	p1	1.0	0.0	0.0
106	p2	1.0	0.0	0.0
106	protein1	418.0	14.2	2.0260606
106	protein2	396.8	14.6	2.202024
106	protein3	90.4	4.2	2.1
106	r2	4.4	0.0	0.0
106	rnapol	0.0	0.0	0.0
107	__protein1_rbs	9.6	0.0	0.0
107	__protein2_rbs	8.8	0.0	0.0
107	__protein3_rbs	3.0	0.0	0.0
107	__ribosome	34.0	0.0	0.0
107	__rnase_site_ext	14.0	0.0	0.0
107	p0	0.8	0.0	0.0
107	p1	0.8	0.0	0.0
107	p2	0.8	0.0	0.0
107	protein1	423.6	14.0	1.9901588
107	protein2	404.0	14.8	2.0438278000000003
107	protein3	91.8	4.4	1.9833333999999998
107	r2	4.4	0.0	0.0
107	rnapol	0.0	0.0	0.0
108	__protein1_rbs	9.2	0.0	0.0
108	__protein2_rbs	8.6	0.0	0.0
108	__protein3_rbs	2.2	0.0	0.0
108	__ribosome	35.8	0.0	0.0
108	__rnase_site_ext	13.8	0.0	0.0
108	p0	0.8	0.0	0.0
108	p1	0.4	0.0	0.0
108	p2	0.8	0.0	0.0
108	protein1	430.0	13.8	1.820793
108	protein2	410.4	15.0	1.994061
108	protein3	93.4	4.4	2.1761906000000004
108	r2	4.6	0.0	0.0
108	rnapol	0.0	0.0	0.0
109	__protein1_rbs	8.4	0.0	0.0
109	__protein2_rbs	9.4	0.0	0.0
109	__protein3_rbs	2.4	0.0	0.0
109	__ribosome	33.2	0.0	0.0
109	__rnase_site_ext	14.0	0.0	0.0
109	p0	1.0	0.0	0.0
109	p1	0.4	0.0	0.0
109	p2	1.0	0.0	0.0
109	protein1	434.8	13.8	1.9310898
109	protein2	415.2	15.0	2.0438936
109	protein3	94.4	4.6	2.1785714
109	r2	4.6	0.0	0.0
109	rnapol	0.2	0.0	0.0
110	__protein1_rbs	9.0	0.0	0.0
110	__protein2_rbs	8.2	0.0	0.0
110	__protein3_rbs	2.8	0.0	0.0
110	__ribosome	35.8	0.0	0.0
110	__rnase_site_ext	14.6	0.0	0.0
110	p0	0.4	0.0	0.0
110	p1	0.8	0.0	0.0
110	p2	1.0	0.0	0.0
110	protein1	440.6	14.0	1.8162624
110	protein2	421.6	14.6	2.0745636000000003
110	protein3	97.2	4.6	2.0428572
110	r2	4.6	0.0	0.0
110	rnapol	0.0	0.0	0.0
111	__protein1_rbs	8.0	0.0	0.0
111	__protein2_rbs	8.8	0.0	0.0
111	__protein3_rbs	2.4	0.0	0.0
111	__ribosome	37.4	0.0	0.0
111	__rnase_site_ext	14.6	0.0	0.0
111	p0	1.0	0.0	0.0
111	p1	0.4	0.0	0.0
111	p2	1.0	0.0	0.0
111	protein1	446.6	14.2	1.8091992
111	protein2	428.8	14.6	1.9496765999999999
111	protein3	99.2	4.6	2.0071428
111	r2	4.6	0.0	0.0
111	rnapol	0.0	0.0	0.0
112	__protein1_rbs	9.0	0.0	0.0
112	__protein2_rbs	7.6	0.0	0.0
112	__protein3_rbs	2.2	0.0	0.0
112	__ribosome	35.2	0.0	0.0
112	__rnase_site_ext	14.4	0.0	0.0
112	p0	0.8	0.0	0.0
112	p1	0.4	0.0	0.0
112	p2	1.0	0.0	0.0
112	protein1	451.6	14.6	1.7875
112	protein2	435.0	15.2	1.9174014
112	protein3	100.8	4.6	2.1857142000000005
112	r2	4.6	0.0	0.0
112	rnapol	0.0	0.0	0.0
113	__protein1_rbs	10.0	0.0	0.0
113	__protein2_rbs	9.6	0.0	0.0
113	__protein3_rbs	1.8	0.0	0.0
113	__ribosome	33.6	0.0	0.0
113	__rnase_site_ext	14.8	0.0	0.0
113	p0	0.8	0.0	0.0
113	p1	0.6	0.0	0.0
113	p2	0.6	0.0	0.0
113	protein1	456.4	14.4	1.8122223999999998
113	protein2	440.2	15.4	1.9002714
113	protein3	102.4	4.6	2.4928572
113	r2	4.4	0.0	0.0
113	rnapol	0.0	0.0	0.0
114	__protein1_rbs	8.0	0.0	0.0
114	__protein2_rbs	9.6	0.0	0.0
114	__protein3_rbs	2.6	0.0	0.0
114	__ribosome	34.2	0.0	0.0
114	__rnase_site_ext	14.8	0.0	0.0
114	p0	1.0	0.0	0.0
114	p1	0.8	0.0	0.0
114	p2	0.8	0.0	0.0
114	protein1	462.4	14.6	1.7823074
114	protein2	445.8	15.2	1.9437103999999998
114	protein3	104.8	4.2	2.5357142
114	r2	4.4	0.0	0.0
114	rnapol	0.0	0.0	0.0
115	__protein1_rbs	8.8	0.0	0.0
115	__protein2_rbs	9.4	0.0	0.0
115	__protein3_rbs	2.0	0.0	0.0
115	__ribosome	32.4	0.0	0.0
115	__rnase_site_ext	15.4	0.0	0.0
115	p0	0.6	0.0	0.0
115	p1	0.2	0.0	0.0
115	p2	1.0	0.0	0.0
115	protein1	467.4	14.8	1.8296896
115	protein2	452.2	15.4	1.9420512
115	protein3	106.4	4.6	2.5533334
115	r2	4.4	0.0	0.0
115	rnapol	0.0	0.0	0.0
116	__protein1_rbs	10.4	0.0	0.0
116	__protein2_rbs	8.2	0.0	0.0
116	__protein3_rbs	2.2	0.0	0.0
116	__ribosome	30.6	0.0	0.0
116	__rnase_site_ext	15.4	0.0	0.0
116	p0	1.0	0.0	0.0
116	p1	0.4	0.0	0.0
116	p2	1.0	0.0	0.0
116	protein1	471.8	15.0	1.835641
116	protein2	457.6	15.6	2.0855982
116	protein3	109.4	4.4	2.32
116	r2	4.4	0.0	0.0
116	rnapol	0.0	0.0	0.0
117	__protein1_rbs	9.6	0.0	0.0
117	__protein2_rbs	8.6	0.0	0.0
117	__protein3_rbs	2.4	0.0	0.0
117	__ribosome	30.6	0.0	0.0
117	__rnase_site_ext	15.0	0.0	0.0
117	p0	1.0	0.0	0.0
117	p1	1.0	0.0	0.0
117	p2	1.0	0.0	0.0
117	protein1	478.0	15.4	1.7701923999999998
117	protein2	464.6	15.6	2.1042484000000004
117	protein3	111.2	4.4	2.375
117	r2	4.4	0.0	0.0
117	rnapol	0.0	0.0	0.0
118	__protein1_rbs	7.6	0.0	0.0
118	__protein2_rbs	9.8	0.0	0.0
118	__protein3_rbs	3.6	0.0	0.0
118	__ribosome	30.8	0.0	0.0
118	__rnase_site_ext	15.2	0.0	0.0
118	p0	0.8	0.0	0.0
118	p1	0.6	0.0	0.0
118	p2	1.0	0.0	0.0
118	protein1	483.2	15.2	1.8991668
118	protein2	470.6	15.4	2.1219048
118	protein3	113.6	4.4	1.925
118	r2	4.4	0.0	0.0
118	rnapol	0.0	0.0	0.0
119	__protein1_rbs	9.2	0.0	0.0
119	__protein2_rbs	11.0	0.0	0.0
119	__protein3_rbs	2.4	0.0	0.0
119	__ribosome	33.0	0.0	0.0
119	__rnase_site_ext	14.6	0.0	0.0
119	p0	1.0	0.0	0.0
119	p1	0.8	0.0	0.0
119	p2	0.8	0.0	0.0
119	protein1	489.6	15.2	1.8622300000000005
119	protein2	477.8	15.8	1.9240692
119	protein3	115.2	4.2	2.18
119	r2	4.2	0.0	0.0
119	rnapol	0.0	0.0	0.0
120	__protein1_rbs	8.2	0.0	0.0
120	__protein2_rbs	9.2	0.0	0.0
120	__protein3_rbs	3.0	0.0	0.0
120	__ribosome	32.8	0.0	0.0
120	__rnase_site_ext	14.6	0.0	0.0
120	p0	0.8	0.0	0.0
120	p1	0.4	0.0	0.0
120	p2	0.8	0.0	0.0
120	protein1	495.8	14.6	1.96127
120	protein2	484.2	16.0	1.8876114
120	protein3	116.4	4.2	2.28
120	r2	4.2	0.0	0.0
120	rnapol	0.0	0.0	0.0
121	__protein1_rbs	7.4	0.0	0.0
121	__protein2_rbs	8.8	0.0	0.0
121	__protein3_rbs	2.4	0.0	0.0
121	__ribosome	32.8	0.0	0.0
121	__rnase_site_ext	14.8	0.0	0.0
121	p0	0.8	0.0	0.0
121	p1	0.4	0.0	0.0
121	p2	1.0	0.0	0.0
121	protein1	500.6	14.6	2.1406350000000005
121	protein2	491.2	16.0	1.8747458
121	protein3	119.6	4.0	1.7438096
121	r2	4.0	0.0	0.0
121	rnapol	0.0	0.0	0.0
122	__protein1_rbs	8.4	0.0	0.0
122	__protein2_rbs	9.2	0.0	0.0
122	__protein3_rbs	3.0	0.0	0.0
122	__ribosome	32.2	0.0	0.0
122	__rnase_site_ext	14.8	0.0	0.0
122	p0	1.0	0.0	0.0
122	p1	1.0	0.0	0.0
122	p2	0.8	0.0	0.0
122	protein1	506.4	15.2	2.0877564
122	protein2	498.2	16.2	1.8329412
122	protein3	120.6	4.0	1.6642858
122	r2	4.0	0.0	0.0
122	rnapol	0.0	0.0	0.0
123	__protein1_rbs	8.2	0.0	0.0
123	__protein2_rbs	8.6	0.0	0.0
123	__protein3_rbs	2.2	0.0	0.0
123	__ribosome	29.0	0.0	0.0
123	__rnase_site_ext	14.8	0.0	0.0
123	p0	0.6	0.0	0.0
123	p1	0.6	0.0	0.0
123	p2	1.0	0.0	0.0
123	protein1	513.2	14.8	2.1391788000000003
123	protein2	502.4	15.6	2.0983334
123	protein3	121.8	4.0	1.8428572
123	r2	4.2	0.0	0.0
123	rnapol	0.0	0.0	0.0
124	__protein1_rbs	9.2	0.0	0.0
124	__protein2_rbs	9.0	0.0	0.0
124	__protein3_rbs	2.6	0.0	0.0
124	__ribosome	27.8	0.0	0.0
124	__rnase_site_ext	14.8	0.0	0.0
124	p0	0.8	0.0	0.0
124	p1	0.8	0.0	0.0
124	p2	1.0	0.0	0.0
124	protein1	519.4	14.8	2.1453756000000004
124	protein2	507.6	15.4	2.2240287999999997
124	protein3	124.0	4.2	1.5166666000000002
124	r2	4.2	0.0	0.0
124	rnapol	0.0	0.0	0.0
125	__protein1_rbs	10.0	0.0	0.0
125	__protein2_rbs	9.8	0.0	0.0
125	__protein3_rbs	2.0	0.0	0.0
125	__ribosome	30.2	0.0	0.0
125	__rnase_site_ext	15.0	0.0	0.0
125	p0	0.8	0.0	0.0
125	p1	0.8	0.0	0.0
125	p2	0.8	0.0	0.0
125	protein1	525.2	14.8	2.0599206000000003
125	protein2	515.0	15.6	2.0855428
125	protein3	125.4	4.2	1.7285714
125	r2	4.2	0.0	0.0
125	rnapol	0.2	0.0	0.0
126	__protein1_rbs	9.2	0.0	0.0
126	__protein2_rbs	9.2	0.0	0.0
126	__protein3_rbs	1.8	0.0	0.0
126	__ribosome	31.4	0.0	0.0
126	__rnase_site_ext	15.0	0.0	0.0
126	p0	1.0	0.0	0.0
126	p1	0.4	0.0	0.0
126	p2	0.8	0.0	0.0
126	protein1	532.2	15.0	1.9339284
126	protein2	522.6	15.6	2.0408674
126	protein3	126.6	4.2	2.0023808
126	r2	4.2	0.0	0.0
126	rnapol	0.0	0.0	0.0
127	__protein1_rbs	8.6	0.0	0.0
127	__protein2_rbs	8.8	0.0	0.0
127	__protein3_rbs	2.4	0.0	0.0
127	__ribosome	31.2	0.0	0.0
127	__rnase_site_ext	14.8	0.0	0.0
127	p0	1.0	0.0	0.0
127	p1	0.4	0.0	0.0
127	p2	1.0	0.0	0.0
127	protein1	539.4	15.0	1.8521304
127	protein2	528.8	16.0	2.0331998
127	protein3	128.2	4.2	2.1771428
127	r2	4.2	0.0	0.0
127	rnapol	0.4	0.0	0.0
128	__protein1_rbs	8.4	0.0	0.0
128	__protein2_rbs	10.0	0.0	0.0
128	__protein3_rbs	2.8	0.0	0.0
128	__ribosome	33.4	0.0	0.0
128	__rnase_site_ext	15.2	0.0	0.0
128	p0	0.8	0.0	0.0
128	p1	0.8	0.0	0.0
128	p2	1.0	0.0	0.0
128	protein1	546.6	14.8	1.7777778000000002
128	protein2	536.0	16.2	1.9442308
128	protein3	129.4	4.0	2.2533334
128	r2	4.0	0.0	0.0
128	rnapol	0.0	0.0	0.0
129	__protein1_rbs	10.0	0.0	0.0
129	__protein2_rbs	9.2	0.0	0.0
129	__protein3_rbs	1.6	0.0	0.0
129	__ribosome	31.4	0.0	0.0
129	__rnase_site_ext	15.4	0.0	0.0
129	p0	0.8	0.0	0.0
129	p1	0.6	0.0	0.0
129	p2	1.0	0.0	0.0
129	protein1	551.2	15.0	1.8865546
129	protein2	542.8	16.2	1.9265476000000001
129	protein3	131.0	4.0	2.4733332000000003
129	r2	4.0	0.0	0.0
129	rnapol	0.0	0.0	0.0
130	__protein1_rbs	9.0	0.0	0.0
130	__protein2_rbs	8.8	0.0	0.0
130	__protein3_rbs	2.6	0.0	0.0
130	__ribosome	31.6	0.0	0.0
130	__rnase_site_ext	15.6	0.0	0.0
130	p0	0.8	0.0	0.0
130	p1	0.6	0.0	0.0
130	p2	1.0	0.0	0.0
130	protein1	556.2	15.2	1.9439186000000002
130	protein2	550.4	16.6	1.8441738
130	protein3	133.6	4.0	2.2866668
130	r2	4.0	0.0	0.0
130	rnapol	0.0	0.0	0.0
131	__protein1_rbs	10.0	0.0	0.0
131	__protein2_rbs	10.0	0.0	0.0
131	__protein3_rbs	2.2	0.0	0.0
131	__ribosome	30.8	0.0	0.0
131	__rnase_site_ext	15.8	0.0	0.0
131	p0	0.8	0.0	0.0
131	p1	0.4	0.0	0.0
131	p2	1.0	0.0	0.0
131	protein1	562.8	15.4	1.8251932
131	protein2	555.6	16.6	1.9446496
131	protein3	135.2	4.0	2.3933334000000004
131	r2	4.0	0.0	0.0
131	rnapol	0.0	0.0	0.0
132	__protein1_rbs	9.0	0.0	0.0
132	__protein2_rbs	9.8	0.0	0.0
132	__protein3_rbs	2.6	0.0	0.0
132	__ribosome	28.8	0.0	0.0
132	__rnase_site_ext	15.8	0.0	0.0
132	p0	1.0	0.0	0.0
132	p1	0.6	0.0	0.0
132	p2	1.0	0.0	0.0
132	protein1	568.4	15.6	1.8761408
132	protein2	561.8	17.0	1.977143
132	protein3	137.0	4.0	2.3
132	r2	3.8	0.0	0.0
132	rnapol	0.0	0.0	0.0
133	__protein1_rbs	9.6	0.0	0.0
133	__protein2_rbs	11.2	0.0	0.0
133	__protein3_rbs	2.8	0.0	0.0
133	__ribosome	31.8	0.0	0.0
133	__rnase_site_ext	16.0	0.0	0.0
133	p0	0.8	0.0	0.0
133	p1	0.6	0.0	0.0
133	p2	0.8	0.0	0.0
133	protein1	575.6	15.6	1.7655952000000001
133	protein2	569.4	17.4	1.8831746
133	protein3	138.8	3.8	2.2933334000000003
133	r2	3.8	0.0	0.0
133	rnapol	0.2	0.0	0.0
134	__protein1_rbs	9.2	0.0	0.0
134	__protein2_rbs	10.4	0.0	0.0
134	__protein3_rbs	1.4	0.0	0.0
134	__ribosome	28.6	0.0	0.0
134	__rnase_site_ext	15.8	0.0	0.0
134	p0	0.8	0.0	0.0
134	p1	0.4	0.0	0.0
134	p2	1.0	0.0	0.0
134	protein1	580.4	15.8	1.8691024
134	protein2	574.4	17.0	2.0126986000000002
134	protein3	141.2	3.4	2.4266666
134	r2	3.6	0.0	0.0
134	rnapol	0.0	0.0	0.0
135	__protein1_rbs	11.0	0.0	0.0
135	__protein2_rbs	11.0	0.0	0.0
135	__protein3_rbs	1.4	0.0	0.0
135	__ribosome	31.6	0.0	0.0
135	__rnase_site_ext	15.6	0.0	0.0
135	p0	0.6	0.0	0.0
135	p1	0.8	0.0	0.0
135	p2	1.0	0.0	0.0
135	protein1	586.6	15.8	1.7442858
135	protein2	583.0	17.2	1.8893066
135	protein3	142.8	3.6	2.4066668
135	r2	3.6	0.0	0.0
135	rnapol	0.0	0.0	0.0
136	__protein1_rbs	8.0	0.0	0.0
136	__protein2_rbs	10.0	0.0	0.0
136	__protein3_rbs	2.0	0.0	0.0
136	__ribosome	27.4	0.0	0.0
136	__rnase_site_ext	15.8	0.0	0.0
136	p0	1.0	0.0	0.0
136	p1	0.8	0.0	0.0
136	p2	1.0	0.0	0.0
136	protein1	592.4	15.4	1.9758898000000005
136	protein2	589.2	17.0	2.0122139999999997
136	protein3	144.4	3.6	2.3233334
136	r2	3.6	0.0	0.0
136	rnapol	0.0	0.0	0.0
137	__protein1_rbs	9.2	0.0	0.0
137	__protein2_rbs	11.8	0.0	0.0
137	__protein3_rbs	2.0	0.0	0.0
137	__ribosome	30.2	0.0	0.0
137	__rnase_site_ext	15.8	0.0	0.0
137	p0	1.0	0.0	0.0
137	p1	0.6	0.0	0.0
137	p2	0.8	0.0	0.0
137	protein1	598.8	15.8	1.9300376000000001
137	protein2	596.6	16.8	1.8902478000000005
137	protein3	146.6	3.6	2.1166666000000003
137	r2	3.6	0.0	0.0
137	rnapol	0.2	0.0	0.0
138	__protein1_rbs	9.4	0.0	0.0
138	__protein2_rbs	8.8	0.0	0.0
138	__protein3_rbs	2.6	0.0	0.0
138	__ribosome	29.8	0.0	0.0
138	__rnase_site_ext	16.2	0.0	0.0
138	p0	0.6	0.0	0.0
138	p1	0.6	0.0	0.0
138	p2	0.8	0.0	0.0
138	protein1	605.2	15.6	1.9311504000000002
138	protein2	603.0	17.0	1.9279669999999998
138	protein3	147.8	3.6	2.0266666
138	r2	3.8	0.0	0.0
138	rnapol	0.0	0.0	0.0
139	__protein1_rbs	9.6	0.0	0.0
139	__protein2_rbs	10.6	0.0	0.0
139	__protein3_rbs	1.6	0.0	0.0
139	__ribosome	29.8	0.0	0.0
139	__rnase_site_ext	16.2	0.0	0.0
139	p0	1.0	0.0	0.0
139	p1	0.8	0.0	0.0
139	p2	0.8	0.0	0.0
139	protein1	611.2	15.8	1.9158433999999998
139	protein2	610.6	16.8	1.9074686
139	protein3	149.4	3.8	2.0833332
139	r2	3.6	0.0	0.0
139	rnapol	0.0	0.0	0.0
140	__protein1_rbs	9.8	0.0	0.0
140	__protein2_rbs	9.4	0.0	0.0
140	__protein3_rbs	2.6	0.0	0.0
140	__ribosome	29.4	0.0	0.0
140	__rnase_site_ext	16.2	0.0	0.0
140	p0	0.8	0.0	0.0
140	p1	0.8	0.0	0.0
140	p2	1.0	0.0	0.0
140	protein1	616.4	16.2	1.9210694
140	protein2	617.6	16.6	1.9893043999999998
140	protein3	151.8	3.8	1.7933334000000003
140	r2	3.8	0.0	0.0
140	rnapol	0.2	0.0	0.0
141	__protein1_rbs	9.2	0.0	0.0
141	__protein2_rbs	11.2	0.0	0.0
141	__protein3_rbs	2.2	0.0	0.0
141	__ribosome	31.0	0.0	0.0
141	__rnase_site_ext	16.8	0.0	0.0
141	p0	0.8	0.0	0.0
141	p1	0.4	0.0	0.0
141	p2	1.0	0.0	0.0
141	protein1	624.4	16.0	1.8863808000000002
141	protein2	624.0	16.8	1.9434209999999998
141	protein3	153.2	3.8	1.77
141	r2	3.8	0.0	0.0
141	rnapol	0.0	0.0	0.0
142	__protein1_rbs	9.8	0.0	0.0
142	__protein2_rbs	10.8	0.0	0.0
142	__protein3_rbs	2.8	0.0	0.0
142	__ribosome	30.0	0.0	0.0
142	__rnase_site_ext	16.6	0.0	0.0
142	p0	1.0	0.0	0.0
142	p1	1.0	0.0	0.0
142	p2	1.0	0.0	0.0
142	protein1	630.4	16.4	1.932842
142	protein2	630.6	17.0	1.9063848
142	protein3	154.6	3.8	1.7600000000000002
142	r2	3.6	0.0	0.0
142	rnapol	0.2	0.0	0.0
143	__protein1_rbs	10.6	0.0	0.0
143	__protein2_rbs	11.4	0.0	0.0
143	__protein3_rbs	2.4	0.0	0.0
143	__ribosome	30.6	0.0	0.0
143	__rnase_site_ext	16.2	0.0	0.0
143	p0	1.0	0.0	0.0
143	p1	0.6	0.0	0.0
143	p2	1.0	0.0	0.0
143	protein1	637.0	16.4	1.9301586
143	protein2	637.2	17.0	1.8463492
143	protein3	155.6	3.6	2.1166666000000003
143	r2	3.6	0.0	0.0
143	rnapol	0.2	0.0	0.0
144	__protein1_rbs	9.0	0.0	0.0
144	__protein2_rbs	9.6	0.0	0.0
144	__protein3_rbs	1.8	0.0	0.0
144	__ribosome	30.2	0.0	0.0
144	__rnase_site_ext	16.4	0.0	0.0
144	p0	0.6	0.0	0.0
144	p1	0.6	0.0	0.0
144	p2	0.8	0.0	0.0
144	protein1	643.0	16.2	2.0024230000000003
144	protein2	645.4	17.0	1.8008334
144	protein3	157.4	3.6	2.14
144	r2	3.6	0.0	0.0
144	rnapol	0.0	0.0	0.0
145	__protein1_rbs	9.8	0.0	0.0
145	__protein2_rbs	12.6	0.0	0.0
145	__protein3_rbs	2.0	0.0	0.0
145	__ribosome	31.6	0.0	0.0
145	__rnase_site_ext	16.6	0.0	0.0
145	p0	1.0	0.0	0.0
145	p1	0.6	0.0	0.0
145	p2	1.0	0.0	0.0
145	protein1	649.2	16.2	2.0368066000000002
145	protein2	652.4	17.0	1.6582894
145	protein3	158.6	3.6	2.1733334
145	r2	3.8	0.0	0.0
145	rnapol	0.0	0.0	0.0
146	__protein1_rbs	9.6	0.0	0.0
146	__protein2_rbs	8.6	0.0	0.0
146	__protein3_rbs	2.2	0.0	0.0
146	__ribosome	30.4	0.0	0.0
146	__rnase_site_ext	16.6	0.0	0.0
146	p0	0.8	0.0	0.0
146	p1	0.2	0.0	0.0
146	p2	1.0	0.0	0.0
146	protein1	657.4	16.4	1.9391666
146	protein2	657.8	17.0	1.824649
146	protein3	160.6	3.8	1.99
146	r2	3.8	0.0	0.0
146	rnapol	0.2	0.0	0.0
147	__protein1_rbs	10.0	0.0	0.0
147	__protein2_rbs	10.0	0.0	0.0
147	__protein3_rbs	2.8	0.0	0.0
147	__ribosome	28.6	0.0	0.0
147	__rnase_site_ext	16.8	0.0	0.0
147	p0	0.8	0.0	0.0
147	p1	0.8	0.0	0.0
147	p2	1.0	0.0	0.0
147	protein1	662.6	16.2	2.0822814000000003
147	protein2	664.0	17.2	1.8482248
147	protein3	162.4	3.8	1.7100000000000002
147	r2	3.8	0.0	0.0
147	rnapol	0.0	0.0	0.0
148	__protein1_rbs	11.0	0.0	0.0
148	__protein2_rbs	11.0	0.0	0.0
148	__protein3_rbs	2.2	0.0	0.0
148	__ribosome	29.4	0.0	0.0
148	__rnase_site_ext	17.0	0.0	0.0
148	p0	0.8	0.0	0.0
148	p1	0.8	0.0	0.0
148	p2	1.0	0.0	0.0
148	protein1	670.2	16.4	1.9450916
148	protein2	670.0	17.4	1.8490582000000004
148	protein3	163.4	3.8	1.85
148	r2	3.8	0.0	0.0
148	rnapol	0.0	0.0	0.0
149	__protein1_rbs	9.2	0.0	0.0
149	__protein2_rbs	11.6	0.0	0.0
149	__protein3_rbs	2.0	0.0	0.0
149	__ribosome	29.4	0.0	0.0
149	__rnase_site_ext	17.0	0.0	0.0
149	p0	1.0	0.0	0.0
149	p1	0.6	0.0	0.0
149	p2	1.0	0.0	0.0
149	protein1	677.4	16.6	1.906221
149	protein2	676.6	18.0	1.7996428000000002
149	protein3	164.8	3.6	2.1933333999999998
149	r2	3.6	0.0	0.0
149	rnapol	0.0	0.0	0.0
150	__protein1_rbs	10.4	0.0	0.0
150	__protein2_rbs	9.8	0.0	0.0
150	__protein3_rbs	2.0	0.0	0.0
150	__ribosome	26.6	0.0	0.0
150	__rnase_site_ext	16.8	0.0	0.0
150	p0	0.6	0.0	0.0
150	p1	0.8	0.0	0.0
150	p2	0.8	0.0	0.0
150	protein1	683.2	16.8	1.9083092
150	protein2	682.2	17.8	1.9595238
150	protein3	166.6	3.6	2.09
150	r2	3.6	0.0	0.0
150	rnapol	0.0	0.0	0.0
151	__protein1_rbs	8.8	0.0	0.0
151	__protein2_rbs	10.8	0.0	0.0
151	__protein3_rbs	2.8	0.0	0.0
151	__ribosome	28.8	0.0	0.0
151	__rnase_site_ext	17.2	0.0	0.0
151	p0	0.8	0.0	0.0
151	p1	0.8	0.0	0.0
151	p2	0.8	0.0	0.0
151	protein1	691.2	16.6	1.9294786
151	protein2	690.4	17.6	1.9030264
151	protein3	168.2	3.6	1.8366666
151	r2	3.6	0.0	0.0
151	rnapol	0.0	0.0	0.0
152	__protein1_rbs	11.4	0.0	0.0
152	__protein2_rbs	9.6	0.0	0.0
152	__protein3_rbs	2.2	0.0	0.0
152	__ribosome	27.0	0.0	0.0
152	__rnase_site_ext	16.8	0.0	0.0
152	p0	0.8	0.0	0.0
152	p1	0.8	0.0	0.0
152	p2	1.0	0.0	0.0
152	protein1	698.0	17.0	1.8267482
152	protein2	695.8	17.6	2.0610526
152	protein3	169.8	3.6	1.7533333999999998
152	r2	3.8	0.0	0.0
152	rnapol	0.0	0.0	0.0
153	__protein1_rbs	10.8	0.0	0.0
153	__protein2_rbs	11.6	0.0	0.0
153	__protein3_rbs	2.4	0.0	0.0
153	__ribosome	28.2	0.0	0.0
153	__rnase_site_ext	17.0	0.0	0.0
153	p0	0.8	0.0	0.0
153	p1	0.4	0.0	0.0
153	p2	1.0	0.0	0.0
153	protein1	704.4	16.6	1.8528362
153	protein2	703.8	18.0	1.92905
153	protein3	170.8	3.8	1.7166666000000002
153	r2	3.8	0.0	0.0
153	rnapol	0.0	0.0	0.0
154	__protein1_rbs	10.0	0.0	0.0
154	__protein2_rbs	11.8	0.0	0.0
154	__protein3_rbs	2.4	0.0	0.0
154	__ribosome	29.0	0.0	0.0
154	__rnase_site_ext	16.8	0.0	0.0
154	p0	1.0	0.0	0.0
154	p1	0.6	0.0	0.0
154	p2	0.8	0.0	0.0
154	protein1	711.0	16.8	1.8554474
154	protein2	711.2	18.0	1.8623482
154	protein3	172.4	3.8	1.7166666000000002
154	r2	3.8	0.0	0.0
154	rnapol	0.0	0.0	0.0
155	__protein1_rbs	9.8	0.0	0.0
155	__protein2_rbs	11.2	0.0	0.0
155	__protein3_rbs	2.4	0.0	0.0
155	__ribosome	30.4	0.0	0.0
155	__rnase_site_ext	16.8	0.0	0.0
155	p0	1.0	0.0	0.0
155	p1	0.8	0.0	0.0
155	p2	0.6	0.0	0.0
155	protein1	717.6	16.6	1.8793650000000002
155	protein2	719.4	18.0	1.7698677999999999
155	protein3	173.8	3.8	1.7733332000000002
155	r2	3.8	0.0	0.0
155	rnapol	0.0	0.0	0.0
156	__protein1_rbs	8.2	0.0	0.0
156	__protein2_rbs	12.0	0.0	0.0
156	__protein3_rbs	2.4	0.0	0.0
156	__ribosome	28.6	0.0	0.0
156	__rnase_site_ext	16.8	0.0	0.0
156	p0	0.8	0.0	0.0
156	p1	0.6	0.0	0.0
156	p2	0.6	0.0	0.0
156	protein1	723.8	16.6	2.0088312000000004
156	protein2	726.6	18.2	1.7185599999999999
156	protein3	174.8	4.0	1.9333332
156	r2	4.0	0.0	0.0
156	rnapol	0.0	0.0	0.0
157	__protein1_rbs	11.2	0.0	0.0
157	__protein2_rbs	12.0	0.0	0.0
157	__protein3_rbs	1.8	0.0	0.0
157	__ribosome	29.2	0.0	0.0
157	__rnase_site_ext	16.6	0.0	0.0
157	p0	0.6	0.0	0.0
157	p1	0.8	0.0	0.0
157	p2	1.0	0.0	0.0
157	protein1	730.4	16.6	1.9411189999999998
157	protein2	734.6	18.4	1.7058234
157	protein3	176.8	4.2	1.9166666
157	r2	4.4	0.0	0.0
157	rnapol	0.0	0.0	0.0
158	__protein1_rbs	9.2	0.0	0.0
158	__protein2_rbs	12.6	0.0	0.0
158	__protein3_rbs	2.2	0.0	0.0
158	__ribosome	28.0	0.0	0.0
158	__rnase_site_ext	16.2	0.0	0.0
158	p0	0.8	0.0	0.0
158	p1	0.6	0.0	0.0
158	p2	1.0	0.0	0.0
158	protein1	737.8	16.2	1.987228
158	protein2	740.2	18.6	1.7443799999999998
158	protein3	178.2	4.4	2.0166668000000003
158	r2	4.4	0.0	0.0
158	rnapol	0.0	0.0	0.0
159	__protein1_rbs	10.6	0.0	0.0
159	__protein2_rbs	11.4	0.0	0.0
159	__protein3_rbs	2.4	0.0	0.0
159	__ribosome	26.8	0.0	0.0
159	__rnase_site_ext	16.4	0.0	0.0
159	p0	0.6	0.0	0.0
159	p1	0.8	0.0	0.0
159	p2	1.0	0.0	0.0
159	protein1	743.4	16.2	2.0059342
159	protein2	747.6	18.4	1.7422136
159	protein3	179.6	4.4	2.1233332000000003
159	r2	4.4	0.0	0.0
159	rnapol	0.0	0.0	0.0
160	__protein1_rbs	10.2	0.0	0.0
160	__protein2_rbs	10.0	0.0	0.0
160	__protein3_rbs	2.2	0.0	0.0
160	__ribosome	27.0	0.0	0.0
160	__rnase_site_ext	16.4	0.0	0.0
160	p0	1.0	0.0	0.0
160	p1	1.0	0.0	0.0
160	p2	0.8	0.0	0.0
160	protein1	750.4	16.0	1.9531704
160	protein2	754.4	18.0	1.8898502
160	protein3	182.2	4.4	2.06
160	r2	4.4	0.0	0.0
160	rnapol	0.0	0.0	0.0
161	__protein1_rbs	10.4	0.0	0.0
161	__protein2_rbs	10.6	0.0	0.0
161	__protein3_rbs	2.6	0.0	0.0
161	__ribosome	27.2	0.0	0.0
161	__rnase_site_ext	16.6	0.0	0.0
161	p0	0.8	0.0	0.0
161	p1	0.6	0.0	0.0
161	p2	0.8	0.0	0.0
161	protein1	757.8	16.2	1.8128120000000003
161	protein2	761.0	17.8	1.9527512
161	protein3	183.2	4.4	2.2166666
161	r2	4.4	0.0	0.0
161	rnapol	0.0	0.0	0.0
162	__protein1_rbs	9.2	0.0	0.0
162	__protein2_rbs	11.4	0.0	0.0
162	__protein3_rbs	3.0	0.0	0.0
162	__ribosome	25.8	0.0	0.0
162	__rnase_site_ext	16.2	0.0	0.0
162	p0	0.6	0.0	0.0
162	p1	0.6	0.0	0.0
162	p2	1.0	0.0	0.0
162	protein1	764.2	16.2	1.8433644
162	protein2	767.2	18.2	1.9612032
162	protein3	185.0	4.6	2.0866666
162	r2	4.6	0.0	0.0
162	rnapol	0.0	0.0	0.0
163	__protein1_rbs	10.2	0.0	0.0
163	__protein2_rbs	10.2	0.0	0.0
163	__protein3_rbs	3.2	0.0	0.0
163	__ribosome	27.8	0.0	0.0
163	__rnase_site_ext	16.6	0.0	0.0
163	p0	0.6	0.0	0.0
163	p1	0.6	0.0	0.0
163	p2	1.0	0.0	0.0
163	protein1	770.6	16.2	1.8212374
163	protein2	775.6	18.2	1.9102272
163	protein3	187.6	4.6	1.98
163	r2	4.6	0.0	0.0
163	rnapol	0.2	0.0	0.0
164	__protein1_rbs	10.4	0.0	0.0
164	__protein2_rbs	12.2	0.0	0.0
164	__protein3_rbs	2.8	0.0	0.0
164	__ribosome	28.4	0.0	0.0
164	__rnase_site_ext	17.0	0.0	0.0
164	p0	0.6	0.0	0.0
164	p1	0.6	0.0	0.0
164	p2	1.0	0.0	0.0
164	protein1	777.2	16.6	1.7747221999999998
164	protein2	782.2	18.4	1.8548978000000005
164	protein3	189.6	4.6	1.9866666000000002
164	r2	4.6	0.0	0.0
164	rnapol	0.0	0.0	0.0
165	__protein1_rbs	11.0	0.0	0.0
165	__protein2_rbs	11.4	0.0	0.0
165	__protein3_rbs	3.6	0.0	0.0
165	__ribosome	28.4	0.0	0.0
165	__rnase_site_ext	17.2	0.0	0.0
165	p0	0.6	0.0	0.0
165	p1	0.6	0.0	0.0
165	p2	1.0	0.0	0.0
165	protein1	783.0	17.0	1.8204598
165	protein2	790.4	18.4	1.7968281999999998
165	protein3	191.6	4.6	1.7833332
165	r2	4.6	0.0	0.0
165	rnapol	0.0	0.0	0.0
166	__protein1_rbs	11.4	0.0	0.0
166	__protein2_rbs	11.0	0.0	0.0
166	__protein3_rbs	2.0	0.0	0.0
166	__ribosome	27.2	0.0	0.0
166	__rnase_site_ext	16.8	0.0	0.0
166	p0	0.8	0.0	0.0
166	p1	1.0	0.0	0.0
166	p2	1.0	0.0	0.0
166	protein1	790.2	17.4	1.7337284
166	protein2	797.2	18.4	1.826452
166	protein3	192.8	4.6	2.16
166	r2	4.6	0.0	0.0
166	rnapol	0.0	0.0	0.0
167	__protein1_rbs	11.2	0.0	0.0
167	__protein2_rbs	11.4	0.0	0.0
167	__protein3_rbs	3.2	0.0	0.0
167	__ribosome	27.2	0.0	0.0
167	__rnase_site_ext	16.8	0.0	0.0
167	p0	1.0	0.0	0.0
167	p1	0.4	0.0	0.0
167	p2	1.0	0.0	0.0
167	protein1	795.2	17.0	1.8503644
167	protein2	804.6	18.6	1.8214026
167	protein3	195.6	4.6	1.8833332
167	r2	4.6	0.0	0.0
167	rnapol	0.2	0.0	0.0
168	__protein1_rbs	11.2	0.0	0.0
168	__protein2_rbs	10.6	0.0	0.0
168	__protein3_rbs	3.0	0.0	0.0
168	__ribosome	27.4	0.0	0.0
168	__rnase_site_ext	17.2	0.0	0.0
168	p0	0.8	0.0	0.0
168	p1	0.4	0.0	0.0
168	p2	1.0	0.0	0.0
168	protein1	802.2	16.8	1.8266916
168	protein2	812.2	18.4	1.8504898
168	protein3	197.2	4.6	1.9
168	r2	4.6	0.0	0.0
168	rnapol	0.0	0.0	0.0
169	__protein1_rbs	11.6	0.0	0.0
169	__protein2_rbs	11.8	0.0	0.0
169	__protein3_rbs	3.2	0.0	0.0
169	__ribosome	27.8	0.0	0.0
169	__rnase_site_ext	17.2	0.0	0.0
169	p0	1.0	0.0	0.0
169	p1	0.6	0.0	0.0
169	p2	1.0	0.0	0.0
169	protein1	808.2	17.0	1.7587866
169	protein2	818.4	18.2	1.9296066000000003
169	protein3	199.2	4.6	1.8133333999999999
169	r2	4.6	0.0	0.0
169	rnapol	0.0	0.0	0.0
170	__protein1_rbs	10.6	0.0	0.0
170	__protein2_rbs	11.4	0.0	0.0
170	__protein3_rbs	2.4	0.0	0.0
170	__ribosome	29.2	0.0	0.0
170	__rnase_site_ext	17.2	0.0	0.0
170	p0	0.8	0.0	0.0
170	p1	0.6	0.0	0.0
170	p2	1.0	0.0	0.0
170	protein1	815.8	17.2	1.6868066000000002
170	protein2	826.4	18.0	1.8942279999999998
170	protein3	201.2	4.6	1.8333334
170	r2	4.6	0.0	0.0
170	rnapol	0.0	0.0	0.0
171	__protein1_rbs	10.2	0.0	0.0
171	__protein2_rbs	11.6	0.0	0.0
171	__protein3_rbs	3.6	0.0	0.0
171	__ribosome	30.0	0.0	0.0
171	__rnase_site_ext	17.0	0.0	0.0
171	p0	1.0	0.0	0.0
171	p1	0.6	0.0	0.0
171	p2	1.0	0.0	0.0
171	protein1	822.8	17.2	1.6546498
171	protein2	832.6	18.4	1.9061838
171	protein3	203.4	4.6	1.5433334
171	r2	4.6	0.0	0.0
171	rnapol	0.2	0.0	0.0
172	__protein1_rbs	10.2	0.0	0.0
172	__protein2_rbs	11.0	0.0	0.0
172	__protein3_rbs	3.2	0.0	0.0
172	__ribosome	29.8	0.0	0.0
172	__rnase_site_ext	17.2	0.0	0.0
172	p0	1.0	0.0	0.0
172	p1	1.0	0.0	0.0
172	p2	1.0	0.0	0.0
172	protein1	828.8	17.0	1.7599588000000002
172	protein2	842.0	18.4	1.8488092000000005
172	protein3	205.0	4.6	1.5833334
172	r2	4.6	0.0	0.0
172	rnapol	0.0	0.0	0.0
173	__protein1_rbs	10.8	0.0	0.0
173	__protein2_rbs	11.2	0.0	0.0
173	__protein3_rbs	3.6	0.0	0.0
173	__ribosome	28.0	0.0	0.0
173	__rnase_site_ext	17.2	0.0	0.0
173	p0	1.0	0.0	0.0
173	p1	0.6	0.0	0.0
173	p2	1.0	0.0	0.0
173	protein1	834.6	17.2	1.8191814
173	protein2	848.8	18.4	1.879292
173	protein3	206.0	4.6	1.6533334
173	r2	4.6	0.0	0.0
173	rnapol	0.2	0.0	0.0
174	__protein1_rbs	10.2	0.0	0.0
174	__protein2_rbs	11.8	0.0	0.0
174	__protein3_rbs	4.0	0.0	0.0
174	__ribosome	27.6	0.0	0.0
174	__rnase_site_ext	17.2	0.0	0.0
174	p0	0.8	0.0	0.0
174	p1	0.8	0.0	0.0
174	p2	1.0	0.0	0.0
174	protein1	841.2	17.2	1.8959066000000002
174	protein2	856.0	18.6	1.881247
174	protein3	208.0	4.6	1.3766666
174	r2	4.6	0.0	0.0
174	rnapol	0.0	0.0	0.0
175	__protein1_rbs	11.4	0.0	0.0
175	__protein2_rbs	11.6	0.0	0.0
175	__protein3_rbs	2.6	0.0	0.0
175	__ribosome	27.8	0.0	0.0
175	__rnase_site_ext	17.4	0.0	0.0
175	p0	1.0	0.0	0.0
175	p1	0.6	0.0	0.0
175	p2	0.8	0.0	0.0
175	protein1	847.4	17.2	1.8594006
175	protein2	862.8	18.6	1.901228
175	protein3	209.8	4.4	1.4533334
175	r2	4.4	0.0	0.0
175	rnapol	0.0	0.0	0.0
176	__protein1_rbs	12.6	0.0	0.0
176	__protein2_rbs	12.6	0.0	0.0
176	__protein3_rbs	2.8	0.0	0.0
176	__ribosome	30.0	0.0	0.0
176	__rnase_site_ext	16.8	0.0	0.0
176	p0	0.8	0.0	0.0
176	p1	0.6	0.0	0.0
176	p2	0.8	0.0	0.0
176	protein1	854.2	17.4	1.7820572000000001
176	protein2	870.6	18.4	1.8171054
176	protein3	211.2	4.4	1.4933333999999998
176	r2	4.6	0.0	0.0
176	rnapol	0.0	0.0	0.0
177	__protein1_rbs	10.8	0.0	0.0
177	__protein2_rbs	9.6	0.0	0.0
177	__protein3_rbs	3.0	0.0	0.0
177	__ribosome	27.4	0.0	0.0
177	__rnase_site_ext	17.2	0.0	0.0
177	p0	0.8	0.0	0.0
177	p1	0.6	0.0	0.0
177	p2	1.0	0.0	0.0
177	protein1	861.4	17.0	1.8232862
177	protein2	877.8	18.4	1.9336842
177	protein3	212.6	4.2	1.6333334000000002
177	r2	4.4	0.0	0.0
177	rnapol	0.0	0.0	0.0
178	__protein1_rbs	9.6	0.0	0.0
178	__protein2_rbs	12.2	0.0	0.0
178	__protein3_rbs	2.6	0.0	0.0
178	__ribosome	27.6	0.0	0.0
178	__rnase_site_ext	17.4	0.0	0.0
178	p0	0.6	0.0	0.0
178	p1	1.0	0.0	0.0
178	p2	0.8	0.0	0.0
178	protein1	868.6	17.0	1.8560992000000005
178	protein2	885.4	18.6	1.8392104
178	protein3	213.8	4.4	1.8066666
178	r2	4.4	0.0	0.0
178	rnapol	0.0	0.0	0.0
179	__protein1_rbs	11.2	0.0	0.0
179	__protein2_rbs	11.2	0.0	0.0
179	__protein3_rbs	2.8	0.0	0.0
179	__ribosome	27.0	0.0	0.0
179	__rnase_site_ext	17.0	0.0	0.0
179	p0	0.4	0.0	0.0
179	p1	0.8	0.0	0.0
179	p2	1.0	0.0	0.0
179	protein1	874.2	17.2	1.8613784
179	protein2	893.6	18.8	1.7985965999999998
179	protein3	215.2	4.4	1.8533334
179	r2	4.6	0.0	0.0
179	rnapol	0.0	0.0	0.0
180	__protein1_rbs	9.8	0.0	0.0
180	__protein2_rbs	13.0	0.0	0.0
180	__protein3_rbs	2.8	0.0	0.0
180	__ribosome	26.2	0.0	0.0
180	__rnase_site_ext	17.2	0.0	0.0
180	p0	0.8	0.0	0.0
180	p1	0.8	0.0	0.0
180	p2	1.0	0.0	0.0
180	protein1	881.4	17.0	1.910373
180	protein2	899.8	18.8	1.8238158
180	protein3	217.0	4.6	1.8
180	r2	4.6	0.0	0.0
180	rnapol	0.0	0.0	0.0
181	__protein1_rbs	11.2	0.0	0.0
181	__protein2_rbs	10.8	0.0	0.0
181	__protein3_rbs	4.0	0.0	0.0
181	__ribosome	26.2	0.0	0.0
181	__rnase_site_ext	17.0	0.0	0.0
181	p0	1.0	0.0	0.0
181	p1	0.8	0.0	0.0
181	p2	0.8	0.0	0.0
181	protein1	888.4	17.2	1.8466668000000002
181	protein2	907.4	19.0	1.8504348000000002
181	protein3	218.6	4.6	1.6666668000000002
181	r2	4.4	0.0	0.0
181	rnapol	0.0	0.0	0.0
182	__protein1_rbs	11.4	0.0	0.0
182	__protein2_rbs	12.0	0.0	0.0
182	__protein3_rbs	2.2	0.0	0.0
182	__ribosome	27.8	0.0	0.0
182	__rnase_site_ext	17.0	0.0	0.0
182	p0	1.0	0.0	0.0
182	p1	0.8	0.0	0.0
182	p2	0.6	0.0	0.0
182	protein1	895.6	17.0	1.7498040000000001
182	protein2	914.4	18.6	1.891212
182	protein3	220.8	4.4	1.82
182	r2	4.4	0.0	0.0
182	rnapol	0.0	0.0	0.0
183	__protein1_rbs	10.2	0.0	0.0
183	__protein2_rbs	11.2	0.0	0.0
183	__protein3_rbs	3.4	0.0	0.0
183	__ribosome	27.8	0.0	0.0
183	__rnase_site_ext	17.0	0.0	0.0
183	p0	0.4	0.0	0.0
183	p1	0.4	0.0	0.0
183	p2	0.8	0.0	0.0
183	protein1	901.6	17.0	1.8381328000000001
183	protein2	923.0	18.6	1.8470654
183	protein3	222.6	4.6	1.6566668000000002
183	r2	4.8	0.0	0.0
183	rnapol	0.0	0.0	0.0
184	__protein1_rbs	11.2	0.0	0.0
184	__protein2_rbs	11.4	0.0	0.0
184	__protein3_rbs	2.4	0.0	0.0
184	__ribosome	26.8	0.0	0.0
184	__rnase_site_ext	17.4	0.0	0.0
184	p0	0.8	0.0	0.0
184	p1	0.4	0.0	0.0
184	p2	1.0	0.0	0.0
184	protein1	907.8	16.8	1.8090756000000001
184	protein2	930.0	18.6	1.9086216
184	protein3	224.6	4.8	1.6466666
184	r2	4.6	0.0	0.0
184	rnapol	0.0	0.0	0.0
185	__protein1_rbs	11.0	0.0	0.0
185	__protein2_rbs	12.0	0.0	0.0
185	__protein3_rbs	3.2	0.0	0.0
185	__ribosome	27.6	0.0	0.0
185	__rnase_site_ext	17.4	0.0	0.0
185	p0	0.8	0.0	0.0
185	p1	0.4	0.0	0.0
185	p2	0.8	0.0	0.0
185	protein1	916.0	17.4	1.6625396
185	protein2	936.4	18.6	1.9391062
185	protein3	225.8	4.6	1.9266666
185	r2	4.6	0.0	0.0
185	rnapol	0.2	0.0	0.0
186	__protein1_rbs	10.8	0.0	0.0
186	__protein2_rbs	12.0	0.0	0.0
186	__protein3_rbs	2.8	0.0	0.0
186	__ribosome	27.4	0.0	0.0
186	__rnase_site_ext	17.6	0.0	0.0
186	p0	0.8	0.0	0.0
186	p1	1.0	0.0	0.0
186	p2	0.8	0.0	0.0
186	protein1	922.2	17.2	1.7491875999999995
186	protein2	945.0	18.6	1.8918236000000002
186	protein3	227.8	4.6	1.8133333999999999
186	r2	4.6	0.0	0.0
186	rnapol	0.0	0.0	0.0
187	__protein1_rbs	12.0	0.0	0.0
187	__protein2_rbs	11.2	0.0	0.0
187	__protein3_rbs	2.6	0.0	0.0
187	__ribosome	25.6	0.0	0.0
187	__rnase_site_ext	17.6	0.0	0.0
187	p0	1.0	0.0	0.0
187	p1	1.0	0.0	0.0
187	p2	1.0	0.0	0.0
187	protein1	927.6	17.4	1.7213538000000002
187	protein2	951.8	18.6	1.953082
187	protein3	229.0	4.6	2.0133334
187	r2	4.8	0.0	0.0
187	rnapol	0.0	0.0	0.0
188	__protein1_rbs	12.6	0.0	0.0
188	__protein2_rbs	12.8	0.0	0.0
188	__protein3_rbs	3.4	0.0	0.0
188	__ribosome	30.0	0.0	0.0
188	__rnase_site_ext	17.6	0.0	0.0
188	p0	0.8	0.0	0.0
188	p1	0.4	0.0	0.0
188	p2	1.0	0.0	0.0
188	protein1	935.2	17.6	1.568202
188	protein2	961.2	19.2	1.7794061999999997
188	protein3	230.8	4.8	1.88
188	r2	4.8	0.0	0.0
188	rnapol	0.0	0.0	0.0
189	__protein1_rbs	12.0	0.0	0.0
189	__protein2_rbs	12.6	0.0	0.0
189	__protein3_rbs	3.0	0.0	0.0
189	__ribosome	30.2	0.0	0.0
189	__rnase_site_ext	17.6	0.0	0.0
189	p0	0.6	0.0	0.0
189	p1	0.2	0.0	0.0
189	p2	1.0	0.0	0.0
189	protein1	940.8	17.6	1.5881542
189	protein2	968.6	19.2	1.7238374
189	protein3	232.8	4.6	2.08
189	r2	4.6	0.0	0.0
189	rnapol	0.0	0.0	0.0
190	__protein1_rbs	11.0	0.0	0.0
190	__protein2_rbs	12.0	0.0	0.0
190	__protein3_rbs	3.8	0.0	0.0
190	__ribosome	31.8	0.0	0.0
190	__rnase_site_ext	17.6	0.0	0.0
190	p0	1.0	0.0	0.0
190	p1	0.6	0.0	0.0
190	p2	1.0	0.0	0.0
190	protein1	948.6	17.6	1.5268936000000002
190	protein2	976.4	19.2	1.7705603999999997
190	protein3	235.4	4.6	1.6766666
190	r2	4.6	0.0	0.0
190	rnapol	0.2	0.0	0.0
191	__protein1_rbs	12.2	0.0	0.0
191	__protein2_rbs	10.6	0.0	0.0
191	__protein3_rbs	2.2	0.0	0.0
191	__ribosome	29.4	0.0	0.0
191	__rnase_site_ext	17.8	0.0	0.0
191	p0	0.8	0.0	0.0
191	p1	0.6	0.0	0.0
191	p2	1.0	0.0	0.0
191	protein1	954.4	17.6	1.5829183999999998
191	protein2	983.8	19.2	1.8186556
191	protein3	237.6	4.4	2.0333334
191	r2	4.4	0.0	0.0
191	rnapol	0.0	0.0	0.0
192	__protein1_rbs	10.2	0.0	0.0
192	__protein2_rbs	12.2	0.0	0.0
192	__protein3_rbs	3.6	0.0	0.0
192	__ribosome	27.0	0.0	0.0
192	__rnase_site_ext	17.8	0.0	0.0
192	p0	0.6	0.0	0.0
192	p1	0.8	0.0	0.0
192	p2	1.0	0.0	0.0
192	protein1	960.2	17.8	1.6876189999999998
192	protein2	990.2	18.8	1.9064936000000001
192	protein3	238.8	4.4	1.9533334
192	r2	4.4	0.0	0.0
192	rnapol	0.0	0.0	0.0
193	__protein1_rbs	12.8	0.0	0.0
193	__protein2_rbs	11.2	0.0	0.0
193	__protein3_rbs	3.0	0.0	0.0
193	__ribosome	28.6	0.0	0.0
193	__rnase_site_ext	17.8	0.0	0.0
193	p0	0.6	0.0	0.0
193	p1	0.8	0.0	0.0
193	p2	1.0	0.0	0.0
193	protein1	966.0	17.4	1.7450548
193	protein2	998.2	18.8	1.9309631999999999
193	protein3	241.6	4.4	1.58
193	r2	4.4	0.0	0.0
193	rnapol	0.0	0.0	0.0
194	__protein1_rbs	11.0	0.0	0.0
194	__protein2_rbs	12.8	0.0	0.0
194	__protein3_rbs	3.0	0.0	0.0
194	__ribosome	26.0	0.0	0.0
194	__rnase_site_ext	18.4	0.0	0.0
194	p0	0.6	0.0	0.0
194	p1	0.6	0.0	0.0
194	p2	0.8	0.0	0.0
194	protein1	971.6	17.8	1.8208784
194	protein2	1005.6	19.0	1.9168832
194	protein3	242.4	4.2	1.8333332
194	r2	4.2	0.0	0.0
194	rnapol	0.0	0.0	0.0
195	__protein1_rbs	11.4	0.0	0.0
195	__protein2_rbs	11.8	0.0	0.0
195	__protein3_rbs	2.2	0.0	0.0
195	__ribosome	26.2	0.0	0.0
195	__rnase_site_ext	17.8	0.0	0.0
195	p0	1.0	0.0	0.0
195	p1	0.6	0.0	0.0
195	p2	0.8	0.0	0.0
195	protein1	979.2	18.4	1.7455049999999999
195	protein2	1014.2	18.6	1.9342066000000002
195	protein3	244.2	4.2	1.7666668
195	r2	4.2	0.0	0.0
195	rnapol	0.0	0.0	0.0
196	__protein1_rbs	11.6	0.0	0.0
196	__protein2_rbs	10.4	0.0	0.0
196	__protein3_rbs	2.8	0.0	0.0
196	__ribosome	25.4	0.0	0.0
196	__rnase_site_ext	17.6	0.0	0.0
196	p0	1.0	0.0	0.0
196	p1	0.6	0.0	0.0
196	p2	1.0	0.0	0.0
196	protein1	985.4	17.8	1.8328986
196	protein2	1021.8	18.6	1.998527
196	protein3	246.2	4.2	1.6833334
196	r2	4.4	0.0	0.0
196	rnapol	0.0	0.0	0.0
197	__protein1_rbs	12.0	0.0	0.0
197	__protein2_rbs	10.8	0.0	0.0
197	__protein3_rbs	2.4	0.0	0.0
197	__ribosome	27.2	0.0	0.0
197	__rnase_site_ext	17.6	0.0	0.0
197	p0	0.8	0.0	0.0
197	p1	0.6	0.0	0.0
197	p2	1.0	0.0	0.0
197	protein1	992.6	17.6	1.7658008000000005
197	protein2	1031.0	18.8	1.8792676
197	protein3	247.6	4.4	1.8133333999999999
197	r2	4.4	0.0	0.0
197	rnapol	0.2	0.0	0.0
198	__protein1_rbs	10.8	0.0	0.0
198	__protein2_rbs	15.0	0.0	0.0
198	__protein3_rbs	3.4	0.0	0.0
198	__ribosome	29.4	0.0	0.0
198	__rnase_site_ext	18.2	0.0	0.0
198	p0	0.8	0.0	0.0
198	p1	0.4	0.0	0.0
198	p2	1.0	0.0	0.0
198	protein1	999.0	17.6	1.8033768
198	protein2	1037.8	19.2	1.704079
198	protein3	248.6	4.4	1.7600000000000002
198	r2	4.4	0.0	0.0
198	rnapol	0.0	0.0	0.0
199	__protein1_rbs	10.8	0.0	0.0
199	__protein2_rbs	13.0	0.0	0.0
199	__protein3_rbs	3.0	0.0	0.0
199	__ribosome	28.8	0.0	0.0
199	__rnase_site_ext	18.4	0.0	0.0
199	p0	1.0	0.0	0.0
199	p1	0.4	0.0	0.0
199	p2	1.0	0.0	0.0
199	protein1	1006.0	18.2	1.7852182
199	protein2	1046.0	19.2	1.6593898
199	protein3	250.0	4.4	1.8
199	r2	4.4	0.0	0.0
199	rnapol	0.0	0.0	0.0
200	__protein1_rbs	10.8	0.0	0.0
200	__protein2_rbs	12.2	0.0	0.0
200	__protein3_rbs	2.2	0.0	0.0
200	__ribosome	28.4	0.0	0.0
200	__rnase_site_ext	18.4	0.0	0.0
200	p0	0.8	0.0	0.0
200	p1	1.0	0.0	0.0
200	p2	1.0	0.0	0.0
200	protein1	1013.0	18.4	1.8489372
200	protein2	1054.6	19.4	1.6201602000000002
200	protein3	252.4	4.4	1.7266666000000002
200	r2	4.2	0.0	0.0
200	rnapol	0.0	0.0	0.0
201	__protein1_rbs	12.2	0.0	0.0
201	__protein2_rbs	13.0	0.0	0.0
201	__protein3_rbs	2.2	0.0	0.0
201	__ribosome	26.4	0.0	0.0
201	__rnase_site_ext	18.6	0.0	0.0
201	p0	1.0	0.0	0.0
201	p1	1.0	0.0	0.0
201	p2	1.0	0.0	0.0
201	protein1	1020.6	18.6	1.7718311999999998
201	protein2	1061.0	19.8	1.6562902000000002
201	protein3	253.2	4.2	2.0666666
201	r2	4.0	0.0	0.0
201	rnapol	0.0	0.0	0.0
202	__protein1_rbs	11.2	0.0	0.0
202	__protein2_rbs	13.2	0.0	0.0
202	__protein3_rbs	2.4	0.0	0.0
202	__ribosome	23.6	0.0	0.0
202	__rnase_site_ext	18.6	0.0	0.0
202	p0	0.6	0.0	0.0
202	p1	0.6	0.0	0.0
202	p2	1.0	0.0	0.0
202	protein1	1026.4	18.8	1.934827
202	protein2	1067.8	20.0	1.6609003999999998
202	protein3	255.4	4.0	1.8833334
202	r2	4.0	0.0	0.0
202	rnapol	0.0	0.0	0.0
203	__protein1_rbs	12.4	0.0	0.0
203	__protein2_rbs	12.4	0.0	0.0
203	__protein3_rbs	2.4	0.0	0.0
203	__ribosome	22.6	0.0	0.0
203	__rnase_site_ext	18.8	0.0	0.0
203	p0	1.0	0.0	0.0
203	p1	0.0	0.0	0.0
203	p2	0.8	0.0	0.0
203	protein1	1034.0	18.4	1.9473202
203	protein2	1074.0	19.8	1.7550272
203	protein3	256.6	4.0	2.0333334
203	r2	4.0	0.0	0.0
203	rnapol	0.0	0.0	0.0
204	__protein1_rbs	11.8	0.0	0.0
204	__protein2_rbs	13.6	0.0	0.0
204	__protein3_rbs	2.8	0.0	0.0
204	__ribosome	24.8	0.0	0.0
204	__rnase_site_ext	18.2	0.0	0.0
204	p0	0.8	0.0	0.0
204	p1	0.6	0.0	0.0
204	p2	0.6	0.0	0.0
204	protein1	1042.2	18.8	1.9003404
204	protein2	1081.2	19.8	1.7160462
204	protein3	258.6	4.0	1.7166666000000002
204	r2	4.2	0.0	0.0
204	rnapol	0.0	0.0	0.0
205	__protein1_rbs	11.0	0.0	0.0
205	__protein2_rbs	12.2	0.0	0.0
205	__protein3_rbs	2.0	0.0	0.0
205	__ribosome	27.4	0.0	0.0
205	__rnase_site_ext	18.0	0.0	0.0
205	p0	1.0	0.0	0.0
205	p1	0.6	0.0	0.0
205	p2	0.8	0.0	0.0
205	protein1	1051.4	18.0	1.9251808
205	protein2	1090.8	19.6	1.6221393999999998
205	protein3	260.2	4.0	1.9766666
205	r2	4.2	0.0	0.0
205	rnapol	0.0	0.0	0.0
206	__protein1_rbs	12.0	0.0	0.0
206	__protein2_rbs	13.0	0.0	0.0
206	__protein3_rbs	2.6	0.0	0.0
206	__ribosome	28.6	0.0	0.0
206	__rnase_site_ext	17.8	0.0	0.0
206	p0	0.8	0.0	0.0
206	p1	0.6	0.0	0.0
206	p2	1.0	0.0	0.0
206	protein1	1059.2	18.0	1.8878388
206	protein2	1098.2	19.6	1.652325
206	protein3	262.2	4.2	1.6866666000000001
206	r2	4.2	0.0	0.0
206	rnapol	0.0	0.0	0.0
207	__protein1_rbs	9.8	0.0	0.0
207	__protein2_rbs	11.6	0.0	0.0
207	__protein3_rbs	2.6	0.0	0.0
207	__ribosome	25.0	0.0	0.0
207	__rnase_site_ext	18.0	0.0	0.0
207	p0	1.0	0.0	0.0
207	p1	0.6	0.0	0.0
207	p2	0.8	0.0	0.0
207	protein1	1066.6	17.8	1.9327702
207	protein2	1104.8	19.8	1.7544920000000002
207	protein3	263.6	4.2	1.7599999999999998
207	r2	4.0	0.0	0.0
207	rnapol	0.0	0.0	0.0
208	__protein1_rbs	12.4	0.0	0.0
208	__protein2_rbs	13.2	0.0	0.0
208	__protein3_rbs	2.8	0.0	0.0
208	__ribosome	25.4	0.0	0.0
208	__rnase_site_ext	18.0	0.0	0.0
208	p0	0.6	0.0	0.0
208	p1	0.6	0.0	0.0
208	p2	0.6	0.0	0.0
208	protein1	1073.2	18.0	1.8295170000000005
208	protein2	1112.2	19.8	1.7807042000000002
208	protein3	265.0	4.0	2.0009523999999996
208	r2	4.0	0.0	0.0
208	rnapol	0.0	0.0	0.0
209	__protein1_rbs	11.6	0.0	0.0
209	__protein2_rbs	13.4	0.0	0.0
209	__protein3_rbs	2.8	0.0	0.0
209	__ribosome	27.8	0.0	0.0
209	__rnase_site_ext	18.0	0.0	0.0
209	p0	0.8	0.0	0.0
209	p1	0.8	0.0	0.0
209	p2	0.6	0.0	0.0
209	protein1	1082.4	18.0	1.6995238
209	protein2	1118.8	19.6	1.8317112
209	protein3	266.4	3.8	1.92
209	r2	4.0	0.0	0.0
209	rnapol	0.0	0.0	0.0
210	__protein1_rbs	10.8	0.0	0.0
210	__protein2_rbs	11.8	0.0	0.0
210	__protein3_rbs	2.8	0.0	0.0
210	__ribosome	26.8	0.0	0.0
210	__rnase_site_ext	18.2	0.0	0.0
210	p0	0.8	0.0	0.0
210	p1	1.0	0.0	0.0
210	p2	0.8	0.0	0.0
210	protein1	1089.2	17.8	1.7702255999999998
210	protein2	1127.0	19.2	1.9053436
210	protein3	268.6	4.2	1.5766668
210	r2	4.0	0.0	0.0
210	rnapol	0.0	0.0	0.0
211	__protein1_rbs	12.4	0.0	0.0
211	__protein2_rbs	12.0	0.0	0.0
211	__protein3_rbs	2.8	0.0	0.0
211	__ribosome	28.8	0.0	0.0
211	__rnase_site_ext	18.4	0.0	0.0
211	p0	0.2	0.0	0.0
211	p1	0.6	0.0	0.0
211	p2	1.0	0.0	0.0
211	protein1	1096.8	18.0	1.6609089999999995
211	protein2	1135.0	19.4	1.899598
211	protein3	270.4	4.2	1.5333332
211	r2	4.0	0.0	0.0
211	rnapol	0.0	0.0	0.0
212	__protein1_rbs	9.0	0.0	0.0
212	__protein2_rbs	11.8	0.0	0.0
212	__protein3_rbs	2.8	0.0	0.0
212	__ribosome	27.0	0.0	0.0
212	__rnase_site_ext	18.8	0.0	0.0
212	p0	0.8	0.0	0.0
212	p1	0.8	0.0	0.0
212	p2	1.0	0.0	0.0
212	protein1	1103.2	18.0	1.8224244
212	protein2	1144.0	19.6	1.8229356
212	protein3	272.0	3.8	1.5833334
212	r2	3.8	0.0	0.0
212	rnapol	0.2	0.0	0.0
213	__protein1_rbs	12.4	0.0	0.0
213	__protein2_rbs	14.0	0.0	0.0
213	__protein3_rbs	2.0	0.0	0.0
213	__ribosome	27.4	0.0	0.0
213	__rnase_site_ext	18.6	0.0	0.0
213	p0	1.0	0.0	0.0
213	p1	0.8	0.0	0.0
213	p2	1.0	0.0	0.0
213	protein1	1110.4	18.8	1.7345409999999999
213	protein2	1150.8	19.8	1.7384828
213	protein3	273.0	3.8	1.8
213	r2	3.8	0.0	0.0
213	rnapol	0.2	0.0	0.0
214	__protein1_rbs	12.2	0.0	0.0
214	__protein2_rbs	10.6	0.0	0.0
214	__protein3_rbs	2.2	0.0	0.0
214	__ribosome	23.6	0.0	0.0
214	__rnase_site_ext	18.6	0.0	0.0
214	p0	1.0	0.0	0.0
214	p1	0.6	0.0	0.0
214	p2	1.0	0.0	0.0
214	protein1	1117.0	18.6	1.7871014000000005
214	protein2	1158.0	19.8	1.8496616000000003
214	protein3	274.4	3.8	1.9666666000000002
214	r2	3.8	0.0	0.0
214	rnapol	0.0	0.0	0.0
215	__protein1_rbs	12.4	0.0	0.0
215	__protein2_rbs	14.8	0.0	0.0
215	__protein3_rbs	2.2	0.0	0.0
215	__ribosome	26.8	0.0	0.0
215	__rnase_site_ext	18.8	0.0	0.0
215	p0	0.8	0.0	0.0
215	p1	0.6	0.0	0.0
215	p2	0.8	0.0	0.0
215	protein1	1123.6	18.6	1.7872947999999995
215	protein2	1166.2	20.0	1.6752761999999999
215	protein3	276.4	3.8	1.8333334
215	r2	3.8	0.0	0.0
215	rnapol	0.0	0.0	0.0
216	__protein1_rbs	11.2	0.0	0.0
216	__protein2_rbs	10.2	0.0	0.0
216	__protein3_rbs	2.2	0.0	0.0
216	__ribosome	25.0	0.0	0.0
216	__rnase_site_ext	18.6	0.0	0.0
216	p0	0.6	0.0	0.0
216	p1	0.4	0.0	0.0
216	p2	0.8	0.0	0.0
216	protein1	1131.6	18.6	1.8075628000000001
216	protein2	1175.4	19.6	1.7851907999999999
216	protein3	278.0	3.8	1.9166666
216	r2	3.8	0.0	0.0
216	rnapol	0.0	0.0	0.0
217	__protein1_rbs	11.0	0.0	0.0
217	__protein2_rbs	13.4	0.0	0.0
217	__protein3_rbs	2.4	0.0	0.0
217	__ribosome	24.2	0.0	0.0
217	__rnase_site_ext	18.6	0.0	0.0
217	p0	0.8	0.0	0.0
217	p1	0.4	0.0	0.0
217	p2	1.0	0.0	0.0
217	protein1	1139.6	18.6	1.7934313999999998
217	protein2	1181.4	19.6	1.8246986
217	protein3	279.4	4.0	1.9
217	r2	4.0	0.0	0.0
217	rnapol	0.0	0.0	0.0
218	__protein1_rbs	11.0	0.0	0.0
218	__protein2_rbs	13.2	0.0	0.0
218	__protein3_rbs	3.0	0.0	0.0
218	__ribosome	25.6	0.0	0.0
218	__rnase_site_ext	18.6	0.0	0.0
218	p0	0.8	0.0	0.0
218	p1	0.4	0.0	0.0
218	p2	1.0	0.0	0.0
218	protein1	1146.4	18.6	1.892941
218	protein2	1190.0	19.6	1.7257144
218	protein3	281.2	4.0	1.75
218	r2	4.0	0.0	0.0
218	rnapol	0.0	0.0	0.0
219	__protein1_rbs	12.6	0.0	0.0
219	__protein2_rbs	11.4	0.0	0.0
219	__protein3_rbs	1.4	0.0	0.0
219	__ribosome	24.4	0.0	0.0
219	__rnase_site_ext	18.6	0.0	0.0
219	p0	1.0	0.0	0.0
219	p1	0.8	0.0	0.0
219	p2	1.0	0.0	0.0
219	protein1	1154.2	18.6	1.7817718
219	protein2	1196.8	19.6	1.8181678
219	protein3	282.6	4.0	2.05
219	r2	4.0	0.0	0.0
219	rnapol	0.0	0.0	0.0
220	__protein1_rbs	14.4	0.0	0.0
220	__protein2_rbs	12.2	0.0	0.0
220	__protein3_rbs	2.6	0.0	0.0
220	__ribosome	27.6	0.0	0.0
220	__rnase_site_ext	18.4	0.0	0.0
220	p0	0.8	0.0	0.0
220	p1	0.4	0.0	0.0
220	p2	1.0	0.0	0.0
220	protein1	1162.2	18.6	1.7199642000000002
220	protein2	1205.8	19.8	1.7138768000000002
220	protein3	284.2	4.0	2.05
220	r2	4.0	0.0	0.0
220	rnapol	0.0	0.0	0.0
221	__protein1_rbs	12.8	0.0	0.0
221	__protein2_rbs	12.2	0.0	0.0
221	__protein3_rbs	2.6	0.0	0.0
221	__ribosome	28.0	0.0	0.0
221	__rnase_site_ext	18.2	0.0	0.0
221	p0	1.0	0.0	0.0
221	p1	0.4	0.0	0.0
221	p2	1.0	0.0	0.0
221	protein1	1169.2	18.6	1.7354562000000002
221	protein2	1214.6	20.0	1.6953526
221	protein3	286.2	4.0	1.95
221	r2	4.0	0.0	0.0
221	rnapol	0.0	0.0	0.0
222	__protein1_rbs	11.4	0.0	0.0
222	__protein2_rbs	11.8	0.0	0.0
222	__protein3_rbs	2.6	0.0	0.0
222	__ribosome	26.0	0.0	0.0
222	__rnase_site_ext	18.0	0.0	0.0
222	p0	1.0	0.0	0.0
222	p1	0.6	0.0	0.0
222	p2	1.0	0.0	0.0
222	protein1	1177.8	18.2	1.6782849999999998
222	protein2	1220.2	20.0	1.8448593999999998
222	protein3	287.4	4.0	2.0
222	r2	3.8	0.0	0.0
222	rnapol	0.0	0.0	0.0
223	__protein1_rbs	11.6	0.0	0.0
223	__protein2_rbs	12.2	0.0	0.0
223	__protein3_rbs	2.0	0.0	0.0
223	__ribosome	24.2	0.0	0.0
223	__rnase_site_ext	18.0	0.0	0.0
223	p0	0.6	0.0	0.0
223	p1	0.8	0.0	0.0
223	p2	1.0	0.0	0.0
223	protein1	1184.0	18.0	1.7870944000000002
223	protein2	1227.8	20.0	1.8864048
223	protein3	289.6	3.8	2.0833334
223	r2	3.8	0.0	0.0
223	rnapol	0.0	0.0	0.0
224	__protein1_rbs	12.0	0.0	0.0
224	__protein2_rbs	12.4	0.0	0.0
224	__protein3_rbs	2.4	0.0	0.0
224	__ribosome	27.8	0.0	0.0
224	__rnase_site_ext	18.2	0.0	0.0
224	p0	0.8	0.0	0.0
224	p1	0.6	0.0	0.0
224	p2	1.0	0.0	0.0
224	protein1	1192.0	18.0	1.7010662
224	protein2	1237.4	20.2	1.7998602
224	protein3	291.6	3.8	1.85
224	r2	3.8	0.0	0.0
224	rnapol	0.0	0.0	0.0
225	__protein1_rbs	11.2	0.0	0.0
225	__protein2_rbs	14.0	0.0	0.0
225	__protein3_rbs	3.0	0.0	0.0
225	__ribosome	26.4	0.0	0.0
225	__rnase_site_ext	18.4	0.0	0.0
225	p0	0.8	0.0	0.0
225	p1	0.6	0.0	0.0
225	p2	1.0	0.0	0.0
225	protein1	1198.4	18.2	1.7747898000000002
225	protein2	1244.2	20.6	1.8031472
225	protein3	293.6	3.8	1.5166666000000002
225	r2	3.8	0.0	0.0
225	rnapol	0.0	0.0	0.0
226	__protein1_rbs	11.0	0.0	0.0
226	__protein2_rbs	12.4	0.0	0.0
226	__protein3_rbs	2.2	0.0	0.0
226	__ribosome	26.0	0.0	0.0
226	__rnase_site_ext	18.4	0.0	0.0
226	p0	0.6	0.0	0.0
226	p1	1.0	0.0	0.0
226	p2	0.8	0.0	0.0
226	protein1	1205.4	18.2	1.8121302
226	protein2	1253.4	20.8	1.7474675999999998
226	protein3	295.4	3.8	1.4833333999999998
226	r2	3.8	0.0	0.0
226	rnapol	0.2	0.0	0.0
227	__protein1_rbs	11.2	0.0	0.0
227	__protein2_rbs	15.0	0.0	0.0
227	__protein3_rbs	2.2	0.0	0.0
227	__ribosome	27.6	0.0	0.0
227	__rnase_site_ext	18.8	0.0	0.0
227	p0	0.8	0.0	0.0
227	p1	1.0	0.0	0.0
227	p2	1.0	0.0	0.0
227	protein1	1212.6	18.4	1.8569736000000003
227	protein2	1262.6	20.8	1.62275
227	protein3	296.8	3.8	1.6166665999999998
227	r2	4.0	0.0	0.0
227	rnapol	0.0	0.0	0.0
228	__protein1_rbs	12.8	0.0	0.0
228	__protein2_rbs	13.4	0.0	0.0
228	__protein3_rbs	1.8	0.0	0.0
228	__ribosome	25.4	0.0	0.0
228	__rnase_site_ext	18.4	0.0	0.0
228	p0	0.8	0.0	0.0
228	p1	0.4	0.0	0.0
228	p2	1.0	0.0	0.0
228	protein1	1218.2	18.8	1.8513796000000002
228	protein2	1270.8	20.8	1.6428212000000002
228	protein3	298.4	4.0	1.75
228	r2	4.0	0.0	0.0
228	rnapol	0.0	0.0	0.0
229	__protein1_rbs	13.0	0.0	0.0
229	__protein2_rbs	11.6	0.0	0.0
229	__protein3_rbs	3.2	0.0	0.0
229	__ribosome	26.2	0.0	0.0
229	__rnase_site_ext	18.4	0.0	0.0
229	p0	0.8	0.0	0.0
229	p1	0.6	0.0	0.0
229	p2	0.8	0.0	0.0
229	protein1	1227.8	18.4	1.7175122000000005
229	protein2	1277.4	20.4	1.8177172
229	protein3	299.4	4.0	1.7
229	r2	4.0	0.0	0.0
229	rnapol	0.0	0.0	0.0
230	__protein1_rbs	12.4	0.0	0.0
230	__protein2_rbs	12.8	0.0	0.0
230	__protein3_rbs	2.6	0.0	0.0
230	__ribosome	25.8	0.0	0.0
230	__rnase_site_ext	18.4	0.0	0.0
230	p0	0.8	0.0	0.0
230	p1	0.6	0.0	0.0
230	p2	0.8	0.0	0.0
230	protein1	1235.4	18.4	1.656932
230	protein2	1285.6	20.4	1.8182858
230	protein3	300.6	4.2	1.88
230	r2	4.2	0.0	0.0
230	rnapol	0.0	0.0	0.0
231	__protein1_rbs	11.8	0.0	0.0
231	__protein2_rbs	13.4	0.0	0.0
231	__protein3_rbs	3.2	0.0	0.0
231	__ribosome	26.4	0.0	0.0
231	__rnase_site_ext	18.4	0.0	0.0
231	p0	0.6	0.0	0.0
231	p1	0.4	0.0	0.0
231	p2	0.8	0.0	0.0
231	protein1	1242.8	18.4	1.6315698
231	protein2	1294.2	20.4	1.8350798
231	protein3	302.4	4.2	1.69
231	r2	4.2	0.0	0.0
231	rnapol	0.0	0.0	0.0
232	__protein1_rbs	13.0	0.0	0.0
232	__protein2_rbs	15.4	0.0	0.0
232	__protein3_rbs	3.2	0.0	0.0
232	__ribosome	28.4	0.0	0.0
232	__rnase_site_ext	18.8	0.0	0.0
232	p0	0.6	0.0	0.0
232	p1	0.6	0.0	0.0
232	p2	1.0	0.0	0.0
232	protein1	1248.4	18.4	1.7276421999999998
232	protein2	1302.4	19.8	1.8008242
232	protein3	304.8	4.0	1.51
232	r2	4.2	0.0	0.0
232	rnapol	0.0	0.0	0.0
233	__protein1_rbs	12.4	0.0	0.0
233	__protein2_rbs	13.0	0.0	0.0
233	__protein3_rbs	2.0	0.0	0.0
233	__ribosome	26.4	0.0	0.0
233	__rnase_site_ext	18.8	0.0	0.0
233	p0	0.8	0.0	0.0
233	p1	0.8	0.0	0.0
233	p2	1.0	0.0	0.0
233	protein1	1256.0	18.8	1.6634038
233	protein2	1310.8	20.0	1.816773
233	protein3	306.0	4.2	1.6166665999999998
233	r2	4.2	0.0	0.0
233	rnapol	0.0	0.0	0.0
234	__protein1_rbs	11.8	0.0	0.0
234	__protein2_rbs	14.0	0.0	0.0
234	__protein3_rbs	3.2	0.0	0.0
234	__ribosome	27.6	0.0	0.0
234	__rnase_site_ext	18.4	0.0	0.0
234	p0	1.0	0.0	0.0
234	p1	0.8	0.0	0.0
234	p2	0.8	0.0	0.0
234	protein1	1263.0	18.8	1.7328995999999999
234	protein2	1318.6	20.0	1.776464
234	protein3	308.2	4.2	1.35
234	r2	4.2	0.0	0.0
234	rnapol	0.0	0.0	0.0
235	__protein1_rbs	11.6	0.0	0.0
235	__protein2_rbs	13.2	0.0	0.0
235	__protein3_rbs	2.4	0.0	0.0
235	__ribosome	28.8	0.0	0.0
235	__rnase_site_ext	18.4	0.0	0.0
235	p0	1.0	0.0	0.0
235	p1	0.6	0.0	0.0
235	p2	1.0	0.0	0.0
235	protein1	1270.8	18.6	1.6755799999999998
235	protein2	1328.4	20.2	1.6918522000000005
235	protein3	309.4	4.2	1.6433334
235	r2	4.4	0.0	0.0
235	rnapol	0.2	0.0	0.0
236	__protein1_rbs	11.0	0.0	0.0
236	__protein2_rbs	11.4	0.0	0.0
236	__protein3_rbs	2.2	0.0	0.0
236	__ribosome	24.4	0.0	0.0
236	__rnase_site_ext	18.8	0.0	0.0
236	p0	0.8	0.0	0.0
236	p1	0.4	0.0	0.0
236	p2	1.0	0.0	0.0
236	protein1	1277.2	18.4	1.7747918000000005
236	protein2	1335.6	20.0	1.7931830000000002
236	protein3	310.6	4.4	1.7600000000000002
236	r2	4.4	0.0	0.0
236	rnapol	0.0	0.0	0.0
237	__protein1_rbs	13.6	0.0	0.0
237	__protein2_rbs	12.6	0.0	0.0
237	__protein3_rbs	3.2	0.0	0.0
237	__ribosome	25.4	0.0	0.0
237	__rnase_site_ext	18.6	0.0	0.0
237	p0	0.8	0.0	0.0
237	p1	0.8	0.0	0.0
237	p2	1.0	0.0	0.0
237	protein1	1283.4	18.6	1.7732917999999998
237	protein2	1344.0	20.0	1.7692131999999998
237	protein3	312.6	4.4	1.63
237	r2	4.4	0.0	0.0
237	rnapol	0.0	0.0	0.0
238	__protein1_rbs	11.4	0.0	0.0
238	__protein2_rbs	13.4	0.0	0.0
238	__protein3_rbs	3.6	0.0	0.0
238	__ribosome	27.2	0.0	0.0
238	__rnase_site_ext	18.4	0.0	0.0
238	p0	0.8	0.0	0.0
238	p1	0.6	0.0	0.0
238	p2	0.6	0.0	0.0
238	protein1	1291.8	18.6	1.7266450000000002
238	protein2	1352.2	19.8	1.7942692
238	protein3	314.2	4.4	1.49
238	r2	4.4	0.0	0.0
238	rnapol	0.0	0.0	0.0
239	__protein1_rbs	11.4	0.0	0.0
239	__protein2_rbs	13.4	0.0	0.0
239	__protein3_rbs	3.2	0.0	0.0
239	__ribosome	24.8	0.0	0.0
239	__rnase_site_ext	18.4	0.0	0.0
239	p0	1.0	0.0	0.0
239	p1	1.0	0.0	0.0
239	p2	0.8	0.0	0.0
239	protein1	1298.6	18.6	1.823681
239	protein2	1359.8	20.0	1.8176282
239	protein3	315.8	4.4	1.5133333999999998
239	r2	4.6	0.0	0.0
239	rnapol	0.0	0.0	0.0
240	__protein1_rbs	11.4	0.0	0.0
240	__protein2_rbs	12.8	0.0	0.0
240	__protein3_rbs	2.2	0.0	0.0
240	__ribosome	25.6	0.0	0.0
240	__rnase_site_ext	18.8	0.0	0.0
240	p0	0.6	0.0	0.0
240	p1	0.8	0.0	0.0
240	p2	1.0	0.0	0.0
240	protein1	1306.8	18.4	1.8458118000000001
240	protein2	1368.6	20.2	1.7679286
240	protein3	318.2	4.6	1.6
240	r2	4.8	0.0	0.0
240	rnapol	0.0	0.0	0.0
241	__protein1_rbs	13.0	0.0	0.0
241	__protein2_rbs	14.0	0.0	0.0
241	__protein3_rbs	3.8	0.0	0.0
241	__ribosome	25.8	0.0	0.0
241	__rnase_site_ext	18.8	0.0	0.0
241	p0	0.8	0.0	0.0
241	p1	0.8	0.0	0.0
241	p2	1.0	0.0	0.0
241	protein1	1314.4	18.6	1.7733063999999998
241	protein2	1375.4	20.6	1.776511
241	protein3	319.2	4.8	1.5733334
241	r2	4.8	0.0	0.0
241	rnapol	0.0	0.0	0.0
242	__protein1_rbs	12.2	0.0	0.0
242	__protein2_rbs	13.6	0.0	0.0
242	__protein3_rbs	3.4	0.0	0.0
242	__ribosome	27.2	0.0	0.0
242	__rnase_site_ext	18.8	0.0	0.0
242	p0	0.8	0.0	0.0
242	p1	0.8	0.0	0.0
242	p2	1.0	0.0	0.0
242	protein1	1321.8	18.6	1.8163692
242	protein2	1385.8	20.4	1.656685
242	protein3	320.6	4.8	1.6800000000000002
242	r2	4.8	0.0	0.0
242	rnapol	0.0	0.0	0.0
243	__protein1_rbs	13.0	0.0	0.0
243	__protein2_rbs	13.4	0.0	0.0
243	__protein3_rbs	2.4	0.0	0.0
243	__ribosome	26.2	0.0	0.0
243	__rnase_site_ext	18.8	0.0	0.0
243	p0	0.8	0.0	0.0
243	p1	0.6	0.0	0.0
243	p2	1.0	0.0	0.0
243	protein1	1329.4	18.8	1.7318787999999998
243	protein2	1392.8	20.2	1.7356926
243	protein3	322.8	4.8	1.6966668000000005
243	r2	4.8	0.0	0.0
243	rnapol	0.0	0.0	0.0
244	__protein1_rbs	11.6	0.0	0.0
244	__protein2_rbs	12.8	0.0	0.0
244	__protein3_rbs	3.8	0.0	0.0
244	__ribosome	25.6	0.0	0.0
244	__rnase_site_ext	19.2	0.0	0.0
244	p0	0.6	0.0	0.0
244	p1	0.6	0.0	0.0
244	p2	1.0	0.0	0.0
244	protein1	1337.4	18.8	1.6881666000000002
244	protein2	1400.4	20.4	1.7924103999999998
244	protein3	324.8	4.8	1.5699999999999998
244	r2	4.8	0.0	0.0
244	rnapol	0.0	0.0	0.0
245	__protein1_rbs	13.4	0.0	0.0
245	__protein2_rbs	13.2	0.0	0.0
245	__protein3_rbs	2.6	0.0	0.0
245	__ribosome	25.6	0.0	0.0
245	__rnase_site_ext	19.4	0.0	0.0
245	p0	0.6	0.0	0.0
245	p1	0.2	0.0	0.0
245	p2	1.0	0.0	0.0
245	protein1	1345.6	19.2	1.6288268
245	protein2	1408.4	20.0	1.8226668000000001
245	protein3	326.8	4.8	1.7833332
245	r2	4.8	0.0	0.0
245	rnapol	0.0	0.0	0.0
246	__protein1_rbs	12.2	0.0	0.0
246	__protein2_rbs	13.4	0.0	0.0
246	__protein3_rbs	2.6	0.0	0.0
246	__ribosome	23.8	0.0	0.0
246	__rnase_site_ext	19.8	0.0	0.0
246	p0	0.6	0.0	0.0
246	p1	0.6	0.0	0.0
246	p2	1.0	0.0	0.0
246	protein1	1351.4	19.4	1.7399296000000002
246	protein2	1417.0	20.0	1.7733333999999998
246	protein3	328.8	4.8	1.84
246	r2	4.8	0.0	0.0
246	rnapol	0.0	0.0	0.0
247	__protein1_rbs	13.4	0.0	0.0
247	__protein2_rbs	11.8	0.0	0.0
247	__protein3_rbs	3.6	0.0	0.0
247	__ribosome	24.2	0.0	0.0
247	__rnase_site_ext	19.6	0.0	0.0
247	p0	1.0	0.0	0.0
247	p1	0.4	0.0	0.0
247	p2	0.8	0.0	0.0
247	protein1	1359.0	19.4	1.6791154
247	protein2	1425.4	20.0	1.8253334
247	protein3	330.4	4.8	1.81
247	r2	4.6	0.0	0.0
247	rnapol	0.0	0.0	0.0
248	__protein1_rbs	13.2	0.0	0.0
248	__protein2_rbs	13.8	0.0	0.0
248	__protein3_rbs	2.8	0.0	0.0
248	__ribosome	26.8	0.0	0.0
248	__rnase_site_ext	19.6	0.0	0.0
248	p0	1.0	0.0	0.0
248	p1	0.4	0.0	0.0
248	p2	0.8	0.0	0.0
248	protein1	1366.4	19.6	1.702868
248	protein2	1434.8	20.0	1.6403333999999998
248	protein3	332.2	4.4	1.9966666000000002
248	r2	4.4	0.0	0.0
248	rnapol	0.0	0.0	0.0
249	__protein1_rbs	13.6	0.0	0.0
249	__protein2_rbs	13.4	0.0	0.0
249	__protein3_rbs	2.4	0.0	0.0
249	__ribosome	25.6	0.0	0.0
249	__rnase_site_ext	19.4	0.0	0.0
249	p0	0.8	0.0	0.0
249	p1	0.4	0.0	0.0
249	p2	1.0	0.0	0.0
249	protein1	1374.6	19.8	1.644491
249	protein2	1441.8	20.0	1.713
249	protein3	334.2	4.4	2.0533334
249	r2	4.4	0.0	0.0
249	rnapol	0.0	0.0	0.0
250	__protein1_rbs	12.4	0.0	0.0
250	__protein2_rbs	13.4	0.0	0.0
250	__protein3_rbs	3.6	0.0	0.0
250	__ribosome	27.2	0.0	0.0
250	__rnase_site_ext	19.2	0.0	0.0
250	p0	0.8	0.0	0.0
250	p1	0.4	0.0	0.0
250	p2	1.0	0.0	0.0
250	protein1	1382.6	19.6	1.70508
250	protein2	1449.8	20.6	1.6596042000000002
250	protein3	337.6	4.4	1.56
250	r2	4.4	0.0	0.0
250	rnapol	0.0	0.0	0.0
