time	species	protein	transcript	ribo_density
0	__protein1_rbs	0.0	0.0	0.0
0	__protein2_rbs	0.0	0.0	0.0
0	__protein3_rbs	0.0	0.0	0.0
0	__ribosome	100.0	0.0	0.0
0	__rnase_site_ext	0.0	0.0	0.0
0	p0	1.0	0.0	0.0
0	rnapol	4.0	0.0	0.0
1	__protein1_rbs	0.0	0.0	0.0
1	__protein2_rbs	0.0	0.0	0.0
1	__protein3_rbs	0.0	0.0	0.0
1	__ribosome	80.0	0.0	0.0
1	__rnase_site_ext	0.4	0.0	0.0
1	p0	0.0	0.0	0.0
1	rnapol	2.4	0.0	0.0
2	__protein1_rbs	0.0	0.0	0.0
2	__protein2_rbs	0.0	0.0	0.0
2	__protein3_rbs	0.0	0.0	0.0
2	__ribosome	120.0	0.0	0.0
2	__rnase_site_ext	1.0	0.0	0.0
2	p0	0.2	0.0	0.0
2	rnapol	3.2	0.0	0.0
3	__protein1_rbs	0.2	0.0	0.0
3	__protein2_rbs	0.0	0.0	0.0
3	__protein3_rbs	0.0	0.0	0.0
3	__ribosome	99.6	0.0	0.0
3	__rnase_site_ext	1.6	0.0	0.0
3	p0	0.8	0.0	0.0
3	protein1	0.0	0.6	0.4
3	rnapol	2.4	0.0	0.0
4	__protein1_rbs	0.8	0.0	0.0
4	__protein2_rbs	0.0	0.0	0.0
4	__protein3_rbs	0.0	0.0	0.0
4	__ribosome	98.8	0.0	0.0
4	__rnase_site_ext	2.0	0.0	0.0
4	p0	0.4	0.0	0.0
4	protein1	0.0	1.4	0.8
4	rnapol	1.8	0.0	0.0
5	__protein1_rbs	0.6	0.0	0.0
5	__protein2_rbs	0.0	0.0	0.0
5	__protein3_rbs	0.0	0.0	0.0
5	__ribosome	97.8	0.0	0.0
5	__rnase_site_ext	2.2	0.0	0.0
5	p0	1.0	0.0	0.0
5	protein1	0.0	1.6	1.3
5	rnapol	1.8	0.0	0.0
6	__protein1_rbs	0.8	0.0	0.0
6	__protein2_rbs	0.0	0.0	0.0
6	__protein3_rbs	0.0	0.0	0.0
6	__ribosome	96.2	0.0	0.0
6	__rnase_site_ext	2.8	0.0	0.0
6	p0	0.4	0.0	0.0
6	protein1	0.0	2.2	1.6333334000000002
6	rnapol	1.2	0.0	0.0
7	__protein1_rbs	0.6	0.0	0.0
7	__protein2_rbs	0.0	0.0	0.0
7	__protein3_rbs	0.0	0.0	0.0
7	__ribosome	94.8	0.0	0.0
7	__rnase_site_ext	3.0	0.0	0.0
7	p0	1.0	0.0	0.0
7	protein1	0.0	2.2	2.3666668
7	rnapol	1.0	0.0	0.0
8	__protein1_rbs	0.6	0.0	0.0
8	__protein2_rbs	0.0	0.0	0.0
8	__protein3_rbs	0.0	0.0	0.0
8	__ribosome	93.2	0.0	0.0
8	__rnase_site_ext	3.2	0.0	0.0
8	p0	0.6	0.0	0.0
8	protein1	0.4	3.0	2.2333334
8	rnapol	0.6	0.0	0.0
9	__protein1_rbs	1.0	0.0	0.0
9	__protein2_rbs	0.0	0.0	0.0
9	__protein3_rbs	0.0	0.0	0.0
9	__ribosome	91.4	0.0	0.0
9	__rnase_site_ext	3.6	0.0	0.0
9	p0	0.8	0.0	0.0
9	protein1	0.8	3.2	2.7166667999999996
9	rnapol	0.4	0.0	0.0
10	__protein1_rbs	1.4	0.0	0.0
10	__protein2_rbs	0.4	0.0	0.0
10	__protein3_rbs	0.0	0.0	0.0
10	__ribosome	90.6	0.0	0.0
10	__rnase_site_ext	3.8	0.0	0.0
10	p0	0.8	0.0	0.0
10	protein1	1.8	3.6	2.6
10	protein2	0.0	0.4	0.0
10	rnapol	0.2	0.0	0.0
11	__protein1_rbs	0.4	0.0	0.0
11	__protein2_rbs	0.2	0.0	0.0
11	__protein3_rbs	0.0	0.0	0.0
11	__ribosome	88.2	0.0	0.0
11	__rnase_site_ext	3.8	0.0	0.0
11	p0	1.0	0.0	0.0
11	protein1	3.2	3.6	3.05
11	protein2	0.0	1.0	0.6
11	rnapol	0.2	0.0	0.0
12	__protein1_rbs	1.2	0.0	0.0
12	__protein2_rbs	0.6	0.0	0.0
12	__protein3_rbs	0.0	0.0	0.0
12	__ribosome	86.2	0.0	0.0
12	__rnase_site_ext	3.8	0.0	0.0
12	p0	1.0	0.0	0.0
12	protein1	4.6	3.8	3.2333334
12	protein2	0.0	1.4	1.1
12	rnapol	0.2	0.0	0.0
13	__protein1_rbs	2.0	0.0	0.0
13	__protein2_rbs	1.2	0.0	0.0
13	__protein3_rbs	0.0	0.0	0.0
13	__ribosome	85.4	0.0	0.0
13	__rnase_site_ext	4.0	0.0	0.0
13	p0	1.0	0.0	0.0
13	protein1	6.4	3.8	3.2333334
13	protein2	0.0	2.2	1.0333334
13	rnapol	0.0	0.0	0.0
14	__protein1_rbs	1.8	0.0	0.0
14	__protein2_rbs	1.2	0.0	0.0
14	__protein3_rbs	0.0	0.0	0.0
14	__ribosome	85.0	0.0	0.0
14	__rnase_site_ext	4.0	0.0	0.0
14	p0	1.0	0.0	0.0
14	protein1	8.8	4.0	2.95
14	protein2	0.0	2.2	1.5
14	rnapol	0.0	0.0	0.0
15	__protein1_rbs	1.2	0.0	0.0
15	__protein2_rbs	0.2	0.0	0.0
15	__protein3_rbs	0.0	0.0	0.0
15	__ribosome	82.0	0.0	0.0
15	__rnase_site_ext	3.8	0.0	0.0
15	p0	1.0	0.0	0.0
15	protein1	11.2	4.0	3.05
15	protein2	0.2	2.8	2.2
15	rnapol	0.0	0.0	0.0
16	__protein1_rbs	1.0	0.0	0.0
16	__protein2_rbs	1.6	0.0	0.0
16	__protein3_rbs	0.0	0.0	0.0
16	__ribosome	80.8	0.0	0.0
16	__rnase_site_ext	3.8	0.0	0.0
16	p0	1.0	0.0	0.0
16	protein1	13.4	3.8	3.4166665999999997
16	protein2	0.6	3.2	2.05
16	rnapol	0.0	0.0	0.0
17	__protein1_rbs	2.2	0.0	0.0
17	__protein2_rbs	1.4	0.0	0.0
17	__protein3_rbs	0.0	0.0	0.0
17	__ribosome	80.0	0.0	0.0
17	__rnase_site_ext	3.8	0.0	0.0
17	p0	1.0	0.0	0.0
17	protein1	15.6	3.8	3.2666666
17	protein2	1.2	3.2	2.45
17	rnapol	0.6	0.0	0.0
18	__protein1_rbs	1.8	0.0	0.0
18	__protein2_rbs	1.2	0.0	0.0
18	__protein3_rbs	0.0	0.0	0.0
18	__ribosome	79.0	0.0	0.0
18	__rnase_site_ext	3.8	0.0	0.0
18	p0	0.8	0.0	0.0
18	protein1	18.0	3.8	3.15
18	protein2	2.2	3.6	2.5166668000000003
18	protein3	0.0	0.2	0.2
18	rnapol	0.4	0.0	0.0
19	__protein1_rbs	1.6	0.0	0.0
19	__protein2_rbs	1.8	0.0	0.0
19	__protein3_rbs	0.6	0.0	0.0
19	__ribosome	77.8	0.0	0.0
19	__rnase_site_ext	4.0	0.0	0.0
19	p0	1.0	0.0	0.0
19	protein1	20.4	3.8	3.1666666
19	protein2	2.8	3.6	2.8333332
19	protein3	0.0	0.6	0.2
19	rnapol	0.8	0.0	0.0
20	__protein1_rbs	1.8	0.0	0.0
20	__protein2_rbs	1.6	0.0	0.0
20	__protein3_rbs	0.2	0.0	0.0
20	__ribosome	77.0	0.0	0.0
20	__rnase_site_ext	4.2	0.0	0.0
20	p0	0.8	0.0	0.0
20	protein1	22.8	4.0	2.9766666
20	protein2	4.8	3.8	2.7833334
20	protein3	0.0	0.8	0.8
20	rnapol	1.0	0.0	0.0
21	__protein1_rbs	1.4	0.0	0.0
21	__protein2_rbs	1.6	0.0	0.0
21	__protein3_rbs	0.2	0.0	0.0
21	__ribosome	77.4	0.0	0.0
21	__rnase_site_ext	4.4	0.0	0.0
21	p0	0.6	0.0	0.0
21	protein1	25.8	4.0	2.8133334000000003
21	protein2	6.8	3.8	2.6666666
21	protein3	0.0	1.0	1.0
21	rnapol	0.8	0.0	0.0
22	__protein1_rbs	1.2	0.0	0.0
22	__protein2_rbs	1.0	0.0	0.0
22	__protein3_rbs	0.4	0.0	0.0
22	__ribosome	75.4	0.0	0.0
22	__rnase_site_ext	4.8	0.0	0.0
22	p0	0.8	0.0	0.0
22	protein1	28.0	4.2	2.77
22	protein2	8.8	4.0	2.75
22	protein3	0.0	1.0	1.5
22	rnapol	1.0	0.0	0.0
23	__protein1_rbs	2.0	0.0	0.0
23	__protein2_rbs	1.6	0.0	0.0
23	__protein3_rbs	0.2	0.0	0.0
23	__ribosome	73.0	0.0	0.0
23	__rnase_site_ext	5.0	0.0	0.0
23	p0	1.0	0.0	0.0
23	protein1	29.8	4.6	2.67
23	protein2	10.2	4.0	3.0
23	protein3	0.0	1.0	2.2
23	rnapol	1.2	0.0	0.0
24	__protein1_rbs	2.4	0.0	0.0
24	__protein2_rbs	1.8	0.0	0.0
24	__protein3_rbs	0.6	0.0	0.0
24	__ribosome	72.0	0.0	0.0
24	__rnase_site_ext	5.2	0.0	0.0
24	p0	0.4	0.0	0.0
24	protein1	31.8	5.0	2.62
24	protein2	12.4	4.0	3.0
24	protein3	0.4	1.2	1.9
24	rnapol	1.2	0.0	0.0
25	__protein1_rbs	2.8	0.0	0.0
25	__protein2_rbs	2.0	0.0	0.0
25	__protein3_rbs	0.6	0.0	0.0
25	__ribosome	71.2	0.0	0.0
25	__rnase_site_ext	5.4	0.0	0.0
25	p0	1.0	0.0	0.0
25	protein1	34.0	5.2	2.6466668
25	protein2	14.8	4.0	2.9
25	protein3	0.6	1.2	2.4
25	rnapol	1.8	0.0	0.0
26	__protein1_rbs	2.2	0.0	0.0
26	__protein2_rbs	1.8	0.0	0.0
26	__protein3_rbs	0.4	0.0	0.0
26	__ribosome	69.0	0.0	0.0
26	__rnase_site_ext	5.8	0.0	0.0
26	p0	0.8	0.0	0.0
26	protein1	36.0	5.6	2.6933333999999998
26	protein2	16.6	4.0	3.05
26	protein3	1.2	1.2	2.5
26	rnapol	1.4	0.0	0.0
27	__protein1_rbs	3.0	0.0	0.0
27	__protein2_rbs	1.2	0.0	0.0
27	__protein3_rbs	0.4	0.0	0.0
27	__ribosome	70.2	0.0	0.0
27	__rnase_site_ext	6.0	0.0	0.0
27	p0	0.6	0.0	0.0
27	protein1	39.4	5.6	2.5333334
27	protein2	19.4	4.0	3.0
27	protein3	1.8	1.2	2.5
27	rnapol	1.2	0.0	0.0
28	__protein1_rbs	2.0	0.0	0.0
28	__protein2_rbs	1.6	0.0	0.0
28	__protein3_rbs	0.6	0.0	0.0
28	__ribosome	68.4	0.0	0.0
28	__rnase_site_ext	6.6	0.0	0.0
28	p0	0.6	0.0	0.0
28	protein1	41.6	6.2	2.5383334
28	protein2	21.4	4.2	2.97
28	protein3	2.6	1.2	2.3
28	rnapol	0.6	0.0	0.0
29	__protein1_rbs	2.8	0.0	0.0
29	__protein2_rbs	1.4	0.0	0.0
29	__protein3_rbs	0.0	0.0	0.0
29	__ribosome	69.0	0.0	0.0
29	__rnase_site_ext	6.6	0.0	0.0
29	p0	0.8	0.0	0.0
29	protein1	44.8	6.4	2.3773807999999996
29	protein2	24.4	4.4	2.79
29	protein3	3.6	1.2	2.4
29	rnapol	0.6	0.0	0.0
30	__protein1_rbs	2.8	0.0	0.0
30	__protein2_rbs	2.4	0.0	0.0
30	__protein3_rbs	0.4	0.0	0.0
30	__ribosome	66.8	0.0	0.0
30	__rnase_site_ext	7.0	0.0	0.0
30	p0	0.8	0.0	0.0
30	protein1	46.8	6.6	2.597381
30	protein2	26.6	4.6	2.66
30	protein3	4.0	1.2	2.5
30	rnapol	0.4	0.0	0.0
31	__protein1_rbs	2.4	0.0	0.0
31	__protein2_rbs	1.0	0.0	0.0
31	__protein3_rbs	0.6	0.0	0.0
31	__ribosome	66.0	0.0	0.0
31	__rnase_site_ext	7.0	0.0	0.0
31	p0	0.8	0.0	0.0
31	protein1	50.4	6.8	2.5861906
31	protein2	29.0	4.6	2.9
31	protein3	4.8	1.2	2.1
31	rnapol	0.2	0.0	0.0
32	__protein1_rbs	3.8	0.0	0.0
32	__protein2_rbs	2.0	0.0	0.0
32	__protein3_rbs	0.2	0.0	0.0
32	__ribosome	64.4	0.0	0.0
32	__rnase_site_ext	7.0	0.0	0.0
32	p0	1.0	0.0	0.0
32	protein1	52.8	7.0	2.6116666
32	protein2	30.8	5.0	2.82
32	protein3	5.6	1.2	2.3
32	rnapol	0.2	0.0	0.0
33	__protein1_rbs	2.6	0.0	0.0
33	__protein2_rbs	2.4	0.0	0.0
33	__protein3_rbs	0.8	0.0	0.0
33	__ribosome	63.4	0.0	0.0
33	__rnase_site_ext	7.0	0.0	0.0
33	p0	1.0	0.0	0.0
33	protein1	56.2	7.0	2.7630952
33	protein2	33.2	5.0	2.8166666
33	protein3	6.0	1.2	2.2
33	rnapol	0.2	0.0	0.0
34	__protein1_rbs	2.8	0.0	0.0
34	__protein2_rbs	1.4	0.0	0.0
34	__protein3_rbs	0.8	0.0	0.0
34	__ribosome	62.4	0.0	0.0
34	__rnase_site_ext	7.0	0.0	0.0
34	p0	0.8	0.0	0.0
34	protein1	59.2	7.0	2.8333334
34	protein2	36.4	5.6	2.64
34	protein3	6.8	1.2	1.8
34	rnapol	0.2	0.0	0.0
35	__protein1_rbs	2.6	0.0	0.0
35	__protein2_rbs	3.4	0.0	0.0
35	__protein3_rbs	0.4	0.0	0.0
35	__ribosome	63.0	0.0	0.0
35	__rnase_site_ext	7.4	0.0	0.0
35	p0	0.8	0.0	0.0
35	protein1	63.4	7.0	2.7714286
35	protein2	38.8	6.0	2.4333334
35	protein3	7.6	1.2	2.0
35	rnapol	0.0	0.0	0.0
36	__protein1_rbs	2.6	0.0	0.0
36	__protein2_rbs	1.6	0.0	0.0
36	__protein3_rbs	0.4	0.0	0.0
36	__ribosome	61.0	0.0	0.0
36	__rnase_site_ext	7.4	0.0	0.0
36	p0	1.0	0.0	0.0
36	protein1	67.6	7.2	2.7238094
36	protein2	42.0	6.2	2.5790476000000004
36	protein3	8.0	1.2	2.2
36	rnapol	0.0	0.0	0.0
37	__protein1_rbs	3.6	0.0	0.0
37	__protein2_rbs	2.4	0.0	0.0
37	__protein3_rbs	0.4	0.0	0.0
37	__ribosome	59.6	0.0	0.0
37	__rnase_site_ext	7.6	0.0	0.0
37	p0	0.8	0.0	0.0
37	protein1	70.6	7.4	2.6873017999999997
37	protein2	44.4	6.8	2.5957142
37	protein3	9.0	1.2	1.9
37	rnapol	0.0	0.0	0.0
38	__protein1_rbs	2.6	0.0	0.0
38	__protein2_rbs	3.4	0.0	0.0
38	__protein3_rbs	0.8	0.0	0.0
38	__ribosome	58.2	0.0	0.0
38	__rnase_site_ext	7.2	0.0	0.0
38	p0	0.8	0.0	0.0
38	protein1	74.4	7.4	2.7761906
38	protein2	47.2	7.2	2.5471428000000005
38	protein3	9.4	1.6	1.8
38	rnapol	0.0	0.0	0.0
39	__protein1_rbs	3.0	0.0	0.0
39	__protein2_rbs	3.8	0.0	0.0
39	__protein3_rbs	0.4	0.0	0.0
39	__ribosome	58.0	0.0	0.0
39	__rnase_site_ext	7.4	0.0	0.0
39	p0	1.0	0.0	0.0
39	protein1	78.8	7.2	2.7583333999999997
39	protein2	50.2	7.4	2.515
39	protein3	9.8	1.6	2.2
39	rnapol	0.2	0.0	0.0
40	__protein1_rbs	3.6	0.0	0.0
40	__protein2_rbs	3.0	0.0	0.0
40	__protein3_rbs	0.4	0.0	0.0
40	__ribosome	56.4	0.0	0.0
40	__rnase_site_ext	7.4	0.0	0.0
40	p0	0.8	0.0	0.0
40	protein1	82.0	7.4	2.7214287999999995
40	protein2	54.0	7.4	2.615
40	protein3	10.6	1.6	2.4
40	rnapol	0.2	0.0	0.0
41	__protein1_rbs	3.4	0.0	0.0
41	__protein2_rbs	3.6	0.0	0.0
41	__protein3_rbs	1.2	0.0	0.0
41	__ribosome	57.0	0.0	0.0
41	__rnase_site_ext	7.4	0.0	0.0
41	p0	1.0	0.0	0.0
41	protein1	86.0	7.4	2.7214286
41	protein2	57.4	7.6	2.4416666
41	protein3	11.2	1.8	1.9666666000000002
41	rnapol	0.2	0.0	0.0
42	__protein1_rbs	3.2	0.0	0.0
42	__protein2_rbs	3.8	0.0	0.0
42	__protein3_rbs	0.6	0.0	0.0
42	__ribosome	56.6	0.0	0.0
42	__rnase_site_ext	7.6	0.0	0.0
42	p0	0.8	0.0	0.0
42	protein1	89.6	7.4	2.7678572
42	protein2	61.2	7.4	2.4476192
42	protein3	11.8	2.0	2.3666668
42	rnapol	0.6	0.0	0.0
43	__protein1_rbs	3.4	0.0	0.0
43	__protein2_rbs	4.0	0.0	0.0
43	__protein3_rbs	0.6	0.0	0.0
43	__ribosome	55.8	0.0	0.0
43	__rnase_site_ext	7.6	0.0	0.0
43	p0	0.8	0.0	0.0
43	protein1	93.6	7.4	2.7
43	protein2	64.6	7.4	2.5107142000000002
43	protein3	12.6	2.2	2.4
43	rnapol	1.0	0.0	0.0
44	__protein1_rbs	3.6	0.0	0.0
44	__protein2_rbs	4.2	0.0	0.0
44	__protein3_rbs	0.6	0.0	0.0
44	__ribosome	55.6	0.0	0.0
44	__rnase_site_ext	7.6	0.0	0.0
44	p0	0.8	0.0	0.0
44	protein1	97.0	7.8	2.6642857999999996
44	protein2	68.0	7.6	2.3515874
44	protein3	13.8	2.2	2.5333334
44	rnapol	1.2	0.0	0.0
45	__protein1_rbs	3.0	0.0	0.0
45	__protein2_rbs	3.4	0.0	0.0
45	__protein3_rbs	0.6	0.0	0.0
45	__ribosome	55.2	0.0	0.0
45	__rnase_site_ext	7.6	0.0	0.0
45	p0	1.0	0.0	0.0
45	protein1	101.4	7.6	2.6666666
45	protein2	72.0	7.6	2.4412696
45	protein3	15.0	2.2	2.8
45	rnapol	1.4	0.0	0.0
46	__protein1_rbs	4.0	0.0	0.0
46	__protein2_rbs	3.6	0.0	0.0
46	__protein3_rbs	1.0	0.0	0.0
46	__ribosome	56.2	0.0	0.0
46	__rnase_site_ext	7.8	0.0	0.0
46	p0	1.0	0.0	0.0
46	protein1	105.4	7.6	2.573016
46	protein2	76.4	7.8	2.276984
46	protein3	15.4	2.2	3.0333332000000004
46	rnapol	1.4	0.0	0.0
47	__protein1_rbs	4.4	0.0	0.0
47	__protein2_rbs	3.2	0.0	0.0
47	__protein3_rbs	1.4	0.0	0.0
47	__ribosome	56.2	0.0	0.0
47	__rnase_site_ext	8.4	0.0	0.0
47	p0	0.4	0.0	0.0
47	protein1	110.0	7.8	2.3583334
47	protein2	79.2	8.0	2.4043650000000003
47	protein3	16.8	2.4	2.5
47	rnapol	1.2	0.0	0.0
48	__protein1_rbs	4.2	0.0	0.0
48	__protein2_rbs	2.8	0.0	0.0
48	__protein3_rbs	1.0	0.0	0.0
48	__ribosome	54.8	0.0	0.0
48	__rnase_site_ext	8.4	0.0	0.0
48	p0	0.6	0.0	0.0
48	protein1	113.2	8.4	2.3042857999999997
48	protein2	83.0	7.8	2.5277778
48	protein3	18.2	2.4	2.5333334
48	rnapol	0.8	0.0	0.0
49	__protein1_rbs	3.2	0.0	0.0
49	__protein2_rbs	5.0	0.0	0.0
49	__protein3_rbs	1.2	0.0	0.0
49	__ribosome	54.2	0.0	0.0
49	__rnase_site_ext	8.6	0.0	0.0
49	p0	0.8	0.0	0.0
49	protein1	117.4	8.6	2.3401586
49	protein2	86.0	7.8	2.5083333999999997
49	protein3	19.4	2.4	2.5666666
49	rnapol	1.0	0.0	0.0
50	__protein1_rbs	4.0	0.0	0.0
50	__protein2_rbs	2.6	0.0	0.0
50	__protein3_rbs	2.0	0.0	0.0
50	__ribosome	52.6	0.0	0.0
50	__rnase_site_ext	8.6	0.0	0.0
50	p0	0.6	0.0	0.0
50	protein1	120.6	8.6	2.4868688
50	protein2	90.2	8.0	2.6190477999999997
50	protein3	20.6	2.4	2.2333332
50	rnapol	0.8	0.0	0.0
51	__protein1_rbs	4.2	0.0	0.0
51	__protein2_rbs	3.8	0.0	0.0
51	__protein3_rbs	0.8	0.0	0.0
51	__ribosome	53.0	0.0	0.0
51	__rnase_site_ext	8.8	0.0	0.0
51	p0	0.8	0.0	0.0
51	protein1	124.8	8.8	2.3393938
51	protein2	94.2	8.2	2.5539684
51	protein3	22.0	2.4	2.3
51	rnapol	0.6	0.0	0.0
52	__protein1_rbs	4.0	0.0	0.0
52	__protein2_rbs	4.2	0.0	0.0
52	__protein3_rbs	1.4	0.0	0.0
52	__ribosome	52.2	0.0	0.0
52	__rnase_site_ext	9.0	0.0	0.0
52	p0	1.0	0.0	0.0
52	protein1	128.4	8.8	2.423492
52	protein2	98.2	8.4	2.4888889999999995
52	protein3	23.0	2.4	2.2
52	rnapol	0.8	0.0	0.0
53	__protein1_rbs	6.0	0.0	0.0
53	__protein2_rbs	5.0	0.0	0.0
53	__protein3_rbs	1.0	0.0	0.0
53	__ribosome	53.2	0.0	0.0
53	__rnase_site_ext	9.2	0.0	0.0
53	p0	0.6	0.0	0.0
53	protein1	131.8	9.0	2.3366666
53	protein2	103.0	8.2	2.4305556
53	protein3	24.2	2.4	2.4333332000000003
53	rnapol	0.6	0.0	0.0
54	__protein1_rbs	5.0	0.0	0.0
54	__protein2_rbs	4.0	0.0	0.0
54	__protein3_rbs	1.4	0.0	0.0
54	__ribosome	53.8	0.0	0.0
54	__rnase_site_ext	9.4	0.0	0.0
54	p0	0.6	0.0	0.0
54	protein1	136.6	9.0	2.2374602
54	protein2	106.6	8.4	2.4472222
54	protein3	25.2	2.4	2.3
54	rnapol	0.4	0.0	0.0
55	__protein1_rbs	3.4	0.0	0.0
55	__protein2_rbs	3.2	0.0	0.0
55	__protein3_rbs	1.0	0.0	0.0
55	__ribosome	50.8	0.0	0.0
55	__rnase_site_ext	9.6	0.0	0.0
55	p0	0.6	0.0	0.0
55	protein1	141.4	9.4	2.2544444
55	protein2	110.4	8.6	2.5416666
55	protein3	26.0	2.4	2.5666666
55	rnapol	0.2	0.0	0.0
56	__protein1_rbs	4.2	0.0	0.0
56	__protein2_rbs	4.8	0.0	0.0
56	__protein3_rbs	1.8	0.0	0.0
56	__ribosome	50.2	0.0	0.0
56	__rnase_site_ext	9.6	0.0	0.0
56	p0	1.0	0.0	0.0
56	protein1	145.6	9.4	2.3120199999999995
56	protein2	113.2	9.0	2.5322222
56	protein3	27.6	2.4	2.1666666
56	rnapol	0.4	0.0	0.0
57	__protein1_rbs	4.8	0.0	0.0
57	__protein2_rbs	4.6	0.0	0.0
57	__protein3_rbs	0.8	0.0	0.0
57	__ribosome	50.6	0.0	0.0
57	__rnase_site_ext	9.6	0.0	0.0
57	p0	1.0	0.0	0.0
57	protein1	149.4	9.6	2.264293
57	protein2	118.8	9.6	2.320808
57	protein3	28.6	2.4	2.4
57	rnapol	0.6	0.0	0.0
58	__protein1_rbs	4.6	0.0	0.0
58	__protein2_rbs	4.4	0.0	0.0
58	__protein3_rbs	1.4	0.0	0.0
58	__ribosome	48.0	0.0	0.0
58	__rnase_site_ext	9.8	0.0	0.0
58	p0	0.8	0.0	0.0
58	protein1	152.8	9.6	2.3817676
58	protein2	122.6	9.4	2.520505
58	protein3	29.6	2.4	2.3666666000000003
58	rnapol	0.4	0.0	0.0
59	__protein1_rbs	5.6	0.0	0.0
59	__protein2_rbs	4.0	0.0	0.0
59	__protein3_rbs	1.6	0.0	0.0
59	__ribosome	47.0	0.0	0.0
59	__rnase_site_ext	9.8	0.0	0.0
59	p0	1.0	0.0	0.0
59	protein1	156.2	9.6	2.3972728
59	protein2	126.8	9.6	2.6036868
59	protein3	30.8	2.4	2.1666666
59	rnapol	0.6	0.0	0.0
60	__protein1_rbs	5.6	0.0	0.0
60	__protein2_rbs	5.2	0.0	0.0
60	__protein3_rbs	1.6	0.0	0.0
60	__ribosome	47.8	0.0	0.0
60	__rnase_site_ext	9.4	0.0	0.0
60	p0	0.8	0.0	0.0
60	protein1	161.2	9.8	2.264091
60	protein2	131.2	9.8	2.5971716
60	protein3	32.0	2.4	2.1833334
60	rnapol	0.6	0.0	0.0
61	__protein1_rbs	3.8	0.0	0.0
61	__protein2_rbs	5.4	0.0	0.0
61	__protein3_rbs	1.0	0.0	0.0
61	__ribosome	47.4	0.0	0.0
61	__rnase_site_ext	9.8	0.0	0.0
61	p0	0.8	0.0	0.0
61	protein1	166.0	9.4	2.3473302
61	protein2	135.4	9.8	2.6143436
61	protein3	33.0	2.4	2.4166666
61	rnapol	0.4	0.0	0.0
62	__protein1_rbs	5.8	0.0	0.0
62	__protein2_rbs	5.0	0.0	0.0
62	__protein3_rbs	1.6	0.0	0.0
62	__ribosome	50.0	0.0	0.0
62	__rnase_site_ext	9.4	0.0	0.0
62	p0	1.0	0.0	0.0
62	protein1	170.4	9.6	2.1249206000000003
62	protein2	141.0	9.8	2.5424244000000003
62	protein3	34.2	2.4	2.2833334
62	rnapol	0.6	0.0	0.0
63	__protein1_rbs	5.4	0.0	0.0
63	__protein2_rbs	5.4	0.0	0.0
63	__protein3_rbs	1.6	0.0	0.0
63	__ribosome	50.2	0.0	0.0
63	__rnase_site_ext	9.4	0.0	0.0
63	p0	0.8	0.0	0.0
63	protein1	175.2	9.6	2.1431386000000003
63	protein2	145.8	10.0	2.4802022
63	protein3	35.2	2.4	2.1166666000000003
63	rnapol	0.8	0.0	0.0
64	__protein1_rbs	3.8	0.0	0.0
64	__protein2_rbs	4.4	0.0	0.0
64	__protein3_rbs	1.6	0.0	0.0
64	__ribosome	48.6	0.0	0.0
64	__rnase_site_ext	9.8	0.0	0.0
64	p0	1.0	0.0	0.0
64	protein1	180.4	9.4	2.1657144
64	protein2	151.0	10.6	2.4066666000000003
64	protein3	35.6	2.8	2.1166668
64	rnapol	1.0	0.0	0.0
65	__protein1_rbs	5.6	0.0	0.0
65	__protein2_rbs	4.8	0.0	0.0
65	__protein3_rbs	1.8	0.0	0.0
65	__ribosome	48.2	0.0	0.0
65	__rnase_site_ext	9.8	0.0	0.0
65	p0	1.0	0.0	0.0
65	protein1	182.4	9.8	2.2525473999999996
65	protein2	156.2	10.2	2.4455556
65	protein3	37.0	2.8	1.9666666000000002
65	rnapol	1.0	0.0	0.0
66	__protein1_rbs	3.8	0.0	0.0
66	__protein2_rbs	5.4	0.0	0.0
66	__protein3_rbs	1.2	0.0	0.0
66	__ribosome	47.4	0.0	0.0
66	__rnase_site_ext	10.6	0.0	0.0
66	p0	0.2	0.0	0.0
66	protein1	187.0	9.8	2.2805194
66	protein2	160.4	10.2	2.4488887999999998
66	protein3	38.2	2.8	1.95
66	rnapol	0.4	0.0	0.0
67	__protein1_rbs	5.4	0.0	0.0
67	__protein2_rbs	5.6	0.0	0.0
67	__protein3_rbs	2.0	0.0	0.0
67	__ribosome	49.2	0.0	0.0
67	__rnase_site_ext	10.8	0.0	0.0
67	p0	0.6	0.0	0.0
67	protein1	191.2	10.2	2.1603146
67	protein2	166.0	10.2	2.3084846000000003
67	protein3	39.4	3.0	1.72
67	rnapol	0.2	0.0	0.0
68	__protein1_rbs	5.2	0.0	0.0
68	__protein2_rbs	5.6	0.0	0.0
68	__protein3_rbs	1.8	0.0	0.0
68	__ribosome	46.6	0.0	0.0
68	__rnase_site_ext	10.8	0.0	0.0
68	p0	1.0	0.0	0.0
68	protein1	195.2	11.0	2.1
68	protein2	170.2	10.2	2.389293
68	protein3	40.2	3.0	1.92
68	rnapol	0.6	0.0	0.0
69	__protein1_rbs	5.4	0.0	0.0
69	__protein2_rbs	5.2	0.0	0.0
69	__protein3_rbs	1.2	0.0	0.0
69	__ribosome	44.0	0.0	0.0
69	__rnase_site_ext	10.6	0.0	0.0
69	p0	1.0	0.0	0.0
69	protein1	198.6	10.8	2.3074784
69	protein2	175.2	10.4	2.3521212000000005
69	protein3	41.2	3.0	2.1666666
69	rnapol	0.6	0.0	0.0
70	__protein1_rbs	5.2	0.0	0.0
70	__protein2_rbs	5.8	0.0	0.0
70	__protein3_rbs	1.4	0.0	0.0
70	__ribosome	44.2	0.0	0.0
70	__rnase_site_ext	10.4	0.0	0.0
70	p0	0.4	0.0	0.0
70	protein1	203.6	10.8	2.3882478
70	protein2	180.0	10.4	2.3422728
70	protein3	43.2	3.2	1.8000002
70	rnapol	0.4	0.0	0.0
71	__protein1_rbs	5.0	0.0	0.0
71	__protein2_rbs	4.8	0.0	0.0
71	__protein3_rbs	1.8	0.0	0.0
71	__ribosome	42.4	0.0	0.0
71	__rnase_site_ext	10.6	0.0	0.0
71	p0	0.8	0.0	0.0
71	protein1	208.6	10.6	2.4579836
71	protein2	184.6	10.4	2.435
71	protein3	43.6	3.2	2.1
71	rnapol	0.6	0.0	0.0
72	__protein1_rbs	4.2	0.0	0.0
72	__protein2_rbs	5.6	0.0	0.0
72	__protein3_rbs	1.2	0.0	0.0
72	__ribosome	41.0	0.0	0.0
72	__rnase_site_ext	10.2	0.0	0.0
72	p0	1.0	0.0	0.0
72	protein1	212.8	10.4	2.6908548
72	protein2	190.6	10.4	2.3007692000000004
72	protein3	44.6	3.2	2.3533334
72	rnapol	0.6	0.0	0.0
73	__protein1_rbs	5.0	0.0	0.0
73	__protein2_rbs	5.2	0.0	0.0
73	__protein3_rbs	1.0	0.0	0.0
73	__ribosome	39.6	0.0	0.0
73	__rnase_site_ext	10.0	0.0	0.0
73	p0	0.8	0.0	0.0
73	protein1	218.2	10.4	2.636508
73	protein2	194.0	10.4	2.4417482
73	protein3	45.8	3.2	2.5933333999999997
73	rnapol	1.0	0.0	0.0
74	__protein1_rbs	5.2	0.0	0.0
74	__protein2_rbs	5.2	0.0	0.0
74	__protein3_rbs	2.2	0.0	0.0
74	__ribosome	40.6	0.0	0.0
74	__rnase_site_ext	10.4	0.0	0.0
74	p0	1.0	0.0	0.0
74	protein1	223.2	10.0	2.6787014000000005
74	protein2	199.0	10.4	2.5110288
74	protein3	47.4	3.2	2.3599998
74	rnapol	0.8	0.0	0.0
75	__protein1_rbs	5.4	0.0	0.0
75	__protein2_rbs	6.0	0.0	0.0
75	__protein3_rbs	1.6	0.0	0.0
75	__ribosome	40.8	0.0	0.0
75	__rnase_site_ext	10.4	0.0	0.0
75	p0	0.8	0.0	0.0
75	protein1	228.4	10.4	2.4954546000000004
75	protein2	203.6	10.8	2.3679602
75	protein3	48.6	3.2	2.6066667999999997
75	rnapol	0.8	0.0	0.0
76	__protein1_rbs	5.8	0.0	0.0
76	__protein2_rbs	5.6	0.0	0.0
76	__protein3_rbs	1.8	0.0	0.0
76	__ribosome	41.4	0.0	0.0
76	__rnase_site_ext	10.6	0.0	0.0
76	p0	0.6	0.0	0.0
76	protein1	234.2	10.4	2.3357142000000004
76	protein2	208.2	11.4	2.2977778
76	protein3	50.0	3.2	2.6400002
76	rnapol	0.4	0.0	0.0
77	__protein1_rbs	6.0	0.0	0.0
77	__protein2_rbs	6.0	0.0	0.0
77	__protein3_rbs	2.2	0.0	0.0
77	__ribosome	44.6	0.0	0.0
77	__rnase_site_ext	11.2	0.0	0.0
77	p0	0.6	0.0	0.0
77	protein1	240.2	10.4	2.140238
77	protein2	214.2	11.6	2.2243144
77	protein3	52.0	3.2	2.6266666
77	rnapol	0.0	0.0	0.0
78	__protein1_rbs	4.2	0.0	0.0
78	__protein2_rbs	6.0	0.0	0.0
78	__protein3_rbs	1.2	0.0	0.0
78	__ribosome	41.4	0.0	0.0
78	__rnase_site_ext	11.2	0.0	0.0
78	p0	1.0	0.0	0.0
78	protein1	243.8	11.0	2.3445666000000003
78	protein2	219.4	11.4	2.2384126
78	protein3	53.8	3.2	2.65
78	rnapol	0.2	0.0	0.0
79	__protein1_rbs	6.2	0.0	0.0
79	__protein2_rbs	6.4	0.0	0.0
79	__protein3_rbs	2.4	0.0	0.0
79	__ribosome	43.6	0.0	0.0
79	__rnase_site_ext	11.4	0.0	0.0
79	p0	0.8	0.0	0.0
79	protein1	249.4	11.2	2.2169494
79	protein2	224.4	11.4	2.2167888
79	protein3	55.2	3.2	2.47
79	rnapol	0.0	0.0	0.0
80	__protein1_rbs	6.4	0.0	0.0
80	__protein2_rbs	4.4	0.0	0.0
80	__protein3_rbs	1.4	0.0	0.0
80	__ribosome	41.0	0.0	0.0
80	__rnase_site_ext	11.0	0.0	0.0
80	p0	1.0	0.0	0.0
80	protein1	253.8	11.4	2.2363638000000003
80	protein2	228.8	11.8	2.3293162
80	protein3	56.8	3.2	2.6033334
80	rnapol	0.0	0.0	0.0
81	__protein1_rbs	6.8	0.0	0.0
81	__protein2_rbs	5.0	0.0	0.0
81	__protein3_rbs	0.6	0.0	0.0
81	__ribosome	38.8	0.0	0.0
81	__rnase_site_ext	11.0	0.0	0.0
81	p0	1.0	0.0	0.0
81	protein1	258.4	11.0	2.25
81	protein2	233.8	11.8	2.491966
81	protein3	58.4	3.2	2.85
81	rnapol	0.2	0.0	0.0
82	__protein1_rbs	5.2	0.0	0.0
82	__protein2_rbs	6.6	0.0	0.0
82	__protein3_rbs	2.2	0.0	0.0
82	__ribosome	38.8	0.0	0.0
82	__rnase_site_ext	10.8	0.0	0.0
82	p0	0.6	0.0	0.0
82	protein1	262.6	11.0	2.3699998
82	protein2	239.6	12.0	2.3996824
82	protein3	59.6	3.2	2.6333333999999997
82	rnapol	0.6	0.0	0.0
83	__protein1_rbs	5.8	0.0	0.0
83	__protein2_rbs	7.2	0.0	0.0
83	__protein3_rbs	1.8	0.0	0.0
83	__ribosome	40.8	0.0	0.0
83	__rnase_site_ext	11.2	0.0	0.0
83	p0	0.8	0.0	0.0
83	protein1	268.4	11.0	2.2638382000000004
83	protein2	244.6	12.2	2.2728572
83	protein3	61.8	3.4	2.3
83	rnapol	0.6	0.0	0.0
84	__protein1_rbs	6.4	0.0	0.0
84	__protein2_rbs	6.0	0.0	0.0
84	__protein3_rbs	1.4	0.0	0.0
84	__ribosome	38.8	0.0	0.0
84	__rnase_site_ext	11.0	0.0	0.0
84	p0	0.8	0.0	0.0
84	protein1	273.0	11.2	2.1988887999999998
84	protein2	249.4	12.6	2.2946652000000003
84	protein3	63.0	3.6	2.4333334
84	rnapol	0.4	0.0	0.0
85	__protein1_rbs	6.6	0.0	0.0
85	__protein2_rbs	7.0	0.0	0.0
85	__protein3_rbs	1.4	0.0	0.0
85	__ribosome	40.2	0.0	0.0
85	__rnase_site_ext	11.2	0.0	0.0
85	p0	1.0	0.0	0.0
85	protein1	278.2	11.0	2.12
85	protein2	255.4	12.2	2.3304764
85	protein3	64.4	3.6	2.4833334
85	rnapol	0.4	0.0	0.0
86	__protein1_rbs	6.4	0.0	0.0
86	__protein2_rbs	6.0	0.0	0.0
86	__protein3_rbs	2.4	0.0	0.0
86	__ribosome	40.2	0.0	0.0
86	__rnase_site_ext	11.0	0.0	0.0
86	p0	0.6	0.0	0.0
86	protein1	282.6	11.2	2.09
86	protein2	261.6	12.6	2.3009524
86	protein3	66.4	3.6	2.2833334
86	rnapol	0.2	0.0	0.0
87	__protein1_rbs	6.4	0.0	0.0
87	__protein2_rbs	6.8	0.0	0.0
87	__protein3_rbs	2.2	0.0	0.0
87	__ribosome	41.0	0.0	0.0
87	__rnase_site_ext	11.4	0.0	0.0
87	p0	1.0	0.0	0.0
87	protein1	287.6	11.2	2.0711112000000003
87	protein2	266.6	12.4	2.2742856
87	protein3	67.6	3.6	2.3
87	rnapol	0.4	0.0	0.0
88	__protein1_rbs	6.2	0.0	0.0
88	__protein2_rbs	6.4	0.0	0.0
88	__protein3_rbs	1.4	0.0	0.0
88	__ribosome	40.4	0.0	0.0
88	__rnase_site_ext	11.6	0.0	0.0
88	p0	1.0	0.0	0.0
88	protein1	292.0	11.4	2.1097222
88	protein2	273.2	11.8	2.3639683999999996
88	protein3	69.2	3.8	2.3
88	rnapol	0.4	0.0	0.0
89	__protein1_rbs	5.6	0.0	0.0
89	__protein2_rbs	6.6	0.0	0.0
89	__protein3_rbs	2.0	0.0	0.0
89	__ribosome	40.6	0.0	0.0
89	__rnase_site_ext	11.6	0.0	0.0
89	p0	0.8	0.0	0.0
89	protein1	296.8	11.6	2.1604546
89	protein2	278.6	11.6	2.2887178
89	protein3	71.4	3.6	2.45
89	rnapol	0.2	0.0	0.0
90	__protein1_rbs	6.4	0.0	0.0
90	__protein2_rbs	6.6	0.0	0.0
90	__protein3_rbs	1.4	0.0	0.0
90	__ribosome	39.2	0.0	0.0
90	__rnase_site_ext	11.4	0.0	0.0
90	p0	1.0	0.0	0.0
90	protein1	300.8	11.6	2.3556208
90	protein2	284.0	11.6	2.2557262
90	protein3	73.0	3.6	2.4166666
90	rnapol	0.2	0.0	0.0
91	__protein1_rbs	6.6	0.0	0.0
91	__protein2_rbs	5.8	0.0	0.0
91	__protein3_rbs	1.4	0.0	0.0
91	__ribosome	37.2	0.0	0.0
91	__rnase_site_ext	11.6	0.0	0.0
91	p0	0.8	0.0	0.0
91	protein1	305.2	11.6	2.352026
91	protein2	289.6	12.0	2.2182540000000004
91	protein3	74.2	3.8	2.6833334
91	rnapol	0.6	0.0	0.0
92	__protein1_rbs	6.0	0.0	0.0
92	__protein2_rbs	6.0	0.0	0.0
92	__protein3_rbs	2.4	0.0	0.0
92	__ribosome	36.2	0.0	0.0
92	__rnase_site_ext	11.4	0.0	0.0
92	p0	0.6	0.0	0.0
92	protein1	310.2	11.4	2.4311112
92	protein2	294.6	12.0	2.255873
92	protein3	75.8	4.0	2.6000002
92	rnapol	1.0	0.0	0.0
93	__protein1_rbs	5.6	0.0	0.0
93	__protein2_rbs	7.4	0.0	0.0
93	__protein3_rbs	1.8	0.0	0.0
93	__ribosome	37.8	0.0	0.0
93	__rnase_site_ext	11.8	0.0	0.0
93	p0	0.8	0.0	0.0
93	protein1	316.4	11.4	2.3770290000000003
93	protein2	299.4	12.0	2.2047618
93	protein3	78.0	4.0	2.5452382
93	rnapol	0.8	0.0	0.0
94	__protein1_rbs	5.4	0.0	0.0
94	__protein2_rbs	7.0	0.0	0.0
94	__protein3_rbs	1.8	0.0	0.0
94	__ribosome	38.2	0.0	0.0
94	__rnase_site_ext	12.0	0.0	0.0
94	p0	0.8	0.0	0.0
94	protein1	322.4	11.6	2.32713
94	protein2	305.4	12.2	2.0828572000000003
94	protein3	79.4	4.2	2.5952382000000003
94	rnapol	0.6	0.0	0.0
95	__protein1_rbs	5.8	0.0	0.0
95	__protein2_rbs	6.6	0.0	0.0
95	__protein3_rbs	2.4	0.0	0.0
95	__ribosome	38.0	0.0	0.0
95	__rnase_site_ext	11.8	0.0	0.0
95	p0	0.8	0.0	0.0
95	protein1	327.6	12.0	2.2846464
95	protein2	310.0	12.6	2.1133333999999997
95	protein3	82.0	4.0	2.5333334
95	rnapol	0.6	0.0	0.0
96	__protein1_rbs	7.2	0.0	0.0
96	__protein2_rbs	7.6	0.0	0.0
96	__protein3_rbs	3.0	0.0	0.0
96	__ribosome	39.0	0.0	0.0
96	__rnase_site_ext	11.6	0.0	0.0
96	p0	1.0	0.0	0.0
96	protein1	332.2	11.8	2.2919607999999996
96	protein2	315.0	12.6	2.085402
96	protein3	84.2	4.0	2.1833334
96	rnapol	0.6	0.0	0.0
97	__protein1_rbs	4.8	0.0	0.0
97	__protein2_rbs	6.0	0.0	0.0
97	__protein3_rbs	2.2	0.0	0.0
97	__ribosome	37.6	0.0	0.0
97	__rnase_site_ext	12.0	0.0	0.0
97	p0	0.8	0.0	0.0
97	protein1	337.4	11.6	2.4828104
97	protein2	321.2	12.4	2.0845453999999997
97	protein3	85.6	4.0	2.3214286
97	rnapol	0.6	0.0	0.0
98	__protein1_rbs	6.8	0.0	0.0
98	__protein2_rbs	6.8	0.0	0.0
98	__protein3_rbs	2.2	0.0	0.0
98	__ribosome	39.2	0.0	0.0
98	__rnase_site_ext	11.8	0.0	0.0
98	p0	0.6	0.0	0.0
98	protein1	342.6	11.8	2.4011468
98	protein2	326.6	12.4	2.0724956000000003
98	protein3	88.4	4.0	1.9928572
98	rnapol	0.0	0.0	0.0
99	__protein1_rbs	6.6	0.0	0.0
99	__protein2_rbs	5.8	0.0	0.0
99	__protein3_rbs	1.4	0.0	0.0
99	__ribosome	37.4	0.0	0.0
99	__rnase_site_ext	12.2	0.0	0.0
99	p0	0.8	0.0	0.0
99	protein1	349.2	12.0	2.2641414
99	protein2	330.6	12.2	2.2645098
99	protein3	89.8	4.2	2.1916666
99	rnapol	0.2	0.0	0.0
100	__protein1_rbs	6.6	0.0	0.0
100	__protein2_rbs	7.0	0.0	0.0
100	__protein3_rbs	2.4	0.0	0.0
100	__ribosome	37.8	0.0	0.0
100	__rnase_site_ext	12.8	0.0	0.0
100	p0	0.8	0.0	0.0
100	protein1	355.0	12.2	2.1848047999999998
100	protein2	336.6	12.4	2.1340462000000002
100	protein3	91.2	4.2	2.3583334
100	rnapol	0.0	0.0	0.0
101	__protein1_rbs	7.4	0.0	0.0
101	__protein2_rbs	6.8	0.0	0.0
101	__protein3_rbs	2.2	0.0	0.0
101	__ribosome	35.8	0.0	0.0
101	__rnase_site_ext	12.8	0.0	0.0
101	p0	0.8	0.0	0.0
101	protein1	359.6	12.6	2.1466064
101	protein2	341.6	12.4	2.2204098
101	protein3	92.2	4.2	2.4166666
101	rnapol	0.2	0.0	0.0
102	__protein1_rbs	8.0	0.0	0.0
102	__protein2_rbs	7.6	0.0	0.0
102	__protein3_rbs	1.6	0.0	0.0
102	__ribosome	37.4	0.0	0.0
102	__rnase_site_ext	13.0	0.0	0.0
102	p0	0.6	0.0	0.0
102	protein1	366.0	12.8	2.0327576
102	protein2	347.4	13.0	2.060062
102	protein3	94.6	4.0	2.5416666
102	rnapol	0.0	0.0	0.0
103	__protein1_rbs	6.2	0.0	0.0
103	__protein2_rbs	7.2	0.0	0.0
103	__protein3_rbs	1.8	0.0	0.0
103	__ribosome	35.6	0.0	0.0
103	__rnase_site_ext	13.2	0.0	0.0
103	p0	1.0	0.0	0.0
103	protein1	371.8	13.0	2.0544678000000003
103	protein2	352.2	13.0	2.1270006
103	protein3	96.2	4.0	2.5333334
103	rnapol	0.0	0.0	0.0
104	__protein1_rbs	8.4	0.0	0.0
104	__protein2_rbs	8.0	0.0	0.0
104	__protein3_rbs	1.8	0.0	0.0
104	__ribosome	35.8	0.0	0.0
104	__rnase_site_ext	13.2	0.0	0.0
104	p0	1.0	0.0	0.0
104	protein1	376.0	13.2	2.075602
104	protein2	358.4	13.0	2.0560683999999996
104	protein3	97.6	3.8	2.854762
104	rnapol	0.2	0.0	0.0
105	__protein1_rbs	7.2	0.0	0.0
105	__protein2_rbs	6.2	0.0	0.0
105	__protein3_rbs	2.0	0.0	0.0
105	__ribosome	35.6	0.0	0.0
105	__rnase_site_ext	13.2	0.0	0.0
105	p0	0.8	0.0	0.0
105	protein1	382.0	13.2	2.08547
105	protein2	363.6	13.0	2.1166666000000003
105	protein3	100.4	3.8	2.6523807999999995
105	rnapol	0.4	0.0	0.0
106	__protein1_rbs	7.0	0.0	0.0
106	__protein2_rbs	7.2	0.0	0.0
106	__protein3_rbs	1.8	0.0	0.0
106	__ribosome	35.2	0.0	0.0
106	__rnase_site_ext	13.4	0.0	0.0
106	p0	1.0	0.0	0.0
106	protein1	387.6	13.2	2.1094016
106	protein2	369.2	13.4	2.1050176
106	protein3	102.4	3.8	2.4809526
106	rnapol	0.4	0.0	0.0
107	__protein1_rbs	9.0	0.0	0.0
107	__protein2_rbs	8.2	0.0	0.0
107	__protein3_rbs	1.6	0.0	0.0
107	__ribosome	36.6	0.0	0.0
107	__rnase_site_ext	13.2	0.0	0.0
107	p0	0.8	0.0	0.0
107	protein1	392.8	13.4	2.0480962
107	protein2	375.2	13.4	2.064035
107	protein3	104.8	3.6	2.5904762000000003
107	rnapol	0.6	0.0	0.0
108	__protein1_rbs	7.0	0.0	0.0
108	__protein2_rbs	7.8	0.0	0.0
108	__protein3_rbs	2.0	0.0	0.0
108	__ribosome	35.4	0.0	0.0
108	__rnase_site_ext	13.4	0.0	0.0
108	p0	0.6	0.0	0.0
108	protein1	399.4	13.2	2.0848096000000003
108	protein2	379.6	13.6	2.1168262
108	protein3	106.4	3.8	2.4357142000000005
108	rnapol	0.6	0.0	0.0
109	__protein1_rbs	8.6	0.0	0.0
109	__protein2_rbs	7.4	0.0	0.0
109	__protein3_rbs	1.4	0.0	0.0
109	__ribosome	34.0	0.0	0.0
109	__rnase_site_ext	13.2	0.0	0.0
109	p0	1.0	0.0	0.0
109	protein1	404.4	13.4	2.0617604
109	protein2	385.4	14.0	2.1125504
109	protein3	108.4	3.8	2.4976192000000004
109	rnapol	0.6	0.0	0.0
110	__protein1_rbs	8.0	0.0	0.0
110	__protein2_rbs	8.2	0.0	0.0
110	__protein3_rbs	2.4	0.0	0.0
110	__ribosome	34.6	0.0	0.0
110	__rnase_site_ext	13.6	0.0	0.0
110	p0	0.4	0.0	0.0
110	protein1	409.4	13.2	2.1299922
110	protein2	391.2	14.0	2.1075286
110	protein3	110.2	3.8	2.3023808
110	rnapol	0.2	0.0	0.0
111	__protein1_rbs	6.8	0.0	0.0
111	__protein2_rbs	8.0	0.0	0.0
111	__protein3_rbs	2.4	0.0	0.0
111	__ribosome	34.6	0.0	0.0
111	__rnase_site_ext	13.6	0.0	0.0
111	p0	0.8	0.0	0.0
111	protein1	415.2	13.2	2.1342656000000004
111	protein2	397.4	14.2	2.0835896000000003
111	protein3	111.8	3.8	2.3023808
111	rnapol	0.4	0.0	0.0
112	__protein1_rbs	7.6	0.0	0.0
112	__protein2_rbs	8.2	0.0	0.0
112	__protein3_rbs	2.0	0.0	0.0
112	__ribosome	34.2	0.0	0.0
112	__rnase_site_ext	13.8	0.0	0.0
112	p0	0.8	0.0	0.0
112	protein1	421.8	13.8	2.030162
112	protein2	403.2	13.8	2.1314683999999997
112	protein3	113.6	3.8	2.4357142000000005
112	rnapol	0.4	0.0	0.0
113	__protein1_rbs	8.0	0.0	0.0
113	__protein2_rbs	8.8	0.0	0.0
113	__protein3_rbs	2.4	0.0	0.0
113	__ribosome	37.4	0.0	0.0
113	__rnase_site_ext	14.0	0.0	0.0
113	p0	0.6	0.0	0.0
113	protein1	427.6	13.8	1.9542509999999997
113	protein2	409.6	13.8	2.0448716
113	protein3	115.8	3.8	2.1285714
113	rnapol	0.6	0.0	0.0
114	__protein1_rbs	7.6	0.0	0.0
114	__protein2_rbs	7.4	0.0	0.0
114	__protein3_rbs	1.6	0.0	0.0
114	__ribosome	36.4	0.0	0.0
114	__rnase_site_ext	13.8	0.0	0.0
114	p0	1.0	0.0	0.0
114	protein1	432.6	13.8	2.0486504
114	protein2	416.2	13.6	2.0435898
114	protein3	117.6	3.6	2.3666666000000003
114	rnapol	0.6	0.0	0.0
115	__protein1_rbs	8.2	0.0	0.0
115	__protein2_rbs	7.6	0.0	0.0
115	__protein3_rbs	2.0	0.0	0.0
115	__ribosome	34.2	0.0	0.0
115	__rnase_site_ext	13.8	0.0	0.0
115	p0	0.8	0.0	0.0
115	protein1	438.2	13.8	2.0669858000000003
115	protein2	420.4	13.6	2.1675214
115	protein3	119.0	3.6	2.3999998
115	rnapol	0.4	0.0	0.0
116	__protein1_rbs	8.0	0.0	0.0
116	__protein2_rbs	7.4	0.0	0.0
116	__protein3_rbs	1.8	0.0	0.0
116	__ribosome	34.8	0.0	0.0
116	__rnase_site_ext	14.0	0.0	0.0
116	p0	0.8	0.0	0.0
116	protein1	444.2	14.0	2.0435616000000003
116	protein2	427.8	14.0	2.0359072
116	protein3	120.4	3.6	2.55
116	rnapol	0.6	0.0	0.0
117	__protein1_rbs	7.6	0.0	0.0
117	__protein2_rbs	7.8	0.0	0.0
117	__protein3_rbs	1.6	0.0	0.0
117	__ribosome	33.6	0.0	0.0
117	__rnase_site_ext	13.6	0.0	0.0
117	p0	0.8	0.0	0.0
117	protein1	449.6	13.8	2.0713312
117	protein2	433.8	14.2	2.0807016
117	protein3	122.4	4.0	2.3785714
117	rnapol	0.2	0.0	0.0
118	__protein1_rbs	7.2	0.0	0.0
118	__protein2_rbs	6.8	0.0	0.0
118	__protein3_rbs	2.6	0.0	0.0
118	__ribosome	32.6	0.0	0.0
118	__rnase_site_ext	13.6	0.0	0.0
118	p0	1.0	0.0	0.0
118	protein1	455.4	13.6	2.158247
118	protein2	438.6	14.2	2.2251877999999996
118	protein3	124.6	3.8	2.1166666000000003
118	rnapol	0.2	0.0	0.0
119	__protein1_rbs	8.0	0.0	0.0
119	__protein2_rbs	6.8	0.0	0.0
119	__protein3_rbs	1.6	0.0	0.0
119	__ribosome	31.8	0.0	0.0
119	__rnase_site_ext	13.4	0.0	0.0
119	p0	1.0	0.0	0.0
119	protein1	461.0	13.6	2.0995093999999996
119	protein2	444.4	14.4	2.2553016
119	protein3	126.4	3.8	2.1785714
119	rnapol	0.4	0.0	0.0
120	__protein1_rbs	7.4	0.0	0.0
120	__protein2_rbs	8.6	0.0	0.0
120	__protein3_rbs	2.2	0.0	0.0
120	__ribosome	34.0	0.0	0.0
120	__rnase_site_ext	13.4	0.0	0.0
120	p0	0.8	0.0	0.0
120	protein1	467.4	13.4	2.0766284
120	protein2	450.8	14.8	2.1051648
120	protein3	127.8	4.0	2.0738093999999996
120	rnapol	0.2	0.0	0.0
121	__protein1_rbs	9.2	0.0	0.0
121	__protein2_rbs	8.8	0.0	0.0
121	__protein3_rbs	3.2	0.0	0.0
121	__ribosome	35.4	0.0	0.0
121	__rnase_site_ext	13.4	0.0	0.0
121	p0	0.8	0.0	0.0
121	protein1	472.2	13.4	2.0089068
121	protein2	457.6	14.8	2.0547254
121	protein3	129.4	4.0	2.0119048
121	rnapol	0.0	0.0	0.0
122	__protein1_rbs	9.0	0.0	0.0
122	__protein2_rbs	8.2	0.0	0.0
122	__protein3_rbs	2.0	0.0	0.0
122	__ribosome	34.4	0.0	0.0
122	__rnase_site_ext	13.6	0.0	0.0
122	p0	1.0	0.0	0.0
122	protein1	478.0	13.6	1.9565486
122	protein2	463.4	15.0	2.1523807999999995
122	protein3	131.2	4.0	1.9190476000000003
122	rnapol	0.6	0.0	0.0
123	__protein1_rbs	6.0	0.0	0.0
123	__protein2_rbs	8.4	0.0	0.0
123	__protein3_rbs	1.8	0.0	0.0
123	__ribosome	33.4	0.0	0.0
123	__rnase_site_ext	13.4	0.0	0.0
123	p0	0.8	0.0	0.0
123	protein1	484.4	13.6	1.9865080000000002
123	protein2	470.6	15.4	2.041804
123	protein3	132.8	4.0	2.1285714
123	rnapol	0.6	0.0	0.0
124	__protein1_rbs	8.8	0.0	0.0
124	__protein2_rbs	10.0	0.0	0.0
124	__protein3_rbs	3.2	0.0	0.0
124	__ribosome	34.8	0.0	0.0
124	__rnase_site_ext	13.8	0.0	0.0
124	p0	0.6	0.0	0.0
124	protein1	489.2	13.6	2.044006
124	protein2	477.4	15.4	1.9694598
124	protein3	134.6	4.0	1.85
124	rnapol	0.8	0.0	0.0
125	__protein1_rbs	7.8	0.0	0.0
125	__protein2_rbs	9.8	0.0	0.0
125	__protein3_rbs	2.0	0.0	0.0
125	__ribosome	35.4	0.0	0.0
125	__rnase_site_ext	13.8	0.0	0.0
125	p0	1.0	0.0	0.0
125	protein1	496.0	13.6	1.9724554
125	protein2	482.6	15.4	2.0302562
125	protein3	136.8	4.0	1.7
125	rnapol	1.0	0.0	0.0
126	__protein1_rbs	7.6	0.0	0.0
126	__protein2_rbs	8.8	0.0	0.0
126	__protein3_rbs	2.2	0.0	0.0
126	__ribosome	32.8	0.0	0.0
126	__rnase_site_ext	13.8	0.0	0.0
126	p0	0.8	0.0	0.0
126	protein1	500.2	13.8	2.1652374
126	protein2	489.4	15.2	1.9942856
126	protein3	138.0	3.8	2.0333334
126	rnapol	0.6	0.0	0.0
127	__protein1_rbs	7.8	0.0	0.0
127	__protein2_rbs	8.8	0.0	0.0
127	__protein3_rbs	1.6	0.0	0.0
127	__ribosome	31.0	0.0	0.0
127	__rnase_site_ext	14.2	0.0	0.0
127	p0	0.6	0.0	0.0
127	protein1	504.2	13.8	2.2929597999999998
127	protein2	495.8	15.2	1.982857
127	protein3	139.6	3.8	2.13
127	rnapol	0.6	0.0	0.0
128	__protein1_rbs	8.2	0.0	0.0
128	__protein2_rbs	8.0	0.0	0.0
128	__protein3_rbs	2.4	0.0	0.0
128	__ribosome	34.2	0.0	0.0
128	__rnase_site_ext	14.6	0.0	0.0
128	p0	0.8	0.0	0.0
128	protein1	512.6	14.0	2.0228523999999997
128	protein2	502.8	15.2	1.9728572
128	protein3	141.2	3.8	2.2033334
128	rnapol	1.0	0.0	0.0
129	__protein1_rbs	9.2	0.0	0.0
129	__protein2_rbs	8.8	0.0	0.0
129	__protein3_rbs	2.0	0.0	0.0
129	__ribosome	33.8	0.0	0.0
129	__rnase_site_ext	14.4	0.0	0.0
129	p0	0.8	0.0	0.0
129	protein1	518.0	14.4	1.9230826
129	protein2	509.2	15.2	1.9586466
129	protein3	142.0	3.8	2.4933334
129	rnapol	0.8	0.0	0.0
130	__protein1_rbs	7.6	0.0	0.0
130	__protein2_rbs	9.0	0.0	0.0
130	__protein3_rbs	1.4	0.0	0.0
130	__ribosome	31.4	0.0	0.0
130	__rnase_site_ext	14.6	0.0	0.0
130	p0	1.0	0.0	0.0
130	protein1	524.8	14.6	1.9190476000000003
130	protein2	514.2	15.0	2.1450007999999996
130	protein3	144.4	3.8	2.4033333999999997
130	rnapol	1.2	0.0	0.0
131	__protein1_rbs	8.6	0.0	0.0
131	__protein2_rbs	8.4	0.0	0.0
131	__protein3_rbs	3.2	0.0	0.0
131	__ribosome	32.0	0.0	0.0
131	__rnase_site_ext	15.0	0.0	0.0
131	p0	0.4	0.0	0.0
131	protein1	530.2	14.6	1.9874358
131	protein2	520.4	14.6	2.1706824
131	protein3	146.2	3.8	2.1166666000000003
131	rnapol	0.8	0.0	0.0
132	__protein1_rbs	8.2	0.0	0.0
132	__protein2_rbs	9.8	0.0	0.0
132	__protein3_rbs	1.8	0.0	0.0
132	__ribosome	32.4	0.0	0.0
132	__rnase_site_ext	15.4	0.0	0.0
132	p0	1.0	0.0	0.0
132	protein1	535.4	15.0	2.0528664
132	protein2	528.0	14.4	2.0401388000000003
132	protein3	148.4	4.0	2.0233331999999997
132	rnapol	0.4	0.0	0.0
133	__protein1_rbs	9.0	0.0	0.0
133	__protein2_rbs	8.0	0.0	0.0
133	__protein3_rbs	1.8	0.0	0.0
133	__ribosome	30.2	0.0	0.0
133	__rnase_site_ext	15.2	0.0	0.0
133	p0	1.0	0.0	0.0
133	protein1	541.0	15.2	2.0508976000000003
133	protein2	533.8	14.4	2.1165990000000003
133	protein3	149.8	4.0	2.2466666
133	rnapol	0.4	0.0	0.0
134	__protein1_rbs	8.8	0.0	0.0
134	__protein2_rbs	9.6	0.0	0.0
134	__protein3_rbs	1.6	0.0	0.0
134	__ribosome	30.0	0.0	0.0
134	__rnase_site_ext	15.2	0.0	0.0
134	p0	0.8	0.0	0.0
134	protein1	547.0	15.2	2.109194
134	protein2	541.0	14.8	1.9942858
134	protein3	151.4	4.0	2.4166668
134	rnapol	0.2	0.0	0.0
135	__protein1_rbs	8.6	0.0	0.0
135	__protein2_rbs	9.8	0.0	0.0
135	__protein3_rbs	3.0	0.0	0.0
135	__ribosome	31.4	0.0	0.0
135	__rnase_site_ext	15.6	0.0	0.0
135	p0	0.8	0.0	0.0
135	protein1	554.0	15.2	2.1139064000000003
135	protein2	546.6	15.2	1.9556776000000002
135	protein3	153.4	4.0	2.07
135	rnapol	0.2	0.0	0.0
136	__protein1_rbs	8.4	0.0	0.0
136	__protein2_rbs	8.6	0.0	0.0
136	__protein3_rbs	2.0	0.0	0.0
136	__ribosome	29.4	0.0	0.0
136	__rnase_site_ext	15.4	0.0	0.0
136	p0	1.0	0.0	0.0
136	protein1	559.2	15.6	2.1333633999999995
136	protein2	553.2	15.4	1.9509158
136	protein3	155.8	4.0	2.0966668000000004
136	rnapol	0.2	0.0	0.0
137	__protein1_rbs	9.0	0.0	0.0
137	__protein2_rbs	8.4	0.0	0.0
137	__protein3_rbs	3.4	0.0	0.0
137	__ribosome	29.6	0.0	0.0
137	__rnase_site_ext	15.4	0.0	0.0
137	p0	1.0	0.0	0.0
137	protein1	566.2	15.6	2.1044494
137	protein2	559.2	15.6	1.9891574
137	protein3	157.0	4.2	1.93
137	rnapol	0.2	0.0	0.0
138	__protein1_rbs	9.2	0.0	0.0
138	__protein2_rbs	9.0	0.0	0.0
138	__protein3_rbs	2.8	0.0	0.0
138	__ribosome	31.6	0.0	0.0
138	__rnase_site_ext	15.4	0.0	0.0
138	p0	0.8	0.0	0.0
138	protein1	573.4	15.4	2.0417712000000003
138	protein2	565.8	15.6	1.9022728
138	protein3	159.0	4.4	1.8666666
138	rnapol	0.4	0.0	0.0
139	__protein1_rbs	9.2	0.0	0.0
139	__protein2_rbs	8.6	0.0	0.0
139	__protein3_rbs	2.8	0.0	0.0
139	__ribosome	31.8	0.0	0.0
139	__rnase_site_ext	15.6	0.0	0.0
139	p0	0.8	0.0	0.0
139	protein1	580.2	15.4	2.036393
139	protein2	571.6	15.6	1.9271978
139	protein3	161.2	4.4	1.7
139	rnapol	0.2	0.0	0.0
140	__protein1_rbs	9.4	0.0	0.0
140	__protein2_rbs	11.2	0.0	0.0
140	__protein3_rbs	2.4	0.0	0.0
140	__ribosome	31.0	0.0	0.0
140	__rnase_site_ext	15.4	0.0	0.0
140	p0	1.0	0.0	0.0
140	protein1	586.2	15.6	2.0396959999999997
140	protein2	576.8	16.2	1.8315202000000002
140	protein3	162.6	4.4	1.7333333999999998
140	rnapol	0.4	0.0	0.0
141	__protein1_rbs	9.0	0.0	0.0
141	__protein2_rbs	9.6	0.0	0.0
141	__protein3_rbs	2.4	0.0	0.0
141	__ribosome	31.4	0.0	0.0
141	__rnase_site_ext	15.4	0.0	0.0
141	p0	1.0	0.0	0.0
141	protein1	594.0	15.4	2.0394048
141	protein2	583.6	16.0	1.8660889999999999
141	protein3	164.2	4.4	1.9833336000000004
141	rnapol	0.8	0.0	0.0
142	__protein1_rbs	10.6	0.0	0.0
142	__protein2_rbs	10.6	0.0	0.0
142	__protein3_rbs	3.0	0.0	0.0
142	__ribosome	31.6	0.0	0.0
142	__rnase_site_ext	15.4	0.0	0.0
142	p0	1.0	0.0	0.0
142	protein1	599.6	15.4	2.0090476
142	protein2	589.4	15.8	1.886956
142	protein3	166.2	4.6	1.8714288000000001
142	rnapol	0.8	0.0	0.0
143	__protein1_rbs	9.2	0.0	0.0
143	__protein2_rbs	9.2	0.0	0.0
143	__protein3_rbs	2.2	0.0	0.0
143	__ribosome	31.2	0.0	0.0
143	__rnase_site_ext	15.2	0.0	0.0
143	p0	0.8	0.0	0.0
143	protein1	607.4	15.4	1.9325000000000003
143	protein2	596.2	16.0	1.9135072
143	protein3	167.8	4.4	2.1619046
143	rnapol	1.4	0.0	0.0
144	__protein1_rbs	8.8	0.0	0.0
144	__protein2_rbs	10.4	0.0	0.0
144	__protein3_rbs	2.8	0.0	0.0
144	__ribosome	30.6	0.0	0.0
144	__rnase_site_ext	15.6	0.0	0.0
144	p0	1.0	0.0	0.0
144	protein1	613.4	15.2	2.0090476
144	protein2	602.4	16.2	1.8395602
144	protein3	169.4	4.6	2.2238094
144	rnapol	1.2	0.0	0.0
145	__protein1_rbs	9.8	0.0	0.0
145	__protein2_rbs	8.8	0.0	0.0
145	__protein3_rbs	2.6	0.0	0.0
145	__ribosome	30.8	0.0	0.0
145	__rnase_site_ext	16.0	0.0	0.0
145	p0	0.6	0.0	0.0
145	protein1	620.2	15.6	1.8410174
145	protein2	608.2	16.2	1.9179058
145	protein3	171.8	4.2	2.4999998000000003
145	rnapol	0.6	0.0	0.0
146	__protein1_rbs	10.6	0.0	0.0
146	__protein2_rbs	10.2	0.0	0.0
146	__protein3_rbs	2.2	0.0	0.0
146	__ribosome	30.0	0.0	0.0
146	__rnase_site_ext	16.6	0.0	0.0
146	p0	0.6	0.0	0.0
146	protein1	626.2	16.0	1.8184848
146	protein2	614.2	16.4	1.874079
146	protein3	173.2	4.0	2.5766666000000003
146	rnapol	0.4	0.0	0.0
147	__protein1_rbs	9.2	0.0	0.0
147	__protein2_rbs	9.6	0.0	0.0
147	__protein3_rbs	2.8	0.0	0.0
147	__ribosome	29.6	0.0	0.0
147	__rnase_site_ext	16.4	0.0	0.0
147	p0	0.8	0.0	0.0
147	protein1	632.0	16.2	1.9291666
147	protein2	621.6	16.6	1.8402312000000005
147	protein3	175.8	4.2	2.5442857999999995
147	rnapol	0.2	0.0	0.0
148	__protein1_rbs	9.8	0.0	0.0
148	__protein2_rbs	10.4	0.0	0.0
148	__protein3_rbs	3.6	0.0	0.0
148	__ribosome	30.6	0.0	0.0
148	__rnase_site_ext	16.6	0.0	0.0
148	p0	1.0	0.0	0.0
148	protein1	638.8	16.4	1.8632002
148	protein2	627.4	16.4	1.8842086
148	protein3	177.6	4.2	2.3666666000000003
148	rnapol	0.2	0.0	0.0
149	__protein1_rbs	10.0	0.0	0.0
149	__protein2_rbs	9.8	0.0	0.0
149	__protein3_rbs	2.4	0.0	0.0
149	__ribosome	31.0	0.0	0.0
149	__rnase_site_ext	16.4	0.0	0.0
149	p0	1.0	0.0	0.0
149	protein1	644.8	16.4	1.9173810000000002
149	protein2	634.0	16.2	1.9063866000000003
149	protein3	180.4	4.4	1.9809523999999998
149	rnapol	0.8	0.0	0.0
150	__protein1_rbs	8.8	0.0	0.0
150	__protein2_rbs	11.4	0.0	0.0
150	__protein3_rbs	2.8	0.0	0.0
150	__ribosome	33.8	0.0	0.0
150	__rnase_site_ext	16.4	0.0	0.0
150	p0	0.8	0.0	0.0
150	protein1	652.2	16.4	1.9421826
150	protein2	641.6	16.2	1.7305602
150	protein3	182.6	4.4	1.5595238
150	rnapol	0.6	0.0	0.0
151	__protein1_rbs	10.0	0.0	0.0
151	__protein2_rbs	9.6	0.0	0.0
151	__protein3_rbs	2.4	0.0	0.0
151	__ribosome	30.4	0.0	0.0
151	__rnase_site_ext	16.6	0.0	0.0
151	p0	0.6	0.0	0.0
151	protein1	657.4	16.4	2.0307540000000004
151	protein2	646.4	16.0	1.8789916
151	protein3	184.0	4.4	1.6095238000000005
151	rnapol	0.6	0.0	0.0
152	__protein1_rbs	9.4	0.0	0.0
152	__protein2_rbs	9.6	0.0	0.0
152	__protein3_rbs	1.6	0.0	0.0
152	__ribosome	31.0	0.0	0.0
152	__rnase_site_ext	17.2	0.0	0.0
152	p0	0.2	0.0	0.0
152	protein1	664.8	16.4	2.0212122
152	protein2	654.2	16.2	1.7810298
152	protein3	185.6	4.4	1.6452379999999998
152	rnapol	0.0	0.0	0.0
153	__protein1_rbs	10.8	0.0	0.0
153	__protein2_rbs	11.0	0.0	0.0
153	__protein3_rbs	2.6	0.0	0.0
153	__ribosome	29.2	0.0	0.0
153	__rnase_site_ext	17.2	0.0	0.0
153	p0	1.0	0.0	0.0
153	protein1	670.2	16.8	2.0303398
153	protein2	659.4	16.6	1.7301589999999998
153	protein3	186.2	4.4	1.6357142
153	rnapol	0.4	0.0	0.0
154	__protein1_rbs	10.8	0.0	0.0
154	__protein2_rbs	9.8	0.0	0.0
154	__protein3_rbs	3.0	0.0	0.0
154	__ribosome	30.6	0.0	0.0
154	__rnase_site_ext	17.2	0.0	0.0
154	p0	0.6	0.0	0.0
154	protein1	677.8	17.6	1.8868424
154	protein2	666.6	16.6	1.7299140000000002
154	protein3	188.2	4.4	1.4738094
154	rnapol	0.2	0.0	0.0
155	__protein1_rbs	10.6	0.0	0.0
155	__protein2_rbs	9.8	0.0	0.0
155	__protein3_rbs	2.2	0.0	0.0
155	__ribosome	28.2	0.0	0.0
155	__rnase_site_ext	17.4	0.0	0.0
155	p0	1.0	0.0	0.0
155	protein1	685.6	17.2	1.8712974
155	protein2	671.0	17.0	1.8697650000000001
155	protein3	189.6	4.4	1.8142858
155	rnapol	0.2	0.0	0.0
156	__protein1_rbs	11.2	0.0	0.0
156	__protein2_rbs	10.4	0.0	0.0
156	__protein3_rbs	2.6	0.0	0.0
156	__ribosome	28.0	0.0	0.0
156	__rnase_site_ext	17.6	0.0	0.0
156	p0	1.0	0.0	0.0
156	protein1	691.6	17.4	1.8760988
156	protein2	676.6	17.2	1.8838194
156	protein3	192.0	4.2	inf
156	rnapol	0.0	0.0	0.0
157	__protein1_rbs	10.6	0.0	0.0
157	__protein2_rbs	11.4	0.0	0.0
157	__protein3_rbs	2.4	0.0	0.0
157	__ribosome	28.0	0.0	0.0
157	__rnase_site_ext	17.2	0.0	0.0
157	p0	1.0	0.0	0.0
157	protein1	699.4	17.6	1.8511836
157	protein2	683.4	17.2	1.8764032
157	protein3	193.8	4.2	inf
157	rnapol	0.2	0.0	0.0
158	__protein1_rbs	12.0	0.0	0.0
158	__protein2_rbs	9.6	0.0	0.0
158	__protein3_rbs	2.6	0.0	0.0
158	__ribosome	28.4	0.0	0.0
158	__rnase_site_ext	17.0	0.0	0.0
158	p0	1.0	0.0	0.0
158	protein1	706.0	17.4	1.8189614
158	protein2	689.8	17.0	1.9285088
158	protein3	195.2	4.2	inf
158	rnapol	0.4	0.0	0.0
159	__protein1_rbs	9.0	0.0	0.0
159	__protein2_rbs	11.2	0.0	0.0
159	__protein3_rbs	2.8	0.0	0.0
159	__ribosome	28.2	0.0	0.0
159	__rnase_site_ext	16.8	0.0	0.0
159	p0	0.6	0.0	0.0
159	protein1	712.6	17.0	1.9918428
159	protein2	696.8	17.2	1.8697082000000005
159	protein3	197.2	4.2	1.4119047999999998
159	rnapol	0.4	0.0	0.0
160	__protein1_rbs	11.6	0.0	0.0
160	__protein2_rbs	10.8	0.0	0.0
160	__protein3_rbs	2.6	0.0	0.0
160	__ribosome	30.8	0.0	0.0
160	__rnase_site_ext	17.2	0.0	0.0
160	p0	1.0	0.0	0.0
160	protein1	720.2	16.8	1.841187
160	protein2	704.0	17.6	1.8436458
160	protein3	199.2	4.2	1.3785713999999998
160	rnapol	1.0	0.0	0.0
161	__protein1_rbs	11.8	0.0	0.0
161	__protein2_rbs	12.8	0.0	0.0
161	__protein3_rbs	2.8	0.0	0.0
161	__ribosome	30.2	0.0	0.0
161	__rnase_site_ext	17.4	0.0	0.0
161	p0	0.8	0.0	0.0
161	protein1	726.2	17.2	1.8438888
161	protein2	711.2	18.4	1.7434678
161	protein3	200.8	4.4	1.3666665999999998
161	rnapol	0.4	0.0	0.0
162	__protein1_rbs	11.0	0.0	0.0
162	__protein2_rbs	10.6	0.0	0.0
162	__protein3_rbs	3.0	0.0	0.0
162	__ribosome	27.4	0.0	0.0
162	__rnase_site_ext	17.4	0.0	0.0
162	p0	1.0	0.0	0.0
162	protein1	733.2	17.8	1.7964910000000005
162	protein2	716.8	18.6	1.8582916
162	protein3	202.0	4.4	1.4785714
162	rnapol	0.4	0.0	0.0
163	__protein1_rbs	9.8	0.0	0.0
163	__protein2_rbs	10.4	0.0	0.0
163	__protein3_rbs	3.6	0.0	0.0
163	__ribosome	25.8	0.0	0.0
163	__rnase_site_ext	17.2	0.0	0.0
163	p0	1.0	0.0	0.0
163	protein1	739.0	17.4	1.894035
163	protein2	724.0	18.6	1.9181641999999999
163	protein3	204.2	4.6	1.2033334
163	rnapol	0.6	0.0	0.0
164	__protein1_rbs	11.4	0.0	0.0
164	__protein2_rbs	13.2	0.0	0.0
164	__protein3_rbs	2.4	0.0	0.0
164	__ribosome	28.2	0.0	0.0
164	__rnase_site_ext	17.6	0.0	0.0
164	p0	0.6	0.0	0.0
164	protein1	747.0	17.4	1.7901254000000002
164	protein2	731.2	18.6	1.8446682000000003
164	protein3	205.6	4.6	1.5414286
164	rnapol	0.2	0.0	0.0
165	__protein1_rbs	10.2	0.0	0.0
165	__protein2_rbs	11.0	0.0	0.0
165	__protein3_rbs	3.0	0.0	0.0
165	__ribosome	27.6	0.0	0.0
165	__rnase_site_ext	17.6	0.0	0.0
165	p0	1.0	0.0	0.0
165	protein1	753.2	17.4	1.8015666000000001
165	protein2	738.8	18.4	1.8754588
165	protein3	207.4	4.6	1.6514285999999998
165	rnapol	0.8	0.0	0.0
166	__protein1_rbs	12.0	0.0	0.0
166	__protein2_rbs	11.4	0.0	0.0
166	__protein3_rbs	3.0	0.0	0.0
166	__ribosome	27.4	0.0	0.0
166	__rnase_site_ext	17.8	0.0	0.0
166	p0	0.4	0.0	0.0
166	protein1	759.2	17.6	1.777143
166	protein2	746.6	18.2	1.8893944
166	protein3	208.6	4.6	1.7309523999999998
166	rnapol	0.4	0.0	0.0
167	__protein1_rbs	10.0	0.0	0.0
167	__protein2_rbs	10.6	0.0	0.0
167	__protein3_rbs	3.2	0.0	0.0
167	__ribosome	26.6	0.0	0.0
167	__rnase_site_ext	18.4	0.0	0.0
167	p0	0.8	0.0	0.0
167	protein1	765.4	17.6	1.8753206
167	protein2	753.8	18.2	1.8796363999999999
167	protein3	210.4	4.6	1.6728572
167	rnapol	0.4	0.0	0.0
168	__protein1_rbs	11.0	0.0	0.0
168	__protein2_rbs	10.2	0.0	0.0
168	__protein3_rbs	3.2	0.0	0.0
168	__ribosome	27.6	0.0	0.0
168	__rnase_site_ext	18.0	0.0	0.0
168	p0	1.0	0.0	0.0
168	protein1	773.6	18.2	1.7513724000000004
168	protein2	762.2	18.4	1.8402964
168	protein3	211.4	4.8	1.6819048
168	rnapol	0.6	0.0	0.0
169	__protein1_rbs	10.4	0.0	0.0
169	__protein2_rbs	11.2	0.0	0.0
169	__protein3_rbs	3.4	0.0	0.0
169	__ribosome	24.8	0.0	0.0
169	__rnase_site_ext	18.0	0.0	0.0
169	p0	0.8	0.0	0.0
169	protein1	778.8	18.0	1.8786234
169	protein2	768.2	18.4	1.925271
169	protein3	213.4	4.6	1.8542858
169	rnapol	0.6	0.0	0.0
170	__protein1_rbs	13.4	0.0	0.0
170	__protein2_rbs	10.0	0.0	0.0
170	__protein3_rbs	3.2	0.0	0.0
170	__ribosome	27.0	0.0	0.0
170	__rnase_site_ext	18.0	0.0	0.0
170	p0	1.0	0.0	0.0
170	protein1	785.8	18.0	1.8257506000000001
170	protein2	776.6	18.4	1.9024736
170	protein3	215.4	4.8	1.5166666000000002
170	rnapol	0.4	0.0	0.0
171	__protein1_rbs	10.4	0.0	0.0
171	__protein2_rbs	11.8	0.0	0.0
171	__protein3_rbs	2.8	0.0	0.0
171	__ribosome	24.0	0.0	0.0
171	__rnase_site_ext	18.0	0.0	0.0
171	p0	1.0	0.0	0.0
171	protein1	792.2	18.0	1.9225456000000003
171	protein2	783.4	18.6	1.879
171	protein3	216.6	5.0	1.7257142
171	rnapol	0.4	0.0	0.0
172	__protein1_rbs	11.8	0.0	0.0
172	__protein2_rbs	12.0	0.0	0.0
172	__protein3_rbs	3.2	0.0	0.0
172	__ribosome	24.2	0.0	0.0
172	__rnase_site_ext	18.0	0.0	0.0
172	p0	1.0	0.0	0.0
172	protein1	799.6	18.0	1.8904782000000004
172	protein2	790.6	18.4	1.8875
172	protein3	217.8	4.8	1.932857
172	rnapol	0.4	0.0	0.0
173	__protein1_rbs	12.4	0.0	0.0
173	__protein2_rbs	11.6	0.0	0.0
173	__protein3_rbs	3.4	0.0	0.0
173	__ribosome	25.2	0.0	0.0
173	__rnase_site_ext	18.0	0.0	0.0
173	p0	0.6	0.0	0.0
173	protein1	807.0	18.0	1.8007114000000002
173	protein2	797.6	18.6	1.8917058
173	protein3	219.8	4.8	1.7214286
173	rnapol	0.6	0.0	0.0
174	__protein1_rbs	11.8	0.0	0.0
174	__protein2_rbs	11.4	0.0	0.0
174	__protein3_rbs	2.8	0.0	0.0
174	__ribosome	27.6	0.0	0.0
174	__rnase_site_ext	17.8	0.0	0.0
174	p0	1.0	0.0	0.0
174	protein1	814.0	17.8	1.8034442
174	protein2	807.0	18.8	1.7233823999999998
174	protein3	221.2	4.8	1.67
174	rnapol	0.6	0.0	0.0
175	__protein1_rbs	10.8	0.0	0.0
175	__protein2_rbs	12.2	0.0	0.0
175	__protein3_rbs	3.6	0.0	0.0
175	__ribosome	29.0	0.0	0.0
175	__rnase_site_ext	18.0	0.0	0.0
175	p0	0.6	0.0	0.0
175	protein1	821.6	18.0	1.7810404000000002
175	protein2	813.6	19.2	1.7106386000000002
175	protein3	223.2	4.8	1.3728572
175	rnapol	0.2	0.0	0.0
176	__protein1_rbs	11.4	0.0	0.0
176	__protein2_rbs	12.6	0.0	0.0
176	__protein3_rbs	2.0	0.0	0.0
176	__ribosome	29.6	0.0	0.0
176	__rnase_site_ext	18.0	0.0	0.0
176	p0	1.0	0.0	0.0
176	protein1	829.0	17.6	1.7583334000000002
176	protein2	821.2	19.2	1.6894552
176	protein3	225.2	5.0	1.5619048
176	rnapol	0.6	0.0	0.0
177	__protein1_rbs	11.6	0.0	0.0
177	__protein2_rbs	12.8	0.0	0.0
177	__protein3_rbs	3.0	0.0	0.0
177	__ribosome	29.8	0.0	0.0
177	__rnase_site_ext	18.2	0.0	0.0
177	p0	0.8	0.0	0.0
177	protein1	835.6	18.0	1.7060144000000002
177	protein2	828.2	19.4	1.6649999999999998
177	protein3	227.0	5.0	1.5738094
177	rnapol	0.4	0.0	0.0
178	__protein1_rbs	11.4	0.0	0.0
178	__protein2_rbs	11.2	0.0	0.0
178	__protein3_rbs	3.8	0.0	0.0
178	__ribosome	24.2	0.0	0.0
178	__rnase_site_ext	18.0	0.0	0.0
178	p0	1.0	0.0	0.0
178	protein1	841.2	18.2	1.7669708
178	protein2	833.4	19.4	1.8856336
178	protein3	228.4	5.0	1.4904761999999998
178	rnapol	0.4	0.0	0.0
179	__protein1_rbs	11.4	0.0	0.0
179	__protein2_rbs	14.6	0.0	0.0
179	__protein3_rbs	3.8	0.0	0.0
179	__ribosome	27.2	0.0	0.0
179	__rnase_site_ext	17.8	0.0	0.0
179	p0	1.0	0.0	0.0
179	protein1	848.4	18.0	1.7978901999999999
179	protein2	841.2	19.4	1.7494704
179	protein3	230.6	5.2	1.5428571999999998
179	rnapol	0.4	0.0	0.0
180	__protein1_rbs	11.4	0.0	0.0
180	__protein2_rbs	12.8	0.0	0.0
180	__protein3_rbs	3.0	0.0	0.0
180	__ribosome	26.4	0.0	0.0
180	__rnase_site_ext	17.8	0.0	0.0
180	p0	1.0	0.0	0.0
180	protein1	855.8	17.8	1.816469
180	protein2	847.4	19.2	1.7575543999999999
180	protein3	232.0	5.2	1.6916666
180	rnapol	0.8	0.0	0.0
181	__protein1_rbs	12.0	0.0	0.0
181	__protein2_rbs	12.2	0.0	0.0
181	__protein3_rbs	3.0	0.0	0.0
181	__ribosome	28.2	0.0	0.0
181	__rnase_site_ext	17.2	0.0	0.0
181	p0	0.4	0.0	0.0
181	protein1	862.0	17.8	1.8615678
181	protein2	855.8	19.2	1.7014706000000002
181	protein3	234.4	5.2	1.5571428
181	rnapol	0.2	0.0	0.0
182	__protein1_rbs	9.8	0.0	0.0
182	__protein2_rbs	12.6	0.0	0.0
182	__protein3_rbs	3.4	0.0	0.0
182	__ribosome	26.4	0.0	0.0
182	__rnase_site_ext	17.2	0.0	0.0
182	p0	0.8	0.0	0.0
182	protein1	868.4	17.4	1.9426366
182	protein2	863.4	19.6	1.6768446
182	protein3	235.8	5.4	1.7833333999999998
182	rnapol	0.2	0.0	0.0
183	__protein1_rbs	10.0	0.0	0.0
183	__protein2_rbs	13.8	0.0	0.0
183	__protein3_rbs	3.2	0.0	0.0
183	__ribosome	25.6	0.0	0.0
183	__rnase_site_ext	17.4	0.0	0.0
183	p0	1.0	0.0	0.0
183	protein1	875.0	17.2	1.9803798
183	protein2	870.4	19.4	1.6897528000000002
183	protein3	237.4	5.8	1.8
183	rnapol	0.8	0.0	0.0
184	__protein1_rbs	12.4	0.0	0.0
184	__protein2_rbs	13.0	0.0	0.0
184	__protein3_rbs	3.2	0.0	0.0
184	__ribosome	26.4	0.0	0.0
184	__rnase_site_ext	17.6	0.0	0.0
184	p0	0.8	0.0	0.0
184	protein1	883.8	17.4	1.7107058000000002
184	protein2	876.0	19.2	1.8068070000000005
184	protein3	239.2	6.0	1.65
184	rnapol	0.8	0.0	0.0
185	__protein1_rbs	11.4	0.0	0.0
185	__protein2_rbs	11.6	0.0	0.0
185	__protein3_rbs	3.4	0.0	0.0
185	__ribosome	25.2	0.0	0.0
185	__rnase_site_ext	17.8	0.0	0.0
185	p0	0.6	0.0	0.0
185	protein1	890.4	17.6	1.7256817999999998
185	protein2	884.0	19.2	1.8124246
185	protein3	241.4	6.0	1.75
185	rnapol	0.2	0.0	0.0
186	__protein1_rbs	12.4	0.0	0.0
186	__protein2_rbs	13.2	0.0	0.0
186	__protein3_rbs	3.2	0.0	0.0
186	__ribosome	25.0	0.0	0.0
186	__rnase_site_ext	17.6	0.0	0.0
186	p0	1.0	0.0	0.0
186	protein1	897.2	18.0	1.6438768
186	protein2	891.0	19.4	1.7752462000000002
186	protein3	242.8	5.8	1.975
186	rnapol	0.6	0.0	0.0
187	__protein1_rbs	12.4	0.0	0.0
187	__protein2_rbs	12.0	0.0	0.0
187	__protein3_rbs	4.2	0.0	0.0
187	__ribosome	26.8	0.0	0.0
187	__rnase_site_ext	17.2	0.0	0.0
187	p0	0.8	0.0	0.0
187	protein1	903.6	17.8	1.620062
187	protein2	898.2	19.4	1.8086292000000002
187	protein3	245.6	5.8	1.8944444
187	rnapol	0.6	0.0	0.0
188	__protein1_rbs	11.0	0.0	0.0
188	__protein2_rbs	12.8	0.0	0.0
188	__protein3_rbs	4.0	0.0	0.0
188	__ribosome	27.6	0.0	0.0
188	__rnase_site_ext	17.2	0.0	0.0
188	p0	0.8	0.0	0.0
188	protein1	910.6	17.2	1.683386
188	protein2	905.0	19.2	1.7832486
188	protein3	247.4	5.6	1.8666666
188	rnapol	0.8	0.0	0.0
189	__protein1_rbs	11.4	0.0	0.0
189	__protein2_rbs	12.0	0.0	0.0
189	__protein3_rbs	3.4	0.0	0.0
189	__ribosome	28.2	0.0	0.0
189	__rnase_site_ext	17.6	0.0	0.0
189	p0	1.0	0.0	0.0
189	protein1	916.6	17.2	1.7200408000000005
189	protein2	913.6	19.2	1.7143121999999995
189	protein3	250.2	5.8	1.7166666000000002
189	rnapol	1.0	0.0	0.0
190	__protein1_rbs	11.6	0.0	0.0
190	__protein2_rbs	12.4	0.0	0.0
190	__protein3_rbs	3.6	0.0	0.0
190	__ribosome	28.6	0.0	0.0
190	__rnase_site_ext	17.8	0.0	0.0
190	p0	0.4	0.0	0.0
190	protein1	922.8	17.6	1.7404061999999998
190	protein2	922.0	19.0	1.7227258000000003
190	protein3	253.0	5.8	1.6583332
190	rnapol	0.6	0.0	0.0
191	__protein1_rbs	13.4	0.0	0.0
191	__protein2_rbs	11.4	0.0	0.0
191	__protein3_rbs	3.6	0.0	0.0
191	__ribosome	26.6	0.0	0.0
191	__rnase_site_ext	18.2	0.0	0.0
191	p0	0.8	0.0	0.0
191	protein1	928.8	17.8	1.7058904
191	protein2	927.0	19.0	1.8573718000000001
191	protein3	255.4	5.8	1.6166665999999998
191	rnapol	0.4	0.0	0.0
192	__protein1_rbs	11.0	0.0	0.0
192	__protein2_rbs	11.2	0.0	0.0
192	__protein3_rbs	3.6	0.0	0.0
192	__ribosome	25.8	0.0	0.0
192	__rnase_site_ext	18.6	0.0	0.0
192	p0	0.6	0.0	0.0
192	protein1	935.4	18.0	1.7330952000000004
192	protein2	935.2	18.8	1.8355061999999998
192	protein3	257.0	5.8	1.7583334000000002
192	rnapol	0.0	0.0	0.0
193	__protein1_rbs	12.8	0.0	0.0
193	__protein2_rbs	12.6	0.0	0.0
193	__protein3_rbs	3.2	0.0	0.0
193	__ribosome	26.2	0.0	0.0
193	__rnase_site_ext	17.8	0.0	0.0
193	p0	1.0	0.0	0.0
193	protein1	942.8	18.2	1.6347619999999998
193	protein2	941.4	19.2	1.8077394
193	protein3	259.0	5.8	1.95
193	rnapol	0.0	0.0	0.0
194	__protein1_rbs	12.0	0.0	0.0
194	__protein2_rbs	13.4	0.0	0.0
194	__protein3_rbs	4.2	0.0	0.0
194	__ribosome	29.0	0.0	0.0
194	__rnase_site_ext	17.6	0.0	0.0
194	p0	0.8	0.0	0.0
194	protein1	948.6	18.0	1.6908696
194	protein2	949.8	19.4	1.6695773999999997
194	protein3	261.4	5.8	1.7416665999999998
194	rnapol	0.0	0.0	0.0
195	__protein1_rbs	11.0	0.0	0.0
195	__protein2_rbs	11.6	0.0	0.0
195	__protein3_rbs	3.4	0.0	0.0
195	__ribosome	26.2	0.0	0.0
195	__rnase_site_ext	17.6	0.0	0.0
195	p0	1.0	0.0	0.0
195	protein1	956.6	17.6	1.7431168000000001
195	protein2	955.6	19.4	1.807286
195	protein3	263.8	5.8	1.7583334000000002
195	rnapol	0.4	0.0	0.0
196	__protein1_rbs	10.2	0.0	0.0
196	__protein2_rbs	10.8	0.0	0.0
196	__protein3_rbs	4.0	0.0	0.0
196	__ribosome	25.0	0.0	0.0
196	__rnase_site_ext	17.6	0.0	0.0
196	p0	0.6	0.0	0.0
196	protein1	962.0	17.6	1.8534732000000005
196	protein2	963.8	19.2	1.8098863999999997
196	protein3	266.4	6.0	1.5638887999999995
196	rnapol	0.2	0.0	0.0
197	__protein1_rbs	11.2	0.0	0.0
197	__protein2_rbs	11.0	0.0	0.0
197	__protein3_rbs	3.8	0.0	0.0
197	__ribosome	25.2	0.0	0.0
197	__rnase_site_ext	17.6	0.0	0.0
197	p0	0.8	0.0	0.0
197	protein1	968.2	17.6	1.8102704000000005
197	protein2	971.2	18.8	1.8395631999999997
197	protein3	268.6	5.8	1.7111112000000002
197	rnapol	0.2	0.0	0.0
198	__protein1_rbs	12.2	0.0	0.0
198	__protein2_rbs	12.0	0.0	0.0
198	__protein3_rbs	3.8	0.0	0.0
198	__ribosome	26.6	0.0	0.0
198	__rnase_site_ext	17.6	0.0	0.0
198	p0	0.8	0.0	0.0
198	protein1	975.2	17.6	1.7453376000000005
198	protein2	978.0	19.4	1.7595266000000005
198	protein3	270.4	5.4	1.825
198	rnapol	0.0	0.0	0.0
199	__protein1_rbs	12.6	0.0	0.0
199	__protein2_rbs	12.0	0.0	0.0
199	__protein3_rbs	3.6	0.0	0.0
199	__ribosome	25.4	0.0	0.0
199	__rnase_site_ext	17.4	0.0	0.0
199	p0	0.8	0.0	0.0
199	protein1	981.8	17.4	1.7603520000000001
199	protein2	985.4	20.0	1.7709971999999998
199	protein3	272.4	5.4	1.8071428
199	rnapol	0.4	0.0	0.0
200	__protein1_rbs	11.0	0.0	0.0
200	__protein2_rbs	11.0	0.0	0.0
200	__protein3_rbs	3.8	0.0	0.0
200	__ribosome	23.2	0.0	0.0
200	__rnase_site_ext	17.8	0.0	0.0
200	p0	0.8	0.0	0.0
200	protein1	988.8	17.4	1.7689681999999998
200	protein2	991.6	19.8	1.9117576
200	protein3	274.2	5.4	1.8380952
200	rnapol	0.2	0.0	0.0
201	__protein1_rbs	12.4	0.0	0.0
201	__protein2_rbs	12.6	0.0	0.0
201	__protein3_rbs	3.4	0.0	0.0
201	__ribosome	26.6	0.0	0.0
201	__rnase_site_ext	17.6	0.0	0.0
201	p0	0.8	0.0	0.0
201	protein1	995.6	17.6	1.6380326
201	protein2	1001.4	19.8	1.8490744
201	protein3	276.4	5.4	1.7714286
201	rnapol	0.4	0.0	0.0
202	__protein1_rbs	11.4	0.0	0.0
202	__protein2_rbs	12.8	0.0	0.0
202	__protein3_rbs	3.0	0.0	0.0
202	__ribosome	24.8	0.0	0.0
202	__rnase_site_ext	18.0	0.0	0.0
202	p0	0.8	0.0	0.0
202	protein1	1001.8	17.8	1.704633
202	protein2	1007.8	19.6	1.8880918
202	protein3	278.8	5.4	1.7678572
202	rnapol	0.4	0.0	0.0
203	__protein1_rbs	12.4	0.0	0.0
203	__protein2_rbs	13.4	0.0	0.0
203	__protein3_rbs	3.2	0.0	0.0
203	__ribosome	27.6	0.0	0.0
203	__rnase_site_ext	17.6	0.0	0.0
203	p0	0.6	0.0	0.0
203	protein1	1009.0	17.8	1.617839
203	protein2	1016.0	19.6	1.750101
203	protein3	280.6	5.6	1.8
203	rnapol	0.2	0.0	0.0
204	__protein1_rbs	11.6	0.0	0.0
204	__protein2_rbs	12.4	0.0	0.0
204	__protein3_rbs	3.4	0.0	0.0
204	__ribosome	28.6	0.0	0.0
204	__rnase_site_ext	18.0	0.0	0.0
204	p0	0.8	0.0	0.0
204	protein1	1015.0	17.6	1.6725020000000002
204	protein2	1025.0	19.6	1.6546438
204	protein3	283.2	5.4	1.6714288
204	rnapol	0.6	0.0	0.0
205	__protein1_rbs	12.6	0.0	0.0
205	__protein2_rbs	12.0	0.0	0.0
205	__protein3_rbs	3.0	0.0	0.0
205	__ribosome	27.0	0.0	0.0
205	__rnase_site_ext	18.0	0.0	0.0
205	p0	0.6	0.0	0.0
205	protein1	1021.2	18.0	1.6310413999999998
205	protein2	1033.0	19.6	1.6911280000000002
205	protein3	284.4	5.4	1.8214286
205	rnapol	0.4	0.0	0.0
206	__protein1_rbs	11.4	0.0	0.0
206	__protein2_rbs	13.4	0.0	0.0
206	__protein3_rbs	4.2	0.0	0.0
206	__ribosome	26.8	0.0	0.0
206	__rnase_site_ext	17.6	0.0	0.0
206	p0	1.0	0.0	0.0
206	protein1	1027.6	18.2	1.6830990000000001
206	protein2	1040.0	19.6	1.6792324
206	protein3	287.2	5.6	1.6357144
206	rnapol	0.6	0.0	0.0
207	__protein1_rbs	12.0	0.0	0.0
207	__protein2_rbs	13.8	0.0	0.0
207	__protein3_rbs	2.8	0.0	0.0
207	__ribosome	24.6	0.0	0.0
207	__rnase_site_ext	17.6	0.0	0.0
207	p0	1.0	0.0	0.0
207	protein1	1033.8	18.2	1.7419626
207	protein2	1046.0	20.0	1.7029919999999998
207	protein3	289.6	5.6	1.792857
207	rnapol	0.6	0.0	0.0
208	__protein1_rbs	11.8	0.0	0.0
208	__protein2_rbs	12.0	0.0	0.0
208	__protein3_rbs	3.4	0.0	0.0
208	__ribosome	26.0	0.0	0.0
208	__rnase_site_ext	17.6	0.0	0.0
208	p0	0.8	0.0	0.0
208	protein1	1042.2	17.6	1.7038094
208	protein2	1053.4	19.4	1.7470644
208	protein3	291.4	5.6	1.8857142
208	rnapol	0.4	0.0	0.0
209	__protein1_rbs	11.4	0.0	0.0
209	__protein2_rbs	14.0	0.0	0.0
209	__protein3_rbs	3.8	0.0	0.0
209	__ribosome	29.6	0.0	0.0
209	__rnase_site_ext	17.4	0.0	0.0
209	p0	1.0	0.0	0.0
209	protein1	1047.4	17.6	1.8039462
209	protein2	1062.6	19.0	1.5732084
209	protein3	294.0	5.6	1.7535713999999998
209	rnapol	0.4	0.0	0.0
210	__protein1_rbs	9.4	0.0	0.0
210	__protein2_rbs	11.4	0.0	0.0
210	__protein3_rbs	2.8	0.0	0.0
210	__ribosome	27.0	0.0	0.0
210	__rnase_site_ext	17.4	0.0	0.0
210	p0	1.0	0.0	0.0
210	protein1	1054.8	17.4	1.8102308
210	protein2	1070.2	19.0	1.6932558000000002
210	protein3	296.2	6.0	1.8464286
210	rnapol	0.6	0.0	0.0
211	__protein1_rbs	11.0	0.0	0.0
211	__protein2_rbs	11.6	0.0	0.0
211	__protein3_rbs	2.4	0.0	0.0
211	__ribosome	24.0	0.0	0.0
211	__rnase_site_ext	17.6	0.0	0.0
211	p0	0.8	0.0	0.0
211	protein1	1062.6	17.4	1.7453221999999997
211	protein2	1075.2	19.0	1.7900502
211	protein3	298.4	6.2	2.0091268
211	rnapol	0.6	0.0	0.0
212	__protein1_rbs	13.4	0.0	0.0
212	__protein2_rbs	13.0	0.0	0.0
212	__protein3_rbs	4.8	0.0	0.0
212	__ribosome	26.4	0.0	0.0
212	__rnase_site_ext	17.2	0.0	0.0
212	p0	0.8	0.0	0.0
212	protein1	1068.0	17.6	1.6957510000000002
212	protein2	1082.8	19.2	1.7005426
212	protein3	300.8	6.2	1.959127
212	rnapol	0.6	0.0	0.0
213	__protein1_rbs	10.6	0.0	0.0
213	__protein2_rbs	12.8	0.0	0.0
213	__protein3_rbs	4.0	0.0	0.0
213	__ribosome	25.8	0.0	0.0
213	__rnase_site_ext	17.6	0.0	0.0
213	p0	0.8	0.0	0.0
213	protein1	1075.4	17.4	1.7188036
213	protein2	1089.8	19.4	1.7167099999999995
213	protein3	303.0	6.2	1.9785714
213	rnapol	0.4	0.0	0.0
214	__protein1_rbs	11.4	0.0	0.0
214	__protein2_rbs	12.4	0.0	0.0
214	__protein3_rbs	4.2	0.0	0.0
214	__ribosome	26.6	0.0	0.0
214	__rnase_site_ext	17.0	0.0	0.0
214	p0	1.0	0.0	0.0
214	protein1	1082.6	17.4	1.6584413999999998
214	protein2	1097.2	19.2	1.7677362
214	protein3	306.2	6.4	1.7472222000000002
214	rnapol	0.8	0.0	0.0
215	__protein1_rbs	9.8	0.0	0.0
215	__protein2_rbs	12.2	0.0	0.0
215	__protein3_rbs	4.2	0.0	0.0
215	__ribosome	23.2	0.0	0.0
215	__rnase_site_ext	17.0	0.0	0.0
215	p0	0.8	0.0	0.0
215	protein1	1088.8	17.2	1.7364308000000002
215	protein2	1103.8	19.2	1.8602128
215	protein3	308.4	6.4	1.859127
215	rnapol	0.8	0.0	0.0
216	__protein1_rbs	11.6	0.0	0.0
216	__protein2_rbs	11.8	0.0	0.0
216	__protein3_rbs	3.0	0.0	0.0
216	__ribosome	25.0	0.0	0.0
216	__rnase_site_ext	17.0	0.0	0.0
216	p0	0.8	0.0	0.0
216	protein1	1095.8	17.0	1.7029858
216	protein2	1112.2	19.4	1.8314932000000002
216	protein3	312.0	5.8	1.94
216	rnapol	0.8	0.0	0.0
217	__protein1_rbs	12.4	0.0	0.0
217	__protein2_rbs	12.4	0.0	0.0
217	__protein3_rbs	4.0	0.0	0.0
217	__ribosome	25.0	0.0	0.0
217	__rnase_site_ext	17.6	0.0	0.0
217	p0	0.2	0.0	0.0
217	protein1	1101.2	17.0	1.7704452000000004
217	protein2	1120.0	19.2	1.8003378
217	protein3	314.2	5.8	1.88
217	rnapol	0.4	0.0	0.0
218	__protein1_rbs	11.8	0.0	0.0
218	__protein2_rbs	11.4	0.0	0.0
218	__protein3_rbs	3.8	0.0	0.0
218	__ribosome	25.0	0.0	0.0
218	__rnase_site_ext	17.8	0.0	0.0
218	p0	1.0	0.0	0.0
218	protein1	1108.0	17.2	1.7092783999999999
218	protein2	1126.8	18.8	1.8853682
218	protein3	316.0	5.8	1.97
218	rnapol	0.6	0.0	0.0
219	__protein1_rbs	11.2	0.0	0.0
219	__protein2_rbs	12.8	0.0	0.0
219	__protein3_rbs	3.8	0.0	0.0
219	__ribosome	27.6	0.0	0.0
219	__rnase_site_ext	17.8	0.0	0.0
219	p0	1.0	0.0	0.0
219	protein1	1115.8	17.8	1.5990171999999998
219	protein2	1135.2	19.0	1.8270546
219	protein3	319.8	5.8	1.715
219	rnapol	0.4	0.0	0.0
220	__protein1_rbs	10.6	0.0	0.0
220	__protein2_rbs	10.8	0.0	0.0
220	__protein3_rbs	4.0	0.0	0.0
220	__ribosome	25.4	0.0	0.0
220	__rnase_site_ext	17.6	0.0	0.0
220	p0	1.0	0.0	0.0
220	protein1	1122.2	17.8	1.6600975999999998
220	protein2	1143.0	19.2	1.8658261999999999
220	protein3	321.8	6.2	1.5783334
220	rnapol	0.6	0.0	0.0
221	__protein1_rbs	12.2	0.0	0.0
221	__protein2_rbs	11.8	0.0	0.0
221	__protein3_rbs	3.8	0.0	0.0
221	__ribosome	25.4	0.0	0.0
221	__rnase_site_ext	17.8	0.0	0.0
221	p0	0.8	0.0	0.0
221	protein1	1128.4	17.6	1.6811349999999998
221	protein2	1151.2	18.6	1.9110966
221	protein3	324.0	6.4	1.6957142
221	rnapol	0.4	0.0	0.0
222	__protein1_rbs	12.2	0.0	0.0
222	__protein2_rbs	11.8	0.0	0.0
222	__protein3_rbs	3.2	0.0	0.0
222	__ribosome	23.2	0.0	0.0
222	__rnase_site_ext	17.2	0.0	0.0
222	p0	0.8	0.0	0.0
222	protein1	1133.6	17.8	1.7009286
222	protein2	1158.0	18.2	2.0271284
222	protein3	326.4	6.2	1.9011906000000003
222	rnapol	0.2	0.0	0.0
223	__protein1_rbs	10.8	0.0	0.0
223	__protein2_rbs	11.8	0.0	0.0
223	__protein3_rbs	4.8	0.0	0.0
223	__ribosome	26.0	0.0	0.0
223	__rnase_site_ext	17.4	0.0	0.0
223	p0	1.0	0.0	0.0
223	protein1	1141.8	17.2	1.7159996
223	protein2	1166.2	18.6	1.8750383999999998
223	protein3	328.4	6.2	1.87
223	rnapol	0.0	0.0	0.0
224	__protein1_rbs	9.2	0.0	0.0
224	__protein2_rbs	12.2	0.0	0.0
224	__protein3_rbs	4.0	0.0	0.0
224	__ribosome	25.6	0.0	0.0
224	__rnase_site_ext	17.4	0.0	0.0
224	p0	1.0	0.0	0.0
224	protein1	1148.2	17.4	1.813836
224	protein2	1174.8	18.8	1.7600154
224	protein3	330.6	6.2	1.830238
224	rnapol	0.2	0.0	0.0
225	__protein1_rbs	12.8	0.0	0.0
225	__protein2_rbs	11.6	0.0	0.0
225	__protein3_rbs	3.6	0.0	0.0
225	__ribosome	25.2	0.0	0.0
225	__rnase_site_ext	17.4	0.0	0.0
225	p0	0.8	0.0	0.0
225	protein1	1155.4	17.4	1.7348084
225	protein2	1182.0	19.6	1.7311404000000004
225	protein3	332.6	6.0	1.965238
225	rnapol	0.6	0.0	0.0
226	__protein1_rbs	10.4	0.0	0.0
226	__protein2_rbs	13.6	0.0	0.0
226	__protein3_rbs	3.4	0.0	0.0
226	__ribosome	27.6	0.0	0.0
226	__rnase_site_ext	17.2	0.0	0.0
226	p0	1.0	0.0	0.0
226	protein1	1161.4	17.4	1.7766069999999998
226	protein2	1191.2	19.6	1.6037372
226	protein3	336.0	6.0	1.7823810000000002
226	rnapol	0.6	0.0	0.0
227	__protein1_rbs	11.0	0.0	0.0
227	__protein2_rbs	12.2	0.0	0.0
227	__protein3_rbs	4.6	0.0	0.0
227	__ribosome	28.6	0.0	0.0
227	__rnase_site_ext	17.2	0.0	0.0
227	p0	1.0	0.0	0.0
227	protein1	1169.0	17.2	1.7035608
227	protein2	1198.2	19.2	1.6887636
227	protein3	338.2	6.2	1.6242856
227	rnapol	0.4	0.0	0.0
228	__protein1_rbs	12.4	0.0	0.0
228	__protein2_rbs	13.4	0.0	0.0
228	__protein3_rbs	5.0	0.0	0.0
228	__ribosome	29.6	0.0	0.0
228	__rnase_site_ext	17.0	0.0	0.0
228	p0	0.8	0.0	0.0
228	protein1	1175.8	17.4	1.6504272
228	protein2	1204.4	19.2	1.6587396
228	protein3	340.2	6.4	1.5571428
228	rnapol	0.2	0.0	0.0
229	__protein1_rbs	9.2	0.0	0.0
229	__protein2_rbs	12.6	0.0	0.0
229	__protein3_rbs	3.6	0.0	0.0
229	__ribosome	27.8	0.0	0.0
229	__rnase_site_ext	17.4	0.0	0.0
229	p0	1.0	0.0	0.0
229	protein1	1183.0	17.0	1.8190990000000002
229	protein2	1212.4	19.2	1.6891713999999998
229	protein3	343.6	6.4	1.56
229	rnapol	0.6	0.0	0.0
230	__protein1_rbs	10.0	0.0	0.0
230	__protein2_rbs	11.4	0.0	0.0
230	__protein3_rbs	4.6	0.0	0.0
230	__ribosome	26.0	0.0	0.0
230	__rnase_site_ext	17.2	0.0	0.0
230	p0	1.0	0.0	0.0
230	protein1	1188.8	17.4	1.8676394
230	protein2	1219.8	18.8	1.7337474
230	protein3	346.0	6.4	1.5207142
230	rnapol	1.4	0.0	0.0
231	__protein1_rbs	11.6	0.0	0.0
231	__protein2_rbs	12.8	0.0	0.0
231	__protein3_rbs	4.6	0.0	0.0
231	__ribosome	25.4	0.0	0.0
231	__rnase_site_ext	17.6	0.0	0.0
231	p0	0.6	0.0	0.0
231	protein1	1195.0	17.4	1.9357158
231	protein2	1226.8	19.0	1.7448414
231	protein3	348.4	6.2	1.5007142
231	rnapol	0.8	0.0	0.0
232	__protein1_rbs	10.0	0.0	0.0
232	__protein2_rbs	12.6	0.0	0.0
232	__protein3_rbs	3.2	0.0	0.0
232	__ribosome	23.2	0.0	0.0
232	__rnase_site_ext	17.8	0.0	0.0
232	p0	0.8	0.0	0.0
232	protein1	1202.4	17.6	1.9734403999999999
232	protein2	1234.0	18.8	1.764029
232	protein3	350.2	6.0	1.8583333999999998
232	rnapol	1.2	0.0	0.0
233	__protein1_rbs	12.2	0.0	0.0
233	__protein2_rbs	11.0	0.0	0.0
233	__protein3_rbs	4.6	0.0	0.0
233	__ribosome	26.4	0.0	0.0
233	__rnase_site_ext	18.2	0.0	0.0
233	p0	0.6	0.0	0.0
233	protein1	1209.8	17.6	1.8693406000000004
233	protein2	1242.0	18.4	1.7760906
233	protein3	352.6	6.0	1.6214286000000002
233	rnapol	0.8	0.0	0.0
234	__protein1_rbs	13.2	0.0	0.0
234	__protein2_rbs	10.2	0.0	0.0
234	__protein3_rbs	3.0	0.0	0.0
234	__ribosome	26.4	0.0	0.0
234	__rnase_site_ext	18.6	0.0	0.0
234	p0	0.6	0.0	0.0
234	protein1	1217.2	18.0	1.6971149999999997
234	protein2	1248.8	18.2	1.925618
234	protein3	355.2	6.0	1.7619048
234	rnapol	0.6	0.0	0.0
235	__protein1_rbs	12.0	0.0	0.0
235	__protein2_rbs	12.0	0.0	0.0
235	__protein3_rbs	3.4	0.0	0.0
235	__ribosome	25.0	0.0	0.0
235	__rnase_site_ext	18.8	0.0	0.0
235	p0	0.8	0.0	0.0
235	protein1	1225.6	18.4	1.6273015999999998
235	protein2	1256.0	17.8	1.9362912
235	protein3	356.8	5.8	2.0042858
235	rnapol	0.4	0.0	0.0
236	__protein1_rbs	11.8	0.0	0.0
236	__protein2_rbs	10.6	0.0	0.0
236	__protein3_rbs	3.8	0.0	0.0
236	__ribosome	25.6	0.0	0.0
236	__rnase_site_ext	19.0	0.0	0.0
236	p0	1.0	0.0	0.0
236	protein1	1233.8	18.8	1.58131
236	protein2	1264.0	18.2	1.8994202
236	protein3	359.4	5.8	1.8419047999999998
236	rnapol	0.6	0.0	0.0
237	__protein1_rbs	12.4	0.0	0.0
237	__protein2_rbs	11.6	0.0	0.0
237	__protein3_rbs	3.6	0.0	0.0
237	__ribosome	24.0	0.0	0.0
237	__rnase_site_ext	19.0	0.0	0.0
237	p0	0.8	0.0	0.0
237	protein1	1240.2	19.0	1.6118279999999998
237	protein2	1270.8	18.2	1.9095476
237	protein3	361.8	5.8	1.9066666
237	rnapol	0.4	0.0	0.0
238	__protein1_rbs	13.6	0.0	0.0
238	__protein2_rbs	12.2	0.0	0.0
238	__protein3_rbs	3.0	0.0	0.0
238	__ribosome	27.2	0.0	0.0
238	__rnase_site_ext	19.0	0.0	0.0
238	p0	0.6	0.0	0.0
238	protein1	1246.2	18.8	1.5899214
238	protein2	1280.6	18.0	1.7558006000000002
238	protein3	364.2	5.8	2.0216666
238	rnapol	0.0	0.0	0.0
239	__protein1_rbs	13.6	0.0	0.0
239	__protein2_rbs	12.6	0.0	0.0
239	__protein3_rbs	3.8	0.0	0.0
239	__ribosome	26.8	0.0	0.0
239	__rnase_site_ext	19.2	0.0	0.0
239	p0	1.0	0.0	0.0
239	protein1	1252.0	19.0	1.5772716
239	protein2	1287.6	18.6	1.7087837999999995
239	protein3	366.4	5.8	2.0845238000000004
239	rnapol	0.0	0.0	0.0
240	__protein1_rbs	12.4	0.0	0.0
240	__protein2_rbs	11.6	0.0	0.0
240	__protein3_rbs	4.4	0.0	0.0
240	__ribosome	26.4	0.0	0.0
240	__rnase_site_ext	19.2	0.0	0.0
240	p0	1.0	0.0	0.0
240	protein1	1260.4	19.4	1.5789764
240	protein2	1295.0	18.6	1.7450088
240	protein3	369.0	6.0	1.9261904
240	rnapol	0.4	0.0	0.0
241	__protein1_rbs	13.2	0.0	0.0
241	__protein2_rbs	11.4	0.0	0.0
241	__protein3_rbs	3.4	0.0	0.0
241	__ribosome	28.0	0.0	0.0
241	__rnase_site_ext	19.0	0.0	0.0
241	p0	0.8	0.0	0.0
241	protein1	1268.0	19.2	1.5124270000000002
241	protein2	1303.2	18.8	1.7562794000000004
241	protein3	372.0	6.0	1.8714284
241	rnapol	0.4	0.0	0.0
242	__protein1_rbs	12.0	0.0	0.0
242	__protein2_rbs	12.4	0.0	0.0
242	__protein3_rbs	4.2	0.0	0.0
242	__ribosome	25.8	0.0	0.0
242	__rnase_site_ext	18.8	0.0	0.0
242	p0	1.0	0.0	0.0
242	protein1	1273.8	19.0	1.646254
242	protein2	1310.6	19.2	1.7547302000000002
242	protein3	375.0	5.8	1.7238093999999997
242	rnapol	0.4	0.0	0.0
243	__protein1_rbs	11.8	0.0	0.0
243	__protein2_rbs	12.6	0.0	0.0
243	__protein3_rbs	4.2	0.0	0.0
243	__ribosome	24.2	0.0	0.0
243	__rnase_site_ext	18.6	0.0	0.0
243	p0	0.8	0.0	0.0
243	protein1	1280.0	19.0	1.741264
243	protein2	1317.4	19.6	1.7229005999999998
243	protein3	377.4	6.0	1.6857143999999995
243	rnapol	0.2	0.0	0.0
244	__protein1_rbs	12.8	0.0	0.0
244	__protein2_rbs	13.4	0.0	0.0
244	__protein3_rbs	4.0	0.0	0.0
244	__ribosome	24.2	0.0	0.0
244	__rnase_site_ext	18.6	0.0	0.0
244	p0	0.8	0.0	0.0
244	protein1	1287.8	18.6	1.7438028
244	protein2	1324.4	19.6	1.7757728
244	protein3	380.2	6.0	1.657143
244	rnapol	0.4	0.0	0.0
245	__protein1_rbs	12.2	0.0	0.0
245	__protein2_rbs	13.0	0.0	0.0
245	__protein3_rbs	3.8	0.0	0.0
245	__ribosome	26.4	0.0	0.0
245	__rnase_site_ext	18.0	0.0	0.0
245	p0	1.0	0.0	0.0
245	protein1	1296.2	18.6	1.6565628
245	protein2	1332.8	19.8	1.7026477999999998
245	protein3	382.2	6.0	1.7857142
245	rnapol	0.6	0.0	0.0
246	__protein1_rbs	12.8	0.0	0.0
246	__protein2_rbs	14.0	0.0	0.0
246	__protein3_rbs	4.2	0.0	0.0
246	__ribosome	26.6	0.0	0.0
246	__rnase_site_ext	18.0	0.0	0.0
246	p0	0.4	0.0	0.0
246	protein1	1302.4	18.2	1.7449962000000003
246	protein2	1341.8	20.0	1.6058032
246	protein3	384.2	6.2	1.8142858
246	rnapol	1.0	0.0	0.0
247	__protein1_rbs	11.6	0.0	0.0
247	__protein2_rbs	12.4	0.0	0.0
247	__protein3_rbs	3.4	0.0	0.0
247	__ribosome	23.8	0.0	0.0
247	__rnase_site_ext	18.0	0.0	0.0
247	p0	0.6	0.0	0.0
247	protein1	1309.2	17.8	1.848661
247	protein2	1347.6	19.8	1.6976213999999998
247	protein3	386.8	6.0	1.7785716
247	rnapol	0.8	0.0	0.0
248	__protein1_rbs	12.0	0.0	0.0
248	__protein2_rbs	12.8	0.0	0.0
248	__protein3_rbs	4.0	0.0	0.0
248	__ribosome	25.8	0.0	0.0
248	__rnase_site_ext	18.0	0.0	0.0
248	p0	0.8	0.0	0.0
248	protein1	1317.2	17.8	1.7862745999999998
248	protein2	1356.2	19.6	1.6429692
248	protein3	389.2	5.8	1.842857
248	rnapol	0.6	0.0	0.0
249	__protein1_rbs	12.8	0.0	0.0
249	__protein2_rbs	12.0	0.0	0.0
249	__protein3_rbs	3.6	0.0	0.0
249	__ribosome	26.6	0.0	0.0
249	__rnase_site_ext	18.2	0.0	0.0
249	p0	0.8	0.0	0.0
249	protein1	1325.0	18.0	1.7110363999999998
249	protein2	1363.8	19.8	1.6703347999999998
249	protein3	392.0	5.6	1.7190478000000002
249	rnapol	0.2	0.0	0.0
250	__protein1_rbs	13.2	0.0	0.0
250	__protein2_rbs	13.6	0.0	0.0
250	__protein3_rbs	4.0	0.0	0.0
250	__ribosome	27.4	0.0	0.0
250	__rnase_site_ext	18.0	0.0	0.0
250	p0	0.8	0.0	0.0
250	protein1	1332.6	18.4	1.6015313999999998
250	protein2	1371.6	20.0	1.6160102000000005
250	protein3	393.4	6.2	1.7678572
250	rnapol	0.4	0.0	0.0
