time	species	protein	transcript	ribo_density
0	__protein1_rbs	0.0	0.0	0.0
0	__protein2_rbs	0.0	0.0	0.0
0	__protein3_rbs	0.0	0.0	0.0
0	__ribosome	100.0	0.0	0.0
0	__rnase_site_ext	0.0	0.0	0.0
0	p0	1.0	0.0	0.0
0	p2	1.0	0.0	0.0
0	rnapol	4.0	0.0	0.0
1	__protein1_rbs	0.0	0.0	0.0
1	__protein2_rbs	0.0	0.0	0.0
1	__protein3_rbs	0.0	0.0	0.0
1	__ribosome	100.0	0.0	0.0
1	__rnase_site_ext	1.0	0.0	0.0
1	p0	0.0	0.0	0.0
1	p2	1.0	0.0	0.0
1	rnapol	3.0	0.0	0.0
2	__protein1_rbs	0.2	0.0	0.0
2	__protein2_rbs	0.0	0.0	0.0
2	__protein3_rbs	0.0	0.0	0.0
2	__ribosome	99.8	0.0	0.0
2	__rnase_site_ext	1.4	0.0	0.0
2	p0	0.4	0.0	0.0
2	p2	1.0	0.0	0.0
2	protein1	0.0	0.4	0.2
2	rnapol	2.4	0.0	0.0
3	__protein1_rbs	0.8	0.0	0.0
3	__protein2_rbs	0.0	0.0	0.0
3	__protein3_rbs	0.0	0.0	0.0
3	__ribosome	99.2	0.0	0.0
3	__rnase_site_ext	1.8	0.0	0.0
3	p0	0.6	0.0	0.0
3	p2	1.0	0.0	0.0
3	protein1	0.0	1.2	0.7
3	rnapol	2.0	0.0	0.0
4	__protein1_rbs	0.2	0.0	0.0
4	__protein2_rbs	0.0	0.0	0.0
4	__protein3_rbs	0.0	0.0	0.0
4	__ribosome	97.6	0.0	0.0
4	__rnase_site_ext	2.4	0.0	0.0
4	p0	0.4	0.0	0.0
4	p2	1.0	0.0	0.0
4	protein1	0.0	1.6	1.6
4	rnapol	1.4	0.0	0.0
5	__protein1_rbs	0.2	0.0	0.0
5	__protein2_rbs	0.0	0.0	0.0
5	__protein3_rbs	0.0	0.0	0.0
5	__ribosome	96.4	0.0	0.0
5	__rnase_site_ext	3.0	0.0	0.0
5	p0	0.6	0.0	0.0
5	p2	1.0	0.0	0.0
5	protein1	0.0	2.0	1.8333334
5	rnapol	1.0	0.0	0.0
6	__protein1_rbs	0.8	0.0	0.0
6	__protein2_rbs	0.0	0.0	0.0
6	__protein3_rbs	0.0	0.0	0.0
6	__ribosome	94.8	0.0	0.0
6	__rnase_site_ext	3.2	0.0	0.0
6	p0	0.6	0.0	0.0
6	p2	1.0	0.0	0.0
6	protein1	0.0	2.6	2.0333334
6	rnapol	0.6	0.0	0.0
7	__protein1_rbs	0.8	0.0	0.0
7	__protein2_rbs	0.0	0.0	0.0
7	__protein3_rbs	0.0	0.0	0.0
7	__ribosome	93.2	0.0	0.0
7	__rnase_site_ext	3.6	0.0	0.0
7	p0	0.8	0.0	0.0
7	p2	1.0	0.0	0.0
7	protein1	0.6	3.0	2.35
7	rnapol	0.4	0.0	0.0
8	__protein1_rbs	1.4	0.0	0.0
8	__protein2_rbs	0.0	0.0	0.0
8	__protein3_rbs	0.0	0.0	0.0
8	__ribosome	91.6	0.0	0.0
8	__rnase_site_ext	3.6	0.0	0.0
8	p0	1.0	0.0	0.0
8	p2	1.0	0.0	0.0
8	protein1	1.0	3.4	2.6
8	rnapol	0.4	0.0	0.0
9	__protein1_rbs	1.0	0.0	0.0
9	__protein2_rbs	0.0	0.0	0.0
9	__protein3_rbs	0.0	0.0	0.0
9	__ribosome	90.4	0.0	0.0
9	__rnase_site_ext	3.6	0.0	0.0
9	p0	1.0	0.0	0.0
9	p2	1.0	0.0	0.0
9	protein1	2.4	3.6	2.6333333999999997
9	rnapol	0.4	0.0	0.0
10	__protein1_rbs	1.2	0.0	0.0
10	__protein2_rbs	0.0	0.0	0.0
10	__protein3_rbs	0.0	0.0	0.0
10	__ribosome	88.4	0.0	0.0
10	__rnase_site_ext	3.6	0.0	0.0
10	p0	1.0	0.0	0.0
10	p2	1.0	0.0	0.0
10	protein1	3.0	3.6	2.9333334
10	protein2	0.0	1.0	1.0
10	rnapol	0.4	0.0	0.0
11	__protein1_rbs	1.0	0.0	0.0
11	__protein2_rbs	0.8	0.0	0.0
11	__protein3_rbs	0.0	0.0	0.0
11	__ribosome	87.8	0.0	0.0
11	__rnase_site_ext	3.8	0.0	0.0
11	p0	0.8	0.0	0.0
11	p2	1.0	0.0	0.0
11	protein1	5.2	3.6	3.05
11	protein2	0.0	1.4	1.0
11	rnapol	0.2	0.0	0.0
12	__protein1_rbs	1.0	0.0	0.0
12	__protein2_rbs	0.4	0.0	0.0
12	__protein3_rbs	0.0	0.0	0.0
12	__ribosome	86.2	0.0	0.0
12	__rnase_site_ext	3.8	0.0	0.0
12	p0	1.0	0.0	0.0
12	p2	1.0	0.0	0.0
12	protein1	7.2	3.6	3.2166666
12	protein2	0.0	1.6	1.4
12	rnapol	0.2	0.0	0.0
13	__protein1_rbs	1.4	0.0	0.0
13	__protein2_rbs	1.0	0.0	0.0
13	__protein3_rbs	0.0	0.0	0.0
13	__ribosome	84.8	0.0	0.0
13	__rnase_site_ext	4.0	0.0	0.0
13	p0	0.8	0.0	0.0
13	p2	1.0	0.0	0.0
13	protein1	9.0	3.8	3.0666666
13	protein2	0.0	2.2	1.6666666
13	rnapol	0.0	0.0	0.0
14	__protein1_rbs	2.4	0.0	0.0
14	__protein2_rbs	0.8	0.0	0.0
14	__protein3_rbs	0.0	0.0	0.0
14	__ribosome	83.8	0.0	0.0
14	__rnase_site_ext	4.0	0.0	0.0
14	p0	1.0	0.0	0.0
14	p2	1.0	0.0	0.0
14	protein1	11.0	4.0	2.8
14	protein2	0.2	2.6	2.0
14	rnapol	0.0	0.0	0.0
15	__protein1_rbs	0.8	0.0	0.0
15	__protein2_rbs	1.0	0.0	0.0
15	__protein3_rbs	0.0	0.0	0.0
15	__ribosome	81.8	0.0	0.0
15	__rnase_site_ext	4.0	0.0	0.0
15	p0	1.0	0.0	0.0
15	p2	1.0	0.0	0.0
15	protein1	13.4	4.0	3.05
15	protein2	1.0	3.2	1.9833333999999998
15	rnapol	0.0	0.0	0.0
16	__protein1_rbs	2.2	0.0	0.0
16	__protein2_rbs	1.0	0.0	0.0
16	__protein3_rbs	0.0	0.0	0.0
16	__ribosome	80.2	0.0	0.0
16	__rnase_site_ext	4.0	0.0	0.0
16	p0	1.0	0.0	0.0
16	p2	0.8	0.0	0.0
16	protein1	16.0	4.0	2.85
16	protein2	1.2	3.6	2.35
16	rnapol	0.8	0.0	0.0
17	__protein1_rbs	0.8	0.0	0.0
17	__protein2_rbs	1.8	0.0	0.0
17	__protein3_rbs	0.0	0.0	0.0
17	__ribosome	79.0	0.0	0.0
17	__rnase_site_ext	4.4	0.0	0.0
17	p0	0.6	0.0	0.0
17	p2	0.8	0.0	0.0
17	protein1	17.8	4.0	3.1
17	protein2	2.4	3.6	2.3833333999999997
17	rnapol	0.8	0.0	0.0
18	__protein1_rbs	2.0	0.0	0.0
18	__protein2_rbs	1.6	0.0	0.0
18	__protein3_rbs	0.2	0.0	0.0
18	__ribosome	77.6	0.0	0.0
18	__rnase_site_ext	4.8	0.0	0.0
18	p0	0.4	0.0	0.0
18	p2	0.8	0.0	0.0
18	protein1	20.4	4.2	2.84
18	protein2	2.8	3.6	2.9666666
18	protein3	0.0	0.2	0.0
18	rnapol	0.4	0.0	0.0
19	__protein1_rbs	1.0	0.0	0.0
19	__protein2_rbs	1.4	0.0	0.0
19	__protein3_rbs	0.0	0.0	0.0
19	__ribosome	77.4	0.0	0.0
19	__rnase_site_ext	5.0	0.0	0.0
19	p0	0.6	0.0	0.0
19	p2	0.8	0.0	0.0
19	protein1	23.0	4.4	2.73
19	protein2	4.8	3.6	2.8833333999999997
19	protein3	0.0	0.2	0.2
19	rnapol	0.4	0.0	0.0
20	__protein1_rbs	1.4	0.0	0.0
20	__protein2_rbs	2.0	0.0	0.0
20	__protein3_rbs	0.0	0.0	0.0
20	__ribosome	76.2	0.0	0.0
20	__rnase_site_ext	5.2	0.0	0.0
20	p0	1.0	0.0	0.0
20	p2	0.8	0.0	0.0
20	protein1	25.0	5.0	2.69
20	protein2	7.0	3.8	2.6166666000000003
20	protein3	0.0	0.2	0.4
20	rnapol	0.8	0.0	0.0
21	__protein1_rbs	2.0	0.0	0.0
21	__protein2_rbs	1.0	0.0	0.0
21	__protein3_rbs	0.2	0.0	0.0
21	__ribosome	73.6	0.0	0.0
21	__rnase_site_ext	5.0	0.0	0.0
21	p0	1.0	0.0	0.0
21	p2	0.8	0.0	0.0
21	protein1	26.8	5.2	2.88
21	protein2	9.2	4.0	2.75
21	protein3	0.0	0.4	0.6
21	rnapol	1.4	0.0	0.0
22	__protein1_rbs	2.4	0.0	0.0
22	__protein2_rbs	1.4	0.0	0.0
22	__protein3_rbs	0.2	0.0	0.0
22	__ribosome	72.8	0.0	0.0
22	__rnase_site_ext	5.2	0.0	0.0
22	p0	0.4	0.0	0.0
22	p2	1.0	0.0	0.0
22	protein1	28.8	5.0	3.0833334
22	protein2	11.2	4.0	2.8
22	protein3	0.0	0.4	0.8
22	rnapol	1.2	0.0	0.0
23	__protein1_rbs	2.0	0.0	0.0
23	__protein2_rbs	2.2	0.0	0.0
23	__protein3_rbs	0.2	0.0	0.0
23	__ribosome	72.4	0.0	0.0
23	__rnase_site_ext	5.8	0.0	0.0
23	p0	0.8	0.0	0.0
23	p2	1.0	0.0	0.0
23	protein1	31.2	5.0	3.15
23	protein2	13.0	4.0	2.75
23	protein3	0.0	0.6	1.2
23	rnapol	1.0	0.0	0.0
24	__protein1_rbs	3.0	0.0	0.0
24	__protein2_rbs	1.6	0.0	0.0
24	__protein3_rbs	0.6	0.0	0.0
24	__ribosome	71.8	0.0	0.0
24	__rnase_site_ext	5.8	0.0	0.0
24	p0	0.8	0.0	0.0
24	p2	1.0	0.0	0.0
24	protein1	34.2	5.6	2.8057142
24	protein2	14.4	4.0	2.95
24	protein3	0.2	0.6	1.0
24	rnapol	0.8	0.0	0.0
25	__protein1_rbs	2.6	0.0	0.0
25	__protein2_rbs	1.0	0.0	0.0
25	__protein3_rbs	0.0	0.0	0.0
25	__ribosome	71.4	0.0	0.0
25	__rnase_site_ext	6.0	0.0	0.0
25	p0	0.8	0.0	0.0
25	p2	1.0	0.0	0.0
25	protein1	38.0	5.8	2.5761906000000003
25	protein2	16.8	4.0	3.05
25	protein3	0.4	0.6	1.4
25	rnapol	0.6	0.0	0.0
26	__protein1_rbs	2.2	0.0	0.0
26	__protein2_rbs	1.4	0.0	0.0
26	__protein3_rbs	0.2	0.0	0.0
26	__ribosome	70.0	0.0	0.0
26	__rnase_site_ext	6.6	0.0	0.0
26	p0	0.6	0.0	0.0
26	p2	1.0	0.0	0.0
26	protein1	40.8	6.0	2.709524
26	protein2	19.6	4.2	2.93
26	protein3	0.6	0.6	1.6
26	rnapol	0.4	0.0	0.0
27	__protein1_rbs	3.0	0.0	0.0
27	__protein2_rbs	2.2	0.0	0.0
27	__protein3_rbs	0.0	0.0	0.0
27	__ribosome	69.8	0.0	0.0
27	__rnase_site_ext	6.4	0.0	0.0
27	p0	1.0	0.0	0.0
27	p2	0.8	0.0	0.0
27	protein1	44.0	6.2	2.6190476
27	protein2	22.2	5.0	2.39
27	protein3	0.6	0.6	2.2
27	rnapol	0.6	0.0	0.0
28	__protein1_rbs	2.4	0.0	0.0
28	__protein2_rbs	2.6	0.0	0.0
28	__protein3_rbs	0.4	0.0	0.0
28	__ribosome	68.0	0.0	0.0
28	__rnase_site_ext	6.6	0.0	0.0
28	p0	0.8	0.0	0.0
28	p2	1.0	0.0	0.0
28	protein1	46.8	6.4	2.75
28	protein2	24.0	5.2	2.4400000000000004
28	protein3	1.0	0.6	2.0
28	rnapol	0.6	0.0	0.0
29	__protein1_rbs	2.2	0.0	0.0
29	__protein2_rbs	2.4	0.0	0.0
29	__protein3_rbs	0.2	0.0	0.0
29	__ribosome	65.4	0.0	0.0
29	__rnase_site_ext	6.6	0.0	0.0
29	p0	1.0	0.0	0.0
29	p2	1.0	0.0	0.0
29	protein1	49.8	6.6	2.8047617999999996
29	protein2	25.6	5.4	2.6066667999999997
29	protein3	1.4	0.8	1.7
29	rnapol	0.6	0.0	0.0
30	__protein1_rbs	3.2	0.0	0.0
30	__protein2_rbs	2.8	0.0	0.0
30	__protein3_rbs	0.2	0.0	0.0
30	__ribosome	65.4	0.0	0.0
30	__rnase_site_ext	7.0	0.0	0.0
30	p0	0.6	0.0	0.0
30	p2	1.0	0.0	0.0
30	protein1	52.8	6.6	2.840476
30	protein2	28.6	5.6	2.4733334
30	protein3	2.0	0.8	1.5
30	rnapol	0.2	0.0	0.0
31	__protein1_rbs	3.4	0.0	0.0
31	__protein2_rbs	2.8	0.0	0.0
31	__protein3_rbs	0.0	0.0	0.0
31	__ribosome	64.0	0.0	0.0
31	__rnase_site_ext	7.2	0.0	0.0
31	p0	0.8	0.0	0.0
31	p2	1.0	0.0	0.0
31	protein1	57.0	6.8	2.7059523999999997
31	protein2	30.4	5.8	2.6371428
31	protein3	2.0	0.8	2.0
31	rnapol	0.0	0.0	0.0
32	__protein1_rbs	2.2	0.0	0.0
32	__protein2_rbs	3.2	0.0	0.0
32	__protein3_rbs	0.2	0.0	0.0
32	__ribosome	62.4	0.0	0.0
32	__rnase_site_ext	7.2	0.0	0.0
32	p0	1.0	0.0	0.0
32	p2	1.0	0.0	0.0
32	protein1	60.0	7.2	2.8261906000000003
32	protein2	33.8	6.0	2.4485714
32	protein3	2.4	0.8	2.1
32	rnapol	0.4	0.0	0.0
33	__protein1_rbs	3.6	0.0	0.0
33	__protein2_rbs	2.0	0.0	0.0
33	__protein3_rbs	0.4	0.0	0.0
33	__ribosome	61.2	0.0	0.0
33	__rnase_site_ext	7.2	0.0	0.0
33	p0	1.0	0.0	0.0
33	p2	1.0	0.0	0.0
33	protein1	63.2	7.2	2.7857144000000003
33	protein2	36.0	6.4	2.5809523999999997
33	protein3	3.0	0.8	1.8
33	rnapol	1.0	0.0	0.0
34	__protein1_rbs	2.4	0.0	0.0
34	__protein2_rbs	2.0	0.0	0.0
34	__protein3_rbs	0.2	0.0	0.0
34	__ribosome	61.4	0.0	0.0
34	__rnase_site_ext	7.4	0.0	0.0
34	p0	0.6	0.0	0.0
34	p2	1.0	0.0	0.0
34	protein1	67.6	7.2	2.6571428
34	protein2	39.6	6.4	2.6333332
34	protein3	3.4	0.8	1.9
34	rnapol	1.0	0.0	0.0
35	__protein1_rbs	3.6	0.0	0.0
35	__protein2_rbs	3.4	0.0	0.0
35	__protein3_rbs	0.4	0.0	0.0
35	__ribosome	60.4	0.0	0.0
35	__rnase_site_ext	7.8	0.0	0.0
35	p0	0.8	0.0	0.0
35	p2	1.0	0.0	0.0
35	protein1	71.2	7.4	2.6714286
35	protein2	42.2	7.0	2.5154762
35	protein3	4.0	0.8	1.7
35	rnapol	0.8	0.0	0.0
36	__protein1_rbs	4.0	0.0	0.0
36	__protein2_rbs	2.6	0.0	0.0
36	__protein3_rbs	0.6	0.0	0.0
36	__ribosome	60.2	0.0	0.0
36	__rnase_site_ext	8.0	0.0	0.0
36	p0	0.8	0.0	0.0
36	p2	1.0	0.0	0.0
36	protein1	75.2	7.6	2.542857
36	protein2	46.0	7.0	2.5976190000000003
36	protein3	4.2	0.8	1.7
36	rnapol	0.6	0.0	0.0
37	__protein1_rbs	4.4	0.0	0.0
37	__protein2_rbs	2.8	0.0	0.0
37	__protein3_rbs	0.0	0.0	0.0
37	__ribosome	59.8	0.0	0.0
37	__rnase_site_ext	7.8	0.0	0.0
37	p0	1.0	0.0	0.0
37	p2	0.8	0.0	0.0
37	protein1	79.8	7.8	2.2972222
37	protein2	48.2	6.8	2.9583332
37	protein3	4.8	0.8	1.8
37	rnapol	0.4	0.0	0.0
38	__protein1_rbs	4.6	0.0	0.0
38	__protein2_rbs	2.6	0.0	0.0
38	__protein3_rbs	0.2	0.0	0.0
38	__ribosome	59.6	0.0	0.0
38	__rnase_site_ext	8.0	0.0	0.0
38	p0	0.8	0.0	0.0
38	p2	0.6	0.0	0.0
38	protein1	82.4	8.0	2.3273808
38	protein2	52.0	6.8	2.8916668000000003
38	protein3	5.4	0.8	1.8
38	rnapol	0.6	0.0	0.0
39	__protein1_rbs	2.6	0.0	0.0
39	__protein2_rbs	2.8	0.0	0.0
39	__protein3_rbs	0.6	0.0	0.0
39	__ribosome	59.0	0.0	0.0
39	__rnase_site_ext	8.0	0.0	0.0
39	p0	1.0	0.0	0.0
39	p2	0.8	0.0	0.0
39	protein1	86.8	7.8	2.5
39	protein2	56.2	6.8	2.8416666
39	protein3	5.6	1.0	1.5
39	rnapol	0.6	0.0	0.0
40	__protein1_rbs	4.0	0.0	0.0
40	__protein2_rbs	3.4	0.0	0.0
40	__protein3_rbs	0.4	0.0	0.0
40	__ribosome	58.0	0.0	0.0
40	__rnase_site_ext	8.2	0.0	0.0
40	p0	0.6	0.0	0.0
40	p2	0.8	0.0	0.0
40	protein1	90.0	7.8	2.5242858000000004
40	protein2	59.4	7.4	2.6773808
40	protein3	6.2	1.2	1.3
40	rnapol	0.4	0.0	0.0
41	__protein1_rbs	2.4	0.0	0.0
41	__protein2_rbs	2.8	0.0	0.0
41	__protein3_rbs	0.4	0.0	0.0
41	__ribosome	55.8	0.0	0.0
41	__rnase_site_ext	8.0	0.0	0.0
41	p0	1.0	0.0	0.0
41	p2	0.8	0.0	0.0
41	protein1	94.4	7.8	2.6092855999999998
41	protein2	63.6	7.4	2.7928572
41	protein3	6.4	1.4	1.6
41	rnapol	0.8	0.0	0.0
42	__protein1_rbs	3.0	0.0	0.0
42	__protein2_rbs	3.2	0.0	0.0
42	__protein3_rbs	0.2	0.0	0.0
42	__ribosome	54.4	0.0	0.0
42	__rnase_site_ext	8.4	0.0	0.0
42	p0	1.0	0.0	0.0
42	p2	0.8	0.0	0.0
42	protein1	97.8	8.0	2.7376984
42	protein2	67.4	7.4	2.7428572
42	protein3	7.0	1.6	1.7666666000000002
42	rnapol	0.4	0.0	0.0
43	__protein1_rbs	3.6	0.0	0.0
43	__protein2_rbs	4.0	0.0	0.0
43	__protein3_rbs	0.2	0.0	0.0
43	__ribosome	53.6	0.0	0.0
43	__rnase_site_ext	8.6	0.0	0.0
43	p0	0.8	0.0	0.0
43	p2	1.0	0.0	0.0
43	protein1	100.4	8.0	2.886111
43	protein2	72.2	7.6	2.475
43	protein3	7.2	1.6	2.4
43	rnapol	0.2	0.0	0.0
44	__protein1_rbs	3.0	0.0	0.0
44	__protein2_rbs	3.8	0.0	0.0
44	__protein3_rbs	1.2	0.0	0.0
44	__ribosome	54.0	0.0	0.0
44	__rnase_site_ext	8.6	0.0	0.0
44	p0	1.0	0.0	0.0
44	p2	1.0	0.0	0.0
44	protein1	105.2	8.0	2.8555554
44	protein2	75.8	8.0	2.3730158
44	protein3	8.0	1.8	2.3333334
44	rnapol	0.4	0.0	0.0
45	__protein1_rbs	3.6	0.0	0.0
45	__protein2_rbs	3.8	0.0	0.0
45	__protein3_rbs	0.6	0.0	0.0
45	__ribosome	53.0	0.0	0.0
45	__rnase_site_ext	8.6	0.0	0.0
45	p0	0.8	0.0	0.0
45	p2	1.0	0.0	0.0
45	protein1	110.2	8.2	2.7261112
45	protein2	79.6	8.2	2.4126984
45	protein3	8.6	1.8	2.7666666
45	rnapol	0.8	0.0	0.0
46	__protein1_rbs	4.2	0.0	0.0
46	__protein2_rbs	3.6	0.0	0.0
46	__protein3_rbs	1.0	0.0	0.0
46	__ribosome	53.4	0.0	0.0
46	__rnase_site_ext	8.8	0.0	0.0
46	p0	0.8	0.0	0.0
46	p2	1.0	0.0	0.0
46	protein1	114.0	8.2	2.7894444
46	protein2	83.6	8.2	2.4134917999999996
46	protein3	9.8	1.8	2.4666666
46	rnapol	1.0	0.0	0.0
47	__protein1_rbs	3.4	0.0	0.0
47	__protein2_rbs	4.0	0.0	0.0
47	__protein3_rbs	1.0	0.0	0.0
47	__ribosome	53.0	0.0	0.0
47	__rnase_site_ext	9.2	0.0	0.0
47	p0	0.4	0.0	0.0
47	p2	0.8	0.0	0.0
47	protein1	118.4	8.4	2.7700000000000005
47	protein2	87.4	8.2	2.4103174000000003
47	protein3	10.4	1.8	2.4333334
47	rnapol	0.6	0.0	0.0
48	__protein1_rbs	4.4	0.0	0.0
48	__protein2_rbs	3.0	0.0	0.0
48	__protein3_rbs	0.8	0.0	0.0
48	__ribosome	51.4	0.0	0.0
48	__rnase_site_ext	9.2	0.0	0.0
48	p0	0.8	0.0	0.0
48	p2	0.8	0.0	0.0
48	protein1	122.6	8.4	2.7533334
48	protein2	90.6	8.4	2.5725398
48	protein3	11.4	1.8	2.3333334
48	rnapol	0.4	0.0	0.0
49	__protein1_rbs	4.0	0.0	0.0
49	__protein2_rbs	5.8	0.0	0.0
49	__protein3_rbs	0.4	0.0	0.0
49	__ribosome	51.2	0.0	0.0
49	__rnase_site_ext	9.4	0.0	0.0
49	p0	1.0	0.0	0.0
49	p2	1.0	0.0	0.0
49	protein1	126.8	8.8	2.6577778
49	protein2	94.2	8.6	2.3944444000000003
49	protein3	12.2	1.8	2.7
49	rnapol	0.8	0.0	0.0
50	__protein1_rbs	5.2	0.0	0.0
50	__protein2_rbs	2.8	0.0	0.0
50	__protein3_rbs	0.8	0.0	0.0
50	__ribosome	50.8	0.0	0.0
50	__rnase_site_ext	9.6	0.0	0.0
50	p0	0.8	0.0	0.0
50	p2	1.0	0.0	0.0
50	protein1	132.0	9.0	2.3285714
50	protein2	97.6	8.8	2.6594446
50	protein3	13.6	2.0	2.3
50	rnapol	0.6	0.0	0.0
51	__protein1_rbs	4.0	0.0	0.0
51	__protein2_rbs	5.0	0.0	0.0
51	__protein3_rbs	0.2	0.0	0.0
51	__ribosome	50.0	0.0	0.0
51	__rnase_site_ext	10.0	0.0	0.0
51	p0	0.8	0.0	0.0
51	p2	0.6	0.0	0.0
51	protein1	135.6	9.4	2.3955556
51	protein2	102.8	9.0	2.3994444
51	protein3	14.0	2.0	2.9333332000000003
51	rnapol	0.4	0.0	0.0
52	__protein1_rbs	4.6	0.0	0.0
52	__protein2_rbs	3.8	0.0	0.0
52	__protein3_rbs	1.0	0.0	0.0
52	__ribosome	50.8	0.0	0.0
52	__rnase_site_ext	9.8	0.0	0.0
52	p0	0.8	0.0	0.0
52	p2	0.8	0.0	0.0
52	protein1	140.6	9.4	2.4216668
52	protein2	107.4	8.8	2.3965078
52	protein3	15.2	2.0	3.0
52	rnapol	0.2	0.0	0.0
53	__protein1_rbs	4.4	0.0	0.0
53	__protein2_rbs	2.8	0.0	0.0
53	__protein3_rbs	1.4	0.0	0.0
53	__ribosome	49.2	0.0	0.0
53	__rnase_site_ext	10.0	0.0	0.0
53	p0	1.0	0.0	0.0
53	p2	1.0	0.0	0.0
53	protein1	145.6	9.4	2.4263636
53	protein2	111.0	8.8	2.585029
53	protein3	15.8	2.2	2.9333332000000003
53	rnapol	0.4	0.0	0.0
54	__protein1_rbs	5.2	0.0	0.0
54	__protein2_rbs	3.2	0.0	0.0
54	__protein3_rbs	0.8	0.0	0.0
54	__ribosome	47.2	0.0	0.0
54	__rnase_site_ext	10.2	0.0	0.0
54	p0	0.8	0.0	0.0
54	p2	1.0	0.0	0.0
54	protein1	149.4	9.6	2.4442424000000003
54	protein2	114.6	8.8	2.7426407999999998
54	protein3	17.4	2.4	2.4
54	rnapol	0.2	0.0	0.0
55	__protein1_rbs	5.0	0.0	0.0
55	__protein2_rbs	5.0	0.0	0.0
55	__protein3_rbs	0.6	0.0	0.0
55	__ribosome	47.0	0.0	0.0
55	__rnase_site_ext	10.2	0.0	0.0
55	p0	1.0	0.0	0.0
55	p2	1.0	0.0	0.0
55	protein1	153.2	9.6	2.4984342
55	protein2	119.4	9.0	2.560332
55	protein3	18.2	2.4	2.7666666
55	rnapol	0.2	0.0	0.0
56	__protein1_rbs	5.0	0.0	0.0
56	__protein2_rbs	4.4	0.0	0.0
56	__protein3_rbs	1.2	0.0	0.0
56	__ribosome	47.2	0.0	0.0
56	__rnase_site_ext	10.2	0.0	0.0
56	p0	1.0	0.0	0.0
56	p2	0.8	0.0	0.0
56	protein1	157.8	9.8	2.4153027999999996
56	protein2	123.8	9.6	2.3802524
56	protein3	19.2	2.4	2.6
56	rnapol	0.6	0.0	0.0
57	__protein1_rbs	5.4	0.0	0.0
57	__protein2_rbs	4.8	0.0	0.0
57	__protein3_rbs	1.8	0.0	0.0
57	__ribosome	48.2	0.0	0.0
57	__rnase_site_ext	10.2	0.0	0.0
57	p0	1.0	0.0	0.0
57	p2	0.8	0.0	0.0
57	protein1	162.8	9.8	2.3575252
57	protein2	128.0	9.6	2.3844444
57	protein3	20.6	2.4	2.3333334
57	rnapol	0.6	0.0	0.0
58	__protein1_rbs	6.2	0.0	0.0
58	__protein2_rbs	4.0	0.0	0.0
58	__protein3_rbs	0.8	0.0	0.0
58	__ribosome	47.8	0.0	0.0
58	__rnase_site_ext	10.4	0.0	0.0
58	p0	1.0	0.0	0.0
58	p2	1.0	0.0	0.0
58	protein1	167.6	9.8	2.1985352
58	protein2	132.6	9.6	2.4755556
58	protein3	21.4	2.4	2.7333334
58	rnapol	0.6	0.0	0.0
59	__protein1_rbs	4.2	0.0	0.0
59	__protein2_rbs	3.4	0.0	0.0
59	__protein3_rbs	1.2	0.0	0.0
59	__ribosome	46.2	0.0	0.0
59	__rnase_site_ext	10.8	0.0	0.0
59	p0	0.4	0.0	0.0
59	p2	1.0	0.0	0.0
59	protein1	171.8	10.0	2.3235354
59	protein2	137.6	9.8	2.4644444
59	protein3	23.0	2.6	2.45
59	rnapol	0.4	0.0	0.0
60	__protein1_rbs	6.6	0.0	0.0
60	__protein2_rbs	4.2	0.0	0.0
60	__protein3_rbs	0.6	0.0	0.0
60	__ribosome	47.0	0.0	0.0
60	__rnase_site_ext	11.0	0.0	0.0
60	p0	1.0	0.0	0.0
60	p2	1.0	0.0	0.0
60	protein1	177.2	10.2	2.0755944
60	protein2	142.0	10.0	2.5404544
60	protein3	24.4	2.6	2.6166666000000003
60	rnapol	0.8	0.0	0.0
61	__protein1_rbs	4.8	0.0	0.0
61	__protein2_rbs	5.2	0.0	0.0
61	__protein3_rbs	1.6	0.0	0.0
61	__ribosome	46.0	0.0	0.0
61	__rnase_site_ext	11.0	0.0	0.0
61	p0	1.0	0.0	0.0
61	p2	1.0	0.0	0.0
61	protein1	181.4	10.6	2.1386363999999998
61	protein2	145.6	10.0	2.5686362000000003
61	protein3	25.8	2.6	2.5
61	rnapol	1.0	0.0	0.0
62	__protein1_rbs	5.0	0.0	0.0
62	__protein2_rbs	4.0	0.0	0.0
62	__protein3_rbs	1.6	0.0	0.0
62	__ribosome	44.6	0.0	0.0
62	__rnase_site_ext	11.0	0.0	0.0
62	p0	1.0	0.0	0.0
62	p2	1.0	0.0	0.0
62	protein1	185.6	10.6	2.2860916
62	protein2	151.2	10.0	2.5204544
62	protein3	26.6	2.6	2.6333333999999997
62	rnapol	1.2	0.0	0.0
63	__protein1_rbs	6.0	0.0	0.0
63	__protein2_rbs	5.8	0.0	0.0
63	__protein3_rbs	1.4	0.0	0.0
63	__ribosome	44.0	0.0	0.0
63	__rnase_site_ext	11.6	0.0	0.0
63	p0	0.6	0.0	0.0
63	p2	0.8	0.0	0.0
63	protein1	188.6	10.6	2.3546812000000004
63	protein2	155.4	10.2	2.3963634
63	protein3	27.6	2.4	3.0
63	rnapol	0.6	0.0	0.0
64	__protein1_rbs	5.2	0.0	0.0
64	__protein2_rbs	4.8	0.0	0.0
64	__protein3_rbs	1.0	0.0	0.0
64	__ribosome	45.0	0.0	0.0
64	__rnase_site_ext	11.6	0.0	0.0
64	p0	0.8	0.0	0.0
64	p2	0.6	0.0	0.0
64	protein1	193.4	11.0	2.3036322
64	protein2	161.2	10.2	2.316818
64	protein3	29.4	2.4	2.7
64	rnapol	0.8	0.0	0.0
65	__protein1_rbs	5.8	0.0	0.0
65	__protein2_rbs	6.2	0.0	0.0
65	__protein3_rbs	1.4	0.0	0.0
65	__ribosome	48.0	0.0	0.0
65	__rnase_site_ext	11.8	0.0	0.0
65	p0	0.6	0.0	0.0
65	p2	0.8	0.0	0.0
65	protein1	199.0	11.2	2.1535896
65	protein2	166.4	10.2	2.212121
65	protein3	31.4	2.4	2.3666668
65	rnapol	0.6	0.0	0.0
66	__protein1_rbs	5.6	0.0	0.0
66	__protein2_rbs	5.2	0.0	0.0
66	__protein3_rbs	1.0	0.0	0.0
66	__ribosome	46.0	0.0	0.0
66	__rnase_site_ext	11.6	0.0	0.0
66	p0	0.8	0.0	0.0
66	p2	1.0	0.0	0.0
66	protein1	204.6	11.2	2.1066666
66	protein2	169.6	10.4	2.3303032000000004
66	protein3	32.0	2.8	2.3
66	rnapol	0.8	0.0	0.0
67	__protein1_rbs	4.2	0.0	0.0
67	__protein2_rbs	4.4	0.0	0.0
67	__protein3_rbs	1.6	0.0	0.0
67	__ribosome	44.4	0.0	0.0
67	__rnase_site_ext	12.2	0.0	0.0
67	p0	0.6	0.0	0.0
67	p2	1.0	0.0	0.0
67	protein1	209.2	11.2	2.3034382
67	protein2	175.4	10.2	2.3426262
67	protein3	33.2	2.8	2.2166667999999996
67	rnapol	0.4	0.0	0.0
68	__protein1_rbs	6.2	0.0	0.0
68	__protein2_rbs	5.6	0.0	0.0
68	__protein3_rbs	1.6	0.0	0.0
68	__ribosome	42.6	0.0	0.0
68	__rnase_site_ext	11.8	0.0	0.0
68	p0	1.0	0.0	0.0
68	p2	0.8	0.0	0.0
68	protein1	213.0	11.6	2.3154762000000004
68	protein2	179.6	10.6	2.3244756000000004
68	protein3	34.2	2.8	2.3333334
68	rnapol	0.4	0.0	0.0
69	__protein1_rbs	5.2	0.0	0.0
69	__protein2_rbs	5.4	0.0	0.0
69	__protein3_rbs	2.0	0.0	0.0
69	__ribosome	42.0	0.0	0.0
69	__rnase_site_ext	12.0	0.0	0.0
69	p0	0.6	0.0	0.0
69	p2	0.8	0.0	0.0
69	protein1	217.8	11.4	2.5166668000000003
69	protein2	183.8	10.8	2.3424244
69	protein3	35.8	2.8	1.9333332
69	rnapol	0.2	0.0	0.0
70	__protein1_rbs	7.8	0.0	0.0
70	__protein2_rbs	4.2	0.0	0.0
70	__protein3_rbs	1.8	0.0	0.0
70	__ribosome	41.8	0.0	0.0
70	__rnase_site_ext	11.8	0.0	0.0
70	p0	0.8	0.0	0.0
70	p2	1.0	0.0	0.0
70	protein1	223.2	11.4	2.3619048000000005
70	protein2	188.0	10.8	2.4623154
70	protein3	36.8	3.0	2.0333334
70	rnapol	0.2	0.0	0.0
71	__protein1_rbs	7.0	0.0	0.0
71	__protein2_rbs	6.6	0.0	0.0
71	__protein3_rbs	1.8	0.0	0.0
71	__ribosome	42.8	0.0	0.0
71	__rnase_site_ext	12.0	0.0	0.0
71	p0	1.0	0.0	0.0
71	p2	1.0	0.0	0.0
71	protein1	228.2	11.4	2.3032966000000004
71	protein2	193.2	10.8	2.3874904
71	protein3	37.8	3.0	2.1166668
71	rnapol	0.4	0.0	0.0
72	__protein1_rbs	5.2	0.0	0.0
72	__protein2_rbs	4.8	0.0	0.0
72	__protein3_rbs	1.0	0.0	0.0
72	__ribosome	39.6	0.0	0.0
72	__rnase_site_ext	11.8	0.0	0.0
72	p0	1.0	0.0	0.0
72	p2	1.0	0.0	0.0
72	protein1	233.4	11.6	2.326923
72	protein2	198.0	11.2	2.4495726
72	protein3	39.0	3.0	2.4
72	rnapol	0.6	0.0	0.0
73	__protein1_rbs	6.4	0.0	0.0
73	__protein2_rbs	6.6	0.0	0.0
73	__protein3_rbs	1.6	0.0	0.0
73	__ribosome	41.2	0.0	0.0
73	__rnase_site_ext	11.8	0.0	0.0
73	p0	0.8	0.0	0.0
73	p2	0.8	0.0	0.0
73	protein1	239.6	11.6	2.2082418
73	protein2	203.0	11.4	2.315128
73	protein3	39.8	3.0	2.4833334
73	rnapol	0.4	0.0	0.0
74	__protein1_rbs	5.0	0.0	0.0
74	__protein2_rbs	6.6	0.0	0.0
74	__protein3_rbs	1.8	0.0	0.0
74	__ribosome	43.6	0.0	0.0
74	__rnase_site_ext	11.8	0.0	0.0
74	p0	0.4	0.0	0.0
74	p2	1.0	0.0	0.0
74	protein1	245.2	11.4	2.1774726
74	protein2	208.2	11.8	2.1839936
74	protein3	41.6	3.0	2.2
74	rnapol	0.4	0.0	0.0
75	__protein1_rbs	5.4	0.0	0.0
75	__protein2_rbs	6.4	0.0	0.0
75	__protein3_rbs	1.2	0.0	0.0
75	__ribosome	42.8	0.0	0.0
75	__rnase_site_ext	12.4	0.0	0.0
75	p0	0.8	0.0	0.0
75	p2	1.0	0.0	0.0
75	protein1	249.6	11.4	2.23315
75	protein2	214.4	11.8	2.1249417999999998
75	protein3	43.2	3.2	2.3533334
75	rnapol	0.4	0.0	0.0
76	__protein1_rbs	6.2	0.0	0.0
76	__protein2_rbs	7.6	0.0	0.0
76	__protein3_rbs	1.8	0.0	0.0
76	__ribosome	42.4	0.0	0.0
76	__rnase_site_ext	12.4	0.0	0.0
76	p0	1.0	0.0	0.0
76	p2	1.0	0.0	0.0
76	protein1	254.4	11.8	2.1820512
76	protein2	218.8	12.4	2.0219782000000004
76	protein3	44.8	3.2	2.2933334000000003
76	rnapol	0.4	0.0	0.0
77	__protein1_rbs	5.8	0.0	0.0
77	__protein2_rbs	5.2	0.0	0.0
77	__protein3_rbs	1.6	0.0	0.0
77	__ribosome	39.0	0.0	0.0
77	__rnase_site_ext	12.6	0.0	0.0
77	p0	0.8	0.0	0.0
77	p2	1.0	0.0	0.0
77	protein1	259.4	12.0	2.2384614
77	protein2	224.4	12.4	2.1850916
77	protein3	45.8	3.2	2.4333334
77	rnapol	0.6	0.0	0.0
78	__protein1_rbs	7.8	0.0	0.0
78	__protein2_rbs	6.8	0.0	0.0
78	__protein3_rbs	1.8	0.0	0.0
78	__ribosome	38.6	0.0	0.0
78	__rnase_site_ext	12.6	0.0	0.0
78	p0	1.0	0.0	0.0
78	p2	1.0	0.0	0.0
78	protein1	264.0	12.0	2.2269229999999998
78	protein2	229.2	12.8	2.1838094
78	protein3	47.2	3.2	2.4666666
78	rnapol	1.2	0.0	0.0
79	__protein1_rbs	7.0	0.0	0.0
79	__protein2_rbs	7.4	0.0	0.0
79	__protein3_rbs	1.2	0.0	0.0
79	__ribosome	37.8	0.0	0.0
79	__rnase_site_ext	13.2	0.0	0.0
79	p0	0.4	0.0	0.0
79	p2	1.0	0.0	0.0
79	protein1	269.2	12.2	2.1804944
79	protein2	233.6	13.0	2.2050549999999998
79	protein3	49.0	3.2	2.4933334
79	rnapol	0.6	0.0	0.0
80	__protein1_rbs	7.6	0.0	0.0
80	__protein2_rbs	7.2	0.0	0.0
80	__protein3_rbs	1.8	0.0	0.0
80	__ribosome	38.4	0.0	0.0
80	__rnase_site_ext	13.2	0.0	0.0
80	p0	1.0	0.0	0.0
80	p2	1.0	0.0	0.0
80	protein1	274.6	12.4	2.112088
80	protein2	239.2	13.0	2.2336264
80	protein3	50.8	3.2	2.3600000000000003
80	rnapol	1.2	0.0	0.0
81	__protein1_rbs	6.4	0.0	0.0
81	__protein2_rbs	7.0	0.0	0.0
81	__protein3_rbs	1.0	0.0	0.0
81	__ribosome	36.6	0.0	0.0
81	__rnase_site_ext	13.4	0.0	0.0
81	p0	1.0	0.0	0.0
81	p2	1.0	0.0	0.0
81	protein1	280.0	12.8	2.1432236000000002
81	protein2	244.4	12.4	2.3527472
81	protein3	51.8	3.2	2.5733334
81	rnapol	1.2	0.0	0.0
82	__protein1_rbs	7.6	0.0	0.0
82	__protein2_rbs	6.4	0.0	0.0
82	__protein3_rbs	2.0	0.0	0.0
82	__ribosome	38.4	0.0	0.0
82	__rnase_site_ext	13.8	0.0	0.0
82	p0	0.6	0.0	0.0
82	p2	1.0	0.0	0.0
82	protein1	285.8	13.2	2.008962
82	protein2	250.8	12.4	2.2739926
82	protein3	53.2	3.2	2.4666666
82	rnapol	1.0	0.0	0.0
83	__protein1_rbs	7.2	0.0	0.0
83	__protein2_rbs	6.2	0.0	0.0
83	__protein3_rbs	2.0	0.0	0.0
83	__ribosome	37.6	0.0	0.0
83	__rnase_site_ext	13.6	0.0	0.0
83	p0	1.0	0.0	0.0
83	p2	1.0	0.0	0.0
83	protein1	290.4	13.2	2.0738462
83	protein2	256.8	12.4	2.302564
83	protein3	55.2	3.0	2.4066666000000003
83	rnapol	1.0	0.0	0.0
84	__protein1_rbs	7.2	0.0	0.0
84	__protein2_rbs	6.8	0.0	0.0
84	__protein3_rbs	1.8	0.0	0.0
84	__ribosome	35.6	0.0	0.0
84	__rnase_site_ext	13.6	0.0	0.0
84	p0	0.4	0.0	0.0
84	p2	0.8	0.0	0.0
84	protein1	295.0	13.2	2.2185836
84	protein2	261.0	12.6	2.3934064
84	protein3	57.2	3.0	2.2
84	rnapol	0.6	0.0	0.0
85	__protein1_rbs	6.0	0.0	0.0
85	__protein2_rbs	6.2	0.0	0.0
85	__protein3_rbs	1.6	0.0	0.0
85	__ribosome	34.6	0.0	0.0
85	__rnase_site_ext	14.4	0.0	0.0
85	p0	0.6	0.0	0.0
85	p2	0.6	0.0	0.0
85	protein1	299.6	13.6	2.3342857999999995
85	protein2	268.4	12.6	2.2399267999999997
85	protein3	58.2	3.0	2.4266666
85	rnapol	0.2	0.0	0.0
86	__protein1_rbs	7.4	0.0	0.0
86	__protein2_rbs	8.0	0.0	0.0
86	__protein3_rbs	1.6	0.0	0.0
86	__ribosome	34.6	0.0	0.0
86	__rnase_site_ext	14.6	0.0	0.0
86	p0	0.8	0.0	0.0
86	p2	1.0	0.0	0.0
86	protein1	306.0	13.6	2.3079363999999996
86	protein2	272.4	12.6	2.2275946
86	protein3	59.6	3.2	2.19
86	rnapol	0.0	0.0	0.0
87	__protein1_rbs	8.4	0.0	0.0
87	__protein2_rbs	8.6	0.0	0.0
87	__protein3_rbs	1.6	0.0	0.0
87	__ribosome	38.0	0.0	0.0
87	__rnase_site_ext	14.6	0.0	0.0
87	p0	1.0	0.0	0.0
87	p2	1.0	0.0	0.0
87	protein1	311.8	14.0	2.1435714
87	protein2	278.8	12.6	2.0735041999999995
87	protein3	61.2	3.4	2.1333333999999997
87	rnapol	0.0	0.0	0.0
88	__protein1_rbs	7.4	0.0	0.0
88	__protein2_rbs	6.6	0.0	0.0
88	__protein3_rbs	2.0	0.0	0.0
88	__ribosome	38.2	0.0	0.0
88	__rnase_site_ext	14.4	0.0	0.0
88	p0	1.0	0.0	0.0
88	p2	1.0	0.0	0.0
88	protein1	318.8	14.0	2.0713093999999996
88	protein2	284.4	12.8	2.0718680000000003
88	protein3	62.4	3.2	2.8333334
88	rnapol	0.0	0.0	0.0
89	__protein1_rbs	5.4	0.0	0.0
89	__protein2_rbs	6.8	0.0	0.0
89	__protein3_rbs	1.8	0.0	0.0
89	__ribosome	34.2	0.0	0.0
89	__rnase_site_ext	14.2	0.0	0.0
89	p0	1.0	0.0	0.0
89	p2	1.0	0.0	0.0
89	protein1	322.8	14.0	2.364762
89	protein2	290.6	12.8	2.0391939999999997
89	protein3	63.8	3.2	2.75
89	rnapol	0.4	0.0	0.0
90	__protein1_rbs	8.0	0.0	0.0
90	__protein2_rbs	8.0	0.0	0.0
90	__protein3_rbs	2.4	0.0	0.0
90	__ribosome	37.0	0.0	0.0
90	__rnase_site_ext	14.4	0.0	0.0
90	p0	0.6	0.0	0.0
90	p2	1.0	0.0	0.0
90	protein1	329.2	13.6	2.3323810000000003
90	protein2	296.4	13.2	1.9336263999999999
90	protein3	64.8	3.2	2.5
90	rnapol	0.4	0.0	0.0
91	__protein1_rbs	6.0	0.0	0.0
91	__protein2_rbs	7.8	0.0	0.0
91	__protein3_rbs	2.4	0.0	0.0
91	__ribosome	36.6	0.0	0.0
91	__rnase_site_ext	14.6	0.0	0.0
91	p0	0.8	0.0	0.0
91	p2	1.0	0.0	0.0
91	protein1	336.4	13.6	2.3180954000000003
91	protein2	300.8	13.4	2.0088888000000003
91	protein3	66.2	3.2	2.2333334
91	rnapol	0.2	0.0	0.0
92	__protein1_rbs	8.6	0.0	0.0
92	__protein2_rbs	8.6	0.0	0.0
92	__protein3_rbs	0.8	0.0	0.0
92	__ribosome	34.2	0.0	0.0
92	__rnase_site_ext	14.8	0.0	0.0
92	p0	0.8	0.0	0.0
92	p2	1.0	0.0	0.0
92	protein1	341.8	14.0	2.253052
92	protein2	305.0	13.8	2.0747864
92	protein3	67.8	3.2	2.4166666
92	rnapol	0.6	0.0	0.0
93	__protein1_rbs	8.2	0.0	0.0
93	__protein2_rbs	8.4	0.0	0.0
93	__protein3_rbs	2.6	0.0	0.0
93	__ribosome	33.4	0.0	0.0
93	__rnase_site_ext	15.0	0.0	0.0
93	p0	1.0	0.0	0.0
93	p2	1.0	0.0	0.0
93	protein1	347.6	14.4	2.2185714
93	protein2	309.8	14.2	2.0894842
93	protein3	69.0	3.2	1.9166666
93	rnapol	0.4	0.0	0.0
94	__protein1_rbs	8.4	0.0	0.0
94	__protein2_rbs	8.0	0.0	0.0
94	__protein3_rbs	1.6	0.0	0.0
94	__ribosome	34.2	0.0	0.0
94	__rnase_site_ext	15.0	0.0	0.0
94	p0	0.8	0.0	0.0
94	p2	1.0	0.0	0.0
94	protein1	353.8	14.4	2.1464286
94	protein2	316.2	14.6	2.0058334
94	protein3	70.2	3.2	1.7833333999999998
94	rnapol	0.4	0.0	0.0
95	__protein1_rbs	8.4	0.0	0.0
95	__protein2_rbs	8.4	0.0	0.0
95	__protein3_rbs	1.4	0.0	0.0
95	__ribosome	33.8	0.0	0.0
95	__rnase_site_ext	15.6	0.0	0.0
95	p0	0.6	0.0	0.0
95	p2	0.8	0.0	0.0
95	protein1	360.8	14.4	2.044881
95	protein2	321.2	14.8	2.0807352000000003
95	protein3	71.2	3.2	1.8833332
95	rnapol	0.0	0.0	0.0
96	__protein1_rbs	7.2	0.0	0.0
96	__protein2_rbs	9.0	0.0	0.0
96	__protein3_rbs	2.0	0.0	0.0
96	__ribosome	34.8	0.0	0.0
96	__rnase_site_ext	15.6	0.0	0.0
96	p0	1.0	0.0	0.0
96	p2	0.8	0.0	0.0
96	protein1	366.2	14.6	2.0491666000000004
96	protein2	328.4	14.8	2.004804
96	protein3	73.0	3.2	1.6333334000000002
96	rnapol	0.2	0.0	0.0
97	__protein1_rbs	9.2	0.0	0.0
97	__protein2_rbs	8.4	0.0	0.0
97	__protein3_rbs	2.0	0.0	0.0
97	__ribosome	35.8	0.0	0.0
97	__rnase_site_ext	15.6	0.0	0.0
97	p0	0.8	0.0	0.0
97	p2	0.8	0.0	0.0
97	protein1	374.0	15.0	1.8179488000000001
97	protein2	333.4	14.6	2.1559316
97	protein3	74.4	3.4	1.45
97	rnapol	0.2	0.0	0.0
98	__protein1_rbs	9.4	0.0	0.0
98	__protein2_rbs	6.6	0.0	0.0
98	__protein3_rbs	2.4	0.0	0.0
98	__ribosome	34.6	0.0	0.0
98	__rnase_site_ext	15.4	0.0	0.0
98	p0	0.6	0.0	0.0
98	p2	1.0	0.0	0.0
98	protein1	379.8	15.0	1.7863461999999999
98	protein2	339.2	14.4	2.3083334
98	protein3	75.2	3.2	1.6333334000000002
98	rnapol	0.2	0.0	0.0
99	__protein1_rbs	7.8	0.0	0.0
99	__protein2_rbs	10.0	0.0	0.0
99	__protein3_rbs	1.6	0.0	0.0
99	__ribosome	33.8	0.0	0.0
99	__rnase_site_ext	15.2	0.0	0.0
99	p0	1.0	0.0	0.0
99	p2	1.0	0.0	0.0
99	protein1	384.4	14.8	1.9725
99	protein2	345.6	14.6	2.072197
99	protein3	76.0	3.4	1.8166666
99	rnapol	0.8	0.0	0.0
100	__protein1_rbs	8.6	0.0	0.0
100	__protein2_rbs	9.6	0.0	0.0
100	__protein3_rbs	2.8	0.0	0.0
100	__ribosome	33.0	0.0	0.0
100	__rnase_site_ext	14.6	0.0	0.0
100	p0	0.8	0.0	0.0
100	p2	1.0	0.0	0.0
100	protein1	389.0	14.6	2.1025
100	protein2	351.0	15.0	2.0399018
100	protein3	77.8	3.4	1.6833334
100	rnapol	0.8	0.0	0.0
101	__protein1_rbs	7.6	0.0	0.0
101	__protein2_rbs	8.6	0.0	0.0
101	__protein3_rbs	2.4	0.0	0.0
101	__ribosome	34.6	0.0	0.0
101	__rnase_site_ext	14.2	0.0	0.0
101	p0	1.0	0.0	0.0
101	p2	1.0	0.0	0.0
101	protein1	395.2	14.0	2.1813528
101	protein2	357.8	14.8	2.0071428
101	protein3	79.0	3.4	1.8166666
101	rnapol	1.0	0.0	0.0
102	__protein1_rbs	8.2	0.0	0.0
102	__protein2_rbs	8.2	0.0	0.0
102	__protein3_rbs	1.6	0.0	0.0
102	__ribosome	35.2	0.0	0.0
102	__rnase_site_ext	14.2	0.0	0.0
102	p0	0.8	0.0	0.0
102	p2	1.0	0.0	0.0
102	protein1	402.2	13.6	2.1774244
102	protein2	364.4	15.0	1.955
102	protein3	80.2	3.2	2.15
102	rnapol	0.8	0.0	0.0
103	__protein1_rbs	8.0	0.0	0.0
103	__protein2_rbs	9.0	0.0	0.0
103	__protein3_rbs	1.4	0.0	0.0
103	__ribosome	34.6	0.0	0.0
103	__rnase_site_ext	14.2	0.0	0.0
103	p0	0.8	0.0	0.0
103	p2	1.0	0.0	0.0
103	protein1	407.2	13.8	2.1589128000000004
103	protein2	370.8	15.4	1.9154108
103	protein3	81.4	3.0	2.4833334
103	rnapol	0.6	0.0	0.0
104	__protein1_rbs	8.2	0.0	0.0
104	__protein2_rbs	9.0	0.0	0.0
104	__protein3_rbs	1.4	0.0	0.0
104	__ribosome	35.0	0.0	0.0
104	__rnase_site_ext	14.4	0.0	0.0
104	p0	0.8	0.0	0.0
104	p2	1.0	0.0	0.0
104	protein1	413.8	13.8	2.0780252000000003
104	protein2	376.6	15.6	1.9493628
104	protein3	83.2	3.0	2.0166666
104	rnapol	0.6	0.0	0.0
105	__protein1_rbs	6.6	0.0	0.0
105	__protein2_rbs	10.0	0.0	0.0
105	__protein3_rbs	2.2	0.0	0.0
105	__ribosome	33.4	0.0	0.0
105	__rnase_site_ext	13.8	0.0	0.0
105	p0	0.8	0.0	0.0
105	p2	1.0	0.0	0.0
105	protein1	419.2	13.8	2.2274474
105	protein2	382.8	15.4	1.9307692
105	protein3	83.6	3.0	2.0833334
105	rnapol	1.0	0.0	0.0
106	__protein1_rbs	7.4	0.0	0.0
106	__protein2_rbs	9.6	0.0	0.0
106	__protein3_rbs	2.0	0.0	0.0
106	__ribosome	32.0	0.0	0.0
106	__rnase_site_ext	14.2	0.0	0.0
106	p0	0.6	0.0	0.0
106	p2	1.0	0.0	0.0
106	protein1	424.6	13.4	2.384594
106	protein2	387.6	15.6	1.975509
106	protein3	85.0	2.8	2.0666666
106	rnapol	1.0	0.0	0.0
107	__protein1_rbs	8.8	0.0	0.0
107	__protein2_rbs	9.0	0.0	0.0
107	__protein3_rbs	1.6	0.0	0.0
107	__ribosome	33.8	0.0	0.0
107	__rnase_site_ext	14.0	0.0	0.0
107	p0	0.8	0.0	0.0
107	p2	1.0	0.0	0.0
107	protein1	430.6	13.8	2.1950824
107	protein2	395.0	15.8	1.9278620000000004
107	protein3	86.4	2.8	2.0333334
107	rnapol	1.2	0.0	0.0
108	__protein1_rbs	7.6	0.0	0.0
108	__protein2_rbs	9.0	0.0	0.0
108	__protein3_rbs	0.8	0.0	0.0
108	__ribosome	33.8	0.0	0.0
108	__rnase_site_ext	14.4	0.0	0.0
108	p0	0.4	0.0	0.0
108	p2	1.0	0.0	0.0
108	protein1	437.6	13.6	2.1909523999999996
108	protein2	400.8	15.8	1.9594304
108	protein3	88.0	2.8	2.1333332
108	rnapol	0.8	0.0	0.0
109	__protein1_rbs	8.2	0.0	0.0
109	__protein2_rbs	8.4	0.0	0.0
109	__protein3_rbs	1.6	0.0	0.0
109	__ribosome	34.6	0.0	0.0
109	__rnase_site_ext	14.6	0.0	0.0
109	p0	1.0	0.0	0.0
109	p2	0.8	0.0	0.0
109	protein1	443.2	13.6	2.1230843999999998
109	protein2	408.0	15.6	2.0040172
109	protein3	89.2	2.8	2.0666668
109	rnapol	1.0	0.0	0.0
110	__protein1_rbs	7.6	0.0	0.0
110	__protein2_rbs	8.0	0.0	0.0
110	__protein3_rbs	2.0	0.0	0.0
110	__ribosome	32.6	0.0	0.0
110	__rnase_site_ext	14.8	0.0	0.0
110	p0	0.8	0.0	0.0
110	p2	1.0	0.0	0.0
110	protein1	450.2	14.0	2.0199726000000005
110	protein2	413.0	15.8	2.1061964
110	protein3	90.2	3.0	2.1333333999999997
110	rnapol	1.0	0.0	0.0
111	__protein1_rbs	8.4	0.0	0.0
111	__protein2_rbs	9.6	0.0	0.0
111	__protein3_rbs	1.8	0.0	0.0
111	__ribosome	32.0	0.0	0.0
111	__rnase_site_ext	15.0	0.0	0.0
111	p0	0.8	0.0	0.0
111	p2	1.0	0.0	0.0
111	protein1	455.4	14.2	2.0438462
111	protein2	418.8	16.0	2.0750252000000002
111	protein3	91.4	3.0	2.25
111	rnapol	0.8	0.0	0.0
112	__protein1_rbs	9.8	0.0	0.0
112	__protein2_rbs	9.6	0.0	0.0
112	__protein3_rbs	1.8	0.0	0.0
112	__ribosome	34.2	0.0	0.0
112	__rnase_site_ext	14.8	0.0	0.0
112	p0	0.6	0.0	0.0
112	p2	1.0	0.0	0.0
112	protein1	460.6	14.2	1.9463462
112	protein2	425.8	16.0	2.0833334
112	protein3	93.2	3.0	2.0
112	rnapol	0.8	0.0	0.0
113	__protein1_rbs	8.4	0.0	0.0
113	__protein2_rbs	9.8	0.0	0.0
113	__protein3_rbs	2.0	0.0	0.0
113	__ribosome	35.4	0.0	0.0
113	__rnase_site_ext	15.4	0.0	0.0
113	p0	0.8	0.0	0.0
113	p2	1.0	0.0	0.0
113	protein1	467.2	14.2	1.9030886
113	protein2	432.4	16.2	2.0415034
113	protein3	94.2	3.0	2.1333333999999997
113	rnapol	0.6	0.0	0.0
114	__protein1_rbs	9.4	0.0	0.0
114	__protein2_rbs	9.6	0.0	0.0
114	__protein3_rbs	1.8	0.0	0.0
114	__ribosome	34.0	0.0	0.0
114	__rnase_site_ext	15.2	0.0	0.0
114	p0	0.8	0.0	0.0
114	p2	0.8	0.0	0.0
114	protein1	471.4	14.8	1.9270172000000003
114	protein2	439.4	16.2	2.0060774
114	protein3	95.6	3.0	2.0
114	rnapol	0.4	0.0	0.0
115	__protein1_rbs	9.6	0.0	0.0
115	__protein2_rbs	8.8	0.0	0.0
115	__protein3_rbs	1.6	0.0	0.0
115	__ribosome	35.6	0.0	0.0
115	__rnase_site_ext	15.0	0.0	0.0
115	p0	0.8	0.0	0.0
115	p2	0.8	0.0	0.0
115	protein1	478.6	14.6	1.8366666000000005
115	protein2	446.6	16.0	2.0147058
115	protein3	96.6	3.0	2.0333334
115	rnapol	0.2	0.0	0.0
116	__protein1_rbs	8.2	0.0	0.0
116	__protein2_rbs	8.8	0.0	0.0
116	__protein3_rbs	1.6	0.0	0.0
116	__ribosome	33.2	0.0	0.0
116	__rnase_site_ext	15.4	0.0	0.0
116	p0	0.8	0.0	0.0
116	p2	1.0	0.0	0.0
116	protein1	484.0	14.8	1.8782352
116	protein2	452.4	15.6	2.101414
116	protein3	97.4	3.2	2.1
116	rnapol	0.4	0.0	0.0
117	__protein1_rbs	8.4	0.0	0.0
117	__protein2_rbs	8.2	0.0	0.0
117	__protein3_rbs	1.8	0.0	0.0
117	__ribosome	31.6	0.0	0.0
117	__rnase_site_ext	15.6	0.0	0.0
117	p0	0.8	0.0	0.0
117	p2	1.0	0.0	0.0
117	protein1	488.8	14.8	1.9543066000000002
117	protein2	458.6	15.6	2.1457936
117	protein3	98.6	3.2	2.0166668000000003
117	rnapol	0.4	0.0	0.0
118	__protein1_rbs	8.6	0.0	0.0
118	__protein2_rbs	8.8	0.0	0.0
118	__protein3_rbs	2.2	0.0	0.0
118	__ribosome	32.2	0.0	0.0
118	__rnase_site_ext	15.8	0.0	0.0
118	p0	0.8	0.0	0.0
118	p2	1.0	0.0	0.0
118	protein1	494.2	15.0	2.0230556
118	protein2	466.4	15.4	2.1186966000000003
118	protein3	100.2	3.2	1.8
118	rnapol	0.4	0.0	0.0
119	__protein1_rbs	8.8	0.0	0.0
119	__protein2_rbs	8.0	0.0	0.0
119	__protein3_rbs	1.8	0.0	0.0
119	__ribosome	31.0	0.0	0.0
119	__rnase_site_ext	15.8	0.0	0.0
119	p0	0.8	0.0	0.0
119	p2	1.0	0.0	0.0
119	protein1	500.4	15.2	1.9640523999999997
119	protein2	472.2	15.2	2.1986114
119	protein3	100.8	3.2	2.1
119	rnapol	0.4	0.0	0.0
120	__protein1_rbs	8.8	0.0	0.0
120	__protein2_rbs	8.8	0.0	0.0
120	__protein3_rbs	2.0	0.0	0.0
120	__ribosome	30.4	0.0	0.0
120	__rnase_site_ext	15.6	0.0	0.0
120	p0	0.8	0.0	0.0
120	p2	1.0	0.0	0.0
120	protein1	505.8	15.2	2.0742568
120	protein2	479.0	15.0	2.2061346
120	protein3	102.0	3.0	2.3333332
120	rnapol	0.4	0.0	0.0
121	__protein1_rbs	8.8	0.0	0.0
121	__protein2_rbs	9.4	0.0	0.0
121	__protein3_rbs	2.0	0.0	0.0
121	__ribosome	31.4	0.0	0.0
121	__rnase_site_ext	15.2	0.0	0.0
121	p0	1.0	0.0	0.0
121	p2	1.0	0.0	0.0
121	protein1	511.4	15.0	2.155238
121	protein2	485.6	15.2	2.099289
121	protein3	103.4	3.0	2.0000002
121	rnapol	0.8	0.0	0.0
122	__protein1_rbs	7.8	0.0	0.0
122	__protein2_rbs	9.4	0.0	0.0
122	__protein3_rbs	1.4	0.0	0.0
122	__ribosome	32.0	0.0	0.0
122	__rnase_site_ext	15.4	0.0	0.0
122	p0	0.4	0.0	0.0
122	p2	1.0	0.0	0.0
122	protein1	518.2	14.8	2.1159322
122	protein2	492.4	15.6	2.0097248
122	protein3	105.0	3.0	2.0666666
122	rnapol	0.2	0.0	0.0
123	__protein1_rbs	9.0	0.0	0.0
123	__protein2_rbs	9.2	0.0	0.0
123	__protein3_rbs	2.4	0.0	0.0
123	__ribosome	34.2	0.0	0.0
123	__rnase_site_ext	15.2	0.0	0.0
123	p0	1.0	0.0	0.0
123	p2	1.0	0.0	0.0
123	protein1	523.4	14.6	2.1625102000000003
123	protein2	499.4	15.6	1.9131484
123	protein3	106.2	3.0	1.7333333999999998
123	rnapol	0.6	0.0	0.0
124	__protein1_rbs	9.2	0.0	0.0
124	__protein2_rbs	7.4	0.0	0.0
124	__protein3_rbs	2.0	0.0	0.0
124	__ribosome	33.4	0.0	0.0
124	__rnase_site_ext	15.2	0.0	0.0
124	p0	0.8	0.0	0.0
124	p2	1.0	0.0	0.0
124	protein1	530.6	15.0	2.010269
124	protein2	505.0	15.6	2.0601979999999998
124	protein3	107.4	2.8	inf
124	rnapol	0.8	0.0	0.0
125	__protein1_rbs	8.0	0.0	0.0
125	__protein2_rbs	9.2	0.0	0.0
125	__protein3_rbs	1.0	0.0	0.0
125	__ribosome	32.4	0.0	0.0
125	__rnase_site_ext	15.6	0.0	0.0
125	p0	0.8	0.0	0.0
125	p2	1.0	0.0	0.0
125	protein1	536.2	14.8	2.1439956000000002
125	protein2	512.6	15.6	1.9740798
125	protein3	108.8	2.8	inf
125	rnapol	0.4	0.0	0.0
126	__protein1_rbs	10.8	0.0	0.0
126	__protein2_rbs	8.6	0.0	0.0
126	__protein3_rbs	1.2	0.0	0.0
126	__ribosome	31.8	0.0	0.0
126	__rnase_site_ext	15.0	0.0	0.0
126	p0	1.0	0.0	0.0
126	p2	1.0	0.0	0.0
126	protein1	542.0	15.0	2.0036754
126	protein2	517.8	15.8	2.0660344
126	protein3	109.6	2.8	inf
126	rnapol	0.8	0.0	0.0
127	__protein1_rbs	9.0	0.0	0.0
127	__protein2_rbs	9.0	0.0	0.0
127	__protein3_rbs	2.4	0.0	0.0
127	__ribosome	34.4	0.0	0.0
127	__rnase_site_ext	15.4	0.0	0.0
127	p0	1.0	0.0	0.0
127	p2	1.0	0.0	0.0
127	protein1	549.0	14.8	1.9973292
127	protein2	524.4	16.0	2.0328758
127	protein3	111.4	2.6	1.4333334
127	rnapol	0.8	0.0	0.0
128	__protein1_rbs	9.4	0.0	0.0
128	__protein2_rbs	8.8	0.0	0.0
128	__protein3_rbs	1.0	0.0	0.0
128	__ribosome	30.6	0.0	0.0
128	__rnase_site_ext	15.6	0.0	0.0
128	p0	0.6	0.0	0.0
128	p2	0.8	0.0	0.0
128	protein1	554.6	15.2	1.9738093999999997
128	protein2	529.8	16.4	2.1275214
128	protein3	112.0	2.6	1.7333333999999998
128	rnapol	0.4	0.0	0.0
129	__protein1_rbs	8.0	0.0	0.0
129	__protein2_rbs	11.0	0.0	0.0
129	__protein3_rbs	1.6	0.0	0.0
129	__ribosome	34.4	0.0	0.0
129	__rnase_site_ext	15.8	0.0	0.0
129	p0	0.8	0.0	0.0
129	p2	0.8	0.0	0.0
129	protein1	563.2	15.4	1.8648658
129	protein2	537.6	16.2	1.9745296
129	protein3	112.8	2.6	1.7666668
129	rnapol	0.4	0.0	0.0
130	__protein1_rbs	9.2	0.0	0.0
130	__protein2_rbs	8.4	0.0	0.0
130	__protein3_rbs	1.8	0.0	0.0
130	__ribosome	31.0	0.0	0.0
130	__rnase_site_ext	15.6	0.0	0.0
130	p0	1.0	0.0	0.0
130	p2	1.0	0.0	0.0
130	protein1	568.2	15.6	1.9847236
130	protein2	543.6	16.2	2.1115633999999996
130	protein3	114.4	2.6	1.5333332
130	rnapol	0.4	0.0	0.0
131	__protein1_rbs	9.4	0.0	0.0
131	__protein2_rbs	8.8	0.0	0.0
131	__protein3_rbs	1.8	0.0	0.0
131	__ribosome	31.4	0.0	0.0
131	__rnase_site_ext	15.4	0.0	0.0
131	p0	0.8	0.0	0.0
131	p2	1.0	0.0	0.0
131	protein1	574.2	15.6	1.9529392
131	protein2	550.6	16.4	2.1099082000000005
131	protein3	115.8	2.8	1.3333334
131	rnapol	0.4	0.0	0.0
132	__protein1_rbs	10.2	0.0	0.0
132	__protein2_rbs	10.0	0.0	0.0
132	__protein3_rbs	2.0	0.0	0.0
132	__ribosome	31.6	0.0	0.0
132	__rnase_site_ext	15.4	0.0	0.0
132	p0	1.0	0.0	0.0
132	p2	1.0	0.0	0.0
132	protein1	580.0	15.4	1.9868422
132	protein2	557.6	16.6	2.0279534
132	protein3	116.2	2.8	1.4
132	rnapol	0.6	0.0	0.0
133	__protein1_rbs	8.8	0.0	0.0
133	__protein2_rbs	9.2	0.0	0.0
133	__protein3_rbs	2.0	0.0	0.0
133	__ribosome	32.0	0.0	0.0
133	__rnase_site_ext	15.6	0.0	0.0
133	p0	0.8	0.0	0.0
133	p2	1.0	0.0	0.0
133	protein1	585.8	15.2	2.0708333999999997
133	protein2	565.0	16.4	2.0115854
133	protein3	118.0	2.8	1.0666666
133	rnapol	0.6	0.0	0.0
134	__protein1_rbs	9.4	0.0	0.0
134	__protein2_rbs	9.4	0.0	0.0
134	__protein3_rbs	2.0	0.0	0.0
134	__ribosome	33.4	0.0	0.0
134	__rnase_site_ext	16.0	0.0	0.0
134	p0	0.6	0.0	0.0
134	p2	1.0	0.0	0.0
134	protein1	593.2	15.2	1.9705556
134	protein2	572.2	16.6	1.981059
134	protein3	118.8	2.8	1.1333334000000002
134	rnapol	0.4	0.0	0.0
135	__protein1_rbs	9.4	0.0	0.0
135	__protein2_rbs	9.6	0.0	0.0
135	__protein3_rbs	1.6	0.0	0.0
135	__ribosome	30.8	0.0	0.0
135	__rnase_site_ext	15.8	0.0	0.0
135	p0	1.0	0.0	0.0
135	p2	0.8	0.0	0.0
135	protein1	598.4	15.4	2.0273858000000002
135	protein2	577.6	16.6	2.0696358
135	protein3	119.6	2.8	1.2333333999999998
135	rnapol	0.6	0.0	0.0
136	__protein1_rbs	9.8	0.0	0.0
136	__protein2_rbs	10.4	0.0	0.0
136	__protein3_rbs	1.2	0.0	0.0
136	__ribosome	33.4	0.0	0.0
136	__rnase_site_ext	16.2	0.0	0.0
136	p0	0.8	0.0	0.0
136	p2	1.0	0.0	0.0
136	protein1	605.6	15.6	1.9125028000000002
136	protein2	585.8	16.6	1.9187752
136	protein3	120.2	2.8	1.5
136	rnapol	0.6	0.0	0.0
137	__protein1_rbs	10.8	0.0	0.0
137	__protein2_rbs	10.0	0.0	0.0
137	__protein3_rbs	1.6	0.0	0.0
137	__ribosome	35.0	0.0	0.0
137	__rnase_site_ext	16.4	0.0	0.0
137	p0	0.4	0.0	0.0
137	p2	1.0	0.0	0.0
137	protein1	611.6	15.8	1.8299838
137	protein2	593.2	16.4	1.9024258
137	protein3	121.6	3.0	1.5000002000000001
137	rnapol	0.4	0.0	0.0
138	__protein1_rbs	9.0	0.0	0.0
138	__protein2_rbs	9.0	0.0	0.0
138	__protein3_rbs	1.6	0.0	0.0
138	__ribosome	31.6	0.0	0.0
138	__rnase_site_ext	16.8	0.0	0.0
138	p0	1.0	0.0	0.0
138	p2	1.0	0.0	0.0
138	protein1	617.8	16.2	1.8537384
138	protein2	599.0	16.4	2.0014408
138	protein3	122.0	3.0	1.6666666
138	rnapol	0.8	0.0	0.0
139	__protein1_rbs	10.2	0.0	0.0
139	__protein2_rbs	12.0	0.0	0.0
139	__protein3_rbs	1.6	0.0	0.0
139	__ribosome	34.4	0.0	0.0
139	__rnase_site_ext	17.4	0.0	0.0
139	p0	0.4	0.0	0.0
139	p2	1.0	0.0	0.0
139	protein1	625.0	16.6	1.7305952000000002
139	protein2	605.6	16.8	1.8959276000000005
139	protein3	123.4	3.0	1.6666666
139	rnapol	0.4	0.0	0.0
140	__protein1_rbs	9.4	0.0	0.0
140	__protein2_rbs	8.6	0.0	0.0
140	__protein3_rbs	2.4	0.0	0.0
140	__ribosome	31.4	0.0	0.0
140	__rnase_site_ext	16.8	0.0	0.0
140	p0	0.8	0.0	0.0
140	p2	1.0	0.0	0.0
140	protein1	631.0	16.8	1.8219637999999998
140	protein2	612.4	16.4	2.014521
140	protein3	124.4	3.0	1.5666666
140	rnapol	0.2	0.0	0.0
141	__protein1_rbs	10.2	0.0	0.0
141	__protein2_rbs	9.6	0.0	0.0
141	__protein3_rbs	2.0	0.0	0.0
141	__ribosome	28.6	0.0	0.0
141	__rnase_site_ext	16.8	0.0	0.0
141	p0	0.6	0.0	0.0
141	p2	1.0	0.0	0.0
141	protein1	636.0	17.0	1.935614
141	protein2	618.6	16.2	2.0718618
141	protein3	125.8	3.0	1.6
141	rnapol	0.2	0.0	0.0
142	__protein1_rbs	10.6	0.0	0.0
142	__protein2_rbs	9.8	0.0	0.0
142	__protein3_rbs	2.0	0.0	0.0
142	__ribosome	29.2	0.0	0.0
142	__rnase_site_ext	16.8	0.0	0.0
142	p0	1.0	0.0	0.0
142	p2	0.8	0.0	0.0
142	protein1	642.0	16.4	2.0187442
142	protein2	625.0	16.4	2.036394
142	protein3	127.0	3.0	1.4666667999999998
142	rnapol	0.6	0.0	0.0
143	__protein1_rbs	11.2	0.0	0.0
143	__protein2_rbs	9.2	0.0	0.0
143	__protein3_rbs	1.4	0.0	0.0
143	__ribosome	30.2	0.0	0.0
143	__rnase_site_ext	17.0	0.0	0.0
143	p0	0.8	0.0	0.0
143	p2	0.8	0.0	0.0
143	protein1	649.0	16.6	1.9309804
143	protein2	632.6	16.6	1.998051
143	protein3	128.6	3.0	1.4
143	rnapol	0.4	0.0	0.0
144	__protein1_rbs	8.4	0.0	0.0
144	__protein2_rbs	9.2	0.0	0.0
144	__protein3_rbs	2.0	0.0	0.0
144	__ribosome	30.8	0.0	0.0
144	__rnase_site_ext	17.0	0.0	0.0
144	p0	1.0	0.0	0.0
144	p2	1.0	0.0	0.0
144	protein1	656.0	16.6	1.9897478
144	protein2	640.2	16.6	1.9073016
144	protein3	129.6	3.0	1.3666668000000002
144	rnapol	0.6	0.0	0.0
145	__protein1_rbs	9.6	0.0	0.0
145	__protein2_rbs	10.0	0.0	0.0
145	__protein3_rbs	1.6	0.0	0.0
145	__ribosome	30.6	0.0	0.0
145	__rnase_site_ext	17.0	0.0	0.0
145	p0	1.0	0.0	0.0
145	p2	1.0	0.0	0.0
145	protein1	663.6	16.8	1.9122221999999998
145	protein2	646.8	16.8	1.9855514
145	protein3	131.0	3.2	1.2333332
145	rnapol	0.8	0.0	0.0
146	__protein1_rbs	10.6	0.0	0.0
146	__protein2_rbs	10.4	0.0	0.0
146	__protein3_rbs	3.0	0.0	0.0
146	__ribosome	31.4	0.0	0.0
146	__rnase_site_ext	17.0	0.0	0.0
146	p0	0.8	0.0	0.0
146	p2	1.0	0.0	0.0
146	protein1	670.6	16.8	1.8841268
146	protein2	653.8	17.0	1.9404322
146	protein3	131.4	3.2	1.2
146	rnapol	0.6	0.0	0.0
147	__protein1_rbs	11.0	0.0	0.0
147	__protein2_rbs	9.4	0.0	0.0
147	__protein3_rbs	2.8	0.0	0.0
147	__ribosome	27.6	0.0	0.0
147	__rnase_site_ext	17.0	0.0	0.0
147	p0	1.0	0.0	0.0
147	p2	1.0	0.0	0.0
147	protein1	676.6	16.8	1.9242106
147	protein2	658.6	17.2	2.1185316000000003
147	protein3	132.4	3.2	1.0499998
147	rnapol	0.6	0.0	0.0
148	__protein1_rbs	10.0	0.0	0.0
148	__protein2_rbs	11.0	0.0	0.0
148	__protein3_rbs	1.2	0.0	0.0
148	__ribosome	27.2	0.0	0.0
148	__rnase_site_ext	16.6	0.0	0.0
148	p0	0.4	0.0	0.0
148	p2	1.0	0.0	0.0
148	protein1	682.4	16.8	2.0268878
148	protein2	666.0	17.6	1.9936134
148	protein3	134.2	3.2	1.1166665999999998
148	rnapol	0.4	0.0	0.0
149	__protein1_rbs	10.4	0.0	0.0
149	__protein2_rbs	10.0	0.0	0.0
149	__protein3_rbs	2.0	0.0	0.0
149	__ribosome	29.6	0.0	0.0
149	__rnase_site_ext	17.2	0.0	0.0
149	p0	0.8	0.0	0.0
149	p2	1.0	0.0	0.0
149	protein1	690.6	16.4	1.906286
149	protein2	674.6	17.8	1.9431372
149	protein3	135.0	3.2	1.2166666000000002
149	rnapol	0.4	0.0	0.0
150	__protein1_rbs	11.4	0.0	0.0
150	__protein2_rbs	11.6	0.0	0.0
150	__protein3_rbs	2.2	0.0	0.0
150	__ribosome	31.4	0.0	0.0
150	__rnase_site_ext	17.2	0.0	0.0
150	p0	1.0	0.0	0.0
150	p2	1.0	0.0	0.0
150	protein1	697.8	17.0	1.7761022000000002
150	protein2	681.4	17.8	1.8966666
150	protein3	135.8	3.2	1.2833332
150	rnapol	0.8	0.0	0.0
151	__protein1_rbs	12.0	0.0	0.0
151	__protein2_rbs	10.4	0.0	0.0
151	__protein3_rbs	2.6	0.0	0.0
151	__ribosome	31.6	0.0	0.0
151	__rnase_site_ext	17.8	0.0	0.0
151	p0	0.8	0.0	0.0
151	p2	1.0	0.0	0.0
151	protein1	704.2	17.0	1.7094804
151	protein2	688.4	17.8	1.9335294
151	protein3	136.4	3.2	1.3333334
151	rnapol	0.6	0.0	0.0
152	__protein1_rbs	10.4	0.0	0.0
152	__protein2_rbs	10.4	0.0	0.0
152	__protein3_rbs	1.8	0.0	0.0
152	__ribosome	28.4	0.0	0.0
152	__rnase_site_ext	17.6	0.0	0.0
152	p0	0.8	0.0	0.0
152	p2	0.8	0.0	0.0
152	protein1	711.0	17.6	1.7105252
152	protein2	695.4	18.0	1.9859944000000005
152	protein3	137.0	3.2	1.6499998000000002
152	rnapol	0.8	0.0	0.0
153	__protein1_rbs	11.2	0.0	0.0
153	__protein2_rbs	11.8	0.0	0.0
153	__protein3_rbs	2.2	0.0	0.0
153	__ribosome	31.4	0.0	0.0
153	__rnase_site_ext	17.8	0.0	0.0
153	p0	0.6	0.0	0.0
153	p2	0.8	0.0	0.0
153	protein1	717.8	17.4	1.6938215999999997
153	protein2	703.4	18.0	1.9140056
153	protein3	139.0	3.2	1.35
153	rnapol	0.6	0.0	0.0
154	__protein1_rbs	11.6	0.0	0.0
154	__protein2_rbs	10.2	0.0	0.0
154	__protein3_rbs	1.8	0.0	0.0
154	__ribosome	30.2	0.0	0.0
154	__rnase_site_ext	18.0	0.0	0.0
154	p0	0.6	0.0	0.0
154	p2	0.8	0.0	0.0
154	protein1	723.4	17.4	1.7510641999999996
154	protein2	711.6	18.2	1.8873264000000003
154	protein3	140.2	3.2	1.45
154	rnapol	0.6	0.0	0.0
155	__protein1_rbs	12.0	0.0	0.0
155	__protein2_rbs	11.4	0.0	0.0
155	__protein3_rbs	2.0	0.0	0.0
155	__ribosome	28.2	0.0	0.0
155	__rnase_site_ext	18.4	0.0	0.0
155	p0	0.8	0.0	0.0
155	p2	0.6	0.0	0.0
155	protein1	729.6	17.8	1.7248194
155	protein2	716.8	17.8	1.985098
155	protein3	140.8	3.4	1.4333332
155	rnapol	0.4	0.0	0.0
156	__protein1_rbs	10.0	0.0	0.0
156	__protein2_rbs	11.2	0.0	0.0
156	__protein3_rbs	2.4	0.0	0.0
156	__ribosome	27.8	0.0	0.0
156	__rnase_site_ext	18.2	0.0	0.0
156	p0	0.8	0.0	0.0
156	p2	0.8	0.0	0.0
156	protein1	735.6	18.0	1.8318383999999999
156	protein2	724.8	17.4	1.9341836
156	protein3	142.0	3.6	1.41
156	rnapol	0.2	0.0	0.0
157	__protein1_rbs	11.0	0.0	0.0
157	__protein2_rbs	12.6	0.0	0.0
157	__protein3_rbs	2.2	0.0	0.0
157	__ribosome	29.2	0.0	0.0
157	__rnase_site_ext	18.0	0.0	0.0
157	p0	1.0	0.0	0.0
157	p2	1.0	0.0	0.0
157	protein1	741.8	18.0	1.8894993999999998
157	protein2	732.8	18.0	1.7332063999999998
157	protein3	143.4	3.6	1.4066666
157	rnapol	0.4	0.0	0.0
158	__protein1_rbs	11.6	0.0	0.0
158	__protein2_rbs	10.6	0.0	0.0
158	__protein3_rbs	2.8	0.0	0.0
158	__ribosome	29.6	0.0	0.0
158	__rnase_site_ext	18.0	0.0	0.0
158	p0	1.0	0.0	0.0
158	p2	1.0	0.0	0.0
158	protein1	749.6	17.8	1.8592085999999999
158	protein2	739.4	18.2	1.7730926
158	protein3	144.8	3.4	1.31
158	rnapol	0.4	0.0	0.0
159	__protein1_rbs	10.6	0.0	0.0
159	__protein2_rbs	11.4	0.0	0.0
159	__protein3_rbs	2.6	0.0	0.0
159	__ribosome	30.2	0.0	0.0
159	__rnase_site_ext	18.2	0.0	0.0
159	p0	0.6	0.0	0.0
159	p2	1.0	0.0	0.0
159	protein1	757.4	17.8	1.8435004000000002
159	protein2	747.8	18.4	1.7121432
159	protein3	145.6	3.4	1.4033334
159	rnapol	0.0	0.0	0.0
160	__protein1_rbs	10.2	0.0	0.0
160	__protein2_rbs	11.4	0.0	0.0
160	__protein3_rbs	2.0	0.0	0.0
160	__ribosome	27.6	0.0	0.0
160	__rnase_site_ext	18.2	0.0	0.0
160	p0	1.0	0.0	0.0
160	p2	0.8	0.0	0.0
160	protein1	763.8	17.8	1.9251331999999999
160	protein2	753.6	18.6	1.7773678
160	protein3	147.4	3.4	1.3
160	rnapol	0.0	0.0	0.0
161	__protein1_rbs	11.8	0.0	0.0
161	__protein2_rbs	12.6	0.0	0.0
161	__protein3_rbs	2.2	0.0	0.0
161	__ribosome	27.6	0.0	0.0
161	__rnase_site_ext	18.2	0.0	0.0
161	p0	0.8	0.0	0.0
161	p2	0.8	0.0	0.0
161	protein1	771.2	18.0	1.87955
161	protein2	759.8	18.8	1.7906035999999996
161	protein3	148.8	3.4	1.3
161	rnapol	0.4	0.0	0.0
162	__protein1_rbs	12.2	0.0	0.0
162	__protein2_rbs	12.6	0.0	0.0
162	__protein3_rbs	1.6	0.0	0.0
162	__ribosome	28.4	0.0	0.0
162	__rnase_site_ext	18.2	0.0	0.0
162	p0	1.0	0.0	0.0
162	p2	1.0	0.0	0.0
162	protein1	778.2	17.8	1.8288636000000003
162	protein2	766.0	18.8	1.7833732000000002
162	protein3	150.0	3.4	1.4600000000000002
162	rnapol	0.8	0.0	0.0
163	__protein1_rbs	11.2	0.0	0.0
163	__protein2_rbs	10.4	0.0	0.0
163	__protein3_rbs	2.4	0.0	0.0
163	__ribosome	28.8	0.0	0.0
163	__rnase_site_ext	18.4	0.0	0.0
163	p0	1.0	0.0	0.0
163	p2	1.0	0.0	0.0
163	protein1	786.0	18.0	1.7581817999999998
163	protein2	774.4	18.8	1.7857914
163	protein3	150.8	3.6	1.56
163	rnapol	1.4	0.0	0.0
164	__protein1_rbs	11.0	0.0	0.0
164	__protein2_rbs	11.4	0.0	0.0
164	__protein3_rbs	2.2	0.0	0.0
164	__ribosome	30.0	0.0	0.0
164	__rnase_site_ext	18.6	0.0	0.0
164	p0	1.0	0.0	0.0
164	p2	1.0	0.0	0.0
164	protein1	793.4	18.2	1.7464706
164	protein2	782.6	19.2	1.6895049999999998
164	protein3	152.6	3.6	1.4933333999999998
164	rnapol	1.0	0.0	0.0
165	__protein1_rbs	12.8	0.0	0.0
165	__protein2_rbs	10.6	0.0	0.0
165	__protein3_rbs	2.8	0.0	0.0
165	__ribosome	30.6	0.0	0.0
165	__rnase_site_ext	18.8	0.0	0.0
165	p0	0.8	0.0	0.0
165	p2	1.0	0.0	0.0
165	protein1	800.6	18.4	1.6468200000000002
165	protein2	789.2	19.0	1.8097221999999997
165	protein3	154.2	3.6	1.3066666
165	rnapol	0.6	0.0	0.0
166	__protein1_rbs	11.4	0.0	0.0
166	__protein2_rbs	12.2	0.0	0.0
166	__protein3_rbs	2.0	0.0	0.0
166	__ribosome	26.0	0.0	0.0
166	__rnase_site_ext	18.8	0.0	0.0
166	p0	0.4	0.0	0.0
166	p2	0.8	0.0	0.0
166	protein1	805.4	18.6	1.8074730000000003
166	protein2	795.0	18.8	1.8583606
166	protein3	155.2	3.6	1.4933333999999998
166	rnapol	0.2	0.0	0.0
167	__protein1_rbs	11.4	0.0	0.0
167	__protein2_rbs	11.0	0.0	0.0
167	__protein3_rbs	2.0	0.0	0.0
167	__ribosome	24.4	0.0	0.0
167	__rnase_site_ext	19.0	0.0	0.0
167	p0	0.6	0.0	0.0
167	p2	0.8	0.0	0.0
167	protein1	812.6	18.6	1.7861315999999998
167	protein2	801.8	18.8	1.9212176
167	protein3	156.2	3.6	1.6133334
167	rnapol	0.4	0.0	0.0
168	__protein1_rbs	13.2	0.0	0.0
168	__protein2_rbs	12.4	0.0	0.0
168	__protein3_rbs	2.6	0.0	0.0
168	__ribosome	28.2	0.0	0.0
168	__rnase_site_ext	19.0	0.0	0.0
168	p0	1.0	0.0	0.0
168	p2	1.0	0.0	0.0
168	protein1	819.8	18.6	1.6819996
168	protein2	809.8	19.0	1.8244138
168	protein3	158.2	3.8	1.3266666
168	rnapol	0.6	0.0	0.0
169	__protein1_rbs	12.4	0.0	0.0
169	__protein2_rbs	11.4	0.0	0.0
169	__protein3_rbs	2.6	0.0	0.0
169	__ribosome	26.2	0.0	0.0
169	__rnase_site_ext	19.0	0.0	0.0
169	p0	0.6	0.0	0.0
169	p2	1.0	0.0	0.0
169	protein1	827.0	18.8	1.6440822000000002
169	protein2	816.6	18.8	1.9363636000000002
169	protein3	159.0	3.8	1.4666666000000002
169	rnapol	0.6	0.0	0.0
170	__protein1_rbs	13.6	0.0	0.0
170	__protein2_rbs	10.4	0.0	0.0
170	__protein3_rbs	2.8	0.0	0.0
170	__ribosome	27.4	0.0	0.0
170	__rnase_site_ext	19.0	0.0	0.0
170	p0	0.6	0.0	0.0
170	p2	1.0	0.0	0.0
170	protein1	833.8	18.6	1.6430292000000002
170	protein2	826.2	19.0	1.8959633999999999
170	protein3	160.6	3.8	1.38
170	rnapol	0.2	0.0	0.0
171	__protein1_rbs	11.4	0.0	0.0
171	__protein2_rbs	12.8	0.0	0.0
171	__protein3_rbs	2.2	0.0	0.0
171	__ribosome	27.2	0.0	0.0
171	__rnase_site_ext	18.8	0.0	0.0
171	p0	1.0	0.0	0.0
171	p2	1.0	0.0	0.0
171	protein1	840.8	18.8	1.6804686000000002
171	protein2	833.8	18.8	1.8833788
171	protein3	162.4	3.8	1.3333334
171	rnapol	0.2	0.0	0.0
172	__protein1_rbs	12.6	0.0	0.0
172	__protein2_rbs	12.2	0.0	0.0
172	__protein3_rbs	2.8	0.0	0.0
172	__ribosome	26.2	0.0	0.0
172	__rnase_site_ext	18.8	0.0	0.0
172	p0	1.0	0.0	0.0
172	p2	0.8	0.0	0.0
172	protein1	847.0	18.6	1.7158243999999998
172	protein2	841.0	19.2	1.8942651999999998
172	protein3	163.6	3.8	1.3066668
172	rnapol	0.2	0.0	0.0
173	__protein1_rbs	10.8	0.0	0.0
173	__protein2_rbs	12.2	0.0	0.0
173	__protein3_rbs	2.6	0.0	0.0
173	__ribosome	24.6	0.0	0.0
173	__rnase_site_ext	18.6	0.0	0.0
173	p0	1.0	0.0	0.0
173	p2	0.8	0.0	0.0
173	protein1	853.6	18.4	1.7837326
173	protein2	847.0	19.2	1.9392526
173	protein3	165.0	4.0	1.16
173	rnapol	0.4	0.0	0.0
174	__protein1_rbs	13.4	0.0	0.0
174	__protein2_rbs	12.0	0.0	0.0
174	__protein3_rbs	2.0	0.0	0.0
174	__ribosome	29.6	0.0	0.0
174	__rnase_site_ext	18.6	0.0	0.0
174	p0	1.0	0.0	0.0
174	p2	1.0	0.0	0.0
174	protein1	861.0	18.2	1.6798856
174	protein2	857.4	19.4	1.7642798
174	protein3	166.4	3.6	1.35
174	rnapol	0.4	0.0	0.0
175	__protein1_rbs	10.4	0.0	0.0
175	__protein2_rbs	13.4	0.0	0.0
175	__protein3_rbs	2.6	0.0	0.0
175	__ribosome	26.8	0.0	0.0
175	__rnase_site_ext	19.0	0.0	0.0
175	p0	0.6	0.0	0.0
175	p2	1.0	0.0	0.0
175	protein1	867.4	18.2	1.7702613999999999
175	protein2	864.6	20.0	1.7381688000000002
175	protein3	167.6	3.8	1.3533332000000002
175	rnapol	0.2	0.0	0.0
176	__protein1_rbs	13.4	0.0	0.0
176	__protein2_rbs	12.6	0.0	0.0
176	__protein3_rbs	2.0	0.0	0.0
176	__ribosome	28.6	0.0	0.0
176	__rnase_site_ext	18.8	0.0	0.0
176	p0	0.8	0.0	0.0
176	p2	1.0	0.0	0.0
176	protein1	874.6	18.2	1.6730441999999999
176	protein2	873.0	20.0	1.7139592
176	protein3	168.8	3.8	1.4600000000000002
176	rnapol	0.2	0.0	0.0
177	__protein1_rbs	12.6	0.0	0.0
177	__protein2_rbs	11.8	0.0	0.0
177	__protein3_rbs	2.6	0.0	0.0
177	__ribosome	25.8	0.0	0.0
177	__rnase_site_ext	18.8	0.0	0.0
177	p0	1.0	0.0	0.0
177	p2	1.0	0.0	0.0
177	protein1	880.8	18.2	1.6754878000000002
177	protein2	879.8	20.4	1.8119492
177	protein3	170.0	3.8	1.5
177	rnapol	0.4	0.0	0.0
178	__protein1_rbs	11.0	0.0	0.0
178	__protein2_rbs	12.2	0.0	0.0
178	__protein3_rbs	2.0	0.0	0.0
178	__ribosome	25.8	0.0	0.0
178	__rnase_site_ext	18.8	0.0	0.0
178	p0	1.0	0.0	0.0
178	p2	0.8	0.0	0.0
178	protein1	889.0	18.4	1.6264484
178	protein2	886.8	20.6	1.8307146
178	protein3	172.0	3.8	1.4666668
178	rnapol	0.6	0.0	0.0
179	__protein1_rbs	12.4	0.0	0.0
179	__protein2_rbs	13.4	0.0	0.0
179	__protein3_rbs	3.4	0.0	0.0
179	__ribosome	27.8	0.0	0.0
179	__rnase_site_ext	18.8	0.0	0.0
179	p0	0.8	0.0	0.0
179	p2	1.0	0.0	0.0
179	protein1	895.8	18.4	1.5799456
179	protein2	894.6	20.6	1.8411592
179	protein3	173.4	3.8	1.2866667999999999
179	rnapol	0.8	0.0	0.0
180	__protein1_rbs	10.6	0.0	0.0
180	__protein2_rbs	13.6	0.0	0.0
180	__protein3_rbs	2.6	0.0	0.0
180	__ribosome	26.0	0.0	0.0
180	__rnase_site_ext	19.4	0.0	0.0
180	p0	0.8	0.0	0.0
180	p2	1.0	0.0	0.0
180	protein1	902.2	18.4	1.6898319999999998
180	protein2	902.2	20.4	1.840303
180	protein3	174.8	4.0	1.2266667999999998
180	rnapol	1.0	0.0	0.0
181	__protein1_rbs	13.2	0.0	0.0
181	__protein2_rbs	12.4	0.0	0.0
181	__protein3_rbs	2.8	0.0	0.0
181	__ribosome	25.0	0.0	0.0
181	__rnase_site_ext	19.8	0.0	0.0
181	p0	0.8	0.0	0.0
181	p2	1.0	0.0	0.0
181	protein1	907.8	18.8	1.6857736
181	protein2	910.0	20.2	1.8644576
181	protein3	176.0	4.0	1.2266667999999998
181	rnapol	1.0	0.0	0.0
182	__protein1_rbs	13.6	0.0	0.0
182	__protein2_rbs	13.6	0.0	0.0
182	__protein3_rbs	2.8	0.0	0.0
182	__ribosome	28.2	0.0	0.0
182	__rnase_site_ext	20.0	0.0	0.0
182	p0	0.6	0.0	0.0
182	p2	1.0	0.0	0.0
182	protein1	914.8	19.4	1.6154920000000002
182	protein2	920.2	20.0	1.759063
182	protein3	178.0	4.0	1.08
182	rnapol	0.6	0.0	0.0
183	__protein1_rbs	12.0	0.0	0.0
183	__protein2_rbs	12.0	0.0	0.0
183	__protein3_rbs	3.2	0.0	0.0
183	__ribosome	25.2	0.0	0.0
183	__rnase_site_ext	20.2	0.0	0.0
183	p0	1.0	0.0	0.0
183	p2	1.0	0.0	0.0
183	protein1	921.2	19.6	1.7042734
183	protein2	927.2	19.8	1.8623745999999999
183	protein3	179.4	4.0	0.94
183	rnapol	1.2	0.0	0.0
184	__protein1_rbs	14.2	0.0	0.0
184	__protein2_rbs	13.2	0.0	0.0
184	__protein3_rbs	2.4	0.0	0.0
184	__ribosome	25.0	0.0	0.0
184	__rnase_site_ext	20.4	0.0	0.0
184	p0	0.8	0.0	0.0
184	p2	1.0	0.0	0.0
184	protein1	927.8	19.8	1.6769482
184	protein2	934.6	20.0	1.8255452
184	protein3	180.2	4.0	1.1466666
184	rnapol	0.8	0.0	0.0
185	__protein1_rbs	12.6	0.0	0.0
185	__protein2_rbs	13.8	0.0	0.0
185	__protein3_rbs	2.8	0.0	0.0
185	__ribosome	26.8	0.0	0.0
185	__rnase_site_ext	20.0	0.0	0.0
185	p0	1.0	0.0	0.0
185	p2	0.8	0.0	0.0
185	protein1	935.8	20.2	1.6633984000000002
185	protein2	943.4	19.6	1.7520191999999999
185	protein3	181.0	4.0	1.2133334000000002
185	rnapol	0.6	0.0	0.0
186	__protein1_rbs	12.6	0.0	0.0
186	__protein2_rbs	12.4	0.0	0.0
186	__protein3_rbs	2.8	0.0	0.0
186	__ribosome	27.0	0.0	0.0
186	__rnase_site_ext	20.0	0.0	0.0
186	p0	1.0	0.0	0.0
186	p2	0.8	0.0	0.0
186	protein1	942.8	19.8	1.7242910000000002
186	protein2	952.0	19.2	1.7600028
186	protein3	182.6	4.0	1.1800001999999998
186	rnapol	0.4	0.0	0.0
187	__protein1_rbs	12.8	0.0	0.0
187	__protein2_rbs	11.6	0.0	0.0
187	__protein3_rbs	2.6	0.0	0.0
187	__ribosome	25.4	0.0	0.0
187	__rnase_site_ext	19.6	0.0	0.0
187	p0	1.0	0.0	0.0
187	p2	1.0	0.0	0.0
187	protein1	950.4	19.6	1.6931459999999998
187	protein2	958.0	19.6	1.7950602
187	protein3	183.4	4.2	1.2633333999999998
187	rnapol	0.6	0.0	0.0
188	__protein1_rbs	12.4	0.0	0.0
188	__protein2_rbs	12.0	0.0	0.0
188	__protein3_rbs	2.6	0.0	0.0
188	__ribosome	27.4	0.0	0.0
188	__rnase_site_ext	18.8	0.0	0.0
188	p0	1.0	0.0	0.0
188	p2	1.0	0.0	0.0
188	protein1	958.2	19.2	1.6652662
188	protein2	967.0	19.6	1.737772
188	protein3	185.0	4.2	1.2966666
188	rnapol	0.6	0.0	0.0
189	__protein1_rbs	10.2	0.0	0.0
189	__protein2_rbs	14.0	0.0	0.0
189	__protein3_rbs	3.2	0.0	0.0
189	__ribosome	25.4	0.0	0.0
189	__rnase_site_ext	18.2	0.0	0.0
189	p0	0.8	0.0	0.0
189	p2	1.0	0.0	0.0
189	protein1	964.8	19.2	1.8312326
189	protein2	974.2	19.8	1.7045055999999998
189	protein3	186.6	4.0	1.1833334
189	rnapol	0.6	0.0	0.0
190	__protein1_rbs	12.8	0.0	0.0
190	__protein2_rbs	12.4	0.0	0.0
190	__protein3_rbs	2.0	0.0	0.0
190	__ribosome	24.6	0.0	0.0
190	__rnase_site_ext	18.6	0.0	0.0
190	p0	0.8	0.0	0.0
190	p2	1.0	0.0	0.0
190	protein1	972.8	18.0	1.8433331999999998
190	protein2	980.6	20.2	1.7729084
190	protein3	187.2	3.8	1.5
190	rnapol	0.4	0.0	0.0
191	__protein1_rbs	10.4	0.0	0.0
191	__protein2_rbs	12.4	0.0	0.0
191	__protein3_rbs	2.4	0.0	0.0
191	__ribosome	24.8	0.0	0.0
191	__rnase_site_ext	18.6	0.0	0.0
191	p0	1.0	0.0	0.0
191	p2	1.0	0.0	0.0
191	protein1	980.2	18.4	1.8025
191	protein2	989.4	20.4	1.7498280000000002
191	protein3	188.8	3.8	1.4333334
191	rnapol	0.2	0.0	0.0
192	__protein1_rbs	12.8	0.0	0.0
192	__protein2_rbs	15.4	0.0	0.0
192	__protein3_rbs	2.6	0.0	0.0
192	__ribosome	27.4	0.0	0.0
192	__rnase_site_ext	18.2	0.0	0.0
192	p0	0.8	0.0	0.0
192	p2	1.0	0.0	0.0
192	protein1	987.2	18.4	1.7482044
192	protein2	996.8	20.8	1.6625435999999998
192	protein3	190.6	3.8	1.3000000000000005
192	rnapol	0.4	0.0	0.0
193	__protein1_rbs	10.2	0.0	0.0
193	__protein2_rbs	13.2	0.0	0.0
193	__protein3_rbs	2.6	0.0	0.0
193	__ribosome	26.0	0.0	0.0
193	__rnase_site_ext	18.2	0.0	0.0
193	p0	1.0	0.0	0.0
193	p2	1.0	0.0	0.0
193	protein1	994.4	18.2	1.8416564
193	protein2	1004.6	20.8	1.6927712
193	protein3	192.2	3.8	1.2266666000000002
193	rnapol	0.6	0.0	0.0
194	__protein1_rbs	12.8	0.0	0.0
194	__protein2_rbs	13.2	0.0	0.0
194	__protein3_rbs	2.4	0.0	0.0
194	__ribosome	25.2	0.0	0.0
194	__rnase_site_ext	18.6	0.0	0.0
194	p0	1.0	0.0	0.0
194	p2	0.8	0.0	0.0
194	protein1	1001.0	18.4	1.7557044000000002
194	protein2	1012.4	21.0	1.7152026000000002
194	protein3	192.6	3.8	1.4866666000000002
194	rnapol	0.4	0.0	0.0
195	__protein1_rbs	12.2	0.0	0.0
195	__protein2_rbs	13.6	0.0	0.0
195	__protein3_rbs	2.4	0.0	0.0
195	__ribosome	25.4	0.0	0.0
195	__rnase_site_ext	18.6	0.0	0.0
195	p0	0.8	0.0	0.0
195	p2	0.6	0.0	0.0
195	protein1	1008.6	18.4	1.7390245999999998
195	protein2	1020.6	21.0	1.7284950000000001
195	protein3	194.6	3.8	1.5333333999999998
195	rnapol	0.2	0.0	0.0
196	__protein1_rbs	12.4	0.0	0.0
196	__protein2_rbs	14.2	0.0	0.0
196	__protein3_rbs	2.2	0.0	0.0
196	__ribosome	27.6	0.0	0.0
196	__rnase_site_ext	18.6	0.0	0.0
196	p0	0.6	0.0	0.0
196	p2	0.8	0.0	0.0
196	protein1	1016.6	18.4	1.6592008000000003
196	protein2	1028.6	20.8	1.6813265999999998
196	protein3	196.0	3.8	1.6
196	rnapol	0.2	0.0	0.0
197	__protein1_rbs	12.4	0.0	0.0
197	__protein2_rbs	12.4	0.0	0.0
197	__protein3_rbs	2.2	0.0	0.0
197	__ribosome	26.2	0.0	0.0
197	__rnase_site_ext	18.4	0.0	0.0
197	p0	0.8	0.0	0.0
197	p2	1.0	0.0	0.0
197	protein1	1023.6	18.2	1.6285184
197	protein2	1036.4	21.0	1.7390576000000002
197	protein3	197.2	4.0	1.7142858
197	rnapol	0.6	0.0	0.0
198	__protein1_rbs	11.4	0.0	0.0
198	__protein2_rbs	14.6	0.0	0.0
198	__protein3_rbs	2.2	0.0	0.0
198	__ribosome	26.2	0.0	0.0
198	__rnase_site_ext	18.2	0.0	0.0
198	p0	1.0	0.0	0.0
198	p2	1.0	0.0	0.0
198	protein1	1030.4	18.2	1.6852631999999999
198	protein2	1044.0	21.2	1.6865248000000002
198	protein3	199.0	4.0	1.5980952
198	rnapol	0.4	0.0	0.0
199	__protein1_rbs	12.4	0.0	0.0
199	__protein2_rbs	15.6	0.0	0.0
199	__protein3_rbs	2.0	0.0	0.0
199	__ribosome	28.6	0.0	0.0
199	__rnase_site_ext	18.0	0.0	0.0
199	p0	1.0	0.0	0.0
199	p2	0.8	0.0	0.0
199	protein1	1037.2	18.2	1.6941502
199	protein2	1052.8	21.4	1.5443428
199	protein3	200.4	3.8	1.6266668
199	rnapol	0.4	0.0	0.0
200	__protein1_rbs	10.0	0.0	0.0
200	__protein2_rbs	11.8	0.0	0.0
200	__protein3_rbs	2.4	0.0	0.0
200	__ribosome	27.4	0.0	0.0
200	__rnase_site_ext	17.6	0.0	0.0
200	p0	0.8	0.0	0.0
200	p2	0.8	0.0	0.0
200	protein1	1044.0	17.8	1.7796979999999998
200	protein2	1061.2	20.4	1.6326382
200	protein3	202.2	3.8	1.5533333999999999
200	rnapol	0.2	0.0	0.0
201	__protein1_rbs	11.4	0.0	0.0
201	__protein2_rbs	12.4	0.0	0.0
201	__protein3_rbs	2.4	0.0	0.0
201	__ribosome	26.6	0.0	0.0
201	__rnase_site_ext	17.8	0.0	0.0
201	p0	1.0	0.0	0.0
201	p2	1.0	0.0	0.0
201	protein1	1050.6	17.4	1.8565358
201	protein2	1069.2	20.4	1.7070926
201	protein3	204.2	3.6	1.46
201	rnapol	0.2	0.0	0.0
202	__protein1_rbs	10.0	0.0	0.0
202	__protein2_rbs	14.0	0.0	0.0
202	__protein3_rbs	2.8	0.0	0.0
202	__ribosome	25.0	0.0	0.0
202	__rnase_site_ext	17.8	0.0	0.0
202	p0	1.0	0.0	0.0
202	p2	1.0	0.0	0.0
202	protein1	1057.2	17.6	1.9266106
202	protein2	1076.0	21.0	1.6865428000000002
202	protein3	205.8	3.8	1.2847620000000002
202	rnapol	0.6	0.0	0.0
203	__protein1_rbs	11.2	0.0	0.0
203	__protein2_rbs	12.6	0.0	0.0
203	__protein3_rbs	2.4	0.0	0.0
203	__ribosome	23.2	0.0	0.0
203	__rnase_site_ext	17.8	0.0	0.0
203	p0	0.8	0.0	0.0
203	p2	1.0	0.0	0.0
203	protein1	1065.0	17.6	1.8763772
203	protein2	1082.2	20.4	1.8625901999999999
203	protein3	207.2	3.8	1.36
203	rnapol	1.0	0.0	0.0
204	__protein1_rbs	9.4	0.0	0.0
204	__protein2_rbs	13.2	0.0	0.0
204	__protein3_rbs	2.2	0.0	0.0
204	__ribosome	23.2	0.0	0.0
204	__rnase_site_ext	17.8	0.0	0.0
204	p0	0.8	0.0	0.0
204	p2	1.0	0.0	0.0
204	protein1	1071.8	17.4	2.0104740000000003
204	protein2	1090.8	19.8	1.824741
204	protein3	209.0	3.6	1.3733334
204	rnapol	0.8	0.0	0.0
205	__protein1_rbs	13.2	0.0	0.0
205	__protein2_rbs	13.0	0.0	0.0
205	__protein3_rbs	2.6	0.0	0.0
205	__ribosome	23.6	0.0	0.0
205	__rnase_site_ext	18.2	0.0	0.0
205	p0	0.6	0.0	0.0
205	p2	1.0	0.0	0.0
205	protein1	1078.2	17.8	1.8651259999999998
205	protein2	1098.4	20.0	1.8301169999999998
205	protein3	210.0	3.6	1.4933332000000001
205	rnapol	0.4	0.0	0.0
206	__protein1_rbs	11.6	0.0	0.0
206	__protein2_rbs	13.2	0.0	0.0
206	__protein3_rbs	2.2	0.0	0.0
206	__ribosome	27.8	0.0	0.0
206	__rnase_site_ext	18.0	0.0	0.0
206	p0	1.0	0.0	0.0
206	p2	1.0	0.0	0.0
206	protein1	1087.2	17.8	1.7284034
206	protein2	1108.6	20.6	1.6548528000000002
206	protein3	211.4	3.6	1.61
206	rnapol	0.8	0.0	0.0
207	__protein1_rbs	12.2	0.0	0.0
207	__protein2_rbs	14.0	0.0	0.0
207	__protein3_rbs	2.6	0.0	0.0
207	__ribosome	27.4	0.0	0.0
207	__rnase_site_ext	18.0	0.0	0.0
207	p0	0.8	0.0	0.0
207	p2	1.0	0.0	0.0
207	protein1	1094.8	17.8	1.6557862
207	protein2	1114.6	20.2	1.8010102
207	protein3	212.8	3.6	1.52
207	rnapol	0.8	0.0	0.0
208	__protein1_rbs	11.2	0.0	0.0
208	__protein2_rbs	12.4	0.0	0.0
208	__protein3_rbs	2.6	0.0	0.0
208	__ribosome	28.4	0.0	0.0
208	__rnase_site_ext	18.2	0.0	0.0
208	p0	0.6	0.0	0.0
208	p2	0.8	0.0	0.0
208	protein1	1102.0	17.6	1.6844785999999998
208	protein2	1123.8	20.0	1.7924200000000001
208	protein3	214.4	3.6	1.4366666
208	rnapol	0.6	0.0	0.0
209	__protein1_rbs	11.8	0.0	0.0
209	__protein2_rbs	12.6	0.0	0.0
209	__protein3_rbs	2.0	0.0	0.0
209	__ribosome	28.4	0.0	0.0
209	__rnase_site_ext	18.2	0.0	0.0
209	p0	1.0	0.0	0.0
209	p2	0.6	0.0	0.0
209	protein1	1109.4	18.2	1.6105996
209	protein2	1131.2	19.8	1.8579322
209	protein3	216.8	3.6	1.3233332
209	rnapol	0.6	0.0	0.0
210	__protein1_rbs	13.0	0.0	0.0
210	__protein2_rbs	13.6	0.0	0.0
210	__protein3_rbs	2.2	0.0	0.0
210	__ribosome	25.8	0.0	0.0
210	__rnase_site_ext	17.8	0.0	0.0
210	p0	1.0	0.0	0.0
210	p2	0.8	0.0	0.0
210	protein1	1115.0	18.0	1.7074269999999998
210	protein2	1137.6	19.4	1.9309523999999998
210	protein3	217.8	3.8	1.5699999999999998
210	rnapol	1.2	0.0	0.0
211	__protein1_rbs	10.0	0.0	0.0
211	__protein2_rbs	13.4	0.0	0.0
211	__protein3_rbs	2.6	0.0	0.0
211	__ribosome	26.6	0.0	0.0
211	__rnase_site_ext	17.8	0.0	0.0
211	p0	0.4	0.0	0.0
211	p2	1.0	0.0	0.0
211	protein1	1121.8	17.4	1.8616434
211	protein2	1147.0	19.4	1.7971056
211	protein3	218.8	4.0	1.7823808
211	rnapol	0.8	0.0	0.0
212	__protein1_rbs	11.6	0.0	0.0
212	__protein2_rbs	12.8	0.0	0.0
212	__protein3_rbs	1.8	0.0	0.0
212	__ribosome	26.8	0.0	0.0
212	__rnase_site_ext	18.0	0.0	0.0
212	p0	0.8	0.0	0.0
212	p2	1.0	0.0	0.0
212	protein1	1128.8	17.6	1.8455556
212	protein2	1155.6	19.2	1.7210696000000003
212	protein3	219.8	4.0	1.9995238000000002
212	rnapol	0.8	0.0	0.0
213	__protein1_rbs	12.4	0.0	0.0
213	__protein2_rbs	11.0	0.0	0.0
213	__protein3_rbs	2.4	0.0	0.0
213	__ribosome	26.6	0.0	0.0
213	__rnase_site_ext	18.2	0.0	0.0
213	p0	1.0	0.0	0.0
213	p2	1.0	0.0	0.0
213	protein1	1136.0	18.0	1.7799998
213	protein2	1163.0	19.0	1.781111
213	protein3	221.4	4.0	1.9666666000000002
213	rnapol	0.8	0.0	0.0
214	__protein1_rbs	10.0	0.0	0.0
214	__protein2_rbs	12.6	0.0	0.0
214	__protein3_rbs	2.4	0.0	0.0
214	__ribosome	26.8	0.0	0.0
214	__rnase_site_ext	18.4	0.0	0.0
214	p0	0.6	0.0	0.0
214	p2	0.8	0.0	0.0
214	protein1	1143.4	18.0	1.855497
214	protein2	1171.6	18.8	1.7228009999999998
214	protein3	223.2	3.8	2.0266666
214	rnapol	0.4	0.0	0.0
215	__protein1_rbs	10.4	0.0	0.0
215	__protein2_rbs	11.6	0.0	0.0
215	__protein3_rbs	2.8	0.0	0.0
215	__ribosome	25.8	0.0	0.0
215	__rnase_site_ext	18.4	0.0	0.0
215	p0	0.8	0.0	0.0
215	p2	1.0	0.0	0.0
215	protein1	1151.6	18.0	1.868889
215	protein2	1178.8	19.0	1.7509835999999999
215	protein3	224.4	3.8	1.9266668000000002
215	rnapol	0.4	0.0	0.0
216	__protein1_rbs	11.6	0.0	0.0
216	__protein2_rbs	12.4	0.0	0.0
216	__protein3_rbs	2.6	0.0	0.0
216	__ribosome	25.6	0.0	0.0
216	__rnase_site_ext	18.0	0.0	0.0
216	p0	1.0	0.0	0.0
216	p2	1.0	0.0	0.0
216	protein1	1158.6	18.4	1.8172598000000002
216	protein2	1185.8	19.2	1.7744286000000002
216	protein3	226.4	4.0	1.5833334
216	rnapol	0.8	0.0	0.0
217	__protein1_rbs	11.6	0.0	0.0
217	__protein2_rbs	12.2	0.0	0.0
217	__protein3_rbs	2.2	0.0	0.0
217	__ribosome	26.0	0.0	0.0
217	__rnase_site_ext	18.2	0.0	0.0
217	p0	0.8	0.0	0.0
217	p2	1.0	0.0	0.0
217	protein1	1164.6	17.8	1.9077274
217	protein2	1194.0	19.2	1.7419192
217	protein3	228.6	4.0	1.5333333999999998
217	rnapol	0.8	0.0	0.0
218	__protein1_rbs	11.0	0.0	0.0
218	__protein2_rbs	11.6	0.0	0.0
218	__protein3_rbs	1.4	0.0	0.0
218	__ribosome	26.4	0.0	0.0
218	__rnase_site_ext	18.2	0.0	0.0
218	p0	0.8	0.0	0.0
218	p2	0.8	0.0	0.0
218	protein1	1172.8	18.0	1.8540349999999999
218	protein2	1202.0	19.2	1.7277778
218	protein3	230.4	3.8	1.8333334
218	rnapol	0.8	0.0	0.0
219	__protein1_rbs	11.8	0.0	0.0
219	__protein2_rbs	14.4	0.0	0.0
219	__protein3_rbs	2.2	0.0	0.0
219	__ribosome	27.8	0.0	0.0
219	__rnase_site_ext	18.2	0.0	0.0
219	p0	0.6	0.0	0.0
219	p2	0.6	0.0	0.0
219	protein1	1181.6	18.0	1.7612282
219	protein2	1208.4	19.6	1.6872668000000002
219	protein3	231.6	3.6	2.05
219	rnapol	0.4	0.0	0.0
220	__protein1_rbs	12.4	0.0	0.0
220	__protein2_rbs	11.4	0.0	0.0
220	__protein3_rbs	2.6	0.0	0.0
220	__ribosome	27.4	0.0	0.0
220	__rnase_site_ext	18.2	0.0	0.0
220	p0	1.0	0.0	0.0
220	p2	1.0	0.0	0.0
220	protein1	1189.2	17.8	1.7154718
220	protein2	1216.4	19.4	1.7604952
220	protein3	232.4	3.8	1.9833332
220	rnapol	0.6	0.0	0.0
221	__protein1_rbs	11.6	0.0	0.0
221	__protein2_rbs	12.2	0.0	0.0
221	__protein3_rbs	3.0	0.0	0.0
221	__ribosome	27.6	0.0	0.0
221	__rnase_site_ext	18.2	0.0	0.0
221	p0	1.0	0.0	0.0
221	p2	1.0	0.0	0.0
221	protein1	1196.4	18.0	1.709457
221	protein2	1223.4	19.2	1.7976368000000003
221	protein3	234.2	4.0	1.6766666
221	rnapol	1.2	0.0	0.0
222	__protein1_rbs	11.4	0.0	0.0
222	__protein2_rbs	12.4	0.0	0.0
222	__protein3_rbs	2.6	0.0	0.0
222	__ribosome	28.8	0.0	0.0
222	__rnase_site_ext	18.6	0.0	0.0
222	p0	1.0	0.0	0.0
222	p2	1.0	0.0	0.0
222	protein1	1203.6	18.0	1.7240102
222	protein2	1232.0	19.6	1.7610959999999998
222	protein3	236.8	4.0	1.2933333999999999
222	rnapol	0.8	0.0	0.0
223	__protein1_rbs	10.4	0.0	0.0
223	__protein2_rbs	13.0	0.0	0.0
223	__protein3_rbs	1.8	0.0	0.0
223	__ribosome	27.4	0.0	0.0
223	__rnase_site_ext	18.6	0.0	0.0
223	p0	0.8	0.0	0.0
223	p2	1.0	0.0	0.0
223	protein1	1211.4	18.4	1.731579
223	protein2	1239.2	19.2	1.8014195999999998
223	protein3	238.8	3.8	1.4899999999999998
223	rnapol	0.6	0.0	0.0
224	__protein1_rbs	12.2	0.0	0.0
224	__protein2_rbs	11.8	0.0	0.0
224	__protein3_rbs	2.6	0.0	0.0
224	__ribosome	24.6	0.0	0.0
224	__rnase_site_ext	19.0	0.0	0.0
224	p0	0.6	0.0	0.0
224	p2	1.0	0.0	0.0
224	protein1	1216.4	18.4	1.815965
224	protein2	1247.4	19.2	1.8440189999999999
224	protein3	239.6	3.8	1.8533334
224	rnapol	0.4	0.0	0.0
225	__protein1_rbs	11.0	0.0	0.0
225	__protein2_rbs	11.8	0.0	0.0
225	__protein3_rbs	1.6	0.0	0.0
225	__ribosome	25.2	0.0	0.0
225	__rnase_site_ext	19.2	0.0	0.0
225	p0	1.0	0.0	0.0
225	p2	0.8	0.0	0.0
225	protein1	1224.6	18.6	1.7903509999999998
225	protein2	1255.8	19.0	1.8077152
225	protein3	241.2	3.8	2.0033331999999997
225	rnapol	1.0	0.0	0.0
226	__protein1_rbs	12.0	0.0	0.0
226	__protein2_rbs	12.0	0.0	0.0
226	__protein3_rbs	2.2	0.0	0.0
226	__ribosome	25.0	0.0	0.0
226	__rnase_site_ext	19.0	0.0	0.0
226	p0	0.8	0.0	0.0
226	p2	1.0	0.0	0.0
226	protein1	1232.0	19.0	1.7695490000000003
226	protein2	1264.2	19.2	1.7781939999999998
226	protein3	242.6	3.8	2.0900000000000003
226	rnapol	0.8	0.0	0.0
227	__protein1_rbs	14.0	0.0	0.0
227	__protein2_rbs	11.4	0.0	0.0
227	__protein3_rbs	2.2	0.0	0.0
227	__ribosome	26.4	0.0	0.0
227	__rnase_site_ext	19.2	0.0	0.0
227	p0	0.6	0.0	0.0
227	p2	1.0	0.0	0.0
227	protein1	1240.0	18.8	1.6366668
227	protein2	1272.2	19.4	1.8213284
227	protein3	244.4	4.0	2.1609523999999998
227	rnapol	0.8	0.0	0.0
228	__protein1_rbs	12.4	0.0	0.0
228	__protein2_rbs	12.8	0.0	0.0
228	__protein3_rbs	2.6	0.0	0.0
228	__ribosome	26.0	0.0	0.0
228	__rnase_site_ext	19.8	0.0	0.0
228	p0	0.8	0.0	0.0
228	p2	1.0	0.0	0.0
228	protein1	1247.0	19.0	1.6739852
228	protein2	1280.8	19.4	1.7616396
228	protein3	245.8	4.0	2.035238
228	rnapol	0.8	0.0	0.0
229	__protein1_rbs	13.0	0.0	0.0
229	__protein2_rbs	11.4	0.0	0.0
229	__protein3_rbs	2.6	0.0	0.0
229	__ribosome	24.2	0.0	0.0
229	__rnase_site_ext	19.8	0.0	0.0
229	p0	0.8	0.0	0.0
229	p2	1.0	0.0	0.0
229	protein1	1255.0	19.6	1.6787014
229	protein2	1287.2	19.2	1.8649816
229	protein3	248.2	4.0	1.865238
229	rnapol	0.4	0.0	0.0
230	__protein1_rbs	12.8	0.0	0.0
230	__protein2_rbs	14.8	0.0	0.0
230	__protein3_rbs	2.6	0.0	0.0
230	__ribosome	27.6	0.0	0.0
230	__rnase_site_ext	19.8	0.0	0.0
230	p0	1.0	0.0	0.0
230	p2	1.0	0.0	0.0
230	protein1	1263.4	19.8	1.6208902000000005
230	protein2	1295.6	19.4	1.7081288
230	protein3	250.0	4.0	1.9719048
230	rnapol	0.4	0.0	0.0
231	__protein1_rbs	13.4	0.0	0.0
231	__protein2_rbs	10.6	0.0	0.0
231	__protein3_rbs	2.6	0.0	0.0
231	__ribosome	25.6	0.0	0.0
231	__rnase_site_ext	19.8	0.0	0.0
231	p0	1.0	0.0	0.0
231	p2	0.8	0.0	0.0
231	protein1	1270.2	19.6	1.6869698000000004
231	protein2	1304.4	19.6	1.7427076000000001
231	protein3	251.6	4.0	1.7804761999999998
231	rnapol	0.4	0.0	0.0
232	__protein1_rbs	13.2	0.0	0.0
232	__protein2_rbs	14.4	0.0	0.0
232	__protein3_rbs	2.0	0.0	0.0
232	__ribosome	26.0	0.0	0.0
232	__rnase_site_ext	20.4	0.0	0.0
232	p0	0.6	0.0	0.0
232	p2	1.0	0.0	0.0
232	protein1	1276.8	19.6	1.6850650000000005
232	protein2	1311.8	19.8	1.7105476000000002
232	protein3	253.6	4.0	2.0071428
232	rnapol	0.4	0.0	0.0
233	__protein1_rbs	12.2	0.0	0.0
233	__protein2_rbs	10.8	0.0	0.0
233	__protein3_rbs	2.2	0.0	0.0
233	__ribosome	24.0	0.0	0.0
233	__rnase_site_ext	20.4	0.0	0.0
233	p0	1.0	0.0	0.0
233	p2	1.0	0.0	0.0
233	protein1	1285.4	19.8	1.6897386000000003
233	protein2	1320.4	19.6	1.7811011999999995
233	protein3	255.4	4.2	1.9238094
233	rnapol	0.6	0.0	0.0
234	__protein1_rbs	13.8	0.0	0.0
234	__protein2_rbs	13.8	0.0	0.0
234	__protein3_rbs	2.8	0.0	0.0
234	__ribosome	26.4	0.0	0.0
234	__rnase_site_ext	20.2	0.0	0.0
234	p0	0.8	0.0	0.0
234	p2	1.0	0.0	0.0
234	protein1	1294.8	20.0	1.5511363999999999
234	protein2	1327.6	19.4	1.7980884
234	protein3	256.8	4.2	1.8357142
234	rnapol	0.2	0.0	0.0
235	__protein1_rbs	12.6	0.0	0.0
235	__protein2_rbs	12.2	0.0	0.0
235	__protein3_rbs	2.0	0.0	0.0
235	__ribosome	25.0	0.0	0.0
235	__rnase_site_ext	20.0	0.0	0.0
235	p0	0.8	0.0	0.0
235	p2	0.8	0.0	0.0
235	protein1	1301.8	19.8	1.6695505999999998
235	protein2	1336.6	19.6	1.7236364000000002
235	protein3	258.6	4.2	2.0357142
235	rnapol	0.2	0.0	0.0
236	__protein1_rbs	12.0	0.0	0.0
236	__protein2_rbs	14.2	0.0	0.0
236	__protein3_rbs	2.2	0.0	0.0
236	__ribosome	25.0	0.0	0.0
236	__rnase_site_ext	19.6	0.0	0.0
236	p0	0.8	0.0	0.0
236	p2	0.8	0.0	0.0
236	protein1	1308.4	19.6	1.7437678
236	protein2	1344.0	20.2	1.628918
236	protein3	260.6	4.2	2.045238
236	rnapol	0.2	0.0	0.0
237	__protein1_rbs	11.6	0.0	0.0
237	__protein2_rbs	12.2	0.0	0.0
237	__protein3_rbs	3.0	0.0	0.0
237	__ribosome	23.4	0.0	0.0
237	__rnase_site_ext	19.4	0.0	0.0
237	p0	0.8	0.0	0.0
237	p2	0.8	0.0	0.0
237	protein1	1316.4	19.4	1.8171093999999997
237	protein2	1352.8	20.6	1.6203052
237	protein3	262.4	4.4	1.7785714
237	rnapol	0.4	0.0	0.0
238	__protein1_rbs	13.2	0.0	0.0
238	__protein2_rbs	11.8	0.0	0.0
238	__protein3_rbs	2.6	0.0	0.0
238	__ribosome	23.8	0.0	0.0
238	__rnase_site_ext	19.2	0.0	0.0
238	p0	1.0	0.0	0.0
238	p2	1.0	0.0	0.0
238	protein1	1325.0	18.8	1.7760338
238	protein2	1360.4	20.4	1.7025938000000003
238	protein3	264.2	4.4	1.9714286
238	rnapol	0.4	0.0	0.0
239	__protein1_rbs	13.6	0.0	0.0
239	__protein2_rbs	13.6	0.0	0.0
239	__protein3_rbs	3.4	0.0	0.0
239	__ribosome	24.8	0.0	0.0
239	__rnase_site_ext	19.0	0.0	0.0
239	p0	1.0	0.0	0.0
239	p2	1.0	0.0	0.0
239	protein1	1332.4	19.0	1.7341918
239	protein2	1368.2	20.6	1.690608
239	protein3	266.0	4.4	1.8476192
239	rnapol	0.6	0.0	0.0
240	__protein1_rbs	12.4	0.0	0.0
240	__protein2_rbs	14.4	0.0	0.0
240	__protein3_rbs	2.8	0.0	0.0
240	__ribosome	26.2	0.0	0.0
240	__rnase_site_ext	19.0	0.0	0.0
240	p0	0.6	0.0	0.0
240	p2	1.0	0.0	0.0
240	protein1	1341.4	18.6	1.6587927999999998
240	protein2	1375.2	21.0	1.6890809999999998
240	protein3	268.0	4.2	1.67
240	rnapol	0.4	0.0	0.0
241	__protein1_rbs	12.6	0.0	0.0
241	__protein2_rbs	13.8	0.0	0.0
241	__protein3_rbs	3.0	0.0	0.0
241	__ribosome	25.0	0.0	0.0
241	__rnase_site_ext	18.6	0.0	0.0
241	p0	1.0	0.0	0.0
241	p2	1.0	0.0	0.0
241	protein1	1348.6	18.6	1.6938651999999998
241	protein2	1383.4	21.0	1.7369016
241	protein3	269.8	4.2	1.4628572
241	rnapol	0.6	0.0	0.0
242	__protein1_rbs	13.4	0.0	0.0
242	__protein2_rbs	14.6	0.0	0.0
242	__protein3_rbs	2.4	0.0	0.0
242	__ribosome	29.0	0.0	0.0
242	__rnase_site_ext	18.6	0.0	0.0
242	p0	0.8	0.0	0.0
242	p2	0.6	0.0	0.0
242	protein1	1357.4	18.2	1.5767858
242	protein2	1393.2	21.2	1.6487231999999998
242	protein3	271.6	4.2	1.5314286
242	rnapol	0.8	0.0	0.0
243	__protein1_rbs	9.8	0.0	0.0
243	__protein2_rbs	14.4	0.0	0.0
243	__protein3_rbs	2.2	0.0	0.0
243	__ribosome	26.0	0.0	0.0
243	__rnase_site_ext	18.8	0.0	0.0
243	p0	1.0	0.0	0.0
243	p2	1.0	0.0	0.0
243	protein1	1364.8	18.0	1.6923088
243	protein2	1400.0	21.0	1.7049900000000002
243	protein3	273.4	4.2	1.7785714
243	rnapol	0.8	0.0	0.0
244	__protein1_rbs	11.6	0.0	0.0
244	__protein2_rbs	11.8	0.0	0.0
244	__protein3_rbs	3.2	0.0	0.0
244	__ribosome	25.2	0.0	0.0
244	__rnase_site_ext	19.4	0.0	0.0
244	p0	0.6	0.0	0.0
244	p2	1.0	0.0	0.0
244	protein1	1371.6	18.4	1.6810751999999998
244	protein2	1409.2	21.0	1.7176804
244	protein3	275.0	4.6	1.5666666
244	rnapol	0.6	0.0	0.0
245	__protein1_rbs	12.2	0.0	0.0
245	__protein2_rbs	15.2	0.0	0.0
245	__protein3_rbs	2.0	0.0	0.0
245	__ribosome	25.8	0.0	0.0
245	__rnase_site_ext	19.6	0.0	0.0
245	p0	0.6	0.0	0.0
245	p2	1.0	0.0	0.0
245	protein1	1378.6	18.8	1.6689543999999998
245	protein2	1418.4	21.2	1.6024866000000002
245	protein3	276.2	4.6	1.8404762
245	rnapol	0.6	0.0	0.0
246	__protein1_rbs	13.2	0.0	0.0
246	__protein2_rbs	13.4	0.0	0.0
246	__protein3_rbs	2.4	0.0	0.0
246	__ribosome	25.0	0.0	0.0
246	__rnase_site_ext	19.6	0.0	0.0
246	p0	0.6	0.0	0.0
246	p2	1.0	0.0	0.0
246	protein1	1385.2	19.0	1.6835344
246	protein2	1428.0	21.2	1.6071406000000001
246	protein3	278.2	4.6	1.8285714
246	rnapol	0.6	0.0	0.0
247	__protein1_rbs	11.0	0.0	0.0
247	__protein2_rbs	15.0	0.0	0.0
247	__protein3_rbs	2.8	0.0	0.0
247	__ribosome	23.6	0.0	0.0
247	__rnase_site_ext	19.4	0.0	0.0
247	p0	1.0	0.0	0.0
247	p2	0.8	0.0	0.0
247	protein1	1393.6	19.4	1.7421475999999998
247	protein2	1434.6	21.4	1.6256952000000002
247	protein3	281.0	4.4	1.6833332
247	rnapol	0.4	0.0	0.0
248	__protein1_rbs	11.8	0.0	0.0
248	__protein2_rbs	14.2	0.0	0.0
248	__protein3_rbs	3.0	0.0	0.0
248	__ribosome	22.0	0.0	0.0
248	__rnase_site_ext	19.8	0.0	0.0
248	p0	0.8	0.0	0.0
248	p2	0.8	0.0	0.0
248	protein1	1400.4	19.0	1.8308403999999998
248	protein2	1441.4	21.0	1.6830585999999998
248	protein3	282.4	4.4	1.7
248	rnapol	0.6	0.0	0.0
249	__protein1_rbs	12.4	0.0	0.0
249	__protein2_rbs	12.2	0.0	0.0
249	__protein3_rbs	3.0	0.0	0.0
249	__ribosome	23.4	0.0	0.0
249	__rnase_site_ext	20.0	0.0	0.0
249	p0	0.8	0.0	0.0
249	p2	1.0	0.0	0.0
249	protein1	1408.6	19.4	1.8294554
249	protein2	1452.0	20.4	1.6462688
249	protein3	284.6	4.6	1.5
249	rnapol	0.6	0.0	0.0
250	__protein1_rbs	9.8	0.0	0.0
250	__protein2_rbs	9.8	0.0	0.0
250	__protein3_rbs	3.0	0.0	0.0
250	__ribosome	18.2	0.0	0.0
250	__rnase_site_ext	15.6	0.0	0.0
250	p0	0.8	0.0	0.0
250	p2	0.8	0.0	0.0
250	protein1	1131.2	15.6	1.5213688
250	protein2	1160.6	15.8	1.289975
250	protein3	271.6	4.2	1.2833333999999998
250	rnapol	0.4	0.0	0.0
