time	species	protein	transcript	ribo_density
0	__protein1_rbs	0.0	0.0	0.0
0	__protein2_rbs	0.0	0.0	0.0
0	__protein3_rbs	0.0	0.0	0.0
0	__ribosome	100.0	0.0	0.0
0	__rnase_site_ext	0.0	0.0	0.0
0	p0	1.0	0.0	0.0
0	p1	1.0	0.0	0.0
0	r2	0.0	0.0	0.0
0	rnapol	4.0	0.0	0.0
1	__protein1_rbs	0.0	0.0	0.0
1	__protein2_rbs	0.0	0.0	0.0
1	__protein3_rbs	0.0	0.0	0.0
1	__ribosome	100.0	0.0	0.0
1	__rnase_site_ext	1.0	0.0	0.0
1	p0	0.0	0.0	0.0
1	p1	1.0	0.0	0.0
1	r2	0.0	0.0	0.0
1	rnapol	2.4	0.0	0.0
2	__protein1_rbs	0.4	0.0	0.0
2	__protein2_rbs	0.0	0.0	0.0
2	__protein3_rbs	0.0	0.0	0.0
2	__ribosome	99.4	0.0	0.0
2	__rnase_site_ext	2.0	0.0	0.0
2	p0	0.2	0.0	0.0
2	p1	1.0	0.0	0.0
2	protein1	0.0	1.0	0.6
2	r2	0.0	0.0	0.0
2	rnapol	1.8	0.0	0.0
3	__protein1_rbs	0.2	0.0	0.0
3	__protein2_rbs	0.0	0.0	0.0
3	__protein3_rbs	0.0	0.0	0.0
3	__ribosome	98.8	0.0	0.0
3	__rnase_site_ext	3.2	0.0	0.0
3	p0	0.0	0.0	0.0
3	p1	0.8	0.0	0.0
3	protein1	0.0	1.2	1.0
3	r2	0.0	0.0	0.0
3	rnapol	0.6	0.0	0.0
4	__protein1_rbs	0.4	0.0	0.0
4	__protein2_rbs	0.0	0.0	0.0
4	__protein3_rbs	0.0	0.0	0.0
4	__ribosome	97.0	0.0	0.0
4	__rnase_site_ext	3.6	0.0	0.0
4	p0	0.4	0.0	0.0
4	p1	1.0	0.0	0.0
4	protein1	0.0	2.2	1.2666666000000002
4	protein2	0.0	0.2	0.2
4	r2	0.0	0.0	0.0
4	rnapol	0.2	0.0	0.0
5	__protein1_rbs	0.8	0.0	0.0
5	__protein2_rbs	0.0	0.0	0.0
5	__protein3_rbs	0.0	0.0	0.0
5	__ribosome	94.4	0.0	0.0
5	__rnase_site_ext	3.8	0.0	0.0
5	p0	1.0	0.0	0.0
5	p1	1.0	0.0	0.0
5	protein1	0.0	3.0	1.8
5	protein2	0.0	0.2	0.4
5	r2	0.0	0.0	0.0
5	rnapol	0.0	0.0	0.0
6	__protein1_rbs	1.2	0.0	0.0
6	__protein2_rbs	0.2	0.0	0.0
6	__protein3_rbs	0.0	0.0	0.0
6	__ribosome	92.2	0.0	0.0
6	__rnase_site_ext	3.8	0.0	0.0
6	p0	1.0	0.0	0.0
6	p1	1.0	0.0	0.0
6	protein1	0.0	3.6	2.0666666
6	protein2	0.0	0.2	0.4
6	r2	0.0	0.0	0.0
6	rnapol	0.0	0.0	0.0
7	__protein1_rbs	1.2	0.0	0.0
7	__protein2_rbs	0.2	0.0	0.0
7	__protein3_rbs	0.0	0.0	0.0
7	__ribosome	90.2	0.0	0.0
7	__rnase_site_ext	3.8	0.0	0.0
7	p0	1.0	0.0	0.0
7	p1	1.0	0.0	0.0
7	protein1	0.2	3.6	2.6166666000000003
7	protein2	0.0	0.2	0.4
7	r2	0.0	0.0	0.0
7	rnapol	0.0	0.0	0.0
8	__protein1_rbs	1.6	0.0	0.0
8	__protein2_rbs	0.0	0.0	0.0
8	__protein3_rbs	0.0	0.0	0.0
8	__ribosome	89.2	0.0	0.0
8	__rnase_site_ext	3.6	0.0	0.0
8	p0	1.0	0.0	0.0
8	p1	0.2	0.0	0.0
8	protein1	1.0	3.6	2.8666666000000003
8	protein2	0.0	0.2	0.6
8	r2	0.0	0.0	0.0
8	rnapol	0.0	0.0	0.0
9	__protein1_rbs	0.6	0.0	0.0
9	__protein2_rbs	0.0	0.0	0.0
9	__protein3_rbs	0.0	0.0	0.0
9	__ribosome	88.4	0.0	0.0
9	__rnase_site_ext	3.6	0.0	0.0
9	p0	1.0	0.0	0.0
9	p1	0.2	0.0	0.0
9	protein1	2.8	3.6	3.0833332
9	protein2	0.2	0.2	0.6
9	r2	0.0	0.0	0.0
9	rnapol	0.0	0.0	0.0
10	__protein1_rbs	0.8	0.0	0.0
10	__protein2_rbs	0.4	0.0	0.0
10	__protein3_rbs	0.0	0.0	0.0
10	__ribosome	87.2	0.0	0.0
10	__rnase_site_ext	3.6	0.0	0.0
10	p0	1.0	0.0	0.0
10	p1	0.0	0.0	0.0
10	protein1	4.4	3.4	3.6
10	protein2	0.4	1.0	0.6
10	r2	0.0	0.0	0.0
10	rnapol	0.0	0.0	0.0
11	__protein1_rbs	0.8	0.0	0.0
11	__protein2_rbs	0.8	0.0	0.0
11	__protein3_rbs	0.0	0.0	0.0
11	__ribosome	87.2	0.0	0.0
11	__rnase_site_ext	3.6	0.0	0.0
11	p0	1.0	0.0	0.0
11	p1	0.0	0.0	0.0
11	protein1	7.2	3.4	3.3666668
11	protein2	0.4	1.4	0.9
11	r2	0.0	0.0	0.0
11	rnapol	0.0	0.0	0.0
12	__protein1_rbs	0.8	0.0	0.0
12	__protein2_rbs	1.0	0.0	0.0
12	__protein3_rbs	0.0	0.0	0.0
12	__ribosome	85.6	0.0	0.0
12	__rnase_site_ext	3.6	0.0	0.0
12	p0	1.0	0.0	0.0
12	p1	0.0	0.0	0.0
12	protein1	8.8	3.4	3.5833334000000003
12	protein2	0.4	2.2	1.0333334
12	r2	0.2	0.0	0.0
12	rnapol	0.0	0.0	0.0
13	__protein1_rbs	2.2	0.0	0.0
13	__protein2_rbs	1.0	0.0	0.0
13	__protein3_rbs	0.0	0.0	0.0
13	__ribosome	84.6	0.0	0.0
13	__rnase_site_ext	3.6	0.0	0.0
13	p0	1.0	0.0	0.0
13	p1	0.2	0.0	0.0
13	protein1	10.6	3.4	3.2666666
13	protein2	0.6	3.0	1.35
13	protein3	0.0	0.2	0.2
13	r2	0.2	0.0	0.0
13	rnapol	0.0	0.0	0.0
14	__protein1_rbs	1.0	0.0	0.0
14	__protein2_rbs	1.6	0.0	0.0
14	__protein3_rbs	0.2	0.0	0.0
14	__ribosome	82.4	0.0	0.0
14	__rnase_site_ext	3.6	0.0	0.0
14	p0	1.0	0.0	0.0
14	p1	0.6	0.0	0.0
14	protein1	12.8	3.4	3.35
14	protein2	0.6	3.6	1.6666666
14	protein3	0.0	0.2	0.2
14	r2	0.2	0.0	0.0
14	rnapol	0.0	0.0	0.0
15	__protein1_rbs	1.2	0.0	0.0
15	__protein2_rbs	1.4	0.0	0.0
15	__protein3_rbs	0.0	0.0	0.0
15	__ribosome	80.8	0.0	0.0
15	__rnase_site_ext	3.6	0.0	0.0
15	p0	1.0	0.0	0.0
15	p1	1.0	0.0	0.0
15	protein1	15.4	3.4	3.2166666
15	protein2	1.0	3.8	2.0666666
15	protein3	0.0	0.2	0.4
15	r2	0.2	0.0	0.0
15	rnapol	0.2	0.0	0.0
16	__protein1_rbs	1.0	0.0	0.0
16	__protein2_rbs	1.4	0.0	0.0
16	__protein3_rbs	0.2	0.0	0.0
16	__ribosome	79.6	0.0	0.0
16	__rnase_site_ext	3.6	0.0	0.0
16	p0	0.6	0.0	0.0
16	p1	1.0	0.0	0.0
16	protein1	17.4	3.4	3.1666666
16	protein2	2.0	4.0	2.3
16	protein3	0.0	0.2	0.4
16	r2	0.2	0.0	0.0
16	rnapol	0.0	0.0	0.0
17	__protein1_rbs	2.0	0.0	0.0
17	__protein2_rbs	1.0	0.0	0.0
17	__protein3_rbs	0.2	0.0	0.0
17	__ribosome	78.4	0.0	0.0
17	__rnase_site_ext	3.8	0.0	0.0
17	p0	1.0	0.0	0.0
17	p1	1.0	0.0	0.0
17	protein1	20.2	3.6	2.75
17	protein2	2.8	4.0	2.8
17	protein3	0.0	0.2	0.6
17	r2	0.2	0.0	0.0
17	rnapol	0.0	0.0	0.0
18	__protein1_rbs	0.8	0.0	0.0
18	__protein2_rbs	1.2	0.0	0.0
18	__protein3_rbs	0.2	0.0	0.0
18	__ribosome	76.4	0.0	0.0
18	__rnase_site_ext	4.0	0.0	0.0
18	p0	0.8	0.0	0.0
18	p1	1.0	0.0	0.0
18	protein1	21.6	3.6	3.2133334
18	protein2	4.6	4.0	2.95
18	protein3	0.2	0.2	0.6
18	r2	0.6	0.0	0.0
18	rnapol	0.2	0.0	0.0
19	__protein1_rbs	0.8	0.0	0.0
19	__protein2_rbs	2.2	0.0	0.0
19	__protein3_rbs	0.2	0.0	0.0
19	__ribosome	75.8	0.0	0.0
19	__rnase_site_ext	4.4	0.0	0.0
19	p0	0.6	0.0	0.0
19	p1	1.0	0.0	0.0
19	protein1	24.0	3.6	3.2200002
19	protein2	6.2	4.0	3.0
19	protein3	0.2	0.6	0.5
19	r2	1.2	0.0	0.0
19	rnapol	0.2	0.0	0.0
20	__protein1_rbs	2.2	0.0	0.0
20	__protein2_rbs	1.4	0.0	0.0
20	__protein3_rbs	0.8	0.0	0.0
20	__ribosome	76.4	0.0	0.0
20	__rnase_site_ext	4.4	0.0	0.0
20	p0	0.8	0.0	0.0
20	p1	1.0	0.0	0.0
20	protein1	25.8	4.0	2.73
20	protein2	8.4	4.0	2.95
20	protein3	0.4	1.0	0.6
20	r2	1.2	0.0	0.0
20	rnapol	0.0	0.0	0.0
21	__protein1_rbs	0.8	0.0	0.0
21	__protein2_rbs	1.0	0.0	0.0
21	__protein3_rbs	0.4	0.0	0.0
21	__ribosome	73.8	0.0	0.0
21	__rnase_site_ext	4.4	0.0	0.0
21	p0	1.0	0.0	0.0
21	p1	1.0	0.0	0.0
21	protein1	27.8	4.2	2.97
21	protein2	10.8	3.8	3.2333334
21	protein3	0.4	1.2	1.0
21	r2	1.8	0.0	0.0
21	rnapol	0.0	0.0	0.0
22	__protein1_rbs	2.2	0.0	0.0
22	__protein2_rbs	1.4	0.0	0.0
22	__protein3_rbs	1.2	0.0	0.0
22	__ribosome	73.6	0.0	0.0
22	__rnase_site_ext	4.4	0.0	0.0
22	p0	0.8	0.0	0.0
22	p1	1.0	0.0	0.0
22	protein1	29.8	4.2	2.92
22	protein2	13.0	3.8	3.2
22	protein3	0.6	1.8	0.9
22	r2	2.4	0.0	0.0
22	rnapol	0.0	0.0	0.0
23	__protein1_rbs	2.0	0.0	0.0
23	__protein2_rbs	2.2	0.0	0.0
23	__protein3_rbs	0.6	0.0	0.0
23	__ribosome	72.8	0.0	0.0
23	__rnase_site_ext	4.6	0.0	0.0
23	p0	1.0	0.0	0.0
23	p1	1.0	0.0	0.0
23	protein1	31.8	4.2	2.9733334
23	protein2	15.8	3.8	2.8333334
23	protein3	0.6	2.4	1.5666666
23	r2	2.8	0.0	0.0
23	rnapol	0.0	0.0	0.0
24	__protein1_rbs	1.4	0.0	0.0
24	__protein2_rbs	0.8	0.0	0.0
24	__protein3_rbs	1.4	0.0	0.0
24	__ribosome	69.6	0.0	0.0
24	__rnase_site_ext	4.6	0.0	0.0
24	p0	0.8	0.0	0.0
24	p1	0.6	0.0	0.0
24	protein1	34.2	4.4	2.96
24	protein2	17.2	3.8	3.25
24	protein3	0.8	2.8	1.7666666000000002
24	r2	2.8	0.0	0.0
24	rnapol	0.2	0.0	0.0
25	__protein1_rbs	1.4	0.0	0.0
25	__protein2_rbs	1.0	0.0	0.0
25	__protein3_rbs	0.8	0.0	0.0
25	__ribosome	69.4	0.0	0.0
25	__rnase_site_ext	5.0	0.0	0.0
25	p0	0.8	0.0	0.0
25	p1	0.8	0.0	0.0
25	protein1	36.4	4.4	2.99
25	protein2	20.0	3.6	3.15
25	protein3	1.6	2.8	2.1666666
25	r2	2.8	0.0	0.0
25	rnapol	0.0	0.0	0.0
26	__protein1_rbs	1.8	0.0	0.0
26	__protein2_rbs	1.8	0.0	0.0
26	__protein3_rbs	1.2	0.0	0.0
26	__ribosome	68.4	0.0	0.0
26	__rnase_site_ext	5.2	0.0	0.0
26	p0	0.8	0.0	0.0
26	p1	0.6	0.0	0.0
26	protein1	39.0	4.8	2.8333334
26	protein2	22.4	4.0	2.7066666
26	protein3	2.2	2.8	2.5333332000000004
26	r2	2.8	0.0	0.0
26	rnapol	0.2	0.0	0.0
27	__protein1_rbs	2.2	0.0	0.0
27	__protein2_rbs	2.4	0.0	0.0
27	__protein3_rbs	1.0	0.0	0.0
27	__ribosome	67.2	0.0	0.0
27	__rnase_site_ext	5.4	0.0	0.0
27	p0	0.8	0.0	0.0
27	p1	0.4	0.0	0.0
27	protein1	41.4	4.8	2.8433333999999997
27	protein2	23.8	4.0	2.87
27	protein3	3.2	2.8	2.7666666
27	r2	2.8	0.0	0.0
27	rnapol	0.2	0.0	0.0
28	__protein1_rbs	1.8	0.0	0.0
28	__protein2_rbs	1.4	0.0	0.0
28	__protein3_rbs	0.8	0.0	0.0
28	__ribosome	64.8	0.0	0.0
28	__rnase_site_ext	6.0	0.0	0.0
28	p0	0.4	0.0	0.0
28	p1	0.6	0.0	0.0
28	protein1	43.6	5.2	2.8333334
28	protein2	26.2	4.4	2.7866666
28	protein3	4.4	2.8	3.0
28	r2	2.8	0.0	0.0
28	rnapol	0.2	0.0	0.0
29	__protein1_rbs	2.0	0.0	0.0
29	__protein2_rbs	2.2	0.0	0.0
29	__protein3_rbs	1.8	0.0	0.0
29	__ribosome	65.2	0.0	0.0
29	__rnase_site_ext	6.2	0.0	0.0
29	p0	0.4	0.0	0.0
29	p1	1.0	0.0	0.0
29	protein1	46.4	5.2	2.8266666000000003
29	protein2	28.6	4.6	2.52
29	protein3	5.2	2.8	3.0666666
29	r2	2.8	0.0	0.0
29	rnapol	0.0	0.0	0.0
30	__protein1_rbs	1.6	0.0	0.0
30	__protein2_rbs	2.4	0.0	0.0
30	__protein3_rbs	0.2	0.0	0.0
30	__ribosome	63.4	0.0	0.0
30	__rnase_site_ext	6.8	0.0	0.0
30	p0	0.8	0.0	0.0
30	p1	0.8	0.0	0.0
30	protein1	48.6	6.0	2.709524
30	protein2	31.2	4.8	2.4466666
30	protein3	7.2	2.8	3.1666668
30	r2	2.8	0.0	0.0
30	rnapol	0.0	0.0	0.0
31	__protein1_rbs	2.8	0.0	0.0
31	__protein2_rbs	2.0	0.0	0.0
31	__protein3_rbs	1.2	0.0	0.0
31	__ribosome	62.8	0.0	0.0
31	__rnase_site_ext	7.0	0.0	0.0
31	p0	1.0	0.0	0.0
31	p1	0.8	0.0	0.0
31	protein1	51.4	6.6	2.5730952
31	protein2	33.2	4.8	2.62
31	protein3	9.4	2.8	3.0
31	r2	2.8	0.0	0.0
31	rnapol	0.0	0.0	0.0
32	__protein1_rbs	3.0	0.0	0.0
32	__protein2_rbs	2.6	0.0	0.0
32	__protein3_rbs	0.6	0.0	0.0
32	__ribosome	61.2	0.0	0.0
32	__rnase_site_ext	7.2	0.0	0.0
32	p0	0.8	0.0	0.0
32	p1	0.6	0.0	0.0
32	protein1	54.8	6.8	2.5071428
32	protein2	34.8	5.0	2.5966666000000003
32	protein3	10.6	2.8	3.2
32	r2	2.8	0.0	0.0
32	rnapol	0.0	0.0	0.0
33	__protein1_rbs	2.4	0.0	0.0
33	__protein2_rbs	2.0	0.0	0.0
33	__protein3_rbs	1.0	0.0	0.0
33	__ribosome	59.8	0.0	0.0
33	__rnase_site_ext	7.2	0.0	0.0
33	p0	1.0	0.0	0.0
33	p1	0.4	0.0	0.0
33	protein1	57.4	6.8	2.6885716000000004
33	protein2	37.6	5.0	2.6
33	protein3	12.2	2.8	3.1666666
33	r2	2.8	0.0	0.0
33	rnapol	0.0	0.0	0.0
34	__protein1_rbs	2.8	0.0	0.0
34	__protein2_rbs	2.6	0.0	0.0
34	__protein3_rbs	1.2	0.0	0.0
34	__ribosome	59.0	0.0	0.0
34	__rnase_site_ext	7.2	0.0	0.0
34	p0	0.8	0.0	0.0
34	p1	0.6	0.0	0.0
34	protein1	60.2	7.0	2.6592857999999997
34	protein2	39.6	5.4	2.5704762000000003
34	protein3	14.2	2.8	3.0666666
34	r2	3.0	0.0	0.0
34	rnapol	0.0	0.0	0.0
35	__protein1_rbs	2.4	0.0	0.0
35	__protein2_rbs	3.2	0.0	0.0
35	__protein3_rbs	1.0	0.0	0.0
35	__ribosome	59.2	0.0	0.0
35	__rnase_site_ext	7.2	0.0	0.0
35	p0	0.6	0.0	0.0
35	p1	0.6	0.0	0.0
35	protein1	64.0	7.0	2.7392857999999998
35	protein2	42.4	5.2	2.5923808
35	protein3	16.0	3.0	2.9333334
35	r2	3.0	0.0	0.0
35	rnapol	0.0	0.0	0.0
36	__protein1_rbs	3.4	0.0	0.0
36	__protein2_rbs	3.2	0.0	0.0
36	__protein3_rbs	1.2	0.0	0.0
36	__ribosome	59.2	0.0	0.0
36	__rnase_site_ext	7.4	0.0	0.0
36	p0	1.0	0.0	0.0
36	p1	0.2	0.0	0.0
36	protein1	67.6	7.0	2.66
36	protein2	44.6	5.6	2.4609523999999996
36	protein3	17.6	3.0	2.8333332
36	r2	3.0	0.0	0.0
36	rnapol	0.0	0.0	0.0
37	__protein1_rbs	2.8	0.0	0.0
37	__protein2_rbs	2.4	0.0	0.0
37	__protein3_rbs	1.2	0.0	0.0
37	__ribosome	58.4	0.0	0.0
37	__rnase_site_ext	7.4	0.0	0.0
37	p0	1.0	0.0	0.0
37	p1	0.6	0.0	0.0
37	protein1	71.4	7.2	2.5965874
37	protein2	47.4	6.2	2.3383334
37	protein3	19.2	2.8	3.2166666
37	r2	2.8	0.0	0.0
37	rnapol	0.0	0.0	0.0
38	__protein1_rbs	2.4	0.0	0.0
38	__protein2_rbs	3.6	0.0	0.0
38	__protein3_rbs	0.8	0.0	0.0
38	__ribosome	57.8	0.0	0.0
38	__rnase_site_ext	7.4	0.0	0.0
38	p0	1.0	0.0	0.0
38	p1	0.2	0.0	0.0
38	protein1	74.6	7.2	2.7859522
38	protein2	50.4	6.0	2.3057142
38	protein3	21.0	2.8	3.2666668000000003
38	r2	3.0	0.0	0.0
38	rnapol	0.2	0.0	0.0
39	__protein1_rbs	3.4	0.0	0.0
39	__protein2_rbs	2.8	0.0	0.0
39	__protein3_rbs	2.2	0.0	0.0
39	__ribosome	58.2	0.0	0.0
39	__rnase_site_ext	7.4	0.0	0.0
39	p0	1.0	0.0	0.0
39	p1	0.6	0.0	0.0
39	protein1	78.6	7.2	2.6659524
39	protein2	53.0	6.4	2.3142857999999995
39	protein3	22.8	3.0	2.8
39	r2	3.0	0.0	0.0
39	rnapol	0.2	0.0	0.0
40	__protein1_rbs	3.0	0.0	0.0
40	__protein2_rbs	1.8	0.0	0.0
40	__protein3_rbs	1.0	0.0	0.0
40	__ribosome	55.8	0.0	0.0
40	__rnase_site_ext	7.6	0.0	0.0
40	p0	1.0	0.0	0.0
40	p1	0.8	0.0	0.0
40	protein1	81.6	7.2	2.7769048
40	protein2	55.8	7.0	2.3904762
40	protein3	24.6	3.0	2.7333334
40	r2	3.0	0.0	0.0
40	rnapol	0.0	0.0	0.0
41	__protein1_rbs	2.8	0.0	0.0
41	__protein2_rbs	3.6	0.0	0.0
41	__protein3_rbs	1.2	0.0	0.0
41	__ribosome	53.4	0.0	0.0
41	__rnase_site_ext	7.6	0.0	0.0
41	p0	0.8	0.0	0.0
41	p1	1.0	0.0	0.0
41	protein1	85.6	7.4	2.7939684
41	protein2	58.0	7.2	2.4785714
41	protein3	25.8	3.0	2.8166666
41	r2	3.0	0.0	0.0
41	rnapol	0.0	0.0	0.0
42	__protein1_rbs	3.8	0.0	0.0
42	__protein2_rbs	2.2	0.0	0.0
42	__protein3_rbs	1.6	0.0	0.0
42	__ribosome	54.0	0.0	0.0
42	__rnase_site_ext	7.4	0.0	0.0
42	p0	0.8	0.0	0.0
42	p1	0.8	0.0	0.0
42	protein1	90.0	7.4	2.599603
42	protein2	61.6	7.2	2.6678572
42	protein3	27.8	3.0	2.6833334
42	r2	3.4	0.0	0.0
42	rnapol	0.0	0.0	0.0
43	__protein1_rbs	2.6	0.0	0.0
43	__protein2_rbs	3.4	0.0	0.0
43	__protein3_rbs	1.6	0.0	0.0
43	__ribosome	51.8	0.0	0.0
43	__rnase_site_ext	7.6	0.0	0.0
43	p0	1.0	0.0	0.0
43	p1	0.4	0.0	0.0
43	protein1	93.4	7.4	2.8122222000000003
43	protein2	64.6	7.2	2.7107142000000004
43	protein3	29.0	3.4	2.5266666
43	r2	3.4	0.0	0.0
43	rnapol	0.2	0.0	0.0
44	__protein1_rbs	2.2	0.0	0.0
44	__protein2_rbs	3.8	0.0	0.0
44	__protein3_rbs	2.0	0.0	0.0
44	__ribosome	50.6	0.0	0.0
44	__rnase_site_ext	7.8	0.0	0.0
44	p0	0.6	0.0	0.0
44	p1	0.6	0.0	0.0
44	protein1	96.8	7.4	3.025
44	protein2	67.6	7.4	2.6964286
44	protein3	30.6	3.6	2.1466667999999998
44	r2	3.6	0.0	0.0
44	rnapol	0.4	0.0	0.0
45	__protein1_rbs	3.2	0.0	0.0
45	__protein2_rbs	3.2	0.0	0.0
45	__protein3_rbs	1.8	0.0	0.0
45	__ribosome	50.0	0.0	0.0
45	__rnase_site_ext	8.0	0.0	0.0
45	p0	0.6	0.0	0.0
45	p1	1.0	0.0	0.0
45	protein1	101.0	7.6	2.9083334
45	protein2	71.6	7.6	2.65
45	protein3	32.2	3.6	2.2933334
45	r2	3.6	0.0	0.0
45	rnapol	0.2	0.0	0.0
46	__protein1_rbs	3.2	0.0	0.0
46	__protein2_rbs	4.0	0.0	0.0
46	__protein3_rbs	1.6	0.0	0.0
46	__ribosome	48.8	0.0	0.0
46	__rnase_site_ext	8.6	0.0	0.0
46	p0	0.4	0.0	0.0
46	p1	1.0	0.0	0.0
46	protein1	104.6	7.6	3.0105556
46	protein2	75.0	7.8	2.620238
46	protein3	34.4	3.6	2.22
46	r2	3.8	0.0	0.0
46	rnapol	0.2	0.0	0.0
47	__protein1_rbs	3.4	0.0	0.0
47	__protein2_rbs	4.2	0.0	0.0
47	__protein3_rbs	2.2	0.0	0.0
47	__ribosome	50.6	0.0	0.0
47	__rnase_site_ext	8.6	0.0	0.0
47	p0	0.8	0.0	0.0
47	p1	0.8	0.0	0.0
47	protein1	110.0	7.8	2.723889
47	protein2	79.4	7.8	2.4531743999999995
47	protein3	35.4	3.8	2.32
47	r2	3.8	0.0	0.0
47	rnapol	0.0	0.0	0.0
48	__protein1_rbs	4.2	0.0	0.0
48	__protein2_rbs	3.2	0.0	0.0
48	__protein3_rbs	2.0	0.0	0.0
48	__ribosome	49.2	0.0	0.0
48	__rnase_site_ext	8.8	0.0	0.0
48	p0	1.0	0.0	0.0
48	p1	0.6	0.0	0.0
48	protein1	113.8	8.4	2.5577777999999998
48	protein2	83.0	7.8	2.5583334
48	protein3	36.8	4.0	2.2833334
48	r2	4.0	0.0	0.0
48	rnapol	0.2	0.0	0.0
49	__protein1_rbs	4.8	0.0	0.0
49	__protein2_rbs	4.2	0.0	0.0
49	__protein3_rbs	1.8	0.0	0.0
49	__ribosome	48.4	0.0	0.0
49	__rnase_site_ext	8.8	0.0	0.0
49	p0	0.6	0.0	0.0
49	p1	0.8	0.0	0.0
49	protein1	118.0	8.6	2.5156563999999997
49	protein2	86.6	8.0	2.5170636
49	protein3	38.4	4.0	2.54
49	r2	4.0	0.0	0.0
49	rnapol	0.0	0.0	0.0
50	__protein1_rbs	4.2	0.0	0.0
50	__protein2_rbs	4.0	0.0	0.0
50	__protein3_rbs	1.6	0.0	0.0
50	__ribosome	47.8	0.0	0.0
50	__rnase_site_ext	8.8	0.0	0.0
50	p0	0.8	0.0	0.0
50	p1	0.8	0.0	0.0
50	protein1	121.8	8.6	2.5017676
50	protein2	91.2	8.2	2.4742064000000004
50	protein3	40.2	4.0	2.64
50	r2	4.0	0.0	0.0
50	rnapol	0.0	0.0	0.0
51	__protein1_rbs	5.0	0.0	0.0
51	__protein2_rbs	3.8	0.0	0.0
51	__protein3_rbs	2.2	0.0	0.0
51	__ribosome	47.8	0.0	0.0
51	__rnase_site_ext	8.8	0.0	0.0
51	p0	1.0	0.0	0.0
51	p1	0.8	0.0	0.0
51	protein1	126.0	8.8	2.3819842
51	protein2	94.6	8.2	2.5777778
51	protein3	42.4	4.0	2.54
51	r2	3.8	0.0	0.0
51	rnapol	0.0	0.0	0.0
52	__protein1_rbs	4.6	0.0	0.0
52	__protein2_rbs	4.6	0.0	0.0
52	__protein3_rbs	1.8	0.0	0.0
52	__ribosome	48.6	0.0	0.0
52	__rnase_site_ext	9.0	0.0	0.0
52	p0	0.8	0.0	0.0
52	p1	0.4	0.0	0.0
52	protein1	129.8	8.6	2.4405554
52	protein2	99.2	8.2	2.4416666
52	protein3	43.8	3.8	2.6466666
52	r2	4.0	0.0	0.0
52	rnapol	0.2	0.0	0.0
53	__protein1_rbs	4.8	0.0	0.0
53	__protein2_rbs	5.2	0.0	0.0
53	__protein3_rbs	1.2	0.0	0.0
53	__ribosome	51.4	0.0	0.0
53	__rnase_site_ext	9.2	0.0	0.0
53	p0	1.0	0.0	0.0
53	p1	0.4	0.0	0.0
53	protein1	135.0	8.8	2.231111
53	protein2	103.4	8.2	2.2944444
53	protein3	46.2	3.8	2.7133334
53	r2	4.0	0.0	0.0
53	rnapol	0.0	0.0	0.0
54	__protein1_rbs	3.8	0.0	0.0
54	__protein2_rbs	3.0	0.0	0.0
54	__protein3_rbs	3.0	0.0	0.0
54	__ribosome	50.6	0.0	0.0
54	__rnase_site_ext	9.2	0.0	0.0
54	p0	0.8	0.0	0.0
54	p1	0.4	0.0	0.0
54	protein1	139.8	9.0	2.2200002000000003
54	protein2	107.4	8.4	2.3412697999999996
54	protein3	48.0	3.8	2.4833332
54	r2	3.8	0.0	0.0
54	rnapol	0.0	0.0	0.0
55	__protein1_rbs	5.0	0.0	0.0
55	__protein2_rbs	5.0	0.0	0.0
55	__protein3_rbs	1.8	0.0	0.0
55	__ribosome	51.4	0.0	0.0
55	__rnase_site_ext	9.2	0.0	0.0
55	p0	1.0	0.0	0.0
55	p1	0.6	0.0	0.0
55	protein1	144.0	9.0	2.2155554
55	protein2	110.8	8.8	2.2361906000000005
55	protein3	50.2	3.8	2.3499998
55	r2	3.8	0.0	0.0
55	rnapol	0.2	0.0	0.0
56	__protein1_rbs	5.2	0.0	0.0
56	__protein2_rbs	4.4	0.0	0.0
56	__protein3_rbs	1.2	0.0	0.0
56	__ribosome	48.8	0.0	0.0
56	__rnase_site_ext	9.4	0.0	0.0
56	p0	1.0	0.0	0.0
56	p1	0.8	0.0	0.0
56	protein1	146.8	9.0	2.3830302000000003
56	protein2	114.6	9.2	2.2190476
56	protein3	52.0	3.8	2.5666666
56	r2	3.8	0.0	0.0
56	rnapol	0.0	0.0	0.0
57	__protein1_rbs	5.0	0.0	0.0
57	__protein2_rbs	3.6	0.0	0.0
57	__protein3_rbs	1.0	0.0	0.0
57	__ribosome	46.0	0.0	0.0
57	__rnase_site_ext	9.2	0.0	0.0
57	p0	1.0	0.0	0.0
57	p1	0.6	0.0	0.0
57	protein1	150.6	9.2	2.3963636000000004
57	protein2	118.6	9.6	2.3028788
57	protein3	54.2	3.8	2.6833334
57	r2	3.8	0.0	0.0
57	rnapol	0.0	0.0	0.0
58	__protein1_rbs	4.8	0.0	0.0
58	__protein2_rbs	4.4	0.0	0.0
58	__protein3_rbs	1.2	0.0	0.0
58	__ribosome	44.2	0.0	0.0
58	__rnase_site_ext	9.4	0.0	0.0
58	p0	0.8	0.0	0.0
58	p1	0.4	0.0	0.0
58	protein1	154.2	9.0	2.4745454
58	protein2	122.0	9.8	2.415
58	protein3	56.4	3.6	2.8133334000000003
58	r2	3.8	0.0	0.0
58	rnapol	0.0	0.0	0.0
59	__protein1_rbs	4.8	0.0	0.0
59	__protein2_rbs	4.2	0.0	0.0
59	__protein3_rbs	2.4	0.0	0.0
59	__ribosome	44.6	0.0	0.0
59	__rnase_site_ext	9.2	0.0	0.0
59	p0	0.8	0.0	0.0
59	p1	0.6	0.0	0.0
59	protein1	159.0	9.2	2.36
59	protein2	126.2	10.0	2.3977776
59	protein3	58.0	3.8	2.64
59	r2	3.6	0.0	0.0
59	rnapol	0.0	0.0	0.0
60	__protein1_rbs	3.8	0.0	0.0
60	__protein2_rbs	5.6	0.0	0.0
60	__protein3_rbs	2.4	0.0	0.0
60	__ribosome	44.4	0.0	0.0
60	__rnase_site_ext	9.4	0.0	0.0
60	p0	0.4	0.0	0.0
60	p1	0.6	0.0	0.0
60	protein1	163.6	9.0	2.458889
60	protein2	129.6	10.0	2.4280302000000002
60	protein3	60.0	3.6	2.6766666
60	r2	3.6	0.0	0.0
60	rnapol	0.0	0.0	0.0
61	__protein1_rbs	4.6	0.0	0.0
61	__protein2_rbs	4.0	0.0	0.0
61	__protein3_rbs	1.6	0.0	0.0
61	__ribosome	44.2	0.0	0.0
61	__rnase_site_ext	9.8	0.0	0.0
61	p0	1.0	0.0	0.0
61	p1	0.8	0.0	0.0
61	protein1	167.6	9.2	2.3444444
61	protein2	134.4	10.2	2.465
61	protein3	62.4	3.6	2.62
61	r2	3.8	0.0	0.0
61	rnapol	0.4	0.0	0.0
62	__protein1_rbs	5.4	0.0	0.0
62	__protein2_rbs	5.6	0.0	0.0
62	__protein3_rbs	2.0	0.0	0.0
62	__ribosome	44.4	0.0	0.0
62	__rnase_site_ext	9.6	0.0	0.0
62	p0	0.6	0.0	0.0
62	p1	0.8	0.0	0.0
62	protein1	172.4	9.6	2.2419189999999998
62	protein2	139.0	10.4	2.4380302000000005
62	protein3	64.4	3.8	2.5333334
62	r2	3.8	0.0	0.0
62	rnapol	0.2	0.0	0.0
63	__protein1_rbs	6.2	0.0	0.0
63	__protein2_rbs	5.2	0.0	0.0
63	__protein3_rbs	1.6	0.0	0.0
63	__ribosome	45.4	0.0	0.0
63	__rnase_site_ext	10.4	0.0	0.0
63	p0	0.6	0.0	0.0
63	p1	0.6	0.0	0.0
63	protein1	176.4	9.4	2.1460604
63	protein2	144.0	10.2	2.475909
63	protein3	66.4	3.8	2.5466667999999997
63	r2	3.8	0.0	0.0
63	rnapol	0.0	0.0	0.0
64	__protein1_rbs	6.6	0.0	0.0
64	__protein2_rbs	6.0	0.0	0.0
64	__protein3_rbs	2.4	0.0	0.0
64	__ribosome	47.6	0.0	0.0
64	__rnase_site_ext	10.4	0.0	0.0
64	p0	0.8	0.0	0.0
64	p1	0.8	0.0	0.0
64	protein1	180.4	10.0	2.0252524000000003
64	protein2	149.8	10.2	2.3072726
64	protein3	68.2	3.6	2.4899998
64	r2	3.6	0.0	0.0
64	rnapol	0.2	0.0	0.0
65	__protein1_rbs	4.2	0.0	0.0
65	__protein2_rbs	5.4	0.0	0.0
65	__protein3_rbs	0.8	0.0	0.0
65	__ribosome	43.6	0.0	0.0
65	__rnase_site_ext	10.6	0.0	0.0
65	p0	0.8	0.0	0.0
65	p1	0.8	0.0	0.0
65	protein1	183.8	10.0	2.2520562
65	protein2	153.2	10.2	2.4249998
65	protein3	69.8	3.4	3.03
65	r2	3.4	0.0	0.0
65	rnapol	0.2	0.0	0.0
66	__protein1_rbs	5.2	0.0	0.0
66	__protein2_rbs	4.6	0.0	0.0
66	__protein3_rbs	2.0	0.0	0.0
66	__ribosome	44.4	0.0	0.0
66	__rnase_site_ext	11.0	0.0	0.0
66	p0	0.8	0.0	0.0
66	p1	0.8	0.0	0.0
66	protein1	189.2	10.2	2.1406926
66	protein2	158.4	10.0	2.4627272000000002
66	protein3	71.2	3.4	3.0033334
66	r2	3.4	0.0	0.0
66	rnapol	0.2	0.0	0.0
67	__protein1_rbs	6.0	0.0	0.0
67	__protein2_rbs	4.4	0.0	0.0
67	__protein3_rbs	2.0	0.0	0.0
67	__ribosome	44.0	0.0	0.0
67	__rnase_site_ext	11.0	0.0	0.0
67	p0	0.8	0.0	0.0
67	p1	0.8	0.0	0.0
67	protein1	193.4	10.8	1.9743700000000002
67	protein2	162.2	10.0	2.58
67	protein3	73.4	3.6	2.6066667999999997
67	r2	3.6	0.0	0.0
67	rnapol	0.0	0.0	0.0
68	__protein1_rbs	4.8	0.0	0.0
68	__protein2_rbs	5.4	0.0	0.0
68	__protein3_rbs	2.2	0.0	0.0
68	__ribosome	44.2	0.0	0.0
68	__rnase_site_ext	11.2	0.0	0.0
68	p0	0.8	0.0	0.0
68	p1	0.4	0.0	0.0
68	protein1	197.0	10.8	2.2147184
68	protein2	167.4	9.8	2.4595238
68	protein3	75.4	3.6	2.4566666
68	r2	3.6	0.0	0.0
68	rnapol	0.0	0.0	0.0
69	__protein1_rbs	5.8	0.0	0.0
69	__protein2_rbs	4.0	0.0	0.0
69	__protein3_rbs	2.6	0.0	0.0
69	__ribosome	42.6	0.0	0.0
69	__rnase_site_ext	11.2	0.0	0.0
69	p0	1.0	0.0	0.0
69	p1	0.4	0.0	0.0
69	protein1	201.0	11.0	2.2813386
69	protein2	172.8	9.8	2.4819048
69	protein3	76.8	3.6	2.4633334
69	r2	3.8	0.0	0.0
69	rnapol	0.0	0.0	0.0
70	__protein1_rbs	4.6	0.0	0.0
70	__protein2_rbs	6.2	0.0	0.0
70	__protein3_rbs	2.2	0.0	0.0
70	__ribosome	41.4	0.0	0.0
70	__rnase_site_ext	11.2	0.0	0.0
70	p0	1.0	0.0	0.0
70	p1	0.2	0.0	0.0
70	protein1	204.8	11.0	2.5073726
70	protein2	176.8	10.2	2.34
70	protein3	79.4	3.8	2.1333333999999997
70	r2	3.8	0.0	0.0
70	rnapol	0.0	0.0	0.0
71	__protein1_rbs	5.8	0.0	0.0
71	__protein2_rbs	6.2	0.0	0.0
71	__protein3_rbs	1.8	0.0	0.0
71	__ribosome	43.6	0.0	0.0
71	__rnase_site_ext	11.2	0.0	0.0
71	p0	1.0	0.0	0.0
71	p1	0.2	0.0	0.0
71	protein1	209.8	11.0	2.3856745999999998
71	protein2	182.6	10.4	2.1551516
71	protein3	80.8	3.8	2.2999998
71	r2	3.8	0.0	0.0
71	rnapol	0.0	0.0	0.0
72	__protein1_rbs	5.6	0.0	0.0
72	__protein2_rbs	7.2	0.0	0.0
72	__protein3_rbs	2.0	0.0	0.0
72	__ribosome	43.4	0.0	0.0
72	__rnase_site_ext	11.2	0.0	0.0
72	p0	1.0	0.0	0.0
72	p1	0.8	0.0	0.0
72	protein1	214.4	11.0	2.4579422
72	protein2	187.6	11.2	1.942564
72	protein3	82.4	3.8	2.25
72	r2	4.0	0.0	0.0
72	rnapol	0.0	0.0	0.0
73	__protein1_rbs	5.6	0.0	0.0
73	__protein2_rbs	5.4	0.0	0.0
73	__protein3_rbs	1.8	0.0	0.0
73	__ribosome	42.6	0.0	0.0
73	__rnase_site_ext	11.4	0.0	0.0
73	p0	0.6	0.0	0.0
73	p1	0.4	0.0	0.0
73	protein1	220.2	11.0	2.3327672
73	protein2	191.8	11.2	2.0953848
73	protein3	84.6	4.0	2.1928572
73	r2	4.2	0.0	0.0
73	rnapol	0.0	0.0	0.0
74	__protein1_rbs	6.4	0.0	0.0
74	__protein2_rbs	5.6	0.0	0.0
74	__protein3_rbs	2.2	0.0	0.0
74	__ribosome	41.8	0.0	0.0
74	__rnase_site_ext	11.4	0.0	0.0
74	p0	1.0	0.0	0.0
74	p1	0.2	0.0	0.0
74	protein1	225.8	11.2	2.1754944
74	protein2	196.0	11.4	2.18
74	protein3	85.6	4.2	2.1952382000000004
74	r2	4.2	0.0	0.0
74	rnapol	0.0	0.0	0.0
75	__protein1_rbs	6.2	0.0	0.0
75	__protein2_rbs	5.8	0.0	0.0
75	__protein3_rbs	2.8	0.0	0.0
75	__ribosome	41.0	0.0	0.0
75	__rnase_site_ext	11.2	0.0	0.0
75	p0	1.0	0.0	0.0
75	p1	0.6	0.0	0.0
75	protein1	230.6	11.2	2.2283333999999995
75	protein2	200.4	11.6	2.2572649999999994
75	protein3	87.4	4.2	2.0428572
75	r2	4.2	0.0	0.0
75	rnapol	0.0	0.0	0.0
76	__protein1_rbs	6.4	0.0	0.0
76	__protein2_rbs	4.8	0.0	0.0
76	__protein3_rbs	1.8	0.0	0.0
76	__ribosome	39.2	0.0	0.0
76	__rnase_site_ext	11.4	0.0	0.0
76	p0	0.6	0.0	0.0
76	p1	0.8	0.0	0.0
76	protein1	236.6	11.2	2.1116666000000004
76	protein2	205.4	12.0	2.3221502000000003
76	protein3	88.8	4.2	2.4166666
76	r2	4.2	0.0	0.0
76	rnapol	0.0	0.0	0.0
77	__protein1_rbs	6.4	0.0	0.0
77	__protein2_rbs	8.6	0.0	0.0
77	__protein3_rbs	1.8	0.0	0.0
77	__ribosome	37.6	0.0	0.0
77	__rnase_site_ext	11.4	0.0	0.0
77	p0	1.0	0.0	0.0
77	p1	0.8	0.0	0.0
77	protein1	239.4	11.0	2.3033332000000004
77	protein2	209.0	12.2	2.2557
77	protein3	90.8	4.2	2.4785714
77	r2	4.2	0.0	0.0
77	rnapol	0.0	0.0	0.0
78	__protein1_rbs	5.4	0.0	0.0
78	__protein2_rbs	7.0	0.0	0.0
78	__protein3_rbs	2.2	0.0	0.0
78	__ribosome	37.8	0.0	0.0
78	__rnase_site_ext	11.8	0.0	0.0
78	p0	0.6	0.0	0.0
78	p1	1.0	0.0	0.0
78	protein1	245.4	11.2	2.2798484
78	protein2	214.8	12.2	2.2197834
78	protein3	92.4	4.2	2.4366666
78	r2	4.2	0.0	0.0
78	rnapol	0.2	0.0	0.0
79	__protein1_rbs	6.0	0.0	0.0
79	__protein2_rbs	6.6	0.0	0.0
79	__protein3_rbs	1.6	0.0	0.0
79	__ribosome	37.2	0.0	0.0
79	__rnase_site_ext	11.8	0.0	0.0
79	p0	1.0	0.0	0.0
79	p1	0.8	0.0	0.0
79	protein1	250.8	11.2	2.2453030000000003
79	protein2	219.8	12.2	2.2712986
79	protein3	93.6	4.0	2.6766668000000005
79	r2	4.2	0.0	0.0
79	rnapol	0.0	0.0	0.0
80	__protein1_rbs	6.6	0.0	0.0
80	__protein2_rbs	7.0	0.0	0.0
80	__protein3_rbs	2.2	0.0	0.0
80	__ribosome	38.8	0.0	0.0
80	__rnase_site_ext	12.0	0.0	0.0
80	p0	1.0	0.0	0.0
80	p1	1.0	0.0	0.0
80	protein1	255.4	11.4	2.2170456
80	protein2	225.8	11.8	2.2650433999999997
80	protein3	96.0	4.2	2.4533332000000003
80	r2	4.4	0.0	0.0
80	rnapol	0.0	0.0	0.0
81	__protein1_rbs	7.2	0.0	0.0
81	__protein2_rbs	5.6	0.0	0.0
81	__protein3_rbs	2.4	0.0	0.0
81	__ribosome	39.8	0.0	0.0
81	__rnase_site_ext	12.2	0.0	0.0
81	p0	0.8	0.0	0.0
81	p1	0.6	0.0	0.0
81	protein1	259.8	11.6	2.1670453999999997
81	protein2	232.4	11.8	2.1703464
81	protein3	98.2	4.6	2.3133334
81	r2	4.8	0.0	0.0
81	rnapol	0.0	0.0	0.0
82	__protein1_rbs	6.0	0.0	0.0
82	__protein2_rbs	5.8	0.0	0.0
82	__protein3_rbs	3.0	0.0	0.0
82	__ribosome	39.0	0.0	0.0
82	__rnase_site_ext	12.2	0.0	0.0
82	p0	1.0	0.0	0.0
82	p1	1.0	0.0	0.0
82	protein1	265.4	11.8	2.128409
82	protein2	237.0	11.8	2.2808444000000003
82	protein3	100.4	4.8	2.16
82	r2	4.8	0.0	0.0
82	rnapol	0.0	0.0	0.0
83	__protein1_rbs	7.0	0.0	0.0
83	__protein2_rbs	6.2	0.0	0.0
83	__protein3_rbs	2.4	0.0	0.0
83	__ribosome	38.4	0.0	0.0
83	__rnase_site_ext	12.4	0.0	0.0
83	p0	0.6	0.0	0.0
83	p1	1.0	0.0	0.0
83	protein1	271.2	11.8	2.0310604000000003
83	protein2	241.2	12.2	2.2769552
83	protein3	102.2	4.8	2.3533334
83	r2	5.4	0.0	0.0
83	rnapol	0.0	0.0	0.0
84	__protein1_rbs	6.8	0.0	0.0
84	__protein2_rbs	7.4	0.0	0.0
84	__protein3_rbs	3.4	0.0	0.0
84	__ribosome	40.2	0.0	0.0
84	__rnase_site_ext	12.6	0.0	0.0
84	p0	0.8	0.0	0.0
84	p1	0.6	0.0	0.0
84	protein1	276.6	11.8	1.9333332
84	protein2	247.2	12.0	2.1853100000000003
84	protein3	104.0	5.4	2.1133333999999997
84	r2	5.4	0.0	0.0
84	rnapol	0.2	0.0	0.0
85	__protein1_rbs	7.4	0.0	0.0
85	__protein2_rbs	7.0	0.0	0.0
85	__protein3_rbs	2.4	0.0	0.0
85	__ribosome	36.4	0.0	0.0
85	__rnase_site_ext	12.6	0.0	0.0
85	p0	0.8	0.0	0.0
85	p1	0.6	0.0	0.0
85	protein1	280.0	12.2	2.0341252
85	protein2	251.6	12.0	2.2623664000000003
85	protein3	106.0	5.4	2.3133332
85	r2	5.4	0.0	0.0
85	rnapol	0.2	0.0	0.0
86	__protein1_rbs	6.2	0.0	0.0
86	__protein2_rbs	7.2	0.0	0.0
86	__protein3_rbs	3.2	0.0	0.0
86	__ribosome	36.6	0.0	0.0
86	__rnase_site_ext	13.0	0.0	0.0
86	p0	0.6	0.0	0.0
86	p1	0.6	0.0	0.0
86	protein1	284.0	12.0	2.2256683999999995
86	protein2	258.2	12.4	2.0095959999999997
86	protein3	108.4	5.4	2.3233331999999995
86	r2	5.4	0.0	0.0
86	rnapol	0.0	0.0	0.0
87	__protein1_rbs	7.2	0.0	0.0
87	__protein2_rbs	8.0	0.0	0.0
87	__protein3_rbs	2.8	0.0	0.0
87	__ribosome	36.8	0.0	0.0
87	__rnase_site_ext	13.0	0.0	0.0
87	p0	0.8	0.0	0.0
87	p1	0.8	0.0	0.0
87	protein1	288.6	12.4	2.0908732
87	protein2	262.8	12.2	2.0073016000000004
87	protein3	110.4	5.4	2.3799998
87	r2	5.4	0.0	0.0
87	rnapol	0.2	0.0	0.0
88	__protein1_rbs	6.2	0.0	0.0
88	__protein2_rbs	7.0	0.0	0.0
88	__protein3_rbs	2.4	0.0	0.0
88	__ribosome	36.2	0.0	0.0
88	__rnase_site_ext	13.2	0.0	0.0
88	p0	1.0	0.0	0.0
88	p1	0.6	0.0	0.0
88	protein1	293.6	12.4	2.1820322
88	protein2	268.8	12.6	1.956349
88	protein3	113.2	5.4	2.3666666000000003
88	r2	5.6	0.0	0.0
88	rnapol	0.2	0.0	0.0
89	__protein1_rbs	6.4	0.0	0.0
89	__protein2_rbs	8.0	0.0	0.0
89	__protein3_rbs	2.8	0.0	0.0
89	__ribosome	35.8	0.0	0.0
89	__rnase_site_ext	13.0	0.0	0.0
89	p0	1.0	0.0	0.0
89	p1	0.8	0.0	0.0
89	protein1	299.4	12.8	2.0923214000000003
89	protein2	273.6	12.6	1.961508
89	protein3	115.6	5.6	2.3833333999999997
89	r2	5.6	0.0	0.0
89	rnapol	0.2	0.0	0.0
90	__protein1_rbs	8.4	0.0	0.0
90	__protein2_rbs	6.6	0.0	0.0
90	__protein3_rbs	2.8	0.0	0.0
90	__ribosome	36.0	0.0	0.0
90	__rnase_site_ext	13.4	0.0	0.0
90	p0	0.8	0.0	0.0
90	p1	1.0	0.0	0.0
90	protein1	304.4	12.8	1.9730835999999998
90	protein2	278.6	12.8	2.0181624
90	protein3	118.4	5.6	2.3833333999999997
90	r2	5.6	0.0	0.0
90	rnapol	0.2	0.0	0.0
91	__protein1_rbs	7.2	0.0	0.0
91	__protein2_rbs	7.8	0.0	0.0
91	__protein3_rbs	3.8	0.0	0.0
91	__ribosome	36.2	0.0	0.0
91	__rnase_site_ext	13.0	0.0	0.0
91	p0	0.8	0.0	0.0
91	p1	0.6	0.0	0.0
91	protein1	309.4	13.0	1.9949494
91	protein2	283.6	12.8	1.9862026000000002
91	protein3	120.4	5.6	2.3833332
91	r2	5.8	0.0	0.0
91	rnapol	0.0	0.0	0.0
92	__protein1_rbs	7.0	0.0	0.0
92	__protein2_rbs	6.6	0.0	0.0
92	__protein3_rbs	3.6	0.0	0.0
92	__ribosome	34.2	0.0	0.0
92	__rnase_site_ext	13.0	0.0	0.0
92	p0	0.8	0.0	0.0
92	p1	0.4	0.0	0.0
92	protein1	314.2	12.8	2.1195048
92	protein2	287.2	12.6	2.2001068000000004
92	protein3	123.6	5.6	2.2714286
92	r2	5.6	0.0	0.0
92	rnapol	0.0	0.0	0.0
93	__protein1_rbs	8.0	0.0	0.0
93	__protein2_rbs	9.2	0.0	0.0
93	__protein3_rbs	3.2	0.0	0.0
93	__ribosome	36.4	0.0	0.0
93	__rnase_site_ext	12.8	0.0	0.0
93	p0	1.0	0.0	0.0
93	p1	0.8	0.0	0.0
93	protein1	319.2	12.6	2.1054775999999995
93	protein2	293.2	13.2	1.9640092
93	protein3	125.6	5.6	2.2
93	r2	5.6	0.0	0.0
93	rnapol	0.0	0.0	0.0
94	__protein1_rbs	6.8	0.0	0.0
94	__protein2_rbs	8.0	0.0	0.0
94	__protein3_rbs	3.2	0.0	0.0
94	__ribosome	38.0	0.0	0.0
94	__rnase_site_ext	12.8	0.0	0.0
94	p0	1.0	0.0	0.0
94	p1	0.6	0.0	0.0
94	protein1	325.8	12.4	2.0364286
94	protein2	298.2	13.4	2.0014220000000003
94	protein3	129.0	5.6	1.9666668
94	r2	5.8	0.0	0.0
94	rnapol	0.2	0.0	0.0
95	__protein1_rbs	8.0	0.0	0.0
95	__protein2_rbs	7.4	0.0	0.0
95	__protein3_rbs	3.4	0.0	0.0
95	__ribosome	37.2	0.0	0.0
95	__rnase_site_ext	13.2	0.0	0.0
95	p0	0.8	0.0	0.0
95	p1	0.8	0.0	0.0
95	protein1	330.2	12.4	2.0759524
95	protein2	304.0	13.4	1.9840561999999997
95	protein3	131.2	5.8	1.9095238
95	r2	5.6	0.0	0.0
95	rnapol	0.0	0.0	0.0
96	__protein1_rbs	8.2	0.0	0.0
96	__protein2_rbs	6.2	0.0	0.0
96	__protein3_rbs	2.6	0.0	0.0
96	__ribosome	36.2	0.0	0.0
96	__rnase_site_ext	13.4	0.0	0.0
96	p0	0.8	0.0	0.0
96	p1	0.4	0.0	0.0
96	protein1	335.8	12.8	1.9336086
96	protein2	309.0	13.6	2.0507258000000004
96	protein3	133.4	5.6	2.104762
96	r2	5.6	0.0	0.0
96	rnapol	0.0	0.0	0.0
97	__protein1_rbs	9.0	0.0	0.0
97	__protein2_rbs	7.0	0.0	0.0
97	__protein3_rbs	3.6	0.0	0.0
97	__ribosome	36.4	0.0	0.0
97	__rnase_site_ext	13.4	0.0	0.0
97	p0	1.0	0.0	0.0
97	p1	0.6	0.0	0.0
97	protein1	340.6	12.8	1.8829616
97	protein2	314.6	13.6	2.1156646
97	protein3	135.6	5.6	2.0142858
97	r2	5.6	0.0	0.0
97	rnapol	0.0	0.0	0.0
98	__protein1_rbs	7.2	0.0	0.0
98	__protein2_rbs	8.6	0.0	0.0
98	__protein3_rbs	2.8	0.0	0.0
98	__ribosome	36.0	0.0	0.0
98	__rnase_site_ext	13.2	0.0	0.0
98	p0	0.8	0.0	0.0
98	p1	0.6	0.0	0.0
98	protein1	345.6	12.8	1.9407142
98	protein2	320.2	14.0	2.0100124
98	protein3	137.6	5.6	2.0476191999999998
98	r2	5.8	0.0	0.0
98	rnapol	0.0	0.0	0.0
99	__protein1_rbs	6.8	0.0	0.0
99	__protein2_rbs	5.6	0.0	0.0
99	__protein3_rbs	3.8	0.0	0.0
99	__ribosome	31.0	0.0	0.0
99	__rnase_site_ext	13.0	0.0	0.0
99	p0	1.0	0.0	0.0
99	p1	0.8	0.0	0.0
99	protein1	350.6	12.6	1.9990476
99	protein2	324.4	14.2	2.2663002
99	protein3	139.4	5.8	2.0166668000000003
99	r2	5.8	0.0	0.0
99	rnapol	0.2	0.0	0.0
100	__protein1_rbs	7.0	0.0	0.0
100	__protein2_rbs	8.6	0.0	0.0
100	__protein3_rbs	3.6	0.0	0.0
100	__ribosome	31.6	0.0	0.0
100	__rnase_site_ext	13.4	0.0	0.0
100	p0	0.4	0.0	0.0
100	p1	0.6	0.0	0.0
100	protein1	355.0	12.8	2.0555846
100	protein2	330.2	14.4	2.192298
100	protein3	142.4	5.8	1.8833332
100	r2	6.0	0.0	0.0
100	rnapol	0.0	0.0	0.0
101	__protein1_rbs	8.0	0.0	0.0
101	__protein2_rbs	7.8	0.0	0.0
101	__protein3_rbs	2.6	0.0	0.0
101	__ribosome	34.4	0.0	0.0
101	__rnase_site_ext	13.6	0.0	0.0
101	p0	0.8	0.0	0.0
101	p1	1.0	0.0	0.0
101	protein1	360.6	12.6	1.9601732
101	protein2	336.6	14.4	2.1722574000000003
101	protein3	145.2	5.6	1.857143
101	r2	5.8	0.0	0.0
101	rnapol	0.0	0.0	0.0
102	__protein1_rbs	7.6	0.0	0.0
102	__protein2_rbs	8.0	0.0	0.0
102	__protein3_rbs	4.4	0.0	0.0
102	__ribosome	32.0	0.0	0.0
102	__rnase_site_ext	13.8	0.0	0.0
102	p0	0.6	0.0	0.0
102	p1	0.8	0.0	0.0
102	protein1	364.6	13.2	2.0547619999999998
102	protein2	342.8	14.4	2.2074088
102	protein3	147.2	5.8	1.6538093999999997
102	r2	5.8	0.0	0.0
102	rnapol	0.0	0.0	0.0
103	__protein1_rbs	7.0	0.0	0.0
103	__protein2_rbs	7.8	0.0	0.0
103	__protein3_rbs	4.0	0.0	0.0
103	__ribosome	31.0	0.0	0.0
103	__rnase_site_ext	14.2	0.0	0.0
103	p0	0.8	0.0	0.0
103	p1	0.6	0.0	0.0
103	protein1	370.0	13.2	2.0879119999999998
103	protein2	348.2	14.4	2.2784614000000003
103	protein3	149.6	5.8	1.54
103	r2	5.8	0.0	0.0
103	rnapol	0.0	0.0	0.0
104	__protein1_rbs	7.8	0.0	0.0
104	__protein2_rbs	8.8	0.0	0.0
104	__protein3_rbs	3.0	0.0	0.0
104	__ribosome	31.2	0.0	0.0
104	__rnase_site_ext	14.2	0.0	0.0
104	p0	0.8	0.0	0.0
104	p1	0.8	0.0	0.0
104	protein1	375.6	13.8	2.0010988000000003
104	protein2	355.8	14.6	2.106923
104	protein3	150.6	5.6	1.9595238000000001
104	r2	5.4	0.0	0.0
104	rnapol	0.0	0.0	0.0
105	__protein1_rbs	8.4	0.0	0.0
105	__protein2_rbs	9.0	0.0	0.0
105	__protein3_rbs	2.4	0.0	0.0
105	__ribosome	32.2	0.0	0.0
105	__rnase_site_ext	13.8	0.0	0.0
105	p0	0.6	0.0	0.0
105	p1	0.6	0.0	0.0
105	protein1	381.0	13.4	2.0348718
105	protein2	362.0	14.4	2.0659398
105	protein3	153.0	5.4	2.1261906
105	r2	5.4	0.0	0.0
105	rnapol	0.0	0.0	0.0
106	__protein1_rbs	8.0	0.0	0.0
106	__protein2_rbs	7.4	0.0	0.0
106	__protein3_rbs	3.6	0.0	0.0
106	__ribosome	30.8	0.0	0.0
106	__rnase_site_ext	13.8	0.0	0.0
106	p0	1.0	0.0	0.0
106	p1	0.8	0.0	0.0
106	protein1	385.4	13.6	2.0740383999999996
106	protein2	367.6	14.4	2.1578148
106	protein3	155.2	5.4	2.0023808
106	r2	5.4	0.0	0.0
106	rnapol	0.0	0.0	0.0
107	__protein1_rbs	8.8	0.0	0.0
107	__protein2_rbs	8.0	0.0	0.0
107	__protein3_rbs	3.0	0.0	0.0
107	__ribosome	30.8	0.0	0.0
107	__rnase_site_ext	13.6	0.0	0.0
107	p0	1.0	0.0	0.0
107	p1	0.8	0.0	0.0
107	protein1	392.0	13.6	1.9596154
107	protein2	373.4	14.4	2.1750376000000005
107	protein3	156.8	5.2	2.2666666
107	r2	5.4	0.0	0.0
107	rnapol	0.2	0.0	0.0
108	__protein1_rbs	7.4	0.0	0.0
108	__protein2_rbs	9.4	0.0	0.0
108	__protein3_rbs	3.6	0.0	0.0
108	__ribosome	32.2	0.0	0.0
108	__rnase_site_ext	14.0	0.0	0.0
108	p0	0.8	0.0	0.0
108	p1	0.4	0.0	0.0
108	protein1	397.6	13.4	2.0133334
108	protein2	379.4	14.2	2.13
108	protein3	159.2	5.6	1.92
108	r2	5.6	0.0	0.0
108	rnapol	0.0	0.0	0.0
109	__protein1_rbs	8.8	0.0	0.0
109	__protein2_rbs	8.4	0.0	0.0
109	__protein3_rbs	3.8	0.0	0.0
109	__ribosome	35.6	0.0	0.0
109	__rnase_site_ext	13.8	0.0	0.0
109	p0	1.0	0.0	0.0
109	p1	0.8	0.0	0.0
109	protein1	403.2	13.6	1.8534066000000002
109	protein2	386.0	14.0	2.1119048
109	protein3	162.0	5.6	1.78
109	r2	5.8	0.0	0.0
109	rnapol	0.0	0.0	0.0
110	__protein1_rbs	6.6	0.0	0.0
110	__protein2_rbs	7.8	0.0	0.0
110	__protein3_rbs	4.2	0.0	0.0
110	__ribosome	33.2	0.0	0.0
110	__rnase_site_ext	13.6	0.0	0.0
110	p0	1.0	0.0	0.0
110	p1	0.6	0.0	0.0
110	protein1	408.6	13.6	1.9930034
110	protein2	391.6	14.4	2.0811356
110	protein3	164.6	6.0	1.624762
110	r2	6.0	0.0	0.0
110	rnapol	0.0	0.0	0.0
111	__protein1_rbs	7.6	0.0	0.0
111	__protein2_rbs	9.0	0.0	0.0
111	__protein3_rbs	4.0	0.0	0.0
111	__ribosome	31.8	0.0	0.0
111	__rnase_site_ext	13.8	0.0	0.0
111	p0	0.8	0.0	0.0
111	p1	0.4	0.0	0.0
111	protein1	413.6	13.4	2.1283882000000003
111	protein2	397.0	14.0	2.1101056000000002
111	protein3	166.0	6.0	1.6771425999999998
111	r2	6.0	0.0	0.0
111	rnapol	0.0	0.0	0.0
112	__protein1_rbs	8.0	0.0	0.0
112	__protein2_rbs	8.8	0.0	0.0
112	__protein3_rbs	4.0	0.0	0.0
112	__ribosome	33.4	0.0	0.0
112	__rnase_site_ext	13.6	0.0	0.0
112	p0	1.0	0.0	0.0
112	p1	0.6	0.0	0.0
112	protein1	419.0	13.6	2.1012086000000005
112	protein2	403.8	14.4	1.938914
112	protein3	168.4	5.8	1.764762
112	r2	6.0	0.0	0.0
112	rnapol	0.0	0.0	0.0
113	__protein1_rbs	10.0	0.0	0.0
113	__protein2_rbs	8.0	0.0	0.0
113	__protein3_rbs	4.6	0.0	0.0
113	__ribosome	36.8	0.0	0.0
113	__rnase_site_ext	13.6	0.0	0.0
113	p0	1.0	0.0	0.0
113	p1	0.4	0.0	0.0
113	protein1	424.0	13.4	1.9963734
113	protein2	410.8	14.8	1.8393838
113	protein3	170.4	5.8	1.5961906000000001
113	r2	5.8	0.0	0.0
113	rnapol	0.0	0.0	0.0
114	__protein1_rbs	7.6	0.0	0.0
114	__protein2_rbs	7.2	0.0	0.0
114	__protein3_rbs	3.2	0.0	0.0
114	__ribosome	33.0	0.0	0.0
114	__rnase_site_ext	13.6	0.0	0.0
114	p0	0.8	0.0	0.0
114	p1	0.8	0.0	0.0
114	protein1	429.4	13.4	2.0115018
114	protein2	416.0	15.2	1.9926586
114	protein3	172.6	5.8	1.6533334
114	r2	6.2	0.0	0.0
114	rnapol	0.2	0.0	0.0
115	__protein1_rbs	8.4	0.0	0.0
115	__protein2_rbs	8.0	0.0	0.0
115	__protein3_rbs	3.2	0.0	0.0
115	__ribosome	32.8	0.0	0.0
115	__rnase_site_ext	13.8	0.0	0.0
115	p0	0.6	0.0	0.0
115	p1	0.8	0.0	0.0
115	protein1	436.0	13.2	1.9102564
115	protein2	421.6	15.4	2.037262
115	protein3	174.4	6.2	1.6971428
115	r2	6.2	0.0	0.0
115	rnapol	0.4	0.0	0.0
116	__protein1_rbs	8.6	0.0	0.0
116	__protein2_rbs	7.8	0.0	0.0
116	__protein3_rbs	3.6	0.0	0.0
116	__ribosome	31.8	0.0	0.0
116	__rnase_site_ext	13.6	0.0	0.0
116	p0	0.4	0.0	0.0
116	p1	0.6	0.0	0.0
116	protein1	441.6	13.4	1.8813552
116	protein2	426.8	15.2	2.1362466
116	protein3	177.0	6.0	1.7704761999999998
116	r2	6.0	0.0	0.0
116	rnapol	0.0	0.0	0.0
117	__protein1_rbs	7.4	0.0	0.0
117	__protein2_rbs	8.8	0.0	0.0
117	__protein3_rbs	3.6	0.0	0.0
117	__ribosome	31.2	0.0	0.0
117	__rnase_site_ext	13.8	0.0	0.0
117	p0	1.0	0.0	0.0
117	p1	1.0	0.0	0.0
117	protein1	446.8	13.2	1.9712220000000005
117	protein2	433.4	15.0	2.1032142000000005
117	protein3	178.4	6.0	1.8561904
117	r2	6.0	0.0	0.0
117	rnapol	0.0	0.0	0.0
118	__protein1_rbs	8.4	0.0	0.0
118	__protein2_rbs	9.6	0.0	0.0
118	__protein3_rbs	3.8	0.0	0.0
118	__ribosome	31.0	0.0	0.0
118	__rnase_site_ext	13.8	0.0	0.0
118	p0	0.6	0.0	0.0
118	p1	0.8	0.0	0.0
118	protein1	451.4	13.6	1.9515383999999998
118	protein2	440.0	15.2	2.0251192
118	protein3	180.0	6.0	1.9761906000000002
118	r2	6.0	0.0	0.0
118	rnapol	0.0	0.0	0.0
119	__protein1_rbs	8.2	0.0	0.0
119	__protein2_rbs	9.6	0.0	0.0
119	__protein3_rbs	3.8	0.0	0.0
119	__ribosome	33.6	0.0	0.0
119	__rnase_site_ext	14.2	0.0	0.0
119	p0	1.0	0.0	0.0
119	p1	0.8	0.0	0.0
119	protein1	458.0	13.4	1.8992308
119	protein2	446.4	15.0	1.9732142
119	protein3	182.4	6.0	1.92
119	r2	6.2	0.0	0.0
119	rnapol	0.0	0.0	0.0
120	__protein1_rbs	10.2	0.0	0.0
120	__protein2_rbs	8.6	0.0	0.0
120	__protein3_rbs	4.2	0.0	0.0
120	__ribosome	34.6	0.0	0.0
120	__rnase_site_ext	14.4	0.0	0.0
120	p0	0.6	0.0	0.0
120	p1	1.0	0.0	0.0
120	protein1	462.0	14.0	1.8244048
120	protein2	453.2	15.0	1.9723810000000002
120	protein3	185.4	6.2	1.7407142
120	r2	6.2	0.0	0.0
120	rnapol	0.0	0.0	0.0
121	__protein1_rbs	9.4	0.0	0.0
121	__protein2_rbs	9.8	0.0	0.0
121	__protein3_rbs	4.0	0.0	0.0
121	__ribosome	35.6	0.0	0.0
121	__rnase_site_ext	14.6	0.0	0.0
121	p0	0.8	0.0	0.0
121	p1	1.0	0.0	0.0
121	protein1	467.8	13.8	1.7809524
121	protein2	458.8	14.8	2.0086448
121	protein3	187.8	6.2	1.7323808
121	r2	6.4	0.0	0.0
121	rnapol	0.2	0.0	0.0
122	__protein1_rbs	7.6	0.0	0.0
122	__protein2_rbs	7.6	0.0	0.0
122	__protein3_rbs	3.4	0.0	0.0
122	__ribosome	31.2	0.0	0.0
122	__rnase_site_ext	14.6	0.0	0.0
122	p0	1.0	0.0	0.0
122	p1	0.8	0.0	0.0
122	protein1	472.4	14.2	1.8799998
122	protein2	465.2	14.8	2.0473991999999996
122	protein3	189.6	6.6	1.848889
122	r2	6.6	0.0	0.0
122	rnapol	0.0	0.0	0.0
123	__protein1_rbs	7.8	0.0	0.0
123	__protein2_rbs	9.6	0.0	0.0
123	__protein3_rbs	2.8	0.0	0.0
123	__ribosome	32.0	0.0	0.0
123	__rnase_site_ext	14.6	0.0	0.0
123	p0	1.0	0.0	0.0
123	p1	0.4	0.0	0.0
123	protein1	478.8	14.4	1.8440272
123	protein2	470.8	14.8	1.9942124
123	protein3	192.4	6.6	1.86
123	r2	6.6	0.0	0.0
123	rnapol	0.0	0.0	0.0
124	__protein1_rbs	9.0	0.0	0.0
124	__protein2_rbs	7.6	0.0	0.0
124	__protein3_rbs	3.8	0.0	0.0
124	__ribosome	29.0	0.0	0.0
124	__rnase_site_ext	14.4	0.0	0.0
124	p0	0.8	0.0	0.0
124	p1	0.2	0.0	0.0
124	protein1	484.0	14.4	1.8878432
124	protein2	476.8	14.6	2.0879604
124	protein3	194.0	6.6	2.0434919999999996
124	r2	6.6	0.0	0.0
124	rnapol	0.0	0.0	0.0
125	__protein1_rbs	9.4	0.0	0.0
125	__protein2_rbs	9.4	0.0	0.0
125	__protein3_rbs	4.0	0.0	0.0
125	__ribosome	29.0	0.0	0.0
125	__rnase_site_ext	14.6	0.0	0.0
125	p0	1.0	0.0	0.0
125	p1	0.6	0.0	0.0
125	protein1	487.8	14.4	1.9518552
125	protein2	483.0	14.8	2.0078152
125	protein3	196.8	6.6	1.9949206000000004
125	r2	6.8	0.0	0.0
125	rnapol	0.0	0.0	0.0
126	__protein1_rbs	8.2	0.0	0.0
126	__protein2_rbs	8.4	0.0	0.0
126	__protein3_rbs	4.0	0.0	0.0
126	__ribosome	26.8	0.0	0.0
126	__rnase_site_ext	14.8	0.0	0.0
126	p0	0.8	0.0	0.0
126	p1	0.6	0.0	0.0
126	protein1	493.0	14.4	2.0326544
126	protein2	488.8	15.2	1.97882
126	protein3	199.0	6.8	1.9984128
126	r2	7.0	0.0	0.0
126	rnapol	0.0	0.0	0.0
127	__protein1_rbs	9.0	0.0	0.0
127	__protein2_rbs	9.4	0.0	0.0
127	__protein3_rbs	5.0	0.0	0.0
127	__ribosome	29.2	0.0	0.0
127	__rnase_site_ext	14.6	0.0	0.0
127	p0	0.6	0.0	0.0
127	p1	0.4	0.0	0.0
127	protein1	499.2	14.4	1.9613726000000002
127	protein2	495.6	15.0	1.915641
127	protein3	201.4	6.8	1.9761906000000002
127	r2	6.8	0.0	0.0
127	rnapol	0.0	0.0	0.0
128	__protein1_rbs	7.2	0.0	0.0
128	__protein2_rbs	9.2	0.0	0.0
128	__protein3_rbs	4.0	0.0	0.0
128	__ribosome	28.8	0.0	0.0
128	__rnase_site_ext	14.8	0.0	0.0
128	p0	1.0	0.0	0.0
128	p1	0.6	0.0	0.0
128	protein1	505.4	14.6	2.0025942
128	protein2	501.4	15.6	1.881052
128	protein3	204.8	6.6	1.8888888
128	r2	6.8	0.0	0.0
128	rnapol	0.0	0.0	0.0
129	__protein1_rbs	10.2	0.0	0.0
129	__protein2_rbs	7.6	0.0	0.0
129	__protein3_rbs	4.0	0.0	0.0
129	__ribosome	28.6	0.0	0.0
129	__rnase_site_ext	14.8	0.0	0.0
129	p0	1.0	0.0	0.0
129	p1	0.6	0.0	0.0
129	protein1	511.6	14.6	1.8747436000000002
129	protein2	507.6	15.6	2.02542
129	protein3	207.6	6.8	1.8444446
129	r2	6.8	0.0	0.0
129	rnapol	0.0	0.0	0.0
130	__protein1_rbs	8.6	0.0	0.0
130	__protein2_rbs	10.6	0.0	0.0
130	__protein3_rbs	3.4	0.0	0.0
130	__ribosome	28.0	0.0	0.0
130	__rnase_site_ext	14.6	0.0	0.0
130	p0	0.8	0.0	0.0
130	p1	0.6	0.0	0.0
130	protein1	516.4	14.6	1.938718
130	protein2	513.6	15.8	1.9511554
130	protein3	210.0	6.8	1.9
130	r2	6.8	0.0	0.0
130	rnapol	0.0	0.0	0.0
131	__protein1_rbs	9.4	0.0	0.0
131	__protein2_rbs	11.8	0.0	0.0
131	__protein3_rbs	3.8	0.0	0.0
131	__ribosome	28.6	0.0	0.0
131	__rnase_site_ext	14.6	0.0	0.0
131	p0	0.6	0.0	0.0
131	p1	1.0	0.0	0.0
131	protein1	522.0	14.4	1.9283976
131	protein2	518.6	16.2	1.9155461999999999
131	protein3	212.4	6.8	1.9269842
131	r2	6.8	0.0	0.0
131	rnapol	0.0	0.0	0.0
132	__protein1_rbs	7.6	0.0	0.0
132	__protein2_rbs	10.6	0.0	0.0
132	__protein3_rbs	4.0	0.0	0.0
132	__ribosome	27.8	0.0	0.0
132	__rnase_site_ext	14.6	0.0	0.0
132	p0	1.0	0.0	0.0
132	p1	0.8	0.0	0.0
132	protein1	527.8	14.6	1.949966
132	protein2	524.4	16.0	1.8973740000000001
132	protein3	215.0	6.8	2.0269842
132	r2	7.0	0.0	0.0
132	rnapol	0.2	0.0	0.0
133	__protein1_rbs	7.8	0.0	0.0
133	__protein2_rbs	10.2	0.0	0.0
133	__protein3_rbs	4.4	0.0	0.0
133	__ribosome	30.2	0.0	0.0
133	__rnase_site_ext	15.0	0.0	0.0
133	p0	0.2	0.0	0.0
133	p1	0.8	0.0	0.0
133	protein1	534.0	14.4	1.980177
133	protein2	532.4	15.4	1.8189894
133	protein3	217.4	7.2	1.9714286
133	r2	7.2	0.0	0.0
133	rnapol	0.0	0.0	0.0
134	__protein1_rbs	8.4	0.0	0.0
134	__protein2_rbs	10.6	0.0	0.0
134	__protein3_rbs	4.0	0.0	0.0
134	__ribosome	30.4	0.0	0.0
134	__rnase_site_ext	15.2	0.0	0.0
134	p0	1.0	0.0	0.0
134	p1	0.8	0.0	0.0
134	protein1	539.4	14.2	2.0230137999999998
134	protein2	538.8	15.6	1.7409502000000001
134	protein3	220.2	7.2	1.9857142
134	r2	7.0	0.0	0.0
134	rnapol	0.2	0.0	0.0
135	__protein1_rbs	10.4	0.0	0.0
135	__protein2_rbs	8.6	0.0	0.0
135	__protein3_rbs	5.0	0.0	0.0
135	__ribosome	31.8	0.0	0.0
135	__rnase_site_ext	15.4	0.0	0.0
135	p0	0.8	0.0	0.0
135	p1	0.6	0.0	0.0
135	protein1	544.8	15.0	1.8698808
135	protein2	545.8	15.4	1.7222322
135	protein3	222.8	7.0	2.0025395999999995
135	r2	7.2	0.0	0.0
135	rnapol	0.0	0.0	0.0
136	__protein1_rbs	8.4	0.0	0.0
136	__protein2_rbs	9.0	0.0	0.0
136	__protein3_rbs	4.2	0.0	0.0
136	__ribosome	29.0	0.0	0.0
136	__rnase_site_ext	15.0	0.0	0.0
136	p0	1.0	0.0	0.0
136	p1	0.8	0.0	0.0
136	protein1	550.4	15.2	1.8977778000000003
136	protein2	550.8	15.4	1.8268278
136	protein3	225.8	7.2	1.9476984
136	r2	7.4	0.0	0.0
136	rnapol	0.0	0.0	0.0
137	__protein1_rbs	7.6	0.0	0.0
137	__protein2_rbs	10.4	0.0	0.0
137	__protein3_rbs	4.6	0.0	0.0
137	__ribosome	27.8	0.0	0.0
137	__rnase_site_ext	15.2	0.0	0.0
137	p0	0.8	0.0	0.0
137	p1	0.8	0.0	0.0
137	protein1	556.8	14.8	1.9916666
137	protein2	555.8	15.8	1.8188236000000004
137	protein3	228.8	7.6	1.814762
137	r2	7.6	0.0	0.0
137	rnapol	0.0	0.0	0.0
138	__protein1_rbs	9.0	0.0	0.0
138	__protein2_rbs	11.2	0.0	0.0
138	__protein3_rbs	5.0	0.0	0.0
138	__ribosome	29.8	0.0	0.0
138	__rnase_site_ext	15.2	0.0	0.0
138	p0	0.8	0.0	0.0
138	p1	0.6	0.0	0.0
138	protein1	562.8	14.8	1.9633334
138	protein2	560.4	15.4	1.8233543999999997
138	protein3	232.2	7.4	1.7603176
138	r2	7.4	0.0	0.0
138	rnapol	0.2	0.0	0.0
139	__protein1_rbs	8.8	0.0	0.0
139	__protein2_rbs	10.6	0.0	0.0
139	__protein3_rbs	3.8	0.0	0.0
139	__ribosome	28.8	0.0	0.0
139	__rnase_site_ext	15.4	0.0	0.0
139	p0	1.0	0.0	0.0
139	p1	0.8	0.0	0.0
139	protein1	568.4	15.0	1.9866668
139	protein2	566.4	15.6	1.7636976000000002
139	protein3	234.8	7.4	1.9222222
139	r2	7.2	0.0	0.0
139	rnapol	0.0	0.0	0.0
140	__protein1_rbs	8.2	0.0	0.0
140	__protein2_rbs	11.6	0.0	0.0
140	__protein3_rbs	4.0	0.0	0.0
140	__ribosome	29.4	0.0	0.0
140	__rnase_site_ext	15.2	0.0	0.0
140	p0	1.0	0.0	0.0
140	p1	0.6	0.0	0.0
140	protein1	574.2	15.2	2.0140686000000003
140	protein2	572.8	15.8	1.6080181999999998
140	protein3	237.6	7.2	2.0472221999999998
140	r2	7.2	0.0	0.0
140	rnapol	0.2	0.0	0.0
141	__protein1_rbs	9.8	0.0	0.0
141	__protein2_rbs	9.2	0.0	0.0
141	__protein3_rbs	4.6	0.0	0.0
141	__ribosome	29.6	0.0	0.0
141	__rnase_site_ext	15.4	0.0	0.0
141	p0	0.8	0.0	0.0
141	p1	0.2	0.0	0.0
141	protein1	579.6	15.0	2.0285293999999996
141	protein2	580.0	15.6	1.5849788
141	protein3	240.0	7.0	2.2069048
141	r2	6.6	0.0	0.0
141	rnapol	0.0	0.0	0.0
142	__protein1_rbs	10.4	0.0	0.0
142	__protein2_rbs	10.6	0.0	0.0
142	__protein3_rbs	3.0	0.0	0.0
142	__ribosome	32.6	0.0	0.0
142	__rnase_site_ext	15.4	0.0	0.0
142	p0	1.0	0.0	0.0
142	p1	0.8	0.0	0.0
142	protein1	588.0	15.2	1.827451
142	protein2	585.0	16.0	1.5886904
142	protein3	244.0	6.6	2.2192856
142	r2	6.6	0.0	0.0
142	rnapol	0.4	0.0	0.0
143	__protein1_rbs	10.6	0.0	0.0
143	__protein2_rbs	9.0	0.0	0.0
143	__protein3_rbs	3.4	0.0	0.0
143	__ribosome	29.6	0.0	0.0
143	__rnase_site_ext	15.8	0.0	0.0
143	p0	0.6	0.0	0.0
143	p1	0.8	0.0	0.0
143	protein1	592.0	15.2	1.8603642
143	protein2	590.2	16.6	1.6397662
143	protein3	246.2	6.4	2.3523808
143	r2	6.6	0.0	0.0
143	rnapol	0.2	0.0	0.0
144	__protein1_rbs	8.2	0.0	0.0
144	__protein2_rbs	10.2	0.0	0.0
144	__protein3_rbs	3.8	0.0	0.0
144	__ribosome	28.0	0.0	0.0
144	__rnase_site_ext	15.8	0.0	0.0
144	p0	0.8	0.0	0.0
144	p1	0.8	0.0	0.0
144	protein1	599.4	15.6	1.8396642
144	protein2	594.6	16.6	1.7869778000000003
144	protein3	249.6	6.6	2.165397
144	r2	6.8	0.0	0.0
144	rnapol	0.0	0.0	0.0
145	__protein1_rbs	8.8	0.0	0.0
145	__protein2_rbs	10.4	0.0	0.0
145	__protein3_rbs	4.6	0.0	0.0
145	__ribosome	28.8	0.0	0.0
145	__rnase_site_ext	16.2	0.0	0.0
145	p0	0.6	0.0	0.0
145	p1	0.8	0.0	0.0
145	protein1	606.6	15.6	1.7895664
145	protein2	599.4	16.6	1.8017022
145	protein3	252.2	6.8	2.0174602
145	r2	6.6	0.0	0.0
145	rnapol	0.0	0.0	0.0
146	__protein1_rbs	9.4	0.0	0.0
146	__protein2_rbs	11.4	0.0	0.0
146	__protein3_rbs	4.0	0.0	0.0
146	__ribosome	29.8	0.0	0.0
146	__rnase_site_ext	16.2	0.0	0.0
146	p0	1.0	0.0	0.0
146	p1	0.8	0.0	0.0
146	protein1	611.4	15.6	1.8973792000000005
146	protein2	606.0	16.6	1.7113562000000002
146	protein3	255.6	6.6	1.922222
146	r2	6.6	0.0	0.0
146	rnapol	0.0	0.0	0.0
147	__protein1_rbs	8.2	0.0	0.0
147	__protein2_rbs	10.4	0.0	0.0
147	__protein3_rbs	4.4	0.0	0.0
147	__ribosome	27.6	0.0	0.0
147	__rnase_site_ext	16.0	0.0	0.0
147	p0	0.8	0.0	0.0
147	p1	0.6	0.0	0.0
147	protein1	617.2	16.0	1.9475176
147	protein2	610.6	16.4	1.7904296000000002
147	protein3	259.0	6.6	1.8333332
147	r2	6.4	0.0	0.0
147	rnapol	0.0	0.0	0.0
148	__protein1_rbs	9.6	0.0	0.0
148	__protein2_rbs	10.4	0.0	0.0
148	__protein3_rbs	3.6	0.0	0.0
148	__ribosome	27.6	0.0	0.0
148	__rnase_site_ext	16.2	0.0	0.0
148	p0	0.8	0.0	0.0
148	p1	0.8	0.0	0.0
148	protein1	621.0	15.8	2.0739316000000003
148	protein2	619.0	16.2	1.7000643999999998
148	protein3	261.2	6.4	1.9933332
148	r2	6.6	0.0	0.0
148	rnapol	0.4	0.0	0.0
149	__protein1_rbs	10.0	0.0	0.0
149	__protein2_rbs	10.4	0.0	0.0
149	__protein3_rbs	4.0	0.0	0.0
149	__ribosome	30.2	0.0	0.0
149	__rnase_site_ext	16.6	0.0	0.0
149	p0	1.0	0.0	0.0
149	p1	0.8	0.0	0.0
149	protein1	629.2	16.0	1.878513
149	protein2	624.4	16.2	1.7390349999999999
149	protein3	264.4	6.6	1.8111112000000005
149	r2	6.6	0.0	0.0
149	rnapol	0.2	0.0	0.0
150	__protein1_rbs	10.2	0.0	0.0
150	__protein2_rbs	10.4	0.0	0.0
150	__protein3_rbs	4.6	0.0	0.0
150	__ribosome	28.4	0.0	0.0
150	__rnase_site_ext	16.8	0.0	0.0
150	p0	0.8	0.0	0.0
150	p1	0.6	0.0	0.0
150	protein1	634.8	16.4	1.8760038
150	protein2	629.0	16.2	1.7692252
150	protein3	266.6	6.6	1.8666666
150	r2	6.4	0.0	0.0
150	rnapol	0.2	0.0	0.0
151	__protein1_rbs	10.4	0.0	0.0
151	__protein2_rbs	8.6	0.0	0.0
151	__protein3_rbs	2.8	0.0	0.0
151	__ribosome	25.4	0.0	0.0
151	__rnase_site_ext	17.0	0.0	0.0
151	p0	0.8	0.0	0.0
151	p1	0.6	0.0	0.0
151	protein1	641.0	16.6	1.8703082
151	protein2	635.4	16.4	1.847033
151	protein3	269.4	6.4	2.06
151	r2	6.4	0.0	0.0
151	rnapol	0.0	0.0	0.0
152	__protein1_rbs	10.8	0.0	0.0
152	__protein2_rbs	10.8	0.0	0.0
152	__protein3_rbs	4.0	0.0	0.0
152	__ribosome	26.4	0.0	0.0
152	__rnase_site_ext	16.6	0.0	0.0
152	p0	1.0	0.0	0.0
152	p1	0.6	0.0	0.0
152	protein1	647.8	16.8	1.7943788
152	protein2	641.4	16.8	1.7764390000000003
152	protein3	271.4	6.2	2.1755556
152	r2	6.4	0.0	0.0
152	rnapol	0.2	0.0	0.0
153	__protein1_rbs	10.8	0.0	0.0
153	__protein2_rbs	10.4	0.0	0.0
153	__protein3_rbs	4.6	0.0	0.0
153	__ribosome	27.2	0.0	0.0
153	__rnase_site_ext	16.8	0.0	0.0
153	p0	1.0	0.0	0.0
153	p1	0.4	0.0	0.0
153	protein1	653.8	16.4	1.8374297999999998
153	protein2	646.4	16.6	1.870538
153	protein3	274.8	6.4	1.877778
153	r2	6.4	0.0	0.0
153	rnapol	0.0	0.0	0.0
154	__protein1_rbs	10.0	0.0	0.0
154	__protein2_rbs	12.2	0.0	0.0
154	__protein3_rbs	4.2	0.0	0.0
154	__ribosome	29.8	0.0	0.0
154	__rnase_site_ext	16.8	0.0	0.0
154	p0	0.8	0.0	0.0
154	p1	1.0	0.0	0.0
154	protein1	660.0	16.6	1.811858
154	protein2	653.0	16.8	1.744071
154	protein3	278.0	6.4	1.7155558000000002
154	r2	6.4	0.0	0.0
154	rnapol	0.2	0.0	0.0
155	__protein1_rbs	10.4	0.0	0.0
155	__protein2_rbs	10.8	0.0	0.0
155	__protein3_rbs	3.6	0.0	0.0
155	__ribosome	28.8	0.0	0.0
155	__rnase_site_ext	17.0	0.0	0.0
155	p0	1.0	0.0	0.0
155	p1	0.8	0.0	0.0
155	protein1	666.2	16.6	1.8534078
155	protein2	659.4	17.0	1.7186742
155	protein3	280.2	6.2	1.8266668000000001
155	r2	6.4	0.0	0.0
155	rnapol	0.0	0.0	0.0
156	__protein1_rbs	10.8	0.0	0.0
156	__protein2_rbs	10.4	0.0	0.0
156	__protein3_rbs	3.4	0.0	0.0
156	__ribosome	28.4	0.0	0.0
156	__rnase_site_ext	17.0	0.0	0.0
156	p0	1.0	0.0	0.0
156	p1	0.4	0.0	0.0
156	protein1	673.4	16.8	1.7941574000000002
156	protein2	665.6	17.0	1.7755367999999998
156	protein3	282.8	6.4	1.8222222
156	r2	6.4	0.0	0.0
156	rnapol	0.0	0.0	0.0
157	__protein1_rbs	10.6	0.0	0.0
157	__protein2_rbs	11.4	0.0	0.0
157	__protein3_rbs	4.2	0.0	0.0
157	__ribosome	30.4	0.0	0.0
157	__rnase_site_ext	16.8	0.0	0.0
157	p0	0.8	0.0	0.0
157	p1	0.4	0.0	0.0
157	protein1	679.6	16.8	1.7482548000000002
157	protein2	673.0	16.8	1.6994118000000002
157	protein3	284.8	6.4	1.8688888
157	r2	6.0	0.0	0.0
157	rnapol	0.0	0.0	0.0
158	__protein1_rbs	9.2	0.0	0.0
158	__protein2_rbs	9.6	0.0	0.0
158	__protein3_rbs	4.2	0.0	0.0
158	__ribosome	26.6	0.0	0.0
158	__rnase_site_ext	17.2	0.0	0.0
158	p0	0.8	0.0	0.0
158	p1	0.6	0.0	0.0
158	protein1	685.8	16.6	1.8603952000000001
158	protein2	677.8	17.2	1.8304574
158	protein3	287.2	6.2	1.7849998
158	r2	6.4	0.0	0.0
158	rnapol	0.0	0.0	0.0
159	__protein1_rbs	10.2	0.0	0.0
159	__protein2_rbs	12.6	0.0	0.0
159	__protein3_rbs	4.4	0.0	0.0
159	__ribosome	25.6	0.0	0.0
159	__rnase_site_ext	17.4	0.0	0.0
159	p0	0.8	0.0	0.0
159	p1	0.6	0.0	0.0
159	protein1	691.4	16.8	1.9339228
159	protein2	683.4	17.4	1.7892671999999998
159	protein3	289.6	6.4	1.7166666000000002
159	r2	6.4	0.0	0.0
159	rnapol	0.0	0.0	0.0
160	__protein1_rbs	10.2	0.0	0.0
160	__protein2_rbs	13.2	0.0	0.0
160	__protein3_rbs	4.8	0.0	0.0
160	__ribosome	30.6	0.0	0.0
160	__rnase_site_ext	17.6	0.0	0.0
160	p0	0.8	0.0	0.0
160	p1	0.8	0.0	0.0
160	protein1	698.6	17.2	1.7994742
160	protein2	691.0	17.4	1.6519366000000002
160	protein3	292.4	6.4	1.525
160	r2	6.4	0.0	0.0
160	rnapol	0.0	0.0	0.0
161	__protein1_rbs	10.8	0.0	0.0
161	__protein2_rbs	10.8	0.0	0.0
161	__protein3_rbs	4.8	0.0	0.0
161	__ribosome	29.0	0.0	0.0
161	__rnase_site_ext	17.2	0.0	0.0
161	p0	0.6	0.0	0.0
161	p1	0.6	0.0	0.0
161	protein1	704.4	17.2	1.8217648000000002
161	protein2	697.0	17.8	1.6823099999999998
161	protein3	294.2	6.6	1.4642858
161	r2	6.4	0.0	0.0
161	rnapol	0.0	0.0	0.0
162	__protein1_rbs	12.2	0.0	0.0
162	__protein2_rbs	10.0	0.0	0.0
162	__protein3_rbs	3.8	0.0	0.0
162	__ribosome	27.6	0.0	0.0
162	__rnase_site_ext	17.4	0.0	0.0
162	p0	0.8	0.0	0.0
162	p1	0.6	0.0	0.0
162	protein1	710.8	17.2	1.7676848000000003
162	protein2	702.6	17.8	1.7866665999999998
162	protein3	296.6	6.4	1.6
162	r2	6.6	0.0	0.0
162	rnapol	0.0	0.0	0.0
163	__protein1_rbs	9.8	0.0	0.0
163	__protein2_rbs	9.2	0.0	0.0
163	__protein3_rbs	3.4	0.0	0.0
163	__ribosome	26.4	0.0	0.0
163	__rnase_site_ext	17.0	0.0	0.0
163	p0	0.8	0.0	0.0
163	p1	0.8	0.0	0.0
163	protein1	718.2	17.2	1.7601787999999998
163	protein2	710.4	17.8	1.808889
163	protein3	298.8	6.4	1.7419048
163	r2	6.4	0.0	0.0
163	rnapol	0.2	0.0	0.0
164	__protein1_rbs	10.6	0.0	0.0
164	__protein2_rbs	11.4	0.0	0.0
164	__protein3_rbs	3.6	0.0	0.0
164	__ribosome	25.2	0.0	0.0
164	__rnase_site_ext	18.0	0.0	0.0
164	p0	0.4	0.0	0.0
164	p1	0.8	0.0	0.0
164	protein1	724.2	16.8	1.8175538
164	protein2	715.2	18.0	1.8436256000000002
164	protein3	301.2	6.2	1.8666666
164	r2	6.2	0.0	0.0
164	rnapol	0.0	0.0	0.0
165	__protein1_rbs	11.2	0.0	0.0
165	__protein2_rbs	11.4	0.0	0.0
165	__protein3_rbs	3.8	0.0	0.0
165	__ribosome	24.6	0.0	0.0
165	__rnase_site_ext	18.0	0.0	0.0
165	p0	1.0	0.0	0.0
165	p1	0.8	0.0	0.0
165	protein1	730.4	17.4	1.7232610000000002
165	protein2	721.6	18.0	1.8667834
165	protein3	302.8	6.2	1.9316666
165	r2	6.2	0.0	0.0
165	rnapol	0.0	0.0	0.0
166	__protein1_rbs	11.6	0.0	0.0
166	__protein2_rbs	12.8	0.0	0.0
166	__protein3_rbs	4.2	0.0	0.0
166	__ribosome	24.2	0.0	0.0
166	__rnase_site_ext	18.0	0.0	0.0
166	p0	0.6	0.0	0.0
166	p1	0.6	0.0	0.0
166	protein1	737.4	17.8	1.6390642
166	protein2	726.6	18.0	1.873839
166	protein3	304.0	6.2	2.105
166	r2	6.6	0.0	0.0
166	rnapol	0.0	0.0	0.0
167	__protein1_rbs	10.8	0.0	0.0
167	__protein2_rbs	12.2	0.0	0.0
167	__protein3_rbs	3.8	0.0	0.0
167	__ribosome	27.2	0.0	0.0
167	__rnase_site_ext	18.2	0.0	0.0
167	p0	1.0	0.0	0.0
167	p1	0.6	0.0	0.0
167	protein1	742.4	17.6	1.7447786
167	protein2	736.4	18.0	1.6767025999999998
167	protein3	307.6	6.6	1.8535716
167	r2	6.6	0.0	0.0
167	rnapol	0.0	0.0	0.0
168	__protein1_rbs	11.0	0.0	0.0
168	__protein2_rbs	10.8	0.0	0.0
168	__protein3_rbs	4.4	0.0	0.0
168	__ribosome	26.6	0.0	0.0
168	__rnase_site_ext	18.2	0.0	0.0
168	p0	0.8	0.0	0.0
168	p1	0.6	0.0	0.0
168	protein1	749.0	18.0	1.7623976000000003
168	protein2	743.4	18.2	1.6674708000000005
168	protein3	310.2	6.6	1.7630952000000002
168	r2	6.8	0.0	0.0
168	rnapol	0.0	0.0	0.0
169	__protein1_rbs	12.4	0.0	0.0
169	__protein2_rbs	13.0	0.0	0.0
169	__protein3_rbs	4.6	0.0	0.0
169	__ribosome	27.6	0.0	0.0
169	__rnase_site_ext	18.0	0.0	0.0
169	p0	1.0	0.0	0.0
169	p1	0.8	0.0	0.0
169	protein1	754.8	18.0	1.7691228000000003
169	protein2	749.2	18.0	1.646418
169	protein3	312.2	6.6	1.6666666
169	r2	6.8	0.0	0.0
169	rnapol	0.0	0.0	0.0
170	__protein1_rbs	12.4	0.0	0.0
170	__protein2_rbs	10.0	0.0	0.0
170	__protein3_rbs	4.0	0.0	0.0
170	__ribosome	26.0	0.0	0.0
170	__rnase_site_ext	18.4	0.0	0.0
170	p0	0.6	0.0	0.0
170	p1	0.8	0.0	0.0
170	protein1	762.0	17.8	1.7766666000000002
170	protein2	755.6	18.0	1.7637428
170	protein3	315.2	6.6	1.6630953999999998
170	r2	6.6	0.0	0.0
170	rnapol	0.0	0.0	0.0
171	__protein1_rbs	11.6	0.0	0.0
171	__protein2_rbs	11.8	0.0	0.0
171	__protein3_rbs	4.6	0.0	0.0
171	__ribosome	25.8	0.0	0.0
171	__rnase_site_ext	18.4	0.0	0.0
171	p0	1.0	0.0	0.0
171	p1	0.2	0.0	0.0
171	protein1	768.0	17.8	1.7966668
171	protein2	761.4	18.2	1.7361402
171	protein3	316.8	6.6	1.6785713999999998
171	r2	6.6	0.0	0.0
171	rnapol	0.0	0.0	0.0
172	__protein1_rbs	11.0	0.0	0.0
172	__protein2_rbs	12.2	0.0	0.0
172	__protein3_rbs	4.4	0.0	0.0
172	__ribosome	25.8	0.0	0.0
172	__rnase_site_ext	18.2	0.0	0.0
172	p0	0.8	0.0	0.0
172	p1	0.0	0.0	0.0
172	protein1	774.6	18.2	1.7806520000000001
172	protein2	767.6	18.2	1.7361402
172	protein3	319.8	6.6	1.6202382
172	r2	6.6	0.0	0.0
172	rnapol	0.0	0.0	0.0
173	__protein1_rbs	12.6	0.0	0.0
173	__protein2_rbs	12.8	0.0	0.0
173	__protein3_rbs	4.0	0.0	0.0
173	__ribosome	26.8	0.0	0.0
173	__rnase_site_ext	18.2	0.0	0.0
173	p0	0.8	0.0	0.0
173	p1	1.0	0.0	0.0
173	protein1	781.8	18.2	1.698329
173	protein2	774.2	19.0	1.6411842
173	protein3	321.8	6.4	1.9142856
173	r2	6.4	0.0	0.0
173	rnapol	0.2	0.0	0.0
174	__protein1_rbs	11.0	0.0	0.0
174	__protein2_rbs	13.0	0.0	0.0
174	__protein3_rbs	3.8	0.0	0.0
174	__ribosome	26.8	0.0	0.0
174	__rnase_site_ext	18.4	0.0	0.0
174	p0	0.6	0.0	0.0
174	p1	0.6	0.0	0.0
174	protein1	789.2	18.0	1.7044846000000002
174	protein2	780.8	19.2	1.6525
174	protein3	324.4	6.4	1.8380952
174	r2	6.4	0.0	0.0
174	rnapol	0.0	0.0	0.0
175	__protein1_rbs	13.6	0.0	0.0
175	__protein2_rbs	11.0	0.0	0.0
175	__protein3_rbs	4.0	0.0	0.0
175	__ribosome	26.4	0.0	0.0
175	__rnase_site_ext	18.8	0.0	0.0
175	p0	0.8	0.0	0.0
175	p1	0.6	0.0	0.0
175	protein1	793.4	18.2	1.6859650000000002
175	protein2	788.8	19.0	1.6618422
175	protein3	326.2	6.4	1.8833334
175	r2	6.2	0.0	0.0
175	rnapol	0.2	0.0	0.0
176	__protein1_rbs	11.4	0.0	0.0
176	__protein2_rbs	12.2	0.0	0.0
176	__protein3_rbs	4.4	0.0	0.0
176	__ribosome	24.8	0.0	0.0
176	__rnase_site_ext	18.8	0.0	0.0
176	p0	0.8	0.0	0.0
176	p1	0.8	0.0	0.0
176	protein1	800.0	18.4	1.7349624
176	protein2	794.6	19.4	1.6809154
176	protein3	328.4	6.2	1.9023808
176	r2	6.2	0.0	0.0
176	rnapol	0.0	0.0	0.0
177	__protein1_rbs	12.6	0.0	0.0
177	__protein2_rbs	12.2	0.0	0.0
177	__protein3_rbs	3.8	0.0	0.0
177	__ribosome	24.8	0.0	0.0
177	__rnase_site_ext	19.0	0.0	0.0
177	p0	0.8	0.0	0.0
177	p1	0.6	0.0	0.0
177	protein1	807.2	18.8	1.669173
177	protein2	801.2	19.2	1.7134363999999995
177	protein3	330.8	6.0	1.95
177	r2	6.0	0.0	0.0
177	rnapol	0.0	0.0	0.0
178	__protein1_rbs	13.0	0.0	0.0
178	__protein2_rbs	11.8	0.0	0.0
178	__protein3_rbs	4.6	0.0	0.0
178	__ribosome	27.6	0.0	0.0
178	__rnase_site_ext	18.8	0.0	0.0
178	p0	1.0	0.0	0.0
178	p1	0.6	0.0	0.0
178	protein1	814.0	18.6	1.5915035999999998
178	protein2	809.0	19.0	1.6842136000000003
178	protein3	332.6	6.0	1.9083333999999998
178	r2	6.0	0.0	0.0
178	rnapol	0.0	0.0	0.0
179	__protein1_rbs	11.6	0.0	0.0
179	__protein2_rbs	11.6	0.0	0.0
179	__protein3_rbs	4.6	0.0	0.0
179	__ribosome	28.2	0.0	0.0
179	__rnase_site_ext	19.0	0.0	0.0
179	p0	0.4	0.0	0.0
179	p1	1.0	0.0	0.0
179	protein1	820.8	18.6	1.5721806
179	protein2	814.8	19.2	1.7678888
179	protein3	336.2	6.0	1.475
179	r2	6.0	0.0	0.0
179	rnapol	0.2	0.0	0.0
180	__protein1_rbs	12.2	0.0	0.0
180	__protein2_rbs	11.8	0.0	0.0
180	__protein3_rbs	4.2	0.0	0.0
180	__ribosome	26.4	0.0	0.0
180	__rnase_site_ext	18.8	0.0	0.0
180	p0	0.8	0.0	0.0
180	p1	0.8	0.0	0.0
180	protein1	826.4	18.2	1.6861401999999999
180	protein2	821.6	19.4	1.8024038
180	protein3	338.6	6.0	1.375
180	r2	6.2	0.0	0.0
180	rnapol	0.0	0.0	0.0
181	__protein1_rbs	11.6	0.0	0.0
181	__protein2_rbs	13.8	0.0	0.0
181	__protein3_rbs	4.2	0.0	0.0
181	__ribosome	27.2	0.0	0.0
181	__rnase_site_ext	18.8	0.0	0.0
181	p0	1.0	0.0	0.0
181	p1	0.4	0.0	0.0
181	protein1	833.4	18.6	1.6488838
181	protein2	829.0	19.2	1.7371518
181	protein3	340.2	6.2	1.4723807999999998
181	r2	6.2	0.0	0.0
181	rnapol	0.0	0.0	0.0
182	__protein1_rbs	12.0	0.0	0.0
182	__protein2_rbs	12.6	0.0	0.0
182	__protein3_rbs	4.8	0.0	0.0
182	__ribosome	25.8	0.0	0.0
182	__rnase_site_ext	18.8	0.0	0.0
182	p0	0.8	0.0	0.0
182	p1	0.4	0.0	0.0
182	protein1	839.6	18.6	1.6905264
182	protein2	834.6	19.2	1.7927992
182	protein3	342.2	6.2	1.349762
182	r2	6.2	0.0	0.0
182	rnapol	0.0	0.0	0.0
183	__protein1_rbs	13.4	0.0	0.0
183	__protein2_rbs	11.6	0.0	0.0
183	__protein3_rbs	4.6	0.0	0.0
183	__ribosome	24.6	0.0	0.0
183	__rnase_site_ext	19.0	0.0	0.0
183	p0	0.8	0.0	0.0
183	p1	0.4	0.0	0.0
183	protein1	845.0	18.8	1.6845614000000002
183	protein2	842.0	19.4	1.8175119999999998
183	protein3	344.0	6.2	1.3716666000000002
183	r2	6.4	0.0	0.0
183	rnapol	0.0	0.0	0.0
184	__protein1_rbs	13.0	0.0	0.0
184	__protein2_rbs	12.8	0.0	0.0
184	__protein3_rbs	4.2	0.0	0.0
184	__ribosome	25.6	0.0	0.0
184	__rnase_site_ext	18.8	0.0	0.0
184	p0	1.0	0.0	0.0
184	p1	0.6	0.0	0.0
184	protein1	851.0	18.6	1.6936842000000003
184	protein2	849.8	19.6	1.7185713999999996
184	protein3	345.2	6.0	1.5844446
184	r2	6.0	0.0	0.0
184	rnapol	0.0	0.0	0.0
185	__protein1_rbs	10.8	0.0	0.0
185	__protein2_rbs	13.8	0.0	0.0
185	__protein3_rbs	4.0	0.0	0.0
185	__ribosome	26.4	0.0	0.0
185	__rnase_site_ext	18.6	0.0	0.0
185	p0	0.8	0.0	0.0
185	p1	0.8	0.0	0.0
185	protein1	858.6	18.8	1.7333585999999999
185	protein2	857.4	20.2	1.6006709999999995
185	protein3	347.4	6.0	1.5355554000000002
185	r2	5.6	0.0	0.0
185	rnapol	0.0	0.0	0.0
186	__protein1_rbs	12.8	0.0	0.0
186	__protein2_rbs	13.8	0.0	0.0
186	__protein3_rbs	3.2	0.0	0.0
186	__ribosome	27.6	0.0	0.0
186	__rnase_site_ext	18.2	0.0	0.0
186	p0	0.4	0.0	0.0
186	p1	0.6	0.0	0.0
186	protein1	865.2	18.2	1.7321520000000001
186	protein2	863.8	20.4	1.6043182000000002
186	protein3	349.8	5.4	1.75
186	r2	5.4	0.0	0.0
186	rnapol	0.0	0.0	0.0
187	__protein1_rbs	9.4	0.0	0.0
187	__protein2_rbs	12.0	0.0	0.0
187	__protein3_rbs	3.6	0.0	0.0
187	__ribosome	25.6	0.0	0.0
187	__rnase_site_ext	18.0	0.0	0.0
187	p0	1.0	0.0	0.0
187	p1	0.4	0.0	0.0
187	protein1	872.2	17.6	1.8548954
187	protein2	870.8	20.2	1.6582252
187	protein3	351.8	5.4	1.775
187	r2	5.2	0.0	0.0
187	rnapol	0.0	0.0	0.0
188	__protein1_rbs	10.8	0.0	0.0
188	__protein2_rbs	12.4	0.0	0.0
188	__protein3_rbs	3.2	0.0	0.0
188	__ribosome	24.2	0.0	0.0
188	__rnase_site_ext	18.2	0.0	0.0
188	p0	0.6	0.0	0.0
188	p1	0.8	0.0	0.0
188	protein1	878.6	18.0	1.8960028
188	protein2	878.0	20.4	1.6668292000000002
188	protein3	353.8	5.0	1.855
188	r2	4.8	0.0	0.0
188	rnapol	0.0	0.0	0.0
189	__protein1_rbs	11.0	0.0	0.0
189	__protein2_rbs	14.6	0.0	0.0
189	__protein3_rbs	3.4	0.0	0.0
189	__ribosome	24.2	0.0	0.0
189	__rnase_site_ext	18.4	0.0	0.0
189	p0	0.8	0.0	0.0
189	p1	0.8	0.0	0.0
189	protein1	884.6	18.0	1.9549982
189	protein2	884.8	20.6	1.5892286
189	protein3	355.4	4.8	1.8571428
189	r2	4.8	0.0	0.0
189	rnapol	0.0	0.0	0.0
190	__protein1_rbs	11.8	0.0	0.0
190	__protein2_rbs	16.2	0.0	0.0
190	__protein3_rbs	3.4	0.0	0.0
190	__ribosome	26.4	0.0	0.0
190	__rnase_site_ext	18.4	0.0	0.0
190	p0	0.8	0.0	0.0
190	p1	0.8	0.0	0.0
190	protein1	891.4	18.0	1.9540457999999998
190	protein2	890.6	20.6	1.5074314000000002
190	protein3	357.2	4.8	1.7557142
190	r2	4.8	0.0	0.0
190	rnapol	0.0	0.0	0.0
191	__protein1_rbs	11.4	0.0	0.0
191	__protein2_rbs	12.2	0.0	0.0
191	__protein3_rbs	3.6	0.0	0.0
191	__ribosome	25.0	0.0	0.0
191	__rnase_site_ext	18.4	0.0	0.0
191	p0	0.8	0.0	0.0
191	p1	0.8	0.0	0.0
191	protein1	898.0	18.2	1.9362898
191	protein2	897.4	20.6	1.5815333999999999
191	protein3	359.2	5.0	1.6119048
191	r2	5.0	0.0	0.0
191	rnapol	0.2	0.0	0.0
192	__protein1_rbs	10.6	0.0	0.0
192	__protein2_rbs	11.4	0.0	0.0
192	__protein3_rbs	3.8	0.0	0.0
192	__ribosome	23.4	0.0	0.0
192	__rnase_site_ext	18.4	0.0	0.0
192	p0	0.8	0.0	0.0
192	p1	0.8	0.0	0.0
192	protein1	904.8	18.2	1.9907563999999998
192	protein2	906.2	20.6	1.6228572
192	protein3	361.0	5.0	1.4404762
192	r2	5.0	0.0	0.0
192	rnapol	0.0	0.0	0.0
193	__protein1_rbs	11.8	0.0	0.0
193	__protein2_rbs	13.4	0.0	0.0
193	__protein3_rbs	3.6	0.0	0.0
193	__ribosome	26.0	0.0	0.0
193	__rnase_site_ext	18.4	0.0	0.0
193	p0	1.0	0.0	0.0
193	p1	0.6	0.0	0.0
193	protein1	913.0	18.0	1.8766294
193	protein2	912.0	20.0	1.700622
193	protein3	363.0	5.0	1.3738093999999998
193	r2	5.0	0.0	0.0
193	rnapol	0.0	0.0	0.0
194	__protein1_rbs	12.4	0.0	0.0
194	__protein2_rbs	13.2	0.0	0.0
194	__protein3_rbs	3.0	0.0	0.0
194	__ribosome	25.0	0.0	0.0
194	__rnase_site_ext	18.6	0.0	0.0
194	p0	0.8	0.0	0.0
194	p1	0.6	0.0	0.0
194	protein1	921.0	18.2	1.7799256
194	protein2	918.0	20.2	1.7789838
194	protein3	364.6	4.6	1.6952379999999998
194	r2	5.0	0.0	0.0
194	rnapol	0.2	0.0	0.0
195	__protein1_rbs	12.8	0.0	0.0
195	__protein2_rbs	13.2	0.0	0.0
195	__protein3_rbs	3.0	0.0	0.0
195	__ribosome	23.0	0.0	0.0
195	__rnase_site_ext	18.4	0.0	0.0
195	p0	1.0	0.0	0.0
195	p1	0.8	0.0	0.0
195	protein1	926.0	18.4	1.8150666
195	protein2	925.0	20.2	1.7835606
195	protein3	366.0	4.8	1.8416666000000002
195	r2	4.6	0.0	0.0
195	rnapol	0.0	0.0	0.0
196	__protein1_rbs	14.0	0.0	0.0
196	__protein2_rbs	11.6	0.0	0.0
196	__protein3_rbs	3.2	0.0	0.0
196	__ribosome	25.2	0.0	0.0
196	__rnase_site_ext	18.0	0.0	0.0
196	p0	1.0	0.0	0.0
196	p1	0.4	0.0	0.0
196	protein1	934.6	18.2	1.6777778
196	protein2	931.8	20.2	1.8520648
196	protein3	367.6	4.6	1.8595238
196	r2	4.8	0.0	0.0
196	rnapol	0.0	0.0	0.0
197	__protein1_rbs	12.4	0.0	0.0
197	__protein2_rbs	13.2	0.0	0.0
197	__protein3_rbs	3.2	0.0	0.0
197	__ribosome	27.2	0.0	0.0
197	__rnase_site_ext	17.8	0.0	0.0
197	p0	0.6	0.0	0.0
197	p1	0.6	0.0	0.0
197	protein1	942.0	17.8	1.6479205999999995
197	protein2	940.4	20.2	1.7603464000000002
197	protein3	368.4	4.8	1.94
197	r2	4.8	0.0	0.0
197	rnapol	0.0	0.0	0.0
198	__protein1_rbs	12.4	0.0	0.0
198	__protein2_rbs	14.0	0.0	0.0
198	__protein3_rbs	2.6	0.0	0.0
198	__ribosome	26.8	0.0	0.0
198	__rnase_site_ext	17.8	0.0	0.0
198	p0	0.8	0.0	0.0
198	p1	0.6	0.0	0.0
198	protein1	947.4	17.8	1.719054
198	protein2	948.4	20.6	1.7143798
198	protein3	370.8	4.8	1.804762
198	r2	5.0	0.0	0.0
198	rnapol	0.0	0.0	0.0
199	__protein1_rbs	11.0	0.0	0.0
199	__protein2_rbs	11.4	0.0	0.0
199	__protein3_rbs	3.0	0.0	0.0
199	__ribosome	24.8	0.0	0.0
199	__rnase_site_ext	17.6	0.0	0.0
199	p0	0.8	0.0	0.0
199	p1	0.8	0.0	0.0
199	protein1	954.6	17.4	1.7575040000000002
199	protein2	955.8	20.6	1.7993544
199	protein3	372.6	5.0	1.7785714
199	r2	5.0	0.0	0.0
199	rnapol	0.0	0.0	0.0
200	__protein1_rbs	11.0	0.0	0.0
200	__protein2_rbs	14.8	0.0	0.0
200	__protein3_rbs	3.2	0.0	0.0
200	__ribosome	25.6	0.0	0.0
200	__rnase_site_ext	18.0	0.0	0.0
200	p0	0.8	0.0	0.0
200	p1	0.8	0.0	0.0
200	protein1	961.2	17.4	1.7141914
200	protein2	960.8	20.8	1.7554741999999999
200	protein3	374.6	5.0	1.6880953999999997
200	r2	5.0	0.0	0.0
200	rnapol	0.0	0.0	0.0
201	__protein1_rbs	12.4	0.0	0.0
201	__protein2_rbs	12.6	0.0	0.0
201	__protein3_rbs	4.2	0.0	0.0
201	__ribosome	27.2	0.0	0.0
201	__rnase_site_ext	18.0	0.0	0.0
201	p0	0.6	0.0	0.0
201	p1	1.0	0.0	0.0
201	protein1	965.8	17.6	1.7324692000000002
201	protein2	970.4	20.8	1.6887734
201	protein3	376.2	5.0	1.5023810000000002
201	r2	5.0	0.0	0.0
201	rnapol	0.0	0.0	0.0
202	__protein1_rbs	12.2	0.0	0.0
202	__protein2_rbs	14.8	0.0	0.0
202	__protein3_rbs	2.4	0.0	0.0
202	__ribosome	28.4	0.0	0.0
202	__rnase_site_ext	18.2	0.0	0.0
202	p0	0.8	0.0	0.0
202	p1	0.6	0.0	0.0
202	protein1	973.6	17.8	1.6002923999999998
202	protein2	977.0	20.0	1.7308664
202	protein3	377.8	5.0	1.6295238
202	r2	5.2	0.0	0.0
202	rnapol	0.2	0.0	0.0
203	__protein1_rbs	10.2	0.0	0.0
203	__protein2_rbs	13.4	0.0	0.0
203	__protein3_rbs	3.0	0.0	0.0
203	__ribosome	28.2	0.0	0.0
203	__rnase_site_ext	18.4	0.0	0.0
203	p0	0.8	0.0	0.0
203	p1	0.6	0.0	0.0
203	protein1	979.2	18.0	1.6686295999999998
203	protein2	985.0	19.8	1.6876258000000002
203	protein3	379.8	5.2	1.6180954
203	r2	5.2	0.0	0.0
203	rnapol	0.4	0.0	0.0
204	__protein1_rbs	12.0	0.0	0.0
204	__protein2_rbs	13.4	0.0	0.0
204	__protein3_rbs	3.4	0.0	0.0
204	__ribosome	28.4	0.0	0.0
204	__rnase_site_ext	18.2	0.0	0.0
204	p0	0.6	0.0	0.0
204	p1	1.0	0.0	0.0
204	protein1	985.6	18.0	1.6665093999999998
204	protein2	992.0	20.0	1.6757142000000005
204	protein3	381.8	5.0	1.7228572
204	r2	5.0	0.0	0.0
204	rnapol	0.0	0.0	0.0
205	__protein1_rbs	10.8	0.0	0.0
205	__protein2_rbs	10.6	0.0	0.0
205	__protein3_rbs	3.4	0.0	0.0
205	__ribosome	25.6	0.0	0.0
205	__rnase_site_ext	18.0	0.0	0.0
205	p0	1.0	0.0	0.0
205	p1	0.4	0.0	0.0
205	protein1	992.4	18.2	1.7015239999999998
205	protein2	1000.0	19.8	1.7468125999999995
205	protein3	383.0	5.0	1.8261906
205	r2	5.2	0.0	0.0
205	rnapol	0.0	0.0	0.0
206	__protein1_rbs	12.0	0.0	0.0
206	__protein2_rbs	12.0	0.0	0.0
206	__protein3_rbs	3.2	0.0	0.0
206	__ribosome	23.8	0.0	0.0
206	__rnase_site_ext	18.2	0.0	0.0
206	p0	0.8	0.0	0.0
206	p1	0.4	0.0	0.0
206	protein1	996.2	17.8	1.8373664
206	protein2	1007.0	19.4	1.7941189999999998
206	protein3	385.0	5.2	1.8142858
206	r2	5.4	0.0	0.0
206	rnapol	0.0	0.0	0.0
207	__protein1_rbs	12.8	0.0	0.0
207	__protein2_rbs	12.4	0.0	0.0
207	__protein3_rbs	2.4	0.0	0.0
207	__ribosome	24.0	0.0	0.0
207	__rnase_site_ext	18.2	0.0	0.0
207	p0	0.8	0.0	0.0
207	p1	0.6	0.0	0.0
207	protein1	1002.6	18.0	1.7860964
207	protein2	1013.8	19.8	1.7647475999999995
207	protein3	387.6	5.2	1.85
207	r2	5.2	0.0	0.0
207	rnapol	0.0	0.0	0.0
208	__protein1_rbs	12.0	0.0	0.0
208	__protein2_rbs	13.2	0.0	0.0
208	__protein3_rbs	3.6	0.0	0.0
208	__ribosome	23.8	0.0	0.0
208	__rnase_site_ext	18.6	0.0	0.0
208	p0	0.8	0.0	0.0
208	p1	0.6	0.0	0.0
208	protein1	1010.0	18.0	1.7192511999999998
208	protein2	1019.6	19.6	1.7861745999999998
208	protein3	388.6	5.2	2.0166666
208	r2	5.4	0.0	0.0
208	rnapol	0.0	0.0	0.0
209	__protein1_rbs	10.8	0.0	0.0
209	__protein2_rbs	13.6	0.0	0.0
209	__protein3_rbs	3.8	0.0	0.0
209	__ribosome	26.2	0.0	0.0
209	__rnase_site_ext	18.4	0.0	0.0
209	p0	1.0	0.0	0.0
209	p1	0.4	0.0	0.0
209	protein1	1017.4	18.4	1.6339275999999998
209	protein2	1027.4	19.8	1.739963
209	protein3	391.0	5.4	1.78
209	r2	5.0	0.0	0.0
209	rnapol	0.0	0.0	0.0
210	__protein1_rbs	11.2	0.0	0.0
210	__protein2_rbs	13.2	0.0	0.0
210	__protein3_rbs	3.0	0.0	0.0
210	__ribosome	26.6	0.0	0.0
210	__rnase_site_ext	18.0	0.0	0.0
210	p0	1.0	0.0	0.0
210	p1	0.8	0.0	0.0
210	protein1	1024.8	18.4	1.6692810000000002
210	protein2	1035.6	19.8	1.6485822
210	protein3	392.4	5.0	2.1199998
210	r2	5.0	0.0	0.0
210	rnapol	0.0	0.0	0.0
211	__protein1_rbs	10.6	0.0	0.0
211	__protein2_rbs	13.6	0.0	0.0
211	__protein3_rbs	2.8	0.0	0.0
211	__ribosome	25.0	0.0	0.0
211	__rnase_site_ext	17.2	0.0	0.0
211	p0	1.0	0.0	0.0
211	p1	0.6	0.0	0.0
211	protein1	1031.0	17.8	1.7900328
211	protein2	1042.0	20.2	1.6628608
211	protein3	395.0	5.2	2.0161903999999997
211	r2	5.2	0.0	0.0
211	rnapol	0.2	0.0	0.0
212	__protein1_rbs	11.8	0.0	0.0
212	__protein2_rbs	13.6	0.0	0.0
212	__protein3_rbs	4.4	0.0	0.0
212	__ribosome	27.4	0.0	0.0
212	__rnase_site_ext	17.2	0.0	0.0
212	p0	0.8	0.0	0.0
212	p1	0.4	0.0	0.0
212	protein1	1036.6	17.0	1.8752942
212	protein2	1049.8	19.8	1.6315921999999998
212	protein3	397.6	5.4	1.6800000000000002
212	r2	5.4	0.0	0.0
212	rnapol	0.2	0.0	0.0
213	__protein1_rbs	11.8	0.0	0.0
213	__protein2_rbs	11.0	0.0	0.0
213	__protein3_rbs	3.4	0.0	0.0
213	__ribosome	26.2	0.0	0.0
213	__rnase_site_ext	17.6	0.0	0.0
213	p0	1.0	0.0	0.0
213	p1	0.6	0.0	0.0
213	protein1	1042.4	17.0	1.8392648
213	protein2	1056.4	19.8	1.7114698000000002
213	protein3	399.4	5.2	1.7304761999999998
213	r2	5.2	0.0	0.0
213	rnapol	0.0	0.0	0.0
214	__protein1_rbs	11.0	0.0	0.0
214	__protein2_rbs	11.8	0.0	0.0
214	__protein3_rbs	3.8	0.0	0.0
214	__ribosome	26.4	0.0	0.0
214	__rnase_site_ext	17.6	0.0	0.0
214	p0	1.0	0.0	0.0
214	p1	0.8	0.0	0.0
214	protein1	1049.2	17.4	1.7987396
214	protein2	1064.2	20.2	1.7021016000000002
214	protein3	401.4	5.2	1.6152380000000002
214	r2	5.4	0.0	0.0
214	rnapol	0.2	0.0	0.0
215	__protein1_rbs	10.8	0.0	0.0
215	__protein2_rbs	13.6	0.0	0.0
215	__protein3_rbs	2.6	0.0	0.0
215	__ribosome	26.4	0.0	0.0
215	__rnase_site_ext	17.8	0.0	0.0
215	p0	0.8	0.0	0.0
215	p1	0.8	0.0	0.0
215	protein1	1057.4	17.4	1.6951682
215	protein2	1069.8	19.6	1.8161266
215	protein3	403.4	5.4	1.6580953999999999
215	r2	5.6	0.0	0.0
215	rnapol	0.2	0.0	0.0
216	__protein1_rbs	11.0	0.0	0.0
216	__protein2_rbs	13.4	0.0	0.0
216	__protein3_rbs	3.0	0.0	0.0
216	__ribosome	26.8	0.0	0.0
216	__rnase_site_ext	18.2	0.0	0.0
216	p0	0.8	0.0	0.0
216	p1	0.8	0.0	0.0
216	protein1	1063.2	17.8	1.682143
216	protein2	1077.6	19.8	1.7455782
216	protein3	405.4	5.6	1.685
216	r2	5.6	0.0	0.0
216	rnapol	0.4	0.0	0.0
217	__protein1_rbs	11.2	0.0	0.0
217	__protein2_rbs	12.2	0.0	0.0
217	__protein3_rbs	3.8	0.0	0.0
217	__ribosome	24.4	0.0	0.0
217	__rnase_site_ext	18.2	0.0	0.0
217	p0	0.6	0.0	0.0
217	p1	1.0	0.0	0.0
217	protein1	1069.4	18.0	1.7073918000000001
217	protein2	1083.4	19.8	1.8513448
217	protein3	407.2	5.6	1.6683334
217	r2	5.6	0.0	0.0
217	rnapol	0.4	0.0	0.0
218	__protein1_rbs	11.8	0.0	0.0
218	__protein2_rbs	11.8	0.0	0.0
218	__protein3_rbs	3.8	0.0	0.0
218	__ribosome	25.2	0.0	0.0
218	__rnase_site_ext	18.4	0.0	0.0
218	p0	0.6	0.0	0.0
218	p1	1.0	0.0	0.0
218	protein1	1075.4	17.8	1.7459200000000004
218	protein2	1092.6	19.8	1.7915964
218	protein3	408.4	5.6	1.6666666
218	r2	5.6	0.0	0.0
218	rnapol	0.2	0.0	0.0
219	__protein1_rbs	11.0	0.0	0.0
219	__protein2_rbs	14.0	0.0	0.0
219	__protein3_rbs	4.0	0.0	0.0
219	__ribosome	25.8	0.0	0.0
219	__rnase_site_ext	19.0	0.0	0.0
219	p0	0.8	0.0	0.0
219	p1	0.8	0.0	0.0
219	protein1	1081.2	18.2	1.780606
219	protein2	1100.2	19.4	1.7599140000000002
219	protein3	410.2	5.4	1.6683334
219	r2	5.4	0.0	0.0
219	rnapol	0.0	0.0	0.0
220	__protein1_rbs	12.4	0.0	0.0
220	__protein2_rbs	12.4	0.0	0.0
220	__protein3_rbs	3.0	0.0	0.0
220	__ribosome	25.2	0.0	0.0
220	__rnase_site_ext	19.0	0.0	0.0
220	p0	0.6	0.0	0.0
220	p1	0.8	0.0	0.0
220	protein1	1087.6	18.6	1.7184080000000002
220	protein2	1106.8	19.4	1.7828778000000003
220	protein3	412.6	5.4	1.6866666000000001
220	r2	5.6	0.0	0.0
220	rnapol	0.0	0.0	0.0
221	__protein1_rbs	10.6	0.0	0.0
221	__protein2_rbs	12.2	0.0	0.0
221	__protein3_rbs	4.0	0.0	0.0
221	__ribosome	24.2	0.0	0.0
221	__rnase_site_ext	19.0	0.0	0.0
221	p0	0.8	0.0	0.0
221	p1	0.6	0.0	0.0
221	protein1	1094.2	18.8	1.80637
221	protein2	1114.0	19.0	1.8150268
221	protein3	415.0	5.6	1.4971428
221	r2	5.6	0.0	0.0
221	rnapol	0.2	0.0	0.0
222	__protein1_rbs	13.4	0.0	0.0
222	__protein2_rbs	11.2	0.0	0.0
222	__protein3_rbs	2.8	0.0	0.0
222	__ribosome	23.2	0.0	0.0
222	__rnase_site_ext	19.4	0.0	0.0
222	p0	1.0	0.0	0.0
222	p1	0.6	0.0	0.0
222	protein1	1100.8	18.8	1.7376136000000002
222	protein2	1121.8	18.8	1.8602338
222	protein3	415.8	5.6	1.7376192000000004
222	r2	5.8	0.0	0.0
222	rnapol	0.0	0.0	0.0
223	__protein1_rbs	12.2	0.0	0.0
223	__protein2_rbs	12.2	0.0	0.0
223	__protein3_rbs	3.0	0.0	0.0
223	__ribosome	25.4	0.0	0.0
223	__rnase_site_ext	19.4	0.0	0.0
223	p0	1.0	0.0	0.0
223	p1	0.6	0.0	0.0
223	protein1	1108.2	19.2	1.6600338
223	protein2	1130.6	19.0	1.7186191999999998
223	protein3	417.6	5.8	1.9066666
223	r2	5.8	0.0	0.0
223	rnapol	0.0	0.0	0.0
224	__protein1_rbs	11.2	0.0	0.0
224	__protein2_rbs	11.2	0.0	0.0
224	__protein3_rbs	4.6	0.0	0.0
224	__ribosome	24.4	0.0	0.0
224	__rnase_site_ext	19.0	0.0	0.0
224	p0	1.0	0.0	0.0
224	p1	0.6	0.0	0.0
224	protein1	1115.2	19.2	1.6604278
224	protein2	1137.6	19.4	1.7530768
224	protein3	419.4	5.4	2.0666666
224	r2	5.6	0.0	0.0
224	rnapol	0.0	0.0	0.0
225	__protein1_rbs	12.4	0.0	0.0
225	__protein2_rbs	13.2	0.0	0.0
225	__protein3_rbs	3.6	0.0	0.0
225	__ribosome	24.4	0.0	0.0
225	__rnase_site_ext	19.0	0.0	0.0
225	p0	1.0	0.0	0.0
225	p1	0.4	0.0	0.0
225	protein1	1123.0	18.8	1.6021828000000002
225	protein2	1142.8	19.4	1.8418358
225	protein3	421.6	5.6	1.9483334
225	r2	5.8	0.0	0.0
225	rnapol	0.0	0.0	0.0
226	__protein1_rbs	11.8	0.0	0.0
226	__protein2_rbs	13.4	0.0	0.0
226	__protein3_rbs	4.8	0.0	0.0
226	__ribosome	28.2	0.0	0.0
226	__rnase_site_ext	18.6	0.0	0.0
226	p0	1.0	0.0	0.0
226	p1	0.4	0.0	0.0
226	protein1	1130.2	18.8	1.6066266000000002
226	protein2	1151.6	19.4	1.6923721999999999
226	protein3	423.6	5.8	1.62
226	r2	5.4	0.0	0.0
226	rnapol	0.0	0.0	0.0
227	__protein1_rbs	13.0	0.0	0.0
227	__protein2_rbs	11.2	0.0	0.0
227	__protein3_rbs	3.8	0.0	0.0
227	__ribosome	25.8	0.0	0.0
227	__rnase_site_ext	18.8	0.0	0.0
227	p0	0.8	0.0	0.0
227	p1	0.6	0.0	0.0
227	protein1	1134.8	18.6	1.6980518
227	protein2	1158.4	19.6	1.7416043999999997
227	protein3	425.8	5.4	1.7473807999999995
227	r2	5.2	0.0	0.0
227	rnapol	0.0	0.0	0.0
228	__protein1_rbs	12.8	0.0	0.0
228	__protein2_rbs	12.8	0.0	0.0
228	__protein3_rbs	3.4	0.0	0.0
228	__ribosome	28.0	0.0	0.0
228	__rnase_site_ext	18.6	0.0	0.0
228	p0	0.8	0.0	0.0
228	p1	0.6	0.0	0.0
228	protein1	1141.4	18.6	1.6699378
228	protein2	1166.2	19.8	1.7072717999999998
228	protein3	428.6	5.2	1.5428571999999998
228	r2	5.2	0.0	0.0
228	rnapol	0.0	0.0	0.0
229	__protein1_rbs	10.2	0.0	0.0
229	__protein2_rbs	12.8	0.0	0.0
229	__protein3_rbs	3.4	0.0	0.0
229	__ribosome	26.0	0.0	0.0
229	__rnase_site_ext	18.6	0.0	0.0
229	p0	0.8	0.0	0.0
229	p1	0.6	0.0	0.0
229	protein1	1149.0	18.2	1.7015349999999998
229	protein2	1172.0	20.0	1.7589196
229	protein3	430.0	5.0	1.65
229	r2	5.2	0.0	0.0
229	rnapol	0.0	0.0	0.0
230	__protein1_rbs	13.4	0.0	0.0
230	__protein2_rbs	13.6	0.0	0.0
230	__protein3_rbs	3.8	0.0	0.0
230	__ribosome	27.4	0.0	0.0
230	__rnase_site_ext	18.6	0.0	0.0
230	p0	0.6	0.0	0.0
230	p1	0.6	0.0	0.0
230	protein1	1155.0	18.4	1.6513698
230	protein2	1179.2	20.0	1.7341951999999998
230	protein3	431.8	5.2	1.5488094
230	r2	5.2	0.0	0.0
230	rnapol	0.0	0.0	0.0
231	__protein1_rbs	11.2	0.0	0.0
231	__protein2_rbs	12.4	0.0	0.0
231	__protein3_rbs	3.8	0.0	0.0
231	__ribosome	25.4	0.0	0.0
231	__rnase_site_ext	18.8	0.0	0.0
231	p0	0.8	0.0	0.0
231	p1	1.0	0.0	0.0
231	protein1	1162.2	18.4	1.7139262000000002
231	protein2	1187.2	20.2	1.7703178000000002
231	protein3	433.4	5.2	1.5440476
231	r2	5.2	0.0	0.0
231	rnapol	0.2	0.0	0.0
232	__protein1_rbs	11.8	0.0	0.0
232	__protein2_rbs	13.4	0.0	0.0
232	__protein3_rbs	3.4	0.0	0.0
232	__ribosome	25.4	0.0	0.0
232	__rnase_site_ext	19.0	0.0	0.0
232	p0	1.0	0.0	0.0
232	p1	1.0	0.0	0.0
232	protein1	1168.0	18.6	1.764659
232	protein2	1194.8	20.2	1.707498
232	protein3	435.0	5.2	1.5559524
232	r2	5.2	0.0	0.0
232	rnapol	0.0	0.0	0.0
233	__protein1_rbs	12.0	0.0	0.0
233	__protein2_rbs	12.6	0.0	0.0
233	__protein3_rbs	2.4	0.0	0.0
233	__ribosome	26.0	0.0	0.0
233	__rnase_site_ext	19.2	0.0	0.0
233	p0	0.8	0.0	0.0
233	p1	0.6	0.0	0.0
233	protein1	1175.4	18.8	1.7055793999999997
233	protein2	1202.4	20.0	1.7082860000000004
233	protein3	436.6	5.0	1.8178572
233	r2	5.2	0.0	0.0
233	rnapol	0.0	0.0	0.0
234	__protein1_rbs	12.2	0.0	0.0
234	__protein2_rbs	11.6	0.0	0.0
234	__protein3_rbs	3.8	0.0	0.0
234	__ribosome	27.0	0.0	0.0
234	__rnase_site_ext	19.2	0.0	0.0
234	p0	0.8	0.0	0.0
234	p1	0.6	0.0	0.0
234	protein1	1182.0	18.8	1.6648128
234	protein2	1211.2	19.8	1.7147624
234	protein3	438.4	5.2	1.8166668
234	r2	5.4	0.0	0.0
234	rnapol	0.0	0.0	0.0
235	__protein1_rbs	12.4	0.0	0.0
235	__protein2_rbs	13.4	0.0	0.0
235	__protein3_rbs	4.2	0.0	0.0
235	__ribosome	24.6	0.0	0.0
235	__rnase_site_ext	18.8	0.0	0.0
235	p0	1.0	0.0	0.0
235	p1	0.8	0.0	0.0
235	protein1	1187.8	19.0	1.7327119999999998
235	protein2	1217.0	20.0	1.7355580000000002
235	protein3	440.0	5.6	1.5544444
235	r2	5.8	0.0	0.0
235	rnapol	0.0	0.0	0.0
236	__protein1_rbs	10.4	0.0	0.0
236	__protein2_rbs	13.0	0.0	0.0
236	__protein3_rbs	4.2	0.0	0.0
236	__ribosome	22.6	0.0	0.0
236	__rnase_site_ext	18.8	0.0	0.0
236	p0	0.8	0.0	0.0
236	p1	0.6	0.0	0.0
236	protein1	1195.8	18.6	1.819602
236	protein2	1223.6	20.2	1.770628
236	protein3	441.6	5.8	1.5583334
236	r2	6.0	0.0	0.0
236	rnapol	0.0	0.0	0.0
237	__protein1_rbs	12.4	0.0	0.0
237	__protein2_rbs	12.6	0.0	0.0
237	__protein3_rbs	4.8	0.0	0.0
237	__ribosome	26.8	0.0	0.0
237	__rnase_site_ext	18.6	0.0	0.0
237	p0	1.0	0.0	0.0
237	p1	0.6	0.0	0.0
237	protein1	1203.2	18.6	1.7423088
237	protein2	1233.0	20.0	1.6944976000000003
237	protein3	443.6	6.0	1.3016666
237	r2	6.0	0.0	0.0
237	rnapol	0.0	0.0	0.0
238	__protein1_rbs	11.8	0.0	0.0
238	__protein2_rbs	14.4	0.0	0.0
238	__protein3_rbs	3.0	0.0	0.0
238	__ribosome	23.2	0.0	0.0
238	__rnase_site_ext	18.4	0.0	0.0
238	p0	1.0	0.0	0.0
238	p1	0.6	0.0	0.0
238	protein1	1208.4	18.4	1.8611218
238	protein2	1239.8	20.2	1.6677511999999999
238	protein3	444.8	6.0	1.5683334
238	r2	6.4	0.0	0.0
238	rnapol	0.0	0.0	0.0
239	__protein1_rbs	12.2	0.0	0.0
239	__protein2_rbs	14.2	0.0	0.0
239	__protein3_rbs	4.0	0.0	0.0
239	__ribosome	26.0	0.0	0.0
239	__rnase_site_ext	18.6	0.0	0.0
239	p0	0.6	0.0	0.0
239	p1	0.6	0.0	0.0
239	protein1	1216.8	18.2	1.7512282000000003
239	protein2	1247.4	20.6	1.5982504
239	protein3	446.8	6.2	1.47
239	r2	6.2	0.0	0.0
239	rnapol	0.0	0.0	0.0
240	__protein1_rbs	11.4	0.0	0.0
240	__protein2_rbs	14.0	0.0	0.0
240	__protein3_rbs	3.4	0.0	0.0
240	__ribosome	25.8	0.0	0.0
240	__rnase_site_ext	18.4	0.0	0.0
240	p0	0.6	0.0	0.0
240	p1	1.0	0.0	0.0
240	protein1	1223.8	18.2	1.7507831999999999
240	protein2	1255.0	21.0	1.5716333999999998
240	protein3	448.8	6.0	1.515
240	r2	6.0	0.0	0.0
240	rnapol	0.0	0.0	0.0
241	__protein1_rbs	12.4	0.0	0.0
241	__protein2_rbs	13.8	0.0	0.0
241	__protein3_rbs	4.2	0.0	0.0
241	__ribosome	24.6	0.0	0.0
241	__rnase_site_ext	18.8	0.0	0.0
241	p0	1.0	0.0	0.0
241	p1	0.8	0.0	0.0
241	protein1	1231.4	18.2	1.7335007999999998
241	protein2	1261.4	20.6	1.6576418000000002
241	protein3	450.0	6.0	1.6133334
241	r2	5.8	0.0	0.0
241	rnapol	0.2	0.0	0.0
242	__protein1_rbs	13.0	0.0	0.0
242	__protein2_rbs	13.8	0.0	0.0
242	__protein3_rbs	4.6	0.0	0.0
242	__ribosome	25.8	0.0	0.0
242	__rnase_site_ext	19.2	0.0	0.0
242	p0	0.6	0.0	0.0
242	p1	0.6	0.0	0.0
242	protein1	1238.2	18.6	1.6393182000000002
242	protein2	1269.4	20.8	1.6230167999999998
242	protein3	451.2	5.8	1.6816668000000001
242	r2	5.8	0.0	0.0
242	rnapol	0.2	0.0	0.0
243	__protein1_rbs	10.2	0.0	0.0
243	__protein2_rbs	13.6	0.0	0.0
243	__protein3_rbs	3.4	0.0	0.0
243	__ribosome	24.4	0.0	0.0
243	__rnase_site_ext	19.0	0.0	0.0
243	p0	0.8	0.0	0.0
243	p1	1.0	0.0	0.0
243	protein1	1245.2	18.8	1.7045453999999998
243	protein2	1276.6	20.0	1.6753246000000002
243	protein3	453.6	5.8	1.825
243	r2	5.8	0.0	0.0
243	rnapol	0.0	0.0	0.0
244	__protein1_rbs	13.8	0.0	0.0
244	__protein2_rbs	12.8	0.0	0.0
244	__protein3_rbs	3.8	0.0	0.0
244	__ribosome	23.8	0.0	0.0
244	__rnase_site_ext	19.4	0.0	0.0
244	p0	0.6	0.0	0.0
244	p1	0.8	0.0	0.0
244	protein1	1251.6	18.8	1.6637644000000005
244	protein2	1283.2	20.2	1.7460318
244	protein3	456.4	5.8	1.8361906
244	r2	6.0	0.0	0.0
244	rnapol	0.2	0.0	0.0
245	__protein1_rbs	10.2	0.0	0.0
245	__protein2_rbs	13.8	0.0	0.0
245	__protein3_rbs	4.4	0.0	0.0
245	__ribosome	24.8	0.0	0.0
245	__rnase_site_ext	19.2	0.0	0.0
245	p0	0.8	0.0	0.0
245	p1	0.8	0.0	0.0
245	protein1	1259.2	19.0	1.7067591999999998
245	protein2	1291.0	20.2	1.6861471999999997
245	protein3	459.0	6.0	1.5722222
245	r2	5.8	0.0	0.0
245	rnapol	0.0	0.0	0.0
246	__protein1_rbs	13.2	0.0	0.0
246	__protein2_rbs	12.6	0.0	0.0
246	__protein3_rbs	2.6	0.0	0.0
246	__ribosome	21.8	0.0	0.0
246	__rnase_site_ext	18.8	0.0	0.0
246	p0	1.0	0.0	0.0
246	p1	1.0	0.0	0.0
246	protein1	1264.2	19.0	1.759035
246	protein2	1297.8	19.8	1.7773516
246	protein3	460.4	5.4	1.9785714
246	r2	5.6	0.0	0.0
246	rnapol	0.0	0.0	0.0
247	__protein1_rbs	12.2	0.0	0.0
247	__protein2_rbs	13.0	0.0	0.0
247	__protein3_rbs	4.8	0.0	0.0
247	__ribosome	24.8	0.0	0.0
247	__rnase_site_ext	18.8	0.0	0.0
247	p0	1.0	0.0	0.0
247	p1	0.6	0.0	0.0
247	protein1	1270.8	18.6	1.7829468000000002
247	protein2	1306.2	19.8	1.7220098000000001
247	protein3	463.0	5.6	1.5976192
247	r2	5.8	0.0	0.0
247	rnapol	0.0	0.0	0.0
248	__protein1_rbs	11.0	0.0	0.0
248	__protein2_rbs	14.4	0.0	0.0
248	__protein3_rbs	4.2	0.0	0.0
248	__ribosome	25.6	0.0	0.0
248	__rnase_site_ext	18.4	0.0	0.0
248	p0	1.0	0.0	0.0
248	p1	0.4	0.0	0.0
248	protein1	1279.2	18.6	1.7651290000000002
248	protein2	1313.0	20.0	1.6877970000000002
248	protein3	465.6	6.0	1.3728572
248	r2	6.0	0.0	0.0
248	rnapol	0.0	0.0	0.0
249	__protein1_rbs	12.6	0.0	0.0
249	__protein2_rbs	12.4	0.0	0.0
249	__protein3_rbs	4.4	0.0	0.0
249	__ribosome	25.8	0.0	0.0
249	__rnase_site_ext	18.4	0.0	0.0
249	p0	1.0	0.0	0.0
249	p1	0.8	0.0	0.0
249	protein1	1286.2	18.2	1.7539576
249	protein2	1321.0	20.6	1.6644576000000002
249	protein3	467.0	6.0	1.424762
249	r2	6.2	0.0	0.0
249	rnapol	0.2	0.0	0.0
250	__protein1_rbs	11.4	0.0	0.0
250	__protein2_rbs	12.0	0.0	0.0
250	__protein3_rbs	4.2	0.0	0.0
250	__ribosome	23.0	0.0	0.0
250	__rnase_site_ext	18.8	0.0	0.0
250	p0	0.6	0.0	0.0
250	p1	0.6	0.0	0.0
250	protein1	1293.6	18.2	1.7653486
250	protein2	1328.0	20.8	1.776736
250	protein3	469.2	6.2	1.4145238000000002
250	r2	6.2	0.0	0.0
250	rnapol	0.0	0.0	0.0
