time	species	protein	transcript	ribo_density
0	__protein1_rbs	0.0	0.0	0.0
0	__protein2_rbs	0.0	0.0	0.0
0	__protein3_rbs	0.0	0.0	0.0
0	__ribosome	100.0	0.0	0.0
0	__rnase_site_ext	0.0	0.0	0.0
0	p0	1.0	0.0	0.0
0	p1	1.0	0.0	0.0
0	p2	1.0	0.0	0.0
0	r0	0.0	0.0	0.0
0	rnapol	4.0	0.0	0.0
1	__protein1_rbs	0.0	0.0	0.0
1	__protein2_rbs	0.0	0.0	0.0
1	__protein3_rbs	0.0	0.0	0.0
1	__ribosome	100.0	0.0	0.0
1	__rnase_site_ext	1.0	0.0	0.0
1	p0	0.2	0.0	0.0
1	p1	0.8	0.0	0.0
1	p2	1.0	0.0	0.0
1	r0	0.2	0.0	0.0
1	rnapol	2.4	0.0	0.0
2	__protein1_rbs	0.0	0.0	0.0
2	__protein2_rbs	0.2	0.0	0.0
2	__protein3_rbs	0.0	0.0	0.0
2	__ribosome	99.6	0.0	0.0
2	__rnase_site_ext	2.2	0.0	0.0
2	p0	0.4	0.0	0.0
2	p1	1.0	0.0	0.0
2	p2	1.0	0.0	0.0
2	protein1	0.0	0.4	0.4
2	protein2	0.0	0.2	0.0
2	r0	1.2	0.0	0.0
2	rnapol	1.8	0.0	0.0
3	__protein1_rbs	0.4	0.0	0.0
3	__protein2_rbs	0.2	0.0	0.0
3	__protein3_rbs	0.0	0.0	0.0
3	__ribosome	98.8	0.0	0.0
3	__rnase_site_ext	3.0	0.0	0.0
3	p0	0.2	0.0	0.0
3	p1	1.0	0.0	0.0
3	p2	1.0	0.0	0.0
3	protein1	0.0	1.2	1.0
3	protein2	0.0	0.2	0.0
3	r0	2.0	0.0	0.0
3	rnapol	1.0	0.0	0.0
4	__protein1_rbs	1.0	0.0	0.0
4	__protein2_rbs	0.0	0.0	0.0
4	__protein3_rbs	0.0	0.0	0.0
4	__ribosome	97.4	0.0	0.0
4	__rnase_site_ext	3.2	0.0	0.0
4	p0	0.4	0.0	0.0
4	p1	1.0	0.0	0.0
4	p2	1.0	0.0	0.0
4	protein1	0.0	2.2	1.1
4	protein2	0.0	0.2	0.2
4	r0	2.8	0.0	0.0
4	rnapol	0.4	0.0	0.0
5	__protein1_rbs	0.8	0.0	0.0
5	__protein2_rbs	0.2	0.0	0.0
5	__protein3_rbs	0.0	0.0	0.0
5	__ribosome	95.6	0.0	0.0
5	__rnase_site_ext	4.0	0.0	0.0
5	p0	0.6	0.0	0.0
5	p1	1.0	0.0	0.0
5	p2	1.0	0.0	0.0
5	protein1	0.0	2.8	1.4999998
5	protein2	0.0	0.2	0.2
5	r0	3.4	0.0	0.0
5	rnapol	0.0	0.0	0.0
6	__protein1_rbs	1.4	0.0	0.0
6	__protein2_rbs	0.0	0.0	0.0
6	__protein3_rbs	0.0	0.0	0.0
6	__ribosome	93.4	0.0	0.0
6	__rnase_site_ext	3.8	0.0	0.0
6	p0	1.0	0.0	0.0
6	p1	1.0	0.0	0.0
6	p2	0.8	0.0	0.0
6	protein1	0.0	3.6	1.7833333999999998
6	protein2	0.0	0.2	0.4
6	r0	3.8	0.0	0.0
6	rnapol	0.0	0.0	0.0
7	__protein1_rbs	1.8	0.0	0.0
7	__protein2_rbs	0.2	0.0	0.0
7	__protein3_rbs	0.0	0.0	0.0
7	__ribosome	92.2	0.0	0.0
7	__rnase_site_ext	4.0	0.0	0.0
7	p0	1.0	0.0	0.0
7	p1	1.0	0.0	0.0
7	p2	0.8	0.0	0.0
7	protein1	0.4	3.8	1.9833333999999998
7	protein2	0.0	0.2	0.4
7	r0	3.8	0.0	0.0
7	rnapol	0.0	0.0	0.0
8	__protein1_rbs	0.8	0.0	0.0
8	__protein2_rbs	0.2	0.0	0.0
8	__protein3_rbs	0.0	0.0	0.0
8	__ribosome	90.0	0.0	0.0
8	__rnase_site_ext	4.0	0.0	0.0
8	p0	1.0	0.0	0.0
8	p1	0.8	0.0	0.0
8	p2	1.0	0.0	0.0
8	protein1	1.0	3.8	2.5666666
8	protein2	0.0	0.2	0.4
8	r0	3.8	0.0	0.0
8	rnapol	0.0	0.0	0.0
9	__protein1_rbs	1.4	0.0	0.0
9	__protein2_rbs	0.0	0.0	0.0
9	__protein3_rbs	0.0	0.0	0.0
9	__ribosome	89.2	0.0	0.0
9	__rnase_site_ext	4.0	0.0	0.0
9	p0	1.0	0.0	0.0
9	p1	0.8	0.0	0.0
9	p2	1.0	0.0	0.0
9	protein1	2.2	3.8	2.7166666
9	protein2	0.2	0.4	0.6
9	r0	3.8	0.0	0.0
9	rnapol	0.0	0.0	0.0
10	__protein1_rbs	1.2	0.0	0.0
10	__protein2_rbs	0.2	0.0	0.0
10	__protein3_rbs	0.2	0.0	0.0
10	__ribosome	88.6	0.0	0.0
10	__rnase_site_ext	4.0	0.0	0.0
10	p0	1.0	0.0	0.0
10	p1	0.2	0.0	0.0
10	p2	1.0	0.0	0.0
10	protein1	4.0	3.8	2.8
10	protein2	0.2	0.6	0.5
10	protein3	0.0	0.2	0.0
10	r0	3.8	0.0	0.0
10	rnapol	0.0	0.0	0.0
11	__protein1_rbs	0.6	0.0	0.0
11	__protein2_rbs	0.8	0.0	0.0
11	__protein3_rbs	0.0	0.0	0.0
11	__ribosome	87.6	0.0	0.0
11	__rnase_site_ext	4.0	0.0	0.0
11	p0	1.0	0.0	0.0
11	p1	0.0	0.0	0.0
11	p2	1.0	0.0	0.0
11	protein1	6.0	3.8	2.9333334
11	protein2	0.4	1.2	0.7
11	protein3	0.0	0.2	0.2
11	r0	3.8	0.0	0.0
11	rnapol	0.0	0.0	0.0
12	__protein1_rbs	1.6	0.0	0.0
12	__protein2_rbs	0.4	0.0	0.0
12	__protein3_rbs	0.0	0.0	0.0
12	__ribosome	85.8	0.0	0.0
12	__rnase_site_ext	4.0	0.0	0.0
12	p0	1.0	0.0	0.0
12	p1	0.0	0.0	0.0
12	p2	1.0	0.0	0.0
12	protein1	7.4	3.8	3.0
12	protein2	0.4	1.8	1.2333333999999998
12	protein3	0.0	0.2	0.4
12	r0	3.8	0.0	0.0
12	rnapol	0.0	0.0	0.0
13	__protein1_rbs	1.0	0.0	0.0
13	__protein2_rbs	1.6	0.0	0.0
13	__protein3_rbs	0.0	0.0	0.0
13	__ribosome	84.4	0.0	0.0
13	__rnase_site_ext	4.0	0.0	0.0
13	p0	1.0	0.0	0.0
13	p1	0.4	0.0	0.0
13	p2	1.0	0.0	0.0
13	protein1	9.8	3.8	3.1
13	protein2	0.6	2.8	1.05
13	protein3	0.0	0.2	0.6
13	r0	3.8	0.0	0.0
13	rnapol	0.0	0.0	0.0
14	__protein1_rbs	2.2	0.0	0.0
14	__protein2_rbs	1.6	0.0	0.0
14	__protein3_rbs	0.0	0.0	0.0
14	__ribosome	83.0	0.0	0.0
14	__rnase_site_ext	4.0	0.0	0.0
14	p0	1.0	0.0	0.0
14	p1	0.4	0.0	0.0
14	p2	0.6	0.0	0.0
14	protein1	12.0	3.8	2.9666666
14	protein2	0.6	3.4	1.4666666000000002
14	protein3	0.0	0.2	0.8
14	r0	3.8	0.0	0.0
14	rnapol	0.0	0.0	0.0
15	__protein1_rbs	1.8	0.0	0.0
15	__protein2_rbs	1.0	0.0	0.0
15	__protein3_rbs	0.2	0.0	0.0
15	__ribosome	80.4	0.0	0.0
15	__rnase_site_ext	4.0	0.0	0.0
15	p0	1.0	0.0	0.0
15	p1	1.0	0.0	0.0
15	p2	0.4	0.0	0.0
15	protein1	14.4	3.8	2.9666666
15	protein2	1.0	4.0	1.9
15	protein3	0.0	0.2	0.8
15	r0	3.8	0.0	0.0
15	rnapol	0.0	0.0	0.0
16	__protein1_rbs	0.8	0.0	0.0
16	__protein2_rbs	1.2	0.0	0.0
16	__protein3_rbs	0.0	0.0	0.0
16	__ribosome	79.0	0.0	0.0
16	__rnase_site_ext	4.2	0.0	0.0
16	p0	0.8	0.0	0.0
16	p1	1.0	0.0	0.0
16	p2	0.0	0.0	0.0
16	protein1	17.2	3.8	2.8833333999999997
16	protein2	1.8	4.0	2.3
16	protein3	0.2	0.2	0.8
16	r0	3.8	0.0	0.0
16	rnapol	0.0	0.0	0.0
17	__protein1_rbs	1.6	0.0	0.0
17	__protein2_rbs	1.6	0.0	0.0
17	__protein3_rbs	0.0	0.0	0.0
17	__ribosome	77.8	0.0	0.0
17	__rnase_site_ext	4.2	0.0	0.0
17	p0	1.0	0.0	0.0
17	p1	1.0	0.0	0.0
17	p2	0.0	0.0	0.0
17	protein1	18.8	3.8	2.8666666000000003
17	protein2	2.8	4.0	2.55
17	protein3	0.2	0.2	1.0
17	r0	4.0	0.0	0.0
17	rnapol	0.0	0.0	0.0
18	__protein1_rbs	1.0	0.0	0.0
18	__protein2_rbs	1.4	0.0	0.0
18	__protein3_rbs	0.2	0.0	0.0
18	__ribosome	75.8	0.0	0.0
18	__rnase_site_ext	4.2	0.0	0.0
18	p0	1.0	0.0	0.0
18	p1	1.0	0.0	0.0
18	p2	0.2	0.0	0.0
18	protein1	21.2	4.0	2.95
18	protein2	4.2	4.0	2.85
18	protein3	0.4	0.4	1.0
18	r0	4.0	0.0	0.0
18	rnapol	0.0	0.0	0.0
19	__protein1_rbs	1.6	0.0	0.0
19	__protein2_rbs	1.6	0.0	0.0
19	__protein3_rbs	0.4	0.0	0.0
19	__ribosome	74.4	0.0	0.0
19	__rnase_site_ext	4.2	0.0	0.0
19	p0	1.0	0.0	0.0
19	p1	1.0	0.0	0.0
19	p2	0.2	0.0	0.0
19	protein1	23.2	4.0	3.1
19	protein2	6.0	4.0	3.0
19	protein3	0.6	0.8	0.7
19	r0	4.0	0.0	0.0
19	rnapol	0.0	0.0	0.0
20	__protein1_rbs	2.2	0.0	0.0
20	__protein2_rbs	1.6	0.0	0.0
20	__protein3_rbs	1.0	0.0	0.0
20	__ribosome	74.4	0.0	0.0
20	__rnase_site_ext	4.2	0.0	0.0
20	p0	1.0	0.0	0.0
20	p1	1.0	0.0	0.0
20	p2	0.8	0.0	0.0
20	protein1	25.0	4.0	3.0
20	protein2	8.6	4.0	2.9
20	protein3	0.8	1.6	1.2333333999999998
20	r0	4.0	0.0	0.0
20	rnapol	0.0	0.0	0.0
21	__protein1_rbs	1.6	0.0	0.0
21	__protein2_rbs	2.0	0.0	0.0
21	__protein3_rbs	1.2	0.0	0.0
21	__ribosome	73.6	0.0	0.0
21	__rnase_site_ext	4.2	0.0	0.0
21	p0	1.0	0.0	0.0
21	p1	1.0	0.0	0.0
21	p2	1.0	0.0	0.0
21	protein1	27.4	4.0	3.0
21	protein2	11.0	4.0	2.8
21	protein3	1.0	2.6	1.25
21	r0	4.0	0.0	0.0
21	rnapol	0.0	0.0	0.0
22	__protein1_rbs	1.8	0.0	0.0
22	__protein2_rbs	1.4	0.0	0.0
22	__protein3_rbs	1.2	0.0	0.0
22	__ribosome	72.0	0.0	0.0
22	__rnase_site_ext	4.2	0.0	0.0
22	p0	1.0	0.0	0.0
22	p1	1.0	0.0	0.0
22	p2	1.0	0.0	0.0
22	protein1	30.0	4.0	2.9
22	protein2	12.8	4.0	2.95
22	protein3	1.2	3.2	1.4666666000000002
22	r0	4.0	0.0	0.0
22	rnapol	0.0	0.0	0.0
23	__protein1_rbs	1.4	0.0	0.0
23	__protein2_rbs	2.6	0.0	0.0
23	__protein3_rbs	1.2	0.0	0.0
23	__ribosome	70.6	0.0	0.0
23	__rnase_site_ext	4.2	0.0	0.0
23	p0	1.0	0.0	0.0
23	p1	1.0	0.0	0.0
23	p2	1.0	0.0	0.0
23	protein1	32.4	4.0	2.95
23	protein2	15.2	4.0	2.7
23	protein3	1.6	3.8	1.8
23	r0	4.0	0.0	0.0
23	rnapol	0.0	0.0	0.0
24	__protein1_rbs	1.8	0.0	0.0
24	__protein2_rbs	1.6	0.0	0.0
24	__protein3_rbs	1.6	0.0	0.0
24	__ribosome	69.2	0.0	0.0
24	__rnase_site_ext	4.2	0.0	0.0
24	p0	0.4	0.0	0.0
24	p1	0.8	0.0	0.0
24	p2	1.0	0.0	0.0
24	protein1	34.6	4.0	2.95
24	protein2	17.4	4.0	2.75
24	protein3	2.0	4.0	2.0
24	r0	4.0	0.0	0.0
24	rnapol	0.2	0.0	0.0
25	__protein1_rbs	1.6	0.0	0.0
25	__protein2_rbs	1.6	0.0	0.0
25	__protein3_rbs	0.6	0.0	0.0
25	__ribosome	66.4	0.0	0.0
25	__rnase_site_ext	5.4	0.0	0.0
25	p0	0.6	0.0	0.0
25	p1	0.8	0.0	0.0
25	p2	1.0	0.0	0.0
25	protein1	36.2	4.0	3.05
25	protein2	19.4	4.2	2.78
25	protein3	3.0	4.0	2.45
25	r0	4.6	0.0	0.0
25	rnapol	0.0	0.0	0.0
26	__protein1_rbs	2.6	0.0	0.0
26	__protein2_rbs	1.0	0.0	0.0
26	__protein3_rbs	1.8	0.0	0.0
26	__ribosome	66.6	0.0	0.0
26	__rnase_site_ext	5.4	0.0	0.0
26	p0	0.8	0.0	0.0
26	p1	1.0	0.0	0.0
26	p2	1.0	0.0	0.0
26	protein1	39.2	4.8	2.4
26	protein2	21.8	4.2	2.89
26	protein3	4.4	4.0	2.5
26	r0	5.2	0.0	0.0
26	rnapol	0.2	0.0	0.0
27	__protein1_rbs	0.8	0.0	0.0
27	__protein2_rbs	1.4	0.0	0.0
27	__protein3_rbs	1.2	0.0	0.0
27	__ribosome	62.4	0.0	0.0
27	__rnase_site_ext	6.2	0.0	0.0
27	p0	0.2	0.0	0.0
27	p1	1.0	0.0	0.0
27	p2	1.0	0.0	0.0
27	protein1	41.2	5.0	2.7333334
27	protein2	24.0	4.2	2.98
27	protein3	5.4	4.0	2.9
27	r0	5.2	0.0	0.0
27	rnapol	0.0	0.0	0.0
28	__protein1_rbs	3.2	0.0	0.0
28	__protein2_rbs	1.6	0.0	0.0
28	__protein3_rbs	1.8	0.0	0.0
28	__ribosome	63.0	0.0	0.0
28	__rnase_site_ext	6.6	0.0	0.0
28	p0	0.6	0.0	0.0
28	p1	1.0	0.0	0.0
28	p2	1.0	0.0	0.0
28	protein1	43.6	5.4	2.4066666000000003
28	protein2	26.0	4.2	3.1
28	protein3	8.2	4.0	2.75
28	r0	6.2	0.0	0.0
28	rnapol	0.4	0.0	0.0
29	__protein1_rbs	2.8	0.0	0.0
29	__protein2_rbs	1.4	0.0	0.0
29	__protein3_rbs	2.2	0.0	0.0
29	__ribosome	61.4	0.0	0.0
29	__rnase_site_ext	7.0	0.0	0.0
29	p0	0.8	0.0	0.0
29	p1	1.0	0.0	0.0
29	p2	1.0	0.0	0.0
29	protein1	45.6	6.2	2.2619048
29	protein2	28.6	4.2	3.12
29	protein3	9.4	4.0	2.9
29	r0	6.4	0.0	0.0
29	rnapol	0.4	0.0	0.0
30	__protein1_rbs	3.2	0.0	0.0
30	__protein2_rbs	1.8	0.0	0.0
30	__protein3_rbs	1.8	0.0	0.0
30	__ribosome	61.2	0.0	0.0
30	__rnase_site_ext	7.4	0.0	0.0
30	p0	0.8	0.0	0.0
30	p1	1.0	0.0	0.0
30	p2	0.8	0.0	0.0
30	protein1	47.8	6.6	2.2414286
30	protein2	30.8	4.2	3.12
30	protein3	12.2	4.0	2.8
30	r0	6.6	0.0	0.0
30	rnapol	0.2	0.0	0.0
31	__protein1_rbs	3.4	0.0	0.0
31	__protein2_rbs	1.6	0.0	0.0
31	__protein3_rbs	1.4	0.0	0.0
31	__ribosome	62.0	0.0	0.0
31	__rnase_site_ext	7.6	0.0	0.0
31	p0	1.0	0.0	0.0
31	p1	1.0	0.0	0.0
31	p2	1.0	0.0	0.0
31	protein1	50.8	6.8	2.1380952
31	protein2	33.8	4.2	2.94
31	protein3	14.2	4.0	2.85
31	r0	7.2	0.0	0.0
31	rnapol	0.0	0.0	0.0
32	__protein1_rbs	3.0	0.0	0.0
32	__protein2_rbs	2.4	0.0	0.0
32	__protein3_rbs	1.6	0.0	0.0
32	__ribosome	60.6	0.0	0.0
32	__rnase_site_ext	7.6	0.0	0.0
32	p0	1.0	0.0	0.0
32	p1	0.2	0.0	0.0
32	p2	1.0	0.0	0.0
32	protein1	54.4	7.2	2.1607142
32	protein2	35.6	4.2	2.91
32	protein3	16.4	4.0	2.95
32	r0	7.2	0.0	0.0
32	rnapol	0.0	0.0	0.0
33	__protein1_rbs	2.8	0.0	0.0
33	__protein2_rbs	2.0	0.0	0.0
33	__protein3_rbs	1.2	0.0	0.0
33	__ribosome	58.8	0.0	0.0
33	__rnase_site_ext	7.4	0.0	0.0
33	p0	1.0	0.0	0.0
33	p1	0.2	0.0	0.0
33	p2	1.0	0.0	0.0
33	protein1	56.2	7.2	2.3952382
33	protein2	38.4	4.4	2.75
33	protein3	19.0	4.0	3.0
33	r0	7.2	0.0	0.0
33	rnapol	0.0	0.0	0.0
34	__protein1_rbs	4.0	0.0	0.0
34	__protein2_rbs	2.0	0.0	0.0
34	__protein3_rbs	1.8	0.0	0.0
34	__ribosome	57.6	0.0	0.0
34	__rnase_site_ext	7.2	0.0	0.0
34	p0	1.0	0.0	0.0
34	p1	0.6	0.0	0.0
34	p2	1.0	0.0	0.0
34	protein1	59.4	7.2	2.4345237999999996
34	protein2	40.8	5.0	2.48
34	protein3	20.8	4.2	3.04
34	r0	7.0	0.0	0.0
34	rnapol	0.0	0.0	0.0
35	__protein1_rbs	2.2	0.0	0.0
35	__protein2_rbs	4.0	0.0	0.0
35	__protein3_rbs	2.0	0.0	0.0
35	__ribosome	57.0	0.0	0.0
35	__rnase_site_ext	7.2	0.0	0.0
35	p0	1.0	0.0	0.0
35	p1	0.4	0.0	0.0
35	p2	1.0	0.0	0.0
35	protein1	61.6	6.4	3.0583332000000003
35	protein2	43.2	5.4	2.1333333999999997
35	protein3	23.2	4.2	2.9
35	r0	6.4	0.0	0.0
35	rnapol	0.0	0.0	0.0
36	__protein1_rbs	3.0	0.0	0.0
36	__protein2_rbs	3.0	0.0	0.0
36	__protein3_rbs	2.6	0.0	0.0
36	__ribosome	58.2	0.0	0.0
36	__rnase_site_ext	6.8	0.0	0.0
36	p0	1.0	0.0	0.0
36	p1	0.2	0.0	0.0
36	p2	1.0	0.0	0.0
36	protein1	65.4	6.2	3.0283333999999997
36	protein2	46.2	5.6	2.12
36	protein3	25.4	4.2	2.74
36	r0	6.2	0.0	0.0
36	rnapol	0.0	0.0	0.0
37	__protein1_rbs	2.6	0.0	0.0
37	__protein2_rbs	2.2	0.0	0.0
37	__protein3_rbs	2.4	0.0	0.0
37	__ribosome	57.0	0.0	0.0
37	__rnase_site_ext	6.8	0.0	0.0
37	p0	1.0	0.0	0.0
37	p1	0.2	0.0	0.0
37	p2	0.8	0.0	0.0
37	protein1	69.4	6.2	2.995
37	protein2	48.2	6.2	2.1942858000000003
37	protein3	27.8	4.2	2.7
37	r0	6.2	0.0	0.0
37	rnapol	0.0	0.0	0.0
38	__protein1_rbs	3.4	0.0	0.0
38	__protein2_rbs	3.4	0.0	0.0
38	__protein3_rbs	1.6	0.0	0.0
38	__ribosome	56.6	0.0	0.0
38	__rnase_site_ext	6.8	0.0	0.0
38	p0	1.0	0.0	0.0
38	p1	0.0	0.0	0.0
38	p2	0.0	0.0	0.0
38	protein1	72.8	6.0	2.9216666
38	protein2	50.2	6.6	2.2821428
38	protein3	30.2	4.2	2.68
38	r0	6.0	0.0	0.0
38	rnapol	0.0	0.0	0.0
39	__protein1_rbs	2.0	0.0	0.0
39	__protein2_rbs	2.6	0.0	0.0
39	__protein3_rbs	1.8	0.0	0.0
39	__ribosome	54.2	0.0	0.0
39	__rnase_site_ext	6.8	0.0	0.0
39	p0	1.0	0.0	0.0
39	p1	0.4	0.0	0.0
39	p2	0.2	0.0	0.0
39	protein1	76.0	5.8	3.275
39	protein2	52.8	7.2	2.3
39	protein3	32.6	4.2	2.63
39	r0	5.8	0.0	0.0
39	rnapol	0.0	0.0	0.0
40	__protein1_rbs	4.0	0.0	0.0
40	__protein2_rbs	3.6	0.0	0.0
40	__protein3_rbs	2.0	0.0	0.0
40	__ribosome	54.4	0.0	0.0
40	__rnase_site_ext	6.8	0.0	0.0
40	p0	1.0	0.0	0.0
40	p1	0.6	0.0	0.0
40	p2	0.8	0.0	0.0
40	protein1	80.0	5.6	2.9242858
40	protein2	54.4	7.6	2.4857142000000003
40	protein3	34.8	4.2	2.58
40	r0	5.6	0.0	0.0
40	rnapol	0.2	0.0	0.0
41	__protein1_rbs	2.0	0.0	0.0
41	__protein2_rbs	4.2	0.0	0.0
41	__protein3_rbs	1.2	0.0	0.0
41	__ribosome	53.0	0.0	0.0
41	__rnase_site_ext	7.0	0.0	0.0
41	p0	1.0	0.0	0.0
41	p1	1.0	0.0	0.0
41	p2	0.2	0.0	0.0
41	protein1	83.0	5.4	3.1566666000000003
41	protein2	58.0	8.0	2.35
41	protein3	37.4	4.2	2.67
41	r0	5.4	0.0	0.0
41	rnapol	0.0	0.0	0.0
42	__protein1_rbs	3.4	0.0	0.0
42	__protein2_rbs	3.4	0.0	0.0
42	__protein3_rbs	2.2	0.0	0.0
42	__ribosome	53.2	0.0	0.0
42	__rnase_site_ext	7.0	0.0	0.0
42	p0	1.0	0.0	0.0
42	p1	1.0	0.0	0.0
42	p2	0.4	0.0	0.0
42	protein1	86.4	5.6	2.76
42	protein2	61.8	7.8	2.4642858
42	protein3	39.2	4.8	2.51
42	r0	5.6	0.0	0.0
42	rnapol	0.0	0.0	0.0
43	__protein1_rbs	1.8	0.0	0.0
43	__protein2_rbs	3.2	0.0	0.0
43	__protein3_rbs	2.2	0.0	0.0
43	__ribosome	50.6	0.0	0.0
43	__rnase_site_ext	6.8	0.0	0.0
43	p0	1.0	0.0	0.0
43	p1	1.0	0.0	0.0
43	p2	0.2	0.0	0.0
43	protein1	89.4	5.6	2.9066666000000003
43	protein2	65.2	7.8	2.5892858
43	protein3	41.0	5.2	2.46
43	r0	5.6	0.0	0.0
43	rnapol	0.0	0.0	0.0
44	__protein1_rbs	3.0	0.0	0.0
44	__protein2_rbs	4.4	0.0	0.0
44	__protein3_rbs	2.6	0.0	0.0
44	__ribosome	52.8	0.0	0.0
44	__rnase_site_ext	7.0	0.0	0.0
44	p0	1.0	0.0	0.0
44	p1	1.0	0.0	0.0
44	p2	0.0	0.0	0.0
44	protein1	93.8	5.6	2.5133334
44	protein2	68.6	7.8	2.5535714
44	protein3	43.8	5.4	2.4
44	r0	5.6	0.0	0.0
44	rnapol	0.0	0.0	0.0
45	__protein1_rbs	3.0	0.0	0.0
45	__protein2_rbs	3.6	0.0	0.0
45	__protein3_rbs	3.8	0.0	0.0
45	__ribosome	52.4	0.0	0.0
45	__rnase_site_ext	7.0	0.0	0.0
45	p0	1.0	0.0	0.0
45	p1	1.0	0.0	0.0
45	p2	0.4	0.0	0.0
45	protein1	96.2	5.2	2.6466666000000005
45	protein2	72.4	7.6	2.65
45	protein3	45.4	6.0	2.2857144000000003
45	r0	5.2	0.0	0.0
45	rnapol	0.0	0.0	0.0
46	__protein1_rbs	2.2	0.0	0.0
46	__protein2_rbs	3.8	0.0	0.0
46	__protein3_rbs	2.4	0.0	0.0
46	__ribosome	51.4	0.0	0.0
46	__rnase_site_ext	7.0	0.0	0.0
46	p0	1.0	0.0	0.0
46	p1	1.0	0.0	0.0
46	p2	0.8	0.0	0.0
46	protein1	100.0	5.0	2.6666666
46	protein2	76.0	7.6	2.732143
46	protein3	48.0	6.2	2.3609523999999995
46	r0	5.0	0.0	0.0
46	rnapol	0.0	0.0	0.0
47	__protein1_rbs	1.6	0.0	0.0
47	__protein2_rbs	3.6	0.0	0.0
47	__protein3_rbs	2.4	0.0	0.0
47	__ribosome	50.4	0.0	0.0
47	__rnase_site_ext	6.8	0.0	0.0
47	p0	0.8	0.0	0.0
47	p1	1.0	0.0	0.0
47	p2	1.0	0.0	0.0
47	protein1	102.0	5.0	2.8333334
47	protein2	80.4	7.6	2.5964284
47	protein3	51.2	6.8	2.3119046
47	r0	5.0	0.0	0.0
47	rnapol	0.0	0.0	0.0
48	__protein1_rbs	2.0	0.0	0.0
48	__protein2_rbs	4.4	0.0	0.0
48	__protein3_rbs	4.4	0.0	0.0
48	__ribosome	51.6	0.0	0.0
48	__rnase_site_ext	7.2	0.0	0.0
48	p0	0.4	0.0	0.0
48	p1	1.0	0.0	0.0
48	p2	1.0	0.0	0.0
48	protein1	104.6	4.8	2.8933334000000004
48	protein2	84.2	7.6	2.5214286
48	protein3	54.0	7.2	2.1416666
48	r0	5.0	0.0	0.0
48	rnapol	0.0	0.0	0.0
49	__protein1_rbs	2.0	0.0	0.0
49	__protein2_rbs	3.6	0.0	0.0
49	__protein3_rbs	4.0	0.0	0.0
49	__ribosome	51.4	0.0	0.0
49	__rnase_site_ext	7.6	0.0	0.0
49	p0	0.8	0.0	0.0
49	p1	0.8	0.0	0.0
49	p2	1.0	0.0	0.0
49	protein1	107.8	4.8	2.8866666000000003
49	protein2	88.4	7.6	2.4714286000000003
49	protein3	56.2	7.8	2.1357142000000002
49	r0	5.2	0.0	0.0
49	rnapol	0.0	0.0	0.0
50	__protein1_rbs	2.6	0.0	0.0
50	__protein2_rbs	3.8	0.0	0.0
50	__protein3_rbs	3.6	0.0	0.0
50	__ribosome	49.8	0.0	0.0
50	__rnase_site_ext	7.6	0.0	0.0
50	p0	0.6	0.0	0.0
50	p1	1.0	0.0	0.0
50	p2	1.0	0.0	0.0
50	protein1	110.0	5.4	2.625714
50	protein2	92.4	7.6	2.3607144
50	protein3	58.6	8.0	2.325
50	r0	5.6	0.0	0.0
50	rnapol	0.0	0.0	0.0
51	__protein1_rbs	3.8	0.0	0.0
51	__protein2_rbs	3.4	0.0	0.0
51	__protein3_rbs	3.6	0.0	0.0
51	__ribosome	49.4	0.0	0.0
51	__rnase_site_ext	8.2	0.0	0.0
51	p0	0.6	0.0	0.0
51	p1	1.0	0.0	0.0
51	p2	1.0	0.0	0.0
51	protein1	112.6	5.6	2.2738093999999998
51	protein2	95.6	7.2	2.5726192
51	protein3	61.8	8.0	2.475
51	r0	6.0	0.0	0.0
51	rnapol	0.0	0.0	0.0
52	__protein1_rbs	2.2	0.0	0.0
52	__protein2_rbs	2.8	0.0	0.0
52	__protein3_rbs	4.6	0.0	0.0
52	__ribosome	50.6	0.0	0.0
52	__rnase_site_ext	8.2	0.0	0.0
52	p0	1.0	0.0	0.0
52	p1	1.0	0.0	0.0
52	p2	1.0	0.0	0.0
52	protein1	115.4	6.0	2.2828570000000004
52	protein2	100.2	6.6	2.665
52	protein3	65.6	8.0	2.325
52	r0	6.4	0.0	0.0
52	rnapol	0.0	0.0	0.0
53	__protein1_rbs	3.4	0.0	0.0
53	__protein2_rbs	2.6	0.0	0.0
53	__protein3_rbs	3.4	0.0	0.0
53	__ribosome	48.6	0.0	0.0
53	__rnase_site_ext	8.4	0.0	0.0
53	p0	0.2	0.0	0.0
53	p1	1.0	0.0	0.0
53	p2	1.0	0.0	0.0
53	protein1	117.8	6.4	2.2316666
53	protein2	103.6	6.6	2.75
53	protein3	69.2	8.0	2.4
53	r0	6.4	0.0	0.0
53	rnapol	0.0	0.0	0.0
54	__protein1_rbs	2.4	0.0	0.0
54	__protein2_rbs	3.0	0.0	0.0
54	__protein3_rbs	3.2	0.0	0.0
54	__ribosome	45.8	0.0	0.0
54	__rnase_site_ext	8.6	0.0	0.0
54	p0	0.8	0.0	0.0
54	p1	1.0	0.0	0.0
54	p2	0.8	0.0	0.0
54	protein1	120.4	6.4	2.4416666
54	protein2	106.8	6.4	2.7583332
54	protein3	72.4	8.0	2.65
54	r0	6.8	0.0	0.0
54	rnapol	0.2	0.0	0.0
55	__protein1_rbs	4.0	0.0	0.0
55	__protein2_rbs	3.6	0.0	0.0
55	__protein3_rbs	3.4	0.0	0.0
55	__ribosome	47.2	0.0	0.0
55	__rnase_site_ext	9.4	0.0	0.0
55	p0	0.4	0.0	0.0
55	p1	0.8	0.0	0.0
55	p2	0.8	0.0	0.0
55	protein1	123.2	6.6	2.3061906000000003
55	protein2	110.0	6.2	2.72
55	protein3	77.0	8.0	2.6
55	r0	7.0	0.0	0.0
55	rnapol	0.0	0.0	0.0
56	__protein1_rbs	2.8	0.0	0.0
56	__protein2_rbs	3.4	0.0	0.0
56	__protein3_rbs	3.0	0.0	0.0
56	__ribosome	46.0	0.0	0.0
56	__rnase_site_ext	9.6	0.0	0.0
56	p0	0.8	0.0	0.0
56	p1	0.6	0.0	0.0
56	p2	1.0	0.0	0.0
56	protein1	125.4	6.8	2.4592857999999995
56	protein2	113.8	6.2	2.515
56	protein3	80.6	8.0	2.725
56	r0	7.2	0.0	0.0
56	rnapol	0.0	0.0	0.0
57	__protein1_rbs	3.4	0.0	0.0
57	__protein2_rbs	3.6	0.0	0.0
57	__protein3_rbs	4.6	0.0	0.0
57	__ribosome	45.8	0.0	0.0
57	__rnase_site_ext	9.6	0.0	0.0
57	p0	1.0	0.0	0.0
57	p1	0.6	0.0	0.0
57	p2	1.0	0.0	0.0
57	protein1	128.8	7.2	2.5028572000000002
57	protein2	117.0	6.4	2.3333334
57	protein3	83.6	8.0	2.7
57	r0	7.4	0.0	0.0
57	rnapol	0.0	0.0	0.0
58	__protein1_rbs	3.8	0.0	0.0
58	__protein2_rbs	3.2	0.0	0.0
58	__protein3_rbs	3.6	0.0	0.0
58	__ribosome	44.6	0.0	0.0
58	__rnase_site_ext	9.6	0.0	0.0
58	p0	1.0	0.0	0.0
58	p1	0.4	0.0	0.0
58	p2	1.0	0.0	0.0
58	protein1	131.4	7.4	2.5904762000000003
58	protein2	120.2	6.2	2.4571426
58	protein3	87.8	8.2	2.6222222000000004
58	r0	7.4	0.0	0.0
58	rnapol	0.0	0.0	0.0
59	__protein1_rbs	3.4	0.0	0.0
59	__protein2_rbs	2.6	0.0	0.0
59	__protein3_rbs	4.6	0.0	0.0
59	__ribosome	45.8	0.0	0.0
59	__rnase_site_ext	9.6	0.0	0.0
59	p0	1.0	0.0	0.0
59	p1	0.4	0.0	0.0
59	p2	1.0	0.0	0.0
59	protein1	135.6	7.2	2.6012696
59	protein2	123.4	6.4	2.395238
59	protein3	92.6	8.2	2.4944444
59	r0	7.2	0.0	0.0
59	rnapol	0.0	0.0	0.0
60	__protein1_rbs	3.8	0.0	0.0
60	__protein2_rbs	3.4	0.0	0.0
60	__protein3_rbs	4.0	0.0	0.0
60	__ribosome	46.8	0.0	0.0
60	__rnase_site_ext	9.4	0.0	0.0
60	p0	1.0	0.0	0.0
60	p1	0.4	0.0	0.0
60	p2	1.0	0.0	0.0
60	protein1	138.6	7.2	2.5228572
60	protein2	126.8	7.0	2.2
60	protein3	97.4	8.0	2.45
60	r0	7.2	0.0	0.0
60	rnapol	0.0	0.0	0.0
61	__protein1_rbs	4.0	0.0	0.0
61	__protein2_rbs	3.6	0.0	0.0
61	__protein3_rbs	5.0	0.0	0.0
61	__ribosome	47.2	0.0	0.0
61	__rnase_site_ext	9.4	0.0	0.0
61	p0	1.0	0.0	0.0
61	p1	0.2	0.0	0.0
61	p2	0.6	0.0	0.0
61	protein1	142.4	7.2	2.4879364
61	protein2	129.4	7.2	2.3238096
61	protein3	101.2	7.8	2.3678572
61	r0	7.2	0.0	0.0
61	rnapol	0.0	0.0	0.0
62	__protein1_rbs	3.4	0.0	0.0
62	__protein2_rbs	3.6	0.0	0.0
62	__protein3_rbs	3.0	0.0	0.0
62	__ribosome	45.4	0.0	0.0
62	__rnase_site_ext	9.4	0.0	0.0
62	p0	1.0	0.0	0.0
62	p1	0.2	0.0	0.0
62	p2	0.6	0.0	0.0
62	protein1	146.4	7.2	2.425397
62	protein2	132.2	7.2	2.4057142000000002
62	protein3	104.0	7.8	2.6142857999999998
62	r0	7.2	0.0	0.0
62	rnapol	0.0	0.0	0.0
63	__protein1_rbs	3.0	0.0	0.0
63	__protein2_rbs	4.6	0.0	0.0
63	__protein3_rbs	3.8	0.0	0.0
63	__ribosome	46.0	0.0	0.0
63	__rnase_site_ext	9.2	0.0	0.0
63	p0	1.0	0.0	0.0
63	p1	0.0	0.0	0.0
63	p2	0.6	0.0	0.0
63	protein1	150.0	7.0	2.5488096
63	protein2	135.6	7.6	2.115873
63	protein3	108.6	7.8	2.5678572
63	r0	7.0	0.0	0.0
63	rnapol	0.0	0.0	0.0
64	__protein1_rbs	4.6	0.0	0.0
64	__protein2_rbs	3.0	0.0	0.0
64	__protein3_rbs	3.8	0.0	0.0
64	__ribosome	44.8	0.0	0.0
64	__rnase_site_ext	9.4	0.0	0.0
64	p0	0.8	0.0	0.0
64	p1	0.2	0.0	0.0
64	p2	0.4	0.0	0.0
64	protein1	153.6	7.0	2.4538094
64	protein2	138.2	8.0	2.3
64	protein3	112.4	7.8	2.5428572
64	r0	7.0	0.0	0.0
64	rnapol	0.0	0.0	0.0
65	__protein1_rbs	3.2	0.0	0.0
65	__protein2_rbs	5.8	0.0	0.0
65	__protein3_rbs	5.2	0.0	0.0
65	__ribosome	46.2	0.0	0.0
65	__rnase_site_ext	9.0	0.0	0.0
65	p0	1.0	0.0	0.0
65	p1	0.8	0.0	0.0
65	p2	0.4	0.0	0.0
65	protein1	156.4	7.0	2.5209523999999996
65	protein2	141.4	8.6	2.1149206
65	protein3	116.8	7.8	2.3071428000000003
65	r0	7.2	0.0	0.0
65	rnapol	0.0	0.0	0.0
66	__protein1_rbs	3.6	0.0	0.0
66	__protein2_rbs	4.6	0.0	0.0
66	__protein3_rbs	4.2	0.0	0.0
66	__ribosome	45.6	0.0	0.0
66	__rnase_site_ext	9.2	0.0	0.0
66	p0	1.0	0.0	0.0
66	p1	1.0	0.0	0.0
66	p2	0.2	0.0	0.0
66	protein1	160.0	7.2	2.4015872000000003
66	protein2	145.2	8.6	2.1395237999999996
66	protein3	119.6	8.0	2.3480158
66	r0	7.2	0.0	0.0
66	rnapol	0.0	0.0	0.0
67	__protein1_rbs	3.0	0.0	0.0
67	__protein2_rbs	5.6	0.0	0.0
67	__protein3_rbs	4.4	0.0	0.0
67	__ribosome	47.4	0.0	0.0
67	__rnase_site_ext	9.2	0.0	0.0
67	p0	1.0	0.0	0.0
67	p1	1.0	0.0	0.0
67	p2	0.4	0.0	0.0
67	protein1	164.2	7.2	2.3742064000000003
67	protein2	148.8	8.6	2.0530952
67	protein3	123.6	7.8	2.3214286
67	r0	7.2	0.0	0.0
67	rnapol	0.0	0.0	0.0
68	__protein1_rbs	4.0	0.0	0.0
68	__protein2_rbs	3.8	0.0	0.0
68	__protein3_rbs	4.6	0.0	0.0
68	__ribosome	44.6	0.0	0.0
68	__rnase_site_ext	9.2	0.0	0.0
68	p0	1.0	0.0	0.0
68	p1	1.0	0.0	0.0
68	p2	0.4	0.0	0.0
68	protein1	166.8	7.2	2.3448414
68	protein2	150.6	8.6	2.4122222
68	protein3	127.4	7.8	2.3015874
68	r0	7.2	0.0	0.0
68	rnapol	0.0	0.0	0.0
69	__protein1_rbs	3.2	0.0	0.0
69	__protein2_rbs	5.2	0.0	0.0
69	__protein3_rbs	4.4	0.0	0.0
69	__ribosome	46.2	0.0	0.0
69	__rnase_site_ext	9.0	0.0	0.0
69	p0	1.0	0.0	0.0
69	p1	1.0	0.0	0.0
69	p2	0.2	0.0	0.0
69	protein1	170.2	7.2	2.3718254
69	protein2	155.6	8.6	2.1849206000000003
69	protein3	131.2	8.0	2.1960316000000004
69	r0	7.2	0.0	0.0
69	rnapol	0.0	0.0	0.0
70	__protein1_rbs	3.2	0.0	0.0
70	__protein2_rbs	4.4	0.0	0.0
70	__protein3_rbs	4.4	0.0	0.0
70	__ribosome	45.8	0.0	0.0
70	__rnase_site_ext	9.0	0.0	0.0
70	p0	1.0	0.0	0.0
70	p1	1.0	0.0	0.0
70	p2	0.6	0.0	0.0
70	protein1	173.8	7.2	2.4337304000000004
70	protein2	159.6	8.6	2.1860316
70	protein3	134.6	8.2	2.1738093999999997
70	r0	7.0	0.0	0.0
70	rnapol	0.0	0.0	0.0
71	__protein1_rbs	3.6	0.0	0.0
71	__protein2_rbs	3.8	0.0	0.0
71	__protein3_rbs	3.8	0.0	0.0
71	__ribosome	45.2	0.0	0.0
71	__rnase_site_ext	8.8	0.0	0.0
71	p0	1.0	0.0	0.0
71	p1	1.0	0.0	0.0
71	p2	1.0	0.0	0.0
71	protein1	177.6	6.8	2.5448414
71	protein2	163.4	8.0	2.425
71	protein3	137.8	8.6	2.2344444
71	r0	6.8	0.0	0.0
71	rnapol	0.4	0.0	0.0
72	__protein1_rbs	3.6	0.0	0.0
72	__protein2_rbs	3.4	0.0	0.0
72	__protein3_rbs	5.8	0.0	0.0
72	__ribosome	44.8	0.0	0.0
72	__rnase_site_ext	9.2	0.0	0.0
72	p0	0.8	0.0	0.0
72	p1	0.8	0.0	0.0
72	p2	1.0	0.0	0.0
72	protein1	180.0	6.8	2.5940474
72	protein2	166.6	7.8	2.5718252
72	protein3	142.0	9.4	1.9765152
72	r0	6.8	0.0	0.0
72	rnapol	0.2	0.0	0.0
73	__protein1_rbs	2.6	0.0	0.0
73	__protein2_rbs	4.8	0.0	0.0
73	__protein3_rbs	4.0	0.0	0.0
73	__ribosome	41.2	0.0	0.0
73	__rnase_site_ext	9.4	0.0	0.0
73	p0	0.6	0.0	0.0
73	p1	0.8	0.0	0.0
73	p2	1.0	0.0	0.0
73	protein1	183.2	6.8	2.9031743999999997
73	protein2	170.2	7.8	2.4658729999999998
73	protein3	144.6	9.8	2.2533334
73	r0	7.0	0.0	0.0
73	rnapol	0.0	0.0	0.0
74	__protein1_rbs	4.2	0.0	0.0
74	__protein2_rbs	4.6	0.0	0.0
74	__protein3_rbs	4.4	0.0	0.0
74	__ribosome	43.8	0.0	0.0
74	__rnase_site_ext	9.4	0.0	0.0
74	p0	0.8	0.0	0.0
74	p1	1.0	0.0	0.0
74	p2	1.0	0.0	0.0
74	protein1	187.6	7.0	2.568254
74	protein2	174.4	7.8	2.3523808
74	protein3	148.8	10.0	2.2166667999999996
74	r0	7.0	0.0	0.0
74	rnapol	0.0	0.0	0.0
75	__protein1_rbs	4.0	0.0	0.0
75	__protein2_rbs	3.0	0.0	0.0
75	__protein3_rbs	4.8	0.0	0.0
75	__ribosome	41.4	0.0	0.0
75	__rnase_site_ext	9.8	0.0	0.0
75	p0	0.8	0.0	0.0
75	p1	1.0	0.0	0.0
75	p2	1.0	0.0	0.0
75	protein1	190.2	7.2	2.3428572
75	protein2	178.6	7.6	2.4619047999999997
75	protein3	151.8	9.6	2.4955556000000003
75	r0	7.2	0.0	0.0
75	rnapol	0.4	0.0	0.0
76	__protein1_rbs	4.0	0.0	0.0
76	__protein2_rbs	4.4	0.0	0.0
76	__protein3_rbs	4.8	0.0	0.0
76	__ribosome	41.8	0.0	0.0
76	__rnase_site_ext	10.4	0.0	0.0
76	p0	0.6	0.0	0.0
76	p1	1.0	0.0	0.0
76	p2	1.0	0.0	0.0
76	protein1	193.6	7.0	2.311111
76	protein2	181.0	7.6	2.5253967999999998
76	protein3	156.2	9.6	2.48
76	r0	7.4	0.0	0.0
76	rnapol	0.2	0.0	0.0
77	__protein1_rbs	3.8	0.0	0.0
77	__protein2_rbs	2.6	0.0	0.0
77	__protein3_rbs	5.4	0.0	0.0
77	__ribosome	41.4	0.0	0.0
77	__rnase_site_ext	10.8	0.0	0.0
77	p0	0.4	0.0	0.0
77	p1	1.0	0.0	0.0
77	p2	1.0	0.0	0.0
77	protein1	197.0	7.4	2.1653968
77	protein2	185.0	7.6	2.5936508
77	protein3	160.0	9.2	2.5733334
77	r0	7.8	0.0	0.0
77	rnapol	0.2	0.0	0.0
78	__protein1_rbs	4.6	0.0	0.0
78	__protein2_rbs	4.0	0.0	0.0
78	__protein3_rbs	4.4	0.0	0.0
78	__ribosome	42.4	0.0	0.0
78	__rnase_site_ext	11.4	0.0	0.0
78	p0	0.2	0.0	0.0
78	p1	1.0	0.0	0.0
78	p2	0.8	0.0	0.0
78	protein1	200.0	7.8	2.0134128
78	protein2	189.0	7.6	2.4396824
78	protein3	165.2	9.2	2.5288890000000004
78	r0	8.4	0.0	0.0
78	rnapol	0.2	0.0	0.0
79	__protein1_rbs	3.6	0.0	0.0
79	__protein2_rbs	3.6	0.0	0.0
79	__protein3_rbs	5.2	0.0	0.0
79	__ribosome	43.6	0.0	0.0
79	__rnase_site_ext	11.8	0.0	0.0
79	p0	0.6	0.0	0.0
79	p1	1.0	0.0	0.0
79	p2	1.0	0.0	0.0
79	protein1	203.6	8.4	1.9703896
79	protein2	192.6	7.4	2.470238
79	protein3	170.6	9.0	2.4372222000000003
79	r0	9.0	0.0	0.0
79	rnapol	0.2	0.0	0.0
80	__protein1_rbs	4.6	0.0	0.0
80	__protein2_rbs	3.8	0.0	0.0
80	__protein3_rbs	3.6	0.0	0.0
80	__ribosome	41.6	0.0	0.0
80	__rnase_site_ext	11.8	0.0	0.0
80	p0	0.6	0.0	0.0
80	p1	0.6	0.0	0.0
80	p2	1.0	0.0	0.0
80	protein1	206.2	9.0	2.0372727999999998
80	protein2	196.2	7.4	2.4742064000000004
80	protein3	175.0	9.0	2.4772222000000004
80	r0	9.4	0.0	0.0
80	rnapol	0.0	0.0	0.0
81	__protein1_rbs	6.0	0.0	0.0
81	__protein2_rbs	4.6	0.0	0.0
81	__protein3_rbs	4.8	0.0	0.0
81	__ribosome	42.6	0.0	0.0
81	__rnase_site_ext	11.6	0.0	0.0
81	p0	1.0	0.0	0.0
81	p1	0.6	0.0	0.0
81	p2	1.0	0.0	0.0
81	protein1	209.0	9.2	2.0118182
81	protein2	199.4	7.4	2.4380952
81	protein3	179.4	8.8	2.4277778
81	r0	9.6	0.0	0.0
81	rnapol	0.0	0.0	0.0
82	__protein1_rbs	4.2	0.0	0.0
82	__protein2_rbs	4.8	0.0	0.0
82	__protein3_rbs	4.8	0.0	0.0
82	__ribosome	42.2	0.0	0.0
82	__rnase_site_ext	11.6	0.0	0.0
82	p0	1.0	0.0	0.0
82	p1	0.6	0.0	0.0
82	p2	1.0	0.0	0.0
82	protein1	212.2	9.6	2.1855554
82	protein2	203.8	7.8	2.1523807999999995
82	protein3	183.2	9.0	2.3233332000000004
82	r0	9.4	0.0	0.0
82	rnapol	0.0	0.0	0.0
83	__protein1_rbs	4.6	0.0	0.0
83	__protein2_rbs	4.0	0.0	0.0
83	__protein3_rbs	3.8	0.0	0.0
83	__ribosome	40.2	0.0	0.0
83	__rnase_site_ext	11.6	0.0	0.0
83	p0	1.0	0.0	0.0
83	p1	0.4	0.0	0.0
83	p2	1.0	0.0	0.0
83	protein1	214.8	9.2	2.4555556
83	protein2	207.0	8.2	2.1450792
83	protein3	188.4	8.8	2.3361110000000003
83	r0	9.2	0.0	0.0
83	rnapol	0.0	0.0	0.0
84	__protein1_rbs	4.6	0.0	0.0
84	__protein2_rbs	4.4	0.0	0.0
84	__protein3_rbs	4.6	0.0	0.0
84	__ribosome	40.2	0.0	0.0
84	__rnase_site_ext	11.4	0.0	0.0
84	p0	1.0	0.0	0.0
84	p1	0.4	0.0	0.0
84	p2	1.0	0.0	0.0
84	protein1	219.2	9.0	2.4230302000000004
84	protein2	210.4	8.2	2.1836506
84	protein3	192.2	8.8	2.366111
84	r0	9.0	0.0	0.0
84	rnapol	0.0	0.0	0.0
85	__protein1_rbs	5.2	0.0	0.0
85	__protein2_rbs	5.2	0.0	0.0
85	__protein3_rbs	3.6	0.0	0.0
85	__ribosome	41.0	0.0	0.0
85	__rnase_site_ext	11.6	0.0	0.0
85	p0	1.0	0.0	0.0
85	p1	0.4	0.0	0.0
85	p2	1.0	0.0	0.0
85	protein1	223.6	9.0	2.3630302000000003
85	protein2	214.6	8.6	1.9035714
85	protein3	196.0	8.8	2.525
85	r0	9.0	0.0	0.0
85	rnapol	0.0	0.0	0.0
86	__protein1_rbs	5.6	0.0	0.0
86	__protein2_rbs	4.2	0.0	0.0
86	__protein3_rbs	5.0	0.0	0.0
86	__ribosome	38.2	0.0	0.0
86	__rnase_site_ext	11.4	0.0	0.0
86	p0	1.0	0.0	0.0
86	p1	0.2	0.0	0.0
86	p2	0.6	0.0	0.0
86	protein1	226.6	9.0	2.3830301999999994
86	protein2	217.2	9.0	2.0416666
86	protein3	199.4	8.8	2.5700000000000003
86	r0	9.0	0.0	0.0
86	rnapol	0.0	0.0	0.0
87	__protein1_rbs	4.8	0.0	0.0
87	__protein2_rbs	6.6	0.0	0.0
87	__protein3_rbs	4.0	0.0	0.0
87	__ribosome	39.8	0.0	0.0
87	__rnase_site_ext	11.4	0.0	0.0
87	p0	1.0	0.0	0.0
87	p1	0.0	0.0	0.0
87	p2	0.2	0.0	0.0
87	protein1	231.6	9.0	2.2848484
87	protein2	219.8	9.4	1.9725254
87	protein3	203.6	8.4	2.6305554
87	r0	9.0	0.0	0.0
87	rnapol	0.0	0.0	0.0
88	__protein1_rbs	4.2	0.0	0.0
88	__protein2_rbs	7.4	0.0	0.0
88	__protein3_rbs	5.4	0.0	0.0
88	__ribosome	43.0	0.0	0.0
88	__rnase_site_ext	11.6	0.0	0.0
88	p0	0.8	0.0	0.0
88	p1	0.4	0.0	0.0
88	p2	0.6	0.0	0.0
88	protein1	235.2	8.8	2.3045454
88	protein2	224.0	10.0	1.7242425999999995
88	protein3	208.0	8.0	2.5563493999999998
88	r0	8.8	0.0	0.0
88	rnapol	0.0	0.0	0.0
89	__protein1_rbs	4.2	0.0	0.0
89	__protein2_rbs	3.8	0.0	0.0
89	__protein3_rbs	3.4	0.0	0.0
89	__ribosome	42.2	0.0	0.0
89	__rnase_site_ext	11.4	0.0	0.0
89	p0	1.0	0.0	0.0
89	p1	0.4	0.0	0.0
89	p2	0.8	0.0	0.0
89	protein1	240.6	8.8	2.1313636
89	protein2	227.6	10.2	1.9386363999999998
89	protein3	212.2	8.0	2.5115078
89	r0	9.0	0.0	0.0
89	rnapol	0.0	0.0	0.0
90	__protein1_rbs	4.2	0.0	0.0
90	__protein2_rbs	6.4	0.0	0.0
90	__protein3_rbs	4.2	0.0	0.0
90	__ribosome	43.2	0.0	0.0
90	__rnase_site_ext	11.2	0.0	0.0
90	p0	1.0	0.0	0.0
90	p1	0.8	0.0	0.0
90	p2	0.4	0.0	0.0
90	protein1	244.4	9.0	2.1246970000000003
90	protein2	231.2	10.4	1.91
90	protein3	217.4	8.0	2.2734127999999996
90	r0	8.8	0.0	0.0
90	rnapol	0.0	0.0	0.0
91	__protein1_rbs	5.0	0.0	0.0
91	__protein2_rbs	4.6	0.0	0.0
91	__protein3_rbs	4.8	0.0	0.0
91	__ribosome	42.2	0.0	0.0
91	__rnase_site_ext	11.0	0.0	0.0
91	p0	1.0	0.0	0.0
91	p1	1.0	0.0	0.0
91	p2	0.2	0.0	0.0
91	protein1	247.4	8.8	2.2281817999999998
91	protein2	235.0	10.4	2.0805628
91	protein3	221.8	8.0	2.1504762000000004
91	r0	8.6	0.0	0.0
91	rnapol	0.0	0.0	0.0
92	__protein1_rbs	3.6	0.0	0.0
92	__protein2_rbs	4.8	0.0	0.0
92	__protein3_rbs	4.0	0.0	0.0
92	__ribosome	36.2	0.0	0.0
92	__rnase_site_ext	11.2	0.0	0.0
92	p0	1.0	0.0	0.0
92	p1	1.0	0.0	0.0
92	p2	0.2	0.0	0.0
92	protein1	250.8	8.6	2.504091
92	protein2	237.8	10.4	2.3586148
92	protein3	225.0	8.4	2.195
92	r0	8.6	0.0	0.0
92	rnapol	0.0	0.0	0.0
93	__protein1_rbs	6.4	0.0	0.0
93	__protein2_rbs	6.6	0.0	0.0
93	__protein3_rbs	4.4	0.0	0.0
93	__ribosome	36.6	0.0	0.0
93	__rnase_site_ext	11.0	0.0	0.0
93	p0	1.0	0.0	0.0
93	p1	1.0	0.0	0.0
93	p2	0.2	0.0	0.0
93	protein1	253.8	8.6	2.3977272000000003
93	protein2	242.4	10.4	2.2403464
93	protein3	227.4	8.6	2.3142857999999995
93	r0	8.6	0.0	0.0
93	rnapol	0.0	0.0	0.0
94	__protein1_rbs	5.8	0.0	0.0
94	__protein2_rbs	5.6	0.0	0.0
94	__protein3_rbs	4.8	0.0	0.0
94	__ribosome	38.4	0.0	0.0
94	__rnase_site_ext	11.0	0.0	0.0
94	p0	1.0	0.0	0.0
94	p1	1.0	0.0	0.0
94	p2	0.2	0.0	0.0
94	protein1	258.6	8.6	2.2298484
94	protein2	246.8	10.2	2.2871428000000003
94	protein3	231.6	9.2	2.1340404
94	r0	8.6	0.0	0.0
94	rnapol	0.0	0.0	0.0
95	__protein1_rbs	4.6	0.0	0.0
95	__protein2_rbs	6.6	0.0	0.0
95	__protein3_rbs	5.0	0.0	0.0
95	__ribosome	39.0	0.0	0.0
95	__rnase_site_ext	11.2	0.0	0.0
95	p0	1.0	0.0	0.0
95	p1	1.0	0.0	0.0
95	p2	0.6	0.0	0.0
95	protein1	263.2	8.6	2.0934848
95	protein2	250.6	10.2	2.2576192
95	protein3	234.6	9.2	2.221111
95	r0	8.6	0.0	0.0
95	rnapol	0.0	0.0	0.0
96	__protein1_rbs	5.8	0.0	0.0
96	__protein2_rbs	3.8	0.0	0.0
96	__protein3_rbs	4.6	0.0	0.0
96	__ribosome	38.6	0.0	0.0
96	__rnase_site_ext	11.2	0.0	0.0
96	p0	0.8	0.0	0.0
96	p1	0.8	0.0	0.0
96	p2	0.8	0.0	0.0
96	protein1	266.8	8.6	1.950303
96	protein2	256.0	10.0	2.3733334
96	protein3	238.0	9.8	2.2181818
96	r0	8.6	0.0	0.0
96	rnapol	0.0	0.0	0.0
97	__protein1_rbs	3.6	0.0	0.0
97	__protein2_rbs	6.0	0.0	0.0
97	__protein3_rbs	6.0	0.0	0.0
97	__ribosome	40.4	0.0	0.0
97	__rnase_site_ext	11.2	0.0	0.0
97	p0	0.8	0.0	0.0
97	p1	0.8	0.0	0.0
97	p2	1.0	0.0	0.0
97	protein1	272.0	8.6	1.9201516
97	protein2	260.6	10.0	2.27
97	protein3	242.6	10.2	2.0947476000000003
97	r0	8.8	0.0	0.0
97	rnapol	0.0	0.0	0.0
98	__protein1_rbs	5.0	0.0	0.0
98	__protein2_rbs	6.8	0.0	0.0
98	__protein3_rbs	5.4	0.0	0.0
98	__ribosome	39.0	0.0	0.0
98	__rnase_site_ext	11.4	0.0	0.0
98	p0	0.8	0.0	0.0
98	p1	1.0	0.0	0.0
98	p2	0.8	0.0	0.0
98	protein1	275.0	8.8	1.970707
98	protein2	265.2	10.0	2.0749204000000003
98	protein3	245.8	10.6	2.2215152000000002
98	r0	8.8	0.0	0.0
98	rnapol	0.2	0.0	0.0
99	__protein1_rbs	4.8	0.0	0.0
99	__protein2_rbs	6.8	0.0	0.0
99	__protein3_rbs	5.4	0.0	0.0
99	__ribosome	38.4	0.0	0.0
99	__rnase_site_ext	11.6	0.0	0.0
99	p0	0.6	0.0	0.0
99	p1	1.0	0.0	0.0
99	p2	1.0	0.0	0.0
99	protein1	277.2	8.8	2.080101
99	protein2	269.4	9.4	2.0834054
99	protein3	250.2	11.2	2.1462706000000003
99	r0	9.0	0.0	0.0
99	rnapol	0.2	0.0	0.0
100	__protein1_rbs	5.0	0.0	0.0
100	__protein2_rbs	4.8	0.0	0.0
100	__protein3_rbs	6.8	0.0	0.0
100	__ribosome	36.4	0.0	0.0
100	__rnase_site_ext	12.0	0.0	0.0
100	p0	0.8	0.0	0.0
100	p1	1.0	0.0	0.0
100	p2	1.0	0.0	0.0
100	protein1	280.8	8.8	2.1244444
100	protein2	273.2	9.4	2.1556420000000003
100	protein3	253.8	11.2	2.2145454
100	r0	8.8	0.0	0.0
100	rnapol	0.4	0.0	0.0
101	__protein1_rbs	5.8	0.0	0.0
101	__protein2_rbs	4.6	0.0	0.0
101	__protein3_rbs	6.0	0.0	0.0
101	__ribosome	38.6	0.0	0.0
101	__rnase_site_ext	12.2	0.0	0.0
101	p0	0.6	0.0	0.0
101	p1	1.0	0.0	0.0
101	p2	0.8	0.0	0.0
101	protein1	284.0	8.8	2.1618758
101	protein2	278.4	9.4	2.1206925999999995
101	protein3	259.6	11.2	2.0372028
101	r0	9.2	0.0	0.0
101	rnapol	0.2	0.0	0.0
102	__protein1_rbs	4.2	0.0	0.0
102	__protein2_rbs	5.4	0.0	0.0
102	__protein3_rbs	6.8	0.0	0.0
102	__ribosome	37.6	0.0	0.0
102	__rnase_site_ext	12.6	0.0	0.0
102	p0	0.6	0.0	0.0
102	p1	1.0	0.0	0.0
102	p2	1.0	0.0	0.0
102	protein1	288.6	9.4	2.0736364
102	protein2	282.0	9.4	2.1261762
102	protein3	263.8	11.4	2.0246154
102	r0	9.6	0.0	0.0
102	rnapol	0.0	0.0	0.0
103	__protein1_rbs	6.0	0.0	0.0
103	__protein2_rbs	4.2	0.0	0.0
103	__protein3_rbs	4.8	0.0	0.0
103	__ribosome	35.6	0.0	0.0
103	__rnase_site_ext	13.2	0.0	0.0
103	p0	0.6	0.0	0.0
103	p1	1.0	0.0	0.0
103	p2	0.8	0.0	0.0
103	protein1	292.0	9.6	2.0372727999999998
103	protein2	286.2	9.4	2.1321212000000003
103	protein3	268.2	11.4	2.1907692
103	r0	10.0	0.0	0.0
103	rnapol	0.0	0.0	0.0
104	__protein1_rbs	5.0	0.0	0.0
104	__protein2_rbs	5.2	0.0	0.0
104	__protein3_rbs	6.2	0.0	0.0
104	__ribosome	34.2	0.0	0.0
104	__rnase_site_ext	13.2	0.0	0.0
104	p0	0.8	0.0	0.0
104	p1	1.0	0.0	0.0
104	p2	0.8	0.0	0.0
104	protein1	295.8	10.0	2.0901516
104	protein2	289.2	9.2	2.2876624
104	protein3	273.4	11.4	2.1515383999999997
104	r0	10.0	0.0	0.0
104	rnapol	0.0	0.0	0.0
105	__protein1_rbs	6.0	0.0	0.0
105	__protein2_rbs	5.4	0.0	0.0
105	__protein3_rbs	7.4	0.0	0.0
105	__ribosome	34.8	0.0	0.0
105	__rnase_site_ext	12.6	0.0	0.0
105	p0	0.6	0.0	0.0
105	p1	0.6	0.0	0.0
105	p2	1.0	0.0	0.0
105	protein1	299.8	10.4	2.0444444
105	protein2	293.4	9.2	2.217987
105	protein3	277.6	11.4	2.1247008000000003
105	r0	10.2	0.0	0.0
105	rnapol	0.2	0.0	0.0
106	__protein1_rbs	6.0	0.0	0.0
106	__protein2_rbs	4.0	0.0	0.0
106	__protein3_rbs	6.4	0.0	0.0
106	__ribosome	32.2	0.0	0.0
106	__rnase_site_ext	12.8	0.0	0.0
106	p0	1.0	0.0	0.0
106	p1	0.4	0.0	0.0
106	p2	1.0	0.0	0.0
106	protein1	302.8	10.0	2.2122222
106	protein2	296.8	9.2	2.3375324
106	protein3	282.0	11.2	2.2492308000000003
106	r0	10.0	0.0	0.0
106	rnapol	0.2	0.0	0.0
107	__protein1_rbs	5.8	0.0	0.0
107	__protein2_rbs	4.8	0.0	0.0
107	__protein3_rbs	6.6	0.0	0.0
107	__ribosome	35.0	0.0	0.0
107	__rnase_site_ext	12.8	0.0	0.0
107	p0	0.8	0.0	0.0
107	p1	0.8	0.0	0.0
107	p2	1.0	0.0	0.0
107	protein1	307.8	10.2	2.1454546000000003
107	protein2	301.4	9.6	2.1805556
107	protein3	288.0	11.2	2.0582906000000003
107	r0	10.2	0.0	0.0
107	rnapol	0.2	0.0	0.0
108	__protein1_rbs	6.2	0.0	0.0
108	__protein2_rbs	5.6	0.0	0.0
108	__protein3_rbs	7.2	0.0	0.0
108	__ribosome	35.8	0.0	0.0
108	__rnase_site_ext	12.6	0.0	0.0
108	p0	0.8	0.0	0.0
108	p1	0.2	0.0	0.0
108	p2	1.0	0.0	0.0
108	protein1	311.4	10.2	2.1411618
108	protein2	305.8	9.4	2.1655556
108	protein3	292.4	11.2	2.0757263999999997
108	r0	10.2	0.0	0.0
108	rnapol	0.0	0.0	0.0
109	__protein1_rbs	6.6	0.0	0.0
109	__protein2_rbs	5.2	0.0	0.0
109	__protein3_rbs	6.6	0.0	0.0
109	__ribosome	35.2	0.0	0.0
109	__rnase_site_ext	12.8	0.0	0.0
109	p0	1.0	0.0	0.0
109	p1	0.2	0.0	0.0
109	p2	1.0	0.0	0.0
109	protein1	315.2	10.2	2.1123232000000005
109	protein2	309.4	9.6	2.1929293999999997
109	protein3	296.8	11.0	2.1484616
109	r0	10.2	0.0	0.0
109	rnapol	0.0	0.0	0.0
110	__protein1_rbs	5.2	0.0	0.0
110	__protein2_rbs	6.6	0.0	0.0
110	__protein3_rbs	6.0	0.0	0.0
110	__ribosome	35.0	0.0	0.0
110	__rnase_site_ext	12.8	0.0	0.0
110	p0	1.0	0.0	0.0
110	p1	0.8	0.0	0.0
110	p2	1.0	0.0	0.0
110	protein1	320.4	10.2	2.0263636000000003
110	protein2	312.6	10.4	2.0845222
110	protein3	301.8	11.0	2.1251282000000002
110	r0	10.2	0.0	0.0
110	rnapol	0.0	0.0	0.0
111	__protein1_rbs	6.2	0.0	0.0
111	__protein2_rbs	6.8	0.0	0.0
111	__protein3_rbs	6.8	0.0	0.0
111	__ribosome	36.0	0.0	0.0
111	__rnase_site_ext	12.8	0.0	0.0
111	p0	0.8	0.0	0.0
111	p1	0.6	0.0	0.0
111	p2	0.6	0.0	0.0
111	protein1	324.2	10.2	2.0481818
111	protein2	317.2	10.4	1.9479254
111	protein3	306.0	10.8	2.1786246
111	r0	10.2	0.0	0.0
111	rnapol	0.0	0.0	0.0
112	__protein1_rbs	5.6	0.0	0.0
112	__protein2_rbs	5.6	0.0	0.0
112	__protein3_rbs	6.2	0.0	0.0
112	__ribosome	35.2	0.0	0.0
112	__rnase_site_ext	12.8	0.0	0.0
112	p0	1.0	0.0	0.0
112	p1	0.4	0.0	0.0
112	p2	0.4	0.0	0.0
112	protein1	327.8	10.2	2.1102022
112	protein2	321.8	10.8	1.8884227999999998
112	protein3	311.0	10.8	2.142191
112	r0	10.4	0.0	0.0
112	rnapol	0.0	0.0	0.0
113	__protein1_rbs	6.8	0.0	0.0
113	__protein2_rbs	6.4	0.0	0.0
113	__protein3_rbs	5.6	0.0	0.0
113	__ribosome	35.2	0.0	0.0
113	__rnase_site_ext	12.8	0.0	0.0
113	p0	1.0	0.0	0.0
113	p1	0.8	0.0	0.0
113	p2	0.6	0.0	0.0
113	protein1	332.4	10.0	2.0062626000000003
113	protein2	325.6	11.2	1.8822221999999997
113	protein3	314.8	10.6	2.2984684
113	r0	10.0	0.0	0.0
113	rnapol	0.0	0.0	0.0
114	__protein1_rbs	6.8	0.0	0.0
114	__protein2_rbs	7.0	0.0	0.0
114	__protein3_rbs	6.2	0.0	0.0
114	__ribosome	35.6	0.0	0.0
114	__rnase_site_ext	12.8	0.0	0.0
114	p0	0.8	0.0	0.0
114	p1	0.6	0.0	0.0
114	p2	0.0	0.0	0.0
114	protein1	336.0	10.0	1.9978281999999998
114	protein2	329.8	11.4	1.900513
114	protein3	319.2	10.6	2.260676
114	r0	10.0	0.0	0.0
114	rnapol	0.0	0.0	0.0
115	__protein1_rbs	5.0	0.0	0.0
115	__protein2_rbs	5.8	0.0	0.0
115	__protein3_rbs	6.2	0.0	0.0
115	__ribosome	37.0	0.0	0.0
115	__rnase_site_ext	13.0	0.0	0.0
115	p0	1.0	0.0	0.0
115	p1	0.6	0.0	0.0
115	p2	0.8	0.0	0.0
115	protein1	341.4	10.0	1.9093938
115	protein2	334.6	11.4	1.9641024
115	protein3	325.2	10.8	2.0566932
115	r0	10.0	0.0	0.0
115	rnapol	0.0	0.0	0.0
116	__protein1_rbs	5.6	0.0	0.0
116	__protein2_rbs	6.0	0.0	0.0
116	__protein3_rbs	6.6	0.0	0.0
116	__ribosome	34.0	0.0	0.0
116	__rnase_site_ext	13.0	0.0	0.0
116	p0	1.0	0.0	0.0
116	p1	0.6	0.0	0.0
116	p2	0.6	0.0	0.0
116	protein1	344.8	10.2	1.9542424
116	protein2	337.8	11.4	2.16
116	protein3	330.0	10.8	2.0231168
116	r0	10.2	0.0	0.0
116	rnapol	0.0	0.0	0.0
117	__protein1_rbs	5.6	0.0	0.0
117	__protein2_rbs	7.2	0.0	0.0
117	__protein3_rbs	4.8	0.0	0.0
117	__ribosome	32.4	0.0	0.0
117	__rnase_site_ext	12.4	0.0	0.0
117	p0	1.0	0.0	0.0
117	p1	0.8	0.0	0.0
117	p2	0.4	0.0	0.0
117	protein1	348.8	10.2	1.939091
117	protein2	342.6	11.6	2.101795
117	protein3	333.2	10.6	2.2472026
117	r0	10.2	0.0	0.0
117	rnapol	0.0	0.0	0.0
118	__protein1_rbs	6.0	0.0	0.0
118	__protein2_rbs	6.0	0.0	0.0
118	__protein3_rbs	8.4	0.0	0.0
118	__ribosome	32.2	0.0	0.0
118	__rnase_site_ext	12.4	0.0	0.0
118	p0	1.0	0.0	0.0
118	p1	1.0	0.0	0.0
118	p2	0.4	0.0	0.0
118	protein1	352.4	10.0	2.0218182000000002
118	protein2	346.6	11.8	2.2606062
118	protein3	338.6	11.4	1.8670273999999998
118	r0	9.6	0.0	0.0
118	rnapol	0.0	0.0	0.0
119	__protein1_rbs	4.2	0.0	0.0
119	__protein2_rbs	6.4	0.0	0.0
119	__protein3_rbs	6.2	0.0	0.0
119	__ribosome	30.4	0.0	0.0
119	__rnase_site_ext	12.4	0.0	0.0
119	p0	1.0	0.0	0.0
119	p1	1.0	0.0	0.0
119	p2	0.6	0.0	0.0
119	protein1	355.4	9.0	2.5288890000000004
119	protein2	351.4	11.8	2.1769263999999997
119	protein3	343.4	11.4	1.9025254
119	r0	9.0	0.0	0.0
119	rnapol	0.0	0.0	0.0
120	__protein1_rbs	6.6	0.0	0.0
120	__protein2_rbs	6.6	0.0	0.0
120	__protein3_rbs	8.0	0.0	0.0
120	__ribosome	33.4	0.0	0.0
120	__rnase_site_ext	12.4	0.0	0.0
120	p0	1.0	0.0	0.0
120	p1	0.8	0.0	0.0
120	p2	0.4	0.0	0.0
120	protein1	360.0	9.0	2.2480807999999994
120	protein2	357.0	11.8	2.1405196
120	protein3	347.0	11.6	1.9111831999999997
120	r0	9.0	0.0	0.0
120	rnapol	0.0	0.0	0.0
121	__protein1_rbs	6.0	0.0	0.0
121	__protein2_rbs	7.4	0.0	0.0
121	__protein3_rbs	6.2	0.0	0.0
121	__ribosome	33.8	0.0	0.0
121	__rnase_site_ext	12.2	0.0	0.0
121	p0	1.0	0.0	0.0
121	p1	1.0	0.0	0.0
121	p2	0.6	0.0	0.0
121	protein1	363.6	8.8	2.219192
121	protein2	361.8	11.8	2.052168
121	protein3	351.0	11.8	1.9753968000000002
121	r0	8.8	0.0	0.0
121	rnapol	0.4	0.0	0.0
122	__protein1_rbs	5.6	0.0	0.0
122	__protein2_rbs	6.0	0.0	0.0
122	__protein3_rbs	7.6	0.0	0.0
122	__ribosome	35.6	0.0	0.0
122	__rnase_site_ext	12.4	0.0	0.0
122	p0	0.8	0.0	0.0
122	p1	1.0	0.0	0.0
122	p2	0.6	0.0	0.0
122	protein1	368.0	8.8	2.0525252000000003
122	protein2	367.8	11.6	2.0684616
122	protein3	355.8	12.2	1.869194
122	r0	8.6	0.0	0.0
122	rnapol	0.2	0.0	0.0
123	__protein1_rbs	5.4	0.0	0.0
123	__protein2_rbs	7.4	0.0	0.0
123	__protein3_rbs	5.0	0.0	0.0
123	__ribosome	36.6	0.0	0.0
123	__rnase_site_ext	12.8	0.0	0.0
123	p0	0.8	0.0	0.0
123	p1	1.0	0.0	0.0
123	p2	0.8	0.0	0.0
123	protein1	373.2	8.4	1.8169698
123	protein2	372.8	11.2	2.0257266
123	protein3	359.8	12.4	2.0815384
123	r0	8.8	0.0	0.0
123	rnapol	0.0	0.0	0.0
124	__protein1_rbs	6.2	0.0	0.0
124	__protein2_rbs	5.6	0.0	0.0
124	__protein3_rbs	6.8	0.0	0.0
124	__ribosome	34.0	0.0	0.0
124	__rnase_site_ext	13.0	0.0	0.0
124	p0	0.2	0.0	0.0
124	p1	0.8	0.0	0.0
124	p2	1.0	0.0	0.0
124	protein1	375.8	9.0	1.8244446
124	protein2	376.8	10.8	2.249798
124	protein3	364.8	12.4	2.1207692000000002
124	r0	9.0	0.0	0.0
124	rnapol	0.0	0.0	0.0
125	__protein1_rbs	5.6	0.0	0.0
125	__protein2_rbs	7.6	0.0	0.0
125	__protein3_rbs	5.6	0.0	0.0
125	__ribosome	33.2	0.0	0.0
125	__rnase_site_ext	13.6	0.0	0.0
125	p0	0.6	0.0	0.0
125	p1	1.0	0.0	0.0
125	p2	1.0	0.0	0.0
125	protein1	379.4	9.2	1.7899999999999998
125	protein2	381.2	11.0	2.1252527999999997
125	protein3	369.2	12.4	2.236923
125	r0	9.8	0.0	0.0
125	rnapol	0.0	0.0	0.0
126	__protein1_rbs	5.4	0.0	0.0
126	__protein2_rbs	7.0	0.0	0.0
126	__protein3_rbs	7.6	0.0	0.0
126	__ribosome	31.8	0.0	0.0
126	__rnase_site_ext	13.4	0.0	0.0
126	p0	1.0	0.0	0.0
126	p1	1.0	0.0	0.0
126	p2	0.8	0.0	0.0
126	protein1	382.6	9.6	1.8646154
126	protein2	386.0	10.8	2.1085857999999997
126	protein3	373.6	12.6	2.2579484
126	r0	9.8	0.0	0.0
126	rnapol	0.0	0.0	0.0
127	__protein1_rbs	5.8	0.0	0.0
127	__protein2_rbs	6.8	0.0	0.0
127	__protein3_rbs	7.2	0.0	0.0
127	__ribosome	31.6	0.0	0.0
127	__rnase_site_ext	13.4	0.0	0.0
127	p0	0.8	0.0	0.0
127	p1	1.0	0.0	0.0
127	p2	0.8	0.0	0.0
127	protein1	385.0	9.8	2.0537064000000003
127	protein2	392.0	10.8	1.9176768
127	protein3	378.2	12.8	2.2246884
127	r0	9.8	0.0	0.0
127	rnapol	0.2	0.0	0.0
128	__protein1_rbs	6.0	0.0	0.0
128	__protein2_rbs	7.0	0.0	0.0
128	__protein3_rbs	8.8	0.0	0.0
128	__ribosome	34.0	0.0	0.0
128	__rnase_site_ext	13.4	0.0	0.0
128	p0	0.8	0.0	0.0
128	p1	1.0	0.0	0.0
128	p2	1.0	0.0	0.0
128	protein1	388.2	9.6	2.0452216
128	protein2	395.4	10.6	1.9876768
128	protein3	384.2	12.8	2.0793038
128	r0	9.6	0.0	0.0
128	rnapol	0.2	0.0	0.0
129	__protein1_rbs	6.2	0.0	0.0
129	__protein2_rbs	5.8	0.0	0.0
129	__protein3_rbs	7.8	0.0	0.0
129	__ribosome	35.2	0.0	0.0
129	__rnase_site_ext	13.4	0.0	0.0
129	p0	0.8	0.0	0.0
129	p1	1.0	0.0	0.0
129	p2	0.8	0.0	0.0
129	protein1	391.8	9.6	1.9282828
129	protein2	400.0	10.6	2.0132324
129	protein3	390.0	12.8	2.0185348000000003
129	r0	10.0	0.0	0.0
129	rnapol	0.6	0.0	0.0
130	__protein1_rbs	4.6	0.0	0.0
130	__protein2_rbs	5.6	0.0	0.0
130	__protein3_rbs	6.0	0.0	0.0
130	__ribosome	34.0	0.0	0.0
130	__rnase_site_ext	13.8	0.0	0.0
130	p0	0.2	0.0	0.0
130	p1	0.8	0.0	0.0
130	p2	1.0	0.0	0.0
130	protein1	395.8	9.6	2.0475756
130	protein2	404.6	10.4	2.0783334
130	protein3	396.0	12.8	2.0107326000000003
130	r0	9.8	0.0	0.0
130	rnapol	0.0	0.0	0.0
131	__protein1_rbs	5.4	0.0	0.0
131	__protein2_rbs	5.2	0.0	0.0
131	__protein3_rbs	7.4	0.0	0.0
131	__ribosome	33.8	0.0	0.0
131	__rnase_site_ext	13.8	0.0	0.0
131	p0	1.0	0.0	0.0
131	p1	0.2	0.0	0.0
131	p2	1.0	0.0	0.0
131	protein1	400.0	9.6	2.139394
131	protein2	408.2	10.4	2.1718182
131	protein3	402.0	12.8	1.9460072
131	r0	10.2	0.0	0.0
131	rnapol	0.0	0.0	0.0
132	__protein1_rbs	4.6	0.0	0.0
132	__protein2_rbs	7.2	0.0	0.0
132	__protein3_rbs	6.8	0.0	0.0
132	__ribosome	32.0	0.0	0.0
132	__rnase_site_ext	13.4	0.0	0.0
132	p0	0.6	0.0	0.0
132	p1	0.6	0.0	0.0
132	p2	1.0	0.0	0.0
132	protein1	403.6	9.8	2.1518182
132	protein2	413.0	10.8	1.97
132	protein3	405.8	12.6	2.131062
132	r0	9.8	0.0	0.0
132	rnapol	0.0	0.0	0.0
133	__protein1_rbs	5.8	0.0	0.0
133	__protein2_rbs	6.4	0.0	0.0
133	__protein3_rbs	7.8	0.0	0.0
133	__ribosome	30.2	0.0	0.0
133	__rnase_site_ext	13.8	0.0	0.0
133	p0	1.0	0.0	0.0
133	p1	0.2	0.0	0.0
133	p2	1.0	0.0	0.0
133	protein1	407.2	9.8	2.1878787999999996
133	protein2	416.4	11.2	1.953788
133	protein3	410.4	12.6	2.1562768
133	r0	9.8	0.0	0.0
133	rnapol	0.0	0.0	0.0
134	__protein1_rbs	6.6	0.0	0.0
134	__protein2_rbs	6.4	0.0	0.0
134	__protein3_rbs	7.6	0.0	0.0
134	__ribosome	30.2	0.0	0.0
134	__rnase_site_ext	13.6	0.0	0.0
134	p0	1.0	0.0	0.0
134	p1	0.6	0.0	0.0
134	p2	1.0	0.0	0.0
134	protein1	410.0	9.8	2.1618182
134	protein2	421.4	11.4	1.9954214
134	protein3	415.8	12.6	2.1125542
134	r0	10.0	0.0	0.0
134	rnapol	0.0	0.0	0.0
135	__protein1_rbs	6.2	0.0	0.0
135	__protein2_rbs	6.4	0.0	0.0
135	__protein3_rbs	8.8	0.0	0.0
135	__ribosome	31.2	0.0	0.0
135	__rnase_site_ext	13.6	0.0	0.0
135	p0	1.0	0.0	0.0
135	p1	0.8	0.0	0.0
135	p2	1.0	0.0	0.0
135	protein1	414.0	9.8	2.138788
135	protein2	424.8	11.4	2.05
135	protein3	421.6	12.6	1.9824675999999999
135	r0	9.8	0.0	0.0
135	rnapol	0.0	0.0	0.0
136	__protein1_rbs	6.4	0.0	0.0
136	__protein2_rbs	7.6	0.0	0.0
136	__protein3_rbs	7.2	0.0	0.0
136	__ribosome	33.2	0.0	0.0
136	__rnase_site_ext	13.6	0.0	0.0
136	p0	1.0	0.0	0.0
136	p1	0.6	0.0	0.0
136	p2	0.6	0.0	0.0
136	protein1	418.6	9.6	2.0593938
136	protein2	430.0	11.0	2.0144322
136	protein3	426.2	12.6	2.0491342
136	r0	9.6	0.0	0.0
136	rnapol	0.2	0.0	0.0
137	__protein1_rbs	4.6	0.0	0.0
137	__protein2_rbs	7.8	0.0	0.0
137	__protein3_rbs	6.0	0.0	0.0
137	__ribosome	33.8	0.0	0.0
137	__rnase_site_ext	13.8	0.0	0.0
137	p0	0.8	0.0	0.0
137	p1	0.4	0.0	0.0
137	p2	0.2	0.0	0.0
137	protein1	424.0	9.6	2.0484848
137	protein2	434.0	10.8	1.9933334000000005
137	protein3	432.0	12.6	2.1155844000000004
137	r0	9.6	0.0	0.0
137	rnapol	0.0	0.0	0.0
138	__protein1_rbs	5.2	0.0	0.0
138	__protein2_rbs	7.4	0.0	0.0
138	__protein3_rbs	7.0	0.0	0.0
138	__ribosome	34.2	0.0	0.0
138	__rnase_site_ext	13.8	0.0	0.0
138	p0	1.0	0.0	0.0
138	p1	0.8	0.0	0.0
138	p2	0.8	0.0	0.0
138	protein1	427.8	9.6	2.0344444
138	protein2	437.8	11.2	1.942341
138	protein3	437.6	12.2	2.1515150000000003
138	r0	9.8	0.0	0.0
138	rnapol	0.0	0.0	0.0
139	__protein1_rbs	6.2	0.0	0.0
139	__protein2_rbs	7.4	0.0	0.0
139	__protein3_rbs	6.4	0.0	0.0
139	__ribosome	34.4	0.0	0.0
139	__rnase_site_ext	13.8	0.0	0.0
139	p0	1.0	0.0	0.0
139	p1	0.4	0.0	0.0
139	p2	0.2	0.0	0.0
139	protein1	431.8	9.6	2.0219696
139	protein2	442.0	11.4	1.8542790000000005
139	protein3	442.2	12.2	2.1656176
139	r0	9.6	0.0	0.0
139	rnapol	0.2	0.0	0.0
140	__protein1_rbs	5.8	0.0	0.0
140	__protein2_rbs	6.6	0.0	0.0
140	__protein3_rbs	7.0	0.0	0.0
140	__ribosome	33.2	0.0	0.0
140	__rnase_site_ext	13.6	0.0	0.0
140	p0	0.8	0.0	0.0
140	p1	0.6	0.0	0.0
140	p2	0.6	0.0	0.0
140	protein1	435.2	9.4	2.0648484000000003
140	protein2	447.6	11.6	1.7600732
140	protein3	445.6	12.2	2.2824678
140	r0	9.4	0.0	0.0
140	rnapol	0.0	0.0	0.0
141	__protein1_rbs	6.4	0.0	0.0
141	__protein2_rbs	7.4	0.0	0.0
141	__protein3_rbs	7.0	0.0	0.0
141	__ribosome	34.6	0.0	0.0
141	__rnase_site_ext	13.8	0.0	0.0
141	p0	1.0	0.0	0.0
141	p1	0.6	0.0	0.0
141	p2	1.0	0.0	0.0
141	protein1	438.2	9.4	2.0336364
141	protein2	450.6	11.8	1.7322346000000002
141	protein3	452.4	12.2	2.1549084
141	r0	9.6	0.0	0.0
141	rnapol	0.0	0.0	0.0
142	__protein1_rbs	5.8	0.0	0.0
142	__protein2_rbs	6.0	0.0	0.0
142	__protein3_rbs	8.8	0.0	0.0
142	__ribosome	34.8	0.0	0.0
142	__rnase_site_ext	13.6	0.0	0.0
142	p0	1.0	0.0	0.0
142	p1	0.8	0.0	0.0
142	p2	0.6	0.0	0.0
142	protein1	442.8	9.6	1.9551513999999999
142	protein2	454.2	12.0	1.8768316
142	protein3	457.6	12.2	2.0084616000000004
142	r0	9.6	0.0	0.0
142	rnapol	0.0	0.0	0.0
143	__protein1_rbs	6.4	0.0	0.0
143	__protein2_rbs	6.8	0.0	0.0
143	__protein3_rbs	6.4	0.0	0.0
143	__ribosome	35.4	0.0	0.0
143	__rnase_site_ext	13.4	0.0	0.0
143	p0	1.0	0.0	0.0
143	p1	1.0	0.0	0.0
143	p2	0.6	0.0	0.0
143	protein1	447.6	9.4	1.7913131999999998
143	protein2	457.6	11.8	2.0321428
143	protein3	463.8	12.6	1.9235166000000001
143	r0	9.4	0.0	0.0
143	rnapol	0.0	0.0	0.0
144	__protein1_rbs	6.2	0.0	0.0
144	__protein2_rbs	6.2	0.0	0.0
144	__protein3_rbs	7.0	0.0	0.0
144	__ribosome	32.6	0.0	0.0
144	__rnase_site_ext	13.4	0.0	0.0
144	p0	1.0	0.0	0.0
144	p1	1.0	0.0	0.0
144	p2	0.4	0.0	0.0
144	protein1	450.4	9.4	1.9042424
144	protein2	462.8	11.8	2.0782966
144	protein3	467.4	12.8	2.0071928
144	r0	9.2	0.0	0.0
144	rnapol	0.0	0.0	0.0
145	__protein1_rbs	4.4	0.0	0.0
145	__protein2_rbs	8.2	0.0	0.0
145	__protein3_rbs	8.0	0.0	0.0
145	__ribosome	33.2	0.0	0.0
145	__rnase_site_ext	13.0	0.0	0.0
145	p0	1.0	0.0	0.0
145	p1	0.8	0.0	0.0
145	p2	0.2	0.0	0.0
145	protein1	454.4	9.0	1.9986363999999999
145	protein2	467.0	11.6	2.0690642
145	protein3	472.2	12.8	2.0082916
145	r0	9.0	0.0	0.0
145	rnapol	0.0	0.0	0.0
146	__protein1_rbs	5.4	0.0	0.0
146	__protein2_rbs	7.0	0.0	0.0
146	__protein3_rbs	9.4	0.0	0.0
146	__ribosome	34.2	0.0	0.0
146	__rnase_site_ext	12.8	0.0	0.0
146	p0	1.0	0.0	0.0
146	p1	0.8	0.0	0.0
146	p2	0.6	0.0	0.0
146	protein1	457.6	9.0	2.0851516
146	protein2	471.4	11.4	2.1305944
146	protein3	477.6	13.0	1.8236763999999999
146	r0	9.0	0.0	0.0
146	rnapol	0.6	0.0	0.0
147	__protein1_rbs	5.0	0.0	0.0
147	__protein2_rbs	6.4	0.0	0.0
147	__protein3_rbs	8.2	0.0	0.0
147	__ribosome	32.8	0.0	0.0
147	__rnase_site_ext	13.2	0.0	0.0
147	p0	0.6	0.0	0.0
147	p1	1.0	0.0	0.0
147	p2	0.6	0.0	0.0
147	protein1	461.4	9.0	2.0715152
147	protein2	476.6	11.2	2.2015152000000002
147	protein3	481.4	13.2	1.925974
147	r0	9.2	0.0	0.0
147	rnapol	0.2	0.0	0.0
148	__protein1_rbs	4.2	0.0	0.0
148	__protein2_rbs	6.8	0.0	0.0
148	__protein3_rbs	7.2	0.0	0.0
148	__ribosome	33.4	0.0	0.0
148	__rnase_site_ext	13.2	0.0	0.0
148	p0	0.8	0.0	0.0
148	p1	0.8	0.0	0.0
148	p2	1.0	0.0	0.0
148	protein1	465.0	9.0	2.1088888
148	protein2	481.0	11.0	2.171412
148	protein3	487.8	13.6	1.8374624
148	r0	9.4	0.0	0.0
148	rnapol	0.2	0.0	0.0
149	__protein1_rbs	5.8	0.0	0.0
149	__protein2_rbs	7.2	0.0	0.0
149	__protein3_rbs	7.8	0.0	0.0
149	__ribosome	33.6	0.0	0.0
149	__rnase_site_ext	13.6	0.0	0.0
149	p0	0.6	0.0	0.0
149	p1	0.8	0.0	0.0
149	p2	1.0	0.0	0.0
149	protein1	468.4	9.4	2.031111
149	protein2	485.6	10.6	2.1571096
149	protein3	492.8	13.8	1.9023376000000003
149	r0	9.4	0.0	0.0
149	rnapol	0.2	0.0	0.0
150	__protein1_rbs	5.4	0.0	0.0
150	__protein2_rbs	7.2	0.0	0.0
150	__protein3_rbs	6.8	0.0	0.0
150	__ribosome	32.6	0.0	0.0
150	__rnase_site_ext	14.2	0.0	0.0
150	p0	0.6	0.0	0.0
150	p1	1.0	0.0	0.0
150	p2	1.0	0.0	0.0
150	protein1	472.8	9.6	1.9626261999999999
150	protein2	490.2	10.6	2.05
150	protein3	497.6	14.2	2.0183334000000004
150	r0	9.6	0.0	0.0
150	rnapol	0.2	0.0	0.0
151	__protein1_rbs	6.6	0.0	0.0
151	__protein2_rbs	6.6	0.0	0.0
151	__protein3_rbs	8.4	0.0	0.0
151	__ribosome	32.0	0.0	0.0
151	__rnase_site_ext	14.2	0.0	0.0
151	p0	0.8	0.0	0.0
151	p1	1.0	0.0	0.0
151	p2	0.8	0.0	0.0
151	protein1	475.6	9.8	1.93
151	protein2	494.8	10.6	1.95
151	protein3	501.6	14.2	2.0869598000000003
151	r0	10.2	0.0	0.0
151	rnapol	0.0	0.0	0.0
152	__protein1_rbs	6.6	0.0	0.0
152	__protein2_rbs	5.2	0.0	0.0
152	__protein3_rbs	8.2	0.0	0.0
152	__ribosome	31.6	0.0	0.0
152	__rnase_site_ext	13.8	0.0	0.0
152	p0	1.0	0.0	0.0
152	p1	1.0	0.0	0.0
152	p2	0.8	0.0	0.0
152	protein1	479.4	9.8	1.8911978
152	protein2	500.2	10.4	1.930303
152	protein3	506.4	13.6	2.2551516
152	r0	10.0	0.0	0.0
152	rnapol	0.2	0.0	0.0
153	__protein1_rbs	5.8	0.0	0.0
153	__protein2_rbs	6.4	0.0	0.0
153	__protein3_rbs	8.0	0.0	0.0
153	__ribosome	33.2	0.0	0.0
153	__rnase_site_ext	14.2	0.0	0.0
153	p0	0.6	0.0	0.0
153	p1	1.0	0.0	0.0
153	p2	1.0	0.0	0.0
153	protein1	483.6	10.0	1.8409813999999998
153	protein2	504.4	10.4	1.8742425999999999
153	protein3	512.6	13.2	2.2623444
153	r0	9.8	0.0	0.0
153	rnapol	0.2	0.0	0.0
154	__protein1_rbs	5.4	0.0	0.0
154	__protein2_rbs	5.0	0.0	0.0
154	__protein3_rbs	8.8	0.0	0.0
154	__ribosome	31.6	0.0	0.0
154	__rnase_site_ext	14.0	0.0	0.0
154	p0	0.6	0.0	0.0
154	p1	1.0	0.0	0.0
154	p2	0.8	0.0	0.0
154	protein1	486.2	9.8	2.0345022
154	protein2	507.2	10.2	2.089394
154	protein3	518.6	13.0	2.172088
154	r0	10.2	0.0	0.0
154	rnapol	0.2	0.0	0.0
155	__protein1_rbs	5.4	0.0	0.0
155	__protein2_rbs	7.2	0.0	0.0
155	__protein3_rbs	8.6	0.0	0.0
155	__ribosome	33.2	0.0	0.0
155	__rnase_site_ext	14.2	0.0	0.0
155	p0	1.0	0.0	0.0
155	p1	0.8	0.0	0.0
155	p2	1.0	0.0	0.0
155	protein1	489.6	10.2	2.1327776000000003
155	protein2	511.4	9.8	2.0003032
155	protein3	525.0	13.2	2.0080496
155	r0	10.0	0.0	0.0
155	rnapol	0.4	0.0	0.0
156	__protein1_rbs	6.4	0.0	0.0
156	__protein2_rbs	6.0	0.0	0.0
156	__protein3_rbs	7.6	0.0	0.0
156	__ribosome	33.0	0.0	0.0
156	__rnase_site_ext	14.2	0.0	0.0
156	p0	0.6	0.0	0.0
156	p1	0.6	0.0	0.0
156	p2	1.0	0.0	0.0
156	protein1	493.4	10.4	2.0990598
156	protein2	515.2	9.8	2.0436363999999996
156	protein3	530.4	13.0	2.0134616000000003
156	r0	10.6	0.0	0.0
156	rnapol	0.2	0.0	0.0
157	__protein1_rbs	6.6	0.0	0.0
157	__protein2_rbs	6.0	0.0	0.0
157	__protein3_rbs	7.6	0.0	0.0
157	__ribosome	35.4	0.0	0.0
157	__rnase_site_ext	14.2	0.0	0.0
157	p0	1.0	0.0	0.0
157	p1	0.4	0.0	0.0
157	p2	1.0	0.0	0.0
157	protein1	497.2	10.4	2.1184613999999997
157	protein2	520.4	9.8	1.858788
157	protein3	536.2	12.8	1.9772436
157	r0	10.6	0.0	0.0
157	rnapol	0.2	0.0	0.0
158	__protein1_rbs	5.0	0.0	0.0
158	__protein2_rbs	5.4	0.0	0.0
158	__protein3_rbs	9.0	0.0	0.0
158	__ribosome	33.6	0.0	0.0
158	__rnase_site_ext	14.4	0.0	0.0
158	p0	0.8	0.0	0.0
158	p1	0.4	0.0	0.0
158	p2	1.0	0.0	0.0
158	protein1	501.2	10.6	2.2866422
158	protein2	523.6	10.2	1.9295572
158	protein3	541.2	12.6	1.9284190000000003
158	r0	10.6	0.0	0.0
158	rnapol	0.0	0.0	0.0
159	__protein1_rbs	6.6	0.0	0.0
159	__protein2_rbs	6.6	0.0	0.0
159	__protein3_rbs	6.8	0.0	0.0
159	__ribosome	35.2	0.0	0.0
159	__rnase_site_ext	14.4	0.0	0.0
159	p0	1.0	0.0	0.0
159	p1	0.4	0.0	0.0
159	p2	1.0	0.0	0.0
159	protein1	506.0	10.6	2.1060744
159	protein2	528.2	10.6	1.7934734
159	protein3	546.8	12.6	1.9340811999999998
159	r0	10.8	0.0	0.0
159	rnapol	0.0	0.0	0.0
160	__protein1_rbs	5.4	0.0	0.0
160	__protein2_rbs	6.0	0.0	0.0
160	__protein3_rbs	7.4	0.0	0.0
160	__ribosome	33.6	0.0	0.0
160	__rnase_site_ext	13.8	0.0	0.0
160	p0	1.0	0.0	0.0
160	p1	0.6	0.0	0.0
160	p2	1.0	0.0	0.0
160	protein1	511.2	10.8	1.973614
160	protein2	531.0	10.8	1.8820514
160	protein3	550.6	12.6	1.9772433999999997
160	r0	10.8	0.0	0.0
160	rnapol	0.2	0.0	0.0
161	__protein1_rbs	7.0	0.0	0.0
161	__protein2_rbs	7.0	0.0	0.0
161	__protein3_rbs	8.0	0.0	0.0
161	__ribosome	34.6	0.0	0.0
161	__rnase_site_ext	13.6	0.0	0.0
161	p0	0.8	0.0	0.0
161	p1	0.6	0.0	0.0
161	p2	0.8	0.0	0.0
161	protein1	513.6	10.6	2.0945238
161	protein2	534.8	10.8	1.8727474
161	protein3	556.0	12.6	1.8475426
161	r0	10.2	0.0	0.0
161	rnapol	0.0	0.0	0.0
162	__protein1_rbs	6.2	0.0	0.0
162	__protein2_rbs	6.6	0.0	0.0
162	__protein3_rbs	7.2	0.0	0.0
162	__ribosome	35.0	0.0	0.0
162	__rnase_site_ext	13.6	0.0	0.0
162	p0	1.0	0.0	0.0
162	p1	0.2	0.0	0.0
162	p2	0.4	0.0	0.0
162	protein1	519.4	10.2	1.9964414
162	protein2	538.2	10.8	1.9551281999999999
162	protein3	560.4	12.6	1.8993588
162	r0	10.0	0.0	0.0
162	rnapol	0.0	0.0	0.0
163	__protein1_rbs	6.8	0.0	0.0
163	__protein2_rbs	6.0	0.0	0.0
163	__protein3_rbs	6.6	0.0	0.0
163	__ribosome	34.8	0.0	0.0
163	__rnase_site_ext	13.4	0.0	0.0
163	p0	1.0	0.0	0.0
163	p1	0.4	0.0	0.0
163	p2	0.2	0.0	0.0
163	protein1	523.2	10.0	2.044753
163	protein2	542.4	11.2	1.924359
163	protein3	565.2	12.2	1.967026
163	r0	10.0	0.0	0.0
163	rnapol	0.0	0.0	0.0
164	__protein1_rbs	5.0	0.0	0.0
164	__protein2_rbs	6.4	0.0	0.0
164	__protein3_rbs	7.0	0.0	0.0
164	__ribosome	34.2	0.0	0.0
164	__rnase_site_ext	13.4	0.0	0.0
164	p0	0.8	0.0	0.0
164	p1	0.8	0.0	0.0
164	p2	0.4	0.0	0.0
164	protein1	527.4	10.0	2.1227148
164	protein2	546.8	11.6	1.9227473999999998
164	protein3	570.6	11.4	2.0627374
164	r0	10.0	0.0	0.0
164	rnapol	0.0	0.0	0.0
165	__protein1_rbs	6.2	0.0	0.0
165	__protein2_rbs	6.2	0.0	0.0
165	__protein3_rbs	5.8	0.0	0.0
165	__ribosome	34.0	0.0	0.0
165	__rnase_site_ext	13.4	0.0	0.0
165	p0	1.0	0.0	0.0
165	p1	0.4	0.0	0.0
165	p2	0.4	0.0	0.0
165	protein1	532.0	9.8	2.0027972
165	protein2	551.4	11.6	1.9809342
165	protein3	574.8	11.4	2.1419580000000003
165	r0	10.0	0.0	0.0
165	rnapol	0.0	0.0	0.0
166	__protein1_rbs	6.6	0.0	0.0
166	__protein2_rbs	6.6	0.0	0.0
166	__protein3_rbs	6.2	0.0	0.0
166	__ribosome	34.4	0.0	0.0
166	__rnase_site_ext	12.8	0.0	0.0
166	p0	1.0	0.0	0.0
166	p1	0.6	0.0	0.0
166	p2	0.6	0.0	0.0
166	protein1	536.4	10.0	1.8469696
166	protein2	555.4	11.6	2.0295236
166	protein3	579.4	11.2	2.1338328
166	r0	10.0	0.0	0.0
166	rnapol	0.0	0.0	0.0
167	__protein1_rbs	6.2	0.0	0.0
167	__protein2_rbs	6.6	0.0	0.0
167	__protein3_rbs	6.6	0.0	0.0
167	__ribosome	33.2	0.0	0.0
167	__rnase_site_ext	12.4	0.0	0.0
167	p0	1.0	0.0	0.0
167	p1	0.8	0.0	0.0
167	p2	0.6	0.0	0.0
167	protein1	540.0	9.8	1.8608586
167	protein2	559.0	11.8	2.053896
167	protein3	583.8	11.8	2.1023810000000003
167	r0	9.6	0.0	0.0
167	rnapol	0.0	0.0	0.0
168	__protein1_rbs	6.2	0.0	0.0
168	__protein2_rbs	7.0	0.0	0.0
168	__protein3_rbs	7.6	0.0	0.0
168	__ribosome	33.6	0.0	0.0
168	__rnase_site_ext	12.4	0.0	0.0
168	p0	1.0	0.0	0.0
168	p1	1.0	0.0	0.0
168	p2	0.4	0.0	0.0
168	protein1	543.4	9.2	1.9858586000000005
168	protein2	563.6	12.0	2.0773058
168	protein3	589.0	12.4	1.8865202
168	r0	9.2	0.0	0.0
168	rnapol	0.0	0.0	0.0
169	__protein1_rbs	5.4	0.0	0.0
169	__protein2_rbs	6.8	0.0	0.0
169	__protein3_rbs	7.8	0.0	0.0
169	__ribosome	34.0	0.0	0.0
169	__rnase_site_ext	12.2	0.0	0.0
169	p0	1.0	0.0	0.0
169	p1	1.0	0.0	0.0
169	p2	0.4	0.0	0.0
169	protein1	548.0	9.2	1.9040766
169	protein2	568.6	11.8	2.1103296
169	protein3	592.6	12.4	1.9270512
169	r0	9.0	0.0	0.0
169	rnapol	0.0	0.0	0.0
170	__protein1_rbs	5.4	0.0	0.0
170	__protein2_rbs	6.6	0.0	0.0
170	__protein3_rbs	7.8	0.0	0.0
170	__ribosome	36.0	0.0	0.0
170	__rnase_site_ext	11.8	0.0	0.0
170	p0	1.0	0.0	0.0
170	p1	0.8	0.0	0.0
170	p2	0.8	0.0	0.0
170	protein1	551.4	8.8	1.955195
170	protein2	573.6	11.8	2.1143224
170	protein3	598.4	12.4	1.8485714
170	r0	8.8	0.0	0.0
170	rnapol	0.0	0.0	0.0
171	__protein1_rbs	4.2	0.0	0.0
171	__protein2_rbs	6.8	0.0	0.0
171	__protein3_rbs	7.2	0.0	0.0
171	__ribosome	34.0	0.0	0.0
171	__rnase_site_ext	11.4	0.0	0.0
171	p0	1.0	0.0	0.0
171	p1	1.0	0.0	0.0
171	p2	0.4	0.0	0.0
171	protein1	554.4	8.6	2.1405844000000003
171	protein2	578.0	11.8	2.1392676
171	protein3	603.8	12.6	1.8325396
171	r0	8.6	0.0	0.0
171	rnapol	0.2	0.0	0.0
172	__protein1_rbs	4.6	0.0	0.0
172	__protein2_rbs	7.6	0.0	0.0
172	__protein3_rbs	7.8	0.0	0.0
172	__ribosome	34.2	0.0	0.0
172	__rnase_site_ext	11.6	0.0	0.0
172	p0	0.8	0.0	0.0
172	p1	0.8	0.0	0.0
172	p2	0.8	0.0	0.0
172	protein1	557.8	8.6	2.1030518
172	protein2	583.4	11.8	2.0343956000000003
172	protein3	607.4	12.8	1.9023811999999998
172	r0	8.4	0.0	0.0
172	rnapol	0.4	0.0	0.0
173	__protein1_rbs	5.4	0.0	0.0
173	__protein2_rbs	8.0	0.0	0.0
173	__protein3_rbs	7.2	0.0	0.0
173	__ribosome	34.4	0.0	0.0
173	__rnase_site_ext	12.2	0.0	0.0
173	p0	0.8	0.0	0.0
173	p1	1.0	0.0	0.0
173	p2	0.8	0.0	0.0
173	protein1	561.6	8.4	2.0559958000000003
173	protein2	587.4	11.6	2.0654944
173	protein3	612.0	12.8	1.9772581999999999
173	r0	8.6	0.0	0.0
173	rnapol	0.2	0.0	0.0
174	__protein1_rbs	5.6	0.0	0.0
174	__protein2_rbs	6.6	0.0	0.0
174	__protein3_rbs	7.6	0.0	0.0
174	__ribosome	32.6	0.0	0.0
174	__rnase_site_ext	12.4	0.0	0.0
174	p0	0.8	0.0	0.0
174	p1	1.0	0.0	0.0
174	p2	1.0	0.0	0.0
174	protein1	564.8	9.0	1.9255412
174	protein2	592.0	11.6	2.0643756
174	protein3	616.6	12.8	2.1295814
174	r0	9.2	0.0	0.0
174	rnapol	0.2	0.0	0.0
175	__protein1_rbs	5.8	0.0	0.0
175	__protein2_rbs	7.8	0.0	0.0
175	__protein3_rbs	6.4	0.0	0.0
175	__ribosome	32.6	0.0	0.0
175	__rnase_site_ext	12.6	0.0	0.0
175	p0	0.8	0.0	0.0
175	p1	1.0	0.0	0.0
175	p2	0.8	0.0	0.0
175	protein1	567.4	9.2	1.934127
175	protein2	596.8	11.2	2.0417826
175	protein3	622.0	12.8	2.1487013999999998
175	r0	9.4	0.0	0.0
175	rnapol	0.2	0.0	0.0
176	__protein1_rbs	5.6	0.0	0.0
176	__protein2_rbs	7.0	0.0	0.0
176	__protein3_rbs	7.2	0.0	0.0
176	__ribosome	33.4	0.0	0.0
176	__rnase_site_ext	12.6	0.0	0.0
176	p0	0.6	0.0	0.0
176	p1	1.0	0.0	0.0
176	p2	1.0	0.0	0.0
176	protein1	572.0	9.4	1.7964286
176	protein2	602.2	11.2	1.9724054
176	protein3	626.4	13.0	2.1995756
176	r0	9.4	0.0	0.0
176	rnapol	0.2	0.0	0.0
177	__protein1_rbs	5.4	0.0	0.0
177	__protein2_rbs	7.2	0.0	0.0
177	__protein3_rbs	7.2	0.0	0.0
177	__ribosome	33.4	0.0	0.0
177	__rnase_site_ext	12.8	0.0	0.0
177	p0	0.6	0.0	0.0
177	p1	1.0	0.0	0.0
177	p2	0.8	0.0	0.0
177	protein1	575.2	9.4	1.8633331999999998
177	protein2	606.8	11.2	1.915873
177	protein3	631.8	13.0	2.2099276000000003
177	r0	9.6	0.0	0.0
177	rnapol	0.0	0.0	0.0
178	__protein1_rbs	5.4	0.0	0.0
178	__protein2_rbs	6.4	0.0	0.0
178	__protein3_rbs	7.4	0.0	0.0
178	__ribosome	34.8	0.0	0.0
178	__rnase_site_ext	13.0	0.0	0.0
178	p0	0.8	0.0	0.0
178	p1	1.0	0.0	0.0
178	p2	0.8	0.0	0.0
178	protein1	578.8	9.6	1.8233334000000003
178	protein2	611.4	10.6	1.9251284
178	protein3	637.4	13.0	2.1368382
178	r0	9.8	0.0	0.0
178	rnapol	0.0	0.0	0.0
179	__protein1_rbs	7.0	0.0	0.0
179	__protein2_rbs	6.6	0.0	0.0
179	__protein3_rbs	6.6	0.0	0.0
179	__ribosome	34.4	0.0	0.0
179	__rnase_site_ext	13.0	0.0	0.0
179	p0	0.6	0.0	0.0
179	p1	1.0	0.0	0.0
179	p2	1.0	0.0	0.0
179	protein1	581.0	9.4	1.8945238000000002
179	protein2	615.4	10.4	1.946853
179	protein3	642.2	13.0	2.1737662
179	r0	9.6	0.0	0.0
179	rnapol	0.0	0.0	0.0
180	__protein1_rbs	5.4	0.0	0.0
180	__protein2_rbs	4.4	0.0	0.0
180	__protein3_rbs	7.4	0.0	0.0
180	__ribosome	32.6	0.0	0.0
180	__rnase_site_ext	13.2	0.0	0.0
180	p0	0.8	0.0	0.0
180	p1	0.8	0.0	0.0
180	p2	1.0	0.0	0.0
180	protein1	584.8	9.6	1.9020348
180	protein2	618.6	10.0	2.3107032000000003
180	protein3	649.0	13.0	2.114632
180	r0	10.0	0.0	0.0
180	rnapol	0.0	0.0	0.0
181	__protein1_rbs	5.2	0.0	0.0
181	__protein2_rbs	7.0	0.0	0.0
181	__protein3_rbs	7.4	0.0	0.0
181	__ribosome	34.6	0.0	0.0
181	__rnase_site_ext	13.4	0.0	0.0
181	p0	0.8	0.0	0.0
181	p1	0.4	0.0	0.0
181	p2	1.0	0.0	0.0
181	protein1	588.4	9.6	1.9613188
181	protein2	624.0	10.2	2.0034186000000003
181	protein3	654.0	13.2	2.0682682
181	r0	9.8	0.0	0.0
181	rnapol	0.2	0.0	0.0
182	__protein1_rbs	5.8	0.0	0.0
182	__protein2_rbs	5.6	0.0	0.0
182	__protein3_rbs	7.6	0.0	0.0
182	__ribosome	34.2	0.0	0.0
182	__rnase_site_ext	13.6	0.0	0.0
182	p0	1.0	0.0	0.0
182	p1	0.4	0.0	0.0
182	p2	1.0	0.0	0.0
182	protein1	592.2	9.8	1.8207142
182	protein2	627.6	10.4	2.1040403999999997
182	protein3	659.2	12.8	2.1427240000000003
182	r0	10.0	0.0	0.0
182	rnapol	0.0	0.0	0.0
183	__protein1_rbs	5.2	0.0	0.0
183	__protein2_rbs	6.6	0.0	0.0
183	__protein3_rbs	7.0	0.0	0.0
183	__ribosome	32.4	0.0	0.0
183	__rnase_site_ext	13.6	0.0	0.0
183	p0	1.0	0.0	0.0
183	p1	0.4	0.0	0.0
183	p2	1.0	0.0	0.0
183	protein1	595.6	10.2	1.8834128
183	protein2	632.0	10.4	2.0423808
183	protein3	664.4	12.8	2.203896
183	r0	10.2	0.0	0.0
183	rnapol	0.2	0.0	0.0
184	__protein1_rbs	7.6	0.0	0.0
184	__protein2_rbs	5.4	0.0	0.0
184	__protein3_rbs	7.2	0.0	0.0
184	__ribosome	31.2	0.0	0.0
184	__rnase_site_ext	13.8	0.0	0.0
184	p0	0.8	0.0	0.0
184	p1	0.6	0.0	0.0
184	p2	1.0	0.0	0.0
184	protein1	598.2	10.2	1.8900793999999999
184	protein2	635.6	10.6	2.1511072
184	protein3	670.2	12.6	2.2086914
184	r0	10.2	0.0	0.0
184	rnapol	0.0	0.0	0.0
185	__protein1_rbs	5.2	0.0	0.0
185	__protein2_rbs	6.0	0.0	0.0
185	__protein3_rbs	8.2	0.0	0.0
185	__ribosome	34.2	0.0	0.0
185	__rnase_site_ext	13.8	0.0	0.0
185	p0	1.0	0.0	0.0
185	p1	0.6	0.0	0.0
185	p2	1.0	0.0	0.0
185	protein1	602.2	9.8	2.0250000000000004
185	protein2	641.0	10.2	2.0283333999999997
185	protein3	676.2	12.6	2.0530468
185	r0	10.0	0.0	0.0
185	rnapol	0.2	0.0	0.0
186	__protein1_rbs	7.2	0.0	0.0
186	__protein2_rbs	5.8	0.0	0.0
186	__protein3_rbs	8.2	0.0	0.0
186	__ribosome	34.2	0.0	0.0
186	__rnase_site_ext	13.8	0.0	0.0
186	p0	0.8	0.0	0.0
186	p1	0.6	0.0	0.0
186	p2	0.6	0.0	0.0
186	protein1	606.0	10.0	1.9354761999999999
186	protein2	644.0	10.6	2.1290598000000003
186	protein3	681.6	12.4	1.9910092
186	r0	10.0	0.0	0.0
186	rnapol	0.0	0.0	0.0
187	__protein1_rbs	6.2	0.0	0.0
187	__protein2_rbs	6.8	0.0	0.0
187	__protein3_rbs	5.6	0.0	0.0
187	__ribosome	33.2	0.0	0.0
187	__rnase_site_ext	13.8	0.0	0.0
187	p0	1.0	0.0	0.0
187	p1	0.8	0.0	0.0
187	p2	0.2	0.0	0.0
187	protein1	609.6	10.0	1.9827778000000005
187	protein2	649.0	10.8	1.9451282
187	protein3	686.4	12.4	2.1450549999999997
187	r0	10.0	0.0	0.0
187	rnapol	0.0	0.0	0.0
188	__protein1_rbs	6.2	0.0	0.0
188	__protein2_rbs	5.6	0.0	0.0
188	__protein3_rbs	7.6	0.0	0.0
188	__ribosome	35.8	0.0	0.0
188	__rnase_site_ext	13.6	0.0	0.0
188	p0	0.8	0.0	0.0
188	p1	0.4	0.0	0.0
188	p2	0.4	0.0	0.0
188	protein1	614.0	10.0	1.8783333999999998
188	protein2	653.0	10.8	2.0386324
188	protein3	693.4	12.4	1.9385613999999998
188	r0	10.2	0.0	0.0
188	rnapol	0.0	0.0	0.0
189	__protein1_rbs	5.6	0.0	0.0
189	__protein2_rbs	6.2	0.0	0.0
189	__protein3_rbs	7.8	0.0	0.0
189	__ribosome	32.4	0.0	0.0
189	__rnase_site_ext	13.6	0.0	0.0
189	p0	1.0	0.0	0.0
189	p1	0.6	0.0	0.0
189	p2	0.4	0.0	0.0
189	protein1	617.4	9.8	2.0498414
189	protein2	656.8	11.4	2.0359306
189	protein3	696.4	12.2	2.1069762
189	r0	10.0	0.0	0.0
189	rnapol	0.0	0.0	0.0
190	__protein1_rbs	6.0	0.0	0.0
190	__protein2_rbs	6.8	0.0	0.0
190	__protein3_rbs	7.6	0.0	0.0
190	__ribosome	32.8	0.0	0.0
190	__rnase_site_ext	13.4	0.0	0.0
190	p0	1.0	0.0	0.0
190	p1	0.6	0.0	0.0
190	p2	0.6	0.0	0.0
190	protein1	622.4	10.0	1.8561904
190	protein2	660.6	11.4	2.1457144
190	protein3	701.0	12.0	2.1357642000000006
190	r0	10.0	0.0	0.0
190	rnapol	0.0	0.0	0.0
191	__protein1_rbs	5.2	0.0	0.0
191	__protein2_rbs	6.2	0.0	0.0
191	__protein3_rbs	8.4	0.0	0.0
191	__ribosome	32.4	0.0	0.0
191	__rnase_site_ext	13.2	0.0	0.0
191	p0	1.0	0.0	0.0
191	p1	0.8	0.0	0.0
191	p2	0.6	0.0	0.0
191	protein1	625.2	9.8	2.1187304
191	protein2	666.2	11.6	2.0569698
191	protein3	706.4	12.4	1.9750648
191	r0	9.8	0.0	0.0
191	rnapol	0.0	0.0	0.0
192	__protein1_rbs	5.0	0.0	0.0
192	__protein2_rbs	7.6	0.0	0.0
192	__protein3_rbs	8.2	0.0	0.0
192	__ribosome	33.6	0.0	0.0
192	__rnase_site_ext	13.0	0.0	0.0
192	p0	1.0	0.0	0.0
192	p1	0.8	0.0	0.0
192	p2	0.6	0.0	0.0
192	protein1	628.8	9.6	2.1960316000000004
192	protein2	669.4	11.6	2.086045
192	protein3	712.2	12.2	1.822684
192	r0	9.4	0.0	0.0
192	rnapol	0.0	0.0	0.0
193	__protein1_rbs	5.0	0.0	0.0
193	__protein2_rbs	6.6	0.0	0.0
193	__protein3_rbs	7.8	0.0	0.0
193	__ribosome	33.2	0.0	0.0
193	__rnase_site_ext	12.8	0.0	0.0
193	p0	1.0	0.0	0.0
193	p1	1.0	0.0	0.0
193	p2	0.8	0.0	0.0
193	protein1	632.8	9.4	2.214603
193	protein2	673.8	11.4	2.2023088
193	protein3	717.4	12.8	1.6674892
193	r0	9.2	0.0	0.0
193	rnapol	0.0	0.0	0.0
194	__protein1_rbs	6.0	0.0	0.0
194	__protein2_rbs	7.8	0.0	0.0
194	__protein3_rbs	6.4	0.0	0.0
194	__ribosome	33.0	0.0	0.0
194	__rnase_site_ext	12.8	0.0	0.0
194	p0	1.0	0.0	0.0
194	p1	1.0	0.0	0.0
194	p2	0.2	0.0	0.0
194	protein1	636.2	9.2	2.2451588
194	protein2	679.6	11.2	2.0828572000000003
194	protein3	721.8	13.2	1.7888346000000002
194	r0	9.2	0.0	0.0
194	rnapol	0.0	0.0	0.0
195	__protein1_rbs	4.8	0.0	0.0
195	__protein2_rbs	6.4	0.0	0.0
195	__protein3_rbs	8.2	0.0	0.0
195	__ribosome	31.8	0.0	0.0
195	__rnase_site_ext	12.6	0.0	0.0
195	p0	1.0	0.0	0.0
195	p1	0.8	0.0	0.0
195	p2	0.2	0.0	0.0
195	protein1	640.6	9.2	2.2292858000000004
195	protein2	683.8	10.8	2.2272727999999997
195	protein3	725.4	12.8	1.9114218
195	r0	9.2	0.0	0.0
195	rnapol	0.0	0.0	0.0
196	__protein1_rbs	4.8	0.0	0.0
196	__protein2_rbs	5.6	0.0	0.0
196	__protein3_rbs	9.0	0.0	0.0
196	__ribosome	33.6	0.0	0.0
196	__rnase_site_ext	12.4	0.0	0.0
196	p0	1.0	0.0	0.0
196	p1	0.8	0.0	0.0
196	p2	0.8	0.0	0.0
196	protein1	645.2	9.2	2.2207142
196	protein2	689.4	10.8	2.1894153999999997
196	protein3	730.0	12.8	1.8349982
196	r0	9.2	0.0	0.0
196	rnapol	0.4	0.0	0.0
197	__protein1_rbs	6.4	0.0	0.0
197	__protein2_rbs	6.6	0.0	0.0
197	__protein3_rbs	5.4	0.0	0.0
197	__ribosome	32.4	0.0	0.0
197	__rnase_site_ext	13.0	0.0	0.0
197	p0	0.2	0.0	0.0
197	p1	0.8	0.0	0.0
197	p2	1.0	0.0	0.0
197	protein1	649.2	9.2	2.071111
197	protein2	693.4	11.0	2.1362338000000003
197	protein3	734.2	12.4	2.1139826
197	r0	9.0	0.0	0.0
197	rnapol	0.0	0.0	0.0
198	__protein1_rbs	5.4	0.0	0.0
198	__protein2_rbs	6.6	0.0	0.0
198	__protein3_rbs	7.2	0.0	0.0
198	__ribosome	33.2	0.0	0.0
198	__rnase_site_ext	13.0	0.0	0.0
198	p0	1.0	0.0	0.0
198	p1	0.8	0.0	0.0
198	p2	0.8	0.0	0.0
198	protein1	653.4	9.0	2.1099203999999996
198	protein2	698.4	10.8	2.0778644
198	protein3	738.8	12.6	2.0828572
198	r0	9.6	0.0	0.0
198	rnapol	0.0	0.0	0.0
199	__protein1_rbs	5.0	0.0	0.0
199	__protein2_rbs	5.8	0.0	0.0
199	__protein3_rbs	7.2	0.0	0.0
199	__ribosome	33.0	0.0	0.0
199	__rnase_site_ext	13.4	0.0	0.0
199	p0	0.4	0.0	0.0
199	p1	1.0	0.0	0.0
199	p2	0.8	0.0	0.0
199	protein1	656.6	9.8	2.1121793999999996
199	protein2	703.4	10.8	2.0738238
199	protein3	745.2	12.8	1.9665714
199	r0	9.6	0.0	0.0
199	rnapol	0.0	0.0	0.0
200	__protein1_rbs	6.6	0.0	0.0
200	__protein2_rbs	5.8	0.0	0.0
200	__protein3_rbs	7.4	0.0	0.0
200	__ribosome	32.8	0.0	0.0
200	__rnase_site_ext	13.4	0.0	0.0
200	p0	0.8	0.0	0.0
200	p1	1.0	0.0	0.0
200	p2	0.8	0.0	0.0
200	protein1	660.6	9.2	2.0833332
200	protein2	708.4	10.8	2.089293
200	protein3	749.2	13.0	1.9997860000000005
200	r0	9.8	0.0	0.0
200	rnapol	0.4	0.0	0.0
201	__protein1_rbs	4.4	0.0	0.0
201	__protein2_rbs	6.6	0.0	0.0
201	__protein3_rbs	8.0	0.0	0.0
201	__ribosome	31.6	0.0	0.0
201	__rnase_site_ext	13.4	0.0	0.0
201	p0	0.8	0.0	0.0
201	p1	1.0	0.0	0.0
201	p2	0.8	0.0	0.0
201	protein1	664.6	9.6	2.0908586
201	protein2	712.0	10.4	2.1698414
201	protein3	753.2	12.6	2.0845454
201	r0	9.6	0.0	0.0
201	rnapol	0.2	0.0	0.0
202	__protein1_rbs	5.2	0.0	0.0
202	__protein2_rbs	6.6	0.0	0.0
202	__protein3_rbs	7.2	0.0	0.0
202	__ribosome	32.0	0.0	0.0
202	__rnase_site_ext	13.6	0.0	0.0
202	p0	1.0	0.0	0.0
202	p1	1.0	0.0	0.0
202	p2	0.8	0.0	0.0
202	protein1	668.6	9.4	2.1423666
202	protein2	716.2	10.4	2.1526984000000002
202	protein3	758.4	12.4	2.1363636
202	r0	9.6	0.0	0.0
202	rnapol	0.2	0.0	0.0
203	__protein1_rbs	5.6	0.0	0.0
203	__protein2_rbs	6.4	0.0	0.0
203	__protein3_rbs	7.0	0.0	0.0
203	__ribosome	32.8	0.0	0.0
203	__rnase_site_ext	13.6	0.0	0.0
203	p0	0.8	0.0	0.0
203	p1	1.0	0.0	0.0
203	p2	0.8	0.0	0.0
203	protein1	672.4	9.4	2.1973808
203	protein2	719.8	10.4	2.0907936
203	protein3	764.0	12.4	2.0763636
203	r0	9.6	0.0	0.0
203	rnapol	0.2	0.0	0.0
204	__protein1_rbs	5.4	0.0	0.0
204	__protein2_rbs	5.6	0.0	0.0
204	__protein3_rbs	7.0	0.0	0.0
204	__ribosome	34.6	0.0	0.0
204	__rnase_site_ext	14.0	0.0	0.0
204	p0	0.6	0.0	0.0
204	p1	1.0	0.0	0.0
204	p2	1.0	0.0	0.0
204	protein1	676.8	9.8	2.070173
204	protein2	725.8	10.4	1.9933334
204	protein3	769.4	12.2	2.0714286
204	r0	9.6	0.0	0.0
204	rnapol	0.2	0.0	0.0
205	__protein1_rbs	6.2	0.0	0.0
205	__protein2_rbs	5.6	0.0	0.0
205	__protein3_rbs	6.2	0.0	0.0
205	__ribosome	31.8	0.0	0.0
205	__rnase_site_ext	14.4	0.0	0.0
205	p0	0.8	0.0	0.0
205	p1	0.4	0.0	0.0
205	p2	1.0	0.0	0.0
205	protein1	679.4	9.8	2.1480373999999998
205	protein2	729.8	10.4	2.0053968
205	protein3	774.4	12.4	2.1843722000000003
205	r0	10.0	0.0	0.0
205	rnapol	0.4	0.0	0.0
206	__protein1_rbs	6.0	0.0	0.0
206	__protein2_rbs	5.4	0.0	0.0
206	__protein3_rbs	7.2	0.0	0.0
206	__ribosome	34.0	0.0	0.0
206	__rnase_site_ext	14.4	0.0	0.0
206	p0	1.0	0.0	0.0
206	p1	0.6	0.0	0.0
206	p2	1.0	0.0	0.0
206	protein1	684.0	10.4	1.9641126000000004
206	protein2	734.2	10.4	1.9816378
206	protein3	780.4	12.4	2.0891344
206	r0	10.4	0.0	0.0
206	rnapol	0.0	0.0	0.0
207	__protein1_rbs	6.8	0.0	0.0
207	__protein2_rbs	6.0	0.0	0.0
207	__protein3_rbs	8.0	0.0	0.0
207	__ribosome	33.4	0.0	0.0
207	__rnase_site_ext	14.4	0.0	0.0
207	p0	1.0	0.0	0.0
207	p1	0.4	0.0	0.0
207	p2	1.0	0.0	0.0
207	protein1	688.6	10.4	1.8941126
207	protein2	737.0	10.4	2.1444156000000003
207	protein3	784.2	12.4	2.1327272
207	r0	10.6	0.0	0.0
207	rnapol	0.0	0.0	0.0
208	__protein1_rbs	5.0	0.0	0.0
208	__protein2_rbs	6.4	0.0	0.0
208	__protein3_rbs	7.0	0.0	0.0
208	__ribosome	32.8	0.0	0.0
208	__rnase_site_ext	14.2	0.0	0.0
208	p0	0.8	0.0	0.0
208	p1	0.2	0.0	0.0
208	p2	1.0	0.0	0.0
208	protein1	693.2	10.4	1.9570564
208	protein2	741.8	10.6	2.0866668
208	protein3	789.8	12.2	2.1430536
208	r0	10.4	0.0	0.0
208	rnapol	0.0	0.0	0.0
209	__protein1_rbs	5.8	0.0	0.0
209	__protein2_rbs	5.6	0.0	0.0
209	__protein3_rbs	7.2	0.0	0.0
209	__ribosome	31.8	0.0	0.0
209	__rnase_site_ext	14.2	0.0	0.0
209	p0	1.0	0.0	0.0
209	p1	0.4	0.0	0.0
209	p2	1.0	0.0	0.0
209	protein1	696.8	10.4	2.0487443999999995
209	protein2	745.4	10.6	2.1680374
209	protein3	795.2	12.0	2.09321
209	r0	10.4	0.0	0.0
209	rnapol	0.0	0.0	0.0
210	__protein1_rbs	6.4	0.0	0.0
210	__protein2_rbs	6.4	0.0	0.0
210	__protein3_rbs	5.2	0.0	0.0
210	__ribosome	31.8	0.0	0.0
210	__rnase_site_ext	14.2	0.0	0.0
210	p0	0.8	0.0	0.0
210	p1	0.4	0.0	0.0
210	p2	0.6	0.0	0.0
210	protein1	700.0	10.2	2.130244
210	protein2	750.6	11.0	1.9518326000000001
210	protein3	800.8	11.8	2.2007692000000003
210	r0	10.2	0.0	0.0
210	rnapol	0.0	0.0	0.0
211	__protein1_rbs	6.4	0.0	0.0
211	__protein2_rbs	5.4	0.0	0.0
211	__protein3_rbs	7.2	0.0	0.0
211	__ribosome	30.4	0.0	0.0
211	__rnase_site_ext	14.4	0.0	0.0
211	p0	0.8	0.0	0.0
211	p1	0.6	0.0	0.0
211	p2	0.4	0.0	0.0
211	protein1	704.6	10.2	2.0301954
211	protein2	753.0	11.2	2.1806058
211	protein3	805.8	11.2	2.28443
211	r0	10.2	0.0	0.0
211	rnapol	0.0	0.0	0.0
212	__protein1_rbs	7.2	0.0	0.0
212	__protein2_rbs	7.6	0.0	0.0
212	__protein3_rbs	7.6	0.0	0.0
212	__ribosome	34.4	0.0	0.0
212	__rnase_site_ext	14.2	0.0	0.0
212	p0	1.0	0.0	0.0
212	p1	0.6	0.0	0.0
212	p2	0.4	0.0	0.0
212	protein1	708.2	10.0	1.9881896
212	protein2	758.2	11.4	1.9589466
212	protein3	810.2	11.2	2.158456
212	r0	10.2	0.0	0.0
212	rnapol	0.2	0.0	0.0
213	__protein1_rbs	5.8	0.0	0.0
213	__protein2_rbs	6.2	0.0	0.0
213	__protein3_rbs	5.6	0.0	0.0
213	__ribosome	34.4	0.0	0.0
213	__rnase_site_ext	14.0	0.0	0.0
213	p0	1.0	0.0	0.0
213	p1	0.2	0.0	0.0
213	p2	0.4	0.0	0.0
213	protein1	713.6	10.0	1.8528428
213	protein2	762.8	11.4	1.9877346000000002
213	protein3	815.0	11.0	2.3033334
213	r0	10.0	0.0	0.0
213	rnapol	0.2	0.0	0.0
214	__protein1_rbs	4.6	0.0	0.0
214	__protein2_rbs	7.2	0.0	0.0
214	__protein3_rbs	6.8	0.0	0.0
214	__ribosome	35.0	0.0	0.0
214	__rnase_site_ext	14.0	0.0	0.0
214	p0	0.8	0.0	0.0
214	p1	0.6	0.0	0.0
214	p2	0.6	0.0	0.0
214	protein1	717.0	9.8	1.9388888
214	protein2	767.2	12.2	1.8590598000000003
214	protein3	820.4	11.2	2.1582662
214	r0	9.6	0.0	0.0
214	rnapol	0.0	0.0	0.0
215	__protein1_rbs	6.0	0.0	0.0
215	__protein2_rbs	7.6	0.0	0.0
215	__protein3_rbs	5.6	0.0	0.0
215	__ribosome	35.4	0.0	0.0
215	__rnase_site_ext	14.0	0.0	0.0
215	p0	1.0	0.0	0.0
215	p1	0.6	0.0	0.0
215	p2	0.4	0.0	0.0
215	protein1	720.4	9.4	2.0430014
215	protein2	772.2	11.8	1.8955554000000001
215	protein3	826.0	11.4	2.121919
215	r0	9.6	0.0	0.0
215	rnapol	0.0	0.0	0.0
216	__protein1_rbs	5.0	0.0	0.0
216	__protein2_rbs	7.0	0.0	0.0
216	__protein3_rbs	6.2	0.0	0.0
216	__ribosome	33.6	0.0	0.0
216	__rnase_site_ext	14.0	0.0	0.0
216	p0	1.0	0.0	0.0
216	p1	0.8	0.0	0.0
216	p2	0.6	0.0	0.0
216	protein1	724.8	9.6	2.0113636
216	protein2	776.2	11.6	1.9740404000000005
216	protein3	830.2	11.4	2.1876767999999998
216	r0	9.6	0.0	0.0
216	rnapol	0.0	0.0	0.0
217	__protein1_rbs	5.6	0.0	0.0
217	__protein2_rbs	6.2	0.0	0.0
217	__protein3_rbs	8.0	0.0	0.0
217	__ribosome	30.8	0.0	0.0
217	__rnase_site_ext	13.8	0.0	0.0
217	p0	1.0	0.0	0.0
217	p1	0.8	0.0	0.0
217	p2	0.6	0.0	0.0
217	protein1	727.6	9.6	2.0989898
217	protein2	779.6	11.6	2.1357574
217	protein3	834.0	12.0	2.0569230000000003
217	r0	9.6	0.0	0.0
217	rnapol	0.0	0.0	0.0
218	__protein1_rbs	4.4	0.0	0.0
218	__protein2_rbs	8.4	0.0	0.0
218	__protein3_rbs	7.8	0.0	0.0
218	__ribosome	30.8	0.0	0.0
218	__rnase_site_ext	13.8	0.0	0.0
218	p0	1.0	0.0	0.0
218	p1	1.0	0.0	0.0
218	p2	0.4	0.0	0.0
218	protein1	730.8	9.6	2.3202018000000004
218	protein2	784.0	11.8	1.9760684
218	protein3	839.0	12.0	1.9994872
218	r0	9.6	0.0	0.0
218	rnapol	0.0	0.0	0.0
219	__protein1_rbs	4.8	0.0	0.0
219	__protein2_rbs	6.6	0.0	0.0
219	__protein3_rbs	8.6	0.0	0.0
219	__ribosome	32.2	0.0	0.0
219	__rnase_site_ext	13.8	0.0	0.0
219	p0	1.0	0.0	0.0
219	p1	0.8	0.0	0.0
219	p2	0.4	0.0	0.0
219	protein1	735.4	9.6	2.201515
219	protein2	789.4	11.4	2.0557194
219	protein3	843.0	12.2	1.9681818
219	r0	9.6	0.0	0.0
219	rnapol	0.0	0.0	0.0
220	__protein1_rbs	5.6	0.0	0.0
220	__protein2_rbs	6.6	0.0	0.0
220	__protein3_rbs	6.2	0.0	0.0
220	__ribosome	31.6	0.0	0.0
220	__rnase_site_ext	13.6	0.0	0.0
220	p0	1.0	0.0	0.0
220	p1	1.0	0.0	0.0
220	p2	0.4	0.0	0.0
220	protein1	739.4	9.6	2.1631312
220	protein2	793.0	11.4	2.1696704
220	protein3	849.4	12.2	1.9438636
220	r0	9.6	0.0	0.0
220	rnapol	0.2	0.0	0.0
221	__protein1_rbs	6.8	0.0	0.0
221	__protein2_rbs	6.2	0.0	0.0
221	__protein3_rbs	6.4	0.0	0.0
221	__ribosome	33.2	0.0	0.0
221	__rnase_site_ext	14.2	0.0	0.0
221	p0	0.6	0.0	0.0
221	p1	1.0	0.0	0.0
221	p2	0.8	0.0	0.0
221	protein1	743.4	9.6	2.0318182000000005
221	protein2	798.8	11.2	2.0407691999999997
221	protein3	854.0	12.4	2.0
221	r0	9.4	0.0	0.0
221	rnapol	0.0	0.0	0.0
222	__protein1_rbs	4.0	0.0	0.0
222	__protein2_rbs	6.8	0.0	0.0
222	__protein3_rbs	8.2	0.0	0.0
222	__ribosome	31.2	0.0	0.0
222	__rnase_site_ext	14.0	0.0	0.0
222	p0	0.8	0.0	0.0
222	p1	1.0	0.0	0.0
222	p2	0.8	0.0	0.0
222	protein1	747.0	9.6	2.2640404
222	protein2	802.6	11.2	2.0798718000000003
222	protein3	858.6	12.6	1.9458822
222	r0	10.0	0.0	0.0
222	rnapol	0.2	0.0	0.0
223	__protein1_rbs	5.8	0.0	0.0
223	__protein2_rbs	7.0	0.0	0.0
223	__protein3_rbs	8.0	0.0	0.0
223	__ribosome	32.4	0.0	0.0
223	__rnase_site_ext	14.4	0.0	0.0
223	p0	0.6	0.0	0.0
223	p1	0.8	0.0	0.0
223	p2	0.6	0.0	0.0
223	protein1	751.4	10.0	2.135368
223	protein2	807.6	11.2	2.0588462
223	protein3	863.6	13.2	1.846335
223	r0	10.0	0.0	0.0
223	rnapol	0.0	0.0	0.0
224	__protein1_rbs	6.4	0.0	0.0
224	__protein2_rbs	8.0	0.0	0.0
224	__protein3_rbs	7.6	0.0	0.0
224	__ribosome	31.0	0.0	0.0
224	__rnase_site_ext	14.2	0.0	0.0
224	p0	0.8	0.0	0.0
224	p1	1.0	0.0	0.0
224	p2	0.8	0.0	0.0
224	protein1	755.4	10.0	2.0818182000000003
224	protein2	811.2	11.2	2.0142308
224	protein3	867.0	13.6	1.9808860000000004
224	r0	10.4	0.0	0.0
224	rnapol	0.2	0.0	0.0
225	__protein1_rbs	5.2	0.0	0.0
225	__protein2_rbs	6.2	0.0	0.0
225	__protein3_rbs	6.6	0.0	0.0
225	__ribosome	29.6	0.0	0.0
225	__rnase_site_ext	14.6	0.0	0.0
225	p0	0.6	0.0	0.0
225	p1	1.0	0.0	0.0
225	p2	1.0	0.0	0.0
225	protein1	759.4	10.4	2.053788
225	protein2	816.2	11.0	2.0658974
225	protein3	872.2	13.0	2.1355656
225	r0	10.4	0.0	0.0
225	rnapol	0.2	0.0	0.0
226	__protein1_rbs	7.6	0.0	0.0
226	__protein2_rbs	5.2	0.0	0.0
226	__protein3_rbs	7.6	0.0	0.0
226	__ribosome	31.0	0.0	0.0
226	__rnase_site_ext	15.0	0.0	0.0
226	p0	0.6	0.0	0.0
226	p1	1.0	0.0	0.0
226	p2	1.0	0.0	0.0
226	protein1	762.6	10.2	2.0207792
226	protein2	821.6	10.8	2.0936246
226	protein3	878.6	13.2	2.0520296
226	r0	10.6	0.0	0.0
226	rnapol	0.0	0.0	0.0
227	__protein1_rbs	7.6	0.0	0.0
227	__protein2_rbs	5.6	0.0	0.0
227	__protein3_rbs	7.6	0.0	0.0
227	__ribosome	32.4	0.0	0.0
227	__rnase_site_ext	15.0	0.0	0.0
227	p0	0.8	0.0	0.0
227	p1	1.0	0.0	0.0
227	p2	1.0	0.0	0.0
227	protein1	767.8	10.6	1.7795456000000003
227	protein2	827.0	10.6	2.0608974000000004
227	protein3	882.6	13.0	2.145182
227	r0	11.0	0.0	0.0
227	rnapol	0.0	0.0	0.0
228	__protein1_rbs	6.2	0.0	0.0
228	__protein2_rbs	6.6	0.0	0.0
228	__protein3_rbs	8.6	0.0	0.0
228	__ribosome	31.6	0.0	0.0
228	__rnase_site_ext	15.2	0.0	0.0
228	p0	0.8	0.0	0.0
228	p1	1.0	0.0	0.0
228	p2	0.8	0.0	0.0
228	protein1	771.8	11.0	1.75
228	protein2	829.6	10.4	2.1587762
228	protein3	887.0	13.2	2.1218358000000004
228	r0	11.0	0.0	0.0
228	rnapol	0.2	0.0	0.0
229	__protein1_rbs	6.8	0.0	0.0
229	__protein2_rbs	5.6	0.0	0.0
229	__protein3_rbs	7.2	0.0	0.0
229	__ribosome	31.6	0.0	0.0
229	__rnase_site_ext	15.6	0.0	0.0
229	p0	0.8	0.0	0.0
229	p1	0.6	0.0	0.0
229	p2	0.8	0.0	0.0
229	protein1	775.8	11.2	1.7437646
229	protein2	833.4	10.2	2.3012120000000005
229	protein3	893.4	13.0	2.0258974000000003
229	r0	11.0	0.0	0.0
229	rnapol	0.2	0.0	0.0
230	__protein1_rbs	5.8	0.0	0.0
230	__protein2_rbs	7.0	0.0	0.0
230	__protein3_rbs	8.4	0.0	0.0
230	__ribosome	33.2	0.0	0.0
230	__rnase_site_ext	16.0	0.0	0.0
230	p0	0.6	0.0	0.0
230	p1	0.6	0.0	0.0
230	p2	1.0	0.0	0.0
230	protein1	779.6	11.2	1.8828672
230	protein2	838.0	10.2	2.1661112
230	protein3	899.4	13.0	1.8703116
230	r0	11.4	0.0	0.0
230	rnapol	0.2	0.0	0.0
231	__protein1_rbs	6.0	0.0	0.0
231	__protein2_rbs	5.6	0.0	0.0
231	__protein3_rbs	6.2	0.0	0.0
231	__ribosome	31.8	0.0	0.0
231	__rnase_site_ext	16.2	0.0	0.0
231	p0	1.0	0.0	0.0
231	p1	0.6	0.0	0.0
231	p2	1.0	0.0	0.0
231	protein1	783.4	11.6	1.8846154
231	protein2	843.0	10.2	2.1316667999999996
231	protein3	904.4	12.8	1.9903572
231	r0	11.8	0.0	0.0
231	rnapol	0.0	0.0	0.0
232	__protein1_rbs	6.6	0.0	0.0
232	__protein2_rbs	6.4	0.0	0.0
232	__protein3_rbs	7.8	0.0	0.0
232	__ribosome	31.8	0.0	0.0
232	__rnase_site_ext	16.4	0.0	0.0
232	p0	0.8	0.0	0.0
232	p1	0.4	0.0	0.0
232	p2	1.0	0.0	0.0
232	protein1	786.4	12.0	1.9918804
232	protein2	847.4	10.2	2.0262119999999997
232	protein3	910.0	12.4	1.9809342
232	r0	12.0	0.0	0.0
232	rnapol	0.0	0.0	0.0
233	__protein1_rbs	7.2	0.0	0.0
233	__protein2_rbs	5.6	0.0	0.0
233	__protein3_rbs	7.2	0.0	0.0
233	__ribosome	31.0	0.0	0.0
233	__rnase_site_ext	16.4	0.0	0.0
233	p0	1.0	0.0	0.0
233	p1	0.6	0.0	0.0
233	p2	1.0	0.0	0.0
233	protein1	790.8	11.8	2.0238096000000003
233	protein2	852.4	10.6	1.9296968
233	protein3	913.6	12.0	2.0950581999999995
233	r0	12.0	0.0	0.0
233	rnapol	0.0	0.0	0.0
234	__protein1_rbs	6.8	0.0	0.0
234	__protein2_rbs	6.6	0.0	0.0
234	__protein3_rbs	6.0	0.0	0.0
234	__ribosome	30.2	0.0	0.0
234	__rnase_site_ext	16.2	0.0	0.0
234	p0	0.8	0.0	0.0
234	p1	0.4	0.0	0.0
234	p2	0.6	0.0	0.0
234	protein1	794.8	12.0	2.0634918
234	protein2	856.4	10.8	1.8504038
234	protein3	918.6	12.0	2.1402330000000003
234	r0	12.0	0.0	0.0
234	rnapol	0.0	0.0	0.0
235	__protein1_rbs	8.0	0.0	0.0
235	__protein2_rbs	5.8	0.0	0.0
235	__protein3_rbs	7.4	0.0	0.0
235	__ribosome	30.8	0.0	0.0
235	__rnase_site_ext	16.2	0.0	0.0
235	p0	1.0	0.0	0.0
235	p1	0.4	0.0	0.0
235	p2	0.4	0.0	0.0
235	protein1	800.8	12.0	1.8497560000000002
235	protein2	859.0	11.4	1.9861072
235	protein3	923.4	11.8	2.1639470000000003
235	r0	12.0	0.0	0.0
235	rnapol	0.0	0.0	0.0
236	__protein1_rbs	6.6	0.0	0.0
236	__protein2_rbs	6.8	0.0	0.0
236	__protein3_rbs	8.0	0.0	0.0
236	__ribosome	32.6	0.0	0.0
236	__rnase_site_ext	16.0	0.0	0.0
236	p0	1.0	0.0	0.0
236	p1	0.6	0.0	0.0
236	p2	0.6	0.0	0.0
236	protein1	805.0	11.8	1.968404
236	protein2	864.2	11.6	1.8889512
236	protein3	929.2	11.8	1.9800866000000001
236	r0	11.8	0.0	0.0
236	rnapol	0.0	0.0	0.0
237	__protein1_rbs	6.4	0.0	0.0
237	__protein2_rbs	6.8	0.0	0.0
237	__protein3_rbs	8.0	0.0	0.0
237	__ribosome	31.6	0.0	0.0
237	__rnase_site_ext	15.6	0.0	0.0
237	p0	1.0	0.0	0.0
237	p1	0.8	0.0	0.0
237	p2	0.6	0.0	0.0
237	protein1	809.8	11.6	2.0278266
237	protein2	867.8	12.0	1.9878788
237	protein3	933.6	11.4	1.9340172
237	r0	11.6	0.0	0.0
237	rnapol	0.0	0.0	0.0
238	__protein1_rbs	7.4	0.0	0.0
238	__protein2_rbs	6.6	0.0	0.0
238	__protein3_rbs	5.8	0.0	0.0
238	__ribosome	33.0	0.0	0.0
238	__rnase_site_ext	15.6	0.0	0.0
238	p0	1.0	0.0	0.0
238	p1	0.6	0.0	0.0
238	p2	0.6	0.0	0.0
238	protein1	815.0	11.2	1.995
238	protein2	872.2	12.0	2.0461650000000002
238	protein3	939.0	11.4	1.8738462
238	r0	11.2	0.0	0.0
238	rnapol	0.0	0.0	0.0
239	__protein1_rbs	6.0	0.0	0.0
239	__protein2_rbs	7.2	0.0	0.0
239	__protein3_rbs	9.0	0.0	0.0
239	__ribosome	32.4	0.0	0.0
239	__rnase_site_ext	15.6	0.0	0.0
239	p0	1.0	0.0	0.0
239	p1	0.2	0.0	0.0
239	p2	0.6	0.0	0.0
239	protein1	818.4	11.2	2.1021428
239	protein2	875.4	12.2	2.079254
239	protein3	943.6	11.8	1.6724544
239	r0	10.8	0.0	0.0
239	rnapol	0.0	0.0	0.0
240	__protein1_rbs	6.4	0.0	0.0
240	__protein2_rbs	6.2	0.0	0.0
240	__protein3_rbs	6.2	0.0	0.0
240	__ribosome	30.8	0.0	0.0
240	__rnase_site_ext	15.4	0.0	0.0
240	p0	1.0	0.0	0.0
240	p1	0.6	0.0	0.0
240	p2	0.4	0.0	0.0
240	protein1	822.2	11.0	2.1354978
240	protein2	881.2	12.2	2.123138
240	protein3	948.6	11.8	1.7580419999999999
240	r0	11.0	0.0	0.0
240	rnapol	0.0	0.0	0.0
241	__protein1_rbs	6.0	0.0	0.0
241	__protein2_rbs	8.0	0.0	0.0
241	__protein3_rbs	7.8	0.0	0.0
241	__ribosome	32.6	0.0	0.0
241	__rnase_site_ext	15.4	0.0	0.0
241	p0	1.0	0.0	0.0
241	p1	0.8	0.0	0.0
241	p2	0.4	0.0	0.0
241	protein1	828.4	11.0	1.984704
241	protein2	885.4	12.6	2.066923
241	protein3	952.8	12.0	1.7295593999999996
241	r0	11.0	0.0	0.0
241	rnapol	0.0	0.0	0.0
242	__protein1_rbs	7.2	0.0	0.0
242	__protein2_rbs	6.0	0.0	0.0
242	__protein3_rbs	6.4	0.0	0.0
242	__ribosome	28.4	0.0	0.0
242	__rnase_site_ext	15.2	0.0	0.0
242	p0	1.0	0.0	0.0
242	p1	0.8	0.0	0.0
242	p2	0.8	0.0	0.0
242	protein1	832.4	11.0	1.9442278
242	protein2	890.6	12.8	2.1383884
242	protein3	955.0	12.0	2.0008324
242	r0	11.0	0.0	0.0
242	rnapol	0.0	0.0	0.0
243	__protein1_rbs	6.0	0.0	0.0
243	__protein2_rbs	7.2	0.0	0.0
243	__protein3_rbs	8.8	0.0	0.0
243	__ribosome	29.2	0.0	0.0
243	__rnase_site_ext	15.2	0.0	0.0
243	p0	1.0	0.0	0.0
243	p1	0.8	0.0	0.0
243	p2	0.6	0.0	0.0
243	protein1	836.0	11.0	2.072655
243	protein2	895.4	12.4	2.2337606
243	protein3	959.8	12.2	1.7454944
243	r0	10.8	0.0	0.0
243	rnapol	0.0	0.0	0.0
244	__protein1_rbs	5.2	0.0	0.0
244	__protein2_rbs	7.6	0.0	0.0
244	__protein3_rbs	8.2	0.0	0.0
244	__ribosome	28.4	0.0	0.0
244	__rnase_site_ext	15.2	0.0	0.0
244	p0	1.0	0.0	0.0
244	p1	1.0	0.0	0.0
244	p2	0.0	0.0	0.0
244	protein1	840.2	10.8	2.1843072
244	protein2	900.0	12.6	2.204762
244	protein3	963.8	12.4	1.714762
244	r0	10.8	0.0	0.0
244	rnapol	0.4	0.0	0.0
245	__protein1_rbs	6.2	0.0	0.0
245	__protein2_rbs	7.2	0.0	0.0
245	__protein3_rbs	8.0	0.0	0.0
245	__ribosome	30.4	0.0	0.0
245	__rnase_site_ext	15.6	0.0	0.0
245	p0	0.4	0.0	0.0
245	p1	1.0	0.0	0.0
245	p2	0.4	0.0	0.0
245	protein1	845.4	10.8	2.0935786
245	protein2	906.0	12.6	2.1185592000000004
245	protein3	968.6	12.8	1.688608
245	r0	10.8	0.0	0.0
245	rnapol	0.0	0.0	0.0
246	__protein1_rbs	6.8	0.0	0.0
246	__protein2_rbs	8.0	0.0	0.0
246	__protein3_rbs	6.2	0.0	0.0
246	__ribosome	30.0	0.0	0.0
246	__rnase_site_ext	15.2	0.0	0.0
246	p0	0.8	0.0	0.0
246	p1	0.8	0.0	0.0
246	p2	0.8	0.0	0.0
246	protein1	849.8	10.8	2.0031024000000004
246	protein2	910.2	12.6	2.123321
246	protein3	973.6	12.2	1.817446
246	r0	11.2	0.0	0.0
246	rnapol	0.2	0.0	0.0
247	__protein1_rbs	6.2	0.0	0.0
247	__protein2_rbs	8.8	0.0	0.0
247	__protein3_rbs	10.0	0.0	0.0
247	__ribosome	32.0	0.0	0.0
247	__rnase_site_ext	15.2	0.0	0.0
247	p0	1.0	0.0	0.0
247	p1	0.8	0.0	0.0
247	p2	0.8	0.0	0.0
247	protein1	854.0	11.2	2.0333334
247	protein2	916.0	12.4	2.0055556
247	protein3	977.4	12.4	1.72
247	r0	11.2	0.0	0.0
247	rnapol	0.0	0.0	0.0
248	__protein1_rbs	6.8	0.0	0.0
248	__protein2_rbs	7.2	0.0	0.0
248	__protein3_rbs	7.2	0.0	0.0
248	__ribosome	30.2	0.0	0.0
248	__rnase_site_ext	15.0	0.0	0.0
248	p0	0.8	0.0	0.0
248	p1	1.0	0.0	0.0
248	p2	0.8	0.0	0.0
248	protein1	858.2	11.4	2.0493772
248	protein2	921.8	12.6	1.9184248
248	protein3	980.8	13.0	1.8271796
248	r0	11.2	0.0	0.0
248	rnapol	0.0	0.0	0.0
249	__protein1_rbs	7.8	0.0	0.0
249	__protein2_rbs	8.8	0.0	0.0
249	__protein3_rbs	7.6	0.0	0.0
249	__ribosome	30.6	0.0	0.0
249	__rnase_site_ext	15.0	0.0	0.0
249	p0	1.0	0.0	0.0
249	p1	1.0	0.0	0.0
249	p2	0.8	0.0	0.0
249	protein1	862.4	11.2	2.0501586
249	protein2	926.8	12.6	1.8493406
249	protein3	985.4	13.2	1.8508860000000005
249	r0	11.0	0.0	0.0
249	rnapol	0.6	0.0	0.0
250	__protein1_rbs	5.2	0.0	0.0
250	__protein2_rbs	4.8	0.0	0.0
250	__protein3_rbs	7.2	0.0	0.0
250	__ribosome	24.4	0.0	0.0
250	__rnase_site_ext	12.4	0.0	0.0
250	p0	0.6	0.0	0.0
250	p1	0.8	0.0	0.0
250	p2	0.8	0.0	0.0
250	protein1	689.4	9.4	1.5761906
250	protein2	745.2	10.0	1.4852748
250	protein3	791.2	10.8	1.4013636
250	r0	9.2	0.0	0.0
250	rnapol	0.4	0.0	0.0
