time	species	protein	transcript	ribo_density
0	__protein1_rbs	0.0	0.0	0.0
0	__protein2_rbs	0.0	0.0	0.0
0	__protein3_rbs	0.0	0.0	0.0
0	__ribosome	100.0	0.0	0.0
0	__rnase_site_ext	0.0	0.0	0.0
0	p0	1.0	0.0	0.0
0	p1	1.0	0.0	0.0
0	p2	1.0	0.0	0.0
0	r1	0.0	0.0	0.0
0	rnapol	4.0	0.0	0.0
1	__protein1_rbs	0.0	0.0	0.0
1	__protein2_rbs	0.0	0.0	0.0
1	__protein3_rbs	0.0	0.0	0.0
1	__ribosome	80.0	0.0	0.0
1	__rnase_site_ext	0.8	0.0	0.0
1	p0	0.2	0.0	0.0
1	p1	0.8	0.0	0.0
1	p2	0.8	0.0	0.0
1	r1	0.0	0.0	0.0
1	rnapol	2.4	0.0	0.0
2	__protein1_rbs	0.2	0.0	0.0
2	__protein2_rbs	0.0	0.0	0.0
2	__protein3_rbs	0.0	0.0	0.0
2	__ribosome	120.0	0.0	0.0
2	__rnase_site_ext	1.0	0.0	0.0
2	p0	0.4	0.0	0.0
2	p1	1.2	0.0	0.0
2	p2	1.2	0.0	0.0
2	protein1	0.0	0.2	0.0
2	r1	0.0	0.0	0.0
2	rnapol	3.2	0.0	0.0
3	__protein1_rbs	0.6	0.0	0.0
3	__protein2_rbs	0.0	0.0	0.0
3	__protein3_rbs	0.0	0.0	0.0
3	__ribosome	99.4	0.0	0.0
3	__rnase_site_ext	1.8	0.0	0.0
3	p0	0.4	0.0	0.0
3	p1	1.0	0.0	0.0
3	p2	1.0	0.0	0.0
3	protein1	0.0	1.0	0.6
3	r1	0.0	0.0	0.0
3	rnapol	2.2	0.0	0.0
4	__protein1_rbs	0.8	0.0	0.0
4	__protein2_rbs	0.0	0.0	0.0
4	__protein3_rbs	0.0	0.0	0.0
4	__ribosome	98.8	0.0	0.0
4	__rnase_site_ext	1.8	0.0	0.0
4	p0	0.6	0.0	0.0
4	p1	1.0	0.0	0.0
4	p2	1.0	0.0	0.0
4	protein1	0.0	1.6	0.8
4	r1	0.0	0.0	0.0
4	rnapol	1.8	0.0	0.0
5	__protein1_rbs	0.4	0.0	0.0
5	__protein2_rbs	0.0	0.0	0.0
5	__protein3_rbs	0.0	0.0	0.0
5	__ribosome	97.6	0.0	0.0
5	__rnase_site_ext	2.4	0.0	0.0
5	p0	0.4	0.0	0.0
5	p1	1.0	0.0	0.0
5	p2	1.0	0.0	0.0
5	protein1	0.0	1.8	1.3
5	r1	0.0	0.0	0.0
5	rnapol	1.4	0.0	0.0
6	__protein1_rbs	1.0	0.0	0.0
6	__protein2_rbs	0.0	0.0	0.0
6	__protein3_rbs	0.0	0.0	0.0
6	__ribosome	96.2	0.0	0.0
6	__rnase_site_ext	3.0	0.0	0.0
6	p0	0.6	0.0	0.0
6	p1	1.0	0.0	0.0
6	p2	1.0	0.0	0.0
6	protein1	0.0	2.4	1.6
6	r1	0.0	0.0	0.0
6	rnapol	1.0	0.0	0.0
7	__protein1_rbs	0.8	0.0	0.0
7	__protein2_rbs	0.0	0.0	0.0
7	__protein3_rbs	0.0	0.0	0.0
7	__ribosome	94.6	0.0	0.0
7	__rnase_site_ext	3.0	0.0	0.0
7	p0	0.6	0.0	0.0
7	p1	1.0	0.0	0.0
7	p2	1.0	0.0	0.0
7	protein1	0.0	2.6	2.0666666
7	r1	0.6	0.0	0.0
7	rnapol	0.6	0.0	0.0
8	__protein1_rbs	1.4	0.0	0.0
8	__protein2_rbs	0.0	0.0	0.0
8	__protein3_rbs	0.0	0.0	0.0
8	__ribosome	93.8	0.0	0.0
8	__rnase_site_ext	3.4	0.0	0.0
8	p0	0.8	0.0	0.0
8	p1	0.4	0.0	0.0
8	p2	1.0	0.0	0.0
8	protein1	0.6	3.0	2.1166668
8	r1	1.4	0.0	0.0
8	rnapol	0.4	0.0	0.0
9	__protein1_rbs	1.2	0.0	0.0
9	__protein2_rbs	0.0	0.0	0.0
9	__protein3_rbs	0.0	0.0	0.0
9	__ribosome	92.0	0.0	0.0
9	__rnase_site_ext	3.6	0.0	0.0
9	p0	1.0	0.0	0.0
9	p1	0.2	0.0	0.0
9	p2	1.0	0.0	0.0
9	protein1	1.2	3.4	2.3666666000000003
9	r1	1.8	0.0	0.0
9	rnapol	0.4	0.0	0.0
10	__protein1_rbs	1.4	0.0	0.0
10	__protein2_rbs	0.0	0.0	0.0
10	__protein3_rbs	0.0	0.0	0.0
10	__ribosome	91.6	0.0	0.0
10	__rnase_site_ext	3.4	0.0	0.0
10	p0	1.0	0.0	0.0
10	p1	0.2	0.0	0.0
10	p2	1.0	0.0	0.0
10	protein1	2.6	3.6	2.35
10	r1	2.0	0.0	0.0
10	rnapol	0.4	0.0	0.0
11	__protein1_rbs	0.8	0.0	0.0
11	__protein2_rbs	0.2	0.0	0.0
11	__protein3_rbs	0.0	0.0	0.0
11	__ribosome	89.4	0.0	0.0
11	__rnase_site_ext	3.4	0.0	0.0
11	p0	0.8	0.0	0.0
11	p1	0.4	0.0	0.0
11	p2	1.0	0.0	0.0
11	protein1	3.4	3.6	2.85
11	protein2	0.0	0.6	0.4
11	r1	2.4	0.0	0.0
11	rnapol	0.2	0.0	0.0
12	__protein1_rbs	0.4	0.0	0.0
12	__protein2_rbs	0.6	0.0	0.0
12	__protein3_rbs	0.0	0.0	0.0
12	__ribosome	87.6	0.0	0.0
12	__rnase_site_ext	3.6	0.0	0.0
12	p0	1.0	0.0	0.0
12	p1	0.2	0.0	0.0
12	p2	1.0	0.0	0.0
12	protein1	5.2	3.4	3.3
12	protein2	0.0	1.4	0.8
12	r1	2.8	0.0	0.0
12	rnapol	0.2	0.0	0.0
13	__protein1_rbs	1.8	0.0	0.0
13	__protein2_rbs	1.4	0.0	0.0
13	__protein3_rbs	0.0	0.0	0.0
13	__ribosome	87.4	0.0	0.0
13	__rnase_site_ext	3.4	0.0	0.0
13	p0	1.0	0.0	0.0
13	p1	0.2	0.0	0.0
13	p2	1.0	0.0	0.0
13	protein1	6.8	3.6	3.0166666
13	protein2	0.0	1.8	1.0
13	r1	3.2	0.0	0.0
13	rnapol	0.2	0.0	0.0
14	__protein1_rbs	0.8	0.0	0.0
14	__protein2_rbs	0.6	0.0	0.0
14	__protein3_rbs	0.0	0.0	0.0
14	__ribosome	84.8	0.0	0.0
14	__rnase_site_ext	3.2	0.0	0.0
14	p0	1.0	0.0	0.0
14	p1	0.4	0.0	0.0
14	p2	1.0	0.0	0.0
14	protein1	8.6	3.4	3.5
14	protein2	0.0	2.2	1.5
14	r1	3.6	0.0	0.0
14	rnapol	0.2	0.0	0.0
15	__protein1_rbs	1.6	0.0	0.0
15	__protein2_rbs	0.6	0.0	0.0
15	__protein3_rbs	0.0	0.0	0.0
15	__ribosome	83.6	0.0	0.0
15	__rnase_site_ext	3.2	0.0	0.0
15	p0	1.0	0.0	0.0
15	p1	0.4	0.0	0.0
15	p2	0.4	0.0	0.0
15	protein1	10.8	3.2	3.5499998000000006
15	protein2	0.0	2.6	2.0
15	r1	3.6	0.0	0.0
15	rnapol	0.2	0.0	0.0
16	__protein1_rbs	1.2	0.0	0.0
16	__protein2_rbs	1.2	0.0	0.0
16	__protein3_rbs	0.0	0.0	0.0
16	__ribosome	82.2	0.0	0.0
16	__rnase_site_ext	3.4	0.0	0.0
16	p0	0.8	0.0	0.0
16	p1	0.6	0.0	0.0
16	p2	0.0	0.0	0.0
16	protein1	12.6	3.2	3.6333334
16	protein2	0.4	2.8	2.15
16	r1	3.6	0.0	0.0
16	rnapol	0.0	0.0	0.0
17	__protein1_rbs	1.4	0.0	0.0
17	__protein2_rbs	1.2	0.0	0.0
17	__protein3_rbs	0.0	0.0	0.0
17	__ribosome	82.2	0.0	0.0
17	__rnase_site_ext	3.2	0.0	0.0
17	p0	1.0	0.0	0.0
17	p1	1.0	0.0	0.0
17	p2	0.0	0.0	0.0
17	protein1	15.2	3.4	3.25
17	protein2	1.2	3.2	2.1333332
17	r1	3.6	0.0	0.0
17	rnapol	0.0	0.0	0.0
18	__protein1_rbs	0.8	0.0	0.0
18	__protein2_rbs	1.6	0.0	0.0
18	__protein3_rbs	0.0	0.0	0.0
18	__ribosome	81.4	0.0	0.0
18	__rnase_site_ext	3.2	0.0	0.0
18	p0	1.0	0.0	0.0
18	p1	1.0	0.0	0.0
18	p2	0.4	0.0	0.0
18	protein1	17.8	3.4	3.05
18	protein2	1.8	3.6	2.35
18	r1	3.8	0.0	0.0
18	rnapol	0.0	0.0	0.0
19	__protein1_rbs	0.6	0.0	0.0
19	__protein2_rbs	2.0	0.0	0.0
19	__protein3_rbs	0.0	0.0	0.0
19	__ribosome	80.4	0.0	0.0
19	__rnase_site_ext	3.0	0.0	0.0
19	p0	1.0	0.0	0.0
19	p1	0.8	0.0	0.0
19	p2	0.2	0.0	0.0
19	protein1	20.2	3.2	3.1833332000000003
19	protein2	2.8	3.6	2.55
19	protein3	0.0	0.4	0.4
19	r1	3.8	0.0	0.0
19	rnapol	0.0	0.0	0.0
20	__protein1_rbs	0.2	0.0	0.0
20	__protein2_rbs	1.0	0.0	0.0
20	__protein3_rbs	0.6	0.0	0.0
20	__ribosome	77.2	0.0	0.0
20	__rnase_site_ext	3.0	0.0	0.0
20	p0	1.0	0.0	0.0
20	p1	0.8	0.0	0.0
20	p2	0.6	0.0	0.0
20	protein1	21.6	3.2	3.6833334000000004
20	protein2	4.6	3.6	2.8
20	protein3	0.0	1.2	0.7
20	r1	3.8	0.0	0.0
20	rnapol	0.0	0.0	0.0
21	__protein1_rbs	0.8	0.0	0.0
21	__protein2_rbs	1.0	0.0	0.0
21	__protein3_rbs	0.2	0.0	0.0
21	__ribosome	76.2	0.0	0.0
21	__rnase_site_ext	3.0	0.0	0.0
21	p0	1.0	0.0	0.0
21	p1	1.0	0.0	0.0
21	p2	0.8	0.0	0.0
21	protein1	23.8	3.0	3.7333334
21	protein2	6.2	3.8	2.9333334
21	protein3	0.0	1.6	1.1
21	r1	3.8	0.0	0.0
21	rnapol	0.0	0.0	0.0
22	__protein1_rbs	1.4	0.0	0.0
22	__protein2_rbs	1.4	0.0	0.0
22	__protein3_rbs	0.4	0.0	0.0
22	__ribosome	73.8	0.0	0.0
22	__rnase_site_ext	3.0	0.0	0.0
22	p0	1.0	0.0	0.0
22	p1	1.0	0.0	0.0
22	p2	0.4	0.0	0.0
22	protein1	25.4	3.0	3.7
22	protein2	7.6	3.8	3.2333334
22	protein3	0.0	2.0	1.6333334000000002
22	r1	3.8	0.0	0.0
22	rnapol	0.0	0.0	0.0
23	__protein1_rbs	1.4	0.0	0.0
23	__protein2_rbs	1.6	0.0	0.0
23	__protein3_rbs	1.0	0.0	0.0
23	__ribosome	73.8	0.0	0.0
23	__rnase_site_ext	3.0	0.0	0.0
23	p0	1.0	0.0	0.0
23	p1	0.8	0.0	0.0
23	p2	0.6	0.0	0.0
23	protein1	28.2	3.0	3.2166666
23	protein2	10.2	3.8	3.1833334
23	protein3	0.0	2.6	1.9
23	r1	3.8	0.0	0.0
23	rnapol	0.0	0.0	0.0
24	__protein1_rbs	1.2	0.0	0.0
24	__protein2_rbs	1.2	0.0	0.0
24	__protein3_rbs	1.2	0.0	0.0
24	__ribosome	72.0	0.0	0.0
24	__rnase_site_ext	3.0	0.0	0.0
24	p0	1.0	0.0	0.0
24	p1	0.8	0.0	0.0
24	p2	0.8	0.0	0.0
24	protein1	29.8	3.0	3.1833334
24	protein2	12.0	3.8	3.3833334
24	protein3	0.4	2.8	2.25
24	r1	3.6	0.0	0.0
24	rnapol	0.2	0.0	0.0
25	__protein1_rbs	1.6	0.0	0.0
25	__protein2_rbs	1.8	0.0	0.0
25	__protein3_rbs	0.6	0.0	0.0
25	__ribosome	72.8	0.0	0.0
25	__rnase_site_ext	3.2	0.0	0.0
25	p0	0.8	0.0	0.0
25	p1	1.0	0.0	0.0
25	p2	0.8	0.0	0.0
25	protein1	32.4	3.0	2.7166666
25	protein2	14.8	3.8	3.0666666
25	protein3	0.8	2.8	2.7333334
25	r1	3.6	0.0	0.0
25	rnapol	0.6	0.0	0.0
26	__protein1_rbs	0.8	0.0	0.0
26	__protein2_rbs	1.4	0.0	0.0
26	__protein3_rbs	1.2	0.0	0.0
26	__ribosome	71.2	0.0	0.0
26	__rnase_site_ext	3.2	0.0	0.0
26	p0	0.8	0.0	0.0
26	p1	1.0	0.0	0.0
26	p2	0.8	0.0	0.0
26	protein1	33.8	3.0	2.9166668
26	protein2	17.0	4.0	3.05
26	protein3	2.0	3.2	2.55
26	r1	3.4	0.0	0.0
26	rnapol	1.4	0.0	0.0
27	__protein1_rbs	1.2	0.0	0.0
27	__protein2_rbs	1.4	0.0	0.0
27	__protein3_rbs	1.6	0.0	0.0
27	__ribosome	70.6	0.0	0.0
27	__rnase_site_ext	3.4	0.0	0.0
27	p0	1.0	0.0	0.0
27	p1	1.0	0.0	0.0
27	p2	1.0	0.0	0.0
27	protein1	35.6	3.2	2.6666668
27	protein2	19.0	4.0	3.1
27	protein3	3.2	3.4	2.4333334
27	r1	3.4	0.0	0.0
27	rnapol	1.8	0.0	0.0
28	__protein1_rbs	1.2	0.0	0.0
28	__protein2_rbs	1.8	0.0	0.0
28	__protein3_rbs	1.0	0.0	0.0
28	__ribosome	69.4	0.0	0.0
28	__rnase_site_ext	3.6	0.0	0.0
28	p0	0.8	0.0	0.0
28	p1	1.0	0.0	0.0
28	p2	1.0	0.0	0.0
28	protein1	37.0	3.4	2.76
28	protein2	21.6	3.8	3.15
28	protein3	4.6	3.6	2.7
28	r1	3.4	0.0	0.0
28	rnapol	2.0	0.0	0.0
29	__protein1_rbs	1.0	0.0	0.0
29	__protein2_rbs	1.0	0.0	0.0
29	__protein3_rbs	1.0	0.0	0.0
29	__ribosome	69.2	0.0	0.0
29	__rnase_site_ext	3.6	0.0	0.0
29	p0	0.8	0.0	0.0
29	p1	1.0	0.0	0.0
29	p2	1.0	0.0	0.0
29	protein1	39.0	3.6	2.62
29	protein2	24.4	3.8	3.0833334
29	protein3	6.0	3.6	2.75
29	r1	3.2	0.0	0.0
29	rnapol	2.0	0.0	0.0
30	__protein1_rbs	1.6	0.0	0.0
30	__protein2_rbs	2.0	0.0	0.0
30	__protein3_rbs	2.4	0.0	0.0
30	__ribosome	69.2	0.0	0.0
30	__rnase_site_ext	4.0	0.0	0.0
30	p0	0.8	0.0	0.0
30	p1	0.8	0.0	0.0
30	p2	0.8	0.0	0.0
30	protein1	40.4	3.6	2.9666666
30	protein2	26.2	3.6	3.25
30	protein3	7.6	3.8	2.4833334
30	r1	3.2	0.0	0.0
30	rnapol	1.6	0.0	0.0
31	__protein1_rbs	1.0	0.0	0.0
31	__protein2_rbs	1.2	0.0	0.0
31	__protein3_rbs	2.4	0.0	0.0
31	__ribosome	69.2	0.0	0.0
31	__rnase_site_ext	4.4	0.0	0.0
31	p0	0.6	0.0	0.0
31	p1	1.0	0.0	0.0
31	p2	0.8	0.0	0.0
31	protein1	42.6	3.6	3.0
31	protein2	28.2	3.6	3.3
31	protein3	10.0	3.8	2.3833333999999997
31	r1	3.4	0.0	0.0
31	rnapol	1.8	0.0	0.0
32	__protein1_rbs	2.0	0.0	0.0
32	__protein2_rbs	1.4	0.0	0.0
32	__protein3_rbs	2.0	0.0	0.0
32	__ribosome	67.8	0.0	0.0
32	__rnase_site_ext	4.4	0.0	0.0
32	p0	1.0	0.0	0.0
32	p1	0.8	0.0	0.0
32	p2	1.0	0.0	0.0
32	protein1	43.4	3.8	3.0466666
32	protein2	30.6	3.8	3.0633334000000003
32	protein3	11.6	3.8	2.6
32	r1	3.2	0.0	0.0
32	rnapol	1.8	0.0	0.0
33	__protein1_rbs	2.4	0.0	0.0
33	__protein2_rbs	1.4	0.0	0.0
33	__protein3_rbs	0.8	0.0	0.0
33	__ribosome	67.2	0.0	0.0
33	__rnase_site_ext	4.6	0.0	0.0
33	p0	0.4	0.0	0.0
33	p1	0.8	0.0	0.0
33	p2	1.0	0.0	0.0
33	protein1	45.2	4.2	2.52
33	protein2	33.0	3.6	3.2533332
33	protein3	14.0	3.8	2.7833334
33	r1	3.4	0.0	0.0
33	rnapol	1.2	0.0	0.0
34	__protein1_rbs	1.2	0.0	0.0
34	__protein2_rbs	2.0	0.0	0.0
34	__protein3_rbs	1.6	0.0	0.0
34	__ribosome	66.4	0.0	0.0
34	__rnase_site_ext	5.4	0.0	0.0
34	p0	0.6	0.0	0.0
34	p1	0.8	0.0	0.0
34	p2	1.0	0.0	0.0
34	protein1	47.8	4.4	2.5433332
34	protein2	34.8	3.6	3.22
34	protein3	16.0	4.0	2.7
34	r1	3.6	0.0	0.0
34	rnapol	1.0	0.0	0.0
35	__protein1_rbs	2.2	0.0	0.0
35	__protein2_rbs	0.8	0.0	0.0
35	__protein3_rbs	1.2	0.0	0.0
35	__ribosome	64.4	0.0	0.0
35	__rnase_site_ext	5.4	0.0	0.0
35	p0	1.0	0.0	0.0
35	p1	0.8	0.0	0.0
35	p2	1.0	0.0	0.0
35	protein1	49.4	5.0	2.4638093999999997
35	protein2	37.0	3.8	3.2766667999999997
35	protein3	18.0	4.0	2.8
35	r1	3.8	0.0	0.0
35	rnapol	1.0	0.0	0.0
36	__protein1_rbs	1.6	0.0	0.0
36	__protein2_rbs	1.6	0.0	0.0
36	__protein3_rbs	1.8	0.0	0.0
36	__ribosome	63.8	0.0	0.0
36	__rnase_site_ext	5.8	0.0	0.0
36	p0	0.6	0.0	0.0
36	p1	0.8	0.0	0.0
36	p2	0.8	0.0	0.0
36	protein1	52.0	5.2	2.4809523999999996
36	protein2	39.2	3.6	3.3166665999999996
36	protein3	19.6	4.0	2.9
36	r1	4.0	0.0	0.0
36	rnapol	0.8	0.0	0.0
37	__protein1_rbs	2.4	0.0	0.0
37	__protein2_rbs	1.8	0.0	0.0
37	__protein3_rbs	2.0	0.0	0.0
37	__ribosome	63.4	0.0	0.0
37	__rnase_site_ext	5.8	0.0	0.0
37	p0	1.0	0.0	0.0
37	p1	0.8	0.0	0.0
37	p2	0.8	0.0	0.0
37	protein1	53.6	5.2	2.6933334
37	protein2	41.6	3.8	2.98
37	protein3	21.6	4.0	2.85
37	r1	4.4	0.0	0.0
37	rnapol	0.6	0.0	0.0
38	__protein1_rbs	2.0	0.0	0.0
38	__protein2_rbs	1.6	0.0	0.0
38	__protein3_rbs	2.4	0.0	0.0
38	__ribosome	65.2	0.0	0.0
38	__rnase_site_ext	5.8	0.0	0.0
38	p0	1.0	0.0	0.0
38	p1	0.4	0.0	0.0
38	p2	1.0	0.0	0.0
38	protein1	56.6	5.6	2.604762
38	protein2	44.0	4.0	2.7866668
38	protein3	24.6	4.0	2.45
38	r1	4.4	0.0	0.0
38	rnapol	0.6	0.0	0.0
39	__protein1_rbs	2.6	0.0	0.0
39	__protein2_rbs	1.4	0.0	0.0
39	__protein3_rbs	1.4	0.0	0.0
39	__ribosome	63.6	0.0	0.0
39	__rnase_site_ext	5.8	0.0	0.0
39	p0	1.0	0.0	0.0
39	p1	0.6	0.0	0.0
39	p2	0.8	0.0	0.0
39	protein1	58.6	5.6	2.6999998
39	protein2	46.0	4.0	2.9466666
39	protein3	26.6	4.0	2.55
39	r1	4.6	0.0	0.0
39	rnapol	0.6	0.0	0.0
40	__protein1_rbs	2.4	0.0	0.0
40	__protein2_rbs	2.0	0.0	0.0
40	__protein3_rbs	1.8	0.0	0.0
40	__ribosome	64.2	0.0	0.0
40	__rnase_site_ext	5.6	0.0	0.0
40	p0	1.0	0.0	0.0
40	p1	0.8	0.0	0.0
40	p2	1.0	0.0	0.0
40	protein1	61.8	5.6	2.7476192000000004
40	protein2	48.4	4.2	2.7300000000000004
40	protein3	29.2	4.2	2.35
40	r1	5.4	0.0	0.0
40	rnapol	0.8	0.0	0.0
41	__protein1_rbs	2.8	0.0	0.0
41	__protein2_rbs	1.4	0.0	0.0
41	__protein3_rbs	1.8	0.0	0.0
41	__ribosome	62.2	0.0	0.0
41	__rnase_site_ext	5.4	0.0	0.0
41	p0	1.0	0.0	0.0
41	p1	0.2	0.0	0.0
41	p2	0.8	0.0	0.0
41	protein1	64.2	5.6	2.8095237999999996
41	protein2	50.2	4.6	2.6133333999999997
41	protein3	30.8	4.2	2.48
41	r1	5.2	0.0	0.0
41	rnapol	0.8	0.0	0.0
42	__protein1_rbs	1.6	0.0	0.0
42	__protein2_rbs	1.2	0.0	0.0
42	__protein3_rbs	1.6	0.0	0.0
42	__ribosome	60.0	0.0	0.0
42	__rnase_site_ext	5.6	0.0	0.0
42	p0	0.8	0.0	0.0
42	p1	0.2	0.0	0.0
42	p2	1.0	0.0	0.0
42	protein1	67.2	5.2	3.1133333999999997
42	protein2	52.0	4.6	2.8533334
42	protein3	32.6	4.2	2.58
42	r1	5.4	0.0	0.0
42	rnapol	0.6	0.0	0.0
43	__protein1_rbs	1.8	0.0	0.0
43	__protein2_rbs	2.2	0.0	0.0
43	__protein3_rbs	1.4	0.0	0.0
43	__ribosome	60.6	0.0	0.0
43	__rnase_site_ext	5.8	0.0	0.0
43	p0	0.8	0.0	0.0
43	p1	0.8	0.0	0.0
43	p2	0.8	0.0	0.0
43	protein1	70.2	5.2	3.0799998
43	protein2	54.4	4.8	2.4866666000000004
43	protein3	34.8	4.4	2.5900000000000003
43	r1	5.8	0.0	0.0
43	rnapol	0.4	0.0	0.0
44	__protein1_rbs	2.0	0.0	0.0
44	__protein2_rbs	1.8	0.0	0.0
44	__protein3_rbs	2.0	0.0	0.0
44	__ribosome	57.4	0.0	0.0
44	__rnase_site_ext	5.8	0.0	0.0
44	p0	0.8	0.0	0.0
44	p1	0.4	0.0	0.0
44	p2	0.4	0.0	0.0
44	protein1	73.4	5.6	2.9395238
44	protein2	56.4	5.6	2.477619
44	protein3	36.0	4.4	2.8
44	r1	5.8	0.0	0.0
44	rnapol	0.2	0.0	0.0
45	__protein1_rbs	2.0	0.0	0.0
45	__protein2_rbs	2.6	0.0	0.0
45	__protein3_rbs	1.2	0.0	0.0
45	__ribosome	57.2	0.0	0.0
45	__rnase_site_ext	6.0	0.0	0.0
45	p0	1.0	0.0	0.0
45	p1	0.8	0.0	0.0
45	p2	0.4	0.0	0.0
45	protein1	76.8	5.6	2.7595240000000003
45	protein2	59.2	5.6	2.4061906000000004
45	protein3	38.2	4.4	3.1566666000000003
45	r1	5.8	0.0	0.0
45	rnapol	0.2	0.0	0.0
46	__protein1_rbs	2.8	0.0	0.0
46	__protein2_rbs	2.8	0.0	0.0
46	__protein3_rbs	2.0	0.0	0.0
46	__ribosome	57.0	0.0	0.0
46	__rnase_site_ext	6.0	0.0	0.0
46	p0	1.0	0.0	0.0
46	p1	1.0	0.0	0.0
46	p2	0.8	0.0	0.0
46	protein1	79.2	5.8	2.7657144
46	protein2	61.6	5.8	2.4595238
46	protein3	40.6	4.2	3.2299999999999995
46	r1	5.8	0.0	0.0
46	rnapol	0.2	0.0	0.0
47	__protein1_rbs	2.0	0.0	0.0
47	__protein2_rbs	2.6	0.0	0.0
47	__protein3_rbs	1.2	0.0	0.0
47	__ribosome	55.8	0.0	0.0
47	__rnase_site_ext	6.0	0.0	0.0
47	p0	1.0	0.0	0.0
47	p1	1.0	0.0	0.0
47	p2	0.8	0.0	0.0
47	protein1	82.6	5.8	2.8228572
47	protein2	64.2	6.0	2.4976192000000004
47	protein3	43.4	4.4	3.1666666
47	r1	5.8	0.0	0.0
47	rnapol	0.2	0.0	0.0
48	__protein1_rbs	2.8	0.0	0.0
48	__protein2_rbs	2.2	0.0	0.0
48	__protein3_rbs	1.2	0.0	0.0
48	__ribosome	54.0	0.0	0.0
48	__rnase_site_ext	6.0	0.0	0.0
48	p0	1.0	0.0	0.0
48	p1	1.0	0.0	0.0
48	p2	0.2	0.0	0.0
48	protein1	85.8	5.8	2.8171428
48	protein2	66.4	6.0	2.7309522
48	protein3	45.6	4.4	3.2000002000000003
48	r1	6.0	0.0	0.0
48	rnapol	0.4	0.0	0.0
49	__protein1_rbs	3.2	0.0	0.0
49	__protein2_rbs	2.2	0.0	0.0
49	__protein3_rbs	1.6	0.0	0.0
49	__ribosome	55.6	0.0	0.0
49	__rnase_site_ext	6.0	0.0	0.0
49	p0	1.0	0.0	0.0
49	p1	1.0	0.0	0.0
49	p2	0.8	0.0	0.0
49	protein1	88.8	5.8	2.6457142
49	protein2	69.2	6.0	2.7619048
49	protein3	48.8	4.8	2.7366666
49	r1	6.0	0.0	0.0
49	rnapol	0.4	0.0	0.0
50	__protein1_rbs	3.2	0.0	0.0
50	__protein2_rbs	2.2	0.0	0.0
50	__protein3_rbs	1.6	0.0	0.0
50	__ribosome	54.0	0.0	0.0
50	__rnase_site_ext	5.8	0.0	0.0
50	p0	1.0	0.0	0.0
50	p1	0.6	0.0	0.0
50	p2	0.8	0.0	0.0
50	protein1	91.6	5.8	2.7428572
50	protein2	72.8	6.0	2.7690478
50	protein3	50.8	5.0	2.7
50	r1	6.2	0.0	0.0
50	rnapol	0.6	0.0	0.0
51	__protein1_rbs	3.2	0.0	0.0
51	__protein2_rbs	2.2	0.0	0.0
51	__protein3_rbs	2.2	0.0	0.0
51	__ribosome	54.6	0.0	0.0
51	__rnase_site_ext	5.8	0.0	0.0
51	p0	0.8	0.0	0.0
51	p1	0.8	0.0	0.0
51	p2	0.6	0.0	0.0
51	protein1	95.2	5.6	2.624762
51	protein2	75.6	6.0	2.8690478
51	protein3	53.4	5.2	2.6033334
51	r1	6.4	0.0	0.0
51	rnapol	0.4	0.0	0.0
52	__protein1_rbs	2.6	0.0	0.0
52	__protein2_rbs	4.0	0.0	0.0
52	__protein3_rbs	3.0	0.0	0.0
52	__ribosome	54.8	0.0	0.0
52	__rnase_site_ext	5.8	0.0	0.0
52	p0	1.0	0.0	0.0
52	p1	0.6	0.0	0.0
52	p2	0.8	0.0	0.0
52	protein1	98.8	5.6	2.5580952000000003
52	protein2	78.2	6.4	2.6180953999999996
52	protein3	55.8	6.0	2.3323807999999997
52	r1	6.0	0.0	0.0
52	rnapol	0.4	0.0	0.0
53	__protein1_rbs	3.0	0.0	0.0
53	__protein2_rbs	2.6	0.0	0.0
53	__protein3_rbs	2.0	0.0	0.0
53	__ribosome	52.6	0.0	0.0
53	__rnase_site_ext	5.8	0.0	0.0
53	p0	1.0	0.0	0.0
53	p1	0.8	0.0	0.0
53	p2	1.0	0.0	0.0
53	protein1	101.2	5.8	2.5114286000000003
53	protein2	81.0	6.6	2.7088096
53	protein3	58.6	5.8	2.604762
53	r1	6.0	0.0	0.0
53	rnapol	0.6	0.0	0.0
54	__protein1_rbs	2.6	0.0	0.0
54	__protein2_rbs	3.4	0.0	0.0
54	__protein3_rbs	3.2	0.0	0.0
54	__ribosome	53.2	0.0	0.0
54	__rnase_site_ext	5.6	0.0	0.0
54	p0	1.0	0.0	0.0
54	p1	1.0	0.0	0.0
54	p2	1.0	0.0	0.0
54	protein1	104.4	5.6	2.5799998
54	protein2	85.2	6.6	2.565
54	protein3	60.8	6.0	2.5980952000000004
54	r1	6.0	0.0	0.0
54	rnapol	1.0	0.0	0.0
55	__protein1_rbs	3.0	0.0	0.0
55	__protein2_rbs	3.2	0.0	0.0
55	__protein3_rbs	2.6	0.0	0.0
55	__ribosome	53.4	0.0	0.0
55	__rnase_site_ext	5.6	0.0	0.0
55	p0	1.0	0.0	0.0
55	p1	1.0	0.0	0.0
55	p2	1.0	0.0	0.0
55	protein1	107.0	5.4	2.5966666000000003
55	protein2	88.4	6.6	2.5714284
55	protein3	63.6	6.4	2.5
55	r1	5.8	0.0	0.0
55	rnapol	1.6	0.0	0.0
56	__protein1_rbs	1.6	0.0	0.0
56	__protein2_rbs	2.8	0.0	0.0
56	__protein3_rbs	3.0	0.0	0.0
56	__ribosome	52.6	0.0	0.0
56	__rnase_site_ext	6.0	0.0	0.0
56	p0	0.6	0.0	0.0
56	p1	1.0	0.0	0.0
56	p2	0.6	0.0	0.0
56	protein1	110.2	5.4	2.6366666000000003
56	protein2	92.0	6.6	2.652381
56	protein3	66.6	6.2	2.5904762000000003
56	r1	5.8	0.0	0.0
56	rnapol	1.4	0.0	0.0
57	__protein1_rbs	2.6	0.0	0.0
57	__protein2_rbs	3.6	0.0	0.0
57	__protein3_rbs	2.8	0.0	0.0
57	__ribosome	52.6	0.0	0.0
57	__rnase_site_ext	6.2	0.0	0.0
57	p0	1.0	0.0	0.0
57	p1	1.0	0.0	0.0
57	p2	0.4	0.0	0.0
57	protein1	112.4	5.8	2.535238
57	protein2	95.0	6.6	2.5714286
57	protein3	70.0	6.2	2.5690476
57	r1	6.0	0.0	0.0
57	rnapol	1.4	0.0	0.0
58	__protein1_rbs	2.0	0.0	0.0
58	__protein2_rbs	2.2	0.0	0.0
58	__protein3_rbs	2.2	0.0	0.0
58	__ribosome	50.0	0.0	0.0
58	__rnase_site_ext	6.4	0.0	0.0
58	p0	1.0	0.0	0.0
58	p1	0.8	0.0	0.0
58	p2	0.8	0.0	0.0
58	protein1	115.6	6.0	2.4952382
58	protein2	98.6	6.4	2.8095236
58	protein3	72.4	6.2	2.7500002
58	r1	6.0	0.0	0.0
58	rnapol	1.6	0.0	0.0
59	__protein1_rbs	3.0	0.0	0.0
59	__protein2_rbs	3.4	0.0	0.0
59	__protein3_rbs	3.0	0.0	0.0
59	__ribosome	51.0	0.0	0.0
59	__rnase_site_ext	6.8	0.0	0.0
59	p0	0.6	0.0	0.0
59	p1	0.8	0.0	0.0
59	p2	0.8	0.0	0.0
59	protein1	118.6	6.2	2.42
59	protein2	101.4	6.2	2.8142857999999995
59	protein3	75.8	6.2	2.6714286
59	r1	6.0	0.0	0.0
59	rnapol	1.4	0.0	0.0
60	__protein1_rbs	3.2	0.0	0.0
60	__protein2_rbs	3.0	0.0	0.0
60	__protein3_rbs	2.6	0.0	0.0
60	__ribosome	50.4	0.0	0.0
60	__rnase_site_ext	6.6	0.0	0.0
60	p0	0.8	0.0	0.0
60	p1	1.0	0.0	0.0
60	p2	0.8	0.0	0.0
60	protein1	120.6	6.6	2.4659524
60	protein2	105.2	6.2	2.6838096
60	protein3	78.8	6.4	2.6133333999999997
60	r1	6.0	0.0	0.0
60	rnapol	1.2	0.0	0.0
61	__protein1_rbs	2.6	0.0	0.0
61	__protein2_rbs	3.2	0.0	0.0
61	__protein3_rbs	3.2	0.0	0.0
61	__ribosome	49.0	0.0	0.0
61	__rnase_site_ext	6.8	0.0	0.0
61	p0	0.6	0.0	0.0
61	p1	1.0	0.0	0.0
61	p2	1.0	0.0	0.0
61	protein1	123.6	6.4	2.757143
61	protein2	108.4	6.4	2.585714
61	protein3	82.0	6.8	2.515
61	r1	6.2	0.0	0.0
61	rnapol	1.2	0.0	0.0
62	__protein1_rbs	3.0	0.0	0.0
62	__protein2_rbs	3.2	0.0	0.0
62	__protein3_rbs	4.0	0.0	0.0
62	__ribosome	49.4	0.0	0.0
62	__rnase_site_ext	7.0	0.0	0.0
62	p0	1.0	0.0	0.0
62	p1	0.8	0.0	0.0
62	p2	1.0	0.0	0.0
62	protein1	126.8	6.6	2.6034919999999997
62	protein2	111.6	6.2	2.66
62	protein3	84.6	6.8	2.5114287999999996
62	r1	6.2	0.0	0.0
62	rnapol	1.2	0.0	0.0
63	__protein1_rbs	2.8	0.0	0.0
63	__protein2_rbs	2.6	0.0	0.0
63	__protein3_rbs	3.4	0.0	0.0
63	__ribosome	49.8	0.0	0.0
63	__rnase_site_ext	7.0	0.0	0.0
63	p0	0.8	0.0	0.0
63	p1	0.6	0.0	0.0
63	p2	1.0	0.0	0.0
63	protein1	130.0	6.8	2.6346032000000004
63	protein2	116.2	6.2	2.4523808
63	protein3	88.0	7.0	2.4464284
63	r1	6.4	0.0	0.0
63	rnapol	1.0	0.0	0.0
64	__protein1_rbs	3.8	0.0	0.0
64	__protein2_rbs	3.2	0.0	0.0
64	__protein3_rbs	3.8	0.0	0.0
64	__ribosome	51.4	0.0	0.0
64	__rnase_site_ext	6.8	0.0	0.0
64	p0	0.8	0.0	0.0
64	p1	0.8	0.0	0.0
64	p2	0.8	0.0	0.0
64	protein1	132.8	6.8	2.6146032000000003
64	protein2	119.2	6.2	2.3704762
64	protein3	91.8	6.8	2.4369046
64	r1	6.6	0.0	0.0
64	rnapol	0.8	0.0	0.0
65	__protein1_rbs	3.4	0.0	0.0
65	__protein2_rbs	3.2	0.0	0.0
65	__protein3_rbs	2.8	0.0	0.0
65	__ribosome	50.2	0.0	0.0
65	__rnase_site_ext	7.0	0.0	0.0
65	p0	0.8	0.0	0.0
65	p1	0.8	0.0	0.0
65	p2	0.8	0.0	0.0
65	protein1	137.0	6.6	2.5749207999999997
65	protein2	121.8	6.6	2.3885714
65	protein3	95.0	6.8	2.5833334
65	r1	6.6	0.0	0.0
65	rnapol	0.8	0.0	0.0
66	__protein1_rbs	3.2	0.0	0.0
66	__protein2_rbs	2.4	0.0	0.0
66	__protein3_rbs	3.4	0.0	0.0
66	__ribosome	48.6	0.0	0.0
66	__rnase_site_ext	7.4	0.0	0.0
66	p0	0.8	0.0	0.0
66	p1	0.4	0.0	0.0
66	p2	1.0	0.0	0.0
66	protein1	139.6	6.8	2.5755556
66	protein2	124.6	6.6	2.5314285999999995
66	protein3	98.2	6.8	2.5547617999999996
66	r1	6.6	0.0	0.0
66	rnapol	1.0	0.0	0.0
67	__protein1_rbs	3.0	0.0	0.0
67	__protein2_rbs	2.8	0.0	0.0
67	__protein3_rbs	3.2	0.0	0.0
67	__ribosome	49.2	0.0	0.0
67	__rnase_site_ext	7.4	0.0	0.0
67	p0	0.8	0.0	0.0
67	p1	0.4	0.0	0.0
67	p2	1.0	0.0	0.0
67	protein1	143.8	7.0	2.4146030000000005
67	protein2	127.2	6.8	2.6242857999999996
67	protein3	102.2	6.8	2.3773807999999996
67	r1	6.8	0.0	0.0
67	rnapol	0.8	0.0	0.0
68	__protein1_rbs	4.8	0.0	0.0
68	__protein2_rbs	4.8	0.0	0.0
68	__protein3_rbs	3.4	0.0	0.0
68	__ribosome	50.8	0.0	0.0
68	__rnase_site_ext	7.2	0.0	0.0
68	p0	1.0	0.0	0.0
68	p1	0.4	0.0	0.0
68	p2	1.0	0.0	0.0
68	protein1	147.0	7.2	2.2888888
68	protein2	130.6	7.0	2.3242856
68	protein3	105.2	6.8	2.392857
68	r1	7.0	0.0	0.0
68	rnapol	0.8	0.0	0.0
69	__protein1_rbs	3.4	0.0	0.0
69	__protein2_rbs	4.0	0.0	0.0
69	__protein3_rbs	4.6	0.0	0.0
69	__ribosome	50.2	0.0	0.0
69	__rnase_site_ext	7.2	0.0	0.0
69	p0	0.8	0.0	0.0
69	p1	0.6	0.0	0.0
69	p2	0.8	0.0	0.0
69	protein1	151.2	7.2	2.2479364000000004
69	protein2	133.4	7.4	2.3484124
69	protein3	108.0	7.0	2.2940474
69	r1	7.2	0.0	0.0
69	rnapol	0.8	0.0	0.0
70	__protein1_rbs	3.6	0.0	0.0
70	__protein2_rbs	3.6	0.0	0.0
70	__protein3_rbs	4.2	0.0	0.0
70	__ribosome	49.6	0.0	0.0
70	__rnase_site_ext	7.2	0.0	0.0
70	p0	0.8	0.0	0.0
70	p1	0.8	0.0	0.0
70	p2	0.6	0.0	0.0
70	protein1	153.2	7.0	2.4835716000000003
70	protein2	137.4	7.4	2.3515874
70	protein3	111.4	7.0	2.1964286
70	r1	7.4	0.0	0.0
70	rnapol	0.8	0.0	0.0
71	__protein1_rbs	3.2	0.0	0.0
71	__protein2_rbs	3.8	0.0	0.0
71	__protein3_rbs	3.0	0.0	0.0
71	__ribosome	48.0	0.0	0.0
71	__rnase_site_ext	7.2	0.0	0.0
71	p0	0.8	0.0	0.0
71	p1	0.6	0.0	0.0
71	p2	0.8	0.0	0.0
71	protein1	156.6	7.0	2.5928572
71	protein2	140.6	7.4	2.4238096
71	protein3	114.6	7.0	2.3178572
71	r1	7.4	0.0	0.0
71	rnapol	0.6	0.0	0.0
72	__protein1_rbs	4.6	0.0	0.0
72	__protein2_rbs	4.4	0.0	0.0
72	__protein3_rbs	3.6	0.0	0.0
72	__ribosome	51.0	0.0	0.0
72	__rnase_site_ext	7.2	0.0	0.0
72	p0	1.0	0.0	0.0
72	p1	0.6	0.0	0.0
72	p2	0.8	0.0	0.0
72	protein1	160.6	7.0	2.3835716
72	protein2	145.0	7.4	2.1809522
72	protein3	117.6	7.0	2.3297618
72	r1	7.2	0.0	0.0
72	rnapol	0.6	0.0	0.0
73	__protein1_rbs	2.6	0.0	0.0
73	__protein2_rbs	4.6	0.0	0.0
73	__protein3_rbs	3.4	0.0	0.0
73	__ribosome	49.4	0.0	0.0
73	__rnase_site_ext	7.2	0.0	0.0
73	p0	0.8	0.0	0.0
73	p1	0.6	0.0	0.0
73	p2	0.4	0.0	0.0
73	protein1	163.4	7.0	2.5607144
73	protein2	147.4	7.4	2.2559524
73	protein3	120.8	7.0	2.3333334
73	r1	7.4	0.0	0.0
73	rnapol	0.4	0.0	0.0
74	__protein1_rbs	3.2	0.0	0.0
74	__protein2_rbs	3.4	0.0	0.0
74	__protein3_rbs	3.8	0.0	0.0
74	__ribosome	48.8	0.0	0.0
74	__rnase_site_ext	7.4	0.0	0.0
74	p0	1.0	0.0	0.0
74	p1	0.6	0.0	0.0
74	p2	0.8	0.0	0.0
74	protein1	166.8	7.0	2.6202382
74	protein2	151.0	7.6	2.2869048
74	protein3	124.4	7.4	2.1861112
74	r1	7.2	0.0	0.0
74	rnapol	0.4	0.0	0.0
75	__protein1_rbs	3.4	0.0	0.0
75	__protein2_rbs	4.2	0.0	0.0
75	__protein3_rbs	3.6	0.0	0.0
75	__ribosome	48.2	0.0	0.0
75	__rnase_site_ext	7.6	0.0	0.0
75	p0	0.8	0.0	0.0
75	p1	0.8	0.0	0.0
75	p2	0.8	0.0	0.0
75	protein1	170.2	7.2	2.5666666
75	protein2	154.8	8.0	2.0519842
75	protein3	126.6	7.0	2.4571428
75	r1	7.0	0.0	0.0
75	rnapol	0.4	0.0	0.0
76	__protein1_rbs	2.8	0.0	0.0
76	__protein2_rbs	4.0	0.0	0.0
76	__protein3_rbs	3.4	0.0	0.0
76	__ribosome	49.2	0.0	0.0
76	__rnase_site_ext	7.6	0.0	0.0
76	p0	1.0	0.0	0.0
76	p1	1.0	0.0	0.0
76	p2	0.6	0.0	0.0
76	protein1	175.0	7.2	2.5158732
76	protein2	158.2	8.0	2.0634919999999997
76	protein3	131.0	7.2	2.295238
76	r1	7.2	0.0	0.0
76	rnapol	0.4	0.0	0.0
77	__protein1_rbs	4.4	0.0	0.0
77	__protein2_rbs	3.2	0.0	0.0
77	__protein3_rbs	3.4	0.0	0.0
77	__ribosome	47.4	0.0	0.0
77	__rnase_site_ext	7.4	0.0	0.0
77	p0	1.0	0.0	0.0
77	p1	0.8	0.0	0.0
77	p2	0.6	0.0	0.0
77	protein1	177.8	7.4	2.4222222
77	protein2	161.4	8.0	2.2611112
77	protein3	133.8	7.6	2.2785716000000003
77	r1	7.4	0.0	0.0
77	rnapol	0.4	0.0	0.0
78	__protein1_rbs	4.0	0.0	0.0
78	__protein2_rbs	3.8	0.0	0.0
78	__protein3_rbs	3.0	0.0	0.0
78	__ribosome	45.2	0.0	0.0
78	__rnase_site_ext	7.4	0.0	0.0
78	p0	1.0	0.0	0.0
78	p1	0.6	0.0	0.0
78	p2	0.6	0.0	0.0
78	protein1	181.4	7.2	2.4007936
78	protein2	163.6	7.8	2.6083334
78	protein3	137.2	7.8	2.288095
78	r1	7.4	0.0	0.0
78	rnapol	0.4	0.0	0.0
79	__protein1_rbs	3.2	0.0	0.0
79	__protein2_rbs	4.8	0.0	0.0
79	__protein3_rbs	3.2	0.0	0.0
79	__ribosome	45.0	0.0	0.0
79	__rnase_site_ext	7.6	0.0	0.0
79	p0	0.8	0.0	0.0
79	p1	0.8	0.0	0.0
79	p2	0.6	0.0	0.0
79	protein1	184.4	7.2	2.424603
79	protein2	167.8	7.8	2.45
79	protein3	140.4	7.8	2.4388888
79	r1	7.4	0.0	0.0
79	rnapol	0.6	0.0	0.0
80	__protein1_rbs	3.8	0.0	0.0
80	__protein2_rbs	3.4	0.0	0.0
80	__protein3_rbs	4.8	0.0	0.0
80	__ribosome	45.0	0.0	0.0
80	__rnase_site_ext	7.4	0.0	0.0
80	p0	1.0	0.0	0.0
80	p1	1.0	0.0	0.0
80	p2	0.6	0.0	0.0
80	protein1	188.4	7.4	2.2837302000000004
80	protein2	171.2	7.8	2.5416666
80	protein3	143.4	8.0	2.3087302000000003
80	r1	7.2	0.0	0.0
80	rnapol	0.8	0.0	0.0
81	__protein1_rbs	2.8	0.0	0.0
81	__protein2_rbs	3.2	0.0	0.0
81	__protein3_rbs	4.4	0.0	0.0
81	__ribosome	44.6	0.0	0.0
81	__rnase_site_ext	7.4	0.0	0.0
81	p0	1.0	0.0	0.0
81	p1	0.8	0.0	0.0
81	p2	0.8	0.0	0.0
81	protein1	192.6	7.2	2.3611112000000003
81	protein2	175.0	7.6	2.5714286
81	protein3	146.4	8.2	2.3380954
81	r1	7.0	0.0	0.0
81	rnapol	0.8	0.0	0.0
82	__protein1_rbs	4.0	0.0	0.0
82	__protein2_rbs	3.6	0.0	0.0
82	__protein3_rbs	4.8	0.0	0.0
82	__ribosome	44.8	0.0	0.0
82	__rnase_site_ext	7.6	0.0	0.0
82	p0	1.0	0.0	0.0
82	p1	0.8	0.0	0.0
82	p2	1.0	0.0	0.0
82	protein1	194.4	7.2	2.5888888000000003
82	protein2	179.6	7.6	2.4107142
82	protein3	150.2	8.4	2.2059523999999997
82	r1	7.0	0.0	0.0
82	rnapol	0.8	0.0	0.0
83	__protein1_rbs	3.4	0.0	0.0
83	__protein2_rbs	3.6	0.0	0.0
83	__protein3_rbs	3.4	0.0	0.0
83	__ribosome	43.0	0.0	0.0
83	__rnase_site_ext	7.8	0.0	0.0
83	p0	1.0	0.0	0.0
83	p1	0.8	0.0	0.0
83	p2	1.0	0.0	0.0
83	protein1	198.2	7.4	2.5255556
83	protein2	183.4	7.6	2.5
83	protein3	154.2	8.6	2.2527776000000004
83	r1	7.2	0.0	0.0
83	rnapol	1.0	0.0	0.0
84	__protein1_rbs	3.4	0.0	0.0
84	__protein2_rbs	4.6	0.0	0.0
84	__protein3_rbs	5.2	0.0	0.0
84	__ribosome	44.6	0.0	0.0
84	__rnase_site_ext	7.8	0.0	0.0
84	p0	1.0	0.0	0.0
84	p1	0.8	0.0	0.0
84	p2	0.6	0.0	0.0
84	protein1	202.4	7.4	2.4238888000000003
84	protein2	186.4	8.0	2.3781746000000004
84	protein3	157.8	8.8	2.136111
84	r1	7.2	0.0	0.0
84	rnapol	1.2	0.0	0.0
85	__protein1_rbs	4.0	0.0	0.0
85	__protein2_rbs	3.0	0.0	0.0
85	__protein3_rbs	4.4	0.0	0.0
85	__ribosome	43.6	0.0	0.0
85	__rnase_site_ext	7.6	0.0	0.0
85	p0	1.0	0.0	0.0
85	p1	0.8	0.0	0.0
85	p2	0.6	0.0	0.0
85	protein1	205.4	7.4	2.3689683999999995
85	protein2	190.8	8.0	2.4246030000000003
85	protein3	161.6	9.0	2.1605554
85	r1	7.4	0.0	0.0
85	rnapol	1.4	0.0	0.0
86	__protein1_rbs	3.4	0.0	0.0
86	__protein2_rbs	3.0	0.0	0.0
86	__protein3_rbs	5.2	0.0	0.0
86	__ribosome	43.6	0.0	0.0
86	__rnase_site_ext	7.8	0.0	0.0
86	p0	0.8	0.0	0.0
86	p1	0.8	0.0	0.0
86	p2	0.8	0.0	0.0
86	protein1	209.8	7.4	2.3103174
86	protein2	194.6	8.0	2.5103174000000004
86	protein3	165.4	9.0	2.1288888000000004
86	r1	7.2	0.0	0.0
86	rnapol	1.2	0.0	0.0
87	__protein1_rbs	3.4	0.0	0.0
87	__protein2_rbs	3.6	0.0	0.0
87	__protein3_rbs	4.2	0.0	0.0
87	__ribosome	42.2	0.0	0.0
87	__rnase_site_ext	8.0	0.0	0.0
87	p0	0.8	0.0	0.0
87	p1	0.8	0.0	0.0
87	p2	1.0	0.0	0.0
87	protein1	213.2	7.4	2.3166666
87	protein2	198.0	7.8	2.6154759999999997
87	protein3	168.6	9.0	2.2877776
87	r1	7.2	0.0	0.0
87	rnapol	1.6	0.0	0.0
88	__protein1_rbs	4.0	0.0	0.0
88	__protein2_rbs	5.2	0.0	0.0
88	__protein3_rbs	5.4	0.0	0.0
88	__ribosome	44.2	0.0	0.0
88	__rnase_site_ext	8.6	0.0	0.0
88	p0	0.4	0.0	0.0
88	p1	1.0	0.0	0.0
88	p2	0.6	0.0	0.0
88	protein1	216.4	7.4	2.3210316000000004
88	protein2	202.4	7.6	2.4333334
88	protein3	172.4	8.6	2.3527777999999997
88	r1	7.2	0.0	0.0
88	rnapol	1.2	0.0	0.0
89	__protein1_rbs	3.8	0.0	0.0
89	__protein2_rbs	3.8	0.0	0.0
89	__protein3_rbs	4.4	0.0	0.0
89	__ribosome	44.0	0.0	0.0
89	__rnase_site_ext	8.8	0.0	0.0
89	p0	1.0	0.0	0.0
89	p1	1.0	0.0	0.0
89	p2	0.8	0.0	0.0
89	protein1	219.2	7.8	2.3461906000000003
89	protein2	205.8	7.8	2.4027778
89	protein3	177.0	8.6	2.2527778
89	r1	7.2	0.0	0.0
89	rnapol	1.2	0.0	0.0
90	__protein1_rbs	4.6	0.0	0.0
90	__protein2_rbs	4.0	0.0	0.0
90	__protein3_rbs	5.4	0.0	0.0
90	__ribosome	45.2	0.0	0.0
90	__rnase_site_ext	9.2	0.0	0.0
90	p0	0.8	0.0	0.0
90	p1	0.8	0.0	0.0
90	p2	1.0	0.0	0.0
90	protein1	223.4	8.4	2.0923016
90	protein2	209.8	7.8	2.386111
90	protein3	180.8	8.6	2.1944444
90	r1	7.2	0.0	0.0
90	rnapol	1.0	0.0	0.0
91	__protein1_rbs	2.6	0.0	0.0
91	__protein2_rbs	3.6	0.0	0.0
91	__protein3_rbs	4.2	0.0	0.0
91	__ribosome	42.4	0.0	0.0
91	__rnase_site_ext	9.4	0.0	0.0
91	p0	0.8	0.0	0.0
91	p1	0.8	0.0	0.0
91	p2	0.8	0.0	0.0
91	protein1	226.6	8.6	2.3971428
91	protein2	213.6	7.8	2.361111
91	protein3	184.8	8.6	2.1694444
91	r1	7.2	0.0	0.0
91	rnapol	0.8	0.0	0.0
92	__protein1_rbs	5.4	0.0	0.0
92	__protein2_rbs	4.8	0.0	0.0
92	__protein3_rbs	5.6	0.0	0.0
92	__ribosome	46.2	0.0	0.0
92	__rnase_site_ext	9.4	0.0	0.0
92	p0	1.0	0.0	0.0
92	p1	1.0	0.0	0.0
92	p2	1.0	0.0	0.0
92	protein1	230.6	8.8	2.1968254000000003
92	protein2	217.8	7.8	2.2273808
92	protein3	188.8	8.8	1.985
92	r1	7.2	0.0	0.0
92	rnapol	0.8	0.0	0.0
93	__protein1_rbs	3.8	0.0	0.0
93	__protein2_rbs	4.4	0.0	0.0
93	__protein3_rbs	4.6	0.0	0.0
93	__ribosome	40.6	0.0	0.0
93	__rnase_site_ext	9.4	0.0	0.0
93	p0	0.8	0.0	0.0
93	p1	0.8	0.0	0.0
93	p2	1.0	0.0	0.0
93	protein1	233.4	9.0	2.4236002
93	protein2	220.0	7.8	2.4079364
93	protein3	192.0	9.0	2.1383332000000004
93	r1	7.2	0.0	0.0
93	rnapol	0.8	0.0	0.0
94	__protein1_rbs	5.0	0.0	0.0
94	__protein2_rbs	4.8	0.0	0.0
94	__protein3_rbs	5.2	0.0	0.0
94	__ribosome	43.6	0.0	0.0
94	__rnase_site_ext	9.8	0.0	0.0
94	p0	0.8	0.0	0.0
94	p1	0.8	0.0	0.0
94	p2	0.8	0.0	0.0
94	protein1	237.8	9.0	2.3639034000000003
94	protein2	224.6	7.8	2.1257936
94	protein3	196.2	8.8	2.1701586
94	r1	8.0	0.0	0.0
94	rnapol	0.8	0.0	0.0
95	__protein1_rbs	4.2	0.0	0.0
95	__protein2_rbs	4.6	0.0	0.0
95	__protein3_rbs	5.8	0.0	0.0
95	__ribosome	43.0	0.0	0.0
95	__rnase_site_ext	9.8	0.0	0.0
95	p0	1.0	0.0	0.0
95	p1	0.6	0.0	0.0
95	p2	1.0	0.0	0.0
95	protein1	242.0	9.2	2.4260462
95	protein2	227.6	7.8	2.0666666
95	protein3	199.6	9.0	2.1450793999999997
95	r1	8.2	0.0	0.0
95	rnapol	0.6	0.0	0.0
96	__protein1_rbs	4.4	0.0	0.0
96	__protein2_rbs	4.4	0.0	0.0
96	__protein3_rbs	5.2	0.0	0.0
96	__ribosome	42.0	0.0	0.0
96	__rnase_site_ext	9.8	0.0	0.0
96	p0	0.8	0.0	0.0
96	p1	0.2	0.0	0.0
96	p2	0.8	0.0	0.0
96	protein1	246.2	9.6	2.3785857999999998
96	protein2	231.0	7.8	2.0837302
96	protein3	202.8	8.6	2.2415872
96	r1	8.6	0.0	0.0
96	rnapol	0.4	0.0	0.0
97	__protein1_rbs	3.6	0.0	0.0
97	__protein2_rbs	3.6	0.0	0.0
97	__protein3_rbs	5.2	0.0	0.0
97	__ribosome	41.8	0.0	0.0
97	__rnase_site_ext	9.8	0.0	0.0
97	p0	1.0	0.0	0.0
97	p1	0.6	0.0	0.0
97	p2	0.8	0.0	0.0
97	protein1	249.6	9.4	2.6178644
97	protein2	235.6	8.0	1.9238096
97	protein3	206.8	8.6	2.1413492
97	r1	8.6	0.0	0.0
97	rnapol	0.4	0.0	0.0
98	__protein1_rbs	6.0	0.0	0.0
98	__protein2_rbs	4.4	0.0	0.0
98	__protein3_rbs	4.6	0.0	0.0
98	__ribosome	43.2	0.0	0.0
98	__rnase_site_ext	9.6	0.0	0.0
98	p0	1.0	0.0	0.0
98	p1	0.6	0.0	0.0
98	p2	1.0	0.0	0.0
98	protein1	254.8	9.4	2.3866666000000003
98	protein2	238.4	8.8	1.8672223999999997
98	protein3	211.0	8.4	2.1265872000000003
98	r1	8.6	0.0	0.0
98	rnapol	0.6	0.0	0.0
99	__protein1_rbs	4.0	0.0	0.0
99	__protein2_rbs	4.0	0.0	0.0
99	__protein3_rbs	4.8	0.0	0.0
99	__ribosome	41.2	0.0	0.0
99	__rnase_site_ext	9.8	0.0	0.0
99	p0	0.8	0.0	0.0
99	p1	0.8	0.0	0.0
99	p2	1.0	0.0	0.0
99	protein1	259.2	9.2	2.46
99	protein2	240.6	8.6	2.1854762
99	protein3	214.8	8.4	2.0702380000000002
99	r1	8.6	0.0	0.0
99	rnapol	0.6	0.0	0.0
100	__protein1_rbs	5.8	0.0	0.0
100	__protein2_rbs	4.8	0.0	0.0
100	__protein3_rbs	4.6	0.0	0.0
100	__ribosome	40.2	0.0	0.0
100	__rnase_site_ext	9.8	0.0	0.0
100	p0	0.8	0.0	0.0
100	p1	1.0	0.0	0.0
100	p2	0.8	0.0	0.0
100	protein1	263.2	9.4	2.3895454000000003
100	protein2	243.4	9.0	2.188254
100	protein3	218.2	8.4	2.1146826
100	r1	8.8	0.0	0.0
100	rnapol	0.6	0.0	0.0
101	__protein1_rbs	5.0	0.0	0.0
101	__protein2_rbs	6.0	0.0	0.0
101	__protein3_rbs	5.4	0.0	0.0
101	__ribosome	42.2	0.0	0.0
101	__rnase_site_ext	10.0	0.0	0.0
101	p0	0.8	0.0	0.0
101	p1	0.8	0.0	0.0
101	p2	0.6	0.0	0.0
101	protein1	268.2	9.4	2.2545453999999996
101	protein2	247.6	9.2	2.111746
101	protein3	221.6	8.6	2.0554761999999998
101	r1	9.2	0.0	0.0
101	rnapol	0.6	0.0	0.0
102	__protein1_rbs	4.8	0.0	0.0
102	__protein2_rbs	5.4	0.0	0.0
102	__protein3_rbs	4.4	0.0	0.0
102	__ribosome	41.0	0.0	0.0
102	__rnase_site_ext	10.2	0.0	0.0
102	p0	0.8	0.0	0.0
102	p1	0.4	0.0	0.0
102	p2	0.0	0.0	0.0
102	protein1	273.0	9.4	2.2027272
102	protein2	250.6	9.2	2.1923807999999996
102	protein3	225.0	8.6	2.1545238
102	r1	9.2	0.0	0.0
102	rnapol	0.4	0.0	0.0
103	__protein1_rbs	6.0	0.0	0.0
103	__protein2_rbs	4.4	0.0	0.0
103	__protein3_rbs	5.0	0.0	0.0
103	__ribosome	42.4	0.0	0.0
103	__rnase_site_ext	10.2	0.0	0.0
103	p0	1.0	0.0	0.0
103	p1	0.6	0.0	0.0
103	p2	0.2	0.0	0.0
103	protein1	277.4	9.6	2.0495454
103	protein2	254.8	9.0	2.2957142000000004
103	protein3	228.4	8.2	2.175
103	r1	9.4	0.0	0.0
103	rnapol	0.4	0.0	0.0
104	__protein1_rbs	3.6	0.0	0.0
104	__protein2_rbs	5.0	0.0	0.0
104	__protein3_rbs	5.4	0.0	0.0
104	__ribosome	43.2	0.0	0.0
104	__rnase_site_ext	10.2	0.0	0.0
104	p0	1.0	0.0	0.0
104	p1	0.8	0.0	0.0
104	p2	0.6	0.0	0.0
104	protein1	282.6	9.8	2.079697
104	protein2	259.2	9.2	2.2090259999999997
104	protein3	232.2	8.2	2.0337302
104	r1	9.4	0.0	0.0
104	rnapol	0.6	0.0	0.0
105	__protein1_rbs	4.6	0.0	0.0
105	__protein2_rbs	5.8	0.0	0.0
105	__protein3_rbs	4.8	0.0	0.0
105	__ribosome	42.2	0.0	0.0
105	__rnase_site_ext	10.4	0.0	0.0
105	p0	0.8	0.0	0.0
105	p1	0.8	0.0	0.0
105	p2	0.6	0.0	0.0
105	protein1	286.0	9.8	2.2143938
105	protein2	263.0	9.6	2.093795
105	protein3	235.6	8.2	2.0190476000000004
105	r1	9.4	0.0	0.0
105	rnapol	0.4	0.0	0.0
106	__protein1_rbs	4.6	0.0	0.0
106	__protein2_rbs	5.6	0.0	0.0
106	__protein3_rbs	3.6	0.0	0.0
106	__ribosome	39.6	0.0	0.0
106	__rnase_site_ext	10.4	0.0	0.0
106	p0	1.0	0.0	0.0
106	p1	1.0	0.0	0.0
106	p2	0.8	0.0	0.0
106	protein1	288.8	10.0	2.335404
106	protein2	267.0	9.6	2.0730158
106	protein3	239.4	8.6	2.0537304
106	r1	9.4	0.0	0.0
106	rnapol	0.6	0.0	0.0
107	__protein1_rbs	5.2	0.0	0.0
107	__protein2_rbs	4.4	0.0	0.0
107	__protein3_rbs	6.6	0.0	0.0
107	__ribosome	37.2	0.0	0.0
107	__rnase_site_ext	10.8	0.0	0.0
107	p0	0.6	0.0	0.0
107	p1	0.8	0.0	0.0
107	p2	0.8	0.0	0.0
107	protein1	292.8	10.0	2.3722222000000004
107	protein2	270.6	9.8	2.2691414
107	protein3	242.2	9.2	1.8977778000000003
107	r1	9.2	0.0	0.0
107	rnapol	0.2	0.0	0.0
108	__protein1_rbs	6.2	0.0	0.0
108	__protein2_rbs	6.2	0.0	0.0
108	__protein3_rbs	4.0	0.0	0.0
108	__ribosome	38.2	0.0	0.0
108	__rnase_site_ext	10.8	0.0	0.0
108	p0	1.0	0.0	0.0
108	p1	0.8	0.0	0.0
108	p2	0.8	0.0	0.0
108	protein1	297.2	10.0	2.3162626
108	protein2	275.8	9.8	2.0562626
108	protein3	245.6	9.2	2.0894444
108	r1	9.0	0.0	0.0
108	rnapol	0.2	0.0	0.0
109	__protein1_rbs	6.4	0.0	0.0
109	__protein2_rbs	6.0	0.0	0.0
109	__protein3_rbs	5.4	0.0	0.0
109	__ribosome	38.4	0.0	0.0
109	__rnase_site_ext	10.8	0.0	0.0
109	p0	1.0	0.0	0.0
109	p1	0.8	0.0	0.0
109	p2	0.6	0.0	0.0
109	protein1	302.2	10.4	2.0691919999999997
109	protein2	278.8	10.0	2.1166666000000003
109	protein3	249.0	9.6	2.0200000000000005
109	r1	9.2	0.0	0.0
109	rnapol	0.2	0.0	0.0
110	__protein1_rbs	5.6	0.0	0.0
110	__protein2_rbs	6.0	0.0	0.0
110	__protein3_rbs	5.6	0.0	0.0
110	__ribosome	37.2	0.0	0.0
110	__rnase_site_ext	10.8	0.0	0.0
110	p0	1.0	0.0	0.0
110	p1	0.8	0.0	0.0
110	p2	1.0	0.0	0.0
110	protein1	306.4	10.4	2.1040404
110	protein2	282.6	10.0	2.0781818000000003
110	protein3	252.2	9.6	2.17
110	r1	9.4	0.0	0.0
110	rnapol	0.4	0.0	0.0
111	__protein1_rbs	6.2	0.0	0.0
111	__protein2_rbs	5.2	0.0	0.0
111	__protein3_rbs	4.2	0.0	0.0
111	__ribosome	36.6	0.0	0.0
111	__rnase_site_ext	10.6	0.0	0.0
111	p0	1.0	0.0	0.0
111	p1	0.8	0.0	0.0
111	p2	0.8	0.0	0.0
111	protein1	311.6	10.4	1.9944444
111	protein2	287.4	10.2	2.0627778
111	protein3	256.0	9.4	2.3416666
111	r1	9.4	0.0	0.0
111	rnapol	0.6	0.0	0.0
112	__protein1_rbs	6.2	0.0	0.0
112	__protein2_rbs	5.6	0.0	0.0
112	__protein3_rbs	6.4	0.0	0.0
112	__ribosome	38.4	0.0	0.0
112	__rnase_site_ext	10.6	0.0	0.0
112	p0	0.8	0.0	0.0
112	p1	0.8	0.0	0.0
112	p2	0.8	0.0	0.0
112	protein1	315.6	10.2	2.0344444
112	protein2	292.2	10.2	1.9646153999999998
112	protein3	260.0	9.6	2.2102524
112	r1	9.4	0.0	0.0
112	rnapol	0.8	0.0	0.0
113	__protein1_rbs	5.6	0.0	0.0
113	__protein2_rbs	6.4	0.0	0.0
113	__protein3_rbs	5.2	0.0	0.0
113	__ribosome	37.4	0.0	0.0
113	__rnase_site_ext	11.0	0.0	0.0
113	p0	0.6	0.0	0.0
113	p1	1.0	0.0	0.0
113	p2	1.0	0.0	0.0
113	protein1	320.0	10.2	2.0949494
113	protein2	295.8	10.0	1.9633332
113	protein3	264.6	10.0	2.1631818000000003
113	r1	9.4	0.0	0.0
113	rnapol	1.0	0.0	0.0
114	__protein1_rbs	7.4	0.0	0.0
114	__protein2_rbs	5.8	0.0	0.0
114	__protein3_rbs	4.2	0.0	0.0
114	__ribosome	34.8	0.0	0.0
114	__rnase_site_ext	10.8	0.0	0.0
114	p0	1.0	0.0	0.0
114	p1	1.0	0.0	0.0
114	p2	0.8	0.0	0.0
114	protein1	323.2	10.4	2.0454546
114	protein2	299.8	10.0	2.0388889999999997
114	protein3	267.8	9.8	2.4574026
114	r1	9.8	0.0	0.0
114	rnapol	1.2	0.0	0.0
115	__protein1_rbs	6.4	0.0	0.0
115	__protein2_rbs	5.8	0.0	0.0
115	__protein3_rbs	4.6	0.0	0.0
115	__ribosome	36.0	0.0	0.0
115	__rnase_site_ext	11.0	0.0	0.0
115	p0	0.8	0.0	0.0
115	p1	0.6	0.0	0.0
115	p2	0.8	0.0	0.0
115	protein1	328.0	10.6	1.959495
115	protein2	303.6	9.8	2.075
115	protein3	273.2	10.0	2.335
115	r1	9.8	0.0	0.0
115	rnapol	1.2	0.0	0.0
116	__protein1_rbs	5.4	0.0	0.0
116	__protein2_rbs	6.4	0.0	0.0
116	__protein3_rbs	6.8	0.0	0.0
116	__ribosome	36.8	0.0	0.0
116	__rnase_site_ext	11.0	0.0	0.0
116	p0	0.8	0.0	0.0
116	p1	0.6	0.0	0.0
116	p2	0.8	0.0	0.0
116	protein1	331.8	10.6	2.0981818
116	protein2	308.2	9.8	1.9916666
116	protein3	277.6	10.0	2.1986364000000003
116	r1	9.8	0.0	0.0
116	rnapol	1.0	0.0	0.0
117	__protein1_rbs	6.0	0.0	0.0
117	__protein2_rbs	5.2	0.0	0.0
117	__protein3_rbs	6.0	0.0	0.0
117	__ribosome	35.0	0.0	0.0
117	__rnase_site_ext	11.0	0.0	0.0
117	p0	1.0	0.0	0.0
117	p1	1.0	0.0	0.0
117	p2	0.6	0.0	0.0
117	protein1	336.2	10.4	2.0854546000000003
117	protein2	311.2	10.0	2.1316666
117	protein3	281.0	10.0	2.2577272
117	r1	9.8	0.0	0.0
117	rnapol	1.0	0.0	0.0
118	__protein1_rbs	6.0	0.0	0.0
118	__protein2_rbs	6.6	0.0	0.0
118	__protein3_rbs	6.6	0.0	0.0
118	__ribosome	36.6	0.0	0.0
118	__rnase_site_ext	11.4	0.0	0.0
118	p0	0.8	0.0	0.0
118	p1	1.0	0.0	0.0
118	p2	0.8	0.0	0.0
118	protein1	340.6	10.6	2.0254546
118	protein2	315.6	10.2	2.0138887999999997
118	protein3	285.8	10.2	2.1334847999999997
118	r1	9.8	0.0	0.0
118	rnapol	1.0	0.0	0.0
119	__protein1_rbs	7.0	0.0	0.0
119	__protein2_rbs	5.2	0.0	0.0
119	__protein3_rbs	6.4	0.0	0.0
119	__ribosome	38.2	0.0	0.0
119	__rnase_site_ext	11.4	0.0	0.0
119	p0	0.8	0.0	0.0
119	p1	1.0	0.0	0.0
119	p2	0.8	0.0	0.0
119	protein1	344.6	10.6	2.0000002
119	protein2	320.4	10.2	2.0083332
119	protein3	291.0	10.4	1.9616666
119	r1	10.4	0.0	0.0
119	rnapol	1.0	0.0	0.0
120	__protein1_rbs	6.4	0.0	0.0
120	__protein2_rbs	5.6	0.0	0.0
120	__protein3_rbs	6.2	0.0	0.0
120	__ribosome	37.6	0.0	0.0
120	__rnase_site_ext	11.8	0.0	0.0
120	p0	0.8	0.0	0.0
120	p1	0.4	0.0	0.0
120	p2	1.0	0.0	0.0
120	protein1	348.8	10.6	2.0266666
120	protein2	323.6	10.2	2.1233332000000003
120	protein3	296.2	10.4	1.9058548
120	r1	10.4	0.0	0.0
120	rnapol	0.6	0.0	0.0
121	__protein1_rbs	6.0	0.0	0.0
121	__protein2_rbs	5.6	0.0	0.0
121	__protein3_rbs	5.0	0.0	0.0
121	__ribosome	34.8	0.0	0.0
121	__rnase_site_ext	12.2	0.0	0.0
121	p0	0.6	0.0	0.0
121	p1	0.4	0.0	0.0
121	p2	0.8	0.0	0.0
121	protein1	354.0	11.0	1.909091
121	protein2	327.4	10.2	2.186111
121	protein3	299.2	10.6	2.1584888
121	r1	10.6	0.0	0.0
121	rnapol	0.4	0.0	0.0
122	__protein1_rbs	5.6	0.0	0.0
122	__protein2_rbs	5.4	0.0	0.0
122	__protein3_rbs	6.6	0.0	0.0
122	__ribosome	33.4	0.0	0.0
122	__rnase_site_ext	12.2	0.0	0.0
122	p0	1.0	0.0	0.0
122	p1	0.8	0.0	0.0
122	p2	1.0	0.0	0.0
122	protein1	357.8	11.6	2.0075758
122	protein2	332.2	10.2	2.1644444
122	protein3	303.4	10.8	2.0407344000000003
122	r1	10.6	0.0	0.0
122	rnapol	0.4	0.0	0.0
123	__protein1_rbs	7.6	0.0	0.0
123	__protein2_rbs	7.0	0.0	0.0
123	__protein3_rbs	5.4	0.0	0.0
123	__ribosome	34.6	0.0	0.0
123	__rnase_site_ext	12.0	0.0	0.0
123	p0	1.0	0.0	0.0
123	p1	0.6	0.0	0.0
123	p2	0.8	0.0	0.0
123	protein1	362.4	11.6	1.8583916000000005
123	protein2	336.6	10.8	1.974359
123	protein3	307.2	10.8	2.1692308
123	r1	10.6	0.0	0.0
123	rnapol	0.4	0.0	0.0
124	__protein1_rbs	5.8	0.0	0.0
124	__protein2_rbs	5.6	0.0	0.0
124	__protein3_rbs	6.4	0.0	0.0
124	__ribosome	32.2	0.0	0.0
124	__rnase_site_ext	11.8	0.0	0.0
124	p0	1.0	0.0	0.0
124	p1	0.8	0.0	0.0
124	p2	1.0	0.0	0.0
124	protein1	365.8	11.4	2.1079488
124	protein2	341.0	10.8	1.9998058
124	protein3	312.0	10.8	2.09
124	r1	10.6	0.0	0.0
124	rnapol	0.6	0.0	0.0
125	__protein1_rbs	7.4	0.0	0.0
125	__protein2_rbs	7.2	0.0	0.0
125	__protein3_rbs	6.8	0.0	0.0
125	__ribosome	33.4	0.0	0.0
125	__rnase_site_ext	11.6	0.0	0.0
125	p0	0.8	0.0	0.0
125	p1	0.8	0.0	0.0
125	p2	1.0	0.0	0.0
125	protein1	369.8	11.4	2.0679488
125	protein2	345.2	11.0	1.9861384
125	protein3	316.4	11.0	1.9664104
125	r1	10.4	0.0	0.0
125	rnapol	0.6	0.0	0.0
126	__protein1_rbs	6.6	0.0	0.0
126	__protein2_rbs	7.0	0.0	0.0
126	__protein3_rbs	6.8	0.0	0.0
126	__ribosome	33.6	0.0	0.0
126	__rnase_site_ext	11.8	0.0	0.0
126	p0	0.4	0.0	0.0
126	p1	0.8	0.0	0.0
126	p2	1.0	0.0	0.0
126	protein1	374.4	11.0	2.1833332000000003
126	protein2	349.4	11.2	1.9135432
126	protein3	320.8	11.0	1.989359
126	r1	10.8	0.0	0.0
126	rnapol	0.4	0.0	0.0
127	__protein1_rbs	6.0	0.0	0.0
127	__protein2_rbs	6.0	0.0	0.0
127	__protein3_rbs	6.4	0.0	0.0
127	__ribosome	33.8	0.0	0.0
127	__rnase_site_ext	12.0	0.0	0.0
127	p0	1.0	0.0	0.0
127	p1	0.4	0.0	0.0
127	p2	0.4	0.0	0.0
127	protein1	379.6	11.2	2.0681198000000003
127	protein2	353.4	11.2	1.9740092000000005
127	protein3	325.4	11.2	1.8999146
127	r1	11.0	0.0	0.0
127	rnapol	0.4	0.0	0.0
128	__protein1_rbs	7.4	0.0	0.0
128	__protein2_rbs	6.6	0.0	0.0
128	__protein3_rbs	5.6	0.0	0.0
128	__ribosome	31.8	0.0	0.0
128	__rnase_site_ext	12.2	0.0	0.0
128	p0	0.8	0.0	0.0
128	p1	0.6	0.0	0.0
128	p2	0.8	0.0	0.0
128	protein1	383.8	11.4	1.9999290000000003
128	protein2	356.8	11.4	2.0537064000000003
128	protein3	329.4	11.0	2.0511112
128	r1	11.0	0.0	0.0
128	rnapol	0.4	0.0	0.0
129	__protein1_rbs	7.2	0.0	0.0
129	__protein2_rbs	6.8	0.0	0.0
129	__protein3_rbs	6.0	0.0	0.0
129	__ribosome	33.6	0.0	0.0
129	__rnase_site_ext	11.8	0.0	0.0
129	p0	0.8	0.0	0.0
129	p1	0.6	0.0	0.0
129	p2	0.8	0.0	0.0
129	protein1	388.8	11.4	1.9377068
129	protein2	362.6	11.4	1.9495103999999999
129	protein3	333.2	10.8	2.1388887999999997
129	r1	11.0	0.0	0.0
129	rnapol	0.2	0.0	0.0
130	__protein1_rbs	6.6	0.0	0.0
130	__protein2_rbs	6.0	0.0	0.0
130	__protein3_rbs	6.2	0.0	0.0
130	__ribosome	33.6	0.0	0.0
130	__rnase_site_ext	12.0	0.0	0.0
130	p0	0.8	0.0	0.0
130	p1	0.6	0.0	0.0
130	p2	0.8	0.0	0.0
130	protein1	393.6	11.4	1.8482682
130	protein2	366.8	11.8	1.9867531999999999
130	protein3	337.8	10.8	2.0555554000000003
130	r1	10.8	0.0	0.0
130	rnapol	0.0	0.0	0.0
131	__protein1_rbs	6.6	0.0	0.0
131	__protein2_rbs	6.6	0.0	0.0
131	__protein3_rbs	6.8	0.0	0.0
131	__ribosome	31.0	0.0	0.0
131	__rnase_site_ext	11.8	0.0	0.0
131	p0	1.0	0.0	0.0
131	p1	1.0	0.0	0.0
131	p2	0.8	0.0	0.0
131	protein1	397.8	11.2	1.9749494
131	protein2	370.6	12.2	2.0185714
131	protein3	341.2	11.2	2.0624784
131	r1	10.8	0.0	0.0
131	rnapol	0.0	0.0	0.0
132	__protein1_rbs	6.0	0.0	0.0
132	__protein2_rbs	7.8	0.0	0.0
132	__protein3_rbs	7.0	0.0	0.0
132	__ribosome	33.0	0.0	0.0
132	__rnase_site_ext	11.8	0.0	0.0
132	p0	1.0	0.0	0.0
132	p1	1.0	0.0	0.0
132	p2	0.8	0.0	0.0
132	protein1	402.2	11.2	2.0041558
132	protein2	375.8	11.8	1.9490842
132	protein3	346.6	11.2	1.9550426
132	r1	11.0	0.0	0.0
132	rnapol	0.0	0.0	0.0
133	__protein1_rbs	6.2	0.0	0.0
133	__protein2_rbs	7.4	0.0	0.0
133	__protein3_rbs	5.8	0.0	0.0
133	__ribosome	31.6	0.0	0.0
133	__rnase_site_ext	11.6	0.0	0.0
133	p0	1.0	0.0	0.0
133	p1	0.6	0.0	0.0
133	p2	0.8	0.0	0.0
133	protein1	406.6	11.2	2.0374026
133	protein2	380.2	11.8	1.94685
133	protein3	351.0	11.2	2.067094
133	r1	11.4	0.0	0.0
133	rnapol	0.2	0.0	0.0
134	__protein1_rbs	7.2	0.0	0.0
134	__protein2_rbs	7.6	0.0	0.0
134	__protein3_rbs	5.8	0.0	0.0
134	__ribosome	32.4	0.0	0.0
134	__rnase_site_ext	11.4	0.0	0.0
134	p0	1.0	0.0	0.0
134	p1	0.2	0.0	0.0
134	p2	0.4	0.0	0.0
134	protein1	410.8	11.0	2.0228572
134	protein2	385.0	11.4	1.91
134	protein3	355.0	11.4	2.0925642
134	r1	11.2	0.0	0.0
134	rnapol	0.2	0.0	0.0
135	__protein1_rbs	6.0	0.0	0.0
135	__protein2_rbs	5.0	0.0	0.0
135	__protein3_rbs	7.4	0.0	0.0
135	__ribosome	30.8	0.0	0.0
135	__rnase_site_ext	11.4	0.0	0.0
135	p0	1.0	0.0	0.0
135	p1	0.6	0.0	0.0
135	p2	0.4	0.0	0.0
135	protein1	414.4	10.8	2.1742858
135	protein2	389.8	11.6	2.0204662
135	protein3	359.8	11.4	2.0079488000000003
135	r1	11.2	0.0	0.0
135	rnapol	0.4	0.0	0.0
136	__protein1_rbs	6.6	0.0	0.0
136	__protein2_rbs	7.0	0.0	0.0
136	__protein3_rbs	6.4	0.0	0.0
136	__ribosome	31.4	0.0	0.0
136	__rnase_site_ext	11.4	0.0	0.0
136	p0	1.0	0.0	0.0
136	p1	0.8	0.0	0.0
136	p2	0.4	0.0	0.0
136	protein1	420.0	10.8	2.0085714
136	protein2	394.8	12.0	1.9181818
136	protein3	363.6	11.6	2.1025642
136	r1	11.2	0.0	0.0
136	rnapol	0.6	0.0	0.0
137	__protein1_rbs	6.8	0.0	0.0
137	__protein2_rbs	8.2	0.0	0.0
137	__protein3_rbs	6.6	0.0	0.0
137	__ribosome	34.0	0.0	0.0
137	__rnase_site_ext	11.2	0.0	0.0
137	p0	0.6	0.0	0.0
137	p1	1.0	0.0	0.0
137	p2	1.0	0.0	0.0
137	protein1	424.2	10.8	1.9114286
137	protein2	399.6	12.2	1.7995338
137	protein3	369.2	11.8	2.0143824
137	r1	11.2	0.0	0.0
137	rnapol	0.4	0.0	0.0
138	__protein1_rbs	5.8	0.0	0.0
138	__protein2_rbs	7.2	0.0	0.0
138	__protein3_rbs	7.0	0.0	0.0
138	__ribosome	32.2	0.0	0.0
138	__rnase_site_ext	11.2	0.0	0.0
138	p0	1.0	0.0	0.0
138	p1	0.8	0.0	0.0
138	p2	1.0	0.0	0.0
138	protein1	428.6	11.0	1.92987
138	protein2	403.0	11.8	1.9856644000000003
138	protein3	373.6	12.2	1.9505626
138	r1	10.8	0.0	0.0
138	rnapol	0.4	0.0	0.0
139	__protein1_rbs	6.2	0.0	0.0
139	__protein2_rbs	7.0	0.0	0.0
139	__protein3_rbs	7.0	0.0	0.0
139	__ribosome	30.4	0.0	0.0
139	__rnase_site_ext	11.2	0.0	0.0
139	p0	1.0	0.0	0.0
139	p1	0.8	0.0	0.0
139	p2	0.6	0.0	0.0
139	protein1	433.2	10.8	2.0193318
139	protein2	407.2	11.8	2.0068764000000003
139	protein3	378.6	12.6	1.9848484
139	r1	10.6	0.0	0.0
139	rnapol	0.4	0.0	0.0
140	__protein1_rbs	5.2	0.0	0.0
140	__protein2_rbs	7.2	0.0	0.0
140	__protein3_rbs	7.2	0.0	0.0
140	__ribosome	28.0	0.0	0.0
140	__rnase_site_ext	11.0	0.0	0.0
140	p0	1.0	0.0	0.0
140	p1	1.0	0.0	0.0
140	p2	0.8	0.0	0.0
140	protein1	437.0	10.8	2.1688888000000004
140	protein2	412.8	11.8	1.9454546
140	protein3	382.8	12.8	2.0533334
140	r1	10.4	0.0	0.0
140	rnapol	0.6	0.0	0.0
141	__protein1_rbs	6.4	0.0	0.0
141	__protein2_rbs	5.8	0.0	0.0
141	__protein3_rbs	6.2	0.0	0.0
141	__ribosome	27.0	0.0	0.0
141	__rnase_site_ext	11.2	0.0	0.0
141	p0	1.0	0.0	0.0
141	p1	1.0	0.0	0.0
141	p2	0.4	0.0	0.0
141	protein1	441.2	10.6	2.2147784
141	protein2	417.6	11.8	1.9764568
141	protein3	388.2	12.8	2.0866668
141	r1	10.0	0.0	0.0
141	rnapol	0.4	0.0	0.0
142	__protein1_rbs	7.2	0.0	0.0
142	__protein2_rbs	7.8	0.0	0.0
142	__protein3_rbs	7.4	0.0	0.0
142	__ribosome	27.0	0.0	0.0
142	__rnase_site_ext	11.2	0.0	0.0
142	p0	1.0	0.0	0.0
142	p1	1.0	0.0	0.0
142	p2	0.8	0.0	0.0
142	protein1	445.0	10.8	2.1363246000000005
142	protein2	421.2	11.6	2.0124473999999997
142	protein3	392.4	12.8	2.0966666000000003
142	r1	9.8	0.0	0.0
142	rnapol	0.6	0.0	0.0
143	__protein1_rbs	7.4	0.0	0.0
143	__protein2_rbs	6.6	0.0	0.0
143	__protein3_rbs	8.2	0.0	0.0
143	__ribosome	29.4	0.0	0.0
143	__rnase_site_ext	11.0	0.0	0.0
143	p0	0.8	0.0	0.0
143	p1	1.0	0.0	0.0
143	p2	1.0	0.0	0.0
143	protein1	449.8	10.8	1.9655556
143	protein2	426.4	11.4	1.977599
143	protein3	396.6	13.0	2.07
143	r1	10.2	0.0	0.0
143	rnapol	0.6	0.0	0.0
144	__protein1_rbs	6.2	0.0	0.0
144	__protein2_rbs	6.0	0.0	0.0
144	__protein3_rbs	7.0	0.0	0.0
144	__ribosome	29.4	0.0	0.0
144	__rnase_site_ext	11.2	0.0	0.0
144	p0	1.0	0.0	0.0
144	p1	0.6	0.0	0.0
144	p2	0.8	0.0	0.0
144	protein1	454.8	10.6	1.9420512
144	protein2	431.2	11.2	2.0972728
144	protein3	403.0	13.2	2.0343356
144	r1	10.2	0.0	0.0
144	rnapol	1.0	0.0	0.0
145	__protein1_rbs	6.6	0.0	0.0
145	__protein2_rbs	5.6	0.0	0.0
145	__protein3_rbs	9.6	0.0	0.0
145	__ribosome	30.8	0.0	0.0
145	__rnase_site_ext	11.4	0.0	0.0
145	p0	0.6	0.0	0.0
145	p1	0.4	0.0	0.0
145	p2	1.0	0.0	0.0
145	protein1	460.2	10.8	1.7976067999999998
145	protein2	435.2	10.8	2.2036364
145	protein3	407.6	13.6	1.9774768000000005
145	r1	10.0	0.0	0.0
145	rnapol	1.0	0.0	0.0
146	__protein1_rbs	6.2	0.0	0.0
146	__protein2_rbs	7.0	0.0	0.0
146	__protein3_rbs	8.0	0.0	0.0
146	__ribosome	33.0	0.0	0.0
146	__rnase_site_ext	11.8	0.0	0.0
146	p0	0.6	0.0	0.0
146	p1	0.8	0.0	0.0
146	p2	0.8	0.0	0.0
146	protein1	464.4	10.8	1.8170085999999999
146	protein2	441.2	10.6	2.021111
146	protein3	413.4	13.6	1.9458334
146	r1	9.8	0.0	0.0
146	rnapol	0.6	0.0	0.0
147	__protein1_rbs	7.0	0.0	0.0
147	__protein2_rbs	5.6	0.0	0.0
147	__protein3_rbs	8.4	0.0	0.0
147	__ribosome	29.8	0.0	0.0
147	__rnase_site_ext	11.6	0.0	0.0
147	p0	1.0	0.0	0.0
147	p1	1.0	0.0	0.0
147	p2	0.8	0.0	0.0
147	protein1	467.4	11.4	1.8734198
147	protein2	445.4	10.8	2.1467674
147	protein3	418.4	13.6	1.95
147	r1	10.0	0.0	0.0
147	rnapol	0.6	0.0	0.0
148	__protein1_rbs	6.0	0.0	0.0
148	__protein2_rbs	6.6	0.0	0.0
148	__protein3_rbs	9.4	0.0	0.0
148	__ribosome	29.0	0.0	0.0
148	__rnase_site_ext	11.4	0.0	0.0
148	p0	1.0	0.0	0.0
148	p1	0.8	0.0	0.0
148	p2	1.0	0.0	0.0
148	protein1	471.2	11.2	2.0255556
148	protein2	448.8	10.8	2.2171716
148	protein3	423.6	13.2	1.8644322
148	r1	9.8	0.0	0.0
148	rnapol	0.6	0.0	0.0
149	__protein1_rbs	8.8	0.0	0.0
149	__protein2_rbs	6.0	0.0	0.0
149	__protein3_rbs	7.2	0.0	0.0
149	__ribosome	31.4	0.0	0.0
149	__rnase_site_ext	11.2	0.0	0.0
149	p0	0.8	0.0	0.0
149	p1	1.0	0.0	0.0
149	p2	1.0	0.0	0.0
149	protein1	476.2	11.2	1.8349574
149	protein2	453.4	10.6	2.2152524
149	protein3	429.4	13.2	1.8853846
149	r1	10.0	0.0	0.0
149	rnapol	0.6	0.0	0.0
150	__protein1_rbs	5.4	0.0	0.0
150	__protein2_rbs	7.4	0.0	0.0
150	__protein3_rbs	7.6	0.0	0.0
150	__ribosome	30.8	0.0	0.0
150	__rnase_site_ext	11.2	0.0	0.0
150	p0	1.0	0.0	0.0
150	p1	1.0	0.0	0.0
150	p2	0.8	0.0	0.0
150	protein1	479.8	11.0	2.0369464
150	protein2	457.6	10.8	2.080303
150	protein3	434.8	13.4	1.8338096000000002
150	r1	10.0	0.0	0.0
150	rnapol	0.8	0.0	0.0
151	__protein1_rbs	7.0	0.0	0.0
151	__protein2_rbs	4.8	0.0	0.0
151	__protein3_rbs	8.2	0.0	0.0
151	__ribosome	31.6	0.0	0.0
151	__rnase_site_ext	11.2	0.0	0.0
151	p0	1.0	0.0	0.0
151	p1	0.8	0.0	0.0
151	p2	0.4	0.0	0.0
151	protein1	484.4	10.8	1.9956644
151	protein2	463.0	10.4	2.1658584000000003
151	protein3	439.8	13.0	1.8880954
151	r1	10.2	0.0	0.0
151	rnapol	1.0	0.0	0.0
152	__protein1_rbs	6.2	0.0	0.0
152	__protein2_rbs	7.0	0.0	0.0
152	__protein3_rbs	8.0	0.0	0.0
152	__ribosome	33.4	0.0	0.0
152	__rnase_site_ext	11.2	0.0	0.0
152	p0	0.8	0.0	0.0
152	p1	0.4	0.0	0.0
152	p2	0.6	0.0	0.0
152	protein1	488.6	10.8	2.0828572
152	protein2	469.0	10.2	1.869293
152	protein3	444.0	13.0	1.9465202
152	r1	10.6	0.0	0.0
152	rnapol	0.8	0.0	0.0
153	__protein1_rbs	6.4	0.0	0.0
153	__protein2_rbs	5.8	0.0	0.0
153	__protein3_rbs	6.8	0.0	0.0
153	__ribosome	33.0	0.0	0.0
153	__rnase_site_ext	10.8	0.0	0.0
153	p0	1.0	0.0	0.0
153	p1	0.4	0.0	0.0
153	p2	0.8	0.0	0.0
153	protein1	494.0	10.4	2.0581196
153	protein2	473.0	10.2	1.910707
153	protein3	448.8	12.8	2.0514653999999997
153	r1	10.6	0.0	0.0
153	rnapol	0.8	0.0	0.0
154	__protein1_rbs	6.8	0.0	0.0
154	__protein2_rbs	5.6	0.0	0.0
154	__protein3_rbs	7.4	0.0	0.0
154	__ribosome	30.8	0.0	0.0
154	__rnase_site_ext	11.0	0.0	0.0
154	p0	0.6	0.0	0.0
154	p1	0.6	0.0	0.0
154	p2	0.8	0.0	0.0
154	protein1	496.6	10.2	2.170808
154	protein2	477.0	10.6	1.8966666
154	protein3	453.8	13.0	2.1050948
154	r1	10.4	0.0	0.0
154	rnapol	0.6	0.0	0.0
155	__protein1_rbs	6.6	0.0	0.0
155	__protein2_rbs	6.2	0.0	0.0
155	__protein3_rbs	8.0	0.0	0.0
155	__ribosome	30.6	0.0	0.0
155	__rnase_site_ext	11.0	0.0	0.0
155	p0	0.8	0.0	0.0
155	p1	0.8	0.0	0.0
155	p2	0.8	0.0	0.0
155	protein1	501.6	10.4	2.1059402
155	protein2	479.0	10.6	2.0492308
155	protein3	459.4	13.0	2.0336662
155	r1	10.6	0.0	0.0
155	rnapol	0.4	0.0	0.0
156	__protein1_rbs	5.4	0.0	0.0
156	__protein2_rbs	6.2	0.0	0.0
156	__protein3_rbs	6.4	0.0	0.0
156	__ribosome	31.4	0.0	0.0
156	__rnase_site_ext	11.2	0.0	0.0
156	p0	0.8	0.0	0.0
156	p1	0.8	0.0	0.0
156	p2	1.0	0.0	0.0
156	protein1	506.6	10.4	2.0894444
156	protein2	485.0	11.0	1.8104894
156	protein3	464.4	13.0	2.092674
156	r1	10.4	0.0	0.0
156	rnapol	0.4	0.0	0.0
157	__protein1_rbs	6.4	0.0	0.0
157	__protein2_rbs	6.8	0.0	0.0
157	__protein3_rbs	7.6	0.0	0.0
157	__ribosome	31.2	0.0	0.0
157	__rnase_site_ext	11.4	0.0	0.0
157	p0	0.8	0.0	0.0
157	p1	0.8	0.0	0.0
157	p2	0.8	0.0	0.0
157	protein1	511.4	10.6	1.9856256
157	protein2	488.6	11.0	1.8585004
157	protein3	468.8	13.0	2.1293038
157	r1	10.6	0.0	0.0
157	rnapol	0.2	0.0	0.0
158	__protein1_rbs	6.4	0.0	0.0
158	__protein2_rbs	6.6	0.0	0.0
158	__protein3_rbs	7.4	0.0	0.0
158	__ribosome	30.2	0.0	0.0
158	__rnase_site_ext	11.2	0.0	0.0
158	p0	1.0	0.0	0.0
158	p1	0.8	0.0	0.0
158	p2	0.6	0.0	0.0
158	protein1	514.4	10.8	2.0583528
158	protein2	492.4	10.8	1.883481
158	protein3	474.8	12.8	2.1452382
158	r1	10.2	0.0	0.0
158	rnapol	0.4	0.0	0.0
159	__protein1_rbs	6.6	0.0	0.0
159	__protein2_rbs	6.6	0.0	0.0
159	__protein3_rbs	7.4	0.0	0.0
159	__ribosome	31.0	0.0	0.0
159	__rnase_site_ext	11.4	0.0	0.0
159	p0	0.8	0.0	0.0
159	p1	1.0	0.0	0.0
159	p2	0.4	0.0	0.0
159	protein1	519.8	11.0	1.974359
159	protein2	496.4	11.0	1.8327816
159	protein3	479.8	12.8	2.1490843999999996
159	r1	10.4	0.0	0.0
159	rnapol	0.4	0.0	0.0
160	__protein1_rbs	6.0	0.0	0.0
160	__protein2_rbs	6.8	0.0	0.0
160	__protein3_rbs	7.2	0.0	0.0
160	__ribosome	28.4	0.0	0.0
160	__rnase_site_ext	11.2	0.0	0.0
160	p0	1.0	0.0	0.0
160	p1	0.8	0.0	0.0
160	p2	0.4	0.0	0.0
160	protein1	522.4	10.6	2.1870086
160	protein2	500.4	11.2	1.9172293999999999
160	protein3	485.4	12.4	2.2179486
160	r1	10.8	0.0	0.0
160	rnapol	0.6	0.0	0.0
161	__protein1_rbs	6.4	0.0	0.0
161	__protein2_rbs	6.2	0.0	0.0
161	__protein3_rbs	8.2	0.0	0.0
161	__ribosome	32.0	0.0	0.0
161	__rnase_site_ext	11.0	0.0	0.0
161	p0	1.0	0.0	0.0
161	p1	1.0	0.0	0.0
161	p2	0.8	0.0	0.0
161	protein1	528.4	10.6	2.0219270000000003
161	protein2	504.4	11.0	1.9713998
161	protein3	491.6	12.6	2.0064102
161	r1	10.4	0.0	0.0
161	rnapol	0.6	0.0	0.0
162	__protein1_rbs	7.0	0.0	0.0
162	__protein2_rbs	7.0	0.0	0.0
162	__protein3_rbs	7.0	0.0	0.0
162	__ribosome	33.6	0.0	0.0
162	__rnase_site_ext	11.0	0.0	0.0
162	p0	1.0	0.0	0.0
162	p1	0.6	0.0	0.0
162	p2	0.8	0.0	0.0
162	protein1	532.4	10.4	1.9531624
162	protein2	508.6	11.0	1.9372186000000002
162	protein3	496.6	12.2	2.027739
162	r1	9.8	0.0	0.0
162	rnapol	0.6	0.0	0.0
163	__protein1_rbs	6.0	0.0	0.0
163	__protein2_rbs	4.8	0.0	0.0
163	__protein3_rbs	7.2	0.0	0.0
163	__ribosome	32.0	0.0	0.0
163	__rnase_site_ext	10.6	0.0	0.0
163	p0	1.0	0.0	0.0
163	p1	0.8	0.0	0.0
163	p2	0.8	0.0	0.0
163	protein1	537.2	10.4	1.8871796000000003
163	protein2	513.0	11.0	2.1075368
163	protein3	501.4	12.2	2.0755244
163	r1	10.2	0.0	0.0
163	rnapol	0.8	0.0	0.0
164	__protein1_rbs	5.4	0.0	0.0
164	__protein2_rbs	7.8	0.0	0.0
164	__protein3_rbs	7.4	0.0	0.0
164	__ribosome	33.6	0.0	0.0
164	__rnase_site_ext	10.6	0.0	0.0
164	p0	0.8	0.0	0.0
164	p1	0.6	0.0	0.0
164	p2	1.0	0.0	0.0
164	protein1	541.6	10.0	1.9055556
164	protein2	516.6	11.2	2.028244
164	protein3	507.0	12.2	2.0060439999999997
164	r1	10.0	0.0	0.0
164	rnapol	0.8	0.0	0.0
165	__protein1_rbs	6.2	0.0	0.0
165	__protein2_rbs	7.0	0.0	0.0
165	__protein3_rbs	7.2	0.0	0.0
165	__ribosome	35.8	0.0	0.0
165	__rnase_site_ext	10.4	0.0	0.0
165	p0	1.0	0.0	0.0
165	p1	0.6	0.0	0.0
165	p2	0.8	0.0	0.0
165	protein1	545.2	10.0	1.9022222
165	protein2	521.6	11.2	1.95
165	protein3	512.6	12.4	1.8757244
165	r1	10.0	0.0	0.0
165	rnapol	0.8	0.0	0.0
166	__protein1_rbs	4.6	0.0	0.0
166	__protein2_rbs	6.8	0.0	0.0
166	__protein3_rbs	7.6	0.0	0.0
166	__ribosome	33.0	0.0	0.0
166	__rnase_site_ext	10.4	0.0	0.0
166	p0	1.0	0.0	0.0
166	p1	1.0	0.0	0.0
166	p2	0.6	0.0	0.0
166	protein1	548.6	9.8	2.0788889999999998
166	protein2	525.6	11.2	2.0436363999999996
166	protein3	516.6	12.4	1.9291707999999999
166	r1	9.8	0.0	0.0
166	rnapol	0.8	0.0	0.0
167	__protein1_rbs	4.6	0.0	0.0
167	__protein2_rbs	6.2	0.0	0.0
167	__protein3_rbs	6.8	0.0	0.0
167	__ribosome	31.2	0.0	0.0
167	__rnase_site_ext	10.4	0.0	0.0
167	p0	0.8	0.0	0.0
167	p1	0.8	0.0	0.0
167	p2	0.8	0.0	0.0
167	protein1	552.0	9.8	2.21
167	protein2	530.4	11.6	1.9966666000000002
167	protein3	521.4	12.2	1.9886514
167	r1	9.6	0.0	0.0
167	rnapol	1.0	0.0	0.0
168	__protein1_rbs	5.0	0.0	0.0
168	__protein2_rbs	5.6	0.0	0.0
168	__protein3_rbs	6.4	0.0	0.0
168	__ribosome	32.0	0.0	0.0
168	__rnase_site_ext	10.2	0.0	0.0
168	p0	1.0	0.0	0.0
168	p1	1.0	0.0	0.0
168	p2	0.8	0.0	0.0
168	protein1	556.0	9.6	2.2588888
168	protein2	535.4	10.6	2.1853536
168	protein3	526.4	12.0	1.968072
168	r1	9.4	0.0	0.0
168	rnapol	1.2	0.0	0.0
169	__protein1_rbs	5.4	0.0	0.0
169	__protein2_rbs	7.6	0.0	0.0
169	__protein3_rbs	7.0	0.0	0.0
169	__ribosome	33.4	0.0	0.0
169	__rnase_site_ext	10.8	0.0	0.0
169	p0	0.6	0.0	0.0
169	p1	1.0	0.0	0.0
169	p2	0.8	0.0	0.0
169	protein1	561.2	9.6	2.176068400000001
169	protein2	539.4	10.8	2.0626262
169	protein3	531.0	12.0	2.0026342
169	r1	9.4	0.0	0.0
169	rnapol	0.8	0.0	0.0
170	__protein1_rbs	7.0	0.0	0.0
170	__protein2_rbs	5.2	0.0	0.0
170	__protein3_rbs	7.4	0.0	0.0
170	__ribosome	31.4	0.0	0.0
170	__rnase_site_ext	10.8	0.0	0.0
170	p0	0.8	0.0	0.0
170	p1	1.0	0.0	0.0
170	p2	0.6	0.0	0.0
170	protein1	564.2	10.2	2.1029222000000005
170	protein2	543.6	10.4	2.2900432
170	protein3	535.6	12.4	1.9470396
170	r1	9.4	0.0	0.0
170	rnapol	0.8	0.0	0.0
171	__protein1_rbs	5.2	0.0	0.0
171	__protein2_rbs	4.6	0.0	0.0
171	__protein3_rbs	6.4	0.0	0.0
171	__ribosome	29.8	0.0	0.0
171	__rnase_site_ext	11.2	0.0	0.0
171	p0	0.8	0.0	0.0
171	p1	0.8	0.0	0.0
171	p2	0.6	0.0	0.0
171	protein1	568.4	10.2	2.1875542
171	protein2	548.2	10.4	2.2963202000000003
171	protein3	541.0	12.4	1.9767598000000004
171	r1	9.2	0.0	0.0
171	rnapol	0.8	0.0	0.0
172	__protein1_rbs	5.8	0.0	0.0
172	__protein2_rbs	7.2	0.0	0.0
172	__protein3_rbs	8.4	0.0	0.0
172	__ribosome	33.6	0.0	0.0
172	__rnase_site_ext	11.2	0.0	0.0
172	p0	0.8	0.0	0.0
172	p1	0.8	0.0	0.0
172	p2	1.0	0.0	0.0
172	protein1	572.4	10.6	2.1466666000000005
172	protein2	554.4	10.2	2.0285714
172	protein3	545.6	12.4	1.9103028
172	r1	9.2	0.0	0.0
172	rnapol	0.6	0.0	0.0
173	__protein1_rbs	7.0	0.0	0.0
173	__protein2_rbs	6.2	0.0	0.0
173	__protein3_rbs	7.0	0.0	0.0
173	__ribosome	33.2	0.0	0.0
173	__rnase_site_ext	11.0	0.0	0.0
173	p0	1.0	0.0	0.0
173	p1	1.0	0.0	0.0
173	p2	0.8	0.0	0.0
173	protein1	577.4	10.8	2.0329292000000003
173	protein2	558.6	9.8	1.9714286
173	protein3	549.6	12.4	2.0863636000000003
173	r1	9.2	0.0	0.0
173	rnapol	0.8	0.0	0.0
174	__protein1_rbs	6.6	0.0	0.0
174	__protein2_rbs	5.6	0.0	0.0
174	__protein3_rbs	7.2	0.0	0.0
174	__ribosome	33.6	0.0	0.0
174	__rnase_site_ext	10.8	0.0	0.0
174	p0	1.0	0.0	0.0
174	p1	0.8	0.0	0.0
174	p2	0.8	0.0	0.0
174	protein1	580.8	10.4	2.1754688
174	protein2	562.8	9.8	1.9903896
174	protein3	555.6	12.6	1.9766666
174	r1	9.2	0.0	0.0
174	rnapol	0.8	0.0	0.0
175	__protein1_rbs	7.0	0.0	0.0
175	__protein2_rbs	7.6	0.0	0.0
175	__protein3_rbs	8.0	0.0	0.0
175	__ribosome	36.0	0.0	0.0
175	__rnase_site_ext	10.6	0.0	0.0
175	p0	1.0	0.0	0.0
175	p1	0.8	0.0	0.0
175	p2	1.0	0.0	0.0
175	protein1	586.0	10.4	1.9874458
175	protein2	566.8	9.8	1.7994806
175	protein3	559.4	13.0	2.0307694
175	r1	9.4	0.0	0.0
175	rnapol	1.0	0.0	0.0
176	__protein1_rbs	5.4	0.0	0.0
176	__protein2_rbs	4.4	0.0	0.0
176	__protein3_rbs	8.0	0.0	0.0
176	__ribosome	36.6	0.0	0.0
176	__rnase_site_ext	10.4	0.0	0.0
176	p0	0.8	0.0	0.0
176	p1	0.4	0.0	0.0
176	p2	1.0	0.0	0.0
176	protein1	590.0	10.0	2.074603
176	protein2	572.0	9.8	1.8290908
176	protein3	565.0	12.8	1.9679488
176	r1	9.4	0.0	0.0
176	rnapol	1.0	0.0	0.0
177	__protein1_rbs	6.4	0.0	0.0
177	__protein2_rbs	4.4	0.0	0.0
177	__protein3_rbs	6.8	0.0	0.0
177	__ribosome	35.4	0.0	0.0
177	__rnase_site_ext	10.8	0.0	0.0
177	p0	0.8	0.0	0.0
177	p1	0.4	0.0	0.0
177	p2	1.0	0.0	0.0
177	protein1	595.2	9.8	1.9675214
177	protein2	575.0	9.6	2.0407792
177	protein3	569.8	12.8	2.0666666
177	r1	9.6	0.0	0.0
177	rnapol	0.8	0.0	0.0
178	__protein1_rbs	5.0	0.0	0.0
178	__protein2_rbs	5.4	0.0	0.0
178	__protein3_rbs	8.8	0.0	0.0
178	__ribosome	35.0	0.0	0.0
178	__rnase_site_ext	10.8	0.0	0.0
178	p0	0.8	0.0	0.0
178	p1	0.6	0.0	0.0
178	p2	0.8	0.0	0.0
178	protein1	598.8	10.0	2.0999998
178	protein2	578.2	9.8	2.06
178	protein3	575.4	12.6	1.9073262
178	r1	9.6	0.0	0.0
178	rnapol	1.0	0.0	0.0
179	__protein1_rbs	7.0	0.0	0.0
179	__protein2_rbs	5.4	0.0	0.0
179	__protein3_rbs	5.6	0.0	0.0
179	__ribosome	33.2	0.0	0.0
179	__rnase_site_ext	11.2	0.0	0.0
179	p0	0.8	0.0	0.0
179	p1	0.6	0.0	0.0
179	p2	1.0	0.0	0.0
179	protein1	602.8	10.2	1.9514529999999999
179	protein2	581.8	10.0	2.075
179	protein3	580.4	12.6	2.0747254
179	r1	9.6	0.0	0.0
179	rnapol	1.2	0.0	0.0
180	__protein1_rbs	6.0	0.0	0.0
180	__protein2_rbs	6.0	0.0	0.0
180	__protein3_rbs	7.6	0.0	0.0
180	__ribosome	31.0	0.0	0.0
180	__rnase_site_ext	11.2	0.0	0.0
180	p0	0.8	0.0	0.0
180	p1	1.0	0.0	0.0
180	p2	1.0	0.0	0.0
180	protein1	606.8	10.6	1.9570786
180	protein2	584.6	10.2	2.1512119999999997
180	protein3	584.8	12.4	2.128205
180	r1	9.4	0.0	0.0
180	rnapol	1.0	0.0	0.0
181	__protein1_rbs	6.0	0.0	0.0
181	__protein2_rbs	7.6	0.0	0.0
181	__protein3_rbs	7.6	0.0	0.0
181	__ribosome	33.4	0.0	0.0
181	__rnase_site_ext	11.4	0.0	0.0
181	p0	0.8	0.0	0.0
181	p1	1.0	0.0	0.0
181	p2	0.8	0.0	0.0
181	protein1	610.4	10.8	2.0111112
181	protein2	589.2	10.4	1.9270708
181	protein3	590.4	12.2	2.0519814
181	r1	9.4	0.0	0.0
181	rnapol	0.8	0.0	0.0
182	__protein1_rbs	5.6	0.0	0.0
182	__protein2_rbs	4.6	0.0	0.0
182	__protein3_rbs	7.0	0.0	0.0
182	__ribosome	32.6	0.0	0.0
182	__rnase_site_ext	11.6	0.0	0.0
182	p0	0.8	0.0	0.0
182	p1	1.0	0.0	0.0
182	p2	0.8	0.0	0.0
182	protein1	615.2	10.8	2.0055944
182	protein2	594.2	10.0	2.0577778
182	protein3	596.0	12.4	2.0517482
182	r1	9.6	0.0	0.0
182	rnapol	0.6	0.0	0.0
183	__protein1_rbs	5.6	0.0	0.0
183	__protein2_rbs	5.6	0.0	0.0
183	__protein3_rbs	7.0	0.0	0.0
183	__ribosome	29.4	0.0	0.0
183	__rnase_site_ext	11.8	0.0	0.0
183	p0	1.0	0.0	0.0
183	p1	0.8	0.0	0.0
183	p2	0.4	0.0	0.0
183	protein1	618.8	11.0	2.1805196
183	protein2	598.2	10.0	2.0433334
183	protein3	599.8	12.4	2.1299532
183	r1	9.8	0.0	0.0
183	rnapol	0.6	0.0	0.0
184	__protein1_rbs	7.8	0.0	0.0
184	__protein2_rbs	7.2	0.0	0.0
184	__protein3_rbs	7.0	0.0	0.0
184	__ribosome	33.8	0.0	0.0
184	__rnase_site_ext	12.0	0.0	0.0
184	p0	0.8	0.0	0.0
184	p1	0.8	0.0	0.0
184	p2	0.6	0.0	0.0
184	protein1	623.4	11.2	2.0454544
184	protein2	602.6	10.0	1.818889
184	protein3	605.8	12.0	2.1017482000000003
184	r1	9.8	0.0	0.0
184	rnapol	0.6	0.0	0.0
185	__protein1_rbs	6.4	0.0	0.0
185	__protein2_rbs	6.0	0.0	0.0
185	__protein3_rbs	7.0	0.0	0.0
185	__ribosome	32.6	0.0	0.0
185	__rnase_site_ext	11.4	0.0	0.0
185	p0	1.0	0.0	0.0
185	p1	0.8	0.0	0.0
185	p2	0.6	0.0	0.0
185	protein1	627.4	11.2	2.1220778
185	protein2	606.4	10.0	1.7983334
185	protein3	609.8	12.0	2.1815852000000002
185	r1	9.8	0.0	0.0
185	rnapol	0.6	0.0	0.0
186	__protein1_rbs	7.0	0.0	0.0
186	__protein2_rbs	5.6	0.0	0.0
186	__protein3_rbs	6.8	0.0	0.0
186	__ribosome	32.8	0.0	0.0
186	__rnase_site_ext	11.6	0.0	0.0
186	p0	0.8	0.0	0.0
186	p1	0.6	0.0	0.0
186	p2	0.6	0.0	0.0
186	protein1	632.0	11.0	2.135065
186	protein2	609.8	9.8	1.9472222
186	protein3	615.8	12.0	2.1016316
186	r1	9.8	0.0	0.0
186	rnapol	0.4	0.0	0.0
187	__protein1_rbs	6.6	0.0	0.0
187	__protein2_rbs	5.6	0.0	0.0
187	__protein3_rbs	7.2	0.0	0.0
187	__ribosome	34.0	0.0	0.0
187	__rnase_site_ext	11.6	0.0	0.0
187	p0	1.0	0.0	0.0
187	p1	0.6	0.0	0.0
187	p2	1.0	0.0	0.0
187	protein1	637.2	10.8	2.0645022
187	protein2	614.2	10.0	1.8914142
187	protein3	620.6	11.8	2.2190060000000003
187	r1	10.0	0.0	0.0
187	rnapol	0.6	0.0	0.0
188	__protein1_rbs	6.2	0.0	0.0
188	__protein2_rbs	6.4	0.0	0.0
188	__protein3_rbs	7.8	0.0	0.0
188	__ribosome	35.0	0.0	0.0
188	__rnase_site_ext	11.4	0.0	0.0
188	p0	1.0	0.0	0.0
188	p1	0.6	0.0	0.0
188	p2	1.0	0.0	0.0
188	protein1	641.8	11.0	2.0417606
188	protein2	618.2	10.2	1.7401516
188	protein3	625.0	11.8	2.164011
188	r1	10.2	0.0	0.0
188	rnapol	0.6	0.0	0.0
189	__protein1_rbs	6.0	0.0	0.0
189	__protein2_rbs	6.8	0.0	0.0
189	__protein3_rbs	8.0	0.0	0.0
189	__ribosome	35.8	0.0	0.0
189	__rnase_site_ext	11.2	0.0	0.0
189	p0	0.8	0.0	0.0
189	p1	0.4	0.0	0.0
189	p2	0.8	0.0	0.0
189	protein1	646.0	11.0	2.1288598
189	protein2	620.6	10.4	1.8095453999999997
189	protein3	631.8	12.0	1.8984034
189	r1	10.2	0.0	0.0
189	rnapol	0.4	0.0	0.0
190	__protein1_rbs	7.0	0.0	0.0
190	__protein2_rbs	6.2	0.0	0.0
190	__protein3_rbs	7.4	0.0	0.0
190	__ribosome	37.4	0.0	0.0
190	__rnase_site_ext	11.2	0.0	0.0
190	p0	1.0	0.0	0.0
190	p1	0.8	0.0	0.0
190	p2	0.8	0.0	0.0
190	protein1	650.6	11.0	2.0382972
190	protein2	625.2	10.6	1.6913636000000003
190	protein3	636.4	11.8	1.8721124
190	r1	10.4	0.0	0.0
190	rnapol	0.4	0.0	0.0
191	__protein1_rbs	6.2	0.0	0.0
191	__protein2_rbs	5.8	0.0	0.0
191	__protein3_rbs	5.8	0.0	0.0
191	__ribosome	34.0	0.0	0.0
191	__rnase_site_ext	11.4	0.0	0.0
191	p0	0.8	0.0	0.0
191	p1	0.8	0.0	0.0
191	p2	0.8	0.0	0.0
191	protein1	654.8	10.6	2.1449882
191	protein2	628.6	10.8	1.7710255999999998
191	protein3	640.6	11.6	2.0955432000000003
191	r1	10.2	0.0	0.0
191	rnapol	0.6	0.0	0.0
192	__protein1_rbs	6.2	0.0	0.0
192	__protein2_rbs	5.8	0.0	0.0
192	__protein3_rbs	6.6	0.0	0.0
192	__ribosome	34.2	0.0	0.0
192	__rnase_site_ext	11.2	0.0	0.0
192	p0	1.0	0.0	0.0
192	p1	0.8	0.0	0.0
192	p2	0.8	0.0	0.0
192	protein1	659.0	10.6	2.1515150000000003
192	protein2	632.8	10.8	1.7783839999999995
192	protein3	645.2	11.6	2.08315
192	r1	10.2	0.0	0.0
192	rnapol	1.0	0.0	0.0
193	__protein1_rbs	6.2	0.0	0.0
193	__protein2_rbs	5.2	0.0	0.0
193	__protein3_rbs	7.0	0.0	0.0
193	__ribosome	33.0	0.0	0.0
193	__rnase_site_ext	11.2	0.0	0.0
193	p0	0.8	0.0	0.0
193	p1	0.8	0.0	0.0
193	p2	0.6	0.0	0.0
193	protein1	664.0	10.6	2.081383
193	protein2	635.6	10.6	2.0848486
193	protein3	650.2	11.2	2.0577778
193	r1	10.2	0.0	0.0
193	rnapol	0.8	0.0	0.0
194	__protein1_rbs	5.4	0.0	0.0
194	__protein2_rbs	6.4	0.0	0.0
194	__protein3_rbs	6.0	0.0	0.0
194	__ribosome	31.4	0.0	0.0
194	__rnase_site_ext	11.2	0.0	0.0
194	p0	0.8	0.0	0.0
194	p1	0.8	0.0	0.0
194	p2	0.8	0.0	0.0
194	protein1	669.2	10.6	2.0985857999999995
194	protein2	639.6	10.6	2.0777778
194	protein3	653.8	11.2	2.2090334
194	r1	10.2	0.0	0.0
194	rnapol	1.4	0.0	0.0
195	__protein1_rbs	6.2	0.0	0.0
195	__protein2_rbs	6.8	0.0	0.0
195	__protein3_rbs	6.8	0.0	0.0
195	__ribosome	33.4	0.0	0.0
195	__rnase_site_ext	11.8	0.0	0.0
195	p0	0.4	0.0	0.0
195	p1	1.0	0.0	0.0
195	p2	0.4	0.0	0.0
195	protein1	674.0	10.4	1.9787568
195	protein2	642.8	10.6	2.161111
195	protein3	659.0	11.4	2.0756856
195	r1	10.4	0.0	0.0
195	rnapol	0.8	0.0	0.0
196	__protein1_rbs	5.8	0.0	0.0
196	__protein2_rbs	5.8	0.0	0.0
196	__protein3_rbs	7.8	0.0	0.0
196	__ribosome	31.4	0.0	0.0
196	__rnase_site_ext	12.0	0.0	0.0
196	p0	1.0	0.0	0.0
196	p1	0.6	0.0	0.0
196	p2	0.8	0.0	0.0
196	protein1	676.6	10.8	2.104603
196	protein2	647.4	10.8	2.2043436
196	protein3	663.8	11.2	2.0151658
196	r1	9.8	0.0	0.0
196	rnapol	0.6	0.0	0.0
197	__protein1_rbs	6.0	0.0	0.0
197	__protein2_rbs	5.4	0.0	0.0
197	__protein3_rbs	8.2	0.0	0.0
197	__ribosome	32.6	0.0	0.0
197	__rnase_site_ext	11.8	0.0	0.0
197	p0	1.0	0.0	0.0
197	p1	0.8	0.0	0.0
197	p2	0.8	0.0	0.0
197	protein1	681.2	11.2	2.1068132
197	protein2	652.4	10.6	2.2411112
197	protein3	669.2	11.6	1.7893440000000005
197	r1	9.8	0.0	0.0
197	rnapol	0.6	0.0	0.0
198	__protein1_rbs	6.8	0.0	0.0
198	__protein2_rbs	6.0	0.0	0.0
198	__protein3_rbs	5.6	0.0	0.0
198	__ribosome	31.8	0.0	0.0
198	__rnase_site_ext	11.8	0.0	0.0
198	p0	0.8	0.0	0.0
198	p1	1.0	0.0	0.0
198	p2	0.8	0.0	0.0
198	protein1	686.0	11.2	2.0729914000000003
198	protein2	657.4	10.8	2.1411112
198	protein3	673.2	11.6	1.965945
198	r1	9.8	0.0	0.0
198	rnapol	0.4	0.0	0.0
199	__protein1_rbs	6.6	0.0	0.0
199	__protein2_rbs	6.2	0.0	0.0
199	__protein3_rbs	6.0	0.0	0.0
199	__ribosome	32.4	0.0	0.0
199	__rnase_site_ext	11.6	0.0	0.0
199	p0	1.0	0.0	0.0
199	p1	0.8	0.0	0.0
199	p2	0.8	0.0	0.0
199	protein1	691.4	10.8	2.0760684
199	protein2	661.8	10.8	2.110909
199	protein3	677.6	11.8	1.9753246
199	r1	9.6	0.0	0.0
199	rnapol	0.6	0.0	0.0
200	__protein1_rbs	6.8	0.0	0.0
200	__protein2_rbs	5.8	0.0	0.0
200	__protein3_rbs	8.0	0.0	0.0
200	__ribosome	32.0	0.0	0.0
200	__rnase_site_ext	11.6	0.0	0.0
200	p0	1.0	0.0	0.0
200	p1	1.0	0.0	0.0
200	p2	0.8	0.0	0.0
200	protein1	694.6	10.8	2.2144872
200	protein2	666.4	10.8	2.1293938
200	protein3	681.8	11.8	1.8794374
200	r1	10.0	0.0	0.0
200	rnapol	0.8	0.0	0.0
201	__protein1_rbs	5.0	0.0	0.0
201	__protein2_rbs	7.2	0.0	0.0
201	__protein3_rbs	6.0	0.0	0.0
201	__ribosome	30.2	0.0	0.0
201	__rnase_site_ext	11.8	0.0	0.0
201	p0	0.6	0.0	0.0
201	p1	1.0	0.0	0.0
201	p2	0.8	0.0	0.0
201	protein1	700.0	10.8	2.1489317999999997
201	protein2	670.8	11.0	2.0466668
201	protein3	685.4	12.0	2.0603564
201	r1	9.8	0.0	0.0
201	rnapol	0.6	0.0	0.0
202	__protein1_rbs	8.2	0.0	0.0
202	__protein2_rbs	5.6	0.0	0.0
202	__protein3_rbs	7.0	0.0	0.0
202	__ribosome	31.6	0.0	0.0
202	__rnase_site_ext	12.0	0.0	0.0
202	p0	0.6	0.0	0.0
202	p1	0.4	0.0	0.0
202	p2	0.8	0.0	0.0
202	protein1	704.0	11.0	1.9933332
202	protein2	675.6	10.8	2.109697
202	protein3	689.8	11.6	2.0616884000000004
202	r1	10.0	0.0	0.0
202	rnapol	0.2	0.0	0.0
203	__protein1_rbs	6.4	0.0	0.0
203	__protein2_rbs	6.2	0.0	0.0
203	__protein3_rbs	7.6	0.0	0.0
203	__ribosome	33.6	0.0	0.0
203	__rnase_site_ext	12.0	0.0	0.0
203	p0	1.0	0.0	0.0
203	p1	0.6	0.0	0.0
203	p2	0.8	0.0	0.0
203	protein1	709.0	11.2	1.9122221999999998
203	protein2	680.2	10.4	2.16
203	protein3	695.2	11.8	1.8969752
203	r1	9.6	0.0	0.0
203	rnapol	0.6	0.0	0.0
204	__protein1_rbs	6.8	0.0	0.0
204	__protein2_rbs	5.6	0.0	0.0
204	__protein3_rbs	6.4	0.0	0.0
204	__ribosome	34.0	0.0	0.0
204	__rnase_site_ext	11.4	0.0	0.0
204	p0	1.0	0.0	0.0
204	p1	0.8	0.0	0.0
204	p2	0.8	0.0	0.0
204	protein1	713.4	11.4	1.8933334
204	protein2	684.0	10.6	2.1492308
204	protein3	701.2	11.8	1.8461816000000002
204	r1	9.4	0.0	0.0
204	rnapol	1.0	0.0	0.0
205	__protein1_rbs	6.2	0.0	0.0
205	__protein2_rbs	7.4	0.0	0.0
205	__protein3_rbs	6.6	0.0	0.0
205	__ribosome	33.8	0.0	0.0
205	__rnase_site_ext	11.6	0.0	0.0
205	p0	0.8	0.0	0.0
205	p1	1.0	0.0	0.0
205	p2	0.8	0.0	0.0
205	protein1	717.4	10.8	2.0838096
205	protein2	689.4	10.6	1.926045
205	protein3	704.6	12.0	1.9752914
205	r1	9.6	0.0	0.0
205	rnapol	0.8	0.0	0.0
206	__protein1_rbs	6.0	0.0	0.0
206	__protein2_rbs	7.0	0.0	0.0
206	__protein3_rbs	7.0	0.0	0.0
206	__ribosome	34.6	0.0	0.0
206	__rnase_site_ext	11.6	0.0	0.0
206	p0	0.6	0.0	0.0
206	p1	0.8	0.0	0.0
206	p2	1.0	0.0	0.0
206	protein1	722.0	10.8	2.021039
206	protein2	693.2	10.8	1.903248
206	protein3	710.0	12.2	1.9235664000000001
206	r1	9.4	0.0	0.0
206	rnapol	0.8	0.0	0.0
207	__protein1_rbs	6.6	0.0	0.0
207	__protein2_rbs	5.0	0.0	0.0
207	__protein3_rbs	6.4	0.0	0.0
207	__ribosome	31.6	0.0	0.0
207	__rnase_site_ext	11.8	0.0	0.0
207	p0	0.8	0.0	0.0
207	p1	0.8	0.0	0.0
207	p2	1.0	0.0	0.0
207	protein1	726.0	10.8	2.0892352
207	protein2	698.0	10.6	1.9764104
207	protein3	713.8	12.4	2.0720512
207	r1	9.6	0.0	0.0
207	rnapol	0.6	0.0	0.0
208	__protein1_rbs	6.0	0.0	0.0
208	__protein2_rbs	7.0	0.0	0.0
208	__protein3_rbs	7.4	0.0	0.0
208	__ribosome	32.2	0.0	0.0
208	__rnase_site_ext	12.0	0.0	0.0
208	p0	0.6	0.0	0.0
208	p1	0.6	0.0	0.0
208	p2	0.6	0.0	0.0
208	protein1	730.6	10.8	2.1142857999999998
208	protein2	702.2	10.6	1.9252991999999998
208	protein3	718.2	12.2	2.1133264000000005
208	r1	9.8	0.0	0.0
208	rnapol	0.2	0.0	0.0
209	__protein1_rbs	7.2	0.0	0.0
209	__protein2_rbs	5.4	0.0	0.0
209	__protein3_rbs	7.4	0.0	0.0
209	__ribosome	30.6	0.0	0.0
209	__rnase_site_ext	12.0	0.0	0.0
209	p0	1.0	0.0	0.0
209	p1	0.4	0.0	0.0
209	p2	0.6	0.0	0.0
209	protein1	734.6	11.0	2.0253680000000003
209	protein2	706.6	10.4	2.0599998000000004
209	protein3	722.4	12.2	2.1642158
209	r1	9.4	0.0	0.0
209	rnapol	0.4	0.0	0.0
210	__protein1_rbs	6.6	0.0	0.0
210	__protein2_rbs	6.2	0.0	0.0
210	__protein3_rbs	8.2	0.0	0.0
210	__ribosome	32.2	0.0	0.0
210	__rnase_site_ext	12.0	0.0	0.0
210	p0	0.8	0.0	0.0
210	p1	0.6	0.0	0.0
210	p2	0.6	0.0	0.0
210	protein1	739.4	11.2	1.9874826000000003
210	protein2	709.8	10.2	2.111111
210	protein3	727.6	12.0	2.0483916
210	r1	9.4	0.0	0.0
210	rnapol	0.2	0.0	0.0
211	__protein1_rbs	5.4	0.0	0.0
211	__protein2_rbs	5.8	0.0	0.0
211	__protein3_rbs	6.8	0.0	0.0
211	__ribosome	30.6	0.0	0.0
211	__rnase_site_ext	12.2	0.0	0.0
211	p0	1.0	0.0	0.0
211	p1	0.8	0.0	0.0
211	p2	1.0	0.0	0.0
211	protein1	744.0	11.2	2.0562238
211	protein2	713.8	10.4	2.1844442
211	protein3	733.6	11.8	2.0430770000000003
211	r1	9.6	0.0	0.0
211	rnapol	0.2	0.0	0.0
212	__protein1_rbs	6.0	0.0	0.0
212	__protein2_rbs	7.2	0.0	0.0
212	__protein3_rbs	6.2	0.0	0.0
212	__ribosome	32.2	0.0	0.0
212	__rnase_site_ext	12.2	0.0	0.0
212	p0	1.0	0.0	0.0
212	p1	0.8	0.0	0.0
212	p2	1.0	0.0	0.0
212	protein1	748.0	11.4	2.0925874
212	protein2	718.6	10.6	1.9811112
212	protein3	740.0	12.2	1.9242958
212	r1	9.8	0.0	0.0
212	rnapol	0.6	0.0	0.0
213	__protein1_rbs	6.4	0.0	0.0
213	__protein2_rbs	5.2	0.0	0.0
213	__protein3_rbs	6.8	0.0	0.0
213	__ribosome	28.8	0.0	0.0
213	__rnase_site_ext	12.2	0.0	0.0
213	p0	0.8	0.0	0.0
213	p1	0.6	0.0	0.0
213	p2	0.8	0.0	0.0
213	protein1	752.8	11.4	2.1486712000000003
213	protein2	722.8	10.6	2.0366668000000003
213	protein3	743.4	12.2	2.068648
213	r1	10.2	0.0	0.0
213	rnapol	0.4	0.0	0.0
214	__protein1_rbs	7.2	0.0	0.0
214	__protein2_rbs	7.4	0.0	0.0
214	__protein3_rbs	8.0	0.0	0.0
214	__ribosome	31.0	0.0	0.0
214	__rnase_site_ext	12.0	0.0	0.0
214	p0	0.8	0.0	0.0
214	p1	0.4	0.0	0.0
214	p2	0.6	0.0	0.0
214	protein1	757.2	11.4	2.1360838
214	protein2	727.6	10.4	1.9139394
214	protein3	748.0	12.4	2.018881
214	r1	10.0	0.0	0.0
214	rnapol	0.4	0.0	0.0
215	__protein1_rbs	6.8	0.0	0.0
215	__protein2_rbs	5.4	0.0	0.0
215	__protein3_rbs	7.2	0.0	0.0
215	__ribosome	30.2	0.0	0.0
215	__rnase_site_ext	12.2	0.0	0.0
215	p0	0.8	0.0	0.0
215	p1	0.6	0.0	0.0
215	p2	0.6	0.0	0.0
215	protein1	762.0	11.2	2.1166588
215	protein2	731.4	10.6	2.0021212000000004
215	protein3	753.0	12.2	2.0530302
215	r1	10.0	0.0	0.0
215	rnapol	0.2	0.0	0.0
216	__protein1_rbs	6.4	0.0	0.0
216	__protein2_rbs	6.2	0.0	0.0
216	__protein3_rbs	6.4	0.0	0.0
216	__ribosome	31.2	0.0	0.0
216	__rnase_site_ext	12.2	0.0	0.0
216	p0	1.0	0.0	0.0
216	p1	0.6	0.0	0.0
216	p2	0.6	0.0	0.0
216	protein1	767.8	11.4	1.9235432000000001
216	protein2	735.4	10.4	2.0633334
216	protein3	758.0	12.2	2.1181818
216	r1	10.0	0.0	0.0
216	rnapol	0.4	0.0	0.0
217	__protein1_rbs	6.0	0.0	0.0
217	__protein2_rbs	5.0	0.0	0.0
217	__protein3_rbs	8.0	0.0	0.0
217	__ribosome	31.2	0.0	0.0
217	__rnase_site_ext	12.0	0.0	0.0
217	p0	1.0	0.0	0.0
217	p1	0.6	0.0	0.0
217	p2	0.6	0.0	0.0
217	protein1	773.0	11.4	1.9293650000000002
217	protein2	740.0	10.6	2.0855556
217	protein3	762.6	12.2	2.0497834
217	r1	9.8	0.0	0.0
217	rnapol	0.4	0.0	0.0
218	__protein1_rbs	6.6	0.0	0.0
218	__protein2_rbs	7.0	0.0	0.0
218	__protein3_rbs	7.4	0.0	0.0
218	__ribosome	32.2	0.0	0.0
218	__rnase_site_ext	12.2	0.0	0.0
218	p0	0.8	0.0	0.0
218	p1	0.8	0.0	0.0
218	p2	0.6	0.0	0.0
218	protein1	777.0	11.2	2.0607142
218	protein2	744.2	10.8	1.95
218	protein3	768.2	12.0	2.0257576
218	r1	9.4	0.0	0.0
218	rnapol	0.6	0.0	0.0
219	__protein1_rbs	7.0	0.0	0.0
219	__protein2_rbs	5.8	0.0	0.0
219	__protein3_rbs	7.8	0.0	0.0
219	__ribosome	32.2	0.0	0.0
219	__rnase_site_ext	12.2	0.0	0.0
219	p0	0.8	0.0	0.0
219	p1	1.0	0.0	0.0
219	p2	0.6	0.0	0.0
219	protein1	781.8	11.4	1.964935
219	protein2	748.0	11.0	2.0620512
219	protein3	773.0	12.2	1.9145454
219	r1	9.6	0.0	0.0
219	rnapol	0.6	0.0	0.0
220	__protein1_rbs	4.8	0.0	0.0
220	__protein2_rbs	6.0	0.0	0.0
220	__protein3_rbs	8.2	0.0	0.0
220	__ribosome	30.0	0.0	0.0
220	__rnase_site_ext	12.6	0.0	0.0
220	p0	0.8	0.0	0.0
220	p1	0.8	0.0	0.0
220	p2	0.6	0.0	0.0
220	protein1	785.4	11.4	2.150974
220	protein2	752.6	11.2	2.0857142
220	protein3	777.8	12.4	1.8284848000000002
220	r1	9.6	0.0	0.0
220	rnapol	0.4	0.0	0.0
221	__protein1_rbs	7.4	0.0	0.0
221	__protein2_rbs	5.4	0.0	0.0
221	__protein3_rbs	6.6	0.0	0.0
221	__ribosome	29.0	0.0	0.0
221	__rnase_site_ext	12.4	0.0	0.0
221	p0	1.0	0.0	0.0
221	p1	0.8	0.0	0.0
221	p2	0.6	0.0	0.0
221	protein1	790.0	11.8	2.0635664
221	protein2	757.0	10.8	2.2896582000000003
221	protein3	783.0	12.4	1.8523311999999998
221	r1	9.8	0.0	0.0
221	rnapol	0.4	0.0	0.0
222	__protein1_rbs	7.4	0.0	0.0
222	__protein2_rbs	5.6	0.0	0.0
222	__protein3_rbs	7.0	0.0	0.0
222	__ribosome	30.8	0.0	0.0
222	__rnase_site_ext	12.6	0.0	0.0
222	p0	1.0	0.0	0.0
222	p1	0.8	0.0	0.0
222	p2	0.6	0.0	0.0
222	protein1	795.4	11.8	1.9461306
222	protein2	762.0	10.6	2.2388888
222	protein3	787.6	12.2	1.9231002000000001
222	r1	9.8	0.0	0.0
222	rnapol	0.2	0.0	0.0
223	__protein1_rbs	8.2	0.0	0.0
223	__protein2_rbs	6.6	0.0	0.0
223	__protein3_rbs	8.2	0.0	0.0
223	__ribosome	30.8	0.0	0.0
223	__rnase_site_ext	12.4	0.0	0.0
223	p0	1.0	0.0	0.0
223	p1	0.6	0.0	0.0
223	p2	0.6	0.0	0.0
223	protein1	799.4	11.8	1.9227524000000005
223	protein2	765.8	10.4	2.2818182
223	protein3	792.0	12.4	1.8938694
223	r1	9.8	0.0	0.0
223	rnapol	0.2	0.0	0.0
224	__protein1_rbs	6.8	0.0	0.0
224	__protein2_rbs	6.6	0.0	0.0
224	__protein3_rbs	5.6	0.0	0.0
224	__ribosome	29.4	0.0	0.0
224	__rnase_site_ext	12.4	0.0	0.0
224	p0	1.0	0.0	0.0
224	p1	0.8	0.0	0.0
224	p2	0.8	0.0	0.0
224	protein1	803.4	11.8	2.0274726000000003
224	protein2	771.0	10.2	2.2288888
224	protein3	796.8	12.2	2.0930304
224	r1	9.6	0.0	0.0
224	rnapol	0.4	0.0	0.0
225	__protein1_rbs	7.4	0.0	0.0
225	__protein2_rbs	6.4	0.0	0.0
225	__protein3_rbs	7.2	0.0	0.0
225	__ribosome	32.2	0.0	0.0
225	__rnase_site_ext	12.2	0.0	0.0
225	p0	1.0	0.0	0.0
225	p1	0.8	0.0	0.0
225	p2	0.8	0.0	0.0
225	protein1	809.0	11.6	1.935931
225	protein2	776.4	10.4	2.0036364
225	protein3	801.2	12.4	2.0745454
225	r1	9.8	0.0	0.0
225	rnapol	0.6	0.0	0.0
226	__protein1_rbs	7.0	0.0	0.0
226	__protein2_rbs	5.4	0.0	0.0
226	__protein3_rbs	6.0	0.0	0.0
226	__ribosome	32.0	0.0	0.0
226	__rnase_site_ext	12.2	0.0	0.0
226	p0	1.0	0.0	0.0
226	p1	0.6	0.0	0.0
226	p2	1.0	0.0	0.0
226	protein1	813.6	11.4	1.8863738
226	protein2	781.0	10.4	2.0054546
226	protein3	806.0	12.2	2.1852814
226	r1	10.0	0.0	0.0
226	rnapol	1.0	0.0	0.0
227	__protein1_rbs	6.8	0.0	0.0
227	__protein2_rbs	6.6	0.0	0.0
227	__protein3_rbs	7.8	0.0	0.0
227	__ribosome	32.8	0.0	0.0
227	__rnase_site_ext	12.0	0.0	0.0
227	p0	0.8	0.0	0.0
227	p1	0.8	0.0	0.0
227	p2	0.8	0.0	0.0
227	protein1	817.8	11.4	1.8936998000000005
227	protein2	785.0	10.4	1.969091
227	protein3	811.4	12.4	2.0876124
227	r1	10.0	0.0	0.0
227	rnapol	0.8	0.0	0.0
228	__protein1_rbs	7.6	0.0	0.0
228	__protein2_rbs	6.2	0.0	0.0
228	__protein3_rbs	6.8	0.0	0.0
228	__ribosome	34.2	0.0	0.0
228	__rnase_site_ext	12.0	0.0	0.0
228	p0	0.6	0.0	0.0
228	p1	0.8	0.0	0.0
228	p2	0.8	0.0	0.0
228	protein1	822.2	11.4	1.8418312
228	protein2	790.0	10.6	1.8327272
228	protein3	816.0	12.6	2.1151848
228	r1	10.2	0.0	0.0
228	rnapol	0.6	0.0	0.0
229	__protein1_rbs	5.0	0.0	0.0
229	__protein2_rbs	6.8	0.0	0.0
229	__protein3_rbs	7.4	0.0	0.0
229	__ribosome	32.8	0.0	0.0
229	__rnase_site_ext	11.8	0.0	0.0
229	p0	1.0	0.0	0.0
229	p1	1.0	0.0	0.0
229	p2	0.6	0.0	0.0
229	protein1	826.2	11.0	2.0499631999999997
229	protein2	793.8	10.8	1.8466666
229	protein3	822.2	12.6	2.0485512
229	r1	10.4	0.0	0.0
229	rnapol	0.6	0.0	0.0
230	__protein1_rbs	6.0	0.0	0.0
230	__protein2_rbs	6.0	0.0	0.0
230	__protein3_rbs	8.2	0.0	0.0
230	__ribosome	31.4	0.0	0.0
230	__rnase_site_ext	11.6	0.0	0.0
230	p0	1.0	0.0	0.0
230	p1	0.6	0.0	0.0
230	p2	0.8	0.0	0.0
230	protein1	830.0	11.0	2.1053146000000003
230	protein2	797.8	10.8	1.9466666000000001
230	protein3	827.2	12.6	1.9914086
230	r1	10.4	0.0	0.0
230	rnapol	0.8	0.0	0.0
231	__protein1_rbs	5.8	0.0	0.0
231	__protein2_rbs	5.2	0.0	0.0
231	__protein3_rbs	6.8	0.0	0.0
231	__ribosome	30.6	0.0	0.0
231	__rnase_site_ext	11.8	0.0	0.0
231	p0	0.6	0.0	0.0
231	p1	0.6	0.0	0.0
231	p2	1.0	0.0	0.0
231	protein1	834.6	10.8	2.1646153999999997
231	protein2	801.8	10.4	2.1266668
231	protein3	832.6	12.6	2.023876
231	r1	10.4	0.0	0.0
231	rnapol	1.0	0.0	0.0
232	__protein1_rbs	7.0	0.0	0.0
232	__protein2_rbs	6.0	0.0	0.0
232	__protein3_rbs	7.0	0.0	0.0
232	__ribosome	29.2	0.0	0.0
232	__rnase_site_ext	11.8	0.0	0.0
232	p0	1.0	0.0	0.0
232	p1	1.0	0.0	0.0
232	p2	0.6	0.0	0.0
232	protein1	838.0	10.8	2.1579488000000007
232	protein2	805.2	10.4	2.19
232	protein3	837.0	12.0	2.1634566000000004
232	r1	10.4	0.0	0.0
232	rnapol	1.0	0.0	0.0
233	__protein1_rbs	7.6	0.0	0.0
233	__protein2_rbs	7.4	0.0	0.0
233	__protein3_rbs	5.2	0.0	0.0
233	__ribosome	29.8	0.0	0.0
233	__rnase_site_ext	12.0	0.0	0.0
233	p0	0.6	0.0	0.0
233	p1	1.0	0.0	0.0
233	p2	0.6	0.0	0.0
233	protein1	842.4	11.2	1.9867034
233	protein2	808.8	10.6	2.1522377999999995
233	protein3	842.8	12.2	2.149697
233	r1	10.4	0.0	0.0
233	rnapol	0.8	0.0	0.0
234	__protein1_rbs	8.0	0.0	0.0
234	__protein2_rbs	6.6	0.0	0.0
234	__protein3_rbs	7.6	0.0	0.0
234	__ribosome	32.6	0.0	0.0
234	__rnase_site_ext	12.2	0.0	0.0
234	p0	0.8	0.0	0.0
234	p1	1.0	0.0	0.0
234	p2	0.8	0.0	0.0
234	protein1	847.6	11.2	1.8506593999999996
234	protein2	813.8	10.6	2.0367134
234	protein3	846.6	12.2	2.1791342
234	r1	10.4	0.0	0.0
234	rnapol	0.8	0.0	0.0
235	__protein1_rbs	5.8	0.0	0.0
235	__protein2_rbs	7.0	0.0	0.0
235	__protein3_rbs	7.4	0.0	0.0
235	__ribosome	35.8	0.0	0.0
235	__rnase_site_ext	12.4	0.0	0.0
235	p0	0.8	0.0	0.0
235	p1	0.4	0.0	0.0
235	p2	0.8	0.0	0.0
235	protein1	852.8	11.6	1.8316434
235	protein2	819.6	10.6	1.7974476000000004
235	protein3	852.2	12.2	2.0512556
235	r1	10.2	0.0	0.0
235	rnapol	0.6	0.0	0.0
236	__protein1_rbs	6.6	0.0	0.0
236	__protein2_rbs	6.2	0.0	0.0
236	__protein3_rbs	7.2	0.0	0.0
236	__ribosome	35.4	0.0	0.0
236	__rnase_site_ext	12.2	0.0	0.0
236	p0	1.0	0.0	0.0
236	p1	0.6	0.0	0.0
236	p2	1.0	0.0	0.0
236	protein1	856.6	11.8	1.9206918
236	protein2	823.6	10.6	1.7982168
236	protein3	858.0	12.4	1.9359308000000002
236	r1	10.2	0.0	0.0
236	rnapol	0.6	0.0	0.0
237	__protein1_rbs	6.6	0.0	0.0
237	__protein2_rbs	6.6	0.0	0.0
237	__protein3_rbs	7.2	0.0	0.0
237	__ribosome	36.2	0.0	0.0
237	__rnase_site_ext	12.0	0.0	0.0
237	p0	1.0	0.0	0.0
237	p1	1.0	0.0	0.0
237	p2	0.6	0.0	0.0
237	protein1	861.0	11.4	1.9980950000000002
237	protein2	828.6	10.8	1.6918726000000002
237	protein3	863.0	12.2	1.9454546
237	r1	10.6	0.0	0.0
237	rnapol	1.0	0.0	0.0
238	__protein1_rbs	6.6	0.0	0.0
238	__protein2_rbs	6.4	0.0	0.0
238	__protein3_rbs	8.4	0.0	0.0
238	__ribosome	35.0	0.0	0.0
238	__rnase_site_ext	12.0	0.0	0.0
238	p0	1.0	0.0	0.0
238	p1	0.6	0.0	0.0
238	p2	1.0	0.0	0.0
238	protein1	864.6	11.4	2.0733332
238	protein2	831.2	11.2	1.8169388
238	protein3	868.4	12.0	1.8010988
238	r1	10.6	0.0	0.0
238	rnapol	0.8	0.0	0.0
239	__protein1_rbs	7.2	0.0	0.0
239	__protein2_rbs	5.6	0.0	0.0
239	__protein3_rbs	7.2	0.0	0.0
239	__ribosome	33.4	0.0	0.0
239	__rnase_site_ext	12.0	0.0	0.0
239	p0	0.6	0.0	0.0
239	p1	0.6	0.0	0.0
239	p2	1.0	0.0	0.0
239	protein1	868.2	11.4	2.0732236
239	protein2	835.2	10.8	2.0300698
239	protein3	873.4	11.8	1.8307362
239	r1	11.0	0.0	0.0
239	rnapol	0.6	0.0	0.0
240	__protein1_rbs	7.2	0.0	0.0
240	__protein2_rbs	5.6	0.0	0.0
240	__protein3_rbs	5.8	0.0	0.0
240	__ribosome	31.4	0.0	0.0
240	__rnase_site_ext	12.2	0.0	0.0
240	p0	1.0	0.0	0.0
240	p1	1.0	0.0	0.0
240	p2	1.0	0.0	0.0
240	protein1	873.0	11.4	2.070806
240	protein2	839.4	10.6	2.1118882
240	protein3	877.4	11.8	2.0125542000000003
240	r1	10.2	0.0	0.0
240	rnapol	0.8	0.0	0.0
241	__protein1_rbs	7.4	0.0	0.0
241	__protein2_rbs	7.0	0.0	0.0
241	__protein3_rbs	7.2	0.0	0.0
241	__ribosome	31.6	0.0	0.0
241	__rnase_site_ext	12.4	0.0	0.0
241	p0	0.6	0.0	0.0
241	p1	0.6	0.0	0.0
241	p2	0.6	0.0	0.0
241	protein1	878.6	11.8	1.8639682
241	protein2	842.2	11.0	2.0901516
241	protein3	882.0	12.0	2.0004396
241	r1	10.0	0.0	0.0
241	rnapol	0.2	0.0	0.0
242	__protein1_rbs	6.8	0.0	0.0
242	__protein2_rbs	7.0	0.0	0.0
242	__protein3_rbs	6.6	0.0	0.0
242	__ribosome	30.8	0.0	0.0
242	__rnase_site_ext	12.4	0.0	0.0
242	p0	1.0	0.0	0.0
242	p1	0.8	0.0	0.0
242	p2	0.4	0.0	0.0
242	protein1	883.2	11.8	1.9678572
242	protein2	847.2	10.8	2.0175874
242	protein3	886.2	12.0	2.0829702
242	r1	10.2	0.0	0.0
242	rnapol	0.2	0.0	0.0
243	__protein1_rbs	8.0	0.0	0.0
243	__protein2_rbs	6.2	0.0	0.0
243	__protein3_rbs	6.8	0.0	0.0
243	__ribosome	31.2	0.0	0.0
243	__rnase_site_ext	12.2	0.0	0.0
243	p0	1.0	0.0	0.0
243	p1	0.8	0.0	0.0
243	p2	0.8	0.0	0.0
243	protein1	887.6	12.0	1.8784848000000003
243	protein2	851.8	11.2	1.9162006000000005
243	protein3	890.4	11.6	2.2362238
243	r1	10.2	0.0	0.0
243	rnapol	0.6	0.0	0.0
244	__protein1_rbs	7.2	0.0	0.0
244	__protein2_rbs	8.2	0.0	0.0
244	__protein3_rbs	7.2	0.0	0.0
244	__ribosome	32.6	0.0	0.0
244	__rnase_site_ext	12.0	0.0	0.0
244	p0	0.8	0.0	0.0
244	p1	0.8	0.0	0.0
244	p2	1.0	0.0	0.0
244	protein1	892.2	11.6	1.933485
244	protein2	856.0	11.4	1.8108973999999998
244	protein3	895.4	11.6	2.1555244
244	r1	10.4	0.0	0.0
244	rnapol	0.4	0.0	0.0
245	__protein1_rbs	6.0	0.0	0.0
245	__protein2_rbs	7.4	0.0	0.0
245	__protein3_rbs	6.2	0.0	0.0
245	__ribosome	32.0	0.0	0.0
245	__rnase_site_ext	11.6	0.0	0.0
245	p0	1.0	0.0	0.0
245	p1	0.8	0.0	0.0
245	p2	0.6	0.0	0.0
245	protein1	896.4	11.4	1.9971212
245	protein2	861.0	11.4	1.746795
245	protein3	899.8	12.0	2.1391607999999995
245	r1	10.4	0.0	0.0
245	rnapol	0.4	0.0	0.0
246	__protein1_rbs	6.6	0.0	0.0
246	__protein2_rbs	6.8	0.0	0.0
246	__protein3_rbs	5.4	0.0	0.0
246	__ribosome	29.8	0.0	0.0
246	__rnase_site_ext	11.2	0.0	0.0
246	p0	1.0	0.0	0.0
246	p1	1.0	0.0	0.0
246	p2	0.6	0.0	0.0
246	protein1	901.2	11.4	2.0763636
246	protein2	864.6	10.8	1.9664934
246	protein3	904.8	11.8	2.2624776
246	r1	10.4	0.0	0.0
246	rnapol	0.8	0.0	0.0
247	__protein1_rbs	5.6	0.0	0.0
247	__protein2_rbs	6.0	0.0	0.0
247	__protein3_rbs	8.0	0.0	0.0
247	__ribosome	31.2	0.0	0.0
247	__rnase_site_ext	11.4	0.0	0.0
247	p0	0.8	0.0	0.0
247	p1	0.6	0.0	0.0
247	p2	0.6	0.0	0.0
247	protein1	906.2	10.6	2.1767532000000003
247	protein2	868.6	10.8	1.960233
247	protein3	910.2	11.8	2.1326672
247	r1	10.8	0.0	0.0
247	rnapol	0.6	0.0	0.0
248	__protein1_rbs	7.4	0.0	0.0
248	__protein2_rbs	6.6	0.0	0.0
248	__protein3_rbs	8.0	0.0	0.0
248	__ribosome	33.2	0.0	0.0
248	__rnase_site_ext	11.4	0.0	0.0
248	p0	1.0	0.0	0.0
248	p1	0.2	0.0	0.0
248	p2	0.6	0.0	0.0
248	protein1	911.0	10.8	2.0168182000000003
248	protein2	872.8	10.6	2.0531856
248	protein3	915.6	11.6	2.0758042000000003
248	r1	10.8	0.0	0.0
248	rnapol	0.6	0.0	0.0
249	__protein1_rbs	6.6	0.0	0.0
249	__protein2_rbs	6.2	0.0	0.0
249	__protein3_rbs	7.8	0.0	0.0
249	__ribosome	31.2	0.0	0.0
249	__rnase_site_ext	11.4	0.0	0.0
249	p0	0.8	0.0	0.0
249	p1	0.4	0.0	0.0
249	p2	0.8	0.0	0.0
249	protein1	914.4	10.8	2.0434848000000003
249	protein2	876.6	10.8	2.1323952
249	protein3	919.8	12.0	2.0438562
249	r1	10.4	0.0	0.0
249	rnapol	0.4	0.0	0.0
250	__protein1_rbs	4.2	0.0	0.0
250	__protein2_rbs	4.4	0.0	0.0
250	__protein3_rbs	3.2	0.0	0.0
250	__ribosome	19.2	0.0	0.0
250	__rnase_site_ext	6.6	0.0	0.0
250	p0	0.4	0.0	0.0
250	p1	0.6	0.0	0.0
250	p2	0.4	0.0	0.0
250	protein1	541.4	6.2	1.1436364
250	protein2	525.0	7.0	1.2150794
250	protein3	545.6	7.2	1.251865
250	r1	6.4	0.0	0.0
250	rnapol	0.4	0.0	0.0
