time	species	protein	transcript	ribo_density
0	__protein1_rbs	0.0	0.0	0.0
0	__protein2_rbs	0.0	0.0	0.0
0	__protein3_rbs	0.0	0.0	0.0
0	__ribosome	100.0	0.0	0.0
0	__rnase_site_ext	0.0	0.0	0.0
0	p0	1.0	0.0	0.0
0	p2	1.0	0.0	0.0
0	rnapol	4.0	0.0	0.0
1	__protein1_rbs	0.0	0.0	0.0
1	__protein2_rbs	0.0	0.0	0.0
1	__protein3_rbs	0.0	0.0	0.0
1	__ribosome	60.0	0.0	0.0
1	__rnase_site_ext	0.4	0.0	0.0
1	p0	0.2	0.0	0.0
1	p2	0.4	0.0	0.0
1	rnapol	1.8	0.0	0.0
2	__protein1_rbs	0.2	0.0	0.0
2	__protein2_rbs	0.0	0.0	0.0
2	__protein3_rbs	0.0	0.0	0.0
2	__ribosome	140.0	0.0	0.0
2	__rnase_site_ext	1.2	0.0	0.0
2	p0	0.6	0.0	0.0
2	p2	0.8	0.0	0.0
2	protein1	0.0	0.2	0.0
2	rnapol	3.8	0.0	0.0
3	__protein1_rbs	0.2	0.0	0.0
3	__protein2_rbs	0.0	0.0	0.0
3	__protein3_rbs	0.0	0.0	0.0
3	__ribosome	99.6	0.0	0.0
3	__rnase_site_ext	1.6	0.0	0.0
3	p0	0.8	0.0	0.0
3	p2	0.6	0.0	0.0
3	protein1	0.0	0.6	0.4
3	rnapol	2.0	0.0	0.0
4	__protein1_rbs	0.4	0.0	0.0
4	__protein2_rbs	0.0	0.0	0.0
4	__protein3_rbs	0.0	0.0	0.0
4	__ribosome	99.2	0.0	0.0
4	__rnase_site_ext	2.0	0.0	0.0
4	p0	1.0	0.0	0.0
4	p2	1.0	0.0	0.0
4	protein1	0.0	0.8	0.4
4	protein3	0.0	0.2	0.2
4	rnapol	2.0	0.0	0.0
5	__protein1_rbs	0.2	0.0	0.0
5	__protein2_rbs	0.0	0.0	0.0
5	__protein3_rbs	0.2	0.0	0.0
5	__ribosome	98.2	0.0	0.0
5	__rnase_site_ext	2.2	0.0	0.0
5	p0	1.0	0.0	0.0
5	p2	0.6	0.0	0.0
5	protein1	0.0	1.0	0.9
5	protein3	0.0	0.4	0.4
5	rnapol	1.6	0.0	0.0
6	__protein1_rbs	0.6	0.0	0.0
6	__protein2_rbs	0.0	0.0	0.0
6	__protein3_rbs	0.4	0.0	0.0
6	__ribosome	97.4	0.0	0.0
6	__rnase_site_ext	2.6	0.0	0.0
6	p0	1.0	0.0	0.0
6	p2	0.4	0.0	0.0
6	protein1	0.0	1.0	1.2
6	protein3	0.0	0.8	0.5
6	rnapol	1.0	0.0	0.0
7	__protein1_rbs	0.4	0.0	0.0
7	__protein2_rbs	0.0	0.0	0.0
7	__protein3_rbs	0.4	0.0	0.0
7	__ribosome	96.2	0.0	0.0
7	__rnase_site_ext	3.0	0.0	0.0
7	p0	0.8	0.0	0.0
7	p2	1.0	0.0	0.0
7	protein1	0.0	1.0	1.5
7	protein3	0.0	1.0	0.8
7	rnapol	0.8	0.0	0.0
8	__protein1_rbs	0.4	0.0	0.0
8	__protein2_rbs	0.0	0.0	0.0
8	__protein3_rbs	0.6	0.0	0.0
8	__ribosome	95.0	0.0	0.0
8	__rnase_site_ext	3.0	0.0	0.0
8	p0	1.0	0.0	0.0
8	p2	1.0	0.0	0.0
8	protein1	0.2	1.2	1.5
8	protein3	0.0	1.2	1.2
8	rnapol	0.6	0.0	0.0
9	__protein1_rbs	0.2	0.0	0.0
9	__protein2_rbs	0.0	0.0	0.0
9	__protein3_rbs	0.4	0.0	0.0
9	__ribosome	93.0	0.0	0.0
9	__rnase_site_ext	3.2	0.0	0.0
9	p0	1.0	0.0	0.0
9	p2	0.8	0.0	0.0
9	protein1	0.4	1.4	1.9
9	protein3	0.2	1.8	1.8666666
9	rnapol	0.6	0.0	0.0
10	__protein1_rbs	0.6	0.0	0.0
10	__protein2_rbs	0.2	0.0	0.0
10	__protein3_rbs	0.8	0.0	0.0
10	__ribosome	92.4	0.0	0.0
10	__rnase_site_ext	3.2	0.0	0.0
10	p0	1.0	0.0	0.0
10	p2	0.8	0.0	0.0
10	protein1	1.4	1.2	2.3
10	protein2	0.0	0.2	0.0
10	protein3	0.4	2.0	2.0333334
10	rnapol	0.6	0.0	0.0
11	__protein1_rbs	0.2	0.0	0.0
11	__protein2_rbs	0.2	0.0	0.0
11	__protein3_rbs	1.0	0.0	0.0
11	__ribosome	91.0	0.0	0.0
11	__rnase_site_ext	3.4	0.0	0.0
11	p0	1.0	0.0	0.0
11	p2	1.0	0.0	0.0
11	protein1	1.8	1.2	2.3
11	protein2	0.0	0.8	0.5
11	protein3	0.8	1.8	2.6666668
11	rnapol	1.0	0.0	0.0
12	__protein1_rbs	0.4	0.0	0.0
12	__protein2_rbs	0.8	0.0	0.0
12	__protein3_rbs	0.4	0.0	0.0
12	__ribosome	89.4	0.0	0.0
12	__rnase_site_ext	3.6	0.0	0.0
12	p0	1.0	0.0	0.0
12	p2	1.0	0.0	0.0
12	protein1	2.2	1.2	2.7
12	protein2	0.0	1.0	0.6
12	protein3	1.4	1.8	3.2
12	rnapol	1.0	0.0	0.0
13	__protein1_rbs	0.6	0.0	0.0
13	__protein2_rbs	0.6	0.0	0.0
13	__protein3_rbs	0.2	0.0	0.0
13	__ribosome	88.0	0.0	0.0
13	__rnase_site_ext	3.6	0.0	0.0
13	p0	1.0	0.0	0.0
13	p2	1.0	0.0	0.0
13	protein1	2.6	1.2	2.7
13	protein2	0.0	1.0	1.0
13	protein3	2.0	2.0	3.2
13	rnapol	1.2	0.0	0.0
14	__protein1_rbs	0.0	0.0	0.0
14	__protein2_rbs	0.2	0.0	0.0
14	__protein3_rbs	1.2	0.0	0.0
14	__ribosome	87.4	0.0	0.0
14	__rnase_site_ext	3.6	0.0	0.0
14	p0	0.8	0.0	0.0
14	p2	0.8	0.0	0.0
14	protein1	3.8	1.2	2.6
14	protein2	0.0	1.0	1.4
14	protein3	3.2	2.4	2.8
14	rnapol	1.4	0.0	0.0
15	__protein1_rbs	0.0	0.0	0.0
15	__protein2_rbs	0.4	0.0	0.0
15	__protein3_rbs	1.0	0.0	0.0
15	__ribosome	86.2	0.0	0.0
15	__rnase_site_ext	3.8	0.0	0.0
15	p0	1.0	0.0	0.0
15	p2	0.4	0.0	0.0
15	protein1	4.4	1.2	2.8
15	protein2	0.0	1.0	1.8
15	protein3	4.4	2.4	2.8166666
15	rnapol	1.8	0.0	0.0
16	__protein1_rbs	0.6	0.0	0.0
16	__protein2_rbs	0.2	0.0	0.0
16	__protein3_rbs	0.8	0.0	0.0
16	__ribosome	85.4	0.0	0.0
16	__rnase_site_ext	4.0	0.0	0.0
16	p0	1.0	0.0	0.0
16	p2	0.2	0.0	0.0
16	protein1	5.4	1.4	2.3
16	protein2	0.6	1.4	1.9
16	protein3	5.4	2.4	2.8833333999999997
16	rnapol	1.6	0.0	0.0
17	__protein1_rbs	0.8	0.0	0.0
17	__protein2_rbs	0.2	0.0	0.0
17	__protein3_rbs	0.8	0.0	0.0
17	__ribosome	85.2	0.0	0.0
17	__rnase_site_ext	4.2	0.0	0.0
17	p0	1.0	0.0	0.0
17	p2	0.4	0.0	0.0
17	protein1	6.2	1.4	2.2
17	protein2	1.0	1.4	2.1
17	protein3	6.8	2.4	2.7666666
17	rnapol	1.4	0.0	0.0
18	__protein1_rbs	0.6	0.0	0.0
18	__protein2_rbs	0.0	0.0	0.0
18	__protein3_rbs	0.4	0.0	0.0
18	__ribosome	83.2	0.0	0.0
18	__rnase_site_ext	4.4	0.0	0.0
18	p0	0.8	0.0	0.0
18	p2	0.8	0.0	0.0
18	protein1	6.4	1.4	2.5
18	protein2	1.6	1.4	2.5
18	protein3	7.8	2.4	3.25
18	rnapol	1.2	0.0	0.0
19	__protein1_rbs	0.2	0.0	0.0
19	__protein2_rbs	1.0	0.0	0.0
19	__protein3_rbs	1.6	0.0	0.0
19	__ribosome	84.4	0.0	0.0
19	__rnase_site_ext	4.6	0.0	0.0
19	p0	1.0	0.0	0.0
19	p2	1.0	0.0	0.0
19	protein1	7.4	1.4	2.6
19	protein2	2.4	1.4	2.2
19	protein3	9.8	3.0	2.3333334
19	rnapol	1.6	0.0	0.0
20	__protein1_rbs	0.6	0.0	0.0
20	__protein2_rbs	0.4	0.0	0.0
20	__protein3_rbs	0.6	0.0	0.0
20	__ribosome	82.8	0.0	0.0
20	__rnase_site_ext	4.6	0.0	0.0
20	p0	0.8	0.0	0.0
20	p2	0.6	0.0	0.0
20	protein1	8.4	1.6	2.2
20	protein2	2.8	1.4	2.4
20	protein3	10.6	3.4	2.52
20	rnapol	1.4	0.0	0.0
21	__protein1_rbs	0.8	0.0	0.0
21	__protein2_rbs	1.0	0.0	0.0
21	__protein3_rbs	1.4	0.0	0.0
21	__ribosome	82.4	0.0	0.0
21	__rnase_site_ext	4.8	0.0	0.0
21	p0	1.0	0.0	0.0
21	p2	0.6	0.0	0.0
21	protein1	9.0	1.6	2.4
21	protein2	3.8	1.4	2.2
21	protein3	12.0	3.8	2.4966666
21	rnapol	1.2	0.0	0.0
22	__protein1_rbs	0.4	0.0	0.0
22	__protein2_rbs	0.6	0.0	0.0
22	__protein3_rbs	1.8	0.0	0.0
22	__ribosome	81.6	0.0	0.0
22	__rnase_site_ext	5.2	0.0	0.0
22	p0	1.0	0.0	0.0
22	p2	1.0	0.0	0.0
22	protein1	10.2	1.8	1.9666668
22	protein2	4.8	1.4	2.0
22	protein3	13.4	4.0	2.59
22	rnapol	1.0	0.0	0.0
23	__protein1_rbs	0.8	0.0	0.0
23	__protein2_rbs	0.8	0.0	0.0
23	__protein3_rbs	1.4	0.0	0.0
23	__ribosome	81.0	0.0	0.0
23	__rnase_site_ext	5.4	0.0	0.0
23	p0	1.0	0.0	0.0
23	p2	0.6	0.0	0.0
23	protein1	11.2	2.0	2.0
23	protein2	5.6	1.6	1.8
23	protein3	15.4	4.0	2.7566666
23	rnapol	0.6	0.0	0.0
24	__protein1_rbs	0.4	0.0	0.0
24	__protein2_rbs	0.6	0.0	0.0
24	__protein3_rbs	2.0	0.0	0.0
24	__ribosome	79.8	0.0	0.0
24	__rnase_site_ext	5.6	0.0	0.0
24	p0	1.0	0.0	0.0
24	p2	1.0	0.0	0.0
24	protein1	12.0	2.0	2.1666668
24	protein2	6.2	1.6	2.0
24	protein3	16.8	4.4	2.6833334
24	rnapol	1.0	0.0	0.0
25	__protein1_rbs	1.2	0.0	0.0
25	__protein2_rbs	0.2	0.0	0.0
25	__protein3_rbs	0.8	0.0	0.0
25	__ribosome	78.0	0.0	0.0
25	__rnase_site_ext	6.0	0.0	0.0
25	p0	0.8	0.0	0.0
25	p2	0.4	0.0	0.0
25	protein1	12.6	2.0	2.2666666
25	protein2	7.0	1.4	2.9
25	protein3	19.0	4.6	2.7866666
25	rnapol	0.8	0.0	0.0
26	__protein1_rbs	1.0	0.0	0.0
26	__protein2_rbs	0.8	0.0	0.0
26	__protein3_rbs	1.4	0.0	0.0
26	__ribosome	77.8	0.0	0.0
26	__rnase_site_ext	6.2	0.0	0.0
26	p0	1.0	0.0	0.0
26	p2	1.0	0.0	0.0
26	protein1	13.0	2.2	2.4666666
26	protein2	7.8	1.4	2.6
26	protein3	21.8	4.8	2.6466666
26	rnapol	1.0	0.0	0.0
27	__protein1_rbs	1.6	0.0	0.0
27	__protein2_rbs	0.4	0.0	0.0
27	__protein3_rbs	2.4	0.0	0.0
27	__ribosome	77.4	0.0	0.0
27	__rnase_site_ext	6.6	0.0	0.0
27	p0	1.0	0.0	0.0
27	p2	0.6	0.0	0.0
27	protein1	14.0	2.2	2.2333334
27	protein2	8.4	1.4	2.8
27	protein3	23.8	5.0	2.6
27	rnapol	0.8	0.0	0.0
28	__protein1_rbs	0.2	0.0	0.0
28	__protein2_rbs	0.8	0.0	0.0
28	__protein3_rbs	1.8	0.0	0.0
28	__ribosome	75.6	0.0	0.0
28	__rnase_site_ext	6.6	0.0	0.0
28	p0	1.0	0.0	0.0
28	p2	0.8	0.0	0.0
28	protein1	15.0	2.2	2.6333332
28	protein2	9.4	1.6	2.5666666
28	protein3	26.0	5.0	2.7966666000000004
28	rnapol	0.8	0.0	0.0
29	__protein1_rbs	0.8	0.0	0.0
29	__protein2_rbs	0.4	0.0	0.0
29	__protein3_rbs	2.2	0.0	0.0
29	__ribosome	73.4	0.0	0.0
29	__rnase_site_ext	6.8	0.0	0.0
29	p0	1.0	0.0	0.0
29	p2	0.8	0.0	0.0
29	protein1	16.2	2.2	2.9
29	protein2	10.2	1.6	2.5
29	protein3	28.0	5.8	2.6914286
29	rnapol	0.8	0.0	0.0
30	__protein1_rbs	0.6	0.0	0.0
30	__protein2_rbs	1.0	0.0	0.0
30	__protein3_rbs	1.6	0.0	0.0
30	__ribosome	72.8	0.0	0.0
30	__rnase_site_ext	6.6	0.0	0.0
30	p0	1.0	0.0	0.0
30	p2	1.0	0.0	0.0
30	protein1	17.2	2.2	2.8666666000000003
30	protein2	11.0	2.0	2.2333334
30	protein3	30.8	5.6	2.9114286
30	rnapol	1.2	0.0	0.0
31	__protein1_rbs	0.2	0.0	0.0
31	__protein2_rbs	0.4	0.0	0.0
31	__protein3_rbs	2.0	0.0	0.0
31	__ribosome	72.2	0.0	0.0
31	__rnase_site_ext	7.0	0.0	0.0
31	p0	1.0	0.0	0.0
31	p2	0.8	0.0	0.0
31	protein1	18.4	2.0	3.3
31	protein2	12.2	2.0	2.1
31	protein3	34.0	5.8	2.8516666
31	rnapol	1.0	0.0	0.0
32	__protein1_rbs	1.0	0.0	0.0
32	__protein2_rbs	0.4	0.0	0.0
32	__protein3_rbs	1.6	0.0	0.0
32	__ribosome	69.8	0.0	0.0
32	__rnase_site_ext	7.2	0.0	0.0
32	p0	1.0	0.0	0.0
32	p2	0.6	0.0	0.0
32	protein1	19.2	2.2	3.0333332000000004
32	protein2	12.8	2.0	2.4666666
32	protein3	36.4	6.0	3.0711112000000003
32	rnapol	0.8	0.0	0.0
33	__protein1_rbs	1.4	0.0	0.0
33	__protein2_rbs	0.6	0.0	0.0
33	__protein3_rbs	2.2	0.0	0.0
33	__ribosome	70.0	0.0	0.0
33	__rnase_site_ext	7.2	0.0	0.0
33	p0	1.0	0.0	0.0
33	p2	0.8	0.0	0.0
33	protein1	20.8	2.2	2.6666666
33	protein2	13.8	2.0	2.7333332
33	protein3	38.8	6.2	3.0177778
33	rnapol	1.2	0.0	0.0
34	__protein1_rbs	0.8	0.0	0.0
34	__protein2_rbs	0.8	0.0	0.0
34	__protein3_rbs	2.8	0.0	0.0
34	__ribosome	69.2	0.0	0.0
34	__rnase_site_ext	7.2	0.0	0.0
34	p0	1.0	0.0	0.0
34	p2	0.8	0.0	0.0
34	protein1	21.2	2.2	3.0333334
34	protein2	15.0	2.2	2.6666666
34	protein3	42.4	6.4	2.8885714
34	rnapol	1.4	0.0	0.0
35	__protein1_rbs	0.8	0.0	0.0
35	__protein2_rbs	1.4	0.0	0.0
35	__protein3_rbs	2.2	0.0	0.0
35	__ribosome	69.8	0.0	0.0
35	__rnase_site_ext	7.4	0.0	0.0
35	p0	1.0	0.0	0.0
35	p2	0.4	0.0	0.0
35	protein1	22.8	2.2	2.8
35	protein2	15.8	2.2	2.5666666
35	protein3	46.2	6.4	2.8584127999999995
35	rnapol	2.0	0.0	0.0
36	__protein1_rbs	0.6	0.0	0.0
36	__protein2_rbs	0.6	0.0	0.0
36	__protein3_rbs	3.2	0.0	0.0
36	__ribosome	69.4	0.0	0.0
36	__rnase_site_ext	7.6	0.0	0.0
36	p0	0.8	0.0	0.0
36	p2	0.6	0.0	0.0
36	protein1	24.2	2.2	2.8333334
36	protein2	17.0	2.2	2.8
36	protein3	49.6	6.8	2.6539684
36	rnapol	1.4	0.0	0.0
37	__protein1_rbs	0.6	0.0	0.0
37	__protein2_rbs	1.4	0.0	0.0
37	__protein3_rbs	2.6	0.0	0.0
37	__ribosome	69.2	0.0	0.0
37	__rnase_site_ext	8.2	0.0	0.0
37	p0	0.8	0.0	0.0
37	p2	0.8	0.0	0.0
37	protein1	25.4	2.2	2.9666666
37	protein2	18.4	2.2	2.6333333999999997
37	protein3	53.6	6.8	2.7380952
37	rnapol	1.6	0.0	0.0
38	__protein1_rbs	1.4	0.0	0.0
38	__protein2_rbs	0.8	0.0	0.0
38	__protein3_rbs	2.6	0.0	0.0
38	__ribosome	68.4	0.0	0.0
38	__rnase_site_ext	8.4	0.0	0.0
38	p0	1.0	0.0	0.0
38	p2	0.8	0.0	0.0
38	protein1	26.6	2.6	2.5
38	protein2	19.2	2.2	2.8666668
38	protein3	57.0	7.2	2.6440476000000004
38	rnapol	1.4	0.0	0.0
39	__protein1_rbs	0.6	0.0	0.0
39	__protein2_rbs	0.6	0.0	0.0
39	__protein3_rbs	2.0	0.0	0.0
39	__ribosome	65.2	0.0	0.0
39	__rnase_site_ext	8.6	0.0	0.0
39	p0	1.0	0.0	0.0
39	p2	0.8	0.0	0.0
39	protein1	27.6	2.6	2.95
39	protein2	20.4	2.4	2.7
39	protein3	60.2	7.4	2.8480160000000003
39	rnapol	1.4	0.0	0.0
40	__protein1_rbs	0.8	0.0	0.0
40	__protein2_rbs	1.4	0.0	0.0
40	__protein3_rbs	4.0	0.0	0.0
40	__ribosome	65.8	0.0	0.0
40	__rnase_site_ext	8.8	0.0	0.0
40	p0	0.8	0.0	0.0
40	p2	1.0	0.0	0.0
40	protein1	28.8	2.6	3.2333334
40	protein2	21.6	2.4	2.6333333999999997
40	protein3	63.8	7.8	2.5710316000000004
40	rnapol	1.4	0.0	0.0
41	__protein1_rbs	1.4	0.0	0.0
41	__protein2_rbs	1.2	0.0	0.0
41	__protein3_rbs	2.2	0.0	0.0
41	__ribosome	63.4	0.0	0.0
41	__rnase_site_ext	9.0	0.0	0.0
41	p0	1.0	0.0	0.0
41	p2	0.6	0.0	0.0
41	protein1	30.0	2.8	2.8
41	protein2	22.6	2.4	2.6333332
41	protein3	67.2	8.0	2.8095237999999996
41	rnapol	1.0	0.0	0.0
42	__protein1_rbs	1.2	0.0	0.0
42	__protein2_rbs	0.6	0.0	0.0
42	__protein3_rbs	3.6	0.0	0.0
42	__ribosome	62.8	0.0	0.0
42	__rnase_site_ext	9.6	0.0	0.0
42	p0	0.8	0.0	0.0
42	p2	1.0	0.0	0.0
42	protein1	31.2	2.8	2.9333334
42	protein2	23.8	2.4	2.8
42	protein3	71.0	8.4	2.6416666
42	rnapol	0.8	0.0	0.0
43	__protein1_rbs	0.8	0.0	0.0
43	__protein2_rbs	1.0	0.0	0.0
43	__protein3_rbs	3.2	0.0	0.0
43	__ribosome	61.8	0.0	0.0
43	__rnase_site_ext	9.8	0.0	0.0
43	p0	0.8	0.0	0.0
43	p2	0.8	0.0	0.0
43	protein1	33.4	3.0	2.6666668
43	protein2	24.8	2.4	3.1
43	protein3	75.6	8.2	2.8158730000000003
43	rnapol	0.8	0.0	0.0
44	__protein1_rbs	1.0	0.0	0.0
44	__protein2_rbs	1.6	0.0	0.0
44	__protein3_rbs	2.8	0.0	0.0
44	__ribosome	62.4	0.0	0.0
44	__rnase_site_ext	10.0	0.0	0.0
44	p0	1.0	0.0	0.0
44	p2	0.8	0.0	0.0
44	protein1	34.8	3.2	2.6466666
44	protein2	26.2	2.4	3.0666666
44	protein3	80.6	8.2	2.7142858
44	rnapol	1.0	0.0	0.0
45	__protein1_rbs	1.2	0.0	0.0
45	__protein2_rbs	0.8	0.0	0.0
45	__protein3_rbs	3.2	0.0	0.0
45	__ribosome	59.6	0.0	0.0
45	__rnase_site_ext	9.8	0.0	0.0
45	p0	1.0	0.0	0.0
45	p2	1.0	0.0	0.0
45	protein1	36.0	3.4	2.67
45	protein2	27.8	2.4	3.0
45	protein3	83.4	8.6	2.8
45	rnapol	1.4	0.0	0.0
46	__protein1_rbs	1.4	0.0	0.0
46	__protein2_rbs	1.4	0.0	0.0
46	__protein3_rbs	4.2	0.0	0.0
46	__ribosome	61.2	0.0	0.0
46	__rnase_site_ext	10.0	0.0	0.0
46	p0	1.0	0.0	0.0
46	p2	0.8	0.0	0.0
46	protein1	37.6	3.2	2.8
46	protein2	29.2	2.8	2.6833332000000003
46	protein3	88.6	8.6	2.5916666
46	rnapol	1.2	0.0	0.0
47	__protein1_rbs	1.6	0.0	0.0
47	__protein2_rbs	0.6	0.0	0.0
47	__protein3_rbs	5.0	0.0	0.0
47	__ribosome	60.4	0.0	0.0
47	__rnase_site_ext	10.2	0.0	0.0
47	p0	1.0	0.0	0.0
47	p2	0.8	0.0	0.0
47	protein1	39.0	3.2	2.7833334
47	protein2	30.6	2.6	3.15
47	protein3	92.0	8.8	2.565
47	rnapol	1.6	0.0	0.0
48	__protein1_rbs	1.4	0.0	0.0
48	__protein2_rbs	1.4	0.0	0.0
48	__protein3_rbs	2.8	0.0	0.0
48	__ribosome	59.0	0.0	0.0
48	__rnase_site_ext	10.0	0.0	0.0
48	p0	0.8	0.0	0.0
48	p2	0.6	0.0	0.0
48	protein1	41.2	3.2	2.6833334
48	protein2	31.6	2.8	3.15
48	protein3	96.8	9.0	2.6563134
48	rnapol	1.0	0.0	0.0
49	__protein1_rbs	1.0	0.0	0.0
49	__protein2_rbs	1.6	0.0	0.0
49	__protein3_rbs	4.0	0.0	0.0
49	__ribosome	59.4	0.0	0.0
49	__rnase_site_ext	10.2	0.0	0.0
49	p0	1.0	0.0	0.0
49	p2	0.8	0.0	0.0
49	protein1	42.8	3.2	2.7833332000000004
49	protein2	33.0	2.8	3.0833334
49	protein3	102.0	9.0	2.5962122
49	rnapol	1.0	0.0	0.0
50	__protein1_rbs	1.8	0.0	0.0
50	__protein2_rbs	1.4	0.0	0.0
50	__protein3_rbs	4.0	0.0	0.0
50	__ribosome	60.2	0.0	0.0
50	__rnase_site_ext	10.6	0.0	0.0
50	p0	0.8	0.0	0.0
50	p2	0.4	0.0	0.0
50	protein1	44.8	3.4	2.4366666
50	protein2	35.2	3.0	2.5500002
50	protein3	106.0	9.4	2.5423232000000002
50	rnapol	1.0	0.0	0.0
51	__protein1_rbs	1.4	0.0	0.0
51	__protein2_rbs	1.2	0.0	0.0
51	__protein3_rbs	4.4	0.0	0.0
51	__ribosome	58.2	0.0	0.0
51	__rnase_site_ext	10.6	0.0	0.0
51	p0	0.8	0.0	0.0
51	p2	0.8	0.0	0.0
51	protein1	46.0	3.4	2.8066666
51	protein2	36.2	3.0	2.75
51	protein3	110.4	9.6	2.549697
51	rnapol	0.8	0.0	0.0
52	__protein1_rbs	1.8	0.0	0.0
52	__protein2_rbs	0.8	0.0	0.0
52	__protein3_rbs	4.6	0.0	0.0
52	__ribosome	56.6	0.0	0.0
52	__rnase_site_ext	10.8	0.0	0.0
52	p0	1.0	0.0	0.0
52	p2	0.8	0.0	0.0
52	protein1	48.0	3.6	2.55
52	protein2	38.4	3.2	2.6066666
52	protein3	113.6	9.4	2.8038887999999997
52	rnapol	1.0	0.0	0.0
53	__protein1_rbs	1.4	0.0	0.0
53	__protein2_rbs	1.6	0.0	0.0
53	__protein3_rbs	4.4	0.0	0.0
53	__ribosome	58.0	0.0	0.0
53	__rnase_site_ext	10.8	0.0	0.0
53	p0	1.0	0.0	0.0
53	p2	0.8	0.0	0.0
53	protein1	50.4	3.8	2.2666668000000003
53	protein2	39.6	3.4	2.6666666
53	protein3	119.4	9.2	2.7127778
53	rnapol	1.0	0.0	0.0
54	__protein1_rbs	1.6	0.0	0.0
54	__protein2_rbs	1.8	0.0	0.0
54	__protein3_rbs	4.2	0.0	0.0
54	__ribosome	57.4	0.0	0.0
54	__rnase_site_ext	10.6	0.0	0.0
54	p0	1.0	0.0	0.0
54	p2	0.8	0.0	0.0
54	protein1	51.6	3.8	2.53
54	protein2	41.2	3.4	2.6333333999999997
54	protein3	124.0	9.6	2.545
54	rnapol	1.2	0.0	0.0
55	__protein1_rbs	1.4	0.0	0.0
55	__protein2_rbs	0.6	0.0	0.0
55	__protein3_rbs	4.8	0.0	0.0
55	__ribosome	56.0	0.0	0.0
55	__rnase_site_ext	10.8	0.0	0.0
55	p0	1.0	0.0	0.0
55	p2	0.6	0.0	0.0
55	protein1	53.2	3.8	2.6966667999999996
55	protein2	42.8	3.4	2.9466667999999996
55	protein3	129.0	9.8	2.46
55	rnapol	1.2	0.0	0.0
56	__protein1_rbs	2.2	0.0	0.0
56	__protein2_rbs	1.8	0.0	0.0
56	__protein3_rbs	5.6	0.0	0.0
56	__ribosome	57.0	0.0	0.0
56	__rnase_site_ext	11.2	0.0	0.0
56	p0	0.8	0.0	0.0
56	p2	0.8	0.0	0.0
56	protein1	55.4	3.8	2.3733332000000003
56	protein2	44.0	3.4	2.9966666
56	protein3	134.4	10.0	2.42
56	rnapol	1.4	0.0	0.0
57	__protein1_rbs	1.0	0.0	0.0
57	__protein2_rbs	1.6	0.0	0.0
57	__protein3_rbs	4.4	0.0	0.0
57	__ribosome	56.0	0.0	0.0
57	__rnase_site_ext	11.2	0.0	0.0
57	p0	1.0	0.0	0.0
57	p2	0.8	0.0	0.0
57	protein1	57.4	3.8	2.6266666
57	protein2	45.8	3.4	2.9466666
57	protein3	139.6	10.0	2.44
57	rnapol	1.4	0.0	0.0
58	__protein1_rbs	2.0	0.0	0.0
58	__protein2_rbs	1.4	0.0	0.0
58	__protein3_rbs	3.4	0.0	0.0
58	__ribosome	53.6	0.0	0.0
58	__rnase_site_ext	11.4	0.0	0.0
58	p0	1.0	0.0	0.0
58	p2	0.8	0.0	0.0
58	protein1	59.2	4.0	2.56
58	protein2	48.2	3.6	2.6533333999999997
58	protein3	143.6	10.2	2.649091
58	rnapol	1.4	0.0	0.0
59	__protein1_rbs	2.4	0.0	0.0
59	__protein2_rbs	1.2	0.0	0.0
59	__protein3_rbs	4.0	0.0	0.0
59	__ribosome	52.6	0.0	0.0
59	__rnase_site_ext	12.0	0.0	0.0
59	p0	0.4	0.0	0.0
59	p2	0.6	0.0	0.0
59	protein1	60.6	4.0	2.5133334
59	protein2	49.8	3.8	2.64
59	protein3	148.4	10.4	2.6436364
59	rnapol	0.6	0.0	0.0
60	__protein1_rbs	1.6	0.0	0.0
60	__protein2_rbs	1.0	0.0	0.0
60	__protein3_rbs	6.4	0.0	0.0
60	__ribosome	53.0	0.0	0.0
60	__rnase_site_ext	12.0	0.0	0.0
60	p0	1.0	0.0	0.0
60	p2	1.0	0.0	0.0
60	protein1	62.8	3.8	2.6933334
60	protein2	51.6	4.0	2.7666666
60	protein3	154.0	10.6	2.4757576
60	rnapol	0.8	0.0	0.0
61	__protein1_rbs	2.0	0.0	0.0
61	__protein2_rbs	1.8	0.0	0.0
61	__protein3_rbs	5.6	0.0	0.0
61	__ribosome	52.0	0.0	0.0
61	__rnase_site_ext	12.0	0.0	0.0
61	p0	1.0	0.0	0.0
61	p2	0.8	0.0	0.0
61	protein1	65.0	4.4	2.4066666000000003
61	protein2	54.0	3.8	2.6866668
61	protein3	158.2	11.0	2.5042424
61	rnapol	0.8	0.0	0.0
62	__protein1_rbs	2.6	0.0	0.0
62	__protein2_rbs	1.2	0.0	0.0
62	__protein3_rbs	5.8	0.0	0.0
62	__ribosome	51.2	0.0	0.0
62	__rnase_site_ext	12.2	0.0	0.0
62	p0	1.0	0.0	0.0
62	p2	0.6	0.0	0.0
62	protein1	67.2	4.6	2.19
62	protein2	55.2	3.8	2.96
62	protein3	163.4	11.4	2.4493937999999997
62	rnapol	0.6	0.0	0.0
63	__protein1_rbs	2.0	0.0	0.0
63	__protein2_rbs	2.6	0.0	0.0
63	__protein3_rbs	5.8	0.0	0.0
63	__ribosome	51.8	0.0	0.0
63	__rnase_site_ext	12.0	0.0	0.0
63	p0	1.0	0.0	0.0
63	p2	0.8	0.0	0.0
63	protein1	69.4	4.6	2.3200000000000003
63	protein2	56.8	3.8	2.8433333999999997
63	protein3	169.4	11.4	2.357972
63	rnapol	0.8	0.0	0.0
64	__protein1_rbs	1.4	0.0	0.0
64	__protein2_rbs	1.6	0.0	0.0
64	__protein3_rbs	5.2	0.0	0.0
64	__ribosome	50.8	0.0	0.0
64	__rnase_site_ext	12.0	0.0	0.0
64	p0	0.8	0.0	0.0
64	p2	0.6	0.0	0.0
64	protein1	70.8	4.6	2.7133334
64	protein2	60.0	3.8	2.4866666000000004
64	protein3	174.8	11.4	2.4125872000000004
64	rnapol	1.0	0.0	0.0
65	__protein1_rbs	1.2	0.0	0.0
65	__protein2_rbs	2.0	0.0	0.0
65	__protein3_rbs	6.6	0.0	0.0
65	__ribosome	50.0	0.0	0.0
65	__rnase_site_ext	12.0	0.0	0.0
65	p0	1.0	0.0	0.0
65	p2	0.6	0.0	0.0
65	protein1	72.6	4.4	3.06
65	protein2	62.0	4.0	2.39
65	protein3	179.8	11.2	2.4437293999999996
65	rnapol	1.0	0.0	0.0
66	__protein1_rbs	2.2	0.0	0.0
66	__protein2_rbs	1.6	0.0	0.0
66	__protein3_rbs	6.0	0.0	0.0
66	__ribosome	50.4	0.0	0.0
66	__rnase_site_ext	12.2	0.0	0.0
66	p0	0.8	0.0	0.0
66	p2	1.0	0.0	0.0
66	protein1	75.0	4.4	2.87
66	protein2	64.2	4.0	2.44
66	protein3	185.2	11.2	2.4351514
66	rnapol	1.0	0.0	0.0
67	__protein1_rbs	1.6	0.0	0.0
67	__protein2_rbs	2.6	0.0	0.0
67	__protein3_rbs	5.0	0.0	0.0
67	__ribosome	49.4	0.0	0.0
67	__rnase_site_ext	12.4	0.0	0.0
67	p0	1.0	0.0	0.0
67	p2	0.8	0.0	0.0
67	protein1	77.2	4.4	3.01
67	protein2	66.2	4.2	2.2233334
67	protein3	190.4	11.4	2.460909
67	rnapol	1.2	0.0	0.0
68	__protein1_rbs	2.2	0.0	0.0
68	__protein2_rbs	2.2	0.0	0.0
68	__protein3_rbs	5.0	0.0	0.0
68	__ribosome	50.4	0.0	0.0
68	__rnase_site_ext	12.8	0.0	0.0
68	p0	0.8	0.0	0.0
68	p2	0.8	0.0	0.0
68	protein1	79.8	4.6	2.6766666
68	protein2	67.6	4.4	2.22
68	protein3	196.4	11.4	2.410606
68	rnapol	1.0	0.0	0.0
69	__protein1_rbs	3.0	0.0	0.0
69	__protein2_rbs	2.0	0.0	0.0
69	__protein3_rbs	5.6	0.0	0.0
69	__ribosome	49.8	0.0	0.0
69	__rnase_site_ext	13.0	0.0	0.0
69	p0	1.0	0.0	0.0
69	p2	0.8	0.0	0.0
69	protein1	82.2	4.8	2.5071428
69	protein2	69.6	4.6	2.25
69	protein3	202.2	11.8	2.3807692000000005
69	rnapol	1.0	0.0	0.0
70	__protein1_rbs	1.8	0.0	0.0
70	__protein2_rbs	2.6	0.0	0.0
70	__protein3_rbs	4.8	0.0	0.0
70	__ribosome	47.8	0.0	0.0
70	__rnase_site_ext	13.0	0.0	0.0
70	p0	1.0	0.0	0.0
70	p2	0.6	0.0	0.0
70	protein1	85.4	4.8	2.4057142000000002
70	protein2	71.4	4.8	2.31
70	protein3	206.4	11.8	2.5407692
70	rnapol	0.8	0.0	0.0
71	__protein1_rbs	2.6	0.0	0.0
71	__protein2_rbs	1.8	0.0	0.0
71	__protein3_rbs	6.4	0.0	0.0
71	__ribosome	47.6	0.0	0.0
71	__rnase_site_ext	13.0	0.0	0.0
71	p0	1.0	0.0	0.0
71	p2	0.8	0.0	0.0
71	protein1	87.4	4.8	2.3471428000000003
71	protein2	73.4	4.8	2.42
71	protein3	211.6	12.0	2.4622378
71	rnapol	1.0	0.0	0.0
72	__protein1_rbs	2.8	0.0	0.0
72	__protein2_rbs	2.4	0.0	0.0
72	__protein3_rbs	6.8	0.0	0.0
72	__ribosome	49.0	0.0	0.0
72	__rnase_site_ext	12.8	0.0	0.0
72	p0	1.0	0.0	0.0
72	p2	0.4	0.0	0.0
72	protein1	89.4	4.8	2.3385714
72	protein2	75.6	4.8	2.4433333999999998
72	protein3	218.0	12.2	2.326923
72	rnapol	1.2	0.0	0.0
73	__protein1_rbs	1.8	0.0	0.0
73	__protein2_rbs	3.4	0.0	0.0
73	__protein3_rbs	5.6	0.0	0.0
73	__ribosome	47.4	0.0	0.0
73	__rnase_site_ext	12.8	0.0	0.0
73	p0	1.0	0.0	0.0
73	p2	0.6	0.0	0.0
73	protein1	92.2	4.8	2.3285714
73	protein2	77.8	5.0	2.2366666000000004
73	protein3	222.8	12.4	2.4571428
73	rnapol	1.2	0.0	0.0
74	__protein1_rbs	2.8	0.0	0.0
74	__protein2_rbs	2.2	0.0	0.0
74	__protein3_rbs	5.8	0.0	0.0
74	__ribosome	47.0	0.0	0.0
74	__rnase_site_ext	12.6	0.0	0.0
74	p0	0.8	0.0	0.0
74	p2	0.6	0.0	0.0
74	protein1	93.6	4.8	2.4714286000000003
74	protein2	79.2	5.0	2.5033334
74	protein3	229.8	12.6	2.3093403999999995
74	rnapol	1.4	0.0	0.0
75	__protein1_rbs	1.8	0.0	0.0
75	__protein2_rbs	2.6	0.0	0.0
75	__protein3_rbs	5.6	0.0	0.0
75	__ribosome	47.0	0.0	0.0
75	__rnase_site_ext	12.6	0.0	0.0
75	p0	1.0	0.0	0.0
75	p2	0.6	0.0	0.0
75	protein1	96.4	4.8	2.4914286
75	protein2	81.8	4.8	2.6066667999999997
75	protein3	235.8	12.6	2.3434964
75	rnapol	1.2	0.0	0.0
76	__protein1_rbs	1.6	0.0	0.0
76	__protein2_rbs	2.0	0.0	0.0
76	__protein3_rbs	7.2	0.0	0.0
76	__ribosome	45.8	0.0	0.0
76	__rnase_site_ext	12.4	0.0	0.0
76	p0	1.0	0.0	0.0
76	p2	0.8	0.0	0.0
76	protein1	98.4	5.0	2.6100000000000003
76	protein2	84.8	5.2	2.1828572
76	protein3	240.6	13.0	2.347436
76	rnapol	1.2	0.0	0.0
77	__protein1_rbs	2.2	0.0	0.0
77	__protein2_rbs	3.0	0.0	0.0
77	__protein3_rbs	6.2	0.0	0.0
77	__ribosome	44.0	0.0	0.0
77	__rnase_site_ext	12.6	0.0	0.0
77	p0	1.0	0.0	0.0
77	p2	0.8	0.0	0.0
77	protein1	100.4	5.0	2.635
77	protein2	87.0	5.2	2.3442857999999998
77	protein3	245.2	12.8	2.4717946
77	rnapol	1.2	0.0	0.0
78	__protein1_rbs	2.6	0.0	0.0
78	__protein2_rbs	2.2	0.0	0.0
78	__protein3_rbs	7.2	0.0	0.0
78	__ribosome	43.4	0.0	0.0
78	__rnase_site_ext	12.6	0.0	0.0
78	p0	1.0	0.0	0.0
78	p2	0.8	0.0	0.0
78	protein1	103.4	5.0	2.575
78	protein2	88.6	5.0	2.7257142000000005
78	protein3	252.0	12.8	2.4263734
78	rnapol	1.6	0.0	0.0
79	__protein1_rbs	2.8	0.0	0.0
79	__protein2_rbs	2.8	0.0	0.0
79	__protein3_rbs	5.8	0.0	0.0
79	__ribosome	44.6	0.0	0.0
79	__rnase_site_ext	12.8	0.0	0.0
79	p0	1.0	0.0	0.0
79	p2	0.8	0.0	0.0
79	protein1	105.8	5.0	2.535
79	protein2	91.4	5.0	2.5
79	protein3	258.2	13.0	2.4221346000000006
79	rnapol	1.6	0.0	0.0
80	__protein1_rbs	2.6	0.0	0.0
80	__protein2_rbs	2.2	0.0	0.0
80	__protein3_rbs	6.8	0.0	0.0
80	__ribosome	45.0	0.0	0.0
80	__rnase_site_ext	12.6	0.0	0.0
80	p0	1.0	0.0	0.0
80	p2	0.4	0.0	0.0
80	protein1	108.2	5.0	2.31
80	protein2	93.2	4.8	2.6857142000000005
80	protein3	264.4	12.8	2.4245422000000003
80	rnapol	1.8	0.0	0.0
81	__protein1_rbs	2.2	0.0	0.0
81	__protein2_rbs	2.4	0.0	0.0
81	__protein3_rbs	7.0	0.0	0.0
81	__ribosome	46.2	0.0	0.0
81	__rnase_site_ext	12.4	0.0	0.0
81	p0	1.0	0.0	0.0
81	p2	0.8	0.0	0.0
81	protein1	110.4	5.0	2.48
81	protein2	96.0	4.8	2.5071428
81	protein3	270.4	12.8	2.3157176
81	rnapol	2.0	0.0	0.0
82	__protein1_rbs	3.2	0.0	0.0
82	__protein2_rbs	2.6	0.0	0.0
82	__protein3_rbs	5.4	0.0	0.0
82	__ribosome	47.2	0.0	0.0
82	__rnase_site_ext	12.4	0.0	0.0
82	p0	0.8	0.0	0.0
82	p2	0.6	0.0	0.0
82	protein1	113.4	5.0	2.175
82	protein2	98.4	4.8	2.3614286
82	protein3	276.8	12.6	2.4400432
82	rnapol	1.4	0.0	0.0
83	__protein1_rbs	2.6	0.0	0.0
83	__protein2_rbs	1.6	0.0	0.0
83	__protein3_rbs	5.2	0.0	0.0
83	__ribosome	44.6	0.0	0.0
83	__rnase_site_ext	12.8	0.0	0.0
83	p0	1.0	0.0	0.0
83	p2	0.6	0.0	0.0
83	protein1	115.6	5.0	2.3083334
83	protein2	101.2	5.0	2.475
83	protein3	282.4	12.8	2.516147
83	rnapol	1.4	0.0	0.0
84	__protein1_rbs	2.2	0.0	0.0
84	__protein2_rbs	2.8	0.0	0.0
84	__protein3_rbs	7.0	0.0	0.0
84	__ribosome	45.6	0.0	0.0
84	__rnase_site_ext	13.4	0.0	0.0
84	p0	1.0	0.0	0.0
84	p2	0.2	0.0	0.0
84	protein1	117.6	4.6	2.4995238
84	protein2	103.2	5.0	2.435
84	protein3	288.4	13.2	2.3630302000000003
84	rnapol	0.8	0.0	0.0
85	__protein1_rbs	2.2	0.0	0.0
85	__protein2_rbs	1.6	0.0	0.0
85	__protein3_rbs	6.4	0.0	0.0
85	__ribosome	43.2	0.0	0.0
85	__rnase_site_ext	13.4	0.0	0.0
85	p0	1.0	0.0	0.0
85	p2	1.0	0.0	0.0
85	protein1	119.8	4.6	2.5661906
85	protein2	106.2	5.0	2.49
85	protein3	293.6	13.6	2.4404372000000003
85	rnapol	1.0	0.0	0.0
86	__protein1_rbs	2.8	0.0	0.0
86	__protein2_rbs	3.0	0.0	0.0
86	__protein3_rbs	7.6	0.0	0.0
86	__ribosome	44.4	0.0	0.0
86	__rnase_site_ext	13.4	0.0	0.0
86	p0	0.8	0.0	0.0
86	p2	1.0	0.0	0.0
86	protein1	122.8	4.6	2.2923807999999997
86	protein2	107.0	5.0	2.6
86	protein3	300.2	13.8	2.3617266
86	rnapol	1.0	0.0	0.0
87	__protein1_rbs	2.6	0.0	0.0
87	__protein2_rbs	2.8	0.0	0.0
87	__protein3_rbs	8.0	0.0	0.0
87	__ribosome	45.4	0.0	0.0
87	__rnase_site_ext	13.4	0.0	0.0
87	p0	1.0	0.0	0.0
87	p2	0.6	0.0	0.0
87	protein1	125.0	4.6	2.2157142000000003
87	protein2	109.6	5.0	2.465
87	protein3	307.2	14.2	2.2554762000000004
87	rnapol	0.8	0.0	0.0
88	__protein1_rbs	2.0	0.0	0.0
88	__protein2_rbs	2.8	0.0	0.0
88	__protein3_rbs	7.0	0.0	0.0
88	__ribosome	43.0	0.0	0.0
88	__rnase_site_ext	13.4	0.0	0.0
88	p0	1.0	0.0	0.0
88	p2	0.6	0.0	0.0
88	protein1	126.4	4.8	2.5566666000000002
88	protein2	113.0	5.0	2.19
88	protein3	312.4	14.4	2.3646428
88	rnapol	1.0	0.0	0.0
89	__protein1_rbs	2.4	0.0	0.0
89	__protein2_rbs	2.4	0.0	0.0
89	__protein3_rbs	8.2	0.0	0.0
89	__ribosome	42.4	0.0	0.0
89	__rnase_site_ext	13.4	0.0	0.0
89	p0	1.0	0.0	0.0
89	p2	0.8	0.0	0.0
89	protein1	129.6	4.8	2.4566666
89	protein2	114.4	5.0	2.39
89	protein3	318.6	14.4	2.3772620000000004
89	rnapol	1.0	0.0	0.0
90	__protein1_rbs	3.0	0.0	0.0
90	__protein2_rbs	2.6	0.0	0.0
90	__protein3_rbs	7.4	0.0	0.0
90	__ribosome	42.8	0.0	0.0
90	__rnase_site_ext	13.8	0.0	0.0
90	p0	0.8	0.0	0.0
90	p2	0.6	0.0	0.0
90	protein1	131.6	4.8	2.3783334
90	protein2	117.2	5.0	2.18
90	protein3	325.2	14.6	2.405
90	rnapol	0.6	0.0	0.0
91	__protein1_rbs	1.8	0.0	0.0
91	__protein2_rbs	2.6	0.0	0.0
91	__protein3_rbs	8.0	0.0	0.0
91	__ribosome	43.6	0.0	0.0
91	__rnase_site_ext	14.2	0.0	0.0
91	p0	1.0	0.0	0.0
91	p2	0.6	0.0	0.0
91	protein1	133.6	4.8	2.635
91	protein2	119.2	5.2	2.06
91	protein3	331.8	14.0	2.405806
91	rnapol	0.6	0.0	0.0
92	__protein1_rbs	3.0	0.0	0.0
92	__protein2_rbs	2.2	0.0	0.0
92	__protein3_rbs	7.0	0.0	0.0
92	__ribosome	43.0	0.0	0.0
92	__rnase_site_ext	14.4	0.0	0.0
92	p0	0.8	0.0	0.0
92	p2	0.8	0.0	0.0
92	protein1	135.8	5.0	2.445
92	protein2	121.4	5.2	2.27
92	protein3	339.0	14.2	2.3763278
92	rnapol	1.0	0.0	0.0
93	__protein1_rbs	2.2	0.0	0.0
93	__protein2_rbs	3.0	0.0	0.0
93	__protein3_rbs	9.0	0.0	0.0
93	__ribosome	44.8	0.0	0.0
93	__rnase_site_ext	14.2	0.0	0.0
93	p0	1.0	0.0	0.0
93	p2	1.0	0.0	0.0
93	protein1	138.2	4.8	2.5157142000000006
93	protein2	123.2	5.2	2.425
93	protein3	346.2	14.2	2.1953242000000004
93	rnapol	1.6	0.0	0.0
94	__protein1_rbs	3.0	0.0	0.0
94	__protein2_rbs	2.0	0.0	0.0
94	__protein3_rbs	8.4	0.0	0.0
94	__ribosome	44.2	0.0	0.0
94	__rnase_site_ext	14.2	0.0	0.0
94	p0	0.8	0.0	0.0
94	p2	1.0	0.0	0.0
94	protein1	140.8	5.0	2.1857142000000005
94	protein2	125.2	5.2	2.595
94	protein3	352.4	14.8	2.1264542
94	rnapol	1.4	0.0	0.0
95	__protein1_rbs	2.0	0.0	0.0
95	__protein2_rbs	3.4	0.0	0.0
95	__protein3_rbs	6.6	0.0	0.0
95	__ribosome	42.8	0.0	0.0
95	__rnase_site_ext	14.6	0.0	0.0
95	p0	0.8	0.0	0.0
95	p2	0.8	0.0	0.0
95	protein1	143.0	5.0	2.3257142
95	protein2	128.0	5.4	2.3177778
95	protein3	358.0	14.6	2.3236318
95	rnapol	1.2	0.0	0.0
96	__protein1_rbs	1.8	0.0	0.0
96	__protein2_rbs	2.2	0.0	0.0
96	__protein3_rbs	9.0	0.0	0.0
96	__ribosome	42.0	0.0	0.0
96	__rnase_site_ext	14.8	0.0	0.0
96	p0	0.8	0.0	0.0
96	p2	1.0	0.0	0.0
96	protein1	145.6	5.2	2.4042858
96	protein2	129.8	5.4	2.5822222000000004
96	protein3	365.0	14.6	2.1889106
96	rnapol	1.0	0.0	0.0
97	__protein1_rbs	3.4	0.0	0.0
97	__protein2_rbs	2.8	0.0	0.0
97	__protein3_rbs	7.2	0.0	0.0
97	__ribosome	42.2	0.0	0.0
97	__rnase_site_ext	14.8	0.0	0.0
97	p0	0.8	0.0	0.0
97	p2	0.8	0.0	0.0
97	protein1	147.6	5.2	2.3442857999999998
97	protein2	133.0	5.4	2.4922222
97	protein3	371.6	14.4	2.2669482000000003
97	rnapol	1.0	0.0	0.0
98	__protein1_rbs	3.2	0.0	0.0
98	__protein2_rbs	3.0	0.0	0.0
98	__protein3_rbs	7.8	0.0	0.0
98	__ribosome	43.4	0.0	0.0
98	__rnase_site_ext	15.4	0.0	0.0
98	p0	1.0	0.0	0.0
98	p2	0.8	0.0	0.0
98	protein1	149.8	5.4	2.2885714
98	protein2	136.0	5.0	2.4577777999999997
98	protein3	377.2	14.4	2.2610605999999995
98	rnapol	0.8	0.0	0.0
99	__protein1_rbs	4.2	0.0	0.0
99	__protein2_rbs	2.2	0.0	0.0
99	__protein3_rbs	7.6	0.0	0.0
99	__ribosome	40.6	0.0	0.0
99	__rnase_site_ext	15.2	0.0	0.0
99	p0	1.0	0.0	0.0
99	p2	1.0	0.0	0.0
99	protein1	152.0	5.8	2.0019048
99	protein2	137.0	5.2	2.6911112
99	protein3	382.8	14.6	2.3257142
99	rnapol	1.2	0.0	0.0
100	__protein1_rbs	2.6	0.0	0.0
100	__protein2_rbs	2.6	0.0	0.0
100	__protein3_rbs	8.0	0.0	0.0
100	__ribosome	41.4	0.0	0.0
100	__rnase_site_ext	15.4	0.0	0.0
100	p0	1.0	0.0	0.0
100	p2	0.4	0.0	0.0
100	protein1	154.6	5.6	2.2066666
100	protein2	140.2	5.0	2.67
100	protein3	389.4	14.6	2.2820240000000003
100	rnapol	1.2	0.0	0.0
101	__protein1_rbs	3.0	0.0	0.0
101	__protein2_rbs	2.8	0.0	0.0
101	__protein3_rbs	6.2	0.0	0.0
101	__ribosome	43.0	0.0	0.0
101	__rnase_site_ext	15.8	0.0	0.0
101	p0	0.6	0.0	0.0
101	p2	0.8	0.0	0.0
101	protein1	157.4	5.4	2.3066666
101	protein2	142.8	5.0	2.545
101	protein3	397.6	14.8	2.2243698
101	rnapol	0.6	0.0	0.0
102	__protein1_rbs	3.0	0.0	0.0
102	__protein2_rbs	1.8	0.0	0.0
102	__protein3_rbs	6.8	0.0	0.0
102	__ribosome	41.8	0.0	0.0
102	__rnase_site_ext	15.8	0.0	0.0
102	p0	0.8	0.0	0.0
102	p2	1.0	0.0	0.0
102	protein1	159.4	5.4	2.2647619999999997
102	protein2	145.4	5.2	2.515
102	protein3	403.8	14.8	2.262521
102	rnapol	0.4	0.0	0.0
103	__protein1_rbs	2.2	0.0	0.0
103	__protein2_rbs	4.0	0.0	0.0
103	__protein3_rbs	6.8	0.0	0.0
103	__ribosome	39.8	0.0	0.0
103	__rnase_site_ext	15.8	0.0	0.0
103	p0	0.8	0.0	0.0
103	p2	0.8	0.0	0.0
103	protein1	161.8	5.6	2.3409522
103	protein2	147.6	5.4	2.245
103	protein3	409.6	14.8	2.4037254
103	rnapol	0.6	0.0	0.0
104	__protein1_rbs	3.6	0.0	0.0
104	__protein2_rbs	3.0	0.0	0.0
104	__protein3_rbs	8.6	0.0	0.0
104	__ribosome	40.8	0.0	0.0
104	__rnase_site_ext	15.8	0.0	0.0
104	p0	1.0	0.0	0.0
104	p2	1.0	0.0	0.0
104	protein1	164.2	5.8	2.0338093999999995
104	protein2	150.6	5.6	2.2166666
104	protein3	415.8	15.4	2.2795940000000003
104	rnapol	0.6	0.0	0.0
105	__protein1_rbs	3.2	0.0	0.0
105	__protein2_rbs	4.2	0.0	0.0
105	__protein3_rbs	7.8	0.0	0.0
105	__ribosome	40.0	0.0	0.0
105	__rnase_site_ext	16.0	0.0	0.0
105	p0	0.6	0.0	0.0
105	p2	1.0	0.0	0.0
105	protein1	166.4	5.8	2.0595236
105	protein2	152.8	5.8	2.0
105	protein3	422.2	15.6	2.3452564
105	rnapol	0.4	0.0	0.0
106	__protein1_rbs	2.6	0.0	0.0
106	__protein2_rbs	3.0	0.0	0.0
106	__protein3_rbs	9.6	0.0	0.0
106	__ribosome	39.6	0.0	0.0
106	__rnase_site_ext	16.0	0.0	0.0
106	p0	1.0	0.0	0.0
106	p2	0.6	0.0	0.0
106	protein1	169.0	6.0	2.1135714
106	protein2	155.6	5.8	1.945238
106	protein3	428.2	15.8	2.3299950000000003
106	rnapol	0.6	0.0	0.0
107	__protein1_rbs	3.2	0.0	0.0
107	__protein2_rbs	4.0	0.0	0.0
107	__protein3_rbs	7.4	0.0	0.0
107	__ribosome	40.6	0.0	0.0
107	__rnase_site_ext	16.2	0.0	0.0
107	p0	1.0	0.0	0.0
107	p2	0.6	0.0	0.0
107	protein1	171.6	6.2	2.0
107	protein2	158.6	6.0	1.710476
107	protein3	436.2	15.6	2.3654638
107	rnapol	0.4	0.0	0.0
108	__protein1_rbs	3.2	0.0	0.0
108	__protein2_rbs	3.8	0.0	0.0
108	__protein3_rbs	7.2	0.0	0.0
108	__ribosome	38.8	0.0	0.0
108	__rnase_site_ext	16.2	0.0	0.0
108	p0	1.0	0.0	0.0
108	p2	0.6	0.0	0.0
108	protein1	174.0	6.2	2.0702382
108	protein2	160.0	6.0	1.8999998
108	protein3	443.2	15.6	2.3702148
108	rnapol	0.4	0.0	0.0
109	__protein1_rbs	2.0	0.0	0.0
109	__protein2_rbs	3.0	0.0	0.0
109	__protein3_rbs	8.2	0.0	0.0
109	__ribosome	36.2	0.0	0.0
109	__rnase_site_ext	16.0	0.0	0.0
109	p0	1.0	0.0	0.0
109	p2	0.6	0.0	0.0
109	protein1	176.4	6.2	2.3511906000000002
109	protein2	162.6	6.0	1.9466666000000001
109	protein3	450.0	15.8	2.3720310000000002
109	rnapol	0.8	0.0	0.0
110	__protein1_rbs	3.4	0.0	0.0
110	__protein2_rbs	4.8	0.0	0.0
110	__protein3_rbs	8.6	0.0	0.0
110	__ribosome	35.8	0.0	0.0
110	__rnase_site_ext	15.8	0.0	0.0
110	p0	1.0	0.0	0.0
110	p2	0.6	0.0	0.0
110	protein1	178.4	6.2	2.4059526
110	protein2	164.0	6.4	1.8657144
110	protein3	457.4	16.0	2.3704762
110	rnapol	1.0	0.0	0.0
111	__protein1_rbs	3.0	0.0	0.0
111	__protein2_rbs	3.8	0.0	0.0
111	__protein3_rbs	9.6	0.0	0.0
111	__ribosome	36.4	0.0	0.0
111	__rnase_site_ext	15.6	0.0	0.0
111	p0	0.8	0.0	0.0
111	p2	0.8	0.0	0.0
111	protein1	180.8	6.0	2.5088093999999996
111	protein2	167.2	6.2	1.8685716
111	protein3	463.6	15.8	2.3630439999999995
111	rnapol	0.8	0.0	0.0
112	__protein1_rbs	2.8	0.0	0.0
112	__protein2_rbs	3.0	0.0	0.0
112	__protein3_rbs	9.0	0.0	0.0
112	__ribosome	36.6	0.0	0.0
112	__rnase_site_ext	15.4	0.0	0.0
112	p0	1.0	0.0	0.0
112	p2	1.0	0.0	0.0
112	protein1	184.6	6.0	2.4123807999999998
112	protein2	169.0	6.4	2.0619048
112	protein3	471.6	16.4	2.1944444
112	rnapol	1.0	0.0	0.0
113	__protein1_rbs	4.2	0.0	0.0
113	__protein2_rbs	4.4	0.0	0.0
113	__protein3_rbs	8.2	0.0	0.0
113	__ribosome	38.0	0.0	0.0
113	__rnase_site_ext	15.4	0.0	0.0
113	p0	0.8	0.0	0.0
113	p2	0.8	0.0	0.0
113	protein1	187.8	6.2	2.1422222
113	protein2	171.6	6.6	1.9361906
113	protein3	479.0	16.2	2.2546334000000003
113	rnapol	0.8	0.0	0.0
114	__protein1_rbs	3.4	0.0	0.0
114	__protein2_rbs	3.4	0.0	0.0
114	__protein3_rbs	9.8	0.0	0.0
114	__ribosome	37.0	0.0	0.0
114	__rnase_site_ext	15.4	0.0	0.0
114	p0	1.0	0.0	0.0
114	p2	0.4	0.0	0.0
114	protein1	189.8	6.2	2.2747618
114	protein2	173.4	6.6	2.1230952000000003
114	protein3	486.6	16.6	2.1246896
114	rnapol	0.8	0.0	0.0
115	__protein1_rbs	4.2	0.0	0.0
115	__protein2_rbs	3.0	0.0	0.0
115	__protein3_rbs	10.2	0.0	0.0
115	__ribosome	38.8	0.0	0.0
115	__rnase_site_ext	15.6	0.0	0.0
115	p0	1.0	0.0	0.0
115	p2	0.8	0.0	0.0
115	protein1	193.0	6.4	1.9550793999999998
115	protein2	175.8	6.4	2.3964286
115	protein3	494.0	16.2	2.1059478
115	rnapol	1.0	0.0	0.0
116	__protein1_rbs	3.0	0.0	0.0
116	__protein2_rbs	3.2	0.0	0.0
116	__protein3_rbs	9.4	0.0	0.0
116	__ribosome	37.6	0.0	0.0
116	__rnase_site_ext	15.8	0.0	0.0
116	p0	1.0	0.0	0.0
116	p2	0.8	0.0	0.0
116	protein1	195.8	6.4	2.0977778
116	protein2	178.6	6.4	2.3940478
116	protein3	500.2	16.0	2.1588236000000003
116	rnapol	1.0	0.0	0.0
117	__protein1_rbs	3.2	0.0	0.0
117	__protein2_rbs	4.4	0.0	0.0
117	__protein3_rbs	7.8	0.0	0.0
117	__ribosome	36.2	0.0	0.0
117	__rnase_site_ext	15.8	0.0	0.0
117	p0	0.8	0.0	0.0
117	p2	0.4	0.0	0.0
117	protein1	198.2	6.4	2.209365
117	protein2	181.4	6.4	2.1428572
117	protein3	506.2	15.8	2.3160784000000003
117	rnapol	1.0	0.0	0.0
118	__protein1_rbs	3.6	0.0	0.0
118	__protein2_rbs	3.0	0.0	0.0
118	__protein3_rbs	10.6	0.0	0.0
118	__ribosome	38.2	0.0	0.0
118	__rnase_site_ext	16.4	0.0	0.0
118	p0	1.0	0.0	0.0
118	p2	0.8	0.0	0.0
118	protein1	200.8	6.2	2.25
118	protein2	183.4	6.2	2.4690476
118	protein3	513.8	15.8	2.1234102000000004
118	rnapol	0.8	0.0	0.0
119	__protein1_rbs	3.8	0.0	0.0
119	__protein2_rbs	3.0	0.0	0.0
119	__protein3_rbs	9.4	0.0	0.0
119	__ribosome	39.6	0.0	0.0
119	__rnase_site_ext	16.4	0.0	0.0
119	p0	0.8	0.0	0.0
119	p2	0.6	0.0	0.0
119	protein1	203.4	6.4	2.1642857999999996
119	protein2	186.8	6.2	2.3464286
119	protein3	522.0	16.0	2.0227942
119	rnapol	1.2	0.0	0.0
120	__protein1_rbs	4.6	0.0	0.0
120	__protein2_rbs	3.2	0.0	0.0
120	__protein3_rbs	8.4	0.0	0.0
120	__ribosome	39.6	0.0	0.0
120	__rnase_site_ext	16.4	0.0	0.0
120	p0	1.0	0.0	0.0
120	p2	1.0	0.0	0.0
120	protein1	205.8	6.2	2.0642858
120	protein2	190.4	6.4	2.2158732000000003
120	protein3	528.6	16.2	2.0735294
120	rnapol	1.2	0.0	0.0
121	__protein1_rbs	3.6	0.0	0.0
121	__protein2_rbs	4.2	0.0	0.0
121	__protein3_rbs	9.6	0.0	0.0
121	__ribosome	40.0	0.0	0.0
121	__rnase_site_ext	16.4	0.0	0.0
121	p0	1.0	0.0	0.0
121	p2	1.0	0.0	0.0
121	protein1	209.0	6.4	1.9904762
121	protein2	193.4	6.4	2.1150794
121	protein3	534.8	16.8	2.0395424
121	rnapol	1.2	0.0	0.0
122	__protein1_rbs	4.2	0.0	0.0
122	__protein2_rbs	3.8	0.0	0.0
122	__protein3_rbs	7.6	0.0	0.0
122	__ribosome	37.2	0.0	0.0
122	__rnase_site_ext	16.6	0.0	0.0
122	p0	1.0	0.0	0.0
122	p2	1.0	0.0	0.0
122	protein1	211.8	6.4	1.9083333999999998
122	protein2	195.0	6.6	2.2
122	protein3	541.4	17.0	2.1392974
122	rnapol	1.0	0.0	0.0
123	__protein1_rbs	3.4	0.0	0.0
123	__protein2_rbs	3.8	0.0	0.0
123	__protein3_rbs	9.4	0.0	0.0
123	__ribosome	37.0	0.0	0.0
123	__rnase_site_ext	16.2	0.0	0.0
123	p0	1.0	0.0	0.0
123	p2	1.0	0.0	0.0
123	protein1	215.0	6.6	1.8033333999999999
123	protein2	198.0	6.6	2.1428572
123	protein3	547.4	17.0	2.1708592
123	rnapol	1.6	0.0	0.0
124	__protein1_rbs	4.0	0.0	0.0
124	__protein2_rbs	4.2	0.0	0.0
124	__protein3_rbs	8.8	0.0	0.0
124	__ribosome	35.2	0.0	0.0
124	__rnase_site_ext	16.2	0.0	0.0
124	p0	0.8	0.0	0.0
124	p2	1.0	0.0	0.0
124	protein1	217.4	6.6	1.8730952000000003
124	protein2	201.0	6.6	2.1214286
124	protein3	554.0	17.0	2.2882354000000005
124	rnapol	1.6	0.0	0.0
125	__protein1_rbs	3.6	0.0	0.0
125	__protein2_rbs	3.2	0.0	0.0
125	__protein3_rbs	9.8	0.0	0.0
125	__ribosome	33.6	0.0	0.0
125	__rnase_site_ext	16.8	0.0	0.0
125	p0	1.0	0.0	0.0
125	p2	0.2	0.0	0.0
125	protein1	218.8	6.4	2.157857
125	protein2	203.4	6.4	2.3007936
125	protein3	561.4	17.0	2.2477556
125	rnapol	1.2	0.0	0.0
126	__protein1_rbs	2.6	0.0	0.0
126	__protein2_rbs	3.6	0.0	0.0
126	__protein3_rbs	9.6	0.0	0.0
126	__ribosome	33.6	0.0	0.0
126	__rnase_site_ext	17.6	0.0	0.0
126	p0	0.8	0.0	0.0
126	p2	0.6	0.0	0.0
126	protein1	221.6	6.8	2.1871428
126	protein2	206.6	6.4	2.2492064
126	protein3	568.4	17.0	2.2232198
126	rnapol	1.2	0.0	0.0
127	__protein1_rbs	4.2	0.0	0.0
127	__protein2_rbs	4.0	0.0	0.0
127	__protein3_rbs	10.0	0.0	0.0
127	__ribosome	35.4	0.0	0.0
127	__rnase_site_ext	17.6	0.0	0.0
127	p0	1.0	0.0	0.0
127	p2	0.8	0.0	0.0
127	protein1	223.8	6.8	2.1907142000000004
127	protein2	209.4	6.6	2.1655556000000002
127	protein3	577.0	17.0	2.1357972000000003
127	rnapol	1.4	0.0	0.0
128	__protein1_rbs	4.2	0.0	0.0
128	__protein2_rbs	3.2	0.0	0.0
128	__protein3_rbs	8.4	0.0	0.0
128	__ribosome	36.0	0.0	0.0
128	__rnase_site_ext	17.6	0.0	0.0
128	p0	0.8	0.0	0.0
128	p2	0.8	0.0	0.0
128	protein1	226.8	7.0	2.1307936
128	protein2	212.6	6.8	2.0345238
128	protein3	585.0	16.8	2.1303922
128	rnapol	1.2	0.0	0.0
129	__protein1_rbs	4.0	0.0	0.0
129	__protein2_rbs	3.2	0.0	0.0
129	__protein3_rbs	10.0	0.0	0.0
129	__ribosome	34.6	0.0	0.0
129	__rnase_site_ext	17.2	0.0	0.0
129	p0	0.8	0.0	0.0
129	p2	1.0	0.0	0.0
129	protein1	229.6	7.2	2.0138887999999997
129	protein2	215.0	6.8	2.1333333999999997
129	protein3	591.6	17.4	2.110595
129	rnapol	1.0	0.0	0.0
130	__protein1_rbs	3.4	0.0	0.0
130	__protein2_rbs	4.4	0.0	0.0
130	__protein3_rbs	10.8	0.0	0.0
130	__ribosome	35.8	0.0	0.0
130	__rnase_site_ext	16.8	0.0	0.0
130	p0	1.0	0.0	0.0
130	p2	0.8	0.0	0.0
130	protein1	232.4	7.0	2.1603174000000003
130	protein2	218.0	6.8	1.9928572
130	protein3	598.8	17.6	2.0327486
130	rnapol	1.0	0.0	0.0
131	__protein1_rbs	3.6	0.0	0.0
131	__protein2_rbs	4.8	0.0	0.0
131	__protein3_rbs	11.8	0.0	0.0
131	__ribosome	36.0	0.0	0.0
131	__rnase_site_ext	17.0	0.0	0.0
131	p0	1.0	0.0	0.0
131	p2	0.6	0.0	0.0
131	protein1	236.2	6.8	2.1880952
131	protein2	220.2	7.0	1.9059524
131	protein3	605.8	17.8	1.9865498
131	rnapol	0.8	0.0	0.0
132	__protein1_rbs	3.2	0.0	0.0
132	__protein2_rbs	3.6	0.0	0.0
132	__protein3_rbs	11.0	0.0	0.0
132	__ribosome	34.4	0.0	0.0
132	__rnase_site_ext	16.6	0.0	0.0
132	p0	1.0	0.0	0.0
132	p2	0.8	0.0	0.0
132	protein1	238.0	6.6	2.4416666
132	protein2	222.8	7.0	1.9834126
132	protein3	612.4	17.6	1.9980262
132	rnapol	0.8	0.0	0.0
133	__protein1_rbs	3.6	0.0	0.0
133	__protein2_rbs	3.4	0.0	0.0
133	__protein3_rbs	8.8	0.0	0.0
133	__ribosome	35.6	0.0	0.0
133	__rnase_site_ext	16.8	0.0	0.0
133	p0	1.0	0.0	0.0
133	p2	0.8	0.0	0.0
133	protein1	241.4	6.4	2.4183334000000003
133	protein2	226.2	7.2	1.8483333999999998
133	protein3	620.8	17.0	2.0658392
133	rnapol	0.8	0.0	0.0
134	__protein1_rbs	4.8	0.0	0.0
134	__protein2_rbs	4.2	0.0	0.0
134	__protein3_rbs	10.2	0.0	0.0
134	__ribosome	37.2	0.0	0.0
134	__rnase_site_ext	16.6	0.0	0.0
134	p0	0.8	0.0	0.0
134	p2	0.8	0.0	0.0
134	protein1	244.2	6.4	2.2969048
134	protein2	229.0	7.4	1.8924602
134	protein3	628.4	17.2	1.9734209999999999
134	rnapol	1.0	0.0	0.0
135	__protein1_rbs	3.6	0.0	0.0
135	__protein2_rbs	3.4	0.0	0.0
135	__protein3_rbs	9.2	0.0	0.0
135	__ribosome	35.6	0.0	0.0
135	__rnase_site_ext	17.0	0.0	0.0
135	p0	0.8	0.0	0.0
135	p2	0.8	0.0	0.0
135	protein1	247.4	6.4	2.2204762
135	protein2	231.2	7.0	2.1642856000000004
135	protein3	635.0	17.2	2.033582
135	rnapol	1.0	0.0	0.0
136	__protein1_rbs	3.8	0.0	0.0
136	__protein2_rbs	5.2	0.0	0.0
136	__protein3_rbs	10.2	0.0	0.0
136	__ribosome	36.0	0.0	0.0
136	__rnase_site_ext	17.0	0.0	0.0
136	p0	1.0	0.0	0.0
136	p2	0.6	0.0	0.0
136	protein1	251.2	6.8	1.8726192
136	protein2	233.6	7.4	2.0476191999999998
136	protein3	640.8	17.6	2.0486112000000003
136	rnapol	1.0	0.0	0.0
137	__protein1_rbs	3.8	0.0	0.0
137	__protein2_rbs	3.2	0.0	0.0
137	__protein3_rbs	10.6	0.0	0.0
137	__ribosome	33.0	0.0	0.0
137	__rnase_site_ext	17.4	0.0	0.0
137	p0	0.8	0.0	0.0
137	p2	0.6	0.0	0.0
137	protein1	253.4	6.6	2.0328572
137	protein2	236.4	7.4	2.2345238
137	protein3	646.6	17.4	2.1337426
137	rnapol	1.0	0.0	0.0
138	__protein1_rbs	3.4	0.0	0.0
138	__protein2_rbs	4.2	0.0	0.0
138	__protein3_rbs	10.2	0.0	0.0
138	__ribosome	36.0	0.0	0.0
138	__rnase_site_ext	17.0	0.0	0.0
138	p0	1.0	0.0	0.0
138	p2	0.8	0.0	0.0
138	protein1	257.0	6.6	1.9714286
138	protein2	240.4	7.6	2.0892858
138	protein3	655.4	17.4	2.0412574
138	rnapol	1.0	0.0	0.0
139	__protein1_rbs	5.0	0.0	0.0
139	__protein2_rbs	4.0	0.0	0.0
139	__protein3_rbs	10.2	0.0	0.0
139	__ribosome	35.6	0.0	0.0
139	__rnase_site_ext	17.0	0.0	0.0
139	p0	1.0	0.0	0.0
139	p2	0.8	0.0	0.0
139	protein1	258.8	6.8	1.8428572
139	protein2	243.4	7.4	2.1686507999999995
139	protein3	661.8	17.6	2.0531956
139	rnapol	0.8	0.0	0.0
140	__protein1_rbs	4.2	0.0	0.0
140	__protein2_rbs	3.0	0.0	0.0
140	__protein3_rbs	8.8	0.0	0.0
140	__ribosome	33.0	0.0	0.0
140	__rnase_site_ext	17.0	0.0	0.0
140	p0	1.0	0.0	0.0
140	p2	0.4	0.0	0.0
140	protein1	261.0	6.8	1.8916666000000002
140	protein2	245.8	7.4	2.3583332
140	protein3	669.6	17.6	2.1014310000000003
140	rnapol	1.0	0.0	0.0
141	__protein1_rbs	4.2	0.0	0.0
141	__protein2_rbs	4.8	0.0	0.0
141	__protein3_rbs	11.8	0.0	0.0
141	__ribosome	33.0	0.0	0.0
141	__rnase_site_ext	16.6	0.0	0.0
141	p0	1.0	0.0	0.0
141	p2	0.6	0.0	0.0
141	protein1	264.0	6.8	1.8714286
141	protein2	247.8	7.4	2.429365
141	protein3	676.6	18.0	2.0336636
141	rnapol	1.4	0.0	0.0
142	__protein1_rbs	3.8	0.0	0.0
142	__protein2_rbs	4.4	0.0	0.0
142	__protein3_rbs	10.8	0.0	0.0
142	__ribosome	32.0	0.0	0.0
142	__rnase_site_ext	16.6	0.0	0.0
142	p0	1.0	0.0	0.0
142	p2	0.8	0.0	0.0
142	protein1	266.6	6.6	2.0023808
142	protein2	251.2	7.4	2.2988096
142	protein3	682.8	18.2	2.0780596000000005
142	rnapol	1.4	0.0	0.0
143	__protein1_rbs	3.0	0.0	0.0
143	__protein2_rbs	3.6	0.0	0.0
143	__protein3_rbs	11.6	0.0	0.0
143	__ribosome	32.8	0.0	0.0
143	__rnase_site_ext	16.6	0.0	0.0
143	p0	0.8	0.0	0.0
143	p2	0.6	0.0	0.0
143	protein1	269.4	6.6	2.1190476
143	protein2	255.2	7.4	2.2781746000000003
143	protein3	691.0	18.2	2.0096802
143	rnapol	1.2	0.0	0.0
144	__protein1_rbs	3.6	0.0	0.0
144	__protein2_rbs	3.6	0.0	0.0
144	__protein3_rbs	10.8	0.0	0.0
144	__ribosome	31.4	0.0	0.0
144	__rnase_site_ext	16.6	0.0	0.0
144	p0	1.0	0.0	0.0
144	p2	1.0	0.0	0.0
144	protein1	271.2	6.6	2.2642857999999997
144	protein2	259.0	7.4	2.2607144000000003
144	protein3	697.4	17.8	2.0715206000000004
144	rnapol	1.4	0.0	0.0
145	__protein1_rbs	4.2	0.0	0.0
145	__protein2_rbs	3.6	0.0	0.0
145	__protein3_rbs	9.8	0.0	0.0
145	__ribosome	32.4	0.0	0.0
145	__rnase_site_ext	16.6	0.0	0.0
145	p0	1.0	0.0	0.0
145	p2	1.0	0.0	0.0
145	protein1	274.4	6.8	2.0333334
145	protein2	262.8	7.4	2.2734125999999995
145	protein3	704.6	18.0	2.0607328000000003
145	rnapol	1.4	0.0	0.0
146	__protein1_rbs	3.8	0.0	0.0
146	__protein2_rbs	4.4	0.0	0.0
146	__protein3_rbs	11.0	0.0	0.0
146	__ribosome	31.8	0.0	0.0
146	__rnase_site_ext	17.0	0.0	0.0
146	p0	1.0	0.0	0.0
146	p2	0.6	0.0	0.0
146	protein1	276.4	6.8	2.1583334
146	protein2	265.2	7.2	2.4142857999999996
146	protein3	712.4	18.0	2.0133832
146	rnapol	1.4	0.0	0.0
147	__protein1_rbs	3.4	0.0	0.0
147	__protein2_rbs	4.2	0.0	0.0
147	__protein3_rbs	11.6	0.0	0.0
147	__ribosome	32.8	0.0	0.0
147	__rnase_site_ext	17.2	0.0	0.0
147	p0	0.8	0.0	0.0
147	p2	0.6	0.0	0.0
147	protein1	279.6	6.8	2.1666666
147	protein2	267.8	7.2	2.4380952
147	protein3	720.4	18.2	1.918514
147	rnapol	1.0	0.0	0.0
148	__protein1_rbs	3.8	0.0	0.0
148	__protein2_rbs	4.2	0.0	0.0
148	__protein3_rbs	11.6	0.0	0.0
148	__ribosome	32.8	0.0	0.0
148	__rnase_site_ext	17.4	0.0	0.0
148	p0	0.8	0.0	0.0
148	p2	0.4	0.0	0.0
148	protein1	282.4	6.8	2.1
148	protein2	271.0	7.0	2.5130952
148	protein3	726.8	18.0	1.9639938
148	rnapol	0.8	0.0	0.0
149	__protein1_rbs	2.8	0.0	0.0
149	__protein2_rbs	4.4	0.0	0.0
149	__protein3_rbs	9.6	0.0	0.0
149	__ribosome	34.6	0.0	0.0
149	__rnase_site_ext	17.0	0.0	0.0
149	p0	1.0	0.0	0.0
149	p2	0.8	0.0	0.0
149	protein1	285.4	7.0	2.1472224
149	protein2	275.2	7.0	2.254762
149	protein3	734.6	18.2	1.9104982
149	rnapol	1.2	0.0	0.0
150	__protein1_rbs	3.8	0.0	0.0
150	__protein2_rbs	3.0	0.0	0.0
150	__protein3_rbs	11.0	0.0	0.0
150	__ribosome	34.2	0.0	0.0
150	__rnase_site_ext	17.0	0.0	0.0
150	p0	1.0	0.0	0.0
150	p2	0.4	0.0	0.0
150	protein1	288.2	7.0	2.149762
150	protein2	279.2	7.0	2.3071428000000003
150	protein3	741.2	18.4	1.8965526
150	rnapol	1.0	0.0	0.0
151	__protein1_rbs	3.8	0.0	0.0
151	__protein2_rbs	5.4	0.0	0.0
151	__protein3_rbs	10.0	0.0	0.0
151	__ribosome	32.8	0.0	0.0
151	__rnase_site_ext	17.4	0.0	0.0
151	p0	0.6	0.0	0.0
151	p2	1.0	0.0	0.0
151	protein1	290.2	7.0	2.2703174000000006
151	protein2	281.8	7.2	2.0892858
151	protein3	748.0	18.6	1.9738436000000001
151	rnapol	0.8	0.0	0.0
152	__protein1_rbs	4.6	0.0	0.0
152	__protein2_rbs	3.6	0.0	0.0
152	__protein3_rbs	10.2	0.0	0.0
152	__ribosome	33.0	0.0	0.0
152	__rnase_site_ext	17.4	0.0	0.0
152	p0	1.0	0.0	0.0
152	p2	1.0	0.0	0.0
152	protein1	293.8	7.0	2.1327778
152	protein2	285.2	7.2	2.0488096000000002
152	protein3	754.8	18.6	2.0192836
152	rnapol	1.0	0.0	0.0
153	__protein1_rbs	3.4	0.0	0.0
153	__protein2_rbs	4.0	0.0	0.0
153	__protein3_rbs	9.8	0.0	0.0
153	__ribosome	31.2	0.0	0.0
153	__rnase_site_ext	17.4	0.0	0.0
153	p0	0.8	0.0	0.0
153	p2	1.0	0.0	0.0
153	protein1	296.0	7.2	2.1777778000000003
153	protein2	288.6	7.0	2.0642858
153	protein3	761.6	18.2	2.1343628
153	rnapol	0.8	0.0	0.0
154	__protein1_rbs	3.8	0.0	0.0
154	__protein2_rbs	4.2	0.0	0.0
154	__protein3_rbs	11.0	0.0	0.0
154	__ribosome	30.8	0.0	0.0
154	__rnase_site_ext	17.6	0.0	0.0
154	p0	1.0	0.0	0.0
154	p2	0.8	0.0	0.0
154	protein1	299.6	7.2	2.0277778000000004
154	protein2	290.4	7.0	2.1630952000000003
154	protein3	768.6	18.6	2.1166872000000003
154	rnapol	1.0	0.0	0.0
155	__protein1_rbs	4.0	0.0	0.0
155	__protein2_rbs	4.8	0.0	0.0
155	__protein3_rbs	11.0	0.0	0.0
155	__ribosome	32.6	0.0	0.0
155	__rnase_site_ext	18.0	0.0	0.0
155	p0	1.0	0.0	0.0
155	p2	0.8	0.0	0.0
155	protein1	302.4	7.4	2.0733334
155	protein2	294.8	7.2	1.8349206
155	protein3	776.0	18.2	2.1418732000000005
155	rnapol	1.2	0.0	0.0
156	__protein1_rbs	3.8	0.0	0.0
156	__protein2_rbs	4.8	0.0	0.0
156	__protein3_rbs	12.0	0.0	0.0
156	__ribosome	33.4	0.0	0.0
156	__rnase_site_ext	18.4	0.0	0.0
156	p0	0.8	0.0	0.0
156	p2	0.8	0.0	0.0
156	protein1	305.6	7.4	2.1522222
156	protein2	296.6	7.0	1.9722222
156	protein3	784.6	18.2	2.0312848000000003
156	rnapol	0.8	0.0	0.0
157	__protein1_rbs	4.6	0.0	0.0
157	__protein2_rbs	3.8	0.0	0.0
157	__protein3_rbs	9.0	0.0	0.0
157	__ribosome	32.4	0.0	0.0
157	__rnase_site_ext	18.4	0.0	0.0
157	p0	1.0	0.0	0.0
157	p2	0.8	0.0	0.0
157	protein1	308.2	7.4	2.1133333999999997
157	protein2	300.4	7.2	1.9103176
157	protein3	791.8	18.2	2.1065016
157	rnapol	1.2	0.0	0.0
158	__protein1_rbs	3.6	0.0	0.0
158	__protein2_rbs	4.0	0.0	0.0
158	__protein3_rbs	11.6	0.0	0.0
158	__ribosome	32.8	0.0	0.0
158	__rnase_site_ext	18.4	0.0	0.0
158	p0	0.8	0.0	0.0
158	p2	1.0	0.0	0.0
158	protein1	311.0	7.6	2.1472222000000003
158	protein2	302.8	7.2	1.959127
158	protein3	800.0	18.4	1.9951164000000001
158	rnapol	1.4	0.0	0.0
159	__protein1_rbs	5.4	0.0	0.0
159	__protein2_rbs	4.0	0.0	0.0
159	__protein3_rbs	10.4	0.0	0.0
159	__ribosome	34.4	0.0	0.0
159	__rnase_site_ext	18.6	0.0	0.0
159	p0	0.6	0.0	0.0
159	p2	0.8	0.0	0.0
159	protein1	314.0	7.6	2.0400794
159	protein2	306.0	7.2	1.961111
159	protein3	809.0	18.8	1.897248
159	rnapol	1.0	0.0	0.0
160	__protein1_rbs	3.2	0.0	0.0
160	__protein2_rbs	3.4	0.0	0.0
160	__protein3_rbs	10.2	0.0	0.0
160	__ribosome	30.4	0.0	0.0
160	__rnase_site_ext	18.6	0.0	0.0
160	p0	1.0	0.0	0.0
160	p2	0.6	0.0	0.0
160	protein1	317.8	7.4	2.2777778
160	protein2	308.6	7.6	1.9805556
160	protein3	814.8	18.6	2.0630154
160	rnapol	1.0	0.0	0.0
161	__protein1_rbs	4.6	0.0	0.0
161	__protein2_rbs	5.2	0.0	0.0
161	__protein3_rbs	10.6	0.0	0.0
161	__ribosome	30.6	0.0	0.0
161	__rnase_site_ext	18.0	0.0	0.0
161	p0	1.0	0.0	0.0
161	p2	0.6	0.0	0.0
161	protein1	321.0	7.6	2.0944444
161	protein2	311.2	7.6	1.9555556
161	protein3	821.0	18.6	2.0954445999999995
161	rnapol	0.8	0.0	0.0
162	__protein1_rbs	3.8	0.0	0.0
162	__protein2_rbs	5.0	0.0	0.0
162	__protein3_rbs	12.0	0.0	0.0
162	__ribosome	30.4	0.0	0.0
162	__rnase_site_ext	18.0	0.0	0.0
162	p0	1.0	0.0	0.0
162	p2	0.8	0.0	0.0
162	protein1	323.0	7.4	2.4638888000000003
162	protein2	313.4	7.6	1.986111
162	protein3	828.4	18.2	2.053285
162	rnapol	0.8	0.0	0.0
163	__protein1_rbs	4.4	0.0	0.0
163	__protein2_rbs	4.6	0.0	0.0
163	__protein3_rbs	11.2	0.0	0.0
163	__ribosome	31.8	0.0	0.0
163	__rnase_site_ext	17.8	0.0	0.0
163	p0	1.0	0.0	0.0
163	p2	0.8	0.0	0.0
163	protein1	326.8	7.2	2.2980158
163	protein2	317.0	7.8	1.8655556
163	protein3	835.2	18.6	2.0318886000000003
163	rnapol	1.0	0.0	0.0
164	__protein1_rbs	5.0	0.0	0.0
164	__protein2_rbs	4.2	0.0	0.0
164	__protein3_rbs	10.6	0.0	0.0
164	__ribosome	31.6	0.0	0.0
164	__rnase_site_ext	17.6	0.0	0.0
164	p0	1.0	0.0	0.0
164	p2	0.4	0.0	0.0
164	protein1	329.4	7.2	2.2825396
164	protein2	319.2	7.8	2.0844446000000003
164	protein3	844.0	19.0	1.9311766
164	rnapol	1.0	0.0	0.0
165	__protein1_rbs	3.6	0.0	0.0
165	__protein2_rbs	5.0	0.0	0.0
165	__protein3_rbs	12.6	0.0	0.0
165	__ribosome	35.0	0.0	0.0
165	__rnase_site_ext	17.6	0.0	0.0
165	p0	1.0	0.0	0.0
165	p2	0.8	0.0	0.0
165	protein1	332.4	7.0	2.2805556
165	protein2	323.6	7.6	1.9
165	protein3	852.0	18.6	1.8482971999999998
165	rnapol	1.2	0.0	0.0
166	__protein1_rbs	4.0	0.0	0.0
166	__protein2_rbs	4.6	0.0	0.0
166	__protein3_rbs	10.0	0.0	0.0
166	__ribosome	34.6	0.0	0.0
166	__rnase_site_ext	17.4	0.0	0.0
166	p0	1.0	0.0	0.0
166	p2	1.0	0.0	0.0
166	protein1	336.4	7.0	2.0999998
166	protein2	325.8	7.8	2.004762
166	protein3	858.6	18.6	1.8877709999999999
166	rnapol	1.0	0.0	0.0
167	__protein1_rbs	3.8	0.0	0.0
167	__protein2_rbs	3.8	0.0	0.0
167	__protein3_rbs	11.0	0.0	0.0
167	__ribosome	33.2	0.0	0.0
167	__rnase_site_ext	17.4	0.0	0.0
167	p0	1.0	0.0	0.0
167	p2	0.6	0.0	0.0
167	protein1	339.6	7.0	2.0944443999999995
167	protein2	328.6	7.8	2.15
167	protein3	865.8	18.8	1.8741178
167	rnapol	0.8	0.0	0.0
168	__protein1_rbs	4.8	0.0	0.0
168	__protein2_rbs	4.8	0.0	0.0
168	__protein3_rbs	11.6	0.0	0.0
168	__ribosome	34.8	0.0	0.0
168	__rnase_site_ext	17.4	0.0	0.0
168	p0	1.0	0.0	0.0
168	p2	0.8	0.0	0.0
168	protein1	342.8	7.0	1.925
168	protein2	332.4	7.8	2.0238093999999998
168	protein3	873.0	18.8	1.9210526
168	rnapol	1.2	0.0	0.0
169	__protein1_rbs	4.6	0.0	0.0
169	__protein2_rbs	5.4	0.0	0.0
169	__protein3_rbs	9.8	0.0	0.0
169	__ribosome	33.8	0.0	0.0
169	__rnase_site_ext	17.6	0.0	0.0
169	p0	1.0	0.0	0.0
169	p2	0.8	0.0	0.0
169	protein1	344.4	6.8	2.1805556
169	protein2	335.8	8.2	1.8944446
169	protein3	880.4	18.8	1.9766666
169	rnapol	1.4	0.0	0.0
170	__protein1_rbs	4.8	0.0	0.0
170	__protein2_rbs	6.4	0.0	0.0
170	__protein3_rbs	11.4	0.0	0.0
170	__ribosome	35.4	0.0	0.0
170	__rnase_site_ext	17.2	0.0	0.0
170	p0	0.8	0.0	0.0
170	p2	0.6	0.0	0.0
170	protein1	347.8	6.8	1.9722224
170	protein2	337.8	8.2	1.9027779999999999
170	protein3	887.0	18.6	2.0
170	rnapol	1.2	0.0	0.0
171	__protein1_rbs	3.4	0.0	0.0
171	__protein2_rbs	4.6	0.0	0.0
171	__protein3_rbs	10.8	0.0	0.0
171	__ribosome	33.8	0.0	0.0
171	__rnase_site_ext	17.4	0.0	0.0
171	p0	1.0	0.0	0.0
171	p2	0.6	0.0	0.0
171	protein1	350.8	6.6	1.9972222
171	protein2	341.6	8.2	1.875
171	protein3	893.4	18.6	2.064035
171	rnapol	1.2	0.0	0.0
172	__protein1_rbs	3.6	0.0	0.0
172	__protein2_rbs	6.0	0.0	0.0
172	__protein3_rbs	10.0	0.0	0.0
172	__ribosome	34.0	0.0	0.0
172	__rnase_site_ext	17.8	0.0	0.0
172	p0	0.4	0.0	0.0
172	p2	0.8	0.0	0.0
172	protein1	353.6	6.8	1.9063491999999997
172	protein2	345.0	8.2	1.7722223999999998
172	protein3	900.2	18.4	2.1165224
172	rnapol	1.0	0.0	0.0
173	__protein1_rbs	3.8	0.0	0.0
173	__protein2_rbs	4.4	0.0	0.0
173	__protein3_rbs	9.2	0.0	0.0
173	__ribosome	31.4	0.0	0.0
173	__rnase_site_ext	18.0	0.0	0.0
173	p0	0.8	0.0	0.0
173	p2	0.4	0.0	0.0
173	protein1	355.4	6.8	2.575
173	protein2	347.8	8.2	1.8916668
173	protein3	908.8	18.6	2.1236080000000004
173	rnapol	0.8	0.0	0.0
174	__protein1_rbs	5.0	0.0	0.0
174	__protein2_rbs	4.8	0.0	0.0
174	__protein3_rbs	10.6	0.0	0.0
174	__ribosome	32.2	0.0	0.0
174	__rnase_site_ext	18.4	0.0	0.0
174	p0	1.0	0.0	0.0
174	p2	1.0	0.0	0.0
174	protein1	357.6	7.2	2.5184128
174	protein2	350.8	8.0	1.9083333999999998
174	protein3	917.2	18.6	2.0716062
174	rnapol	1.0	0.0	0.0
175	__protein1_rbs	4.2	0.0	0.0
175	__protein2_rbs	5.0	0.0	0.0
175	__protein3_rbs	10.4	0.0	0.0
175	__ribosome	30.4	0.0	0.0
175	__rnase_site_ext	18.4	0.0	0.0
175	p0	1.0	0.0	0.0
175	p2	0.8	0.0	0.0
175	protein1	360.2	7.4	2.3896104
175	protein2	354.0	7.6	2.05
175	protein3	924.4	19.2	2.0734148
175	rnapol	0.8	0.0	0.0
176	__protein1_rbs	3.8	0.0	0.0
176	__protein2_rbs	4.8	0.0	0.0
176	__protein3_rbs	11.2	0.0	0.0
176	__ribosome	29.4	0.0	0.0
176	__rnase_site_ext	18.2	0.0	0.0
176	p0	0.8	0.0	0.0
176	p2	0.8	0.0	0.0
176	protein1	362.8	7.4	2.4481962000000004
176	protein2	356.8	7.4	2.2361112000000003
176	protein3	930.8	19.2	2.0775813999999997
176	rnapol	0.8	0.0	0.0
177	__protein1_rbs	4.6	0.0	0.0
177	__protein2_rbs	5.2	0.0	0.0
177	__protein3_rbs	12.4	0.0	0.0
177	__ribosome	34.4	0.0	0.0
177	__rnase_site_ext	18.6	0.0	0.0
177	p0	1.0	0.0	0.0
177	p2	1.0	0.0	0.0
177	protein1	366.0	7.2	2.380635
177	protein2	359.4	7.4	2.1194444
177	protein3	940.6	19.6	1.8651380000000002
177	rnapol	0.8	0.0	0.0
178	__protein1_rbs	4.6	0.0	0.0
178	__protein2_rbs	4.6	0.0	0.0
178	__protein3_rbs	11.4	0.0	0.0
178	__ribosome	35.6	0.0	0.0
178	__rnase_site_ext	18.4	0.0	0.0
178	p0	1.0	0.0	0.0
178	p2	1.0	0.0	0.0
178	protein1	369.2	7.2	1.915873
178	protein2	363.4	7.4	1.975
178	protein3	948.2	19.6	1.8820448
178	rnapol	1.0	0.0	0.0
179	__protein1_rbs	4.0	0.0	0.0
179	__protein2_rbs	4.2	0.0	0.0
179	__protein3_rbs	12.0	0.0	0.0
179	__ribosome	33.0	0.0	0.0
179	__rnase_site_ext	18.0	0.0	0.0
179	p0	1.0	0.0	0.0
179	p2	1.0	0.0	0.0
179	protein1	371.8	7.2	2.0507936
179	protein2	366.0	7.2	2.1
179	protein3	955.0	20.0	1.926068
179	rnapol	1.2	0.0	0.0
180	__protein1_rbs	4.2	0.0	0.0
180	__protein2_rbs	4.4	0.0	0.0
180	__protein3_rbs	12.8	0.0	0.0
180	__ribosome	33.8	0.0	0.0
180	__rnase_site_ext	18.6	0.0	0.0
180	p0	1.0	0.0	0.0
180	p2	0.4	0.0	0.0
180	protein1	374.6	7.0	2.0369048
180	protein2	368.4	7.4	2.0223808
180	protein3	962.6	20.0	1.8904444
180	rnapol	1.0	0.0	0.0
181	__protein1_rbs	4.6	0.0	0.0
181	__protein2_rbs	5.0	0.0	0.0
181	__protein3_rbs	12.8	0.0	0.0
181	__ribosome	35.8	0.0	0.0
181	__rnase_site_ext	18.2	0.0	0.0
181	p0	1.0	0.0	0.0
181	p2	0.8	0.0	0.0
181	protein1	378.2	7.0	1.7861112000000001
181	protein2	371.4	7.8	2.0101586
181	protein3	969.6	20.0	1.8723506
181	rnapol	0.8	0.0	0.0
182	__protein1_rbs	3.4	0.0	0.0
182	__protein2_rbs	4.8	0.0	0.0
182	__protein3_rbs	10.0	0.0	0.0
182	__ribosome	32.4	0.0	0.0
182	__rnase_site_ext	18.4	0.0	0.0
182	p0	1.0	0.0	0.0
182	p2	1.0	0.0	0.0
182	protein1	380.4	7.0	2.0690476
182	protein2	374.0	7.8	1.9561904
182	protein3	978.0	19.6	1.9926558
182	rnapol	1.4	0.0	0.0
183	__protein1_rbs	4.6	0.0	0.0
183	__protein2_rbs	4.6	0.0	0.0
183	__protein3_rbs	11.6	0.0	0.0
183	__ribosome	30.8	0.0	0.0
183	__rnase_site_ext	18.4	0.0	0.0
183	p0	1.0	0.0	0.0
183	p2	0.6	0.0	0.0
183	protein1	383.6	7.0	1.993254
183	protein2	376.6	8.0	1.9848196
183	protein3	984.4	20.0	2.0192692
183	rnapol	1.0	0.0	0.0
184	__protein1_rbs	4.0	0.0	0.0
184	__protein2_rbs	4.6	0.0	0.0
184	__protein3_rbs	12.8	0.0	0.0
184	__ribosome	31.8	0.0	0.0
184	__rnase_site_ext	18.2	0.0	0.0
184	p0	1.0	0.0	0.0
184	p2	0.8	0.0	0.0
184	protein1	385.8	7.0	2.0948414
184	protein2	379.8	7.8	2.0877633999999996
184	protein3	993.0	20.0	1.9615806
184	rnapol	1.4	0.0	0.0
185	__protein1_rbs	4.6	0.0	0.0
185	__protein2_rbs	5.6	0.0	0.0
185	__protein3_rbs	10.2	0.0	0.0
185	__ribosome	31.4	0.0	0.0
185	__rnase_site_ext	18.4	0.0	0.0
185	p0	0.8	0.0	0.0
185	p2	0.2	0.0	0.0
185	protein1	388.8	7.0	1.9075398000000001
185	protein2	382.8	7.8	2.1606062
185	protein3	999.4	19.8	2.102251
185	rnapol	1.0	0.0	0.0
186	__protein1_rbs	4.0	0.0	0.0
186	__protein2_rbs	5.6	0.0	0.0
186	__protein3_rbs	12.2	0.0	0.0
186	__ribosome	31.4	0.0	0.0
186	__rnase_site_ext	18.4	0.0	0.0
186	p0	0.8	0.0	0.0
186	p2	0.4	0.0	0.0
186	protein1	391.2	6.8	2.1539683999999997
186	protein2	385.0	7.8	1.8923522000000002
186	protein3	1007.6	20.0	2.0484932
186	rnapol	0.8	0.0	0.0
187	__protein1_rbs	4.0	0.0	0.0
187	__protein2_rbs	4.8	0.0	0.0
187	__protein3_rbs	10.8	0.0	0.0
187	__ribosome	32.0	0.0	0.0
187	__rnase_site_ext	18.2	0.0	0.0
187	p0	1.0	0.0	0.0
187	p2	0.8	0.0	0.0
187	protein1	394.6	7.0	1.9761906000000002
187	protein2	388.2	7.8	1.8940838
187	protein3	1016.4	20.2	2.0384066
187	rnapol	0.6	0.0	0.0
188	__protein1_rbs	4.4	0.0	0.0
188	__protein2_rbs	4.4	0.0	0.0
188	__protein3_rbs	13.6	0.0	0.0
188	__ribosome	33.2	0.0	0.0
188	__rnase_site_ext	18.2	0.0	0.0
188	p0	1.0	0.0	0.0
188	p2	0.6	0.0	0.0
188	protein1	396.8	6.8	2.031746
188	protein2	391.6	7.6	2.1979800000000003
188	protein3	1024.4	20.0	1.9863026
188	rnapol	0.6	0.0	0.0
189	__protein1_rbs	3.6	0.0	0.0
189	__protein2_rbs	4.2	0.0	0.0
189	__protein3_rbs	12.2	0.0	0.0
189	__ribosome	32.4	0.0	0.0
189	__rnase_site_ext	18.2	0.0	0.0
189	p0	1.0	0.0	0.0
189	p2	0.8	0.0	0.0
189	protein1	400.0	7.0	1.9476192
189	protein2	394.2	7.6	2.2082254
189	protein3	1032.0	20.6	1.9261903999999999
189	rnapol	1.0	0.0	0.0
190	__protein1_rbs	4.2	0.0	0.0
190	__protein2_rbs	4.0	0.0	0.0
190	__protein3_rbs	12.4	0.0	0.0
190	__ribosome	32.4	0.0	0.0
190	__rnase_site_ext	18.4	0.0	0.0
190	p0	1.0	0.0	0.0
190	p2	0.6	0.0	0.0
190	protein1	402.2	6.8	2.0837301999999998
190	protein2	397.0	7.6	2.2803752
190	protein3	1040.0	20.4	1.8876608
190	rnapol	0.8	0.0	0.0
191	__protein1_rbs	3.4	0.0	0.0
191	__protein2_rbs	4.8	0.0	0.0
191	__protein3_rbs	11.8	0.0	0.0
191	__ribosome	32.2	0.0	0.0
191	__rnase_site_ext	18.2	0.0	0.0
191	p0	1.0	0.0	0.0
191	p2	1.0	0.0	0.0
191	protein1	405.2	6.8	2.0230158
191	protein2	400.0	7.6	2.1541126
191	protein3	1048.0	20.4	1.950504
191	rnapol	1.0	0.0	0.0
192	__protein1_rbs	4.0	0.0	0.0
192	__protein2_rbs	4.4	0.0	0.0
192	__protein3_rbs	12.0	0.0	0.0
192	__ribosome	33.2	0.0	0.0
192	__rnase_site_ext	18.4	0.0	0.0
192	p0	0.6	0.0	0.0
192	p2	1.0	0.0	0.0
192	protein1	408.0	6.8	2.0924602
192	protein2	402.6	7.4	2.1673016
192	protein3	1056.8	20.2	1.9242858000000005
192	rnapol	1.0	0.0	0.0
193	__protein1_rbs	4.2	0.0	0.0
193	__protein2_rbs	5.2	0.0	0.0
193	__protein3_rbs	10.4	0.0	0.0
193	__ribosome	31.2	0.0	0.0
193	__rnase_site_ext	18.6	0.0	0.0
193	p0	1.0	0.0	0.0
193	p2	1.0	0.0	0.0
193	protein1	411.0	7.0	1.9972222
193	protein2	404.8	7.2	2.2285714
193	protein3	1063.0	20.2	2.0330476
193	rnapol	1.0	0.0	0.0
194	__protein1_rbs	5.0	0.0	0.0
194	__protein2_rbs	4.2	0.0	0.0
194	__protein3_rbs	12.2	0.0	0.0
194	__ribosome	30.6	0.0	0.0
194	__rnase_site_ext	18.2	0.0	0.0
194	p0	1.0	0.0	0.0
194	p2	0.6	0.0	0.0
194	protein1	413.0	7.2	1.995238
194	protein2	408.2	7.2	2.185
194	protein3	1069.6	20.2	2.0827942
194	rnapol	1.2	0.0	0.0
195	__protein1_rbs	4.6	0.0	0.0
195	__protein2_rbs	4.8	0.0	0.0
195	__protein3_rbs	12.2	0.0	0.0
195	__ribosome	32.6	0.0	0.0
195	__rnase_site_ext	19.0	0.0	0.0
195	p0	0.8	0.0	0.0
195	p2	0.6	0.0	0.0
195	protein1	416.0	7.2	2.004762
195	protein2	412.2	7.6	1.8711112
195	protein3	1078.2	19.8	2.0331628000000004
195	rnapol	1.0	0.0	0.0
196	__protein1_rbs	4.2	0.0	0.0
196	__protein2_rbs	4.8	0.0	0.0
196	__protein3_rbs	11.4	0.0	0.0
196	__ribosome	32.0	0.0	0.0
196	__rnase_site_ext	19.0	0.0	0.0
196	p0	1.0	0.0	0.0
196	p2	1.0	0.0	0.0
196	protein1	418.4	7.2	2.0650793999999997
196	protein2	414.4	7.4	1.9555556
196	protein3	1086.0	19.6	2.035011
196	rnapol	1.2	0.0	0.0
197	__protein1_rbs	4.8	0.0	0.0
197	__protein2_rbs	4.6	0.0	0.0
197	__protein3_rbs	11.2	0.0	0.0
197	__ribosome	33.4	0.0	0.0
197	__rnase_site_ext	19.2	0.0	0.0
197	p0	0.8	0.0	0.0
197	p2	0.6	0.0	0.0
197	protein1	421.2	7.2	1.9472222
197	protein2	418.6	7.6	1.7571428
197	protein3	1094.2	19.8	2.0296974
197	rnapol	0.8	0.0	0.0
198	__protein1_rbs	4.6	0.0	0.0
198	__protein2_rbs	5.8	0.0	0.0
198	__protein3_rbs	12.4	0.0	0.0
198	__ribosome	34.0	0.0	0.0
198	__rnase_site_ext	19.4	0.0	0.0
198	p0	1.0	0.0	0.0
198	p2	0.8	0.0	0.0
198	protein1	424.2	7.0	1.895635
198	protein2	419.8	7.6	1.8230158
198	protein3	1102.2	20.2	1.9752152
198	rnapol	0.6	0.0	0.0
199	__protein1_rbs	3.4	0.0	0.0
199	__protein2_rbs	4.8	0.0	0.0
199	__protein3_rbs	12.0	0.0	0.0
199	__ribosome	32.6	0.0	0.0
199	__rnase_site_ext	18.4	0.0	0.0
199	p0	1.0	0.0	0.0
199	p2	0.8	0.0	0.0
199	protein1	426.8	7.0	2.0714286
199	protein2	422.0	7.6	1.8960316
199	protein3	1110.0	20.0	1.9893526
199	rnapol	1.0	0.0	0.0
200	__protein1_rbs	3.8	0.0	0.0
200	__protein2_rbs	4.4	0.0	0.0
200	__protein3_rbs	11.6	0.0	0.0
200	__ribosome	32.8	0.0	0.0
200	__rnase_site_ext	18.2	0.0	0.0
200	p0	1.0	0.0	0.0
200	p2	0.6	0.0	0.0
200	protein1	429.4	6.6	2.1630952000000003
200	protein2	425.6	8.0	1.8816668
200	protein3	1117.2	20.2	1.9512472
200	rnapol	1.0	0.0	0.0
201	__protein1_rbs	4.4	0.0	0.0
201	__protein2_rbs	4.2	0.0	0.0
201	__protein3_rbs	12.6	0.0	0.0
201	__ribosome	33.0	0.0	0.0
201	__rnase_site_ext	18.4	0.0	0.0
201	p0	1.0	0.0	0.0
201	p2	0.4	0.0	0.0
201	protein1	432.6	6.2	2.0738096
201	protein2	428.0	8.2	1.9655556
201	protein3	1125.0	20.6	1.909021
201	rnapol	0.6	0.0	0.0
202	__protein1_rbs	4.4	0.0	0.0
202	__protein2_rbs	4.8	0.0	0.0
202	__protein3_rbs	11.4	0.0	0.0
202	__ribosome	33.4	0.0	0.0
202	__rnase_site_ext	18.2	0.0	0.0
202	p0	1.0	0.0	0.0
202	p2	0.6	0.0	0.0
202	protein1	435.2	6.2	1.9404763999999999
202	protein2	431.8	8.0	1.9455556
202	protein3	1132.4	20.2	2.0101196000000003
202	rnapol	0.6	0.0	0.0
203	__protein1_rbs	3.4	0.0	0.0
203	__protein2_rbs	4.2	0.0	0.0
203	__protein3_rbs	12.2	0.0	0.0
203	__ribosome	30.2	0.0	0.0
203	__rnase_site_ext	17.8	0.0	0.0
203	p0	1.0	0.0	0.0
203	p2	1.0	0.0	0.0
203	protein1	437.4	6.2	2.0440478
203	protein2	433.6	7.6	2.2950793999999997
203	protein3	1139.8	20.4	2.0080586
203	rnapol	1.0	0.0	0.0
204	__protein1_rbs	4.0	0.0	0.0
204	__protein2_rbs	4.8	0.0	0.0
204	__protein3_rbs	11.4	0.0	0.0
204	__ribosome	31.6	0.0	0.0
204	__rnase_site_ext	17.8	0.0	0.0
204	p0	0.8	0.0	0.0
204	p2	0.4	0.0	0.0
204	protein1	440.6	6.2	1.8738096000000002
204	protein2	436.6	7.8	2.2007142
204	protein3	1148.4	20.2	2.0395558
204	rnapol	0.8	0.0	0.0
205	__protein1_rbs	4.2	0.0	0.0
205	__protein2_rbs	4.0	0.0	0.0
205	__protein3_rbs	11.2	0.0	0.0
205	__ribosome	29.6	0.0	0.0
205	__rnase_site_ext	18.0	0.0	0.0
205	p0	1.0	0.0	0.0
205	p2	0.4	0.0	0.0
205	protein1	443.0	6.0	1.8809526
205	protein2	439.6	7.6	2.3450794000000004
205	protein3	1155.0	20.6	2.0608198
205	rnapol	1.0	0.0	0.0
206	__protein1_rbs	3.8	0.0	0.0
206	__protein2_rbs	5.0	0.0	0.0
206	__protein3_rbs	13.6	0.0	0.0
206	__ribosome	31.6	0.0	0.0
206	__rnase_site_ext	17.4	0.0	0.0
206	p0	1.0	0.0	0.0
206	p2	0.8	0.0	0.0
206	protein1	445.8	6.4	1.7309526000000002
206	protein2	443.2	7.6	2.1649206000000003
206	protein3	1162.6	20.8	2.0360372
206	rnapol	1.2	0.0	0.0
207	__protein1_rbs	3.6	0.0	0.0
207	__protein2_rbs	4.4	0.0	0.0
207	__protein3_rbs	11.2	0.0	0.0
207	__ribosome	31.8	0.0	0.0
207	__rnase_site_ext	17.8	0.0	0.0
207	p0	0.6	0.0	0.0
207	p2	1.0	0.0	0.0
207	protein1	447.8	6.2	1.8416666000000002
207	protein2	446.6	7.8	2.135
207	protein3	1171.8	20.4	2.0631586
207	rnapol	1.0	0.0	0.0
208	__protein1_rbs	3.2	0.0	0.0
208	__protein2_rbs	5.2	0.0	0.0
208	__protein3_rbs	12.8	0.0	0.0
208	__ribosome	34.2	0.0	0.0
208	__rnase_site_ext	18.0	0.0	0.0
208	p0	1.0	0.0	0.0
208	p2	0.8	0.0	0.0
208	protein1	450.4	6.0	1.9119046
208	protein2	450.0	7.6	1.9665080000000001
208	protein3	1180.0	20.2	2.0632613999999996
208	rnapol	0.8	0.0	0.0
209	__protein1_rbs	3.8	0.0	0.0
209	__protein2_rbs	4.8	0.0	0.0
209	__protein3_rbs	12.6	0.0	0.0
209	__ribosome	34.4	0.0	0.0
209	__rnase_site_ext	17.4	0.0	0.0
209	p0	1.0	0.0	0.0
209	p2	0.8	0.0	0.0
209	protein1	452.2	6.4	1.8535714
209	protein2	453.4	7.6	1.960635
209	protein3	1187.8	20.2	1.997157
209	rnapol	1.0	0.0	0.0
210	__protein1_rbs	3.4	0.0	0.0
210	__protein2_rbs	3.8	0.0	0.0
210	__protein3_rbs	11.0	0.0	0.0
210	__ribosome	31.6	0.0	0.0
210	__rnase_site_ext	17.2	0.0	0.0
210	p0	1.0	0.0	0.0
210	p2	1.0	0.0	0.0
210	protein1	454.0	6.2	2.0869046
210	protein2	457.0	7.6	1.9114286
210	protein3	1195.4	20.2	2.0801666
210	rnapol	1.4	0.0	0.0
211	__protein1_rbs	4.2	0.0	0.0
211	__protein2_rbs	4.4	0.0	0.0
211	__protein3_rbs	11.2	0.0	0.0
211	__ribosome	31.2	0.0	0.0
211	__rnase_site_ext	17.2	0.0	0.0
211	p0	0.8	0.0	0.0
211	p2	0.6	0.0	0.0
211	protein1	456.2	6.2	2.0297618
211	protein2	458.8	7.4	2.1194444
211	protein3	1203.6	19.8	2.0662852000000003
211	rnapol	1.4	0.0	0.0
212	__protein1_rbs	3.8	0.0	0.0
212	__protein2_rbs	4.0	0.0	0.0
212	__protein3_rbs	12.0	0.0	0.0
212	__ribosome	33.6	0.0	0.0
212	__rnase_site_ext	17.2	0.0	0.0
212	p0	0.8	0.0	0.0
212	p2	0.6	0.0	0.0
212	protein1	458.8	6.4	1.9464286
212	protein2	462.2	7.4	2.0007936
212	protein3	1212.0	19.8	1.981963
212	rnapol	1.0	0.0	0.0
213	__protein1_rbs	4.2	0.0	0.0
213	__protein2_rbs	4.4	0.0	0.0
213	__protein3_rbs	11.0	0.0	0.0
213	__ribosome	30.2	0.0	0.0
213	__rnase_site_ext	17.8	0.0	0.0
213	p0	0.8	0.0	0.0
213	p2	1.0	0.0	0.0
213	protein1	461.4	6.4	1.95
213	protein2	464.4	7.4	2.2186508
213	protein3	1218.4	19.8	2.1168597999999994
213	rnapol	1.0	0.0	0.0
214	__protein1_rbs	4.8	0.0	0.0
214	__protein2_rbs	3.6	0.0	0.0
214	__protein3_rbs	13.0	0.0	0.0
214	__ribosome	32.6	0.0	0.0
214	__rnase_site_ext	17.6	0.0	0.0
214	p0	1.0	0.0	0.0
214	p2	1.0	0.0	0.0
214	protein1	463.8	6.8	1.8531744
214	protein2	467.6	7.2	2.3694444
214	protein3	1227.2	19.6	2.0208846
214	rnapol	1.4	0.0	0.0
215	__protein1_rbs	3.0	0.0	0.0
215	__protein2_rbs	4.0	0.0	0.0
215	__protein3_rbs	12.6	0.0	0.0
215	__ribosome	35.4	0.0	0.0
215	__rnase_site_ext	17.6	0.0	0.0
215	p0	1.0	0.0	0.0
215	p2	0.8	0.0	0.0
215	protein1	466.8	6.6	2.0476191999999998
215	protein2	471.2	7.0	2.331746
215	protein3	1236.6	20.0	1.876316
215	rnapol	1.4	0.0	0.0
216	__protein1_rbs	4.2	0.0	0.0
216	__protein2_rbs	3.8	0.0	0.0
216	__protein3_rbs	11.6	0.0	0.0
216	__ribosome	33.8	0.0	0.0
216	__rnase_site_ext	17.6	0.0	0.0
216	p0	1.0	0.0	0.0
216	p2	0.8	0.0	0.0
216	protein1	468.4	6.6	2.1555554
216	protein2	474.0	7.2	2.15
216	protein3	1244.0	19.8	1.9291668
216	rnapol	1.2	0.0	0.0
217	__protein1_rbs	4.0	0.0	0.0
217	__protein2_rbs	3.0	0.0	0.0
217	__protein3_rbs	11.8	0.0	0.0
217	__ribosome	33.4	0.0	0.0
217	__rnase_site_ext	18.0	0.0	0.0
217	p0	1.0	0.0	0.0
217	p2	0.8	0.0	0.0
217	protein1	471.8	6.6	1.9488096000000001
217	protein2	477.6	7.0	2.2214286000000003
217	protein3	1250.6	19.6	2.0227778
217	rnapol	1.0	0.0	0.0
218	__protein1_rbs	4.0	0.0	0.0
218	__protein2_rbs	3.2	0.0	0.0
218	__protein3_rbs	11.6	0.0	0.0
218	__ribosome	33.6	0.0	0.0
218	__rnase_site_ext	18.0	0.0	0.0
218	p0	1.0	0.0	0.0
218	p2	0.4	0.0	0.0
218	protein1	474.2	6.8	1.8678572
218	protein2	480.4	6.8	2.3678572
218	protein3	1259.0	19.6	1.9960772
218	rnapol	0.6	0.0	0.0
219	__protein1_rbs	3.6	0.0	0.0
219	__protein2_rbs	4.0	0.0	0.0
219	__protein3_rbs	12.6	0.0	0.0
219	__ribosome	34.0	0.0	0.0
219	__rnase_site_ext	17.8	0.0	0.0
219	p0	1.0	0.0	0.0
219	p2	0.8	0.0	0.0
219	protein1	476.4	6.8	2.088889
219	protein2	484.4	6.8	2.1142856
219	protein3	1266.0	19.6	1.9725636
219	rnapol	0.4	0.0	0.0
220	__protein1_rbs	4.2	0.0	0.0
220	__protein2_rbs	4.2	0.0	0.0
220	__protein3_rbs	12.2	0.0	0.0
220	__ribosome	33.4	0.0	0.0
220	__rnase_site_ext	17.4	0.0	0.0
220	p0	1.0	0.0	0.0
220	p2	1.0	0.0	0.0
220	protein1	479.0	6.4	2.1464286
220	protein2	487.0	7.0	2.175
220	protein3	1273.0	19.6	1.990591
220	rnapol	0.8	0.0	0.0
221	__protein1_rbs	4.2	0.0	0.0
221	__protein2_rbs	3.6	0.0	0.0
221	__protein3_rbs	11.8	0.0	0.0
221	__ribosome	33.0	0.0	0.0
221	__rnase_site_ext	17.2	0.0	0.0
221	p0	0.8	0.0	0.0
221	p2	0.6	0.0	0.0
221	protein1	481.6	6.2	2.1
221	protein2	490.0	7.0	2.2142858
221	protein3	1279.6	19.6	2.0347288
221	rnapol	0.8	0.0	0.0
222	__protein1_rbs	3.4	0.0	0.0
222	__protein2_rbs	4.6	0.0	0.0
222	__protein3_rbs	12.0	0.0	0.0
222	__ribosome	35.8	0.0	0.0
222	__rnase_site_ext	17.0	0.0	0.0
222	p0	1.0	0.0	0.0
222	p2	0.8	0.0	0.0
222	protein1	484.4	6.0	2.1309524
222	protein2	492.8	7.0	2.1420633999999996
222	protein3	1289.0	19.8	1.8825318
222	rnapol	0.8	0.0	0.0
223	__protein1_rbs	4.4	0.0	0.0
223	__protein2_rbs	3.6	0.0	0.0
223	__protein3_rbs	11.2	0.0	0.0
223	__ribosome	34.4	0.0	0.0
223	__rnase_site_ext	16.6	0.0	0.0
223	p0	0.8	0.0	0.0
223	p2	0.8	0.0	0.0
223	protein1	486.4	6.2	2.1142857999999998
223	protein2	496.8	7.0	2.109127
223	protein3	1295.0	19.8	1.974686
223	rnapol	0.6	0.0	0.0
224	__protein1_rbs	3.2	0.0	0.0
224	__protein2_rbs	3.6	0.0	0.0
224	__protein3_rbs	11.8	0.0	0.0
224	__ribosome	32.2	0.0	0.0
224	__rnase_site_ext	16.8	0.0	0.0
224	p0	1.0	0.0	0.0
224	p2	0.8	0.0	0.0
224	protein1	489.2	5.8	2.3530952000000003
224	protein2	498.8	7.2	2.2523807999999996
224	protein3	1302.0	19.8	2.0130434
224	rnapol	0.8	0.0	0.0
225	__protein1_rbs	4.6	0.0	0.0
225	__protein2_rbs	5.0	0.0	0.0
225	__protein3_rbs	11.4	0.0	0.0
225	__ribosome	33.8	0.0	0.0
225	__rnase_site_ext	16.6	0.0	0.0
225	p0	1.0	0.0	0.0
225	p2	1.0	0.0	0.0
225	protein1	491.8	6.0	2.1342856
225	protein2	501.8	7.2	2.1107142000000003
225	protein3	1310.4	19.8	2.0134916
225	rnapol	1.2	0.0	0.0
226	__protein1_rbs	3.8	0.0	0.0
226	__protein2_rbs	4.4	0.0	0.0
226	__protein3_rbs	12.2	0.0	0.0
226	__ribosome	34.4	0.0	0.0
226	__rnase_site_ext	17.0	0.0	0.0
226	p0	0.6	0.0	0.0
226	p2	0.2	0.0	0.0
226	protein1	494.6	6.0	1.940238
226	protein2	505.2	7.2	2.0535714
226	protein3	1317.8	19.4	2.1084207999999998
226	rnapol	0.8	0.0	0.0
227	__protein1_rbs	4.4	0.0	0.0
227	__protein2_rbs	4.0	0.0	0.0
227	__protein3_rbs	10.0	0.0	0.0
227	__ribosome	31.2	0.0	0.0
227	__rnase_site_ext	16.8	0.0	0.0
227	p0	1.0	0.0	0.0
227	p2	1.0	0.0	0.0
227	protein1	496.8	6.2	1.9109523999999998
227	protein2	508.0	7.4	2.1571428
227	protein3	1325.0	19.6	2.1969634
227	rnapol	1.2	0.0	0.0
228	__protein1_rbs	4.4	0.0	0.0
228	__protein2_rbs	4.8	0.0	0.0
228	__protein3_rbs	10.2	0.0	0.0
228	__ribosome	30.8	0.0	0.0
228	__rnase_site_ext	17.2	0.0	0.0
228	p0	1.0	0.0	0.0
228	p2	0.6	0.0	0.0
228	protein1	499.2	6.4	1.7100000000000002
228	protein2	510.8	7.4	2.1007142000000005
228	protein3	1332.2	19.2	2.340293
228	rnapol	0.8	0.0	0.0
229	__protein1_rbs	3.8	0.0	0.0
229	__protein2_rbs	6.2	0.0	0.0
229	__protein3_rbs	11.4	0.0	0.0
229	__ribosome	33.2	0.0	0.0
229	__rnase_site_ext	17.2	0.0	0.0
229	p0	1.0	0.0	0.0
229	p2	0.6	0.0	0.0
229	protein1	501.4	6.2	1.7778572
229	protein2	514.2	7.6	1.84
229	protein3	1340.0	19.4	2.2925098
229	rnapol	0.8	0.0	0.0
230	__protein1_rbs	4.8	0.0	0.0
230	__protein2_rbs	3.8	0.0	0.0
230	__protein3_rbs	11.6	0.0	0.0
230	__ribosome	33.0	0.0	0.0
230	__rnase_site_ext	17.0	0.0	0.0
230	p0	1.0	0.0	0.0
230	p2	0.8	0.0	0.0
230	protein1	503.2	6.2	1.6380952
230	protein2	516.2	7.4	2.2433334
230	protein3	1348.6	19.2	2.284812
230	rnapol	1.2	0.0	0.0
231	__protein1_rbs	2.8	0.0	0.0
231	__protein2_rbs	5.0	0.0	0.0
231	__protein3_rbs	11.0	0.0	0.0
231	__ribosome	35.0	0.0	0.0
231	__rnase_site_ext	17.0	0.0	0.0
231	p0	0.8	0.0	0.0
231	p2	0.6	0.0	0.0
231	protein1	505.4	6.2	1.7497619999999998
231	protein2	520.2	7.6	1.9181818
231	protein3	1358.2	19.4	2.171843
231	rnapol	0.8	0.0	0.0
232	__protein1_rbs	2.8	0.0	0.0
232	__protein2_rbs	3.6	0.0	0.0
232	__protein3_rbs	11.4	0.0	0.0
232	__ribosome	37.2	0.0	0.0
232	__rnase_site_ext	17.2	0.0	0.0
232	p0	1.0	0.0	0.0
232	p2	0.8	0.0	0.0
232	protein1	507.8	6.2	1.8183334
232	protein2	523.6	7.6	1.8628788
232	protein3	1367.0	19.0	2.0767486
232	rnapol	1.0	0.0	0.0
233	__protein1_rbs	4.6	0.0	0.0
233	__protein2_rbs	4.4	0.0	0.0
233	__protein3_rbs	10.4	0.0	0.0
233	__ribosome	35.8	0.0	0.0
233	__rnase_site_ext	17.2	0.0	0.0
233	p0	0.6	0.0	0.0
233	p2	0.8	0.0	0.0
233	protein1	509.2	6.4	1.8714286
233	protein2	525.8	7.4	1.9933334
233	protein3	1374.8	19.2	2.0686146
233	rnapol	0.6	0.0	0.0
234	__protein1_rbs	3.8	0.0	0.0
234	__protein2_rbs	4.4	0.0	0.0
234	__protein3_rbs	10.0	0.0	0.0
234	__ribosome	35.6	0.0	0.0
234	__rnase_site_ext	17.2	0.0	0.0
234	p0	1.0	0.0	0.0
234	p2	0.8	0.0	0.0
234	protein1	511.6	6.6	1.85
234	protein2	527.6	7.0	2.075
234	protein3	1383.8	19.2	2.0079292000000004
234	rnapol	0.8	0.0	0.0
235	__protein1_rbs	4.0	0.0	0.0
235	__protein2_rbs	5.4	0.0	0.0
235	__protein3_rbs	11.4	0.0	0.0
235	__ribosome	35.4	0.0	0.0
235	__rnase_site_ext	16.8	0.0	0.0
235	p0	1.0	0.0	0.0
235	p2	0.6	0.0	0.0
235	protein1	513.2	6.8	1.9311112
235	protein2	530.2	7.0	1.9210316
235	protein3	1390.0	18.8	2.1010246
235	rnapol	1.0	0.0	0.0
236	__protein1_rbs	4.2	0.0	0.0
236	__protein2_rbs	4.2	0.0	0.0
236	__protein3_rbs	11.6	0.0	0.0
236	__ribosome	35.8	0.0	0.0
236	__rnase_site_ext	16.8	0.0	0.0
236	p0	0.8	0.0	0.0
236	p2	0.6	0.0	0.0
236	protein1	516.0	6.6	2.0138887999999997
236	protein2	533.0	7.0	2.0011906
236	protein3	1397.8	18.8	2.0800082000000004
236	rnapol	1.2	0.0	0.0
237	__protein1_rbs	4.6	0.0	0.0
237	__protein2_rbs	4.4	0.0	0.0
237	__protein3_rbs	10.6	0.0	0.0
237	__ribosome	37.2	0.0	0.0
237	__rnase_site_ext	17.0	0.0	0.0
237	p0	1.0	0.0	0.0
237	p2	0.8	0.0	0.0
237	protein1	519.2	6.4	1.775
237	protein2	536.4	6.6	1.9166666
237	protein3	1405.0	19.0	2.1222424
237	rnapol	1.2	0.0	0.0
238	__protein1_rbs	4.6	0.0	0.0
238	__protein2_rbs	2.8	0.0	0.0
238	__protein3_rbs	11.4	0.0	0.0
238	__ribosome	36.8	0.0	0.0
238	__rnase_site_ext	17.4	0.0	0.0
238	p0	1.0	0.0	0.0
238	p2	0.4	0.0	0.0
238	protein1	521.0	6.4	1.7842858
238	protein2	539.0	6.6	2.1166668
238	protein3	1413.0	18.4	2.1301857999999996
238	rnapol	1.0	0.0	0.0
239	__protein1_rbs	3.6	0.0	0.0
239	__protein2_rbs	3.6	0.0	0.0
239	__protein3_rbs	11.2	0.0	0.0
239	__ribosome	37.6	0.0	0.0
239	__rnase_site_ext	17.4	0.0	0.0
239	p0	1.0	0.0	0.0
239	p2	0.8	0.0	0.0
239	protein1	523.6	6.4	1.8485714
239	protein2	541.4	6.6	2.2
239	protein3	1421.4	18.6	2.0258134
239	rnapol	1.0	0.0	0.0
240	__protein1_rbs	4.4	0.0	0.0
240	__protein2_rbs	3.4	0.0	0.0
240	__protein3_rbs	9.0	0.0	0.0
240	__ribosome	35.2	0.0	0.0
240	__rnase_site_ext	17.4	0.0	0.0
240	p0	1.0	0.0	0.0
240	p2	0.6	0.0	0.0
240	protein1	525.8	6.4	1.8064286
240	protein2	543.6	6.6	2.275
240	protein3	1428.2	18.8	2.0858216
240	rnapol	1.0	0.0	0.0
241	__protein1_rbs	4.0	0.0	0.0
241	__protein2_rbs	3.6	0.0	0.0
241	__protein3_rbs	10.8	0.0	0.0
241	__ribosome	33.2	0.0	0.0
241	__rnase_site_ext	17.6	0.0	0.0
241	p0	1.0	0.0	0.0
241	p2	1.0	0.0	0.0
241	protein1	528.2	6.4	1.8992858
241	protein2	546.4	6.6	2.26
241	protein3	1434.8	19.2	2.1314142
241	rnapol	1.0	0.0	0.0
242	__protein1_rbs	3.6	0.0	0.0
242	__protein2_rbs	3.6	0.0	0.0
242	__protein3_rbs	11.8	0.0	0.0
242	__ribosome	33.6	0.0	0.0
242	__rnase_site_ext	17.4	0.0	0.0
242	p0	1.0	0.0	0.0
242	p2	1.0	0.0	0.0
242	protein1	531.2	6.4	1.9071428
242	protein2	548.2	7.0	2.3155556
242	protein3	1442.6	19.4	2.0645374
242	rnapol	1.2	0.0	0.0
243	__protein1_rbs	3.6	0.0	0.0
243	__protein2_rbs	3.6	0.0	0.0
243	__protein3_rbs	12.6	0.0	0.0
243	__ribosome	33.2	0.0	0.0
243	__rnase_site_ext	17.4	0.0	0.0
243	p0	1.0	0.0	0.0
243	p2	0.8	0.0	0.0
243	protein1	533.0	6.2	1.9492858
243	protein2	551.8	7.0	2.2866666
243	protein3	1449.0	19.2	2.0942741999999996
243	rnapol	1.0	0.0	0.0
244	__protein1_rbs	2.6	0.0	0.0
244	__protein2_rbs	4.4	0.0	0.0
244	__protein3_rbs	11.8	0.0	0.0
244	__ribosome	34.0	0.0	0.0
244	__rnase_site_ext	17.6	0.0	0.0
244	p0	1.0	0.0	0.0
244	p2	0.6	0.0	0.0
244	protein1	535.2	6.2	2.1457142
244	protein2	555.0	7.0	2.15
244	protein3	1457.6	19.6	1.9854864000000003
244	rnapol	1.0	0.0	0.0
245	__protein1_rbs	3.8	0.0	0.0
245	__protein2_rbs	4.2	0.0	0.0
245	__protein3_rbs	12.4	0.0	0.0
245	__ribosome	36.6	0.0	0.0
245	__rnase_site_ext	17.8	0.0	0.0
245	p0	1.0	0.0	0.0
245	p2	0.4	0.0	0.0
245	protein1	537.6	6.2	2.1614286
245	protein2	558.2	7.0	2.063889
245	protein3	1466.2	19.6	1.8930711999999998
245	rnapol	1.0	0.0	0.0
246	__protein1_rbs	3.8	0.0	0.0
246	__protein2_rbs	3.8	0.0	0.0
246	__protein3_rbs	9.0	0.0	0.0
246	__ribosome	35.0	0.0	0.0
246	__rnase_site_ext	17.8	0.0	0.0
246	p0	1.0	0.0	0.0
246	p2	0.6	0.0	0.0
246	protein1	540.6	6.2	2.0578572
246	protein2	560.8	7.0	2.1305556
246	protein3	1473.6	19.2	2.0192721999999996
246	rnapol	1.4	0.0	0.0
247	__protein1_rbs	3.8	0.0	0.0
247	__protein2_rbs	4.2	0.0	0.0
247	__protein3_rbs	11.8	0.0	0.0
247	__ribosome	36.2	0.0	0.0
247	__rnase_site_ext	18.0	0.0	0.0
247	p0	0.8	0.0	0.0
247	p2	0.6	0.0	0.0
247	protein1	542.6	5.8	2.1333333999999997
247	protein2	563.6	7.0	2.1527778
247	protein3	1481.6	19.6	1.9297064
247	rnapol	1.0	0.0	0.0
248	__protein1_rbs	3.2	0.0	0.0
248	__protein2_rbs	4.4	0.0	0.0
248	__protein3_rbs	9.4	0.0	0.0
248	__ribosome	33.4	0.0	0.0
248	__rnase_site_ext	18.4	0.0	0.0
248	p0	1.0	0.0	0.0
248	p2	0.8	0.0	0.0
248	protein1	544.8	5.8	2.2630952
248	protein2	567.2	7.0	1.8888888
248	protein3	1487.8	19.6	2.1235162
248	rnapol	1.0	0.0	0.0
249	__protein1_rbs	3.8	0.0	0.0
249	__protein2_rbs	5.0	0.0	0.0
249	__protein3_rbs	12.2	0.0	0.0
249	__ribosome	34.0	0.0	0.0
249	__rnase_site_ext	18.6	0.0	0.0
249	p0	0.8	0.0	0.0
249	p2	0.6	0.0	0.0
249	protein1	547.8	6.2	1.9657142
249	protein2	570.2	7.0	1.7777777999999995
249	protein3	1494.2	19.6	2.1474465999999994
249	rnapol	1.2	0.0	0.0
250	__protein1_rbs	3.8	0.0	0.0
250	__protein2_rbs	3.6	0.0	0.0
250	__protein3_rbs	11.0	0.0	0.0
250	__ribosome	31.8	0.0	0.0
250	__rnase_site_ext	18.4	0.0	0.0
250	p0	1.0	0.0	0.0
250	p2	1.0	0.0	0.0
250	protein1	550.4	6.2	1.9923808
250	protein2	572.2	7.0	2.0444444
250	protein3	1501.6	19.8	2.161772
250	rnapol	1.2	0.0	0.0
